,R513A_UNIT,R513A_UNIT,R513A_UNIT,R513A_UNIT,R513A_UNIT,R513A_UNIT,R513A_UNIT,R513A_UNIT,R513A_UNIT,R513A_UNIT,R513A_UNIT,R513A_UNIT,R513A_UNIT,R513A_UNIT,R513A_UNIT,R513A_UNIT,R513A_UNIT,R513A_UNIT,R513A_UNIT,R513A_UNIT,R513A_UNIT,R513A_UNIT,R513A_UNIT,R513A_UNIT,R513A_UNIT,R513A_UNIT,R513A_UNIT,R513A_UNIT,R513A_UNIT,R513A_UNIT,R513A_UNIT,R513A_UNIT,R513A_UNIT,R513A_UNIT,R513A_UNIT,R513A_UNIT,R513A_UNIT,R513A_UNIT,R513A_UNIT,R513A_UNIT,R513A_UNIT,R513A_UNIT,R513A_UNIT,R513A_UNIT,R513A_UNIT,R513A_UNIT,R513A_UNIT,R513A_UNIT,R513A_UNIT,R513A_UNIT,R513A_UNIT,R513A_UNIT,R513A_UNIT,R513A_UNIT,R513A_UNIT,R513A_UNIT,R513A_UNIT,R513A_UNIT,R513A_UNIT,R513A_UNIT,R513A_UNIT,R513A_UNIT,R513A_UNIT,R513A_UNIT,R513A_UNIT,R513A_UNIT,R513A_UNIT,R513A_UNIT,R513A_UNIT,R513A_UNIT,R513A_UNIT,R513A_UNIT,R513A_UNIT,R513A_UNIT,R513A_UNIT,R513A_UNIT,R513A_UNIT,R513A_UNIT,R513A_UNIT,R513A_UNIT,R513A_UNIT,R513A_UNIT,R513A_UNIT,R513A_UNIT,R513A_UNIT,R513A_UNIT,R513A_UNIT,R513A_UNIT,R513A_UNIT,R513A_UNIT,R513A_UNIT,R513A_UNIT,R513A_UNIT,R513A_UNIT,R513A_UNIT,R513A_UNIT,R513A_UNIT,R513A_UNIT,R513A_UNIT,R513A_UNIT,R513A_UNIT,R513A_UNIT,R513A_UNIT,R513A_UNIT,R513A_UNIT,R513A_UNIT,R513A_UNIT,R513A_UNIT,R513A_UNIT,R513A_UNIT,R513A_UNIT,R513A_UNIT,R513A_UNIT,R513A_UNIT,R513A_UNIT,R513A_UNIT,R513A_UNIT,R513A_UNIT,R513A_UNIT,R513A_UNIT,R513A_UNIT,R513A_UNIT,R513A_UNIT,R513A_UNIT,R513A_UNIT,LOGGER,LOGGER,LOGGER,LOGGER,LOGGER,LOGGER,LOGGER,LOGGER,LOGGER,LOGGER,LOGGER,LOGGER,LOGGER,LOGGER,LOGGER,LOGGER,LOGGER,LOGGER,LOGGER,LOGGER,LOGGER,LOGGER,LOGGER,LOGGER,LOGGER,LOGGER,LOGGER,LOGGER,LOGGER,LOGGER,LOGGER,LOGGER,LOGGER,LOGGER,LOGGER,LOGGER,LOGGER,LOGGER,LOGGER,LOGGER,LOGGER,LOGGER,LOGGER,LOGGER,LOGGER,LOGGER,LOGGER,LOGGER,LOGGER,LOGGER,LOGGER,LOGGER,LOGGER,LOGGER,LOGGER,LOGGER,LOGGER,LOGGER,LOGGER,LOGGER,LOGGER,LOGGER,LOGGER,LOGGER,LOGGER,LOGGER,LOGGER,LOGGER,LOGGER,LOGGER,LOGGER,LOGGER,LOGGER,LOGGER,LOGGER,LOGGER,LOGGER,LOGGER,LOGGER,LOGGER,LOGGER,LOGGER,LOGGER,LOGGER,LOGGER,LOGGER,LOGGER,LOGGER,LOGGER,LOGGER,LOGGER,LOGGER,LOGGER,LOGGER,LOGGER,LOGGER,LOGGER,LOGGER,LOGGER,LOGGER,LOGGER,LOGGER,LOGGER,LOGGER,LOGGER,LOGGER,LOGGER,LOGGER,LOGGER,LOGGER,LOGGER,LOGGER,LOGGER,LOGGER,LOGGER,LOGGER,LOGGER,LOGGER,LOGGER,LOGGER,LOGGER,LOGGER,LOGGER,LOGGER,LOGGER,LOGGER,LOGGER,LOGGER,LOGGER,LOGGER,LOGGER,LOGGER,LOGGER,LOGGER,LOGGER,LOGGER,LOGGER,LOGGER,LOGGER,LOGGER,LOGGER,LOGGER,LOGGER,LOGGER,LOGGER,LOGGER,TEST_STATION,TEST_STATION,TEST_STATION,TEST_STATION,TEST_STATION,TEST_STATION,TEST_STATION,TEST_STATION,TEST_STATION,TEST_STATION,TEST_STATION,TEST_STATION,TEST_STATION,TEST_STATION,TEST_STATION,TEST_STATION,TEST_STATION,TEST_STATION,TEST_STATION,TEST_STATION,TEST_STATION,TEST_STATION,TEST_STATION,TEST_STATION,TEST_STATION,TEST_STATION,TEST_STATION,TEST_STATION,TEST_STATION,TEST_STATION,TEST_STATION,TEST_STATION,TEST_STATION,TEST_STATION,TEST_STATION,TEST_STATION,TEST_STATION,TEST_STATION,TEST_STATION,TEST_STATION,TEST_STATION,TEST_STATION,TEST_STATION,TEST_STATION,TEST_STATION,TEST_STATION,TEST_STATION,TEST_STATION,TEST_STATION,TEST_STATION,TEST_STATION,TEST_STATION,TEST_STATION,TEST_STATION,TEST_STATION,TEST_STATION,TEST_STATION,TEST_STATION,TEST_STATION,TEST_STATION,TEST_STATION,TEST_STATION,TEST_STATION,TEST_STATION,TEST_STATION,TEST_STATION,TEST_STATION,CHAMBER,CHAMBER,CHAMBER,CHAMBER,CHAMBER,CHAMBER,CHAMBER,CHAMBER,CHAMBER,CHAMBER,CHAMBER,CHAMBER,CHAMBER,CHAMBER,CHAMBER,CHAMBER,CHAMBER,CHAMBER,CHAMBER,CHAMBER,CHAMBER,CHAMBER,CHAMBER,CHAMBER,CHAMBER,CHAMBER,CHAMBER,CHAMBER,CHAMBER,CHAMBER,CHAMBER,CHAMBER,CHAMBER,CHAMBER,CHAMBER,CHAMBER,CHAMBER,CHAMBER,CHAMBER,CHAMBER,CHAMBER
TIME,Cycle_Status,Unit_SN,Heat_Call,Defrost,Alarm_Register_1,Alarm_Register_2,Alarm_Register_3,AMB_Fahr_W,Cond_LWT_Fahr_W,Cond_EWT_Fahr_W,Cond_Flow_F,Evap1_Fahr_W,Evap2_Fahr_W,Cold_Sensor_Fahr_W,Warm_Sensor_Fahr_W,SLT_Fahr_W,SH_F,DLP_W,SLP_W,Flow_Percent_Set_W,VFP_Head_ft_F,Circ_Pump_Output,Evap_Flow_Output,LLSV_Output,Comp_Output,HGBV_Output,AOTS,Remote_Enable,Comp_Feedback,MMP_Aux,Voltage_Monitor,O.P.S.S.,F.C._Aux,Evap_Flow,Pan_Sensor,Damper_Switch,TT_High,TT_ODR,Cond_Heat_Output,Defrost_Heat_Output,Pan_Heat_Output,PD_ctl,SP_HC_Cut_In,EWT_Block,MP_HC_Cut_In,MP_HC_Cut_Out,BMS_Heat_Call,MCP6_HC_Rgstr,Master_Comm_Status,Member_Unit_Status,MCPLA_HeatCall,mqtt_member_status,Cond_Flow_Verif,Flow_Valve_Verif,PID_Start,Pump_OFF_Delay,HGBV_Max,Post_HGBV_Fan,Defrost_Enable,VFP_Setpoint_W,Hardware_IO_Map_W,K2_EEV_POS,Tank_Storage_Temp,Demand_Diff,Cold_Sensor_Cut_In_F,Hot_Sensor_Cut_In_F,Cond_LWT_Input_F,Startup_GPM_F,CFlow_Low_Limit_F,Start_Valve_Pos_F,Min_Valve_Pos_F,Defrost_Cut_In_F,Defrost_Cut_Out_F,HGBV_PSIG_Cut_In_F,HGBV_PSIG_Cut_Out_F,Freeze_Po_1_Cut_In,Freeze_Po_1_Cut_Out,Freeze_Pro_2_Cut_In,Freeze_Pro_2_Cut_Out,WS_FrzPro2_Cut_In,WS_FrzPro2_Cut_Out,Purge_Cut_Out_Fahr_F,Kp_Input,Ki_Input,Kd_Input,PID_Start_Diff_F,Pump_Delay_Time,Max_Pump_Duration,CFlow_VerifFail_Time,Manual_EvapFlow_TIME,EFlow_VerifFail_Time,Defr_Cut_In_Delay_W,Def_Enable_Time_W,Def_Max_Dur_Time_W,Post_Def_Fan_Time_W,HGBV_Duration_W,PostHGBVFan_Time_W,Max_Purge_Time,SinglePass_Config,Glycol_Source_Config,CWP_Config,K2_Config,Standby_Valve_Pos,HGBV_Defrost_Enable,HGBV_Disable,Unit_Model,Pump_Down_PSIG_F,Amb_Range_LOW,InitSV_Max_F,SrcTemp_SwitchTemp_F,EWT_Cut_Out_F,Demand_Mode,Unit_number,StaticIP_Status,ODR_LWT_Min_F,ODR_LWT_Max_F,ODR_Amb_Min_F,ODR_Amb_Max_F,HPB_WWSD_F,Password_Lock,Dev_psswrd_Lock,Service_Lock,Manual_Ctl_Status_W,Ducted_Config,Fans_Adj_Input_F,EWT_float,LWT_float,dT_float,GPM_float,Capacity,KW_float,KWX3412_float,COP,VFD_Hz_W,CompVFD_ErrorCode,CompVFD_Status,GPMXdT,VFD_Hz_Setpoint_W,FlowValve_FB%,FlowValve_SetPont,GPM_ps_1X10_float,GPM_ps_2X100_float,GPM_ps_1_float,GPM_ps_2_float,Amb_unit,VFP_ctl_Word_1_W,VFP_Ctl_Mode_W,VFP_Operation_Mode_W,VFP_Ctl_Setpoint_W,Fans_Spd_Disp_F,VFP_Status_Word_1_W,VFP_ProcFB_Status_W,VFP_CtlMode_Status_W,VFP_OpMode_Status_W,VFP_Alarm_Code_W,VFP_Warning_Code_W,VFP_Head_W,VFP_Flow_W,VFP_Performance_W,VFP_Speed_W,VFP_Freq_W,VFP_Dig_Inputs_W,VFP_Dig_Outputs_W,VFP_Pwr_Lo_W,VFP_RemoteFlow_W,VFP_InletPress_W,VFP_RemotePress1_W,VFP_FeedTankLvl_W,VFP_PwrEleTemp_W,VFP_MotorTemp_W,VFP_RemoteTemp1_W,VFP_EleTemp_W,VFP_LiquidTemp_W,CMRC_Alarm_1,CMRC_Alarm_2,CMRC_Alarm_3,CMRC_Alarm_4,CMRC_Alarm_5,CMRC_Alarm_6,CMRC_Alarm_7,CMRC_Alarm_8,CMRC_Alarm_9,CMRC_Alarm_10,K2_SuperHeat,K2_SLP,K2_SatT,K2_SLT,K2_NA1,K2_EEV_POS,K2_DLT,K2_Relay,K2_Alarm,K2_System,K2_Firm,VFP_head_F_feet,GPM_vfp,VFP_SetPoint_F,EWT_Raw,LWT_Raw,LLT_Raw,DLT_Raw,GPM_prosense_1X10,GPM_prosense_2X100,Temp_prosense_1,Temp_prosense_2,LLP,Water_Pressure_Out,LLT_Raw_C270,DLT_Raw_C270,SourceWater_EWT_C270,SourceWater_LWT_C270,Tekmar_Loop_LWT_C270,Compressor_head_Temp,LWT_SM_3_Raw,Compressor_head_X10,Compressor_head_F,EWT_Float,LWT_Float,LLT_Float,DLT_Float,LLP_SM_I_Float,LWT_SM_I_Float,LWT_SM_2_Float,LWT_SM_3_Float,AIR_TEMP_F_FL_ub,RH_FL,RH_FL_UB,EWT_Thermowell_ANSI,LWT_Thermowell_ANSI,LLT,DLT,EWT_SM_Internal,LWT_SM_Internal,LWT_SM_2,LWT_SM_3,DLP_Word,Ambient_air_temp,RH,DefrostCutOut,DefrostDelayTimer,DefrostMaxDurTimer,DefrostEnableTimer,DefrostEnableTC,LWTSet,Voltage_monitor,AlarmReg_1,AlarmReg_2,AlarmReg_3,PhAVolt_C90,PhAAmps_C90,PhBVolt_C90,PhBAmp_C90,PhCVolt_C90,PhCAmp_C90,TruPwr3Ph_C90,ReacPwr3Ph_C90,AprntPwr3Ph_C90,NetEnergy_C90,UnsignedEnergy_C90,PositiveEng_C90,NegativeEng_C90,NetReactiveEng_C90,NetApparentEng_C90,PowFac3ph_C90,PSIG_Table_START,SSLT_Table_START,Fist_Match_LLP_W,x2_LLP_First_Match_D,SLLT_Lookup_I,SLLT_F,SubCooling_F,CondFlowLoss_Fault,HotTankT_lo,HotTankT_hi,Cooler_EWT_lo,Cooler_EWT_hi,Cooler_LWT_lo,Cooler_LWT_hi,CoolFlowRt_lo,CoolFlowRt_hi,HW_Pump_set,HTank_cutIn,HTank_cutOut,ChillerFanPercent,ColdTankT_lo,ColdTankT_hi,EvapHeadrRetT_lo,EvapHeadrRetT_hi,EvapHeadrSupT_lo,EvapHeadrSupT_hi,Evap_Pump_set,CTank_cutIn,CTank_cutOut,HeatingEnable,Cond_hd_Sply,condReturnT_hi,EvapHeadrFlowIn_l,EvapHeadrFlowIn_h,CoolerFanFreq,condPumpFreq,evapPumpFreq_l,evapPumpFreq_h,AMTemp_low,AMTemp_high,Cooling_Cap,AMB_RH,HTank_cutIn_F,SupplyHeaderInletR,SupplyHeaderInletS,ReturnHeaderOutletR,ReturnHeaderOutletS,BoilerControlVR,BoilerControlVS,HotTankR,HotTankS,FluidCoolerInletR,FluidCoolerInletS,FluidCoolerOutletR,FluidCoolerOutletS,EvapInletR,EvapInletS,EvapOutletR,EvapOutletS,ColdTankR,ColdTankS,AuxTempRaw,HeatedTank_Float,SourceTank_Float,AuxTmpFlot,AuxTmpScld,TempC1,TempC1_ub,TempF,RH1,ABS_H1,DPC1,DPF1,MR1,Amb_temp_set_epic_F,RH_set_epic_F,Hum_manual_override,TempF1,RH1,ABS_H1,DPF1,TempF2,RH2,ABS_H2,DPF2,TempF3,RH3,DPC3,DPF3,TempF4,RH4,ABS_H4,DPF4,FloorTC,K2_SUP1_In,K2_SLP1_In,K2_ET1_In,K2_SAT1_In,K2_RT1_In,K2_ValvePos1_In,K2_AUX1a_In,K2_RLY1,K2_Alarm1,K2_System1,K2_Firmware1,K2_AUX1b_In,K2_SLP2_In,K2_ET2_In,TempC1,TempF,RH1,ABS_H1,DPC1,DPF1,MR1
2026-09-10T21:00:00,ERR,ERR,ERR,ERR,ERR,ERR,ERR,ERR,ERR,ERR,ERR,ERR,ERR,ERR,ERR,ERR,ERR,ERR,ERR,ERR,ERR,ERR,ERR,ERR,ERR,ERR,ERR,ERR,ERR,ERR,ERR,ERR,ERR,ERR,ERR,ERR,ERR,ERR,ERR,ERR,ERR,ERR,ERR,ERR,ERR,ERR,ERR,ERR,ERR,ERR,ERR,ERR,ERR,ERR,ERR,ERR,ERR,ERR,ERR,ERR,ERR,ERR,ERR,ERR,ERR,ERR,ERR,ERR,ERR,ERR,ERR,ERR,ERR,ERR,ERR,ERR,ERR,ERR,ERR,ERR,ERR,ERR,ERR,ERR,ERR,ERR,ERR,ERR,ERR,ERR,ERR,ERR,ERR,ERR,ERR,ERR,ERR,ERR,ERR,ERR,ERR,ERR,ERR,ERR,ERR,ERR,ERR,ERR,ERR,ERR,ERR,ERR,ERR,ERR,ERR,ERR,ERR,ERR,ERR,ERR,ERR,ERR,ERR,ERR,ERR,0.0,-0.0,0.0,0.0,0.0,1.3936040501711995e+18,7.805,0.0,0,0,4,0,7116,0.0,100,0.0,0.0,0.0,0.0,0.0,0,0,0,0,0.0,0,0,0,0,0,0,0,0,0,0,0,0,0,0,0,0,0,0,0,0,0,0,0,0,0,0,0,0,0,0,0,0,0,31,40,40,71,65476,0,300,0,0,8,21553,0.0,-107605600.0,0.0,0.0,0.0,0.0,0.0,0.0,0.0,0.0,0.0,0.0,0.0,0.0,0.0,0.0,0.0,0.0,0.0,0.0,0.0,0.0,-2.004,-2.004,-2.004,-2.004,0.0,0.0,0.0,0.0,4478.0,0.0,6915.0,0.0,-0.0,2.718424976836509e+23,-107615288.0,0.0,0.0,0.0,0.0,69,0.0,0.0,0.0,0.0,0.0,0.0,0.0,0.0,0.0,0,0,0,0.0,0.0,0.0,0.0,0.0,0.0,0.0,0.0,0.0,0.0,0.0,0.0,0.0,0.0,0.0,0.0,0,-107875648.0,69,0.0,138,0.0,-0.0,0,39322,17087,13107,17105,39322,17083,0,0,0,70,68,100,-0.0,82.2,2.730238639235042e+23,78.9,-107615472.0,79.0,1,49,50,180,13107,39322,0,0,0.0,0.0,0.0,0.0,-0.0,67.0,0.0,162057.094,0.0,986,0,1018,0,0,0,958,0,1046,0,938,0,794,0,787,0,823,0,7520,0.032,1.9484373427855714e+20,0.0,0.0,784,16797,-0.0,162057.094,-114818.039,-0.0,0.133,6.909358625270745e+28,30.0,70.0,35,0.0,0.0,0.0,0.0,0.0,0.0,0.0,0.0,0.0,0.0,0.0,0.0,0.0,0.0,0.0,0.0,66.4,0,150,71,52,65476,0,300,0,0,8,20529,65476,0,0,44564,70.0,0.0,0.0,0.0,0.0,0.0
2026-09-10T21:00:01,ERR,ERR,ERR,ERR,ERR,ERR,ERR,ERR,ERR,ERR,ERR,ERR,ERR,ERR,ERR,ERR,ERR,ERR,ERR,ERR,ERR,ERR,ERR,ERR,ERR,ERR,ERR,ERR,ERR,ERR,ERR,ERR,ERR,ERR,ERR,ERR,ERR,ERR,ERR,ERR,ERR,ERR,ERR,ERR,ERR,ERR,ERR,ERR,ERR,ERR,ERR,ERR,ERR,ERR,ERR,ERR,ERR,ERR,ERR,ERR,ERR,ERR,ERR,ERR,ERR,ERR,ERR,ERR,ERR,ERR,ERR,ERR,ERR,ERR,ERR,ERR,ERR,ERR,ERR,ERR,ERR,ERR,ERR,ERR,ERR,ERR,ERR,ERR,ERR,ERR,ERR,ERR,ERR,ERR,ERR,ERR,ERR,ERR,ERR,ERR,ERR,ERR,ERR,ERR,ERR,ERR,ERR,ERR,ERR,ERR,ERR,ERR,ERR,ERR,ERR,ERR,ERR,ERR,ERR,ERR,ERR,ERR,ERR,ERR,ERR,0.0,-0.0,0.0,0.0,0.0,1.3936040501711995e+18,7.805,0.0,0,0,4,0,7116,0.0,100,0.0,0.0,0.0,0.0,0.0,0,0,0,0,0.0,0,0,0,0,0,0,0,0,0,0,0,0,0,0,0,0,0,0,0,0,0,0,0,0,0,0,0,0,0,0,0,0,0,31,40,40,71,65476,0,300,0,0,8,21553,0.0,-107605600.0,0.0,0.0,0.0,0.0,0.0,0.0,0.0,0.0,0.0,0.0,0.0,0.0,0.0,0.0,0.0,0.0,0.0,0.0,0.0,0.0,-2.004,-2.004,-2.004,-2.004,0.0,0.0,0.0,0.0,4478.0,0.0,6915.0,0.0,-0.0,2.718424976836509e+23,-107615288.0,0.0,0.0,0.0,0.0,69,0.0,0.0,0.0,0.0,0.0,0.0,0.0,0.0,0.0,0,0,0,0.0,0.0,0.0,0.0,0.0,0.0,0.0,0.0,0.0,0.0,0.0,0.0,0.0,0.0,0.0,0.0,0,-107875648.0,69,0.0,138,0.0,-0.0,0,39322,17087,13107,17105,39322,17083,0,0,0,70,68,100,-0.0,82.2,2.730238639235042e+23,78.9,-107615472.0,79.0,1,49,50,180,13107,39322,0,0,0.0,0.0,0.0,0.0,-0.0,67.0,0.0,162057.094,0.0,986,0,1018,0,0,0,958,0,1046,0,938,0,794,0,787,0,823,0,7520,0.032,1.9484373427855714e+20,0.0,0.0,784,16797,-0.0,162057.094,-114818.039,-0.0,0.133,6.909358625270745e+28,30.0,70.0,35,0.0,0.0,0.0,0.0,0.0,0.0,0.0,0.0,0.0,0.0,0.0,0.0,0.0,0.0,0.0,0.0,66.4,0,150,71,52,65476,0,300,0,0,8,20529,65476,0,0,44564,70.0,0.0,0.0,0.0,0.0,0.0
2026-09-10T21:00:02,ERR,ERR,ERR,ERR,ERR,ERR,ERR,ERR,ERR,ERR,ERR,ERR,ERR,ERR,ERR,ERR,ERR,ERR,ERR,ERR,ERR,ERR,ERR,ERR,ERR,ERR,ERR,ERR,ERR,ERR,ERR,ERR,ERR,ERR,ERR,ERR,ERR,ERR,ERR,ERR,ERR,ERR,ERR,ERR,ERR,ERR,ERR,ERR,ERR,ERR,ERR,ERR,ERR,ERR,ERR,ERR,ERR,ERR,ERR,ERR,ERR,ERR,ERR,ERR,ERR,ERR,ERR,ERR,ERR,ERR,ERR,ERR,ERR,ERR,ERR,ERR,ERR,ERR,ERR,ERR,ERR,ERR,ERR,ERR,ERR,ERR,ERR,ERR,ERR,ERR,ERR,ERR,ERR,ERR,ERR,ERR,ERR,ERR,ERR,ERR,ERR,ERR,ERR,ERR,ERR,ERR,ERR,ERR,ERR,ERR,ERR,ERR,ERR,ERR,ERR,ERR,ERR,ERR,ERR,ERR,ERR,ERR,ERR,ERR,ERR,0.0,-0.0,0.0,0.0,0.0,1.3936040501711995e+18,7.805,0.0,0,0,4,0,7116,0.0,100,0.0,0.0,0.0,0.0,0.0,0,0,0,0,0.0,0,0,0,0,0,0,0,0,0,0,0,0,0,0,0,0,0,0,0,0,0,0,0,0,0,0,0,0,0,0,0,0,0,31,40,40,71,65476,0,300,0,0,8,21553,0.0,-107605600.0,0.0,0.0,0.0,0.0,0.0,0.0,0.0,0.0,0.0,0.0,0.0,0.0,0.0,0.0,0.0,0.0,0.0,0.0,0.0,0.0,-2.004,-2.004,-2.004,-2.004,0.0,0.0,0.0,0.0,4478.0,0.0,6915.0,0.0,-0.0,2.718424976836509e+23,-107615288.0,0.0,0.0,0.0,0.0,69,0.0,0.0,0.0,0.0,0.0,0.0,0.0,0.0,0.0,0,0,0,0.0,0.0,0.0,0.0,0.0,0.0,0.0,0.0,0.0,0.0,0.0,0.0,0.0,0.0,0.0,0.0,0,-107875648.0,69,0.0,138,0.0,-0.0,0,39322,17087,13107,17105,39322,17083,0,0,0,70,68,100,-0.0,82.2,2.730238639235042e+23,78.9,-107615472.0,79.0,1,49,50,180,13107,39322,0,0,0.0,0.0,0.0,0.0,-0.0,67.0,0.0,162057.094,0.0,986,0,1018,0,0,0,958,0,1046,0,938,0,794,0,787,0,823,0,7520,0.032,1.9484373427855714e+20,0.0,0.0,784,16797,-0.0,162057.094,-114818.039,-0.0,0.133,6.909358625270745e+28,30.0,70.0,35,0.0,0.0,0.0,0.0,0.0,0.0,0.0,0.0,0.0,0.0,0.0,0.0,0.0,0.0,0.0,0.0,66.4,0,150,71,52,65476,0,300,0,0,8,20529,65476,0,0,44564,70.0,0.0,0.0,0.0,0.0,0.0
2026-09-10T21:00:03,ERR,ERR,ERR,ERR,ERR,ERR,ERR,ERR,ERR,ERR,ERR,ERR,ERR,ERR,ERR,ERR,ERR,ERR,ERR,ERR,ERR,ERR,ERR,ERR,ERR,ERR,ERR,ERR,ERR,ERR,ERR,ERR,ERR,ERR,ERR,ERR,ERR,ERR,ERR,ERR,ERR,ERR,ERR,ERR,ERR,ERR,ERR,ERR,ERR,ERR,ERR,ERR,ERR,ERR,ERR,ERR,ERR,ERR,ERR,ERR,ERR,ERR,ERR,ERR,ERR,ERR,ERR,ERR,ERR,ERR,ERR,ERR,ERR,ERR,ERR,ERR,ERR,ERR,ERR,ERR,ERR,ERR,ERR,ERR,ERR,ERR,ERR,ERR,ERR,ERR,ERR,ERR,ERR,ERR,ERR,ERR,ERR,ERR,ERR,ERR,ERR,ERR,ERR,ERR,ERR,ERR,ERR,ERR,ERR,ERR,ERR,ERR,ERR,ERR,ERR,ERR,ERR,ERR,ERR,ERR,ERR,ERR,ERR,ERR,ERR,0.0,-0.0,0.0,0.0,0.0,1.3936040501711995e+18,7.805,0.0,0,0,4,0,7116,0.0,100,0.0,0.0,0.0,0.0,0.0,0,0,0,0,0.0,0,0,0,0,0,0,0,0,0,0,0,0,0,0,0,0,0,0,0,0,0,0,0,0,0,0,0,0,0,0,0,0,0,31,40,40,71,65476,0,300,0,0,8,21553,0.0,-107605600.0,0.0,0.0,0.0,0.0,0.0,0.0,0.0,0.0,0.0,0.0,0.0,0.0,0.0,0.0,0.0,0.0,0.0,0.0,0.0,0.0,-2.004,-2.004,-2.004,-2.004,0.0,0.0,0.0,0.0,4478.0,0.0,6915.0,0.0,-0.0,2.718424976836509e+23,-107615288.0,0.0,0.0,0.0,0.0,69,0.0,0.0,0.0,0.0,0.0,0.0,0.0,0.0,0.0,0,0,0,0.0,0.0,0.0,0.0,0.0,0.0,0.0,0.0,0.0,0.0,0.0,0.0,0.0,0.0,0.0,0.0,0,-107875648.0,69,0.0,138,0.0,-0.0,0,39322,17087,13107,17105,39322,17083,0,0,0,70,68,100,-0.0,82.2,2.730238639235042e+23,78.9,-107615472.0,79.0,1,49,50,180,13107,39322,0,0,0.0,0.0,0.0,0.0,-0.0,67.0,0.0,162057.094,0.0,986,0,1018,0,0,0,958,0,1046,0,938,0,794,0,787,0,823,0,7520,0.032,2.2712553640754885e+20,0.0,0.0,784,16797,-0.0,162057.094,-114818.039,-0.0,0.133,6.909358625270745e+28,30.0,70.0,35,0.0,0.0,0.0,0.0,0.0,0.0,0.0,0.0,0.0,0.0,0.0,0.0,0.0,0.0,0.0,0.0,66.4,0,150,71,52,65476,0,300,0,0,8,20529,65476,0,0,44564,70.0,0.0,0.0,0.0,0.0,0.0
2026-09-10T21:00:04,ERR,ERR,ERR,ERR,ERR,ERR,ERR,ERR,ERR,ERR,ERR,ERR,ERR,ERR,ERR,ERR,ERR,ERR,ERR,ERR,ERR,ERR,ERR,ERR,ERR,ERR,ERR,ERR,ERR,ERR,ERR,ERR,ERR,ERR,ERR,ERR,ERR,ERR,ERR,ERR,ERR,ERR,ERR,ERR,ERR,ERR,ERR,ERR,ERR,ERR,ERR,ERR,ERR,ERR,ERR,ERR,ERR,ERR,ERR,ERR,ERR,ERR,ERR,ERR,ERR,ERR,ERR,ERR,ERR,ERR,ERR,ERR,ERR,ERR,ERR,ERR,ERR,ERR,ERR,ERR,ERR,ERR,ERR,ERR,ERR,ERR,ERR,ERR,ERR,ERR,ERR,ERR,ERR,ERR,ERR,ERR,ERR,ERR,ERR,ERR,ERR,ERR,ERR,ERR,ERR,ERR,ERR,ERR,ERR,ERR,ERR,ERR,ERR,ERR,ERR,ERR,ERR,ERR,ERR,ERR,ERR,ERR,ERR,ERR,ERR,0.0,-0.0,0.0,0.0,0.0,1.3936040501711995e+18,7.805,0.0,0,0,4,0,7116,0.0,100,0.0,0.0,0.0,0.0,0.0,0,0,0,0,0.0,0,0,0,0,0,0,0,0,0,0,0,0,0,0,0,0,0,0,0,0,0,0,0,0,0,0,0,0,0,0,0,0,0,31,40,40,71,65476,0,300,0,0,8,21553,0.0,-107605600.0,0.0,0.0,0.0,0.0,0.0,0.0,0.0,0.0,0.0,0.0,0.0,0.0,0.0,0.0,0.0,0.0,0.0,0.0,0.0,0.0,-2.004,-2.004,-0.0,-2.004,0.0,0.0,0.0,0.0,4479.0,0.0,6914.0,0.0,-0.0,2.718424976836509e+23,-107615288.0,0.0,0.0,0.0,0.0,69,0.0,-3.221994281741494e+26,0.0,0.0,0.0,0.0,0.0,0.0,0.0,0,0,0,0.0,0.0,0.0,0.0,0.0,0.0,0.0,0.0,0.0,0.0,0.0,0.0,0.0,0.0,0.0,0.0,0,-107875648.0,69,0.0,138,0.0,-0.0,0,39322,17087,13107,17105,39322,17083,0,0,0,70,68,100,-0.0,82.2,2.730238639235042e+23,78.9,-107615472.0,79.0,1,49,50,180,13107,39322,0,0,0.0,0.0,0.0,0.0,-0.0,67.0,0.0,162057.094,0.0,986,0,1018,0,0,0,958,0,1046,0,938,0,794,0,787,0,823,0,7520,0.032,2.2712553640754885e+20,0.0,0.0,784,16797,-0.0,162057.094,-114818.039,-0.0,0.133,6.909358625270745e+28,30.0,70.0,35,0.0,0.0,0.0,0.0,0.0,0.0,0.0,0.0,0.0,0.0,0.0,0.0,0.0,0.0,0.0,0.0,66.4,0,150,71,52,65476,0,300,0,0,8,20529,65476,0,0,44564,70.0,0.0,0.0,0.0,0.0,0.0
2026-09-10T21:00:05,ERR,ERR,ERR,ERR,ERR,ERR,ERR,ERR,ERR,ERR,ERR,ERR,ERR,ERR,ERR,ERR,ERR,ERR,ERR,ERR,ERR,ERR,ERR,ERR,ERR,ERR,ERR,ERR,ERR,ERR,ERR,ERR,ERR,ERR,ERR,ERR,ERR,ERR,ERR,ERR,ERR,ERR,ERR,ERR,ERR,ERR,ERR,ERR,ERR,ERR,ERR,ERR,ERR,ERR,ERR,ERR,ERR,ERR,ERR,ERR,ERR,ERR,ERR,ERR,ERR,ERR,ERR,ERR,ERR,ERR,ERR,ERR,ERR,ERR,ERR,ERR,ERR,ERR,ERR,ERR,ERR,ERR,ERR,ERR,ERR,ERR,ERR,ERR,ERR,ERR,ERR,ERR,ERR,ERR,ERR,ERR,ERR,ERR,ERR,ERR,ERR,ERR,ERR,ERR,ERR,ERR,ERR,ERR,ERR,ERR,ERR,ERR,ERR,ERR,ERR,ERR,ERR,ERR,ERR,ERR,ERR,ERR,ERR,ERR,ERR,0.0,-0.0,0.0,0.0,0.0,1.3936040501711995e+18,7.805,0.0,0,0,4,0,7116,0.0,100,0.0,0.0,0.0,0.0,0.0,0,0,0,0,0.0,0,0,0,0,0,0,0,0,0,0,0,0,0,0,0,0,0,0,0,0,0,0,0,0,0,0,0,0,0,0,0,0,0,31,40,40,71,65476,0,300,0,0,8,21553,0.0,-107605600.0,0.0,0.0,0.0,0.0,0.0,0.0,0.0,0.0,0.0,0.0,0.0,0.0,0.0,0.0,0.0,0.0,0.0,0.0,0.0,0.0,-2.004,-2.004,-0.0,-2.004,0.0,0.0,0.0,0.0,4479.0,0.0,6914.0,0.0,-0.0,2.718424976836509e+23,-107615288.0,0.0,0.0,0.0,0.0,69,0.0,-3.221994281741494e+26,0.0,0.0,0.0,0.0,0.0,0.0,0.0,0,0,0,0.0,0.0,0.0,0.0,0.0,0.0,0.0,0.0,0.0,0.0,0.0,0.0,0.0,0.0,0.0,0.0,0,-107875648.0,69,0.0,138,0.0,-0.0,0,39322,17087,13107,17105,39322,17083,0,0,0,70,68,100,-0.0,82.2,2.730238639235042e+23,78.9,-107615472.0,79.0,1,49,50,180,13107,39322,0,0,0.0,0.0,0.0,0.0,-0.0,67.0,0.0,162057.094,0.0,986,0,1018,0,0,0,958,0,1046,0,938,0,794,0,787,0,823,0,7520,0.032,2.2712553640754885e+20,0.0,0.0,784,16797,-0.0,162057.094,-114818.039,-0.0,0.133,6.909358625270745e+28,30.0,70.0,35,0.0,0.0,0.0,0.0,0.0,0.0,0.0,0.0,0.0,0.0,0.0,0.0,0.0,0.0,0.0,0.0,66.4,0,150,71,52,65476,0,300,0,0,8,20529,65476,0,0,44564,70.0,0.0,0.0,0.0,0.0,0.0
2026-09-10T21:00:06,ERR,ERR,ERR,ERR,ERR,ERR,ERR,ERR,ERR,ERR,ERR,ERR,ERR,ERR,ERR,ERR,ERR,ERR,ERR,ERR,ERR,ERR,ERR,ERR,ERR,ERR,ERR,ERR,ERR,ERR,ERR,ERR,ERR,ERR,ERR,ERR,ERR,ERR,ERR,ERR,ERR,ERR,ERR,ERR,ERR,ERR,ERR,ERR,ERR,ERR,ERR,ERR,ERR,ERR,ERR,ERR,ERR,ERR,ERR,ERR,ERR,ERR,ERR,ERR,ERR,ERR,ERR,ERR,ERR,ERR,ERR,ERR,ERR,ERR,ERR,ERR,ERR,ERR,ERR,ERR,ERR,ERR,ERR,ERR,ERR,ERR,ERR,ERR,ERR,ERR,ERR,ERR,ERR,ERR,ERR,ERR,ERR,ERR,ERR,ERR,ERR,ERR,ERR,ERR,ERR,ERR,ERR,ERR,ERR,ERR,ERR,ERR,ERR,ERR,ERR,ERR,ERR,ERR,ERR,ERR,ERR,ERR,ERR,ERR,ERR,0.0,-0.0,0.0,0.0,0.0,1.3936040501711995e+18,7.805,0.0,0,0,4,0,7116,0.0,100,0.0,0.0,0.0,0.0,0.0,0,0,0,0,0.0,0,0,0,0,0,0,0,0,0,0,0,0,0,0,0,0,0,0,0,0,0,0,0,0,0,0,0,0,0,0,0,0,0,31,40,40,71,65476,0,300,0,0,8,21553,0.0,-107605600.0,0.0,0.0,0.0,0.0,0.0,0.0,0.0,0.0,0.0,0.0,0.0,0.0,0.0,0.0,0.0,0.0,0.0,0.0,0.0,0.0,-2.004,-2.004,-0.0,-2.004,0.0,0.0,0.0,0.0,4479.0,0.0,6914.0,0.0,-0.0,2.718424976836509e+23,-107615288.0,0.0,0.0,0.0,0.0,69,0.0,-3.221994281741494e+26,0.0,0.0,0.0,0.0,0.0,0.0,0.0,0,0,0,0.0,0.0,0.0,0.0,0.0,0.0,0.0,0.0,0.0,0.0,0.0,0.0,0.0,0.0,0.0,0.0,0,-107875648.0,69,0.0,138,0.0,-0.0,0,39322,17087,13107,17105,39322,17083,0,0,0,70,68,100,-0.0,82.2,2.730238639235042e+23,78.9,-107615472.0,79.0,1,49,50,180,13107,39322,0,0,0.0,0.0,0.0,0.0,-0.0,67.0,0.0,162057.094,0.0,986,0,1018,0,0,0,958,0,1046,0,938,0,794,0,787,0,823,0,7520,0.032,2.2712553640754885e+20,0.0,0.0,784,16797,-0.0,162057.094,-114818.039,-0.0,0.133,6.909358625270745e+28,30.0,70.0,35,0.0,0.0,0.0,0.0,0.0,0.0,0.0,0.0,0.0,0.0,0.0,0.0,0.0,0.0,0.0,0.0,66.4,0,150,71,52,65476,0,300,0,0,8,20529,65476,0,0,44564,70.0,0.0,0.0,0.0,0.0,0.0
2026-09-10T21:00:07,ERR,ERR,ERR,ERR,ERR,ERR,ERR,ERR,ERR,ERR,ERR,ERR,ERR,ERR,ERR,ERR,ERR,ERR,ERR,ERR,ERR,ERR,ERR,ERR,ERR,ERR,ERR,ERR,ERR,ERR,ERR,ERR,ERR,ERR,ERR,ERR,ERR,ERR,ERR,ERR,ERR,ERR,ERR,ERR,ERR,ERR,ERR,ERR,ERR,ERR,ERR,ERR,ERR,ERR,ERR,ERR,ERR,ERR,ERR,ERR,ERR,ERR,ERR,ERR,ERR,ERR,ERR,ERR,ERR,ERR,ERR,ERR,ERR,ERR,ERR,ERR,ERR,ERR,ERR,ERR,ERR,ERR,ERR,ERR,ERR,ERR,ERR,ERR,ERR,ERR,ERR,ERR,ERR,ERR,ERR,ERR,ERR,ERR,ERR,ERR,ERR,ERR,ERR,ERR,ERR,ERR,ERR,ERR,ERR,ERR,ERR,ERR,ERR,ERR,ERR,ERR,ERR,ERR,ERR,ERR,ERR,ERR,ERR,ERR,ERR,0.0,-0.0,0.0,0.0,0.0,1.3936040501711995e+18,7.805,0.0,0,0,4,0,7116,0.0,100,0.0,0.0,0.0,0.0,0.0,0,0,0,0,0.0,0,0,0,0,0,0,0,0,0,0,0,0,0,0,0,0,0,0,0,0,0,0,0,0,0,0,0,0,0,0,0,0,0,31,40,40,71,65476,0,300,0,0,8,21553,0.0,-107605600.0,0.0,0.0,0.0,0.0,0.0,0.0,0.0,0.0,0.0,0.0,0.0,0.0,0.0,0.0,0.0,0.0,0.0,0.0,0.0,0.0,-2.004,-2.004,-0.0,-2.004,0.0,0.0,0.0,0.0,4479.0,0.0,6914.0,0.0,-0.0,2.718424976836509e+23,-107615288.0,0.0,0.0,0.0,0.0,69,0.0,-3.221994281741494e+26,0.0,0.0,0.0,0.0,0.0,0.0,0.0,0,0,0,0.0,0.0,0.0,0.0,0.0,0.0,0.0,0.0,0.0,0.0,0.0,0.0,0.0,0.0,0.0,0.0,0,-107875648.0,69,0.0,138,0.0,-0.0,0,39322,17087,13107,17105,39322,17083,0,0,0,70,68,100,-0.0,82.2,2.730238639235042e+23,78.9,-107615472.0,79.0,1,49,50,180,13107,39322,0,0,0.0,0.0,0.0,0.0,-0.0,67.0,0.0,162057.094,0.0,986,0,1018,0,0,0,958,0,1046,0,938,0,794,0,787,0,823,0,7520,0.032,2.2712553640754885e+20,0.0,0.0,784,16797,-0.0,162057.094,-114818.039,-0.0,0.133,6.909358625270745e+28,30.0,70.0,35,0.0,0.0,0.0,0.0,0.0,0.0,0.0,0.0,0.0,0.0,0.0,0.0,0.0,0.0,0.0,0.0,66.4,0,150,71,52,65476,0,300,0,0,8,20529,65476,0,0,44564,70.0,0.0,0.0,0.0,0.0,0.0
2026-09-10T21:00:08,ERR,ERR,ERR,ERR,ERR,ERR,ERR,ERR,ERR,ERR,ERR,ERR,ERR,ERR,ERR,ERR,ERR,ERR,ERR,ERR,ERR,ERR,ERR,ERR,ERR,ERR,ERR,ERR,ERR,ERR,ERR,ERR,ERR,ERR,ERR,ERR,ERR,ERR,ERR,ERR,ERR,ERR,ERR,ERR,ERR,ERR,ERR,ERR,ERR,ERR,ERR,ERR,ERR,ERR,ERR,ERR,ERR,ERR,ERR,ERR,ERR,ERR,ERR,ERR,ERR,ERR,ERR,ERR,ERR,ERR,ERR,ERR,ERR,ERR,ERR,ERR,ERR,ERR,ERR,ERR,ERR,ERR,ERR,ERR,ERR,ERR,ERR,ERR,ERR,ERR,ERR,ERR,ERR,ERR,ERR,ERR,ERR,ERR,ERR,ERR,ERR,ERR,ERR,ERR,ERR,ERR,ERR,ERR,ERR,ERR,ERR,ERR,ERR,ERR,ERR,ERR,ERR,ERR,ERR,ERR,ERR,ERR,ERR,ERR,ERR,0.0,-0.0,0.0,0.0,0.0,1.3936040501711995e+18,7.805,0.0,0,0,4,0,7116,0.0,100,0.0,0.0,0.0,0.0,0.0,0,0,0,0,0.0,0,0,0,0,0,0,0,0,0,0,0,0,0,0,0,0,0,0,0,0,0,0,0,0,0,0,0,0,0,0,0,0,0,31,40,40,71,65476,0,300,0,0,8,21553,0.0,-107605600.0,0.0,0.0,0.0,0.0,0.0,0.0,0.0,0.0,0.0,0.0,0.0,0.0,0.0,0.0,0.0,0.0,0.0,0.0,0.0,0.0,-2.004,-2.004,-0.0,-2.004,0.0,0.0,0.0,0.0,4479.0,0.0,6914.0,0.0,-0.0,2.718424976836509e+23,-107615288.0,0.0,0.0,0.0,0.0,69,0.0,-3.221994281741494e+26,0.0,0.0,0.0,0.0,0.0,0.0,0.0,0,0,0,0.0,0.0,0.0,0.0,0.0,0.0,0.0,0.0,0.0,0.0,0.0,0.0,0.0,0.0,0.0,0.0,0,-107875648.0,69,0.0,138,0.0,-0.0,0,52429,17087,13107,17105,39322,17083,0,0,0,70,68,100,-0.0,82.2,2.730238639235042e+23,78.9,-107615472.0,79.0,1,49,50,180,13107,39322,0,0,0.0,0.0,0.0,0.0,-0.0,67.0,0.0,162057.094,0.0,986,0,1018,0,0,0,958,0,1046,0,939,0,794,0,787,0,823,0,7520,0.032,2.2481969339833516e+20,0.0,0.0,784,16797,-0.0,162057.094,-114818.039,-0.0,0.133,6.909358625270745e+28,30.0,70.0,35,0.0,0.0,0.0,0.0,0.0,0.0,0.0,0.0,0.0,0.0,0.0,0.0,0.0,0.0,0.0,0.0,66.0,0,150,71,52,65476,0,300,0,0,8,20529,65476,0,0,44564,70.0,0.0,0.0,0.0,0.0,0.0
2026-09-10T21:00:09,ERR,ERR,ERR,ERR,ERR,ERR,ERR,ERR,ERR,ERR,ERR,ERR,ERR,ERR,ERR,ERR,ERR,ERR,ERR,ERR,ERR,ERR,ERR,ERR,ERR,ERR,ERR,ERR,ERR,ERR,ERR,ERR,ERR,ERR,ERR,ERR,ERR,ERR,ERR,ERR,ERR,ERR,ERR,ERR,ERR,ERR,ERR,ERR,ERR,ERR,ERR,ERR,ERR,ERR,ERR,ERR,ERR,ERR,ERR,ERR,ERR,ERR,ERR,ERR,ERR,ERR,ERR,ERR,ERR,ERR,ERR,ERR,ERR,ERR,ERR,ERR,ERR,ERR,ERR,ERR,ERR,ERR,ERR,ERR,ERR,ERR,ERR,ERR,ERR,ERR,ERR,ERR,ERR,ERR,ERR,ERR,ERR,ERR,ERR,ERR,ERR,ERR,ERR,ERR,ERR,ERR,ERR,ERR,ERR,ERR,ERR,ERR,ERR,ERR,ERR,ERR,ERR,ERR,ERR,ERR,ERR,ERR,ERR,ERR,ERR,0.0,-0.0,0.0,0.0,0.0,1.3936040501711995e+18,7.805,0.0,0,0,4,0,7116,0.0,100,0.0,0.0,0.0,0.0,0.0,0,0,0,0,0.0,0,0,0,0,0,0,0,0,0,0,0,0,0,0,0,0,0,0,0,0,0,0,0,0,0,0,0,0,0,0,0,0,0,31,40,40,71,65476,0,300,0,0,8,21553,0.0,-107605600.0,0.0,0.0,0.0,0.0,0.0,0.0,0.0,0.0,0.0,0.0,0.0,0.0,0.0,0.0,0.0,0.0,0.0,0.0,0.0,0.0,-2.004,-2.004,-0.0,-2.004,0.0,0.0,0.0,0.0,4479.0,0.0,6914.0,0.0,-0.0,2.718424976836509e+23,-107615288.0,0.0,0.0,0.0,0.0,69,0.0,-3.221994281741494e+26,0.0,0.0,0.0,0.0,0.0,0.0,0.0,0,0,0,0.0,0.0,0.0,0.0,0.0,0.0,0.0,0.0,0.0,0.0,0.0,0.0,0.0,0.0,0.0,0.0,0,-107875648.0,69,0.0,138,0.0,-0.0,0,52429,17087,13107,17105,39322,17083,0,0,0,70,68,100,-0.0,82.2,2.730238639235042e+23,78.9,-107615472.0,79.0,1,49,50,180,13107,39322,0,0,0.0,0.0,0.0,0.0,-0.0,67.0,0.0,162057.094,0.0,986,0,1018,0,0,0,958,0,1046,0,939,0,794,0,787,0,823,0,7520,0.032,2.2481969339833516e+20,0.0,0.0,784,16797,-0.0,162057.094,-114818.039,-0.0,0.133,6.909358625270745e+28,30.0,70.0,35,0.0,0.0,0.0,0.0,0.0,0.0,0.0,0.0,0.0,0.0,0.0,0.0,0.0,0.0,0.0,0.0,66.0,0,150,71,52,65476,0,300,0,0,8,20529,65476,0,0,44564,70.0,0.0,0.0,0.0,0.0,0.0
2026-09-10T21:00:10,ERR,ERR,ERR,ERR,ERR,ERR,ERR,ERR,ERR,ERR,ERR,ERR,ERR,ERR,ERR,ERR,ERR,ERR,ERR,ERR,ERR,ERR,ERR,ERR,ERR,ERR,ERR,ERR,ERR,ERR,ERR,ERR,ERR,ERR,ERR,ERR,ERR,ERR,ERR,ERR,ERR,ERR,ERR,ERR,ERR,ERR,ERR,ERR,ERR,ERR,ERR,ERR,ERR,ERR,ERR,ERR,ERR,ERR,ERR,ERR,ERR,ERR,ERR,ERR,ERR,ERR,ERR,ERR,ERR,ERR,ERR,ERR,ERR,ERR,ERR,ERR,ERR,ERR,ERR,ERR,ERR,ERR,ERR,ERR,ERR,ERR,ERR,ERR,ERR,ERR,ERR,ERR,ERR,ERR,ERR,ERR,ERR,ERR,ERR,ERR,ERR,ERR,ERR,ERR,ERR,ERR,ERR,ERR,ERR,ERR,ERR,ERR,ERR,ERR,ERR,ERR,ERR,ERR,ERR,ERR,ERR,ERR,ERR,ERR,ERR,0.0,-0.0,0.0,0.0,0.0,1.3936040501711995e+18,7.805,0.0,0,0,4,0,7116,0.0,100,0.0,0.0,0.0,0.0,0.0,0,0,0,0,0.0,0,0,0,0,0,0,0,0,0,0,0,0,0,0,0,0,0,0,0,0,0,0,0,0,0,0,0,0,0,0,0,0,0,31,40,40,71,65476,0,300,0,0,8,21553,0.0,-107605600.0,0.0,0.0,0.0,0.0,0.0,0.0,0.0,0.0,0.0,0.0,0.0,0.0,0.0,0.0,0.0,0.0,0.0,0.0,0.0,0.0,-2.004,-2.004,-0.0,-2.004,0.0,0.0,0.0,0.0,4479.0,0.0,6914.0,0.0,-0.0,2.718424976836509e+23,-107615288.0,0.0,0.0,0.0,0.0,69,0.0,-3.221994281741494e+26,0.0,0.0,0.0,0.0,0.0,0.0,0.0,0,0,0,0.0,0.0,0.0,0.0,0.0,0.0,0.0,0.0,0.0,0.0,0.0,0.0,0.0,0.0,0.0,0.0,0,-107875648.0,69,0.0,138,0.0,-0.0,0,52429,17087,13107,17105,39322,17083,0,0,0,70,68,100,-0.0,82.2,2.730238639235042e+23,78.9,-107615472.0,79.0,1,49,50,180,13107,39322,0,0,0.0,0.0,0.0,0.0,-0.0,67.0,0.0,162057.094,0.0,986,0,1018,0,0,0,958,0,1046,0,939,0,794,0,787,0,823,0,7520,0.032,2.2481969339833516e+20,0.0,0.0,784,16797,-0.0,162057.094,-114818.039,-0.0,0.133,6.909358625270745e+28,30.0,70.0,35,0.0,0.0,0.0,0.0,0.0,0.0,0.0,0.0,0.0,0.0,0.0,0.0,0.0,0.0,0.0,0.0,66.4,0,150,71,52,65476,0,300,0,0,8,20529,65476,0,0,44564,70.0,0.0,0.0,0.0,0.0,0.0
2026-09-10T21:00:11,ERR,ERR,ERR,ERR,ERR,ERR,ERR,ERR,ERR,ERR,ERR,ERR,ERR,ERR,ERR,ERR,ERR,ERR,ERR,ERR,ERR,ERR,ERR,ERR,ERR,ERR,ERR,ERR,ERR,ERR,ERR,ERR,ERR,ERR,ERR,ERR,ERR,ERR,ERR,ERR,ERR,ERR,ERR,ERR,ERR,ERR,ERR,ERR,ERR,ERR,ERR,ERR,ERR,ERR,ERR,ERR,ERR,ERR,ERR,ERR,ERR,ERR,ERR,ERR,ERR,ERR,ERR,ERR,ERR,ERR,ERR,ERR,ERR,ERR,ERR,ERR,ERR,ERR,ERR,ERR,ERR,ERR,ERR,ERR,ERR,ERR,ERR,ERR,ERR,ERR,ERR,ERR,ERR,ERR,ERR,ERR,ERR,ERR,ERR,ERR,ERR,ERR,ERR,ERR,ERR,ERR,ERR,ERR,ERR,ERR,ERR,ERR,ERR,ERR,ERR,ERR,ERR,ERR,ERR,ERR,ERR,ERR,ERR,ERR,ERR,0.0,-0.0,0.0,0.0,0.0,1.3936040501711995e+18,7.805,0.0,0,0,4,0,7116,0.0,100,0.0,0.0,0.0,0.0,0.0,0,0,0,0,0.0,0,0,0,0,0,0,0,0,0,0,0,0,0,0,0,0,0,0,0,0,0,0,0,0,0,0,0,0,0,0,0,0,0,31,40,40,71,65476,0,300,0,0,8,21553,0.0,-107605600.0,0.0,0.0,0.0,0.0,0.0,0.0,0.0,0.0,0.0,0.0,0.0,0.0,0.0,0.0,0.0,0.0,0.0,0.0,0.0,0.0,-2.004,-2.004,-0.0,-2.004,0.0,0.0,0.0,0.0,4476.0,0.0,6916.0,0.0,-0.0,-107615120.0,-107615288.0,0.0,0.0,0.0,0.0,69,0.0,0.0,0.0,0.0,0.0,0.0,0.0,0.0,0.0,0,0,0,0.0,0.0,0.0,0.0,0.0,0.0,0.0,0.0,0.0,0.0,0.0,0.0,0.0,0.0,0.0,0.0,0,-107875648.0,69,0.0,138,0.0,0.0,0,39322,17087,13107,17105,52429,17083,0,0,0,70,68,100,-0.0,82.2,2.730238639235042e+23,78.9,-107615472.0,79.0,1,49,50,180,13107,39322,0,0,0.0,0.0,0.0,0.0,-0.0,67.0,0.0,162057.094,0.0,986,0,1018,0,0,0,958,0,1046,0,939,0,794,0,787,0,823,0,7520,0.032,1.9484373427855714e+20,0.0,0.0,784,16797,-0.0,162057.094,-114818.039,-0.0,0.133,6.909358625270745e+28,30.0,70.0,35,0.0,0.0,0.0,0.0,0.0,0.0,0.0,0.0,0.0,0.0,0.0,0.0,0.0,0.0,0.0,0.0,66.0,0,150,71,52,65476,0,300,0,0,8,20529,65476,0,0,44564,70.0,0.0,0.0,0.0,0.0,0.0
2026-09-10T21:00:12,ERR,ERR,ERR,ERR,ERR,ERR,ERR,ERR,ERR,ERR,ERR,ERR,ERR,ERR,ERR,ERR,ERR,ERR,ERR,ERR,ERR,ERR,ERR,ERR,ERR,ERR,ERR,ERR,ERR,ERR,ERR,ERR,ERR,ERR,ERR,ERR,ERR,ERR,ERR,ERR,ERR,ERR,ERR,ERR,ERR,ERR,ERR,ERR,ERR,ERR,ERR,ERR,ERR,ERR,ERR,ERR,ERR,ERR,ERR,ERR,ERR,ERR,ERR,ERR,ERR,ERR,ERR,ERR,ERR,ERR,ERR,ERR,ERR,ERR,ERR,ERR,ERR,ERR,ERR,ERR,ERR,ERR,ERR,ERR,ERR,ERR,ERR,ERR,ERR,ERR,ERR,ERR,ERR,ERR,ERR,ERR,ERR,ERR,ERR,ERR,ERR,ERR,ERR,ERR,ERR,ERR,ERR,ERR,ERR,ERR,ERR,ERR,ERR,ERR,ERR,ERR,ERR,ERR,ERR,ERR,ERR,ERR,ERR,ERR,ERR,0.0,-0.0,0.0,0.0,0.0,1.3936040501711995e+18,7.805,0.0,0,0,4,0,7116,0.0,100,0.0,0.0,0.0,0.0,0.0,0,0,0,0,0.0,0,0,0,0,0,0,0,0,0,0,0,0,0,0,0,0,0,0,0,0,0,0,0,0,0,0,0,0,0,0,0,0,0,31,40,40,71,65476,0,300,0,0,8,21553,0.0,-107605600.0,0.0,0.0,0.0,0.0,0.0,0.0,0.0,0.0,0.0,0.0,0.0,0.0,0.0,0.0,0.0,0.0,0.0,0.0,0.0,0.0,-2.004,-2.004,-0.0,-2.004,0.0,0.0,0.0,0.0,4476.0,0.0,6916.0,0.0,-0.0,-107615120.0,-107615288.0,0.0,0.0,0.0,0.0,69,0.0,0.0,0.0,0.0,0.0,0.0,0.0,0.0,0.0,0,0,0,0.0,0.0,0.0,0.0,0.0,0.0,0.0,0.0,0.0,0.0,0.0,0.0,0.0,0.0,0.0,0.0,0,-107875648.0,69,0.0,138,0.0,0.0,0,39322,17087,13107,17105,52429,17083,0,0,0,70,68,100,-0.0,82.2,2.730238639235042e+23,78.9,-107615472.0,79.0,1,49,50,180,13107,39322,0,0,0.0,0.0,0.0,0.0,-0.0,67.0,0.0,162057.094,0.0,986,0,1018,0,0,0,958,0,1046,0,939,0,794,0,787,0,823,0,7520,0.032,1.9484373427855714e+20,0.0,0.0,784,16797,-0.0,162057.094,-114818.039,-0.0,0.133,6.909358625270745e+28,30.0,70.0,35,0.0,0.0,0.0,0.0,0.0,0.0,0.0,0.0,0.0,0.0,0.0,0.0,0.0,0.0,0.0,0.0,66.0,0,150,71,52,65476,0,300,0,0,8,20529,65476,0,0,44564,70.0,0.0,0.0,0.0,0.0,0.0
2026-09-10T21:00:13,ERR,ERR,ERR,ERR,ERR,ERR,ERR,ERR,ERR,ERR,ERR,ERR,ERR,ERR,ERR,ERR,ERR,ERR,ERR,ERR,ERR,ERR,ERR,ERR,ERR,ERR,ERR,ERR,ERR,ERR,ERR,ERR,ERR,ERR,ERR,ERR,ERR,ERR,ERR,ERR,ERR,ERR,ERR,ERR,ERR,ERR,ERR,ERR,ERR,ERR,ERR,ERR,ERR,ERR,ERR,ERR,ERR,ERR,ERR,ERR,ERR,ERR,ERR,ERR,ERR,ERR,ERR,ERR,ERR,ERR,ERR,ERR,ERR,ERR,ERR,ERR,ERR,ERR,ERR,ERR,ERR,ERR,ERR,ERR,ERR,ERR,ERR,ERR,ERR,ERR,ERR,ERR,ERR,ERR,ERR,ERR,ERR,ERR,ERR,ERR,ERR,ERR,ERR,ERR,ERR,ERR,ERR,ERR,ERR,ERR,ERR,ERR,ERR,ERR,ERR,ERR,ERR,ERR,ERR,ERR,ERR,ERR,ERR,ERR,ERR,0.0,-0.0,0.0,0.0,0.0,1.3936040501711995e+18,7.805,0.0,0,0,4,0,7116,0.0,100,0.0,0.0,0.0,0.0,0.0,0,0,0,0,0.0,0,0,0,0,0,0,0,0,0,0,0,0,0,0,0,0,0,0,0,0,0,0,0,0,0,0,0,0,0,0,0,0,0,31,40,40,71,65476,0,300,0,0,8,21553,0.0,-107605600.0,0.0,0.0,0.0,0.0,0.0,0.0,0.0,0.0,0.0,0.0,0.0,0.0,0.0,0.0,0.0,0.0,0.0,0.0,0.0,0.0,-2.004,-2.004,-0.0,-2.004,0.0,0.0,0.0,0.0,4476.0,0.0,6916.0,0.0,-0.0,-107615120.0,-107615288.0,0.0,0.0,0.0,0.0,69,0.0,0.0,0.0,0.0,0.0,0.0,0.0,0.0,0.0,0,0,0,0.0,0.0,0.0,0.0,0.0,0.0,0.0,0.0,0.0,0.0,0.0,0.0,0.0,0.0,0.0,0.0,0,-107875648.0,69,0.0,138,0.0,0.0,0,39322,17087,13107,17105,52429,17083,0,0,0,70,68,100,-0.0,82.2,2.730238639235042e+23,78.9,-107615472.0,79.0,1,49,50,180,13107,39322,0,0,0.0,0.0,0.0,0.0,-0.0,67.0,0.0,162057.094,0.0,986,0,1018,0,0,0,958,0,1046,0,939,0,794,0,787,0,823,0,7520,0.032,1.9484373427855714e+20,0.0,0.0,784,16797,-0.0,162057.094,-114818.039,-0.0,0.133,6.909358625270745e+28,30.0,70.0,35,0.0,0.0,0.0,0.0,0.0,0.0,0.0,0.0,0.0,0.0,0.0,0.0,0.0,0.0,0.0,0.0,66.0,0,150,71,52,65476,0,300,0,0,8,20529,65476,0,0,44564,70.0,0.0,0.0,0.0,0.0,0.0
2026-09-10T21:00:14,ERR,ERR,ERR,ERR,ERR,ERR,ERR,ERR,ERR,ERR,ERR,ERR,ERR,ERR,ERR,ERR,ERR,ERR,ERR,ERR,ERR,ERR,ERR,ERR,ERR,ERR,ERR,ERR,ERR,ERR,ERR,ERR,ERR,ERR,ERR,ERR,ERR,ERR,ERR,ERR,ERR,ERR,ERR,ERR,ERR,ERR,ERR,ERR,ERR,ERR,ERR,ERR,ERR,ERR,ERR,ERR,ERR,ERR,ERR,ERR,ERR,ERR,ERR,ERR,ERR,ERR,ERR,ERR,ERR,ERR,ERR,ERR,ERR,ERR,ERR,ERR,ERR,ERR,ERR,ERR,ERR,ERR,ERR,ERR,ERR,ERR,ERR,ERR,ERR,ERR,ERR,ERR,ERR,ERR,ERR,ERR,ERR,ERR,ERR,ERR,ERR,ERR,ERR,ERR,ERR,ERR,ERR,ERR,ERR,ERR,ERR,ERR,ERR,ERR,ERR,ERR,ERR,ERR,ERR,ERR,ERR,ERR,ERR,ERR,ERR,0.0,-0.0,0.0,0.0,0.0,1.3936040501711995e+18,7.805,0.0,0,0,4,0,7116,0.0,100,0.0,0.0,0.0,0.0,0.0,0,0,0,0,0.0,0,0,0,0,0,0,0,0,0,0,0,0,0,0,0,0,0,0,0,0,0,0,0,0,0,0,0,0,0,0,0,0,0,31,40,40,71,65476,0,300,0,0,8,21553,0.0,-107605600.0,0.0,0.0,0.0,0.0,0.0,0.0,0.0,0.0,0.0,0.0,0.0,0.0,0.0,0.0,0.0,0.0,0.0,0.0,0.0,0.0,-2.004,-2.004,-0.0,-2.004,0.0,0.0,0.0,0.0,4476.0,0.0,6916.0,0.0,-0.0,-107615120.0,-107615288.0,0.0,0.0,0.0,0.0,69,0.0,0.0,0.0,0.0,0.0,0.0,0.0,0.0,0.0,0,0,0,0.0,0.0,0.0,0.0,0.0,0.0,0.0,0.0,0.0,0.0,0.0,0.0,0.0,0.0,0.0,0.0,0,-107875648.0,69,0.0,138,0.0,0.0,0,39322,17087,13107,17105,52429,17083,0,0,0,70,68,100,-0.0,82.2,2.730238639235042e+23,78.9,-107615472.0,79.0,1,49,50,180,13107,39322,0,0,0.0,0.0,0.0,0.0,-0.0,67.0,0.0,162057.094,0.0,986,0,1018,0,0,0,958,0,1046,0,939,0,794,0,787,0,823,0,7520,0.032,1.9484373427855714e+20,0.0,0.0,784,16797,-0.0,162057.094,-114818.039,-0.0,0.133,6.909358625270745e+28,30.0,70.0,35,0.0,0.0,0.0,0.0,0.0,0.0,0.0,0.0,0.0,0.0,0.0,0.0,0.0,0.0,0.0,0.0,66.0,0,150,71,52,65476,0,300,0,0,8,20529,65476,0,0,44564,70.0,0.0,0.0,0.0,0.0,0.0
2026-09-10T21:00:15,ERR,ERR,ERR,ERR,ERR,ERR,ERR,ERR,ERR,ERR,ERR,ERR,ERR,ERR,ERR,ERR,ERR,ERR,ERR,ERR,ERR,ERR,ERR,ERR,ERR,ERR,ERR,ERR,ERR,ERR,ERR,ERR,ERR,ERR,ERR,ERR,ERR,ERR,ERR,ERR,ERR,ERR,ERR,ERR,ERR,ERR,ERR,ERR,ERR,ERR,ERR,ERR,ERR,ERR,ERR,ERR,ERR,ERR,ERR,ERR,ERR,ERR,ERR,ERR,ERR,ERR,ERR,ERR,ERR,ERR,ERR,ERR,ERR,ERR,ERR,ERR,ERR,ERR,ERR,ERR,ERR,ERR,ERR,ERR,ERR,ERR,ERR,ERR,ERR,ERR,ERR,ERR,ERR,ERR,ERR,ERR,ERR,ERR,ERR,ERR,ERR,ERR,ERR,ERR,ERR,ERR,ERR,ERR,ERR,ERR,ERR,ERR,ERR,ERR,ERR,ERR,ERR,ERR,ERR,ERR,ERR,ERR,ERR,ERR,ERR,0.0,-0.0,0.0,0.0,0.0,1.3936040501711995e+18,7.805,0.0,0,0,4,0,7116,0.0,100,0.0,0.0,0.0,0.0,0.0,0,0,0,0,0.0,0,0,0,0,0,0,0,0,0,0,0,0,0,0,0,0,0,0,0,0,0,0,0,0,0,0,0,0,0,0,0,0,0,31,40,40,71,65476,0,300,0,0,8,21553,0.0,-107605600.0,0.0,0.0,0.0,0.0,0.0,0.0,0.0,0.0,0.0,0.0,0.0,0.0,0.0,0.0,0.0,0.0,0.0,0.0,0.0,0.0,-2.004,-2.004,-0.0,-2.004,0.0,0.0,0.0,0.0,4476.0,0.0,6916.0,0.0,-0.0,-107615120.0,-107615288.0,0.0,0.0,0.0,0.0,69,0.0,0.0,0.0,0.0,0.0,0.0,0.0,0.0,0.0,0,0,0,0.0,0.0,0.0,0.0,0.0,0.0,0.0,0.0,0.0,0.0,0.0,0.0,0.0,0.0,0.0,0.0,0,-107875648.0,69,0.0,138,0.0,0.0,0,39322,17087,13107,17105,52429,17083,0,0,0,70,68,100,-0.0,82.2,2.730238639235042e+23,78.9,-107615472.0,79.0,1,49,50,180,13107,39322,0,0,0.0,0.0,0.0,0.0,-0.0,67.0,0.0,162057.094,0.0,986,0,1018,0,0,0,958,0,1046,0,939,0,794,0,787,0,823,0,7520,0.032,1.9484373427855714e+20,0.0,0.0,784,16797,-0.0,162057.094,-114818.039,-0.0,0.133,6.909358625270745e+28,30.0,70.0,35,0.0,0.0,0.0,0.0,0.0,0.0,0.0,0.0,0.0,0.0,0.0,0.0,0.0,0.0,0.0,0.0,66.0,0,150,71,52,65476,0,300,0,0,8,20529,65476,0,0,44564,70.0,0.0,0.0,0.0,0.0,0.0
2026-09-10T21:00:16,ERR,ERR,ERR,ERR,ERR,ERR,ERR,ERR,ERR,ERR,ERR,ERR,ERR,ERR,ERR,ERR,ERR,ERR,ERR,ERR,ERR,ERR,ERR,ERR,ERR,ERR,ERR,ERR,ERR,ERR,ERR,ERR,ERR,ERR,ERR,ERR,ERR,ERR,ERR,ERR,ERR,ERR,ERR,ERR,ERR,ERR,ERR,ERR,ERR,ERR,ERR,ERR,ERR,ERR,ERR,ERR,ERR,ERR,ERR,ERR,ERR,ERR,ERR,ERR,ERR,ERR,ERR,ERR,ERR,ERR,ERR,ERR,ERR,ERR,ERR,ERR,ERR,ERR,ERR,ERR,ERR,ERR,ERR,ERR,ERR,ERR,ERR,ERR,ERR,ERR,ERR,ERR,ERR,ERR,ERR,ERR,ERR,ERR,ERR,ERR,ERR,ERR,ERR,ERR,ERR,ERR,ERR,ERR,ERR,ERR,ERR,ERR,ERR,ERR,ERR,ERR,ERR,ERR,ERR,ERR,ERR,ERR,ERR,ERR,ERR,0.0,-0.0,0.0,0.0,0.0,1.3936040501711995e+18,7.805,0.0,0,0,4,0,7116,0.0,100,0.0,0.0,0.0,0.0,0.0,0,0,0,0,0.0,0,0,0,0,0,0,0,0,0,0,0,0,0,0,0,0,0,0,0,0,0,0,0,0,0,0,0,0,0,0,0,0,0,31,40,40,71,65476,0,300,0,0,8,21553,0.0,-107605600.0,0.0,0.0,0.0,0.0,0.0,0.0,0.0,0.0,0.0,0.0,0.0,0.0,0.0,0.0,0.0,0.0,0.0,0.0,0.0,0.0,-2.004,-2.004,-0.0,-2.004,0.0,0.0,0.0,0.0,4476.0,0.0,6916.0,0.0,-0.0,-107615120.0,-107615288.0,0.0,0.0,0.0,0.0,69,0.0,0.0,0.0,0.0,0.0,0.0,0.0,0.0,0.0,0,0,0,0.0,0.0,0.0,0.0,0.0,0.0,0.0,0.0,0.0,0.0,0.0,0.0,0.0,0.0,0.0,0.0,0,-107875648.0,69,0.0,138,0.0,0.0,0,39322,17087,13107,17105,52429,17083,0,0,0,70,68,100,-0.0,82.2,2.730238639235042e+23,78.9,-107615472.0,79.0,1,49,50,180,13107,39322,0,0,0.0,0.0,0.0,0.0,-0.0,67.0,0.0,162057.094,0.0,986,0,1018,0,0,0,958,0,1046,0,939,0,794,0,787,0,823,0,7520,0.032,1.95996655783164e+20,0.0,0.0,784,16797,-0.0,162057.094,-114818.039,-0.0,0.133,6.909358625270745e+28,30.0,70.0,35,0.0,0.0,0.0,0.0,0.0,0.0,0.0,0.0,0.0,0.0,0.0,0.0,0.0,0.0,0.0,0.0,66.0,0,150,71,52,65476,0,300,0,0,8,20529,65476,0,0,44564,70.0,0.0,0.0,0.0,0.0,0.0
2026-09-10T21:00:17,ERR,ERR,ERR,ERR,ERR,ERR,ERR,ERR,ERR,ERR,ERR,ERR,ERR,ERR,ERR,ERR,ERR,ERR,ERR,ERR,ERR,ERR,ERR,ERR,ERR,ERR,ERR,ERR,ERR,ERR,ERR,ERR,ERR,ERR,ERR,ERR,ERR,ERR,ERR,ERR,ERR,ERR,ERR,ERR,ERR,ERR,ERR,ERR,ERR,ERR,ERR,ERR,ERR,ERR,ERR,ERR,ERR,ERR,ERR,ERR,ERR,ERR,ERR,ERR,ERR,ERR,ERR,ERR,ERR,ERR,ERR,ERR,ERR,ERR,ERR,ERR,ERR,ERR,ERR,ERR,ERR,ERR,ERR,ERR,ERR,ERR,ERR,ERR,ERR,ERR,ERR,ERR,ERR,ERR,ERR,ERR,ERR,ERR,ERR,ERR,ERR,ERR,ERR,ERR,ERR,ERR,ERR,ERR,ERR,ERR,ERR,ERR,ERR,ERR,ERR,ERR,ERR,ERR,ERR,ERR,ERR,ERR,ERR,ERR,ERR,0.0,-0.0,0.0,0.0,0.0,1.3936040501711995e+18,7.805,0.0,0,0,4,0,7116,0.0,100,0.0,0.0,0.0,0.0,0.0,0,0,0,0,0.0,0,0,0,0,0,0,0,0,0,0,0,0,0,0,0,0,0,0,0,0,0,0,0,0,0,0,0,0,0,0,0,0,0,31,40,40,71,65476,0,300,0,0,8,21553,0.0,-107605600.0,0.0,0.0,0.0,0.0,0.0,0.0,0.0,0.0,0.0,0.0,0.0,0.0,0.0,0.0,0.0,0.0,0.0,0.0,0.0,0.0,-2.004,-2.004,-2.004,-2.004,0.0,0.0,0.0,0.0,4477.0,0.0,6914.0,-107615312.0,-0.0,-107615120.0,-107615288.0,0.0,0.0,0.0,0.0,69,0.0,0.0,0.0,0.0,0.0,0.0,0.0,0.0,0.0,0,0,0,0.0,0.0,0.0,0.0,0.0,0.0,0.0,0.0,0.0,0.0,0.0,0.0,0.0,0.0,0.0,0.0,0,-107875648.0,69,0.0,138,0.0,0.0,0,39322,17087,13107,17105,52429,17083,0,0,0,70,68,100,-0.0,82.2,2.730238639235042e+23,78.9,-107615472.0,79.0,1,49,50,180,13107,39322,0,0,0.0,0.0,0.0,0.0,-0.0,67.0,0.0,162057.094,0.0,986,0,1018,0,0,0,958,0,1046,0,939,0,794,0,787,0,823,0,7520,0.032,1.95996655783164e+20,0.0,0.0,784,16797,-0.0,162057.094,-114818.039,-0.0,0.133,6.909358625270745e+28,30.0,70.0,35,0.0,0.0,0.0,0.0,0.0,0.0,0.0,0.0,0.0,0.0,0.0,0.0,0.0,0.0,0.0,0.0,66.0,0,150,71,52,65476,0,300,0,0,8,20529,65476,0,0,44564,70.0,0.0,0.0,0.0,0.0,0.0
2026-09-10T21:00:18,ERR,ERR,ERR,ERR,ERR,ERR,ERR,ERR,ERR,ERR,ERR,ERR,ERR,ERR,ERR,ERR,ERR,ERR,ERR,ERR,ERR,ERR,ERR,ERR,ERR,ERR,ERR,ERR,ERR,ERR,ERR,ERR,ERR,ERR,ERR,ERR,ERR,ERR,ERR,ERR,ERR,ERR,ERR,ERR,ERR,ERR,ERR,ERR,ERR,ERR,ERR,ERR,ERR,ERR,ERR,ERR,ERR,ERR,ERR,ERR,ERR,ERR,ERR,ERR,ERR,ERR,ERR,ERR,ERR,ERR,ERR,ERR,ERR,ERR,ERR,ERR,ERR,ERR,ERR,ERR,ERR,ERR,ERR,ERR,ERR,ERR,ERR,ERR,ERR,ERR,ERR,ERR,ERR,ERR,ERR,ERR,ERR,ERR,ERR,ERR,ERR,ERR,ERR,ERR,ERR,ERR,ERR,ERR,ERR,ERR,ERR,ERR,ERR,ERR,ERR,ERR,ERR,ERR,ERR,ERR,ERR,ERR,ERR,ERR,ERR,0.0,-0.0,0.0,0.0,0.0,1.3936040501711995e+18,7.805,0.0,0,0,4,0,7116,0.0,100,0.0,0.0,0.0,0.0,0.0,0,0,0,0,0.0,0,0,0,0,0,0,0,0,0,0,0,0,0,0,0,0,0,0,0,0,0,0,0,0,0,0,0,0,0,0,0,0,0,31,40,40,71,65476,0,300,0,0,8,21553,0.0,-107605600.0,0.0,0.0,0.0,0.0,0.0,0.0,0.0,0.0,0.0,0.0,0.0,0.0,0.0,0.0,0.0,0.0,0.0,0.0,0.0,0.0,-2.004,-2.004,-2.004,-2.004,0.0,0.0,0.0,0.0,4477.0,0.0,6914.0,-107615312.0,-0.0,-107615120.0,-107615288.0,0.0,0.0,0.0,0.0,69,0.0,0.0,0.0,0.0,0.0,0.0,0.0,0.0,0.0,0,0,0,0.0,0.0,0.0,0.0,0.0,0.0,0.0,0.0,0.0,0.0,0.0,0.0,0.0,0.0,0.0,0.0,0,-107875648.0,69,0.0,138,0.0,0.0,0,39322,17087,13107,17105,52429,17083,0,0,0,70,68,100,-0.0,82.2,2.730238639235042e+23,78.9,-107615472.0,79.0,1,49,50,180,13107,39322,0,0,0.0,0.0,0.0,0.0,-0.0,67.0,0.0,162057.094,0.0,986,0,1018,0,0,0,958,0,1046,0,939,0,794,0,787,0,823,0,7520,0.032,1.95996655783164e+20,0.0,0.0,784,16797,-0.0,162057.094,-114818.039,-0.0,0.133,6.909358625270745e+28,30.0,70.0,35,0.0,0.0,0.0,0.0,0.0,0.0,0.0,0.0,0.0,0.0,0.0,0.0,0.0,0.0,0.0,0.0,66.0,0,150,71,52,65476,0,300,0,0,8,20529,65476,0,0,44564,70.0,0.0,0.0,0.0,0.0,0.0
2026-09-10T21:00:19,ERR,ERR,ERR,ERR,ERR,ERR,ERR,ERR,ERR,ERR,ERR,ERR,ERR,ERR,ERR,ERR,ERR,ERR,ERR,ERR,ERR,ERR,ERR,ERR,ERR,ERR,ERR,ERR,ERR,ERR,ERR,ERR,ERR,ERR,ERR,ERR,ERR,ERR,ERR,ERR,ERR,ERR,ERR,ERR,ERR,ERR,ERR,ERR,ERR,ERR,ERR,ERR,ERR,ERR,ERR,ERR,ERR,ERR,ERR,ERR,ERR,ERR,ERR,ERR,ERR,ERR,ERR,ERR,ERR,ERR,ERR,ERR,ERR,ERR,ERR,ERR,ERR,ERR,ERR,ERR,ERR,ERR,ERR,ERR,ERR,ERR,ERR,ERR,ERR,ERR,ERR,ERR,ERR,ERR,ERR,ERR,ERR,ERR,ERR,ERR,ERR,ERR,ERR,ERR,ERR,ERR,ERR,ERR,ERR,ERR,ERR,ERR,ERR,ERR,ERR,ERR,ERR,ERR,ERR,ERR,ERR,ERR,ERR,ERR,ERR,0.0,-0.0,0.0,0.0,0.0,1.3936040501711995e+18,7.805,0.0,0,0,4,0,7116,0.0,100,0.0,0.0,0.0,0.0,0.0,0,0,0,0,0.0,0,0,0,0,0,0,0,0,0,0,0,0,0,0,0,0,0,0,0,0,0,0,0,0,0,0,0,0,0,0,0,0,0,31,40,40,71,65476,0,300,0,0,8,21553,0.0,-107605600.0,0.0,0.0,0.0,0.0,0.0,0.0,0.0,0.0,0.0,0.0,0.0,0.0,0.0,0.0,0.0,0.0,0.0,0.0,0.0,0.0,-2.004,-2.004,-2.004,-2.004,0.0,0.0,0.0,0.0,4477.0,0.0,6914.0,-107615312.0,-0.0,-107615120.0,-107615288.0,0.0,0.0,0.0,0.0,69,0.0,0.0,0.0,0.0,0.0,0.0,0.0,0.0,0.0,0,0,0,0.0,0.0,0.0,0.0,0.0,0.0,0.0,0.0,0.0,0.0,0.0,0.0,0.0,0.0,0.0,0.0,0,-107875648.0,69,0.0,138,0.0,0.0,0,39322,17087,13107,17105,52429,17083,0,0,0,70,68,100,-0.0,82.2,2.730238639235042e+23,78.9,-107615472.0,79.0,1,49,50,180,13107,39322,0,0,0.0,0.0,0.0,0.0,-0.0,67.0,0.0,162057.094,0.0,986,0,1018,0,0,0,958,0,1046,0,939,0,794,0,787,0,823,0,7520,0.032,1.95996655783164e+20,0.0,0.0,784,16797,-0.0,162057.094,-114818.039,-0.0,0.133,6.909358625270745e+28,30.0,70.0,35,0.0,0.0,0.0,0.0,0.0,0.0,0.0,0.0,0.0,0.0,0.0,0.0,0.0,0.0,0.0,0.0,66.0,0,150,71,52,65476,0,300,0,0,8,20529,65476,0,0,44564,70.0,0.0,0.0,0.0,0.0,0.0
2026-09-10T21:00:20,ERR,ERR,ERR,ERR,ERR,ERR,ERR,ERR,ERR,ERR,ERR,ERR,ERR,ERR,ERR,ERR,ERR,ERR,ERR,ERR,ERR,ERR,ERR,ERR,ERR,ERR,ERR,ERR,ERR,ERR,ERR,ERR,ERR,ERR,ERR,ERR,ERR,ERR,ERR,ERR,ERR,ERR,ERR,ERR,ERR,ERR,ERR,ERR,ERR,ERR,ERR,ERR,ERR,ERR,ERR,ERR,ERR,ERR,ERR,ERR,ERR,ERR,ERR,ERR,ERR,ERR,ERR,ERR,ERR,ERR,ERR,ERR,ERR,ERR,ERR,ERR,ERR,ERR,ERR,ERR,ERR,ERR,ERR,ERR,ERR,ERR,ERR,ERR,ERR,ERR,ERR,ERR,ERR,ERR,ERR,ERR,ERR,ERR,ERR,ERR,ERR,ERR,ERR,ERR,ERR,ERR,ERR,ERR,ERR,ERR,ERR,ERR,ERR,ERR,ERR,ERR,ERR,ERR,ERR,ERR,ERR,ERR,ERR,ERR,ERR,0.0,-0.0,0.0,0.0,0.0,1.3936040501711995e+18,7.805,0.0,0,0,4,0,7116,0.0,100,0.0,0.0,0.0,0.0,0.0,0,0,0,0,0.0,0,0,0,0,0,0,0,0,0,0,0,0,0,0,0,0,0,0,0,0,0,0,0,0,0,0,0,0,0,0,0,0,0,31,40,40,71,65476,0,300,0,0,8,21553,0.0,-107605600.0,0.0,0.0,0.0,0.0,0.0,0.0,0.0,0.0,0.0,0.0,0.0,0.0,0.0,0.0,0.0,0.0,0.0,0.0,0.0,0.0,-2.004,-2.004,-2.004,-2.004,0.0,0.0,0.0,0.0,4477.0,0.0,6914.0,-107615312.0,-0.0,-107615120.0,-107615288.0,0.0,0.0,0.0,0.0,69,0.0,0.0,0.0,0.0,0.0,0.0,0.0,0.0,0.0,0,0,0,0.0,0.0,0.0,0.0,0.0,0.0,0.0,0.0,0.0,0.0,0.0,0.0,0.0,0.0,0.0,0.0,0,-107875648.0,69,0.0,138,0.0,0.0,0,39322,17087,13107,17105,52429,17083,0,0,0,70,68,100,-0.0,82.2,2.730238639235042e+23,78.9,-107615472.0,79.0,1,49,50,180,13107,39322,0,0,0.0,0.0,0.0,0.0,-0.0,67.0,0.0,162057.094,0.0,986,0,1018,0,0,0,958,0,1046,0,939,0,794,0,787,0,823,0,7520,0.032,1.95996655783164e+20,0.0,0.0,784,16797,-0.0,162057.094,-114818.039,-0.0,0.133,6.909358625270745e+28,30.0,70.0,35,0.0,0.0,0.0,0.0,0.0,0.0,0.0,0.0,0.0,0.0,0.0,0.0,0.0,0.0,0.0,0.0,66.0,0,150,71,52,65476,0,300,0,0,8,20529,65476,0,0,44564,70.0,0.0,0.0,0.0,0.0,0.0
2026-09-10T21:00:21,ERR,ERR,ERR,ERR,ERR,ERR,ERR,ERR,ERR,ERR,ERR,ERR,ERR,ERR,ERR,ERR,ERR,ERR,ERR,ERR,ERR,ERR,ERR,ERR,ERR,ERR,ERR,ERR,ERR,ERR,ERR,ERR,ERR,ERR,ERR,ERR,ERR,ERR,ERR,ERR,ERR,ERR,ERR,ERR,ERR,ERR,ERR,ERR,ERR,ERR,ERR,ERR,ERR,ERR,ERR,ERR,ERR,ERR,ERR,ERR,ERR,ERR,ERR,ERR,ERR,ERR,ERR,ERR,ERR,ERR,ERR,ERR,ERR,ERR,ERR,ERR,ERR,ERR,ERR,ERR,ERR,ERR,ERR,ERR,ERR,ERR,ERR,ERR,ERR,ERR,ERR,ERR,ERR,ERR,ERR,ERR,ERR,ERR,ERR,ERR,ERR,ERR,ERR,ERR,ERR,ERR,ERR,ERR,ERR,ERR,ERR,ERR,ERR,ERR,ERR,ERR,ERR,ERR,ERR,ERR,ERR,ERR,ERR,ERR,ERR,0.0,-0.0,0.0,0.0,0.0,1.3936040501711995e+18,7.805,0.0,0,0,4,0,7116,0.0,100,0.0,0.0,0.0,0.0,0.0,0,0,0,0,0.0,0,0,0,0,0,0,0,0,0,0,0,0,0,0,0,0,0,0,0,0,0,0,0,0,0,0,0,0,0,0,0,0,0,31,40,40,71,65476,0,300,0,0,8,21553,0.0,-107605600.0,0.0,0.0,0.0,0.0,0.0,0.0,0.0,0.0,0.0,0.0,0.0,0.0,0.0,0.0,0.0,0.0,0.0,0.0,0.0,0.0,-2.004,-2.004,-2.004,-2.004,0.0,0.0,0.0,0.0,4477.0,0.0,6914.0,-107615312.0,-0.0,-107615120.0,-107615288.0,0.0,0.0,0.0,0.0,69,0.0,0.0,0.0,0.0,0.0,0.0,0.0,0.0,0.0,0,0,0,0.0,0.0,0.0,0.0,0.0,0.0,0.0,0.0,0.0,0.0,0.0,0.0,0.0,0.0,0.0,0.0,0,-107875648.0,69,0.0,138,0.0,0.0,0,39322,17087,13107,17105,52429,17083,0,0,0,70,68,100,-0.0,82.2,2.730238639235042e+23,78.9,-107615472.0,79.0,1,49,50,180,13107,39322,0,0,0.0,0.0,0.0,0.0,-0.0,67.0,0.0,162057.094,0.0,986,0,1018,0,0,0,958,0,1046,0,939,0,794,0,787,0,823,0,7520,0.032,1.95996655783164e+20,0.0,0.0,784,16797,-0.0,162057.094,-114818.039,-0.0,0.133,6.909358625270745e+28,30.0,70.0,35,0.0,0.0,0.0,0.0,0.0,0.0,0.0,0.0,0.0,0.0,0.0,0.0,0.0,0.0,0.0,0.0,66.0,0,150,71,52,65476,0,300,0,0,8,20529,65476,0,0,44564,70.0,0.0,0.0,0.0,0.0,0.0
2026-09-10T21:00:22,ERR,ERR,ERR,ERR,ERR,ERR,ERR,ERR,ERR,ERR,ERR,ERR,ERR,ERR,ERR,ERR,ERR,ERR,ERR,ERR,ERR,ERR,ERR,ERR,ERR,ERR,ERR,ERR,ERR,ERR,ERR,ERR,ERR,ERR,ERR,ERR,ERR,ERR,ERR,ERR,ERR,ERR,ERR,ERR,ERR,ERR,ERR,ERR,ERR,ERR,ERR,ERR,ERR,ERR,ERR,ERR,ERR,ERR,ERR,ERR,ERR,ERR,ERR,ERR,ERR,ERR,ERR,ERR,ERR,ERR,ERR,ERR,ERR,ERR,ERR,ERR,ERR,ERR,ERR,ERR,ERR,ERR,ERR,ERR,ERR,ERR,ERR,ERR,ERR,ERR,ERR,ERR,ERR,ERR,ERR,ERR,ERR,ERR,ERR,ERR,ERR,ERR,ERR,ERR,ERR,ERR,ERR,ERR,ERR,ERR,ERR,ERR,ERR,ERR,ERR,ERR,ERR,ERR,ERR,ERR,ERR,ERR,ERR,ERR,ERR,0.0,-0.0,0.0,0.0,0.0,1.3936040501711995e+18,7.805,0.0,0,0,4,0,7116,0.0,100,0.0,0.0,0.0,0.0,0.0,0,0,0,0,0.0,0,0,0,0,0,0,0,0,0,0,0,0,0,0,0,0,0,0,0,0,0,0,0,0,0,0,0,0,0,0,0,0,0,31,40,40,71,65476,0,300,0,0,8,21553,0.0,-107605600.0,0.0,0.0,0.0,0.0,0.0,0.0,0.0,0.0,0.0,0.0,0.0,0.0,0.0,0.0,0.0,0.0,0.0,0.0,0.0,0.0,-2.004,-2.004,-2.004,-2.004,0.0,0.0,0.0,0.0,4477.0,0.0,6914.0,-107615312.0,-0.0,-107615120.0,-107615288.0,0.0,0.0,0.0,0.0,69,0.0,0.0,0.0,0.0,0.0,0.0,0.0,0.0,0.0,0,0,0,0.0,0.0,0.0,0.0,0.0,0.0,0.0,0.0,0.0,0.0,0.0,0.0,0.0,0.0,0.0,0.0,0,-107875648.0,69,0.0,138,0.0,0.0,0,39322,17087,13107,17105,52429,17083,0,0,0,70,68,100,-0.0,82.2,2.730238639235042e+23,78.9,-107615472.0,79.0,1,49,50,180,13107,39322,0,0,0.0,0.0,0.0,0.0,-0.0,67.0,0.0,162057.094,0.0,986,0,1018,0,0,0,958,0,1045,0,939,0,794,0,787,0,823,0,7520,0.032,1.95996655783164e+20,0.0,0.0,784,16797,-0.0,162057.094,-114818.039,-0.0,0.133,6.909358625270745e+28,30.0,70.0,35,0.0,0.0,0.0,0.0,0.0,0.0,0.0,0.0,0.0,0.0,0.0,0.0,0.0,0.0,0.0,0.0,66.0,0,150,71,52,65476,0,300,0,0,8,20529,65476,0,0,44564,70.0,0.0,0.0,0.0,0.0,0.0
2026-09-10T21:00:23,ERR,ERR,ERR,ERR,ERR,ERR,ERR,ERR,ERR,ERR,ERR,ERR,ERR,ERR,ERR,ERR,ERR,ERR,ERR,ERR,ERR,ERR,ERR,ERR,ERR,ERR,ERR,ERR,ERR,ERR,ERR,ERR,ERR,ERR,ERR,ERR,ERR,ERR,ERR,ERR,ERR,ERR,ERR,ERR,ERR,ERR,ERR,ERR,ERR,ERR,ERR,ERR,ERR,ERR,ERR,ERR,ERR,ERR,ERR,ERR,ERR,ERR,ERR,ERR,ERR,ERR,ERR,ERR,ERR,ERR,ERR,ERR,ERR,ERR,ERR,ERR,ERR,ERR,ERR,ERR,ERR,ERR,ERR,ERR,ERR,ERR,ERR,ERR,ERR,ERR,ERR,ERR,ERR,ERR,ERR,ERR,ERR,ERR,ERR,ERR,ERR,ERR,ERR,ERR,ERR,ERR,ERR,ERR,ERR,ERR,ERR,ERR,ERR,ERR,ERR,ERR,ERR,ERR,ERR,ERR,ERR,ERR,ERR,ERR,ERR,0.0,-0.0,0.0,0.0,0.0,1.3936040501711995e+18,7.805,0.0,0,0,4,0,7116,0.0,100,0.0,0.0,0.0,0.0,0.0,0,0,0,0,0.0,0,0,0,0,0,0,0,0,0,0,0,0,0,0,0,0,0,0,0,0,0,0,0,0,0,0,0,0,0,0,0,0,0,31,40,40,71,65476,0,300,0,0,8,21553,0.0,-107605600.0,0.0,0.0,0.0,0.0,0.0,0.0,0.0,0.0,0.0,0.0,0.0,0.0,0.0,0.0,0.0,0.0,0.0,0.0,0.0,0.0,-2.004,-2.004,-2.004,-2.004,0.0,0.0,0.0,0.0,4477.0,0.0,6914.0,-107615312.0,-0.0,-107615120.0,-107615288.0,0.0,0.0,0.0,0.0,69,0.0,0.0,0.0,0.0,0.0,0.0,0.0,0.0,0.0,0,0,0,0.0,0.0,0.0,0.0,0.0,0.0,0.0,0.0,0.0,0.0,0.0,0.0,0.0,0.0,0.0,0.0,0,-107875648.0,69,0.0,138,0.0,0.0,0,39322,17087,13107,17105,52429,17083,0,0,0,70,68,100,-0.0,82.2,2.730238639235042e+23,78.9,-107615472.0,79.0,1,49,50,180,13107,39322,0,0,0.0,0.0,0.0,0.0,-0.0,67.0,0.0,162057.094,0.0,986,0,1018,0,0,0,958,0,1045,0,939,0,794,0,787,0,823,0,7520,0.032,1.95996655783164e+20,0.0,0.0,784,16797,-0.0,162057.094,-114818.039,-0.0,0.133,6.909358625270745e+28,30.0,70.0,35,0.0,0.0,0.0,0.0,0.0,0.0,0.0,0.0,0.0,0.0,0.0,0.0,0.0,0.0,0.0,0.0,66.0,0,150,71,52,65476,0,300,0,0,8,20529,65476,0,0,44564,70.0,0.0,0.0,0.0,0.0,0.0
2026-09-10T21:00:24,ERR,ERR,ERR,ERR,ERR,ERR,ERR,ERR,ERR,ERR,ERR,ERR,ERR,ERR,ERR,ERR,ERR,ERR,ERR,ERR,ERR,ERR,ERR,ERR,ERR,ERR,ERR,ERR,ERR,ERR,ERR,ERR,ERR,ERR,ERR,ERR,ERR,ERR,ERR,ERR,ERR,ERR,ERR,ERR,ERR,ERR,ERR,ERR,ERR,ERR,ERR,ERR,ERR,ERR,ERR,ERR,ERR,ERR,ERR,ERR,ERR,ERR,ERR,ERR,ERR,ERR,ERR,ERR,ERR,ERR,ERR,ERR,ERR,ERR,ERR,ERR,ERR,ERR,ERR,ERR,ERR,ERR,ERR,ERR,ERR,ERR,ERR,ERR,ERR,ERR,ERR,ERR,ERR,ERR,ERR,ERR,ERR,ERR,ERR,ERR,ERR,ERR,ERR,ERR,ERR,ERR,ERR,ERR,ERR,ERR,ERR,ERR,ERR,ERR,ERR,ERR,ERR,ERR,ERR,ERR,ERR,ERR,ERR,ERR,ERR,0.0,-0.0,0.0,0.0,0.0,1.3936040501711995e+18,7.805,0.0,0,0,4,0,7116,0.0,100,0.0,0.0,0.0,0.0,0.0,0,0,0,0,0.0,0,0,0,0,0,0,0,0,0,0,0,0,0,0,0,0,0,0,0,0,0,0,0,0,0,0,0,0,0,0,0,0,0,31,40,40,71,65476,0,300,0,0,8,21553,0.0,-107605600.0,0.0,0.0,0.0,0.0,0.0,0.0,0.0,0.0,0.0,0.0,0.0,0.0,0.0,0.0,0.0,0.0,0.0,0.0,0.0,0.0,-2.004,-2.004,-2.004,-2.004,0.0,0.0,0.0,0.0,4477.0,0.0,6914.0,-107615312.0,-0.0,-107615120.0,-107615288.0,0.0,0.0,0.0,0.0,69,0.0,0.0,0.0,0.0,0.0,0.0,0.0,0.0,0.0,0,0,0,0.0,0.0,0.0,0.0,0.0,0.0,0.0,0.0,0.0,0.0,0.0,0.0,0.0,0.0,0.0,0.0,0,-107875648.0,69,0.0,138,0.0,0.0,0,39322,17087,13107,17105,52429,17083,0,0,0,70,68,100,-0.0,82.2,2.730238639235042e+23,78.9,-107615472.0,79.0,1,49,50,180,13107,39322,0,0,0.0,0.0,0.0,0.0,-0.0,67.0,0.0,162057.094,0.0,986,0,1018,0,0,0,958,0,1045,0,939,0,794,0,787,0,823,0,7520,0.032,1.95996655783164e+20,0.0,0.0,784,16797,-0.0,162057.094,-114818.039,-0.0,0.133,6.909358625270745e+28,30.0,70.0,35,0.0,0.0,0.0,0.0,0.0,0.0,0.0,0.0,0.0,0.0,0.0,0.0,0.0,0.0,0.0,0.0,66.0,0,150,71,52,65476,0,300,0,0,8,20529,65476,0,0,44564,70.0,0.0,0.0,0.0,0.0,0.0
2026-09-10T21:00:25,ERR,ERR,ERR,ERR,ERR,ERR,ERR,ERR,ERR,ERR,ERR,ERR,ERR,ERR,ERR,ERR,ERR,ERR,ERR,ERR,ERR,ERR,ERR,ERR,ERR,ERR,ERR,ERR,ERR,ERR,ERR,ERR,ERR,ERR,ERR,ERR,ERR,ERR,ERR,ERR,ERR,ERR,ERR,ERR,ERR,ERR,ERR,ERR,ERR,ERR,ERR,ERR,ERR,ERR,ERR,ERR,ERR,ERR,ERR,ERR,ERR,ERR,ERR,ERR,ERR,ERR,ERR,ERR,ERR,ERR,ERR,ERR,ERR,ERR,ERR,ERR,ERR,ERR,ERR,ERR,ERR,ERR,ERR,ERR,ERR,ERR,ERR,ERR,ERR,ERR,ERR,ERR,ERR,ERR,ERR,ERR,ERR,ERR,ERR,ERR,ERR,ERR,ERR,ERR,ERR,ERR,ERR,ERR,ERR,ERR,ERR,ERR,ERR,ERR,ERR,ERR,ERR,ERR,ERR,ERR,ERR,ERR,ERR,ERR,ERR,0.0,-0.0,0.0,0.0,0.0,1.3936040501711995e+18,7.805,0.0,0,0,4,0,7116,0.0,100,0.0,0.0,0.0,0.0,0.0,0,0,0,0,0.0,0,0,0,0,0,0,0,0,0,0,0,0,0,0,0,0,0,0,0,0,0,0,0,0,0,0,0,0,0,0,0,0,0,31,40,40,71,65476,0,300,0,0,8,21553,0.0,-107605600.0,0.0,0.0,0.0,0.0,0.0,0.0,0.0,0.0,0.0,0.0,0.0,0.0,0.0,0.0,0.0,0.0,0.0,0.0,0.0,0.0,-0.0,-2.004,-2.004,-0.0,0.0,0.0,0.0,0.0,4477.0,0.0,6914.0,0.0,-0.0,-107615120.0,-0.0,0.0,0.0,0.0,0.0,69,0.0,0.0,0.0,0.0,0.0,0.0,0.0,0.0,0.0,0,0,0,0.0,0.0,0.0,0.0,0.0,0.0,0.0,0.0,0.0,0.0,0.0,0.0,0.0,0.0,0.0,0.0,0,-107875648.0,69,0.0,138,0.0,0.0,0,39322,17087,13107,17105,52429,17083,0,0,0,70,68,100,-0.0,82.2,2.730238639235042e+23,78.9,-107615472.0,79.0,1,49,50,180,13107,39322,0,0,0.0,0.0,0.0,0.0,-0.0,67.0,0.0,162057.094,0.0,986,0,1018,0,0,0,958,0,1045,0,939,0,794,0,787,0,823,0,7520,0.032,1.95996655783164e+20,0.0,0.0,784,16797,-0.0,162057.094,-114818.039,-0.0,0.133,6.909358625270745e+28,30.0,70.0,35,0.0,0.0,0.0,0.0,0.0,0.0,0.0,0.0,0.0,0.0,0.0,0.0,0.0,0.0,0.0,0.0,66.0,0,150,71,52,65476,0,300,0,0,8,20529,65476,0,0,44564,70.0,0.0,0.0,0.0,0.0,0.0
2026-09-10T21:00:26,ERR,ERR,ERR,ERR,ERR,ERR,ERR,ERR,ERR,ERR,ERR,ERR,ERR,ERR,ERR,ERR,ERR,ERR,ERR,ERR,ERR,ERR,ERR,ERR,ERR,ERR,ERR,ERR,ERR,ERR,ERR,ERR,ERR,ERR,ERR,ERR,ERR,ERR,ERR,ERR,ERR,ERR,ERR,ERR,ERR,ERR,ERR,ERR,ERR,ERR,ERR,ERR,ERR,ERR,ERR,ERR,ERR,ERR,ERR,ERR,ERR,ERR,ERR,ERR,ERR,ERR,ERR,ERR,ERR,ERR,ERR,ERR,ERR,ERR,ERR,ERR,ERR,ERR,ERR,ERR,ERR,ERR,ERR,ERR,ERR,ERR,ERR,ERR,ERR,ERR,ERR,ERR,ERR,ERR,ERR,ERR,ERR,ERR,ERR,ERR,ERR,ERR,ERR,ERR,ERR,ERR,ERR,ERR,ERR,ERR,ERR,ERR,ERR,ERR,ERR,ERR,ERR,ERR,ERR,ERR,ERR,ERR,ERR,ERR,ERR,0.0,-0.0,0.0,0.0,0.0,1.3936040501711995e+18,7.805,0.0,0,0,4,0,7116,0.0,100,0.0,0.0,0.0,0.0,0.0,0,0,0,0,0.0,0,0,0,0,0,0,0,0,0,0,0,0,0,0,0,0,0,0,0,0,0,0,0,0,0,0,0,0,0,0,0,0,0,31,40,40,71,65476,0,300,0,0,8,21553,0.0,-107605600.0,0.0,0.0,0.0,0.0,0.0,0.0,0.0,0.0,0.0,0.0,0.0,0.0,0.0,0.0,0.0,0.0,0.0,0.0,0.0,0.0,-0.0,-2.004,-2.004,-0.0,0.0,0.0,0.0,0.0,4477.0,0.0,6914.0,0.0,-0.0,-107615120.0,-0.0,0.0,0.0,0.0,0.0,69,0.0,0.0,0.0,0.0,0.0,0.0,0.0,0.0,0.0,0,0,0,0.0,0.0,0.0,0.0,0.0,0.0,0.0,0.0,0.0,0.0,0.0,0.0,0.0,0.0,0.0,0.0,0,-107875648.0,69,0.0,138,0.0,0.0,0,39322,17087,0,17105,0,17084,0,0,0,70,68,100,-0.0,82.2,2.730238639235042e+23,78.9,-107615472.0,79.0,1,49,50,180,13107,39322,0,0,0.0,0.0,0.0,0.0,-0.0,67.0,0.0,162057.094,0.0,986,0,1018,0,0,0,958,0,1045,0,940,0,794,0,787,0,823,0,7520,0.032,1.95996655783164e+20,0.0,0.0,784,16797,-0.0,162057.094,-114818.039,-0.0,0.133,6.909358625270745e+28,30.0,70.0,35,0.0,0.0,0.0,0.0,0.0,0.0,0.0,0.0,0.0,0.0,0.0,0.0,0.0,0.0,0.0,0.0,66.0,0,150,71,52,65476,0,300,0,0,8,20529,65476,0,0,44564,70.0,0.0,0.0,0.0,0.0,0.0
2026-09-10T21:00:27,ERR,ERR,ERR,ERR,ERR,ERR,ERR,ERR,ERR,ERR,ERR,ERR,ERR,ERR,ERR,ERR,ERR,ERR,ERR,ERR,ERR,ERR,ERR,ERR,ERR,ERR,ERR,ERR,ERR,ERR,ERR,ERR,ERR,ERR,ERR,ERR,ERR,ERR,ERR,ERR,ERR,ERR,ERR,ERR,ERR,ERR,ERR,ERR,ERR,ERR,ERR,ERR,ERR,ERR,ERR,ERR,ERR,ERR,ERR,ERR,ERR,ERR,ERR,ERR,ERR,ERR,ERR,ERR,ERR,ERR,ERR,ERR,ERR,ERR,ERR,ERR,ERR,ERR,ERR,ERR,ERR,ERR,ERR,ERR,ERR,ERR,ERR,ERR,ERR,ERR,ERR,ERR,ERR,ERR,ERR,ERR,ERR,ERR,ERR,ERR,ERR,ERR,ERR,ERR,ERR,ERR,ERR,ERR,ERR,ERR,ERR,ERR,ERR,ERR,ERR,ERR,ERR,ERR,ERR,ERR,ERR,ERR,ERR,ERR,ERR,0.0,-0.0,0.0,0.0,0.0,1.3936040501711995e+18,7.805,0.0,0,0,4,0,7116,0.0,100,0.0,0.0,0.0,0.0,0.0,0,0,0,0,0.0,0,0,0,0,0,0,0,0,0,0,0,0,0,0,0,0,0,0,0,0,0,0,0,0,0,0,0,0,0,0,0,0,0,31,40,40,71,65476,0,300,0,0,8,21553,0.0,-107605600.0,0.0,0.0,0.0,0.0,0.0,0.0,0.0,0.0,0.0,0.0,0.0,0.0,0.0,0.0,0.0,0.0,0.0,0.0,0.0,0.0,-0.0,-2.004,-2.004,-0.0,0.0,0.0,0.0,0.0,4477.0,0.0,6914.0,0.0,-0.0,-107615120.0,-0.0,0.0,0.0,0.0,0.0,69,0.0,0.0,0.0,0.0,0.0,0.0,0.0,0.0,0.0,0,0,0,0.0,0.0,0.0,0.0,0.0,0.0,0.0,0.0,0.0,0.0,0.0,0.0,0.0,0.0,0.0,0.0,0,-107875648.0,69,0.0,138,0.0,0.0,0,39322,17087,0,17105,0,17084,0,0,0,70,68,100,-0.0,82.2,2.730238639235042e+23,78.9,-107615472.0,79.0,1,49,50,180,13107,39322,0,0,0.0,0.0,0.0,0.0,-0.0,67.0,0.0,162057.094,0.0,986,0,1018,0,0,0,958,0,1045,0,940,0,794,0,787,0,823,0,7520,0.032,1.95996655783164e+20,0.0,0.0,784,16797,-0.0,162057.094,-114818.039,-0.0,0.133,6.909358625270745e+28,30.0,70.0,35,0.0,0.0,0.0,0.0,0.0,0.0,0.0,0.0,0.0,0.0,0.0,0.0,0.0,0.0,0.0,0.0,66.0,0,150,71,52,65476,0,300,0,0,8,20529,65476,0,0,44564,70.0,0.0,0.0,0.0,0.0,0.0
2026-09-10T21:00:28,ERR,ERR,ERR,ERR,ERR,ERR,ERR,ERR,ERR,ERR,ERR,ERR,ERR,ERR,ERR,ERR,ERR,ERR,ERR,ERR,ERR,ERR,ERR,ERR,ERR,ERR,ERR,ERR,ERR,ERR,ERR,ERR,ERR,ERR,ERR,ERR,ERR,ERR,ERR,ERR,ERR,ERR,ERR,ERR,ERR,ERR,ERR,ERR,ERR,ERR,ERR,ERR,ERR,ERR,ERR,ERR,ERR,ERR,ERR,ERR,ERR,ERR,ERR,ERR,ERR,ERR,ERR,ERR,ERR,ERR,ERR,ERR,ERR,ERR,ERR,ERR,ERR,ERR,ERR,ERR,ERR,ERR,ERR,ERR,ERR,ERR,ERR,ERR,ERR,ERR,ERR,ERR,ERR,ERR,ERR,ERR,ERR,ERR,ERR,ERR,ERR,ERR,ERR,ERR,ERR,ERR,ERR,ERR,ERR,ERR,ERR,ERR,ERR,ERR,ERR,ERR,ERR,ERR,ERR,ERR,ERR,ERR,ERR,ERR,ERR,0.0,-0.0,0.0,0.0,0.0,1.3936040501711995e+18,7.805,0.0,0,0,4,0,7116,0.0,100,0.0,0.0,0.0,0.0,0.0,0,0,0,0,0.0,0,0,0,0,0,0,0,0,0,0,0,0,0,0,0,0,0,0,0,0,0,0,0,0,0,0,0,0,0,0,0,0,0,31,40,40,71,65476,0,300,0,0,8,21553,0.0,-107605600.0,0.0,0.0,0.0,0.0,0.0,0.0,0.0,0.0,0.0,0.0,0.0,0.0,0.0,0.0,0.0,0.0,0.0,0.0,0.0,0.0,-0.0,-2.004,-2.004,-0.0,0.0,0.0,0.0,0.0,4477.0,0.0,6914.0,0.0,-0.0,-107615120.0,-0.0,0.0,0.0,0.0,0.0,69,0.0,0.0,0.0,0.0,0.0,0.0,0.0,0.0,0.0,0,0,0,0.0,0.0,0.0,0.0,0.0,0.0,0.0,0.0,0.0,0.0,0.0,0.0,0.0,0.0,0.0,0.0,0,-107875648.0,69,0.0,138,0.0,0.0,0,39322,17087,0,17105,0,17084,0,0,0,70,68,100,-0.0,82.2,2.730238639235042e+23,78.9,-107615472.0,79.0,1,49,50,180,13107,39322,0,0,0.0,0.0,0.0,0.0,-0.0,67.0,0.0,162057.094,0.0,986,0,1018,0,0,0,958,0,1045,0,940,0,794,0,787,0,823,0,7520,0.032,1.95996655783164e+20,0.0,0.0,784,16797,-0.0,162057.094,-114818.039,-0.0,0.133,6.909358625270745e+28,30.0,70.0,35,0.0,0.0,0.0,0.0,0.0,0.0,0.0,0.0,0.0,0.0,0.0,0.0,0.0,0.0,0.0,0.0,66.0,0,150,71,52,65476,0,300,0,0,8,20529,65476,0,0,44564,70.0,0.0,0.0,0.0,0.0,0.0
2026-09-10T21:00:29,ERR,ERR,ERR,ERR,ERR,ERR,ERR,ERR,ERR,ERR,ERR,ERR,ERR,ERR,ERR,ERR,ERR,ERR,ERR,ERR,ERR,ERR,ERR,ERR,ERR,ERR,ERR,ERR,ERR,ERR,ERR,ERR,ERR,ERR,ERR,ERR,ERR,ERR,ERR,ERR,ERR,ERR,ERR,ERR,ERR,ERR,ERR,ERR,ERR,ERR,ERR,ERR,ERR,ERR,ERR,ERR,ERR,ERR,ERR,ERR,ERR,ERR,ERR,ERR,ERR,ERR,ERR,ERR,ERR,ERR,ERR,ERR,ERR,ERR,ERR,ERR,ERR,ERR,ERR,ERR,ERR,ERR,ERR,ERR,ERR,ERR,ERR,ERR,ERR,ERR,ERR,ERR,ERR,ERR,ERR,ERR,ERR,ERR,ERR,ERR,ERR,ERR,ERR,ERR,ERR,ERR,ERR,ERR,ERR,ERR,ERR,ERR,ERR,ERR,ERR,ERR,ERR,ERR,ERR,ERR,ERR,ERR,ERR,ERR,ERR,0.0,-0.0,0.0,0.0,0.0,1.3936040501711995e+18,7.805,0.0,0,0,4,0,7116,0.0,100,0.0,0.0,0.0,0.0,0.0,0,0,0,0,0.0,0,0,0,0,0,0,0,0,0,0,0,0,0,0,0,0,0,0,0,0,0,0,0,0,0,0,0,0,0,0,0,0,0,31,40,40,71,65476,0,300,0,0,8,21553,0.0,-107605600.0,0.0,0.0,0.0,0.0,0.0,0.0,0.0,0.0,0.0,0.0,0.0,0.0,0.0,0.0,0.0,0.0,0.0,0.0,0.0,0.0,-0.0,-2.004,-2.004,-0.0,0.0,0.0,0.0,0.0,4477.0,0.0,6914.0,0.0,-0.0,-107615120.0,-0.0,0.0,0.0,0.0,0.0,69,0.0,0.0,0.0,0.0,0.0,0.0,0.0,0.0,0.0,0,0,0,0.0,0.0,0.0,0.0,0.0,0.0,0.0,0.0,0.0,0.0,0.0,0.0,0.0,0.0,0.0,0.0,0,-107875648.0,69,0.0,138,0.0,0.0,0,39322,17087,0,17105,0,17084,0,0,0,70,68,100,-0.0,82.2,2.730238639235042e+23,78.9,-107615472.0,79.0,1,49,50,180,13107,39322,0,0,0.0,0.0,0.0,0.0,-0.0,67.0,0.0,162057.094,0.0,986,0,1018,0,0,0,958,0,1045,0,940,0,794,0,787,0,823,0,7520,0.032,1.95996655783164e+20,0.0,0.0,784,16797,-0.0,162057.094,-114818.039,-0.0,0.133,6.909358625270745e+28,30.0,70.0,35,0.0,0.0,0.0,0.0,0.0,0.0,0.0,0.0,0.0,0.0,0.0,0.0,0.0,0.0,0.0,0.0,66.0,0,150,71,52,65476,0,300,0,0,8,20529,65476,0,0,44564,70.0,0.0,0.0,0.0,0.0,0.0
2026-09-10T21:00:30,ERR,ERR,ERR,ERR,ERR,ERR,ERR,ERR,ERR,ERR,ERR,ERR,ERR,ERR,ERR,ERR,ERR,ERR,ERR,ERR,ERR,ERR,ERR,ERR,ERR,ERR,ERR,ERR,ERR,ERR,ERR,ERR,ERR,ERR,ERR,ERR,ERR,ERR,ERR,ERR,ERR,ERR,ERR,ERR,ERR,ERR,ERR,ERR,ERR,ERR,ERR,ERR,ERR,ERR,ERR,ERR,ERR,ERR,ERR,ERR,ERR,ERR,ERR,ERR,ERR,ERR,ERR,ERR,ERR,ERR,ERR,ERR,ERR,ERR,ERR,ERR,ERR,ERR,ERR,ERR,ERR,ERR,ERR,ERR,ERR,ERR,ERR,ERR,ERR,ERR,ERR,ERR,ERR,ERR,ERR,ERR,ERR,ERR,ERR,ERR,ERR,ERR,ERR,ERR,ERR,ERR,ERR,ERR,ERR,ERR,ERR,ERR,ERR,ERR,ERR,ERR,ERR,ERR,ERR,ERR,ERR,ERR,ERR,ERR,ERR,0.0,-0.0,0.0,0.0,0.0,1.3936040501711995e+18,7.805,0.0,0,0,4,0,7116,0.0,100,0.0,0.0,0.0,0.0,0.0,0,0,0,0,0.0,0,0,0,0,0,0,0,0,0,0,0,0,0,0,0,0,0,0,0,0,0,0,0,0,0,0,0,0,0,0,0,0,0,31,40,40,71,65476,0,300,0,0,8,21553,0.0,-107605600.0,0.0,0.0,0.0,0.0,0.0,0.0,0.0,0.0,0.0,0.0,0.0,0.0,0.0,0.0,0.0,0.0,0.0,0.0,0.0,0.0,-0.0,-2.004,-2.004,-0.0,0.0,0.0,0.0,0.0,4477.0,0.0,6914.0,0.0,-0.0,-107615120.0,-0.0,0.0,0.0,0.0,0.0,69,0.0,0.0,0.0,0.0,0.0,0.0,0.0,0.0,0.0,0,0,0,0.0,0.0,0.0,0.0,0.0,0.0,0.0,0.0,0.0,0.0,0.0,0.0,0.0,0.0,0.0,0.0,0,-107875648.0,69,0.0,138,0.0,0.0,0,39322,17087,0,17105,0,17084,0,0,0,70,68,100,-0.0,82.2,2.730238639235042e+23,78.9,-107615472.0,79.0,1,49,50,180,13107,39322,0,0,0.0,0.0,0.0,0.0,-0.0,67.0,0.0,162057.094,0.0,986,0,1018,0,0,0,958,0,1045,0,940,0,794,0,787,0,823,0,7520,0.032,1.95996655783164e+20,0.0,0.0,784,16797,-0.0,162057.094,-114818.039,-0.0,0.133,6.909358625270745e+28,30.0,70.0,35,0.0,0.0,0.0,0.0,0.0,0.0,0.0,0.0,0.0,0.0,0.0,0.0,0.0,0.0,0.0,0.0,66.0,0,150,71,52,65476,0,300,0,0,8,20529,65476,0,0,44564,70.0,0.0,0.0,0.0,0.0,0.0
2026-09-10T21:00:31,ERR,ERR,ERR,ERR,ERR,ERR,ERR,ERR,ERR,ERR,ERR,ERR,ERR,ERR,ERR,ERR,ERR,ERR,ERR,ERR,ERR,ERR,ERR,ERR,ERR,ERR,ERR,ERR,ERR,ERR,ERR,ERR,ERR,ERR,ERR,ERR,ERR,ERR,ERR,ERR,ERR,ERR,ERR,ERR,ERR,ERR,ERR,ERR,ERR,ERR,ERR,ERR,ERR,ERR,ERR,ERR,ERR,ERR,ERR,ERR,ERR,ERR,ERR,ERR,ERR,ERR,ERR,ERR,ERR,ERR,ERR,ERR,ERR,ERR,ERR,ERR,ERR,ERR,ERR,ERR,ERR,ERR,ERR,ERR,ERR,ERR,ERR,ERR,ERR,ERR,ERR,ERR,ERR,ERR,ERR,ERR,ERR,ERR,ERR,ERR,ERR,ERR,ERR,ERR,ERR,ERR,ERR,ERR,ERR,ERR,ERR,ERR,ERR,ERR,ERR,ERR,ERR,ERR,ERR,ERR,ERR,ERR,ERR,ERR,ERR,0.0,-0.0,0.0,0.0,0.0,1.3936040501711995e+18,7.805,0.0,0,0,4,0,7116,0.0,100,0.0,0.0,0.0,0.0,0.0,0,0,0,0,0.0,0,0,0,0,0,0,0,0,0,0,0,0,0,0,0,0,0,0,0,0,0,0,0,0,0,0,0,0,0,0,0,0,0,31,40,40,71,65476,0,300,0,0,8,21553,0.0,-107605600.0,0.0,0.0,0.0,0.0,0.0,0.0,0.0,0.0,0.0,0.0,0.0,0.0,0.0,0.0,0.0,0.0,0.0,0.0,0.0,0.0,-2.004,-2.004,-2.004,-0.0,0.0,0.0,0.0,0.0,4477.0,0.0,6919.0,0.0,-0.0,-107615120.0,-107615288.0,0.0,0.0,0.0,0.0,69,0.0,0.0,0.0,0.0,0.0,0.0,0.0,0.0,0.0,0,0,0,0.0,0.0,0.0,0.0,0.0,0.0,0.0,0.0,0.0,0.0,0.0,0.0,0.0,0.0,0.0,0.0,0,-107875648.0,69,0.0,138,0.0,0.0,0,39322,17087,13107,17105,0,17084,0,0,0,70,68,100,-0.0,82.2,2.730238639235042e+23,78.9,-107615472.0,79.0,1,49,50,180,13107,39322,0,0,0.0,0.0,0.0,0.0,-0.0,67.0,0.0,162057.094,0.0,986,0,1018,0,0,0,958,0,1045,0,940,0,794,0,787,0,823,0,7520,0.032,2.1213755684765984e+20,0.0,0.0,784,16797,-0.0,162057.094,-114818.039,-0.0,0.133,6.909358625270745e+28,30.0,70.0,35,0.0,0.0,0.0,0.0,0.0,0.0,0.0,0.0,0.0,0.0,0.0,0.0,0.0,0.0,0.0,0.0,66.0,0,150,71,52,65476,0,300,0,0,8,20529,65476,0,0,44564,70.0,0.0,0.0,0.0,0.0,0.0
2026-09-10T21:00:32,ERR,ERR,ERR,ERR,ERR,ERR,ERR,ERR,ERR,ERR,ERR,ERR,ERR,ERR,ERR,ERR,ERR,ERR,ERR,ERR,ERR,ERR,ERR,ERR,ERR,ERR,ERR,ERR,ERR,ERR,ERR,ERR,ERR,ERR,ERR,ERR,ERR,ERR,ERR,ERR,ERR,ERR,ERR,ERR,ERR,ERR,ERR,ERR,ERR,ERR,ERR,ERR,ERR,ERR,ERR,ERR,ERR,ERR,ERR,ERR,ERR,ERR,ERR,ERR,ERR,ERR,ERR,ERR,ERR,ERR,ERR,ERR,ERR,ERR,ERR,ERR,ERR,ERR,ERR,ERR,ERR,ERR,ERR,ERR,ERR,ERR,ERR,ERR,ERR,ERR,ERR,ERR,ERR,ERR,ERR,ERR,ERR,ERR,ERR,ERR,ERR,ERR,ERR,ERR,ERR,ERR,ERR,ERR,ERR,ERR,ERR,ERR,ERR,ERR,ERR,ERR,ERR,ERR,ERR,ERR,ERR,ERR,ERR,ERR,ERR,0.0,-0.0,0.0,0.0,0.0,1.3936040501711995e+18,7.805,0.0,0,0,4,0,7116,0.0,100,0.0,0.0,0.0,0.0,0.0,0,0,0,0,0.0,0,0,0,0,0,0,0,0,0,0,0,0,0,0,0,0,0,0,0,0,0,0,0,0,0,0,0,0,0,0,0,0,0,31,40,40,71,65476,0,300,0,0,8,21553,0.0,-107605600.0,0.0,0.0,0.0,0.0,0.0,0.0,0.0,0.0,0.0,0.0,0.0,0.0,0.0,0.0,0.0,0.0,0.0,0.0,0.0,0.0,-2.004,-2.004,-2.004,-0.0,0.0,0.0,0.0,0.0,4477.0,0.0,6919.0,0.0,-0.0,-107615120.0,-107615288.0,0.0,0.0,0.0,0.0,69,0.0,0.0,0.0,0.0,0.0,0.0,0.0,0.0,0.0,0,0,0,0.0,0.0,0.0,0.0,0.0,0.0,0.0,0.0,0.0,0.0,0.0,0.0,0.0,0.0,0.0,0.0,0,-107875648.0,69,0.0,138,0.0,0.0,0,39322,17087,13107,17105,0,17084,0,0,0,70,68,100,-0.0,82.2,2.730238639235042e+23,78.9,-107615472.0,79.0,1,49,50,180,13107,39322,0,0,0.0,0.0,0.0,0.0,-0.0,67.0,0.0,162057.094,0.0,986,0,1018,0,0,0,958,0,1045,0,940,0,794,0,787,0,823,0,7520,0.032,2.1213755684765984e+20,0.0,0.0,784,16797,-0.0,162057.094,-114818.039,-0.0,0.133,6.909358625270745e+28,30.0,70.0,35,0.0,0.0,0.0,0.0,0.0,0.0,0.0,0.0,0.0,0.0,0.0,0.0,0.0,0.0,0.0,0.0,66.0,0,150,71,52,65476,0,300,0,0,8,20529,65476,0,0,44564,70.0,0.0,0.0,0.0,0.0,0.0
2026-09-10T21:00:33,ERR,ERR,ERR,ERR,ERR,ERR,ERR,ERR,ERR,ERR,ERR,ERR,ERR,ERR,ERR,ERR,ERR,ERR,ERR,ERR,ERR,ERR,ERR,ERR,ERR,ERR,ERR,ERR,ERR,ERR,ERR,ERR,ERR,ERR,ERR,ERR,ERR,ERR,ERR,ERR,ERR,ERR,ERR,ERR,ERR,ERR,ERR,ERR,ERR,ERR,ERR,ERR,ERR,ERR,ERR,ERR,ERR,ERR,ERR,ERR,ERR,ERR,ERR,ERR,ERR,ERR,ERR,ERR,ERR,ERR,ERR,ERR,ERR,ERR,ERR,ERR,ERR,ERR,ERR,ERR,ERR,ERR,ERR,ERR,ERR,ERR,ERR,ERR,ERR,ERR,ERR,ERR,ERR,ERR,ERR,ERR,ERR,ERR,ERR,ERR,ERR,ERR,ERR,ERR,ERR,ERR,ERR,ERR,ERR,ERR,ERR,ERR,ERR,ERR,ERR,ERR,ERR,ERR,ERR,ERR,ERR,ERR,ERR,ERR,ERR,0.0,-0.0,0.0,0.0,0.0,1.3936040501711995e+18,7.805,0.0,0,0,4,0,7116,0.0,100,0.0,0.0,0.0,0.0,0.0,0,0,0,0,0.0,0,0,0,0,0,0,0,0,0,0,0,0,0,0,0,0,0,0,0,0,0,0,0,0,0,0,0,0,0,0,0,0,0,31,40,40,71,65476,0,300,0,0,8,21553,0.0,-107605600.0,0.0,0.0,0.0,0.0,0.0,0.0,0.0,0.0,0.0,0.0,0.0,0.0,0.0,0.0,0.0,0.0,0.0,0.0,0.0,0.0,-2.004,-2.004,-2.004,-0.0,0.0,0.0,0.0,0.0,4477.0,0.0,6919.0,0.0,-0.0,-107615120.0,-107615288.0,0.0,0.0,0.0,0.0,69,0.0,0.0,0.0,0.0,0.0,0.0,0.0,0.0,0.0,0,0,0,0.0,0.0,0.0,0.0,0.0,0.0,0.0,0.0,0.0,0.0,0.0,0.0,0.0,0.0,0.0,0.0,0,-107875648.0,69,0.0,138,0.0,0.0,0,39322,17087,13107,17105,0,17084,0,0,0,70,68,100,-0.0,82.2,2.730238639235042e+23,78.9,-107615472.0,79.0,1,49,50,180,13107,39322,0,0,0.0,0.0,0.0,0.0,-0.0,67.0,0.0,162057.094,0.0,986,0,1018,0,0,0,958,0,1045,0,940,0,794,0,787,0,823,0,7520,0.032,2.1213755684765984e+20,0.0,0.0,784,16797,-0.0,162057.094,-114818.039,-0.0,0.133,6.909358625270745e+28,30.0,70.0,35,0.0,0.0,0.0,0.0,0.0,0.0,0.0,0.0,0.0,0.0,0.0,0.0,0.0,0.0,0.0,0.0,66.0,0,150,71,52,65476,0,300,0,0,8,20529,65476,0,0,44564,70.0,0.0,0.0,0.0,0.0,0.0
2026-09-10T21:00:34,ERR,ERR,ERR,ERR,ERR,ERR,ERR,ERR,ERR,ERR,ERR,ERR,ERR,ERR,ERR,ERR,ERR,ERR,ERR,ERR,ERR,ERR,ERR,ERR,ERR,ERR,ERR,ERR,ERR,ERR,ERR,ERR,ERR,ERR,ERR,ERR,ERR,ERR,ERR,ERR,ERR,ERR,ERR,ERR,ERR,ERR,ERR,ERR,ERR,ERR,ERR,ERR,ERR,ERR,ERR,ERR,ERR,ERR,ERR,ERR,ERR,ERR,ERR,ERR,ERR,ERR,ERR,ERR,ERR,ERR,ERR,ERR,ERR,ERR,ERR,ERR,ERR,ERR,ERR,ERR,ERR,ERR,ERR,ERR,ERR,ERR,ERR,ERR,ERR,ERR,ERR,ERR,ERR,ERR,ERR,ERR,ERR,ERR,ERR,ERR,ERR,ERR,ERR,ERR,ERR,ERR,ERR,ERR,ERR,ERR,ERR,ERR,ERR,ERR,ERR,ERR,ERR,ERR,ERR,ERR,ERR,ERR,ERR,ERR,ERR,0.0,-0.0,0.0,0.0,0.0,1.3936040501711995e+18,7.805,0.0,0,0,4,0,7116,0.0,100,0.0,0.0,0.0,0.0,0.0,0,0,0,0,0.0,0,0,0,0,0,0,0,0,0,0,0,0,0,0,0,0,0,0,0,0,0,0,0,0,0,0,0,0,0,0,0,0,0,31,40,40,71,65476,0,300,0,0,8,21553,0.0,-107605600.0,0.0,0.0,0.0,0.0,0.0,0.0,0.0,0.0,0.0,0.0,0.0,0.0,0.0,0.0,0.0,0.0,0.0,0.0,0.0,0.0,-2.004,-2.004,-2.004,-0.0,0.0,0.0,0.0,0.0,4477.0,0.0,6919.0,0.0,-0.0,-107615120.0,-107615288.0,0.0,0.0,0.0,0.0,69,0.0,0.0,0.0,0.0,0.0,0.0,0.0,0.0,0.0,0,0,0,0.0,0.0,0.0,0.0,0.0,0.0,0.0,0.0,0.0,0.0,0.0,0.0,0.0,0.0,0.0,0.0,0,-107875648.0,69,0.0,138,0.0,0.0,0,39322,17087,13107,17105,0,17084,0,0,0,70,68,100,-0.0,82.2,2.730238639235042e+23,78.9,-107615472.0,79.0,1,49,50,180,13107,39322,0,0,0.0,0.0,0.0,0.0,-0.0,67.0,0.0,162057.094,0.0,986,0,1018,0,0,0,958,0,1045,0,940,0,794,0,787,0,823,0,7520,0.032,2.1213755684765984e+20,0.0,0.0,784,16797,-0.0,162057.094,-114818.039,-0.0,0.133,6.909358625270745e+28,30.0,70.0,35,0.0,0.0,0.0,0.0,0.0,0.0,0.0,0.0,0.0,0.0,0.0,0.0,0.0,0.0,0.0,0.0,66.0,0,150,71,52,65476,0,300,0,0,8,20529,65476,0,0,44564,70.0,0.0,0.0,0.0,0.0,0.0
2026-09-10T21:00:35,ERR,ERR,ERR,ERR,ERR,ERR,ERR,ERR,ERR,ERR,ERR,ERR,ERR,ERR,ERR,ERR,ERR,ERR,ERR,ERR,ERR,ERR,ERR,ERR,ERR,ERR,ERR,ERR,ERR,ERR,ERR,ERR,ERR,ERR,ERR,ERR,ERR,ERR,ERR,ERR,ERR,ERR,ERR,ERR,ERR,ERR,ERR,ERR,ERR,ERR,ERR,ERR,ERR,ERR,ERR,ERR,ERR,ERR,ERR,ERR,ERR,ERR,ERR,ERR,ERR,ERR,ERR,ERR,ERR,ERR,ERR,ERR,ERR,ERR,ERR,ERR,ERR,ERR,ERR,ERR,ERR,ERR,ERR,ERR,ERR,ERR,ERR,ERR,ERR,ERR,ERR,ERR,ERR,ERR,ERR,ERR,ERR,ERR,ERR,ERR,ERR,ERR,ERR,ERR,ERR,ERR,ERR,ERR,ERR,ERR,ERR,ERR,ERR,ERR,ERR,ERR,ERR,ERR,ERR,ERR,ERR,ERR,ERR,ERR,ERR,0.0,-0.0,0.0,0.0,0.0,1.3936040501711995e+18,7.805,0.0,0,0,4,0,7116,0.0,100,0.0,0.0,0.0,0.0,0.0,0,0,0,0,0.0,0,0,0,0,0,0,0,0,0,0,0,0,0,0,0,0,0,0,0,0,0,0,0,0,0,0,0,0,0,0,0,0,0,31,40,40,71,65476,0,300,0,0,8,21553,0.0,-107605600.0,0.0,0.0,0.0,0.0,0.0,0.0,0.0,0.0,0.0,0.0,0.0,0.0,0.0,0.0,0.0,0.0,0.0,0.0,0.0,0.0,-2.004,-2.004,-2.004,-0.0,0.0,0.0,0.0,0.0,4477.0,0.0,6919.0,0.0,-0.0,-107615120.0,-107615288.0,0.0,0.0,0.0,0.0,69,0.0,0.0,0.0,0.0,0.0,0.0,0.0,0.0,0.0,0,0,0,0.0,0.0,0.0,0.0,0.0,0.0,0.0,0.0,0.0,0.0,0.0,0.0,0.0,0.0,0.0,0.0,0,-107875648.0,69,0.0,138,0.0,0.0,0,39322,17087,13107,17105,0,17084,0,0,0,70,68,100,-0.0,82.2,2.730238639235042e+23,78.9,-107615472.0,79.0,1,49,50,180,13107,39322,0,0,0.0,0.0,0.0,0.0,-0.0,67.0,0.0,162057.094,0.0,986,0,1018,0,0,0,958,0,1045,0,940,0,794,0,787,0,823,0,7520,0.032,2.1213755684765984e+20,0.0,0.0,784,16797,-0.0,162057.094,-114818.039,-0.0,0.133,6.909358625270745e+28,30.0,70.0,35,0.0,0.0,0.0,0.0,0.0,0.0,0.0,0.0,0.0,0.0,0.0,0.0,0.0,0.0,0.0,0.0,66.0,0,150,71,52,65476,0,300,0,0,8,20529,65476,0,0,44564,70.0,0.0,0.0,0.0,0.0,0.0
2026-09-10T21:00:36,ERR,ERR,ERR,ERR,ERR,ERR,ERR,ERR,ERR,ERR,ERR,ERR,ERR,ERR,ERR,ERR,ERR,ERR,ERR,ERR,ERR,ERR,ERR,ERR,ERR,ERR,ERR,ERR,ERR,ERR,ERR,ERR,ERR,ERR,ERR,ERR,ERR,ERR,ERR,ERR,ERR,ERR,ERR,ERR,ERR,ERR,ERR,ERR,ERR,ERR,ERR,ERR,ERR,ERR,ERR,ERR,ERR,ERR,ERR,ERR,ERR,ERR,ERR,ERR,ERR,ERR,ERR,ERR,ERR,ERR,ERR,ERR,ERR,ERR,ERR,ERR,ERR,ERR,ERR,ERR,ERR,ERR,ERR,ERR,ERR,ERR,ERR,ERR,ERR,ERR,ERR,ERR,ERR,ERR,ERR,ERR,ERR,ERR,ERR,ERR,ERR,ERR,ERR,ERR,ERR,ERR,ERR,ERR,ERR,ERR,ERR,ERR,ERR,ERR,ERR,ERR,ERR,ERR,ERR,ERR,ERR,ERR,ERR,ERR,ERR,0.0,-0.0,0.0,0.0,0.0,1.3936040501711995e+18,7.805,0.0,0,0,4,0,7116,0.0,100,0.0,0.0,0.0,0.0,0.0,0,0,0,0,0.0,0,0,0,0,0,0,0,0,0,0,0,0,0,0,0,0,0,0,0,0,0,0,0,0,0,0,0,0,0,0,0,0,0,31,40,40,71,65476,0,300,0,0,8,21553,0.0,-107605600.0,0.0,0.0,0.0,0.0,0.0,0.0,0.0,0.0,0.0,0.0,0.0,0.0,0.0,0.0,0.0,0.0,0.0,0.0,0.0,0.0,-2.004,-2.004,-2.004,-0.0,0.0,0.0,0.0,0.0,4477.0,0.0,6919.0,0.0,-0.0,-107615120.0,-107615288.0,0.0,0.0,0.0,0.0,69,0.0,0.0,0.0,0.0,0.0,0.0,0.0,0.0,0.0,0,0,0,0.0,0.0,0.0,0.0,0.0,0.0,0.0,0.0,0.0,0.0,0.0,0.0,0.0,0.0,0.0,0.0,0,-107875648.0,69,0.0,138,0.0,0.0,0,39322,17087,0,17105,0,17084,0,0,0,70,68,100,-0.0,82.2,2.730238639235042e+23,78.9,-107615472.0,79.0,1,49,50,180,13107,39322,0,0,0.0,0.0,0.0,0.0,-0.0,67.0,0.0,162057.094,0.0,986,0,1018,0,0,0,958,0,1045,0,940,0,794,0,787,0,823,0,7520,0.032,1.95996655783164e+20,0.0,0.0,784,16797,-0.0,162057.094,-114818.039,-0.0,0.133,6.909358625270745e+28,30.0,70.0,35,0.0,0.0,0.0,0.0,0.0,0.0,0.0,0.0,0.0,0.0,0.0,0.0,0.0,0.0,0.0,0.0,66.0,0,150,71,52,65476,0,300,0,0,8,20529,65476,0,0,44564,70.0,0.0,0.0,0.0,0.0,0.0
2026-09-10T21:00:37,ERR,ERR,ERR,ERR,ERR,ERR,ERR,ERR,ERR,ERR,ERR,ERR,ERR,ERR,ERR,ERR,ERR,ERR,ERR,ERR,ERR,ERR,ERR,ERR,ERR,ERR,ERR,ERR,ERR,ERR,ERR,ERR,ERR,ERR,ERR,ERR,ERR,ERR,ERR,ERR,ERR,ERR,ERR,ERR,ERR,ERR,ERR,ERR,ERR,ERR,ERR,ERR,ERR,ERR,ERR,ERR,ERR,ERR,ERR,ERR,ERR,ERR,ERR,ERR,ERR,ERR,ERR,ERR,ERR,ERR,ERR,ERR,ERR,ERR,ERR,ERR,ERR,ERR,ERR,ERR,ERR,ERR,ERR,ERR,ERR,ERR,ERR,ERR,ERR,ERR,ERR,ERR,ERR,ERR,ERR,ERR,ERR,ERR,ERR,ERR,ERR,ERR,ERR,ERR,ERR,ERR,ERR,ERR,ERR,ERR,ERR,ERR,ERR,ERR,ERR,ERR,ERR,ERR,ERR,ERR,ERR,ERR,ERR,ERR,ERR,0.0,-0.0,0.0,0.0,0.0,1.3936040501711995e+18,7.805,0.0,0,0,4,0,7116,0.0,100,0.0,0.0,0.0,0.0,0.0,0,0,0,0,0.0,0,0,0,0,0,0,0,0,0,0,0,0,0,0,0,0,0,0,0,0,0,0,0,0,0,0,0,0,0,0,0,0,0,31,40,40,71,65476,0,300,0,0,8,21553,0.0,-107605600.0,0.0,0.0,0.0,0.0,0.0,0.0,0.0,0.0,0.0,0.0,0.0,0.0,0.0,0.0,0.0,0.0,0.0,0.0,0.0,0.0,-2.004,-2.004,-2.004,-0.0,0.0,0.0,0.0,0.0,4448.0,0.0,6915.0,0.0,-0.0,-107615120.0,-0.0,0.0,0.0,0.0,0.0,69,0.0,0.0,0.0,0.0,0.0,0.0,0.0,0.0,0.0,0,0,0,0.0,0.0,0.0,0.0,0.0,0.0,0.0,0.0,0.0,0.0,0.0,0.0,0.0,0.0,0.0,0.0,0,-107875648.0,69,0.0,138,0.0,0.0,0,39322,17087,0,17105,0,17084,0,0,0,70,68,100,-0.0,82.2,2.730238639235042e+23,78.9,-107615472.0,79.0,1,49,50,180,13107,39322,0,0,0.0,0.0,0.0,0.0,-0.0,67.0,0.0,162057.094,0.0,986,0,1018,0,0,0,958,0,1045,0,940,0,794,0,787,0,823,0,7520,0.032,1.95996655783164e+20,0.0,0.0,784,16797,-0.0,162057.094,-114818.039,-0.0,0.133,6.909358625270745e+28,30.0,70.0,35,0.0,0.0,0.0,0.0,0.0,0.0,0.0,0.0,0.0,0.0,0.0,0.0,0.0,0.0,0.0,0.0,66.0,0,150,71,52,65476,0,300,0,0,8,20529,65476,0,0,44564,70.0,0.0,0.0,0.0,0.0,0.0
2026-09-10T21:00:38,ERR,ERR,ERR,ERR,ERR,ERR,ERR,ERR,ERR,ERR,ERR,ERR,ERR,ERR,ERR,ERR,ERR,ERR,ERR,ERR,ERR,ERR,ERR,ERR,ERR,ERR,ERR,ERR,ERR,ERR,ERR,ERR,ERR,ERR,ERR,ERR,ERR,ERR,ERR,ERR,ERR,ERR,ERR,ERR,ERR,ERR,ERR,ERR,ERR,ERR,ERR,ERR,ERR,ERR,ERR,ERR,ERR,ERR,ERR,ERR,ERR,ERR,ERR,ERR,ERR,ERR,ERR,ERR,ERR,ERR,ERR,ERR,ERR,ERR,ERR,ERR,ERR,ERR,ERR,ERR,ERR,ERR,ERR,ERR,ERR,ERR,ERR,ERR,ERR,ERR,ERR,ERR,ERR,ERR,ERR,ERR,ERR,ERR,ERR,ERR,ERR,ERR,ERR,ERR,ERR,ERR,ERR,ERR,ERR,ERR,ERR,ERR,ERR,ERR,ERR,ERR,ERR,ERR,ERR,ERR,ERR,ERR,ERR,ERR,ERR,0.0,-0.0,0.0,0.0,0.0,1.3936040501711995e+18,7.805,0.0,0,0,4,0,7116,0.0,100,0.0,0.0,0.0,0.0,0.0,0,0,0,0,0.0,0,0,0,0,0,0,0,0,0,0,0,0,0,0,0,0,0,0,0,0,0,0,0,0,0,0,0,0,0,0,0,0,0,31,40,40,71,65476,0,300,0,0,8,21553,0.0,-107605600.0,0.0,0.0,0.0,0.0,0.0,0.0,0.0,0.0,0.0,0.0,0.0,0.0,0.0,0.0,0.0,0.0,0.0,0.0,0.0,0.0,-2.004,-2.004,-2.004,-0.0,0.0,0.0,0.0,0.0,4448.0,0.0,6915.0,0.0,-0.0,-107615120.0,-0.0,0.0,0.0,0.0,0.0,69,0.0,0.0,0.0,0.0,0.0,0.0,0.0,0.0,0.0,0,0,0,0.0,0.0,0.0,0.0,0.0,0.0,0.0,0.0,0.0,0.0,0.0,0.0,0.0,0.0,0.0,0.0,0,-107875648.0,69,0.0,138,0.0,0.0,0,39322,17087,0,17105,0,17084,0,0,0,70,68,100,-0.0,82.2,2.730238639235042e+23,78.9,-107615472.0,79.0,1,49,50,180,13107,39322,0,0,0.0,0.0,0.0,0.0,-0.0,67.0,0.0,162057.094,0.0,986,0,1018,0,0,0,958,0,1045,0,940,0,794,0,787,0,823,0,7520,0.032,1.95996655783164e+20,0.0,0.0,784,16797,-0.0,162057.094,-114818.039,-0.0,0.133,6.909358625270745e+28,30.0,70.0,35,0.0,0.0,0.0,0.0,0.0,0.0,0.0,0.0,0.0,0.0,0.0,0.0,0.0,0.0,0.0,0.0,66.0,0,150,71,52,65476,0,300,0,0,8,20529,65476,0,0,44564,70.0,0.0,0.0,0.0,0.0,0.0
2026-09-10T21:00:39,ERR,ERR,ERR,ERR,ERR,ERR,ERR,ERR,ERR,ERR,ERR,ERR,ERR,ERR,ERR,ERR,ERR,ERR,ERR,ERR,ERR,ERR,ERR,ERR,ERR,ERR,ERR,ERR,ERR,ERR,ERR,ERR,ERR,ERR,ERR,ERR,ERR,ERR,ERR,ERR,ERR,ERR,ERR,ERR,ERR,ERR,ERR,ERR,ERR,ERR,ERR,ERR,ERR,ERR,ERR,ERR,ERR,ERR,ERR,ERR,ERR,ERR,ERR,ERR,ERR,ERR,ERR,ERR,ERR,ERR,ERR,ERR,ERR,ERR,ERR,ERR,ERR,ERR,ERR,ERR,ERR,ERR,ERR,ERR,ERR,ERR,ERR,ERR,ERR,ERR,ERR,ERR,ERR,ERR,ERR,ERR,ERR,ERR,ERR,ERR,ERR,ERR,ERR,ERR,ERR,ERR,ERR,ERR,ERR,ERR,ERR,ERR,ERR,ERR,ERR,ERR,ERR,ERR,ERR,ERR,ERR,ERR,ERR,ERR,ERR,0.0,-0.0,0.0,0.0,0.0,1.3936040501711995e+18,7.805,0.0,0,0,4,0,7116,0.0,100,0.0,0.0,0.0,0.0,0.0,0,0,0,0,0.0,0,0,0,0,0,0,0,0,0,0,0,0,0,0,0,0,0,0,0,0,0,0,0,0,0,0,0,0,0,0,0,0,0,31,40,40,71,65476,0,300,0,0,8,21553,0.0,-107605600.0,0.0,0.0,0.0,0.0,0.0,0.0,0.0,0.0,0.0,0.0,0.0,0.0,0.0,0.0,0.0,0.0,0.0,0.0,0.0,0.0,-2.004,-2.004,-2.004,-0.0,0.0,0.0,0.0,0.0,4448.0,0.0,6915.0,0.0,-0.0,-107615120.0,-0.0,0.0,0.0,0.0,0.0,69,0.0,0.0,0.0,0.0,0.0,0.0,0.0,0.0,0.0,0,0,0,0.0,0.0,0.0,0.0,0.0,0.0,0.0,0.0,0.0,0.0,0.0,0.0,0.0,0.0,0.0,0.0,0,-107875648.0,69,0.0,138,0.0,0.0,0,39322,17087,0,17105,0,17084,0,0,0,70,68,100,-0.0,82.2,2.730238639235042e+23,78.9,-107615472.0,79.0,1,49,50,180,13107,39322,0,0,0.0,0.0,0.0,0.0,-0.0,67.0,0.0,162057.094,0.0,986,0,1018,0,0,0,958,0,1045,0,940,0,794,0,787,0,823,0,7520,0.032,1.95996655783164e+20,0.0,0.0,784,16797,-0.0,162057.094,-114818.039,-0.0,0.133,6.909358625270745e+28,30.0,70.0,35,0.0,0.0,0.0,0.0,0.0,0.0,0.0,0.0,0.0,0.0,0.0,0.0,0.0,0.0,0.0,0.0,66.0,0,150,71,52,65476,0,300,0,0,8,20529,65476,0,0,44564,70.0,0.0,0.0,0.0,0.0,0.0
2026-09-10T21:00:40,ERR,ERR,ERR,ERR,ERR,ERR,ERR,ERR,ERR,ERR,ERR,ERR,ERR,ERR,ERR,ERR,ERR,ERR,ERR,ERR,ERR,ERR,ERR,ERR,ERR,ERR,ERR,ERR,ERR,ERR,ERR,ERR,ERR,ERR,ERR,ERR,ERR,ERR,ERR,ERR,ERR,ERR,ERR,ERR,ERR,ERR,ERR,ERR,ERR,ERR,ERR,ERR,ERR,ERR,ERR,ERR,ERR,ERR,ERR,ERR,ERR,ERR,ERR,ERR,ERR,ERR,ERR,ERR,ERR,ERR,ERR,ERR,ERR,ERR,ERR,ERR,ERR,ERR,ERR,ERR,ERR,ERR,ERR,ERR,ERR,ERR,ERR,ERR,ERR,ERR,ERR,ERR,ERR,ERR,ERR,ERR,ERR,ERR,ERR,ERR,ERR,ERR,ERR,ERR,ERR,ERR,ERR,ERR,ERR,ERR,ERR,ERR,ERR,ERR,ERR,ERR,ERR,ERR,ERR,ERR,ERR,ERR,ERR,ERR,ERR,0.0,-0.0,0.0,0.0,0.0,1.3936040501711995e+18,7.805,0.0,0,0,4,0,7116,0.0,100,0.0,0.0,0.0,0.0,0.0,0,0,0,0,0.0,0,0,0,0,0,0,0,0,0,0,0,0,0,0,0,0,0,0,0,0,0,0,0,0,0,0,0,0,0,0,0,0,0,31,40,40,71,65476,0,300,0,0,8,21553,0.0,-107605600.0,0.0,0.0,0.0,0.0,0.0,0.0,0.0,0.0,0.0,0.0,0.0,0.0,0.0,0.0,0.0,0.0,0.0,0.0,0.0,0.0,-2.004,-2.004,-2.004,-0.0,0.0,0.0,0.0,0.0,4448.0,0.0,6915.0,0.0,-0.0,-107615120.0,-0.0,0.0,0.0,0.0,0.0,69,0.0,0.0,0.0,0.0,0.0,0.0,0.0,0.0,0.0,0,0,0,0.0,0.0,0.0,0.0,0.0,0.0,0.0,0.0,0.0,0.0,0.0,0.0,0.0,0.0,0.0,0.0,0,-107875648.0,69,0.0,138,0.0,0.0,0,39322,17087,0,17105,0,17084,0,0,0,70,68,100,-0.0,82.2,2.730238639235042e+23,78.9,-107615472.0,79.0,1,49,50,180,13107,39322,0,0,0.0,0.0,0.0,0.0,-0.0,67.0,0.0,162057.094,0.0,986,0,1018,0,0,0,958,0,1045,0,940,0,794,0,787,0,823,0,7520,0.032,1.9484373427855714e+20,0.0,0.0,784,16797,-0.0,162057.094,-114818.039,-0.0,0.133,6.909358625270745e+28,30.0,70.0,35,0.0,0.0,0.0,0.0,0.0,0.0,0.0,0.0,0.0,0.0,0.0,0.0,0.0,0.0,0.0,0.0,66.0,0,150,71,52,65476,0,300,0,0,8,20529,65476,0,0,44564,70.0,0.0,0.0,0.0,0.0,0.0
2026-09-10T21:00:41,ERR,ERR,ERR,ERR,ERR,ERR,ERR,ERR,ERR,ERR,ERR,ERR,ERR,ERR,ERR,ERR,ERR,ERR,ERR,ERR,ERR,ERR,ERR,ERR,ERR,ERR,ERR,ERR,ERR,ERR,ERR,ERR,ERR,ERR,ERR,ERR,ERR,ERR,ERR,ERR,ERR,ERR,ERR,ERR,ERR,ERR,ERR,ERR,ERR,ERR,ERR,ERR,ERR,ERR,ERR,ERR,ERR,ERR,ERR,ERR,ERR,ERR,ERR,ERR,ERR,ERR,ERR,ERR,ERR,ERR,ERR,ERR,ERR,ERR,ERR,ERR,ERR,ERR,ERR,ERR,ERR,ERR,ERR,ERR,ERR,ERR,ERR,ERR,ERR,ERR,ERR,ERR,ERR,ERR,ERR,ERR,ERR,ERR,ERR,ERR,ERR,ERR,ERR,ERR,ERR,ERR,ERR,ERR,ERR,ERR,ERR,ERR,ERR,ERR,ERR,ERR,ERR,ERR,ERR,ERR,ERR,ERR,ERR,ERR,ERR,0.0,-0.0,0.0,0.0,0.0,1.3936040501711995e+18,7.805,0.0,0,0,4,0,7116,0.0,100,0.0,0.0,0.0,0.0,0.0,0,0,0,0,0.0,0,0,0,0,0,0,0,0,0,0,0,0,0,0,0,0,0,0,0,0,0,0,0,0,0,0,0,0,0,0,0,0,0,31,40,40,71,65476,0,300,0,0,8,21553,0.0,-107605600.0,0.0,0.0,0.0,0.0,0.0,0.0,0.0,0.0,0.0,0.0,0.0,0.0,0.0,0.0,0.0,0.0,0.0,0.0,0.0,0.0,-2.004,-2.004,-2.004,-0.0,0.0,0.0,0.0,0.0,4448.0,0.0,6915.0,0.0,-0.0,-107615120.0,-0.0,0.0,0.0,0.0,0.0,69,0.0,0.0,0.0,0.0,0.0,0.0,0.0,0.0,0.0,0,0,0,0.0,0.0,0.0,0.0,0.0,0.0,0.0,0.0,0.0,0.0,0.0,0.0,0.0,0.0,0.0,0.0,0,-107875648.0,69,0.0,138,0.0,0.0,0,39322,17087,0,17105,0,17084,0,0,0,70,68,100,-0.0,82.2,2.730238639235042e+23,78.9,-107615472.0,79.0,1,49,50,180,13107,39322,0,0,0.0,0.0,0.0,0.0,-0.0,67.0,0.0,162057.094,0.0,986,0,1018,0,0,0,958,0,1045,0,940,0,794,0,787,0,823,0,7520,0.032,1.9484373427855714e+20,0.0,0.0,784,16797,-0.0,162057.094,-114818.039,-0.0,0.133,6.909358625270745e+28,30.0,70.0,35,0.0,0.0,0.0,0.0,0.0,0.0,0.0,0.0,0.0,0.0,0.0,0.0,0.0,0.0,0.0,0.0,66.4,0,150,71,52,65476,0,300,0,0,8,20529,65476,0,0,44564,70.0,0.0,0.0,0.0,0.0,0.0
2026-09-10T21:00:42,ERR,ERR,ERR,ERR,ERR,ERR,ERR,ERR,ERR,ERR,ERR,ERR,ERR,ERR,ERR,ERR,ERR,ERR,ERR,ERR,ERR,ERR,ERR,ERR,ERR,ERR,ERR,ERR,ERR,ERR,ERR,ERR,ERR,ERR,ERR,ERR,ERR,ERR,ERR,ERR,ERR,ERR,ERR,ERR,ERR,ERR,ERR,ERR,ERR,ERR,ERR,ERR,ERR,ERR,ERR,ERR,ERR,ERR,ERR,ERR,ERR,ERR,ERR,ERR,ERR,ERR,ERR,ERR,ERR,ERR,ERR,ERR,ERR,ERR,ERR,ERR,ERR,ERR,ERR,ERR,ERR,ERR,ERR,ERR,ERR,ERR,ERR,ERR,ERR,ERR,ERR,ERR,ERR,ERR,ERR,ERR,ERR,ERR,ERR,ERR,ERR,ERR,ERR,ERR,ERR,ERR,ERR,ERR,ERR,ERR,ERR,ERR,ERR,ERR,ERR,ERR,ERR,ERR,ERR,ERR,ERR,ERR,ERR,ERR,ERR,0.0,-0.0,0.0,0.0,0.0,1.3936040501711995e+18,7.805,0.0,0,0,4,0,7116,0.0,100,0.0,0.0,0.0,0.0,0.0,0,0,0,0,0.0,0,0,0,0,0,0,0,0,0,0,0,0,0,0,0,0,0,0,0,0,0,0,0,0,0,0,0,0,0,0,0,0,0,31,40,40,71,65476,0,300,0,0,8,21553,0.0,-107605600.0,0.0,0.0,0.0,0.0,0.0,0.0,0.0,0.0,0.0,0.0,0.0,0.0,0.0,0.0,0.0,0.0,0.0,0.0,0.0,0.0,-2.004,-2.004,-2.004,-0.0,0.0,0.0,0.0,0.0,4448.0,0.0,6915.0,0.0,-0.0,-107615120.0,-0.0,0.0,0.0,0.0,0.0,69,0.0,0.0,0.0,0.0,0.0,0.0,0.0,0.0,0.0,0,0,0,0.0,0.0,0.0,0.0,0.0,0.0,0.0,0.0,0.0,0.0,0.0,0.0,0.0,0.0,0.0,0.0,0,-107875648.0,69,0.0,138,0.0,0.0,0,39322,17087,0,17105,0,17084,0,0,0,70,68,100,-0.0,82.2,2.730238639235042e+23,78.9,-107615472.0,79.0,1,49,50,180,13107,39322,0,0,0.0,0.0,0.0,0.0,-0.0,67.0,0.0,162057.094,0.0,986,0,1018,0,0,0,958,0,1045,0,940,0,794,0,787,0,823,0,7520,0.032,1.9484373427855714e+20,0.0,0.0,784,16797,-0.0,162057.094,-114818.039,-0.0,0.133,6.909358625270745e+28,30.0,70.0,35,0.0,0.0,0.0,0.0,0.0,0.0,0.0,0.0,0.0,0.0,0.0,0.0,0.0,0.0,0.0,0.0,66.4,0,150,71,52,65476,0,300,0,0,8,20529,65476,0,0,44564,70.0,0.0,0.0,0.0,0.0,0.0
2026-09-10T21:00:43,ERR,ERR,ERR,ERR,ERR,ERR,ERR,ERR,ERR,ERR,ERR,ERR,ERR,ERR,ERR,ERR,ERR,ERR,ERR,ERR,ERR,ERR,ERR,ERR,ERR,ERR,ERR,ERR,ERR,ERR,ERR,ERR,ERR,ERR,ERR,ERR,ERR,ERR,ERR,ERR,ERR,ERR,ERR,ERR,ERR,ERR,ERR,ERR,ERR,ERR,ERR,ERR,ERR,ERR,ERR,ERR,ERR,ERR,ERR,ERR,ERR,ERR,ERR,ERR,ERR,ERR,ERR,ERR,ERR,ERR,ERR,ERR,ERR,ERR,ERR,ERR,ERR,ERR,ERR,ERR,ERR,ERR,ERR,ERR,ERR,ERR,ERR,ERR,ERR,ERR,ERR,ERR,ERR,ERR,ERR,ERR,ERR,ERR,ERR,ERR,ERR,ERR,ERR,ERR,ERR,ERR,ERR,ERR,ERR,ERR,ERR,ERR,ERR,ERR,ERR,ERR,ERR,ERR,ERR,ERR,ERR,ERR,ERR,ERR,ERR,0.0,-0.0,0.0,0.0,0.0,1.3936040501711995e+18,7.805,0.0,0,0,4,0,7116,0.0,100,0.0,0.0,0.0,0.0,0.0,0,0,0,0,0.0,0,0,0,0,0,0,0,0,0,0,0,0,0,0,0,0,0,0,0,0,0,0,0,0,0,0,0,0,0,0,0,0,0,31,40,40,71,65476,0,300,0,0,8,21553,0.0,-107605600.0,0.0,0.0,0.0,0.0,0.0,0.0,0.0,0.0,0.0,0.0,0.0,0.0,0.0,0.0,0.0,0.0,0.0,0.0,0.0,0.0,-2.004,-2.004,-2.004,-2.004,0.0,0.0,0.0,0.0,4448.0,0.0,6914.0,0.0,-0.0,-107615120.0,-0.0,0.0,0.0,0.0,0.0,69,0.059,0.0,0.0,0.0,0.0,0.0,0.0,0.0,0.0,0,0,0,0.0,0.0,0.0,0.0,0.0,0.0,0.0,0.0,0.0,0.0,0.0,0.0,0.0,0.0,0.0,0.0,0,-107875648.0,69,0.0,138,0.0,0.0,0,39322,17087,0,17105,0,17084,0,0,0,70,68,100,-0.0,82.2,2.730238639235042e+23,78.9,-107615472.0,79.0,1,49,50,180,13107,39322,0,0,0.0,0.0,0.0,0.0,-0.0,67.0,0.0,162057.094,0.0,986,0,1018,0,0,0,958,0,1045,0,940,0,794,0,787,0,823,0,7520,0.032,1.9484373427855714e+20,0.0,0.0,784,16797,-0.0,162057.094,-114818.039,-0.0,0.133,6.909358625270745e+28,30.0,70.0,35,0.0,0.0,0.0,0.0,0.0,0.0,0.0,0.0,0.0,0.0,0.0,0.0,0.0,0.0,0.0,0.0,66.0,0,150,71,52,65476,0,300,0,0,8,20529,65476,0,0,44564,70.0,0.0,0.0,0.0,0.0,0.0
2026-09-10T21:00:44,ERR,ERR,ERR,ERR,ERR,ERR,ERR,ERR,ERR,ERR,ERR,ERR,ERR,ERR,ERR,ERR,ERR,ERR,ERR,ERR,ERR,ERR,ERR,ERR,ERR,ERR,ERR,ERR,ERR,ERR,ERR,ERR,ERR,ERR,ERR,ERR,ERR,ERR,ERR,ERR,ERR,ERR,ERR,ERR,ERR,ERR,ERR,ERR,ERR,ERR,ERR,ERR,ERR,ERR,ERR,ERR,ERR,ERR,ERR,ERR,ERR,ERR,ERR,ERR,ERR,ERR,ERR,ERR,ERR,ERR,ERR,ERR,ERR,ERR,ERR,ERR,ERR,ERR,ERR,ERR,ERR,ERR,ERR,ERR,ERR,ERR,ERR,ERR,ERR,ERR,ERR,ERR,ERR,ERR,ERR,ERR,ERR,ERR,ERR,ERR,ERR,ERR,ERR,ERR,ERR,ERR,ERR,ERR,ERR,ERR,ERR,ERR,ERR,ERR,ERR,ERR,ERR,ERR,ERR,ERR,ERR,ERR,ERR,ERR,ERR,0.0,-0.0,0.0,0.0,0.0,1.3936040501711995e+18,7.805,0.0,0,0,4,0,7116,0.0,100,0.0,0.0,0.0,0.0,0.0,0,0,0,0,0.0,0,0,0,0,0,0,0,0,0,0,0,0,0,0,0,0,0,0,0,0,0,0,0,0,0,0,0,0,0,0,0,0,0,31,40,40,71,65476,0,300,0,0,8,21553,0.0,-107605600.0,0.0,0.0,0.0,0.0,0.0,0.0,0.0,0.0,0.0,0.0,0.0,0.0,0.0,0.0,0.0,0.0,0.0,0.0,0.0,0.0,-2.004,-2.004,-2.004,-2.004,0.0,0.0,0.0,0.0,4448.0,0.0,6914.0,0.0,-0.0,-107615120.0,-0.0,0.0,0.0,0.0,0.0,69,0.059,0.0,0.0,0.0,0.0,0.0,0.0,0.0,0.0,0,0,0,0.0,0.0,0.0,0.0,0.0,0.0,0.0,0.0,0.0,0.0,0.0,0.0,0.0,0.0,0.0,0.0,0,-107875648.0,69,0.0,138,0.0,0.0,0,39322,17087,0,17105,0,17084,0,0,0,70,68,100,-0.0,82.2,2.730238639235042e+23,78.9,-107615472.0,79.0,1,49,50,180,13107,39322,0,0,0.0,0.0,0.0,0.0,-0.0,67.0,0.0,162057.094,0.0,986,0,1018,0,0,0,958,0,1045,0,940,0,794,0,787,0,823,0,7520,0.032,1.9484373427855714e+20,0.0,0.0,784,16797,-0.0,162057.094,-114818.039,-0.0,0.133,6.909358625270745e+28,30.0,70.0,35,0.0,0.0,0.0,0.0,0.0,0.0,0.0,0.0,0.0,0.0,0.0,0.0,0.0,0.0,0.0,0.0,66.0,0,150,71,52,65476,0,300,0,0,8,20529,65476,0,0,44564,70.0,0.0,0.0,0.0,0.0,0.0
2026-09-10T21:00:45,ERR,ERR,ERR,ERR,ERR,ERR,ERR,ERR,ERR,ERR,ERR,ERR,ERR,ERR,ERR,ERR,ERR,ERR,ERR,ERR,ERR,ERR,ERR,ERR,ERR,ERR,ERR,ERR,ERR,ERR,ERR,ERR,ERR,ERR,ERR,ERR,ERR,ERR,ERR,ERR,ERR,ERR,ERR,ERR,ERR,ERR,ERR,ERR,ERR,ERR,ERR,ERR,ERR,ERR,ERR,ERR,ERR,ERR,ERR,ERR,ERR,ERR,ERR,ERR,ERR,ERR,ERR,ERR,ERR,ERR,ERR,ERR,ERR,ERR,ERR,ERR,ERR,ERR,ERR,ERR,ERR,ERR,ERR,ERR,ERR,ERR,ERR,ERR,ERR,ERR,ERR,ERR,ERR,ERR,ERR,ERR,ERR,ERR,ERR,ERR,ERR,ERR,ERR,ERR,ERR,ERR,ERR,ERR,ERR,ERR,ERR,ERR,ERR,ERR,ERR,ERR,ERR,ERR,ERR,ERR,ERR,ERR,ERR,ERR,ERR,0.0,-0.0,0.0,0.0,0.0,1.3936040501711995e+18,7.805,0.0,0,0,4,0,7116,0.0,100,0.0,0.0,0.0,0.0,0.0,0,0,0,0,0.0,0,0,0,0,0,0,0,0,0,0,0,0,0,0,0,0,0,0,0,0,0,0,0,0,0,0,0,0,0,0,0,0,0,31,40,40,71,65476,0,300,0,0,8,21553,0.0,-107605600.0,0.0,0.0,0.0,0.0,0.0,0.0,0.0,0.0,0.0,0.0,0.0,0.0,0.0,0.0,0.0,0.0,0.0,0.0,0.0,0.0,-2.004,-2.004,-2.004,-2.004,0.0,0.0,0.0,0.0,4448.0,0.0,6914.0,0.0,-0.0,-107615120.0,-0.0,0.0,0.0,0.0,0.0,69,0.059,0.0,0.0,0.0,0.0,0.0,0.0,0.0,0.0,0,0,0,0.0,0.0,0.0,0.0,0.0,0.0,0.0,0.0,0.0,0.0,0.0,0.0,0.0,0.0,0.0,0.0,0,-107875648.0,69,0.0,138,0.0,0.0,0,39322,17087,0,17105,0,17084,0,0,0,70,68,100,-0.0,82.2,2.730238639235042e+23,78.9,-107615472.0,79.0,1,49,50,180,13107,39322,0,0,0.0,0.0,0.0,0.0,-0.0,67.0,0.0,162057.094,0.0,986,0,1018,0,0,0,958,0,1045,0,940,0,794,0,787,0,823,0,7520,0.032,1.9714957728777083e+20,0.0,0.0,784,16797,-0.0,162057.094,-114818.039,-0.0,0.133,6.909358625270745e+28,30.0,70.0,35,0.0,0.0,0.0,0.0,0.0,0.0,0.0,0.0,0.0,0.0,0.0,0.0,0.0,0.0,0.0,0.0,66.0,0,150,71,52,65476,0,300,0,0,8,20529,65476,0,0,44564,70.0,0.0,0.0,0.0,0.0,0.0
2026-09-10T21:00:46,ERR,ERR,ERR,ERR,ERR,ERR,ERR,ERR,ERR,ERR,ERR,ERR,ERR,ERR,ERR,ERR,ERR,ERR,ERR,ERR,ERR,ERR,ERR,ERR,ERR,ERR,ERR,ERR,ERR,ERR,ERR,ERR,ERR,ERR,ERR,ERR,ERR,ERR,ERR,ERR,ERR,ERR,ERR,ERR,ERR,ERR,ERR,ERR,ERR,ERR,ERR,ERR,ERR,ERR,ERR,ERR,ERR,ERR,ERR,ERR,ERR,ERR,ERR,ERR,ERR,ERR,ERR,ERR,ERR,ERR,ERR,ERR,ERR,ERR,ERR,ERR,ERR,ERR,ERR,ERR,ERR,ERR,ERR,ERR,ERR,ERR,ERR,ERR,ERR,ERR,ERR,ERR,ERR,ERR,ERR,ERR,ERR,ERR,ERR,ERR,ERR,ERR,ERR,ERR,ERR,ERR,ERR,ERR,ERR,ERR,ERR,ERR,ERR,ERR,ERR,ERR,ERR,ERR,ERR,ERR,ERR,ERR,ERR,ERR,ERR,0.0,-0.0,0.0,0.0,0.0,1.3936040501711995e+18,7.805,0.0,0,0,4,0,7116,0.0,100,0.0,0.0,0.0,0.0,0.0,0,0,0,0,0.0,0,0,0,0,0,0,0,0,0,0,0,0,0,0,0,0,0,0,0,0,0,0,0,0,0,0,0,0,0,0,0,0,0,31,40,40,71,65476,0,300,0,0,8,21553,0.0,-107605600.0,0.0,0.0,0.0,0.0,0.0,0.0,0.0,0.0,0.0,0.0,0.0,0.0,0.0,0.0,0.0,0.0,0.0,0.0,0.0,0.0,-2.004,-2.004,-2.004,-2.004,0.0,0.0,0.0,0.0,4448.0,0.0,6914.0,0.0,-0.0,-107615120.0,-0.0,0.0,0.0,0.0,0.0,69,0.059,0.0,0.0,0.0,0.0,0.0,0.0,0.0,0.0,0,0,0,0.0,0.0,0.0,0.0,0.0,0.0,0.0,0.0,0.0,0.0,0.0,0.0,0.0,0.0,0.0,0.0,0,-107875648.0,69,0.0,138,0.0,0.0,0,39322,17087,0,17105,0,17084,0,0,0,70,68,100,-0.0,82.2,2.730238639235042e+23,78.9,-107615472.0,79.0,1,49,50,180,13107,39322,0,0,0.0,0.0,0.0,0.0,-0.0,67.0,0.0,162057.094,0.0,986,0,1018,0,0,0,958,0,1045,0,940,0,794,0,787,0,823,0,7520,0.032,1.9714957728777083e+20,0.0,0.0,784,16797,-0.0,162057.094,-114818.039,-0.0,0.133,6.909358625270745e+28,30.0,70.0,35,0.0,0.0,0.0,0.0,0.0,0.0,0.0,0.0,0.0,0.0,0.0,0.0,0.0,0.0,0.0,0.0,66.0,0,150,71,52,65476,0,300,0,0,8,20529,65476,0,0,44564,70.0,0.0,0.0,0.0,0.0,0.0
2026-09-10T21:00:47,ERR,ERR,ERR,ERR,ERR,ERR,ERR,ERR,ERR,ERR,ERR,ERR,ERR,ERR,ERR,ERR,ERR,ERR,ERR,ERR,ERR,ERR,ERR,ERR,ERR,ERR,ERR,ERR,ERR,ERR,ERR,ERR,ERR,ERR,ERR,ERR,ERR,ERR,ERR,ERR,ERR,ERR,ERR,ERR,ERR,ERR,ERR,ERR,ERR,ERR,ERR,ERR,ERR,ERR,ERR,ERR,ERR,ERR,ERR,ERR,ERR,ERR,ERR,ERR,ERR,ERR,ERR,ERR,ERR,ERR,ERR,ERR,ERR,ERR,ERR,ERR,ERR,ERR,ERR,ERR,ERR,ERR,ERR,ERR,ERR,ERR,ERR,ERR,ERR,ERR,ERR,ERR,ERR,ERR,ERR,ERR,ERR,ERR,ERR,ERR,ERR,ERR,ERR,ERR,ERR,ERR,ERR,ERR,ERR,ERR,ERR,ERR,ERR,ERR,ERR,ERR,ERR,ERR,ERR,ERR,ERR,ERR,ERR,ERR,ERR,0.0,-0.0,0.0,0.0,0.0,1.3936040501711995e+18,7.805,0.0,0,0,4,0,7116,0.0,100,0.0,0.0,0.0,0.0,0.0,0,0,0,0,0.0,0,0,0,0,0,0,0,0,0,0,0,0,0,0,0,0,0,0,0,0,0,0,0,0,0,0,0,0,0,0,0,0,0,31,40,40,71,65476,0,300,0,0,8,21553,0.0,-107605600.0,0.0,0.0,0.0,0.0,0.0,0.0,0.0,0.0,0.0,0.0,0.0,0.0,0.0,0.0,0.0,0.0,0.0,0.0,0.0,0.0,-2.004,-2.004,-2.004,-2.004,0.0,0.0,0.0,0.0,4448.0,0.0,6914.0,0.0,-0.0,-107615120.0,-0.0,0.0,0.0,0.0,0.0,69,0.059,0.0,0.0,0.0,0.0,0.0,0.0,0.0,0.0,0,0,0,0.0,0.0,0.0,0.0,0.0,0.0,0.0,0.0,0.0,0.0,0.0,0.0,0.0,0.0,0.0,0.0,0,-107875648.0,69,0.0,138,0.0,0.0,0,39322,17087,0,17105,0,17084,0,0,0,70,68,100,-0.0,82.2,2.730238639235042e+23,78.9,-107615472.0,79.0,1,49,50,180,13107,39322,0,0,0.0,0.0,0.0,0.0,-0.0,67.0,0.0,162057.094,0.0,986,0,1018,0,0,0,958,0,1045,0,940,0,794,0,787,0,823,0,7520,0.032,1.9714957728777083e+20,0.0,0.0,784,16797,-0.0,162057.094,-114818.039,-0.0,0.133,6.909358625270745e+28,30.0,70.0,35,0.0,0.0,0.0,0.0,0.0,0.0,0.0,0.0,0.0,0.0,0.0,0.0,0.0,0.0,0.0,0.0,66.0,0,150,71,52,65476,0,300,0,0,8,20529,65476,0,0,44564,70.0,0.0,0.0,0.0,0.0,0.0
2026-09-10T21:00:48,ERR,ERR,ERR,ERR,ERR,ERR,ERR,ERR,ERR,ERR,ERR,ERR,ERR,ERR,ERR,ERR,ERR,ERR,ERR,ERR,ERR,ERR,ERR,ERR,ERR,ERR,ERR,ERR,ERR,ERR,ERR,ERR,ERR,ERR,ERR,ERR,ERR,ERR,ERR,ERR,ERR,ERR,ERR,ERR,ERR,ERR,ERR,ERR,ERR,ERR,ERR,ERR,ERR,ERR,ERR,ERR,ERR,ERR,ERR,ERR,ERR,ERR,ERR,ERR,ERR,ERR,ERR,ERR,ERR,ERR,ERR,ERR,ERR,ERR,ERR,ERR,ERR,ERR,ERR,ERR,ERR,ERR,ERR,ERR,ERR,ERR,ERR,ERR,ERR,ERR,ERR,ERR,ERR,ERR,ERR,ERR,ERR,ERR,ERR,ERR,ERR,ERR,ERR,ERR,ERR,ERR,ERR,ERR,ERR,ERR,ERR,ERR,ERR,ERR,ERR,ERR,ERR,ERR,ERR,ERR,ERR,ERR,ERR,ERR,ERR,0.0,-0.0,0.0,0.0,0.0,1.3936040501711995e+18,7.805,0.0,0,0,4,0,7116,0.0,100,0.0,0.0,0.0,0.0,0.0,0,0,0,0,0.0,0,0,0,0,0,0,0,0,0,0,0,0,0,0,0,0,0,0,0,0,0,0,0,0,0,0,0,0,0,0,0,0,0,31,40,40,71,65476,0,300,0,0,8,21553,0.0,-107605600.0,0.0,0.0,0.0,0.0,0.0,0.0,0.0,0.0,0.0,0.0,0.0,0.0,0.0,0.0,0.0,0.0,0.0,0.0,0.0,0.0,-2.004,-2.004,-2.004,-2.004,0.0,0.0,0.0,0.0,4448.0,0.0,6914.0,0.0,-0.0,-107615120.0,-0.0,0.0,0.0,0.0,0.0,69,0.059,0.0,0.0,0.0,0.0,0.0,0.0,0.0,0.0,0,0,0,0.0,0.0,0.0,0.0,0.0,0.0,0.0,0.0,0.0,0.0,0.0,0.0,0.0,0.0,0.0,0.0,0,-107875648.0,69,0.0,138,0.0,0.0,0,39322,17087,0,17105,0,17084,0,0,0,70,68,100,-0.0,82.2,2.730238639235042e+23,78.9,-107615472.0,79.0,1,49,50,180,13107,39322,0,0,0.0,0.0,0.0,0.0,-0.0,67.0,0.0,162057.094,0.0,986,0,1018,0,0,0,958,0,1045,0,940,0,794,0,787,0,823,0,7520,0.032,1.9714957728777083e+20,0.0,0.0,784,16797,-0.0,162057.094,-114818.039,-0.0,0.133,6.909358625270745e+28,30.0,70.0,35,0.0,0.0,0.0,0.0,0.0,0.0,0.0,0.0,0.0,0.0,0.0,0.0,0.0,0.0,0.0,0.0,66.0,0,150,71,52,65476,0,300,0,0,8,20529,65476,0,0,44564,70.0,0.0,0.0,0.0,0.0,0.0
2026-09-10T21:00:49,ERR,ERR,ERR,ERR,ERR,ERR,ERR,ERR,ERR,ERR,ERR,ERR,ERR,ERR,ERR,ERR,ERR,ERR,ERR,ERR,ERR,ERR,ERR,ERR,ERR,ERR,ERR,ERR,ERR,ERR,ERR,ERR,ERR,ERR,ERR,ERR,ERR,ERR,ERR,ERR,ERR,ERR,ERR,ERR,ERR,ERR,ERR,ERR,ERR,ERR,ERR,ERR,ERR,ERR,ERR,ERR,ERR,ERR,ERR,ERR,ERR,ERR,ERR,ERR,ERR,ERR,ERR,ERR,ERR,ERR,ERR,ERR,ERR,ERR,ERR,ERR,ERR,ERR,ERR,ERR,ERR,ERR,ERR,ERR,ERR,ERR,ERR,ERR,ERR,ERR,ERR,ERR,ERR,ERR,ERR,ERR,ERR,ERR,ERR,ERR,ERR,ERR,ERR,ERR,ERR,ERR,ERR,ERR,ERR,ERR,ERR,ERR,ERR,ERR,ERR,ERR,ERR,ERR,ERR,ERR,ERR,ERR,ERR,ERR,ERR,0.0,-0.0,0.0,0.0,0.0,1.3936040501711995e+18,7.805,0.0,0,0,4,0,7116,0.0,100,0.0,0.0,0.0,0.0,0.0,0,0,0,0,0.0,0,0,0,0,0,0,0,0,0,0,0,0,0,0,0,0,0,0,0,0,0,0,0,0,0,0,0,0,0,0,0,0,0,31,40,40,71,65476,0,300,0,0,8,21553,0.0,-107605600.0,0.0,0.0,0.0,0.0,0.0,0.0,0.0,0.0,0.0,0.0,0.0,0.0,0.0,0.0,0.0,0.0,0.0,0.0,0.0,0.0,-2.004,-2.004,-2.004,-2.004,0.0,0.0,0.0,0.0,4448.0,0.0,6914.0,0.0,-0.0,-107615120.0,-0.0,0.0,0.0,0.0,0.0,69,0.059,0.0,0.0,0.0,0.0,0.0,0.0,0.0,0.0,0,0,0,0.0,0.0,0.0,0.0,0.0,0.0,0.0,0.0,0.0,0.0,0.0,0.0,0.0,0.0,0.0,0.0,0,-107875648.0,69,0.0,138,0.0,0.0,0,39322,17087,0,17105,13107,17084,0,0,0,70,68,100,-0.0,82.2,2.730238639235042e+23,78.9,-107615472.0,79.0,1,49,50,180,13107,39322,0,0,0.0,0.0,0.0,0.0,-0.0,67.0,0.0,162057.094,0.0,986,0,1018,0,0,0,958,0,1045,0,941,0,794,0,787,0,823,0,7520,0.032,1.95996655783164e+20,0.0,0.0,784,16797,-0.0,162057.094,-114818.039,-0.0,0.133,6.909358625270745e+28,30.0,70.0,35,0.0,0.0,0.0,0.0,0.0,0.0,0.0,0.0,0.0,0.0,0.0,0.0,0.0,0.0,0.0,0.0,66.0,0,150,71,52,65476,0,300,0,0,8,20529,65476,0,0,44564,70.0,0.0,0.0,0.0,0.0,0.0
2026-09-10T21:00:50,ERR,ERR,ERR,ERR,ERR,ERR,ERR,ERR,ERR,ERR,ERR,ERR,ERR,ERR,ERR,ERR,ERR,ERR,ERR,ERR,ERR,ERR,ERR,ERR,ERR,ERR,ERR,ERR,ERR,ERR,ERR,ERR,ERR,ERR,ERR,ERR,ERR,ERR,ERR,ERR,ERR,ERR,ERR,ERR,ERR,ERR,ERR,ERR,ERR,ERR,ERR,ERR,ERR,ERR,ERR,ERR,ERR,ERR,ERR,ERR,ERR,ERR,ERR,ERR,ERR,ERR,ERR,ERR,ERR,ERR,ERR,ERR,ERR,ERR,ERR,ERR,ERR,ERR,ERR,ERR,ERR,ERR,ERR,ERR,ERR,ERR,ERR,ERR,ERR,ERR,ERR,ERR,ERR,ERR,ERR,ERR,ERR,ERR,ERR,ERR,ERR,ERR,ERR,ERR,ERR,ERR,ERR,ERR,ERR,ERR,ERR,ERR,ERR,ERR,ERR,ERR,ERR,ERR,ERR,ERR,ERR,ERR,ERR,ERR,ERR,0.0,-0.0,0.0,0.0,0.0,1.3936040501711995e+18,7.805,0.0,0,0,4,0,7116,0.0,100,0.0,0.0,0.0,0.0,0.0,0,0,0,0,0.0,0,0,0,0,0,0,0,0,0,0,0,0,0,0,0,0,0,0,0,0,0,0,0,0,0,0,0,0,0,0,0,0,0,31,40,40,71,65476,0,300,0,0,8,21553,0.0,-107605600.0,0.0,0.0,0.0,0.0,0.0,0.0,0.0,0.0,0.0,0.0,0.0,0.0,0.0,0.0,0.0,0.0,0.0,0.0,0.0,0.0,-0.0,-2.004,-2.004,-0.0,0.0,0.0,0.0,0.0,4449.0,0.0,6913.0,0.0,-0.0,-107615120.0,-0.0,0.0,0.0,0.0,0.0,69,0.059,0.0,0.0,0.0,0.0,0.0,0.0,0.0,0.0,0,0,0,0.0,0.0,0.0,0.0,0.0,0.0,0.0,0.0,0.0,0.0,0.0,0.0,0.0,0.0,0.0,0.0,0,-107875648.0,69,0.0,138,0.0,0.0,0,39322,17087,0,17105,13107,17084,0,0,0,70,68,100,-0.0,82.2,2.730238639235042e+23,78.9,-107615472.0,79.0,1,49,50,180,13107,39322,0,0,0.0,0.0,0.0,0.0,-0.0,67.0,0.0,162057.094,0.0,986,0,1018,0,0,0,958,0,1045,0,941,0,794,0,787,0,823,0,7520,0.032,1.95996655783164e+20,0.0,0.0,784,16797,-0.0,162057.094,-114818.039,-0.0,0.133,6.909358625270745e+28,30.0,70.0,35,0.0,0.0,0.0,0.0,0.0,0.0,0.0,0.0,0.0,0.0,0.0,0.0,0.0,0.0,0.0,0.0,66.0,0,150,71,52,65476,0,300,0,0,8,20529,65476,0,0,44564,70.0,0.0,0.0,0.0,0.0,0.0
2026-09-10T21:00:51,ERR,ERR,ERR,ERR,ERR,ERR,ERR,ERR,ERR,ERR,ERR,ERR,ERR,ERR,ERR,ERR,ERR,ERR,ERR,ERR,ERR,ERR,ERR,ERR,ERR,ERR,ERR,ERR,ERR,ERR,ERR,ERR,ERR,ERR,ERR,ERR,ERR,ERR,ERR,ERR,ERR,ERR,ERR,ERR,ERR,ERR,ERR,ERR,ERR,ERR,ERR,ERR,ERR,ERR,ERR,ERR,ERR,ERR,ERR,ERR,ERR,ERR,ERR,ERR,ERR,ERR,ERR,ERR,ERR,ERR,ERR,ERR,ERR,ERR,ERR,ERR,ERR,ERR,ERR,ERR,ERR,ERR,ERR,ERR,ERR,ERR,ERR,ERR,ERR,ERR,ERR,ERR,ERR,ERR,ERR,ERR,ERR,ERR,ERR,ERR,ERR,ERR,ERR,ERR,ERR,ERR,ERR,ERR,ERR,ERR,ERR,ERR,ERR,ERR,ERR,ERR,ERR,ERR,ERR,ERR,ERR,ERR,ERR,ERR,ERR,0.0,-0.0,0.0,0.0,0.0,1.3936040501711995e+18,7.805,0.0,0,0,4,0,7116,0.0,100,0.0,0.0,0.0,0.0,0.0,0,0,0,0,0.0,0,0,0,0,0,0,0,0,0,0,0,0,0,0,0,0,0,0,0,0,0,0,0,0,0,0,0,0,0,0,0,0,0,31,40,40,71,65476,0,300,0,0,8,21553,0.0,-107605600.0,0.0,0.0,0.0,0.0,0.0,0.0,0.0,0.0,0.0,0.0,0.0,0.0,0.0,0.0,0.0,0.0,0.0,0.0,0.0,0.0,-0.0,-2.004,-2.004,-0.0,0.0,0.0,0.0,0.0,4449.0,0.0,6913.0,0.0,-0.0,-107615120.0,-0.0,0.0,0.0,0.0,0.0,69,0.059,0.0,0.0,0.0,0.0,0.0,0.0,0.0,0.0,0,0,0,0.0,0.0,0.0,0.0,0.0,0.0,0.0,0.0,0.0,0.0,0.0,0.0,0.0,0.0,0.0,0.0,0,-107875648.0,69,0.0,138,0.0,0.0,0,39322,17087,0,17105,13107,17084,0,0,0,70,68,100,-0.0,82.2,2.730238639235042e+23,78.9,-107615472.0,79.0,1,49,50,180,13107,39322,0,0,0.0,0.0,0.0,0.0,-0.0,67.0,0.0,162057.094,0.0,986,0,1018,0,0,0,958,0,1045,0,941,0,794,0,787,0,823,0,7520,0.032,1.95996655783164e+20,0.0,0.0,784,16797,-0.0,162057.094,-114818.039,-0.0,0.133,6.909358625270745e+28,30.0,70.0,35,0.0,0.0,0.0,0.0,0.0,0.0,0.0,0.0,0.0,0.0,0.0,0.0,0.0,0.0,0.0,0.0,66.0,0,150,71,52,65476,0,300,0,0,8,20529,65476,0,0,44564,70.0,0.0,0.0,0.0,0.0,0.0
2026-09-10T21:00:52,ERR,ERR,ERR,ERR,ERR,ERR,ERR,ERR,ERR,ERR,ERR,ERR,ERR,ERR,ERR,ERR,ERR,ERR,ERR,ERR,ERR,ERR,ERR,ERR,ERR,ERR,ERR,ERR,ERR,ERR,ERR,ERR,ERR,ERR,ERR,ERR,ERR,ERR,ERR,ERR,ERR,ERR,ERR,ERR,ERR,ERR,ERR,ERR,ERR,ERR,ERR,ERR,ERR,ERR,ERR,ERR,ERR,ERR,ERR,ERR,ERR,ERR,ERR,ERR,ERR,ERR,ERR,ERR,ERR,ERR,ERR,ERR,ERR,ERR,ERR,ERR,ERR,ERR,ERR,ERR,ERR,ERR,ERR,ERR,ERR,ERR,ERR,ERR,ERR,ERR,ERR,ERR,ERR,ERR,ERR,ERR,ERR,ERR,ERR,ERR,ERR,ERR,ERR,ERR,ERR,ERR,ERR,ERR,ERR,ERR,ERR,ERR,ERR,ERR,ERR,ERR,ERR,ERR,ERR,ERR,ERR,ERR,ERR,ERR,ERR,0.0,-0.0,0.0,0.0,0.0,1.3936040501711995e+18,7.805,0.0,0,0,4,0,7116,0.0,100,0.0,0.0,0.0,0.0,0.0,0,0,0,0,0.0,0,0,0,0,0,0,0,0,0,0,0,0,0,0,0,0,0,0,0,0,0,0,0,0,0,0,0,0,0,0,0,0,0,31,40,40,71,65476,0,300,0,0,8,21553,0.0,-107605600.0,0.0,0.0,0.0,0.0,0.0,0.0,0.0,0.0,0.0,0.0,0.0,0.0,0.0,0.0,0.0,0.0,0.0,0.0,0.0,0.0,-0.0,-2.004,-2.004,-0.0,0.0,0.0,0.0,0.0,4449.0,0.0,6913.0,0.0,-0.0,-107615120.0,-0.0,0.0,0.0,0.0,0.0,69,0.059,0.0,0.0,0.0,0.0,0.0,0.0,0.0,0.0,0,0,0,0.0,0.0,0.0,0.0,0.0,0.0,0.0,0.0,0.0,0.0,0.0,0.0,0.0,0.0,0.0,0.0,0,-107875648.0,69,0.0,138,0.0,0.0,0,39322,17087,0,17105,13107,17084,0,0,0,70,68,100,-0.0,82.2,2.730238639235042e+23,78.9,-107615472.0,79.0,1,49,50,180,13107,39322,0,0,0.0,0.0,0.0,0.0,-0.0,67.0,0.0,162057.094,0.0,986,0,1018,0,0,0,958,0,1045,0,941,0,794,0,787,0,823,0,7520,0.032,1.95996655783164e+20,0.0,0.0,784,16797,-0.0,162057.094,-114818.039,-0.0,0.133,6.909358625270745e+28,30.0,70.0,35,0.0,0.0,0.0,0.0,0.0,0.0,0.0,0.0,0.0,0.0,0.0,0.0,0.0,0.0,0.0,0.0,66.0,0,150,71,52,65476,0,300,0,0,8,20529,65476,0,0,44564,70.0,0.0,0.0,0.0,0.0,0.0
2026-09-10T21:00:53,ERR,ERR,ERR,ERR,ERR,ERR,ERR,ERR,ERR,ERR,ERR,ERR,ERR,ERR,ERR,ERR,ERR,ERR,ERR,ERR,ERR,ERR,ERR,ERR,ERR,ERR,ERR,ERR,ERR,ERR,ERR,ERR,ERR,ERR,ERR,ERR,ERR,ERR,ERR,ERR,ERR,ERR,ERR,ERR,ERR,ERR,ERR,ERR,ERR,ERR,ERR,ERR,ERR,ERR,ERR,ERR,ERR,ERR,ERR,ERR,ERR,ERR,ERR,ERR,ERR,ERR,ERR,ERR,ERR,ERR,ERR,ERR,ERR,ERR,ERR,ERR,ERR,ERR,ERR,ERR,ERR,ERR,ERR,ERR,ERR,ERR,ERR,ERR,ERR,ERR,ERR,ERR,ERR,ERR,ERR,ERR,ERR,ERR,ERR,ERR,ERR,ERR,ERR,ERR,ERR,ERR,ERR,ERR,ERR,ERR,ERR,ERR,ERR,ERR,ERR,ERR,ERR,ERR,ERR,ERR,ERR,ERR,ERR,ERR,ERR,0.0,-0.0,0.0,0.0,0.0,1.3936040501711995e+18,7.805,0.0,0,0,4,0,7116,0.0,100,0.0,0.0,0.0,0.0,0.0,0,0,0,0,0.0,0,0,0,0,0,0,0,0,0,0,0,0,0,0,0,0,0,0,0,0,0,0,0,0,0,0,0,0,0,0,0,0,0,31,40,40,71,65476,0,300,0,0,8,21553,0.0,-107605600.0,0.0,0.0,0.0,0.0,0.0,0.0,0.0,0.0,0.0,0.0,0.0,0.0,0.0,0.0,0.0,0.0,0.0,0.0,0.0,0.0,-0.0,-2.004,-2.004,-0.0,0.0,0.0,0.0,0.0,4449.0,0.0,6913.0,0.0,-0.0,-107615120.0,-0.0,0.0,0.0,0.0,0.0,69,0.059,0.0,0.0,0.0,0.0,0.0,0.0,0.0,0.0,0,0,0,0.0,0.0,0.0,0.0,0.0,0.0,0.0,0.0,0.0,0.0,0.0,0.0,0.0,0.0,0.0,0.0,0,-107875648.0,69,0.0,138,0.0,0.0,0,39322,17087,0,17105,13107,17084,0,0,0,70,68,100,-0.0,82.2,2.730238639235042e+23,78.9,-107615472.0,79.0,1,49,50,180,13107,39322,0,0,0.0,0.0,0.0,0.0,-0.0,67.0,0.0,162057.094,0.0,986,0,1018,0,0,0,958,0,1045,0,941,0,794,0,787,0,823,0,7520,0.032,1.95996655783164e+20,0.0,0.0,784,16797,-0.0,162057.094,-114818.039,-0.0,0.133,6.909358625270745e+28,30.0,70.0,35,0.0,0.0,0.0,0.0,0.0,0.0,0.0,0.0,0.0,0.0,0.0,0.0,0.0,0.0,0.0,0.0,66.0,0,150,71,52,65476,0,300,0,0,8,20529,65476,0,0,44564,70.0,0.0,0.0,0.0,0.0,0.0
2026-09-10T21:00:54,ERR,ERR,ERR,ERR,ERR,ERR,ERR,ERR,ERR,ERR,ERR,ERR,ERR,ERR,ERR,ERR,ERR,ERR,ERR,ERR,ERR,ERR,ERR,ERR,ERR,ERR,ERR,ERR,ERR,ERR,ERR,ERR,ERR,ERR,ERR,ERR,ERR,ERR,ERR,ERR,ERR,ERR,ERR,ERR,ERR,ERR,ERR,ERR,ERR,ERR,ERR,ERR,ERR,ERR,ERR,ERR,ERR,ERR,ERR,ERR,ERR,ERR,ERR,ERR,ERR,ERR,ERR,ERR,ERR,ERR,ERR,ERR,ERR,ERR,ERR,ERR,ERR,ERR,ERR,ERR,ERR,ERR,ERR,ERR,ERR,ERR,ERR,ERR,ERR,ERR,ERR,ERR,ERR,ERR,ERR,ERR,ERR,ERR,ERR,ERR,ERR,ERR,ERR,ERR,ERR,ERR,ERR,ERR,ERR,ERR,ERR,ERR,ERR,ERR,ERR,ERR,ERR,ERR,ERR,ERR,ERR,ERR,ERR,ERR,ERR,0.0,-0.0,0.0,0.0,0.0,1.3936040501711995e+18,7.805,0.0,0,0,4,0,7116,0.0,100,0.0,0.0,0.0,0.0,0.0,0,0,0,0,0.0,0,0,0,0,0,0,0,0,0,0,0,0,0,0,0,0,0,0,0,0,0,0,0,0,0,0,0,0,0,0,0,0,0,31,40,40,71,65476,0,300,0,0,8,21553,0.0,-107605600.0,0.0,0.0,0.0,0.0,0.0,0.0,0.0,0.0,0.0,0.0,0.0,0.0,0.0,0.0,0.0,0.0,0.0,0.0,0.0,0.0,-0.0,-2.004,-2.004,-0.0,0.0,0.0,0.0,0.0,4449.0,0.0,6913.0,0.0,-0.0,-107615120.0,-0.0,0.0,0.0,0.0,0.0,69,0.059,0.0,0.0,0.0,0.0,0.0,0.0,0.0,0.0,0,0,0,0.0,0.0,0.0,0.0,0.0,0.0,0.0,0.0,0.0,0.0,0.0,0.0,0.0,0.0,0.0,0.0,0,-107875648.0,69,0.0,138,0.0,0.0,0,39322,17087,0,17105,13107,17084,0,0,0,70,68,100,-0.0,82.2,2.730238639235042e+23,78.9,-107615472.0,79.0,1,49,50,180,13107,39322,0,0,0.0,0.0,0.0,0.0,-0.0,67.0,0.0,162057.094,0.0,986,0,1018,0,0,0,958,0,1045,0,941,0,794,0,787,0,823,0,7520,0.032,1.95996655783164e+20,0.0,0.0,784,16797,-0.0,162057.094,-114818.039,-0.0,0.133,6.909358625270745e+28,30.0,70.0,35,0.0,0.0,0.0,0.0,0.0,0.0,0.0,0.0,0.0,0.0,0.0,0.0,0.0,0.0,0.0,0.0,66.0,0,150,71,52,65476,0,300,0,0,8,20529,65476,0,0,44564,70.0,0.0,0.0,0.0,0.0,0.0
2026-09-10T21:00:55,ERR,ERR,ERR,ERR,ERR,ERR,ERR,ERR,ERR,ERR,ERR,ERR,ERR,ERR,ERR,ERR,ERR,ERR,ERR,ERR,ERR,ERR,ERR,ERR,ERR,ERR,ERR,ERR,ERR,ERR,ERR,ERR,ERR,ERR,ERR,ERR,ERR,ERR,ERR,ERR,ERR,ERR,ERR,ERR,ERR,ERR,ERR,ERR,ERR,ERR,ERR,ERR,ERR,ERR,ERR,ERR,ERR,ERR,ERR,ERR,ERR,ERR,ERR,ERR,ERR,ERR,ERR,ERR,ERR,ERR,ERR,ERR,ERR,ERR,ERR,ERR,ERR,ERR,ERR,ERR,ERR,ERR,ERR,ERR,ERR,ERR,ERR,ERR,ERR,ERR,ERR,ERR,ERR,ERR,ERR,ERR,ERR,ERR,ERR,ERR,ERR,ERR,ERR,ERR,ERR,ERR,ERR,ERR,ERR,ERR,ERR,ERR,ERR,ERR,ERR,ERR,ERR,ERR,ERR,ERR,ERR,ERR,ERR,ERR,ERR,0.0,-0.0,0.0,0.0,0.0,1.3936040501711995e+18,7.805,0.0,0,0,4,0,7116,0.0,100,0.0,0.0,0.0,0.0,0.0,0,0,0,0,0.0,0,0,0,0,0,0,0,0,0,0,0,0,0,0,0,0,0,0,0,0,0,0,0,0,0,0,0,0,0,0,0,0,0,31,40,40,71,65476,0,300,0,0,8,21553,0.0,-107605600.0,0.0,0.0,0.0,0.0,0.0,0.0,0.0,0.0,0.0,0.0,0.0,0.0,0.0,0.0,0.0,0.0,0.0,0.0,0.0,0.0,-0.0,-2.004,-2.004,-0.0,0.0,0.0,0.0,0.0,4449.0,0.0,6913.0,0.0,-0.0,-107615120.0,-0.0,0.0,0.0,0.0,0.0,69,0.059,0.0,0.0,0.0,0.0,0.0,0.0,0.0,0.0,0,0,0,0.0,0.0,0.0,0.0,0.0,0.0,0.0,0.0,0.0,0.0,0.0,0.0,0.0,0.0,0.0,0.0,0,-107875648.0,69,0.0,138,0.0,0.0,0,39322,17087,0,17105,0,17084,0,0,0,70,68,100,-0.0,82.2,2.730238639235042e+23,78.9,-107615472.0,79.0,1,49,50,180,13107,39322,0,0,0.0,0.0,0.0,0.0,-0.0,67.0,0.0,162057.094,0.0,986,0,1017,0,0,0,958,0,1045,0,940,0,794,0,786,0,823,0,7520,0.032,2.2943137941676255e+20,0.0,0.0,784,16797,-0.0,162057.094,-114818.039,-0.0,0.133,6.909358625270745e+28,30.0,70.0,35,0.0,0.0,0.0,0.0,0.0,0.0,0.0,0.0,0.0,0.0,0.0,0.0,0.0,0.0,0.0,0.0,66.4,0,150,71,52,65476,0,300,0,0,8,20529,65476,0,0,44564,70.0,0.0,0.0,0.0,0.0,0.0
2026-09-10T21:00:56,ERR,ERR,ERR,ERR,ERR,ERR,ERR,ERR,ERR,ERR,ERR,ERR,ERR,ERR,ERR,ERR,ERR,ERR,ERR,ERR,ERR,ERR,ERR,ERR,ERR,ERR,ERR,ERR,ERR,ERR,ERR,ERR,ERR,ERR,ERR,ERR,ERR,ERR,ERR,ERR,ERR,ERR,ERR,ERR,ERR,ERR,ERR,ERR,ERR,ERR,ERR,ERR,ERR,ERR,ERR,ERR,ERR,ERR,ERR,ERR,ERR,ERR,ERR,ERR,ERR,ERR,ERR,ERR,ERR,ERR,ERR,ERR,ERR,ERR,ERR,ERR,ERR,ERR,ERR,ERR,ERR,ERR,ERR,ERR,ERR,ERR,ERR,ERR,ERR,ERR,ERR,ERR,ERR,ERR,ERR,ERR,ERR,ERR,ERR,ERR,ERR,ERR,ERR,ERR,ERR,ERR,ERR,ERR,ERR,ERR,ERR,ERR,ERR,ERR,ERR,ERR,ERR,ERR,ERR,ERR,ERR,ERR,ERR,ERR,ERR,0.0,-0.0,0.0,0.0,0.0,1.3936040501711995e+18,7.805,0.0,0,0,4,0,7116,0.0,100,0.0,0.0,0.0,0.0,0.0,0,0,0,0,0.0,0,0,0,0,0,0,0,0,0,0,0,0,0,0,0,0,0,0,0,0,0,0,0,0,0,0,0,0,0,0,0,0,0,31,40,40,71,65476,0,300,0,0,8,21553,0.0,-107605600.0,0.0,0.0,0.0,0.0,0.0,0.0,0.0,0.0,0.0,0.0,0.0,0.0,0.0,0.0,0.0,0.0,0.0,0.0,0.0,0.0,-0.0,-2.004,-2.004,-0.0,0.0,0.0,0.0,0.0,4449.0,0.0,6913.0,0.0,-0.0,-107615120.0,-0.0,0.0,0.0,0.0,0.0,69,0.059,0.0,0.0,0.0,0.0,0.0,0.0,0.0,0.0,0,0,0,0.0,0.0,0.0,0.0,0.0,0.0,0.0,0.0,0.0,0.0,0.0,0.0,0.0,0.0,0.0,0.0,0,-107875648.0,69,0.0,138,0.0,0.0,0,39322,17087,0,17105,0,17084,0,0,0,70,68,100,-0.0,82.2,2.730238639235042e+23,78.9,-107615472.0,79.0,1,49,50,180,13107,39322,0,0,0.0,0.0,0.0,0.0,-0.0,67.0,0.0,162057.094,0.0,986,0,1017,0,0,0,958,0,1045,0,940,0,794,0,786,0,823,0,7520,0.032,2.2943137941676255e+20,0.0,0.0,784,16797,-0.0,162057.094,-114818.039,-0.0,0.133,6.909358625270745e+28,30.0,70.0,35,0.0,0.0,0.0,0.0,0.0,0.0,0.0,0.0,0.0,0.0,0.0,0.0,0.0,0.0,0.0,0.0,66.4,0,150,71,52,65476,0,300,0,0,8,20529,65476,0,0,44564,70.0,0.0,0.0,0.0,0.0,0.0
2026-09-10T21:00:57,ERR,ERR,ERR,ERR,ERR,ERR,ERR,ERR,ERR,ERR,ERR,ERR,ERR,ERR,ERR,ERR,ERR,ERR,ERR,ERR,ERR,ERR,ERR,ERR,ERR,ERR,ERR,ERR,ERR,ERR,ERR,ERR,ERR,ERR,ERR,ERR,ERR,ERR,ERR,ERR,ERR,ERR,ERR,ERR,ERR,ERR,ERR,ERR,ERR,ERR,ERR,ERR,ERR,ERR,ERR,ERR,ERR,ERR,ERR,ERR,ERR,ERR,ERR,ERR,ERR,ERR,ERR,ERR,ERR,ERR,ERR,ERR,ERR,ERR,ERR,ERR,ERR,ERR,ERR,ERR,ERR,ERR,ERR,ERR,ERR,ERR,ERR,ERR,ERR,ERR,ERR,ERR,ERR,ERR,ERR,ERR,ERR,ERR,ERR,ERR,ERR,ERR,ERR,ERR,ERR,ERR,ERR,ERR,ERR,ERR,ERR,ERR,ERR,ERR,ERR,ERR,ERR,ERR,ERR,ERR,ERR,ERR,ERR,ERR,ERR,0.0,-0.0,0.0,0.0,0.0,1.3936040501711995e+18,7.805,0.0,0,0,4,0,7116,0.0,100,0.0,0.0,0.0,0.0,0.0,0,0,0,0,0.0,0,0,0,0,0,0,0,0,0,0,0,0,0,0,0,0,0,0,0,0,0,0,0,0,0,0,0,0,0,0,0,0,0,31,40,40,71,65476,0,300,0,0,8,21553,0.0,-107605600.0,0.0,0.0,0.0,0.0,0.0,0.0,0.0,0.0,0.0,0.0,0.0,0.0,0.0,0.0,0.0,0.0,0.0,0.0,0.0,0.0,-0.0,-2.004,-2.004,-0.0,0.0,0.0,0.0,0.0,4449.0,0.0,6913.0,0.0,-0.0,-107615120.0,-0.0,0.0,0.0,0.0,0.0,69,0.059,0.0,0.0,0.0,0.0,0.0,0.0,0.0,0.0,0,0,0,0.0,0.0,0.0,0.0,0.0,0.0,0.0,0.0,0.0,0.0,0.0,0.0,0.0,0.0,0.0,0.0,0,-107875648.0,69,0.0,138,0.0,0.0,0,39322,17087,0,17105,0,17084,0,0,0,70,68,100,-0.0,82.2,2.730238639235042e+23,78.9,-107615472.0,79.0,1,49,50,180,13107,39322,0,0,0.0,0.0,0.0,0.0,-0.0,67.0,0.0,162057.094,0.0,986,0,1017,0,0,0,958,0,1045,0,940,0,794,0,786,0,823,0,7520,0.032,2.2943137941676255e+20,0.0,0.0,784,16797,-0.0,162057.094,-114818.039,-0.0,0.133,6.909358625270745e+28,30.0,70.0,35,0.0,0.0,0.0,0.0,0.0,0.0,0.0,0.0,0.0,0.0,0.0,0.0,0.0,0.0,0.0,0.0,66.4,0,150,71,52,65476,0,300,0,0,8,20529,65476,0,0,44564,70.0,0.0,0.0,0.0,0.0,0.0
2026-09-10T21:00:58,ERR,ERR,ERR,ERR,ERR,ERR,ERR,ERR,ERR,ERR,ERR,ERR,ERR,ERR,ERR,ERR,ERR,ERR,ERR,ERR,ERR,ERR,ERR,ERR,ERR,ERR,ERR,ERR,ERR,ERR,ERR,ERR,ERR,ERR,ERR,ERR,ERR,ERR,ERR,ERR,ERR,ERR,ERR,ERR,ERR,ERR,ERR,ERR,ERR,ERR,ERR,ERR,ERR,ERR,ERR,ERR,ERR,ERR,ERR,ERR,ERR,ERR,ERR,ERR,ERR,ERR,ERR,ERR,ERR,ERR,ERR,ERR,ERR,ERR,ERR,ERR,ERR,ERR,ERR,ERR,ERR,ERR,ERR,ERR,ERR,ERR,ERR,ERR,ERR,ERR,ERR,ERR,ERR,ERR,ERR,ERR,ERR,ERR,ERR,ERR,ERR,ERR,ERR,ERR,ERR,ERR,ERR,ERR,ERR,ERR,ERR,ERR,ERR,ERR,ERR,ERR,ERR,ERR,ERR,ERR,ERR,ERR,ERR,ERR,ERR,-107615312.0,-0.0,-0.0,0.0,0.0,1.3936040501711995e+18,7.805,0.0,0,0,4,0,7116,0.0,100,0.0,0.0,0.0,0.0,0.0,0,0,0,0,0.0,0,0,0,0,0,0,0,0,0,0,0,0,0,0,0,0,0,0,0,0,0,0,0,0,0,0,0,0,0,0,0,0,0,31,40,40,71,65476,0,300,0,0,8,21553,0.0,-107605600.0,0.0,0.0,0.0,0.0,0.0,0.0,0.0,0.0,0.0,0.0,0.0,0.0,0.0,0.0,0.0,0.0,0.0,0.0,0.0,0.0,-2.004,-2.004,-2.004,-0.0,0.0,0.0,0.0,0.0,4475.0,0.0,6916.0,-107615312.0,-0.0,-107615120.0,-0.0,0.0,0.0,0.0,0.0,69,0.0,0.0,0.0,0.0,0.0,0.0,0.0,0.0,0.0,0,0,0,0.0,0.0,0.0,0.0,0.0,0.0,0.0,0.0,0.0,0.0,0.0,0.0,0.0,0.0,0.0,0.0,0,-107875648.0,69,0.0,138,0.0,0.0,0,39322,17087,0,17105,0,17084,0,0,0,70,68,100,-0.0,82.2,2.730238639235042e+23,78.9,-107615472.0,79.0,1,49,50,180,13107,39322,0,0,0.0,0.0,0.0,0.0,-0.0,67.0,0.0,162057.094,0.0,986,0,1017,0,0,0,958,0,1045,0,940,0,794,0,786,0,823,0,7520,0.032,2.2943137941676255e+20,0.0,0.0,784,16797,-0.0,162057.094,-114818.039,-0.0,0.133,6.909358625270745e+28,30.0,70.0,35,0.0,0.0,0.0,0.0,0.0,0.0,0.0,0.0,0.0,0.0,0.0,0.0,0.0,0.0,0.0,0.0,66.0,0,150,71,52,65476,0,300,0,0,8,20529,65476,0,0,44564,70.0,0.0,0.0,0.0,0.0,0.0
2026-09-10T21:00:59,ERR,ERR,ERR,ERR,ERR,ERR,ERR,ERR,ERR,ERR,ERR,ERR,ERR,ERR,ERR,ERR,ERR,ERR,ERR,ERR,ERR,ERR,ERR,ERR,ERR,ERR,ERR,ERR,ERR,ERR,ERR,ERR,ERR,ERR,ERR,ERR,ERR,ERR,ERR,ERR,ERR,ERR,ERR,ERR,ERR,ERR,ERR,ERR,ERR,ERR,ERR,ERR,ERR,ERR,ERR,ERR,ERR,ERR,ERR,ERR,ERR,ERR,ERR,ERR,ERR,ERR,ERR,ERR,ERR,ERR,ERR,ERR,ERR,ERR,ERR,ERR,ERR,ERR,ERR,ERR,ERR,ERR,ERR,ERR,ERR,ERR,ERR,ERR,ERR,ERR,ERR,ERR,ERR,ERR,ERR,ERR,ERR,ERR,ERR,ERR,ERR,ERR,ERR,ERR,ERR,ERR,ERR,ERR,ERR,ERR,ERR,ERR,ERR,ERR,ERR,ERR,ERR,ERR,ERR,ERR,ERR,ERR,ERR,ERR,ERR,-107615312.0,-0.0,-0.0,0.0,0.0,1.3936040501711995e+18,7.805,0.0,0,0,4,0,7116,0.0,100,0.0,0.0,0.0,0.0,0.0,0,0,0,0,0.0,0,0,0,0,0,0,0,0,0,0,0,0,0,0,0,0,0,0,0,0,0,0,0,0,0,0,0,0,0,0,0,0,0,31,40,40,71,65476,0,300,0,0,8,21553,0.0,-107605600.0,0.0,0.0,0.0,0.0,0.0,0.0,0.0,0.0,0.0,0.0,0.0,0.0,0.0,0.0,0.0,0.0,0.0,0.0,0.0,0.0,-2.004,-2.004,-2.004,-0.0,0.0,0.0,0.0,0.0,4475.0,0.0,6916.0,-107615312.0,-0.0,-107615120.0,-0.0,0.0,0.0,0.0,0.0,69,0.0,0.0,0.0,0.0,0.0,0.0,0.0,0.0,0.0,0,0,0,0.0,0.0,0.0,0.0,0.0,0.0,0.0,0.0,0.0,0.0,0.0,0.0,0.0,0.0,0.0,0.0,0,-107875648.0,69,0.0,138,0.0,0.0,0,39322,17087,0,17105,0,17084,0,0,0,70,68,100,-0.0,82.2,2.730238639235042e+23,78.9,-107615472.0,79.0,1,49,50,180,13107,39322,0,0,0.0,0.0,0.0,0.0,-0.0,67.0,0.0,162057.094,0.0,986,0,1017,0,0,0,958,0,1045,0,940,0,794,0,786,0,823,0,7520,0.032,2.2943137941676255e+20,0.0,0.0,784,16797,-0.0,162057.094,-114818.039,-0.0,0.133,6.909358625270745e+28,30.0,70.0,35,0.0,0.0,0.0,0.0,0.0,0.0,0.0,0.0,0.0,0.0,0.0,0.0,0.0,0.0,0.0,0.0,66.0,0,150,71,52,65476,0,300,0,0,8,20529,65476,0,0,44564,70.0,0.0,0.0,0.0,0.0,0.0
2026-09-10T21:01:00,ERR,ERR,ERR,ERR,ERR,ERR,ERR,ERR,ERR,ERR,ERR,ERR,ERR,ERR,ERR,ERR,ERR,ERR,ERR,ERR,ERR,ERR,ERR,ERR,ERR,ERR,ERR,ERR,ERR,ERR,ERR,ERR,ERR,ERR,ERR,ERR,ERR,ERR,ERR,ERR,ERR,ERR,ERR,ERR,ERR,ERR,ERR,ERR,ERR,ERR,ERR,ERR,ERR,ERR,ERR,ERR,ERR,ERR,ERR,ERR,ERR,ERR,ERR,ERR,ERR,ERR,ERR,ERR,ERR,ERR,ERR,ERR,ERR,ERR,ERR,ERR,ERR,ERR,ERR,ERR,ERR,ERR,ERR,ERR,ERR,ERR,ERR,ERR,ERR,ERR,ERR,ERR,ERR,ERR,ERR,ERR,ERR,ERR,ERR,ERR,ERR,ERR,ERR,ERR,ERR,ERR,ERR,ERR,ERR,ERR,ERR,ERR,ERR,ERR,ERR,ERR,ERR,ERR,ERR,ERR,ERR,ERR,ERR,ERR,ERR,-107615312.0,-0.0,-0.0,0.0,0.0,1.3936040501711995e+18,7.805,0.0,0,0,4,0,7116,0.0,100,0.0,0.0,0.0,0.0,0.0,0,0,0,0,0.0,0,0,0,0,0,0,0,0,0,0,0,0,0,0,0,0,0,0,0,0,0,0,0,0,0,0,0,0,0,0,0,0,0,31,40,40,71,65476,0,300,0,0,8,21553,0.0,-107605600.0,0.0,0.0,0.0,0.0,0.0,0.0,0.0,0.0,0.0,0.0,0.0,0.0,0.0,0.0,0.0,0.0,0.0,0.0,0.0,0.0,-2.004,-2.004,-2.004,-0.0,0.0,0.0,0.0,0.0,4475.0,0.0,6916.0,-107615312.0,-0.0,-107615120.0,-0.0,0.0,0.0,0.0,0.0,69,0.0,0.0,0.0,0.0,0.0,0.0,0.0,0.0,0.0,0,0,0,0.0,0.0,0.0,0.0,0.0,0.0,0.0,0.0,0.0,0.0,0.0,0.0,0.0,0.0,0.0,0.0,0,-107875648.0,69,0.0,138,0.0,0.0,0,39322,17087,0,17105,0,17084,0,0,0,70,68,100,-0.0,82.2,2.730238639235042e+23,78.9,-107615472.0,79.0,1,49,50,180,13107,39322,0,0,0.0,0.0,0.0,0.0,-0.0,67.0,0.0,162057.094,0.0,986,0,1017,0,0,0,958,0,1045,0,940,0,794,0,786,0,823,0,7520,0.032,2.2943137941676255e+20,0.0,0.0,784,16797,-0.0,162057.094,-114818.039,-0.0,0.133,6.909358625270745e+28,30.0,70.0,35,0.0,0.0,0.0,0.0,0.0,0.0,0.0,0.0,0.0,0.0,0.0,0.0,0.0,0.0,0.0,0.0,66.0,0,150,71,52,65476,0,300,0,0,8,20529,65476,0,0,44564,70.0,0.0,0.0,0.0,0.0,0.0
2026-09-10T21:01:01,ERR,ERR,ERR,ERR,ERR,ERR,ERR,ERR,ERR,ERR,ERR,ERR,ERR,ERR,ERR,ERR,ERR,ERR,ERR,ERR,ERR,ERR,ERR,ERR,ERR,ERR,ERR,ERR,ERR,ERR,ERR,ERR,ERR,ERR,ERR,ERR,ERR,ERR,ERR,ERR,ERR,ERR,ERR,ERR,ERR,ERR,ERR,ERR,ERR,ERR,ERR,ERR,ERR,ERR,ERR,ERR,ERR,ERR,ERR,ERR,ERR,ERR,ERR,ERR,ERR,ERR,ERR,ERR,ERR,ERR,ERR,ERR,ERR,ERR,ERR,ERR,ERR,ERR,ERR,ERR,ERR,ERR,ERR,ERR,ERR,ERR,ERR,ERR,ERR,ERR,ERR,ERR,ERR,ERR,ERR,ERR,ERR,ERR,ERR,ERR,ERR,ERR,ERR,ERR,ERR,ERR,ERR,ERR,ERR,ERR,ERR,ERR,ERR,ERR,ERR,ERR,ERR,ERR,ERR,ERR,ERR,ERR,ERR,ERR,ERR,-107615312.0,-0.0,-0.0,0.0,0.0,1.3936040501711995e+18,7.805,0.0,0,0,4,0,7116,0.0,100,0.0,0.0,0.0,0.0,0.0,0,0,0,0,0.0,0,0,0,0,0,0,0,0,0,0,0,0,0,0,0,0,0,0,0,0,0,0,0,0,0,0,0,0,0,0,0,0,0,31,40,40,71,65476,0,300,0,0,8,21553,0.0,-107605600.0,0.0,0.0,0.0,0.0,0.0,0.0,0.0,0.0,0.0,0.0,0.0,0.0,0.0,0.0,0.0,0.0,0.0,0.0,0.0,0.0,-2.004,-2.004,-2.004,-0.0,0.0,0.0,0.0,0.0,4475.0,0.0,6916.0,-107615312.0,-0.0,-107615120.0,-0.0,0.0,0.0,0.0,0.0,69,0.0,0.0,0.0,0.0,0.0,0.0,0.0,0.0,0.0,0,0,0,0.0,0.0,0.0,0.0,0.0,0.0,0.0,0.0,0.0,0.0,0.0,0.0,0.0,0.0,0.0,0.0,0,-107875648.0,69,0.0,138,0.0,0.0,0,39322,17087,0,17105,0,17084,0,0,0,70,68,100,-0.0,82.2,2.730238639235042e+23,78.9,-107615472.0,79.0,1,49,50,180,13107,39322,0,0,0.0,0.0,0.0,0.0,-0.0,67.0,0.0,162057.094,0.0,986,0,1018,0,0,0,958,0,1045,0,940,0,794,0,786,0,823,0,7520,0.032,2.1674924286608723e+20,0.0,0.0,784,16797,-0.0,162057.094,-114818.039,-0.0,0.133,6.909358625270745e+28,30.0,70.0,35,0.0,0.0,0.0,0.0,0.0,0.0,0.0,0.0,0.0,0.0,0.0,0.0,0.0,0.0,0.0,0.0,66.4,0,150,71,52,65476,0,300,0,0,8,20529,65476,0,0,44564,70.0,0.0,0.0,0.0,0.0,0.0
2026-09-10T21:01:02,ERR,ERR,ERR,ERR,ERR,ERR,ERR,ERR,ERR,ERR,ERR,ERR,ERR,ERR,ERR,ERR,ERR,ERR,ERR,ERR,ERR,ERR,ERR,ERR,ERR,ERR,ERR,ERR,ERR,ERR,ERR,ERR,ERR,ERR,ERR,ERR,ERR,ERR,ERR,ERR,ERR,ERR,ERR,ERR,ERR,ERR,ERR,ERR,ERR,ERR,ERR,ERR,ERR,ERR,ERR,ERR,ERR,ERR,ERR,ERR,ERR,ERR,ERR,ERR,ERR,ERR,ERR,ERR,ERR,ERR,ERR,ERR,ERR,ERR,ERR,ERR,ERR,ERR,ERR,ERR,ERR,ERR,ERR,ERR,ERR,ERR,ERR,ERR,ERR,ERR,ERR,ERR,ERR,ERR,ERR,ERR,ERR,ERR,ERR,ERR,ERR,ERR,ERR,ERR,ERR,ERR,ERR,ERR,ERR,ERR,ERR,ERR,ERR,ERR,ERR,ERR,ERR,ERR,ERR,ERR,ERR,ERR,ERR,ERR,ERR,-107615312.0,-0.0,-0.0,0.0,0.0,1.3936040501711995e+18,7.805,0.0,0,0,4,0,7116,0.0,100,0.0,0.0,0.0,0.0,0.0,0,0,0,0,0.0,0,0,0,0,0,0,0,0,0,0,0,0,0,0,0,0,0,0,0,0,0,0,0,0,0,0,0,0,0,0,0,0,0,31,40,40,71,65476,0,300,0,0,8,21553,0.0,-107605600.0,0.0,0.0,0.0,0.0,0.0,0.0,0.0,0.0,0.0,0.0,0.0,0.0,0.0,0.0,0.0,0.0,0.0,0.0,0.0,0.0,-2.004,-2.004,-2.004,-0.0,0.0,0.0,0.0,0.0,4475.0,0.0,6916.0,-107615312.0,-0.0,-107615120.0,-0.0,0.0,0.0,0.0,0.0,69,0.0,0.0,0.0,0.0,0.0,0.0,0.0,0.0,0.0,0,0,0,0.0,0.0,0.0,0.0,0.0,0.0,0.0,0.0,0.0,0.0,0.0,0.0,0.0,0.0,0.0,0.0,0,-107875648.0,69,0.0,138,0.0,0.0,0,39322,17087,0,17105,0,17084,0,0,0,70,68,100,-0.0,82.2,2.730238639235042e+23,78.9,-107615472.0,79.0,1,49,50,180,13107,39322,0,0,0.0,0.0,0.0,0.0,-0.0,67.0,0.0,162057.094,0.0,986,0,1018,0,0,0,958,0,1045,0,940,0,794,0,786,0,823,0,7520,0.032,2.1674924286608723e+20,0.0,0.0,784,16797,-0.0,162057.094,-114818.039,-0.0,0.133,6.909358625270745e+28,30.0,70.0,35,0.0,0.0,0.0,0.0,0.0,0.0,0.0,0.0,0.0,0.0,0.0,0.0,0.0,0.0,0.0,0.0,66.4,0,150,71,52,65476,0,300,0,0,8,20529,65476,0,0,44564,70.0,0.0,0.0,0.0,0.0,0.0
2026-09-10T21:01:03,ERR,ERR,ERR,ERR,ERR,ERR,ERR,ERR,ERR,ERR,ERR,ERR,ERR,ERR,ERR,ERR,ERR,ERR,ERR,ERR,ERR,ERR,ERR,ERR,ERR,ERR,ERR,ERR,ERR,ERR,ERR,ERR,ERR,ERR,ERR,ERR,ERR,ERR,ERR,ERR,ERR,ERR,ERR,ERR,ERR,ERR,ERR,ERR,ERR,ERR,ERR,ERR,ERR,ERR,ERR,ERR,ERR,ERR,ERR,ERR,ERR,ERR,ERR,ERR,ERR,ERR,ERR,ERR,ERR,ERR,ERR,ERR,ERR,ERR,ERR,ERR,ERR,ERR,ERR,ERR,ERR,ERR,ERR,ERR,ERR,ERR,ERR,ERR,ERR,ERR,ERR,ERR,ERR,ERR,ERR,ERR,ERR,ERR,ERR,ERR,ERR,ERR,ERR,ERR,ERR,ERR,ERR,ERR,ERR,ERR,ERR,ERR,ERR,ERR,ERR,ERR,ERR,ERR,ERR,ERR,ERR,ERR,ERR,ERR,ERR,-107615312.0,-0.0,-0.0,0.0,0.0,1.3936040501711995e+18,7.805,0.0,0,0,4,0,7116,0.0,100,0.0,0.0,0.0,0.0,0.0,0,0,0,0,0.0,0,0,0,0,0,0,0,0,0,0,0,0,0,0,0,0,0,0,0,0,0,0,0,0,0,0,0,0,0,0,0,0,0,31,40,40,71,65476,0,300,0,0,8,21553,0.0,-107605600.0,0.0,0.0,0.0,0.0,0.0,0.0,0.0,0.0,0.0,0.0,0.0,0.0,0.0,0.0,0.0,0.0,0.0,0.0,0.0,0.0,-2.004,-2.004,-2.004,-0.0,0.0,0.0,0.0,0.0,4475.0,0.0,6916.0,-107615312.0,-0.0,-107615120.0,-0.0,0.0,0.0,0.0,0.0,69,0.0,0.0,0.0,0.0,0.0,0.0,0.0,0.0,0.0,0,0,0,0.0,0.0,0.0,0.0,0.0,0.0,0.0,0.0,0.0,0.0,0.0,0.0,0.0,0.0,0.0,0.0,0,-107875648.0,69,0.0,138,0.0,0.0,0,39322,17087,0,17105,0,17084,0,0,0,70,68,100,-0.0,82.2,2.730238639235042e+23,78.9,-107615472.0,79.0,1,49,50,180,13107,39322,0,0,0.0,0.0,0.0,0.0,-0.0,67.0,0.0,162057.094,0.0,986,0,1018,0,0,0,958,0,1045,0,940,0,794,0,786,0,823,0,7520,0.032,2.1674924286608723e+20,0.0,0.0,784,16797,-0.0,162057.094,-114818.039,-0.0,0.133,6.909358625270745e+28,30.0,70.0,35,0.0,0.0,0.0,0.0,0.0,0.0,0.0,0.0,0.0,0.0,0.0,0.0,0.0,0.0,0.0,0.0,66.0,0,150,71,52,65476,0,300,0,0,8,20529,65476,0,0,44564,70.0,0.0,0.0,0.0,0.0,0.0
2026-09-10T21:01:04,ERR,ERR,ERR,ERR,ERR,ERR,ERR,ERR,ERR,ERR,ERR,ERR,ERR,ERR,ERR,ERR,ERR,ERR,ERR,ERR,ERR,ERR,ERR,ERR,ERR,ERR,ERR,ERR,ERR,ERR,ERR,ERR,ERR,ERR,ERR,ERR,ERR,ERR,ERR,ERR,ERR,ERR,ERR,ERR,ERR,ERR,ERR,ERR,ERR,ERR,ERR,ERR,ERR,ERR,ERR,ERR,ERR,ERR,ERR,ERR,ERR,ERR,ERR,ERR,ERR,ERR,ERR,ERR,ERR,ERR,ERR,ERR,ERR,ERR,ERR,ERR,ERR,ERR,ERR,ERR,ERR,ERR,ERR,ERR,ERR,ERR,ERR,ERR,ERR,ERR,ERR,ERR,ERR,ERR,ERR,ERR,ERR,ERR,ERR,ERR,ERR,ERR,ERR,ERR,ERR,ERR,ERR,ERR,ERR,ERR,ERR,ERR,ERR,ERR,ERR,ERR,ERR,ERR,ERR,ERR,ERR,ERR,ERR,ERR,ERR,-107615312.0,-0.0,-0.0,0.0,0.0,1.3936040501711995e+18,7.805,0.0,0,0,4,0,7116,0.0,100,0.0,0.0,0.0,0.0,0.0,0,0,0,0,0.0,0,0,0,0,0,0,0,0,0,0,0,0,0,0,0,0,0,0,0,0,0,0,0,0,0,0,0,0,0,0,0,0,0,31,40,40,71,65476,0,300,0,0,8,21553,0.0,-107605600.0,0.0,0.0,0.0,0.0,0.0,0.0,0.0,0.0,0.0,0.0,0.0,0.0,0.0,0.0,0.0,0.0,0.0,0.0,0.0,0.0,-2.004,-2.004,-2.004,-0.0,0.0,0.0,0.0,0.0,4475.0,0.0,6916.0,-107615312.0,-0.0,-107615120.0,-0.0,0.0,0.0,0.0,0.0,69,0.0,0.0,0.0,0.0,0.0,0.0,0.0,0.0,0.0,0,0,0,0.0,0.0,0.0,0.0,0.0,0.0,0.0,0.0,0.0,0.0,0.0,0.0,0.0,0.0,0.0,0.0,0,-107875648.0,69,0.0,138,0.0,0.0,0,39322,17087,0,17105,0,17084,0,0,0,70,68,100,-0.0,82.2,2.730238639235042e+23,78.9,-107615472.0,79.0,1,49,50,180,13107,39322,0,0,0.0,0.0,0.0,0.0,-0.0,67.0,0.0,162057.094,0.0,986,0,1018,0,0,0,958,0,1045,0,940,0,794,0,786,0,823,0,7520,0.032,2.1674924286608723e+20,0.0,0.0,784,16797,-0.0,162057.094,-114818.039,-0.0,0.133,6.909358625270745e+28,30.0,70.0,35,0.0,0.0,0.0,0.0,0.0,0.0,0.0,0.0,0.0,0.0,0.0,0.0,0.0,0.0,0.0,0.0,66.0,0,150,71,52,65476,0,300,0,0,8,20529,65476,0,0,44564,70.0,0.0,0.0,0.0,0.0,0.0
2026-09-10T21:01:05,ERR,ERR,ERR,ERR,ERR,ERR,ERR,ERR,ERR,ERR,ERR,ERR,ERR,ERR,ERR,ERR,ERR,ERR,ERR,ERR,ERR,ERR,ERR,ERR,ERR,ERR,ERR,ERR,ERR,ERR,ERR,ERR,ERR,ERR,ERR,ERR,ERR,ERR,ERR,ERR,ERR,ERR,ERR,ERR,ERR,ERR,ERR,ERR,ERR,ERR,ERR,ERR,ERR,ERR,ERR,ERR,ERR,ERR,ERR,ERR,ERR,ERR,ERR,ERR,ERR,ERR,ERR,ERR,ERR,ERR,ERR,ERR,ERR,ERR,ERR,ERR,ERR,ERR,ERR,ERR,ERR,ERR,ERR,ERR,ERR,ERR,ERR,ERR,ERR,ERR,ERR,ERR,ERR,ERR,ERR,ERR,ERR,ERR,ERR,ERR,ERR,ERR,ERR,ERR,ERR,ERR,ERR,ERR,ERR,ERR,ERR,ERR,ERR,ERR,ERR,ERR,ERR,ERR,ERR,ERR,ERR,ERR,ERR,ERR,ERR,-107615312.0,-0.0,-0.0,0.0,0.0,1.3936040501711995e+18,7.805,0.0,0,0,4,0,7116,0.0,100,0.0,0.0,0.0,0.0,0.0,0,0,0,0,0.0,0,0,0,0,0,0,0,0,0,0,0,0,0,0,0,0,0,0,0,0,0,0,0,0,0,0,0,0,0,0,0,0,0,31,40,40,71,65476,0,300,0,0,8,21553,0.0,-107605600.0,0.0,0.0,0.0,0.0,0.0,0.0,0.0,0.0,0.0,0.0,0.0,0.0,0.0,0.0,0.0,0.0,0.0,0.0,0.0,0.0,-2.004,-2.004,-2.004,-0.0,0.0,0.0,0.0,0.0,4475.0,0.0,6916.0,-107615312.0,-0.0,-107615120.0,-0.0,0.0,0.0,0.0,0.0,69,0.0,0.0,0.0,0.0,0.0,0.0,0.0,0.0,0.0,0,0,0,0.0,0.0,0.0,0.0,0.0,0.0,0.0,0.0,0.0,0.0,0.0,0.0,0.0,0.0,0.0,0.0,0,-107875648.0,69,0.0,138,0.0,0.0,0,39322,17087,0,17105,0,17084,0,0,0,70,68,100,-0.0,82.2,2.730238639235042e+23,78.9,-107615472.0,79.0,1,49,50,180,13107,39322,0,0,0.0,0.0,0.0,0.0,-0.0,67.0,0.0,162057.094,0.0,986,0,1018,0,0,0,958,0,1045,0,940,0,794,0,786,0,823,0,7520,0.032,2.1674924286608723e+20,0.0,0.0,784,16797,-0.0,162057.094,-114818.039,-0.0,0.133,6.909358625270745e+28,30.0,70.0,35,0.0,0.0,0.0,0.0,0.0,0.0,0.0,0.0,0.0,0.0,0.0,0.0,0.0,0.0,0.0,0.0,66.0,0,150,71,52,65476,0,300,0,0,8,20529,65476,0,0,44564,70.0,0.0,0.0,0.0,0.0,0.0
2026-09-10T21:01:06,ERR,ERR,ERR,ERR,ERR,ERR,ERR,ERR,ERR,ERR,ERR,ERR,ERR,ERR,ERR,ERR,ERR,ERR,ERR,ERR,ERR,ERR,ERR,ERR,ERR,ERR,ERR,ERR,ERR,ERR,ERR,ERR,ERR,ERR,ERR,ERR,ERR,ERR,ERR,ERR,ERR,ERR,ERR,ERR,ERR,ERR,ERR,ERR,ERR,ERR,ERR,ERR,ERR,ERR,ERR,ERR,ERR,ERR,ERR,ERR,ERR,ERR,ERR,ERR,ERR,ERR,ERR,ERR,ERR,ERR,ERR,ERR,ERR,ERR,ERR,ERR,ERR,ERR,ERR,ERR,ERR,ERR,ERR,ERR,ERR,ERR,ERR,ERR,ERR,ERR,ERR,ERR,ERR,ERR,ERR,ERR,ERR,ERR,ERR,ERR,ERR,ERR,ERR,ERR,ERR,ERR,ERR,ERR,ERR,ERR,ERR,ERR,ERR,ERR,ERR,ERR,ERR,ERR,ERR,ERR,ERR,ERR,ERR,ERR,ERR,-107615312.0,-0.0,-0.0,0.0,0.0,1.3936040501711995e+18,7.805,0.0,0,0,4,0,7116,0.0,100,0.0,0.0,0.0,0.0,0.0,0,0,0,0,0.0,0,0,0,0,0,0,0,0,0,0,0,0,0,0,0,0,0,0,0,0,0,0,0,0,0,0,0,0,0,0,0,0,0,31,40,40,71,65476,0,300,0,0,8,21553,0.0,-107605600.0,0.0,0.0,0.0,0.0,0.0,0.0,0.0,0.0,0.0,0.0,0.0,0.0,0.0,0.0,0.0,0.0,0.0,0.0,0.0,0.0,-2.004,-2.004,-2.004,-0.0,0.0,0.0,0.0,0.0,4475.0,0.0,6916.0,-107615312.0,-0.0,-107615120.0,-0.0,0.0,0.0,0.0,0.0,69,0.0,0.0,0.0,0.0,0.0,0.0,0.0,0.0,0.0,0,0,0,0.0,0.0,0.0,0.0,0.0,0.0,0.0,0.0,0.0,0.0,0.0,0.0,0.0,0.0,0.0,0.0,0,-107875648.0,69,0.0,138,0.0,0.0,0,39322,17087,0,17105,0,17084,0,0,0,70,68,100,-0.0,82.2,2.730238639235042e+23,78.9,-107615472.0,79.0,1,49,50,180,13107,39322,0,0,0.0,0.0,0.0,0.0,-0.0,67.0,0.0,162057.094,0.0,986,0,1018,0,0,0,958,0,1045,0,940,0,794,0,786,0,823,0,7520,0.032,2.1674924286608723e+20,0.0,0.0,784,16797,-0.0,162057.094,-114818.039,-0.0,0.133,6.909358625270745e+28,30.0,70.0,35,0.0,0.0,0.0,0.0,0.0,0.0,0.0,0.0,0.0,0.0,0.0,0.0,0.0,0.0,0.0,0.0,66.0,0,150,71,52,65476,0,300,0,0,8,20529,65476,0,0,44564,70.0,0.0,0.0,0.0,0.0,0.0
2026-09-10T21:01:07,ERR,ERR,ERR,ERR,ERR,ERR,ERR,ERR,ERR,ERR,ERR,ERR,ERR,ERR,ERR,ERR,ERR,ERR,ERR,ERR,ERR,ERR,ERR,ERR,ERR,ERR,ERR,ERR,ERR,ERR,ERR,ERR,ERR,ERR,ERR,ERR,ERR,ERR,ERR,ERR,ERR,ERR,ERR,ERR,ERR,ERR,ERR,ERR,ERR,ERR,ERR,ERR,ERR,ERR,ERR,ERR,ERR,ERR,ERR,ERR,ERR,ERR,ERR,ERR,ERR,ERR,ERR,ERR,ERR,ERR,ERR,ERR,ERR,ERR,ERR,ERR,ERR,ERR,ERR,ERR,ERR,ERR,ERR,ERR,ERR,ERR,ERR,ERR,ERR,ERR,ERR,ERR,ERR,ERR,ERR,ERR,ERR,ERR,ERR,ERR,ERR,ERR,ERR,ERR,ERR,ERR,ERR,ERR,ERR,ERR,ERR,ERR,ERR,ERR,ERR,ERR,ERR,ERR,ERR,ERR,ERR,ERR,ERR,ERR,ERR,0.0,-0.0,0.0,0.0,0.0,1.3936040501711995e+18,7.805,0.0,0,0,4,0,7116,0.0,100,0.0,0.0,0.0,0.0,0.0,0,0,0,0,0.0,0,0,0,0,0,0,0,0,0,0,0,0,0,0,0,0,0,0,0,0,0,0,0,0,0,0,0,0,0,0,0,0,0,31,40,40,71,65476,0,300,0,0,8,21553,0.0,-107605600.0,0.0,0.0,0.0,0.0,0.0,0.0,0.0,0.0,0.0,0.0,0.0,0.0,0.0,0.0,0.0,0.0,0.0,0.0,0.0,0.0,-2.004,-2.004,-2.004,-0.0,0.0,0.0,0.0,0.0,4448.0,0.0,6918.0,0.0,-0.0,-107615120.0,-0.0,0.0,0.0,0.0,0.0,69,0.0,0.0,0.0,0.0,0.0,0.0,0.0,0.0,0.0,0,0,0,0.0,0.0,0.0,0.0,0.0,0.0,0.0,0.0,0.0,0.0,0.0,0.0,0.0,0.0,0.0,0.0,0,-107875648.0,69,0.0,138,0.0,0.0,0,39322,17087,0,17105,0,17084,0,0,0,70,68,100,-0.0,82.2,2.730238639235042e+23,78.9,-107615472.0,79.0,1,49,50,180,13107,39322,0,0,0.0,0.0,0.0,0.0,-0.0,67.0,0.0,162057.094,0.0,986,0,1018,0,0,0,958,0,1045,0,940,0,794,0,787,0,823,0,7520,0.032,1.9484373427855714e+20,0.0,0.0,784,16797,-0.0,162057.094,-114818.039,-0.0,0.133,6.909358625270745e+28,30.0,70.0,35,0.0,0.0,0.0,0.0,0.0,0.0,0.0,0.0,0.0,0.0,0.0,0.0,0.0,0.0,0.0,0.0,66.0,0,150,71,52,65476,0,300,0,0,8,20529,65476,0,0,44564,70.0,0.0,0.0,0.0,0.0,0.0
2026-09-10T21:01:08,ERR,ERR,ERR,ERR,ERR,ERR,ERR,ERR,ERR,ERR,ERR,ERR,ERR,ERR,ERR,ERR,ERR,ERR,ERR,ERR,ERR,ERR,ERR,ERR,ERR,ERR,ERR,ERR,ERR,ERR,ERR,ERR,ERR,ERR,ERR,ERR,ERR,ERR,ERR,ERR,ERR,ERR,ERR,ERR,ERR,ERR,ERR,ERR,ERR,ERR,ERR,ERR,ERR,ERR,ERR,ERR,ERR,ERR,ERR,ERR,ERR,ERR,ERR,ERR,ERR,ERR,ERR,ERR,ERR,ERR,ERR,ERR,ERR,ERR,ERR,ERR,ERR,ERR,ERR,ERR,ERR,ERR,ERR,ERR,ERR,ERR,ERR,ERR,ERR,ERR,ERR,ERR,ERR,ERR,ERR,ERR,ERR,ERR,ERR,ERR,ERR,ERR,ERR,ERR,ERR,ERR,ERR,ERR,ERR,ERR,ERR,ERR,ERR,ERR,ERR,ERR,ERR,ERR,ERR,ERR,ERR,ERR,ERR,ERR,ERR,0.0,-0.0,0.0,0.0,0.0,1.3936040501711995e+18,7.805,0.0,0,0,4,0,7116,0.0,100,0.0,0.0,0.0,0.0,0.0,0,0,0,0,0.0,0,0,0,0,0,0,0,0,0,0,0,0,0,0,0,0,0,0,0,0,0,0,0,0,0,0,0,0,0,0,0,0,0,31,40,40,71,65476,0,300,0,0,8,21553,0.0,-107605600.0,0.0,0.0,0.0,0.0,0.0,0.0,0.0,0.0,0.0,0.0,0.0,0.0,0.0,0.0,0.0,0.0,0.0,0.0,0.0,0.0,-2.004,-2.004,-2.004,-0.0,0.0,0.0,0.0,0.0,4448.0,0.0,6918.0,0.0,-0.0,-107615120.0,-0.0,0.0,0.0,0.0,0.0,69,0.0,0.0,0.0,0.0,0.0,0.0,0.0,0.0,0.0,0,0,0,0.0,0.0,0.0,0.0,0.0,0.0,0.0,0.0,0.0,0.0,0.0,0.0,0.0,0.0,0.0,0.0,0,-107875648.0,69,0.0,138,0.0,0.0,0,39322,17087,0,17105,0,17084,0,0,0,70,68,100,-0.0,82.2,2.730238639235042e+23,78.9,-107615472.0,79.0,1,49,50,180,13107,39322,0,0,0.0,0.0,0.0,0.0,-0.0,67.0,0.0,162057.094,0.0,986,0,1018,0,0,0,958,0,1045,0,940,0,794,0,787,0,823,0,7520,0.032,1.9484373427855714e+20,0.0,0.0,784,16797,-0.0,162057.094,-114818.039,-0.0,0.133,6.909358625270745e+28,30.0,70.0,35,0.0,0.0,0.0,0.0,0.0,0.0,0.0,0.0,0.0,0.0,0.0,0.0,0.0,0.0,0.0,0.0,66.0,0,150,71,52,65476,0,300,0,0,8,20529,65476,0,0,44564,70.0,0.0,0.0,0.0,0.0,0.0
2026-09-10T21:01:09,ERR,ERR,ERR,ERR,ERR,ERR,ERR,ERR,ERR,ERR,ERR,ERR,ERR,ERR,ERR,ERR,ERR,ERR,ERR,ERR,ERR,ERR,ERR,ERR,ERR,ERR,ERR,ERR,ERR,ERR,ERR,ERR,ERR,ERR,ERR,ERR,ERR,ERR,ERR,ERR,ERR,ERR,ERR,ERR,ERR,ERR,ERR,ERR,ERR,ERR,ERR,ERR,ERR,ERR,ERR,ERR,ERR,ERR,ERR,ERR,ERR,ERR,ERR,ERR,ERR,ERR,ERR,ERR,ERR,ERR,ERR,ERR,ERR,ERR,ERR,ERR,ERR,ERR,ERR,ERR,ERR,ERR,ERR,ERR,ERR,ERR,ERR,ERR,ERR,ERR,ERR,ERR,ERR,ERR,ERR,ERR,ERR,ERR,ERR,ERR,ERR,ERR,ERR,ERR,ERR,ERR,ERR,ERR,ERR,ERR,ERR,ERR,ERR,ERR,ERR,ERR,ERR,ERR,ERR,ERR,ERR,ERR,ERR,ERR,ERR,0.0,-0.0,0.0,0.0,0.0,1.3936040501711995e+18,7.805,0.0,0,0,4,0,7116,0.0,100,0.0,0.0,0.0,0.0,0.0,0,0,0,0,0.0,0,0,0,0,0,0,0,0,0,0,0,0,0,0,0,0,0,0,0,0,0,0,0,0,0,0,0,0,0,0,0,0,0,31,40,40,71,65476,0,300,0,0,8,21553,0.0,-107605600.0,0.0,0.0,0.0,0.0,0.0,0.0,0.0,0.0,0.0,0.0,0.0,0.0,0.0,0.0,0.0,0.0,0.0,0.0,0.0,0.0,-2.004,-2.004,-2.004,-0.0,0.0,0.0,0.0,0.0,4448.0,0.0,6918.0,0.0,-0.0,-107615120.0,-0.0,0.0,0.0,0.0,0.0,69,0.0,0.0,0.0,0.0,0.0,0.0,0.0,0.0,0.0,0,0,0,0.0,0.0,0.0,0.0,0.0,0.0,0.0,0.0,0.0,0.0,0.0,0.0,0.0,0.0,0.0,0.0,0,-107875648.0,69,0.0,138,0.0,0.0,0,39322,17087,0,17105,0,17084,0,0,0,70,68,100,-0.0,82.2,2.730238639235042e+23,78.9,-107615472.0,79.0,1,49,50,180,13107,39322,0,0,0.0,0.0,0.0,0.0,-0.0,67.0,0.0,162057.094,0.0,986,0,1018,0,0,0,958,0,1045,0,940,0,794,0,787,0,823,0,7520,0.032,1.9484373427855714e+20,0.0,0.0,784,16797,-0.0,162057.094,-114818.039,-0.0,0.133,6.909358625270745e+28,30.0,70.0,35,0.0,0.0,0.0,0.0,0.0,0.0,0.0,0.0,0.0,0.0,0.0,0.0,0.0,0.0,0.0,0.0,66.4,0,150,71,52,65476,0,300,0,0,8,20529,65476,0,0,44564,70.0,0.0,0.0,0.0,0.0,0.0
2026-09-10T21:01:10,ERR,ERR,ERR,ERR,ERR,ERR,ERR,ERR,ERR,ERR,ERR,ERR,ERR,ERR,ERR,ERR,ERR,ERR,ERR,ERR,ERR,ERR,ERR,ERR,ERR,ERR,ERR,ERR,ERR,ERR,ERR,ERR,ERR,ERR,ERR,ERR,ERR,ERR,ERR,ERR,ERR,ERR,ERR,ERR,ERR,ERR,ERR,ERR,ERR,ERR,ERR,ERR,ERR,ERR,ERR,ERR,ERR,ERR,ERR,ERR,ERR,ERR,ERR,ERR,ERR,ERR,ERR,ERR,ERR,ERR,ERR,ERR,ERR,ERR,ERR,ERR,ERR,ERR,ERR,ERR,ERR,ERR,ERR,ERR,ERR,ERR,ERR,ERR,ERR,ERR,ERR,ERR,ERR,ERR,ERR,ERR,ERR,ERR,ERR,ERR,ERR,ERR,ERR,ERR,ERR,ERR,ERR,ERR,ERR,ERR,ERR,ERR,ERR,ERR,ERR,ERR,ERR,ERR,ERR,ERR,ERR,ERR,ERR,ERR,ERR,0.0,-0.0,0.0,0.0,0.0,1.3936040501711995e+18,7.805,0.0,0,0,4,0,7116,0.0,100,0.0,0.0,0.0,0.0,0.0,0,0,0,0,0.0,0,0,0,0,0,0,0,0,0,0,0,0,0,0,0,0,0,0,0,0,0,0,0,0,0,0,0,0,0,0,0,0,0,31,40,40,71,65476,0,300,0,0,8,21553,0.0,-107605600.0,0.0,0.0,0.0,0.0,0.0,0.0,0.0,0.0,0.0,0.0,0.0,0.0,0.0,0.0,0.0,0.0,0.0,0.0,0.0,0.0,-2.004,-2.004,-2.004,-0.0,0.0,0.0,0.0,0.0,4448.0,0.0,6918.0,0.0,-0.0,-107615120.0,-0.0,0.0,0.0,0.0,0.0,69,0.0,0.0,0.0,0.0,0.0,0.0,0.0,0.0,0.0,0,0,0,0.0,0.0,0.0,0.0,0.0,0.0,0.0,0.0,0.0,0.0,0.0,0.0,0.0,0.0,0.0,0.0,0,-107875648.0,69,0.0,138,0.0,0.0,0,39322,17087,0,17105,0,17084,0,0,0,70,68,100,-0.0,82.2,2.730238639235042e+23,78.9,-107615472.0,79.0,1,49,50,180,13107,39322,0,0,0.0,0.0,0.0,0.0,-0.0,67.0,0.0,162057.094,0.0,986,0,1018,0,0,0,958,0,1045,0,940,0,794,0,787,0,823,0,7520,0.032,1.9484373427855714e+20,0.0,0.0,784,16797,-0.0,162057.094,-114818.039,-0.0,0.133,6.909358625270745e+28,30.0,70.0,35,0.0,0.0,0.0,0.0,0.0,0.0,0.0,0.0,0.0,0.0,0.0,0.0,0.0,0.0,0.0,0.0,66.4,0,150,71,52,65476,0,300,0,0,8,20529,65476,0,0,44564,70.0,0.0,0.0,0.0,0.0,0.0
2026-09-10T21:01:11,ERR,ERR,ERR,ERR,ERR,ERR,ERR,ERR,ERR,ERR,ERR,ERR,ERR,ERR,ERR,ERR,ERR,ERR,ERR,ERR,ERR,ERR,ERR,ERR,ERR,ERR,ERR,ERR,ERR,ERR,ERR,ERR,ERR,ERR,ERR,ERR,ERR,ERR,ERR,ERR,ERR,ERR,ERR,ERR,ERR,ERR,ERR,ERR,ERR,ERR,ERR,ERR,ERR,ERR,ERR,ERR,ERR,ERR,ERR,ERR,ERR,ERR,ERR,ERR,ERR,ERR,ERR,ERR,ERR,ERR,ERR,ERR,ERR,ERR,ERR,ERR,ERR,ERR,ERR,ERR,ERR,ERR,ERR,ERR,ERR,ERR,ERR,ERR,ERR,ERR,ERR,ERR,ERR,ERR,ERR,ERR,ERR,ERR,ERR,ERR,ERR,ERR,ERR,ERR,ERR,ERR,ERR,ERR,ERR,ERR,ERR,ERR,ERR,ERR,ERR,ERR,ERR,ERR,ERR,ERR,ERR,ERR,ERR,ERR,ERR,0.0,-0.0,0.0,0.0,0.0,1.3936040501711995e+18,7.805,0.0,0,0,4,0,7116,0.0,100,0.0,0.0,0.0,0.0,0.0,0,0,0,0,0.0,0,0,0,0,0,0,0,0,0,0,0,0,0,0,0,0,0,0,0,0,0,0,0,0,0,0,0,0,0,0,0,0,0,31,40,40,71,65476,0,300,0,0,8,21553,0.0,-107605600.0,0.0,0.0,0.0,0.0,0.0,0.0,0.0,0.0,0.0,0.0,0.0,0.0,0.0,0.0,0.0,0.0,0.0,0.0,0.0,0.0,-2.004,-2.004,-2.004,-0.0,0.0,0.0,0.0,0.0,4448.0,0.0,6918.0,0.0,-0.0,-107615120.0,-0.0,0.0,0.0,0.0,0.0,69,0.0,0.0,0.0,0.0,0.0,0.0,0.0,0.0,0.0,0,0,0,0.0,0.0,0.0,0.0,0.0,0.0,0.0,0.0,0.0,0.0,0.0,0.0,0.0,0.0,0.0,0.0,0,-107875648.0,69,0.0,138,0.0,0.0,0,39322,17087,0,17105,0,17084,0,0,0,70,68,100,-0.0,82.2,2.730238639235042e+23,78.9,-107615472.0,79.0,1,49,50,180,13107,39322,0,0,0.0,0.0,0.0,0.0,-0.0,67.0,0.0,162057.094,0.0,986,0,1018,0,0,0,958,0,1045,0,940,0,794,0,787,0,823,0,7520,0.032,1.9484373427855714e+20,0.0,0.0,784,16797,-0.0,162057.094,-114818.039,-0.0,0.133,6.909358625270745e+28,30.0,70.0,35,0.0,0.0,0.0,0.0,0.0,0.0,0.0,0.0,0.0,0.0,0.0,0.0,0.0,0.0,0.0,0.0,66.4,0,150,71,52,65476,0,300,0,0,8,20529,65476,0,0,44564,70.0,0.0,0.0,0.0,0.0,0.0
2026-09-10T21:01:12,ERR,ERR,ERR,ERR,ERR,ERR,ERR,ERR,ERR,ERR,ERR,ERR,ERR,ERR,ERR,ERR,ERR,ERR,ERR,ERR,ERR,ERR,ERR,ERR,ERR,ERR,ERR,ERR,ERR,ERR,ERR,ERR,ERR,ERR,ERR,ERR,ERR,ERR,ERR,ERR,ERR,ERR,ERR,ERR,ERR,ERR,ERR,ERR,ERR,ERR,ERR,ERR,ERR,ERR,ERR,ERR,ERR,ERR,ERR,ERR,ERR,ERR,ERR,ERR,ERR,ERR,ERR,ERR,ERR,ERR,ERR,ERR,ERR,ERR,ERR,ERR,ERR,ERR,ERR,ERR,ERR,ERR,ERR,ERR,ERR,ERR,ERR,ERR,ERR,ERR,ERR,ERR,ERR,ERR,ERR,ERR,ERR,ERR,ERR,ERR,ERR,ERR,ERR,ERR,ERR,ERR,ERR,ERR,ERR,ERR,ERR,ERR,ERR,ERR,ERR,ERR,ERR,ERR,ERR,ERR,ERR,ERR,ERR,ERR,ERR,0.0,-0.0,0.0,0.0,0.0,1.3936040501711995e+18,7.805,0.0,0,0,4,0,7116,0.0,100,0.0,0.0,0.0,0.0,0.0,0,0,0,0,0.0,0,0,0,0,0,0,0,0,0,0,0,0,0,0,0,0,0,0,0,0,0,0,0,0,0,0,0,0,0,0,0,0,0,31,40,40,71,65476,0,300,0,0,8,21553,0.0,-107605600.0,0.0,0.0,0.0,0.0,0.0,0.0,0.0,0.0,0.0,0.0,0.0,0.0,0.0,0.0,0.0,0.0,0.0,0.0,0.0,0.0,-2.004,-2.004,-2.004,-0.0,0.0,0.0,0.0,0.0,4448.0,0.0,6918.0,0.0,-0.0,-107615120.0,-0.0,0.0,0.0,0.0,0.0,69,0.0,0.0,0.0,0.0,0.0,0.0,0.0,0.0,0.0,0,0,0,0.0,0.0,0.0,0.0,0.0,0.0,0.0,0.0,0.0,0.0,0.0,0.0,0.0,0.0,0.0,0.0,0,-107875648.0,69,0.0,138,0.0,0.0,0,39322,17087,0,17105,0,17084,0,0,0,70,68,100,-0.0,82.2,2.730238639235042e+23,78.9,-107615472.0,79.0,1,49,50,180,13107,39322,0,0,0.0,0.0,0.0,0.0,-0.0,67.0,0.0,162057.094,0.0,986,0,1018,0,0,0,958,0,1045,0,940,0,794,0,787,0,823,0,7520,0.032,1.9484373427855714e+20,0.0,0.0,784,16797,-0.0,162057.094,-114818.039,-0.0,0.133,6.909358625270745e+28,30.0,70.0,35,0.0,0.0,0.0,0.0,0.0,0.0,0.0,0.0,0.0,0.0,0.0,0.0,0.0,0.0,0.0,0.0,66.0,0,150,71,52,65476,0,300,0,0,8,20529,65476,0,0,44564,70.0,0.0,0.0,0.0,0.0,0.0
2026-09-10T21:01:13,ERR,ERR,ERR,ERR,ERR,ERR,ERR,ERR,ERR,ERR,ERR,ERR,ERR,ERR,ERR,ERR,ERR,ERR,ERR,ERR,ERR,ERR,ERR,ERR,ERR,ERR,ERR,ERR,ERR,ERR,ERR,ERR,ERR,ERR,ERR,ERR,ERR,ERR,ERR,ERR,ERR,ERR,ERR,ERR,ERR,ERR,ERR,ERR,ERR,ERR,ERR,ERR,ERR,ERR,ERR,ERR,ERR,ERR,ERR,ERR,ERR,ERR,ERR,ERR,ERR,ERR,ERR,ERR,ERR,ERR,ERR,ERR,ERR,ERR,ERR,ERR,ERR,ERR,ERR,ERR,ERR,ERR,ERR,ERR,ERR,ERR,ERR,ERR,ERR,ERR,ERR,ERR,ERR,ERR,ERR,ERR,ERR,ERR,ERR,ERR,ERR,ERR,ERR,ERR,ERR,ERR,ERR,ERR,ERR,ERR,ERR,ERR,ERR,ERR,ERR,ERR,ERR,ERR,ERR,ERR,ERR,ERR,ERR,ERR,ERR,0.0,-0.0,0.0,0.0,0.0,1.3936040501711995e+18,7.805,0.0,0,0,4,0,7116,0.0,100,0.0,0.0,0.0,0.0,0.0,0,0,0,0,0.0,0,0,0,0,0,0,0,0,0,0,0,0,0,0,0,0,0,0,0,0,0,0,0,0,0,0,0,0,0,0,0,0,0,31,40,40,71,65476,0,300,0,0,8,21553,0.0,-107605600.0,0.0,0.0,0.0,0.0,0.0,0.0,0.0,0.0,0.0,0.0,0.0,0.0,0.0,0.0,0.0,0.0,0.0,0.0,0.0,0.0,-2.004,-2.004,-2.004,-0.0,0.0,0.0,0.0,0.0,4448.0,0.0,6918.0,0.0,-0.0,-107615120.0,-0.0,0.0,0.0,0.0,0.0,69,0.0,0.0,0.0,0.0,0.0,0.0,0.0,0.0,0.0,0,0,0,0.0,0.0,0.0,0.0,0.0,0.0,0.0,0.0,0.0,0.0,0.0,0.0,0.0,0.0,0.0,0.0,0,-107875648.0,69,0.0,138,0.0,0.0,0,39322,17087,0,17105,0,17084,0,0,0,70,68,100,-0.0,82.2,2.730238639235042e+23,78.9,-107615472.0,79.0,1,49,50,180,13107,39322,0,0,0.0,0.0,0.0,0.0,-0.0,67.0,0.0,162057.094,0.0,986,0,1017,0,0,0,958,0,1045,0,940,0,794,0,787,0,823,0,7520,0.032,2.501839664996858e+20,0.0,0.0,784,16797,-0.0,162057.094,-114818.039,-0.0,0.133,6.909358625270745e+28,30.0,70.0,35,0.0,0.0,0.0,0.0,0.0,0.0,0.0,0.0,0.0,0.0,0.0,0.0,0.0,0.0,0.0,0.0,66.0,0,150,71,52,65476,0,300,0,0,8,20529,65476,0,0,44564,70.0,0.0,0.0,0.0,0.0,0.0
2026-09-10T21:01:14,ERR,ERR,ERR,ERR,ERR,ERR,ERR,ERR,ERR,ERR,ERR,ERR,ERR,ERR,ERR,ERR,ERR,ERR,ERR,ERR,ERR,ERR,ERR,ERR,ERR,ERR,ERR,ERR,ERR,ERR,ERR,ERR,ERR,ERR,ERR,ERR,ERR,ERR,ERR,ERR,ERR,ERR,ERR,ERR,ERR,ERR,ERR,ERR,ERR,ERR,ERR,ERR,ERR,ERR,ERR,ERR,ERR,ERR,ERR,ERR,ERR,ERR,ERR,ERR,ERR,ERR,ERR,ERR,ERR,ERR,ERR,ERR,ERR,ERR,ERR,ERR,ERR,ERR,ERR,ERR,ERR,ERR,ERR,ERR,ERR,ERR,ERR,ERR,ERR,ERR,ERR,ERR,ERR,ERR,ERR,ERR,ERR,ERR,ERR,ERR,ERR,ERR,ERR,ERR,ERR,ERR,ERR,ERR,ERR,ERR,ERR,ERR,ERR,ERR,ERR,ERR,ERR,ERR,ERR,ERR,ERR,ERR,ERR,ERR,ERR,0.0,-0.0,0.0,0.0,0.0,1.3936040501711995e+18,7.805,0.0,0,0,4,0,7116,0.0,100,0.0,0.0,0.0,0.0,0.0,0,0,0,0,0.0,0,0,0,0,0,0,0,0,0,0,0,0,0,0,0,0,0,0,0,0,0,0,0,0,0,0,0,0,0,0,0,0,0,31,40,40,71,65476,0,300,0,0,8,21553,0.0,-107605600.0,0.0,0.0,0.0,0.0,0.0,0.0,0.0,0.0,0.0,0.0,0.0,0.0,0.0,0.0,0.0,0.0,0.0,0.0,0.0,0.0,-2.004,-2.004,-2.004,-0.0,0.0,0.0,0.0,0.0,4448.0,0.0,6918.0,0.0,-0.0,-107615120.0,-0.0,0.0,0.0,0.0,0.0,69,0.0,0.0,0.0,0.0,0.0,0.0,0.0,0.0,0.0,0,0,0,0.0,0.0,0.0,0.0,0.0,0.0,0.0,0.0,0.0,0.0,0.0,0.0,0.0,0.0,0.0,0.0,0,-107875648.0,69,0.0,138,0.0,0.0,0,39322,17087,0,17105,0,17084,0,0,0,70,68,100,-0.0,82.2,2.730238639235042e+23,78.9,-107615472.0,79.0,1,49,50,180,13107,39322,0,0,0.0,0.0,0.0,0.0,-0.0,67.0,0.0,162057.094,0.0,986,0,1017,0,0,0,958,0,1045,0,940,0,794,0,787,0,823,0,7520,0.032,2.501839664996858e+20,0.0,0.0,784,16797,-0.0,162057.094,-114818.039,-0.0,0.133,6.909358625270745e+28,30.0,70.0,35,0.0,0.0,0.0,0.0,0.0,0.0,0.0,0.0,0.0,0.0,0.0,0.0,0.0,0.0,0.0,0.0,66.0,0,150,71,52,65476,0,300,0,0,8,20529,65476,0,0,44564,70.0,0.0,0.0,0.0,0.0,0.0
2026-09-10T21:01:15,ERR,ERR,ERR,ERR,ERR,ERR,ERR,ERR,ERR,ERR,ERR,ERR,ERR,ERR,ERR,ERR,ERR,ERR,ERR,ERR,ERR,ERR,ERR,ERR,ERR,ERR,ERR,ERR,ERR,ERR,ERR,ERR,ERR,ERR,ERR,ERR,ERR,ERR,ERR,ERR,ERR,ERR,ERR,ERR,ERR,ERR,ERR,ERR,ERR,ERR,ERR,ERR,ERR,ERR,ERR,ERR,ERR,ERR,ERR,ERR,ERR,ERR,ERR,ERR,ERR,ERR,ERR,ERR,ERR,ERR,ERR,ERR,ERR,ERR,ERR,ERR,ERR,ERR,ERR,ERR,ERR,ERR,ERR,ERR,ERR,ERR,ERR,ERR,ERR,ERR,ERR,ERR,ERR,ERR,ERR,ERR,ERR,ERR,ERR,ERR,ERR,ERR,ERR,ERR,ERR,ERR,ERR,ERR,ERR,ERR,ERR,ERR,ERR,ERR,ERR,ERR,ERR,ERR,ERR,ERR,ERR,ERR,ERR,ERR,ERR,0.0,-0.0,0.0,0.0,0.0,1.3936040501711995e+18,7.805,0.0,0,0,4,0,7116,0.0,100,0.0,0.0,0.0,0.0,0.0,0,0,0,0,0.0,0,0,0,0,0,0,0,0,0,0,0,0,0,0,0,0,0,0,0,0,0,0,0,0,0,0,0,0,0,0,0,0,0,31,40,40,71,65476,0,300,0,0,8,21553,0.0,-107605600.0,0.0,0.0,0.0,0.0,0.0,0.0,0.0,0.0,0.0,0.0,0.0,0.0,0.0,0.0,0.0,0.0,0.0,0.0,0.0,0.0,-2.004,-2.004,-2.004,-0.0,0.0,0.0,0.0,0.0,4448.0,0.0,6917.0,0.0,-0.0,-107615120.0,-0.0,0.0,0.0,0.0,0.0,69,0.0,0.0,0.0,0.0,0.0,0.0,0.0,0.0,0.0,0,0,0,0.0,0.0,0.0,0.0,0.0,0.0,0.0,0.0,0.0,0.0,0.0,0.0,0.0,0.0,0.0,0.0,0,-107875648.0,69,0.0,138,0.0,0.0,0,39322,17087,0,17105,0,17084,0,0,0,70,68,100,-0.0,82.2,2.730238639235042e+23,78.9,-107615472.0,79.0,1,49,50,180,13107,39322,0,0,0.0,0.0,0.0,0.0,-0.0,67.0,0.0,162057.094,0.0,986,0,1017,0,0,0,958,0,1045,0,940,0,794,0,787,0,823,0,7520,0.032,2.501839664996858e+20,0.0,0.0,784,16797,-0.0,162057.094,-114818.039,-0.0,0.133,6.909358625270745e+28,30.0,70.0,35,0.0,0.0,0.0,0.0,0.0,0.0,0.0,0.0,0.0,0.0,0.0,0.0,0.0,0.0,0.0,0.0,66.4,0,150,71,52,65476,0,300,0,0,8,20529,65476,0,0,44564,70.0,0.0,0.0,0.0,0.0,0.0
2026-09-10T21:01:16,ERR,ERR,ERR,ERR,ERR,ERR,ERR,ERR,ERR,ERR,ERR,ERR,ERR,ERR,ERR,ERR,ERR,ERR,ERR,ERR,ERR,ERR,ERR,ERR,ERR,ERR,ERR,ERR,ERR,ERR,ERR,ERR,ERR,ERR,ERR,ERR,ERR,ERR,ERR,ERR,ERR,ERR,ERR,ERR,ERR,ERR,ERR,ERR,ERR,ERR,ERR,ERR,ERR,ERR,ERR,ERR,ERR,ERR,ERR,ERR,ERR,ERR,ERR,ERR,ERR,ERR,ERR,ERR,ERR,ERR,ERR,ERR,ERR,ERR,ERR,ERR,ERR,ERR,ERR,ERR,ERR,ERR,ERR,ERR,ERR,ERR,ERR,ERR,ERR,ERR,ERR,ERR,ERR,ERR,ERR,ERR,ERR,ERR,ERR,ERR,ERR,ERR,ERR,ERR,ERR,ERR,ERR,ERR,ERR,ERR,ERR,ERR,ERR,ERR,ERR,ERR,ERR,ERR,ERR,ERR,ERR,ERR,ERR,ERR,ERR,0.0,-0.0,0.0,0.0,0.0,1.3936040501711995e+18,7.805,0.0,0,0,4,0,7116,0.0,100,0.0,0.0,0.0,0.0,0.0,0,0,0,0,0.0,0,0,0,0,0,0,0,0,0,0,0,0,0,0,0,0,0,0,0,0,0,0,0,0,0,0,0,0,0,0,0,0,0,31,40,40,71,65476,0,300,0,0,8,21553,0.0,-107605600.0,0.0,0.0,0.0,0.0,0.0,0.0,0.0,0.0,0.0,0.0,0.0,0.0,0.0,0.0,0.0,0.0,0.0,0.0,0.0,0.0,-2.004,-2.004,-2.004,-0.0,0.0,0.0,0.0,0.0,4448.0,0.0,6917.0,0.0,-0.0,-107615120.0,-0.0,0.0,0.0,0.0,0.0,69,0.0,0.0,0.0,0.0,0.0,0.0,0.0,0.0,0.0,0,0,0,0.0,0.0,0.0,0.0,0.0,0.0,0.0,0.0,0.0,0.0,0.0,0.0,0.0,0.0,0.0,0.0,0,-107875648.0,69,0.0,138,0.0,0.0,0,39322,17087,0,17105,0,17084,0,0,0,70,68,100,-0.0,82.2,2.730238639235042e+23,78.9,-107615472.0,79.0,1,49,50,180,13107,39322,0,0,0.0,0.0,0.0,0.0,-0.0,67.0,0.0,162057.094,0.0,986,0,1017,0,0,0,958,0,1045,0,940,0,794,0,787,0,823,0,7520,0.032,2.501839664996858e+20,0.0,0.0,784,16797,-0.0,162057.094,-114818.039,-0.0,0.133,6.909358625270745e+28,30.0,70.0,35,0.0,0.0,0.0,0.0,0.0,0.0,0.0,0.0,0.0,0.0,0.0,0.0,0.0,0.0,0.0,0.0,66.4,0,150,71,52,65476,0,300,0,0,8,20529,65476,0,0,44564,70.0,0.0,0.0,0.0,0.0,0.0
2026-09-10T21:01:17,ERR,ERR,ERR,ERR,ERR,ERR,ERR,ERR,ERR,ERR,ERR,ERR,ERR,ERR,ERR,ERR,ERR,ERR,ERR,ERR,ERR,ERR,ERR,ERR,ERR,ERR,ERR,ERR,ERR,ERR,ERR,ERR,ERR,ERR,ERR,ERR,ERR,ERR,ERR,ERR,ERR,ERR,ERR,ERR,ERR,ERR,ERR,ERR,ERR,ERR,ERR,ERR,ERR,ERR,ERR,ERR,ERR,ERR,ERR,ERR,ERR,ERR,ERR,ERR,ERR,ERR,ERR,ERR,ERR,ERR,ERR,ERR,ERR,ERR,ERR,ERR,ERR,ERR,ERR,ERR,ERR,ERR,ERR,ERR,ERR,ERR,ERR,ERR,ERR,ERR,ERR,ERR,ERR,ERR,ERR,ERR,ERR,ERR,ERR,ERR,ERR,ERR,ERR,ERR,ERR,ERR,ERR,ERR,ERR,ERR,ERR,ERR,ERR,ERR,ERR,ERR,ERR,ERR,ERR,ERR,ERR,ERR,ERR,ERR,ERR,0.0,-0.0,0.0,0.0,0.0,1.3936040501711995e+18,7.805,0.0,0,0,4,0,7116,0.0,100,0.0,0.0,0.0,0.0,0.0,0,0,0,0,0.0,0,0,0,0,0,0,0,0,0,0,0,0,0,0,0,0,0,0,0,0,0,0,0,0,0,0,0,0,0,0,0,0,0,31,40,40,71,65476,0,300,0,0,8,21553,0.0,-107605600.0,0.0,0.0,0.0,0.0,0.0,0.0,0.0,0.0,0.0,0.0,0.0,0.0,0.0,0.0,0.0,0.0,0.0,0.0,0.0,0.0,-2.004,-2.004,-2.004,-0.0,0.0,0.0,0.0,0.0,4448.0,0.0,6917.0,0.0,-0.0,-107615120.0,-0.0,0.0,0.0,0.0,0.0,69,0.0,0.0,0.0,0.0,0.0,0.0,0.0,0.0,0.0,0,0,0,0.0,0.0,0.0,0.0,0.0,0.0,0.0,0.0,0.0,0.0,0.0,0.0,0.0,0.0,0.0,0.0,0,-107875648.0,69,0.0,138,0.0,0.0,0,39322,17087,0,17105,0,17084,0,0,0,70,68,100,-0.0,82.2,2.730238639235042e+23,78.9,-107615472.0,79.0,1,49,50,180,13107,39322,0,0,0.0,0.0,0.0,0.0,-0.0,67.0,0.0,162057.094,0.0,986,0,1017,0,0,0,958,0,1045,0,940,0,794,0,787,0,823,0,7520,0.032,2.501839664996858e+20,0.0,0.0,784,16797,-0.0,162057.094,-114818.039,-0.0,0.133,6.909358625270745e+28,30.0,70.0,35,0.0,0.0,0.0,0.0,0.0,0.0,0.0,0.0,0.0,0.0,0.0,0.0,0.0,0.0,0.0,0.0,66.0,0,150,71,52,65476,0,300,0,0,8,20529,65476,0,0,44564,70.0,0.0,0.0,0.0,0.0,0.0
2026-09-10T21:01:18,ERR,ERR,ERR,ERR,ERR,ERR,ERR,ERR,ERR,ERR,ERR,ERR,ERR,ERR,ERR,ERR,ERR,ERR,ERR,ERR,ERR,ERR,ERR,ERR,ERR,ERR,ERR,ERR,ERR,ERR,ERR,ERR,ERR,ERR,ERR,ERR,ERR,ERR,ERR,ERR,ERR,ERR,ERR,ERR,ERR,ERR,ERR,ERR,ERR,ERR,ERR,ERR,ERR,ERR,ERR,ERR,ERR,ERR,ERR,ERR,ERR,ERR,ERR,ERR,ERR,ERR,ERR,ERR,ERR,ERR,ERR,ERR,ERR,ERR,ERR,ERR,ERR,ERR,ERR,ERR,ERR,ERR,ERR,ERR,ERR,ERR,ERR,ERR,ERR,ERR,ERR,ERR,ERR,ERR,ERR,ERR,ERR,ERR,ERR,ERR,ERR,ERR,ERR,ERR,ERR,ERR,ERR,ERR,ERR,ERR,ERR,ERR,ERR,ERR,ERR,ERR,ERR,ERR,ERR,ERR,ERR,ERR,ERR,ERR,ERR,0.0,-0.0,0.0,0.0,0.0,1.3936040501711995e+18,7.805,0.0,0,0,4,0,7116,0.0,100,0.0,0.0,0.0,0.0,0.0,0,0,0,0,0.0,0,0,0,0,0,0,0,0,0,0,0,0,0,0,0,0,0,0,0,0,0,0,0,0,0,0,0,0,0,0,0,0,0,31,40,40,71,65476,0,300,0,0,8,21553,0.0,-107605600.0,0.0,0.0,0.0,0.0,0.0,0.0,0.0,0.0,0.0,0.0,0.0,0.0,0.0,0.0,0.0,0.0,0.0,0.0,0.0,0.0,-2.004,-2.004,-2.004,-0.0,0.0,0.0,0.0,0.0,4448.0,0.0,6917.0,0.0,-0.0,-107615120.0,-0.0,0.0,0.0,0.0,0.0,69,0.0,0.0,0.0,0.0,0.0,0.0,0.0,0.0,0.0,0,0,0,0.0,0.0,0.0,0.0,0.0,0.0,0.0,0.0,0.0,0.0,0.0,0.0,0.0,0.0,0.0,0.0,0,-107875648.0,69,0.0,138,0.0,0.0,0,39322,17087,0,17105,0,17084,0,0,0,70,68,100,-0.0,82.2,2.730238639235042e+23,78.9,-107615472.0,79.0,1,49,50,180,13107,39322,0,0,0.0,0.0,0.0,0.0,-0.0,67.0,0.0,162057.094,0.0,986,0,1017,0,0,0,958,0,1045,0,940,0,794,0,787,0,823,0,7520,0.032,2.501839664996858e+20,0.0,0.0,784,16797,-0.0,162057.094,-114818.039,-0.0,0.133,6.909358625270745e+28,30.0,70.0,35,0.0,0.0,0.0,0.0,0.0,0.0,0.0,0.0,0.0,0.0,0.0,0.0,0.0,0.0,0.0,0.0,66.0,0,150,71,52,65476,0,300,0,0,8,20529,65476,0,0,44564,70.0,0.0,0.0,0.0,0.0,0.0
2026-09-10T21:01:19,ERR,ERR,ERR,ERR,ERR,ERR,ERR,ERR,ERR,ERR,ERR,ERR,ERR,ERR,ERR,ERR,ERR,ERR,ERR,ERR,ERR,ERR,ERR,ERR,ERR,ERR,ERR,ERR,ERR,ERR,ERR,ERR,ERR,ERR,ERR,ERR,ERR,ERR,ERR,ERR,ERR,ERR,ERR,ERR,ERR,ERR,ERR,ERR,ERR,ERR,ERR,ERR,ERR,ERR,ERR,ERR,ERR,ERR,ERR,ERR,ERR,ERR,ERR,ERR,ERR,ERR,ERR,ERR,ERR,ERR,ERR,ERR,ERR,ERR,ERR,ERR,ERR,ERR,ERR,ERR,ERR,ERR,ERR,ERR,ERR,ERR,ERR,ERR,ERR,ERR,ERR,ERR,ERR,ERR,ERR,ERR,ERR,ERR,ERR,ERR,ERR,ERR,ERR,ERR,ERR,ERR,ERR,ERR,ERR,ERR,ERR,ERR,ERR,ERR,ERR,ERR,ERR,ERR,ERR,ERR,ERR,ERR,ERR,ERR,ERR,0.0,-0.0,0.0,0.0,0.0,1.3936040501711995e+18,7.805,0.0,0,0,4,0,7116,0.0,100,0.0,0.0,0.0,0.0,0.0,0,0,0,0,0.0,0,0,0,0,0,0,0,0,0,0,0,0,0,0,0,0,0,0,0,0,0,0,0,0,0,0,0,0,0,0,0,0,0,31,40,40,71,65476,0,300,0,0,8,21553,0.0,-107605600.0,0.0,0.0,0.0,0.0,0.0,0.0,0.0,0.0,0.0,0.0,0.0,0.0,0.0,0.0,0.0,0.0,0.0,0.0,0.0,0.0,-2.004,-2.004,-2.004,-0.0,0.0,0.0,0.0,0.0,4448.0,0.0,6917.0,0.0,-0.0,-107615120.0,-0.0,0.0,0.0,0.0,0.0,69,0.0,0.0,0.0,0.0,0.0,0.0,0.0,0.0,0.0,0,0,0,0.0,0.0,0.0,0.0,0.0,0.0,0.0,0.0,0.0,0.0,0.0,0.0,0.0,0.0,0.0,0.0,0,-107875648.0,69,0.0,138,0.0,0.0,0,39322,17087,0,17105,0,17084,0,0,0,70,68,100,-0.0,82.1,0.0,78.9,-107615472.0,79.0,1,49,50,180,13107,39322,0,0,0.0,0.0,0.0,0.0,-0.0,67.0,0.0,162057.094,0.0,986,0,1018,0,0,0,958,0,1045,0,940,0,794,0,786,0,823,0,7520,0.032,2.524898095088995e+20,0.0,0.0,784,16797,-0.0,162057.094,-114818.039,-0.0,0.133,6.909358625270745e+28,30.0,70.0,35,0.0,0.0,0.0,0.0,0.0,0.0,0.0,0.0,0.0,0.0,0.0,0.0,0.0,0.0,0.0,0.0,66.0,0,150,71,52,65476,0,300,0,0,8,20529,65476,0,0,44564,70.0,0.0,0.0,0.0,0.0,0.0
2026-09-10T21:01:20,ERR,ERR,ERR,ERR,ERR,ERR,ERR,ERR,ERR,ERR,ERR,ERR,ERR,ERR,ERR,ERR,ERR,ERR,ERR,ERR,ERR,ERR,ERR,ERR,ERR,ERR,ERR,ERR,ERR,ERR,ERR,ERR,ERR,ERR,ERR,ERR,ERR,ERR,ERR,ERR,ERR,ERR,ERR,ERR,ERR,ERR,ERR,ERR,ERR,ERR,ERR,ERR,ERR,ERR,ERR,ERR,ERR,ERR,ERR,ERR,ERR,ERR,ERR,ERR,ERR,ERR,ERR,ERR,ERR,ERR,ERR,ERR,ERR,ERR,ERR,ERR,ERR,ERR,ERR,ERR,ERR,ERR,ERR,ERR,ERR,ERR,ERR,ERR,ERR,ERR,ERR,ERR,ERR,ERR,ERR,ERR,ERR,ERR,ERR,ERR,ERR,ERR,ERR,ERR,ERR,ERR,ERR,ERR,ERR,ERR,ERR,ERR,ERR,ERR,ERR,ERR,ERR,ERR,ERR,ERR,ERR,ERR,ERR,ERR,ERR,0.0,-0.0,0.0,0.0,0.0,1.3936040501711995e+18,7.805,0.0,0,0,4,0,7116,0.0,100,0.0,0.0,0.0,0.0,0.0,0,0,0,0,0.0,0,0,0,0,0,0,0,0,0,0,0,0,0,0,0,0,0,0,0,0,0,0,0,0,0,0,0,0,0,0,0,0,0,31,40,40,71,65476,0,300,0,0,8,21553,0.0,-107605600.0,0.0,0.0,0.0,0.0,0.0,0.0,0.0,0.0,0.0,0.0,0.0,0.0,0.0,0.0,0.0,0.0,0.0,0.0,0.0,0.0,-2.004,-2.004,-2.004,-0.0,0.0,0.0,0.0,0.0,4448.0,0.0,6917.0,0.0,-0.0,-107615120.0,-0.0,0.0,0.0,0.0,0.0,69,0.0,0.0,0.0,0.0,0.0,0.0,0.0,0.0,0.0,0,0,0,0.0,0.0,0.0,0.0,0.0,0.0,0.0,0.0,0.0,0.0,0.0,0.0,0.0,0.0,0.0,0.0,0,-107875648.0,69,0.0,138,0.0,0.0,0,39322,17087,0,17105,0,17084,0,0,0,70,68,100,-0.0,82.1,0.0,78.9,-107615472.0,79.0,1,49,50,180,13107,39322,0,0,0.0,0.0,0.0,0.0,-0.0,67.0,0.0,162057.094,0.0,986,0,1018,0,0,0,958,0,1045,0,940,0,794,0,786,0,823,0,7520,0.032,2.524898095088995e+20,0.0,0.0,784,16797,-0.0,162057.094,-114818.039,-0.0,0.133,6.909358625270745e+28,30.0,70.0,35,0.0,0.0,0.0,0.0,0.0,0.0,0.0,0.0,0.0,0.0,0.0,0.0,0.0,0.0,0.0,0.0,66.4,0,150,71,52,65476,0,300,0,0,8,20529,65476,0,0,44564,70.0,0.0,0.0,0.0,0.0,0.0
2026-09-10T21:01:21,ERR,ERR,ERR,ERR,ERR,ERR,ERR,ERR,ERR,ERR,ERR,ERR,ERR,ERR,ERR,ERR,ERR,ERR,ERR,ERR,ERR,ERR,ERR,ERR,ERR,ERR,ERR,ERR,ERR,ERR,ERR,ERR,ERR,ERR,ERR,ERR,ERR,ERR,ERR,ERR,ERR,ERR,ERR,ERR,ERR,ERR,ERR,ERR,ERR,ERR,ERR,ERR,ERR,ERR,ERR,ERR,ERR,ERR,ERR,ERR,ERR,ERR,ERR,ERR,ERR,ERR,ERR,ERR,ERR,ERR,ERR,ERR,ERR,ERR,ERR,ERR,ERR,ERR,ERR,ERR,ERR,ERR,ERR,ERR,ERR,ERR,ERR,ERR,ERR,ERR,ERR,ERR,ERR,ERR,ERR,ERR,ERR,ERR,ERR,ERR,ERR,ERR,ERR,ERR,ERR,ERR,ERR,ERR,ERR,ERR,ERR,ERR,ERR,ERR,ERR,ERR,ERR,ERR,ERR,ERR,ERR,ERR,ERR,ERR,ERR,0.0,-0.0,0.0,0.0,0.0,1.3936040501711995e+18,7.805,0.0,0,0,4,0,7116,0.0,100,0.0,0.0,0.0,0.0,0.0,0,0,0,0,0.0,0,0,0,0,0,0,0,0,0,0,0,0,0,0,0,0,0,0,0,0,0,0,0,0,0,0,0,0,0,0,0,0,0,31,40,40,71,65476,0,300,0,0,8,21553,0.0,-107605600.0,0.0,0.0,0.0,0.0,0.0,0.0,0.0,0.0,0.0,0.0,0.0,0.0,0.0,0.0,0.0,0.0,0.0,0.0,0.0,0.0,-2.004,-2.004,-2.004,-0.0,0.0,0.0,0.0,0.0,4448.0,0.0,6917.0,0.0,-0.0,-107615120.0,-0.0,0.0,0.0,0.0,0.0,69,0.0,0.0,0.0,0.0,0.0,0.0,0.0,0.0,0.0,0,0,0,0.0,0.0,0.0,0.0,0.0,0.0,0.0,0.0,0.0,0.0,0.0,0.0,0.0,0.0,0.0,0.0,0,-107875648.0,69,0.0,138,0.0,0.0,0,39322,17087,0,17105,0,17084,0,0,0,70,68,100,-0.0,82.1,0.0,78.9,-107615472.0,79.0,1,49,50,180,13107,39322,0,0,0.0,0.0,0.0,0.0,-0.0,67.0,0.0,162057.094,0.0,986,0,1018,0,0,0,958,0,1045,0,940,0,794,0,786,0,823,0,7520,0.032,2.524898095088995e+20,0.0,0.0,784,16797,-0.0,162057.094,-114818.039,-0.0,0.133,6.909358625270745e+28,30.0,70.0,35,0.0,0.0,0.0,0.0,0.0,0.0,0.0,0.0,0.0,0.0,0.0,0.0,0.0,0.0,0.0,0.0,66.4,0,150,71,52,65476,0,300,0,0,8,20529,65476,0,0,44564,70.0,0.0,0.0,0.0,0.0,0.0
2026-09-10T21:01:22,ERR,ERR,ERR,ERR,ERR,ERR,ERR,ERR,ERR,ERR,ERR,ERR,ERR,ERR,ERR,ERR,ERR,ERR,ERR,ERR,ERR,ERR,ERR,ERR,ERR,ERR,ERR,ERR,ERR,ERR,ERR,ERR,ERR,ERR,ERR,ERR,ERR,ERR,ERR,ERR,ERR,ERR,ERR,ERR,ERR,ERR,ERR,ERR,ERR,ERR,ERR,ERR,ERR,ERR,ERR,ERR,ERR,ERR,ERR,ERR,ERR,ERR,ERR,ERR,ERR,ERR,ERR,ERR,ERR,ERR,ERR,ERR,ERR,ERR,ERR,ERR,ERR,ERR,ERR,ERR,ERR,ERR,ERR,ERR,ERR,ERR,ERR,ERR,ERR,ERR,ERR,ERR,ERR,ERR,ERR,ERR,ERR,ERR,ERR,ERR,ERR,ERR,ERR,ERR,ERR,ERR,ERR,ERR,ERR,ERR,ERR,ERR,ERR,ERR,ERR,ERR,ERR,ERR,ERR,ERR,ERR,ERR,ERR,ERR,ERR,0.0,-0.0,0.0,0.0,0.0,1.3936040501711995e+18,7.805,0.0,0,0,4,0,7116,0.0,100,0.0,0.0,0.0,0.0,0.0,0,0,0,0,0.0,0,0,0,0,0,0,0,0,0,0,0,0,0,0,0,0,0,0,0,0,0,0,0,0,0,0,0,0,0,0,0,0,0,31,40,40,71,65476,0,300,0,0,8,21553,0.0,-107605600.0,0.0,0.0,0.0,0.0,0.0,0.0,0.0,0.0,0.0,0.0,0.0,0.0,0.0,0.0,0.0,0.0,0.0,0.0,0.0,0.0,-2.004,-2.004,-2.004,-0.0,0.0,0.0,0.0,0.0,4448.0,0.0,6917.0,0.0,-0.0,-107615120.0,-0.0,0.0,0.0,0.0,0.0,69,0.0,0.0,0.0,0.0,0.0,0.0,0.0,0.0,0.0,0,0,0,0.0,0.0,0.0,0.0,0.0,0.0,0.0,0.0,0.0,0.0,0.0,0.0,0.0,0.0,0.0,0.0,0,-107875648.0,69,0.0,138,0.0,0.0,0,39322,17087,0,17105,0,17084,0,0,0,70,68,100,-0.0,82.1,0.0,78.9,-107615472.0,79.0,1,49,50,180,13107,39322,0,0,0.0,0.0,0.0,0.0,-0.0,67.0,0.0,162057.094,0.0,986,0,1018,0,0,0,958,0,1045,0,940,0,794,0,786,0,823,0,7520,0.032,2.524898095088995e+20,0.0,0.0,784,16797,-0.0,162057.094,-114818.039,-0.0,0.133,6.909358625270745e+28,30.0,70.0,35,0.0,0.0,0.0,0.0,0.0,0.0,0.0,0.0,0.0,0.0,0.0,0.0,0.0,0.0,0.0,0.0,66.4,0,150,71,52,65476,0,300,0,0,8,20529,65476,0,0,44564,70.0,0.0,0.0,0.0,0.0,0.0
2026-09-10T21:01:23,ERR,ERR,ERR,ERR,ERR,ERR,ERR,ERR,ERR,ERR,ERR,ERR,ERR,ERR,ERR,ERR,ERR,ERR,ERR,ERR,ERR,ERR,ERR,ERR,ERR,ERR,ERR,ERR,ERR,ERR,ERR,ERR,ERR,ERR,ERR,ERR,ERR,ERR,ERR,ERR,ERR,ERR,ERR,ERR,ERR,ERR,ERR,ERR,ERR,ERR,ERR,ERR,ERR,ERR,ERR,ERR,ERR,ERR,ERR,ERR,ERR,ERR,ERR,ERR,ERR,ERR,ERR,ERR,ERR,ERR,ERR,ERR,ERR,ERR,ERR,ERR,ERR,ERR,ERR,ERR,ERR,ERR,ERR,ERR,ERR,ERR,ERR,ERR,ERR,ERR,ERR,ERR,ERR,ERR,ERR,ERR,ERR,ERR,ERR,ERR,ERR,ERR,ERR,ERR,ERR,ERR,ERR,ERR,ERR,ERR,ERR,ERR,ERR,ERR,ERR,ERR,ERR,ERR,ERR,ERR,ERR,ERR,ERR,ERR,ERR,0.0,-0.0,0.0,0.0,0.0,1.3936040501711995e+18,7.805,0.0,0,0,4,0,7116,0.0,100,0.0,0.0,0.0,0.0,0.0,0,0,0,0,0.0,0,0,0,0,0,0,0,0,0,0,0,0,0,0,0,0,0,0,0,0,0,0,0,0,0,0,0,0,0,0,0,0,0,31,40,40,71,65476,0,300,0,0,8,21553,0.0,-107605600.0,0.0,0.0,0.0,0.0,0.0,0.0,0.0,0.0,0.0,0.0,0.0,0.0,0.0,0.0,0.0,0.0,0.0,0.0,0.0,0.0,-2.004,-2.004,-2.004,-0.0,0.0,0.0,0.0,0.0,4448.0,0.0,6915.0,0.0,-0.0,-107615120.0,-0.0,0.0,0.0,0.0,0.0,69,0.0,0.0,0.0,0.0,0.0,0.0,0.0,0.0,0.0,0,0,0,0.0,0.0,0.0,0.0,0.0,0.0,0.0,0.0,0.0,0.0,0.0,0.0,0.0,0.0,0.0,0.0,0,-107875648.0,69,0.0,138,0.0,0.0,0,39322,17087,0,17105,0,17084,0,0,0,70,68,100,-0.0,82.1,0.0,78.9,-107615472.0,79.0,1,49,50,180,13107,39322,0,0,0.0,0.0,0.0,0.0,-0.0,67.0,0.0,162057.094,0.0,986,0,1018,0,0,0,958,0,1045,0,940,0,794,0,786,0,823,0,7520,0.032,2.524898095088995e+20,0.0,0.0,784,16797,-0.0,162057.094,-114818.039,-0.0,0.133,6.909358625270745e+28,30.0,70.0,35,0.0,0.0,0.0,0.0,0.0,0.0,0.0,0.0,0.0,0.0,0.0,0.0,0.0,0.0,0.0,0.0,66.0,0,150,71,52,65476,0,300,0,0,8,20529,65476,0,0,44564,70.0,0.0,0.0,0.0,0.0,0.0
2026-09-10T21:01:24,ERR,ERR,ERR,ERR,ERR,ERR,ERR,ERR,ERR,ERR,ERR,ERR,ERR,ERR,ERR,ERR,ERR,ERR,ERR,ERR,ERR,ERR,ERR,ERR,ERR,ERR,ERR,ERR,ERR,ERR,ERR,ERR,ERR,ERR,ERR,ERR,ERR,ERR,ERR,ERR,ERR,ERR,ERR,ERR,ERR,ERR,ERR,ERR,ERR,ERR,ERR,ERR,ERR,ERR,ERR,ERR,ERR,ERR,ERR,ERR,ERR,ERR,ERR,ERR,ERR,ERR,ERR,ERR,ERR,ERR,ERR,ERR,ERR,ERR,ERR,ERR,ERR,ERR,ERR,ERR,ERR,ERR,ERR,ERR,ERR,ERR,ERR,ERR,ERR,ERR,ERR,ERR,ERR,ERR,ERR,ERR,ERR,ERR,ERR,ERR,ERR,ERR,ERR,ERR,ERR,ERR,ERR,ERR,ERR,ERR,ERR,ERR,ERR,ERR,ERR,ERR,ERR,ERR,ERR,ERR,ERR,ERR,ERR,ERR,ERR,0.0,-0.0,0.0,0.0,0.0,1.3936040501711995e+18,7.805,0.0,0,0,4,0,7116,0.0,100,0.0,0.0,0.0,0.0,0.0,0,0,0,0,0.0,0,0,0,0,0,0,0,0,0,0,0,0,0,0,0,0,0,0,0,0,0,0,0,0,0,0,0,0,0,0,0,0,0,31,40,40,71,65476,0,300,0,0,8,21553,0.0,-107605600.0,0.0,0.0,0.0,0.0,0.0,0.0,0.0,0.0,0.0,0.0,0.0,0.0,0.0,0.0,0.0,0.0,0.0,0.0,0.0,0.0,-2.004,-2.004,-2.004,-0.0,0.0,0.0,0.0,0.0,4448.0,0.0,6915.0,0.0,-0.0,-107615120.0,-0.0,0.0,0.0,0.0,0.0,69,0.0,0.0,0.0,0.0,0.0,0.0,0.0,0.0,0.0,0,0,0,0.0,0.0,0.0,0.0,0.0,0.0,0.0,0.0,0.0,0.0,0.0,0.0,0.0,0.0,0.0,0.0,0,-107875648.0,69,0.0,138,0.0,0.0,0,39322,17087,0,17105,0,17084,0,0,0,70,68,100,-0.0,82.1,0.0,78.9,-107615472.0,79.0,1,49,50,180,13107,39322,0,0,0.0,0.0,0.0,0.0,-0.0,67.0,0.0,162057.094,0.0,986,0,1018,0,0,0,958,0,1045,0,940,0,794,0,786,0,823,0,7520,0.032,2.524898095088995e+20,0.0,0.0,784,16797,-0.0,162057.094,-114818.039,-0.0,0.133,6.909358625270745e+28,30.0,70.0,35,0.0,0.0,0.0,0.0,0.0,0.0,0.0,0.0,0.0,0.0,0.0,0.0,0.0,0.0,0.0,0.0,66.0,0,150,71,52,65476,0,300,0,0,8,20529,65476,0,0,44564,70.0,0.0,0.0,0.0,0.0,0.0
2026-09-10T21:01:25,ERR,ERR,ERR,ERR,ERR,ERR,ERR,ERR,ERR,ERR,ERR,ERR,ERR,ERR,ERR,ERR,ERR,ERR,ERR,ERR,ERR,ERR,ERR,ERR,ERR,ERR,ERR,ERR,ERR,ERR,ERR,ERR,ERR,ERR,ERR,ERR,ERR,ERR,ERR,ERR,ERR,ERR,ERR,ERR,ERR,ERR,ERR,ERR,ERR,ERR,ERR,ERR,ERR,ERR,ERR,ERR,ERR,ERR,ERR,ERR,ERR,ERR,ERR,ERR,ERR,ERR,ERR,ERR,ERR,ERR,ERR,ERR,ERR,ERR,ERR,ERR,ERR,ERR,ERR,ERR,ERR,ERR,ERR,ERR,ERR,ERR,ERR,ERR,ERR,ERR,ERR,ERR,ERR,ERR,ERR,ERR,ERR,ERR,ERR,ERR,ERR,ERR,ERR,ERR,ERR,ERR,ERR,ERR,ERR,ERR,ERR,ERR,ERR,ERR,ERR,ERR,ERR,ERR,ERR,ERR,ERR,ERR,ERR,ERR,ERR,0.0,-0.0,0.0,0.0,0.0,1.3936040501711995e+18,7.805,0.0,0,0,4,0,7116,0.0,100,0.0,0.0,0.0,0.0,0.0,0,0,0,0,0.0,0,0,0,0,0,0,0,0,0,0,0,0,0,0,0,0,0,0,0,0,0,0,0,0,0,0,0,0,0,0,0,0,0,31,40,40,71,65476,0,300,0,0,8,21553,0.0,-107605600.0,0.0,0.0,0.0,0.0,0.0,0.0,0.0,0.0,0.0,0.0,0.0,0.0,0.0,0.0,0.0,0.0,0.0,0.0,0.0,0.0,-2.004,-2.004,-2.004,-0.0,0.0,0.0,0.0,0.0,4448.0,0.0,6915.0,0.0,-0.0,-107615120.0,-0.0,0.0,0.0,0.0,0.0,69,0.0,0.0,0.0,0.0,0.0,0.0,0.0,0.0,0.0,0,0,0,0.0,0.0,0.0,0.0,0.0,0.0,0.0,0.0,0.0,0.0,0.0,0.0,0.0,0.0,0.0,0.0,0,-107875648.0,69,0.0,138,0.0,0.0,0,39322,17087,0,17105,0,17084,0,0,0,70,68,100,-0.0,82.1,0.0,78.9,-107615472.0,79.0,1,49,50,180,13107,26215,0,0,0.0,0.0,0.0,0.0,-0.0,67.0,0.0,162057.094,0.0,986,0,1018,0,0,0,958,0,1045,0,940,0,794,0,787,0,823,0,7520,0.032,2.5133688800429264e+20,0.0,0.0,784,16797,-0.0,162057.094,-114818.039,-0.0,0.133,6.909358625270745e+28,30.0,70.0,35,0.0,0.0,0.0,0.0,0.0,0.0,0.0,0.0,0.0,0.0,0.0,0.0,0.0,0.0,0.0,0.0,66.0,0,150,71,52,65476,0,300,0,0,8,20529,65476,0,0,44564,70.0,0.0,0.0,0.0,0.0,0.0
2026-09-10T21:01:26,ERR,ERR,ERR,ERR,ERR,ERR,ERR,ERR,ERR,ERR,ERR,ERR,ERR,ERR,ERR,ERR,ERR,ERR,ERR,ERR,ERR,ERR,ERR,ERR,ERR,ERR,ERR,ERR,ERR,ERR,ERR,ERR,ERR,ERR,ERR,ERR,ERR,ERR,ERR,ERR,ERR,ERR,ERR,ERR,ERR,ERR,ERR,ERR,ERR,ERR,ERR,ERR,ERR,ERR,ERR,ERR,ERR,ERR,ERR,ERR,ERR,ERR,ERR,ERR,ERR,ERR,ERR,ERR,ERR,ERR,ERR,ERR,ERR,ERR,ERR,ERR,ERR,ERR,ERR,ERR,ERR,ERR,ERR,ERR,ERR,ERR,ERR,ERR,ERR,ERR,ERR,ERR,ERR,ERR,ERR,ERR,ERR,ERR,ERR,ERR,ERR,ERR,ERR,ERR,ERR,ERR,ERR,ERR,ERR,ERR,ERR,ERR,ERR,ERR,ERR,ERR,ERR,ERR,ERR,ERR,ERR,ERR,ERR,ERR,ERR,0.0,-0.0,0.0,0.0,0.0,1.3936040501711995e+18,7.805,0.0,0,0,4,0,7116,0.0,100,0.0,0.0,0.0,0.0,0.0,0,0,0,0,0.0,0,0,0,0,0,0,0,0,0,0,0,0,0,0,0,0,0,0,0,0,0,0,0,0,0,0,0,0,0,0,0,0,0,31,40,40,71,65476,0,300,0,0,8,21553,0.0,-107605600.0,0.0,0.0,0.0,0.0,0.0,0.0,0.0,0.0,0.0,0.0,0.0,0.0,0.0,0.0,0.0,0.0,0.0,0.0,0.0,0.0,-2.004,-2.004,-2.004,-0.0,0.0,0.0,0.0,0.0,4448.0,0.0,6915.0,0.0,-0.0,-107615120.0,-0.0,0.0,0.0,0.0,0.0,69,0.0,0.0,0.0,0.0,0.0,0.0,0.0,0.0,0.0,0,0,0,0.0,0.0,0.0,0.0,0.0,0.0,0.0,0.0,0.0,0.0,0.0,0.0,0.0,0.0,0.0,0.0,0,-107875648.0,69,0.0,138,0.0,0.0,0,39322,17087,0,17105,0,17084,0,0,0,70,68,100,-0.0,82.1,0.0,78.9,-107615472.0,79.0,1,49,50,180,13107,26215,0,0,0.0,0.0,0.0,0.0,-0.0,67.0,0.0,162057.094,0.0,986,0,1018,0,0,0,958,0,1045,0,940,0,794,0,787,0,823,0,7520,0.032,2.5133688800429264e+20,0.0,0.0,784,16797,-0.0,162057.094,-114818.039,-0.0,0.133,6.909358625270745e+28,30.0,70.0,35,0.0,0.0,0.0,0.0,0.0,0.0,0.0,0.0,0.0,0.0,0.0,0.0,0.0,0.0,0.0,0.0,66.4,0,150,71,52,65476,0,300,0,0,8,20529,65476,0,0,44564,70.0,0.0,0.0,0.0,0.0,0.0
2026-09-10T21:01:27,ERR,ERR,ERR,ERR,ERR,ERR,ERR,ERR,ERR,ERR,ERR,ERR,ERR,ERR,ERR,ERR,ERR,ERR,ERR,ERR,ERR,ERR,ERR,ERR,ERR,ERR,ERR,ERR,ERR,ERR,ERR,ERR,ERR,ERR,ERR,ERR,ERR,ERR,ERR,ERR,ERR,ERR,ERR,ERR,ERR,ERR,ERR,ERR,ERR,ERR,ERR,ERR,ERR,ERR,ERR,ERR,ERR,ERR,ERR,ERR,ERR,ERR,ERR,ERR,ERR,ERR,ERR,ERR,ERR,ERR,ERR,ERR,ERR,ERR,ERR,ERR,ERR,ERR,ERR,ERR,ERR,ERR,ERR,ERR,ERR,ERR,ERR,ERR,ERR,ERR,ERR,ERR,ERR,ERR,ERR,ERR,ERR,ERR,ERR,ERR,ERR,ERR,ERR,ERR,ERR,ERR,ERR,ERR,ERR,ERR,ERR,ERR,ERR,ERR,ERR,ERR,ERR,ERR,ERR,ERR,ERR,ERR,ERR,ERR,ERR,0.0,-0.0,0.0,0.0,0.0,1.3936040501711995e+18,7.805,0.0,0,0,4,0,7116,0.0,100,0.0,0.0,0.0,0.0,0.0,0,0,0,0,0.0,0,0,0,0,0,0,0,0,0,0,0,0,0,0,0,0,0,0,0,0,0,0,0,0,0,0,0,0,0,0,0,0,0,31,40,40,71,65476,0,300,0,0,8,21553,0.0,-107605600.0,0.0,0.0,0.0,0.0,0.0,0.0,0.0,0.0,0.0,0.0,0.0,0.0,0.0,0.0,0.0,0.0,0.0,0.0,0.0,0.0,-2.004,-2.004,-2.004,-0.0,0.0,0.0,0.0,0.0,4448.0,0.0,6915.0,0.0,-0.0,-107615120.0,-0.0,0.0,0.0,0.0,0.0,69,0.0,0.0,0.0,0.0,0.0,0.0,0.0,0.0,0.0,0,0,0,0.0,0.0,0.0,0.0,0.0,0.0,0.0,0.0,0.0,0.0,0.0,0.0,0.0,0.0,0.0,0.0,0,-107875648.0,69,0.0,138,0.0,0.0,0,39322,17087,0,17105,0,17084,0,0,0,70,68,100,-0.0,82.1,0.0,78.9,-107615472.0,79.0,1,49,50,180,13107,26215,0,0,0.0,0.0,0.0,0.0,-0.0,67.0,0.0,162057.094,0.0,986,0,1018,0,0,0,958,0,1045,0,940,0,794,0,787,0,823,0,7520,0.032,2.5133688800429264e+20,0.0,0.0,784,16797,-0.0,162057.094,-114818.039,-0.0,0.133,6.909358625270745e+28,30.0,70.0,35,0.0,0.0,0.0,0.0,0.0,0.0,0.0,0.0,0.0,0.0,0.0,0.0,0.0,0.0,0.0,0.0,66.4,0,150,71,52,65476,0,300,0,0,8,20529,65476,0,0,44564,70.0,0.0,0.0,0.0,0.0,0.0
2026-09-10T21:01:28,ERR,ERR,ERR,ERR,ERR,ERR,ERR,ERR,ERR,ERR,ERR,ERR,ERR,ERR,ERR,ERR,ERR,ERR,ERR,ERR,ERR,ERR,ERR,ERR,ERR,ERR,ERR,ERR,ERR,ERR,ERR,ERR,ERR,ERR,ERR,ERR,ERR,ERR,ERR,ERR,ERR,ERR,ERR,ERR,ERR,ERR,ERR,ERR,ERR,ERR,ERR,ERR,ERR,ERR,ERR,ERR,ERR,ERR,ERR,ERR,ERR,ERR,ERR,ERR,ERR,ERR,ERR,ERR,ERR,ERR,ERR,ERR,ERR,ERR,ERR,ERR,ERR,ERR,ERR,ERR,ERR,ERR,ERR,ERR,ERR,ERR,ERR,ERR,ERR,ERR,ERR,ERR,ERR,ERR,ERR,ERR,ERR,ERR,ERR,ERR,ERR,ERR,ERR,ERR,ERR,ERR,ERR,ERR,ERR,ERR,ERR,ERR,ERR,ERR,ERR,ERR,ERR,ERR,ERR,ERR,ERR,ERR,ERR,ERR,ERR,0.0,-0.0,0.0,0.0,0.0,1.3936040501711995e+18,7.805,0.0,0,0,4,0,7116,0.0,100,0.0,0.0,0.0,0.0,0.0,0,0,0,0,0.0,0,0,0,0,0,0,0,0,0,0,0,0,0,0,0,0,0,0,0,0,0,0,0,0,0,0,0,0,0,0,0,0,0,31,40,40,71,65476,0,300,0,0,8,21553,0.0,-107605600.0,0.0,0.0,0.0,0.0,0.0,0.0,0.0,0.0,0.0,0.0,0.0,0.0,0.0,0.0,0.0,0.0,0.0,0.0,0.0,0.0,-2.004,-2.004,-2.004,-0.0,0.0,0.0,0.0,0.0,4448.0,0.0,6915.0,0.0,-0.0,-107615120.0,-0.0,0.0,0.0,0.0,0.0,69,0.0,0.0,0.0,0.0,0.0,0.0,0.0,0.0,0.0,0,0,0,0.0,0.0,0.0,0.0,0.0,0.0,0.0,0.0,0.0,0.0,0.0,0.0,0.0,0.0,0.0,0.0,0,-107875648.0,69,0.0,138,0.0,0.0,0,39322,17087,0,17105,0,17084,0,0,0,70,68,100,-0.0,82.1,0.0,78.9,-107615472.0,79.0,1,49,50,180,13107,26215,0,0,0.0,0.0,0.0,0.0,-0.0,67.0,0.0,162057.094,0.0,986,0,1018,0,0,0,958,0,1045,0,940,0,794,0,787,0,823,0,7520,0.032,2.5133688800429264e+20,0.0,0.0,784,16797,-0.0,162057.094,-114818.039,-0.0,0.133,6.909358625270745e+28,30.0,70.0,35,0.0,0.0,0.0,0.0,0.0,0.0,0.0,0.0,0.0,0.0,0.0,0.0,0.0,0.0,0.0,0.0,66.4,0,150,71,52,65476,0,300,0,0,8,20529,65476,0,0,44564,70.0,0.0,0.0,0.0,0.0,0.0
2026-09-10T21:01:29,ERR,ERR,ERR,ERR,ERR,ERR,ERR,ERR,ERR,ERR,ERR,ERR,ERR,ERR,ERR,ERR,ERR,ERR,ERR,ERR,ERR,ERR,ERR,ERR,ERR,ERR,ERR,ERR,ERR,ERR,ERR,ERR,ERR,ERR,ERR,ERR,ERR,ERR,ERR,ERR,ERR,ERR,ERR,ERR,ERR,ERR,ERR,ERR,ERR,ERR,ERR,ERR,ERR,ERR,ERR,ERR,ERR,ERR,ERR,ERR,ERR,ERR,ERR,ERR,ERR,ERR,ERR,ERR,ERR,ERR,ERR,ERR,ERR,ERR,ERR,ERR,ERR,ERR,ERR,ERR,ERR,ERR,ERR,ERR,ERR,ERR,ERR,ERR,ERR,ERR,ERR,ERR,ERR,ERR,ERR,ERR,ERR,ERR,ERR,ERR,ERR,ERR,ERR,ERR,ERR,ERR,ERR,ERR,ERR,ERR,ERR,ERR,ERR,ERR,ERR,ERR,ERR,ERR,ERR,ERR,ERR,ERR,ERR,ERR,ERR,0.0,-0.0,0.0,0.0,0.0,1.3936040501711995e+18,7.805,0.0,0,0,4,0,7116,0.0,100,0.0,0.0,0.0,0.0,0.0,0,0,0,0,0.0,0,0,0,0,0,0,0,0,0,0,0,0,0,0,0,0,0,0,0,0,0,0,0,0,0,0,0,0,0,0,0,0,0,31,40,40,71,65476,0,300,0,0,8,21553,0.0,-107605600.0,0.0,0.0,0.0,0.0,0.0,0.0,0.0,0.0,0.0,0.0,0.0,0.0,0.0,0.0,0.0,0.0,0.0,0.0,0.0,0.0,-2.004,-2.004,-2.004,-0.0,0.0,0.0,0.0,0.0,4448.0,0.0,6915.0,0.0,-0.0,-107615120.0,-0.0,0.0,0.0,0.0,0.0,69,0.0,0.0,0.0,0.0,0.0,0.0,0.0,0.0,0.0,0,0,0,0.0,0.0,0.0,0.0,0.0,0.0,0.0,0.0,0.0,0.0,0.0,0.0,0.0,0.0,0.0,0.0,0,-107875648.0,69,0.0,138,0.0,0.0,0,39322,17087,0,17105,0,17084,0,0,0,70,68,100,-0.0,82.1,0.0,78.9,-107615472.0,79.0,1,49,50,180,13107,26215,0,0,0.0,0.0,0.0,0.0,-0.0,67.0,0.0,162057.094,0.0,986,0,1018,0,0,0,958,0,1045,0,940,0,794,0,787,0,823,0,7520,0.032,2.5133688800429264e+20,0.0,0.0,784,16797,-0.0,162057.094,-114818.039,-0.0,0.133,6.909358625270745e+28,30.0,70.0,35,0.0,0.0,0.0,0.0,0.0,0.0,0.0,0.0,0.0,0.0,0.0,0.0,0.0,0.0,0.0,0.0,66.4,0,150,71,52,65476,0,300,0,0,8,20529,65476,0,0,44564,70.0,0.0,0.0,0.0,0.0,0.0
2026-09-10T21:01:30,ERR,ERR,ERR,ERR,ERR,ERR,ERR,ERR,ERR,ERR,ERR,ERR,ERR,ERR,ERR,ERR,ERR,ERR,ERR,ERR,ERR,ERR,ERR,ERR,ERR,ERR,ERR,ERR,ERR,ERR,ERR,ERR,ERR,ERR,ERR,ERR,ERR,ERR,ERR,ERR,ERR,ERR,ERR,ERR,ERR,ERR,ERR,ERR,ERR,ERR,ERR,ERR,ERR,ERR,ERR,ERR,ERR,ERR,ERR,ERR,ERR,ERR,ERR,ERR,ERR,ERR,ERR,ERR,ERR,ERR,ERR,ERR,ERR,ERR,ERR,ERR,ERR,ERR,ERR,ERR,ERR,ERR,ERR,ERR,ERR,ERR,ERR,ERR,ERR,ERR,ERR,ERR,ERR,ERR,ERR,ERR,ERR,ERR,ERR,ERR,ERR,ERR,ERR,ERR,ERR,ERR,ERR,ERR,ERR,ERR,ERR,ERR,ERR,ERR,ERR,ERR,ERR,ERR,ERR,ERR,ERR,ERR,ERR,ERR,ERR,0.0,-0.0,0.0,0.0,0.0,1.3936040501711995e+18,7.805,0.0,0,0,4,0,7116,0.0,100,0.0,0.0,0.0,0.0,0.0,0,0,0,0,0.0,0,0,0,0,0,0,0,0,0,0,0,0,0,0,0,0,0,0,0,0,0,0,0,0,0,0,0,0,0,0,0,0,0,31,40,40,71,65476,0,300,0,0,8,21553,0.0,-107605600.0,0.0,0.0,0.0,0.0,0.0,0.0,0.0,0.0,0.0,0.0,0.0,0.0,0.0,0.0,0.0,0.0,0.0,0.0,0.0,0.0,-2.004,-2.004,-2.004,-0.0,0.0,0.0,0.0,0.0,4473.0,0.0,6914.0,0.0,-0.0,-107615120.0,-0.0,0.0,0.0,0.0,0.0,69,0.0,0.0,0.0,0.0,0.0,0.0,0.0,0.0,0.0,0,0,0,0.0,0.0,0.0,0.0,0.0,0.0,0.0,0.0,0.0,0.0,0.0,0.0,0.0,0.0,0.0,0.0,0,-107875648.0,69,0.0,138,0.0,0.0,0,39322,17087,0,17105,0,17084,0,0,0,70,68,100,-0.0,82.2,2.730238639235042e+23,78.9,-107615472.0,79.0,1,49,50,180,13107,39322,0,0,0.0,0.0,0.0,0.0,-0.0,67.0,0.0,162057.094,0.0,986,0,1018,0,0,0,958,0,1045,0,940,0,794,0,787,0,823,0,7520,0.032,2.1213755684765984e+20,0.0,0.0,784,16797,-0.0,162057.094,-114818.039,-0.0,0.133,6.909358625270745e+28,30.0,70.0,35,0.0,0.0,0.0,0.0,0.0,0.0,0.0,0.0,0.0,0.0,0.0,0.0,0.0,0.0,0.0,0.0,66.4,0,150,71,52,65476,0,300,0,0,8,20529,65476,0,0,44564,70.0,0.0,0.0,0.0,0.0,0.0
2026-09-10T21:01:31,ERR,ERR,ERR,ERR,ERR,ERR,ERR,ERR,ERR,ERR,ERR,ERR,ERR,ERR,ERR,ERR,ERR,ERR,ERR,ERR,ERR,ERR,ERR,ERR,ERR,ERR,ERR,ERR,ERR,ERR,ERR,ERR,ERR,ERR,ERR,ERR,ERR,ERR,ERR,ERR,ERR,ERR,ERR,ERR,ERR,ERR,ERR,ERR,ERR,ERR,ERR,ERR,ERR,ERR,ERR,ERR,ERR,ERR,ERR,ERR,ERR,ERR,ERR,ERR,ERR,ERR,ERR,ERR,ERR,ERR,ERR,ERR,ERR,ERR,ERR,ERR,ERR,ERR,ERR,ERR,ERR,ERR,ERR,ERR,ERR,ERR,ERR,ERR,ERR,ERR,ERR,ERR,ERR,ERR,ERR,ERR,ERR,ERR,ERR,ERR,ERR,ERR,ERR,ERR,ERR,ERR,ERR,ERR,ERR,ERR,ERR,ERR,ERR,ERR,ERR,ERR,ERR,ERR,ERR,ERR,ERR,ERR,ERR,ERR,ERR,0.0,-0.0,0.0,0.0,0.0,1.3936040501711995e+18,7.805,0.0,0,0,4,0,7116,0.0,100,0.0,0.0,0.0,0.0,0.0,0,0,0,0,0.0,0,0,0,0,0,0,0,0,0,0,0,0,0,0,0,0,0,0,0,0,0,0,0,0,0,0,0,0,0,0,0,0,0,31,40,40,71,65476,0,300,0,0,8,21553,0.0,-107605600.0,0.0,0.0,0.0,0.0,0.0,0.0,0.0,0.0,0.0,0.0,0.0,0.0,0.0,0.0,0.0,0.0,0.0,0.0,0.0,0.0,-2.004,-2.004,-2.004,-0.0,0.0,0.0,0.0,0.0,4473.0,0.0,6914.0,0.0,-0.0,-107615120.0,-0.0,0.0,0.0,0.0,0.0,69,0.0,0.0,0.0,0.0,0.0,0.0,0.0,0.0,0.0,0,0,0,0.0,0.0,0.0,0.0,0.0,0.0,0.0,0.0,0.0,0.0,0.0,0.0,0.0,0.0,0.0,0.0,0,-107875648.0,69,0.0,138,0.0,0.0,0,39322,17087,0,17105,0,17084,0,0,0,70,68,100,-0.0,82.2,2.730238639235042e+23,78.9,-107615472.0,79.0,1,49,50,180,13107,39322,0,0,0.0,0.0,0.0,0.0,-0.0,67.0,0.0,162057.094,0.0,986,0,1018,0,0,0,958,0,1045,0,940,0,794,0,787,0,823,0,7520,0.032,2.1213755684765984e+20,0.0,0.0,784,16797,-0.0,162057.094,-114818.039,-0.0,0.133,6.909358625270745e+28,30.0,70.0,35,0.0,0.0,0.0,0.0,0.0,0.0,0.0,0.0,0.0,0.0,0.0,0.0,0.0,0.0,0.0,0.0,66.4,0,150,71,52,65476,0,300,0,0,8,20529,65476,0,0,44564,70.0,0.0,0.0,0.0,0.0,0.0
2026-09-10T21:01:32,ERR,ERR,ERR,ERR,ERR,ERR,ERR,ERR,ERR,ERR,ERR,ERR,ERR,ERR,ERR,ERR,ERR,ERR,ERR,ERR,ERR,ERR,ERR,ERR,ERR,ERR,ERR,ERR,ERR,ERR,ERR,ERR,ERR,ERR,ERR,ERR,ERR,ERR,ERR,ERR,ERR,ERR,ERR,ERR,ERR,ERR,ERR,ERR,ERR,ERR,ERR,ERR,ERR,ERR,ERR,ERR,ERR,ERR,ERR,ERR,ERR,ERR,ERR,ERR,ERR,ERR,ERR,ERR,ERR,ERR,ERR,ERR,ERR,ERR,ERR,ERR,ERR,ERR,ERR,ERR,ERR,ERR,ERR,ERR,ERR,ERR,ERR,ERR,ERR,ERR,ERR,ERR,ERR,ERR,ERR,ERR,ERR,ERR,ERR,ERR,ERR,ERR,ERR,ERR,ERR,ERR,ERR,ERR,ERR,ERR,ERR,ERR,ERR,ERR,ERR,ERR,ERR,ERR,ERR,ERR,ERR,ERR,ERR,ERR,ERR,0.0,-0.0,0.0,0.0,0.0,1.3936040501711995e+18,7.805,0.0,0,0,4,0,7116,0.0,100,0.0,0.0,0.0,0.0,0.0,0,0,0,0,0.0,0,0,0,0,0,0,0,0,0,0,0,0,0,0,0,0,0,0,0,0,0,0,0,0,0,0,0,0,0,0,0,0,0,31,40,40,71,65476,0,300,0,0,8,21553,0.0,-107605600.0,0.0,0.0,0.0,0.0,0.0,0.0,0.0,0.0,0.0,0.0,0.0,0.0,0.0,0.0,0.0,0.0,0.0,0.0,0.0,0.0,-2.004,-2.004,-2.004,-0.0,0.0,0.0,0.0,0.0,4473.0,0.0,6914.0,0.0,-0.0,-107615120.0,-0.0,0.0,0.0,0.0,0.0,69,0.0,0.0,0.0,0.0,0.0,0.0,0.0,0.0,0.0,0,0,0,0.0,0.0,0.0,0.0,0.0,0.0,0.0,0.0,0.0,0.0,0.0,0.0,0.0,0.0,0.0,0.0,0,-107875648.0,69,0.0,138,0.0,0.0,0,39322,17087,0,17105,0,17084,0,0,0,70,68,100,-0.0,82.2,2.730238639235042e+23,78.9,-107615472.0,79.0,1,49,50,180,13107,39322,0,0,0.0,0.0,0.0,0.0,-0.0,67.0,0.0,162057.094,0.0,986,0,1018,0,0,0,958,0,1045,0,940,0,794,0,787,0,823,0,7520,0.032,2.1213755684765984e+20,0.0,0.0,784,16797,-0.0,162057.094,-114818.039,-0.0,0.133,6.909358625270745e+28,30.0,70.0,35,0.0,0.0,0.0,0.0,0.0,0.0,0.0,0.0,0.0,0.0,0.0,0.0,0.0,0.0,0.0,0.0,66.4,0,150,71,52,65476,0,300,0,0,8,20529,65476,0,0,44564,70.0,0.0,0.0,0.0,0.0,0.0
2026-09-10T21:01:33,ERR,ERR,ERR,ERR,ERR,ERR,ERR,ERR,ERR,ERR,ERR,ERR,ERR,ERR,ERR,ERR,ERR,ERR,ERR,ERR,ERR,ERR,ERR,ERR,ERR,ERR,ERR,ERR,ERR,ERR,ERR,ERR,ERR,ERR,ERR,ERR,ERR,ERR,ERR,ERR,ERR,ERR,ERR,ERR,ERR,ERR,ERR,ERR,ERR,ERR,ERR,ERR,ERR,ERR,ERR,ERR,ERR,ERR,ERR,ERR,ERR,ERR,ERR,ERR,ERR,ERR,ERR,ERR,ERR,ERR,ERR,ERR,ERR,ERR,ERR,ERR,ERR,ERR,ERR,ERR,ERR,ERR,ERR,ERR,ERR,ERR,ERR,ERR,ERR,ERR,ERR,ERR,ERR,ERR,ERR,ERR,ERR,ERR,ERR,ERR,ERR,ERR,ERR,ERR,ERR,ERR,ERR,ERR,ERR,ERR,ERR,ERR,ERR,ERR,ERR,ERR,ERR,ERR,ERR,ERR,ERR,ERR,ERR,ERR,ERR,0.0,-0.0,0.0,0.0,0.0,1.3936040501711995e+18,7.805,0.0,0,0,4,0,7116,0.0,100,0.0,0.0,0.0,0.0,0.0,0,0,0,0,0.0,0,0,0,0,0,0,0,0,0,0,0,0,0,0,0,0,0,0,0,0,0,0,0,0,0,0,0,0,0,0,0,0,0,31,40,40,71,65476,0,300,0,0,8,21553,0.0,-107605600.0,0.0,0.0,0.0,0.0,0.0,0.0,0.0,0.0,0.0,0.0,0.0,0.0,0.0,0.0,0.0,0.0,0.0,0.0,0.0,0.0,-2.004,-2.004,-2.004,-0.0,0.0,0.0,0.0,0.0,4473.0,0.0,6914.0,0.0,-0.0,-107615120.0,-0.0,0.0,0.0,0.0,0.0,69,0.0,0.0,0.0,0.0,0.0,0.0,0.0,0.0,0.0,0,0,0,0.0,0.0,0.0,0.0,0.0,0.0,0.0,0.0,0.0,0.0,0.0,0.0,0.0,0.0,0.0,0.0,0,-107875648.0,69,0.0,138,0.0,0.0,0,39322,17087,0,17105,0,17084,0,0,0,70,68,100,-0.0,82.2,2.730238639235042e+23,78.9,-107615472.0,79.0,1,49,50,180,13107,39322,0,0,0.0,0.0,0.0,0.0,-0.0,67.0,0.0,162057.094,0.0,986,0,1018,0,0,0,958,0,1045,0,940,0,794,0,787,0,823,0,7520,0.032,2.1213755684765984e+20,0.0,0.0,784,16797,-0.0,162057.094,-114818.039,-0.0,0.133,6.909358625270745e+28,30.0,70.0,35,0.0,0.0,0.0,0.0,0.0,0.0,0.0,0.0,0.0,0.0,0.0,0.0,0.0,0.0,0.0,0.0,66.4,0,150,71,52,65476,0,300,0,0,8,20529,65476,0,0,44564,70.0,0.0,0.0,0.0,0.0,0.0
2026-09-10T21:01:34,ERR,ERR,ERR,ERR,ERR,ERR,ERR,ERR,ERR,ERR,ERR,ERR,ERR,ERR,ERR,ERR,ERR,ERR,ERR,ERR,ERR,ERR,ERR,ERR,ERR,ERR,ERR,ERR,ERR,ERR,ERR,ERR,ERR,ERR,ERR,ERR,ERR,ERR,ERR,ERR,ERR,ERR,ERR,ERR,ERR,ERR,ERR,ERR,ERR,ERR,ERR,ERR,ERR,ERR,ERR,ERR,ERR,ERR,ERR,ERR,ERR,ERR,ERR,ERR,ERR,ERR,ERR,ERR,ERR,ERR,ERR,ERR,ERR,ERR,ERR,ERR,ERR,ERR,ERR,ERR,ERR,ERR,ERR,ERR,ERR,ERR,ERR,ERR,ERR,ERR,ERR,ERR,ERR,ERR,ERR,ERR,ERR,ERR,ERR,ERR,ERR,ERR,ERR,ERR,ERR,ERR,ERR,ERR,ERR,ERR,ERR,ERR,ERR,ERR,ERR,ERR,ERR,ERR,ERR,ERR,ERR,ERR,ERR,ERR,ERR,0.0,-0.0,0.0,0.0,0.0,1.3936040501711995e+18,7.805,0.0,0,0,4,0,7116,0.0,100,0.0,0.0,0.0,0.0,0.0,0,0,0,0,0.0,0,0,0,0,0,0,0,0,0,0,0,0,0,0,0,0,0,0,0,0,0,0,0,0,0,0,0,0,0,0,0,0,0,31,40,40,71,65476,0,300,0,0,8,21553,0.0,-107605600.0,0.0,0.0,0.0,0.0,0.0,0.0,0.0,0.0,0.0,0.0,0.0,0.0,0.0,0.0,0.0,0.0,0.0,0.0,0.0,0.0,-2.004,-2.004,-2.004,-0.0,0.0,0.0,0.0,0.0,4473.0,0.0,6914.0,0.0,-0.0,-107615120.0,-0.0,0.0,0.0,0.0,0.0,69,0.0,0.0,0.0,0.0,0.0,0.0,0.0,0.0,0.0,0,0,0,0.0,0.0,0.0,0.0,0.0,0.0,0.0,0.0,0.0,0.0,0.0,0.0,0.0,0.0,0.0,0.0,0,-107875648.0,69,0.0,138,0.0,0.0,0,39322,17087,0,17105,0,17084,0,0,0,70,68,100,-0.0,82.2,2.730238639235042e+23,78.9,-107615472.0,79.0,1,49,50,180,0,26215,0,0,0.0,0.0,0.0,0.0,-0.0,67.0,0.0,162057.094,0.0,985,0,1017,0,0,0,958,0,1045,0,940,0,794,0,787,0,823,0,7520,0.032,2.328901439305831e+20,0.0,0.0,784,16797,-0.0,162057.094,-114818.039,-0.0,0.133,6.909358625270745e+28,30.0,70.0,35,0.0,0.0,0.0,0.0,0.0,0.0,0.0,0.0,0.0,0.0,0.0,0.0,0.0,0.0,0.0,0.0,66.0,0,150,71,52,65476,0,300,0,0,8,20529,65476,0,0,44564,70.0,0.0,0.0,0.0,0.0,0.0
2026-09-10T21:01:35,ERR,ERR,ERR,ERR,ERR,ERR,ERR,ERR,ERR,ERR,ERR,ERR,ERR,ERR,ERR,ERR,ERR,ERR,ERR,ERR,ERR,ERR,ERR,ERR,ERR,ERR,ERR,ERR,ERR,ERR,ERR,ERR,ERR,ERR,ERR,ERR,ERR,ERR,ERR,ERR,ERR,ERR,ERR,ERR,ERR,ERR,ERR,ERR,ERR,ERR,ERR,ERR,ERR,ERR,ERR,ERR,ERR,ERR,ERR,ERR,ERR,ERR,ERR,ERR,ERR,ERR,ERR,ERR,ERR,ERR,ERR,ERR,ERR,ERR,ERR,ERR,ERR,ERR,ERR,ERR,ERR,ERR,ERR,ERR,ERR,ERR,ERR,ERR,ERR,ERR,ERR,ERR,ERR,ERR,ERR,ERR,ERR,ERR,ERR,ERR,ERR,ERR,ERR,ERR,ERR,ERR,ERR,ERR,ERR,ERR,ERR,ERR,ERR,ERR,ERR,ERR,ERR,ERR,ERR,ERR,ERR,ERR,ERR,ERR,ERR,0.0,-0.0,0.0,0.0,0.0,1.3936040501711995e+18,7.805,0.0,0,0,4,0,7116,0.0,100,0.0,0.0,0.0,0.0,0.0,0,0,0,0,0.0,0,0,0,0,0,0,0,0,0,0,0,0,0,0,0,0,0,0,0,0,0,0,0,0,0,0,0,0,0,0,0,0,0,31,40,40,71,65476,0,300,0,0,8,21553,0.0,-107605600.0,0.0,0.0,0.0,0.0,0.0,0.0,0.0,0.0,0.0,0.0,0.0,0.0,0.0,0.0,0.0,0.0,0.0,0.0,0.0,0.0,-2.004,-2.004,-2.004,-0.0,0.0,0.0,0.0,0.0,4473.0,0.0,6914.0,0.0,-0.0,-107615120.0,-0.0,0.0,0.0,0.0,0.0,69,0.0,0.0,0.0,0.0,0.0,0.0,0.0,0.0,0.0,0,0,0,0.0,0.0,0.0,0.0,0.0,0.0,0.0,0.0,0.0,0.0,0.0,0.0,0.0,0.0,0.0,0.0,0,-107875648.0,69,0.0,138,0.0,0.0,0,39322,17087,0,17105,0,17084,0,0,0,70,68,100,-0.0,82.2,2.730238639235042e+23,78.9,-107615472.0,79.0,1,49,50,180,0,26215,0,0,0.0,0.0,0.0,0.0,-0.0,67.0,0.0,162057.094,0.0,985,0,1017,0,0,0,958,0,1045,0,940,0,794,0,787,0,823,0,7520,0.032,2.328901439305831e+20,0.0,0.0,784,16797,-0.0,162057.094,-114818.039,-0.0,0.133,6.909358625270745e+28,30.0,70.0,35,0.0,0.0,0.0,0.0,0.0,0.0,0.0,0.0,0.0,0.0,0.0,0.0,0.0,0.0,0.0,0.0,66.0,0,150,71,52,65476,0,300,0,0,8,20529,65476,0,0,44564,70.0,0.0,0.0,0.0,0.0,0.0
2026-09-10T21:01:36,ERR,ERR,ERR,ERR,ERR,ERR,ERR,ERR,ERR,ERR,ERR,ERR,ERR,ERR,ERR,ERR,ERR,ERR,ERR,ERR,ERR,ERR,ERR,ERR,ERR,ERR,ERR,ERR,ERR,ERR,ERR,ERR,ERR,ERR,ERR,ERR,ERR,ERR,ERR,ERR,ERR,ERR,ERR,ERR,ERR,ERR,ERR,ERR,ERR,ERR,ERR,ERR,ERR,ERR,ERR,ERR,ERR,ERR,ERR,ERR,ERR,ERR,ERR,ERR,ERR,ERR,ERR,ERR,ERR,ERR,ERR,ERR,ERR,ERR,ERR,ERR,ERR,ERR,ERR,ERR,ERR,ERR,ERR,ERR,ERR,ERR,ERR,ERR,ERR,ERR,ERR,ERR,ERR,ERR,ERR,ERR,ERR,ERR,ERR,ERR,ERR,ERR,ERR,ERR,ERR,ERR,ERR,ERR,ERR,ERR,ERR,ERR,ERR,ERR,ERR,ERR,ERR,ERR,ERR,ERR,ERR,ERR,ERR,ERR,ERR,0.0,-0.0,0.0,0.0,0.0,1.3936040501711995e+18,7.805,0.0,0,0,4,0,7116,0.0,100,0.0,0.0,0.0,0.0,0.0,0,0,0,0,0.0,0,0,0,0,0,0,0,0,0,0,0,0,0,0,0,0,0,0,0,0,0,0,0,0,0,0,0,0,0,0,0,0,0,31,40,40,71,65476,0,300,0,0,8,21553,0.0,-107605600.0,0.0,0.0,0.0,0.0,0.0,0.0,0.0,0.0,0.0,0.0,0.0,0.0,0.0,0.0,0.0,0.0,0.0,0.0,0.0,0.0,-2.004,-2.004,-2.004,-0.0,0.0,0.0,0.0,0.0,4473.0,0.0,6914.0,0.0,-0.0,-107615120.0,-0.0,0.0,0.0,0.0,0.0,69,0.0,0.0,0.0,0.0,0.0,0.0,0.0,0.0,0.0,0,0,0,0.0,0.0,0.0,0.0,0.0,0.0,0.0,0.0,0.0,0.0,0.0,0.0,0.0,0.0,0.0,0.0,0,-107875648.0,69,0.0,138,0.0,0.0,0,39322,17087,0,17105,0,17084,0,0,0,70,68,100,-0.0,82.2,2.730238639235042e+23,78.9,-107615472.0,79.0,1,49,50,180,0,26215,0,0,0.0,0.0,0.0,0.0,-0.0,67.0,0.0,162057.094,0.0,985,0,1017,0,0,0,958,0,1045,0,940,0,794,0,787,0,823,0,7520,0.032,2.328901439305831e+20,0.0,0.0,784,16797,-0.0,162057.094,-114818.039,-0.0,0.133,6.909358625270745e+28,30.0,70.0,35,0.0,0.0,0.0,0.0,0.0,0.0,0.0,0.0,0.0,0.0,0.0,0.0,0.0,0.0,0.0,0.0,66.0,0,150,71,52,65476,0,300,0,0,8,20529,65476,0,0,44564,70.0,0.0,0.0,0.0,0.0,0.0
2026-09-10T21:01:37,ERR,ERR,ERR,ERR,ERR,ERR,ERR,ERR,ERR,ERR,ERR,ERR,ERR,ERR,ERR,ERR,ERR,ERR,ERR,ERR,ERR,ERR,ERR,ERR,ERR,ERR,ERR,ERR,ERR,ERR,ERR,ERR,ERR,ERR,ERR,ERR,ERR,ERR,ERR,ERR,ERR,ERR,ERR,ERR,ERR,ERR,ERR,ERR,ERR,ERR,ERR,ERR,ERR,ERR,ERR,ERR,ERR,ERR,ERR,ERR,ERR,ERR,ERR,ERR,ERR,ERR,ERR,ERR,ERR,ERR,ERR,ERR,ERR,ERR,ERR,ERR,ERR,ERR,ERR,ERR,ERR,ERR,ERR,ERR,ERR,ERR,ERR,ERR,ERR,ERR,ERR,ERR,ERR,ERR,ERR,ERR,ERR,ERR,ERR,ERR,ERR,ERR,ERR,ERR,ERR,ERR,ERR,ERR,ERR,ERR,ERR,ERR,ERR,ERR,ERR,ERR,ERR,ERR,ERR,ERR,ERR,ERR,ERR,ERR,ERR,0.0,-0.0,0.0,0.0,0.0,1.3936040501711995e+18,7.805,0.0,0,0,4,0,7116,0.0,100,0.0,0.0,0.0,0.0,0.0,0,0,0,0,0.0,0,0,0,0,0,0,0,0,0,0,0,0,0,0,0,0,0,0,0,0,0,0,0,0,0,0,0,0,0,0,0,0,0,31,40,40,71,65476,0,300,0,0,8,21553,0.0,-107605600.0,0.0,0.0,0.0,0.0,0.0,0.0,0.0,0.0,0.0,0.0,0.0,0.0,0.0,0.0,0.0,0.0,0.0,0.0,0.0,0.0,-2.004,-2.004,-2.004,-0.0,0.0,0.0,0.0,0.0,4476.0,0.0,6914.0,0.0,-0.0,-107615120.0,-0.0,0.0,0.0,0.0,0.0,69,0.0,0.0,0.0,0.0,0.0,0.0,0.0,0.0,0.0,0,0,0,0.0,0.0,0.0,0.0,0.0,0.0,0.0,0.0,0.0,0.0,0.0,0.0,0.0,0.0,0.0,0.0,0,-107875648.0,69,0.0,138,0.0,0.0,0,39322,17087,0,17105,0,17084,0,0,0,70,68,100,-0.0,82.2,2.730238639235042e+23,78.9,-107615472.0,79.0,1,49,50,180,0,26215,0,0,0.0,0.0,0.0,0.0,-0.0,67.0,0.0,162057.094,0.0,985,0,1017,0,0,0,958,0,1045,0,940,0,794,0,787,0,823,0,7520,0.032,2.328901439305831e+20,0.0,0.0,784,16797,-0.0,162057.094,-114818.039,-0.0,0.133,6.909358625270745e+28,30.0,70.0,35,0.0,0.0,0.0,0.0,0.0,0.0,0.0,0.0,0.0,0.0,0.0,0.0,0.0,0.0,0.0,0.0,66.0,0,150,71,52,65476,0,300,0,0,8,20529,65476,0,0,44564,70.0,0.0,0.0,0.0,0.0,0.0
2026-09-10T21:01:38,ERR,ERR,ERR,ERR,ERR,ERR,ERR,ERR,ERR,ERR,ERR,ERR,ERR,ERR,ERR,ERR,ERR,ERR,ERR,ERR,ERR,ERR,ERR,ERR,ERR,ERR,ERR,ERR,ERR,ERR,ERR,ERR,ERR,ERR,ERR,ERR,ERR,ERR,ERR,ERR,ERR,ERR,ERR,ERR,ERR,ERR,ERR,ERR,ERR,ERR,ERR,ERR,ERR,ERR,ERR,ERR,ERR,ERR,ERR,ERR,ERR,ERR,ERR,ERR,ERR,ERR,ERR,ERR,ERR,ERR,ERR,ERR,ERR,ERR,ERR,ERR,ERR,ERR,ERR,ERR,ERR,ERR,ERR,ERR,ERR,ERR,ERR,ERR,ERR,ERR,ERR,ERR,ERR,ERR,ERR,ERR,ERR,ERR,ERR,ERR,ERR,ERR,ERR,ERR,ERR,ERR,ERR,ERR,ERR,ERR,ERR,ERR,ERR,ERR,ERR,ERR,ERR,ERR,ERR,ERR,ERR,ERR,ERR,ERR,ERR,0.0,-0.0,0.0,0.0,0.0,1.3936040501711995e+18,7.805,0.0,0,0,4,0,7116,0.0,100,0.0,0.0,0.0,0.0,0.0,0,0,0,0,0.0,0,0,0,0,0,0,0,0,0,0,0,0,0,0,0,0,0,0,0,0,0,0,0,0,0,0,0,0,0,0,0,0,0,31,40,40,71,65476,0,300,0,0,8,21553,0.0,-107605600.0,0.0,0.0,0.0,0.0,0.0,0.0,0.0,0.0,0.0,0.0,0.0,0.0,0.0,0.0,0.0,0.0,0.0,0.0,0.0,0.0,-2.004,-2.004,-2.004,-0.0,0.0,0.0,0.0,0.0,4476.0,0.0,6914.0,0.0,-0.0,-107615120.0,-0.0,0.0,0.0,0.0,0.0,69,0.0,0.0,0.0,0.0,0.0,0.0,0.0,0.0,0.0,0,0,0,0.0,0.0,0.0,0.0,0.0,0.0,0.0,0.0,0.0,0.0,0.0,0.0,0.0,0.0,0.0,0.0,0,-107875648.0,69,0.0,138,0.0,0.0,0,39322,17087,0,17105,0,17084,0,0,0,70,68,100,-0.0,82.2,2.730238639235042e+23,78.9,-107615472.0,79.0,1,49,50,180,0,26215,0,0,0.0,0.0,0.0,0.0,-0.0,67.0,0.0,162057.094,0.0,985,0,1017,0,0,0,958,0,1045,0,940,0,794,0,787,0,823,0,7520,0.032,2.328901439305831e+20,0.0,0.0,784,16797,-0.0,162057.094,-114818.039,-0.0,0.133,6.909358625270745e+28,30.0,70.0,35,0.0,0.0,0.0,0.0,0.0,0.0,0.0,0.0,0.0,0.0,0.0,0.0,0.0,0.0,0.0,0.0,66.0,0,150,71,52,65476,0,300,0,0,8,20529,65476,0,0,44564,70.0,0.0,0.0,0.0,0.0,0.0
2026-09-10T21:01:39,ERR,ERR,ERR,ERR,ERR,ERR,ERR,ERR,ERR,ERR,ERR,ERR,ERR,ERR,ERR,ERR,ERR,ERR,ERR,ERR,ERR,ERR,ERR,ERR,ERR,ERR,ERR,ERR,ERR,ERR,ERR,ERR,ERR,ERR,ERR,ERR,ERR,ERR,ERR,ERR,ERR,ERR,ERR,ERR,ERR,ERR,ERR,ERR,ERR,ERR,ERR,ERR,ERR,ERR,ERR,ERR,ERR,ERR,ERR,ERR,ERR,ERR,ERR,ERR,ERR,ERR,ERR,ERR,ERR,ERR,ERR,ERR,ERR,ERR,ERR,ERR,ERR,ERR,ERR,ERR,ERR,ERR,ERR,ERR,ERR,ERR,ERR,ERR,ERR,ERR,ERR,ERR,ERR,ERR,ERR,ERR,ERR,ERR,ERR,ERR,ERR,ERR,ERR,ERR,ERR,ERR,ERR,ERR,ERR,ERR,ERR,ERR,ERR,ERR,ERR,ERR,ERR,ERR,ERR,ERR,ERR,ERR,ERR,ERR,ERR,0.0,-0.0,0.0,0.0,0.0,1.3936040501711995e+18,7.805,0.0,0,0,4,0,7116,0.0,100,0.0,0.0,0.0,0.0,0.0,0,0,0,0,0.0,0,0,0,0,0,0,0,0,0,0,0,0,0,0,0,0,0,0,0,0,0,0,0,0,0,0,0,0,0,0,0,0,0,31,40,40,71,65476,0,300,0,0,8,21553,0.0,-107605600.0,0.0,0.0,0.0,0.0,0.0,0.0,0.0,0.0,0.0,0.0,0.0,0.0,0.0,0.0,0.0,0.0,0.0,0.0,0.0,0.0,-2.004,-2.004,-2.004,-0.0,0.0,0.0,0.0,0.0,4476.0,0.0,6914.0,0.0,-0.0,-107615120.0,-0.0,0.0,0.0,0.0,0.0,69,0.0,0.0,0.0,0.0,0.0,0.0,0.0,0.0,0.0,0,0,0,0.0,0.0,0.0,0.0,0.0,0.0,0.0,0.0,0.0,0.0,0.0,0.0,0.0,0.0,0.0,0.0,0,-107875648.0,69,0.0,138,0.0,0.0,0,39322,17087,0,17105,0,17084,0,0,0,70,68,100,-0.0,82.2,2.730238639235042e+23,78.9,-107615472.0,79.0,1,49,50,180,0,26215,0,0,0.0,0.0,0.0,0.0,-0.0,67.0,0.0,162057.094,0.0,985,0,1017,0,0,0,958,0,1045,0,940,0,794,0,787,0,823,0,7520,0.032,2.328901439305831e+20,0.0,0.0,784,16797,-0.0,162057.094,-114818.039,-0.0,0.133,6.909358625270745e+28,30.0,70.0,35,0.0,0.0,0.0,0.0,0.0,0.0,0.0,0.0,0.0,0.0,0.0,0.0,0.0,0.0,0.0,0.0,66.0,0,150,71,52,65476,0,300,0,0,8,20529,65476,0,0,44564,70.0,0.0,0.0,0.0,0.0,0.0
2026-09-10T21:01:40,ERR,ERR,ERR,ERR,ERR,ERR,ERR,ERR,ERR,ERR,ERR,ERR,ERR,ERR,ERR,ERR,ERR,ERR,ERR,ERR,ERR,ERR,ERR,ERR,ERR,ERR,ERR,ERR,ERR,ERR,ERR,ERR,ERR,ERR,ERR,ERR,ERR,ERR,ERR,ERR,ERR,ERR,ERR,ERR,ERR,ERR,ERR,ERR,ERR,ERR,ERR,ERR,ERR,ERR,ERR,ERR,ERR,ERR,ERR,ERR,ERR,ERR,ERR,ERR,ERR,ERR,ERR,ERR,ERR,ERR,ERR,ERR,ERR,ERR,ERR,ERR,ERR,ERR,ERR,ERR,ERR,ERR,ERR,ERR,ERR,ERR,ERR,ERR,ERR,ERR,ERR,ERR,ERR,ERR,ERR,ERR,ERR,ERR,ERR,ERR,ERR,ERR,ERR,ERR,ERR,ERR,ERR,ERR,ERR,ERR,ERR,ERR,ERR,ERR,ERR,ERR,ERR,ERR,ERR,ERR,ERR,ERR,ERR,ERR,ERR,0.0,-0.0,0.0,0.0,0.0,1.3936040501711995e+18,7.805,0.0,0,0,4,0,7116,0.0,100,0.0,0.0,0.0,0.0,0.0,0,0,0,0,0.0,0,0,0,0,0,0,0,0,0,0,0,0,0,0,0,0,0,0,0,0,0,0,0,0,0,0,0,0,0,0,0,0,0,31,40,40,71,65476,0,300,0,0,8,21553,0.0,-107605600.0,0.0,0.0,0.0,0.0,0.0,0.0,0.0,0.0,0.0,0.0,0.0,0.0,0.0,0.0,0.0,0.0,0.0,0.0,0.0,0.0,-2.004,-2.004,-2.004,-0.0,0.0,0.0,0.0,0.0,4476.0,0.0,6914.0,0.0,-0.0,-107615120.0,-0.0,0.0,0.0,0.0,0.0,69,0.0,0.0,0.0,0.0,0.0,0.0,0.0,0.0,0.0,0,0,0,0.0,0.0,0.0,0.0,0.0,0.0,0.0,0.0,0.0,0.0,0.0,0.0,0.0,0.0,0.0,0.0,0,-107875648.0,69,0.0,138,0.0,0.0,0,39322,17087,0,17105,0,17084,0,0,0,70,68,100,-0.0,82.1,0.0,78.9,-107615472.0,79.0,1,49,50,180,0,39322,0,0,0.0,0.0,0.0,0.0,-0.0,67.0,0.0,162057.094,0.0,985,0,1017,0,0,0,958,0,1045,0,940,0,794,0,787,0,823,0,7520,0.032,2.5133688800429264e+20,0.0,0.0,784,16797,-0.0,162057.094,-114818.039,-0.0,0.133,6.909358625270745e+28,30.0,70.0,35,0.0,0.0,0.0,0.0,0.0,0.0,0.0,0.0,0.0,0.0,0.0,0.0,0.0,0.0,0.0,0.0,66.0,0,150,71,52,65476,0,300,0,0,8,20529,65476,0,0,44564,70.0,0.0,0.0,0.0,0.0,0.0
2026-09-10T21:01:41,ERR,ERR,ERR,ERR,ERR,ERR,ERR,ERR,ERR,ERR,ERR,ERR,ERR,ERR,ERR,ERR,ERR,ERR,ERR,ERR,ERR,ERR,ERR,ERR,ERR,ERR,ERR,ERR,ERR,ERR,ERR,ERR,ERR,ERR,ERR,ERR,ERR,ERR,ERR,ERR,ERR,ERR,ERR,ERR,ERR,ERR,ERR,ERR,ERR,ERR,ERR,ERR,ERR,ERR,ERR,ERR,ERR,ERR,ERR,ERR,ERR,ERR,ERR,ERR,ERR,ERR,ERR,ERR,ERR,ERR,ERR,ERR,ERR,ERR,ERR,ERR,ERR,ERR,ERR,ERR,ERR,ERR,ERR,ERR,ERR,ERR,ERR,ERR,ERR,ERR,ERR,ERR,ERR,ERR,ERR,ERR,ERR,ERR,ERR,ERR,ERR,ERR,ERR,ERR,ERR,ERR,ERR,ERR,ERR,ERR,ERR,ERR,ERR,ERR,ERR,ERR,ERR,ERR,ERR,ERR,ERR,ERR,ERR,ERR,ERR,0.0,-0.0,0.0,0.0,0.0,1.3936040501711995e+18,7.805,0.0,0,0,4,0,7116,0.0,100,0.0,0.0,0.0,0.0,0.0,0,0,0,0,0.0,0,0,0,0,0,0,0,0,0,0,0,0,0,0,0,0,0,0,0,0,0,0,0,0,0,0,0,0,0,0,0,0,0,31,40,40,71,65476,0,300,0,0,8,21553,0.0,-107605600.0,0.0,0.0,0.0,0.0,0.0,0.0,0.0,0.0,0.0,0.0,0.0,0.0,0.0,0.0,0.0,0.0,0.0,0.0,0.0,0.0,-2.004,-2.004,-2.004,-0.0,0.0,0.0,0.0,0.0,4476.0,0.0,6914.0,0.0,-0.0,-107615120.0,-0.0,0.0,0.0,0.0,0.0,69,0.0,0.0,0.0,0.0,0.0,0.0,0.0,0.0,0.0,0,0,0,0.0,0.0,0.0,0.0,0.0,0.0,0.0,0.0,0.0,0.0,0.0,0.0,0.0,0.0,0.0,0.0,0,-107875648.0,69,0.0,138,0.0,0.0,0,39322,17087,0,17105,0,17084,0,0,0,70,68,100,-0.0,82.1,0.0,78.9,-107615472.0,79.0,1,49,50,180,0,39322,0,0,0.0,0.0,0.0,0.0,-0.0,67.0,0.0,162057.094,0.0,985,0,1017,0,0,0,958,0,1045,0,940,0,794,0,787,0,823,0,7520,0.032,2.5133688800429264e+20,0.0,0.0,784,16797,-0.0,162057.094,-114818.039,-0.0,0.133,6.909358625270745e+28,30.0,70.0,35,0.0,0.0,0.0,0.0,0.0,0.0,0.0,0.0,0.0,0.0,0.0,0.0,0.0,0.0,0.0,0.0,66.0,0,150,71,52,65476,0,300,0,0,8,20529,65476,0,0,44564,70.0,0.0,0.0,0.0,0.0,0.0
2026-09-10T21:01:42,ERR,ERR,ERR,ERR,ERR,ERR,ERR,ERR,ERR,ERR,ERR,ERR,ERR,ERR,ERR,ERR,ERR,ERR,ERR,ERR,ERR,ERR,ERR,ERR,ERR,ERR,ERR,ERR,ERR,ERR,ERR,ERR,ERR,ERR,ERR,ERR,ERR,ERR,ERR,ERR,ERR,ERR,ERR,ERR,ERR,ERR,ERR,ERR,ERR,ERR,ERR,ERR,ERR,ERR,ERR,ERR,ERR,ERR,ERR,ERR,ERR,ERR,ERR,ERR,ERR,ERR,ERR,ERR,ERR,ERR,ERR,ERR,ERR,ERR,ERR,ERR,ERR,ERR,ERR,ERR,ERR,ERR,ERR,ERR,ERR,ERR,ERR,ERR,ERR,ERR,ERR,ERR,ERR,ERR,ERR,ERR,ERR,ERR,ERR,ERR,ERR,ERR,ERR,ERR,ERR,ERR,ERR,ERR,ERR,ERR,ERR,ERR,ERR,ERR,ERR,ERR,ERR,ERR,ERR,ERR,ERR,ERR,ERR,ERR,ERR,0.0,-0.0,0.0,0.0,0.0,1.3936040501711995e+18,7.805,0.0,0,0,4,0,7116,0.0,100,0.0,0.0,0.0,0.0,0.0,0,0,0,0,0.0,0,0,0,0,0,0,0,0,0,0,0,0,0,0,0,0,0,0,0,0,0,0,0,0,0,0,0,0,0,0,0,0,0,31,40,40,71,65476,0,300,0,0,8,21553,0.0,-107605600.0,0.0,0.0,0.0,0.0,0.0,0.0,0.0,0.0,0.0,0.0,0.0,0.0,0.0,0.0,0.0,0.0,0.0,0.0,0.0,0.0,-2.004,-2.004,-2.004,-0.0,0.0,0.0,0.0,0.0,4476.0,0.0,6914.0,0.0,-0.0,-107615120.0,-0.0,0.0,0.0,0.0,0.0,69,0.0,0.0,0.0,0.0,0.0,0.0,0.0,0.0,0.0,0,0,0,0.0,0.0,0.0,0.0,0.0,0.0,0.0,0.0,0.0,0.0,0.0,0.0,0.0,0.0,0.0,0.0,0,-107875648.0,69,0.0,138,0.0,0.0,0,39322,17087,0,17105,0,17084,0,0,0,70,68,100,-0.0,82.1,0.0,78.9,-107615472.0,79.0,1,49,50,180,0,39322,0,0,0.0,0.0,0.0,0.0,-0.0,67.0,0.0,162057.094,0.0,985,0,1017,0,0,0,958,0,1045,0,940,0,794,0,787,0,823,0,7520,0.032,2.5133688800429264e+20,0.0,0.0,784,16797,-0.0,162057.094,-114818.039,-0.0,0.133,6.909358625270745e+28,30.0,70.0,35,0.0,0.0,0.0,0.0,0.0,0.0,0.0,0.0,0.0,0.0,0.0,0.0,0.0,0.0,0.0,0.0,66.4,0,150,71,52,65476,0,300,0,0,8,20529,65476,0,0,44564,70.0,0.0,0.0,0.0,0.0,0.0
2026-09-10T21:01:43,ERR,ERR,ERR,ERR,ERR,ERR,ERR,ERR,ERR,ERR,ERR,ERR,ERR,ERR,ERR,ERR,ERR,ERR,ERR,ERR,ERR,ERR,ERR,ERR,ERR,ERR,ERR,ERR,ERR,ERR,ERR,ERR,ERR,ERR,ERR,ERR,ERR,ERR,ERR,ERR,ERR,ERR,ERR,ERR,ERR,ERR,ERR,ERR,ERR,ERR,ERR,ERR,ERR,ERR,ERR,ERR,ERR,ERR,ERR,ERR,ERR,ERR,ERR,ERR,ERR,ERR,ERR,ERR,ERR,ERR,ERR,ERR,ERR,ERR,ERR,ERR,ERR,ERR,ERR,ERR,ERR,ERR,ERR,ERR,ERR,ERR,ERR,ERR,ERR,ERR,ERR,ERR,ERR,ERR,ERR,ERR,ERR,ERR,ERR,ERR,ERR,ERR,ERR,ERR,ERR,ERR,ERR,ERR,ERR,ERR,ERR,ERR,ERR,ERR,ERR,ERR,ERR,ERR,ERR,ERR,ERR,ERR,ERR,ERR,ERR,0.0,-0.0,0.0,0.0,0.0,1.3936040501711995e+18,7.805,0.0,0,0,4,0,7116,0.0,100,0.0,0.0,0.0,0.0,0.0,0,0,0,0,0.0,0,0,0,0,0,0,0,0,0,0,0,0,0,0,0,0,0,0,0,0,0,0,0,0,0,0,0,0,0,0,0,0,0,31,40,40,71,65476,0,300,0,0,8,21553,0.0,-107605600.0,0.0,0.0,0.0,0.0,0.0,0.0,0.0,0.0,0.0,0.0,0.0,0.0,0.0,0.0,0.0,0.0,0.0,0.0,0.0,0.0,-2.004,-2.004,-2.004,-0.0,0.0,0.0,0.0,0.0,4476.0,0.0,6914.0,0.0,-0.0,-107615120.0,-0.0,0.0,0.0,0.0,0.0,69,0.0,0.0,0.0,0.0,0.0,0.0,0.0,0.0,0.0,0,0,0,0.0,0.0,0.0,0.0,0.0,0.0,0.0,0.0,0.0,0.0,0.0,0.0,0.0,0.0,0.0,0.0,0,-107875648.0,69,0.0,138,0.0,0.0,0,39322,17087,0,17105,0,17084,0,0,0,70,68,100,-0.0,82.1,0.0,78.9,-107615472.0,79.0,1,49,50,180,0,39322,0,0,0.0,0.0,0.0,0.0,-0.0,67.0,0.0,162057.094,0.0,985,0,1017,0,0,0,958,0,1045,0,940,0,794,0,787,0,823,0,7520,0.032,2.5133688800429264e+20,0.0,0.0,784,16797,-0.0,162057.094,-114818.039,-0.0,0.133,6.909358625270745e+28,30.0,70.0,35,0.0,0.0,0.0,0.0,0.0,0.0,0.0,0.0,0.0,0.0,0.0,0.0,0.0,0.0,0.0,0.0,66.4,0,150,71,52,65476,0,300,0,0,8,20529,65476,0,0,44564,70.0,0.0,0.0,0.0,0.0,0.0
2026-09-10T21:01:44,ERR,ERR,ERR,ERR,ERR,ERR,ERR,ERR,ERR,ERR,ERR,ERR,ERR,ERR,ERR,ERR,ERR,ERR,ERR,ERR,ERR,ERR,ERR,ERR,ERR,ERR,ERR,ERR,ERR,ERR,ERR,ERR,ERR,ERR,ERR,ERR,ERR,ERR,ERR,ERR,ERR,ERR,ERR,ERR,ERR,ERR,ERR,ERR,ERR,ERR,ERR,ERR,ERR,ERR,ERR,ERR,ERR,ERR,ERR,ERR,ERR,ERR,ERR,ERR,ERR,ERR,ERR,ERR,ERR,ERR,ERR,ERR,ERR,ERR,ERR,ERR,ERR,ERR,ERR,ERR,ERR,ERR,ERR,ERR,ERR,ERR,ERR,ERR,ERR,ERR,ERR,ERR,ERR,ERR,ERR,ERR,ERR,ERR,ERR,ERR,ERR,ERR,ERR,ERR,ERR,ERR,ERR,ERR,ERR,ERR,ERR,ERR,ERR,ERR,ERR,ERR,ERR,ERR,ERR,ERR,ERR,ERR,ERR,ERR,ERR,0.0,-0.0,0.0,0.0,0.0,1.3936040501711995e+18,7.805,0.0,0,0,4,0,7116,0.0,100,0.0,0.0,0.0,0.0,0.0,0,0,0,0,0.0,0,0,0,0,0,0,0,0,0,0,0,0,0,0,0,0,0,0,0,0,0,0,0,0,0,0,0,0,0,0,0,0,0,31,40,40,71,65476,0,300,0,0,8,21553,0.0,-107605600.0,0.0,0.0,0.0,0.0,0.0,0.0,0.0,0.0,0.0,0.0,0.0,0.0,0.0,0.0,0.0,0.0,0.0,0.0,0.0,0.0,-2.004,-2.004,-2.004,-0.0,0.0,0.0,0.0,0.0,4477.0,0.0,6918.0,-107615312.0,-0.0,0.0,-0.0,0.0,0.0,0.0,0.0,69,0.0,0.0,0.0,0.0,0.0,0.0,0.0,0.0,0.0,0,0,0,0.0,0.0,0.0,0.0,0.0,0.0,0.0,0.0,0.0,0.0,0.0,0.0,0.0,0.0,0.0,0.0,0,-107875648.0,69,0.0,138,0.0,-109183584.0,0,39322,17087,0,17105,0,17084,0,0,0,70,68,100,-0.0,82.1,0.0,78.9,-107615472.0,79.0,1,49,50,180,0,39322,0,0,0.0,0.0,0.0,0.0,-0.0,67.0,0.0,162057.094,0.0,985,0,1017,0,0,0,958,0,1045,0,940,0,794,0,787,0,823,0,7520,0.032,2.5133688800429264e+20,0.0,0.0,784,16797,-0.0,162057.094,-114818.039,-0.0,0.133,6.909358625270745e+28,30.0,70.0,35,0.0,0.0,0.0,0.0,0.0,0.0,0.0,0.0,0.0,0.0,0.0,0.0,0.0,0.0,0.0,0.0,66.4,0,150,71,52,65476,0,300,0,0,8,20529,65476,0,0,44564,70.0,0.0,0.0,0.0,0.0,0.0
2026-09-10T21:01:45,ERR,ERR,ERR,ERR,ERR,ERR,ERR,ERR,ERR,ERR,ERR,ERR,ERR,ERR,ERR,ERR,ERR,ERR,ERR,ERR,ERR,ERR,ERR,ERR,ERR,ERR,ERR,ERR,ERR,ERR,ERR,ERR,ERR,ERR,ERR,ERR,ERR,ERR,ERR,ERR,ERR,ERR,ERR,ERR,ERR,ERR,ERR,ERR,ERR,ERR,ERR,ERR,ERR,ERR,ERR,ERR,ERR,ERR,ERR,ERR,ERR,ERR,ERR,ERR,ERR,ERR,ERR,ERR,ERR,ERR,ERR,ERR,ERR,ERR,ERR,ERR,ERR,ERR,ERR,ERR,ERR,ERR,ERR,ERR,ERR,ERR,ERR,ERR,ERR,ERR,ERR,ERR,ERR,ERR,ERR,ERR,ERR,ERR,ERR,ERR,ERR,ERR,ERR,ERR,ERR,ERR,ERR,ERR,ERR,ERR,ERR,ERR,ERR,ERR,ERR,ERR,ERR,ERR,ERR,ERR,ERR,ERR,ERR,ERR,ERR,0.0,-0.0,0.0,0.0,0.0,1.3936040501711995e+18,7.805,0.0,0,0,4,0,7116,0.0,100,0.0,0.0,0.0,0.0,0.0,0,0,0,0,0.0,0,0,0,0,0,0,0,0,0,0,0,0,0,0,0,0,0,0,0,0,0,0,0,0,0,0,0,0,0,0,0,0,0,31,40,40,71,65476,0,300,0,0,8,21553,0.0,-107605600.0,0.0,0.0,0.0,0.0,0.0,0.0,0.0,0.0,0.0,0.0,0.0,0.0,0.0,0.0,0.0,0.0,0.0,0.0,0.0,0.0,-2.004,-2.004,-2.004,-0.0,0.0,0.0,0.0,0.0,4477.0,0.0,6918.0,-107615312.0,-0.0,0.0,-0.0,0.0,0.0,0.0,0.0,69,0.0,0.0,0.0,0.0,0.0,0.0,0.0,0.0,0.0,0,0,0,0.0,0.0,0.0,0.0,0.0,0.0,0.0,0.0,0.0,0.0,0.0,0.0,0.0,0.0,0.0,0.0,0,-107875648.0,69,0.0,138,0.0,-109183584.0,0,39322,17087,0,17105,0,17084,0,0,0,70,68,100,-0.0,82.1,0.0,78.9,-107615472.0,79.0,1,49,50,180,0,39322,0,0,0.0,0.0,0.0,0.0,-0.0,67.0,0.0,162057.094,0.0,985,0,1017,0,0,0,958,0,1045,0,940,0,794,0,787,0,823,0,7520,0.032,2.5133688800429264e+20,0.0,0.0,784,16797,-0.0,162057.094,-114818.039,-0.0,0.133,6.909358625270745e+28,30.0,70.0,35,0.0,0.0,0.0,0.0,0.0,0.0,0.0,0.0,0.0,0.0,0.0,0.0,0.0,0.0,0.0,0.0,66.0,0,150,71,52,65476,0,300,0,0,8,20529,65476,0,0,44564,70.0,0.0,0.0,0.0,0.0,0.0
2026-09-10T21:01:46,ERR,ERR,ERR,ERR,ERR,ERR,ERR,ERR,ERR,ERR,ERR,ERR,ERR,ERR,ERR,ERR,ERR,ERR,ERR,ERR,ERR,ERR,ERR,ERR,ERR,ERR,ERR,ERR,ERR,ERR,ERR,ERR,ERR,ERR,ERR,ERR,ERR,ERR,ERR,ERR,ERR,ERR,ERR,ERR,ERR,ERR,ERR,ERR,ERR,ERR,ERR,ERR,ERR,ERR,ERR,ERR,ERR,ERR,ERR,ERR,ERR,ERR,ERR,ERR,ERR,ERR,ERR,ERR,ERR,ERR,ERR,ERR,ERR,ERR,ERR,ERR,ERR,ERR,ERR,ERR,ERR,ERR,ERR,ERR,ERR,ERR,ERR,ERR,ERR,ERR,ERR,ERR,ERR,ERR,ERR,ERR,ERR,ERR,ERR,ERR,ERR,ERR,ERR,ERR,ERR,ERR,ERR,ERR,ERR,ERR,ERR,ERR,ERR,ERR,ERR,ERR,ERR,ERR,ERR,ERR,ERR,ERR,ERR,ERR,ERR,0.0,-0.0,0.0,0.0,0.0,1.3936040501711995e+18,7.805,0.0,0,0,4,0,7116,0.0,100,0.0,0.0,0.0,0.0,0.0,0,0,0,0,0.0,0,0,0,0,0,0,0,0,0,0,0,0,0,0,0,0,0,0,0,0,0,0,0,0,0,0,0,0,0,0,0,0,0,31,40,40,71,65476,0,300,0,0,8,21553,0.0,-107605600.0,0.0,0.0,0.0,0.0,0.0,0.0,0.0,0.0,0.0,0.0,0.0,0.0,0.0,0.0,0.0,0.0,0.0,0.0,0.0,0.0,-2.004,-2.004,-2.004,-0.0,0.0,0.0,0.0,0.0,4477.0,0.0,6918.0,-107615312.0,-0.0,0.0,-0.0,0.0,0.0,0.0,0.0,69,0.0,0.0,0.0,0.0,0.0,0.0,0.0,0.0,0.0,0,0,0,0.0,0.0,0.0,0.0,0.0,0.0,0.0,0.0,0.0,0.0,0.0,0.0,0.0,0.0,0.0,0.0,0,-107875648.0,69,0.0,138,0.0,-109183584.0,0,39322,17087,0,17105,0,17084,0,0,0,70,68,100,-0.0,82.1,0.0,78.9,-107615472.0,79.0,1,49,50,180,0,26215,0,0,0.0,0.0,0.0,0.0,-0.0,67.0,0.0,162057.094,0.0,985,0,1017,0,0,0,958,0,1045,0,940,0,794,0,786,0,823,0,7520,0.032,2.5133688800429264e+20,0.0,0.0,784,16797,-0.0,162057.094,-114818.039,-0.0,0.133,6.909358625270745e+28,30.0,70.0,35,0.0,0.0,0.0,0.0,0.0,0.0,0.0,0.0,0.0,0.0,0.0,0.0,0.0,0.0,0.0,0.0,66.0,0,150,71,52,65476,0,300,0,0,8,20529,65476,0,0,44564,70.0,0.0,0.0,0.0,0.0,0.0
2026-09-10T21:01:47,ERR,ERR,ERR,ERR,ERR,ERR,ERR,ERR,ERR,ERR,ERR,ERR,ERR,ERR,ERR,ERR,ERR,ERR,ERR,ERR,ERR,ERR,ERR,ERR,ERR,ERR,ERR,ERR,ERR,ERR,ERR,ERR,ERR,ERR,ERR,ERR,ERR,ERR,ERR,ERR,ERR,ERR,ERR,ERR,ERR,ERR,ERR,ERR,ERR,ERR,ERR,ERR,ERR,ERR,ERR,ERR,ERR,ERR,ERR,ERR,ERR,ERR,ERR,ERR,ERR,ERR,ERR,ERR,ERR,ERR,ERR,ERR,ERR,ERR,ERR,ERR,ERR,ERR,ERR,ERR,ERR,ERR,ERR,ERR,ERR,ERR,ERR,ERR,ERR,ERR,ERR,ERR,ERR,ERR,ERR,ERR,ERR,ERR,ERR,ERR,ERR,ERR,ERR,ERR,ERR,ERR,ERR,ERR,ERR,ERR,ERR,ERR,ERR,ERR,ERR,ERR,ERR,ERR,ERR,ERR,ERR,ERR,ERR,ERR,ERR,0.0,-0.0,0.0,0.0,0.0,1.3936040501711995e+18,7.805,0.0,0,0,4,0,7116,0.0,100,0.0,0.0,0.0,0.0,0.0,0,0,0,0,0.0,0,0,0,0,0,0,0,0,0,0,0,0,0,0,0,0,0,0,0,0,0,0,0,0,0,0,0,0,0,0,0,0,0,31,40,40,71,65476,0,300,0,0,8,21553,0.0,-107605600.0,0.0,0.0,0.0,0.0,0.0,0.0,0.0,0.0,0.0,0.0,0.0,0.0,0.0,0.0,0.0,0.0,0.0,0.0,0.0,0.0,-2.004,-2.004,-2.004,-0.0,0.0,0.0,0.0,0.0,4477.0,0.0,6918.0,-107615312.0,-0.0,0.0,-0.0,0.0,0.0,0.0,0.0,69,0.0,0.0,0.0,0.0,0.0,0.0,0.0,0.0,0.0,0,0,0,0.0,0.0,0.0,0.0,0.0,0.0,0.0,0.0,0.0,0.0,0.0,0.0,0.0,0.0,0.0,0.0,0,-107875648.0,69,0.0,138,0.0,-109183584.0,0,39322,17087,0,17105,0,17084,0,0,0,70,68,100,-0.0,82.1,0.0,78.9,-107615472.0,79.0,1,49,50,180,0,26215,0,0,0.0,0.0,0.0,0.0,-0.0,67.0,0.0,162057.094,0.0,985,0,1017,0,0,0,958,0,1045,0,940,0,794,0,786,0,823,0,7520,0.032,2.5133688800429264e+20,0.0,0.0,784,16797,-0.0,162057.094,-114818.039,-0.0,0.133,6.909358625270745e+28,30.0,70.0,35,0.0,0.0,0.0,0.0,0.0,0.0,0.0,0.0,0.0,0.0,0.0,0.0,0.0,0.0,0.0,0.0,66.4,0,150,71,52,65476,0,300,0,0,8,20529,65476,0,0,44564,70.0,0.0,0.0,0.0,0.0,0.0
2026-09-10T21:01:48,ERR,ERR,ERR,ERR,ERR,ERR,ERR,ERR,ERR,ERR,ERR,ERR,ERR,ERR,ERR,ERR,ERR,ERR,ERR,ERR,ERR,ERR,ERR,ERR,ERR,ERR,ERR,ERR,ERR,ERR,ERR,ERR,ERR,ERR,ERR,ERR,ERR,ERR,ERR,ERR,ERR,ERR,ERR,ERR,ERR,ERR,ERR,ERR,ERR,ERR,ERR,ERR,ERR,ERR,ERR,ERR,ERR,ERR,ERR,ERR,ERR,ERR,ERR,ERR,ERR,ERR,ERR,ERR,ERR,ERR,ERR,ERR,ERR,ERR,ERR,ERR,ERR,ERR,ERR,ERR,ERR,ERR,ERR,ERR,ERR,ERR,ERR,ERR,ERR,ERR,ERR,ERR,ERR,ERR,ERR,ERR,ERR,ERR,ERR,ERR,ERR,ERR,ERR,ERR,ERR,ERR,ERR,ERR,ERR,ERR,ERR,ERR,ERR,ERR,ERR,ERR,ERR,ERR,ERR,ERR,ERR,ERR,ERR,ERR,ERR,0.0,-0.0,0.0,0.0,0.0,1.3936040501711995e+18,7.805,0.0,0,0,4,0,7116,0.0,100,0.0,0.0,0.0,0.0,0.0,0,0,0,0,0.0,0,0,0,0,0,0,0,0,0,0,0,0,0,0,0,0,0,0,0,0,0,0,0,0,0,0,0,0,0,0,0,0,0,31,40,40,71,65476,0,300,0,0,8,21553,0.0,-107605600.0,0.0,0.0,0.0,0.0,0.0,0.0,0.0,0.0,0.0,0.0,0.0,0.0,0.0,0.0,0.0,0.0,0.0,0.0,0.0,0.0,-2.004,-2.004,-2.004,-0.0,0.0,0.0,0.0,0.0,4477.0,0.0,6918.0,-107615312.0,-0.0,0.0,-0.0,0.0,0.0,0.0,0.0,69,0.0,0.0,0.0,0.0,0.0,0.0,0.0,0.0,0.0,0,0,0,0.0,0.0,0.0,0.0,0.0,0.0,0.0,0.0,0.0,0.0,0.0,0.0,0.0,0.0,0.0,0.0,0,-107875648.0,69,0.0,138,0.0,-109183584.0,0,39322,17087,0,17105,0,17084,0,0,0,70,68,100,-0.0,82.1,0.0,78.9,-107615472.0,79.0,1,49,50,180,0,26215,0,0,0.0,0.0,0.0,0.0,-0.0,67.0,0.0,162057.094,0.0,985,0,1017,0,0,0,958,0,1045,0,940,0,794,0,786,0,823,0,7520,0.032,2.5133688800429264e+20,0.0,0.0,784,16797,-0.0,162057.094,-114818.039,-0.0,0.133,6.909358625270745e+28,30.0,70.0,35,0.0,0.0,0.0,0.0,0.0,0.0,0.0,0.0,0.0,0.0,0.0,0.0,0.0,0.0,0.0,0.0,66.4,0,150,71,52,65476,0,300,0,0,8,20529,65476,0,0,44564,70.0,0.0,0.0,0.0,0.0,0.0
2026-09-10T21:01:49,ERR,ERR,ERR,ERR,ERR,ERR,ERR,ERR,ERR,ERR,ERR,ERR,ERR,ERR,ERR,ERR,ERR,ERR,ERR,ERR,ERR,ERR,ERR,ERR,ERR,ERR,ERR,ERR,ERR,ERR,ERR,ERR,ERR,ERR,ERR,ERR,ERR,ERR,ERR,ERR,ERR,ERR,ERR,ERR,ERR,ERR,ERR,ERR,ERR,ERR,ERR,ERR,ERR,ERR,ERR,ERR,ERR,ERR,ERR,ERR,ERR,ERR,ERR,ERR,ERR,ERR,ERR,ERR,ERR,ERR,ERR,ERR,ERR,ERR,ERR,ERR,ERR,ERR,ERR,ERR,ERR,ERR,ERR,ERR,ERR,ERR,ERR,ERR,ERR,ERR,ERR,ERR,ERR,ERR,ERR,ERR,ERR,ERR,ERR,ERR,ERR,ERR,ERR,ERR,ERR,ERR,ERR,ERR,ERR,ERR,ERR,ERR,ERR,ERR,ERR,ERR,ERR,ERR,ERR,ERR,ERR,ERR,ERR,ERR,ERR,0.0,-0.0,0.0,0.0,0.0,1.3936040501711995e+18,7.805,0.0,0,0,4,0,7116,0.0,100,0.0,0.0,0.0,0.0,0.0,0,0,0,0,0.0,0,0,0,0,0,0,0,0,0,0,0,0,0,0,0,0,0,0,0,0,0,0,0,0,0,0,0,0,0,0,0,0,0,31,40,40,71,65476,0,300,0,0,8,21553,0.0,-107605600.0,0.0,0.0,0.0,0.0,0.0,0.0,0.0,0.0,0.0,0.0,0.0,0.0,0.0,0.0,0.0,0.0,0.0,0.0,0.0,0.0,-2.004,-2.004,-2.004,-0.0,0.0,0.0,0.0,0.0,4477.0,0.0,6918.0,-107615312.0,-0.0,0.0,-0.0,0.0,0.0,0.0,0.0,69,0.0,0.0,0.0,0.0,0.0,0.0,0.0,0.0,0.0,0,0,0,0.0,0.0,0.0,0.0,0.0,0.0,0.0,0.0,0.0,0.0,0.0,0.0,0.0,0.0,0.0,0.0,0,-107875648.0,69,0.0,138,0.0,-109183584.0,0,39322,17087,0,17105,0,17084,0,0,0,70,68,100,-0.0,82.1,0.0,78.9,-107615472.0,79.0,1,49,50,180,0,26215,0,0,0.0,0.0,0.0,0.0,-0.0,67.0,0.0,162057.094,0.0,985,0,1017,0,0,0,958,0,1045,0,940,0,794,0,786,0,823,0,7520,0.032,2.5133688800429264e+20,0.0,0.0,784,16797,-0.0,162057.094,-114818.039,-0.0,0.133,6.909358625270745e+28,30.0,70.0,35,0.0,0.0,0.0,0.0,0.0,0.0,0.0,0.0,0.0,0.0,0.0,0.0,0.0,0.0,0.0,0.0,66.0,0,150,71,52,65476,0,300,0,0,8,20529,65476,0,0,44564,70.0,0.0,0.0,0.0,0.0,0.0
2026-09-10T21:01:50,ERR,ERR,ERR,ERR,ERR,ERR,ERR,ERR,ERR,ERR,ERR,ERR,ERR,ERR,ERR,ERR,ERR,ERR,ERR,ERR,ERR,ERR,ERR,ERR,ERR,ERR,ERR,ERR,ERR,ERR,ERR,ERR,ERR,ERR,ERR,ERR,ERR,ERR,ERR,ERR,ERR,ERR,ERR,ERR,ERR,ERR,ERR,ERR,ERR,ERR,ERR,ERR,ERR,ERR,ERR,ERR,ERR,ERR,ERR,ERR,ERR,ERR,ERR,ERR,ERR,ERR,ERR,ERR,ERR,ERR,ERR,ERR,ERR,ERR,ERR,ERR,ERR,ERR,ERR,ERR,ERR,ERR,ERR,ERR,ERR,ERR,ERR,ERR,ERR,ERR,ERR,ERR,ERR,ERR,ERR,ERR,ERR,ERR,ERR,ERR,ERR,ERR,ERR,ERR,ERR,ERR,ERR,ERR,ERR,ERR,ERR,ERR,ERR,ERR,ERR,ERR,ERR,ERR,ERR,ERR,ERR,ERR,ERR,ERR,ERR,0.0,-0.0,0.0,0.0,0.0,1.3936040501711995e+18,7.805,0.0,0,0,4,0,7116,0.0,100,0.0,0.0,0.0,0.0,0.0,0,0,0,0,0.0,0,0,0,0,0,0,0,0,0,0,0,0,0,0,0,0,0,0,0,0,0,0,0,0,0,0,0,0,0,0,0,0,0,31,40,40,71,65476,0,300,0,0,8,21553,0.0,-107605600.0,0.0,0.0,0.0,0.0,0.0,0.0,0.0,0.0,0.0,0.0,0.0,0.0,0.0,0.0,0.0,0.0,0.0,0.0,0.0,0.0,-2.004,-2.004,-2.004,-0.0,0.0,0.0,0.0,0.0,4477.0,0.0,6918.0,-107615312.0,-0.0,0.0,-0.0,0.0,0.0,0.0,0.0,69,0.0,0.0,0.0,0.0,0.0,0.0,0.0,0.0,0.0,0,0,0,0.0,0.0,0.0,0.0,0.0,0.0,0.0,0.0,0.0,0.0,0.0,0.0,0.0,0.0,0.0,0.0,0,-107875648.0,69,0.0,138,0.0,-109183584.0,0,26215,17087,0,17105,0,17084,0,0,0,70,68,100,-0.0,82.1,0.0,78.9,-107615472.0,79.0,1,49,50,180,0,39322,0,0,0.0,0.0,0.0,0.0,-0.0,67.0,0.0,162057.094,0.0,985,0,1017,0,0,0,958,0,1045,0,941,0,794,0,787,0,823,0,7520,0.032,2.4903104499507895e+20,0.0,0.0,784,16797,-0.0,162057.094,-114818.039,-0.0,0.133,6.909358625270745e+28,30.0,70.0,35,0.0,0.0,0.0,0.0,0.0,0.0,0.0,0.0,0.0,0.0,0.0,0.0,0.0,0.0,0.0,0.0,66.0,0,150,71,52,65476,0,300,0,0,8,20529,65476,0,0,44564,70.0,0.0,0.0,0.0,0.0,0.0
2026-09-10T21:01:51,ERR,ERR,ERR,ERR,ERR,ERR,ERR,ERR,ERR,ERR,ERR,ERR,ERR,ERR,ERR,ERR,ERR,ERR,ERR,ERR,ERR,ERR,ERR,ERR,ERR,ERR,ERR,ERR,ERR,ERR,ERR,ERR,ERR,ERR,ERR,ERR,ERR,ERR,ERR,ERR,ERR,ERR,ERR,ERR,ERR,ERR,ERR,ERR,ERR,ERR,ERR,ERR,ERR,ERR,ERR,ERR,ERR,ERR,ERR,ERR,ERR,ERR,ERR,ERR,ERR,ERR,ERR,ERR,ERR,ERR,ERR,ERR,ERR,ERR,ERR,ERR,ERR,ERR,ERR,ERR,ERR,ERR,ERR,ERR,ERR,ERR,ERR,ERR,ERR,ERR,ERR,ERR,ERR,ERR,ERR,ERR,ERR,ERR,ERR,ERR,ERR,ERR,ERR,ERR,ERR,ERR,ERR,ERR,ERR,ERR,ERR,ERR,ERR,ERR,ERR,ERR,ERR,ERR,ERR,ERR,ERR,ERR,ERR,ERR,ERR,-107615312.0,-0.0,-0.0,0.0,0.0,1.3936040501711995e+18,7.805,0.0,0,0,4,0,7116,0.0,100,0.0,0.0,0.0,0.0,0.0,0,0,0,0,0.0,0,0,0,0,0,0,0,0,0,0,0,0,0,0,0,0,0,0,0,0,0,0,0,0,0,0,0,0,0,0,0,0,0,31,40,40,71,65476,0,300,0,0,8,21553,0.0,-107605600.0,0.0,0.0,0.0,0.0,0.0,0.0,0.0,0.0,0.0,0.0,0.0,0.0,0.0,0.0,0.0,0.0,0.0,0.0,0.0,0.0,-2.004,-2.004,0.0,-2.004,0.0,0.0,0.0,0.0,4474.0,0.0,6918.0,0.0,-0.0,0.0,-107615288.0,0.0,0.0,0.0,0.0,69,0.0,0.0,0.0,0.0,0.0,0.0,0.0,0.0,0.0,0,0,0,0.0,0.0,0.0,0.0,0.0,0.0,0.0,0.0,0.0,0.0,0.0,0.0,0.0,0.0,0.0,0.0,0,-107875648.0,69,0.0,138,0.0,-109183584.0,0,26215,17087,0,17105,0,17084,0,0,0,70,68,100,-0.0,82.1,0.0,78.9,-107615472.0,79.0,1,49,50,180,0,39322,0,0,0.0,0.0,0.0,0.0,-0.0,67.0,0.0,162057.094,0.0,985,0,1017,0,0,0,958,0,1045,0,941,0,794,0,787,0,823,0,7520,0.032,2.4903104499507895e+20,0.0,0.0,784,16797,-0.0,162057.094,-114818.039,-0.0,0.133,6.909358625270745e+28,30.0,70.0,35,0.0,0.0,0.0,0.0,0.0,0.0,0.0,0.0,0.0,0.0,0.0,0.0,0.0,0.0,0.0,0.0,66.0,0,150,71,52,65476,0,300,0,0,8,20529,65476,0,0,44564,70.0,0.0,0.0,0.0,0.0,0.0
2026-09-10T21:01:52,ERR,ERR,ERR,ERR,ERR,ERR,ERR,ERR,ERR,ERR,ERR,ERR,ERR,ERR,ERR,ERR,ERR,ERR,ERR,ERR,ERR,ERR,ERR,ERR,ERR,ERR,ERR,ERR,ERR,ERR,ERR,ERR,ERR,ERR,ERR,ERR,ERR,ERR,ERR,ERR,ERR,ERR,ERR,ERR,ERR,ERR,ERR,ERR,ERR,ERR,ERR,ERR,ERR,ERR,ERR,ERR,ERR,ERR,ERR,ERR,ERR,ERR,ERR,ERR,ERR,ERR,ERR,ERR,ERR,ERR,ERR,ERR,ERR,ERR,ERR,ERR,ERR,ERR,ERR,ERR,ERR,ERR,ERR,ERR,ERR,ERR,ERR,ERR,ERR,ERR,ERR,ERR,ERR,ERR,ERR,ERR,ERR,ERR,ERR,ERR,ERR,ERR,ERR,ERR,ERR,ERR,ERR,ERR,ERR,ERR,ERR,ERR,ERR,ERR,ERR,ERR,ERR,ERR,ERR,ERR,ERR,ERR,ERR,ERR,ERR,-107615312.0,-0.0,-0.0,0.0,0.0,1.3936040501711995e+18,7.805,0.0,0,0,4,0,7116,0.0,100,0.0,0.0,0.0,0.0,0.0,0,0,0,0,0.0,0,0,0,0,0,0,0,0,0,0,0,0,0,0,0,0,0,0,0,0,0,0,0,0,0,0,0,0,0,0,0,0,0,31,40,40,71,65476,0,300,0,0,8,21553,0.0,-107605600.0,0.0,0.0,0.0,0.0,0.0,0.0,0.0,0.0,0.0,0.0,0.0,0.0,0.0,0.0,0.0,0.0,0.0,0.0,0.0,0.0,-2.004,-2.004,0.0,-2.004,0.0,0.0,0.0,0.0,4474.0,0.0,6918.0,0.0,-0.0,0.0,-107615288.0,0.0,0.0,0.0,0.0,69,0.0,0.0,0.0,0.0,0.0,0.0,0.0,0.0,0.0,0,0,0,0.0,0.0,0.0,0.0,0.0,0.0,0.0,0.0,0.0,0.0,0.0,0.0,0.0,0.0,0.0,0.0,0,-107875648.0,69,0.0,138,0.0,-109183584.0,0,26215,17087,0,17105,0,17084,0,0,0,70,68,100,-0.0,82.1,0.0,78.9,-107615472.0,79.0,1,49,50,180,0,39322,0,0,0.0,0.0,0.0,0.0,-0.0,67.0,0.0,162057.094,0.0,985,0,1017,0,0,0,958,0,1045,0,941,0,794,0,787,0,823,0,7520,0.032,2.4903104499507895e+20,0.0,0.0,784,16797,-0.0,162057.094,-114818.039,-0.0,0.133,6.909358625270745e+28,30.0,70.0,35,0.0,0.0,0.0,0.0,0.0,0.0,0.0,0.0,0.0,0.0,0.0,0.0,0.0,0.0,0.0,0.0,66.0,0,150,71,52,65476,0,300,0,0,8,20529,65476,0,0,44564,70.0,0.0,0.0,0.0,0.0,0.0
2026-09-10T21:01:53,ERR,ERR,ERR,ERR,ERR,ERR,ERR,ERR,ERR,ERR,ERR,ERR,ERR,ERR,ERR,ERR,ERR,ERR,ERR,ERR,ERR,ERR,ERR,ERR,ERR,ERR,ERR,ERR,ERR,ERR,ERR,ERR,ERR,ERR,ERR,ERR,ERR,ERR,ERR,ERR,ERR,ERR,ERR,ERR,ERR,ERR,ERR,ERR,ERR,ERR,ERR,ERR,ERR,ERR,ERR,ERR,ERR,ERR,ERR,ERR,ERR,ERR,ERR,ERR,ERR,ERR,ERR,ERR,ERR,ERR,ERR,ERR,ERR,ERR,ERR,ERR,ERR,ERR,ERR,ERR,ERR,ERR,ERR,ERR,ERR,ERR,ERR,ERR,ERR,ERR,ERR,ERR,ERR,ERR,ERR,ERR,ERR,ERR,ERR,ERR,ERR,ERR,ERR,ERR,ERR,ERR,ERR,ERR,ERR,ERR,ERR,ERR,ERR,ERR,ERR,ERR,ERR,ERR,ERR,ERR,ERR,ERR,ERR,ERR,ERR,-107615312.0,-0.0,-0.0,0.0,0.0,1.3936040501711995e+18,7.805,0.0,0,0,4,0,7116,0.0,100,0.0,0.0,0.0,0.0,0.0,0,0,0,0,0.0,0,0,0,0,0,0,0,0,0,0,0,0,0,0,0,0,0,0,0,0,0,0,0,0,0,0,0,0,0,0,0,0,0,31,40,40,71,65476,0,300,0,0,8,21553,0.0,-107605600.0,0.0,0.0,0.0,0.0,0.0,0.0,0.0,0.0,0.0,0.0,0.0,0.0,0.0,0.0,0.0,0.0,0.0,0.0,0.0,0.0,-2.004,-2.004,0.0,-2.004,0.0,0.0,0.0,0.0,4474.0,0.0,6918.0,0.0,-0.0,0.0,-107615288.0,0.0,0.0,0.0,0.0,69,0.0,0.0,0.0,0.0,0.0,0.0,0.0,0.0,0.0,0,0,0,0.0,0.0,0.0,0.0,0.0,0.0,0.0,0.0,0.0,0.0,0.0,0.0,0.0,0.0,0.0,0.0,0,-107875648.0,69,0.0,138,0.0,-109183584.0,0,26215,17087,0,17105,0,17084,0,0,0,70,68,100,-0.0,82.1,0.0,78.9,-107615472.0,79.0,1,49,50,180,0,39322,0,0,0.0,0.0,0.0,0.0,-0.0,67.0,0.0,162057.094,0.0,985,0,1017,0,0,0,958,0,1045,0,941,0,794,0,787,0,823,0,7520,0.032,2.4903104499507895e+20,0.0,0.0,784,16797,-0.0,162057.094,-114818.039,-0.0,0.133,6.909358625270745e+28,30.0,70.0,35,0.0,0.0,0.0,0.0,0.0,0.0,0.0,0.0,0.0,0.0,0.0,0.0,0.0,0.0,0.0,0.0,66.0,0,150,71,52,65476,0,300,0,0,8,20529,65476,0,0,44564,70.0,0.0,0.0,0.0,0.0,0.0
2026-09-10T21:01:54,ERR,ERR,ERR,ERR,ERR,ERR,ERR,ERR,ERR,ERR,ERR,ERR,ERR,ERR,ERR,ERR,ERR,ERR,ERR,ERR,ERR,ERR,ERR,ERR,ERR,ERR,ERR,ERR,ERR,ERR,ERR,ERR,ERR,ERR,ERR,ERR,ERR,ERR,ERR,ERR,ERR,ERR,ERR,ERR,ERR,ERR,ERR,ERR,ERR,ERR,ERR,ERR,ERR,ERR,ERR,ERR,ERR,ERR,ERR,ERR,ERR,ERR,ERR,ERR,ERR,ERR,ERR,ERR,ERR,ERR,ERR,ERR,ERR,ERR,ERR,ERR,ERR,ERR,ERR,ERR,ERR,ERR,ERR,ERR,ERR,ERR,ERR,ERR,ERR,ERR,ERR,ERR,ERR,ERR,ERR,ERR,ERR,ERR,ERR,ERR,ERR,ERR,ERR,ERR,ERR,ERR,ERR,ERR,ERR,ERR,ERR,ERR,ERR,ERR,ERR,ERR,ERR,ERR,ERR,ERR,ERR,ERR,ERR,ERR,ERR,-107615312.0,-0.0,-0.0,0.0,0.0,1.3936040501711995e+18,7.805,0.0,0,0,4,0,7116,0.0,100,0.0,0.0,0.0,0.0,0.0,0,0,0,0,0.0,0,0,0,0,0,0,0,0,0,0,0,0,0,0,0,0,0,0,0,0,0,0,0,0,0,0,0,0,0,0,0,0,0,31,40,40,71,65476,0,300,0,0,8,21553,0.0,-107605600.0,0.0,0.0,0.0,0.0,0.0,0.0,0.0,0.0,0.0,0.0,0.0,0.0,0.0,0.0,0.0,0.0,0.0,0.0,0.0,0.0,-2.004,-2.004,0.0,-2.004,0.0,0.0,0.0,0.0,4474.0,0.0,6918.0,0.0,-0.0,0.0,-107615288.0,0.0,0.0,0.0,0.0,69,0.0,0.0,0.0,0.0,0.0,0.0,0.0,0.0,0.0,0,0,0,0.0,0.0,0.0,0.0,0.0,0.0,0.0,0.0,0.0,0.0,0.0,0.0,0.0,0.0,0.0,0.0,0,-107875648.0,69,0.0,138,0.0,-109183584.0,0,26215,17087,0,17105,0,17084,0,0,0,70,68,100,-0.0,82.1,0.0,78.9,-107615472.0,79.0,1,49,50,180,0,39322,0,0,0.0,0.0,0.0,0.0,-0.0,67.0,0.0,162057.094,0.0,985,0,1017,0,0,0,958,0,1045,0,941,0,794,0,787,0,823,0,7520,0.032,2.4903104499507895e+20,0.0,0.0,784,16797,-0.0,162057.094,-114818.039,-0.0,0.133,6.909358625270745e+28,30.0,70.0,35,0.0,0.0,0.0,0.0,0.0,0.0,0.0,0.0,0.0,0.0,0.0,0.0,0.0,0.0,0.0,0.0,66.0,0,150,71,52,65476,0,300,0,0,8,20529,65476,0,0,44564,70.0,0.0,0.0,0.0,0.0,0.0
2026-09-10T21:01:55,ERR,ERR,ERR,ERR,ERR,ERR,ERR,ERR,ERR,ERR,ERR,ERR,ERR,ERR,ERR,ERR,ERR,ERR,ERR,ERR,ERR,ERR,ERR,ERR,ERR,ERR,ERR,ERR,ERR,ERR,ERR,ERR,ERR,ERR,ERR,ERR,ERR,ERR,ERR,ERR,ERR,ERR,ERR,ERR,ERR,ERR,ERR,ERR,ERR,ERR,ERR,ERR,ERR,ERR,ERR,ERR,ERR,ERR,ERR,ERR,ERR,ERR,ERR,ERR,ERR,ERR,ERR,ERR,ERR,ERR,ERR,ERR,ERR,ERR,ERR,ERR,ERR,ERR,ERR,ERR,ERR,ERR,ERR,ERR,ERR,ERR,ERR,ERR,ERR,ERR,ERR,ERR,ERR,ERR,ERR,ERR,ERR,ERR,ERR,ERR,ERR,ERR,ERR,ERR,ERR,ERR,ERR,ERR,ERR,ERR,ERR,ERR,ERR,ERR,ERR,ERR,ERR,ERR,ERR,ERR,ERR,ERR,ERR,ERR,ERR,-107615312.0,-0.0,-0.0,0.0,0.0,1.3936040501711995e+18,7.805,0.0,0,0,4,0,7116,0.0,100,0.0,0.0,0.0,0.0,0.0,0,0,0,0,0.0,0,0,0,0,0,0,0,0,0,0,0,0,0,0,0,0,0,0,0,0,0,0,0,0,0,0,0,0,0,0,0,0,0,31,40,40,71,65476,0,300,0,0,8,21553,0.0,-107605600.0,0.0,0.0,0.0,0.0,0.0,0.0,0.0,0.0,0.0,0.0,0.0,0.0,0.0,0.0,0.0,0.0,0.0,0.0,0.0,0.0,-2.004,-2.004,0.0,-2.004,0.0,0.0,0.0,0.0,4474.0,0.0,6918.0,0.0,-0.0,0.0,-107615288.0,0.0,0.0,0.0,0.0,69,0.0,0.0,0.0,0.0,0.0,0.0,0.0,0.0,0.0,0,0,0,0.0,0.0,0.0,0.0,0.0,0.0,0.0,0.0,0.0,0.0,0.0,0.0,0.0,0.0,0.0,0.0,0,-107875648.0,69,0.0,138,0.0,-109183584.0,0,26215,17087,0,17105,0,17084,0,0,0,70,68,100,-0.0,82.1,0.0,78.9,-107615472.0,79.0,1,49,50,180,0,39322,0,0,0.0,0.0,0.0,0.0,-0.0,67.0,0.0,162057.094,0.0,985,0,1017,0,0,0,958,0,1045,0,941,0,794,0,787,0,823,0,7520,0.032,2.4903104499507895e+20,0.0,0.0,784,16797,-0.0,162057.094,-114818.039,-0.0,0.133,6.909358625270745e+28,30.0,70.0,35,0.0,0.0,0.0,0.0,0.0,0.0,0.0,0.0,0.0,0.0,0.0,0.0,0.0,0.0,0.0,0.0,66.0,0,150,71,52,65476,0,300,0,0,8,20529,65476,0,0,44564,70.0,0.0,0.0,0.0,0.0,0.0
2026-09-10T21:01:56,ERR,ERR,ERR,ERR,ERR,ERR,ERR,ERR,ERR,ERR,ERR,ERR,ERR,ERR,ERR,ERR,ERR,ERR,ERR,ERR,ERR,ERR,ERR,ERR,ERR,ERR,ERR,ERR,ERR,ERR,ERR,ERR,ERR,ERR,ERR,ERR,ERR,ERR,ERR,ERR,ERR,ERR,ERR,ERR,ERR,ERR,ERR,ERR,ERR,ERR,ERR,ERR,ERR,ERR,ERR,ERR,ERR,ERR,ERR,ERR,ERR,ERR,ERR,ERR,ERR,ERR,ERR,ERR,ERR,ERR,ERR,ERR,ERR,ERR,ERR,ERR,ERR,ERR,ERR,ERR,ERR,ERR,ERR,ERR,ERR,ERR,ERR,ERR,ERR,ERR,ERR,ERR,ERR,ERR,ERR,ERR,ERR,ERR,ERR,ERR,ERR,ERR,ERR,ERR,ERR,ERR,ERR,ERR,ERR,ERR,ERR,ERR,ERR,ERR,ERR,ERR,ERR,ERR,ERR,ERR,ERR,ERR,ERR,ERR,ERR,-107615312.0,-0.0,-0.0,0.0,0.0,1.3936040501711995e+18,7.805,0.0,0,0,4,0,7116,0.0,100,0.0,0.0,0.0,0.0,0.0,0,0,0,0,0.0,0,0,0,0,0,0,0,0,0,0,0,0,0,0,0,0,0,0,0,0,0,0,0,0,0,0,0,0,0,0,0,0,0,31,40,40,71,65476,0,300,0,0,8,21553,0.0,-107605600.0,0.0,0.0,0.0,0.0,0.0,0.0,0.0,0.0,0.0,0.0,0.0,0.0,0.0,0.0,0.0,0.0,0.0,0.0,0.0,0.0,-2.004,-2.004,0.0,-2.004,0.0,0.0,0.0,0.0,4474.0,0.0,6918.0,0.0,-0.0,0.0,-107615288.0,0.0,0.0,0.0,0.0,69,0.0,0.0,0.0,0.0,0.0,0.0,0.0,0.0,0.0,0,0,0,0.0,0.0,0.0,0.0,0.0,0.0,0.0,0.0,0.0,0.0,0.0,0.0,0.0,0.0,0.0,0.0,0,-107875648.0,69,0.0,138,0.0,-109183584.0,0,26215,17087,0,17105,13107,17084,0,0,0,70,68,100,-0.0,82.1,0.0,78.9,-107615472.0,79.0,1,49,50,180,0,39322,0,0,0.0,0.0,0.0,0.0,-0.0,67.0,0.0,162057.094,0.0,985,0,1017,0,0,0,958,0,1045,0,941,0,794,0,786,0,823,0,7520,0.032,2.282784579121557e+20,0.0,0.0,784,16797,-0.0,162057.094,-114818.039,-0.0,0.133,6.909358625270745e+28,30.0,70.0,35,0.0,0.0,0.0,0.0,0.0,0.0,0.0,0.0,0.0,0.0,0.0,0.0,0.0,0.0,0.0,0.0,66.0,0,150,71,52,65476,0,300,0,0,8,20529,65476,0,0,44564,70.0,0.0,0.0,0.0,0.0,0.0
2026-09-10T21:01:57,ERR,ERR,ERR,ERR,ERR,ERR,ERR,ERR,ERR,ERR,ERR,ERR,ERR,ERR,ERR,ERR,ERR,ERR,ERR,ERR,ERR,ERR,ERR,ERR,ERR,ERR,ERR,ERR,ERR,ERR,ERR,ERR,ERR,ERR,ERR,ERR,ERR,ERR,ERR,ERR,ERR,ERR,ERR,ERR,ERR,ERR,ERR,ERR,ERR,ERR,ERR,ERR,ERR,ERR,ERR,ERR,ERR,ERR,ERR,ERR,ERR,ERR,ERR,ERR,ERR,ERR,ERR,ERR,ERR,ERR,ERR,ERR,ERR,ERR,ERR,ERR,ERR,ERR,ERR,ERR,ERR,ERR,ERR,ERR,ERR,ERR,ERR,ERR,ERR,ERR,ERR,ERR,ERR,ERR,ERR,ERR,ERR,ERR,ERR,ERR,ERR,ERR,ERR,ERR,ERR,ERR,ERR,ERR,ERR,ERR,ERR,ERR,ERR,ERR,ERR,ERR,ERR,ERR,ERR,ERR,ERR,ERR,ERR,ERR,ERR,-107615312.0,-0.0,-0.0,0.0,0.0,1.3936040501711995e+18,7.805,0.0,0,0,4,0,7116,0.0,100,0.0,0.0,0.0,0.0,0.0,0,0,0,0,0.0,0,0,0,0,0,0,0,0,0,0,0,0,0,0,0,0,0,0,0,0,0,0,0,0,0,0,0,0,0,0,0,0,0,31,40,40,71,65476,0,300,0,0,8,21553,0.0,-107605600.0,0.0,0.0,0.0,0.0,0.0,0.0,0.0,0.0,0.0,0.0,0.0,0.0,0.0,0.0,0.0,0.0,0.0,0.0,0.0,0.0,-2.004,-2.004,0.0,-2.004,0.0,0.0,0.0,0.0,4474.0,0.0,6918.0,0.0,-0.0,0.0,-107615288.0,0.0,0.0,0.0,0.0,69,0.0,0.0,0.0,0.0,0.0,0.0,0.0,0.0,0.0,0,0,0,0.0,0.0,0.0,0.0,0.0,0.0,0.0,0.0,0.0,0.0,0.0,0.0,0.0,0.0,0.0,0.0,0,-107875648.0,69,0.0,138,0.0,-109183584.0,0,26215,17087,0,17105,13107,17084,0,0,0,70,68,100,-0.0,82.1,0.0,78.9,-107615472.0,79.0,1,49,50,180,0,39322,0,0,0.0,0.0,0.0,0.0,-0.0,67.0,0.0,162057.094,0.0,985,0,1017,0,0,0,958,0,1045,0,941,0,794,0,786,0,823,0,7520,0.032,2.282784579121557e+20,0.0,0.0,784,16797,-0.0,162057.094,-114818.039,-0.0,0.133,6.909358625270745e+28,30.0,70.0,35,0.0,0.0,0.0,0.0,0.0,0.0,0.0,0.0,0.0,0.0,0.0,0.0,0.0,0.0,0.0,0.0,66.0,0,150,71,52,65476,0,300,0,0,8,20529,65476,0,0,44564,70.0,0.0,0.0,0.0,0.0,0.0
2026-09-10T21:01:58,ERR,ERR,ERR,ERR,ERR,ERR,ERR,ERR,ERR,ERR,ERR,ERR,ERR,ERR,ERR,ERR,ERR,ERR,ERR,ERR,ERR,ERR,ERR,ERR,ERR,ERR,ERR,ERR,ERR,ERR,ERR,ERR,ERR,ERR,ERR,ERR,ERR,ERR,ERR,ERR,ERR,ERR,ERR,ERR,ERR,ERR,ERR,ERR,ERR,ERR,ERR,ERR,ERR,ERR,ERR,ERR,ERR,ERR,ERR,ERR,ERR,ERR,ERR,ERR,ERR,ERR,ERR,ERR,ERR,ERR,ERR,ERR,ERR,ERR,ERR,ERR,ERR,ERR,ERR,ERR,ERR,ERR,ERR,ERR,ERR,ERR,ERR,ERR,ERR,ERR,ERR,ERR,ERR,ERR,ERR,ERR,ERR,ERR,ERR,ERR,ERR,ERR,ERR,ERR,ERR,ERR,ERR,ERR,ERR,ERR,ERR,ERR,ERR,ERR,ERR,ERR,ERR,ERR,ERR,ERR,ERR,ERR,ERR,ERR,ERR,-107615312.0,-0.0,-0.0,0.0,0.0,1.3936040501711995e+18,7.805,0.0,0,0,4,0,7116,0.0,100,0.0,0.0,0.0,0.0,0.0,0,0,0,0,0.0,0,0,0,0,0,0,0,0,0,0,0,0,0,0,0,0,0,0,0,0,0,0,0,0,0,0,0,0,0,0,0,0,0,31,40,40,71,65476,0,300,0,0,8,21553,0.0,-107605600.0,0.0,0.0,0.0,0.0,0.0,0.0,0.0,0.0,0.0,0.0,0.0,0.0,0.0,0.0,0.0,0.0,0.0,0.0,0.0,0.0,-2.004,-2.004,0.0,-2.004,0.0,0.0,0.0,0.0,4474.0,0.0,6918.0,0.0,-0.0,0.0,-107615288.0,0.0,0.0,0.0,0.0,69,0.0,0.0,0.0,0.0,0.0,0.0,0.0,0.0,0.0,0,0,0,0.0,0.0,0.0,0.0,0.0,0.0,0.0,0.0,0.0,0.0,0.0,0.0,0.0,0.0,0.0,0.0,0,-107875648.0,69,0.0,138,0.0,-109183584.0,0,26215,17087,0,17105,13107,17084,0,0,0,70,68,100,-0.0,82.1,0.0,78.9,-107615472.0,79.0,1,49,50,180,0,39322,0,0,0.0,0.0,0.0,0.0,-0.0,67.0,0.0,162057.094,0.0,985,0,1017,0,0,0,958,0,1045,0,941,0,794,0,786,0,823,0,7520,0.032,2.282784579121557e+20,0.0,0.0,784,16797,-0.0,162057.094,-114818.039,-0.0,0.133,6.909358625270745e+28,30.0,70.0,35,0.0,0.0,0.0,0.0,0.0,0.0,0.0,0.0,0.0,0.0,0.0,0.0,0.0,0.0,0.0,0.0,66.0,0,150,71,52,65476,0,300,0,0,8,20529,65476,0,0,44564,70.0,0.0,0.0,0.0,0.0,0.0
2026-09-10T21:01:59,ERR,ERR,ERR,ERR,ERR,ERR,ERR,ERR,ERR,ERR,ERR,ERR,ERR,ERR,ERR,ERR,ERR,ERR,ERR,ERR,ERR,ERR,ERR,ERR,ERR,ERR,ERR,ERR,ERR,ERR,ERR,ERR,ERR,ERR,ERR,ERR,ERR,ERR,ERR,ERR,ERR,ERR,ERR,ERR,ERR,ERR,ERR,ERR,ERR,ERR,ERR,ERR,ERR,ERR,ERR,ERR,ERR,ERR,ERR,ERR,ERR,ERR,ERR,ERR,ERR,ERR,ERR,ERR,ERR,ERR,ERR,ERR,ERR,ERR,ERR,ERR,ERR,ERR,ERR,ERR,ERR,ERR,ERR,ERR,ERR,ERR,ERR,ERR,ERR,ERR,ERR,ERR,ERR,ERR,ERR,ERR,ERR,ERR,ERR,ERR,ERR,ERR,ERR,ERR,ERR,ERR,ERR,ERR,ERR,ERR,ERR,ERR,ERR,ERR,ERR,ERR,ERR,ERR,ERR,ERR,ERR,ERR,ERR,ERR,ERR,0.0,-0.0,0.0,0.0,0.0,1.3936040501711995e+18,7.805,0.0,0,0,4,0,7116,0.0,100,0.0,0.0,0.0,0.0,0.0,0,0,0,0,0.0,0,0,0,0,0,0,0,0,0,0,0,0,0,0,0,0,0,0,0,0,0,0,0,0,0,0,0,0,0,0,0,0,0,31,40,40,71,65476,0,300,0,0,8,21553,0.0,-107605600.0,0.0,0.0,0.0,0.0,0.0,0.0,0.0,0.0,0.0,0.0,0.0,0.0,0.0,0.0,0.0,0.0,0.0,0.0,0.0,0.0,-2.004,-2.004,0.0,-2.004,0.0,0.0,0.0,0.0,4479.0,0.0,6918.0,0.0,-0.0,-107615120.0,-107615288.0,0.0,0.0,0.0,0.0,69,0.0,0.0,0.0,0.0,0.0,0.0,0.0,0.0,0.0,0,0,0,0.0,0.0,0.0,0.0,0.0,0.0,0.0,0.0,0.0,0.0,0.0,0.0,0.0,0.0,0.0,0.0,0,-107875648.0,69,0.0,138,0.0,-109183584.0,0,26215,17087,0,17105,13107,17084,0,0,0,70,68,100,-0.0,82.1,0.0,78.9,-107615472.0,79.0,1,49,50,180,0,39322,0,0,0.0,0.0,0.0,0.0,-0.0,67.0,0.0,162057.094,0.0,985,0,1017,0,0,0,958,0,1045,0,941,0,794,0,786,0,823,0,7520,0.032,2.282784579121557e+20,0.0,0.0,784,16797,-0.0,162057.094,-114818.039,-0.0,0.133,6.909358625270745e+28,30.0,70.0,35,0.0,0.0,0.0,0.0,0.0,0.0,0.0,0.0,0.0,0.0,0.0,0.0,0.0,0.0,0.0,0.0,66.0,0,150,71,52,65476,0,300,0,0,8,20529,65476,0,0,44564,70.0,0.0,0.0,0.0,0.0,0.0
2026-09-10T21:02:00,ERR,ERR,ERR,ERR,ERR,ERR,ERR,ERR,ERR,ERR,ERR,ERR,ERR,ERR,ERR,ERR,ERR,ERR,ERR,ERR,ERR,ERR,ERR,ERR,ERR,ERR,ERR,ERR,ERR,ERR,ERR,ERR,ERR,ERR,ERR,ERR,ERR,ERR,ERR,ERR,ERR,ERR,ERR,ERR,ERR,ERR,ERR,ERR,ERR,ERR,ERR,ERR,ERR,ERR,ERR,ERR,ERR,ERR,ERR,ERR,ERR,ERR,ERR,ERR,ERR,ERR,ERR,ERR,ERR,ERR,ERR,ERR,ERR,ERR,ERR,ERR,ERR,ERR,ERR,ERR,ERR,ERR,ERR,ERR,ERR,ERR,ERR,ERR,ERR,ERR,ERR,ERR,ERR,ERR,ERR,ERR,ERR,ERR,ERR,ERR,ERR,ERR,ERR,ERR,ERR,ERR,ERR,ERR,ERR,ERR,ERR,ERR,ERR,ERR,ERR,ERR,ERR,ERR,ERR,ERR,ERR,ERR,ERR,ERR,ERR,0.0,-0.0,0.0,0.0,0.0,1.3936040501711995e+18,7.805,0.0,0,0,4,0,7116,0.0,100,0.0,0.0,0.0,0.0,0.0,0,0,0,0,0.0,0,0,0,0,0,0,0,0,0,0,0,0,0,0,0,0,0,0,0,0,0,0,0,0,0,0,0,0,0,0,0,0,0,31,40,40,71,65476,0,300,0,0,8,21553,0.0,-107605600.0,0.0,0.0,0.0,0.0,0.0,0.0,0.0,0.0,0.0,0.0,0.0,0.0,0.0,0.0,0.0,0.0,0.0,0.0,0.0,0.0,-2.004,-2.004,0.0,-2.004,0.0,0.0,0.0,0.0,4479.0,0.0,6918.0,0.0,-0.0,-107615120.0,-107615288.0,0.0,0.0,0.0,0.0,69,0.0,0.0,0.0,0.0,0.0,0.0,0.0,0.0,0.0,0,0,0,0.0,0.0,0.0,0.0,0.0,0.0,0.0,0.0,0.0,0.0,0.0,0.0,0.0,0.0,0.0,0.0,0,-107875648.0,69,0.0,138,0.0,-109183584.0,0,26215,17087,0,17105,13107,17084,0,0,0,70,68,100,-0.0,82.1,0.0,78.9,-107615472.0,79.0,1,49,50,180,0,39322,0,0,0.0,0.0,0.0,0.0,-0.0,67.0,0.0,162057.094,0.0,985,0,1017,0,0,0,958,0,1045,0,941,0,794,0,786,0,823,0,7520,0.032,2.282784579121557e+20,0.0,0.0,784,16797,-0.0,162057.094,-114818.039,-0.0,0.133,6.909358625270745e+28,30.0,70.0,35,0.0,0.0,0.0,0.0,0.0,0.0,0.0,0.0,0.0,0.0,0.0,0.0,0.0,0.0,0.0,0.0,66.0,0,150,71,52,65476,0,300,0,0,8,20529,65476,0,0,44564,70.0,0.0,0.0,0.0,0.0,0.0
2026-09-10T21:02:01,ERR,ERR,ERR,ERR,ERR,ERR,ERR,ERR,ERR,ERR,ERR,ERR,ERR,ERR,ERR,ERR,ERR,ERR,ERR,ERR,ERR,ERR,ERR,ERR,ERR,ERR,ERR,ERR,ERR,ERR,ERR,ERR,ERR,ERR,ERR,ERR,ERR,ERR,ERR,ERR,ERR,ERR,ERR,ERR,ERR,ERR,ERR,ERR,ERR,ERR,ERR,ERR,ERR,ERR,ERR,ERR,ERR,ERR,ERR,ERR,ERR,ERR,ERR,ERR,ERR,ERR,ERR,ERR,ERR,ERR,ERR,ERR,ERR,ERR,ERR,ERR,ERR,ERR,ERR,ERR,ERR,ERR,ERR,ERR,ERR,ERR,ERR,ERR,ERR,ERR,ERR,ERR,ERR,ERR,ERR,ERR,ERR,ERR,ERR,ERR,ERR,ERR,ERR,ERR,ERR,ERR,ERR,ERR,ERR,ERR,ERR,ERR,ERR,ERR,ERR,ERR,ERR,ERR,ERR,ERR,ERR,ERR,ERR,ERR,ERR,0.0,-0.0,0.0,0.0,0.0,1.3936040501711995e+18,7.805,0.0,0,0,4,0,7116,0.0,100,0.0,0.0,0.0,0.0,0.0,0,0,0,0,0.0,0,0,0,0,0,0,0,0,0,0,0,0,0,0,0,0,0,0,0,0,0,0,0,0,0,0,0,0,0,0,0,0,0,31,40,40,71,65476,0,300,0,0,8,21553,0.0,-107605600.0,0.0,0.0,0.0,0.0,0.0,0.0,0.0,0.0,0.0,0.0,0.0,0.0,0.0,0.0,0.0,0.0,0.0,0.0,0.0,0.0,-2.004,-2.004,0.0,-2.004,0.0,0.0,0.0,0.0,4479.0,0.0,6918.0,0.0,-0.0,-107615120.0,-107615288.0,0.0,0.0,0.0,0.0,69,0.0,0.0,0.0,0.0,0.0,0.0,0.0,0.0,0.0,0,0,0,0.0,0.0,0.0,0.0,0.0,0.0,0.0,0.0,0.0,0.0,0.0,0.0,0.0,0.0,0.0,0.0,0,-107875648.0,69,0.0,138,0.0,-109183584.0,0,26215,17087,0,17105,13107,17084,0,0,0,70,68,100,-0.0,82.1,0.0,78.9,-107615472.0,79.0,1,49,50,180,0,39322,0,0,0.0,0.0,0.0,0.0,-0.0,67.0,0.0,162057.094,0.0,985,0,1017,0,0,0,958,0,1045,0,941,0,794,0,786,0,823,0,7520,0.032,2.282784579121557e+20,0.0,0.0,784,16797,-0.0,162057.094,-114818.039,-0.0,0.133,6.909358625270745e+28,30.0,70.0,35,0.0,0.0,0.0,0.0,0.0,0.0,0.0,0.0,0.0,0.0,0.0,0.0,0.0,0.0,0.0,0.0,66.0,0,150,71,52,65476,0,300,0,0,8,20529,65476,0,0,44564,70.0,0.0,0.0,0.0,0.0,0.0
2026-09-10T21:02:02,ERR,ERR,ERR,ERR,ERR,ERR,ERR,ERR,ERR,ERR,ERR,ERR,ERR,ERR,ERR,ERR,ERR,ERR,ERR,ERR,ERR,ERR,ERR,ERR,ERR,ERR,ERR,ERR,ERR,ERR,ERR,ERR,ERR,ERR,ERR,ERR,ERR,ERR,ERR,ERR,ERR,ERR,ERR,ERR,ERR,ERR,ERR,ERR,ERR,ERR,ERR,ERR,ERR,ERR,ERR,ERR,ERR,ERR,ERR,ERR,ERR,ERR,ERR,ERR,ERR,ERR,ERR,ERR,ERR,ERR,ERR,ERR,ERR,ERR,ERR,ERR,ERR,ERR,ERR,ERR,ERR,ERR,ERR,ERR,ERR,ERR,ERR,ERR,ERR,ERR,ERR,ERR,ERR,ERR,ERR,ERR,ERR,ERR,ERR,ERR,ERR,ERR,ERR,ERR,ERR,ERR,ERR,ERR,ERR,ERR,ERR,ERR,ERR,ERR,ERR,ERR,ERR,ERR,ERR,ERR,ERR,ERR,ERR,ERR,ERR,0.0,-0.0,0.0,0.0,0.0,1.3936040501711995e+18,7.805,0.0,0,0,4,0,7116,0.0,100,0.0,0.0,0.0,0.0,0.0,0,0,0,0,0.0,0,0,0,0,0,0,0,0,0,0,0,0,0,0,0,0,0,0,0,0,0,0,0,0,0,0,0,0,0,0,0,0,0,31,40,40,71,65476,0,300,0,0,8,21553,0.0,-107605600.0,0.0,0.0,0.0,0.0,0.0,0.0,0.0,0.0,0.0,0.0,0.0,0.0,0.0,0.0,0.0,0.0,0.0,0.0,0.0,0.0,-2.004,-2.004,0.0,-2.004,0.0,0.0,0.0,0.0,4479.0,0.0,6918.0,0.0,-0.0,-107615120.0,-107615288.0,0.0,0.0,0.0,0.0,69,0.0,0.0,0.0,0.0,0.0,0.0,0.0,0.0,0.0,0,0,0,0.0,0.0,0.0,0.0,0.0,0.0,0.0,0.0,0.0,0.0,0.0,0.0,0.0,0.0,0.0,0.0,0,-107875648.0,69,0.0,138,0.0,-109183584.0,0,26215,17087,0,17105,13107,17084,0,0,0,70,68,100,-0.0,82.1,0.0,78.9,-107615472.0,79.0,1,49,50,180,0,26215,0,0,0.0,0.0,0.0,0.0,-0.0,67.0,0.0,162057.094,0.0,985,0,1017,0,0,0,958,0,1045,0,942,0,793,0,786,0,823,0,7520,0.032,2.524898095088995e+20,0.0,0.0,784,16797,-0.0,162057.094,-114818.039,-0.0,0.133,6.909358625270745e+28,30.0,70.0,35,0.0,0.0,0.0,0.0,0.0,0.0,0.0,0.0,0.0,0.0,0.0,0.0,0.0,0.0,0.0,0.0,66.0,0,150,71,52,65476,0,300,0,0,8,20529,65476,0,0,44564,70.0,0.0,0.0,0.0,0.0,0.0
2026-09-10T21:02:03,ERR,ERR,ERR,ERR,ERR,ERR,ERR,ERR,ERR,ERR,ERR,ERR,ERR,ERR,ERR,ERR,ERR,ERR,ERR,ERR,ERR,ERR,ERR,ERR,ERR,ERR,ERR,ERR,ERR,ERR,ERR,ERR,ERR,ERR,ERR,ERR,ERR,ERR,ERR,ERR,ERR,ERR,ERR,ERR,ERR,ERR,ERR,ERR,ERR,ERR,ERR,ERR,ERR,ERR,ERR,ERR,ERR,ERR,ERR,ERR,ERR,ERR,ERR,ERR,ERR,ERR,ERR,ERR,ERR,ERR,ERR,ERR,ERR,ERR,ERR,ERR,ERR,ERR,ERR,ERR,ERR,ERR,ERR,ERR,ERR,ERR,ERR,ERR,ERR,ERR,ERR,ERR,ERR,ERR,ERR,ERR,ERR,ERR,ERR,ERR,ERR,ERR,ERR,ERR,ERR,ERR,ERR,ERR,ERR,ERR,ERR,ERR,ERR,ERR,ERR,ERR,ERR,ERR,ERR,ERR,ERR,ERR,ERR,ERR,ERR,0.0,-0.0,0.0,0.0,0.0,1.3936040501711995e+18,7.805,0.0,0,0,4,0,7116,0.0,100,0.0,0.0,0.0,0.0,0.0,0,0,0,0,0.0,0,0,0,0,0,0,0,0,0,0,0,0,0,0,0,0,0,0,0,0,0,0,0,0,0,0,0,0,0,0,0,0,0,31,40,40,71,65476,0,300,0,0,8,21553,0.0,-107605600.0,0.0,0.0,0.0,0.0,0.0,0.0,0.0,0.0,0.0,0.0,0.0,0.0,0.0,0.0,0.0,0.0,0.0,0.0,0.0,0.0,-2.004,-2.004,0.0,-2.004,0.0,0.0,0.0,0.0,4479.0,0.0,6918.0,0.0,-0.0,-107615120.0,-107615288.0,0.0,0.0,0.0,0.0,69,0.0,0.0,0.0,0.0,0.0,0.0,0.0,0.0,0.0,0,0,0,0.0,0.0,0.0,0.0,0.0,0.0,0.0,0.0,0.0,0.0,0.0,0.0,0.0,0.0,0.0,0.0,0,-107875648.0,69,0.0,138,0.0,-109183584.0,0,26215,17087,0,17105,13107,17084,0,0,0,70,68,100,-0.0,82.1,0.0,78.9,-107615472.0,79.0,1,49,50,180,0,26215,0,0,0.0,0.0,0.0,0.0,-0.0,67.0,0.0,162057.094,0.0,985,0,1017,0,0,0,958,0,1045,0,942,0,793,0,786,0,823,0,7520,0.032,2.524898095088995e+20,0.0,0.0,784,16797,-0.0,162057.094,-114818.039,-0.0,0.133,6.909358625270745e+28,30.0,70.0,35,0.0,0.0,0.0,0.0,0.0,0.0,0.0,0.0,0.0,0.0,0.0,0.0,0.0,0.0,0.0,0.0,66.4,0,150,71,52,65476,0,300,0,0,8,20529,65476,0,0,44564,70.0,0.0,0.0,0.0,0.0,0.0
2026-09-10T21:02:04,ERR,ERR,ERR,ERR,ERR,ERR,ERR,ERR,ERR,ERR,ERR,ERR,ERR,ERR,ERR,ERR,ERR,ERR,ERR,ERR,ERR,ERR,ERR,ERR,ERR,ERR,ERR,ERR,ERR,ERR,ERR,ERR,ERR,ERR,ERR,ERR,ERR,ERR,ERR,ERR,ERR,ERR,ERR,ERR,ERR,ERR,ERR,ERR,ERR,ERR,ERR,ERR,ERR,ERR,ERR,ERR,ERR,ERR,ERR,ERR,ERR,ERR,ERR,ERR,ERR,ERR,ERR,ERR,ERR,ERR,ERR,ERR,ERR,ERR,ERR,ERR,ERR,ERR,ERR,ERR,ERR,ERR,ERR,ERR,ERR,ERR,ERR,ERR,ERR,ERR,ERR,ERR,ERR,ERR,ERR,ERR,ERR,ERR,ERR,ERR,ERR,ERR,ERR,ERR,ERR,ERR,ERR,ERR,ERR,ERR,ERR,ERR,ERR,ERR,ERR,ERR,ERR,ERR,ERR,ERR,ERR,ERR,ERR,ERR,ERR,0.0,-0.0,0.0,0.0,0.0,1.3936040501711995e+18,7.805,0.0,0,0,4,0,7116,0.0,100,0.0,0.0,0.0,0.0,0.0,0,0,0,0,0.0,0,0,0,0,0,0,0,0,0,0,0,0,0,0,0,0,0,0,0,0,0,0,0,0,0,0,0,0,0,0,0,0,0,31,40,40,71,65476,0,300,0,0,8,21553,0.0,-107605600.0,0.0,0.0,0.0,0.0,0.0,0.0,0.0,0.0,0.0,0.0,0.0,0.0,0.0,0.0,0.0,0.0,0.0,0.0,0.0,0.0,-2.004,-2.004,0.0,-2.004,0.0,0.0,0.0,0.0,4479.0,0.0,6918.0,0.0,-0.0,-107615120.0,-107615288.0,0.0,0.0,0.0,0.0,69,0.0,0.0,0.0,0.0,0.0,0.0,0.0,0.0,0.0,0,0,0,0.0,0.0,0.0,0.0,0.0,0.0,0.0,0.0,0.0,0.0,0.0,0.0,0.0,0.0,0.0,0.0,0,-107875648.0,69,0.0,138,0.0,-109183584.0,0,26215,17087,0,17105,13107,17084,0,0,0,70,68,100,-0.0,82.1,0.0,78.9,-107615472.0,79.0,1,49,50,180,0,26215,0,0,0.0,0.0,0.0,0.0,-0.0,67.0,0.0,162057.094,0.0,985,0,1017,0,0,0,958,0,1045,0,942,0,793,0,786,0,823,0,7520,0.032,2.524898095088995e+20,0.0,0.0,784,16797,-0.0,162057.094,-114818.039,-0.0,0.133,6.909358625270745e+28,30.0,70.0,35,0.0,0.0,0.0,0.0,0.0,0.0,0.0,0.0,0.0,0.0,0.0,0.0,0.0,0.0,0.0,0.0,66.4,0,150,71,52,65476,0,300,0,0,8,20529,65476,0,0,44564,70.0,0.0,0.0,0.0,0.0,0.0
2026-09-10T21:02:05,ERR,ERR,ERR,ERR,ERR,ERR,ERR,ERR,ERR,ERR,ERR,ERR,ERR,ERR,ERR,ERR,ERR,ERR,ERR,ERR,ERR,ERR,ERR,ERR,ERR,ERR,ERR,ERR,ERR,ERR,ERR,ERR,ERR,ERR,ERR,ERR,ERR,ERR,ERR,ERR,ERR,ERR,ERR,ERR,ERR,ERR,ERR,ERR,ERR,ERR,ERR,ERR,ERR,ERR,ERR,ERR,ERR,ERR,ERR,ERR,ERR,ERR,ERR,ERR,ERR,ERR,ERR,ERR,ERR,ERR,ERR,ERR,ERR,ERR,ERR,ERR,ERR,ERR,ERR,ERR,ERR,ERR,ERR,ERR,ERR,ERR,ERR,ERR,ERR,ERR,ERR,ERR,ERR,ERR,ERR,ERR,ERR,ERR,ERR,ERR,ERR,ERR,ERR,ERR,ERR,ERR,ERR,ERR,ERR,ERR,ERR,ERR,ERR,ERR,ERR,ERR,ERR,ERR,ERR,ERR,ERR,ERR,ERR,ERR,ERR,0.0,-0.0,0.0,0.0,0.0,1.3936040501711995e+18,7.805,0.0,0,0,4,0,7116,0.0,100,0.0,0.0,0.0,0.0,0.0,0,0,0,0,0.0,0,0,0,0,0,0,0,0,0,0,0,0,0,0,0,0,0,0,0,0,0,0,0,0,0,0,0,0,0,0,0,0,0,31,40,40,71,65476,0,300,0,0,8,21553,0.0,-107605600.0,0.0,0.0,0.0,0.0,0.0,0.0,0.0,0.0,0.0,0.0,0.0,0.0,0.0,0.0,0.0,0.0,0.0,0.0,0.0,0.0,-2.004,-2.004,0.0,-2.004,0.0,0.0,0.0,0.0,4479.0,0.0,6918.0,0.0,-0.0,-107615120.0,-107615288.0,0.0,0.0,0.0,0.0,69,0.0,0.0,0.0,0.0,0.0,0.0,0.0,0.0,0.0,0,0,0,0.0,0.0,0.0,0.0,0.0,0.0,0.0,0.0,0.0,0.0,0.0,0.0,0.0,0.0,0.0,0.0,0,-107875648.0,69,0.0,138,0.0,-109183584.0,0,26215,17087,0,17105,13107,17084,0,0,0,70,68,100,-0.0,82.1,0.0,78.9,-107615472.0,79.0,1,49,50,180,0,26215,0,0,0.0,0.0,0.0,0.0,-0.0,67.0,0.0,162057.094,0.0,985,0,1017,0,0,0,958,0,1045,0,942,0,793,0,786,0,823,0,7520,0.032,2.524898095088995e+20,0.0,0.0,784,16797,-0.0,162057.094,-114818.039,-0.0,0.133,6.909358625270745e+28,30.0,70.0,35,0.0,0.0,0.0,0.0,0.0,0.0,0.0,0.0,0.0,0.0,0.0,0.0,0.0,0.0,0.0,0.0,66.4,0,150,71,52,65476,0,300,0,0,8,20529,65476,0,0,44564,70.0,0.0,0.0,0.0,0.0,0.0
2026-09-10T21:02:06,ERR,ERR,ERR,ERR,ERR,ERR,ERR,ERR,ERR,ERR,ERR,ERR,ERR,ERR,ERR,ERR,ERR,ERR,ERR,ERR,ERR,ERR,ERR,ERR,ERR,ERR,ERR,ERR,ERR,ERR,ERR,ERR,ERR,ERR,ERR,ERR,ERR,ERR,ERR,ERR,ERR,ERR,ERR,ERR,ERR,ERR,ERR,ERR,ERR,ERR,ERR,ERR,ERR,ERR,ERR,ERR,ERR,ERR,ERR,ERR,ERR,ERR,ERR,ERR,ERR,ERR,ERR,ERR,ERR,ERR,ERR,ERR,ERR,ERR,ERR,ERR,ERR,ERR,ERR,ERR,ERR,ERR,ERR,ERR,ERR,ERR,ERR,ERR,ERR,ERR,ERR,ERR,ERR,ERR,ERR,ERR,ERR,ERR,ERR,ERR,ERR,ERR,ERR,ERR,ERR,ERR,ERR,ERR,ERR,ERR,ERR,ERR,ERR,ERR,ERR,ERR,ERR,ERR,ERR,ERR,ERR,ERR,ERR,ERR,ERR,0.0,-0.0,0.0,0.0,0.0,1.3936040501711995e+18,7.805,0.0,0,0,4,0,7116,0.0,100,0.0,0.0,0.0,0.0,0.0,0,0,0,0,0.0,0,0,0,0,0,0,0,0,0,0,0,0,0,0,0,0,0,0,0,0,0,0,0,0,0,0,0,0,0,0,0,0,0,31,40,40,71,65476,0,300,0,0,8,21553,0.0,-107605600.0,0.0,0.0,0.0,0.0,0.0,0.0,0.0,0.0,0.0,0.0,0.0,0.0,0.0,0.0,0.0,0.0,0.0,0.0,0.0,0.0,-2.004,-2.004,0.0,-2.004,0.0,0.0,0.0,0.0,4479.0,0.0,6918.0,0.0,-0.0,-107615120.0,-107615288.0,0.0,0.0,0.0,0.0,69,0.0,0.0,0.0,0.0,0.0,0.0,0.0,0.0,0.0,0,0,0,0.0,0.0,0.0,0.0,0.0,0.0,0.0,0.0,0.0,0.0,0.0,0.0,0.0,0.0,0.0,0.0,0,-107875648.0,69,0.0,138,0.0,-109183584.0,0,26215,17087,0,17105,13107,17084,0,0,0,70,68,100,-0.0,82.1,0.0,78.9,-107615472.0,79.0,1,49,50,180,0,26215,0,0,0.0,0.0,0.0,0.0,-0.0,67.0,0.0,162057.094,0.0,985,0,1017,0,0,0,958,0,1045,0,942,0,793,0,786,0,823,0,7520,0.032,2.524898095088995e+20,0.0,0.0,784,16797,-0.0,162057.094,-114818.039,-0.0,0.133,6.909358625270745e+28,30.0,70.0,35,0.0,0.0,0.0,0.0,0.0,0.0,0.0,0.0,0.0,0.0,0.0,0.0,0.0,0.0,0.0,0.0,66.0,0,150,71,52,65476,0,300,0,0,8,20529,65476,0,0,44564,70.0,0.0,0.0,0.0,0.0,0.0
2026-09-10T21:02:07,ERR,ERR,ERR,ERR,ERR,ERR,ERR,ERR,ERR,ERR,ERR,ERR,ERR,ERR,ERR,ERR,ERR,ERR,ERR,ERR,ERR,ERR,ERR,ERR,ERR,ERR,ERR,ERR,ERR,ERR,ERR,ERR,ERR,ERR,ERR,ERR,ERR,ERR,ERR,ERR,ERR,ERR,ERR,ERR,ERR,ERR,ERR,ERR,ERR,ERR,ERR,ERR,ERR,ERR,ERR,ERR,ERR,ERR,ERR,ERR,ERR,ERR,ERR,ERR,ERR,ERR,ERR,ERR,ERR,ERR,ERR,ERR,ERR,ERR,ERR,ERR,ERR,ERR,ERR,ERR,ERR,ERR,ERR,ERR,ERR,ERR,ERR,ERR,ERR,ERR,ERR,ERR,ERR,ERR,ERR,ERR,ERR,ERR,ERR,ERR,ERR,ERR,ERR,ERR,ERR,ERR,ERR,ERR,ERR,ERR,ERR,ERR,ERR,ERR,ERR,ERR,ERR,ERR,ERR,ERR,ERR,ERR,ERR,ERR,ERR,0.0,-0.0,0.0,0.0,0.0,1.3936040501711995e+18,7.805,0.0,0,0,4,0,7116,0.0,100,0.0,0.0,0.0,0.0,0.0,0,0,0,0,0.0,0,0,0,0,0,0,0,0,0,0,0,0,0,0,0,0,0,0,0,0,0,0,0,0,0,0,0,0,0,0,0,0,0,31,40,40,71,65476,0,300,0,0,8,21553,0.0,-107605600.0,0.0,0.0,0.0,0.0,0.0,0.0,0.0,0.0,0.0,0.0,0.0,0.0,0.0,0.0,0.0,0.0,0.0,0.0,0.0,0.0,-2.004,-2.004,0.0,-2.004,0.0,0.0,0.0,0.0,4449.0,0.0,6916.0,0.0,-0.0,0.0,-107615288.0,0.0,0.0,0.0,0.0,69,0.0,0.0,0.0,0.0,0.0,0.0,0.0,0.0,0.0,0,0,0,0.0,0.0,0.0,0.0,0.0,0.0,0.0,0.0,0.0,0.0,0.0,0.0,0.0,0.0,0.0,0.0,0,-107875648.0,69,0.0,138,0.0,-109183584.0,0,26215,17087,0,17105,13107,17084,0,0,0,70,68,100,-0.0,82.1,0.0,78.9,-107615472.0,79.0,1,49,50,180,0,26215,0,0,0.0,0.0,0.0,0.0,-0.0,67.0,0.0,162057.094,0.0,985,0,1017,0,0,0,958,0,1045,0,942,0,793,0,786,0,823,0,7520,0.032,2.524898095088995e+20,0.0,0.0,784,16797,-0.0,162057.094,-114818.039,-0.0,0.133,6.909358625270745e+28,30.0,70.0,35,0.0,0.0,0.0,0.0,0.0,0.0,0.0,0.0,0.0,0.0,0.0,0.0,0.0,0.0,0.0,0.0,66.0,0,150,71,52,65476,0,300,0,0,8,20529,65476,0,0,44564,70.0,0.0,0.0,0.0,0.0,0.0
2026-09-10T21:02:08,ERR,ERR,ERR,ERR,ERR,ERR,ERR,ERR,ERR,ERR,ERR,ERR,ERR,ERR,ERR,ERR,ERR,ERR,ERR,ERR,ERR,ERR,ERR,ERR,ERR,ERR,ERR,ERR,ERR,ERR,ERR,ERR,ERR,ERR,ERR,ERR,ERR,ERR,ERR,ERR,ERR,ERR,ERR,ERR,ERR,ERR,ERR,ERR,ERR,ERR,ERR,ERR,ERR,ERR,ERR,ERR,ERR,ERR,ERR,ERR,ERR,ERR,ERR,ERR,ERR,ERR,ERR,ERR,ERR,ERR,ERR,ERR,ERR,ERR,ERR,ERR,ERR,ERR,ERR,ERR,ERR,ERR,ERR,ERR,ERR,ERR,ERR,ERR,ERR,ERR,ERR,ERR,ERR,ERR,ERR,ERR,ERR,ERR,ERR,ERR,ERR,ERR,ERR,ERR,ERR,ERR,ERR,ERR,ERR,ERR,ERR,ERR,ERR,ERR,ERR,ERR,ERR,ERR,ERR,ERR,ERR,ERR,ERR,ERR,ERR,0.0,-0.0,0.0,0.0,0.0,1.3936040501711995e+18,7.805,0.0,0,0,4,0,7116,0.0,100,0.0,0.0,0.0,0.0,0.0,0,0,0,0,0.0,0,0,0,0,0,0,0,0,0,0,0,0,0,0,0,0,0,0,0,0,0,0,0,0,0,0,0,0,0,0,0,0,0,31,40,40,71,65476,0,300,0,0,8,21553,0.0,-107605600.0,0.0,0.0,0.0,0.0,0.0,0.0,0.0,0.0,0.0,0.0,0.0,0.0,0.0,0.0,0.0,0.0,0.0,0.0,0.0,0.0,-2.004,-2.004,0.0,-2.004,0.0,0.0,0.0,0.0,4449.0,0.0,6916.0,0.0,-0.0,0.0,-107615288.0,0.0,0.0,0.0,0.0,69,0.0,0.0,0.0,0.0,0.0,0.0,0.0,0.0,0.0,0,0,0,0.0,0.0,0.0,0.0,0.0,0.0,0.0,0.0,0.0,0.0,0.0,0.0,0.0,0.0,0.0,0.0,0,-107875648.0,69,0.0,138,0.0,-109183584.0,0,26215,17087,0,17105,26215,17084,0,0,0,70,68,100,-0.0,82.1,0.0,78.9,-107615472.0,79.0,1,49,50,180,0,26215,0,0,0.0,0.0,0.0,0.0,-0.0,67.0,0.0,162057.094,0.0,985,0,1017,0,0,0,957,0,1045,0,942,0,794,0,786,0,823,0,7520,0.032,2.524898095088995e+20,0.0,0.0,784,16797,-0.0,162057.094,-114818.039,-0.0,0.133,6.909358625270745e+28,30.0,70.0,35,0.0,0.0,0.0,0.0,0.0,0.0,0.0,0.0,0.0,0.0,0.0,0.0,0.0,0.0,0.0,0.0,66.0,0,150,71,52,65476,0,300,0,0,8,20529,65476,0,0,44564,70.0,0.0,0.0,0.0,0.0,0.0
2026-09-10T21:02:09,ERR,ERR,ERR,ERR,ERR,ERR,ERR,ERR,ERR,ERR,ERR,ERR,ERR,ERR,ERR,ERR,ERR,ERR,ERR,ERR,ERR,ERR,ERR,ERR,ERR,ERR,ERR,ERR,ERR,ERR,ERR,ERR,ERR,ERR,ERR,ERR,ERR,ERR,ERR,ERR,ERR,ERR,ERR,ERR,ERR,ERR,ERR,ERR,ERR,ERR,ERR,ERR,ERR,ERR,ERR,ERR,ERR,ERR,ERR,ERR,ERR,ERR,ERR,ERR,ERR,ERR,ERR,ERR,ERR,ERR,ERR,ERR,ERR,ERR,ERR,ERR,ERR,ERR,ERR,ERR,ERR,ERR,ERR,ERR,ERR,ERR,ERR,ERR,ERR,ERR,ERR,ERR,ERR,ERR,ERR,ERR,ERR,ERR,ERR,ERR,ERR,ERR,ERR,ERR,ERR,ERR,ERR,ERR,ERR,ERR,ERR,ERR,ERR,ERR,ERR,ERR,ERR,ERR,ERR,ERR,ERR,ERR,ERR,ERR,ERR,0.0,-0.0,0.0,0.0,0.0,1.3936040501711995e+18,7.805,0.0,0,0,4,0,7116,0.0,100,0.0,0.0,0.0,0.0,0.0,0,0,0,0,0.0,0,0,0,0,0,0,0,0,0,0,0,0,0,0,0,0,0,0,0,0,0,0,0,0,0,0,0,0,0,0,0,0,0,31,40,40,71,65476,0,300,0,0,8,21553,0.0,-107605600.0,0.0,0.0,0.0,0.0,0.0,0.0,0.0,0.0,0.0,0.0,0.0,0.0,0.0,0.0,0.0,0.0,0.0,0.0,0.0,0.0,-2.004,-2.004,0.0,-2.004,0.0,0.0,0.0,0.0,4449.0,0.0,6916.0,0.0,-0.0,0.0,-107615288.0,0.0,0.0,0.0,0.0,69,0.0,0.0,0.0,0.0,0.0,0.0,0.0,0.0,0.0,0,0,0,0.0,0.0,0.0,0.0,0.0,0.0,0.0,0.0,0.0,0.0,0.0,0.0,0.0,0.0,0.0,0.0,0,-107875648.0,69,0.0,138,0.0,-109183584.0,0,26215,17087,0,17105,26215,17084,0,0,0,70,68,100,-0.0,82.1,0.0,78.9,-107615472.0,79.0,1,49,50,180,0,26215,0,0,0.0,0.0,0.0,0.0,-0.0,67.0,0.0,162057.094,0.0,985,0,1017,0,0,0,957,0,1045,0,942,0,794,0,786,0,823,0,7520,0.032,2.524898095088995e+20,0.0,0.0,784,16797,-0.0,162057.094,-114818.039,-0.0,0.133,6.909358625270745e+28,30.0,70.0,35,0.0,0.0,0.0,0.0,0.0,0.0,0.0,0.0,0.0,0.0,0.0,0.0,0.0,0.0,0.0,0.0,66.0,0,150,71,52,65476,0,300,0,0,8,20529,65476,0,0,44564,70.0,0.0,0.0,0.0,0.0,0.0
2026-09-10T21:02:10,ERR,ERR,ERR,ERR,ERR,ERR,ERR,ERR,ERR,ERR,ERR,ERR,ERR,ERR,ERR,ERR,ERR,ERR,ERR,ERR,ERR,ERR,ERR,ERR,ERR,ERR,ERR,ERR,ERR,ERR,ERR,ERR,ERR,ERR,ERR,ERR,ERR,ERR,ERR,ERR,ERR,ERR,ERR,ERR,ERR,ERR,ERR,ERR,ERR,ERR,ERR,ERR,ERR,ERR,ERR,ERR,ERR,ERR,ERR,ERR,ERR,ERR,ERR,ERR,ERR,ERR,ERR,ERR,ERR,ERR,ERR,ERR,ERR,ERR,ERR,ERR,ERR,ERR,ERR,ERR,ERR,ERR,ERR,ERR,ERR,ERR,ERR,ERR,ERR,ERR,ERR,ERR,ERR,ERR,ERR,ERR,ERR,ERR,ERR,ERR,ERR,ERR,ERR,ERR,ERR,ERR,ERR,ERR,ERR,ERR,ERR,ERR,ERR,ERR,ERR,ERR,ERR,ERR,ERR,ERR,ERR,ERR,ERR,ERR,ERR,0.0,-0.0,0.0,0.0,0.0,1.3936040501711995e+18,7.805,0.0,0,0,4,0,7116,0.0,100,0.0,0.0,0.0,0.0,0.0,0,0,0,0,0.0,0,0,0,0,0,0,0,0,0,0,0,0,0,0,0,0,0,0,0,0,0,0,0,0,0,0,0,0,0,0,0,0,0,31,40,40,71,65476,0,300,0,0,8,21553,0.0,-107605600.0,0.0,0.0,0.0,0.0,0.0,0.0,0.0,0.0,0.0,0.0,0.0,0.0,0.0,0.0,0.0,0.0,0.0,0.0,0.0,0.0,-2.004,-2.004,0.0,-2.004,0.0,0.0,0.0,0.0,4449.0,0.0,6916.0,0.0,-0.0,0.0,-107615288.0,0.0,0.0,0.0,0.0,69,0.0,0.0,0.0,0.0,0.0,0.0,0.0,0.0,0.0,0,0,0,0.0,0.0,0.0,0.0,0.0,0.0,0.0,0.0,0.0,0.0,0.0,0.0,0.0,0.0,0.0,0.0,0,-107875648.0,69,0.0,138,0.0,-109183584.0,0,26215,17087,0,17105,26215,17084,0,0,0,70,68,100,-0.0,82.1,0.0,78.9,-107615472.0,79.0,1,49,50,180,0,26215,0,0,0.0,0.0,0.0,0.0,-0.0,67.0,0.0,162057.094,0.0,985,0,1017,0,0,0,957,0,1045,0,942,0,794,0,786,0,823,0,7520,0.032,2.524898095088995e+20,0.0,0.0,784,16797,-0.0,162057.094,-114818.039,-0.0,0.133,6.909358625270745e+28,30.0,70.0,35,0.0,0.0,0.0,0.0,0.0,0.0,0.0,0.0,0.0,0.0,0.0,0.0,0.0,0.0,0.0,0.0,66.0,0,150,71,52,65476,0,300,0,0,8,20529,65476,0,0,44564,70.0,0.0,0.0,0.0,0.0,0.0
2026-09-10T21:02:11,ERR,ERR,ERR,ERR,ERR,ERR,ERR,ERR,ERR,ERR,ERR,ERR,ERR,ERR,ERR,ERR,ERR,ERR,ERR,ERR,ERR,ERR,ERR,ERR,ERR,ERR,ERR,ERR,ERR,ERR,ERR,ERR,ERR,ERR,ERR,ERR,ERR,ERR,ERR,ERR,ERR,ERR,ERR,ERR,ERR,ERR,ERR,ERR,ERR,ERR,ERR,ERR,ERR,ERR,ERR,ERR,ERR,ERR,ERR,ERR,ERR,ERR,ERR,ERR,ERR,ERR,ERR,ERR,ERR,ERR,ERR,ERR,ERR,ERR,ERR,ERR,ERR,ERR,ERR,ERR,ERR,ERR,ERR,ERR,ERR,ERR,ERR,ERR,ERR,ERR,ERR,ERR,ERR,ERR,ERR,ERR,ERR,ERR,ERR,ERR,ERR,ERR,ERR,ERR,ERR,ERR,ERR,ERR,ERR,ERR,ERR,ERR,ERR,ERR,ERR,ERR,ERR,ERR,ERR,ERR,ERR,ERR,ERR,ERR,ERR,0.0,-0.0,0.0,0.0,0.0,1.3936040501711995e+18,7.805,0.0,0,0,4,0,7116,0.0,100,0.0,0.0,0.0,0.0,0.0,0,0,0,0,0.0,0,0,0,0,0,0,0,0,0,0,0,0,0,0,0,0,0,0,0,0,0,0,0,0,0,0,0,0,0,0,0,0,0,31,40,40,71,65476,0,300,0,0,8,21553,0.0,-107605600.0,0.0,0.0,0.0,0.0,0.0,0.0,0.0,0.0,0.0,0.0,0.0,0.0,0.0,0.0,0.0,0.0,0.0,0.0,0.0,0.0,-2.004,-2.004,0.0,-2.004,0.0,0.0,0.0,0.0,4449.0,0.0,6916.0,0.0,-0.0,0.0,-107615288.0,0.0,0.0,0.0,0.0,69,0.0,0.0,0.0,0.0,0.0,0.0,0.0,0.0,0.0,0,0,0,0.0,0.0,0.0,0.0,0.0,0.0,0.0,0.0,0.0,0.0,0.0,0.0,0.0,0.0,0.0,0.0,0,-107875648.0,69,0.0,138,0.0,-109183584.0,0,26215,17087,0,17105,26215,17084,0,0,0,70,68,100,-0.0,82.1,0.0,78.9,-107615472.0,79.0,1,49,50,180,0,26215,0,0,0.0,0.0,0.0,0.0,-0.0,67.0,0.0,162057.094,0.0,985,0,1017,0,0,0,957,0,1045,0,942,0,794,0,786,0,823,0,7520,0.032,2.524898095088995e+20,0.0,0.0,784,16797,-0.0,162057.094,-114818.039,-0.0,0.133,6.909358625270745e+28,30.0,70.0,35,0.0,0.0,0.0,0.0,0.0,0.0,0.0,0.0,0.0,0.0,0.0,0.0,0.0,0.0,0.0,0.0,66.0,0,150,71,52,65476,0,300,0,0,8,20529,65476,0,0,44564,70.0,0.0,0.0,0.0,0.0,0.0
2026-09-10T21:02:12,ERR,ERR,ERR,ERR,ERR,ERR,ERR,ERR,ERR,ERR,ERR,ERR,ERR,ERR,ERR,ERR,ERR,ERR,ERR,ERR,ERR,ERR,ERR,ERR,ERR,ERR,ERR,ERR,ERR,ERR,ERR,ERR,ERR,ERR,ERR,ERR,ERR,ERR,ERR,ERR,ERR,ERR,ERR,ERR,ERR,ERR,ERR,ERR,ERR,ERR,ERR,ERR,ERR,ERR,ERR,ERR,ERR,ERR,ERR,ERR,ERR,ERR,ERR,ERR,ERR,ERR,ERR,ERR,ERR,ERR,ERR,ERR,ERR,ERR,ERR,ERR,ERR,ERR,ERR,ERR,ERR,ERR,ERR,ERR,ERR,ERR,ERR,ERR,ERR,ERR,ERR,ERR,ERR,ERR,ERR,ERR,ERR,ERR,ERR,ERR,ERR,ERR,ERR,ERR,ERR,ERR,ERR,ERR,ERR,ERR,ERR,ERR,ERR,ERR,ERR,ERR,ERR,ERR,ERR,ERR,ERR,ERR,ERR,ERR,ERR,0.0,-0.0,0.0,0.0,0.0,1.3936040501711995e+18,7.805,0.0,0,0,4,0,7116,0.0,100,0.0,0.0,0.0,0.0,0.0,0,0,0,0,0.0,0,0,0,0,0,0,0,0,0,0,0,0,0,0,0,0,0,0,0,0,0,0,0,0,0,0,0,0,0,0,0,0,0,31,40,40,71,65476,0,300,0,0,8,21553,0.0,-107605600.0,0.0,0.0,0.0,0.0,0.0,0.0,0.0,0.0,0.0,0.0,0.0,0.0,0.0,0.0,0.0,0.0,0.0,0.0,0.0,0.0,-2.004,-2.004,0.0,-2.004,0.0,0.0,0.0,0.0,4449.0,0.0,6916.0,0.0,-0.0,0.0,-107615288.0,0.0,0.0,0.0,0.0,69,0.0,0.0,0.0,0.0,0.0,0.0,0.0,0.0,0.0,0,0,0,0.0,0.0,0.0,0.0,0.0,0.0,0.0,0.0,0.0,0.0,0.0,0.0,0.0,0.0,0.0,0.0,0,-107875648.0,69,0.0,138,0.0,-109183584.0,0,26215,17087,0,17105,26215,17084,0,0,0,70,68,100,-0.0,82.1,0.0,78.9,-107615472.0,79.0,1,49,50,180,0,26215,0,0,0.0,0.0,0.0,0.0,-0.0,67.0,0.0,162057.094,0.0,985,0,1017,0,0,0,957,0,1045,0,942,0,794,0,786,0,823,0,7520,0.032,2.524898095088995e+20,0.0,0.0,784,16797,-0.0,162057.094,-114818.039,-0.0,0.133,6.909358625270745e+28,30.0,70.0,35,0.0,0.0,0.0,0.0,0.0,0.0,0.0,0.0,0.0,0.0,0.0,0.0,0.0,0.0,0.0,0.0,66.0,0,150,71,52,65476,0,300,0,0,8,20529,65476,0,0,44564,70.0,0.0,0.0,0.0,0.0,0.0
2026-09-10T21:02:13,ERR,ERR,ERR,ERR,ERR,ERR,ERR,ERR,ERR,ERR,ERR,ERR,ERR,ERR,ERR,ERR,ERR,ERR,ERR,ERR,ERR,ERR,ERR,ERR,ERR,ERR,ERR,ERR,ERR,ERR,ERR,ERR,ERR,ERR,ERR,ERR,ERR,ERR,ERR,ERR,ERR,ERR,ERR,ERR,ERR,ERR,ERR,ERR,ERR,ERR,ERR,ERR,ERR,ERR,ERR,ERR,ERR,ERR,ERR,ERR,ERR,ERR,ERR,ERR,ERR,ERR,ERR,ERR,ERR,ERR,ERR,ERR,ERR,ERR,ERR,ERR,ERR,ERR,ERR,ERR,ERR,ERR,ERR,ERR,ERR,ERR,ERR,ERR,ERR,ERR,ERR,ERR,ERR,ERR,ERR,ERR,ERR,ERR,ERR,ERR,ERR,ERR,ERR,ERR,ERR,ERR,ERR,ERR,ERR,ERR,ERR,ERR,ERR,ERR,ERR,ERR,ERR,ERR,ERR,ERR,ERR,ERR,ERR,ERR,ERR,0.0,-0.0,0.0,0.0,0.0,1.3936040501711995e+18,7.805,0.0,0,0,4,0,7116,0.0,100,0.0,0.0,0.0,0.0,0.0,0,0,0,0,0.0,0,0,0,0,0,0,0,0,0,0,0,0,0,0,0,0,0,0,0,0,0,0,0,0,0,0,0,0,0,0,0,0,0,31,40,40,71,65476,0,300,0,0,8,21553,0.0,-107605600.0,0.0,0.0,0.0,0.0,0.0,0.0,0.0,0.0,0.0,0.0,0.0,0.0,0.0,0.0,0.0,0.0,0.0,0.0,0.0,0.0,-2.004,-2.004,0.0,-2.004,0.0,0.0,0.0,0.0,4449.0,0.0,6916.0,0.0,-0.0,0.0,-107615288.0,0.0,0.0,0.0,0.0,69,0.0,0.0,0.0,0.0,0.0,0.0,0.0,0.0,0.0,0,0,0,0.0,0.0,0.0,0.0,0.0,0.0,0.0,0.0,0.0,0.0,0.0,0.0,0.0,0.0,0.0,0.0,0,-107875648.0,69,0.0,138,0.0,-109183584.0,0,26215,17087,0,17105,26215,17084,0,0,0,70,68,100,-0.0,82.1,0.0,78.9,-107615472.0,79.0,1,49,50,180,0,26215,0,0,0.0,0.0,0.0,0.0,-0.0,67.0,0.0,162057.094,0.0,985,0,1017,0,0,0,957,0,1045,0,942,0,794,0,786,0,823,0,7520,0.032,2.524898095088995e+20,0.0,0.0,784,16797,-0.0,162057.094,-114818.039,-0.0,0.133,6.909358625270745e+28,30.0,70.0,35,0.0,0.0,0.0,0.0,0.0,0.0,0.0,0.0,0.0,0.0,0.0,0.0,0.0,0.0,0.0,0.0,66.0,0,150,71,52,65476,0,300,0,0,8,20529,65476,0,0,44564,70.0,0.0,0.0,0.0,0.0,0.0
2026-09-10T21:02:14,ERR,ERR,ERR,ERR,ERR,ERR,ERR,ERR,ERR,ERR,ERR,ERR,ERR,ERR,ERR,ERR,ERR,ERR,ERR,ERR,ERR,ERR,ERR,ERR,ERR,ERR,ERR,ERR,ERR,ERR,ERR,ERR,ERR,ERR,ERR,ERR,ERR,ERR,ERR,ERR,ERR,ERR,ERR,ERR,ERR,ERR,ERR,ERR,ERR,ERR,ERR,ERR,ERR,ERR,ERR,ERR,ERR,ERR,ERR,ERR,ERR,ERR,ERR,ERR,ERR,ERR,ERR,ERR,ERR,ERR,ERR,ERR,ERR,ERR,ERR,ERR,ERR,ERR,ERR,ERR,ERR,ERR,ERR,ERR,ERR,ERR,ERR,ERR,ERR,ERR,ERR,ERR,ERR,ERR,ERR,ERR,ERR,ERR,ERR,ERR,ERR,ERR,ERR,ERR,ERR,ERR,ERR,ERR,ERR,ERR,ERR,ERR,ERR,ERR,ERR,ERR,ERR,ERR,ERR,ERR,ERR,ERR,ERR,ERR,ERR,0.0,-0.0,0.0,0.0,0.0,1.3936040501711995e+18,7.805,0.0,0,0,4,0,7116,0.0,100,0.0,0.0,0.0,0.0,0.0,0,0,0,0,0.0,0,0,0,0,0,0,0,0,0,0,0,0,0,0,0,0,0,0,0,0,0,0,0,0,0,0,0,0,0,0,0,0,0,31,40,40,71,65476,0,300,0,0,8,21553,0.0,-107605600.0,0.0,0.0,0.0,0.0,0.0,0.0,0.0,0.0,0.0,0.0,0.0,0.0,0.0,0.0,0.0,0.0,0.0,0.0,0.0,0.0,-2.004,-2.004,0.0,-2.004,0.0,0.0,0.0,0.0,4449.0,0.0,6916.0,0.0,-0.0,0.0,-107615288.0,0.0,0.0,0.0,0.0,69,0.0,0.0,0.0,0.0,0.0,0.0,0.0,0.0,0.0,0,0,0,0.0,0.0,0.0,0.0,0.0,0.0,0.0,0.0,0.0,0.0,0.0,0.0,0.0,0.0,0.0,0.0,0,-107875648.0,69,0.0,138,0.0,-109183584.0,0,26215,17087,0,17105,26215,17084,0,0,0,70,68,100,-0.0,82.1,0.0,78.9,-107615472.0,79.0,1,49,50,180,0,26215,0,0,0.0,0.0,0.0,0.0,-0.0,67.0,0.0,162057.094,0.0,985,0,1017,0,0,0,958,0,1045,0,942,0,794,0,786,0,823,0,7520,0.032,2.5133688800429264e+20,0.0,0.0,784,16797,-0.0,162057.094,-114818.039,-0.0,0.133,6.909358625270745e+28,30.0,70.0,35,0.0,0.0,0.0,0.0,0.0,0.0,0.0,0.0,0.0,0.0,0.0,0.0,0.0,0.0,0.0,0.0,66.4,0,150,71,52,65476,0,300,0,0,8,20529,65476,0,0,44564,70.0,0.0,0.0,0.0,0.0,0.0
2026-09-10T21:02:15,ERR,ERR,ERR,ERR,ERR,ERR,ERR,ERR,ERR,ERR,ERR,ERR,ERR,ERR,ERR,ERR,ERR,ERR,ERR,ERR,ERR,ERR,ERR,ERR,ERR,ERR,ERR,ERR,ERR,ERR,ERR,ERR,ERR,ERR,ERR,ERR,ERR,ERR,ERR,ERR,ERR,ERR,ERR,ERR,ERR,ERR,ERR,ERR,ERR,ERR,ERR,ERR,ERR,ERR,ERR,ERR,ERR,ERR,ERR,ERR,ERR,ERR,ERR,ERR,ERR,ERR,ERR,ERR,ERR,ERR,ERR,ERR,ERR,ERR,ERR,ERR,ERR,ERR,ERR,ERR,ERR,ERR,ERR,ERR,ERR,ERR,ERR,ERR,ERR,ERR,ERR,ERR,ERR,ERR,ERR,ERR,ERR,ERR,ERR,ERR,ERR,ERR,ERR,ERR,ERR,ERR,ERR,ERR,ERR,ERR,ERR,ERR,ERR,ERR,ERR,ERR,ERR,ERR,ERR,ERR,ERR,ERR,ERR,ERR,ERR,-107615312.0,-0.0,-0.0,0.0,0.0,1.3936040501711995e+18,7.805,0.0,0,0,4,0,7116,0.0,100,0.0,0.0,0.0,0.0,0.0,0,0,0,0,0.0,0,0,0,0,0,0,0,0,0,0,0,0,0,0,0,0,0,0,0,0,0,0,0,0,0,0,0,0,0,0,0,0,0,31,40,40,71,65476,0,300,0,0,8,21553,0.0,-107605600.0,0.0,0.0,0.0,0.0,0.0,0.0,0.0,0.0,0.0,0.0,0.0,0.0,0.0,0.0,0.0,0.0,0.0,0.0,0.0,0.0,-0.0,-2.004,0.0,-2.004,0.0,0.0,0.0,0.0,4477.0,0.0,6914.0,0.0,-0.0,0.0,-107615288.0,0.0,0.0,0.0,0.0,69,0.0,0.0,0.0,0.0,0.0,0.0,0.0,0.0,0.0,0,0,0,0.0,0.0,0.0,0.0,0.0,0.0,0.0,0.0,0.0,0.0,0.0,0.0,0.0,0.0,0.0,0.0,0,-107875648.0,69,0.0,138,0.0,-109183584.0,0,26215,17087,0,17105,26215,17084,0,0,0,70,68,100,-0.0,82.1,0.0,78.9,-107615472.0,79.0,1,49,50,180,0,26215,0,0,0.0,0.0,0.0,0.0,-0.0,67.0,0.0,162057.094,0.0,985,0,1017,0,0,0,958,0,1045,0,942,0,794,0,786,0,823,0,7520,0.032,2.5133688800429264e+20,0.0,0.0,784,16797,-0.0,162057.094,-114818.039,-0.0,0.133,6.909358625270745e+28,30.0,70.0,35,0.0,0.0,0.0,0.0,0.0,0.0,0.0,0.0,0.0,0.0,0.0,0.0,0.0,0.0,0.0,0.0,66.4,0,150,71,52,65476,0,300,0,0,8,20529,65476,0,0,44564,70.0,0.0,0.0,0.0,0.0,0.0
2026-09-10T21:02:16,ERR,ERR,ERR,ERR,ERR,ERR,ERR,ERR,ERR,ERR,ERR,ERR,ERR,ERR,ERR,ERR,ERR,ERR,ERR,ERR,ERR,ERR,ERR,ERR,ERR,ERR,ERR,ERR,ERR,ERR,ERR,ERR,ERR,ERR,ERR,ERR,ERR,ERR,ERR,ERR,ERR,ERR,ERR,ERR,ERR,ERR,ERR,ERR,ERR,ERR,ERR,ERR,ERR,ERR,ERR,ERR,ERR,ERR,ERR,ERR,ERR,ERR,ERR,ERR,ERR,ERR,ERR,ERR,ERR,ERR,ERR,ERR,ERR,ERR,ERR,ERR,ERR,ERR,ERR,ERR,ERR,ERR,ERR,ERR,ERR,ERR,ERR,ERR,ERR,ERR,ERR,ERR,ERR,ERR,ERR,ERR,ERR,ERR,ERR,ERR,ERR,ERR,ERR,ERR,ERR,ERR,ERR,ERR,ERR,ERR,ERR,ERR,ERR,ERR,ERR,ERR,ERR,ERR,ERR,ERR,ERR,ERR,ERR,ERR,ERR,-107615312.0,-0.0,-0.0,0.0,0.0,1.3936040501711995e+18,7.805,0.0,0,0,4,0,7116,0.0,100,0.0,0.0,0.0,0.0,0.0,0,0,0,0,0.0,0,0,0,0,0,0,0,0,0,0,0,0,0,0,0,0,0,0,0,0,0,0,0,0,0,0,0,0,0,0,0,0,0,31,40,40,71,65476,0,300,0,0,8,21553,0.0,-107605600.0,0.0,0.0,0.0,0.0,0.0,0.0,0.0,0.0,0.0,0.0,0.0,0.0,0.0,0.0,0.0,0.0,0.0,0.0,0.0,0.0,-0.0,-2.004,0.0,-2.004,0.0,0.0,0.0,0.0,4477.0,0.0,6914.0,0.0,-0.0,0.0,-107615288.0,0.0,0.0,0.0,0.0,69,0.0,0.0,0.0,0.0,0.0,0.0,0.0,0.0,0.0,0,0,0,0.0,0.0,0.0,0.0,0.0,0.0,0.0,0.0,0.0,0.0,0.0,0.0,0.0,0.0,0.0,0.0,0,-107875648.0,69,0.0,138,0.0,-109183584.0,0,26215,17087,0,17105,26215,17084,0,0,0,70,68,100,-0.0,82.1,0.0,78.9,-107615472.0,79.0,1,49,50,180,0,26215,0,0,0.0,0.0,0.0,0.0,-0.0,67.0,0.0,162057.094,0.0,985,0,1017,0,0,0,958,0,1045,0,942,0,794,0,786,0,823,0,7520,0.032,2.5133688800429264e+20,0.0,0.0,784,16797,-0.0,162057.094,-114818.039,-0.0,0.133,6.909358625270745e+28,30.0,70.0,35,0.0,0.0,0.0,0.0,0.0,0.0,0.0,0.0,0.0,0.0,0.0,0.0,0.0,0.0,0.0,0.0,66.4,0,150,71,52,65476,0,300,0,0,8,20529,65476,0,0,44564,70.0,0.0,0.0,0.0,0.0,0.0
2026-09-10T21:02:17,ERR,ERR,ERR,ERR,ERR,ERR,ERR,ERR,ERR,ERR,ERR,ERR,ERR,ERR,ERR,ERR,ERR,ERR,ERR,ERR,ERR,ERR,ERR,ERR,ERR,ERR,ERR,ERR,ERR,ERR,ERR,ERR,ERR,ERR,ERR,ERR,ERR,ERR,ERR,ERR,ERR,ERR,ERR,ERR,ERR,ERR,ERR,ERR,ERR,ERR,ERR,ERR,ERR,ERR,ERR,ERR,ERR,ERR,ERR,ERR,ERR,ERR,ERR,ERR,ERR,ERR,ERR,ERR,ERR,ERR,ERR,ERR,ERR,ERR,ERR,ERR,ERR,ERR,ERR,ERR,ERR,ERR,ERR,ERR,ERR,ERR,ERR,ERR,ERR,ERR,ERR,ERR,ERR,ERR,ERR,ERR,ERR,ERR,ERR,ERR,ERR,ERR,ERR,ERR,ERR,ERR,ERR,ERR,ERR,ERR,ERR,ERR,ERR,ERR,ERR,ERR,ERR,ERR,ERR,ERR,ERR,ERR,ERR,ERR,ERR,-107615312.0,-0.0,-0.0,0.0,0.0,1.3936040501711995e+18,7.805,0.0,0,0,4,0,7116,0.0,100,0.0,0.0,0.0,0.0,0.0,0,0,0,0,0.0,0,0,0,0,0,0,0,0,0,0,0,0,0,0,0,0,0,0,0,0,0,0,0,0,0,0,0,0,0,0,0,0,0,31,40,40,71,65476,0,300,0,0,8,21553,0.0,-107605600.0,0.0,0.0,0.0,0.0,0.0,0.0,0.0,0.0,0.0,0.0,0.0,0.0,0.0,0.0,0.0,0.0,0.0,0.0,0.0,0.0,-0.0,-2.004,0.0,-2.004,0.0,0.0,0.0,0.0,4477.0,0.0,6914.0,0.0,-0.0,0.0,-107615288.0,0.0,0.0,0.0,0.0,69,0.0,0.0,0.0,0.0,0.0,0.0,0.0,0.0,0.0,0,0,0,0.0,0.0,0.0,0.0,0.0,0.0,0.0,0.0,0.0,0.0,0.0,0.0,0.0,0.0,0.0,0.0,0,-107875648.0,69,0.0,138,0.0,-109183584.0,0,26215,17087,0,17105,26215,17084,0,0,0,70,68,100,-0.0,82.1,0.0,78.9,-107615472.0,79.0,1,49,50,180,0,26215,0,0,0.0,0.0,0.0,0.0,-0.0,67.0,0.0,162057.094,0.0,985,0,1017,0,0,0,958,0,1045,0,942,0,794,0,786,0,823,0,7520,0.032,2.5133688800429264e+20,0.0,0.0,784,16797,-0.0,162057.094,-114818.039,-0.0,0.133,6.909358625270745e+28,30.0,70.0,35,0.0,0.0,0.0,0.0,0.0,0.0,0.0,0.0,0.0,0.0,0.0,0.0,0.0,0.0,0.0,0.0,66.0,0,150,71,52,65476,0,300,0,0,8,20529,65476,0,0,44564,70.0,0.0,0.0,0.0,0.0,0.0
2026-09-10T21:02:18,ERR,ERR,ERR,ERR,ERR,ERR,ERR,ERR,ERR,ERR,ERR,ERR,ERR,ERR,ERR,ERR,ERR,ERR,ERR,ERR,ERR,ERR,ERR,ERR,ERR,ERR,ERR,ERR,ERR,ERR,ERR,ERR,ERR,ERR,ERR,ERR,ERR,ERR,ERR,ERR,ERR,ERR,ERR,ERR,ERR,ERR,ERR,ERR,ERR,ERR,ERR,ERR,ERR,ERR,ERR,ERR,ERR,ERR,ERR,ERR,ERR,ERR,ERR,ERR,ERR,ERR,ERR,ERR,ERR,ERR,ERR,ERR,ERR,ERR,ERR,ERR,ERR,ERR,ERR,ERR,ERR,ERR,ERR,ERR,ERR,ERR,ERR,ERR,ERR,ERR,ERR,ERR,ERR,ERR,ERR,ERR,ERR,ERR,ERR,ERR,ERR,ERR,ERR,ERR,ERR,ERR,ERR,ERR,ERR,ERR,ERR,ERR,ERR,ERR,ERR,ERR,ERR,ERR,ERR,ERR,ERR,ERR,ERR,ERR,ERR,-107615312.0,-0.0,-0.0,0.0,0.0,1.3936040501711995e+18,7.805,0.0,0,0,4,0,7116,0.0,100,0.0,0.0,0.0,0.0,0.0,0,0,0,0,0.0,0,0,0,0,0,0,0,0,0,0,0,0,0,0,0,0,0,0,0,0,0,0,0,0,0,0,0,0,0,0,0,0,0,31,40,40,71,65476,0,300,0,0,8,21553,0.0,-107605600.0,0.0,0.0,0.0,0.0,0.0,0.0,0.0,0.0,0.0,0.0,0.0,0.0,0.0,0.0,0.0,0.0,0.0,0.0,0.0,0.0,-0.0,-2.004,0.0,-2.004,0.0,0.0,0.0,0.0,4477.0,0.0,6914.0,0.0,-0.0,0.0,-107615288.0,0.0,0.0,0.0,0.0,69,0.0,0.0,0.0,0.0,0.0,0.0,0.0,0.0,0.0,0,0,0,0.0,0.0,0.0,0.0,0.0,0.0,0.0,0.0,0.0,0.0,0.0,0.0,0.0,0.0,0.0,0.0,0,-107875648.0,69,0.0,138,0.0,-109183584.0,0,26215,17087,0,17105,26215,17084,0,0,0,70,68,100,-0.0,82.1,0.0,78.9,-107615472.0,79.0,1,49,50,180,0,26215,0,0,0.0,0.0,0.0,0.0,-0.0,67.0,0.0,162057.094,0.0,985,0,1017,0,0,0,958,0,1045,0,942,0,794,0,786,0,823,0,7520,0.032,2.5133688800429264e+20,0.0,0.0,784,16797,-0.0,162057.094,-114818.039,-0.0,0.133,6.909358625270745e+28,30.0,70.0,35,0.0,0.0,0.0,0.0,0.0,0.0,0.0,0.0,0.0,0.0,0.0,0.0,0.0,0.0,0.0,0.0,66.0,0,150,71,52,65476,0,300,0,0,8,20529,65476,0,0,44564,70.0,0.0,0.0,0.0,0.0,0.0
2026-09-10T21:02:19,ERR,ERR,ERR,ERR,ERR,ERR,ERR,ERR,ERR,ERR,ERR,ERR,ERR,ERR,ERR,ERR,ERR,ERR,ERR,ERR,ERR,ERR,ERR,ERR,ERR,ERR,ERR,ERR,ERR,ERR,ERR,ERR,ERR,ERR,ERR,ERR,ERR,ERR,ERR,ERR,ERR,ERR,ERR,ERR,ERR,ERR,ERR,ERR,ERR,ERR,ERR,ERR,ERR,ERR,ERR,ERR,ERR,ERR,ERR,ERR,ERR,ERR,ERR,ERR,ERR,ERR,ERR,ERR,ERR,ERR,ERR,ERR,ERR,ERR,ERR,ERR,ERR,ERR,ERR,ERR,ERR,ERR,ERR,ERR,ERR,ERR,ERR,ERR,ERR,ERR,ERR,ERR,ERR,ERR,ERR,ERR,ERR,ERR,ERR,ERR,ERR,ERR,ERR,ERR,ERR,ERR,ERR,ERR,ERR,ERR,ERR,ERR,ERR,ERR,ERR,ERR,ERR,ERR,ERR,ERR,ERR,ERR,ERR,ERR,ERR,-107615312.0,-0.0,-0.0,0.0,0.0,1.3936040501711995e+18,7.805,0.0,0,0,4,0,7116,0.0,100,0.0,0.0,0.0,0.0,0.0,0,0,0,0,0.0,0,0,0,0,0,0,0,0,0,0,0,0,0,0,0,0,0,0,0,0,0,0,0,0,0,0,0,0,0,0,0,0,0,31,40,40,71,65476,0,300,0,0,8,21553,0.0,-107605600.0,0.0,0.0,0.0,0.0,0.0,0.0,0.0,0.0,0.0,0.0,0.0,0.0,0.0,0.0,0.0,0.0,0.0,0.0,0.0,0.0,-0.0,-2.004,0.0,-2.004,0.0,0.0,0.0,0.0,4477.0,0.0,6914.0,0.0,-0.0,0.0,-107615288.0,0.0,0.0,0.0,0.0,69,0.0,0.0,0.0,0.0,0.0,0.0,0.0,0.0,0.0,0,0,0,0.0,0.0,0.0,0.0,0.0,0.0,0.0,0.0,0.0,0.0,0.0,0.0,0.0,0.0,0.0,0.0,0,-107875648.0,69,0.0,138,0.0,-109183584.0,0,26215,17087,0,17105,26215,17084,0,0,0,70,68,100,-0.0,82.1,0.0,78.9,-107615472.0,79.0,1,49,50,180,0,26215,0,0,0.0,0.0,0.0,0.0,-0.0,67.0,0.0,162057.094,0.0,985,0,1017,0,0,0,958,0,1045,0,942,0,794,0,786,0,823,0,7520,0.032,2.5133688800429264e+20,0.0,0.0,784,16797,-0.0,162057.094,-114818.039,-0.0,0.133,6.909358625270745e+28,30.0,70.0,35,0.0,0.0,0.0,0.0,0.0,0.0,0.0,0.0,0.0,0.0,0.0,0.0,0.0,0.0,0.0,0.0,66.4,0,150,71,52,65476,0,300,0,0,8,20529,65476,0,0,44564,70.0,0.0,0.0,0.0,0.0,0.0
2026-09-10T21:02:20,ERR,ERR,ERR,ERR,ERR,ERR,ERR,ERR,ERR,ERR,ERR,ERR,ERR,ERR,ERR,ERR,ERR,ERR,ERR,ERR,ERR,ERR,ERR,ERR,ERR,ERR,ERR,ERR,ERR,ERR,ERR,ERR,ERR,ERR,ERR,ERR,ERR,ERR,ERR,ERR,ERR,ERR,ERR,ERR,ERR,ERR,ERR,ERR,ERR,ERR,ERR,ERR,ERR,ERR,ERR,ERR,ERR,ERR,ERR,ERR,ERR,ERR,ERR,ERR,ERR,ERR,ERR,ERR,ERR,ERR,ERR,ERR,ERR,ERR,ERR,ERR,ERR,ERR,ERR,ERR,ERR,ERR,ERR,ERR,ERR,ERR,ERR,ERR,ERR,ERR,ERR,ERR,ERR,ERR,ERR,ERR,ERR,ERR,ERR,ERR,ERR,ERR,ERR,ERR,ERR,ERR,ERR,ERR,ERR,ERR,ERR,ERR,ERR,ERR,ERR,ERR,ERR,ERR,ERR,ERR,ERR,ERR,ERR,ERR,ERR,-107615312.0,-0.0,-0.0,0.0,0.0,1.3936040501711995e+18,7.805,0.0,0,0,4,0,7116,0.0,100,0.0,0.0,0.0,0.0,0.0,0,0,0,0,0.0,0,0,0,0,0,0,0,0,0,0,0,0,0,0,0,0,0,0,0,0,0,0,0,0,0,0,0,0,0,0,0,0,0,31,40,40,71,65476,0,300,0,0,8,21553,0.0,-107605600.0,0.0,0.0,0.0,0.0,0.0,0.0,0.0,0.0,0.0,0.0,0.0,0.0,0.0,0.0,0.0,0.0,0.0,0.0,0.0,0.0,-0.0,-2.004,0.0,-2.004,0.0,0.0,0.0,0.0,4477.0,0.0,6914.0,0.0,-0.0,0.0,-107615288.0,0.0,0.0,0.0,0.0,69,0.0,0.0,0.0,0.0,0.0,0.0,0.0,0.0,0.0,0,0,0,0.0,0.0,0.0,0.0,0.0,0.0,0.0,0.0,0.0,0.0,0.0,0.0,0.0,0.0,0.0,0.0,0,-107875648.0,69,0.0,138,0.0,-109183584.0,0,26215,17087,0,17105,26215,17084,0,0,0,70,68,100,-0.0,82.1,0.0,78.9,-107615472.0,79.0,1,49,50,180,0,26215,0,0,0.0,0.0,0.0,0.0,-0.0,67.0,0.0,162057.094,0.0,985,0,1017,0,0,0,957,0,1045,0,942,0,793,0,786,0,823,0,7520,0.032,2.5133688800429264e+20,0.0,0.0,784,16797,-0.0,162057.094,-114818.039,-0.0,0.133,6.909358625270745e+28,30.0,70.0,35,0.0,0.0,0.0,0.0,0.0,0.0,0.0,0.0,0.0,0.0,0.0,0.0,0.0,0.0,0.0,0.0,66.4,0,150,71,52,65476,0,300,0,0,8,20529,65476,0,0,44564,70.0,0.0,0.0,0.0,0.0,0.0
2026-09-10T21:02:21,ERR,ERR,ERR,ERR,ERR,ERR,ERR,ERR,ERR,ERR,ERR,ERR,ERR,ERR,ERR,ERR,ERR,ERR,ERR,ERR,ERR,ERR,ERR,ERR,ERR,ERR,ERR,ERR,ERR,ERR,ERR,ERR,ERR,ERR,ERR,ERR,ERR,ERR,ERR,ERR,ERR,ERR,ERR,ERR,ERR,ERR,ERR,ERR,ERR,ERR,ERR,ERR,ERR,ERR,ERR,ERR,ERR,ERR,ERR,ERR,ERR,ERR,ERR,ERR,ERR,ERR,ERR,ERR,ERR,ERR,ERR,ERR,ERR,ERR,ERR,ERR,ERR,ERR,ERR,ERR,ERR,ERR,ERR,ERR,ERR,ERR,ERR,ERR,ERR,ERR,ERR,ERR,ERR,ERR,ERR,ERR,ERR,ERR,ERR,ERR,ERR,ERR,ERR,ERR,ERR,ERR,ERR,ERR,ERR,ERR,ERR,ERR,ERR,ERR,ERR,ERR,ERR,ERR,ERR,ERR,ERR,ERR,ERR,ERR,ERR,-107615312.0,-0.0,-0.0,0.0,0.0,1.3936040501711995e+18,7.805,0.0,0,0,4,0,7116,0.0,100,0.0,0.0,0.0,0.0,0.0,0,0,0,0,0.0,0,0,0,0,0,0,0,0,0,0,0,0,0,0,0,0,0,0,0,0,0,0,0,0,0,0,0,0,0,0,0,0,0,31,40,40,71,65476,0,300,0,0,8,21553,0.0,-107605600.0,0.0,0.0,0.0,0.0,0.0,0.0,0.0,0.0,0.0,0.0,0.0,0.0,0.0,0.0,0.0,0.0,0.0,0.0,0.0,0.0,-0.0,-2.004,0.0,-2.004,0.0,0.0,0.0,0.0,4477.0,0.0,6914.0,0.0,-0.0,0.0,-107615288.0,0.0,0.0,0.0,0.0,69,0.0,0.0,0.0,0.0,0.0,0.0,0.0,0.0,0.0,0,0,0,0.0,0.0,0.0,0.0,0.0,0.0,0.0,0.0,0.0,0.0,0.0,0.0,0.0,0.0,0.0,0.0,0,-107875648.0,69,0.0,138,0.0,-109183584.0,0,26215,17087,0,17105,26215,17084,0,0,0,70,68,100,-0.0,82.1,0.0,78.9,-107615472.0,79.0,1,49,50,180,0,26215,0,0,0.0,0.0,0.0,0.0,-0.0,67.0,0.0,162057.094,0.0,985,0,1017,0,0,0,957,0,1045,0,942,0,793,0,786,0,823,0,7520,0.032,2.5133688800429264e+20,0.0,0.0,784,16797,-0.0,162057.094,-114818.039,-0.0,0.133,6.909358625270745e+28,30.0,70.0,35,0.0,0.0,0.0,0.0,0.0,0.0,0.0,0.0,0.0,0.0,0.0,0.0,0.0,0.0,0.0,0.0,66.4,0,150,71,52,65476,0,300,0,0,8,20529,65476,0,0,44564,70.0,0.0,0.0,0.0,0.0,0.0
2026-09-10T21:02:22,ERR,ERR,ERR,ERR,ERR,ERR,ERR,ERR,ERR,ERR,ERR,ERR,ERR,ERR,ERR,ERR,ERR,ERR,ERR,ERR,ERR,ERR,ERR,ERR,ERR,ERR,ERR,ERR,ERR,ERR,ERR,ERR,ERR,ERR,ERR,ERR,ERR,ERR,ERR,ERR,ERR,ERR,ERR,ERR,ERR,ERR,ERR,ERR,ERR,ERR,ERR,ERR,ERR,ERR,ERR,ERR,ERR,ERR,ERR,ERR,ERR,ERR,ERR,ERR,ERR,ERR,ERR,ERR,ERR,ERR,ERR,ERR,ERR,ERR,ERR,ERR,ERR,ERR,ERR,ERR,ERR,ERR,ERR,ERR,ERR,ERR,ERR,ERR,ERR,ERR,ERR,ERR,ERR,ERR,ERR,ERR,ERR,ERR,ERR,ERR,ERR,ERR,ERR,ERR,ERR,ERR,ERR,ERR,ERR,ERR,ERR,ERR,ERR,ERR,ERR,ERR,ERR,ERR,ERR,ERR,ERR,ERR,ERR,ERR,ERR,-107615312.0,-0.0,-0.0,0.0,0.0,1.3936040501711995e+18,7.805,0.0,0,0,4,0,7116,0.0,100,0.0,0.0,0.0,0.0,0.0,0,0,0,0,0.0,0,0,0,0,0,0,0,0,0,0,0,0,0,0,0,0,0,0,0,0,0,0,0,0,0,0,0,0,0,0,0,0,0,31,40,40,71,65476,0,300,0,0,8,21553,0.0,-107605600.0,0.0,0.0,0.0,0.0,0.0,0.0,0.0,0.0,0.0,0.0,0.0,0.0,0.0,0.0,0.0,0.0,0.0,0.0,0.0,0.0,-0.0,-2.004,0.0,-2.004,0.0,0.0,0.0,0.0,4477.0,0.0,6914.0,0.0,-0.0,0.0,-107615288.0,0.0,0.0,0.0,0.0,69,0.0,0.0,0.0,0.0,0.0,0.0,0.0,0.0,0.0,0,0,0,0.0,0.0,0.0,0.0,0.0,0.0,0.0,0.0,0.0,0.0,0.0,0.0,0.0,0.0,0.0,0.0,0,-107875648.0,69,0.0,138,0.0,-109183584.0,0,26215,17087,0,17105,26215,17084,0,0,0,70,68,100,-0.0,82.1,0.0,78.9,-107615472.0,79.0,1,49,50,180,0,26215,0,0,0.0,0.0,0.0,0.0,-0.0,67.0,0.0,162057.094,0.0,985,0,1017,0,0,0,957,0,1045,0,942,0,793,0,786,0,823,0,7520,0.032,2.5133688800429264e+20,0.0,0.0,784,16797,-0.0,162057.094,-114818.039,-0.0,0.133,6.909358625270745e+28,30.0,70.0,35,0.0,0.0,0.0,0.0,0.0,0.0,0.0,0.0,0.0,0.0,0.0,0.0,0.0,0.0,0.0,0.0,66.0,0,150,71,52,65476,0,300,0,0,8,20529,65476,0,0,44564,70.0,0.0,0.0,0.0,0.0,0.0
2026-09-10T21:02:23,ERR,ERR,ERR,ERR,ERR,ERR,ERR,ERR,ERR,ERR,ERR,ERR,ERR,ERR,ERR,ERR,ERR,ERR,ERR,ERR,ERR,ERR,ERR,ERR,ERR,ERR,ERR,ERR,ERR,ERR,ERR,ERR,ERR,ERR,ERR,ERR,ERR,ERR,ERR,ERR,ERR,ERR,ERR,ERR,ERR,ERR,ERR,ERR,ERR,ERR,ERR,ERR,ERR,ERR,ERR,ERR,ERR,ERR,ERR,ERR,ERR,ERR,ERR,ERR,ERR,ERR,ERR,ERR,ERR,ERR,ERR,ERR,ERR,ERR,ERR,ERR,ERR,ERR,ERR,ERR,ERR,ERR,ERR,ERR,ERR,ERR,ERR,ERR,ERR,ERR,ERR,ERR,ERR,ERR,ERR,ERR,ERR,ERR,ERR,ERR,ERR,ERR,ERR,ERR,ERR,ERR,ERR,ERR,ERR,ERR,ERR,ERR,ERR,ERR,ERR,ERR,ERR,ERR,ERR,ERR,ERR,ERR,ERR,ERR,ERR,0.0,-0.0,0.0,0.0,0.0,1.3936040501711995e+18,7.805,0.0,0,0,4,0,7116,0.0,100,0.0,0.0,0.0,0.0,0.0,0,0,0,0,0.0,0,0,0,0,0,0,0,0,0,0,0,0,0,0,0,0,0,0,0,0,0,0,0,0,0,0,0,0,0,0,0,0,0,31,40,40,71,65476,0,300,0,0,8,21553,0.0,-107605600.0,0.0,0.0,0.0,0.0,0.0,0.0,0.0,0.0,0.0,0.0,0.0,0.0,0.0,0.0,0.0,0.0,0.0,0.0,0.0,0.0,-0.0,-2.004,0.0,-2.004,0.0,0.0,0.0,0.0,4477.0,0.0,6916.0,0.0,-0.0,0.0,-107615288.0,0.0,0.0,0.0,0.0,69,0.0,0.0,0.0,0.0,0.0,0.0,0.0,0.0,0.0,0,0,0,0.0,0.0,0.0,0.0,0.0,0.0,0.0,0.0,0.0,0.0,0.0,0.0,0.0,0.0,0.0,0.0,0,-107875648.0,69,0.0,138,0.0,-109183584.0,0,26215,17087,0,17105,26215,17084,0,0,0,70,68,100,-0.0,82.1,0.0,78.9,-107615472.0,79.0,1,49,50,180,0,26215,0,0,0.0,0.0,0.0,0.0,-0.0,67.0,0.0,162057.094,0.0,985,0,1017,0,0,0,957,0,1045,0,942,0,793,0,786,0,823,0,7520,0.032,2.5133688800429264e+20,0.0,0.0,784,16797,-0.0,162057.094,-114818.039,-0.0,0.133,6.909358625270745e+28,30.0,70.0,35,0.0,0.0,0.0,0.0,0.0,0.0,0.0,0.0,0.0,0.0,0.0,0.0,0.0,0.0,0.0,0.0,66.0,0,150,71,52,65476,0,300,0,0,8,20529,65476,0,0,44564,70.0,0.0,0.0,0.0,0.0,0.0
2026-09-10T21:02:24,ERR,ERR,ERR,ERR,ERR,ERR,ERR,ERR,ERR,ERR,ERR,ERR,ERR,ERR,ERR,ERR,ERR,ERR,ERR,ERR,ERR,ERR,ERR,ERR,ERR,ERR,ERR,ERR,ERR,ERR,ERR,ERR,ERR,ERR,ERR,ERR,ERR,ERR,ERR,ERR,ERR,ERR,ERR,ERR,ERR,ERR,ERR,ERR,ERR,ERR,ERR,ERR,ERR,ERR,ERR,ERR,ERR,ERR,ERR,ERR,ERR,ERR,ERR,ERR,ERR,ERR,ERR,ERR,ERR,ERR,ERR,ERR,ERR,ERR,ERR,ERR,ERR,ERR,ERR,ERR,ERR,ERR,ERR,ERR,ERR,ERR,ERR,ERR,ERR,ERR,ERR,ERR,ERR,ERR,ERR,ERR,ERR,ERR,ERR,ERR,ERR,ERR,ERR,ERR,ERR,ERR,ERR,ERR,ERR,ERR,ERR,ERR,ERR,ERR,ERR,ERR,ERR,ERR,ERR,ERR,ERR,ERR,ERR,ERR,ERR,0.0,-0.0,0.0,0.0,0.0,1.3936040501711995e+18,7.805,0.0,0,0,4,0,7116,0.0,100,0.0,0.0,0.0,0.0,0.0,0,0,0,0,0.0,0,0,0,0,0,0,0,0,0,0,0,0,0,0,0,0,0,0,0,0,0,0,0,0,0,0,0,0,0,0,0,0,0,31,40,40,71,65476,0,300,0,0,8,21553,0.0,-107605600.0,0.0,0.0,0.0,0.0,0.0,0.0,0.0,0.0,0.0,0.0,0.0,0.0,0.0,0.0,0.0,0.0,0.0,0.0,0.0,0.0,-0.0,-2.004,0.0,-2.004,0.0,0.0,0.0,0.0,4477.0,0.0,6916.0,0.0,-0.0,0.0,-107615288.0,0.0,0.0,0.0,0.0,69,0.0,0.0,0.0,0.0,0.0,0.0,0.0,0.0,0.0,0,0,0,0.0,0.0,0.0,0.0,0.0,0.0,0.0,0.0,0.0,0.0,0.0,0.0,0.0,0.0,0.0,0.0,0,-107875648.0,69,0.0,138,0.0,-109183584.0,0,26215,17087,0,17105,26215,17084,0,0,0,70,68,100,-0.0,82.1,0.0,78.9,-107615472.0,79.0,1,49,50,180,0,26215,0,0,0.0,0.0,0.0,0.0,-0.0,67.0,0.0,162057.094,0.0,985,0,1017,0,0,0,957,0,1045,0,942,0,793,0,786,0,823,0,7520,0.032,2.5133688800429264e+20,0.0,0.0,784,16797,-0.0,162057.094,-114818.039,-0.0,0.133,6.909358625270745e+28,30.0,70.0,35,0.0,0.0,0.0,0.0,0.0,0.0,0.0,0.0,0.0,0.0,0.0,0.0,0.0,0.0,0.0,0.0,66.0,0,150,71,52,65476,0,300,0,0,8,20529,65476,0,0,44564,70.0,0.0,0.0,0.0,0.0,0.0
2026-09-10T21:02:25,ERR,ERR,ERR,ERR,ERR,ERR,ERR,ERR,ERR,ERR,ERR,ERR,ERR,ERR,ERR,ERR,ERR,ERR,ERR,ERR,ERR,ERR,ERR,ERR,ERR,ERR,ERR,ERR,ERR,ERR,ERR,ERR,ERR,ERR,ERR,ERR,ERR,ERR,ERR,ERR,ERR,ERR,ERR,ERR,ERR,ERR,ERR,ERR,ERR,ERR,ERR,ERR,ERR,ERR,ERR,ERR,ERR,ERR,ERR,ERR,ERR,ERR,ERR,ERR,ERR,ERR,ERR,ERR,ERR,ERR,ERR,ERR,ERR,ERR,ERR,ERR,ERR,ERR,ERR,ERR,ERR,ERR,ERR,ERR,ERR,ERR,ERR,ERR,ERR,ERR,ERR,ERR,ERR,ERR,ERR,ERR,ERR,ERR,ERR,ERR,ERR,ERR,ERR,ERR,ERR,ERR,ERR,ERR,ERR,ERR,ERR,ERR,ERR,ERR,ERR,ERR,ERR,ERR,ERR,ERR,ERR,ERR,ERR,ERR,ERR,0.0,-0.0,0.0,0.0,0.0,1.3936040501711995e+18,7.805,0.0,0,0,4,0,7116,0.0,100,0.0,0.0,0.0,0.0,0.0,0,0,0,0,0.0,0,0,0,0,0,0,0,0,0,0,0,0,0,0,0,0,0,0,0,0,0,0,0,0,0,0,0,0,0,0,0,0,0,31,40,40,71,65476,0,300,0,0,8,21553,0.0,-107605600.0,0.0,0.0,0.0,0.0,0.0,0.0,0.0,0.0,0.0,0.0,0.0,0.0,0.0,0.0,0.0,0.0,0.0,0.0,0.0,0.0,-0.0,-2.004,0.0,-2.004,0.0,0.0,0.0,0.0,4477.0,0.0,6916.0,0.0,-0.0,0.0,-107615288.0,0.0,0.0,0.0,0.0,69,0.0,0.0,0.0,0.0,0.0,0.0,0.0,0.0,0.0,0,0,0,0.0,0.0,0.0,0.0,0.0,0.0,0.0,0.0,0.0,0.0,0.0,0.0,0.0,0.0,0.0,0.0,0,-107875648.0,69,0.0,138,0.0,-109183584.0,0,26215,17087,0,17105,13107,17084,0,0,0,70,68,100,-0.0,82.1,0.0,78.8,-0.0,79.0,1,49,50,180,0,26215,0,0,0.0,0.0,0.0,0.0,-0.0,67.0,0.0,162057.094,0.0,985,0,1017,0,0,0,957,0,1045,0,941,0,793,0,786,0,823,0,7520,0.032,2.5133688800429264e+20,0.0,0.0,784,16797,-0.0,162057.094,-114818.039,-0.0,0.133,6.909358625270745e+28,30.0,70.0,35,0.0,0.0,0.0,0.0,0.0,0.0,0.0,0.0,0.0,0.0,0.0,0.0,0.0,0.0,0.0,0.0,66.0,0,150,71,52,65476,0,300,0,0,8,20529,65476,0,0,44564,70.0,0.0,0.0,0.0,0.0,0.0
2026-09-10T21:02:26,ERR,ERR,ERR,ERR,ERR,ERR,ERR,ERR,ERR,ERR,ERR,ERR,ERR,ERR,ERR,ERR,ERR,ERR,ERR,ERR,ERR,ERR,ERR,ERR,ERR,ERR,ERR,ERR,ERR,ERR,ERR,ERR,ERR,ERR,ERR,ERR,ERR,ERR,ERR,ERR,ERR,ERR,ERR,ERR,ERR,ERR,ERR,ERR,ERR,ERR,ERR,ERR,ERR,ERR,ERR,ERR,ERR,ERR,ERR,ERR,ERR,ERR,ERR,ERR,ERR,ERR,ERR,ERR,ERR,ERR,ERR,ERR,ERR,ERR,ERR,ERR,ERR,ERR,ERR,ERR,ERR,ERR,ERR,ERR,ERR,ERR,ERR,ERR,ERR,ERR,ERR,ERR,ERR,ERR,ERR,ERR,ERR,ERR,ERR,ERR,ERR,ERR,ERR,ERR,ERR,ERR,ERR,ERR,ERR,ERR,ERR,ERR,ERR,ERR,ERR,ERR,ERR,ERR,ERR,ERR,ERR,ERR,ERR,ERR,ERR,0.0,-0.0,0.0,0.0,0.0,1.3936040501711995e+18,7.805,0.0,0,0,4,0,7116,0.0,100,0.0,0.0,0.0,0.0,0.0,0,0,0,0,0.0,0,0,0,0,0,0,0,0,0,0,0,0,0,0,0,0,0,0,0,0,0,0,0,0,0,0,0,0,0,0,0,0,0,31,40,40,71,65476,0,300,0,0,8,21553,0.0,-107605600.0,0.0,0.0,0.0,0.0,0.0,0.0,0.0,0.0,0.0,0.0,0.0,0.0,0.0,0.0,0.0,0.0,0.0,0.0,0.0,0.0,-0.0,-2.004,0.0,-2.004,0.0,0.0,0.0,0.0,4477.0,0.0,6916.0,0.0,-0.0,0.0,-107615288.0,0.0,0.0,0.0,0.0,69,0.0,0.0,0.0,0.0,0.0,0.0,0.0,0.0,0.0,0,0,0,0.0,0.0,0.0,0.0,0.0,0.0,0.0,0.0,0.0,0.0,0.0,0.0,0.0,0.0,0.0,0.0,0,-107875648.0,69,0.0,138,0.0,-109183584.0,0,26215,17087,0,17105,13107,17084,0,0,0,70,68,100,-0.0,82.1,0.0,78.8,-0.0,79.0,1,49,50,180,0,26215,0,0,0.0,0.0,0.0,0.0,-0.0,67.0,0.0,162057.094,0.0,985,0,1017,0,0,0,957,0,1045,0,941,0,793,0,786,0,823,0,7520,0.032,2.5133688800429264e+20,0.0,0.0,784,16797,-0.0,162057.094,-114818.039,-0.0,0.133,6.909358625270745e+28,30.0,70.0,35,0.0,0.0,0.0,0.0,0.0,0.0,0.0,0.0,0.0,0.0,0.0,0.0,0.0,0.0,0.0,0.0,66.0,0,150,71,52,65476,0,300,0,0,8,20529,65476,0,0,44564,70.0,0.0,0.0,0.0,0.0,0.0
2026-09-10T21:02:27,ERR,ERR,ERR,ERR,ERR,ERR,ERR,ERR,ERR,ERR,ERR,ERR,ERR,ERR,ERR,ERR,ERR,ERR,ERR,ERR,ERR,ERR,ERR,ERR,ERR,ERR,ERR,ERR,ERR,ERR,ERR,ERR,ERR,ERR,ERR,ERR,ERR,ERR,ERR,ERR,ERR,ERR,ERR,ERR,ERR,ERR,ERR,ERR,ERR,ERR,ERR,ERR,ERR,ERR,ERR,ERR,ERR,ERR,ERR,ERR,ERR,ERR,ERR,ERR,ERR,ERR,ERR,ERR,ERR,ERR,ERR,ERR,ERR,ERR,ERR,ERR,ERR,ERR,ERR,ERR,ERR,ERR,ERR,ERR,ERR,ERR,ERR,ERR,ERR,ERR,ERR,ERR,ERR,ERR,ERR,ERR,ERR,ERR,ERR,ERR,ERR,ERR,ERR,ERR,ERR,ERR,ERR,ERR,ERR,ERR,ERR,ERR,ERR,ERR,ERR,ERR,ERR,ERR,ERR,ERR,ERR,ERR,ERR,ERR,ERR,0.0,-0.0,0.0,0.0,0.0,1.3936040501711995e+18,7.805,0.0,0,0,4,0,7116,0.0,100,0.0,0.0,0.0,0.0,0.0,0,0,0,0,0.0,0,0,0,0,0,0,0,0,0,0,0,0,0,0,0,0,0,0,0,0,0,0,0,0,0,0,0,0,0,0,0,0,0,31,40,40,71,65476,0,300,0,0,8,21553,0.0,-107605600.0,0.0,0.0,0.0,0.0,0.0,0.0,0.0,0.0,0.0,0.0,0.0,0.0,0.0,0.0,0.0,0.0,0.0,0.0,0.0,0.0,-0.0,-2.004,0.0,-2.004,0.0,0.0,0.0,0.0,4477.0,0.0,6916.0,0.0,-0.0,0.0,-107615288.0,0.0,0.0,0.0,0.0,69,0.0,0.0,0.0,0.0,0.0,0.0,0.0,0.0,0.0,0,0,0,0.0,0.0,0.0,0.0,0.0,0.0,0.0,0.0,0.0,0.0,0.0,0.0,0.0,0.0,0.0,0.0,0,-107875648.0,69,0.0,138,0.0,-109183584.0,0,26215,17087,0,17105,13107,17084,0,0,0,70,68,100,-0.0,82.1,0.0,78.8,-0.0,79.0,1,49,50,180,0,26215,0,0,0.0,0.0,0.0,0.0,-0.0,67.0,0.0,162057.094,0.0,985,0,1017,0,0,0,957,0,1045,0,941,0,793,0,786,0,823,0,7520,0.032,2.5133688800429264e+20,0.0,0.0,784,16797,-0.0,162057.094,-114818.039,-0.0,0.133,6.909358625270745e+28,30.0,70.0,35,0.0,0.0,0.0,0.0,0.0,0.0,0.0,0.0,0.0,0.0,0.0,0.0,0.0,0.0,0.0,0.0,66.0,0,150,71,52,65476,0,300,0,0,8,20529,65476,0,0,44564,70.0,0.0,0.0,0.0,0.0,0.0
2026-09-10T21:02:28,ERR,ERR,ERR,ERR,ERR,ERR,ERR,ERR,ERR,ERR,ERR,ERR,ERR,ERR,ERR,ERR,ERR,ERR,ERR,ERR,ERR,ERR,ERR,ERR,ERR,ERR,ERR,ERR,ERR,ERR,ERR,ERR,ERR,ERR,ERR,ERR,ERR,ERR,ERR,ERR,ERR,ERR,ERR,ERR,ERR,ERR,ERR,ERR,ERR,ERR,ERR,ERR,ERR,ERR,ERR,ERR,ERR,ERR,ERR,ERR,ERR,ERR,ERR,ERR,ERR,ERR,ERR,ERR,ERR,ERR,ERR,ERR,ERR,ERR,ERR,ERR,ERR,ERR,ERR,ERR,ERR,ERR,ERR,ERR,ERR,ERR,ERR,ERR,ERR,ERR,ERR,ERR,ERR,ERR,ERR,ERR,ERR,ERR,ERR,ERR,ERR,ERR,ERR,ERR,ERR,ERR,ERR,ERR,ERR,ERR,ERR,ERR,ERR,ERR,ERR,ERR,ERR,ERR,ERR,ERR,ERR,ERR,ERR,ERR,ERR,0.0,-0.0,0.0,0.0,0.0,1.3936040501711995e+18,7.805,0.0,0,0,4,0,7116,0.0,100,0.0,0.0,0.0,0.0,0.0,0,0,0,0,0.0,0,0,0,0,0,0,0,0,0,0,0,0,0,0,0,0,0,0,0,0,0,0,0,0,0,0,0,0,0,0,0,0,0,31,40,40,71,65476,0,300,0,0,8,21553,0.0,-107605600.0,0.0,0.0,0.0,0.0,0.0,0.0,0.0,0.0,0.0,0.0,0.0,0.0,0.0,0.0,0.0,0.0,0.0,0.0,0.0,0.0,-0.0,-2.004,0.0,-2.004,0.0,0.0,0.0,0.0,4477.0,0.0,6916.0,0.0,-0.0,0.0,-107615288.0,0.0,0.0,0.0,0.0,69,0.0,0.0,0.0,0.0,0.0,0.0,0.0,0.0,0.0,0,0,0,0.0,0.0,0.0,0.0,0.0,0.0,0.0,0.0,0.0,0.0,0.0,0.0,0.0,0.0,0.0,0.0,0,-107875648.0,69,0.0,138,0.0,-109183584.0,0,26215,17087,0,17105,13107,17084,0,0,0,70,68,100,-0.0,82.1,0.0,78.8,-0.0,79.0,1,49,50,180,0,26215,0,0,0.0,0.0,0.0,0.0,-0.0,67.0,0.0,162057.094,0.0,985,0,1017,0,0,0,957,0,1045,0,941,0,793,0,786,0,823,0,7520,0.032,2.5133688800429264e+20,0.0,0.0,784,16797,-0.0,162057.094,-114818.039,-0.0,0.133,6.909358625270745e+28,30.0,70.0,35,0.0,0.0,0.0,0.0,0.0,0.0,0.0,0.0,0.0,0.0,0.0,0.0,0.0,0.0,0.0,0.0,66.0,0,150,71,52,65476,0,300,0,0,8,20529,65476,0,0,44564,70.0,0.0,0.0,0.0,0.0,0.0
2026-09-10T21:02:29,ERR,ERR,ERR,ERR,ERR,ERR,ERR,ERR,ERR,ERR,ERR,ERR,ERR,ERR,ERR,ERR,ERR,ERR,ERR,ERR,ERR,ERR,ERR,ERR,ERR,ERR,ERR,ERR,ERR,ERR,ERR,ERR,ERR,ERR,ERR,ERR,ERR,ERR,ERR,ERR,ERR,ERR,ERR,ERR,ERR,ERR,ERR,ERR,ERR,ERR,ERR,ERR,ERR,ERR,ERR,ERR,ERR,ERR,ERR,ERR,ERR,ERR,ERR,ERR,ERR,ERR,ERR,ERR,ERR,ERR,ERR,ERR,ERR,ERR,ERR,ERR,ERR,ERR,ERR,ERR,ERR,ERR,ERR,ERR,ERR,ERR,ERR,ERR,ERR,ERR,ERR,ERR,ERR,ERR,ERR,ERR,ERR,ERR,ERR,ERR,ERR,ERR,ERR,ERR,ERR,ERR,ERR,ERR,ERR,ERR,ERR,ERR,ERR,ERR,ERR,ERR,ERR,ERR,ERR,ERR,ERR,ERR,ERR,ERR,ERR,0.0,-0.0,0.0,0.0,0.0,1.3936040501711995e+18,7.805,0.0,0,0,4,0,7116,0.0,100,0.0,0.0,0.0,0.0,0.0,0,0,0,0,0.0,0,0,0,0,0,0,0,0,0,0,0,0,0,0,0,0,0,0,0,0,0,0,0,0,0,0,0,0,0,0,0,0,0,31,40,40,71,65476,0,300,0,0,8,21553,0.0,-107605600.0,0.0,0.0,0.0,0.0,0.0,0.0,0.0,0.0,0.0,0.0,0.0,0.0,0.0,0.0,0.0,0.0,0.0,0.0,0.0,0.0,-0.0,-2.004,0.0,-2.004,0.0,0.0,0.0,0.0,4477.0,0.0,6916.0,0.0,-0.0,0.0,-107615288.0,0.0,0.0,0.0,0.0,69,0.0,0.0,0.0,0.0,0.0,0.0,0.0,0.0,0.0,0,0,0,0.0,0.0,0.0,0.0,0.0,0.0,0.0,0.0,0.0,0.0,0.0,0.0,0.0,0.0,0.0,0.0,0,-107875648.0,69,0.0,138,0.0,-109183584.0,0,26215,17087,0,17105,13107,17084,0,0,0,70,68,100,-0.0,82.1,0.0,78.8,-0.0,79.0,1,49,50,180,0,26215,0,0,0.0,0.0,0.0,0.0,-0.0,67.0,0.0,162057.094,0.0,985,0,1017,0,0,0,957,0,1045,0,941,0,793,0,786,0,823,0,7520,0.032,2.5133688800429264e+20,0.0,0.0,784,16797,-0.0,162057.094,-114818.039,-0.0,0.133,6.909358625270745e+28,30.0,70.0,35,0.0,0.0,0.0,0.0,0.0,0.0,0.0,0.0,0.0,0.0,0.0,0.0,0.0,0.0,0.0,0.0,66.0,0,150,71,52,65476,0,300,0,0,8,20529,65476,0,0,44564,70.0,0.0,0.0,0.0,0.0,0.0
2026-09-10T21:02:30,ERR,ERR,ERR,ERR,ERR,ERR,ERR,ERR,ERR,ERR,ERR,ERR,ERR,ERR,ERR,ERR,ERR,ERR,ERR,ERR,ERR,ERR,ERR,ERR,ERR,ERR,ERR,ERR,ERR,ERR,ERR,ERR,ERR,ERR,ERR,ERR,ERR,ERR,ERR,ERR,ERR,ERR,ERR,ERR,ERR,ERR,ERR,ERR,ERR,ERR,ERR,ERR,ERR,ERR,ERR,ERR,ERR,ERR,ERR,ERR,ERR,ERR,ERR,ERR,ERR,ERR,ERR,ERR,ERR,ERR,ERR,ERR,ERR,ERR,ERR,ERR,ERR,ERR,ERR,ERR,ERR,ERR,ERR,ERR,ERR,ERR,ERR,ERR,ERR,ERR,ERR,ERR,ERR,ERR,ERR,ERR,ERR,ERR,ERR,ERR,ERR,ERR,ERR,ERR,ERR,ERR,ERR,ERR,ERR,ERR,ERR,ERR,ERR,ERR,ERR,ERR,ERR,ERR,ERR,ERR,ERR,ERR,ERR,ERR,ERR,0.0,-0.0,0.0,0.0,0.0,1.3936040501711995e+18,7.805,0.0,0,0,4,0,7116,0.0,100,0.0,0.0,0.0,0.0,0.0,0,0,0,0,0.0,0,0,0,0,0,0,0,0,0,0,0,0,0,0,0,0,0,0,0,0,0,0,0,0,0,0,0,0,0,0,0,0,0,31,40,40,71,65476,0,300,0,0,8,21553,0.0,-107605600.0,0.0,0.0,0.0,0.0,0.0,0.0,0.0,0.0,0.0,0.0,0.0,0.0,0.0,0.0,0.0,0.0,0.0,0.0,0.0,0.0,-0.0,-2.004,0.0,-2.004,0.0,0.0,0.0,0.0,4477.0,0.0,6916.0,0.0,-0.0,0.0,-107615288.0,0.0,0.0,0.0,0.0,69,0.0,0.0,0.0,0.0,0.0,0.0,0.0,0.0,0.0,0,0,0,0.0,0.0,0.0,0.0,0.0,0.0,0.0,0.0,0.0,0.0,0.0,0.0,0.0,0.0,0.0,0.0,0,-107875648.0,69,0.0,138,0.0,-109183584.0,0,26215,17087,0,17105,13107,17084,0,0,0,70,68,100,-0.0,82.1,0.0,78.8,-0.0,79.0,1,49,50,180,0,26215,0,0,0.0,0.0,0.0,0.0,-0.0,67.0,0.0,162057.094,0.0,985,0,1017,0,0,0,957,0,1045,0,941,0,793,0,786,0,823,0,7520,0.032,2.5133688800429264e+20,0.0,0.0,784,16797,-0.0,162057.094,-114818.039,-0.0,0.133,6.909358625270745e+28,30.0,70.0,35,0.0,0.0,0.0,0.0,0.0,0.0,0.0,0.0,0.0,0.0,0.0,0.0,0.0,0.0,0.0,0.0,66.4,0,150,71,52,65476,0,300,0,0,8,20529,65476,0,0,44564,70.0,0.0,0.0,0.0,0.0,0.0
2026-09-10T21:02:31,ERR,ERR,ERR,ERR,ERR,ERR,ERR,ERR,ERR,ERR,ERR,ERR,ERR,ERR,ERR,ERR,ERR,ERR,ERR,ERR,ERR,ERR,ERR,ERR,ERR,ERR,ERR,ERR,ERR,ERR,ERR,ERR,ERR,ERR,ERR,ERR,ERR,ERR,ERR,ERR,ERR,ERR,ERR,ERR,ERR,ERR,ERR,ERR,ERR,ERR,ERR,ERR,ERR,ERR,ERR,ERR,ERR,ERR,ERR,ERR,ERR,ERR,ERR,ERR,ERR,ERR,ERR,ERR,ERR,ERR,ERR,ERR,ERR,ERR,ERR,ERR,ERR,ERR,ERR,ERR,ERR,ERR,ERR,ERR,ERR,ERR,ERR,ERR,ERR,ERR,ERR,ERR,ERR,ERR,ERR,ERR,ERR,ERR,ERR,ERR,ERR,ERR,ERR,ERR,ERR,ERR,ERR,ERR,ERR,ERR,ERR,ERR,ERR,ERR,ERR,ERR,ERR,ERR,ERR,ERR,ERR,ERR,ERR,ERR,ERR,0.0,-0.0,0.0,0.0,0.0,1.3936040501711995e+18,7.805,0.0,0,0,4,0,7116,0.0,100,0.0,0.0,0.0,0.0,0.0,0,0,0,0,0.0,0,0,0,0,0,0,0,0,0,0,0,0,0,0,0,0,0,0,0,0,0,0,0,0,0,0,0,0,0,0,0,0,0,31,40,40,71,65476,0,300,0,0,8,21553,0.0,-107605600.0,0.0,0.0,0.0,0.0,0.0,0.0,0.0,0.0,0.0,0.0,0.0,0.0,0.0,0.0,0.0,0.0,0.0,0.0,0.0,0.0,-2.004,-2.004,0.0,-2.004,0.0,0.0,0.0,0.0,4479.0,0.0,6914.0,0.0,-0.0,0.0,0.0,0.0,0.0,0.0,0.0,69,0.0,0.0,0.0,0.0,0.0,0.0,0.0,0.0,0.0,0,0,0,0.0,0.0,0.0,0.0,0.0,0.0,0.0,0.0,0.0,0.0,0.0,0.0,0.0,0.0,0.0,0.0,0,-107875648.0,69,0.0,138,0.0,-109183584.0,0,26215,17087,0,17105,13107,17084,0,0,0,70,68,100,-0.0,82.1,0.0,78.9,-0.0,79.0,1,49,50,180,0,26215,0,0,0.0,0.0,0.0,0.0,-0.0,67.0,0.0,162057.094,0.0,985,0,1017,0,0,0,957,0,1045,0,941,0,794,0,786,0,823,0,7520,0.032,2.5133688800429264e+20,0.0,0.0,784,16797,-0.0,162057.094,-114818.039,-0.0,0.133,6.909358625270745e+28,30.0,70.0,35,0.0,0.0,0.0,0.0,0.0,0.0,0.0,0.0,0.0,0.0,0.0,0.0,0.0,0.0,0.0,0.0,66.4,0,150,71,52,65476,0,300,0,0,8,20529,65476,0,0,44564,70.0,0.0,0.0,0.0,0.0,0.0
2026-09-10T21:02:32,ERR,ERR,ERR,ERR,ERR,ERR,ERR,ERR,ERR,ERR,ERR,ERR,ERR,ERR,ERR,ERR,ERR,ERR,ERR,ERR,ERR,ERR,ERR,ERR,ERR,ERR,ERR,ERR,ERR,ERR,ERR,ERR,ERR,ERR,ERR,ERR,ERR,ERR,ERR,ERR,ERR,ERR,ERR,ERR,ERR,ERR,ERR,ERR,ERR,ERR,ERR,ERR,ERR,ERR,ERR,ERR,ERR,ERR,ERR,ERR,ERR,ERR,ERR,ERR,ERR,ERR,ERR,ERR,ERR,ERR,ERR,ERR,ERR,ERR,ERR,ERR,ERR,ERR,ERR,ERR,ERR,ERR,ERR,ERR,ERR,ERR,ERR,ERR,ERR,ERR,ERR,ERR,ERR,ERR,ERR,ERR,ERR,ERR,ERR,ERR,ERR,ERR,ERR,ERR,ERR,ERR,ERR,ERR,ERR,ERR,ERR,ERR,ERR,ERR,ERR,ERR,ERR,ERR,ERR,ERR,ERR,ERR,ERR,ERR,ERR,0.0,-0.0,0.0,0.0,0.0,1.3936040501711995e+18,7.805,0.0,0,0,4,0,7116,0.0,100,0.0,0.0,0.0,0.0,0.0,0,0,0,0,0.0,0,0,0,0,0,0,0,0,0,0,0,0,0,0,0,0,0,0,0,0,0,0,0,0,0,0,0,0,0,0,0,0,0,31,40,40,71,65476,0,300,0,0,8,21553,0.0,-107605600.0,0.0,0.0,0.0,0.0,0.0,0.0,0.0,0.0,0.0,0.0,0.0,0.0,0.0,0.0,0.0,0.0,0.0,0.0,0.0,0.0,-2.004,-2.004,0.0,-2.004,0.0,0.0,0.0,0.0,4479.0,0.0,6914.0,0.0,-0.0,0.0,0.0,0.0,0.0,0.0,0.0,69,0.0,0.0,0.0,0.0,0.0,0.0,0.0,0.0,0.0,0,0,0,0.0,0.0,0.0,0.0,0.0,0.0,0.0,0.0,0.0,0.0,0.0,0.0,0.0,0.0,0.0,0.0,0,-107875648.0,69,0.0,138,0.0,-109183584.0,0,26215,17087,0,17105,13107,17084,0,0,0,70,68,100,-0.0,82.1,0.0,78.9,-0.0,79.0,1,49,50,180,0,26215,0,0,0.0,0.0,0.0,0.0,-0.0,67.0,0.0,162057.094,0.0,985,0,1017,0,0,0,957,0,1045,0,941,0,794,0,786,0,823,0,7520,0.032,2.5133688800429264e+20,0.0,0.0,784,16797,-0.0,162057.094,-114818.039,-0.0,0.133,6.909358625270745e+28,30.0,70.0,35,0.0,0.0,0.0,0.0,0.0,0.0,0.0,0.0,0.0,0.0,0.0,0.0,0.0,0.0,0.0,0.0,66.4,0,150,71,52,65476,0,300,0,0,8,20529,65476,0,0,44564,70.0,0.0,0.0,0.0,0.0,0.0
2026-09-10T21:02:33,ERR,ERR,ERR,ERR,ERR,ERR,ERR,ERR,ERR,ERR,ERR,ERR,ERR,ERR,ERR,ERR,ERR,ERR,ERR,ERR,ERR,ERR,ERR,ERR,ERR,ERR,ERR,ERR,ERR,ERR,ERR,ERR,ERR,ERR,ERR,ERR,ERR,ERR,ERR,ERR,ERR,ERR,ERR,ERR,ERR,ERR,ERR,ERR,ERR,ERR,ERR,ERR,ERR,ERR,ERR,ERR,ERR,ERR,ERR,ERR,ERR,ERR,ERR,ERR,ERR,ERR,ERR,ERR,ERR,ERR,ERR,ERR,ERR,ERR,ERR,ERR,ERR,ERR,ERR,ERR,ERR,ERR,ERR,ERR,ERR,ERR,ERR,ERR,ERR,ERR,ERR,ERR,ERR,ERR,ERR,ERR,ERR,ERR,ERR,ERR,ERR,ERR,ERR,ERR,ERR,ERR,ERR,ERR,ERR,ERR,ERR,ERR,ERR,ERR,ERR,ERR,ERR,ERR,ERR,ERR,ERR,ERR,ERR,ERR,ERR,0.0,-0.0,0.0,0.0,0.0,1.3936040501711995e+18,7.805,0.0,0,0,4,0,7116,0.0,100,0.0,0.0,0.0,0.0,0.0,0,0,0,0,0.0,0,0,0,0,0,0,0,0,0,0,0,0,0,0,0,0,0,0,0,0,0,0,0,0,0,0,0,0,0,0,0,0,0,31,40,40,71,65476,0,300,0,0,8,21553,0.0,-107605600.0,0.0,0.0,0.0,0.0,0.0,0.0,0.0,0.0,0.0,0.0,0.0,0.0,0.0,0.0,0.0,0.0,0.0,0.0,0.0,0.0,-2.004,-2.004,0.0,-2.004,0.0,0.0,0.0,0.0,4479.0,0.0,6914.0,0.0,-0.0,0.0,0.0,0.0,0.0,0.0,0.0,69,0.0,0.0,0.0,0.0,0.0,0.0,0.0,0.0,0.0,0,0,0,0.0,0.0,0.0,0.0,0.0,0.0,0.0,0.0,0.0,0.0,0.0,0.0,0.0,0.0,0.0,0.0,0,-107875648.0,69,0.0,138,0.0,-109183584.0,0,26215,17087,0,17105,13107,17084,0,0,0,70,68,100,-0.0,82.1,0.0,78.9,-0.0,79.0,1,49,50,180,0,26215,0,0,0.0,0.0,0.0,0.0,-0.0,67.0,0.0,162057.094,0.0,985,0,1017,0,0,0,957,0,1045,0,941,0,794,0,786,0,823,0,7520,0.032,2.5133688800429264e+20,0.0,0.0,784,16797,-0.0,162057.094,-114818.039,-0.0,0.133,6.909358625270745e+28,30.0,70.0,35,0.0,0.0,0.0,0.0,0.0,0.0,0.0,0.0,0.0,0.0,0.0,0.0,0.0,0.0,0.0,0.0,66.0,0,150,71,52,65476,0,300,0,0,8,20529,65476,0,0,44564,70.0,0.0,0.0,0.0,0.0,0.0
2026-09-10T21:02:34,ERR,ERR,ERR,ERR,ERR,ERR,ERR,ERR,ERR,ERR,ERR,ERR,ERR,ERR,ERR,ERR,ERR,ERR,ERR,ERR,ERR,ERR,ERR,ERR,ERR,ERR,ERR,ERR,ERR,ERR,ERR,ERR,ERR,ERR,ERR,ERR,ERR,ERR,ERR,ERR,ERR,ERR,ERR,ERR,ERR,ERR,ERR,ERR,ERR,ERR,ERR,ERR,ERR,ERR,ERR,ERR,ERR,ERR,ERR,ERR,ERR,ERR,ERR,ERR,ERR,ERR,ERR,ERR,ERR,ERR,ERR,ERR,ERR,ERR,ERR,ERR,ERR,ERR,ERR,ERR,ERR,ERR,ERR,ERR,ERR,ERR,ERR,ERR,ERR,ERR,ERR,ERR,ERR,ERR,ERR,ERR,ERR,ERR,ERR,ERR,ERR,ERR,ERR,ERR,ERR,ERR,ERR,ERR,ERR,ERR,ERR,ERR,ERR,ERR,ERR,ERR,ERR,ERR,ERR,ERR,ERR,ERR,ERR,ERR,ERR,0.0,-0.0,0.0,0.0,0.0,1.3936040501711995e+18,7.805,0.0,0,0,4,0,7116,0.0,100,0.0,0.0,0.0,0.0,0.0,0,0,0,0,0.0,0,0,0,0,0,0,0,0,0,0,0,0,0,0,0,0,0,0,0,0,0,0,0,0,0,0,0,0,0,0,0,0,0,31,40,40,71,65476,0,300,0,0,8,21553,0.0,-107605600.0,0.0,0.0,0.0,0.0,0.0,0.0,0.0,0.0,0.0,0.0,0.0,0.0,0.0,0.0,0.0,0.0,0.0,0.0,0.0,0.0,-2.004,-2.004,0.0,-2.004,0.0,0.0,0.0,0.0,4479.0,0.0,6914.0,0.0,-0.0,0.0,0.0,0.0,0.0,0.0,0.0,69,0.0,0.0,0.0,0.0,0.0,0.0,0.0,0.0,0.0,0,0,0,0.0,0.0,0.0,0.0,0.0,0.0,0.0,0.0,0.0,0.0,0.0,0.0,0.0,0.0,0.0,0.0,0,-107875648.0,69,0.0,138,0.0,-109183584.0,0,26215,17087,0,17105,13107,17084,0,0,0,70,68,100,-0.0,82.1,0.0,78.9,-0.0,79.0,1,49,50,180,0,26215,0,0,0.0,0.0,0.0,0.0,-0.0,67.0,0.0,162057.094,0.0,985,0,1017,0,0,0,957,0,1045,0,941,0,794,0,786,0,823,0,7520,0.032,2.5133688800429264e+20,0.0,0.0,784,16797,-0.0,162057.094,-114818.039,-0.0,0.133,6.909358625270745e+28,30.0,70.0,35,0.0,0.0,0.0,0.0,0.0,0.0,0.0,0.0,0.0,0.0,0.0,0.0,0.0,0.0,0.0,0.0,66.0,0,150,71,52,65476,0,300,0,0,8,20529,65476,0,0,44564,70.0,0.0,0.0,0.0,0.0,0.0
2026-09-10T21:02:35,ERR,ERR,ERR,ERR,ERR,ERR,ERR,ERR,ERR,ERR,ERR,ERR,ERR,ERR,ERR,ERR,ERR,ERR,ERR,ERR,ERR,ERR,ERR,ERR,ERR,ERR,ERR,ERR,ERR,ERR,ERR,ERR,ERR,ERR,ERR,ERR,ERR,ERR,ERR,ERR,ERR,ERR,ERR,ERR,ERR,ERR,ERR,ERR,ERR,ERR,ERR,ERR,ERR,ERR,ERR,ERR,ERR,ERR,ERR,ERR,ERR,ERR,ERR,ERR,ERR,ERR,ERR,ERR,ERR,ERR,ERR,ERR,ERR,ERR,ERR,ERR,ERR,ERR,ERR,ERR,ERR,ERR,ERR,ERR,ERR,ERR,ERR,ERR,ERR,ERR,ERR,ERR,ERR,ERR,ERR,ERR,ERR,ERR,ERR,ERR,ERR,ERR,ERR,ERR,ERR,ERR,ERR,ERR,ERR,ERR,ERR,ERR,ERR,ERR,ERR,ERR,ERR,ERR,ERR,ERR,ERR,ERR,ERR,ERR,ERR,0.0,-0.0,0.0,0.0,0.0,1.3936040501711995e+18,7.805,0.0,0,0,4,0,7116,0.0,100,0.0,0.0,0.0,0.0,0.0,0,0,0,0,0.0,0,0,0,0,0,0,0,0,0,0,0,0,0,0,0,0,0,0,0,0,0,0,0,0,0,0,0,0,0,0,0,0,0,31,40,40,71,65476,0,300,0,0,8,21553,0.0,-107605600.0,0.0,0.0,0.0,0.0,0.0,0.0,0.0,0.0,0.0,0.0,0.0,0.0,0.0,0.0,0.0,0.0,0.0,0.0,0.0,0.0,-2.004,-2.004,0.0,-2.004,0.0,0.0,0.0,0.0,4479.0,0.0,6914.0,0.0,-0.0,0.0,0.0,0.0,0.0,0.0,0.0,69,0.0,0.0,0.0,0.0,0.0,0.0,0.0,0.0,0.0,0,0,0,0.0,0.0,0.0,0.0,0.0,0.0,0.0,0.0,0.0,0.0,0.0,0.0,0.0,0.0,0.0,0.0,0,-107875648.0,69,0.0,138,0.0,-109183584.0,0,26215,17087,0,17105,13107,17084,0,0,0,70,68,100,-0.0,82.1,0.0,78.9,-0.0,79.0,1,49,50,180,0,26215,0,0,0.0,0.0,0.0,0.0,-0.0,67.0,0.0,162057.094,0.0,985,0,1017,0,0,0,957,0,1045,0,941,0,794,0,786,0,823,0,7520,0.032,2.5133688800429264e+20,0.0,0.0,784,16797,-0.0,162057.094,-114818.039,-0.0,0.133,6.909358625270745e+28,30.0,70.0,35,0.0,0.0,0.0,0.0,0.0,0.0,0.0,0.0,0.0,0.0,0.0,0.0,0.0,0.0,0.0,0.0,66.0,0,150,71,52,65476,0,300,0,0,8,20529,65476,0,0,44564,70.0,0.0,0.0,0.0,0.0,0.0
2026-09-10T21:02:36,ERR,ERR,ERR,ERR,ERR,ERR,ERR,ERR,ERR,ERR,ERR,ERR,ERR,ERR,ERR,ERR,ERR,ERR,ERR,ERR,ERR,ERR,ERR,ERR,ERR,ERR,ERR,ERR,ERR,ERR,ERR,ERR,ERR,ERR,ERR,ERR,ERR,ERR,ERR,ERR,ERR,ERR,ERR,ERR,ERR,ERR,ERR,ERR,ERR,ERR,ERR,ERR,ERR,ERR,ERR,ERR,ERR,ERR,ERR,ERR,ERR,ERR,ERR,ERR,ERR,ERR,ERR,ERR,ERR,ERR,ERR,ERR,ERR,ERR,ERR,ERR,ERR,ERR,ERR,ERR,ERR,ERR,ERR,ERR,ERR,ERR,ERR,ERR,ERR,ERR,ERR,ERR,ERR,ERR,ERR,ERR,ERR,ERR,ERR,ERR,ERR,ERR,ERR,ERR,ERR,ERR,ERR,ERR,ERR,ERR,ERR,ERR,ERR,ERR,ERR,ERR,ERR,ERR,ERR,ERR,ERR,ERR,ERR,ERR,ERR,0.0,-0.0,0.0,0.0,0.0,1.3936040501711995e+18,7.805,0.0,0,0,4,0,7116,0.0,100,0.0,0.0,0.0,0.0,0.0,0,0,0,0,0.0,0,0,0,0,0,0,0,0,0,0,0,0,0,0,0,0,0,0,0,0,0,0,0,0,0,0,0,0,0,0,0,0,0,31,40,40,71,65476,0,300,0,0,8,21553,0.0,-107605600.0,0.0,0.0,0.0,0.0,0.0,0.0,0.0,0.0,0.0,0.0,0.0,0.0,0.0,0.0,0.0,0.0,0.0,0.0,0.0,0.0,-2.004,-2.004,0.0,-2.004,0.0,0.0,0.0,0.0,4479.0,0.0,6914.0,0.0,-0.0,0.0,0.0,0.0,0.0,0.0,0.0,69,0.0,0.0,0.0,0.0,0.0,0.0,0.0,0.0,0.0,0,0,0,0.0,0.0,0.0,0.0,0.0,0.0,0.0,0.0,0.0,0.0,0.0,0.0,0.0,0.0,0.0,0.0,0,-107875648.0,69,0.0,138,0.0,-109183584.0,0,26215,17087,0,17105,13107,17084,0,0,0,70,68,100,-0.0,82.1,0.0,78.9,-0.0,79.0,1,49,50,180,0,26215,0,0,0.0,0.0,0.0,0.0,-0.0,67.0,0.0,162057.094,0.0,985,0,1017,0,0,0,957,0,1045,0,941,0,794,0,786,0,823,0,7520,0.032,2.5133688800429264e+20,0.0,0.0,784,16797,-0.0,162057.094,-114818.039,-0.0,0.133,6.909358625270745e+28,30.0,70.0,35,0.0,0.0,0.0,0.0,0.0,0.0,0.0,0.0,0.0,0.0,0.0,0.0,0.0,0.0,0.0,0.0,66.0,0,150,71,52,65476,0,300,0,0,8,20529,65476,0,0,44564,70.0,0.0,0.0,0.0,0.0,0.0
2026-09-10T21:02:37,ERR,ERR,ERR,ERR,ERR,ERR,ERR,ERR,ERR,ERR,ERR,ERR,ERR,ERR,ERR,ERR,ERR,ERR,ERR,ERR,ERR,ERR,ERR,ERR,ERR,ERR,ERR,ERR,ERR,ERR,ERR,ERR,ERR,ERR,ERR,ERR,ERR,ERR,ERR,ERR,ERR,ERR,ERR,ERR,ERR,ERR,ERR,ERR,ERR,ERR,ERR,ERR,ERR,ERR,ERR,ERR,ERR,ERR,ERR,ERR,ERR,ERR,ERR,ERR,ERR,ERR,ERR,ERR,ERR,ERR,ERR,ERR,ERR,ERR,ERR,ERR,ERR,ERR,ERR,ERR,ERR,ERR,ERR,ERR,ERR,ERR,ERR,ERR,ERR,ERR,ERR,ERR,ERR,ERR,ERR,ERR,ERR,ERR,ERR,ERR,ERR,ERR,ERR,ERR,ERR,ERR,ERR,ERR,ERR,ERR,ERR,ERR,ERR,ERR,ERR,ERR,ERR,ERR,ERR,ERR,ERR,ERR,ERR,ERR,ERR,0.0,-0.0,0.0,0.0,0.0,1.3936040501711995e+18,7.805,0.0,0,0,4,0,7116,0.0,100,0.0,0.0,0.0,0.0,0.0,0,0,0,0,0.0,0,0,0,0,0,0,0,0,0,0,0,0,0,0,0,0,0,0,0,0,0,0,0,0,0,0,0,0,0,0,0,0,0,31,40,40,71,65476,0,300,0,0,8,21553,0.0,-107605600.0,0.0,0.0,0.0,0.0,0.0,0.0,0.0,0.0,0.0,0.0,0.0,0.0,0.0,0.0,0.0,0.0,0.0,0.0,0.0,0.0,-2.004,-2.004,0.0,-2.004,0.0,0.0,0.0,0.0,4479.0,0.0,6914.0,0.0,-0.0,0.0,0.0,0.0,0.0,0.0,0.0,69,0.0,0.0,0.0,0.0,0.0,0.0,0.0,0.0,0.0,0,0,0,0.0,0.0,0.0,0.0,0.0,0.0,0.0,0.0,0.0,0.0,0.0,0.0,0.0,0.0,0.0,0.0,0,-107875648.0,69,0.0,138,0.0,-109183584.0,0,26215,17087,0,17105,26215,17084,0,0,0,70,68,100,-0.0,82.1,0.0,78.9,-107615472.0,79.0,1,49,50,180,0,26215,0,0,0.0,0.0,0.0,0.0,-0.0,67.0,0.0,162057.094,0.0,985,0,1017,0,0,0,957,0,1045,0,942,0,793,0,786,0,823,0,7520,0.032,2.524898095088995e+20,0.0,0.0,784,16797,-0.0,162057.094,-114818.039,-0.0,0.133,6.909358625270745e+28,30.0,70.0,35,0.0,0.0,0.0,0.0,0.0,0.0,0.0,0.0,0.0,0.0,0.0,0.0,0.0,0.0,0.0,0.0,66.0,0,150,71,52,65476,0,300,0,0,8,20529,65476,0,0,44564,70.0,0.0,0.0,0.0,0.0,0.0
2026-09-10T21:02:38,ERR,ERR,ERR,ERR,ERR,ERR,ERR,ERR,ERR,ERR,ERR,ERR,ERR,ERR,ERR,ERR,ERR,ERR,ERR,ERR,ERR,ERR,ERR,ERR,ERR,ERR,ERR,ERR,ERR,ERR,ERR,ERR,ERR,ERR,ERR,ERR,ERR,ERR,ERR,ERR,ERR,ERR,ERR,ERR,ERR,ERR,ERR,ERR,ERR,ERR,ERR,ERR,ERR,ERR,ERR,ERR,ERR,ERR,ERR,ERR,ERR,ERR,ERR,ERR,ERR,ERR,ERR,ERR,ERR,ERR,ERR,ERR,ERR,ERR,ERR,ERR,ERR,ERR,ERR,ERR,ERR,ERR,ERR,ERR,ERR,ERR,ERR,ERR,ERR,ERR,ERR,ERR,ERR,ERR,ERR,ERR,ERR,ERR,ERR,ERR,ERR,ERR,ERR,ERR,ERR,ERR,ERR,ERR,ERR,ERR,ERR,ERR,ERR,ERR,ERR,ERR,ERR,ERR,ERR,ERR,ERR,ERR,ERR,ERR,ERR,0.0,-0.0,0.0,0.0,0.0,1.3936040501711995e+18,7.805,0.0,0,0,4,0,7116,0.0,100,0.0,0.0,0.0,0.0,0.0,0,0,0,0,0.0,0,0,0,0,0,0,0,0,0,0,0,0,0,0,0,0,0,0,0,0,0,0,0,0,0,0,0,0,0,0,0,0,0,31,40,40,71,65476,0,300,0,0,8,21553,0.0,-107605600.0,0.0,0.0,0.0,0.0,0.0,0.0,0.0,0.0,0.0,0.0,0.0,0.0,0.0,0.0,0.0,0.0,0.0,0.0,0.0,0.0,-2.004,-2.004,0.0,-2.004,0.0,0.0,0.0,0.0,4479.0,0.0,6914.0,0.0,-0.0,0.0,0.0,0.0,0.0,0.0,0.0,69,0.0,0.0,0.0,0.0,0.0,0.0,0.0,0.0,0.0,0,0,0,0.0,0.0,0.0,0.0,0.0,0.0,0.0,0.0,0.0,0.0,0.0,0.0,0.0,0.0,0.0,0.0,0,-107875648.0,69,0.0,138,0.0,-109183584.0,0,26215,17087,0,17105,26215,17084,0,0,0,70,68,100,-0.0,82.1,0.0,78.9,-107615472.0,79.0,1,49,50,180,0,26215,0,0,0.0,0.0,0.0,0.0,-0.0,67.0,0.0,162057.094,0.0,985,0,1017,0,0,0,957,0,1045,0,942,0,793,0,786,0,823,0,7520,0.032,2.524898095088995e+20,0.0,0.0,784,16797,-0.0,162057.094,-114818.039,-0.0,0.133,6.909358625270745e+28,30.0,70.0,35,0.0,0.0,0.0,0.0,0.0,0.0,0.0,0.0,0.0,0.0,0.0,0.0,0.0,0.0,0.0,0.0,66.0,0,150,71,52,65476,0,300,0,0,8,20529,65476,0,0,44564,70.0,0.0,0.0,0.0,0.0,0.0
2026-09-10T21:02:39,ERR,ERR,ERR,ERR,ERR,ERR,ERR,ERR,ERR,ERR,ERR,ERR,ERR,ERR,ERR,ERR,ERR,ERR,ERR,ERR,ERR,ERR,ERR,ERR,ERR,ERR,ERR,ERR,ERR,ERR,ERR,ERR,ERR,ERR,ERR,ERR,ERR,ERR,ERR,ERR,ERR,ERR,ERR,ERR,ERR,ERR,ERR,ERR,ERR,ERR,ERR,ERR,ERR,ERR,ERR,ERR,ERR,ERR,ERR,ERR,ERR,ERR,ERR,ERR,ERR,ERR,ERR,ERR,ERR,ERR,ERR,ERR,ERR,ERR,ERR,ERR,ERR,ERR,ERR,ERR,ERR,ERR,ERR,ERR,ERR,ERR,ERR,ERR,ERR,ERR,ERR,ERR,ERR,ERR,ERR,ERR,ERR,ERR,ERR,ERR,ERR,ERR,ERR,ERR,ERR,ERR,ERR,ERR,ERR,ERR,ERR,ERR,ERR,ERR,ERR,ERR,ERR,ERR,ERR,ERR,ERR,ERR,ERR,ERR,ERR,0.0,-0.0,0.0,0.0,0.0,1.3936040501711995e+18,7.805,0.0,0,0,4,0,7116,0.0,100,0.0,0.0,0.0,0.0,0.0,0,0,0,0,0.0,0,0,0,0,0,0,0,0,0,0,0,0,0,0,0,0,0,0,0,0,0,0,0,0,0,0,0,0,0,0,0,0,0,31,40,40,71,65476,0,300,0,0,8,21553,0.0,-107605600.0,0.0,0.0,0.0,0.0,0.0,0.0,0.0,0.0,0.0,0.0,0.0,0.0,0.0,0.0,0.0,0.0,0.0,0.0,0.0,0.0,-2.004,-2.004,0.0,-2.004,0.0,0.0,0.0,0.0,4478.0,0.0,6912.0,0.0,-0.0,0.0,-107615288.0,0.0,0.0,0.0,0.0,69,0.0,-4.950392620254373e+32,0.0,0.0,0.0,0.0,0.0,0.0,0.0,0,0,0,0.0,0.0,0.0,0.0,0.0,0.0,0.0,0.0,0.0,0.0,0.0,0.0,0.0,0.0,0.0,0.0,0,-107875648.0,69,0.0,138,0.0,-109183584.0,0,26215,17087,0,17105,26215,17084,0,0,0,70,68,100,-0.0,82.1,0.0,78.9,-107615472.0,79.0,1,49,50,180,0,26215,0,0,0.0,0.0,0.0,0.0,-0.0,67.0,0.0,162057.094,0.0,985,0,1017,0,0,0,957,0,1045,0,942,0,793,0,786,0,823,0,7520,0.032,2.524898095088995e+20,0.0,0.0,784,16797,-0.0,162057.094,-114818.039,-0.0,0.133,6.909358625270745e+28,30.0,70.0,35,0.0,0.0,0.0,0.0,0.0,0.0,0.0,0.0,0.0,0.0,0.0,0.0,0.0,0.0,0.0,0.0,66.0,0,150,71,52,65476,0,300,0,0,8,20529,65476,0,0,44564,70.0,0.0,0.0,0.0,0.0,0.0
2026-09-10T21:02:40,ERR,ERR,ERR,ERR,ERR,ERR,ERR,ERR,ERR,ERR,ERR,ERR,ERR,ERR,ERR,ERR,ERR,ERR,ERR,ERR,ERR,ERR,ERR,ERR,ERR,ERR,ERR,ERR,ERR,ERR,ERR,ERR,ERR,ERR,ERR,ERR,ERR,ERR,ERR,ERR,ERR,ERR,ERR,ERR,ERR,ERR,ERR,ERR,ERR,ERR,ERR,ERR,ERR,ERR,ERR,ERR,ERR,ERR,ERR,ERR,ERR,ERR,ERR,ERR,ERR,ERR,ERR,ERR,ERR,ERR,ERR,ERR,ERR,ERR,ERR,ERR,ERR,ERR,ERR,ERR,ERR,ERR,ERR,ERR,ERR,ERR,ERR,ERR,ERR,ERR,ERR,ERR,ERR,ERR,ERR,ERR,ERR,ERR,ERR,ERR,ERR,ERR,ERR,ERR,ERR,ERR,ERR,ERR,ERR,ERR,ERR,ERR,ERR,ERR,ERR,ERR,ERR,ERR,ERR,ERR,ERR,ERR,ERR,ERR,ERR,0.0,-0.0,0.0,0.0,0.0,1.3936040501711995e+18,7.805,0.0,0,0,4,0,7116,0.0,100,0.0,0.0,0.0,0.0,0.0,0,0,0,0,0.0,0,0,0,0,0,0,0,0,0,0,0,0,0,0,0,0,0,0,0,0,0,0,0,0,0,0,0,0,0,0,0,0,0,31,40,40,71,65476,0,300,0,0,8,21553,0.0,-107605600.0,0.0,0.0,0.0,0.0,0.0,0.0,0.0,0.0,0.0,0.0,0.0,0.0,0.0,0.0,0.0,0.0,0.0,0.0,0.0,0.0,-2.004,-2.004,0.0,-2.004,0.0,0.0,0.0,0.0,4478.0,0.0,6912.0,0.0,-0.0,0.0,-107615288.0,0.0,0.0,0.0,0.0,69,0.0,-4.950392620254373e+32,0.0,0.0,0.0,0.0,0.0,0.0,0.0,0,0,0,0.0,0.0,0.0,0.0,0.0,0.0,0.0,0.0,0.0,0.0,0.0,0.0,0.0,0.0,0.0,0.0,0,-107875648.0,69,0.0,138,0.0,-109183584.0,0,26215,17087,0,17105,26215,17084,0,0,0,70,68,100,-0.0,82.1,0.0,78.9,-107615472.0,79.0,1,49,50,180,0,26215,0,0,0.0,0.0,0.0,0.0,-0.0,67.0,0.0,162057.094,0.0,985,0,1017,0,0,0,957,0,1045,0,942,0,793,0,786,0,823,0,7520,0.032,2.524898095088995e+20,0.0,0.0,784,16797,-0.0,162057.094,-114818.039,-0.0,0.133,6.909358625270745e+28,30.0,70.0,35,0.0,0.0,0.0,0.0,0.0,0.0,0.0,0.0,0.0,0.0,0.0,0.0,0.0,0.0,0.0,0.0,66.0,0,150,71,52,65476,0,300,0,0,8,20529,65476,0,0,44564,70.0,0.0,0.0,0.0,0.0,0.0
2026-09-10T21:02:41,ERR,ERR,ERR,ERR,ERR,ERR,ERR,ERR,ERR,ERR,ERR,ERR,ERR,ERR,ERR,ERR,ERR,ERR,ERR,ERR,ERR,ERR,ERR,ERR,ERR,ERR,ERR,ERR,ERR,ERR,ERR,ERR,ERR,ERR,ERR,ERR,ERR,ERR,ERR,ERR,ERR,ERR,ERR,ERR,ERR,ERR,ERR,ERR,ERR,ERR,ERR,ERR,ERR,ERR,ERR,ERR,ERR,ERR,ERR,ERR,ERR,ERR,ERR,ERR,ERR,ERR,ERR,ERR,ERR,ERR,ERR,ERR,ERR,ERR,ERR,ERR,ERR,ERR,ERR,ERR,ERR,ERR,ERR,ERR,ERR,ERR,ERR,ERR,ERR,ERR,ERR,ERR,ERR,ERR,ERR,ERR,ERR,ERR,ERR,ERR,ERR,ERR,ERR,ERR,ERR,ERR,ERR,ERR,ERR,ERR,ERR,ERR,ERR,ERR,ERR,ERR,ERR,ERR,ERR,ERR,ERR,ERR,ERR,ERR,ERR,0.0,-0.0,0.0,0.0,0.0,1.3936040501711995e+18,7.805,0.0,0,0,4,0,7116,0.0,100,0.0,0.0,0.0,0.0,0.0,0,0,0,0,0.0,0,0,0,0,0,0,0,0,0,0,0,0,0,0,0,0,0,0,0,0,0,0,0,0,0,0,0,0,0,0,0,0,0,31,40,40,71,65476,0,300,0,0,8,21553,0.0,-107605600.0,0.0,0.0,0.0,0.0,0.0,0.0,0.0,0.0,0.0,0.0,0.0,0.0,0.0,0.0,0.0,0.0,0.0,0.0,0.0,0.0,-2.004,-2.004,0.0,-2.004,0.0,0.0,0.0,0.0,4478.0,0.0,6912.0,0.0,-0.0,0.0,-107615288.0,0.0,0.0,0.0,0.0,69,0.0,-4.950392620254373e+32,0.0,0.0,0.0,0.0,0.0,0.0,0.0,0,0,0,0.0,0.0,0.0,0.0,0.0,0.0,0.0,0.0,0.0,0.0,0.0,0.0,0.0,0.0,0.0,0.0,0,-107875648.0,69,0.0,138,0.0,-109183584.0,0,26215,17087,0,17105,26215,17084,0,0,0,70,68,100,-0.0,82.1,0.0,78.9,-107615472.0,79.0,1,49,50,180,0,26215,0,0,0.0,0.0,0.0,0.0,-0.0,67.0,0.0,162057.094,0.0,985,0,1017,0,0,0,957,0,1045,0,942,0,793,0,786,0,823,0,7520,0.032,2.524898095088995e+20,0.0,0.0,784,16797,-0.0,162057.094,-114818.039,-0.0,0.133,6.909358625270745e+28,30.0,70.0,35,0.0,0.0,0.0,0.0,0.0,0.0,0.0,0.0,0.0,0.0,0.0,0.0,0.0,0.0,0.0,0.0,66.4,0,150,71,52,65476,0,300,0,0,8,20529,65476,0,0,44564,70.0,0.0,0.0,0.0,0.0,0.0
2026-09-10T21:02:42,ERR,ERR,ERR,ERR,ERR,ERR,ERR,ERR,ERR,ERR,ERR,ERR,ERR,ERR,ERR,ERR,ERR,ERR,ERR,ERR,ERR,ERR,ERR,ERR,ERR,ERR,ERR,ERR,ERR,ERR,ERR,ERR,ERR,ERR,ERR,ERR,ERR,ERR,ERR,ERR,ERR,ERR,ERR,ERR,ERR,ERR,ERR,ERR,ERR,ERR,ERR,ERR,ERR,ERR,ERR,ERR,ERR,ERR,ERR,ERR,ERR,ERR,ERR,ERR,ERR,ERR,ERR,ERR,ERR,ERR,ERR,ERR,ERR,ERR,ERR,ERR,ERR,ERR,ERR,ERR,ERR,ERR,ERR,ERR,ERR,ERR,ERR,ERR,ERR,ERR,ERR,ERR,ERR,ERR,ERR,ERR,ERR,ERR,ERR,ERR,ERR,ERR,ERR,ERR,ERR,ERR,ERR,ERR,ERR,ERR,ERR,ERR,ERR,ERR,ERR,ERR,ERR,ERR,ERR,ERR,ERR,ERR,ERR,ERR,ERR,0.0,-0.0,0.0,0.0,0.0,1.3936040501711995e+18,7.805,0.0,0,0,4,0,7116,0.0,100,0.0,0.0,0.0,0.0,0.0,0,0,0,0,0.0,0,0,0,0,0,0,0,0,0,0,0,0,0,0,0,0,0,0,0,0,0,0,0,0,0,0,0,0,0,0,0,0,0,31,40,40,71,65476,0,300,0,0,8,21553,0.0,-107605600.0,0.0,0.0,0.0,0.0,0.0,0.0,0.0,0.0,0.0,0.0,0.0,0.0,0.0,0.0,0.0,0.0,0.0,0.0,0.0,0.0,-2.004,-2.004,0.0,-2.004,0.0,0.0,0.0,0.0,4478.0,0.0,6912.0,0.0,-0.0,0.0,-107615288.0,0.0,0.0,0.0,0.0,69,0.0,-4.950392620254373e+32,0.0,0.0,0.0,0.0,0.0,0.0,0.0,0,0,0,0.0,0.0,0.0,0.0,0.0,0.0,0.0,0.0,0.0,0.0,0.0,0.0,0.0,0.0,0.0,0.0,0,-107875648.0,69,0.0,138,0.0,-109183584.0,0,26215,17087,0,17105,26215,17084,0,0,0,70,68,100,-0.0,82.1,0.0,78.9,-107615472.0,79.0,1,49,50,180,0,26215,0,0,0.0,0.0,0.0,0.0,-0.0,67.0,0.0,162057.094,0.0,985,0,1017,0,0,0,957,0,1045,0,942,0,793,0,786,0,823,0,7520,0.032,2.524898095088995e+20,0.0,0.0,784,16797,-0.0,162057.094,-114818.039,-0.0,0.133,6.909358625270745e+28,30.0,70.0,35,0.0,0.0,0.0,0.0,0.0,0.0,0.0,0.0,0.0,0.0,0.0,0.0,0.0,0.0,0.0,0.0,66.4,0,150,71,52,65476,0,300,0,0,8,20529,65476,0,0,44564,70.0,0.0,0.0,0.0,0.0,0.0
2026-09-10T21:02:43,ERR,ERR,ERR,ERR,ERR,ERR,ERR,ERR,ERR,ERR,ERR,ERR,ERR,ERR,ERR,ERR,ERR,ERR,ERR,ERR,ERR,ERR,ERR,ERR,ERR,ERR,ERR,ERR,ERR,ERR,ERR,ERR,ERR,ERR,ERR,ERR,ERR,ERR,ERR,ERR,ERR,ERR,ERR,ERR,ERR,ERR,ERR,ERR,ERR,ERR,ERR,ERR,ERR,ERR,ERR,ERR,ERR,ERR,ERR,ERR,ERR,ERR,ERR,ERR,ERR,ERR,ERR,ERR,ERR,ERR,ERR,ERR,ERR,ERR,ERR,ERR,ERR,ERR,ERR,ERR,ERR,ERR,ERR,ERR,ERR,ERR,ERR,ERR,ERR,ERR,ERR,ERR,ERR,ERR,ERR,ERR,ERR,ERR,ERR,ERR,ERR,ERR,ERR,ERR,ERR,ERR,ERR,ERR,ERR,ERR,ERR,ERR,ERR,ERR,ERR,ERR,ERR,ERR,ERR,ERR,ERR,ERR,ERR,ERR,ERR,0.0,-0.0,0.0,0.0,0.0,1.3936040501711995e+18,7.805,0.0,0,0,4,0,7116,0.0,100,0.0,0.0,0.0,0.0,0.0,0,0,0,0,0.0,0,0,0,0,0,0,0,0,0,0,0,0,0,0,0,0,0,0,0,0,0,0,0,0,0,0,0,0,0,0,0,0,0,31,40,40,71,65476,0,300,0,0,8,21553,0.0,-107605600.0,0.0,0.0,0.0,0.0,0.0,0.0,0.0,0.0,0.0,0.0,0.0,0.0,0.0,0.0,0.0,0.0,0.0,0.0,0.0,0.0,-2.004,-2.004,0.0,-2.004,0.0,0.0,0.0,0.0,4478.0,0.0,6912.0,0.0,-0.0,0.0,-107615288.0,0.0,0.0,0.0,0.0,69,0.0,-4.950392620254373e+32,0.0,0.0,0.0,0.0,0.0,0.0,0.0,0,0,0,0.0,0.0,0.0,0.0,0.0,0.0,0.0,0.0,0.0,0.0,0.0,0.0,0.0,0.0,0.0,0.0,0,-107875648.0,69,0.0,138,0.0,-109183584.0,0,26215,17087,0,17105,26215,17084,0,0,0,70,68,100,-0.0,82.1,0.0,78.8,-107615472.0,79.0,1,49,50,180,0,26215,0,0,0.0,0.0,0.0,0.0,-0.0,67.0,0.0,162057.094,0.0,985,0,1017,0,0,0,957,0,1045,0,942,0,794,0,786,0,823,0,7520,0.032,2.5133688800429264e+20,0.0,0.0,784,16797,-0.0,162057.094,-114818.039,-0.0,0.133,6.909358625270745e+28,30.0,70.0,35,0.0,0.0,0.0,0.0,0.0,0.0,0.0,0.0,0.0,0.0,0.0,0.0,0.0,0.0,0.0,0.0,66.4,0,150,71,52,65476,0,300,0,0,8,20529,65476,0,0,44564,70.0,0.0,0.0,0.0,0.0,0.0
2026-09-10T21:02:44,ERR,ERR,ERR,ERR,ERR,ERR,ERR,ERR,ERR,ERR,ERR,ERR,ERR,ERR,ERR,ERR,ERR,ERR,ERR,ERR,ERR,ERR,ERR,ERR,ERR,ERR,ERR,ERR,ERR,ERR,ERR,ERR,ERR,ERR,ERR,ERR,ERR,ERR,ERR,ERR,ERR,ERR,ERR,ERR,ERR,ERR,ERR,ERR,ERR,ERR,ERR,ERR,ERR,ERR,ERR,ERR,ERR,ERR,ERR,ERR,ERR,ERR,ERR,ERR,ERR,ERR,ERR,ERR,ERR,ERR,ERR,ERR,ERR,ERR,ERR,ERR,ERR,ERR,ERR,ERR,ERR,ERR,ERR,ERR,ERR,ERR,ERR,ERR,ERR,ERR,ERR,ERR,ERR,ERR,ERR,ERR,ERR,ERR,ERR,ERR,ERR,ERR,ERR,ERR,ERR,ERR,ERR,ERR,ERR,ERR,ERR,ERR,ERR,ERR,ERR,ERR,ERR,ERR,ERR,ERR,ERR,ERR,ERR,ERR,ERR,0.0,-0.0,0.0,0.0,0.0,1.3936040501711995e+18,7.805,0.0,0,0,4,0,7116,0.0,100,0.0,0.0,0.0,0.0,0.0,0,0,0,0,0.0,0,0,0,0,0,0,0,0,0,0,0,0,0,0,0,0,0,0,0,0,0,0,0,0,0,0,0,0,0,0,0,0,0,31,40,40,71,65476,0,300,0,0,8,21553,0.0,-107605600.0,0.0,0.0,0.0,0.0,0.0,0.0,0.0,0.0,0.0,0.0,0.0,0.0,0.0,0.0,0.0,0.0,0.0,0.0,0.0,0.0,-2.004,-2.004,0.0,-2.004,0.0,0.0,0.0,0.0,4478.0,0.0,6912.0,0.0,-0.0,0.0,-107615288.0,0.0,0.0,0.0,0.0,69,0.0,-4.950392620254373e+32,0.0,0.0,0.0,0.0,0.0,0.0,0.0,0,0,0,0.0,0.0,0.0,0.0,0.0,0.0,0.0,0.0,0.0,0.0,0.0,0.0,0.0,0.0,0.0,0.0,0,-107875648.0,69,0.0,138,0.0,-109183584.0,0,26215,17087,0,17105,26215,17084,0,0,0,70,68,100,-0.0,82.1,0.0,78.8,-107615472.0,79.0,1,49,50,180,0,26215,0,0,0.0,0.0,0.0,0.0,-0.0,67.0,0.0,162057.094,0.0,985,0,1017,0,0,0,957,0,1045,0,942,0,794,0,786,0,823,0,7520,0.032,2.5133688800429264e+20,0.0,0.0,784,16797,-0.0,162057.094,-114818.039,-0.0,0.133,6.909358625270745e+28,30.0,70.0,35,0.0,0.0,0.0,0.0,0.0,0.0,0.0,0.0,0.0,0.0,0.0,0.0,0.0,0.0,0.0,0.0,66.4,0,150,71,52,65476,0,300,0,0,8,20529,65476,0,0,44564,70.0,0.0,0.0,0.0,0.0,0.0
2026-09-10T21:02:45,ERR,ERR,ERR,ERR,ERR,ERR,ERR,ERR,ERR,ERR,ERR,ERR,ERR,ERR,ERR,ERR,ERR,ERR,ERR,ERR,ERR,ERR,ERR,ERR,ERR,ERR,ERR,ERR,ERR,ERR,ERR,ERR,ERR,ERR,ERR,ERR,ERR,ERR,ERR,ERR,ERR,ERR,ERR,ERR,ERR,ERR,ERR,ERR,ERR,ERR,ERR,ERR,ERR,ERR,ERR,ERR,ERR,ERR,ERR,ERR,ERR,ERR,ERR,ERR,ERR,ERR,ERR,ERR,ERR,ERR,ERR,ERR,ERR,ERR,ERR,ERR,ERR,ERR,ERR,ERR,ERR,ERR,ERR,ERR,ERR,ERR,ERR,ERR,ERR,ERR,ERR,ERR,ERR,ERR,ERR,ERR,ERR,ERR,ERR,ERR,ERR,ERR,ERR,ERR,ERR,ERR,ERR,ERR,ERR,ERR,ERR,ERR,ERR,ERR,ERR,ERR,ERR,ERR,ERR,ERR,ERR,ERR,ERR,ERR,ERR,0.0,-0.0,0.0,0.0,0.0,1.3936040501711995e+18,7.805,0.0,0,0,4,0,7116,0.0,100,0.0,0.0,0.0,0.0,0.0,0,0,0,0,0.0,0,0,0,0,0,0,0,0,0,0,0,0,0,0,0,0,0,0,0,0,0,0,0,0,0,0,0,0,0,0,0,0,0,31,40,40,71,65476,0,300,0,0,8,21553,0.0,-107605600.0,0.0,0.0,0.0,0.0,0.0,0.0,0.0,0.0,0.0,0.0,0.0,0.0,0.0,0.0,0.0,0.0,0.0,0.0,0.0,0.0,-2.004,-2.004,0.0,-2.004,0.0,0.0,0.0,0.0,4478.0,0.0,6912.0,0.0,-0.0,0.0,-107615288.0,0.0,0.0,0.0,0.0,69,0.0,-4.950392620254373e+32,0.0,0.0,0.0,0.0,0.0,0.0,0.0,0,0,0,0.0,0.0,0.0,0.0,0.0,0.0,0.0,0.0,0.0,0.0,0.0,0.0,0.0,0.0,0.0,0.0,0,-107875648.0,69,0.0,138,0.0,-109183584.0,0,26215,17087,0,17105,26215,17084,0,0,0,70,68,100,-0.0,82.1,0.0,78.8,-107615472.0,79.0,1,49,50,180,0,26215,0,0,0.0,0.0,0.0,0.0,-0.0,67.0,0.0,162057.094,0.0,985,0,1017,0,0,0,957,0,1045,0,942,0,794,0,786,0,823,0,7520,0.032,2.5133688800429264e+20,0.0,0.0,784,16797,-0.0,162057.094,-114818.039,-0.0,0.133,6.909358625270745e+28,30.0,70.0,35,0.0,0.0,0.0,0.0,0.0,0.0,0.0,0.0,0.0,0.0,0.0,0.0,0.0,0.0,0.0,0.0,66.4,0,150,71,52,65476,0,300,0,0,8,20529,65476,0,0,44564,70.0,0.0,0.0,0.0,0.0,0.0
2026-09-10T21:02:46,ERR,ERR,ERR,ERR,ERR,ERR,ERR,ERR,ERR,ERR,ERR,ERR,ERR,ERR,ERR,ERR,ERR,ERR,ERR,ERR,ERR,ERR,ERR,ERR,ERR,ERR,ERR,ERR,ERR,ERR,ERR,ERR,ERR,ERR,ERR,ERR,ERR,ERR,ERR,ERR,ERR,ERR,ERR,ERR,ERR,ERR,ERR,ERR,ERR,ERR,ERR,ERR,ERR,ERR,ERR,ERR,ERR,ERR,ERR,ERR,ERR,ERR,ERR,ERR,ERR,ERR,ERR,ERR,ERR,ERR,ERR,ERR,ERR,ERR,ERR,ERR,ERR,ERR,ERR,ERR,ERR,ERR,ERR,ERR,ERR,ERR,ERR,ERR,ERR,ERR,ERR,ERR,ERR,ERR,ERR,ERR,ERR,ERR,ERR,ERR,ERR,ERR,ERR,ERR,ERR,ERR,ERR,ERR,ERR,ERR,ERR,ERR,ERR,ERR,ERR,ERR,ERR,ERR,ERR,ERR,ERR,ERR,ERR,ERR,ERR,0.0,-0.0,0.0,0.0,0.0,1.3936040501711995e+18,7.805,0.0,0,0,4,0,7116,0.0,100,0.0,0.0,0.0,0.0,0.0,0,0,0,0,0.0,0,0,0,0,0,0,0,0,0,0,0,0,0,0,0,0,0,0,0,0,0,0,0,0,0,0,0,0,0,0,0,0,0,31,40,40,71,65476,0,300,0,0,8,21553,0.0,-107605600.0,0.0,0.0,0.0,0.0,0.0,0.0,0.0,0.0,0.0,0.0,0.0,0.0,0.0,0.0,0.0,0.0,0.0,0.0,0.0,0.0,-2.004,-2.004,0.0,-2.004,0.0,0.0,0.0,0.0,4478.0,0.0,6912.0,0.0,-0.0,0.0,-107615288.0,0.0,0.0,0.0,0.0,69,0.0,-4.950392620254373e+32,0.0,0.0,0.0,0.0,0.0,0.0,0.0,0,0,0,0.0,0.0,0.0,0.0,0.0,0.0,0.0,0.0,0.0,0.0,0.0,0.0,0.0,0.0,0.0,0.0,0,-107875648.0,69,0.0,138,0.0,-109183584.0,0,26215,17087,0,17105,26215,17084,0,0,0,70,68,100,-0.0,82.1,0.0,78.8,-107615472.0,79.0,1,49,50,180,0,26215,0,0,0.0,0.0,0.0,0.0,-0.0,67.0,0.0,162057.094,0.0,985,0,1017,0,0,0,957,0,1045,0,942,0,794,0,786,0,823,0,7520,0.032,2.5133688800429264e+20,0.0,0.0,784,16797,-0.0,162057.094,-114818.039,-0.0,0.133,6.909358625270745e+28,30.0,70.0,35,0.0,0.0,0.0,0.0,0.0,0.0,0.0,0.0,0.0,0.0,0.0,0.0,0.0,0.0,0.0,0.0,66.4,0,150,71,52,65476,0,300,0,0,8,20529,65476,0,0,44564,70.0,0.0,0.0,0.0,0.0,0.0
2026-09-10T21:02:47,ERR,ERR,ERR,ERR,ERR,ERR,ERR,ERR,ERR,ERR,ERR,ERR,ERR,ERR,ERR,ERR,ERR,ERR,ERR,ERR,ERR,ERR,ERR,ERR,ERR,ERR,ERR,ERR,ERR,ERR,ERR,ERR,ERR,ERR,ERR,ERR,ERR,ERR,ERR,ERR,ERR,ERR,ERR,ERR,ERR,ERR,ERR,ERR,ERR,ERR,ERR,ERR,ERR,ERR,ERR,ERR,ERR,ERR,ERR,ERR,ERR,ERR,ERR,ERR,ERR,ERR,ERR,ERR,ERR,ERR,ERR,ERR,ERR,ERR,ERR,ERR,ERR,ERR,ERR,ERR,ERR,ERR,ERR,ERR,ERR,ERR,ERR,ERR,ERR,ERR,ERR,ERR,ERR,ERR,ERR,ERR,ERR,ERR,ERR,ERR,ERR,ERR,ERR,ERR,ERR,ERR,ERR,ERR,ERR,ERR,ERR,ERR,ERR,ERR,ERR,ERR,ERR,ERR,ERR,ERR,ERR,ERR,ERR,ERR,ERR,0.0,-0.0,0.0,0.0,0.0,1.3936040501711995e+18,7.805,0.0,0,0,4,0,7116,0.0,100,0.0,0.0,0.0,0.0,0.0,0,0,0,0,0.0,0,0,0,0,0,0,0,0,0,0,0,0,0,0,0,0,0,0,0,0,0,0,0,0,0,0,0,0,0,0,0,0,0,31,40,40,71,65476,0,300,0,0,8,21553,0.0,-107605600.0,0.0,0.0,0.0,0.0,0.0,0.0,0.0,0.0,0.0,0.0,0.0,0.0,0.0,0.0,0.0,0.0,0.0,0.0,0.0,0.0,-2.004,-2.004,0.0,-2.004,0.0,0.0,0.0,0.0,4478.0,0.0,6912.0,0.0,-0.0,0.0,-107615288.0,0.0,0.0,0.0,0.0,69,0.0,-4.950392620254373e+32,0.0,0.0,0.0,0.0,0.0,0.0,0.0,0,0,0,0.0,0.0,0.0,0.0,0.0,0.0,0.0,0.0,0.0,0.0,0.0,0.0,0.0,0.0,0.0,0.0,0,-107875648.0,69,0.0,138,0.0,-109183584.0,0,26215,17087,0,17105,26215,17084,0,0,0,70,68,100,-0.0,82.1,0.0,78.8,-107615472.0,79.0,1,49,50,180,0,26215,0,0,0.0,0.0,0.0,0.0,-0.0,67.0,0.0,162057.094,0.0,985,0,1017,0,0,0,957,0,1045,0,942,0,794,0,786,0,823,0,7520,0.032,2.5133688800429264e+20,0.0,0.0,784,16797,-0.0,162057.094,-114818.039,-0.0,0.133,6.909358625270745e+28,30.0,70.0,35,0.0,0.0,0.0,0.0,0.0,0.0,0.0,0.0,0.0,0.0,0.0,0.0,0.0,0.0,0.0,0.0,66.0,0,150,71,52,65476,0,300,0,0,8,20529,65476,0,0,44564,70.0,0.0,0.0,0.0,0.0,0.0
2026-09-10T21:02:48,ERR,ERR,ERR,ERR,ERR,ERR,ERR,ERR,ERR,ERR,ERR,ERR,ERR,ERR,ERR,ERR,ERR,ERR,ERR,ERR,ERR,ERR,ERR,ERR,ERR,ERR,ERR,ERR,ERR,ERR,ERR,ERR,ERR,ERR,ERR,ERR,ERR,ERR,ERR,ERR,ERR,ERR,ERR,ERR,ERR,ERR,ERR,ERR,ERR,ERR,ERR,ERR,ERR,ERR,ERR,ERR,ERR,ERR,ERR,ERR,ERR,ERR,ERR,ERR,ERR,ERR,ERR,ERR,ERR,ERR,ERR,ERR,ERR,ERR,ERR,ERR,ERR,ERR,ERR,ERR,ERR,ERR,ERR,ERR,ERR,ERR,ERR,ERR,ERR,ERR,ERR,ERR,ERR,ERR,ERR,ERR,ERR,ERR,ERR,ERR,ERR,ERR,ERR,ERR,ERR,ERR,ERR,ERR,ERR,ERR,ERR,ERR,ERR,ERR,ERR,ERR,ERR,ERR,ERR,ERR,ERR,ERR,ERR,ERR,ERR,0.0,-0.0,0.0,0.0,0.0,1.3936040501711995e+18,7.805,0.0,0,0,4,0,7116,0.0,100,0.0,0.0,0.0,0.0,0.0,0,0,0,0,0.0,0,0,0,0,0,0,0,0,0,0,0,0,0,0,0,0,0,0,0,0,0,0,0,0,0,0,0,0,0,0,0,0,0,31,40,40,71,65476,0,300,0,0,8,21553,0.0,-107605600.0,0.0,0.0,0.0,0.0,0.0,0.0,0.0,0.0,0.0,0.0,0.0,0.0,0.0,0.0,0.0,0.0,0.0,0.0,0.0,0.0,-2.004,-2.004,0.0,-2.004,0.0,0.0,0.0,0.0,4440.0,-1.0406631525649014e+34,6942.0,0.0,-0.0,0.0,-107615288.0,0.0,0.0,0.0,0.0,69,0.0,-152016894558208.0,0.0,0.0,0.0,0.0,0.0,0.0,0.0,0,0,0,0.0,0.0,0.0,0.0,0.0,0.0,0.0,0.0,0.0,0.0,0.0,0.0,0.0,0.0,0.0,0.0,0,-107875648.0,69,0.0,138,0.0,-109183584.0,0,26215,17087,0,17105,26215,17084,0,0,0,70,68,100,-0.0,82.1,0.0,78.8,-107615472.0,79.0,1,49,50,180,0,26215,0,0,0.0,0.0,0.0,0.0,-0.0,67.0,0.0,162057.094,0.0,985,0,1017,0,0,0,957,0,1045,0,942,0,794,0,786,0,823,0,7520,0.032,2.5133688800429264e+20,0.0,0.0,784,16797,-0.0,162057.094,-114818.039,-0.0,0.133,6.909358625270745e+28,30.0,70.0,35,0.0,0.0,0.0,0.0,0.0,0.0,0.0,0.0,0.0,0.0,0.0,0.0,0.0,0.0,0.0,0.0,66.0,0,150,71,52,65476,0,300,0,0,8,20529,65476,0,0,44564,70.0,0.0,0.0,0.0,0.0,0.0
2026-09-10T21:02:49,ERR,ERR,ERR,ERR,ERR,ERR,ERR,ERR,ERR,ERR,ERR,ERR,ERR,ERR,ERR,ERR,ERR,ERR,ERR,ERR,ERR,ERR,ERR,ERR,ERR,ERR,ERR,ERR,ERR,ERR,ERR,ERR,ERR,ERR,ERR,ERR,ERR,ERR,ERR,ERR,ERR,ERR,ERR,ERR,ERR,ERR,ERR,ERR,ERR,ERR,ERR,ERR,ERR,ERR,ERR,ERR,ERR,ERR,ERR,ERR,ERR,ERR,ERR,ERR,ERR,ERR,ERR,ERR,ERR,ERR,ERR,ERR,ERR,ERR,ERR,ERR,ERR,ERR,ERR,ERR,ERR,ERR,ERR,ERR,ERR,ERR,ERR,ERR,ERR,ERR,ERR,ERR,ERR,ERR,ERR,ERR,ERR,ERR,ERR,ERR,ERR,ERR,ERR,ERR,ERR,ERR,ERR,ERR,ERR,ERR,ERR,ERR,ERR,ERR,ERR,ERR,ERR,ERR,ERR,ERR,ERR,ERR,ERR,ERR,ERR,0.0,-0.0,0.0,0.0,0.0,1.3936040501711995e+18,7.805,0.0,0,0,4,0,7116,0.0,100,0.0,0.0,0.0,0.0,0.0,0,0,0,0,0.0,0,0,0,0,0,0,0,0,0,0,0,0,0,0,0,0,0,0,0,0,0,0,0,0,0,0,0,0,0,0,0,0,0,31,40,40,71,65476,0,300,0,0,8,21553,0.0,-107605600.0,0.0,0.0,0.0,0.0,0.0,0.0,0.0,0.0,0.0,0.0,0.0,0.0,0.0,0.0,0.0,0.0,0.0,0.0,0.0,0.0,-2.004,-2.004,0.0,-2.004,0.0,0.0,0.0,0.0,4440.0,-1.0406631525649014e+34,6942.0,0.0,-0.0,0.0,-107615288.0,0.0,0.0,0.0,0.0,69,0.0,-152016894558208.0,0.0,0.0,0.0,0.0,0.0,0.0,0.0,0,0,0,0.0,0.0,0.0,0.0,0.0,0.0,0.0,0.0,0.0,0.0,0.0,0.0,0.0,0.0,0.0,0.0,0,-107875648.0,69,0.0,138,0.0,-109183584.0,0,26215,17087,0,17105,26215,17084,0,0,0,70,68,100,-0.0,82.1,0.0,78.9,-107615472.0,79.0,1,49,50,180,0,26215,0,0,0.0,0.0,0.0,0.0,-0.0,67.0,0.0,162057.094,0.0,985,0,1017,0,0,0,957,0,1045,0,943,0,793,0,786,0,823,0,7520,0.032,2.5133688800429264e+20,0.0,0.0,784,16797,-0.0,162057.094,-114818.039,-0.0,0.133,6.909358625270745e+28,30.0,70.0,35,0.0,0.0,0.0,0.0,0.0,0.0,0.0,0.0,0.0,0.0,0.0,0.0,0.0,0.0,0.0,0.0,66.4,0,150,71,52,65476,0,300,0,0,8,20529,65476,0,0,44564,70.0,0.0,0.0,0.0,0.0,0.0
2026-09-10T21:02:50,ERR,ERR,ERR,ERR,ERR,ERR,ERR,ERR,ERR,ERR,ERR,ERR,ERR,ERR,ERR,ERR,ERR,ERR,ERR,ERR,ERR,ERR,ERR,ERR,ERR,ERR,ERR,ERR,ERR,ERR,ERR,ERR,ERR,ERR,ERR,ERR,ERR,ERR,ERR,ERR,ERR,ERR,ERR,ERR,ERR,ERR,ERR,ERR,ERR,ERR,ERR,ERR,ERR,ERR,ERR,ERR,ERR,ERR,ERR,ERR,ERR,ERR,ERR,ERR,ERR,ERR,ERR,ERR,ERR,ERR,ERR,ERR,ERR,ERR,ERR,ERR,ERR,ERR,ERR,ERR,ERR,ERR,ERR,ERR,ERR,ERR,ERR,ERR,ERR,ERR,ERR,ERR,ERR,ERR,ERR,ERR,ERR,ERR,ERR,ERR,ERR,ERR,ERR,ERR,ERR,ERR,ERR,ERR,ERR,ERR,ERR,ERR,ERR,ERR,ERR,ERR,ERR,ERR,ERR,ERR,ERR,ERR,ERR,ERR,ERR,0.0,-0.0,0.0,0.0,0.0,1.3936040501711995e+18,7.805,0.0,0,0,4,0,7116,0.0,100,0.0,0.0,0.0,0.0,0.0,0,0,0,0,0.0,0,0,0,0,0,0,0,0,0,0,0,0,0,0,0,0,0,0,0,0,0,0,0,0,0,0,0,0,0,0,0,0,0,31,40,40,71,65476,0,300,0,0,8,21553,0.0,-107605600.0,0.0,0.0,0.0,0.0,0.0,0.0,0.0,0.0,0.0,0.0,0.0,0.0,0.0,0.0,0.0,0.0,0.0,0.0,0.0,0.0,-2.004,-2.004,0.0,-2.004,0.0,0.0,0.0,0.0,4440.0,-1.0406631525649014e+34,6942.0,0.0,-0.0,0.0,-107615288.0,0.0,0.0,0.0,0.0,69,0.0,-152016894558208.0,0.0,0.0,0.0,0.0,0.0,0.0,0.0,0,0,0,0.0,0.0,0.0,0.0,0.0,0.0,0.0,0.0,0.0,0.0,0.0,0.0,0.0,0.0,0.0,0.0,0,-107875648.0,69,0.0,138,0.0,-109183584.0,0,26215,17087,0,17105,26215,17084,0,0,0,70,68,100,-0.0,82.1,0.0,78.9,-107615472.0,79.0,1,49,50,180,0,26215,0,0,0.0,0.0,0.0,0.0,-0.0,67.0,0.0,162057.094,0.0,985,0,1017,0,0,0,957,0,1045,0,943,0,793,0,786,0,823,0,7520,0.032,2.5133688800429264e+20,0.0,0.0,784,16797,-0.0,162057.094,-114818.039,-0.0,0.133,6.909358625270745e+28,30.0,70.0,35,0.0,0.0,0.0,0.0,0.0,0.0,0.0,0.0,0.0,0.0,0.0,0.0,0.0,0.0,0.0,0.0,66.4,0,150,71,52,65476,0,300,0,0,8,20529,65476,0,0,44564,70.0,0.0,0.0,0.0,0.0,0.0
2026-09-10T21:02:51,ERR,ERR,ERR,ERR,ERR,ERR,ERR,ERR,ERR,ERR,ERR,ERR,ERR,ERR,ERR,ERR,ERR,ERR,ERR,ERR,ERR,ERR,ERR,ERR,ERR,ERR,ERR,ERR,ERR,ERR,ERR,ERR,ERR,ERR,ERR,ERR,ERR,ERR,ERR,ERR,ERR,ERR,ERR,ERR,ERR,ERR,ERR,ERR,ERR,ERR,ERR,ERR,ERR,ERR,ERR,ERR,ERR,ERR,ERR,ERR,ERR,ERR,ERR,ERR,ERR,ERR,ERR,ERR,ERR,ERR,ERR,ERR,ERR,ERR,ERR,ERR,ERR,ERR,ERR,ERR,ERR,ERR,ERR,ERR,ERR,ERR,ERR,ERR,ERR,ERR,ERR,ERR,ERR,ERR,ERR,ERR,ERR,ERR,ERR,ERR,ERR,ERR,ERR,ERR,ERR,ERR,ERR,ERR,ERR,ERR,ERR,ERR,ERR,ERR,ERR,ERR,ERR,ERR,ERR,ERR,ERR,ERR,ERR,ERR,ERR,0.0,-0.0,0.0,0.0,0.0,1.3936040501711995e+18,7.805,0.0,0,0,4,0,7116,0.0,100,0.0,0.0,0.0,0.0,0.0,0,0,0,0,0.0,0,0,0,0,0,0,0,0,0,0,0,0,0,0,0,0,0,0,0,0,0,0,0,0,0,0,0,0,0,0,0,0,0,31,40,40,71,65476,0,300,0,0,8,21553,0.0,-107605600.0,0.0,0.0,0.0,0.0,0.0,0.0,0.0,0.0,0.0,0.0,0.0,0.0,0.0,0.0,0.0,0.0,0.0,0.0,0.0,0.0,-2.004,-2.004,0.0,-2.004,0.0,0.0,0.0,0.0,4440.0,-1.0406631525649014e+34,6942.0,0.0,-0.0,0.0,-107615288.0,0.0,0.0,0.0,0.0,69,0.0,-152016894558208.0,0.0,0.0,0.0,0.0,0.0,0.0,0.0,0,0,0,0.0,0.0,0.0,0.0,0.0,0.0,0.0,0.0,0.0,0.0,0.0,0.0,0.0,0.0,0.0,0.0,0,-107875648.0,69,0.0,138,0.0,-109183584.0,0,26215,17087,0,17105,26215,17084,0,0,0,70,68,100,-0.0,82.1,0.0,78.9,-107615472.0,79.0,1,49,50,180,0,26215,0,0,0.0,0.0,0.0,0.0,-0.0,67.0,0.0,162057.094,0.0,985,0,1017,0,0,0,957,0,1045,0,943,0,793,0,786,0,823,0,7520,0.032,2.5133688800429264e+20,0.0,0.0,784,16797,-0.0,162057.094,-114818.039,-0.0,0.133,6.909358625270745e+28,30.0,70.0,35,0.0,0.0,0.0,0.0,0.0,0.0,0.0,0.0,0.0,0.0,0.0,0.0,0.0,0.0,0.0,0.0,66.4,0,150,71,52,65476,0,300,0,0,8,20529,65476,0,0,44564,70.0,0.0,0.0,0.0,0.0,0.0
2026-09-10T21:02:52,ERR,ERR,ERR,ERR,ERR,ERR,ERR,ERR,ERR,ERR,ERR,ERR,ERR,ERR,ERR,ERR,ERR,ERR,ERR,ERR,ERR,ERR,ERR,ERR,ERR,ERR,ERR,ERR,ERR,ERR,ERR,ERR,ERR,ERR,ERR,ERR,ERR,ERR,ERR,ERR,ERR,ERR,ERR,ERR,ERR,ERR,ERR,ERR,ERR,ERR,ERR,ERR,ERR,ERR,ERR,ERR,ERR,ERR,ERR,ERR,ERR,ERR,ERR,ERR,ERR,ERR,ERR,ERR,ERR,ERR,ERR,ERR,ERR,ERR,ERR,ERR,ERR,ERR,ERR,ERR,ERR,ERR,ERR,ERR,ERR,ERR,ERR,ERR,ERR,ERR,ERR,ERR,ERR,ERR,ERR,ERR,ERR,ERR,ERR,ERR,ERR,ERR,ERR,ERR,ERR,ERR,ERR,ERR,ERR,ERR,ERR,ERR,ERR,ERR,ERR,ERR,ERR,ERR,ERR,ERR,ERR,ERR,ERR,ERR,ERR,0.0,-0.0,0.0,0.0,0.0,1.3936040501711995e+18,7.805,0.0,0,0,4,0,7116,0.0,100,0.0,0.0,0.0,0.0,0.0,0,0,0,0,0.0,0,0,0,0,0,0,0,0,0,0,0,0,0,0,0,0,0,0,0,0,0,0,0,0,0,0,0,0,0,0,0,0,0,31,40,40,71,65476,0,300,0,0,8,21553,0.0,-107605600.0,0.0,0.0,0.0,0.0,0.0,0.0,0.0,0.0,0.0,0.0,0.0,0.0,0.0,0.0,0.0,0.0,0.0,0.0,0.0,0.0,-2.004,-2.004,0.0,-2.004,0.0,0.0,0.0,0.0,4440.0,-1.0406631525649014e+34,6942.0,0.0,-0.0,0.0,-107615288.0,0.0,0.0,0.0,0.0,69,0.0,-152016894558208.0,0.0,0.0,0.0,0.0,0.0,0.0,0.0,0,0,0,0.0,0.0,0.0,0.0,0.0,0.0,0.0,0.0,0.0,0.0,0.0,0.0,0.0,0.0,0.0,0.0,0,-107875648.0,69,0.0,138,0.0,-109183584.0,0,26215,17087,0,17105,26215,17084,0,0,0,70,68,100,-0.0,82.1,0.0,78.9,-107615472.0,79.0,1,49,50,180,0,26215,0,0,0.0,0.0,0.0,0.0,-0.0,67.0,0.0,162057.094,0.0,985,0,1017,0,0,0,957,0,1045,0,943,0,793,0,786,0,823,0,7520,0.032,2.5133688800429264e+20,0.0,0.0,784,16797,-0.0,162057.094,-114818.039,-0.0,0.133,6.909358625270745e+28,30.0,70.0,35,0.0,0.0,0.0,0.0,0.0,0.0,0.0,0.0,0.0,0.0,0.0,0.0,0.0,0.0,0.0,0.0,66.4,0,150,71,52,65476,0,300,0,0,8,20529,65476,0,0,44564,70.0,0.0,0.0,0.0,0.0,0.0
2026-09-10T21:02:53,ERR,ERR,ERR,ERR,ERR,ERR,ERR,ERR,ERR,ERR,ERR,ERR,ERR,ERR,ERR,ERR,ERR,ERR,ERR,ERR,ERR,ERR,ERR,ERR,ERR,ERR,ERR,ERR,ERR,ERR,ERR,ERR,ERR,ERR,ERR,ERR,ERR,ERR,ERR,ERR,ERR,ERR,ERR,ERR,ERR,ERR,ERR,ERR,ERR,ERR,ERR,ERR,ERR,ERR,ERR,ERR,ERR,ERR,ERR,ERR,ERR,ERR,ERR,ERR,ERR,ERR,ERR,ERR,ERR,ERR,ERR,ERR,ERR,ERR,ERR,ERR,ERR,ERR,ERR,ERR,ERR,ERR,ERR,ERR,ERR,ERR,ERR,ERR,ERR,ERR,ERR,ERR,ERR,ERR,ERR,ERR,ERR,ERR,ERR,ERR,ERR,ERR,ERR,ERR,ERR,ERR,ERR,ERR,ERR,ERR,ERR,ERR,ERR,ERR,ERR,ERR,ERR,ERR,ERR,ERR,ERR,ERR,ERR,ERR,ERR,0.0,-0.0,0.0,0.0,0.0,1.3936040501711995e+18,7.805,0.0,0,0,4,0,7116,0.0,100,0.0,0.0,0.0,0.0,0.0,0,0,0,0,0.0,0,0,0,0,0,0,0,0,0,0,0,0,0,0,0,0,0,0,0,0,0,0,0,0,0,0,0,0,0,0,0,0,0,31,40,40,71,65476,0,300,0,0,8,21553,0.0,-107605600.0,0.0,0.0,0.0,0.0,0.0,0.0,0.0,0.0,0.0,0.0,0.0,0.0,0.0,0.0,0.0,0.0,0.0,0.0,0.0,0.0,-2.004,-2.004,0.0,-2.004,0.0,0.0,0.0,0.0,4440.0,-1.0406631525649014e+34,6942.0,0.0,-0.0,0.0,-107615288.0,0.0,0.0,0.0,0.0,69,0.0,-152016894558208.0,0.0,0.0,0.0,0.0,0.0,0.0,0.0,0,0,0,0.0,0.0,0.0,0.0,0.0,0.0,0.0,0.0,0.0,0.0,0.0,0.0,0.0,0.0,0.0,0.0,0,-107875648.0,69,0.0,138,0.0,-109183584.0,0,26215,17087,0,17105,26215,17084,0,0,0,70,68,100,-0.0,82.1,0.0,78.9,-107615472.0,79.0,1,49,50,180,0,26215,0,0,0.0,0.0,0.0,0.0,-0.0,67.0,0.0,162057.094,0.0,985,0,1017,0,0,0,957,0,1045,0,943,0,793,0,786,0,823,0,7520,0.032,2.5133688800429264e+20,0.0,0.0,784,16797,-0.0,162057.094,-114818.039,-0.0,0.133,6.909358625270745e+28,30.0,70.0,35,0.0,0.0,0.0,0.0,0.0,0.0,0.0,0.0,0.0,0.0,0.0,0.0,0.0,0.0,0.0,0.0,66.4,0,150,71,52,65476,0,300,0,0,8,20529,65476,0,0,44564,70.0,0.0,0.0,0.0,0.0,0.0
2026-09-10T21:02:54,ERR,ERR,ERR,ERR,ERR,ERR,ERR,ERR,ERR,ERR,ERR,ERR,ERR,ERR,ERR,ERR,ERR,ERR,ERR,ERR,ERR,ERR,ERR,ERR,ERR,ERR,ERR,ERR,ERR,ERR,ERR,ERR,ERR,ERR,ERR,ERR,ERR,ERR,ERR,ERR,ERR,ERR,ERR,ERR,ERR,ERR,ERR,ERR,ERR,ERR,ERR,ERR,ERR,ERR,ERR,ERR,ERR,ERR,ERR,ERR,ERR,ERR,ERR,ERR,ERR,ERR,ERR,ERR,ERR,ERR,ERR,ERR,ERR,ERR,ERR,ERR,ERR,ERR,ERR,ERR,ERR,ERR,ERR,ERR,ERR,ERR,ERR,ERR,ERR,ERR,ERR,ERR,ERR,ERR,ERR,ERR,ERR,ERR,ERR,ERR,ERR,ERR,ERR,ERR,ERR,ERR,ERR,ERR,ERR,ERR,ERR,ERR,ERR,ERR,ERR,ERR,ERR,ERR,ERR,ERR,ERR,ERR,ERR,ERR,ERR,0.0,-0.0,0.0,0.0,0.0,1.3936040501711995e+18,7.805,0.0,0,0,4,0,7116,0.0,100,0.0,0.0,0.0,0.0,0.0,0,0,0,0,0.0,0,0,0,0,0,0,0,0,0,0,0,0,0,0,0,0,0,0,0,0,0,0,0,0,0,0,0,0,0,0,0,0,0,31,40,40,71,65476,0,300,0,0,8,21553,0.0,-107605600.0,0.0,0.0,0.0,0.0,0.0,0.0,0.0,0.0,0.0,0.0,0.0,0.0,0.0,0.0,0.0,0.0,0.0,0.0,0.0,0.0,-2.004,-2.004,0.0,-2.004,0.0,0.0,0.0,0.0,4440.0,-1.0406631525649014e+34,6942.0,0.0,-0.0,0.0,-107615288.0,0.0,0.0,0.0,0.0,69,0.0,-152016894558208.0,0.0,0.0,0.0,0.0,0.0,0.0,0.0,0,0,0,0.0,0.0,0.0,0.0,0.0,0.0,0.0,0.0,0.0,0.0,0.0,0.0,0.0,0.0,0.0,0.0,0,-107875648.0,69,0.0,138,0.0,-109183584.0,0,26215,17087,0,17105,26215,17084,0,0,0,70,68,100,-0.0,82.1,0.0,78.9,-107615472.0,79.0,1,49,50,180,0,26215,0,0,0.0,0.0,0.0,0.0,-0.0,67.0,0.0,162057.094,0.0,985,0,1017,0,0,0,957,0,1045,0,943,0,793,0,786,0,823,0,7520,0.032,2.5133688800429264e+20,0.0,0.0,784,16797,-0.0,162057.094,-114818.039,-0.0,0.133,6.909358625270745e+28,30.0,70.0,35,0.0,0.0,0.0,0.0,0.0,0.0,0.0,0.0,0.0,0.0,0.0,0.0,0.0,0.0,0.0,0.0,66.4,0,150,71,52,65476,0,300,0,0,8,20529,65476,0,0,44564,70.0,0.0,0.0,0.0,0.0,0.0
2026-09-10T21:02:55,ERR,ERR,ERR,ERR,ERR,ERR,ERR,ERR,ERR,ERR,ERR,ERR,ERR,ERR,ERR,ERR,ERR,ERR,ERR,ERR,ERR,ERR,ERR,ERR,ERR,ERR,ERR,ERR,ERR,ERR,ERR,ERR,ERR,ERR,ERR,ERR,ERR,ERR,ERR,ERR,ERR,ERR,ERR,ERR,ERR,ERR,ERR,ERR,ERR,ERR,ERR,ERR,ERR,ERR,ERR,ERR,ERR,ERR,ERR,ERR,ERR,ERR,ERR,ERR,ERR,ERR,ERR,ERR,ERR,ERR,ERR,ERR,ERR,ERR,ERR,ERR,ERR,ERR,ERR,ERR,ERR,ERR,ERR,ERR,ERR,ERR,ERR,ERR,ERR,ERR,ERR,ERR,ERR,ERR,ERR,ERR,ERR,ERR,ERR,ERR,ERR,ERR,ERR,ERR,ERR,ERR,ERR,ERR,ERR,ERR,ERR,ERR,ERR,ERR,ERR,ERR,ERR,ERR,ERR,ERR,ERR,ERR,ERR,ERR,ERR,0.0,-0.0,0.0,0.0,0.0,1.3936040501711995e+18,7.805,0.0,0,0,4,0,7116,0.0,100,0.0,0.0,0.0,0.0,0.0,0,0,0,0,0.0,0,0,0,0,0,0,0,0,0,0,0,0,0,0,0,0,0,0,0,0,0,0,0,0,0,0,0,0,0,0,0,0,0,31,40,40,71,65476,0,300,0,0,8,21553,0.0,-107605600.0,0.0,0.0,0.0,0.0,0.0,0.0,0.0,0.0,0.0,0.0,0.0,0.0,0.0,0.0,0.0,0.0,0.0,0.0,0.0,0.0,-2.004,-2.004,0.0,-2.004,0.0,0.0,0.0,0.0,4440.0,-1.0406631525649014e+34,6942.0,0.0,-0.0,0.0,-107615288.0,0.0,0.0,0.0,0.0,69,0.0,-152016894558208.0,0.0,0.0,0.0,0.0,0.0,0.0,0.0,0,0,0,0.0,0.0,0.0,0.0,0.0,0.0,0.0,0.0,0.0,0.0,0.0,0.0,0.0,0.0,0.0,0.0,0,-107875648.0,69,0.0,138,0.0,-109183584.0,0,26215,17087,0,17105,39322,17084,0,0,0,70,68,100,-0.0,82.1,0.0,78.8,-0.0,79.0,1,49,50,180,0,26215,0,0,0.0,0.0,0.0,0.0,-0.0,67.0,0.0,162057.094,0.0,985,0,1017,0,0,0,957,0,1045,0,943,0,793,0,786,0,823,0,7520,0.032,2.5133688800429264e+20,0.0,0.0,784,16797,-0.0,162057.094,-114818.039,-0.0,0.133,6.909358625270745e+28,30.0,70.0,35,0.0,0.0,0.0,0.0,0.0,0.0,0.0,0.0,0.0,0.0,0.0,0.0,0.0,0.0,0.0,0.0,66.4,0,150,71,52,65476,0,300,0,0,8,20529,65476,0,0,44564,70.0,0.0,0.0,0.0,0.0,0.0
2026-09-10T21:02:56,ERR,ERR,ERR,ERR,ERR,ERR,ERR,ERR,ERR,ERR,ERR,ERR,ERR,ERR,ERR,ERR,ERR,ERR,ERR,ERR,ERR,ERR,ERR,ERR,ERR,ERR,ERR,ERR,ERR,ERR,ERR,ERR,ERR,ERR,ERR,ERR,ERR,ERR,ERR,ERR,ERR,ERR,ERR,ERR,ERR,ERR,ERR,ERR,ERR,ERR,ERR,ERR,ERR,ERR,ERR,ERR,ERR,ERR,ERR,ERR,ERR,ERR,ERR,ERR,ERR,ERR,ERR,ERR,ERR,ERR,ERR,ERR,ERR,ERR,ERR,ERR,ERR,ERR,ERR,ERR,ERR,ERR,ERR,ERR,ERR,ERR,ERR,ERR,ERR,ERR,ERR,ERR,ERR,ERR,ERR,ERR,ERR,ERR,ERR,ERR,ERR,ERR,ERR,ERR,ERR,ERR,ERR,ERR,ERR,ERR,ERR,ERR,ERR,ERR,ERR,ERR,ERR,ERR,ERR,ERR,ERR,ERR,ERR,ERR,ERR,0.0,-0.0,0.0,0.0,0.0,1.3936040501711995e+18,7.805,0.0,0,0,4,0,7116,0.0,100,0.0,0.0,0.0,0.0,0.0,0,0,0,0,0.0,0,0,0,0,0,0,0,0,0,0,0,0,0,0,0,0,0,0,0,0,0,0,0,0,0,0,0,0,0,0,0,0,0,31,40,40,71,65476,0,300,0,0,8,21553,0.0,-107605600.0,0.0,0.0,0.0,0.0,0.0,0.0,0.0,0.0,0.0,0.0,0.0,0.0,0.0,0.0,0.0,0.0,0.0,0.0,0.0,0.0,-2.004,-2.004,0.0,-2.004,0.0,0.0,0.0,0.0,4475.0,0.0,6919.0,0.0,-0.0,0.0,-107615288.0,0.0,0.0,0.0,0.0,69,0.0,0.0,0.0,0.0,0.0,0.0,0.0,0.0,0.0,0,0,0,0.0,0.0,0.0,0.0,0.0,0.0,0.0,0.0,0.0,0.0,0.0,0.0,0.0,0.0,0.0,0.0,0,-107875648.0,69,0.0,138,0.0,-109183584.0,0,26215,17087,0,17105,39322,17084,0,0,0,70,68,100,-0.0,82.1,0.0,78.8,-0.0,79.0,1,49,50,180,0,26215,0,0,0.0,0.0,0.0,0.0,-0.0,67.0,0.0,162057.094,0.0,985,0,1017,0,0,0,957,0,1045,0,943,0,793,0,786,0,823,0,7520,0.032,2.5133688800429264e+20,0.0,0.0,784,16797,-0.0,162057.094,-114818.039,-0.0,0.133,6.909358625270745e+28,30.0,70.0,35,0.0,0.0,0.0,0.0,0.0,0.0,0.0,0.0,0.0,0.0,0.0,0.0,0.0,0.0,0.0,0.0,66.4,0,150,71,52,65476,0,300,0,0,8,20529,65476,0,0,44564,70.0,0.0,0.0,0.0,0.0,0.0
2026-09-10T21:02:57,ERR,ERR,ERR,ERR,ERR,ERR,ERR,ERR,ERR,ERR,ERR,ERR,ERR,ERR,ERR,ERR,ERR,ERR,ERR,ERR,ERR,ERR,ERR,ERR,ERR,ERR,ERR,ERR,ERR,ERR,ERR,ERR,ERR,ERR,ERR,ERR,ERR,ERR,ERR,ERR,ERR,ERR,ERR,ERR,ERR,ERR,ERR,ERR,ERR,ERR,ERR,ERR,ERR,ERR,ERR,ERR,ERR,ERR,ERR,ERR,ERR,ERR,ERR,ERR,ERR,ERR,ERR,ERR,ERR,ERR,ERR,ERR,ERR,ERR,ERR,ERR,ERR,ERR,ERR,ERR,ERR,ERR,ERR,ERR,ERR,ERR,ERR,ERR,ERR,ERR,ERR,ERR,ERR,ERR,ERR,ERR,ERR,ERR,ERR,ERR,ERR,ERR,ERR,ERR,ERR,ERR,ERR,ERR,ERR,ERR,ERR,ERR,ERR,ERR,ERR,ERR,ERR,ERR,ERR,ERR,ERR,ERR,ERR,ERR,ERR,0.0,-0.0,0.0,0.0,0.0,1.3936040501711995e+18,7.805,0.0,0,0,4,0,7116,0.0,100,0.0,0.0,0.0,0.0,0.0,0,0,0,0,0.0,0,0,0,0,0,0,0,0,0,0,0,0,0,0,0,0,0,0,0,0,0,0,0,0,0,0,0,0,0,0,0,0,0,31,40,40,71,65476,0,300,0,0,8,21553,0.0,-107605600.0,0.0,0.0,0.0,0.0,0.0,0.0,0.0,0.0,0.0,0.0,0.0,0.0,0.0,0.0,0.0,0.0,0.0,0.0,0.0,0.0,-2.004,-2.004,0.0,-2.004,0.0,0.0,0.0,0.0,4475.0,0.0,6919.0,0.0,-0.0,0.0,-107615288.0,0.0,0.0,0.0,0.0,69,0.0,0.0,0.0,0.0,0.0,0.0,0.0,0.0,0.0,0,0,0,0.0,0.0,0.0,0.0,0.0,0.0,0.0,0.0,0.0,0.0,0.0,0.0,0.0,0.0,0.0,0.0,0,-107875648.0,69,0.0,138,0.0,-109183584.0,0,26215,17087,0,17105,39322,17084,0,0,0,70,68,100,-0.0,82.1,0.0,78.8,-0.0,79.0,1,49,50,180,0,26215,0,0,0.0,0.0,0.0,0.0,-0.0,67.0,0.0,162057.094,0.0,985,0,1017,0,0,0,957,0,1045,0,943,0,793,0,786,0,823,0,7520,0.032,2.5133688800429264e+20,0.0,0.0,784,16797,-0.0,162057.094,-114818.039,-0.0,0.133,6.909358625270745e+28,30.0,70.0,35,0.0,0.0,0.0,0.0,0.0,0.0,0.0,0.0,0.0,0.0,0.0,0.0,0.0,0.0,0.0,0.0,66.4,0,150,71,52,65476,0,300,0,0,8,20529,65476,0,0,44564,70.0,0.0,0.0,0.0,0.0,0.0
2026-09-10T21:02:58,ERR,ERR,ERR,ERR,ERR,ERR,ERR,ERR,ERR,ERR,ERR,ERR,ERR,ERR,ERR,ERR,ERR,ERR,ERR,ERR,ERR,ERR,ERR,ERR,ERR,ERR,ERR,ERR,ERR,ERR,ERR,ERR,ERR,ERR,ERR,ERR,ERR,ERR,ERR,ERR,ERR,ERR,ERR,ERR,ERR,ERR,ERR,ERR,ERR,ERR,ERR,ERR,ERR,ERR,ERR,ERR,ERR,ERR,ERR,ERR,ERR,ERR,ERR,ERR,ERR,ERR,ERR,ERR,ERR,ERR,ERR,ERR,ERR,ERR,ERR,ERR,ERR,ERR,ERR,ERR,ERR,ERR,ERR,ERR,ERR,ERR,ERR,ERR,ERR,ERR,ERR,ERR,ERR,ERR,ERR,ERR,ERR,ERR,ERR,ERR,ERR,ERR,ERR,ERR,ERR,ERR,ERR,ERR,ERR,ERR,ERR,ERR,ERR,ERR,ERR,ERR,ERR,ERR,ERR,ERR,ERR,ERR,ERR,ERR,ERR,0.0,-0.0,0.0,0.0,0.0,1.3936040501711995e+18,7.805,0.0,0,0,4,0,7116,0.0,100,0.0,0.0,0.0,0.0,0.0,0,0,0,0,0.0,0,0,0,0,0,0,0,0,0,0,0,0,0,0,0,0,0,0,0,0,0,0,0,0,0,0,0,0,0,0,0,0,0,31,40,40,71,65476,0,300,0,0,8,21553,0.0,-107605600.0,0.0,0.0,0.0,0.0,0.0,0.0,0.0,0.0,0.0,0.0,0.0,0.0,0.0,0.0,0.0,0.0,0.0,0.0,0.0,0.0,-2.004,-2.004,0.0,-2.004,0.0,0.0,0.0,0.0,4475.0,0.0,6919.0,0.0,-0.0,0.0,-107615288.0,0.0,0.0,0.0,0.0,69,0.0,0.0,0.0,0.0,0.0,0.0,0.0,0.0,0.0,0,0,0,0.0,0.0,0.0,0.0,0.0,0.0,0.0,0.0,0.0,0.0,0.0,0.0,0.0,0.0,0.0,0.0,0,-107875648.0,69,0.0,138,0.0,-109183584.0,0,26215,17087,0,17105,39322,17084,0,0,0,70,68,100,-0.0,82.1,0.0,78.8,-0.0,79.0,1,49,50,180,0,26215,0,0,0.0,0.0,0.0,0.0,-0.0,67.0,0.0,162057.094,0.0,985,0,1017,0,0,0,957,0,1045,0,943,0,793,0,786,0,823,0,7520,0.032,2.5133688800429264e+20,0.0,0.0,784,16797,-0.0,162057.094,-114818.039,-0.0,0.133,6.909358625270745e+28,30.0,70.0,35,0.0,0.0,0.0,0.0,0.0,0.0,0.0,0.0,0.0,0.0,0.0,0.0,0.0,0.0,0.0,0.0,66.0,0,150,71,52,65476,0,300,0,0,8,20529,65476,0,0,44564,70.0,0.0,0.0,0.0,0.0,0.0
2026-09-10T21:02:59,ERR,ERR,ERR,ERR,ERR,ERR,ERR,ERR,ERR,ERR,ERR,ERR,ERR,ERR,ERR,ERR,ERR,ERR,ERR,ERR,ERR,ERR,ERR,ERR,ERR,ERR,ERR,ERR,ERR,ERR,ERR,ERR,ERR,ERR,ERR,ERR,ERR,ERR,ERR,ERR,ERR,ERR,ERR,ERR,ERR,ERR,ERR,ERR,ERR,ERR,ERR,ERR,ERR,ERR,ERR,ERR,ERR,ERR,ERR,ERR,ERR,ERR,ERR,ERR,ERR,ERR,ERR,ERR,ERR,ERR,ERR,ERR,ERR,ERR,ERR,ERR,ERR,ERR,ERR,ERR,ERR,ERR,ERR,ERR,ERR,ERR,ERR,ERR,ERR,ERR,ERR,ERR,ERR,ERR,ERR,ERR,ERR,ERR,ERR,ERR,ERR,ERR,ERR,ERR,ERR,ERR,ERR,ERR,ERR,ERR,ERR,ERR,ERR,ERR,ERR,ERR,ERR,ERR,ERR,ERR,ERR,ERR,ERR,ERR,ERR,0.0,-0.0,0.0,0.0,0.0,1.3936040501711995e+18,7.805,0.0,0,0,4,0,7116,0.0,100,0.0,0.0,0.0,0.0,0.0,0,0,0,0,0.0,0,0,0,0,0,0,0,0,0,0,0,0,0,0,0,0,0,0,0,0,0,0,0,0,0,0,0,0,0,0,0,0,0,31,40,40,71,65476,0,300,0,0,8,21553,0.0,-107605600.0,0.0,0.0,0.0,0.0,0.0,0.0,0.0,0.0,0.0,0.0,0.0,0.0,0.0,0.0,0.0,0.0,0.0,0.0,0.0,0.0,-2.004,-2.004,0.0,-2.004,0.0,0.0,0.0,0.0,4475.0,0.0,6919.0,0.0,-0.0,0.0,-107615288.0,0.0,0.0,0.0,0.0,69,0.0,0.0,0.0,0.0,0.0,0.0,0.0,0.0,0.0,0,0,0,0.0,0.0,0.0,0.0,0.0,0.0,0.0,0.0,0.0,0.0,0.0,0.0,0.0,0.0,0.0,0.0,0,-107875648.0,69,0.0,138,0.0,-109183584.0,0,26215,17087,0,17105,39322,17084,0,0,0,70,68,100,-0.0,82.1,0.0,78.8,-0.0,79.0,1,49,50,180,0,26215,0,0,0.0,0.0,0.0,0.0,-0.0,67.0,0.0,162057.094,0.0,985,0,1017,0,0,0,957,0,1045,0,943,0,793,0,786,0,823,0,7520,0.032,2.5133688800429264e+20,0.0,0.0,784,16797,-0.0,162057.094,-114818.039,-0.0,0.133,6.909358625270745e+28,30.0,70.0,35,0.0,0.0,0.0,0.0,0.0,0.0,0.0,0.0,0.0,0.0,0.0,0.0,0.0,0.0,0.0,0.0,66.0,0,150,71,52,65476,0,300,0,0,8,20529,65476,0,0,44564,70.0,0.0,0.0,0.0,0.0,0.0
2026-09-10T21:03:00,ERR,ERR,ERR,ERR,ERR,ERR,ERR,ERR,ERR,ERR,ERR,ERR,ERR,ERR,ERR,ERR,ERR,ERR,ERR,ERR,ERR,ERR,ERR,ERR,ERR,ERR,ERR,ERR,ERR,ERR,ERR,ERR,ERR,ERR,ERR,ERR,ERR,ERR,ERR,ERR,ERR,ERR,ERR,ERR,ERR,ERR,ERR,ERR,ERR,ERR,ERR,ERR,ERR,ERR,ERR,ERR,ERR,ERR,ERR,ERR,ERR,ERR,ERR,ERR,ERR,ERR,ERR,ERR,ERR,ERR,ERR,ERR,ERR,ERR,ERR,ERR,ERR,ERR,ERR,ERR,ERR,ERR,ERR,ERR,ERR,ERR,ERR,ERR,ERR,ERR,ERR,ERR,ERR,ERR,ERR,ERR,ERR,ERR,ERR,ERR,ERR,ERR,ERR,ERR,ERR,ERR,ERR,ERR,ERR,ERR,ERR,ERR,ERR,ERR,ERR,ERR,ERR,ERR,ERR,ERR,ERR,ERR,ERR,ERR,ERR,0.0,-0.0,0.0,0.0,0.0,1.3936040501711995e+18,7.805,0.0,0,0,4,0,7116,0.0,100,0.0,0.0,0.0,0.0,0.0,0,0,0,0,0.0,0,0,0,0,0,0,0,0,0,0,0,0,0,0,0,0,0,0,0,0,0,0,0,0,0,0,0,0,0,0,0,0,0,31,40,40,71,65476,0,300,0,0,8,21553,0.0,-107605600.0,0.0,0.0,0.0,0.0,0.0,0.0,0.0,0.0,0.0,0.0,0.0,0.0,0.0,0.0,0.0,0.0,0.0,0.0,0.0,0.0,-2.004,-2.004,0.0,-2.004,0.0,0.0,0.0,0.0,4475.0,0.0,6919.0,0.0,-0.0,0.0,-107615288.0,0.0,0.0,0.0,0.0,69,0.0,0.0,0.0,0.0,0.0,0.0,0.0,0.0,0.0,0,0,0,0.0,0.0,0.0,0.0,0.0,0.0,0.0,0.0,0.0,0.0,0.0,0.0,0.0,0.0,0.0,0.0,0,-107875648.0,69,0.0,138,0.0,-109183584.0,0,26215,17087,0,17105,39322,17084,0,0,0,70,68,100,-0.0,82.1,0.0,78.8,-0.0,79.0,1,49,50,180,52429,26215,0,0,0.0,0.0,0.0,0.0,-0.0,67.0,0.0,162057.094,0.0,985,0,1017,0,0,0,957,0,1045,0,943,0,793,0,786,0,823,0,7520,0.032,2.5133688800429264e+20,0.0,0.0,784,16797,-0.0,162057.094,-114818.039,-0.0,0.133,6.909358625270745e+28,30.0,70.0,35,0.0,0.0,0.0,0.0,0.0,0.0,0.0,0.0,0.0,0.0,0.0,0.0,0.0,0.0,0.0,0.0,66.0,0,150,71,52,65476,0,300,0,0,8,20529,65476,0,0,44564,70.0,0.0,0.0,0.0,0.0,0.0
2026-09-10T21:03:01,ERR,ERR,ERR,ERR,ERR,ERR,ERR,ERR,ERR,ERR,ERR,ERR,ERR,ERR,ERR,ERR,ERR,ERR,ERR,ERR,ERR,ERR,ERR,ERR,ERR,ERR,ERR,ERR,ERR,ERR,ERR,ERR,ERR,ERR,ERR,ERR,ERR,ERR,ERR,ERR,ERR,ERR,ERR,ERR,ERR,ERR,ERR,ERR,ERR,ERR,ERR,ERR,ERR,ERR,ERR,ERR,ERR,ERR,ERR,ERR,ERR,ERR,ERR,ERR,ERR,ERR,ERR,ERR,ERR,ERR,ERR,ERR,ERR,ERR,ERR,ERR,ERR,ERR,ERR,ERR,ERR,ERR,ERR,ERR,ERR,ERR,ERR,ERR,ERR,ERR,ERR,ERR,ERR,ERR,ERR,ERR,ERR,ERR,ERR,ERR,ERR,ERR,ERR,ERR,ERR,ERR,ERR,ERR,ERR,ERR,ERR,ERR,ERR,ERR,ERR,ERR,ERR,ERR,ERR,ERR,ERR,ERR,ERR,ERR,ERR,0.0,-0.0,0.0,0.0,0.0,1.3936040501711995e+18,7.805,0.0,0,0,4,0,7116,0.0,100,0.0,0.0,0.0,0.0,0.0,0,0,0,0,0.0,0,0,0,0,0,0,0,0,0,0,0,0,0,0,0,0,0,0,0,0,0,0,0,0,0,0,0,0,0,0,0,0,0,31,40,40,71,65476,0,300,0,0,8,21553,0.0,-107605600.0,0.0,0.0,0.0,0.0,0.0,0.0,0.0,0.0,0.0,0.0,0.0,0.0,0.0,0.0,0.0,0.0,0.0,0.0,0.0,0.0,-2.004,-2.004,0.0,-2.004,0.0,0.0,0.0,0.0,4475.0,0.0,6919.0,0.0,-0.0,0.0,-107615288.0,0.0,0.0,0.0,0.0,69,0.0,0.0,0.0,0.0,0.0,0.0,0.0,0.0,0.0,0,0,0,0.0,0.0,0.0,0.0,0.0,0.0,0.0,0.0,0.0,0.0,0.0,0.0,0.0,0.0,0.0,0.0,0,-107875648.0,69,0.0,138,0.0,-109183584.0,0,26215,17087,0,17105,39322,17084,0,0,0,70,68,100,-0.0,82.1,0.0,78.8,-0.0,79.0,1,49,50,180,52429,26215,0,0,0.0,0.0,0.0,0.0,-0.0,67.0,0.0,162057.094,0.0,985,0,1017,0,0,0,957,0,1045,0,943,0,793,0,786,0,823,0,7520,0.032,2.5133688800429264e+20,0.0,0.0,784,16797,-0.0,162057.094,-114818.039,-0.0,0.133,6.909358625270745e+28,30.0,70.0,35,0.0,0.0,0.0,0.0,0.0,0.0,0.0,0.0,0.0,0.0,0.0,0.0,0.0,0.0,0.0,0.0,66.0,0,150,71,52,65476,0,300,0,0,8,20529,65476,0,0,44564,70.0,0.0,0.0,0.0,0.0,0.0
2026-09-10T21:03:02,ERR,ERR,ERR,ERR,ERR,ERR,ERR,ERR,ERR,ERR,ERR,ERR,ERR,ERR,ERR,ERR,ERR,ERR,ERR,ERR,ERR,ERR,ERR,ERR,ERR,ERR,ERR,ERR,ERR,ERR,ERR,ERR,ERR,ERR,ERR,ERR,ERR,ERR,ERR,ERR,ERR,ERR,ERR,ERR,ERR,ERR,ERR,ERR,ERR,ERR,ERR,ERR,ERR,ERR,ERR,ERR,ERR,ERR,ERR,ERR,ERR,ERR,ERR,ERR,ERR,ERR,ERR,ERR,ERR,ERR,ERR,ERR,ERR,ERR,ERR,ERR,ERR,ERR,ERR,ERR,ERR,ERR,ERR,ERR,ERR,ERR,ERR,ERR,ERR,ERR,ERR,ERR,ERR,ERR,ERR,ERR,ERR,ERR,ERR,ERR,ERR,ERR,ERR,ERR,ERR,ERR,ERR,ERR,ERR,ERR,ERR,ERR,ERR,ERR,ERR,ERR,ERR,ERR,ERR,ERR,ERR,ERR,ERR,ERR,ERR,-107615312.0,-0.0,-0.0,0.0,0.0,1.3936040501711995e+18,7.805,0.0,0,0,4,0,7116,0.0,100,0.0,0.0,0.0,0.0,0.0,0,0,0,0,0.0,0,0,0,0,0,0,0,0,0,0,0,0,0,0,0,0,0,0,0,0,0,0,0,0,0,0,0,0,0,0,0,0,0,31,40,40,71,65476,0,300,0,0,8,21553,0.0,-107605600.0,0.0,0.0,0.0,0.0,0.0,0.0,0.0,0.0,0.0,0.0,0.0,0.0,0.0,0.0,0.0,0.0,0.0,0.0,0.0,0.0,-2.004,-2.004,0.0,-2.004,0.0,0.0,0.0,0.0,4476.0,0.0,6919.0,0.0,-0.0,0.0,-107615288.0,0.0,0.0,0.0,0.0,69,0.0,0.0,0.0,0.0,0.0,0.0,0.0,0.0,0.0,0,0,0,0.0,0.0,0.0,0.0,0.0,0.0,0.0,0.0,0.0,0.0,0.0,0.0,0.0,0.0,0.0,0.0,0,-107875648.0,69,0.0,138,0.0,-109183584.0,0,26215,17087,0,17105,39322,17084,0,0,0,70,68,100,-0.0,82.1,0.0,78.8,-0.0,79.0,1,49,50,180,52429,26215,0,0,0.0,0.0,0.0,0.0,-0.0,67.0,0.0,162057.094,0.0,985,0,1017,0,0,0,957,0,1045,0,943,0,793,0,786,0,823,0,7520,0.032,2.5133688800429264e+20,0.0,0.0,784,16797,-0.0,162057.094,-114818.039,-0.0,0.133,6.909358625270745e+28,30.0,70.0,35,0.0,0.0,0.0,0.0,0.0,0.0,0.0,0.0,0.0,0.0,0.0,0.0,0.0,0.0,0.0,0.0,66.0,0,150,71,52,65476,0,300,0,0,8,20529,65476,0,0,44564,70.0,0.0,0.0,0.0,0.0,0.0
2026-09-10T21:03:03,ERR,ERR,ERR,ERR,ERR,ERR,ERR,ERR,ERR,ERR,ERR,ERR,ERR,ERR,ERR,ERR,ERR,ERR,ERR,ERR,ERR,ERR,ERR,ERR,ERR,ERR,ERR,ERR,ERR,ERR,ERR,ERR,ERR,ERR,ERR,ERR,ERR,ERR,ERR,ERR,ERR,ERR,ERR,ERR,ERR,ERR,ERR,ERR,ERR,ERR,ERR,ERR,ERR,ERR,ERR,ERR,ERR,ERR,ERR,ERR,ERR,ERR,ERR,ERR,ERR,ERR,ERR,ERR,ERR,ERR,ERR,ERR,ERR,ERR,ERR,ERR,ERR,ERR,ERR,ERR,ERR,ERR,ERR,ERR,ERR,ERR,ERR,ERR,ERR,ERR,ERR,ERR,ERR,ERR,ERR,ERR,ERR,ERR,ERR,ERR,ERR,ERR,ERR,ERR,ERR,ERR,ERR,ERR,ERR,ERR,ERR,ERR,ERR,ERR,ERR,ERR,ERR,ERR,ERR,ERR,ERR,ERR,ERR,ERR,ERR,-107615312.0,-0.0,-0.0,0.0,0.0,1.3936040501711995e+18,7.805,0.0,0,0,4,0,7116,0.0,100,0.0,0.0,0.0,0.0,0.0,0,0,0,0,0.0,0,0,0,0,0,0,0,0,0,0,0,0,0,0,0,0,0,0,0,0,0,0,0,0,0,0,0,0,0,0,0,0,0,31,40,40,71,65476,0,300,0,0,8,21553,0.0,-107605600.0,0.0,0.0,0.0,0.0,0.0,0.0,0.0,0.0,0.0,0.0,0.0,0.0,0.0,0.0,0.0,0.0,0.0,0.0,0.0,0.0,-2.004,-2.004,0.0,-2.004,0.0,0.0,0.0,0.0,4476.0,0.0,6919.0,0.0,-0.0,0.0,-107615288.0,0.0,0.0,0.0,0.0,69,0.0,0.0,0.0,0.0,0.0,0.0,0.0,0.0,0.0,0,0,0,0.0,0.0,0.0,0.0,0.0,0.0,0.0,0.0,0.0,0.0,0.0,0.0,0.0,0.0,0.0,0.0,0,-107875648.0,69,0.0,138,0.0,-109183584.0,0,26215,17087,0,17105,39322,17084,0,0,0,70,68,100,-0.0,82.1,0.0,78.8,-0.0,79.0,1,49,50,180,52429,26215,0,0,0.0,0.0,0.0,0.0,-0.0,67.0,0.0,162057.094,0.0,985,0,1017,0,0,0,957,0,1045,0,943,0,793,0,786,0,823,0,7520,0.032,2.5133688800429264e+20,0.0,0.0,784,16797,-0.0,162057.094,-114818.039,-0.0,0.133,6.909358625270745e+28,30.0,70.0,35,0.0,0.0,0.0,0.0,0.0,0.0,0.0,0.0,0.0,0.0,0.0,0.0,0.0,0.0,0.0,0.0,66.0,0,150,71,52,65476,0,300,0,0,8,20529,65476,0,0,44564,70.0,0.0,0.0,0.0,0.0,0.0
2026-09-10T21:03:04,ERR,ERR,ERR,ERR,ERR,ERR,ERR,ERR,ERR,ERR,ERR,ERR,ERR,ERR,ERR,ERR,ERR,ERR,ERR,ERR,ERR,ERR,ERR,ERR,ERR,ERR,ERR,ERR,ERR,ERR,ERR,ERR,ERR,ERR,ERR,ERR,ERR,ERR,ERR,ERR,ERR,ERR,ERR,ERR,ERR,ERR,ERR,ERR,ERR,ERR,ERR,ERR,ERR,ERR,ERR,ERR,ERR,ERR,ERR,ERR,ERR,ERR,ERR,ERR,ERR,ERR,ERR,ERR,ERR,ERR,ERR,ERR,ERR,ERR,ERR,ERR,ERR,ERR,ERR,ERR,ERR,ERR,ERR,ERR,ERR,ERR,ERR,ERR,ERR,ERR,ERR,ERR,ERR,ERR,ERR,ERR,ERR,ERR,ERR,ERR,ERR,ERR,ERR,ERR,ERR,ERR,ERR,ERR,ERR,ERR,ERR,ERR,ERR,ERR,ERR,ERR,ERR,ERR,ERR,ERR,ERR,ERR,ERR,ERR,ERR,-107615312.0,-0.0,-0.0,0.0,0.0,1.3936040501711995e+18,7.805,0.0,0,0,4,0,7116,0.0,100,0.0,0.0,0.0,0.0,0.0,0,0,0,0,0.0,0,0,0,0,0,0,0,0,0,0,0,0,0,0,0,0,0,0,0,0,0,0,0,0,0,0,0,0,0,0,0,0,0,31,40,40,71,65476,0,300,0,0,8,21553,0.0,-107605600.0,0.0,0.0,0.0,0.0,0.0,0.0,0.0,0.0,0.0,0.0,0.0,0.0,0.0,0.0,0.0,0.0,0.0,0.0,0.0,0.0,-2.004,-2.004,0.0,-2.004,0.0,0.0,0.0,0.0,4476.0,0.0,6919.0,0.0,-0.0,0.0,-107615288.0,0.0,0.0,0.0,0.0,69,0.0,0.0,0.0,0.0,0.0,0.0,0.0,0.0,0.0,0,0,0,0.0,0.0,0.0,0.0,0.0,0.0,0.0,0.0,0.0,0.0,0.0,0.0,0.0,0.0,0.0,0.0,0,-107875648.0,69,0.0,138,0.0,-109183584.0,0,26215,17087,0,17105,39322,17084,0,0,0,70,68,100,-0.0,82.1,0.0,78.8,-0.0,79.0,1,49,50,180,52429,26215,0,0,0.0,0.0,0.0,0.0,-0.0,67.0,0.0,162057.094,0.0,985,0,1017,0,0,0,957,0,1045,0,943,0,793,0,786,0,823,0,7520,0.032,2.5133688800429264e+20,0.0,0.0,784,16797,-0.0,162057.094,-114818.039,-0.0,0.133,6.909358625270745e+28,30.0,70.0,35,0.0,0.0,0.0,0.0,0.0,0.0,0.0,0.0,0.0,0.0,0.0,0.0,0.0,0.0,0.0,0.0,66.0,0,150,71,52,65476,0,300,0,0,8,20529,65476,0,0,44564,70.0,0.0,0.0,0.0,0.0,0.0
2026-09-10T21:03:05,ERR,ERR,ERR,ERR,ERR,ERR,ERR,ERR,ERR,ERR,ERR,ERR,ERR,ERR,ERR,ERR,ERR,ERR,ERR,ERR,ERR,ERR,ERR,ERR,ERR,ERR,ERR,ERR,ERR,ERR,ERR,ERR,ERR,ERR,ERR,ERR,ERR,ERR,ERR,ERR,ERR,ERR,ERR,ERR,ERR,ERR,ERR,ERR,ERR,ERR,ERR,ERR,ERR,ERR,ERR,ERR,ERR,ERR,ERR,ERR,ERR,ERR,ERR,ERR,ERR,ERR,ERR,ERR,ERR,ERR,ERR,ERR,ERR,ERR,ERR,ERR,ERR,ERR,ERR,ERR,ERR,ERR,ERR,ERR,ERR,ERR,ERR,ERR,ERR,ERR,ERR,ERR,ERR,ERR,ERR,ERR,ERR,ERR,ERR,ERR,ERR,ERR,ERR,ERR,ERR,ERR,ERR,ERR,ERR,ERR,ERR,ERR,ERR,ERR,ERR,ERR,ERR,ERR,ERR,ERR,ERR,ERR,ERR,ERR,ERR,-107615312.0,-0.0,-0.0,0.0,0.0,1.3936040501711995e+18,7.805,0.0,0,0,4,0,7116,0.0,100,0.0,0.0,0.0,0.0,0.0,0,0,0,0,0.0,0,0,0,0,0,0,0,0,0,0,0,0,0,0,0,0,0,0,0,0,0,0,0,0,0,0,0,0,0,0,0,0,0,31,40,40,71,65476,0,300,0,0,8,21553,0.0,-107605600.0,0.0,0.0,0.0,0.0,0.0,0.0,0.0,0.0,0.0,0.0,0.0,0.0,0.0,0.0,0.0,0.0,0.0,0.0,0.0,0.0,-2.004,-2.004,0.0,-2.004,0.0,0.0,0.0,0.0,4476.0,0.0,6919.0,0.0,-0.0,0.0,-107615288.0,0.0,0.0,0.0,0.0,69,0.0,0.0,0.0,0.0,0.0,0.0,0.0,0.0,0.0,0,0,0,0.0,0.0,0.0,0.0,0.0,0.0,0.0,0.0,0.0,0.0,0.0,0.0,0.0,0.0,0.0,0.0,0,-107875648.0,69,0.0,138,0.0,-109183584.0,0,26215,17087,52429,17104,39322,17084,0,0,0,70,68,100,-0.0,82.1,0.0,78.8,-0.0,79.0,1,49,50,180,52429,26215,0,0,0.0,0.0,0.0,0.0,-0.0,67.0,0.0,162057.094,0.0,984,0,1017,0,0,0,957,0,1044,0,943,0,793,0,786,0,823,0,7520,0.032,2.5133688800429264e+20,0.0,0.0,784,16797,-0.0,162057.094,-114818.039,-0.0,0.133,6.909358625270745e+28,30.0,70.0,35,0.0,0.0,0.0,0.0,0.0,0.0,0.0,0.0,0.0,0.0,0.0,0.0,0.0,0.0,0.0,0.0,66.0,0,150,71,52,65476,0,300,0,0,8,20529,65476,0,0,44564,70.0,0.0,0.0,0.0,0.0,0.0
2026-09-10T21:03:06,ERR,ERR,ERR,ERR,ERR,ERR,ERR,ERR,ERR,ERR,ERR,ERR,ERR,ERR,ERR,ERR,ERR,ERR,ERR,ERR,ERR,ERR,ERR,ERR,ERR,ERR,ERR,ERR,ERR,ERR,ERR,ERR,ERR,ERR,ERR,ERR,ERR,ERR,ERR,ERR,ERR,ERR,ERR,ERR,ERR,ERR,ERR,ERR,ERR,ERR,ERR,ERR,ERR,ERR,ERR,ERR,ERR,ERR,ERR,ERR,ERR,ERR,ERR,ERR,ERR,ERR,ERR,ERR,ERR,ERR,ERR,ERR,ERR,ERR,ERR,ERR,ERR,ERR,ERR,ERR,ERR,ERR,ERR,ERR,ERR,ERR,ERR,ERR,ERR,ERR,ERR,ERR,ERR,ERR,ERR,ERR,ERR,ERR,ERR,ERR,ERR,ERR,ERR,ERR,ERR,ERR,ERR,ERR,ERR,ERR,ERR,ERR,ERR,ERR,ERR,ERR,ERR,ERR,ERR,ERR,ERR,ERR,ERR,ERR,ERR,-107615312.0,-0.0,-0.0,0.0,0.0,1.3936040501711995e+18,7.805,0.0,0,0,4,0,7116,0.0,100,0.0,0.0,0.0,0.0,0.0,0,0,0,0,0.0,0,0,0,0,0,0,0,0,0,0,0,0,0,0,0,0,0,0,0,0,0,0,0,0,0,0,0,0,0,0,0,0,0,31,40,40,71,65476,0,300,0,0,8,21553,0.0,-107605600.0,0.0,0.0,0.0,0.0,0.0,0.0,0.0,0.0,0.0,0.0,0.0,0.0,0.0,0.0,0.0,0.0,0.0,0.0,0.0,0.0,-2.004,-2.004,0.0,-2.004,0.0,0.0,0.0,0.0,4476.0,0.0,6919.0,0.0,-0.0,0.0,-107615288.0,0.0,0.0,0.0,0.0,69,0.0,0.0,0.0,0.0,0.0,0.0,0.0,0.0,0.0,0,0,0,0.0,0.0,0.0,0.0,0.0,0.0,0.0,0.0,0.0,0.0,0.0,0.0,0.0,0.0,0.0,0.0,0,-107875648.0,69,0.0,138,0.0,-109183584.0,0,26215,17087,52429,17104,39322,17084,0,0,0,70,68,100,-0.0,82.1,0.0,78.8,-0.0,79.0,1,49,50,180,52429,26215,0,0,0.0,0.0,0.0,0.0,-0.0,67.0,0.0,162057.094,0.0,984,0,1017,0,0,0,957,0,1044,0,943,0,793,0,786,0,823,0,7520,0.032,2.5133688800429264e+20,0.0,0.0,784,16797,-0.0,162057.094,-114818.039,-0.0,0.133,6.909358625270745e+28,30.0,70.0,35,0.0,0.0,0.0,0.0,0.0,0.0,0.0,0.0,0.0,0.0,0.0,0.0,0.0,0.0,0.0,0.0,66.0,0,150,71,52,65476,0,300,0,0,8,20529,65476,0,0,44564,70.0,0.0,0.0,0.0,0.0,0.0
2026-09-10T21:03:07,ERR,ERR,ERR,ERR,ERR,ERR,ERR,ERR,ERR,ERR,ERR,ERR,ERR,ERR,ERR,ERR,ERR,ERR,ERR,ERR,ERR,ERR,ERR,ERR,ERR,ERR,ERR,ERR,ERR,ERR,ERR,ERR,ERR,ERR,ERR,ERR,ERR,ERR,ERR,ERR,ERR,ERR,ERR,ERR,ERR,ERR,ERR,ERR,ERR,ERR,ERR,ERR,ERR,ERR,ERR,ERR,ERR,ERR,ERR,ERR,ERR,ERR,ERR,ERR,ERR,ERR,ERR,ERR,ERR,ERR,ERR,ERR,ERR,ERR,ERR,ERR,ERR,ERR,ERR,ERR,ERR,ERR,ERR,ERR,ERR,ERR,ERR,ERR,ERR,ERR,ERR,ERR,ERR,ERR,ERR,ERR,ERR,ERR,ERR,ERR,ERR,ERR,ERR,ERR,ERR,ERR,ERR,ERR,ERR,ERR,ERR,ERR,ERR,ERR,ERR,ERR,ERR,ERR,ERR,ERR,ERR,ERR,ERR,ERR,ERR,-107615312.0,-0.0,-0.0,0.0,0.0,1.3936040501711995e+18,7.805,0.0,0,0,4,0,7116,0.0,100,0.0,0.0,0.0,0.0,0.0,0,0,0,0,0.0,0,0,0,0,0,0,0,0,0,0,0,0,0,0,0,0,0,0,0,0,0,0,0,0,0,0,0,0,0,0,0,0,0,31,40,40,71,65476,0,300,0,0,8,21553,0.0,-107605600.0,0.0,0.0,0.0,0.0,0.0,0.0,0.0,0.0,0.0,0.0,0.0,0.0,0.0,0.0,0.0,0.0,0.0,0.0,0.0,0.0,-2.004,-2.004,0.0,-2.004,0.0,0.0,0.0,0.0,4476.0,0.0,6919.0,0.0,-0.0,0.0,-107615288.0,0.0,0.0,0.0,0.0,69,0.0,0.0,0.0,0.0,0.0,0.0,0.0,0.0,0.0,0,0,0,0.0,0.0,0.0,0.0,0.0,0.0,0.0,0.0,0.0,0.0,0.0,0.0,0.0,0.0,0.0,0.0,0,-107875648.0,69,0.0,138,0.0,-109183584.0,0,26215,17087,52429,17104,39322,17084,0,0,0,70,68,100,-0.0,82.1,0.0,78.8,-0.0,79.0,1,49,50,180,52429,26215,0,0,0.0,0.0,0.0,0.0,-0.0,67.0,0.0,162057.094,0.0,984,0,1017,0,0,0,957,0,1044,0,943,0,793,0,786,0,823,0,7520,0.032,2.5133688800429264e+20,0.0,0.0,784,16797,-0.0,162057.094,-114818.039,-0.0,0.133,6.909358625270745e+28,30.0,70.0,35,0.0,0.0,0.0,0.0,0.0,0.0,0.0,0.0,0.0,0.0,0.0,0.0,0.0,0.0,0.0,0.0,66.0,0,150,71,52,65476,0,300,0,0,8,20529,65476,0,0,44564,70.0,0.0,0.0,0.0,0.0,0.0
2026-09-10T21:03:08,ERR,ERR,ERR,ERR,ERR,ERR,ERR,ERR,ERR,ERR,ERR,ERR,ERR,ERR,ERR,ERR,ERR,ERR,ERR,ERR,ERR,ERR,ERR,ERR,ERR,ERR,ERR,ERR,ERR,ERR,ERR,ERR,ERR,ERR,ERR,ERR,ERR,ERR,ERR,ERR,ERR,ERR,ERR,ERR,ERR,ERR,ERR,ERR,ERR,ERR,ERR,ERR,ERR,ERR,ERR,ERR,ERR,ERR,ERR,ERR,ERR,ERR,ERR,ERR,ERR,ERR,ERR,ERR,ERR,ERR,ERR,ERR,ERR,ERR,ERR,ERR,ERR,ERR,ERR,ERR,ERR,ERR,ERR,ERR,ERR,ERR,ERR,ERR,ERR,ERR,ERR,ERR,ERR,ERR,ERR,ERR,ERR,ERR,ERR,ERR,ERR,ERR,ERR,ERR,ERR,ERR,ERR,ERR,ERR,ERR,ERR,ERR,ERR,ERR,ERR,ERR,ERR,ERR,ERR,ERR,ERR,ERR,ERR,ERR,ERR,-107615312.0,-0.0,-0.0,0.0,0.0,1.3936040501711995e+18,7.805,0.0,0,0,4,0,7116,0.0,100,0.0,0.0,0.0,0.0,0.0,0,0,0,0,0.0,0,0,0,0,0,0,0,0,0,0,0,0,0,0,0,0,0,0,0,0,0,0,0,0,0,0,0,0,0,0,0,0,0,31,40,40,71,65476,0,300,0,0,8,21553,0.0,-107605600.0,0.0,0.0,0.0,0.0,0.0,0.0,0.0,0.0,0.0,0.0,0.0,0.0,0.0,0.0,0.0,0.0,0.0,0.0,0.0,0.0,-2.004,-2.004,0.0,-2.004,0.0,0.0,0.0,0.0,4476.0,0.0,6919.0,0.0,-0.0,0.0,-107615288.0,0.0,0.0,0.0,0.0,69,0.0,0.0,0.0,0.0,0.0,0.0,0.0,0.0,0.0,0,0,0,0.0,0.0,0.0,0.0,0.0,0.0,0.0,0.0,0.0,0.0,0.0,0.0,0.0,0.0,0.0,0.0,0,-107875648.0,69,0.0,138,0.0,-109183584.0,0,26215,17087,52429,17104,39322,17084,0,0,0,70,68,100,-0.0,82.1,0.0,78.8,-0.0,79.0,1,49,50,180,52429,26215,0,0,0.0,0.0,0.0,0.0,-0.0,67.0,0.0,162057.094,0.0,984,0,1017,0,0,0,957,0,1044,0,943,0,793,0,786,0,823,0,7520,0.032,2.5133688800429264e+20,0.0,0.0,784,16797,-0.0,162057.094,-114818.039,-0.0,0.133,6.909358625270745e+28,30.0,70.0,35,0.0,0.0,0.0,0.0,0.0,0.0,0.0,0.0,0.0,0.0,0.0,0.0,0.0,0.0,0.0,0.0,66.0,0,150,71,52,65476,0,300,0,0,8,20529,65476,0,0,44564,70.0,0.0,0.0,0.0,0.0,0.0
2026-09-10T21:03:09,ERR,ERR,ERR,ERR,ERR,ERR,ERR,ERR,ERR,ERR,ERR,ERR,ERR,ERR,ERR,ERR,ERR,ERR,ERR,ERR,ERR,ERR,ERR,ERR,ERR,ERR,ERR,ERR,ERR,ERR,ERR,ERR,ERR,ERR,ERR,ERR,ERR,ERR,ERR,ERR,ERR,ERR,ERR,ERR,ERR,ERR,ERR,ERR,ERR,ERR,ERR,ERR,ERR,ERR,ERR,ERR,ERR,ERR,ERR,ERR,ERR,ERR,ERR,ERR,ERR,ERR,ERR,ERR,ERR,ERR,ERR,ERR,ERR,ERR,ERR,ERR,ERR,ERR,ERR,ERR,ERR,ERR,ERR,ERR,ERR,ERR,ERR,ERR,ERR,ERR,ERR,ERR,ERR,ERR,ERR,ERR,ERR,ERR,ERR,ERR,ERR,ERR,ERR,ERR,ERR,ERR,ERR,ERR,ERR,ERR,ERR,ERR,ERR,ERR,ERR,ERR,ERR,ERR,ERR,ERR,ERR,ERR,ERR,ERR,ERR,-107615312.0,-0.0,-0.0,0.0,0.0,1.3936040501711995e+18,7.805,0.0,0,0,4,0,7116,0.0,100,0.0,0.0,0.0,0.0,0.0,0,0,0,0,0.0,0,0,0,0,0,0,0,0,0,0,0,0,0,0,0,0,0,0,0,0,0,0,0,0,0,0,0,0,0,0,0,0,0,31,40,40,71,65476,0,300,0,0,8,21553,0.0,-107605600.0,0.0,0.0,0.0,0.0,0.0,0.0,0.0,0.0,0.0,0.0,0.0,0.0,0.0,0.0,0.0,0.0,0.0,0.0,0.0,0.0,-2.004,-2.004,0.0,-2.004,0.0,0.0,0.0,0.0,4476.0,0.0,6919.0,0.0,-0.0,0.0,-107615288.0,0.0,0.0,0.0,0.0,69,0.0,0.0,0.0,0.0,0.0,0.0,0.0,0.0,0.0,0,0,0,0.0,0.0,0.0,0.0,0.0,0.0,0.0,0.0,0.0,0.0,0.0,0.0,0.0,0.0,0.0,0.0,0,-107875648.0,69,0.0,138,0.0,-109183584.0,0,26215,17087,52429,17104,39322,17084,0,0,0,70,68,100,-0.0,82.1,0.0,78.8,-0.0,79.0,1,49,50,180,52429,26215,0,0,0.0,0.0,0.0,0.0,-0.0,67.0,0.0,162057.094,0.0,984,0,1017,0,0,0,957,0,1044,0,943,0,793,0,786,0,823,0,7520,0.032,2.5133688800429264e+20,0.0,0.0,784,16797,-0.0,162057.094,-114818.039,-0.0,0.133,6.909358625270745e+28,30.0,70.0,35,0.0,0.0,0.0,0.0,0.0,0.0,0.0,0.0,0.0,0.0,0.0,0.0,0.0,0.0,0.0,0.0,66.0,0,150,71,52,65476,0,300,0,0,8,20529,65476,0,0,44564,70.0,0.0,0.0,0.0,0.0,0.0
2026-09-10T21:03:10,ERR,ERR,ERR,ERR,ERR,ERR,ERR,ERR,ERR,ERR,ERR,ERR,ERR,ERR,ERR,ERR,ERR,ERR,ERR,ERR,ERR,ERR,ERR,ERR,ERR,ERR,ERR,ERR,ERR,ERR,ERR,ERR,ERR,ERR,ERR,ERR,ERR,ERR,ERR,ERR,ERR,ERR,ERR,ERR,ERR,ERR,ERR,ERR,ERR,ERR,ERR,ERR,ERR,ERR,ERR,ERR,ERR,ERR,ERR,ERR,ERR,ERR,ERR,ERR,ERR,ERR,ERR,ERR,ERR,ERR,ERR,ERR,ERR,ERR,ERR,ERR,ERR,ERR,ERR,ERR,ERR,ERR,ERR,ERR,ERR,ERR,ERR,ERR,ERR,ERR,ERR,ERR,ERR,ERR,ERR,ERR,ERR,ERR,ERR,ERR,ERR,ERR,ERR,ERR,ERR,ERR,ERR,ERR,ERR,ERR,ERR,ERR,ERR,ERR,ERR,ERR,ERR,ERR,ERR,ERR,ERR,ERR,ERR,ERR,ERR,0.0,-0.0,0.0,0.0,0.0,1.3936040501711995e+18,7.805,0.0,0,0,4,0,7116,0.0,100,0.0,0.0,0.0,0.0,0.0,0,0,0,0,0.0,0,0,0,0,0,0,0,0,0,0,0,0,0,0,0,0,0,0,0,0,0,0,0,0,0,0,0,0,0,0,0,0,0,31,40,40,71,65476,0,300,0,0,8,21553,0.0,-107605600.0,0.0,0.0,0.0,0.0,0.0,0.0,0.0,0.0,0.0,0.0,0.0,0.0,0.0,0.0,0.0,0.0,0.0,0.0,0.0,0.0,-2.004,-2.004,0.0,-2.004,0.0,0.0,0.0,0.0,4475.0,2.004,6920.0,-107615312.0,-0.0,0.0,-107615288.0,0.0,0.0,0.0,0.0,69,0.0,0.059,0.0,0.0,0.0,0.0,0.0,0.0,0.0,0,0,0,0.0,0.0,0.0,0.0,0.0,0.0,0.0,0.0,0.0,0.0,0.0,0.0,0.0,0.0,0.0,0.0,0,-107875648.0,69,0.0,138,0.0,-109183584.0,0,26215,17087,52429,17104,39322,17084,0,0,0,70,68,100,-0.0,82.1,0.0,78.8,-0.0,79.0,1,49,50,180,52429,26215,0,0,0.0,0.0,0.0,0.0,-0.0,67.0,0.0,162057.094,0.0,984,0,1017,0,0,0,957,0,1044,0,943,0,793,0,786,0,823,0,7520,0.032,2.5133688800429264e+20,0.0,0.0,784,16797,-0.0,162057.094,-114818.039,-0.0,0.133,6.909358625270745e+28,30.0,70.0,35,0.0,0.0,0.0,0.0,0.0,0.0,0.0,0.0,0.0,0.0,0.0,0.0,0.0,0.0,0.0,0.0,66.0,0,150,71,52,65476,0,300,0,0,8,20529,65476,0,0,44564,70.0,0.0,0.0,0.0,0.0,0.0
2026-09-10T21:03:11,ERR,ERR,ERR,ERR,ERR,ERR,ERR,ERR,ERR,ERR,ERR,ERR,ERR,ERR,ERR,ERR,ERR,ERR,ERR,ERR,ERR,ERR,ERR,ERR,ERR,ERR,ERR,ERR,ERR,ERR,ERR,ERR,ERR,ERR,ERR,ERR,ERR,ERR,ERR,ERR,ERR,ERR,ERR,ERR,ERR,ERR,ERR,ERR,ERR,ERR,ERR,ERR,ERR,ERR,ERR,ERR,ERR,ERR,ERR,ERR,ERR,ERR,ERR,ERR,ERR,ERR,ERR,ERR,ERR,ERR,ERR,ERR,ERR,ERR,ERR,ERR,ERR,ERR,ERR,ERR,ERR,ERR,ERR,ERR,ERR,ERR,ERR,ERR,ERR,ERR,ERR,ERR,ERR,ERR,ERR,ERR,ERR,ERR,ERR,ERR,ERR,ERR,ERR,ERR,ERR,ERR,ERR,ERR,ERR,ERR,ERR,ERR,ERR,ERR,ERR,ERR,ERR,ERR,ERR,ERR,ERR,ERR,ERR,ERR,ERR,0.0,-0.0,0.0,0.0,0.0,1.3936040501711995e+18,7.805,0.0,0,0,4,0,7116,0.0,100,0.0,0.0,0.0,0.0,0.0,0,0,0,0,0.0,0,0,0,0,0,0,0,0,0,0,0,0,0,0,0,0,0,0,0,0,0,0,0,0,0,0,0,0,0,0,0,0,0,31,40,40,71,65476,0,300,0,0,8,21553,0.0,-107605600.0,0.0,0.0,0.0,0.0,0.0,0.0,0.0,0.0,0.0,0.0,0.0,0.0,0.0,0.0,0.0,0.0,0.0,0.0,0.0,0.0,-2.004,-2.004,0.0,-2.004,0.0,0.0,0.0,0.0,4475.0,2.004,6920.0,-107615312.0,-0.0,0.0,-107615288.0,0.0,0.0,0.0,0.0,69,0.0,0.059,0.0,0.0,0.0,0.0,0.0,0.0,0.0,0,0,0,0.0,0.0,0.0,0.0,0.0,0.0,0.0,0.0,0.0,0.0,0.0,0.0,0.0,0.0,0.0,0.0,0,-107875648.0,69,0.0,138,0.0,-109183584.0,0,26215,17087,0,17105,52429,17084,0,0,0,70,68,100,-0.0,82.1,0.0,78.8,-0.0,79.0,1,49,50,180,52429,26215,0,0,0.0,0.0,0.0,0.0,-0.0,67.0,0.0,162057.094,0.0,984,0,1017,0,0,0,957,0,1044,0,944,0,793,0,786,0,823,0,7520,0.032,2.524898095088995e+20,0.0,0.0,784,16797,-0.0,162057.094,-114818.039,-0.0,0.133,6.909358625270745e+28,30.0,70.0,35,0.0,0.0,0.0,0.0,0.0,0.0,0.0,0.0,0.0,0.0,0.0,0.0,0.0,0.0,0.0,0.0,66.0,0,150,71,52,65476,0,300,0,0,8,20529,65476,0,0,44564,70.0,0.0,0.0,0.0,0.0,0.0
2026-09-10T21:03:12,ERR,ERR,ERR,ERR,ERR,ERR,ERR,ERR,ERR,ERR,ERR,ERR,ERR,ERR,ERR,ERR,ERR,ERR,ERR,ERR,ERR,ERR,ERR,ERR,ERR,ERR,ERR,ERR,ERR,ERR,ERR,ERR,ERR,ERR,ERR,ERR,ERR,ERR,ERR,ERR,ERR,ERR,ERR,ERR,ERR,ERR,ERR,ERR,ERR,ERR,ERR,ERR,ERR,ERR,ERR,ERR,ERR,ERR,ERR,ERR,ERR,ERR,ERR,ERR,ERR,ERR,ERR,ERR,ERR,ERR,ERR,ERR,ERR,ERR,ERR,ERR,ERR,ERR,ERR,ERR,ERR,ERR,ERR,ERR,ERR,ERR,ERR,ERR,ERR,ERR,ERR,ERR,ERR,ERR,ERR,ERR,ERR,ERR,ERR,ERR,ERR,ERR,ERR,ERR,ERR,ERR,ERR,ERR,ERR,ERR,ERR,ERR,ERR,ERR,ERR,ERR,ERR,ERR,ERR,ERR,ERR,ERR,ERR,ERR,ERR,0.0,-0.0,0.0,0.0,0.0,1.3936040501711995e+18,7.805,0.0,0,0,4,0,7116,0.0,100,0.0,0.0,0.0,0.0,0.0,0,0,0,0,0.0,0,0,0,0,0,0,0,0,0,0,0,0,0,0,0,0,0,0,0,0,0,0,0,0,0,0,0,0,0,0,0,0,0,31,40,40,71,65476,0,300,0,0,8,21553,0.0,-107605600.0,0.0,0.0,0.0,0.0,0.0,0.0,0.0,0.0,0.0,0.0,0.0,0.0,0.0,0.0,0.0,0.0,0.0,0.0,0.0,0.0,-2.004,-2.004,0.0,-2.004,0.0,0.0,0.0,0.0,4475.0,2.004,6920.0,-107615312.0,-0.0,0.0,-107615288.0,0.0,0.0,0.0,0.0,69,0.0,0.059,0.0,0.0,0.0,0.0,0.0,0.0,0.0,0,0,0,0.0,0.0,0.0,0.0,0.0,0.0,0.0,0.0,0.0,0.0,0.0,0.0,0.0,0.0,0.0,0.0,0,-107875648.0,69,0.0,138,0.0,-109183584.0,0,26215,17087,0,17105,52429,17084,0,0,0,70,68,100,-0.0,82.1,0.0,78.8,-0.0,79.0,1,49,50,180,52429,26215,0,0,0.0,0.0,0.0,0.0,-0.0,67.0,0.0,162057.094,0.0,984,0,1017,0,0,0,957,0,1044,0,944,0,793,0,786,0,823,0,7520,0.032,2.524898095088995e+20,0.0,0.0,784,16797,-0.0,162057.094,-114818.039,-0.0,0.133,6.909358625270745e+28,30.0,70.0,35,0.0,0.0,0.0,0.0,0.0,0.0,0.0,0.0,0.0,0.0,0.0,0.0,0.0,0.0,0.0,0.0,66.0,0,150,71,52,65476,0,300,0,0,8,20529,65476,0,0,44564,70.0,0.0,0.0,0.0,0.0,0.0
2026-09-10T21:03:13,ERR,ERR,ERR,ERR,ERR,ERR,ERR,ERR,ERR,ERR,ERR,ERR,ERR,ERR,ERR,ERR,ERR,ERR,ERR,ERR,ERR,ERR,ERR,ERR,ERR,ERR,ERR,ERR,ERR,ERR,ERR,ERR,ERR,ERR,ERR,ERR,ERR,ERR,ERR,ERR,ERR,ERR,ERR,ERR,ERR,ERR,ERR,ERR,ERR,ERR,ERR,ERR,ERR,ERR,ERR,ERR,ERR,ERR,ERR,ERR,ERR,ERR,ERR,ERR,ERR,ERR,ERR,ERR,ERR,ERR,ERR,ERR,ERR,ERR,ERR,ERR,ERR,ERR,ERR,ERR,ERR,ERR,ERR,ERR,ERR,ERR,ERR,ERR,ERR,ERR,ERR,ERR,ERR,ERR,ERR,ERR,ERR,ERR,ERR,ERR,ERR,ERR,ERR,ERR,ERR,ERR,ERR,ERR,ERR,ERR,ERR,ERR,ERR,ERR,ERR,ERR,ERR,ERR,ERR,ERR,ERR,ERR,ERR,ERR,ERR,0.0,-0.0,0.0,0.0,0.0,1.3936040501711995e+18,7.805,0.0,0,0,4,0,7116,0.0,100,0.0,0.0,0.0,0.0,0.0,0,0,0,0,0.0,0,0,0,0,0,0,0,0,0,0,0,0,0,0,0,0,0,0,0,0,0,0,0,0,0,0,0,0,0,0,0,0,0,31,40,40,71,65476,0,300,0,0,8,21553,0.0,-107605600.0,0.0,0.0,0.0,0.0,0.0,0.0,0.0,0.0,0.0,0.0,0.0,0.0,0.0,0.0,0.0,0.0,0.0,0.0,0.0,0.0,-2.004,-2.004,0.0,-2.004,0.0,0.0,0.0,0.0,4475.0,2.004,6920.0,-107615312.0,-0.0,0.0,-107615288.0,0.0,0.0,0.0,0.0,69,0.0,0.059,0.0,0.0,0.0,0.0,0.0,0.0,0.0,0,0,0,0.0,0.0,0.0,0.0,0.0,0.0,0.0,0.0,0.0,0.0,0.0,0.0,0.0,0.0,0.0,0.0,0,-107875648.0,69,0.0,138,0.0,-109183584.0,0,26215,17087,0,17105,52429,17084,0,0,0,70,68,100,-0.0,82.1,0.0,78.8,-0.0,79.0,1,49,50,180,52429,26215,0,0,0.0,0.0,0.0,0.0,-0.0,67.0,0.0,162057.094,0.0,984,0,1017,0,0,0,957,0,1044,0,944,0,793,0,786,0,823,0,7520,0.032,2.524898095088995e+20,0.0,0.0,784,16797,-0.0,162057.094,-114818.039,-0.0,0.133,6.909358625270745e+28,30.0,70.0,35,0.0,0.0,0.0,0.0,0.0,0.0,0.0,0.0,0.0,0.0,0.0,0.0,0.0,0.0,0.0,0.0,66.0,0,150,71,52,65476,0,300,0,0,8,20529,65476,0,0,44564,70.0,0.0,0.0,0.0,0.0,0.0
2026-09-10T21:03:14,ERR,ERR,ERR,ERR,ERR,ERR,ERR,ERR,ERR,ERR,ERR,ERR,ERR,ERR,ERR,ERR,ERR,ERR,ERR,ERR,ERR,ERR,ERR,ERR,ERR,ERR,ERR,ERR,ERR,ERR,ERR,ERR,ERR,ERR,ERR,ERR,ERR,ERR,ERR,ERR,ERR,ERR,ERR,ERR,ERR,ERR,ERR,ERR,ERR,ERR,ERR,ERR,ERR,ERR,ERR,ERR,ERR,ERR,ERR,ERR,ERR,ERR,ERR,ERR,ERR,ERR,ERR,ERR,ERR,ERR,ERR,ERR,ERR,ERR,ERR,ERR,ERR,ERR,ERR,ERR,ERR,ERR,ERR,ERR,ERR,ERR,ERR,ERR,ERR,ERR,ERR,ERR,ERR,ERR,ERR,ERR,ERR,ERR,ERR,ERR,ERR,ERR,ERR,ERR,ERR,ERR,ERR,ERR,ERR,ERR,ERR,ERR,ERR,ERR,ERR,ERR,ERR,ERR,ERR,ERR,ERR,ERR,ERR,ERR,ERR,0.0,-0.0,0.0,0.0,0.0,1.3936040501711995e+18,7.805,0.0,0,0,4,0,7116,0.0,100,0.0,0.0,0.0,0.0,0.0,0,0,0,0,0.0,0,0,0,0,0,0,0,0,0,0,0,0,0,0,0,0,0,0,0,0,0,0,0,0,0,0,0,0,0,0,0,0,0,31,40,40,71,65476,0,300,0,0,8,21553,0.0,-107605600.0,0.0,0.0,0.0,0.0,0.0,0.0,0.0,0.0,0.0,0.0,0.0,0.0,0.0,0.0,0.0,0.0,0.0,0.0,0.0,0.0,-2.004,-2.004,0.0,-2.004,0.0,0.0,0.0,0.0,4475.0,2.004,6920.0,-107615312.0,-0.0,0.0,-107615288.0,0.0,0.0,0.0,0.0,69,0.0,0.059,0.0,0.0,0.0,0.0,0.0,0.0,0.0,0,0,0,0.0,0.0,0.0,0.0,0.0,0.0,0.0,0.0,0.0,0.0,0.0,0.0,0.0,0.0,0.0,0.0,0,-107875648.0,69,0.0,138,0.0,-109183584.0,0,26215,17087,0,17105,52429,17084,0,0,0,70,68,100,-0.0,82.1,0.0,78.8,-0.0,79.0,1,49,50,180,52429,26215,0,0,0.0,0.0,0.0,0.0,-0.0,67.0,0.0,162057.094,0.0,984,0,1017,0,0,0,957,0,1044,0,944,0,793,0,786,0,823,0,7520,0.032,2.524898095088995e+20,0.0,0.0,784,16797,-0.0,162057.094,-114818.039,-0.0,0.133,6.909358625270745e+28,30.0,70.0,35,0.0,0.0,0.0,0.0,0.0,0.0,0.0,0.0,0.0,0.0,0.0,0.0,0.0,0.0,0.0,0.0,66.0,0,150,71,52,65476,0,300,0,0,8,20529,65476,0,0,44564,70.0,0.0,0.0,0.0,0.0,0.0
2026-09-10T21:03:15,ERR,ERR,ERR,ERR,ERR,ERR,ERR,ERR,ERR,ERR,ERR,ERR,ERR,ERR,ERR,ERR,ERR,ERR,ERR,ERR,ERR,ERR,ERR,ERR,ERR,ERR,ERR,ERR,ERR,ERR,ERR,ERR,ERR,ERR,ERR,ERR,ERR,ERR,ERR,ERR,ERR,ERR,ERR,ERR,ERR,ERR,ERR,ERR,ERR,ERR,ERR,ERR,ERR,ERR,ERR,ERR,ERR,ERR,ERR,ERR,ERR,ERR,ERR,ERR,ERR,ERR,ERR,ERR,ERR,ERR,ERR,ERR,ERR,ERR,ERR,ERR,ERR,ERR,ERR,ERR,ERR,ERR,ERR,ERR,ERR,ERR,ERR,ERR,ERR,ERR,ERR,ERR,ERR,ERR,ERR,ERR,ERR,ERR,ERR,ERR,ERR,ERR,ERR,ERR,ERR,ERR,ERR,ERR,ERR,ERR,ERR,ERR,ERR,ERR,ERR,ERR,ERR,ERR,ERR,ERR,ERR,ERR,ERR,ERR,ERR,0.0,-0.0,0.0,0.0,0.0,1.3936040501711995e+18,7.805,0.0,0,0,4,0,7116,0.0,100,0.0,0.0,0.0,0.0,0.0,0,0,0,0,0.0,0,0,0,0,0,0,0,0,0,0,0,0,0,0,0,0,0,0,0,0,0,0,0,0,0,0,0,0,0,0,0,0,0,31,40,40,71,65476,0,300,0,0,8,21553,0.0,-107605600.0,0.0,0.0,0.0,0.0,0.0,0.0,0.0,0.0,0.0,0.0,0.0,0.0,0.0,0.0,0.0,0.0,0.0,0.0,0.0,0.0,-2.004,-2.004,0.0,-2.004,0.0,0.0,0.0,0.0,4475.0,2.004,6920.0,-107615312.0,-0.0,0.0,-107615288.0,0.0,0.0,0.0,0.0,69,0.0,0.059,0.0,0.0,0.0,0.0,0.0,0.0,0.0,0,0,0,0.0,0.0,0.0,0.0,0.0,0.0,0.0,0.0,0.0,0.0,0.0,0.0,0.0,0.0,0.0,0.0,0,-107875648.0,69,0.0,138,0.0,-109183584.0,0,26215,17087,0,17105,52429,17084,0,0,0,70,68,100,-0.0,82.1,0.0,78.8,-0.0,79.0,1,49,50,180,52429,26215,0,0,0.0,0.0,0.0,0.0,-0.0,67.0,0.0,162057.094,0.0,984,0,1017,0,0,0,957,0,1044,0,944,0,793,0,786,0,823,0,7520,0.032,2.524898095088995e+20,0.0,0.0,784,16797,-0.0,162057.094,-114818.039,-0.0,0.133,6.909358625270745e+28,30.0,70.0,35,0.0,0.0,0.0,0.0,0.0,0.0,0.0,0.0,0.0,0.0,0.0,0.0,0.0,0.0,0.0,0.0,66.0,0,150,71,52,65476,0,300,0,0,8,20529,65476,0,0,44564,70.0,0.0,0.0,0.0,0.0,0.0
2026-09-10T21:03:16,ERR,ERR,ERR,ERR,ERR,ERR,ERR,ERR,ERR,ERR,ERR,ERR,ERR,ERR,ERR,ERR,ERR,ERR,ERR,ERR,ERR,ERR,ERR,ERR,ERR,ERR,ERR,ERR,ERR,ERR,ERR,ERR,ERR,ERR,ERR,ERR,ERR,ERR,ERR,ERR,ERR,ERR,ERR,ERR,ERR,ERR,ERR,ERR,ERR,ERR,ERR,ERR,ERR,ERR,ERR,ERR,ERR,ERR,ERR,ERR,ERR,ERR,ERR,ERR,ERR,ERR,ERR,ERR,ERR,ERR,ERR,ERR,ERR,ERR,ERR,ERR,ERR,ERR,ERR,ERR,ERR,ERR,ERR,ERR,ERR,ERR,ERR,ERR,ERR,ERR,ERR,ERR,ERR,ERR,ERR,ERR,ERR,ERR,ERR,ERR,ERR,ERR,ERR,ERR,ERR,ERR,ERR,ERR,ERR,ERR,ERR,ERR,ERR,ERR,ERR,ERR,ERR,ERR,ERR,ERR,ERR,ERR,ERR,ERR,ERR,0.0,-0.0,0.0,0.0,0.0,1.3936040501711995e+18,7.805,0.0,0,0,4,0,7116,0.0,100,0.0,0.0,0.0,0.0,0.0,0,0,0,0,0.0,0,0,0,0,0,0,0,0,0,0,0,0,0,0,0,0,0,0,0,0,0,0,0,0,0,0,0,0,0,0,0,0,0,31,40,40,71,65476,0,300,0,0,8,21553,0.0,-107605600.0,0.0,0.0,0.0,0.0,0.0,0.0,0.0,0.0,0.0,0.0,0.0,0.0,0.0,0.0,0.0,0.0,0.0,0.0,0.0,0.0,-2.004,-2.004,0.0,-2.004,0.0,0.0,0.0,0.0,4475.0,2.004,6920.0,-107615312.0,-0.0,0.0,-107615288.0,0.0,0.0,0.0,0.0,69,0.0,0.059,0.0,0.0,0.0,0.0,0.0,0.0,0.0,0,0,0,0.0,0.0,0.0,0.0,0.0,0.0,0.0,0.0,0.0,0.0,0.0,0.0,0.0,0.0,0.0,0.0,0,-107875648.0,69,0.0,138,0.0,-109183584.0,0,26215,17087,0,17105,52429,17084,0,0,0,70,68,100,-0.0,82.1,0.0,78.8,-0.0,79.0,1,49,50,180,52429,26215,0,0,0.0,0.0,0.0,0.0,-0.0,67.0,0.0,162057.094,0.0,984,0,1017,0,0,0,957,0,1044,0,944,0,793,0,786,0,823,0,7520,0.032,2.524898095088995e+20,0.0,0.0,784,16797,-0.0,162057.094,-114818.039,-0.0,0.133,6.909358625270745e+28,30.0,70.0,35,0.0,0.0,0.0,0.0,0.0,0.0,0.0,0.0,0.0,0.0,0.0,0.0,0.0,0.0,0.0,0.0,66.0,0,150,71,52,65476,0,300,0,0,8,20529,65476,0,0,44564,70.0,0.0,0.0,0.0,0.0,0.0
2026-09-10T21:03:17,ERR,ERR,ERR,ERR,ERR,ERR,ERR,ERR,ERR,ERR,ERR,ERR,ERR,ERR,ERR,ERR,ERR,ERR,ERR,ERR,ERR,ERR,ERR,ERR,ERR,ERR,ERR,ERR,ERR,ERR,ERR,ERR,ERR,ERR,ERR,ERR,ERR,ERR,ERR,ERR,ERR,ERR,ERR,ERR,ERR,ERR,ERR,ERR,ERR,ERR,ERR,ERR,ERR,ERR,ERR,ERR,ERR,ERR,ERR,ERR,ERR,ERR,ERR,ERR,ERR,ERR,ERR,ERR,ERR,ERR,ERR,ERR,ERR,ERR,ERR,ERR,ERR,ERR,ERR,ERR,ERR,ERR,ERR,ERR,ERR,ERR,ERR,ERR,ERR,ERR,ERR,ERR,ERR,ERR,ERR,ERR,ERR,ERR,ERR,ERR,ERR,ERR,ERR,ERR,ERR,ERR,ERR,ERR,ERR,ERR,ERR,ERR,ERR,ERR,ERR,ERR,ERR,ERR,ERR,ERR,ERR,ERR,ERR,ERR,ERR,0.0,-0.0,0.0,0.0,0.0,1.3936040501711995e+18,7.805,0.0,0,0,4,0,7116,0.0,100,0.0,0.0,0.0,0.0,0.0,0,0,0,0,0.0,0,0,0,0,0,0,0,0,0,0,0,0,0,0,0,0,0,0,0,0,0,0,0,0,0,0,0,0,0,0,0,0,0,31,40,40,71,65476,0,300,0,0,8,21553,0.0,-107605600.0,0.0,0.0,0.0,0.0,0.0,0.0,0.0,0.0,0.0,0.0,0.0,0.0,0.0,0.0,0.0,0.0,0.0,0.0,0.0,0.0,-2.004,-2.004,0.0,-2.004,0.0,0.0,0.0,0.0,4475.0,2.004,6920.0,-107615312.0,-0.0,0.0,-107615288.0,0.0,0.0,0.0,0.0,69,0.0,0.059,0.0,0.0,0.0,0.0,0.0,0.0,0.0,0,0,0,0.0,0.0,0.0,0.0,0.0,0.0,0.0,0.0,0.0,0.0,0.0,0.0,0.0,0.0,0.0,0.0,0,-107875648.0,69,0.0,138,0.0,-109183584.0,0,26215,17087,0,17105,52429,17084,0,0,0,70,68,100,-0.0,82.1,0.0,78.8,-0.0,79.0,1,49,50,180,52429,26215,0,0,0.0,0.0,0.0,0.0,-0.0,67.0,0.0,162057.094,0.0,984,0,1017,0,0,0,957,0,1045,0,944,0,793,0,786,0,823,0,7520,0.032,2.501839664996858e+20,0.0,0.0,784,16797,-0.0,162057.094,-114818.039,-0.0,0.133,6.909358625270745e+28,30.0,70.0,35,0.0,0.0,0.0,0.0,0.0,0.0,0.0,0.0,0.0,0.0,0.0,0.0,0.0,0.0,0.0,0.0,66.0,0,150,71,52,65476,0,300,0,0,8,20529,65476,0,0,44564,70.0,0.0,0.0,0.0,0.0,0.0
2026-09-10T21:03:18,ERR,ERR,ERR,ERR,ERR,ERR,ERR,ERR,ERR,ERR,ERR,ERR,ERR,ERR,ERR,ERR,ERR,ERR,ERR,ERR,ERR,ERR,ERR,ERR,ERR,ERR,ERR,ERR,ERR,ERR,ERR,ERR,ERR,ERR,ERR,ERR,ERR,ERR,ERR,ERR,ERR,ERR,ERR,ERR,ERR,ERR,ERR,ERR,ERR,ERR,ERR,ERR,ERR,ERR,ERR,ERR,ERR,ERR,ERR,ERR,ERR,ERR,ERR,ERR,ERR,ERR,ERR,ERR,ERR,ERR,ERR,ERR,ERR,ERR,ERR,ERR,ERR,ERR,ERR,ERR,ERR,ERR,ERR,ERR,ERR,ERR,ERR,ERR,ERR,ERR,ERR,ERR,ERR,ERR,ERR,ERR,ERR,ERR,ERR,ERR,ERR,ERR,ERR,ERR,ERR,ERR,ERR,ERR,ERR,ERR,ERR,ERR,ERR,ERR,ERR,ERR,ERR,ERR,ERR,ERR,ERR,ERR,ERR,ERR,ERR,0.0,-0.0,0.0,0.0,0.0,1.3936040501711995e+18,7.805,0.0,0,0,4,0,7116,0.0,100,0.0,0.0,0.0,0.0,0.0,0,0,0,0,0.0,0,0,0,0,0,0,0,0,0,0,0,0,0,0,0,0,0,0,0,0,0,0,0,0,0,0,0,0,0,0,0,0,0,31,40,40,71,65476,0,300,0,0,8,21553,0.0,-107605600.0,0.0,0.0,0.0,0.0,0.0,0.0,0.0,0.0,0.0,0.0,0.0,0.0,0.0,0.0,0.0,0.0,0.0,0.0,0.0,0.0,-2.004,-2.004,0.0,-2.004,0.0,0.0,0.0,0.0,4478.0,0.0,6919.0,0.0,-0.0,0.0,-107615288.0,0.0,0.0,0.0,0.0,69,0.0,89220.391,0.0,0.0,0.0,0.0,0.0,0.0,0.0,0,0,0,0.0,0.0,0.0,0.0,0.0,0.0,0.0,0.0,0.0,0.0,0.0,0.0,0.0,0.0,0.0,0.0,0,-107875648.0,69,0.0,138,0.0,-109183584.0,0,26215,17087,0,17105,52429,17084,0,0,0,70,68,100,-0.0,82.1,0.0,78.8,-0.0,79.0,1,49,50,180,52429,26215,0,0,0.0,0.0,0.0,0.0,-0.0,67.0,0.0,162057.094,0.0,984,0,1017,0,0,0,957,0,1045,0,944,0,793,0,786,0,823,0,7520,0.032,2.501839664996858e+20,0.0,0.0,784,16797,-0.0,162057.094,-114818.039,-0.0,0.133,6.909358625270745e+28,30.0,70.0,35,0.0,0.0,0.0,0.0,0.0,0.0,0.0,0.0,0.0,0.0,0.0,0.0,0.0,0.0,0.0,0.0,66.4,0,150,71,52,65476,0,300,0,0,8,20529,65476,0,0,44564,70.0,0.0,0.0,0.0,0.0,0.0
2026-09-10T21:03:19,ERR,ERR,ERR,ERR,ERR,ERR,ERR,ERR,ERR,ERR,ERR,ERR,ERR,ERR,ERR,ERR,ERR,ERR,ERR,ERR,ERR,ERR,ERR,ERR,ERR,ERR,ERR,ERR,ERR,ERR,ERR,ERR,ERR,ERR,ERR,ERR,ERR,ERR,ERR,ERR,ERR,ERR,ERR,ERR,ERR,ERR,ERR,ERR,ERR,ERR,ERR,ERR,ERR,ERR,ERR,ERR,ERR,ERR,ERR,ERR,ERR,ERR,ERR,ERR,ERR,ERR,ERR,ERR,ERR,ERR,ERR,ERR,ERR,ERR,ERR,ERR,ERR,ERR,ERR,ERR,ERR,ERR,ERR,ERR,ERR,ERR,ERR,ERR,ERR,ERR,ERR,ERR,ERR,ERR,ERR,ERR,ERR,ERR,ERR,ERR,ERR,ERR,ERR,ERR,ERR,ERR,ERR,ERR,ERR,ERR,ERR,ERR,ERR,ERR,ERR,ERR,ERR,ERR,ERR,ERR,ERR,ERR,ERR,ERR,ERR,0.0,-0.0,0.0,0.0,0.0,1.3936040501711995e+18,7.805,0.0,0,0,4,0,7116,0.0,100,0.0,0.0,0.0,0.0,0.0,0,0,0,0,0.0,0,0,0,0,0,0,0,0,0,0,0,0,0,0,0,0,0,0,0,0,0,0,0,0,0,0,0,0,0,0,0,0,0,31,40,40,71,65476,0,300,0,0,8,21553,0.0,-107605600.0,0.0,0.0,0.0,0.0,0.0,0.0,0.0,0.0,0.0,0.0,0.0,0.0,0.0,0.0,0.0,0.0,0.0,0.0,0.0,0.0,-2.004,-2.004,0.0,-2.004,0.0,0.0,0.0,0.0,4478.0,0.0,6919.0,0.0,-0.0,0.0,-107615288.0,0.0,0.0,0.0,0.0,69,0.0,89220.391,0.0,0.0,0.0,0.0,0.0,0.0,0.0,0,0,0,0.0,0.0,0.0,0.0,0.0,0.0,0.0,0.0,0.0,0.0,0.0,0.0,0.0,0.0,0.0,0.0,0,-107875648.0,69,0.0,138,0.0,-109183584.0,0,26215,17087,0,17105,52429,17084,0,0,0,70,68,100,-0.0,82.1,0.0,78.8,-0.0,79.0,1,49,50,180,52429,26215,0,0,0.0,0.0,0.0,0.0,-0.0,67.0,0.0,162057.094,0.0,984,0,1017,0,0,0,957,0,1045,0,944,0,793,0,786,0,823,0,7520,0.032,2.501839664996858e+20,0.0,0.0,784,16797,-0.0,162057.094,-114818.039,-0.0,0.133,6.909358625270745e+28,30.0,70.0,35,0.0,0.0,0.0,0.0,0.0,0.0,0.0,0.0,0.0,0.0,0.0,0.0,0.0,0.0,0.0,0.0,66.4,0,150,71,52,65476,0,300,0,0,8,20529,65476,0,0,44564,70.0,0.0,0.0,0.0,0.0,0.0
2026-09-10T21:03:20,ERR,ERR,ERR,ERR,ERR,ERR,ERR,ERR,ERR,ERR,ERR,ERR,ERR,ERR,ERR,ERR,ERR,ERR,ERR,ERR,ERR,ERR,ERR,ERR,ERR,ERR,ERR,ERR,ERR,ERR,ERR,ERR,ERR,ERR,ERR,ERR,ERR,ERR,ERR,ERR,ERR,ERR,ERR,ERR,ERR,ERR,ERR,ERR,ERR,ERR,ERR,ERR,ERR,ERR,ERR,ERR,ERR,ERR,ERR,ERR,ERR,ERR,ERR,ERR,ERR,ERR,ERR,ERR,ERR,ERR,ERR,ERR,ERR,ERR,ERR,ERR,ERR,ERR,ERR,ERR,ERR,ERR,ERR,ERR,ERR,ERR,ERR,ERR,ERR,ERR,ERR,ERR,ERR,ERR,ERR,ERR,ERR,ERR,ERR,ERR,ERR,ERR,ERR,ERR,ERR,ERR,ERR,ERR,ERR,ERR,ERR,ERR,ERR,ERR,ERR,ERR,ERR,ERR,ERR,ERR,ERR,ERR,ERR,ERR,ERR,0.0,-0.0,0.0,0.0,0.0,1.3936040501711995e+18,7.805,0.0,0,0,4,0,7116,0.0,100,0.0,0.0,0.0,0.0,0.0,0,0,0,0,0.0,0,0,0,0,0,0,0,0,0,0,0,0,0,0,0,0,0,0,0,0,0,0,0,0,0,0,0,0,0,0,0,0,0,31,40,40,71,65476,0,300,0,0,8,21553,0.0,-107605600.0,0.0,0.0,0.0,0.0,0.0,0.0,0.0,0.0,0.0,0.0,0.0,0.0,0.0,0.0,0.0,0.0,0.0,0.0,0.0,0.0,-2.004,-2.004,0.0,-2.004,0.0,0.0,0.0,0.0,4478.0,0.0,6919.0,0.0,-0.0,0.0,-107615288.0,0.0,0.0,0.0,0.0,69,0.0,89220.391,0.0,0.0,0.0,0.0,0.0,0.0,0.0,0,0,0,0.0,0.0,0.0,0.0,0.0,0.0,0.0,0.0,0.0,0.0,0.0,0.0,0.0,0.0,0.0,0.0,0,-107875648.0,69,0.0,138,0.0,-109183584.0,0,26215,17087,0,17105,52429,17084,0,0,0,70,68,100,-0.0,82.1,0.0,78.8,-0.0,79.0,1,49,50,180,52429,26215,0,0,0.0,0.0,0.0,0.0,-0.0,67.0,0.0,162057.094,0.0,984,0,1017,0,0,0,957,0,1045,0,944,0,793,0,786,0,823,0,7520,0.032,2.501839664996858e+20,0.0,0.0,784,16797,-0.0,162057.094,-114818.039,-0.0,0.133,6.909358625270745e+28,30.0,70.0,35,0.0,0.0,0.0,0.0,0.0,0.0,0.0,0.0,0.0,0.0,0.0,0.0,0.0,0.0,0.0,0.0,66.4,0,150,71,52,65476,0,300,0,0,8,20529,65476,0,0,44564,70.0,0.0,0.0,0.0,0.0,0.0
2026-09-10T21:03:21,ERR,ERR,ERR,ERR,ERR,ERR,ERR,ERR,ERR,ERR,ERR,ERR,ERR,ERR,ERR,ERR,ERR,ERR,ERR,ERR,ERR,ERR,ERR,ERR,ERR,ERR,ERR,ERR,ERR,ERR,ERR,ERR,ERR,ERR,ERR,ERR,ERR,ERR,ERR,ERR,ERR,ERR,ERR,ERR,ERR,ERR,ERR,ERR,ERR,ERR,ERR,ERR,ERR,ERR,ERR,ERR,ERR,ERR,ERR,ERR,ERR,ERR,ERR,ERR,ERR,ERR,ERR,ERR,ERR,ERR,ERR,ERR,ERR,ERR,ERR,ERR,ERR,ERR,ERR,ERR,ERR,ERR,ERR,ERR,ERR,ERR,ERR,ERR,ERR,ERR,ERR,ERR,ERR,ERR,ERR,ERR,ERR,ERR,ERR,ERR,ERR,ERR,ERR,ERR,ERR,ERR,ERR,ERR,ERR,ERR,ERR,ERR,ERR,ERR,ERR,ERR,ERR,ERR,ERR,ERR,ERR,ERR,ERR,ERR,ERR,0.0,-0.0,0.0,0.0,0.0,1.3936040501711995e+18,7.805,0.0,0,0,4,0,7116,0.0,100,0.0,0.0,0.0,0.0,0.0,0,0,0,0,0.0,0,0,0,0,0,0,0,0,0,0,0,0,0,0,0,0,0,0,0,0,0,0,0,0,0,0,0,0,0,0,0,0,0,31,40,40,71,65476,0,300,0,0,8,21553,0.0,-107605600.0,0.0,0.0,0.0,0.0,0.0,0.0,0.0,0.0,0.0,0.0,0.0,0.0,0.0,0.0,0.0,0.0,0.0,0.0,0.0,0.0,-2.004,-2.004,0.0,-2.004,0.0,0.0,0.0,0.0,4478.0,0.0,6919.0,0.0,-0.0,0.0,-107615288.0,0.0,0.0,0.0,0.0,69,0.0,89220.391,0.0,0.0,0.0,0.0,0.0,0.0,0.0,0,0,0,0.0,0.0,0.0,0.0,0.0,0.0,0.0,0.0,0.0,0.0,0.0,0.0,0.0,0.0,0.0,0.0,0,-107875648.0,69,0.0,138,0.0,-109183584.0,0,26215,17087,0,17105,52429,17084,0,0,0,70,68,100,-0.0,82.1,0.0,78.8,-0.0,79.0,1,49,50,180,52429,26215,0,0,0.0,0.0,0.0,0.0,-0.0,67.0,0.0,162057.094,0.0,984,0,1017,0,0,0,957,0,1045,0,944,0,793,0,786,0,823,0,7520,0.032,2.501839664996858e+20,0.0,0.0,784,16797,-0.0,162057.094,-114818.039,-0.0,0.133,6.909358625270745e+28,30.0,70.0,35,0.0,0.0,0.0,0.0,0.0,0.0,0.0,0.0,0.0,0.0,0.0,0.0,0.0,0.0,0.0,0.0,66.0,0,150,71,52,65476,0,300,0,0,8,20529,65476,0,0,44564,70.0,0.0,0.0,0.0,0.0,0.0
2026-09-10T21:03:22,ERR,ERR,ERR,ERR,ERR,ERR,ERR,ERR,ERR,ERR,ERR,ERR,ERR,ERR,ERR,ERR,ERR,ERR,ERR,ERR,ERR,ERR,ERR,ERR,ERR,ERR,ERR,ERR,ERR,ERR,ERR,ERR,ERR,ERR,ERR,ERR,ERR,ERR,ERR,ERR,ERR,ERR,ERR,ERR,ERR,ERR,ERR,ERR,ERR,ERR,ERR,ERR,ERR,ERR,ERR,ERR,ERR,ERR,ERR,ERR,ERR,ERR,ERR,ERR,ERR,ERR,ERR,ERR,ERR,ERR,ERR,ERR,ERR,ERR,ERR,ERR,ERR,ERR,ERR,ERR,ERR,ERR,ERR,ERR,ERR,ERR,ERR,ERR,ERR,ERR,ERR,ERR,ERR,ERR,ERR,ERR,ERR,ERR,ERR,ERR,ERR,ERR,ERR,ERR,ERR,ERR,ERR,ERR,ERR,ERR,ERR,ERR,ERR,ERR,ERR,ERR,ERR,ERR,ERR,ERR,ERR,ERR,ERR,ERR,ERR,0.0,-0.0,0.0,0.0,0.0,1.3936040501711995e+18,7.805,0.0,0,0,4,0,7116,0.0,100,0.0,0.0,0.0,0.0,0.0,0,0,0,0,0.0,0,0,0,0,0,0,0,0,0,0,0,0,0,0,0,0,0,0,0,0,0,0,0,0,0,0,0,0,0,0,0,0,0,31,40,40,71,65476,0,300,0,0,8,21553,0.0,-107605600.0,0.0,0.0,0.0,0.0,0.0,0.0,0.0,0.0,0.0,0.0,0.0,0.0,0.0,0.0,0.0,0.0,0.0,0.0,0.0,0.0,-2.004,-2.004,0.0,-2.004,0.0,0.0,0.0,0.0,4478.0,0.0,6919.0,0.0,-0.0,0.0,-107615288.0,0.0,0.0,0.0,0.0,69,0.0,89220.391,0.0,0.0,0.0,0.0,0.0,0.0,0.0,0,0,0,0.0,0.0,0.0,0.0,0.0,0.0,0.0,0.0,0.0,0.0,0.0,0.0,0.0,0.0,0.0,0.0,0,-107875648.0,69,0.0,138,0.0,-109183584.0,0,26215,17087,0,17105,52429,17084,0,0,0,70,68,100,-0.0,82.1,0.0,78.8,-0.0,79.0,1,49,50,180,52429,26215,0,0,0.0,0.0,0.0,0.0,-0.0,67.0,0.0,162057.094,0.0,984,0,1017,0,0,0,957,0,1045,0,944,0,793,0,786,0,823,0,7520,0.032,2.501839664996858e+20,0.0,0.0,784,16797,-0.0,162057.094,-114818.039,-0.0,0.133,6.909358625270745e+28,30.0,70.0,35,0.0,0.0,0.0,0.0,0.0,0.0,0.0,0.0,0.0,0.0,0.0,0.0,0.0,0.0,0.0,0.0,66.0,0,150,71,52,65476,0,300,0,0,8,20529,65476,0,0,44564,70.0,0.0,0.0,0.0,0.0,0.0
2026-09-10T21:03:23,ERR,ERR,ERR,ERR,ERR,ERR,ERR,ERR,ERR,ERR,ERR,ERR,ERR,ERR,ERR,ERR,ERR,ERR,ERR,ERR,ERR,ERR,ERR,ERR,ERR,ERR,ERR,ERR,ERR,ERR,ERR,ERR,ERR,ERR,ERR,ERR,ERR,ERR,ERR,ERR,ERR,ERR,ERR,ERR,ERR,ERR,ERR,ERR,ERR,ERR,ERR,ERR,ERR,ERR,ERR,ERR,ERR,ERR,ERR,ERR,ERR,ERR,ERR,ERR,ERR,ERR,ERR,ERR,ERR,ERR,ERR,ERR,ERR,ERR,ERR,ERR,ERR,ERR,ERR,ERR,ERR,ERR,ERR,ERR,ERR,ERR,ERR,ERR,ERR,ERR,ERR,ERR,ERR,ERR,ERR,ERR,ERR,ERR,ERR,ERR,ERR,ERR,ERR,ERR,ERR,ERR,ERR,ERR,ERR,ERR,ERR,ERR,ERR,ERR,ERR,ERR,ERR,ERR,ERR,ERR,ERR,ERR,ERR,ERR,ERR,0.0,-0.0,0.0,0.0,0.0,1.3936040501711995e+18,7.805,0.0,0,0,4,0,7116,0.0,100,0.0,0.0,0.0,0.0,0.0,0,0,0,0,0.0,0,0,0,0,0,0,0,0,0,0,0,0,0,0,0,0,0,0,0,0,0,0,0,0,0,0,0,0,0,0,0,0,0,31,40,40,71,65476,0,300,0,0,8,21553,0.0,-107605600.0,0.0,0.0,0.0,0.0,0.0,0.0,0.0,0.0,0.0,0.0,0.0,0.0,0.0,0.0,0.0,0.0,0.0,0.0,0.0,0.0,-2.004,-2.004,0.0,-2.004,0.0,0.0,0.0,0.0,4478.0,0.0,6919.0,0.0,-0.0,0.0,-107615288.0,0.0,0.0,0.0,0.0,69,0.0,89220.391,0.0,0.0,0.0,0.0,0.0,0.0,0.0,0,0,0,0.0,0.0,0.0,0.0,0.0,0.0,0.0,0.0,0.0,0.0,0.0,0.0,0.0,0.0,0.0,0.0,0,-107875648.0,69,0.0,138,0.0,-109183584.0,0,26215,17087,0,17105,52429,17084,0,0,0,70,68,100,-0.0,82.1,0.0,78.8,-0.0,79.0,1,49,50,180,52429,26215,0,0,0.0,0.0,0.0,0.0,-0.0,67.0,0.0,162057.094,0.0,984,0,1017,0,0,0,957,0,1045,0,944,0,793,0,786,0,823,0,7520,0.032,2.524898095088995e+20,0.0,0.0,784,16797,-0.0,162057.094,-114818.039,-0.0,0.133,6.909358625270745e+28,30.0,70.0,35,0.0,0.0,0.0,0.0,0.0,0.0,0.0,0.0,0.0,0.0,0.0,0.0,0.0,0.0,0.0,0.0,66.0,0,150,71,52,65476,0,300,0,0,8,20529,65476,0,0,44564,70.0,0.0,0.0,0.0,0.0,0.0
2026-09-10T21:03:24,ERR,ERR,ERR,ERR,ERR,ERR,ERR,ERR,ERR,ERR,ERR,ERR,ERR,ERR,ERR,ERR,ERR,ERR,ERR,ERR,ERR,ERR,ERR,ERR,ERR,ERR,ERR,ERR,ERR,ERR,ERR,ERR,ERR,ERR,ERR,ERR,ERR,ERR,ERR,ERR,ERR,ERR,ERR,ERR,ERR,ERR,ERR,ERR,ERR,ERR,ERR,ERR,ERR,ERR,ERR,ERR,ERR,ERR,ERR,ERR,ERR,ERR,ERR,ERR,ERR,ERR,ERR,ERR,ERR,ERR,ERR,ERR,ERR,ERR,ERR,ERR,ERR,ERR,ERR,ERR,ERR,ERR,ERR,ERR,ERR,ERR,ERR,ERR,ERR,ERR,ERR,ERR,ERR,ERR,ERR,ERR,ERR,ERR,ERR,ERR,ERR,ERR,ERR,ERR,ERR,ERR,ERR,ERR,ERR,ERR,ERR,ERR,ERR,ERR,ERR,ERR,ERR,ERR,ERR,ERR,ERR,ERR,ERR,ERR,ERR,0.0,-0.0,0.0,0.0,0.0,1.3936040501711995e+18,7.805,0.0,0,0,4,0,7116,0.0,100,0.0,0.0,0.0,0.0,0.0,0,0,0,0,0.0,0,0,0,0,0,0,0,0,0,0,0,0,0,0,0,0,0,0,0,0,0,0,0,0,0,0,0,0,0,0,0,0,0,31,40,40,71,65476,0,300,0,0,8,21553,0.0,-107605600.0,0.0,0.0,0.0,0.0,0.0,0.0,0.0,0.0,0.0,0.0,0.0,0.0,0.0,0.0,0.0,0.0,0.0,0.0,0.0,0.0,-2.004,-2.004,0.0,-2.004,0.0,0.0,0.0,0.0,4478.0,0.0,6919.0,0.0,-0.0,0.0,-107615288.0,0.0,0.0,0.0,0.0,69,0.0,89220.391,0.0,0.0,0.0,0.0,0.0,0.0,0.0,0,0,0,0.0,0.0,0.0,0.0,0.0,0.0,0.0,0.0,0.0,0.0,0.0,0.0,0.0,0.0,0.0,0.0,0,-107875648.0,69,0.0,138,0.0,-109183584.0,0,26215,17087,0,17105,52429,17084,0,0,0,70,68,100,-0.0,82.1,0.0,78.8,-0.0,79.0,1,49,50,180,52429,26215,0,0,0.0,0.0,0.0,0.0,-0.0,67.0,0.0,162057.094,0.0,984,0,1017,0,0,0,957,0,1045,0,944,0,793,0,786,0,823,0,7520,0.032,2.524898095088995e+20,0.0,0.0,784,16797,-0.0,162057.094,-114818.039,-0.0,0.133,6.909358625270745e+28,30.0,70.0,35,0.0,0.0,0.0,0.0,0.0,0.0,0.0,0.0,0.0,0.0,0.0,0.0,0.0,0.0,0.0,0.0,66.0,0,150,71,52,65476,0,300,0,0,8,20529,65476,0,0,44564,70.0,0.0,0.0,0.0,0.0,0.0
2026-09-10T21:03:25,ERR,ERR,ERR,ERR,ERR,ERR,ERR,ERR,ERR,ERR,ERR,ERR,ERR,ERR,ERR,ERR,ERR,ERR,ERR,ERR,ERR,ERR,ERR,ERR,ERR,ERR,ERR,ERR,ERR,ERR,ERR,ERR,ERR,ERR,ERR,ERR,ERR,ERR,ERR,ERR,ERR,ERR,ERR,ERR,ERR,ERR,ERR,ERR,ERR,ERR,ERR,ERR,ERR,ERR,ERR,ERR,ERR,ERR,ERR,ERR,ERR,ERR,ERR,ERR,ERR,ERR,ERR,ERR,ERR,ERR,ERR,ERR,ERR,ERR,ERR,ERR,ERR,ERR,ERR,ERR,ERR,ERR,ERR,ERR,ERR,ERR,ERR,ERR,ERR,ERR,ERR,ERR,ERR,ERR,ERR,ERR,ERR,ERR,ERR,ERR,ERR,ERR,ERR,ERR,ERR,ERR,ERR,ERR,ERR,ERR,ERR,ERR,ERR,ERR,ERR,ERR,ERR,ERR,ERR,ERR,ERR,ERR,ERR,ERR,ERR,0.0,-0.0,0.0,0.0,0.0,1.3936040501711995e+18,7.805,0.0,0,0,4,0,7116,0.0,100,0.0,0.0,0.0,0.0,0.0,0,0,0,0,0.0,0,0,0,0,0,0,0,0,0,0,0,0,0,0,0,0,0,0,0,0,0,0,0,0,0,0,0,0,0,0,0,0,0,31,40,40,71,65476,0,300,0,0,8,21553,0.0,-107605600.0,0.0,0.0,0.0,0.0,0.0,0.0,0.0,0.0,0.0,0.0,0.0,0.0,0.0,0.0,0.0,0.0,0.0,0.0,0.0,0.0,-2.004,-2.004,0.0,-2.004,0.0,0.0,0.0,0.0,4478.0,0.0,6919.0,0.0,-0.0,0.0,-107615288.0,0.0,0.0,0.0,0.0,69,0.0,89220.391,0.0,0.0,0.0,0.0,0.0,0.0,0.0,0,0,0,0.0,0.0,0.0,0.0,0.0,0.0,0.0,0.0,0.0,0.0,0.0,0.0,0.0,0.0,0.0,0.0,0,-107875648.0,69,0.0,138,0.0,-109183584.0,0,26215,17087,0,17105,52429,17084,0,0,0,70,68,100,-0.0,82.1,0.0,78.8,-0.0,79.0,1,49,50,180,52429,26215,0,0,0.0,0.0,0.0,0.0,-0.0,67.0,0.0,162057.094,0.0,984,0,1017,0,0,0,957,0,1045,0,944,0,793,0,786,0,823,0,7520,0.032,2.524898095088995e+20,0.0,0.0,784,16797,-0.0,162057.094,-114818.039,-0.0,0.133,6.909358625270745e+28,30.0,70.0,35,0.0,0.0,0.0,0.0,0.0,0.0,0.0,0.0,0.0,0.0,0.0,0.0,0.0,0.0,0.0,0.0,66.0,0,150,71,52,65476,0,300,0,0,8,20529,65476,0,0,44564,70.0,0.0,0.0,0.0,0.0,0.0
2026-09-10T21:03:26,ERR,ERR,ERR,ERR,ERR,ERR,ERR,ERR,ERR,ERR,ERR,ERR,ERR,ERR,ERR,ERR,ERR,ERR,ERR,ERR,ERR,ERR,ERR,ERR,ERR,ERR,ERR,ERR,ERR,ERR,ERR,ERR,ERR,ERR,ERR,ERR,ERR,ERR,ERR,ERR,ERR,ERR,ERR,ERR,ERR,ERR,ERR,ERR,ERR,ERR,ERR,ERR,ERR,ERR,ERR,ERR,ERR,ERR,ERR,ERR,ERR,ERR,ERR,ERR,ERR,ERR,ERR,ERR,ERR,ERR,ERR,ERR,ERR,ERR,ERR,ERR,ERR,ERR,ERR,ERR,ERR,ERR,ERR,ERR,ERR,ERR,ERR,ERR,ERR,ERR,ERR,ERR,ERR,ERR,ERR,ERR,ERR,ERR,ERR,ERR,ERR,ERR,ERR,ERR,ERR,ERR,ERR,ERR,ERR,ERR,ERR,ERR,ERR,ERR,ERR,ERR,ERR,ERR,ERR,ERR,ERR,ERR,ERR,ERR,ERR,0.0,-0.0,0.0,0.0,0.0,1.3936040501711995e+18,7.805,0.0,0,0,4,0,7116,0.0,100,0.0,0.0,0.0,0.0,0.0,0,0,0,0,0.0,0,0,0,0,0,0,0,0,0,0,0,0,0,0,0,0,0,0,0,0,0,0,0,0,0,0,0,0,0,0,0,0,0,31,40,40,71,65476,0,300,0,0,8,21553,0.0,-107605600.0,0.0,0.0,0.0,0.0,0.0,0.0,0.0,0.0,0.0,0.0,0.0,0.0,0.0,0.0,0.0,0.0,0.0,0.0,0.0,0.0,-2.004,-2.004,0.0,-2.004,0.0,0.0,0.0,0.0,4478.0,0.0,6919.0,0.0,-0.0,0.0,-107615288.0,0.0,0.0,0.0,0.0,69,0.0,89220.391,0.0,0.0,0.0,0.0,0.0,0.0,0.0,0,0,0,0.0,0.0,0.0,0.0,0.0,0.0,0.0,0.0,0.0,0.0,0.0,0.0,0.0,0.0,0.0,0.0,0,-107875648.0,69,0.0,138,0.0,-109183584.0,0,26215,17087,0,17105,52429,17084,0,0,0,70,68,100,-0.0,82.1,0.0,78.8,-0.0,79.0,1,49,50,180,52429,26215,0,0,0.0,0.0,0.0,0.0,-0.0,67.0,0.0,162057.094,0.0,984,0,1017,0,0,0,957,0,1045,0,944,0,793,0,786,0,823,0,7520,0.032,2.524898095088995e+20,0.0,0.0,784,16797,-0.0,162057.094,-114818.039,-0.0,0.133,6.909358625270745e+28,30.0,70.0,35,0.0,0.0,0.0,0.0,0.0,0.0,0.0,0.0,0.0,0.0,0.0,0.0,0.0,0.0,0.0,0.0,66.0,0,150,71,52,65476,0,300,0,0,8,20529,65476,0,0,44564,70.0,0.0,0.0,0.0,0.0,0.0
2026-09-10T21:03:27,ERR,ERR,ERR,ERR,ERR,ERR,ERR,ERR,ERR,ERR,ERR,ERR,ERR,ERR,ERR,ERR,ERR,ERR,ERR,ERR,ERR,ERR,ERR,ERR,ERR,ERR,ERR,ERR,ERR,ERR,ERR,ERR,ERR,ERR,ERR,ERR,ERR,ERR,ERR,ERR,ERR,ERR,ERR,ERR,ERR,ERR,ERR,ERR,ERR,ERR,ERR,ERR,ERR,ERR,ERR,ERR,ERR,ERR,ERR,ERR,ERR,ERR,ERR,ERR,ERR,ERR,ERR,ERR,ERR,ERR,ERR,ERR,ERR,ERR,ERR,ERR,ERR,ERR,ERR,ERR,ERR,ERR,ERR,ERR,ERR,ERR,ERR,ERR,ERR,ERR,ERR,ERR,ERR,ERR,ERR,ERR,ERR,ERR,ERR,ERR,ERR,ERR,ERR,ERR,ERR,ERR,ERR,ERR,ERR,ERR,ERR,ERR,ERR,ERR,ERR,ERR,ERR,ERR,ERR,ERR,ERR,ERR,ERR,ERR,ERR,0.0,2.7184303811560617e+23,-100794720.0,0.0,0.0,1.3936040501711995e+18,7.805,0.0,0,0,4,0,7116,0.0,100,0.0,0.0,0.0,0.0,0.0,0,0,0,0,0.0,0,0,0,0,0,0,0,0,0,0,0,0,0,0,0,0,0,0,0,0,0,0,0,0,0,0,0,0,0,0,0,0,0,31,40,40,71,65476,0,300,0,0,8,21553,0.0,-107605600.0,0.0,0.0,0.0,0.0,0.0,0.0,0.0,0.0,0.0,0.0,0.0,0.0,0.0,0.0,0.0,0.0,0.0,0.0,0.0,0.0,-2.004,-0.0,0.0,-2.004,0.0,0.0,0.0,0.0,4448.0,564144692527104.0,6925.0,0.0,-0.0,0.0,-107615288.0,0.0,0.0,0.0,0.0,69,0.0,4.066845346649544e+29,0.0,0.0,0.0,0.0,0.0,0.0,0.0,0,0,0,0.0,0.0,0.0,0.0,0.0,0.0,0.0,0.0,0.0,0.0,0.0,0.0,0.0,0.0,0.0,0.0,0,-107875648.0,69,0.0,138,0.0,-109183584.0,0,26215,17087,0,17105,52429,17084,0,0,0,70,68,100,-0.0,82.1,0.0,78.8,-0.0,79.0,1,49,50,180,52429,26215,0,0,0.0,0.0,0.0,0.0,-0.0,67.0,0.0,162057.094,0.0,984,0,1017,0,0,0,957,0,1045,0,944,0,793,0,786,0,823,0,7520,0.032,2.524898095088995e+20,0.0,0.0,784,16797,-0.0,162057.094,-114818.039,-0.0,0.133,6.909358625270745e+28,30.0,70.0,35,0.0,0.0,0.0,0.0,0.0,0.0,0.0,0.0,0.0,0.0,0.0,0.0,0.0,0.0,0.0,0.0,66.0,0,150,71,52,65476,0,300,0,0,8,20529,65476,0,0,44564,70.0,0.0,0.0,0.0,0.0,0.0
2026-09-10T21:03:28,ERR,ERR,ERR,ERR,ERR,ERR,ERR,ERR,ERR,ERR,ERR,ERR,ERR,ERR,ERR,ERR,ERR,ERR,ERR,ERR,ERR,ERR,ERR,ERR,ERR,ERR,ERR,ERR,ERR,ERR,ERR,ERR,ERR,ERR,ERR,ERR,ERR,ERR,ERR,ERR,ERR,ERR,ERR,ERR,ERR,ERR,ERR,ERR,ERR,ERR,ERR,ERR,ERR,ERR,ERR,ERR,ERR,ERR,ERR,ERR,ERR,ERR,ERR,ERR,ERR,ERR,ERR,ERR,ERR,ERR,ERR,ERR,ERR,ERR,ERR,ERR,ERR,ERR,ERR,ERR,ERR,ERR,ERR,ERR,ERR,ERR,ERR,ERR,ERR,ERR,ERR,ERR,ERR,ERR,ERR,ERR,ERR,ERR,ERR,ERR,ERR,ERR,ERR,ERR,ERR,ERR,ERR,ERR,ERR,ERR,ERR,ERR,ERR,ERR,ERR,ERR,ERR,ERR,ERR,ERR,ERR,ERR,ERR,ERR,ERR,0.0,2.7184303811560617e+23,-100794720.0,0.0,0.0,1.3936040501711995e+18,7.805,0.0,0,0,4,0,7116,0.0,100,0.0,0.0,0.0,0.0,0.0,0,0,0,0,0.0,0,0,0,0,0,0,0,0,0,0,0,0,0,0,0,0,0,0,0,0,0,0,0,0,0,0,0,0,0,0,0,0,0,31,40,40,71,65476,0,300,0,0,8,21553,0.0,-107605600.0,0.0,0.0,0.0,0.0,0.0,0.0,0.0,0.0,0.0,0.0,0.0,0.0,0.0,0.0,0.0,0.0,0.0,0.0,0.0,0.0,-2.004,-0.0,0.0,-2.004,0.0,0.0,0.0,0.0,4448.0,564144692527104.0,6925.0,0.0,-0.0,0.0,-107615288.0,0.0,0.0,0.0,0.0,69,0.0,4.066845346649544e+29,0.0,0.0,0.0,0.0,0.0,0.0,0.0,0,0,0,0.0,0.0,0.0,0.0,0.0,0.0,0.0,0.0,0.0,0.0,0.0,0.0,0.0,0.0,0.0,0.0,0,-107875648.0,69,0.0,138,0.0,-109183584.0,0,26215,17087,0,17105,52429,17084,0,0,0,70,68,100,-0.0,82.1,0.0,78.8,-0.0,79.0,1,49,50,180,52429,26215,0,0,0.0,0.0,0.0,0.0,-0.0,67.0,0.0,162057.094,0.0,984,0,1017,0,0,0,957,0,1045,0,944,0,793,0,786,0,823,0,7520,0.032,2.524898095088995e+20,0.0,0.0,784,16797,-0.0,162057.094,-114818.039,-0.0,0.133,6.909358625270745e+28,30.0,70.0,35,0.0,0.0,0.0,0.0,0.0,0.0,0.0,0.0,0.0,0.0,0.0,0.0,0.0,0.0,0.0,0.0,66.0,0,150,71,52,65476,0,300,0,0,8,20529,65476,0,0,44564,70.0,0.0,0.0,0.0,0.0,0.0
2026-09-10T21:03:29,ERR,ERR,ERR,ERR,ERR,ERR,ERR,ERR,ERR,ERR,ERR,ERR,ERR,ERR,ERR,ERR,ERR,ERR,ERR,ERR,ERR,ERR,ERR,ERR,ERR,ERR,ERR,ERR,ERR,ERR,ERR,ERR,ERR,ERR,ERR,ERR,ERR,ERR,ERR,ERR,ERR,ERR,ERR,ERR,ERR,ERR,ERR,ERR,ERR,ERR,ERR,ERR,ERR,ERR,ERR,ERR,ERR,ERR,ERR,ERR,ERR,ERR,ERR,ERR,ERR,ERR,ERR,ERR,ERR,ERR,ERR,ERR,ERR,ERR,ERR,ERR,ERR,ERR,ERR,ERR,ERR,ERR,ERR,ERR,ERR,ERR,ERR,ERR,ERR,ERR,ERR,ERR,ERR,ERR,ERR,ERR,ERR,ERR,ERR,ERR,ERR,ERR,ERR,ERR,ERR,ERR,ERR,ERR,ERR,ERR,ERR,ERR,ERR,ERR,ERR,ERR,ERR,ERR,ERR,ERR,ERR,ERR,ERR,ERR,ERR,0.0,2.7184303811560617e+23,-100794720.0,0.0,0.0,1.3936040501711995e+18,7.805,0.0,0,0,4,0,7116,0.0,100,0.0,0.0,0.0,0.0,0.0,0,0,0,0,0.0,0,0,0,0,0,0,0,0,0,0,0,0,0,0,0,0,0,0,0,0,0,0,0,0,0,0,0,0,0,0,0,0,0,31,40,40,71,65476,0,300,0,0,8,21553,0.0,-107605600.0,0.0,0.0,0.0,0.0,0.0,0.0,0.0,0.0,0.0,0.0,0.0,0.0,0.0,0.0,0.0,0.0,0.0,0.0,0.0,0.0,-2.004,-0.0,0.0,-2.004,0.0,0.0,0.0,0.0,4448.0,564144692527104.0,6925.0,0.0,-0.0,0.0,-107615288.0,0.0,0.0,0.0,0.0,69,0.0,4.066845346649544e+29,0.0,0.0,0.0,0.0,0.0,0.0,0.0,0,0,0,0.0,0.0,0.0,0.0,0.0,0.0,0.0,0.0,0.0,0.0,0.0,0.0,0.0,0.0,0.0,0.0,0,-107875648.0,69,0.0,138,0.0,-109183584.0,0,26215,17087,0,17105,52429,17084,0,0,0,70,68,100,-0.0,82.1,0.0,78.8,-0.0,79.0,1,49,50,180,52429,26215,0,0,0.0,0.0,0.0,0.0,-0.0,67.0,0.0,162057.094,0.0,984,0,1017,0,0,0,957,0,1045,0,943,0,793,0,786,0,823,0,7520,0.032,2.5133688800429264e+20,0.0,0.0,784,16797,-0.0,162057.094,-114818.039,-0.0,0.133,6.909358625270745e+28,30.0,70.0,35,0.0,0.0,0.0,0.0,0.0,0.0,0.0,0.0,0.0,0.0,0.0,0.0,0.0,0.0,0.0,0.0,66.0,0,150,71,52,65476,0,300,0,0,8,20529,65476,0,0,44564,70.0,0.0,0.0,0.0,0.0,0.0
2026-09-10T21:03:30,ERR,ERR,ERR,ERR,ERR,ERR,ERR,ERR,ERR,ERR,ERR,ERR,ERR,ERR,ERR,ERR,ERR,ERR,ERR,ERR,ERR,ERR,ERR,ERR,ERR,ERR,ERR,ERR,ERR,ERR,ERR,ERR,ERR,ERR,ERR,ERR,ERR,ERR,ERR,ERR,ERR,ERR,ERR,ERR,ERR,ERR,ERR,ERR,ERR,ERR,ERR,ERR,ERR,ERR,ERR,ERR,ERR,ERR,ERR,ERR,ERR,ERR,ERR,ERR,ERR,ERR,ERR,ERR,ERR,ERR,ERR,ERR,ERR,ERR,ERR,ERR,ERR,ERR,ERR,ERR,ERR,ERR,ERR,ERR,ERR,ERR,ERR,ERR,ERR,ERR,ERR,ERR,ERR,ERR,ERR,ERR,ERR,ERR,ERR,ERR,ERR,ERR,ERR,ERR,ERR,ERR,ERR,ERR,ERR,ERR,ERR,ERR,ERR,ERR,ERR,ERR,ERR,ERR,ERR,ERR,ERR,ERR,ERR,ERR,ERR,0.0,2.7184303811560617e+23,-100794720.0,0.0,0.0,1.3936040501711995e+18,7.805,0.0,0,0,4,0,7116,0.0,100,0.0,0.0,0.0,0.0,0.0,0,0,0,0,0.0,0,0,0,0,0,0,0,0,0,0,0,0,0,0,0,0,0,0,0,0,0,0,0,0,0,0,0,0,0,0,0,0,0,31,40,40,71,65476,0,300,0,0,8,21553,0.0,-107605600.0,0.0,0.0,0.0,0.0,0.0,0.0,0.0,0.0,0.0,0.0,0.0,0.0,0.0,0.0,0.0,0.0,0.0,0.0,0.0,0.0,-2.004,-0.0,0.0,-2.004,0.0,0.0,0.0,0.0,4448.0,564144692527104.0,6925.0,0.0,-0.0,0.0,-107615288.0,0.0,0.0,0.0,0.0,69,0.0,4.066845346649544e+29,0.0,0.0,0.0,0.0,0.0,0.0,0.0,0,0,0,0.0,0.0,0.0,0.0,0.0,0.0,0.0,0.0,0.0,0.0,0.0,0.0,0.0,0.0,0.0,0.0,0,-107875648.0,69,0.0,138,0.0,-109183584.0,0,26215,17087,0,17105,52429,17084,0,0,0,70,68,100,-0.0,82.1,0.0,78.8,-0.0,79.0,1,49,50,180,52429,26215,0,0,0.0,0.0,0.0,0.0,-0.0,67.0,0.0,162057.094,0.0,984,0,1017,0,0,0,957,0,1045,0,943,0,793,0,786,0,823,0,7520,0.032,2.5133688800429264e+20,0.0,0.0,784,16797,-0.0,162057.094,-114818.039,-0.0,0.133,6.909358625270745e+28,30.0,70.0,35,0.0,0.0,0.0,0.0,0.0,0.0,0.0,0.0,0.0,0.0,0.0,0.0,0.0,0.0,0.0,0.0,66.4,0,150,71,52,65476,0,300,0,0,8,20529,65476,0,0,44564,70.0,0.0,0.0,0.0,0.0,0.0
2026-09-10T21:03:31,ERR,ERR,ERR,ERR,ERR,ERR,ERR,ERR,ERR,ERR,ERR,ERR,ERR,ERR,ERR,ERR,ERR,ERR,ERR,ERR,ERR,ERR,ERR,ERR,ERR,ERR,ERR,ERR,ERR,ERR,ERR,ERR,ERR,ERR,ERR,ERR,ERR,ERR,ERR,ERR,ERR,ERR,ERR,ERR,ERR,ERR,ERR,ERR,ERR,ERR,ERR,ERR,ERR,ERR,ERR,ERR,ERR,ERR,ERR,ERR,ERR,ERR,ERR,ERR,ERR,ERR,ERR,ERR,ERR,ERR,ERR,ERR,ERR,ERR,ERR,ERR,ERR,ERR,ERR,ERR,ERR,ERR,ERR,ERR,ERR,ERR,ERR,ERR,ERR,ERR,ERR,ERR,ERR,ERR,ERR,ERR,ERR,ERR,ERR,ERR,ERR,ERR,ERR,ERR,ERR,ERR,ERR,ERR,ERR,ERR,ERR,ERR,ERR,ERR,ERR,ERR,ERR,ERR,ERR,ERR,ERR,ERR,ERR,ERR,ERR,0.0,2.7184303811560617e+23,-100794720.0,0.0,0.0,1.3936040501711995e+18,7.805,0.0,0,0,4,0,7116,0.0,100,0.0,0.0,0.0,0.0,0.0,0,0,0,0,0.0,0,0,0,0,0,0,0,0,0,0,0,0,0,0,0,0,0,0,0,0,0,0,0,0,0,0,0,0,0,0,0,0,0,31,40,40,71,65476,0,300,0,0,8,21553,0.0,-107605600.0,0.0,0.0,0.0,0.0,0.0,0.0,0.0,0.0,0.0,0.0,0.0,0.0,0.0,0.0,0.0,0.0,0.0,0.0,0.0,0.0,-2.004,-0.0,0.0,-2.004,0.0,0.0,0.0,0.0,4448.0,564144692527104.0,6925.0,0.0,-0.0,0.0,-107615288.0,0.0,0.0,0.0,0.0,69,0.0,4.066845346649544e+29,0.0,0.0,0.0,0.0,0.0,0.0,0.0,0,0,0,0.0,0.0,0.0,0.0,0.0,0.0,0.0,0.0,0.0,0.0,0.0,0.0,0.0,0.0,0.0,0.0,0,-107875648.0,69,0.0,138,0.0,-109183584.0,0,26215,17087,0,17105,52429,17084,0,0,0,70,68,100,-0.0,82.1,0.0,78.8,-0.0,79.0,1,49,50,180,52429,26215,0,0,0.0,0.0,0.0,0.0,-0.0,67.0,0.0,162057.094,0.0,984,0,1017,0,0,0,957,0,1045,0,943,0,793,0,786,0,823,0,7520,0.032,2.5133688800429264e+20,0.0,0.0,784,16797,-0.0,162057.094,-114818.039,-0.0,0.133,6.909358625270745e+28,30.0,70.0,35,0.0,0.0,0.0,0.0,0.0,0.0,0.0,0.0,0.0,0.0,0.0,0.0,0.0,0.0,0.0,0.0,66.4,0,150,71,52,65476,0,300,0,0,8,20529,65476,0,0,44564,70.0,0.0,0.0,0.0,0.0,0.0
2026-09-10T21:03:32,ERR,ERR,ERR,ERR,ERR,ERR,ERR,ERR,ERR,ERR,ERR,ERR,ERR,ERR,ERR,ERR,ERR,ERR,ERR,ERR,ERR,ERR,ERR,ERR,ERR,ERR,ERR,ERR,ERR,ERR,ERR,ERR,ERR,ERR,ERR,ERR,ERR,ERR,ERR,ERR,ERR,ERR,ERR,ERR,ERR,ERR,ERR,ERR,ERR,ERR,ERR,ERR,ERR,ERR,ERR,ERR,ERR,ERR,ERR,ERR,ERR,ERR,ERR,ERR,ERR,ERR,ERR,ERR,ERR,ERR,ERR,ERR,ERR,ERR,ERR,ERR,ERR,ERR,ERR,ERR,ERR,ERR,ERR,ERR,ERR,ERR,ERR,ERR,ERR,ERR,ERR,ERR,ERR,ERR,ERR,ERR,ERR,ERR,ERR,ERR,ERR,ERR,ERR,ERR,ERR,ERR,ERR,ERR,ERR,ERR,ERR,ERR,ERR,ERR,ERR,ERR,ERR,ERR,ERR,ERR,ERR,ERR,ERR,ERR,ERR,0.0,2.7184303811560617e+23,-100794720.0,0.0,0.0,1.3936040501711995e+18,7.805,0.0,0,0,4,0,7116,0.0,100,0.0,0.0,0.0,0.0,0.0,0,0,0,0,0.0,0,0,0,0,0,0,0,0,0,0,0,0,0,0,0,0,0,0,0,0,0,0,0,0,0,0,0,0,0,0,0,0,0,31,40,40,71,65476,0,300,0,0,8,21553,0.0,-107605600.0,0.0,0.0,0.0,0.0,0.0,0.0,0.0,0.0,0.0,0.0,0.0,0.0,0.0,0.0,0.0,0.0,0.0,0.0,0.0,0.0,-2.004,-0.0,0.0,-2.004,0.0,0.0,0.0,0.0,4448.0,564144692527104.0,6925.0,0.0,-0.0,0.0,-107615288.0,0.0,0.0,0.0,0.0,69,0.0,4.066845346649544e+29,0.0,0.0,0.0,0.0,0.0,0.0,0.0,0,0,0,0.0,0.0,0.0,0.0,0.0,0.0,0.0,0.0,0.0,0.0,0.0,0.0,0.0,0.0,0.0,0.0,0,-107875648.0,69,0.0,138,0.0,-109183584.0,0,26215,17087,0,17105,52429,17084,0,0,0,70,68,100,-0.0,82.1,0.0,78.8,-0.0,79.0,1,49,50,180,52429,26215,0,0,0.0,0.0,0.0,0.0,-0.0,67.0,0.0,162057.094,0.0,984,0,1017,0,0,0,957,0,1045,0,943,0,793,0,786,0,823,0,7520,0.032,2.5133688800429264e+20,0.0,0.0,784,16797,-0.0,162057.094,-114818.039,-0.0,0.133,6.909358625270745e+28,30.0,70.0,35,0.0,0.0,0.0,0.0,0.0,0.0,0.0,0.0,0.0,0.0,0.0,0.0,0.0,0.0,0.0,0.0,66.4,0,150,71,52,65476,0,300,0,0,8,20529,65476,0,0,44564,70.0,0.0,0.0,0.0,0.0,0.0
2026-09-10T21:03:33,ERR,ERR,ERR,ERR,ERR,ERR,ERR,ERR,ERR,ERR,ERR,ERR,ERR,ERR,ERR,ERR,ERR,ERR,ERR,ERR,ERR,ERR,ERR,ERR,ERR,ERR,ERR,ERR,ERR,ERR,ERR,ERR,ERR,ERR,ERR,ERR,ERR,ERR,ERR,ERR,ERR,ERR,ERR,ERR,ERR,ERR,ERR,ERR,ERR,ERR,ERR,ERR,ERR,ERR,ERR,ERR,ERR,ERR,ERR,ERR,ERR,ERR,ERR,ERR,ERR,ERR,ERR,ERR,ERR,ERR,ERR,ERR,ERR,ERR,ERR,ERR,ERR,ERR,ERR,ERR,ERR,ERR,ERR,ERR,ERR,ERR,ERR,ERR,ERR,ERR,ERR,ERR,ERR,ERR,ERR,ERR,ERR,ERR,ERR,ERR,ERR,ERR,ERR,ERR,ERR,ERR,ERR,ERR,ERR,ERR,ERR,ERR,ERR,ERR,ERR,ERR,ERR,ERR,ERR,ERR,ERR,ERR,ERR,ERR,ERR,0.0,2.7184303811560617e+23,-100794720.0,0.0,0.0,1.3936040501711995e+18,7.805,0.0,0,0,4,0,7116,0.0,100,0.0,0.0,0.0,0.0,0.0,0,0,0,0,0.0,0,0,0,0,0,0,0,0,0,0,0,0,0,0,0,0,0,0,0,0,0,0,0,0,0,0,0,0,0,0,0,0,0,31,40,40,71,65476,0,300,0,0,8,21553,0.0,-107605600.0,0.0,0.0,0.0,0.0,0.0,0.0,0.0,0.0,0.0,0.0,0.0,0.0,0.0,0.0,0.0,0.0,0.0,0.0,0.0,0.0,-2.004,-0.0,0.0,-2.004,0.0,0.0,0.0,0.0,4448.0,564144692527104.0,6925.0,0.0,-0.0,0.0,-107615288.0,0.0,0.0,0.0,0.0,69,0.0,4.066845346649544e+29,0.0,0.0,0.0,0.0,0.0,0.0,0.0,0,0,0,0.0,0.0,0.0,0.0,0.0,0.0,0.0,0.0,0.0,0.0,0.0,0.0,0.0,0.0,0.0,0.0,0,-107875648.0,69,0.0,138,0.0,-109183584.0,0,26215,17087,0,17105,52429,17084,0,0,0,70,68,100,-0.0,82.1,0.0,78.8,-0.0,79.0,1,49,50,180,52429,26215,0,0,0.0,0.0,0.0,0.0,-0.0,67.0,0.0,162057.094,0.0,984,0,1017,0,0,0,957,0,1045,0,943,0,793,0,786,0,823,0,7520,0.032,2.5133688800429264e+20,0.0,0.0,784,16797,-0.0,162057.094,-114818.039,-0.0,0.133,6.909358625270745e+28,30.0,70.0,35,0.0,0.0,0.0,0.0,0.0,0.0,0.0,0.0,0.0,0.0,0.0,0.0,0.0,0.0,0.0,0.0,66.4,0,150,71,52,65476,0,300,0,0,8,20529,65476,0,0,44564,70.0,0.0,0.0,0.0,0.0,0.0
2026-09-10T21:03:34,ERR,ERR,ERR,ERR,ERR,ERR,ERR,ERR,ERR,ERR,ERR,ERR,ERR,ERR,ERR,ERR,ERR,ERR,ERR,ERR,ERR,ERR,ERR,ERR,ERR,ERR,ERR,ERR,ERR,ERR,ERR,ERR,ERR,ERR,ERR,ERR,ERR,ERR,ERR,ERR,ERR,ERR,ERR,ERR,ERR,ERR,ERR,ERR,ERR,ERR,ERR,ERR,ERR,ERR,ERR,ERR,ERR,ERR,ERR,ERR,ERR,ERR,ERR,ERR,ERR,ERR,ERR,ERR,ERR,ERR,ERR,ERR,ERR,ERR,ERR,ERR,ERR,ERR,ERR,ERR,ERR,ERR,ERR,ERR,ERR,ERR,ERR,ERR,ERR,ERR,ERR,ERR,ERR,ERR,ERR,ERR,ERR,ERR,ERR,ERR,ERR,ERR,ERR,ERR,ERR,ERR,ERR,ERR,ERR,ERR,ERR,ERR,ERR,ERR,ERR,ERR,ERR,ERR,ERR,ERR,ERR,ERR,ERR,ERR,ERR,0.0,2.7184303811560617e+23,-100794720.0,0.0,0.0,1.3936040501711995e+18,7.805,0.0,0,0,4,0,7116,0.0,100,0.0,0.0,0.0,0.0,0.0,0,0,0,0,0.0,0,0,0,0,0,0,0,0,0,0,0,0,0,0,0,0,0,0,0,0,0,0,0,0,0,0,0,0,0,0,0,0,0,31,40,40,71,65476,0,300,0,0,8,21553,0.0,-107605600.0,0.0,0.0,0.0,0.0,0.0,0.0,0.0,0.0,0.0,0.0,0.0,0.0,0.0,0.0,0.0,0.0,0.0,0.0,0.0,0.0,-2.004,-0.0,0.0,-2.004,0.0,0.0,0.0,0.0,4448.0,564144692527104.0,6925.0,0.0,-0.0,0.0,-107615288.0,0.0,0.0,0.0,0.0,69,0.0,4.066845346649544e+29,0.0,0.0,0.0,0.0,0.0,0.0,0.0,0,0,0,0.0,0.0,0.0,0.0,0.0,0.0,0.0,0.0,0.0,0.0,0.0,0.0,0.0,0.0,0.0,0.0,0,-107875648.0,69,0.0,138,0.0,-109183584.0,0,26215,17087,0,17105,52429,17084,0,0,0,70,68,100,-0.0,82.1,0.0,78.8,-0.0,79.0,1,49,50,180,52429,26215,0,0,0.0,0.0,0.0,0.0,-0.0,67.0,0.0,162057.094,0.0,984,0,1017,0,0,0,957,0,1045,0,943,0,793,0,786,0,823,0,7520,0.032,2.5133688800429264e+20,0.0,0.0,784,16797,-0.0,162057.094,-114818.039,-0.0,0.133,6.909358625270745e+28,30.0,70.0,35,0.0,0.0,0.0,0.0,0.0,0.0,0.0,0.0,0.0,0.0,0.0,0.0,0.0,0.0,0.0,0.0,66.4,0,150,71,52,65476,0,300,0,0,8,20529,65476,0,0,44564,70.0,0.0,0.0,0.0,0.0,0.0
2026-09-10T21:03:35,ERR,ERR,ERR,ERR,ERR,ERR,ERR,ERR,ERR,ERR,ERR,ERR,ERR,ERR,ERR,ERR,ERR,ERR,ERR,ERR,ERR,ERR,ERR,ERR,ERR,ERR,ERR,ERR,ERR,ERR,ERR,ERR,ERR,ERR,ERR,ERR,ERR,ERR,ERR,ERR,ERR,ERR,ERR,ERR,ERR,ERR,ERR,ERR,ERR,ERR,ERR,ERR,ERR,ERR,ERR,ERR,ERR,ERR,ERR,ERR,ERR,ERR,ERR,ERR,ERR,ERR,ERR,ERR,ERR,ERR,ERR,ERR,ERR,ERR,ERR,ERR,ERR,ERR,ERR,ERR,ERR,ERR,ERR,ERR,ERR,ERR,ERR,ERR,ERR,ERR,ERR,ERR,ERR,ERR,ERR,ERR,ERR,ERR,ERR,ERR,ERR,ERR,ERR,ERR,ERR,ERR,ERR,ERR,ERR,ERR,ERR,ERR,ERR,ERR,ERR,ERR,ERR,ERR,ERR,ERR,ERR,ERR,ERR,ERR,ERR,0.0,-0.0,0.0,0.0,0.0,1.3936040501711995e+18,7.805,0.0,0,0,4,0,7116,0.0,100,0.0,0.0,0.0,0.0,0.0,0,0,0,0,0.0,0,0,0,0,0,0,0,0,0,0,0,0,0,0,0,0,0,0,0,0,0,0,0,0,0,0,0,0,0,0,0,0,0,31,40,40,71,65476,0,300,0,0,8,21553,0.0,-107605600.0,0.0,0.0,0.0,0.0,0.0,0.0,0.0,0.0,0.0,0.0,0.0,0.0,0.0,0.0,0.0,0.0,0.0,0.0,0.0,0.0,-2.004,-2.004,0.0,-2.004,0.0,0.0,0.0,0.0,4448.0,0.0,6918.0,0.0,-0.0,0.0,-107615288.0,0.0,0.0,0.0,0.0,69,0.0,0.0,0.0,0.0,0.0,0.0,0.0,0.0,0.0,0,0,0,0.0,0.0,0.0,0.0,0.0,0.0,0.0,0.0,0.0,0.0,0.0,0.0,0.0,0.0,0.0,0.0,0,-107875648.0,69,0.0,138,0.0,-109183584.0,0,26215,17087,0,17105,39322,17084,0,0,0,70,68,100,-0.0,82.1,0.0,78.8,-0.0,79.0,1,49,50,180,52429,26215,0,0,0.0,0.0,0.0,0.0,-0.0,67.0,0.0,162057.094,0.0,984,0,1017,0,0,0,957,0,1044,0,943,0,793,0,786,0,823,0,7520,0.032,2.5133688800429264e+20,0.0,0.0,784,16797,-0.0,162057.094,-114818.039,-0.0,0.133,6.909358625270745e+28,30.0,70.0,35,0.0,0.0,0.0,0.0,0.0,0.0,0.0,0.0,0.0,0.0,0.0,0.0,0.0,0.0,0.0,0.0,66.0,0,150,71,52,65476,0,300,0,0,8,20529,65476,0,0,44564,70.0,0.0,0.0,0.0,0.0,0.0
2026-09-10T21:03:36,ERR,ERR,ERR,ERR,ERR,ERR,ERR,ERR,ERR,ERR,ERR,ERR,ERR,ERR,ERR,ERR,ERR,ERR,ERR,ERR,ERR,ERR,ERR,ERR,ERR,ERR,ERR,ERR,ERR,ERR,ERR,ERR,ERR,ERR,ERR,ERR,ERR,ERR,ERR,ERR,ERR,ERR,ERR,ERR,ERR,ERR,ERR,ERR,ERR,ERR,ERR,ERR,ERR,ERR,ERR,ERR,ERR,ERR,ERR,ERR,ERR,ERR,ERR,ERR,ERR,ERR,ERR,ERR,ERR,ERR,ERR,ERR,ERR,ERR,ERR,ERR,ERR,ERR,ERR,ERR,ERR,ERR,ERR,ERR,ERR,ERR,ERR,ERR,ERR,ERR,ERR,ERR,ERR,ERR,ERR,ERR,ERR,ERR,ERR,ERR,ERR,ERR,ERR,ERR,ERR,ERR,ERR,ERR,ERR,ERR,ERR,ERR,ERR,ERR,ERR,ERR,ERR,ERR,ERR,ERR,ERR,ERR,ERR,ERR,ERR,0.0,-0.0,0.0,0.0,0.0,1.3936040501711995e+18,7.805,0.0,0,0,4,0,7116,0.0,100,0.0,0.0,0.0,0.0,0.0,0,0,0,0,0.0,0,0,0,0,0,0,0,0,0,0,0,0,0,0,0,0,0,0,0,0,0,0,0,0,0,0,0,0,0,0,0,0,0,31,40,40,71,65476,0,300,0,0,8,21553,0.0,-107605600.0,0.0,0.0,0.0,0.0,0.0,0.0,0.0,0.0,0.0,0.0,0.0,0.0,0.0,0.0,0.0,0.0,0.0,0.0,0.0,0.0,-2.004,-2.004,0.0,-2.004,0.0,0.0,0.0,0.0,4448.0,0.0,6918.0,0.0,-0.0,0.0,-107615288.0,0.0,0.0,0.0,0.0,69,0.0,0.0,0.0,0.0,0.0,0.0,0.0,0.0,0.0,0,0,0,0.0,0.0,0.0,0.0,0.0,0.0,0.0,0.0,0.0,0.0,0.0,0.0,0.0,0.0,0.0,0.0,0,-107875648.0,69,0.0,138,0.0,-109183584.0,0,26215,17087,0,17105,39322,17084,0,0,0,70,68,100,-0.0,82.1,0.0,78.8,-0.0,79.0,1,49,50,180,52429,26215,0,0,0.0,0.0,0.0,0.0,-0.0,67.0,0.0,162057.094,0.0,984,0,1017,0,0,0,957,0,1044,0,943,0,793,0,786,0,823,0,7520,0.032,2.5133688800429264e+20,0.0,0.0,784,16797,-0.0,162057.094,-114818.039,-0.0,0.133,6.909358625270745e+28,30.0,70.0,35,0.0,0.0,0.0,0.0,0.0,0.0,0.0,0.0,0.0,0.0,0.0,0.0,0.0,0.0,0.0,0.0,66.0,0,150,71,52,65476,0,300,0,0,8,20529,65476,0,0,44564,70.0,0.0,0.0,0.0,0.0,0.0
2026-09-10T21:03:37,ERR,ERR,ERR,ERR,ERR,ERR,ERR,ERR,ERR,ERR,ERR,ERR,ERR,ERR,ERR,ERR,ERR,ERR,ERR,ERR,ERR,ERR,ERR,ERR,ERR,ERR,ERR,ERR,ERR,ERR,ERR,ERR,ERR,ERR,ERR,ERR,ERR,ERR,ERR,ERR,ERR,ERR,ERR,ERR,ERR,ERR,ERR,ERR,ERR,ERR,ERR,ERR,ERR,ERR,ERR,ERR,ERR,ERR,ERR,ERR,ERR,ERR,ERR,ERR,ERR,ERR,ERR,ERR,ERR,ERR,ERR,ERR,ERR,ERR,ERR,ERR,ERR,ERR,ERR,ERR,ERR,ERR,ERR,ERR,ERR,ERR,ERR,ERR,ERR,ERR,ERR,ERR,ERR,ERR,ERR,ERR,ERR,ERR,ERR,ERR,ERR,ERR,ERR,ERR,ERR,ERR,ERR,ERR,ERR,ERR,ERR,ERR,ERR,ERR,ERR,ERR,ERR,ERR,ERR,ERR,ERR,ERR,ERR,ERR,ERR,0.0,-0.0,0.0,0.0,0.0,1.3936040501711995e+18,7.805,0.0,0,0,4,0,7116,0.0,100,0.0,0.0,0.0,0.0,0.0,0,0,0,0,0.0,0,0,0,0,0,0,0,0,0,0,0,0,0,0,0,0,0,0,0,0,0,0,0,0,0,0,0,0,0,0,0,0,0,31,40,40,71,65476,0,300,0,0,8,21553,0.0,-107605600.0,0.0,0.0,0.0,0.0,0.0,0.0,0.0,0.0,0.0,0.0,0.0,0.0,0.0,0.0,0.0,0.0,0.0,0.0,0.0,0.0,-2.004,-2.004,0.0,-2.004,0.0,0.0,0.0,0.0,4448.0,0.0,6918.0,0.0,-0.0,0.0,-107615288.0,0.0,0.0,0.0,0.0,69,0.0,0.0,0.0,0.0,0.0,0.0,0.0,0.0,0.0,0,0,0,0.0,0.0,0.0,0.0,0.0,0.0,0.0,0.0,0.0,0.0,0.0,0.0,0.0,0.0,0.0,0.0,0,-107875648.0,69,0.0,138,0.0,-109183584.0,0,26215,17087,0,17105,39322,17084,0,0,0,70,68,100,-0.0,82.1,0.0,78.8,-0.0,79.0,1,49,50,180,52429,26215,0,0,0.0,0.0,0.0,0.0,-0.0,67.0,0.0,162057.094,0.0,984,0,1017,0,0,0,957,0,1044,0,943,0,793,0,786,0,823,0,7520,0.032,2.5133688800429264e+20,0.0,0.0,784,16797,-0.0,162057.094,-114818.039,-0.0,0.133,6.909358625270745e+28,30.0,70.0,35,0.0,0.0,0.0,0.0,0.0,0.0,0.0,0.0,0.0,0.0,0.0,0.0,0.0,0.0,0.0,0.0,66.0,0,150,71,52,65476,0,300,0,0,8,20529,65476,0,0,44564,70.0,0.0,0.0,0.0,0.0,0.0
2026-09-10T21:03:38,ERR,ERR,ERR,ERR,ERR,ERR,ERR,ERR,ERR,ERR,ERR,ERR,ERR,ERR,ERR,ERR,ERR,ERR,ERR,ERR,ERR,ERR,ERR,ERR,ERR,ERR,ERR,ERR,ERR,ERR,ERR,ERR,ERR,ERR,ERR,ERR,ERR,ERR,ERR,ERR,ERR,ERR,ERR,ERR,ERR,ERR,ERR,ERR,ERR,ERR,ERR,ERR,ERR,ERR,ERR,ERR,ERR,ERR,ERR,ERR,ERR,ERR,ERR,ERR,ERR,ERR,ERR,ERR,ERR,ERR,ERR,ERR,ERR,ERR,ERR,ERR,ERR,ERR,ERR,ERR,ERR,ERR,ERR,ERR,ERR,ERR,ERR,ERR,ERR,ERR,ERR,ERR,ERR,ERR,ERR,ERR,ERR,ERR,ERR,ERR,ERR,ERR,ERR,ERR,ERR,ERR,ERR,ERR,ERR,ERR,ERR,ERR,ERR,ERR,ERR,ERR,ERR,ERR,ERR,ERR,ERR,ERR,ERR,ERR,ERR,0.0,-0.0,0.0,0.0,0.0,1.3936040501711995e+18,7.805,0.0,0,0,4,0,7116,0.0,100,0.0,0.0,0.0,0.0,0.0,0,0,0,0,0.0,0,0,0,0,0,0,0,0,0,0,0,0,0,0,0,0,0,0,0,0,0,0,0,0,0,0,0,0,0,0,0,0,0,31,40,40,71,65476,0,300,0,0,8,21553,0.0,-107605600.0,0.0,0.0,0.0,0.0,0.0,0.0,0.0,0.0,0.0,0.0,0.0,0.0,0.0,0.0,0.0,0.0,0.0,0.0,0.0,0.0,-2.004,-2.004,0.0,-2.004,0.0,0.0,0.0,0.0,4448.0,0.0,6918.0,0.0,-0.0,0.0,-107615288.0,0.0,0.0,0.0,0.0,69,0.0,0.0,0.0,0.0,0.0,0.0,0.0,0.0,0.0,0,0,0,0.0,0.0,0.0,0.0,0.0,0.0,0.0,0.0,0.0,0.0,0.0,0.0,0.0,0.0,0.0,0.0,0,-107875648.0,69,0.0,138,0.0,-109183584.0,0,26215,17087,0,17105,39322,17084,0,0,0,70,68,100,-0.0,82.1,0.0,78.8,-0.0,79.0,1,49,50,180,52429,26215,0,0,0.0,0.0,0.0,0.0,-0.0,67.0,0.0,162057.094,0.0,984,0,1017,0,0,0,957,0,1044,0,943,0,793,0,786,0,823,0,7520,0.032,2.5133688800429264e+20,0.0,0.0,784,16797,-0.0,162057.094,-114818.039,-0.0,0.133,6.909358625270745e+28,30.0,70.0,35,0.0,0.0,0.0,0.0,0.0,0.0,0.0,0.0,0.0,0.0,0.0,0.0,0.0,0.0,0.0,0.0,66.4,0,150,71,52,65476,0,300,0,0,8,20529,65476,0,0,44564,70.0,0.0,0.0,0.0,0.0,0.0
2026-09-10T21:03:39,ERR,ERR,ERR,ERR,ERR,ERR,ERR,ERR,ERR,ERR,ERR,ERR,ERR,ERR,ERR,ERR,ERR,ERR,ERR,ERR,ERR,ERR,ERR,ERR,ERR,ERR,ERR,ERR,ERR,ERR,ERR,ERR,ERR,ERR,ERR,ERR,ERR,ERR,ERR,ERR,ERR,ERR,ERR,ERR,ERR,ERR,ERR,ERR,ERR,ERR,ERR,ERR,ERR,ERR,ERR,ERR,ERR,ERR,ERR,ERR,ERR,ERR,ERR,ERR,ERR,ERR,ERR,ERR,ERR,ERR,ERR,ERR,ERR,ERR,ERR,ERR,ERR,ERR,ERR,ERR,ERR,ERR,ERR,ERR,ERR,ERR,ERR,ERR,ERR,ERR,ERR,ERR,ERR,ERR,ERR,ERR,ERR,ERR,ERR,ERR,ERR,ERR,ERR,ERR,ERR,ERR,ERR,ERR,ERR,ERR,ERR,ERR,ERR,ERR,ERR,ERR,ERR,ERR,ERR,ERR,ERR,ERR,ERR,ERR,ERR,0.0,-0.0,0.0,0.0,0.0,1.3936040501711995e+18,7.805,0.0,0,0,4,0,7116,0.0,100,0.0,0.0,0.0,0.0,0.0,0,0,0,0,0.0,0,0,0,0,0,0,0,0,0,0,0,0,0,0,0,0,0,0,0,0,0,0,0,0,0,0,0,0,0,0,0,0,0,31,40,40,71,65476,0,300,0,0,8,21553,0.0,-107605600.0,0.0,0.0,0.0,0.0,0.0,0.0,0.0,0.0,0.0,0.0,0.0,0.0,0.0,0.0,0.0,0.0,0.0,0.0,0.0,0.0,-2.004,-2.004,0.0,-2.004,0.0,0.0,0.0,0.0,4448.0,0.0,6918.0,0.0,-0.0,0.0,-107615288.0,0.0,0.0,0.0,0.0,69,0.0,0.0,0.0,0.0,0.0,0.0,0.0,0.0,0.0,0,0,0,0.0,0.0,0.0,0.0,0.0,0.0,0.0,0.0,0.0,0.0,0.0,0.0,0.0,0.0,0.0,0.0,0,-107875648.0,69,0.0,138,0.0,-109183584.0,0,26215,17087,0,17105,39322,17084,0,0,0,70,68,100,-0.0,82.1,0.0,78.8,-0.0,79.0,1,49,50,180,52429,26215,0,0,0.0,0.0,0.0,0.0,-0.0,67.0,0.0,162057.094,0.0,984,0,1017,0,0,0,957,0,1044,0,943,0,793,0,786,0,823,0,7520,0.032,2.5133688800429264e+20,0.0,0.0,784,16797,-0.0,162057.094,-114818.039,-0.0,0.133,6.909358625270745e+28,30.0,70.0,35,0.0,0.0,0.0,0.0,0.0,0.0,0.0,0.0,0.0,0.0,0.0,0.0,0.0,0.0,0.0,0.0,66.4,0,150,71,52,65476,0,300,0,0,8,20529,65476,0,0,44564,70.0,0.0,0.0,0.0,0.0,0.0
2026-09-10T21:03:40,ERR,ERR,ERR,ERR,ERR,ERR,ERR,ERR,ERR,ERR,ERR,ERR,ERR,ERR,ERR,ERR,ERR,ERR,ERR,ERR,ERR,ERR,ERR,ERR,ERR,ERR,ERR,ERR,ERR,ERR,ERR,ERR,ERR,ERR,ERR,ERR,ERR,ERR,ERR,ERR,ERR,ERR,ERR,ERR,ERR,ERR,ERR,ERR,ERR,ERR,ERR,ERR,ERR,ERR,ERR,ERR,ERR,ERR,ERR,ERR,ERR,ERR,ERR,ERR,ERR,ERR,ERR,ERR,ERR,ERR,ERR,ERR,ERR,ERR,ERR,ERR,ERR,ERR,ERR,ERR,ERR,ERR,ERR,ERR,ERR,ERR,ERR,ERR,ERR,ERR,ERR,ERR,ERR,ERR,ERR,ERR,ERR,ERR,ERR,ERR,ERR,ERR,ERR,ERR,ERR,ERR,ERR,ERR,ERR,ERR,ERR,ERR,ERR,ERR,ERR,ERR,ERR,ERR,ERR,ERR,ERR,ERR,ERR,ERR,ERR,0.0,-0.0,0.0,0.0,0.0,1.3936040501711995e+18,7.805,0.0,0,0,4,0,7116,0.0,100,0.0,0.0,0.0,0.0,0.0,0,0,0,0,0.0,0,0,0,0,0,0,0,0,0,0,0,0,0,0,0,0,0,0,0,0,0,0,0,0,0,0,0,0,0,0,0,0,0,31,40,40,71,65476,0,300,0,0,8,21553,0.0,-107605600.0,0.0,0.0,0.0,0.0,0.0,0.0,0.0,0.0,0.0,0.0,0.0,0.0,0.0,0.0,0.0,0.0,0.0,0.0,0.0,0.0,-2.004,-2.004,0.0,-2.004,0.0,0.0,0.0,0.0,4448.0,0.0,6918.0,0.0,-0.0,0.0,-107615288.0,0.0,0.0,0.0,0.0,69,0.0,0.0,0.0,0.0,0.0,0.0,0.0,0.0,0.0,0,0,0,0.0,0.0,0.0,0.0,0.0,0.0,0.0,0.0,0.0,0.0,0.0,0.0,0.0,0.0,0.0,0.0,0,-107875648.0,69,0.0,138,0.0,-109183584.0,0,26215,17087,0,17105,39322,17084,0,0,0,70,68,100,-0.0,82.1,0.0,78.8,-0.0,79.0,1,49,50,180,52429,26215,0,0,0.0,0.0,0.0,0.0,-0.0,67.0,0.0,162057.094,0.0,984,0,1017,0,0,0,957,0,1044,0,943,0,793,0,786,0,823,0,7520,0.032,2.5133688800429264e+20,0.0,0.0,784,16797,-0.0,162057.094,-114818.039,-0.0,0.133,6.909358625270745e+28,30.0,70.0,35,0.0,0.0,0.0,0.0,0.0,0.0,0.0,0.0,0.0,0.0,0.0,0.0,0.0,0.0,0.0,0.0,66.4,0,150,71,52,65476,0,300,0,0,8,20529,65476,0,0,44564,70.0,0.0,0.0,0.0,0.0,0.0
2026-09-10T21:03:41,ERR,ERR,ERR,ERR,ERR,ERR,ERR,ERR,ERR,ERR,ERR,ERR,ERR,ERR,ERR,ERR,ERR,ERR,ERR,ERR,ERR,ERR,ERR,ERR,ERR,ERR,ERR,ERR,ERR,ERR,ERR,ERR,ERR,ERR,ERR,ERR,ERR,ERR,ERR,ERR,ERR,ERR,ERR,ERR,ERR,ERR,ERR,ERR,ERR,ERR,ERR,ERR,ERR,ERR,ERR,ERR,ERR,ERR,ERR,ERR,ERR,ERR,ERR,ERR,ERR,ERR,ERR,ERR,ERR,ERR,ERR,ERR,ERR,ERR,ERR,ERR,ERR,ERR,ERR,ERR,ERR,ERR,ERR,ERR,ERR,ERR,ERR,ERR,ERR,ERR,ERR,ERR,ERR,ERR,ERR,ERR,ERR,ERR,ERR,ERR,ERR,ERR,ERR,ERR,ERR,ERR,ERR,ERR,ERR,ERR,ERR,ERR,ERR,ERR,ERR,ERR,ERR,ERR,ERR,ERR,ERR,ERR,ERR,ERR,ERR,0.0,-0.0,0.0,0.0,0.0,1.3936040501711995e+18,7.805,0.0,0,0,4,0,7116,0.0,100,0.0,0.0,0.0,0.0,0.0,0,0,0,0,0.0,0,0,0,0,0,0,0,0,0,0,0,0,0,0,0,0,0,0,0,0,0,0,0,0,0,0,0,0,0,0,0,0,0,31,40,40,71,65476,0,300,0,0,8,21553,0.0,-107605600.0,0.0,0.0,0.0,0.0,0.0,0.0,0.0,0.0,0.0,0.0,0.0,0.0,0.0,0.0,0.0,0.0,0.0,0.0,0.0,0.0,-2.004,-2.004,0.0,-2.004,0.0,0.0,0.0,0.0,4448.0,0.0,6918.0,0.0,-0.0,0.0,-107615288.0,0.0,0.0,0.0,0.0,69,0.0,0.0,0.0,0.0,0.0,0.0,0.0,0.0,0.0,0,0,0,0.0,0.0,0.0,0.0,0.0,0.0,0.0,0.0,0.0,0.0,0.0,0.0,0.0,0.0,0.0,0.0,0,-107875648.0,69,0.0,138,0.0,-109183584.0,0,26215,17087,0,17105,39322,17084,0,0,0,70,68,100,-0.0,82.1,0.0,78.8,-0.0,79.0,1,49,50,180,52429,26215,0,0,0.0,0.0,0.0,0.0,-0.0,67.0,0.0,162057.094,0.0,984,0,1017,0,0,0,957,0,1044,0,943,0,793,0,786,0,823,0,7520,0.032,2.5133688800429264e+20,0.0,0.0,784,16797,-0.0,162057.094,-114818.039,-0.0,0.133,6.909358625270745e+28,30.0,70.0,35,0.0,0.0,0.0,0.0,0.0,0.0,0.0,0.0,0.0,0.0,0.0,0.0,0.0,0.0,0.0,0.0,66.0,0,150,71,52,65476,0,300,0,0,8,20529,65476,0,0,44564,70.0,0.0,0.0,0.0,0.0,0.0
2026-09-10T21:03:42,ERR,ERR,ERR,ERR,ERR,ERR,ERR,ERR,ERR,ERR,ERR,ERR,ERR,ERR,ERR,ERR,ERR,ERR,ERR,ERR,ERR,ERR,ERR,ERR,ERR,ERR,ERR,ERR,ERR,ERR,ERR,ERR,ERR,ERR,ERR,ERR,ERR,ERR,ERR,ERR,ERR,ERR,ERR,ERR,ERR,ERR,ERR,ERR,ERR,ERR,ERR,ERR,ERR,ERR,ERR,ERR,ERR,ERR,ERR,ERR,ERR,ERR,ERR,ERR,ERR,ERR,ERR,ERR,ERR,ERR,ERR,ERR,ERR,ERR,ERR,ERR,ERR,ERR,ERR,ERR,ERR,ERR,ERR,ERR,ERR,ERR,ERR,ERR,ERR,ERR,ERR,ERR,ERR,ERR,ERR,ERR,ERR,ERR,ERR,ERR,ERR,ERR,ERR,ERR,ERR,ERR,ERR,ERR,ERR,ERR,ERR,ERR,ERR,ERR,ERR,ERR,ERR,ERR,ERR,ERR,ERR,ERR,ERR,ERR,ERR,0.0,-0.0,0.0,0.0,0.0,1.3936040501711995e+18,7.805,0.0,0,0,4,0,7116,0.0,100,0.0,0.0,0.0,0.0,0.0,0,0,0,0,0.0,0,0,0,0,0,0,0,0,0,0,0,0,0,0,0,0,0,0,0,0,0,0,0,0,0,0,0,0,0,0,0,0,0,31,40,40,71,65476,0,300,0,0,8,21553,0.0,-107605600.0,0.0,0.0,0.0,0.0,0.0,0.0,0.0,0.0,0.0,0.0,0.0,0.0,0.0,0.0,0.0,0.0,0.0,0.0,0.0,0.0,-2.004,-2.004,0.0,-2.004,0.0,0.0,0.0,0.0,4475.0,2.004,6920.0,0.0,-0.0,0.0,-107615288.0,0.0,0.0,0.0,0.0,69,0.0,0.059,0.0,0.0,0.0,0.0,0.0,0.0,0.0,0,0,0,0.0,0.0,0.0,0.0,0.0,0.0,0.0,0.0,0.0,0.0,0.0,0.0,0.0,0.0,0.0,0.0,0,-107875648.0,69,0.0,138,0.0,-109183584.0,0,26215,17087,0,17105,39322,17084,0,0,0,70,68,100,-0.0,82.1,0.0,78.8,-0.0,79.0,1,49,50,180,52429,26215,0,0,0.0,0.0,0.0,0.0,-0.0,67.0,0.0,162057.094,0.0,984,0,1017,0,0,0,957,0,1044,0,943,0,793,0,786,0,823,0,7520,0.032,2.5133688800429264e+20,0.0,0.0,784,16797,-0.0,162057.094,-114818.039,-0.0,0.133,6.909358625270745e+28,30.0,70.0,35,0.0,0.0,0.0,0.0,0.0,0.0,0.0,0.0,0.0,0.0,0.0,0.0,0.0,0.0,0.0,0.0,66.0,0,150,71,52,65476,0,300,0,0,8,20529,65476,0,0,44564,70.0,0.0,0.0,0.0,0.0,0.0
2026-09-10T21:03:43,ERR,ERR,ERR,ERR,ERR,ERR,ERR,ERR,ERR,ERR,ERR,ERR,ERR,ERR,ERR,ERR,ERR,ERR,ERR,ERR,ERR,ERR,ERR,ERR,ERR,ERR,ERR,ERR,ERR,ERR,ERR,ERR,ERR,ERR,ERR,ERR,ERR,ERR,ERR,ERR,ERR,ERR,ERR,ERR,ERR,ERR,ERR,ERR,ERR,ERR,ERR,ERR,ERR,ERR,ERR,ERR,ERR,ERR,ERR,ERR,ERR,ERR,ERR,ERR,ERR,ERR,ERR,ERR,ERR,ERR,ERR,ERR,ERR,ERR,ERR,ERR,ERR,ERR,ERR,ERR,ERR,ERR,ERR,ERR,ERR,ERR,ERR,ERR,ERR,ERR,ERR,ERR,ERR,ERR,ERR,ERR,ERR,ERR,ERR,ERR,ERR,ERR,ERR,ERR,ERR,ERR,ERR,ERR,ERR,ERR,ERR,ERR,ERR,ERR,ERR,ERR,ERR,ERR,ERR,ERR,ERR,ERR,ERR,ERR,ERR,0.0,-0.0,0.0,0.0,0.0,1.3936040501711995e+18,7.805,0.0,0,0,4,0,7116,0.0,100,0.0,0.0,0.0,0.0,0.0,0,0,0,0,0.0,0,0,0,0,0,0,0,0,0,0,0,0,0,0,0,0,0,0,0,0,0,0,0,0,0,0,0,0,0,0,0,0,0,31,40,40,71,65476,0,300,0,0,8,21553,0.0,-107605600.0,0.0,0.0,0.0,0.0,0.0,0.0,0.0,0.0,0.0,0.0,0.0,0.0,0.0,0.0,0.0,0.0,0.0,0.0,0.0,0.0,-2.004,-2.004,0.0,-2.004,0.0,0.0,0.0,0.0,4475.0,2.004,6920.0,0.0,-0.0,0.0,-107615288.0,0.0,0.0,0.0,0.0,69,0.0,0.059,0.0,0.0,0.0,0.0,0.0,0.0,0.0,0,0,0,0.0,0.0,0.0,0.0,0.0,0.0,0.0,0.0,0.0,0.0,0.0,0.0,0.0,0.0,0.0,0.0,0,-107875648.0,69,0.0,138,0.0,-109183584.0,0,26215,17087,0,17105,39322,17084,0,0,0,70,68,100,-0.0,82.1,0.0,78.8,-0.0,79.0,1,49,50,180,52429,26215,0,0,0.0,0.0,0.0,0.0,-0.0,67.0,0.0,162057.094,0.0,984,0,1017,0,0,0,957,0,1044,0,943,0,793,0,786,0,823,0,7520,0.032,2.5133688800429264e+20,0.0,0.0,784,16797,-0.0,162057.094,-114818.039,-0.0,0.133,6.909358625270745e+28,30.0,70.0,35,0.0,0.0,0.0,0.0,0.0,0.0,0.0,0.0,0.0,0.0,0.0,0.0,0.0,0.0,0.0,0.0,66.0,0,150,71,52,65476,0,300,0,0,8,20529,65476,0,0,44564,70.0,0.0,0.0,0.0,0.0,0.0
2026-09-10T21:03:44,ERR,ERR,ERR,ERR,ERR,ERR,ERR,ERR,ERR,ERR,ERR,ERR,ERR,ERR,ERR,ERR,ERR,ERR,ERR,ERR,ERR,ERR,ERR,ERR,ERR,ERR,ERR,ERR,ERR,ERR,ERR,ERR,ERR,ERR,ERR,ERR,ERR,ERR,ERR,ERR,ERR,ERR,ERR,ERR,ERR,ERR,ERR,ERR,ERR,ERR,ERR,ERR,ERR,ERR,ERR,ERR,ERR,ERR,ERR,ERR,ERR,ERR,ERR,ERR,ERR,ERR,ERR,ERR,ERR,ERR,ERR,ERR,ERR,ERR,ERR,ERR,ERR,ERR,ERR,ERR,ERR,ERR,ERR,ERR,ERR,ERR,ERR,ERR,ERR,ERR,ERR,ERR,ERR,ERR,ERR,ERR,ERR,ERR,ERR,ERR,ERR,ERR,ERR,ERR,ERR,ERR,ERR,ERR,ERR,ERR,ERR,ERR,ERR,ERR,ERR,ERR,ERR,ERR,ERR,ERR,ERR,ERR,ERR,ERR,ERR,0.0,-0.0,0.0,0.0,0.0,1.3936040501711995e+18,7.805,0.0,0,0,4,0,7116,0.0,100,0.0,0.0,0.0,0.0,0.0,0,0,0,0,0.0,0,0,0,0,0,0,0,0,0,0,0,0,0,0,0,0,0,0,0,0,0,0,0,0,0,0,0,0,0,0,0,0,0,31,40,40,71,65476,0,300,0,0,8,21553,0.0,-107605600.0,0.0,0.0,0.0,0.0,0.0,0.0,0.0,0.0,0.0,0.0,0.0,0.0,0.0,0.0,0.0,0.0,0.0,0.0,0.0,0.0,-2.004,-2.004,0.0,-2.004,0.0,0.0,0.0,0.0,4475.0,2.004,6920.0,0.0,-0.0,0.0,-107615288.0,0.0,0.0,0.0,0.0,69,0.0,0.059,0.0,0.0,0.0,0.0,0.0,0.0,0.0,0,0,0,0.0,0.0,0.0,0.0,0.0,0.0,0.0,0.0,0.0,0.0,0.0,0.0,0.0,0.0,0.0,0.0,0,-107875648.0,69,0.0,138,0.0,-109183584.0,0,26215,17087,0,17105,39322,17084,0,0,0,70,68,100,-0.0,82.1,0.0,78.8,-0.0,79.0,1,49,50,180,52429,26215,0,0,0.0,0.0,0.0,0.0,-0.0,67.0,0.0,162057.094,0.0,984,0,1017,0,0,0,957,0,1044,0,943,0,793,0,786,0,823,0,7520,0.032,2.5133688800429264e+20,0.0,0.0,784,16797,-0.0,162057.094,-114818.039,-0.0,0.133,6.909358625270745e+28,30.0,70.0,35,0.0,0.0,0.0,0.0,0.0,0.0,0.0,0.0,0.0,0.0,0.0,0.0,0.0,0.0,0.0,0.0,66.0,0,150,71,52,65476,0,300,0,0,8,20529,65476,0,0,44564,70.0,0.0,0.0,0.0,0.0,0.0
2026-09-10T21:03:45,ERR,ERR,ERR,ERR,ERR,ERR,ERR,ERR,ERR,ERR,ERR,ERR,ERR,ERR,ERR,ERR,ERR,ERR,ERR,ERR,ERR,ERR,ERR,ERR,ERR,ERR,ERR,ERR,ERR,ERR,ERR,ERR,ERR,ERR,ERR,ERR,ERR,ERR,ERR,ERR,ERR,ERR,ERR,ERR,ERR,ERR,ERR,ERR,ERR,ERR,ERR,ERR,ERR,ERR,ERR,ERR,ERR,ERR,ERR,ERR,ERR,ERR,ERR,ERR,ERR,ERR,ERR,ERR,ERR,ERR,ERR,ERR,ERR,ERR,ERR,ERR,ERR,ERR,ERR,ERR,ERR,ERR,ERR,ERR,ERR,ERR,ERR,ERR,ERR,ERR,ERR,ERR,ERR,ERR,ERR,ERR,ERR,ERR,ERR,ERR,ERR,ERR,ERR,ERR,ERR,ERR,ERR,ERR,ERR,ERR,ERR,ERR,ERR,ERR,ERR,ERR,ERR,ERR,ERR,ERR,ERR,ERR,ERR,ERR,ERR,0.0,-0.0,0.0,0.0,0.0,1.3936040501711995e+18,7.805,0.0,0,0,4,0,7116,0.0,100,0.0,0.0,0.0,0.0,0.0,0,0,0,0,0.0,0,0,0,0,0,0,0,0,0,0,0,0,0,0,0,0,0,0,0,0,0,0,0,0,0,0,0,0,0,0,0,0,0,31,40,40,71,65476,0,300,0,0,8,21553,0.0,-107605600.0,0.0,0.0,0.0,0.0,0.0,0.0,0.0,0.0,0.0,0.0,0.0,0.0,0.0,0.0,0.0,0.0,0.0,0.0,0.0,0.0,-2.004,-2.004,0.0,-2.004,0.0,0.0,0.0,0.0,4475.0,2.004,6920.0,0.0,-0.0,0.0,-107615288.0,0.0,0.0,0.0,0.0,69,0.0,0.059,0.0,0.0,0.0,0.0,0.0,0.0,0.0,0,0,0,0.0,0.0,0.0,0.0,0.0,0.0,0.0,0.0,0.0,0.0,0.0,0.0,0.0,0.0,0.0,0.0,0,-107875648.0,69,0.0,138,0.0,-109183584.0,0,26215,17087,0,17105,39322,17084,0,0,0,70,68,100,-0.0,82.1,0.0,78.8,-0.0,79.0,1,49,50,180,52429,26215,0,0,0.0,0.0,0.0,0.0,-0.0,67.0,0.0,162057.094,0.0,984,0,1017,0,0,0,957,0,1044,0,943,0,793,0,786,0,823,0,7520,0.032,2.5133688800429264e+20,0.0,0.0,784,16797,-0.0,162057.094,-114818.039,-0.0,0.133,6.909358625270745e+28,30.0,70.0,35,0.0,0.0,0.0,0.0,0.0,0.0,0.0,0.0,0.0,0.0,0.0,0.0,0.0,0.0,0.0,0.0,66.0,0,150,71,52,65476,0,300,0,0,8,20529,65476,0,0,44564,70.0,0.0,0.0,0.0,0.0,0.0
2026-09-10T21:03:46,ERR,ERR,ERR,ERR,ERR,ERR,ERR,ERR,ERR,ERR,ERR,ERR,ERR,ERR,ERR,ERR,ERR,ERR,ERR,ERR,ERR,ERR,ERR,ERR,ERR,ERR,ERR,ERR,ERR,ERR,ERR,ERR,ERR,ERR,ERR,ERR,ERR,ERR,ERR,ERR,ERR,ERR,ERR,ERR,ERR,ERR,ERR,ERR,ERR,ERR,ERR,ERR,ERR,ERR,ERR,ERR,ERR,ERR,ERR,ERR,ERR,ERR,ERR,ERR,ERR,ERR,ERR,ERR,ERR,ERR,ERR,ERR,ERR,ERR,ERR,ERR,ERR,ERR,ERR,ERR,ERR,ERR,ERR,ERR,ERR,ERR,ERR,ERR,ERR,ERR,ERR,ERR,ERR,ERR,ERR,ERR,ERR,ERR,ERR,ERR,ERR,ERR,ERR,ERR,ERR,ERR,ERR,ERR,ERR,ERR,ERR,ERR,ERR,ERR,ERR,ERR,ERR,ERR,ERR,ERR,ERR,ERR,ERR,ERR,ERR,0.0,-0.0,0.0,0.0,0.0,1.3936040501711995e+18,7.805,0.0,0,0,4,0,7116,0.0,100,0.0,0.0,0.0,0.0,0.0,0,0,0,0,0.0,0,0,0,0,0,0,0,0,0,0,0,0,0,0,0,0,0,0,0,0,0,0,0,0,0,0,0,0,0,0,0,0,0,31,40,40,71,65476,0,300,0,0,8,21553,0.0,-107605600.0,0.0,0.0,0.0,0.0,0.0,0.0,0.0,0.0,0.0,0.0,0.0,0.0,0.0,0.0,0.0,0.0,0.0,0.0,0.0,0.0,-2.004,-2.004,0.0,-2.004,0.0,0.0,0.0,0.0,4475.0,2.004,6920.0,0.0,-0.0,0.0,-107615288.0,0.0,0.0,0.0,0.0,69,0.0,0.059,0.0,0.0,0.0,0.0,0.0,0.0,0.0,0,0,0,0.0,0.0,0.0,0.0,0.0,0.0,0.0,0.0,0.0,0.0,0.0,0.0,0.0,0.0,0.0,0.0,0,-107875648.0,69,0.0,138,0.0,-109183584.0,0,26215,17087,0,17105,39322,17084,0,0,0,70,68,100,-0.0,82.1,0.0,78.8,-0.0,79.0,1,49,50,180,52429,26215,0,0,0.0,0.0,0.0,0.0,-0.0,67.0,0.0,162057.094,0.0,984,0,1017,0,0,0,957,0,1045,0,942,0,793,0,786,0,823,0,7520,0.032,2.524898095088995e+20,0.0,0.0,784,16797,-0.0,162057.094,-114818.039,-0.0,0.133,6.909358625270745e+28,30.0,70.0,35,0.0,0.0,0.0,0.0,0.0,0.0,0.0,0.0,0.0,0.0,0.0,0.0,0.0,0.0,0.0,0.0,66.0,0,150,71,52,65476,0,300,0,0,8,20529,65476,0,0,44564,70.0,0.0,0.0,0.0,0.0,0.0
2026-09-10T21:03:47,ERR,ERR,ERR,ERR,ERR,ERR,ERR,ERR,ERR,ERR,ERR,ERR,ERR,ERR,ERR,ERR,ERR,ERR,ERR,ERR,ERR,ERR,ERR,ERR,ERR,ERR,ERR,ERR,ERR,ERR,ERR,ERR,ERR,ERR,ERR,ERR,ERR,ERR,ERR,ERR,ERR,ERR,ERR,ERR,ERR,ERR,ERR,ERR,ERR,ERR,ERR,ERR,ERR,ERR,ERR,ERR,ERR,ERR,ERR,ERR,ERR,ERR,ERR,ERR,ERR,ERR,ERR,ERR,ERR,ERR,ERR,ERR,ERR,ERR,ERR,ERR,ERR,ERR,ERR,ERR,ERR,ERR,ERR,ERR,ERR,ERR,ERR,ERR,ERR,ERR,ERR,ERR,ERR,ERR,ERR,ERR,ERR,ERR,ERR,ERR,ERR,ERR,ERR,ERR,ERR,ERR,ERR,ERR,ERR,ERR,ERR,ERR,ERR,ERR,ERR,ERR,ERR,ERR,ERR,ERR,ERR,ERR,ERR,ERR,ERR,0.0,-0.0,0.0,0.0,0.0,1.3936040501711995e+18,7.805,0.0,0,0,4,0,7116,0.0,100,0.0,0.0,0.0,0.0,0.0,0,0,0,0,0.0,0,0,0,0,0,0,0,0,0,0,0,0,0,0,0,0,0,0,0,0,0,0,0,0,0,0,0,0,0,0,0,0,0,31,40,40,71,65476,0,300,0,0,8,21553,0.0,-107605600.0,0.0,0.0,0.0,0.0,0.0,0.0,0.0,0.0,0.0,0.0,0.0,0.0,0.0,0.0,0.0,0.0,0.0,0.0,0.0,0.0,-2.004,-2.004,0.0,-2.004,0.0,0.0,0.0,0.0,4475.0,2.004,6920.0,0.0,-0.0,0.0,-107615288.0,0.0,0.0,0.0,0.0,69,0.0,0.059,0.0,0.0,0.0,0.0,0.0,0.0,0.0,0,0,0,0.0,0.0,0.0,0.0,0.0,0.0,0.0,0.0,0.0,0.0,0.0,0.0,0.0,0.0,0.0,0.0,0,-107875648.0,69,0.0,138,0.0,-109183584.0,0,26215,17087,0,17105,39322,17084,0,0,0,70,68,100,-0.0,82.1,0.0,78.8,-0.0,79.0,1,49,50,180,52429,26215,0,0,0.0,0.0,0.0,0.0,-0.0,67.0,0.0,162057.094,0.0,984,0,1017,0,0,0,957,0,1045,0,942,0,793,0,786,0,823,0,7520,0.032,2.524898095088995e+20,0.0,0.0,784,16797,-0.0,162057.094,-114818.039,-0.0,0.133,6.909358625270745e+28,30.0,70.0,35,0.0,0.0,0.0,0.0,0.0,0.0,0.0,0.0,0.0,0.0,0.0,0.0,0.0,0.0,0.0,0.0,66.0,0,150,71,52,65476,0,300,0,0,8,20529,65476,0,0,44564,70.0,0.0,0.0,0.0,0.0,0.0
2026-09-10T21:03:48,ERR,ERR,ERR,ERR,ERR,ERR,ERR,ERR,ERR,ERR,ERR,ERR,ERR,ERR,ERR,ERR,ERR,ERR,ERR,ERR,ERR,ERR,ERR,ERR,ERR,ERR,ERR,ERR,ERR,ERR,ERR,ERR,ERR,ERR,ERR,ERR,ERR,ERR,ERR,ERR,ERR,ERR,ERR,ERR,ERR,ERR,ERR,ERR,ERR,ERR,ERR,ERR,ERR,ERR,ERR,ERR,ERR,ERR,ERR,ERR,ERR,ERR,ERR,ERR,ERR,ERR,ERR,ERR,ERR,ERR,ERR,ERR,ERR,ERR,ERR,ERR,ERR,ERR,ERR,ERR,ERR,ERR,ERR,ERR,ERR,ERR,ERR,ERR,ERR,ERR,ERR,ERR,ERR,ERR,ERR,ERR,ERR,ERR,ERR,ERR,ERR,ERR,ERR,ERR,ERR,ERR,ERR,ERR,ERR,ERR,ERR,ERR,ERR,ERR,ERR,ERR,ERR,ERR,ERR,ERR,ERR,ERR,ERR,ERR,ERR,0.0,-0.0,0.0,0.0,0.0,1.3936040501711995e+18,7.805,0.0,0,0,4,0,7116,0.0,100,0.0,0.0,0.0,0.0,0.0,0,0,0,0,0.0,0,0,0,0,0,0,0,0,0,0,0,0,0,0,0,0,0,0,0,0,0,0,0,0,0,0,0,0,0,0,0,0,0,31,40,40,71,65476,0,300,0,0,8,21553,0.0,-107605600.0,0.0,0.0,0.0,0.0,0.0,0.0,0.0,0.0,0.0,0.0,0.0,0.0,0.0,0.0,0.0,0.0,0.0,0.0,0.0,0.0,-2.004,-2.004,0.0,-2.004,0.0,0.0,0.0,0.0,4475.0,2.004,6920.0,0.0,-0.0,0.0,-107615288.0,0.0,0.0,0.0,0.0,69,0.0,0.059,0.0,0.0,0.0,0.0,0.0,0.0,0.0,0,0,0,0.0,0.0,0.0,0.0,0.0,0.0,0.0,0.0,0.0,0.0,0.0,0.0,0.0,0.0,0.0,0.0,0,-107875648.0,69,0.0,138,0.0,-109183584.0,0,26215,17087,0,17105,39322,17084,0,0,0,70,68,100,-0.0,82.1,0.0,78.8,-0.0,79.0,1,49,50,180,52429,26215,0,0,0.0,0.0,0.0,0.0,-0.0,67.0,0.0,162057.094,0.0,984,0,1017,0,0,0,957,0,1045,0,942,0,793,0,786,0,823,0,7520,0.032,2.524898095088995e+20,0.0,0.0,784,16797,-0.0,162057.094,-114818.039,-0.0,0.133,6.909358625270745e+28,30.0,70.0,35,0.0,0.0,0.0,0.0,0.0,0.0,0.0,0.0,0.0,0.0,0.0,0.0,0.0,0.0,0.0,0.0,66.0,0,150,71,52,65476,0,300,0,0,8,20529,65476,0,0,44564,70.0,0.0,0.0,0.0,0.0,0.0
2026-09-10T21:03:49,ERR,ERR,ERR,ERR,ERR,ERR,ERR,ERR,ERR,ERR,ERR,ERR,ERR,ERR,ERR,ERR,ERR,ERR,ERR,ERR,ERR,ERR,ERR,ERR,ERR,ERR,ERR,ERR,ERR,ERR,ERR,ERR,ERR,ERR,ERR,ERR,ERR,ERR,ERR,ERR,ERR,ERR,ERR,ERR,ERR,ERR,ERR,ERR,ERR,ERR,ERR,ERR,ERR,ERR,ERR,ERR,ERR,ERR,ERR,ERR,ERR,ERR,ERR,ERR,ERR,ERR,ERR,ERR,ERR,ERR,ERR,ERR,ERR,ERR,ERR,ERR,ERR,ERR,ERR,ERR,ERR,ERR,ERR,ERR,ERR,ERR,ERR,ERR,ERR,ERR,ERR,ERR,ERR,ERR,ERR,ERR,ERR,ERR,ERR,ERR,ERR,ERR,ERR,ERR,ERR,ERR,ERR,ERR,ERR,ERR,ERR,ERR,ERR,ERR,ERR,ERR,ERR,ERR,ERR,ERR,ERR,ERR,ERR,ERR,ERR,0.0,-0.0,0.0,0.0,0.0,1.3936040501711995e+18,7.805,0.0,0,0,4,0,7116,0.0,100,0.0,0.0,0.0,0.0,0.0,0,0,0,0,0.0,0,0,0,0,0,0,0,0,0,0,0,0,0,0,0,0,0,0,0,0,0,0,0,0,0,0,0,0,0,0,0,0,0,31,40,40,71,65476,0,300,0,0,8,21553,0.0,-107605600.0,0.0,0.0,0.0,0.0,0.0,0.0,0.0,0.0,0.0,0.0,0.0,0.0,0.0,0.0,0.0,0.0,0.0,0.0,0.0,0.0,-2.004,-2.004,0.0,-2.004,0.0,0.0,0.0,0.0,4475.0,2.004,6920.0,0.0,-0.0,0.0,-107615288.0,0.0,0.0,0.0,0.0,69,0.0,0.059,0.0,0.0,0.0,0.0,0.0,0.0,0.0,0,0,0,0.0,0.0,0.0,0.0,0.0,0.0,0.0,0.0,0.0,0.0,0.0,0.0,0.0,0.0,0.0,0.0,0,-107875648.0,69,0.0,138,0.0,-109183584.0,0,26215,17087,0,17105,39322,17084,0,0,0,70,68,100,-0.0,82.1,0.0,78.8,-0.0,79.0,1,49,50,180,52429,26215,0,0,0.0,0.0,0.0,0.0,-0.0,67.0,0.0,162057.094,0.0,984,0,1017,0,0,0,957,0,1045,0,942,0,793,0,786,0,823,0,7520,0.032,2.524898095088995e+20,0.0,0.0,784,16797,-0.0,162057.094,-114818.039,-0.0,0.133,6.909358625270745e+28,30.0,70.0,35,0.0,0.0,0.0,0.0,0.0,0.0,0.0,0.0,0.0,0.0,0.0,0.0,0.0,0.0,0.0,0.0,66.0,0,150,71,52,65476,0,300,0,0,8,20529,65476,0,0,44564,70.0,0.0,0.0,0.0,0.0,0.0
2026-09-10T21:03:50,ERR,ERR,ERR,ERR,ERR,ERR,ERR,ERR,ERR,ERR,ERR,ERR,ERR,ERR,ERR,ERR,ERR,ERR,ERR,ERR,ERR,ERR,ERR,ERR,ERR,ERR,ERR,ERR,ERR,ERR,ERR,ERR,ERR,ERR,ERR,ERR,ERR,ERR,ERR,ERR,ERR,ERR,ERR,ERR,ERR,ERR,ERR,ERR,ERR,ERR,ERR,ERR,ERR,ERR,ERR,ERR,ERR,ERR,ERR,ERR,ERR,ERR,ERR,ERR,ERR,ERR,ERR,ERR,ERR,ERR,ERR,ERR,ERR,ERR,ERR,ERR,ERR,ERR,ERR,ERR,ERR,ERR,ERR,ERR,ERR,ERR,ERR,ERR,ERR,ERR,ERR,ERR,ERR,ERR,ERR,ERR,ERR,ERR,ERR,ERR,ERR,ERR,ERR,ERR,ERR,ERR,ERR,ERR,ERR,ERR,ERR,ERR,ERR,ERR,ERR,ERR,ERR,ERR,ERR,ERR,ERR,ERR,ERR,ERR,ERR,0.0,-0.0,0.0,0.0,0.0,1.3936040501711995e+18,7.805,0.0,0,0,4,0,7116,0.0,100,0.0,0.0,0.0,0.0,0.0,0,0,0,0,0.0,0,0,0,0,0,0,0,0,0,0,0,0,0,0,0,0,0,0,0,0,0,0,0,0,0,0,0,0,0,0,0,0,0,31,40,40,71,65476,0,300,0,0,8,21553,0.0,-107605600.0,0.0,0.0,0.0,0.0,0.0,0.0,0.0,0.0,0.0,0.0,0.0,0.0,0.0,0.0,0.0,0.0,0.0,0.0,0.0,0.0,-2.004,-2.004,0.0,0.0,0.0,0.0,0.0,0.0,4450.0,2.4229830046158873e+24,6925.0,0.0,-0.0,0.0,0.0,0.0,0.0,0.0,0.0,69,0.0,4.066845346649544e+29,0.0,0.0,0.0,0.0,0.0,0.0,0.0,0,0,0,0.0,0.0,0.0,0.0,0.0,0.0,0.0,0.0,0.0,0.0,0.0,0.0,0.0,0.0,0.0,0.0,0,-107875648.0,69,0.0,138,0.0,-109183584.0,0,26215,17087,0,17105,39322,17084,0,0,0,70,68,100,-0.0,82.1,0.0,78.8,-0.0,79.0,1,49,50,180,52429,26215,0,0,0.0,0.0,0.0,0.0,-0.0,67.0,0.0,162057.094,0.0,984,0,1017,0,0,0,957,0,1045,0,942,0,793,0,786,0,823,0,7520,0.032,2.524898095088995e+20,0.0,0.0,784,16797,-0.0,162057.094,-114818.039,-0.0,0.133,6.909358625270745e+28,30.0,70.0,35,0.0,0.0,0.0,0.0,0.0,0.0,0.0,0.0,0.0,0.0,0.0,0.0,0.0,0.0,0.0,0.0,66.0,0,150,71,52,65476,0,300,0,0,8,20529,65476,0,0,44564,70.0,0.0,0.0,0.0,0.0,0.0
2026-09-10T21:03:51,ERR,ERR,ERR,ERR,ERR,ERR,ERR,ERR,ERR,ERR,ERR,ERR,ERR,ERR,ERR,ERR,ERR,ERR,ERR,ERR,ERR,ERR,ERR,ERR,ERR,ERR,ERR,ERR,ERR,ERR,ERR,ERR,ERR,ERR,ERR,ERR,ERR,ERR,ERR,ERR,ERR,ERR,ERR,ERR,ERR,ERR,ERR,ERR,ERR,ERR,ERR,ERR,ERR,ERR,ERR,ERR,ERR,ERR,ERR,ERR,ERR,ERR,ERR,ERR,ERR,ERR,ERR,ERR,ERR,ERR,ERR,ERR,ERR,ERR,ERR,ERR,ERR,ERR,ERR,ERR,ERR,ERR,ERR,ERR,ERR,ERR,ERR,ERR,ERR,ERR,ERR,ERR,ERR,ERR,ERR,ERR,ERR,ERR,ERR,ERR,ERR,ERR,ERR,ERR,ERR,ERR,ERR,ERR,ERR,ERR,ERR,ERR,ERR,ERR,ERR,ERR,ERR,ERR,ERR,ERR,ERR,ERR,ERR,ERR,ERR,0.0,-0.0,0.0,0.0,0.0,1.3936040501711995e+18,7.805,0.0,0,0,4,0,7116,0.0,100,0.0,0.0,0.0,0.0,0.0,0,0,0,0,0.0,0,0,0,0,0,0,0,0,0,0,0,0,0,0,0,0,0,0,0,0,0,0,0,0,0,0,0,0,0,0,0,0,0,31,40,40,71,65476,0,300,0,0,8,21553,0.0,-107605600.0,0.0,0.0,0.0,0.0,0.0,0.0,0.0,0.0,0.0,0.0,0.0,0.0,0.0,0.0,0.0,0.0,0.0,0.0,0.0,0.0,-2.004,-2.004,0.0,0.0,0.0,0.0,0.0,0.0,4450.0,2.4229830046158873e+24,6925.0,0.0,-0.0,0.0,0.0,0.0,0.0,0.0,0.0,69,0.0,4.066845346649544e+29,0.0,0.0,0.0,0.0,0.0,0.0,0.0,0,0,0,0.0,0.0,0.0,0.0,0.0,0.0,0.0,0.0,0.0,0.0,0.0,0.0,0.0,0.0,0.0,0.0,0,-107875648.0,69,0.0,138,0.0,-109183584.0,0,26215,17087,0,17105,39322,17084,0,0,0,70,68,100,-0.0,82.1,0.0,78.8,-0.0,79.0,1,49,50,180,52429,26215,0,0,0.0,0.0,0.0,0.0,-0.0,67.0,0.0,162057.094,0.0,984,0,1017,0,0,0,957,0,1045,0,942,0,793,0,786,0,823,0,7520,0.032,2.524898095088995e+20,0.0,0.0,784,16797,-0.0,162057.094,-114818.039,-0.0,0.133,6.909358625270745e+28,30.0,70.0,35,0.0,0.0,0.0,0.0,0.0,0.0,0.0,0.0,0.0,0.0,0.0,0.0,0.0,0.0,0.0,0.0,66.4,0,150,71,52,65476,0,300,0,0,8,20529,65476,0,0,44564,70.0,0.0,0.0,0.0,0.0,0.0
2026-09-10T21:03:52,ERR,ERR,ERR,ERR,ERR,ERR,ERR,ERR,ERR,ERR,ERR,ERR,ERR,ERR,ERR,ERR,ERR,ERR,ERR,ERR,ERR,ERR,ERR,ERR,ERR,ERR,ERR,ERR,ERR,ERR,ERR,ERR,ERR,ERR,ERR,ERR,ERR,ERR,ERR,ERR,ERR,ERR,ERR,ERR,ERR,ERR,ERR,ERR,ERR,ERR,ERR,ERR,ERR,ERR,ERR,ERR,ERR,ERR,ERR,ERR,ERR,ERR,ERR,ERR,ERR,ERR,ERR,ERR,ERR,ERR,ERR,ERR,ERR,ERR,ERR,ERR,ERR,ERR,ERR,ERR,ERR,ERR,ERR,ERR,ERR,ERR,ERR,ERR,ERR,ERR,ERR,ERR,ERR,ERR,ERR,ERR,ERR,ERR,ERR,ERR,ERR,ERR,ERR,ERR,ERR,ERR,ERR,ERR,ERR,ERR,ERR,ERR,ERR,ERR,ERR,ERR,ERR,ERR,ERR,ERR,ERR,ERR,ERR,ERR,ERR,0.0,-0.0,0.0,0.0,0.0,1.3936040501711995e+18,7.805,0.0,0,0,4,0,7116,0.0,100,0.0,0.0,0.0,0.0,0.0,0,0,0,0,0.0,0,0,0,0,0,0,0,0,0,0,0,0,0,0,0,0,0,0,0,0,0,0,0,0,0,0,0,0,0,0,0,0,0,31,40,40,71,65476,0,300,0,0,8,21553,0.0,-107605600.0,0.0,0.0,0.0,0.0,0.0,0.0,0.0,0.0,0.0,0.0,0.0,0.0,0.0,0.0,0.0,0.0,0.0,0.0,0.0,0.0,-2.004,-2.004,0.0,0.0,0.0,0.0,0.0,0.0,4450.0,2.4229830046158873e+24,6925.0,0.0,-0.0,0.0,0.0,0.0,0.0,0.0,0.0,69,0.0,4.066845346649544e+29,0.0,0.0,0.0,0.0,0.0,0.0,0.0,0,0,0,0.0,0.0,0.0,0.0,0.0,0.0,0.0,0.0,0.0,0.0,0.0,0.0,0.0,0.0,0.0,0.0,0,-107875648.0,69,0.0,138,0.0,-109183584.0,0,26215,17087,0,17105,26215,17084,0,0,0,70,68,100,-0.0,82.1,0.0,78.8,-0.0,79.0,1,49,50,180,52429,26215,0,0,0.0,0.0,0.0,0.0,-0.0,67.0,0.0,162057.094,0.0,984,0,1017,0,0,0,957,0,1044,0,943,0,793,0,786,0,823,0,7520,0.032,2.524898095088995e+20,0.0,0.0,784,16797,-0.0,162057.094,-114818.039,-0.0,0.133,6.909358625270745e+28,30.0,70.0,35,0.0,0.0,0.0,0.0,0.0,0.0,0.0,0.0,0.0,0.0,0.0,0.0,0.0,0.0,0.0,0.0,66.4,0,150,71,52,65476,0,300,0,0,8,20529,65476,0,0,44564,70.0,0.0,0.0,0.0,0.0,0.0
2026-09-10T21:03:53,ERR,ERR,ERR,ERR,ERR,ERR,ERR,ERR,ERR,ERR,ERR,ERR,ERR,ERR,ERR,ERR,ERR,ERR,ERR,ERR,ERR,ERR,ERR,ERR,ERR,ERR,ERR,ERR,ERR,ERR,ERR,ERR,ERR,ERR,ERR,ERR,ERR,ERR,ERR,ERR,ERR,ERR,ERR,ERR,ERR,ERR,ERR,ERR,ERR,ERR,ERR,ERR,ERR,ERR,ERR,ERR,ERR,ERR,ERR,ERR,ERR,ERR,ERR,ERR,ERR,ERR,ERR,ERR,ERR,ERR,ERR,ERR,ERR,ERR,ERR,ERR,ERR,ERR,ERR,ERR,ERR,ERR,ERR,ERR,ERR,ERR,ERR,ERR,ERR,ERR,ERR,ERR,ERR,ERR,ERR,ERR,ERR,ERR,ERR,ERR,ERR,ERR,ERR,ERR,ERR,ERR,ERR,ERR,ERR,ERR,ERR,ERR,ERR,ERR,ERR,ERR,ERR,ERR,ERR,ERR,ERR,ERR,ERR,ERR,ERR,0.0,-0.0,0.0,0.0,0.0,1.3936040501711995e+18,7.805,0.0,0,0,4,0,7116,0.0,100,0.0,0.0,0.0,0.0,0.0,0,0,0,0,0.0,0,0,0,0,0,0,0,0,0,0,0,0,0,0,0,0,0,0,0,0,0,0,0,0,0,0,0,0,0,0,0,0,0,31,40,40,71,65476,0,300,0,0,8,21553,0.0,-107605600.0,0.0,0.0,0.0,0.0,0.0,0.0,0.0,0.0,0.0,0.0,0.0,0.0,0.0,0.0,0.0,0.0,0.0,0.0,0.0,0.0,-2.004,-2.004,0.0,0.0,0.0,0.0,0.0,0.0,4450.0,2.4229830046158873e+24,6925.0,0.0,-0.0,0.0,0.0,0.0,0.0,0.0,0.0,69,0.0,4.066845346649544e+29,0.0,0.0,0.0,0.0,0.0,0.0,0.0,0,0,0,0.0,0.0,0.0,0.0,0.0,0.0,0.0,0.0,0.0,0.0,0.0,0.0,0.0,0.0,0.0,0.0,0,-107875648.0,69,0.0,138,0.0,-109183584.0,0,26215,17087,0,17105,26215,17084,0,0,0,70,68,100,-0.0,82.1,0.0,78.8,-0.0,79.0,1,49,50,180,52429,26215,0,0,0.0,0.0,0.0,0.0,-0.0,67.0,0.0,162057.094,0.0,984,0,1017,0,0,0,957,0,1044,0,943,0,793,0,786,0,823,0,7520,0.032,2.524898095088995e+20,0.0,0.0,784,16797,-0.0,162057.094,-114818.039,-0.0,0.133,6.909358625270745e+28,30.0,70.0,35,0.0,0.0,0.0,0.0,0.0,0.0,0.0,0.0,0.0,0.0,0.0,0.0,0.0,0.0,0.0,0.0,66.4,0,150,71,52,65476,0,300,0,0,8,20529,65476,0,0,44564,70.0,0.0,0.0,0.0,0.0,0.0
2026-09-10T21:03:54,ERR,ERR,ERR,ERR,ERR,ERR,ERR,ERR,ERR,ERR,ERR,ERR,ERR,ERR,ERR,ERR,ERR,ERR,ERR,ERR,ERR,ERR,ERR,ERR,ERR,ERR,ERR,ERR,ERR,ERR,ERR,ERR,ERR,ERR,ERR,ERR,ERR,ERR,ERR,ERR,ERR,ERR,ERR,ERR,ERR,ERR,ERR,ERR,ERR,ERR,ERR,ERR,ERR,ERR,ERR,ERR,ERR,ERR,ERR,ERR,ERR,ERR,ERR,ERR,ERR,ERR,ERR,ERR,ERR,ERR,ERR,ERR,ERR,ERR,ERR,ERR,ERR,ERR,ERR,ERR,ERR,ERR,ERR,ERR,ERR,ERR,ERR,ERR,ERR,ERR,ERR,ERR,ERR,ERR,ERR,ERR,ERR,ERR,ERR,ERR,ERR,ERR,ERR,ERR,ERR,ERR,ERR,ERR,ERR,ERR,ERR,ERR,ERR,ERR,ERR,ERR,ERR,ERR,ERR,ERR,ERR,ERR,ERR,ERR,ERR,0.0,-0.0,0.0,0.0,0.0,1.3936040501711995e+18,7.805,0.0,0,0,4,0,7116,0.0,100,0.0,0.0,0.0,0.0,0.0,0,0,0,0,0.0,0,0,0,0,0,0,0,0,0,0,0,0,0,0,0,0,0,0,0,0,0,0,0,0,0,0,0,0,0,0,0,0,0,31,40,40,71,65476,0,300,0,0,8,21553,0.0,-107605600.0,0.0,0.0,0.0,0.0,0.0,0.0,0.0,0.0,0.0,0.0,0.0,0.0,0.0,0.0,0.0,0.0,0.0,0.0,0.0,0.0,-2.004,-2.004,0.0,0.0,0.0,0.0,0.0,0.0,4450.0,2.4229830046158873e+24,6925.0,0.0,-0.0,0.0,0.0,0.0,0.0,0.0,0.0,69,0.0,4.066845346649544e+29,0.0,0.0,0.0,0.0,0.0,0.0,0.0,0,0,0,0.0,0.0,0.0,0.0,0.0,0.0,0.0,0.0,0.0,0.0,0.0,0.0,0.0,0.0,0.0,0.0,0,-107875648.0,69,0.0,138,0.0,-109183584.0,0,26215,17087,0,17105,26215,17084,0,0,0,70,68,100,-0.0,82.1,0.0,78.8,-0.0,79.0,1,49,50,180,52429,26215,0,0,0.0,0.0,0.0,0.0,-0.0,67.0,0.0,162057.094,0.0,984,0,1017,0,0,0,957,0,1044,0,943,0,793,0,786,0,823,0,7520,0.032,2.524898095088995e+20,0.0,0.0,784,16797,-0.0,162057.094,-114818.039,-0.0,0.133,6.909358625270745e+28,30.0,70.0,35,0.0,0.0,0.0,0.0,0.0,0.0,0.0,0.0,0.0,0.0,0.0,0.0,0.0,0.0,0.0,0.0,66.0,0,150,71,52,65476,0,300,0,0,8,20529,65476,0,0,44564,70.0,0.0,0.0,0.0,0.0,0.0
2026-09-10T21:03:55,ERR,ERR,ERR,ERR,ERR,ERR,ERR,ERR,ERR,ERR,ERR,ERR,ERR,ERR,ERR,ERR,ERR,ERR,ERR,ERR,ERR,ERR,ERR,ERR,ERR,ERR,ERR,ERR,ERR,ERR,ERR,ERR,ERR,ERR,ERR,ERR,ERR,ERR,ERR,ERR,ERR,ERR,ERR,ERR,ERR,ERR,ERR,ERR,ERR,ERR,ERR,ERR,ERR,ERR,ERR,ERR,ERR,ERR,ERR,ERR,ERR,ERR,ERR,ERR,ERR,ERR,ERR,ERR,ERR,ERR,ERR,ERR,ERR,ERR,ERR,ERR,ERR,ERR,ERR,ERR,ERR,ERR,ERR,ERR,ERR,ERR,ERR,ERR,ERR,ERR,ERR,ERR,ERR,ERR,ERR,ERR,ERR,ERR,ERR,ERR,ERR,ERR,ERR,ERR,ERR,ERR,ERR,ERR,ERR,ERR,ERR,ERR,ERR,ERR,ERR,ERR,ERR,ERR,ERR,ERR,ERR,ERR,ERR,ERR,ERR,0.0,-0.0,0.0,0.0,0.0,1.3936040501711995e+18,7.805,0.0,0,0,4,0,7116,0.0,100,0.0,0.0,0.0,0.0,0.0,0,0,0,0,0.0,0,0,0,0,0,0,0,0,0,0,0,0,0,0,0,0,0,0,0,0,0,0,0,0,0,0,0,0,0,0,0,0,0,31,40,40,71,65476,0,300,0,0,8,21553,0.0,-107605600.0,0.0,0.0,0.0,0.0,0.0,0.0,0.0,0.0,0.0,0.0,0.0,0.0,0.0,0.0,0.0,0.0,0.0,0.0,0.0,0.0,-2.004,-2.004,0.0,0.0,0.0,0.0,0.0,0.0,4450.0,2.4229830046158873e+24,6925.0,0.0,-0.0,0.0,0.0,0.0,0.0,0.0,0.0,69,0.0,4.066845346649544e+29,0.0,0.0,0.0,0.0,0.0,0.0,0.0,0,0,0,0.0,0.0,0.0,0.0,0.0,0.0,0.0,0.0,0.0,0.0,0.0,0.0,0.0,0.0,0.0,0.0,0,-107875648.0,69,0.0,138,0.0,-109183584.0,0,26215,17087,0,17105,26215,17084,0,0,0,70,68,100,-0.0,82.1,0.0,78.8,-0.0,79.0,1,49,50,180,52429,26215,0,0,0.0,0.0,0.0,0.0,-0.0,67.0,0.0,162057.094,0.0,984,0,1017,0,0,0,957,0,1044,0,943,0,793,0,786,0,823,0,7520,0.032,2.524898095088995e+20,0.0,0.0,784,16797,-0.0,162057.094,-114818.039,-0.0,0.133,6.909358625270745e+28,30.0,70.0,35,0.0,0.0,0.0,0.0,0.0,0.0,0.0,0.0,0.0,0.0,0.0,0.0,0.0,0.0,0.0,0.0,66.0,0,150,71,52,65476,0,300,0,0,8,20529,65476,0,0,44564,70.0,0.0,0.0,0.0,0.0,0.0
2026-09-10T21:03:56,ERR,ERR,ERR,ERR,ERR,ERR,ERR,ERR,ERR,ERR,ERR,ERR,ERR,ERR,ERR,ERR,ERR,ERR,ERR,ERR,ERR,ERR,ERR,ERR,ERR,ERR,ERR,ERR,ERR,ERR,ERR,ERR,ERR,ERR,ERR,ERR,ERR,ERR,ERR,ERR,ERR,ERR,ERR,ERR,ERR,ERR,ERR,ERR,ERR,ERR,ERR,ERR,ERR,ERR,ERR,ERR,ERR,ERR,ERR,ERR,ERR,ERR,ERR,ERR,ERR,ERR,ERR,ERR,ERR,ERR,ERR,ERR,ERR,ERR,ERR,ERR,ERR,ERR,ERR,ERR,ERR,ERR,ERR,ERR,ERR,ERR,ERR,ERR,ERR,ERR,ERR,ERR,ERR,ERR,ERR,ERR,ERR,ERR,ERR,ERR,ERR,ERR,ERR,ERR,ERR,ERR,ERR,ERR,ERR,ERR,ERR,ERR,ERR,ERR,ERR,ERR,ERR,ERR,ERR,ERR,ERR,ERR,ERR,ERR,ERR,0.0,-0.0,0.0,0.0,0.0,1.3936040501711995e+18,7.805,0.0,0,0,4,0,7116,0.0,100,0.0,0.0,0.0,0.0,0.0,0,0,0,0,0.0,0,0,0,0,0,0,0,0,0,0,0,0,0,0,0,0,0,0,0,0,0,0,0,0,0,0,0,0,0,0,0,0,0,31,40,40,71,65476,0,300,0,0,8,21553,0.0,-107605600.0,0.0,0.0,0.0,0.0,0.0,0.0,0.0,0.0,0.0,0.0,0.0,0.0,0.0,0.0,0.0,0.0,0.0,0.0,0.0,0.0,-2.004,-2.004,0.0,0.0,0.0,0.0,0.0,0.0,4450.0,2.4229830046158873e+24,6925.0,0.0,-0.0,0.0,0.0,0.0,0.0,0.0,0.0,69,0.0,4.066845346649544e+29,0.0,0.0,0.0,0.0,0.0,0.0,0.0,0,0,0,0.0,0.0,0.0,0.0,0.0,0.0,0.0,0.0,0.0,0.0,0.0,0.0,0.0,0.0,0.0,0.0,0,-107875648.0,69,0.0,138,0.0,-109183584.0,0,26215,17087,0,17105,26215,17084,0,0,0,70,68,100,-0.0,82.1,0.0,78.8,-0.0,79.0,1,49,50,180,52429,26215,0,0,0.0,0.0,0.0,0.0,-0.0,67.0,0.0,162057.094,0.0,984,0,1017,0,0,0,957,0,1044,0,943,0,793,0,786,0,823,0,7520,0.032,2.524898095088995e+20,0.0,0.0,784,16797,-0.0,162057.094,-114818.039,-0.0,0.133,6.909358625270745e+28,30.0,70.0,35,0.0,0.0,0.0,0.0,0.0,0.0,0.0,0.0,0.0,0.0,0.0,0.0,0.0,0.0,0.0,0.0,66.0,0,150,71,52,65476,0,300,0,0,8,20529,65476,0,0,44564,70.0,0.0,0.0,0.0,0.0,0.0
2026-09-10T21:03:57,ERR,ERR,ERR,ERR,ERR,ERR,ERR,ERR,ERR,ERR,ERR,ERR,ERR,ERR,ERR,ERR,ERR,ERR,ERR,ERR,ERR,ERR,ERR,ERR,ERR,ERR,ERR,ERR,ERR,ERR,ERR,ERR,ERR,ERR,ERR,ERR,ERR,ERR,ERR,ERR,ERR,ERR,ERR,ERR,ERR,ERR,ERR,ERR,ERR,ERR,ERR,ERR,ERR,ERR,ERR,ERR,ERR,ERR,ERR,ERR,ERR,ERR,ERR,ERR,ERR,ERR,ERR,ERR,ERR,ERR,ERR,ERR,ERR,ERR,ERR,ERR,ERR,ERR,ERR,ERR,ERR,ERR,ERR,ERR,ERR,ERR,ERR,ERR,ERR,ERR,ERR,ERR,ERR,ERR,ERR,ERR,ERR,ERR,ERR,ERR,ERR,ERR,ERR,ERR,ERR,ERR,ERR,ERR,ERR,ERR,ERR,ERR,ERR,ERR,ERR,ERR,ERR,ERR,ERR,ERR,ERR,ERR,ERR,ERR,ERR,0.0,-0.0,0.0,0.0,0.0,1.3936040501711995e+18,7.805,0.0,0,0,4,0,7116,0.0,100,0.0,0.0,0.0,0.0,0.0,0,0,0,0,0.0,0,0,0,0,0,0,0,0,0,0,0,0,0,0,0,0,0,0,0,0,0,0,0,0,0,0,0,0,0,0,0,0,0,31,40,40,71,65476,0,300,0,0,8,21553,0.0,-107605600.0,0.0,0.0,0.0,0.0,0.0,0.0,0.0,0.0,0.0,0.0,0.0,0.0,0.0,0.0,0.0,0.0,0.0,0.0,0.0,0.0,-2.004,-2.004,0.0,0.0,0.0,0.0,0.0,0.0,4450.0,2.4229830046158873e+24,6925.0,0.0,-0.0,0.0,0.0,0.0,0.0,0.0,0.0,69,0.0,4.066845346649544e+29,0.0,0.0,0.0,0.0,0.0,0.0,0.0,0,0,0,0.0,0.0,0.0,0.0,0.0,0.0,0.0,0.0,0.0,0.0,0.0,0.0,0.0,0.0,0.0,0.0,0,-107875648.0,69,0.0,138,0.0,-109183584.0,0,26215,17087,0,17105,26215,17084,0,0,0,70,68,100,-0.0,82.1,0.0,78.8,-0.0,79.0,1,49,50,180,52429,26215,0,0,0.0,0.0,0.0,0.0,-0.0,67.0,0.0,162057.094,0.0,984,0,1017,0,0,0,957,0,1044,0,943,0,793,0,786,0,823,0,7520,0.032,2.524898095088995e+20,0.0,0.0,784,16797,-0.0,162057.094,-114818.039,-0.0,0.133,6.909358625270745e+28,30.0,70.0,35,0.0,0.0,0.0,0.0,0.0,0.0,0.0,0.0,0.0,0.0,0.0,0.0,0.0,0.0,0.0,0.0,66.0,0,150,71,52,65476,0,300,0,0,8,20529,65476,0,0,44564,70.0,0.0,0.0,0.0,0.0,0.0
2026-09-10T21:03:58,ERR,ERR,ERR,ERR,ERR,ERR,ERR,ERR,ERR,ERR,ERR,ERR,ERR,ERR,ERR,ERR,ERR,ERR,ERR,ERR,ERR,ERR,ERR,ERR,ERR,ERR,ERR,ERR,ERR,ERR,ERR,ERR,ERR,ERR,ERR,ERR,ERR,ERR,ERR,ERR,ERR,ERR,ERR,ERR,ERR,ERR,ERR,ERR,ERR,ERR,ERR,ERR,ERR,ERR,ERR,ERR,ERR,ERR,ERR,ERR,ERR,ERR,ERR,ERR,ERR,ERR,ERR,ERR,ERR,ERR,ERR,ERR,ERR,ERR,ERR,ERR,ERR,ERR,ERR,ERR,ERR,ERR,ERR,ERR,ERR,ERR,ERR,ERR,ERR,ERR,ERR,ERR,ERR,ERR,ERR,ERR,ERR,ERR,ERR,ERR,ERR,ERR,ERR,ERR,ERR,ERR,ERR,ERR,ERR,ERR,ERR,ERR,ERR,ERR,ERR,ERR,ERR,ERR,ERR,ERR,ERR,ERR,ERR,ERR,ERR,0.0,-0.0,0.0,0.0,0.0,1.3936040501711995e+18,7.805,0.0,0,0,4,0,7116,0.0,100,0.0,0.0,0.0,0.0,0.0,0,0,0,0,0.0,0,0,0,0,0,0,0,0,0,0,0,0,0,0,0,0,0,0,0,0,0,0,0,0,0,0,0,0,0,0,0,0,0,31,40,40,71,65476,0,300,0,0,8,21553,0.0,-107605600.0,0.0,0.0,0.0,0.0,0.0,0.0,0.0,0.0,0.0,0.0,0.0,0.0,0.0,0.0,0.0,0.0,0.0,0.0,0.0,0.0,-2.004,-2.004,0.0,0.0,0.0,0.0,0.0,0.0,4475.0,564144692527104.0,6923.0,0.0,-0.0,0.0,0.0,0.0,0.0,0.0,0.0,69,0.0,1.9056821431959552e+17,0.0,0.0,0.0,0.0,0.0,0.0,0.0,0,0,0,0.0,0.0,0.0,0.0,0.0,0.0,0.0,0.0,0.0,0.0,0.0,0.0,0.0,0.0,0.0,0.0,0,-107875648.0,69,0.0,138,0.0,-109183584.0,0,26215,17087,52429,17104,39322,17084,0,0,0,70,68,100,-0.0,82.1,0.0,78.8,-0.0,79.0,1,49,50,180,52429,26215,0,0,0.0,0.0,0.0,0.0,-0.0,67.0,0.0,162057.094,0.0,984,0,1017,0,0,0,957,0,1045,0,943,0,793,0,786,0,823,0,7520,0.032,2.524898095088995e+20,0.0,0.0,784,16797,-0.0,162057.094,-114818.039,-0.0,0.133,6.909358625270745e+28,30.0,70.0,35,0.0,0.0,0.0,0.0,0.0,0.0,0.0,0.0,0.0,0.0,0.0,0.0,0.0,0.0,0.0,0.0,66.0,0,150,71,52,65476,0,300,0,0,8,20529,65476,0,0,44564,70.0,0.0,0.0,0.0,0.0,0.0
2026-09-10T21:03:59,ERR,ERR,ERR,ERR,ERR,ERR,ERR,ERR,ERR,ERR,ERR,ERR,ERR,ERR,ERR,ERR,ERR,ERR,ERR,ERR,ERR,ERR,ERR,ERR,ERR,ERR,ERR,ERR,ERR,ERR,ERR,ERR,ERR,ERR,ERR,ERR,ERR,ERR,ERR,ERR,ERR,ERR,ERR,ERR,ERR,ERR,ERR,ERR,ERR,ERR,ERR,ERR,ERR,ERR,ERR,ERR,ERR,ERR,ERR,ERR,ERR,ERR,ERR,ERR,ERR,ERR,ERR,ERR,ERR,ERR,ERR,ERR,ERR,ERR,ERR,ERR,ERR,ERR,ERR,ERR,ERR,ERR,ERR,ERR,ERR,ERR,ERR,ERR,ERR,ERR,ERR,ERR,ERR,ERR,ERR,ERR,ERR,ERR,ERR,ERR,ERR,ERR,ERR,ERR,ERR,ERR,ERR,ERR,ERR,ERR,ERR,ERR,ERR,ERR,ERR,ERR,ERR,ERR,ERR,ERR,ERR,ERR,ERR,ERR,ERR,0.0,-0.0,0.0,0.0,0.0,1.3936040501711995e+18,7.805,0.0,0,0,4,0,7116,0.0,100,0.0,0.0,0.0,0.0,0.0,0,0,0,0,0.0,0,0,0,0,0,0,0,0,0,0,0,0,0,0,0,0,0,0,0,0,0,0,0,0,0,0,0,0,0,0,0,0,0,31,40,40,71,65476,0,300,0,0,8,21553,0.0,-107605600.0,0.0,0.0,0.0,0.0,0.0,0.0,0.0,0.0,0.0,0.0,0.0,0.0,0.0,0.0,0.0,0.0,0.0,0.0,0.0,0.0,-2.004,-2.004,0.0,0.0,0.0,0.0,0.0,0.0,4475.0,564144692527104.0,6923.0,0.0,-0.0,0.0,0.0,0.0,0.0,0.0,0.0,69,0.0,1.9056821431959552e+17,0.0,0.0,0.0,0.0,0.0,0.0,0.0,0,0,0,0.0,0.0,0.0,0.0,0.0,0.0,0.0,0.0,0.0,0.0,0.0,0.0,0.0,0.0,0.0,0.0,0,-107875648.0,69,0.0,138,0.0,-109183584.0,0,26215,17087,52429,17104,39322,17084,0,0,0,70,68,100,-0.0,82.1,0.0,78.8,-0.0,79.0,1,49,50,180,52429,26215,0,0,0.0,0.0,0.0,0.0,-0.0,67.0,0.0,162057.094,0.0,984,0,1017,0,0,0,957,0,1045,0,943,0,793,0,786,0,823,0,7520,0.032,2.524898095088995e+20,0.0,0.0,784,16797,-0.0,162057.094,-114818.039,-0.0,0.133,6.909358625270745e+28,30.0,70.0,35,0.0,0.0,0.0,0.0,0.0,0.0,0.0,0.0,0.0,0.0,0.0,0.0,0.0,0.0,0.0,0.0,66.0,0,150,71,52,65476,0,300,0,0,8,20529,65476,0,0,44564,70.0,0.0,0.0,0.0,0.0,0.0
2026-09-10T21:04:00,ERR,ERR,ERR,ERR,ERR,ERR,ERR,ERR,ERR,ERR,ERR,ERR,ERR,ERR,ERR,ERR,ERR,ERR,ERR,ERR,ERR,ERR,ERR,ERR,ERR,ERR,ERR,ERR,ERR,ERR,ERR,ERR,ERR,ERR,ERR,ERR,ERR,ERR,ERR,ERR,ERR,ERR,ERR,ERR,ERR,ERR,ERR,ERR,ERR,ERR,ERR,ERR,ERR,ERR,ERR,ERR,ERR,ERR,ERR,ERR,ERR,ERR,ERR,ERR,ERR,ERR,ERR,ERR,ERR,ERR,ERR,ERR,ERR,ERR,ERR,ERR,ERR,ERR,ERR,ERR,ERR,ERR,ERR,ERR,ERR,ERR,ERR,ERR,ERR,ERR,ERR,ERR,ERR,ERR,ERR,ERR,ERR,ERR,ERR,ERR,ERR,ERR,ERR,ERR,ERR,ERR,ERR,ERR,ERR,ERR,ERR,ERR,ERR,ERR,ERR,ERR,ERR,ERR,ERR,ERR,ERR,ERR,ERR,ERR,ERR,0.0,-0.0,0.0,0.0,0.0,1.3936040501711995e+18,7.805,0.0,0,0,4,0,7116,0.0,100,0.0,0.0,0.0,0.0,0.0,0,0,0,0,0.0,0,0,0,0,0,0,0,0,0,0,0,0,0,0,0,0,0,0,0,0,0,0,0,0,0,0,0,0,0,0,0,0,0,31,40,40,71,65476,0,300,0,0,8,21553,0.0,-107605600.0,0.0,0.0,0.0,0.0,0.0,0.0,0.0,0.0,0.0,0.0,0.0,0.0,0.0,0.0,0.0,0.0,0.0,0.0,0.0,0.0,-2.004,-2.004,0.0,0.0,0.0,0.0,0.0,0.0,4475.0,564144692527104.0,6923.0,0.0,-0.0,0.0,0.0,0.0,0.0,0.0,0.0,69,0.0,1.9056821431959552e+17,0.0,0.0,0.0,0.0,0.0,0.0,0.0,0,0,0,0.0,0.0,0.0,0.0,0.0,0.0,0.0,0.0,0.0,0.0,0.0,0.0,0.0,0.0,0.0,0.0,0,-107875648.0,69,0.0,138,0.0,-109183584.0,0,26215,17087,52429,17104,39322,17084,0,0,0,70,68,100,-0.0,82.1,0.0,78.8,-0.0,79.0,1,49,50,180,52429,26215,0,0,0.0,0.0,0.0,0.0,-0.0,67.0,0.0,162057.094,0.0,984,0,1017,0,0,0,957,0,1045,0,943,0,793,0,786,0,823,0,7520,0.032,2.524898095088995e+20,0.0,0.0,784,16797,-0.0,162057.094,-114818.039,-0.0,0.133,6.909358625270745e+28,30.0,70.0,35,0.0,0.0,0.0,0.0,0.0,0.0,0.0,0.0,0.0,0.0,0.0,0.0,0.0,0.0,0.0,0.0,66.0,0,150,71,52,65476,0,300,0,0,8,20529,65476,0,0,44564,70.0,0.0,0.0,0.0,0.0,0.0
2026-09-10T21:04:01,ERR,ERR,ERR,ERR,ERR,ERR,ERR,ERR,ERR,ERR,ERR,ERR,ERR,ERR,ERR,ERR,ERR,ERR,ERR,ERR,ERR,ERR,ERR,ERR,ERR,ERR,ERR,ERR,ERR,ERR,ERR,ERR,ERR,ERR,ERR,ERR,ERR,ERR,ERR,ERR,ERR,ERR,ERR,ERR,ERR,ERR,ERR,ERR,ERR,ERR,ERR,ERR,ERR,ERR,ERR,ERR,ERR,ERR,ERR,ERR,ERR,ERR,ERR,ERR,ERR,ERR,ERR,ERR,ERR,ERR,ERR,ERR,ERR,ERR,ERR,ERR,ERR,ERR,ERR,ERR,ERR,ERR,ERR,ERR,ERR,ERR,ERR,ERR,ERR,ERR,ERR,ERR,ERR,ERR,ERR,ERR,ERR,ERR,ERR,ERR,ERR,ERR,ERR,ERR,ERR,ERR,ERR,ERR,ERR,ERR,ERR,ERR,ERR,ERR,ERR,ERR,ERR,ERR,ERR,ERR,ERR,ERR,ERR,ERR,ERR,0.0,-0.0,0.0,0.0,0.0,1.3936040501711995e+18,7.805,0.0,0,0,4,0,7116,0.0,100,0.0,0.0,0.0,0.0,0.0,0,0,0,0,0.0,0,0,0,0,0,0,0,0,0,0,0,0,0,0,0,0,0,0,0,0,0,0,0,0,0,0,0,0,0,0,0,0,0,31,40,40,71,65476,0,300,0,0,8,21553,0.0,-107605600.0,0.0,0.0,0.0,0.0,0.0,0.0,0.0,0.0,0.0,0.0,0.0,0.0,0.0,0.0,0.0,0.0,0.0,0.0,0.0,0.0,-2.004,-2.004,0.0,0.0,0.0,0.0,0.0,0.0,4475.0,564144692527104.0,6923.0,0.0,-0.0,0.0,0.0,0.0,0.0,0.0,0.0,69,0.0,1.9056821431959552e+17,0.0,0.0,0.0,0.0,0.0,0.0,0.0,0,0,0,0.0,0.0,0.0,0.0,0.0,0.0,0.0,0.0,0.0,0.0,0.0,0.0,0.0,0.0,0.0,0.0,0,-107875648.0,69,0.0,138,0.0,-109183584.0,0,26215,17087,52429,17104,39322,17084,0,0,0,70,68,100,-0.0,82.1,0.0,78.8,-0.0,79.0,1,49,50,180,52429,26215,0,0,0.0,0.0,0.0,0.0,-0.0,67.0,0.0,162057.094,0.0,984,0,1017,0,0,0,957,0,1045,0,943,0,793,0,786,0,823,0,7520,0.032,2.524898095088995e+20,0.0,0.0,784,16797,-0.0,162057.094,-114818.039,-0.0,0.133,6.909358625270745e+28,30.0,70.0,35,0.0,0.0,0.0,0.0,0.0,0.0,0.0,0.0,0.0,0.0,0.0,0.0,0.0,0.0,0.0,0.0,66.0,0,150,71,52,65476,0,300,0,0,8,20529,65476,0,0,44564,70.0,0.0,0.0,0.0,0.0,0.0
2026-09-10T21:04:02,ERR,ERR,ERR,ERR,ERR,ERR,ERR,ERR,ERR,ERR,ERR,ERR,ERR,ERR,ERR,ERR,ERR,ERR,ERR,ERR,ERR,ERR,ERR,ERR,ERR,ERR,ERR,ERR,ERR,ERR,ERR,ERR,ERR,ERR,ERR,ERR,ERR,ERR,ERR,ERR,ERR,ERR,ERR,ERR,ERR,ERR,ERR,ERR,ERR,ERR,ERR,ERR,ERR,ERR,ERR,ERR,ERR,ERR,ERR,ERR,ERR,ERR,ERR,ERR,ERR,ERR,ERR,ERR,ERR,ERR,ERR,ERR,ERR,ERR,ERR,ERR,ERR,ERR,ERR,ERR,ERR,ERR,ERR,ERR,ERR,ERR,ERR,ERR,ERR,ERR,ERR,ERR,ERR,ERR,ERR,ERR,ERR,ERR,ERR,ERR,ERR,ERR,ERR,ERR,ERR,ERR,ERR,ERR,ERR,ERR,ERR,ERR,ERR,ERR,ERR,ERR,ERR,ERR,ERR,ERR,ERR,ERR,ERR,ERR,ERR,0.0,-0.0,0.0,0.0,0.0,1.3936040501711995e+18,7.805,0.0,0,0,4,0,7116,0.0,100,0.0,0.0,0.0,0.0,0.0,0,0,0,0,0.0,0,0,0,0,0,0,0,0,0,0,0,0,0,0,0,0,0,0,0,0,0,0,0,0,0,0,0,0,0,0,0,0,0,31,40,40,71,65476,0,300,0,0,8,21553,0.0,-107605600.0,0.0,0.0,0.0,0.0,0.0,0.0,0.0,0.0,0.0,0.0,0.0,0.0,0.0,0.0,0.0,0.0,0.0,0.0,0.0,0.0,-2.004,-2.004,0.0,0.0,0.0,0.0,0.0,0.0,4475.0,564144692527104.0,6923.0,0.0,-0.0,0.0,0.0,0.0,0.0,0.0,0.0,69,0.0,1.9056821431959552e+17,0.0,0.0,0.0,0.0,0.0,0.0,0.0,0,0,0,0.0,0.0,0.0,0.0,0.0,0.0,0.0,0.0,0.0,0.0,0.0,0.0,0.0,0.0,0.0,0.0,0,-107875648.0,69,0.0,138,0.0,-109183584.0,0,26215,17087,52429,17104,39322,17084,0,0,0,70,68,100,-0.0,82.1,0.0,78.8,-0.0,79.0,1,49,50,180,52429,26215,0,0,0.0,0.0,0.0,0.0,-0.0,67.0,0.0,162057.094,0.0,984,0,1017,0,0,0,957,0,1045,0,943,0,793,0,786,0,823,0,7520,0.032,2.524898095088995e+20,0.0,0.0,784,16797,-0.0,162057.094,-114818.039,-0.0,0.133,6.909358625270745e+28,30.0,70.0,35,0.0,0.0,0.0,0.0,0.0,0.0,0.0,0.0,0.0,0.0,0.0,0.0,0.0,0.0,0.0,0.0,66.0,0,150,71,52,65476,0,300,0,0,8,20529,65476,0,0,44564,70.0,0.0,0.0,0.0,0.0,0.0
2026-09-10T21:04:03,ERR,ERR,ERR,ERR,ERR,ERR,ERR,ERR,ERR,ERR,ERR,ERR,ERR,ERR,ERR,ERR,ERR,ERR,ERR,ERR,ERR,ERR,ERR,ERR,ERR,ERR,ERR,ERR,ERR,ERR,ERR,ERR,ERR,ERR,ERR,ERR,ERR,ERR,ERR,ERR,ERR,ERR,ERR,ERR,ERR,ERR,ERR,ERR,ERR,ERR,ERR,ERR,ERR,ERR,ERR,ERR,ERR,ERR,ERR,ERR,ERR,ERR,ERR,ERR,ERR,ERR,ERR,ERR,ERR,ERR,ERR,ERR,ERR,ERR,ERR,ERR,ERR,ERR,ERR,ERR,ERR,ERR,ERR,ERR,ERR,ERR,ERR,ERR,ERR,ERR,ERR,ERR,ERR,ERR,ERR,ERR,ERR,ERR,ERR,ERR,ERR,ERR,ERR,ERR,ERR,ERR,ERR,ERR,ERR,ERR,ERR,ERR,ERR,ERR,ERR,ERR,ERR,ERR,ERR,ERR,ERR,ERR,ERR,ERR,ERR,0.0,-0.0,0.0,0.0,0.0,1.3936040501711995e+18,7.805,0.0,0,0,4,0,7116,0.0,100,0.0,0.0,0.0,0.0,0.0,0,0,0,0,0.0,0,0,0,0,0,0,0,0,0,0,0,0,0,0,0,0,0,0,0,0,0,0,0,0,0,0,0,0,0,0,0,0,0,31,40,40,71,65476,0,300,0,0,8,21553,0.0,-107605600.0,0.0,0.0,0.0,0.0,0.0,0.0,0.0,0.0,0.0,0.0,0.0,0.0,0.0,0.0,0.0,0.0,0.0,0.0,0.0,0.0,-2.004,-2.004,0.0,0.0,0.0,0.0,0.0,0.0,4475.0,564144692527104.0,6923.0,0.0,-0.0,0.0,0.0,0.0,0.0,0.0,0.0,69,0.0,1.9056821431959552e+17,0.0,0.0,0.0,0.0,0.0,0.0,0.0,0,0,0,0.0,0.0,0.0,0.0,0.0,0.0,0.0,0.0,0.0,0.0,0.0,0.0,0.0,0.0,0.0,0.0,0,-107875648.0,69,0.0,138,0.0,-109183584.0,0,26215,17087,52429,17104,39322,17084,0,0,0,70,68,100,-0.0,82.1,0.0,78.8,-0.0,79.0,1,49,50,180,52429,26215,0,0,0.0,0.0,0.0,0.0,-0.0,67.0,0.0,162057.094,0.0,984,0,1017,0,0,0,957,0,1044,0,943,0,793,0,786,0,823,0,7520,0.032,2.5133688800429264e+20,0.0,0.0,784,16797,-0.0,162057.094,-114818.039,-0.0,0.133,6.909358625270745e+28,30.0,70.0,35,0.0,0.0,0.0,0.0,0.0,0.0,0.0,0.0,0.0,0.0,0.0,0.0,0.0,0.0,0.0,0.0,66.0,0,150,71,52,65476,0,300,0,0,8,20529,65476,0,0,44564,70.0,0.0,0.0,0.0,0.0,0.0
2026-09-10T21:04:04,ERR,ERR,ERR,ERR,ERR,ERR,ERR,ERR,ERR,ERR,ERR,ERR,ERR,ERR,ERR,ERR,ERR,ERR,ERR,ERR,ERR,ERR,ERR,ERR,ERR,ERR,ERR,ERR,ERR,ERR,ERR,ERR,ERR,ERR,ERR,ERR,ERR,ERR,ERR,ERR,ERR,ERR,ERR,ERR,ERR,ERR,ERR,ERR,ERR,ERR,ERR,ERR,ERR,ERR,ERR,ERR,ERR,ERR,ERR,ERR,ERR,ERR,ERR,ERR,ERR,ERR,ERR,ERR,ERR,ERR,ERR,ERR,ERR,ERR,ERR,ERR,ERR,ERR,ERR,ERR,ERR,ERR,ERR,ERR,ERR,ERR,ERR,ERR,ERR,ERR,ERR,ERR,ERR,ERR,ERR,ERR,ERR,ERR,ERR,ERR,ERR,ERR,ERR,ERR,ERR,ERR,ERR,ERR,ERR,ERR,ERR,ERR,ERR,ERR,ERR,ERR,ERR,ERR,ERR,ERR,ERR,ERR,ERR,ERR,ERR,0.0,-0.0,0.0,0.0,0.0,1.3936040501711995e+18,7.805,0.0,0,0,4,0,7116,0.0,100,0.0,0.0,0.0,0.0,0.0,0,0,0,0,0.0,0,0,0,0,0,0,0,0,0,0,0,0,0,0,0,0,0,0,0,0,0,0,0,0,0,0,0,0,0,0,0,0,0,31,40,40,71,65476,0,300,0,0,8,21553,0.0,-107605600.0,0.0,0.0,0.0,0.0,0.0,0.0,0.0,0.0,0.0,0.0,0.0,0.0,0.0,0.0,0.0,0.0,0.0,0.0,0.0,0.0,-2.004,-2.004,0.0,0.0,0.0,0.0,0.0,0.0,4475.0,564144692527104.0,6923.0,0.0,-0.0,0.0,0.0,0.0,0.0,0.0,0.0,69,0.0,1.9056821431959552e+17,0.0,0.0,0.0,0.0,0.0,0.0,0.0,0,0,0,0.0,0.0,0.0,0.0,0.0,0.0,0.0,0.0,0.0,0.0,0.0,0.0,0.0,0.0,0.0,0.0,0,-107875648.0,69,0.0,138,0.0,-109183584.0,0,26215,17087,52429,17104,39322,17084,0,0,0,70,68,100,-0.0,82.1,0.0,78.8,-0.0,79.0,1,49,50,180,52429,26215,0,0,0.0,0.0,0.0,0.0,-0.0,67.0,0.0,162057.094,0.0,984,0,1017,0,0,0,957,0,1044,0,943,0,793,0,786,0,823,0,7520,0.032,2.5133688800429264e+20,0.0,0.0,784,16797,-0.0,162057.094,-114818.039,-0.0,0.133,6.909358625270745e+28,30.0,70.0,35,0.0,0.0,0.0,0.0,0.0,0.0,0.0,0.0,0.0,0.0,0.0,0.0,0.0,0.0,0.0,0.0,66.0,0,150,71,52,65476,0,300,0,0,8,20529,65476,0,0,44564,70.0,0.0,0.0,0.0,0.0,0.0
2026-09-10T21:04:05,ERR,ERR,ERR,ERR,ERR,ERR,ERR,ERR,ERR,ERR,ERR,ERR,ERR,ERR,ERR,ERR,ERR,ERR,ERR,ERR,ERR,ERR,ERR,ERR,ERR,ERR,ERR,ERR,ERR,ERR,ERR,ERR,ERR,ERR,ERR,ERR,ERR,ERR,ERR,ERR,ERR,ERR,ERR,ERR,ERR,ERR,ERR,ERR,ERR,ERR,ERR,ERR,ERR,ERR,ERR,ERR,ERR,ERR,ERR,ERR,ERR,ERR,ERR,ERR,ERR,ERR,ERR,ERR,ERR,ERR,ERR,ERR,ERR,ERR,ERR,ERR,ERR,ERR,ERR,ERR,ERR,ERR,ERR,ERR,ERR,ERR,ERR,ERR,ERR,ERR,ERR,ERR,ERR,ERR,ERR,ERR,ERR,ERR,ERR,ERR,ERR,ERR,ERR,ERR,ERR,ERR,ERR,ERR,ERR,ERR,ERR,ERR,ERR,ERR,ERR,ERR,ERR,ERR,ERR,ERR,ERR,ERR,ERR,ERR,ERR,0.0,-0.0,0.0,0.0,0.0,1.3936040501711995e+18,7.805,0.0,0,0,4,0,7116,0.0,100,0.0,0.0,0.0,0.0,0.0,0,0,0,0,0.0,0,0,0,0,0,0,0,0,0,0,0,0,0,0,0,0,0,0,0,0,0,0,0,0,0,0,0,0,0,0,0,0,0,31,40,40,71,65476,0,300,0,0,8,21553,0.0,-107605600.0,0.0,0.0,0.0,0.0,0.0,0.0,0.0,0.0,0.0,0.0,0.0,0.0,0.0,0.0,0.0,0.0,0.0,0.0,0.0,0.0,-2.004,-2.004,0.0,0.0,0.0,0.0,0.0,0.0,4475.0,564144692527104.0,6923.0,0.0,-0.0,0.0,0.0,0.0,0.0,0.0,0.0,69,0.0,1.9056821431959552e+17,0.0,0.0,0.0,0.0,0.0,0.0,0.0,0,0,0,0.0,0.0,0.0,0.0,0.0,0.0,0.0,0.0,0.0,0.0,0.0,0.0,0.0,0.0,0.0,0.0,0,-107875648.0,69,0.0,138,0.0,-109183584.0,0,26215,17087,52429,17104,39322,17084,0,0,0,70,68,100,-0.0,82.1,0.0,78.8,-0.0,79.0,1,49,50,180,52429,26215,0,0,0.0,0.0,0.0,0.0,-0.0,67.0,0.0,162057.094,0.0,984,0,1017,0,0,0,957,0,1044,0,943,0,793,0,786,0,823,0,7520,0.032,2.5133688800429264e+20,0.0,0.0,784,16797,-0.0,162057.094,-114818.039,-0.0,0.133,6.909358625270745e+28,30.0,70.0,35,0.0,0.0,0.0,0.0,0.0,0.0,0.0,0.0,0.0,0.0,0.0,0.0,0.0,0.0,0.0,0.0,66.0,0,150,71,52,65476,0,300,0,0,8,20529,65476,0,0,44564,70.0,0.0,0.0,0.0,0.0,0.0
2026-09-10T21:04:06,ERR,ERR,ERR,ERR,ERR,ERR,ERR,ERR,ERR,ERR,ERR,ERR,ERR,ERR,ERR,ERR,ERR,ERR,ERR,ERR,ERR,ERR,ERR,ERR,ERR,ERR,ERR,ERR,ERR,ERR,ERR,ERR,ERR,ERR,ERR,ERR,ERR,ERR,ERR,ERR,ERR,ERR,ERR,ERR,ERR,ERR,ERR,ERR,ERR,ERR,ERR,ERR,ERR,ERR,ERR,ERR,ERR,ERR,ERR,ERR,ERR,ERR,ERR,ERR,ERR,ERR,ERR,ERR,ERR,ERR,ERR,ERR,ERR,ERR,ERR,ERR,ERR,ERR,ERR,ERR,ERR,ERR,ERR,ERR,ERR,ERR,ERR,ERR,ERR,ERR,ERR,ERR,ERR,ERR,ERR,ERR,ERR,ERR,ERR,ERR,ERR,ERR,ERR,ERR,ERR,ERR,ERR,ERR,ERR,ERR,ERR,ERR,ERR,ERR,ERR,ERR,ERR,ERR,ERR,ERR,ERR,ERR,ERR,ERR,ERR,0.0,-0.0,0.0,0.0,0.0,1.3936040501711995e+18,7.805,0.0,0,0,4,0,7116,0.0,100,0.0,0.0,0.0,0.0,0.0,0,0,0,0,0.0,0,0,0,0,0,0,0,0,0,0,0,0,0,0,0,0,0,0,0,0,0,0,0,0,0,0,0,0,0,0,0,0,0,31,40,40,71,65476,0,300,0,0,8,21553,0.0,-107605600.0,0.0,0.0,0.0,0.0,0.0,0.0,0.0,0.0,0.0,0.0,0.0,0.0,0.0,0.0,0.0,0.0,0.0,0.0,0.0,0.0,-0.0,-2.004,0.0,0.0,0.0,0.0,0.0,0.0,4477.0,1.587926141905068e+29,6926.0,0.0,-0.0,0.0,0.0,0.0,0.0,0.0,0.0,69,0.0,5.848046968061515e+35,0.0,0.0,0.0,0.0,0.0,0.0,0.0,0,0,0,0.0,0.0,0.0,0.0,0.0,0.0,0.0,0.0,0.0,0.0,0.0,0.0,0.0,0.0,0.0,0.0,0,-107875648.0,69,0.0,138,0.0,-109183584.0,0,26215,17087,52429,17104,39322,17084,0,0,0,70,68,100,-0.0,82.1,0.0,78.8,-0.0,79.0,1,49,50,180,52429,26215,0,0,0.0,0.0,0.0,0.0,-0.0,67.0,0.0,162057.094,0.0,984,0,1017,0,0,0,957,0,1044,0,943,0,793,0,786,0,823,0,7520,0.032,2.5133688800429264e+20,0.0,0.0,784,16797,-0.0,162057.094,-114818.039,-0.0,0.133,6.909358625270745e+28,30.0,70.0,35,0.0,0.0,0.0,0.0,0.0,0.0,0.0,0.0,0.0,0.0,0.0,0.0,0.0,0.0,0.0,0.0,66.0,0,150,71,52,65476,0,300,0,0,8,20529,65476,0,0,44564,70.0,0.0,0.0,0.0,0.0,0.0
2026-09-10T21:04:07,ERR,ERR,ERR,ERR,ERR,ERR,ERR,ERR,ERR,ERR,ERR,ERR,ERR,ERR,ERR,ERR,ERR,ERR,ERR,ERR,ERR,ERR,ERR,ERR,ERR,ERR,ERR,ERR,ERR,ERR,ERR,ERR,ERR,ERR,ERR,ERR,ERR,ERR,ERR,ERR,ERR,ERR,ERR,ERR,ERR,ERR,ERR,ERR,ERR,ERR,ERR,ERR,ERR,ERR,ERR,ERR,ERR,ERR,ERR,ERR,ERR,ERR,ERR,ERR,ERR,ERR,ERR,ERR,ERR,ERR,ERR,ERR,ERR,ERR,ERR,ERR,ERR,ERR,ERR,ERR,ERR,ERR,ERR,ERR,ERR,ERR,ERR,ERR,ERR,ERR,ERR,ERR,ERR,ERR,ERR,ERR,ERR,ERR,ERR,ERR,ERR,ERR,ERR,ERR,ERR,ERR,ERR,ERR,ERR,ERR,ERR,ERR,ERR,ERR,ERR,ERR,ERR,ERR,ERR,ERR,ERR,ERR,ERR,ERR,ERR,0.0,-0.0,0.0,0.0,0.0,1.3936040501711995e+18,7.805,0.0,0,0,4,0,7116,0.0,100,0.0,0.0,0.0,0.0,0.0,0,0,0,0,0.0,0,0,0,0,0,0,0,0,0,0,0,0,0,0,0,0,0,0,0,0,0,0,0,0,0,0,0,0,0,0,0,0,0,31,40,40,71,65476,0,300,0,0,8,21553,0.0,-107605600.0,0.0,0.0,0.0,0.0,0.0,0.0,0.0,0.0,0.0,0.0,0.0,0.0,0.0,0.0,0.0,0.0,0.0,0.0,0.0,0.0,-0.0,-2.004,0.0,0.0,0.0,0.0,0.0,0.0,4477.0,1.587926141905068e+29,6926.0,0.0,-0.0,0.0,0.0,0.0,0.0,0.0,0.0,69,0.0,5.848046968061515e+35,0.0,0.0,0.0,0.0,0.0,0.0,0.0,0,0,0,0.0,0.0,0.0,0.0,0.0,0.0,0.0,0.0,0.0,0.0,0.0,0.0,0.0,0.0,0.0,0.0,0,-107875648.0,69,0.0,138,0.0,-109183584.0,0,26215,17087,52429,17104,39322,17084,0,0,0,70,68,100,-0.0,82.1,0.0,78.8,-0.0,79.0,1,49,50,180,52429,26215,0,0,0.0,0.0,0.0,0.0,-0.0,67.0,0.0,162057.094,0.0,984,0,1017,0,0,0,957,0,1044,0,943,0,793,0,786,0,823,0,7520,0.032,2.5133688800429264e+20,0.0,0.0,784,16797,-0.0,162057.094,-114818.039,-0.0,0.133,6.909358625270745e+28,30.0,70.0,35,0.0,0.0,0.0,0.0,0.0,0.0,0.0,0.0,0.0,0.0,0.0,0.0,0.0,0.0,0.0,0.0,66.0,0,150,71,52,65476,0,300,0,0,8,20529,65476,0,0,44564,70.0,0.0,0.0,0.0,0.0,0.0
2026-09-10T21:04:08,ERR,ERR,ERR,ERR,ERR,ERR,ERR,ERR,ERR,ERR,ERR,ERR,ERR,ERR,ERR,ERR,ERR,ERR,ERR,ERR,ERR,ERR,ERR,ERR,ERR,ERR,ERR,ERR,ERR,ERR,ERR,ERR,ERR,ERR,ERR,ERR,ERR,ERR,ERR,ERR,ERR,ERR,ERR,ERR,ERR,ERR,ERR,ERR,ERR,ERR,ERR,ERR,ERR,ERR,ERR,ERR,ERR,ERR,ERR,ERR,ERR,ERR,ERR,ERR,ERR,ERR,ERR,ERR,ERR,ERR,ERR,ERR,ERR,ERR,ERR,ERR,ERR,ERR,ERR,ERR,ERR,ERR,ERR,ERR,ERR,ERR,ERR,ERR,ERR,ERR,ERR,ERR,ERR,ERR,ERR,ERR,ERR,ERR,ERR,ERR,ERR,ERR,ERR,ERR,ERR,ERR,ERR,ERR,ERR,ERR,ERR,ERR,ERR,ERR,ERR,ERR,ERR,ERR,ERR,ERR,ERR,ERR,ERR,ERR,ERR,0.0,-0.0,0.0,0.0,0.0,1.3936040501711995e+18,7.805,0.0,0,0,4,0,7116,0.0,100,0.0,0.0,0.0,0.0,0.0,0,0,0,0,0.0,0,0,0,0,0,0,0,0,0,0,0,0,0,0,0,0,0,0,0,0,0,0,0,0,0,0,0,0,0,0,0,0,0,31,40,40,71,65476,0,300,0,0,8,21553,0.0,-107605600.0,0.0,0.0,0.0,0.0,0.0,0.0,0.0,0.0,0.0,0.0,0.0,0.0,0.0,0.0,0.0,0.0,0.0,0.0,0.0,0.0,-0.0,-2.004,0.0,0.0,0.0,0.0,0.0,0.0,4477.0,1.587926141905068e+29,6926.0,0.0,-0.0,0.0,0.0,0.0,0.0,0.0,0.0,69,0.0,5.848046968061515e+35,0.0,0.0,0.0,0.0,0.0,0.0,0.0,0,0,0,0.0,0.0,0.0,0.0,0.0,0.0,0.0,0.0,0.0,0.0,0.0,0.0,0.0,0.0,0.0,0.0,0,-107875648.0,69,0.0,138,0.0,-109183584.0,0,26215,17087,52429,17104,39322,17084,0,0,0,70,68,100,-0.0,82.1,0.0,78.8,-0.0,79.0,1,49,50,180,52429,26215,0,0,0.0,0.0,0.0,0.0,-0.0,67.0,0.0,162057.094,0.0,984,0,1017,0,0,0,957,0,1044,0,943,0,793,0,786,0,823,0,7520,0.032,2.5133688800429264e+20,0.0,0.0,784,16797,-0.0,162057.094,-114818.039,-0.0,0.133,6.909358625270745e+28,30.0,70.0,35,0.0,0.0,0.0,0.0,0.0,0.0,0.0,0.0,0.0,0.0,0.0,0.0,0.0,0.0,0.0,0.0,66.0,0,150,71,52,65476,0,300,0,0,8,20529,65476,0,0,44564,70.0,0.0,0.0,0.0,0.0,0.0
2026-09-10T21:04:09,ERR,ERR,ERR,ERR,ERR,ERR,ERR,ERR,ERR,ERR,ERR,ERR,ERR,ERR,ERR,ERR,ERR,ERR,ERR,ERR,ERR,ERR,ERR,ERR,ERR,ERR,ERR,ERR,ERR,ERR,ERR,ERR,ERR,ERR,ERR,ERR,ERR,ERR,ERR,ERR,ERR,ERR,ERR,ERR,ERR,ERR,ERR,ERR,ERR,ERR,ERR,ERR,ERR,ERR,ERR,ERR,ERR,ERR,ERR,ERR,ERR,ERR,ERR,ERR,ERR,ERR,ERR,ERR,ERR,ERR,ERR,ERR,ERR,ERR,ERR,ERR,ERR,ERR,ERR,ERR,ERR,ERR,ERR,ERR,ERR,ERR,ERR,ERR,ERR,ERR,ERR,ERR,ERR,ERR,ERR,ERR,ERR,ERR,ERR,ERR,ERR,ERR,ERR,ERR,ERR,ERR,ERR,ERR,ERR,ERR,ERR,ERR,ERR,ERR,ERR,ERR,ERR,ERR,ERR,ERR,ERR,ERR,ERR,ERR,ERR,0.0,-0.0,0.0,0.0,0.0,1.3936040501711995e+18,7.805,0.0,0,0,4,0,7116,0.0,100,0.0,0.0,0.0,0.0,0.0,0,0,0,0,0.0,0,0,0,0,0,0,0,0,0,0,0,0,0,0,0,0,0,0,0,0,0,0,0,0,0,0,0,0,0,0,0,0,0,31,40,40,71,65476,0,300,0,0,8,21553,0.0,-107605600.0,0.0,0.0,0.0,0.0,0.0,0.0,0.0,0.0,0.0,0.0,0.0,0.0,0.0,0.0,0.0,0.0,0.0,0.0,0.0,0.0,-0.0,-2.004,0.0,0.0,0.0,0.0,0.0,0.0,4477.0,1.587926141905068e+29,6926.0,0.0,-0.0,0.0,0.0,0.0,0.0,0.0,0.0,69,0.0,5.848046968061515e+35,0.0,0.0,0.0,0.0,0.0,0.0,0.0,0,0,0,0.0,0.0,0.0,0.0,0.0,0.0,0.0,0.0,0.0,0.0,0.0,0.0,0.0,0.0,0.0,0.0,0,-107875648.0,69,0.0,138,0.0,-109183584.0,0,26215,17087,52429,17104,39322,17084,0,0,0,70,68,100,-0.0,82.1,0.0,78.8,-0.0,79.0,1,49,50,180,52429,26215,0,0,0.0,0.0,0.0,0.0,-0.0,67.0,0.0,162057.094,0.0,984,0,1017,0,0,0,957,0,1044,0,943,0,793,0,786,0,823,0,7520,0.032,2.524898095088995e+20,0.0,0.0,784,16797,-0.0,162057.094,-114818.039,-0.0,0.133,6.909358625270745e+28,30.0,70.0,35,0.0,0.0,0.0,0.0,0.0,0.0,0.0,0.0,0.0,0.0,0.0,0.0,0.0,0.0,0.0,0.0,66.0,0,150,71,52,65476,0,300,0,0,8,20529,65476,0,0,44564,70.0,0.0,0.0,0.0,0.0,0.0
2026-09-10T21:04:10,ERR,ERR,ERR,ERR,ERR,ERR,ERR,ERR,ERR,ERR,ERR,ERR,ERR,ERR,ERR,ERR,ERR,ERR,ERR,ERR,ERR,ERR,ERR,ERR,ERR,ERR,ERR,ERR,ERR,ERR,ERR,ERR,ERR,ERR,ERR,ERR,ERR,ERR,ERR,ERR,ERR,ERR,ERR,ERR,ERR,ERR,ERR,ERR,ERR,ERR,ERR,ERR,ERR,ERR,ERR,ERR,ERR,ERR,ERR,ERR,ERR,ERR,ERR,ERR,ERR,ERR,ERR,ERR,ERR,ERR,ERR,ERR,ERR,ERR,ERR,ERR,ERR,ERR,ERR,ERR,ERR,ERR,ERR,ERR,ERR,ERR,ERR,ERR,ERR,ERR,ERR,ERR,ERR,ERR,ERR,ERR,ERR,ERR,ERR,ERR,ERR,ERR,ERR,ERR,ERR,ERR,ERR,ERR,ERR,ERR,ERR,ERR,ERR,ERR,ERR,ERR,ERR,ERR,ERR,ERR,ERR,ERR,ERR,ERR,ERR,0.0,-0.0,0.0,0.0,0.0,1.3936040501711995e+18,7.805,0.0,0,0,4,0,7116,0.0,100,0.0,0.0,0.0,0.0,0.0,0,0,0,0,0.0,0,0,0,0,0,0,0,0,0,0,0,0,0,0,0,0,0,0,0,0,0,0,0,0,0,0,0,0,0,0,0,0,0,31,40,40,71,65476,0,300,0,0,8,21553,0.0,-107605600.0,0.0,0.0,0.0,0.0,0.0,0.0,0.0,0.0,0.0,0.0,0.0,0.0,0.0,0.0,0.0,0.0,0.0,0.0,0.0,0.0,-0.0,-2.004,0.0,0.0,0.0,0.0,0.0,0.0,4477.0,1.587926141905068e+29,6926.0,0.0,-0.0,0.0,0.0,0.0,0.0,0.0,0.0,69,0.0,5.848046968061515e+35,0.0,0.0,0.0,0.0,0.0,0.0,0.0,0,0,0,0.0,0.0,0.0,0.0,0.0,0.0,0.0,0.0,0.0,0.0,0.0,0.0,0.0,0.0,0.0,0.0,0,-107875648.0,69,0.0,138,0.0,-109183584.0,0,26215,17087,52429,17104,39322,17084,0,0,0,70,68,100,-0.0,82.1,0.0,78.8,-0.0,79.0,1,49,50,180,52429,26215,0,0,0.0,0.0,0.0,0.0,-0.0,67.0,0.0,162057.094,0.0,984,0,1017,0,0,0,957,0,1044,0,943,0,793,0,786,0,823,0,7520,0.032,2.524898095088995e+20,0.0,0.0,784,16797,-0.0,162057.094,-114818.039,-0.0,0.133,6.909358625270745e+28,30.0,70.0,35,0.0,0.0,0.0,0.0,0.0,0.0,0.0,0.0,0.0,0.0,0.0,0.0,0.0,0.0,0.0,0.0,66.0,0,150,71,52,65476,0,300,0,0,8,20529,65476,0,0,44564,70.0,0.0,0.0,0.0,0.0,0.0
2026-09-10T21:04:11,ERR,ERR,ERR,ERR,ERR,ERR,ERR,ERR,ERR,ERR,ERR,ERR,ERR,ERR,ERR,ERR,ERR,ERR,ERR,ERR,ERR,ERR,ERR,ERR,ERR,ERR,ERR,ERR,ERR,ERR,ERR,ERR,ERR,ERR,ERR,ERR,ERR,ERR,ERR,ERR,ERR,ERR,ERR,ERR,ERR,ERR,ERR,ERR,ERR,ERR,ERR,ERR,ERR,ERR,ERR,ERR,ERR,ERR,ERR,ERR,ERR,ERR,ERR,ERR,ERR,ERR,ERR,ERR,ERR,ERR,ERR,ERR,ERR,ERR,ERR,ERR,ERR,ERR,ERR,ERR,ERR,ERR,ERR,ERR,ERR,ERR,ERR,ERR,ERR,ERR,ERR,ERR,ERR,ERR,ERR,ERR,ERR,ERR,ERR,ERR,ERR,ERR,ERR,ERR,ERR,ERR,ERR,ERR,ERR,ERR,ERR,ERR,ERR,ERR,ERR,ERR,ERR,ERR,ERR,ERR,ERR,ERR,ERR,ERR,ERR,0.0,-0.0,0.0,0.0,0.0,1.3936040501711995e+18,7.805,0.0,0,0,4,0,7116,0.0,100,0.0,0.0,0.0,0.0,0.0,0,0,0,0,0.0,0,0,0,0,0,0,0,0,0,0,0,0,0,0,0,0,0,0,0,0,0,0,0,0,0,0,0,0,0,0,0,0,0,31,40,40,71,65476,0,300,0,0,8,21553,0.0,-107605600.0,0.0,0.0,0.0,0.0,0.0,0.0,0.0,0.0,0.0,0.0,0.0,0.0,0.0,0.0,0.0,0.0,0.0,0.0,0.0,0.0,-0.0,-2.004,0.0,0.0,0.0,0.0,0.0,0.0,4477.0,1.587926141905068e+29,6926.0,0.0,-0.0,0.0,0.0,0.0,0.0,0.0,0.0,69,0.0,5.848046968061515e+35,0.0,0.0,0.0,0.0,0.0,0.0,0.0,0,0,0,0.0,0.0,0.0,0.0,0.0,0.0,0.0,0.0,0.0,0.0,0.0,0.0,0.0,0.0,0.0,0.0,0,-107875648.0,69,0.0,138,0.0,-109183584.0,0,26215,17087,52429,17104,39322,17084,0,0,0,70,68,100,-0.0,82.1,0.0,78.8,-0.0,79.0,1,49,50,180,52429,26215,0,0,0.0,0.0,0.0,0.0,-0.0,67.0,0.0,162057.094,0.0,984,0,1017,0,0,0,957,0,1044,0,943,0,793,0,786,0,823,0,7520,0.032,2.524898095088995e+20,0.0,0.0,784,16797,-0.0,162057.094,-114818.039,-0.0,0.133,6.909358625270745e+28,30.0,70.0,35,0.0,0.0,0.0,0.0,0.0,0.0,0.0,0.0,0.0,0.0,0.0,0.0,0.0,0.0,0.0,0.0,66.0,0,150,71,52,65476,0,300,0,0,8,20529,65476,0,0,44564,70.0,0.0,0.0,0.0,0.0,0.0
2026-09-10T21:04:12,ERR,ERR,ERR,ERR,ERR,ERR,ERR,ERR,ERR,ERR,ERR,ERR,ERR,ERR,ERR,ERR,ERR,ERR,ERR,ERR,ERR,ERR,ERR,ERR,ERR,ERR,ERR,ERR,ERR,ERR,ERR,ERR,ERR,ERR,ERR,ERR,ERR,ERR,ERR,ERR,ERR,ERR,ERR,ERR,ERR,ERR,ERR,ERR,ERR,ERR,ERR,ERR,ERR,ERR,ERR,ERR,ERR,ERR,ERR,ERR,ERR,ERR,ERR,ERR,ERR,ERR,ERR,ERR,ERR,ERR,ERR,ERR,ERR,ERR,ERR,ERR,ERR,ERR,ERR,ERR,ERR,ERR,ERR,ERR,ERR,ERR,ERR,ERR,ERR,ERR,ERR,ERR,ERR,ERR,ERR,ERR,ERR,ERR,ERR,ERR,ERR,ERR,ERR,ERR,ERR,ERR,ERR,ERR,ERR,ERR,ERR,ERR,ERR,ERR,ERR,ERR,ERR,ERR,ERR,ERR,ERR,ERR,ERR,ERR,ERR,0.0,-0.0,0.0,0.0,0.0,1.3936040501711995e+18,7.805,0.0,0,0,4,0,7116,0.0,100,0.0,0.0,0.0,0.0,0.0,0,0,0,0,0.0,0,0,0,0,0,0,0,0,0,0,0,0,0,0,0,0,0,0,0,0,0,0,0,0,0,0,0,0,0,0,0,0,0,31,40,40,71,65476,0,300,0,0,8,21553,0.0,-107605600.0,0.0,0.0,0.0,0.0,0.0,0.0,0.0,0.0,0.0,0.0,0.0,0.0,0.0,0.0,0.0,0.0,0.0,0.0,0.0,0.0,-0.0,-2.004,0.0,0.0,0.0,0.0,0.0,0.0,4477.0,1.587926141905068e+29,6926.0,0.0,-0.0,0.0,0.0,0.0,0.0,0.0,0.0,69,0.0,5.848046968061515e+35,0.0,0.0,0.0,0.0,0.0,0.0,0.0,0,0,0,0.0,0.0,0.0,0.0,0.0,0.0,0.0,0.0,0.0,0.0,0.0,0.0,0.0,0.0,0.0,0.0,0,-107875648.0,69,0.0,138,0.0,-109183584.0,0,26215,17087,52429,17104,39322,17084,0,0,0,70,68,100,-0.0,82.1,0.0,78.8,-0.0,79.0,1,49,50,180,52429,26215,0,0,0.0,0.0,0.0,0.0,-0.0,67.0,0.0,162057.094,0.0,984,0,1017,0,0,0,957,0,1044,0,943,0,793,0,786,0,823,0,7520,0.032,2.524898095088995e+20,0.0,0.0,784,16797,-0.0,162057.094,-114818.039,-0.0,0.133,6.909358625270745e+28,30.0,70.0,35,0.0,0.0,0.0,0.0,0.0,0.0,0.0,0.0,0.0,0.0,0.0,0.0,0.0,0.0,0.0,0.0,66.0,0,150,71,52,65476,0,300,0,0,8,20529,65476,0,0,44564,70.0,0.0,0.0,0.0,0.0,0.0
2026-09-10T21:04:13,ERR,ERR,ERR,ERR,ERR,ERR,ERR,ERR,ERR,ERR,ERR,ERR,ERR,ERR,ERR,ERR,ERR,ERR,ERR,ERR,ERR,ERR,ERR,ERR,ERR,ERR,ERR,ERR,ERR,ERR,ERR,ERR,ERR,ERR,ERR,ERR,ERR,ERR,ERR,ERR,ERR,ERR,ERR,ERR,ERR,ERR,ERR,ERR,ERR,ERR,ERR,ERR,ERR,ERR,ERR,ERR,ERR,ERR,ERR,ERR,ERR,ERR,ERR,ERR,ERR,ERR,ERR,ERR,ERR,ERR,ERR,ERR,ERR,ERR,ERR,ERR,ERR,ERR,ERR,ERR,ERR,ERR,ERR,ERR,ERR,ERR,ERR,ERR,ERR,ERR,ERR,ERR,ERR,ERR,ERR,ERR,ERR,ERR,ERR,ERR,ERR,ERR,ERR,ERR,ERR,ERR,ERR,ERR,ERR,ERR,ERR,ERR,ERR,ERR,ERR,ERR,ERR,ERR,ERR,ERR,ERR,ERR,ERR,ERR,ERR,0.0,-0.0,0.0,0.0,0.0,1.3936040501711995e+18,7.805,0.0,0,0,4,0,7116,0.0,100,0.0,0.0,0.0,0.0,0.0,0,0,0,0,0.0,0,0,0,0,0,0,0,0,0,0,0,0,0,0,0,0,0,0,0,0,0,0,0,0,0,0,0,0,0,0,0,0,0,31,40,40,71,65476,0,300,0,0,8,21553,0.0,-107605600.0,0.0,0.0,0.0,0.0,0.0,0.0,0.0,0.0,0.0,0.0,0.0,0.0,0.0,0.0,0.0,0.0,0.0,0.0,0.0,0.0,-0.0,-2.004,0.0,0.0,0.0,0.0,0.0,0.0,4477.0,1.587926141905068e+29,6926.0,0.0,-0.0,0.0,0.0,0.0,0.0,0.0,0.0,69,0.0,5.848046968061515e+35,0.0,0.0,0.0,0.0,0.0,0.0,0.0,0,0,0,0.0,0.0,0.0,0.0,0.0,0.0,0.0,0.0,0.0,0.0,0.0,0.0,0.0,0.0,0.0,0.0,0,-107875648.0,69,0.0,138,0.0,-109183584.0,0,26215,17087,52429,17104,39322,17084,0,0,0,70,68,100,-0.0,82.1,0.0,78.8,-0.0,79.0,1,49,50,180,52429,26215,0,0,0.0,0.0,0.0,0.0,-0.0,67.0,0.0,162057.094,0.0,984,0,1017,0,0,0,957,0,1044,0,943,0,793,0,786,0,823,0,7520,0.032,2.524898095088995e+20,0.0,0.0,784,16797,-0.0,162057.094,-114818.039,-0.0,0.133,6.909358625270745e+28,30.0,70.0,35,0.0,0.0,0.0,0.0,0.0,0.0,0.0,0.0,0.0,0.0,0.0,0.0,0.0,0.0,0.0,0.0,66.0,0,150,71,52,65476,0,300,0,0,8,20529,65476,0,0,44564,70.0,0.0,0.0,0.0,0.0,0.0
2026-09-10T21:04:14,ERR,ERR,ERR,ERR,ERR,ERR,ERR,ERR,ERR,ERR,ERR,ERR,ERR,ERR,ERR,ERR,ERR,ERR,ERR,ERR,ERR,ERR,ERR,ERR,ERR,ERR,ERR,ERR,ERR,ERR,ERR,ERR,ERR,ERR,ERR,ERR,ERR,ERR,ERR,ERR,ERR,ERR,ERR,ERR,ERR,ERR,ERR,ERR,ERR,ERR,ERR,ERR,ERR,ERR,ERR,ERR,ERR,ERR,ERR,ERR,ERR,ERR,ERR,ERR,ERR,ERR,ERR,ERR,ERR,ERR,ERR,ERR,ERR,ERR,ERR,ERR,ERR,ERR,ERR,ERR,ERR,ERR,ERR,ERR,ERR,ERR,ERR,ERR,ERR,ERR,ERR,ERR,ERR,ERR,ERR,ERR,ERR,ERR,ERR,ERR,ERR,ERR,ERR,ERR,ERR,ERR,ERR,ERR,ERR,ERR,ERR,ERR,ERR,ERR,ERR,ERR,ERR,ERR,ERR,ERR,ERR,ERR,ERR,ERR,ERR,0.0,-0.0,0.0,0.0,0.0,1.3936040501711995e+18,7.805,0.0,0,0,4,0,7116,0.0,100,0.0,0.0,0.0,0.0,0.0,0,0,0,0,0.0,0,0,0,0,0,0,0,0,0,0,0,0,0,0,0,0,0,0,0,0,0,0,0,0,0,0,0,0,0,0,0,0,0,31,40,40,71,65476,0,300,0,0,8,21553,0.0,-107605600.0,0.0,0.0,0.0,0.0,0.0,0.0,0.0,0.0,0.0,0.0,0.0,0.0,0.0,0.0,0.0,0.0,0.0,0.0,0.0,0.0,-2.004,-2.004,2.004,0.0,0.0,0.0,0.0,0.0,4474.0,131350.172,6921.0,0.0,-0.0,-0.0,0.0,0.0,0.0,0.0,0.0,69,0.0,89220.391,0.0,0.0,0.0,0.0,0.0,0.0,0.0,0,0,0,0.0,0.0,0.0,0.0,0.0,0.0,0.0,0.0,0.0,0.0,0.0,0.0,0.0,0.0,0.0,0.0,0,-107875648.0,69,0.0,138,0.0,2.6474893195377515e+23,0,26215,17087,52429,17104,39322,17084,0,0,0,70,68,100,-0.0,82.1,0.0,78.8,-0.0,79.0,1,49,50,180,52429,26215,0,0,0.0,0.0,0.0,0.0,-0.0,67.0,0.0,162057.094,0.0,984,0,1017,0,0,0,957,0,1044,0,943,0,793,0,786,0,823,0,7520,0.032,2.524898095088995e+20,0.0,0.0,784,16797,-0.0,162057.094,-114818.039,-0.0,0.133,6.909358625270745e+28,30.0,70.0,35,0.0,0.0,0.0,0.0,0.0,0.0,0.0,0.0,0.0,0.0,0.0,0.0,0.0,0.0,0.0,0.0,66.0,0,150,71,52,65476,0,300,0,0,8,20529,65476,0,0,44564,70.0,0.0,0.0,0.0,0.0,0.0
2026-09-10T21:04:15,ERR,ERR,ERR,ERR,ERR,ERR,ERR,ERR,ERR,ERR,ERR,ERR,ERR,ERR,ERR,ERR,ERR,ERR,ERR,ERR,ERR,ERR,ERR,ERR,ERR,ERR,ERR,ERR,ERR,ERR,ERR,ERR,ERR,ERR,ERR,ERR,ERR,ERR,ERR,ERR,ERR,ERR,ERR,ERR,ERR,ERR,ERR,ERR,ERR,ERR,ERR,ERR,ERR,ERR,ERR,ERR,ERR,ERR,ERR,ERR,ERR,ERR,ERR,ERR,ERR,ERR,ERR,ERR,ERR,ERR,ERR,ERR,ERR,ERR,ERR,ERR,ERR,ERR,ERR,ERR,ERR,ERR,ERR,ERR,ERR,ERR,ERR,ERR,ERR,ERR,ERR,ERR,ERR,ERR,ERR,ERR,ERR,ERR,ERR,ERR,ERR,ERR,ERR,ERR,ERR,ERR,ERR,ERR,ERR,ERR,ERR,ERR,ERR,ERR,ERR,ERR,ERR,ERR,ERR,ERR,ERR,ERR,ERR,ERR,ERR,0.0,-0.0,0.0,0.0,0.0,1.3936040501711995e+18,7.805,0.0,0,0,4,0,7116,0.0,100,0.0,0.0,0.0,0.0,0.0,0,0,0,0,0.0,0,0,0,0,0,0,0,0,0,0,0,0,0,0,0,0,0,0,0,0,0,0,0,0,0,0,0,0,0,0,0,0,0,31,40,40,71,65476,0,300,0,0,8,21553,0.0,-107605600.0,0.0,0.0,0.0,0.0,0.0,0.0,0.0,0.0,0.0,0.0,0.0,0.0,0.0,0.0,0.0,0.0,0.0,0.0,0.0,0.0,-2.004,-2.004,2.004,0.0,0.0,0.0,0.0,0.0,4474.0,131350.172,6921.0,0.0,-0.0,-0.0,0.0,0.0,0.0,0.0,0.0,69,0.0,89220.391,0.0,0.0,0.0,0.0,0.0,0.0,0.0,0,0,0,0.0,0.0,0.0,0.0,0.0,0.0,0.0,0.0,0.0,0.0,0.0,0.0,0.0,0.0,0.0,0.0,0,-107875648.0,69,0.0,138,0.0,2.6474893195377515e+23,0,26215,17087,52429,17104,39322,17084,0,0,0,70,68,100,-0.0,82.1,0.0,78.8,-0.0,79.0,1,49,50,180,52429,26215,0,0,0.0,0.0,0.0,0.0,-0.0,67.0,0.0,162057.094,0.0,984,0,1017,0,0,0,957,0,1044,0,944,0,793,0,786,0,823,0,7520,0.032,2.5133688800429264e+20,0.0,0.0,784,16797,-0.0,162057.094,-114818.039,-0.0,0.133,6.909358625270745e+28,30.0,70.0,35,0.0,0.0,0.0,0.0,0.0,0.0,0.0,0.0,0.0,0.0,0.0,0.0,0.0,0.0,0.0,0.0,66.0,0,150,71,52,65476,0,300,0,0,8,20529,65476,0,0,44564,70.0,0.0,0.0,0.0,0.0,0.0
2026-09-10T21:04:16,ERR,ERR,ERR,ERR,ERR,ERR,ERR,ERR,ERR,ERR,ERR,ERR,ERR,ERR,ERR,ERR,ERR,ERR,ERR,ERR,ERR,ERR,ERR,ERR,ERR,ERR,ERR,ERR,ERR,ERR,ERR,ERR,ERR,ERR,ERR,ERR,ERR,ERR,ERR,ERR,ERR,ERR,ERR,ERR,ERR,ERR,ERR,ERR,ERR,ERR,ERR,ERR,ERR,ERR,ERR,ERR,ERR,ERR,ERR,ERR,ERR,ERR,ERR,ERR,ERR,ERR,ERR,ERR,ERR,ERR,ERR,ERR,ERR,ERR,ERR,ERR,ERR,ERR,ERR,ERR,ERR,ERR,ERR,ERR,ERR,ERR,ERR,ERR,ERR,ERR,ERR,ERR,ERR,ERR,ERR,ERR,ERR,ERR,ERR,ERR,ERR,ERR,ERR,ERR,ERR,ERR,ERR,ERR,ERR,ERR,ERR,ERR,ERR,ERR,ERR,ERR,ERR,ERR,ERR,ERR,ERR,ERR,ERR,ERR,ERR,0.0,-0.0,0.0,0.0,0.0,1.3936040501711995e+18,7.805,0.0,0,0,4,0,7116,0.0,100,0.0,0.0,0.0,0.0,0.0,0,0,0,0,0.0,0,0,0,0,0,0,0,0,0,0,0,0,0,0,0,0,0,0,0,0,0,0,0,0,0,0,0,0,0,0,0,0,0,31,40,40,71,65476,0,300,0,0,8,21553,0.0,-107605600.0,0.0,0.0,0.0,0.0,0.0,0.0,0.0,0.0,0.0,0.0,0.0,0.0,0.0,0.0,0.0,0.0,0.0,0.0,0.0,0.0,-2.004,-2.004,2.004,0.0,0.0,0.0,0.0,0.0,4474.0,131350.172,6921.0,0.0,-0.0,-0.0,0.0,0.0,0.0,0.0,0.0,69,0.0,89220.391,0.0,0.0,0.0,0.0,0.0,0.0,0.0,0,0,0,0.0,0.0,0.0,0.0,0.0,0.0,0.0,0.0,0.0,0.0,0.0,0.0,0.0,0.0,0.0,0.0,0,-107875648.0,69,0.0,138,0.0,2.6474893195377515e+23,0,26215,17087,52429,17104,39322,17084,0,0,0,70,68,100,-0.0,82.1,0.0,78.8,-0.0,79.0,1,49,50,180,52429,26215,0,0,0.0,0.0,0.0,0.0,-0.0,67.0,0.0,162057.094,0.0,984,0,1017,0,0,0,957,0,1044,0,944,0,793,0,786,0,823,0,7520,0.032,2.5133688800429264e+20,0.0,0.0,784,16797,-0.0,162057.094,-114818.039,-0.0,0.133,6.909358625270745e+28,30.0,70.0,35,0.0,0.0,0.0,0.0,0.0,0.0,0.0,0.0,0.0,0.0,0.0,0.0,0.0,0.0,0.0,0.0,66.0,0,150,71,52,65476,0,300,0,0,8,20529,65476,0,0,44564,70.0,0.0,0.0,0.0,0.0,0.0
2026-09-10T21:04:17,ERR,ERR,ERR,ERR,ERR,ERR,ERR,ERR,ERR,ERR,ERR,ERR,ERR,ERR,ERR,ERR,ERR,ERR,ERR,ERR,ERR,ERR,ERR,ERR,ERR,ERR,ERR,ERR,ERR,ERR,ERR,ERR,ERR,ERR,ERR,ERR,ERR,ERR,ERR,ERR,ERR,ERR,ERR,ERR,ERR,ERR,ERR,ERR,ERR,ERR,ERR,ERR,ERR,ERR,ERR,ERR,ERR,ERR,ERR,ERR,ERR,ERR,ERR,ERR,ERR,ERR,ERR,ERR,ERR,ERR,ERR,ERR,ERR,ERR,ERR,ERR,ERR,ERR,ERR,ERR,ERR,ERR,ERR,ERR,ERR,ERR,ERR,ERR,ERR,ERR,ERR,ERR,ERR,ERR,ERR,ERR,ERR,ERR,ERR,ERR,ERR,ERR,ERR,ERR,ERR,ERR,ERR,ERR,ERR,ERR,ERR,ERR,ERR,ERR,ERR,ERR,ERR,ERR,ERR,ERR,ERR,ERR,ERR,ERR,ERR,0.0,-0.0,0.0,0.0,0.0,1.3936040501711995e+18,7.805,0.0,0,0,4,0,7116,0.0,100,0.0,0.0,0.0,0.0,0.0,0,0,0,0,0.0,0,0,0,0,0,0,0,0,0,0,0,0,0,0,0,0,0,0,0,0,0,0,0,0,0,0,0,0,0,0,0,0,0,31,40,40,71,65476,0,300,0,0,8,21553,0.0,-107605600.0,0.0,0.0,0.0,0.0,0.0,0.0,0.0,0.0,0.0,0.0,0.0,0.0,0.0,0.0,0.0,0.0,0.0,0.0,0.0,0.0,-2.004,-2.004,2.004,0.0,0.0,0.0,0.0,0.0,4474.0,131350.172,6921.0,0.0,-0.0,-0.0,0.0,0.0,0.0,0.0,0.0,69,0.0,89220.391,0.0,0.0,0.0,0.0,0.0,0.0,0.0,0,0,0,0.0,0.0,0.0,0.0,0.0,0.0,0.0,0.0,0.0,0.0,0.0,0.0,0.0,0.0,0.0,0.0,0,-107875648.0,69,0.0,138,0.0,2.6474893195377515e+23,0,26215,17087,52429,17104,39322,17084,0,0,0,70,68,100,-0.0,82.1,0.0,78.8,-0.0,79.0,1,49,50,180,52429,26215,0,0,0.0,0.0,0.0,0.0,-0.0,67.0,0.0,162057.094,0.0,984,0,1017,0,0,0,957,0,1044,0,944,0,793,0,786,0,823,0,7520,0.032,2.5133688800429264e+20,0.0,0.0,784,16797,-0.0,162057.094,-114818.039,-0.0,0.133,6.909358625270745e+28,30.0,70.0,35,0.0,0.0,0.0,0.0,0.0,0.0,0.0,0.0,0.0,0.0,0.0,0.0,0.0,0.0,0.0,0.0,66.0,0,150,71,52,65476,0,300,0,0,8,20529,65476,0,0,44564,70.0,0.0,0.0,0.0,0.0,0.0
2026-09-10T21:04:18,ERR,ERR,ERR,ERR,ERR,ERR,ERR,ERR,ERR,ERR,ERR,ERR,ERR,ERR,ERR,ERR,ERR,ERR,ERR,ERR,ERR,ERR,ERR,ERR,ERR,ERR,ERR,ERR,ERR,ERR,ERR,ERR,ERR,ERR,ERR,ERR,ERR,ERR,ERR,ERR,ERR,ERR,ERR,ERR,ERR,ERR,ERR,ERR,ERR,ERR,ERR,ERR,ERR,ERR,ERR,ERR,ERR,ERR,ERR,ERR,ERR,ERR,ERR,ERR,ERR,ERR,ERR,ERR,ERR,ERR,ERR,ERR,ERR,ERR,ERR,ERR,ERR,ERR,ERR,ERR,ERR,ERR,ERR,ERR,ERR,ERR,ERR,ERR,ERR,ERR,ERR,ERR,ERR,ERR,ERR,ERR,ERR,ERR,ERR,ERR,ERR,ERR,ERR,ERR,ERR,ERR,ERR,ERR,ERR,ERR,ERR,ERR,ERR,ERR,ERR,ERR,ERR,ERR,ERR,ERR,ERR,ERR,ERR,ERR,ERR,0.0,-0.0,0.0,0.0,0.0,1.3936040501711995e+18,7.805,0.0,0,0,4,0,7116,0.0,100,0.0,0.0,0.0,0.0,0.0,0,0,0,0,0.0,0,0,0,0,0,0,0,0,0,0,0,0,0,0,0,0,0,0,0,0,0,0,0,0,0,0,0,0,0,0,0,0,0,31,40,40,71,65476,0,300,0,0,8,21553,0.0,-107605600.0,0.0,0.0,0.0,0.0,0.0,0.0,0.0,0.0,0.0,0.0,0.0,0.0,0.0,0.0,0.0,0.0,0.0,0.0,0.0,0.0,-2.004,-2.004,2.004,0.0,0.0,0.0,0.0,0.0,4474.0,131350.172,6921.0,0.0,-0.0,-0.0,0.0,0.0,0.0,0.0,0.0,69,0.0,89220.391,0.0,0.0,0.0,0.0,0.0,0.0,0.0,0,0,0,0.0,0.0,0.0,0.0,0.0,0.0,0.0,0.0,0.0,0.0,0.0,0.0,0.0,0.0,0.0,0.0,0,-107875648.0,69,0.0,138,0.0,2.6474893195377515e+23,0,26215,17087,52429,17104,39322,17084,0,0,0,70,68,100,-0.0,82.1,0.0,78.8,-0.0,79.0,1,49,50,180,52429,26215,0,0,0.0,0.0,0.0,0.0,-0.0,67.0,0.0,162057.094,0.0,984,0,1017,0,0,0,957,0,1044,0,944,0,793,0,786,0,823,0,7520,0.032,2.5133688800429264e+20,0.0,0.0,784,16797,-0.0,162057.094,-114818.039,-0.0,0.133,6.909358625270745e+28,30.0,70.0,35,0.0,0.0,0.0,0.0,0.0,0.0,0.0,0.0,0.0,0.0,0.0,0.0,0.0,0.0,0.0,0.0,66.0,0,150,71,52,65476,0,300,0,0,8,20529,65476,0,0,44564,70.0,0.0,0.0,0.0,0.0,0.0
2026-09-10T21:04:19,ERR,ERR,ERR,ERR,ERR,ERR,ERR,ERR,ERR,ERR,ERR,ERR,ERR,ERR,ERR,ERR,ERR,ERR,ERR,ERR,ERR,ERR,ERR,ERR,ERR,ERR,ERR,ERR,ERR,ERR,ERR,ERR,ERR,ERR,ERR,ERR,ERR,ERR,ERR,ERR,ERR,ERR,ERR,ERR,ERR,ERR,ERR,ERR,ERR,ERR,ERR,ERR,ERR,ERR,ERR,ERR,ERR,ERR,ERR,ERR,ERR,ERR,ERR,ERR,ERR,ERR,ERR,ERR,ERR,ERR,ERR,ERR,ERR,ERR,ERR,ERR,ERR,ERR,ERR,ERR,ERR,ERR,ERR,ERR,ERR,ERR,ERR,ERR,ERR,ERR,ERR,ERR,ERR,ERR,ERR,ERR,ERR,ERR,ERR,ERR,ERR,ERR,ERR,ERR,ERR,ERR,ERR,ERR,ERR,ERR,ERR,ERR,ERR,ERR,ERR,ERR,ERR,ERR,ERR,ERR,ERR,ERR,ERR,ERR,ERR,0.0,-0.0,0.0,0.0,0.0,1.3936040501711995e+18,7.805,0.0,0,0,4,0,7116,0.0,100,0.0,0.0,0.0,0.0,0.0,0,0,0,0,0.0,0,0,0,0,0,0,0,0,0,0,0,0,0,0,0,0,0,0,0,0,0,0,0,0,0,0,0,0,0,0,0,0,0,31,40,40,71,65476,0,300,0,0,8,21553,0.0,-107605600.0,0.0,0.0,0.0,0.0,0.0,0.0,0.0,0.0,0.0,0.0,0.0,0.0,0.0,0.0,0.0,0.0,0.0,0.0,0.0,0.0,-2.004,-2.004,2.004,0.0,0.0,0.0,0.0,0.0,4474.0,131350.172,6921.0,0.0,-0.0,-0.0,0.0,0.0,0.0,0.0,0.0,69,0.0,89220.391,0.0,0.0,0.0,0.0,0.0,0.0,0.0,0,0,0,0.0,0.0,0.0,0.0,0.0,0.0,0.0,0.0,0.0,0.0,0.0,0.0,0.0,0.0,0.0,0.0,0,-107875648.0,69,0.0,138,0.0,2.6474893195377515e+23,0,26215,17087,52429,17104,39322,17084,0,0,0,70,68,100,-0.0,82.1,0.0,78.8,-0.0,79.0,1,49,50,180,52429,26215,0,0,0.0,0.0,0.0,0.0,-0.0,67.0,0.0,162057.094,0.0,984,0,1017,0,0,0,957,0,1044,0,944,0,793,0,786,0,823,0,7520,0.032,2.5133688800429264e+20,0.0,0.0,784,16797,-0.0,162057.094,-114818.039,-0.0,0.133,6.909358625270745e+28,30.0,70.0,35,0.0,0.0,0.0,0.0,0.0,0.0,0.0,0.0,0.0,0.0,0.0,0.0,0.0,0.0,0.0,0.0,66.0,0,150,71,52,65476,0,300,0,0,8,20529,65476,0,0,44564,70.0,0.0,0.0,0.0,0.0,0.0
2026-09-10T21:04:20,ERR,ERR,ERR,ERR,ERR,ERR,ERR,ERR,ERR,ERR,ERR,ERR,ERR,ERR,ERR,ERR,ERR,ERR,ERR,ERR,ERR,ERR,ERR,ERR,ERR,ERR,ERR,ERR,ERR,ERR,ERR,ERR,ERR,ERR,ERR,ERR,ERR,ERR,ERR,ERR,ERR,ERR,ERR,ERR,ERR,ERR,ERR,ERR,ERR,ERR,ERR,ERR,ERR,ERR,ERR,ERR,ERR,ERR,ERR,ERR,ERR,ERR,ERR,ERR,ERR,ERR,ERR,ERR,ERR,ERR,ERR,ERR,ERR,ERR,ERR,ERR,ERR,ERR,ERR,ERR,ERR,ERR,ERR,ERR,ERR,ERR,ERR,ERR,ERR,ERR,ERR,ERR,ERR,ERR,ERR,ERR,ERR,ERR,ERR,ERR,ERR,ERR,ERR,ERR,ERR,ERR,ERR,ERR,ERR,ERR,ERR,ERR,ERR,ERR,ERR,ERR,ERR,ERR,ERR,ERR,ERR,ERR,ERR,ERR,ERR,0.0,-0.0,0.0,0.0,0.0,1.3936040501711995e+18,7.805,0.0,0,0,4,0,7116,0.0,100,0.0,0.0,0.0,0.0,0.0,0,0,0,0,0.0,0,0,0,0,0,0,0,0,0,0,0,0,0,0,0,0,0,0,0,0,0,0,0,0,0,0,0,0,0,0,0,0,0,31,40,40,71,65476,0,300,0,0,8,21553,0.0,-107605600.0,0.0,0.0,0.0,0.0,0.0,0.0,0.0,0.0,0.0,0.0,0.0,0.0,0.0,0.0,0.0,0.0,0.0,0.0,0.0,0.0,-2.004,-2.004,2.004,0.0,0.0,0.0,0.0,0.0,4474.0,131350.172,6921.0,0.0,-0.0,-0.0,0.0,0.0,0.0,0.0,0.0,69,0.0,89220.391,0.0,0.0,0.0,0.0,0.0,0.0,0.0,0,0,0,0.0,0.0,0.0,0.0,0.0,0.0,0.0,0.0,0.0,0.0,0.0,0.0,0.0,0.0,0.0,0.0,0,-107875648.0,69,0.0,138,0.0,2.6474893195377515e+23,0,26215,17087,52429,17104,39322,17084,0,0,0,70,68,100,-0.0,82.1,0.0,78.8,-0.0,79.0,1,49,50,180,52429,26215,0,0,0.0,0.0,0.0,0.0,-0.0,67.0,0.0,162057.094,0.0,984,0,1017,0,0,0,957,0,1044,0,944,0,793,0,786,0,823,0,7520,0.032,2.5133688800429264e+20,0.0,0.0,784,16797,-0.0,162057.094,-114818.039,-0.0,0.133,6.909358625270745e+28,30.0,70.0,35,0.0,0.0,0.0,0.0,0.0,0.0,0.0,0.0,0.0,0.0,0.0,0.0,0.0,0.0,0.0,0.0,66.0,0,150,71,52,65476,0,300,0,0,8,20529,65476,0,0,44564,70.0,0.0,0.0,0.0,0.0,0.0
2026-09-10T21:04:21,ERR,ERR,ERR,ERR,ERR,ERR,ERR,ERR,ERR,ERR,ERR,ERR,ERR,ERR,ERR,ERR,ERR,ERR,ERR,ERR,ERR,ERR,ERR,ERR,ERR,ERR,ERR,ERR,ERR,ERR,ERR,ERR,ERR,ERR,ERR,ERR,ERR,ERR,ERR,ERR,ERR,ERR,ERR,ERR,ERR,ERR,ERR,ERR,ERR,ERR,ERR,ERR,ERR,ERR,ERR,ERR,ERR,ERR,ERR,ERR,ERR,ERR,ERR,ERR,ERR,ERR,ERR,ERR,ERR,ERR,ERR,ERR,ERR,ERR,ERR,ERR,ERR,ERR,ERR,ERR,ERR,ERR,ERR,ERR,ERR,ERR,ERR,ERR,ERR,ERR,ERR,ERR,ERR,ERR,ERR,ERR,ERR,ERR,ERR,ERR,ERR,ERR,ERR,ERR,ERR,ERR,ERR,ERR,ERR,ERR,ERR,ERR,ERR,ERR,ERR,ERR,ERR,ERR,ERR,ERR,ERR,ERR,ERR,ERR,ERR,0.0,-0.0,0.0,0.0,0.0,1.3936040501711995e+18,7.805,0.0,0,0,4,0,7116,0.0,100,0.0,0.0,0.0,0.0,0.0,0,0,0,0,0.0,0,0,0,0,0,0,0,0,0,0,0,0,0,0,0,0,0,0,0,0,0,0,0,0,0,0,0,0,0,0,0,0,0,31,40,40,71,65476,0,300,0,0,8,21553,0.0,-107605600.0,0.0,0.0,0.0,0.0,0.0,0.0,0.0,0.0,0.0,0.0,0.0,0.0,0.0,0.0,0.0,0.0,0.0,0.0,0.0,0.0,-2.004,-2.004,2.004,0.0,0.0,0.0,0.0,0.0,4474.0,131350.172,6921.0,0.0,-0.0,-0.0,0.0,0.0,0.0,0.0,0.0,69,0.0,89220.391,0.0,0.0,0.0,0.0,0.0,0.0,0.0,0,0,0,0.0,0.0,0.0,0.0,0.0,0.0,0.0,0.0,0.0,0.0,0.0,0.0,0.0,0.0,0.0,0.0,0,-107875648.0,69,0.0,138,0.0,2.6474893195377515e+23,0,26215,17087,52429,17104,52429,17084,0,0,0,70,68,100,-0.0,82.1,0.0,78.8,-0.0,79.0,1,49,50,180,52429,26215,0,0,0.0,0.0,0.0,0.0,-0.0,67.0,0.0,162057.094,0.0,984,0,1017,0,0,0,957,0,1044,0,944,0,793,0,786,0,823,0,7520,0.032,2.5133688800429264e+20,0.0,0.0,784,16797,-0.0,162057.094,-114818.039,-0.0,0.133,6.909358625270745e+28,30.0,70.0,35,0.0,0.0,0.0,0.0,0.0,0.0,0.0,0.0,0.0,0.0,0.0,0.0,0.0,0.0,0.0,0.0,66.0,0,150,71,52,65476,0,300,0,0,8,20529,65476,0,0,44564,70.0,0.0,0.0,0.0,0.0,0.0
2026-09-10T21:04:22,ERR,ERR,ERR,ERR,ERR,ERR,ERR,ERR,ERR,ERR,ERR,ERR,ERR,ERR,ERR,ERR,ERR,ERR,ERR,ERR,ERR,ERR,ERR,ERR,ERR,ERR,ERR,ERR,ERR,ERR,ERR,ERR,ERR,ERR,ERR,ERR,ERR,ERR,ERR,ERR,ERR,ERR,ERR,ERR,ERR,ERR,ERR,ERR,ERR,ERR,ERR,ERR,ERR,ERR,ERR,ERR,ERR,ERR,ERR,ERR,ERR,ERR,ERR,ERR,ERR,ERR,ERR,ERR,ERR,ERR,ERR,ERR,ERR,ERR,ERR,ERR,ERR,ERR,ERR,ERR,ERR,ERR,ERR,ERR,ERR,ERR,ERR,ERR,ERR,ERR,ERR,ERR,ERR,ERR,ERR,ERR,ERR,ERR,ERR,ERR,ERR,ERR,ERR,ERR,ERR,ERR,ERR,ERR,ERR,ERR,ERR,ERR,ERR,ERR,ERR,ERR,ERR,ERR,ERR,ERR,ERR,ERR,ERR,ERR,ERR,0.0,2.7184303811560617e+23,-100794720.0,0.0,0.0,1.3936040501711995e+18,7.805,0.0,0,0,4,0,7116,0.0,100,0.0,0.0,0.0,0.0,0.0,0,0,0,0,0.0,0,0,0,0,0,0,0,0,0,0,0,0,0,0,0,0,0,0,0,0,0,0,0,0,0,0,0,0,0,0,0,0,0,31,40,40,71,65476,0,300,0,0,8,21553,0.0,-107605600.0,0.0,0.0,0.0,0.0,0.0,0.0,0.0,0.0,0.0,0.0,0.0,0.0,0.0,0.0,0.0,0.0,0.0,0.0,0.0,0.0,-2.004,-2.004,2.004,0.0,0.0,0.0,0.0,0.0,4474.0,1.587926141905068e+29,6926.0,0.0,-0.0,-0.0,0.0,0.0,0.0,0.0,0.0,69,0.0,5.848046968061515e+35,0.0,0.0,0.0,0.0,0.0,0.0,0.0,0,0,0,0.0,0.0,0.0,0.0,0.0,0.0,0.0,0.0,0.0,0.0,0.0,0.0,0.0,0.0,0.0,0.0,0,-107875648.0,69,0.0,138,0.0,2.6474893195377515e+23,0,26215,17087,52429,17104,52429,17084,0,0,0,70,68,100,-0.0,82.1,0.0,78.8,-0.0,79.0,1,49,50,180,52429,26215,0,0,0.0,0.0,0.0,0.0,-0.0,67.0,0.0,162057.094,0.0,984,0,1017,0,0,0,957,0,1044,0,944,0,793,0,786,0,823,0,7520,0.032,2.5133688800429264e+20,0.0,0.0,784,16797,-0.0,162057.094,-114818.039,-0.0,0.133,6.909358625270745e+28,30.0,70.0,35,0.0,0.0,0.0,0.0,0.0,0.0,0.0,0.0,0.0,0.0,0.0,0.0,0.0,0.0,0.0,0.0,66.0,0,150,71,52,65476,0,300,0,0,8,20529,65476,0,0,44564,70.0,0.0,0.0,0.0,0.0,0.0
2026-09-10T21:04:23,ERR,ERR,ERR,ERR,ERR,ERR,ERR,ERR,ERR,ERR,ERR,ERR,ERR,ERR,ERR,ERR,ERR,ERR,ERR,ERR,ERR,ERR,ERR,ERR,ERR,ERR,ERR,ERR,ERR,ERR,ERR,ERR,ERR,ERR,ERR,ERR,ERR,ERR,ERR,ERR,ERR,ERR,ERR,ERR,ERR,ERR,ERR,ERR,ERR,ERR,ERR,ERR,ERR,ERR,ERR,ERR,ERR,ERR,ERR,ERR,ERR,ERR,ERR,ERR,ERR,ERR,ERR,ERR,ERR,ERR,ERR,ERR,ERR,ERR,ERR,ERR,ERR,ERR,ERR,ERR,ERR,ERR,ERR,ERR,ERR,ERR,ERR,ERR,ERR,ERR,ERR,ERR,ERR,ERR,ERR,ERR,ERR,ERR,ERR,ERR,ERR,ERR,ERR,ERR,ERR,ERR,ERR,ERR,ERR,ERR,ERR,ERR,ERR,ERR,ERR,ERR,ERR,ERR,ERR,ERR,ERR,ERR,ERR,ERR,ERR,0.0,2.7184303811560617e+23,-100794720.0,0.0,0.0,1.3936040501711995e+18,7.805,0.0,0,0,4,0,7116,0.0,100,0.0,0.0,0.0,0.0,0.0,0,0,0,0,0.0,0,0,0,0,0,0,0,0,0,0,0,0,0,0,0,0,0,0,0,0,0,0,0,0,0,0,0,0,0,0,0,0,0,31,40,40,71,65476,0,300,0,0,8,21553,0.0,-107605600.0,0.0,0.0,0.0,0.0,0.0,0.0,0.0,0.0,0.0,0.0,0.0,0.0,0.0,0.0,0.0,0.0,0.0,0.0,0.0,0.0,-2.004,-2.004,2.004,0.0,0.0,0.0,0.0,0.0,4474.0,1.587926141905068e+29,6926.0,0.0,-0.0,-0.0,0.0,0.0,0.0,0.0,0.0,69,0.0,5.848046968061515e+35,0.0,0.0,0.0,0.0,0.0,0.0,0.0,0,0,0,0.0,0.0,0.0,0.0,0.0,0.0,0.0,0.0,0.0,0.0,0.0,0.0,0.0,0.0,0.0,0.0,0,-107875648.0,69,0.0,138,0.0,2.6474893195377515e+23,0,26215,17087,52429,17104,52429,17084,0,0,0,70,68,100,-0.0,82.1,0.0,78.8,-0.0,79.0,1,49,50,180,52429,26215,0,0,0.0,0.0,0.0,0.0,-0.0,67.0,0.0,162057.094,0.0,984,0,1017,0,0,0,957,0,1044,0,944,0,793,0,786,0,823,0,7520,0.032,2.5133688800429264e+20,0.0,0.0,784,16797,-0.0,162057.094,-114818.039,-0.0,0.133,6.909358625270745e+28,30.0,70.0,35,0.0,0.0,0.0,0.0,0.0,0.0,0.0,0.0,0.0,0.0,0.0,0.0,0.0,0.0,0.0,0.0,66.0,0,150,71,52,65476,0,300,0,0,8,20529,65476,0,0,44564,70.0,0.0,0.0,0.0,0.0,0.0
2026-09-10T21:04:24,ERR,ERR,ERR,ERR,ERR,ERR,ERR,ERR,ERR,ERR,ERR,ERR,ERR,ERR,ERR,ERR,ERR,ERR,ERR,ERR,ERR,ERR,ERR,ERR,ERR,ERR,ERR,ERR,ERR,ERR,ERR,ERR,ERR,ERR,ERR,ERR,ERR,ERR,ERR,ERR,ERR,ERR,ERR,ERR,ERR,ERR,ERR,ERR,ERR,ERR,ERR,ERR,ERR,ERR,ERR,ERR,ERR,ERR,ERR,ERR,ERR,ERR,ERR,ERR,ERR,ERR,ERR,ERR,ERR,ERR,ERR,ERR,ERR,ERR,ERR,ERR,ERR,ERR,ERR,ERR,ERR,ERR,ERR,ERR,ERR,ERR,ERR,ERR,ERR,ERR,ERR,ERR,ERR,ERR,ERR,ERR,ERR,ERR,ERR,ERR,ERR,ERR,ERR,ERR,ERR,ERR,ERR,ERR,ERR,ERR,ERR,ERR,ERR,ERR,ERR,ERR,ERR,ERR,ERR,ERR,ERR,ERR,ERR,ERR,ERR,0.0,2.7184303811560617e+23,-100794720.0,0.0,0.0,1.3936040501711995e+18,7.805,0.0,0,0,4,0,7116,0.0,100,0.0,0.0,0.0,0.0,0.0,0,0,0,0,0.0,0,0,0,0,0,0,0,0,0,0,0,0,0,0,0,0,0,0,0,0,0,0,0,0,0,0,0,0,0,0,0,0,0,31,40,40,71,65476,0,300,0,0,8,21553,0.0,-107605600.0,0.0,0.0,0.0,0.0,0.0,0.0,0.0,0.0,0.0,0.0,0.0,0.0,0.0,0.0,0.0,0.0,0.0,0.0,0.0,0.0,-2.004,-2.004,2.004,0.0,0.0,0.0,0.0,0.0,4474.0,1.587926141905068e+29,6926.0,0.0,-0.0,-0.0,0.0,0.0,0.0,0.0,0.0,69,0.0,5.848046968061515e+35,0.0,0.0,0.0,0.0,0.0,0.0,0.0,0,0,0,0.0,0.0,0.0,0.0,0.0,0.0,0.0,0.0,0.0,0.0,0.0,0.0,0.0,0.0,0.0,0.0,0,-107875648.0,69,0.0,138,0.0,2.6474893195377515e+23,0,26215,17087,52429,17104,52429,17084,0,0,0,70,68,100,-0.0,82.1,0.0,78.8,-0.0,79.0,1,49,50,180,52429,26215,0,0,0.0,0.0,0.0,0.0,-0.0,67.0,0.0,162057.094,0.0,984,0,1017,0,0,0,957,0,1044,0,944,0,793,0,786,0,823,0,7520,0.032,2.5133688800429264e+20,0.0,0.0,784,16797,-0.0,162057.094,-114818.039,-0.0,0.133,6.909358625270745e+28,30.0,70.0,35,0.0,0.0,0.0,0.0,0.0,0.0,0.0,0.0,0.0,0.0,0.0,0.0,0.0,0.0,0.0,0.0,66.0,0,150,71,52,65476,0,300,0,0,8,20529,65476,0,0,44564,70.0,0.0,0.0,0.0,0.0,0.0
2026-09-10T21:04:25,ERR,ERR,ERR,ERR,ERR,ERR,ERR,ERR,ERR,ERR,ERR,ERR,ERR,ERR,ERR,ERR,ERR,ERR,ERR,ERR,ERR,ERR,ERR,ERR,ERR,ERR,ERR,ERR,ERR,ERR,ERR,ERR,ERR,ERR,ERR,ERR,ERR,ERR,ERR,ERR,ERR,ERR,ERR,ERR,ERR,ERR,ERR,ERR,ERR,ERR,ERR,ERR,ERR,ERR,ERR,ERR,ERR,ERR,ERR,ERR,ERR,ERR,ERR,ERR,ERR,ERR,ERR,ERR,ERR,ERR,ERR,ERR,ERR,ERR,ERR,ERR,ERR,ERR,ERR,ERR,ERR,ERR,ERR,ERR,ERR,ERR,ERR,ERR,ERR,ERR,ERR,ERR,ERR,ERR,ERR,ERR,ERR,ERR,ERR,ERR,ERR,ERR,ERR,ERR,ERR,ERR,ERR,ERR,ERR,ERR,ERR,ERR,ERR,ERR,ERR,ERR,ERR,ERR,ERR,ERR,ERR,ERR,ERR,ERR,ERR,0.0,2.7184303811560617e+23,-100794720.0,0.0,0.0,1.3936040501711995e+18,7.805,0.0,0,0,4,0,7116,0.0,100,0.0,0.0,0.0,0.0,0.0,0,0,0,0,0.0,0,0,0,0,0,0,0,0,0,0,0,0,0,0,0,0,0,0,0,0,0,0,0,0,0,0,0,0,0,0,0,0,0,31,40,40,71,65476,0,300,0,0,8,21553,0.0,-107605600.0,0.0,0.0,0.0,0.0,0.0,0.0,0.0,0.0,0.0,0.0,0.0,0.0,0.0,0.0,0.0,0.0,0.0,0.0,0.0,0.0,-2.004,-2.004,2.004,0.0,0.0,0.0,0.0,0.0,4474.0,1.587926141905068e+29,6926.0,0.0,-0.0,-0.0,0.0,0.0,0.0,0.0,0.0,69,0.0,5.848046968061515e+35,0.0,0.0,0.0,0.0,0.0,0.0,0.0,0,0,0,0.0,0.0,0.0,0.0,0.0,0.0,0.0,0.0,0.0,0.0,0.0,0.0,0.0,0.0,0.0,0.0,0,-107875648.0,69,0.0,138,0.0,2.6474893195377515e+23,0,26215,17087,52429,17104,52429,17084,0,0,0,70,68,100,-0.0,82.1,0.0,78.8,-0.0,79.0,1,49,50,180,52429,26215,0,0,0.0,0.0,0.0,0.0,-0.0,67.0,0.0,162057.094,0.0,984,0,1017,0,0,0,957,0,1044,0,944,0,793,0,786,0,823,0,7520,0.032,2.5133688800429264e+20,0.0,0.0,784,16797,-0.0,162057.094,-114818.039,-0.0,0.133,6.909358625270745e+28,30.0,70.0,35,0.0,0.0,0.0,0.0,0.0,0.0,0.0,0.0,0.0,0.0,0.0,0.0,0.0,0.0,0.0,0.0,66.0,0,150,71,52,65476,0,300,0,0,8,20529,65476,0,0,44564,70.0,0.0,0.0,0.0,0.0,0.0
2026-09-10T21:04:26,ERR,ERR,ERR,ERR,ERR,ERR,ERR,ERR,ERR,ERR,ERR,ERR,ERR,ERR,ERR,ERR,ERR,ERR,ERR,ERR,ERR,ERR,ERR,ERR,ERR,ERR,ERR,ERR,ERR,ERR,ERR,ERR,ERR,ERR,ERR,ERR,ERR,ERR,ERR,ERR,ERR,ERR,ERR,ERR,ERR,ERR,ERR,ERR,ERR,ERR,ERR,ERR,ERR,ERR,ERR,ERR,ERR,ERR,ERR,ERR,ERR,ERR,ERR,ERR,ERR,ERR,ERR,ERR,ERR,ERR,ERR,ERR,ERR,ERR,ERR,ERR,ERR,ERR,ERR,ERR,ERR,ERR,ERR,ERR,ERR,ERR,ERR,ERR,ERR,ERR,ERR,ERR,ERR,ERR,ERR,ERR,ERR,ERR,ERR,ERR,ERR,ERR,ERR,ERR,ERR,ERR,ERR,ERR,ERR,ERR,ERR,ERR,ERR,ERR,ERR,ERR,ERR,ERR,ERR,ERR,ERR,ERR,ERR,ERR,ERR,0.0,2.7184303811560617e+23,-100794720.0,0.0,0.0,1.3936040501711995e+18,7.805,0.0,0,0,4,0,7116,0.0,100,0.0,0.0,0.0,0.0,0.0,0,0,0,0,0.0,0,0,0,0,0,0,0,0,0,0,0,0,0,0,0,0,0,0,0,0,0,0,0,0,0,0,0,0,0,0,0,0,0,31,40,40,71,65476,0,300,0,0,8,21553,0.0,-107605600.0,0.0,0.0,0.0,0.0,0.0,0.0,0.0,0.0,0.0,0.0,0.0,0.0,0.0,0.0,0.0,0.0,0.0,0.0,0.0,0.0,-2.004,-2.004,2.004,0.0,0.0,0.0,0.0,0.0,4474.0,1.587926141905068e+29,6926.0,0.0,-0.0,-0.0,0.0,0.0,0.0,0.0,0.0,69,0.0,5.848046968061515e+35,0.0,0.0,0.0,0.0,0.0,0.0,0.0,0,0,0,0.0,0.0,0.0,0.0,0.0,0.0,0.0,0.0,0.0,0.0,0.0,0.0,0.0,0.0,0.0,0.0,0,-107875648.0,69,0.0,138,0.0,2.6474893195377515e+23,0,26215,17087,52429,17104,52429,17084,0,0,0,70,68,100,-0.0,82.1,0.0,78.8,-0.0,79.0,1,49,50,180,52429,26215,0,0,0.0,0.0,0.0,0.0,-0.0,67.0,0.0,162057.094,0.0,984,0,1017,0,0,0,957,0,1044,0,944,0,793,0,786,0,823,0,7520,0.032,2.5133688800429264e+20,0.0,0.0,784,16797,-0.0,162057.094,-114818.039,-0.0,0.133,6.909358625270745e+28,30.0,70.0,35,0.0,0.0,0.0,0.0,0.0,0.0,0.0,0.0,0.0,0.0,0.0,0.0,0.0,0.0,0.0,0.0,66.0,0,150,71,52,65476,0,300,0,0,8,20529,65476,0,0,44564,70.0,0.0,0.0,0.0,0.0,0.0
2026-09-10T21:04:27,ERR,ERR,ERR,ERR,ERR,ERR,ERR,ERR,ERR,ERR,ERR,ERR,ERR,ERR,ERR,ERR,ERR,ERR,ERR,ERR,ERR,ERR,ERR,ERR,ERR,ERR,ERR,ERR,ERR,ERR,ERR,ERR,ERR,ERR,ERR,ERR,ERR,ERR,ERR,ERR,ERR,ERR,ERR,ERR,ERR,ERR,ERR,ERR,ERR,ERR,ERR,ERR,ERR,ERR,ERR,ERR,ERR,ERR,ERR,ERR,ERR,ERR,ERR,ERR,ERR,ERR,ERR,ERR,ERR,ERR,ERR,ERR,ERR,ERR,ERR,ERR,ERR,ERR,ERR,ERR,ERR,ERR,ERR,ERR,ERR,ERR,ERR,ERR,ERR,ERR,ERR,ERR,ERR,ERR,ERR,ERR,ERR,ERR,ERR,ERR,ERR,ERR,ERR,ERR,ERR,ERR,ERR,ERR,ERR,ERR,ERR,ERR,ERR,ERR,ERR,ERR,ERR,ERR,ERR,ERR,ERR,ERR,ERR,ERR,ERR,0.0,2.7184303811560617e+23,-100794720.0,0.0,0.0,1.3936040501711995e+18,7.805,0.0,0,0,4,0,7116,0.0,100,0.0,0.0,0.0,0.0,0.0,0,0,0,0,0.0,0,0,0,0,0,0,0,0,0,0,0,0,0,0,0,0,0,0,0,0,0,0,0,0,0,0,0,0,0,0,0,0,0,31,40,40,71,65476,0,300,0,0,8,21553,0.0,-107605600.0,0.0,0.0,0.0,0.0,0.0,0.0,0.0,0.0,0.0,0.0,0.0,0.0,0.0,0.0,0.0,0.0,0.0,0.0,0.0,0.0,-2.004,-2.004,2.004,0.0,0.0,0.0,0.0,0.0,4474.0,1.587926141905068e+29,6926.0,0.0,-0.0,-0.0,0.0,0.0,0.0,0.0,0.0,69,0.0,5.848046968061515e+35,0.0,0.0,0.0,0.0,0.0,0.0,0.0,0,0,0,0.0,0.0,0.0,0.0,0.0,0.0,0.0,0.0,0.0,0.0,0.0,0.0,0.0,0.0,0.0,0.0,0,-107875648.0,69,0.0,138,0.0,2.6474893195377515e+23,0,26215,17087,52429,17104,52429,17084,0,0,0,70,68,100,-0.0,82.1,0.0,78.8,-0.0,79.0,1,49,50,180,52429,26215,0,0,0.0,0.0,0.0,0.0,-0.0,67.0,0.0,162057.094,0.0,984,0,1017,0,0,0,957,0,1044,0,944,0,793,0,786,0,823,0,7520,0.032,2.524898095088995e+20,0.0,0.0,784,16797,-0.0,162057.094,-114818.039,-0.0,0.133,6.909358625270745e+28,30.0,70.0,35,0.0,0.0,0.0,0.0,0.0,0.0,0.0,0.0,0.0,0.0,0.0,0.0,0.0,0.0,0.0,0.0,66.4,0,150,71,52,65476,0,300,0,0,8,20529,65476,0,0,44564,70.0,0.0,0.0,0.0,0.0,0.0
2026-09-10T21:04:28,ERR,ERR,ERR,ERR,ERR,ERR,ERR,ERR,ERR,ERR,ERR,ERR,ERR,ERR,ERR,ERR,ERR,ERR,ERR,ERR,ERR,ERR,ERR,ERR,ERR,ERR,ERR,ERR,ERR,ERR,ERR,ERR,ERR,ERR,ERR,ERR,ERR,ERR,ERR,ERR,ERR,ERR,ERR,ERR,ERR,ERR,ERR,ERR,ERR,ERR,ERR,ERR,ERR,ERR,ERR,ERR,ERR,ERR,ERR,ERR,ERR,ERR,ERR,ERR,ERR,ERR,ERR,ERR,ERR,ERR,ERR,ERR,ERR,ERR,ERR,ERR,ERR,ERR,ERR,ERR,ERR,ERR,ERR,ERR,ERR,ERR,ERR,ERR,ERR,ERR,ERR,ERR,ERR,ERR,ERR,ERR,ERR,ERR,ERR,ERR,ERR,ERR,ERR,ERR,ERR,ERR,ERR,ERR,ERR,ERR,ERR,ERR,ERR,ERR,ERR,ERR,ERR,ERR,ERR,ERR,ERR,ERR,ERR,ERR,ERR,0.0,2.7184303811560617e+23,-100794720.0,0.0,0.0,1.3936040501711995e+18,7.805,0.0,0,0,4,0,7116,0.0,100,0.0,0.0,0.0,0.0,0.0,0,0,0,0,0.0,0,0,0,0,0,0,0,0,0,0,0,0,0,0,0,0,0,0,0,0,0,0,0,0,0,0,0,0,0,0,0,0,0,31,40,40,71,65476,0,300,0,0,8,21553,0.0,-107605600.0,0.0,0.0,0.0,0.0,0.0,0.0,0.0,0.0,0.0,0.0,0.0,0.0,0.0,0.0,0.0,0.0,0.0,0.0,0.0,0.0,-2.004,-2.004,2.004,0.0,0.0,0.0,0.0,0.0,4474.0,1.587926141905068e+29,6926.0,0.0,-0.0,-0.0,0.0,0.0,0.0,0.0,0.0,69,0.0,5.848046968061515e+35,0.0,0.0,0.0,0.0,0.0,0.0,0.0,0,0,0,0.0,0.0,0.0,0.0,0.0,0.0,0.0,0.0,0.0,0.0,0.0,0.0,0.0,0.0,0.0,0.0,0,-107875648.0,69,0.0,138,0.0,2.6474893195377515e+23,0,26215,17087,52429,17104,52429,17084,0,0,0,70,68,100,-0.0,82.1,0.0,78.8,-0.0,79.0,1,49,50,180,52429,26215,0,0,0.0,0.0,0.0,0.0,-0.0,67.0,0.0,162057.094,0.0,984,0,1017,0,0,0,957,0,1044,0,944,0,793,0,786,0,823,0,7520,0.032,2.524898095088995e+20,0.0,0.0,784,16797,-0.0,162057.094,-114818.039,-0.0,0.133,6.909358625270745e+28,30.0,70.0,35,0.0,0.0,0.0,0.0,0.0,0.0,0.0,0.0,0.0,0.0,0.0,0.0,0.0,0.0,0.0,0.0,66.4,0,150,71,52,65476,0,300,0,0,8,20529,65476,0,0,44564,70.0,0.0,0.0,0.0,0.0,0.0
2026-09-10T21:04:29,ERR,ERR,ERR,ERR,ERR,ERR,ERR,ERR,ERR,ERR,ERR,ERR,ERR,ERR,ERR,ERR,ERR,ERR,ERR,ERR,ERR,ERR,ERR,ERR,ERR,ERR,ERR,ERR,ERR,ERR,ERR,ERR,ERR,ERR,ERR,ERR,ERR,ERR,ERR,ERR,ERR,ERR,ERR,ERR,ERR,ERR,ERR,ERR,ERR,ERR,ERR,ERR,ERR,ERR,ERR,ERR,ERR,ERR,ERR,ERR,ERR,ERR,ERR,ERR,ERR,ERR,ERR,ERR,ERR,ERR,ERR,ERR,ERR,ERR,ERR,ERR,ERR,ERR,ERR,ERR,ERR,ERR,ERR,ERR,ERR,ERR,ERR,ERR,ERR,ERR,ERR,ERR,ERR,ERR,ERR,ERR,ERR,ERR,ERR,ERR,ERR,ERR,ERR,ERR,ERR,ERR,ERR,ERR,ERR,ERR,ERR,ERR,ERR,ERR,ERR,ERR,ERR,ERR,ERR,ERR,ERR,ERR,ERR,ERR,ERR,0.0,2.7184303811560617e+23,-100794720.0,0.0,0.0,1.3936040501711995e+18,7.805,0.0,0,0,4,0,7116,0.0,100,0.0,0.0,0.0,0.0,0.0,0,0,0,0,0.0,0,0,0,0,0,0,0,0,0,0,0,0,0,0,0,0,0,0,0,0,0,0,0,0,0,0,0,0,0,0,0,0,0,31,40,40,71,65476,0,300,0,0,8,21553,0.0,-107605600.0,0.0,0.0,0.0,0.0,0.0,0.0,0.0,0.0,0.0,0.0,0.0,0.0,0.0,0.0,0.0,0.0,0.0,0.0,0.0,0.0,-2.004,-2.004,2.004,0.0,0.0,0.0,0.0,0.0,4474.0,1.587926141905068e+29,6926.0,0.0,-0.0,-0.0,0.0,0.0,0.0,0.0,0.0,69,0.0,5.848046968061515e+35,0.0,0.0,0.0,0.0,0.0,0.0,0.0,0,0,0,0.0,0.0,0.0,0.0,0.0,0.0,0.0,0.0,0.0,0.0,0.0,0.0,0.0,0.0,0.0,0.0,0,-107875648.0,69,0.0,138,0.0,2.6474893195377515e+23,0,26215,17087,52429,17104,52429,17084,0,0,0,70,68,100,-0.0,82.1,0.0,78.8,-0.0,79.0,1,49,50,180,52429,26215,0,0,0.0,0.0,0.0,0.0,-0.0,67.0,0.0,162057.094,0.0,984,0,1017,0,0,0,957,0,1044,0,944,0,793,0,786,0,823,0,7520,0.032,2.524898095088995e+20,0.0,0.0,784,16797,-0.0,162057.094,-114818.039,-0.0,0.133,6.909358625270745e+28,30.0,70.0,35,0.0,0.0,0.0,0.0,0.0,0.0,0.0,0.0,0.0,0.0,0.0,0.0,0.0,0.0,0.0,0.0,66.0,0,150,71,52,65476,0,300,0,0,8,20529,65476,0,0,44564,70.0,0.0,0.0,0.0,0.0,0.0
2026-09-10T21:04:30,ERR,ERR,ERR,ERR,ERR,ERR,ERR,ERR,ERR,ERR,ERR,ERR,ERR,ERR,ERR,ERR,ERR,ERR,ERR,ERR,ERR,ERR,ERR,ERR,ERR,ERR,ERR,ERR,ERR,ERR,ERR,ERR,ERR,ERR,ERR,ERR,ERR,ERR,ERR,ERR,ERR,ERR,ERR,ERR,ERR,ERR,ERR,ERR,ERR,ERR,ERR,ERR,ERR,ERR,ERR,ERR,ERR,ERR,ERR,ERR,ERR,ERR,ERR,ERR,ERR,ERR,ERR,ERR,ERR,ERR,ERR,ERR,ERR,ERR,ERR,ERR,ERR,ERR,ERR,ERR,ERR,ERR,ERR,ERR,ERR,ERR,ERR,ERR,ERR,ERR,ERR,ERR,ERR,ERR,ERR,ERR,ERR,ERR,ERR,ERR,ERR,ERR,ERR,ERR,ERR,ERR,ERR,ERR,ERR,ERR,ERR,ERR,ERR,ERR,ERR,ERR,ERR,ERR,ERR,ERR,ERR,ERR,ERR,ERR,ERR,0.0,-0.0,0.0,0.0,0.0,1.3936040501711995e+18,7.805,0.0,0,0,4,0,7116,0.0,100,0.0,0.0,0.0,0.0,0.0,0,0,0,0,0.0,0,0,0,0,0,0,0,0,0,0,0,0,0,0,0,0,0,0,0,0,0,0,0,0,0,0,0,0,0,0,0,0,0,31,40,40,71,65476,0,300,0,0,8,21553,0.0,-107605600.0,0.0,0.0,0.0,0.0,0.0,0.0,0.0,0.0,0.0,0.0,0.0,0.0,0.0,0.0,0.0,0.0,0.0,0.0,0.0,0.0,-2.004,-2.004,2.004,0.0,0.0,0.0,0.0,0.0,4478.0,1.587926141905068e+29,6926.0,0.0,2.7184303811560617e+23,-0.0,0.0,0.0,0.0,0.0,0.0,69,0.0,5.848046968061515e+35,0.0,0.0,0.0,0.0,0.0,0.0,0.0,0,0,0,0.0,0.0,0.0,0.0,0.0,0.0,0.0,0.0,0.0,0.0,0.0,0.0,0.0,0.0,0.0,0.0,0,-107875648.0,69,0.0,138,0.0,2.6474893195377515e+23,0,26215,17087,52429,17104,52429,17084,0,0,0,70,68,100,-0.0,82.1,0.0,78.8,-0.0,79.0,1,49,50,180,52429,26215,0,0,0.0,0.0,0.0,0.0,-0.0,67.0,0.0,162057.094,0.0,984,0,1017,0,0,0,957,0,1044,0,944,0,793,0,786,0,823,0,7520,0.032,2.524898095088995e+20,0.0,0.0,784,16797,-0.0,162057.094,-114818.039,-0.0,0.133,6.909358625270745e+28,30.0,70.0,35,0.0,0.0,0.0,0.0,0.0,0.0,0.0,0.0,0.0,0.0,0.0,0.0,0.0,0.0,0.0,0.0,66.0,0,150,71,52,65476,0,300,0,0,8,20529,65476,0,0,44564,70.0,0.0,0.0,0.0,0.0,0.0
2026-09-10T21:04:31,ERR,ERR,ERR,ERR,ERR,ERR,ERR,ERR,ERR,ERR,ERR,ERR,ERR,ERR,ERR,ERR,ERR,ERR,ERR,ERR,ERR,ERR,ERR,ERR,ERR,ERR,ERR,ERR,ERR,ERR,ERR,ERR,ERR,ERR,ERR,ERR,ERR,ERR,ERR,ERR,ERR,ERR,ERR,ERR,ERR,ERR,ERR,ERR,ERR,ERR,ERR,ERR,ERR,ERR,ERR,ERR,ERR,ERR,ERR,ERR,ERR,ERR,ERR,ERR,ERR,ERR,ERR,ERR,ERR,ERR,ERR,ERR,ERR,ERR,ERR,ERR,ERR,ERR,ERR,ERR,ERR,ERR,ERR,ERR,ERR,ERR,ERR,ERR,ERR,ERR,ERR,ERR,ERR,ERR,ERR,ERR,ERR,ERR,ERR,ERR,ERR,ERR,ERR,ERR,ERR,ERR,ERR,ERR,ERR,ERR,ERR,ERR,ERR,ERR,ERR,ERR,ERR,ERR,ERR,ERR,ERR,ERR,ERR,ERR,ERR,0.0,-0.0,0.0,0.0,0.0,1.3936040501711995e+18,7.805,0.0,0,0,4,0,7116,0.0,100,0.0,0.0,0.0,0.0,0.0,0,0,0,0,0.0,0,0,0,0,0,0,0,0,0,0,0,0,0,0,0,0,0,0,0,0,0,0,0,0,0,0,0,0,0,0,0,0,0,31,40,40,71,65476,0,300,0,0,8,21553,0.0,-107605600.0,0.0,0.0,0.0,0.0,0.0,0.0,0.0,0.0,0.0,0.0,0.0,0.0,0.0,0.0,0.0,0.0,0.0,0.0,0.0,0.0,-2.004,-2.004,2.004,0.0,0.0,0.0,0.0,0.0,4478.0,1.587926141905068e+29,6926.0,0.0,2.7184303811560617e+23,-0.0,0.0,0.0,0.0,0.0,0.0,69,0.0,5.848046968061515e+35,0.0,0.0,0.0,0.0,0.0,0.0,0.0,0,0,0,0.0,0.0,0.0,0.0,0.0,0.0,0.0,0.0,0.0,0.0,0.0,0.0,0.0,0.0,0.0,0.0,0,-107875648.0,69,0.0,138,0.0,2.6474893195377515e+23,0,26215,17087,52429,17104,52429,17084,0,0,0,70,68,100,-0.0,82.1,0.0,78.8,-0.0,79.0,1,49,50,180,52429,26215,0,0,0.0,0.0,0.0,0.0,-0.0,67.0,0.0,162057.094,0.0,984,0,1017,0,0,0,957,0,1044,0,944,0,793,0,786,0,823,0,7520,0.032,2.524898095088995e+20,0.0,0.0,784,16797,-0.0,162057.094,-114818.039,-0.0,0.133,6.909358625270745e+28,30.0,70.0,35,0.0,0.0,0.0,0.0,0.0,0.0,0.0,0.0,0.0,0.0,0.0,0.0,0.0,0.0,0.0,0.0,66.0,0,150,71,52,65476,0,300,0,0,8,20529,65476,0,0,44564,70.0,0.0,0.0,0.0,0.0,0.0
2026-09-10T21:04:32,ERR,ERR,ERR,ERR,ERR,ERR,ERR,ERR,ERR,ERR,ERR,ERR,ERR,ERR,ERR,ERR,ERR,ERR,ERR,ERR,ERR,ERR,ERR,ERR,ERR,ERR,ERR,ERR,ERR,ERR,ERR,ERR,ERR,ERR,ERR,ERR,ERR,ERR,ERR,ERR,ERR,ERR,ERR,ERR,ERR,ERR,ERR,ERR,ERR,ERR,ERR,ERR,ERR,ERR,ERR,ERR,ERR,ERR,ERR,ERR,ERR,ERR,ERR,ERR,ERR,ERR,ERR,ERR,ERR,ERR,ERR,ERR,ERR,ERR,ERR,ERR,ERR,ERR,ERR,ERR,ERR,ERR,ERR,ERR,ERR,ERR,ERR,ERR,ERR,ERR,ERR,ERR,ERR,ERR,ERR,ERR,ERR,ERR,ERR,ERR,ERR,ERR,ERR,ERR,ERR,ERR,ERR,ERR,ERR,ERR,ERR,ERR,ERR,ERR,ERR,ERR,ERR,ERR,ERR,ERR,ERR,ERR,ERR,ERR,ERR,0.0,-0.0,0.0,0.0,0.0,1.3936040501711995e+18,7.805,0.0,0,0,4,0,7116,0.0,100,0.0,0.0,0.0,0.0,0.0,0,0,0,0,0.0,0,0,0,0,0,0,0,0,0,0,0,0,0,0,0,0,0,0,0,0,0,0,0,0,0,0,0,0,0,0,0,0,0,31,40,40,71,65476,0,300,0,0,8,21553,0.0,-107605600.0,0.0,0.0,0.0,0.0,0.0,0.0,0.0,0.0,0.0,0.0,0.0,0.0,0.0,0.0,0.0,0.0,0.0,0.0,0.0,0.0,-2.004,-2.004,2.004,0.0,0.0,0.0,0.0,0.0,4478.0,1.587926141905068e+29,6926.0,0.0,2.7184303811560617e+23,-0.0,0.0,0.0,0.0,0.0,0.0,69,0.0,5.848046968061515e+35,0.0,0.0,0.0,0.0,0.0,0.0,0.0,0,0,0,0.0,0.0,0.0,0.0,0.0,0.0,0.0,0.0,0.0,0.0,0.0,0.0,0.0,0.0,0.0,0.0,0,-107875648.0,69,0.0,138,0.0,2.6474893195377515e+23,0,26215,17087,52429,17104,52429,17084,0,0,0,70,68,100,-0.0,82.1,0.0,78.8,-0.0,79.0,1,49,50,180,52429,26215,0,0,0.0,0.0,0.0,0.0,-0.0,67.0,0.0,162057.094,0.0,984,0,1017,0,0,0,957,0,1044,0,944,0,793,0,786,0,823,0,7520,0.032,2.524898095088995e+20,0.0,0.0,784,16797,-0.0,162057.094,-114818.039,-0.0,0.133,6.909358625270745e+28,30.0,70.0,35,0.0,0.0,0.0,0.0,0.0,0.0,0.0,0.0,0.0,0.0,0.0,0.0,0.0,0.0,0.0,0.0,66.4,0,150,71,52,65476,0,300,0,0,8,20529,65476,0,0,44564,70.0,0.0,0.0,0.0,0.0,0.0
2026-09-10T21:04:33,ERR,ERR,ERR,ERR,ERR,ERR,ERR,ERR,ERR,ERR,ERR,ERR,ERR,ERR,ERR,ERR,ERR,ERR,ERR,ERR,ERR,ERR,ERR,ERR,ERR,ERR,ERR,ERR,ERR,ERR,ERR,ERR,ERR,ERR,ERR,ERR,ERR,ERR,ERR,ERR,ERR,ERR,ERR,ERR,ERR,ERR,ERR,ERR,ERR,ERR,ERR,ERR,ERR,ERR,ERR,ERR,ERR,ERR,ERR,ERR,ERR,ERR,ERR,ERR,ERR,ERR,ERR,ERR,ERR,ERR,ERR,ERR,ERR,ERR,ERR,ERR,ERR,ERR,ERR,ERR,ERR,ERR,ERR,ERR,ERR,ERR,ERR,ERR,ERR,ERR,ERR,ERR,ERR,ERR,ERR,ERR,ERR,ERR,ERR,ERR,ERR,ERR,ERR,ERR,ERR,ERR,ERR,ERR,ERR,ERR,ERR,ERR,ERR,ERR,ERR,ERR,ERR,ERR,ERR,ERR,ERR,ERR,ERR,ERR,ERR,0.0,-0.0,0.0,0.0,0.0,1.3936040501711995e+18,7.805,0.0,0,0,4,0,7116,0.0,100,0.0,0.0,0.0,0.0,0.0,0,0,0,0,0.0,0,0,0,0,0,0,0,0,0,0,0,0,0,0,0,0,0,0,0,0,0,0,0,0,0,0,0,0,0,0,0,0,0,31,40,40,71,65476,0,300,0,0,8,21553,0.0,-107605600.0,0.0,0.0,0.0,0.0,0.0,0.0,0.0,0.0,0.0,0.0,0.0,0.0,0.0,0.0,0.0,0.0,0.0,0.0,0.0,0.0,-2.004,-2.004,2.004,0.0,0.0,0.0,0.0,0.0,4478.0,1.587926141905068e+29,6926.0,0.0,2.7184303811560617e+23,-0.0,0.0,0.0,0.0,0.0,0.0,69,0.0,5.848046968061515e+35,0.0,0.0,0.0,0.0,0.0,0.0,0.0,0,0,0,0.0,0.0,0.0,0.0,0.0,0.0,0.0,0.0,0.0,0.0,0.0,0.0,0.0,0.0,0.0,0.0,0,-107875648.0,69,0.0,138,0.0,2.6474893195377515e+23,0,26215,17087,52429,17104,0,17085,0,0,0,70,68,100,-0.0,82.1,0.0,78.8,-0.0,79.0,1,49,50,180,0,26215,0,0,0.0,0.0,0.0,0.0,-0.0,67.0,0.0,162057.094,0.0,985,0,1017,0,0,0,957,0,1044,0,945,0,793,0,786,0,823,0,7520,0.032,2.5133688800429264e+20,0.0,0.0,784,16797,-0.0,162057.094,-114818.039,-0.0,0.133,6.909358625270745e+28,30.0,70.0,35,0.0,0.0,0.0,0.0,0.0,0.0,0.0,0.0,0.0,0.0,0.0,0.0,0.0,0.0,0.0,0.0,66.4,0,150,71,52,65476,0,300,0,0,8,20529,65476,0,0,44564,70.0,0.0,0.0,0.0,0.0,0.0
2026-09-10T21:04:34,ERR,ERR,ERR,ERR,ERR,ERR,ERR,ERR,ERR,ERR,ERR,ERR,ERR,ERR,ERR,ERR,ERR,ERR,ERR,ERR,ERR,ERR,ERR,ERR,ERR,ERR,ERR,ERR,ERR,ERR,ERR,ERR,ERR,ERR,ERR,ERR,ERR,ERR,ERR,ERR,ERR,ERR,ERR,ERR,ERR,ERR,ERR,ERR,ERR,ERR,ERR,ERR,ERR,ERR,ERR,ERR,ERR,ERR,ERR,ERR,ERR,ERR,ERR,ERR,ERR,ERR,ERR,ERR,ERR,ERR,ERR,ERR,ERR,ERR,ERR,ERR,ERR,ERR,ERR,ERR,ERR,ERR,ERR,ERR,ERR,ERR,ERR,ERR,ERR,ERR,ERR,ERR,ERR,ERR,ERR,ERR,ERR,ERR,ERR,ERR,ERR,ERR,ERR,ERR,ERR,ERR,ERR,ERR,ERR,ERR,ERR,ERR,ERR,ERR,ERR,ERR,ERR,ERR,ERR,ERR,ERR,ERR,ERR,ERR,ERR,0.0,-0.0,0.0,0.0,0.0,1.3936040501711995e+18,7.805,0.0,0,0,4,0,7116,0.0,100,0.0,0.0,0.0,0.0,0.0,0,0,0,0,0.0,0,0,0,0,0,0,0,0,0,0,0,0,0,0,0,0,0,0,0,0,0,0,0,0,0,0,0,0,0,0,0,0,0,31,40,40,71,65476,0,300,0,0,8,21553,0.0,-107605600.0,0.0,0.0,0.0,0.0,0.0,0.0,0.0,0.0,0.0,0.0,0.0,0.0,0.0,0.0,0.0,0.0,0.0,0.0,0.0,0.0,-2.004,-2.004,2.004,0.0,0.0,0.0,0.0,0.0,4478.0,1.587926141905068e+29,6926.0,0.0,2.7184303811560617e+23,-0.0,0.0,0.0,0.0,0.0,0.0,69,0.0,5.848046968061515e+35,0.0,0.0,0.0,0.0,0.0,0.0,0.0,0,0,0,0.0,0.0,0.0,0.0,0.0,0.0,0.0,0.0,0.0,0.0,0.0,0.0,0.0,0.0,0.0,0.0,0,-107875648.0,69,0.0,138,0.0,2.6474893195377515e+23,0,26215,17087,52429,17104,0,17085,0,0,0,70,68,100,-0.0,82.1,0.0,78.8,-0.0,79.0,1,49,50,180,0,26215,0,0,0.0,0.0,0.0,0.0,-0.0,67.0,0.0,162057.094,0.0,985,0,1017,0,0,0,957,0,1044,0,945,0,793,0,786,0,823,0,7520,0.032,2.5133688800429264e+20,0.0,0.0,784,16797,-0.0,162057.094,-114818.039,-0.0,0.133,6.909358625270745e+28,30.0,70.0,35,0.0,0.0,0.0,0.0,0.0,0.0,0.0,0.0,0.0,0.0,0.0,0.0,0.0,0.0,0.0,0.0,66.4,0,150,71,52,65476,0,300,0,0,8,20529,65476,0,0,44564,70.0,0.0,0.0,0.0,0.0,0.0
2026-09-10T21:04:35,ERR,ERR,ERR,ERR,ERR,ERR,ERR,ERR,ERR,ERR,ERR,ERR,ERR,ERR,ERR,ERR,ERR,ERR,ERR,ERR,ERR,ERR,ERR,ERR,ERR,ERR,ERR,ERR,ERR,ERR,ERR,ERR,ERR,ERR,ERR,ERR,ERR,ERR,ERR,ERR,ERR,ERR,ERR,ERR,ERR,ERR,ERR,ERR,ERR,ERR,ERR,ERR,ERR,ERR,ERR,ERR,ERR,ERR,ERR,ERR,ERR,ERR,ERR,ERR,ERR,ERR,ERR,ERR,ERR,ERR,ERR,ERR,ERR,ERR,ERR,ERR,ERR,ERR,ERR,ERR,ERR,ERR,ERR,ERR,ERR,ERR,ERR,ERR,ERR,ERR,ERR,ERR,ERR,ERR,ERR,ERR,ERR,ERR,ERR,ERR,ERR,ERR,ERR,ERR,ERR,ERR,ERR,ERR,ERR,ERR,ERR,ERR,ERR,ERR,ERR,ERR,ERR,ERR,ERR,ERR,ERR,ERR,ERR,ERR,ERR,0.0,-0.0,0.0,0.0,0.0,1.3936040501711995e+18,7.805,0.0,0,0,4,0,7116,0.0,100,0.0,0.0,0.0,0.0,0.0,0,0,0,0,0.0,0,0,0,0,0,0,0,0,0,0,0,0,0,0,0,0,0,0,0,0,0,0,0,0,0,0,0,0,0,0,0,0,0,31,40,40,71,65476,0,300,0,0,8,21553,0.0,-107605600.0,0.0,0.0,0.0,0.0,0.0,0.0,0.0,0.0,0.0,0.0,0.0,0.0,0.0,0.0,0.0,0.0,0.0,0.0,0.0,0.0,-2.004,-2.004,2.004,0.0,0.0,0.0,0.0,0.0,4478.0,1.587926141905068e+29,6926.0,0.0,2.7184303811560617e+23,-0.0,0.0,0.0,0.0,0.0,0.0,69,0.0,5.848046968061515e+35,0.0,0.0,0.0,0.0,0.0,0.0,0.0,0,0,0,0.0,0.0,0.0,0.0,0.0,0.0,0.0,0.0,0.0,0.0,0.0,0.0,0.0,0.0,0.0,0.0,0,-107875648.0,69,0.0,138,0.0,2.6474893195377515e+23,0,26215,17087,52429,17104,0,17085,0,0,0,70,68,100,-0.0,82.1,0.0,78.8,-0.0,79.0,1,49,50,180,0,26215,0,0,0.0,0.0,0.0,0.0,-0.0,67.0,0.0,162057.094,0.0,985,0,1017,0,0,0,957,0,1044,0,945,0,793,0,786,0,823,0,7520,0.032,2.5133688800429264e+20,0.0,0.0,784,16797,-0.0,162057.094,-114818.039,-0.0,0.133,6.909358625270745e+28,30.0,70.0,35,0.0,0.0,0.0,0.0,0.0,0.0,0.0,0.0,0.0,0.0,0.0,0.0,0.0,0.0,0.0,0.0,66.0,0,150,71,52,65476,0,300,0,0,8,20529,65476,0,0,44564,70.0,0.0,0.0,0.0,0.0,0.0
2026-09-10T21:04:36,ERR,ERR,ERR,ERR,ERR,ERR,ERR,ERR,ERR,ERR,ERR,ERR,ERR,ERR,ERR,ERR,ERR,ERR,ERR,ERR,ERR,ERR,ERR,ERR,ERR,ERR,ERR,ERR,ERR,ERR,ERR,ERR,ERR,ERR,ERR,ERR,ERR,ERR,ERR,ERR,ERR,ERR,ERR,ERR,ERR,ERR,ERR,ERR,ERR,ERR,ERR,ERR,ERR,ERR,ERR,ERR,ERR,ERR,ERR,ERR,ERR,ERR,ERR,ERR,ERR,ERR,ERR,ERR,ERR,ERR,ERR,ERR,ERR,ERR,ERR,ERR,ERR,ERR,ERR,ERR,ERR,ERR,ERR,ERR,ERR,ERR,ERR,ERR,ERR,ERR,ERR,ERR,ERR,ERR,ERR,ERR,ERR,ERR,ERR,ERR,ERR,ERR,ERR,ERR,ERR,ERR,ERR,ERR,ERR,ERR,ERR,ERR,ERR,ERR,ERR,ERR,ERR,ERR,ERR,ERR,ERR,ERR,ERR,ERR,ERR,0.0,-0.0,0.0,0.0,0.0,1.3936040501711995e+18,7.805,0.0,0,0,4,0,7116,0.0,100,0.0,0.0,0.0,0.0,0.0,0,0,0,0,0.0,0,0,0,0,0,0,0,0,0,0,0,0,0,0,0,0,0,0,0,0,0,0,0,0,0,0,0,0,0,0,0,0,0,31,40,40,71,65476,0,300,0,0,8,21553,0.0,-107605600.0,0.0,0.0,0.0,0.0,0.0,0.0,0.0,0.0,0.0,0.0,0.0,0.0,0.0,0.0,0.0,0.0,0.0,0.0,0.0,0.0,-2.004,-2.004,2.004,0.0,0.0,0.0,0.0,0.0,4478.0,1.587926141905068e+29,6926.0,0.0,2.7184303811560617e+23,-0.0,0.0,0.0,0.0,0.0,0.0,69,0.0,5.848046968061515e+35,0.0,0.0,0.0,0.0,0.0,0.0,0.0,0,0,0,0.0,0.0,0.0,0.0,0.0,0.0,0.0,0.0,0.0,0.0,0.0,0.0,0.0,0.0,0.0,0.0,0,-107875648.0,69,0.0,138,0.0,2.6474893195377515e+23,0,26215,17087,52429,17104,0,17085,0,0,0,70,68,100,-0.0,82.1,0.0,78.8,-0.0,79.0,1,49,50,180,0,26215,0,0,0.0,0.0,0.0,0.0,-0.0,67.0,0.0,162057.094,0.0,985,0,1017,0,0,0,957,0,1044,0,945,0,793,0,786,0,823,0,7520,0.032,2.5133688800429264e+20,0.0,0.0,784,16797,-0.0,162057.094,-114818.039,-0.0,0.133,6.909358625270745e+28,30.0,70.0,35,0.0,0.0,0.0,0.0,0.0,0.0,0.0,0.0,0.0,0.0,0.0,0.0,0.0,0.0,0.0,0.0,66.0,0,150,71,52,65476,0,300,0,0,8,20529,65476,0,0,44564,70.0,0.0,0.0,0.0,0.0,0.0
2026-09-10T21:04:37,ERR,ERR,ERR,ERR,ERR,ERR,ERR,ERR,ERR,ERR,ERR,ERR,ERR,ERR,ERR,ERR,ERR,ERR,ERR,ERR,ERR,ERR,ERR,ERR,ERR,ERR,ERR,ERR,ERR,ERR,ERR,ERR,ERR,ERR,ERR,ERR,ERR,ERR,ERR,ERR,ERR,ERR,ERR,ERR,ERR,ERR,ERR,ERR,ERR,ERR,ERR,ERR,ERR,ERR,ERR,ERR,ERR,ERR,ERR,ERR,ERR,ERR,ERR,ERR,ERR,ERR,ERR,ERR,ERR,ERR,ERR,ERR,ERR,ERR,ERR,ERR,ERR,ERR,ERR,ERR,ERR,ERR,ERR,ERR,ERR,ERR,ERR,ERR,ERR,ERR,ERR,ERR,ERR,ERR,ERR,ERR,ERR,ERR,ERR,ERR,ERR,ERR,ERR,ERR,ERR,ERR,ERR,ERR,ERR,ERR,ERR,ERR,ERR,ERR,ERR,ERR,ERR,ERR,ERR,ERR,ERR,ERR,ERR,ERR,ERR,0.0,-0.0,0.0,0.0,0.0,1.3936040501711995e+18,7.805,0.0,0,0,4,0,7116,0.0,100,0.0,0.0,0.0,0.0,0.0,0,0,0,0,0.0,0,0,0,0,0,0,0,0,0,0,0,0,0,0,0,0,0,0,0,0,0,0,0,0,0,0,0,0,0,0,0,0,0,31,40,40,71,65476,0,300,0,0,8,21553,0.0,-107605600.0,0.0,0.0,0.0,0.0,0.0,0.0,0.0,0.0,0.0,0.0,0.0,0.0,0.0,0.0,0.0,0.0,0.0,0.0,0.0,0.0,-2.004,-2.004,2.004,0.0,0.0,0.0,0.0,0.0,4478.0,1.587926141905068e+29,6926.0,0.0,2.7184303811560617e+23,-0.0,0.0,0.0,0.0,0.0,0.0,69,0.0,5.848046968061515e+35,0.0,0.0,0.0,0.0,0.0,0.0,0.0,0,0,0,0.0,0.0,0.0,0.0,0.0,0.0,0.0,0.0,0.0,0.0,0.0,0.0,0.0,0.0,0.0,0.0,0,-107875648.0,69,0.0,138,0.0,2.6474893195377515e+23,0,26215,17087,52429,17104,0,17085,0,0,0,70,68,100,-0.0,82.1,0.0,78.8,-0.0,79.0,1,49,50,180,0,26215,0,0,0.0,0.0,0.0,0.0,-0.0,67.0,0.0,162057.094,0.0,985,0,1017,0,0,0,957,0,1044,0,945,0,793,0,786,0,823,0,7520,0.032,2.5133688800429264e+20,0.0,0.0,784,16797,-0.0,162057.094,-114818.039,-0.0,0.133,6.909358625270745e+28,30.0,70.0,35,0.0,0.0,0.0,0.0,0.0,0.0,0.0,0.0,0.0,0.0,0.0,0.0,0.0,0.0,0.0,0.0,66.0,0,150,71,52,65476,0,300,0,0,8,20529,65476,0,0,44564,70.0,0.0,0.0,0.0,0.0,0.0
2026-09-10T21:04:38,ERR,ERR,ERR,ERR,ERR,ERR,ERR,ERR,ERR,ERR,ERR,ERR,ERR,ERR,ERR,ERR,ERR,ERR,ERR,ERR,ERR,ERR,ERR,ERR,ERR,ERR,ERR,ERR,ERR,ERR,ERR,ERR,ERR,ERR,ERR,ERR,ERR,ERR,ERR,ERR,ERR,ERR,ERR,ERR,ERR,ERR,ERR,ERR,ERR,ERR,ERR,ERR,ERR,ERR,ERR,ERR,ERR,ERR,ERR,ERR,ERR,ERR,ERR,ERR,ERR,ERR,ERR,ERR,ERR,ERR,ERR,ERR,ERR,ERR,ERR,ERR,ERR,ERR,ERR,ERR,ERR,ERR,ERR,ERR,ERR,ERR,ERR,ERR,ERR,ERR,ERR,ERR,ERR,ERR,ERR,ERR,ERR,ERR,ERR,ERR,ERR,ERR,ERR,ERR,ERR,ERR,ERR,ERR,ERR,ERR,ERR,ERR,ERR,ERR,ERR,ERR,ERR,ERR,ERR,ERR,ERR,ERR,ERR,ERR,ERR,0.0,-0.0,0.0,0.0,0.0,1.3936040501711995e+18,7.805,0.0,0,0,4,0,7116,0.0,100,0.0,0.0,0.0,0.0,0.0,0,0,0,0,0.0,0,0,0,0,0,0,0,0,0,0,0,0,0,0,0,0,0,0,0,0,0,0,0,0,0,0,0,0,0,0,0,0,0,31,40,40,71,65476,0,300,0,0,8,21553,0.0,-107605600.0,0.0,0.0,0.0,0.0,0.0,0.0,0.0,0.0,0.0,0.0,0.0,0.0,0.0,0.0,0.0,0.0,0.0,0.0,0.0,0.0,-0.0,-2.004,2.004,0.0,0.0,0.0,0.0,0.0,4471.0,3.697178656945629e+19,6924.0,0.0,-0.0,-0.0,0.0,0.0,0.0,0.0,0.0,69,-5.8480849975795215e+35,5.848046968061515e+35,0.0,0.0,0.0,0.0,0.0,0.0,0.0,0,0,0,0.0,0.0,0.0,0.0,0.0,0.0,0.0,0.0,0.0,0.0,0.0,0.0,0.0,0.0,0.0,0.0,0,-107875648.0,69,0.0,138,0.0,2.6474893195377515e+23,0,26215,17087,52429,17104,0,17085,0,0,0,70,68,100,-0.0,82.1,0.0,78.8,-0.0,79.0,1,49,50,180,0,26215,0,0,0.0,0.0,0.0,0.0,-0.0,67.0,0.0,162057.094,0.0,985,0,1017,0,0,0,957,0,1044,0,945,0,793,0,786,0,823,0,7520,0.032,2.5133688800429264e+20,0.0,0.0,784,16797,-0.0,162057.094,-114818.039,-0.0,0.133,6.909358625270745e+28,30.0,70.0,35,0.0,0.0,0.0,0.0,0.0,0.0,0.0,0.0,0.0,0.0,0.0,0.0,0.0,0.0,0.0,0.0,66.4,0,150,71,52,65476,0,300,0,0,8,20529,65476,0,0,44564,70.0,0.0,0.0,0.0,0.0,0.0
2026-09-10T21:04:39,ERR,ERR,ERR,ERR,ERR,ERR,ERR,ERR,ERR,ERR,ERR,ERR,ERR,ERR,ERR,ERR,ERR,ERR,ERR,ERR,ERR,ERR,ERR,ERR,ERR,ERR,ERR,ERR,ERR,ERR,ERR,ERR,ERR,ERR,ERR,ERR,ERR,ERR,ERR,ERR,ERR,ERR,ERR,ERR,ERR,ERR,ERR,ERR,ERR,ERR,ERR,ERR,ERR,ERR,ERR,ERR,ERR,ERR,ERR,ERR,ERR,ERR,ERR,ERR,ERR,ERR,ERR,ERR,ERR,ERR,ERR,ERR,ERR,ERR,ERR,ERR,ERR,ERR,ERR,ERR,ERR,ERR,ERR,ERR,ERR,ERR,ERR,ERR,ERR,ERR,ERR,ERR,ERR,ERR,ERR,ERR,ERR,ERR,ERR,ERR,ERR,ERR,ERR,ERR,ERR,ERR,ERR,ERR,ERR,ERR,ERR,ERR,ERR,ERR,ERR,ERR,ERR,ERR,ERR,ERR,ERR,ERR,ERR,ERR,ERR,0.0,-0.0,0.0,0.0,0.0,1.3936040501711995e+18,7.805,0.0,0,0,4,0,7116,0.0,100,0.0,0.0,0.0,0.0,0.0,0,0,0,0,0.0,0,0,0,0,0,0,0,0,0,0,0,0,0,0,0,0,0,0,0,0,0,0,0,0,0,0,0,0,0,0,0,0,0,31,40,40,71,65476,0,300,0,0,8,21553,0.0,-107605600.0,0.0,0.0,0.0,0.0,0.0,0.0,0.0,0.0,0.0,0.0,0.0,0.0,0.0,0.0,0.0,0.0,0.0,0.0,0.0,0.0,-0.0,-2.004,2.004,0.0,0.0,0.0,0.0,0.0,4471.0,3.697178656945629e+19,6924.0,0.0,-0.0,-0.0,0.0,0.0,0.0,0.0,0.0,69,-5.8480849975795215e+35,5.848046968061515e+35,0.0,0.0,0.0,0.0,0.0,0.0,0.0,0,0,0,0.0,0.0,0.0,0.0,0.0,0.0,0.0,0.0,0.0,0.0,0.0,0.0,0.0,0.0,0.0,0.0,0,-107875648.0,69,0.0,138,0.0,2.6474893195377515e+23,0,26215,17087,52429,17104,0,17085,0,0,0,70,68,100,-0.0,82.1,0.0,78.8,-0.0,79.0,1,49,50,180,0,26215,0,0,0.0,0.0,0.0,0.0,-0.0,67.0,0.0,162057.094,0.0,985,0,1017,0,0,0,957,0,1044,0,945,0,793,0,786,0,823,0,7520,0.032,2.5133688800429264e+20,0.0,0.0,784,16797,-0.0,162057.094,-114818.039,-0.0,0.133,6.909358625270745e+28,30.0,70.0,35,0.0,0.0,0.0,0.0,0.0,0.0,0.0,0.0,0.0,0.0,0.0,0.0,0.0,0.0,0.0,0.0,66.4,0,150,71,52,65476,0,300,0,0,8,20529,65476,0,0,44564,70.0,0.0,0.0,0.0,0.0,0.0
2026-09-10T21:04:40,ERR,ERR,ERR,ERR,ERR,ERR,ERR,ERR,ERR,ERR,ERR,ERR,ERR,ERR,ERR,ERR,ERR,ERR,ERR,ERR,ERR,ERR,ERR,ERR,ERR,ERR,ERR,ERR,ERR,ERR,ERR,ERR,ERR,ERR,ERR,ERR,ERR,ERR,ERR,ERR,ERR,ERR,ERR,ERR,ERR,ERR,ERR,ERR,ERR,ERR,ERR,ERR,ERR,ERR,ERR,ERR,ERR,ERR,ERR,ERR,ERR,ERR,ERR,ERR,ERR,ERR,ERR,ERR,ERR,ERR,ERR,ERR,ERR,ERR,ERR,ERR,ERR,ERR,ERR,ERR,ERR,ERR,ERR,ERR,ERR,ERR,ERR,ERR,ERR,ERR,ERR,ERR,ERR,ERR,ERR,ERR,ERR,ERR,ERR,ERR,ERR,ERR,ERR,ERR,ERR,ERR,ERR,ERR,ERR,ERR,ERR,ERR,ERR,ERR,ERR,ERR,ERR,ERR,ERR,ERR,ERR,ERR,ERR,ERR,ERR,0.0,-0.0,0.0,0.0,0.0,1.3936040501711995e+18,7.805,0.0,0,0,4,0,7116,0.0,100,0.0,0.0,0.0,0.0,0.0,0,0,0,0,0.0,0,0,0,0,0,0,0,0,0,0,0,0,0,0,0,0,0,0,0,0,0,0,0,0,0,0,0,0,0,0,0,0,0,31,40,40,71,65476,0,300,0,0,8,21553,0.0,-107605600.0,0.0,0.0,0.0,0.0,0.0,0.0,0.0,0.0,0.0,0.0,0.0,0.0,0.0,0.0,0.0,0.0,0.0,0.0,0.0,0.0,-0.0,-2.004,2.004,0.0,0.0,0.0,0.0,0.0,4471.0,3.697178656945629e+19,6924.0,0.0,-0.0,-0.0,0.0,0.0,0.0,0.0,0.0,69,-5.8480849975795215e+35,5.848046968061515e+35,0.0,0.0,0.0,0.0,0.0,0.0,0.0,0,0,0,0.0,0.0,0.0,0.0,0.0,0.0,0.0,0.0,0.0,0.0,0.0,0.0,0.0,0.0,0.0,0.0,0,-107875648.0,69,0.0,138,0.0,2.6474893195377515e+23,0,26215,17087,52429,17104,0,17085,0,0,0,70,68,100,-0.0,82.1,0.0,78.8,-0.0,79.0,1,49,50,180,0,26215,0,0,0.0,0.0,0.0,0.0,-0.0,67.0,0.0,162057.094,0.0,985,0,1017,0,0,0,957,0,1044,0,945,0,793,0,786,0,823,0,7520,0.032,2.5133688800429264e+20,0.0,0.0,784,16797,-0.0,162057.094,-114818.039,-0.0,0.133,6.909358625270745e+28,30.0,70.0,35,0.0,0.0,0.0,0.0,0.0,0.0,0.0,0.0,0.0,0.0,0.0,0.0,0.0,0.0,0.0,0.0,66.0,0,150,71,52,65476,0,300,0,0,8,20529,65476,0,0,44564,70.0,0.0,0.0,0.0,0.0,0.0
2026-09-10T21:04:41,ERR,ERR,ERR,ERR,ERR,ERR,ERR,ERR,ERR,ERR,ERR,ERR,ERR,ERR,ERR,ERR,ERR,ERR,ERR,ERR,ERR,ERR,ERR,ERR,ERR,ERR,ERR,ERR,ERR,ERR,ERR,ERR,ERR,ERR,ERR,ERR,ERR,ERR,ERR,ERR,ERR,ERR,ERR,ERR,ERR,ERR,ERR,ERR,ERR,ERR,ERR,ERR,ERR,ERR,ERR,ERR,ERR,ERR,ERR,ERR,ERR,ERR,ERR,ERR,ERR,ERR,ERR,ERR,ERR,ERR,ERR,ERR,ERR,ERR,ERR,ERR,ERR,ERR,ERR,ERR,ERR,ERR,ERR,ERR,ERR,ERR,ERR,ERR,ERR,ERR,ERR,ERR,ERR,ERR,ERR,ERR,ERR,ERR,ERR,ERR,ERR,ERR,ERR,ERR,ERR,ERR,ERR,ERR,ERR,ERR,ERR,ERR,ERR,ERR,ERR,ERR,ERR,ERR,ERR,ERR,ERR,ERR,ERR,ERR,ERR,0.0,-0.0,0.0,0.0,0.0,1.3936040501711995e+18,7.805,0.0,0,0,4,0,7116,0.0,100,0.0,0.0,0.0,0.0,0.0,0,0,0,0,0.0,0,0,0,0,0,0,0,0,0,0,0,0,0,0,0,0,0,0,0,0,0,0,0,0,0,0,0,0,0,0,0,0,0,31,40,40,71,65476,0,300,0,0,8,21553,0.0,-107605600.0,0.0,0.0,0.0,0.0,0.0,0.0,0.0,0.0,0.0,0.0,0.0,0.0,0.0,0.0,0.0,0.0,0.0,0.0,0.0,0.0,-0.0,-2.004,2.004,0.0,0.0,0.0,0.0,0.0,4471.0,3.697178656945629e+19,6924.0,0.0,-0.0,-0.0,0.0,0.0,0.0,0.0,0.0,69,-5.8480849975795215e+35,5.848046968061515e+35,0.0,0.0,0.0,0.0,0.0,0.0,0.0,0,0,0,0.0,0.0,0.0,0.0,0.0,0.0,0.0,0.0,0.0,0.0,0.0,0.0,0.0,0.0,0.0,0.0,0,-107875648.0,69,0.0,138,0.0,2.6474893195377515e+23,0,26215,17087,52429,17104,0,17085,0,0,0,70,68,100,-0.0,82.1,0.0,78.8,-0.0,79.0,1,49,50,180,0,26215,0,0,0.0,0.0,0.0,0.0,-0.0,67.0,0.0,162057.094,0.0,985,0,1017,0,0,0,957,0,1044,0,945,0,793,0,786,0,823,0,7520,0.032,2.5133688800429264e+20,0.0,0.0,784,16797,-0.0,162057.094,-114818.039,-0.0,0.133,6.909358625270745e+28,30.0,70.0,35,0.0,0.0,0.0,0.0,0.0,0.0,0.0,0.0,0.0,0.0,0.0,0.0,0.0,0.0,0.0,0.0,66.0,0,150,71,52,65476,0,300,0,0,8,20529,65476,0,0,44564,70.0,0.0,0.0,0.0,0.0,0.0
2026-09-10T21:04:42,ERR,ERR,ERR,ERR,ERR,ERR,ERR,ERR,ERR,ERR,ERR,ERR,ERR,ERR,ERR,ERR,ERR,ERR,ERR,ERR,ERR,ERR,ERR,ERR,ERR,ERR,ERR,ERR,ERR,ERR,ERR,ERR,ERR,ERR,ERR,ERR,ERR,ERR,ERR,ERR,ERR,ERR,ERR,ERR,ERR,ERR,ERR,ERR,ERR,ERR,ERR,ERR,ERR,ERR,ERR,ERR,ERR,ERR,ERR,ERR,ERR,ERR,ERR,ERR,ERR,ERR,ERR,ERR,ERR,ERR,ERR,ERR,ERR,ERR,ERR,ERR,ERR,ERR,ERR,ERR,ERR,ERR,ERR,ERR,ERR,ERR,ERR,ERR,ERR,ERR,ERR,ERR,ERR,ERR,ERR,ERR,ERR,ERR,ERR,ERR,ERR,ERR,ERR,ERR,ERR,ERR,ERR,ERR,ERR,ERR,ERR,ERR,ERR,ERR,ERR,ERR,ERR,ERR,ERR,ERR,ERR,ERR,ERR,ERR,ERR,0.0,-0.0,0.0,0.0,0.0,1.3936040501711995e+18,7.805,0.0,0,0,4,0,7116,0.0,100,0.0,0.0,0.0,0.0,0.0,0,0,0,0,0.0,0,0,0,0,0,0,0,0,0,0,0,0,0,0,0,0,0,0,0,0,0,0,0,0,0,0,0,0,0,0,0,0,0,31,40,40,71,65476,0,300,0,0,8,21553,0.0,-107605600.0,0.0,0.0,0.0,0.0,0.0,0.0,0.0,0.0,0.0,0.0,0.0,0.0,0.0,0.0,0.0,0.0,0.0,0.0,0.0,0.0,-0.0,-2.004,2.004,0.0,0.0,0.0,0.0,0.0,4471.0,3.697178656945629e+19,6924.0,0.0,-0.0,-0.0,0.0,0.0,0.0,0.0,0.0,69,-5.8480849975795215e+35,5.848046968061515e+35,0.0,0.0,0.0,0.0,0.0,0.0,0.0,0,0,0,0.0,0.0,0.0,0.0,0.0,0.0,0.0,0.0,0.0,0.0,0.0,0.0,0.0,0.0,0.0,0.0,0,-107875648.0,69,0.0,138,0.0,2.6474893195377515e+23,0,26215,17087,52429,17104,0,17085,0,0,0,70,68,100,-0.0,82.1,0.0,78.8,-0.0,79.0,1,49,50,180,0,26215,0,0,0.0,0.0,0.0,0.0,-0.0,67.0,0.0,162057.094,0.0,985,0,1017,0,0,0,957,0,1044,0,945,0,793,0,786,0,823,0,7520,0.032,2.5133688800429264e+20,0.0,0.0,784,16797,-0.0,162057.094,-114818.039,-0.0,0.133,6.909358625270745e+28,30.0,70.0,35,0.0,0.0,0.0,0.0,0.0,0.0,0.0,0.0,0.0,0.0,0.0,0.0,0.0,0.0,0.0,0.0,66.0,0,150,71,52,65476,0,300,0,0,8,20529,65476,0,0,44564,70.0,0.0,0.0,0.0,0.0,0.0
2026-09-10T21:04:43,ERR,ERR,ERR,ERR,ERR,ERR,ERR,ERR,ERR,ERR,ERR,ERR,ERR,ERR,ERR,ERR,ERR,ERR,ERR,ERR,ERR,ERR,ERR,ERR,ERR,ERR,ERR,ERR,ERR,ERR,ERR,ERR,ERR,ERR,ERR,ERR,ERR,ERR,ERR,ERR,ERR,ERR,ERR,ERR,ERR,ERR,ERR,ERR,ERR,ERR,ERR,ERR,ERR,ERR,ERR,ERR,ERR,ERR,ERR,ERR,ERR,ERR,ERR,ERR,ERR,ERR,ERR,ERR,ERR,ERR,ERR,ERR,ERR,ERR,ERR,ERR,ERR,ERR,ERR,ERR,ERR,ERR,ERR,ERR,ERR,ERR,ERR,ERR,ERR,ERR,ERR,ERR,ERR,ERR,ERR,ERR,ERR,ERR,ERR,ERR,ERR,ERR,ERR,ERR,ERR,ERR,ERR,ERR,ERR,ERR,ERR,ERR,ERR,ERR,ERR,ERR,ERR,ERR,ERR,ERR,ERR,ERR,ERR,ERR,ERR,0.0,-0.0,0.0,0.0,0.0,1.3936040501711995e+18,7.805,0.0,0,0,4,0,7116,0.0,100,0.0,0.0,0.0,0.0,0.0,0,0,0,0,0.0,0,0,0,0,0,0,0,0,0,0,0,0,0,0,0,0,0,0,0,0,0,0,0,0,0,0,0,0,0,0,0,0,0,31,40,40,71,65476,0,300,0,0,8,21553,0.0,-107605600.0,0.0,0.0,0.0,0.0,0.0,0.0,0.0,0.0,0.0,0.0,0.0,0.0,0.0,0.0,0.0,0.0,0.0,0.0,0.0,0.0,-0.0,-2.004,2.004,0.0,0.0,0.0,0.0,0.0,4471.0,3.697178656945629e+19,6924.0,0.0,-0.0,-0.0,0.0,0.0,0.0,0.0,0.0,69,-5.8480849975795215e+35,5.848046968061515e+35,0.0,0.0,0.0,0.0,0.0,0.0,0.0,0,0,0,0.0,0.0,0.0,0.0,0.0,0.0,0.0,0.0,0.0,0.0,0.0,0.0,0.0,0.0,0.0,0.0,0,-107875648.0,69,0.0,138,0.0,2.6474893195377515e+23,0,26215,17087,52429,17104,0,17085,0,0,0,70,68,100,-0.0,82.1,0.0,78.8,-0.0,79.0,1,49,50,180,0,26215,0,0,0.0,0.0,0.0,0.0,-0.0,67.0,0.0,162057.094,0.0,985,0,1017,0,0,0,957,0,1044,0,945,0,793,0,786,0,823,0,7520,0.032,2.5133688800429264e+20,0.0,0.0,784,16797,-0.0,162057.094,-114818.039,-0.0,0.133,6.909358625270745e+28,30.0,70.0,35,0.0,0.0,0.0,0.0,0.0,0.0,0.0,0.0,0.0,0.0,0.0,0.0,0.0,0.0,0.0,0.0,66.0,0,150,71,52,65476,0,300,0,0,8,20529,65476,0,0,44564,70.0,0.0,0.0,0.0,0.0,0.0
2026-09-10T21:04:44,ERR,ERR,ERR,ERR,ERR,ERR,ERR,ERR,ERR,ERR,ERR,ERR,ERR,ERR,ERR,ERR,ERR,ERR,ERR,ERR,ERR,ERR,ERR,ERR,ERR,ERR,ERR,ERR,ERR,ERR,ERR,ERR,ERR,ERR,ERR,ERR,ERR,ERR,ERR,ERR,ERR,ERR,ERR,ERR,ERR,ERR,ERR,ERR,ERR,ERR,ERR,ERR,ERR,ERR,ERR,ERR,ERR,ERR,ERR,ERR,ERR,ERR,ERR,ERR,ERR,ERR,ERR,ERR,ERR,ERR,ERR,ERR,ERR,ERR,ERR,ERR,ERR,ERR,ERR,ERR,ERR,ERR,ERR,ERR,ERR,ERR,ERR,ERR,ERR,ERR,ERR,ERR,ERR,ERR,ERR,ERR,ERR,ERR,ERR,ERR,ERR,ERR,ERR,ERR,ERR,ERR,ERR,ERR,ERR,ERR,ERR,ERR,ERR,ERR,ERR,ERR,ERR,ERR,ERR,ERR,ERR,ERR,ERR,ERR,ERR,0.0,-0.0,0.0,0.0,0.0,1.3936040501711995e+18,7.805,0.0,0,0,4,0,7116,0.0,100,0.0,0.0,0.0,0.0,0.0,0,0,0,0,0.0,0,0,0,0,0,0,0,0,0,0,0,0,0,0,0,0,0,0,0,0,0,0,0,0,0,0,0,0,0,0,0,0,0,31,40,40,71,65476,0,300,0,0,8,21553,0.0,-107605600.0,0.0,0.0,0.0,0.0,0.0,0.0,0.0,0.0,0.0,0.0,0.0,0.0,0.0,0.0,0.0,0.0,0.0,0.0,0.0,0.0,-0.0,-2.004,2.004,0.0,0.0,0.0,0.0,0.0,4471.0,3.697178656945629e+19,6924.0,0.0,-0.0,-0.0,0.0,0.0,0.0,0.0,0.0,69,-5.8480849975795215e+35,5.848046968061515e+35,0.0,0.0,0.0,0.0,0.0,0.0,0.0,0,0,0,0.0,0.0,0.0,0.0,0.0,0.0,0.0,0.0,0.0,0.0,0.0,0.0,0.0,0.0,0.0,0.0,0,-107875648.0,69,0.0,138,0.0,2.6474893195377515e+23,0,26215,17087,52429,17104,0,17085,0,0,0,70,68,100,-0.0,82.1,0.0,78.8,-0.0,79.0,1,49,50,180,0,26215,0,0,0.0,0.0,0.0,0.0,-0.0,67.0,0.0,162057.094,0.0,985,0,1017,0,0,0,957,0,1044,0,945,0,793,0,786,0,823,0,7520,0.032,2.5133688800429264e+20,0.0,0.0,784,16797,-0.0,162057.094,-114818.039,-0.0,0.133,6.909358625270745e+28,30.0,70.0,35,0.0,0.0,0.0,0.0,0.0,0.0,0.0,0.0,0.0,0.0,0.0,0.0,0.0,0.0,0.0,0.0,66.0,0,150,71,52,65476,0,300,0,0,8,20529,65476,0,0,44564,70.0,0.0,0.0,0.0,0.0,0.0
2026-09-10T21:04:45,ERR,ERR,ERR,ERR,ERR,ERR,ERR,ERR,ERR,ERR,ERR,ERR,ERR,ERR,ERR,ERR,ERR,ERR,ERR,ERR,ERR,ERR,ERR,ERR,ERR,ERR,ERR,ERR,ERR,ERR,ERR,ERR,ERR,ERR,ERR,ERR,ERR,ERR,ERR,ERR,ERR,ERR,ERR,ERR,ERR,ERR,ERR,ERR,ERR,ERR,ERR,ERR,ERR,ERR,ERR,ERR,ERR,ERR,ERR,ERR,ERR,ERR,ERR,ERR,ERR,ERR,ERR,ERR,ERR,ERR,ERR,ERR,ERR,ERR,ERR,ERR,ERR,ERR,ERR,ERR,ERR,ERR,ERR,ERR,ERR,ERR,ERR,ERR,ERR,ERR,ERR,ERR,ERR,ERR,ERR,ERR,ERR,ERR,ERR,ERR,ERR,ERR,ERR,ERR,ERR,ERR,ERR,ERR,ERR,ERR,ERR,ERR,ERR,ERR,ERR,ERR,ERR,ERR,ERR,ERR,ERR,ERR,ERR,ERR,ERR,0.0,-0.0,0.0,0.0,0.0,1.3936040501711995e+18,7.805,0.0,0,0,4,0,7116,0.0,100,0.0,0.0,0.0,0.0,0.0,0,0,0,0,0.0,0,0,0,0,0,0,0,0,0,0,0,0,0,0,0,0,0,0,0,0,0,0,0,0,0,0,0,0,0,0,0,0,0,31,40,40,71,65476,0,300,0,0,8,21553,0.0,-107605600.0,0.0,0.0,0.0,0.0,0.0,0.0,0.0,0.0,0.0,0.0,0.0,0.0,0.0,0.0,0.0,0.0,0.0,0.0,0.0,0.0,-0.0,-2.004,2.004,0.0,0.0,0.0,0.0,0.0,4471.0,3.697178656945629e+19,6924.0,0.0,-0.0,-0.0,0.0,0.0,0.0,0.0,0.0,69,-5.8480849975795215e+35,5.848046968061515e+35,0.0,0.0,0.0,0.0,0.0,0.0,0.0,0,0,0,0.0,0.0,0.0,0.0,0.0,0.0,0.0,0.0,0.0,0.0,0.0,0.0,0.0,0.0,0.0,0.0,0,-107875648.0,69,0.0,138,0.0,2.6474893195377515e+23,0,26215,17087,52429,17104,0,17085,0,0,0,70,68,100,-0.0,82.1,0.0,78.8,-0.0,79.0,1,49,50,180,0,26215,0,0,0.0,0.0,0.0,0.0,-0.0,67.0,0.0,162057.094,0.0,985,0,1017,0,0,0,957,0,1044,0,945,0,793,0,786,0,823,0,7520,0.032,2.524898095088995e+20,0.0,0.0,784,16797,-0.0,162057.094,-114818.039,-0.0,0.133,6.909358625270745e+28,30.0,70.0,35,0.0,0.0,0.0,0.0,0.0,0.0,0.0,0.0,0.0,0.0,0.0,0.0,0.0,0.0,0.0,0.0,66.0,0,150,71,52,65476,0,300,0,0,8,20529,65476,0,0,44564,70.0,0.0,0.0,0.0,0.0,0.0
2026-09-10T21:04:46,ERR,ERR,ERR,ERR,ERR,ERR,ERR,ERR,ERR,ERR,ERR,ERR,ERR,ERR,ERR,ERR,ERR,ERR,ERR,ERR,ERR,ERR,ERR,ERR,ERR,ERR,ERR,ERR,ERR,ERR,ERR,ERR,ERR,ERR,ERR,ERR,ERR,ERR,ERR,ERR,ERR,ERR,ERR,ERR,ERR,ERR,ERR,ERR,ERR,ERR,ERR,ERR,ERR,ERR,ERR,ERR,ERR,ERR,ERR,ERR,ERR,ERR,ERR,ERR,ERR,ERR,ERR,ERR,ERR,ERR,ERR,ERR,ERR,ERR,ERR,ERR,ERR,ERR,ERR,ERR,ERR,ERR,ERR,ERR,ERR,ERR,ERR,ERR,ERR,ERR,ERR,ERR,ERR,ERR,ERR,ERR,ERR,ERR,ERR,ERR,ERR,ERR,ERR,ERR,ERR,ERR,ERR,ERR,ERR,ERR,ERR,ERR,ERR,ERR,ERR,ERR,ERR,ERR,ERR,ERR,ERR,ERR,ERR,ERR,ERR,0.0,-0.0,0.0,0.0,0.0,1.3936040501711995e+18,7.805,0.0,0,0,4,0,7116,0.0,100,0.0,0.0,0.0,0.0,0.0,0,0,0,0,0.0,0,0,0,0,0,0,0,0,0,0,0,0,0,0,0,0,0,0,0,0,0,0,0,0,0,0,0,0,0,0,0,0,0,31,40,40,71,65476,0,300,0,0,8,21553,0.0,-107605600.0,0.0,0.0,0.0,0.0,0.0,0.0,0.0,0.0,0.0,0.0,0.0,0.0,0.0,0.0,0.0,0.0,0.0,0.0,0.0,0.0,-0.0,-2.004,2.004,0.0,0.0,0.0,0.0,0.0,4471.0,3.697178656945629e+19,6924.0,0.0,-0.0,-0.0,0.0,0.0,0.0,0.0,0.0,69,-5.8480849975795215e+35,5.848046968061515e+35,0.0,0.0,0.0,0.0,0.0,0.0,0.0,0,0,0,0.0,0.0,0.0,0.0,0.0,0.0,0.0,0.0,0.0,0.0,0.0,0.0,0.0,0.0,0.0,0.0,0,-107875648.0,69,0.0,138,0.0,2.6474893195377515e+23,0,26215,17087,52429,17104,0,17085,0,0,0,70,68,100,-0.0,82.1,0.0,78.8,-0.0,79.0,1,49,50,180,0,26215,0,0,0.0,0.0,0.0,0.0,-0.0,67.0,0.0,162057.094,0.0,985,0,1017,0,0,0,957,0,1044,0,945,0,793,0,786,0,823,0,7520,0.032,2.524898095088995e+20,0.0,0.0,784,16797,-0.0,162057.094,-114818.039,-0.0,0.133,6.909358625270745e+28,30.0,70.0,35,0.0,0.0,0.0,0.0,0.0,0.0,0.0,0.0,0.0,0.0,0.0,0.0,0.0,0.0,0.0,0.0,66.4,0,150,71,52,65476,0,300,0,0,8,20529,65476,0,0,44564,70.0,0.0,0.0,0.0,0.0,0.0
2026-09-10T21:04:47,ERR,ERR,ERR,ERR,ERR,ERR,ERR,ERR,ERR,ERR,ERR,ERR,ERR,ERR,ERR,ERR,ERR,ERR,ERR,ERR,ERR,ERR,ERR,ERR,ERR,ERR,ERR,ERR,ERR,ERR,ERR,ERR,ERR,ERR,ERR,ERR,ERR,ERR,ERR,ERR,ERR,ERR,ERR,ERR,ERR,ERR,ERR,ERR,ERR,ERR,ERR,ERR,ERR,ERR,ERR,ERR,ERR,ERR,ERR,ERR,ERR,ERR,ERR,ERR,ERR,ERR,ERR,ERR,ERR,ERR,ERR,ERR,ERR,ERR,ERR,ERR,ERR,ERR,ERR,ERR,ERR,ERR,ERR,ERR,ERR,ERR,ERR,ERR,ERR,ERR,ERR,ERR,ERR,ERR,ERR,ERR,ERR,ERR,ERR,ERR,ERR,ERR,ERR,ERR,ERR,ERR,ERR,ERR,ERR,ERR,ERR,ERR,ERR,ERR,ERR,ERR,ERR,ERR,ERR,ERR,ERR,ERR,ERR,ERR,ERR,0.0,-0.0,0.0,0.0,0.0,1.3936040501711995e+18,7.805,0.0,0,0,4,0,7116,0.0,100,0.0,0.0,0.0,0.0,0.0,0,0,0,0,0.0,0,0,0,0,0,0,0,0,0,0,0,0,0,0,0,0,0,0,0,0,0,0,0,0,0,0,0,0,0,0,0,0,0,31,40,40,71,65476,0,300,0,0,8,21553,0.0,-107605600.0,0.0,0.0,0.0,0.0,0.0,0.0,0.0,0.0,0.0,0.0,0.0,0.0,0.0,0.0,0.0,0.0,0.0,0.0,0.0,0.0,-2.004,-0.0,2.004,0.0,0.0,0.0,0.0,0.0,4477.0,1.587926141905068e+29,6926.0,0.0,-0.0,-0.0,0.0,0.0,0.0,0.0,0.0,69,0.0,5.848046968061515e+35,0.0,0.0,0.0,0.0,0.0,0.0,0.0,0,0,0,0.0,0.0,0.0,0.0,0.0,0.0,0.0,0.0,0.0,0.0,0.0,0.0,0.0,0.0,0.0,0.0,0,-107875648.0,69,0.0,138,0.0,2.6474893195377515e+23,0,26215,17087,52429,17104,0,17085,0,0,0,70,68,100,-0.0,82.1,0.0,78.8,-0.0,79.0,1,49,50,180,0,26215,0,0,0.0,0.0,0.0,0.0,-0.0,67.0,0.0,162057.094,0.0,985,0,1017,0,0,0,957,0,1044,0,945,0,793,0,786,0,823,0,7520,0.032,2.524898095088995e+20,0.0,0.0,784,16797,-0.0,162057.094,-114818.039,-0.0,0.133,6.909358625270745e+28,30.0,70.0,35,0.0,0.0,0.0,0.0,0.0,0.0,0.0,0.0,0.0,0.0,0.0,0.0,0.0,0.0,0.0,0.0,66.4,0,150,71,52,65476,0,300,0,0,8,20529,65476,0,0,44564,70.0,0.0,0.0,0.0,0.0,0.0
2026-09-10T21:04:48,ERR,ERR,ERR,ERR,ERR,ERR,ERR,ERR,ERR,ERR,ERR,ERR,ERR,ERR,ERR,ERR,ERR,ERR,ERR,ERR,ERR,ERR,ERR,ERR,ERR,ERR,ERR,ERR,ERR,ERR,ERR,ERR,ERR,ERR,ERR,ERR,ERR,ERR,ERR,ERR,ERR,ERR,ERR,ERR,ERR,ERR,ERR,ERR,ERR,ERR,ERR,ERR,ERR,ERR,ERR,ERR,ERR,ERR,ERR,ERR,ERR,ERR,ERR,ERR,ERR,ERR,ERR,ERR,ERR,ERR,ERR,ERR,ERR,ERR,ERR,ERR,ERR,ERR,ERR,ERR,ERR,ERR,ERR,ERR,ERR,ERR,ERR,ERR,ERR,ERR,ERR,ERR,ERR,ERR,ERR,ERR,ERR,ERR,ERR,ERR,ERR,ERR,ERR,ERR,ERR,ERR,ERR,ERR,ERR,ERR,ERR,ERR,ERR,ERR,ERR,ERR,ERR,ERR,ERR,ERR,ERR,ERR,ERR,ERR,ERR,0.0,-0.0,0.0,0.0,0.0,1.3936040501711995e+18,7.805,0.0,0,0,4,0,7116,0.0,100,0.0,0.0,0.0,0.0,0.0,0,0,0,0,0.0,0,0,0,0,0,0,0,0,0,0,0,0,0,0,0,0,0,0,0,0,0,0,0,0,0,0,0,0,0,0,0,0,0,31,40,40,71,65476,0,300,0,0,8,21553,0.0,-107605600.0,0.0,0.0,0.0,0.0,0.0,0.0,0.0,0.0,0.0,0.0,0.0,0.0,0.0,0.0,0.0,0.0,0.0,0.0,0.0,0.0,-2.004,-0.0,2.004,0.0,0.0,0.0,0.0,0.0,4477.0,1.587926141905068e+29,6926.0,0.0,-0.0,-0.0,0.0,0.0,0.0,0.0,0.0,69,0.0,5.848046968061515e+35,0.0,0.0,0.0,0.0,0.0,0.0,0.0,0,0,0,0.0,0.0,0.0,0.0,0.0,0.0,0.0,0.0,0.0,0.0,0.0,0.0,0.0,0.0,0.0,0.0,0,-107875648.0,69,0.0,138,0.0,2.6474893195377515e+23,0,26215,17087,52429,17104,0,17085,0,0,0,70,68,100,-0.0,82.1,0.0,78.8,-0.0,79.0,1,49,50,180,0,26215,0,0,0.0,0.0,0.0,0.0,-0.0,67.0,0.0,162057.094,0.0,985,0,1017,0,0,0,957,0,1044,0,945,0,793,0,786,0,823,0,7520,0.032,2.524898095088995e+20,0.0,0.0,784,16797,-0.0,162057.094,-114818.039,-0.0,0.133,6.909358625270745e+28,30.0,70.0,35,0.0,0.0,0.0,0.0,0.0,0.0,0.0,0.0,0.0,0.0,0.0,0.0,0.0,0.0,0.0,0.0,66.4,0,150,71,52,65476,0,300,0,0,8,20529,65476,0,0,44564,70.0,0.0,0.0,0.0,0.0,0.0
2026-09-10T21:04:49,ERR,ERR,ERR,ERR,ERR,ERR,ERR,ERR,ERR,ERR,ERR,ERR,ERR,ERR,ERR,ERR,ERR,ERR,ERR,ERR,ERR,ERR,ERR,ERR,ERR,ERR,ERR,ERR,ERR,ERR,ERR,ERR,ERR,ERR,ERR,ERR,ERR,ERR,ERR,ERR,ERR,ERR,ERR,ERR,ERR,ERR,ERR,ERR,ERR,ERR,ERR,ERR,ERR,ERR,ERR,ERR,ERR,ERR,ERR,ERR,ERR,ERR,ERR,ERR,ERR,ERR,ERR,ERR,ERR,ERR,ERR,ERR,ERR,ERR,ERR,ERR,ERR,ERR,ERR,ERR,ERR,ERR,ERR,ERR,ERR,ERR,ERR,ERR,ERR,ERR,ERR,ERR,ERR,ERR,ERR,ERR,ERR,ERR,ERR,ERR,ERR,ERR,ERR,ERR,ERR,ERR,ERR,ERR,ERR,ERR,ERR,ERR,ERR,ERR,ERR,ERR,ERR,ERR,ERR,ERR,ERR,ERR,ERR,ERR,ERR,0.0,-0.0,0.0,0.0,0.0,1.3936040501711995e+18,7.805,0.0,0,0,4,0,7116,0.0,100,0.0,0.0,0.0,0.0,0.0,0,0,0,0,0.0,0,0,0,0,0,0,0,0,0,0,0,0,0,0,0,0,0,0,0,0,0,0,0,0,0,0,0,0,0,0,0,0,0,31,40,40,71,65476,0,300,0,0,8,21553,0.0,-107605600.0,0.0,0.0,0.0,0.0,0.0,0.0,0.0,0.0,0.0,0.0,0.0,0.0,0.0,0.0,0.0,0.0,0.0,0.0,0.0,0.0,-2.004,-0.0,2.004,0.0,0.0,0.0,0.0,0.0,4477.0,1.587926141905068e+29,6926.0,0.0,-0.0,-0.0,0.0,0.0,0.0,0.0,0.0,69,0.0,5.848046968061515e+35,0.0,0.0,0.0,0.0,0.0,0.0,0.0,0,0,0,0.0,0.0,0.0,0.0,0.0,0.0,0.0,0.0,0.0,0.0,0.0,0.0,0.0,0.0,0.0,0.0,0,-107875648.0,69,0.0,138,0.0,2.6474893195377515e+23,0,26215,17087,52429,17104,0,17085,0,0,0,70,68,100,-0.0,82.1,0.0,78.8,-0.0,79.0,1,49,50,180,0,26215,0,0,0.0,0.0,0.0,0.0,-0.0,67.0,0.0,162057.094,0.0,985,0,1017,0,0,0,957,0,1044,0,944,0,793,0,786,0,823,0,7520,0.032,2.5133688800429264e+20,0.0,0.0,784,16797,-0.0,162057.094,-114818.039,-0.0,0.133,6.909358625270745e+28,30.0,70.0,35,0.0,0.0,0.0,0.0,0.0,0.0,0.0,0.0,0.0,0.0,0.0,0.0,0.0,0.0,0.0,0.0,66.4,0,150,71,52,65476,0,300,0,0,8,20529,65476,0,0,44564,70.0,0.0,0.0,0.0,0.0,0.0
2026-09-10T21:04:50,ERR,ERR,ERR,ERR,ERR,ERR,ERR,ERR,ERR,ERR,ERR,ERR,ERR,ERR,ERR,ERR,ERR,ERR,ERR,ERR,ERR,ERR,ERR,ERR,ERR,ERR,ERR,ERR,ERR,ERR,ERR,ERR,ERR,ERR,ERR,ERR,ERR,ERR,ERR,ERR,ERR,ERR,ERR,ERR,ERR,ERR,ERR,ERR,ERR,ERR,ERR,ERR,ERR,ERR,ERR,ERR,ERR,ERR,ERR,ERR,ERR,ERR,ERR,ERR,ERR,ERR,ERR,ERR,ERR,ERR,ERR,ERR,ERR,ERR,ERR,ERR,ERR,ERR,ERR,ERR,ERR,ERR,ERR,ERR,ERR,ERR,ERR,ERR,ERR,ERR,ERR,ERR,ERR,ERR,ERR,ERR,ERR,ERR,ERR,ERR,ERR,ERR,ERR,ERR,ERR,ERR,ERR,ERR,ERR,ERR,ERR,ERR,ERR,ERR,ERR,ERR,ERR,ERR,ERR,ERR,ERR,ERR,ERR,ERR,ERR,0.0,-0.0,0.0,0.0,0.0,1.3936040501711995e+18,7.805,0.0,0,0,4,0,7116,0.0,100,0.0,0.0,0.0,0.0,0.0,0,0,0,0,0.0,0,0,0,0,0,0,0,0,0,0,0,0,0,0,0,0,0,0,0,0,0,0,0,0,0,0,0,0,0,0,0,0,0,31,40,40,71,65476,0,300,0,0,8,21553,0.0,-107605600.0,0.0,0.0,0.0,0.0,0.0,0.0,0.0,0.0,0.0,0.0,0.0,0.0,0.0,0.0,0.0,0.0,0.0,0.0,0.0,0.0,-2.004,-0.0,2.004,0.0,0.0,0.0,0.0,0.0,4477.0,1.587926141905068e+29,6926.0,0.0,-0.0,-0.0,0.0,0.0,0.0,0.0,0.0,69,0.0,5.848046968061515e+35,0.0,0.0,0.0,0.0,0.0,0.0,0.0,0,0,0,0.0,0.0,0.0,0.0,0.0,0.0,0.0,0.0,0.0,0.0,0.0,0.0,0.0,0.0,0.0,0.0,0,-107875648.0,69,0.0,138,0.0,2.6474893195377515e+23,0,26215,17087,52429,17104,0,17085,0,0,0,70,68,100,-0.0,82.1,0.0,78.8,-0.0,79.0,1,49,50,180,0,26215,0,0,0.0,0.0,0.0,0.0,-0.0,67.0,0.0,162057.094,0.0,985,0,1017,0,0,0,957,0,1044,0,944,0,793,0,786,0,823,0,7520,0.032,2.5133688800429264e+20,0.0,0.0,784,16797,-0.0,162057.094,-114818.039,-0.0,0.133,6.909358625270745e+28,30.0,70.0,35,0.0,0.0,0.0,0.0,0.0,0.0,0.0,0.0,0.0,0.0,0.0,0.0,0.0,0.0,0.0,0.0,66.0,0,150,71,52,65476,0,300,0,0,8,20529,65476,0,0,44564,70.0,0.0,0.0,0.0,0.0,0.0
2026-09-10T21:04:51,ERR,ERR,ERR,ERR,ERR,ERR,ERR,ERR,ERR,ERR,ERR,ERR,ERR,ERR,ERR,ERR,ERR,ERR,ERR,ERR,ERR,ERR,ERR,ERR,ERR,ERR,ERR,ERR,ERR,ERR,ERR,ERR,ERR,ERR,ERR,ERR,ERR,ERR,ERR,ERR,ERR,ERR,ERR,ERR,ERR,ERR,ERR,ERR,ERR,ERR,ERR,ERR,ERR,ERR,ERR,ERR,ERR,ERR,ERR,ERR,ERR,ERR,ERR,ERR,ERR,ERR,ERR,ERR,ERR,ERR,ERR,ERR,ERR,ERR,ERR,ERR,ERR,ERR,ERR,ERR,ERR,ERR,ERR,ERR,ERR,ERR,ERR,ERR,ERR,ERR,ERR,ERR,ERR,ERR,ERR,ERR,ERR,ERR,ERR,ERR,ERR,ERR,ERR,ERR,ERR,ERR,ERR,ERR,ERR,ERR,ERR,ERR,ERR,ERR,ERR,ERR,ERR,ERR,ERR,ERR,ERR,ERR,ERR,ERR,ERR,0.0,-0.0,0.0,0.0,0.0,1.3936040501711995e+18,7.805,0.0,0,0,4,0,7116,0.0,100,0.0,0.0,0.0,0.0,0.0,0,0,0,0,0.0,0,0,0,0,0,0,0,0,0,0,0,0,0,0,0,0,0,0,0,0,0,0,0,0,0,0,0,0,0,0,0,0,0,31,40,40,71,65476,0,300,0,0,8,21553,0.0,-107605600.0,0.0,0.0,0.0,0.0,0.0,0.0,0.0,0.0,0.0,0.0,0.0,0.0,0.0,0.0,0.0,0.0,0.0,0.0,0.0,0.0,-2.004,-0.0,2.004,0.0,0.0,0.0,0.0,0.0,4477.0,1.587926141905068e+29,6926.0,0.0,-0.0,-0.0,0.0,0.0,0.0,0.0,0.0,69,0.0,5.848046968061515e+35,0.0,0.0,0.0,0.0,0.0,0.0,0.0,0,0,0,0.0,0.0,0.0,0.0,0.0,0.0,0.0,0.0,0.0,0.0,0.0,0.0,0.0,0.0,0.0,0.0,0,-107875648.0,69,0.0,138,0.0,2.6474893195377515e+23,0,26215,17087,52429,17104,0,17085,0,0,0,70,68,100,-0.0,82.1,0.0,78.8,-0.0,79.0,1,49,50,180,0,26215,0,0,0.0,0.0,0.0,0.0,-0.0,67.0,0.0,162057.094,0.0,985,0,1017,0,0,0,957,0,1044,0,944,0,793,0,786,0,823,0,7520,0.032,2.5133688800429264e+20,0.0,0.0,784,16797,-0.0,162057.094,-114818.039,-0.0,0.133,6.909358625270745e+28,30.0,70.0,35,0.0,0.0,0.0,0.0,0.0,0.0,0.0,0.0,0.0,0.0,0.0,0.0,0.0,0.0,0.0,0.0,66.0,0,150,71,52,65476,0,300,0,0,8,20529,65476,0,0,44564,70.0,0.0,0.0,0.0,0.0,0.0
2026-09-10T21:04:52,ERR,ERR,ERR,ERR,ERR,ERR,ERR,ERR,ERR,ERR,ERR,ERR,ERR,ERR,ERR,ERR,ERR,ERR,ERR,ERR,ERR,ERR,ERR,ERR,ERR,ERR,ERR,ERR,ERR,ERR,ERR,ERR,ERR,ERR,ERR,ERR,ERR,ERR,ERR,ERR,ERR,ERR,ERR,ERR,ERR,ERR,ERR,ERR,ERR,ERR,ERR,ERR,ERR,ERR,ERR,ERR,ERR,ERR,ERR,ERR,ERR,ERR,ERR,ERR,ERR,ERR,ERR,ERR,ERR,ERR,ERR,ERR,ERR,ERR,ERR,ERR,ERR,ERR,ERR,ERR,ERR,ERR,ERR,ERR,ERR,ERR,ERR,ERR,ERR,ERR,ERR,ERR,ERR,ERR,ERR,ERR,ERR,ERR,ERR,ERR,ERR,ERR,ERR,ERR,ERR,ERR,ERR,ERR,ERR,ERR,ERR,ERR,ERR,ERR,ERR,ERR,ERR,ERR,ERR,ERR,ERR,ERR,ERR,ERR,ERR,0.0,-0.0,0.0,0.0,0.0,1.3936040501711995e+18,7.805,0.0,0,0,4,0,7116,0.0,100,0.0,0.0,0.0,0.0,0.0,0,0,0,0,0.0,0,0,0,0,0,0,0,0,0,0,0,0,0,0,0,0,0,0,0,0,0,0,0,0,0,0,0,0,0,0,0,0,0,31,40,40,71,65476,0,300,0,0,8,21553,0.0,-107605600.0,0.0,0.0,0.0,0.0,0.0,0.0,0.0,0.0,0.0,0.0,0.0,0.0,0.0,0.0,0.0,0.0,0.0,0.0,0.0,0.0,-2.004,-2.004,2.004,0.0,0.0,0.0,0.0,0.0,4470.0,131350.172,6921.0,0.0,-0.0,-0.0,0.0,0.0,0.0,0.0,0.0,69,0.0,1.9056821431959552e+17,0.0,0.0,0.0,0.0,0.0,0.0,0.0,0,0,0,0.0,0.0,0.0,0.0,0.0,0.0,0.0,0.0,0.0,0.0,0.0,0.0,0.0,0.0,0.0,0.0,0,-107875648.0,69,0.0,138,0.0,2.6474893195377515e+23,0,26215,17087,52429,17104,0,17085,0,0,0,70,68,100,-0.0,82.1,0.0,78.8,-0.0,79.0,1,49,50,180,0,26215,0,0,0.0,0.0,0.0,0.0,-0.0,67.0,0.0,162057.094,0.0,985,0,1017,0,0,0,957,0,1044,0,944,0,793,0,786,0,823,0,7520,0.032,2.5133688800429264e+20,0.0,0.0,784,16797,-0.0,162057.094,-114818.039,-0.0,0.133,6.909358625270745e+28,30.0,70.0,35,0.0,0.0,0.0,0.0,0.0,0.0,0.0,0.0,0.0,0.0,0.0,0.0,0.0,0.0,0.0,0.0,66.0,0,150,71,52,65476,0,300,0,0,8,20529,65476,0,0,44564,70.0,0.0,0.0,0.0,0.0,0.0
2026-09-10T21:04:53,ERR,ERR,ERR,ERR,ERR,ERR,ERR,ERR,ERR,ERR,ERR,ERR,ERR,ERR,ERR,ERR,ERR,ERR,ERR,ERR,ERR,ERR,ERR,ERR,ERR,ERR,ERR,ERR,ERR,ERR,ERR,ERR,ERR,ERR,ERR,ERR,ERR,ERR,ERR,ERR,ERR,ERR,ERR,ERR,ERR,ERR,ERR,ERR,ERR,ERR,ERR,ERR,ERR,ERR,ERR,ERR,ERR,ERR,ERR,ERR,ERR,ERR,ERR,ERR,ERR,ERR,ERR,ERR,ERR,ERR,ERR,ERR,ERR,ERR,ERR,ERR,ERR,ERR,ERR,ERR,ERR,ERR,ERR,ERR,ERR,ERR,ERR,ERR,ERR,ERR,ERR,ERR,ERR,ERR,ERR,ERR,ERR,ERR,ERR,ERR,ERR,ERR,ERR,ERR,ERR,ERR,ERR,ERR,ERR,ERR,ERR,ERR,ERR,ERR,ERR,ERR,ERR,ERR,ERR,ERR,ERR,ERR,ERR,ERR,ERR,0.0,-0.0,0.0,0.0,0.0,1.3936040501711995e+18,7.805,0.0,0,0,4,0,7116,0.0,100,0.0,0.0,0.0,0.0,0.0,0,0,0,0,0.0,0,0,0,0,0,0,0,0,0,0,0,0,0,0,0,0,0,0,0,0,0,0,0,0,0,0,0,0,0,0,0,0,0,31,40,40,71,65476,0,300,0,0,8,21553,0.0,-107605600.0,0.0,0.0,0.0,0.0,0.0,0.0,0.0,0.0,0.0,0.0,0.0,0.0,0.0,0.0,0.0,0.0,0.0,0.0,0.0,0.0,-2.004,-2.004,2.004,0.0,0.0,0.0,0.0,0.0,4470.0,131350.172,6921.0,0.0,-0.0,-0.0,0.0,0.0,0.0,0.0,0.0,69,0.0,1.9056821431959552e+17,0.0,0.0,0.0,0.0,0.0,0.0,0.0,0,0,0,0.0,0.0,0.0,0.0,0.0,0.0,0.0,0.0,0.0,0.0,0.0,0.0,0.0,0.0,0.0,0.0,0,-107875648.0,69,0.0,138,0.0,2.6474893195377515e+23,0,26215,17087,52429,17104,0,17085,0,0,0,70,68,100,-0.0,82.1,0.0,78.8,-0.0,79.0,1,49,50,180,0,26215,0,0,0.0,0.0,0.0,0.0,-0.0,67.0,0.0,162057.094,0.0,985,0,1017,0,0,0,957,0,1044,0,944,0,793,0,786,0,823,0,7520,0.032,2.5133688800429264e+20,0.0,0.0,784,16797,-0.0,162057.094,-114818.039,-0.0,0.133,6.909358625270745e+28,30.0,70.0,35,0.0,0.0,0.0,0.0,0.0,0.0,0.0,0.0,0.0,0.0,0.0,0.0,0.0,0.0,0.0,0.0,66.0,0,150,71,52,65476,0,300,0,0,8,20529,65476,0,0,44564,70.0,0.0,0.0,0.0,0.0,0.0
2026-09-10T21:04:54,ERR,ERR,ERR,ERR,ERR,ERR,ERR,ERR,ERR,ERR,ERR,ERR,ERR,ERR,ERR,ERR,ERR,ERR,ERR,ERR,ERR,ERR,ERR,ERR,ERR,ERR,ERR,ERR,ERR,ERR,ERR,ERR,ERR,ERR,ERR,ERR,ERR,ERR,ERR,ERR,ERR,ERR,ERR,ERR,ERR,ERR,ERR,ERR,ERR,ERR,ERR,ERR,ERR,ERR,ERR,ERR,ERR,ERR,ERR,ERR,ERR,ERR,ERR,ERR,ERR,ERR,ERR,ERR,ERR,ERR,ERR,ERR,ERR,ERR,ERR,ERR,ERR,ERR,ERR,ERR,ERR,ERR,ERR,ERR,ERR,ERR,ERR,ERR,ERR,ERR,ERR,ERR,ERR,ERR,ERR,ERR,ERR,ERR,ERR,ERR,ERR,ERR,ERR,ERR,ERR,ERR,ERR,ERR,ERR,ERR,ERR,ERR,ERR,ERR,ERR,ERR,ERR,ERR,ERR,ERR,ERR,ERR,ERR,ERR,ERR,0.0,-0.0,0.0,0.0,0.0,1.3936040501711995e+18,7.805,0.0,0,0,4,0,7116,0.0,100,0.0,0.0,0.0,0.0,0.0,0,0,0,0,0.0,0,0,0,0,0,0,0,0,0,0,0,0,0,0,0,0,0,0,0,0,0,0,0,0,0,0,0,0,0,0,0,0,0,31,40,40,71,65476,0,300,0,0,8,21553,0.0,-107605600.0,0.0,0.0,0.0,0.0,0.0,0.0,0.0,0.0,0.0,0.0,0.0,0.0,0.0,0.0,0.0,0.0,0.0,0.0,0.0,0.0,-2.004,-2.004,2.004,0.0,0.0,0.0,0.0,0.0,4470.0,131350.172,6921.0,0.0,-0.0,-0.0,0.0,0.0,0.0,0.0,0.0,69,0.0,1.9056821431959552e+17,0.0,0.0,0.0,0.0,0.0,0.0,0.0,0,0,0,0.0,0.0,0.0,0.0,0.0,0.0,0.0,0.0,0.0,0.0,0.0,0.0,0.0,0.0,0.0,0.0,0,-107875648.0,69,0.0,138,0.0,2.6474893195377515e+23,0,26215,17087,52429,17104,52429,17084,0,0,0,70,68,100,-0.0,82.1,0.0,78.8,-0.0,79.0,1,49,50,180,0,26215,0,0,0.0,0.0,0.0,0.0,-0.0,67.0,0.0,162057.094,0.0,985,0,1017,0,0,0,957,0,1044,0,944,0,793,0,786,0,823,0,7520,0.032,2.501839664996858e+20,0.0,0.0,784,16797,-0.0,162057.094,-114818.039,-0.0,0.133,6.909358625270745e+28,30.0,70.0,35,0.0,0.0,0.0,0.0,0.0,0.0,0.0,0.0,0.0,0.0,0.0,0.0,0.0,0.0,0.0,0.0,66.0,0,150,71,52,65476,0,300,0,0,8,20529,65476,0,0,44564,70.0,0.0,0.0,0.0,0.0,0.0
2026-09-10T21:04:55,ERR,ERR,ERR,ERR,ERR,ERR,ERR,ERR,ERR,ERR,ERR,ERR,ERR,ERR,ERR,ERR,ERR,ERR,ERR,ERR,ERR,ERR,ERR,ERR,ERR,ERR,ERR,ERR,ERR,ERR,ERR,ERR,ERR,ERR,ERR,ERR,ERR,ERR,ERR,ERR,ERR,ERR,ERR,ERR,ERR,ERR,ERR,ERR,ERR,ERR,ERR,ERR,ERR,ERR,ERR,ERR,ERR,ERR,ERR,ERR,ERR,ERR,ERR,ERR,ERR,ERR,ERR,ERR,ERR,ERR,ERR,ERR,ERR,ERR,ERR,ERR,ERR,ERR,ERR,ERR,ERR,ERR,ERR,ERR,ERR,ERR,ERR,ERR,ERR,ERR,ERR,ERR,ERR,ERR,ERR,ERR,ERR,ERR,ERR,ERR,ERR,ERR,ERR,ERR,ERR,ERR,ERR,ERR,ERR,ERR,ERR,ERR,ERR,ERR,ERR,ERR,ERR,ERR,ERR,ERR,ERR,ERR,ERR,ERR,ERR,0.0,-0.0,0.0,0.0,0.0,1.3936040501711995e+18,7.805,0.0,0,0,4,0,7116,0.0,100,0.0,0.0,0.0,0.0,0.0,0,0,0,0,0.0,0,0,0,0,0,0,0,0,0,0,0,0,0,0,0,0,0,0,0,0,0,0,0,0,0,0,0,0,0,0,0,0,0,31,40,40,71,65476,0,300,0,0,8,21553,0.0,-107605600.0,0.0,0.0,0.0,0.0,0.0,0.0,0.0,0.0,0.0,0.0,0.0,0.0,0.0,0.0,0.0,0.0,0.0,0.0,0.0,0.0,-2.004,-2.004,2.004,0.0,0.0,0.0,0.0,0.0,4470.0,131350.172,6921.0,0.0,-0.0,-0.0,0.0,0.0,0.0,0.0,0.0,69,0.0,1.9056821431959552e+17,0.0,0.0,0.0,0.0,0.0,0.0,0.0,0,0,0,0.0,0.0,0.0,0.0,0.0,0.0,0.0,0.0,0.0,0.0,0.0,0.0,0.0,0.0,0.0,0.0,0,-107875648.0,69,0.0,138,0.0,2.6474893195377515e+23,0,26215,17087,52429,17104,52429,17084,0,0,0,70,68,100,-0.0,82.1,0.0,78.8,-0.0,79.0,1,49,50,180,0,26215,0,0,0.0,0.0,0.0,0.0,-0.0,67.0,0.0,162057.094,0.0,985,0,1017,0,0,0,957,0,1044,0,944,0,793,0,786,0,823,0,7520,0.032,2.501839664996858e+20,0.0,0.0,784,16797,-0.0,162057.094,-114818.039,-0.0,0.133,6.909358625270745e+28,30.0,70.0,35,0.0,0.0,0.0,0.0,0.0,0.0,0.0,0.0,0.0,0.0,0.0,0.0,0.0,0.0,0.0,0.0,66.0,0,150,71,52,65476,0,300,0,0,8,20529,65476,0,0,44564,70.0,0.0,0.0,0.0,0.0,0.0
2026-09-10T21:04:56,ERR,ERR,ERR,ERR,ERR,ERR,ERR,ERR,ERR,ERR,ERR,ERR,ERR,ERR,ERR,ERR,ERR,ERR,ERR,ERR,ERR,ERR,ERR,ERR,ERR,ERR,ERR,ERR,ERR,ERR,ERR,ERR,ERR,ERR,ERR,ERR,ERR,ERR,ERR,ERR,ERR,ERR,ERR,ERR,ERR,ERR,ERR,ERR,ERR,ERR,ERR,ERR,ERR,ERR,ERR,ERR,ERR,ERR,ERR,ERR,ERR,ERR,ERR,ERR,ERR,ERR,ERR,ERR,ERR,ERR,ERR,ERR,ERR,ERR,ERR,ERR,ERR,ERR,ERR,ERR,ERR,ERR,ERR,ERR,ERR,ERR,ERR,ERR,ERR,ERR,ERR,ERR,ERR,ERR,ERR,ERR,ERR,ERR,ERR,ERR,ERR,ERR,ERR,ERR,ERR,ERR,ERR,ERR,ERR,ERR,ERR,ERR,ERR,ERR,ERR,ERR,ERR,ERR,ERR,ERR,ERR,ERR,ERR,ERR,ERR,0.0,-0.0,0.0,0.0,0.0,1.3936040501711995e+18,7.805,0.0,0,0,4,0,7116,0.0,100,0.0,0.0,0.0,0.0,0.0,0,0,0,0,0.0,0,0,0,0,0,0,0,0,0,0,0,0,0,0,0,0,0,0,0,0,0,0,0,0,0,0,0,0,0,0,0,0,0,31,40,40,71,65476,0,300,0,0,8,21553,0.0,-107605600.0,0.0,0.0,0.0,0.0,0.0,0.0,0.0,0.0,0.0,0.0,0.0,0.0,0.0,0.0,0.0,0.0,0.0,0.0,0.0,0.0,-2.004,-2.004,2.004,0.0,0.0,0.0,0.0,0.0,4470.0,131350.172,6921.0,0.0,-0.0,-0.0,0.0,0.0,0.0,0.0,0.0,69,0.0,1.9056821431959552e+17,0.0,0.0,0.0,0.0,0.0,0.0,0.0,0,0,0,0.0,0.0,0.0,0.0,0.0,0.0,0.0,0.0,0.0,0.0,0.0,0.0,0.0,0.0,0.0,0.0,0,-107875648.0,69,0.0,138,0.0,2.6474893195377515e+23,0,26215,17087,52429,17104,52429,17084,0,0,0,70,68,100,-0.0,82.1,0.0,78.8,-0.0,79.0,1,49,50,180,0,26215,0,0,0.0,0.0,0.0,0.0,-0.0,67.0,0.0,162057.094,0.0,985,0,1017,0,0,0,957,0,1044,0,944,0,793,0,786,0,823,0,7520,0.032,2.501839664996858e+20,0.0,0.0,784,16797,-0.0,162057.094,-114818.039,-0.0,0.133,6.909358625270745e+28,30.0,70.0,35,0.0,0.0,0.0,0.0,0.0,0.0,0.0,0.0,0.0,0.0,0.0,0.0,0.0,0.0,0.0,0.0,66.0,0,150,71,52,65476,0,300,0,0,8,20529,65476,0,0,44564,70.0,0.0,0.0,0.0,0.0,0.0
2026-09-10T21:04:57,ERR,ERR,ERR,ERR,ERR,ERR,ERR,ERR,ERR,ERR,ERR,ERR,ERR,ERR,ERR,ERR,ERR,ERR,ERR,ERR,ERR,ERR,ERR,ERR,ERR,ERR,ERR,ERR,ERR,ERR,ERR,ERR,ERR,ERR,ERR,ERR,ERR,ERR,ERR,ERR,ERR,ERR,ERR,ERR,ERR,ERR,ERR,ERR,ERR,ERR,ERR,ERR,ERR,ERR,ERR,ERR,ERR,ERR,ERR,ERR,ERR,ERR,ERR,ERR,ERR,ERR,ERR,ERR,ERR,ERR,ERR,ERR,ERR,ERR,ERR,ERR,ERR,ERR,ERR,ERR,ERR,ERR,ERR,ERR,ERR,ERR,ERR,ERR,ERR,ERR,ERR,ERR,ERR,ERR,ERR,ERR,ERR,ERR,ERR,ERR,ERR,ERR,ERR,ERR,ERR,ERR,ERR,ERR,ERR,ERR,ERR,ERR,ERR,ERR,ERR,ERR,ERR,ERR,ERR,ERR,ERR,ERR,ERR,ERR,ERR,0.0,-0.0,0.0,0.0,0.0,1.3936040501711995e+18,7.805,0.0,0,0,4,0,7116,0.0,100,0.0,0.0,0.0,0.0,0.0,0,0,0,0,0.0,0,0,0,0,0,0,0,0,0,0,0,0,0,0,0,0,0,0,0,0,0,0,0,0,0,0,0,0,0,0,0,0,0,31,40,40,71,65476,0,300,0,0,8,21553,0.0,-107605600.0,0.0,0.0,0.0,0.0,0.0,0.0,0.0,0.0,0.0,0.0,0.0,0.0,0.0,0.0,0.0,0.0,0.0,0.0,0.0,0.0,-2.004,-2.004,2.004,0.0,0.0,0.0,0.0,0.0,4470.0,131350.172,6921.0,0.0,-0.0,-0.0,0.0,0.0,0.0,0.0,0.0,69,0.0,1.9056821431959552e+17,0.0,0.0,0.0,0.0,0.0,0.0,0.0,0,0,0,0.0,0.0,0.0,0.0,0.0,0.0,0.0,0.0,0.0,0.0,0.0,0.0,0.0,0.0,0.0,0.0,0,-107875648.0,69,0.0,138,0.0,2.6474893195377515e+23,0,26215,17087,52429,17104,52429,17084,0,0,0,70,68,100,-0.0,82.1,0.0,78.8,-0.0,79.0,1,49,50,180,0,26215,0,0,0.0,0.0,0.0,0.0,-0.0,67.0,0.0,162057.094,0.0,985,0,1017,0,0,0,957,0,1044,0,944,0,793,0,786,0,823,0,7520,0.032,2.501839664996858e+20,0.0,0.0,784,16797,-0.0,162057.094,-114818.039,-0.0,0.133,6.909358625270745e+28,30.0,70.0,35,0.0,0.0,0.0,0.0,0.0,0.0,0.0,0.0,0.0,0.0,0.0,0.0,0.0,0.0,0.0,0.0,66.0,0,150,71,52,65476,0,300,0,0,8,20529,65476,0,0,44564,70.0,0.0,0.0,0.0,0.0,0.0
2026-09-10T21:04:58,ERR,ERR,ERR,ERR,ERR,ERR,ERR,ERR,ERR,ERR,ERR,ERR,ERR,ERR,ERR,ERR,ERR,ERR,ERR,ERR,ERR,ERR,ERR,ERR,ERR,ERR,ERR,ERR,ERR,ERR,ERR,ERR,ERR,ERR,ERR,ERR,ERR,ERR,ERR,ERR,ERR,ERR,ERR,ERR,ERR,ERR,ERR,ERR,ERR,ERR,ERR,ERR,ERR,ERR,ERR,ERR,ERR,ERR,ERR,ERR,ERR,ERR,ERR,ERR,ERR,ERR,ERR,ERR,ERR,ERR,ERR,ERR,ERR,ERR,ERR,ERR,ERR,ERR,ERR,ERR,ERR,ERR,ERR,ERR,ERR,ERR,ERR,ERR,ERR,ERR,ERR,ERR,ERR,ERR,ERR,ERR,ERR,ERR,ERR,ERR,ERR,ERR,ERR,ERR,ERR,ERR,ERR,ERR,ERR,ERR,ERR,ERR,ERR,ERR,ERR,ERR,ERR,ERR,ERR,ERR,ERR,ERR,ERR,ERR,ERR,0.0,-0.0,0.0,0.0,0.0,1.3936040501711995e+18,7.805,0.0,0,0,4,0,7116,0.0,100,0.0,0.0,0.0,0.0,0.0,0,0,0,0,0.0,0,0,0,0,0,0,0,0,0,0,0,0,0,0,0,0,0,0,0,0,0,0,0,0,0,0,0,0,0,0,0,0,0,31,40,40,71,65476,0,300,0,0,8,21553,0.0,-107605600.0,0.0,0.0,0.0,0.0,0.0,0.0,0.0,0.0,0.0,0.0,0.0,0.0,0.0,0.0,0.0,0.0,0.0,0.0,0.0,0.0,-2.004,-2.004,2.004,0.0,0.0,0.0,0.0,0.0,4470.0,131350.172,6921.0,0.0,-0.0,-0.0,0.0,0.0,0.0,0.0,0.0,69,0.0,1.9056821431959552e+17,0.0,0.0,0.0,0.0,0.0,0.0,0.0,0,0,0,0.0,0.0,0.0,0.0,0.0,0.0,0.0,0.0,0.0,0.0,0.0,0.0,0.0,0.0,0.0,0.0,0,-107875648.0,69,0.0,138,0.0,2.6474893195377515e+23,0,26215,17087,52429,17104,52429,17084,0,0,0,70,68,100,-0.0,82.1,0.0,78.8,-0.0,79.0,1,49,50,180,0,26215,0,0,0.0,0.0,0.0,0.0,-0.0,67.0,0.0,162057.094,0.0,985,0,1017,0,0,0,957,0,1044,0,944,0,793,0,786,0,823,0,7520,0.032,2.501839664996858e+20,0.0,0.0,784,16797,-0.0,162057.094,-114818.039,-0.0,0.133,6.909358625270745e+28,30.0,70.0,35,0.0,0.0,0.0,0.0,0.0,0.0,0.0,0.0,0.0,0.0,0.0,0.0,0.0,0.0,0.0,0.0,66.0,0,150,71,52,65476,0,300,0,0,8,20529,65476,0,0,44564,70.0,0.0,0.0,0.0,0.0,0.0
2026-09-10T21:04:59,ERR,ERR,ERR,ERR,ERR,ERR,ERR,ERR,ERR,ERR,ERR,ERR,ERR,ERR,ERR,ERR,ERR,ERR,ERR,ERR,ERR,ERR,ERR,ERR,ERR,ERR,ERR,ERR,ERR,ERR,ERR,ERR,ERR,ERR,ERR,ERR,ERR,ERR,ERR,ERR,ERR,ERR,ERR,ERR,ERR,ERR,ERR,ERR,ERR,ERR,ERR,ERR,ERR,ERR,ERR,ERR,ERR,ERR,ERR,ERR,ERR,ERR,ERR,ERR,ERR,ERR,ERR,ERR,ERR,ERR,ERR,ERR,ERR,ERR,ERR,ERR,ERR,ERR,ERR,ERR,ERR,ERR,ERR,ERR,ERR,ERR,ERR,ERR,ERR,ERR,ERR,ERR,ERR,ERR,ERR,ERR,ERR,ERR,ERR,ERR,ERR,ERR,ERR,ERR,ERR,ERR,ERR,ERR,ERR,ERR,ERR,ERR,ERR,ERR,ERR,ERR,ERR,ERR,ERR,ERR,ERR,ERR,ERR,ERR,ERR,0.0,-0.0,0.0,0.0,0.0,1.3936040501711995e+18,7.805,0.0,0,0,4,0,7116,0.0,100,0.0,0.0,0.0,0.0,0.0,0,0,0,0,0.0,0,0,0,0,0,0,0,0,0,0,0,0,0,0,0,0,0,0,0,0,0,0,0,0,0,0,0,0,0,0,0,0,0,31,40,40,71,65476,0,300,0,0,8,21553,0.0,-107605600.0,0.0,0.0,0.0,0.0,0.0,0.0,0.0,0.0,0.0,0.0,0.0,0.0,0.0,0.0,0.0,0.0,0.0,0.0,0.0,0.0,-2.004,-2.004,2.004,0.0,0.0,0.0,0.0,0.0,4470.0,131350.172,6921.0,0.0,-0.0,-0.0,0.0,0.0,0.0,0.0,0.0,69,0.0,1.9056821431959552e+17,0.0,0.0,0.0,0.0,0.0,0.0,0.0,0,0,0,0.0,0.0,0.0,0.0,0.0,0.0,0.0,0.0,0.0,0.0,0.0,0.0,0.0,0.0,0.0,0.0,0,-107875648.0,69,0.0,138,0.0,2.6474893195377515e+23,0,26215,17087,52429,17104,52429,17084,0,0,0,70,68,100,-0.0,82.1,0.0,78.8,-0.0,79.0,1,49,50,180,0,26215,0,0,0.0,0.0,0.0,0.0,-0.0,67.0,0.0,162057.094,0.0,985,0,1017,0,0,0,957,0,1044,0,944,0,793,0,786,0,823,0,7520,0.032,2.501839664996858e+20,0.0,0.0,784,16797,-0.0,162057.094,-114818.039,-0.0,0.133,6.909358625270745e+28,30.0,70.0,35,0.0,0.0,0.0,0.0,0.0,0.0,0.0,0.0,0.0,0.0,0.0,0.0,0.0,0.0,0.0,0.0,66.0,0,150,71,52,65476,0,300,0,0,8,20529,65476,0,0,44564,70.0,0.0,0.0,0.0,0.0,0.0
2026-09-10T21:05:00,ERR,ERR,ERR,ERR,ERR,ERR,ERR,ERR,ERR,ERR,ERR,ERR,ERR,ERR,ERR,ERR,ERR,ERR,ERR,ERR,ERR,ERR,ERR,ERR,ERR,ERR,ERR,ERR,ERR,ERR,ERR,ERR,ERR,ERR,ERR,ERR,ERR,ERR,ERR,ERR,ERR,ERR,ERR,ERR,ERR,ERR,ERR,ERR,ERR,ERR,ERR,ERR,ERR,ERR,ERR,ERR,ERR,ERR,ERR,ERR,ERR,ERR,ERR,ERR,ERR,ERR,ERR,ERR,ERR,ERR,ERR,ERR,ERR,ERR,ERR,ERR,ERR,ERR,ERR,ERR,ERR,ERR,ERR,ERR,ERR,ERR,ERR,ERR,ERR,ERR,ERR,ERR,ERR,ERR,ERR,ERR,ERR,ERR,ERR,ERR,ERR,ERR,ERR,ERR,ERR,ERR,ERR,ERR,ERR,ERR,ERR,ERR,ERR,ERR,ERR,ERR,ERR,ERR,ERR,ERR,ERR,ERR,ERR,ERR,ERR,0.0,2.7184303811560617e+23,-100794720.0,0.0,0.0,1.3936040501711995e+18,7.805,0.0,0,0,4,0,7116,0.0,100,0.0,0.0,0.0,0.0,0.0,0,0,0,0,0.0,0,0,0,0,0,0,0,0,0,0,0,0,0,0,0,0,0,0,0,0,0,0,0,0,0,0,0,0,0,0,0,0,0,31,40,40,71,65476,0,300,0,0,8,21553,0.0,-107605600.0,0.0,0.0,0.0,0.0,0.0,0.0,0.0,0.0,0.0,0.0,0.0,0.0,0.0,0.0,0.0,0.0,0.0,0.0,0.0,0.0,-2.004,-2.004,2.004,0.0,0.0,0.0,0.0,0.0,4473.0,3.697178656945629e+19,6924.0,0.0,-0.0,-0.0,0.0,0.0,0.0,0.0,0.0,69,0.0,2.7184134476214628e+23,0.0,0.0,0.0,0.0,0.0,0.0,0.0,0,0,0,0.0,0.0,0.0,0.0,0.0,0.0,0.0,0.0,0.0,0.0,0.0,0.0,0.0,0.0,0.0,0.0,0,-107875648.0,69,0.0,138,0.0,2.6474893195377515e+23,0,26215,17087,52429,17104,0,17085,0,0,0,70,68,100,-0.0,82.1,0.0,78.8,-0.0,79.0,1,49,50,180,0,26215,0,0,0.0,0.0,0.0,0.0,-0.0,67.0,0.0,162057.094,0.0,985,0,1017,0,0,0,957,0,1044,0,945,0,793,0,786,0,823,0,7520,0.032,2.5133688800429264e+20,0.0,0.0,784,16797,-0.0,162057.094,-114818.039,-0.0,0.133,6.909358625270745e+28,30.0,70.0,35,0.0,0.0,0.0,0.0,0.0,0.0,0.0,0.0,0.0,0.0,0.0,0.0,0.0,0.0,0.0,0.0,66.0,0,150,71,52,65476,0,300,0,0,8,20529,65476,0,0,44564,70.0,0.0,0.0,0.0,0.0,0.0
2026-09-10T21:05:01,ERR,ERR,ERR,ERR,ERR,ERR,ERR,ERR,ERR,ERR,ERR,ERR,ERR,ERR,ERR,ERR,ERR,ERR,ERR,ERR,ERR,ERR,ERR,ERR,ERR,ERR,ERR,ERR,ERR,ERR,ERR,ERR,ERR,ERR,ERR,ERR,ERR,ERR,ERR,ERR,ERR,ERR,ERR,ERR,ERR,ERR,ERR,ERR,ERR,ERR,ERR,ERR,ERR,ERR,ERR,ERR,ERR,ERR,ERR,ERR,ERR,ERR,ERR,ERR,ERR,ERR,ERR,ERR,ERR,ERR,ERR,ERR,ERR,ERR,ERR,ERR,ERR,ERR,ERR,ERR,ERR,ERR,ERR,ERR,ERR,ERR,ERR,ERR,ERR,ERR,ERR,ERR,ERR,ERR,ERR,ERR,ERR,ERR,ERR,ERR,ERR,ERR,ERR,ERR,ERR,ERR,ERR,ERR,ERR,ERR,ERR,ERR,ERR,ERR,ERR,ERR,ERR,ERR,ERR,ERR,ERR,ERR,ERR,ERR,ERR,0.0,2.7184303811560617e+23,-100794720.0,0.0,0.0,1.3936040501711995e+18,7.805,0.0,0,0,4,0,7116,0.0,100,0.0,0.0,0.0,0.0,0.0,0,0,0,0,0.0,0,0,0,0,0,0,0,0,0,0,0,0,0,0,0,0,0,0,0,0,0,0,0,0,0,0,0,0,0,0,0,0,0,31,40,40,71,65476,0,300,0,0,8,21553,0.0,-107605600.0,0.0,0.0,0.0,0.0,0.0,0.0,0.0,0.0,0.0,0.0,0.0,0.0,0.0,0.0,0.0,0.0,0.0,0.0,0.0,0.0,-2.004,-2.004,2.004,0.0,0.0,0.0,0.0,0.0,4473.0,3.697178656945629e+19,6924.0,0.0,-0.0,-0.0,0.0,0.0,0.0,0.0,0.0,69,0.0,2.7184134476214628e+23,0.0,0.0,0.0,0.0,0.0,0.0,0.0,0,0,0,0.0,0.0,0.0,0.0,0.0,0.0,0.0,0.0,0.0,0.0,0.0,0.0,0.0,0.0,0.0,0.0,0,-107875648.0,69,0.0,138,0.0,2.6474893195377515e+23,0,26215,17087,52429,17104,0,17085,0,0,0,70,68,100,-0.0,82.1,0.0,78.8,-0.0,79.0,1,49,50,180,0,26215,0,0,0.0,0.0,0.0,0.0,-0.0,67.0,0.0,162057.094,0.0,985,0,1017,0,0,0,957,0,1044,0,945,0,793,0,786,0,823,0,7520,0.032,2.5133688800429264e+20,0.0,0.0,784,16797,-0.0,162057.094,-114818.039,-0.0,0.133,6.909358625270745e+28,30.0,70.0,35,0.0,0.0,0.0,0.0,0.0,0.0,0.0,0.0,0.0,0.0,0.0,0.0,0.0,0.0,0.0,0.0,66.0,0,150,71,52,65476,0,300,0,0,8,20529,65476,0,0,44564,70.0,0.0,0.0,0.0,0.0,0.0
2026-09-10T21:05:02,ERR,ERR,ERR,ERR,ERR,ERR,ERR,ERR,ERR,ERR,ERR,ERR,ERR,ERR,ERR,ERR,ERR,ERR,ERR,ERR,ERR,ERR,ERR,ERR,ERR,ERR,ERR,ERR,ERR,ERR,ERR,ERR,ERR,ERR,ERR,ERR,ERR,ERR,ERR,ERR,ERR,ERR,ERR,ERR,ERR,ERR,ERR,ERR,ERR,ERR,ERR,ERR,ERR,ERR,ERR,ERR,ERR,ERR,ERR,ERR,ERR,ERR,ERR,ERR,ERR,ERR,ERR,ERR,ERR,ERR,ERR,ERR,ERR,ERR,ERR,ERR,ERR,ERR,ERR,ERR,ERR,ERR,ERR,ERR,ERR,ERR,ERR,ERR,ERR,ERR,ERR,ERR,ERR,ERR,ERR,ERR,ERR,ERR,ERR,ERR,ERR,ERR,ERR,ERR,ERR,ERR,ERR,ERR,ERR,ERR,ERR,ERR,ERR,ERR,ERR,ERR,ERR,ERR,ERR,ERR,ERR,ERR,ERR,ERR,ERR,0.0,2.7184303811560617e+23,-100794720.0,0.0,0.0,1.3936040501711995e+18,7.805,0.0,0,0,4,0,7116,0.0,100,0.0,0.0,0.0,0.0,0.0,0,0,0,0,0.0,0,0,0,0,0,0,0,0,0,0,0,0,0,0,0,0,0,0,0,0,0,0,0,0,0,0,0,0,0,0,0,0,0,31,40,40,71,65476,0,300,0,0,8,21553,0.0,-107605600.0,0.0,0.0,0.0,0.0,0.0,0.0,0.0,0.0,0.0,0.0,0.0,0.0,0.0,0.0,0.0,0.0,0.0,0.0,0.0,0.0,-2.004,-2.004,2.004,0.0,0.0,0.0,0.0,0.0,4473.0,3.697178656945629e+19,6924.0,0.0,-0.0,-0.0,0.0,0.0,0.0,0.0,0.0,69,0.0,2.7184134476214628e+23,0.0,0.0,0.0,0.0,0.0,0.0,0.0,0,0,0,0.0,0.0,0.0,0.0,0.0,0.0,0.0,0.0,0.0,0.0,0.0,0.0,0.0,0.0,0.0,0.0,0,-107875648.0,69,0.0,138,0.0,2.6474893195377515e+23,0,26215,17087,52429,17104,0,17085,0,0,0,70,68,100,-0.0,82.1,0.0,78.8,-0.0,79.0,1,49,50,180,0,26215,0,0,0.0,0.0,0.0,0.0,-0.0,67.0,0.0,162057.094,0.0,985,0,1017,0,0,0,957,0,1044,0,945,0,793,0,786,0,823,0,7520,0.032,2.5133688800429264e+20,0.0,0.0,784,16797,-0.0,162057.094,-114818.039,-0.0,0.133,6.909358625270745e+28,30.0,70.0,35,0.0,0.0,0.0,0.0,0.0,0.0,0.0,0.0,0.0,0.0,0.0,0.0,0.0,0.0,0.0,0.0,66.4,0,150,71,52,65476,0,300,0,0,8,20529,65476,0,0,44564,70.0,0.0,0.0,0.0,0.0,0.0
2026-09-10T21:05:03,ERR,ERR,ERR,ERR,ERR,ERR,ERR,ERR,ERR,ERR,ERR,ERR,ERR,ERR,ERR,ERR,ERR,ERR,ERR,ERR,ERR,ERR,ERR,ERR,ERR,ERR,ERR,ERR,ERR,ERR,ERR,ERR,ERR,ERR,ERR,ERR,ERR,ERR,ERR,ERR,ERR,ERR,ERR,ERR,ERR,ERR,ERR,ERR,ERR,ERR,ERR,ERR,ERR,ERR,ERR,ERR,ERR,ERR,ERR,ERR,ERR,ERR,ERR,ERR,ERR,ERR,ERR,ERR,ERR,ERR,ERR,ERR,ERR,ERR,ERR,ERR,ERR,ERR,ERR,ERR,ERR,ERR,ERR,ERR,ERR,ERR,ERR,ERR,ERR,ERR,ERR,ERR,ERR,ERR,ERR,ERR,ERR,ERR,ERR,ERR,ERR,ERR,ERR,ERR,ERR,ERR,ERR,ERR,ERR,ERR,ERR,ERR,ERR,ERR,ERR,ERR,ERR,ERR,ERR,ERR,ERR,ERR,ERR,ERR,ERR,0.0,2.7184303811560617e+23,-100794720.0,0.0,0.0,1.3936040501711995e+18,7.805,0.0,0,0,4,0,7116,0.0,100,0.0,0.0,0.0,0.0,0.0,0,0,0,0,0.0,0,0,0,0,0,0,0,0,0,0,0,0,0,0,0,0,0,0,0,0,0,0,0,0,0,0,0,0,0,0,0,0,0,31,40,40,71,65476,0,300,0,0,8,21553,0.0,-107605600.0,0.0,0.0,0.0,0.0,0.0,0.0,0.0,0.0,0.0,0.0,0.0,0.0,0.0,0.0,0.0,0.0,0.0,0.0,0.0,0.0,-2.004,-2.004,2.004,0.0,0.0,0.0,0.0,0.0,4473.0,3.697178656945629e+19,6924.0,0.0,-0.0,-0.0,0.0,0.0,0.0,0.0,0.0,69,0.0,2.7184134476214628e+23,0.0,0.0,0.0,0.0,0.0,0.0,0.0,0,0,0,0.0,0.0,0.0,0.0,0.0,0.0,0.0,0.0,0.0,0.0,0.0,0.0,0.0,0.0,0.0,0.0,0,-107875648.0,69,0.0,138,0.0,2.6474893195377515e+23,0,26215,17087,52429,17104,0,17085,0,0,0,70,68,100,-0.0,82.1,0.0,78.8,-0.0,79.0,1,49,50,180,0,26215,0,0,0.0,0.0,0.0,0.0,-0.0,67.0,0.0,162057.094,0.0,985,0,1017,0,0,0,957,0,1044,0,945,0,793,0,786,0,823,0,7520,0.032,2.5133688800429264e+20,0.0,0.0,784,16797,-0.0,162057.094,-114818.039,-0.0,0.133,6.909358625270745e+28,30.0,70.0,35,0.0,0.0,0.0,0.0,0.0,0.0,0.0,0.0,0.0,0.0,0.0,0.0,0.0,0.0,0.0,0.0,66.4,0,150,71,52,65476,0,300,0,0,8,20529,65476,0,0,44564,70.0,0.0,0.0,0.0,0.0,0.0
2026-09-10T21:05:04,ERR,ERR,ERR,ERR,ERR,ERR,ERR,ERR,ERR,ERR,ERR,ERR,ERR,ERR,ERR,ERR,ERR,ERR,ERR,ERR,ERR,ERR,ERR,ERR,ERR,ERR,ERR,ERR,ERR,ERR,ERR,ERR,ERR,ERR,ERR,ERR,ERR,ERR,ERR,ERR,ERR,ERR,ERR,ERR,ERR,ERR,ERR,ERR,ERR,ERR,ERR,ERR,ERR,ERR,ERR,ERR,ERR,ERR,ERR,ERR,ERR,ERR,ERR,ERR,ERR,ERR,ERR,ERR,ERR,ERR,ERR,ERR,ERR,ERR,ERR,ERR,ERR,ERR,ERR,ERR,ERR,ERR,ERR,ERR,ERR,ERR,ERR,ERR,ERR,ERR,ERR,ERR,ERR,ERR,ERR,ERR,ERR,ERR,ERR,ERR,ERR,ERR,ERR,ERR,ERR,ERR,ERR,ERR,ERR,ERR,ERR,ERR,ERR,ERR,ERR,ERR,ERR,ERR,ERR,ERR,ERR,ERR,ERR,ERR,ERR,0.0,2.7184303811560617e+23,-100794720.0,0.0,0.0,1.3936040501711995e+18,7.805,0.0,0,0,4,0,7116,0.0,100,0.0,0.0,0.0,0.0,0.0,0,0,0,0,0.0,0,0,0,0,0,0,0,0,0,0,0,0,0,0,0,0,0,0,0,0,0,0,0,0,0,0,0,0,0,0,0,0,0,31,40,40,71,65476,0,300,0,0,8,21553,0.0,-107605600.0,0.0,0.0,0.0,0.0,0.0,0.0,0.0,0.0,0.0,0.0,0.0,0.0,0.0,0.0,0.0,0.0,0.0,0.0,0.0,0.0,-2.004,-2.004,2.004,0.0,0.0,0.0,0.0,0.0,4473.0,3.697178656945629e+19,6924.0,0.0,-0.0,-0.0,0.0,0.0,0.0,0.0,0.0,69,0.0,2.7184134476214628e+23,0.0,0.0,0.0,0.0,0.0,0.0,0.0,0,0,0,0.0,0.0,0.0,0.0,0.0,0.0,0.0,0.0,0.0,0.0,0.0,0.0,0.0,0.0,0.0,0.0,0,-107875648.0,69,0.0,138,0.0,2.6474893195377515e+23,0,26215,17087,52429,17104,0,17085,0,0,0,70,68,100,-0.0,82.1,0.0,78.8,-0.0,79.0,1,49,50,180,0,26215,0,0,0.0,0.0,0.0,0.0,-0.0,67.0,0.0,162057.094,0.0,985,0,1017,0,0,0,957,0,1044,0,945,0,793,0,786,0,823,0,7520,0.032,2.5133688800429264e+20,0.0,0.0,784,16797,-0.0,162057.094,-114818.039,-0.0,0.133,6.909358625270745e+28,30.0,70.0,35,0.0,0.0,0.0,0.0,0.0,0.0,0.0,0.0,0.0,0.0,0.0,0.0,0.0,0.0,0.0,0.0,66.4,0,150,71,52,65476,0,300,0,0,8,20529,65476,0,0,44564,70.0,0.0,0.0,0.0,0.0,0.0
2026-09-10T21:05:05,ERR,ERR,ERR,ERR,ERR,ERR,ERR,ERR,ERR,ERR,ERR,ERR,ERR,ERR,ERR,ERR,ERR,ERR,ERR,ERR,ERR,ERR,ERR,ERR,ERR,ERR,ERR,ERR,ERR,ERR,ERR,ERR,ERR,ERR,ERR,ERR,ERR,ERR,ERR,ERR,ERR,ERR,ERR,ERR,ERR,ERR,ERR,ERR,ERR,ERR,ERR,ERR,ERR,ERR,ERR,ERR,ERR,ERR,ERR,ERR,ERR,ERR,ERR,ERR,ERR,ERR,ERR,ERR,ERR,ERR,ERR,ERR,ERR,ERR,ERR,ERR,ERR,ERR,ERR,ERR,ERR,ERR,ERR,ERR,ERR,ERR,ERR,ERR,ERR,ERR,ERR,ERR,ERR,ERR,ERR,ERR,ERR,ERR,ERR,ERR,ERR,ERR,ERR,ERR,ERR,ERR,ERR,ERR,ERR,ERR,ERR,ERR,ERR,ERR,ERR,ERR,ERR,ERR,ERR,ERR,ERR,ERR,ERR,ERR,ERR,0.0,2.7184303811560617e+23,-100794720.0,0.0,0.0,1.3936040501711995e+18,7.805,0.0,0,0,4,0,7116,0.0,100,0.0,0.0,0.0,0.0,0.0,0,0,0,0,0.0,0,0,0,0,0,0,0,0,0,0,0,0,0,0,0,0,0,0,0,0,0,0,0,0,0,0,0,0,0,0,0,0,0,31,40,40,71,65476,0,300,0,0,8,21553,0.0,-107605600.0,0.0,0.0,0.0,0.0,0.0,0.0,0.0,0.0,0.0,0.0,0.0,0.0,0.0,0.0,0.0,0.0,0.0,0.0,0.0,0.0,-2.004,-2.004,2.004,0.0,0.0,0.0,0.0,0.0,4473.0,3.697178656945629e+19,6924.0,0.0,-0.0,-0.0,0.0,0.0,0.0,0.0,0.0,69,0.0,2.7184134476214628e+23,0.0,0.0,0.0,0.0,0.0,0.0,0.0,0,0,0,0.0,0.0,0.0,0.0,0.0,0.0,0.0,0.0,0.0,0.0,0.0,0.0,0.0,0.0,0.0,0.0,0,-107875648.0,69,0.0,138,0.0,2.6474893195377515e+23,0,26215,17087,52429,17104,0,17085,0,0,0,70,68,100,-0.0,82.1,0.0,78.8,-0.0,79.0,1,49,50,180,52429,26215,0,0,0.0,0.0,0.0,0.0,-0.0,67.0,0.0,162057.094,0.0,984,0,1017,0,0,0,957,0,1044,0,945,0,793,0,786,0,823,0,7520,0.032,2.524898095088995e+20,0.0,0.0,784,16797,-0.0,162057.094,-114818.039,-0.0,0.133,6.909358625270745e+28,30.0,70.0,35,0.0,0.0,0.0,0.0,0.0,0.0,0.0,0.0,0.0,0.0,0.0,0.0,0.0,0.0,0.0,0.0,66.0,0,150,71,52,65476,0,300,0,0,8,20529,65476,0,0,44564,70.0,0.0,0.0,0.0,0.0,0.0
2026-09-10T21:05:06,ERR,ERR,ERR,ERR,ERR,ERR,ERR,ERR,ERR,ERR,ERR,ERR,ERR,ERR,ERR,ERR,ERR,ERR,ERR,ERR,ERR,ERR,ERR,ERR,ERR,ERR,ERR,ERR,ERR,ERR,ERR,ERR,ERR,ERR,ERR,ERR,ERR,ERR,ERR,ERR,ERR,ERR,ERR,ERR,ERR,ERR,ERR,ERR,ERR,ERR,ERR,ERR,ERR,ERR,ERR,ERR,ERR,ERR,ERR,ERR,ERR,ERR,ERR,ERR,ERR,ERR,ERR,ERR,ERR,ERR,ERR,ERR,ERR,ERR,ERR,ERR,ERR,ERR,ERR,ERR,ERR,ERR,ERR,ERR,ERR,ERR,ERR,ERR,ERR,ERR,ERR,ERR,ERR,ERR,ERR,ERR,ERR,ERR,ERR,ERR,ERR,ERR,ERR,ERR,ERR,ERR,ERR,ERR,ERR,ERR,ERR,ERR,ERR,ERR,ERR,ERR,ERR,ERR,ERR,ERR,ERR,ERR,ERR,ERR,ERR,0.0,2.7184303811560617e+23,-100794720.0,0.0,0.0,1.3936040501711995e+18,7.805,0.0,0,0,4,0,7116,0.0,100,0.0,0.0,0.0,0.0,0.0,0,0,0,0,0.0,0,0,0,0,0,0,0,0,0,0,0,0,0,0,0,0,0,0,0,0,0,0,0,0,0,0,0,0,0,0,0,0,0,31,40,40,71,65476,0,300,0,0,8,21553,0.0,-107605600.0,0.0,0.0,0.0,0.0,0.0,0.0,0.0,0.0,0.0,0.0,0.0,0.0,0.0,0.0,0.0,0.0,0.0,0.0,0.0,0.0,-2.004,-2.004,2.004,0.0,0.0,0.0,0.0,0.0,4473.0,3.697178656945629e+19,6924.0,0.0,-0.0,-0.0,0.0,0.0,0.0,0.0,0.0,69,0.0,2.7184134476214628e+23,0.0,0.0,0.0,0.0,0.0,0.0,0.0,0,0,0,0.0,0.0,0.0,0.0,0.0,0.0,0.0,0.0,0.0,0.0,0.0,0.0,0.0,0.0,0.0,0.0,0,-107875648.0,69,0.0,138,0.0,2.6474893195377515e+23,0,26215,17087,52429,17104,0,17085,0,0,0,70,68,100,-0.0,82.1,0.0,78.8,-0.0,79.0,1,49,50,180,52429,26215,0,0,0.0,0.0,0.0,0.0,-0.0,67.0,0.0,162057.094,0.0,984,0,1017,0,0,0,957,0,1044,0,945,0,793,0,786,0,823,0,7520,0.032,2.524898095088995e+20,0.0,0.0,784,16797,-0.0,162057.094,-114818.039,-0.0,0.133,6.909358625270745e+28,30.0,70.0,35,0.0,0.0,0.0,0.0,0.0,0.0,0.0,0.0,0.0,0.0,0.0,0.0,0.0,0.0,0.0,0.0,66.0,0,150,71,52,65476,0,300,0,0,8,20529,65476,0,0,44564,70.0,0.0,0.0,0.0,0.0,0.0
2026-09-10T21:05:07,ERR,ERR,ERR,ERR,ERR,ERR,ERR,ERR,ERR,ERR,ERR,ERR,ERR,ERR,ERR,ERR,ERR,ERR,ERR,ERR,ERR,ERR,ERR,ERR,ERR,ERR,ERR,ERR,ERR,ERR,ERR,ERR,ERR,ERR,ERR,ERR,ERR,ERR,ERR,ERR,ERR,ERR,ERR,ERR,ERR,ERR,ERR,ERR,ERR,ERR,ERR,ERR,ERR,ERR,ERR,ERR,ERR,ERR,ERR,ERR,ERR,ERR,ERR,ERR,ERR,ERR,ERR,ERR,ERR,ERR,ERR,ERR,ERR,ERR,ERR,ERR,ERR,ERR,ERR,ERR,ERR,ERR,ERR,ERR,ERR,ERR,ERR,ERR,ERR,ERR,ERR,ERR,ERR,ERR,ERR,ERR,ERR,ERR,ERR,ERR,ERR,ERR,ERR,ERR,ERR,ERR,ERR,ERR,ERR,ERR,ERR,ERR,ERR,ERR,ERR,ERR,ERR,ERR,ERR,ERR,ERR,ERR,ERR,ERR,ERR,0.0,2.7184303811560617e+23,-100794720.0,0.0,0.0,1.3936040501711995e+18,7.805,0.0,0,0,4,0,7116,0.0,100,0.0,0.0,0.0,0.0,0.0,0,0,0,0,0.0,0,0,0,0,0,0,0,0,0,0,0,0,0,0,0,0,0,0,0,0,0,0,0,0,0,0,0,0,0,0,0,0,0,31,40,40,71,65476,0,300,0,0,8,21553,0.0,-107605600.0,0.0,0.0,0.0,0.0,0.0,0.0,0.0,0.0,0.0,0.0,0.0,0.0,0.0,0.0,0.0,0.0,0.0,0.0,0.0,0.0,-2.004,-0.0,2.004,0.0,0.0,0.0,0.0,0.0,4477.0,0.0,6919.0,0.0,2.7184303811560617e+23,-0.0,0.0,0.0,0.0,0.0,0.0,69,0.0,89220.391,0.0,0.0,0.0,0.0,0.0,0.0,0.0,0,0,0,0.0,0.0,0.0,0.0,0.0,0.0,0.0,0.0,0.0,0.0,0.0,0.0,0.0,0.0,0.0,0.0,0,-107875648.0,69,0.0,138,0.0,2.6474893195377515e+23,0,26215,17087,52429,17104,0,17085,0,0,0,70,68,100,-0.0,82.1,0.0,78.8,-0.0,79.0,1,49,50,180,52429,26215,0,0,0.0,0.0,0.0,0.0,-0.0,67.0,0.0,162057.094,0.0,984,0,1017,0,0,0,957,0,1044,0,945,0,793,0,786,0,823,0,7520,0.032,2.524898095088995e+20,0.0,0.0,784,16797,-0.0,162057.094,-114818.039,-0.0,0.133,6.909358625270745e+28,30.0,70.0,35,0.0,0.0,0.0,0.0,0.0,0.0,0.0,0.0,0.0,0.0,0.0,0.0,0.0,0.0,0.0,0.0,66.0,0,150,71,52,65476,0,300,0,0,8,20529,65476,0,0,44564,70.0,0.0,0.0,0.0,0.0,0.0
2026-09-10T21:05:08,ERR,ERR,ERR,ERR,ERR,ERR,ERR,ERR,ERR,ERR,ERR,ERR,ERR,ERR,ERR,ERR,ERR,ERR,ERR,ERR,ERR,ERR,ERR,ERR,ERR,ERR,ERR,ERR,ERR,ERR,ERR,ERR,ERR,ERR,ERR,ERR,ERR,ERR,ERR,ERR,ERR,ERR,ERR,ERR,ERR,ERR,ERR,ERR,ERR,ERR,ERR,ERR,ERR,ERR,ERR,ERR,ERR,ERR,ERR,ERR,ERR,ERR,ERR,ERR,ERR,ERR,ERR,ERR,ERR,ERR,ERR,ERR,ERR,ERR,ERR,ERR,ERR,ERR,ERR,ERR,ERR,ERR,ERR,ERR,ERR,ERR,ERR,ERR,ERR,ERR,ERR,ERR,ERR,ERR,ERR,ERR,ERR,ERR,ERR,ERR,ERR,ERR,ERR,ERR,ERR,ERR,ERR,ERR,ERR,ERR,ERR,ERR,ERR,ERR,ERR,ERR,ERR,ERR,ERR,ERR,ERR,ERR,ERR,ERR,ERR,0.0,2.7184303811560617e+23,-100794720.0,0.0,0.0,1.3936040501711995e+18,7.805,0.0,0,0,4,0,7116,0.0,100,0.0,0.0,0.0,0.0,0.0,0,0,0,0,0.0,0,0,0,0,0,0,0,0,0,0,0,0,0,0,0,0,0,0,0,0,0,0,0,0,0,0,0,0,0,0,0,0,0,31,40,40,71,65476,0,300,0,0,8,21553,0.0,-107605600.0,0.0,0.0,0.0,0.0,0.0,0.0,0.0,0.0,0.0,0.0,0.0,0.0,0.0,0.0,0.0,0.0,0.0,0.0,0.0,0.0,-2.004,-0.0,2.004,0.0,0.0,0.0,0.0,0.0,4477.0,0.0,6919.0,0.0,2.7184303811560617e+23,-0.0,0.0,0.0,0.0,0.0,0.0,69,0.0,89220.391,0.0,0.0,0.0,0.0,0.0,0.0,0.0,0,0,0,0.0,0.0,0.0,0.0,0.0,0.0,0.0,0.0,0.0,0.0,0.0,0.0,0.0,0.0,0.0,0.0,0,-107875648.0,69,0.0,138,0.0,2.6474893195377515e+23,0,26215,17087,52429,17104,0,17085,0,0,0,70,68,100,-0.0,82.1,0.0,78.8,-0.0,79.0,1,49,50,180,52429,26215,0,0,0.0,0.0,0.0,0.0,-0.0,67.0,0.0,162057.094,0.0,984,0,1017,0,0,0,957,0,1044,0,945,0,793,0,786,0,823,0,7520,0.032,2.524898095088995e+20,0.0,0.0,784,16797,-0.0,162057.094,-114818.039,-0.0,0.133,6.909358625270745e+28,30.0,70.0,35,0.0,0.0,0.0,0.0,0.0,0.0,0.0,0.0,0.0,0.0,0.0,0.0,0.0,0.0,0.0,0.0,66.0,0,150,71,52,65476,0,300,0,0,8,20529,65476,0,0,44564,70.0,0.0,0.0,0.0,0.0,0.0
2026-09-10T21:05:09,ERR,ERR,ERR,ERR,ERR,ERR,ERR,ERR,ERR,ERR,ERR,ERR,ERR,ERR,ERR,ERR,ERR,ERR,ERR,ERR,ERR,ERR,ERR,ERR,ERR,ERR,ERR,ERR,ERR,ERR,ERR,ERR,ERR,ERR,ERR,ERR,ERR,ERR,ERR,ERR,ERR,ERR,ERR,ERR,ERR,ERR,ERR,ERR,ERR,ERR,ERR,ERR,ERR,ERR,ERR,ERR,ERR,ERR,ERR,ERR,ERR,ERR,ERR,ERR,ERR,ERR,ERR,ERR,ERR,ERR,ERR,ERR,ERR,ERR,ERR,ERR,ERR,ERR,ERR,ERR,ERR,ERR,ERR,ERR,ERR,ERR,ERR,ERR,ERR,ERR,ERR,ERR,ERR,ERR,ERR,ERR,ERR,ERR,ERR,ERR,ERR,ERR,ERR,ERR,ERR,ERR,ERR,ERR,ERR,ERR,ERR,ERR,ERR,ERR,ERR,ERR,ERR,ERR,ERR,ERR,ERR,ERR,ERR,ERR,ERR,0.0,2.7184303811560617e+23,-100794720.0,0.0,0.0,1.3936040501711995e+18,7.805,0.0,0,0,4,0,7116,0.0,100,0.0,0.0,0.0,0.0,0.0,0,0,0,0,0.0,0,0,0,0,0,0,0,0,0,0,0,0,0,0,0,0,0,0,0,0,0,0,0,0,0,0,0,0,0,0,0,0,0,31,40,40,71,65476,0,300,0,0,8,21553,0.0,-107605600.0,0.0,0.0,0.0,0.0,0.0,0.0,0.0,0.0,0.0,0.0,0.0,0.0,0.0,0.0,0.0,0.0,0.0,0.0,0.0,0.0,-2.004,-0.0,2.004,0.0,0.0,0.0,0.0,0.0,4477.0,0.0,6919.0,0.0,2.7184303811560617e+23,-0.0,0.0,0.0,0.0,0.0,0.0,69,0.0,89220.391,0.0,0.0,0.0,0.0,0.0,0.0,0.0,0,0,0,0.0,0.0,0.0,0.0,0.0,0.0,0.0,0.0,0.0,0.0,0.0,0.0,0.0,0.0,0.0,0.0,0,-107875648.0,69,0.0,138,0.0,2.6474893195377515e+23,0,26215,17087,52429,17104,0,17085,0,0,0,70,68,100,-0.0,82.1,0.0,78.8,-0.0,79.0,1,49,50,180,52429,26215,0,0,0.0,0.0,0.0,0.0,-0.0,67.0,0.0,162057.094,0.0,984,0,1017,0,0,0,957,0,1044,0,945,0,793,0,786,0,823,0,7520,0.032,2.524898095088995e+20,0.0,0.0,784,16797,-0.0,162057.094,-114818.039,-0.0,0.133,6.909358625270745e+28,30.0,70.0,35,0.0,0.0,0.0,0.0,0.0,0.0,0.0,0.0,0.0,0.0,0.0,0.0,0.0,0.0,0.0,0.0,66.0,0,150,71,52,65476,0,300,0,0,8,20529,65476,0,0,44564,70.0,0.0,0.0,0.0,0.0,0.0
2026-09-10T21:05:10,ERR,ERR,ERR,ERR,ERR,ERR,ERR,ERR,ERR,ERR,ERR,ERR,ERR,ERR,ERR,ERR,ERR,ERR,ERR,ERR,ERR,ERR,ERR,ERR,ERR,ERR,ERR,ERR,ERR,ERR,ERR,ERR,ERR,ERR,ERR,ERR,ERR,ERR,ERR,ERR,ERR,ERR,ERR,ERR,ERR,ERR,ERR,ERR,ERR,ERR,ERR,ERR,ERR,ERR,ERR,ERR,ERR,ERR,ERR,ERR,ERR,ERR,ERR,ERR,ERR,ERR,ERR,ERR,ERR,ERR,ERR,ERR,ERR,ERR,ERR,ERR,ERR,ERR,ERR,ERR,ERR,ERR,ERR,ERR,ERR,ERR,ERR,ERR,ERR,ERR,ERR,ERR,ERR,ERR,ERR,ERR,ERR,ERR,ERR,ERR,ERR,ERR,ERR,ERR,ERR,ERR,ERR,ERR,ERR,ERR,ERR,ERR,ERR,ERR,ERR,ERR,ERR,ERR,ERR,ERR,ERR,ERR,ERR,ERR,ERR,0.0,2.7184303811560617e+23,-100794720.0,0.0,0.0,1.3936040501711995e+18,7.805,0.0,0,0,4,0,7116,0.0,100,0.0,0.0,0.0,0.0,0.0,0,0,0,0,0.0,0,0,0,0,0,0,0,0,0,0,0,0,0,0,0,0,0,0,0,0,0,0,0,0,0,0,0,0,0,0,0,0,0,31,40,40,71,65476,0,300,0,0,8,21553,0.0,-107605600.0,0.0,0.0,0.0,0.0,0.0,0.0,0.0,0.0,0.0,0.0,0.0,0.0,0.0,0.0,0.0,0.0,0.0,0.0,0.0,0.0,-2.004,-0.0,2.004,0.0,0.0,0.0,0.0,0.0,4477.0,0.0,6919.0,0.0,2.7184303811560617e+23,-0.0,0.0,0.0,0.0,0.0,0.0,69,0.0,89220.391,0.0,0.0,0.0,0.0,0.0,0.0,0.0,0,0,0,0.0,0.0,0.0,0.0,0.0,0.0,0.0,0.0,0.0,0.0,0.0,0.0,0.0,0.0,0.0,0.0,0,-107875648.0,69,0.0,138,0.0,2.6474893195377515e+23,0,26215,17087,52429,17104,0,17085,0,0,0,70,68,100,-0.0,82.1,0.0,78.8,-0.0,79.0,1,49,50,180,52429,26215,0,0,0.0,0.0,0.0,0.0,-0.0,67.0,0.0,162057.094,0.0,984,0,1017,0,0,0,957,0,1044,0,945,0,793,0,786,0,823,0,7520,0.032,2.524898095088995e+20,0.0,0.0,784,16797,-0.0,162057.094,-114818.039,-0.0,0.133,6.909358625270745e+28,30.0,70.0,35,0.0,0.0,0.0,0.0,0.0,0.0,0.0,0.0,0.0,0.0,0.0,0.0,0.0,0.0,0.0,0.0,66.4,0,150,71,52,65476,0,300,0,0,8,20529,65476,0,0,44564,70.0,0.0,0.0,0.0,0.0,0.0
2026-09-10T21:05:11,ERR,ERR,ERR,ERR,ERR,ERR,ERR,ERR,ERR,ERR,ERR,ERR,ERR,ERR,ERR,ERR,ERR,ERR,ERR,ERR,ERR,ERR,ERR,ERR,ERR,ERR,ERR,ERR,ERR,ERR,ERR,ERR,ERR,ERR,ERR,ERR,ERR,ERR,ERR,ERR,ERR,ERR,ERR,ERR,ERR,ERR,ERR,ERR,ERR,ERR,ERR,ERR,ERR,ERR,ERR,ERR,ERR,ERR,ERR,ERR,ERR,ERR,ERR,ERR,ERR,ERR,ERR,ERR,ERR,ERR,ERR,ERR,ERR,ERR,ERR,ERR,ERR,ERR,ERR,ERR,ERR,ERR,ERR,ERR,ERR,ERR,ERR,ERR,ERR,ERR,ERR,ERR,ERR,ERR,ERR,ERR,ERR,ERR,ERR,ERR,ERR,ERR,ERR,ERR,ERR,ERR,ERR,ERR,ERR,ERR,ERR,ERR,ERR,ERR,ERR,ERR,ERR,ERR,ERR,ERR,ERR,ERR,ERR,ERR,ERR,0.0,2.7184303811560617e+23,-100794720.0,0.0,0.0,1.3936040501711995e+18,7.805,0.0,0,0,4,0,7116,0.0,100,0.0,0.0,0.0,0.0,0.0,0,0,0,0,0.0,0,0,0,0,0,0,0,0,0,0,0,0,0,0,0,0,0,0,0,0,0,0,0,0,0,0,0,0,0,0,0,0,0,31,40,40,71,65476,0,300,0,0,8,21553,0.0,-107605600.0,0.0,0.0,0.0,0.0,0.0,0.0,0.0,0.0,0.0,0.0,0.0,0.0,0.0,0.0,0.0,0.0,0.0,0.0,0.0,0.0,-2.004,-0.0,2.004,0.0,0.0,0.0,0.0,0.0,4477.0,0.0,6919.0,0.0,2.7184303811560617e+23,-0.0,0.0,0.0,0.0,0.0,0.0,69,0.0,89220.391,0.0,0.0,0.0,0.0,0.0,0.0,0.0,0,0,0,0.0,0.0,0.0,0.0,0.0,0.0,0.0,0.0,0.0,0.0,0.0,0.0,0.0,0.0,0.0,0.0,0,-107875648.0,69,0.0,138,0.0,2.6474893195377515e+23,0,26215,17087,52429,17104,0,17085,0,0,0,70,68,100,-0.0,82.1,0.0,78.8,-0.0,79.0,1,49,50,180,52429,26215,0,0,0.0,0.0,0.0,0.0,-0.0,67.0,0.0,162057.094,0.0,984,0,1017,0,0,0,957,0,1043,0,945,0,793,0,786,0,823,0,7520,0.032,2.5133688800429264e+20,0.0,0.0,784,16797,-0.0,162057.094,-114818.039,-0.0,0.133,6.909358625270745e+28,30.0,70.0,35,0.0,0.0,0.0,0.0,0.0,0.0,0.0,0.0,0.0,0.0,0.0,0.0,0.0,0.0,0.0,0.0,66.4,0,150,71,52,65476,0,300,0,0,8,20529,65476,0,0,44564,70.0,0.0,0.0,0.0,0.0,0.0
2026-09-10T21:05:12,ERR,ERR,ERR,ERR,ERR,ERR,ERR,ERR,ERR,ERR,ERR,ERR,ERR,ERR,ERR,ERR,ERR,ERR,ERR,ERR,ERR,ERR,ERR,ERR,ERR,ERR,ERR,ERR,ERR,ERR,ERR,ERR,ERR,ERR,ERR,ERR,ERR,ERR,ERR,ERR,ERR,ERR,ERR,ERR,ERR,ERR,ERR,ERR,ERR,ERR,ERR,ERR,ERR,ERR,ERR,ERR,ERR,ERR,ERR,ERR,ERR,ERR,ERR,ERR,ERR,ERR,ERR,ERR,ERR,ERR,ERR,ERR,ERR,ERR,ERR,ERR,ERR,ERR,ERR,ERR,ERR,ERR,ERR,ERR,ERR,ERR,ERR,ERR,ERR,ERR,ERR,ERR,ERR,ERR,ERR,ERR,ERR,ERR,ERR,ERR,ERR,ERR,ERR,ERR,ERR,ERR,ERR,ERR,ERR,ERR,ERR,ERR,ERR,ERR,ERR,ERR,ERR,ERR,ERR,ERR,ERR,ERR,ERR,ERR,ERR,0.0,2.7184303811560617e+23,-100794720.0,0.0,0.0,1.3936040501711995e+18,7.805,0.0,0,0,4,0,7116,0.0,100,0.0,0.0,0.0,0.0,0.0,0,0,0,0,0.0,0,0,0,0,0,0,0,0,0,0,0,0,0,0,0,0,0,0,0,0,0,0,0,0,0,0,0,0,0,0,0,0,0,31,40,40,71,65476,0,300,0,0,8,21553,0.0,-107605600.0,0.0,0.0,0.0,0.0,0.0,0.0,0.0,0.0,0.0,0.0,0.0,0.0,0.0,0.0,0.0,0.0,0.0,0.0,0.0,0.0,-2.004,-0.0,2.004,0.0,0.0,0.0,0.0,0.0,4477.0,0.0,6919.0,0.0,2.7184303811560617e+23,-0.0,0.0,0.0,0.0,0.0,0.0,69,0.0,89220.391,0.0,0.0,0.0,0.0,0.0,0.0,0.0,0,0,0,0.0,0.0,0.0,0.0,0.0,0.0,0.0,0.0,0.0,0.0,0.0,0.0,0.0,0.0,0.0,0.0,0,-107875648.0,69,0.0,138,0.0,2.6474893195377515e+23,0,26215,17087,52429,17104,0,17085,0,0,0,70,68,100,-0.0,82.1,0.0,78.8,-0.0,79.0,1,49,50,180,52429,26215,0,0,0.0,0.0,0.0,0.0,-0.0,67.0,0.0,162057.094,0.0,984,0,1017,0,0,0,957,0,1043,0,945,0,793,0,786,0,823,0,7520,0.032,2.5133688800429264e+20,0.0,0.0,784,16797,-0.0,162057.094,-114818.039,-0.0,0.133,6.909358625270745e+28,30.0,70.0,35,0.0,0.0,0.0,0.0,0.0,0.0,0.0,0.0,0.0,0.0,0.0,0.0,0.0,0.0,0.0,0.0,66.4,0,150,71,52,65476,0,300,0,0,8,20529,65476,0,0,44564,70.0,0.0,0.0,0.0,0.0,0.0
2026-09-10T21:05:13,ERR,ERR,ERR,ERR,ERR,ERR,ERR,ERR,ERR,ERR,ERR,ERR,ERR,ERR,ERR,ERR,ERR,ERR,ERR,ERR,ERR,ERR,ERR,ERR,ERR,ERR,ERR,ERR,ERR,ERR,ERR,ERR,ERR,ERR,ERR,ERR,ERR,ERR,ERR,ERR,ERR,ERR,ERR,ERR,ERR,ERR,ERR,ERR,ERR,ERR,ERR,ERR,ERR,ERR,ERR,ERR,ERR,ERR,ERR,ERR,ERR,ERR,ERR,ERR,ERR,ERR,ERR,ERR,ERR,ERR,ERR,ERR,ERR,ERR,ERR,ERR,ERR,ERR,ERR,ERR,ERR,ERR,ERR,ERR,ERR,ERR,ERR,ERR,ERR,ERR,ERR,ERR,ERR,ERR,ERR,ERR,ERR,ERR,ERR,ERR,ERR,ERR,ERR,ERR,ERR,ERR,ERR,ERR,ERR,ERR,ERR,ERR,ERR,ERR,ERR,ERR,ERR,ERR,ERR,ERR,ERR,ERR,ERR,ERR,ERR,0.0,2.7184303811560617e+23,-100794720.0,0.0,0.0,1.3936040501711995e+18,7.805,0.0,0,0,4,0,7116,0.0,100,0.0,0.0,0.0,0.0,0.0,0,0,0,0,0.0,0,0,0,0,0,0,0,0,0,0,0,0,0,0,0,0,0,0,0,0,0,0,0,0,0,0,0,0,0,0,0,0,0,31,40,40,71,65476,0,300,0,0,8,21553,0.0,-107605600.0,0.0,0.0,0.0,0.0,0.0,0.0,0.0,0.0,0.0,0.0,0.0,0.0,0.0,0.0,0.0,0.0,0.0,0.0,0.0,0.0,-2.004,-0.0,2.004,0.0,0.0,0.0,0.0,0.0,4477.0,0.0,6919.0,0.0,2.7184303811560617e+23,-0.0,0.0,0.0,0.0,0.0,0.0,69,0.0,89220.391,0.0,0.0,0.0,0.0,0.0,0.0,0.0,0,0,0,0.0,0.0,0.0,0.0,0.0,0.0,0.0,0.0,0.0,0.0,0.0,0.0,0.0,0.0,0.0,0.0,0,-107875648.0,69,0.0,138,0.0,2.6474893195377515e+23,0,26215,17087,52429,17104,0,17085,0,0,0,70,68,100,-0.0,82.1,0.0,78.8,-0.0,79.0,1,49,50,180,52429,26215,0,0,0.0,0.0,0.0,0.0,-0.0,67.0,0.0,162057.094,0.0,984,0,1017,0,0,0,957,0,1043,0,945,0,793,0,786,0,823,0,7520,0.032,2.5133688800429264e+20,0.0,0.0,784,16797,-0.0,162057.094,-114818.039,-0.0,0.133,6.909358625270745e+28,30.0,70.0,35,0.0,0.0,0.0,0.0,0.0,0.0,0.0,0.0,0.0,0.0,0.0,0.0,0.0,0.0,0.0,0.0,66.0,0,150,71,52,65476,0,300,0,0,8,20529,65476,0,0,44564,70.0,0.0,0.0,0.0,0.0,0.0
2026-09-10T21:05:14,ERR,ERR,ERR,ERR,ERR,ERR,ERR,ERR,ERR,ERR,ERR,ERR,ERR,ERR,ERR,ERR,ERR,ERR,ERR,ERR,ERR,ERR,ERR,ERR,ERR,ERR,ERR,ERR,ERR,ERR,ERR,ERR,ERR,ERR,ERR,ERR,ERR,ERR,ERR,ERR,ERR,ERR,ERR,ERR,ERR,ERR,ERR,ERR,ERR,ERR,ERR,ERR,ERR,ERR,ERR,ERR,ERR,ERR,ERR,ERR,ERR,ERR,ERR,ERR,ERR,ERR,ERR,ERR,ERR,ERR,ERR,ERR,ERR,ERR,ERR,ERR,ERR,ERR,ERR,ERR,ERR,ERR,ERR,ERR,ERR,ERR,ERR,ERR,ERR,ERR,ERR,ERR,ERR,ERR,ERR,ERR,ERR,ERR,ERR,ERR,ERR,ERR,ERR,ERR,ERR,ERR,ERR,ERR,ERR,ERR,ERR,ERR,ERR,ERR,ERR,ERR,ERR,ERR,ERR,ERR,ERR,ERR,ERR,ERR,ERR,0.0,2.7184303811560617e+23,-100794720.0,0.0,0.0,1.3936040501711995e+18,7.805,0.0,0,0,4,0,7116,0.0,100,0.0,0.0,0.0,0.0,0.0,0,0,0,0,0.0,0,0,0,0,0,0,0,0,0,0,0,0,0,0,0,0,0,0,0,0,0,0,0,0,0,0,0,0,0,0,0,0,0,31,40,40,71,65476,0,300,0,0,8,21553,0.0,-107605600.0,0.0,0.0,0.0,0.0,0.0,0.0,0.0,0.0,0.0,0.0,0.0,0.0,0.0,0.0,0.0,0.0,0.0,0.0,0.0,0.0,-2.004,-0.0,2.004,0.0,0.0,0.0,0.0,0.0,4477.0,0.0,6919.0,0.0,2.7184303811560617e+23,-0.0,0.0,0.0,0.0,0.0,0.0,69,0.0,89220.391,0.0,0.0,0.0,0.0,0.0,0.0,0.0,0,0,0,0.0,0.0,0.0,0.0,0.0,0.0,0.0,0.0,0.0,0.0,0.0,0.0,0.0,0.0,0.0,0.0,0,-107875648.0,69,0.0,138,0.0,2.6474893195377515e+23,0,26215,17087,52429,17104,0,17085,0,0,0,70,68,100,-0.0,82.1,0.0,78.8,-0.0,79.0,1,49,50,180,52429,26215,0,0,0.0,0.0,0.0,0.0,-0.0,67.0,0.0,162057.094,0.0,984,0,1017,0,0,0,957,0,1043,0,945,0,793,0,786,0,823,0,7520,0.032,2.5133688800429264e+20,0.0,0.0,784,16797,-0.0,162057.094,-114818.039,-0.0,0.133,6.909358625270745e+28,30.0,70.0,35,0.0,0.0,0.0,0.0,0.0,0.0,0.0,0.0,0.0,0.0,0.0,0.0,0.0,0.0,0.0,0.0,66.0,0,150,71,52,65476,0,300,0,0,8,20529,65476,0,0,44564,70.0,0.0,0.0,0.0,0.0,0.0
2026-09-10T21:05:15,ERR,ERR,ERR,ERR,ERR,ERR,ERR,ERR,ERR,ERR,ERR,ERR,ERR,ERR,ERR,ERR,ERR,ERR,ERR,ERR,ERR,ERR,ERR,ERR,ERR,ERR,ERR,ERR,ERR,ERR,ERR,ERR,ERR,ERR,ERR,ERR,ERR,ERR,ERR,ERR,ERR,ERR,ERR,ERR,ERR,ERR,ERR,ERR,ERR,ERR,ERR,ERR,ERR,ERR,ERR,ERR,ERR,ERR,ERR,ERR,ERR,ERR,ERR,ERR,ERR,ERR,ERR,ERR,ERR,ERR,ERR,ERR,ERR,ERR,ERR,ERR,ERR,ERR,ERR,ERR,ERR,ERR,ERR,ERR,ERR,ERR,ERR,ERR,ERR,ERR,ERR,ERR,ERR,ERR,ERR,ERR,ERR,ERR,ERR,ERR,ERR,ERR,ERR,ERR,ERR,ERR,ERR,ERR,ERR,ERR,ERR,ERR,ERR,ERR,ERR,ERR,ERR,ERR,ERR,ERR,ERR,ERR,ERR,ERR,ERR,0.0,2.7184303811560617e+23,-100794720.0,0.0,0.0,1.3936040501711995e+18,7.805,0.0,0,0,4,0,7116,0.0,100,0.0,0.0,0.0,0.0,0.0,0,0,0,0,0.0,0,0,0,0,0,0,0,0,0,0,0,0,0,0,0,0,0,0,0,0,0,0,0,0,0,0,0,0,0,0,0,0,0,31,40,40,71,65476,0,300,0,0,8,21553,0.0,-107605600.0,0.0,0.0,0.0,0.0,0.0,0.0,0.0,0.0,0.0,0.0,0.0,0.0,0.0,0.0,0.0,0.0,0.0,0.0,0.0,0.0,-2.004,-0.0,2.004,0.0,0.0,0.0,0.0,0.0,4477.0,0.0,6919.0,0.0,2.7184303811560617e+23,-0.0,0.0,0.0,0.0,0.0,0.0,69,0.0,89220.391,0.0,0.0,0.0,0.0,0.0,0.0,0.0,0,0,0,0.0,0.0,0.0,0.0,0.0,0.0,0.0,0.0,0.0,0.0,0.0,0.0,0.0,0.0,0.0,0.0,0,-107875648.0,69,0.0,138,0.0,2.6474893195377515e+23,0,26215,17087,52429,17104,0,17085,0,0,0,70,68,100,-0.0,82.1,0.0,78.8,-0.0,79.0,1,49,50,180,52429,26215,0,0,0.0,0.0,0.0,0.0,-0.0,67.0,0.0,162057.094,0.0,984,0,1017,0,0,0,957,0,1043,0,945,0,793,0,786,0,823,0,7520,0.032,2.5133688800429264e+20,0.0,0.0,784,16797,-0.0,162057.094,-114818.039,-0.0,0.133,6.909358625270745e+28,30.0,70.0,35,0.0,0.0,0.0,0.0,0.0,0.0,0.0,0.0,0.0,0.0,0.0,0.0,0.0,0.0,0.0,0.0,66.0,0,150,71,52,65476,0,300,0,0,8,20529,65476,0,0,44564,70.0,0.0,0.0,0.0,0.0,0.0
2026-09-10T21:05:16,ERR,ERR,ERR,ERR,ERR,ERR,ERR,ERR,ERR,ERR,ERR,ERR,ERR,ERR,ERR,ERR,ERR,ERR,ERR,ERR,ERR,ERR,ERR,ERR,ERR,ERR,ERR,ERR,ERR,ERR,ERR,ERR,ERR,ERR,ERR,ERR,ERR,ERR,ERR,ERR,ERR,ERR,ERR,ERR,ERR,ERR,ERR,ERR,ERR,ERR,ERR,ERR,ERR,ERR,ERR,ERR,ERR,ERR,ERR,ERR,ERR,ERR,ERR,ERR,ERR,ERR,ERR,ERR,ERR,ERR,ERR,ERR,ERR,ERR,ERR,ERR,ERR,ERR,ERR,ERR,ERR,ERR,ERR,ERR,ERR,ERR,ERR,ERR,ERR,ERR,ERR,ERR,ERR,ERR,ERR,ERR,ERR,ERR,ERR,ERR,ERR,ERR,ERR,ERR,ERR,ERR,ERR,ERR,ERR,ERR,ERR,ERR,ERR,ERR,ERR,ERR,ERR,ERR,ERR,ERR,ERR,ERR,ERR,ERR,ERR,0.0,2.7184303811560617e+23,-100794720.0,0.0,0.0,1.3936040501711995e+18,7.805,0.0,0,0,4,0,7116,0.0,100,0.0,0.0,0.0,0.0,0.0,0,0,0,0,0.0,0,0,0,0,0,0,0,0,0,0,0,0,0,0,0,0,0,0,0,0,0,0,0,0,0,0,0,0,0,0,0,0,0,31,40,40,71,65476,0,300,0,0,8,21553,0.0,-107605600.0,0.0,0.0,0.0,0.0,0.0,0.0,0.0,0.0,0.0,0.0,0.0,0.0,0.0,0.0,0.0,0.0,0.0,0.0,0.0,0.0,-2.004,-0.0,2.004,0.0,0.0,0.0,0.0,0.0,4471.0,564144692527104.0,6923.0,0.0,2.7184303811560617e+23,-0.0,0.0,0.0,0.0,0.0,0.0,69,0.0,1.9056821431959552e+17,0.0,0.0,0.0,0.0,0.0,0.0,0.0,0,0,0,0.0,0.0,0.0,0.0,0.0,0.0,0.0,0.0,0.0,0.0,0.0,0.0,0.0,0.0,0.0,0.0,0,-107875648.0,69,0.0,138,0.0,2.6474893195377515e+23,0,26215,17087,39322,17104,0,17085,0,0,0,70,68,100,-0.0,82.1,0.0,78.8,-0.0,79.0,1,49,50,180,52429,13107,0,0,0.0,0.0,0.0,0.0,-0.0,67.0,0.0,162057.094,0.0,984,0,1016,0,0,0,957,0,1044,0,945,0,793,0,786,0,823,0,7520,0.032,2.5133688800429264e+20,0.0,0.0,784,16797,-0.0,162057.094,-114818.039,-0.0,0.133,6.909358625270745e+28,30.0,70.0,35,0.0,0.0,0.0,0.0,0.0,0.0,0.0,0.0,0.0,0.0,0.0,0.0,0.0,0.0,0.0,0.0,66.0,0,150,71,52,65476,0,300,0,0,8,20529,65476,0,0,44564,70.0,0.0,0.0,0.0,0.0,0.0
2026-09-10T21:05:17,ERR,ERR,ERR,ERR,ERR,ERR,ERR,ERR,ERR,ERR,ERR,ERR,ERR,ERR,ERR,ERR,ERR,ERR,ERR,ERR,ERR,ERR,ERR,ERR,ERR,ERR,ERR,ERR,ERR,ERR,ERR,ERR,ERR,ERR,ERR,ERR,ERR,ERR,ERR,ERR,ERR,ERR,ERR,ERR,ERR,ERR,ERR,ERR,ERR,ERR,ERR,ERR,ERR,ERR,ERR,ERR,ERR,ERR,ERR,ERR,ERR,ERR,ERR,ERR,ERR,ERR,ERR,ERR,ERR,ERR,ERR,ERR,ERR,ERR,ERR,ERR,ERR,ERR,ERR,ERR,ERR,ERR,ERR,ERR,ERR,ERR,ERR,ERR,ERR,ERR,ERR,ERR,ERR,ERR,ERR,ERR,ERR,ERR,ERR,ERR,ERR,ERR,ERR,ERR,ERR,ERR,ERR,ERR,ERR,ERR,ERR,ERR,ERR,ERR,ERR,ERR,ERR,ERR,ERR,ERR,ERR,ERR,ERR,ERR,ERR,0.0,2.7184303811560617e+23,-100794720.0,0.0,0.0,1.3936040501711995e+18,7.805,0.0,0,0,4,0,7116,0.0,100,0.0,0.0,0.0,0.0,0.0,0,0,0,0,0.0,0,0,0,0,0,0,0,0,0,0,0,0,0,0,0,0,0,0,0,0,0,0,0,0,0,0,0,0,0,0,0,0,0,31,40,40,71,65476,0,300,0,0,8,21553,0.0,-107605600.0,0.0,0.0,0.0,0.0,0.0,0.0,0.0,0.0,0.0,0.0,0.0,0.0,0.0,0.0,0.0,0.0,0.0,0.0,0.0,0.0,-2.004,-0.0,2.004,0.0,0.0,0.0,0.0,0.0,4471.0,564144692527104.0,6923.0,0.0,2.7184303811560617e+23,-0.0,0.0,0.0,0.0,0.0,0.0,69,0.0,1.9056821431959552e+17,0.0,0.0,0.0,0.0,0.0,0.0,0.0,0,0,0,0.0,0.0,0.0,0.0,0.0,0.0,0.0,0.0,0.0,0.0,0.0,0.0,0.0,0.0,0.0,0.0,0,-107875648.0,69,0.0,138,0.0,2.6474893195377515e+23,0,26215,17087,39322,17104,0,17085,0,0,0,70,68,100,-0.0,82.1,0.0,78.8,-0.0,79.0,1,49,50,180,52429,13107,0,0,0.0,0.0,0.0,0.0,-0.0,67.0,0.0,162057.094,0.0,984,0,1016,0,0,0,957,0,1044,0,945,0,793,0,786,0,823,0,7520,0.032,2.5133688800429264e+20,0.0,0.0,784,16797,-0.0,162057.094,-114818.039,-0.0,0.133,6.909358625270745e+28,30.0,70.0,35,0.0,0.0,0.0,0.0,0.0,0.0,0.0,0.0,0.0,0.0,0.0,0.0,0.0,0.0,0.0,0.0,66.0,0,150,71,52,65476,0,300,0,0,8,20529,65476,0,0,44564,70.0,0.0,0.0,0.0,0.0,0.0
2026-09-10T21:05:18,ERR,ERR,ERR,ERR,ERR,ERR,ERR,ERR,ERR,ERR,ERR,ERR,ERR,ERR,ERR,ERR,ERR,ERR,ERR,ERR,ERR,ERR,ERR,ERR,ERR,ERR,ERR,ERR,ERR,ERR,ERR,ERR,ERR,ERR,ERR,ERR,ERR,ERR,ERR,ERR,ERR,ERR,ERR,ERR,ERR,ERR,ERR,ERR,ERR,ERR,ERR,ERR,ERR,ERR,ERR,ERR,ERR,ERR,ERR,ERR,ERR,ERR,ERR,ERR,ERR,ERR,ERR,ERR,ERR,ERR,ERR,ERR,ERR,ERR,ERR,ERR,ERR,ERR,ERR,ERR,ERR,ERR,ERR,ERR,ERR,ERR,ERR,ERR,ERR,ERR,ERR,ERR,ERR,ERR,ERR,ERR,ERR,ERR,ERR,ERR,ERR,ERR,ERR,ERR,ERR,ERR,ERR,ERR,ERR,ERR,ERR,ERR,ERR,ERR,ERR,ERR,ERR,ERR,ERR,ERR,ERR,ERR,ERR,ERR,ERR,0.0,2.7184303811560617e+23,-100794720.0,0.0,0.0,1.3936040501711995e+18,7.805,0.0,0,0,4,0,7116,0.0,100,0.0,0.0,0.0,0.0,0.0,0,0,0,0,0.0,0,0,0,0,0,0,0,0,0,0,0,0,0,0,0,0,0,0,0,0,0,0,0,0,0,0,0,0,0,0,0,0,0,31,40,40,71,65476,0,300,0,0,8,21553,0.0,-107605600.0,0.0,0.0,0.0,0.0,0.0,0.0,0.0,0.0,0.0,0.0,0.0,0.0,0.0,0.0,0.0,0.0,0.0,0.0,0.0,0.0,-2.004,-0.0,2.004,0.0,0.0,0.0,0.0,0.0,4471.0,564144692527104.0,6923.0,0.0,2.7184303811560617e+23,-0.0,0.0,0.0,0.0,0.0,0.0,69,0.0,1.9056821431959552e+17,0.0,0.0,0.0,0.0,0.0,0.0,0.0,0,0,0,0.0,0.0,0.0,0.0,0.0,0.0,0.0,0.0,0.0,0.0,0.0,0.0,0.0,0.0,0.0,0.0,0,-107875648.0,69,0.0,138,0.0,2.6474893195377515e+23,0,26215,17087,39322,17104,0,17085,0,0,0,70,68,100,-0.0,82.1,0.0,78.8,-0.0,79.0,1,49,50,180,52429,13107,0,0,0.0,0.0,0.0,0.0,-0.0,67.0,0.0,162057.094,0.0,984,0,1016,0,0,0,957,0,1044,0,945,0,793,0,786,0,823,0,7520,0.032,2.5133688800429264e+20,0.0,0.0,784,16797,-0.0,162057.094,-114818.039,-0.0,0.133,6.909358625270745e+28,30.0,70.0,35,0.0,0.0,0.0,0.0,0.0,0.0,0.0,0.0,0.0,0.0,0.0,0.0,0.0,0.0,0.0,0.0,66.0,0,150,71,52,65476,0,300,0,0,8,20529,65476,0,0,44564,70.0,0.0,0.0,0.0,0.0,0.0
2026-09-10T21:05:19,ERR,ERR,ERR,ERR,ERR,ERR,ERR,ERR,ERR,ERR,ERR,ERR,ERR,ERR,ERR,ERR,ERR,ERR,ERR,ERR,ERR,ERR,ERR,ERR,ERR,ERR,ERR,ERR,ERR,ERR,ERR,ERR,ERR,ERR,ERR,ERR,ERR,ERR,ERR,ERR,ERR,ERR,ERR,ERR,ERR,ERR,ERR,ERR,ERR,ERR,ERR,ERR,ERR,ERR,ERR,ERR,ERR,ERR,ERR,ERR,ERR,ERR,ERR,ERR,ERR,ERR,ERR,ERR,ERR,ERR,ERR,ERR,ERR,ERR,ERR,ERR,ERR,ERR,ERR,ERR,ERR,ERR,ERR,ERR,ERR,ERR,ERR,ERR,ERR,ERR,ERR,ERR,ERR,ERR,ERR,ERR,ERR,ERR,ERR,ERR,ERR,ERR,ERR,ERR,ERR,ERR,ERR,ERR,ERR,ERR,ERR,ERR,ERR,ERR,ERR,ERR,ERR,ERR,ERR,ERR,ERR,ERR,ERR,ERR,ERR,0.0,2.7184303811560617e+23,-100794720.0,0.0,0.0,1.3936040501711995e+18,7.805,0.0,0,0,4,0,7116,0.0,100,0.0,0.0,0.0,0.0,0.0,0,0,0,0,0.0,0,0,0,0,0,0,0,0,0,0,0,0,0,0,0,0,0,0,0,0,0,0,0,0,0,0,0,0,0,0,0,0,0,31,40,40,71,65476,0,300,0,0,8,21553,0.0,-107605600.0,0.0,0.0,0.0,0.0,0.0,0.0,0.0,0.0,0.0,0.0,0.0,0.0,0.0,0.0,0.0,0.0,0.0,0.0,0.0,0.0,-2.004,-0.0,2.004,0.0,0.0,0.0,0.0,0.0,4471.0,564144692527104.0,6923.0,0.0,2.7184303811560617e+23,-0.0,0.0,0.0,0.0,0.0,0.0,69,0.0,1.9056821431959552e+17,0.0,0.0,0.0,0.0,0.0,0.0,0.0,0,0,0,0.0,0.0,0.0,0.0,0.0,0.0,0.0,0.0,0.0,0.0,0.0,0.0,0.0,0.0,0.0,0.0,0,-107875648.0,69,0.0,138,0.0,2.6474893195377515e+23,0,26215,17087,39322,17104,0,17085,0,0,0,70,68,100,-0.0,82.1,0.0,78.8,-0.0,79.0,1,49,50,180,52429,13107,0,0,0.0,0.0,0.0,0.0,-0.0,67.0,0.0,162057.094,0.0,984,0,1016,0,0,0,957,0,1044,0,945,0,793,0,786,0,823,0,7520,0.032,2.5133688800429264e+20,0.0,0.0,784,16797,-0.0,162057.094,-114818.039,-0.0,0.133,6.909358625270745e+28,30.0,70.0,35,0.0,0.0,0.0,0.0,0.0,0.0,0.0,0.0,0.0,0.0,0.0,0.0,0.0,0.0,0.0,0.0,66.0,0,150,71,52,65476,0,300,0,0,8,20529,65476,0,0,44564,70.0,0.0,0.0,0.0,0.0,0.0
2026-09-10T21:05:20,ERR,ERR,ERR,ERR,ERR,ERR,ERR,ERR,ERR,ERR,ERR,ERR,ERR,ERR,ERR,ERR,ERR,ERR,ERR,ERR,ERR,ERR,ERR,ERR,ERR,ERR,ERR,ERR,ERR,ERR,ERR,ERR,ERR,ERR,ERR,ERR,ERR,ERR,ERR,ERR,ERR,ERR,ERR,ERR,ERR,ERR,ERR,ERR,ERR,ERR,ERR,ERR,ERR,ERR,ERR,ERR,ERR,ERR,ERR,ERR,ERR,ERR,ERR,ERR,ERR,ERR,ERR,ERR,ERR,ERR,ERR,ERR,ERR,ERR,ERR,ERR,ERR,ERR,ERR,ERR,ERR,ERR,ERR,ERR,ERR,ERR,ERR,ERR,ERR,ERR,ERR,ERR,ERR,ERR,ERR,ERR,ERR,ERR,ERR,ERR,ERR,ERR,ERR,ERR,ERR,ERR,ERR,ERR,ERR,ERR,ERR,ERR,ERR,ERR,ERR,ERR,ERR,ERR,ERR,ERR,ERR,ERR,ERR,ERR,ERR,0.0,2.7184303811560617e+23,-100794720.0,0.0,0.0,1.3936040501711995e+18,7.805,0.0,0,0,4,0,7116,0.0,100,0.0,0.0,0.0,0.0,0.0,0,0,0,0,0.0,0,0,0,0,0,0,0,0,0,0,0,0,0,0,0,0,0,0,0,0,0,0,0,0,0,0,0,0,0,0,0,0,0,31,40,40,71,65476,0,300,0,0,8,21553,0.0,-107605600.0,0.0,0.0,0.0,0.0,0.0,0.0,0.0,0.0,0.0,0.0,0.0,0.0,0.0,0.0,0.0,0.0,0.0,0.0,0.0,0.0,-2.004,-0.0,2.004,0.0,0.0,0.0,0.0,0.0,4471.0,564144692527104.0,6923.0,0.0,2.7184303811560617e+23,-0.0,0.0,0.0,0.0,0.0,0.0,69,0.0,1.9056821431959552e+17,0.0,0.0,0.0,0.0,0.0,0.0,0.0,0,0,0,0.0,0.0,0.0,0.0,0.0,0.0,0.0,0.0,0.0,0.0,0.0,0.0,0.0,0.0,0.0,0.0,0,-107875648.0,69,0.0,138,0.0,2.6474893195377515e+23,0,26215,17087,39322,17104,0,17085,0,0,0,70,68,100,-0.0,82.1,0.0,78.8,-0.0,79.0,1,49,50,180,52429,13107,0,0,0.0,0.0,0.0,0.0,-0.0,67.0,0.0,162057.094,0.0,984,0,1016,0,0,0,957,0,1044,0,945,0,793,0,786,0,823,0,7520,0.032,2.5133688800429264e+20,0.0,0.0,784,16797,-0.0,162057.094,-114818.039,-0.0,0.133,6.909358625270745e+28,30.0,70.0,35,0.0,0.0,0.0,0.0,0.0,0.0,0.0,0.0,0.0,0.0,0.0,0.0,0.0,0.0,0.0,0.0,66.0,0,150,71,52,65476,0,300,0,0,8,20529,65476,0,0,44564,70.0,0.0,0.0,0.0,0.0,0.0
2026-09-10T21:05:21,ERR,ERR,ERR,ERR,ERR,ERR,ERR,ERR,ERR,ERR,ERR,ERR,ERR,ERR,ERR,ERR,ERR,ERR,ERR,ERR,ERR,ERR,ERR,ERR,ERR,ERR,ERR,ERR,ERR,ERR,ERR,ERR,ERR,ERR,ERR,ERR,ERR,ERR,ERR,ERR,ERR,ERR,ERR,ERR,ERR,ERR,ERR,ERR,ERR,ERR,ERR,ERR,ERR,ERR,ERR,ERR,ERR,ERR,ERR,ERR,ERR,ERR,ERR,ERR,ERR,ERR,ERR,ERR,ERR,ERR,ERR,ERR,ERR,ERR,ERR,ERR,ERR,ERR,ERR,ERR,ERR,ERR,ERR,ERR,ERR,ERR,ERR,ERR,ERR,ERR,ERR,ERR,ERR,ERR,ERR,ERR,ERR,ERR,ERR,ERR,ERR,ERR,ERR,ERR,ERR,ERR,ERR,ERR,ERR,ERR,ERR,ERR,ERR,ERR,ERR,ERR,ERR,ERR,ERR,ERR,ERR,ERR,ERR,ERR,ERR,0.0,2.7184303811560617e+23,-100794720.0,0.0,0.0,1.3936040501711995e+18,7.805,0.0,0,0,4,0,7116,0.0,100,0.0,0.0,0.0,0.0,0.0,0,0,0,0,0.0,0,0,0,0,0,0,0,0,0,0,0,0,0,0,0,0,0,0,0,0,0,0,0,0,0,0,0,0,0,0,0,0,0,31,40,40,71,65476,0,300,0,0,8,21553,0.0,-107605600.0,0.0,0.0,0.0,0.0,0.0,0.0,0.0,0.0,0.0,0.0,0.0,0.0,0.0,0.0,0.0,0.0,0.0,0.0,0.0,0.0,-2.004,-0.0,2.004,0.0,0.0,0.0,0.0,0.0,4471.0,564144692527104.0,6923.0,0.0,2.7184303811560617e+23,-0.0,0.0,0.0,0.0,0.0,0.0,69,0.0,1.9056821431959552e+17,0.0,0.0,0.0,0.0,0.0,0.0,0.0,0,0,0,0.0,0.0,0.0,0.0,0.0,0.0,0.0,0.0,0.0,0.0,0.0,0.0,0.0,0.0,0.0,0.0,0,-107875648.0,69,0.0,138,0.0,2.6474893195377515e+23,0,26215,17087,39322,17104,0,17085,0,0,0,70,68,100,-0.0,82.1,0.0,78.8,-0.0,79.0,1,49,50,180,52429,13107,0,0,0.0,0.0,0.0,0.0,-0.0,67.0,0.0,162057.094,0.0,984,0,1016,0,0,0,957,0,1044,0,945,0,793,0,786,0,823,0,7520,0.032,2.5133688800429264e+20,0.0,0.0,784,16797,-0.0,162057.094,-114818.039,-0.0,0.133,6.909358625270745e+28,30.0,70.0,35,0.0,0.0,0.0,0.0,0.0,0.0,0.0,0.0,0.0,0.0,0.0,0.0,0.0,0.0,0.0,0.0,66.0,0,150,71,52,65476,0,300,0,0,8,20529,65476,0,0,44564,70.0,0.0,0.0,0.0,0.0,0.0
2026-09-10T21:05:22,ERR,ERR,ERR,ERR,ERR,ERR,ERR,ERR,ERR,ERR,ERR,ERR,ERR,ERR,ERR,ERR,ERR,ERR,ERR,ERR,ERR,ERR,ERR,ERR,ERR,ERR,ERR,ERR,ERR,ERR,ERR,ERR,ERR,ERR,ERR,ERR,ERR,ERR,ERR,ERR,ERR,ERR,ERR,ERR,ERR,ERR,ERR,ERR,ERR,ERR,ERR,ERR,ERR,ERR,ERR,ERR,ERR,ERR,ERR,ERR,ERR,ERR,ERR,ERR,ERR,ERR,ERR,ERR,ERR,ERR,ERR,ERR,ERR,ERR,ERR,ERR,ERR,ERR,ERR,ERR,ERR,ERR,ERR,ERR,ERR,ERR,ERR,ERR,ERR,ERR,ERR,ERR,ERR,ERR,ERR,ERR,ERR,ERR,ERR,ERR,ERR,ERR,ERR,ERR,ERR,ERR,ERR,ERR,ERR,ERR,ERR,ERR,ERR,ERR,ERR,ERR,ERR,ERR,ERR,ERR,ERR,ERR,ERR,ERR,ERR,0.0,2.7184303811560617e+23,-100794720.0,0.0,0.0,1.3936040501711995e+18,7.805,0.0,0,0,4,0,7116,0.0,100,0.0,0.0,0.0,0.0,0.0,0,0,0,0,0.0,0,0,0,0,0,0,0,0,0,0,0,0,0,0,0,0,0,0,0,0,0,0,0,0,0,0,0,0,0,0,0,0,0,31,40,40,71,65476,0,300,0,0,8,21553,0.0,-107605600.0,0.0,0.0,0.0,0.0,0.0,0.0,0.0,0.0,0.0,0.0,0.0,0.0,0.0,0.0,0.0,0.0,0.0,0.0,0.0,0.0,-2.004,-0.0,2.004,0.0,0.0,0.0,0.0,0.0,4471.0,564144692527104.0,6923.0,0.0,2.7184303811560617e+23,-0.0,0.0,0.0,0.0,0.0,0.0,69,0.0,1.9056821431959552e+17,0.0,0.0,0.0,0.0,0.0,0.0,0.0,0,0,0,0.0,0.0,0.0,0.0,0.0,0.0,0.0,0.0,0.0,0.0,0.0,0.0,0.0,0.0,0.0,0.0,0,-107875648.0,69,0.0,138,0.0,2.6474893195377515e+23,0,26215,17087,52429,17104,0,17085,0,0,0,70,68,100,-0.0,82.1,0.0,78.8,-0.0,79.0,1,49,50,180,52429,13107,0,0,0.0,0.0,0.0,0.0,-0.0,67.0,0.0,162057.094,0.0,984,0,1016,0,0,0,957,0,1044,0,945,0,793,0,786,0,823,0,7520,0.032,2.524898095088995e+20,0.0,0.0,784,16797,-0.0,162057.094,-114818.039,-0.0,0.133,6.909358625270745e+28,30.0,70.0,35,0.0,0.0,0.0,0.0,0.0,0.0,0.0,0.0,0.0,0.0,0.0,0.0,0.0,0.0,0.0,0.0,66.0,0,150,71,52,65476,0,300,0,0,8,20529,65476,0,0,44564,70.0,0.0,0.0,0.0,0.0,0.0
2026-09-10T21:05:23,ERR,ERR,ERR,ERR,ERR,ERR,ERR,ERR,ERR,ERR,ERR,ERR,ERR,ERR,ERR,ERR,ERR,ERR,ERR,ERR,ERR,ERR,ERR,ERR,ERR,ERR,ERR,ERR,ERR,ERR,ERR,ERR,ERR,ERR,ERR,ERR,ERR,ERR,ERR,ERR,ERR,ERR,ERR,ERR,ERR,ERR,ERR,ERR,ERR,ERR,ERR,ERR,ERR,ERR,ERR,ERR,ERR,ERR,ERR,ERR,ERR,ERR,ERR,ERR,ERR,ERR,ERR,ERR,ERR,ERR,ERR,ERR,ERR,ERR,ERR,ERR,ERR,ERR,ERR,ERR,ERR,ERR,ERR,ERR,ERR,ERR,ERR,ERR,ERR,ERR,ERR,ERR,ERR,ERR,ERR,ERR,ERR,ERR,ERR,ERR,ERR,ERR,ERR,ERR,ERR,ERR,ERR,ERR,ERR,ERR,ERR,ERR,ERR,ERR,ERR,ERR,ERR,ERR,ERR,ERR,ERR,ERR,ERR,ERR,ERR,0.0,2.7184303811560617e+23,-100794720.0,0.0,0.0,1.3936040501711995e+18,7.805,0.0,0,0,4,0,7116,0.0,100,0.0,0.0,0.0,0.0,0.0,0,0,0,0,0.0,0,0,0,0,0,0,0,0,0,0,0,0,0,0,0,0,0,0,0,0,0,0,0,0,0,0,0,0,0,0,0,0,0,31,40,40,71,65476,0,300,0,0,8,21553,0.0,-107605600.0,0.0,0.0,0.0,0.0,0.0,0.0,0.0,0.0,0.0,0.0,0.0,0.0,0.0,0.0,0.0,0.0,0.0,0.0,0.0,0.0,-2.004,-0.0,2.004,0.0,0.0,0.0,0.0,0.0,4471.0,564144692527104.0,6923.0,0.0,2.7184303811560617e+23,-0.0,0.0,0.0,0.0,0.0,0.0,69,0.0,1.9056821431959552e+17,0.0,0.0,0.0,0.0,0.0,0.0,0.0,0,0,0,0.0,0.0,0.0,0.0,0.0,0.0,0.0,0.0,0.0,0.0,0.0,0.0,0.0,0.0,0.0,0.0,0,-107875648.0,69,0.0,138,0.0,2.6474893195377515e+23,0,26215,17087,52429,17104,0,17085,0,0,0,70,68,100,-0.0,82.1,0.0,78.8,-0.0,79.0,1,49,50,180,52429,13107,0,0,0.0,0.0,0.0,0.0,-0.0,67.0,0.0,162057.094,0.0,984,0,1016,0,0,0,957,0,1044,0,945,0,793,0,786,0,823,0,7520,0.032,2.524898095088995e+20,0.0,0.0,784,16797,-0.0,162057.094,-114818.039,-0.0,0.133,6.909358625270745e+28,30.0,70.0,35,0.0,0.0,0.0,0.0,0.0,0.0,0.0,0.0,0.0,0.0,0.0,0.0,0.0,0.0,0.0,0.0,66.0,0,150,71,52,65476,0,300,0,0,8,20529,65476,0,0,44564,70.0,0.0,0.0,0.0,0.0,0.0
2026-09-10T21:05:24,ERR,ERR,ERR,ERR,ERR,ERR,ERR,ERR,ERR,ERR,ERR,ERR,ERR,ERR,ERR,ERR,ERR,ERR,ERR,ERR,ERR,ERR,ERR,ERR,ERR,ERR,ERR,ERR,ERR,ERR,ERR,ERR,ERR,ERR,ERR,ERR,ERR,ERR,ERR,ERR,ERR,ERR,ERR,ERR,ERR,ERR,ERR,ERR,ERR,ERR,ERR,ERR,ERR,ERR,ERR,ERR,ERR,ERR,ERR,ERR,ERR,ERR,ERR,ERR,ERR,ERR,ERR,ERR,ERR,ERR,ERR,ERR,ERR,ERR,ERR,ERR,ERR,ERR,ERR,ERR,ERR,ERR,ERR,ERR,ERR,ERR,ERR,ERR,ERR,ERR,ERR,ERR,ERR,ERR,ERR,ERR,ERR,ERR,ERR,ERR,ERR,ERR,ERR,ERR,ERR,ERR,ERR,ERR,ERR,ERR,ERR,ERR,ERR,ERR,ERR,ERR,ERR,ERR,ERR,ERR,ERR,ERR,ERR,ERR,ERR,0.0,-0.0,0.0,0.0,0.0,1.3936040501711995e+18,7.805,0.0,0,0,4,0,7116,0.0,100,0.0,0.0,0.0,0.0,0.0,0,0,0,0,0.0,0,0,0,0,0,0,0,0,0,0,0,0,0,0,0,0,0,0,0,0,0,0,0,0,0,0,0,0,0,0,0,0,0,31,40,40,71,65476,0,300,0,0,8,21553,0.0,-107605600.0,0.0,0.0,0.0,0.0,0.0,0.0,0.0,0.0,0.0,0.0,0.0,0.0,0.0,0.0,0.0,0.0,0.0,0.0,0.0,0.0,-2.004,-0.0,2.004,0.0,0.0,0.0,0.0,0.0,4476.0,131350.172,6921.0,0.0,-0.0,-0.0,0.0,0.0,0.0,0.0,0.0,69,0.0,89220.391,0.0,0.0,0.0,0.0,0.0,0.0,0.0,0,0,0,0.0,0.0,0.0,0.0,0.0,0.0,0.0,0.0,0.0,0.0,0.0,0.0,0.0,0.0,0.0,0.0,0,-107875648.0,69,0.0,138,0.0,2.6474893195377515e+23,0,26215,17087,52429,17104,0,17085,0,0,0,70,68,100,-0.0,82.1,0.0,78.8,-0.0,79.0,1,49,50,180,52429,13107,0,0,0.0,0.0,0.0,0.0,-0.0,67.0,0.0,162057.094,0.0,984,0,1016,0,0,0,957,0,1044,0,945,0,793,0,786,0,823,0,7520,0.032,2.524898095088995e+20,0.0,0.0,784,16797,-0.0,162057.094,-114818.039,-0.0,0.133,6.909358625270745e+28,30.0,70.0,35,0.0,0.0,0.0,0.0,0.0,0.0,0.0,0.0,0.0,0.0,0.0,0.0,0.0,0.0,0.0,0.0,66.0,0,150,71,52,65476,0,300,0,0,8,20529,65476,0,0,44564,70.0,0.0,0.0,0.0,0.0,0.0
2026-09-10T21:05:25,ERR,ERR,ERR,ERR,ERR,ERR,ERR,ERR,ERR,ERR,ERR,ERR,ERR,ERR,ERR,ERR,ERR,ERR,ERR,ERR,ERR,ERR,ERR,ERR,ERR,ERR,ERR,ERR,ERR,ERR,ERR,ERR,ERR,ERR,ERR,ERR,ERR,ERR,ERR,ERR,ERR,ERR,ERR,ERR,ERR,ERR,ERR,ERR,ERR,ERR,ERR,ERR,ERR,ERR,ERR,ERR,ERR,ERR,ERR,ERR,ERR,ERR,ERR,ERR,ERR,ERR,ERR,ERR,ERR,ERR,ERR,ERR,ERR,ERR,ERR,ERR,ERR,ERR,ERR,ERR,ERR,ERR,ERR,ERR,ERR,ERR,ERR,ERR,ERR,ERR,ERR,ERR,ERR,ERR,ERR,ERR,ERR,ERR,ERR,ERR,ERR,ERR,ERR,ERR,ERR,ERR,ERR,ERR,ERR,ERR,ERR,ERR,ERR,ERR,ERR,ERR,ERR,ERR,ERR,ERR,ERR,ERR,ERR,ERR,ERR,0.0,-0.0,0.0,0.0,0.0,1.3936040501711995e+18,7.805,0.0,0,0,4,0,7116,0.0,100,0.0,0.0,0.0,0.0,0.0,0,0,0,0,0.0,0,0,0,0,0,0,0,0,0,0,0,0,0,0,0,0,0,0,0,0,0,0,0,0,0,0,0,0,0,0,0,0,0,31,40,40,71,65476,0,300,0,0,8,21553,0.0,-107605600.0,0.0,0.0,0.0,0.0,0.0,0.0,0.0,0.0,0.0,0.0,0.0,0.0,0.0,0.0,0.0,0.0,0.0,0.0,0.0,0.0,-2.004,-0.0,2.004,0.0,0.0,0.0,0.0,0.0,4476.0,131350.172,6921.0,0.0,-0.0,-0.0,0.0,0.0,0.0,0.0,0.0,69,0.0,89220.391,0.0,0.0,0.0,0.0,0.0,0.0,0.0,0,0,0,0.0,0.0,0.0,0.0,0.0,0.0,0.0,0.0,0.0,0.0,0.0,0.0,0.0,0.0,0.0,0.0,0,-107875648.0,69,0.0,138,0.0,2.6474893195377515e+23,0,26215,17087,52429,17104,0,17085,0,0,0,70,68,100,-0.0,82.1,0.0,78.8,-0.0,79.0,1,49,50,180,52429,13107,0,0,0.0,0.0,0.0,0.0,-0.0,67.0,0.0,162057.094,0.0,984,0,1016,0,0,0,957,0,1044,0,945,0,793,0,786,0,823,0,7520,0.032,2.524898095088995e+20,0.0,0.0,784,16797,-0.0,162057.094,-114818.039,-0.0,0.133,6.909358625270745e+28,30.0,70.0,35,0.0,0.0,0.0,0.0,0.0,0.0,0.0,0.0,0.0,0.0,0.0,0.0,0.0,0.0,0.0,0.0,66.0,0,150,71,52,65476,0,300,0,0,8,20529,65476,0,0,44564,70.0,0.0,0.0,0.0,0.0,0.0
2026-09-10T21:05:26,ERR,ERR,ERR,ERR,ERR,ERR,ERR,ERR,ERR,ERR,ERR,ERR,ERR,ERR,ERR,ERR,ERR,ERR,ERR,ERR,ERR,ERR,ERR,ERR,ERR,ERR,ERR,ERR,ERR,ERR,ERR,ERR,ERR,ERR,ERR,ERR,ERR,ERR,ERR,ERR,ERR,ERR,ERR,ERR,ERR,ERR,ERR,ERR,ERR,ERR,ERR,ERR,ERR,ERR,ERR,ERR,ERR,ERR,ERR,ERR,ERR,ERR,ERR,ERR,ERR,ERR,ERR,ERR,ERR,ERR,ERR,ERR,ERR,ERR,ERR,ERR,ERR,ERR,ERR,ERR,ERR,ERR,ERR,ERR,ERR,ERR,ERR,ERR,ERR,ERR,ERR,ERR,ERR,ERR,ERR,ERR,ERR,ERR,ERR,ERR,ERR,ERR,ERR,ERR,ERR,ERR,ERR,ERR,ERR,ERR,ERR,ERR,ERR,ERR,ERR,ERR,ERR,ERR,ERR,ERR,ERR,ERR,ERR,ERR,ERR,0.0,-0.0,0.0,0.0,0.0,1.3936040501711995e+18,7.805,0.0,0,0,4,0,7116,0.0,100,0.0,0.0,0.0,0.0,0.0,0,0,0,0,0.0,0,0,0,0,0,0,0,0,0,0,0,0,0,0,0,0,0,0,0,0,0,0,0,0,0,0,0,0,0,0,0,0,0,31,40,40,71,65476,0,300,0,0,8,21553,0.0,-107605600.0,0.0,0.0,0.0,0.0,0.0,0.0,0.0,0.0,0.0,0.0,0.0,0.0,0.0,0.0,0.0,0.0,0.0,0.0,0.0,0.0,-2.004,-0.0,2.004,0.0,0.0,0.0,0.0,0.0,4476.0,131350.172,6921.0,0.0,-0.0,-0.0,0.0,0.0,0.0,0.0,0.0,69,0.0,89220.391,0.0,0.0,0.0,0.0,0.0,0.0,0.0,0,0,0,0.0,0.0,0.0,0.0,0.0,0.0,0.0,0.0,0.0,0.0,0.0,0.0,0.0,0.0,0.0,0.0,0,-107875648.0,69,0.0,138,0.0,2.6474893195377515e+23,0,26215,17087,52429,17104,0,17085,0,0,0,70,68,100,-0.0,82.1,0.0,78.8,-0.0,79.0,1,49,50,180,52429,13107,0,0,0.0,0.0,0.0,0.0,-0.0,67.0,0.0,162057.094,0.0,984,0,1016,0,0,0,957,0,1044,0,945,0,793,0,786,0,823,0,7520,0.032,2.524898095088995e+20,0.0,0.0,784,16797,-0.0,162057.094,-114818.039,-0.0,0.133,6.909358625270745e+28,30.0,70.0,35,0.0,0.0,0.0,0.0,0.0,0.0,0.0,0.0,0.0,0.0,0.0,0.0,0.0,0.0,0.0,0.0,66.0,0,150,71,52,65476,0,300,0,0,8,20529,65476,0,0,44564,70.0,0.0,0.0,0.0,0.0,0.0
2026-09-10T21:05:27,ERR,ERR,ERR,ERR,ERR,ERR,ERR,ERR,ERR,ERR,ERR,ERR,ERR,ERR,ERR,ERR,ERR,ERR,ERR,ERR,ERR,ERR,ERR,ERR,ERR,ERR,ERR,ERR,ERR,ERR,ERR,ERR,ERR,ERR,ERR,ERR,ERR,ERR,ERR,ERR,ERR,ERR,ERR,ERR,ERR,ERR,ERR,ERR,ERR,ERR,ERR,ERR,ERR,ERR,ERR,ERR,ERR,ERR,ERR,ERR,ERR,ERR,ERR,ERR,ERR,ERR,ERR,ERR,ERR,ERR,ERR,ERR,ERR,ERR,ERR,ERR,ERR,ERR,ERR,ERR,ERR,ERR,ERR,ERR,ERR,ERR,ERR,ERR,ERR,ERR,ERR,ERR,ERR,ERR,ERR,ERR,ERR,ERR,ERR,ERR,ERR,ERR,ERR,ERR,ERR,ERR,ERR,ERR,ERR,ERR,ERR,ERR,ERR,ERR,ERR,ERR,ERR,ERR,ERR,ERR,ERR,ERR,ERR,ERR,ERR,0.0,-0.0,0.0,0.0,0.0,1.3936040501711995e+18,7.805,0.0,0,0,4,0,7116,0.0,100,0.0,0.0,0.0,0.0,0.0,0,0,0,0,0.0,0,0,0,0,0,0,0,0,0,0,0,0,0,0,0,0,0,0,0,0,0,0,0,0,0,0,0,0,0,0,0,0,0,31,40,40,71,65476,0,300,0,0,8,21553,0.0,-107605600.0,0.0,0.0,0.0,0.0,0.0,0.0,0.0,0.0,0.0,0.0,0.0,0.0,0.0,0.0,0.0,0.0,0.0,0.0,0.0,0.0,-2.004,-0.0,2.004,0.0,0.0,0.0,0.0,0.0,4476.0,131350.172,6921.0,0.0,-0.0,-0.0,0.0,0.0,0.0,0.0,0.0,69,0.0,89220.391,0.0,0.0,0.0,0.0,0.0,0.0,0.0,0,0,0,0.0,0.0,0.0,0.0,0.0,0.0,0.0,0.0,0.0,0.0,0.0,0.0,0.0,0.0,0.0,0.0,0,-107875648.0,69,0.0,138,0.0,2.6474893195377515e+23,0,26215,17087,39322,17104,0,17085,0,0,0,70,68,100,-0.0,82.1,0.0,78.8,-0.0,79.0,1,49,50,180,52429,13107,0,0,0.0,0.0,0.0,0.0,-0.0,67.0,0.0,162057.094,0.0,984,0,1016,0,0,0,957,0,1043,0,945,0,793,0,786,0,823,0,7520,0.032,2.5133688800429264e+20,0.0,0.0,784,16797,-0.0,162057.094,-114818.039,-0.0,0.133,6.909358625270745e+28,30.0,70.0,35,0.0,0.0,0.0,0.0,0.0,0.0,0.0,0.0,0.0,0.0,0.0,0.0,0.0,0.0,0.0,0.0,66.0,0,150,71,52,65476,0,300,0,0,8,20529,65476,0,0,44564,70.0,0.0,0.0,0.0,0.0,0.0
2026-09-10T21:05:28,ERR,ERR,ERR,ERR,ERR,ERR,ERR,ERR,ERR,ERR,ERR,ERR,ERR,ERR,ERR,ERR,ERR,ERR,ERR,ERR,ERR,ERR,ERR,ERR,ERR,ERR,ERR,ERR,ERR,ERR,ERR,ERR,ERR,ERR,ERR,ERR,ERR,ERR,ERR,ERR,ERR,ERR,ERR,ERR,ERR,ERR,ERR,ERR,ERR,ERR,ERR,ERR,ERR,ERR,ERR,ERR,ERR,ERR,ERR,ERR,ERR,ERR,ERR,ERR,ERR,ERR,ERR,ERR,ERR,ERR,ERR,ERR,ERR,ERR,ERR,ERR,ERR,ERR,ERR,ERR,ERR,ERR,ERR,ERR,ERR,ERR,ERR,ERR,ERR,ERR,ERR,ERR,ERR,ERR,ERR,ERR,ERR,ERR,ERR,ERR,ERR,ERR,ERR,ERR,ERR,ERR,ERR,ERR,ERR,ERR,ERR,ERR,ERR,ERR,ERR,ERR,ERR,ERR,ERR,ERR,ERR,ERR,ERR,ERR,ERR,0.0,-0.0,0.0,0.0,0.0,1.3936040501711995e+18,7.805,0.0,0,0,4,0,7116,0.0,100,0.0,0.0,0.0,0.0,0.0,0,0,0,0,0.0,0,0,0,0,0,0,0,0,0,0,0,0,0,0,0,0,0,0,0,0,0,0,0,0,0,0,0,0,0,0,0,0,0,31,40,40,71,65476,0,300,0,0,8,21553,0.0,-107605600.0,0.0,0.0,0.0,0.0,0.0,0.0,0.0,0.0,0.0,0.0,0.0,0.0,0.0,0.0,0.0,0.0,0.0,0.0,0.0,0.0,-2.004,-0.0,2.004,0.0,0.0,0.0,0.0,0.0,4476.0,131350.172,6921.0,0.0,-0.0,-0.0,0.0,0.0,0.0,0.0,0.0,69,0.0,89220.391,0.0,0.0,0.0,0.0,0.0,0.0,0.0,0,0,0,0.0,0.0,0.0,0.0,0.0,0.0,0.0,0.0,0.0,0.0,0.0,0.0,0.0,0.0,0.0,0.0,0,-107875648.0,69,0.0,138,0.0,2.6474893195377515e+23,0,26215,17087,39322,17104,0,17085,0,0,0,70,68,100,-0.0,82.1,0.0,78.8,-0.0,79.0,1,49,50,180,52429,13107,0,0,0.0,0.0,0.0,0.0,-0.0,67.0,0.0,162057.094,0.0,984,0,1016,0,0,0,957,0,1043,0,945,0,793,0,786,0,823,0,7520,0.032,2.5133688800429264e+20,0.0,0.0,784,16797,-0.0,162057.094,-114818.039,-0.0,0.133,6.909358625270745e+28,30.0,70.0,35,0.0,0.0,0.0,0.0,0.0,0.0,0.0,0.0,0.0,0.0,0.0,0.0,0.0,0.0,0.0,0.0,66.0,0,150,71,52,65476,0,300,0,0,8,20529,65476,0,0,44564,70.0,0.0,0.0,0.0,0.0,0.0
2026-09-10T21:05:29,ERR,ERR,ERR,ERR,ERR,ERR,ERR,ERR,ERR,ERR,ERR,ERR,ERR,ERR,ERR,ERR,ERR,ERR,ERR,ERR,ERR,ERR,ERR,ERR,ERR,ERR,ERR,ERR,ERR,ERR,ERR,ERR,ERR,ERR,ERR,ERR,ERR,ERR,ERR,ERR,ERR,ERR,ERR,ERR,ERR,ERR,ERR,ERR,ERR,ERR,ERR,ERR,ERR,ERR,ERR,ERR,ERR,ERR,ERR,ERR,ERR,ERR,ERR,ERR,ERR,ERR,ERR,ERR,ERR,ERR,ERR,ERR,ERR,ERR,ERR,ERR,ERR,ERR,ERR,ERR,ERR,ERR,ERR,ERR,ERR,ERR,ERR,ERR,ERR,ERR,ERR,ERR,ERR,ERR,ERR,ERR,ERR,ERR,ERR,ERR,ERR,ERR,ERR,ERR,ERR,ERR,ERR,ERR,ERR,ERR,ERR,ERR,ERR,ERR,ERR,ERR,ERR,ERR,ERR,ERR,ERR,ERR,ERR,ERR,ERR,0.0,-0.0,0.0,0.0,0.0,1.3936040501711995e+18,7.805,0.0,0,0,4,0,7116,0.0,100,0.0,0.0,0.0,0.0,0.0,0,0,0,0,0.0,0,0,0,0,0,0,0,0,0,0,0,0,0,0,0,0,0,0,0,0,0,0,0,0,0,0,0,0,0,0,0,0,0,31,40,40,71,65476,0,300,0,0,8,21553,0.0,-107605600.0,0.0,0.0,0.0,0.0,0.0,0.0,0.0,0.0,0.0,0.0,0.0,0.0,0.0,0.0,0.0,0.0,0.0,0.0,0.0,0.0,-2.004,-0.0,2.004,0.0,0.0,0.0,0.0,0.0,4476.0,131350.172,6921.0,0.0,-0.0,-0.0,0.0,0.0,0.0,0.0,0.0,69,0.0,89220.391,0.0,0.0,0.0,0.0,0.0,0.0,0.0,0,0,0,0.0,0.0,0.0,0.0,0.0,0.0,0.0,0.0,0.0,0.0,0.0,0.0,0.0,0.0,0.0,0.0,0,-107875648.0,69,0.0,138,0.0,2.6474893195377515e+23,0,26215,17087,39322,17104,0,17085,0,0,0,70,68,100,-0.0,82.1,0.0,78.8,-0.0,79.0,1,49,50,180,52429,13107,0,0,0.0,0.0,0.0,0.0,-0.0,67.0,0.0,162057.094,0.0,984,0,1016,0,0,0,957,0,1043,0,945,0,793,0,786,0,823,0,7520,0.032,2.5133688800429264e+20,0.0,0.0,784,16797,-0.0,162057.094,-114818.039,-0.0,0.133,6.909358625270745e+28,30.0,70.0,35,0.0,0.0,0.0,0.0,0.0,0.0,0.0,0.0,0.0,0.0,0.0,0.0,0.0,0.0,0.0,0.0,66.4,0,150,71,52,65476,0,300,0,0,8,20529,65476,0,0,44564,70.0,0.0,0.0,0.0,0.0,0.0
2026-09-10T21:05:30,ERR,ERR,ERR,ERR,ERR,ERR,ERR,ERR,ERR,ERR,ERR,ERR,ERR,ERR,ERR,ERR,ERR,ERR,ERR,ERR,ERR,ERR,ERR,ERR,ERR,ERR,ERR,ERR,ERR,ERR,ERR,ERR,ERR,ERR,ERR,ERR,ERR,ERR,ERR,ERR,ERR,ERR,ERR,ERR,ERR,ERR,ERR,ERR,ERR,ERR,ERR,ERR,ERR,ERR,ERR,ERR,ERR,ERR,ERR,ERR,ERR,ERR,ERR,ERR,ERR,ERR,ERR,ERR,ERR,ERR,ERR,ERR,ERR,ERR,ERR,ERR,ERR,ERR,ERR,ERR,ERR,ERR,ERR,ERR,ERR,ERR,ERR,ERR,ERR,ERR,ERR,ERR,ERR,ERR,ERR,ERR,ERR,ERR,ERR,ERR,ERR,ERR,ERR,ERR,ERR,ERR,ERR,ERR,ERR,ERR,ERR,ERR,ERR,ERR,ERR,ERR,ERR,ERR,ERR,ERR,ERR,ERR,ERR,ERR,ERR,0.0,2.7184303811560617e+23,-100794720.0,0.0,0.0,1.3936040501711995e+18,7.805,0.0,0,0,4,0,7116,0.0,100,0.0,0.0,0.0,0.0,0.0,0,0,0,0,0.0,0,0,0,0,0,0,0,0,0,0,0,0,0,0,0,0,0,0,0,0,0,0,0,0,0,0,0,0,0,0,0,0,0,31,40,40,71,65476,0,300,0,0,8,21553,0.0,-107605600.0,0.0,0.0,0.0,0.0,0.0,0.0,0.0,0.0,0.0,0.0,0.0,0.0,0.0,0.0,0.0,0.0,0.0,0.0,0.0,0.0,-2.004,-0.0,2.004,0.0,0.0,0.0,0.0,0.0,4473.0,0.0,6918.0,0.0,2.7184303811560617e+23,-0.0,0.0,0.0,0.0,0.0,0.0,69,0.0,0.0,0.0,0.0,0.0,0.0,0.0,0.0,0.0,0,0,0,0.0,0.0,0.0,0.0,0.0,0.0,0.0,0.0,0.0,0.0,0.0,0.0,0.0,0.0,0.0,0.0,0,-107875648.0,69,0.0,138,0.0,2.6474893195377515e+23,0,26215,17087,39322,17104,0,17085,0,0,0,70,68,100,-0.0,82.1,0.0,78.8,-0.0,79.0,1,49,50,180,52429,13107,0,0,0.0,0.0,0.0,0.0,-0.0,67.0,0.0,162057.094,0.0,984,0,1016,0,0,0,957,0,1043,0,945,0,793,0,786,0,823,0,7520,0.032,2.5133688800429264e+20,0.0,0.0,784,16797,-0.0,162057.094,-114818.039,-0.0,0.133,6.909358625270745e+28,30.0,70.0,35,0.0,0.0,0.0,0.0,0.0,0.0,0.0,0.0,0.0,0.0,0.0,0.0,0.0,0.0,0.0,0.0,66.4,0,150,71,52,65476,0,300,0,0,8,20529,65476,0,0,44564,70.0,0.0,0.0,0.0,0.0,0.0
2026-09-10T21:05:31,ERR,ERR,ERR,ERR,ERR,ERR,ERR,ERR,ERR,ERR,ERR,ERR,ERR,ERR,ERR,ERR,ERR,ERR,ERR,ERR,ERR,ERR,ERR,ERR,ERR,ERR,ERR,ERR,ERR,ERR,ERR,ERR,ERR,ERR,ERR,ERR,ERR,ERR,ERR,ERR,ERR,ERR,ERR,ERR,ERR,ERR,ERR,ERR,ERR,ERR,ERR,ERR,ERR,ERR,ERR,ERR,ERR,ERR,ERR,ERR,ERR,ERR,ERR,ERR,ERR,ERR,ERR,ERR,ERR,ERR,ERR,ERR,ERR,ERR,ERR,ERR,ERR,ERR,ERR,ERR,ERR,ERR,ERR,ERR,ERR,ERR,ERR,ERR,ERR,ERR,ERR,ERR,ERR,ERR,ERR,ERR,ERR,ERR,ERR,ERR,ERR,ERR,ERR,ERR,ERR,ERR,ERR,ERR,ERR,ERR,ERR,ERR,ERR,ERR,ERR,ERR,ERR,ERR,ERR,ERR,ERR,ERR,ERR,ERR,ERR,0.0,2.7184303811560617e+23,-100794720.0,0.0,0.0,1.3936040501711995e+18,7.805,0.0,0,0,4,0,7116,0.0,100,0.0,0.0,0.0,0.0,0.0,0,0,0,0,0.0,0,0,0,0,0,0,0,0,0,0,0,0,0,0,0,0,0,0,0,0,0,0,0,0,0,0,0,0,0,0,0,0,0,31,40,40,71,65476,0,300,0,0,8,21553,0.0,-107605600.0,0.0,0.0,0.0,0.0,0.0,0.0,0.0,0.0,0.0,0.0,0.0,0.0,0.0,0.0,0.0,0.0,0.0,0.0,0.0,0.0,-2.004,-0.0,2.004,0.0,0.0,0.0,0.0,0.0,4473.0,0.0,6918.0,0.0,2.7184303811560617e+23,-0.0,0.0,0.0,0.0,0.0,0.0,69,0.0,0.0,0.0,0.0,0.0,0.0,0.0,0.0,0.0,0,0,0,0.0,0.0,0.0,0.0,0.0,0.0,0.0,0.0,0.0,0.0,0.0,0.0,0.0,0.0,0.0,0.0,0,-107875648.0,69,0.0,138,0.0,2.6474893195377515e+23,0,26215,17087,39322,17104,0,17085,0,0,0,70,68,100,-0.0,82.1,0.0,78.8,-0.0,79.0,1,49,50,180,52429,13107,0,0,0.0,0.0,0.0,0.0,-0.0,67.0,0.0,162057.094,0.0,984,0,1016,0,0,0,957,0,1043,0,945,0,793,0,786,0,823,0,7520,0.032,2.5133688800429264e+20,0.0,0.0,784,16797,-0.0,162057.094,-114818.039,-0.0,0.133,6.909358625270745e+28,30.0,70.0,35,0.0,0.0,0.0,0.0,0.0,0.0,0.0,0.0,0.0,0.0,0.0,0.0,0.0,0.0,0.0,0.0,66.0,0,150,71,52,65476,0,300,0,0,8,20529,65476,0,0,44564,70.0,0.0,0.0,0.0,0.0,0.0
2026-09-10T21:05:32,ERR,ERR,ERR,ERR,ERR,ERR,ERR,ERR,ERR,ERR,ERR,ERR,ERR,ERR,ERR,ERR,ERR,ERR,ERR,ERR,ERR,ERR,ERR,ERR,ERR,ERR,ERR,ERR,ERR,ERR,ERR,ERR,ERR,ERR,ERR,ERR,ERR,ERR,ERR,ERR,ERR,ERR,ERR,ERR,ERR,ERR,ERR,ERR,ERR,ERR,ERR,ERR,ERR,ERR,ERR,ERR,ERR,ERR,ERR,ERR,ERR,ERR,ERR,ERR,ERR,ERR,ERR,ERR,ERR,ERR,ERR,ERR,ERR,ERR,ERR,ERR,ERR,ERR,ERR,ERR,ERR,ERR,ERR,ERR,ERR,ERR,ERR,ERR,ERR,ERR,ERR,ERR,ERR,ERR,ERR,ERR,ERR,ERR,ERR,ERR,ERR,ERR,ERR,ERR,ERR,ERR,ERR,ERR,ERR,ERR,ERR,ERR,ERR,ERR,ERR,ERR,ERR,ERR,ERR,ERR,ERR,ERR,ERR,ERR,ERR,0.0,2.7184303811560617e+23,-100794720.0,0.0,0.0,1.3936040501711995e+18,7.805,0.0,0,0,4,0,7116,0.0,100,0.0,0.0,0.0,0.0,0.0,0,0,0,0,0.0,0,0,0,0,0,0,0,0,0,0,0,0,0,0,0,0,0,0,0,0,0,0,0,0,0,0,0,0,0,0,0,0,0,31,40,40,71,65476,0,300,0,0,8,21553,0.0,-107605600.0,0.0,0.0,0.0,0.0,0.0,0.0,0.0,0.0,0.0,0.0,0.0,0.0,0.0,0.0,0.0,0.0,0.0,0.0,0.0,0.0,-2.004,-0.0,2.004,0.0,0.0,0.0,0.0,0.0,4473.0,0.0,6918.0,0.0,2.7184303811560617e+23,-0.0,0.0,0.0,0.0,0.0,0.0,69,0.0,0.0,0.0,0.0,0.0,0.0,0.0,0.0,0.0,0,0,0,0.0,0.0,0.0,0.0,0.0,0.0,0.0,0.0,0.0,0.0,0.0,0.0,0.0,0.0,0.0,0.0,0,-107875648.0,69,0.0,138,0.0,2.6474893195377515e+23,0,26215,17087,39322,17104,0,17085,0,0,0,70,68,100,-0.0,82.1,0.0,78.8,-0.0,79.0,1,49,50,180,52429,13107,0,0,0.0,0.0,0.0,0.0,-0.0,67.0,0.0,162057.094,0.0,984,0,1016,0,0,0,957,0,1043,0,945,0,793,0,786,0,823,0,7520,0.032,2.501839664996858e+20,0.0,0.0,784,16797,-0.0,162057.094,-114818.039,-0.0,0.133,6.909358625270745e+28,30.0,70.0,35,0.0,0.0,0.0,0.0,0.0,0.0,0.0,0.0,0.0,0.0,0.0,0.0,0.0,0.0,0.0,0.0,66.0,0,150,71,52,65476,0,300,0,0,8,20529,65476,0,0,44564,70.0,0.0,0.0,0.0,0.0,0.0
2026-09-10T21:05:33,ERR,ERR,ERR,ERR,ERR,ERR,ERR,ERR,ERR,ERR,ERR,ERR,ERR,ERR,ERR,ERR,ERR,ERR,ERR,ERR,ERR,ERR,ERR,ERR,ERR,ERR,ERR,ERR,ERR,ERR,ERR,ERR,ERR,ERR,ERR,ERR,ERR,ERR,ERR,ERR,ERR,ERR,ERR,ERR,ERR,ERR,ERR,ERR,ERR,ERR,ERR,ERR,ERR,ERR,ERR,ERR,ERR,ERR,ERR,ERR,ERR,ERR,ERR,ERR,ERR,ERR,ERR,ERR,ERR,ERR,ERR,ERR,ERR,ERR,ERR,ERR,ERR,ERR,ERR,ERR,ERR,ERR,ERR,ERR,ERR,ERR,ERR,ERR,ERR,ERR,ERR,ERR,ERR,ERR,ERR,ERR,ERR,ERR,ERR,ERR,ERR,ERR,ERR,ERR,ERR,ERR,ERR,ERR,ERR,ERR,ERR,ERR,ERR,ERR,ERR,ERR,ERR,ERR,ERR,ERR,ERR,ERR,ERR,ERR,ERR,0.0,2.7184303811560617e+23,-100794720.0,0.0,0.0,1.3936040501711995e+18,7.805,0.0,0,0,4,0,7116,0.0,100,0.0,0.0,0.0,0.0,0.0,0,0,0,0,0.0,0,0,0,0,0,0,0,0,0,0,0,0,0,0,0,0,0,0,0,0,0,0,0,0,0,0,0,0,0,0,0,0,0,31,40,40,71,65476,0,300,0,0,8,21553,0.0,-107605600.0,0.0,0.0,0.0,0.0,0.0,0.0,0.0,0.0,0.0,0.0,0.0,0.0,0.0,0.0,0.0,0.0,0.0,0.0,0.0,0.0,-2.004,-0.0,2.004,0.0,0.0,0.0,0.0,0.0,4473.0,0.0,6918.0,0.0,2.7184303811560617e+23,-0.0,0.0,0.0,0.0,0.0,0.0,69,0.0,0.0,0.0,0.0,0.0,0.0,0.0,0.0,0.0,0,0,0,0.0,0.0,0.0,0.0,0.0,0.0,0.0,0.0,0.0,0.0,0.0,0.0,0.0,0.0,0.0,0.0,0,-107875648.0,69,0.0,138,0.0,2.6474893195377515e+23,0,26215,17087,39322,17104,0,17085,0,0,0,70,68,100,-0.0,82.1,0.0,78.8,-0.0,79.0,1,49,50,180,52429,13107,0,0,0.0,0.0,0.0,0.0,-0.0,67.0,0.0,162057.094,0.0,984,0,1016,0,0,0,957,0,1043,0,945,0,793,0,786,0,823,0,7520,0.032,2.501839664996858e+20,0.0,0.0,784,16797,-0.0,162057.094,-114818.039,-0.0,0.133,6.909358625270745e+28,30.0,70.0,35,0.0,0.0,0.0,0.0,0.0,0.0,0.0,0.0,0.0,0.0,0.0,0.0,0.0,0.0,0.0,0.0,66.4,0,150,71,52,65476,0,300,0,0,8,20529,65476,0,0,44564,70.0,0.0,0.0,0.0,0.0,0.0
2026-09-10T21:05:34,ERR,ERR,ERR,ERR,ERR,ERR,ERR,ERR,ERR,ERR,ERR,ERR,ERR,ERR,ERR,ERR,ERR,ERR,ERR,ERR,ERR,ERR,ERR,ERR,ERR,ERR,ERR,ERR,ERR,ERR,ERR,ERR,ERR,ERR,ERR,ERR,ERR,ERR,ERR,ERR,ERR,ERR,ERR,ERR,ERR,ERR,ERR,ERR,ERR,ERR,ERR,ERR,ERR,ERR,ERR,ERR,ERR,ERR,ERR,ERR,ERR,ERR,ERR,ERR,ERR,ERR,ERR,ERR,ERR,ERR,ERR,ERR,ERR,ERR,ERR,ERR,ERR,ERR,ERR,ERR,ERR,ERR,ERR,ERR,ERR,ERR,ERR,ERR,ERR,ERR,ERR,ERR,ERR,ERR,ERR,ERR,ERR,ERR,ERR,ERR,ERR,ERR,ERR,ERR,ERR,ERR,ERR,ERR,ERR,ERR,ERR,ERR,ERR,ERR,ERR,ERR,ERR,ERR,ERR,ERR,ERR,ERR,ERR,ERR,ERR,0.0,2.7184303811560617e+23,-100794720.0,0.0,0.0,1.3936040501711995e+18,7.805,0.0,0,0,4,0,7116,0.0,100,0.0,0.0,0.0,0.0,0.0,0,0,0,0,0.0,0,0,0,0,0,0,0,0,0,0,0,0,0,0,0,0,0,0,0,0,0,0,0,0,0,0,0,0,0,0,0,0,0,31,40,40,71,65476,0,300,0,0,8,21553,0.0,-107605600.0,0.0,0.0,0.0,0.0,0.0,0.0,0.0,0.0,0.0,0.0,0.0,0.0,0.0,0.0,0.0,0.0,0.0,0.0,0.0,0.0,-2.004,-0.0,2.004,0.0,0.0,0.0,0.0,0.0,4473.0,0.0,6918.0,0.0,2.7184303811560617e+23,-0.0,0.0,0.0,0.0,0.0,0.0,69,0.0,0.0,0.0,0.0,0.0,0.0,0.0,0.0,0.0,0,0,0,0.0,0.0,0.0,0.0,0.0,0.0,0.0,0.0,0.0,0.0,0.0,0.0,0.0,0.0,0.0,0.0,0,-107875648.0,69,0.0,138,0.0,2.6474893195377515e+23,0,26215,17087,39322,17104,0,17085,0,0,0,70,68,100,-0.0,82.1,0.0,78.8,-0.0,79.0,1,49,50,180,52429,13107,0,0,0.0,0.0,0.0,0.0,-0.0,67.0,0.0,162057.094,0.0,984,0,1016,0,0,0,957,0,1043,0,945,0,793,0,786,0,823,0,7520,0.032,2.501839664996858e+20,0.0,0.0,784,16797,-0.0,162057.094,-114818.039,-0.0,0.133,6.909358625270745e+28,30.0,70.0,35,0.0,0.0,0.0,0.0,0.0,0.0,0.0,0.0,0.0,0.0,0.0,0.0,0.0,0.0,0.0,0.0,66.4,0,150,71,52,65476,0,300,0,0,8,20529,65476,0,0,44564,70.0,0.0,0.0,0.0,0.0,0.0
2026-09-10T21:05:35,ERR,ERR,ERR,ERR,ERR,ERR,ERR,ERR,ERR,ERR,ERR,ERR,ERR,ERR,ERR,ERR,ERR,ERR,ERR,ERR,ERR,ERR,ERR,ERR,ERR,ERR,ERR,ERR,ERR,ERR,ERR,ERR,ERR,ERR,ERR,ERR,ERR,ERR,ERR,ERR,ERR,ERR,ERR,ERR,ERR,ERR,ERR,ERR,ERR,ERR,ERR,ERR,ERR,ERR,ERR,ERR,ERR,ERR,ERR,ERR,ERR,ERR,ERR,ERR,ERR,ERR,ERR,ERR,ERR,ERR,ERR,ERR,ERR,ERR,ERR,ERR,ERR,ERR,ERR,ERR,ERR,ERR,ERR,ERR,ERR,ERR,ERR,ERR,ERR,ERR,ERR,ERR,ERR,ERR,ERR,ERR,ERR,ERR,ERR,ERR,ERR,ERR,ERR,ERR,ERR,ERR,ERR,ERR,ERR,ERR,ERR,ERR,ERR,ERR,ERR,ERR,ERR,ERR,ERR,ERR,ERR,ERR,ERR,ERR,ERR,0.0,2.7184303811560617e+23,-100794720.0,0.0,0.0,1.3936040501711995e+18,7.805,0.0,0,0,4,0,7116,0.0,100,0.0,0.0,0.0,0.0,0.0,0,0,0,0,0.0,0,0,0,0,0,0,0,0,0,0,0,0,0,0,0,0,0,0,0,0,0,0,0,0,0,0,0,0,0,0,0,0,0,31,40,40,71,65476,0,300,0,0,8,21553,0.0,-107605600.0,0.0,0.0,0.0,0.0,0.0,0.0,0.0,0.0,0.0,0.0,0.0,0.0,0.0,0.0,0.0,0.0,0.0,0.0,0.0,0.0,-2.004,-0.0,2.004,0.0,0.0,0.0,0.0,0.0,4473.0,0.0,6918.0,0.0,2.7184303811560617e+23,-0.0,0.0,0.0,0.0,0.0,0.0,69,0.0,0.0,0.0,0.0,0.0,0.0,0.0,0.0,0.0,0,0,0,0.0,0.0,0.0,0.0,0.0,0.0,0.0,0.0,0.0,0.0,0.0,0.0,0.0,0.0,0.0,0.0,0,-107875648.0,69,0.0,138,0.0,2.6474893195377515e+23,0,26215,17087,39322,17104,0,17085,0,0,0,70,68,100,-0.0,82.1,0.0,78.8,-0.0,79.0,1,49,50,180,52429,13107,0,0,0.0,0.0,0.0,0.0,-0.0,67.0,0.0,162057.094,0.0,984,0,1016,0,0,0,957,0,1043,0,945,0,793,0,786,0,823,0,7520,0.032,2.501839664996858e+20,0.0,0.0,784,16797,-0.0,162057.094,-114818.039,-0.0,0.133,6.909358625270745e+28,30.0,70.0,35,0.0,0.0,0.0,0.0,0.0,0.0,0.0,0.0,0.0,0.0,0.0,0.0,0.0,0.0,0.0,0.0,66.4,0,150,71,52,65476,0,300,0,0,8,20529,65476,0,0,44564,70.0,0.0,0.0,0.0,0.0,0.0
2026-09-10T21:05:36,ERR,ERR,ERR,ERR,ERR,ERR,ERR,ERR,ERR,ERR,ERR,ERR,ERR,ERR,ERR,ERR,ERR,ERR,ERR,ERR,ERR,ERR,ERR,ERR,ERR,ERR,ERR,ERR,ERR,ERR,ERR,ERR,ERR,ERR,ERR,ERR,ERR,ERR,ERR,ERR,ERR,ERR,ERR,ERR,ERR,ERR,ERR,ERR,ERR,ERR,ERR,ERR,ERR,ERR,ERR,ERR,ERR,ERR,ERR,ERR,ERR,ERR,ERR,ERR,ERR,ERR,ERR,ERR,ERR,ERR,ERR,ERR,ERR,ERR,ERR,ERR,ERR,ERR,ERR,ERR,ERR,ERR,ERR,ERR,ERR,ERR,ERR,ERR,ERR,ERR,ERR,ERR,ERR,ERR,ERR,ERR,ERR,ERR,ERR,ERR,ERR,ERR,ERR,ERR,ERR,ERR,ERR,ERR,ERR,ERR,ERR,ERR,ERR,ERR,ERR,ERR,ERR,ERR,ERR,ERR,ERR,ERR,ERR,ERR,ERR,0.0,2.7184303811560617e+23,-100794720.0,0.0,0.0,1.3936040501711995e+18,7.805,0.0,0,0,4,0,7116,0.0,100,0.0,0.0,0.0,0.0,0.0,0,0,0,0,0.0,0,0,0,0,0,0,0,0,0,0,0,0,0,0,0,0,0,0,0,0,0,0,0,0,0,0,0,0,0,0,0,0,0,31,40,40,71,65476,0,300,0,0,8,21553,0.0,-107605600.0,0.0,0.0,0.0,0.0,0.0,0.0,0.0,0.0,0.0,0.0,0.0,0.0,0.0,0.0,0.0,0.0,0.0,0.0,0.0,0.0,-2.004,-0.0,2.004,0.0,0.0,0.0,0.0,0.0,4473.0,0.0,6918.0,0.0,2.7184303811560617e+23,-0.0,0.0,0.0,0.0,0.0,0.0,69,0.0,0.0,0.0,0.0,0.0,0.0,0.0,0.0,0.0,0,0,0,0.0,0.0,0.0,0.0,0.0,0.0,0.0,0.0,0.0,0.0,0.0,0.0,0.0,0.0,0.0,0.0,0,-107875648.0,69,0.0,138,0.0,2.6474893195377515e+23,0,26215,17087,39322,17104,0,17085,0,0,0,70,68,100,-0.0,82.1,0.0,78.8,-0.0,79.0,1,49,50,180,52429,13107,0,0,0.0,0.0,0.0,0.0,-0.0,67.0,0.0,162057.094,0.0,984,0,1016,0,0,0,957,0,1043,0,945,0,793,0,786,0,823,0,7520,0.032,2.501839664996858e+20,0.0,0.0,784,16797,-0.0,162057.094,-114818.039,-0.0,0.133,6.909358625270745e+28,30.0,70.0,35,0.0,0.0,0.0,0.0,0.0,0.0,0.0,0.0,0.0,0.0,0.0,0.0,0.0,0.0,0.0,0.0,66.4,0,150,71,52,65476,0,300,0,0,8,20529,65476,0,0,44564,70.0,0.0,0.0,0.0,0.0,0.0
2026-09-10T21:05:37,ERR,ERR,ERR,ERR,ERR,ERR,ERR,ERR,ERR,ERR,ERR,ERR,ERR,ERR,ERR,ERR,ERR,ERR,ERR,ERR,ERR,ERR,ERR,ERR,ERR,ERR,ERR,ERR,ERR,ERR,ERR,ERR,ERR,ERR,ERR,ERR,ERR,ERR,ERR,ERR,ERR,ERR,ERR,ERR,ERR,ERR,ERR,ERR,ERR,ERR,ERR,ERR,ERR,ERR,ERR,ERR,ERR,ERR,ERR,ERR,ERR,ERR,ERR,ERR,ERR,ERR,ERR,ERR,ERR,ERR,ERR,ERR,ERR,ERR,ERR,ERR,ERR,ERR,ERR,ERR,ERR,ERR,ERR,ERR,ERR,ERR,ERR,ERR,ERR,ERR,ERR,ERR,ERR,ERR,ERR,ERR,ERR,ERR,ERR,ERR,ERR,ERR,ERR,ERR,ERR,ERR,ERR,ERR,ERR,ERR,ERR,ERR,ERR,ERR,ERR,ERR,ERR,ERR,ERR,ERR,ERR,ERR,ERR,ERR,ERR,0.0,2.7184303811560617e+23,-100794720.0,0.0,0.0,1.3936040501711995e+18,7.805,0.0,0,0,4,0,7116,0.0,100,0.0,0.0,0.0,0.0,0.0,0,0,0,0,0.0,0,0,0,0,0,0,0,0,0,0,0,0,0,0,0,0,0,0,0,0,0,0,0,0,0,0,0,0,0,0,0,0,0,31,40,40,71,65476,0,300,0,0,8,21553,0.0,-107605600.0,0.0,0.0,0.0,0.0,0.0,0.0,0.0,0.0,0.0,0.0,0.0,0.0,0.0,0.0,0.0,0.0,0.0,0.0,0.0,0.0,-2.004,-0.0,2.004,0.0,0.0,0.0,0.0,0.0,4473.0,0.0,6918.0,0.0,2.7184303811560617e+23,-0.0,0.0,0.0,0.0,0.0,0.0,69,0.0,0.0,0.0,0.0,0.0,0.0,0.0,0.0,0.0,0,0,0,0.0,0.0,0.0,0.0,0.0,0.0,0.0,0.0,0.0,0.0,0.0,0.0,0.0,0.0,0.0,0.0,0,-107875648.0,69,0.0,138,0.0,2.6474893195377515e+23,0,26215,17087,39322,17104,0,17085,0,0,0,70,68,100,-0.0,82.1,0.0,78.8,-0.0,79.0,1,49,50,180,52429,13107,0,0,0.0,0.0,0.0,0.0,-0.0,67.0,0.0,162057.094,0.0,984,0,1016,0,0,0,957,0,1043,0,945,0,793,0,786,0,823,0,7520,0.032,2.501839664996858e+20,0.0,0.0,784,16797,-0.0,162057.094,-114818.039,-0.0,0.133,6.909358625270745e+28,30.0,70.0,35,0.0,0.0,0.0,0.0,0.0,0.0,0.0,0.0,0.0,0.0,0.0,0.0,0.0,0.0,0.0,0.0,66.4,0,150,71,52,65476,0,300,0,0,8,20529,65476,0,0,44564,70.0,0.0,0.0,0.0,0.0,0.0
2026-09-10T21:05:38,ERR,ERR,ERR,ERR,ERR,ERR,ERR,ERR,ERR,ERR,ERR,ERR,ERR,ERR,ERR,ERR,ERR,ERR,ERR,ERR,ERR,ERR,ERR,ERR,ERR,ERR,ERR,ERR,ERR,ERR,ERR,ERR,ERR,ERR,ERR,ERR,ERR,ERR,ERR,ERR,ERR,ERR,ERR,ERR,ERR,ERR,ERR,ERR,ERR,ERR,ERR,ERR,ERR,ERR,ERR,ERR,ERR,ERR,ERR,ERR,ERR,ERR,ERR,ERR,ERR,ERR,ERR,ERR,ERR,ERR,ERR,ERR,ERR,ERR,ERR,ERR,ERR,ERR,ERR,ERR,ERR,ERR,ERR,ERR,ERR,ERR,ERR,ERR,ERR,ERR,ERR,ERR,ERR,ERR,ERR,ERR,ERR,ERR,ERR,ERR,ERR,ERR,ERR,ERR,ERR,ERR,ERR,ERR,ERR,ERR,ERR,ERR,ERR,ERR,ERR,ERR,ERR,ERR,ERR,ERR,ERR,ERR,ERR,ERR,ERR,0.0,2.7184303811560617e+23,-100794720.0,0.0,0.0,1.3936040501711995e+18,7.805,0.0,0,0,4,0,7116,0.0,100,0.0,0.0,0.0,0.0,0.0,0,0,0,0,0.0,0,0,0,0,0,0,0,0,0,0,0,0,0,0,0,0,0,0,0,0,0,0,0,0,0,0,0,0,0,0,0,0,0,31,40,40,71,65476,0,300,0,0,8,21553,0.0,-107605600.0,0.0,0.0,0.0,0.0,0.0,0.0,0.0,0.0,0.0,0.0,0.0,0.0,0.0,0.0,0.0,0.0,0.0,0.0,0.0,0.0,-2.004,-0.0,2.004,0.0,0.0,0.0,0.0,0.0,4473.0,131350.172,6925.0,0.0,2.7184303811560617e+23,-0.0,0.0,0.0,0.0,0.0,0.0,69,0.0,4.066845346649544e+29,0.0,0.0,0.0,0.0,0.0,0.0,0.0,0,0,0,0.0,0.0,0.0,0.0,0.0,0.0,0.0,0.0,0.0,0.0,0.0,0.0,0.0,0.0,0.0,0.0,0,-107875648.0,69,0.0,138,0.0,2.6474893195377515e+23,0,26215,17087,52429,17104,0,17085,0,0,0,70,68,100,-0.0,82.1,0.0,78.8,-0.0,79.0,1,49,50,180,52429,13107,0,0,0.0,0.0,0.0,0.0,-0.0,67.0,0.0,162057.094,0.0,984,0,1016,0,0,0,957,0,1043,0,945,0,793,0,786,0,823,0,7520,0.032,2.5133688800429264e+20,0.0,0.0,784,16797,-0.0,162057.094,-114818.039,-0.0,0.133,6.909358625270745e+28,30.0,70.0,35,0.0,0.0,0.0,0.0,0.0,0.0,0.0,0.0,0.0,0.0,0.0,0.0,0.0,0.0,0.0,0.0,66.4,0,150,71,52,65476,0,300,0,0,8,20529,65476,0,0,44564,70.0,0.0,0.0,0.0,0.0,0.0
2026-09-10T21:05:39,ERR,ERR,ERR,ERR,ERR,ERR,ERR,ERR,ERR,ERR,ERR,ERR,ERR,ERR,ERR,ERR,ERR,ERR,ERR,ERR,ERR,ERR,ERR,ERR,ERR,ERR,ERR,ERR,ERR,ERR,ERR,ERR,ERR,ERR,ERR,ERR,ERR,ERR,ERR,ERR,ERR,ERR,ERR,ERR,ERR,ERR,ERR,ERR,ERR,ERR,ERR,ERR,ERR,ERR,ERR,ERR,ERR,ERR,ERR,ERR,ERR,ERR,ERR,ERR,ERR,ERR,ERR,ERR,ERR,ERR,ERR,ERR,ERR,ERR,ERR,ERR,ERR,ERR,ERR,ERR,ERR,ERR,ERR,ERR,ERR,ERR,ERR,ERR,ERR,ERR,ERR,ERR,ERR,ERR,ERR,ERR,ERR,ERR,ERR,ERR,ERR,ERR,ERR,ERR,ERR,ERR,ERR,ERR,ERR,ERR,ERR,ERR,ERR,ERR,ERR,ERR,ERR,ERR,ERR,ERR,ERR,ERR,ERR,ERR,ERR,0.0,2.7184303811560617e+23,-100794720.0,0.0,0.0,1.3936040501711995e+18,7.805,0.0,0,0,4,0,7116,0.0,100,0.0,0.0,0.0,0.0,0.0,0,0,0,0,0.0,0,0,0,0,0,0,0,0,0,0,0,0,0,0,0,0,0,0,0,0,0,0,0,0,0,0,0,0,0,0,0,0,0,31,40,40,71,65476,0,300,0,0,8,21553,0.0,-107605600.0,0.0,0.0,0.0,0.0,0.0,0.0,0.0,0.0,0.0,0.0,0.0,0.0,0.0,0.0,0.0,0.0,0.0,0.0,0.0,0.0,-2.004,-0.0,2.004,0.0,0.0,0.0,0.0,0.0,4473.0,131350.172,6925.0,0.0,2.7184303811560617e+23,-0.0,0.0,0.0,0.0,0.0,0.0,69,0.0,4.066845346649544e+29,0.0,0.0,0.0,0.0,0.0,0.0,0.0,0,0,0,0.0,0.0,0.0,0.0,0.0,0.0,0.0,0.0,0.0,0.0,0.0,0.0,0.0,0.0,0.0,0.0,0,-107875648.0,69,0.0,138,0.0,2.6474893195377515e+23,0,26215,17087,52429,17104,0,17085,0,0,0,70,68,100,-0.0,82.1,0.0,78.8,-0.0,79.0,1,49,50,180,52429,13107,0,0,0.0,0.0,0.0,0.0,-0.0,67.0,0.0,162057.094,0.0,984,0,1016,0,0,0,957,0,1043,0,945,0,793,0,786,0,823,0,7520,0.032,2.5133688800429264e+20,0.0,0.0,784,16797,-0.0,162057.094,-114818.039,-0.0,0.133,6.909358625270745e+28,30.0,70.0,35,0.0,0.0,0.0,0.0,0.0,0.0,0.0,0.0,0.0,0.0,0.0,0.0,0.0,0.0,0.0,0.0,66.0,0,150,71,52,65476,0,300,0,0,8,20529,65476,0,0,44564,70.0,0.0,0.0,0.0,0.0,0.0
2026-09-10T21:05:40,ERR,ERR,ERR,ERR,ERR,ERR,ERR,ERR,ERR,ERR,ERR,ERR,ERR,ERR,ERR,ERR,ERR,ERR,ERR,ERR,ERR,ERR,ERR,ERR,ERR,ERR,ERR,ERR,ERR,ERR,ERR,ERR,ERR,ERR,ERR,ERR,ERR,ERR,ERR,ERR,ERR,ERR,ERR,ERR,ERR,ERR,ERR,ERR,ERR,ERR,ERR,ERR,ERR,ERR,ERR,ERR,ERR,ERR,ERR,ERR,ERR,ERR,ERR,ERR,ERR,ERR,ERR,ERR,ERR,ERR,ERR,ERR,ERR,ERR,ERR,ERR,ERR,ERR,ERR,ERR,ERR,ERR,ERR,ERR,ERR,ERR,ERR,ERR,ERR,ERR,ERR,ERR,ERR,ERR,ERR,ERR,ERR,ERR,ERR,ERR,ERR,ERR,ERR,ERR,ERR,ERR,ERR,ERR,ERR,ERR,ERR,ERR,ERR,ERR,ERR,ERR,ERR,ERR,ERR,ERR,ERR,ERR,ERR,ERR,ERR,0.0,2.7184303811560617e+23,-100794720.0,0.0,0.0,1.3936040501711995e+18,7.805,0.0,0,0,4,0,7116,0.0,100,0.0,0.0,0.0,0.0,0.0,0,0,0,0,0.0,0,0,0,0,0,0,0,0,0,0,0,0,0,0,0,0,0,0,0,0,0,0,0,0,0,0,0,0,0,0,0,0,0,31,40,40,71,65476,0,300,0,0,8,21553,0.0,-107605600.0,0.0,0.0,0.0,0.0,0.0,0.0,0.0,0.0,0.0,0.0,0.0,0.0,0.0,0.0,0.0,0.0,0.0,0.0,0.0,0.0,-2.004,-0.0,2.004,0.0,0.0,0.0,0.0,0.0,4473.0,131350.172,6925.0,0.0,2.7184303811560617e+23,-0.0,0.0,0.0,0.0,0.0,0.0,69,0.0,4.066845346649544e+29,0.0,0.0,0.0,0.0,0.0,0.0,0.0,0,0,0,0.0,0.0,0.0,0.0,0.0,0.0,0.0,0.0,0.0,0.0,0.0,0.0,0.0,0.0,0.0,0.0,0,-107875648.0,69,0.0,138,0.0,2.6474893195377515e+23,0,26215,17087,52429,17104,0,17085,0,0,0,70,68,100,-0.0,82.1,0.0,78.8,-0.0,79.0,1,49,50,180,52429,13107,0,0,0.0,0.0,0.0,0.0,-0.0,67.0,0.0,162057.094,0.0,984,0,1016,0,0,0,957,0,1043,0,945,0,793,0,786,0,823,0,7520,0.032,2.5133688800429264e+20,0.0,0.0,784,16797,-0.0,162057.094,-114818.039,-0.0,0.133,6.909358625270745e+28,30.0,70.0,35,0.0,0.0,0.0,0.0,0.0,0.0,0.0,0.0,0.0,0.0,0.0,0.0,0.0,0.0,0.0,0.0,66.0,0,150,71,52,65476,0,300,0,0,8,20529,65476,0,0,44564,70.0,0.0,0.0,0.0,0.0,0.0
2026-09-10T21:05:41,ERR,ERR,ERR,ERR,ERR,ERR,ERR,ERR,ERR,ERR,ERR,ERR,ERR,ERR,ERR,ERR,ERR,ERR,ERR,ERR,ERR,ERR,ERR,ERR,ERR,ERR,ERR,ERR,ERR,ERR,ERR,ERR,ERR,ERR,ERR,ERR,ERR,ERR,ERR,ERR,ERR,ERR,ERR,ERR,ERR,ERR,ERR,ERR,ERR,ERR,ERR,ERR,ERR,ERR,ERR,ERR,ERR,ERR,ERR,ERR,ERR,ERR,ERR,ERR,ERR,ERR,ERR,ERR,ERR,ERR,ERR,ERR,ERR,ERR,ERR,ERR,ERR,ERR,ERR,ERR,ERR,ERR,ERR,ERR,ERR,ERR,ERR,ERR,ERR,ERR,ERR,ERR,ERR,ERR,ERR,ERR,ERR,ERR,ERR,ERR,ERR,ERR,ERR,ERR,ERR,ERR,ERR,ERR,ERR,ERR,ERR,ERR,ERR,ERR,ERR,ERR,ERR,ERR,ERR,ERR,ERR,ERR,ERR,ERR,ERR,0.0,2.7184303811560617e+23,-100794720.0,0.0,0.0,1.3936040501711995e+18,7.805,0.0,0,0,4,0,7116,0.0,100,0.0,0.0,0.0,0.0,0.0,0,0,0,0,0.0,0,0,0,0,0,0,0,0,0,0,0,0,0,0,0,0,0,0,0,0,0,0,0,0,0,0,0,0,0,0,0,0,0,31,40,40,71,65476,0,300,0,0,8,21553,0.0,-107605600.0,0.0,0.0,0.0,0.0,0.0,0.0,0.0,0.0,0.0,0.0,0.0,0.0,0.0,0.0,0.0,0.0,0.0,0.0,0.0,0.0,-2.004,-0.0,2.004,0.0,0.0,0.0,0.0,0.0,4473.0,131350.172,6925.0,0.0,2.7184303811560617e+23,-0.0,0.0,0.0,0.0,0.0,0.0,69,0.0,4.066845346649544e+29,0.0,0.0,0.0,0.0,0.0,0.0,0.0,0,0,0,0.0,0.0,0.0,0.0,0.0,0.0,0.0,0.0,0.0,0.0,0.0,0.0,0.0,0.0,0.0,0.0,0,-107875648.0,69,0.0,138,0.0,2.6474893195377515e+23,0,26215,17087,52429,17104,0,17085,0,0,0,70,68,100,-0.0,82.1,0.0,78.8,-0.0,79.0,1,49,50,180,52429,13107,0,0,0.0,0.0,0.0,0.0,-0.0,67.0,0.0,162057.094,0.0,984,0,1016,0,0,0,957,0,1043,0,945,0,793,0,786,0,823,0,7520,0.032,2.5133688800429264e+20,0.0,0.0,784,16797,-0.0,162057.094,-114818.039,-0.0,0.133,6.909358625270745e+28,30.0,70.0,35,0.0,0.0,0.0,0.0,0.0,0.0,0.0,0.0,0.0,0.0,0.0,0.0,0.0,0.0,0.0,0.0,66.0,0,150,71,52,65476,0,300,0,0,8,20529,65476,0,0,44564,70.0,0.0,0.0,0.0,0.0,0.0
2026-09-10T21:05:42,ERR,ERR,ERR,ERR,ERR,ERR,ERR,ERR,ERR,ERR,ERR,ERR,ERR,ERR,ERR,ERR,ERR,ERR,ERR,ERR,ERR,ERR,ERR,ERR,ERR,ERR,ERR,ERR,ERR,ERR,ERR,ERR,ERR,ERR,ERR,ERR,ERR,ERR,ERR,ERR,ERR,ERR,ERR,ERR,ERR,ERR,ERR,ERR,ERR,ERR,ERR,ERR,ERR,ERR,ERR,ERR,ERR,ERR,ERR,ERR,ERR,ERR,ERR,ERR,ERR,ERR,ERR,ERR,ERR,ERR,ERR,ERR,ERR,ERR,ERR,ERR,ERR,ERR,ERR,ERR,ERR,ERR,ERR,ERR,ERR,ERR,ERR,ERR,ERR,ERR,ERR,ERR,ERR,ERR,ERR,ERR,ERR,ERR,ERR,ERR,ERR,ERR,ERR,ERR,ERR,ERR,ERR,ERR,ERR,ERR,ERR,ERR,ERR,ERR,ERR,ERR,ERR,ERR,ERR,ERR,ERR,ERR,ERR,ERR,ERR,0.0,2.7184303811560617e+23,-100794720.0,0.0,0.0,1.3936040501711995e+18,7.805,0.0,0,0,4,0,7116,0.0,100,0.0,0.0,0.0,0.0,0.0,0,0,0,0,0.0,0,0,0,0,0,0,0,0,0,0,0,0,0,0,0,0,0,0,0,0,0,0,0,0,0,0,0,0,0,0,0,0,0,31,40,40,71,65476,0,300,0,0,8,21553,0.0,-107605600.0,0.0,0.0,0.0,0.0,0.0,0.0,0.0,0.0,0.0,0.0,0.0,0.0,0.0,0.0,0.0,0.0,0.0,0.0,0.0,0.0,-2.004,-0.0,2.004,0.0,0.0,0.0,0.0,0.0,4473.0,131350.172,6925.0,0.0,2.7184303811560617e+23,-0.0,0.0,0.0,0.0,0.0,0.0,69,0.0,4.066845346649544e+29,0.0,0.0,0.0,0.0,0.0,0.0,0.0,0,0,0,0.0,0.0,0.0,0.0,0.0,0.0,0.0,0.0,0.0,0.0,0.0,0.0,0.0,0.0,0.0,0.0,0,-107875648.0,69,0.0,138,0.0,2.6474893195377515e+23,0,26215,17087,52429,17104,0,17085,0,0,0,70,68,100,-0.0,82.1,0.0,78.8,-0.0,79.0,1,49,50,180,52429,13107,0,0,0.0,0.0,0.0,0.0,-0.0,67.0,0.0,162057.094,0.0,984,0,1016,0,0,0,957,0,1043,0,945,0,793,0,786,0,823,0,7520,0.032,2.5133688800429264e+20,0.0,0.0,784,16797,-0.0,162057.094,-114818.039,-0.0,0.133,6.909358625270745e+28,30.0,70.0,35,0.0,0.0,0.0,0.0,0.0,0.0,0.0,0.0,0.0,0.0,0.0,0.0,0.0,0.0,0.0,0.0,66.4,0,150,71,52,65476,0,300,0,0,8,20529,65476,0,0,44564,70.0,0.0,0.0,0.0,0.0,0.0
2026-09-10T21:05:43,ERR,ERR,ERR,ERR,ERR,ERR,ERR,ERR,ERR,ERR,ERR,ERR,ERR,ERR,ERR,ERR,ERR,ERR,ERR,ERR,ERR,ERR,ERR,ERR,ERR,ERR,ERR,ERR,ERR,ERR,ERR,ERR,ERR,ERR,ERR,ERR,ERR,ERR,ERR,ERR,ERR,ERR,ERR,ERR,ERR,ERR,ERR,ERR,ERR,ERR,ERR,ERR,ERR,ERR,ERR,ERR,ERR,ERR,ERR,ERR,ERR,ERR,ERR,ERR,ERR,ERR,ERR,ERR,ERR,ERR,ERR,ERR,ERR,ERR,ERR,ERR,ERR,ERR,ERR,ERR,ERR,ERR,ERR,ERR,ERR,ERR,ERR,ERR,ERR,ERR,ERR,ERR,ERR,ERR,ERR,ERR,ERR,ERR,ERR,ERR,ERR,ERR,ERR,ERR,ERR,ERR,ERR,ERR,ERR,ERR,ERR,ERR,ERR,ERR,ERR,ERR,ERR,ERR,ERR,ERR,ERR,ERR,ERR,ERR,ERR,0.0,2.7184303811560617e+23,-100794720.0,0.0,0.0,1.3936040501711995e+18,7.805,0.0,0,0,4,0,7116,0.0,100,0.0,0.0,0.0,0.0,0.0,0,0,0,0,0.0,0,0,0,0,0,0,0,0,0,0,0,0,0,0,0,0,0,0,0,0,0,0,0,0,0,0,0,0,0,0,0,0,0,31,40,40,71,65476,0,300,0,0,8,21553,0.0,-107605600.0,0.0,0.0,0.0,0.0,0.0,0.0,0.0,0.0,0.0,0.0,0.0,0.0,0.0,0.0,0.0,0.0,0.0,0.0,0.0,0.0,-2.004,-0.0,2.004,0.0,0.0,0.0,0.0,0.0,4473.0,131350.172,6925.0,0.0,2.7184303811560617e+23,-0.0,0.0,0.0,0.0,0.0,0.0,69,0.0,4.066845346649544e+29,0.0,0.0,0.0,0.0,0.0,0.0,0.0,0,0,0,0.0,0.0,0.0,0.0,0.0,0.0,0.0,0.0,0.0,0.0,0.0,0.0,0.0,0.0,0.0,0.0,0,-107875648.0,69,0.0,138,0.0,2.6474893195377515e+23,0,26215,17087,52429,17104,0,17085,0,0,0,70,68,100,-0.0,82.1,0.0,78.8,-0.0,79.0,1,49,50,180,52429,13107,0,0,0.0,0.0,0.0,0.0,-0.0,67.0,0.0,162057.094,0.0,984,0,1016,0,0,0,957,0,1043,0,945,0,793,0,786,0,823,0,7520,0.032,2.5133688800429264e+20,0.0,0.0,784,16797,-0.0,162057.094,-114818.039,-0.0,0.133,6.909358625270745e+28,30.0,70.0,35,0.0,0.0,0.0,0.0,0.0,0.0,0.0,0.0,0.0,0.0,0.0,0.0,0.0,0.0,0.0,0.0,66.4,0,150,71,52,65476,0,300,0,0,8,20529,65476,0,0,44564,70.0,0.0,0.0,0.0,0.0,0.0
2026-09-10T21:05:44,ERR,ERR,ERR,ERR,ERR,ERR,ERR,ERR,ERR,ERR,ERR,ERR,ERR,ERR,ERR,ERR,ERR,ERR,ERR,ERR,ERR,ERR,ERR,ERR,ERR,ERR,ERR,ERR,ERR,ERR,ERR,ERR,ERR,ERR,ERR,ERR,ERR,ERR,ERR,ERR,ERR,ERR,ERR,ERR,ERR,ERR,ERR,ERR,ERR,ERR,ERR,ERR,ERR,ERR,ERR,ERR,ERR,ERR,ERR,ERR,ERR,ERR,ERR,ERR,ERR,ERR,ERR,ERR,ERR,ERR,ERR,ERR,ERR,ERR,ERR,ERR,ERR,ERR,ERR,ERR,ERR,ERR,ERR,ERR,ERR,ERR,ERR,ERR,ERR,ERR,ERR,ERR,ERR,ERR,ERR,ERR,ERR,ERR,ERR,ERR,ERR,ERR,ERR,ERR,ERR,ERR,ERR,ERR,ERR,ERR,ERR,ERR,ERR,ERR,ERR,ERR,ERR,ERR,ERR,ERR,ERR,ERR,ERR,ERR,ERR,0.0,2.7184303811560617e+23,-100794720.0,0.0,0.0,1.3936040501711995e+18,7.805,0.0,0,0,4,0,7116,0.0,100,0.0,0.0,0.0,0.0,0.0,0,0,0,0,0.0,0,0,0,0,0,0,0,0,0,0,0,0,0,0,0,0,0,0,0,0,0,0,0,0,0,0,0,0,0,0,0,0,0,31,40,40,71,65476,0,300,0,0,8,21553,0.0,-107605600.0,0.0,0.0,0.0,0.0,0.0,0.0,0.0,0.0,0.0,0.0,0.0,0.0,0.0,0.0,0.0,0.0,0.0,0.0,0.0,0.0,-2.004,-0.0,2.004,0.0,0.0,0.0,0.0,0.0,4473.0,131350.172,6925.0,0.0,2.7184303811560617e+23,-0.0,0.0,0.0,0.0,0.0,0.0,69,0.0,4.066845346649544e+29,0.0,0.0,0.0,0.0,0.0,0.0,0.0,0,0,0,0.0,0.0,0.0,0.0,0.0,0.0,0.0,0.0,0.0,0.0,0.0,0.0,0.0,0.0,0.0,0.0,0,-107875648.0,69,0.0,138,0.0,2.6474893195377515e+23,0,26215,17087,39322,17104,0,17085,0,0,0,70,68,100,-0.0,82.1,0.0,78.8,-0.0,79.0,1,49,50,180,52429,13107,0,0,0.0,0.0,0.0,0.0,-0.0,67.0,0.0,162057.094,0.0,984,0,1016,0,0,0,957,0,1043,0,945,0,793,0,786,0,823,0,7520,0.032,2.524898095088995e+20,0.0,0.0,784,16797,-0.0,162057.094,-114818.039,-0.0,0.133,6.909358625270745e+28,30.0,70.0,35,0.0,0.0,0.0,0.0,0.0,0.0,0.0,0.0,0.0,0.0,0.0,0.0,0.0,0.0,0.0,0.0,66.4,0,150,71,52,65476,0,300,0,0,8,20529,65476,0,0,44564,70.0,0.0,0.0,0.0,0.0,0.0
2026-09-10T21:05:45,ERR,ERR,ERR,ERR,ERR,ERR,ERR,ERR,ERR,ERR,ERR,ERR,ERR,ERR,ERR,ERR,ERR,ERR,ERR,ERR,ERR,ERR,ERR,ERR,ERR,ERR,ERR,ERR,ERR,ERR,ERR,ERR,ERR,ERR,ERR,ERR,ERR,ERR,ERR,ERR,ERR,ERR,ERR,ERR,ERR,ERR,ERR,ERR,ERR,ERR,ERR,ERR,ERR,ERR,ERR,ERR,ERR,ERR,ERR,ERR,ERR,ERR,ERR,ERR,ERR,ERR,ERR,ERR,ERR,ERR,ERR,ERR,ERR,ERR,ERR,ERR,ERR,ERR,ERR,ERR,ERR,ERR,ERR,ERR,ERR,ERR,ERR,ERR,ERR,ERR,ERR,ERR,ERR,ERR,ERR,ERR,ERR,ERR,ERR,ERR,ERR,ERR,ERR,ERR,ERR,ERR,ERR,ERR,ERR,ERR,ERR,ERR,ERR,ERR,ERR,ERR,ERR,ERR,ERR,ERR,ERR,ERR,ERR,ERR,ERR,0.0,2.7184303811560617e+23,-100794720.0,0.0,0.0,1.3936040501711995e+18,7.805,0.0,0,0,4,0,7116,0.0,100,0.0,0.0,0.0,0.0,0.0,0,0,0,0,0.0,0,0,0,0,0,0,0,0,0,0,0,0,0,0,0,0,0,0,0,0,0,0,0,0,0,0,0,0,0,0,0,0,0,31,40,40,71,65476,0,300,0,0,8,21553,0.0,-107605600.0,0.0,0.0,0.0,0.0,0.0,0.0,0.0,0.0,0.0,0.0,0.0,0.0,0.0,0.0,0.0,0.0,0.0,0.0,0.0,0.0,-2.004,-0.0,2.004,0.0,0.0,0.0,0.0,0.0,4473.0,131350.172,6925.0,0.0,2.7184303811560617e+23,-0.0,0.0,0.0,0.0,0.0,0.0,69,0.0,4.066845346649544e+29,0.0,0.0,0.0,0.0,0.0,0.0,0.0,0,0,0,0.0,0.0,0.0,0.0,0.0,0.0,0.0,0.0,0.0,0.0,0.0,0.0,0.0,0.0,0.0,0.0,0,-107875648.0,69,0.0,138,0.0,2.6474893195377515e+23,0,26215,17087,39322,17104,0,17085,0,0,0,70,68,100,-0.0,82.1,0.0,78.8,-0.0,79.0,1,49,50,180,52429,13107,0,0,0.0,0.0,0.0,0.0,-0.0,67.0,0.0,162057.094,0.0,984,0,1016,0,0,0,957,0,1043,0,945,0,793,0,786,0,823,0,7520,0.032,2.524898095088995e+20,0.0,0.0,784,16797,-0.0,162057.094,-114818.039,-0.0,0.133,6.909358625270745e+28,30.0,70.0,35,0.0,0.0,0.0,0.0,0.0,0.0,0.0,0.0,0.0,0.0,0.0,0.0,0.0,0.0,0.0,0.0,66.0,0,150,71,52,65476,0,300,0,0,8,20529,65476,0,0,44564,70.0,0.0,0.0,0.0,0.0,0.0
2026-09-10T21:05:46,ERR,ERR,ERR,ERR,ERR,ERR,ERR,ERR,ERR,ERR,ERR,ERR,ERR,ERR,ERR,ERR,ERR,ERR,ERR,ERR,ERR,ERR,ERR,ERR,ERR,ERR,ERR,ERR,ERR,ERR,ERR,ERR,ERR,ERR,ERR,ERR,ERR,ERR,ERR,ERR,ERR,ERR,ERR,ERR,ERR,ERR,ERR,ERR,ERR,ERR,ERR,ERR,ERR,ERR,ERR,ERR,ERR,ERR,ERR,ERR,ERR,ERR,ERR,ERR,ERR,ERR,ERR,ERR,ERR,ERR,ERR,ERR,ERR,ERR,ERR,ERR,ERR,ERR,ERR,ERR,ERR,ERR,ERR,ERR,ERR,ERR,ERR,ERR,ERR,ERR,ERR,ERR,ERR,ERR,ERR,ERR,ERR,ERR,ERR,ERR,ERR,ERR,ERR,ERR,ERR,ERR,ERR,ERR,ERR,ERR,ERR,ERR,ERR,ERR,ERR,ERR,ERR,ERR,ERR,ERR,ERR,ERR,ERR,ERR,ERR,0.0,2.7184303811560617e+23,-100794720.0,0.0,0.0,1.3936040501711995e+18,7.805,0.0,0,0,4,0,7116,0.0,100,0.0,0.0,0.0,0.0,0.0,0,0,0,0,0.0,0,0,0,0,0,0,0,0,0,0,0,0,0,0,0,0,0,0,0,0,0,0,0,0,0,0,0,0,0,0,0,0,0,31,40,40,71,65476,0,300,0,0,8,21553,0.0,-107605600.0,0.0,0.0,0.0,0.0,0.0,0.0,0.0,0.0,0.0,0.0,0.0,0.0,0.0,0.0,0.0,0.0,0.0,0.0,0.0,0.0,-2.004,-2.004,2.004,0.0,0.0,0.0,0.0,0.0,4477.0,1.0406632763589053e+34,6927.0,0.0,2.7184303811560617e+23,-0.0,0.0,0.0,0.0,0.0,0.0,69,0.0,-0.0,0.0,0.0,0.0,0.0,0.0,0.0,0.0,0,0,0,0.0,0.0,0.0,0.0,0.0,0.0,0.0,0.0,0.0,0.0,0.0,0.0,0.0,0.0,0.0,0.0,0,-107875648.0,69,0.0,138,0.0,2.6474893195377515e+23,0,26215,17087,39322,17104,0,17085,0,0,0,70,68,100,-0.0,82.1,0.0,78.8,-0.0,79.0,1,49,50,180,52429,13107,0,0,0.0,0.0,0.0,0.0,-0.0,67.0,0.0,162057.094,0.0,984,0,1016,0,0,0,957,0,1043,0,945,0,793,0,786,0,823,0,7520,0.032,2.524898095088995e+20,0.0,0.0,784,16797,-0.0,162057.094,-114818.039,-0.0,0.133,6.909358625270745e+28,30.0,70.0,35,0.0,0.0,0.0,0.0,0.0,0.0,0.0,0.0,0.0,0.0,0.0,0.0,0.0,0.0,0.0,0.0,66.0,0,150,71,52,65476,0,300,0,0,8,20529,65476,0,0,44564,70.0,0.0,0.0,0.0,0.0,0.0
2026-09-10T21:05:47,ERR,ERR,ERR,ERR,ERR,ERR,ERR,ERR,ERR,ERR,ERR,ERR,ERR,ERR,ERR,ERR,ERR,ERR,ERR,ERR,ERR,ERR,ERR,ERR,ERR,ERR,ERR,ERR,ERR,ERR,ERR,ERR,ERR,ERR,ERR,ERR,ERR,ERR,ERR,ERR,ERR,ERR,ERR,ERR,ERR,ERR,ERR,ERR,ERR,ERR,ERR,ERR,ERR,ERR,ERR,ERR,ERR,ERR,ERR,ERR,ERR,ERR,ERR,ERR,ERR,ERR,ERR,ERR,ERR,ERR,ERR,ERR,ERR,ERR,ERR,ERR,ERR,ERR,ERR,ERR,ERR,ERR,ERR,ERR,ERR,ERR,ERR,ERR,ERR,ERR,ERR,ERR,ERR,ERR,ERR,ERR,ERR,ERR,ERR,ERR,ERR,ERR,ERR,ERR,ERR,ERR,ERR,ERR,ERR,ERR,ERR,ERR,ERR,ERR,ERR,ERR,ERR,ERR,ERR,ERR,ERR,ERR,ERR,ERR,ERR,0.0,2.7184303811560617e+23,-100794720.0,0.0,0.0,1.3936040501711995e+18,7.805,0.0,0,0,4,0,7116,0.0,100,0.0,0.0,0.0,0.0,0.0,0,0,0,0,0.0,0,0,0,0,0,0,0,0,0,0,0,0,0,0,0,0,0,0,0,0,0,0,0,0,0,0,0,0,0,0,0,0,0,31,40,40,71,65476,0,300,0,0,8,21553,0.0,-107605600.0,0.0,0.0,0.0,0.0,0.0,0.0,0.0,0.0,0.0,0.0,0.0,0.0,0.0,0.0,0.0,0.0,0.0,0.0,0.0,0.0,-2.004,-2.004,2.004,0.0,0.0,0.0,0.0,0.0,4477.0,1.0406632763589053e+34,6927.0,0.0,2.7184303811560617e+23,-0.0,0.0,0.0,0.0,0.0,0.0,69,0.0,-0.0,0.0,0.0,0.0,0.0,0.0,0.0,0.0,0,0,0,0.0,0.0,0.0,0.0,0.0,0.0,0.0,0.0,0.0,0.0,0.0,0.0,0.0,0.0,0.0,0.0,0,-107875648.0,69,0.0,138,0.0,2.6474893195377515e+23,0,26215,17087,39322,17104,0,17085,0,0,0,70,68,100,-0.0,82.1,0.0,78.8,-0.0,79.0,1,49,50,180,52429,13107,0,0,0.0,0.0,0.0,0.0,-0.0,67.0,0.0,162057.094,0.0,984,0,1016,0,0,0,957,0,1043,0,945,0,793,0,786,0,823,0,7520,0.032,2.524898095088995e+20,0.0,0.0,784,16797,-0.0,162057.094,-114818.039,-0.0,0.133,6.909358625270745e+28,30.0,70.0,35,0.0,0.0,0.0,0.0,0.0,0.0,0.0,0.0,0.0,0.0,0.0,0.0,0.0,0.0,0.0,0.0,66.0,0,150,71,52,65476,0,300,0,0,8,20529,65476,0,0,44564,70.0,0.0,0.0,0.0,0.0,0.0
2026-09-10T21:05:48,ERR,ERR,ERR,ERR,ERR,ERR,ERR,ERR,ERR,ERR,ERR,ERR,ERR,ERR,ERR,ERR,ERR,ERR,ERR,ERR,ERR,ERR,ERR,ERR,ERR,ERR,ERR,ERR,ERR,ERR,ERR,ERR,ERR,ERR,ERR,ERR,ERR,ERR,ERR,ERR,ERR,ERR,ERR,ERR,ERR,ERR,ERR,ERR,ERR,ERR,ERR,ERR,ERR,ERR,ERR,ERR,ERR,ERR,ERR,ERR,ERR,ERR,ERR,ERR,ERR,ERR,ERR,ERR,ERR,ERR,ERR,ERR,ERR,ERR,ERR,ERR,ERR,ERR,ERR,ERR,ERR,ERR,ERR,ERR,ERR,ERR,ERR,ERR,ERR,ERR,ERR,ERR,ERR,ERR,ERR,ERR,ERR,ERR,ERR,ERR,ERR,ERR,ERR,ERR,ERR,ERR,ERR,ERR,ERR,ERR,ERR,ERR,ERR,ERR,ERR,ERR,ERR,ERR,ERR,ERR,ERR,ERR,ERR,ERR,ERR,0.0,2.7184303811560617e+23,-100794720.0,0.0,0.0,1.3936040501711995e+18,7.805,0.0,0,0,4,0,7116,0.0,100,0.0,0.0,0.0,0.0,0.0,0,0,0,0,0.0,0,0,0,0,0,0,0,0,0,0,0,0,0,0,0,0,0,0,0,0,0,0,0,0,0,0,0,0,0,0,0,0,0,31,40,40,71,65476,0,300,0,0,8,21553,0.0,-107605600.0,0.0,0.0,0.0,0.0,0.0,0.0,0.0,0.0,0.0,0.0,0.0,0.0,0.0,0.0,0.0,0.0,0.0,0.0,0.0,0.0,-2.004,-2.004,2.004,0.0,0.0,0.0,0.0,0.0,4477.0,1.0406632763589053e+34,6927.0,0.0,2.7184303811560617e+23,-0.0,0.0,0.0,0.0,0.0,0.0,69,0.0,-0.0,0.0,0.0,0.0,0.0,0.0,0.0,0.0,0,0,0,0.0,0.0,0.0,0.0,0.0,0.0,0.0,0.0,0.0,0.0,0.0,0.0,0.0,0.0,0.0,0.0,0,-107875648.0,69,0.0,138,0.0,2.6474893195377515e+23,0,26215,17087,39322,17104,0,17085,0,0,0,70,68,100,-0.0,82.1,0.0,78.8,-0.0,79.0,1,49,50,180,52429,13107,0,0,0.0,0.0,0.0,0.0,-0.0,67.0,0.0,162057.094,0.0,984,0,1016,0,0,0,957,0,1043,0,945,0,793,0,786,0,823,0,7520,0.032,2.524898095088995e+20,0.0,0.0,784,16797,-0.0,162057.094,-114818.039,-0.0,0.133,6.909358625270745e+28,30.0,70.0,35,0.0,0.0,0.0,0.0,0.0,0.0,0.0,0.0,0.0,0.0,0.0,0.0,0.0,0.0,0.0,0.0,66.0,0,150,71,52,65476,0,300,0,0,8,20529,65476,0,0,44564,70.0,0.0,0.0,0.0,0.0,0.0
2026-09-10T21:05:49,ERR,ERR,ERR,ERR,ERR,ERR,ERR,ERR,ERR,ERR,ERR,ERR,ERR,ERR,ERR,ERR,ERR,ERR,ERR,ERR,ERR,ERR,ERR,ERR,ERR,ERR,ERR,ERR,ERR,ERR,ERR,ERR,ERR,ERR,ERR,ERR,ERR,ERR,ERR,ERR,ERR,ERR,ERR,ERR,ERR,ERR,ERR,ERR,ERR,ERR,ERR,ERR,ERR,ERR,ERR,ERR,ERR,ERR,ERR,ERR,ERR,ERR,ERR,ERR,ERR,ERR,ERR,ERR,ERR,ERR,ERR,ERR,ERR,ERR,ERR,ERR,ERR,ERR,ERR,ERR,ERR,ERR,ERR,ERR,ERR,ERR,ERR,ERR,ERR,ERR,ERR,ERR,ERR,ERR,ERR,ERR,ERR,ERR,ERR,ERR,ERR,ERR,ERR,ERR,ERR,ERR,ERR,ERR,ERR,ERR,ERR,ERR,ERR,ERR,ERR,ERR,ERR,ERR,ERR,ERR,ERR,ERR,ERR,ERR,ERR,0.0,2.7184303811560617e+23,-100794720.0,0.0,0.0,1.3936040501711995e+18,7.805,0.0,0,0,4,0,7116,0.0,100,0.0,0.0,0.0,0.0,0.0,0,0,0,0,0.0,0,0,0,0,0,0,0,0,0,0,0,0,0,0,0,0,0,0,0,0,0,0,0,0,0,0,0,0,0,0,0,0,0,31,40,40,71,65476,0,300,0,0,8,21553,0.0,-107605600.0,0.0,0.0,0.0,0.0,0.0,0.0,0.0,0.0,0.0,0.0,0.0,0.0,0.0,0.0,0.0,0.0,0.0,0.0,0.0,0.0,-2.004,-2.004,2.004,0.0,0.0,0.0,0.0,0.0,4477.0,1.0406632763589053e+34,6927.0,0.0,2.7184303811560617e+23,-0.0,0.0,0.0,0.0,0.0,0.0,69,0.0,-0.0,0.0,0.0,0.0,0.0,0.0,0.0,0.0,0,0,0,0.0,0.0,0.0,0.0,0.0,0.0,0.0,0.0,0.0,0.0,0.0,0.0,0.0,0.0,0.0,0.0,0,-107875648.0,69,0.0,138,0.0,2.6474893195377515e+23,0,26215,17087,39322,17104,0,17085,0,0,0,70,68,100,-0.0,82.1,0.0,78.8,-0.0,79.0,1,49,50,180,52429,13107,0,0,0.0,0.0,0.0,0.0,-0.0,67.0,0.0,162057.094,0.0,984,0,1016,0,0,0,957,0,1043,0,945,0,793,0,786,0,823,0,7520,0.032,2.5133688800429264e+20,0.0,0.0,784,16797,-0.0,162057.094,-114818.039,-0.0,0.133,6.909358625270745e+28,30.0,70.0,35,0.0,0.0,0.0,0.0,0.0,0.0,0.0,0.0,0.0,0.0,0.0,0.0,0.0,0.0,0.0,0.0,66.0,0,150,71,52,65476,0,300,0,0,8,20529,65476,0,0,44564,70.0,0.0,0.0,0.0,0.0,0.0
2026-09-10T21:05:50,ERR,ERR,ERR,ERR,ERR,ERR,ERR,ERR,ERR,ERR,ERR,ERR,ERR,ERR,ERR,ERR,ERR,ERR,ERR,ERR,ERR,ERR,ERR,ERR,ERR,ERR,ERR,ERR,ERR,ERR,ERR,ERR,ERR,ERR,ERR,ERR,ERR,ERR,ERR,ERR,ERR,ERR,ERR,ERR,ERR,ERR,ERR,ERR,ERR,ERR,ERR,ERR,ERR,ERR,ERR,ERR,ERR,ERR,ERR,ERR,ERR,ERR,ERR,ERR,ERR,ERR,ERR,ERR,ERR,ERR,ERR,ERR,ERR,ERR,ERR,ERR,ERR,ERR,ERR,ERR,ERR,ERR,ERR,ERR,ERR,ERR,ERR,ERR,ERR,ERR,ERR,ERR,ERR,ERR,ERR,ERR,ERR,ERR,ERR,ERR,ERR,ERR,ERR,ERR,ERR,ERR,ERR,ERR,ERR,ERR,ERR,ERR,ERR,ERR,ERR,ERR,ERR,ERR,ERR,ERR,ERR,ERR,ERR,ERR,ERR,0.0,2.7184303811560617e+23,-100794720.0,0.0,0.0,1.3936040501711995e+18,7.805,0.0,0,0,4,0,7116,0.0,100,0.0,0.0,0.0,0.0,0.0,0,0,0,0,0.0,0,0,0,0,0,0,0,0,0,0,0,0,0,0,0,0,0,0,0,0,0,0,0,0,0,0,0,0,0,0,0,0,0,31,40,40,71,65476,0,300,0,0,8,21553,0.0,-107605600.0,0.0,0.0,0.0,0.0,0.0,0.0,0.0,0.0,0.0,0.0,0.0,0.0,0.0,0.0,0.0,0.0,0.0,0.0,0.0,0.0,-2.004,-2.004,2.004,0.0,0.0,0.0,0.0,0.0,4477.0,1.0406632763589053e+34,6927.0,0.0,2.7184303811560617e+23,-0.0,0.0,0.0,0.0,0.0,0.0,69,0.0,-0.0,0.0,0.0,0.0,0.0,0.0,0.0,0.0,0,0,0,0.0,0.0,0.0,0.0,0.0,0.0,0.0,0.0,0.0,0.0,0.0,0.0,0.0,0.0,0.0,0.0,0,-107875648.0,69,0.0,138,0.0,2.6474893195377515e+23,0,26215,17087,39322,17104,0,17085,0,0,0,70,68,100,-0.0,82.1,0.0,78.8,-0.0,79.0,1,49,50,180,52429,13107,0,0,0.0,0.0,0.0,0.0,-0.0,67.0,0.0,162057.094,0.0,984,0,1016,0,0,0,957,0,1043,0,945,0,793,0,786,0,823,0,7520,0.032,2.5133688800429264e+20,0.0,0.0,784,16797,-0.0,162057.094,-114818.039,-0.0,0.133,6.909358625270745e+28,30.0,70.0,35,0.0,0.0,0.0,0.0,0.0,0.0,0.0,0.0,0.0,0.0,0.0,0.0,0.0,0.0,0.0,0.0,66.0,0,150,71,52,65476,0,300,0,0,8,20529,65476,0,0,44564,70.0,0.0,0.0,0.0,0.0,0.0
2026-09-10T21:05:51,ERR,ERR,ERR,ERR,ERR,ERR,ERR,ERR,ERR,ERR,ERR,ERR,ERR,ERR,ERR,ERR,ERR,ERR,ERR,ERR,ERR,ERR,ERR,ERR,ERR,ERR,ERR,ERR,ERR,ERR,ERR,ERR,ERR,ERR,ERR,ERR,ERR,ERR,ERR,ERR,ERR,ERR,ERR,ERR,ERR,ERR,ERR,ERR,ERR,ERR,ERR,ERR,ERR,ERR,ERR,ERR,ERR,ERR,ERR,ERR,ERR,ERR,ERR,ERR,ERR,ERR,ERR,ERR,ERR,ERR,ERR,ERR,ERR,ERR,ERR,ERR,ERR,ERR,ERR,ERR,ERR,ERR,ERR,ERR,ERR,ERR,ERR,ERR,ERR,ERR,ERR,ERR,ERR,ERR,ERR,ERR,ERR,ERR,ERR,ERR,ERR,ERR,ERR,ERR,ERR,ERR,ERR,ERR,ERR,ERR,ERR,ERR,ERR,ERR,ERR,ERR,ERR,ERR,ERR,ERR,ERR,ERR,ERR,ERR,ERR,0.0,2.7184303811560617e+23,-100794720.0,0.0,0.0,1.3936040501711995e+18,7.805,0.0,0,0,4,0,7116,0.0,100,0.0,0.0,0.0,0.0,0.0,0,0,0,0,0.0,0,0,0,0,0,0,0,0,0,0,0,0,0,0,0,0,0,0,0,0,0,0,0,0,0,0,0,0,0,0,0,0,0,31,40,40,71,65476,0,300,0,0,8,21553,0.0,-107605600.0,0.0,0.0,0.0,0.0,0.0,0.0,0.0,0.0,0.0,0.0,0.0,0.0,0.0,0.0,0.0,0.0,0.0,0.0,0.0,0.0,-2.004,-2.004,2.004,0.0,0.0,0.0,0.0,0.0,4477.0,1.0406632763589053e+34,6927.0,0.0,2.7184303811560617e+23,-0.0,0.0,0.0,0.0,0.0,0.0,69,0.0,-0.0,0.0,0.0,0.0,0.0,0.0,0.0,0.0,0,0,0,0.0,0.0,0.0,0.0,0.0,0.0,0.0,0.0,0.0,0.0,0.0,0.0,0.0,0.0,0.0,0.0,0,-107875648.0,69,0.0,138,0.0,2.6474893195377515e+23,0,26215,17087,39322,17104,0,17085,0,0,0,70,68,100,-0.0,82.1,0.0,78.8,-0.0,79.0,1,49,50,180,52429,13107,0,0,0.0,0.0,0.0,0.0,-0.0,67.0,0.0,162057.094,0.0,984,0,1016,0,0,0,957,0,1043,0,945,0,793,0,786,0,823,0,7520,0.032,2.5133688800429264e+20,0.0,0.0,784,16797,-0.0,162057.094,-114818.039,-0.0,0.133,6.909358625270745e+28,30.0,70.0,35,0.0,0.0,0.0,0.0,0.0,0.0,0.0,0.0,0.0,0.0,0.0,0.0,0.0,0.0,0.0,0.0,66.0,0,150,71,52,65476,0,300,0,0,8,20529,65476,0,0,44564,70.0,0.0,0.0,0.0,0.0,0.0
2026-09-10T21:05:52,ERR,ERR,ERR,ERR,ERR,ERR,ERR,ERR,ERR,ERR,ERR,ERR,ERR,ERR,ERR,ERR,ERR,ERR,ERR,ERR,ERR,ERR,ERR,ERR,ERR,ERR,ERR,ERR,ERR,ERR,ERR,ERR,ERR,ERR,ERR,ERR,ERR,ERR,ERR,ERR,ERR,ERR,ERR,ERR,ERR,ERR,ERR,ERR,ERR,ERR,ERR,ERR,ERR,ERR,ERR,ERR,ERR,ERR,ERR,ERR,ERR,ERR,ERR,ERR,ERR,ERR,ERR,ERR,ERR,ERR,ERR,ERR,ERR,ERR,ERR,ERR,ERR,ERR,ERR,ERR,ERR,ERR,ERR,ERR,ERR,ERR,ERR,ERR,ERR,ERR,ERR,ERR,ERR,ERR,ERR,ERR,ERR,ERR,ERR,ERR,ERR,ERR,ERR,ERR,ERR,ERR,ERR,ERR,ERR,ERR,ERR,ERR,ERR,ERR,ERR,ERR,ERR,ERR,ERR,ERR,ERR,ERR,ERR,ERR,ERR,0.0,2.7184303811560617e+23,-100794720.0,0.0,0.0,1.3936040501711995e+18,7.805,0.0,0,0,4,0,7116,0.0,100,0.0,0.0,0.0,0.0,0.0,0,0,0,0,0.0,0,0,0,0,0,0,0,0,0,0,0,0,0,0,0,0,0,0,0,0,0,0,0,0,0,0,0,0,0,0,0,0,0,31,40,40,71,65476,0,300,0,0,8,21553,0.0,-107605600.0,0.0,0.0,0.0,0.0,0.0,0.0,0.0,0.0,0.0,0.0,0.0,0.0,0.0,0.0,0.0,0.0,0.0,0.0,0.0,0.0,-2.004,-2.004,2.004,0.0,0.0,0.0,0.0,0.0,4477.0,1.0406632763589053e+34,6927.0,0.0,2.7184303811560617e+23,-0.0,0.0,0.0,0.0,0.0,0.0,69,0.0,-0.0,0.0,0.0,0.0,0.0,0.0,0.0,0.0,0,0,0,0.0,0.0,0.0,0.0,0.0,0.0,0.0,0.0,0.0,0.0,0.0,0.0,0.0,0.0,0.0,0.0,0,-107875648.0,69,0.0,138,0.0,2.6474893195377515e+23,0,26215,17087,39322,17104,0,17085,0,0,0,70,68,100,-0.0,82.1,0.0,78.8,-0.0,79.0,1,49,50,180,52429,13107,0,0,0.0,0.0,0.0,0.0,-0.0,67.0,0.0,162057.094,0.0,984,0,1016,0,0,0,957,0,1043,0,945,0,793,0,786,0,823,0,7520,0.032,2.5133688800429264e+20,0.0,0.0,784,16797,-0.0,162057.094,-114818.039,-0.0,0.133,6.909358625270745e+28,30.0,70.0,35,0.0,0.0,0.0,0.0,0.0,0.0,0.0,0.0,0.0,0.0,0.0,0.0,0.0,0.0,0.0,0.0,66.0,0,150,71,52,65476,0,300,0,0,8,20529,65476,0,0,44564,70.0,0.0,0.0,0.0,0.0,0.0
2026-09-10T21:05:53,ERR,ERR,ERR,ERR,ERR,ERR,ERR,ERR,ERR,ERR,ERR,ERR,ERR,ERR,ERR,ERR,ERR,ERR,ERR,ERR,ERR,ERR,ERR,ERR,ERR,ERR,ERR,ERR,ERR,ERR,ERR,ERR,ERR,ERR,ERR,ERR,ERR,ERR,ERR,ERR,ERR,ERR,ERR,ERR,ERR,ERR,ERR,ERR,ERR,ERR,ERR,ERR,ERR,ERR,ERR,ERR,ERR,ERR,ERR,ERR,ERR,ERR,ERR,ERR,ERR,ERR,ERR,ERR,ERR,ERR,ERR,ERR,ERR,ERR,ERR,ERR,ERR,ERR,ERR,ERR,ERR,ERR,ERR,ERR,ERR,ERR,ERR,ERR,ERR,ERR,ERR,ERR,ERR,ERR,ERR,ERR,ERR,ERR,ERR,ERR,ERR,ERR,ERR,ERR,ERR,ERR,ERR,ERR,ERR,ERR,ERR,ERR,ERR,ERR,ERR,ERR,ERR,ERR,ERR,ERR,ERR,ERR,ERR,ERR,ERR,0.0,2.7184303811560617e+23,-100794720.0,0.0,0.0,1.3936040501711995e+18,7.805,0.0,0,0,4,0,7116,0.0,100,0.0,0.0,0.0,0.0,0.0,0,0,0,0,0.0,0,0,0,0,0,0,0,0,0,0,0,0,0,0,0,0,0,0,0,0,0,0,0,0,0,0,0,0,0,0,0,0,0,31,40,40,71,65476,0,300,0,0,8,21553,0.0,-107605600.0,0.0,0.0,0.0,0.0,0.0,0.0,0.0,0.0,0.0,0.0,0.0,0.0,0.0,0.0,0.0,0.0,0.0,0.0,0.0,0.0,-2.004,-0.0,2.004,0.0,0.0,0.0,0.0,0.0,4472.0,-0.0,6935.0,0.0,2.7184303811560617e+23,-0.0,0.0,0.0,0.0,0.0,0.0,69,0.0,-152016911335424.0,0.0,0.0,0.0,0.0,0.0,0.0,0.0,0,0,0,0.0,0.0,0.0,0.0,0.0,0.0,0.0,0.0,0.0,0.0,0.0,0.0,0.0,0.0,0.0,0.0,0,-107875648.0,69,0.0,138,0.0,2.6474893195377515e+23,0,26215,17087,39322,17104,0,17085,0,0,0,70,68,100,-0.0,82.1,0.0,78.8,-0.0,79.0,1,49,50,180,52429,13107,0,0,0.0,0.0,0.0,0.0,-0.0,67.0,0.0,162057.094,0.0,984,0,1016,0,0,0,957,0,1043,0,945,0,793,0,786,0,823,0,7520,0.032,2.5133688800429264e+20,0.0,0.0,784,16797,-0.0,162057.094,-114818.039,-0.0,0.133,6.909358625270745e+28,30.0,70.0,35,0.0,0.0,0.0,0.0,0.0,0.0,0.0,0.0,0.0,0.0,0.0,0.0,0.0,0.0,0.0,0.0,66.0,0,150,71,52,65476,0,300,0,0,8,20529,65476,0,0,44564,70.0,0.0,0.0,0.0,0.0,0.0
2026-09-10T21:05:54,ERR,ERR,ERR,ERR,ERR,ERR,ERR,ERR,ERR,ERR,ERR,ERR,ERR,ERR,ERR,ERR,ERR,ERR,ERR,ERR,ERR,ERR,ERR,ERR,ERR,ERR,ERR,ERR,ERR,ERR,ERR,ERR,ERR,ERR,ERR,ERR,ERR,ERR,ERR,ERR,ERR,ERR,ERR,ERR,ERR,ERR,ERR,ERR,ERR,ERR,ERR,ERR,ERR,ERR,ERR,ERR,ERR,ERR,ERR,ERR,ERR,ERR,ERR,ERR,ERR,ERR,ERR,ERR,ERR,ERR,ERR,ERR,ERR,ERR,ERR,ERR,ERR,ERR,ERR,ERR,ERR,ERR,ERR,ERR,ERR,ERR,ERR,ERR,ERR,ERR,ERR,ERR,ERR,ERR,ERR,ERR,ERR,ERR,ERR,ERR,ERR,ERR,ERR,ERR,ERR,ERR,ERR,ERR,ERR,ERR,ERR,ERR,ERR,ERR,ERR,ERR,ERR,ERR,ERR,ERR,ERR,ERR,ERR,ERR,ERR,0.0,2.7184303811560617e+23,-100794720.0,0.0,0.0,1.3936040501711995e+18,7.805,0.0,0,0,4,0,7116,0.0,100,0.0,0.0,0.0,0.0,0.0,0,0,0,0,0.0,0,0,0,0,0,0,0,0,0,0,0,0,0,0,0,0,0,0,0,0,0,0,0,0,0,0,0,0,0,0,0,0,0,31,40,40,71,65476,0,300,0,0,8,21553,0.0,-107605600.0,0.0,0.0,0.0,0.0,0.0,0.0,0.0,0.0,0.0,0.0,0.0,0.0,0.0,0.0,0.0,0.0,0.0,0.0,0.0,0.0,-2.004,-0.0,2.004,0.0,0.0,0.0,0.0,0.0,4472.0,-0.0,6935.0,0.0,2.7184303811560617e+23,-0.0,0.0,0.0,0.0,0.0,0.0,69,0.0,-152016911335424.0,0.0,0.0,0.0,0.0,0.0,0.0,0.0,0,0,0,0.0,0.0,0.0,0.0,0.0,0.0,0.0,0.0,0.0,0.0,0.0,0.0,0.0,0.0,0.0,0.0,0,-107875648.0,69,0.0,138,0.0,2.6474893195377515e+23,0,26215,17087,39322,17104,0,17085,0,0,0,70,68,100,-0.0,82.1,0.0,78.8,-0.0,79.0,1,49,50,180,52429,13107,0,0,0.0,0.0,0.0,0.0,-0.0,67.0,0.0,162057.094,0.0,984,0,1016,0,0,0,957,0,1043,0,945,0,793,0,786,0,823,0,7520,0.032,2.5133688800429264e+20,0.0,0.0,784,16797,-0.0,162057.094,-114818.039,-0.0,0.133,6.909358625270745e+28,30.0,70.0,35,0.0,0.0,0.0,0.0,0.0,0.0,0.0,0.0,0.0,0.0,0.0,0.0,0.0,0.0,0.0,0.0,66.0,0,150,71,52,65476,0,300,0,0,8,20529,65476,0,0,44564,70.0,0.0,0.0,0.0,0.0,0.0
2026-09-10T21:05:55,ERR,ERR,ERR,ERR,ERR,ERR,ERR,ERR,ERR,ERR,ERR,ERR,ERR,ERR,ERR,ERR,ERR,ERR,ERR,ERR,ERR,ERR,ERR,ERR,ERR,ERR,ERR,ERR,ERR,ERR,ERR,ERR,ERR,ERR,ERR,ERR,ERR,ERR,ERR,ERR,ERR,ERR,ERR,ERR,ERR,ERR,ERR,ERR,ERR,ERR,ERR,ERR,ERR,ERR,ERR,ERR,ERR,ERR,ERR,ERR,ERR,ERR,ERR,ERR,ERR,ERR,ERR,ERR,ERR,ERR,ERR,ERR,ERR,ERR,ERR,ERR,ERR,ERR,ERR,ERR,ERR,ERR,ERR,ERR,ERR,ERR,ERR,ERR,ERR,ERR,ERR,ERR,ERR,ERR,ERR,ERR,ERR,ERR,ERR,ERR,ERR,ERR,ERR,ERR,ERR,ERR,ERR,ERR,ERR,ERR,ERR,ERR,ERR,ERR,ERR,ERR,ERR,ERR,ERR,ERR,ERR,ERR,ERR,ERR,ERR,0.0,2.7184303811560617e+23,-100794720.0,0.0,0.0,1.3936040501711995e+18,7.805,0.0,0,0,4,0,7116,0.0,100,0.0,0.0,0.0,0.0,0.0,0,0,0,0,0.0,0,0,0,0,0,0,0,0,0,0,0,0,0,0,0,0,0,0,0,0,0,0,0,0,0,0,0,0,0,0,0,0,0,31,40,40,71,65476,0,300,0,0,8,21553,0.0,-107605600.0,0.0,0.0,0.0,0.0,0.0,0.0,0.0,0.0,0.0,0.0,0.0,0.0,0.0,0.0,0.0,0.0,0.0,0.0,0.0,0.0,-2.004,-0.0,2.004,0.0,0.0,0.0,0.0,0.0,4472.0,-0.0,6935.0,0.0,2.7184303811560617e+23,-0.0,0.0,0.0,0.0,0.0,0.0,69,0.0,-152016911335424.0,0.0,0.0,0.0,0.0,0.0,0.0,0.0,0,0,0,0.0,0.0,0.0,0.0,0.0,0.0,0.0,0.0,0.0,0.0,0.0,0.0,0.0,0.0,0.0,0.0,0,-107875648.0,69,0.0,138,0.0,2.6474893195377515e+23,0,26215,17087,39322,17104,0,17085,0,0,0,70,68,100,-0.0,82.1,0.0,78.8,-0.0,79.0,1,49,50,180,52429,13107,0,0,0.0,0.0,0.0,0.0,-0.0,67.0,0.0,162057.094,0.0,984,0,1016,0,0,0,956,0,1043,0,945,0,793,0,785,0,823,0,7520,0.032,2.5133688800429264e+20,0.0,0.0,784,16797,-0.0,162057.094,-114818.039,-0.0,0.133,6.909358625270745e+28,30.0,70.0,35,0.0,0.0,0.0,0.0,0.0,0.0,0.0,0.0,0.0,0.0,0.0,0.0,0.0,0.0,0.0,0.0,66.0,0,150,71,52,65476,0,300,0,0,8,20529,65476,0,0,44564,70.0,0.0,0.0,0.0,0.0,0.0
2026-09-10T21:05:56,ERR,ERR,ERR,ERR,ERR,ERR,ERR,ERR,ERR,ERR,ERR,ERR,ERR,ERR,ERR,ERR,ERR,ERR,ERR,ERR,ERR,ERR,ERR,ERR,ERR,ERR,ERR,ERR,ERR,ERR,ERR,ERR,ERR,ERR,ERR,ERR,ERR,ERR,ERR,ERR,ERR,ERR,ERR,ERR,ERR,ERR,ERR,ERR,ERR,ERR,ERR,ERR,ERR,ERR,ERR,ERR,ERR,ERR,ERR,ERR,ERR,ERR,ERR,ERR,ERR,ERR,ERR,ERR,ERR,ERR,ERR,ERR,ERR,ERR,ERR,ERR,ERR,ERR,ERR,ERR,ERR,ERR,ERR,ERR,ERR,ERR,ERR,ERR,ERR,ERR,ERR,ERR,ERR,ERR,ERR,ERR,ERR,ERR,ERR,ERR,ERR,ERR,ERR,ERR,ERR,ERR,ERR,ERR,ERR,ERR,ERR,ERR,ERR,ERR,ERR,ERR,ERR,ERR,ERR,ERR,ERR,ERR,ERR,ERR,ERR,0.0,2.7184303811560617e+23,-100794720.0,0.0,0.0,1.3936040501711995e+18,7.805,0.0,0,0,4,0,7116,0.0,100,0.0,0.0,0.0,0.0,0.0,0,0,0,0,0.0,0,0,0,0,0,0,0,0,0,0,0,0,0,0,0,0,0,0,0,0,0,0,0,0,0,0,0,0,0,0,0,0,0,31,40,40,71,65476,0,300,0,0,8,21553,0.0,-107605600.0,0.0,0.0,0.0,0.0,0.0,0.0,0.0,0.0,0.0,0.0,0.0,0.0,0.0,0.0,0.0,0.0,0.0,0.0,0.0,0.0,-2.004,-0.0,2.004,0.0,0.0,0.0,0.0,0.0,4472.0,-0.0,6935.0,0.0,2.7184303811560617e+23,-0.0,0.0,0.0,0.0,0.0,0.0,69,0.0,-152016911335424.0,0.0,0.0,0.0,0.0,0.0,0.0,0.0,0,0,0,0.0,0.0,0.0,0.0,0.0,0.0,0.0,0.0,0.0,0.0,0.0,0.0,0.0,0.0,0.0,0.0,0,-107875648.0,69,0.0,138,0.0,2.6474893195377515e+23,0,26215,17087,39322,17104,0,17085,0,0,0,70,68,100,-0.0,82.1,0.0,78.8,-0.0,79.0,1,49,50,180,52429,13107,0,0,0.0,0.0,0.0,0.0,-0.0,67.0,0.0,162057.094,0.0,984,0,1016,0,0,0,956,0,1043,0,945,0,793,0,785,0,823,0,7520,0.032,2.5133688800429264e+20,0.0,0.0,784,16797,-0.0,162057.094,-114818.039,-0.0,0.133,6.909358625270745e+28,30.0,70.0,35,0.0,0.0,0.0,0.0,0.0,0.0,0.0,0.0,0.0,0.0,0.0,0.0,0.0,0.0,0.0,0.0,66.0,0,150,71,52,65476,0,300,0,0,8,20529,65476,0,0,44564,70.0,0.0,0.0,0.0,0.0,0.0
2026-09-10T21:05:57,ERR,ERR,ERR,ERR,ERR,ERR,ERR,ERR,ERR,ERR,ERR,ERR,ERR,ERR,ERR,ERR,ERR,ERR,ERR,ERR,ERR,ERR,ERR,ERR,ERR,ERR,ERR,ERR,ERR,ERR,ERR,ERR,ERR,ERR,ERR,ERR,ERR,ERR,ERR,ERR,ERR,ERR,ERR,ERR,ERR,ERR,ERR,ERR,ERR,ERR,ERR,ERR,ERR,ERR,ERR,ERR,ERR,ERR,ERR,ERR,ERR,ERR,ERR,ERR,ERR,ERR,ERR,ERR,ERR,ERR,ERR,ERR,ERR,ERR,ERR,ERR,ERR,ERR,ERR,ERR,ERR,ERR,ERR,ERR,ERR,ERR,ERR,ERR,ERR,ERR,ERR,ERR,ERR,ERR,ERR,ERR,ERR,ERR,ERR,ERR,ERR,ERR,ERR,ERR,ERR,ERR,ERR,ERR,ERR,ERR,ERR,ERR,ERR,ERR,ERR,ERR,ERR,ERR,ERR,ERR,ERR,ERR,ERR,ERR,ERR,0.0,2.7184303811560617e+23,-100794720.0,0.0,0.0,1.3936040501711995e+18,7.805,0.0,0,0,4,0,7116,0.0,100,0.0,0.0,0.0,0.0,0.0,0,0,0,0,0.0,0,0,0,0,0,0,0,0,0,0,0,0,0,0,0,0,0,0,0,0,0,0,0,0,0,0,0,0,0,0,0,0,0,31,40,40,71,65476,0,300,0,0,8,21553,0.0,-107605600.0,0.0,0.0,0.0,0.0,0.0,0.0,0.0,0.0,0.0,0.0,0.0,0.0,0.0,0.0,0.0,0.0,0.0,0.0,0.0,0.0,-2.004,-0.0,2.004,0.0,0.0,0.0,0.0,0.0,4472.0,-0.0,6935.0,0.0,2.7184303811560617e+23,-0.0,0.0,0.0,0.0,0.0,0.0,69,0.0,-152016911335424.0,0.0,0.0,0.0,0.0,0.0,0.0,0.0,0,0,0,0.0,0.0,0.0,0.0,0.0,0.0,0.0,0.0,0.0,0.0,0.0,0.0,0.0,0.0,0.0,0.0,0,-107875648.0,69,0.0,138,0.0,2.6474893195377515e+23,0,26215,17087,39322,17104,0,17085,0,0,0,70,68,100,-0.0,82.1,0.0,78.8,-0.0,79.0,1,49,50,180,52429,13107,0,0,0.0,0.0,0.0,0.0,-0.0,67.0,0.0,162057.094,0.0,984,0,1016,0,0,0,956,0,1043,0,945,0,793,0,785,0,823,0,7520,0.032,2.5133688800429264e+20,0.0,0.0,784,16797,-0.0,162057.094,-114818.039,-0.0,0.133,6.909358625270745e+28,30.0,70.0,35,0.0,0.0,0.0,0.0,0.0,0.0,0.0,0.0,0.0,0.0,0.0,0.0,0.0,0.0,0.0,0.0,66.0,0,150,71,52,65476,0,300,0,0,8,20529,65476,0,0,44564,70.0,0.0,0.0,0.0,0.0,0.0
2026-09-10T21:05:58,ERR,ERR,ERR,ERR,ERR,ERR,ERR,ERR,ERR,ERR,ERR,ERR,ERR,ERR,ERR,ERR,ERR,ERR,ERR,ERR,ERR,ERR,ERR,ERR,ERR,ERR,ERR,ERR,ERR,ERR,ERR,ERR,ERR,ERR,ERR,ERR,ERR,ERR,ERR,ERR,ERR,ERR,ERR,ERR,ERR,ERR,ERR,ERR,ERR,ERR,ERR,ERR,ERR,ERR,ERR,ERR,ERR,ERR,ERR,ERR,ERR,ERR,ERR,ERR,ERR,ERR,ERR,ERR,ERR,ERR,ERR,ERR,ERR,ERR,ERR,ERR,ERR,ERR,ERR,ERR,ERR,ERR,ERR,ERR,ERR,ERR,ERR,ERR,ERR,ERR,ERR,ERR,ERR,ERR,ERR,ERR,ERR,ERR,ERR,ERR,ERR,ERR,ERR,ERR,ERR,ERR,ERR,ERR,ERR,ERR,ERR,ERR,ERR,ERR,ERR,ERR,ERR,ERR,ERR,ERR,ERR,ERR,ERR,ERR,ERR,0.0,2.7184303811560617e+23,-100794720.0,0.0,0.0,1.3936040501711995e+18,7.805,0.0,0,0,4,0,7116,0.0,100,0.0,0.0,0.0,0.0,0.0,0,0,0,0,0.0,0,0,0,0,0,0,0,0,0,0,0,0,0,0,0,0,0,0,0,0,0,0,0,0,0,0,0,0,0,0,0,0,0,31,40,40,71,65476,0,300,0,0,8,21553,0.0,-107605600.0,0.0,0.0,0.0,0.0,0.0,0.0,0.0,0.0,0.0,0.0,0.0,0.0,0.0,0.0,0.0,0.0,0.0,0.0,0.0,0.0,-2.004,-0.0,2.004,0.0,0.0,0.0,0.0,0.0,4472.0,-0.0,6935.0,0.0,2.7184303811560617e+23,-0.0,0.0,0.0,0.0,0.0,0.0,69,0.0,-152016911335424.0,0.0,0.0,0.0,0.0,0.0,0.0,0.0,0,0,0,0.0,0.0,0.0,0.0,0.0,0.0,0.0,0.0,0.0,0.0,0.0,0.0,0.0,0.0,0.0,0.0,0,-107875648.0,69,0.0,138,0.0,2.6474893195377515e+23,0,26215,17087,39322,17104,0,17085,0,0,0,70,68,100,-0.0,82.1,0.0,78.8,-0.0,79.0,1,49,50,180,52429,13107,0,0,0.0,0.0,0.0,0.0,-0.0,67.0,0.0,162057.094,0.0,984,0,1016,0,0,0,956,0,1043,0,945,0,793,0,785,0,823,0,7520,0.032,2.5133688800429264e+20,0.0,0.0,784,16797,-0.0,162057.094,-114818.039,-0.0,0.133,6.909358625270745e+28,30.0,70.0,35,0.0,0.0,0.0,0.0,0.0,0.0,0.0,0.0,0.0,0.0,0.0,0.0,0.0,0.0,0.0,0.0,66.0,0,150,71,52,65476,0,300,0,0,8,20529,65476,0,0,44564,70.0,0.0,0.0,0.0,0.0,0.0
2026-09-10T21:05:59,ERR,ERR,ERR,ERR,ERR,ERR,ERR,ERR,ERR,ERR,ERR,ERR,ERR,ERR,ERR,ERR,ERR,ERR,ERR,ERR,ERR,ERR,ERR,ERR,ERR,ERR,ERR,ERR,ERR,ERR,ERR,ERR,ERR,ERR,ERR,ERR,ERR,ERR,ERR,ERR,ERR,ERR,ERR,ERR,ERR,ERR,ERR,ERR,ERR,ERR,ERR,ERR,ERR,ERR,ERR,ERR,ERR,ERR,ERR,ERR,ERR,ERR,ERR,ERR,ERR,ERR,ERR,ERR,ERR,ERR,ERR,ERR,ERR,ERR,ERR,ERR,ERR,ERR,ERR,ERR,ERR,ERR,ERR,ERR,ERR,ERR,ERR,ERR,ERR,ERR,ERR,ERR,ERR,ERR,ERR,ERR,ERR,ERR,ERR,ERR,ERR,ERR,ERR,ERR,ERR,ERR,ERR,ERR,ERR,ERR,ERR,ERR,ERR,ERR,ERR,ERR,ERR,ERR,ERR,ERR,ERR,ERR,ERR,ERR,ERR,0.0,2.7184303811560617e+23,-100794720.0,0.0,0.0,1.3936040501711995e+18,7.805,0.0,0,0,4,0,7116,0.0,100,0.0,0.0,0.0,0.0,0.0,0,0,0,0,0.0,0,0,0,0,0,0,0,0,0,0,0,0,0,0,0,0,0,0,0,0,0,0,0,0,0,0,0,0,0,0,0,0,0,31,40,40,71,65476,0,300,0,0,8,21553,0.0,-107605600.0,0.0,0.0,0.0,0.0,0.0,0.0,0.0,0.0,0.0,0.0,0.0,0.0,0.0,0.0,0.0,0.0,0.0,0.0,0.0,0.0,-2.004,-0.0,2.004,0.0,0.0,0.0,0.0,0.0,4474.0,-2.004,6933.0,0.0,2.7184303811560617e+23,-0.0,0.0,0.0,0.0,0.0,0.0,69,0.0,-71.629,0.0,0.0,0.0,0.0,0.0,0.0,0.0,0,0,0,0.0,0.0,0.0,0.0,0.0,0.0,0.0,0.0,0.0,0.0,0.0,0.0,0.0,0.0,0.0,0.0,0,-107875648.0,69,0.0,138,0.0,2.6474893195377515e+23,0,26215,17087,39322,17104,0,17085,0,0,0,70,68,100,-0.0,82.1,0.0,78.8,-0.0,79.0,1,49,50,180,52429,13107,0,0,0.0,0.0,0.0,0.0,-0.0,67.0,0.0,162057.094,0.0,984,0,1016,0,0,0,957,0,1043,0,945,0,793,0,786,0,823,0,7520,0.032,2.524898095088995e+20,0.0,0.0,784,16797,-0.0,162057.094,-114818.039,-0.0,0.133,6.909358625270745e+28,30.0,70.0,35,0.0,0.0,0.0,0.0,0.0,0.0,0.0,0.0,0.0,0.0,0.0,0.0,0.0,0.0,0.0,0.0,66.4,0,150,71,52,65476,0,300,0,0,8,20529,65476,0,0,44564,70.0,0.0,0.0,0.0,0.0,0.0
2026-09-10T21:06:00,ERR,ERR,ERR,ERR,ERR,ERR,ERR,ERR,ERR,ERR,ERR,ERR,ERR,ERR,ERR,ERR,ERR,ERR,ERR,ERR,ERR,ERR,ERR,ERR,ERR,ERR,ERR,ERR,ERR,ERR,ERR,ERR,ERR,ERR,ERR,ERR,ERR,ERR,ERR,ERR,ERR,ERR,ERR,ERR,ERR,ERR,ERR,ERR,ERR,ERR,ERR,ERR,ERR,ERR,ERR,ERR,ERR,ERR,ERR,ERR,ERR,ERR,ERR,ERR,ERR,ERR,ERR,ERR,ERR,ERR,ERR,ERR,ERR,ERR,ERR,ERR,ERR,ERR,ERR,ERR,ERR,ERR,ERR,ERR,ERR,ERR,ERR,ERR,ERR,ERR,ERR,ERR,ERR,ERR,ERR,ERR,ERR,ERR,ERR,ERR,ERR,ERR,ERR,ERR,ERR,ERR,ERR,ERR,ERR,ERR,ERR,ERR,ERR,ERR,ERR,ERR,ERR,ERR,ERR,ERR,ERR,ERR,ERR,ERR,ERR,0.0,2.7184303811560617e+23,-100794720.0,0.0,0.0,1.3936040501711995e+18,7.805,0.0,0,0,4,0,7116,0.0,100,0.0,0.0,0.0,0.0,0.0,0,0,0,0,0.0,0,0,0,0,0,0,0,0,0,0,0,0,0,0,0,0,0,0,0,0,0,0,0,0,0,0,0,0,0,0,0,0,0,31,40,40,71,65476,0,300,0,0,8,21553,0.0,-107605600.0,0.0,0.0,0.0,0.0,0.0,0.0,0.0,0.0,0.0,0.0,0.0,0.0,0.0,0.0,0.0,0.0,0.0,0.0,0.0,0.0,-2.004,-0.0,2.004,0.0,0.0,0.0,0.0,0.0,4474.0,-2.004,6933.0,0.0,2.7184303811560617e+23,-0.0,0.0,0.0,0.0,0.0,0.0,69,0.0,-71.629,0.0,0.0,0.0,0.0,0.0,0.0,0.0,0,0,0,0.0,0.0,0.0,0.0,0.0,0.0,0.0,0.0,0.0,0.0,0.0,0.0,0.0,0.0,0.0,0.0,0,-107875648.0,69,0.0,138,0.0,2.6474893195377515e+23,0,26215,17087,39322,17104,0,17085,0,0,0,70,68,100,-0.0,82.1,0.0,78.8,-0.0,79.0,1,49,50,180,52429,13107,0,0,0.0,0.0,0.0,0.0,-0.0,67.0,0.0,162057.094,0.0,984,0,1016,0,0,0,957,0,1043,0,945,0,793,0,786,0,823,0,7520,0.032,2.524898095088995e+20,0.0,0.0,784,16797,-0.0,162057.094,-114818.039,-0.0,0.133,6.909358625270745e+28,30.0,70.0,35,0.0,0.0,0.0,0.0,0.0,0.0,0.0,0.0,0.0,0.0,0.0,0.0,0.0,0.0,0.0,0.0,66.4,0,150,71,52,65476,0,300,0,0,8,20529,65476,0,0,44564,70.0,0.0,0.0,0.0,0.0,0.0
2026-09-10T21:06:01,ERR,ERR,ERR,ERR,ERR,ERR,ERR,ERR,ERR,ERR,ERR,ERR,ERR,ERR,ERR,ERR,ERR,ERR,ERR,ERR,ERR,ERR,ERR,ERR,ERR,ERR,ERR,ERR,ERR,ERR,ERR,ERR,ERR,ERR,ERR,ERR,ERR,ERR,ERR,ERR,ERR,ERR,ERR,ERR,ERR,ERR,ERR,ERR,ERR,ERR,ERR,ERR,ERR,ERR,ERR,ERR,ERR,ERR,ERR,ERR,ERR,ERR,ERR,ERR,ERR,ERR,ERR,ERR,ERR,ERR,ERR,ERR,ERR,ERR,ERR,ERR,ERR,ERR,ERR,ERR,ERR,ERR,ERR,ERR,ERR,ERR,ERR,ERR,ERR,ERR,ERR,ERR,ERR,ERR,ERR,ERR,ERR,ERR,ERR,ERR,ERR,ERR,ERR,ERR,ERR,ERR,ERR,ERR,ERR,ERR,ERR,ERR,ERR,ERR,ERR,ERR,ERR,ERR,ERR,ERR,ERR,ERR,ERR,ERR,ERR,0.0,2.7184303811560617e+23,-100794720.0,0.0,0.0,1.3936040501711995e+18,7.805,0.0,0,0,4,0,7116,0.0,100,0.0,0.0,0.0,0.0,0.0,0,0,0,0,0.0,0,0,0,0,0,0,0,0,0,0,0,0,0,0,0,0,0,0,0,0,0,0,0,0,0,0,0,0,0,0,0,0,0,31,40,40,71,65476,0,300,0,0,8,21553,0.0,-107605600.0,0.0,0.0,0.0,0.0,0.0,0.0,0.0,0.0,0.0,0.0,0.0,0.0,0.0,0.0,0.0,0.0,0.0,0.0,0.0,0.0,-2.004,-0.0,2.004,0.0,0.0,0.0,0.0,0.0,4474.0,-2.004,6933.0,0.0,2.7184303811560617e+23,-0.0,0.0,0.0,0.0,0.0,0.0,69,0.0,-71.629,0.0,0.0,0.0,0.0,0.0,0.0,0.0,0,0,0,0.0,0.0,0.0,0.0,0.0,0.0,0.0,0.0,0.0,0.0,0.0,0.0,0.0,0.0,0.0,0.0,0,-107875648.0,69,0.0,138,0.0,2.6474893195377515e+23,0,26215,17087,39322,17104,0,17085,0,0,0,70,68,100,-0.0,82.1,0.0,78.8,-0.0,79.0,1,49,50,180,52429,13107,0,0,0.0,0.0,0.0,0.0,-0.0,67.0,0.0,162057.094,0.0,984,0,1016,0,0,0,957,0,1043,0,945,0,793,0,786,0,823,0,7520,0.032,2.524898095088995e+20,0.0,0.0,784,16797,-0.0,162057.094,-114818.039,-0.0,0.133,6.909358625270745e+28,30.0,70.0,35,0.0,0.0,0.0,0.0,0.0,0.0,0.0,0.0,0.0,0.0,0.0,0.0,0.0,0.0,0.0,0.0,66.4,0,150,71,52,65476,0,300,0,0,8,20529,65476,0,0,44564,70.0,0.0,0.0,0.0,0.0,0.0
2026-09-10T21:06:02,ERR,ERR,ERR,ERR,ERR,ERR,ERR,ERR,ERR,ERR,ERR,ERR,ERR,ERR,ERR,ERR,ERR,ERR,ERR,ERR,ERR,ERR,ERR,ERR,ERR,ERR,ERR,ERR,ERR,ERR,ERR,ERR,ERR,ERR,ERR,ERR,ERR,ERR,ERR,ERR,ERR,ERR,ERR,ERR,ERR,ERR,ERR,ERR,ERR,ERR,ERR,ERR,ERR,ERR,ERR,ERR,ERR,ERR,ERR,ERR,ERR,ERR,ERR,ERR,ERR,ERR,ERR,ERR,ERR,ERR,ERR,ERR,ERR,ERR,ERR,ERR,ERR,ERR,ERR,ERR,ERR,ERR,ERR,ERR,ERR,ERR,ERR,ERR,ERR,ERR,ERR,ERR,ERR,ERR,ERR,ERR,ERR,ERR,ERR,ERR,ERR,ERR,ERR,ERR,ERR,ERR,ERR,ERR,ERR,ERR,ERR,ERR,ERR,ERR,ERR,ERR,ERR,ERR,ERR,ERR,ERR,ERR,ERR,ERR,ERR,0.0,2.7184303811560617e+23,-100794720.0,0.0,0.0,1.3936040501711995e+18,7.805,0.0,0,0,4,0,7116,0.0,100,0.0,0.0,0.0,0.0,0.0,0,0,0,0,0.0,0,0,0,0,0,0,0,0,0,0,0,0,0,0,0,0,0,0,0,0,0,0,0,0,0,0,0,0,0,0,0,0,0,31,40,40,71,65476,0,300,0,0,8,21553,0.0,-107605600.0,0.0,0.0,0.0,0.0,0.0,0.0,0.0,0.0,0.0,0.0,0.0,0.0,0.0,0.0,0.0,0.0,0.0,0.0,0.0,0.0,-2.004,-0.0,2.004,0.0,0.0,0.0,0.0,0.0,4474.0,-2.004,6933.0,0.0,2.7184303811560617e+23,-0.0,0.0,0.0,0.0,0.0,0.0,69,0.0,-71.629,0.0,0.0,0.0,0.0,0.0,0.0,0.0,0,0,0,0.0,0.0,0.0,0.0,0.0,0.0,0.0,0.0,0.0,0.0,0.0,0.0,0.0,0.0,0.0,0.0,0,-107875648.0,69,0.0,138,0.0,2.6474893195377515e+23,0,26215,17087,39322,17104,0,17085,0,0,0,70,68,100,-0.0,82.1,0.0,78.8,-0.0,79.0,1,49,50,180,52429,13107,0,0,0.0,0.0,0.0,0.0,-0.0,67.0,0.0,162057.094,0.0,984,0,1016,0,0,0,957,0,1043,0,945,0,793,0,786,0,823,0,7520,0.032,2.524898095088995e+20,0.0,0.0,784,16797,-0.0,162057.094,-114818.039,-0.0,0.133,6.909358625270745e+28,30.0,70.0,35,0.0,0.0,0.0,0.0,0.0,0.0,0.0,0.0,0.0,0.0,0.0,0.0,0.0,0.0,0.0,0.0,66.4,0,150,71,52,65476,0,300,0,0,8,20529,65476,0,0,44564,70.0,0.0,0.0,0.0,0.0,0.0
2026-09-10T21:06:03,ERR,ERR,ERR,ERR,ERR,ERR,ERR,ERR,ERR,ERR,ERR,ERR,ERR,ERR,ERR,ERR,ERR,ERR,ERR,ERR,ERR,ERR,ERR,ERR,ERR,ERR,ERR,ERR,ERR,ERR,ERR,ERR,ERR,ERR,ERR,ERR,ERR,ERR,ERR,ERR,ERR,ERR,ERR,ERR,ERR,ERR,ERR,ERR,ERR,ERR,ERR,ERR,ERR,ERR,ERR,ERR,ERR,ERR,ERR,ERR,ERR,ERR,ERR,ERR,ERR,ERR,ERR,ERR,ERR,ERR,ERR,ERR,ERR,ERR,ERR,ERR,ERR,ERR,ERR,ERR,ERR,ERR,ERR,ERR,ERR,ERR,ERR,ERR,ERR,ERR,ERR,ERR,ERR,ERR,ERR,ERR,ERR,ERR,ERR,ERR,ERR,ERR,ERR,ERR,ERR,ERR,ERR,ERR,ERR,ERR,ERR,ERR,ERR,ERR,ERR,ERR,ERR,ERR,ERR,ERR,ERR,ERR,ERR,ERR,ERR,0.0,2.7184303811560617e+23,-100794720.0,0.0,0.0,1.3936040501711995e+18,7.805,0.0,0,0,4,0,7116,0.0,100,0.0,0.0,0.0,0.0,0.0,0,0,0,0,0.0,0,0,0,0,0,0,0,0,0,0,0,0,0,0,0,0,0,0,0,0,0,0,0,0,0,0,0,0,0,0,0,0,0,31,40,40,71,65476,0,300,0,0,8,21553,0.0,-107605600.0,0.0,0.0,0.0,0.0,0.0,0.0,0.0,0.0,0.0,0.0,0.0,0.0,0.0,0.0,0.0,0.0,0.0,0.0,0.0,0.0,-2.004,-0.0,2.004,0.0,0.0,0.0,0.0,0.0,4474.0,-2.004,6933.0,0.0,2.7184303811560617e+23,-0.0,0.0,0.0,0.0,0.0,0.0,69,0.0,-71.629,0.0,0.0,0.0,0.0,0.0,0.0,0.0,0,0,0,0.0,0.0,0.0,0.0,0.0,0.0,0.0,0.0,0.0,0.0,0.0,0.0,0.0,0.0,0.0,0.0,0,-107875648.0,69,0.0,138,0.0,2.6474893195377515e+23,0,26215,17087,39322,17104,0,17085,0,0,0,70,68,100,-0.0,82.1,0.0,78.8,-0.0,79.0,1,49,50,180,52429,13107,0,0,0.0,0.0,0.0,0.0,-0.0,67.0,0.0,162057.094,0.0,984,0,1016,0,0,0,957,0,1043,0,945,0,793,0,786,0,823,0,7520,0.032,2.524898095088995e+20,0.0,0.0,784,16797,-0.0,162057.094,-114818.039,-0.0,0.133,6.909358625270745e+28,30.0,70.0,35,0.0,0.0,0.0,0.0,0.0,0.0,0.0,0.0,0.0,0.0,0.0,0.0,0.0,0.0,0.0,0.0,66.0,0,150,71,52,65476,0,300,0,0,8,20529,65476,0,0,44564,70.0,0.0,0.0,0.0,0.0,0.0
2026-09-10T21:06:04,ERR,ERR,ERR,ERR,ERR,ERR,ERR,ERR,ERR,ERR,ERR,ERR,ERR,ERR,ERR,ERR,ERR,ERR,ERR,ERR,ERR,ERR,ERR,ERR,ERR,ERR,ERR,ERR,ERR,ERR,ERR,ERR,ERR,ERR,ERR,ERR,ERR,ERR,ERR,ERR,ERR,ERR,ERR,ERR,ERR,ERR,ERR,ERR,ERR,ERR,ERR,ERR,ERR,ERR,ERR,ERR,ERR,ERR,ERR,ERR,ERR,ERR,ERR,ERR,ERR,ERR,ERR,ERR,ERR,ERR,ERR,ERR,ERR,ERR,ERR,ERR,ERR,ERR,ERR,ERR,ERR,ERR,ERR,ERR,ERR,ERR,ERR,ERR,ERR,ERR,ERR,ERR,ERR,ERR,ERR,ERR,ERR,ERR,ERR,ERR,ERR,ERR,ERR,ERR,ERR,ERR,ERR,ERR,ERR,ERR,ERR,ERR,ERR,ERR,ERR,ERR,ERR,ERR,ERR,ERR,ERR,ERR,ERR,ERR,ERR,0.0,2.7184303811560617e+23,-100794720.0,0.0,0.0,1.3936040501711995e+18,7.805,0.0,0,0,4,0,7116,0.0,100,0.0,0.0,0.0,0.0,0.0,0,0,0,0,0.0,0,0,0,0,0,0,0,0,0,0,0,0,0,0,0,0,0,0,0,0,0,0,0,0,0,0,0,0,0,0,0,0,0,31,40,40,71,65476,0,300,0,0,8,21553,0.0,-107605600.0,0.0,0.0,0.0,0.0,0.0,0.0,0.0,0.0,0.0,0.0,0.0,0.0,0.0,0.0,0.0,0.0,0.0,0.0,0.0,0.0,-2.004,-0.0,2.004,0.0,0.0,0.0,0.0,0.0,4474.0,-2.004,6933.0,0.0,2.7184303811560617e+23,-0.0,0.0,0.0,0.0,0.0,0.0,69,0.0,-71.629,0.0,0.0,0.0,0.0,0.0,0.0,0.0,0,0,0,0.0,0.0,0.0,0.0,0.0,0.0,0.0,0.0,0.0,0.0,0.0,0.0,0.0,0.0,0.0,0.0,0,-107875648.0,69,0.0,138,0.0,2.6474893195377515e+23,0,13107,17087,39322,17104,0,17085,0,0,0,70,68,100,-0.0,82.1,0.0,78.8,-0.0,79.0,1,49,50,180,52429,13107,0,0,0.0,0.0,0.0,0.0,-0.0,67.0,0.0,162057.094,0.0,984,0,1016,0,0,0,957,0,1043,0,945,0,793,0,785,0,823,0,7520,0.032,2.5133688800429264e+20,0.0,0.0,784,16797,-0.0,162057.094,-114818.039,-0.0,0.133,6.909358625270745e+28,30.0,70.0,35,0.0,0.0,0.0,0.0,0.0,0.0,0.0,0.0,0.0,0.0,0.0,0.0,0.0,0.0,0.0,0.0,66.0,0,150,71,52,65476,0,300,0,0,8,20529,65476,0,0,44564,70.0,0.0,0.0,0.0,0.0,0.0
2026-09-10T21:06:05,ERR,ERR,ERR,ERR,ERR,ERR,ERR,ERR,ERR,ERR,ERR,ERR,ERR,ERR,ERR,ERR,ERR,ERR,ERR,ERR,ERR,ERR,ERR,ERR,ERR,ERR,ERR,ERR,ERR,ERR,ERR,ERR,ERR,ERR,ERR,ERR,ERR,ERR,ERR,ERR,ERR,ERR,ERR,ERR,ERR,ERR,ERR,ERR,ERR,ERR,ERR,ERR,ERR,ERR,ERR,ERR,ERR,ERR,ERR,ERR,ERR,ERR,ERR,ERR,ERR,ERR,ERR,ERR,ERR,ERR,ERR,ERR,ERR,ERR,ERR,ERR,ERR,ERR,ERR,ERR,ERR,ERR,ERR,ERR,ERR,ERR,ERR,ERR,ERR,ERR,ERR,ERR,ERR,ERR,ERR,ERR,ERR,ERR,ERR,ERR,ERR,ERR,ERR,ERR,ERR,ERR,ERR,ERR,ERR,ERR,ERR,ERR,ERR,ERR,ERR,ERR,ERR,ERR,ERR,ERR,ERR,ERR,ERR,ERR,ERR,0.0,2.7184303811560617e+23,-100794720.0,0.0,0.0,1.3936040501711995e+18,7.805,0.0,0,0,4,0,7116,0.0,100,0.0,0.0,0.0,0.0,0.0,0,0,0,0,0.0,0,0,0,0,0,0,0,0,0,0,0,0,0,0,0,0,0,0,0,0,0,0,0,0,0,0,0,0,0,0,0,0,0,31,40,40,71,65476,0,300,0,0,8,21553,0.0,-107605600.0,0.0,0.0,0.0,0.0,0.0,0.0,0.0,0.0,0.0,0.0,0.0,0.0,0.0,0.0,0.0,0.0,0.0,0.0,0.0,0.0,-2.004,-0.0,2.004,0.0,0.0,0.0,0.0,0.0,4474.0,-2.004,6933.0,0.0,2.7184303811560617e+23,-0.0,0.0,0.0,0.0,0.0,0.0,69,0.0,-71.629,0.0,0.0,0.0,0.0,0.0,0.0,0.0,0,0,0,0.0,0.0,0.0,0.0,0.0,0.0,0.0,0.0,0.0,0.0,0.0,0.0,0.0,0.0,0.0,0.0,0,-107875648.0,69,0.0,138,0.0,2.6474893195377515e+23,0,13107,17087,39322,17104,0,17085,0,0,0,70,68,100,-0.0,82.1,0.0,78.8,-0.0,79.0,1,49,50,180,52429,13107,0,0,0.0,0.0,0.0,0.0,-0.0,67.0,0.0,162057.094,0.0,984,0,1016,0,0,0,957,0,1043,0,945,0,793,0,785,0,823,0,7520,0.032,2.5133688800429264e+20,0.0,0.0,784,16797,-0.0,162057.094,-114818.039,-0.0,0.133,6.909358625270745e+28,30.0,70.0,35,0.0,0.0,0.0,0.0,0.0,0.0,0.0,0.0,0.0,0.0,0.0,0.0,0.0,0.0,0.0,0.0,66.0,0,150,71,52,65476,0,300,0,0,8,20529,65476,0,0,44564,70.0,0.0,0.0,0.0,0.0,0.0
2026-09-10T21:06:06,ERR,ERR,ERR,ERR,ERR,ERR,ERR,ERR,ERR,ERR,ERR,ERR,ERR,ERR,ERR,ERR,ERR,ERR,ERR,ERR,ERR,ERR,ERR,ERR,ERR,ERR,ERR,ERR,ERR,ERR,ERR,ERR,ERR,ERR,ERR,ERR,ERR,ERR,ERR,ERR,ERR,ERR,ERR,ERR,ERR,ERR,ERR,ERR,ERR,ERR,ERR,ERR,ERR,ERR,ERR,ERR,ERR,ERR,ERR,ERR,ERR,ERR,ERR,ERR,ERR,ERR,ERR,ERR,ERR,ERR,ERR,ERR,ERR,ERR,ERR,ERR,ERR,ERR,ERR,ERR,ERR,ERR,ERR,ERR,ERR,ERR,ERR,ERR,ERR,ERR,ERR,ERR,ERR,ERR,ERR,ERR,ERR,ERR,ERR,ERR,ERR,ERR,ERR,ERR,ERR,ERR,ERR,ERR,ERR,ERR,ERR,ERR,ERR,ERR,ERR,ERR,ERR,ERR,ERR,ERR,ERR,ERR,ERR,ERR,ERR,0.0,2.7184303811560617e+23,-100794720.0,0.0,0.0,1.3936040501711995e+18,7.805,0.0,0,0,4,0,7116,0.0,100,0.0,0.0,0.0,0.0,0.0,0,0,0,0,0.0,0,0,0,0,0,0,0,0,0,0,0,0,0,0,0,0,0,0,0,0,0,0,0,0,0,0,0,0,0,0,0,0,0,31,40,40,71,65476,0,300,0,0,8,21553,0.0,-107605600.0,0.0,0.0,0.0,0.0,0.0,0.0,0.0,0.0,0.0,0.0,0.0,0.0,0.0,0.0,0.0,0.0,0.0,0.0,0.0,0.0,-2.004,-0.0,2.004,0.0,0.0,0.0,0.0,0.0,4474.0,-2.004,6933.0,0.0,2.7184303811560617e+23,-0.0,0.0,0.0,0.0,0.0,0.0,69,0.0,-71.629,0.0,0.0,0.0,0.0,0.0,0.0,0.0,0,0,0,0.0,0.0,0.0,0.0,0.0,0.0,0.0,0.0,0.0,0.0,0.0,0.0,0.0,0.0,0.0,0.0,0,-107875648.0,69,0.0,138,0.0,2.6474893195377515e+23,0,13107,17087,39322,17104,0,17085,0,0,0,70,68,100,-0.0,82.1,0.0,78.8,-0.0,79.0,1,49,50,180,52429,13107,0,0,0.0,0.0,0.0,0.0,-0.0,67.0,0.0,162057.094,0.0,984,0,1016,0,0,0,957,0,1043,0,945,0,793,0,785,0,823,0,7520,0.032,2.5133688800429264e+20,0.0,0.0,784,16797,-0.0,162057.094,-114818.039,-0.0,0.133,6.909358625270745e+28,30.0,70.0,35,0.0,0.0,0.0,0.0,0.0,0.0,0.0,0.0,0.0,0.0,0.0,0.0,0.0,0.0,0.0,0.0,66.0,0,150,71,52,65476,0,300,0,0,8,20529,65476,0,0,44564,70.0,0.0,0.0,0.0,0.0,0.0
2026-09-10T21:06:07,ERR,ERR,ERR,ERR,ERR,ERR,ERR,ERR,ERR,ERR,ERR,ERR,ERR,ERR,ERR,ERR,ERR,ERR,ERR,ERR,ERR,ERR,ERR,ERR,ERR,ERR,ERR,ERR,ERR,ERR,ERR,ERR,ERR,ERR,ERR,ERR,ERR,ERR,ERR,ERR,ERR,ERR,ERR,ERR,ERR,ERR,ERR,ERR,ERR,ERR,ERR,ERR,ERR,ERR,ERR,ERR,ERR,ERR,ERR,ERR,ERR,ERR,ERR,ERR,ERR,ERR,ERR,ERR,ERR,ERR,ERR,ERR,ERR,ERR,ERR,ERR,ERR,ERR,ERR,ERR,ERR,ERR,ERR,ERR,ERR,ERR,ERR,ERR,ERR,ERR,ERR,ERR,ERR,ERR,ERR,ERR,ERR,ERR,ERR,ERR,ERR,ERR,ERR,ERR,ERR,ERR,ERR,ERR,ERR,ERR,ERR,ERR,ERR,ERR,ERR,ERR,ERR,ERR,ERR,ERR,ERR,ERR,ERR,ERR,ERR,0.0,2.7184303811560617e+23,-100794720.0,0.0,0.0,1.3936040501711995e+18,7.805,0.0,0,0,4,0,7116,0.0,100,0.0,0.0,0.0,0.0,0.0,0,0,0,0,0.0,0,0,0,0,0,0,0,0,0,0,0,0,0,0,0,0,0,0,0,0,0,0,0,0,0,0,0,0,0,0,0,0,0,31,40,40,71,65476,0,300,0,0,8,21553,0.0,-107605600.0,0.0,0.0,0.0,0.0,0.0,0.0,0.0,0.0,0.0,0.0,0.0,0.0,0.0,0.0,0.0,0.0,0.0,0.0,0.0,0.0,-2.004,-0.0,2.004,0.0,0.0,0.0,0.0,0.0,4472.0,-0.0,6933.0,0.0,-0.0,-0.0,0.0,0.0,0.0,0.0,0.0,69,0.0,-2.3088241810607807e+20,0.0,0.0,0.0,0.0,0.0,0.0,0.0,0,0,0,0.0,0.0,0.0,0.0,0.0,0.0,0.0,0.0,0.0,0.0,0.0,0.0,0.0,0.0,0.0,0.0,0,-107875648.0,69,0.0,138,0.0,2.6474893195377515e+23,0,13107,17087,39322,17104,0,17085,0,0,0,70,68,100,-0.0,82.1,0.0,78.8,-0.0,79.0,1,49,50,180,52429,13107,0,0,0.0,0.0,0.0,0.0,-0.0,67.0,0.0,162057.094,0.0,984,0,1016,0,0,0,957,0,1043,0,945,0,793,0,785,0,823,0,7520,0.032,2.5133688800429264e+20,0.0,0.0,784,16797,-0.0,162057.094,-114818.039,-0.0,0.133,6.909358625270745e+28,30.0,70.0,35,0.0,0.0,0.0,0.0,0.0,0.0,0.0,0.0,0.0,0.0,0.0,0.0,0.0,0.0,0.0,0.0,66.0,0,150,71,52,65476,0,300,0,0,8,20529,65476,0,0,44564,70.0,0.0,0.0,0.0,0.0,0.0
2026-09-10T21:06:08,ERR,ERR,ERR,ERR,ERR,ERR,ERR,ERR,ERR,ERR,ERR,ERR,ERR,ERR,ERR,ERR,ERR,ERR,ERR,ERR,ERR,ERR,ERR,ERR,ERR,ERR,ERR,ERR,ERR,ERR,ERR,ERR,ERR,ERR,ERR,ERR,ERR,ERR,ERR,ERR,ERR,ERR,ERR,ERR,ERR,ERR,ERR,ERR,ERR,ERR,ERR,ERR,ERR,ERR,ERR,ERR,ERR,ERR,ERR,ERR,ERR,ERR,ERR,ERR,ERR,ERR,ERR,ERR,ERR,ERR,ERR,ERR,ERR,ERR,ERR,ERR,ERR,ERR,ERR,ERR,ERR,ERR,ERR,ERR,ERR,ERR,ERR,ERR,ERR,ERR,ERR,ERR,ERR,ERR,ERR,ERR,ERR,ERR,ERR,ERR,ERR,ERR,ERR,ERR,ERR,ERR,ERR,ERR,ERR,ERR,ERR,ERR,ERR,ERR,ERR,ERR,ERR,ERR,ERR,ERR,ERR,ERR,ERR,ERR,ERR,0.0,2.7184303811560617e+23,-100794720.0,0.0,0.0,1.3936040501711995e+18,7.805,0.0,0,0,4,0,7116,0.0,100,0.0,0.0,0.0,0.0,0.0,0,0,0,0,0.0,0,0,0,0,0,0,0,0,0,0,0,0,0,0,0,0,0,0,0,0,0,0,0,0,0,0,0,0,0,0,0,0,0,31,40,40,71,65476,0,300,0,0,8,21553,0.0,-107605600.0,0.0,0.0,0.0,0.0,0.0,0.0,0.0,0.0,0.0,0.0,0.0,0.0,0.0,0.0,0.0,0.0,0.0,0.0,0.0,0.0,-2.004,-0.0,2.004,0.0,0.0,0.0,0.0,0.0,4472.0,-0.0,6933.0,0.0,-0.0,-0.0,0.0,0.0,0.0,0.0,0.0,69,0.0,-2.3088241810607807e+20,0.0,0.0,0.0,0.0,0.0,0.0,0.0,0,0,0,0.0,0.0,0.0,0.0,0.0,0.0,0.0,0.0,0.0,0.0,0.0,0.0,0.0,0.0,0.0,0.0,0,-107875648.0,69,0.0,138,0.0,2.6474893195377515e+23,0,13107,17087,39322,17104,0,17085,0,0,0,70,68,100,-0.0,82.1,0.0,78.8,-0.0,79.0,1,49,50,180,52429,13107,0,0,0.0,0.0,0.0,0.0,-0.0,67.0,0.0,162057.094,0.0,984,0,1016,0,0,0,957,0,1043,0,945,0,793,0,785,0,823,0,7520,0.032,2.5133688800429264e+20,0.0,0.0,784,16797,-0.0,162057.094,-114818.039,-0.0,0.133,6.909358625270745e+28,30.0,70.0,35,0.0,0.0,0.0,0.0,0.0,0.0,0.0,0.0,0.0,0.0,0.0,0.0,0.0,0.0,0.0,0.0,66.0,0,150,71,52,65476,0,300,0,0,8,20529,65476,0,0,44564,70.0,0.0,0.0,0.0,0.0,0.0
2026-09-10T21:06:09,ERR,ERR,ERR,ERR,ERR,ERR,ERR,ERR,ERR,ERR,ERR,ERR,ERR,ERR,ERR,ERR,ERR,ERR,ERR,ERR,ERR,ERR,ERR,ERR,ERR,ERR,ERR,ERR,ERR,ERR,ERR,ERR,ERR,ERR,ERR,ERR,ERR,ERR,ERR,ERR,ERR,ERR,ERR,ERR,ERR,ERR,ERR,ERR,ERR,ERR,ERR,ERR,ERR,ERR,ERR,ERR,ERR,ERR,ERR,ERR,ERR,ERR,ERR,ERR,ERR,ERR,ERR,ERR,ERR,ERR,ERR,ERR,ERR,ERR,ERR,ERR,ERR,ERR,ERR,ERR,ERR,ERR,ERR,ERR,ERR,ERR,ERR,ERR,ERR,ERR,ERR,ERR,ERR,ERR,ERR,ERR,ERR,ERR,ERR,ERR,ERR,ERR,ERR,ERR,ERR,ERR,ERR,ERR,ERR,ERR,ERR,ERR,ERR,ERR,ERR,ERR,ERR,ERR,ERR,ERR,ERR,ERR,ERR,ERR,ERR,0.0,2.7184303811560617e+23,-100794720.0,0.0,0.0,1.3936040501711995e+18,7.805,0.0,0,0,4,0,7116,0.0,100,0.0,0.0,0.0,0.0,0.0,0,0,0,0,0.0,0,0,0,0,0,0,0,0,0,0,0,0,0,0,0,0,0,0,0,0,0,0,0,0,0,0,0,0,0,0,0,0,0,31,40,40,71,65476,0,300,0,0,8,21553,0.0,-107605600.0,0.0,0.0,0.0,0.0,0.0,0.0,0.0,0.0,0.0,0.0,0.0,0.0,0.0,0.0,0.0,0.0,0.0,0.0,0.0,0.0,-2.004,-0.0,2.004,0.0,0.0,0.0,0.0,0.0,4472.0,-0.0,6933.0,0.0,-0.0,-0.0,0.0,0.0,0.0,0.0,0.0,69,0.0,-2.3088241810607807e+20,0.0,0.0,0.0,0.0,0.0,0.0,0.0,0,0,0,0.0,0.0,0.0,0.0,0.0,0.0,0.0,0.0,0.0,0.0,0.0,0.0,0.0,0.0,0.0,0.0,0,-107875648.0,69,0.0,138,0.0,2.6474893195377515e+23,0,13107,17087,39322,17104,0,17085,0,0,0,70,68,100,-0.0,82.1,0.0,78.8,-0.0,79.0,1,49,50,180,52429,13107,0,0,0.0,0.0,0.0,0.0,-0.0,67.0,0.0,162057.094,0.0,984,0,1016,0,0,0,957,0,1043,0,945,0,793,0,785,0,823,0,7520,0.032,2.5133688800429264e+20,0.0,0.0,784,16797,-0.0,162057.094,-114818.039,-0.0,0.133,6.909358625270745e+28,30.0,70.0,35,0.0,0.0,0.0,0.0,0.0,0.0,0.0,0.0,0.0,0.0,0.0,0.0,0.0,0.0,0.0,0.0,66.0,0,150,71,52,65476,0,300,0,0,8,20529,65476,0,0,44564,70.0,0.0,0.0,0.0,0.0,0.0
2026-09-10T21:06:10,ERR,ERR,ERR,ERR,ERR,ERR,ERR,ERR,ERR,ERR,ERR,ERR,ERR,ERR,ERR,ERR,ERR,ERR,ERR,ERR,ERR,ERR,ERR,ERR,ERR,ERR,ERR,ERR,ERR,ERR,ERR,ERR,ERR,ERR,ERR,ERR,ERR,ERR,ERR,ERR,ERR,ERR,ERR,ERR,ERR,ERR,ERR,ERR,ERR,ERR,ERR,ERR,ERR,ERR,ERR,ERR,ERR,ERR,ERR,ERR,ERR,ERR,ERR,ERR,ERR,ERR,ERR,ERR,ERR,ERR,ERR,ERR,ERR,ERR,ERR,ERR,ERR,ERR,ERR,ERR,ERR,ERR,ERR,ERR,ERR,ERR,ERR,ERR,ERR,ERR,ERR,ERR,ERR,ERR,ERR,ERR,ERR,ERR,ERR,ERR,ERR,ERR,ERR,ERR,ERR,ERR,ERR,ERR,ERR,ERR,ERR,ERR,ERR,ERR,ERR,ERR,ERR,ERR,ERR,ERR,ERR,ERR,ERR,ERR,ERR,0.0,2.7184303811560617e+23,-100794720.0,0.0,0.0,1.3936040501711995e+18,7.805,0.0,0,0,4,0,7116,0.0,100,0.0,0.0,0.0,0.0,0.0,0,0,0,0,0.0,0,0,0,0,0,0,0,0,0,0,0,0,0,0,0,0,0,0,0,0,0,0,0,0,0,0,0,0,0,0,0,0,0,31,40,40,71,65476,0,300,0,0,8,21553,0.0,-107605600.0,0.0,0.0,0.0,0.0,0.0,0.0,0.0,0.0,0.0,0.0,0.0,0.0,0.0,0.0,0.0,0.0,0.0,0.0,0.0,0.0,-2.004,-0.0,2.004,0.0,0.0,0.0,0.0,0.0,4472.0,-0.0,6933.0,0.0,-0.0,-0.0,0.0,0.0,0.0,0.0,0.0,69,0.0,-2.3088241810607807e+20,0.0,0.0,0.0,0.0,0.0,0.0,0.0,0,0,0,0.0,0.0,0.0,0.0,0.0,0.0,0.0,0.0,0.0,0.0,0.0,0.0,0.0,0.0,0.0,0.0,0,-107875648.0,69,0.0,138,0.0,2.6474893195377515e+23,0,13107,17087,39322,17104,0,17085,0,0,0,70,68,100,-0.0,82.1,0.0,78.8,-0.0,79.0,1,49,50,180,52429,13107,0,0,0.0,0.0,0.0,0.0,-0.0,67.0,0.0,162057.094,0.0,984,0,1016,0,0,0,957,0,1043,0,945,0,793,0,786,0,823,0,7520,0.032,2.5133688800429264e+20,0.0,0.0,784,16797,-0.0,162057.094,-114818.039,-0.0,0.133,6.909358625270745e+28,30.0,70.0,35,0.0,0.0,0.0,0.0,0.0,0.0,0.0,0.0,0.0,0.0,0.0,0.0,0.0,0.0,0.0,0.0,66.0,0,150,71,52,65476,0,300,0,0,8,20529,65476,0,0,44564,70.0,0.0,0.0,0.0,0.0,0.0
2026-09-10T21:06:11,ERR,ERR,ERR,ERR,ERR,ERR,ERR,ERR,ERR,ERR,ERR,ERR,ERR,ERR,ERR,ERR,ERR,ERR,ERR,ERR,ERR,ERR,ERR,ERR,ERR,ERR,ERR,ERR,ERR,ERR,ERR,ERR,ERR,ERR,ERR,ERR,ERR,ERR,ERR,ERR,ERR,ERR,ERR,ERR,ERR,ERR,ERR,ERR,ERR,ERR,ERR,ERR,ERR,ERR,ERR,ERR,ERR,ERR,ERR,ERR,ERR,ERR,ERR,ERR,ERR,ERR,ERR,ERR,ERR,ERR,ERR,ERR,ERR,ERR,ERR,ERR,ERR,ERR,ERR,ERR,ERR,ERR,ERR,ERR,ERR,ERR,ERR,ERR,ERR,ERR,ERR,ERR,ERR,ERR,ERR,ERR,ERR,ERR,ERR,ERR,ERR,ERR,ERR,ERR,ERR,ERR,ERR,ERR,ERR,ERR,ERR,ERR,ERR,ERR,ERR,ERR,ERR,ERR,ERR,ERR,ERR,ERR,ERR,ERR,ERR,0.0,2.7184303811560617e+23,-100794720.0,0.0,0.0,1.3936040501711995e+18,7.805,0.0,0,0,4,0,7116,0.0,100,0.0,0.0,0.0,0.0,0.0,0,0,0,0,0.0,0,0,0,0,0,0,0,0,0,0,0,0,0,0,0,0,0,0,0,0,0,0,0,0,0,0,0,0,0,0,0,0,0,31,40,40,71,65476,0,300,0,0,8,21553,0.0,-107605600.0,0.0,0.0,0.0,0.0,0.0,0.0,0.0,0.0,0.0,0.0,0.0,0.0,0.0,0.0,0.0,0.0,0.0,0.0,0.0,0.0,-2.004,-0.0,2.004,0.0,0.0,0.0,0.0,0.0,4472.0,-0.0,6933.0,0.0,-0.0,-0.0,0.0,0.0,0.0,0.0,0.0,69,0.0,-2.3088241810607807e+20,0.0,0.0,0.0,0.0,0.0,0.0,0.0,0,0,0,0.0,0.0,0.0,0.0,0.0,0.0,0.0,0.0,0.0,0.0,0.0,0.0,0.0,0.0,0.0,0.0,0,-107875648.0,69,0.0,138,0.0,2.6474893195377515e+23,0,13107,17087,39322,17104,0,17085,0,0,0,70,68,100,-0.0,82.1,0.0,78.8,-0.0,79.0,1,49,50,180,52429,13107,0,0,0.0,0.0,0.0,0.0,-0.0,67.0,0.0,162057.094,0.0,984,0,1016,0,0,0,957,0,1043,0,945,0,793,0,786,0,823,0,7520,0.032,2.5133688800429264e+20,0.0,0.0,784,16797,-0.0,162057.094,-114818.039,-0.0,0.133,6.909358625270745e+28,30.0,70.0,35,0.0,0.0,0.0,0.0,0.0,0.0,0.0,0.0,0.0,0.0,0.0,0.0,0.0,0.0,0.0,0.0,66.0,0,150,71,52,65476,0,300,0,0,8,20529,65476,0,0,44564,70.0,0.0,0.0,0.0,0.0,0.0
2026-09-10T21:06:12,ERR,ERR,ERR,ERR,ERR,ERR,ERR,ERR,ERR,ERR,ERR,ERR,ERR,ERR,ERR,ERR,ERR,ERR,ERR,ERR,ERR,ERR,ERR,ERR,ERR,ERR,ERR,ERR,ERR,ERR,ERR,ERR,ERR,ERR,ERR,ERR,ERR,ERR,ERR,ERR,ERR,ERR,ERR,ERR,ERR,ERR,ERR,ERR,ERR,ERR,ERR,ERR,ERR,ERR,ERR,ERR,ERR,ERR,ERR,ERR,ERR,ERR,ERR,ERR,ERR,ERR,ERR,ERR,ERR,ERR,ERR,ERR,ERR,ERR,ERR,ERR,ERR,ERR,ERR,ERR,ERR,ERR,ERR,ERR,ERR,ERR,ERR,ERR,ERR,ERR,ERR,ERR,ERR,ERR,ERR,ERR,ERR,ERR,ERR,ERR,ERR,ERR,ERR,ERR,ERR,ERR,ERR,ERR,ERR,ERR,ERR,ERR,ERR,ERR,ERR,ERR,ERR,ERR,ERR,ERR,ERR,ERR,ERR,ERR,ERR,0.0,2.7184303811560617e+23,-100794720.0,0.0,0.0,1.3936040501711995e+18,7.805,0.0,0,0,4,0,7116,0.0,100,0.0,0.0,0.0,0.0,0.0,0,0,0,0,0.0,0,0,0,0,0,0,0,0,0,0,0,0,0,0,0,0,0,0,0,0,0,0,0,0,0,0,0,0,0,0,0,0,0,31,40,40,71,65476,0,300,0,0,8,21553,0.0,-107605600.0,0.0,0.0,0.0,0.0,0.0,0.0,0.0,0.0,0.0,0.0,0.0,0.0,0.0,0.0,0.0,0.0,0.0,0.0,0.0,0.0,-2.004,-0.0,2.004,0.0,0.0,0.0,0.0,0.0,4472.0,-0.0,6933.0,0.0,-0.0,-0.0,0.0,0.0,0.0,0.0,0.0,69,0.0,-2.3088241810607807e+20,0.0,0.0,0.0,0.0,0.0,0.0,0.0,0,0,0,0.0,0.0,0.0,0.0,0.0,0.0,0.0,0.0,0.0,0.0,0.0,0.0,0.0,0.0,0.0,0.0,0,-107875648.0,69,0.0,138,0.0,2.6474893195377515e+23,0,13107,17087,39322,17104,0,17085,0,0,0,70,68,100,-0.0,82.1,0.0,78.8,-0.0,79.0,1,49,50,180,52429,13107,0,0,0.0,0.0,0.0,0.0,-0.0,67.0,0.0,162057.094,0.0,984,0,1016,0,0,0,957,0,1043,0,945,0,793,0,786,0,823,0,7520,0.032,2.5133688800429264e+20,0.0,0.0,784,16797,-0.0,162057.094,-114818.039,-0.0,0.133,6.909358625270745e+28,30.0,70.0,35,0.0,0.0,0.0,0.0,0.0,0.0,0.0,0.0,0.0,0.0,0.0,0.0,0.0,0.0,0.0,0.0,66.0,0,150,71,52,65476,0,300,0,0,8,20529,65476,0,0,44564,70.0,0.0,0.0,0.0,0.0,0.0
2026-09-10T21:06:13,ERR,ERR,ERR,ERR,ERR,ERR,ERR,ERR,ERR,ERR,ERR,ERR,ERR,ERR,ERR,ERR,ERR,ERR,ERR,ERR,ERR,ERR,ERR,ERR,ERR,ERR,ERR,ERR,ERR,ERR,ERR,ERR,ERR,ERR,ERR,ERR,ERR,ERR,ERR,ERR,ERR,ERR,ERR,ERR,ERR,ERR,ERR,ERR,ERR,ERR,ERR,ERR,ERR,ERR,ERR,ERR,ERR,ERR,ERR,ERR,ERR,ERR,ERR,ERR,ERR,ERR,ERR,ERR,ERR,ERR,ERR,ERR,ERR,ERR,ERR,ERR,ERR,ERR,ERR,ERR,ERR,ERR,ERR,ERR,ERR,ERR,ERR,ERR,ERR,ERR,ERR,ERR,ERR,ERR,ERR,ERR,ERR,ERR,ERR,ERR,ERR,ERR,ERR,ERR,ERR,ERR,ERR,ERR,ERR,ERR,ERR,ERR,ERR,ERR,ERR,ERR,ERR,ERR,ERR,ERR,ERR,ERR,ERR,ERR,ERR,0.0,2.7184303811560617e+23,-100794720.0,0.0,0.0,1.3936040501711995e+18,7.805,0.0,0,0,4,0,7116,0.0,100,0.0,0.0,0.0,0.0,0.0,0,0,0,0,0.0,0,0,0,0,0,0,0,0,0,0,0,0,0,0,0,0,0,0,0,0,0,0,0,0,0,0,0,0,0,0,0,0,0,31,40,40,71,65476,0,300,0,0,8,21553,0.0,-107605600.0,0.0,0.0,0.0,0.0,0.0,0.0,0.0,0.0,0.0,0.0,0.0,0.0,0.0,0.0,0.0,0.0,0.0,0.0,0.0,0.0,-2.004,-0.0,2.004,0.0,0.0,0.0,0.0,0.0,4472.0,-0.0,6933.0,0.0,-0.0,-0.0,0.0,0.0,0.0,0.0,0.0,69,0.0,-2.3088241810607807e+20,0.0,0.0,0.0,0.0,0.0,0.0,0.0,0,0,0,0.0,0.0,0.0,0.0,0.0,0.0,0.0,0.0,0.0,0.0,0.0,0.0,0.0,0.0,0.0,0.0,0,-107875648.0,69,0.0,138,0.0,2.6474893195377515e+23,0,13107,17087,39322,17104,0,17085,0,0,0,70,68,100,-0.0,82.1,0.0,78.8,-0.0,79.0,1,49,50,180,52429,13107,0,0,0.0,0.0,0.0,0.0,-0.0,67.0,0.0,162057.094,0.0,984,0,1016,0,0,0,957,0,1043,0,945,0,793,0,786,0,823,0,7520,0.032,2.5133688800429264e+20,0.0,0.0,784,16797,-0.0,162057.094,-114818.039,-0.0,0.133,6.909358625270745e+28,30.0,70.0,35,0.0,0.0,0.0,0.0,0.0,0.0,0.0,0.0,0.0,0.0,0.0,0.0,0.0,0.0,0.0,0.0,66.0,0,150,71,52,65476,0,300,0,0,8,20529,65476,0,0,44564,70.0,0.0,0.0,0.0,0.0,0.0
2026-09-10T21:06:14,ERR,ERR,ERR,ERR,ERR,ERR,ERR,ERR,ERR,ERR,ERR,ERR,ERR,ERR,ERR,ERR,ERR,ERR,ERR,ERR,ERR,ERR,ERR,ERR,ERR,ERR,ERR,ERR,ERR,ERR,ERR,ERR,ERR,ERR,ERR,ERR,ERR,ERR,ERR,ERR,ERR,ERR,ERR,ERR,ERR,ERR,ERR,ERR,ERR,ERR,ERR,ERR,ERR,ERR,ERR,ERR,ERR,ERR,ERR,ERR,ERR,ERR,ERR,ERR,ERR,ERR,ERR,ERR,ERR,ERR,ERR,ERR,ERR,ERR,ERR,ERR,ERR,ERR,ERR,ERR,ERR,ERR,ERR,ERR,ERR,ERR,ERR,ERR,ERR,ERR,ERR,ERR,ERR,ERR,ERR,ERR,ERR,ERR,ERR,ERR,ERR,ERR,ERR,ERR,ERR,ERR,ERR,ERR,ERR,ERR,ERR,ERR,ERR,ERR,ERR,ERR,ERR,ERR,ERR,ERR,ERR,ERR,ERR,ERR,ERR,0.0,2.7184303811560617e+23,-100794720.0,0.0,0.0,1.3936040501711995e+18,7.805,0.0,0,0,4,0,7116,0.0,100,0.0,0.0,0.0,0.0,0.0,0,0,0,0,0.0,0,0,0,0,0,0,0,0,0,0,0,0,0,0,0,0,0,0,0,0,0,0,0,0,0,0,0,0,0,0,0,0,0,31,40,40,71,65476,0,300,0,0,8,21553,0.0,-107605600.0,0.0,0.0,0.0,0.0,0.0,0.0,0.0,0.0,0.0,0.0,0.0,0.0,0.0,0.0,0.0,0.0,0.0,0.0,0.0,0.0,-2.004,-0.0,2.004,0.0,0.0,0.0,0.0,0.0,4472.0,-0.0,6933.0,0.0,-0.0,-0.0,0.0,0.0,0.0,0.0,0.0,69,0.0,-2.3088241810607807e+20,0.0,0.0,0.0,0.0,0.0,0.0,0.0,0,0,0,0.0,0.0,0.0,0.0,0.0,0.0,0.0,0.0,0.0,0.0,0.0,0.0,0.0,0.0,0.0,0.0,0,-107875648.0,69,0.0,138,0.0,2.6474893195377515e+23,0,13107,17087,39322,17104,0,17085,0,0,0,70,68,100,-0.0,82.1,0.0,78.8,-0.0,79.0,1,49,50,180,52429,13107,0,0,0.0,0.0,0.0,0.0,-0.0,67.0,0.0,162057.094,0.0,984,0,1016,0,0,0,957,0,1043,0,945,0,793,0,786,0,823,0,7520,0.032,2.5133688800429264e+20,0.0,0.0,784,16797,-0.0,162057.094,-114818.039,-0.0,0.133,6.909358625270745e+28,30.0,70.0,35,0.0,0.0,0.0,0.0,0.0,0.0,0.0,0.0,0.0,0.0,0.0,0.0,0.0,0.0,0.0,0.0,66.0,0,150,71,52,65476,0,300,0,0,8,20529,65476,0,0,44564,70.0,0.0,0.0,0.0,0.0,0.0
2026-09-10T21:06:15,ERR,ERR,ERR,ERR,ERR,ERR,ERR,ERR,ERR,ERR,ERR,ERR,ERR,ERR,ERR,ERR,ERR,ERR,ERR,ERR,ERR,ERR,ERR,ERR,ERR,ERR,ERR,ERR,ERR,ERR,ERR,ERR,ERR,ERR,ERR,ERR,ERR,ERR,ERR,ERR,ERR,ERR,ERR,ERR,ERR,ERR,ERR,ERR,ERR,ERR,ERR,ERR,ERR,ERR,ERR,ERR,ERR,ERR,ERR,ERR,ERR,ERR,ERR,ERR,ERR,ERR,ERR,ERR,ERR,ERR,ERR,ERR,ERR,ERR,ERR,ERR,ERR,ERR,ERR,ERR,ERR,ERR,ERR,ERR,ERR,ERR,ERR,ERR,ERR,ERR,ERR,ERR,ERR,ERR,ERR,ERR,ERR,ERR,ERR,ERR,ERR,ERR,ERR,ERR,ERR,ERR,ERR,ERR,ERR,ERR,ERR,ERR,ERR,ERR,ERR,ERR,ERR,ERR,ERR,ERR,ERR,ERR,ERR,ERR,ERR,0.0,2.7184303811560617e+23,-100794720.0,0.0,0.0,1.3936040501711995e+18,7.805,0.0,0,0,4,0,7116,0.0,100,0.0,0.0,0.0,0.0,0.0,0,0,0,0,0.0,0,0,0,0,0,0,0,0,0,0,0,0,0,0,0,0,0,0,0,0,0,0,0,0,0,0,0,0,0,0,0,0,0,31,40,40,71,65476,0,300,0,0,8,21553,0.0,-107605600.0,0.0,0.0,0.0,0.0,0.0,0.0,0.0,0.0,0.0,0.0,0.0,0.0,0.0,0.0,0.0,0.0,0.0,0.0,0.0,0.0,-2.004,-2.004,2.004,2.004,0.0,0.0,0.0,0.0,4474.0,-0.0,6931.0,0.0,2.7184303811560617e+23,-0.0,0.0,0.0,0.0,0.0,0.0,69,0.0,-0.0,0.0,0.0,0.0,0.0,0.0,0.0,0.0,0,0,0,0.0,0.0,0.0,0.0,0.0,0.0,0.0,0.0,0.0,0.0,0.0,0.0,0.0,0.0,0.0,0.0,0,-107875648.0,69,0.0,138,0.0,2.6474893195377515e+23,0,13107,17087,39322,17104,0,17085,0,0,0,70,68,100,-0.0,82.1,0.0,78.8,-0.0,79.0,1,49,50,180,52429,13107,0,0,0.0,0.0,0.0,0.0,-0.0,67.0,0.0,162057.094,0.0,984,0,1016,0,0,0,957,0,1043,0,945,0,793,0,786,0,823,0,7520,0.032,2.5133688800429264e+20,0.0,0.0,784,16797,-0.0,162057.094,-114818.039,-0.0,0.133,6.909358625270745e+28,30.0,70.0,35,0.0,0.0,0.0,0.0,0.0,0.0,0.0,0.0,0.0,0.0,0.0,0.0,0.0,0.0,0.0,0.0,66.0,0,150,71,52,65476,0,300,0,0,8,20529,65476,0,0,44564,70.0,0.0,0.0,0.0,0.0,0.0
2026-09-10T21:06:16,ERR,ERR,ERR,ERR,ERR,ERR,ERR,ERR,ERR,ERR,ERR,ERR,ERR,ERR,ERR,ERR,ERR,ERR,ERR,ERR,ERR,ERR,ERR,ERR,ERR,ERR,ERR,ERR,ERR,ERR,ERR,ERR,ERR,ERR,ERR,ERR,ERR,ERR,ERR,ERR,ERR,ERR,ERR,ERR,ERR,ERR,ERR,ERR,ERR,ERR,ERR,ERR,ERR,ERR,ERR,ERR,ERR,ERR,ERR,ERR,ERR,ERR,ERR,ERR,ERR,ERR,ERR,ERR,ERR,ERR,ERR,ERR,ERR,ERR,ERR,ERR,ERR,ERR,ERR,ERR,ERR,ERR,ERR,ERR,ERR,ERR,ERR,ERR,ERR,ERR,ERR,ERR,ERR,ERR,ERR,ERR,ERR,ERR,ERR,ERR,ERR,ERR,ERR,ERR,ERR,ERR,ERR,ERR,ERR,ERR,ERR,ERR,ERR,ERR,ERR,ERR,ERR,ERR,ERR,ERR,ERR,ERR,ERR,ERR,ERR,0.0,2.7184303811560617e+23,-100794720.0,0.0,0.0,1.3936040501711995e+18,7.805,0.0,0,0,4,0,7116,0.0,100,0.0,0.0,0.0,0.0,0.0,0,0,0,0,0.0,0,0,0,0,0,0,0,0,0,0,0,0,0,0,0,0,0,0,0,0,0,0,0,0,0,0,0,0,0,0,0,0,0,31,40,40,71,65476,0,300,0,0,8,21553,0.0,-107605600.0,0.0,0.0,0.0,0.0,0.0,0.0,0.0,0.0,0.0,0.0,0.0,0.0,0.0,0.0,0.0,0.0,0.0,0.0,0.0,0.0,-2.004,-2.004,2.004,2.004,0.0,0.0,0.0,0.0,4474.0,-0.0,6931.0,0.0,2.7184303811560617e+23,-0.0,0.0,0.0,0.0,0.0,0.0,69,0.0,-0.0,0.0,0.0,0.0,0.0,0.0,0.0,0.0,0,0,0,0.0,0.0,0.0,0.0,0.0,0.0,0.0,0.0,0.0,0.0,0.0,0.0,0.0,0.0,0.0,0.0,0,-107875648.0,69,0.0,138,0.0,2.6474893195377515e+23,0,13107,17087,39322,17104,0,17085,0,0,0,70,68,100,-0.0,82.1,0.0,78.8,-0.0,79.0,1,49,50,180,52429,13107,0,0,0.0,0.0,0.0,0.0,-0.0,67.0,0.0,162057.094,0.0,984,0,1016,0,0,0,957,0,1043,0,945,0,793,0,786,0,823,0,7520,0.032,2.5133688800429264e+20,0.0,0.0,784,16797,-0.0,162057.094,-114818.039,-0.0,0.133,6.909358625270745e+28,30.0,70.0,35,0.0,0.0,0.0,0.0,0.0,0.0,0.0,0.0,0.0,0.0,0.0,0.0,0.0,0.0,0.0,0.0,66.0,0,150,71,52,65476,0,300,0,0,8,20529,65476,0,0,44564,70.0,0.0,0.0,0.0,0.0,0.0
2026-09-10T21:06:17,ERR,ERR,ERR,ERR,ERR,ERR,ERR,ERR,ERR,ERR,ERR,ERR,ERR,ERR,ERR,ERR,ERR,ERR,ERR,ERR,ERR,ERR,ERR,ERR,ERR,ERR,ERR,ERR,ERR,ERR,ERR,ERR,ERR,ERR,ERR,ERR,ERR,ERR,ERR,ERR,ERR,ERR,ERR,ERR,ERR,ERR,ERR,ERR,ERR,ERR,ERR,ERR,ERR,ERR,ERR,ERR,ERR,ERR,ERR,ERR,ERR,ERR,ERR,ERR,ERR,ERR,ERR,ERR,ERR,ERR,ERR,ERR,ERR,ERR,ERR,ERR,ERR,ERR,ERR,ERR,ERR,ERR,ERR,ERR,ERR,ERR,ERR,ERR,ERR,ERR,ERR,ERR,ERR,ERR,ERR,ERR,ERR,ERR,ERR,ERR,ERR,ERR,ERR,ERR,ERR,ERR,ERR,ERR,ERR,ERR,ERR,ERR,ERR,ERR,ERR,ERR,ERR,ERR,ERR,ERR,ERR,ERR,ERR,ERR,ERR,0.0,2.7184303811560617e+23,-100794720.0,0.0,0.0,1.3936040501711995e+18,7.805,0.0,0,0,4,0,7116,0.0,100,0.0,0.0,0.0,0.0,0.0,0,0,0,0,0.0,0,0,0,0,0,0,0,0,0,0,0,0,0,0,0,0,0,0,0,0,0,0,0,0,0,0,0,0,0,0,0,0,0,31,40,40,71,65476,0,300,0,0,8,21553,0.0,-107605600.0,0.0,0.0,0.0,0.0,0.0,0.0,0.0,0.0,0.0,0.0,0.0,0.0,0.0,0.0,0.0,0.0,0.0,0.0,0.0,0.0,-2.004,-2.004,2.004,2.004,0.0,0.0,0.0,0.0,4474.0,-0.0,6931.0,0.0,2.7184303811560617e+23,-0.0,0.0,0.0,0.0,0.0,0.0,69,0.0,-0.0,0.0,0.0,0.0,0.0,0.0,0.0,0.0,0,0,0,0.0,0.0,0.0,0.0,0.0,0.0,0.0,0.0,0.0,0.0,0.0,0.0,0.0,0.0,0.0,0.0,0,-107875648.0,69,0.0,138,0.0,2.6474893195377515e+23,0,13107,17087,39322,17104,0,17085,0,0,0,70,68,100,-0.0,82.1,0.0,78.8,-0.0,79.0,1,49,50,180,52429,13107,0,0,0.0,0.0,0.0,0.0,-0.0,67.0,0.0,162057.094,0.0,984,0,1016,0,0,0,957,0,1043,0,945,0,793,0,786,0,823,0,7520,0.032,2.5133688800429264e+20,0.0,0.0,784,16797,-0.0,162057.094,-114818.039,-0.0,0.133,6.909358625270745e+28,30.0,70.0,35,0.0,0.0,0.0,0.0,0.0,0.0,0.0,0.0,0.0,0.0,0.0,0.0,0.0,0.0,0.0,0.0,66.0,0,150,71,52,65476,0,300,0,0,8,20529,65476,0,0,44564,70.0,0.0,0.0,0.0,0.0,0.0
2026-09-10T21:06:18,ERR,ERR,ERR,ERR,ERR,ERR,ERR,ERR,ERR,ERR,ERR,ERR,ERR,ERR,ERR,ERR,ERR,ERR,ERR,ERR,ERR,ERR,ERR,ERR,ERR,ERR,ERR,ERR,ERR,ERR,ERR,ERR,ERR,ERR,ERR,ERR,ERR,ERR,ERR,ERR,ERR,ERR,ERR,ERR,ERR,ERR,ERR,ERR,ERR,ERR,ERR,ERR,ERR,ERR,ERR,ERR,ERR,ERR,ERR,ERR,ERR,ERR,ERR,ERR,ERR,ERR,ERR,ERR,ERR,ERR,ERR,ERR,ERR,ERR,ERR,ERR,ERR,ERR,ERR,ERR,ERR,ERR,ERR,ERR,ERR,ERR,ERR,ERR,ERR,ERR,ERR,ERR,ERR,ERR,ERR,ERR,ERR,ERR,ERR,ERR,ERR,ERR,ERR,ERR,ERR,ERR,ERR,ERR,ERR,ERR,ERR,ERR,ERR,ERR,ERR,ERR,ERR,ERR,ERR,ERR,ERR,ERR,ERR,ERR,ERR,0.0,2.7184303811560617e+23,-100794720.0,0.0,0.0,1.3936040501711995e+18,7.805,0.0,0,0,4,0,7116,0.0,100,0.0,0.0,0.0,0.0,0.0,0,0,0,0,0.0,0,0,0,0,0,0,0,0,0,0,0,0,0,0,0,0,0,0,0,0,0,0,0,0,0,0,0,0,0,0,0,0,0,31,40,40,71,65476,0,300,0,0,8,21553,0.0,-107605600.0,0.0,0.0,0.0,0.0,0.0,0.0,0.0,0.0,0.0,0.0,0.0,0.0,0.0,0.0,0.0,0.0,0.0,0.0,0.0,0.0,-2.004,-2.004,2.004,2.004,0.0,0.0,0.0,0.0,4474.0,-0.0,6931.0,0.0,2.7184303811560617e+23,-0.0,0.0,0.0,0.0,0.0,0.0,69,0.0,-0.0,0.0,0.0,0.0,0.0,0.0,0.0,0.0,0,0,0,0.0,0.0,0.0,0.0,0.0,0.0,0.0,0.0,0.0,0.0,0.0,0.0,0.0,0.0,0.0,0.0,0,-107875648.0,69,0.0,138,0.0,2.6474893195377515e+23,0,13107,17087,39322,17104,0,17085,0,0,0,70,68,100,-0.0,82.1,0.0,78.8,-0.0,79.0,1,49,50,180,52429,13107,0,0,0.0,0.0,0.0,0.0,-0.0,67.0,0.0,162057.094,0.0,984,0,1016,0,0,0,957,0,1043,0,945,0,793,0,786,0,823,0,7520,0.032,2.5133688800429264e+20,0.0,0.0,784,16797,-0.0,162057.094,-114818.039,-0.0,0.133,6.909358625270745e+28,30.0,70.0,35,0.0,0.0,0.0,0.0,0.0,0.0,0.0,0.0,0.0,0.0,0.0,0.0,0.0,0.0,0.0,0.0,66.0,0,150,71,52,65476,0,300,0,0,8,20529,65476,0,0,44564,70.0,0.0,0.0,0.0,0.0,0.0
2026-09-10T21:06:19,ERR,ERR,ERR,ERR,ERR,ERR,ERR,ERR,ERR,ERR,ERR,ERR,ERR,ERR,ERR,ERR,ERR,ERR,ERR,ERR,ERR,ERR,ERR,ERR,ERR,ERR,ERR,ERR,ERR,ERR,ERR,ERR,ERR,ERR,ERR,ERR,ERR,ERR,ERR,ERR,ERR,ERR,ERR,ERR,ERR,ERR,ERR,ERR,ERR,ERR,ERR,ERR,ERR,ERR,ERR,ERR,ERR,ERR,ERR,ERR,ERR,ERR,ERR,ERR,ERR,ERR,ERR,ERR,ERR,ERR,ERR,ERR,ERR,ERR,ERR,ERR,ERR,ERR,ERR,ERR,ERR,ERR,ERR,ERR,ERR,ERR,ERR,ERR,ERR,ERR,ERR,ERR,ERR,ERR,ERR,ERR,ERR,ERR,ERR,ERR,ERR,ERR,ERR,ERR,ERR,ERR,ERR,ERR,ERR,ERR,ERR,ERR,ERR,ERR,ERR,ERR,ERR,ERR,ERR,ERR,ERR,ERR,ERR,ERR,ERR,0.0,2.7184303811560617e+23,-100794720.0,0.0,0.0,1.3936040501711995e+18,7.805,0.0,0,0,4,0,7116,0.0,100,0.0,0.0,0.0,0.0,0.0,0,0,0,0,0.0,0,0,0,0,0,0,0,0,0,0,0,0,0,0,0,0,0,0,0,0,0,0,0,0,0,0,0,0,0,0,0,0,0,31,40,40,71,65476,0,300,0,0,8,21553,0.0,-107605600.0,0.0,0.0,0.0,0.0,0.0,0.0,0.0,0.0,0.0,0.0,0.0,0.0,0.0,0.0,0.0,0.0,0.0,0.0,0.0,0.0,-2.004,-2.004,2.004,2.004,0.0,0.0,0.0,0.0,4474.0,-0.0,6931.0,0.0,2.7184303811560617e+23,-0.0,0.0,0.0,0.0,0.0,0.0,69,0.0,-0.0,0.0,0.0,0.0,0.0,0.0,0.0,0.0,0,0,0,0.0,0.0,0.0,0.0,0.0,0.0,0.0,0.0,0.0,0.0,0.0,0.0,0.0,0.0,0.0,0.0,0,-107875648.0,69,0.0,138,0.0,2.6474893195377515e+23,0,13107,17087,39322,17104,0,17085,0,0,0,70,68,100,-0.0,82.1,0.0,78.8,-0.0,79.0,1,49,50,180,52429,13107,0,0,0.0,0.0,0.0,0.0,-0.0,67.0,0.0,162057.094,0.0,984,0,1016,0,0,0,957,0,1043,0,945,0,793,0,786,0,823,0,7520,0.032,2.5133688800429264e+20,0.0,0.0,784,16797,-0.0,162057.094,-114818.039,-0.0,0.133,6.909358625270745e+28,30.0,70.0,35,0.0,0.0,0.0,0.0,0.0,0.0,0.0,0.0,0.0,0.0,0.0,0.0,0.0,0.0,0.0,0.0,66.0,0,150,71,52,65476,0,300,0,0,8,20529,65476,0,0,44564,70.0,0.0,0.0,0.0,0.0,0.0
2026-09-10T21:06:20,ERR,ERR,ERR,ERR,ERR,ERR,ERR,ERR,ERR,ERR,ERR,ERR,ERR,ERR,ERR,ERR,ERR,ERR,ERR,ERR,ERR,ERR,ERR,ERR,ERR,ERR,ERR,ERR,ERR,ERR,ERR,ERR,ERR,ERR,ERR,ERR,ERR,ERR,ERR,ERR,ERR,ERR,ERR,ERR,ERR,ERR,ERR,ERR,ERR,ERR,ERR,ERR,ERR,ERR,ERR,ERR,ERR,ERR,ERR,ERR,ERR,ERR,ERR,ERR,ERR,ERR,ERR,ERR,ERR,ERR,ERR,ERR,ERR,ERR,ERR,ERR,ERR,ERR,ERR,ERR,ERR,ERR,ERR,ERR,ERR,ERR,ERR,ERR,ERR,ERR,ERR,ERR,ERR,ERR,ERR,ERR,ERR,ERR,ERR,ERR,ERR,ERR,ERR,ERR,ERR,ERR,ERR,ERR,ERR,ERR,ERR,ERR,ERR,ERR,ERR,ERR,ERR,ERR,ERR,ERR,ERR,ERR,ERR,ERR,ERR,0.0,2.7184303811560617e+23,-100794720.0,0.0,0.0,1.3936040501711995e+18,7.805,0.0,0,0,4,0,7116,0.0,100,0.0,0.0,0.0,0.0,0.0,0,0,0,0,0.0,0,0,0,0,0,0,0,0,0,0,0,0,0,0,0,0,0,0,0,0,0,0,0,0,0,0,0,0,0,0,0,0,0,31,40,40,71,65476,0,300,0,0,8,21553,0.0,-107605600.0,0.0,0.0,0.0,0.0,0.0,0.0,0.0,0.0,0.0,0.0,0.0,0.0,0.0,0.0,0.0,0.0,0.0,0.0,0.0,0.0,-2.004,-2.004,2.004,2.004,0.0,0.0,0.0,0.0,4474.0,-0.0,6931.0,0.0,2.7184303811560617e+23,-0.0,0.0,0.0,0.0,0.0,0.0,69,0.0,-0.0,0.0,0.0,0.0,0.0,0.0,0.0,0.0,0,0,0,0.0,0.0,0.0,0.0,0.0,0.0,0.0,0.0,0.0,0.0,0.0,0.0,0.0,0.0,0.0,0.0,0,-107875648.0,69,0.0,138,0.0,2.6474893195377515e+23,0,13107,17087,39322,17104,0,17085,0,0,0,70,68,100,-0.0,82.1,0.0,78.8,-0.0,79.0,1,49,50,180,52429,13107,0,0,0.0,0.0,0.0,0.0,-0.0,67.0,0.0,162057.094,0.0,984,0,1016,0,0,0,957,0,1043,0,945,0,793,0,786,0,823,0,7520,0.032,2.5133688800429264e+20,0.0,0.0,784,16797,-0.0,162057.094,-114818.039,-0.0,0.133,6.909358625270745e+28,30.0,70.0,35,0.0,0.0,0.0,0.0,0.0,0.0,0.0,0.0,0.0,0.0,0.0,0.0,0.0,0.0,0.0,0.0,66.0,0,150,71,52,65476,0,300,0,0,8,20529,65476,0,0,44564,70.0,0.0,0.0,0.0,0.0,0.0
2026-09-10T21:06:21,ERR,ERR,ERR,ERR,ERR,ERR,ERR,ERR,ERR,ERR,ERR,ERR,ERR,ERR,ERR,ERR,ERR,ERR,ERR,ERR,ERR,ERR,ERR,ERR,ERR,ERR,ERR,ERR,ERR,ERR,ERR,ERR,ERR,ERR,ERR,ERR,ERR,ERR,ERR,ERR,ERR,ERR,ERR,ERR,ERR,ERR,ERR,ERR,ERR,ERR,ERR,ERR,ERR,ERR,ERR,ERR,ERR,ERR,ERR,ERR,ERR,ERR,ERR,ERR,ERR,ERR,ERR,ERR,ERR,ERR,ERR,ERR,ERR,ERR,ERR,ERR,ERR,ERR,ERR,ERR,ERR,ERR,ERR,ERR,ERR,ERR,ERR,ERR,ERR,ERR,ERR,ERR,ERR,ERR,ERR,ERR,ERR,ERR,ERR,ERR,ERR,ERR,ERR,ERR,ERR,ERR,ERR,ERR,ERR,ERR,ERR,ERR,ERR,ERR,ERR,ERR,ERR,ERR,ERR,ERR,ERR,ERR,ERR,ERR,ERR,0.0,2.7184303811560617e+23,-100794720.0,0.0,0.0,1.3936040501711995e+18,7.805,0.0,0,0,4,0,7116,0.0,100,0.0,0.0,0.0,0.0,0.0,0,0,0,0,0.0,0,0,0,0,0,0,0,0,0,0,0,0,0,0,0,0,0,0,0,0,0,0,0,0,0,0,0,0,0,0,0,0,0,31,40,40,71,65476,0,300,0,0,8,21553,0.0,-107605600.0,0.0,0.0,0.0,0.0,0.0,0.0,0.0,0.0,0.0,0.0,0.0,0.0,0.0,0.0,0.0,0.0,0.0,0.0,0.0,0.0,-2.004,-2.004,2.004,2.004,0.0,0.0,0.0,0.0,4474.0,-0.0,6931.0,0.0,2.7184303811560617e+23,-0.0,0.0,0.0,0.0,0.0,0.0,69,0.0,-0.0,0.0,0.0,0.0,0.0,0.0,0.0,0.0,0,0,0,0.0,0.0,0.0,0.0,0.0,0.0,0.0,0.0,0.0,0.0,0.0,0.0,0.0,0.0,0.0,0.0,0,-107875648.0,69,0.0,138,0.0,2.6474893195377515e+23,0,13107,17087,39322,17104,0,17085,0,0,0,70,68,100,-0.0,82.1,0.0,78.8,-0.0,79.0,1,49,50,180,52429,13107,0,0,0.0,0.0,0.0,0.0,-0.0,67.0,0.0,162057.094,0.0,984,0,1016,0,0,0,957,0,1043,0,945,0,793,0,786,0,823,0,7520,0.032,2.5133688800429264e+20,0.0,0.0,784,16797,-0.0,162057.094,-114818.039,-0.0,0.133,6.909358625270745e+28,30.0,70.0,35,0.0,0.0,0.0,0.0,0.0,0.0,0.0,0.0,0.0,0.0,0.0,0.0,0.0,0.0,0.0,0.0,66.0,0,150,71,52,65476,0,300,0,0,8,20529,65476,0,0,44564,70.0,0.0,0.0,0.0,0.0,0.0
2026-09-10T21:06:22,ERR,ERR,ERR,ERR,ERR,ERR,ERR,ERR,ERR,ERR,ERR,ERR,ERR,ERR,ERR,ERR,ERR,ERR,ERR,ERR,ERR,ERR,ERR,ERR,ERR,ERR,ERR,ERR,ERR,ERR,ERR,ERR,ERR,ERR,ERR,ERR,ERR,ERR,ERR,ERR,ERR,ERR,ERR,ERR,ERR,ERR,ERR,ERR,ERR,ERR,ERR,ERR,ERR,ERR,ERR,ERR,ERR,ERR,ERR,ERR,ERR,ERR,ERR,ERR,ERR,ERR,ERR,ERR,ERR,ERR,ERR,ERR,ERR,ERR,ERR,ERR,ERR,ERR,ERR,ERR,ERR,ERR,ERR,ERR,ERR,ERR,ERR,ERR,ERR,ERR,ERR,ERR,ERR,ERR,ERR,ERR,ERR,ERR,ERR,ERR,ERR,ERR,ERR,ERR,ERR,ERR,ERR,ERR,ERR,ERR,ERR,ERR,ERR,ERR,ERR,ERR,ERR,ERR,ERR,ERR,ERR,ERR,ERR,ERR,ERR,0.0,2.7184303811560617e+23,-100794720.0,0.0,0.0,1.3936040501711995e+18,7.805,0.0,0,0,4,0,7116,0.0,100,0.0,0.0,0.0,0.0,0.0,0,0,0,0,0.0,0,0,0,0,0,0,0,0,0,0,0,0,0,0,0,0,0,0,0,0,0,0,0,0,0,0,0,0,0,0,0,0,0,31,40,40,71,65476,0,300,0,0,8,21553,0.0,-107605600.0,0.0,0.0,0.0,0.0,0.0,0.0,0.0,0.0,0.0,0.0,0.0,0.0,0.0,0.0,0.0,0.0,0.0,0.0,0.0,0.0,-2.004,-2.004,2.004,2.004,0.0,0.0,0.0,0.0,4474.0,-0.0,6931.0,0.0,2.7184303811560617e+23,-0.0,0.0,0.0,0.0,0.0,0.0,69,0.0,-0.0,0.0,0.0,0.0,0.0,0.0,0.0,0.0,0,0,0,0.0,0.0,0.0,0.0,0.0,0.0,0.0,0.0,0.0,0.0,0.0,0.0,0.0,0.0,0.0,0.0,0,-107875648.0,69,0.0,138,0.0,2.6474893195377515e+23,0,26215,17087,39322,17104,52429,17084,0,0,0,70,68,100,-0.0,82.0,0.0,78.8,-0.0,79.0,1,49,50,180,52429,0,0,0,0.0,0.0,0.0,0.0,-0.0,67.0,0.0,162057.094,0.0,984,0,1015,0,0,0,956,0,1043,0,944,0,793,0,786,0,823,0,7520,0.032,2.524898095088995e+20,0.0,0.0,784,16797,-0.0,162057.094,-114818.039,-0.0,0.133,6.909358625270745e+28,30.0,70.0,35,0.0,0.0,0.0,0.0,0.0,0.0,0.0,0.0,0.0,0.0,0.0,0.0,0.0,0.0,0.0,0.0,66.0,0,150,71,52,65476,0,300,0,0,8,20529,65476,0,0,44564,70.0,0.0,0.0,0.0,0.0,0.0
2026-09-10T21:06:23,ERR,ERR,ERR,ERR,ERR,ERR,ERR,ERR,ERR,ERR,ERR,ERR,ERR,ERR,ERR,ERR,ERR,ERR,ERR,ERR,ERR,ERR,ERR,ERR,ERR,ERR,ERR,ERR,ERR,ERR,ERR,ERR,ERR,ERR,ERR,ERR,ERR,ERR,ERR,ERR,ERR,ERR,ERR,ERR,ERR,ERR,ERR,ERR,ERR,ERR,ERR,ERR,ERR,ERR,ERR,ERR,ERR,ERR,ERR,ERR,ERR,ERR,ERR,ERR,ERR,ERR,ERR,ERR,ERR,ERR,ERR,ERR,ERR,ERR,ERR,ERR,ERR,ERR,ERR,ERR,ERR,ERR,ERR,ERR,ERR,ERR,ERR,ERR,ERR,ERR,ERR,ERR,ERR,ERR,ERR,ERR,ERR,ERR,ERR,ERR,ERR,ERR,ERR,ERR,ERR,ERR,ERR,ERR,ERR,ERR,ERR,ERR,ERR,ERR,ERR,ERR,ERR,ERR,ERR,ERR,ERR,ERR,ERR,ERR,ERR,0.0,2.7184303811560617e+23,-100794720.0,0.0,0.0,1.3936040501711995e+18,7.805,0.0,0,0,4,0,7116,0.0,100,0.0,0.0,0.0,0.0,0.0,0,0,0,0,0.0,0,0,0,0,0,0,0,0,0,0,0,0,0,0,0,0,0,0,0,0,0,0,0,0,0,0,0,0,0,0,0,0,0,31,40,40,71,65476,0,300,0,0,8,21553,0.0,-107605600.0,0.0,0.0,0.0,0.0,0.0,0.0,0.0,0.0,0.0,0.0,0.0,0.0,0.0,0.0,0.0,0.0,0.0,0.0,0.0,0.0,-0.0,-0.0,2.004,-0.0,0.0,0.0,0.0,0.0,4476.0,1.0406632763589053e+34,6926.0,0.0,2.7184303811560617e+23,-0.0,2.718428940004181e+23,0.0,0.0,0.0,0.0,69,0.0,5.848046968061515e+35,0.0,0.0,0.0,0.0,0.0,0.0,0.0,0,0,0,0.0,0.0,0.0,0.0,0.0,0.0,0.0,0.0,0.0,0.0,0.0,0.0,0.0,0.0,0.0,0.0,0,-107875648.0,69,0.0,138,0.0,2.6474893195377515e+23,0,26215,17087,39322,17104,52429,17084,0,0,0,70,68,100,-0.0,82.0,0.0,78.8,-0.0,79.0,1,49,50,180,52429,0,0,0,0.0,0.0,0.0,0.0,-0.0,67.0,0.0,162057.094,0.0,984,0,1015,0,0,0,956,0,1043,0,944,0,793,0,786,0,823,0,7520,0.032,2.524898095088995e+20,0.0,0.0,784,16797,-0.0,162057.094,-114818.039,-0.0,0.133,6.909358625270745e+28,30.0,70.0,35,0.0,0.0,0.0,0.0,0.0,0.0,0.0,0.0,0.0,0.0,0.0,0.0,0.0,0.0,0.0,0.0,66.0,0,150,71,52,65476,0,300,0,0,8,20529,65476,0,0,44564,70.0,0.0,0.0,0.0,0.0,0.0
2026-09-10T21:06:24,ERR,ERR,ERR,ERR,ERR,ERR,ERR,ERR,ERR,ERR,ERR,ERR,ERR,ERR,ERR,ERR,ERR,ERR,ERR,ERR,ERR,ERR,ERR,ERR,ERR,ERR,ERR,ERR,ERR,ERR,ERR,ERR,ERR,ERR,ERR,ERR,ERR,ERR,ERR,ERR,ERR,ERR,ERR,ERR,ERR,ERR,ERR,ERR,ERR,ERR,ERR,ERR,ERR,ERR,ERR,ERR,ERR,ERR,ERR,ERR,ERR,ERR,ERR,ERR,ERR,ERR,ERR,ERR,ERR,ERR,ERR,ERR,ERR,ERR,ERR,ERR,ERR,ERR,ERR,ERR,ERR,ERR,ERR,ERR,ERR,ERR,ERR,ERR,ERR,ERR,ERR,ERR,ERR,ERR,ERR,ERR,ERR,ERR,ERR,ERR,ERR,ERR,ERR,ERR,ERR,ERR,ERR,ERR,ERR,ERR,ERR,ERR,ERR,ERR,ERR,ERR,ERR,ERR,ERR,ERR,ERR,ERR,ERR,ERR,ERR,0.0,2.7184303811560617e+23,-100794720.0,0.0,0.0,1.3936040501711995e+18,7.805,0.0,0,0,4,0,7116,0.0,100,0.0,0.0,0.0,0.0,0.0,0,0,0,0,0.0,0,0,0,0,0,0,0,0,0,0,0,0,0,0,0,0,0,0,0,0,0,0,0,0,0,0,0,0,0,0,0,0,0,31,40,40,71,65476,0,300,0,0,8,21553,0.0,-107605600.0,0.0,0.0,0.0,0.0,0.0,0.0,0.0,0.0,0.0,0.0,0.0,0.0,0.0,0.0,0.0,0.0,0.0,0.0,0.0,0.0,-0.0,-0.0,2.004,-0.0,0.0,0.0,0.0,0.0,4476.0,1.0406632763589053e+34,6926.0,0.0,2.7184303811560617e+23,-0.0,2.718428940004181e+23,0.0,0.0,0.0,0.0,69,0.0,5.848046968061515e+35,0.0,0.0,0.0,0.0,0.0,0.0,0.0,0,0,0,0.0,0.0,0.0,0.0,0.0,0.0,0.0,0.0,0.0,0.0,0.0,0.0,0.0,0.0,0.0,0.0,0,-107875648.0,69,0.0,138,0.0,2.6474893195377515e+23,0,26215,17087,39322,17104,52429,17084,0,0,0,70,68,100,-0.0,82.0,0.0,78.8,-0.0,79.0,1,49,50,180,52429,0,0,0,0.0,0.0,0.0,0.0,-0.0,67.0,0.0,162057.094,0.0,984,0,1015,0,0,0,956,0,1043,0,944,0,793,0,786,0,823,0,7520,0.032,2.524898095088995e+20,0.0,0.0,784,16797,-0.0,162057.094,-114818.039,-0.0,0.133,6.909358625270745e+28,30.0,70.0,35,0.0,0.0,0.0,0.0,0.0,0.0,0.0,0.0,0.0,0.0,0.0,0.0,0.0,0.0,0.0,0.0,66.0,0,150,71,52,65476,0,300,0,0,8,20529,65476,0,0,44564,70.0,0.0,0.0,0.0,0.0,0.0
2026-09-10T21:06:25,ERR,ERR,ERR,ERR,ERR,ERR,ERR,ERR,ERR,ERR,ERR,ERR,ERR,ERR,ERR,ERR,ERR,ERR,ERR,ERR,ERR,ERR,ERR,ERR,ERR,ERR,ERR,ERR,ERR,ERR,ERR,ERR,ERR,ERR,ERR,ERR,ERR,ERR,ERR,ERR,ERR,ERR,ERR,ERR,ERR,ERR,ERR,ERR,ERR,ERR,ERR,ERR,ERR,ERR,ERR,ERR,ERR,ERR,ERR,ERR,ERR,ERR,ERR,ERR,ERR,ERR,ERR,ERR,ERR,ERR,ERR,ERR,ERR,ERR,ERR,ERR,ERR,ERR,ERR,ERR,ERR,ERR,ERR,ERR,ERR,ERR,ERR,ERR,ERR,ERR,ERR,ERR,ERR,ERR,ERR,ERR,ERR,ERR,ERR,ERR,ERR,ERR,ERR,ERR,ERR,ERR,ERR,ERR,ERR,ERR,ERR,ERR,ERR,ERR,ERR,ERR,ERR,ERR,ERR,ERR,ERR,ERR,ERR,ERR,ERR,0.0,2.7184303811560617e+23,-100794720.0,0.0,0.0,1.3936040501711995e+18,7.805,0.0,0,0,4,0,7116,0.0,100,0.0,0.0,0.0,0.0,0.0,0,0,0,0,0.0,0,0,0,0,0,0,0,0,0,0,0,0,0,0,0,0,0,0,0,0,0,0,0,0,0,0,0,0,0,0,0,0,0,31,40,40,71,65476,0,300,0,0,8,21553,0.0,-107605600.0,0.0,0.0,0.0,0.0,0.0,0.0,0.0,0.0,0.0,0.0,0.0,0.0,0.0,0.0,0.0,0.0,0.0,0.0,0.0,0.0,-0.0,-0.0,2.004,-0.0,0.0,0.0,0.0,0.0,4476.0,1.0406632763589053e+34,6926.0,0.0,2.7184303811560617e+23,-0.0,2.718428940004181e+23,0.0,0.0,0.0,0.0,69,0.0,5.848046968061515e+35,0.0,0.0,0.0,0.0,0.0,0.0,0.0,0,0,0,0.0,0.0,0.0,0.0,0.0,0.0,0.0,0.0,0.0,0.0,0.0,0.0,0.0,0.0,0.0,0.0,0,-107875648.0,69,0.0,138,0.0,2.6474893195377515e+23,0,26215,17087,39322,17104,52429,17084,0,0,0,70,68,100,-0.0,82.0,0.0,78.8,-0.0,79.0,1,49,50,180,52429,0,0,0,0.0,0.0,0.0,0.0,-0.0,67.0,0.0,162057.094,0.0,984,0,1015,0,0,0,956,0,1043,0,944,0,793,0,786,0,823,0,7520,0.032,2.524898095088995e+20,0.0,0.0,784,16797,-0.0,162057.094,-114818.039,-0.0,0.133,6.909358625270745e+28,30.0,70.0,35,0.0,0.0,0.0,0.0,0.0,0.0,0.0,0.0,0.0,0.0,0.0,0.0,0.0,0.0,0.0,0.0,66.0,0,150,71,52,65476,0,300,0,0,8,20529,65476,0,0,44564,70.0,0.0,0.0,0.0,0.0,0.0
2026-09-10T21:06:26,ERR,ERR,ERR,ERR,ERR,ERR,ERR,ERR,ERR,ERR,ERR,ERR,ERR,ERR,ERR,ERR,ERR,ERR,ERR,ERR,ERR,ERR,ERR,ERR,ERR,ERR,ERR,ERR,ERR,ERR,ERR,ERR,ERR,ERR,ERR,ERR,ERR,ERR,ERR,ERR,ERR,ERR,ERR,ERR,ERR,ERR,ERR,ERR,ERR,ERR,ERR,ERR,ERR,ERR,ERR,ERR,ERR,ERR,ERR,ERR,ERR,ERR,ERR,ERR,ERR,ERR,ERR,ERR,ERR,ERR,ERR,ERR,ERR,ERR,ERR,ERR,ERR,ERR,ERR,ERR,ERR,ERR,ERR,ERR,ERR,ERR,ERR,ERR,ERR,ERR,ERR,ERR,ERR,ERR,ERR,ERR,ERR,ERR,ERR,ERR,ERR,ERR,ERR,ERR,ERR,ERR,ERR,ERR,ERR,ERR,ERR,ERR,ERR,ERR,ERR,ERR,ERR,ERR,ERR,ERR,ERR,ERR,ERR,ERR,ERR,0.0,2.7184303811560617e+23,-100794720.0,0.0,0.0,1.3936040501711995e+18,7.805,0.0,0,0,4,0,7116,0.0,100,0.0,0.0,0.0,0.0,0.0,0,0,0,0,0.0,0,0,0,0,0,0,0,0,0,0,0,0,0,0,0,0,0,0,0,0,0,0,0,0,0,0,0,0,0,0,0,0,0,31,40,40,71,65476,0,300,0,0,8,21553,0.0,-107605600.0,0.0,0.0,0.0,0.0,0.0,0.0,0.0,0.0,0.0,0.0,0.0,0.0,0.0,0.0,0.0,0.0,0.0,0.0,0.0,0.0,-0.0,-0.0,2.004,-0.0,0.0,0.0,0.0,0.0,4476.0,1.0406632763589053e+34,6926.0,0.0,2.7184303811560617e+23,-0.0,2.718428940004181e+23,0.0,0.0,0.0,0.0,69,0.0,5.848046968061515e+35,0.0,0.0,0.0,0.0,0.0,0.0,0.0,0,0,0,0.0,0.0,0.0,0.0,0.0,0.0,0.0,0.0,0.0,0.0,0.0,0.0,0.0,0.0,0.0,0.0,0,-107875648.0,69,0.0,138,0.0,2.6474893195377515e+23,0,26215,17087,39322,17104,52429,17084,0,0,0,70,68,100,-0.0,82.1,0.0,78.8,-0.0,79.0,1,49,50,180,52429,0,0,0,0.0,0.0,0.0,0.0,-0.0,67.0,0.0,162057.094,0.0,984,0,1015,0,0,0,956,0,1043,0,944,0,793,0,785,0,823,0,7520,0.032,2.5133688800429264e+20,0.0,0.0,784,16797,-0.0,162057.094,-114818.039,-0.0,0.133,6.909358625270745e+28,30.0,70.0,35,0.0,0.0,0.0,0.0,0.0,0.0,0.0,0.0,0.0,0.0,0.0,0.0,0.0,0.0,0.0,0.0,66.0,0,150,71,52,65476,0,300,0,0,8,20529,65476,0,0,44564,70.0,0.0,0.0,0.0,0.0,0.0
2026-09-10T21:06:27,ERR,ERR,ERR,ERR,ERR,ERR,ERR,ERR,ERR,ERR,ERR,ERR,ERR,ERR,ERR,ERR,ERR,ERR,ERR,ERR,ERR,ERR,ERR,ERR,ERR,ERR,ERR,ERR,ERR,ERR,ERR,ERR,ERR,ERR,ERR,ERR,ERR,ERR,ERR,ERR,ERR,ERR,ERR,ERR,ERR,ERR,ERR,ERR,ERR,ERR,ERR,ERR,ERR,ERR,ERR,ERR,ERR,ERR,ERR,ERR,ERR,ERR,ERR,ERR,ERR,ERR,ERR,ERR,ERR,ERR,ERR,ERR,ERR,ERR,ERR,ERR,ERR,ERR,ERR,ERR,ERR,ERR,ERR,ERR,ERR,ERR,ERR,ERR,ERR,ERR,ERR,ERR,ERR,ERR,ERR,ERR,ERR,ERR,ERR,ERR,ERR,ERR,ERR,ERR,ERR,ERR,ERR,ERR,ERR,ERR,ERR,ERR,ERR,ERR,ERR,ERR,ERR,ERR,ERR,ERR,ERR,ERR,ERR,ERR,ERR,0.0,2.7184303811560617e+23,-100794720.0,0.0,0.0,1.3936040501711995e+18,7.805,0.0,0,0,4,0,7116,0.0,100,0.0,0.0,0.0,0.0,0.0,0,0,0,0,0.0,0,0,0,0,0,0,0,0,0,0,0,0,0,0,0,0,0,0,0,0,0,0,0,0,0,0,0,0,0,0,0,0,0,31,40,40,71,65476,0,300,0,0,8,21553,0.0,-107605600.0,0.0,0.0,0.0,0.0,0.0,0.0,0.0,0.0,0.0,0.0,0.0,0.0,0.0,0.0,0.0,0.0,0.0,0.0,0.0,0.0,-0.0,-0.0,2.004,-0.0,0.0,0.0,0.0,0.0,4476.0,1.0406632763589053e+34,6926.0,0.0,2.7184303811560617e+23,-0.0,2.718428940004181e+23,0.0,0.0,0.0,0.0,69,0.0,5.848046968061515e+35,0.0,0.0,0.0,0.0,0.0,0.0,0.0,0,0,0,0.0,0.0,0.0,0.0,0.0,0.0,0.0,0.0,0.0,0.0,0.0,0.0,0.0,0.0,0.0,0.0,0,-107875648.0,69,0.0,138,0.0,2.6474893195377515e+23,0,26215,17087,39322,17104,52429,17084,0,0,0,70,68,100,-0.0,82.1,0.0,78.8,-0.0,79.0,1,49,50,180,52429,0,0,0,0.0,0.0,0.0,0.0,-0.0,67.0,0.0,162057.094,0.0,984,0,1015,0,0,0,956,0,1043,0,944,0,793,0,785,0,823,0,7520,0.032,2.5133688800429264e+20,0.0,0.0,784,16797,-0.0,162057.094,-114818.039,-0.0,0.133,6.909358625270745e+28,30.0,70.0,35,0.0,0.0,0.0,0.0,0.0,0.0,0.0,0.0,0.0,0.0,0.0,0.0,0.0,0.0,0.0,0.0,66.0,0,150,71,52,65476,0,300,0,0,8,20529,65476,0,0,44564,70.0,0.0,0.0,0.0,0.0,0.0
2026-09-10T21:06:28,ERR,ERR,ERR,ERR,ERR,ERR,ERR,ERR,ERR,ERR,ERR,ERR,ERR,ERR,ERR,ERR,ERR,ERR,ERR,ERR,ERR,ERR,ERR,ERR,ERR,ERR,ERR,ERR,ERR,ERR,ERR,ERR,ERR,ERR,ERR,ERR,ERR,ERR,ERR,ERR,ERR,ERR,ERR,ERR,ERR,ERR,ERR,ERR,ERR,ERR,ERR,ERR,ERR,ERR,ERR,ERR,ERR,ERR,ERR,ERR,ERR,ERR,ERR,ERR,ERR,ERR,ERR,ERR,ERR,ERR,ERR,ERR,ERR,ERR,ERR,ERR,ERR,ERR,ERR,ERR,ERR,ERR,ERR,ERR,ERR,ERR,ERR,ERR,ERR,ERR,ERR,ERR,ERR,ERR,ERR,ERR,ERR,ERR,ERR,ERR,ERR,ERR,ERR,ERR,ERR,ERR,ERR,ERR,ERR,ERR,ERR,ERR,ERR,ERR,ERR,ERR,ERR,ERR,ERR,ERR,ERR,ERR,ERR,ERR,ERR,0.0,2.7184303811560617e+23,-100794720.0,0.0,0.0,1.3936040501711995e+18,7.805,0.0,0,0,4,0,7116,0.0,100,0.0,0.0,0.0,0.0,0.0,0,0,0,0,0.0,0,0,0,0,0,0,0,0,0,0,0,0,0,0,0,0,0,0,0,0,0,0,0,0,0,0,0,0,0,0,0,0,0,31,40,40,71,65476,0,300,0,0,8,21553,0.0,-107605600.0,0.0,0.0,0.0,0.0,0.0,0.0,0.0,0.0,0.0,0.0,0.0,0.0,0.0,0.0,0.0,0.0,0.0,0.0,0.0,0.0,-0.0,-0.0,2.004,-0.0,0.0,0.0,0.0,0.0,4476.0,1.0406632763589053e+34,6926.0,0.0,2.7184303811560617e+23,-0.0,2.718428940004181e+23,0.0,0.0,0.0,0.0,69,0.0,5.848046968061515e+35,0.0,0.0,0.0,0.0,0.0,0.0,0.0,0,0,0,0.0,0.0,0.0,0.0,0.0,0.0,0.0,0.0,0.0,0.0,0.0,0.0,0.0,0.0,0.0,0.0,0,-107875648.0,69,0.0,138,0.0,2.6474893195377515e+23,0,26215,17087,39322,17104,52429,17084,0,0,0,70,68,100,-0.0,82.1,0.0,78.8,-0.0,79.0,1,49,50,180,52429,0,0,0,0.0,0.0,0.0,0.0,-0.0,67.0,0.0,162057.094,0.0,984,0,1015,0,0,0,956,0,1043,0,944,0,793,0,785,0,823,0,7520,0.032,2.5133688800429264e+20,0.0,0.0,784,16797,-0.0,162057.094,-114818.039,-0.0,0.133,6.909358625270745e+28,30.0,70.0,35,0.0,0.0,0.0,0.0,0.0,0.0,0.0,0.0,0.0,0.0,0.0,0.0,0.0,0.0,0.0,0.0,66.0,0,150,71,52,65476,0,300,0,0,8,20529,65476,0,0,44564,70.0,0.0,0.0,0.0,0.0,0.0
2026-09-10T21:06:29,ERR,ERR,ERR,ERR,ERR,ERR,ERR,ERR,ERR,ERR,ERR,ERR,ERR,ERR,ERR,ERR,ERR,ERR,ERR,ERR,ERR,ERR,ERR,ERR,ERR,ERR,ERR,ERR,ERR,ERR,ERR,ERR,ERR,ERR,ERR,ERR,ERR,ERR,ERR,ERR,ERR,ERR,ERR,ERR,ERR,ERR,ERR,ERR,ERR,ERR,ERR,ERR,ERR,ERR,ERR,ERR,ERR,ERR,ERR,ERR,ERR,ERR,ERR,ERR,ERR,ERR,ERR,ERR,ERR,ERR,ERR,ERR,ERR,ERR,ERR,ERR,ERR,ERR,ERR,ERR,ERR,ERR,ERR,ERR,ERR,ERR,ERR,ERR,ERR,ERR,ERR,ERR,ERR,ERR,ERR,ERR,ERR,ERR,ERR,ERR,ERR,ERR,ERR,ERR,ERR,ERR,ERR,ERR,ERR,ERR,ERR,ERR,ERR,ERR,ERR,ERR,ERR,ERR,ERR,ERR,ERR,ERR,ERR,ERR,ERR,0.0,2.7184303811560617e+23,-100794720.0,0.0,0.0,1.3936040501711995e+18,7.805,0.0,0,0,4,0,7116,0.0,100,0.0,0.0,0.0,0.0,0.0,0,0,0,0,0.0,0,0,0,0,0,0,0,0,0,0,0,0,0,0,0,0,0,0,0,0,0,0,0,0,0,0,0,0,0,0,0,0,0,31,40,40,71,65476,0,300,0,0,8,21553,0.0,-107605600.0,0.0,0.0,0.0,0.0,0.0,0.0,0.0,0.0,0.0,0.0,0.0,0.0,0.0,0.0,0.0,0.0,0.0,0.0,0.0,0.0,-0.0,-0.0,2.004,-0.0,0.0,0.0,0.0,0.0,4476.0,1.0406632763589053e+34,6926.0,0.0,2.7184303811560617e+23,-0.0,2.718428940004181e+23,0.0,0.0,0.0,0.0,69,0.0,5.848046968061515e+35,0.0,0.0,0.0,0.0,0.0,0.0,0.0,0,0,0,0.0,0.0,0.0,0.0,0.0,0.0,0.0,0.0,0.0,0.0,0.0,0.0,0.0,0.0,0.0,0.0,0,-107875648.0,69,0.0,138,0.0,2.6474893195377515e+23,0,26215,17087,39322,17104,52429,17084,0,0,0,70,68,100,-0.0,82.1,0.0,78.8,-0.0,79.0,1,49,50,180,52429,0,0,0,0.0,0.0,0.0,0.0,-0.0,67.0,0.0,162057.094,0.0,984,0,1015,0,0,0,956,0,1043,0,944,0,793,0,785,0,823,0,7520,0.032,2.5133688800429264e+20,0.0,0.0,784,16797,-0.0,162057.094,-114818.039,-0.0,0.133,6.909358625270745e+28,30.0,70.0,35,0.0,0.0,0.0,0.0,0.0,0.0,0.0,0.0,0.0,0.0,0.0,0.0,0.0,0.0,0.0,0.0,66.0,0,150,71,52,65476,0,300,0,0,8,20529,65476,0,0,44564,70.0,0.0,0.0,0.0,0.0,0.0
2026-09-10T21:06:30,ERR,ERR,ERR,ERR,ERR,ERR,ERR,ERR,ERR,ERR,ERR,ERR,ERR,ERR,ERR,ERR,ERR,ERR,ERR,ERR,ERR,ERR,ERR,ERR,ERR,ERR,ERR,ERR,ERR,ERR,ERR,ERR,ERR,ERR,ERR,ERR,ERR,ERR,ERR,ERR,ERR,ERR,ERR,ERR,ERR,ERR,ERR,ERR,ERR,ERR,ERR,ERR,ERR,ERR,ERR,ERR,ERR,ERR,ERR,ERR,ERR,ERR,ERR,ERR,ERR,ERR,ERR,ERR,ERR,ERR,ERR,ERR,ERR,ERR,ERR,ERR,ERR,ERR,ERR,ERR,ERR,ERR,ERR,ERR,ERR,ERR,ERR,ERR,ERR,ERR,ERR,ERR,ERR,ERR,ERR,ERR,ERR,ERR,ERR,ERR,ERR,ERR,ERR,ERR,ERR,ERR,ERR,ERR,ERR,ERR,ERR,ERR,ERR,ERR,ERR,ERR,ERR,ERR,ERR,ERR,ERR,ERR,ERR,ERR,ERR,0.0,2.7184303811560617e+23,-100794720.0,0.0,0.0,1.3936040501711995e+18,7.805,0.0,0,0,4,0,7116,0.0,100,0.0,0.0,0.0,0.0,0.0,0,0,0,0,0.0,0,0,0,0,0,0,0,0,0,0,0,0,0,0,0,0,0,0,0,0,0,0,0,0,0,0,0,0,0,0,0,0,0,31,40,40,71,65476,0,300,0,0,8,21553,0.0,-107605600.0,0.0,0.0,0.0,0.0,0.0,0.0,0.0,0.0,0.0,0.0,0.0,0.0,0.0,0.0,0.0,0.0,0.0,0.0,0.0,0.0,-2.004,-0.0,2.004,-0.0,0.0,0.0,0.0,0.0,4473.0,2.4229830046158873e+24,6925.0,0.0,2.7184303811560617e+23,-0.0,2.718428940004181e+23,0.0,0.0,0.0,0.0,69,0.0,5.848046968061515e+35,0.0,0.0,0.0,0.0,0.0,0.0,0.0,0,0,0,0.0,0.0,0.0,0.0,0.0,0.0,0.0,0.0,0.0,0.0,0.0,0.0,0.0,0.0,0.0,0.0,0,-107875648.0,69,0.0,138,0.0,0.0,0,26215,17087,39322,17104,52429,17084,0,0,0,70,68,100,-0.0,82.1,0.0,78.8,-0.0,79.0,1,49,50,180,52429,0,0,0,0.0,0.0,0.0,0.0,-0.0,67.0,0.0,162057.094,0.0,984,0,1015,0,0,0,956,0,1043,0,944,0,793,0,785,0,823,0,7520,0.032,2.5133688800429264e+20,0.0,0.0,784,16797,-0.0,162057.094,-114818.039,-0.0,0.133,6.909358625270745e+28,30.0,70.0,35,0.0,0.0,0.0,0.0,0.0,0.0,0.0,0.0,0.0,0.0,0.0,0.0,0.0,0.0,0.0,0.0,66.0,0,150,71,52,65476,0,300,0,0,8,20529,65476,0,0,44564,70.0,0.0,0.0,0.0,0.0,0.0
2026-09-10T21:06:31,ERR,ERR,ERR,ERR,ERR,ERR,ERR,ERR,ERR,ERR,ERR,ERR,ERR,ERR,ERR,ERR,ERR,ERR,ERR,ERR,ERR,ERR,ERR,ERR,ERR,ERR,ERR,ERR,ERR,ERR,ERR,ERR,ERR,ERR,ERR,ERR,ERR,ERR,ERR,ERR,ERR,ERR,ERR,ERR,ERR,ERR,ERR,ERR,ERR,ERR,ERR,ERR,ERR,ERR,ERR,ERR,ERR,ERR,ERR,ERR,ERR,ERR,ERR,ERR,ERR,ERR,ERR,ERR,ERR,ERR,ERR,ERR,ERR,ERR,ERR,ERR,ERR,ERR,ERR,ERR,ERR,ERR,ERR,ERR,ERR,ERR,ERR,ERR,ERR,ERR,ERR,ERR,ERR,ERR,ERR,ERR,ERR,ERR,ERR,ERR,ERR,ERR,ERR,ERR,ERR,ERR,ERR,ERR,ERR,ERR,ERR,ERR,ERR,ERR,ERR,ERR,ERR,ERR,ERR,ERR,ERR,ERR,ERR,ERR,ERR,0.0,2.7184303811560617e+23,-100794720.0,0.0,0.0,1.3936040501711995e+18,7.805,0.0,0,0,4,0,7116,0.0,100,0.0,0.0,0.0,0.0,0.0,0,0,0,0,0.0,0,0,0,0,0,0,0,0,0,0,0,0,0,0,0,0,0,0,0,0,0,0,0,0,0,0,0,0,0,0,0,0,0,31,40,40,71,65476,0,300,0,0,8,21553,0.0,-107605600.0,0.0,0.0,0.0,0.0,0.0,0.0,0.0,0.0,0.0,0.0,0.0,0.0,0.0,0.0,0.0,0.0,0.0,0.0,0.0,0.0,-2.004,-0.0,2.004,-0.0,0.0,0.0,0.0,0.0,4473.0,2.4229830046158873e+24,6925.0,0.0,2.7184303811560617e+23,-0.0,2.718428940004181e+23,0.0,0.0,0.0,0.0,69,0.0,5.848046968061515e+35,0.0,0.0,0.0,0.0,0.0,0.0,0.0,0,0,0,0.0,0.0,0.0,0.0,0.0,0.0,0.0,0.0,0.0,0.0,0.0,0.0,0.0,0.0,0.0,0.0,0,-107875648.0,69,0.0,138,0.0,0.0,0,26215,17087,39322,17104,52429,17084,0,0,0,70,68,100,-0.0,82.1,0.0,78.8,-0.0,79.0,1,49,50,180,52429,0,0,0,0.0,0.0,0.0,0.0,-0.0,67.0,0.0,162057.094,0.0,984,0,1015,0,0,0,956,0,1043,0,944,0,793,0,785,0,823,0,7520,0.032,2.5133688800429264e+20,0.0,0.0,784,16797,-0.0,162057.094,-114818.039,-0.0,0.133,6.909358625270745e+28,30.0,70.0,35,0.0,0.0,0.0,0.0,0.0,0.0,0.0,0.0,0.0,0.0,0.0,0.0,0.0,0.0,0.0,0.0,66.0,0,150,71,52,65476,0,300,0,0,8,20529,65476,0,0,44564,70.0,0.0,0.0,0.0,0.0,0.0
2026-09-10T21:06:32,ERR,ERR,ERR,ERR,ERR,ERR,ERR,ERR,ERR,ERR,ERR,ERR,ERR,ERR,ERR,ERR,ERR,ERR,ERR,ERR,ERR,ERR,ERR,ERR,ERR,ERR,ERR,ERR,ERR,ERR,ERR,ERR,ERR,ERR,ERR,ERR,ERR,ERR,ERR,ERR,ERR,ERR,ERR,ERR,ERR,ERR,ERR,ERR,ERR,ERR,ERR,ERR,ERR,ERR,ERR,ERR,ERR,ERR,ERR,ERR,ERR,ERR,ERR,ERR,ERR,ERR,ERR,ERR,ERR,ERR,ERR,ERR,ERR,ERR,ERR,ERR,ERR,ERR,ERR,ERR,ERR,ERR,ERR,ERR,ERR,ERR,ERR,ERR,ERR,ERR,ERR,ERR,ERR,ERR,ERR,ERR,ERR,ERR,ERR,ERR,ERR,ERR,ERR,ERR,ERR,ERR,ERR,ERR,ERR,ERR,ERR,ERR,ERR,ERR,ERR,ERR,ERR,ERR,ERR,ERR,ERR,ERR,ERR,ERR,ERR,0.0,2.7184303811560617e+23,-100794720.0,0.0,0.0,1.3936040501711995e+18,7.805,0.0,0,0,4,0,7116,0.0,100,0.0,0.0,0.0,0.0,0.0,0,0,0,0,0.0,0,0,0,0,0,0,0,0,0,0,0,0,0,0,0,0,0,0,0,0,0,0,0,0,0,0,0,0,0,0,0,0,0,31,40,40,71,65476,0,300,0,0,8,21553,0.0,-107605600.0,0.0,0.0,0.0,0.0,0.0,0.0,0.0,0.0,0.0,0.0,0.0,0.0,0.0,0.0,0.0,0.0,0.0,0.0,0.0,0.0,-2.004,-0.0,2.004,-0.0,0.0,0.0,0.0,0.0,4473.0,2.4229830046158873e+24,6925.0,0.0,2.7184303811560617e+23,-0.0,2.718428940004181e+23,0.0,0.0,0.0,0.0,69,0.0,5.848046968061515e+35,0.0,0.0,0.0,0.0,0.0,0.0,0.0,0,0,0,0.0,0.0,0.0,0.0,0.0,0.0,0.0,0.0,0.0,0.0,0.0,0.0,0.0,0.0,0.0,0.0,0,-107875648.0,69,0.0,138,0.0,0.0,0,13107,17087,39322,17104,39322,17084,0,0,0,70,68,100,-0.0,82.1,0.0,78.8,-0.0,79.0,1,49,50,180,39322,0,0,0,0.0,0.0,0.0,0.0,-0.0,67.0,0.0,162057.094,0.0,983,0,1015,0,0,0,956,0,1043,0,943,0,793,0,785,0,823,0,7520,0.032,2.524898095088995e+20,0.0,0.0,784,16797,-0.0,162057.094,-114818.039,-0.0,0.133,6.909358625270745e+28,30.0,70.0,35,0.0,0.0,0.0,0.0,0.0,0.0,0.0,0.0,0.0,0.0,0.0,0.0,0.0,0.0,0.0,0.0,66.0,0,150,71,52,65476,0,300,0,0,8,20529,65476,0,0,44564,70.0,0.0,0.0,0.0,0.0,0.0
2026-09-10T21:06:33,ERR,ERR,ERR,ERR,ERR,ERR,ERR,ERR,ERR,ERR,ERR,ERR,ERR,ERR,ERR,ERR,ERR,ERR,ERR,ERR,ERR,ERR,ERR,ERR,ERR,ERR,ERR,ERR,ERR,ERR,ERR,ERR,ERR,ERR,ERR,ERR,ERR,ERR,ERR,ERR,ERR,ERR,ERR,ERR,ERR,ERR,ERR,ERR,ERR,ERR,ERR,ERR,ERR,ERR,ERR,ERR,ERR,ERR,ERR,ERR,ERR,ERR,ERR,ERR,ERR,ERR,ERR,ERR,ERR,ERR,ERR,ERR,ERR,ERR,ERR,ERR,ERR,ERR,ERR,ERR,ERR,ERR,ERR,ERR,ERR,ERR,ERR,ERR,ERR,ERR,ERR,ERR,ERR,ERR,ERR,ERR,ERR,ERR,ERR,ERR,ERR,ERR,ERR,ERR,ERR,ERR,ERR,ERR,ERR,ERR,ERR,ERR,ERR,ERR,ERR,ERR,ERR,ERR,ERR,ERR,ERR,ERR,ERR,ERR,ERR,0.0,2.7184303811560617e+23,-100794720.0,0.0,0.0,1.3936040501711995e+18,7.805,0.0,0,0,4,0,7116,0.0,100,0.0,0.0,0.0,0.0,0.0,0,0,0,0,0.0,0,0,0,0,0,0,0,0,0,0,0,0,0,0,0,0,0,0,0,0,0,0,0,0,0,0,0,0,0,0,0,0,0,31,40,40,71,65476,0,300,0,0,8,21553,0.0,-107605600.0,0.0,0.0,0.0,0.0,0.0,0.0,0.0,0.0,0.0,0.0,0.0,0.0,0.0,0.0,0.0,0.0,0.0,0.0,0.0,0.0,-2.004,-0.0,2.004,-0.0,0.0,0.0,0.0,0.0,4473.0,2.4229830046158873e+24,6925.0,0.0,2.7184303811560617e+23,-0.0,2.718428940004181e+23,0.0,0.0,0.0,0.0,69,0.0,5.848046968061515e+35,0.0,0.0,0.0,0.0,0.0,0.0,0.0,0,0,0,0.0,0.0,0.0,0.0,0.0,0.0,0.0,0.0,0.0,0.0,0.0,0.0,0.0,0.0,0.0,0.0,0,-107875648.0,69,0.0,138,0.0,0.0,0,13107,17087,39322,17104,39322,17084,0,0,0,70,68,100,-0.0,82.1,0.0,78.8,-0.0,79.0,1,49,50,180,39322,0,0,0,0.0,0.0,0.0,0.0,-0.0,67.0,0.0,162057.094,0.0,983,0,1015,0,0,0,956,0,1043,0,943,0,793,0,785,0,823,0,7520,0.032,2.524898095088995e+20,0.0,0.0,784,16797,-0.0,162057.094,-114818.039,-0.0,0.133,6.909358625270745e+28,30.0,70.0,35,0.0,0.0,0.0,0.0,0.0,0.0,0.0,0.0,0.0,0.0,0.0,0.0,0.0,0.0,0.0,0.0,66.0,0,150,71,52,65476,0,300,0,0,8,20529,65476,0,0,44564,70.0,0.0,0.0,0.0,0.0,0.0
2026-09-10T21:06:34,ERR,ERR,ERR,ERR,ERR,ERR,ERR,ERR,ERR,ERR,ERR,ERR,ERR,ERR,ERR,ERR,ERR,ERR,ERR,ERR,ERR,ERR,ERR,ERR,ERR,ERR,ERR,ERR,ERR,ERR,ERR,ERR,ERR,ERR,ERR,ERR,ERR,ERR,ERR,ERR,ERR,ERR,ERR,ERR,ERR,ERR,ERR,ERR,ERR,ERR,ERR,ERR,ERR,ERR,ERR,ERR,ERR,ERR,ERR,ERR,ERR,ERR,ERR,ERR,ERR,ERR,ERR,ERR,ERR,ERR,ERR,ERR,ERR,ERR,ERR,ERR,ERR,ERR,ERR,ERR,ERR,ERR,ERR,ERR,ERR,ERR,ERR,ERR,ERR,ERR,ERR,ERR,ERR,ERR,ERR,ERR,ERR,ERR,ERR,ERR,ERR,ERR,ERR,ERR,ERR,ERR,ERR,ERR,ERR,ERR,ERR,ERR,ERR,ERR,ERR,ERR,ERR,ERR,ERR,ERR,ERR,ERR,ERR,ERR,ERR,0.0,2.7184303811560617e+23,-100794720.0,0.0,0.0,1.3936040501711995e+18,7.805,0.0,0,0,4,0,7116,0.0,100,0.0,0.0,0.0,0.0,0.0,0,0,0,0,0.0,0,0,0,0,0,0,0,0,0,0,0,0,0,0,0,0,0,0,0,0,0,0,0,0,0,0,0,0,0,0,0,0,0,31,40,40,71,65476,0,300,0,0,8,21553,0.0,-107605600.0,0.0,0.0,0.0,0.0,0.0,0.0,0.0,0.0,0.0,0.0,0.0,0.0,0.0,0.0,0.0,0.0,0.0,0.0,0.0,0.0,-2.004,-0.0,2.004,-0.0,0.0,0.0,0.0,0.0,4473.0,2.4229830046158873e+24,6925.0,0.0,2.7184303811560617e+23,-0.0,2.718428940004181e+23,0.0,0.0,0.0,0.0,69,0.0,5.848046968061515e+35,0.0,0.0,0.0,0.0,0.0,0.0,0.0,0,0,0,0.0,0.0,0.0,0.0,0.0,0.0,0.0,0.0,0.0,0.0,0.0,0.0,0.0,0.0,0.0,0.0,0,-107875648.0,69,0.0,138,0.0,0.0,0,13107,17087,39322,17104,39322,17084,0,0,0,70,68,100,-0.0,82.1,0.0,78.8,-0.0,79.0,1,49,50,180,39322,0,0,0,0.0,0.0,0.0,0.0,-0.0,67.0,0.0,162057.094,0.0,983,0,1015,0,0,0,956,0,1043,0,943,0,793,0,785,0,823,0,7520,0.032,2.524898095088995e+20,0.0,0.0,784,16797,-0.0,162057.094,-114818.039,-0.0,0.133,6.909358625270745e+28,30.0,70.0,35,0.0,0.0,0.0,0.0,0.0,0.0,0.0,0.0,0.0,0.0,0.0,0.0,0.0,0.0,0.0,0.0,66.0,0,150,71,52,65476,0,300,0,0,8,20529,65476,0,0,44564,70.0,0.0,0.0,0.0,0.0,0.0
2026-09-10T21:06:35,ERR,ERR,ERR,ERR,ERR,ERR,ERR,ERR,ERR,ERR,ERR,ERR,ERR,ERR,ERR,ERR,ERR,ERR,ERR,ERR,ERR,ERR,ERR,ERR,ERR,ERR,ERR,ERR,ERR,ERR,ERR,ERR,ERR,ERR,ERR,ERR,ERR,ERR,ERR,ERR,ERR,ERR,ERR,ERR,ERR,ERR,ERR,ERR,ERR,ERR,ERR,ERR,ERR,ERR,ERR,ERR,ERR,ERR,ERR,ERR,ERR,ERR,ERR,ERR,ERR,ERR,ERR,ERR,ERR,ERR,ERR,ERR,ERR,ERR,ERR,ERR,ERR,ERR,ERR,ERR,ERR,ERR,ERR,ERR,ERR,ERR,ERR,ERR,ERR,ERR,ERR,ERR,ERR,ERR,ERR,ERR,ERR,ERR,ERR,ERR,ERR,ERR,ERR,ERR,ERR,ERR,ERR,ERR,ERR,ERR,ERR,ERR,ERR,ERR,ERR,ERR,ERR,ERR,ERR,ERR,ERR,ERR,ERR,ERR,ERR,0.0,2.7184303811560617e+23,-100794720.0,0.0,0.0,1.3936040501711995e+18,7.805,0.0,0,0,4,0,7116,0.0,100,0.0,0.0,0.0,0.0,0.0,0,0,0,0,0.0,0,0,0,0,0,0,0,0,0,0,0,0,0,0,0,0,0,0,0,0,0,0,0,0,0,0,0,0,0,0,0,0,0,31,40,40,71,65476,0,300,0,0,8,21553,0.0,-107605600.0,0.0,0.0,0.0,0.0,0.0,0.0,0.0,0.0,0.0,0.0,0.0,0.0,0.0,0.0,0.0,0.0,0.0,0.0,0.0,0.0,-2.004,-0.0,2.004,-0.0,0.0,0.0,0.0,0.0,4473.0,2.4229830046158873e+24,6925.0,0.0,2.7184303811560617e+23,-0.0,2.718428940004181e+23,0.0,0.0,0.0,0.0,69,0.0,5.848046968061515e+35,0.0,0.0,0.0,0.0,0.0,0.0,0.0,0,0,0,0.0,0.0,0.0,0.0,0.0,0.0,0.0,0.0,0.0,0.0,0.0,0.0,0.0,0.0,0.0,0.0,0,-107875648.0,69,0.0,138,0.0,0.0,0,13107,17087,39322,17104,39322,17084,0,0,0,70,68,100,-0.0,82.1,0.0,78.8,-0.0,79.0,1,49,50,180,39322,0,0,0,0.0,0.0,0.0,0.0,-0.0,67.0,0.0,162057.094,0.0,983,0,1015,0,0,0,956,0,1043,0,943,0,793,0,785,0,823,0,7520,0.032,2.524898095088995e+20,0.0,0.0,784,16797,-0.0,162057.094,-114818.039,-0.0,0.133,6.909358625270745e+28,30.0,70.0,35,0.0,0.0,0.0,0.0,0.0,0.0,0.0,0.0,0.0,0.0,0.0,0.0,0.0,0.0,0.0,0.0,66.0,0,150,71,52,65476,0,300,0,0,8,20529,65476,0,0,44564,70.0,0.0,0.0,0.0,0.0,0.0
2026-09-10T21:06:36,ERR,ERR,ERR,ERR,ERR,ERR,ERR,ERR,ERR,ERR,ERR,ERR,ERR,ERR,ERR,ERR,ERR,ERR,ERR,ERR,ERR,ERR,ERR,ERR,ERR,ERR,ERR,ERR,ERR,ERR,ERR,ERR,ERR,ERR,ERR,ERR,ERR,ERR,ERR,ERR,ERR,ERR,ERR,ERR,ERR,ERR,ERR,ERR,ERR,ERR,ERR,ERR,ERR,ERR,ERR,ERR,ERR,ERR,ERR,ERR,ERR,ERR,ERR,ERR,ERR,ERR,ERR,ERR,ERR,ERR,ERR,ERR,ERR,ERR,ERR,ERR,ERR,ERR,ERR,ERR,ERR,ERR,ERR,ERR,ERR,ERR,ERR,ERR,ERR,ERR,ERR,ERR,ERR,ERR,ERR,ERR,ERR,ERR,ERR,ERR,ERR,ERR,ERR,ERR,ERR,ERR,ERR,ERR,ERR,ERR,ERR,ERR,ERR,ERR,ERR,ERR,ERR,ERR,ERR,ERR,ERR,ERR,ERR,ERR,ERR,0.0,2.7184303811560617e+23,-100794720.0,0.0,0.0,1.3936040501711995e+18,7.805,0.0,0,0,4,0,7116,0.0,100,0.0,0.0,0.0,0.0,0.0,0,0,0,0,0.0,0,0,0,0,0,0,0,0,0,0,0,0,0,0,0,0,0,0,0,0,0,0,0,0,0,0,0,0,0,0,0,0,0,31,40,40,71,65476,0,300,0,0,8,21553,0.0,-107605600.0,0.0,0.0,0.0,0.0,0.0,0.0,0.0,0.0,0.0,0.0,0.0,0.0,0.0,0.0,0.0,0.0,0.0,0.0,0.0,0.0,-2.004,-0.0,-0.0,-0.0,0.0,0.0,0.0,0.0,4467.0,2.4229830046158873e+24,6925.0,0.0,-0.0,-0.0,2.718428940004181e+23,0.0,0.0,0.0,0.0,69,-4.0668816144241325e+29,4.066845346649544e+29,0.0,0.0,0.0,0.0,0.0,0.0,0.0,0,0,0,0.0,0.0,0.0,0.0,0.0,0.0,0.0,0.0,0.0,0.0,0.0,0.0,0.0,0.0,0.0,0.0,0,-107875648.0,69,0.0,138,0.0,2.6474893195377515e+23,0,13107,17087,39322,17104,39322,17084,0,0,0,70,68,100,-0.0,82.1,0.0,78.8,-0.0,79.0,1,49,50,180,39322,0,0,0,0.0,0.0,0.0,0.0,-0.0,67.0,0.0,162057.094,0.0,983,0,1016,0,0,0,956,0,1043,0,943,0,793,0,786,0,823,0,7520,0.032,2.524898095088995e+20,0.0,0.0,784,16797,-0.0,162057.094,-114818.039,-0.0,0.133,6.909358625270745e+28,30.0,70.0,35,0.0,0.0,0.0,0.0,0.0,0.0,0.0,0.0,0.0,0.0,0.0,0.0,0.0,0.0,0.0,0.0,66.0,0,150,71,52,65476,0,300,0,0,8,20529,65476,0,0,44564,70.0,0.0,0.0,0.0,0.0,0.0
2026-09-10T21:06:37,ERR,ERR,ERR,ERR,ERR,ERR,ERR,ERR,ERR,ERR,ERR,ERR,ERR,ERR,ERR,ERR,ERR,ERR,ERR,ERR,ERR,ERR,ERR,ERR,ERR,ERR,ERR,ERR,ERR,ERR,ERR,ERR,ERR,ERR,ERR,ERR,ERR,ERR,ERR,ERR,ERR,ERR,ERR,ERR,ERR,ERR,ERR,ERR,ERR,ERR,ERR,ERR,ERR,ERR,ERR,ERR,ERR,ERR,ERR,ERR,ERR,ERR,ERR,ERR,ERR,ERR,ERR,ERR,ERR,ERR,ERR,ERR,ERR,ERR,ERR,ERR,ERR,ERR,ERR,ERR,ERR,ERR,ERR,ERR,ERR,ERR,ERR,ERR,ERR,ERR,ERR,ERR,ERR,ERR,ERR,ERR,ERR,ERR,ERR,ERR,ERR,ERR,ERR,ERR,ERR,ERR,ERR,ERR,ERR,ERR,ERR,ERR,ERR,ERR,ERR,ERR,ERR,ERR,ERR,ERR,ERR,ERR,ERR,ERR,ERR,0.0,2.7184303811560617e+23,-100794720.0,0.0,0.0,1.3936040501711995e+18,7.805,0.0,0,0,4,0,7116,0.0,100,0.0,0.0,0.0,0.0,0.0,0,0,0,0,0.0,0,0,0,0,0,0,0,0,0,0,0,0,0,0,0,0,0,0,0,0,0,0,0,0,0,0,0,0,0,0,0,0,0,31,40,40,71,65476,0,300,0,0,8,21553,0.0,-107605600.0,0.0,0.0,0.0,0.0,0.0,0.0,0.0,0.0,0.0,0.0,0.0,0.0,0.0,0.0,0.0,0.0,0.0,0.0,0.0,0.0,-2.004,-0.0,-0.0,-0.0,0.0,0.0,0.0,0.0,4467.0,2.4229830046158873e+24,6925.0,0.0,-0.0,-0.0,2.718428940004181e+23,0.0,0.0,0.0,0.0,69,-4.0668816144241325e+29,4.066845346649544e+29,0.0,0.0,0.0,0.0,0.0,0.0,0.0,0,0,0,0.0,0.0,0.0,0.0,0.0,0.0,0.0,0.0,0.0,0.0,0.0,0.0,0.0,0.0,0.0,0.0,0,-107875648.0,69,0.0,138,0.0,2.6474893195377515e+23,0,13107,17087,39322,17104,39322,17084,0,0,0,70,68,100,-0.0,82.1,0.0,78.8,-0.0,79.0,1,49,50,180,39322,0,0,0,0.0,0.0,0.0,0.0,-0.0,67.0,0.0,162057.094,0.0,983,0,1016,0,0,0,956,0,1043,0,943,0,793,0,786,0,823,0,7520,0.032,2.524898095088995e+20,0.0,0.0,784,16797,-0.0,162057.094,-114818.039,-0.0,0.133,6.909358625270745e+28,30.0,70.0,35,0.0,0.0,0.0,0.0,0.0,0.0,0.0,0.0,0.0,0.0,0.0,0.0,0.0,0.0,0.0,0.0,66.0,0,150,71,52,65476,0,300,0,0,8,20529,65476,0,0,44564,70.0,0.0,0.0,0.0,0.0,0.0
2026-09-10T21:06:38,ERR,ERR,ERR,ERR,ERR,ERR,ERR,ERR,ERR,ERR,ERR,ERR,ERR,ERR,ERR,ERR,ERR,ERR,ERR,ERR,ERR,ERR,ERR,ERR,ERR,ERR,ERR,ERR,ERR,ERR,ERR,ERR,ERR,ERR,ERR,ERR,ERR,ERR,ERR,ERR,ERR,ERR,ERR,ERR,ERR,ERR,ERR,ERR,ERR,ERR,ERR,ERR,ERR,ERR,ERR,ERR,ERR,ERR,ERR,ERR,ERR,ERR,ERR,ERR,ERR,ERR,ERR,ERR,ERR,ERR,ERR,ERR,ERR,ERR,ERR,ERR,ERR,ERR,ERR,ERR,ERR,ERR,ERR,ERR,ERR,ERR,ERR,ERR,ERR,ERR,ERR,ERR,ERR,ERR,ERR,ERR,ERR,ERR,ERR,ERR,ERR,ERR,ERR,ERR,ERR,ERR,ERR,ERR,ERR,ERR,ERR,ERR,ERR,ERR,ERR,ERR,ERR,ERR,ERR,ERR,ERR,ERR,ERR,ERR,ERR,0.0,2.7184303811560617e+23,-100794720.0,0.0,0.0,1.3936040501711995e+18,7.805,0.0,0,0,4,0,7116,0.0,100,0.0,0.0,0.0,0.0,0.0,0,0,0,0,0.0,0,0,0,0,0,0,0,0,0,0,0,0,0,0,0,0,0,0,0,0,0,0,0,0,0,0,0,0,0,0,0,0,0,31,40,40,71,65476,0,300,0,0,8,21553,0.0,-107605600.0,0.0,0.0,0.0,0.0,0.0,0.0,0.0,0.0,0.0,0.0,0.0,0.0,0.0,0.0,0.0,0.0,0.0,0.0,0.0,0.0,-2.004,-0.0,-0.0,-0.0,0.0,0.0,0.0,0.0,4467.0,2.4229830046158873e+24,6925.0,0.0,-0.0,-0.0,2.718428940004181e+23,0.0,0.0,0.0,0.0,69,-4.0668816144241325e+29,4.066845346649544e+29,0.0,0.0,0.0,0.0,0.0,0.0,0.0,0,0,0,0.0,0.0,0.0,0.0,0.0,0.0,0.0,0.0,0.0,0.0,0.0,0.0,0.0,0.0,0.0,0.0,0,-107875648.0,69,0.0,138,0.0,2.6474893195377515e+23,0,13107,17087,39322,17104,39322,17084,0,0,0,70,68,100,-0.0,82.1,0.0,78.8,-0.0,79.0,1,49,50,180,39322,0,0,0,0.0,0.0,0.0,0.0,-0.0,67.0,0.0,162057.094,0.0,983,0,1016,0,0,0,956,0,1043,0,943,0,793,0,786,0,823,0,7520,0.032,2.524898095088995e+20,0.0,0.0,784,16797,-0.0,162057.094,-114818.039,-0.0,0.133,6.909358625270745e+28,30.0,70.0,35,0.0,0.0,0.0,0.0,0.0,0.0,0.0,0.0,0.0,0.0,0.0,0.0,0.0,0.0,0.0,0.0,66.0,0,150,71,52,65476,0,300,0,0,8,20529,65476,0,0,44564,70.0,0.0,0.0,0.0,0.0,0.0
2026-09-10T21:06:39,ERR,ERR,ERR,ERR,ERR,ERR,ERR,ERR,ERR,ERR,ERR,ERR,ERR,ERR,ERR,ERR,ERR,ERR,ERR,ERR,ERR,ERR,ERR,ERR,ERR,ERR,ERR,ERR,ERR,ERR,ERR,ERR,ERR,ERR,ERR,ERR,ERR,ERR,ERR,ERR,ERR,ERR,ERR,ERR,ERR,ERR,ERR,ERR,ERR,ERR,ERR,ERR,ERR,ERR,ERR,ERR,ERR,ERR,ERR,ERR,ERR,ERR,ERR,ERR,ERR,ERR,ERR,ERR,ERR,ERR,ERR,ERR,ERR,ERR,ERR,ERR,ERR,ERR,ERR,ERR,ERR,ERR,ERR,ERR,ERR,ERR,ERR,ERR,ERR,ERR,ERR,ERR,ERR,ERR,ERR,ERR,ERR,ERR,ERR,ERR,ERR,ERR,ERR,ERR,ERR,ERR,ERR,ERR,ERR,ERR,ERR,ERR,ERR,ERR,ERR,ERR,ERR,ERR,ERR,ERR,ERR,ERR,ERR,ERR,ERR,0.0,2.7184303811560617e+23,-100794720.0,0.0,0.0,1.3936040501711995e+18,7.805,0.0,0,0,4,0,7116,0.0,100,0.0,0.0,0.0,0.0,0.0,0,0,0,0,0.0,0,0,0,0,0,0,0,0,0,0,0,0,0,0,0,0,0,0,0,0,0,0,0,0,0,0,0,0,0,0,0,0,0,31,40,40,71,65476,0,300,0,0,8,21553,0.0,-107605600.0,0.0,0.0,0.0,0.0,0.0,0.0,0.0,0.0,0.0,0.0,0.0,0.0,0.0,0.0,0.0,0.0,0.0,0.0,0.0,0.0,-2.004,-0.0,-0.0,-0.0,0.0,0.0,0.0,0.0,4467.0,2.4229830046158873e+24,6925.0,0.0,-0.0,-0.0,2.718428940004181e+23,0.0,0.0,0.0,0.0,69,-4.0668816144241325e+29,4.066845346649544e+29,0.0,0.0,0.0,0.0,0.0,0.0,0.0,0,0,0,0.0,0.0,0.0,0.0,0.0,0.0,0.0,0.0,0.0,0.0,0.0,0.0,0.0,0.0,0.0,0.0,0,-107875648.0,69,0.0,138,0.0,2.6474893195377515e+23,0,13107,17087,39322,17104,39322,17084,0,0,0,70,68,100,-0.0,82.1,0.0,78.8,-0.0,79.0,1,49,50,180,39322,0,0,0,0.0,0.0,0.0,0.0,-0.0,67.0,0.0,162057.094,0.0,983,0,1016,0,0,0,956,0,1043,0,943,0,793,0,786,0,823,0,7520,0.032,2.524898095088995e+20,0.0,0.0,784,16797,-0.0,162057.094,-114818.039,-0.0,0.133,6.909358625270745e+28,30.0,70.0,35,0.0,0.0,0.0,0.0,0.0,0.0,0.0,0.0,0.0,0.0,0.0,0.0,0.0,0.0,0.0,0.0,66.0,0,150,71,52,65476,0,300,0,0,8,20529,65476,0,0,44564,70.0,0.0,0.0,0.0,0.0,0.0
2026-09-10T21:06:40,ERR,ERR,ERR,ERR,ERR,ERR,ERR,ERR,ERR,ERR,ERR,ERR,ERR,ERR,ERR,ERR,ERR,ERR,ERR,ERR,ERR,ERR,ERR,ERR,ERR,ERR,ERR,ERR,ERR,ERR,ERR,ERR,ERR,ERR,ERR,ERR,ERR,ERR,ERR,ERR,ERR,ERR,ERR,ERR,ERR,ERR,ERR,ERR,ERR,ERR,ERR,ERR,ERR,ERR,ERR,ERR,ERR,ERR,ERR,ERR,ERR,ERR,ERR,ERR,ERR,ERR,ERR,ERR,ERR,ERR,ERR,ERR,ERR,ERR,ERR,ERR,ERR,ERR,ERR,ERR,ERR,ERR,ERR,ERR,ERR,ERR,ERR,ERR,ERR,ERR,ERR,ERR,ERR,ERR,ERR,ERR,ERR,ERR,ERR,ERR,ERR,ERR,ERR,ERR,ERR,ERR,ERR,ERR,ERR,ERR,ERR,ERR,ERR,ERR,ERR,ERR,ERR,ERR,ERR,ERR,ERR,ERR,ERR,ERR,ERR,0.0,2.7184303811560617e+23,-100794720.0,0.0,0.0,1.3936040501711995e+18,7.805,0.0,0,0,4,0,7116,0.0,100,0.0,0.0,0.0,0.0,0.0,0,0,0,0,0.0,0,0,0,0,0,0,0,0,0,0,0,0,0,0,0,0,0,0,0,0,0,0,0,0,0,0,0,0,0,0,0,0,0,31,40,40,71,65476,0,300,0,0,8,21553,0.0,-107605600.0,0.0,0.0,0.0,0.0,0.0,0.0,0.0,0.0,0.0,0.0,0.0,0.0,0.0,0.0,0.0,0.0,0.0,0.0,0.0,0.0,-2.004,-0.0,-0.0,-0.0,0.0,0.0,0.0,0.0,4467.0,2.4229830046158873e+24,6925.0,0.0,-0.0,-0.0,2.718428940004181e+23,0.0,0.0,0.0,0.0,69,-4.0668816144241325e+29,4.066845346649544e+29,0.0,0.0,0.0,0.0,0.0,0.0,0.0,0,0,0,0.0,0.0,0.0,0.0,0.0,0.0,0.0,0.0,0.0,0.0,0.0,0.0,0.0,0.0,0.0,0.0,0,-107875648.0,69,0.0,138,0.0,2.6474893195377515e+23,0,13107,17087,39322,17104,39322,17084,0,0,0,70,68,100,-0.0,82.0,0.0,78.8,-0.0,79.0,1,49,50,180,39322,0,0,0,0.0,0.0,0.0,0.0,-0.0,67.0,0.0,162057.094,0.0,983,0,1015,0,0,0,957,0,1043,0,943,0,793,0,785,0,823,0,7520,0.032,2.5133688800429264e+20,0.0,0.0,784,16797,-0.0,162057.094,-114818.039,-0.0,0.133,6.909358625270745e+28,30.0,70.0,35,0.0,0.0,0.0,0.0,0.0,0.0,0.0,0.0,0.0,0.0,0.0,0.0,0.0,0.0,0.0,0.0,66.0,0,150,71,52,65476,0,300,0,0,8,20529,65476,0,0,44564,70.0,0.0,0.0,0.0,0.0,0.0
2026-09-10T21:06:41,ERR,ERR,ERR,ERR,ERR,ERR,ERR,ERR,ERR,ERR,ERR,ERR,ERR,ERR,ERR,ERR,ERR,ERR,ERR,ERR,ERR,ERR,ERR,ERR,ERR,ERR,ERR,ERR,ERR,ERR,ERR,ERR,ERR,ERR,ERR,ERR,ERR,ERR,ERR,ERR,ERR,ERR,ERR,ERR,ERR,ERR,ERR,ERR,ERR,ERR,ERR,ERR,ERR,ERR,ERR,ERR,ERR,ERR,ERR,ERR,ERR,ERR,ERR,ERR,ERR,ERR,ERR,ERR,ERR,ERR,ERR,ERR,ERR,ERR,ERR,ERR,ERR,ERR,ERR,ERR,ERR,ERR,ERR,ERR,ERR,ERR,ERR,ERR,ERR,ERR,ERR,ERR,ERR,ERR,ERR,ERR,ERR,ERR,ERR,ERR,ERR,ERR,ERR,ERR,ERR,ERR,ERR,ERR,ERR,ERR,ERR,ERR,ERR,ERR,ERR,ERR,ERR,ERR,ERR,ERR,ERR,ERR,ERR,ERR,ERR,0.0,2.7184303811560617e+23,-100794720.0,0.0,0.0,1.3936040501711995e+18,7.805,0.0,0,0,4,0,7116,0.0,100,0.0,0.0,0.0,0.0,0.0,0,0,0,0,0.0,0,0,0,0,0,0,0,0,0,0,0,0,0,0,0,0,0,0,0,0,0,0,0,0,0,0,0,0,0,0,0,0,0,31,40,40,71,65476,0,300,0,0,8,21553,0.0,-107605600.0,0.0,0.0,0.0,0.0,0.0,0.0,0.0,0.0,0.0,0.0,0.0,0.0,0.0,0.0,0.0,0.0,0.0,0.0,0.0,0.0,-2.004,-0.0,-0.0,-0.0,0.0,0.0,0.0,0.0,4467.0,2.4229830046158873e+24,6925.0,0.0,-0.0,-0.0,2.718428940004181e+23,0.0,0.0,0.0,0.0,69,-4.0668816144241325e+29,4.066845346649544e+29,0.0,0.0,0.0,0.0,0.0,0.0,0.0,0,0,0,0.0,0.0,0.0,0.0,0.0,0.0,0.0,0.0,0.0,0.0,0.0,0.0,0.0,0.0,0.0,0.0,0,-107875648.0,69,0.0,138,0.0,2.6474893195377515e+23,0,13107,17087,39322,17104,39322,17084,0,0,0,70,68,100,-0.0,82.0,0.0,78.8,-0.0,79.0,1,49,50,180,39322,0,0,0,0.0,0.0,0.0,0.0,-0.0,67.0,0.0,162057.094,0.0,983,0,1015,0,0,0,957,0,1043,0,943,0,793,0,785,0,823,0,7520,0.032,2.5133688800429264e+20,0.0,0.0,784,16797,-0.0,162057.094,-114818.039,-0.0,0.133,6.909358625270745e+28,30.0,70.0,35,0.0,0.0,0.0,0.0,0.0,0.0,0.0,0.0,0.0,0.0,0.0,0.0,0.0,0.0,0.0,0.0,66.0,0,150,71,52,65476,0,300,0,0,8,20529,65476,0,0,44564,70.0,0.0,0.0,0.0,0.0,0.0
2026-09-10T21:06:42,ERR,ERR,ERR,ERR,ERR,ERR,ERR,ERR,ERR,ERR,ERR,ERR,ERR,ERR,ERR,ERR,ERR,ERR,ERR,ERR,ERR,ERR,ERR,ERR,ERR,ERR,ERR,ERR,ERR,ERR,ERR,ERR,ERR,ERR,ERR,ERR,ERR,ERR,ERR,ERR,ERR,ERR,ERR,ERR,ERR,ERR,ERR,ERR,ERR,ERR,ERR,ERR,ERR,ERR,ERR,ERR,ERR,ERR,ERR,ERR,ERR,ERR,ERR,ERR,ERR,ERR,ERR,ERR,ERR,ERR,ERR,ERR,ERR,ERR,ERR,ERR,ERR,ERR,ERR,ERR,ERR,ERR,ERR,ERR,ERR,ERR,ERR,ERR,ERR,ERR,ERR,ERR,ERR,ERR,ERR,ERR,ERR,ERR,ERR,ERR,ERR,ERR,ERR,ERR,ERR,ERR,ERR,ERR,ERR,ERR,ERR,ERR,ERR,ERR,ERR,ERR,ERR,ERR,ERR,ERR,ERR,ERR,ERR,ERR,ERR,-107615312.0,2.7184303811560617e+23,0.0,0.0,0.0,1.3936040501711995e+18,7.805,0.0,0,0,4,0,7116,0.0,100,0.0,0.0,0.0,0.0,0.0,0,0,0,0,0.0,0,0,0,0,0,0,0,0,0,0,0,0,0,0,0,0,0,0,0,0,0,0,0,0,0,0,0,0,0,0,0,0,0,31,40,40,71,65476,0,300,0,0,8,21553,0.0,-107605600.0,0.0,0.0,0.0,0.0,0.0,0.0,0.0,0.0,0.0,0.0,0.0,0.0,0.0,0.0,0.0,0.0,0.0,0.0,0.0,0.0,-0.0,-2.004,2.004,-0.0,0.0,0.0,0.0,0.0,4477.0,2.4229830046158873e+24,6925.0,0.0,2.7184303811560617e+23,-0.0,2.718428940004181e+23,0.0,0.0,0.0,0.0,69,0.0,-0.0,0.0,0.0,0.0,0.0,0.0,0.0,0.0,0,0,0,0.0,0.0,0.0,0.0,0.0,0.0,0.0,0.0,0.0,0.0,0.0,0.0,0.0,0.0,0.0,0.0,0,-107875648.0,69,0.0,138,0.0,0.0,0,13107,17087,39322,17104,39322,17084,0,0,0,70,68,100,-0.0,82.0,0.0,78.8,-0.0,79.0,1,49,50,180,39322,0,0,0,0.0,0.0,0.0,0.0,-0.0,67.0,0.0,162057.094,0.0,983,0,1015,0,0,0,957,0,1043,0,943,0,793,0,785,0,823,0,7520,0.032,2.5133688800429264e+20,0.0,0.0,784,16797,-0.0,162057.094,-114818.039,-0.0,0.133,6.909358625270745e+28,30.0,70.0,35,0.0,0.0,0.0,0.0,0.0,0.0,0.0,0.0,0.0,0.0,0.0,0.0,0.0,0.0,0.0,0.0,66.0,0,150,71,52,65476,0,300,0,0,8,20529,65476,0,0,44564,70.0,0.0,0.0,0.0,0.0,0.0
2026-09-10T21:06:43,ERR,ERR,ERR,ERR,ERR,ERR,ERR,ERR,ERR,ERR,ERR,ERR,ERR,ERR,ERR,ERR,ERR,ERR,ERR,ERR,ERR,ERR,ERR,ERR,ERR,ERR,ERR,ERR,ERR,ERR,ERR,ERR,ERR,ERR,ERR,ERR,ERR,ERR,ERR,ERR,ERR,ERR,ERR,ERR,ERR,ERR,ERR,ERR,ERR,ERR,ERR,ERR,ERR,ERR,ERR,ERR,ERR,ERR,ERR,ERR,ERR,ERR,ERR,ERR,ERR,ERR,ERR,ERR,ERR,ERR,ERR,ERR,ERR,ERR,ERR,ERR,ERR,ERR,ERR,ERR,ERR,ERR,ERR,ERR,ERR,ERR,ERR,ERR,ERR,ERR,ERR,ERR,ERR,ERR,ERR,ERR,ERR,ERR,ERR,ERR,ERR,ERR,ERR,ERR,ERR,ERR,ERR,ERR,ERR,ERR,ERR,ERR,ERR,ERR,ERR,ERR,ERR,ERR,ERR,ERR,ERR,ERR,ERR,ERR,ERR,-107615312.0,2.7184303811560617e+23,0.0,0.0,0.0,1.3936040501711995e+18,7.805,0.0,0,0,4,0,7116,0.0,100,0.0,0.0,0.0,0.0,0.0,0,0,0,0,0.0,0,0,0,0,0,0,0,0,0,0,0,0,0,0,0,0,0,0,0,0,0,0,0,0,0,0,0,0,0,0,0,0,0,31,40,40,71,65476,0,300,0,0,8,21553,0.0,-107605600.0,0.0,0.0,0.0,0.0,0.0,0.0,0.0,0.0,0.0,0.0,0.0,0.0,0.0,0.0,0.0,0.0,0.0,0.0,0.0,0.0,-0.0,-2.004,2.004,-0.0,0.0,0.0,0.0,0.0,4477.0,2.4229830046158873e+24,6925.0,0.0,2.7184303811560617e+23,-0.0,2.718428940004181e+23,0.0,0.0,0.0,0.0,69,0.0,-0.0,0.0,0.0,0.0,0.0,0.0,0.0,0.0,0,0,0,0.0,0.0,0.0,0.0,0.0,0.0,0.0,0.0,0.0,0.0,0.0,0.0,0.0,0.0,0.0,0.0,0,-107875648.0,69,0.0,138,0.0,0.0,0,13107,17087,39322,17104,39322,17084,0,0,0,70,68,100,-0.0,82.0,0.0,78.8,-0.0,79.0,1,49,50,180,39322,0,0,0,0.0,0.0,0.0,0.0,-0.0,67.0,0.0,162057.094,0.0,983,0,1015,0,0,0,957,0,1043,0,943,0,793,0,785,0,823,0,7520,0.032,2.5133688800429264e+20,0.0,0.0,784,16797,-0.0,162057.094,-114818.039,-0.0,0.133,6.909358625270745e+28,30.0,70.0,35,0.0,0.0,0.0,0.0,0.0,0.0,0.0,0.0,0.0,0.0,0.0,0.0,0.0,0.0,0.0,0.0,66.0,0,150,71,52,65476,0,300,0,0,8,20529,65476,0,0,44564,70.0,0.0,0.0,0.0,0.0,0.0
2026-09-10T21:06:44,ERR,ERR,ERR,ERR,ERR,ERR,ERR,ERR,ERR,ERR,ERR,ERR,ERR,ERR,ERR,ERR,ERR,ERR,ERR,ERR,ERR,ERR,ERR,ERR,ERR,ERR,ERR,ERR,ERR,ERR,ERR,ERR,ERR,ERR,ERR,ERR,ERR,ERR,ERR,ERR,ERR,ERR,ERR,ERR,ERR,ERR,ERR,ERR,ERR,ERR,ERR,ERR,ERR,ERR,ERR,ERR,ERR,ERR,ERR,ERR,ERR,ERR,ERR,ERR,ERR,ERR,ERR,ERR,ERR,ERR,ERR,ERR,ERR,ERR,ERR,ERR,ERR,ERR,ERR,ERR,ERR,ERR,ERR,ERR,ERR,ERR,ERR,ERR,ERR,ERR,ERR,ERR,ERR,ERR,ERR,ERR,ERR,ERR,ERR,ERR,ERR,ERR,ERR,ERR,ERR,ERR,ERR,ERR,ERR,ERR,ERR,ERR,ERR,ERR,ERR,ERR,ERR,ERR,ERR,ERR,ERR,ERR,ERR,ERR,ERR,-107615312.0,2.7184303811560617e+23,0.0,0.0,0.0,1.3936040501711995e+18,7.805,0.0,0,0,4,0,7116,0.0,100,0.0,0.0,0.0,0.0,0.0,0,0,0,0,0.0,0,0,0,0,0,0,0,0,0,0,0,0,0,0,0,0,0,0,0,0,0,0,0,0,0,0,0,0,0,0,0,0,0,31,40,40,71,65476,0,300,0,0,8,21553,0.0,-107605600.0,0.0,0.0,0.0,0.0,0.0,0.0,0.0,0.0,0.0,0.0,0.0,0.0,0.0,0.0,0.0,0.0,0.0,0.0,0.0,0.0,-0.0,-2.004,2.004,-0.0,0.0,0.0,0.0,0.0,4477.0,2.4229830046158873e+24,6925.0,0.0,2.7184303811560617e+23,-0.0,2.718428940004181e+23,0.0,0.0,0.0,0.0,69,0.0,-0.0,0.0,0.0,0.0,0.0,0.0,0.0,0.0,0,0,0,0.0,0.0,0.0,0.0,0.0,0.0,0.0,0.0,0.0,0.0,0.0,0.0,0.0,0.0,0.0,0.0,0,-107875648.0,69,0.0,138,0.0,0.0,0,13107,17087,39322,17104,39322,17084,0,0,0,70,68,100,-0.0,82.0,0.0,78.8,-0.0,79.0,1,49,50,180,39322,0,0,0,0.0,0.0,0.0,0.0,-0.0,67.0,0.0,162057.094,0.0,983,0,1015,0,0,0,957,0,1043,0,943,0,793,0,785,0,823,0,7520,0.032,2.5133688800429264e+20,0.0,0.0,784,16797,-0.0,162057.094,-114818.039,-0.0,0.133,6.909358625270745e+28,30.0,70.0,35,0.0,0.0,0.0,0.0,0.0,0.0,0.0,0.0,0.0,0.0,0.0,0.0,0.0,0.0,0.0,0.0,66.4,0,150,71,52,65476,0,300,0,0,8,20529,65476,0,0,44564,70.0,0.0,0.0,0.0,0.0,0.0
2026-09-10T21:06:45,ERR,ERR,ERR,ERR,ERR,ERR,ERR,ERR,ERR,ERR,ERR,ERR,ERR,ERR,ERR,ERR,ERR,ERR,ERR,ERR,ERR,ERR,ERR,ERR,ERR,ERR,ERR,ERR,ERR,ERR,ERR,ERR,ERR,ERR,ERR,ERR,ERR,ERR,ERR,ERR,ERR,ERR,ERR,ERR,ERR,ERR,ERR,ERR,ERR,ERR,ERR,ERR,ERR,ERR,ERR,ERR,ERR,ERR,ERR,ERR,ERR,ERR,ERR,ERR,ERR,ERR,ERR,ERR,ERR,ERR,ERR,ERR,ERR,ERR,ERR,ERR,ERR,ERR,ERR,ERR,ERR,ERR,ERR,ERR,ERR,ERR,ERR,ERR,ERR,ERR,ERR,ERR,ERR,ERR,ERR,ERR,ERR,ERR,ERR,ERR,ERR,ERR,ERR,ERR,ERR,ERR,ERR,ERR,ERR,ERR,ERR,ERR,ERR,ERR,ERR,ERR,ERR,ERR,ERR,ERR,ERR,ERR,ERR,ERR,ERR,-107615312.0,2.7184303811560617e+23,0.0,0.0,0.0,1.3936040501711995e+18,7.805,0.0,0,0,4,0,7116,0.0,100,0.0,0.0,0.0,0.0,0.0,0,0,0,0,0.0,0,0,0,0,0,0,0,0,0,0,0,0,0,0,0,0,0,0,0,0,0,0,0,0,0,0,0,0,0,0,0,0,0,31,40,40,71,65476,0,300,0,0,8,21553,0.0,-107605600.0,0.0,0.0,0.0,0.0,0.0,0.0,0.0,0.0,0.0,0.0,0.0,0.0,0.0,0.0,0.0,0.0,0.0,0.0,0.0,0.0,-0.0,-2.004,2.004,-0.0,0.0,0.0,0.0,0.0,4477.0,2.4229830046158873e+24,6925.0,0.0,2.7184303811560617e+23,-0.0,2.718428940004181e+23,0.0,0.0,0.0,0.0,69,0.0,-0.0,0.0,0.0,0.0,0.0,0.0,0.0,0.0,0,0,0,0.0,0.0,0.0,0.0,0.0,0.0,0.0,0.0,0.0,0.0,0.0,0.0,0.0,0.0,0.0,0.0,0,-107875648.0,69,0.0,138,0.0,0.0,0,13107,17087,39322,17104,39322,17084,0,0,0,70,68,100,-0.0,82.1,0.0,78.8,-0.0,79.0,1,49,50,180,39322,0,0,0,0.0,0.0,0.0,0.0,-0.0,67.0,0.0,162057.094,0.0,983,0,1015,0,0,0,956,0,1043,0,943,0,793,0,785,0,823,0,7520,0.032,2.5133688800429264e+20,0.0,0.0,784,16797,-0.0,162057.094,-114818.039,-0.0,0.133,6.909358625270745e+28,30.0,70.0,35,0.0,0.0,0.0,0.0,0.0,0.0,0.0,0.0,0.0,0.0,0.0,0.0,0.0,0.0,0.0,0.0,66.4,0,150,71,52,65476,0,300,0,0,8,20529,65476,0,0,44564,70.0,0.0,0.0,0.0,0.0,0.0
2026-09-10T21:06:46,ERR,ERR,ERR,ERR,ERR,ERR,ERR,ERR,ERR,ERR,ERR,ERR,ERR,ERR,ERR,ERR,ERR,ERR,ERR,ERR,ERR,ERR,ERR,ERR,ERR,ERR,ERR,ERR,ERR,ERR,ERR,ERR,ERR,ERR,ERR,ERR,ERR,ERR,ERR,ERR,ERR,ERR,ERR,ERR,ERR,ERR,ERR,ERR,ERR,ERR,ERR,ERR,ERR,ERR,ERR,ERR,ERR,ERR,ERR,ERR,ERR,ERR,ERR,ERR,ERR,ERR,ERR,ERR,ERR,ERR,ERR,ERR,ERR,ERR,ERR,ERR,ERR,ERR,ERR,ERR,ERR,ERR,ERR,ERR,ERR,ERR,ERR,ERR,ERR,ERR,ERR,ERR,ERR,ERR,ERR,ERR,ERR,ERR,ERR,ERR,ERR,ERR,ERR,ERR,ERR,ERR,ERR,ERR,ERR,ERR,ERR,ERR,ERR,ERR,ERR,ERR,ERR,ERR,ERR,ERR,ERR,ERR,ERR,ERR,ERR,-107615312.0,2.7184303811560617e+23,0.0,0.0,0.0,1.3936040501711995e+18,7.805,0.0,0,0,4,0,7116,0.0,100,0.0,0.0,0.0,0.0,0.0,0,0,0,0,0.0,0,0,0,0,0,0,0,0,0,0,0,0,0,0,0,0,0,0,0,0,0,0,0,0,0,0,0,0,0,0,0,0,0,31,40,40,71,65476,0,300,0,0,8,21553,0.0,-107605600.0,0.0,0.0,0.0,0.0,0.0,0.0,0.0,0.0,0.0,0.0,0.0,0.0,0.0,0.0,0.0,0.0,0.0,0.0,0.0,0.0,-0.0,-2.004,2.004,-0.0,0.0,0.0,0.0,0.0,4477.0,2.4229830046158873e+24,6925.0,0.0,2.7184303811560617e+23,-0.0,2.718428940004181e+23,0.0,0.0,0.0,0.0,69,0.0,-0.0,0.0,0.0,0.0,0.0,0.0,0.0,0.0,0,0,0,0.0,0.0,0.0,0.0,0.0,0.0,0.0,0.0,0.0,0.0,0.0,0.0,0.0,0.0,0.0,0.0,0,-107875648.0,69,0.0,138,0.0,0.0,0,13107,17087,39322,17104,39322,17084,0,0,0,70,68,100,-0.0,82.1,0.0,78.8,-0.0,79.0,1,49,50,180,39322,0,0,0,0.0,0.0,0.0,0.0,-0.0,67.0,0.0,162057.094,0.0,983,0,1015,0,0,0,956,0,1043,0,943,0,793,0,785,0,823,0,7520,0.032,2.5133688800429264e+20,0.0,0.0,784,16797,-0.0,162057.094,-114818.039,-0.0,0.133,6.909358625270745e+28,30.0,70.0,35,0.0,0.0,0.0,0.0,0.0,0.0,0.0,0.0,0.0,0.0,0.0,0.0,0.0,0.0,0.0,0.0,66.4,0,150,71,52,65476,0,300,0,0,8,20529,65476,0,0,44564,70.0,0.0,0.0,0.0,0.0,0.0
2026-09-10T21:06:47,ERR,ERR,ERR,ERR,ERR,ERR,ERR,ERR,ERR,ERR,ERR,ERR,ERR,ERR,ERR,ERR,ERR,ERR,ERR,ERR,ERR,ERR,ERR,ERR,ERR,ERR,ERR,ERR,ERR,ERR,ERR,ERR,ERR,ERR,ERR,ERR,ERR,ERR,ERR,ERR,ERR,ERR,ERR,ERR,ERR,ERR,ERR,ERR,ERR,ERR,ERR,ERR,ERR,ERR,ERR,ERR,ERR,ERR,ERR,ERR,ERR,ERR,ERR,ERR,ERR,ERR,ERR,ERR,ERR,ERR,ERR,ERR,ERR,ERR,ERR,ERR,ERR,ERR,ERR,ERR,ERR,ERR,ERR,ERR,ERR,ERR,ERR,ERR,ERR,ERR,ERR,ERR,ERR,ERR,ERR,ERR,ERR,ERR,ERR,ERR,ERR,ERR,ERR,ERR,ERR,ERR,ERR,ERR,ERR,ERR,ERR,ERR,ERR,ERR,ERR,ERR,ERR,ERR,ERR,ERR,ERR,ERR,ERR,ERR,ERR,-107615312.0,2.7184303811560617e+23,0.0,0.0,0.0,1.3936040501711995e+18,7.805,0.0,0,0,4,0,7116,0.0,100,0.0,0.0,0.0,0.0,0.0,0,0,0,0,0.0,0,0,0,0,0,0,0,0,0,0,0,0,0,0,0,0,0,0,0,0,0,0,0,0,0,0,0,0,0,0,0,0,0,31,40,40,71,65476,0,300,0,0,8,21553,0.0,-107605600.0,0.0,0.0,0.0,0.0,0.0,0.0,0.0,0.0,0.0,0.0,0.0,0.0,0.0,0.0,0.0,0.0,0.0,0.0,0.0,0.0,-0.0,-2.004,2.004,-0.0,0.0,0.0,0.0,0.0,4477.0,2.4229830046158873e+24,6925.0,0.0,2.7184303811560617e+23,-0.0,2.718428940004181e+23,0.0,0.0,0.0,0.0,69,0.0,-0.0,0.0,0.0,0.0,0.0,0.0,0.0,0.0,0,0,0,0.0,0.0,0.0,0.0,0.0,0.0,0.0,0.0,0.0,0.0,0.0,0.0,0.0,0.0,0.0,0.0,0,-107875648.0,69,0.0,138,0.0,0.0,0,13107,17087,39322,17104,39322,17084,0,0,0,70,68,100,-0.0,82.1,0.0,78.8,-0.0,79.0,1,49,50,180,39322,0,0,0,0.0,0.0,0.0,0.0,-0.0,67.0,0.0,162057.094,0.0,983,0,1015,0,0,0,956,0,1043,0,943,0,793,0,785,0,823,0,7520,0.032,2.5133688800429264e+20,0.0,0.0,784,16797,-0.0,162057.094,-114818.039,-0.0,0.133,6.909358625270745e+28,30.0,70.0,35,0.0,0.0,0.0,0.0,0.0,0.0,0.0,0.0,0.0,0.0,0.0,0.0,0.0,0.0,0.0,0.0,66.0,0,150,71,52,65476,0,300,0,0,8,20529,65476,0,0,44564,70.0,0.0,0.0,0.0,0.0,0.0
2026-09-10T21:06:48,ERR,ERR,ERR,ERR,ERR,ERR,ERR,ERR,ERR,ERR,ERR,ERR,ERR,ERR,ERR,ERR,ERR,ERR,ERR,ERR,ERR,ERR,ERR,ERR,ERR,ERR,ERR,ERR,ERR,ERR,ERR,ERR,ERR,ERR,ERR,ERR,ERR,ERR,ERR,ERR,ERR,ERR,ERR,ERR,ERR,ERR,ERR,ERR,ERR,ERR,ERR,ERR,ERR,ERR,ERR,ERR,ERR,ERR,ERR,ERR,ERR,ERR,ERR,ERR,ERR,ERR,ERR,ERR,ERR,ERR,ERR,ERR,ERR,ERR,ERR,ERR,ERR,ERR,ERR,ERR,ERR,ERR,ERR,ERR,ERR,ERR,ERR,ERR,ERR,ERR,ERR,ERR,ERR,ERR,ERR,ERR,ERR,ERR,ERR,ERR,ERR,ERR,ERR,ERR,ERR,ERR,ERR,ERR,ERR,ERR,ERR,ERR,ERR,ERR,ERR,ERR,ERR,ERR,ERR,ERR,ERR,ERR,ERR,ERR,ERR,-107615312.0,2.7184303811560617e+23,0.0,0.0,0.0,1.3936040501711995e+18,7.805,0.0,0,0,4,0,7116,0.0,100,0.0,0.0,0.0,0.0,0.0,0,0,0,0,0.0,0,0,0,0,0,0,0,0,0,0,0,0,0,0,0,0,0,0,0,0,0,0,0,0,0,0,0,0,0,0,0,0,0,31,40,40,71,65476,0,300,0,0,8,21553,0.0,-107605600.0,0.0,0.0,0.0,0.0,0.0,0.0,0.0,0.0,0.0,0.0,0.0,0.0,0.0,0.0,0.0,0.0,0.0,0.0,0.0,0.0,-0.0,-2.004,2.004,-0.0,0.0,0.0,0.0,0.0,4477.0,2.4229830046158873e+24,6925.0,0.0,2.7184303811560617e+23,-0.0,2.718428940004181e+23,0.0,0.0,0.0,0.0,69,0.0,-0.0,0.0,0.0,0.0,0.0,0.0,0.0,0.0,0,0,0,0.0,0.0,0.0,0.0,0.0,0.0,0.0,0.0,0.0,0.0,0.0,0.0,0.0,0.0,0.0,0.0,0,-107875648.0,69,0.0,138,0.0,0.0,0,13107,17087,39322,17104,39322,17084,0,0,0,70,68,100,-0.0,82.1,0.0,78.8,-0.0,79.0,1,49,50,180,39322,0,0,0,0.0,0.0,0.0,0.0,-0.0,67.0,0.0,162057.094,0.0,983,0,1015,0,0,0,956,0,1043,0,943,0,793,0,785,0,823,0,7520,0.032,2.5133688800429264e+20,0.0,0.0,784,16797,-0.0,162057.094,-114818.039,-0.0,0.133,6.909358625270745e+28,30.0,70.0,35,0.0,0.0,0.0,0.0,0.0,0.0,0.0,0.0,0.0,0.0,0.0,0.0,0.0,0.0,0.0,0.0,66.0,0,150,71,52,65476,0,300,0,0,8,20529,65476,0,0,44564,70.0,0.0,0.0,0.0,0.0,0.0
2026-09-10T21:06:49,ERR,ERR,ERR,ERR,ERR,ERR,ERR,ERR,ERR,ERR,ERR,ERR,ERR,ERR,ERR,ERR,ERR,ERR,ERR,ERR,ERR,ERR,ERR,ERR,ERR,ERR,ERR,ERR,ERR,ERR,ERR,ERR,ERR,ERR,ERR,ERR,ERR,ERR,ERR,ERR,ERR,ERR,ERR,ERR,ERR,ERR,ERR,ERR,ERR,ERR,ERR,ERR,ERR,ERR,ERR,ERR,ERR,ERR,ERR,ERR,ERR,ERR,ERR,ERR,ERR,ERR,ERR,ERR,ERR,ERR,ERR,ERR,ERR,ERR,ERR,ERR,ERR,ERR,ERR,ERR,ERR,ERR,ERR,ERR,ERR,ERR,ERR,ERR,ERR,ERR,ERR,ERR,ERR,ERR,ERR,ERR,ERR,ERR,ERR,ERR,ERR,ERR,ERR,ERR,ERR,ERR,ERR,ERR,ERR,ERR,ERR,ERR,ERR,ERR,ERR,ERR,ERR,ERR,ERR,ERR,ERR,ERR,ERR,ERR,ERR,-107615312.0,2.7184303811560617e+23,0.0,0.0,0.0,1.3936040501711995e+18,7.805,0.0,0,0,4,0,7116,0.0,100,0.0,0.0,0.0,0.0,0.0,0,0,0,0,0.0,0,0,0,0,0,0,0,0,0,0,0,0,0,0,0,0,0,0,0,0,0,0,0,0,0,0,0,0,0,0,0,0,0,31,40,40,71,65476,0,300,0,0,8,21553,0.0,-107605600.0,0.0,0.0,0.0,0.0,0.0,0.0,0.0,0.0,0.0,0.0,0.0,0.0,0.0,0.0,0.0,0.0,0.0,0.0,0.0,0.0,-0.0,-2.004,2.004,-0.0,0.0,0.0,0.0,0.0,4477.0,2.4229830046158873e+24,6925.0,0.0,2.7184303811560617e+23,-0.0,2.718428940004181e+23,0.0,0.0,0.0,0.0,69,0.0,-0.0,0.0,0.0,0.0,0.0,0.0,0.0,0.0,0,0,0,0.0,0.0,0.0,0.0,0.0,0.0,0.0,0.0,0.0,0.0,0.0,0.0,0.0,0.0,0.0,0.0,0,-107875648.0,69,0.0,138,0.0,0.0,0,13107,17087,39322,17104,39322,17084,0,0,0,70,68,100,-0.0,82.1,0.0,78.8,-0.0,79.0,1,49,50,180,39322,0,0,0,0.0,0.0,0.0,0.0,-0.0,67.0,0.0,162057.094,0.0,983,0,1015,0,0,0,956,0,1043,0,943,0,793,0,785,0,823,0,7520,0.032,2.5133688800429264e+20,0.0,0.0,784,16797,-0.0,162057.094,-114818.039,-0.0,0.133,6.909358625270745e+28,30.0,70.0,35,0.0,0.0,0.0,0.0,0.0,0.0,0.0,0.0,0.0,0.0,0.0,0.0,0.0,0.0,0.0,0.0,66.0,0,150,71,52,65476,0,300,0,0,8,20529,65476,0,0,44564,70.0,0.0,0.0,0.0,0.0,0.0
2026-09-10T21:06:50,ERR,ERR,ERR,ERR,ERR,ERR,ERR,ERR,ERR,ERR,ERR,ERR,ERR,ERR,ERR,ERR,ERR,ERR,ERR,ERR,ERR,ERR,ERR,ERR,ERR,ERR,ERR,ERR,ERR,ERR,ERR,ERR,ERR,ERR,ERR,ERR,ERR,ERR,ERR,ERR,ERR,ERR,ERR,ERR,ERR,ERR,ERR,ERR,ERR,ERR,ERR,ERR,ERR,ERR,ERR,ERR,ERR,ERR,ERR,ERR,ERR,ERR,ERR,ERR,ERR,ERR,ERR,ERR,ERR,ERR,ERR,ERR,ERR,ERR,ERR,ERR,ERR,ERR,ERR,ERR,ERR,ERR,ERR,ERR,ERR,ERR,ERR,ERR,ERR,ERR,ERR,ERR,ERR,ERR,ERR,ERR,ERR,ERR,ERR,ERR,ERR,ERR,ERR,ERR,ERR,ERR,ERR,ERR,ERR,ERR,ERR,ERR,ERR,ERR,ERR,ERR,ERR,ERR,ERR,ERR,ERR,ERR,ERR,ERR,ERR,0.0,2.7184303811560617e+23,-100794720.0,0.0,0.0,1.3936040501711995e+18,7.805,0.0,0,0,4,0,7116,0.0,100,0.0,0.0,0.0,0.0,0.0,0,0,0,0,0.0,0,0,0,0,0,0,0,0,0,0,0,0,0,0,0,0,0,0,0,0,0,0,0,0,0,0,0,0,0,0,0,0,0,31,40,40,71,65476,0,300,0,0,8,21553,0.0,-107605600.0,0.0,0.0,0.0,0.0,0.0,0.0,0.0,0.0,0.0,0.0,0.0,0.0,0.0,0.0,0.0,0.0,0.0,0.0,0.0,0.0,-2.004,-0.0,-0.0,-0.0,0.0,0.0,0.0,0.0,4473.0,-0.0,6928.0,0.0,2.7184303811560617e+23,-0.0,2.718428940004181e+23,0.0,0.0,0.0,0.0,69,0.0,-0.0,0.0,0.0,0.0,0.0,0.0,0.0,0.0,0,0,0,0.0,0.0,0.0,0.0,0.0,0.0,0.0,0.0,0.0,0.0,0.0,0.0,0.0,0.0,0.0,0.0,0,-107875648.0,69,0.0,138,0.0,2.6474893195377515e+23,0,13107,17087,39322,17104,39322,17084,0,0,0,70,68,100,-0.0,82.1,0.0,78.8,-0.0,79.0,1,49,50,180,39322,0,0,0,0.0,0.0,0.0,0.0,-0.0,67.0,0.0,162057.094,0.0,983,0,1015,0,0,0,956,0,1043,0,943,0,793,0,785,0,823,0,7520,0.032,2.5133688800429264e+20,0.0,0.0,784,16797,-0.0,162057.094,-114818.039,-0.0,0.133,6.909358625270745e+28,30.0,70.0,35,0.0,0.0,0.0,0.0,0.0,0.0,0.0,0.0,0.0,0.0,0.0,0.0,0.0,0.0,0.0,0.0,66.0,0,150,71,52,65476,0,300,0,0,8,20529,65476,0,0,44564,70.0,0.0,0.0,0.0,0.0,0.0
2026-09-10T21:06:51,ERR,ERR,ERR,ERR,ERR,ERR,ERR,ERR,ERR,ERR,ERR,ERR,ERR,ERR,ERR,ERR,ERR,ERR,ERR,ERR,ERR,ERR,ERR,ERR,ERR,ERR,ERR,ERR,ERR,ERR,ERR,ERR,ERR,ERR,ERR,ERR,ERR,ERR,ERR,ERR,ERR,ERR,ERR,ERR,ERR,ERR,ERR,ERR,ERR,ERR,ERR,ERR,ERR,ERR,ERR,ERR,ERR,ERR,ERR,ERR,ERR,ERR,ERR,ERR,ERR,ERR,ERR,ERR,ERR,ERR,ERR,ERR,ERR,ERR,ERR,ERR,ERR,ERR,ERR,ERR,ERR,ERR,ERR,ERR,ERR,ERR,ERR,ERR,ERR,ERR,ERR,ERR,ERR,ERR,ERR,ERR,ERR,ERR,ERR,ERR,ERR,ERR,ERR,ERR,ERR,ERR,ERR,ERR,ERR,ERR,ERR,ERR,ERR,ERR,ERR,ERR,ERR,ERR,ERR,ERR,ERR,ERR,ERR,ERR,ERR,0.0,2.7184303811560617e+23,-100794720.0,0.0,0.0,1.3936040501711995e+18,7.805,0.0,0,0,4,0,7116,0.0,100,0.0,0.0,0.0,0.0,0.0,0,0,0,0,0.0,0,0,0,0,0,0,0,0,0,0,0,0,0,0,0,0,0,0,0,0,0,0,0,0,0,0,0,0,0,0,0,0,0,31,40,40,71,65476,0,300,0,0,8,21553,0.0,-107605600.0,0.0,0.0,0.0,0.0,0.0,0.0,0.0,0.0,0.0,0.0,0.0,0.0,0.0,0.0,0.0,0.0,0.0,0.0,0.0,0.0,-2.004,-0.0,-0.0,-0.0,0.0,0.0,0.0,0.0,4473.0,-0.0,6928.0,0.0,2.7184303811560617e+23,-0.0,2.718428940004181e+23,0.0,0.0,0.0,0.0,69,0.0,-0.0,0.0,0.0,0.0,0.0,0.0,0.0,0.0,0,0,0,0.0,0.0,0.0,0.0,0.0,0.0,0.0,0.0,0.0,0.0,0.0,0.0,0.0,0.0,0.0,0.0,0,-107875648.0,69,0.0,138,0.0,2.6474893195377515e+23,0,13107,17087,39322,17104,39322,17084,0,0,0,70,68,100,-0.0,82.1,0.0,78.8,-0.0,79.0,1,49,50,180,39322,0,0,0,0.0,0.0,0.0,0.0,-0.0,67.0,0.0,162057.094,0.0,983,0,1016,0,0,0,956,0,1043,0,943,0,793,0,785,0,823,0,7520,0.032,2.5133688800429264e+20,0.0,0.0,784,16797,-0.0,162057.094,-114818.039,-0.0,0.133,6.909358625270745e+28,30.0,70.0,35,0.0,0.0,0.0,0.0,0.0,0.0,0.0,0.0,0.0,0.0,0.0,0.0,0.0,0.0,0.0,0.0,66.0,0,150,71,52,65476,0,300,0,0,8,20529,65476,0,0,44564,70.0,0.0,0.0,0.0,0.0,0.0
2026-09-10T21:06:52,ERR,ERR,ERR,ERR,ERR,ERR,ERR,ERR,ERR,ERR,ERR,ERR,ERR,ERR,ERR,ERR,ERR,ERR,ERR,ERR,ERR,ERR,ERR,ERR,ERR,ERR,ERR,ERR,ERR,ERR,ERR,ERR,ERR,ERR,ERR,ERR,ERR,ERR,ERR,ERR,ERR,ERR,ERR,ERR,ERR,ERR,ERR,ERR,ERR,ERR,ERR,ERR,ERR,ERR,ERR,ERR,ERR,ERR,ERR,ERR,ERR,ERR,ERR,ERR,ERR,ERR,ERR,ERR,ERR,ERR,ERR,ERR,ERR,ERR,ERR,ERR,ERR,ERR,ERR,ERR,ERR,ERR,ERR,ERR,ERR,ERR,ERR,ERR,ERR,ERR,ERR,ERR,ERR,ERR,ERR,ERR,ERR,ERR,ERR,ERR,ERR,ERR,ERR,ERR,ERR,ERR,ERR,ERR,ERR,ERR,ERR,ERR,ERR,ERR,ERR,ERR,ERR,ERR,ERR,ERR,ERR,ERR,ERR,ERR,ERR,0.0,2.7184303811560617e+23,-100794720.0,0.0,0.0,1.3936040501711995e+18,7.805,0.0,0,0,4,0,7116,0.0,100,0.0,0.0,0.0,0.0,0.0,0,0,0,0,0.0,0,0,0,0,0,0,0,0,0,0,0,0,0,0,0,0,0,0,0,0,0,0,0,0,0,0,0,0,0,0,0,0,0,31,40,40,71,65476,0,300,0,0,8,21553,0.0,-107605600.0,0.0,0.0,0.0,0.0,0.0,0.0,0.0,0.0,0.0,0.0,0.0,0.0,0.0,0.0,0.0,0.0,0.0,0.0,0.0,0.0,-2.004,-0.0,-0.0,-0.0,0.0,0.0,0.0,0.0,4473.0,-0.0,6928.0,0.0,2.7184303811560617e+23,-0.0,2.718428940004181e+23,0.0,0.0,0.0,0.0,69,0.0,-0.0,0.0,0.0,0.0,0.0,0.0,0.0,0.0,0,0,0,0.0,0.0,0.0,0.0,0.0,0.0,0.0,0.0,0.0,0.0,0.0,0.0,0.0,0.0,0.0,0.0,0,-107875648.0,69,0.0,138,0.0,2.6474893195377515e+23,0,13107,17087,39322,17104,39322,17084,0,0,0,70,68,100,-0.0,82.1,0.0,78.8,-0.0,79.0,1,49,50,180,39322,0,0,0,0.0,0.0,0.0,0.0,-0.0,67.0,0.0,162057.094,0.0,983,0,1016,0,0,0,956,0,1043,0,943,0,793,0,785,0,823,0,7520,0.032,2.5133688800429264e+20,0.0,0.0,784,16797,-0.0,162057.094,-114818.039,-0.0,0.133,6.909358625270745e+28,30.0,70.0,35,0.0,0.0,0.0,0.0,0.0,0.0,0.0,0.0,0.0,0.0,0.0,0.0,0.0,0.0,0.0,0.0,66.0,0,150,71,52,65476,0,300,0,0,8,20529,65476,0,0,44564,70.0,0.0,0.0,0.0,0.0,0.0
2026-09-10T21:06:53,ERR,ERR,ERR,ERR,ERR,ERR,ERR,ERR,ERR,ERR,ERR,ERR,ERR,ERR,ERR,ERR,ERR,ERR,ERR,ERR,ERR,ERR,ERR,ERR,ERR,ERR,ERR,ERR,ERR,ERR,ERR,ERR,ERR,ERR,ERR,ERR,ERR,ERR,ERR,ERR,ERR,ERR,ERR,ERR,ERR,ERR,ERR,ERR,ERR,ERR,ERR,ERR,ERR,ERR,ERR,ERR,ERR,ERR,ERR,ERR,ERR,ERR,ERR,ERR,ERR,ERR,ERR,ERR,ERR,ERR,ERR,ERR,ERR,ERR,ERR,ERR,ERR,ERR,ERR,ERR,ERR,ERR,ERR,ERR,ERR,ERR,ERR,ERR,ERR,ERR,ERR,ERR,ERR,ERR,ERR,ERR,ERR,ERR,ERR,ERR,ERR,ERR,ERR,ERR,ERR,ERR,ERR,ERR,ERR,ERR,ERR,ERR,ERR,ERR,ERR,ERR,ERR,ERR,ERR,ERR,ERR,ERR,ERR,ERR,ERR,0.0,2.7184303811560617e+23,-100794720.0,0.0,0.0,1.3936040501711995e+18,7.805,0.0,0,0,4,0,7116,0.0,100,0.0,0.0,0.0,0.0,0.0,0,0,0,0,0.0,0,0,0,0,0,0,0,0,0,0,0,0,0,0,0,0,0,0,0,0,0,0,0,0,0,0,0,0,0,0,0,0,0,31,40,40,71,65476,0,300,0,0,8,21553,0.0,-107605600.0,0.0,0.0,0.0,0.0,0.0,0.0,0.0,0.0,0.0,0.0,0.0,0.0,0.0,0.0,0.0,0.0,0.0,0.0,0.0,0.0,-2.004,-0.0,-0.0,-0.0,0.0,0.0,0.0,0.0,4473.0,-0.0,6928.0,0.0,2.7184303811560617e+23,-0.0,2.718428940004181e+23,0.0,0.0,0.0,0.0,69,0.0,-0.0,0.0,0.0,0.0,0.0,0.0,0.0,0.0,0,0,0,0.0,0.0,0.0,0.0,0.0,0.0,0.0,0.0,0.0,0.0,0.0,0.0,0.0,0.0,0.0,0.0,0,-107875648.0,69,0.0,138,0.0,2.6474893195377515e+23,0,13107,17087,39322,17104,39322,17084,0,0,0,70,68,100,-0.0,82.1,0.0,78.8,-0.0,79.0,1,49,50,180,39322,0,0,0,0.0,0.0,0.0,0.0,-0.0,67.0,0.0,162057.094,0.0,983,0,1016,0,0,0,956,0,1043,0,943,0,793,0,785,0,823,0,7520,0.032,2.5133688800429264e+20,0.0,0.0,784,16797,-0.0,162057.094,-114818.039,-0.0,0.133,6.909358625270745e+28,30.0,70.0,35,0.0,0.0,0.0,0.0,0.0,0.0,0.0,0.0,0.0,0.0,0.0,0.0,0.0,0.0,0.0,0.0,66.0,0,150,71,52,65476,0,300,0,0,8,20529,65476,0,0,44564,70.0,0.0,0.0,0.0,0.0,0.0
2026-09-10T21:06:54,ERR,ERR,ERR,ERR,ERR,ERR,ERR,ERR,ERR,ERR,ERR,ERR,ERR,ERR,ERR,ERR,ERR,ERR,ERR,ERR,ERR,ERR,ERR,ERR,ERR,ERR,ERR,ERR,ERR,ERR,ERR,ERR,ERR,ERR,ERR,ERR,ERR,ERR,ERR,ERR,ERR,ERR,ERR,ERR,ERR,ERR,ERR,ERR,ERR,ERR,ERR,ERR,ERR,ERR,ERR,ERR,ERR,ERR,ERR,ERR,ERR,ERR,ERR,ERR,ERR,ERR,ERR,ERR,ERR,ERR,ERR,ERR,ERR,ERR,ERR,ERR,ERR,ERR,ERR,ERR,ERR,ERR,ERR,ERR,ERR,ERR,ERR,ERR,ERR,ERR,ERR,ERR,ERR,ERR,ERR,ERR,ERR,ERR,ERR,ERR,ERR,ERR,ERR,ERR,ERR,ERR,ERR,ERR,ERR,ERR,ERR,ERR,ERR,ERR,ERR,ERR,ERR,ERR,ERR,ERR,ERR,ERR,ERR,ERR,ERR,0.0,2.7184303811560617e+23,-100794720.0,0.0,0.0,1.3936040501711995e+18,7.805,0.0,0,0,4,0,7116,0.0,100,0.0,0.0,0.0,0.0,0.0,0,0,0,0,0.0,0,0,0,0,0,0,0,0,0,0,0,0,0,0,0,0,0,0,0,0,0,0,0,0,0,0,0,0,0,0,0,0,0,31,40,40,71,65476,0,300,0,0,8,21553,0.0,-107605600.0,0.0,0.0,0.0,0.0,0.0,0.0,0.0,0.0,0.0,0.0,0.0,0.0,0.0,0.0,0.0,0.0,0.0,0.0,0.0,0.0,-2.004,-0.0,-0.0,-0.0,0.0,0.0,0.0,0.0,4473.0,-0.0,6928.0,0.0,2.7184303811560617e+23,-0.0,2.718428940004181e+23,0.0,0.0,0.0,0.0,69,0.0,-0.0,0.0,0.0,0.0,0.0,0.0,0.0,0.0,0,0,0,0.0,0.0,0.0,0.0,0.0,0.0,0.0,0.0,0.0,0.0,0.0,0.0,0.0,0.0,0.0,0.0,0,-107875648.0,69,0.0,138,0.0,2.6474893195377515e+23,0,13107,17087,39322,17104,39322,17084,0,0,0,70,68,100,-0.0,82.1,0.0,78.8,-0.0,79.0,1,49,50,180,39322,0,0,0,0.0,0.0,0.0,0.0,-0.0,67.0,0.0,162057.094,0.0,983,0,1016,0,0,0,956,0,1043,0,943,0,793,0,785,0,823,0,7520,0.032,2.5133688800429264e+20,0.0,0.0,784,16797,-0.0,162057.094,-114818.039,-0.0,0.133,6.909358625270745e+28,30.0,70.0,35,0.0,0.0,0.0,0.0,0.0,0.0,0.0,0.0,0.0,0.0,0.0,0.0,0.0,0.0,0.0,0.0,66.0,0,150,71,52,65476,0,300,0,0,8,20529,65476,0,0,44564,70.0,0.0,0.0,0.0,0.0,0.0
2026-09-10T21:06:55,ERR,ERR,ERR,ERR,ERR,ERR,ERR,ERR,ERR,ERR,ERR,ERR,ERR,ERR,ERR,ERR,ERR,ERR,ERR,ERR,ERR,ERR,ERR,ERR,ERR,ERR,ERR,ERR,ERR,ERR,ERR,ERR,ERR,ERR,ERR,ERR,ERR,ERR,ERR,ERR,ERR,ERR,ERR,ERR,ERR,ERR,ERR,ERR,ERR,ERR,ERR,ERR,ERR,ERR,ERR,ERR,ERR,ERR,ERR,ERR,ERR,ERR,ERR,ERR,ERR,ERR,ERR,ERR,ERR,ERR,ERR,ERR,ERR,ERR,ERR,ERR,ERR,ERR,ERR,ERR,ERR,ERR,ERR,ERR,ERR,ERR,ERR,ERR,ERR,ERR,ERR,ERR,ERR,ERR,ERR,ERR,ERR,ERR,ERR,ERR,ERR,ERR,ERR,ERR,ERR,ERR,ERR,ERR,ERR,ERR,ERR,ERR,ERR,ERR,ERR,ERR,ERR,ERR,ERR,ERR,ERR,ERR,ERR,ERR,ERR,0.0,2.7184303811560617e+23,-100794720.0,0.0,0.0,1.3936040501711995e+18,7.805,0.0,0,0,4,0,7116,0.0,100,0.0,0.0,0.0,0.0,0.0,0,0,0,0,0.0,0,0,0,0,0,0,0,0,0,0,0,0,0,0,0,0,0,0,0,0,0,0,0,0,0,0,0,0,0,0,0,0,0,31,40,40,71,65476,0,300,0,0,8,21553,0.0,-107605600.0,0.0,0.0,0.0,0.0,0.0,0.0,0.0,0.0,0.0,0.0,0.0,0.0,0.0,0.0,0.0,0.0,0.0,0.0,0.0,0.0,-2.004,-0.0,-0.0,-0.0,0.0,0.0,0.0,0.0,4473.0,-0.0,6928.0,0.0,2.7184303811560617e+23,-0.0,2.718428940004181e+23,0.0,0.0,0.0,0.0,69,0.0,-0.0,0.0,0.0,0.0,0.0,0.0,0.0,0.0,0,0,0,0.0,0.0,0.0,0.0,0.0,0.0,0.0,0.0,0.0,0.0,0.0,0.0,0.0,0.0,0.0,0.0,0,-107875648.0,69,0.0,138,0.0,2.6474893195377515e+23,0,13107,17087,39322,17104,39322,17084,0,0,0,70,68,100,-0.0,82.1,0.0,78.8,-0.0,79.0,1,49,50,180,39322,0,0,0,0.0,0.0,0.0,0.0,-0.0,67.0,0.0,162057.094,0.0,983,0,1016,0,0,0,956,0,1043,0,943,0,793,0,785,0,823,0,7520,0.032,2.5133688800429264e+20,0.0,0.0,784,16797,-0.0,162057.094,-114818.039,-0.0,0.133,6.909358625270745e+28,30.0,70.0,35,0.0,0.0,0.0,0.0,0.0,0.0,0.0,0.0,0.0,0.0,0.0,0.0,0.0,0.0,0.0,0.0,66.0,0,150,71,52,65476,0,300,0,0,8,20529,65476,0,0,44564,70.0,0.0,0.0,0.0,0.0,0.0
2026-09-10T21:06:56,ERR,ERR,ERR,ERR,ERR,ERR,ERR,ERR,ERR,ERR,ERR,ERR,ERR,ERR,ERR,ERR,ERR,ERR,ERR,ERR,ERR,ERR,ERR,ERR,ERR,ERR,ERR,ERR,ERR,ERR,ERR,ERR,ERR,ERR,ERR,ERR,ERR,ERR,ERR,ERR,ERR,ERR,ERR,ERR,ERR,ERR,ERR,ERR,ERR,ERR,ERR,ERR,ERR,ERR,ERR,ERR,ERR,ERR,ERR,ERR,ERR,ERR,ERR,ERR,ERR,ERR,ERR,ERR,ERR,ERR,ERR,ERR,ERR,ERR,ERR,ERR,ERR,ERR,ERR,ERR,ERR,ERR,ERR,ERR,ERR,ERR,ERR,ERR,ERR,ERR,ERR,ERR,ERR,ERR,ERR,ERR,ERR,ERR,ERR,ERR,ERR,ERR,ERR,ERR,ERR,ERR,ERR,ERR,ERR,ERR,ERR,ERR,ERR,ERR,ERR,ERR,ERR,ERR,ERR,ERR,ERR,ERR,ERR,ERR,ERR,0.0,2.7184303811560617e+23,-100794720.0,0.0,0.0,1.3936040501711995e+18,7.805,0.0,0,0,4,0,7116,0.0,100,0.0,0.0,0.0,0.0,0.0,0,0,0,0,0.0,0,0,0,0,0,0,0,0,0,0,0,0,0,0,0,0,0,0,0,0,0,0,0,0,0,0,0,0,0,0,0,0,0,31,40,40,71,65476,0,300,0,0,8,21553,0.0,-107605600.0,0.0,0.0,0.0,0.0,0.0,0.0,0.0,0.0,0.0,0.0,0.0,0.0,0.0,0.0,0.0,0.0,0.0,0.0,0.0,0.0,-2.004,-0.0,-0.0,-0.0,0.0,0.0,0.0,0.0,4473.0,-0.0,6928.0,0.0,2.7184303811560617e+23,-0.0,2.718428940004181e+23,0.0,0.0,0.0,0.0,69,0.0,-0.0,0.0,0.0,0.0,0.0,0.0,0.0,0.0,0,0,0,0.0,0.0,0.0,0.0,0.0,0.0,0.0,0.0,0.0,0.0,0.0,0.0,0.0,0.0,0.0,0.0,0,-107875648.0,69,0.0,138,0.0,2.6474893195377515e+23,0,13107,17087,39322,17104,39322,17084,0,0,0,70,68,100,-0.0,82.1,0.0,78.8,-0.0,79.0,1,49,50,180,39322,0,0,0,0.0,0.0,0.0,0.0,-0.0,67.0,0.0,162057.094,0.0,983,0,1016,0,0,0,956,0,1043,0,943,0,793,0,785,0,823,0,7520,0.032,2.5133688800429264e+20,0.0,0.0,784,16797,-0.0,162057.094,-114818.039,-0.0,0.133,6.909358625270745e+28,30.0,70.0,35,0.0,0.0,0.0,0.0,0.0,0.0,0.0,0.0,0.0,0.0,0.0,0.0,0.0,0.0,0.0,0.0,66.4,0,150,71,52,65476,0,300,0,0,8,20529,65476,0,0,44564,70.0,0.0,0.0,0.0,0.0,0.0
2026-09-10T21:06:57,ERR,ERR,ERR,ERR,ERR,ERR,ERR,ERR,ERR,ERR,ERR,ERR,ERR,ERR,ERR,ERR,ERR,ERR,ERR,ERR,ERR,ERR,ERR,ERR,ERR,ERR,ERR,ERR,ERR,ERR,ERR,ERR,ERR,ERR,ERR,ERR,ERR,ERR,ERR,ERR,ERR,ERR,ERR,ERR,ERR,ERR,ERR,ERR,ERR,ERR,ERR,ERR,ERR,ERR,ERR,ERR,ERR,ERR,ERR,ERR,ERR,ERR,ERR,ERR,ERR,ERR,ERR,ERR,ERR,ERR,ERR,ERR,ERR,ERR,ERR,ERR,ERR,ERR,ERR,ERR,ERR,ERR,ERR,ERR,ERR,ERR,ERR,ERR,ERR,ERR,ERR,ERR,ERR,ERR,ERR,ERR,ERR,ERR,ERR,ERR,ERR,ERR,ERR,ERR,ERR,ERR,ERR,ERR,ERR,ERR,ERR,ERR,ERR,ERR,ERR,ERR,ERR,ERR,ERR,ERR,ERR,ERR,ERR,ERR,ERR,0.0,2.7184303811560617e+23,-100794720.0,0.0,0.0,1.3936040501711995e+18,7.805,0.0,0,0,4,0,7116,0.0,100,0.0,0.0,0.0,0.0,0.0,0,0,0,0,0.0,0,0,0,0,0,0,0,0,0,0,0,0,0,0,0,0,0,0,0,0,0,0,0,0,0,0,0,0,0,0,0,0,0,31,40,40,71,65476,0,300,0,0,8,21553,0.0,-107605600.0,0.0,0.0,0.0,0.0,0.0,0.0,0.0,0.0,0.0,0.0,0.0,0.0,0.0,0.0,0.0,0.0,0.0,0.0,0.0,0.0,-2.004,-0.0,-0.0,-0.0,0.0,0.0,0.0,0.0,4473.0,-0.0,6928.0,0.0,2.7184303811560617e+23,-0.0,2.718428940004181e+23,0.0,0.0,0.0,0.0,69,0.0,-0.0,0.0,0.0,0.0,0.0,0.0,0.0,0.0,0,0,0,0.0,0.0,0.0,0.0,0.0,0.0,0.0,0.0,0.0,0.0,0.0,0.0,0.0,0.0,0.0,0.0,0,-107875648.0,69,0.0,138,0.0,2.6474893195377515e+23,0,13107,17087,26215,17104,39322,17084,0,0,0,70,68,100,-0.0,82.1,0.0,78.8,-0.0,79.0,1,49,50,180,52429,13107,0,0,0.0,0.0,0.0,0.0,-0.0,67.0,0.0,162057.094,0.0,983,0,1016,0,0,0,956,0,1042,0,943,0,793,0,785,0,823,0,7520,0.032,2.524898095088995e+20,0.0,0.0,784,16797,-0.0,162057.094,-114818.039,-0.0,0.133,6.909358625270745e+28,30.0,70.0,35,0.0,0.0,0.0,0.0,0.0,0.0,0.0,0.0,0.0,0.0,0.0,0.0,0.0,0.0,0.0,0.0,66.4,0,150,71,52,65476,0,300,0,0,8,20529,65476,0,0,44564,70.0,0.0,0.0,0.0,0.0,0.0
2026-09-10T21:06:58,ERR,ERR,ERR,ERR,ERR,ERR,ERR,ERR,ERR,ERR,ERR,ERR,ERR,ERR,ERR,ERR,ERR,ERR,ERR,ERR,ERR,ERR,ERR,ERR,ERR,ERR,ERR,ERR,ERR,ERR,ERR,ERR,ERR,ERR,ERR,ERR,ERR,ERR,ERR,ERR,ERR,ERR,ERR,ERR,ERR,ERR,ERR,ERR,ERR,ERR,ERR,ERR,ERR,ERR,ERR,ERR,ERR,ERR,ERR,ERR,ERR,ERR,ERR,ERR,ERR,ERR,ERR,ERR,ERR,ERR,ERR,ERR,ERR,ERR,ERR,ERR,ERR,ERR,ERR,ERR,ERR,ERR,ERR,ERR,ERR,ERR,ERR,ERR,ERR,ERR,ERR,ERR,ERR,ERR,ERR,ERR,ERR,ERR,ERR,ERR,ERR,ERR,ERR,ERR,ERR,ERR,ERR,ERR,ERR,ERR,ERR,ERR,ERR,ERR,ERR,ERR,ERR,ERR,ERR,ERR,ERR,ERR,ERR,ERR,ERR,0.0,2.7184303811560617e+23,-100794720.0,0.0,0.0,1.3936040501711995e+18,7.805,0.0,0,0,4,0,7116,0.0,100,0.0,0.0,0.0,0.0,0.0,0,0,0,0,0.0,0,0,0,0,0,0,0,0,0,0,0,0,0,0,0,0,0,0,0,0,0,0,0,0,0,0,0,0,0,0,0,0,0,31,40,40,71,65476,0,300,0,0,8,21553,0.0,-107605600.0,0.0,0.0,0.0,0.0,0.0,0.0,0.0,0.0,0.0,0.0,0.0,0.0,0.0,0.0,0.0,0.0,0.0,0.0,0.0,0.0,-2.004,-0.0,-0.0,-0.0,0.0,0.0,0.0,0.0,4470.0,564144692527104.0,6921.0,0.0,2.7184303811560617e+23,0.0,0.0,0.0,0.0,0.0,0.0,69,-4.950430145311814e+32,89220.391,0.0,0.0,0.0,0.0,0.0,0.0,0.0,0,0,0,0.0,0.0,0.0,0.0,0.0,0.0,0.0,0.0,0.0,0.0,0.0,0.0,0.0,0.0,0.0,0.0,0,-107875648.0,69,0.0,138,0.0,2.6474893195377515e+23,0,13107,17087,26215,17104,39322,17084,0,0,0,70,68,100,-0.0,82.1,0.0,78.8,-0.0,79.0,1,49,50,180,52429,13107,0,0,0.0,0.0,0.0,0.0,-0.0,67.0,0.0,162057.094,0.0,983,0,1016,0,0,0,956,0,1042,0,943,0,793,0,785,0,823,0,7520,0.032,2.524898095088995e+20,0.0,0.0,784,16797,-0.0,162057.094,-114818.039,-0.0,0.133,6.909358625270745e+28,30.0,70.0,35,0.0,0.0,0.0,0.0,0.0,0.0,0.0,0.0,0.0,0.0,0.0,0.0,0.0,0.0,0.0,0.0,66.0,0,150,71,52,65476,0,300,0,0,8,20529,65476,0,0,44564,70.0,0.0,0.0,0.0,0.0,0.0
2026-09-10T21:06:59,ERR,ERR,ERR,ERR,ERR,ERR,ERR,ERR,ERR,ERR,ERR,ERR,ERR,ERR,ERR,ERR,ERR,ERR,ERR,ERR,ERR,ERR,ERR,ERR,ERR,ERR,ERR,ERR,ERR,ERR,ERR,ERR,ERR,ERR,ERR,ERR,ERR,ERR,ERR,ERR,ERR,ERR,ERR,ERR,ERR,ERR,ERR,ERR,ERR,ERR,ERR,ERR,ERR,ERR,ERR,ERR,ERR,ERR,ERR,ERR,ERR,ERR,ERR,ERR,ERR,ERR,ERR,ERR,ERR,ERR,ERR,ERR,ERR,ERR,ERR,ERR,ERR,ERR,ERR,ERR,ERR,ERR,ERR,ERR,ERR,ERR,ERR,ERR,ERR,ERR,ERR,ERR,ERR,ERR,ERR,ERR,ERR,ERR,ERR,ERR,ERR,ERR,ERR,ERR,ERR,ERR,ERR,ERR,ERR,ERR,ERR,ERR,ERR,ERR,ERR,ERR,ERR,ERR,ERR,ERR,ERR,ERR,ERR,ERR,ERR,0.0,2.7184303811560617e+23,-100794720.0,0.0,0.0,1.3936040501711995e+18,7.805,0.0,0,0,4,0,7116,0.0,100,0.0,0.0,0.0,0.0,0.0,0,0,0,0,0.0,0,0,0,0,0,0,0,0,0,0,0,0,0,0,0,0,0,0,0,0,0,0,0,0,0,0,0,0,0,0,0,0,0,31,40,40,71,65476,0,300,0,0,8,21553,0.0,-107605600.0,0.0,0.0,0.0,0.0,0.0,0.0,0.0,0.0,0.0,0.0,0.0,0.0,0.0,0.0,0.0,0.0,0.0,0.0,0.0,0.0,-2.004,-0.0,-0.0,-0.0,0.0,0.0,0.0,0.0,4470.0,564144692527104.0,6921.0,0.0,2.7184303811560617e+23,0.0,0.0,0.0,0.0,0.0,0.0,69,-4.950430145311814e+32,89220.391,0.0,0.0,0.0,0.0,0.0,0.0,0.0,0,0,0,0.0,0.0,0.0,0.0,0.0,0.0,0.0,0.0,0.0,0.0,0.0,0.0,0.0,0.0,0.0,0.0,0,-107875648.0,69,0.0,138,0.0,2.6474893195377515e+23,0,13107,17087,26215,17104,39322,17084,0,0,0,70,68,100,-0.0,82.1,0.0,78.8,-0.0,79.0,1,49,50,180,52429,13107,0,0,0.0,0.0,0.0,0.0,-0.0,67.0,0.0,162057.094,0.0,983,0,1016,0,0,0,956,0,1042,0,943,0,793,0,785,0,823,0,7520,0.032,2.524898095088995e+20,0.0,0.0,784,16797,-0.0,162057.094,-114818.039,-0.0,0.133,6.909358625270745e+28,30.0,70.0,35,0.0,0.0,0.0,0.0,0.0,0.0,0.0,0.0,0.0,0.0,0.0,0.0,0.0,0.0,0.0,0.0,66.0,0,150,71,52,65476,0,300,0,0,8,20529,65476,0,0,44564,70.0,0.0,0.0,0.0,0.0,0.0
2026-09-10T21:07:00,ERR,ERR,ERR,ERR,ERR,ERR,ERR,ERR,ERR,ERR,ERR,ERR,ERR,ERR,ERR,ERR,ERR,ERR,ERR,ERR,ERR,ERR,ERR,ERR,ERR,ERR,ERR,ERR,ERR,ERR,ERR,ERR,ERR,ERR,ERR,ERR,ERR,ERR,ERR,ERR,ERR,ERR,ERR,ERR,ERR,ERR,ERR,ERR,ERR,ERR,ERR,ERR,ERR,ERR,ERR,ERR,ERR,ERR,ERR,ERR,ERR,ERR,ERR,ERR,ERR,ERR,ERR,ERR,ERR,ERR,ERR,ERR,ERR,ERR,ERR,ERR,ERR,ERR,ERR,ERR,ERR,ERR,ERR,ERR,ERR,ERR,ERR,ERR,ERR,ERR,ERR,ERR,ERR,ERR,ERR,ERR,ERR,ERR,ERR,ERR,ERR,ERR,ERR,ERR,ERR,ERR,ERR,ERR,ERR,ERR,ERR,ERR,ERR,ERR,ERR,ERR,ERR,ERR,ERR,ERR,ERR,ERR,ERR,ERR,ERR,0.0,2.7184303811560617e+23,-100794720.0,0.0,0.0,1.3936040501711995e+18,7.805,0.0,0,0,4,0,7116,0.0,100,0.0,0.0,0.0,0.0,0.0,0,0,0,0,0.0,0,0,0,0,0,0,0,0,0,0,0,0,0,0,0,0,0,0,0,0,0,0,0,0,0,0,0,0,0,0,0,0,0,31,40,40,71,65476,0,300,0,0,8,21553,0.0,-107605600.0,0.0,0.0,0.0,0.0,0.0,0.0,0.0,0.0,0.0,0.0,0.0,0.0,0.0,0.0,0.0,0.0,0.0,0.0,0.0,0.0,-2.004,-0.0,-0.0,-0.0,0.0,0.0,0.0,0.0,4470.0,564144692527104.0,6921.0,0.0,2.7184303811560617e+23,0.0,0.0,0.0,0.0,0.0,0.0,69,-4.950430145311814e+32,89220.391,0.0,0.0,0.0,0.0,0.0,0.0,0.0,0,0,0,0.0,0.0,0.0,0.0,0.0,0.0,0.0,0.0,0.0,0.0,0.0,0.0,0.0,0.0,0.0,0.0,0,-107875648.0,69,0.0,138,0.0,2.6474893195377515e+23,0,13107,17087,26215,17104,39322,17084,0,0,0,70,68,100,-0.0,82.1,0.0,78.8,-0.0,79.0,1,49,50,180,52429,13107,0,0,0.0,0.0,0.0,0.0,-0.0,67.0,0.0,162057.094,0.0,983,0,1016,0,0,0,956,0,1042,0,943,0,793,0,785,0,823,0,7520,0.032,2.524898095088995e+20,0.0,0.0,784,16797,-0.0,162057.094,-114818.039,-0.0,0.133,6.909358625270745e+28,30.0,70.0,35,0.0,0.0,0.0,0.0,0.0,0.0,0.0,0.0,0.0,0.0,0.0,0.0,0.0,0.0,0.0,0.0,66.0,0,150,71,52,65476,0,300,0,0,8,20529,65476,0,0,44564,70.0,0.0,0.0,0.0,0.0,0.0
2026-09-10T21:07:01,ERR,ERR,ERR,ERR,ERR,ERR,ERR,ERR,ERR,ERR,ERR,ERR,ERR,ERR,ERR,ERR,ERR,ERR,ERR,ERR,ERR,ERR,ERR,ERR,ERR,ERR,ERR,ERR,ERR,ERR,ERR,ERR,ERR,ERR,ERR,ERR,ERR,ERR,ERR,ERR,ERR,ERR,ERR,ERR,ERR,ERR,ERR,ERR,ERR,ERR,ERR,ERR,ERR,ERR,ERR,ERR,ERR,ERR,ERR,ERR,ERR,ERR,ERR,ERR,ERR,ERR,ERR,ERR,ERR,ERR,ERR,ERR,ERR,ERR,ERR,ERR,ERR,ERR,ERR,ERR,ERR,ERR,ERR,ERR,ERR,ERR,ERR,ERR,ERR,ERR,ERR,ERR,ERR,ERR,ERR,ERR,ERR,ERR,ERR,ERR,ERR,ERR,ERR,ERR,ERR,ERR,ERR,ERR,ERR,ERR,ERR,ERR,ERR,ERR,ERR,ERR,ERR,ERR,ERR,ERR,ERR,ERR,ERR,ERR,ERR,0.0,2.7184303811560617e+23,-100794720.0,0.0,0.0,1.3936040501711995e+18,7.805,0.0,0,0,4,0,7116,0.0,100,0.0,0.0,0.0,0.0,0.0,0,0,0,0,0.0,0,0,0,0,0,0,0,0,0,0,0,0,0,0,0,0,0,0,0,0,0,0,0,0,0,0,0,0,0,0,0,0,0,31,40,40,71,65476,0,300,0,0,8,21553,0.0,-107605600.0,0.0,0.0,0.0,0.0,0.0,0.0,0.0,0.0,0.0,0.0,0.0,0.0,0.0,0.0,0.0,0.0,0.0,0.0,0.0,0.0,-2.004,-0.0,-0.0,-0.0,0.0,0.0,0.0,0.0,4470.0,564144692527104.0,6921.0,0.0,2.7184303811560617e+23,0.0,0.0,0.0,0.0,0.0,0.0,69,-4.950430145311814e+32,89220.391,0.0,0.0,0.0,0.0,0.0,0.0,0.0,0,0,0,0.0,0.0,0.0,0.0,0.0,0.0,0.0,0.0,0.0,0.0,0.0,0.0,0.0,0.0,0.0,0.0,0,-107875648.0,69,0.0,138,0.0,2.6474893195377515e+23,0,13107,17087,26215,17104,39322,17084,0,0,0,70,68,100,-0.0,82.1,0.0,78.8,-0.0,79.0,1,49,50,180,52429,13107,0,0,0.0,0.0,0.0,0.0,-0.0,67.0,0.0,162057.094,0.0,983,0,1016,0,0,0,956,0,1042,0,943,0,793,0,785,0,823,0,7520,0.032,2.524898095088995e+20,0.0,0.0,784,16797,-0.0,162057.094,-114818.039,-0.0,0.133,6.909358625270745e+28,30.0,70.0,35,0.0,0.0,0.0,0.0,0.0,0.0,0.0,0.0,0.0,0.0,0.0,0.0,0.0,0.0,0.0,0.0,66.4,0,150,71,52,65476,0,300,0,0,8,20529,65476,0,0,44564,70.0,0.0,0.0,0.0,0.0,0.0
2026-09-10T21:07:02,ERR,ERR,ERR,ERR,ERR,ERR,ERR,ERR,ERR,ERR,ERR,ERR,ERR,ERR,ERR,ERR,ERR,ERR,ERR,ERR,ERR,ERR,ERR,ERR,ERR,ERR,ERR,ERR,ERR,ERR,ERR,ERR,ERR,ERR,ERR,ERR,ERR,ERR,ERR,ERR,ERR,ERR,ERR,ERR,ERR,ERR,ERR,ERR,ERR,ERR,ERR,ERR,ERR,ERR,ERR,ERR,ERR,ERR,ERR,ERR,ERR,ERR,ERR,ERR,ERR,ERR,ERR,ERR,ERR,ERR,ERR,ERR,ERR,ERR,ERR,ERR,ERR,ERR,ERR,ERR,ERR,ERR,ERR,ERR,ERR,ERR,ERR,ERR,ERR,ERR,ERR,ERR,ERR,ERR,ERR,ERR,ERR,ERR,ERR,ERR,ERR,ERR,ERR,ERR,ERR,ERR,ERR,ERR,ERR,ERR,ERR,ERR,ERR,ERR,ERR,ERR,ERR,ERR,ERR,ERR,ERR,ERR,ERR,ERR,ERR,0.0,2.7184303811560617e+23,-100794720.0,0.0,0.0,1.3936040501711995e+18,7.805,0.0,0,0,4,0,7116,0.0,100,0.0,0.0,0.0,0.0,0.0,0,0,0,0,0.0,0,0,0,0,0,0,0,0,0,0,0,0,0,0,0,0,0,0,0,0,0,0,0,0,0,0,0,0,0,0,0,0,0,31,40,40,71,65476,0,300,0,0,8,21553,0.0,-107605600.0,0.0,0.0,0.0,0.0,0.0,0.0,0.0,0.0,0.0,0.0,0.0,0.0,0.0,0.0,0.0,0.0,0.0,0.0,0.0,0.0,-2.004,-0.0,-0.0,-0.0,0.0,0.0,0.0,0.0,4470.0,564144692527104.0,6921.0,0.0,2.7184303811560617e+23,0.0,0.0,0.0,0.0,0.0,0.0,69,-4.950430145311814e+32,89220.391,0.0,0.0,0.0,0.0,0.0,0.0,0.0,0,0,0,0.0,0.0,0.0,0.0,0.0,0.0,0.0,0.0,0.0,0.0,0.0,0.0,0.0,0.0,0.0,0.0,0,-107875648.0,69,0.0,138,0.0,2.6474893195377515e+23,0,13107,17087,26215,17104,39322,17084,0,0,0,70,68,100,-0.0,82.1,0.0,78.8,-0.0,79.0,1,49,50,180,52429,13107,0,0,0.0,0.0,0.0,0.0,-0.0,67.0,0.0,162057.094,0.0,983,0,1016,0,0,0,956,0,1042,0,943,0,793,0,785,0,823,0,7520,0.032,2.524898095088995e+20,0.0,0.0,784,16797,-0.0,162057.094,-114818.039,-0.0,0.133,6.909358625270745e+28,30.0,70.0,35,0.0,0.0,0.0,0.0,0.0,0.0,0.0,0.0,0.0,0.0,0.0,0.0,0.0,0.0,0.0,0.0,66.4,0,150,71,52,65476,0,300,0,0,8,20529,65476,0,0,44564,70.0,0.0,0.0,0.0,0.0,0.0
2026-09-10T21:07:03,ERR,ERR,ERR,ERR,ERR,ERR,ERR,ERR,ERR,ERR,ERR,ERR,ERR,ERR,ERR,ERR,ERR,ERR,ERR,ERR,ERR,ERR,ERR,ERR,ERR,ERR,ERR,ERR,ERR,ERR,ERR,ERR,ERR,ERR,ERR,ERR,ERR,ERR,ERR,ERR,ERR,ERR,ERR,ERR,ERR,ERR,ERR,ERR,ERR,ERR,ERR,ERR,ERR,ERR,ERR,ERR,ERR,ERR,ERR,ERR,ERR,ERR,ERR,ERR,ERR,ERR,ERR,ERR,ERR,ERR,ERR,ERR,ERR,ERR,ERR,ERR,ERR,ERR,ERR,ERR,ERR,ERR,ERR,ERR,ERR,ERR,ERR,ERR,ERR,ERR,ERR,ERR,ERR,ERR,ERR,ERR,ERR,ERR,ERR,ERR,ERR,ERR,ERR,ERR,ERR,ERR,ERR,ERR,ERR,ERR,ERR,ERR,ERR,ERR,ERR,ERR,ERR,ERR,ERR,ERR,ERR,ERR,ERR,ERR,ERR,0.0,2.7184303811560617e+23,-100794720.0,0.0,0.0,1.3936040501711995e+18,7.805,0.0,0,0,4,0,7116,0.0,100,0.0,0.0,0.0,0.0,0.0,0,0,0,0,0.0,0,0,0,0,0,0,0,0,0,0,0,0,0,0,0,0,0,0,0,0,0,0,0,0,0,0,0,0,0,0,0,0,0,31,40,40,71,65476,0,300,0,0,8,21553,0.0,-107605600.0,0.0,0.0,0.0,0.0,0.0,0.0,0.0,0.0,0.0,0.0,0.0,0.0,0.0,0.0,0.0,0.0,0.0,0.0,0.0,0.0,-2.004,-0.0,-0.0,-0.0,0.0,0.0,0.0,0.0,4470.0,564144692527104.0,6921.0,0.0,2.7184303811560617e+23,0.0,0.0,0.0,0.0,0.0,0.0,69,-4.950430145311814e+32,89220.391,0.0,0.0,0.0,0.0,0.0,0.0,0.0,0,0,0,0.0,0.0,0.0,0.0,0.0,0.0,0.0,0.0,0.0,0.0,0.0,0.0,0.0,0.0,0.0,0.0,0,-107875648.0,69,0.0,138,0.0,2.6474893195377515e+23,0,13107,17087,26215,17104,39322,17084,0,0,0,70,68,100,-0.0,82.0,0.0,78.8,-0.0,79.0,1,49,50,180,52429,13107,0,0,0.0,0.0,0.0,0.0,-0.0,67.0,0.0,162057.094,0.0,984,0,1016,0,0,0,956,0,1042,0,943,0,793,0,785,0,823,0,7520,0.032,2.524898095088995e+20,0.0,0.0,784,16797,-0.0,162057.094,-114818.039,-0.0,0.133,6.909358625270745e+28,30.0,70.0,35,0.0,0.0,0.0,0.0,0.0,0.0,0.0,0.0,0.0,0.0,0.0,0.0,0.0,0.0,0.0,0.0,66.4,0,150,71,52,65476,0,300,0,0,8,20529,65476,0,0,44564,70.0,0.0,0.0,0.0,0.0,0.0
2026-09-10T21:07:04,ERR,ERR,ERR,ERR,ERR,ERR,ERR,ERR,ERR,ERR,ERR,ERR,ERR,ERR,ERR,ERR,ERR,ERR,ERR,ERR,ERR,ERR,ERR,ERR,ERR,ERR,ERR,ERR,ERR,ERR,ERR,ERR,ERR,ERR,ERR,ERR,ERR,ERR,ERR,ERR,ERR,ERR,ERR,ERR,ERR,ERR,ERR,ERR,ERR,ERR,ERR,ERR,ERR,ERR,ERR,ERR,ERR,ERR,ERR,ERR,ERR,ERR,ERR,ERR,ERR,ERR,ERR,ERR,ERR,ERR,ERR,ERR,ERR,ERR,ERR,ERR,ERR,ERR,ERR,ERR,ERR,ERR,ERR,ERR,ERR,ERR,ERR,ERR,ERR,ERR,ERR,ERR,ERR,ERR,ERR,ERR,ERR,ERR,ERR,ERR,ERR,ERR,ERR,ERR,ERR,ERR,ERR,ERR,ERR,ERR,ERR,ERR,ERR,ERR,ERR,ERR,ERR,ERR,ERR,ERR,ERR,ERR,ERR,ERR,ERR,0.0,2.7184303811560617e+23,-100794720.0,0.0,0.0,1.3936040501711995e+18,7.805,0.0,0,0,4,0,7116,0.0,100,0.0,0.0,0.0,0.0,0.0,0,0,0,0,0.0,0,0,0,0,0,0,0,0,0,0,0,0,0,0,0,0,0,0,0,0,0,0,0,0,0,0,0,0,0,0,0,0,0,31,40,40,71,65476,0,300,0,0,8,21553,0.0,-107605600.0,0.0,0.0,0.0,0.0,0.0,0.0,0.0,0.0,0.0,0.0,0.0,0.0,0.0,0.0,0.0,0.0,0.0,0.0,0.0,0.0,-2.004,-0.0,-0.0,-0.0,0.0,0.0,0.0,0.0,4470.0,564144692527104.0,6921.0,0.0,2.7184303811560617e+23,0.0,0.0,0.0,0.0,0.0,0.0,69,-4.950430145311814e+32,89220.391,0.0,0.0,0.0,0.0,0.0,0.0,0.0,0,0,0,0.0,0.0,0.0,0.0,0.0,0.0,0.0,0.0,0.0,0.0,0.0,0.0,0.0,0.0,0.0,0.0,0,-107875648.0,69,0.0,138,0.0,2.6474893195377515e+23,0,13107,17087,26215,17104,39322,17084,0,0,0,70,68,100,-0.0,82.0,0.0,78.8,-0.0,79.0,1,49,50,180,52429,13107,0,0,0.0,0.0,0.0,0.0,-0.0,67.0,0.0,162057.094,0.0,984,0,1016,0,0,0,956,0,1042,0,943,0,793,0,785,0,823,0,7520,0.032,2.524898095088995e+20,0.0,0.0,784,16797,-0.0,162057.094,-114818.039,-0.0,0.133,6.909358625270745e+28,30.0,70.0,35,0.0,0.0,0.0,0.0,0.0,0.0,0.0,0.0,0.0,0.0,0.0,0.0,0.0,0.0,0.0,0.0,66.4,0,150,71,52,65476,0,300,0,0,8,20529,65476,0,0,44564,70.0,0.0,0.0,0.0,0.0,0.0
2026-09-10T21:07:05,ERR,ERR,ERR,ERR,ERR,ERR,ERR,ERR,ERR,ERR,ERR,ERR,ERR,ERR,ERR,ERR,ERR,ERR,ERR,ERR,ERR,ERR,ERR,ERR,ERR,ERR,ERR,ERR,ERR,ERR,ERR,ERR,ERR,ERR,ERR,ERR,ERR,ERR,ERR,ERR,ERR,ERR,ERR,ERR,ERR,ERR,ERR,ERR,ERR,ERR,ERR,ERR,ERR,ERR,ERR,ERR,ERR,ERR,ERR,ERR,ERR,ERR,ERR,ERR,ERR,ERR,ERR,ERR,ERR,ERR,ERR,ERR,ERR,ERR,ERR,ERR,ERR,ERR,ERR,ERR,ERR,ERR,ERR,ERR,ERR,ERR,ERR,ERR,ERR,ERR,ERR,ERR,ERR,ERR,ERR,ERR,ERR,ERR,ERR,ERR,ERR,ERR,ERR,ERR,ERR,ERR,ERR,ERR,ERR,ERR,ERR,ERR,ERR,ERR,ERR,ERR,ERR,ERR,ERR,ERR,ERR,ERR,ERR,ERR,ERR,0.0,2.7184303811560617e+23,-100794720.0,0.0,0.0,1.3936040501711995e+18,7.805,0.0,0,0,4,0,7116,0.0,100,0.0,0.0,0.0,0.0,0.0,0,0,0,0,0.0,0,0,0,0,0,0,0,0,0,0,0,0,0,0,0,0,0,0,0,0,0,0,0,0,0,0,0,0,0,0,0,0,0,31,40,40,71,65476,0,300,0,0,8,21553,0.0,-107605600.0,0.0,0.0,0.0,0.0,0.0,0.0,0.0,0.0,0.0,0.0,0.0,0.0,0.0,0.0,0.0,0.0,0.0,0.0,0.0,0.0,-2.004,-0.0,-0.0,-0.0,0.0,0.0,0.0,0.0,4470.0,564144692527104.0,6921.0,0.0,2.7184303811560617e+23,0.0,0.0,0.0,0.0,0.0,0.0,69,-4.950430145311814e+32,89220.391,0.0,0.0,0.0,0.0,0.0,0.0,0.0,0,0,0,0.0,0.0,0.0,0.0,0.0,0.0,0.0,0.0,0.0,0.0,0.0,0.0,0.0,0.0,0.0,0.0,0,-107875648.0,69,0.0,138,0.0,2.6474893195377515e+23,0,13107,17087,26215,17104,39322,17084,0,0,0,70,68,100,-0.0,82.0,0.0,78.8,-0.0,79.0,1,49,50,180,52429,13107,0,0,0.0,0.0,0.0,0.0,-0.0,67.0,0.0,162057.094,0.0,984,0,1016,0,0,0,956,0,1042,0,943,0,793,0,785,0,823,0,7520,0.032,2.524898095088995e+20,0.0,0.0,784,16797,-0.0,162057.094,-114818.039,-0.0,0.133,6.909358625270745e+28,30.0,70.0,35,0.0,0.0,0.0,0.0,0.0,0.0,0.0,0.0,0.0,0.0,0.0,0.0,0.0,0.0,0.0,0.0,66.4,0,150,71,52,65476,0,300,0,0,8,20529,65476,0,0,44564,70.0,0.0,0.0,0.0,0.0,0.0
2026-09-10T21:07:06,ERR,ERR,ERR,ERR,ERR,ERR,ERR,ERR,ERR,ERR,ERR,ERR,ERR,ERR,ERR,ERR,ERR,ERR,ERR,ERR,ERR,ERR,ERR,ERR,ERR,ERR,ERR,ERR,ERR,ERR,ERR,ERR,ERR,ERR,ERR,ERR,ERR,ERR,ERR,ERR,ERR,ERR,ERR,ERR,ERR,ERR,ERR,ERR,ERR,ERR,ERR,ERR,ERR,ERR,ERR,ERR,ERR,ERR,ERR,ERR,ERR,ERR,ERR,ERR,ERR,ERR,ERR,ERR,ERR,ERR,ERR,ERR,ERR,ERR,ERR,ERR,ERR,ERR,ERR,ERR,ERR,ERR,ERR,ERR,ERR,ERR,ERR,ERR,ERR,ERR,ERR,ERR,ERR,ERR,ERR,ERR,ERR,ERR,ERR,ERR,ERR,ERR,ERR,ERR,ERR,ERR,ERR,ERR,ERR,ERR,ERR,ERR,ERR,ERR,ERR,ERR,ERR,ERR,ERR,ERR,ERR,ERR,ERR,ERR,ERR,0.0,2.7184303811560617e+23,-100794720.0,0.0,0.0,1.3936040501711995e+18,7.805,0.0,0,0,4,0,7116,0.0,100,0.0,0.0,0.0,0.0,0.0,0,0,0,0,0.0,0,0,0,0,0,0,0,0,0,0,0,0,0,0,0,0,0,0,0,0,0,0,0,0,0,0,0,0,0,0,0,0,0,31,40,40,71,65476,0,300,0,0,8,21553,0.0,-107605600.0,0.0,0.0,0.0,0.0,0.0,0.0,0.0,0.0,0.0,0.0,0.0,0.0,0.0,0.0,0.0,0.0,0.0,0.0,0.0,0.0,-2.004,-0.0,-0.0,-0.0,0.0,0.0,0.0,0.0,4470.0,564144692527104.0,6921.0,0.0,2.7184303811560617e+23,0.0,0.0,0.0,0.0,0.0,0.0,69,-4.950430145311814e+32,89220.391,0.0,0.0,0.0,0.0,0.0,0.0,0.0,0,0,0,0.0,0.0,0.0,0.0,0.0,0.0,0.0,0.0,0.0,0.0,0.0,0.0,0.0,0.0,0.0,0.0,0,-107875648.0,69,0.0,138,0.0,2.6474893195377515e+23,0,13107,17087,26215,17104,39322,17084,0,0,0,70,68,100,-0.0,82.0,0.0,78.8,-0.0,79.0,1,49,50,180,52429,13107,0,0,0.0,0.0,0.0,0.0,-0.0,67.0,0.0,162057.094,0.0,984,0,1016,0,0,0,956,0,1042,0,943,0,793,0,785,0,823,0,7520,0.032,2.524898095088995e+20,0.0,0.0,784,16797,-0.0,162057.094,-114818.039,-0.0,0.133,6.909358625270745e+28,30.0,70.0,35,0.0,0.0,0.0,0.0,0.0,0.0,0.0,0.0,0.0,0.0,0.0,0.0,0.0,0.0,0.0,0.0,66.4,0,150,71,52,65476,0,300,0,0,8,20529,65476,0,0,44564,70.0,0.0,0.0,0.0,0.0,0.0
2026-09-10T21:07:07,ERR,ERR,ERR,ERR,ERR,ERR,ERR,ERR,ERR,ERR,ERR,ERR,ERR,ERR,ERR,ERR,ERR,ERR,ERR,ERR,ERR,ERR,ERR,ERR,ERR,ERR,ERR,ERR,ERR,ERR,ERR,ERR,ERR,ERR,ERR,ERR,ERR,ERR,ERR,ERR,ERR,ERR,ERR,ERR,ERR,ERR,ERR,ERR,ERR,ERR,ERR,ERR,ERR,ERR,ERR,ERR,ERR,ERR,ERR,ERR,ERR,ERR,ERR,ERR,ERR,ERR,ERR,ERR,ERR,ERR,ERR,ERR,ERR,ERR,ERR,ERR,ERR,ERR,ERR,ERR,ERR,ERR,ERR,ERR,ERR,ERR,ERR,ERR,ERR,ERR,ERR,ERR,ERR,ERR,ERR,ERR,ERR,ERR,ERR,ERR,ERR,ERR,ERR,ERR,ERR,ERR,ERR,ERR,ERR,ERR,ERR,ERR,ERR,ERR,ERR,ERR,ERR,ERR,ERR,ERR,ERR,ERR,ERR,ERR,ERR,0.0,2.7184303811560617e+23,-100794720.0,0.0,0.0,1.3936040501711995e+18,7.805,0.0,0,0,4,0,7116,0.0,100,0.0,0.0,0.0,0.0,0.0,0,0,0,0,0.0,0,0,0,0,0,0,0,0,0,0,0,0,0,0,0,0,0,0,0,0,0,0,0,0,0,0,0,0,0,0,0,0,0,31,40,40,71,65476,0,300,0,0,8,21553,0.0,-107605600.0,0.0,0.0,0.0,0.0,0.0,0.0,0.0,0.0,0.0,0.0,0.0,0.0,0.0,0.0,0.0,0.0,0.0,0.0,0.0,0.0,-2.004,-0.0,-0.0,2.004,0.0,0.0,0.0,0.0,4476.0,-0.0,6926.0,0.0,2.7184303811560617e+23,0.0,0.0,0.0,0.0,0.0,0.0,69,0.0,5.848046968061515e+35,0.0,0.0,0.0,0.0,0.0,0.0,0.0,0,0,0,0.0,0.0,0.0,0.0,0.0,0.0,0.0,0.0,0.0,0.0,0.0,0.0,0.0,0.0,0.0,0.0,0,-107875648.0,69,0.0,138,0.0,0.0,0,13107,17087,26215,17104,39322,17084,0,0,0,70,68,100,-0.0,82.0,0.0,78.8,-0.0,79.0,1,49,50,180,52429,13107,0,0,0.0,0.0,0.0,0.0,-0.0,67.0,0.0,162057.094,0.0,984,0,1016,0,0,0,956,0,1042,0,943,0,793,0,785,0,823,0,7520,0.032,2.524898095088995e+20,0.0,0.0,784,16797,-0.0,162057.094,-114818.039,-0.0,0.133,6.909358625270745e+28,30.0,70.0,35,0.0,0.0,0.0,0.0,0.0,0.0,0.0,0.0,0.0,0.0,0.0,0.0,0.0,0.0,0.0,0.0,66.4,0,150,71,52,65476,0,300,0,0,8,20529,65476,0,0,44564,70.0,0.0,0.0,0.0,0.0,0.0
2026-09-10T21:07:08,ERR,ERR,ERR,ERR,ERR,ERR,ERR,ERR,ERR,ERR,ERR,ERR,ERR,ERR,ERR,ERR,ERR,ERR,ERR,ERR,ERR,ERR,ERR,ERR,ERR,ERR,ERR,ERR,ERR,ERR,ERR,ERR,ERR,ERR,ERR,ERR,ERR,ERR,ERR,ERR,ERR,ERR,ERR,ERR,ERR,ERR,ERR,ERR,ERR,ERR,ERR,ERR,ERR,ERR,ERR,ERR,ERR,ERR,ERR,ERR,ERR,ERR,ERR,ERR,ERR,ERR,ERR,ERR,ERR,ERR,ERR,ERR,ERR,ERR,ERR,ERR,ERR,ERR,ERR,ERR,ERR,ERR,ERR,ERR,ERR,ERR,ERR,ERR,ERR,ERR,ERR,ERR,ERR,ERR,ERR,ERR,ERR,ERR,ERR,ERR,ERR,ERR,ERR,ERR,ERR,ERR,ERR,ERR,ERR,ERR,ERR,ERR,ERR,ERR,ERR,ERR,ERR,ERR,ERR,ERR,ERR,ERR,ERR,ERR,ERR,0.0,2.7184303811560617e+23,-100794720.0,0.0,0.0,1.3936040501711995e+18,7.805,0.0,0,0,4,0,7116,0.0,100,0.0,0.0,0.0,0.0,0.0,0,0,0,0,0.0,0,0,0,0,0,0,0,0,0,0,0,0,0,0,0,0,0,0,0,0,0,0,0,0,0,0,0,0,0,0,0,0,0,31,40,40,71,65476,0,300,0,0,8,21553,0.0,-107605600.0,0.0,0.0,0.0,0.0,0.0,0.0,0.0,0.0,0.0,0.0,0.0,0.0,0.0,0.0,0.0,0.0,0.0,0.0,0.0,0.0,-2.004,-0.0,-0.0,2.004,0.0,0.0,0.0,0.0,4476.0,-0.0,6926.0,0.0,2.7184303811560617e+23,0.0,0.0,0.0,0.0,0.0,0.0,69,0.0,5.848046968061515e+35,0.0,0.0,0.0,0.0,0.0,0.0,0.0,0,0,0,0.0,0.0,0.0,0.0,0.0,0.0,0.0,0.0,0.0,0.0,0.0,0.0,0.0,0.0,0.0,0.0,0,-107875648.0,69,0.0,138,0.0,0.0,0,13107,17087,26215,17104,39322,17084,0,0,0,70,68,100,-0.0,82.0,0.0,78.8,-0.0,79.0,1,49,50,180,52429,13107,0,0,0.0,0.0,0.0,0.0,-0.0,67.0,0.0,162057.094,0.0,984,0,1016,0,0,0,956,0,1042,0,943,0,793,0,785,0,823,0,7520,0.032,2.524898095088995e+20,0.0,0.0,784,16797,-0.0,162057.094,-114818.039,-0.0,0.133,6.909358625270745e+28,30.0,70.0,35,0.0,0.0,0.0,0.0,0.0,0.0,0.0,0.0,0.0,0.0,0.0,0.0,0.0,0.0,0.0,0.0,66.4,0,150,71,52,65476,0,300,0,0,8,20529,65476,0,0,44564,70.0,0.0,0.0,0.0,0.0,0.0
2026-09-10T21:07:09,ERR,ERR,ERR,ERR,ERR,ERR,ERR,ERR,ERR,ERR,ERR,ERR,ERR,ERR,ERR,ERR,ERR,ERR,ERR,ERR,ERR,ERR,ERR,ERR,ERR,ERR,ERR,ERR,ERR,ERR,ERR,ERR,ERR,ERR,ERR,ERR,ERR,ERR,ERR,ERR,ERR,ERR,ERR,ERR,ERR,ERR,ERR,ERR,ERR,ERR,ERR,ERR,ERR,ERR,ERR,ERR,ERR,ERR,ERR,ERR,ERR,ERR,ERR,ERR,ERR,ERR,ERR,ERR,ERR,ERR,ERR,ERR,ERR,ERR,ERR,ERR,ERR,ERR,ERR,ERR,ERR,ERR,ERR,ERR,ERR,ERR,ERR,ERR,ERR,ERR,ERR,ERR,ERR,ERR,ERR,ERR,ERR,ERR,ERR,ERR,ERR,ERR,ERR,ERR,ERR,ERR,ERR,ERR,ERR,ERR,ERR,ERR,ERR,ERR,ERR,ERR,ERR,ERR,ERR,ERR,ERR,ERR,ERR,ERR,ERR,0.0,2.7184303811560617e+23,-100794720.0,0.0,0.0,1.3936040501711995e+18,7.805,0.0,0,0,4,0,7116,0.0,100,0.0,0.0,0.0,0.0,0.0,0,0,0,0,0.0,0,0,0,0,0,0,0,0,0,0,0,0,0,0,0,0,0,0,0,0,0,0,0,0,0,0,0,0,0,0,0,0,0,31,40,40,71,65476,0,300,0,0,8,21553,0.0,-107605600.0,0.0,0.0,0.0,0.0,0.0,0.0,0.0,0.0,0.0,0.0,0.0,0.0,0.0,0.0,0.0,0.0,0.0,0.0,0.0,0.0,-2.004,-0.0,-0.0,2.004,0.0,0.0,0.0,0.0,4476.0,-0.0,6926.0,0.0,2.7184303811560617e+23,0.0,0.0,0.0,0.0,0.0,0.0,69,0.0,5.848046968061515e+35,0.0,0.0,0.0,0.0,0.0,0.0,0.0,0,0,0,0.0,0.0,0.0,0.0,0.0,0.0,0.0,0.0,0.0,0.0,0.0,0.0,0.0,0.0,0.0,0.0,0,-107875648.0,69,0.0,138,0.0,0.0,0,13107,17087,39322,17104,39322,17084,0,0,0,70,68,100,-0.0,82.0,0.0,78.8,-0.0,79.0,1,49,50,180,52429,13107,0,0,0.0,0.0,0.0,0.0,-0.0,67.0,0.0,162057.094,0.0,984,0,1015,0,0,0,956,0,1042,0,943,0,793,0,785,0,823,0,7520,0.032,2.501839664996858e+20,0.0,0.0,784,16797,-0.0,162057.094,-114818.039,-0.0,0.133,6.909358625270745e+28,30.0,70.0,35,0.0,0.0,0.0,0.0,0.0,0.0,0.0,0.0,0.0,0.0,0.0,0.0,0.0,0.0,0.0,0.0,66.0,0,150,71,52,65476,0,300,0,0,8,20529,65476,0,0,44564,70.0,0.0,0.0,0.0,0.0,0.0
2026-09-10T21:07:10,ERR,ERR,ERR,ERR,ERR,ERR,ERR,ERR,ERR,ERR,ERR,ERR,ERR,ERR,ERR,ERR,ERR,ERR,ERR,ERR,ERR,ERR,ERR,ERR,ERR,ERR,ERR,ERR,ERR,ERR,ERR,ERR,ERR,ERR,ERR,ERR,ERR,ERR,ERR,ERR,ERR,ERR,ERR,ERR,ERR,ERR,ERR,ERR,ERR,ERR,ERR,ERR,ERR,ERR,ERR,ERR,ERR,ERR,ERR,ERR,ERR,ERR,ERR,ERR,ERR,ERR,ERR,ERR,ERR,ERR,ERR,ERR,ERR,ERR,ERR,ERR,ERR,ERR,ERR,ERR,ERR,ERR,ERR,ERR,ERR,ERR,ERR,ERR,ERR,ERR,ERR,ERR,ERR,ERR,ERR,ERR,ERR,ERR,ERR,ERR,ERR,ERR,ERR,ERR,ERR,ERR,ERR,ERR,ERR,ERR,ERR,ERR,ERR,ERR,ERR,ERR,ERR,ERR,ERR,ERR,ERR,ERR,ERR,ERR,ERR,0.0,2.7184303811560617e+23,-100794720.0,0.0,0.0,1.3936040501711995e+18,7.805,0.0,0,0,4,0,7116,0.0,100,0.0,0.0,0.0,0.0,0.0,0,0,0,0,0.0,0,0,0,0,0,0,0,0,0,0,0,0,0,0,0,0,0,0,0,0,0,0,0,0,0,0,0,0,0,0,0,0,0,31,40,40,71,65476,0,300,0,0,8,21553,0.0,-107605600.0,0.0,0.0,0.0,0.0,0.0,0.0,0.0,0.0,0.0,0.0,0.0,0.0,0.0,0.0,0.0,0.0,0.0,0.0,0.0,0.0,-2.004,-0.0,-0.0,2.004,0.0,0.0,0.0,0.0,4476.0,-0.0,6926.0,0.0,2.7184303811560617e+23,0.0,0.0,0.0,0.0,0.0,0.0,69,0.0,5.848046968061515e+35,0.0,0.0,0.0,0.0,0.0,0.0,0.0,0,0,0,0.0,0.0,0.0,0.0,0.0,0.0,0.0,0.0,0.0,0.0,0.0,0.0,0.0,0.0,0.0,0.0,0,-107875648.0,69,0.0,138,0.0,0.0,0,13107,17087,39322,17104,39322,17084,0,0,0,70,68,100,-0.0,82.0,0.0,78.8,-0.0,79.0,1,49,50,180,52429,13107,0,0,0.0,0.0,0.0,0.0,-0.0,67.0,0.0,162057.094,0.0,984,0,1015,0,0,0,956,0,1042,0,943,0,793,0,785,0,823,0,7520,0.032,2.501839664996858e+20,0.0,0.0,784,16797,-0.0,162057.094,-114818.039,-0.0,0.133,6.909358625270745e+28,30.0,70.0,35,0.0,0.0,0.0,0.0,0.0,0.0,0.0,0.0,0.0,0.0,0.0,0.0,0.0,0.0,0.0,0.0,66.0,0,150,71,52,65476,0,300,0,0,8,20529,65476,0,0,44564,70.0,0.0,0.0,0.0,0.0,0.0
2026-09-10T21:07:11,ERR,ERR,ERR,ERR,ERR,ERR,ERR,ERR,ERR,ERR,ERR,ERR,ERR,ERR,ERR,ERR,ERR,ERR,ERR,ERR,ERR,ERR,ERR,ERR,ERR,ERR,ERR,ERR,ERR,ERR,ERR,ERR,ERR,ERR,ERR,ERR,ERR,ERR,ERR,ERR,ERR,ERR,ERR,ERR,ERR,ERR,ERR,ERR,ERR,ERR,ERR,ERR,ERR,ERR,ERR,ERR,ERR,ERR,ERR,ERR,ERR,ERR,ERR,ERR,ERR,ERR,ERR,ERR,ERR,ERR,ERR,ERR,ERR,ERR,ERR,ERR,ERR,ERR,ERR,ERR,ERR,ERR,ERR,ERR,ERR,ERR,ERR,ERR,ERR,ERR,ERR,ERR,ERR,ERR,ERR,ERR,ERR,ERR,ERR,ERR,ERR,ERR,ERR,ERR,ERR,ERR,ERR,ERR,ERR,ERR,ERR,ERR,ERR,ERR,ERR,ERR,ERR,ERR,ERR,ERR,ERR,ERR,ERR,ERR,ERR,0.0,2.7184303811560617e+23,-100794720.0,0.0,0.0,1.3936040501711995e+18,7.805,0.0,0,0,4,0,7116,0.0,100,0.0,0.0,0.0,0.0,0.0,0,0,0,0,0.0,0,0,0,0,0,0,0,0,0,0,0,0,0,0,0,0,0,0,0,0,0,0,0,0,0,0,0,0,0,0,0,0,0,31,40,40,71,65476,0,300,0,0,8,21553,0.0,-107605600.0,0.0,0.0,0.0,0.0,0.0,0.0,0.0,0.0,0.0,0.0,0.0,0.0,0.0,0.0,0.0,0.0,0.0,0.0,0.0,0.0,-2.004,-0.0,-0.0,2.004,0.0,0.0,0.0,0.0,4476.0,-0.0,6926.0,0.0,2.7184303811560617e+23,0.0,0.0,0.0,0.0,0.0,0.0,69,0.0,5.848046968061515e+35,0.0,0.0,0.0,0.0,0.0,0.0,0.0,0,0,0,0.0,0.0,0.0,0.0,0.0,0.0,0.0,0.0,0.0,0.0,0.0,0.0,0.0,0.0,0.0,0.0,0,-107875648.0,69,0.0,138,0.0,0.0,0,13107,17087,39322,17104,39322,17084,0,0,0,70,68,100,-0.0,82.0,0.0,78.8,-0.0,79.0,1,49,50,180,52429,13107,0,0,0.0,0.0,0.0,0.0,-0.0,67.0,0.0,162057.094,0.0,984,0,1015,0,0,0,956,0,1042,0,943,0,793,0,785,0,823,0,7520,0.032,2.501839664996858e+20,0.0,0.0,784,16797,-0.0,162057.094,-114818.039,-0.0,0.133,6.909358625270745e+28,30.0,70.0,35,0.0,0.0,0.0,0.0,0.0,0.0,0.0,0.0,0.0,0.0,0.0,0.0,0.0,0.0,0.0,0.0,66.0,0,150,71,52,65476,0,300,0,0,8,20529,65476,0,0,44564,70.0,0.0,0.0,0.0,0.0,0.0
2026-09-10T21:07:12,ERR,ERR,ERR,ERR,ERR,ERR,ERR,ERR,ERR,ERR,ERR,ERR,ERR,ERR,ERR,ERR,ERR,ERR,ERR,ERR,ERR,ERR,ERR,ERR,ERR,ERR,ERR,ERR,ERR,ERR,ERR,ERR,ERR,ERR,ERR,ERR,ERR,ERR,ERR,ERR,ERR,ERR,ERR,ERR,ERR,ERR,ERR,ERR,ERR,ERR,ERR,ERR,ERR,ERR,ERR,ERR,ERR,ERR,ERR,ERR,ERR,ERR,ERR,ERR,ERR,ERR,ERR,ERR,ERR,ERR,ERR,ERR,ERR,ERR,ERR,ERR,ERR,ERR,ERR,ERR,ERR,ERR,ERR,ERR,ERR,ERR,ERR,ERR,ERR,ERR,ERR,ERR,ERR,ERR,ERR,ERR,ERR,ERR,ERR,ERR,ERR,ERR,ERR,ERR,ERR,ERR,ERR,ERR,ERR,ERR,ERR,ERR,ERR,ERR,ERR,ERR,ERR,ERR,ERR,ERR,ERR,ERR,ERR,ERR,ERR,0.0,2.7184303811560617e+23,-100794720.0,0.0,0.0,1.3936040501711995e+18,7.805,0.0,0,0,4,0,7116,0.0,100,0.0,0.0,0.0,0.0,0.0,0,0,0,0,0.0,0,0,0,0,0,0,0,0,0,0,0,0,0,0,0,0,0,0,0,0,0,0,0,0,0,0,0,0,0,0,0,0,0,31,40,40,71,65476,0,300,0,0,8,21553,0.0,-107605600.0,0.0,0.0,0.0,0.0,0.0,0.0,0.0,0.0,0.0,0.0,0.0,0.0,0.0,0.0,0.0,0.0,0.0,0.0,0.0,0.0,-2.004,-0.0,-0.0,2.004,0.0,0.0,0.0,0.0,4476.0,-0.0,6926.0,0.0,2.7184303811560617e+23,0.0,0.0,0.0,0.0,0.0,0.0,69,0.0,5.848046968061515e+35,0.0,0.0,0.0,0.0,0.0,0.0,0.0,0,0,0,0.0,0.0,0.0,0.0,0.0,0.0,0.0,0.0,0.0,0.0,0.0,0.0,0.0,0.0,0.0,0.0,0,-107875648.0,69,0.0,138,0.0,0.0,0,13107,17087,39322,17104,39322,17084,0,0,0,70,68,100,-0.0,82.0,0.0,78.8,-0.0,79.0,1,49,50,180,52429,13107,0,0,0.0,0.0,0.0,0.0,-0.0,67.0,0.0,162057.094,0.0,984,0,1015,0,0,0,956,0,1042,0,943,0,793,0,785,0,823,0,7520,0.032,2.501839664996858e+20,0.0,0.0,784,16797,-0.0,162057.094,-114818.039,-0.0,0.133,6.909358625270745e+28,30.0,70.0,35,0.0,0.0,0.0,0.0,0.0,0.0,0.0,0.0,0.0,0.0,0.0,0.0,0.0,0.0,0.0,0.0,66.0,0,150,71,52,65476,0,300,0,0,8,20529,65476,0,0,44564,70.0,0.0,0.0,0.0,0.0,0.0
2026-09-10T21:07:13,ERR,ERR,ERR,ERR,ERR,ERR,ERR,ERR,ERR,ERR,ERR,ERR,ERR,ERR,ERR,ERR,ERR,ERR,ERR,ERR,ERR,ERR,ERR,ERR,ERR,ERR,ERR,ERR,ERR,ERR,ERR,ERR,ERR,ERR,ERR,ERR,ERR,ERR,ERR,ERR,ERR,ERR,ERR,ERR,ERR,ERR,ERR,ERR,ERR,ERR,ERR,ERR,ERR,ERR,ERR,ERR,ERR,ERR,ERR,ERR,ERR,ERR,ERR,ERR,ERR,ERR,ERR,ERR,ERR,ERR,ERR,ERR,ERR,ERR,ERR,ERR,ERR,ERR,ERR,ERR,ERR,ERR,ERR,ERR,ERR,ERR,ERR,ERR,ERR,ERR,ERR,ERR,ERR,ERR,ERR,ERR,ERR,ERR,ERR,ERR,ERR,ERR,ERR,ERR,ERR,ERR,ERR,ERR,ERR,ERR,ERR,ERR,ERR,ERR,ERR,ERR,ERR,ERR,ERR,ERR,ERR,ERR,ERR,ERR,ERR,0.0,2.7184303811560617e+23,-100794720.0,0.0,0.0,1.3936040501711995e+18,7.805,0.0,0,0,4,0,7116,0.0,100,0.0,0.0,0.0,0.0,0.0,0,0,0,0,0.0,0,0,0,0,0,0,0,0,0,0,0,0,0,0,0,0,0,0,0,0,0,0,0,0,0,0,0,0,0,0,0,0,0,31,40,40,71,65476,0,300,0,0,8,21553,0.0,-107605600.0,0.0,0.0,0.0,0.0,0.0,0.0,0.0,0.0,0.0,0.0,0.0,0.0,0.0,0.0,0.0,0.0,0.0,0.0,0.0,0.0,-2.004,-0.0,-0.0,2.004,0.0,0.0,0.0,0.0,4476.0,-0.0,6926.0,0.0,2.7184303811560617e+23,0.0,0.0,0.0,0.0,0.0,0.0,69,0.0,5.848046968061515e+35,0.0,0.0,0.0,0.0,0.0,0.0,0.0,0,0,0,0.0,0.0,0.0,0.0,0.0,0.0,0.0,0.0,0.0,0.0,0.0,0.0,0.0,0.0,0.0,0.0,0,-107875648.0,69,0.0,138,0.0,0.0,0,13107,17087,39322,17104,39322,17084,0,0,0,70,68,100,-0.0,82.0,0.0,78.8,-0.0,79.0,1,49,50,180,52429,13107,0,0,0.0,0.0,0.0,0.0,-0.0,67.0,0.0,162057.094,0.0,984,0,1015,0,0,0,956,0,1042,0,943,0,793,0,785,0,823,0,7520,0.032,2.501839664996858e+20,0.0,0.0,784,16797,-0.0,162057.094,-114818.039,-0.0,0.133,6.909358625270745e+28,30.0,70.0,35,0.0,0.0,0.0,0.0,0.0,0.0,0.0,0.0,0.0,0.0,0.0,0.0,0.0,0.0,0.0,0.0,66.0,0,150,71,52,65476,0,300,0,0,8,20529,65476,0,0,44564,70.0,0.0,0.0,0.0,0.0,0.0
2026-09-10T21:07:14,ERR,ERR,ERR,ERR,ERR,ERR,ERR,ERR,ERR,ERR,ERR,ERR,ERR,ERR,ERR,ERR,ERR,ERR,ERR,ERR,ERR,ERR,ERR,ERR,ERR,ERR,ERR,ERR,ERR,ERR,ERR,ERR,ERR,ERR,ERR,ERR,ERR,ERR,ERR,ERR,ERR,ERR,ERR,ERR,ERR,ERR,ERR,ERR,ERR,ERR,ERR,ERR,ERR,ERR,ERR,ERR,ERR,ERR,ERR,ERR,ERR,ERR,ERR,ERR,ERR,ERR,ERR,ERR,ERR,ERR,ERR,ERR,ERR,ERR,ERR,ERR,ERR,ERR,ERR,ERR,ERR,ERR,ERR,ERR,ERR,ERR,ERR,ERR,ERR,ERR,ERR,ERR,ERR,ERR,ERR,ERR,ERR,ERR,ERR,ERR,ERR,ERR,ERR,ERR,ERR,ERR,ERR,ERR,ERR,ERR,ERR,ERR,ERR,ERR,ERR,ERR,ERR,ERR,ERR,ERR,ERR,ERR,ERR,ERR,ERR,0.0,2.7184303811560617e+23,-100794720.0,0.0,0.0,1.3936040501711995e+18,7.805,0.0,0,0,4,0,7116,0.0,100,0.0,0.0,0.0,0.0,0.0,0,0,0,0,0.0,0,0,0,0,0,0,0,0,0,0,0,0,0,0,0,0,0,0,0,0,0,0,0,0,0,0,0,0,0,0,0,0,0,31,40,40,71,65476,0,300,0,0,8,21553,0.0,-107605600.0,0.0,0.0,0.0,0.0,0.0,0.0,0.0,0.0,0.0,0.0,0.0,0.0,0.0,0.0,0.0,0.0,0.0,0.0,0.0,0.0,-2.004,-0.0,-0.0,2.004,0.0,0.0,0.0,0.0,4476.0,-0.0,6926.0,0.0,2.7184303811560617e+23,0.0,0.0,0.0,0.0,0.0,0.0,69,0.0,5.848046968061515e+35,0.0,0.0,0.0,0.0,0.0,0.0,0.0,0,0,0,0.0,0.0,0.0,0.0,0.0,0.0,0.0,0.0,0.0,0.0,0.0,0.0,0.0,0.0,0.0,0.0,0,-107875648.0,69,0.0,138,0.0,0.0,0,13107,17087,39322,17104,39322,17084,0,0,0,70,68,100,-0.0,82.0,0.0,78.8,-0.0,79.0,1,49,50,180,52429,13107,0,0,0.0,0.0,0.0,0.0,-0.0,67.0,0.0,162057.094,0.0,984,0,1015,0,0,0,956,0,1042,0,943,0,793,0,785,0,823,0,7520,0.032,2.501839664996858e+20,0.0,0.0,784,16797,-0.0,162057.094,-114818.039,-0.0,0.133,6.909358625270745e+28,30.0,70.0,35,0.0,0.0,0.0,0.0,0.0,0.0,0.0,0.0,0.0,0.0,0.0,0.0,0.0,0.0,0.0,0.0,66.0,0,150,71,52,65476,0,300,0,0,8,20529,65476,0,0,44564,70.0,0.0,0.0,0.0,0.0,0.0
2026-09-10T21:07:15,ERR,ERR,ERR,ERR,ERR,ERR,ERR,ERR,ERR,ERR,ERR,ERR,ERR,ERR,ERR,ERR,ERR,ERR,ERR,ERR,ERR,ERR,ERR,ERR,ERR,ERR,ERR,ERR,ERR,ERR,ERR,ERR,ERR,ERR,ERR,ERR,ERR,ERR,ERR,ERR,ERR,ERR,ERR,ERR,ERR,ERR,ERR,ERR,ERR,ERR,ERR,ERR,ERR,ERR,ERR,ERR,ERR,ERR,ERR,ERR,ERR,ERR,ERR,ERR,ERR,ERR,ERR,ERR,ERR,ERR,ERR,ERR,ERR,ERR,ERR,ERR,ERR,ERR,ERR,ERR,ERR,ERR,ERR,ERR,ERR,ERR,ERR,ERR,ERR,ERR,ERR,ERR,ERR,ERR,ERR,ERR,ERR,ERR,ERR,ERR,ERR,ERR,ERR,ERR,ERR,ERR,ERR,ERR,ERR,ERR,ERR,ERR,ERR,ERR,ERR,ERR,ERR,ERR,ERR,ERR,ERR,ERR,ERR,ERR,ERR,-107615312.0,2.7184303811560617e+23,0.0,0.0,0.0,1.3936040501711995e+18,7.805,0.0,0,0,4,0,7116,0.0,100,0.0,0.0,0.0,0.0,0.0,0,0,0,0,0.0,0,0,0,0,0,0,0,0,0,0,0,0,0,0,0,0,0,0,0,0,0,0,0,0,0,0,0,0,0,0,0,0,0,31,40,40,71,65476,0,300,0,0,8,21553,0.0,-107605600.0,0.0,0.0,0.0,0.0,0.0,0.0,0.0,0.0,0.0,0.0,0.0,0.0,0.0,0.0,0.0,0.0,0.0,0.0,0.0,0.0,-2.004,-0.0,-0.0,-0.0,0.0,0.0,0.0,0.0,4475.0,-0.0,6932.0,-107615312.0,2.7184303811560617e+23,0.0,2.718428940004181e+23,0.0,0.0,0.0,0.0,69,0.0,-0.0,0.0,0.0,0.0,0.0,0.0,0.0,0.0,0,0,0,0.0,0.0,0.0,0.0,0.0,0.0,0.0,0.0,0.0,0.0,0.0,0.0,0.0,0.0,0.0,0.0,0,-107875648.0,69,0.0,138,0.0,0.0,0,13107,17087,26215,17104,39322,17084,0,0,0,70,68,100,-0.0,82.0,0.0,78.8,-0.0,79.0,1,49,50,180,52429,0,0,0,0.0,0.0,0.0,0.0,-0.0,67.0,0.0,162057.094,0.0,984,0,1015,0,0,0,956,0,1042,0,943,0,793,0,785,0,823,0,7520,0.032,2.5133688800429264e+20,0.0,0.0,784,16797,-0.0,162057.094,-114818.039,-0.0,0.133,6.909358625270745e+28,30.0,70.0,35,0.0,0.0,0.0,0.0,0.0,0.0,0.0,0.0,0.0,0.0,0.0,0.0,0.0,0.0,0.0,0.0,66.4,0,150,71,52,65476,0,300,0,0,8,20529,65476,0,0,44564,70.0,0.0,0.0,0.0,0.0,0.0
2026-09-10T21:07:16,ERR,ERR,ERR,ERR,ERR,ERR,ERR,ERR,ERR,ERR,ERR,ERR,ERR,ERR,ERR,ERR,ERR,ERR,ERR,ERR,ERR,ERR,ERR,ERR,ERR,ERR,ERR,ERR,ERR,ERR,ERR,ERR,ERR,ERR,ERR,ERR,ERR,ERR,ERR,ERR,ERR,ERR,ERR,ERR,ERR,ERR,ERR,ERR,ERR,ERR,ERR,ERR,ERR,ERR,ERR,ERR,ERR,ERR,ERR,ERR,ERR,ERR,ERR,ERR,ERR,ERR,ERR,ERR,ERR,ERR,ERR,ERR,ERR,ERR,ERR,ERR,ERR,ERR,ERR,ERR,ERR,ERR,ERR,ERR,ERR,ERR,ERR,ERR,ERR,ERR,ERR,ERR,ERR,ERR,ERR,ERR,ERR,ERR,ERR,ERR,ERR,ERR,ERR,ERR,ERR,ERR,ERR,ERR,ERR,ERR,ERR,ERR,ERR,ERR,ERR,ERR,ERR,ERR,ERR,ERR,ERR,ERR,ERR,ERR,ERR,-107615312.0,2.7184303811560617e+23,0.0,0.0,0.0,1.3936040501711995e+18,7.805,0.0,0,0,4,0,7116,0.0,100,0.0,0.0,0.0,0.0,0.0,0,0,0,0,0.0,0,0,0,0,0,0,0,0,0,0,0,0,0,0,0,0,0,0,0,0,0,0,0,0,0,0,0,0,0,0,0,0,0,31,40,40,71,65476,0,300,0,0,8,21553,0.0,-107605600.0,0.0,0.0,0.0,0.0,0.0,0.0,0.0,0.0,0.0,0.0,0.0,0.0,0.0,0.0,0.0,0.0,0.0,0.0,0.0,0.0,-2.004,-0.0,-0.0,-0.0,0.0,0.0,0.0,0.0,4475.0,-0.0,6932.0,-107615312.0,2.7184303811560617e+23,0.0,2.718428940004181e+23,0.0,0.0,0.0,0.0,69,0.0,-0.0,0.0,0.0,0.0,0.0,0.0,0.0,0.0,0,0,0,0.0,0.0,0.0,0.0,0.0,0.0,0.0,0.0,0.0,0.0,0.0,0.0,0.0,0.0,0.0,0.0,0,-107875648.0,69,0.0,138,0.0,0.0,0,13107,17087,26215,17104,39322,17084,0,0,0,70,68,100,-0.0,82.0,0.0,78.8,-0.0,79.0,1,49,50,180,52429,0,0,0,0.0,0.0,0.0,0.0,-0.0,67.0,0.0,162057.094,0.0,984,0,1015,0,0,0,956,0,1042,0,943,0,793,0,785,0,823,0,7520,0.032,2.5133688800429264e+20,0.0,0.0,784,16797,-0.0,162057.094,-114818.039,-0.0,0.133,6.909358625270745e+28,30.0,70.0,35,0.0,0.0,0.0,0.0,0.0,0.0,0.0,0.0,0.0,0.0,0.0,0.0,0.0,0.0,0.0,0.0,66.4,0,150,71,52,65476,0,300,0,0,8,20529,65476,0,0,44564,70.0,0.0,0.0,0.0,0.0,0.0
2026-09-10T21:07:17,ERR,ERR,ERR,ERR,ERR,ERR,ERR,ERR,ERR,ERR,ERR,ERR,ERR,ERR,ERR,ERR,ERR,ERR,ERR,ERR,ERR,ERR,ERR,ERR,ERR,ERR,ERR,ERR,ERR,ERR,ERR,ERR,ERR,ERR,ERR,ERR,ERR,ERR,ERR,ERR,ERR,ERR,ERR,ERR,ERR,ERR,ERR,ERR,ERR,ERR,ERR,ERR,ERR,ERR,ERR,ERR,ERR,ERR,ERR,ERR,ERR,ERR,ERR,ERR,ERR,ERR,ERR,ERR,ERR,ERR,ERR,ERR,ERR,ERR,ERR,ERR,ERR,ERR,ERR,ERR,ERR,ERR,ERR,ERR,ERR,ERR,ERR,ERR,ERR,ERR,ERR,ERR,ERR,ERR,ERR,ERR,ERR,ERR,ERR,ERR,ERR,ERR,ERR,ERR,ERR,ERR,ERR,ERR,ERR,ERR,ERR,ERR,ERR,ERR,ERR,ERR,ERR,ERR,ERR,ERR,ERR,ERR,ERR,ERR,ERR,-107615312.0,2.7184303811560617e+23,0.0,0.0,0.0,1.3936040501711995e+18,7.805,0.0,0,0,4,0,7116,0.0,100,0.0,0.0,0.0,0.0,0.0,0,0,0,0,0.0,0,0,0,0,0,0,0,0,0,0,0,0,0,0,0,0,0,0,0,0,0,0,0,0,0,0,0,0,0,0,0,0,0,31,40,40,71,65476,0,300,0,0,8,21553,0.0,-107605600.0,0.0,0.0,0.0,0.0,0.0,0.0,0.0,0.0,0.0,0.0,0.0,0.0,0.0,0.0,0.0,0.0,0.0,0.0,0.0,0.0,-2.004,-0.0,-0.0,-0.0,0.0,0.0,0.0,0.0,4475.0,-0.0,6932.0,-107615312.0,2.7184303811560617e+23,0.0,2.718428940004181e+23,0.0,0.0,0.0,0.0,69,0.0,-0.0,0.0,0.0,0.0,0.0,0.0,0.0,0.0,0,0,0,0.0,0.0,0.0,0.0,0.0,0.0,0.0,0.0,0.0,0.0,0.0,0.0,0.0,0.0,0.0,0.0,0,-107875648.0,69,0.0,138,0.0,0.0,0,13107,17087,26215,17104,39322,17084,0,0,0,70,68,100,-0.0,82.0,0.0,78.8,-0.0,79.0,1,49,50,180,52429,0,0,0,0.0,0.0,0.0,0.0,-0.0,67.0,0.0,162057.094,0.0,984,0,1015,0,0,0,956,0,1042,0,943,0,793,0,785,0,823,0,7520,0.032,2.5133688800429264e+20,0.0,0.0,784,16797,-0.0,162057.094,-114818.039,-0.0,0.133,6.909358625270745e+28,30.0,70.0,35,0.0,0.0,0.0,0.0,0.0,0.0,0.0,0.0,0.0,0.0,0.0,0.0,0.0,0.0,0.0,0.0,66.4,0,150,71,52,65476,0,300,0,0,8,20529,65476,0,0,44564,70.0,0.0,0.0,0.0,0.0,0.0
2026-09-10T21:07:18,ERR,ERR,ERR,ERR,ERR,ERR,ERR,ERR,ERR,ERR,ERR,ERR,ERR,ERR,ERR,ERR,ERR,ERR,ERR,ERR,ERR,ERR,ERR,ERR,ERR,ERR,ERR,ERR,ERR,ERR,ERR,ERR,ERR,ERR,ERR,ERR,ERR,ERR,ERR,ERR,ERR,ERR,ERR,ERR,ERR,ERR,ERR,ERR,ERR,ERR,ERR,ERR,ERR,ERR,ERR,ERR,ERR,ERR,ERR,ERR,ERR,ERR,ERR,ERR,ERR,ERR,ERR,ERR,ERR,ERR,ERR,ERR,ERR,ERR,ERR,ERR,ERR,ERR,ERR,ERR,ERR,ERR,ERR,ERR,ERR,ERR,ERR,ERR,ERR,ERR,ERR,ERR,ERR,ERR,ERR,ERR,ERR,ERR,ERR,ERR,ERR,ERR,ERR,ERR,ERR,ERR,ERR,ERR,ERR,ERR,ERR,ERR,ERR,ERR,ERR,ERR,ERR,ERR,ERR,ERR,ERR,ERR,ERR,ERR,ERR,-107615312.0,2.7184303811560617e+23,0.0,0.0,0.0,1.3936040501711995e+18,7.805,0.0,0,0,4,0,7116,0.0,100,0.0,0.0,0.0,0.0,0.0,0,0,0,0,0.0,0,0,0,0,0,0,0,0,0,0,0,0,0,0,0,0,0,0,0,0,0,0,0,0,0,0,0,0,0,0,0,0,0,31,40,40,71,65476,0,300,0,0,8,21553,0.0,-107605600.0,0.0,0.0,0.0,0.0,0.0,0.0,0.0,0.0,0.0,0.0,0.0,0.0,0.0,0.0,0.0,0.0,0.0,0.0,0.0,0.0,-2.004,-0.0,-0.0,-0.0,0.0,0.0,0.0,0.0,4475.0,-0.0,6932.0,-107615312.0,2.7184303811560617e+23,0.0,2.718428940004181e+23,0.0,0.0,0.0,0.0,69,0.0,-0.0,0.0,0.0,0.0,0.0,0.0,0.0,0.0,0,0,0,0.0,0.0,0.0,0.0,0.0,0.0,0.0,0.0,0.0,0.0,0.0,0.0,0.0,0.0,0.0,0.0,0,-107875648.0,69,0.0,138,0.0,0.0,0,13107,17087,26215,17104,39322,17084,0,0,0,70,68,100,-0.0,82.0,0.0,78.8,-0.0,79.0,1,49,50,180,52429,0,0,0,0.0,0.0,0.0,0.0,-0.0,67.0,0.0,162057.094,0.0,984,0,1015,0,0,0,956,0,1042,0,943,0,793,0,785,0,823,0,7520,0.032,2.5133688800429264e+20,0.0,0.0,784,16797,-0.0,162057.094,-114818.039,-0.0,0.133,6.909358625270745e+28,30.0,70.0,35,0.0,0.0,0.0,0.0,0.0,0.0,0.0,0.0,0.0,0.0,0.0,0.0,0.0,0.0,0.0,0.0,66.0,0,150,71,52,65476,0,300,0,0,8,20529,65476,0,0,44564,70.0,0.0,0.0,0.0,0.0,0.0
2026-09-10T21:07:19,ERR,ERR,ERR,ERR,ERR,ERR,ERR,ERR,ERR,ERR,ERR,ERR,ERR,ERR,ERR,ERR,ERR,ERR,ERR,ERR,ERR,ERR,ERR,ERR,ERR,ERR,ERR,ERR,ERR,ERR,ERR,ERR,ERR,ERR,ERR,ERR,ERR,ERR,ERR,ERR,ERR,ERR,ERR,ERR,ERR,ERR,ERR,ERR,ERR,ERR,ERR,ERR,ERR,ERR,ERR,ERR,ERR,ERR,ERR,ERR,ERR,ERR,ERR,ERR,ERR,ERR,ERR,ERR,ERR,ERR,ERR,ERR,ERR,ERR,ERR,ERR,ERR,ERR,ERR,ERR,ERR,ERR,ERR,ERR,ERR,ERR,ERR,ERR,ERR,ERR,ERR,ERR,ERR,ERR,ERR,ERR,ERR,ERR,ERR,ERR,ERR,ERR,ERR,ERR,ERR,ERR,ERR,ERR,ERR,ERR,ERR,ERR,ERR,ERR,ERR,ERR,ERR,ERR,ERR,ERR,ERR,ERR,ERR,ERR,ERR,-107615312.0,2.7184303811560617e+23,0.0,0.0,0.0,1.3936040501711995e+18,7.805,0.0,0,0,4,0,7116,0.0,100,0.0,0.0,0.0,0.0,0.0,0,0,0,0,0.0,0,0,0,0,0,0,0,0,0,0,0,0,0,0,0,0,0,0,0,0,0,0,0,0,0,0,0,0,0,0,0,0,0,31,40,40,71,65476,0,300,0,0,8,21553,0.0,-107605600.0,0.0,0.0,0.0,0.0,0.0,0.0,0.0,0.0,0.0,0.0,0.0,0.0,0.0,0.0,0.0,0.0,0.0,0.0,0.0,0.0,-2.004,-0.0,-0.0,-0.0,0.0,0.0,0.0,0.0,4475.0,-0.0,6932.0,-107615312.0,2.7184303811560617e+23,0.0,2.718428940004181e+23,0.0,0.0,0.0,0.0,69,0.0,-0.0,0.0,0.0,0.0,0.0,0.0,0.0,0.0,0,0,0,0.0,0.0,0.0,0.0,0.0,0.0,0.0,0.0,0.0,0.0,0.0,0.0,0.0,0.0,0.0,0.0,0,-107875648.0,69,0.0,138,0.0,0.0,0,13107,17087,26215,17104,39322,17084,0,0,0,70,68,100,-0.0,82.0,0.0,78.8,-0.0,79.0,1,49,50,180,52429,0,0,0,0.0,0.0,0.0,0.0,-0.0,67.0,0.0,162057.094,0.0,984,0,1015,0,0,0,956,0,1042,0,943,0,793,0,785,0,823,0,7520,0.032,2.5133688800429264e+20,0.0,0.0,784,16797,-0.0,162057.094,-114818.039,-0.0,0.133,6.909358625270745e+28,30.0,70.0,35,0.0,0.0,0.0,0.0,0.0,0.0,0.0,0.0,0.0,0.0,0.0,0.0,0.0,0.0,0.0,0.0,66.0,0,150,71,52,65476,0,300,0,0,8,20529,65476,0,0,44564,70.0,0.0,0.0,0.0,0.0,0.0
2026-09-10T21:07:20,ERR,ERR,ERR,ERR,ERR,ERR,ERR,ERR,ERR,ERR,ERR,ERR,ERR,ERR,ERR,ERR,ERR,ERR,ERR,ERR,ERR,ERR,ERR,ERR,ERR,ERR,ERR,ERR,ERR,ERR,ERR,ERR,ERR,ERR,ERR,ERR,ERR,ERR,ERR,ERR,ERR,ERR,ERR,ERR,ERR,ERR,ERR,ERR,ERR,ERR,ERR,ERR,ERR,ERR,ERR,ERR,ERR,ERR,ERR,ERR,ERR,ERR,ERR,ERR,ERR,ERR,ERR,ERR,ERR,ERR,ERR,ERR,ERR,ERR,ERR,ERR,ERR,ERR,ERR,ERR,ERR,ERR,ERR,ERR,ERR,ERR,ERR,ERR,ERR,ERR,ERR,ERR,ERR,ERR,ERR,ERR,ERR,ERR,ERR,ERR,ERR,ERR,ERR,ERR,ERR,ERR,ERR,ERR,ERR,ERR,ERR,ERR,ERR,ERR,ERR,ERR,ERR,ERR,ERR,ERR,ERR,ERR,ERR,ERR,ERR,-107615312.0,2.7184303811560617e+23,0.0,0.0,0.0,1.3936040501711995e+18,7.805,0.0,0,0,4,0,7116,0.0,100,0.0,0.0,0.0,0.0,0.0,0,0,0,0,0.0,0,0,0,0,0,0,0,0,0,0,0,0,0,0,0,0,0,0,0,0,0,0,0,0,0,0,0,0,0,0,0,0,0,31,40,40,71,65476,0,300,0,0,8,21553,0.0,-107605600.0,0.0,0.0,0.0,0.0,0.0,0.0,0.0,0.0,0.0,0.0,0.0,0.0,0.0,0.0,0.0,0.0,0.0,0.0,0.0,0.0,-2.004,-0.0,-0.0,-0.0,0.0,0.0,0.0,0.0,4475.0,-0.0,6932.0,-107615312.0,2.7184303811560617e+23,0.0,2.718428940004181e+23,0.0,0.0,0.0,0.0,69,0.0,-0.0,0.0,0.0,0.0,0.0,0.0,0.0,0.0,0,0,0,0.0,0.0,0.0,0.0,0.0,0.0,0.0,0.0,0.0,0.0,0.0,0.0,0.0,0.0,0.0,0.0,0,-107875648.0,69,0.0,138,0.0,0.0,0,13107,17087,26215,17104,39322,17084,0,0,0,70,68,100,-0.0,82.0,0.0,78.8,-0.0,79.0,1,49,50,180,52429,0,0,0,0.0,0.0,0.0,0.0,-0.0,67.0,0.0,162057.094,0.0,984,0,1015,0,0,0,956,0,1042,0,943,0,793,0,785,0,823,0,7520,0.032,2.5133688800429264e+20,0.0,0.0,784,16797,-0.0,162057.094,-114818.039,-0.0,0.133,6.909358625270745e+28,30.0,70.0,35,0.0,0.0,0.0,0.0,0.0,0.0,0.0,0.0,0.0,0.0,0.0,0.0,0.0,0.0,0.0,0.0,66.0,0,150,71,52,65476,0,300,0,0,8,20529,65476,0,0,44564,70.0,0.0,0.0,0.0,0.0,0.0
2026-09-10T21:07:21,ERR,ERR,ERR,ERR,ERR,ERR,ERR,ERR,ERR,ERR,ERR,ERR,ERR,ERR,ERR,ERR,ERR,ERR,ERR,ERR,ERR,ERR,ERR,ERR,ERR,ERR,ERR,ERR,ERR,ERR,ERR,ERR,ERR,ERR,ERR,ERR,ERR,ERR,ERR,ERR,ERR,ERR,ERR,ERR,ERR,ERR,ERR,ERR,ERR,ERR,ERR,ERR,ERR,ERR,ERR,ERR,ERR,ERR,ERR,ERR,ERR,ERR,ERR,ERR,ERR,ERR,ERR,ERR,ERR,ERR,ERR,ERR,ERR,ERR,ERR,ERR,ERR,ERR,ERR,ERR,ERR,ERR,ERR,ERR,ERR,ERR,ERR,ERR,ERR,ERR,ERR,ERR,ERR,ERR,ERR,ERR,ERR,ERR,ERR,ERR,ERR,ERR,ERR,ERR,ERR,ERR,ERR,ERR,ERR,ERR,ERR,ERR,ERR,ERR,ERR,ERR,ERR,ERR,ERR,ERR,ERR,ERR,ERR,ERR,ERR,-107615312.0,2.7184303811560617e+23,0.0,0.0,0.0,1.3936040501711995e+18,7.805,0.0,0,0,4,0,7116,0.0,100,0.0,0.0,0.0,0.0,0.0,0,0,0,0,0.0,0,0,0,0,0,0,0,0,0,0,0,0,0,0,0,0,0,0,0,0,0,0,0,0,0,0,0,0,0,0,0,0,0,31,40,40,71,65476,0,300,0,0,8,21553,0.0,-107605600.0,0.0,0.0,0.0,0.0,0.0,0.0,0.0,0.0,0.0,0.0,0.0,0.0,0.0,0.0,0.0,0.0,0.0,0.0,0.0,0.0,-2.004,-0.0,-0.0,-0.0,0.0,0.0,0.0,0.0,4475.0,-0.0,6932.0,-107615312.0,2.7184303811560617e+23,0.0,2.718428940004181e+23,0.0,0.0,0.0,0.0,69,0.0,-0.0,0.0,0.0,0.0,0.0,0.0,0.0,0.0,0,0,0,0.0,0.0,0.0,0.0,0.0,0.0,0.0,0.0,0.0,0.0,0.0,0.0,0.0,0.0,0.0,0.0,0,-107875648.0,69,0.0,138,0.0,0.0,0,13107,17087,26215,17104,39322,17084,0,0,0,70,68,100,-0.0,82.0,0.0,78.8,-0.0,79.0,1,49,50,180,52429,0,0,0,0.0,0.0,0.0,0.0,-0.0,67.0,0.0,162057.094,0.0,984,0,1015,0,0,0,956,0,1042,0,943,0,793,0,785,0,823,0,7520,0.032,2.524898095088995e+20,0.0,0.0,784,16797,-0.0,162057.094,-114818.039,-0.0,0.133,6.909358625270745e+28,30.0,70.0,35,0.0,0.0,0.0,0.0,0.0,0.0,0.0,0.0,0.0,0.0,0.0,0.0,0.0,0.0,0.0,0.0,66.4,0,150,71,52,65476,0,300,0,0,8,20529,65476,0,0,44564,70.0,0.0,0.0,0.0,0.0,0.0
2026-09-10T21:07:22,ERR,ERR,ERR,ERR,ERR,ERR,ERR,ERR,ERR,ERR,ERR,ERR,ERR,ERR,ERR,ERR,ERR,ERR,ERR,ERR,ERR,ERR,ERR,ERR,ERR,ERR,ERR,ERR,ERR,ERR,ERR,ERR,ERR,ERR,ERR,ERR,ERR,ERR,ERR,ERR,ERR,ERR,ERR,ERR,ERR,ERR,ERR,ERR,ERR,ERR,ERR,ERR,ERR,ERR,ERR,ERR,ERR,ERR,ERR,ERR,ERR,ERR,ERR,ERR,ERR,ERR,ERR,ERR,ERR,ERR,ERR,ERR,ERR,ERR,ERR,ERR,ERR,ERR,ERR,ERR,ERR,ERR,ERR,ERR,ERR,ERR,ERR,ERR,ERR,ERR,ERR,ERR,ERR,ERR,ERR,ERR,ERR,ERR,ERR,ERR,ERR,ERR,ERR,ERR,ERR,ERR,ERR,ERR,ERR,ERR,ERR,ERR,ERR,ERR,ERR,ERR,ERR,ERR,ERR,ERR,ERR,ERR,ERR,ERR,ERR,-107615312.0,2.7184303811560617e+23,0.0,0.0,0.0,1.3936040501711995e+18,7.805,0.0,0,0,4,0,7116,0.0,100,0.0,0.0,0.0,0.0,0.0,0,0,0,0,0.0,0,0,0,0,0,0,0,0,0,0,0,0,0,0,0,0,0,0,0,0,0,0,0,0,0,0,0,0,0,0,0,0,0,31,40,40,71,65476,0,300,0,0,8,21553,0.0,-107605600.0,0.0,0.0,0.0,0.0,0.0,0.0,0.0,0.0,0.0,0.0,0.0,0.0,0.0,0.0,0.0,0.0,0.0,0.0,0.0,0.0,-2.004,-0.0,-0.0,-0.0,0.0,0.0,0.0,0.0,4475.0,-0.0,6932.0,-107615312.0,2.7184303811560617e+23,0.0,2.718428940004181e+23,0.0,0.0,0.0,0.0,69,0.0,-0.0,0.0,0.0,0.0,0.0,0.0,0.0,0.0,0,0,0,0.0,0.0,0.0,0.0,0.0,0.0,0.0,0.0,0.0,0.0,0.0,0.0,0.0,0.0,0.0,0.0,0,-107875648.0,69,0.0,138,0.0,0.0,0,13107,17087,26215,17104,39322,17084,0,0,0,70,68,100,-0.0,82.0,0.0,78.8,-0.0,79.0,1,49,50,180,52429,0,0,0,0.0,0.0,0.0,0.0,-0.0,67.0,0.0,162057.094,0.0,984,0,1015,0,0,0,956,0,1042,0,943,0,793,0,785,0,823,0,7520,0.032,2.524898095088995e+20,0.0,0.0,784,16797,-0.0,162057.094,-114818.039,-0.0,0.133,6.909358625270745e+28,30.0,70.0,35,0.0,0.0,0.0,0.0,0.0,0.0,0.0,0.0,0.0,0.0,0.0,0.0,0.0,0.0,0.0,0.0,66.4,0,150,71,52,65476,0,300,0,0,8,20529,65476,0,0,44564,70.0,0.0,0.0,0.0,0.0,0.0
2026-09-10T21:07:23,ERR,ERR,ERR,ERR,ERR,ERR,ERR,ERR,ERR,ERR,ERR,ERR,ERR,ERR,ERR,ERR,ERR,ERR,ERR,ERR,ERR,ERR,ERR,ERR,ERR,ERR,ERR,ERR,ERR,ERR,ERR,ERR,ERR,ERR,ERR,ERR,ERR,ERR,ERR,ERR,ERR,ERR,ERR,ERR,ERR,ERR,ERR,ERR,ERR,ERR,ERR,ERR,ERR,ERR,ERR,ERR,ERR,ERR,ERR,ERR,ERR,ERR,ERR,ERR,ERR,ERR,ERR,ERR,ERR,ERR,ERR,ERR,ERR,ERR,ERR,ERR,ERR,ERR,ERR,ERR,ERR,ERR,ERR,ERR,ERR,ERR,ERR,ERR,ERR,ERR,ERR,ERR,ERR,ERR,ERR,ERR,ERR,ERR,ERR,ERR,ERR,ERR,ERR,ERR,ERR,ERR,ERR,ERR,ERR,ERR,ERR,ERR,ERR,ERR,ERR,ERR,ERR,ERR,ERR,ERR,ERR,ERR,ERR,ERR,ERR,0.0,2.7184303811560617e+23,-100794720.0,0.0,0.0,1.3936040501711995e+18,7.805,0.0,0,0,4,0,7116,0.0,100,0.0,0.0,0.0,0.0,0.0,0,0,0,0,0.0,0,0,0,0,0,0,0,0,0,0,0,0,0,0,0,0,0,0,0,0,0,0,0,0,0,0,0,0,0,0,0,0,0,31,40,40,71,65476,0,300,0,0,8,21553,0.0,-107605600.0,0.0,0.0,0.0,0.0,0.0,0.0,0.0,0.0,0.0,0.0,0.0,0.0,0.0,0.0,0.0,0.0,0.0,0.0,0.0,0.0,-2.004,-0.0,-0.0,-0.0,0.0,0.0,0.0,0.0,4470.0,-0.0,6929.0,0.0,2.7184303811560617e+23,0.0,2.718428940004181e+23,0.0,0.0,0.0,0.0,69,-4.950430145311814e+32,-0.0,0.0,0.0,0.0,0.0,0.0,0.0,0.0,0,0,0,0.0,0.0,0.0,0.0,0.0,0.0,0.0,0.0,0.0,0.0,0.0,0.0,0.0,0.0,0.0,0.0,0,-107875648.0,69,0.0,138,0.0,0.0,0,13107,17087,26215,17104,39322,17084,0,0,0,70,68,100,-0.0,82.0,0.0,78.8,-0.0,79.0,1,49,50,180,52429,0,0,0,0.0,0.0,0.0,0.0,-0.0,67.0,0.0,162057.094,0.0,984,0,1015,0,0,0,956,0,1042,0,943,0,793,0,785,0,823,0,7520,0.032,2.524898095088995e+20,0.0,0.0,784,16797,-0.0,162057.094,-114818.039,-0.0,0.133,6.909358625270745e+28,30.0,70.0,35,0.0,0.0,0.0,0.0,0.0,0.0,0.0,0.0,0.0,0.0,0.0,0.0,0.0,0.0,0.0,0.0,66.0,0,150,71,52,65476,0,300,0,0,8,20529,65476,0,0,44564,70.0,0.0,0.0,0.0,0.0,0.0
2026-09-10T21:07:24,ERR,ERR,ERR,ERR,ERR,ERR,ERR,ERR,ERR,ERR,ERR,ERR,ERR,ERR,ERR,ERR,ERR,ERR,ERR,ERR,ERR,ERR,ERR,ERR,ERR,ERR,ERR,ERR,ERR,ERR,ERR,ERR,ERR,ERR,ERR,ERR,ERR,ERR,ERR,ERR,ERR,ERR,ERR,ERR,ERR,ERR,ERR,ERR,ERR,ERR,ERR,ERR,ERR,ERR,ERR,ERR,ERR,ERR,ERR,ERR,ERR,ERR,ERR,ERR,ERR,ERR,ERR,ERR,ERR,ERR,ERR,ERR,ERR,ERR,ERR,ERR,ERR,ERR,ERR,ERR,ERR,ERR,ERR,ERR,ERR,ERR,ERR,ERR,ERR,ERR,ERR,ERR,ERR,ERR,ERR,ERR,ERR,ERR,ERR,ERR,ERR,ERR,ERR,ERR,ERR,ERR,ERR,ERR,ERR,ERR,ERR,ERR,ERR,ERR,ERR,ERR,ERR,ERR,ERR,ERR,ERR,ERR,ERR,ERR,ERR,0.0,2.7184303811560617e+23,-100794720.0,0.0,0.0,1.3936040501711995e+18,7.805,0.0,0,0,4,0,7116,0.0,100,0.0,0.0,0.0,0.0,0.0,0,0,0,0,0.0,0,0,0,0,0,0,0,0,0,0,0,0,0,0,0,0,0,0,0,0,0,0,0,0,0,0,0,0,0,0,0,0,0,31,40,40,71,65476,0,300,0,0,8,21553,0.0,-107605600.0,0.0,0.0,0.0,0.0,0.0,0.0,0.0,0.0,0.0,0.0,0.0,0.0,0.0,0.0,0.0,0.0,0.0,0.0,0.0,0.0,-2.004,-0.0,-0.0,-0.0,0.0,0.0,0.0,0.0,4470.0,-0.0,6929.0,0.0,2.7184303811560617e+23,0.0,2.718428940004181e+23,0.0,0.0,0.0,0.0,69,-4.950430145311814e+32,-0.0,0.0,0.0,0.0,0.0,0.0,0.0,0.0,0,0,0,0.0,0.0,0.0,0.0,0.0,0.0,0.0,0.0,0.0,0.0,0.0,0.0,0.0,0.0,0.0,0.0,0,-107875648.0,69,0.0,138,0.0,0.0,0,13107,17087,26215,17104,39322,17084,0,0,0,70,68,100,-0.0,82.0,0.0,78.8,-0.0,79.0,1,49,50,180,52429,0,0,0,0.0,0.0,0.0,0.0,-0.0,67.0,0.0,162057.094,0.0,984,0,1015,0,0,0,956,0,1042,0,943,0,793,0,785,0,823,0,7520,0.032,2.524898095088995e+20,0.0,0.0,784,16797,-0.0,162057.094,-114818.039,-0.0,0.133,6.909358625270745e+28,30.0,70.0,35,0.0,0.0,0.0,0.0,0.0,0.0,0.0,0.0,0.0,0.0,0.0,0.0,0.0,0.0,0.0,0.0,66.0,0,150,71,52,65476,0,300,0,0,8,20529,65476,0,0,44564,70.0,0.0,0.0,0.0,0.0,0.0
2026-09-10T21:07:25,ERR,ERR,ERR,ERR,ERR,ERR,ERR,ERR,ERR,ERR,ERR,ERR,ERR,ERR,ERR,ERR,ERR,ERR,ERR,ERR,ERR,ERR,ERR,ERR,ERR,ERR,ERR,ERR,ERR,ERR,ERR,ERR,ERR,ERR,ERR,ERR,ERR,ERR,ERR,ERR,ERR,ERR,ERR,ERR,ERR,ERR,ERR,ERR,ERR,ERR,ERR,ERR,ERR,ERR,ERR,ERR,ERR,ERR,ERR,ERR,ERR,ERR,ERR,ERR,ERR,ERR,ERR,ERR,ERR,ERR,ERR,ERR,ERR,ERR,ERR,ERR,ERR,ERR,ERR,ERR,ERR,ERR,ERR,ERR,ERR,ERR,ERR,ERR,ERR,ERR,ERR,ERR,ERR,ERR,ERR,ERR,ERR,ERR,ERR,ERR,ERR,ERR,ERR,ERR,ERR,ERR,ERR,ERR,ERR,ERR,ERR,ERR,ERR,ERR,ERR,ERR,ERR,ERR,ERR,ERR,ERR,ERR,ERR,ERR,ERR,0.0,2.7184303811560617e+23,-100794720.0,0.0,0.0,1.3936040501711995e+18,7.805,0.0,0,0,4,0,7116,0.0,100,0.0,0.0,0.0,0.0,0.0,0,0,0,0,0.0,0,0,0,0,0,0,0,0,0,0,0,0,0,0,0,0,0,0,0,0,0,0,0,0,0,0,0,0,0,0,0,0,0,31,40,40,71,65476,0,300,0,0,8,21553,0.0,-107605600.0,0.0,0.0,0.0,0.0,0.0,0.0,0.0,0.0,0.0,0.0,0.0,0.0,0.0,0.0,0.0,0.0,0.0,0.0,0.0,0.0,-2.004,-0.0,-0.0,-0.0,0.0,0.0,0.0,0.0,4470.0,-0.0,6929.0,0.0,2.7184303811560617e+23,0.0,2.718428940004181e+23,0.0,0.0,0.0,0.0,69,-4.950430145311814e+32,-0.0,0.0,0.0,0.0,0.0,0.0,0.0,0.0,0,0,0,0.0,0.0,0.0,0.0,0.0,0.0,0.0,0.0,0.0,0.0,0.0,0.0,0.0,0.0,0.0,0.0,0,-107875648.0,69,0.0,138,0.0,0.0,0,13107,17087,26215,17104,39322,17084,0,0,0,70,68,100,-0.0,82.0,0.0,78.8,-0.0,79.0,1,49,50,180,52429,0,0,0,0.0,0.0,0.0,0.0,-0.0,67.0,0.0,162057.094,0.0,984,0,1015,0,0,0,956,0,1042,0,943,0,793,0,785,0,823,0,7520,0.032,2.524898095088995e+20,0.0,0.0,784,16797,-0.0,162057.094,-114818.039,-0.0,0.133,6.909358625270745e+28,30.0,70.0,35,0.0,0.0,0.0,0.0,0.0,0.0,0.0,0.0,0.0,0.0,0.0,0.0,0.0,0.0,0.0,0.0,66.0,0,150,71,52,65476,0,300,0,0,8,20529,65476,0,0,44564,70.0,0.0,0.0,0.0,0.0,0.0
2026-09-10T21:07:26,ERR,ERR,ERR,ERR,ERR,ERR,ERR,ERR,ERR,ERR,ERR,ERR,ERR,ERR,ERR,ERR,ERR,ERR,ERR,ERR,ERR,ERR,ERR,ERR,ERR,ERR,ERR,ERR,ERR,ERR,ERR,ERR,ERR,ERR,ERR,ERR,ERR,ERR,ERR,ERR,ERR,ERR,ERR,ERR,ERR,ERR,ERR,ERR,ERR,ERR,ERR,ERR,ERR,ERR,ERR,ERR,ERR,ERR,ERR,ERR,ERR,ERR,ERR,ERR,ERR,ERR,ERR,ERR,ERR,ERR,ERR,ERR,ERR,ERR,ERR,ERR,ERR,ERR,ERR,ERR,ERR,ERR,ERR,ERR,ERR,ERR,ERR,ERR,ERR,ERR,ERR,ERR,ERR,ERR,ERR,ERR,ERR,ERR,ERR,ERR,ERR,ERR,ERR,ERR,ERR,ERR,ERR,ERR,ERR,ERR,ERR,ERR,ERR,ERR,ERR,ERR,ERR,ERR,ERR,ERR,ERR,ERR,ERR,ERR,ERR,0.0,2.7184303811560617e+23,-100794720.0,0.0,0.0,1.3936040501711995e+18,7.805,0.0,0,0,4,0,7116,0.0,100,0.0,0.0,0.0,0.0,0.0,0,0,0,0,0.0,0,0,0,0,0,0,0,0,0,0,0,0,0,0,0,0,0,0,0,0,0,0,0,0,0,0,0,0,0,0,0,0,0,31,40,40,71,65476,0,300,0,0,8,21553,0.0,-107605600.0,0.0,0.0,0.0,0.0,0.0,0.0,0.0,0.0,0.0,0.0,0.0,0.0,0.0,0.0,0.0,0.0,0.0,0.0,0.0,0.0,-2.004,-0.0,-0.0,-0.0,0.0,0.0,0.0,0.0,4470.0,-0.0,6929.0,0.0,2.7184303811560617e+23,0.0,2.718428940004181e+23,0.0,0.0,0.0,0.0,69,-4.950430145311814e+32,-0.0,0.0,0.0,0.0,0.0,0.0,0.0,0.0,0,0,0,0.0,0.0,0.0,0.0,0.0,0.0,0.0,0.0,0.0,0.0,0.0,0.0,0.0,0.0,0.0,0.0,0,-107875648.0,69,0.0,138,0.0,0.0,0,13107,17087,26215,17104,39322,17084,0,0,0,70,68,100,-0.0,82.0,0.0,78.8,-0.0,79.0,1,49,50,180,52429,0,0,0,0.0,0.0,0.0,0.0,-0.0,67.0,0.0,162057.094,0.0,984,0,1015,0,0,0,956,0,1042,0,943,0,793,0,785,0,823,0,7520,0.032,2.524898095088995e+20,0.0,0.0,784,16797,-0.0,162057.094,-114818.039,-0.0,0.133,6.909358625270745e+28,30.0,70.0,35,0.0,0.0,0.0,0.0,0.0,0.0,0.0,0.0,0.0,0.0,0.0,0.0,0.0,0.0,0.0,0.0,66.0,0,150,71,52,65476,0,300,0,0,8,20529,65476,0,0,44564,70.0,0.0,0.0,0.0,0.0,0.0
2026-09-10T21:07:27,ERR,ERR,ERR,ERR,ERR,ERR,ERR,ERR,ERR,ERR,ERR,ERR,ERR,ERR,ERR,ERR,ERR,ERR,ERR,ERR,ERR,ERR,ERR,ERR,ERR,ERR,ERR,ERR,ERR,ERR,ERR,ERR,ERR,ERR,ERR,ERR,ERR,ERR,ERR,ERR,ERR,ERR,ERR,ERR,ERR,ERR,ERR,ERR,ERR,ERR,ERR,ERR,ERR,ERR,ERR,ERR,ERR,ERR,ERR,ERR,ERR,ERR,ERR,ERR,ERR,ERR,ERR,ERR,ERR,ERR,ERR,ERR,ERR,ERR,ERR,ERR,ERR,ERR,ERR,ERR,ERR,ERR,ERR,ERR,ERR,ERR,ERR,ERR,ERR,ERR,ERR,ERR,ERR,ERR,ERR,ERR,ERR,ERR,ERR,ERR,ERR,ERR,ERR,ERR,ERR,ERR,ERR,ERR,ERR,ERR,ERR,ERR,ERR,ERR,ERR,ERR,ERR,ERR,ERR,ERR,ERR,ERR,ERR,ERR,ERR,0.0,2.7184303811560617e+23,-100794720.0,0.0,0.0,1.3936040501711995e+18,7.805,0.0,0,0,4,0,7116,0.0,100,0.0,0.0,0.0,0.0,0.0,0,0,0,0,0.0,0,0,0,0,0,0,0,0,0,0,0,0,0,0,0,0,0,0,0,0,0,0,0,0,0,0,0,0,0,0,0,0,0,31,40,40,71,65476,0,300,0,0,8,21553,0.0,-107605600.0,0.0,0.0,0.0,0.0,0.0,0.0,0.0,0.0,0.0,0.0,0.0,0.0,0.0,0.0,0.0,0.0,0.0,0.0,0.0,0.0,-2.004,-0.0,-0.0,-0.0,0.0,0.0,0.0,0.0,4470.0,-0.0,6929.0,0.0,2.7184303811560617e+23,0.0,2.718428940004181e+23,0.0,0.0,0.0,0.0,69,-4.950430145311814e+32,-0.0,0.0,0.0,0.0,0.0,0.0,0.0,0.0,0,0,0,0.0,0.0,0.0,0.0,0.0,0.0,0.0,0.0,0.0,0.0,0.0,0.0,0.0,0.0,0.0,0.0,0,-107875648.0,69,0.0,138,0.0,0.0,0,13107,17087,26215,17104,39322,17084,0,0,0,70,68,100,-0.0,82.0,0.0,78.8,-0.0,79.0,1,49,50,180,52429,0,0,0,0.0,0.0,0.0,0.0,-0.0,67.0,0.0,162057.094,0.0,984,0,1015,0,0,0,956,0,1042,0,943,0,793,0,785,0,823,0,7520,0.032,2.524898095088995e+20,0.0,0.0,784,16797,-0.0,162057.094,-114818.039,-0.0,0.133,6.909358625270745e+28,30.0,70.0,35,0.0,0.0,0.0,0.0,0.0,0.0,0.0,0.0,0.0,0.0,0.0,0.0,0.0,0.0,0.0,0.0,66.0,0,150,71,52,65476,0,300,0,0,8,20529,65476,0,0,44564,70.0,0.0,0.0,0.0,0.0,0.0
2026-09-10T21:07:28,ERR,ERR,ERR,ERR,ERR,ERR,ERR,ERR,ERR,ERR,ERR,ERR,ERR,ERR,ERR,ERR,ERR,ERR,ERR,ERR,ERR,ERR,ERR,ERR,ERR,ERR,ERR,ERR,ERR,ERR,ERR,ERR,ERR,ERR,ERR,ERR,ERR,ERR,ERR,ERR,ERR,ERR,ERR,ERR,ERR,ERR,ERR,ERR,ERR,ERR,ERR,ERR,ERR,ERR,ERR,ERR,ERR,ERR,ERR,ERR,ERR,ERR,ERR,ERR,ERR,ERR,ERR,ERR,ERR,ERR,ERR,ERR,ERR,ERR,ERR,ERR,ERR,ERR,ERR,ERR,ERR,ERR,ERR,ERR,ERR,ERR,ERR,ERR,ERR,ERR,ERR,ERR,ERR,ERR,ERR,ERR,ERR,ERR,ERR,ERR,ERR,ERR,ERR,ERR,ERR,ERR,ERR,ERR,ERR,ERR,ERR,ERR,ERR,ERR,ERR,ERR,ERR,ERR,ERR,ERR,ERR,ERR,ERR,ERR,ERR,0.0,2.7184303811560617e+23,-100794720.0,0.0,0.0,1.3936040501711995e+18,7.805,0.0,0,0,4,0,7116,0.0,100,0.0,0.0,0.0,0.0,0.0,0,0,0,0,0.0,0,0,0,0,0,0,0,0,0,0,0,0,0,0,0,0,0,0,0,0,0,0,0,0,0,0,0,0,0,0,0,0,0,31,40,40,71,65476,0,300,0,0,8,21553,0.0,-107605600.0,0.0,0.0,0.0,0.0,0.0,0.0,0.0,0.0,0.0,0.0,0.0,0.0,0.0,0.0,0.0,0.0,0.0,0.0,0.0,0.0,-2.004,-0.0,-0.0,-0.0,0.0,0.0,0.0,0.0,4470.0,-0.0,6929.0,0.0,2.7184303811560617e+23,0.0,2.718428940004181e+23,0.0,0.0,0.0,0.0,69,-4.950430145311814e+32,-0.0,0.0,0.0,0.0,0.0,0.0,0.0,0.0,0,0,0,0.0,0.0,0.0,0.0,0.0,0.0,0.0,0.0,0.0,0.0,0.0,0.0,0.0,0.0,0.0,0.0,0,-107875648.0,69,0.0,138,0.0,0.0,0,13107,17087,26215,17104,39322,17084,0,0,0,70,68,100,-0.0,82.0,0.0,78.8,-0.0,79.0,1,49,50,180,52429,0,0,0,0.0,0.0,0.0,0.0,-0.0,67.0,0.0,162057.094,0.0,984,0,1015,0,0,0,956,0,1042,0,943,0,793,0,785,0,823,0,7520,0.032,2.524898095088995e+20,0.0,0.0,784,16797,-0.0,162057.094,-114818.039,-0.0,0.133,6.909358625270745e+28,30.0,70.0,35,0.0,0.0,0.0,0.0,0.0,0.0,0.0,0.0,0.0,0.0,0.0,0.0,0.0,0.0,0.0,0.0,66.0,0,150,71,52,65476,0,300,0,0,8,20529,65476,0,0,44564,70.0,0.0,0.0,0.0,0.0,0.0
2026-09-10T21:07:29,ERR,ERR,ERR,ERR,ERR,ERR,ERR,ERR,ERR,ERR,ERR,ERR,ERR,ERR,ERR,ERR,ERR,ERR,ERR,ERR,ERR,ERR,ERR,ERR,ERR,ERR,ERR,ERR,ERR,ERR,ERR,ERR,ERR,ERR,ERR,ERR,ERR,ERR,ERR,ERR,ERR,ERR,ERR,ERR,ERR,ERR,ERR,ERR,ERR,ERR,ERR,ERR,ERR,ERR,ERR,ERR,ERR,ERR,ERR,ERR,ERR,ERR,ERR,ERR,ERR,ERR,ERR,ERR,ERR,ERR,ERR,ERR,ERR,ERR,ERR,ERR,ERR,ERR,ERR,ERR,ERR,ERR,ERR,ERR,ERR,ERR,ERR,ERR,ERR,ERR,ERR,ERR,ERR,ERR,ERR,ERR,ERR,ERR,ERR,ERR,ERR,ERR,ERR,ERR,ERR,ERR,ERR,ERR,ERR,ERR,ERR,ERR,ERR,ERR,ERR,ERR,ERR,ERR,ERR,ERR,ERR,ERR,ERR,ERR,ERR,0.0,2.7184303811560617e+23,-100794720.0,0.0,0.0,1.3936040501711995e+18,7.805,0.0,0,0,4,0,7116,0.0,100,0.0,0.0,0.0,0.0,0.0,0,0,0,0,0.0,0,0,0,0,0,0,0,0,0,0,0,0,0,0,0,0,0,0,0,0,0,0,0,0,0,0,0,0,0,0,0,0,0,31,40,40,71,65476,0,300,0,0,8,21553,0.0,-107605600.0,0.0,0.0,0.0,0.0,0.0,0.0,0.0,0.0,0.0,0.0,0.0,0.0,0.0,0.0,0.0,0.0,0.0,0.0,0.0,0.0,-2.004,-0.0,-0.0,-0.0,0.0,0.0,0.0,0.0,4470.0,-0.0,6929.0,0.0,2.7184303811560617e+23,0.0,2.718428940004181e+23,0.0,0.0,0.0,0.0,69,-4.950430145311814e+32,-0.0,0.0,0.0,0.0,0.0,0.0,0.0,0.0,0,0,0,0.0,0.0,0.0,0.0,0.0,0.0,0.0,0.0,0.0,0.0,0.0,0.0,0.0,0.0,0.0,0.0,0,-107875648.0,69,0.0,138,0.0,0.0,0,13107,17087,26215,17104,39322,17084,0,0,0,70,68,100,-0.0,82.0,0.0,78.8,-0.0,79.0,1,49,50,180,52429,0,0,0,0.0,0.0,0.0,0.0,-0.0,67.0,0.0,162057.094,0.0,984,0,1015,0,0,0,956,0,1042,0,943,0,793,0,785,0,823,0,7520,0.032,2.524898095088995e+20,0.0,0.0,784,16797,-0.0,162057.094,-114818.039,-0.0,0.133,6.909358625270745e+28,30.0,70.0,35,0.0,0.0,0.0,0.0,0.0,0.0,0.0,0.0,0.0,0.0,0.0,0.0,0.0,0.0,0.0,0.0,66.0,0,150,71,52,65476,0,300,0,0,8,20529,65476,0,0,44564,70.0,0.0,0.0,0.0,0.0,0.0
2026-09-10T21:07:30,ERR,ERR,ERR,ERR,ERR,ERR,ERR,ERR,ERR,ERR,ERR,ERR,ERR,ERR,ERR,ERR,ERR,ERR,ERR,ERR,ERR,ERR,ERR,ERR,ERR,ERR,ERR,ERR,ERR,ERR,ERR,ERR,ERR,ERR,ERR,ERR,ERR,ERR,ERR,ERR,ERR,ERR,ERR,ERR,ERR,ERR,ERR,ERR,ERR,ERR,ERR,ERR,ERR,ERR,ERR,ERR,ERR,ERR,ERR,ERR,ERR,ERR,ERR,ERR,ERR,ERR,ERR,ERR,ERR,ERR,ERR,ERR,ERR,ERR,ERR,ERR,ERR,ERR,ERR,ERR,ERR,ERR,ERR,ERR,ERR,ERR,ERR,ERR,ERR,ERR,ERR,ERR,ERR,ERR,ERR,ERR,ERR,ERR,ERR,ERR,ERR,ERR,ERR,ERR,ERR,ERR,ERR,ERR,ERR,ERR,ERR,ERR,ERR,ERR,ERR,ERR,ERR,ERR,ERR,ERR,ERR,ERR,ERR,ERR,ERR,0.0,-0.0,0.0,0.0,0.0,1.3936040501711995e+18,7.805,0.0,0,0,4,0,7116,0.0,100,0.0,0.0,0.0,0.0,0.0,0,0,0,0,0.0,0,0,0,0,0,0,0,0,0,0,0,0,0,0,0,0,0,0,0,0,0,0,0,0,0,0,0,0,0,0,0,0,0,31,40,40,71,65476,0,300,0,0,8,21553,0.0,-107605600.0,0.0,0.0,0.0,0.0,0.0,0.0,0.0,0.0,0.0,0.0,0.0,0.0,0.0,0.0,0.0,0.0,0.0,0.0,0.0,0.0,-2.004,-0.0,-0.0,-0.0,0.0,0.0,0.0,0.0,4469.0,-0.0,6928.0,0.0,2.7184303811560617e+23,0.0,2.718428940004181e+23,0.0,0.0,0.0,0.0,69,-5.8480849975795215e+35,-0.0,0.0,0.0,0.0,0.0,0.0,0.0,0.0,0,0,0,0.0,0.0,0.0,0.0,0.0,0.0,0.0,0.0,0.0,0.0,0.0,0.0,0.0,0.0,0.0,0.0,0,-107875648.0,69,0.0,138,0.0,0.0,0,13107,17087,26215,17104,39322,17084,0,0,0,70,68,100,-0.0,82.0,0.0,78.8,-0.0,79.0,1,49,50,180,52429,0,0,0,0.0,0.0,0.0,0.0,-0.0,67.0,0.0,162057.094,0.0,984,0,1015,0,0,0,956,0,1042,0,943,0,793,0,785,0,823,0,7520,0.032,2.524898095088995e+20,0.0,0.0,784,16797,-0.0,162057.094,-114818.039,-0.0,0.133,6.909358625270745e+28,30.0,70.0,35,0.0,0.0,0.0,0.0,0.0,0.0,0.0,0.0,0.0,0.0,0.0,0.0,0.0,0.0,0.0,0.0,66.0,0,150,71,52,65476,0,300,0,0,8,20529,65476,0,0,44564,70.0,0.0,0.0,0.0,0.0,0.0
2026-09-10T21:07:31,ERR,ERR,ERR,ERR,ERR,ERR,ERR,ERR,ERR,ERR,ERR,ERR,ERR,ERR,ERR,ERR,ERR,ERR,ERR,ERR,ERR,ERR,ERR,ERR,ERR,ERR,ERR,ERR,ERR,ERR,ERR,ERR,ERR,ERR,ERR,ERR,ERR,ERR,ERR,ERR,ERR,ERR,ERR,ERR,ERR,ERR,ERR,ERR,ERR,ERR,ERR,ERR,ERR,ERR,ERR,ERR,ERR,ERR,ERR,ERR,ERR,ERR,ERR,ERR,ERR,ERR,ERR,ERR,ERR,ERR,ERR,ERR,ERR,ERR,ERR,ERR,ERR,ERR,ERR,ERR,ERR,ERR,ERR,ERR,ERR,ERR,ERR,ERR,ERR,ERR,ERR,ERR,ERR,ERR,ERR,ERR,ERR,ERR,ERR,ERR,ERR,ERR,ERR,ERR,ERR,ERR,ERR,ERR,ERR,ERR,ERR,ERR,ERR,ERR,ERR,ERR,ERR,ERR,ERR,ERR,ERR,ERR,ERR,ERR,ERR,0.0,-0.0,0.0,0.0,0.0,1.3936040501711995e+18,7.805,0.0,0,0,4,0,7116,0.0,100,0.0,0.0,0.0,0.0,0.0,0,0,0,0,0.0,0,0,0,0,0,0,0,0,0,0,0,0,0,0,0,0,0,0,0,0,0,0,0,0,0,0,0,0,0,0,0,0,0,31,40,40,71,65476,0,300,0,0,8,21553,0.0,-107605600.0,0.0,0.0,0.0,0.0,0.0,0.0,0.0,0.0,0.0,0.0,0.0,0.0,0.0,0.0,0.0,0.0,0.0,0.0,0.0,0.0,-2.004,-0.0,-0.0,-0.0,0.0,0.0,0.0,0.0,4469.0,-0.0,6928.0,0.0,2.7184303811560617e+23,0.0,2.718428940004181e+23,0.0,0.0,0.0,0.0,69,-5.8480849975795215e+35,-0.0,0.0,0.0,0.0,0.0,0.0,0.0,0.0,0,0,0,0.0,0.0,0.0,0.0,0.0,0.0,0.0,0.0,0.0,0.0,0.0,0.0,0.0,0.0,0.0,0.0,0,-107875648.0,69,0.0,138,0.0,0.0,0,13107,17087,26215,17104,39322,17084,0,0,0,70,68,100,-0.0,82.0,0.0,78.8,-0.0,79.0,1,49,50,180,52429,0,0,0,0.0,0.0,0.0,0.0,-0.0,67.0,0.0,162057.094,0.0,984,0,1015,0,0,0,956,0,1042,0,943,0,793,0,785,0,823,0,7520,0.032,2.5133688800429264e+20,0.0,0.0,784,16797,-0.0,162057.094,-114818.039,-0.0,0.133,6.909358625270745e+28,30.0,70.0,35,0.0,0.0,0.0,0.0,0.0,0.0,0.0,0.0,0.0,0.0,0.0,0.0,0.0,0.0,0.0,0.0,66.0,0,150,71,52,65476,0,300,0,0,8,20529,65476,0,0,44564,70.0,0.0,0.0,0.0,0.0,0.0
2026-09-10T21:07:32,ERR,ERR,ERR,ERR,ERR,ERR,ERR,ERR,ERR,ERR,ERR,ERR,ERR,ERR,ERR,ERR,ERR,ERR,ERR,ERR,ERR,ERR,ERR,ERR,ERR,ERR,ERR,ERR,ERR,ERR,ERR,ERR,ERR,ERR,ERR,ERR,ERR,ERR,ERR,ERR,ERR,ERR,ERR,ERR,ERR,ERR,ERR,ERR,ERR,ERR,ERR,ERR,ERR,ERR,ERR,ERR,ERR,ERR,ERR,ERR,ERR,ERR,ERR,ERR,ERR,ERR,ERR,ERR,ERR,ERR,ERR,ERR,ERR,ERR,ERR,ERR,ERR,ERR,ERR,ERR,ERR,ERR,ERR,ERR,ERR,ERR,ERR,ERR,ERR,ERR,ERR,ERR,ERR,ERR,ERR,ERR,ERR,ERR,ERR,ERR,ERR,ERR,ERR,ERR,ERR,ERR,ERR,ERR,ERR,ERR,ERR,ERR,ERR,ERR,ERR,ERR,ERR,ERR,ERR,ERR,ERR,ERR,ERR,ERR,ERR,0.0,-0.0,0.0,0.0,0.0,1.3936040501711995e+18,7.805,0.0,0,0,4,0,7116,0.0,100,0.0,0.0,0.0,0.0,0.0,0,0,0,0,0.0,0,0,0,0,0,0,0,0,0,0,0,0,0,0,0,0,0,0,0,0,0,0,0,0,0,0,0,0,0,0,0,0,0,31,40,40,71,65476,0,300,0,0,8,21553,0.0,-107605600.0,0.0,0.0,0.0,0.0,0.0,0.0,0.0,0.0,0.0,0.0,0.0,0.0,0.0,0.0,0.0,0.0,0.0,0.0,0.0,0.0,-2.004,-0.0,-0.0,-0.0,0.0,0.0,0.0,0.0,4469.0,-0.0,6928.0,0.0,2.7184303811560617e+23,0.0,2.718428940004181e+23,0.0,0.0,0.0,0.0,69,-5.8480849975795215e+35,-0.0,0.0,0.0,0.0,0.0,0.0,0.0,0.0,0,0,0,0.0,0.0,0.0,0.0,0.0,0.0,0.0,0.0,0.0,0.0,0.0,0.0,0.0,0.0,0.0,0.0,0,-107875648.0,69,0.0,138,0.0,0.0,0,13107,17087,26215,17104,39322,17084,0,0,0,70,68,100,-0.0,82.0,0.0,78.8,-0.0,79.0,1,49,50,180,52429,0,0,0,0.0,0.0,0.0,0.0,-0.0,67.0,0.0,162057.094,0.0,984,0,1015,0,0,0,956,0,1042,0,943,0,793,0,785,0,823,0,7520,0.032,2.5133688800429264e+20,0.0,0.0,784,16797,-0.0,162057.094,-114818.039,-0.0,0.133,6.909358625270745e+28,30.0,70.0,35,0.0,0.0,0.0,0.0,0.0,0.0,0.0,0.0,0.0,0.0,0.0,0.0,0.0,0.0,0.0,0.0,66.0,0,150,71,52,65476,0,300,0,0,8,20529,65476,0,0,44564,70.0,0.0,0.0,0.0,0.0,0.0
2026-09-10T21:07:33,ERR,ERR,ERR,ERR,ERR,ERR,ERR,ERR,ERR,ERR,ERR,ERR,ERR,ERR,ERR,ERR,ERR,ERR,ERR,ERR,ERR,ERR,ERR,ERR,ERR,ERR,ERR,ERR,ERR,ERR,ERR,ERR,ERR,ERR,ERR,ERR,ERR,ERR,ERR,ERR,ERR,ERR,ERR,ERR,ERR,ERR,ERR,ERR,ERR,ERR,ERR,ERR,ERR,ERR,ERR,ERR,ERR,ERR,ERR,ERR,ERR,ERR,ERR,ERR,ERR,ERR,ERR,ERR,ERR,ERR,ERR,ERR,ERR,ERR,ERR,ERR,ERR,ERR,ERR,ERR,ERR,ERR,ERR,ERR,ERR,ERR,ERR,ERR,ERR,ERR,ERR,ERR,ERR,ERR,ERR,ERR,ERR,ERR,ERR,ERR,ERR,ERR,ERR,ERR,ERR,ERR,ERR,ERR,ERR,ERR,ERR,ERR,ERR,ERR,ERR,ERR,ERR,ERR,ERR,ERR,ERR,ERR,ERR,ERR,ERR,0.0,-0.0,0.0,0.0,0.0,1.3936040501711995e+18,7.805,0.0,0,0,4,0,7116,0.0,100,0.0,0.0,0.0,0.0,0.0,0,0,0,0,0.0,0,0,0,0,0,0,0,0,0,0,0,0,0,0,0,0,0,0,0,0,0,0,0,0,0,0,0,0,0,0,0,0,0,31,40,40,71,65476,0,300,0,0,8,21553,0.0,-107605600.0,0.0,0.0,0.0,0.0,0.0,0.0,0.0,0.0,0.0,0.0,0.0,0.0,0.0,0.0,0.0,0.0,0.0,0.0,0.0,0.0,-2.004,-0.0,-0.0,-0.0,0.0,0.0,0.0,0.0,4469.0,-0.0,6928.0,0.0,2.7184303811560617e+23,0.0,2.718428940004181e+23,0.0,0.0,0.0,0.0,69,-5.8480849975795215e+35,-0.0,0.0,0.0,0.0,0.0,0.0,0.0,0.0,0,0,0,0.0,0.0,0.0,0.0,0.0,0.0,0.0,0.0,0.0,0.0,0.0,0.0,0.0,0.0,0.0,0.0,0,-107875648.0,69,0.0,138,0.0,0.0,0,13107,17087,26215,17104,39322,17084,0,0,0,70,68,100,-0.0,82.0,0.0,78.8,-0.0,79.0,1,49,50,180,52429,0,0,0,0.0,0.0,0.0,0.0,-0.0,67.0,0.0,162057.094,0.0,984,0,1015,0,0,0,956,0,1042,0,943,0,793,0,785,0,823,0,7520,0.032,2.5133688800429264e+20,0.0,0.0,784,16797,-0.0,162057.094,-114818.039,-0.0,0.133,6.909358625270745e+28,30.0,70.0,35,0.0,0.0,0.0,0.0,0.0,0.0,0.0,0.0,0.0,0.0,0.0,0.0,0.0,0.0,0.0,0.0,66.0,0,150,71,52,65476,0,300,0,0,8,20529,65476,0,0,44564,70.0,0.0,0.0,0.0,0.0,0.0
2026-09-10T21:07:34,ERR,ERR,ERR,ERR,ERR,ERR,ERR,ERR,ERR,ERR,ERR,ERR,ERR,ERR,ERR,ERR,ERR,ERR,ERR,ERR,ERR,ERR,ERR,ERR,ERR,ERR,ERR,ERR,ERR,ERR,ERR,ERR,ERR,ERR,ERR,ERR,ERR,ERR,ERR,ERR,ERR,ERR,ERR,ERR,ERR,ERR,ERR,ERR,ERR,ERR,ERR,ERR,ERR,ERR,ERR,ERR,ERR,ERR,ERR,ERR,ERR,ERR,ERR,ERR,ERR,ERR,ERR,ERR,ERR,ERR,ERR,ERR,ERR,ERR,ERR,ERR,ERR,ERR,ERR,ERR,ERR,ERR,ERR,ERR,ERR,ERR,ERR,ERR,ERR,ERR,ERR,ERR,ERR,ERR,ERR,ERR,ERR,ERR,ERR,ERR,ERR,ERR,ERR,ERR,ERR,ERR,ERR,ERR,ERR,ERR,ERR,ERR,ERR,ERR,ERR,ERR,ERR,ERR,ERR,ERR,ERR,ERR,ERR,ERR,ERR,0.0,-0.0,0.0,0.0,0.0,1.3936040501711995e+18,7.805,0.0,0,0,4,0,7116,0.0,100,0.0,0.0,0.0,0.0,0.0,0,0,0,0,0.0,0,0,0,0,0,0,0,0,0,0,0,0,0,0,0,0,0,0,0,0,0,0,0,0,0,0,0,0,0,0,0,0,0,31,40,40,71,65476,0,300,0,0,8,21553,0.0,-107605600.0,0.0,0.0,0.0,0.0,0.0,0.0,0.0,0.0,0.0,0.0,0.0,0.0,0.0,0.0,0.0,0.0,0.0,0.0,0.0,0.0,-2.004,-0.0,-0.0,-0.0,0.0,0.0,0.0,0.0,4469.0,-0.0,6928.0,0.0,2.7184303811560617e+23,0.0,2.718428940004181e+23,0.0,0.0,0.0,0.0,69,-5.8480849975795215e+35,-0.0,0.0,0.0,0.0,0.0,0.0,0.0,0.0,0,0,0,0.0,0.0,0.0,0.0,0.0,0.0,0.0,0.0,0.0,0.0,0.0,0.0,0.0,0.0,0.0,0.0,0,-107875648.0,69,0.0,138,0.0,0.0,0,13107,17087,26215,17104,39322,17084,0,0,0,70,68,100,-0.0,82.0,0.0,78.8,-0.0,79.0,1,49,50,180,52429,0,0,0,0.0,0.0,0.0,0.0,-0.0,67.0,0.0,162057.094,0.0,984,0,1015,0,0,0,956,0,1042,0,943,0,793,0,785,0,823,0,7520,0.032,2.5133688800429264e+20,0.0,0.0,784,16797,-0.0,162057.094,-114818.039,-0.0,0.133,6.909358625270745e+28,30.0,70.0,35,0.0,0.0,0.0,0.0,0.0,0.0,0.0,0.0,0.0,0.0,0.0,0.0,0.0,0.0,0.0,0.0,66.0,0,150,71,52,65476,0,300,0,0,8,20529,65476,0,0,44564,70.0,0.0,0.0,0.0,0.0,0.0
2026-09-10T21:07:35,ERR,ERR,ERR,ERR,ERR,ERR,ERR,ERR,ERR,ERR,ERR,ERR,ERR,ERR,ERR,ERR,ERR,ERR,ERR,ERR,ERR,ERR,ERR,ERR,ERR,ERR,ERR,ERR,ERR,ERR,ERR,ERR,ERR,ERR,ERR,ERR,ERR,ERR,ERR,ERR,ERR,ERR,ERR,ERR,ERR,ERR,ERR,ERR,ERR,ERR,ERR,ERR,ERR,ERR,ERR,ERR,ERR,ERR,ERR,ERR,ERR,ERR,ERR,ERR,ERR,ERR,ERR,ERR,ERR,ERR,ERR,ERR,ERR,ERR,ERR,ERR,ERR,ERR,ERR,ERR,ERR,ERR,ERR,ERR,ERR,ERR,ERR,ERR,ERR,ERR,ERR,ERR,ERR,ERR,ERR,ERR,ERR,ERR,ERR,ERR,ERR,ERR,ERR,ERR,ERR,ERR,ERR,ERR,ERR,ERR,ERR,ERR,ERR,ERR,ERR,ERR,ERR,ERR,ERR,ERR,ERR,ERR,ERR,ERR,ERR,0.0,-0.0,0.0,0.0,0.0,1.3936040501711995e+18,7.805,0.0,0,0,4,0,7116,0.0,100,0.0,0.0,0.0,0.0,0.0,0,0,0,0,0.0,0,0,0,0,0,0,0,0,0,0,0,0,0,0,0,0,0,0,0,0,0,0,0,0,0,0,0,0,0,0,0,0,0,31,40,40,71,65476,0,300,0,0,8,21553,0.0,-107605600.0,0.0,0.0,0.0,0.0,0.0,0.0,0.0,0.0,0.0,0.0,0.0,0.0,0.0,0.0,0.0,0.0,0.0,0.0,0.0,0.0,-2.004,-0.0,-0.0,-0.0,0.0,0.0,0.0,0.0,4469.0,-0.0,6928.0,0.0,2.7184303811560617e+23,0.0,2.718428940004181e+23,0.0,0.0,0.0,0.0,69,-5.8480849975795215e+35,-0.0,0.0,0.0,0.0,0.0,0.0,0.0,0.0,0,0,0,0.0,0.0,0.0,0.0,0.0,0.0,0.0,0.0,0.0,0.0,0.0,0.0,0.0,0.0,0.0,0.0,0,-107875648.0,69,0.0,138,0.0,0.0,0,13107,17087,26215,17104,39322,17084,0,0,0,70,68,100,-0.0,82.0,0.0,78.8,-0.0,79.0,1,49,50,180,39322,0,0,0,0.0,0.0,0.0,0.0,-0.0,67.0,0.0,162057.094,0.0,984,0,1015,0,0,0,956,0,1042,0,943,0,793,0,785,0,823,0,7520,0.032,2.524898095088995e+20,0.0,0.0,784,16797,-0.0,162057.094,-114818.039,-0.0,0.133,6.909358625270745e+28,30.0,70.0,35,0.0,0.0,0.0,0.0,0.0,0.0,0.0,0.0,0.0,0.0,0.0,0.0,0.0,0.0,0.0,0.0,66.0,0,150,71,52,65476,0,300,0,0,8,20529,65476,0,0,44564,70.0,0.0,0.0,0.0,0.0,0.0
2026-09-10T21:07:36,ERR,ERR,ERR,ERR,ERR,ERR,ERR,ERR,ERR,ERR,ERR,ERR,ERR,ERR,ERR,ERR,ERR,ERR,ERR,ERR,ERR,ERR,ERR,ERR,ERR,ERR,ERR,ERR,ERR,ERR,ERR,ERR,ERR,ERR,ERR,ERR,ERR,ERR,ERR,ERR,ERR,ERR,ERR,ERR,ERR,ERR,ERR,ERR,ERR,ERR,ERR,ERR,ERR,ERR,ERR,ERR,ERR,ERR,ERR,ERR,ERR,ERR,ERR,ERR,ERR,ERR,ERR,ERR,ERR,ERR,ERR,ERR,ERR,ERR,ERR,ERR,ERR,ERR,ERR,ERR,ERR,ERR,ERR,ERR,ERR,ERR,ERR,ERR,ERR,ERR,ERR,ERR,ERR,ERR,ERR,ERR,ERR,ERR,ERR,ERR,ERR,ERR,ERR,ERR,ERR,ERR,ERR,ERR,ERR,ERR,ERR,ERR,ERR,ERR,ERR,ERR,ERR,ERR,ERR,ERR,ERR,ERR,ERR,ERR,ERR,0.0,2.7184303811560617e+23,-100794720.0,0.0,0.0,1.3936040501711995e+18,7.805,0.0,0,0,4,0,7116,0.0,100,0.0,0.0,0.0,0.0,0.0,0,0,0,0,0.0,0,0,0,0,0,0,0,0,0,0,0,0,0,0,0,0,0,0,0,0,0,0,0,0,0,0,0,0,0,0,0,0,0,31,40,40,71,65476,0,300,0,0,8,21553,0.0,-107605600.0,0.0,0.0,0.0,0.0,0.0,0.0,0.0,0.0,0.0,0.0,0.0,0.0,-2.596148429267414e+33,0.0,0.0,0.0,0.0,0.0,0.0,0.0,-2.004,-0.0,-0.0,-0.0,0.0,0.0,0.0,0.0,4474.0,-0.0,6929.0,0.0,2.7184303811560617e+23,0.0,2.718428940004181e+23,0.0,0.0,0.0,0.0,69,0.0,-0.0,0.0,0.0,0.0,0.0,0.0,0.0,0.0,0,0,0,0.0,0.0,0.0,0.0,0.0,0.0,0.0,0.0,0.0,0.0,0.0,0.0,0.0,0.0,0.0,0.0,0,-107875648.0,69,0.0,138,0.0,0.0,0,13107,17087,26215,17104,39322,17084,0,0,0,70,68,100,-0.0,82.0,0.0,78.8,-0.0,79.0,1,49,50,180,39322,0,0,0,0.0,0.0,0.0,0.0,-0.0,67.0,0.0,162057.094,0.0,984,0,1015,0,0,0,956,0,1042,0,943,0,793,0,785,0,823,0,7520,0.032,2.524898095088995e+20,0.0,0.0,784,16797,-0.0,162057.094,-114818.039,-0.0,0.133,6.909358625270745e+28,30.0,70.0,35,0.0,0.0,0.0,0.0,0.0,0.0,0.0,0.0,0.0,0.0,0.0,0.0,0.0,0.0,0.0,0.0,66.0,0,150,71,52,65476,0,300,0,0,8,20529,65476,0,0,44564,70.0,0.0,0.0,0.0,0.0,0.0
2026-09-10T21:07:37,ERR,ERR,ERR,ERR,ERR,ERR,ERR,ERR,ERR,ERR,ERR,ERR,ERR,ERR,ERR,ERR,ERR,ERR,ERR,ERR,ERR,ERR,ERR,ERR,ERR,ERR,ERR,ERR,ERR,ERR,ERR,ERR,ERR,ERR,ERR,ERR,ERR,ERR,ERR,ERR,ERR,ERR,ERR,ERR,ERR,ERR,ERR,ERR,ERR,ERR,ERR,ERR,ERR,ERR,ERR,ERR,ERR,ERR,ERR,ERR,ERR,ERR,ERR,ERR,ERR,ERR,ERR,ERR,ERR,ERR,ERR,ERR,ERR,ERR,ERR,ERR,ERR,ERR,ERR,ERR,ERR,ERR,ERR,ERR,ERR,ERR,ERR,ERR,ERR,ERR,ERR,ERR,ERR,ERR,ERR,ERR,ERR,ERR,ERR,ERR,ERR,ERR,ERR,ERR,ERR,ERR,ERR,ERR,ERR,ERR,ERR,ERR,ERR,ERR,ERR,ERR,ERR,ERR,ERR,ERR,ERR,ERR,ERR,ERR,ERR,0.0,2.7184303811560617e+23,-100794720.0,0.0,0.0,1.3936040501711995e+18,7.805,0.0,0,0,4,0,7116,0.0,100,0.0,0.0,0.0,0.0,0.0,0,0,0,0,0.0,0,0,0,0,0,0,0,0,0,0,0,0,0,0,0,0,0,0,0,0,0,0,0,0,0,0,0,0,0,0,0,0,0,31,40,40,71,65476,0,300,0,0,8,21553,0.0,-107605600.0,0.0,0.0,0.0,0.0,0.0,0.0,0.0,0.0,0.0,0.0,0.0,0.0,-2.596148429267414e+33,0.0,0.0,0.0,0.0,0.0,0.0,0.0,-2.004,-0.0,-0.0,-0.0,0.0,0.0,0.0,0.0,4474.0,-0.0,6929.0,0.0,2.7184303811560617e+23,0.0,2.718428940004181e+23,0.0,0.0,0.0,0.0,69,0.0,-0.0,0.0,0.0,0.0,0.0,0.0,0.0,0.0,0,0,0,0.0,0.0,0.0,0.0,0.0,0.0,0.0,0.0,0.0,0.0,0.0,0.0,0.0,0.0,0.0,0.0,0,-107875648.0,69,0.0,138,0.0,0.0,0,13107,17087,26215,17104,39322,17084,0,0,0,70,68,100,-0.0,82.0,0.0,78.8,-0.0,79.0,1,49,50,180,39322,0,0,0,0.0,0.0,0.0,0.0,-0.0,67.0,0.0,162057.094,0.0,984,0,1015,0,0,0,956,0,1042,0,943,0,793,0,785,0,823,0,7520,0.032,2.524898095088995e+20,0.0,0.0,784,16797,-0.0,162057.094,-114818.039,-0.0,0.133,6.909358625270745e+28,30.0,70.0,35,0.0,0.0,0.0,0.0,0.0,0.0,0.0,0.0,0.0,0.0,0.0,0.0,0.0,0.0,0.0,0.0,66.0,0,150,71,52,65476,0,300,0,0,8,20529,65476,0,0,44564,70.0,0.0,0.0,0.0,0.0,0.0
2026-09-10T21:07:38,ERR,ERR,ERR,ERR,ERR,ERR,ERR,ERR,ERR,ERR,ERR,ERR,ERR,ERR,ERR,ERR,ERR,ERR,ERR,ERR,ERR,ERR,ERR,ERR,ERR,ERR,ERR,ERR,ERR,ERR,ERR,ERR,ERR,ERR,ERR,ERR,ERR,ERR,ERR,ERR,ERR,ERR,ERR,ERR,ERR,ERR,ERR,ERR,ERR,ERR,ERR,ERR,ERR,ERR,ERR,ERR,ERR,ERR,ERR,ERR,ERR,ERR,ERR,ERR,ERR,ERR,ERR,ERR,ERR,ERR,ERR,ERR,ERR,ERR,ERR,ERR,ERR,ERR,ERR,ERR,ERR,ERR,ERR,ERR,ERR,ERR,ERR,ERR,ERR,ERR,ERR,ERR,ERR,ERR,ERR,ERR,ERR,ERR,ERR,ERR,ERR,ERR,ERR,ERR,ERR,ERR,ERR,ERR,ERR,ERR,ERR,ERR,ERR,ERR,ERR,ERR,ERR,ERR,ERR,ERR,ERR,ERR,ERR,ERR,ERR,0.0,2.7184303811560617e+23,-100794720.0,0.0,0.0,1.3936040501711995e+18,7.805,0.0,0,0,4,0,7116,0.0,100,0.0,0.0,0.0,0.0,0.0,0,0,0,0,0.0,0,0,0,0,0,0,0,0,0,0,0,0,0,0,0,0,0,0,0,0,0,0,0,0,0,0,0,0,0,0,0,0,0,31,40,40,71,65476,0,300,0,0,8,21553,0.0,-107605600.0,0.0,0.0,0.0,0.0,0.0,0.0,0.0,0.0,0.0,0.0,0.0,0.0,-2.596148429267414e+33,0.0,0.0,0.0,0.0,0.0,0.0,0.0,-2.004,-0.0,-0.0,-0.0,0.0,0.0,0.0,0.0,4474.0,-0.0,6929.0,0.0,2.7184303811560617e+23,0.0,2.718428940004181e+23,0.0,0.0,0.0,0.0,69,0.0,-0.0,0.0,0.0,0.0,0.0,0.0,0.0,0.0,0,0,0,0.0,0.0,0.0,0.0,0.0,0.0,0.0,0.0,0.0,0.0,0.0,0.0,0.0,0.0,0.0,0.0,0,-107875648.0,69,0.0,138,0.0,0.0,0,13107,17087,26215,17104,39322,17084,0,0,0,70,68,100,-0.0,82.0,0.0,78.8,-0.0,79.0,1,49,50,180,39322,0,0,0,0.0,0.0,0.0,0.0,-0.0,67.0,0.0,162057.094,0.0,984,0,1015,0,0,0,956,0,1042,0,943,0,793,0,785,0,823,0,7520,0.032,2.524898095088995e+20,0.0,0.0,784,16797,-0.0,162057.094,-114818.039,-0.0,0.133,6.909358625270745e+28,30.0,70.0,35,0.0,0.0,0.0,0.0,0.0,0.0,0.0,0.0,0.0,0.0,0.0,0.0,0.0,0.0,0.0,0.0,66.0,0,150,71,52,65476,0,300,0,0,8,20529,65476,0,0,44564,70.0,0.0,0.0,0.0,0.0,0.0
2026-09-10T21:07:39,ERR,ERR,ERR,ERR,ERR,ERR,ERR,ERR,ERR,ERR,ERR,ERR,ERR,ERR,ERR,ERR,ERR,ERR,ERR,ERR,ERR,ERR,ERR,ERR,ERR,ERR,ERR,ERR,ERR,ERR,ERR,ERR,ERR,ERR,ERR,ERR,ERR,ERR,ERR,ERR,ERR,ERR,ERR,ERR,ERR,ERR,ERR,ERR,ERR,ERR,ERR,ERR,ERR,ERR,ERR,ERR,ERR,ERR,ERR,ERR,ERR,ERR,ERR,ERR,ERR,ERR,ERR,ERR,ERR,ERR,ERR,ERR,ERR,ERR,ERR,ERR,ERR,ERR,ERR,ERR,ERR,ERR,ERR,ERR,ERR,ERR,ERR,ERR,ERR,ERR,ERR,ERR,ERR,ERR,ERR,ERR,ERR,ERR,ERR,ERR,ERR,ERR,ERR,ERR,ERR,ERR,ERR,ERR,ERR,ERR,ERR,ERR,ERR,ERR,ERR,ERR,ERR,ERR,ERR,ERR,ERR,ERR,ERR,ERR,ERR,0.0,2.7184303811560617e+23,-100794720.0,0.0,0.0,1.3936040501711995e+18,7.805,0.0,0,0,4,0,7116,0.0,100,0.0,0.0,0.0,0.0,0.0,0,0,0,0,0.0,0,0,0,0,0,0,0,0,0,0,0,0,0,0,0,0,0,0,0,0,0,0,0,0,0,0,0,0,0,0,0,0,0,31,40,40,71,65476,0,300,0,0,8,21553,0.0,-107605600.0,0.0,0.0,0.0,0.0,0.0,0.0,0.0,0.0,0.0,0.0,0.0,0.0,-2.596148429267414e+33,0.0,0.0,0.0,0.0,0.0,0.0,0.0,-2.004,-0.0,-0.0,-0.0,0.0,0.0,0.0,0.0,4474.0,-0.0,6929.0,0.0,2.7184303811560617e+23,0.0,2.718428940004181e+23,0.0,0.0,0.0,0.0,69,0.0,-0.0,0.0,0.0,0.0,0.0,0.0,0.0,0.0,0,0,0,0.0,0.0,0.0,0.0,0.0,0.0,0.0,0.0,0.0,0.0,0.0,0.0,0.0,0.0,0.0,0.0,0,-107875648.0,69,0.0,138,0.0,0.0,0,13107,17087,26215,17104,39322,17084,0,0,0,70,68,100,-0.0,82.0,0.0,78.8,-0.0,79.0,1,49,50,180,39322,0,0,0,0.0,0.0,0.0,0.0,-0.0,67.0,0.0,162057.094,0.0,984,0,1015,0,0,0,956,0,1042,0,943,0,793,0,785,0,823,0,7520,0.032,2.524898095088995e+20,0.0,0.0,784,16797,-0.0,162057.094,-114818.039,-0.0,0.133,6.909358625270745e+28,30.0,70.0,35,0.0,0.0,0.0,0.0,0.0,0.0,0.0,0.0,0.0,0.0,0.0,0.0,0.0,0.0,0.0,0.0,66.0,0,150,71,52,65476,0,300,0,0,8,20529,65476,0,0,44564,70.0,0.0,0.0,0.0,0.0,0.0
2026-09-10T21:07:40,ERR,ERR,ERR,ERR,ERR,ERR,ERR,ERR,ERR,ERR,ERR,ERR,ERR,ERR,ERR,ERR,ERR,ERR,ERR,ERR,ERR,ERR,ERR,ERR,ERR,ERR,ERR,ERR,ERR,ERR,ERR,ERR,ERR,ERR,ERR,ERR,ERR,ERR,ERR,ERR,ERR,ERR,ERR,ERR,ERR,ERR,ERR,ERR,ERR,ERR,ERR,ERR,ERR,ERR,ERR,ERR,ERR,ERR,ERR,ERR,ERR,ERR,ERR,ERR,ERR,ERR,ERR,ERR,ERR,ERR,ERR,ERR,ERR,ERR,ERR,ERR,ERR,ERR,ERR,ERR,ERR,ERR,ERR,ERR,ERR,ERR,ERR,ERR,ERR,ERR,ERR,ERR,ERR,ERR,ERR,ERR,ERR,ERR,ERR,ERR,ERR,ERR,ERR,ERR,ERR,ERR,ERR,ERR,ERR,ERR,ERR,ERR,ERR,ERR,ERR,ERR,ERR,ERR,ERR,ERR,ERR,ERR,ERR,ERR,ERR,0.0,2.7184303811560617e+23,-100794720.0,0.0,0.0,1.3936040501711995e+18,7.805,0.0,0,0,4,0,7116,0.0,100,0.0,0.0,0.0,0.0,0.0,0,0,0,0,0.0,0,0,0,0,0,0,0,0,0,0,0,0,0,0,0,0,0,0,0,0,0,0,0,0,0,0,0,0,0,0,0,0,0,31,40,40,71,65476,0,300,0,0,8,21553,0.0,-107605600.0,0.0,0.0,0.0,0.0,0.0,0.0,0.0,0.0,0.0,0.0,0.0,0.0,-2.596148429267414e+33,0.0,0.0,0.0,0.0,0.0,0.0,0.0,-2.004,-0.0,-0.0,-0.0,0.0,0.0,0.0,0.0,4474.0,-0.0,6929.0,0.0,2.7184303811560617e+23,0.0,2.718428940004181e+23,0.0,0.0,0.0,0.0,69,0.0,-0.0,0.0,0.0,0.0,0.0,0.0,0.0,0.0,0,0,0,0.0,0.0,0.0,0.0,0.0,0.0,0.0,0.0,0.0,0.0,0.0,0.0,0.0,0.0,0.0,0.0,0,-107875648.0,69,0.0,138,0.0,0.0,0,13107,17087,26215,17104,39322,17084,0,0,0,70,68,100,-0.0,82.0,0.0,78.8,-0.0,79.0,1,49,50,180,39322,0,0,0,0.0,0.0,0.0,0.0,-0.0,67.0,0.0,162057.094,0.0,984,0,1015,0,0,0,956,0,1042,0,943,0,793,0,785,0,823,0,7520,0.032,2.524898095088995e+20,0.0,0.0,784,16797,-0.0,162057.094,-114818.039,-0.0,0.133,6.909358625270745e+28,30.0,70.0,35,0.0,0.0,0.0,0.0,0.0,0.0,0.0,0.0,0.0,0.0,0.0,0.0,0.0,0.0,0.0,0.0,66.0,0,150,71,52,65476,0,300,0,0,8,20529,65476,0,0,44564,70.0,0.0,0.0,0.0,0.0,0.0
2026-09-10T21:07:41,ERR,ERR,ERR,ERR,ERR,ERR,ERR,ERR,ERR,ERR,ERR,ERR,ERR,ERR,ERR,ERR,ERR,ERR,ERR,ERR,ERR,ERR,ERR,ERR,ERR,ERR,ERR,ERR,ERR,ERR,ERR,ERR,ERR,ERR,ERR,ERR,ERR,ERR,ERR,ERR,ERR,ERR,ERR,ERR,ERR,ERR,ERR,ERR,ERR,ERR,ERR,ERR,ERR,ERR,ERR,ERR,ERR,ERR,ERR,ERR,ERR,ERR,ERR,ERR,ERR,ERR,ERR,ERR,ERR,ERR,ERR,ERR,ERR,ERR,ERR,ERR,ERR,ERR,ERR,ERR,ERR,ERR,ERR,ERR,ERR,ERR,ERR,ERR,ERR,ERR,ERR,ERR,ERR,ERR,ERR,ERR,ERR,ERR,ERR,ERR,ERR,ERR,ERR,ERR,ERR,ERR,ERR,ERR,ERR,ERR,ERR,ERR,ERR,ERR,ERR,ERR,ERR,ERR,ERR,ERR,ERR,ERR,ERR,ERR,ERR,0.0,2.7184303811560617e+23,-100794720.0,0.0,0.0,1.3936040501711995e+18,7.805,0.0,0,0,4,0,7116,0.0,100,0.0,0.0,0.0,0.0,0.0,0,0,0,0,0.0,0,0,0,0,0,0,0,0,0,0,0,0,0,0,0,0,0,0,0,0,0,0,0,0,0,0,0,0,0,0,0,0,0,31,40,40,71,65476,0,300,0,0,8,21553,0.0,-107605600.0,0.0,0.0,0.0,0.0,0.0,0.0,0.0,0.0,0.0,0.0,0.0,0.0,-2.596148429267414e+33,0.0,0.0,0.0,0.0,0.0,0.0,0.0,-2.004,-0.0,-0.0,-0.0,0.0,0.0,0.0,0.0,4474.0,-0.0,6929.0,0.0,2.7184303811560617e+23,0.0,2.718428940004181e+23,0.0,0.0,0.0,0.0,69,0.0,-0.0,0.0,0.0,0.0,0.0,0.0,0.0,0.0,0,0,0,0.0,0.0,0.0,0.0,0.0,0.0,0.0,0.0,0.0,0.0,0.0,0.0,0.0,0.0,0.0,0.0,0,-107875648.0,69,0.0,138,0.0,0.0,0,13107,17087,26215,17104,39322,17084,0,0,0,70,68,100,-0.0,82.0,0.0,78.8,-0.0,79.0,1,49,50,180,52429,0,0,0,0.0,0.0,0.0,0.0,-0.0,67.0,0.0,162057.094,0.0,984,0,1015,0,0,0,956,0,1042,0,943,0,793,0,785,0,823,0,7520,0.032,2.5133688800429264e+20,0.0,0.0,784,16797,-0.0,162057.094,-114818.039,-0.0,0.133,6.909358625270745e+28,30.0,70.0,35,0.0,0.0,0.0,0.0,0.0,0.0,0.0,0.0,0.0,0.0,0.0,0.0,0.0,0.0,0.0,0.0,66.0,0,150,71,52,65476,0,300,0,0,8,20529,65476,0,0,44564,70.0,0.0,0.0,0.0,0.0,0.0
2026-09-10T21:07:42,ERR,ERR,ERR,ERR,ERR,ERR,ERR,ERR,ERR,ERR,ERR,ERR,ERR,ERR,ERR,ERR,ERR,ERR,ERR,ERR,ERR,ERR,ERR,ERR,ERR,ERR,ERR,ERR,ERR,ERR,ERR,ERR,ERR,ERR,ERR,ERR,ERR,ERR,ERR,ERR,ERR,ERR,ERR,ERR,ERR,ERR,ERR,ERR,ERR,ERR,ERR,ERR,ERR,ERR,ERR,ERR,ERR,ERR,ERR,ERR,ERR,ERR,ERR,ERR,ERR,ERR,ERR,ERR,ERR,ERR,ERR,ERR,ERR,ERR,ERR,ERR,ERR,ERR,ERR,ERR,ERR,ERR,ERR,ERR,ERR,ERR,ERR,ERR,ERR,ERR,ERR,ERR,ERR,ERR,ERR,ERR,ERR,ERR,ERR,ERR,ERR,ERR,ERR,ERR,ERR,ERR,ERR,ERR,ERR,ERR,ERR,ERR,ERR,ERR,ERR,ERR,ERR,ERR,ERR,ERR,ERR,ERR,ERR,ERR,ERR,0.0,2.7184303811560617e+23,-100794720.0,0.0,0.0,1.3936040501711995e+18,7.805,0.0,0,0,4,0,7116,0.0,100,0.0,0.0,0.0,0.0,0.0,0,0,0,0,0.0,0,0,0,0,0,0,0,0,0,0,0,0,0,0,0,0,0,0,0,0,0,0,0,0,0,0,0,0,0,0,0,0,0,31,40,40,71,65476,0,300,0,0,8,21553,0.0,-107605600.0,0.0,0.0,0.0,0.0,0.0,0.0,0.0,0.0,0.0,0.0,0.0,0.0,-2.596148429267414e+33,0.0,0.0,0.0,0.0,0.0,0.0,0.0,-2.004,-0.0,-0.0,-0.0,0.0,0.0,0.0,0.0,4474.0,-0.0,6929.0,0.0,2.7184303811560617e+23,0.0,2.718428940004181e+23,0.0,0.0,0.0,0.0,69,0.0,-0.0,0.0,0.0,0.0,0.0,0.0,0.0,0.0,0,0,0,0.0,0.0,0.0,0.0,0.0,0.0,0.0,0.0,0.0,0.0,0.0,0.0,0.0,0.0,0.0,0.0,0,-107875648.0,69,0.0,138,0.0,0.0,0,13107,17087,26215,17104,39322,17084,0,0,0,70,68,100,-0.0,82.0,0.0,78.8,-0.0,79.0,1,49,50,180,52429,0,0,0,0.0,0.0,0.0,0.0,-0.0,67.0,0.0,162057.094,0.0,984,0,1015,0,0,0,956,0,1042,0,943,0,793,0,785,0,823,0,7520,0.032,2.5133688800429264e+20,0.0,0.0,784,16797,-0.0,162057.094,-114818.039,-0.0,0.133,6.909358625270745e+28,30.0,70.0,35,0.0,0.0,0.0,0.0,0.0,0.0,0.0,0.0,0.0,0.0,0.0,0.0,0.0,0.0,0.0,0.0,66.0,0,150,71,52,65476,0,300,0,0,8,20529,65476,0,0,44564,70.0,0.0,0.0,0.0,0.0,0.0
2026-09-10T21:07:43,ERR,ERR,ERR,ERR,ERR,ERR,ERR,ERR,ERR,ERR,ERR,ERR,ERR,ERR,ERR,ERR,ERR,ERR,ERR,ERR,ERR,ERR,ERR,ERR,ERR,ERR,ERR,ERR,ERR,ERR,ERR,ERR,ERR,ERR,ERR,ERR,ERR,ERR,ERR,ERR,ERR,ERR,ERR,ERR,ERR,ERR,ERR,ERR,ERR,ERR,ERR,ERR,ERR,ERR,ERR,ERR,ERR,ERR,ERR,ERR,ERR,ERR,ERR,ERR,ERR,ERR,ERR,ERR,ERR,ERR,ERR,ERR,ERR,ERR,ERR,ERR,ERR,ERR,ERR,ERR,ERR,ERR,ERR,ERR,ERR,ERR,ERR,ERR,ERR,ERR,ERR,ERR,ERR,ERR,ERR,ERR,ERR,ERR,ERR,ERR,ERR,ERR,ERR,ERR,ERR,ERR,ERR,ERR,ERR,ERR,ERR,ERR,ERR,ERR,ERR,ERR,ERR,ERR,ERR,ERR,ERR,ERR,ERR,ERR,ERR,0.0,2.7184303811560617e+23,-100794720.0,0.0,0.0,1.3936040501711995e+18,7.805,0.0,0,0,4,0,7116,0.0,100,0.0,0.0,0.0,0.0,0.0,0,0,0,0,0.0,0,0,0,0,0,0,0,0,0,0,0,0,0,0,0,0,0,0,0,0,0,0,0,0,0,0,0,0,0,0,0,0,0,31,40,40,71,65476,0,300,0,0,8,21553,0.0,-107605600.0,0.0,0.0,0.0,0.0,0.0,0.0,0.0,0.0,0.0,0.0,0.0,0.0,-2.596148429267414e+33,0.0,0.0,0.0,0.0,0.0,0.0,0.0,-2.004,-0.0,-0.0,-0.0,0.0,0.0,0.0,0.0,4474.0,-0.0,6929.0,0.0,2.7184303811560617e+23,0.0,2.718428940004181e+23,0.0,0.0,0.0,0.0,69,0.0,-0.0,0.0,0.0,0.0,0.0,0.0,0.0,0.0,0,0,0,0.0,0.0,0.0,0.0,0.0,0.0,0.0,0.0,0.0,0.0,0.0,0.0,0.0,0.0,0.0,0.0,0,-107875648.0,69,0.0,138,0.0,0.0,0,13107,17087,26215,17104,39322,17084,0,0,0,70,68,100,-0.0,82.0,0.0,78.8,-0.0,79.0,1,49,50,180,52429,0,0,0,0.0,0.0,0.0,0.0,-0.0,67.0,0.0,162057.094,0.0,984,0,1015,0,0,0,956,0,1042,0,943,0,793,0,785,0,823,0,7520,0.032,2.5133688800429264e+20,0.0,0.0,784,16797,-0.0,162057.094,-114818.039,-0.0,0.133,6.909358625270745e+28,30.0,70.0,35,0.0,0.0,0.0,0.0,0.0,0.0,0.0,0.0,0.0,0.0,0.0,0.0,0.0,0.0,0.0,0.0,66.0,0,150,71,52,65476,0,300,0,0,8,20529,65476,0,0,44564,70.0,0.0,0.0,0.0,0.0,0.0
2026-09-10T21:07:44,ERR,ERR,ERR,ERR,ERR,ERR,ERR,ERR,ERR,ERR,ERR,ERR,ERR,ERR,ERR,ERR,ERR,ERR,ERR,ERR,ERR,ERR,ERR,ERR,ERR,ERR,ERR,ERR,ERR,ERR,ERR,ERR,ERR,ERR,ERR,ERR,ERR,ERR,ERR,ERR,ERR,ERR,ERR,ERR,ERR,ERR,ERR,ERR,ERR,ERR,ERR,ERR,ERR,ERR,ERR,ERR,ERR,ERR,ERR,ERR,ERR,ERR,ERR,ERR,ERR,ERR,ERR,ERR,ERR,ERR,ERR,ERR,ERR,ERR,ERR,ERR,ERR,ERR,ERR,ERR,ERR,ERR,ERR,ERR,ERR,ERR,ERR,ERR,ERR,ERR,ERR,ERR,ERR,ERR,ERR,ERR,ERR,ERR,ERR,ERR,ERR,ERR,ERR,ERR,ERR,ERR,ERR,ERR,ERR,ERR,ERR,ERR,ERR,ERR,ERR,ERR,ERR,ERR,ERR,ERR,ERR,ERR,ERR,ERR,ERR,0.0,2.7184303811560617e+23,-100794720.0,0.0,0.0,1.3936040501711995e+18,7.805,0.0,0,0,4,0,7116,0.0,100,0.0,0.0,0.0,0.0,0.0,0,0,0,0,0.0,0,0,0,0,0,0,0,0,0,0,0,0,0,0,0,0,0,0,0,0,0,0,0,0,0,0,0,0,0,0,0,0,0,31,40,40,71,65476,0,300,0,0,8,21553,0.0,-107605600.0,0.0,0.0,0.0,0.0,0.0,0.0,0.0,0.0,0.0,0.0,0.0,0.0,0.0,0.0,0.0,0.0,0.0,0.0,0.0,0.0,-2.004,-0.0,-0.0,-0.0,0.0,0.0,0.0,0.0,4473.0,-0.0,6928.0,0.0,2.7184303811560617e+23,0.0,2.718428940004181e+23,0.0,0.0,0.0,0.0,69,0.0,-0.0,0.0,0.0,0.0,0.0,0.0,0.0,0.0,0,0,0,0.0,0.0,0.0,0.0,0.0,0.0,0.0,0.0,0.0,0.0,0.0,0.0,0.0,0.0,0.0,0.0,0,-107875648.0,69,0.0,138,0.0,0.0,0,13107,17087,26215,17104,39322,17084,0,0,0,70,68,100,-0.0,82.0,0.0,78.8,-0.0,79.0,1,49,50,180,52429,0,0,0,0.0,0.0,0.0,0.0,-0.0,67.0,0.0,162057.094,0.0,984,0,1015,0,0,0,956,0,1042,0,943,0,793,0,785,0,823,0,7520,0.032,2.5133688800429264e+20,0.0,0.0,784,16797,-0.0,162057.094,-114818.039,-0.0,0.133,6.909358625270745e+28,30.0,70.0,35,0.0,0.0,0.0,0.0,0.0,0.0,0.0,0.0,0.0,0.0,0.0,0.0,0.0,0.0,0.0,0.0,66.0,0,150,71,52,65476,0,300,0,0,8,20529,65476,0,0,44564,70.0,0.0,0.0,0.0,0.0,0.0
2026-09-10T21:07:45,ERR,ERR,ERR,ERR,ERR,ERR,ERR,ERR,ERR,ERR,ERR,ERR,ERR,ERR,ERR,ERR,ERR,ERR,ERR,ERR,ERR,ERR,ERR,ERR,ERR,ERR,ERR,ERR,ERR,ERR,ERR,ERR,ERR,ERR,ERR,ERR,ERR,ERR,ERR,ERR,ERR,ERR,ERR,ERR,ERR,ERR,ERR,ERR,ERR,ERR,ERR,ERR,ERR,ERR,ERR,ERR,ERR,ERR,ERR,ERR,ERR,ERR,ERR,ERR,ERR,ERR,ERR,ERR,ERR,ERR,ERR,ERR,ERR,ERR,ERR,ERR,ERR,ERR,ERR,ERR,ERR,ERR,ERR,ERR,ERR,ERR,ERR,ERR,ERR,ERR,ERR,ERR,ERR,ERR,ERR,ERR,ERR,ERR,ERR,ERR,ERR,ERR,ERR,ERR,ERR,ERR,ERR,ERR,ERR,ERR,ERR,ERR,ERR,ERR,ERR,ERR,ERR,ERR,ERR,ERR,ERR,ERR,ERR,ERR,ERR,0.0,2.7184303811560617e+23,-100794720.0,0.0,0.0,1.3936040501711995e+18,7.805,0.0,0,0,4,0,7116,0.0,100,0.0,0.0,0.0,0.0,0.0,0,0,0,0,0.0,0,0,0,0,0,0,0,0,0,0,0,0,0,0,0,0,0,0,0,0,0,0,0,0,0,0,0,0,0,0,0,0,0,31,40,40,71,65476,0,300,0,0,8,21553,0.0,-107605600.0,0.0,0.0,0.0,0.0,0.0,0.0,0.0,0.0,0.0,0.0,0.0,0.0,0.0,0.0,0.0,0.0,0.0,0.0,0.0,0.0,-2.004,-0.0,-0.0,-0.0,0.0,0.0,0.0,0.0,4473.0,-0.0,6928.0,0.0,2.7184303811560617e+23,0.0,2.718428940004181e+23,0.0,0.0,0.0,0.0,69,0.0,-0.0,0.0,0.0,0.0,0.0,0.0,0.0,0.0,0,0,0,0.0,0.0,0.0,0.0,0.0,0.0,0.0,0.0,0.0,0.0,0.0,0.0,0.0,0.0,0.0,0.0,0,-107875648.0,69,0.0,138,0.0,0.0,0,13107,17087,26215,17104,39322,17084,0,0,0,70,68,100,-0.0,82.0,0.0,78.8,-0.0,79.0,1,49,50,180,52429,0,0,0,0.0,0.0,0.0,0.0,-0.0,67.0,0.0,162057.094,0.0,984,0,1015,0,0,0,956,0,1042,0,943,0,793,0,785,0,823,0,7520,0.032,2.5133688800429264e+20,0.0,0.0,784,16797,-0.0,162057.094,-114818.039,-0.0,0.133,6.909358625270745e+28,30.0,70.0,35,0.0,0.0,0.0,0.0,0.0,0.0,0.0,0.0,0.0,0.0,0.0,0.0,0.0,0.0,0.0,0.0,66.0,0,150,71,52,65476,0,300,0,0,8,20529,65476,0,0,44564,70.0,0.0,0.0,0.0,0.0,0.0
2026-09-10T21:07:46,ERR,ERR,ERR,ERR,ERR,ERR,ERR,ERR,ERR,ERR,ERR,ERR,ERR,ERR,ERR,ERR,ERR,ERR,ERR,ERR,ERR,ERR,ERR,ERR,ERR,ERR,ERR,ERR,ERR,ERR,ERR,ERR,ERR,ERR,ERR,ERR,ERR,ERR,ERR,ERR,ERR,ERR,ERR,ERR,ERR,ERR,ERR,ERR,ERR,ERR,ERR,ERR,ERR,ERR,ERR,ERR,ERR,ERR,ERR,ERR,ERR,ERR,ERR,ERR,ERR,ERR,ERR,ERR,ERR,ERR,ERR,ERR,ERR,ERR,ERR,ERR,ERR,ERR,ERR,ERR,ERR,ERR,ERR,ERR,ERR,ERR,ERR,ERR,ERR,ERR,ERR,ERR,ERR,ERR,ERR,ERR,ERR,ERR,ERR,ERR,ERR,ERR,ERR,ERR,ERR,ERR,ERR,ERR,ERR,ERR,ERR,ERR,ERR,ERR,ERR,ERR,ERR,ERR,ERR,ERR,ERR,ERR,ERR,ERR,ERR,0.0,2.7184303811560617e+23,-100794720.0,0.0,0.0,1.3936040501711995e+18,7.805,0.0,0,0,4,0,7116,0.0,100,0.0,0.0,0.0,0.0,0.0,0,0,0,0,0.0,0,0,0,0,0,0,0,0,0,0,0,0,0,0,0,0,0,0,0,0,0,0,0,0,0,0,0,0,0,0,0,0,0,31,40,40,71,65476,0,300,0,0,8,21553,0.0,-107605600.0,0.0,0.0,0.0,0.0,0.0,0.0,0.0,0.0,0.0,0.0,0.0,0.0,0.0,0.0,0.0,0.0,0.0,0.0,0.0,0.0,-2.004,-0.0,-0.0,-0.0,0.0,0.0,0.0,0.0,4473.0,-0.0,6928.0,0.0,2.7184303811560617e+23,0.0,2.718428940004181e+23,0.0,0.0,0.0,0.0,69,0.0,-0.0,0.0,0.0,0.0,0.0,0.0,0.0,0.0,0,0,0,0.0,0.0,0.0,0.0,0.0,0.0,0.0,0.0,0.0,0.0,0.0,0.0,0.0,0.0,0.0,0.0,0,-107875648.0,69,0.0,138,0.0,0.0,0,13107,17087,26215,17104,39322,17084,0,0,0,70,68,100,-0.0,82.0,0.0,78.8,-0.0,79.0,1,49,50,180,39322,0,0,0,0.0,0.0,0.0,0.0,-0.0,67.0,0.0,162057.094,0.0,984,0,1016,0,0,0,956,0,1042,0,943,0,793,0,785,0,823,0,7520,0.032,2.5133688800429264e+20,0.0,0.0,784,16797,-0.0,162057.094,-114818.039,-0.0,0.133,6.909358625270745e+28,30.0,70.0,35,0.0,0.0,0.0,0.0,0.0,0.0,0.0,0.0,0.0,0.0,0.0,0.0,0.0,0.0,0.0,0.0,66.0,0,150,71,52,65476,0,300,0,0,8,20529,65476,0,0,44564,70.0,0.0,0.0,0.0,0.0,0.0
2026-09-10T21:07:47,ERR,ERR,ERR,ERR,ERR,ERR,ERR,ERR,ERR,ERR,ERR,ERR,ERR,ERR,ERR,ERR,ERR,ERR,ERR,ERR,ERR,ERR,ERR,ERR,ERR,ERR,ERR,ERR,ERR,ERR,ERR,ERR,ERR,ERR,ERR,ERR,ERR,ERR,ERR,ERR,ERR,ERR,ERR,ERR,ERR,ERR,ERR,ERR,ERR,ERR,ERR,ERR,ERR,ERR,ERR,ERR,ERR,ERR,ERR,ERR,ERR,ERR,ERR,ERR,ERR,ERR,ERR,ERR,ERR,ERR,ERR,ERR,ERR,ERR,ERR,ERR,ERR,ERR,ERR,ERR,ERR,ERR,ERR,ERR,ERR,ERR,ERR,ERR,ERR,ERR,ERR,ERR,ERR,ERR,ERR,ERR,ERR,ERR,ERR,ERR,ERR,ERR,ERR,ERR,ERR,ERR,ERR,ERR,ERR,ERR,ERR,ERR,ERR,ERR,ERR,ERR,ERR,ERR,ERR,ERR,ERR,ERR,ERR,ERR,ERR,0.0,2.7184303811560617e+23,-100794720.0,0.0,0.0,1.3936040501711995e+18,7.805,0.0,0,0,4,0,7116,0.0,100,0.0,0.0,0.0,0.0,0.0,0,0,0,0,0.0,0,0,0,0,0,0,0,0,0,0,0,0,0,0,0,0,0,0,0,0,0,0,0,0,0,0,0,0,0,0,0,0,0,31,40,40,71,65476,0,300,0,0,8,21553,0.0,-107605600.0,0.0,0.0,0.0,0.0,0.0,0.0,0.0,0.0,0.0,0.0,0.0,0.0,0.0,0.0,0.0,0.0,0.0,0.0,0.0,0.0,-2.004,-0.0,-0.0,-0.0,0.0,0.0,0.0,0.0,4473.0,-0.0,6928.0,0.0,2.7184303811560617e+23,0.0,2.718428940004181e+23,0.0,0.0,0.0,0.0,69,0.0,-0.0,0.0,0.0,0.0,0.0,0.0,0.0,0.0,0,0,0,0.0,0.0,0.0,0.0,0.0,0.0,0.0,0.0,0.0,0.0,0.0,0.0,0.0,0.0,0.0,0.0,0,-107875648.0,69,0.0,138,0.0,0.0,0,13107,17087,26215,17104,39322,17084,0,0,0,70,68,100,-0.0,82.0,0.0,78.8,-0.0,79.0,1,49,50,180,39322,0,0,0,0.0,0.0,0.0,0.0,-0.0,67.0,0.0,162057.094,0.0,984,0,1016,0,0,0,956,0,1042,0,943,0,793,0,785,0,823,0,7520,0.032,2.5133688800429264e+20,0.0,0.0,784,16797,-0.0,162057.094,-114818.039,-0.0,0.133,6.909358625270745e+28,30.0,70.0,35,0.0,0.0,0.0,0.0,0.0,0.0,0.0,0.0,0.0,0.0,0.0,0.0,0.0,0.0,0.0,0.0,66.0,0,150,71,52,65476,0,300,0,0,8,20529,65476,0,0,44564,70.0,0.0,0.0,0.0,0.0,0.0
2026-09-10T21:07:48,ERR,ERR,ERR,ERR,ERR,ERR,ERR,ERR,ERR,ERR,ERR,ERR,ERR,ERR,ERR,ERR,ERR,ERR,ERR,ERR,ERR,ERR,ERR,ERR,ERR,ERR,ERR,ERR,ERR,ERR,ERR,ERR,ERR,ERR,ERR,ERR,ERR,ERR,ERR,ERR,ERR,ERR,ERR,ERR,ERR,ERR,ERR,ERR,ERR,ERR,ERR,ERR,ERR,ERR,ERR,ERR,ERR,ERR,ERR,ERR,ERR,ERR,ERR,ERR,ERR,ERR,ERR,ERR,ERR,ERR,ERR,ERR,ERR,ERR,ERR,ERR,ERR,ERR,ERR,ERR,ERR,ERR,ERR,ERR,ERR,ERR,ERR,ERR,ERR,ERR,ERR,ERR,ERR,ERR,ERR,ERR,ERR,ERR,ERR,ERR,ERR,ERR,ERR,ERR,ERR,ERR,ERR,ERR,ERR,ERR,ERR,ERR,ERR,ERR,ERR,ERR,ERR,ERR,ERR,ERR,ERR,ERR,ERR,ERR,ERR,0.0,2.7184303811560617e+23,-100794720.0,0.0,0.0,1.3936040501711995e+18,7.805,0.0,0,0,4,0,7116,0.0,100,0.0,0.0,0.0,0.0,0.0,0,0,0,0,0.0,0,0,0,0,0,0,0,0,0,0,0,0,0,0,0,0,0,0,0,0,0,0,0,0,0,0,0,0,0,0,0,0,0,31,40,40,71,65476,0,300,0,0,8,21553,0.0,-107605600.0,0.0,0.0,0.0,0.0,0.0,0.0,0.0,0.0,0.0,0.0,0.0,0.0,0.0,0.0,0.0,0.0,0.0,0.0,0.0,0.0,-2.004,-0.0,-0.0,-0.0,0.0,0.0,0.0,0.0,4473.0,-0.0,6928.0,0.0,2.7184303811560617e+23,0.0,2.718428940004181e+23,0.0,0.0,0.0,0.0,69,0.0,-0.0,0.0,0.0,0.0,0.0,0.0,0.0,0.0,0,0,0,0.0,0.0,0.0,0.0,0.0,0.0,0.0,0.0,0.0,0.0,0.0,0.0,0.0,0.0,0.0,0.0,0,-107875648.0,69,0.0,138,0.0,0.0,0,13107,17087,26215,17104,39322,17084,0,0,0,70,68,100,-0.0,82.0,0.0,78.8,-0.0,79.0,1,49,50,180,39322,0,0,0,0.0,0.0,0.0,0.0,-0.0,67.0,0.0,162057.094,0.0,984,0,1016,0,0,0,956,0,1042,0,943,0,793,0,785,0,823,0,7520,0.032,2.5133688800429264e+20,0.0,0.0,784,16797,-0.0,162057.094,-114818.039,-0.0,0.133,6.909358625270745e+28,30.0,70.0,35,0.0,0.0,0.0,0.0,0.0,0.0,0.0,0.0,0.0,0.0,0.0,0.0,0.0,0.0,0.0,0.0,66.0,0,150,71,52,65476,0,300,0,0,8,20529,65476,0,0,44564,70.0,0.0,0.0,0.0,0.0,0.0
2026-09-10T21:07:49,ERR,ERR,ERR,ERR,ERR,ERR,ERR,ERR,ERR,ERR,ERR,ERR,ERR,ERR,ERR,ERR,ERR,ERR,ERR,ERR,ERR,ERR,ERR,ERR,ERR,ERR,ERR,ERR,ERR,ERR,ERR,ERR,ERR,ERR,ERR,ERR,ERR,ERR,ERR,ERR,ERR,ERR,ERR,ERR,ERR,ERR,ERR,ERR,ERR,ERR,ERR,ERR,ERR,ERR,ERR,ERR,ERR,ERR,ERR,ERR,ERR,ERR,ERR,ERR,ERR,ERR,ERR,ERR,ERR,ERR,ERR,ERR,ERR,ERR,ERR,ERR,ERR,ERR,ERR,ERR,ERR,ERR,ERR,ERR,ERR,ERR,ERR,ERR,ERR,ERR,ERR,ERR,ERR,ERR,ERR,ERR,ERR,ERR,ERR,ERR,ERR,ERR,ERR,ERR,ERR,ERR,ERR,ERR,ERR,ERR,ERR,ERR,ERR,ERR,ERR,ERR,ERR,ERR,ERR,ERR,ERR,ERR,ERR,ERR,ERR,0.0,2.7184303811560617e+23,-100794720.0,0.0,0.0,1.3936040501711995e+18,7.805,0.0,0,0,4,0,7116,0.0,100,0.0,0.0,0.0,0.0,0.0,0,0,0,0,0.0,0,0,0,0,0,0,0,0,0,0,0,0,0,0,0,0,0,0,0,0,0,0,0,0,0,0,0,0,0,0,0,0,0,31,40,40,71,65476,0,300,0,0,8,21553,0.0,-107605600.0,0.0,0.0,0.0,0.0,0.0,0.0,0.0,0.0,0.0,0.0,0.0,0.0,0.0,0.0,0.0,0.0,0.0,0.0,0.0,0.0,-2.004,-0.0,-0.0,-0.0,0.0,0.0,0.0,0.0,4473.0,-0.0,6928.0,0.0,2.7184303811560617e+23,0.0,2.718428940004181e+23,0.0,0.0,0.0,0.0,69,0.0,-0.0,0.0,0.0,0.0,0.0,0.0,0.0,0.0,0,0,0,0.0,0.0,0.0,0.0,0.0,0.0,0.0,0.0,0.0,0.0,0.0,0.0,0.0,0.0,0.0,0.0,0,-107875648.0,69,0.0,138,0.0,0.0,0,13107,17087,26215,17104,39322,17084,0,0,0,70,68,100,-0.0,82.0,0.0,78.8,-0.0,79.0,1,49,50,180,39322,0,0,0,0.0,0.0,0.0,0.0,-0.0,67.0,0.0,162057.094,0.0,984,0,1016,0,0,0,956,0,1042,0,943,0,793,0,785,0,823,0,7520,0.032,2.5133688800429264e+20,0.0,0.0,784,16797,-0.0,162057.094,-114818.039,-0.0,0.133,6.909358625270745e+28,30.0,70.0,35,0.0,0.0,0.0,0.0,0.0,0.0,0.0,0.0,0.0,0.0,0.0,0.0,0.0,0.0,0.0,0.0,66.0,0,150,71,52,65476,0,300,0,0,8,20529,65476,0,0,44564,70.0,0.0,0.0,0.0,0.0,0.0
2026-09-10T21:07:50,ERR,ERR,ERR,ERR,ERR,ERR,ERR,ERR,ERR,ERR,ERR,ERR,ERR,ERR,ERR,ERR,ERR,ERR,ERR,ERR,ERR,ERR,ERR,ERR,ERR,ERR,ERR,ERR,ERR,ERR,ERR,ERR,ERR,ERR,ERR,ERR,ERR,ERR,ERR,ERR,ERR,ERR,ERR,ERR,ERR,ERR,ERR,ERR,ERR,ERR,ERR,ERR,ERR,ERR,ERR,ERR,ERR,ERR,ERR,ERR,ERR,ERR,ERR,ERR,ERR,ERR,ERR,ERR,ERR,ERR,ERR,ERR,ERR,ERR,ERR,ERR,ERR,ERR,ERR,ERR,ERR,ERR,ERR,ERR,ERR,ERR,ERR,ERR,ERR,ERR,ERR,ERR,ERR,ERR,ERR,ERR,ERR,ERR,ERR,ERR,ERR,ERR,ERR,ERR,ERR,ERR,ERR,ERR,ERR,ERR,ERR,ERR,ERR,ERR,ERR,ERR,ERR,ERR,ERR,ERR,ERR,ERR,ERR,ERR,ERR,0.0,2.7184303811560617e+23,-100794720.0,0.0,0.0,1.3936040501711995e+18,7.805,0.0,0,0,4,0,7116,0.0,100,0.0,0.0,0.0,0.0,0.0,0,0,0,0,0.0,0,0,0,0,0,0,0,0,0,0,0,0,0,0,0,0,0,0,0,0,0,0,0,0,0,0,0,0,0,0,0,0,0,31,40,40,71,65476,0,300,0,0,8,21553,0.0,-107605600.0,0.0,0.0,0.0,0.0,0.0,0.0,0.0,0.0,0.0,0.0,0.0,0.0,0.0,0.0,0.0,0.0,0.0,0.0,0.0,0.0,-2.004,-0.0,-0.0,-0.0,0.0,0.0,0.0,0.0,4473.0,-0.0,6928.0,0.0,2.7184303811560617e+23,0.0,2.718428940004181e+23,0.0,0.0,0.0,0.0,69,0.0,-0.0,0.0,0.0,0.0,0.0,0.0,0.0,0.0,0,0,0,0.0,0.0,0.0,0.0,0.0,0.0,0.0,0.0,0.0,0.0,0.0,0.0,0.0,0.0,0.0,0.0,0,-107875648.0,69,0.0,138,0.0,0.0,0,13107,17087,26215,17104,39322,17084,0,0,0,70,68,100,-0.0,82.0,0.0,78.8,-0.0,79.0,1,49,50,180,39322,0,0,0,0.0,0.0,0.0,0.0,-0.0,67.0,0.0,162057.094,0.0,984,0,1016,0,0,0,956,0,1042,0,943,0,793,0,785,0,823,0,7520,0.032,2.5133688800429264e+20,0.0,0.0,784,16797,-0.0,162057.094,-114818.039,-0.0,0.133,6.909358625270745e+28,30.0,70.0,35,0.0,0.0,0.0,0.0,0.0,0.0,0.0,0.0,0.0,0.0,0.0,0.0,0.0,0.0,0.0,0.0,66.0,0,150,71,52,65476,0,300,0,0,8,20529,65476,0,0,44564,70.0,0.0,0.0,0.0,0.0,0.0
2026-09-10T21:07:51,ERR,ERR,ERR,ERR,ERR,ERR,ERR,ERR,ERR,ERR,ERR,ERR,ERR,ERR,ERR,ERR,ERR,ERR,ERR,ERR,ERR,ERR,ERR,ERR,ERR,ERR,ERR,ERR,ERR,ERR,ERR,ERR,ERR,ERR,ERR,ERR,ERR,ERR,ERR,ERR,ERR,ERR,ERR,ERR,ERR,ERR,ERR,ERR,ERR,ERR,ERR,ERR,ERR,ERR,ERR,ERR,ERR,ERR,ERR,ERR,ERR,ERR,ERR,ERR,ERR,ERR,ERR,ERR,ERR,ERR,ERR,ERR,ERR,ERR,ERR,ERR,ERR,ERR,ERR,ERR,ERR,ERR,ERR,ERR,ERR,ERR,ERR,ERR,ERR,ERR,ERR,ERR,ERR,ERR,ERR,ERR,ERR,ERR,ERR,ERR,ERR,ERR,ERR,ERR,ERR,ERR,ERR,ERR,ERR,ERR,ERR,ERR,ERR,ERR,ERR,ERR,ERR,ERR,ERR,ERR,ERR,ERR,ERR,ERR,ERR,0.0,2.7184303811560617e+23,-100794720.0,0.0,0.0,1.3936040501711995e+18,7.805,0.0,0,0,4,0,7116,0.0,100,0.0,0.0,0.0,0.0,0.0,0,0,0,0,0.0,0,0,0,0,0,0,0,0,0,0,0,0,0,0,0,0,0,0,0,0,0,0,0,0,0,0,0,0,0,0,0,0,0,31,40,40,71,65476,0,300,0,0,8,21553,0.0,-107605600.0,0.0,0.0,0.0,0.0,0.0,0.0,0.0,0.0,0.0,0.0,0.0,0.0,0.0,0.0,0.0,0.0,0.0,0.0,0.0,0.0,-2.004,-0.0,-0.0,-0.0,0.0,0.0,0.0,0.0,4468.0,1.0406632763589053e+34,6928.0,0.0,2.7184303811560617e+23,0.0,2.718428940004181e+23,0.0,0.0,0.0,0.0,69,0.0,-0.0,0.0,0.0,0.0,0.0,0.0,0.0,0.0,0,0,0,0.0,0.0,0.0,0.0,0.0,0.0,0.0,0.0,0.0,0.0,0.0,0.0,0.0,0.0,0.0,0.0,0,-107875648.0,69,0.0,138,0.0,0.0,0,13107,17087,26215,17104,39322,17084,0,0,0,70,68,100,-0.0,82.0,0.0,78.8,-0.0,79.0,1,49,50,180,39322,0,0,0,0.0,0.0,0.0,0.0,-0.0,67.0,0.0,162057.094,0.0,984,0,1016,0,0,0,956,0,1042,0,943,0,793,0,785,0,823,0,7520,0.032,2.5133688800429264e+20,0.0,0.0,784,16797,-0.0,162057.094,-114818.039,-0.0,0.133,6.909358625270745e+28,30.0,70.0,35,0.0,0.0,0.0,0.0,0.0,0.0,0.0,0.0,0.0,0.0,0.0,0.0,0.0,0.0,0.0,0.0,66.0,0,150,71,52,65476,0,300,0,0,8,20529,65476,0,0,44564,70.0,0.0,0.0,0.0,0.0,0.0
2026-09-10T21:07:52,ERR,ERR,ERR,ERR,ERR,ERR,ERR,ERR,ERR,ERR,ERR,ERR,ERR,ERR,ERR,ERR,ERR,ERR,ERR,ERR,ERR,ERR,ERR,ERR,ERR,ERR,ERR,ERR,ERR,ERR,ERR,ERR,ERR,ERR,ERR,ERR,ERR,ERR,ERR,ERR,ERR,ERR,ERR,ERR,ERR,ERR,ERR,ERR,ERR,ERR,ERR,ERR,ERR,ERR,ERR,ERR,ERR,ERR,ERR,ERR,ERR,ERR,ERR,ERR,ERR,ERR,ERR,ERR,ERR,ERR,ERR,ERR,ERR,ERR,ERR,ERR,ERR,ERR,ERR,ERR,ERR,ERR,ERR,ERR,ERR,ERR,ERR,ERR,ERR,ERR,ERR,ERR,ERR,ERR,ERR,ERR,ERR,ERR,ERR,ERR,ERR,ERR,ERR,ERR,ERR,ERR,ERR,ERR,ERR,ERR,ERR,ERR,ERR,ERR,ERR,ERR,ERR,ERR,ERR,ERR,ERR,ERR,ERR,ERR,ERR,0.0,2.7184303811560617e+23,-100794720.0,0.0,0.0,1.3936040501711995e+18,7.805,0.0,0,0,4,0,7116,0.0,100,0.0,0.0,0.0,0.0,0.0,0,0,0,0,0.0,0,0,0,0,0,0,0,0,0,0,0,0,0,0,0,0,0,0,0,0,0,0,0,0,0,0,0,0,0,0,0,0,0,31,40,40,71,65476,0,300,0,0,8,21553,0.0,-107605600.0,0.0,0.0,0.0,0.0,0.0,0.0,0.0,0.0,0.0,0.0,0.0,0.0,0.0,0.0,0.0,0.0,0.0,0.0,0.0,0.0,-2.004,-0.0,-0.0,-0.0,0.0,0.0,0.0,0.0,4468.0,1.0406632763589053e+34,6928.0,0.0,2.7184303811560617e+23,0.0,2.718428940004181e+23,0.0,0.0,0.0,0.0,69,0.0,-0.0,0.0,0.0,0.0,0.0,0.0,0.0,0.0,0,0,0,0.0,0.0,0.0,0.0,0.0,0.0,0.0,0.0,0.0,0.0,0.0,0.0,0.0,0.0,0.0,0.0,0,-107875648.0,69,0.0,138,0.0,0.0,0,13107,17087,26215,17104,39322,17084,0,0,0,70,68,100,-0.0,82.0,0.0,78.8,-0.0,79.0,1,49,50,180,39322,0,0,0,0.0,0.0,0.0,0.0,-0.0,67.0,0.0,162057.094,0.0,983,0,1015,0,0,0,956,0,1042,0,943,0,793,0,785,0,823,0,7520,0.032,2.5133688800429264e+20,0.0,0.0,784,16797,-0.0,162057.094,-114818.039,-0.0,0.133,6.909358625270745e+28,30.0,70.0,35,0.0,0.0,0.0,0.0,0.0,0.0,0.0,0.0,0.0,0.0,0.0,0.0,0.0,0.0,0.0,0.0,66.4,0,150,71,52,65476,0,300,0,0,8,20529,65476,0,0,44564,70.0,0.0,0.0,0.0,0.0,0.0
2026-09-10T21:07:53,ERR,ERR,ERR,ERR,ERR,ERR,ERR,ERR,ERR,ERR,ERR,ERR,ERR,ERR,ERR,ERR,ERR,ERR,ERR,ERR,ERR,ERR,ERR,ERR,ERR,ERR,ERR,ERR,ERR,ERR,ERR,ERR,ERR,ERR,ERR,ERR,ERR,ERR,ERR,ERR,ERR,ERR,ERR,ERR,ERR,ERR,ERR,ERR,ERR,ERR,ERR,ERR,ERR,ERR,ERR,ERR,ERR,ERR,ERR,ERR,ERR,ERR,ERR,ERR,ERR,ERR,ERR,ERR,ERR,ERR,ERR,ERR,ERR,ERR,ERR,ERR,ERR,ERR,ERR,ERR,ERR,ERR,ERR,ERR,ERR,ERR,ERR,ERR,ERR,ERR,ERR,ERR,ERR,ERR,ERR,ERR,ERR,ERR,ERR,ERR,ERR,ERR,ERR,ERR,ERR,ERR,ERR,ERR,ERR,ERR,ERR,ERR,ERR,ERR,ERR,ERR,ERR,ERR,ERR,ERR,ERR,ERR,ERR,ERR,ERR,0.0,2.7184303811560617e+23,-100794720.0,0.0,0.0,1.3936040501711995e+18,7.805,0.0,0,0,4,0,7116,0.0,100,0.0,0.0,0.0,0.0,0.0,0,0,0,0,0.0,0,0,0,0,0,0,0,0,0,0,0,0,0,0,0,0,0,0,0,0,0,0,0,0,0,0,0,0,0,0,0,0,0,31,40,40,71,65476,0,300,0,0,8,21553,0.0,-107605600.0,0.0,0.0,0.0,0.0,0.0,0.0,0.0,0.0,0.0,0.0,0.0,0.0,0.0,0.0,0.0,0.0,0.0,0.0,0.0,0.0,-2.004,-0.0,-0.0,-0.0,0.0,0.0,0.0,0.0,4468.0,1.0406632763589053e+34,6928.0,0.0,2.7184303811560617e+23,0.0,2.718428940004181e+23,0.0,0.0,0.0,0.0,69,0.0,-0.0,0.0,0.0,0.0,0.0,0.0,0.0,0.0,0,0,0,0.0,0.0,0.0,0.0,0.0,0.0,0.0,0.0,0.0,0.0,0.0,0.0,0.0,0.0,0.0,0.0,0,-107875648.0,69,0.0,138,0.0,0.0,0,13107,17087,26215,17104,39322,17084,0,0,0,70,68,100,-0.0,82.0,0.0,78.8,-0.0,79.0,1,49,50,180,39322,0,0,0,0.0,0.0,0.0,0.0,-0.0,67.0,0.0,162057.094,0.0,983,0,1015,0,0,0,956,0,1042,0,943,0,793,0,785,0,823,0,7520,0.032,2.5133688800429264e+20,0.0,0.0,784,16797,-0.0,162057.094,-114818.039,-0.0,0.133,6.909358625270745e+28,30.0,70.0,35,0.0,0.0,0.0,0.0,0.0,0.0,0.0,0.0,0.0,0.0,0.0,0.0,0.0,0.0,0.0,0.0,66.4,0,150,71,52,65476,0,300,0,0,8,20529,65476,0,0,44564,70.0,0.0,0.0,0.0,0.0,0.0
2026-09-10T21:07:54,ERR,ERR,ERR,ERR,ERR,ERR,ERR,ERR,ERR,ERR,ERR,ERR,ERR,ERR,ERR,ERR,ERR,ERR,ERR,ERR,ERR,ERR,ERR,ERR,ERR,ERR,ERR,ERR,ERR,ERR,ERR,ERR,ERR,ERR,ERR,ERR,ERR,ERR,ERR,ERR,ERR,ERR,ERR,ERR,ERR,ERR,ERR,ERR,ERR,ERR,ERR,ERR,ERR,ERR,ERR,ERR,ERR,ERR,ERR,ERR,ERR,ERR,ERR,ERR,ERR,ERR,ERR,ERR,ERR,ERR,ERR,ERR,ERR,ERR,ERR,ERR,ERR,ERR,ERR,ERR,ERR,ERR,ERR,ERR,ERR,ERR,ERR,ERR,ERR,ERR,ERR,ERR,ERR,ERR,ERR,ERR,ERR,ERR,ERR,ERR,ERR,ERR,ERR,ERR,ERR,ERR,ERR,ERR,ERR,ERR,ERR,ERR,ERR,ERR,ERR,ERR,ERR,ERR,ERR,ERR,ERR,ERR,ERR,ERR,ERR,0.0,2.7184303811560617e+23,-100794720.0,0.0,0.0,1.3936040501711995e+18,7.805,0.0,0,0,4,0,7116,0.0,100,0.0,0.0,0.0,0.0,0.0,0,0,0,0,0.0,0,0,0,0,0,0,0,0,0,0,0,0,0,0,0,0,0,0,0,0,0,0,0,0,0,0,0,0,0,0,0,0,0,31,40,40,71,65476,0,300,0,0,8,21553,0.0,-107605600.0,0.0,0.0,0.0,0.0,0.0,0.0,0.0,0.0,0.0,0.0,0.0,0.0,0.0,0.0,0.0,0.0,0.0,0.0,0.0,0.0,-2.004,-0.0,-0.0,-0.0,0.0,0.0,0.0,0.0,4468.0,1.0406632763589053e+34,6928.0,0.0,2.7184303811560617e+23,0.0,2.718428940004181e+23,0.0,0.0,0.0,0.0,69,0.0,-0.0,0.0,0.0,0.0,0.0,0.0,0.0,0.0,0,0,0,0.0,0.0,0.0,0.0,0.0,0.0,0.0,0.0,0.0,0.0,0.0,0.0,0.0,0.0,0.0,0.0,0,-107875648.0,69,0.0,138,0.0,0.0,0,13107,17087,26215,17104,39322,17084,0,0,0,70,68,100,-0.0,82.0,0.0,78.8,-0.0,79.0,1,49,50,180,39322,0,0,0,0.0,0.0,0.0,0.0,-0.0,67.0,0.0,162057.094,0.0,983,0,1015,0,0,0,956,0,1042,0,943,0,793,0,785,0,823,0,7520,0.032,2.5133688800429264e+20,0.0,0.0,784,16797,-0.0,162057.094,-114818.039,-0.0,0.133,6.909358625270745e+28,30.0,70.0,35,0.0,0.0,0.0,0.0,0.0,0.0,0.0,0.0,0.0,0.0,0.0,0.0,0.0,0.0,0.0,0.0,66.0,0,150,71,52,65476,0,300,0,0,8,20529,65476,0,0,44564,70.0,0.0,0.0,0.0,0.0,0.0
2026-09-10T21:07:55,ERR,ERR,ERR,ERR,ERR,ERR,ERR,ERR,ERR,ERR,ERR,ERR,ERR,ERR,ERR,ERR,ERR,ERR,ERR,ERR,ERR,ERR,ERR,ERR,ERR,ERR,ERR,ERR,ERR,ERR,ERR,ERR,ERR,ERR,ERR,ERR,ERR,ERR,ERR,ERR,ERR,ERR,ERR,ERR,ERR,ERR,ERR,ERR,ERR,ERR,ERR,ERR,ERR,ERR,ERR,ERR,ERR,ERR,ERR,ERR,ERR,ERR,ERR,ERR,ERR,ERR,ERR,ERR,ERR,ERR,ERR,ERR,ERR,ERR,ERR,ERR,ERR,ERR,ERR,ERR,ERR,ERR,ERR,ERR,ERR,ERR,ERR,ERR,ERR,ERR,ERR,ERR,ERR,ERR,ERR,ERR,ERR,ERR,ERR,ERR,ERR,ERR,ERR,ERR,ERR,ERR,ERR,ERR,ERR,ERR,ERR,ERR,ERR,ERR,ERR,ERR,ERR,ERR,ERR,ERR,ERR,ERR,ERR,ERR,ERR,0.0,2.7184303811560617e+23,-100794720.0,0.0,0.0,1.3936040501711995e+18,7.805,0.0,0,0,4,0,7116,0.0,100,0.0,0.0,0.0,0.0,0.0,0,0,0,0,0.0,0,0,0,0,0,0,0,0,0,0,0,0,0,0,0,0,0,0,0,0,0,0,0,0,0,0,0,0,0,0,0,0,0,31,40,40,71,65476,0,300,0,0,8,21553,0.0,-107605600.0,0.0,0.0,0.0,0.0,0.0,0.0,0.0,0.0,0.0,0.0,0.0,0.0,0.0,0.0,0.0,0.0,0.0,0.0,0.0,0.0,-2.004,-0.0,-0.0,-0.0,0.0,0.0,0.0,0.0,4468.0,1.0406632763589053e+34,6928.0,0.0,2.7184303811560617e+23,0.0,2.718428940004181e+23,0.0,0.0,0.0,0.0,69,0.0,-0.0,0.0,0.0,0.0,0.0,0.0,0.0,0.0,0,0,0,0.0,0.0,0.0,0.0,0.0,0.0,0.0,0.0,0.0,0.0,0.0,0.0,0.0,0.0,0.0,0.0,0,-107875648.0,69,0.0,138,0.0,0.0,0,13107,17087,26215,17104,39322,17084,0,0,0,70,68,100,-0.0,82.0,0.0,78.8,-0.0,79.0,1,49,50,180,39322,0,0,0,0.0,0.0,0.0,0.0,-0.0,67.0,0.0,162057.094,0.0,983,0,1015,0,0,0,956,0,1042,0,943,0,793,0,785,0,823,0,7520,0.032,2.5133688800429264e+20,0.0,0.0,784,16797,-0.0,162057.094,-114818.039,-0.0,0.133,6.909358625270745e+28,30.0,70.0,35,0.0,0.0,0.0,0.0,0.0,0.0,0.0,0.0,0.0,0.0,0.0,0.0,0.0,0.0,0.0,0.0,66.0,0,150,71,52,65476,0,300,0,0,8,20529,65476,0,0,44564,70.0,0.0,0.0,0.0,0.0,0.0
2026-09-10T21:07:56,ERR,ERR,ERR,ERR,ERR,ERR,ERR,ERR,ERR,ERR,ERR,ERR,ERR,ERR,ERR,ERR,ERR,ERR,ERR,ERR,ERR,ERR,ERR,ERR,ERR,ERR,ERR,ERR,ERR,ERR,ERR,ERR,ERR,ERR,ERR,ERR,ERR,ERR,ERR,ERR,ERR,ERR,ERR,ERR,ERR,ERR,ERR,ERR,ERR,ERR,ERR,ERR,ERR,ERR,ERR,ERR,ERR,ERR,ERR,ERR,ERR,ERR,ERR,ERR,ERR,ERR,ERR,ERR,ERR,ERR,ERR,ERR,ERR,ERR,ERR,ERR,ERR,ERR,ERR,ERR,ERR,ERR,ERR,ERR,ERR,ERR,ERR,ERR,ERR,ERR,ERR,ERR,ERR,ERR,ERR,ERR,ERR,ERR,ERR,ERR,ERR,ERR,ERR,ERR,ERR,ERR,ERR,ERR,ERR,ERR,ERR,ERR,ERR,ERR,ERR,ERR,ERR,ERR,ERR,ERR,ERR,ERR,ERR,ERR,ERR,0.0,2.7184303811560617e+23,-100794720.0,0.0,0.0,1.3936040501711995e+18,7.805,0.0,0,0,4,0,7116,0.0,100,0.0,0.0,0.0,0.0,0.0,0,0,0,0,0.0,0,0,0,0,0,0,0,0,0,0,0,0,0,0,0,0,0,0,0,0,0,0,0,0,0,0,0,0,0,0,0,0,0,31,40,40,71,65476,0,300,0,0,8,21553,0.0,-107605600.0,0.0,0.0,0.0,0.0,0.0,0.0,0.0,0.0,0.0,0.0,0.0,0.0,0.0,0.0,0.0,0.0,0.0,0.0,0.0,0.0,-2.004,-0.0,-0.0,-0.0,0.0,0.0,0.0,0.0,4468.0,1.0406632763589053e+34,6928.0,0.0,2.7184303811560617e+23,0.0,2.718428940004181e+23,0.0,0.0,0.0,0.0,69,0.0,-0.0,0.0,0.0,0.0,0.0,0.0,0.0,0.0,0,0,0,0.0,0.0,0.0,0.0,0.0,0.0,0.0,0.0,0.0,0.0,0.0,0.0,0.0,0.0,0.0,0.0,0,-107875648.0,69,0.0,138,0.0,0.0,0,13107,17087,26215,17104,26215,17084,0,0,0,70,68,100,-0.0,82.0,0.0,78.8,-0.0,79.0,1,49,50,180,39322,0,0,0,0.0,0.0,0.0,0.0,-0.0,67.0,0.0,162057.094,0.0,983,0,1015,0,0,0,956,0,1042,0,943,0,793,0,785,0,823,0,7520,0.032,2.524898095088995e+20,0.0,0.0,784,16797,-0.0,162057.094,-114818.039,-0.0,0.133,6.909358625270745e+28,30.0,70.0,35,0.0,0.0,0.0,0.0,0.0,0.0,0.0,0.0,0.0,0.0,0.0,0.0,0.0,0.0,0.0,0.0,66.0,0,150,71,52,65476,0,300,0,0,8,20529,65476,0,0,44564,70.0,0.0,0.0,0.0,0.0,0.0
2026-09-10T21:07:57,ERR,ERR,ERR,ERR,ERR,ERR,ERR,ERR,ERR,ERR,ERR,ERR,ERR,ERR,ERR,ERR,ERR,ERR,ERR,ERR,ERR,ERR,ERR,ERR,ERR,ERR,ERR,ERR,ERR,ERR,ERR,ERR,ERR,ERR,ERR,ERR,ERR,ERR,ERR,ERR,ERR,ERR,ERR,ERR,ERR,ERR,ERR,ERR,ERR,ERR,ERR,ERR,ERR,ERR,ERR,ERR,ERR,ERR,ERR,ERR,ERR,ERR,ERR,ERR,ERR,ERR,ERR,ERR,ERR,ERR,ERR,ERR,ERR,ERR,ERR,ERR,ERR,ERR,ERR,ERR,ERR,ERR,ERR,ERR,ERR,ERR,ERR,ERR,ERR,ERR,ERR,ERR,ERR,ERR,ERR,ERR,ERR,ERR,ERR,ERR,ERR,ERR,ERR,ERR,ERR,ERR,ERR,ERR,ERR,ERR,ERR,ERR,ERR,ERR,ERR,ERR,ERR,ERR,ERR,ERR,ERR,ERR,ERR,ERR,ERR,0.0,2.7184303811560617e+23,-100794720.0,0.0,0.0,1.3936040501711995e+18,7.805,0.0,0,0,4,0,7116,0.0,100,0.0,0.0,0.0,0.0,0.0,0,0,0,0,0.0,0,0,0,0,0,0,0,0,0,0,0,0,0,0,0,0,0,0,0,0,0,0,0,0,0,0,0,0,0,0,0,0,0,31,40,40,71,65476,0,300,0,0,8,21553,0.0,-107605600.0,0.0,0.0,0.0,0.0,0.0,0.0,0.0,0.0,0.0,0.0,0.0,0.0,0.0,0.0,0.0,0.0,0.0,0.0,0.0,0.0,-2.004,-0.0,-0.0,-0.0,0.0,0.0,0.0,0.0,4468.0,1.0406632763589053e+34,6928.0,0.0,2.7184303811560617e+23,0.0,2.718428940004181e+23,0.0,0.0,0.0,0.0,69,0.0,-0.0,0.0,0.0,0.0,0.0,0.0,0.0,0.0,0,0,0,0.0,0.0,0.0,0.0,0.0,0.0,0.0,0.0,0.0,0.0,0.0,0.0,0.0,0.0,0.0,0.0,0,-107875648.0,69,0.0,138,0.0,0.0,0,13107,17087,26215,17104,26215,17084,0,0,0,70,68,100,-0.0,82.0,0.0,78.8,-0.0,79.0,1,49,50,180,39322,0,0,0,0.0,0.0,0.0,0.0,-0.0,67.0,0.0,162057.094,0.0,983,0,1015,0,0,0,956,0,1042,0,943,0,793,0,785,0,823,0,7520,0.032,2.524898095088995e+20,0.0,0.0,784,16797,-0.0,162057.094,-114818.039,-0.0,0.133,6.909358625270745e+28,30.0,70.0,35,0.0,0.0,0.0,0.0,0.0,0.0,0.0,0.0,0.0,0.0,0.0,0.0,0.0,0.0,0.0,0.0,66.4,0,150,71,52,65476,0,300,0,0,8,20529,65476,0,0,44564,70.0,0.0,0.0,0.0,0.0,0.0
2026-09-10T21:07:58,ERR,ERR,ERR,ERR,ERR,ERR,ERR,ERR,ERR,ERR,ERR,ERR,ERR,ERR,ERR,ERR,ERR,ERR,ERR,ERR,ERR,ERR,ERR,ERR,ERR,ERR,ERR,ERR,ERR,ERR,ERR,ERR,ERR,ERR,ERR,ERR,ERR,ERR,ERR,ERR,ERR,ERR,ERR,ERR,ERR,ERR,ERR,ERR,ERR,ERR,ERR,ERR,ERR,ERR,ERR,ERR,ERR,ERR,ERR,ERR,ERR,ERR,ERR,ERR,ERR,ERR,ERR,ERR,ERR,ERR,ERR,ERR,ERR,ERR,ERR,ERR,ERR,ERR,ERR,ERR,ERR,ERR,ERR,ERR,ERR,ERR,ERR,ERR,ERR,ERR,ERR,ERR,ERR,ERR,ERR,ERR,ERR,ERR,ERR,ERR,ERR,ERR,ERR,ERR,ERR,ERR,ERR,ERR,ERR,ERR,ERR,ERR,ERR,ERR,ERR,ERR,ERR,ERR,ERR,ERR,ERR,ERR,ERR,ERR,ERR,0.0,2.7184303811560617e+23,-100794720.0,0.0,0.0,1.3936040501711995e+18,7.805,0.0,0,0,4,0,7116,0.0,100,0.0,0.0,0.0,0.0,0.0,0,0,0,0,0.0,0,0,0,0,0,0,0,0,0,0,0,0,0,0,0,0,0,0,0,0,0,0,0,0,0,0,0,0,0,0,0,0,0,31,40,40,71,65476,0,300,0,0,8,21553,0.0,-107605600.0,0.0,0.0,0.0,0.0,0.0,0.0,0.0,0.0,0.0,0.0,0.0,0.0,0.0,0.0,0.0,0.0,0.0,0.0,0.0,0.0,-2.004,-0.0,-0.0,-0.0,0.0,0.0,0.0,0.0,4473.0,131350.172,6921.0,0.0,2.7184303811560617e+23,0.0,2.718428940004181e+23,0.0,0.0,0.0,0.0,69,0.0,89220.391,0.0,0.0,0.0,0.0,0.0,0.0,0.0,0,0,0,0.0,0.0,0.0,0.0,0.0,0.0,0.0,0.0,0.0,0.0,0.0,0.0,0.0,0.0,0.0,0.0,0,-107875648.0,69,0.0,138,0.0,0.0,0,13107,17087,26215,17104,26215,17084,0,0,0,70,68,100,-0.0,82.0,0.0,78.8,-0.0,79.0,1,49,50,180,39322,0,0,0,0.0,0.0,0.0,0.0,-0.0,67.0,0.0,162057.094,0.0,983,0,1015,0,0,0,956,0,1042,0,943,0,793,0,785,0,823,0,7520,0.032,2.524898095088995e+20,0.0,0.0,784,16797,-0.0,162057.094,-114818.039,-0.0,0.133,6.909358625270745e+28,30.0,70.0,35,0.0,0.0,0.0,0.0,0.0,0.0,0.0,0.0,0.0,0.0,0.0,0.0,0.0,0.0,0.0,0.0,66.4,0,150,71,52,65476,0,300,0,0,8,20529,65476,0,0,44564,70.0,0.0,0.0,0.0,0.0,0.0
2026-09-10T21:07:59,ERR,ERR,ERR,ERR,ERR,ERR,ERR,ERR,ERR,ERR,ERR,ERR,ERR,ERR,ERR,ERR,ERR,ERR,ERR,ERR,ERR,ERR,ERR,ERR,ERR,ERR,ERR,ERR,ERR,ERR,ERR,ERR,ERR,ERR,ERR,ERR,ERR,ERR,ERR,ERR,ERR,ERR,ERR,ERR,ERR,ERR,ERR,ERR,ERR,ERR,ERR,ERR,ERR,ERR,ERR,ERR,ERR,ERR,ERR,ERR,ERR,ERR,ERR,ERR,ERR,ERR,ERR,ERR,ERR,ERR,ERR,ERR,ERR,ERR,ERR,ERR,ERR,ERR,ERR,ERR,ERR,ERR,ERR,ERR,ERR,ERR,ERR,ERR,ERR,ERR,ERR,ERR,ERR,ERR,ERR,ERR,ERR,ERR,ERR,ERR,ERR,ERR,ERR,ERR,ERR,ERR,ERR,ERR,ERR,ERR,ERR,ERR,ERR,ERR,ERR,ERR,ERR,ERR,ERR,ERR,ERR,ERR,ERR,ERR,ERR,0.0,2.7184303811560617e+23,-100794720.0,0.0,0.0,1.3936040501711995e+18,7.805,0.0,0,0,4,0,7116,0.0,100,0.0,0.0,0.0,0.0,0.0,0,0,0,0,0.0,0,0,0,0,0,0,0,0,0,0,0,0,0,0,0,0,0,0,0,0,0,0,0,0,0,0,0,0,0,0,0,0,0,31,40,40,71,65476,0,300,0,0,8,21553,0.0,-107605600.0,0.0,0.0,0.0,0.0,0.0,0.0,0.0,0.0,0.0,0.0,0.0,0.0,0.0,0.0,0.0,0.0,0.0,0.0,0.0,0.0,-2.004,-0.0,-0.0,-0.0,0.0,0.0,0.0,0.0,4473.0,131350.172,6921.0,0.0,2.7184303811560617e+23,0.0,2.718428940004181e+23,0.0,0.0,0.0,0.0,69,0.0,89220.391,0.0,0.0,0.0,0.0,0.0,0.0,0.0,0,0,0,0.0,0.0,0.0,0.0,0.0,0.0,0.0,0.0,0.0,0.0,0.0,0.0,0.0,0.0,0.0,0.0,0,-107875648.0,69,0.0,138,0.0,0.0,0,13107,17087,26215,17104,26215,17084,0,0,0,70,68,100,-0.0,82.0,0.0,78.8,-0.0,79.0,1,49,50,180,39322,0,0,0,0.0,0.0,0.0,0.0,-0.0,67.0,0.0,162057.094,0.0,983,0,1015,0,0,0,956,0,1042,0,943,0,793,0,785,0,823,0,7520,0.032,2.524898095088995e+20,0.0,0.0,784,16797,-0.0,162057.094,-114818.039,-0.0,0.133,6.909358625270745e+28,30.0,70.0,35,0.0,0.0,0.0,0.0,0.0,0.0,0.0,0.0,0.0,0.0,0.0,0.0,0.0,0.0,0.0,0.0,66.4,0,150,71,52,65476,0,300,0,0,8,20529,65476,0,0,44564,70.0,0.0,0.0,0.0,0.0,0.0
2026-09-10T21:08:00,ERR,ERR,ERR,ERR,ERR,ERR,ERR,ERR,ERR,ERR,ERR,ERR,ERR,ERR,ERR,ERR,ERR,ERR,ERR,ERR,ERR,ERR,ERR,ERR,ERR,ERR,ERR,ERR,ERR,ERR,ERR,ERR,ERR,ERR,ERR,ERR,ERR,ERR,ERR,ERR,ERR,ERR,ERR,ERR,ERR,ERR,ERR,ERR,ERR,ERR,ERR,ERR,ERR,ERR,ERR,ERR,ERR,ERR,ERR,ERR,ERR,ERR,ERR,ERR,ERR,ERR,ERR,ERR,ERR,ERR,ERR,ERR,ERR,ERR,ERR,ERR,ERR,ERR,ERR,ERR,ERR,ERR,ERR,ERR,ERR,ERR,ERR,ERR,ERR,ERR,ERR,ERR,ERR,ERR,ERR,ERR,ERR,ERR,ERR,ERR,ERR,ERR,ERR,ERR,ERR,ERR,ERR,ERR,ERR,ERR,ERR,ERR,ERR,ERR,ERR,ERR,ERR,ERR,ERR,ERR,ERR,ERR,ERR,ERR,ERR,0.0,2.7184303811560617e+23,-100794720.0,0.0,0.0,1.3936040501711995e+18,7.805,0.0,0,0,4,0,7116,0.0,100,0.0,0.0,0.0,0.0,0.0,0,0,0,0,0.0,0,0,0,0,0,0,0,0,0,0,0,0,0,0,0,0,0,0,0,0,0,0,0,0,0,0,0,0,0,0,0,0,0,31,40,40,71,65476,0,300,0,0,8,21553,0.0,-107605600.0,0.0,0.0,0.0,0.0,0.0,0.0,0.0,0.0,0.0,0.0,0.0,0.0,0.0,0.0,0.0,0.0,0.0,0.0,0.0,0.0,-2.004,-0.0,-0.0,-0.0,0.0,0.0,0.0,0.0,4473.0,131350.172,6921.0,0.0,2.7184303811560617e+23,0.0,2.718428940004181e+23,0.0,0.0,0.0,0.0,69,0.0,89220.391,0.0,0.0,0.0,0.0,0.0,0.0,0.0,0,0,0,0.0,0.0,0.0,0.0,0.0,0.0,0.0,0.0,0.0,0.0,0.0,0.0,0.0,0.0,0.0,0.0,0,-107875648.0,69,0.0,138,0.0,0.0,0,13107,17087,26215,17104,26215,17084,0,0,0,70,68,100,-0.0,82.0,0.0,78.8,-0.0,79.0,1,49,50,180,39322,0,0,0,0.0,0.0,0.0,0.0,-0.0,67.0,0.0,162057.094,0.0,983,0,1015,0,0,0,956,0,1042,0,943,0,793,0,785,0,823,0,7520,0.032,2.524898095088995e+20,0.0,0.0,784,16797,-0.0,162057.094,-114818.039,-0.0,0.133,6.909358625270745e+28,30.0,70.0,35,0.0,0.0,0.0,0.0,0.0,0.0,0.0,0.0,0.0,0.0,0.0,0.0,0.0,0.0,0.0,0.0,66.4,0,150,71,52,65476,0,300,0,0,8,20529,65476,0,0,44564,70.0,0.0,0.0,0.0,0.0,0.0
2026-09-10T21:08:01,ERR,ERR,ERR,ERR,ERR,ERR,ERR,ERR,ERR,ERR,ERR,ERR,ERR,ERR,ERR,ERR,ERR,ERR,ERR,ERR,ERR,ERR,ERR,ERR,ERR,ERR,ERR,ERR,ERR,ERR,ERR,ERR,ERR,ERR,ERR,ERR,ERR,ERR,ERR,ERR,ERR,ERR,ERR,ERR,ERR,ERR,ERR,ERR,ERR,ERR,ERR,ERR,ERR,ERR,ERR,ERR,ERR,ERR,ERR,ERR,ERR,ERR,ERR,ERR,ERR,ERR,ERR,ERR,ERR,ERR,ERR,ERR,ERR,ERR,ERR,ERR,ERR,ERR,ERR,ERR,ERR,ERR,ERR,ERR,ERR,ERR,ERR,ERR,ERR,ERR,ERR,ERR,ERR,ERR,ERR,ERR,ERR,ERR,ERR,ERR,ERR,ERR,ERR,ERR,ERR,ERR,ERR,ERR,ERR,ERR,ERR,ERR,ERR,ERR,ERR,ERR,ERR,ERR,ERR,ERR,ERR,ERR,ERR,ERR,ERR,0.0,2.7184303811560617e+23,-100794720.0,0.0,0.0,1.3936040501711995e+18,7.805,0.0,0,0,4,0,7116,0.0,100,0.0,0.0,0.0,0.0,0.0,0,0,0,0,0.0,0,0,0,0,0,0,0,0,0,0,0,0,0,0,0,0,0,0,0,0,0,0,0,0,0,0,0,0,0,0,0,0,0,31,40,40,71,65476,0,300,0,0,8,21553,0.0,-107605600.0,0.0,0.0,0.0,0.0,0.0,0.0,0.0,0.0,0.0,0.0,0.0,0.0,0.0,0.0,0.0,0.0,0.0,0.0,0.0,0.0,-2.004,-0.0,-0.0,-0.0,0.0,0.0,0.0,0.0,4473.0,131350.172,6921.0,0.0,2.7184303811560617e+23,0.0,2.718428940004181e+23,0.0,0.0,0.0,0.0,69,0.0,89220.391,0.0,0.0,0.0,0.0,0.0,0.0,0.0,0,0,0,0.0,0.0,0.0,0.0,0.0,0.0,0.0,0.0,0.0,0.0,0.0,0.0,0.0,0.0,0.0,0.0,0,-107875648.0,69,0.0,138,0.0,0.0,0,13107,17087,26215,17104,26215,17084,0,0,0,70,68,100,-0.0,82.0,0.0,78.8,-0.0,79.0,1,49,50,180,39322,0,0,0,0.0,0.0,0.0,0.0,-0.0,67.0,0.0,162057.094,0.0,983,0,1015,0,0,0,956,0,1042,0,943,0,793,0,785,0,823,0,7520,0.032,2.524898095088995e+20,0.0,0.0,784,16797,-0.0,162057.094,-114818.039,-0.0,0.133,6.909358625270745e+28,30.0,70.0,35,0.0,0.0,0.0,0.0,0.0,0.0,0.0,0.0,0.0,0.0,0.0,0.0,0.0,0.0,0.0,0.0,66.4,0,150,71,52,65476,0,300,0,0,8,20529,65476,0,0,44564,70.0,0.0,0.0,0.0,0.0,0.0
2026-09-10T21:08:02,ERR,ERR,ERR,ERR,ERR,ERR,ERR,ERR,ERR,ERR,ERR,ERR,ERR,ERR,ERR,ERR,ERR,ERR,ERR,ERR,ERR,ERR,ERR,ERR,ERR,ERR,ERR,ERR,ERR,ERR,ERR,ERR,ERR,ERR,ERR,ERR,ERR,ERR,ERR,ERR,ERR,ERR,ERR,ERR,ERR,ERR,ERR,ERR,ERR,ERR,ERR,ERR,ERR,ERR,ERR,ERR,ERR,ERR,ERR,ERR,ERR,ERR,ERR,ERR,ERR,ERR,ERR,ERR,ERR,ERR,ERR,ERR,ERR,ERR,ERR,ERR,ERR,ERR,ERR,ERR,ERR,ERR,ERR,ERR,ERR,ERR,ERR,ERR,ERR,ERR,ERR,ERR,ERR,ERR,ERR,ERR,ERR,ERR,ERR,ERR,ERR,ERR,ERR,ERR,ERR,ERR,ERR,ERR,ERR,ERR,ERR,ERR,ERR,ERR,ERR,ERR,ERR,ERR,ERR,ERR,ERR,ERR,ERR,ERR,ERR,0.0,2.7184303811560617e+23,-100794720.0,0.0,0.0,1.3936040501711995e+18,7.805,0.0,0,0,4,0,7116,0.0,100,0.0,0.0,0.0,0.0,0.0,0,0,0,0,0.0,0,0,0,0,0,0,0,0,0,0,0,0,0,0,0,0,0,0,0,0,0,0,0,0,0,0,0,0,0,0,0,0,0,31,40,40,71,65476,0,300,0,0,8,21553,0.0,-107605600.0,0.0,0.0,0.0,0.0,0.0,0.0,0.0,0.0,0.0,0.0,0.0,0.0,0.0,0.0,0.0,0.0,0.0,0.0,0.0,0.0,-2.004,-0.0,-0.0,-0.0,0.0,0.0,0.0,0.0,4473.0,131350.172,6921.0,0.0,2.7184303811560617e+23,0.0,2.718428940004181e+23,0.0,0.0,0.0,0.0,69,0.0,89220.391,0.0,0.0,0.0,0.0,0.0,0.0,0.0,0,0,0,0.0,0.0,0.0,0.0,0.0,0.0,0.0,0.0,0.0,0.0,0.0,0.0,0.0,0.0,0.0,0.0,0,-107875648.0,69,0.0,138,0.0,0.0,0,13107,17087,26215,17104,26215,17084,0,0,0,70,68,100,-0.0,82.0,0.0,78.8,-0.0,79.0,1,49,50,180,39322,0,0,0,0.0,0.0,0.0,0.0,-0.0,67.0,0.0,162057.094,0.0,983,0,1015,0,0,0,956,0,1042,0,942,0,793,0,785,0,823,0,7520,0.032,2.5133688800429264e+20,0.0,0.0,784,16797,-0.0,162057.094,-114818.039,-0.0,0.133,6.909358625270745e+28,30.0,70.0,35,0.0,0.0,0.0,0.0,0.0,0.0,0.0,0.0,0.0,0.0,0.0,0.0,0.0,0.0,0.0,0.0,66.4,0,150,71,52,65476,0,300,0,0,8,20529,65476,0,0,44564,70.0,0.0,0.0,0.0,0.0,0.0
2026-09-10T21:08:03,ERR,ERR,ERR,ERR,ERR,ERR,ERR,ERR,ERR,ERR,ERR,ERR,ERR,ERR,ERR,ERR,ERR,ERR,ERR,ERR,ERR,ERR,ERR,ERR,ERR,ERR,ERR,ERR,ERR,ERR,ERR,ERR,ERR,ERR,ERR,ERR,ERR,ERR,ERR,ERR,ERR,ERR,ERR,ERR,ERR,ERR,ERR,ERR,ERR,ERR,ERR,ERR,ERR,ERR,ERR,ERR,ERR,ERR,ERR,ERR,ERR,ERR,ERR,ERR,ERR,ERR,ERR,ERR,ERR,ERR,ERR,ERR,ERR,ERR,ERR,ERR,ERR,ERR,ERR,ERR,ERR,ERR,ERR,ERR,ERR,ERR,ERR,ERR,ERR,ERR,ERR,ERR,ERR,ERR,ERR,ERR,ERR,ERR,ERR,ERR,ERR,ERR,ERR,ERR,ERR,ERR,ERR,ERR,ERR,ERR,ERR,ERR,ERR,ERR,ERR,ERR,ERR,ERR,ERR,ERR,ERR,ERR,ERR,ERR,ERR,0.0,2.7184303811560617e+23,-100794720.0,0.0,0.0,1.3936040501711995e+18,7.805,0.0,0,0,4,0,7116,0.0,100,0.0,0.0,0.0,0.0,0.0,0,0,0,0,0.0,0,0,0,0,0,0,0,0,0,0,0,0,0,0,0,0,0,0,0,0,0,0,0,0,0,0,0,0,0,0,0,0,0,31,40,40,71,65476,0,300,0,0,8,21553,0.0,-107605600.0,0.0,0.0,0.0,0.0,0.0,0.0,0.0,0.0,0.0,0.0,0.0,0.0,0.0,0.0,0.0,0.0,0.0,0.0,0.0,0.0,-2.004,-0.0,-0.0,-0.0,0.0,0.0,0.0,0.0,4473.0,131350.172,6921.0,0.0,2.7184303811560617e+23,0.0,2.718428940004181e+23,0.0,0.0,0.0,0.0,69,0.0,89220.391,0.0,0.0,0.0,0.0,0.0,0.0,0.0,0,0,0,0.0,0.0,0.0,0.0,0.0,0.0,0.0,0.0,0.0,0.0,0.0,0.0,0.0,0.0,0.0,0.0,0,-107875648.0,69,0.0,138,0.0,0.0,0,13107,17087,26215,17104,26215,17084,0,0,0,70,68,100,-0.0,82.0,0.0,78.8,-0.0,79.0,1,49,50,180,39322,0,0,0,0.0,0.0,0.0,0.0,-0.0,67.0,0.0,162057.094,0.0,983,0,1015,0,0,0,956,0,1042,0,942,0,793,0,785,0,823,0,7520,0.032,2.5133688800429264e+20,0.0,0.0,784,16797,-0.0,162057.094,-114818.039,-0.0,0.133,6.909358625270745e+28,30.0,70.0,35,0.0,0.0,0.0,0.0,0.0,0.0,0.0,0.0,0.0,0.0,0.0,0.0,0.0,0.0,0.0,0.0,66.4,0,150,71,52,65476,0,300,0,0,8,20529,65476,0,0,44564,70.0,0.0,0.0,0.0,0.0,0.0
2026-09-10T21:08:04,ERR,ERR,ERR,ERR,ERR,ERR,ERR,ERR,ERR,ERR,ERR,ERR,ERR,ERR,ERR,ERR,ERR,ERR,ERR,ERR,ERR,ERR,ERR,ERR,ERR,ERR,ERR,ERR,ERR,ERR,ERR,ERR,ERR,ERR,ERR,ERR,ERR,ERR,ERR,ERR,ERR,ERR,ERR,ERR,ERR,ERR,ERR,ERR,ERR,ERR,ERR,ERR,ERR,ERR,ERR,ERR,ERR,ERR,ERR,ERR,ERR,ERR,ERR,ERR,ERR,ERR,ERR,ERR,ERR,ERR,ERR,ERR,ERR,ERR,ERR,ERR,ERR,ERR,ERR,ERR,ERR,ERR,ERR,ERR,ERR,ERR,ERR,ERR,ERR,ERR,ERR,ERR,ERR,ERR,ERR,ERR,ERR,ERR,ERR,ERR,ERR,ERR,ERR,ERR,ERR,ERR,ERR,ERR,ERR,ERR,ERR,ERR,ERR,ERR,ERR,ERR,ERR,ERR,ERR,ERR,ERR,ERR,ERR,ERR,ERR,0.0,2.7184303811560617e+23,-100794720.0,0.0,0.0,1.3936040501711995e+18,7.805,0.0,0,0,4,0,7116,0.0,100,0.0,0.0,0.0,0.0,0.0,0,0,0,0,0.0,0,0,0,0,0,0,0,0,0,0,0,0,0,0,0,0,0,0,0,0,0,0,0,0,0,0,0,0,0,0,0,0,0,31,40,40,71,65476,0,300,0,0,8,21553,0.0,-107605600.0,0.0,0.0,0.0,0.0,0.0,0.0,0.0,0.0,0.0,0.0,0.0,0.0,0.0,0.0,0.0,0.0,0.0,0.0,0.0,0.0,-0.0,-0.0,-0.0,-0.0,0.0,0.0,0.0,0.0,4471.0,-0.0,6930.0,0.0,2.7184303811560617e+23,0.0,2.718428940004181e+23,0.0,0.0,0.0,0.0,69,0.0,-0.0,0.0,0.0,0.0,0.0,0.0,0.0,0.0,0,0,0,0.0,0.0,0.0,0.0,0.0,0.0,0.0,0.0,0.0,0.0,0.0,0.0,0.0,0.0,0.0,0.0,0,-107875648.0,69,0.0,138,0.0,0.0,0,13107,17087,26215,17104,26215,17084,0,0,0,70,68,100,-0.0,82.0,0.0,78.8,-0.0,79.0,1,49,50,180,39322,0,0,0,0.0,0.0,0.0,0.0,-0.0,67.0,0.0,162057.094,0.0,983,0,1015,0,0,0,956,0,1042,0,942,0,793,0,785,0,823,0,7520,0.032,2.5133688800429264e+20,0.0,0.0,784,16797,-0.0,162057.094,-114818.039,-0.0,0.133,6.909358625270745e+28,30.0,70.0,35,0.0,0.0,0.0,0.0,0.0,0.0,0.0,0.0,0.0,0.0,0.0,0.0,0.0,0.0,0.0,0.0,66.4,0,150,71,52,65476,0,300,0,0,8,20529,65476,0,0,44564,70.0,0.0,0.0,0.0,0.0,0.0
2026-09-10T21:08:05,ERR,ERR,ERR,ERR,ERR,ERR,ERR,ERR,ERR,ERR,ERR,ERR,ERR,ERR,ERR,ERR,ERR,ERR,ERR,ERR,ERR,ERR,ERR,ERR,ERR,ERR,ERR,ERR,ERR,ERR,ERR,ERR,ERR,ERR,ERR,ERR,ERR,ERR,ERR,ERR,ERR,ERR,ERR,ERR,ERR,ERR,ERR,ERR,ERR,ERR,ERR,ERR,ERR,ERR,ERR,ERR,ERR,ERR,ERR,ERR,ERR,ERR,ERR,ERR,ERR,ERR,ERR,ERR,ERR,ERR,ERR,ERR,ERR,ERR,ERR,ERR,ERR,ERR,ERR,ERR,ERR,ERR,ERR,ERR,ERR,ERR,ERR,ERR,ERR,ERR,ERR,ERR,ERR,ERR,ERR,ERR,ERR,ERR,ERR,ERR,ERR,ERR,ERR,ERR,ERR,ERR,ERR,ERR,ERR,ERR,ERR,ERR,ERR,ERR,ERR,ERR,ERR,ERR,ERR,ERR,ERR,ERR,ERR,ERR,ERR,0.0,2.7184303811560617e+23,-100794720.0,0.0,0.0,1.3936040501711995e+18,7.805,0.0,0,0,4,0,7116,0.0,100,0.0,0.0,0.0,0.0,0.0,0,0,0,0,0.0,0,0,0,0,0,0,0,0,0,0,0,0,0,0,0,0,0,0,0,0,0,0,0,0,0,0,0,0,0,0,0,0,0,31,40,40,71,65476,0,300,0,0,8,21553,0.0,-107605600.0,0.0,0.0,0.0,0.0,0.0,0.0,0.0,0.0,0.0,0.0,0.0,0.0,0.0,0.0,0.0,0.0,0.0,0.0,0.0,0.0,-0.0,-0.0,-0.0,-0.0,0.0,0.0,0.0,0.0,4471.0,-0.0,6930.0,0.0,2.7184303811560617e+23,0.0,2.718428940004181e+23,0.0,0.0,0.0,0.0,69,0.0,-0.0,0.0,0.0,0.0,0.0,0.0,0.0,0.0,0,0,0,0.0,0.0,0.0,0.0,0.0,0.0,0.0,0.0,0.0,0.0,0.0,0.0,0.0,0.0,0.0,0.0,0,-107875648.0,69,0.0,138,0.0,0.0,0,13107,17087,26215,17104,26215,17084,0,0,0,70,68,100,-0.0,82.0,0.0,78.8,-0.0,79.0,1,49,50,180,39322,0,0,0,0.0,0.0,0.0,0.0,-0.0,67.0,0.0,162057.094,0.0,983,0,1015,0,0,0,956,0,1042,0,942,0,793,0,785,0,823,0,7520,0.032,2.5133688800429264e+20,0.0,0.0,784,16797,-0.0,162057.094,-114818.039,-0.0,0.133,6.909358625270745e+28,30.0,70.0,35,0.0,0.0,0.0,0.0,0.0,0.0,0.0,0.0,0.0,0.0,0.0,0.0,0.0,0.0,0.0,0.0,66.4,0,150,71,52,65476,0,300,0,0,8,20529,65476,0,0,44564,70.0,0.0,0.0,0.0,0.0,0.0
2026-09-10T21:08:06,ERR,ERR,ERR,ERR,ERR,ERR,ERR,ERR,ERR,ERR,ERR,ERR,ERR,ERR,ERR,ERR,ERR,ERR,ERR,ERR,ERR,ERR,ERR,ERR,ERR,ERR,ERR,ERR,ERR,ERR,ERR,ERR,ERR,ERR,ERR,ERR,ERR,ERR,ERR,ERR,ERR,ERR,ERR,ERR,ERR,ERR,ERR,ERR,ERR,ERR,ERR,ERR,ERR,ERR,ERR,ERR,ERR,ERR,ERR,ERR,ERR,ERR,ERR,ERR,ERR,ERR,ERR,ERR,ERR,ERR,ERR,ERR,ERR,ERR,ERR,ERR,ERR,ERR,ERR,ERR,ERR,ERR,ERR,ERR,ERR,ERR,ERR,ERR,ERR,ERR,ERR,ERR,ERR,ERR,ERR,ERR,ERR,ERR,ERR,ERR,ERR,ERR,ERR,ERR,ERR,ERR,ERR,ERR,ERR,ERR,ERR,ERR,ERR,ERR,ERR,ERR,ERR,ERR,ERR,ERR,ERR,ERR,ERR,ERR,ERR,0.0,2.7184303811560617e+23,-100794720.0,0.0,0.0,1.3936040501711995e+18,7.805,0.0,0,0,4,0,7116,0.0,100,0.0,0.0,0.0,0.0,0.0,0,0,0,0,0.0,0,0,0,0,0,0,0,0,0,0,0,0,0,0,0,0,0,0,0,0,0,0,0,0,0,0,0,0,0,0,0,0,0,31,40,40,71,65476,0,300,0,0,8,21553,0.0,-107605600.0,0.0,0.0,0.0,0.0,0.0,0.0,0.0,0.0,0.0,0.0,0.0,0.0,0.0,0.0,0.0,0.0,0.0,0.0,0.0,0.0,-0.0,-0.0,-0.0,-0.0,0.0,0.0,0.0,0.0,4471.0,-0.0,6930.0,0.0,2.7184303811560617e+23,0.0,2.718428940004181e+23,0.0,0.0,0.0,0.0,69,0.0,-0.0,0.0,0.0,0.0,0.0,0.0,0.0,0.0,0,0,0,0.0,0.0,0.0,0.0,0.0,0.0,0.0,0.0,0.0,0.0,0.0,0.0,0.0,0.0,0.0,0.0,0,-107875648.0,69,0.0,138,0.0,0.0,0,13107,17087,26215,17104,26215,17084,0,0,0,70,68,100,-0.0,82.0,0.0,78.8,-0.0,79.0,1,49,50,180,39322,0,0,0,0.0,0.0,0.0,0.0,-0.0,67.0,0.0,162057.094,0.0,983,0,1015,0,0,0,956,0,1042,0,942,0,793,0,785,0,823,0,7520,0.032,2.5133688800429264e+20,0.0,0.0,784,16797,-0.0,162057.094,-114818.039,-0.0,0.133,6.909358625270745e+28,30.0,70.0,35,0.0,0.0,0.0,0.0,0.0,0.0,0.0,0.0,0.0,0.0,0.0,0.0,0.0,0.0,0.0,0.0,66.0,0,150,71,52,65476,0,300,0,0,8,20529,65476,0,0,44564,70.0,0.0,0.0,0.0,0.0,0.0
2026-09-10T21:08:07,ERR,ERR,ERR,ERR,ERR,ERR,ERR,ERR,ERR,ERR,ERR,ERR,ERR,ERR,ERR,ERR,ERR,ERR,ERR,ERR,ERR,ERR,ERR,ERR,ERR,ERR,ERR,ERR,ERR,ERR,ERR,ERR,ERR,ERR,ERR,ERR,ERR,ERR,ERR,ERR,ERR,ERR,ERR,ERR,ERR,ERR,ERR,ERR,ERR,ERR,ERR,ERR,ERR,ERR,ERR,ERR,ERR,ERR,ERR,ERR,ERR,ERR,ERR,ERR,ERR,ERR,ERR,ERR,ERR,ERR,ERR,ERR,ERR,ERR,ERR,ERR,ERR,ERR,ERR,ERR,ERR,ERR,ERR,ERR,ERR,ERR,ERR,ERR,ERR,ERR,ERR,ERR,ERR,ERR,ERR,ERR,ERR,ERR,ERR,ERR,ERR,ERR,ERR,ERR,ERR,ERR,ERR,ERR,ERR,ERR,ERR,ERR,ERR,ERR,ERR,ERR,ERR,ERR,ERR,ERR,ERR,ERR,ERR,ERR,ERR,0.0,2.7184303811560617e+23,-100794720.0,0.0,0.0,1.3936040501711995e+18,7.805,0.0,0,0,4,0,7116,0.0,100,0.0,0.0,0.0,0.0,0.0,0,0,0,0,0.0,0,0,0,0,0,0,0,0,0,0,0,0,0,0,0,0,0,0,0,0,0,0,0,0,0,0,0,0,0,0,0,0,0,31,40,40,71,65476,0,300,0,0,8,21553,0.0,-107605600.0,0.0,0.0,0.0,0.0,0.0,0.0,0.0,0.0,0.0,0.0,0.0,0.0,0.0,0.0,0.0,0.0,0.0,0.0,0.0,0.0,-0.0,-0.0,-0.0,-0.0,0.0,0.0,0.0,0.0,4471.0,-0.0,6930.0,0.0,2.7184303811560617e+23,0.0,2.718428940004181e+23,0.0,0.0,0.0,0.0,69,0.0,-0.0,0.0,0.0,0.0,0.0,0.0,0.0,0.0,0,0,0,0.0,0.0,0.0,0.0,0.0,0.0,0.0,0.0,0.0,0.0,0.0,0.0,0.0,0.0,0.0,0.0,0,-107875648.0,69,0.0,138,0.0,0.0,0,13107,17087,26215,17104,26215,17084,0,0,0,70,68,100,-0.0,82.0,0.0,78.8,-0.0,79.0,1,49,50,180,39322,0,0,0,0.0,0.0,0.0,0.0,-0.0,67.0,0.0,162057.094,0.0,983,0,1015,0,0,0,956,0,1042,0,942,0,793,0,785,0,823,0,7520,0.032,2.5133688800429264e+20,0.0,0.0,784,16797,-0.0,162057.094,-114818.039,-0.0,0.133,6.909358625270745e+28,30.0,70.0,35,0.0,0.0,0.0,0.0,0.0,0.0,0.0,0.0,0.0,0.0,0.0,0.0,0.0,0.0,0.0,0.0,66.0,0,150,71,52,65476,0,300,0,0,8,20529,65476,0,0,44564,70.0,0.0,0.0,0.0,0.0,0.0
2026-09-10T21:08:08,ERR,ERR,ERR,ERR,ERR,ERR,ERR,ERR,ERR,ERR,ERR,ERR,ERR,ERR,ERR,ERR,ERR,ERR,ERR,ERR,ERR,ERR,ERR,ERR,ERR,ERR,ERR,ERR,ERR,ERR,ERR,ERR,ERR,ERR,ERR,ERR,ERR,ERR,ERR,ERR,ERR,ERR,ERR,ERR,ERR,ERR,ERR,ERR,ERR,ERR,ERR,ERR,ERR,ERR,ERR,ERR,ERR,ERR,ERR,ERR,ERR,ERR,ERR,ERR,ERR,ERR,ERR,ERR,ERR,ERR,ERR,ERR,ERR,ERR,ERR,ERR,ERR,ERR,ERR,ERR,ERR,ERR,ERR,ERR,ERR,ERR,ERR,ERR,ERR,ERR,ERR,ERR,ERR,ERR,ERR,ERR,ERR,ERR,ERR,ERR,ERR,ERR,ERR,ERR,ERR,ERR,ERR,ERR,ERR,ERR,ERR,ERR,ERR,ERR,ERR,ERR,ERR,ERR,ERR,ERR,ERR,ERR,ERR,ERR,ERR,0.0,2.7184303811560617e+23,-100794720.0,0.0,0.0,1.3936040501711995e+18,7.805,0.0,0,0,4,0,7116,0.0,100,0.0,0.0,0.0,0.0,0.0,0,0,0,0,0.0,0,0,0,0,0,0,0,0,0,0,0,0,0,0,0,0,0,0,0,0,0,0,0,0,0,0,0,0,0,0,0,0,0,31,40,40,71,65476,0,300,0,0,8,21553,0.0,-107605600.0,0.0,0.0,0.0,0.0,0.0,0.0,0.0,0.0,0.0,0.0,0.0,0.0,0.0,0.0,0.0,0.0,0.0,0.0,0.0,0.0,-0.0,-0.0,-0.0,-0.0,0.0,0.0,0.0,0.0,4471.0,-0.0,6930.0,0.0,2.7184303811560617e+23,0.0,2.718428940004181e+23,0.0,0.0,0.0,0.0,69,0.0,-0.0,0.0,0.0,0.0,0.0,0.0,0.0,0.0,0,0,0,0.0,0.0,0.0,0.0,0.0,0.0,0.0,0.0,0.0,0.0,0.0,0.0,0.0,0.0,0.0,0.0,0,-107875648.0,69,0.0,138,0.0,0.0,0,13107,17087,26215,17104,26215,17084,0,0,0,70,68,100,-0.0,82.0,0.0,78.8,-0.0,79.0,1,49,50,180,39322,0,0,0,0.0,0.0,0.0,0.0,-0.0,67.0,0.0,162057.094,0.0,983,0,1015,0,0,0,956,0,1042,0,942,0,793,0,785,0,823,0,7520,0.032,2.5133688800429264e+20,0.0,0.0,784,16797,-0.0,162057.094,-114818.039,-0.0,0.133,6.909358625270745e+28,30.0,70.0,35,0.0,0.0,0.0,0.0,0.0,0.0,0.0,0.0,0.0,0.0,0.0,0.0,0.0,0.0,0.0,0.0,66.4,0,150,71,52,65476,0,300,0,0,8,20529,65476,0,0,44564,70.0,0.0,0.0,0.0,0.0,0.0
2026-09-10T21:08:09,ERR,ERR,ERR,ERR,ERR,ERR,ERR,ERR,ERR,ERR,ERR,ERR,ERR,ERR,ERR,ERR,ERR,ERR,ERR,ERR,ERR,ERR,ERR,ERR,ERR,ERR,ERR,ERR,ERR,ERR,ERR,ERR,ERR,ERR,ERR,ERR,ERR,ERR,ERR,ERR,ERR,ERR,ERR,ERR,ERR,ERR,ERR,ERR,ERR,ERR,ERR,ERR,ERR,ERR,ERR,ERR,ERR,ERR,ERR,ERR,ERR,ERR,ERR,ERR,ERR,ERR,ERR,ERR,ERR,ERR,ERR,ERR,ERR,ERR,ERR,ERR,ERR,ERR,ERR,ERR,ERR,ERR,ERR,ERR,ERR,ERR,ERR,ERR,ERR,ERR,ERR,ERR,ERR,ERR,ERR,ERR,ERR,ERR,ERR,ERR,ERR,ERR,ERR,ERR,ERR,ERR,ERR,ERR,ERR,ERR,ERR,ERR,ERR,ERR,ERR,ERR,ERR,ERR,ERR,ERR,ERR,ERR,ERR,ERR,ERR,0.0,2.7184303811560617e+23,-100794720.0,0.0,0.0,1.3936040501711995e+18,7.805,0.0,0,0,4,0,7116,0.0,100,0.0,0.0,0.0,0.0,0.0,0,0,0,0,0.0,0,0,0,0,0,0,0,0,0,0,0,0,0,0,0,0,0,0,0,0,0,0,0,0,0,0,0,0,0,0,0,0,0,31,40,40,71,65476,0,300,0,0,8,21553,0.0,-107605600.0,0.0,0.0,0.0,0.0,0.0,0.0,0.0,0.0,0.0,0.0,0.0,0.0,0.0,0.0,0.0,0.0,0.0,0.0,0.0,0.0,-0.0,-0.0,-0.0,-0.0,0.0,0.0,0.0,0.0,4471.0,-0.0,6930.0,0.0,2.7184303811560617e+23,0.0,2.718428940004181e+23,0.0,0.0,0.0,0.0,69,0.0,-0.0,0.0,0.0,0.0,0.0,0.0,0.0,0.0,0,0,0,0.0,0.0,0.0,0.0,0.0,0.0,0.0,0.0,0.0,0.0,0.0,0.0,0.0,0.0,0.0,0.0,0,-107875648.0,69,0.0,138,0.0,0.0,0,13107,17087,26215,17104,26215,17084,0,0,0,70,68,100,-0.0,82.0,0.0,78.8,-0.0,79.0,1,49,50,180,39322,0,0,0,0.0,0.0,0.0,0.0,-0.0,67.0,0.0,162057.094,0.0,983,0,1015,0,0,0,956,0,1042,0,942,0,793,0,785,0,823,0,7520,0.032,2.5133688800429264e+20,0.0,0.0,784,16797,-0.0,162057.094,-114818.039,-0.0,0.133,6.909358625270745e+28,30.0,70.0,35,0.0,0.0,0.0,0.0,0.0,0.0,0.0,0.0,0.0,0.0,0.0,0.0,0.0,0.0,0.0,0.0,66.4,0,150,71,52,65476,0,300,0,0,8,20529,65476,0,0,44564,70.0,0.0,0.0,0.0,0.0,0.0
2026-09-10T21:08:10,ERR,ERR,ERR,ERR,ERR,ERR,ERR,ERR,ERR,ERR,ERR,ERR,ERR,ERR,ERR,ERR,ERR,ERR,ERR,ERR,ERR,ERR,ERR,ERR,ERR,ERR,ERR,ERR,ERR,ERR,ERR,ERR,ERR,ERR,ERR,ERR,ERR,ERR,ERR,ERR,ERR,ERR,ERR,ERR,ERR,ERR,ERR,ERR,ERR,ERR,ERR,ERR,ERR,ERR,ERR,ERR,ERR,ERR,ERR,ERR,ERR,ERR,ERR,ERR,ERR,ERR,ERR,ERR,ERR,ERR,ERR,ERR,ERR,ERR,ERR,ERR,ERR,ERR,ERR,ERR,ERR,ERR,ERR,ERR,ERR,ERR,ERR,ERR,ERR,ERR,ERR,ERR,ERR,ERR,ERR,ERR,ERR,ERR,ERR,ERR,ERR,ERR,ERR,ERR,ERR,ERR,ERR,ERR,ERR,ERR,ERR,ERR,ERR,ERR,ERR,ERR,ERR,ERR,ERR,ERR,ERR,ERR,ERR,ERR,ERR,0.0,2.7184303811560617e+23,-100794720.0,0.0,0.0,1.3936040501711995e+18,7.805,0.0,0,0,4,0,7116,0.0,100,0.0,0.0,0.0,0.0,0.0,0,0,0,0,0.0,0,0,0,0,0,0,0,0,0,0,0,0,0,0,0,0,0,0,0,0,0,0,0,0,0,0,0,0,0,0,0,0,0,31,40,40,71,65476,0,300,0,0,8,21553,0.0,-107605600.0,0.0,0.0,0.0,0.0,0.0,0.0,0.0,0.0,0.0,0.0,0.0,0.0,0.0,0.0,0.0,0.0,0.0,0.0,0.0,0.0,-0.0,-0.0,-0.0,-0.0,0.0,0.0,0.0,0.0,4471.0,-0.0,6930.0,0.0,2.7184303811560617e+23,0.0,2.718428940004181e+23,0.0,0.0,0.0,0.0,69,0.0,-0.0,0.0,0.0,0.0,0.0,0.0,0.0,0.0,0,0,0,0.0,0.0,0.0,0.0,0.0,0.0,0.0,0.0,0.0,0.0,0.0,0.0,0.0,0.0,0.0,0.0,0,-107875648.0,69,0.0,138,0.0,0.0,0,13107,17087,26215,17104,26215,17084,0,0,0,70,68,100,-0.0,82.0,0.0,78.8,-0.0,79.0,1,49,50,180,39322,0,0,0,0.0,0.0,0.0,0.0,-0.0,67.0,0.0,162057.094,0.0,983,0,1015,0,0,0,956,0,1042,0,942,0,793,0,785,0,823,0,7520,0.032,2.5133688800429264e+20,0.0,0.0,784,16797,-0.0,162057.094,-114818.039,-0.0,0.133,6.909358625270745e+28,30.0,70.0,35,0.0,0.0,0.0,0.0,0.0,0.0,0.0,0.0,0.0,0.0,0.0,0.0,0.0,0.0,0.0,0.0,66.0,0,150,71,52,65476,0,300,0,0,8,20529,65476,0,0,44564,70.0,0.0,0.0,0.0,0.0,0.0
2026-09-10T21:08:11,ERR,ERR,ERR,ERR,ERR,ERR,ERR,ERR,ERR,ERR,ERR,ERR,ERR,ERR,ERR,ERR,ERR,ERR,ERR,ERR,ERR,ERR,ERR,ERR,ERR,ERR,ERR,ERR,ERR,ERR,ERR,ERR,ERR,ERR,ERR,ERR,ERR,ERR,ERR,ERR,ERR,ERR,ERR,ERR,ERR,ERR,ERR,ERR,ERR,ERR,ERR,ERR,ERR,ERR,ERR,ERR,ERR,ERR,ERR,ERR,ERR,ERR,ERR,ERR,ERR,ERR,ERR,ERR,ERR,ERR,ERR,ERR,ERR,ERR,ERR,ERR,ERR,ERR,ERR,ERR,ERR,ERR,ERR,ERR,ERR,ERR,ERR,ERR,ERR,ERR,ERR,ERR,ERR,ERR,ERR,ERR,ERR,ERR,ERR,ERR,ERR,ERR,ERR,ERR,ERR,ERR,ERR,ERR,ERR,ERR,ERR,ERR,ERR,ERR,ERR,ERR,ERR,ERR,ERR,ERR,ERR,ERR,ERR,ERR,ERR,0.0,2.7184303811560617e+23,-100794720.0,0.0,0.0,1.3936040501711995e+18,7.805,0.0,0,0,4,0,7116,0.0,100,0.0,0.0,0.0,0.0,0.0,0,0,0,0,0.0,0,0,0,0,0,0,0,0,0,0,0,0,0,0,0,0,0,0,0,0,0,0,0,0,0,0,0,0,0,0,0,0,0,31,40,40,71,65476,0,300,0,0,8,21553,0.0,-107605600.0,0.0,0.0,0.0,0.0,0.0,0.0,0.0,0.0,0.0,0.0,0.0,0.0,0.0,0.0,0.0,0.0,0.0,0.0,0.0,0.0,-2.004,-0.0,-0.0,-0.0,0.0,0.0,0.0,0.0,4470.0,-0.0,6930.0,0.0,2.7184303811560617e+23,0.0,2.718428940004181e+23,0.0,0.0,0.0,0.0,69,0.0,-0.0,0.0,0.0,0.0,0.0,0.0,0.0,0.0,0,0,0,0.0,0.0,0.0,0.0,0.0,0.0,0.0,0.0,0.0,0.0,0.0,0.0,0.0,0.0,0.0,0.0,0,-107875648.0,69,0.0,138,0.0,0.0,0,13107,17087,26215,17104,26215,17084,0,0,0,70,68,100,-0.0,82.0,0.0,78.8,-0.0,79.0,1,49,50,180,39322,0,0,0,0.0,0.0,0.0,0.0,-0.0,67.0,0.0,162057.094,0.0,983,0,1015,0,0,0,956,0,1042,0,942,0,793,0,785,0,823,0,7520,0.032,2.524898095088995e+20,0.0,0.0,784,16797,-0.0,162057.094,-114818.039,-0.0,0.133,6.909358625270745e+28,30.0,70.0,35,0.0,0.0,0.0,0.0,0.0,0.0,0.0,0.0,0.0,0.0,0.0,0.0,0.0,0.0,0.0,0.0,66.0,0,150,71,52,65476,0,300,0,0,8,20529,65476,0,0,44564,70.0,0.0,0.0,0.0,0.0,0.0
2026-09-10T21:08:12,ERR,ERR,ERR,ERR,ERR,ERR,ERR,ERR,ERR,ERR,ERR,ERR,ERR,ERR,ERR,ERR,ERR,ERR,ERR,ERR,ERR,ERR,ERR,ERR,ERR,ERR,ERR,ERR,ERR,ERR,ERR,ERR,ERR,ERR,ERR,ERR,ERR,ERR,ERR,ERR,ERR,ERR,ERR,ERR,ERR,ERR,ERR,ERR,ERR,ERR,ERR,ERR,ERR,ERR,ERR,ERR,ERR,ERR,ERR,ERR,ERR,ERR,ERR,ERR,ERR,ERR,ERR,ERR,ERR,ERR,ERR,ERR,ERR,ERR,ERR,ERR,ERR,ERR,ERR,ERR,ERR,ERR,ERR,ERR,ERR,ERR,ERR,ERR,ERR,ERR,ERR,ERR,ERR,ERR,ERR,ERR,ERR,ERR,ERR,ERR,ERR,ERR,ERR,ERR,ERR,ERR,ERR,ERR,ERR,ERR,ERR,ERR,ERR,ERR,ERR,ERR,ERR,ERR,ERR,ERR,ERR,ERR,ERR,ERR,ERR,0.0,2.7184303811560617e+23,-100794720.0,0.0,0.0,1.3936040501711995e+18,7.805,0.0,0,0,4,0,7116,0.0,100,0.0,0.0,0.0,0.0,0.0,0,0,0,0,0.0,0,0,0,0,0,0,0,0,0,0,0,0,0,0,0,0,0,0,0,0,0,0,0,0,0,0,0,0,0,0,0,0,0,31,40,40,71,65476,0,300,0,0,8,21553,0.0,-107605600.0,0.0,0.0,0.0,0.0,0.0,0.0,0.0,0.0,0.0,0.0,0.0,0.0,0.0,0.0,0.0,0.0,0.0,0.0,0.0,0.0,-2.004,-0.0,-0.0,-0.0,0.0,0.0,0.0,0.0,4470.0,-0.0,6930.0,0.0,2.7184303811560617e+23,0.0,2.718428940004181e+23,0.0,0.0,0.0,0.0,69,0.0,-0.0,0.0,0.0,0.0,0.0,0.0,0.0,0.0,0,0,0,0.0,0.0,0.0,0.0,0.0,0.0,0.0,0.0,0.0,0.0,0.0,0.0,0.0,0.0,0.0,0.0,0,-107875648.0,69,0.0,138,0.0,0.0,0,13107,17087,26215,17104,26215,17084,0,0,0,70,68,100,-0.0,82.0,0.0,78.8,-0.0,79.0,1,49,50,180,39322,0,0,0,0.0,0.0,0.0,0.0,-0.0,67.0,0.0,162057.094,0.0,983,0,1015,0,0,0,956,0,1042,0,942,0,793,0,785,0,823,0,7520,0.032,2.524898095088995e+20,0.0,0.0,784,16797,-0.0,162057.094,-114818.039,-0.0,0.133,6.909358625270745e+28,30.0,70.0,35,0.0,0.0,0.0,0.0,0.0,0.0,0.0,0.0,0.0,0.0,0.0,0.0,0.0,0.0,0.0,0.0,66.0,0,150,71,52,65476,0,300,0,0,8,20529,65476,0,0,44564,70.0,0.0,0.0,0.0,0.0,0.0
2026-09-10T21:08:13,ERR,ERR,ERR,ERR,ERR,ERR,ERR,ERR,ERR,ERR,ERR,ERR,ERR,ERR,ERR,ERR,ERR,ERR,ERR,ERR,ERR,ERR,ERR,ERR,ERR,ERR,ERR,ERR,ERR,ERR,ERR,ERR,ERR,ERR,ERR,ERR,ERR,ERR,ERR,ERR,ERR,ERR,ERR,ERR,ERR,ERR,ERR,ERR,ERR,ERR,ERR,ERR,ERR,ERR,ERR,ERR,ERR,ERR,ERR,ERR,ERR,ERR,ERR,ERR,ERR,ERR,ERR,ERR,ERR,ERR,ERR,ERR,ERR,ERR,ERR,ERR,ERR,ERR,ERR,ERR,ERR,ERR,ERR,ERR,ERR,ERR,ERR,ERR,ERR,ERR,ERR,ERR,ERR,ERR,ERR,ERR,ERR,ERR,ERR,ERR,ERR,ERR,ERR,ERR,ERR,ERR,ERR,ERR,ERR,ERR,ERR,ERR,ERR,ERR,ERR,ERR,ERR,ERR,ERR,ERR,ERR,ERR,ERR,ERR,ERR,0.0,2.7184303811560617e+23,-100794720.0,0.0,0.0,1.3936040501711995e+18,7.805,0.0,0,0,4,0,7116,0.0,100,0.0,0.0,0.0,0.0,0.0,0,0,0,0,0.0,0,0,0,0,0,0,0,0,0,0,0,0,0,0,0,0,0,0,0,0,0,0,0,0,0,0,0,0,0,0,0,0,0,31,40,40,71,65476,0,300,0,0,8,21553,0.0,-107605600.0,0.0,0.0,0.0,0.0,0.0,0.0,0.0,0.0,0.0,0.0,0.0,0.0,0.0,0.0,0.0,0.0,0.0,0.0,0.0,0.0,-2.004,-0.0,-0.0,-0.0,0.0,0.0,0.0,0.0,4470.0,-0.0,6930.0,0.0,2.7184303811560617e+23,0.0,2.718428940004181e+23,0.0,0.0,0.0,0.0,69,0.0,-0.0,0.0,0.0,0.0,0.0,0.0,0.0,0.0,0,0,0,0.0,0.0,0.0,0.0,0.0,0.0,0.0,0.0,0.0,0.0,0.0,0.0,0.0,0.0,0.0,0.0,0,-107875648.0,69,0.0,138,0.0,0.0,0,13107,17087,26215,17104,26215,17084,0,0,0,70,68,100,-0.0,82.0,0.0,78.8,-0.0,79.0,1,49,50,180,39322,0,0,0,0.0,0.0,0.0,0.0,-0.0,67.0,0.0,162057.094,0.0,983,0,1015,0,0,0,956,0,1042,0,942,0,793,0,785,0,823,0,7520,0.032,2.524898095088995e+20,0.0,0.0,784,16797,-0.0,162057.094,-114818.039,-0.0,0.133,6.909358625270745e+28,30.0,70.0,35,0.0,0.0,0.0,0.0,0.0,0.0,0.0,0.0,0.0,0.0,0.0,0.0,0.0,0.0,0.0,0.0,66.0,0,150,71,52,65476,0,300,0,0,8,20529,65476,0,0,44564,70.0,0.0,0.0,0.0,0.0,0.0
2026-09-10T21:08:14,ERR,ERR,ERR,ERR,ERR,ERR,ERR,ERR,ERR,ERR,ERR,ERR,ERR,ERR,ERR,ERR,ERR,ERR,ERR,ERR,ERR,ERR,ERR,ERR,ERR,ERR,ERR,ERR,ERR,ERR,ERR,ERR,ERR,ERR,ERR,ERR,ERR,ERR,ERR,ERR,ERR,ERR,ERR,ERR,ERR,ERR,ERR,ERR,ERR,ERR,ERR,ERR,ERR,ERR,ERR,ERR,ERR,ERR,ERR,ERR,ERR,ERR,ERR,ERR,ERR,ERR,ERR,ERR,ERR,ERR,ERR,ERR,ERR,ERR,ERR,ERR,ERR,ERR,ERR,ERR,ERR,ERR,ERR,ERR,ERR,ERR,ERR,ERR,ERR,ERR,ERR,ERR,ERR,ERR,ERR,ERR,ERR,ERR,ERR,ERR,ERR,ERR,ERR,ERR,ERR,ERR,ERR,ERR,ERR,ERR,ERR,ERR,ERR,ERR,ERR,ERR,ERR,ERR,ERR,ERR,ERR,ERR,ERR,ERR,ERR,0.0,2.7184303811560617e+23,-100794720.0,0.0,0.0,1.3936040501711995e+18,7.805,0.0,0,0,4,0,7116,0.0,100,0.0,0.0,0.0,0.0,0.0,0,0,0,0,0.0,0,0,0,0,0,0,0,0,0,0,0,0,0,0,0,0,0,0,0,0,0,0,0,0,0,0,0,0,0,0,0,0,0,31,40,40,71,65476,0,300,0,0,8,21553,0.0,-107605600.0,0.0,0.0,0.0,0.0,0.0,0.0,0.0,0.0,0.0,0.0,0.0,0.0,0.0,0.0,0.0,0.0,0.0,0.0,0.0,0.0,-2.004,-0.0,-0.0,-0.0,0.0,0.0,0.0,0.0,4470.0,-0.0,6930.0,0.0,2.7184303811560617e+23,0.0,2.718428940004181e+23,0.0,0.0,0.0,0.0,69,0.0,-0.0,0.0,0.0,0.0,0.0,0.0,0.0,0.0,0,0,0,0.0,0.0,0.0,0.0,0.0,0.0,0.0,0.0,0.0,0.0,0.0,0.0,0.0,0.0,0.0,0.0,0,-107875648.0,69,0.0,138,0.0,0.0,0,13107,17087,26215,17104,26215,17084,0,0,0,70,68,100,-0.0,82.0,0.0,78.8,-0.0,79.0,1,49,50,180,39322,0,0,0,0.0,0.0,0.0,0.0,-0.0,67.0,0.0,162057.094,0.0,983,0,1015,0,0,0,956,0,1042,0,942,0,793,0,785,0,823,0,7520,0.032,2.524898095088995e+20,0.0,0.0,784,16797,-0.0,162057.094,-114818.039,-0.0,0.133,6.909358625270745e+28,30.0,70.0,35,0.0,0.0,0.0,0.0,0.0,0.0,0.0,0.0,0.0,0.0,0.0,0.0,0.0,0.0,0.0,0.0,66.0,0,150,71,52,65476,0,300,0,0,8,20529,65476,0,0,44564,70.0,0.0,0.0,0.0,0.0,0.0
2026-09-10T21:08:15,ERR,ERR,ERR,ERR,ERR,ERR,ERR,ERR,ERR,ERR,ERR,ERR,ERR,ERR,ERR,ERR,ERR,ERR,ERR,ERR,ERR,ERR,ERR,ERR,ERR,ERR,ERR,ERR,ERR,ERR,ERR,ERR,ERR,ERR,ERR,ERR,ERR,ERR,ERR,ERR,ERR,ERR,ERR,ERR,ERR,ERR,ERR,ERR,ERR,ERR,ERR,ERR,ERR,ERR,ERR,ERR,ERR,ERR,ERR,ERR,ERR,ERR,ERR,ERR,ERR,ERR,ERR,ERR,ERR,ERR,ERR,ERR,ERR,ERR,ERR,ERR,ERR,ERR,ERR,ERR,ERR,ERR,ERR,ERR,ERR,ERR,ERR,ERR,ERR,ERR,ERR,ERR,ERR,ERR,ERR,ERR,ERR,ERR,ERR,ERR,ERR,ERR,ERR,ERR,ERR,ERR,ERR,ERR,ERR,ERR,ERR,ERR,ERR,ERR,ERR,ERR,ERR,ERR,ERR,ERR,ERR,ERR,ERR,ERR,ERR,0.0,2.7184303811560617e+23,-100794720.0,0.0,0.0,1.3936040501711995e+18,7.805,0.0,0,0,4,0,7116,0.0,100,0.0,0.0,0.0,0.0,0.0,0,0,0,0,0.0,0,0,0,0,0,0,0,0,0,0,0,0,0,0,0,0,0,0,0,0,0,0,0,0,0,0,0,0,0,0,0,0,0,31,40,40,71,65476,0,300,0,0,8,21553,0.0,-107605600.0,0.0,0.0,0.0,0.0,0.0,0.0,0.0,0.0,0.0,0.0,0.0,0.0,0.0,0.0,0.0,0.0,0.0,0.0,0.0,0.0,-2.004,-0.0,-0.0,-0.0,0.0,0.0,0.0,0.0,4470.0,-0.0,6930.0,0.0,2.7184303811560617e+23,0.0,2.718428940004181e+23,0.0,0.0,0.0,0.0,69,0.0,-0.0,0.0,0.0,0.0,0.0,0.0,0.0,0.0,0,0,0,0.0,0.0,0.0,0.0,0.0,0.0,0.0,0.0,0.0,0.0,0.0,0.0,0.0,0.0,0.0,0.0,0,-107875648.0,69,0.0,138,0.0,0.0,0,13107,17087,26215,17104,26215,17084,0,0,0,70,68,100,-0.0,82.0,0.0,78.8,-0.0,79.0,1,49,50,180,39322,0,0,0,0.0,0.0,0.0,0.0,-0.0,67.0,0.0,162057.094,0.0,983,0,1015,0,0,0,956,0,1042,0,942,0,793,0,785,0,823,0,7520,0.032,2.524898095088995e+20,0.0,0.0,784,16797,-0.0,162057.094,-114818.039,-0.0,0.133,6.909358625270745e+28,30.0,70.0,35,0.0,0.0,0.0,0.0,0.0,0.0,0.0,0.0,0.0,0.0,0.0,0.0,0.0,0.0,0.0,0.0,66.0,0,150,71,52,65476,0,300,0,0,8,20529,65476,0,0,44564,70.0,0.0,0.0,0.0,0.0,0.0
2026-09-10T21:08:16,ERR,ERR,ERR,ERR,ERR,ERR,ERR,ERR,ERR,ERR,ERR,ERR,ERR,ERR,ERR,ERR,ERR,ERR,ERR,ERR,ERR,ERR,ERR,ERR,ERR,ERR,ERR,ERR,ERR,ERR,ERR,ERR,ERR,ERR,ERR,ERR,ERR,ERR,ERR,ERR,ERR,ERR,ERR,ERR,ERR,ERR,ERR,ERR,ERR,ERR,ERR,ERR,ERR,ERR,ERR,ERR,ERR,ERR,ERR,ERR,ERR,ERR,ERR,ERR,ERR,ERR,ERR,ERR,ERR,ERR,ERR,ERR,ERR,ERR,ERR,ERR,ERR,ERR,ERR,ERR,ERR,ERR,ERR,ERR,ERR,ERR,ERR,ERR,ERR,ERR,ERR,ERR,ERR,ERR,ERR,ERR,ERR,ERR,ERR,ERR,ERR,ERR,ERR,ERR,ERR,ERR,ERR,ERR,ERR,ERR,ERR,ERR,ERR,ERR,ERR,ERR,ERR,ERR,ERR,ERR,ERR,ERR,ERR,ERR,ERR,0.0,2.7184303811560617e+23,-100794720.0,0.0,0.0,1.3936040501711995e+18,7.805,0.0,0,0,4,0,7116,0.0,100,0.0,0.0,0.0,0.0,0.0,0,0,0,0,0.0,0,0,0,0,0,0,0,0,0,0,0,0,0,0,0,0,0,0,0,0,0,0,0,0,0,0,0,0,0,0,0,0,0,31,40,40,71,65476,0,300,0,0,8,21553,0.0,-107605600.0,0.0,0.0,0.0,0.0,0.0,0.0,0.0,0.0,0.0,0.0,0.0,0.0,0.0,0.0,0.0,0.0,0.0,0.0,0.0,0.0,-2.004,-0.0,-0.0,-0.0,0.0,0.0,0.0,0.0,4470.0,-0.0,6930.0,0.0,2.7184303811560617e+23,0.0,2.718428940004181e+23,0.0,0.0,0.0,0.0,69,0.0,-0.0,0.0,0.0,0.0,0.0,0.0,0.0,0.0,0,0,0,0.0,0.0,0.0,0.0,0.0,0.0,0.0,0.0,0.0,0.0,0.0,0.0,0.0,0.0,0.0,0.0,0,-107875648.0,69,0.0,138,0.0,0.0,0,13107,17087,26215,17104,26215,17084,0,0,0,70,68,100,-0.0,82.0,0.0,78.8,-0.0,79.0,1,49,50,180,39322,0,0,0,0.0,0.0,0.0,0.0,-0.0,67.0,0.0,162057.094,0.0,983,0,1015,0,0,0,956,0,1042,0,942,0,793,0,785,0,823,0,7520,0.032,2.524898095088995e+20,0.0,0.0,784,16797,-0.0,162057.094,-114818.039,-0.0,0.133,6.909358625270745e+28,30.0,70.0,35,0.0,0.0,0.0,0.0,0.0,0.0,0.0,0.0,0.0,0.0,0.0,0.0,0.0,0.0,0.0,0.0,66.0,0,150,71,52,65476,0,300,0,0,8,20529,65476,0,0,44564,70.0,0.0,0.0,0.0,0.0,0.0
2026-09-10T21:08:17,ERR,ERR,ERR,ERR,ERR,ERR,ERR,ERR,ERR,ERR,ERR,ERR,ERR,ERR,ERR,ERR,ERR,ERR,ERR,ERR,ERR,ERR,ERR,ERR,ERR,ERR,ERR,ERR,ERR,ERR,ERR,ERR,ERR,ERR,ERR,ERR,ERR,ERR,ERR,ERR,ERR,ERR,ERR,ERR,ERR,ERR,ERR,ERR,ERR,ERR,ERR,ERR,ERR,ERR,ERR,ERR,ERR,ERR,ERR,ERR,ERR,ERR,ERR,ERR,ERR,ERR,ERR,ERR,ERR,ERR,ERR,ERR,ERR,ERR,ERR,ERR,ERR,ERR,ERR,ERR,ERR,ERR,ERR,ERR,ERR,ERR,ERR,ERR,ERR,ERR,ERR,ERR,ERR,ERR,ERR,ERR,ERR,ERR,ERR,ERR,ERR,ERR,ERR,ERR,ERR,ERR,ERR,ERR,ERR,ERR,ERR,ERR,ERR,ERR,ERR,ERR,ERR,ERR,ERR,ERR,ERR,ERR,ERR,ERR,ERR,0.0,2.7184303811560617e+23,-100794720.0,0.0,0.0,1.3936040501711995e+18,7.805,0.0,0,0,4,0,7116,0.0,100,0.0,0.0,0.0,0.0,0.0,0,0,0,0,0.0,0,0,0,0,0,0,0,0,0,0,0,0,0,0,0,0,0,0,0,0,0,0,0,0,0,0,0,0,0,0,0,0,0,31,40,40,71,65476,0,300,0,0,8,21553,0.0,-107605600.0,0.0,0.0,0.0,0.0,0.0,0.0,0.0,0.0,0.0,0.0,0.0,0.0,0.0,0.0,0.0,0.0,0.0,0.0,0.0,0.0,-2.004,-0.0,-0.0,-0.0,0.0,0.0,0.0,0.0,4470.0,-0.0,6930.0,0.0,2.7184303811560617e+23,0.0,2.718428940004181e+23,0.0,0.0,0.0,0.0,69,0.0,-0.0,0.0,0.0,0.0,0.0,0.0,0.0,0.0,0,0,0,0.0,0.0,0.0,0.0,0.0,0.0,0.0,0.0,0.0,0.0,0.0,0.0,0.0,0.0,0.0,0.0,0,-107875648.0,69,0.0,138,0.0,0.0,0,13107,17087,26215,17104,26215,17084,0,0,0,70,68,100,-0.0,82.0,0.0,78.8,-0.0,79.0,1,49,50,180,39322,0,0,0,0.0,0.0,0.0,0.0,-0.0,67.0,0.0,162057.094,0.0,983,0,1015,0,0,0,956,0,1041,0,942,0,793,0,785,0,823,0,7520,0.032,2.5133688800429264e+20,0.0,0.0,784,16797,-0.0,162057.094,-114818.039,-0.0,0.133,6.909358625270745e+28,30.0,70.0,35,0.0,0.0,0.0,0.0,0.0,0.0,0.0,0.0,0.0,0.0,0.0,0.0,0.0,0.0,0.0,0.0,66.0,0,150,71,52,65476,0,300,0,0,8,20529,65476,0,0,44564,70.0,0.0,0.0,0.0,0.0,0.0
2026-09-10T21:08:18,ERR,ERR,ERR,ERR,ERR,ERR,ERR,ERR,ERR,ERR,ERR,ERR,ERR,ERR,ERR,ERR,ERR,ERR,ERR,ERR,ERR,ERR,ERR,ERR,ERR,ERR,ERR,ERR,ERR,ERR,ERR,ERR,ERR,ERR,ERR,ERR,ERR,ERR,ERR,ERR,ERR,ERR,ERR,ERR,ERR,ERR,ERR,ERR,ERR,ERR,ERR,ERR,ERR,ERR,ERR,ERR,ERR,ERR,ERR,ERR,ERR,ERR,ERR,ERR,ERR,ERR,ERR,ERR,ERR,ERR,ERR,ERR,ERR,ERR,ERR,ERR,ERR,ERR,ERR,ERR,ERR,ERR,ERR,ERR,ERR,ERR,ERR,ERR,ERR,ERR,ERR,ERR,ERR,ERR,ERR,ERR,ERR,ERR,ERR,ERR,ERR,ERR,ERR,ERR,ERR,ERR,ERR,ERR,ERR,ERR,ERR,ERR,ERR,ERR,ERR,ERR,ERR,ERR,ERR,ERR,ERR,ERR,ERR,ERR,ERR,0.0,2.7184303811560617e+23,-100794720.0,0.0,0.0,1.3936040501711995e+18,7.805,0.0,0,0,4,0,7116,0.0,100,0.0,0.0,0.0,0.0,0.0,0,0,0,0,0.0,0,0,0,0,0,0,0,0,0,0,0,0,0,0,0,0,0,0,0,0,0,0,0,0,0,0,0,0,0,0,0,0,0,31,40,40,71,65476,0,300,0,0,8,21553,0.0,-107605600.0,0.0,0.0,0.0,0.0,0.0,0.0,0.0,0.0,0.0,0.0,0.0,0.0,0.0,0.0,0.0,0.0,0.0,0.0,0.0,0.0,-2.004,-0.0,-0.0,-0.0,0.0,0.0,0.0,0.0,4470.0,-0.0,6930.0,0.0,2.7184303811560617e+23,0.0,2.718428940004181e+23,0.0,0.0,0.0,0.0,69,0.0,-0.0,0.0,0.0,0.0,0.0,0.0,0.0,0.0,0,0,0,0.0,0.0,0.0,0.0,0.0,0.0,0.0,0.0,0.0,0.0,0.0,0.0,0.0,0.0,0.0,0.0,0,-107875648.0,69,0.0,138,0.0,0.0,0,13107,17087,26215,17104,26215,17084,0,0,0,70,68,100,-0.0,82.0,0.0,78.8,-0.0,79.0,1,49,50,180,39322,0,0,0,0.0,0.0,0.0,0.0,-0.0,67.0,0.0,162057.094,0.0,983,0,1015,0,0,0,956,0,1041,0,942,0,793,0,785,0,823,0,7520,0.032,2.5133688800429264e+20,0.0,0.0,784,16797,-0.0,162057.094,-114818.039,-0.0,0.133,6.909358625270745e+28,30.0,70.0,35,0.0,0.0,0.0,0.0,0.0,0.0,0.0,0.0,0.0,0.0,0.0,0.0,0.0,0.0,0.0,0.0,66.0,0,150,71,52,65476,0,300,0,0,8,20529,65476,0,0,44564,70.0,0.0,0.0,0.0,0.0,0.0
2026-09-10T21:08:19,ERR,ERR,ERR,ERR,ERR,ERR,ERR,ERR,ERR,ERR,ERR,ERR,ERR,ERR,ERR,ERR,ERR,ERR,ERR,ERR,ERR,ERR,ERR,ERR,ERR,ERR,ERR,ERR,ERR,ERR,ERR,ERR,ERR,ERR,ERR,ERR,ERR,ERR,ERR,ERR,ERR,ERR,ERR,ERR,ERR,ERR,ERR,ERR,ERR,ERR,ERR,ERR,ERR,ERR,ERR,ERR,ERR,ERR,ERR,ERR,ERR,ERR,ERR,ERR,ERR,ERR,ERR,ERR,ERR,ERR,ERR,ERR,ERR,ERR,ERR,ERR,ERR,ERR,ERR,ERR,ERR,ERR,ERR,ERR,ERR,ERR,ERR,ERR,ERR,ERR,ERR,ERR,ERR,ERR,ERR,ERR,ERR,ERR,ERR,ERR,ERR,ERR,ERR,ERR,ERR,ERR,ERR,ERR,ERR,ERR,ERR,ERR,ERR,ERR,ERR,ERR,ERR,ERR,ERR,ERR,ERR,ERR,ERR,ERR,ERR,0.0,2.7184303811560617e+23,-100794720.0,0.0,0.0,1.3936040501711995e+18,7.805,0.0,0,0,4,0,7116,0.0,100,0.0,0.0,0.0,0.0,0.0,0,0,0,0,0.0,0,0,0,0,0,0,0,0,0,0,0,0,0,0,0,0,0,0,0,0,0,0,0,0,0,0,0,0,0,0,0,0,0,31,40,40,71,65476,0,300,0,0,8,21553,0.0,-107605600.0,0.0,0.0,0.0,0.0,0.0,0.0,0.0,0.0,0.0,0.0,0.0,0.0,0.0,0.0,0.0,0.0,0.0,0.0,0.0,0.0,-2.004,-0.0,-2.004,-0.0,0.0,0.0,0.0,0.0,4471.0,3.697178656945629e+19,6924.0,0.0,2.7184303811560617e+23,0.0,2.718428940004181e+23,0.0,0.0,0.0,0.0,69,-4.950430145311814e+32,4.066845346649544e+29,0.0,0.0,0.0,0.0,0.0,0.0,0.0,0,0,0,0.0,0.0,0.0,0.0,0.0,0.0,0.0,0.0,0.0,0.0,0.0,0.0,0.0,0.0,0.0,0.0,0,-107875648.0,69,0.0,138,0.0,-0.0,0,13107,17087,26215,17104,26215,17084,0,0,0,70,68,100,-0.0,82.0,0.0,78.8,-0.0,79.0,1,49,50,180,39322,0,0,0,0.0,0.0,0.0,0.0,-0.0,67.0,0.0,162057.094,0.0,983,0,1015,0,0,0,956,0,1041,0,942,0,793,0,785,0,823,0,7520,0.032,2.5133688800429264e+20,0.0,0.0,784,16797,-0.0,162057.094,-114818.039,-0.0,0.133,6.909358625270745e+28,30.0,70.0,35,0.0,0.0,0.0,0.0,0.0,0.0,0.0,0.0,0.0,0.0,0.0,0.0,0.0,0.0,0.0,0.0,66.0,0,150,71,52,65476,0,300,0,0,8,20529,65476,0,0,44564,70.0,0.0,0.0,0.0,0.0,0.0
2026-09-10T21:08:20,ERR,ERR,ERR,ERR,ERR,ERR,ERR,ERR,ERR,ERR,ERR,ERR,ERR,ERR,ERR,ERR,ERR,ERR,ERR,ERR,ERR,ERR,ERR,ERR,ERR,ERR,ERR,ERR,ERR,ERR,ERR,ERR,ERR,ERR,ERR,ERR,ERR,ERR,ERR,ERR,ERR,ERR,ERR,ERR,ERR,ERR,ERR,ERR,ERR,ERR,ERR,ERR,ERR,ERR,ERR,ERR,ERR,ERR,ERR,ERR,ERR,ERR,ERR,ERR,ERR,ERR,ERR,ERR,ERR,ERR,ERR,ERR,ERR,ERR,ERR,ERR,ERR,ERR,ERR,ERR,ERR,ERR,ERR,ERR,ERR,ERR,ERR,ERR,ERR,ERR,ERR,ERR,ERR,ERR,ERR,ERR,ERR,ERR,ERR,ERR,ERR,ERR,ERR,ERR,ERR,ERR,ERR,ERR,ERR,ERR,ERR,ERR,ERR,ERR,ERR,ERR,ERR,ERR,ERR,ERR,ERR,ERR,ERR,ERR,ERR,0.0,2.7184303811560617e+23,-100794720.0,0.0,0.0,1.3936040501711995e+18,7.805,0.0,0,0,4,0,7116,0.0,100,0.0,0.0,0.0,0.0,0.0,0,0,0,0,0.0,0,0,0,0,0,0,0,0,0,0,0,0,0,0,0,0,0,0,0,0,0,0,0,0,0,0,0,0,0,0,0,0,0,31,40,40,71,65476,0,300,0,0,8,21553,0.0,-107605600.0,0.0,0.0,0.0,0.0,0.0,0.0,0.0,0.0,0.0,0.0,0.0,0.0,0.0,0.0,0.0,0.0,0.0,0.0,0.0,0.0,-2.004,-0.0,-2.004,-0.0,0.0,0.0,0.0,0.0,4471.0,3.697178656945629e+19,6924.0,0.0,2.7184303811560617e+23,0.0,2.718428940004181e+23,0.0,0.0,0.0,0.0,69,-4.950430145311814e+32,4.066845346649544e+29,0.0,0.0,0.0,0.0,0.0,0.0,0.0,0,0,0,0.0,0.0,0.0,0.0,0.0,0.0,0.0,0.0,0.0,0.0,0.0,0.0,0.0,0.0,0.0,0.0,0,-107875648.0,69,0.0,138,0.0,-0.0,0,13107,17087,26215,17104,26215,17084,0,0,0,70,68,100,-0.0,82.0,0.0,78.8,-0.0,79.0,1,49,50,180,39322,0,0,0,0.0,0.0,0.0,0.0,-0.0,67.0,0.0,162057.094,0.0,983,0,1015,0,0,0,956,0,1041,0,942,0,793,0,785,0,823,0,7520,0.032,2.5133688800429264e+20,0.0,0.0,784,16797,-0.0,162057.094,-114818.039,-0.0,0.133,6.909358625270745e+28,30.0,70.0,35,0.0,0.0,0.0,0.0,0.0,0.0,0.0,0.0,0.0,0.0,0.0,0.0,0.0,0.0,0.0,0.0,66.0,0,150,71,52,65476,0,300,0,0,8,20529,65476,0,0,44564,70.0,0.0,0.0,0.0,0.0,0.0
2026-09-10T21:08:21,ERR,ERR,ERR,ERR,ERR,ERR,ERR,ERR,ERR,ERR,ERR,ERR,ERR,ERR,ERR,ERR,ERR,ERR,ERR,ERR,ERR,ERR,ERR,ERR,ERR,ERR,ERR,ERR,ERR,ERR,ERR,ERR,ERR,ERR,ERR,ERR,ERR,ERR,ERR,ERR,ERR,ERR,ERR,ERR,ERR,ERR,ERR,ERR,ERR,ERR,ERR,ERR,ERR,ERR,ERR,ERR,ERR,ERR,ERR,ERR,ERR,ERR,ERR,ERR,ERR,ERR,ERR,ERR,ERR,ERR,ERR,ERR,ERR,ERR,ERR,ERR,ERR,ERR,ERR,ERR,ERR,ERR,ERR,ERR,ERR,ERR,ERR,ERR,ERR,ERR,ERR,ERR,ERR,ERR,ERR,ERR,ERR,ERR,ERR,ERR,ERR,ERR,ERR,ERR,ERR,ERR,ERR,ERR,ERR,ERR,ERR,ERR,ERR,ERR,ERR,ERR,ERR,ERR,ERR,ERR,ERR,ERR,ERR,ERR,ERR,0.0,2.7184303811560617e+23,-100794720.0,0.0,0.0,1.3936040501711995e+18,7.805,0.0,0,0,4,0,7116,0.0,100,0.0,0.0,0.0,0.0,0.0,0,0,0,0,0.0,0,0,0,0,0,0,0,0,0,0,0,0,0,0,0,0,0,0,0,0,0,0,0,0,0,0,0,0,0,0,0,0,0,31,40,40,71,65476,0,300,0,0,8,21553,0.0,-107605600.0,0.0,0.0,0.0,0.0,0.0,0.0,0.0,0.0,0.0,0.0,0.0,0.0,0.0,0.0,0.0,0.0,0.0,0.0,0.0,0.0,-2.004,-0.0,-2.004,-0.0,0.0,0.0,0.0,0.0,4471.0,3.697178656945629e+19,6924.0,0.0,2.7184303811560617e+23,0.0,2.718428940004181e+23,0.0,0.0,0.0,0.0,69,-4.950430145311814e+32,4.066845346649544e+29,0.0,0.0,0.0,0.0,0.0,0.0,0.0,0,0,0,0.0,0.0,0.0,0.0,0.0,0.0,0.0,0.0,0.0,0.0,0.0,0.0,0.0,0.0,0.0,0.0,0,-107875648.0,69,0.0,138,0.0,-0.0,0,13107,17087,26215,17104,26215,17084,0,0,0,70,68,100,-0.0,82.0,0.0,78.8,-0.0,79.0,1,49,50,180,39322,0,0,0,0.0,0.0,0.0,0.0,-0.0,67.0,0.0,162057.094,0.0,983,0,1015,0,0,0,956,0,1041,0,942,0,793,0,785,0,823,0,7520,0.032,2.5133688800429264e+20,0.0,0.0,784,16797,-0.0,162057.094,-114818.039,-0.0,0.133,6.909358625270745e+28,30.0,70.0,35,0.0,0.0,0.0,0.0,0.0,0.0,0.0,0.0,0.0,0.0,0.0,0.0,0.0,0.0,0.0,0.0,66.4,0,150,71,52,65476,0,300,0,0,8,20529,65476,0,0,44564,70.0,0.0,0.0,0.0,0.0,0.0
2026-09-10T21:08:22,ERR,ERR,ERR,ERR,ERR,ERR,ERR,ERR,ERR,ERR,ERR,ERR,ERR,ERR,ERR,ERR,ERR,ERR,ERR,ERR,ERR,ERR,ERR,ERR,ERR,ERR,ERR,ERR,ERR,ERR,ERR,ERR,ERR,ERR,ERR,ERR,ERR,ERR,ERR,ERR,ERR,ERR,ERR,ERR,ERR,ERR,ERR,ERR,ERR,ERR,ERR,ERR,ERR,ERR,ERR,ERR,ERR,ERR,ERR,ERR,ERR,ERR,ERR,ERR,ERR,ERR,ERR,ERR,ERR,ERR,ERR,ERR,ERR,ERR,ERR,ERR,ERR,ERR,ERR,ERR,ERR,ERR,ERR,ERR,ERR,ERR,ERR,ERR,ERR,ERR,ERR,ERR,ERR,ERR,ERR,ERR,ERR,ERR,ERR,ERR,ERR,ERR,ERR,ERR,ERR,ERR,ERR,ERR,ERR,ERR,ERR,ERR,ERR,ERR,ERR,ERR,ERR,ERR,ERR,ERR,ERR,ERR,ERR,ERR,ERR,0.0,2.7184303811560617e+23,-100794720.0,0.0,0.0,1.3936040501711995e+18,7.805,0.0,0,0,4,0,7116,0.0,100,0.0,0.0,0.0,0.0,0.0,0,0,0,0,0.0,0,0,0,0,0,0,0,0,0,0,0,0,0,0,0,0,0,0,0,0,0,0,0,0,0,0,0,0,0,0,0,0,0,31,40,40,71,65476,0,300,0,0,8,21553,0.0,-107605600.0,0.0,0.0,0.0,0.0,0.0,0.0,0.0,0.0,0.0,0.0,0.0,0.0,0.0,0.0,0.0,0.0,0.0,0.0,0.0,0.0,-2.004,-0.0,-2.004,-0.0,0.0,0.0,0.0,0.0,4471.0,3.697178656945629e+19,6924.0,0.0,2.7184303811560617e+23,0.0,2.718428940004181e+23,0.0,0.0,0.0,0.0,69,-4.950430145311814e+32,4.066845346649544e+29,0.0,0.0,0.0,0.0,0.0,0.0,0.0,0,0,0,0.0,0.0,0.0,0.0,0.0,0.0,0.0,0.0,0.0,0.0,0.0,0.0,0.0,0.0,0.0,0.0,0,-107875648.0,69,0.0,138,0.0,-0.0,0,13107,17087,26215,17104,26215,17084,0,0,0,70,68,100,-0.0,82.0,0.0,78.8,-0.0,79.0,1,49,50,180,39322,0,0,0,0.0,0.0,0.0,0.0,-0.0,67.0,0.0,162057.094,0.0,983,0,1015,0,0,0,956,0,1041,0,942,0,793,0,785,0,823,0,7520,0.032,2.5133688800429264e+20,0.0,0.0,784,16797,-0.0,162057.094,-114818.039,-0.0,0.133,6.909358625270745e+28,30.0,70.0,35,0.0,0.0,0.0,0.0,0.0,0.0,0.0,0.0,0.0,0.0,0.0,0.0,0.0,0.0,0.0,0.0,66.4,0,150,71,52,65476,0,300,0,0,8,20529,65476,0,0,44564,70.0,0.0,0.0,0.0,0.0,0.0
2026-09-10T21:08:23,ERR,ERR,ERR,ERR,ERR,ERR,ERR,ERR,ERR,ERR,ERR,ERR,ERR,ERR,ERR,ERR,ERR,ERR,ERR,ERR,ERR,ERR,ERR,ERR,ERR,ERR,ERR,ERR,ERR,ERR,ERR,ERR,ERR,ERR,ERR,ERR,ERR,ERR,ERR,ERR,ERR,ERR,ERR,ERR,ERR,ERR,ERR,ERR,ERR,ERR,ERR,ERR,ERR,ERR,ERR,ERR,ERR,ERR,ERR,ERR,ERR,ERR,ERR,ERR,ERR,ERR,ERR,ERR,ERR,ERR,ERR,ERR,ERR,ERR,ERR,ERR,ERR,ERR,ERR,ERR,ERR,ERR,ERR,ERR,ERR,ERR,ERR,ERR,ERR,ERR,ERR,ERR,ERR,ERR,ERR,ERR,ERR,ERR,ERR,ERR,ERR,ERR,ERR,ERR,ERR,ERR,ERR,ERR,ERR,ERR,ERR,ERR,ERR,ERR,ERR,ERR,ERR,ERR,ERR,ERR,ERR,ERR,ERR,ERR,ERR,0.0,2.7184303811560617e+23,-100794720.0,0.0,0.0,1.3936040501711995e+18,7.805,0.0,0,0,4,0,7116,0.0,100,0.0,0.0,0.0,0.0,0.0,0,0,0,0,0.0,0,0,0,0,0,0,0,0,0,0,0,0,0,0,0,0,0,0,0,0,0,0,0,0,0,0,0,0,0,0,0,0,0,31,40,40,71,65476,0,300,0,0,8,21553,0.0,-107605600.0,0.0,0.0,0.0,0.0,0.0,0.0,0.0,0.0,0.0,0.0,0.0,0.0,0.0,0.0,0.0,0.0,0.0,0.0,0.0,0.0,-2.004,-0.0,-2.004,-0.0,0.0,0.0,0.0,0.0,4471.0,3.697178656945629e+19,6924.0,0.0,2.7184303811560617e+23,0.0,2.718428940004181e+23,0.0,0.0,0.0,0.0,69,-4.950430145311814e+32,4.066845346649544e+29,0.0,0.0,0.0,0.0,0.0,0.0,0.0,0,0,0,0.0,0.0,0.0,0.0,0.0,0.0,0.0,0.0,0.0,0.0,0.0,0.0,0.0,0.0,0.0,0.0,0,-107875648.0,69,0.0,138,0.0,-0.0,0,13107,17087,13107,17104,26215,17084,0,0,0,70,68,100,-0.0,82.0,0.0,78.8,-0.0,79.0,1,49,50,180,39322,0,0,0,0.0,0.0,0.0,0.0,-0.0,67.0,0.0,162057.094,0.0,983,0,1015,0,0,0,956,0,1042,0,942,0,793,0,785,0,823,0,7520,0.032,2.5133688800429264e+20,0.0,0.0,784,16797,-0.0,162057.094,-114818.039,-0.0,0.133,6.909358625270745e+28,30.0,70.0,35,0.0,0.0,0.0,0.0,0.0,0.0,0.0,0.0,0.0,0.0,0.0,0.0,0.0,0.0,0.0,0.0,66.4,0,150,71,52,65476,0,300,0,0,8,20529,65476,0,0,44564,70.0,0.0,0.0,0.0,0.0,0.0
2026-09-10T21:08:24,ERR,ERR,ERR,ERR,ERR,ERR,ERR,ERR,ERR,ERR,ERR,ERR,ERR,ERR,ERR,ERR,ERR,ERR,ERR,ERR,ERR,ERR,ERR,ERR,ERR,ERR,ERR,ERR,ERR,ERR,ERR,ERR,ERR,ERR,ERR,ERR,ERR,ERR,ERR,ERR,ERR,ERR,ERR,ERR,ERR,ERR,ERR,ERR,ERR,ERR,ERR,ERR,ERR,ERR,ERR,ERR,ERR,ERR,ERR,ERR,ERR,ERR,ERR,ERR,ERR,ERR,ERR,ERR,ERR,ERR,ERR,ERR,ERR,ERR,ERR,ERR,ERR,ERR,ERR,ERR,ERR,ERR,ERR,ERR,ERR,ERR,ERR,ERR,ERR,ERR,ERR,ERR,ERR,ERR,ERR,ERR,ERR,ERR,ERR,ERR,ERR,ERR,ERR,ERR,ERR,ERR,ERR,ERR,ERR,ERR,ERR,ERR,ERR,ERR,ERR,ERR,ERR,ERR,ERR,ERR,ERR,ERR,ERR,ERR,ERR,0.0,2.7184303811560617e+23,-100794720.0,0.0,0.0,1.3936040501711995e+18,7.805,0.0,0,0,4,0,7116,0.0,100,0.0,0.0,0.0,0.0,0.0,0,0,0,0,0.0,0,0,0,0,0,0,0,0,0,0,0,0,0,0,0,0,0,0,0,0,0,0,0,0,0,0,0,0,0,0,0,0,0,31,40,40,71,65476,0,300,0,0,8,21553,0.0,-107605600.0,0.0,0.0,0.0,0.0,0.0,0.0,0.0,0.0,0.0,0.0,0.0,0.0,0.0,0.0,0.0,0.0,0.0,0.0,0.0,0.0,-2.004,-0.0,-2.004,-0.0,0.0,0.0,0.0,0.0,4471.0,3.697178656945629e+19,6924.0,0.0,2.7184303811560617e+23,0.0,2.718428940004181e+23,0.0,0.0,0.0,0.0,69,-4.950430145311814e+32,4.066845346649544e+29,0.0,0.0,0.0,0.0,0.0,0.0,0.0,0,0,0,0.0,0.0,0.0,0.0,0.0,0.0,0.0,0.0,0.0,0.0,0.0,0.0,0.0,0.0,0.0,0.0,0,-107875648.0,69,0.0,138,0.0,-0.0,0,13107,17087,13107,17104,26215,17084,0,0,0,70,68,100,-0.0,82.0,0.0,78.8,-0.0,79.0,1,49,50,180,39322,0,0,0,0.0,0.0,0.0,0.0,-0.0,67.0,0.0,162057.094,0.0,983,0,1015,0,0,0,956,0,1042,0,942,0,793,0,785,0,823,0,7520,0.032,2.5133688800429264e+20,0.0,0.0,784,16797,-0.0,162057.094,-114818.039,-0.0,0.133,6.909358625270745e+28,30.0,70.0,35,0.0,0.0,0.0,0.0,0.0,0.0,0.0,0.0,0.0,0.0,0.0,0.0,0.0,0.0,0.0,0.0,66.0,0,150,71,52,65476,0,300,0,0,8,20529,65476,0,0,44564,70.0,0.0,0.0,0.0,0.0,0.0
2026-09-10T21:08:25,ERR,ERR,ERR,ERR,ERR,ERR,ERR,ERR,ERR,ERR,ERR,ERR,ERR,ERR,ERR,ERR,ERR,ERR,ERR,ERR,ERR,ERR,ERR,ERR,ERR,ERR,ERR,ERR,ERR,ERR,ERR,ERR,ERR,ERR,ERR,ERR,ERR,ERR,ERR,ERR,ERR,ERR,ERR,ERR,ERR,ERR,ERR,ERR,ERR,ERR,ERR,ERR,ERR,ERR,ERR,ERR,ERR,ERR,ERR,ERR,ERR,ERR,ERR,ERR,ERR,ERR,ERR,ERR,ERR,ERR,ERR,ERR,ERR,ERR,ERR,ERR,ERR,ERR,ERR,ERR,ERR,ERR,ERR,ERR,ERR,ERR,ERR,ERR,ERR,ERR,ERR,ERR,ERR,ERR,ERR,ERR,ERR,ERR,ERR,ERR,ERR,ERR,ERR,ERR,ERR,ERR,ERR,ERR,ERR,ERR,ERR,ERR,ERR,ERR,ERR,ERR,ERR,ERR,ERR,ERR,ERR,ERR,ERR,ERR,ERR,0.0,2.7184303811560617e+23,-100794720.0,0.0,0.0,1.3936040501711995e+18,7.805,0.0,0,0,4,0,7116,0.0,100,0.0,0.0,0.0,0.0,0.0,0,0,0,0,0.0,0,0,0,0,0,0,0,0,0,0,0,0,0,0,0,0,0,0,0,0,0,0,0,0,0,0,0,0,0,0,0,0,0,31,40,40,71,65476,0,300,0,0,8,21553,0.0,-107605600.0,0.0,0.0,0.0,0.0,0.0,0.0,0.0,0.0,0.0,0.0,0.0,0.0,0.0,0.0,0.0,0.0,0.0,0.0,0.0,0.0,-2.004,-0.0,-2.004,-0.0,0.0,0.0,0.0,0.0,4471.0,3.697178656945629e+19,6924.0,0.0,2.7184303811560617e+23,0.0,2.718428940004181e+23,0.0,0.0,0.0,0.0,69,-4.950430145311814e+32,4.066845346649544e+29,0.0,0.0,0.0,0.0,0.0,0.0,0.0,0,0,0,0.0,0.0,0.0,0.0,0.0,0.0,0.0,0.0,0.0,0.0,0.0,0.0,0.0,0.0,0.0,0.0,0,-107875648.0,69,0.0,138,0.0,-0.0,0,13107,17087,13107,17104,26215,17084,0,0,0,70,68,100,-0.0,82.0,0.0,78.8,-0.0,79.0,1,49,50,180,39322,0,0,0,0.0,0.0,0.0,0.0,-0.0,67.0,0.0,162057.094,0.0,983,0,1015,0,0,0,956,0,1042,0,942,0,793,0,785,0,823,0,7520,0.032,2.5133688800429264e+20,0.0,0.0,784,16797,-0.0,162057.094,-114818.039,-0.0,0.133,6.909358625270745e+28,30.0,70.0,35,0.0,0.0,0.0,0.0,0.0,0.0,0.0,0.0,0.0,0.0,0.0,0.0,0.0,0.0,0.0,0.0,66.0,0,150,71,52,65476,0,300,0,0,8,20529,65476,0,0,44564,70.0,0.0,0.0,0.0,0.0,0.0
2026-09-10T21:08:26,ERR,ERR,ERR,ERR,ERR,ERR,ERR,ERR,ERR,ERR,ERR,ERR,ERR,ERR,ERR,ERR,ERR,ERR,ERR,ERR,ERR,ERR,ERR,ERR,ERR,ERR,ERR,ERR,ERR,ERR,ERR,ERR,ERR,ERR,ERR,ERR,ERR,ERR,ERR,ERR,ERR,ERR,ERR,ERR,ERR,ERR,ERR,ERR,ERR,ERR,ERR,ERR,ERR,ERR,ERR,ERR,ERR,ERR,ERR,ERR,ERR,ERR,ERR,ERR,ERR,ERR,ERR,ERR,ERR,ERR,ERR,ERR,ERR,ERR,ERR,ERR,ERR,ERR,ERR,ERR,ERR,ERR,ERR,ERR,ERR,ERR,ERR,ERR,ERR,ERR,ERR,ERR,ERR,ERR,ERR,ERR,ERR,ERR,ERR,ERR,ERR,ERR,ERR,ERR,ERR,ERR,ERR,ERR,ERR,ERR,ERR,ERR,ERR,ERR,ERR,ERR,ERR,ERR,ERR,ERR,ERR,ERR,ERR,ERR,ERR,0.0,2.7184303811560617e+23,-100794720.0,0.0,0.0,1.3936040501711995e+18,7.805,0.0,0,0,4,0,7116,0.0,100,0.0,0.0,0.0,0.0,0.0,0,0,0,0,0.0,0,0,0,0,0,0,0,0,0,0,0,0,0,0,0,0,0,0,0,0,0,0,0,0,0,0,0,0,0,0,0,0,0,31,40,40,71,65476,0,300,0,0,8,21553,0.0,-107605600.0,0.0,0.0,0.0,0.0,0.0,0.0,0.0,0.0,0.0,0.0,0.0,0.0,0.0,0.0,0.0,0.0,0.0,0.0,0.0,0.0,-2.004,-0.0,-2.004,-0.0,0.0,0.0,0.0,0.0,4471.0,3.697178656945629e+19,6924.0,0.0,2.7184303811560617e+23,0.0,2.718428940004181e+23,0.0,0.0,0.0,0.0,69,-4.950430145311814e+32,4.066845346649544e+29,0.0,0.0,0.0,0.0,0.0,0.0,0.0,0,0,0,0.0,0.0,0.0,0.0,0.0,0.0,0.0,0.0,0.0,0.0,0.0,0.0,0.0,0.0,0.0,0.0,0,-107875648.0,69,0.0,138,0.0,-0.0,0,13107,17087,13107,17104,26215,17084,0,0,0,70,68,100,-0.0,82.0,0.0,78.8,-0.0,79.0,1,49,50,180,39322,0,0,0,0.0,0.0,0.0,0.0,-0.0,67.0,0.0,162057.094,0.0,983,0,1015,0,0,0,956,0,1042,0,942,0,793,0,785,0,823,0,7520,0.032,2.5133688800429264e+20,0.0,0.0,784,16797,-0.0,162057.094,-114818.039,-0.0,0.133,6.909358625270745e+28,30.0,70.0,35,0.0,0.0,0.0,0.0,0.0,0.0,0.0,0.0,0.0,0.0,0.0,0.0,0.0,0.0,0.0,0.0,66.0,0,150,71,52,65476,0,300,0,0,8,20529,65476,0,0,44564,70.0,0.0,0.0,0.0,0.0,0.0
2026-09-10T21:08:27,ERR,ERR,ERR,ERR,ERR,ERR,ERR,ERR,ERR,ERR,ERR,ERR,ERR,ERR,ERR,ERR,ERR,ERR,ERR,ERR,ERR,ERR,ERR,ERR,ERR,ERR,ERR,ERR,ERR,ERR,ERR,ERR,ERR,ERR,ERR,ERR,ERR,ERR,ERR,ERR,ERR,ERR,ERR,ERR,ERR,ERR,ERR,ERR,ERR,ERR,ERR,ERR,ERR,ERR,ERR,ERR,ERR,ERR,ERR,ERR,ERR,ERR,ERR,ERR,ERR,ERR,ERR,ERR,ERR,ERR,ERR,ERR,ERR,ERR,ERR,ERR,ERR,ERR,ERR,ERR,ERR,ERR,ERR,ERR,ERR,ERR,ERR,ERR,ERR,ERR,ERR,ERR,ERR,ERR,ERR,ERR,ERR,ERR,ERR,ERR,ERR,ERR,ERR,ERR,ERR,ERR,ERR,ERR,ERR,ERR,ERR,ERR,ERR,ERR,ERR,ERR,ERR,ERR,ERR,ERR,ERR,ERR,ERR,ERR,ERR,0.0,2.7184303811560617e+23,-100794720.0,0.0,0.0,1.3936040501711995e+18,7.805,0.0,0,0,4,0,7116,0.0,100,0.0,0.0,0.0,0.0,0.0,0,0,0,0,0.0,0,0,0,0,0,0,0,0,0,0,0,0,0,0,0,0,0,0,0,0,0,0,0,0,0,0,0,0,0,0,0,0,0,31,40,40,71,65476,0,300,0,0,8,21553,0.0,-107605600.0,0.0,0.0,0.0,0.0,0.0,0.0,0.0,0.0,0.0,0.0,0.0,0.0,0.0,0.0,0.0,0.0,0.0,0.0,0.0,0.0,-2.004,-0.0,-2.004,-0.0,0.0,0.0,0.0,0.0,4471.0,3.697178656945629e+19,6924.0,0.0,2.7184303811560617e+23,0.0,2.718428940004181e+23,0.0,0.0,0.0,0.0,69,-4.950430145311814e+32,4.066845346649544e+29,0.0,0.0,0.0,0.0,0.0,0.0,0.0,0,0,0,0.0,0.0,0.0,0.0,0.0,0.0,0.0,0.0,0.0,0.0,0.0,0.0,0.0,0.0,0.0,0.0,0,-107875648.0,69,0.0,138,0.0,-0.0,0,13107,17087,13107,17104,26215,17084,0,0,0,70,68,100,-0.0,82.0,0.0,78.8,-0.0,79.0,1,49,50,180,39322,0,0,0,0.0,0.0,0.0,0.0,-0.0,67.0,0.0,162057.094,0.0,983,0,1015,0,0,0,956,0,1042,0,942,0,793,0,785,0,823,0,7520,0.032,2.5133688800429264e+20,0.0,0.0,784,16797,-0.0,162057.094,-114818.039,-0.0,0.133,6.909358625270745e+28,30.0,70.0,35,0.0,0.0,0.0,0.0,0.0,0.0,0.0,0.0,0.0,0.0,0.0,0.0,0.0,0.0,0.0,0.0,66.0,0,150,71,52,65476,0,300,0,0,8,20529,65476,0,0,44564,70.0,0.0,0.0,0.0,0.0,0.0
2026-09-10T21:08:28,ERR,ERR,ERR,ERR,ERR,ERR,ERR,ERR,ERR,ERR,ERR,ERR,ERR,ERR,ERR,ERR,ERR,ERR,ERR,ERR,ERR,ERR,ERR,ERR,ERR,ERR,ERR,ERR,ERR,ERR,ERR,ERR,ERR,ERR,ERR,ERR,ERR,ERR,ERR,ERR,ERR,ERR,ERR,ERR,ERR,ERR,ERR,ERR,ERR,ERR,ERR,ERR,ERR,ERR,ERR,ERR,ERR,ERR,ERR,ERR,ERR,ERR,ERR,ERR,ERR,ERR,ERR,ERR,ERR,ERR,ERR,ERR,ERR,ERR,ERR,ERR,ERR,ERR,ERR,ERR,ERR,ERR,ERR,ERR,ERR,ERR,ERR,ERR,ERR,ERR,ERR,ERR,ERR,ERR,ERR,ERR,ERR,ERR,ERR,ERR,ERR,ERR,ERR,ERR,ERR,ERR,ERR,ERR,ERR,ERR,ERR,ERR,ERR,ERR,ERR,ERR,ERR,ERR,ERR,ERR,ERR,ERR,ERR,ERR,ERR,0.0,2.7184303811560617e+23,-100794720.0,0.0,0.0,1.3936040501711995e+18,7.805,0.0,0,0,4,0,7116,0.0,100,0.0,0.0,0.0,0.0,0.0,0,0,0,0,0.0,0,0,0,0,0,0,0,0,0,0,0,0,0,0,0,0,0,0,0,0,0,0,0,0,0,0,0,0,0,0,0,0,0,31,40,40,71,65476,0,300,0,0,8,21553,0.0,-107605600.0,0.0,0.0,0.0,0.0,0.0,0.0,0.0,0.0,0.0,0.0,0.0,0.0,0.0,0.0,0.0,0.0,0.0,0.0,0.0,0.0,-2.004,-0.0,-2.004,-0.0,0.0,0.0,0.0,0.0,4469.0,3.697178656945629e+19,6924.0,0.0,2.7184303811560617e+23,0.0,2.718428940004181e+23,0.0,0.0,0.0,0.0,69,0.0,4.066845346649544e+29,0.0,0.0,0.0,0.0,0.0,0.0,0.0,0,0,0,0.0,0.0,0.0,0.0,0.0,0.0,0.0,0.0,0.0,0.0,0.0,0.0,0.0,0.0,0.0,0.0,0,-107875648.0,69,0.0,138,0.0,-0.0,0,13107,17087,13107,17104,26215,17084,0,0,0,70,68,100,-0.0,82.0,0.0,78.8,-0.0,79.0,1,49,50,180,39322,0,0,0,0.0,0.0,0.0,0.0,-0.0,67.0,0.0,162057.094,0.0,983,0,1014,0,0,0,956,0,1041,0,942,0,793,0,785,0,823,0,7520,0.032,2.5133688800429264e+20,0.0,0.0,784,16797,-0.0,162057.094,-114818.039,-0.0,0.133,6.909358625270745e+28,30.0,70.0,35,0.0,0.0,0.0,0.0,0.0,0.0,0.0,0.0,0.0,0.0,0.0,0.0,0.0,0.0,0.0,0.0,66.0,0,150,71,52,65476,0,300,0,0,8,20529,65476,0,0,44564,70.0,0.0,0.0,0.0,0.0,0.0
2026-09-10T21:08:29,ERR,ERR,ERR,ERR,ERR,ERR,ERR,ERR,ERR,ERR,ERR,ERR,ERR,ERR,ERR,ERR,ERR,ERR,ERR,ERR,ERR,ERR,ERR,ERR,ERR,ERR,ERR,ERR,ERR,ERR,ERR,ERR,ERR,ERR,ERR,ERR,ERR,ERR,ERR,ERR,ERR,ERR,ERR,ERR,ERR,ERR,ERR,ERR,ERR,ERR,ERR,ERR,ERR,ERR,ERR,ERR,ERR,ERR,ERR,ERR,ERR,ERR,ERR,ERR,ERR,ERR,ERR,ERR,ERR,ERR,ERR,ERR,ERR,ERR,ERR,ERR,ERR,ERR,ERR,ERR,ERR,ERR,ERR,ERR,ERR,ERR,ERR,ERR,ERR,ERR,ERR,ERR,ERR,ERR,ERR,ERR,ERR,ERR,ERR,ERR,ERR,ERR,ERR,ERR,ERR,ERR,ERR,ERR,ERR,ERR,ERR,ERR,ERR,ERR,ERR,ERR,ERR,ERR,ERR,ERR,ERR,ERR,ERR,ERR,ERR,0.0,2.7184303811560617e+23,-100794720.0,0.0,0.0,1.3936040501711995e+18,7.805,0.0,0,0,4,0,7116,0.0,100,0.0,0.0,0.0,0.0,0.0,0,0,0,0,0.0,0,0,0,0,0,0,0,0,0,0,0,0,0,0,0,0,0,0,0,0,0,0,0,0,0,0,0,0,0,0,0,0,0,31,40,40,71,65476,0,300,0,0,8,21553,0.0,-107605600.0,0.0,0.0,0.0,0.0,0.0,0.0,0.0,0.0,0.0,0.0,0.0,0.0,0.0,0.0,0.0,0.0,0.0,0.0,0.0,0.0,-2.004,-0.0,-2.004,-0.0,0.0,0.0,0.0,0.0,4469.0,3.697178656945629e+19,6924.0,0.0,2.7184303811560617e+23,0.0,2.718428940004181e+23,0.0,0.0,0.0,0.0,69,0.0,4.066845346649544e+29,0.0,0.0,0.0,0.0,0.0,0.0,0.0,0,0,0,0.0,0.0,0.0,0.0,0.0,0.0,0.0,0.0,0.0,0.0,0.0,0.0,0.0,0.0,0.0,0.0,0,-107875648.0,69,0.0,138,0.0,-0.0,0,13107,17087,13107,17104,26215,17084,0,0,0,70,68,100,-0.0,82.0,0.0,78.8,-0.0,79.0,1,49,50,180,39322,0,0,0,0.0,0.0,0.0,0.0,-0.0,67.0,0.0,162057.094,0.0,983,0,1014,0,0,0,956,0,1041,0,942,0,793,0,785,0,823,0,7520,0.032,2.5133688800429264e+20,0.0,0.0,784,16797,-0.0,162057.094,-114818.039,-0.0,0.133,6.909358625270745e+28,30.0,70.0,35,0.0,0.0,0.0,0.0,0.0,0.0,0.0,0.0,0.0,0.0,0.0,0.0,0.0,0.0,0.0,0.0,66.0,0,150,71,52,65476,0,300,0,0,8,20529,65476,0,0,44564,70.0,0.0,0.0,0.0,0.0,0.0
2026-09-10T21:08:30,ERR,ERR,ERR,ERR,ERR,ERR,ERR,ERR,ERR,ERR,ERR,ERR,ERR,ERR,ERR,ERR,ERR,ERR,ERR,ERR,ERR,ERR,ERR,ERR,ERR,ERR,ERR,ERR,ERR,ERR,ERR,ERR,ERR,ERR,ERR,ERR,ERR,ERR,ERR,ERR,ERR,ERR,ERR,ERR,ERR,ERR,ERR,ERR,ERR,ERR,ERR,ERR,ERR,ERR,ERR,ERR,ERR,ERR,ERR,ERR,ERR,ERR,ERR,ERR,ERR,ERR,ERR,ERR,ERR,ERR,ERR,ERR,ERR,ERR,ERR,ERR,ERR,ERR,ERR,ERR,ERR,ERR,ERR,ERR,ERR,ERR,ERR,ERR,ERR,ERR,ERR,ERR,ERR,ERR,ERR,ERR,ERR,ERR,ERR,ERR,ERR,ERR,ERR,ERR,ERR,ERR,ERR,ERR,ERR,ERR,ERR,ERR,ERR,ERR,ERR,ERR,ERR,ERR,ERR,ERR,ERR,ERR,ERR,ERR,ERR,0.0,2.7184303811560617e+23,-100794720.0,0.0,0.0,1.3936040501711995e+18,7.805,0.0,0,0,4,0,7116,0.0,100,0.0,0.0,0.0,0.0,0.0,0,0,0,0,0.0,0,0,0,0,0,0,0,0,0,0,0,0,0,0,0,0,0,0,0,0,0,0,0,0,0,0,0,0,0,0,0,0,0,31,40,40,71,65476,0,300,0,0,8,21553,0.0,-107605600.0,0.0,0.0,0.0,0.0,0.0,0.0,0.0,0.0,0.0,0.0,0.0,0.0,0.0,0.0,0.0,0.0,0.0,0.0,0.0,0.0,-2.004,-0.0,-2.004,-0.0,0.0,0.0,0.0,0.0,4469.0,3.697178656945629e+19,6924.0,0.0,2.7184303811560617e+23,0.0,2.718428940004181e+23,0.0,0.0,0.0,0.0,69,0.0,4.066845346649544e+29,0.0,0.0,0.0,0.0,0.0,0.0,0.0,0,0,0,0.0,0.0,0.0,0.0,0.0,0.0,0.0,0.0,0.0,0.0,0.0,0.0,0.0,0.0,0.0,0.0,0,-107875648.0,69,0.0,138,0.0,-0.0,0,13107,17087,13107,17104,26215,17084,0,0,0,70,68,100,-0.0,82.0,0.0,78.8,-0.0,79.0,1,49,50,180,39322,0,0,0,0.0,0.0,0.0,0.0,-0.0,67.0,0.0,162057.094,0.0,983,0,1014,0,0,0,956,0,1041,0,942,0,793,0,785,0,823,0,7520,0.032,2.5133688800429264e+20,0.0,0.0,784,16797,-0.0,162057.094,-114818.039,-0.0,0.133,6.909358625270745e+28,30.0,70.0,35,0.0,0.0,0.0,0.0,0.0,0.0,0.0,0.0,0.0,0.0,0.0,0.0,0.0,0.0,0.0,0.0,66.0,0,150,71,52,65476,0,300,0,0,8,20529,65476,0,0,44564,70.0,0.0,0.0,0.0,0.0,0.0
2026-09-10T21:08:31,ERR,ERR,ERR,ERR,ERR,ERR,ERR,ERR,ERR,ERR,ERR,ERR,ERR,ERR,ERR,ERR,ERR,ERR,ERR,ERR,ERR,ERR,ERR,ERR,ERR,ERR,ERR,ERR,ERR,ERR,ERR,ERR,ERR,ERR,ERR,ERR,ERR,ERR,ERR,ERR,ERR,ERR,ERR,ERR,ERR,ERR,ERR,ERR,ERR,ERR,ERR,ERR,ERR,ERR,ERR,ERR,ERR,ERR,ERR,ERR,ERR,ERR,ERR,ERR,ERR,ERR,ERR,ERR,ERR,ERR,ERR,ERR,ERR,ERR,ERR,ERR,ERR,ERR,ERR,ERR,ERR,ERR,ERR,ERR,ERR,ERR,ERR,ERR,ERR,ERR,ERR,ERR,ERR,ERR,ERR,ERR,ERR,ERR,ERR,ERR,ERR,ERR,ERR,ERR,ERR,ERR,ERR,ERR,ERR,ERR,ERR,ERR,ERR,ERR,ERR,ERR,ERR,ERR,ERR,ERR,ERR,ERR,ERR,ERR,ERR,0.0,2.7184303811560617e+23,-100794720.0,0.0,0.0,1.3936040501711995e+18,7.805,0.0,0,0,4,0,7116,0.0,100,0.0,0.0,0.0,0.0,0.0,0,0,0,0,0.0,0,0,0,0,0,0,0,0,0,0,0,0,0,0,0,0,0,0,0,0,0,0,0,0,0,0,0,0,0,0,0,0,0,31,40,40,71,65476,0,300,0,0,8,21553,0.0,-107605600.0,0.0,0.0,0.0,0.0,0.0,0.0,0.0,0.0,0.0,0.0,0.0,0.0,0.0,0.0,0.0,0.0,0.0,0.0,0.0,0.0,-2.004,-0.0,-2.004,-0.0,0.0,0.0,0.0,0.0,4469.0,3.697178656945629e+19,6924.0,0.0,2.7184303811560617e+23,0.0,2.718428940004181e+23,0.0,0.0,0.0,0.0,69,0.0,4.066845346649544e+29,0.0,0.0,0.0,0.0,0.0,0.0,0.0,0,0,0,0.0,0.0,0.0,0.0,0.0,0.0,0.0,0.0,0.0,0.0,0.0,0.0,0.0,0.0,0.0,0.0,0,-107875648.0,69,0.0,138,0.0,-0.0,0,13107,17087,13107,17104,26215,17084,0,0,0,70,68,100,-0.0,82.0,0.0,78.8,-0.0,79.0,1,49,50,180,39322,0,0,0,0.0,0.0,0.0,0.0,-0.0,67.0,0.0,162057.094,0.0,983,0,1014,0,0,0,956,0,1041,0,942,0,793,0,785,0,823,0,7520,0.032,2.5133688800429264e+20,0.0,0.0,784,16797,-0.0,162057.094,-114818.039,-0.0,0.133,6.909358625270745e+28,30.0,70.0,35,0.0,0.0,0.0,0.0,0.0,0.0,0.0,0.0,0.0,0.0,0.0,0.0,0.0,0.0,0.0,0.0,66.0,0,150,71,52,65476,0,300,0,0,8,20529,65476,0,0,44564,70.0,0.0,0.0,0.0,0.0,0.0
2026-09-10T21:08:32,ERR,ERR,ERR,ERR,ERR,ERR,ERR,ERR,ERR,ERR,ERR,ERR,ERR,ERR,ERR,ERR,ERR,ERR,ERR,ERR,ERR,ERR,ERR,ERR,ERR,ERR,ERR,ERR,ERR,ERR,ERR,ERR,ERR,ERR,ERR,ERR,ERR,ERR,ERR,ERR,ERR,ERR,ERR,ERR,ERR,ERR,ERR,ERR,ERR,ERR,ERR,ERR,ERR,ERR,ERR,ERR,ERR,ERR,ERR,ERR,ERR,ERR,ERR,ERR,ERR,ERR,ERR,ERR,ERR,ERR,ERR,ERR,ERR,ERR,ERR,ERR,ERR,ERR,ERR,ERR,ERR,ERR,ERR,ERR,ERR,ERR,ERR,ERR,ERR,ERR,ERR,ERR,ERR,ERR,ERR,ERR,ERR,ERR,ERR,ERR,ERR,ERR,ERR,ERR,ERR,ERR,ERR,ERR,ERR,ERR,ERR,ERR,ERR,ERR,ERR,ERR,ERR,ERR,ERR,ERR,ERR,ERR,ERR,ERR,ERR,0.0,2.7184303811560617e+23,-100794720.0,0.0,0.0,1.3936040501711995e+18,7.805,0.0,0,0,4,0,7116,0.0,100,0.0,0.0,0.0,0.0,0.0,0,0,0,0,0.0,0,0,0,0,0,0,0,0,0,0,0,0,0,0,0,0,0,0,0,0,0,0,0,0,0,0,0,0,0,0,0,0,0,31,40,40,71,65476,0,300,0,0,8,21553,0.0,-107605600.0,0.0,0.0,0.0,0.0,0.0,0.0,0.0,0.0,0.0,0.0,0.0,0.0,0.0,0.0,0.0,0.0,0.0,0.0,0.0,0.0,-2.004,-0.0,-2.004,-0.0,0.0,0.0,0.0,0.0,4469.0,3.697178656945629e+19,6924.0,0.0,2.7184303811560617e+23,0.0,2.718428940004181e+23,0.0,0.0,0.0,0.0,69,0.0,4.066845346649544e+29,0.0,0.0,0.0,0.0,0.0,0.0,0.0,0,0,0,0.0,0.0,0.0,0.0,0.0,0.0,0.0,0.0,0.0,0.0,0.0,0.0,0.0,0.0,0.0,0.0,0,-107875648.0,69,0.0,138,0.0,-0.0,0,13107,17087,13107,17104,26215,17084,0,0,0,70,68,100,-0.0,82.0,0.0,78.8,-0.0,79.0,1,49,50,180,39322,0,0,0,0.0,0.0,0.0,0.0,-0.0,67.0,0.0,162057.094,0.0,983,0,1014,0,0,0,956,0,1041,0,942,0,793,0,785,0,823,0,7520,0.032,2.5133688800429264e+20,0.0,0.0,784,16797,-0.0,162057.094,-114818.039,-0.0,0.133,6.909358625270745e+28,30.0,70.0,35,0.0,0.0,0.0,0.0,0.0,0.0,0.0,0.0,0.0,0.0,0.0,0.0,0.0,0.0,0.0,0.0,66.0,0,150,71,52,65476,0,300,0,0,8,20529,65476,0,0,44564,70.0,0.0,0.0,0.0,0.0,0.0
2026-09-10T21:08:33,ERR,ERR,ERR,ERR,ERR,ERR,ERR,ERR,ERR,ERR,ERR,ERR,ERR,ERR,ERR,ERR,ERR,ERR,ERR,ERR,ERR,ERR,ERR,ERR,ERR,ERR,ERR,ERR,ERR,ERR,ERR,ERR,ERR,ERR,ERR,ERR,ERR,ERR,ERR,ERR,ERR,ERR,ERR,ERR,ERR,ERR,ERR,ERR,ERR,ERR,ERR,ERR,ERR,ERR,ERR,ERR,ERR,ERR,ERR,ERR,ERR,ERR,ERR,ERR,ERR,ERR,ERR,ERR,ERR,ERR,ERR,ERR,ERR,ERR,ERR,ERR,ERR,ERR,ERR,ERR,ERR,ERR,ERR,ERR,ERR,ERR,ERR,ERR,ERR,ERR,ERR,ERR,ERR,ERR,ERR,ERR,ERR,ERR,ERR,ERR,ERR,ERR,ERR,ERR,ERR,ERR,ERR,ERR,ERR,ERR,ERR,ERR,ERR,ERR,ERR,ERR,ERR,ERR,ERR,ERR,ERR,ERR,ERR,ERR,ERR,0.0,2.7184303811560617e+23,-100794720.0,0.0,0.0,1.3936040501711995e+18,7.805,0.0,0,0,4,0,7116,0.0,100,0.0,0.0,0.0,0.0,0.0,0,0,0,0,0.0,0,0,0,0,0,0,0,0,0,0,0,0,0,0,0,0,0,0,0,0,0,0,0,0,0,0,0,0,0,0,0,0,0,31,40,40,71,65476,0,300,0,0,8,21553,0.0,-107605600.0,0.0,0.0,0.0,0.0,0.0,0.0,0.0,0.0,0.0,0.0,0.0,0.0,0.0,0.0,0.0,0.0,0.0,0.0,0.0,0.0,-2.004,-0.0,-2.004,-0.0,0.0,0.0,0.0,0.0,4469.0,3.697178656945629e+19,6924.0,0.0,2.7184303811560617e+23,0.0,2.718428940004181e+23,0.0,0.0,0.0,0.0,69,0.0,4.066845346649544e+29,0.0,0.0,0.0,0.0,0.0,0.0,0.0,0,0,0,0.0,0.0,0.0,0.0,0.0,0.0,0.0,0.0,0.0,0.0,0.0,0.0,0.0,0.0,0.0,0.0,0,-107875648.0,69,0.0,138,0.0,-0.0,0,13107,17087,13107,17104,26215,17084,0,0,0,70,68,100,-0.0,82.0,0.0,78.8,-0.0,79.0,1,49,50,180,39322,0,0,0,0.0,0.0,0.0,0.0,-0.0,67.0,0.0,162057.094,0.0,983,0,1015,0,0,0,956,0,1041,0,941,0,793,0,785,0,823,0,7520,0.032,2.524898095088995e+20,0.0,0.0,784,16797,-0.0,162057.094,-114818.039,-0.0,0.133,6.909358625270745e+28,30.0,70.0,35,0.0,0.0,0.0,0.0,0.0,0.0,0.0,0.0,0.0,0.0,0.0,0.0,0.0,0.0,0.0,0.0,66.0,0,150,71,52,65476,0,300,0,0,8,20529,65476,0,0,44564,70.0,0.0,0.0,0.0,0.0,0.0
2026-09-10T21:08:34,ERR,ERR,ERR,ERR,ERR,ERR,ERR,ERR,ERR,ERR,ERR,ERR,ERR,ERR,ERR,ERR,ERR,ERR,ERR,ERR,ERR,ERR,ERR,ERR,ERR,ERR,ERR,ERR,ERR,ERR,ERR,ERR,ERR,ERR,ERR,ERR,ERR,ERR,ERR,ERR,ERR,ERR,ERR,ERR,ERR,ERR,ERR,ERR,ERR,ERR,ERR,ERR,ERR,ERR,ERR,ERR,ERR,ERR,ERR,ERR,ERR,ERR,ERR,ERR,ERR,ERR,ERR,ERR,ERR,ERR,ERR,ERR,ERR,ERR,ERR,ERR,ERR,ERR,ERR,ERR,ERR,ERR,ERR,ERR,ERR,ERR,ERR,ERR,ERR,ERR,ERR,ERR,ERR,ERR,ERR,ERR,ERR,ERR,ERR,ERR,ERR,ERR,ERR,ERR,ERR,ERR,ERR,ERR,ERR,ERR,ERR,ERR,ERR,ERR,ERR,ERR,ERR,ERR,ERR,ERR,ERR,ERR,ERR,ERR,ERR,0.0,2.7184303811560617e+23,-100794720.0,0.0,0.0,1.3936040501711995e+18,7.805,0.0,0,0,4,0,7116,0.0,100,0.0,0.0,0.0,0.0,0.0,0,0,0,0,0.0,0,0,0,0,0,0,0,0,0,0,0,0,0,0,0,0,0,0,0,0,0,0,0,0,0,0,0,0,0,0,0,0,0,31,40,40,71,65476,0,300,0,0,8,21553,0.0,-107605600.0,0.0,0.0,0.0,0.0,0.0,0.0,0.0,0.0,0.0,0.0,0.0,0.0,0.0,0.0,0.0,0.0,0.0,0.0,0.0,0.0,-2.004,-0.0,-2.004,-0.0,0.0,0.0,0.0,0.0,4470.0,2.4229830046158873e+24,6925.0,0.0,2.7184303811560617e+23,2.718425337124479e+23,2.718428940004181e+23,0.0,0.0,0.0,0.0,69,-5.8480849975795215e+35,4.066845346649544e+29,0.0,0.0,0.0,0.0,0.0,0.0,0.0,0,0,0,0.0,0.0,0.0,0.0,0.0,0.0,0.0,0.0,0.0,0.0,0.0,0.0,0.0,0.0,0.0,0.0,0,-107875648.0,69,0.0,138,0.0,-0.0,0,13107,17087,13107,17104,26215,17084,0,0,0,70,68,100,-0.0,82.0,0.0,78.8,-0.0,79.0,1,49,50,180,39322,0,0,0,0.0,0.0,0.0,0.0,-0.0,67.0,0.0,162057.094,0.0,983,0,1015,0,0,0,956,0,1041,0,941,0,793,0,785,0,823,0,7520,0.032,2.524898095088995e+20,0.0,0.0,784,16797,-0.0,162057.094,-114818.039,-0.0,0.133,6.909358625270745e+28,30.0,70.0,35,0.0,0.0,0.0,0.0,0.0,0.0,0.0,0.0,0.0,0.0,0.0,0.0,0.0,0.0,0.0,0.0,66.0,0,150,71,52,65476,0,300,0,0,8,20529,65476,0,0,44564,70.0,0.0,0.0,0.0,0.0,0.0
2026-09-10T21:08:35,ERR,ERR,ERR,ERR,ERR,ERR,ERR,ERR,ERR,ERR,ERR,ERR,ERR,ERR,ERR,ERR,ERR,ERR,ERR,ERR,ERR,ERR,ERR,ERR,ERR,ERR,ERR,ERR,ERR,ERR,ERR,ERR,ERR,ERR,ERR,ERR,ERR,ERR,ERR,ERR,ERR,ERR,ERR,ERR,ERR,ERR,ERR,ERR,ERR,ERR,ERR,ERR,ERR,ERR,ERR,ERR,ERR,ERR,ERR,ERR,ERR,ERR,ERR,ERR,ERR,ERR,ERR,ERR,ERR,ERR,ERR,ERR,ERR,ERR,ERR,ERR,ERR,ERR,ERR,ERR,ERR,ERR,ERR,ERR,ERR,ERR,ERR,ERR,ERR,ERR,ERR,ERR,ERR,ERR,ERR,ERR,ERR,ERR,ERR,ERR,ERR,ERR,ERR,ERR,ERR,ERR,ERR,ERR,ERR,ERR,ERR,ERR,ERR,ERR,ERR,ERR,ERR,ERR,ERR,ERR,ERR,ERR,ERR,ERR,ERR,0.0,2.7184303811560617e+23,-100794720.0,0.0,0.0,1.3936040501711995e+18,7.805,0.0,0,0,4,0,7116,0.0,100,0.0,0.0,0.0,0.0,0.0,0,0,0,0,0.0,0,0,0,0,0,0,0,0,0,0,0,0,0,0,0,0,0,0,0,0,0,0,0,0,0,0,0,0,0,0,0,0,0,31,40,40,71,65476,0,300,0,0,8,21553,0.0,-107605600.0,0.0,0.0,0.0,0.0,0.0,0.0,0.0,0.0,0.0,0.0,0.0,0.0,0.0,0.0,0.0,0.0,0.0,0.0,0.0,0.0,-2.004,-0.0,-2.004,-0.0,0.0,0.0,0.0,0.0,4470.0,2.4229830046158873e+24,6925.0,0.0,2.7184303811560617e+23,2.718425337124479e+23,2.718428940004181e+23,0.0,0.0,0.0,0.0,69,-5.8480849975795215e+35,4.066845346649544e+29,0.0,0.0,0.0,0.0,0.0,0.0,0.0,0,0,0,0.0,0.0,0.0,0.0,0.0,0.0,0.0,0.0,0.0,0.0,0.0,0.0,0.0,0.0,0.0,0.0,0,-107875648.0,69,0.0,138,0.0,-0.0,0,13107,17087,13107,17104,26215,17084,0,0,0,70,68,100,-0.0,82.0,0.0,78.8,-0.0,79.0,1,49,50,180,39322,0,0,0,0.0,0.0,0.0,0.0,-0.0,67.0,0.0,162057.094,0.0,983,0,1015,0,0,0,956,0,1041,0,941,0,793,0,785,0,823,0,7520,0.032,2.524898095088995e+20,0.0,0.0,784,16797,-0.0,162057.094,-114818.039,-0.0,0.133,6.909358625270745e+28,30.0,70.0,35,0.0,0.0,0.0,0.0,0.0,0.0,0.0,0.0,0.0,0.0,0.0,0.0,0.0,0.0,0.0,0.0,66.0,0,150,71,52,65476,0,300,0,0,8,20529,65476,0,0,44564,70.0,0.0,0.0,0.0,0.0,0.0
2026-09-10T21:08:36,ERR,ERR,ERR,ERR,ERR,ERR,ERR,ERR,ERR,ERR,ERR,ERR,ERR,ERR,ERR,ERR,ERR,ERR,ERR,ERR,ERR,ERR,ERR,ERR,ERR,ERR,ERR,ERR,ERR,ERR,ERR,ERR,ERR,ERR,ERR,ERR,ERR,ERR,ERR,ERR,ERR,ERR,ERR,ERR,ERR,ERR,ERR,ERR,ERR,ERR,ERR,ERR,ERR,ERR,ERR,ERR,ERR,ERR,ERR,ERR,ERR,ERR,ERR,ERR,ERR,ERR,ERR,ERR,ERR,ERR,ERR,ERR,ERR,ERR,ERR,ERR,ERR,ERR,ERR,ERR,ERR,ERR,ERR,ERR,ERR,ERR,ERR,ERR,ERR,ERR,ERR,ERR,ERR,ERR,ERR,ERR,ERR,ERR,ERR,ERR,ERR,ERR,ERR,ERR,ERR,ERR,ERR,ERR,ERR,ERR,ERR,ERR,ERR,ERR,ERR,ERR,ERR,ERR,ERR,ERR,ERR,ERR,ERR,ERR,ERR,0.0,2.7184303811560617e+23,-100794720.0,0.0,0.0,1.3936040501711995e+18,7.805,0.0,0,0,4,0,7116,0.0,100,0.0,0.0,0.0,0.0,0.0,0,0,0,0,0.0,0,0,0,0,0,0,0,0,0,0,0,0,0,0,0,0,0,0,0,0,0,0,0,0,0,0,0,0,0,0,0,0,0,31,40,40,71,65476,0,300,0,0,8,21553,0.0,-107605600.0,0.0,0.0,0.0,0.0,0.0,0.0,0.0,0.0,0.0,0.0,0.0,0.0,0.0,0.0,0.0,0.0,0.0,0.0,0.0,0.0,-2.004,-0.0,-2.004,-0.0,0.0,0.0,0.0,0.0,4470.0,2.4229830046158873e+24,6925.0,0.0,2.7184303811560617e+23,2.718425337124479e+23,2.718428940004181e+23,0.0,0.0,0.0,0.0,69,-5.8480849975795215e+35,4.066845346649544e+29,0.0,0.0,0.0,0.0,0.0,0.0,0.0,0,0,0,0.0,0.0,0.0,0.0,0.0,0.0,0.0,0.0,0.0,0.0,0.0,0.0,0.0,0.0,0.0,0.0,0,-107875648.0,69,0.0,138,0.0,-0.0,0,13107,17087,13107,17104,26215,17084,0,0,0,70,68,100,-0.0,82.0,0.0,78.8,-0.0,79.0,1,49,50,180,39322,0,0,0,0.0,0.0,0.0,0.0,-0.0,67.0,0.0,162057.094,0.0,983,0,1015,0,0,0,956,0,1041,0,941,0,793,0,785,0,823,0,7520,0.032,2.524898095088995e+20,0.0,0.0,784,16797,-0.0,162057.094,-114818.039,-0.0,0.133,6.909358625270745e+28,30.0,70.0,35,0.0,0.0,0.0,0.0,0.0,0.0,0.0,0.0,0.0,0.0,0.0,0.0,0.0,0.0,0.0,0.0,66.0,0,150,71,52,65476,0,300,0,0,8,20529,65476,0,0,44564,70.0,0.0,0.0,0.0,0.0,0.0
2026-09-10T21:08:37,ERR,ERR,ERR,ERR,ERR,ERR,ERR,ERR,ERR,ERR,ERR,ERR,ERR,ERR,ERR,ERR,ERR,ERR,ERR,ERR,ERR,ERR,ERR,ERR,ERR,ERR,ERR,ERR,ERR,ERR,ERR,ERR,ERR,ERR,ERR,ERR,ERR,ERR,ERR,ERR,ERR,ERR,ERR,ERR,ERR,ERR,ERR,ERR,ERR,ERR,ERR,ERR,ERR,ERR,ERR,ERR,ERR,ERR,ERR,ERR,ERR,ERR,ERR,ERR,ERR,ERR,ERR,ERR,ERR,ERR,ERR,ERR,ERR,ERR,ERR,ERR,ERR,ERR,ERR,ERR,ERR,ERR,ERR,ERR,ERR,ERR,ERR,ERR,ERR,ERR,ERR,ERR,ERR,ERR,ERR,ERR,ERR,ERR,ERR,ERR,ERR,ERR,ERR,ERR,ERR,ERR,ERR,ERR,ERR,ERR,ERR,ERR,ERR,ERR,ERR,ERR,ERR,ERR,ERR,ERR,ERR,ERR,ERR,ERR,ERR,0.0,2.7184303811560617e+23,-100794720.0,0.0,0.0,1.3936040501711995e+18,7.805,0.0,0,0,4,0,7116,0.0,100,0.0,0.0,0.0,0.0,0.0,0,0,0,0,0.0,0,0,0,0,0,0,0,0,0,0,0,0,0,0,0,0,0,0,0,0,0,0,0,0,0,0,0,0,0,0,0,0,0,31,40,40,71,65476,0,300,0,0,8,21553,0.0,-107605600.0,0.0,0.0,0.0,0.0,0.0,0.0,0.0,0.0,0.0,0.0,0.0,0.0,0.0,0.0,0.0,0.0,0.0,0.0,0.0,0.0,-2.004,-0.0,-2.004,-0.0,0.0,0.0,0.0,0.0,4470.0,2.4229830046158873e+24,6925.0,0.0,2.7184303811560617e+23,2.718425337124479e+23,2.718428940004181e+23,0.0,0.0,0.0,0.0,69,-5.8480849975795215e+35,4.066845346649544e+29,0.0,0.0,0.0,0.0,0.0,0.0,0.0,0,0,0,0.0,0.0,0.0,0.0,0.0,0.0,0.0,0.0,0.0,0.0,0.0,0.0,0.0,0.0,0.0,0.0,0,-107875648.0,69,0.0,138,0.0,-0.0,0,13107,17087,13107,17104,26215,17084,0,0,0,70,68,100,-0.0,82.0,0.0,78.8,-0.0,79.0,1,49,50,180,39322,52429,0,0,0.0,0.0,0.0,0.0,-0.0,67.0,0.0,162057.094,0.0,983,0,1014,0,0,0,956,0,1041,0,942,0,793,0,785,0,823,0,7520,0.032,2.524898095088995e+20,0.0,0.0,784,16797,-0.0,162057.094,-114818.039,-0.0,0.133,6.909358625270745e+28,30.0,70.0,35,0.0,0.0,0.0,0.0,0.0,0.0,0.0,0.0,0.0,0.0,0.0,0.0,0.0,0.0,0.0,0.0,66.0,0,150,71,52,65476,0,300,0,0,8,20529,65476,0,0,44564,70.0,0.0,0.0,0.0,0.0,0.0
2026-09-10T21:08:38,ERR,ERR,ERR,ERR,ERR,ERR,ERR,ERR,ERR,ERR,ERR,ERR,ERR,ERR,ERR,ERR,ERR,ERR,ERR,ERR,ERR,ERR,ERR,ERR,ERR,ERR,ERR,ERR,ERR,ERR,ERR,ERR,ERR,ERR,ERR,ERR,ERR,ERR,ERR,ERR,ERR,ERR,ERR,ERR,ERR,ERR,ERR,ERR,ERR,ERR,ERR,ERR,ERR,ERR,ERR,ERR,ERR,ERR,ERR,ERR,ERR,ERR,ERR,ERR,ERR,ERR,ERR,ERR,ERR,ERR,ERR,ERR,ERR,ERR,ERR,ERR,ERR,ERR,ERR,ERR,ERR,ERR,ERR,ERR,ERR,ERR,ERR,ERR,ERR,ERR,ERR,ERR,ERR,ERR,ERR,ERR,ERR,ERR,ERR,ERR,ERR,ERR,ERR,ERR,ERR,ERR,ERR,ERR,ERR,ERR,ERR,ERR,ERR,ERR,ERR,ERR,ERR,ERR,ERR,ERR,ERR,ERR,ERR,ERR,ERR,0.0,2.7184303811560617e+23,-100794720.0,0.0,0.0,1.3936040501711995e+18,7.805,0.0,0,0,4,0,7116,0.0,100,0.0,0.0,0.0,0.0,0.0,0,0,0,0,0.0,0,0,0,0,0,0,0,0,0,0,0,0,0,0,0,0,0,0,0,0,0,0,0,0,0,0,0,0,0,0,0,0,0,31,40,40,71,65476,0,300,0,0,8,21553,0.0,-107605600.0,0.0,0.0,0.0,0.0,0.0,0.0,0.0,0.0,0.0,0.0,0.0,0.0,0.0,0.0,0.0,0.0,0.0,0.0,0.0,0.0,-2.004,-0.0,-2.004,-0.0,0.0,0.0,0.0,0.0,4470.0,2.4229830046158873e+24,6925.0,0.0,2.7184303811560617e+23,2.718425337124479e+23,2.718428940004181e+23,0.0,0.0,0.0,0.0,69,-5.8480849975795215e+35,4.066845346649544e+29,0.0,0.0,0.0,0.0,0.0,0.0,0.0,0,0,0,0.0,0.0,0.0,0.0,0.0,0.0,0.0,0.0,0.0,0.0,0.0,0.0,0.0,0.0,0.0,0.0,0,-107875648.0,69,0.0,138,0.0,-0.0,0,13107,17087,13107,17104,26215,17084,0,0,0,70,68,100,-0.0,82.0,0.0,78.8,-0.0,79.0,1,49,50,180,39322,52429,0,0,0.0,0.0,0.0,0.0,-0.0,67.0,0.0,162057.094,0.0,983,0,1014,0,0,0,956,0,1041,0,942,0,793,0,785,0,823,0,7520,0.032,2.524898095088995e+20,0.0,0.0,784,16797,-0.0,162057.094,-114818.039,-0.0,0.133,6.909358625270745e+28,30.0,70.0,35,0.0,0.0,0.0,0.0,0.0,0.0,0.0,0.0,0.0,0.0,0.0,0.0,0.0,0.0,0.0,0.0,66.0,0,150,71,52,65476,0,300,0,0,8,20529,65476,0,0,44564,70.0,0.0,0.0,0.0,0.0,0.0
2026-09-10T21:08:39,ERR,ERR,ERR,ERR,ERR,ERR,ERR,ERR,ERR,ERR,ERR,ERR,ERR,ERR,ERR,ERR,ERR,ERR,ERR,ERR,ERR,ERR,ERR,ERR,ERR,ERR,ERR,ERR,ERR,ERR,ERR,ERR,ERR,ERR,ERR,ERR,ERR,ERR,ERR,ERR,ERR,ERR,ERR,ERR,ERR,ERR,ERR,ERR,ERR,ERR,ERR,ERR,ERR,ERR,ERR,ERR,ERR,ERR,ERR,ERR,ERR,ERR,ERR,ERR,ERR,ERR,ERR,ERR,ERR,ERR,ERR,ERR,ERR,ERR,ERR,ERR,ERR,ERR,ERR,ERR,ERR,ERR,ERR,ERR,ERR,ERR,ERR,ERR,ERR,ERR,ERR,ERR,ERR,ERR,ERR,ERR,ERR,ERR,ERR,ERR,ERR,ERR,ERR,ERR,ERR,ERR,ERR,ERR,ERR,ERR,ERR,ERR,ERR,ERR,ERR,ERR,ERR,ERR,ERR,ERR,ERR,ERR,ERR,ERR,ERR,0.0,2.7184303811560617e+23,-100794720.0,0.0,0.0,1.3936040501711995e+18,7.805,0.0,0,0,4,0,7116,0.0,100,0.0,0.0,0.0,0.0,0.0,0,0,0,0,0.0,0,0,0,0,0,0,0,0,0,0,0,0,0,0,0,0,0,0,0,0,0,0,0,0,0,0,0,0,0,0,0,0,0,31,40,40,71,65476,0,300,0,0,8,21553,0.0,-107605600.0,0.0,0.0,0.0,0.0,0.0,0.0,0.0,0.0,0.0,0.0,0.0,0.0,0.0,0.0,0.0,0.0,0.0,0.0,0.0,0.0,-2.004,-0.0,-2.004,-0.0,0.0,0.0,0.0,0.0,4470.0,2.4229830046158873e+24,6925.0,0.0,2.7184303811560617e+23,2.718425337124479e+23,2.718428940004181e+23,0.0,0.0,0.0,0.0,69,-5.8480849975795215e+35,4.066845346649544e+29,0.0,0.0,0.0,0.0,0.0,0.0,0.0,0,0,0,0.0,0.0,0.0,0.0,0.0,0.0,0.0,0.0,0.0,0.0,0.0,0.0,0.0,0.0,0.0,0.0,0,-107875648.0,69,0.0,138,0.0,-0.0,0,13107,17087,13107,17104,26215,17084,0,0,0,70,68,100,-0.0,82.0,0.0,78.8,-0.0,79.0,1,49,50,180,39322,52429,0,0,0.0,0.0,0.0,0.0,-0.0,67.0,0.0,162057.094,0.0,983,0,1014,0,0,0,956,0,1041,0,942,0,793,0,785,0,823,0,7520,0.032,2.524898095088995e+20,0.0,0.0,784,16797,-0.0,162057.094,-114818.039,-0.0,0.133,6.909358625270745e+28,30.0,70.0,35,0.0,0.0,0.0,0.0,0.0,0.0,0.0,0.0,0.0,0.0,0.0,0.0,0.0,0.0,0.0,0.0,66.0,0,150,71,52,65476,0,300,0,0,8,20529,65476,0,0,44564,70.0,0.0,0.0,0.0,0.0,0.0
2026-09-10T21:08:40,ERR,ERR,ERR,ERR,ERR,ERR,ERR,ERR,ERR,ERR,ERR,ERR,ERR,ERR,ERR,ERR,ERR,ERR,ERR,ERR,ERR,ERR,ERR,ERR,ERR,ERR,ERR,ERR,ERR,ERR,ERR,ERR,ERR,ERR,ERR,ERR,ERR,ERR,ERR,ERR,ERR,ERR,ERR,ERR,ERR,ERR,ERR,ERR,ERR,ERR,ERR,ERR,ERR,ERR,ERR,ERR,ERR,ERR,ERR,ERR,ERR,ERR,ERR,ERR,ERR,ERR,ERR,ERR,ERR,ERR,ERR,ERR,ERR,ERR,ERR,ERR,ERR,ERR,ERR,ERR,ERR,ERR,ERR,ERR,ERR,ERR,ERR,ERR,ERR,ERR,ERR,ERR,ERR,ERR,ERR,ERR,ERR,ERR,ERR,ERR,ERR,ERR,ERR,ERR,ERR,ERR,ERR,ERR,ERR,ERR,ERR,ERR,ERR,ERR,ERR,ERR,ERR,ERR,ERR,ERR,ERR,ERR,ERR,ERR,ERR,0.0,2.7184303811560617e+23,-100794720.0,0.0,0.0,1.3936040501711995e+18,7.805,0.0,0,0,4,0,7116,0.0,100,0.0,0.0,0.0,0.0,0.0,0,0,0,0,0.0,0,0,0,0,0,0,0,0,0,0,0,0,0,0,0,0,0,0,0,0,0,0,0,0,0,0,0,0,0,0,0,0,0,31,40,40,71,65476,0,300,0,0,8,21553,0.0,-107605600.0,0.0,0.0,0.0,0.0,0.0,0.0,0.0,0.0,0.0,0.0,0.0,0.0,0.0,0.0,0.0,0.0,0.0,0.0,0.0,0.0,-2.004,-0.0,-2.004,-0.0,0.0,0.0,0.0,0.0,4470.0,2.4229830046158873e+24,6925.0,0.0,2.7184303811560617e+23,2.718425337124479e+23,2.718428940004181e+23,0.0,0.0,0.0,0.0,69,-5.8480849975795215e+35,4.066845346649544e+29,0.0,0.0,0.0,0.0,0.0,0.0,0.0,0,0,0,0.0,0.0,0.0,0.0,0.0,0.0,0.0,0.0,0.0,0.0,0.0,0.0,0.0,0.0,0.0,0.0,0,-107875648.0,69,0.0,138,0.0,-0.0,0,13107,17087,13107,17104,26215,17084,0,0,0,70,68,100,-0.0,82.0,0.0,78.8,-0.0,79.0,1,49,50,180,39322,52429,0,0,0.0,0.0,0.0,0.0,-0.0,67.0,0.0,162057.094,0.0,983,0,1014,0,0,0,956,0,1041,0,942,0,793,0,785,0,823,0,7520,0.032,2.524898095088995e+20,0.0,0.0,784,16797,-0.0,162057.094,-114818.039,-0.0,0.133,6.909358625270745e+28,30.0,70.0,35,0.0,0.0,0.0,0.0,0.0,0.0,0.0,0.0,0.0,0.0,0.0,0.0,0.0,0.0,0.0,0.0,66.0,0,150,71,52,65476,0,300,0,0,8,20529,65476,0,0,44564,70.0,0.0,0.0,0.0,0.0,0.0
2026-09-10T21:08:41,ERR,ERR,ERR,ERR,ERR,ERR,ERR,ERR,ERR,ERR,ERR,ERR,ERR,ERR,ERR,ERR,ERR,ERR,ERR,ERR,ERR,ERR,ERR,ERR,ERR,ERR,ERR,ERR,ERR,ERR,ERR,ERR,ERR,ERR,ERR,ERR,ERR,ERR,ERR,ERR,ERR,ERR,ERR,ERR,ERR,ERR,ERR,ERR,ERR,ERR,ERR,ERR,ERR,ERR,ERR,ERR,ERR,ERR,ERR,ERR,ERR,ERR,ERR,ERR,ERR,ERR,ERR,ERR,ERR,ERR,ERR,ERR,ERR,ERR,ERR,ERR,ERR,ERR,ERR,ERR,ERR,ERR,ERR,ERR,ERR,ERR,ERR,ERR,ERR,ERR,ERR,ERR,ERR,ERR,ERR,ERR,ERR,ERR,ERR,ERR,ERR,ERR,ERR,ERR,ERR,ERR,ERR,ERR,ERR,ERR,ERR,ERR,ERR,ERR,ERR,ERR,ERR,ERR,ERR,ERR,ERR,ERR,ERR,ERR,ERR,0.0,2.7184303811560617e+23,-100794720.0,0.0,0.0,1.3936040501711995e+18,7.805,0.0,0,0,4,0,7116,0.0,100,0.0,0.0,0.0,0.0,0.0,0,0,0,0,0.0,0,0,0,0,0,0,0,0,0,0,0,0,0,0,0,0,0,0,0,0,0,0,0,0,0,0,0,0,0,0,0,0,0,31,40,40,71,65476,0,300,0,0,8,21553,0.0,-107605600.0,0.0,0.0,0.0,0.0,0.0,0.0,0.0,0.0,0.0,0.0,0.0,0.0,0.0,0.0,0.0,0.0,0.0,0.0,0.0,0.0,-2.004,-0.0,-2.004,-0.0,0.0,0.0,0.0,0.0,4473.0,564144692527104.0,6923.0,0.0,2.7184303811560617e+23,2.718425337124479e+23,2.718428940004181e+23,0.0,0.0,0.0,0.0,69,0.0,1.9056821431959552e+17,0.0,0.0,0.0,0.0,0.0,0.0,0.0,0,0,0,0.0,0.0,0.0,0.0,0.0,0.0,0.0,0.0,0.0,0.0,0.0,0.0,0.0,0.0,0.0,0.0,0,-107875648.0,69,0.0,138,0.0,-0.0,0,13107,17087,13107,17104,26215,17084,0,0,0,70,68,100,-0.0,82.0,0.0,78.8,-0.0,79.0,1,49,50,180,39322,52429,0,0,0.0,0.0,0.0,0.0,-0.0,67.0,0.0,162057.094,0.0,983,0,1014,0,0,0,956,0,1041,0,942,0,793,0,785,0,823,0,7520,0.032,2.524898095088995e+20,0.0,0.0,784,16797,-0.0,162057.094,-114818.039,-0.0,0.133,6.909358625270745e+28,30.0,70.0,35,0.0,0.0,0.0,0.0,0.0,0.0,0.0,0.0,0.0,0.0,0.0,0.0,0.0,0.0,0.0,0.0,66.0,0,150,71,52,65476,0,300,0,0,8,20529,65476,0,0,44564,70.0,0.0,0.0,0.0,0.0,0.0
2026-09-10T21:08:42,ERR,ERR,ERR,ERR,ERR,ERR,ERR,ERR,ERR,ERR,ERR,ERR,ERR,ERR,ERR,ERR,ERR,ERR,ERR,ERR,ERR,ERR,ERR,ERR,ERR,ERR,ERR,ERR,ERR,ERR,ERR,ERR,ERR,ERR,ERR,ERR,ERR,ERR,ERR,ERR,ERR,ERR,ERR,ERR,ERR,ERR,ERR,ERR,ERR,ERR,ERR,ERR,ERR,ERR,ERR,ERR,ERR,ERR,ERR,ERR,ERR,ERR,ERR,ERR,ERR,ERR,ERR,ERR,ERR,ERR,ERR,ERR,ERR,ERR,ERR,ERR,ERR,ERR,ERR,ERR,ERR,ERR,ERR,ERR,ERR,ERR,ERR,ERR,ERR,ERR,ERR,ERR,ERR,ERR,ERR,ERR,ERR,ERR,ERR,ERR,ERR,ERR,ERR,ERR,ERR,ERR,ERR,ERR,ERR,ERR,ERR,ERR,ERR,ERR,ERR,ERR,ERR,ERR,ERR,ERR,ERR,ERR,ERR,ERR,ERR,0.0,2.7184303811560617e+23,-100794720.0,0.0,0.0,1.3936040501711995e+18,7.805,0.0,0,0,4,0,7116,0.0,100,0.0,0.0,0.0,0.0,0.0,0,0,0,0,0.0,0,0,0,0,0,0,0,0,0,0,0,0,0,0,0,0,0,0,0,0,0,0,0,0,0,0,0,0,0,0,0,0,0,31,40,40,71,65476,0,300,0,0,8,21553,0.0,-107605600.0,0.0,0.0,0.0,0.0,0.0,0.0,0.0,0.0,0.0,0.0,0.0,0.0,0.0,0.0,0.0,0.0,0.0,0.0,0.0,0.0,-2.004,-0.0,-2.004,-0.0,0.0,0.0,0.0,0.0,4473.0,564144692527104.0,6923.0,0.0,2.7184303811560617e+23,2.718425337124479e+23,2.718428940004181e+23,0.0,0.0,0.0,0.0,69,0.0,1.9056821431959552e+17,0.0,0.0,0.0,0.0,0.0,0.0,0.0,0,0,0,0.0,0.0,0.0,0.0,0.0,0.0,0.0,0.0,0.0,0.0,0.0,0.0,0.0,0.0,0.0,0.0,0,-107875648.0,69,0.0,138,0.0,-0.0,0,13107,17087,13107,17104,26215,17084,0,0,0,70,68,100,-0.0,82.0,0.0,78.8,-0.0,79.0,1,49,50,180,39322,52429,0,0,0.0,0.0,0.0,0.0,-0.0,67.0,0.0,162057.094,0.0,983,0,1014,0,0,0,956,0,1041,0,942,0,793,0,785,0,823,0,7520,0.032,2.524898095088995e+20,0.0,0.0,784,16797,-0.0,162057.094,-114818.039,-0.0,0.133,6.909358625270745e+28,30.0,70.0,35,0.0,0.0,0.0,0.0,0.0,0.0,0.0,0.0,0.0,0.0,0.0,0.0,0.0,0.0,0.0,0.0,66.0,0,150,71,52,65476,0,300,0,0,8,20529,65476,0,0,44564,70.0,0.0,0.0,0.0,0.0,0.0
2026-09-10T21:08:43,ERR,ERR,ERR,ERR,ERR,ERR,ERR,ERR,ERR,ERR,ERR,ERR,ERR,ERR,ERR,ERR,ERR,ERR,ERR,ERR,ERR,ERR,ERR,ERR,ERR,ERR,ERR,ERR,ERR,ERR,ERR,ERR,ERR,ERR,ERR,ERR,ERR,ERR,ERR,ERR,ERR,ERR,ERR,ERR,ERR,ERR,ERR,ERR,ERR,ERR,ERR,ERR,ERR,ERR,ERR,ERR,ERR,ERR,ERR,ERR,ERR,ERR,ERR,ERR,ERR,ERR,ERR,ERR,ERR,ERR,ERR,ERR,ERR,ERR,ERR,ERR,ERR,ERR,ERR,ERR,ERR,ERR,ERR,ERR,ERR,ERR,ERR,ERR,ERR,ERR,ERR,ERR,ERR,ERR,ERR,ERR,ERR,ERR,ERR,ERR,ERR,ERR,ERR,ERR,ERR,ERR,ERR,ERR,ERR,ERR,ERR,ERR,ERR,ERR,ERR,ERR,ERR,ERR,ERR,ERR,ERR,ERR,ERR,ERR,ERR,0.0,2.7184303811560617e+23,-100794720.0,0.0,0.0,1.3936040501711995e+18,7.805,0.0,0,0,4,0,7116,0.0,100,0.0,0.0,0.0,0.0,0.0,0,0,0,0,0.0,0,0,0,0,0,0,0,0,0,0,0,0,0,0,0,0,0,0,0,0,0,0,0,0,0,0,0,0,0,0,0,0,0,31,40,40,71,65476,0,300,0,0,8,21553,0.0,-107605600.0,0.0,0.0,0.0,0.0,0.0,0.0,0.0,0.0,0.0,0.0,0.0,0.0,0.0,0.0,0.0,0.0,0.0,0.0,0.0,0.0,-2.004,-0.0,-2.004,-0.0,0.0,0.0,0.0,0.0,4473.0,564144692527104.0,6923.0,0.0,2.7184303811560617e+23,2.718425337124479e+23,2.718428940004181e+23,0.0,0.0,0.0,0.0,69,0.0,1.9056821431959552e+17,0.0,0.0,0.0,0.0,0.0,0.0,0.0,0,0,0,0.0,0.0,0.0,0.0,0.0,0.0,0.0,0.0,0.0,0.0,0.0,0.0,0.0,0.0,0.0,0.0,0,-107875648.0,69,0.0,138,0.0,-0.0,0,13107,17087,13107,17104,13107,17084,0,0,0,70,68,100,-0.0,82.0,0.0,78.8,-0.0,79.0,1,49,50,180,39322,52429,0,0,0.0,0.0,0.0,0.0,-0.0,67.0,0.0,162057.094,0.0,983,0,1014,0,0,0,956,0,1041,0,941,0,793,0,785,0,823,0,7520,0.032,2.524898095088995e+20,0.0,0.0,784,16797,-0.0,162057.094,-114818.039,-0.0,0.133,6.909358625270745e+28,30.0,70.0,35,0.0,0.0,0.0,0.0,0.0,0.0,0.0,0.0,0.0,0.0,0.0,0.0,0.0,0.0,0.0,0.0,66.0,0,150,71,52,65476,0,300,0,0,8,20529,65476,0,0,44564,70.0,0.0,0.0,0.0,0.0,0.0
2026-09-10T21:08:44,ERR,ERR,ERR,ERR,ERR,ERR,ERR,ERR,ERR,ERR,ERR,ERR,ERR,ERR,ERR,ERR,ERR,ERR,ERR,ERR,ERR,ERR,ERR,ERR,ERR,ERR,ERR,ERR,ERR,ERR,ERR,ERR,ERR,ERR,ERR,ERR,ERR,ERR,ERR,ERR,ERR,ERR,ERR,ERR,ERR,ERR,ERR,ERR,ERR,ERR,ERR,ERR,ERR,ERR,ERR,ERR,ERR,ERR,ERR,ERR,ERR,ERR,ERR,ERR,ERR,ERR,ERR,ERR,ERR,ERR,ERR,ERR,ERR,ERR,ERR,ERR,ERR,ERR,ERR,ERR,ERR,ERR,ERR,ERR,ERR,ERR,ERR,ERR,ERR,ERR,ERR,ERR,ERR,ERR,ERR,ERR,ERR,ERR,ERR,ERR,ERR,ERR,ERR,ERR,ERR,ERR,ERR,ERR,ERR,ERR,ERR,ERR,ERR,ERR,ERR,ERR,ERR,ERR,ERR,ERR,ERR,ERR,ERR,ERR,ERR,0.0,2.7184303811560617e+23,-100794720.0,0.0,0.0,1.3936040501711995e+18,7.805,0.0,0,0,4,0,7116,0.0,100,0.0,0.0,0.0,0.0,0.0,0,0,0,0,0.0,0,0,0,0,0,0,0,0,0,0,0,0,0,0,0,0,0,0,0,0,0,0,0,0,0,0,0,0,0,0,0,0,0,31,40,40,71,65476,0,300,0,0,8,21553,0.0,-107605600.0,0.0,0.0,0.0,0.0,0.0,0.0,0.0,0.0,0.0,0.0,0.0,0.0,0.0,0.0,0.0,0.0,0.0,0.0,0.0,0.0,-2.004,-0.0,-2.004,-0.0,0.0,0.0,0.0,0.0,4473.0,564144692527104.0,6923.0,0.0,2.7184303811560617e+23,2.718425337124479e+23,2.718428940004181e+23,0.0,0.0,0.0,0.0,69,0.0,1.9056821431959552e+17,0.0,0.0,0.0,0.0,0.0,0.0,0.0,0,0,0,0.0,0.0,0.0,0.0,0.0,0.0,0.0,0.0,0.0,0.0,0.0,0.0,0.0,0.0,0.0,0.0,0,-107875648.0,69,0.0,138,0.0,-0.0,0,13107,17087,13107,17104,13107,17084,0,0,0,70,68,100,-0.0,82.0,0.0,78.8,-0.0,79.0,1,49,50,180,39322,52429,0,0,0.0,0.0,0.0,0.0,-0.0,67.0,0.0,162057.094,0.0,983,0,1014,0,0,0,956,0,1041,0,941,0,793,0,785,0,823,0,7520,0.032,2.524898095088995e+20,0.0,0.0,784,16797,-0.0,162057.094,-114818.039,-0.0,0.133,6.909358625270745e+28,30.0,70.0,35,0.0,0.0,0.0,0.0,0.0,0.0,0.0,0.0,0.0,0.0,0.0,0.0,0.0,0.0,0.0,0.0,66.0,0,150,71,52,65476,0,300,0,0,8,20529,65476,0,0,44564,70.0,0.0,0.0,0.0,0.0,0.0
2026-09-10T21:08:45,ERR,ERR,ERR,ERR,ERR,ERR,ERR,ERR,ERR,ERR,ERR,ERR,ERR,ERR,ERR,ERR,ERR,ERR,ERR,ERR,ERR,ERR,ERR,ERR,ERR,ERR,ERR,ERR,ERR,ERR,ERR,ERR,ERR,ERR,ERR,ERR,ERR,ERR,ERR,ERR,ERR,ERR,ERR,ERR,ERR,ERR,ERR,ERR,ERR,ERR,ERR,ERR,ERR,ERR,ERR,ERR,ERR,ERR,ERR,ERR,ERR,ERR,ERR,ERR,ERR,ERR,ERR,ERR,ERR,ERR,ERR,ERR,ERR,ERR,ERR,ERR,ERR,ERR,ERR,ERR,ERR,ERR,ERR,ERR,ERR,ERR,ERR,ERR,ERR,ERR,ERR,ERR,ERR,ERR,ERR,ERR,ERR,ERR,ERR,ERR,ERR,ERR,ERR,ERR,ERR,ERR,ERR,ERR,ERR,ERR,ERR,ERR,ERR,ERR,ERR,ERR,ERR,ERR,ERR,ERR,ERR,ERR,ERR,ERR,ERR,0.0,2.7184303811560617e+23,-100794720.0,0.0,0.0,1.3936040501711995e+18,7.805,0.0,0,0,4,0,7116,0.0,100,0.0,0.0,0.0,0.0,0.0,0,0,0,0,0.0,0,0,0,0,0,0,0,0,0,0,0,0,0,0,0,0,0,0,0,0,0,0,0,0,0,0,0,0,0,0,0,0,0,31,40,40,71,65476,0,300,0,0,8,21553,0.0,-107605600.0,0.0,0.0,0.0,0.0,0.0,0.0,0.0,0.0,0.0,0.0,0.0,0.0,0.0,0.0,0.0,0.0,0.0,0.0,0.0,0.0,-2.004,-0.0,-2.004,-0.0,0.0,0.0,0.0,0.0,4473.0,564144692527104.0,6923.0,0.0,2.7184303811560617e+23,2.718425337124479e+23,2.718428940004181e+23,0.0,0.0,0.0,0.0,69,0.0,1.9056821431959552e+17,0.0,0.0,0.0,0.0,0.0,0.0,0.0,0,0,0,0.0,0.0,0.0,0.0,0.0,0.0,0.0,0.0,0.0,0.0,0.0,0.0,0.0,0.0,0.0,0.0,0,-107875648.0,69,0.0,138,0.0,-0.0,0,13107,17087,13107,17104,13107,17084,0,0,0,70,68,100,-0.0,82.0,0.0,78.8,-0.0,79.0,1,49,50,180,39322,52429,0,0,0.0,0.0,0.0,0.0,-0.0,67.0,0.0,162057.094,0.0,983,0,1014,0,0,0,956,0,1041,0,941,0,793,0,785,0,823,0,7520,0.032,2.524898095088995e+20,0.0,0.0,784,16797,-0.0,162057.094,-114818.039,-0.0,0.133,6.909358625270745e+28,30.0,70.0,35,0.0,0.0,0.0,0.0,0.0,0.0,0.0,0.0,0.0,0.0,0.0,0.0,0.0,0.0,0.0,0.0,66.0,0,150,71,52,65476,0,300,0,0,8,20529,65476,0,0,44564,70.0,0.0,0.0,0.0,0.0,0.0
2026-09-10T21:08:46,ERR,ERR,ERR,ERR,ERR,ERR,ERR,ERR,ERR,ERR,ERR,ERR,ERR,ERR,ERR,ERR,ERR,ERR,ERR,ERR,ERR,ERR,ERR,ERR,ERR,ERR,ERR,ERR,ERR,ERR,ERR,ERR,ERR,ERR,ERR,ERR,ERR,ERR,ERR,ERR,ERR,ERR,ERR,ERR,ERR,ERR,ERR,ERR,ERR,ERR,ERR,ERR,ERR,ERR,ERR,ERR,ERR,ERR,ERR,ERR,ERR,ERR,ERR,ERR,ERR,ERR,ERR,ERR,ERR,ERR,ERR,ERR,ERR,ERR,ERR,ERR,ERR,ERR,ERR,ERR,ERR,ERR,ERR,ERR,ERR,ERR,ERR,ERR,ERR,ERR,ERR,ERR,ERR,ERR,ERR,ERR,ERR,ERR,ERR,ERR,ERR,ERR,ERR,ERR,ERR,ERR,ERR,ERR,ERR,ERR,ERR,ERR,ERR,ERR,ERR,ERR,ERR,ERR,ERR,ERR,ERR,ERR,ERR,ERR,ERR,0.0,2.7184303811560617e+23,-100794720.0,0.0,0.0,1.3936040501711995e+18,7.805,0.0,0,0,4,0,7116,0.0,100,0.0,0.0,0.0,0.0,0.0,0,0,0,0,0.0,0,0,0,0,0,0,0,0,0,0,0,0,0,0,0,0,0,0,0,0,0,0,0,0,0,0,0,0,0,0,0,0,0,31,40,40,71,65476,0,300,0,0,8,21553,0.0,-107605600.0,0.0,0.0,0.0,0.0,0.0,0.0,0.0,0.0,0.0,0.0,0.0,0.0,0.0,0.0,0.0,0.0,0.0,0.0,0.0,0.0,-2.004,-0.0,-2.004,-0.0,0.0,0.0,0.0,0.0,4473.0,564144692527104.0,6923.0,0.0,2.7184303811560617e+23,2.718425337124479e+23,2.718428940004181e+23,0.0,0.0,0.0,0.0,69,0.0,1.9056821431959552e+17,0.0,0.0,0.0,0.0,0.0,0.0,0.0,0,0,0,0.0,0.0,0.0,0.0,0.0,0.0,0.0,0.0,0.0,0.0,0.0,0.0,0.0,0.0,0.0,0.0,0,-107875648.0,69,0.0,138,0.0,-0.0,0,13107,17087,13107,17104,13107,17084,0,0,0,70,68,100,-0.0,82.0,0.0,78.8,-0.0,79.0,1,49,50,180,39322,52429,0,0,0.0,0.0,0.0,0.0,-0.0,67.0,0.0,162057.094,0.0,983,0,1014,0,0,0,956,0,1041,0,941,0,793,0,785,0,823,0,7520,0.032,2.524898095088995e+20,0.0,0.0,784,16797,-0.0,162057.094,-114818.039,-0.0,0.133,6.909358625270745e+28,30.0,70.0,35,0.0,0.0,0.0,0.0,0.0,0.0,0.0,0.0,0.0,0.0,0.0,0.0,0.0,0.0,0.0,0.0,66.0,0,150,71,52,65476,0,300,0,0,8,20529,65476,0,0,44564,70.0,0.0,0.0,0.0,0.0,0.0
2026-09-10T21:08:47,ERR,ERR,ERR,ERR,ERR,ERR,ERR,ERR,ERR,ERR,ERR,ERR,ERR,ERR,ERR,ERR,ERR,ERR,ERR,ERR,ERR,ERR,ERR,ERR,ERR,ERR,ERR,ERR,ERR,ERR,ERR,ERR,ERR,ERR,ERR,ERR,ERR,ERR,ERR,ERR,ERR,ERR,ERR,ERR,ERR,ERR,ERR,ERR,ERR,ERR,ERR,ERR,ERR,ERR,ERR,ERR,ERR,ERR,ERR,ERR,ERR,ERR,ERR,ERR,ERR,ERR,ERR,ERR,ERR,ERR,ERR,ERR,ERR,ERR,ERR,ERR,ERR,ERR,ERR,ERR,ERR,ERR,ERR,ERR,ERR,ERR,ERR,ERR,ERR,ERR,ERR,ERR,ERR,ERR,ERR,ERR,ERR,ERR,ERR,ERR,ERR,ERR,ERR,ERR,ERR,ERR,ERR,ERR,ERR,ERR,ERR,ERR,ERR,ERR,ERR,ERR,ERR,ERR,ERR,ERR,ERR,ERR,ERR,ERR,ERR,0.0,2.7184303811560617e+23,-100794720.0,0.0,0.0,1.3936040501711995e+18,7.805,0.0,0,0,4,0,7116,0.0,100,0.0,0.0,0.0,0.0,0.0,0,0,0,0,0.0,0,0,0,0,0,0,0,0,0,0,0,0,0,0,0,0,0,0,0,0,0,0,0,0,0,0,0,0,0,0,0,0,0,31,40,40,71,65476,0,300,0,0,8,21553,0.0,-107605600.0,0.0,0.0,0.0,0.0,0.0,0.0,0.0,0.0,0.0,0.0,0.0,0.0,0.0,0.0,0.0,0.0,0.0,0.0,0.0,0.0,-2.004,-0.0,-2.004,-0.0,0.0,0.0,0.0,0.0,4473.0,564144692527104.0,6923.0,0.0,2.7184303811560617e+23,2.718425337124479e+23,2.718428940004181e+23,0.0,0.0,0.0,0.0,69,0.0,1.9056821431959552e+17,0.0,0.0,0.0,0.0,0.0,0.0,0.0,0,0,0,0.0,0.0,0.0,0.0,0.0,0.0,0.0,0.0,0.0,0.0,0.0,0.0,0.0,0.0,0.0,0.0,0,-107875648.0,69,0.0,138,0.0,-0.0,0,13107,17087,13107,17104,13107,17084,0,0,0,70,68,100,-0.0,82.0,0.0,78.8,-0.0,79.0,1,49,50,180,39322,52429,0,0,0.0,0.0,0.0,0.0,-0.0,67.0,0.0,162057.094,0.0,983,0,1014,0,0,0,956,0,1041,0,941,0,793,0,785,0,823,0,7520,0.032,2.524898095088995e+20,0.0,0.0,784,16797,-0.0,162057.094,-114818.039,-0.0,0.133,6.909358625270745e+28,30.0,70.0,35,0.0,0.0,0.0,0.0,0.0,0.0,0.0,0.0,0.0,0.0,0.0,0.0,0.0,0.0,0.0,0.0,66.0,0,150,71,52,65476,0,300,0,0,8,20529,65476,0,0,44564,70.0,0.0,0.0,0.0,0.0,0.0
2026-09-10T21:08:48,ERR,ERR,ERR,ERR,ERR,ERR,ERR,ERR,ERR,ERR,ERR,ERR,ERR,ERR,ERR,ERR,ERR,ERR,ERR,ERR,ERR,ERR,ERR,ERR,ERR,ERR,ERR,ERR,ERR,ERR,ERR,ERR,ERR,ERR,ERR,ERR,ERR,ERR,ERR,ERR,ERR,ERR,ERR,ERR,ERR,ERR,ERR,ERR,ERR,ERR,ERR,ERR,ERR,ERR,ERR,ERR,ERR,ERR,ERR,ERR,ERR,ERR,ERR,ERR,ERR,ERR,ERR,ERR,ERR,ERR,ERR,ERR,ERR,ERR,ERR,ERR,ERR,ERR,ERR,ERR,ERR,ERR,ERR,ERR,ERR,ERR,ERR,ERR,ERR,ERR,ERR,ERR,ERR,ERR,ERR,ERR,ERR,ERR,ERR,ERR,ERR,ERR,ERR,ERR,ERR,ERR,ERR,ERR,ERR,ERR,ERR,ERR,ERR,ERR,ERR,ERR,ERR,ERR,ERR,ERR,ERR,ERR,ERR,ERR,ERR,0.0,2.7184303811560617e+23,-100794720.0,0.0,0.0,1.3936040501711995e+18,7.805,0.0,0,0,4,0,7116,0.0,100,0.0,0.0,0.0,0.0,0.0,0,0,0,0,0.0,0,0,0,0,0,0,0,0,0,0,0,0,0,0,0,0,0,0,0,0,0,0,0,0,0,0,0,0,0,0,0,0,0,31,40,40,71,65476,0,300,0,0,8,21553,0.0,-107605600.0,0.0,0.0,0.0,0.0,0.0,0.0,0.0,0.0,0.0,0.0,0.0,0.0,0.0,0.0,0.0,0.0,0.0,0.0,0.0,0.0,-2.004,-0.0,-2.004,-0.0,0.0,0.0,0.0,0.0,4473.0,564144692527104.0,6923.0,0.0,2.7184303811560617e+23,2.718425337124479e+23,2.718428940004181e+23,0.0,0.0,0.0,0.0,69,0.0,1.9056821431959552e+17,0.0,0.0,0.0,0.0,0.0,0.0,0.0,0,0,0,0.0,0.0,0.0,0.0,0.0,0.0,0.0,0.0,0.0,0.0,0.0,0.0,0.0,0.0,0.0,0.0,0,-107875648.0,69,0.0,138,0.0,-0.0,0,13107,17087,13107,17104,13107,17084,0,0,0,70,68,100,-0.0,82.0,0.0,78.8,-0.0,79.0,1,49,50,180,39322,52429,0,0,0.0,0.0,0.0,0.0,-0.0,67.0,0.0,162057.094,0.0,983,0,1014,0,0,0,956,0,1041,0,941,0,793,0,785,0,823,0,7520,0.032,2.524898095088995e+20,0.0,0.0,784,16797,-0.0,162057.094,-114818.039,-0.0,0.133,6.909358625270745e+28,30.0,70.0,35,0.0,0.0,0.0,0.0,0.0,0.0,0.0,0.0,0.0,0.0,0.0,0.0,0.0,0.0,0.0,0.0,66.0,0,150,71,52,65476,0,300,0,0,8,20529,65476,0,0,44564,70.0,0.0,0.0,0.0,0.0,0.0
2026-09-10T21:08:49,ERR,ERR,ERR,ERR,ERR,ERR,ERR,ERR,ERR,ERR,ERR,ERR,ERR,ERR,ERR,ERR,ERR,ERR,ERR,ERR,ERR,ERR,ERR,ERR,ERR,ERR,ERR,ERR,ERR,ERR,ERR,ERR,ERR,ERR,ERR,ERR,ERR,ERR,ERR,ERR,ERR,ERR,ERR,ERR,ERR,ERR,ERR,ERR,ERR,ERR,ERR,ERR,ERR,ERR,ERR,ERR,ERR,ERR,ERR,ERR,ERR,ERR,ERR,ERR,ERR,ERR,ERR,ERR,ERR,ERR,ERR,ERR,ERR,ERR,ERR,ERR,ERR,ERR,ERR,ERR,ERR,ERR,ERR,ERR,ERR,ERR,ERR,ERR,ERR,ERR,ERR,ERR,ERR,ERR,ERR,ERR,ERR,ERR,ERR,ERR,ERR,ERR,ERR,ERR,ERR,ERR,ERR,ERR,ERR,ERR,ERR,ERR,ERR,ERR,ERR,ERR,ERR,ERR,ERR,ERR,ERR,ERR,ERR,ERR,ERR,0.0,2.7184303811560617e+23,-100794720.0,0.0,0.0,1.3936040501711995e+18,7.805,0.0,0,0,4,0,7116,0.0,100,0.0,0.0,0.0,0.0,0.0,0,0,0,0,0.0,0,0,0,0,0,0,0,0,0,0,0,0,0,0,0,0,0,0,0,0,0,0,0,0,0,0,0,0,0,0,0,0,0,31,40,40,71,65476,0,300,0,0,8,21553,0.0,-107605600.0,0.0,0.0,0.0,0.0,0.0,0.0,0.0,0.0,0.0,0.0,0.0,0.0,0.0,0.0,0.0,0.0,0.0,0.0,0.0,0.0,-2.004,-0.0,-2.004,-0.0,0.0,0.0,0.0,0.0,4475.0,1.587926141905068e+29,6926.0,0.0,2.7184303811560617e+23,2.718425337124479e+23,2.718428940004181e+23,0.0,0.0,0.0,0.0,69,0.0,5.848046968061515e+35,0.0,0.0,0.0,0.0,0.0,0.0,0.0,0,0,0,0.0,0.0,0.0,0.0,0.0,0.0,0.0,0.0,0.0,0.0,0.0,0.0,0.0,0.0,0.0,0.0,0,-107875648.0,69,0.0,138,0.0,-0.0,0,13107,17087,13107,17104,13107,17084,0,0,0,70,68,100,-0.0,82.0,0.0,78.8,-0.0,79.0,1,49,50,180,26215,52429,0,0,0.0,0.0,0.0,0.0,-0.0,67.0,0.0,162057.094,0.0,983,0,1015,0,0,0,956,0,1041,0,941,0,793,0,785,0,823,0,7520,0.032,2.524898095088995e+20,0.0,0.0,784,16797,-0.0,162057.094,-114818.039,-0.0,0.133,6.909358625270745e+28,30.0,70.0,35,0.0,0.0,0.0,0.0,0.0,0.0,0.0,0.0,0.0,0.0,0.0,0.0,0.0,0.0,0.0,0.0,66.4,0,150,71,52,65476,0,300,0,0,8,20529,65476,0,0,44564,70.0,0.0,0.0,0.0,0.0,0.0
2026-09-10T21:08:50,ERR,ERR,ERR,ERR,ERR,ERR,ERR,ERR,ERR,ERR,ERR,ERR,ERR,ERR,ERR,ERR,ERR,ERR,ERR,ERR,ERR,ERR,ERR,ERR,ERR,ERR,ERR,ERR,ERR,ERR,ERR,ERR,ERR,ERR,ERR,ERR,ERR,ERR,ERR,ERR,ERR,ERR,ERR,ERR,ERR,ERR,ERR,ERR,ERR,ERR,ERR,ERR,ERR,ERR,ERR,ERR,ERR,ERR,ERR,ERR,ERR,ERR,ERR,ERR,ERR,ERR,ERR,ERR,ERR,ERR,ERR,ERR,ERR,ERR,ERR,ERR,ERR,ERR,ERR,ERR,ERR,ERR,ERR,ERR,ERR,ERR,ERR,ERR,ERR,ERR,ERR,ERR,ERR,ERR,ERR,ERR,ERR,ERR,ERR,ERR,ERR,ERR,ERR,ERR,ERR,ERR,ERR,ERR,ERR,ERR,ERR,ERR,ERR,ERR,ERR,ERR,ERR,ERR,ERR,ERR,ERR,ERR,ERR,ERR,ERR,0.0,2.7184303811560617e+23,-100794720.0,0.0,0.0,1.3936040501711995e+18,7.805,0.0,0,0,4,0,7116,0.0,100,0.0,0.0,0.0,0.0,0.0,0,0,0,0,0.0,0,0,0,0,0,0,0,0,0,0,0,0,0,0,0,0,0,0,0,0,0,0,0,0,0,0,0,0,0,0,0,0,0,31,40,40,71,65476,0,300,0,0,8,21553,0.0,-107605600.0,0.0,0.0,0.0,0.0,0.0,0.0,0.0,0.0,0.0,0.0,0.0,0.0,0.0,0.0,0.0,0.0,0.0,0.0,0.0,0.0,-2.004,-0.0,-2.004,-0.0,0.0,0.0,0.0,0.0,4475.0,1.587926141905068e+29,6926.0,0.0,2.7184303811560617e+23,2.718425337124479e+23,2.718428940004181e+23,0.0,0.0,0.0,0.0,69,0.0,5.848046968061515e+35,0.0,0.0,0.0,0.0,0.0,0.0,0.0,0,0,0,0.0,0.0,0.0,0.0,0.0,0.0,0.0,0.0,0.0,0.0,0.0,0.0,0.0,0.0,0.0,0.0,0,-107875648.0,69,0.0,138,0.0,-0.0,0,13107,17087,13107,17104,13107,17084,0,0,0,70,68,100,-0.0,82.0,0.0,78.8,-0.0,79.0,1,49,50,180,26215,52429,0,0,0.0,0.0,0.0,0.0,-0.0,67.0,0.0,162057.094,0.0,983,0,1015,0,0,0,956,0,1041,0,941,0,793,0,785,0,823,0,7520,0.032,2.524898095088995e+20,0.0,0.0,784,16797,-0.0,162057.094,-114818.039,-0.0,0.133,6.909358625270745e+28,30.0,70.0,35,0.0,0.0,0.0,0.0,0.0,0.0,0.0,0.0,0.0,0.0,0.0,0.0,0.0,0.0,0.0,0.0,66.0,0,150,71,52,65476,0,300,0,0,8,20529,65476,0,0,44564,70.0,0.0,0.0,0.0,0.0,0.0
2026-09-10T21:08:51,ERR,ERR,ERR,ERR,ERR,ERR,ERR,ERR,ERR,ERR,ERR,ERR,ERR,ERR,ERR,ERR,ERR,ERR,ERR,ERR,ERR,ERR,ERR,ERR,ERR,ERR,ERR,ERR,ERR,ERR,ERR,ERR,ERR,ERR,ERR,ERR,ERR,ERR,ERR,ERR,ERR,ERR,ERR,ERR,ERR,ERR,ERR,ERR,ERR,ERR,ERR,ERR,ERR,ERR,ERR,ERR,ERR,ERR,ERR,ERR,ERR,ERR,ERR,ERR,ERR,ERR,ERR,ERR,ERR,ERR,ERR,ERR,ERR,ERR,ERR,ERR,ERR,ERR,ERR,ERR,ERR,ERR,ERR,ERR,ERR,ERR,ERR,ERR,ERR,ERR,ERR,ERR,ERR,ERR,ERR,ERR,ERR,ERR,ERR,ERR,ERR,ERR,ERR,ERR,ERR,ERR,ERR,ERR,ERR,ERR,ERR,ERR,ERR,ERR,ERR,ERR,ERR,ERR,ERR,ERR,ERR,ERR,ERR,ERR,ERR,0.0,2.7184303811560617e+23,-100794720.0,0.0,0.0,1.3936040501711995e+18,7.805,0.0,0,0,4,0,7116,0.0,100,0.0,0.0,0.0,0.0,0.0,0,0,0,0,0.0,0,0,0,0,0,0,0,0,0,0,0,0,0,0,0,0,0,0,0,0,0,0,0,0,0,0,0,0,0,0,0,0,0,31,40,40,71,65476,0,300,0,0,8,21553,0.0,-107605600.0,0.0,0.0,0.0,0.0,0.0,0.0,0.0,0.0,0.0,0.0,0.0,0.0,0.0,0.0,0.0,0.0,0.0,0.0,0.0,0.0,-2.004,-0.0,-2.004,-0.0,0.0,0.0,0.0,0.0,4475.0,1.587926141905068e+29,6926.0,0.0,2.7184303811560617e+23,2.718425337124479e+23,2.718428940004181e+23,0.0,0.0,0.0,0.0,69,0.0,5.848046968061515e+35,0.0,0.0,0.0,0.0,0.0,0.0,0.0,0,0,0,0.0,0.0,0.0,0.0,0.0,0.0,0.0,0.0,0.0,0.0,0.0,0.0,0.0,0.0,0.0,0.0,0,-107875648.0,69,0.0,138,0.0,-0.0,0,13107,17087,13107,17104,13107,17084,0,0,0,70,68,100,-0.0,82.0,0.0,78.8,-0.0,79.0,1,49,50,180,26215,52429,0,0,0.0,0.0,0.0,0.0,-0.0,67.0,0.0,162057.094,0.0,983,0,1015,0,0,0,956,0,1041,0,941,0,793,0,785,0,823,0,7520,0.032,2.524898095088995e+20,0.0,0.0,784,16797,-0.0,162057.094,-114818.039,-0.0,0.133,6.909358625270745e+28,30.0,70.0,35,0.0,0.0,0.0,0.0,0.0,0.0,0.0,0.0,0.0,0.0,0.0,0.0,0.0,0.0,0.0,0.0,66.0,0,150,71,52,65476,0,300,0,0,8,20529,65476,0,0,44564,70.0,0.0,0.0,0.0,0.0,0.0
2026-09-10T21:08:52,ERR,ERR,ERR,ERR,ERR,ERR,ERR,ERR,ERR,ERR,ERR,ERR,ERR,ERR,ERR,ERR,ERR,ERR,ERR,ERR,ERR,ERR,ERR,ERR,ERR,ERR,ERR,ERR,ERR,ERR,ERR,ERR,ERR,ERR,ERR,ERR,ERR,ERR,ERR,ERR,ERR,ERR,ERR,ERR,ERR,ERR,ERR,ERR,ERR,ERR,ERR,ERR,ERR,ERR,ERR,ERR,ERR,ERR,ERR,ERR,ERR,ERR,ERR,ERR,ERR,ERR,ERR,ERR,ERR,ERR,ERR,ERR,ERR,ERR,ERR,ERR,ERR,ERR,ERR,ERR,ERR,ERR,ERR,ERR,ERR,ERR,ERR,ERR,ERR,ERR,ERR,ERR,ERR,ERR,ERR,ERR,ERR,ERR,ERR,ERR,ERR,ERR,ERR,ERR,ERR,ERR,ERR,ERR,ERR,ERR,ERR,ERR,ERR,ERR,ERR,ERR,ERR,ERR,ERR,ERR,ERR,ERR,ERR,ERR,ERR,0.0,2.7184303811560617e+23,-100794720.0,0.0,0.0,1.3936040501711995e+18,7.805,0.0,0,0,4,0,7116,0.0,100,0.0,0.0,0.0,0.0,0.0,0,0,0,0,0.0,0,0,0,0,0,0,0,0,0,0,0,0,0,0,0,0,0,0,0,0,0,0,0,0,0,0,0,0,0,0,0,0,0,31,40,40,71,65476,0,300,0,0,8,21553,0.0,-107605600.0,0.0,0.0,0.0,0.0,0.0,0.0,0.0,0.0,0.0,0.0,0.0,0.0,0.0,0.0,0.0,0.0,0.0,0.0,0.0,0.0,-2.004,-0.0,-2.004,-0.0,0.0,0.0,0.0,0.0,4475.0,1.587926141905068e+29,6926.0,0.0,2.7184303811560617e+23,2.718425337124479e+23,2.718428940004181e+23,0.0,0.0,0.0,0.0,69,0.0,5.848046968061515e+35,0.0,0.0,0.0,0.0,0.0,0.0,0.0,0,0,0,0.0,0.0,0.0,0.0,0.0,0.0,0.0,0.0,0.0,0.0,0.0,0.0,0.0,0.0,0.0,0.0,0,-107875648.0,69,0.0,138,0.0,-0.0,0,13107,17087,13107,17104,13107,17084,0,0,0,70,68,100,-0.0,82.0,0.0,78.8,-0.0,79.0,1,49,50,180,26215,52429,0,0,0.0,0.0,0.0,0.0,-0.0,67.0,0.0,162057.094,0.0,983,0,1015,0,0,0,956,0,1041,0,941,0,793,0,785,0,823,0,7520,0.032,2.524898095088995e+20,0.0,0.0,784,16797,-0.0,162057.094,-114818.039,-0.0,0.133,6.909358625270745e+28,30.0,70.0,35,0.0,0.0,0.0,0.0,0.0,0.0,0.0,0.0,0.0,0.0,0.0,0.0,0.0,0.0,0.0,0.0,66.0,0,150,71,52,65476,0,300,0,0,8,20529,65476,0,0,44564,70.0,0.0,0.0,0.0,0.0,0.0
2026-09-10T21:08:53,ERR,ERR,ERR,ERR,ERR,ERR,ERR,ERR,ERR,ERR,ERR,ERR,ERR,ERR,ERR,ERR,ERR,ERR,ERR,ERR,ERR,ERR,ERR,ERR,ERR,ERR,ERR,ERR,ERR,ERR,ERR,ERR,ERR,ERR,ERR,ERR,ERR,ERR,ERR,ERR,ERR,ERR,ERR,ERR,ERR,ERR,ERR,ERR,ERR,ERR,ERR,ERR,ERR,ERR,ERR,ERR,ERR,ERR,ERR,ERR,ERR,ERR,ERR,ERR,ERR,ERR,ERR,ERR,ERR,ERR,ERR,ERR,ERR,ERR,ERR,ERR,ERR,ERR,ERR,ERR,ERR,ERR,ERR,ERR,ERR,ERR,ERR,ERR,ERR,ERR,ERR,ERR,ERR,ERR,ERR,ERR,ERR,ERR,ERR,ERR,ERR,ERR,ERR,ERR,ERR,ERR,ERR,ERR,ERR,ERR,ERR,ERR,ERR,ERR,ERR,ERR,ERR,ERR,ERR,ERR,ERR,ERR,ERR,ERR,ERR,0.0,2.7184303811560617e+23,-100794720.0,0.0,0.0,1.3936040501711995e+18,7.805,0.0,0,0,4,0,7116,0.0,100,0.0,0.0,0.0,0.0,0.0,0,0,0,0,0.0,0,0,0,0,0,0,0,0,0,0,0,0,0,0,0,0,0,0,0,0,0,0,0,0,0,0,0,0,0,0,0,0,0,31,40,40,71,65476,0,300,0,0,8,21553,0.0,-107605600.0,0.0,0.0,0.0,0.0,0.0,0.0,0.0,0.0,0.0,0.0,0.0,0.0,0.0,0.0,0.0,0.0,0.0,0.0,0.0,0.0,-2.004,-0.0,-2.004,-0.0,0.0,0.0,0.0,0.0,4475.0,1.587926141905068e+29,6926.0,0.0,2.7184303811560617e+23,2.718425337124479e+23,2.718428940004181e+23,0.0,0.0,0.0,0.0,69,0.0,5.848046968061515e+35,0.0,0.0,0.0,0.0,0.0,0.0,0.0,0,0,0,0.0,0.0,0.0,0.0,0.0,0.0,0.0,0.0,0.0,0.0,0.0,0.0,0.0,0.0,0.0,0.0,0,-107875648.0,69,0.0,138,0.0,-0.0,0,13107,17087,13107,17104,13107,17084,0,0,0,70,68,100,-0.0,82.0,0.0,78.8,-0.0,79.0,1,49,50,180,26215,52429,0,0,0.0,0.0,0.0,0.0,-0.0,67.0,0.0,162057.094,0.0,983,0,1015,0,0,0,956,0,1041,0,941,0,793,0,785,0,823,0,7520,0.032,2.524898095088995e+20,0.0,0.0,784,16797,-0.0,162057.094,-114818.039,-0.0,0.133,6.909358625270745e+28,30.0,70.0,35,0.0,0.0,0.0,0.0,0.0,0.0,0.0,0.0,0.0,0.0,0.0,0.0,0.0,0.0,0.0,0.0,66.4,0,150,71,52,65476,0,300,0,0,8,20529,65476,0,0,44564,70.0,0.0,0.0,0.0,0.0,0.0
2026-09-10T21:08:54,ERR,ERR,ERR,ERR,ERR,ERR,ERR,ERR,ERR,ERR,ERR,ERR,ERR,ERR,ERR,ERR,ERR,ERR,ERR,ERR,ERR,ERR,ERR,ERR,ERR,ERR,ERR,ERR,ERR,ERR,ERR,ERR,ERR,ERR,ERR,ERR,ERR,ERR,ERR,ERR,ERR,ERR,ERR,ERR,ERR,ERR,ERR,ERR,ERR,ERR,ERR,ERR,ERR,ERR,ERR,ERR,ERR,ERR,ERR,ERR,ERR,ERR,ERR,ERR,ERR,ERR,ERR,ERR,ERR,ERR,ERR,ERR,ERR,ERR,ERR,ERR,ERR,ERR,ERR,ERR,ERR,ERR,ERR,ERR,ERR,ERR,ERR,ERR,ERR,ERR,ERR,ERR,ERR,ERR,ERR,ERR,ERR,ERR,ERR,ERR,ERR,ERR,ERR,ERR,ERR,ERR,ERR,ERR,ERR,ERR,ERR,ERR,ERR,ERR,ERR,ERR,ERR,ERR,ERR,ERR,ERR,ERR,ERR,ERR,ERR,0.0,2.7184303811560617e+23,-100794720.0,0.0,0.0,1.3936040501711995e+18,7.805,0.0,0,0,4,0,7116,0.0,100,0.0,0.0,0.0,0.0,0.0,0,0,0,0,0.0,0,0,0,0,0,0,0,0,0,0,0,0,0,0,0,0,0,0,0,0,0,0,0,0,0,0,0,0,0,0,0,0,0,31,40,40,71,65476,0,300,0,0,8,21553,0.0,-107605600.0,0.0,0.0,0.0,0.0,0.0,0.0,0.0,0.0,0.0,0.0,0.0,0.0,0.0,0.0,0.0,0.0,0.0,0.0,0.0,0.0,-2.004,-0.0,-2.004,-0.0,0.0,0.0,0.0,0.0,4475.0,1.587926141905068e+29,6926.0,0.0,2.7184303811560617e+23,2.718425337124479e+23,2.718428940004181e+23,0.0,0.0,0.0,0.0,69,0.0,5.848046968061515e+35,0.0,0.0,0.0,0.0,0.0,0.0,0.0,0,0,0,0.0,0.0,0.0,0.0,0.0,0.0,0.0,0.0,0.0,0.0,0.0,0.0,0.0,0.0,0.0,0.0,0,-107875648.0,69,0.0,138,0.0,-0.0,0,13107,17087,13107,17104,13107,17084,0,0,0,70,68,100,-0.0,82.0,0.0,78.8,-0.0,79.0,1,49,50,180,26215,0,0,0,0.0,0.0,0.0,0.0,-0.0,67.0,0.0,162057.094,0.0,982,0,1015,0,0,0,956,0,1041,0,941,0,793,0,785,0,823,0,7520,0.032,2.5133688800429264e+20,0.0,0.0,784,16797,-0.0,162057.094,-114818.039,-0.0,0.133,6.909358625270745e+28,30.0,70.0,35,0.0,0.0,0.0,0.0,0.0,0.0,0.0,0.0,0.0,0.0,0.0,0.0,0.0,0.0,0.0,0.0,66.4,0,150,71,52,65476,0,300,0,0,8,20529,65476,0,0,44564,70.0,0.0,0.0,0.0,0.0,0.0
2026-09-10T21:08:55,ERR,ERR,ERR,ERR,ERR,ERR,ERR,ERR,ERR,ERR,ERR,ERR,ERR,ERR,ERR,ERR,ERR,ERR,ERR,ERR,ERR,ERR,ERR,ERR,ERR,ERR,ERR,ERR,ERR,ERR,ERR,ERR,ERR,ERR,ERR,ERR,ERR,ERR,ERR,ERR,ERR,ERR,ERR,ERR,ERR,ERR,ERR,ERR,ERR,ERR,ERR,ERR,ERR,ERR,ERR,ERR,ERR,ERR,ERR,ERR,ERR,ERR,ERR,ERR,ERR,ERR,ERR,ERR,ERR,ERR,ERR,ERR,ERR,ERR,ERR,ERR,ERR,ERR,ERR,ERR,ERR,ERR,ERR,ERR,ERR,ERR,ERR,ERR,ERR,ERR,ERR,ERR,ERR,ERR,ERR,ERR,ERR,ERR,ERR,ERR,ERR,ERR,ERR,ERR,ERR,ERR,ERR,ERR,ERR,ERR,ERR,ERR,ERR,ERR,ERR,ERR,ERR,ERR,ERR,ERR,ERR,ERR,ERR,ERR,ERR,0.0,2.7184303811560617e+23,-100794720.0,0.0,0.0,1.3936040501711995e+18,7.805,0.0,0,0,4,0,7116,0.0,100,0.0,0.0,0.0,0.0,0.0,0,0,0,0,0.0,0,0,0,0,0,0,0,0,0,0,0,0,0,0,0,0,0,0,0,0,0,0,0,0,0,0,0,0,0,0,0,0,0,31,40,40,71,65476,0,300,0,0,8,21553,0.0,-107605600.0,0.0,0.0,0.0,0.0,0.0,0.0,0.0,0.0,0.0,0.0,0.0,0.0,0.0,0.0,0.0,0.0,0.0,0.0,0.0,0.0,-2.004,-0.0,-2.004,-0.0,0.0,0.0,0.0,0.0,4475.0,1.587926141905068e+29,6926.0,0.0,2.7184303811560617e+23,2.718425337124479e+23,2.718428940004181e+23,0.0,0.0,0.0,0.0,69,0.0,5.848046968061515e+35,0.0,0.0,0.0,0.0,0.0,0.0,0.0,0,0,0,0.0,0.0,0.0,0.0,0.0,0.0,0.0,0.0,0.0,0.0,0.0,0.0,0.0,0.0,0.0,0.0,0,-107875648.0,69,0.0,138,0.0,-0.0,0,13107,17087,13107,17104,13107,17084,0,0,0,70,68,100,-0.0,82.0,0.0,78.8,-0.0,79.0,1,49,50,180,26215,0,0,0,0.0,0.0,0.0,0.0,-0.0,67.0,0.0,162057.094,0.0,982,0,1015,0,0,0,956,0,1041,0,941,0,793,0,785,0,823,0,7520,0.032,2.5133688800429264e+20,0.0,0.0,784,16797,-0.0,162057.094,-114818.039,-0.0,0.133,6.909358625270745e+28,30.0,70.0,35,0.0,0.0,0.0,0.0,0.0,0.0,0.0,0.0,0.0,0.0,0.0,0.0,0.0,0.0,0.0,0.0,66.4,0,150,71,52,65476,0,300,0,0,8,20529,65476,0,0,44564,70.0,0.0,0.0,0.0,0.0,0.0
2026-09-10T21:08:56,ERR,ERR,ERR,ERR,ERR,ERR,ERR,ERR,ERR,ERR,ERR,ERR,ERR,ERR,ERR,ERR,ERR,ERR,ERR,ERR,ERR,ERR,ERR,ERR,ERR,ERR,ERR,ERR,ERR,ERR,ERR,ERR,ERR,ERR,ERR,ERR,ERR,ERR,ERR,ERR,ERR,ERR,ERR,ERR,ERR,ERR,ERR,ERR,ERR,ERR,ERR,ERR,ERR,ERR,ERR,ERR,ERR,ERR,ERR,ERR,ERR,ERR,ERR,ERR,ERR,ERR,ERR,ERR,ERR,ERR,ERR,ERR,ERR,ERR,ERR,ERR,ERR,ERR,ERR,ERR,ERR,ERR,ERR,ERR,ERR,ERR,ERR,ERR,ERR,ERR,ERR,ERR,ERR,ERR,ERR,ERR,ERR,ERR,ERR,ERR,ERR,ERR,ERR,ERR,ERR,ERR,ERR,ERR,ERR,ERR,ERR,ERR,ERR,ERR,ERR,ERR,ERR,ERR,ERR,ERR,ERR,ERR,ERR,ERR,ERR,0.0,2.7184303811560617e+23,-100794720.0,0.0,0.0,1.3936040501711995e+18,7.805,0.0,0,0,4,0,7116,0.0,100,0.0,0.0,0.0,0.0,0.0,0,0,0,0,0.0,0,0,0,0,0,0,0,0,0,0,0,0,0,0,0,0,0,0,0,0,0,0,0,0,0,0,0,0,0,0,0,0,0,31,40,40,71,65476,0,300,0,0,8,21553,0.0,-107605600.0,0.0,0.0,0.0,0.0,0.0,0.0,0.0,0.0,0.0,0.0,0.0,0.0,-2.596148429267414e+33,0.0,0.0,0.0,0.0,0.0,0.0,0.0,-2.004,-0.0,-2.004,-0.0,0.0,0.0,0.0,0.0,4473.0,1.0406632763589053e+34,6925.0,0.0,2.7184303811560617e+23,2.718425337124479e+23,2.718428940004181e+23,0.0,0.0,0.0,0.0,69,0.0,4.066845346649544e+29,0.0,0.0,0.0,0.0,0.0,0.0,0.0,0,0,0,0.0,0.0,0.0,0.0,0.0,0.0,0.0,0.0,0.0,0.0,0.0,0.0,0.0,0.0,0.0,0.0,0,-107875648.0,69,0.0,138,0.0,-0.0,0,13107,17087,13107,17104,13107,17084,0,0,0,70,68,100,-0.0,82.0,0.0,78.8,-0.0,79.0,1,49,50,180,26215,0,0,0,0.0,0.0,0.0,0.0,-0.0,67.0,0.0,162057.094,0.0,982,0,1015,0,0,0,956,0,1041,0,941,0,793,0,785,0,823,0,7520,0.032,2.5133688800429264e+20,0.0,0.0,784,16797,-0.0,162057.094,-114818.039,-0.0,0.133,6.909358625270745e+28,30.0,70.0,35,0.0,0.0,0.0,0.0,0.0,0.0,0.0,0.0,0.0,0.0,0.0,0.0,0.0,0.0,0.0,0.0,66.0,0,150,71,52,65476,0,300,0,0,8,20529,65476,0,0,44564,70.0,0.0,0.0,0.0,0.0,0.0
2026-09-10T21:08:57,ERR,ERR,ERR,ERR,ERR,ERR,ERR,ERR,ERR,ERR,ERR,ERR,ERR,ERR,ERR,ERR,ERR,ERR,ERR,ERR,ERR,ERR,ERR,ERR,ERR,ERR,ERR,ERR,ERR,ERR,ERR,ERR,ERR,ERR,ERR,ERR,ERR,ERR,ERR,ERR,ERR,ERR,ERR,ERR,ERR,ERR,ERR,ERR,ERR,ERR,ERR,ERR,ERR,ERR,ERR,ERR,ERR,ERR,ERR,ERR,ERR,ERR,ERR,ERR,ERR,ERR,ERR,ERR,ERR,ERR,ERR,ERR,ERR,ERR,ERR,ERR,ERR,ERR,ERR,ERR,ERR,ERR,ERR,ERR,ERR,ERR,ERR,ERR,ERR,ERR,ERR,ERR,ERR,ERR,ERR,ERR,ERR,ERR,ERR,ERR,ERR,ERR,ERR,ERR,ERR,ERR,ERR,ERR,ERR,ERR,ERR,ERR,ERR,ERR,ERR,ERR,ERR,ERR,ERR,ERR,ERR,ERR,ERR,ERR,ERR,0.0,2.7184303811560617e+23,-100794720.0,0.0,0.0,1.3936040501711995e+18,7.805,0.0,0,0,4,0,7116,0.0,100,0.0,0.0,0.0,0.0,0.0,0,0,0,0,0.0,0,0,0,0,0,0,0,0,0,0,0,0,0,0,0,0,0,0,0,0,0,0,0,0,0,0,0,0,0,0,0,0,0,31,40,40,71,65476,0,300,0,0,8,21553,0.0,-107605600.0,0.0,0.0,0.0,0.0,0.0,0.0,0.0,0.0,0.0,0.0,0.0,0.0,-2.596148429267414e+33,0.0,0.0,0.0,0.0,0.0,0.0,0.0,-2.004,-0.0,-2.004,-0.0,0.0,0.0,0.0,0.0,4473.0,1.0406632763589053e+34,6925.0,0.0,2.7184303811560617e+23,2.718425337124479e+23,2.718428940004181e+23,0.0,0.0,0.0,0.0,69,0.0,4.066845346649544e+29,0.0,0.0,0.0,0.0,0.0,0.0,0.0,0,0,0,0.0,0.0,0.0,0.0,0.0,0.0,0.0,0.0,0.0,0.0,0.0,0.0,0.0,0.0,0.0,0.0,0,-107875648.0,69,0.0,138,0.0,-0.0,0,13107,17087,13107,17104,13107,17084,0,0,0,70,68,100,-0.0,82.0,0.0,78.8,-0.0,79.0,1,49,50,180,26215,0,0,0,0.0,0.0,0.0,0.0,-0.0,67.0,0.0,162057.094,0.0,982,0,1015,0,0,0,956,0,1041,0,941,0,793,0,785,0,823,0,7520,0.032,2.5133688800429264e+20,0.0,0.0,784,16797,-0.0,162057.094,-114818.039,-0.0,0.133,6.909358625270745e+28,30.0,70.0,35,0.0,0.0,0.0,0.0,0.0,0.0,0.0,0.0,0.0,0.0,0.0,0.0,0.0,0.0,0.0,0.0,66.0,0,150,71,52,65476,0,300,0,0,8,20529,65476,0,0,44564,70.0,0.0,0.0,0.0,0.0,0.0
2026-09-10T21:08:58,ERR,ERR,ERR,ERR,ERR,ERR,ERR,ERR,ERR,ERR,ERR,ERR,ERR,ERR,ERR,ERR,ERR,ERR,ERR,ERR,ERR,ERR,ERR,ERR,ERR,ERR,ERR,ERR,ERR,ERR,ERR,ERR,ERR,ERR,ERR,ERR,ERR,ERR,ERR,ERR,ERR,ERR,ERR,ERR,ERR,ERR,ERR,ERR,ERR,ERR,ERR,ERR,ERR,ERR,ERR,ERR,ERR,ERR,ERR,ERR,ERR,ERR,ERR,ERR,ERR,ERR,ERR,ERR,ERR,ERR,ERR,ERR,ERR,ERR,ERR,ERR,ERR,ERR,ERR,ERR,ERR,ERR,ERR,ERR,ERR,ERR,ERR,ERR,ERR,ERR,ERR,ERR,ERR,ERR,ERR,ERR,ERR,ERR,ERR,ERR,ERR,ERR,ERR,ERR,ERR,ERR,ERR,ERR,ERR,ERR,ERR,ERR,ERR,ERR,ERR,ERR,ERR,ERR,ERR,ERR,ERR,ERR,ERR,ERR,ERR,0.0,2.7184303811560617e+23,-100794720.0,0.0,0.0,1.3936040501711995e+18,7.805,0.0,0,0,4,0,7116,0.0,100,0.0,0.0,0.0,0.0,0.0,0,0,0,0,0.0,0,0,0,0,0,0,0,0,0,0,0,0,0,0,0,0,0,0,0,0,0,0,0,0,0,0,0,0,0,0,0,0,0,31,40,40,71,65476,0,300,0,0,8,21553,0.0,-107605600.0,0.0,0.0,0.0,0.0,0.0,0.0,0.0,0.0,0.0,0.0,0.0,0.0,-2.596148429267414e+33,0.0,0.0,0.0,0.0,0.0,0.0,0.0,-2.004,-0.0,-2.004,-0.0,0.0,0.0,0.0,0.0,4473.0,1.0406632763589053e+34,6925.0,0.0,2.7184303811560617e+23,2.718425337124479e+23,2.718428940004181e+23,0.0,0.0,0.0,0.0,69,0.0,4.066845346649544e+29,0.0,0.0,0.0,0.0,0.0,0.0,0.0,0,0,0,0.0,0.0,0.0,0.0,0.0,0.0,0.0,0.0,0.0,0.0,0.0,0.0,0.0,0.0,0.0,0.0,0,-107875648.0,69,0.0,138,0.0,-0.0,0,13107,17087,13107,17104,13107,17084,0,0,0,70,68,100,-0.0,82.0,0.0,78.8,-0.0,79.0,1,49,50,180,26215,0,0,0,0.0,0.0,0.0,0.0,-0.0,67.0,0.0,162057.094,0.0,982,0,1015,0,0,0,956,0,1041,0,941,0,793,0,785,0,823,0,7520,0.032,2.5133688800429264e+20,0.0,0.0,784,16797,-0.0,162057.094,-114818.039,-0.0,0.133,6.909358625270745e+28,30.0,70.0,35,0.0,0.0,0.0,0.0,0.0,0.0,0.0,0.0,0.0,0.0,0.0,0.0,0.0,0.0,0.0,0.0,66.0,0,150,71,52,65476,0,300,0,0,8,20529,65476,0,0,44564,70.0,0.0,0.0,0.0,0.0,0.0
2026-09-10T21:08:59,ERR,ERR,ERR,ERR,ERR,ERR,ERR,ERR,ERR,ERR,ERR,ERR,ERR,ERR,ERR,ERR,ERR,ERR,ERR,ERR,ERR,ERR,ERR,ERR,ERR,ERR,ERR,ERR,ERR,ERR,ERR,ERR,ERR,ERR,ERR,ERR,ERR,ERR,ERR,ERR,ERR,ERR,ERR,ERR,ERR,ERR,ERR,ERR,ERR,ERR,ERR,ERR,ERR,ERR,ERR,ERR,ERR,ERR,ERR,ERR,ERR,ERR,ERR,ERR,ERR,ERR,ERR,ERR,ERR,ERR,ERR,ERR,ERR,ERR,ERR,ERR,ERR,ERR,ERR,ERR,ERR,ERR,ERR,ERR,ERR,ERR,ERR,ERR,ERR,ERR,ERR,ERR,ERR,ERR,ERR,ERR,ERR,ERR,ERR,ERR,ERR,ERR,ERR,ERR,ERR,ERR,ERR,ERR,ERR,ERR,ERR,ERR,ERR,ERR,ERR,ERR,ERR,ERR,ERR,ERR,ERR,ERR,ERR,ERR,ERR,0.0,2.7184303811560617e+23,-100794720.0,0.0,0.0,1.3936040501711995e+18,7.805,0.0,0,0,4,0,7116,0.0,100,0.0,0.0,0.0,0.0,0.0,0,0,0,0,0.0,0,0,0,0,0,0,0,0,0,0,0,0,0,0,0,0,0,0,0,0,0,0,0,0,0,0,0,0,0,0,0,0,0,31,40,40,71,65476,0,300,0,0,8,21553,0.0,-107605600.0,0.0,0.0,0.0,0.0,0.0,0.0,0.0,0.0,0.0,0.0,0.0,0.0,-2.596148429267414e+33,0.0,0.0,0.0,0.0,0.0,0.0,0.0,-2.004,-0.0,-2.004,-0.0,0.0,0.0,0.0,0.0,4473.0,1.0406632763589053e+34,6925.0,0.0,2.7184303811560617e+23,2.718425337124479e+23,2.718428940004181e+23,0.0,0.0,0.0,0.0,69,0.0,4.066845346649544e+29,0.0,0.0,0.0,0.0,0.0,0.0,0.0,0,0,0,0.0,0.0,0.0,0.0,0.0,0.0,0.0,0.0,0.0,0.0,0.0,0.0,0.0,0.0,0.0,0.0,0,-107875648.0,69,0.0,138,0.0,-0.0,0,13107,17087,13107,17104,13107,17084,0,0,0,70,68,100,-0.0,82.0,0.0,78.8,-0.0,79.0,1,49,50,180,26215,0,0,0,0.0,0.0,0.0,0.0,-0.0,67.0,0.0,162057.094,0.0,982,0,1015,0,0,0,955,0,1041,0,941,0,793,0,785,0,823,0,7520,0.032,2.524898095088995e+20,0.0,0.0,784,16797,-0.0,162057.094,-114818.039,-0.0,0.133,6.909358625270745e+28,30.0,70.0,35,0.0,0.0,0.0,0.0,0.0,0.0,0.0,0.0,0.0,0.0,0.0,0.0,0.0,0.0,0.0,0.0,66.0,0,150,71,52,65476,0,300,0,0,8,20529,65476,0,0,44564,70.0,0.0,0.0,0.0,0.0,0.0
2026-09-10T21:09:00,ERR,ERR,ERR,ERR,ERR,ERR,ERR,ERR,ERR,ERR,ERR,ERR,ERR,ERR,ERR,ERR,ERR,ERR,ERR,ERR,ERR,ERR,ERR,ERR,ERR,ERR,ERR,ERR,ERR,ERR,ERR,ERR,ERR,ERR,ERR,ERR,ERR,ERR,ERR,ERR,ERR,ERR,ERR,ERR,ERR,ERR,ERR,ERR,ERR,ERR,ERR,ERR,ERR,ERR,ERR,ERR,ERR,ERR,ERR,ERR,ERR,ERR,ERR,ERR,ERR,ERR,ERR,ERR,ERR,ERR,ERR,ERR,ERR,ERR,ERR,ERR,ERR,ERR,ERR,ERR,ERR,ERR,ERR,ERR,ERR,ERR,ERR,ERR,ERR,ERR,ERR,ERR,ERR,ERR,ERR,ERR,ERR,ERR,ERR,ERR,ERR,ERR,ERR,ERR,ERR,ERR,ERR,ERR,ERR,ERR,ERR,ERR,ERR,ERR,ERR,ERR,ERR,ERR,ERR,ERR,ERR,ERR,ERR,ERR,ERR,0.0,2.7184303811560617e+23,-100794720.0,0.0,0.0,1.3936040501711995e+18,7.805,0.0,0,0,4,0,7116,0.0,100,0.0,0.0,0.0,0.0,0.0,0,0,0,0,0.0,0,0,0,0,0,0,0,0,0,0,0,0,0,0,0,0,0,0,0,0,0,0,0,0,0,0,0,0,0,0,0,0,0,31,40,40,71,65476,0,300,0,0,8,21553,0.0,-107605600.0,0.0,0.0,0.0,0.0,0.0,0.0,0.0,0.0,0.0,0.0,0.0,0.0,-2.596148429267414e+33,0.0,0.0,0.0,0.0,0.0,0.0,0.0,-2.004,-0.0,-2.004,-0.0,0.0,0.0,0.0,0.0,4473.0,1.0406632763589053e+34,6925.0,0.0,2.7184303811560617e+23,2.718425337124479e+23,2.718428940004181e+23,0.0,0.0,0.0,0.0,69,0.0,4.066845346649544e+29,0.0,0.0,0.0,0.0,0.0,0.0,0.0,0,0,0,0.0,0.0,0.0,0.0,0.0,0.0,0.0,0.0,0.0,0.0,0.0,0.0,0.0,0.0,0.0,0.0,0,-107875648.0,69,0.0,138,0.0,-0.0,0,13107,17087,13107,17104,13107,17084,0,0,0,70,68,100,-0.0,82.0,0.0,78.8,-0.0,79.0,1,49,50,180,26215,0,0,0,0.0,0.0,0.0,0.0,-0.0,67.0,0.0,162057.094,0.0,982,0,1015,0,0,0,955,0,1041,0,941,0,793,0,785,0,823,0,7520,0.032,2.524898095088995e+20,0.0,0.0,784,16797,-0.0,162057.094,-114818.039,-0.0,0.133,6.909358625270745e+28,30.0,70.0,35,0.0,0.0,0.0,0.0,0.0,0.0,0.0,0.0,0.0,0.0,0.0,0.0,0.0,0.0,0.0,0.0,66.0,0,150,71,52,65476,0,300,0,0,8,20529,65476,0,0,44564,70.0,0.0,0.0,0.0,0.0,0.0
2026-09-10T21:09:01,ERR,ERR,ERR,ERR,ERR,ERR,ERR,ERR,ERR,ERR,ERR,ERR,ERR,ERR,ERR,ERR,ERR,ERR,ERR,ERR,ERR,ERR,ERR,ERR,ERR,ERR,ERR,ERR,ERR,ERR,ERR,ERR,ERR,ERR,ERR,ERR,ERR,ERR,ERR,ERR,ERR,ERR,ERR,ERR,ERR,ERR,ERR,ERR,ERR,ERR,ERR,ERR,ERR,ERR,ERR,ERR,ERR,ERR,ERR,ERR,ERR,ERR,ERR,ERR,ERR,ERR,ERR,ERR,ERR,ERR,ERR,ERR,ERR,ERR,ERR,ERR,ERR,ERR,ERR,ERR,ERR,ERR,ERR,ERR,ERR,ERR,ERR,ERR,ERR,ERR,ERR,ERR,ERR,ERR,ERR,ERR,ERR,ERR,ERR,ERR,ERR,ERR,ERR,ERR,ERR,ERR,ERR,ERR,ERR,ERR,ERR,ERR,ERR,ERR,ERR,ERR,ERR,ERR,ERR,ERR,ERR,ERR,ERR,ERR,ERR,0.0,2.7184303811560617e+23,-100794720.0,0.0,0.0,1.3936040501711995e+18,7.805,0.0,0,0,4,0,7116,0.0,100,0.0,0.0,0.0,0.0,0.0,0,0,0,0,0.0,0,0,0,0,0,0,0,0,0,0,0,0,0,0,0,0,0,0,0,0,0,0,0,0,0,0,0,0,0,0,0,0,0,31,40,40,71,65476,0,300,0,0,8,21553,0.0,-107605600.0,0.0,0.0,0.0,0.0,0.0,0.0,0.0,0.0,0.0,0.0,0.0,0.0,-2.596148429267414e+33,0.0,0.0,0.0,0.0,0.0,0.0,0.0,-2.004,-0.0,-2.004,-0.0,0.0,0.0,0.0,0.0,4473.0,1.0406632763589053e+34,6925.0,0.0,2.7184303811560617e+23,2.718425337124479e+23,2.718428940004181e+23,0.0,0.0,0.0,0.0,69,0.0,4.066845346649544e+29,0.0,0.0,0.0,0.0,0.0,0.0,0.0,0,0,0,0.0,0.0,0.0,0.0,0.0,0.0,0.0,0.0,0.0,0.0,0.0,0.0,0.0,0.0,0.0,0.0,0,-107875648.0,69,0.0,138,0.0,-0.0,0,13107,17087,13107,17104,13107,17084,0,0,0,70,68,100,-0.0,82.0,0.0,78.8,-0.0,79.0,1,49,50,180,26215,0,0,0,0.0,0.0,0.0,0.0,-0.0,67.0,0.0,162057.094,0.0,982,0,1015,0,0,0,955,0,1041,0,941,0,793,0,785,0,823,0,7520,0.032,2.524898095088995e+20,0.0,0.0,784,16797,-0.0,162057.094,-114818.039,-0.0,0.133,6.909358625270745e+28,30.0,70.0,35,0.0,0.0,0.0,0.0,0.0,0.0,0.0,0.0,0.0,0.0,0.0,0.0,0.0,0.0,0.0,0.0,66.4,0,150,71,52,65476,0,300,0,0,8,20529,65476,0,0,44564,70.0,0.0,0.0,0.0,0.0,0.0
2026-09-10T21:09:02,ERR,ERR,ERR,ERR,ERR,ERR,ERR,ERR,ERR,ERR,ERR,ERR,ERR,ERR,ERR,ERR,ERR,ERR,ERR,ERR,ERR,ERR,ERR,ERR,ERR,ERR,ERR,ERR,ERR,ERR,ERR,ERR,ERR,ERR,ERR,ERR,ERR,ERR,ERR,ERR,ERR,ERR,ERR,ERR,ERR,ERR,ERR,ERR,ERR,ERR,ERR,ERR,ERR,ERR,ERR,ERR,ERR,ERR,ERR,ERR,ERR,ERR,ERR,ERR,ERR,ERR,ERR,ERR,ERR,ERR,ERR,ERR,ERR,ERR,ERR,ERR,ERR,ERR,ERR,ERR,ERR,ERR,ERR,ERR,ERR,ERR,ERR,ERR,ERR,ERR,ERR,ERR,ERR,ERR,ERR,ERR,ERR,ERR,ERR,ERR,ERR,ERR,ERR,ERR,ERR,ERR,ERR,ERR,ERR,ERR,ERR,ERR,ERR,ERR,ERR,ERR,ERR,ERR,ERR,ERR,ERR,ERR,ERR,ERR,ERR,-107615312.0,2.7184303811560617e+23,0.0,0.0,0.0,1.3936040501711995e+18,7.805,0.0,0,0,4,0,7116,0.0,100,0.0,0.0,0.0,0.0,0.0,0,0,0,0,0.0,0,0,0,0,0,0,0,0,0,0,0,0,0,0,0,0,0,0,0,0,0,0,0,0,0,0,0,0,0,0,0,0,0,31,40,40,71,65476,0,300,0,0,8,21553,0.0,-107605600.0,0.0,0.0,0.0,0.0,0.0,0.0,0.0,0.0,0.0,0.0,0.0,0.0,0.0,0.0,0.0,0.0,0.0,0.0,0.0,0.0,-2.004,-0.0,-2.004,-0.0,0.0,0.0,0.0,0.0,4467.0,2.4229830046158873e+24,6925.0,0.0,2.7184303811560617e+23,2.718425337124479e+23,2.718428940004181e+23,0.0,0.0,0.0,0.0,69,-3.222030068424997e+26,4.066845346649544e+29,0.0,0.0,0.0,0.0,0.0,0.0,0.0,0,0,0,0.0,0.0,0.0,0.0,0.0,0.0,0.0,0.0,0.0,0.0,0.0,0.0,0.0,0.0,0.0,0.0,0,-107875648.0,69,0.0,138,0.0,-0.0,0,13107,17087,13107,17104,13107,17084,0,0,0,70,68,100,-0.0,82.0,0.0,78.8,-0.0,79.0,1,49,50,180,26215,0,0,0,0.0,0.0,0.0,0.0,-0.0,67.0,0.0,162057.094,0.0,982,0,1015,0,0,0,955,0,1041,0,941,0,793,0,785,0,823,0,7520,0.032,2.524898095088995e+20,0.0,0.0,784,16797,-0.0,162057.094,-114818.039,-0.0,0.133,6.909358625270745e+28,30.0,70.0,35,0.0,0.0,0.0,0.0,0.0,0.0,0.0,0.0,0.0,0.0,0.0,0.0,0.0,0.0,0.0,0.0,66.4,0,150,71,52,65476,0,300,0,0,8,20529,65476,0,0,44564,70.0,0.0,0.0,0.0,0.0,0.0
2026-09-10T21:09:03,ERR,ERR,ERR,ERR,ERR,ERR,ERR,ERR,ERR,ERR,ERR,ERR,ERR,ERR,ERR,ERR,ERR,ERR,ERR,ERR,ERR,ERR,ERR,ERR,ERR,ERR,ERR,ERR,ERR,ERR,ERR,ERR,ERR,ERR,ERR,ERR,ERR,ERR,ERR,ERR,ERR,ERR,ERR,ERR,ERR,ERR,ERR,ERR,ERR,ERR,ERR,ERR,ERR,ERR,ERR,ERR,ERR,ERR,ERR,ERR,ERR,ERR,ERR,ERR,ERR,ERR,ERR,ERR,ERR,ERR,ERR,ERR,ERR,ERR,ERR,ERR,ERR,ERR,ERR,ERR,ERR,ERR,ERR,ERR,ERR,ERR,ERR,ERR,ERR,ERR,ERR,ERR,ERR,ERR,ERR,ERR,ERR,ERR,ERR,ERR,ERR,ERR,ERR,ERR,ERR,ERR,ERR,ERR,ERR,ERR,ERR,ERR,ERR,ERR,ERR,ERR,ERR,ERR,ERR,ERR,ERR,ERR,ERR,ERR,ERR,-107615312.0,2.7184303811560617e+23,0.0,0.0,0.0,1.3936040501711995e+18,7.805,0.0,0,0,4,0,7116,0.0,100,0.0,0.0,0.0,0.0,0.0,0,0,0,0,0.0,0,0,0,0,0,0,0,0,0,0,0,0,0,0,0,0,0,0,0,0,0,0,0,0,0,0,0,0,0,0,0,0,0,31,40,40,71,65476,0,300,0,0,8,21553,0.0,-107605600.0,0.0,0.0,0.0,0.0,0.0,0.0,0.0,0.0,0.0,0.0,0.0,0.0,0.0,0.0,0.0,0.0,0.0,0.0,0.0,0.0,-2.004,-0.0,-2.004,-0.0,0.0,0.0,0.0,0.0,4467.0,2.4229830046158873e+24,6925.0,0.0,2.7184303811560617e+23,2.718425337124479e+23,2.718428940004181e+23,0.0,0.0,0.0,0.0,69,-3.222030068424997e+26,4.066845346649544e+29,0.0,0.0,0.0,0.0,0.0,0.0,0.0,0,0,0,0.0,0.0,0.0,0.0,0.0,0.0,0.0,0.0,0.0,0.0,0.0,0.0,0.0,0.0,0.0,0.0,0,-107875648.0,69,0.0,138,0.0,-0.0,0,13107,17087,13107,17104,13107,17084,0,0,0,70,68,100,-0.0,82.0,0.0,78.8,-0.0,79.0,1,49,50,180,26215,0,0,0,0.0,0.0,0.0,0.0,-0.0,67.0,0.0,162057.094,0.0,982,0,1015,0,0,0,956,0,1041,0,941,0,793,0,785,0,823,0,7520,0.032,2.524898095088995e+20,0.0,0.0,784,16797,-0.0,162057.094,-114818.039,-0.0,0.133,6.909358625270745e+28,30.0,70.0,35,0.0,0.0,0.0,0.0,0.0,0.0,0.0,0.0,0.0,0.0,0.0,0.0,0.0,0.0,0.0,0.0,66.4,0,150,71,52,65476,0,300,0,0,8,20529,65476,0,0,44564,70.0,0.0,0.0,0.0,0.0,0.0
2026-09-10T21:09:04,ERR,ERR,ERR,ERR,ERR,ERR,ERR,ERR,ERR,ERR,ERR,ERR,ERR,ERR,ERR,ERR,ERR,ERR,ERR,ERR,ERR,ERR,ERR,ERR,ERR,ERR,ERR,ERR,ERR,ERR,ERR,ERR,ERR,ERR,ERR,ERR,ERR,ERR,ERR,ERR,ERR,ERR,ERR,ERR,ERR,ERR,ERR,ERR,ERR,ERR,ERR,ERR,ERR,ERR,ERR,ERR,ERR,ERR,ERR,ERR,ERR,ERR,ERR,ERR,ERR,ERR,ERR,ERR,ERR,ERR,ERR,ERR,ERR,ERR,ERR,ERR,ERR,ERR,ERR,ERR,ERR,ERR,ERR,ERR,ERR,ERR,ERR,ERR,ERR,ERR,ERR,ERR,ERR,ERR,ERR,ERR,ERR,ERR,ERR,ERR,ERR,ERR,ERR,ERR,ERR,ERR,ERR,ERR,ERR,ERR,ERR,ERR,ERR,ERR,ERR,ERR,ERR,ERR,ERR,ERR,ERR,ERR,ERR,ERR,ERR,-107615312.0,2.7184303811560617e+23,0.0,0.0,0.0,1.3936040501711995e+18,7.805,0.0,0,0,4,0,7116,0.0,100,0.0,0.0,0.0,0.0,0.0,0,0,0,0,0.0,0,0,0,0,0,0,0,0,0,0,0,0,0,0,0,0,0,0,0,0,0,0,0,0,0,0,0,0,0,0,0,0,0,31,40,40,71,65476,0,300,0,0,8,21553,0.0,-107605600.0,0.0,0.0,0.0,0.0,0.0,0.0,0.0,0.0,0.0,0.0,0.0,0.0,0.0,0.0,0.0,0.0,0.0,0.0,0.0,0.0,-2.004,-0.0,-2.004,-0.0,0.0,0.0,0.0,0.0,4467.0,2.4229830046158873e+24,6925.0,0.0,2.7184303811560617e+23,2.718425337124479e+23,2.718428940004181e+23,0.0,0.0,0.0,0.0,69,-3.222030068424997e+26,4.066845346649544e+29,0.0,0.0,0.0,0.0,0.0,0.0,0.0,0,0,0,0.0,0.0,0.0,0.0,0.0,0.0,0.0,0.0,0.0,0.0,0.0,0.0,0.0,0.0,0.0,0.0,0,-107875648.0,69,0.0,138,0.0,-0.0,0,13107,17087,13107,17104,13107,17084,0,0,0,70,68,100,-0.0,82.0,0.0,78.8,-0.0,79.0,1,49,50,180,26215,0,0,0,0.0,0.0,0.0,0.0,-0.0,67.0,0.0,162057.094,0.0,982,0,1015,0,0,0,956,0,1041,0,941,0,793,0,785,0,823,0,7520,0.032,2.524898095088995e+20,0.0,0.0,784,16797,-0.0,162057.094,-114818.039,-0.0,0.133,6.909358625270745e+28,30.0,70.0,35,0.0,0.0,0.0,0.0,0.0,0.0,0.0,0.0,0.0,0.0,0.0,0.0,0.0,0.0,0.0,0.0,66.4,0,150,71,52,65476,0,300,0,0,8,20529,65476,0,0,44564,70.0,0.0,0.0,0.0,0.0,0.0
2026-09-10T21:09:05,ERR,ERR,ERR,ERR,ERR,ERR,ERR,ERR,ERR,ERR,ERR,ERR,ERR,ERR,ERR,ERR,ERR,ERR,ERR,ERR,ERR,ERR,ERR,ERR,ERR,ERR,ERR,ERR,ERR,ERR,ERR,ERR,ERR,ERR,ERR,ERR,ERR,ERR,ERR,ERR,ERR,ERR,ERR,ERR,ERR,ERR,ERR,ERR,ERR,ERR,ERR,ERR,ERR,ERR,ERR,ERR,ERR,ERR,ERR,ERR,ERR,ERR,ERR,ERR,ERR,ERR,ERR,ERR,ERR,ERR,ERR,ERR,ERR,ERR,ERR,ERR,ERR,ERR,ERR,ERR,ERR,ERR,ERR,ERR,ERR,ERR,ERR,ERR,ERR,ERR,ERR,ERR,ERR,ERR,ERR,ERR,ERR,ERR,ERR,ERR,ERR,ERR,ERR,ERR,ERR,ERR,ERR,ERR,ERR,ERR,ERR,ERR,ERR,ERR,ERR,ERR,ERR,ERR,ERR,ERR,ERR,ERR,ERR,ERR,ERR,-107615312.0,2.7184303811560617e+23,0.0,0.0,0.0,1.3936040501711995e+18,7.805,0.0,0,0,4,0,7116,0.0,100,0.0,0.0,0.0,0.0,0.0,0,0,0,0,0.0,0,0,0,0,0,0,0,0,0,0,0,0,0,0,0,0,0,0,0,0,0,0,0,0,0,0,0,0,0,0,0,0,0,31,40,40,71,65476,0,300,0,0,8,21553,0.0,-107605600.0,0.0,0.0,0.0,0.0,0.0,0.0,0.0,0.0,0.0,0.0,0.0,0.0,0.0,0.0,0.0,0.0,0.0,0.0,0.0,0.0,-2.004,-0.0,-2.004,-0.0,0.0,0.0,0.0,0.0,4467.0,2.4229830046158873e+24,6925.0,0.0,2.7184303811560617e+23,2.718425337124479e+23,2.718428940004181e+23,0.0,0.0,0.0,0.0,69,-3.222030068424997e+26,4.066845346649544e+29,0.0,0.0,0.0,0.0,0.0,0.0,0.0,0,0,0,0.0,0.0,0.0,0.0,0.0,0.0,0.0,0.0,0.0,0.0,0.0,0.0,0.0,0.0,0.0,0.0,0,-107875648.0,69,0.0,138,0.0,-0.0,0,13107,17087,13107,17104,13107,17084,0,0,0,70,68,100,-0.0,82.0,0.0,78.8,-0.0,79.0,1,49,50,180,26215,0,0,0,0.0,0.0,0.0,0.0,-0.0,67.0,0.0,162057.094,0.0,982,0,1015,0,0,0,956,0,1041,0,941,0,793,0,785,0,823,0,7520,0.032,2.524898095088995e+20,0.0,0.0,784,16797,-0.0,162057.094,-114818.039,-0.0,0.133,6.909358625270745e+28,30.0,70.0,35,0.0,0.0,0.0,0.0,0.0,0.0,0.0,0.0,0.0,0.0,0.0,0.0,0.0,0.0,0.0,0.0,66.0,0,150,71,52,65476,0,300,0,0,8,20529,65476,0,0,44564,70.0,0.0,0.0,0.0,0.0,0.0
2026-09-10T21:09:06,ERR,ERR,ERR,ERR,ERR,ERR,ERR,ERR,ERR,ERR,ERR,ERR,ERR,ERR,ERR,ERR,ERR,ERR,ERR,ERR,ERR,ERR,ERR,ERR,ERR,ERR,ERR,ERR,ERR,ERR,ERR,ERR,ERR,ERR,ERR,ERR,ERR,ERR,ERR,ERR,ERR,ERR,ERR,ERR,ERR,ERR,ERR,ERR,ERR,ERR,ERR,ERR,ERR,ERR,ERR,ERR,ERR,ERR,ERR,ERR,ERR,ERR,ERR,ERR,ERR,ERR,ERR,ERR,ERR,ERR,ERR,ERR,ERR,ERR,ERR,ERR,ERR,ERR,ERR,ERR,ERR,ERR,ERR,ERR,ERR,ERR,ERR,ERR,ERR,ERR,ERR,ERR,ERR,ERR,ERR,ERR,ERR,ERR,ERR,ERR,ERR,ERR,ERR,ERR,ERR,ERR,ERR,ERR,ERR,ERR,ERR,ERR,ERR,ERR,ERR,ERR,ERR,ERR,ERR,ERR,ERR,ERR,ERR,ERR,ERR,-107615312.0,2.7184303811560617e+23,0.0,0.0,0.0,1.3936040501711995e+18,7.805,0.0,0,0,4,0,7116,0.0,100,0.0,0.0,0.0,0.0,0.0,0,0,0,0,0.0,0,0,0,0,0,0,0,0,0,0,0,0,0,0,0,0,0,0,0,0,0,0,0,0,0,0,0,0,0,0,0,0,0,31,40,40,71,65476,0,300,0,0,8,21553,0.0,-107605600.0,0.0,0.0,0.0,0.0,0.0,0.0,0.0,0.0,0.0,0.0,0.0,0.0,0.0,0.0,0.0,0.0,0.0,0.0,0.0,0.0,-2.004,-0.0,-2.004,-0.0,0.0,0.0,0.0,0.0,4467.0,2.4229830046158873e+24,6925.0,0.0,2.7184303811560617e+23,2.718425337124479e+23,2.718428940004181e+23,0.0,0.0,0.0,0.0,69,-3.222030068424997e+26,4.066845346649544e+29,0.0,0.0,0.0,0.0,0.0,0.0,0.0,0,0,0,0.0,0.0,0.0,0.0,0.0,0.0,0.0,0.0,0.0,0.0,0.0,0.0,0.0,0.0,0.0,0.0,0,-107875648.0,69,0.0,138,0.0,-0.0,0,13107,17087,13107,17104,13107,17084,0,0,0,70,68,100,-0.0,82.0,0.0,78.8,-0.0,79.0,1,49,50,180,26215,0,0,0,0.0,0.0,0.0,0.0,-0.0,67.0,0.0,162057.094,0.0,982,0,1015,0,0,0,956,0,1041,0,941,0,793,0,785,0,823,0,7520,0.032,2.524898095088995e+20,0.0,0.0,784,16797,-0.0,162057.094,-114818.039,-0.0,0.133,6.909358625270745e+28,30.0,70.0,35,0.0,0.0,0.0,0.0,0.0,0.0,0.0,0.0,0.0,0.0,0.0,0.0,0.0,0.0,0.0,0.0,66.0,0,150,71,52,65476,0,300,0,0,8,20529,65476,0,0,44564,70.0,0.0,0.0,0.0,0.0,0.0
2026-09-10T21:09:07,ERR,ERR,ERR,ERR,ERR,ERR,ERR,ERR,ERR,ERR,ERR,ERR,ERR,ERR,ERR,ERR,ERR,ERR,ERR,ERR,ERR,ERR,ERR,ERR,ERR,ERR,ERR,ERR,ERR,ERR,ERR,ERR,ERR,ERR,ERR,ERR,ERR,ERR,ERR,ERR,ERR,ERR,ERR,ERR,ERR,ERR,ERR,ERR,ERR,ERR,ERR,ERR,ERR,ERR,ERR,ERR,ERR,ERR,ERR,ERR,ERR,ERR,ERR,ERR,ERR,ERR,ERR,ERR,ERR,ERR,ERR,ERR,ERR,ERR,ERR,ERR,ERR,ERR,ERR,ERR,ERR,ERR,ERR,ERR,ERR,ERR,ERR,ERR,ERR,ERR,ERR,ERR,ERR,ERR,ERR,ERR,ERR,ERR,ERR,ERR,ERR,ERR,ERR,ERR,ERR,ERR,ERR,ERR,ERR,ERR,ERR,ERR,ERR,ERR,ERR,ERR,ERR,ERR,ERR,ERR,ERR,ERR,ERR,ERR,ERR,-107615312.0,2.7184303811560617e+23,0.0,0.0,0.0,1.3936040501711995e+18,7.805,0.0,0,0,4,0,7116,0.0,100,0.0,0.0,0.0,0.0,0.0,0,0,0,0,0.0,0,0,0,0,0,0,0,0,0,0,0,0,0,0,0,0,0,0,0,0,0,0,0,0,0,0,0,0,0,0,0,0,0,31,40,40,71,65476,0,300,0,0,8,21553,0.0,-107605600.0,0.0,0.0,0.0,0.0,0.0,0.0,0.0,0.0,0.0,0.0,0.0,0.0,0.0,0.0,0.0,0.0,0.0,0.0,0.0,0.0,-2.004,-0.0,-2.004,-0.0,0.0,0.0,0.0,0.0,4467.0,2.4229830046158873e+24,6925.0,0.0,2.7184303811560617e+23,2.718425337124479e+23,2.718428940004181e+23,0.0,0.0,0.0,0.0,69,-3.222030068424997e+26,4.066845346649544e+29,0.0,0.0,0.0,0.0,0.0,0.0,0.0,0,0,0,0.0,0.0,0.0,0.0,0.0,0.0,0.0,0.0,0.0,0.0,0.0,0.0,0.0,0.0,0.0,0.0,0,-107875648.0,69,0.0,138,0.0,-0.0,0,13107,17087,13107,17104,13107,17084,0,0,0,70,68,100,-0.0,82.0,0.0,78.8,-0.0,79.0,1,49,50,180,26215,0,0,0,0.0,0.0,0.0,0.0,-0.0,67.0,0.0,162057.094,0.0,982,0,1015,0,0,0,956,0,1041,0,941,0,793,0,785,0,823,0,7520,0.032,2.524898095088995e+20,0.0,0.0,784,16797,-0.0,162057.094,-114818.039,-0.0,0.133,6.909358625270745e+28,30.0,70.0,35,0.0,0.0,0.0,0.0,0.0,0.0,0.0,0.0,0.0,0.0,0.0,0.0,0.0,0.0,0.0,0.0,66.0,0,150,71,52,65476,0,300,0,0,8,20529,65476,0,0,44564,70.0,0.0,0.0,0.0,0.0,0.0
2026-09-10T21:09:08,ERR,ERR,ERR,ERR,ERR,ERR,ERR,ERR,ERR,ERR,ERR,ERR,ERR,ERR,ERR,ERR,ERR,ERR,ERR,ERR,ERR,ERR,ERR,ERR,ERR,ERR,ERR,ERR,ERR,ERR,ERR,ERR,ERR,ERR,ERR,ERR,ERR,ERR,ERR,ERR,ERR,ERR,ERR,ERR,ERR,ERR,ERR,ERR,ERR,ERR,ERR,ERR,ERR,ERR,ERR,ERR,ERR,ERR,ERR,ERR,ERR,ERR,ERR,ERR,ERR,ERR,ERR,ERR,ERR,ERR,ERR,ERR,ERR,ERR,ERR,ERR,ERR,ERR,ERR,ERR,ERR,ERR,ERR,ERR,ERR,ERR,ERR,ERR,ERR,ERR,ERR,ERR,ERR,ERR,ERR,ERR,ERR,ERR,ERR,ERR,ERR,ERR,ERR,ERR,ERR,ERR,ERR,ERR,ERR,ERR,ERR,ERR,ERR,ERR,ERR,ERR,ERR,ERR,ERR,ERR,ERR,ERR,ERR,ERR,ERR,-107615312.0,2.7184303811560617e+23,0.0,0.0,0.0,1.3936040501711995e+18,7.805,0.0,0,0,4,0,7116,0.0,100,0.0,0.0,0.0,0.0,0.0,0,0,0,0,0.0,0,0,0,0,0,0,0,0,0,0,0,0,0,0,0,0,0,0,0,0,0,0,0,0,0,0,0,0,0,0,0,0,0,31,40,40,71,65476,0,300,0,0,8,21553,0.0,-107605600.0,0.0,0.0,0.0,0.0,0.0,0.0,0.0,0.0,0.0,0.0,0.0,0.0,0.0,0.0,0.0,0.0,0.0,0.0,0.0,0.0,-2.004,-0.0,-2.004,-0.0,0.0,0.0,0.0,0.0,4467.0,2.4229830046158873e+24,6925.0,0.0,2.7184303811560617e+23,2.718425337124479e+23,2.718428940004181e+23,0.0,0.0,0.0,0.0,69,-3.222030068424997e+26,4.066845346649544e+29,0.0,0.0,0.0,0.0,0.0,0.0,0.0,0,0,0,0.0,0.0,0.0,0.0,0.0,0.0,0.0,0.0,0.0,0.0,0.0,0.0,0.0,0.0,0.0,0.0,0,-107875648.0,69,0.0,138,0.0,-0.0,0,13107,17087,13107,17104,13107,17084,0,0,0,70,68,100,-0.0,82.0,0.0,78.8,-0.0,79.0,1,49,50,180,26215,0,0,0,0.0,0.0,0.0,0.0,-0.0,67.0,0.0,162057.094,0.0,982,0,1015,0,0,0,956,0,1041,0,941,0,793,0,785,0,823,0,7520,0.032,2.524898095088995e+20,0.0,0.0,784,16797,-0.0,162057.094,-114818.039,-0.0,0.133,6.909358625270745e+28,30.0,70.0,35,0.0,0.0,0.0,0.0,0.0,0.0,0.0,0.0,0.0,0.0,0.0,0.0,0.0,0.0,0.0,0.0,66.0,0,150,71,52,65476,0,300,0,0,8,20529,65476,0,0,44564,70.0,0.0,0.0,0.0,0.0,0.0
2026-09-10T21:09:09,ERR,ERR,ERR,ERR,ERR,ERR,ERR,ERR,ERR,ERR,ERR,ERR,ERR,ERR,ERR,ERR,ERR,ERR,ERR,ERR,ERR,ERR,ERR,ERR,ERR,ERR,ERR,ERR,ERR,ERR,ERR,ERR,ERR,ERR,ERR,ERR,ERR,ERR,ERR,ERR,ERR,ERR,ERR,ERR,ERR,ERR,ERR,ERR,ERR,ERR,ERR,ERR,ERR,ERR,ERR,ERR,ERR,ERR,ERR,ERR,ERR,ERR,ERR,ERR,ERR,ERR,ERR,ERR,ERR,ERR,ERR,ERR,ERR,ERR,ERR,ERR,ERR,ERR,ERR,ERR,ERR,ERR,ERR,ERR,ERR,ERR,ERR,ERR,ERR,ERR,ERR,ERR,ERR,ERR,ERR,ERR,ERR,ERR,ERR,ERR,ERR,ERR,ERR,ERR,ERR,ERR,ERR,ERR,ERR,ERR,ERR,ERR,ERR,ERR,ERR,ERR,ERR,ERR,ERR,ERR,ERR,ERR,ERR,ERR,ERR,-107615312.0,2.7184303811560617e+23,0.0,0.0,0.0,1.3936040501711995e+18,7.805,0.0,0,0,4,0,7116,0.0,100,0.0,0.0,0.0,0.0,0.0,0,0,0,0,0.0,0,0,0,0,0,0,0,0,0,0,0,0,0,0,0,0,0,0,0,0,0,0,0,0,0,0,0,0,0,0,0,0,0,31,40,40,71,65476,0,300,0,0,8,21553,0.0,-107605600.0,0.0,0.0,0.0,0.0,0.0,0.0,0.0,0.0,0.0,0.0,0.0,0.0,0.0,0.0,0.0,0.0,0.0,0.0,0.0,0.0,-2.004,-0.0,-2.004,-0.0,0.0,0.0,0.0,0.0,4467.0,2.4229830046158873e+24,6925.0,0.0,2.7184303811560617e+23,2.718425337124479e+23,2.718428940004181e+23,0.0,0.0,0.0,0.0,69,-3.222030068424997e+26,4.066845346649544e+29,0.0,0.0,0.0,0.0,0.0,0.0,0.0,0,0,0,0.0,0.0,0.0,0.0,0.0,0.0,0.0,0.0,0.0,0.0,0.0,0.0,0.0,0.0,0.0,0.0,0,-107875648.0,69,0.0,138,0.0,-0.0,0,0,17087,13107,17104,13107,17084,0,0,0,70,68,100,-0.0,82.0,0.0,78.8,-0.0,79.0,1,49,50,180,26215,52429,0,0,0.0,0.0,0.0,0.0,-0.0,67.0,0.0,162057.094,0.0,982,0,1014,0,0,0,956,0,1041,0,941,0,793,0,785,0,823,0,7520,0.032,2.524898095088995e+20,0.0,0.0,784,16797,-0.0,162057.094,-114818.039,-0.0,0.133,6.909358625270745e+28,30.0,70.0,35,0.0,0.0,0.0,0.0,0.0,0.0,0.0,0.0,0.0,0.0,0.0,0.0,0.0,0.0,0.0,0.0,66.0,0,150,71,52,65476,0,300,0,0,8,20529,65476,0,0,44564,70.0,0.0,0.0,0.0,0.0,0.0
2026-09-10T21:09:10,ERR,ERR,ERR,ERR,ERR,ERR,ERR,ERR,ERR,ERR,ERR,ERR,ERR,ERR,ERR,ERR,ERR,ERR,ERR,ERR,ERR,ERR,ERR,ERR,ERR,ERR,ERR,ERR,ERR,ERR,ERR,ERR,ERR,ERR,ERR,ERR,ERR,ERR,ERR,ERR,ERR,ERR,ERR,ERR,ERR,ERR,ERR,ERR,ERR,ERR,ERR,ERR,ERR,ERR,ERR,ERR,ERR,ERR,ERR,ERR,ERR,ERR,ERR,ERR,ERR,ERR,ERR,ERR,ERR,ERR,ERR,ERR,ERR,ERR,ERR,ERR,ERR,ERR,ERR,ERR,ERR,ERR,ERR,ERR,ERR,ERR,ERR,ERR,ERR,ERR,ERR,ERR,ERR,ERR,ERR,ERR,ERR,ERR,ERR,ERR,ERR,ERR,ERR,ERR,ERR,ERR,ERR,ERR,ERR,ERR,ERR,ERR,ERR,ERR,ERR,ERR,ERR,ERR,ERR,ERR,ERR,ERR,ERR,ERR,ERR,-107615312.0,2.7184303811560617e+23,0.0,0.0,0.0,1.3936040501711995e+18,7.805,0.0,0,0,4,0,7116,0.0,100,0.0,0.0,0.0,0.0,0.0,0,0,0,0,0.0,0,0,0,0,0,0,0,0,0,0,0,0,0,0,0,0,0,0,0,0,0,0,0,0,0,0,0,0,0,0,0,0,0,31,40,40,71,65476,0,300,0,0,8,21553,0.0,-107605600.0,0.0,0.0,0.0,0.0,0.0,0.0,0.0,0.0,0.0,0.0,0.0,0.0,0.0,0.0,0.0,0.0,0.0,0.0,0.0,0.0,-0.0,-0.0,-2.004,-0.0,0.0,0.0,0.0,0.0,4472.0,1.587926141905068e+29,6926.0,0.0,2.7184303811560617e+23,2.718425337124479e+23,2.718428940004181e+23,0.0,0.0,0.0,0.0,69,0.0,5.848046968061515e+35,0.0,0.0,0.0,0.0,0.0,0.0,0.0,0,0,0,0.0,0.0,0.0,0.0,0.0,0.0,0.0,0.0,0.0,0.0,0.0,0.0,0.0,0.0,0.0,0.0,0,-107875648.0,69,0.0,138,0.0,-0.0,0,0,17087,13107,17104,13107,17084,0,0,0,70,68,100,-0.0,82.0,0.0,78.8,-0.0,79.0,1,49,50,180,26215,52429,0,0,0.0,0.0,0.0,0.0,-0.0,67.0,0.0,162057.094,0.0,982,0,1014,0,0,0,956,0,1041,0,941,0,793,0,785,0,823,0,7520,0.032,2.524898095088995e+20,0.0,0.0,784,16797,-0.0,162057.094,-114818.039,-0.0,0.133,6.909358625270745e+28,30.0,70.0,35,0.0,0.0,0.0,0.0,0.0,0.0,0.0,0.0,0.0,0.0,0.0,0.0,0.0,0.0,0.0,0.0,66.0,0,150,71,52,65476,0,300,0,0,8,20529,65476,0,0,44564,70.0,0.0,0.0,0.0,0.0,0.0
2026-09-10T21:09:11,ERR,ERR,ERR,ERR,ERR,ERR,ERR,ERR,ERR,ERR,ERR,ERR,ERR,ERR,ERR,ERR,ERR,ERR,ERR,ERR,ERR,ERR,ERR,ERR,ERR,ERR,ERR,ERR,ERR,ERR,ERR,ERR,ERR,ERR,ERR,ERR,ERR,ERR,ERR,ERR,ERR,ERR,ERR,ERR,ERR,ERR,ERR,ERR,ERR,ERR,ERR,ERR,ERR,ERR,ERR,ERR,ERR,ERR,ERR,ERR,ERR,ERR,ERR,ERR,ERR,ERR,ERR,ERR,ERR,ERR,ERR,ERR,ERR,ERR,ERR,ERR,ERR,ERR,ERR,ERR,ERR,ERR,ERR,ERR,ERR,ERR,ERR,ERR,ERR,ERR,ERR,ERR,ERR,ERR,ERR,ERR,ERR,ERR,ERR,ERR,ERR,ERR,ERR,ERR,ERR,ERR,ERR,ERR,ERR,ERR,ERR,ERR,ERR,ERR,ERR,ERR,ERR,ERR,ERR,ERR,ERR,ERR,ERR,ERR,ERR,-107615312.0,2.7184303811560617e+23,0.0,0.0,0.0,1.3936040501711995e+18,7.805,0.0,0,0,4,0,7116,0.0,100,0.0,0.0,0.0,0.0,0.0,0,0,0,0,0.0,0,0,0,0,0,0,0,0,0,0,0,0,0,0,0,0,0,0,0,0,0,0,0,0,0,0,0,0,0,0,0,0,0,31,40,40,71,65476,0,300,0,0,8,21553,0.0,-107605600.0,0.0,0.0,0.0,0.0,0.0,0.0,0.0,0.0,0.0,0.0,0.0,0.0,0.0,0.0,0.0,0.0,0.0,0.0,0.0,0.0,-0.0,-0.0,-2.004,-0.0,0.0,0.0,0.0,0.0,4472.0,1.587926141905068e+29,6926.0,0.0,2.7184303811560617e+23,2.718425337124479e+23,2.718428940004181e+23,0.0,0.0,0.0,0.0,69,0.0,5.848046968061515e+35,0.0,0.0,0.0,0.0,0.0,0.0,0.0,0,0,0,0.0,0.0,0.0,0.0,0.0,0.0,0.0,0.0,0.0,0.0,0.0,0.0,0.0,0.0,0.0,0.0,0,-107875648.0,69,0.0,138,0.0,-0.0,0,0,17087,13107,17104,13107,17084,0,0,0,70,68,100,-0.0,82.0,0.0,78.8,-0.0,79.0,1,49,50,180,26215,52429,0,0,0.0,0.0,0.0,0.0,-0.0,67.0,0.0,162057.094,0.0,982,0,1014,0,0,0,956,0,1041,0,941,0,793,0,785,0,823,0,7520,0.032,2.524898095088995e+20,0.0,0.0,784,16797,-0.0,162057.094,-114818.039,-0.0,0.133,6.909358625270745e+28,30.0,70.0,35,0.0,0.0,0.0,0.0,0.0,0.0,0.0,0.0,0.0,0.0,0.0,0.0,0.0,0.0,0.0,0.0,66.0,0,150,71,52,65476,0,300,0,0,8,20529,65476,0,0,44564,70.0,0.0,0.0,0.0,0.0,0.0
2026-09-10T21:09:12,ERR,ERR,ERR,ERR,ERR,ERR,ERR,ERR,ERR,ERR,ERR,ERR,ERR,ERR,ERR,ERR,ERR,ERR,ERR,ERR,ERR,ERR,ERR,ERR,ERR,ERR,ERR,ERR,ERR,ERR,ERR,ERR,ERR,ERR,ERR,ERR,ERR,ERR,ERR,ERR,ERR,ERR,ERR,ERR,ERR,ERR,ERR,ERR,ERR,ERR,ERR,ERR,ERR,ERR,ERR,ERR,ERR,ERR,ERR,ERR,ERR,ERR,ERR,ERR,ERR,ERR,ERR,ERR,ERR,ERR,ERR,ERR,ERR,ERR,ERR,ERR,ERR,ERR,ERR,ERR,ERR,ERR,ERR,ERR,ERR,ERR,ERR,ERR,ERR,ERR,ERR,ERR,ERR,ERR,ERR,ERR,ERR,ERR,ERR,ERR,ERR,ERR,ERR,ERR,ERR,ERR,ERR,ERR,ERR,ERR,ERR,ERR,ERR,ERR,ERR,ERR,ERR,ERR,ERR,ERR,ERR,ERR,ERR,ERR,ERR,-107615312.0,2.7184303811560617e+23,0.0,0.0,0.0,1.3936040501711995e+18,7.805,0.0,0,0,4,0,7116,0.0,100,0.0,0.0,0.0,0.0,0.0,0,0,0,0,0.0,0,0,0,0,0,0,0,0,0,0,0,0,0,0,0,0,0,0,0,0,0,0,0,0,0,0,0,0,0,0,0,0,0,31,40,40,71,65476,0,300,0,0,8,21553,0.0,-107605600.0,0.0,0.0,0.0,0.0,0.0,0.0,0.0,0.0,0.0,0.0,0.0,0.0,0.0,0.0,0.0,0.0,0.0,0.0,0.0,0.0,-0.0,-0.0,-2.004,-0.0,0.0,0.0,0.0,0.0,4472.0,1.587926141905068e+29,6926.0,0.0,2.7184303811560617e+23,2.718425337124479e+23,2.718428940004181e+23,0.0,0.0,0.0,0.0,69,0.0,5.848046968061515e+35,0.0,0.0,0.0,0.0,0.0,0.0,0.0,0,0,0,0.0,0.0,0.0,0.0,0.0,0.0,0.0,0.0,0.0,0.0,0.0,0.0,0.0,0.0,0.0,0.0,0,-107875648.0,69,0.0,138,0.0,-0.0,0,0,17087,13107,17104,13107,17084,0,0,0,70,68,100,-0.0,82.0,0.0,78.8,-0.0,79.0,1,49,50,180,26215,52429,0,0,0.0,0.0,0.0,0.0,-0.0,67.0,0.0,162057.094,0.0,982,0,1014,0,0,0,956,0,1041,0,941,0,793,0,785,0,823,0,7520,0.032,2.524898095088995e+20,0.0,0.0,784,16797,-0.0,162057.094,-114818.039,-0.0,0.133,6.909358625270745e+28,30.0,70.0,35,0.0,0.0,0.0,0.0,0.0,0.0,0.0,0.0,0.0,0.0,0.0,0.0,0.0,0.0,0.0,0.0,66.0,0,150,71,52,65476,0,300,0,0,8,20529,65476,0,0,44564,70.0,0.0,0.0,0.0,0.0,0.0
2026-09-10T21:09:13,ERR,ERR,ERR,ERR,ERR,ERR,ERR,ERR,ERR,ERR,ERR,ERR,ERR,ERR,ERR,ERR,ERR,ERR,ERR,ERR,ERR,ERR,ERR,ERR,ERR,ERR,ERR,ERR,ERR,ERR,ERR,ERR,ERR,ERR,ERR,ERR,ERR,ERR,ERR,ERR,ERR,ERR,ERR,ERR,ERR,ERR,ERR,ERR,ERR,ERR,ERR,ERR,ERR,ERR,ERR,ERR,ERR,ERR,ERR,ERR,ERR,ERR,ERR,ERR,ERR,ERR,ERR,ERR,ERR,ERR,ERR,ERR,ERR,ERR,ERR,ERR,ERR,ERR,ERR,ERR,ERR,ERR,ERR,ERR,ERR,ERR,ERR,ERR,ERR,ERR,ERR,ERR,ERR,ERR,ERR,ERR,ERR,ERR,ERR,ERR,ERR,ERR,ERR,ERR,ERR,ERR,ERR,ERR,ERR,ERR,ERR,ERR,ERR,ERR,ERR,ERR,ERR,ERR,ERR,ERR,ERR,ERR,ERR,ERR,ERR,-107615312.0,2.7184303811560617e+23,0.0,0.0,0.0,1.3936040501711995e+18,7.805,0.0,0,0,4,0,7116,0.0,100,0.0,0.0,0.0,0.0,0.0,0,0,0,0,0.0,0,0,0,0,0,0,0,0,0,0,0,0,0,0,0,0,0,0,0,0,0,0,0,0,0,0,0,0,0,0,0,0,0,31,40,40,71,65476,0,300,0,0,8,21553,0.0,-107605600.0,0.0,0.0,0.0,0.0,0.0,0.0,0.0,0.0,0.0,0.0,0.0,0.0,0.0,0.0,0.0,0.0,0.0,0.0,0.0,0.0,-0.0,-0.0,-2.004,-0.0,0.0,0.0,0.0,0.0,4472.0,1.587926141905068e+29,6926.0,0.0,2.7184303811560617e+23,2.718425337124479e+23,2.718428940004181e+23,0.0,0.0,0.0,0.0,69,0.0,5.848046968061515e+35,0.0,0.0,0.0,0.0,0.0,0.0,0.0,0,0,0,0.0,0.0,0.0,0.0,0.0,0.0,0.0,0.0,0.0,0.0,0.0,0.0,0.0,0.0,0.0,0.0,0,-107875648.0,69,0.0,138,0.0,-0.0,0,0,17087,13107,17104,13107,17084,0,0,0,70,68,100,-0.0,82.0,0.0,78.8,-0.0,79.0,1,49,50,180,26215,52429,0,0,0.0,0.0,0.0,0.0,-0.0,67.0,0.0,162057.094,0.0,982,0,1014,0,0,0,956,0,1041,0,941,0,793,0,785,0,823,0,7520,0.032,2.524898095088995e+20,0.0,0.0,784,16797,-0.0,162057.094,-114818.039,-0.0,0.133,6.909358625270745e+28,30.0,70.0,35,0.0,0.0,0.0,0.0,0.0,0.0,0.0,0.0,0.0,0.0,0.0,0.0,0.0,0.0,0.0,0.0,66.0,0,150,71,52,65476,0,300,0,0,8,20529,65476,0,0,44564,70.0,0.0,0.0,0.0,0.0,0.0
2026-09-10T21:09:14,ERR,ERR,ERR,ERR,ERR,ERR,ERR,ERR,ERR,ERR,ERR,ERR,ERR,ERR,ERR,ERR,ERR,ERR,ERR,ERR,ERR,ERR,ERR,ERR,ERR,ERR,ERR,ERR,ERR,ERR,ERR,ERR,ERR,ERR,ERR,ERR,ERR,ERR,ERR,ERR,ERR,ERR,ERR,ERR,ERR,ERR,ERR,ERR,ERR,ERR,ERR,ERR,ERR,ERR,ERR,ERR,ERR,ERR,ERR,ERR,ERR,ERR,ERR,ERR,ERR,ERR,ERR,ERR,ERR,ERR,ERR,ERR,ERR,ERR,ERR,ERR,ERR,ERR,ERR,ERR,ERR,ERR,ERR,ERR,ERR,ERR,ERR,ERR,ERR,ERR,ERR,ERR,ERR,ERR,ERR,ERR,ERR,ERR,ERR,ERR,ERR,ERR,ERR,ERR,ERR,ERR,ERR,ERR,ERR,ERR,ERR,ERR,ERR,ERR,ERR,ERR,ERR,ERR,ERR,ERR,ERR,ERR,ERR,ERR,ERR,-107615312.0,2.7184303811560617e+23,0.0,0.0,0.0,1.3936040501711995e+18,7.805,0.0,0,0,4,0,7116,0.0,100,0.0,0.0,0.0,0.0,0.0,0,0,0,0,0.0,0,0,0,0,0,0,0,0,0,0,0,0,0,0,0,0,0,0,0,0,0,0,0,0,0,0,0,0,0,0,0,0,0,31,40,40,71,65476,0,300,0,0,8,21553,0.0,-107605600.0,0.0,0.0,0.0,0.0,0.0,0.0,0.0,0.0,0.0,0.0,0.0,0.0,0.0,0.0,0.0,0.0,0.0,0.0,0.0,0.0,-0.0,-0.0,-2.004,-0.0,0.0,0.0,0.0,0.0,4472.0,1.587926141905068e+29,6926.0,0.0,2.7184303811560617e+23,2.718425337124479e+23,2.718428940004181e+23,0.0,0.0,0.0,0.0,69,0.0,5.848046968061515e+35,0.0,0.0,0.0,0.0,0.0,0.0,0.0,0,0,0,0.0,0.0,0.0,0.0,0.0,0.0,0.0,0.0,0.0,0.0,0.0,0.0,0.0,0.0,0.0,0.0,0,-107875648.0,69,0.0,138,0.0,-0.0,0,0,17087,13107,17104,13107,17084,0,0,0,70,68,100,-0.0,82.0,0.0,78.8,-0.0,79.0,1,49,50,180,26215,52429,0,0,0.0,0.0,0.0,0.0,-0.0,67.0,0.0,162057.094,0.0,982,0,1014,0,0,0,956,0,1041,0,941,0,793,0,785,0,823,0,7520,0.032,2.524898095088995e+20,0.0,0.0,784,16797,-0.0,162057.094,-114818.039,-0.0,0.133,6.909358625270745e+28,30.0,70.0,35,0.0,0.0,0.0,0.0,0.0,0.0,0.0,0.0,0.0,0.0,0.0,0.0,0.0,0.0,0.0,0.0,66.0,0,150,71,52,65476,0,300,0,0,8,20529,65476,0,0,44564,70.0,0.0,0.0,0.0,0.0,0.0
2026-09-10T21:09:15,ERR,ERR,ERR,ERR,ERR,ERR,ERR,ERR,ERR,ERR,ERR,ERR,ERR,ERR,ERR,ERR,ERR,ERR,ERR,ERR,ERR,ERR,ERR,ERR,ERR,ERR,ERR,ERR,ERR,ERR,ERR,ERR,ERR,ERR,ERR,ERR,ERR,ERR,ERR,ERR,ERR,ERR,ERR,ERR,ERR,ERR,ERR,ERR,ERR,ERR,ERR,ERR,ERR,ERR,ERR,ERR,ERR,ERR,ERR,ERR,ERR,ERR,ERR,ERR,ERR,ERR,ERR,ERR,ERR,ERR,ERR,ERR,ERR,ERR,ERR,ERR,ERR,ERR,ERR,ERR,ERR,ERR,ERR,ERR,ERR,ERR,ERR,ERR,ERR,ERR,ERR,ERR,ERR,ERR,ERR,ERR,ERR,ERR,ERR,ERR,ERR,ERR,ERR,ERR,ERR,ERR,ERR,ERR,ERR,ERR,ERR,ERR,ERR,ERR,ERR,ERR,ERR,ERR,ERR,ERR,ERR,ERR,ERR,ERR,ERR,-107615312.0,2.7184303811560617e+23,0.0,0.0,0.0,1.3936040501711995e+18,7.805,0.0,0,0,4,0,7116,0.0,100,0.0,0.0,0.0,0.0,0.0,0,0,0,0,0.0,0,0,0,0,0,0,0,0,0,0,0,0,0,0,0,0,0,0,0,0,0,0,0,0,0,0,0,0,0,0,0,0,0,31,40,40,71,65476,0,300,0,0,8,21553,0.0,-107605600.0,0.0,0.0,0.0,0.0,0.0,0.0,0.0,0.0,0.0,0.0,0.0,0.0,0.0,0.0,0.0,0.0,0.0,0.0,0.0,0.0,-0.0,-0.0,-2.004,-0.0,0.0,0.0,0.0,0.0,4472.0,1.587926141905068e+29,6926.0,0.0,2.7184303811560617e+23,2.718425337124479e+23,2.718428940004181e+23,0.0,0.0,0.0,0.0,69,0.0,5.848046968061515e+35,0.0,0.0,0.0,0.0,0.0,0.0,0.0,0,0,0,0.0,0.0,0.0,0.0,0.0,0.0,0.0,0.0,0.0,0.0,0.0,0.0,0.0,0.0,0.0,0.0,0,-107875648.0,69,0.0,138,0.0,-0.0,0,0,17087,13107,17104,0,17084,0,0,0,70,68,100,-0.0,82.0,0.0,78.8,-0.0,79.0,1,49,50,180,26215,0,0,0,0.0,0.0,0.0,0.0,-0.0,67.0,0.0,162057.094,0.0,982,0,1015,0,0,0,956,0,1041,0,940,0,793,0,785,0,823,0,7520,0.032,2.524898095088995e+20,0.0,0.0,784,16797,-0.0,162057.094,-114818.039,-0.0,0.133,6.909358625270745e+28,30.0,70.0,35,0.0,0.0,0.0,0.0,0.0,0.0,0.0,0.0,0.0,0.0,0.0,0.0,0.0,0.0,0.0,0.0,66.0,0,150,71,52,65476,0,300,0,0,8,20529,65476,0,0,44564,70.0,0.0,0.0,0.0,0.0,0.0
2026-09-10T21:09:16,ERR,ERR,ERR,ERR,ERR,ERR,ERR,ERR,ERR,ERR,ERR,ERR,ERR,ERR,ERR,ERR,ERR,ERR,ERR,ERR,ERR,ERR,ERR,ERR,ERR,ERR,ERR,ERR,ERR,ERR,ERR,ERR,ERR,ERR,ERR,ERR,ERR,ERR,ERR,ERR,ERR,ERR,ERR,ERR,ERR,ERR,ERR,ERR,ERR,ERR,ERR,ERR,ERR,ERR,ERR,ERR,ERR,ERR,ERR,ERR,ERR,ERR,ERR,ERR,ERR,ERR,ERR,ERR,ERR,ERR,ERR,ERR,ERR,ERR,ERR,ERR,ERR,ERR,ERR,ERR,ERR,ERR,ERR,ERR,ERR,ERR,ERR,ERR,ERR,ERR,ERR,ERR,ERR,ERR,ERR,ERR,ERR,ERR,ERR,ERR,ERR,ERR,ERR,ERR,ERR,ERR,ERR,ERR,ERR,ERR,ERR,ERR,ERR,ERR,ERR,ERR,ERR,ERR,ERR,ERR,ERR,ERR,ERR,ERR,ERR,-107615312.0,2.7184303811560617e+23,0.0,0.0,0.0,1.3936040501711995e+18,7.805,0.0,0,0,4,0,7116,0.0,100,0.0,0.0,0.0,0.0,0.0,0,0,0,0,0.0,0,0,0,0,0,0,0,0,0,0,0,0,0,0,0,0,0,0,0,0,0,0,0,0,0,0,0,0,0,0,0,0,0,31,40,40,71,65476,0,300,0,0,8,21553,0.0,-107605600.0,0.0,0.0,0.0,0.0,0.0,0.0,0.0,0.0,0.0,0.0,0.0,0.0,0.0,0.0,0.0,0.0,0.0,0.0,0.0,0.0,-0.0,-0.0,-2.004,-0.0,0.0,0.0,0.0,0.0,4472.0,1.587926141905068e+29,6926.0,0.0,2.7184303811560617e+23,2.718425337124479e+23,2.718428940004181e+23,0.0,0.0,0.0,0.0,69,0.0,5.848046968061515e+35,0.0,0.0,0.0,0.0,0.0,0.0,0.0,0,0,0,0.0,0.0,0.0,0.0,0.0,0.0,0.0,0.0,0.0,0.0,0.0,0.0,0.0,0.0,0.0,0.0,0,-107875648.0,69,0.0,138,0.0,-0.0,0,0,17087,13107,17104,0,17084,0,0,0,70,68,100,-0.0,82.0,0.0,78.8,-0.0,79.0,1,49,50,180,26215,0,0,0,0.0,0.0,0.0,0.0,-0.0,67.0,0.0,162057.094,0.0,982,0,1015,0,0,0,956,0,1041,0,940,0,793,0,785,0,823,0,7520,0.032,2.524898095088995e+20,0.0,0.0,784,16797,-0.0,162057.094,-114818.039,-0.0,0.133,6.909358625270745e+28,30.0,70.0,35,0.0,0.0,0.0,0.0,0.0,0.0,0.0,0.0,0.0,0.0,0.0,0.0,0.0,0.0,0.0,0.0,66.0,0,150,71,52,65476,0,300,0,0,8,20529,65476,0,0,44564,70.0,0.0,0.0,0.0,0.0,0.0
2026-09-10T21:09:17,ERR,ERR,ERR,ERR,ERR,ERR,ERR,ERR,ERR,ERR,ERR,ERR,ERR,ERR,ERR,ERR,ERR,ERR,ERR,ERR,ERR,ERR,ERR,ERR,ERR,ERR,ERR,ERR,ERR,ERR,ERR,ERR,ERR,ERR,ERR,ERR,ERR,ERR,ERR,ERR,ERR,ERR,ERR,ERR,ERR,ERR,ERR,ERR,ERR,ERR,ERR,ERR,ERR,ERR,ERR,ERR,ERR,ERR,ERR,ERR,ERR,ERR,ERR,ERR,ERR,ERR,ERR,ERR,ERR,ERR,ERR,ERR,ERR,ERR,ERR,ERR,ERR,ERR,ERR,ERR,ERR,ERR,ERR,ERR,ERR,ERR,ERR,ERR,ERR,ERR,ERR,ERR,ERR,ERR,ERR,ERR,ERR,ERR,ERR,ERR,ERR,ERR,ERR,ERR,ERR,ERR,ERR,ERR,ERR,ERR,ERR,ERR,ERR,ERR,ERR,ERR,ERR,ERR,ERR,ERR,ERR,ERR,ERR,ERR,ERR,-107615312.0,2.7184303811560617e+23,0.0,0.0,0.0,1.3936040501711995e+18,7.805,0.0,0,0,4,0,7116,0.0,100,0.0,0.0,0.0,0.0,0.0,0,0,0,0,0.0,0,0,0,0,0,0,0,0,0,0,0,0,0,0,0,0,0,0,0,0,0,0,0,0,0,0,0,0,0,0,0,0,0,31,40,40,71,65476,0,300,0,0,8,21553,0.0,-107605600.0,0.0,0.0,0.0,0.0,0.0,0.0,0.0,0.0,0.0,0.0,0.0,0.0,0.0,0.0,0.0,0.0,0.0,0.0,0.0,0.0,-0.0,-0.0,-2.004,-0.0,0.0,0.0,0.0,0.0,4472.0,1.587926141905068e+29,6926.0,0.0,2.7184303811560617e+23,2.718425337124479e+23,2.718428940004181e+23,0.0,0.0,0.0,0.0,69,0.0,5.848046968061515e+35,0.0,0.0,0.0,0.0,0.0,0.0,0.0,0,0,0,0.0,0.0,0.0,0.0,0.0,0.0,0.0,0.0,0.0,0.0,0.0,0.0,0.0,0.0,0.0,0.0,0,-107875648.0,69,0.0,138,0.0,-0.0,0,0,17087,13107,17104,0,17084,0,0,0,70,68,100,-0.0,82.0,0.0,78.8,-0.0,79.0,1,49,50,180,26215,0,0,0,0.0,0.0,0.0,0.0,-0.0,67.0,0.0,162057.094,0.0,982,0,1015,0,0,0,956,0,1041,0,940,0,793,0,785,0,823,0,7520,0.032,2.524898095088995e+20,0.0,0.0,784,16797,-0.0,162057.094,-114818.039,-0.0,0.133,6.909358625270745e+28,30.0,70.0,35,0.0,0.0,0.0,0.0,0.0,0.0,0.0,0.0,0.0,0.0,0.0,0.0,0.0,0.0,0.0,0.0,66.0,0,150,71,52,65476,0,300,0,0,8,20529,65476,0,0,44564,70.0,0.0,0.0,0.0,0.0,0.0
2026-09-10T21:09:18,ERR,ERR,ERR,ERR,ERR,ERR,ERR,ERR,ERR,ERR,ERR,ERR,ERR,ERR,ERR,ERR,ERR,ERR,ERR,ERR,ERR,ERR,ERR,ERR,ERR,ERR,ERR,ERR,ERR,ERR,ERR,ERR,ERR,ERR,ERR,ERR,ERR,ERR,ERR,ERR,ERR,ERR,ERR,ERR,ERR,ERR,ERR,ERR,ERR,ERR,ERR,ERR,ERR,ERR,ERR,ERR,ERR,ERR,ERR,ERR,ERR,ERR,ERR,ERR,ERR,ERR,ERR,ERR,ERR,ERR,ERR,ERR,ERR,ERR,ERR,ERR,ERR,ERR,ERR,ERR,ERR,ERR,ERR,ERR,ERR,ERR,ERR,ERR,ERR,ERR,ERR,ERR,ERR,ERR,ERR,ERR,ERR,ERR,ERR,ERR,ERR,ERR,ERR,ERR,ERR,ERR,ERR,ERR,ERR,ERR,ERR,ERR,ERR,ERR,ERR,ERR,ERR,ERR,ERR,ERR,ERR,ERR,ERR,ERR,ERR,0.0,2.7184303811560617e+23,-100794720.0,0.0,0.0,1.3936040501711995e+18,7.805,0.0,0,0,4,0,7116,0.0,100,0.0,0.0,0.0,0.0,0.0,0,0,0,0,0.0,0,0,0,0,0,0,0,0,0,0,0,0,0,0,0,0,0,0,0,0,0,0,0,0,0,0,0,0,0,0,0,0,0,31,40,40,71,65476,0,300,0,0,8,21553,0.0,-107605600.0,0.0,0.0,0.0,0.0,0.0,0.0,0.0,0.0,0.0,0.0,0.0,0.0,0.0,0.0,0.0,0.0,0.0,0.0,0.0,0.0,-2.004,-0.0,-2.004,-0.0,0.0,0.0,0.0,0.0,4470.0,-0.0,6928.0,0.0,0.0,2.718425337124479e+23,2.718428940004181e+23,0.0,0.0,0.0,0.0,69,-4.950430145311814e+32,-0.0,0.0,0.0,0.0,0.0,0.0,0.0,0.0,0,0,0,0.0,0.0,0.0,0.0,0.0,0.0,0.0,0.0,0.0,0.0,0.0,0.0,0.0,0.0,0.0,0.0,0,-107875648.0,69,0.0,138,0.0,-0.0,0,0,17087,13107,17104,0,17084,0,0,0,70,68,100,-0.0,82.0,0.0,78.8,-0.0,79.0,1,49,50,180,26215,0,0,0,0.0,0.0,0.0,0.0,-0.0,67.0,0.0,162057.094,0.0,982,0,1015,0,0,0,956,0,1041,0,940,0,793,0,785,0,823,0,7520,0.032,2.524898095088995e+20,0.0,0.0,784,16797,-0.0,162057.094,-114818.039,-0.0,0.133,6.909358625270745e+28,30.0,70.0,35,0.0,0.0,0.0,0.0,0.0,0.0,0.0,0.0,0.0,0.0,0.0,0.0,0.0,0.0,0.0,0.0,66.0,0,150,71,52,65476,0,300,0,0,8,20529,65476,0,0,44564,70.0,0.0,0.0,0.0,0.0,0.0
2026-09-10T21:09:19,ERR,ERR,ERR,ERR,ERR,ERR,ERR,ERR,ERR,ERR,ERR,ERR,ERR,ERR,ERR,ERR,ERR,ERR,ERR,ERR,ERR,ERR,ERR,ERR,ERR,ERR,ERR,ERR,ERR,ERR,ERR,ERR,ERR,ERR,ERR,ERR,ERR,ERR,ERR,ERR,ERR,ERR,ERR,ERR,ERR,ERR,ERR,ERR,ERR,ERR,ERR,ERR,ERR,ERR,ERR,ERR,ERR,ERR,ERR,ERR,ERR,ERR,ERR,ERR,ERR,ERR,ERR,ERR,ERR,ERR,ERR,ERR,ERR,ERR,ERR,ERR,ERR,ERR,ERR,ERR,ERR,ERR,ERR,ERR,ERR,ERR,ERR,ERR,ERR,ERR,ERR,ERR,ERR,ERR,ERR,ERR,ERR,ERR,ERR,ERR,ERR,ERR,ERR,ERR,ERR,ERR,ERR,ERR,ERR,ERR,ERR,ERR,ERR,ERR,ERR,ERR,ERR,ERR,ERR,ERR,ERR,ERR,ERR,ERR,ERR,0.0,2.7184303811560617e+23,-100794720.0,0.0,0.0,1.3936040501711995e+18,7.805,0.0,0,0,4,0,7116,0.0,100,0.0,0.0,0.0,0.0,0.0,0,0,0,0,0.0,0,0,0,0,0,0,0,0,0,0,0,0,0,0,0,0,0,0,0,0,0,0,0,0,0,0,0,0,0,0,0,0,0,31,40,40,71,65476,0,300,0,0,8,21553,0.0,-107605600.0,0.0,0.0,0.0,0.0,0.0,0.0,0.0,0.0,0.0,0.0,0.0,0.0,0.0,0.0,0.0,0.0,0.0,0.0,0.0,0.0,-2.004,-0.0,-2.004,-0.0,0.0,0.0,0.0,0.0,4470.0,-0.0,6928.0,0.0,0.0,2.718425337124479e+23,2.718428940004181e+23,0.0,0.0,0.0,0.0,69,-4.950430145311814e+32,-0.0,0.0,0.0,0.0,0.0,0.0,0.0,0.0,0,0,0,0.0,0.0,0.0,0.0,0.0,0.0,0.0,0.0,0.0,0.0,0.0,0.0,0.0,0.0,0.0,0.0,0,-107875648.0,69,0.0,138,0.0,-0.0,0,0,17087,13107,17104,0,17084,0,0,0,70,68,100,-0.0,82.0,0.0,78.8,-0.0,79.0,1,49,50,180,26215,0,0,0,0.0,0.0,0.0,0.0,-0.0,67.0,0.0,162057.094,0.0,982,0,1015,0,0,0,956,0,1041,0,940,0,793,0,785,0,823,0,7520,0.032,2.524898095088995e+20,0.0,0.0,784,16797,-0.0,162057.094,-114818.039,-0.0,0.133,6.909358625270745e+28,30.0,70.0,35,0.0,0.0,0.0,0.0,0.0,0.0,0.0,0.0,0.0,0.0,0.0,0.0,0.0,0.0,0.0,0.0,66.0,0,150,71,52,65476,0,300,0,0,8,20529,65476,0,0,44564,70.0,0.0,0.0,0.0,0.0,0.0
2026-09-10T21:09:20,ERR,ERR,ERR,ERR,ERR,ERR,ERR,ERR,ERR,ERR,ERR,ERR,ERR,ERR,ERR,ERR,ERR,ERR,ERR,ERR,ERR,ERR,ERR,ERR,ERR,ERR,ERR,ERR,ERR,ERR,ERR,ERR,ERR,ERR,ERR,ERR,ERR,ERR,ERR,ERR,ERR,ERR,ERR,ERR,ERR,ERR,ERR,ERR,ERR,ERR,ERR,ERR,ERR,ERR,ERR,ERR,ERR,ERR,ERR,ERR,ERR,ERR,ERR,ERR,ERR,ERR,ERR,ERR,ERR,ERR,ERR,ERR,ERR,ERR,ERR,ERR,ERR,ERR,ERR,ERR,ERR,ERR,ERR,ERR,ERR,ERR,ERR,ERR,ERR,ERR,ERR,ERR,ERR,ERR,ERR,ERR,ERR,ERR,ERR,ERR,ERR,ERR,ERR,ERR,ERR,ERR,ERR,ERR,ERR,ERR,ERR,ERR,ERR,ERR,ERR,ERR,ERR,ERR,ERR,ERR,ERR,ERR,ERR,ERR,ERR,0.0,2.7184303811560617e+23,-100794720.0,0.0,0.0,1.3936040501711995e+18,7.805,0.0,0,0,4,0,7116,0.0,100,0.0,0.0,0.0,0.0,0.0,0,0,0,0,0.0,0,0,0,0,0,0,0,0,0,0,0,0,0,0,0,0,0,0,0,0,0,0,0,0,0,0,0,0,0,0,0,0,0,31,40,40,71,65476,0,300,0,0,8,21553,0.0,-107605600.0,0.0,0.0,0.0,0.0,0.0,0.0,0.0,0.0,0.0,0.0,0.0,0.0,0.0,0.0,0.0,0.0,0.0,0.0,0.0,0.0,-2.004,-0.0,-2.004,-0.0,0.0,0.0,0.0,0.0,4470.0,-0.0,6928.0,0.0,0.0,2.718425337124479e+23,2.718428940004181e+23,0.0,0.0,0.0,0.0,69,-4.950430145311814e+32,-0.0,0.0,0.0,0.0,0.0,0.0,0.0,0.0,0,0,0,0.0,0.0,0.0,0.0,0.0,0.0,0.0,0.0,0.0,0.0,0.0,0.0,0.0,0.0,0.0,0.0,0,-107875648.0,69,0.0,138,0.0,-0.0,0,0,17087,13107,17104,0,17084,0,0,0,70,68,100,-0.0,82.0,0.0,78.8,-0.0,79.0,1,49,50,180,26215,0,0,0,0.0,0.0,0.0,0.0,-0.0,67.0,0.0,162057.094,0.0,982,0,1015,0,0,0,956,0,1041,0,940,0,793,0,785,0,823,0,7520,0.032,2.524898095088995e+20,0.0,0.0,784,16797,-0.0,162057.094,-114818.039,-0.0,0.133,6.909358625270745e+28,30.0,70.0,35,0.0,0.0,0.0,0.0,0.0,0.0,0.0,0.0,0.0,0.0,0.0,0.0,0.0,0.0,0.0,0.0,66.0,0,150,71,52,65476,0,300,0,0,8,20529,65476,0,0,44564,70.0,0.0,0.0,0.0,0.0,0.0
2026-09-10T21:09:21,ERR,ERR,ERR,ERR,ERR,ERR,ERR,ERR,ERR,ERR,ERR,ERR,ERR,ERR,ERR,ERR,ERR,ERR,ERR,ERR,ERR,ERR,ERR,ERR,ERR,ERR,ERR,ERR,ERR,ERR,ERR,ERR,ERR,ERR,ERR,ERR,ERR,ERR,ERR,ERR,ERR,ERR,ERR,ERR,ERR,ERR,ERR,ERR,ERR,ERR,ERR,ERR,ERR,ERR,ERR,ERR,ERR,ERR,ERR,ERR,ERR,ERR,ERR,ERR,ERR,ERR,ERR,ERR,ERR,ERR,ERR,ERR,ERR,ERR,ERR,ERR,ERR,ERR,ERR,ERR,ERR,ERR,ERR,ERR,ERR,ERR,ERR,ERR,ERR,ERR,ERR,ERR,ERR,ERR,ERR,ERR,ERR,ERR,ERR,ERR,ERR,ERR,ERR,ERR,ERR,ERR,ERR,ERR,ERR,ERR,ERR,ERR,ERR,ERR,ERR,ERR,ERR,ERR,ERR,ERR,ERR,ERR,ERR,ERR,ERR,0.0,2.7184303811560617e+23,-100794720.0,0.0,0.0,1.3936040501711995e+18,7.805,0.0,0,0,4,0,7116,0.0,100,0.0,0.0,0.0,0.0,0.0,0,0,0,0,0.0,0,0,0,0,0,0,0,0,0,0,0,0,0,0,0,0,0,0,0,0,0,0,0,0,0,0,0,0,0,0,0,0,0,31,40,40,71,65476,0,300,0,0,8,21553,0.0,-107605600.0,0.0,0.0,0.0,0.0,0.0,0.0,0.0,0.0,0.0,0.0,0.0,0.0,0.0,0.0,0.0,0.0,0.0,0.0,0.0,0.0,-2.004,-0.0,-2.004,-0.0,0.0,0.0,0.0,0.0,4470.0,-0.0,6928.0,0.0,0.0,2.718425337124479e+23,2.718428940004181e+23,0.0,0.0,0.0,0.0,69,-4.950430145311814e+32,-0.0,0.0,0.0,0.0,0.0,0.0,0.0,0.0,0,0,0,0.0,0.0,0.0,0.0,0.0,0.0,0.0,0.0,0.0,0.0,0.0,0.0,0.0,0.0,0.0,0.0,0,-107875648.0,69,0.0,138,0.0,-0.0,0,13107,17087,13107,17104,0,17084,0,0,0,70,68,100,-0.0,82.0,0.0,78.8,-0.0,79.0,1,49,50,180,26215,0,0,0,0.0,0.0,0.0,0.0,-0.0,67.0,0.0,162057.094,0.0,982,0,1015,0,0,0,955,0,1041,0,940,0,793,0,785,0,823,0,7520,0.032,2.524898095088995e+20,0.0,0.0,784,16797,-0.0,162057.094,-114818.039,-0.0,0.133,6.909358625270745e+28,30.0,70.0,35,0.0,0.0,0.0,0.0,0.0,0.0,0.0,0.0,0.0,0.0,0.0,0.0,0.0,0.0,0.0,0.0,66.0,0,150,71,52,65476,0,300,0,0,8,20529,65476,0,0,44564,70.0,0.0,0.0,0.0,0.0,0.0
2026-09-10T21:09:22,ERR,ERR,ERR,ERR,ERR,ERR,ERR,ERR,ERR,ERR,ERR,ERR,ERR,ERR,ERR,ERR,ERR,ERR,ERR,ERR,ERR,ERR,ERR,ERR,ERR,ERR,ERR,ERR,ERR,ERR,ERR,ERR,ERR,ERR,ERR,ERR,ERR,ERR,ERR,ERR,ERR,ERR,ERR,ERR,ERR,ERR,ERR,ERR,ERR,ERR,ERR,ERR,ERR,ERR,ERR,ERR,ERR,ERR,ERR,ERR,ERR,ERR,ERR,ERR,ERR,ERR,ERR,ERR,ERR,ERR,ERR,ERR,ERR,ERR,ERR,ERR,ERR,ERR,ERR,ERR,ERR,ERR,ERR,ERR,ERR,ERR,ERR,ERR,ERR,ERR,ERR,ERR,ERR,ERR,ERR,ERR,ERR,ERR,ERR,ERR,ERR,ERR,ERR,ERR,ERR,ERR,ERR,ERR,ERR,ERR,ERR,ERR,ERR,ERR,ERR,ERR,ERR,ERR,ERR,ERR,ERR,ERR,ERR,ERR,ERR,0.0,2.7184303811560617e+23,-100794720.0,0.0,0.0,1.3936040501711995e+18,7.805,0.0,0,0,4,0,7116,0.0,100,0.0,0.0,0.0,0.0,0.0,0,0,0,0,0.0,0,0,0,0,0,0,0,0,0,0,0,0,0,0,0,0,0,0,0,0,0,0,0,0,0,0,0,0,0,0,0,0,0,31,40,40,71,65476,0,300,0,0,8,21553,0.0,-107605600.0,0.0,0.0,0.0,0.0,0.0,0.0,0.0,0.0,0.0,0.0,0.0,0.0,0.0,0.0,0.0,0.0,0.0,0.0,0.0,0.0,-2.004,-0.0,-2.004,-0.0,0.0,0.0,0.0,0.0,4470.0,-0.0,6928.0,0.0,0.0,2.718425337124479e+23,2.718428940004181e+23,0.0,0.0,0.0,0.0,69,-4.950430145311814e+32,-0.0,0.0,0.0,0.0,0.0,0.0,0.0,0.0,0,0,0,0.0,0.0,0.0,0.0,0.0,0.0,0.0,0.0,0.0,0.0,0.0,0.0,0.0,0.0,0.0,0.0,0,-107875648.0,69,0.0,138,0.0,-0.0,0,13107,17087,13107,17104,0,17084,0,0,0,70,68,100,-0.0,82.0,0.0,78.8,-0.0,79.0,1,49,50,180,26215,0,0,0,0.0,0.0,0.0,0.0,-0.0,67.0,0.0,162057.094,0.0,982,0,1015,0,0,0,955,0,1041,0,940,0,793,0,785,0,823,0,7520,0.032,2.524898095088995e+20,0.0,0.0,784,16797,-0.0,162057.094,-114818.039,-0.0,0.133,6.909358625270745e+28,30.0,70.0,35,0.0,0.0,0.0,0.0,0.0,0.0,0.0,0.0,0.0,0.0,0.0,0.0,0.0,0.0,0.0,0.0,66.0,0,150,71,52,65476,0,300,0,0,8,20529,65476,0,0,44564,70.0,0.0,0.0,0.0,0.0,0.0
2026-09-10T21:09:23,ERR,ERR,ERR,ERR,ERR,ERR,ERR,ERR,ERR,ERR,ERR,ERR,ERR,ERR,ERR,ERR,ERR,ERR,ERR,ERR,ERR,ERR,ERR,ERR,ERR,ERR,ERR,ERR,ERR,ERR,ERR,ERR,ERR,ERR,ERR,ERR,ERR,ERR,ERR,ERR,ERR,ERR,ERR,ERR,ERR,ERR,ERR,ERR,ERR,ERR,ERR,ERR,ERR,ERR,ERR,ERR,ERR,ERR,ERR,ERR,ERR,ERR,ERR,ERR,ERR,ERR,ERR,ERR,ERR,ERR,ERR,ERR,ERR,ERR,ERR,ERR,ERR,ERR,ERR,ERR,ERR,ERR,ERR,ERR,ERR,ERR,ERR,ERR,ERR,ERR,ERR,ERR,ERR,ERR,ERR,ERR,ERR,ERR,ERR,ERR,ERR,ERR,ERR,ERR,ERR,ERR,ERR,ERR,ERR,ERR,ERR,ERR,ERR,ERR,ERR,ERR,ERR,ERR,ERR,ERR,ERR,ERR,ERR,ERR,ERR,0.0,2.7184303811560617e+23,-100794720.0,0.0,0.0,1.3936040501711995e+18,7.805,0.0,0,0,4,0,7116,0.0,100,0.0,0.0,0.0,0.0,0.0,0,0,0,0,0.0,0,0,0,0,0,0,0,0,0,0,0,0,0,0,0,0,0,0,0,0,0,0,0,0,0,0,0,0,0,0,0,0,0,31,40,40,71,65476,0,300,0,0,8,21553,0.0,-107605600.0,0.0,0.0,0.0,0.0,0.0,0.0,0.0,0.0,0.0,0.0,0.0,0.0,0.0,0.0,0.0,0.0,0.0,0.0,0.0,0.0,-2.004,-0.0,-2.004,-0.0,0.0,0.0,0.0,0.0,4470.0,-0.0,6928.0,0.0,0.0,2.718425337124479e+23,2.718428940004181e+23,0.0,0.0,0.0,0.0,69,-4.950430145311814e+32,-0.0,0.0,0.0,0.0,0.0,0.0,0.0,0.0,0,0,0,0.0,0.0,0.0,0.0,0.0,0.0,0.0,0.0,0.0,0.0,0.0,0.0,0.0,0.0,0.0,0.0,0,-107875648.0,69,0.0,138,0.0,-0.0,0,13107,17087,13107,17104,0,17084,0,0,0,70,68,100,-0.0,82.0,0.0,78.8,-0.0,79.0,1,49,50,180,26215,0,0,0,0.0,0.0,0.0,0.0,-0.0,67.0,0.0,162057.094,0.0,982,0,1015,0,0,0,955,0,1041,0,940,0,793,0,785,0,823,0,7520,0.032,2.524898095088995e+20,0.0,0.0,784,16797,-0.0,162057.094,-114818.039,-0.0,0.133,6.909358625270745e+28,30.0,70.0,35,0.0,0.0,0.0,0.0,0.0,0.0,0.0,0.0,0.0,0.0,0.0,0.0,0.0,0.0,0.0,0.0,66.0,0,150,71,52,65476,0,300,0,0,8,20529,65476,0,0,44564,70.0,0.0,0.0,0.0,0.0,0.0
2026-09-10T21:09:24,ERR,ERR,ERR,ERR,ERR,ERR,ERR,ERR,ERR,ERR,ERR,ERR,ERR,ERR,ERR,ERR,ERR,ERR,ERR,ERR,ERR,ERR,ERR,ERR,ERR,ERR,ERR,ERR,ERR,ERR,ERR,ERR,ERR,ERR,ERR,ERR,ERR,ERR,ERR,ERR,ERR,ERR,ERR,ERR,ERR,ERR,ERR,ERR,ERR,ERR,ERR,ERR,ERR,ERR,ERR,ERR,ERR,ERR,ERR,ERR,ERR,ERR,ERR,ERR,ERR,ERR,ERR,ERR,ERR,ERR,ERR,ERR,ERR,ERR,ERR,ERR,ERR,ERR,ERR,ERR,ERR,ERR,ERR,ERR,ERR,ERR,ERR,ERR,ERR,ERR,ERR,ERR,ERR,ERR,ERR,ERR,ERR,ERR,ERR,ERR,ERR,ERR,ERR,ERR,ERR,ERR,ERR,ERR,ERR,ERR,ERR,ERR,ERR,ERR,ERR,ERR,ERR,ERR,ERR,ERR,ERR,ERR,ERR,ERR,ERR,0.0,2.7184303811560617e+23,-100794720.0,0.0,0.0,1.3936040501711995e+18,7.805,0.0,0,0,4,0,7116,0.0,100,0.0,0.0,0.0,0.0,0.0,0,0,0,0,0.0,0,0,0,0,0,0,0,0,0,0,0,0,0,0,0,0,0,0,0,0,0,0,0,0,0,0,0,0,0,0,0,0,0,31,40,40,71,65476,0,300,0,0,8,21553,0.0,-107605600.0,0.0,0.0,0.0,0.0,0.0,0.0,0.0,0.0,0.0,0.0,0.0,0.0,0.0,0.0,0.0,0.0,0.0,0.0,0.0,0.0,-2.004,-0.0,-2.004,-0.0,0.0,0.0,0.0,0.0,4470.0,-0.0,6928.0,0.0,0.0,2.718425337124479e+23,2.718428940004181e+23,0.0,0.0,0.0,0.0,69,-4.950430145311814e+32,-0.0,0.0,0.0,0.0,0.0,0.0,0.0,0.0,0,0,0,0.0,0.0,0.0,0.0,0.0,0.0,0.0,0.0,0.0,0.0,0.0,0.0,0.0,0.0,0.0,0.0,0,-107875648.0,69,0.0,138,0.0,-0.0,0,13107,17087,13107,17104,0,17084,0,0,0,70,68,100,-0.0,82.0,0.0,78.8,-0.0,79.0,1,49,50,180,26215,0,0,0,0.0,0.0,0.0,0.0,-0.0,67.0,0.0,162057.094,0.0,982,0,1015,0,0,0,955,0,1041,0,940,0,793,0,785,0,823,0,7520,0.032,2.524898095088995e+20,0.0,0.0,784,16797,-0.0,162057.094,-114818.039,-0.0,0.133,6.909358625270745e+28,30.0,70.0,35,0.0,0.0,0.0,0.0,0.0,0.0,0.0,0.0,0.0,0.0,0.0,0.0,0.0,0.0,0.0,0.0,66.0,0,150,71,52,65476,0,300,0,0,8,20529,65476,0,0,44564,70.0,0.0,0.0,0.0,0.0,0.0
2026-09-10T21:09:25,ERR,ERR,ERR,ERR,ERR,ERR,ERR,ERR,ERR,ERR,ERR,ERR,ERR,ERR,ERR,ERR,ERR,ERR,ERR,ERR,ERR,ERR,ERR,ERR,ERR,ERR,ERR,ERR,ERR,ERR,ERR,ERR,ERR,ERR,ERR,ERR,ERR,ERR,ERR,ERR,ERR,ERR,ERR,ERR,ERR,ERR,ERR,ERR,ERR,ERR,ERR,ERR,ERR,ERR,ERR,ERR,ERR,ERR,ERR,ERR,ERR,ERR,ERR,ERR,ERR,ERR,ERR,ERR,ERR,ERR,ERR,ERR,ERR,ERR,ERR,ERR,ERR,ERR,ERR,ERR,ERR,ERR,ERR,ERR,ERR,ERR,ERR,ERR,ERR,ERR,ERR,ERR,ERR,ERR,ERR,ERR,ERR,ERR,ERR,ERR,ERR,ERR,ERR,ERR,ERR,ERR,ERR,ERR,ERR,ERR,ERR,ERR,ERR,ERR,ERR,ERR,ERR,ERR,ERR,ERR,ERR,ERR,ERR,ERR,ERR,0.0,2.7184303811560617e+23,-100794720.0,0.0,0.0,1.3936040501711995e+18,7.805,0.0,0,0,4,0,7116,0.0,100,0.0,0.0,0.0,0.0,0.0,0,0,0,0,0.0,0,0,0,0,0,0,0,0,0,0,0,0,0,0,0,0,0,0,0,0,0,0,0,0,0,0,0,0,0,0,0,0,0,31,40,40,71,65476,0,300,0,0,8,21553,0.0,-107605600.0,0.0,0.0,0.0,0.0,0.0,0.0,0.0,0.0,0.0,0.0,0.0,0.0,0.0,0.0,0.0,0.0,0.0,0.0,0.0,0.0,-2.004,-0.0,-2.004,-0.0,0.0,0.0,0.0,0.0,4472.0,-0.0,6931.0,0.0,2.7184303811560617e+23,2.718425337124479e+23,2.718428940004181e+23,0.0,0.0,0.0,0.0,69,0.0,-0.0,0.0,0.0,0.0,0.0,0.0,0.0,0.0,0,0,0,0.0,0.0,0.0,0.0,0.0,0.0,0.0,0.0,0.0,0.0,0.0,0.0,0.0,0.0,0.0,0.0,0,-107875648.0,69,0.0,138,0.0,-0.0,0,0,17087,13107,17104,0,17084,0,0,0,70,68,100,-0.0,82.0,0.0,78.8,-0.0,79.0,1,49,50,180,26215,0,0,0,0.0,0.0,0.0,0.0,-0.0,67.0,0.0,162057.094,0.0,982,0,1015,0,0,0,955,0,1041,0,940,0,793,0,785,0,823,0,7520,0.032,2.5133688800429264e+20,0.0,0.0,784,16797,-0.0,162057.094,-114818.039,-0.0,0.133,6.909358625270745e+28,30.0,70.0,35,0.0,0.0,0.0,0.0,0.0,0.0,0.0,0.0,0.0,0.0,0.0,0.0,0.0,0.0,0.0,0.0,66.4,0,150,71,52,65476,0,300,0,0,8,20529,65476,0,0,44564,70.0,0.0,0.0,0.0,0.0,0.0
2026-09-10T21:09:26,ERR,ERR,ERR,ERR,ERR,ERR,ERR,ERR,ERR,ERR,ERR,ERR,ERR,ERR,ERR,ERR,ERR,ERR,ERR,ERR,ERR,ERR,ERR,ERR,ERR,ERR,ERR,ERR,ERR,ERR,ERR,ERR,ERR,ERR,ERR,ERR,ERR,ERR,ERR,ERR,ERR,ERR,ERR,ERR,ERR,ERR,ERR,ERR,ERR,ERR,ERR,ERR,ERR,ERR,ERR,ERR,ERR,ERR,ERR,ERR,ERR,ERR,ERR,ERR,ERR,ERR,ERR,ERR,ERR,ERR,ERR,ERR,ERR,ERR,ERR,ERR,ERR,ERR,ERR,ERR,ERR,ERR,ERR,ERR,ERR,ERR,ERR,ERR,ERR,ERR,ERR,ERR,ERR,ERR,ERR,ERR,ERR,ERR,ERR,ERR,ERR,ERR,ERR,ERR,ERR,ERR,ERR,ERR,ERR,ERR,ERR,ERR,ERR,ERR,ERR,ERR,ERR,ERR,ERR,ERR,ERR,ERR,ERR,ERR,ERR,0.0,2.7184303811560617e+23,-100794720.0,0.0,0.0,1.3936040501711995e+18,7.805,0.0,0,0,4,0,7116,0.0,100,0.0,0.0,0.0,0.0,0.0,0,0,0,0,0.0,0,0,0,0,0,0,0,0,0,0,0,0,0,0,0,0,0,0,0,0,0,0,0,0,0,0,0,0,0,0,0,0,0,31,40,40,71,65476,0,300,0,0,8,21553,0.0,-107605600.0,0.0,0.0,0.0,0.0,0.0,0.0,0.0,0.0,0.0,0.0,0.0,0.0,0.0,0.0,0.0,0.0,0.0,0.0,0.0,0.0,-2.004,-0.0,-2.004,-0.0,0.0,0.0,0.0,0.0,4472.0,-0.0,6931.0,0.0,2.7184303811560617e+23,2.718425337124479e+23,2.718428940004181e+23,0.0,0.0,0.0,0.0,69,0.0,-0.0,0.0,0.0,0.0,0.0,0.0,0.0,0.0,0,0,0,0.0,0.0,0.0,0.0,0.0,0.0,0.0,0.0,0.0,0.0,0.0,0.0,0.0,0.0,0.0,0.0,0,-107875648.0,69,0.0,138,0.0,-0.0,0,0,17087,13107,17104,0,17084,0,0,0,70,68,100,-0.0,82.0,0.0,78.8,-0.0,79.0,1,49,50,180,26215,0,0,0,0.0,0.0,0.0,0.0,-0.0,67.0,0.0,162057.094,0.0,982,0,1015,0,0,0,955,0,1041,0,940,0,793,0,785,0,823,0,7520,0.032,2.5133688800429264e+20,0.0,0.0,784,16797,-0.0,162057.094,-114818.039,-0.0,0.133,6.909358625270745e+28,30.0,70.0,35,0.0,0.0,0.0,0.0,0.0,0.0,0.0,0.0,0.0,0.0,0.0,0.0,0.0,0.0,0.0,0.0,66.4,0,150,71,52,65476,0,300,0,0,8,20529,65476,0,0,44564,70.0,0.0,0.0,0.0,0.0,0.0
2026-09-10T21:09:27,ERR,ERR,ERR,ERR,ERR,ERR,ERR,ERR,ERR,ERR,ERR,ERR,ERR,ERR,ERR,ERR,ERR,ERR,ERR,ERR,ERR,ERR,ERR,ERR,ERR,ERR,ERR,ERR,ERR,ERR,ERR,ERR,ERR,ERR,ERR,ERR,ERR,ERR,ERR,ERR,ERR,ERR,ERR,ERR,ERR,ERR,ERR,ERR,ERR,ERR,ERR,ERR,ERR,ERR,ERR,ERR,ERR,ERR,ERR,ERR,ERR,ERR,ERR,ERR,ERR,ERR,ERR,ERR,ERR,ERR,ERR,ERR,ERR,ERR,ERR,ERR,ERR,ERR,ERR,ERR,ERR,ERR,ERR,ERR,ERR,ERR,ERR,ERR,ERR,ERR,ERR,ERR,ERR,ERR,ERR,ERR,ERR,ERR,ERR,ERR,ERR,ERR,ERR,ERR,ERR,ERR,ERR,ERR,ERR,ERR,ERR,ERR,ERR,ERR,ERR,ERR,ERR,ERR,ERR,ERR,ERR,ERR,ERR,ERR,ERR,0.0,2.7184303811560617e+23,-100794720.0,0.0,0.0,1.3936040501711995e+18,7.805,0.0,0,0,4,0,7116,0.0,100,0.0,0.0,0.0,0.0,0.0,0,0,0,0,0.0,0,0,0,0,0,0,0,0,0,0,0,0,0,0,0,0,0,0,0,0,0,0,0,0,0,0,0,0,0,0,0,0,0,31,40,40,71,65476,0,300,0,0,8,21553,0.0,-107605600.0,0.0,0.0,0.0,0.0,0.0,0.0,0.0,0.0,0.0,0.0,0.0,0.0,0.0,0.0,0.0,0.0,0.0,0.0,0.0,0.0,-2.004,-0.0,-2.004,-0.0,0.0,0.0,0.0,0.0,4472.0,-0.0,6931.0,0.0,2.7184303811560617e+23,2.718425337124479e+23,2.718428940004181e+23,0.0,0.0,0.0,0.0,69,0.0,-0.0,0.0,0.0,0.0,0.0,0.0,0.0,0.0,0,0,0,0.0,0.0,0.0,0.0,0.0,0.0,0.0,0.0,0.0,0.0,0.0,0.0,0.0,0.0,0.0,0.0,0,-107875648.0,69,0.0,138,0.0,-0.0,0,0,17087,13107,17104,0,17084,0,0,0,70,68,100,-0.0,82.0,0.0,78.8,-0.0,79.0,1,49,50,180,26215,0,0,0,0.0,0.0,0.0,0.0,-0.0,67.0,0.0,162057.094,0.0,982,0,1015,0,0,0,955,0,1041,0,940,0,793,0,785,0,823,0,7520,0.032,2.5133688800429264e+20,0.0,0.0,784,16797,-0.0,162057.094,-114818.039,-0.0,0.133,6.909358625270745e+28,30.0,70.0,35,0.0,0.0,0.0,0.0,0.0,0.0,0.0,0.0,0.0,0.0,0.0,0.0,0.0,0.0,0.0,0.0,66.0,0,150,71,52,65476,0,300,0,0,8,20529,65476,0,0,44564,70.0,0.0,0.0,0.0,0.0,0.0
2026-09-10T21:09:28,ERR,ERR,ERR,ERR,ERR,ERR,ERR,ERR,ERR,ERR,ERR,ERR,ERR,ERR,ERR,ERR,ERR,ERR,ERR,ERR,ERR,ERR,ERR,ERR,ERR,ERR,ERR,ERR,ERR,ERR,ERR,ERR,ERR,ERR,ERR,ERR,ERR,ERR,ERR,ERR,ERR,ERR,ERR,ERR,ERR,ERR,ERR,ERR,ERR,ERR,ERR,ERR,ERR,ERR,ERR,ERR,ERR,ERR,ERR,ERR,ERR,ERR,ERR,ERR,ERR,ERR,ERR,ERR,ERR,ERR,ERR,ERR,ERR,ERR,ERR,ERR,ERR,ERR,ERR,ERR,ERR,ERR,ERR,ERR,ERR,ERR,ERR,ERR,ERR,ERR,ERR,ERR,ERR,ERR,ERR,ERR,ERR,ERR,ERR,ERR,ERR,ERR,ERR,ERR,ERR,ERR,ERR,ERR,ERR,ERR,ERR,ERR,ERR,ERR,ERR,ERR,ERR,ERR,ERR,ERR,ERR,ERR,ERR,ERR,ERR,0.0,2.7184303811560617e+23,-100794720.0,0.0,0.0,1.3936040501711995e+18,7.805,0.0,0,0,4,0,7116,0.0,100,0.0,0.0,0.0,0.0,0.0,0,0,0,0,0.0,0,0,0,0,0,0,0,0,0,0,0,0,0,0,0,0,0,0,0,0,0,0,0,0,0,0,0,0,0,0,0,0,0,31,40,40,71,65476,0,300,0,0,8,21553,0.0,-107605600.0,0.0,0.0,0.0,0.0,0.0,0.0,0.0,0.0,0.0,0.0,0.0,0.0,0.0,0.0,0.0,0.0,0.0,0.0,0.0,0.0,-2.004,-0.0,-2.004,-0.0,0.0,0.0,0.0,0.0,4472.0,-0.0,6931.0,0.0,2.7184303811560617e+23,2.718425337124479e+23,2.718428940004181e+23,0.0,0.0,0.0,0.0,69,0.0,-0.0,0.0,0.0,0.0,0.0,0.0,0.0,0.0,0,0,0,0.0,0.0,0.0,0.0,0.0,0.0,0.0,0.0,0.0,0.0,0.0,0.0,0.0,0.0,0.0,0.0,0,-107875648.0,69,0.0,138,0.0,-0.0,0,0,17087,13107,17104,0,17084,0,0,0,70,68,100,-0.0,82.0,0.0,78.8,-0.0,79.0,1,49,50,180,26215,0,0,0,0.0,0.0,0.0,0.0,-0.0,67.0,0.0,162057.094,0.0,982,0,1015,0,0,0,955,0,1041,0,940,0,793,0,785,0,823,0,7520,0.032,2.5133688800429264e+20,0.0,0.0,784,16797,-0.0,162057.094,-114818.039,-0.0,0.133,6.909358625270745e+28,30.0,70.0,35,0.0,0.0,0.0,0.0,0.0,0.0,0.0,0.0,0.0,0.0,0.0,0.0,0.0,0.0,0.0,0.0,66.0,0,150,71,52,65476,0,300,0,0,8,20529,65476,0,0,44564,70.0,0.0,0.0,0.0,0.0,0.0
2026-09-10T21:09:29,ERR,ERR,ERR,ERR,ERR,ERR,ERR,ERR,ERR,ERR,ERR,ERR,ERR,ERR,ERR,ERR,ERR,ERR,ERR,ERR,ERR,ERR,ERR,ERR,ERR,ERR,ERR,ERR,ERR,ERR,ERR,ERR,ERR,ERR,ERR,ERR,ERR,ERR,ERR,ERR,ERR,ERR,ERR,ERR,ERR,ERR,ERR,ERR,ERR,ERR,ERR,ERR,ERR,ERR,ERR,ERR,ERR,ERR,ERR,ERR,ERR,ERR,ERR,ERR,ERR,ERR,ERR,ERR,ERR,ERR,ERR,ERR,ERR,ERR,ERR,ERR,ERR,ERR,ERR,ERR,ERR,ERR,ERR,ERR,ERR,ERR,ERR,ERR,ERR,ERR,ERR,ERR,ERR,ERR,ERR,ERR,ERR,ERR,ERR,ERR,ERR,ERR,ERR,ERR,ERR,ERR,ERR,ERR,ERR,ERR,ERR,ERR,ERR,ERR,ERR,ERR,ERR,ERR,ERR,ERR,ERR,ERR,ERR,ERR,ERR,0.0,2.7184303811560617e+23,-100794720.0,0.0,0.0,1.3936040501711995e+18,7.805,0.0,0,0,4,0,7116,0.0,100,0.0,0.0,0.0,0.0,0.0,0,0,0,0,0.0,0,0,0,0,0,0,0,0,0,0,0,0,0,0,0,0,0,0,0,0,0,0,0,0,0,0,0,0,0,0,0,0,0,31,40,40,71,65476,0,300,0,0,8,21553,0.0,-107605600.0,0.0,0.0,0.0,0.0,0.0,0.0,0.0,0.0,0.0,0.0,0.0,0.0,0.0,0.0,0.0,0.0,0.0,0.0,0.0,0.0,-2.004,-0.0,-2.004,-0.0,0.0,0.0,0.0,0.0,4472.0,-0.0,6931.0,0.0,2.7184303811560617e+23,2.718425337124479e+23,2.718428940004181e+23,0.0,0.0,0.0,0.0,69,0.0,-0.0,0.0,0.0,0.0,0.0,0.0,0.0,0.0,0,0,0,0.0,0.0,0.0,0.0,0.0,0.0,0.0,0.0,0.0,0.0,0.0,0.0,0.0,0.0,0.0,0.0,0,-107875648.0,69,0.0,138,0.0,-0.0,0,13107,17087,13107,17104,0,17084,0,0,0,70,68,100,-0.0,82.0,0.0,78.8,-0.0,79.0,1,49,50,180,26215,0,0,0,0.0,0.0,0.0,0.0,-0.0,67.0,0.0,162057.094,0.0,982,0,1015,0,0,0,955,0,1040,0,940,0,793,0,785,0,823,0,7520,0.032,2.524898095088995e+20,0.0,0.0,784,16797,-0.0,162057.094,-114818.039,-0.0,0.133,6.909358625270745e+28,30.0,70.0,35,0.0,0.0,0.0,0.0,0.0,0.0,0.0,0.0,0.0,0.0,0.0,0.0,0.0,0.0,0.0,0.0,66.0,0,150,71,52,65476,0,300,0,0,8,20529,65476,0,0,44564,70.0,0.0,0.0,0.0,0.0,0.0
2026-09-10T21:09:30,ERR,ERR,ERR,ERR,ERR,ERR,ERR,ERR,ERR,ERR,ERR,ERR,ERR,ERR,ERR,ERR,ERR,ERR,ERR,ERR,ERR,ERR,ERR,ERR,ERR,ERR,ERR,ERR,ERR,ERR,ERR,ERR,ERR,ERR,ERR,ERR,ERR,ERR,ERR,ERR,ERR,ERR,ERR,ERR,ERR,ERR,ERR,ERR,ERR,ERR,ERR,ERR,ERR,ERR,ERR,ERR,ERR,ERR,ERR,ERR,ERR,ERR,ERR,ERR,ERR,ERR,ERR,ERR,ERR,ERR,ERR,ERR,ERR,ERR,ERR,ERR,ERR,ERR,ERR,ERR,ERR,ERR,ERR,ERR,ERR,ERR,ERR,ERR,ERR,ERR,ERR,ERR,ERR,ERR,ERR,ERR,ERR,ERR,ERR,ERR,ERR,ERR,ERR,ERR,ERR,ERR,ERR,ERR,ERR,ERR,ERR,ERR,ERR,ERR,ERR,ERR,ERR,ERR,ERR,ERR,ERR,ERR,ERR,ERR,ERR,0.0,2.7184303811560617e+23,-100794720.0,0.0,0.0,1.3936040501711995e+18,7.805,0.0,0,0,4,0,7116,0.0,100,0.0,0.0,0.0,0.0,0.0,0,0,0,0,0.0,0,0,0,0,0,0,0,0,0,0,0,0,0,0,0,0,0,0,0,0,0,0,0,0,0,0,0,0,0,0,0,0,0,31,40,40,71,65476,0,300,0,0,8,21553,0.0,-107605600.0,0.0,0.0,0.0,0.0,0.0,0.0,0.0,0.0,0.0,0.0,0.0,0.0,0.0,0.0,0.0,0.0,0.0,0.0,0.0,0.0,-2.004,-0.0,-2.004,-0.0,0.0,0.0,0.0,0.0,4471.0,-0.0,6932.0,0.0,2.7184303811560617e+23,2.718425337124479e+23,2.718428940004181e+23,0.0,0.0,0.0,0.0,69,-5.8480849975795215e+35,-0.0,0.0,0.0,0.0,0.0,0.0,0.0,0.0,0,0,0,0.0,0.0,0.0,0.0,0.0,0.0,0.0,0.0,0.0,0.0,0.0,0.0,0.0,0.0,0.0,0.0,0,-107875648.0,69,0.0,138,0.0,-0.0,0,13107,17087,13107,17104,0,17084,0,0,0,70,68,100,-0.0,82.0,0.0,78.8,-0.0,79.0,1,49,50,180,26215,0,0,0,0.0,0.0,0.0,0.0,-0.0,67.0,0.0,162057.094,0.0,982,0,1015,0,0,0,955,0,1040,0,940,0,793,0,785,0,823,0,7520,0.032,2.524898095088995e+20,0.0,0.0,784,16797,-0.0,162057.094,-114818.039,-0.0,0.133,6.909358625270745e+28,30.0,70.0,35,0.0,0.0,0.0,0.0,0.0,0.0,0.0,0.0,0.0,0.0,0.0,0.0,0.0,0.0,0.0,0.0,66.0,0,150,71,52,65476,0,300,0,0,8,20529,65476,0,0,44564,70.0,0.0,0.0,0.0,0.0,0.0
2026-09-10T21:09:31,ERR,ERR,ERR,ERR,ERR,ERR,ERR,ERR,ERR,ERR,ERR,ERR,ERR,ERR,ERR,ERR,ERR,ERR,ERR,ERR,ERR,ERR,ERR,ERR,ERR,ERR,ERR,ERR,ERR,ERR,ERR,ERR,ERR,ERR,ERR,ERR,ERR,ERR,ERR,ERR,ERR,ERR,ERR,ERR,ERR,ERR,ERR,ERR,ERR,ERR,ERR,ERR,ERR,ERR,ERR,ERR,ERR,ERR,ERR,ERR,ERR,ERR,ERR,ERR,ERR,ERR,ERR,ERR,ERR,ERR,ERR,ERR,ERR,ERR,ERR,ERR,ERR,ERR,ERR,ERR,ERR,ERR,ERR,ERR,ERR,ERR,ERR,ERR,ERR,ERR,ERR,ERR,ERR,ERR,ERR,ERR,ERR,ERR,ERR,ERR,ERR,ERR,ERR,ERR,ERR,ERR,ERR,ERR,ERR,ERR,ERR,ERR,ERR,ERR,ERR,ERR,ERR,ERR,ERR,ERR,ERR,ERR,ERR,ERR,ERR,0.0,2.7184303811560617e+23,-100794720.0,0.0,0.0,1.3936040501711995e+18,7.805,0.0,0,0,4,0,7116,0.0,100,0.0,0.0,0.0,0.0,0.0,0,0,0,0,0.0,0,0,0,0,0,0,0,0,0,0,0,0,0,0,0,0,0,0,0,0,0,0,0,0,0,0,0,0,0,0,0,0,0,31,40,40,71,65476,0,300,0,0,8,21553,0.0,-107605600.0,0.0,0.0,0.0,0.0,0.0,0.0,0.0,0.0,0.0,0.0,0.0,0.0,0.0,0.0,0.0,0.0,0.0,0.0,0.0,0.0,-2.004,-0.0,-2.004,-0.0,0.0,0.0,0.0,0.0,4471.0,-0.0,6932.0,0.0,2.7184303811560617e+23,2.718425337124479e+23,2.718428940004181e+23,0.0,0.0,0.0,0.0,69,-5.8480849975795215e+35,-0.0,0.0,0.0,0.0,0.0,0.0,0.0,0.0,0,0,0,0.0,0.0,0.0,0.0,0.0,0.0,0.0,0.0,0.0,0.0,0.0,0.0,0.0,0.0,0.0,0.0,0,-107875648.0,69,0.0,138,0.0,-0.0,0,13107,17087,13107,17104,0,17084,0,0,0,70,68,100,-0.0,82.0,0.0,78.8,-0.0,79.0,1,49,50,180,26215,0,0,0,0.0,0.0,0.0,0.0,-0.0,67.0,0.0,162057.094,0.0,982,0,1015,0,0,0,955,0,1040,0,940,0,793,0,785,0,823,0,7520,0.032,2.524898095088995e+20,0.0,0.0,784,16797,-0.0,162057.094,-114818.039,-0.0,0.133,6.909358625270745e+28,30.0,70.0,35,0.0,0.0,0.0,0.0,0.0,0.0,0.0,0.0,0.0,0.0,0.0,0.0,0.0,0.0,0.0,0.0,66.4,0,150,71,52,65476,0,300,0,0,8,20529,65476,0,0,44564,70.0,0.0,0.0,0.0,0.0,0.0
2026-09-10T21:09:32,ERR,ERR,ERR,ERR,ERR,ERR,ERR,ERR,ERR,ERR,ERR,ERR,ERR,ERR,ERR,ERR,ERR,ERR,ERR,ERR,ERR,ERR,ERR,ERR,ERR,ERR,ERR,ERR,ERR,ERR,ERR,ERR,ERR,ERR,ERR,ERR,ERR,ERR,ERR,ERR,ERR,ERR,ERR,ERR,ERR,ERR,ERR,ERR,ERR,ERR,ERR,ERR,ERR,ERR,ERR,ERR,ERR,ERR,ERR,ERR,ERR,ERR,ERR,ERR,ERR,ERR,ERR,ERR,ERR,ERR,ERR,ERR,ERR,ERR,ERR,ERR,ERR,ERR,ERR,ERR,ERR,ERR,ERR,ERR,ERR,ERR,ERR,ERR,ERR,ERR,ERR,ERR,ERR,ERR,ERR,ERR,ERR,ERR,ERR,ERR,ERR,ERR,ERR,ERR,ERR,ERR,ERR,ERR,ERR,ERR,ERR,ERR,ERR,ERR,ERR,ERR,ERR,ERR,ERR,ERR,ERR,ERR,ERR,ERR,ERR,0.0,2.7184303811560617e+23,-100794720.0,0.0,0.0,1.3936040501711995e+18,7.805,0.0,0,0,4,0,7116,0.0,100,0.0,0.0,0.0,0.0,0.0,0,0,0,0,0.0,0,0,0,0,0,0,0,0,0,0,0,0,0,0,0,0,0,0,0,0,0,0,0,0,0,0,0,0,0,0,0,0,0,31,40,40,71,65476,0,300,0,0,8,21553,0.0,-107605600.0,0.0,0.0,0.0,0.0,0.0,0.0,0.0,0.0,0.0,0.0,0.0,0.0,0.0,0.0,0.0,0.0,0.0,0.0,0.0,0.0,-2.004,-0.0,-2.004,-0.0,0.0,0.0,0.0,0.0,4471.0,-0.0,6932.0,0.0,2.7184303811560617e+23,2.718425337124479e+23,2.718428940004181e+23,0.0,0.0,0.0,0.0,69,-5.8480849975795215e+35,-0.0,0.0,0.0,0.0,0.0,0.0,0.0,0.0,0,0,0,0.0,0.0,0.0,0.0,0.0,0.0,0.0,0.0,0.0,0.0,0.0,0.0,0.0,0.0,0.0,0.0,0,-107875648.0,69,0.0,138,0.0,-0.0,0,13107,17087,13107,17104,0,17084,0,0,0,70,68,100,-0.0,82.0,0.0,78.8,-0.0,79.0,1,49,50,180,26215,0,0,0,0.0,0.0,0.0,0.0,-0.0,67.0,0.0,162057.094,0.0,982,0,1015,0,0,0,955,0,1040,0,940,0,793,0,785,0,823,0,7520,0.032,2.524898095088995e+20,0.0,0.0,784,16797,-0.0,162057.094,-114818.039,-0.0,0.133,6.909358625270745e+28,30.0,70.0,35,0.0,0.0,0.0,0.0,0.0,0.0,0.0,0.0,0.0,0.0,0.0,0.0,0.0,0.0,0.0,0.0,66.4,0,150,71,52,65476,0,300,0,0,8,20529,65476,0,0,44564,70.0,0.0,0.0,0.0,0.0,0.0
2026-09-10T21:09:33,ERR,ERR,ERR,ERR,ERR,ERR,ERR,ERR,ERR,ERR,ERR,ERR,ERR,ERR,ERR,ERR,ERR,ERR,ERR,ERR,ERR,ERR,ERR,ERR,ERR,ERR,ERR,ERR,ERR,ERR,ERR,ERR,ERR,ERR,ERR,ERR,ERR,ERR,ERR,ERR,ERR,ERR,ERR,ERR,ERR,ERR,ERR,ERR,ERR,ERR,ERR,ERR,ERR,ERR,ERR,ERR,ERR,ERR,ERR,ERR,ERR,ERR,ERR,ERR,ERR,ERR,ERR,ERR,ERR,ERR,ERR,ERR,ERR,ERR,ERR,ERR,ERR,ERR,ERR,ERR,ERR,ERR,ERR,ERR,ERR,ERR,ERR,ERR,ERR,ERR,ERR,ERR,ERR,ERR,ERR,ERR,ERR,ERR,ERR,ERR,ERR,ERR,ERR,ERR,ERR,ERR,ERR,ERR,ERR,ERR,ERR,ERR,ERR,ERR,ERR,ERR,ERR,ERR,ERR,ERR,ERR,ERR,ERR,ERR,ERR,0.0,2.7184303811560617e+23,-100794720.0,0.0,0.0,1.3936040501711995e+18,7.805,0.0,0,0,4,0,7116,0.0,100,0.0,0.0,0.0,0.0,0.0,0,0,0,0,0.0,0,0,0,0,0,0,0,0,0,0,0,0,0,0,0,0,0,0,0,0,0,0,0,0,0,0,0,0,0,0,0,0,0,31,40,40,71,65476,0,300,0,0,8,21553,0.0,-107605600.0,0.0,0.0,0.0,0.0,0.0,0.0,0.0,0.0,0.0,0.0,0.0,0.0,0.0,0.0,0.0,0.0,0.0,0.0,0.0,0.0,-2.004,-0.0,-2.004,-0.0,0.0,0.0,0.0,0.0,4471.0,-0.0,6932.0,0.0,2.7184303811560617e+23,2.718425337124479e+23,2.718428940004181e+23,0.0,0.0,0.0,0.0,69,-5.8480849975795215e+35,-0.0,0.0,0.0,0.0,0.0,0.0,0.0,0.0,0,0,0,0.0,0.0,0.0,0.0,0.0,0.0,0.0,0.0,0.0,0.0,0.0,0.0,0.0,0.0,0.0,0.0,0,-107875648.0,69,0.0,138,0.0,-0.0,0,13107,17087,13107,17104,0,17084,0,0,0,70,68,100,-0.0,82.0,0.0,78.8,-0.0,79.0,1,49,50,180,26215,0,0,0,0.0,0.0,0.0,0.0,-0.0,67.0,0.0,162057.094,0.0,982,0,1015,0,0,0,955,0,1040,0,940,0,793,0,785,0,823,0,7520,0.032,2.524898095088995e+20,0.0,0.0,784,16797,-0.0,162057.094,-114818.039,-0.0,0.133,6.909358625270745e+28,30.0,70.0,35,0.0,0.0,0.0,0.0,0.0,0.0,0.0,0.0,0.0,0.0,0.0,0.0,0.0,0.0,0.0,0.0,66.4,0,150,71,52,65476,0,300,0,0,8,20529,65476,0,0,44564,70.0,0.0,0.0,0.0,0.0,0.0
2026-09-10T21:09:34,ERR,ERR,ERR,ERR,ERR,ERR,ERR,ERR,ERR,ERR,ERR,ERR,ERR,ERR,ERR,ERR,ERR,ERR,ERR,ERR,ERR,ERR,ERR,ERR,ERR,ERR,ERR,ERR,ERR,ERR,ERR,ERR,ERR,ERR,ERR,ERR,ERR,ERR,ERR,ERR,ERR,ERR,ERR,ERR,ERR,ERR,ERR,ERR,ERR,ERR,ERR,ERR,ERR,ERR,ERR,ERR,ERR,ERR,ERR,ERR,ERR,ERR,ERR,ERR,ERR,ERR,ERR,ERR,ERR,ERR,ERR,ERR,ERR,ERR,ERR,ERR,ERR,ERR,ERR,ERR,ERR,ERR,ERR,ERR,ERR,ERR,ERR,ERR,ERR,ERR,ERR,ERR,ERR,ERR,ERR,ERR,ERR,ERR,ERR,ERR,ERR,ERR,ERR,ERR,ERR,ERR,ERR,ERR,ERR,ERR,ERR,ERR,ERR,ERR,ERR,ERR,ERR,ERR,ERR,ERR,ERR,ERR,ERR,ERR,ERR,0.0,2.7184303811560617e+23,-100794720.0,0.0,0.0,1.3936040501711995e+18,7.805,0.0,0,0,4,0,7116,0.0,100,0.0,0.0,0.0,0.0,0.0,0,0,0,0,0.0,0,0,0,0,0,0,0,0,0,0,0,0,0,0,0,0,0,0,0,0,0,0,0,0,0,0,0,0,0,0,0,0,0,31,40,40,71,65476,0,300,0,0,8,21553,0.0,-107605600.0,0.0,0.0,0.0,0.0,0.0,0.0,0.0,0.0,0.0,0.0,0.0,0.0,0.0,0.0,0.0,0.0,0.0,0.0,0.0,0.0,-2.004,-0.0,-2.004,-0.0,0.0,0.0,0.0,0.0,4471.0,-0.0,6932.0,0.0,2.7184303811560617e+23,2.718425337124479e+23,2.718428940004181e+23,0.0,0.0,0.0,0.0,69,-5.8480849975795215e+35,-0.0,0.0,0.0,0.0,0.0,0.0,0.0,0.0,0,0,0,0.0,0.0,0.0,0.0,0.0,0.0,0.0,0.0,0.0,0.0,0.0,0.0,0.0,0.0,0.0,0.0,0,-107875648.0,69,0.0,138,0.0,-0.0,0,13107,17087,13107,17104,0,17084,0,0,0,70,68,100,-0.0,82.0,0.0,78.8,-0.0,79.0,1,49,50,180,26215,0,0,0,0.0,0.0,0.0,0.0,-0.0,67.0,0.0,162057.094,0.0,982,0,1015,0,0,0,955,0,1040,0,940,0,793,0,785,0,823,0,7520,0.032,2.5133688800429264e+20,0.0,0.0,784,16797,-0.0,162057.094,-114818.039,-0.0,0.133,6.909358625270745e+28,30.0,70.0,35,0.0,0.0,0.0,0.0,0.0,0.0,0.0,0.0,0.0,0.0,0.0,0.0,0.0,0.0,0.0,0.0,66.0,0,150,71,52,65476,0,300,0,0,8,20529,65476,0,0,44564,70.0,0.0,0.0,0.0,0.0,0.0
2026-09-10T21:09:35,ERR,ERR,ERR,ERR,ERR,ERR,ERR,ERR,ERR,ERR,ERR,ERR,ERR,ERR,ERR,ERR,ERR,ERR,ERR,ERR,ERR,ERR,ERR,ERR,ERR,ERR,ERR,ERR,ERR,ERR,ERR,ERR,ERR,ERR,ERR,ERR,ERR,ERR,ERR,ERR,ERR,ERR,ERR,ERR,ERR,ERR,ERR,ERR,ERR,ERR,ERR,ERR,ERR,ERR,ERR,ERR,ERR,ERR,ERR,ERR,ERR,ERR,ERR,ERR,ERR,ERR,ERR,ERR,ERR,ERR,ERR,ERR,ERR,ERR,ERR,ERR,ERR,ERR,ERR,ERR,ERR,ERR,ERR,ERR,ERR,ERR,ERR,ERR,ERR,ERR,ERR,ERR,ERR,ERR,ERR,ERR,ERR,ERR,ERR,ERR,ERR,ERR,ERR,ERR,ERR,ERR,ERR,ERR,ERR,ERR,ERR,ERR,ERR,ERR,ERR,ERR,ERR,ERR,ERR,ERR,ERR,ERR,ERR,ERR,ERR,0.0,2.7184303811560617e+23,-100794720.0,0.0,0.0,1.3936040501711995e+18,7.805,0.0,0,0,4,0,7116,0.0,100,0.0,0.0,0.0,0.0,0.0,0,0,0,0,0.0,0,0,0,0,0,0,0,0,0,0,0,0,0,0,0,0,0,0,0,0,0,0,0,0,0,0,0,0,0,0,0,0,0,31,40,40,71,65476,0,300,0,0,8,21553,0.0,-107605600.0,0.0,0.0,0.0,0.0,0.0,0.0,0.0,0.0,0.0,0.0,0.0,0.0,0.0,0.0,0.0,0.0,0.0,0.0,0.0,0.0,-2.004,-0.0,-2.004,-0.0,0.0,0.0,0.0,0.0,4471.0,-0.0,6932.0,0.0,2.7184303811560617e+23,2.718425337124479e+23,2.718428940004181e+23,0.0,0.0,0.0,0.0,69,-5.8480849975795215e+35,-0.0,0.0,0.0,0.0,0.0,0.0,0.0,0.0,0,0,0,0.0,0.0,0.0,0.0,0.0,0.0,0.0,0.0,0.0,0.0,0.0,0.0,0.0,0.0,0.0,0.0,0,-107875648.0,69,0.0,138,0.0,-0.0,0,13107,17087,13107,17104,0,17084,0,0,0,70,68,100,-0.0,82.0,0.0,78.8,-0.0,79.0,1,49,50,180,26215,0,0,0,0.0,0.0,0.0,0.0,-0.0,67.0,0.0,162057.094,0.0,982,0,1015,0,0,0,955,0,1040,0,940,0,793,0,785,0,823,0,7520,0.032,2.5133688800429264e+20,0.0,0.0,784,16797,-0.0,162057.094,-114818.039,-0.0,0.133,6.909358625270745e+28,30.0,70.0,35,0.0,0.0,0.0,0.0,0.0,0.0,0.0,0.0,0.0,0.0,0.0,0.0,0.0,0.0,0.0,0.0,66.0,0,150,71,52,65476,0,300,0,0,8,20529,65476,0,0,44564,70.0,0.0,0.0,0.0,0.0,0.0
2026-09-10T21:09:36,ERR,ERR,ERR,ERR,ERR,ERR,ERR,ERR,ERR,ERR,ERR,ERR,ERR,ERR,ERR,ERR,ERR,ERR,ERR,ERR,ERR,ERR,ERR,ERR,ERR,ERR,ERR,ERR,ERR,ERR,ERR,ERR,ERR,ERR,ERR,ERR,ERR,ERR,ERR,ERR,ERR,ERR,ERR,ERR,ERR,ERR,ERR,ERR,ERR,ERR,ERR,ERR,ERR,ERR,ERR,ERR,ERR,ERR,ERR,ERR,ERR,ERR,ERR,ERR,ERR,ERR,ERR,ERR,ERR,ERR,ERR,ERR,ERR,ERR,ERR,ERR,ERR,ERR,ERR,ERR,ERR,ERR,ERR,ERR,ERR,ERR,ERR,ERR,ERR,ERR,ERR,ERR,ERR,ERR,ERR,ERR,ERR,ERR,ERR,ERR,ERR,ERR,ERR,ERR,ERR,ERR,ERR,ERR,ERR,ERR,ERR,ERR,ERR,ERR,ERR,ERR,ERR,ERR,ERR,ERR,ERR,ERR,ERR,ERR,ERR,0.0,2.7184303811560617e+23,-100794720.0,0.0,0.0,1.3936040501711995e+18,7.805,0.0,0,0,4,0,7116,0.0,100,0.0,0.0,0.0,0.0,0.0,0,0,0,0,0.0,0,0,0,0,0,0,0,0,0,0,0,0,0,0,0,0,0,0,0,0,0,0,0,0,0,0,0,0,0,0,0,0,0,31,40,40,71,65476,0,300,0,0,8,21553,0.0,-107605600.0,0.0,0.0,0.0,0.0,0.0,0.0,0.0,0.0,0.0,0.0,0.0,0.0,0.0,0.0,0.0,0.0,0.0,0.0,0.0,0.0,-2.004,-0.0,-2.004,-0.0,0.0,0.0,0.0,0.0,4471.0,-0.0,6932.0,0.0,2.7184303811560617e+23,2.718425337124479e+23,2.718428940004181e+23,0.0,0.0,0.0,0.0,69,-5.8480849975795215e+35,-0.0,0.0,0.0,0.0,0.0,0.0,0.0,0.0,0,0,0,0.0,0.0,0.0,0.0,0.0,0.0,0.0,0.0,0.0,0.0,0.0,0.0,0.0,0.0,0.0,0.0,0,-107875648.0,69,0.0,138,0.0,-0.0,0,13107,17087,13107,17104,0,17084,0,0,0,70,68,100,-0.0,82.0,0.0,78.8,-0.0,79.0,1,49,50,180,26215,0,0,0,0.0,0.0,0.0,0.0,-0.0,67.0,0.0,162057.094,0.0,982,0,1015,0,0,0,955,0,1040,0,940,0,793,0,785,0,823,0,7520,0.032,2.5133688800429264e+20,0.0,0.0,784,16797,-0.0,162057.094,-114818.039,-0.0,0.133,6.909358625270745e+28,30.0,70.0,35,0.0,0.0,0.0,0.0,0.0,0.0,0.0,0.0,0.0,0.0,0.0,0.0,0.0,0.0,0.0,0.0,66.0,0,150,71,52,65476,0,300,0,0,8,20529,65476,0,0,44564,70.0,0.0,0.0,0.0,0.0,0.0
2026-09-10T21:09:37,ERR,ERR,ERR,ERR,ERR,ERR,ERR,ERR,ERR,ERR,ERR,ERR,ERR,ERR,ERR,ERR,ERR,ERR,ERR,ERR,ERR,ERR,ERR,ERR,ERR,ERR,ERR,ERR,ERR,ERR,ERR,ERR,ERR,ERR,ERR,ERR,ERR,ERR,ERR,ERR,ERR,ERR,ERR,ERR,ERR,ERR,ERR,ERR,ERR,ERR,ERR,ERR,ERR,ERR,ERR,ERR,ERR,ERR,ERR,ERR,ERR,ERR,ERR,ERR,ERR,ERR,ERR,ERR,ERR,ERR,ERR,ERR,ERR,ERR,ERR,ERR,ERR,ERR,ERR,ERR,ERR,ERR,ERR,ERR,ERR,ERR,ERR,ERR,ERR,ERR,ERR,ERR,ERR,ERR,ERR,ERR,ERR,ERR,ERR,ERR,ERR,ERR,ERR,ERR,ERR,ERR,ERR,ERR,ERR,ERR,ERR,ERR,ERR,ERR,ERR,ERR,ERR,ERR,ERR,ERR,ERR,ERR,ERR,ERR,ERR,0.0,2.7184303811560617e+23,-100794720.0,0.0,0.0,1.3936040501711995e+18,7.805,0.0,0,0,4,0,7116,0.0,100,0.0,0.0,0.0,0.0,0.0,0,0,0,0,0.0,0,0,0,0,0,0,0,0,0,0,0,0,0,0,0,0,0,0,0,0,0,0,0,0,0,0,0,0,0,0,0,0,0,31,40,40,71,65476,0,300,0,0,8,21553,0.0,-107605600.0,0.0,0.0,0.0,0.0,0.0,0.0,0.0,0.0,0.0,0.0,0.0,0.0,0.0,0.0,0.0,0.0,0.0,0.0,0.0,0.0,-2.004,-0.0,-2.004,-0.0,0.0,0.0,0.0,0.0,4471.0,-0.0,6932.0,0.0,2.7184303811560617e+23,2.718425337124479e+23,2.718428940004181e+23,0.0,0.0,0.0,0.0,69,-5.8480849975795215e+35,-0.0,0.0,0.0,0.0,0.0,0.0,0.0,0.0,0,0,0,0.0,0.0,0.0,0.0,0.0,0.0,0.0,0.0,0.0,0.0,0.0,0.0,0.0,0.0,0.0,0.0,0,-107875648.0,69,0.0,138,0.0,-0.0,0,13107,17087,13107,17104,0,17084,0,0,0,70,68,100,-0.0,82.0,0.0,78.8,-0.0,79.0,1,49,50,180,26215,0,0,0,0.0,0.0,0.0,0.0,-0.0,67.0,0.0,162057.094,0.0,982,0,1015,0,0,0,955,0,1040,0,940,0,793,0,785,0,823,0,7520,0.032,2.5133688800429264e+20,0.0,0.0,784,16797,-0.0,162057.094,-114818.039,-0.0,0.133,6.909358625270745e+28,30.0,70.0,35,0.0,0.0,0.0,0.0,0.0,0.0,0.0,0.0,0.0,0.0,0.0,0.0,0.0,0.0,0.0,0.0,66.0,0,150,71,52,65476,0,300,0,0,8,20529,65476,0,0,44564,70.0,0.0,0.0,0.0,0.0,0.0
2026-09-10T21:09:38,ERR,ERR,ERR,ERR,ERR,ERR,ERR,ERR,ERR,ERR,ERR,ERR,ERR,ERR,ERR,ERR,ERR,ERR,ERR,ERR,ERR,ERR,ERR,ERR,ERR,ERR,ERR,ERR,ERR,ERR,ERR,ERR,ERR,ERR,ERR,ERR,ERR,ERR,ERR,ERR,ERR,ERR,ERR,ERR,ERR,ERR,ERR,ERR,ERR,ERR,ERR,ERR,ERR,ERR,ERR,ERR,ERR,ERR,ERR,ERR,ERR,ERR,ERR,ERR,ERR,ERR,ERR,ERR,ERR,ERR,ERR,ERR,ERR,ERR,ERR,ERR,ERR,ERR,ERR,ERR,ERR,ERR,ERR,ERR,ERR,ERR,ERR,ERR,ERR,ERR,ERR,ERR,ERR,ERR,ERR,ERR,ERR,ERR,ERR,ERR,ERR,ERR,ERR,ERR,ERR,ERR,ERR,ERR,ERR,ERR,ERR,ERR,ERR,ERR,ERR,ERR,ERR,ERR,ERR,ERR,ERR,ERR,ERR,ERR,ERR,0.0,2.7184303811560617e+23,-100794720.0,0.0,0.0,1.3936040501711995e+18,7.805,0.0,0,0,4,0,7116,0.0,100,0.0,0.0,0.0,0.0,0.0,0,0,0,0,0.0,0,0,0,0,0,0,0,0,0,0,0,0,0,0,0,0,0,0,0,0,0,0,0,0,0,0,0,0,0,0,0,0,0,31,40,40,71,65476,0,300,0,0,8,21553,0.0,-107605600.0,0.0,0.0,0.0,0.0,0.0,0.0,0.0,0.0,0.0,0.0,0.0,0.0,0.0,0.0,0.0,0.0,0.0,0.0,0.0,0.0,-2.004,-0.0,-2.004,-0.0,0.0,0.0,0.0,0.0,4472.0,1.587926141905068e+29,6926.0,0.0,2.7184303811560617e+23,2.718425337124479e+23,2.718428940004181e+23,0.0,0.0,0.0,0.0,69,0.0,5.848046968061515e+35,0.0,0.0,0.0,0.0,0.0,0.0,0.0,0,0,0,0.0,0.0,0.0,0.0,0.0,0.0,0.0,0.0,0.0,0.0,0.0,0.0,0.0,0.0,0.0,0.0,0,-107875648.0,69,0.0,138,0.0,-0.0,0,13107,17087,13107,17104,0,17084,0,0,0,70,68,100,-0.0,82.0,0.0,78.8,-0.0,79.0,1,49,50,180,26215,0,0,0,0.0,0.0,0.0,0.0,-0.0,67.0,0.0,162057.094,0.0,982,0,1015,0,0,0,955,0,1040,0,940,0,793,0,785,0,823,0,7520,0.032,2.5133688800429264e+20,0.0,0.0,784,16797,-0.0,162057.094,-114818.039,-0.0,0.133,6.909358625270745e+28,30.0,70.0,35,0.0,0.0,0.0,0.0,0.0,0.0,0.0,0.0,0.0,0.0,0.0,0.0,0.0,0.0,0.0,0.0,66.0,0,150,71,52,65476,0,300,0,0,8,20529,65476,0,0,44564,70.0,0.0,0.0,0.0,0.0,0.0
2026-09-10T21:09:39,ERR,ERR,ERR,ERR,ERR,ERR,ERR,ERR,ERR,ERR,ERR,ERR,ERR,ERR,ERR,ERR,ERR,ERR,ERR,ERR,ERR,ERR,ERR,ERR,ERR,ERR,ERR,ERR,ERR,ERR,ERR,ERR,ERR,ERR,ERR,ERR,ERR,ERR,ERR,ERR,ERR,ERR,ERR,ERR,ERR,ERR,ERR,ERR,ERR,ERR,ERR,ERR,ERR,ERR,ERR,ERR,ERR,ERR,ERR,ERR,ERR,ERR,ERR,ERR,ERR,ERR,ERR,ERR,ERR,ERR,ERR,ERR,ERR,ERR,ERR,ERR,ERR,ERR,ERR,ERR,ERR,ERR,ERR,ERR,ERR,ERR,ERR,ERR,ERR,ERR,ERR,ERR,ERR,ERR,ERR,ERR,ERR,ERR,ERR,ERR,ERR,ERR,ERR,ERR,ERR,ERR,ERR,ERR,ERR,ERR,ERR,ERR,ERR,ERR,ERR,ERR,ERR,ERR,ERR,ERR,ERR,ERR,ERR,ERR,ERR,0.0,2.7184303811560617e+23,-100794720.0,0.0,0.0,1.3936040501711995e+18,7.805,0.0,0,0,4,0,7116,0.0,100,0.0,0.0,0.0,0.0,0.0,0,0,0,0,0.0,0,0,0,0,0,0,0,0,0,0,0,0,0,0,0,0,0,0,0,0,0,0,0,0,0,0,0,0,0,0,0,0,0,31,40,40,71,65476,0,300,0,0,8,21553,0.0,-107605600.0,0.0,0.0,0.0,0.0,0.0,0.0,0.0,0.0,0.0,0.0,0.0,0.0,0.0,0.0,0.0,0.0,0.0,0.0,0.0,0.0,-2.004,-0.0,-2.004,-0.0,0.0,0.0,0.0,0.0,4472.0,1.587926141905068e+29,6926.0,0.0,2.7184303811560617e+23,2.718425337124479e+23,2.718428940004181e+23,0.0,0.0,0.0,0.0,69,0.0,5.848046968061515e+35,0.0,0.0,0.0,0.0,0.0,0.0,0.0,0,0,0,0.0,0.0,0.0,0.0,0.0,0.0,0.0,0.0,0.0,0.0,0.0,0.0,0.0,0.0,0.0,0.0,0,-107875648.0,69,0.0,138,0.0,-0.0,0,13107,17087,13107,17104,0,17084,0,0,0,70,68,100,-0.0,82.0,0.0,78.8,-0.0,79.0,1,49,50,180,26215,0,0,0,0.0,0.0,0.0,0.0,-0.0,67.0,0.0,162057.094,0.0,982,0,1015,0,0,0,955,0,1040,0,940,0,793,0,785,0,823,0,7520,0.032,2.5133688800429264e+20,0.0,0.0,784,16797,-0.0,162057.094,-114818.039,-0.0,0.133,6.909358625270745e+28,30.0,70.0,35,0.0,0.0,0.0,0.0,0.0,0.0,0.0,0.0,0.0,0.0,0.0,0.0,0.0,0.0,0.0,0.0,66.0,0,150,71,52,65476,0,300,0,0,8,20529,65476,0,0,44564,70.0,0.0,0.0,0.0,0.0,0.0
2026-09-10T21:09:40,ERR,ERR,ERR,ERR,ERR,ERR,ERR,ERR,ERR,ERR,ERR,ERR,ERR,ERR,ERR,ERR,ERR,ERR,ERR,ERR,ERR,ERR,ERR,ERR,ERR,ERR,ERR,ERR,ERR,ERR,ERR,ERR,ERR,ERR,ERR,ERR,ERR,ERR,ERR,ERR,ERR,ERR,ERR,ERR,ERR,ERR,ERR,ERR,ERR,ERR,ERR,ERR,ERR,ERR,ERR,ERR,ERR,ERR,ERR,ERR,ERR,ERR,ERR,ERR,ERR,ERR,ERR,ERR,ERR,ERR,ERR,ERR,ERR,ERR,ERR,ERR,ERR,ERR,ERR,ERR,ERR,ERR,ERR,ERR,ERR,ERR,ERR,ERR,ERR,ERR,ERR,ERR,ERR,ERR,ERR,ERR,ERR,ERR,ERR,ERR,ERR,ERR,ERR,ERR,ERR,ERR,ERR,ERR,ERR,ERR,ERR,ERR,ERR,ERR,ERR,ERR,ERR,ERR,ERR,ERR,ERR,ERR,ERR,ERR,ERR,0.0,2.7184303811560617e+23,-100794720.0,0.0,0.0,1.3936040501711995e+18,7.805,0.0,0,0,4,0,7116,0.0,100,0.0,0.0,0.0,0.0,0.0,0,0,0,0,0.0,0,0,0,0,0,0,0,0,0,0,0,0,0,0,0,0,0,0,0,0,0,0,0,0,0,0,0,0,0,0,0,0,0,31,40,40,71,65476,0,300,0,0,8,21553,0.0,-107605600.0,0.0,0.0,0.0,0.0,0.0,0.0,0.0,0.0,0.0,0.0,0.0,0.0,0.0,0.0,0.0,0.0,0.0,0.0,0.0,0.0,-2.004,-0.0,-2.004,-0.0,0.0,0.0,0.0,0.0,4472.0,1.587926141905068e+29,6926.0,0.0,2.7184303811560617e+23,2.718425337124479e+23,2.718428940004181e+23,0.0,0.0,0.0,0.0,69,0.0,5.848046968061515e+35,0.0,0.0,0.0,0.0,0.0,0.0,0.0,0,0,0,0.0,0.0,0.0,0.0,0.0,0.0,0.0,0.0,0.0,0.0,0.0,0.0,0.0,0.0,0.0,0.0,0,-107875648.0,69,0.0,138,0.0,-0.0,0,0,17087,0,17104,0,17084,0,0,0,70,68,100,-0.0,82.0,0.0,78.8,-0.0,79.0,1,49,50,180,26215,52429,0,0,0.0,0.0,0.0,0.0,-0.0,67.0,0.0,162057.094,0.0,982,0,1014,0,0,0,956,0,1040,0,940,0,793,0,785,0,823,0,7520,0.032,2.5133688800429264e+20,0.0,0.0,784,16797,-0.0,162057.094,-114818.039,-0.0,0.133,6.909358625270745e+28,30.0,70.0,35,0.0,0.0,0.0,0.0,0.0,0.0,0.0,0.0,0.0,0.0,0.0,0.0,0.0,0.0,0.0,0.0,66.0,0,150,71,52,65476,0,300,0,0,8,20529,65476,0,0,44564,70.0,0.0,0.0,0.0,0.0,0.0
2026-09-10T21:09:41,ERR,ERR,ERR,ERR,ERR,ERR,ERR,ERR,ERR,ERR,ERR,ERR,ERR,ERR,ERR,ERR,ERR,ERR,ERR,ERR,ERR,ERR,ERR,ERR,ERR,ERR,ERR,ERR,ERR,ERR,ERR,ERR,ERR,ERR,ERR,ERR,ERR,ERR,ERR,ERR,ERR,ERR,ERR,ERR,ERR,ERR,ERR,ERR,ERR,ERR,ERR,ERR,ERR,ERR,ERR,ERR,ERR,ERR,ERR,ERR,ERR,ERR,ERR,ERR,ERR,ERR,ERR,ERR,ERR,ERR,ERR,ERR,ERR,ERR,ERR,ERR,ERR,ERR,ERR,ERR,ERR,ERR,ERR,ERR,ERR,ERR,ERR,ERR,ERR,ERR,ERR,ERR,ERR,ERR,ERR,ERR,ERR,ERR,ERR,ERR,ERR,ERR,ERR,ERR,ERR,ERR,ERR,ERR,ERR,ERR,ERR,ERR,ERR,ERR,ERR,ERR,ERR,ERR,ERR,ERR,ERR,ERR,ERR,ERR,ERR,0.0,2.7184303811560617e+23,-100794720.0,0.0,0.0,1.3936040501711995e+18,7.805,0.0,0,0,4,0,7116,0.0,100,0.0,0.0,0.0,0.0,0.0,0,0,0,0,0.0,0,0,0,0,0,0,0,0,0,0,0,0,0,0,0,0,0,0,0,0,0,0,0,0,0,0,0,0,0,0,0,0,0,31,40,40,71,65476,0,300,0,0,8,21553,0.0,-107605600.0,0.0,0.0,0.0,0.0,0.0,0.0,0.0,0.0,0.0,0.0,0.0,0.0,0.0,0.0,0.0,0.0,0.0,0.0,0.0,0.0,-2.004,-0.0,-2.004,-0.0,0.0,0.0,0.0,0.0,4472.0,1.587926141905068e+29,6926.0,0.0,2.7184303811560617e+23,2.718425337124479e+23,2.718428940004181e+23,0.0,0.0,0.0,0.0,69,0.0,5.848046968061515e+35,0.0,0.0,0.0,0.0,0.0,0.0,0.0,0,0,0,0.0,0.0,0.0,0.0,0.0,0.0,0.0,0.0,0.0,0.0,0.0,0.0,0.0,0.0,0.0,0.0,0,-107875648.0,69,0.0,138,0.0,-0.0,0,0,17087,0,17104,0,17084,0,0,0,70,68,100,-0.0,82.0,0.0,78.8,-0.0,79.0,1,49,50,180,26215,52429,0,0,0.0,0.0,0.0,0.0,-0.0,67.0,0.0,162057.094,0.0,982,0,1014,0,0,0,956,0,1040,0,940,0,793,0,785,0,823,0,7520,0.032,2.5133688800429264e+20,0.0,0.0,784,16797,-0.0,162057.094,-114818.039,-0.0,0.133,6.909358625270745e+28,30.0,70.0,35,0.0,0.0,0.0,0.0,0.0,0.0,0.0,0.0,0.0,0.0,0.0,0.0,0.0,0.0,0.0,0.0,66.0,0,150,71,52,65476,0,300,0,0,8,20529,65476,0,0,44564,70.0,0.0,0.0,0.0,0.0,0.0
2026-09-10T21:09:42,ERR,ERR,ERR,ERR,ERR,ERR,ERR,ERR,ERR,ERR,ERR,ERR,ERR,ERR,ERR,ERR,ERR,ERR,ERR,ERR,ERR,ERR,ERR,ERR,ERR,ERR,ERR,ERR,ERR,ERR,ERR,ERR,ERR,ERR,ERR,ERR,ERR,ERR,ERR,ERR,ERR,ERR,ERR,ERR,ERR,ERR,ERR,ERR,ERR,ERR,ERR,ERR,ERR,ERR,ERR,ERR,ERR,ERR,ERR,ERR,ERR,ERR,ERR,ERR,ERR,ERR,ERR,ERR,ERR,ERR,ERR,ERR,ERR,ERR,ERR,ERR,ERR,ERR,ERR,ERR,ERR,ERR,ERR,ERR,ERR,ERR,ERR,ERR,ERR,ERR,ERR,ERR,ERR,ERR,ERR,ERR,ERR,ERR,ERR,ERR,ERR,ERR,ERR,ERR,ERR,ERR,ERR,ERR,ERR,ERR,ERR,ERR,ERR,ERR,ERR,ERR,ERR,ERR,ERR,ERR,ERR,ERR,ERR,ERR,ERR,0.0,2.7184303811560617e+23,-100794720.0,0.0,0.0,1.3936040501711995e+18,7.805,0.0,0,0,4,0,7116,0.0,100,0.0,0.0,0.0,0.0,0.0,0,0,0,0,0.0,0,0,0,0,0,0,0,0,0,0,0,0,0,0,0,0,0,0,0,0,0,0,0,0,0,0,0,0,0,0,0,0,0,31,40,40,71,65476,0,300,0,0,8,21553,0.0,-107605600.0,0.0,0.0,0.0,0.0,0.0,0.0,0.0,0.0,0.0,0.0,0.0,0.0,0.0,0.0,0.0,0.0,0.0,0.0,0.0,0.0,-2.004,-0.0,-2.004,-0.0,0.0,0.0,0.0,0.0,4472.0,1.587926141905068e+29,6926.0,0.0,2.7184303811560617e+23,2.718425337124479e+23,2.718428940004181e+23,0.0,0.0,0.0,0.0,69,0.0,5.848046968061515e+35,0.0,0.0,0.0,0.0,0.0,0.0,0.0,0,0,0,0.0,0.0,0.0,0.0,0.0,0.0,0.0,0.0,0.0,0.0,0.0,0.0,0.0,0.0,0.0,0.0,0,-107875648.0,69,0.0,138,0.0,-0.0,0,0,17087,0,17104,0,17084,0,0,0,70,68,100,-0.0,82.0,0.0,78.8,-0.0,79.0,1,49,50,180,26215,52429,0,0,0.0,0.0,0.0,0.0,-0.0,67.0,0.0,162057.094,0.0,982,0,1014,0,0,0,956,0,1040,0,940,0,793,0,785,0,823,0,7520,0.032,2.5133688800429264e+20,0.0,0.0,784,16797,-0.0,162057.094,-114818.039,-0.0,0.133,6.909358625270745e+28,30.0,70.0,35,0.0,0.0,0.0,0.0,0.0,0.0,0.0,0.0,0.0,0.0,0.0,0.0,0.0,0.0,0.0,0.0,66.0,0,150,71,52,65476,0,300,0,0,8,20529,65476,0,0,44564,70.0,0.0,0.0,0.0,0.0,0.0
2026-09-10T21:09:43,ERR,ERR,ERR,ERR,ERR,ERR,ERR,ERR,ERR,ERR,ERR,ERR,ERR,ERR,ERR,ERR,ERR,ERR,ERR,ERR,ERR,ERR,ERR,ERR,ERR,ERR,ERR,ERR,ERR,ERR,ERR,ERR,ERR,ERR,ERR,ERR,ERR,ERR,ERR,ERR,ERR,ERR,ERR,ERR,ERR,ERR,ERR,ERR,ERR,ERR,ERR,ERR,ERR,ERR,ERR,ERR,ERR,ERR,ERR,ERR,ERR,ERR,ERR,ERR,ERR,ERR,ERR,ERR,ERR,ERR,ERR,ERR,ERR,ERR,ERR,ERR,ERR,ERR,ERR,ERR,ERR,ERR,ERR,ERR,ERR,ERR,ERR,ERR,ERR,ERR,ERR,ERR,ERR,ERR,ERR,ERR,ERR,ERR,ERR,ERR,ERR,ERR,ERR,ERR,ERR,ERR,ERR,ERR,ERR,ERR,ERR,ERR,ERR,ERR,ERR,ERR,ERR,ERR,ERR,ERR,ERR,ERR,ERR,ERR,ERR,0.0,2.7184303811560617e+23,-100794720.0,0.0,0.0,1.3936040501711995e+18,7.805,0.0,0,0,4,0,7116,0.0,100,0.0,0.0,0.0,0.0,0.0,0,0,0,0,0.0,0,0,0,0,0,0,0,0,0,0,0,0,0,0,0,0,0,0,0,0,0,0,0,0,0,0,0,0,0,0,0,0,0,31,40,40,71,65476,0,300,0,0,8,21553,0.0,-107605600.0,0.0,0.0,0.0,0.0,0.0,0.0,0.0,0.0,0.0,0.0,0.0,0.0,0.0,0.0,0.0,0.0,0.0,0.0,0.0,0.0,-2.004,-0.0,-2.004,-0.0,0.0,0.0,0.0,0.0,4472.0,1.587926141905068e+29,6926.0,0.0,2.7184303811560617e+23,2.718425337124479e+23,2.718428940004181e+23,0.0,0.0,0.0,0.0,69,0.0,5.848046968061515e+35,0.0,0.0,0.0,0.0,0.0,0.0,0.0,0,0,0,0.0,0.0,0.0,0.0,0.0,0.0,0.0,0.0,0.0,0.0,0.0,0.0,0.0,0.0,0.0,0.0,0,-107875648.0,69,0.0,138,0.0,-0.0,0,0,17087,0,17104,0,17084,0,0,0,70,68,100,-0.0,82.0,0.0,78.8,-0.0,79.0,1,49,50,180,26215,52429,0,0,0.0,0.0,0.0,0.0,-0.0,67.0,0.0,162057.094,0.0,982,0,1014,0,0,0,956,0,1040,0,940,0,793,0,785,0,823,0,7520,0.032,2.5133688800429264e+20,0.0,0.0,784,16797,-0.0,162057.094,-114818.039,-0.0,0.133,6.909358625270745e+28,30.0,70.0,35,0.0,0.0,0.0,0.0,0.0,0.0,0.0,0.0,0.0,0.0,0.0,0.0,0.0,0.0,0.0,0.0,66.0,0,150,71,52,65476,0,300,0,0,8,20529,65476,0,0,44564,70.0,0.0,0.0,0.0,0.0,0.0
2026-09-10T21:09:44,ERR,ERR,ERR,ERR,ERR,ERR,ERR,ERR,ERR,ERR,ERR,ERR,ERR,ERR,ERR,ERR,ERR,ERR,ERR,ERR,ERR,ERR,ERR,ERR,ERR,ERR,ERR,ERR,ERR,ERR,ERR,ERR,ERR,ERR,ERR,ERR,ERR,ERR,ERR,ERR,ERR,ERR,ERR,ERR,ERR,ERR,ERR,ERR,ERR,ERR,ERR,ERR,ERR,ERR,ERR,ERR,ERR,ERR,ERR,ERR,ERR,ERR,ERR,ERR,ERR,ERR,ERR,ERR,ERR,ERR,ERR,ERR,ERR,ERR,ERR,ERR,ERR,ERR,ERR,ERR,ERR,ERR,ERR,ERR,ERR,ERR,ERR,ERR,ERR,ERR,ERR,ERR,ERR,ERR,ERR,ERR,ERR,ERR,ERR,ERR,ERR,ERR,ERR,ERR,ERR,ERR,ERR,ERR,ERR,ERR,ERR,ERR,ERR,ERR,ERR,ERR,ERR,ERR,ERR,ERR,ERR,ERR,ERR,ERR,ERR,0.0,2.7184303811560617e+23,-100794720.0,0.0,0.0,1.3936040501711995e+18,7.805,0.0,0,0,4,0,7116,0.0,100,0.0,0.0,0.0,0.0,0.0,0,0,0,0,0.0,0,0,0,0,0,0,0,0,0,0,0,0,0,0,0,0,0,0,0,0,0,0,0,0,0,0,0,0,0,0,0,0,0,31,40,40,71,65476,0,300,0,0,8,21553,0.0,-107605600.0,0.0,0.0,0.0,0.0,0.0,0.0,0.0,0.0,0.0,0.0,0.0,0.0,0.0,0.0,0.0,0.0,0.0,0.0,0.0,0.0,-2.004,-0.0,-2.004,-0.0,0.0,0.0,0.0,0.0,4472.0,1.587926141905068e+29,6926.0,0.0,2.7184303811560617e+23,2.718425337124479e+23,2.718428940004181e+23,0.0,0.0,0.0,0.0,69,0.0,5.848046968061515e+35,0.0,0.0,0.0,0.0,0.0,0.0,0.0,0,0,0,0.0,0.0,0.0,0.0,0.0,0.0,0.0,0.0,0.0,0.0,0.0,0.0,0.0,0.0,0.0,0.0,0,-107875648.0,69,0.0,138,0.0,-0.0,0,0,17087,0,17104,0,17084,0,0,0,70,68,100,-0.0,82.0,0.0,78.8,-0.0,79.0,1,49,50,180,26215,52429,0,0,0.0,0.0,0.0,0.0,-0.0,67.0,0.0,162057.094,0.0,982,0,1014,0,0,0,956,0,1040,0,940,0,793,0,785,0,823,0,7520,0.032,2.5133688800429264e+20,0.0,0.0,784,16797,-0.0,162057.094,-114818.039,-0.0,0.133,6.909358625270745e+28,30.0,70.0,35,0.0,0.0,0.0,0.0,0.0,0.0,0.0,0.0,0.0,0.0,0.0,0.0,0.0,0.0,0.0,0.0,66.0,0,150,71,52,65476,0,300,0,0,8,20529,65476,0,0,44564,70.0,0.0,0.0,0.0,0.0,0.0
2026-09-10T21:09:45,ERR,ERR,ERR,ERR,ERR,ERR,ERR,ERR,ERR,ERR,ERR,ERR,ERR,ERR,ERR,ERR,ERR,ERR,ERR,ERR,ERR,ERR,ERR,ERR,ERR,ERR,ERR,ERR,ERR,ERR,ERR,ERR,ERR,ERR,ERR,ERR,ERR,ERR,ERR,ERR,ERR,ERR,ERR,ERR,ERR,ERR,ERR,ERR,ERR,ERR,ERR,ERR,ERR,ERR,ERR,ERR,ERR,ERR,ERR,ERR,ERR,ERR,ERR,ERR,ERR,ERR,ERR,ERR,ERR,ERR,ERR,ERR,ERR,ERR,ERR,ERR,ERR,ERR,ERR,ERR,ERR,ERR,ERR,ERR,ERR,ERR,ERR,ERR,ERR,ERR,ERR,ERR,ERR,ERR,ERR,ERR,ERR,ERR,ERR,ERR,ERR,ERR,ERR,ERR,ERR,ERR,ERR,ERR,ERR,ERR,ERR,ERR,ERR,ERR,ERR,ERR,ERR,ERR,ERR,ERR,ERR,ERR,ERR,ERR,ERR,0.0,2.7184303811560617e+23,-100794720.0,0.0,0.0,1.3936040501711995e+18,7.805,0.0,0,0,4,0,7116,0.0,100,0.0,0.0,0.0,0.0,0.0,0,0,0,0,0.0,0,0,0,0,0,0,0,0,0,0,0,0,0,0,0,0,0,0,0,0,0,0,0,0,0,0,0,0,0,0,0,0,0,31,40,40,71,65476,0,300,0,0,8,21553,0.0,-107605600.0,0.0,0.0,0.0,0.0,0.0,0.0,0.0,0.0,0.0,0.0,0.0,0.0,0.0,0.0,0.0,0.0,0.0,0.0,0.0,0.0,-2.004,-0.0,-2.004,-0.0,0.0,0.0,0.0,0.0,4472.0,1.587926141905068e+29,6926.0,0.0,2.7184303811560617e+23,2.718425337124479e+23,2.718428940004181e+23,0.0,0.0,0.0,0.0,69,0.0,5.848046968061515e+35,0.0,0.0,0.0,0.0,0.0,0.0,0.0,0,0,0,0.0,0.0,0.0,0.0,0.0,0.0,0.0,0.0,0.0,0.0,0.0,0.0,0.0,0.0,0.0,0.0,0,-107875648.0,69,0.0,138,0.0,-0.0,0,0,17087,0,17104,0,17084,0,0,0,70,68,100,-0.0,82.0,0.0,78.8,-0.0,79.0,1,49,50,180,26215,52429,0,0,0.0,0.0,0.0,0.0,-0.0,67.0,0.0,162057.094,0.0,982,0,1014,0,0,0,956,0,1040,0,940,0,793,0,785,0,823,0,7520,0.032,2.5133688800429264e+20,0.0,0.0,784,16797,-0.0,162057.094,-114818.039,-0.0,0.133,6.909358625270745e+28,30.0,70.0,35,0.0,0.0,0.0,0.0,0.0,0.0,0.0,0.0,0.0,0.0,0.0,0.0,0.0,0.0,0.0,0.0,66.4,0,150,71,52,65476,0,300,0,0,8,20529,65476,0,0,44564,70.0,0.0,0.0,0.0,0.0,0.0
2026-09-10T21:09:46,ERR,ERR,ERR,ERR,ERR,ERR,ERR,ERR,ERR,ERR,ERR,ERR,ERR,ERR,ERR,ERR,ERR,ERR,ERR,ERR,ERR,ERR,ERR,ERR,ERR,ERR,ERR,ERR,ERR,ERR,ERR,ERR,ERR,ERR,ERR,ERR,ERR,ERR,ERR,ERR,ERR,ERR,ERR,ERR,ERR,ERR,ERR,ERR,ERR,ERR,ERR,ERR,ERR,ERR,ERR,ERR,ERR,ERR,ERR,ERR,ERR,ERR,ERR,ERR,ERR,ERR,ERR,ERR,ERR,ERR,ERR,ERR,ERR,ERR,ERR,ERR,ERR,ERR,ERR,ERR,ERR,ERR,ERR,ERR,ERR,ERR,ERR,ERR,ERR,ERR,ERR,ERR,ERR,ERR,ERR,ERR,ERR,ERR,ERR,ERR,ERR,ERR,ERR,ERR,ERR,ERR,ERR,ERR,ERR,ERR,ERR,ERR,ERR,ERR,ERR,ERR,ERR,ERR,ERR,ERR,ERR,ERR,ERR,ERR,ERR,0.0,2.7184303811560617e+23,-100794720.0,0.0,0.0,1.3936040501711995e+18,7.805,0.0,0,0,4,0,7116,0.0,100,0.0,0.0,0.0,0.0,0.0,0,0,0,0,0.0,0,0,0,0,0,0,0,0,0,0,0,0,0,0,0,0,0,0,0,0,0,0,0,0,0,0,0,0,0,0,0,0,0,31,40,40,71,65476,0,300,0,0,8,21553,0.0,-107605600.0,0.0,0.0,0.0,0.0,0.0,0.0,0.0,0.0,0.0,0.0,0.0,0.0,0.0,0.0,0.0,0.0,0.0,0.0,0.0,0.0,-2.004,-0.0,-2.004,-0.0,0.0,0.0,0.0,0.0,4472.0,1.587926141905068e+29,6926.0,0.0,2.7184303811560617e+23,2.718425337124479e+23,2.718428940004181e+23,0.0,0.0,0.0,0.0,69,0.0,5.848046968061515e+35,0.0,0.0,0.0,0.0,0.0,0.0,0.0,0,0,0,0.0,0.0,0.0,0.0,0.0,0.0,0.0,0.0,0.0,0.0,0.0,0.0,0.0,0.0,0.0,0.0,0,-107875648.0,69,0.0,138,0.0,-0.0,0,13107,17087,0,17104,0,17084,0,0,0,70,68,100,-0.0,82.0,0.0,78.8,-0.0,79.0,1,49,50,180,26215,52429,0,0,0.0,0.0,0.0,0.0,-0.0,67.0,0.0,162057.094,0.0,982,0,1014,0,0,0,955,0,1041,0,939,0,793,0,785,0,823,0,7520,0.032,2.5133688800429264e+20,0.0,0.0,784,16797,-0.0,162057.094,-114818.039,-0.0,0.133,6.909358625270745e+28,30.0,70.0,35,0.0,0.0,0.0,0.0,0.0,0.0,0.0,0.0,0.0,0.0,0.0,0.0,0.0,0.0,0.0,0.0,66.4,0,150,71,52,65476,0,300,0,0,8,20529,65476,0,0,44564,70.0,0.0,0.0,0.0,0.0,0.0
2026-09-10T21:09:47,ERR,ERR,ERR,ERR,ERR,ERR,ERR,ERR,ERR,ERR,ERR,ERR,ERR,ERR,ERR,ERR,ERR,ERR,ERR,ERR,ERR,ERR,ERR,ERR,ERR,ERR,ERR,ERR,ERR,ERR,ERR,ERR,ERR,ERR,ERR,ERR,ERR,ERR,ERR,ERR,ERR,ERR,ERR,ERR,ERR,ERR,ERR,ERR,ERR,ERR,ERR,ERR,ERR,ERR,ERR,ERR,ERR,ERR,ERR,ERR,ERR,ERR,ERR,ERR,ERR,ERR,ERR,ERR,ERR,ERR,ERR,ERR,ERR,ERR,ERR,ERR,ERR,ERR,ERR,ERR,ERR,ERR,ERR,ERR,ERR,ERR,ERR,ERR,ERR,ERR,ERR,ERR,ERR,ERR,ERR,ERR,ERR,ERR,ERR,ERR,ERR,ERR,ERR,ERR,ERR,ERR,ERR,ERR,ERR,ERR,ERR,ERR,ERR,ERR,ERR,ERR,ERR,ERR,ERR,ERR,ERR,ERR,ERR,ERR,ERR,0.0,2.7184303811560617e+23,-100794720.0,0.0,0.0,1.3936040501711995e+18,7.805,0.0,0,0,4,0,7116,0.0,100,0.0,0.0,0.0,0.0,0.0,0,0,0,0,0.0,0,0,0,0,0,0,0,0,0,0,0,0,0,0,0,0,0,0,0,0,0,0,0,0,0,0,0,0,0,0,0,0,0,31,40,40,71,65476,0,300,0,0,8,21553,0.0,-107605600.0,0.0,0.0,0.0,0.0,0.0,0.0,0.0,0.0,0.0,0.0,0.0,0.0,0.0,0.0,0.0,0.0,0.0,0.0,0.0,0.0,-2.004,-0.0,-2.004,-0.0,0.0,0.0,0.0,0.0,4469.0,-0.0,6928.0,0.0,2.7184303811560617e+23,2.718425337124479e+23,2.718428940004181e+23,0.0,0.0,0.0,0.0,69,-5.8480849975795215e+35,-0.0,0.0,0.0,0.0,0.0,0.0,0.0,0.0,0,0,0,0.0,0.0,0.0,0.0,0.0,0.0,0.0,0.0,0.0,0.0,0.0,0.0,0.0,0.0,0.0,0.0,0,-107875648.0,69,0.0,138,0.0,-0.0,0,13107,17087,0,17104,0,17084,0,0,0,70,68,100,-0.0,82.0,0.0,78.8,-0.0,79.0,1,49,50,180,26215,52429,0,0,0.0,0.0,0.0,0.0,-0.0,67.0,0.0,162057.094,0.0,982,0,1014,0,0,0,955,0,1041,0,939,0,793,0,785,0,823,0,7520,0.032,2.5133688800429264e+20,0.0,0.0,784,16797,-0.0,162057.094,-114818.039,-0.0,0.133,6.909358625270745e+28,30.0,70.0,35,0.0,0.0,0.0,0.0,0.0,0.0,0.0,0.0,0.0,0.0,0.0,0.0,0.0,0.0,0.0,0.0,66.4,0,150,71,52,65476,0,300,0,0,8,20529,65476,0,0,44564,70.0,0.0,0.0,0.0,0.0,0.0
2026-09-10T21:09:48,ERR,ERR,ERR,ERR,ERR,ERR,ERR,ERR,ERR,ERR,ERR,ERR,ERR,ERR,ERR,ERR,ERR,ERR,ERR,ERR,ERR,ERR,ERR,ERR,ERR,ERR,ERR,ERR,ERR,ERR,ERR,ERR,ERR,ERR,ERR,ERR,ERR,ERR,ERR,ERR,ERR,ERR,ERR,ERR,ERR,ERR,ERR,ERR,ERR,ERR,ERR,ERR,ERR,ERR,ERR,ERR,ERR,ERR,ERR,ERR,ERR,ERR,ERR,ERR,ERR,ERR,ERR,ERR,ERR,ERR,ERR,ERR,ERR,ERR,ERR,ERR,ERR,ERR,ERR,ERR,ERR,ERR,ERR,ERR,ERR,ERR,ERR,ERR,ERR,ERR,ERR,ERR,ERR,ERR,ERR,ERR,ERR,ERR,ERR,ERR,ERR,ERR,ERR,ERR,ERR,ERR,ERR,ERR,ERR,ERR,ERR,ERR,ERR,ERR,ERR,ERR,ERR,ERR,ERR,ERR,ERR,ERR,ERR,ERR,ERR,0.0,2.7184303811560617e+23,-100794720.0,0.0,0.0,1.3936040501711995e+18,7.805,0.0,0,0,4,0,7116,0.0,100,0.0,0.0,0.0,0.0,0.0,0,0,0,0,0.0,0,0,0,0,0,0,0,0,0,0,0,0,0,0,0,0,0,0,0,0,0,0,0,0,0,0,0,0,0,0,0,0,0,31,40,40,71,65476,0,300,0,0,8,21553,0.0,-107605600.0,0.0,0.0,0.0,0.0,0.0,0.0,0.0,0.0,0.0,0.0,0.0,0.0,0.0,0.0,0.0,0.0,0.0,0.0,0.0,0.0,-2.004,-0.0,-2.004,-0.0,0.0,0.0,0.0,0.0,4469.0,-0.0,6928.0,0.0,2.7184303811560617e+23,2.718425337124479e+23,2.718428940004181e+23,0.0,0.0,0.0,0.0,69,-5.8480849975795215e+35,-0.0,0.0,0.0,0.0,0.0,0.0,0.0,0.0,0,0,0,0.0,0.0,0.0,0.0,0.0,0.0,0.0,0.0,0.0,0.0,0.0,0.0,0.0,0.0,0.0,0.0,0,-107875648.0,69,0.0,138,0.0,-0.0,0,13107,17087,0,17104,0,17084,0,0,0,70,68,100,-0.0,82.0,0.0,78.8,-0.0,79.0,1,49,50,180,26215,52429,0,0,0.0,0.0,0.0,0.0,-0.0,67.0,0.0,162057.094,0.0,982,0,1014,0,0,0,955,0,1041,0,939,0,793,0,785,0,823,0,7520,0.032,2.5133688800429264e+20,0.0,0.0,784,16797,-0.0,162057.094,-114818.039,-0.0,0.133,6.909358625270745e+28,30.0,70.0,35,0.0,0.0,0.0,0.0,0.0,0.0,0.0,0.0,0.0,0.0,0.0,0.0,0.0,0.0,0.0,0.0,66.0,0,150,71,52,65476,0,300,0,0,8,20529,65476,0,0,44564,70.0,0.0,0.0,0.0,0.0,0.0
2026-09-10T21:09:49,ERR,ERR,ERR,ERR,ERR,ERR,ERR,ERR,ERR,ERR,ERR,ERR,ERR,ERR,ERR,ERR,ERR,ERR,ERR,ERR,ERR,ERR,ERR,ERR,ERR,ERR,ERR,ERR,ERR,ERR,ERR,ERR,ERR,ERR,ERR,ERR,ERR,ERR,ERR,ERR,ERR,ERR,ERR,ERR,ERR,ERR,ERR,ERR,ERR,ERR,ERR,ERR,ERR,ERR,ERR,ERR,ERR,ERR,ERR,ERR,ERR,ERR,ERR,ERR,ERR,ERR,ERR,ERR,ERR,ERR,ERR,ERR,ERR,ERR,ERR,ERR,ERR,ERR,ERR,ERR,ERR,ERR,ERR,ERR,ERR,ERR,ERR,ERR,ERR,ERR,ERR,ERR,ERR,ERR,ERR,ERR,ERR,ERR,ERR,ERR,ERR,ERR,ERR,ERR,ERR,ERR,ERR,ERR,ERR,ERR,ERR,ERR,ERR,ERR,ERR,ERR,ERR,ERR,ERR,ERR,ERR,ERR,ERR,ERR,ERR,0.0,2.7184303811560617e+23,-100794720.0,0.0,0.0,1.3936040501711995e+18,7.805,0.0,0,0,4,0,7116,0.0,100,0.0,0.0,0.0,0.0,0.0,0,0,0,0,0.0,0,0,0,0,0,0,0,0,0,0,0,0,0,0,0,0,0,0,0,0,0,0,0,0,0,0,0,0,0,0,0,0,0,31,40,40,71,65476,0,300,0,0,8,21553,0.0,-107605600.0,0.0,0.0,0.0,0.0,0.0,0.0,0.0,0.0,0.0,0.0,0.0,0.0,0.0,0.0,0.0,0.0,0.0,0.0,0.0,0.0,-2.004,-0.0,-2.004,-0.0,0.0,0.0,0.0,0.0,4469.0,-0.0,6928.0,0.0,2.7184303811560617e+23,2.718425337124479e+23,2.718428940004181e+23,0.0,0.0,0.0,0.0,69,-5.8480849975795215e+35,-0.0,0.0,0.0,0.0,0.0,0.0,0.0,0.0,0,0,0,0.0,0.0,0.0,0.0,0.0,0.0,0.0,0.0,0.0,0.0,0.0,0.0,0.0,0.0,0.0,0.0,0,-107875648.0,69,0.0,138,0.0,-0.0,0,13107,17087,0,17104,0,17084,0,0,0,70,68,100,-0.0,82.0,0.0,78.8,-0.0,79.0,1,49,50,180,26215,52429,0,0,0.0,0.0,0.0,0.0,-0.0,67.0,0.0,162057.094,0.0,982,0,1014,0,0,0,955,0,1041,0,939,0,793,0,785,0,823,0,7520,0.032,2.5133688800429264e+20,0.0,0.0,784,16797,-0.0,162057.094,-114818.039,-0.0,0.133,6.909358625270745e+28,30.0,70.0,35,0.0,0.0,0.0,0.0,0.0,0.0,0.0,0.0,0.0,0.0,0.0,0.0,0.0,0.0,0.0,0.0,66.0,0,150,71,52,65476,0,300,0,0,8,20529,65476,0,0,44564,70.0,0.0,0.0,0.0,0.0,0.0
2026-09-10T21:09:50,ERR,ERR,ERR,ERR,ERR,ERR,ERR,ERR,ERR,ERR,ERR,ERR,ERR,ERR,ERR,ERR,ERR,ERR,ERR,ERR,ERR,ERR,ERR,ERR,ERR,ERR,ERR,ERR,ERR,ERR,ERR,ERR,ERR,ERR,ERR,ERR,ERR,ERR,ERR,ERR,ERR,ERR,ERR,ERR,ERR,ERR,ERR,ERR,ERR,ERR,ERR,ERR,ERR,ERR,ERR,ERR,ERR,ERR,ERR,ERR,ERR,ERR,ERR,ERR,ERR,ERR,ERR,ERR,ERR,ERR,ERR,ERR,ERR,ERR,ERR,ERR,ERR,ERR,ERR,ERR,ERR,ERR,ERR,ERR,ERR,ERR,ERR,ERR,ERR,ERR,ERR,ERR,ERR,ERR,ERR,ERR,ERR,ERR,ERR,ERR,ERR,ERR,ERR,ERR,ERR,ERR,ERR,ERR,ERR,ERR,ERR,ERR,ERR,ERR,ERR,ERR,ERR,ERR,ERR,ERR,ERR,ERR,ERR,ERR,ERR,0.0,2.7184303811560617e+23,-100794720.0,0.0,0.0,1.3936040501711995e+18,7.805,0.0,0,0,4,0,7116,0.0,100,0.0,0.0,0.0,0.0,0.0,0,0,0,0,0.0,0,0,0,0,0,0,0,0,0,0,0,0,0,0,0,0,0,0,0,0,0,0,0,0,0,0,0,0,0,0,0,0,0,31,40,40,71,65476,0,300,0,0,8,21553,0.0,-107605600.0,0.0,0.0,0.0,0.0,0.0,0.0,0.0,0.0,0.0,0.0,0.0,0.0,0.0,0.0,0.0,0.0,0.0,0.0,0.0,0.0,-2.004,-0.0,-2.004,-0.0,0.0,0.0,0.0,0.0,4469.0,-0.0,6928.0,0.0,2.7184303811560617e+23,2.718425337124479e+23,2.718428940004181e+23,0.0,0.0,0.0,0.0,69,-5.8480849975795215e+35,-0.0,0.0,0.0,0.0,0.0,0.0,0.0,0.0,0,0,0,0.0,0.0,0.0,0.0,0.0,0.0,0.0,0.0,0.0,0.0,0.0,0.0,0.0,0.0,0.0,0.0,0,-107875648.0,69,0.0,138,0.0,-0.0,0,13107,17087,0,17104,0,17084,0,0,0,70,68,100,-0.0,82.0,0.0,78.8,-0.0,79.0,1,49,50,180,26215,52429,0,0,0.0,0.0,0.0,0.0,-0.0,67.0,0.0,162057.094,0.0,982,0,1014,0,0,0,955,0,1041,0,939,0,793,0,785,0,823,0,7520,0.032,2.5133688800429264e+20,0.0,0.0,784,16797,-0.0,162057.094,-114818.039,-0.0,0.133,6.909358625270745e+28,30.0,70.0,35,0.0,0.0,0.0,0.0,0.0,0.0,0.0,0.0,0.0,0.0,0.0,0.0,0.0,0.0,0.0,0.0,66.0,0,150,71,52,65476,0,300,0,0,8,20529,65476,0,0,44564,70.0,0.0,0.0,0.0,0.0,0.0
2026-09-10T21:09:51,ERR,ERR,ERR,ERR,ERR,ERR,ERR,ERR,ERR,ERR,ERR,ERR,ERR,ERR,ERR,ERR,ERR,ERR,ERR,ERR,ERR,ERR,ERR,ERR,ERR,ERR,ERR,ERR,ERR,ERR,ERR,ERR,ERR,ERR,ERR,ERR,ERR,ERR,ERR,ERR,ERR,ERR,ERR,ERR,ERR,ERR,ERR,ERR,ERR,ERR,ERR,ERR,ERR,ERR,ERR,ERR,ERR,ERR,ERR,ERR,ERR,ERR,ERR,ERR,ERR,ERR,ERR,ERR,ERR,ERR,ERR,ERR,ERR,ERR,ERR,ERR,ERR,ERR,ERR,ERR,ERR,ERR,ERR,ERR,ERR,ERR,ERR,ERR,ERR,ERR,ERR,ERR,ERR,ERR,ERR,ERR,ERR,ERR,ERR,ERR,ERR,ERR,ERR,ERR,ERR,ERR,ERR,ERR,ERR,ERR,ERR,ERR,ERR,ERR,ERR,ERR,ERR,ERR,ERR,ERR,ERR,ERR,ERR,ERR,ERR,0.0,2.7184303811560617e+23,-100794720.0,0.0,0.0,1.3936040501711995e+18,7.805,0.0,0,0,4,0,7116,0.0,100,0.0,0.0,0.0,0.0,0.0,0,0,0,0,0.0,0,0,0,0,0,0,0,0,0,0,0,0,0,0,0,0,0,0,0,0,0,0,0,0,0,0,0,0,0,0,0,0,0,31,40,40,71,65476,0,300,0,0,8,21553,0.0,-107605600.0,0.0,0.0,0.0,0.0,0.0,0.0,0.0,0.0,0.0,0.0,0.0,0.0,0.0,0.0,0.0,0.0,0.0,0.0,0.0,0.0,-2.004,-0.0,-2.004,-0.0,0.0,0.0,0.0,0.0,4469.0,-0.0,6928.0,0.0,2.7184303811560617e+23,2.718425337124479e+23,2.718428940004181e+23,0.0,0.0,0.0,0.0,69,-5.8480849975795215e+35,-0.0,0.0,0.0,0.0,0.0,0.0,0.0,0.0,0,0,0,0.0,0.0,0.0,0.0,0.0,0.0,0.0,0.0,0.0,0.0,0.0,0.0,0.0,0.0,0.0,0.0,0,-107875648.0,69,0.0,138,0.0,-0.0,0,13107,17087,0,17104,0,17084,0,0,0,70,68,100,-0.0,82.0,0.0,78.8,-0.0,79.0,1,49,50,180,26215,52429,0,0,0.0,0.0,0.0,0.0,-0.0,67.0,0.0,162057.094,0.0,982,0,1014,0,0,0,955,0,1041,0,939,0,793,0,785,0,823,0,7520,0.032,2.5133688800429264e+20,0.0,0.0,784,16797,-0.0,162057.094,-114818.039,-0.0,0.133,6.909358625270745e+28,30.0,70.0,35,0.0,0.0,0.0,0.0,0.0,0.0,0.0,0.0,0.0,0.0,0.0,0.0,0.0,0.0,0.0,0.0,66.0,0,150,71,52,65476,0,300,0,0,8,20529,65476,0,0,44564,70.0,0.0,0.0,0.0,0.0,0.0
2026-09-10T21:09:52,ERR,ERR,ERR,ERR,ERR,ERR,ERR,ERR,ERR,ERR,ERR,ERR,ERR,ERR,ERR,ERR,ERR,ERR,ERR,ERR,ERR,ERR,ERR,ERR,ERR,ERR,ERR,ERR,ERR,ERR,ERR,ERR,ERR,ERR,ERR,ERR,ERR,ERR,ERR,ERR,ERR,ERR,ERR,ERR,ERR,ERR,ERR,ERR,ERR,ERR,ERR,ERR,ERR,ERR,ERR,ERR,ERR,ERR,ERR,ERR,ERR,ERR,ERR,ERR,ERR,ERR,ERR,ERR,ERR,ERR,ERR,ERR,ERR,ERR,ERR,ERR,ERR,ERR,ERR,ERR,ERR,ERR,ERR,ERR,ERR,ERR,ERR,ERR,ERR,ERR,ERR,ERR,ERR,ERR,ERR,ERR,ERR,ERR,ERR,ERR,ERR,ERR,ERR,ERR,ERR,ERR,ERR,ERR,ERR,ERR,ERR,ERR,ERR,ERR,ERR,ERR,ERR,ERR,ERR,ERR,ERR,ERR,ERR,ERR,ERR,0.0,2.7184303811560617e+23,-100794720.0,0.0,0.0,1.3936040501711995e+18,7.805,0.0,0,0,4,0,7116,0.0,100,0.0,0.0,0.0,0.0,0.0,0,0,0,0,0.0,0,0,0,0,0,0,0,0,0,0,0,0,0,0,0,0,0,0,0,0,0,0,0,0,0,0,0,0,0,0,0,0,0,31,40,40,71,65476,0,300,0,0,8,21553,0.0,-107605600.0,0.0,0.0,0.0,0.0,0.0,0.0,0.0,0.0,0.0,0.0,0.0,0.0,0.0,0.0,0.0,0.0,0.0,0.0,0.0,0.0,-2.004,-0.0,-2.004,-0.0,0.0,0.0,0.0,0.0,4469.0,-0.0,6928.0,0.0,2.7184303811560617e+23,2.718425337124479e+23,2.718428940004181e+23,0.0,0.0,0.0,0.0,69,-5.8480849975795215e+35,-0.0,0.0,0.0,0.0,0.0,0.0,0.0,0.0,0,0,0,0.0,0.0,0.0,0.0,0.0,0.0,0.0,0.0,0.0,0.0,0.0,0.0,0.0,0.0,0.0,0.0,0,-107875648.0,69,0.0,138,0.0,-0.0,0,0,17087,0,17104,0,17084,0,0,0,70,68,100,-0.0,82.0,0.0,78.8,-0.0,79.0,1,49,50,180,26215,52429,0,0,0.0,0.0,0.0,0.0,-0.0,67.0,0.0,162057.094,0.0,982,0,1014,0,0,0,955,0,1040,0,939,0,793,0,785,0,823,0,7520,0.032,2.5133688800429264e+20,0.0,0.0,784,16797,-0.0,162057.094,-114818.039,-0.0,0.133,6.909358625270745e+28,30.0,70.0,35,0.0,0.0,0.0,0.0,0.0,0.0,0.0,0.0,0.0,0.0,0.0,0.0,0.0,0.0,0.0,0.0,66.0,0,150,71,52,65476,0,300,0,0,8,20529,65476,0,0,44564,70.0,0.0,0.0,0.0,0.0,0.0
2026-09-10T21:09:53,ERR,ERR,ERR,ERR,ERR,ERR,ERR,ERR,ERR,ERR,ERR,ERR,ERR,ERR,ERR,ERR,ERR,ERR,ERR,ERR,ERR,ERR,ERR,ERR,ERR,ERR,ERR,ERR,ERR,ERR,ERR,ERR,ERR,ERR,ERR,ERR,ERR,ERR,ERR,ERR,ERR,ERR,ERR,ERR,ERR,ERR,ERR,ERR,ERR,ERR,ERR,ERR,ERR,ERR,ERR,ERR,ERR,ERR,ERR,ERR,ERR,ERR,ERR,ERR,ERR,ERR,ERR,ERR,ERR,ERR,ERR,ERR,ERR,ERR,ERR,ERR,ERR,ERR,ERR,ERR,ERR,ERR,ERR,ERR,ERR,ERR,ERR,ERR,ERR,ERR,ERR,ERR,ERR,ERR,ERR,ERR,ERR,ERR,ERR,ERR,ERR,ERR,ERR,ERR,ERR,ERR,ERR,ERR,ERR,ERR,ERR,ERR,ERR,ERR,ERR,ERR,ERR,ERR,ERR,ERR,ERR,ERR,ERR,ERR,ERR,0.0,2.7184303811560617e+23,-100794720.0,0.0,0.0,1.3936040501711995e+18,7.805,0.0,0,0,4,0,7116,0.0,100,0.0,0.0,0.0,0.0,0.0,0,0,0,0,0.0,0,0,0,0,0,0,0,0,0,0,0,0,0,0,0,0,0,0,0,0,0,0,0,0,0,0,0,0,0,0,0,0,0,31,40,40,71,65476,0,300,0,0,8,21553,0.0,-107605600.0,0.0,0.0,0.0,0.0,0.0,0.0,0.0,0.0,0.0,0.0,0.0,0.0,0.0,0.0,0.0,0.0,0.0,0.0,0.0,0.0,-2.004,-0.0,-2.004,-0.0,0.0,0.0,0.0,0.0,4469.0,-0.0,6928.0,0.0,2.7184303811560617e+23,2.718425337124479e+23,2.718428940004181e+23,0.0,0.0,0.0,0.0,69,-5.8480849975795215e+35,-0.0,0.0,0.0,0.0,0.0,0.0,0.0,0.0,0,0,0,0.0,0.0,0.0,0.0,0.0,0.0,0.0,0.0,0.0,0.0,0.0,0.0,0.0,0.0,0.0,0.0,0,-107875648.0,69,0.0,138,0.0,-0.0,0,0,17087,0,17104,0,17084,0,0,0,70,68,100,-0.0,82.0,0.0,78.8,-0.0,79.0,1,49,50,180,26215,52429,0,0,0.0,0.0,0.0,0.0,-0.0,67.0,0.0,162057.094,0.0,982,0,1014,0,0,0,955,0,1040,0,939,0,793,0,785,0,823,0,7520,0.032,2.5133688800429264e+20,0.0,0.0,784,16797,-0.0,162057.094,-114818.039,-0.0,0.133,6.909358625270745e+28,30.0,70.0,35,0.0,0.0,0.0,0.0,0.0,0.0,0.0,0.0,0.0,0.0,0.0,0.0,0.0,0.0,0.0,0.0,66.0,0,150,71,52,65476,0,300,0,0,8,20529,65476,0,0,44564,70.0,0.0,0.0,0.0,0.0,0.0
2026-09-10T21:09:54,ERR,ERR,ERR,ERR,ERR,ERR,ERR,ERR,ERR,ERR,ERR,ERR,ERR,ERR,ERR,ERR,ERR,ERR,ERR,ERR,ERR,ERR,ERR,ERR,ERR,ERR,ERR,ERR,ERR,ERR,ERR,ERR,ERR,ERR,ERR,ERR,ERR,ERR,ERR,ERR,ERR,ERR,ERR,ERR,ERR,ERR,ERR,ERR,ERR,ERR,ERR,ERR,ERR,ERR,ERR,ERR,ERR,ERR,ERR,ERR,ERR,ERR,ERR,ERR,ERR,ERR,ERR,ERR,ERR,ERR,ERR,ERR,ERR,ERR,ERR,ERR,ERR,ERR,ERR,ERR,ERR,ERR,ERR,ERR,ERR,ERR,ERR,ERR,ERR,ERR,ERR,ERR,ERR,ERR,ERR,ERR,ERR,ERR,ERR,ERR,ERR,ERR,ERR,ERR,ERR,ERR,ERR,ERR,ERR,ERR,ERR,ERR,ERR,ERR,ERR,ERR,ERR,ERR,ERR,ERR,ERR,ERR,ERR,ERR,ERR,0.0,2.7184303811560617e+23,-100794720.0,0.0,0.0,1.3936040501711995e+18,7.805,0.0,0,0,4,0,7116,0.0,100,0.0,0.0,0.0,0.0,0.0,0,0,0,0,0.0,0,0,0,0,0,0,0,0,0,0,0,0,0,0,0,0,0,0,0,0,0,0,0,0,0,0,0,0,0,0,0,0,0,31,40,40,71,65476,0,300,0,0,8,21553,0.0,-107605600.0,0.0,0.0,0.0,0.0,0.0,0.0,0.0,0.0,0.0,0.0,0.0,0.0,0.0,0.0,0.0,0.0,0.0,0.0,0.0,0.0,-2.004,-0.0,-2.004,-2.004,0.0,0.0,0.0,0.0,4471.0,-0.0,6931.0,0.0,2.7184303811560617e+23,2.718425337124479e+23,-0.0,0.0,0.0,0.0,0.0,69,-5.8480849975795215e+35,-0.0,0.0,0.0,0.0,0.0,0.0,0.0,0.0,0,0,0,0.0,0.0,0.0,0.0,0.0,0.0,0.0,0.0,0.0,0.0,0.0,0.0,0.0,0.0,0.0,0.0,0,-107875648.0,69,0.0,138,0.0,-0.0,0,0,17087,0,17104,0,17084,0,0,0,70,68,100,-0.0,82.0,0.0,78.8,-0.0,79.0,1,49,50,180,26215,52429,0,0,0.0,0.0,0.0,0.0,-0.0,67.0,0.0,162057.094,0.0,982,0,1014,0,0,0,955,0,1040,0,939,0,793,0,785,0,823,0,7520,0.032,2.5133688800429264e+20,0.0,0.0,784,16797,-0.0,162057.094,-114818.039,-0.0,0.133,6.909358625270745e+28,30.0,70.0,35,0.0,0.0,0.0,0.0,0.0,0.0,0.0,0.0,0.0,0.0,0.0,0.0,0.0,0.0,0.0,0.0,66.0,0,150,71,52,65476,0,300,0,0,8,20529,65476,0,0,44564,70.0,0.0,0.0,0.0,0.0,0.0
2026-09-10T21:09:55,ERR,ERR,ERR,ERR,ERR,ERR,ERR,ERR,ERR,ERR,ERR,ERR,ERR,ERR,ERR,ERR,ERR,ERR,ERR,ERR,ERR,ERR,ERR,ERR,ERR,ERR,ERR,ERR,ERR,ERR,ERR,ERR,ERR,ERR,ERR,ERR,ERR,ERR,ERR,ERR,ERR,ERR,ERR,ERR,ERR,ERR,ERR,ERR,ERR,ERR,ERR,ERR,ERR,ERR,ERR,ERR,ERR,ERR,ERR,ERR,ERR,ERR,ERR,ERR,ERR,ERR,ERR,ERR,ERR,ERR,ERR,ERR,ERR,ERR,ERR,ERR,ERR,ERR,ERR,ERR,ERR,ERR,ERR,ERR,ERR,ERR,ERR,ERR,ERR,ERR,ERR,ERR,ERR,ERR,ERR,ERR,ERR,ERR,ERR,ERR,ERR,ERR,ERR,ERR,ERR,ERR,ERR,ERR,ERR,ERR,ERR,ERR,ERR,ERR,ERR,ERR,ERR,ERR,ERR,ERR,ERR,ERR,ERR,ERR,ERR,0.0,2.7184303811560617e+23,-100794720.0,0.0,0.0,1.3936040501711995e+18,7.805,0.0,0,0,4,0,7116,0.0,100,0.0,0.0,0.0,0.0,0.0,0,0,0,0,0.0,0,0,0,0,0,0,0,0,0,0,0,0,0,0,0,0,0,0,0,0,0,0,0,0,0,0,0,0,0,0,0,0,0,31,40,40,71,65476,0,300,0,0,8,21553,0.0,-107605600.0,0.0,0.0,0.0,0.0,0.0,0.0,0.0,0.0,0.0,0.0,0.0,0.0,0.0,0.0,0.0,0.0,0.0,0.0,0.0,0.0,-2.004,-0.0,-2.004,-2.004,0.0,0.0,0.0,0.0,4471.0,-0.0,6931.0,0.0,2.7184303811560617e+23,2.718425337124479e+23,-0.0,0.0,0.0,0.0,0.0,69,-5.8480849975795215e+35,-0.0,0.0,0.0,0.0,0.0,0.0,0.0,0.0,0,0,0,0.0,0.0,0.0,0.0,0.0,0.0,0.0,0.0,0.0,0.0,0.0,0.0,0.0,0.0,0.0,0.0,0,-107875648.0,69,0.0,138,0.0,-0.0,0,0,17087,0,17104,52429,17083,0,0,0,70,68,100,-0.0,82.0,0.0,78.8,-0.0,79.0,1,49,50,180,26215,52429,0,0,0.0,0.0,0.0,0.0,-0.0,67.0,0.0,162057.094,0.0,982,0,1014,0,0,0,955,0,1040,0,939,0,793,0,785,0,823,0,7520,0.032,2.524898095088995e+20,0.0,0.0,784,16797,-0.0,162057.094,-114818.039,-0.0,0.133,6.909358625270745e+28,30.0,70.0,35,0.0,0.0,0.0,0.0,0.0,0.0,0.0,0.0,0.0,0.0,0.0,0.0,0.0,0.0,0.0,0.0,66.4,0,150,71,52,65476,0,300,0,0,8,20529,65476,0,0,44564,70.0,0.0,0.0,0.0,0.0,0.0
2026-09-10T21:09:56,ERR,ERR,ERR,ERR,ERR,ERR,ERR,ERR,ERR,ERR,ERR,ERR,ERR,ERR,ERR,ERR,ERR,ERR,ERR,ERR,ERR,ERR,ERR,ERR,ERR,ERR,ERR,ERR,ERR,ERR,ERR,ERR,ERR,ERR,ERR,ERR,ERR,ERR,ERR,ERR,ERR,ERR,ERR,ERR,ERR,ERR,ERR,ERR,ERR,ERR,ERR,ERR,ERR,ERR,ERR,ERR,ERR,ERR,ERR,ERR,ERR,ERR,ERR,ERR,ERR,ERR,ERR,ERR,ERR,ERR,ERR,ERR,ERR,ERR,ERR,ERR,ERR,ERR,ERR,ERR,ERR,ERR,ERR,ERR,ERR,ERR,ERR,ERR,ERR,ERR,ERR,ERR,ERR,ERR,ERR,ERR,ERR,ERR,ERR,ERR,ERR,ERR,ERR,ERR,ERR,ERR,ERR,ERR,ERR,ERR,ERR,ERR,ERR,ERR,ERR,ERR,ERR,ERR,ERR,ERR,ERR,ERR,ERR,ERR,ERR,0.0,2.7184303811560617e+23,-100794720.0,0.0,0.0,1.3936040501711995e+18,7.805,0.0,0,0,4,0,7116,0.0,100,0.0,0.0,0.0,0.0,0.0,0,0,0,0,0.0,0,0,0,0,0,0,0,0,0,0,0,0,0,0,0,0,0,0,0,0,0,0,0,0,0,0,0,0,0,0,0,0,0,31,40,40,71,65476,0,300,0,0,8,21553,0.0,-107605600.0,0.0,0.0,0.0,0.0,0.0,0.0,0.0,0.0,0.0,0.0,0.0,0.0,0.0,0.0,0.0,0.0,0.0,0.0,0.0,0.0,-2.004,-0.0,-2.004,-2.004,0.0,0.0,0.0,0.0,4471.0,-0.0,6931.0,0.0,2.7184303811560617e+23,2.718425337124479e+23,-0.0,0.0,0.0,0.0,0.0,69,-5.8480849975795215e+35,-0.0,0.0,0.0,0.0,0.0,0.0,0.0,0.0,0,0,0,0.0,0.0,0.0,0.0,0.0,0.0,0.0,0.0,0.0,0.0,0.0,0.0,0.0,0.0,0.0,0.0,0,-107875648.0,69,0.0,138,0.0,-0.0,0,0,17087,0,17104,52429,17083,0,0,0,70,68,100,-0.0,82.0,0.0,78.8,-0.0,79.0,1,49,50,180,26215,52429,0,0,0.0,0.0,0.0,0.0,-0.0,67.0,0.0,162057.094,0.0,982,0,1014,0,0,0,955,0,1040,0,939,0,793,0,785,0,823,0,7520,0.032,2.524898095088995e+20,0.0,0.0,784,16797,-0.0,162057.094,-114818.039,-0.0,0.133,6.909358625270745e+28,30.0,70.0,35,0.0,0.0,0.0,0.0,0.0,0.0,0.0,0.0,0.0,0.0,0.0,0.0,0.0,0.0,0.0,0.0,66.0,0,150,71,52,65476,0,300,0,0,8,20529,65476,0,0,44564,70.0,0.0,0.0,0.0,0.0,0.0
2026-09-10T21:09:57,ERR,ERR,ERR,ERR,ERR,ERR,ERR,ERR,ERR,ERR,ERR,ERR,ERR,ERR,ERR,ERR,ERR,ERR,ERR,ERR,ERR,ERR,ERR,ERR,ERR,ERR,ERR,ERR,ERR,ERR,ERR,ERR,ERR,ERR,ERR,ERR,ERR,ERR,ERR,ERR,ERR,ERR,ERR,ERR,ERR,ERR,ERR,ERR,ERR,ERR,ERR,ERR,ERR,ERR,ERR,ERR,ERR,ERR,ERR,ERR,ERR,ERR,ERR,ERR,ERR,ERR,ERR,ERR,ERR,ERR,ERR,ERR,ERR,ERR,ERR,ERR,ERR,ERR,ERR,ERR,ERR,ERR,ERR,ERR,ERR,ERR,ERR,ERR,ERR,ERR,ERR,ERR,ERR,ERR,ERR,ERR,ERR,ERR,ERR,ERR,ERR,ERR,ERR,ERR,ERR,ERR,ERR,ERR,ERR,ERR,ERR,ERR,ERR,ERR,ERR,ERR,ERR,ERR,ERR,ERR,ERR,ERR,ERR,ERR,ERR,0.0,2.7184303811560617e+23,-100794720.0,0.0,0.0,1.3936040501711995e+18,7.805,0.0,0,0,4,0,7116,0.0,100,0.0,0.0,0.0,0.0,0.0,0,0,0,0,0.0,0,0,0,0,0,0,0,0,0,0,0,0,0,0,0,0,0,0,0,0,0,0,0,0,0,0,0,0,0,0,0,0,0,31,40,40,71,65476,0,300,0,0,8,21553,0.0,-107605600.0,0.0,0.0,0.0,0.0,0.0,0.0,0.0,0.0,0.0,0.0,0.0,0.0,0.0,0.0,0.0,0.0,0.0,0.0,0.0,0.0,-2.004,-0.0,-2.004,-2.004,0.0,0.0,0.0,0.0,4471.0,-0.0,6931.0,0.0,2.7184303811560617e+23,2.718425337124479e+23,-0.0,0.0,0.0,0.0,0.0,69,-5.8480849975795215e+35,-0.0,0.0,0.0,0.0,0.0,0.0,0.0,0.0,0,0,0,0.0,0.0,0.0,0.0,0.0,0.0,0.0,0.0,0.0,0.0,0.0,0.0,0.0,0.0,0.0,0.0,0,-107875648.0,69,0.0,138,0.0,-0.0,0,0,17087,0,17104,52429,17083,0,0,0,70,68,100,-0.0,82.0,0.0,78.8,-0.0,79.0,1,49,50,180,26215,52429,0,0,0.0,0.0,0.0,0.0,-0.0,67.0,0.0,162057.094,0.0,982,0,1014,0,0,0,955,0,1040,0,939,0,793,0,785,0,823,0,7520,0.032,2.524898095088995e+20,0.0,0.0,784,16797,-0.0,162057.094,-114818.039,-0.0,0.133,6.909358625270745e+28,30.0,70.0,35,0.0,0.0,0.0,0.0,0.0,0.0,0.0,0.0,0.0,0.0,0.0,0.0,0.0,0.0,0.0,0.0,66.0,0,150,71,52,65476,0,300,0,0,8,20529,65476,0,0,44564,70.0,0.0,0.0,0.0,0.0,0.0
2026-09-10T21:09:58,ERR,ERR,ERR,ERR,ERR,ERR,ERR,ERR,ERR,ERR,ERR,ERR,ERR,ERR,ERR,ERR,ERR,ERR,ERR,ERR,ERR,ERR,ERR,ERR,ERR,ERR,ERR,ERR,ERR,ERR,ERR,ERR,ERR,ERR,ERR,ERR,ERR,ERR,ERR,ERR,ERR,ERR,ERR,ERR,ERR,ERR,ERR,ERR,ERR,ERR,ERR,ERR,ERR,ERR,ERR,ERR,ERR,ERR,ERR,ERR,ERR,ERR,ERR,ERR,ERR,ERR,ERR,ERR,ERR,ERR,ERR,ERR,ERR,ERR,ERR,ERR,ERR,ERR,ERR,ERR,ERR,ERR,ERR,ERR,ERR,ERR,ERR,ERR,ERR,ERR,ERR,ERR,ERR,ERR,ERR,ERR,ERR,ERR,ERR,ERR,ERR,ERR,ERR,ERR,ERR,ERR,ERR,ERR,ERR,ERR,ERR,ERR,ERR,ERR,ERR,ERR,ERR,ERR,ERR,ERR,ERR,ERR,ERR,ERR,ERR,0.0,2.7184303811560617e+23,-100794720.0,0.0,0.0,1.3936040501711995e+18,7.805,0.0,0,0,4,0,7116,0.0,100,0.0,0.0,0.0,0.0,0.0,0,0,0,0,0.0,0,0,0,0,0,0,0,0,0,0,0,0,0,0,0,0,0,0,0,0,0,0,0,0,0,0,0,0,0,0,0,0,0,31,40,40,71,65476,0,300,0,0,8,21553,0.0,-107605600.0,0.0,0.0,0.0,0.0,0.0,0.0,0.0,0.0,0.0,0.0,0.0,0.0,0.0,0.0,0.0,0.0,0.0,0.0,0.0,0.0,-2.004,-0.0,-2.004,-2.004,0.0,0.0,0.0,0.0,4471.0,-0.0,6931.0,0.0,2.7184303811560617e+23,2.718425337124479e+23,-0.0,0.0,0.0,0.0,0.0,69,-5.8480849975795215e+35,-0.0,0.0,0.0,0.0,0.0,0.0,0.0,0.0,0,0,0,0.0,0.0,0.0,0.0,0.0,0.0,0.0,0.0,0.0,0.0,0.0,0.0,0.0,0.0,0.0,0.0,0,-107875648.0,69,0.0,138,0.0,-0.0,0,0,17087,0,17104,52429,17083,0,0,0,70,68,100,-0.0,82.0,0.0,78.8,-0.0,79.0,1,49,50,180,26215,52429,0,0,0.0,0.0,0.0,0.0,-0.0,67.0,0.0,162057.094,0.0,982,0,1014,0,0,0,955,0,1040,0,939,0,793,0,785,0,823,0,7520,0.032,2.524898095088995e+20,0.0,0.0,784,16797,-0.0,162057.094,-114818.039,-0.0,0.133,6.909358625270745e+28,30.0,70.0,35,0.0,0.0,0.0,0.0,0.0,0.0,0.0,0.0,0.0,0.0,0.0,0.0,0.0,0.0,0.0,0.0,66.0,0,150,71,52,65476,0,300,0,0,8,20529,65476,0,0,44564,70.0,0.0,0.0,0.0,0.0,0.0
2026-09-10T21:09:59,ERR,ERR,ERR,ERR,ERR,ERR,ERR,ERR,ERR,ERR,ERR,ERR,ERR,ERR,ERR,ERR,ERR,ERR,ERR,ERR,ERR,ERR,ERR,ERR,ERR,ERR,ERR,ERR,ERR,ERR,ERR,ERR,ERR,ERR,ERR,ERR,ERR,ERR,ERR,ERR,ERR,ERR,ERR,ERR,ERR,ERR,ERR,ERR,ERR,ERR,ERR,ERR,ERR,ERR,ERR,ERR,ERR,ERR,ERR,ERR,ERR,ERR,ERR,ERR,ERR,ERR,ERR,ERR,ERR,ERR,ERR,ERR,ERR,ERR,ERR,ERR,ERR,ERR,ERR,ERR,ERR,ERR,ERR,ERR,ERR,ERR,ERR,ERR,ERR,ERR,ERR,ERR,ERR,ERR,ERR,ERR,ERR,ERR,ERR,ERR,ERR,ERR,ERR,ERR,ERR,ERR,ERR,ERR,ERR,ERR,ERR,ERR,ERR,ERR,ERR,ERR,ERR,ERR,ERR,ERR,ERR,ERR,ERR,ERR,ERR,0.0,2.7184303811560617e+23,-100794720.0,0.0,0.0,1.3936040501711995e+18,7.805,0.0,0,0,4,0,7116,0.0,100,0.0,0.0,0.0,0.0,0.0,0,0,0,0,0.0,0,0,0,0,0,0,0,0,0,0,0,0,0,0,0,0,0,0,0,0,0,0,0,0,0,0,0,0,0,0,0,0,0,31,40,40,71,65476,0,300,0,0,8,21553,0.0,-107605600.0,0.0,0.0,0.0,0.0,0.0,0.0,0.0,0.0,0.0,0.0,0.0,0.0,0.0,0.0,0.0,0.0,0.0,0.0,0.0,0.0,-2.004,-0.0,-2.004,-2.004,0.0,0.0,0.0,0.0,4471.0,-0.0,6931.0,0.0,2.7184303811560617e+23,2.718425337124479e+23,-0.0,0.0,0.0,0.0,0.0,69,-5.8480849975795215e+35,-0.0,0.0,0.0,0.0,0.0,0.0,0.0,0.0,0,0,0,0.0,0.0,0.0,0.0,0.0,0.0,0.0,0.0,0.0,0.0,0.0,0.0,0.0,0.0,0.0,0.0,0,-107875648.0,69,0.0,138,0.0,-0.0,0,0,17087,0,17104,52429,17083,0,0,0,70,68,100,-0.0,82.0,0.0,78.8,-0.0,79.0,1,49,50,180,26215,52429,0,0,0.0,0.0,0.0,0.0,-0.0,67.0,0.0,162057.094,0.0,982,0,1014,0,0,0,955,0,1040,0,939,0,793,0,785,0,823,0,7520,0.032,2.524898095088995e+20,0.0,0.0,784,16797,-0.0,162057.094,-114818.039,-0.0,0.133,6.909358625270745e+28,30.0,70.0,35,0.0,0.0,0.0,0.0,0.0,0.0,0.0,0.0,0.0,0.0,0.0,0.0,0.0,0.0,0.0,0.0,66.0,0,150,71,52,65476,0,300,0,0,8,20529,65476,0,0,44564,70.0,0.0,0.0,0.0,0.0,0.0
2026-09-10T21:10:00,ERR,ERR,ERR,ERR,ERR,ERR,ERR,ERR,ERR,ERR,ERR,ERR,ERR,ERR,ERR,ERR,ERR,ERR,ERR,ERR,ERR,ERR,ERR,ERR,ERR,ERR,ERR,ERR,ERR,ERR,ERR,ERR,ERR,ERR,ERR,ERR,ERR,ERR,ERR,ERR,ERR,ERR,ERR,ERR,ERR,ERR,ERR,ERR,ERR,ERR,ERR,ERR,ERR,ERR,ERR,ERR,ERR,ERR,ERR,ERR,ERR,ERR,ERR,ERR,ERR,ERR,ERR,ERR,ERR,ERR,ERR,ERR,ERR,ERR,ERR,ERR,ERR,ERR,ERR,ERR,ERR,ERR,ERR,ERR,ERR,ERR,ERR,ERR,ERR,ERR,ERR,ERR,ERR,ERR,ERR,ERR,ERR,ERR,ERR,ERR,ERR,ERR,ERR,ERR,ERR,ERR,ERR,ERR,ERR,ERR,ERR,ERR,ERR,ERR,ERR,ERR,ERR,ERR,ERR,ERR,ERR,ERR,ERR,ERR,ERR,0.0,2.7184303811560617e+23,-100794720.0,0.0,0.0,1.3936040501711995e+18,7.805,0.0,0,0,4,0,7116,0.0,100,0.0,0.0,0.0,0.0,0.0,0,0,0,0,0.0,0,0,0,0,0,0,0,0,0,0,0,0,0,0,0,0,0,0,0,0,0,0,0,0,0,0,0,0,0,0,0,0,0,31,40,40,71,65476,0,300,0,0,8,21553,0.0,-107605600.0,0.0,0.0,0.0,0.0,0.0,0.0,0.0,0.0,0.0,0.0,0.0,0.0,0.0,0.0,0.0,0.0,0.0,0.0,0.0,0.0,-0.0,-0.0,-2.004,-2.004,0.0,0.0,0.0,0.0,4474.0,-0.0,6929.0,0.0,2.7184303811560617e+23,2.718425337124479e+23,-0.0,0.0,0.0,0.0,0.0,69,0.0,-0.0,0.0,0.0,0.0,0.0,0.0,0.0,0.0,0,0,0,0.0,0.0,0.0,0.0,0.0,0.0,0.0,0.0,0.0,0.0,0.0,0.0,0.0,0.0,0.0,0.0,0,-107875648.0,69,0.0,138,0.0,-0.0,0,0,17087,0,17104,52429,17083,0,0,0,70,68,100,-0.0,82.0,0.0,78.8,-0.0,79.0,1,49,50,180,26215,52429,0,0,0.0,0.0,0.0,0.0,-0.0,67.0,0.0,162057.094,0.0,982,0,1014,0,0,0,955,0,1040,0,939,0,793,0,785,0,823,0,7520,0.032,2.524898095088995e+20,0.0,0.0,784,16797,-0.0,162057.094,-114818.039,-0.0,0.133,6.909358625270745e+28,30.0,70.0,35,0.0,0.0,0.0,0.0,0.0,0.0,0.0,0.0,0.0,0.0,0.0,0.0,0.0,0.0,0.0,0.0,66.0,0,150,71,52,65476,0,300,0,0,8,20529,65476,0,0,44564,70.0,0.0,0.0,0.0,0.0,0.0
2026-09-10T21:10:01,ERR,ERR,ERR,ERR,ERR,ERR,ERR,ERR,ERR,ERR,ERR,ERR,ERR,ERR,ERR,ERR,ERR,ERR,ERR,ERR,ERR,ERR,ERR,ERR,ERR,ERR,ERR,ERR,ERR,ERR,ERR,ERR,ERR,ERR,ERR,ERR,ERR,ERR,ERR,ERR,ERR,ERR,ERR,ERR,ERR,ERR,ERR,ERR,ERR,ERR,ERR,ERR,ERR,ERR,ERR,ERR,ERR,ERR,ERR,ERR,ERR,ERR,ERR,ERR,ERR,ERR,ERR,ERR,ERR,ERR,ERR,ERR,ERR,ERR,ERR,ERR,ERR,ERR,ERR,ERR,ERR,ERR,ERR,ERR,ERR,ERR,ERR,ERR,ERR,ERR,ERR,ERR,ERR,ERR,ERR,ERR,ERR,ERR,ERR,ERR,ERR,ERR,ERR,ERR,ERR,ERR,ERR,ERR,ERR,ERR,ERR,ERR,ERR,ERR,ERR,ERR,ERR,ERR,ERR,ERR,ERR,ERR,ERR,ERR,ERR,0.0,2.7184303811560617e+23,-100794720.0,0.0,0.0,1.3936040501711995e+18,7.805,0.0,0,0,4,0,7116,0.0,100,0.0,0.0,0.0,0.0,0.0,0,0,0,0,0.0,0,0,0,0,0,0,0,0,0,0,0,0,0,0,0,0,0,0,0,0,0,0,0,0,0,0,0,0,0,0,0,0,0,31,40,40,71,65476,0,300,0,0,8,21553,0.0,-107605600.0,0.0,0.0,0.0,0.0,0.0,0.0,0.0,0.0,0.0,0.0,0.0,0.0,0.0,0.0,0.0,0.0,0.0,0.0,0.0,0.0,-0.0,-0.0,-2.004,-2.004,0.0,0.0,0.0,0.0,4474.0,-0.0,6929.0,0.0,2.7184303811560617e+23,2.718425337124479e+23,-0.0,0.0,0.0,0.0,0.0,69,0.0,-0.0,0.0,0.0,0.0,0.0,0.0,0.0,0.0,0,0,0,0.0,0.0,0.0,0.0,0.0,0.0,0.0,0.0,0.0,0.0,0.0,0.0,0.0,0.0,0.0,0.0,0,-107875648.0,69,0.0,138,0.0,-0.0,0,0,17087,0,17104,52429,17083,0,0,0,70,68,100,-0.0,82.0,0.0,78.8,-0.0,79.0,1,49,50,180,26215,52429,0,0,0.0,0.0,0.0,0.0,-0.0,67.0,0.0,162057.094,0.0,982,0,1014,0,0,0,955,0,1040,0,939,0,793,0,785,0,823,0,7520,0.032,2.524898095088995e+20,0.0,0.0,784,16797,-0.0,162057.094,-114818.039,-0.0,0.133,6.909358625270745e+28,30.0,70.0,35,0.0,0.0,0.0,0.0,0.0,0.0,0.0,0.0,0.0,0.0,0.0,0.0,0.0,0.0,0.0,0.0,66.0,0,150,71,52,65476,0,300,0,0,8,20529,65476,0,0,44564,70.0,0.0,0.0,0.0,0.0,0.0
2026-09-10T21:10:02,ERR,ERR,ERR,ERR,ERR,ERR,ERR,ERR,ERR,ERR,ERR,ERR,ERR,ERR,ERR,ERR,ERR,ERR,ERR,ERR,ERR,ERR,ERR,ERR,ERR,ERR,ERR,ERR,ERR,ERR,ERR,ERR,ERR,ERR,ERR,ERR,ERR,ERR,ERR,ERR,ERR,ERR,ERR,ERR,ERR,ERR,ERR,ERR,ERR,ERR,ERR,ERR,ERR,ERR,ERR,ERR,ERR,ERR,ERR,ERR,ERR,ERR,ERR,ERR,ERR,ERR,ERR,ERR,ERR,ERR,ERR,ERR,ERR,ERR,ERR,ERR,ERR,ERR,ERR,ERR,ERR,ERR,ERR,ERR,ERR,ERR,ERR,ERR,ERR,ERR,ERR,ERR,ERR,ERR,ERR,ERR,ERR,ERR,ERR,ERR,ERR,ERR,ERR,ERR,ERR,ERR,ERR,ERR,ERR,ERR,ERR,ERR,ERR,ERR,ERR,ERR,ERR,ERR,ERR,ERR,ERR,ERR,ERR,ERR,ERR,0.0,2.7184303811560617e+23,-100794720.0,0.0,0.0,1.3936040501711995e+18,7.805,0.0,0,0,4,0,7116,0.0,100,0.0,0.0,0.0,0.0,0.0,0,0,0,0,0.0,0,0,0,0,0,0,0,0,0,0,0,0,0,0,0,0,0,0,0,0,0,0,0,0,0,0,0,0,0,0,0,0,0,31,40,40,71,65476,0,300,0,0,8,21553,0.0,-107605600.0,0.0,0.0,0.0,0.0,0.0,0.0,0.0,0.0,0.0,0.0,0.0,0.0,0.0,0.0,0.0,0.0,0.0,0.0,0.0,0.0,-0.0,-0.0,-2.004,-2.004,0.0,0.0,0.0,0.0,4474.0,-0.0,6929.0,0.0,2.7184303811560617e+23,2.718425337124479e+23,-0.0,0.0,0.0,0.0,0.0,69,0.0,-0.0,0.0,0.0,0.0,0.0,0.0,0.0,0.0,0,0,0,0.0,0.0,0.0,0.0,0.0,0.0,0.0,0.0,0.0,0.0,0.0,0.0,0.0,0.0,0.0,0.0,0,-107875648.0,69,0.0,138,0.0,-0.0,0,0,17087,0,17104,52429,17083,0,0,0,70,68,100,-0.0,82.0,0.0,78.8,-0.0,79.0,1,49,50,180,26215,52429,0,0,0.0,0.0,0.0,0.0,-0.0,67.0,0.0,162057.094,0.0,982,0,1014,0,0,0,955,0,1040,0,939,0,793,0,785,0,823,0,7520,0.032,2.524898095088995e+20,0.0,0.0,784,16797,-0.0,162057.094,-114818.039,-0.0,0.133,6.909358625270745e+28,30.0,70.0,35,0.0,0.0,0.0,0.0,0.0,0.0,0.0,0.0,0.0,0.0,0.0,0.0,0.0,0.0,0.0,0.0,66.0,0,150,71,52,65476,0,300,0,0,8,20529,65476,0,0,44564,70.0,0.0,0.0,0.0,0.0,0.0
2026-09-10T21:10:03,ERR,ERR,ERR,ERR,ERR,ERR,ERR,ERR,ERR,ERR,ERR,ERR,ERR,ERR,ERR,ERR,ERR,ERR,ERR,ERR,ERR,ERR,ERR,ERR,ERR,ERR,ERR,ERR,ERR,ERR,ERR,ERR,ERR,ERR,ERR,ERR,ERR,ERR,ERR,ERR,ERR,ERR,ERR,ERR,ERR,ERR,ERR,ERR,ERR,ERR,ERR,ERR,ERR,ERR,ERR,ERR,ERR,ERR,ERR,ERR,ERR,ERR,ERR,ERR,ERR,ERR,ERR,ERR,ERR,ERR,ERR,ERR,ERR,ERR,ERR,ERR,ERR,ERR,ERR,ERR,ERR,ERR,ERR,ERR,ERR,ERR,ERR,ERR,ERR,ERR,ERR,ERR,ERR,ERR,ERR,ERR,ERR,ERR,ERR,ERR,ERR,ERR,ERR,ERR,ERR,ERR,ERR,ERR,ERR,ERR,ERR,ERR,ERR,ERR,ERR,ERR,ERR,ERR,ERR,ERR,ERR,ERR,ERR,ERR,ERR,0.0,2.7184303811560617e+23,-100794720.0,0.0,0.0,1.3936040501711995e+18,7.805,0.0,0,0,4,0,7116,0.0,100,0.0,0.0,0.0,0.0,0.0,0,0,0,0,0.0,0,0,0,0,0,0,0,0,0,0,0,0,0,0,0,0,0,0,0,0,0,0,0,0,0,0,0,0,0,0,0,0,0,31,40,40,71,65476,0,300,0,0,8,21553,0.0,-107605600.0,0.0,0.0,0.0,0.0,0.0,0.0,0.0,0.0,0.0,0.0,0.0,0.0,0.0,0.0,0.0,0.0,0.0,0.0,0.0,0.0,-0.0,-0.0,-2.004,-2.004,0.0,0.0,0.0,0.0,4474.0,-0.0,6929.0,0.0,2.7184303811560617e+23,2.718425337124479e+23,-0.0,0.0,0.0,0.0,0.0,69,0.0,-0.0,0.0,0.0,0.0,0.0,0.0,0.0,0.0,0,0,0,0.0,0.0,0.0,0.0,0.0,0.0,0.0,0.0,0.0,0.0,0.0,0.0,0.0,0.0,0.0,0.0,0,-107875648.0,69,0.0,138,0.0,-0.0,0,0,17087,0,17104,52429,17083,0,0,0,70,68,100,-0.0,82.0,0.0,78.8,-0.0,79.0,1,49,50,180,26215,52429,0,0,0.0,0.0,0.0,0.0,-0.0,67.0,0.0,162057.094,0.0,982,0,1014,0,0,0,955,0,1040,0,939,0,793,0,785,0,823,0,7520,0.032,2.524898095088995e+20,0.0,0.0,784,16797,-0.0,162057.094,-114818.039,-0.0,0.133,6.909358625270745e+28,30.0,70.0,35,0.0,0.0,0.0,0.0,0.0,0.0,0.0,0.0,0.0,0.0,0.0,0.0,0.0,0.0,0.0,0.0,66.0,0,150,71,52,65476,0,300,0,0,8,20529,65476,0,0,44564,70.0,0.0,0.0,0.0,0.0,0.0
2026-09-10T21:10:04,ERR,ERR,ERR,ERR,ERR,ERR,ERR,ERR,ERR,ERR,ERR,ERR,ERR,ERR,ERR,ERR,ERR,ERR,ERR,ERR,ERR,ERR,ERR,ERR,ERR,ERR,ERR,ERR,ERR,ERR,ERR,ERR,ERR,ERR,ERR,ERR,ERR,ERR,ERR,ERR,ERR,ERR,ERR,ERR,ERR,ERR,ERR,ERR,ERR,ERR,ERR,ERR,ERR,ERR,ERR,ERR,ERR,ERR,ERR,ERR,ERR,ERR,ERR,ERR,ERR,ERR,ERR,ERR,ERR,ERR,ERR,ERR,ERR,ERR,ERR,ERR,ERR,ERR,ERR,ERR,ERR,ERR,ERR,ERR,ERR,ERR,ERR,ERR,ERR,ERR,ERR,ERR,ERR,ERR,ERR,ERR,ERR,ERR,ERR,ERR,ERR,ERR,ERR,ERR,ERR,ERR,ERR,ERR,ERR,ERR,ERR,ERR,ERR,ERR,ERR,ERR,ERR,ERR,ERR,ERR,ERR,ERR,ERR,ERR,ERR,0.0,2.7184303811560617e+23,-100794720.0,0.0,0.0,1.3936040501711995e+18,7.805,0.0,0,0,4,0,7116,0.0,100,0.0,0.0,0.0,0.0,0.0,0,0,0,0,0.0,0,0,0,0,0,0,0,0,0,0,0,0,0,0,0,0,0,0,0,0,0,0,0,0,0,0,0,0,0,0,0,0,0,31,40,40,71,65476,0,300,0,0,8,21553,0.0,-107605600.0,0.0,0.0,0.0,0.0,0.0,0.0,0.0,0.0,0.0,0.0,0.0,0.0,0.0,0.0,0.0,0.0,0.0,0.0,0.0,0.0,-0.0,-0.0,-2.004,-2.004,0.0,0.0,0.0,0.0,4474.0,-0.0,6929.0,0.0,2.7184303811560617e+23,2.718425337124479e+23,-0.0,0.0,0.0,0.0,0.0,69,0.0,-0.0,0.0,0.0,0.0,0.0,0.0,0.0,0.0,0,0,0,0.0,0.0,0.0,0.0,0.0,0.0,0.0,0.0,0.0,0.0,0.0,0.0,0.0,0.0,0.0,0.0,0,-107875648.0,69,0.0,138,0.0,-0.0,0,0,17087,0,17104,52429,17083,0,0,0,70,68,100,-0.0,82.0,0.0,78.8,-0.0,79.0,1,49,50,180,26215,52429,0,0,0.0,0.0,0.0,0.0,-0.0,67.0,0.0,162057.094,0.0,982,0,1014,0,0,0,955,0,1040,0,939,0,793,0,785,0,823,0,7520,0.032,2.524898095088995e+20,0.0,0.0,784,16797,-0.0,162057.094,-114818.039,-0.0,0.133,6.909358625270745e+28,30.0,70.0,35,0.0,0.0,0.0,0.0,0.0,0.0,0.0,0.0,0.0,0.0,0.0,0.0,0.0,0.0,0.0,0.0,66.4,0,150,71,52,65476,0,300,0,0,8,20529,65476,0,0,44564,70.0,0.0,0.0,0.0,0.0,0.0
2026-09-10T21:10:05,ERR,ERR,ERR,ERR,ERR,ERR,ERR,ERR,ERR,ERR,ERR,ERR,ERR,ERR,ERR,ERR,ERR,ERR,ERR,ERR,ERR,ERR,ERR,ERR,ERR,ERR,ERR,ERR,ERR,ERR,ERR,ERR,ERR,ERR,ERR,ERR,ERR,ERR,ERR,ERR,ERR,ERR,ERR,ERR,ERR,ERR,ERR,ERR,ERR,ERR,ERR,ERR,ERR,ERR,ERR,ERR,ERR,ERR,ERR,ERR,ERR,ERR,ERR,ERR,ERR,ERR,ERR,ERR,ERR,ERR,ERR,ERR,ERR,ERR,ERR,ERR,ERR,ERR,ERR,ERR,ERR,ERR,ERR,ERR,ERR,ERR,ERR,ERR,ERR,ERR,ERR,ERR,ERR,ERR,ERR,ERR,ERR,ERR,ERR,ERR,ERR,ERR,ERR,ERR,ERR,ERR,ERR,ERR,ERR,ERR,ERR,ERR,ERR,ERR,ERR,ERR,ERR,ERR,ERR,ERR,ERR,ERR,ERR,ERR,ERR,0.0,2.7184303811560617e+23,-100794720.0,0.0,0.0,1.3936040501711995e+18,7.805,0.0,0,0,4,0,7116,0.0,100,0.0,0.0,0.0,0.0,0.0,0,0,0,0,0.0,0,0,0,0,0,0,0,0,0,0,0,0,0,0,0,0,0,0,0,0,0,0,0,0,0,0,0,0,0,0,0,0,0,31,40,40,71,65476,0,300,0,0,8,21553,0.0,-107605600.0,0.0,0.0,0.0,0.0,0.0,0.0,0.0,0.0,0.0,0.0,0.0,0.0,0.0,0.0,0.0,0.0,0.0,0.0,0.0,0.0,-0.0,-0.0,-2.004,-2.004,0.0,0.0,0.0,0.0,4474.0,-0.0,6929.0,0.0,2.7184303811560617e+23,2.718425337124479e+23,-0.0,0.0,0.0,0.0,0.0,69,0.0,-0.0,0.0,0.0,0.0,0.0,0.0,0.0,0.0,0,0,0,0.0,0.0,0.0,0.0,0.0,0.0,0.0,0.0,0.0,0.0,0.0,0.0,0.0,0.0,0.0,0.0,0,-107875648.0,69,0.0,138,0.0,-0.0,0,0,17087,0,17104,52429,17083,0,0,0,70,68,100,-0.0,82.0,0.0,78.8,-0.0,79.0,1,49,50,180,26215,52429,0,0,0.0,0.0,0.0,0.0,-0.0,67.0,0.0,162057.094,0.0,982,0,1014,0,0,0,955,0,1040,0,939,0,793,0,785,0,823,0,7520,0.032,2.524898095088995e+20,0.0,0.0,784,16797,-0.0,162057.094,-114818.039,-0.0,0.133,6.909358625270745e+28,30.0,70.0,35,0.0,0.0,0.0,0.0,0.0,0.0,0.0,0.0,0.0,0.0,0.0,0.0,0.0,0.0,0.0,0.0,66.4,0,150,71,52,65476,0,300,0,0,8,20529,65476,0,0,44564,70.0,0.0,0.0,0.0,0.0,0.0
2026-09-10T21:10:06,ERR,ERR,ERR,ERR,ERR,ERR,ERR,ERR,ERR,ERR,ERR,ERR,ERR,ERR,ERR,ERR,ERR,ERR,ERR,ERR,ERR,ERR,ERR,ERR,ERR,ERR,ERR,ERR,ERR,ERR,ERR,ERR,ERR,ERR,ERR,ERR,ERR,ERR,ERR,ERR,ERR,ERR,ERR,ERR,ERR,ERR,ERR,ERR,ERR,ERR,ERR,ERR,ERR,ERR,ERR,ERR,ERR,ERR,ERR,ERR,ERR,ERR,ERR,ERR,ERR,ERR,ERR,ERR,ERR,ERR,ERR,ERR,ERR,ERR,ERR,ERR,ERR,ERR,ERR,ERR,ERR,ERR,ERR,ERR,ERR,ERR,ERR,ERR,ERR,ERR,ERR,ERR,ERR,ERR,ERR,ERR,ERR,ERR,ERR,ERR,ERR,ERR,ERR,ERR,ERR,ERR,ERR,ERR,ERR,ERR,ERR,ERR,ERR,ERR,ERR,ERR,ERR,ERR,ERR,ERR,ERR,ERR,ERR,ERR,ERR,0.0,2.7184303811560617e+23,-100794720.0,0.0,0.0,1.3936040501711995e+18,7.805,0.0,0,0,4,0,7116,0.0,100,0.0,0.0,0.0,0.0,0.0,0,0,0,0,0.0,0,0,0,0,0,0,0,0,0,0,0,0,0,0,0,0,0,0,0,0,0,0,0,0,0,0,0,0,0,0,0,0,0,31,40,40,71,65476,0,300,0,0,8,21553,0.0,-107605600.0,0.0,0.0,0.0,0.0,0.0,0.0,0.0,0.0,0.0,0.0,0.0,0.0,0.0,0.0,0.0,0.0,0.0,0.0,0.0,0.0,-0.0,-0.0,-2.004,-2.004,0.0,0.0,0.0,0.0,4474.0,-0.0,6929.0,0.0,2.7184303811560617e+23,2.718425337124479e+23,-0.0,0.0,0.0,0.0,0.0,69,0.0,-0.0,0.0,0.0,0.0,0.0,0.0,0.0,0.0,0,0,0,0.0,0.0,0.0,0.0,0.0,0.0,0.0,0.0,0.0,0.0,0.0,0.0,0.0,0.0,0.0,0.0,0,-107875648.0,69,0.0,138,0.0,-0.0,0,0,17087,13107,17104,52429,17083,0,0,0,70,68,100,-0.0,82.0,0.0,78.8,-0.0,79.0,1,49,50,180,26215,52429,0,0,0.0,0.0,0.0,0.0,-0.0,67.0,0.0,162057.094,0.0,982,0,1014,0,0,0,955,0,1040,0,939,0,793,0,785,0,823,0,7520,0.032,2.524898095088995e+20,0.0,0.0,784,16797,-0.0,162057.094,-114818.039,-0.0,0.133,6.909358625270745e+28,30.0,70.0,35,0.0,0.0,0.0,0.0,0.0,0.0,0.0,0.0,0.0,0.0,0.0,0.0,0.0,0.0,0.0,0.0,66.4,0,150,71,52,65476,0,300,0,0,8,20529,65476,0,0,44564,70.0,0.0,0.0,0.0,0.0,0.0
2026-09-10T21:10:07,ERR,ERR,ERR,ERR,ERR,ERR,ERR,ERR,ERR,ERR,ERR,ERR,ERR,ERR,ERR,ERR,ERR,ERR,ERR,ERR,ERR,ERR,ERR,ERR,ERR,ERR,ERR,ERR,ERR,ERR,ERR,ERR,ERR,ERR,ERR,ERR,ERR,ERR,ERR,ERR,ERR,ERR,ERR,ERR,ERR,ERR,ERR,ERR,ERR,ERR,ERR,ERR,ERR,ERR,ERR,ERR,ERR,ERR,ERR,ERR,ERR,ERR,ERR,ERR,ERR,ERR,ERR,ERR,ERR,ERR,ERR,ERR,ERR,ERR,ERR,ERR,ERR,ERR,ERR,ERR,ERR,ERR,ERR,ERR,ERR,ERR,ERR,ERR,ERR,ERR,ERR,ERR,ERR,ERR,ERR,ERR,ERR,ERR,ERR,ERR,ERR,ERR,ERR,ERR,ERR,ERR,ERR,ERR,ERR,ERR,ERR,ERR,ERR,ERR,ERR,ERR,ERR,ERR,ERR,ERR,ERR,ERR,ERR,ERR,ERR,0.0,2.7184303811560617e+23,-100794720.0,0.0,0.0,1.3936040501711995e+18,7.805,0.0,0,0,4,0,7116,0.0,100,0.0,0.0,0.0,0.0,0.0,0,0,0,0,0.0,0,0,0,0,0,0,0,0,0,0,0,0,0,0,0,0,0,0,0,0,0,0,0,0,0,0,0,0,0,0,0,0,0,31,40,40,71,65476,0,300,0,0,8,21553,0.0,-107605600.0,0.0,0.0,0.0,0.0,0.0,0.0,0.0,0.0,0.0,0.0,0.0,0.0,0.0,0.0,0.0,0.0,0.0,0.0,0.0,0.0,-0.0,-0.0,-2.004,-2.004,0.0,0.0,0.0,0.0,4474.0,-0.0,6929.0,0.0,2.7184303811560617e+23,2.718425337124479e+23,-0.0,0.0,0.0,0.0,0.0,69,0.0,-0.0,0.0,0.0,0.0,0.0,0.0,0.0,0.0,0,0,0,0.0,0.0,0.0,0.0,0.0,0.0,0.0,0.0,0.0,0.0,0.0,0.0,0.0,0.0,0.0,0.0,0,-107875648.0,69,0.0,138,0.0,-0.0,0,0,17087,13107,17104,52429,17083,0,0,0,70,68,100,-0.0,82.0,0.0,78.8,-0.0,79.0,1,49,50,180,26215,52429,0,0,0.0,0.0,0.0,0.0,-0.0,67.0,0.0,162057.094,0.0,982,0,1014,0,0,0,955,0,1040,0,939,0,793,0,785,0,823,0,7520,0.032,2.524898095088995e+20,0.0,0.0,784,16797,-0.0,162057.094,-114818.039,-0.0,0.133,6.909358625270745e+28,30.0,70.0,35,0.0,0.0,0.0,0.0,0.0,0.0,0.0,0.0,0.0,0.0,0.0,0.0,0.0,0.0,0.0,0.0,66.4,0,150,71,52,65476,0,300,0,0,8,20529,65476,0,0,44564,70.0,0.0,0.0,0.0,0.0,0.0
2026-09-10T21:10:08,ERR,ERR,ERR,ERR,ERR,ERR,ERR,ERR,ERR,ERR,ERR,ERR,ERR,ERR,ERR,ERR,ERR,ERR,ERR,ERR,ERR,ERR,ERR,ERR,ERR,ERR,ERR,ERR,ERR,ERR,ERR,ERR,ERR,ERR,ERR,ERR,ERR,ERR,ERR,ERR,ERR,ERR,ERR,ERR,ERR,ERR,ERR,ERR,ERR,ERR,ERR,ERR,ERR,ERR,ERR,ERR,ERR,ERR,ERR,ERR,ERR,ERR,ERR,ERR,ERR,ERR,ERR,ERR,ERR,ERR,ERR,ERR,ERR,ERR,ERR,ERR,ERR,ERR,ERR,ERR,ERR,ERR,ERR,ERR,ERR,ERR,ERR,ERR,ERR,ERR,ERR,ERR,ERR,ERR,ERR,ERR,ERR,ERR,ERR,ERR,ERR,ERR,ERR,ERR,ERR,ERR,ERR,ERR,ERR,ERR,ERR,ERR,ERR,ERR,ERR,ERR,ERR,ERR,ERR,ERR,ERR,ERR,ERR,ERR,ERR,0.0,2.7184303811560617e+23,-100794720.0,0.0,0.0,1.3936040501711995e+18,7.805,0.0,0,0,4,0,7116,0.0,100,0.0,0.0,0.0,0.0,0.0,0,0,0,0,0.0,0,0,0,0,0,0,0,0,0,0,0,0,0,0,0,0,0,0,0,0,0,0,0,0,0,0,0,0,0,0,0,0,0,31,40,40,71,65476,0,300,0,0,8,21553,0.0,-107605600.0,0.0,0.0,0.0,0.0,0.0,0.0,0.0,0.0,0.0,0.0,0.0,0.0,0.0,0.0,0.0,0.0,0.0,0.0,0.0,0.0,-2.004,-0.0,-2.004,-2.004,0.0,0.0,0.0,0.0,4472.0,3.697178656945629e+19,6924.0,0.0,2.7184303811560617e+23,2.718425337124479e+23,-0.0,0.0,0.0,0.0,0.0,69,0.0,2.7184134476214628e+23,0.0,0.0,0.0,0.0,0.0,0.0,0.0,0,0,0,0.0,0.0,0.0,0.0,0.0,0.0,0.0,0.0,0.0,0.0,0.0,0.0,0.0,0.0,0.0,0.0,0,-107875648.0,69,0.0,138,0.0,-0.0,0,0,17087,13107,17104,52429,17083,0,0,0,70,68,100,-0.0,82.0,0.0,78.8,-0.0,79.0,1,49,50,180,26215,52429,0,0,0.0,0.0,0.0,0.0,-0.0,67.0,0.0,162057.094,0.0,982,0,1014,0,0,0,955,0,1040,0,939,0,793,0,785,0,823,0,7520,0.032,2.524898095088995e+20,0.0,0.0,784,16797,-0.0,162057.094,-114818.039,-0.0,0.133,6.909358625270745e+28,30.0,70.0,35,0.0,0.0,0.0,0.0,0.0,0.0,0.0,0.0,0.0,0.0,0.0,0.0,0.0,0.0,0.0,0.0,66.4,0,150,71,52,65476,0,300,0,0,8,20529,65476,0,0,44564,70.0,0.0,0.0,0.0,0.0,0.0
2026-09-10T21:10:09,ERR,ERR,ERR,ERR,ERR,ERR,ERR,ERR,ERR,ERR,ERR,ERR,ERR,ERR,ERR,ERR,ERR,ERR,ERR,ERR,ERR,ERR,ERR,ERR,ERR,ERR,ERR,ERR,ERR,ERR,ERR,ERR,ERR,ERR,ERR,ERR,ERR,ERR,ERR,ERR,ERR,ERR,ERR,ERR,ERR,ERR,ERR,ERR,ERR,ERR,ERR,ERR,ERR,ERR,ERR,ERR,ERR,ERR,ERR,ERR,ERR,ERR,ERR,ERR,ERR,ERR,ERR,ERR,ERR,ERR,ERR,ERR,ERR,ERR,ERR,ERR,ERR,ERR,ERR,ERR,ERR,ERR,ERR,ERR,ERR,ERR,ERR,ERR,ERR,ERR,ERR,ERR,ERR,ERR,ERR,ERR,ERR,ERR,ERR,ERR,ERR,ERR,ERR,ERR,ERR,ERR,ERR,ERR,ERR,ERR,ERR,ERR,ERR,ERR,ERR,ERR,ERR,ERR,ERR,ERR,ERR,ERR,ERR,ERR,ERR,0.0,2.7184303811560617e+23,-100794720.0,0.0,0.0,1.3936040501711995e+18,7.805,0.0,0,0,4,0,7116,0.0,100,0.0,0.0,0.0,0.0,0.0,0,0,0,0,0.0,0,0,0,0,0,0,0,0,0,0,0,0,0,0,0,0,0,0,0,0,0,0,0,0,0,0,0,0,0,0,0,0,0,31,40,40,71,65476,0,300,0,0,8,21553,0.0,-107605600.0,0.0,0.0,0.0,0.0,0.0,0.0,0.0,0.0,0.0,0.0,0.0,0.0,0.0,0.0,0.0,0.0,0.0,0.0,0.0,0.0,-2.004,-0.0,-2.004,-2.004,0.0,0.0,0.0,0.0,4472.0,3.697178656945629e+19,6924.0,0.0,2.7184303811560617e+23,2.718425337124479e+23,-0.0,0.0,0.0,0.0,0.0,69,0.0,2.7184134476214628e+23,0.0,0.0,0.0,0.0,0.0,0.0,0.0,0,0,0,0.0,0.0,0.0,0.0,0.0,0.0,0.0,0.0,0.0,0.0,0.0,0.0,0.0,0.0,0.0,0.0,0,-107875648.0,69,0.0,138,0.0,-0.0,0,0,17087,13107,17104,52429,17083,0,0,0,70,68,100,-0.0,82.0,0.0,78.8,-0.0,79.0,1,49,50,180,26215,52429,0,0,0.0,0.0,0.0,0.0,-0.0,67.0,0.0,162057.094,0.0,982,0,1014,0,0,0,955,0,1040,0,939,0,793,0,785,0,823,0,7520,0.032,2.524898095088995e+20,0.0,0.0,784,16797,-0.0,162057.094,-114818.039,-0.0,0.133,6.909358625270745e+28,30.0,70.0,35,0.0,0.0,0.0,0.0,0.0,0.0,0.0,0.0,0.0,0.0,0.0,0.0,0.0,0.0,0.0,0.0,66.4,0,150,71,52,65476,0,300,0,0,8,20529,65476,0,0,44564,70.0,0.0,0.0,0.0,0.0,0.0
2026-09-10T21:10:10,ERR,ERR,ERR,ERR,ERR,ERR,ERR,ERR,ERR,ERR,ERR,ERR,ERR,ERR,ERR,ERR,ERR,ERR,ERR,ERR,ERR,ERR,ERR,ERR,ERR,ERR,ERR,ERR,ERR,ERR,ERR,ERR,ERR,ERR,ERR,ERR,ERR,ERR,ERR,ERR,ERR,ERR,ERR,ERR,ERR,ERR,ERR,ERR,ERR,ERR,ERR,ERR,ERR,ERR,ERR,ERR,ERR,ERR,ERR,ERR,ERR,ERR,ERR,ERR,ERR,ERR,ERR,ERR,ERR,ERR,ERR,ERR,ERR,ERR,ERR,ERR,ERR,ERR,ERR,ERR,ERR,ERR,ERR,ERR,ERR,ERR,ERR,ERR,ERR,ERR,ERR,ERR,ERR,ERR,ERR,ERR,ERR,ERR,ERR,ERR,ERR,ERR,ERR,ERR,ERR,ERR,ERR,ERR,ERR,ERR,ERR,ERR,ERR,ERR,ERR,ERR,ERR,ERR,ERR,ERR,ERR,ERR,ERR,ERR,ERR,0.0,2.7184303811560617e+23,-100794720.0,0.0,0.0,1.3936040501711995e+18,7.805,0.0,0,0,4,0,7116,0.0,100,0.0,0.0,0.0,0.0,0.0,0,0,0,0,0.0,0,0,0,0,0,0,0,0,0,0,0,0,0,0,0,0,0,0,0,0,0,0,0,0,0,0,0,0,0,0,0,0,0,31,40,40,71,65476,0,300,0,0,8,21553,0.0,-107605600.0,0.0,0.0,0.0,0.0,0.0,0.0,0.0,0.0,0.0,0.0,0.0,0.0,0.0,0.0,0.0,0.0,0.0,0.0,0.0,0.0,-2.004,-0.0,-2.004,-2.004,0.0,0.0,0.0,0.0,4472.0,3.697178656945629e+19,6924.0,0.0,2.7184303811560617e+23,2.718425337124479e+23,-0.0,0.0,0.0,0.0,0.0,69,0.0,2.7184134476214628e+23,0.0,0.0,0.0,0.0,0.0,0.0,0.0,0,0,0,0.0,0.0,0.0,0.0,0.0,0.0,0.0,0.0,0.0,0.0,0.0,0.0,0.0,0.0,0.0,0.0,0,-107875648.0,69,0.0,138,0.0,-0.0,0,0,17087,13107,17104,52429,17083,0,0,0,70,68,100,-0.0,82.0,0.0,78.8,-0.0,79.0,1,49,50,180,26215,52429,0,0,0.0,0.0,0.0,0.0,-0.0,67.0,0.0,162057.094,0.0,982,0,1014,0,0,0,955,0,1040,0,939,0,793,0,785,0,823,0,7520,0.032,2.524898095088995e+20,0.0,0.0,784,16797,-0.0,162057.094,-114818.039,-0.0,0.133,6.909358625270745e+28,30.0,70.0,35,0.0,0.0,0.0,0.0,0.0,0.0,0.0,0.0,0.0,0.0,0.0,0.0,0.0,0.0,0.0,0.0,66.0,0,150,71,52,65476,0,300,0,0,8,20529,65476,0,0,44564,70.0,0.0,0.0,0.0,0.0,0.0
2026-09-10T21:10:11,ERR,ERR,ERR,ERR,ERR,ERR,ERR,ERR,ERR,ERR,ERR,ERR,ERR,ERR,ERR,ERR,ERR,ERR,ERR,ERR,ERR,ERR,ERR,ERR,ERR,ERR,ERR,ERR,ERR,ERR,ERR,ERR,ERR,ERR,ERR,ERR,ERR,ERR,ERR,ERR,ERR,ERR,ERR,ERR,ERR,ERR,ERR,ERR,ERR,ERR,ERR,ERR,ERR,ERR,ERR,ERR,ERR,ERR,ERR,ERR,ERR,ERR,ERR,ERR,ERR,ERR,ERR,ERR,ERR,ERR,ERR,ERR,ERR,ERR,ERR,ERR,ERR,ERR,ERR,ERR,ERR,ERR,ERR,ERR,ERR,ERR,ERR,ERR,ERR,ERR,ERR,ERR,ERR,ERR,ERR,ERR,ERR,ERR,ERR,ERR,ERR,ERR,ERR,ERR,ERR,ERR,ERR,ERR,ERR,ERR,ERR,ERR,ERR,ERR,ERR,ERR,ERR,ERR,ERR,ERR,ERR,ERR,ERR,ERR,ERR,0.0,2.7184303811560617e+23,-100794720.0,0.0,0.0,1.3936040501711995e+18,7.805,0.0,0,0,4,0,7116,0.0,100,0.0,0.0,0.0,0.0,0.0,0,0,0,0,0.0,0,0,0,0,0,0,0,0,0,0,0,0,0,0,0,0,0,0,0,0,0,0,0,0,0,0,0,0,0,0,0,0,0,31,40,40,71,65476,0,300,0,0,8,21553,0.0,-107605600.0,0.0,0.0,0.0,0.0,0.0,0.0,0.0,0.0,0.0,0.0,0.0,0.0,0.0,0.0,0.0,0.0,0.0,0.0,0.0,0.0,-2.004,-0.0,-2.004,-2.004,0.0,0.0,0.0,0.0,4472.0,3.697178656945629e+19,6924.0,0.0,2.7184303811560617e+23,2.718425337124479e+23,-0.0,0.0,0.0,0.0,0.0,69,0.0,2.7184134476214628e+23,0.0,0.0,0.0,0.0,0.0,0.0,0.0,0,0,0,0.0,0.0,0.0,0.0,0.0,0.0,0.0,0.0,0.0,0.0,0.0,0.0,0.0,0.0,0.0,0.0,0,-107875648.0,69,0.0,138,0.0,-0.0,0,0,17087,13107,17104,52429,17083,0,0,0,70,68,100,-0.0,82.0,0.0,78.8,-0.0,79.0,1,49,50,180,26215,52429,0,0,0.0,0.0,0.0,0.0,-0.0,67.0,0.0,162057.094,0.0,982,0,1014,0,0,0,955,0,1040,0,939,0,793,0,785,0,823,0,7520,0.032,2.524898095088995e+20,0.0,0.0,784,16797,-0.0,162057.094,-114818.039,-0.0,0.133,6.909358625270745e+28,30.0,70.0,35,0.0,0.0,0.0,0.0,0.0,0.0,0.0,0.0,0.0,0.0,0.0,0.0,0.0,0.0,0.0,0.0,66.0,0,150,71,52,65476,0,300,0,0,8,20529,65476,0,0,44564,70.0,0.0,0.0,0.0,0.0,0.0
2026-09-10T21:10:12,ERR,ERR,ERR,ERR,ERR,ERR,ERR,ERR,ERR,ERR,ERR,ERR,ERR,ERR,ERR,ERR,ERR,ERR,ERR,ERR,ERR,ERR,ERR,ERR,ERR,ERR,ERR,ERR,ERR,ERR,ERR,ERR,ERR,ERR,ERR,ERR,ERR,ERR,ERR,ERR,ERR,ERR,ERR,ERR,ERR,ERR,ERR,ERR,ERR,ERR,ERR,ERR,ERR,ERR,ERR,ERR,ERR,ERR,ERR,ERR,ERR,ERR,ERR,ERR,ERR,ERR,ERR,ERR,ERR,ERR,ERR,ERR,ERR,ERR,ERR,ERR,ERR,ERR,ERR,ERR,ERR,ERR,ERR,ERR,ERR,ERR,ERR,ERR,ERR,ERR,ERR,ERR,ERR,ERR,ERR,ERR,ERR,ERR,ERR,ERR,ERR,ERR,ERR,ERR,ERR,ERR,ERR,ERR,ERR,ERR,ERR,ERR,ERR,ERR,ERR,ERR,ERR,ERR,ERR,ERR,ERR,ERR,ERR,ERR,ERR,0.0,2.7184303811560617e+23,-100794720.0,0.0,0.0,1.3936040501711995e+18,7.805,0.0,0,0,4,0,7116,0.0,100,0.0,0.0,0.0,0.0,0.0,0,0,0,0,0.0,0,0,0,0,0,0,0,0,0,0,0,0,0,0,0,0,0,0,0,0,0,0,0,0,0,0,0,0,0,0,0,0,0,31,40,40,71,65476,0,300,0,0,8,21553,0.0,-107605600.0,0.0,0.0,0.0,0.0,0.0,0.0,0.0,0.0,0.0,0.0,0.0,0.0,0.0,0.0,0.0,0.0,0.0,0.0,0.0,0.0,-2.004,-0.0,-2.004,-2.004,0.0,0.0,0.0,0.0,4472.0,3.697178656945629e+19,6924.0,0.0,2.7184303811560617e+23,2.718425337124479e+23,-0.0,0.0,0.0,0.0,0.0,69,0.0,2.7184134476214628e+23,0.0,0.0,0.0,0.0,0.0,0.0,0.0,0,0,0,0.0,0.0,0.0,0.0,0.0,0.0,0.0,0.0,0.0,0.0,0.0,0.0,0.0,0.0,0.0,0.0,0,-107875648.0,69,0.0,138,0.0,-0.0,0,0,17087,13107,17104,52429,17083,0,0,0,70,68,100,-0.0,82.0,0.0,78.8,-0.0,79.0,1,49,50,180,26215,52429,0,0,0.0,0.0,0.0,0.0,-0.0,67.0,0.0,162057.094,0.0,982,0,1014,0,0,0,955,0,1040,0,939,0,793,0,785,0,823,0,7520,0.032,2.501839664996858e+20,0.0,0.0,784,16797,-0.0,162057.094,-114818.039,-0.0,0.133,6.909358625270745e+28,30.0,70.0,35,0.0,0.0,0.0,0.0,0.0,0.0,0.0,0.0,0.0,0.0,0.0,0.0,0.0,0.0,0.0,0.0,66.0,0,150,71,52,65476,0,300,0,0,8,20529,65476,0,0,44564,70.0,0.0,0.0,0.0,0.0,0.0
2026-09-10T21:10:13,ERR,ERR,ERR,ERR,ERR,ERR,ERR,ERR,ERR,ERR,ERR,ERR,ERR,ERR,ERR,ERR,ERR,ERR,ERR,ERR,ERR,ERR,ERR,ERR,ERR,ERR,ERR,ERR,ERR,ERR,ERR,ERR,ERR,ERR,ERR,ERR,ERR,ERR,ERR,ERR,ERR,ERR,ERR,ERR,ERR,ERR,ERR,ERR,ERR,ERR,ERR,ERR,ERR,ERR,ERR,ERR,ERR,ERR,ERR,ERR,ERR,ERR,ERR,ERR,ERR,ERR,ERR,ERR,ERR,ERR,ERR,ERR,ERR,ERR,ERR,ERR,ERR,ERR,ERR,ERR,ERR,ERR,ERR,ERR,ERR,ERR,ERR,ERR,ERR,ERR,ERR,ERR,ERR,ERR,ERR,ERR,ERR,ERR,ERR,ERR,ERR,ERR,ERR,ERR,ERR,ERR,ERR,ERR,ERR,ERR,ERR,ERR,ERR,ERR,ERR,ERR,ERR,ERR,ERR,ERR,ERR,ERR,ERR,ERR,ERR,0.0,2.7184303811560617e+23,-100794720.0,0.0,0.0,1.3936040501711995e+18,7.805,0.0,0,0,4,0,7116,0.0,100,0.0,0.0,0.0,0.0,0.0,0,0,0,0,0.0,0,0,0,0,0,0,0,0,0,0,0,0,0,0,0,0,0,0,0,0,0,0,0,0,0,0,0,0,0,0,0,0,0,31,40,40,71,65476,0,300,0,0,8,21553,0.0,-107605600.0,0.0,0.0,0.0,0.0,0.0,0.0,0.0,0.0,0.0,0.0,0.0,0.0,0.0,0.0,0.0,0.0,0.0,0.0,0.0,0.0,-2.004,-0.0,-2.004,-2.004,0.0,0.0,0.0,0.0,4472.0,3.697178656945629e+19,6924.0,0.0,2.7184303811560617e+23,2.718425337124479e+23,-0.0,0.0,0.0,0.0,0.0,69,0.0,2.7184134476214628e+23,0.0,0.0,0.0,0.0,0.0,0.0,0.0,0,0,0,0.0,0.0,0.0,0.0,0.0,0.0,0.0,0.0,0.0,0.0,0.0,0.0,0.0,0.0,0.0,0.0,0,-107875648.0,69,0.0,138,0.0,-0.0,0,0,17087,13107,17104,52429,17083,0,0,0,70,68,100,-0.0,82.0,0.0,78.8,-0.0,79.0,1,49,50,180,26215,52429,0,0,0.0,0.0,0.0,0.0,-0.0,67.0,0.0,162057.094,0.0,982,0,1014,0,0,0,955,0,1040,0,939,0,793,0,785,0,823,0,7520,0.032,2.501839664996858e+20,0.0,0.0,784,16797,-0.0,162057.094,-114818.039,-0.0,0.133,6.909358625270745e+28,30.0,70.0,35,0.0,0.0,0.0,0.0,0.0,0.0,0.0,0.0,0.0,0.0,0.0,0.0,0.0,0.0,0.0,0.0,66.0,0,150,71,52,65476,0,300,0,0,8,20529,65476,0,0,44564,70.0,0.0,0.0,0.0,0.0,0.0
2026-09-10T21:10:14,ERR,ERR,ERR,ERR,ERR,ERR,ERR,ERR,ERR,ERR,ERR,ERR,ERR,ERR,ERR,ERR,ERR,ERR,ERR,ERR,ERR,ERR,ERR,ERR,ERR,ERR,ERR,ERR,ERR,ERR,ERR,ERR,ERR,ERR,ERR,ERR,ERR,ERR,ERR,ERR,ERR,ERR,ERR,ERR,ERR,ERR,ERR,ERR,ERR,ERR,ERR,ERR,ERR,ERR,ERR,ERR,ERR,ERR,ERR,ERR,ERR,ERR,ERR,ERR,ERR,ERR,ERR,ERR,ERR,ERR,ERR,ERR,ERR,ERR,ERR,ERR,ERR,ERR,ERR,ERR,ERR,ERR,ERR,ERR,ERR,ERR,ERR,ERR,ERR,ERR,ERR,ERR,ERR,ERR,ERR,ERR,ERR,ERR,ERR,ERR,ERR,ERR,ERR,ERR,ERR,ERR,ERR,ERR,ERR,ERR,ERR,ERR,ERR,ERR,ERR,ERR,ERR,ERR,ERR,ERR,ERR,ERR,ERR,ERR,ERR,0.0,2.7184303811560617e+23,-100794720.0,0.0,0.0,1.3936040501711995e+18,7.805,0.0,0,0,4,0,7116,0.0,100,0.0,0.0,0.0,0.0,0.0,0,0,0,0,0.0,0,0,0,0,0,0,0,0,0,0,0,0,0,0,0,0,0,0,0,0,0,0,0,0,0,0,0,0,0,0,0,0,0,31,40,40,71,65476,0,300,0,0,8,21553,0.0,-107605600.0,0.0,0.0,0.0,0.0,0.0,0.0,0.0,0.0,0.0,0.0,0.0,0.0,0.0,0.0,0.0,0.0,0.0,0.0,0.0,0.0,-2.004,-0.0,-2.004,-2.004,0.0,0.0,0.0,0.0,4472.0,3.697178656945629e+19,6924.0,0.0,2.7184303811560617e+23,2.718425337124479e+23,-0.0,0.0,0.0,0.0,0.0,69,0.0,2.7184134476214628e+23,0.0,0.0,0.0,0.0,0.0,0.0,0.0,0,0,0,0.0,0.0,0.0,0.0,0.0,0.0,0.0,0.0,0.0,0.0,0.0,0.0,0.0,0.0,0.0,0.0,0,-107875648.0,69,0.0,138,0.0,-0.0,0,0,17087,13107,17104,52429,17083,0,0,0,70,68,100,-0.0,82.0,0.0,78.8,-0.0,79.0,1,49,50,180,26215,52429,0,0,0.0,0.0,0.0,0.0,-0.0,67.0,0.0,162057.094,0.0,982,0,1014,0,0,0,955,0,1040,0,939,0,793,0,785,0,823,0,7520,0.032,2.501839664996858e+20,0.0,0.0,784,16797,-0.0,162057.094,-114818.039,-0.0,0.133,6.909358625270745e+28,30.0,70.0,35,0.0,0.0,0.0,0.0,0.0,0.0,0.0,0.0,0.0,0.0,0.0,0.0,0.0,0.0,0.0,0.0,66.0,0,150,71,52,65476,0,300,0,0,8,20529,65476,0,0,44564,70.0,0.0,0.0,0.0,0.0,0.0
2026-09-10T21:10:15,ERR,ERR,ERR,ERR,ERR,ERR,ERR,ERR,ERR,ERR,ERR,ERR,ERR,ERR,ERR,ERR,ERR,ERR,ERR,ERR,ERR,ERR,ERR,ERR,ERR,ERR,ERR,ERR,ERR,ERR,ERR,ERR,ERR,ERR,ERR,ERR,ERR,ERR,ERR,ERR,ERR,ERR,ERR,ERR,ERR,ERR,ERR,ERR,ERR,ERR,ERR,ERR,ERR,ERR,ERR,ERR,ERR,ERR,ERR,ERR,ERR,ERR,ERR,ERR,ERR,ERR,ERR,ERR,ERR,ERR,ERR,ERR,ERR,ERR,ERR,ERR,ERR,ERR,ERR,ERR,ERR,ERR,ERR,ERR,ERR,ERR,ERR,ERR,ERR,ERR,ERR,ERR,ERR,ERR,ERR,ERR,ERR,ERR,ERR,ERR,ERR,ERR,ERR,ERR,ERR,ERR,ERR,ERR,ERR,ERR,ERR,ERR,ERR,ERR,ERR,ERR,ERR,ERR,ERR,ERR,ERR,ERR,ERR,ERR,ERR,0.0,2.7184303811560617e+23,-100794720.0,0.0,0.0,1.3936040501711995e+18,7.805,0.0,0,0,4,0,7116,0.0,100,0.0,0.0,0.0,0.0,0.0,0,0,0,0,0.0,0,0,0,0,0,0,0,0,0,0,0,0,0,0,0,0,0,0,0,0,0,0,0,0,0,0,0,0,0,0,0,0,0,31,40,40,71,65476,0,300,0,0,8,21553,0.0,-107605600.0,0.0,0.0,0.0,0.0,0.0,0.0,0.0,0.0,0.0,0.0,0.0,0.0,0.0,0.0,0.0,0.0,0.0,0.0,0.0,0.0,-2.004,-0.0,-2.004,-2.004,0.0,0.0,0.0,0.0,4472.0,3.697178656945629e+19,6924.0,0.0,2.7184303811560617e+23,2.718425337124479e+23,-0.0,0.0,0.0,0.0,0.0,69,0.0,2.7184134476214628e+23,0.0,0.0,0.0,0.0,0.0,0.0,0.0,0,0,0,0.0,0.0,0.0,0.0,0.0,0.0,0.0,0.0,0.0,0.0,0.0,0.0,0.0,0.0,0.0,0.0,0,-107875648.0,69,0.0,138,0.0,-0.0,0,0,17087,13107,17104,52429,17083,0,0,0,70,68,100,-0.0,82.0,0.0,78.8,-0.0,79.0,1,49,50,180,26215,52429,0,0,0.0,0.0,0.0,0.0,-0.0,67.0,0.0,162057.094,0.0,982,0,1014,0,0,0,955,0,1040,0,939,0,793,0,785,0,823,0,7520,0.032,2.501839664996858e+20,0.0,0.0,784,16797,-0.0,162057.094,-114818.039,-0.0,0.133,6.909358625270745e+28,30.0,70.0,35,0.0,0.0,0.0,0.0,0.0,0.0,0.0,0.0,0.0,0.0,0.0,0.0,0.0,0.0,0.0,0.0,66.0,0,150,71,52,65476,0,300,0,0,8,20529,65476,0,0,44564,70.0,0.0,0.0,0.0,0.0,0.0
2026-09-10T21:10:16,ERR,ERR,ERR,ERR,ERR,ERR,ERR,ERR,ERR,ERR,ERR,ERR,ERR,ERR,ERR,ERR,ERR,ERR,ERR,ERR,ERR,ERR,ERR,ERR,ERR,ERR,ERR,ERR,ERR,ERR,ERR,ERR,ERR,ERR,ERR,ERR,ERR,ERR,ERR,ERR,ERR,ERR,ERR,ERR,ERR,ERR,ERR,ERR,ERR,ERR,ERR,ERR,ERR,ERR,ERR,ERR,ERR,ERR,ERR,ERR,ERR,ERR,ERR,ERR,ERR,ERR,ERR,ERR,ERR,ERR,ERR,ERR,ERR,ERR,ERR,ERR,ERR,ERR,ERR,ERR,ERR,ERR,ERR,ERR,ERR,ERR,ERR,ERR,ERR,ERR,ERR,ERR,ERR,ERR,ERR,ERR,ERR,ERR,ERR,ERR,ERR,ERR,ERR,ERR,ERR,ERR,ERR,ERR,ERR,ERR,ERR,ERR,ERR,ERR,ERR,ERR,ERR,ERR,ERR,ERR,ERR,ERR,ERR,ERR,ERR,0.0,2.7184303811560617e+23,-100794720.0,0.0,0.0,1.3936040501711995e+18,7.805,0.0,0,0,4,0,7116,0.0,100,0.0,0.0,0.0,0.0,0.0,0,0,0,0,0.0,0,0,0,0,0,0,0,0,0,0,0,0,0,0,0,0,0,0,0,0,0,0,0,0,0,0,0,0,0,0,0,0,0,31,40,40,71,65476,0,300,0,0,8,21553,0.0,-107605600.0,0.0,0.0,0.0,0.0,0.0,0.0,0.0,0.0,0.0,0.0,0.0,0.0,0.0,0.0,0.0,0.0,0.0,0.0,0.0,0.0,-2.004,-0.0,-2.004,-2.004,0.0,0.0,0.0,0.0,4473.0,8608164864.0,6922.0,0.0,2.7184303811560617e+23,2.718425337124479e+23,-0.0,0.0,0.0,0.0,0.0,69,0.0,89220.391,0.0,0.0,0.0,0.0,0.0,0.0,0.0,0,0,0,0.0,0.0,0.0,0.0,0.0,0.0,0.0,0.0,0.0,0.0,0.0,0.0,0.0,0.0,0.0,0.0,0,-107875648.0,69,0.0,138,0.0,-0.0,0,0,17087,13107,17104,52429,17083,0,0,0,70,68,100,-0.0,82.0,0.0,78.8,-0.0,79.0,1,49,50,180,26215,52429,0,0,0.0,0.0,0.0,0.0,-0.0,67.0,0.0,162057.094,0.0,982,0,1014,0,0,0,955,0,1040,0,939,0,793,0,785,0,823,0,7520,0.032,2.501839664996858e+20,0.0,0.0,784,16797,-0.0,162057.094,-114818.039,-0.0,0.133,6.909358625270745e+28,30.0,70.0,35,0.0,0.0,0.0,0.0,0.0,0.0,0.0,0.0,0.0,0.0,0.0,0.0,0.0,0.0,0.0,0.0,66.0,0,150,71,52,65476,0,300,0,0,8,20529,65476,0,0,44564,70.0,0.0,0.0,0.0,0.0,0.0
2026-09-10T21:10:17,ERR,ERR,ERR,ERR,ERR,ERR,ERR,ERR,ERR,ERR,ERR,ERR,ERR,ERR,ERR,ERR,ERR,ERR,ERR,ERR,ERR,ERR,ERR,ERR,ERR,ERR,ERR,ERR,ERR,ERR,ERR,ERR,ERR,ERR,ERR,ERR,ERR,ERR,ERR,ERR,ERR,ERR,ERR,ERR,ERR,ERR,ERR,ERR,ERR,ERR,ERR,ERR,ERR,ERR,ERR,ERR,ERR,ERR,ERR,ERR,ERR,ERR,ERR,ERR,ERR,ERR,ERR,ERR,ERR,ERR,ERR,ERR,ERR,ERR,ERR,ERR,ERR,ERR,ERR,ERR,ERR,ERR,ERR,ERR,ERR,ERR,ERR,ERR,ERR,ERR,ERR,ERR,ERR,ERR,ERR,ERR,ERR,ERR,ERR,ERR,ERR,ERR,ERR,ERR,ERR,ERR,ERR,ERR,ERR,ERR,ERR,ERR,ERR,ERR,ERR,ERR,ERR,ERR,ERR,ERR,ERR,ERR,ERR,ERR,ERR,0.0,2.7184303811560617e+23,-100794720.0,0.0,0.0,1.3936040501711995e+18,7.805,0.0,0,0,4,0,7116,0.0,100,0.0,0.0,0.0,0.0,0.0,0,0,0,0,0.0,0,0,0,0,0,0,0,0,0,0,0,0,0,0,0,0,0,0,0,0,0,0,0,0,0,0,0,0,0,0,0,0,0,31,40,40,71,65476,0,300,0,0,8,21553,0.0,-107605600.0,0.0,0.0,0.0,0.0,0.0,0.0,0.0,0.0,0.0,0.0,0.0,0.0,0.0,0.0,0.0,0.0,0.0,0.0,0.0,0.0,-2.004,-0.0,-2.004,-2.004,0.0,0.0,0.0,0.0,4473.0,8608164864.0,6922.0,0.0,2.7184303811560617e+23,2.718425337124479e+23,-0.0,0.0,0.0,0.0,0.0,69,0.0,89220.391,0.0,0.0,0.0,0.0,0.0,0.0,0.0,0,0,0,0.0,0.0,0.0,0.0,0.0,0.0,0.0,0.0,0.0,0.0,0.0,0.0,0.0,0.0,0.0,0.0,0,-107875648.0,69,0.0,138,0.0,-0.0,0,0,17087,13107,17104,52429,17083,0,0,0,70,68,100,-0.0,82.0,0.0,78.8,-0.0,79.0,1,49,50,180,26215,52429,0,0,0.0,0.0,0.0,0.0,-0.0,67.0,0.0,162057.094,0.0,982,0,1014,0,0,0,955,0,1040,0,939,0,793,0,785,0,823,0,7520,0.032,2.501839664996858e+20,0.0,0.0,784,16797,-0.0,162057.094,-114818.039,-0.0,0.133,6.909358625270745e+28,30.0,70.0,35,0.0,0.0,0.0,0.0,0.0,0.0,0.0,0.0,0.0,0.0,0.0,0.0,0.0,0.0,0.0,0.0,66.0,0,150,71,52,65476,0,300,0,0,8,20529,65476,0,0,44564,70.0,0.0,0.0,0.0,0.0,0.0
2026-09-10T21:10:18,ERR,ERR,ERR,ERR,ERR,ERR,ERR,ERR,ERR,ERR,ERR,ERR,ERR,ERR,ERR,ERR,ERR,ERR,ERR,ERR,ERR,ERR,ERR,ERR,ERR,ERR,ERR,ERR,ERR,ERR,ERR,ERR,ERR,ERR,ERR,ERR,ERR,ERR,ERR,ERR,ERR,ERR,ERR,ERR,ERR,ERR,ERR,ERR,ERR,ERR,ERR,ERR,ERR,ERR,ERR,ERR,ERR,ERR,ERR,ERR,ERR,ERR,ERR,ERR,ERR,ERR,ERR,ERR,ERR,ERR,ERR,ERR,ERR,ERR,ERR,ERR,ERR,ERR,ERR,ERR,ERR,ERR,ERR,ERR,ERR,ERR,ERR,ERR,ERR,ERR,ERR,ERR,ERR,ERR,ERR,ERR,ERR,ERR,ERR,ERR,ERR,ERR,ERR,ERR,ERR,ERR,ERR,ERR,ERR,ERR,ERR,ERR,ERR,ERR,ERR,ERR,ERR,ERR,ERR,ERR,ERR,ERR,ERR,ERR,ERR,0.0,2.7184303811560617e+23,-100794720.0,0.0,0.0,1.3936040501711995e+18,7.805,0.0,0,0,4,0,7116,0.0,100,0.0,0.0,0.0,0.0,0.0,0,0,0,0,0.0,0,0,0,0,0,0,0,0,0,0,0,0,0,0,0,0,0,0,0,0,0,0,0,0,0,0,0,0,0,0,0,0,0,31,40,40,71,65476,0,300,0,0,8,21553,0.0,-107605600.0,0.0,0.0,0.0,0.0,0.0,0.0,0.0,0.0,0.0,0.0,0.0,0.0,0.0,0.0,0.0,0.0,0.0,0.0,0.0,0.0,-2.004,-0.0,-2.004,-2.004,0.0,0.0,0.0,0.0,4473.0,8608164864.0,6922.0,0.0,2.7184303811560617e+23,2.718425337124479e+23,-0.0,0.0,0.0,0.0,0.0,69,0.0,89220.391,0.0,0.0,0.0,0.0,0.0,0.0,0.0,0,0,0,0.0,0.0,0.0,0.0,0.0,0.0,0.0,0.0,0.0,0.0,0.0,0.0,0.0,0.0,0.0,0.0,0,-107875648.0,69,0.0,138,0.0,-0.0,0,0,17087,0,17104,52429,17083,0,0,0,70,68,100,-0.0,82.0,0.0,78.8,-0.0,79.0,1,49,50,180,26215,52429,0,0,0.0,0.0,0.0,0.0,-0.0,67.0,0.0,162057.094,0.0,982,0,1014,0,0,0,955,0,1040,0,939,0,793,0,785,0,823,0,7520,0.032,2.5133688800429264e+20,0.0,0.0,784,16797,-0.0,162057.094,-114818.039,-0.0,0.133,6.909358625270745e+28,30.0,70.0,35,0.0,0.0,0.0,0.0,0.0,0.0,0.0,0.0,0.0,0.0,0.0,0.0,0.0,0.0,0.0,0.0,66.4,0,150,71,52,65476,0,300,0,0,8,20529,65476,0,0,44564,70.0,0.0,0.0,0.0,0.0,0.0
2026-09-10T21:10:19,ERR,ERR,ERR,ERR,ERR,ERR,ERR,ERR,ERR,ERR,ERR,ERR,ERR,ERR,ERR,ERR,ERR,ERR,ERR,ERR,ERR,ERR,ERR,ERR,ERR,ERR,ERR,ERR,ERR,ERR,ERR,ERR,ERR,ERR,ERR,ERR,ERR,ERR,ERR,ERR,ERR,ERR,ERR,ERR,ERR,ERR,ERR,ERR,ERR,ERR,ERR,ERR,ERR,ERR,ERR,ERR,ERR,ERR,ERR,ERR,ERR,ERR,ERR,ERR,ERR,ERR,ERR,ERR,ERR,ERR,ERR,ERR,ERR,ERR,ERR,ERR,ERR,ERR,ERR,ERR,ERR,ERR,ERR,ERR,ERR,ERR,ERR,ERR,ERR,ERR,ERR,ERR,ERR,ERR,ERR,ERR,ERR,ERR,ERR,ERR,ERR,ERR,ERR,ERR,ERR,ERR,ERR,ERR,ERR,ERR,ERR,ERR,ERR,ERR,ERR,ERR,ERR,ERR,ERR,ERR,ERR,ERR,ERR,ERR,ERR,0.0,2.7184303811560617e+23,-100794720.0,0.0,0.0,1.3936040501711995e+18,7.805,0.0,0,0,4,0,7116,0.0,100,0.0,0.0,0.0,0.0,0.0,0,0,0,0,0.0,0,0,0,0,0,0,0,0,0,0,0,0,0,0,0,0,0,0,0,0,0,0,0,0,0,0,0,0,0,0,0,0,0,31,40,40,71,65476,0,300,0,0,8,21553,0.0,-107605600.0,0.0,0.0,0.0,0.0,0.0,0.0,0.0,0.0,0.0,0.0,0.0,0.0,0.0,0.0,0.0,0.0,0.0,0.0,0.0,0.0,-2.004,-0.0,-2.004,-2.004,0.0,0.0,0.0,0.0,4473.0,8608164864.0,6922.0,0.0,2.7184303811560617e+23,2.718425337124479e+23,-0.0,0.0,0.0,0.0,0.0,69,0.0,89220.391,0.0,0.0,0.0,0.0,0.0,0.0,0.0,0,0,0,0.0,0.0,0.0,0.0,0.0,0.0,0.0,0.0,0.0,0.0,0.0,0.0,0.0,0.0,0.0,0.0,0,-107875648.0,69,0.0,138,0.0,-0.0,0,0,17087,0,17104,52429,17083,0,0,0,70,68,100,-0.0,82.0,0.0,78.8,-0.0,79.0,1,49,50,180,26215,52429,0,0,0.0,0.0,0.0,0.0,-0.0,67.0,0.0,162057.094,0.0,982,0,1014,0,0,0,955,0,1040,0,939,0,793,0,785,0,823,0,7520,0.032,2.5133688800429264e+20,0.0,0.0,784,16797,-0.0,162057.094,-114818.039,-0.0,0.133,6.909358625270745e+28,30.0,70.0,35,0.0,0.0,0.0,0.0,0.0,0.0,0.0,0.0,0.0,0.0,0.0,0.0,0.0,0.0,0.0,0.0,66.4,0,150,71,52,65476,0,300,0,0,8,20529,65476,0,0,44564,70.0,0.0,0.0,0.0,0.0,0.0
2026-09-10T21:10:20,ERR,ERR,ERR,ERR,ERR,ERR,ERR,ERR,ERR,ERR,ERR,ERR,ERR,ERR,ERR,ERR,ERR,ERR,ERR,ERR,ERR,ERR,ERR,ERR,ERR,ERR,ERR,ERR,ERR,ERR,ERR,ERR,ERR,ERR,ERR,ERR,ERR,ERR,ERR,ERR,ERR,ERR,ERR,ERR,ERR,ERR,ERR,ERR,ERR,ERR,ERR,ERR,ERR,ERR,ERR,ERR,ERR,ERR,ERR,ERR,ERR,ERR,ERR,ERR,ERR,ERR,ERR,ERR,ERR,ERR,ERR,ERR,ERR,ERR,ERR,ERR,ERR,ERR,ERR,ERR,ERR,ERR,ERR,ERR,ERR,ERR,ERR,ERR,ERR,ERR,ERR,ERR,ERR,ERR,ERR,ERR,ERR,ERR,ERR,ERR,ERR,ERR,ERR,ERR,ERR,ERR,ERR,ERR,ERR,ERR,ERR,ERR,ERR,ERR,ERR,ERR,ERR,ERR,ERR,ERR,ERR,ERR,ERR,ERR,ERR,0.0,2.7184303811560617e+23,-100794720.0,0.0,0.0,1.3936040501711995e+18,7.805,0.0,0,0,4,0,7116,0.0,100,0.0,0.0,0.0,0.0,0.0,0,0,0,0,0.0,0,0,0,0,0,0,0,0,0,0,0,0,0,0,0,0,0,0,0,0,0,0,0,0,0,0,0,0,0,0,0,0,0,31,40,40,71,65476,0,300,0,0,8,21553,0.0,-107605600.0,0.0,0.0,0.0,0.0,0.0,0.0,0.0,0.0,0.0,0.0,0.0,0.0,0.0,0.0,0.0,0.0,0.0,0.0,0.0,0.0,-2.004,-0.0,-2.004,-2.004,0.0,0.0,0.0,0.0,4473.0,8608164864.0,6922.0,0.0,2.7184303811560617e+23,2.718425337124479e+23,-0.0,0.0,0.0,0.0,0.0,69,0.0,89220.391,0.0,0.0,0.0,0.0,0.0,0.0,0.0,0,0,0,0.0,0.0,0.0,0.0,0.0,0.0,0.0,0.0,0.0,0.0,0.0,0.0,0.0,0.0,0.0,0.0,0,-107875648.0,69,0.0,138,0.0,-0.0,0,0,17087,0,17104,52429,17083,0,0,0,70,68,100,-0.0,82.0,0.0,78.8,-0.0,79.0,1,49,50,180,26215,52429,0,0,0.0,0.0,0.0,0.0,-0.0,67.0,0.0,162057.094,0.0,982,0,1014,0,0,0,955,0,1040,0,939,0,793,0,785,0,823,0,7520,0.032,2.5133688800429264e+20,0.0,0.0,784,16797,-0.0,162057.094,-114818.039,-0.0,0.133,6.909358625270745e+28,30.0,70.0,35,0.0,0.0,0.0,0.0,0.0,0.0,0.0,0.0,0.0,0.0,0.0,0.0,0.0,0.0,0.0,0.0,66.0,0,150,71,52,65476,0,300,0,0,8,20529,65476,0,0,44564,70.0,0.0,0.0,0.0,0.0,0.0
2026-09-10T21:10:21,ERR,ERR,ERR,ERR,ERR,ERR,ERR,ERR,ERR,ERR,ERR,ERR,ERR,ERR,ERR,ERR,ERR,ERR,ERR,ERR,ERR,ERR,ERR,ERR,ERR,ERR,ERR,ERR,ERR,ERR,ERR,ERR,ERR,ERR,ERR,ERR,ERR,ERR,ERR,ERR,ERR,ERR,ERR,ERR,ERR,ERR,ERR,ERR,ERR,ERR,ERR,ERR,ERR,ERR,ERR,ERR,ERR,ERR,ERR,ERR,ERR,ERR,ERR,ERR,ERR,ERR,ERR,ERR,ERR,ERR,ERR,ERR,ERR,ERR,ERR,ERR,ERR,ERR,ERR,ERR,ERR,ERR,ERR,ERR,ERR,ERR,ERR,ERR,ERR,ERR,ERR,ERR,ERR,ERR,ERR,ERR,ERR,ERR,ERR,ERR,ERR,ERR,ERR,ERR,ERR,ERR,ERR,ERR,ERR,ERR,ERR,ERR,ERR,ERR,ERR,ERR,ERR,ERR,ERR,ERR,ERR,ERR,ERR,ERR,ERR,0.0,2.7184303811560617e+23,-100794720.0,0.0,0.0,1.3936040501711995e+18,7.805,0.0,0,0,4,0,7116,0.0,100,0.0,0.0,0.0,0.0,0.0,0,0,0,0,0.0,0,0,0,0,0,0,0,0,0,0,0,0,0,0,0,0,0,0,0,0,0,0,0,0,0,0,0,0,0,0,0,0,0,31,40,40,71,65476,0,300,0,0,8,21553,0.0,-107605600.0,0.0,0.0,0.0,0.0,0.0,0.0,0.0,0.0,0.0,0.0,0.0,0.0,0.0,0.0,0.0,0.0,0.0,0.0,0.0,0.0,-2.004,-0.0,-2.004,-2.004,0.0,0.0,0.0,0.0,4473.0,8608164864.0,6922.0,0.0,2.7184303811560617e+23,2.718425337124479e+23,-0.0,0.0,0.0,0.0,0.0,69,0.0,89220.391,0.0,0.0,0.0,0.0,0.0,0.0,0.0,0,0,0,0.0,0.0,0.0,0.0,0.0,0.0,0.0,0.0,0.0,0.0,0.0,0.0,0.0,0.0,0.0,0.0,0,-107875648.0,69,0.0,138,0.0,-0.0,0,0,17087,0,17104,52429,17083,0,0,0,70,68,100,-0.0,82.0,0.0,78.8,-0.0,79.0,1,49,50,180,26215,52429,0,0,0.0,0.0,0.0,0.0,-0.0,67.0,0.0,162057.094,0.0,982,0,1014,0,0,0,955,0,1040,0,939,0,793,0,785,0,823,0,7520,0.032,2.5133688800429264e+20,0.0,0.0,784,16797,-0.0,162057.094,-114818.039,-0.0,0.133,6.909358625270745e+28,30.0,70.0,35,0.0,0.0,0.0,0.0,0.0,0.0,0.0,0.0,0.0,0.0,0.0,0.0,0.0,0.0,0.0,0.0,66.0,0,150,71,52,65476,0,300,0,0,8,20529,65476,0,0,44564,70.0,0.0,0.0,0.0,0.0,0.0
2026-09-10T21:10:22,ERR,ERR,ERR,ERR,ERR,ERR,ERR,ERR,ERR,ERR,ERR,ERR,ERR,ERR,ERR,ERR,ERR,ERR,ERR,ERR,ERR,ERR,ERR,ERR,ERR,ERR,ERR,ERR,ERR,ERR,ERR,ERR,ERR,ERR,ERR,ERR,ERR,ERR,ERR,ERR,ERR,ERR,ERR,ERR,ERR,ERR,ERR,ERR,ERR,ERR,ERR,ERR,ERR,ERR,ERR,ERR,ERR,ERR,ERR,ERR,ERR,ERR,ERR,ERR,ERR,ERR,ERR,ERR,ERR,ERR,ERR,ERR,ERR,ERR,ERR,ERR,ERR,ERR,ERR,ERR,ERR,ERR,ERR,ERR,ERR,ERR,ERR,ERR,ERR,ERR,ERR,ERR,ERR,ERR,ERR,ERR,ERR,ERR,ERR,ERR,ERR,ERR,ERR,ERR,ERR,ERR,ERR,ERR,ERR,ERR,ERR,ERR,ERR,ERR,ERR,ERR,ERR,ERR,ERR,ERR,ERR,ERR,ERR,ERR,ERR,0.0,2.7184303811560617e+23,-100794720.0,0.0,0.0,1.3936040501711995e+18,7.805,0.0,0,0,4,0,7116,0.0,100,0.0,0.0,0.0,0.0,0.0,0,0,0,0,0.0,0,0,0,0,0,0,0,0,0,0,0,0,0,0,0,0,0,0,0,0,0,0,0,0,0,0,0,0,0,0,0,0,0,31,40,40,71,65476,0,300,0,0,8,21553,0.0,-107605600.0,0.0,0.0,0.0,0.0,0.0,0.0,0.0,0.0,0.0,0.0,0.0,0.0,0.0,0.0,0.0,0.0,0.0,0.0,0.0,0.0,-2.004,-0.0,-2.004,0.0,0.0,0.0,0.0,0.0,4466.0,1.587926141905068e+29,6926.0,0.0,2.7184303811560617e+23,2.718425337124479e+23,-107615296.0,0.0,0.0,0.0,0.0,69,-3.222030068424997e+26,5.848046968061515e+35,0.0,0.0,0.0,0.0,0.0,0.0,0.0,0,0,0,0.0,0.0,0.0,0.0,0.0,0.0,0.0,0.0,0.0,0.0,0.0,0.0,0.0,0.0,0.0,0.0,0,-107875648.0,69,0.0,138,0.0,0.0,0,0,17087,0,17104,52429,17083,0,0,0,70,68,100,-0.0,82.0,0.0,78.8,-0.0,79.0,1,49,50,180,26215,52429,0,0,0.0,0.0,0.0,0.0,-0.0,67.0,0.0,162057.094,0.0,982,0,1014,0,0,0,955,0,1040,0,939,0,793,0,785,0,823,0,7520,0.032,2.524898095088995e+20,0.0,0.0,784,16797,-0.0,162057.094,-114818.039,-0.0,0.133,6.909358625270745e+28,30.0,70.0,35,0.0,0.0,0.0,0.0,0.0,0.0,0.0,0.0,0.0,0.0,0.0,0.0,0.0,0.0,0.0,0.0,66.4,0,150,71,52,65476,0,300,0,0,8,20529,65476,0,0,44564,70.0,0.0,0.0,0.0,0.0,0.0
2026-09-10T21:10:23,ERR,ERR,ERR,ERR,ERR,ERR,ERR,ERR,ERR,ERR,ERR,ERR,ERR,ERR,ERR,ERR,ERR,ERR,ERR,ERR,ERR,ERR,ERR,ERR,ERR,ERR,ERR,ERR,ERR,ERR,ERR,ERR,ERR,ERR,ERR,ERR,ERR,ERR,ERR,ERR,ERR,ERR,ERR,ERR,ERR,ERR,ERR,ERR,ERR,ERR,ERR,ERR,ERR,ERR,ERR,ERR,ERR,ERR,ERR,ERR,ERR,ERR,ERR,ERR,ERR,ERR,ERR,ERR,ERR,ERR,ERR,ERR,ERR,ERR,ERR,ERR,ERR,ERR,ERR,ERR,ERR,ERR,ERR,ERR,ERR,ERR,ERR,ERR,ERR,ERR,ERR,ERR,ERR,ERR,ERR,ERR,ERR,ERR,ERR,ERR,ERR,ERR,ERR,ERR,ERR,ERR,ERR,ERR,ERR,ERR,ERR,ERR,ERR,ERR,ERR,ERR,ERR,ERR,ERR,ERR,ERR,ERR,ERR,ERR,ERR,0.0,2.7184303811560617e+23,-100794720.0,0.0,0.0,1.3936040501711995e+18,7.805,0.0,0,0,4,0,7116,0.0,100,0.0,0.0,0.0,0.0,0.0,0,0,0,0,0.0,0,0,0,0,0,0,0,0,0,0,0,0,0,0,0,0,0,0,0,0,0,0,0,0,0,0,0,0,0,0,0,0,0,31,40,40,71,65476,0,300,0,0,8,21553,0.0,-107605600.0,0.0,0.0,0.0,0.0,0.0,0.0,0.0,0.0,0.0,0.0,0.0,0.0,0.0,0.0,0.0,0.0,0.0,0.0,0.0,0.0,-2.004,-0.0,-2.004,0.0,0.0,0.0,0.0,0.0,4466.0,1.587926141905068e+29,6926.0,0.0,2.7184303811560617e+23,2.718425337124479e+23,-107615296.0,0.0,0.0,0.0,0.0,69,-3.222030068424997e+26,5.848046968061515e+35,0.0,0.0,0.0,0.0,0.0,0.0,0.0,0,0,0,0.0,0.0,0.0,0.0,0.0,0.0,0.0,0.0,0.0,0.0,0.0,0.0,0.0,0.0,0.0,0.0,0,-107875648.0,69,0.0,138,0.0,0.0,0,0,17087,0,17104,52429,17083,0,0,0,70,68,100,-0.0,82.0,0.0,78.8,-0.0,79.0,1,49,50,180,26215,52429,0,0,0.0,0.0,0.0,0.0,-0.0,67.0,0.0,162057.094,0.0,982,0,1014,0,0,0,955,0,1040,0,939,0,793,0,785,0,823,0,7520,0.032,2.524898095088995e+20,0.0,0.0,784,16797,-0.0,162057.094,-114818.039,-0.0,0.133,6.909358625270745e+28,30.0,70.0,35,0.0,0.0,0.0,0.0,0.0,0.0,0.0,0.0,0.0,0.0,0.0,0.0,0.0,0.0,0.0,0.0,66.4,0,150,71,52,65476,0,300,0,0,8,20529,65476,0,0,44564,70.0,0.0,0.0,0.0,0.0,0.0
2026-09-10T21:10:24,ERR,ERR,ERR,ERR,ERR,ERR,ERR,ERR,ERR,ERR,ERR,ERR,ERR,ERR,ERR,ERR,ERR,ERR,ERR,ERR,ERR,ERR,ERR,ERR,ERR,ERR,ERR,ERR,ERR,ERR,ERR,ERR,ERR,ERR,ERR,ERR,ERR,ERR,ERR,ERR,ERR,ERR,ERR,ERR,ERR,ERR,ERR,ERR,ERR,ERR,ERR,ERR,ERR,ERR,ERR,ERR,ERR,ERR,ERR,ERR,ERR,ERR,ERR,ERR,ERR,ERR,ERR,ERR,ERR,ERR,ERR,ERR,ERR,ERR,ERR,ERR,ERR,ERR,ERR,ERR,ERR,ERR,ERR,ERR,ERR,ERR,ERR,ERR,ERR,ERR,ERR,ERR,ERR,ERR,ERR,ERR,ERR,ERR,ERR,ERR,ERR,ERR,ERR,ERR,ERR,ERR,ERR,ERR,ERR,ERR,ERR,ERR,ERR,ERR,ERR,ERR,ERR,ERR,ERR,ERR,ERR,ERR,ERR,ERR,ERR,0.0,2.7184303811560617e+23,-100794720.0,0.0,0.0,1.3936040501711995e+18,7.805,0.0,0,0,4,0,7116,0.0,100,0.0,0.0,0.0,0.0,0.0,0,0,0,0,0.0,0,0,0,0,0,0,0,0,0,0,0,0,0,0,0,0,0,0,0,0,0,0,0,0,0,0,0,0,0,0,0,0,0,31,40,40,71,65476,0,300,0,0,8,21553,0.0,-107605600.0,0.0,0.0,0.0,0.0,0.0,0.0,0.0,0.0,0.0,0.0,0.0,0.0,0.0,0.0,0.0,0.0,0.0,0.0,0.0,0.0,-2.004,-0.0,-2.004,0.0,0.0,0.0,0.0,0.0,4466.0,1.587926141905068e+29,6926.0,0.0,2.7184303811560617e+23,2.718425337124479e+23,-107615296.0,0.0,0.0,0.0,0.0,69,-3.222030068424997e+26,5.848046968061515e+35,0.0,0.0,0.0,0.0,0.0,0.0,0.0,0,0,0,0.0,0.0,0.0,0.0,0.0,0.0,0.0,0.0,0.0,0.0,0.0,0.0,0.0,0.0,0.0,0.0,0,-107875648.0,69,0.0,138,0.0,0.0,0,0,17087,0,17104,52429,17083,0,0,0,70,68,100,-0.0,82.0,0.0,78.8,-0.0,79.0,1,49,50,180,26215,52429,0,0,0.0,0.0,0.0,0.0,-0.0,67.0,0.0,162057.094,0.0,982,0,1014,0,0,0,955,0,1040,0,939,0,793,0,785,0,823,0,7520,0.032,2.524898095088995e+20,0.0,0.0,784,16797,-0.0,162057.094,-114818.039,-0.0,0.133,6.909358625270745e+28,30.0,70.0,35,0.0,0.0,0.0,0.0,0.0,0.0,0.0,0.0,0.0,0.0,0.0,0.0,0.0,0.0,0.0,0.0,66.4,0,150,71,52,65476,0,300,0,0,8,20529,65476,0,0,44564,70.0,0.0,0.0,0.0,0.0,0.0
2026-09-10T21:10:25,ERR,ERR,ERR,ERR,ERR,ERR,ERR,ERR,ERR,ERR,ERR,ERR,ERR,ERR,ERR,ERR,ERR,ERR,ERR,ERR,ERR,ERR,ERR,ERR,ERR,ERR,ERR,ERR,ERR,ERR,ERR,ERR,ERR,ERR,ERR,ERR,ERR,ERR,ERR,ERR,ERR,ERR,ERR,ERR,ERR,ERR,ERR,ERR,ERR,ERR,ERR,ERR,ERR,ERR,ERR,ERR,ERR,ERR,ERR,ERR,ERR,ERR,ERR,ERR,ERR,ERR,ERR,ERR,ERR,ERR,ERR,ERR,ERR,ERR,ERR,ERR,ERR,ERR,ERR,ERR,ERR,ERR,ERR,ERR,ERR,ERR,ERR,ERR,ERR,ERR,ERR,ERR,ERR,ERR,ERR,ERR,ERR,ERR,ERR,ERR,ERR,ERR,ERR,ERR,ERR,ERR,ERR,ERR,ERR,ERR,ERR,ERR,ERR,ERR,ERR,ERR,ERR,ERR,ERR,ERR,ERR,ERR,ERR,ERR,ERR,0.0,2.7184303811560617e+23,-100794720.0,0.0,0.0,1.3936040501711995e+18,7.805,0.0,0,0,4,0,7116,0.0,100,0.0,0.0,0.0,0.0,0.0,0,0,0,0,0.0,0,0,0,0,0,0,0,0,0,0,0,0,0,0,0,0,0,0,0,0,0,0,0,0,0,0,0,0,0,0,0,0,0,31,40,40,71,65476,0,300,0,0,8,21553,0.0,-107605600.0,0.0,0.0,0.0,0.0,0.0,0.0,0.0,0.0,0.0,0.0,0.0,0.0,0.0,0.0,0.0,0.0,0.0,0.0,0.0,0.0,-2.004,-0.0,-2.004,0.0,0.0,0.0,0.0,0.0,4466.0,1.587926141905068e+29,6926.0,0.0,2.7184303811560617e+23,2.718425337124479e+23,-107615296.0,0.0,0.0,0.0,0.0,69,-3.222030068424997e+26,5.848046968061515e+35,0.0,0.0,0.0,0.0,0.0,0.0,0.0,0,0,0,0.0,0.0,0.0,0.0,0.0,0.0,0.0,0.0,0.0,0.0,0.0,0.0,0.0,0.0,0.0,0.0,0,-107875648.0,69,0.0,138,0.0,0.0,0,0,17087,0,17104,52429,17083,0,0,0,70,68,100,-0.0,82.0,0.0,78.8,-0.0,79.0,1,49,50,180,26215,52429,0,0,0.0,0.0,0.0,0.0,-0.0,67.0,0.0,162057.094,0.0,982,0,1014,0,0,0,955,0,1040,0,939,0,793,0,785,0,823,0,7520,0.032,2.524898095088995e+20,0.0,0.0,784,16797,-0.0,162057.094,-114818.039,-0.0,0.133,6.909358625270745e+28,30.0,70.0,35,0.0,0.0,0.0,0.0,0.0,0.0,0.0,0.0,0.0,0.0,0.0,0.0,0.0,0.0,0.0,0.0,66.0,0,150,71,52,65476,0,300,0,0,8,20529,65476,0,0,44564,70.0,0.0,0.0,0.0,0.0,0.0
2026-09-10T21:10:26,ERR,ERR,ERR,ERR,ERR,ERR,ERR,ERR,ERR,ERR,ERR,ERR,ERR,ERR,ERR,ERR,ERR,ERR,ERR,ERR,ERR,ERR,ERR,ERR,ERR,ERR,ERR,ERR,ERR,ERR,ERR,ERR,ERR,ERR,ERR,ERR,ERR,ERR,ERR,ERR,ERR,ERR,ERR,ERR,ERR,ERR,ERR,ERR,ERR,ERR,ERR,ERR,ERR,ERR,ERR,ERR,ERR,ERR,ERR,ERR,ERR,ERR,ERR,ERR,ERR,ERR,ERR,ERR,ERR,ERR,ERR,ERR,ERR,ERR,ERR,ERR,ERR,ERR,ERR,ERR,ERR,ERR,ERR,ERR,ERR,ERR,ERR,ERR,ERR,ERR,ERR,ERR,ERR,ERR,ERR,ERR,ERR,ERR,ERR,ERR,ERR,ERR,ERR,ERR,ERR,ERR,ERR,ERR,ERR,ERR,ERR,ERR,ERR,ERR,ERR,ERR,ERR,ERR,ERR,ERR,ERR,ERR,ERR,ERR,ERR,0.0,2.7184303811560617e+23,-100794720.0,0.0,0.0,1.3936040501711995e+18,7.805,0.0,0,0,4,0,7116,0.0,100,0.0,0.0,0.0,0.0,0.0,0,0,0,0,0.0,0,0,0,0,0,0,0,0,0,0,0,0,0,0,0,0,0,0,0,0,0,0,0,0,0,0,0,0,0,0,0,0,0,31,40,40,71,65476,0,300,0,0,8,21553,0.0,-107605600.0,0.0,0.0,0.0,0.0,0.0,0.0,0.0,0.0,0.0,0.0,0.0,0.0,0.0,0.0,0.0,0.0,0.0,0.0,0.0,0.0,-2.004,-0.0,-2.004,0.0,0.0,0.0,0.0,0.0,4466.0,1.587926141905068e+29,6926.0,0.0,2.7184303811560617e+23,2.718425337124479e+23,-107615296.0,0.0,0.0,0.0,0.0,69,-3.222030068424997e+26,5.848046968061515e+35,0.0,0.0,0.0,0.0,0.0,0.0,0.0,0,0,0,0.0,0.0,0.0,0.0,0.0,0.0,0.0,0.0,0.0,0.0,0.0,0.0,0.0,0.0,0.0,0.0,0,-107875648.0,69,0.0,138,0.0,0.0,0,0,17087,0,17104,52429,17083,0,0,0,70,68,100,-0.0,82.0,0.0,78.8,-0.0,79.0,1,49,50,180,26215,52429,0,0,0.0,0.0,0.0,0.0,-0.0,67.0,0.0,162057.094,0.0,982,0,1014,0,0,0,955,0,1040,0,939,0,793,0,785,0,823,0,7520,0.032,2.524898095088995e+20,0.0,0.0,784,16797,-0.0,162057.094,-114818.039,-0.0,0.133,6.909358625270745e+28,30.0,70.0,35,0.0,0.0,0.0,0.0,0.0,0.0,0.0,0.0,0.0,0.0,0.0,0.0,0.0,0.0,0.0,0.0,66.0,0,150,71,52,65476,0,300,0,0,8,20529,65476,0,0,44564,70.0,0.0,0.0,0.0,0.0,0.0
2026-09-10T21:10:27,ERR,ERR,ERR,ERR,ERR,ERR,ERR,ERR,ERR,ERR,ERR,ERR,ERR,ERR,ERR,ERR,ERR,ERR,ERR,ERR,ERR,ERR,ERR,ERR,ERR,ERR,ERR,ERR,ERR,ERR,ERR,ERR,ERR,ERR,ERR,ERR,ERR,ERR,ERR,ERR,ERR,ERR,ERR,ERR,ERR,ERR,ERR,ERR,ERR,ERR,ERR,ERR,ERR,ERR,ERR,ERR,ERR,ERR,ERR,ERR,ERR,ERR,ERR,ERR,ERR,ERR,ERR,ERR,ERR,ERR,ERR,ERR,ERR,ERR,ERR,ERR,ERR,ERR,ERR,ERR,ERR,ERR,ERR,ERR,ERR,ERR,ERR,ERR,ERR,ERR,ERR,ERR,ERR,ERR,ERR,ERR,ERR,ERR,ERR,ERR,ERR,ERR,ERR,ERR,ERR,ERR,ERR,ERR,ERR,ERR,ERR,ERR,ERR,ERR,ERR,ERR,ERR,ERR,ERR,ERR,ERR,ERR,ERR,ERR,ERR,0.0,2.7184303811560617e+23,-100794720.0,0.0,0.0,1.3936040501711995e+18,7.805,0.0,0,0,4,0,7116,0.0,100,0.0,0.0,0.0,0.0,0.0,0,0,0,0,0.0,0,0,0,0,0,0,0,0,0,0,0,0,0,0,0,0,0,0,0,0,0,0,0,0,0,0,0,0,0,0,0,0,0,31,40,40,71,65476,0,300,0,0,8,21553,0.0,-107605600.0,0.0,0.0,0.0,0.0,0.0,0.0,0.0,0.0,0.0,0.0,0.0,0.0,0.0,0.0,0.0,0.0,0.0,0.0,0.0,0.0,-2.004,-0.0,-2.004,0.0,0.0,0.0,0.0,0.0,4466.0,1.587926141905068e+29,6926.0,0.0,2.7184303811560617e+23,2.718425337124479e+23,-107615296.0,0.0,0.0,0.0,0.0,69,-3.222030068424997e+26,5.848046968061515e+35,0.0,0.0,0.0,0.0,0.0,0.0,0.0,0,0,0,0.0,0.0,0.0,0.0,0.0,0.0,0.0,0.0,0.0,0.0,0.0,0.0,0.0,0.0,0.0,0.0,0,-107875648.0,69,0.0,138,0.0,0.0,0,0,17087,0,17104,52429,17083,0,0,0,70,68,100,-0.0,82.0,0.0,78.8,-0.0,79.0,1,49,50,180,26215,52429,0,0,0.0,0.0,0.0,0.0,-0.0,67.0,0.0,162057.094,0.0,982,0,1014,0,0,0,955,0,1040,0,939,0,793,0,785,0,823,0,7520,0.032,2.524898095088995e+20,0.0,0.0,784,16797,-0.0,162057.094,-114818.039,-0.0,0.133,6.909358625270745e+28,30.0,70.0,35,0.0,0.0,0.0,0.0,0.0,0.0,0.0,0.0,0.0,0.0,0.0,0.0,0.0,0.0,0.0,0.0,66.0,0,150,71,52,65476,0,300,0,0,8,20529,65476,0,0,44564,70.0,0.0,0.0,0.0,0.0,0.0
2026-09-10T21:10:28,ERR,ERR,ERR,ERR,ERR,ERR,ERR,ERR,ERR,ERR,ERR,ERR,ERR,ERR,ERR,ERR,ERR,ERR,ERR,ERR,ERR,ERR,ERR,ERR,ERR,ERR,ERR,ERR,ERR,ERR,ERR,ERR,ERR,ERR,ERR,ERR,ERR,ERR,ERR,ERR,ERR,ERR,ERR,ERR,ERR,ERR,ERR,ERR,ERR,ERR,ERR,ERR,ERR,ERR,ERR,ERR,ERR,ERR,ERR,ERR,ERR,ERR,ERR,ERR,ERR,ERR,ERR,ERR,ERR,ERR,ERR,ERR,ERR,ERR,ERR,ERR,ERR,ERR,ERR,ERR,ERR,ERR,ERR,ERR,ERR,ERR,ERR,ERR,ERR,ERR,ERR,ERR,ERR,ERR,ERR,ERR,ERR,ERR,ERR,ERR,ERR,ERR,ERR,ERR,ERR,ERR,ERR,ERR,ERR,ERR,ERR,ERR,ERR,ERR,ERR,ERR,ERR,ERR,ERR,ERR,ERR,ERR,ERR,ERR,ERR,0.0,2.7184303811560617e+23,-100794720.0,0.0,0.0,1.3936040501711995e+18,7.805,0.0,0,0,4,0,7116,0.0,100,0.0,0.0,0.0,0.0,0.0,0,0,0,0,0.0,0,0,0,0,0,0,0,0,0,0,0,0,0,0,0,0,0,0,0,0,0,0,0,0,0,0,0,0,0,0,0,0,0,31,40,40,71,65476,0,300,0,0,8,21553,0.0,-107605600.0,0.0,0.0,0.0,0.0,0.0,0.0,0.0,0.0,0.0,0.0,0.0,0.0,0.0,0.0,0.0,0.0,0.0,0.0,0.0,0.0,-2.004,-0.0,-2.004,0.0,0.0,0.0,0.0,0.0,4466.0,1.587926141905068e+29,6926.0,0.0,2.7184303811560617e+23,2.718425337124479e+23,-107615296.0,0.0,0.0,0.0,0.0,69,-3.222030068424997e+26,5.848046968061515e+35,0.0,0.0,0.0,0.0,0.0,0.0,0.0,0,0,0,0.0,0.0,0.0,0.0,0.0,0.0,0.0,0.0,0.0,0.0,0.0,0.0,0.0,0.0,0.0,0.0,0,-107875648.0,69,0.0,138,0.0,0.0,0,0,17087,0,17104,52429,17083,0,0,0,70,68,100,-0.0,82.0,0.0,78.8,-0.0,79.0,1,49,50,180,26215,52429,0,0,0.0,0.0,0.0,0.0,-0.0,67.0,0.0,162057.094,0.0,982,0,1014,0,0,0,955,0,1040,0,939,0,793,0,785,0,823,0,7520,0.032,2.5133688800429264e+20,0.0,0.0,784,16797,-0.0,162057.094,-114818.039,-0.0,0.133,6.909358625270745e+28,30.0,70.0,35,0.0,0.0,0.0,0.0,0.0,0.0,0.0,0.0,0.0,0.0,0.0,0.0,0.0,0.0,0.0,0.0,66.0,0,150,71,52,65476,0,300,0,0,8,20529,65476,0,0,44564,70.0,0.0,0.0,0.0,0.0,0.0
2026-09-10T21:10:29,ERR,ERR,ERR,ERR,ERR,ERR,ERR,ERR,ERR,ERR,ERR,ERR,ERR,ERR,ERR,ERR,ERR,ERR,ERR,ERR,ERR,ERR,ERR,ERR,ERR,ERR,ERR,ERR,ERR,ERR,ERR,ERR,ERR,ERR,ERR,ERR,ERR,ERR,ERR,ERR,ERR,ERR,ERR,ERR,ERR,ERR,ERR,ERR,ERR,ERR,ERR,ERR,ERR,ERR,ERR,ERR,ERR,ERR,ERR,ERR,ERR,ERR,ERR,ERR,ERR,ERR,ERR,ERR,ERR,ERR,ERR,ERR,ERR,ERR,ERR,ERR,ERR,ERR,ERR,ERR,ERR,ERR,ERR,ERR,ERR,ERR,ERR,ERR,ERR,ERR,ERR,ERR,ERR,ERR,ERR,ERR,ERR,ERR,ERR,ERR,ERR,ERR,ERR,ERR,ERR,ERR,ERR,ERR,ERR,ERR,ERR,ERR,ERR,ERR,ERR,ERR,ERR,ERR,ERR,ERR,ERR,ERR,ERR,ERR,ERR,0.0,2.7184303811560617e+23,-100794720.0,0.0,0.0,1.3936040501711995e+18,7.805,0.0,0,0,4,0,7116,0.0,100,0.0,0.0,0.0,0.0,0.0,0,0,0,0,0.0,0,0,0,0,0,0,0,0,0,0,0,0,0,0,0,0,0,0,0,0,0,0,0,0,0,0,0,0,0,0,0,0,0,31,40,40,71,65476,0,300,0,0,8,21553,0.0,-107605600.0,0.0,0.0,0.0,0.0,0.0,0.0,0.0,0.0,0.0,0.0,0.0,0.0,0.0,0.0,0.0,0.0,0.0,0.0,0.0,0.0,-2.004,-0.0,-2.004,0.0,0.0,0.0,0.0,0.0,4466.0,1.587926141905068e+29,6926.0,0.0,2.7184303811560617e+23,2.718425337124479e+23,-107615296.0,0.0,0.0,0.0,0.0,69,-3.222030068424997e+26,5.848046968061515e+35,0.0,0.0,0.0,0.0,0.0,0.0,0.0,0,0,0,0.0,0.0,0.0,0.0,0.0,0.0,0.0,0.0,0.0,0.0,0.0,0.0,0.0,0.0,0.0,0.0,0,-107875648.0,69,0.0,138,0.0,0.0,0,0,17087,0,17104,52429,17083,0,0,0,70,68,100,-0.0,82.0,0.0,78.8,-0.0,79.0,1,49,50,180,26215,52429,0,0,0.0,0.0,0.0,0.0,-0.0,67.0,0.0,162057.094,0.0,982,0,1014,0,0,0,955,0,1040,0,939,0,793,0,785,0,823,0,7520,0.032,2.5133688800429264e+20,0.0,0.0,784,16797,-0.0,162057.094,-114818.039,-0.0,0.133,6.909358625270745e+28,30.0,70.0,35,0.0,0.0,0.0,0.0,0.0,0.0,0.0,0.0,0.0,0.0,0.0,0.0,0.0,0.0,0.0,0.0,66.0,0,150,71,52,65476,0,300,0,0,8,20529,65476,0,0,44564,70.0,0.0,0.0,0.0,0.0,0.0
2026-09-10T21:10:30,ERR,ERR,ERR,ERR,ERR,ERR,ERR,ERR,ERR,ERR,ERR,ERR,ERR,ERR,ERR,ERR,ERR,ERR,ERR,ERR,ERR,ERR,ERR,ERR,ERR,ERR,ERR,ERR,ERR,ERR,ERR,ERR,ERR,ERR,ERR,ERR,ERR,ERR,ERR,ERR,ERR,ERR,ERR,ERR,ERR,ERR,ERR,ERR,ERR,ERR,ERR,ERR,ERR,ERR,ERR,ERR,ERR,ERR,ERR,ERR,ERR,ERR,ERR,ERR,ERR,ERR,ERR,ERR,ERR,ERR,ERR,ERR,ERR,ERR,ERR,ERR,ERR,ERR,ERR,ERR,ERR,ERR,ERR,ERR,ERR,ERR,ERR,ERR,ERR,ERR,ERR,ERR,ERR,ERR,ERR,ERR,ERR,ERR,ERR,ERR,ERR,ERR,ERR,ERR,ERR,ERR,ERR,ERR,ERR,ERR,ERR,ERR,ERR,ERR,ERR,ERR,ERR,ERR,ERR,ERR,ERR,ERR,ERR,ERR,ERR,0.0,2.7184303811560617e+23,-100794720.0,0.0,0.0,1.3936040501711995e+18,7.805,0.0,0,0,4,0,7116,0.0,100,0.0,0.0,0.0,0.0,0.0,0,0,0,0,0.0,0,0,0,0,0,0,0,0,0,0,0,0,0,0,0,0,0,0,0,0,0,0,0,0,0,0,0,0,0,0,0,0,0,31,40,40,71,65476,0,300,0,0,8,21553,0.0,-107605600.0,0.0,0.0,0.0,0.0,0.0,0.0,0.0,0.0,0.0,0.0,0.0,0.0,0.0,0.0,0.0,0.0,0.0,0.0,0.0,0.0,-2.004,-0.0,-2.004,0.0,0.0,0.0,0.0,0.0,4468.0,131350.172,6921.0,0.0,2.7184303811560617e+23,2.718425337124479e+23,-0.0,0.0,0.0,0.0,0.0,69,-4.0668816144241325e+29,89220.391,0.0,0.0,0.0,0.0,0.0,0.0,0.0,0,0,0,0.0,0.0,0.0,0.0,0.0,0.0,0.0,0.0,0.0,0.0,0.0,0.0,0.0,0.0,0.0,0.0,0,-107875648.0,69,0.0,138,0.0,-0.0,0,0,17087,0,17104,52429,17083,0,0,0,70,68,100,-0.0,82.0,0.0,78.8,-0.0,79.0,1,49,50,180,26215,52429,0,0,0.0,0.0,0.0,0.0,-0.0,67.0,0.0,162057.094,0.0,982,0,1014,0,0,0,955,0,1040,0,939,0,793,0,785,0,823,0,7520,0.032,2.5133688800429264e+20,0.0,0.0,784,16797,-0.0,162057.094,-114818.039,-0.0,0.133,6.909358625270745e+28,30.0,70.0,35,0.0,0.0,0.0,0.0,0.0,0.0,0.0,0.0,0.0,0.0,0.0,0.0,0.0,0.0,0.0,0.0,66.0,0,150,71,52,65476,0,300,0,0,8,20529,65476,0,0,44564,70.0,0.0,0.0,0.0,0.0,0.0
2026-09-10T21:10:31,ERR,ERR,ERR,ERR,ERR,ERR,ERR,ERR,ERR,ERR,ERR,ERR,ERR,ERR,ERR,ERR,ERR,ERR,ERR,ERR,ERR,ERR,ERR,ERR,ERR,ERR,ERR,ERR,ERR,ERR,ERR,ERR,ERR,ERR,ERR,ERR,ERR,ERR,ERR,ERR,ERR,ERR,ERR,ERR,ERR,ERR,ERR,ERR,ERR,ERR,ERR,ERR,ERR,ERR,ERR,ERR,ERR,ERR,ERR,ERR,ERR,ERR,ERR,ERR,ERR,ERR,ERR,ERR,ERR,ERR,ERR,ERR,ERR,ERR,ERR,ERR,ERR,ERR,ERR,ERR,ERR,ERR,ERR,ERR,ERR,ERR,ERR,ERR,ERR,ERR,ERR,ERR,ERR,ERR,ERR,ERR,ERR,ERR,ERR,ERR,ERR,ERR,ERR,ERR,ERR,ERR,ERR,ERR,ERR,ERR,ERR,ERR,ERR,ERR,ERR,ERR,ERR,ERR,ERR,ERR,ERR,ERR,ERR,ERR,ERR,0.0,2.7184303811560617e+23,-100794720.0,0.0,0.0,1.3936040501711995e+18,7.805,0.0,0,0,4,0,7116,0.0,100,0.0,0.0,0.0,0.0,0.0,0,0,0,0,0.0,0,0,0,0,0,0,0,0,0,0,0,0,0,0,0,0,0,0,0,0,0,0,0,0,0,0,0,0,0,0,0,0,0,31,40,40,71,65476,0,300,0,0,8,21553,0.0,-107605600.0,0.0,0.0,0.0,0.0,0.0,0.0,0.0,0.0,0.0,0.0,0.0,0.0,0.0,0.0,0.0,0.0,0.0,0.0,0.0,0.0,-2.004,-0.0,-2.004,0.0,0.0,0.0,0.0,0.0,4468.0,131350.172,6921.0,0.0,2.7184303811560617e+23,2.718425337124479e+23,-0.0,0.0,0.0,0.0,0.0,69,-4.0668816144241325e+29,89220.391,0.0,0.0,0.0,0.0,0.0,0.0,0.0,0,0,0,0.0,0.0,0.0,0.0,0.0,0.0,0.0,0.0,0.0,0.0,0.0,0.0,0.0,0.0,0.0,0.0,0,-107875648.0,69,0.0,138,0.0,-0.0,0,0,17087,0,17104,52429,17083,0,0,0,70,68,100,-0.0,82.0,0.0,78.8,-0.0,79.0,1,49,50,180,26215,52429,0,0,0.0,0.0,0.0,0.0,-0.0,67.0,0.0,162057.094,0.0,982,0,1014,0,0,0,955,0,1040,0,939,0,793,0,785,0,823,0,7520,0.032,2.5133688800429264e+20,0.0,0.0,784,16797,-0.0,162057.094,-114818.039,-0.0,0.133,6.909358625270745e+28,30.0,70.0,35,0.0,0.0,0.0,0.0,0.0,0.0,0.0,0.0,0.0,0.0,0.0,0.0,0.0,0.0,0.0,0.0,66.0,0,150,71,52,65476,0,300,0,0,8,20529,65476,0,0,44564,70.0,0.0,0.0,0.0,0.0,0.0
2026-09-10T21:10:32,ERR,ERR,ERR,ERR,ERR,ERR,ERR,ERR,ERR,ERR,ERR,ERR,ERR,ERR,ERR,ERR,ERR,ERR,ERR,ERR,ERR,ERR,ERR,ERR,ERR,ERR,ERR,ERR,ERR,ERR,ERR,ERR,ERR,ERR,ERR,ERR,ERR,ERR,ERR,ERR,ERR,ERR,ERR,ERR,ERR,ERR,ERR,ERR,ERR,ERR,ERR,ERR,ERR,ERR,ERR,ERR,ERR,ERR,ERR,ERR,ERR,ERR,ERR,ERR,ERR,ERR,ERR,ERR,ERR,ERR,ERR,ERR,ERR,ERR,ERR,ERR,ERR,ERR,ERR,ERR,ERR,ERR,ERR,ERR,ERR,ERR,ERR,ERR,ERR,ERR,ERR,ERR,ERR,ERR,ERR,ERR,ERR,ERR,ERR,ERR,ERR,ERR,ERR,ERR,ERR,ERR,ERR,ERR,ERR,ERR,ERR,ERR,ERR,ERR,ERR,ERR,ERR,ERR,ERR,ERR,ERR,ERR,ERR,ERR,ERR,0.0,2.7184303811560617e+23,-100794720.0,0.0,0.0,1.3936040501711995e+18,7.805,0.0,0,0,4,0,7116,0.0,100,0.0,0.0,0.0,0.0,0.0,0,0,0,0,0.0,0,0,0,0,0,0,0,0,0,0,0,0,0,0,0,0,0,0,0,0,0,0,0,0,0,0,0,0,0,0,0,0,0,31,40,40,71,65476,0,300,0,0,8,21553,0.0,-107605600.0,0.0,0.0,0.0,0.0,0.0,0.0,0.0,0.0,0.0,0.0,0.0,0.0,0.0,0.0,0.0,0.0,0.0,0.0,0.0,0.0,-2.004,-0.0,-2.004,0.0,0.0,0.0,0.0,0.0,4468.0,131350.172,6921.0,0.0,2.7184303811560617e+23,2.718425337124479e+23,-0.0,0.0,0.0,0.0,0.0,69,-4.0668816144241325e+29,89220.391,0.0,0.0,0.0,0.0,0.0,0.0,0.0,0,0,0,0.0,0.0,0.0,0.0,0.0,0.0,0.0,0.0,0.0,0.0,0.0,0.0,0.0,0.0,0.0,0.0,0,-107875648.0,69,0.0,138,0.0,-0.0,0,0,17087,0,17104,52429,17083,0,0,0,70,68,100,-0.0,82.0,0.0,78.8,-0.0,79.0,1,49,50,180,26215,52429,0,0,0.0,0.0,0.0,0.0,-0.0,67.0,0.0,162057.094,0.0,982,0,1014,0,0,0,955,0,1040,0,939,0,793,0,785,0,823,0,7520,0.032,2.5133688800429264e+20,0.0,0.0,784,16797,-0.0,162057.094,-114818.039,-0.0,0.133,6.909358625270745e+28,30.0,70.0,35,0.0,0.0,0.0,0.0,0.0,0.0,0.0,0.0,0.0,0.0,0.0,0.0,0.0,0.0,0.0,0.0,66.0,0,150,71,52,65476,0,300,0,0,8,20529,65476,0,0,44564,70.0,0.0,0.0,0.0,0.0,0.0
2026-09-10T21:10:33,ERR,ERR,ERR,ERR,ERR,ERR,ERR,ERR,ERR,ERR,ERR,ERR,ERR,ERR,ERR,ERR,ERR,ERR,ERR,ERR,ERR,ERR,ERR,ERR,ERR,ERR,ERR,ERR,ERR,ERR,ERR,ERR,ERR,ERR,ERR,ERR,ERR,ERR,ERR,ERR,ERR,ERR,ERR,ERR,ERR,ERR,ERR,ERR,ERR,ERR,ERR,ERR,ERR,ERR,ERR,ERR,ERR,ERR,ERR,ERR,ERR,ERR,ERR,ERR,ERR,ERR,ERR,ERR,ERR,ERR,ERR,ERR,ERR,ERR,ERR,ERR,ERR,ERR,ERR,ERR,ERR,ERR,ERR,ERR,ERR,ERR,ERR,ERR,ERR,ERR,ERR,ERR,ERR,ERR,ERR,ERR,ERR,ERR,ERR,ERR,ERR,ERR,ERR,ERR,ERR,ERR,ERR,ERR,ERR,ERR,ERR,ERR,ERR,ERR,ERR,ERR,ERR,ERR,ERR,ERR,ERR,ERR,ERR,ERR,ERR,0.0,2.7184303811560617e+23,-100794720.0,0.0,0.0,1.3936040501711995e+18,7.805,0.0,0,0,4,0,7116,0.0,100,0.0,0.0,0.0,0.0,0.0,0,0,0,0,0.0,0,0,0,0,0,0,0,0,0,0,0,0,0,0,0,0,0,0,0,0,0,0,0,0,0,0,0,0,0,0,0,0,0,31,40,40,71,65476,0,300,0,0,8,21553,0.0,-107605600.0,0.0,0.0,0.0,0.0,0.0,0.0,0.0,0.0,0.0,0.0,0.0,0.0,0.0,0.0,0.0,0.0,0.0,0.0,0.0,0.0,-2.004,-0.0,-2.004,0.0,0.0,0.0,0.0,0.0,4468.0,131350.172,6921.0,0.0,2.7184303811560617e+23,2.718425337124479e+23,-0.0,0.0,0.0,0.0,0.0,69,-4.0668816144241325e+29,89220.391,0.0,0.0,0.0,0.0,0.0,0.0,0.0,0,0,0,0.0,0.0,0.0,0.0,0.0,0.0,0.0,0.0,0.0,0.0,0.0,0.0,0.0,0.0,0.0,0.0,0,-107875648.0,69,0.0,138,0.0,-0.0,0,0,17087,0,17104,52429,17083,0,0,0,70,68,100,-0.0,82.0,0.0,78.8,-0.0,79.0,1,49,50,180,26215,52429,0,0,0.0,0.0,0.0,0.0,-0.0,67.0,0.0,162057.094,0.0,982,0,1014,0,0,0,955,0,1040,0,939,0,793,0,785,0,823,0,7520,0.032,2.5133688800429264e+20,0.0,0.0,784,16797,-0.0,162057.094,-114818.039,-0.0,0.133,6.909358625270745e+28,30.0,70.0,35,0.0,0.0,0.0,0.0,0.0,0.0,0.0,0.0,0.0,0.0,0.0,0.0,0.0,0.0,0.0,0.0,66.0,0,150,71,52,65476,0,300,0,0,8,20529,65476,0,0,44564,70.0,0.0,0.0,0.0,0.0,0.0
2026-09-10T21:10:34,ERR,ERR,ERR,ERR,ERR,ERR,ERR,ERR,ERR,ERR,ERR,ERR,ERR,ERR,ERR,ERR,ERR,ERR,ERR,ERR,ERR,ERR,ERR,ERR,ERR,ERR,ERR,ERR,ERR,ERR,ERR,ERR,ERR,ERR,ERR,ERR,ERR,ERR,ERR,ERR,ERR,ERR,ERR,ERR,ERR,ERR,ERR,ERR,ERR,ERR,ERR,ERR,ERR,ERR,ERR,ERR,ERR,ERR,ERR,ERR,ERR,ERR,ERR,ERR,ERR,ERR,ERR,ERR,ERR,ERR,ERR,ERR,ERR,ERR,ERR,ERR,ERR,ERR,ERR,ERR,ERR,ERR,ERR,ERR,ERR,ERR,ERR,ERR,ERR,ERR,ERR,ERR,ERR,ERR,ERR,ERR,ERR,ERR,ERR,ERR,ERR,ERR,ERR,ERR,ERR,ERR,ERR,ERR,ERR,ERR,ERR,ERR,ERR,ERR,ERR,ERR,ERR,ERR,ERR,ERR,ERR,ERR,ERR,ERR,ERR,0.0,2.7184303811560617e+23,-100794720.0,0.0,0.0,1.3936040501711995e+18,7.805,0.0,0,0,4,0,7116,0.0,100,0.0,0.0,0.0,0.0,0.0,0,0,0,0,0.0,0,0,0,0,0,0,0,0,0,0,0,0,0,0,0,0,0,0,0,0,0,0,0,0,0,0,0,0,0,0,0,0,0,31,40,40,71,65476,0,300,0,0,8,21553,0.0,-107605600.0,0.0,0.0,0.0,0.0,0.0,0.0,0.0,0.0,0.0,0.0,0.0,0.0,0.0,0.0,0.0,0.0,0.0,0.0,0.0,0.0,-2.004,-0.0,-2.004,0.0,0.0,0.0,0.0,0.0,4468.0,131350.172,6921.0,0.0,2.7184303811560617e+23,2.718425337124479e+23,-0.0,0.0,0.0,0.0,0.0,69,-4.0668816144241325e+29,89220.391,0.0,0.0,0.0,0.0,0.0,0.0,0.0,0,0,0,0.0,0.0,0.0,0.0,0.0,0.0,0.0,0.0,0.0,0.0,0.0,0.0,0.0,0.0,0.0,0.0,0,-107875648.0,69,0.0,138,0.0,-0.0,0,0,17087,0,17104,52429,17083,0,0,0,70,68,100,-0.0,82.0,0.0,78.8,-0.0,79.0,1,49,50,180,26215,52429,0,0,0.0,0.0,0.0,0.0,-0.0,67.0,0.0,162057.094,0.0,982,0,1014,0,0,0,955,0,1040,0,939,0,793,0,785,0,823,0,7520,0.032,2.524898095088995e+20,0.0,0.0,784,16797,-0.0,162057.094,-114818.039,-0.0,0.133,6.909358625270745e+28,30.0,70.0,35,0.0,0.0,0.0,0.0,0.0,0.0,0.0,0.0,0.0,0.0,0.0,0.0,0.0,0.0,0.0,0.0,66.0,0,150,71,52,65476,0,300,0,0,8,20529,65476,0,0,44564,70.0,0.0,0.0,0.0,0.0,0.0
2026-09-10T21:10:35,ERR,ERR,ERR,ERR,ERR,ERR,ERR,ERR,ERR,ERR,ERR,ERR,ERR,ERR,ERR,ERR,ERR,ERR,ERR,ERR,ERR,ERR,ERR,ERR,ERR,ERR,ERR,ERR,ERR,ERR,ERR,ERR,ERR,ERR,ERR,ERR,ERR,ERR,ERR,ERR,ERR,ERR,ERR,ERR,ERR,ERR,ERR,ERR,ERR,ERR,ERR,ERR,ERR,ERR,ERR,ERR,ERR,ERR,ERR,ERR,ERR,ERR,ERR,ERR,ERR,ERR,ERR,ERR,ERR,ERR,ERR,ERR,ERR,ERR,ERR,ERR,ERR,ERR,ERR,ERR,ERR,ERR,ERR,ERR,ERR,ERR,ERR,ERR,ERR,ERR,ERR,ERR,ERR,ERR,ERR,ERR,ERR,ERR,ERR,ERR,ERR,ERR,ERR,ERR,ERR,ERR,ERR,ERR,ERR,ERR,ERR,ERR,ERR,ERR,ERR,ERR,ERR,ERR,ERR,ERR,ERR,ERR,ERR,ERR,ERR,0.0,2.7184303811560617e+23,-100794720.0,0.0,0.0,1.3936040501711995e+18,7.805,0.0,0,0,4,0,7116,0.0,100,0.0,0.0,0.0,0.0,0.0,0,0,0,0,0.0,0,0,0,0,0,0,0,0,0,0,0,0,0,0,0,0,0,0,0,0,0,0,0,0,0,0,0,0,0,0,0,0,0,31,40,40,71,65476,0,300,0,0,8,21553,0.0,-107605600.0,0.0,0.0,0.0,0.0,0.0,0.0,0.0,0.0,0.0,0.0,0.0,0.0,0.0,0.0,0.0,0.0,0.0,0.0,0.0,0.0,-2.004,-0.0,-2.004,0.0,0.0,0.0,0.0,0.0,4468.0,131350.172,6921.0,0.0,2.7184303811560617e+23,2.718425337124479e+23,-0.0,0.0,0.0,0.0,0.0,69,-4.0668816144241325e+29,89220.391,0.0,0.0,0.0,0.0,0.0,0.0,0.0,0,0,0,0.0,0.0,0.0,0.0,0.0,0.0,0.0,0.0,0.0,0.0,0.0,0.0,0.0,0.0,0.0,0.0,0,-107875648.0,69,0.0,138,0.0,-0.0,0,0,17087,0,17104,52429,17083,0,0,0,70,68,100,-0.0,82.0,0.0,78.8,-0.0,79.0,1,49,50,180,26215,52429,0,0,0.0,0.0,0.0,0.0,-0.0,67.0,0.0,162057.094,0.0,982,0,1014,0,0,0,955,0,1040,0,939,0,793,0,785,0,823,0,7520,0.032,2.524898095088995e+20,0.0,0.0,784,16797,-0.0,162057.094,-114818.039,-0.0,0.133,6.909358625270745e+28,30.0,70.0,35,0.0,0.0,0.0,0.0,0.0,0.0,0.0,0.0,0.0,0.0,0.0,0.0,0.0,0.0,0.0,0.0,66.0,0,150,71,52,65476,0,300,0,0,8,20529,65476,0,0,44564,70.0,0.0,0.0,0.0,0.0,0.0
2026-09-10T21:10:36,ERR,ERR,ERR,ERR,ERR,ERR,ERR,ERR,ERR,ERR,ERR,ERR,ERR,ERR,ERR,ERR,ERR,ERR,ERR,ERR,ERR,ERR,ERR,ERR,ERR,ERR,ERR,ERR,ERR,ERR,ERR,ERR,ERR,ERR,ERR,ERR,ERR,ERR,ERR,ERR,ERR,ERR,ERR,ERR,ERR,ERR,ERR,ERR,ERR,ERR,ERR,ERR,ERR,ERR,ERR,ERR,ERR,ERR,ERR,ERR,ERR,ERR,ERR,ERR,ERR,ERR,ERR,ERR,ERR,ERR,ERR,ERR,ERR,ERR,ERR,ERR,ERR,ERR,ERR,ERR,ERR,ERR,ERR,ERR,ERR,ERR,ERR,ERR,ERR,ERR,ERR,ERR,ERR,ERR,ERR,ERR,ERR,ERR,ERR,ERR,ERR,ERR,ERR,ERR,ERR,ERR,ERR,ERR,ERR,ERR,ERR,ERR,ERR,ERR,ERR,ERR,ERR,ERR,ERR,ERR,ERR,ERR,ERR,ERR,ERR,0.0,2.7184303811560617e+23,-100794720.0,0.0,0.0,1.3936040501711995e+18,7.805,0.0,0,0,4,0,7116,0.0,100,0.0,0.0,0.0,0.0,0.0,0,0,0,0,0.0,0,0,0,0,0,0,0,0,0,0,0,0,0,0,0,0,0,0,0,0,0,0,0,0,0,0,0,0,0,0,0,0,0,31,40,40,71,65476,0,300,0,0,8,21553,0.0,-107605600.0,0.0,0.0,0.0,0.0,0.0,0.0,0.0,0.0,0.0,0.0,0.0,0.0,0.0,0.0,0.0,0.0,0.0,0.0,0.0,0.0,-2.004,-0.0,-2.004,0.0,0.0,0.0,0.0,0.0,4468.0,131350.172,6921.0,0.0,2.7184303811560617e+23,2.718425337124479e+23,-0.0,0.0,0.0,0.0,0.0,69,-4.0668816144241325e+29,89220.391,0.0,0.0,0.0,0.0,0.0,0.0,0.0,0,0,0,0.0,0.0,0.0,0.0,0.0,0.0,0.0,0.0,0.0,0.0,0.0,0.0,0.0,0.0,0.0,0.0,0,-107875648.0,69,0.0,138,0.0,-0.0,0,0,17087,0,17104,52429,17083,0,0,0,70,68,100,-0.0,82.0,0.0,78.8,-0.0,79.0,1,49,50,180,26215,52429,0,0,0.0,0.0,0.0,0.0,-0.0,67.0,0.0,162057.094,0.0,982,0,1014,0,0,0,955,0,1040,0,939,0,793,0,785,0,823,0,7520,0.032,2.524898095088995e+20,0.0,0.0,784,16797,-0.0,162057.094,-114818.039,-0.0,0.133,6.909358625270745e+28,30.0,70.0,35,0.0,0.0,0.0,0.0,0.0,0.0,0.0,0.0,0.0,0.0,0.0,0.0,0.0,0.0,0.0,0.0,66.0,0,150,71,52,65476,0,300,0,0,8,20529,65476,0,0,44564,70.0,0.0,0.0,0.0,0.0,0.0
2026-09-10T21:10:37,ERR,ERR,ERR,ERR,ERR,ERR,ERR,ERR,ERR,ERR,ERR,ERR,ERR,ERR,ERR,ERR,ERR,ERR,ERR,ERR,ERR,ERR,ERR,ERR,ERR,ERR,ERR,ERR,ERR,ERR,ERR,ERR,ERR,ERR,ERR,ERR,ERR,ERR,ERR,ERR,ERR,ERR,ERR,ERR,ERR,ERR,ERR,ERR,ERR,ERR,ERR,ERR,ERR,ERR,ERR,ERR,ERR,ERR,ERR,ERR,ERR,ERR,ERR,ERR,ERR,ERR,ERR,ERR,ERR,ERR,ERR,ERR,ERR,ERR,ERR,ERR,ERR,ERR,ERR,ERR,ERR,ERR,ERR,ERR,ERR,ERR,ERR,ERR,ERR,ERR,ERR,ERR,ERR,ERR,ERR,ERR,ERR,ERR,ERR,ERR,ERR,ERR,ERR,ERR,ERR,ERR,ERR,ERR,ERR,ERR,ERR,ERR,ERR,ERR,ERR,ERR,ERR,ERR,ERR,ERR,ERR,ERR,ERR,ERR,ERR,0.0,2.7184303811560617e+23,-100794720.0,0.0,0.0,1.3936040501711995e+18,7.805,0.0,0,0,4,0,7116,0.0,100,0.0,0.0,0.0,0.0,0.0,0,0,0,0,0.0,0,0,0,0,0,0,0,0,0,0,0,0,0,0,0,0,0,0,0,0,0,0,0,0,0,0,0,0,0,0,0,0,0,31,40,40,71,65476,0,300,0,0,8,21553,0.0,-107605600.0,0.0,0.0,0.0,0.0,0.0,0.0,0.0,0.0,0.0,0.0,0.0,0.0,0.0,0.0,0.0,0.0,0.0,0.0,0.0,0.0,-2.004,-0.0,-2.004,0.0,0.0,0.0,0.0,0.0,4468.0,131350.172,6921.0,0.0,2.7184303811560617e+23,2.718425337124479e+23,-0.0,0.0,0.0,0.0,0.0,69,-4.0668816144241325e+29,89220.391,0.0,0.0,0.0,0.0,0.0,0.0,0.0,0,0,0,0.0,0.0,0.0,0.0,0.0,0.0,0.0,0.0,0.0,0.0,0.0,0.0,0.0,0.0,0.0,0.0,0,-107875648.0,69,0.0,138,0.0,-0.0,0,0,17087,0,17104,52429,17083,0,0,0,70,68,100,-0.0,82.0,0.0,78.8,-0.0,79.0,1,49,50,180,26215,52429,0,0,0.0,0.0,0.0,0.0,-0.0,67.0,0.0,162057.094,0.0,982,0,1014,0,0,0,955,0,1040,0,939,0,793,0,785,0,823,0,7520,0.032,2.524898095088995e+20,0.0,0.0,784,16797,-0.0,162057.094,-114818.039,-0.0,0.133,6.909358625270745e+28,30.0,70.0,35,0.0,0.0,0.0,0.0,0.0,0.0,0.0,0.0,0.0,0.0,0.0,0.0,0.0,0.0,0.0,0.0,66.0,0,150,71,52,65476,0,300,0,0,8,20529,65476,0,0,44564,70.0,0.0,0.0,0.0,0.0,0.0
2026-09-10T21:10:38,ERR,ERR,ERR,ERR,ERR,ERR,ERR,ERR,ERR,ERR,ERR,ERR,ERR,ERR,ERR,ERR,ERR,ERR,ERR,ERR,ERR,ERR,ERR,ERR,ERR,ERR,ERR,ERR,ERR,ERR,ERR,ERR,ERR,ERR,ERR,ERR,ERR,ERR,ERR,ERR,ERR,ERR,ERR,ERR,ERR,ERR,ERR,ERR,ERR,ERR,ERR,ERR,ERR,ERR,ERR,ERR,ERR,ERR,ERR,ERR,ERR,ERR,ERR,ERR,ERR,ERR,ERR,ERR,ERR,ERR,ERR,ERR,ERR,ERR,ERR,ERR,ERR,ERR,ERR,ERR,ERR,ERR,ERR,ERR,ERR,ERR,ERR,ERR,ERR,ERR,ERR,ERR,ERR,ERR,ERR,ERR,ERR,ERR,ERR,ERR,ERR,ERR,ERR,ERR,ERR,ERR,ERR,ERR,ERR,ERR,ERR,ERR,ERR,ERR,ERR,ERR,ERR,ERR,ERR,ERR,ERR,ERR,ERR,ERR,ERR,0.0,2.7184303811560617e+23,-100794720.0,0.0,0.0,1.3936040501711995e+18,7.805,0.0,0,0,4,0,7116,0.0,100,0.0,0.0,0.0,0.0,0.0,0,0,0,0,0.0,0,0,0,0,0,0,0,0,0,0,0,0,0,0,0,0,0,0,0,0,0,0,0,0,0,0,0,0,0,0,0,0,0,31,40,40,71,65476,0,300,0,0,8,21553,0.0,-107605600.0,0.0,0.0,0.0,0.0,0.0,0.0,0.0,0.0,0.0,0.0,0.0,0.0,0.0,0.0,0.0,0.0,0.0,0.0,0.0,0.0,-2.004,-0.0,-2.004,0.0,0.0,0.0,0.0,0.0,4468.0,131350.172,6921.0,0.0,2.7184303811560617e+23,2.718425337124479e+23,-0.0,0.0,0.0,0.0,0.0,69,-4.0668816144241325e+29,89220.391,0.0,0.0,0.0,0.0,0.0,0.0,0.0,0,0,0,0.0,0.0,0.0,0.0,0.0,0.0,0.0,0.0,0.0,0.0,0.0,0.0,0.0,0.0,0.0,0.0,0,-107875648.0,69,0.0,138,0.0,-0.0,0,0,17087,0,17104,52429,17083,0,0,0,70,68,100,-0.0,82.0,0.0,78.8,-0.0,79.0,1,49,50,180,26215,52429,0,0,0.0,0.0,0.0,0.0,-0.0,67.0,0.0,162057.094,0.0,982,0,1014,0,0,0,955,0,1040,0,939,0,793,0,785,0,823,0,7520,0.032,2.524898095088995e+20,0.0,0.0,784,16797,-0.0,162057.094,-114818.039,-0.0,0.133,6.909358625270745e+28,30.0,70.0,35,0.0,0.0,0.0,0.0,0.0,0.0,0.0,0.0,0.0,0.0,0.0,0.0,0.0,0.0,0.0,0.0,66.0,0,150,71,52,65476,0,300,0,0,8,20529,65476,0,0,44564,70.0,0.0,0.0,0.0,0.0,0.0
2026-09-10T21:10:39,ERR,ERR,ERR,ERR,ERR,ERR,ERR,ERR,ERR,ERR,ERR,ERR,ERR,ERR,ERR,ERR,ERR,ERR,ERR,ERR,ERR,ERR,ERR,ERR,ERR,ERR,ERR,ERR,ERR,ERR,ERR,ERR,ERR,ERR,ERR,ERR,ERR,ERR,ERR,ERR,ERR,ERR,ERR,ERR,ERR,ERR,ERR,ERR,ERR,ERR,ERR,ERR,ERR,ERR,ERR,ERR,ERR,ERR,ERR,ERR,ERR,ERR,ERR,ERR,ERR,ERR,ERR,ERR,ERR,ERR,ERR,ERR,ERR,ERR,ERR,ERR,ERR,ERR,ERR,ERR,ERR,ERR,ERR,ERR,ERR,ERR,ERR,ERR,ERR,ERR,ERR,ERR,ERR,ERR,ERR,ERR,ERR,ERR,ERR,ERR,ERR,ERR,ERR,ERR,ERR,ERR,ERR,ERR,ERR,ERR,ERR,ERR,ERR,ERR,ERR,ERR,ERR,ERR,ERR,ERR,ERR,ERR,ERR,ERR,ERR,0.0,2.7184303811560617e+23,-100794720.0,0.0,0.0,1.3936040501711995e+18,7.805,0.0,0,0,4,0,7116,0.0,100,0.0,0.0,0.0,0.0,0.0,0,0,0,0,0.0,0,0,0,0,0,0,0,0,0,0,0,0,0,0,0,0,0,0,0,0,0,0,0,0,0,0,0,0,0,0,0,0,0,31,40,40,71,65476,0,300,0,0,8,21553,0.0,-107605600.0,0.0,0.0,0.0,0.0,0.0,0.0,0.0,0.0,0.0,0.0,0.0,0.0,0.0,0.0,0.0,0.0,0.0,0.0,0.0,0.0,-2.004,-0.0,-2.004,-2.004,0.0,0.0,0.0,0.0,4473.0,1.587926141905068e+29,6926.0,0.0,2.7184303811560617e+23,2.718425337124479e+23,-0.0,0.0,0.0,0.0,0.0,69,0.0,5.848046968061515e+35,0.0,0.0,0.0,0.0,0.0,0.0,0.0,0,0,0,0.0,0.0,0.0,0.0,0.0,0.0,0.0,0.0,0.0,0.0,0.0,0.0,0.0,0.0,0.0,0.0,0,-107875648.0,69,0.0,138,0.0,-0.0,0,0,17087,0,17104,52429,17083,0,0,0,70,68,100,-0.0,82.0,0.0,78.8,-0.0,79.0,1,49,50,180,26215,52429,0,0,0.0,0.0,0.0,0.0,-0.0,67.0,0.0,162057.094,0.0,982,0,1014,0,0,0,955,0,1040,0,939,0,793,0,785,0,823,0,7520,0.032,2.524898095088995e+20,0.0,0.0,784,16797,-0.0,162057.094,-114818.039,-0.0,0.133,6.909358625270745e+28,30.0,70.0,35,0.0,0.0,0.0,0.0,0.0,0.0,0.0,0.0,0.0,0.0,0.0,0.0,0.0,0.0,0.0,0.0,66.4,0,150,71,52,65476,0,300,0,0,8,20529,65476,0,0,44564,70.0,0.0,0.0,0.0,0.0,0.0
2026-09-10T21:10:40,ERR,ERR,ERR,ERR,ERR,ERR,ERR,ERR,ERR,ERR,ERR,ERR,ERR,ERR,ERR,ERR,ERR,ERR,ERR,ERR,ERR,ERR,ERR,ERR,ERR,ERR,ERR,ERR,ERR,ERR,ERR,ERR,ERR,ERR,ERR,ERR,ERR,ERR,ERR,ERR,ERR,ERR,ERR,ERR,ERR,ERR,ERR,ERR,ERR,ERR,ERR,ERR,ERR,ERR,ERR,ERR,ERR,ERR,ERR,ERR,ERR,ERR,ERR,ERR,ERR,ERR,ERR,ERR,ERR,ERR,ERR,ERR,ERR,ERR,ERR,ERR,ERR,ERR,ERR,ERR,ERR,ERR,ERR,ERR,ERR,ERR,ERR,ERR,ERR,ERR,ERR,ERR,ERR,ERR,ERR,ERR,ERR,ERR,ERR,ERR,ERR,ERR,ERR,ERR,ERR,ERR,ERR,ERR,ERR,ERR,ERR,ERR,ERR,ERR,ERR,ERR,ERR,ERR,ERR,ERR,ERR,ERR,ERR,ERR,ERR,0.0,2.7184303811560617e+23,-100794720.0,0.0,0.0,1.3936040501711995e+18,7.805,0.0,0,0,4,0,7116,0.0,100,0.0,0.0,0.0,0.0,0.0,0,0,0,0,0.0,0,0,0,0,0,0,0,0,0,0,0,0,0,0,0,0,0,0,0,0,0,0,0,0,0,0,0,0,0,0,0,0,0,31,40,40,71,65476,0,300,0,0,8,21553,0.0,-107605600.0,0.0,0.0,0.0,0.0,0.0,0.0,0.0,0.0,0.0,0.0,0.0,0.0,0.0,0.0,0.0,0.0,0.0,0.0,0.0,0.0,-2.004,-0.0,-2.004,-2.004,0.0,0.0,0.0,0.0,4473.0,1.587926141905068e+29,6926.0,0.0,2.7184303811560617e+23,2.718425337124479e+23,-0.0,0.0,0.0,0.0,0.0,69,0.0,5.848046968061515e+35,0.0,0.0,0.0,0.0,0.0,0.0,0.0,0,0,0,0.0,0.0,0.0,0.0,0.0,0.0,0.0,0.0,0.0,0.0,0.0,0.0,0.0,0.0,0.0,0.0,0,-107875648.0,69,0.0,138,0.0,-0.0,0,0,17087,0,17104,52429,17083,0,0,0,70,68,100,-0.0,82.0,0.0,78.8,-0.0,79.0,1,49,50,180,26215,52429,0,0,0.0,0.0,0.0,0.0,-0.0,67.0,0.0,162057.094,0.0,982,0,1014,0,0,0,955,0,1040,0,938,0,793,0,784,0,823,0,7520,0.032,2.524898095088995e+20,0.0,0.0,784,16797,-0.0,162057.094,-114818.039,-0.0,0.133,6.909358625270745e+28,30.0,70.0,35,0.0,0.0,0.0,0.0,0.0,0.0,0.0,0.0,0.0,0.0,0.0,0.0,0.0,0.0,0.0,0.0,66.4,0,150,71,52,65476,0,300,0,0,8,20529,65476,0,0,44564,70.0,0.0,0.0,0.0,0.0,0.0
2026-09-10T21:10:41,ERR,ERR,ERR,ERR,ERR,ERR,ERR,ERR,ERR,ERR,ERR,ERR,ERR,ERR,ERR,ERR,ERR,ERR,ERR,ERR,ERR,ERR,ERR,ERR,ERR,ERR,ERR,ERR,ERR,ERR,ERR,ERR,ERR,ERR,ERR,ERR,ERR,ERR,ERR,ERR,ERR,ERR,ERR,ERR,ERR,ERR,ERR,ERR,ERR,ERR,ERR,ERR,ERR,ERR,ERR,ERR,ERR,ERR,ERR,ERR,ERR,ERR,ERR,ERR,ERR,ERR,ERR,ERR,ERR,ERR,ERR,ERR,ERR,ERR,ERR,ERR,ERR,ERR,ERR,ERR,ERR,ERR,ERR,ERR,ERR,ERR,ERR,ERR,ERR,ERR,ERR,ERR,ERR,ERR,ERR,ERR,ERR,ERR,ERR,ERR,ERR,ERR,ERR,ERR,ERR,ERR,ERR,ERR,ERR,ERR,ERR,ERR,ERR,ERR,ERR,ERR,ERR,ERR,ERR,ERR,ERR,ERR,ERR,ERR,ERR,0.0,2.7184303811560617e+23,-100794720.0,0.0,0.0,1.3936040501711995e+18,7.805,0.0,0,0,4,0,7116,0.0,100,0.0,0.0,0.0,0.0,0.0,0,0,0,0,0.0,0,0,0,0,0,0,0,0,0,0,0,0,0,0,0,0,0,0,0,0,0,0,0,0,0,0,0,0,0,0,0,0,0,31,40,40,71,65476,0,300,0,0,8,21553,0.0,-107605600.0,0.0,0.0,0.0,0.0,0.0,0.0,0.0,0.0,0.0,0.0,0.0,0.0,0.0,0.0,0.0,0.0,0.0,0.0,0.0,0.0,-2.004,-0.0,-2.004,-2.004,0.0,0.0,0.0,0.0,4473.0,1.587926141905068e+29,6926.0,0.0,2.7184303811560617e+23,2.718425337124479e+23,-0.0,0.0,0.0,0.0,0.0,69,0.0,5.848046968061515e+35,0.0,0.0,0.0,0.0,0.0,0.0,0.0,0,0,0,0.0,0.0,0.0,0.0,0.0,0.0,0.0,0.0,0.0,0.0,0.0,0.0,0.0,0.0,0.0,0.0,0,-107875648.0,69,0.0,138,0.0,-0.0,0,0,17087,0,17104,52429,17083,0,0,0,70,68,100,-0.0,82.0,0.0,78.8,-0.0,79.0,1,49,50,180,26215,52429,0,0,0.0,0.0,0.0,0.0,-0.0,67.0,0.0,162057.094,0.0,982,0,1014,0,0,0,955,0,1040,0,938,0,793,0,784,0,823,0,7520,0.032,2.524898095088995e+20,0.0,0.0,784,16797,-0.0,162057.094,-114818.039,-0.0,0.133,6.909358625270745e+28,30.0,70.0,35,0.0,0.0,0.0,0.0,0.0,0.0,0.0,0.0,0.0,0.0,0.0,0.0,0.0,0.0,0.0,0.0,66.0,0,150,71,52,65476,0,300,0,0,8,20529,65476,0,0,44564,70.0,0.0,0.0,0.0,0.0,0.0
2026-09-10T21:10:42,ERR,ERR,ERR,ERR,ERR,ERR,ERR,ERR,ERR,ERR,ERR,ERR,ERR,ERR,ERR,ERR,ERR,ERR,ERR,ERR,ERR,ERR,ERR,ERR,ERR,ERR,ERR,ERR,ERR,ERR,ERR,ERR,ERR,ERR,ERR,ERR,ERR,ERR,ERR,ERR,ERR,ERR,ERR,ERR,ERR,ERR,ERR,ERR,ERR,ERR,ERR,ERR,ERR,ERR,ERR,ERR,ERR,ERR,ERR,ERR,ERR,ERR,ERR,ERR,ERR,ERR,ERR,ERR,ERR,ERR,ERR,ERR,ERR,ERR,ERR,ERR,ERR,ERR,ERR,ERR,ERR,ERR,ERR,ERR,ERR,ERR,ERR,ERR,ERR,ERR,ERR,ERR,ERR,ERR,ERR,ERR,ERR,ERR,ERR,ERR,ERR,ERR,ERR,ERR,ERR,ERR,ERR,ERR,ERR,ERR,ERR,ERR,ERR,ERR,ERR,ERR,ERR,ERR,ERR,ERR,ERR,ERR,ERR,ERR,ERR,0.0,2.7184303811560617e+23,-100794720.0,0.0,0.0,1.3936040501711995e+18,7.805,0.0,0,0,4,0,7116,0.0,100,0.0,0.0,0.0,0.0,0.0,0,0,0,0,0.0,0,0,0,0,0,0,0,0,0,0,0,0,0,0,0,0,0,0,0,0,0,0,0,0,0,0,0,0,0,0,0,0,0,31,40,40,71,65476,0,300,0,0,8,21553,0.0,-107605600.0,0.0,0.0,0.0,0.0,0.0,0.0,0.0,0.0,0.0,0.0,0.0,0.0,0.0,0.0,0.0,0.0,0.0,0.0,0.0,0.0,-2.004,-0.0,-2.004,-2.004,0.0,0.0,0.0,0.0,4473.0,1.587926141905068e+29,6926.0,0.0,2.7184303811560617e+23,2.718425337124479e+23,-0.0,0.0,0.0,0.0,0.0,69,0.0,5.848046968061515e+35,0.0,0.0,0.0,0.0,0.0,0.0,0.0,0,0,0,0.0,0.0,0.0,0.0,0.0,0.0,0.0,0.0,0.0,0.0,0.0,0.0,0.0,0.0,0.0,0.0,0,-107875648.0,69,0.0,138,0.0,-0.0,0,0,17087,0,17104,52429,17083,0,0,0,70,68,100,-0.0,82.0,0.0,78.8,-0.0,79.0,1,49,50,180,26215,52429,0,0,0.0,0.0,0.0,0.0,-0.0,67.0,0.0,162057.094,0.0,982,0,1014,0,0,0,955,0,1040,0,938,0,793,0,784,0,823,0,7520,0.032,2.524898095088995e+20,0.0,0.0,784,16797,-0.0,162057.094,-114818.039,-0.0,0.133,6.909358625270745e+28,30.0,70.0,35,0.0,0.0,0.0,0.0,0.0,0.0,0.0,0.0,0.0,0.0,0.0,0.0,0.0,0.0,0.0,0.0,66.0,0,150,71,52,65476,0,300,0,0,8,20529,65476,0,0,44564,70.0,0.0,0.0,0.0,0.0,0.0
2026-09-10T21:10:43,ERR,ERR,ERR,ERR,ERR,ERR,ERR,ERR,ERR,ERR,ERR,ERR,ERR,ERR,ERR,ERR,ERR,ERR,ERR,ERR,ERR,ERR,ERR,ERR,ERR,ERR,ERR,ERR,ERR,ERR,ERR,ERR,ERR,ERR,ERR,ERR,ERR,ERR,ERR,ERR,ERR,ERR,ERR,ERR,ERR,ERR,ERR,ERR,ERR,ERR,ERR,ERR,ERR,ERR,ERR,ERR,ERR,ERR,ERR,ERR,ERR,ERR,ERR,ERR,ERR,ERR,ERR,ERR,ERR,ERR,ERR,ERR,ERR,ERR,ERR,ERR,ERR,ERR,ERR,ERR,ERR,ERR,ERR,ERR,ERR,ERR,ERR,ERR,ERR,ERR,ERR,ERR,ERR,ERR,ERR,ERR,ERR,ERR,ERR,ERR,ERR,ERR,ERR,ERR,ERR,ERR,ERR,ERR,ERR,ERR,ERR,ERR,ERR,ERR,ERR,ERR,ERR,ERR,ERR,ERR,ERR,ERR,ERR,ERR,ERR,0.0,2.7184303811560617e+23,-100794720.0,0.0,0.0,1.3936040501711995e+18,7.805,0.0,0,0,4,0,7116,0.0,100,0.0,0.0,0.0,0.0,0.0,0,0,0,0,0.0,0,0,0,0,0,0,0,0,0,0,0,0,0,0,0,0,0,0,0,0,0,0,0,0,0,0,0,0,0,0,0,0,0,31,40,40,71,65476,0,300,0,0,8,21553,0.0,-107605600.0,0.0,0.0,0.0,0.0,0.0,0.0,0.0,0.0,0.0,0.0,0.0,0.0,0.0,0.0,0.0,0.0,0.0,0.0,0.0,0.0,-2.004,-0.0,-2.004,-2.004,0.0,0.0,0.0,0.0,4473.0,1.587926141905068e+29,6926.0,0.0,2.7184303811560617e+23,2.718425337124479e+23,-0.0,0.0,0.0,0.0,0.0,69,0.0,5.848046968061515e+35,0.0,0.0,0.0,0.0,0.0,0.0,0.0,0,0,0,0.0,0.0,0.0,0.0,0.0,0.0,0.0,0.0,0.0,0.0,0.0,0.0,0.0,0.0,0.0,0.0,0,-107875648.0,69,0.0,138,0.0,-0.0,0,0,17087,0,17104,52429,17083,0,0,0,70,68,100,-0.0,82.0,0.0,78.8,-0.0,79.0,1,49,50,180,26215,52429,0,0,0.0,0.0,0.0,0.0,-0.0,67.0,0.0,162057.094,0.0,982,0,1014,0,0,0,955,0,1040,0,938,0,793,0,784,0,823,0,7520,0.032,2.524898095088995e+20,0.0,0.0,784,16797,-0.0,162057.094,-114818.039,-0.0,0.133,6.909358625270745e+28,30.0,70.0,35,0.0,0.0,0.0,0.0,0.0,0.0,0.0,0.0,0.0,0.0,0.0,0.0,0.0,0.0,0.0,0.0,66.0,0,150,71,52,65476,0,300,0,0,8,20529,65476,0,0,44564,70.0,0.0,0.0,0.0,0.0,0.0
2026-09-10T21:10:44,ERR,ERR,ERR,ERR,ERR,ERR,ERR,ERR,ERR,ERR,ERR,ERR,ERR,ERR,ERR,ERR,ERR,ERR,ERR,ERR,ERR,ERR,ERR,ERR,ERR,ERR,ERR,ERR,ERR,ERR,ERR,ERR,ERR,ERR,ERR,ERR,ERR,ERR,ERR,ERR,ERR,ERR,ERR,ERR,ERR,ERR,ERR,ERR,ERR,ERR,ERR,ERR,ERR,ERR,ERR,ERR,ERR,ERR,ERR,ERR,ERR,ERR,ERR,ERR,ERR,ERR,ERR,ERR,ERR,ERR,ERR,ERR,ERR,ERR,ERR,ERR,ERR,ERR,ERR,ERR,ERR,ERR,ERR,ERR,ERR,ERR,ERR,ERR,ERR,ERR,ERR,ERR,ERR,ERR,ERR,ERR,ERR,ERR,ERR,ERR,ERR,ERR,ERR,ERR,ERR,ERR,ERR,ERR,ERR,ERR,ERR,ERR,ERR,ERR,ERR,ERR,ERR,ERR,ERR,ERR,ERR,ERR,ERR,ERR,ERR,0.0,2.7184303811560617e+23,-100794720.0,0.0,0.0,1.3936040501711995e+18,7.805,0.0,0,0,4,0,7116,0.0,100,0.0,0.0,0.0,0.0,0.0,0,0,0,0,0.0,0,0,0,0,0,0,0,0,0,0,0,0,0,0,0,0,0,0,0,0,0,0,0,0,0,0,0,0,0,0,0,0,0,31,40,40,71,65476,0,300,0,0,8,21553,0.0,-107605600.0,0.0,0.0,0.0,0.0,0.0,0.0,0.0,0.0,0.0,0.0,0.0,0.0,0.0,0.0,0.0,0.0,0.0,0.0,0.0,0.0,-2.004,-0.0,-2.004,-2.004,0.0,0.0,0.0,0.0,4473.0,1.587926141905068e+29,6926.0,0.0,2.7184303811560617e+23,2.718425337124479e+23,-0.0,0.0,0.0,0.0,0.0,69,0.0,5.848046968061515e+35,0.0,0.0,0.0,0.0,0.0,0.0,0.0,0,0,0,0.0,0.0,0.0,0.0,0.0,0.0,0.0,0.0,0.0,0.0,0.0,0.0,0.0,0.0,0.0,0.0,0,-107875648.0,69,0.0,138,0.0,-0.0,0,0,17087,0,17104,52429,17083,0,0,0,70,68,100,-0.0,82.0,0.0,78.8,-0.0,79.0,1,49,50,180,26215,52429,0,0,0.0,0.0,0.0,0.0,-0.0,67.0,0.0,162057.094,0.0,982,0,1014,0,0,0,955,0,1040,0,938,0,793,0,784,0,823,0,7520,0.032,2.524898095088995e+20,0.0,0.0,784,16797,-0.0,162057.094,-114818.039,-0.0,0.133,6.909358625270745e+28,30.0,70.0,35,0.0,0.0,0.0,0.0,0.0,0.0,0.0,0.0,0.0,0.0,0.0,0.0,0.0,0.0,0.0,0.0,66.4,0,150,71,52,65476,0,300,0,0,8,20529,65476,0,0,44564,70.0,0.0,0.0,0.0,0.0,0.0
2026-09-10T21:10:45,ERR,ERR,ERR,ERR,ERR,ERR,ERR,ERR,ERR,ERR,ERR,ERR,ERR,ERR,ERR,ERR,ERR,ERR,ERR,ERR,ERR,ERR,ERR,ERR,ERR,ERR,ERR,ERR,ERR,ERR,ERR,ERR,ERR,ERR,ERR,ERR,ERR,ERR,ERR,ERR,ERR,ERR,ERR,ERR,ERR,ERR,ERR,ERR,ERR,ERR,ERR,ERR,ERR,ERR,ERR,ERR,ERR,ERR,ERR,ERR,ERR,ERR,ERR,ERR,ERR,ERR,ERR,ERR,ERR,ERR,ERR,ERR,ERR,ERR,ERR,ERR,ERR,ERR,ERR,ERR,ERR,ERR,ERR,ERR,ERR,ERR,ERR,ERR,ERR,ERR,ERR,ERR,ERR,ERR,ERR,ERR,ERR,ERR,ERR,ERR,ERR,ERR,ERR,ERR,ERR,ERR,ERR,ERR,ERR,ERR,ERR,ERR,ERR,ERR,ERR,ERR,ERR,ERR,ERR,ERR,ERR,ERR,ERR,ERR,ERR,0.0,2.7184303811560617e+23,-100794720.0,0.0,0.0,1.3936040501711995e+18,7.805,0.0,0,0,4,0,7116,0.0,100,0.0,0.0,0.0,0.0,0.0,0,0,0,0,0.0,0,0,0,0,0,0,0,0,0,0,0,0,0,0,0,0,0,0,0,0,0,0,0,0,0,0,0,0,0,0,0,0,0,31,40,40,71,65476,0,300,0,0,8,21553,0.0,-107605600.0,0.0,0.0,0.0,0.0,0.0,0.0,0.0,0.0,0.0,0.0,0.0,0.0,0.0,0.0,0.0,0.0,0.0,0.0,0.0,0.0,-2.004,-0.0,-2.004,-2.004,0.0,0.0,0.0,0.0,4468.0,1.587926141905068e+29,6926.0,0.0,2.7184303811560617e+23,2.718425337124479e+23,-0.0,0.0,0.0,0.0,0.0,69,0.0,5.848046968061515e+35,0.0,0.0,0.0,0.0,0.0,0.0,0.0,0,0,0,0.0,0.0,0.0,0.0,0.0,0.0,0.0,0.0,0.0,0.0,0.0,0.0,0.0,0.0,0.0,0.0,0,-107875648.0,69,0.0,138,0.0,-0.0,0,0,17087,0,17104,39322,17083,0,0,0,70,68,100,-0.0,82.0,0.0,78.8,-0.0,79.0,1,49,50,180,26215,52429,0,0,0.0,0.0,0.0,0.0,-0.0,67.0,0.0,162057.094,0.0,982,0,1014,0,0,0,955,0,1040,0,938,0,793,0,785,0,823,0,7520,0.032,2.5133688800429264e+20,0.0,0.0,784,16797,-0.0,162057.094,-114818.039,-0.0,0.133,6.909358625270745e+28,30.0,70.0,35,0.0,0.0,0.0,0.0,0.0,0.0,0.0,0.0,0.0,0.0,0.0,0.0,0.0,0.0,0.0,0.0,66.4,0,150,71,52,65476,0,300,0,0,8,20529,65476,0,0,44564,70.0,0.0,0.0,0.0,0.0,0.0
2026-09-10T21:10:46,ERR,ERR,ERR,ERR,ERR,ERR,ERR,ERR,ERR,ERR,ERR,ERR,ERR,ERR,ERR,ERR,ERR,ERR,ERR,ERR,ERR,ERR,ERR,ERR,ERR,ERR,ERR,ERR,ERR,ERR,ERR,ERR,ERR,ERR,ERR,ERR,ERR,ERR,ERR,ERR,ERR,ERR,ERR,ERR,ERR,ERR,ERR,ERR,ERR,ERR,ERR,ERR,ERR,ERR,ERR,ERR,ERR,ERR,ERR,ERR,ERR,ERR,ERR,ERR,ERR,ERR,ERR,ERR,ERR,ERR,ERR,ERR,ERR,ERR,ERR,ERR,ERR,ERR,ERR,ERR,ERR,ERR,ERR,ERR,ERR,ERR,ERR,ERR,ERR,ERR,ERR,ERR,ERR,ERR,ERR,ERR,ERR,ERR,ERR,ERR,ERR,ERR,ERR,ERR,ERR,ERR,ERR,ERR,ERR,ERR,ERR,ERR,ERR,ERR,ERR,ERR,ERR,ERR,ERR,ERR,ERR,ERR,ERR,ERR,ERR,0.0,2.7184303811560617e+23,-100794720.0,0.0,0.0,1.3936040501711995e+18,7.805,0.0,0,0,4,0,7116,0.0,100,0.0,0.0,0.0,0.0,0.0,0,0,0,0,0.0,0,0,0,0,0,0,0,0,0,0,0,0,0,0,0,0,0,0,0,0,0,0,0,0,0,0,0,0,0,0,0,0,0,31,40,40,71,65476,0,300,0,0,8,21553,0.0,-107605600.0,0.0,0.0,0.0,0.0,0.0,0.0,0.0,0.0,0.0,0.0,0.0,0.0,0.0,0.0,0.0,0.0,0.0,0.0,0.0,0.0,-2.004,-0.0,-2.004,-2.004,0.0,0.0,0.0,0.0,4468.0,1.587926141905068e+29,6926.0,0.0,2.7184303811560617e+23,2.718425337124479e+23,-0.0,0.0,0.0,0.0,0.0,69,0.0,5.848046968061515e+35,0.0,0.0,0.0,0.0,0.0,0.0,0.0,0,0,0,0.0,0.0,0.0,0.0,0.0,0.0,0.0,0.0,0.0,0.0,0.0,0.0,0.0,0.0,0.0,0.0,0,-107875648.0,69,0.0,138,0.0,-0.0,0,0,17087,0,17104,39322,17083,0,0,0,70,68,100,-0.0,82.0,0.0,78.8,-0.0,79.0,1,49,50,180,26215,52429,0,0,0.0,0.0,0.0,0.0,-0.0,67.0,0.0,162057.094,0.0,982,0,1014,0,0,0,955,0,1040,0,938,0,793,0,785,0,823,0,7520,0.032,2.5133688800429264e+20,0.0,0.0,784,16797,-0.0,162057.094,-114818.039,-0.0,0.133,6.909358625270745e+28,30.0,70.0,35,0.0,0.0,0.0,0.0,0.0,0.0,0.0,0.0,0.0,0.0,0.0,0.0,0.0,0.0,0.0,0.0,66.0,0,150,71,52,65476,0,300,0,0,8,20529,65476,0,0,44564,70.0,0.0,0.0,0.0,0.0,0.0
2026-09-10T21:10:47,ERR,ERR,ERR,ERR,ERR,ERR,ERR,ERR,ERR,ERR,ERR,ERR,ERR,ERR,ERR,ERR,ERR,ERR,ERR,ERR,ERR,ERR,ERR,ERR,ERR,ERR,ERR,ERR,ERR,ERR,ERR,ERR,ERR,ERR,ERR,ERR,ERR,ERR,ERR,ERR,ERR,ERR,ERR,ERR,ERR,ERR,ERR,ERR,ERR,ERR,ERR,ERR,ERR,ERR,ERR,ERR,ERR,ERR,ERR,ERR,ERR,ERR,ERR,ERR,ERR,ERR,ERR,ERR,ERR,ERR,ERR,ERR,ERR,ERR,ERR,ERR,ERR,ERR,ERR,ERR,ERR,ERR,ERR,ERR,ERR,ERR,ERR,ERR,ERR,ERR,ERR,ERR,ERR,ERR,ERR,ERR,ERR,ERR,ERR,ERR,ERR,ERR,ERR,ERR,ERR,ERR,ERR,ERR,ERR,ERR,ERR,ERR,ERR,ERR,ERR,ERR,ERR,ERR,ERR,ERR,ERR,ERR,ERR,ERR,ERR,0.0,2.7184303811560617e+23,-100794720.0,0.0,0.0,1.3936040501711995e+18,7.805,0.0,0,0,4,0,7116,0.0,100,0.0,0.0,0.0,0.0,0.0,0,0,0,0,0.0,0,0,0,0,0,0,0,0,0,0,0,0,0,0,0,0,0,0,0,0,0,0,0,0,0,0,0,0,0,0,0,0,0,31,40,40,71,65476,0,300,0,0,8,21553,0.0,-107605600.0,0.0,0.0,0.0,0.0,0.0,0.0,0.0,0.0,0.0,0.0,0.0,0.0,0.0,0.0,0.0,0.0,0.0,0.0,0.0,0.0,-2.004,-0.0,-2.004,-2.004,0.0,0.0,0.0,0.0,4468.0,1.587926141905068e+29,6926.0,0.0,2.7184303811560617e+23,2.718425337124479e+23,-0.0,0.0,0.0,0.0,0.0,69,0.0,5.848046968061515e+35,0.0,0.0,0.0,0.0,0.0,0.0,0.0,0,0,0,0.0,0.0,0.0,0.0,0.0,0.0,0.0,0.0,0.0,0.0,0.0,0.0,0.0,0.0,0.0,0.0,0,-107875648.0,69,0.0,138,0.0,-0.0,0,0,17087,0,17104,39322,17083,0,0,0,70,68,100,-0.0,82.0,0.0,78.8,-0.0,79.0,1,49,50,180,26215,52429,0,0,0.0,0.0,0.0,0.0,-0.0,67.0,0.0,162057.094,0.0,982,0,1014,0,0,0,955,0,1040,0,938,0,793,0,785,0,823,0,7520,0.032,2.5133688800429264e+20,0.0,0.0,784,16797,-0.0,162057.094,-114818.039,-0.0,0.133,6.909358625270745e+28,30.0,70.0,35,0.0,0.0,0.0,0.0,0.0,0.0,0.0,0.0,0.0,0.0,0.0,0.0,0.0,0.0,0.0,0.0,66.0,0,150,71,52,65476,0,300,0,0,8,20529,65476,0,0,44564,70.0,0.0,0.0,0.0,0.0,0.0
2026-09-10T21:10:48,ERR,ERR,ERR,ERR,ERR,ERR,ERR,ERR,ERR,ERR,ERR,ERR,ERR,ERR,ERR,ERR,ERR,ERR,ERR,ERR,ERR,ERR,ERR,ERR,ERR,ERR,ERR,ERR,ERR,ERR,ERR,ERR,ERR,ERR,ERR,ERR,ERR,ERR,ERR,ERR,ERR,ERR,ERR,ERR,ERR,ERR,ERR,ERR,ERR,ERR,ERR,ERR,ERR,ERR,ERR,ERR,ERR,ERR,ERR,ERR,ERR,ERR,ERR,ERR,ERR,ERR,ERR,ERR,ERR,ERR,ERR,ERR,ERR,ERR,ERR,ERR,ERR,ERR,ERR,ERR,ERR,ERR,ERR,ERR,ERR,ERR,ERR,ERR,ERR,ERR,ERR,ERR,ERR,ERR,ERR,ERR,ERR,ERR,ERR,ERR,ERR,ERR,ERR,ERR,ERR,ERR,ERR,ERR,ERR,ERR,ERR,ERR,ERR,ERR,ERR,ERR,ERR,ERR,ERR,ERR,ERR,ERR,ERR,ERR,ERR,0.0,2.7184303811560617e+23,-100794720.0,0.0,0.0,1.3936040501711995e+18,7.805,0.0,0,0,4,0,7116,0.0,100,0.0,0.0,0.0,0.0,0.0,0,0,0,0,0.0,0,0,0,0,0,0,0,0,0,0,0,0,0,0,0,0,0,0,0,0,0,0,0,0,0,0,0,0,0,0,0,0,0,31,40,40,71,65476,0,300,0,0,8,21553,0.0,-107605600.0,0.0,0.0,0.0,0.0,0.0,0.0,0.0,0.0,0.0,0.0,0.0,0.0,0.0,0.0,0.0,0.0,0.0,0.0,0.0,0.0,-2.004,-0.0,-2.004,-2.004,0.0,0.0,0.0,0.0,4468.0,1.587926141905068e+29,6926.0,0.0,2.7184303811560617e+23,2.718425337124479e+23,-0.0,0.0,0.0,0.0,0.0,69,0.0,5.848046968061515e+35,0.0,0.0,0.0,0.0,0.0,0.0,0.0,0,0,0,0.0,0.0,0.0,0.0,0.0,0.0,0.0,0.0,0.0,0.0,0.0,0.0,0.0,0.0,0.0,0.0,0,-107875648.0,69,0.0,138,0.0,-0.0,0,0,17087,0,17104,39322,17083,0,0,0,70,68,100,-0.0,82.0,0.0,78.8,-0.0,79.0,1,49,50,180,26215,52429,0,0,0.0,0.0,0.0,0.0,-0.0,67.0,0.0,162057.094,0.0,982,0,1014,0,0,0,955,0,1040,0,938,0,793,0,785,0,823,0,7520,0.032,2.5133688800429264e+20,0.0,0.0,784,16797,-0.0,162057.094,-114818.039,-0.0,0.133,6.909358625270745e+28,30.0,70.0,35,0.0,0.0,0.0,0.0,0.0,0.0,0.0,0.0,0.0,0.0,0.0,0.0,0.0,0.0,0.0,0.0,66.4,0,150,71,52,65476,0,300,0,0,8,20529,65476,0,0,44564,70.0,0.0,0.0,0.0,0.0,0.0
2026-09-10T21:10:49,ERR,ERR,ERR,ERR,ERR,ERR,ERR,ERR,ERR,ERR,ERR,ERR,ERR,ERR,ERR,ERR,ERR,ERR,ERR,ERR,ERR,ERR,ERR,ERR,ERR,ERR,ERR,ERR,ERR,ERR,ERR,ERR,ERR,ERR,ERR,ERR,ERR,ERR,ERR,ERR,ERR,ERR,ERR,ERR,ERR,ERR,ERR,ERR,ERR,ERR,ERR,ERR,ERR,ERR,ERR,ERR,ERR,ERR,ERR,ERR,ERR,ERR,ERR,ERR,ERR,ERR,ERR,ERR,ERR,ERR,ERR,ERR,ERR,ERR,ERR,ERR,ERR,ERR,ERR,ERR,ERR,ERR,ERR,ERR,ERR,ERR,ERR,ERR,ERR,ERR,ERR,ERR,ERR,ERR,ERR,ERR,ERR,ERR,ERR,ERR,ERR,ERR,ERR,ERR,ERR,ERR,ERR,ERR,ERR,ERR,ERR,ERR,ERR,ERR,ERR,ERR,ERR,ERR,ERR,ERR,ERR,ERR,ERR,ERR,ERR,0.0,2.7184303811560617e+23,-100794720.0,0.0,0.0,1.3936040501711995e+18,7.805,0.0,0,0,4,0,7116,0.0,100,0.0,0.0,0.0,0.0,0.0,0,0,0,0,0.0,0,0,0,0,0,0,0,0,0,0,0,0,0,0,0,0,0,0,0,0,0,0,0,0,0,0,0,0,0,0,0,0,0,31,40,40,71,65476,0,300,0,0,8,21553,0.0,-107605600.0,0.0,0.0,0.0,0.0,0.0,0.0,0.0,0.0,0.0,0.0,0.0,0.0,0.0,0.0,0.0,0.0,0.0,0.0,0.0,0.0,-2.004,-0.0,-2.004,-2.004,0.0,0.0,0.0,0.0,4468.0,1.587926141905068e+29,6926.0,0.0,2.7184303811560617e+23,2.718425337124479e+23,-0.0,0.0,0.0,0.0,0.0,69,0.0,5.848046968061515e+35,0.0,0.0,0.0,0.0,0.0,0.0,0.0,0,0,0,0.0,0.0,0.0,0.0,0.0,0.0,0.0,0.0,0.0,0.0,0.0,0.0,0.0,0.0,0.0,0.0,0,-107875648.0,69,0.0,138,0.0,-0.0,0,0,17087,0,17104,39322,17083,0,0,0,70,68,100,-0.0,82.0,0.0,78.8,-0.0,79.0,1,49,50,180,26215,52429,0,0,0.0,0.0,0.0,0.0,-0.0,67.0,0.0,162057.094,0.0,982,0,1014,0,0,0,955,0,1040,0,938,0,793,0,785,0,823,0,7520,0.032,2.5133688800429264e+20,0.0,0.0,784,16797,-0.0,162057.094,-114818.039,-0.0,0.133,6.909358625270745e+28,30.0,70.0,35,0.0,0.0,0.0,0.0,0.0,0.0,0.0,0.0,0.0,0.0,0.0,0.0,0.0,0.0,0.0,0.0,66.4,0,150,71,52,65476,0,300,0,0,8,20529,65476,0,0,44564,70.0,0.0,0.0,0.0,0.0,0.0
2026-09-10T21:10:50,ERR,ERR,ERR,ERR,ERR,ERR,ERR,ERR,ERR,ERR,ERR,ERR,ERR,ERR,ERR,ERR,ERR,ERR,ERR,ERR,ERR,ERR,ERR,ERR,ERR,ERR,ERR,ERR,ERR,ERR,ERR,ERR,ERR,ERR,ERR,ERR,ERR,ERR,ERR,ERR,ERR,ERR,ERR,ERR,ERR,ERR,ERR,ERR,ERR,ERR,ERR,ERR,ERR,ERR,ERR,ERR,ERR,ERR,ERR,ERR,ERR,ERR,ERR,ERR,ERR,ERR,ERR,ERR,ERR,ERR,ERR,ERR,ERR,ERR,ERR,ERR,ERR,ERR,ERR,ERR,ERR,ERR,ERR,ERR,ERR,ERR,ERR,ERR,ERR,ERR,ERR,ERR,ERR,ERR,ERR,ERR,ERR,ERR,ERR,ERR,ERR,ERR,ERR,ERR,ERR,ERR,ERR,ERR,ERR,ERR,ERR,ERR,ERR,ERR,ERR,ERR,ERR,ERR,ERR,ERR,ERR,ERR,ERR,ERR,ERR,0.0,2.7184303811560617e+23,-100794720.0,0.0,0.0,1.3936040501711995e+18,7.805,0.0,0,0,4,0,7116,0.0,100,0.0,0.0,0.0,0.0,0.0,0,0,0,0,0.0,0,0,0,0,0,0,0,0,0,0,0,0,0,0,0,0,0,0,0,0,0,0,0,0,0,0,0,0,0,0,0,0,0,31,40,40,71,65476,0,300,0,0,8,21553,0.0,-107605600.0,0.0,0.0,0.0,0.0,0.0,0.0,0.0,0.0,0.0,0.0,0.0,0.0,0.0,0.0,0.0,0.0,0.0,0.0,0.0,0.0,-2.004,-0.0,-2.004,-2.004,0.0,0.0,0.0,0.0,4468.0,1.587926141905068e+29,6926.0,0.0,2.7184303811560617e+23,2.718425337124479e+23,-0.0,0.0,0.0,0.0,0.0,69,0.0,5.848046968061515e+35,0.0,0.0,0.0,0.0,0.0,0.0,0.0,0,0,0,0.0,0.0,0.0,0.0,0.0,0.0,0.0,0.0,0.0,0.0,0.0,0.0,0.0,0.0,0.0,0.0,0,-107875648.0,69,0.0,138,0.0,-0.0,0,0,17087,0,17104,39322,17083,0,0,0,70,68,100,-0.0,82.0,0.0,78.8,-0.0,79.0,1,49,50,180,26215,52429,0,0,0.0,0.0,0.0,0.0,-0.0,67.0,0.0,162057.094,0.0,982,0,1014,0,0,0,955,0,1040,0,938,0,793,0,785,0,823,0,7520,0.032,2.5133688800429264e+20,0.0,0.0,784,16797,-0.0,162057.094,-114818.039,-0.0,0.133,6.909358625270745e+28,30.0,70.0,35,0.0,0.0,0.0,0.0,0.0,0.0,0.0,0.0,0.0,0.0,0.0,0.0,0.0,0.0,0.0,0.0,66.4,0,150,71,52,65476,0,300,0,0,8,20529,65476,0,0,44564,70.0,0.0,0.0,0.0,0.0,0.0
2026-09-10T21:10:51,ERR,ERR,ERR,ERR,ERR,ERR,ERR,ERR,ERR,ERR,ERR,ERR,ERR,ERR,ERR,ERR,ERR,ERR,ERR,ERR,ERR,ERR,ERR,ERR,ERR,ERR,ERR,ERR,ERR,ERR,ERR,ERR,ERR,ERR,ERR,ERR,ERR,ERR,ERR,ERR,ERR,ERR,ERR,ERR,ERR,ERR,ERR,ERR,ERR,ERR,ERR,ERR,ERR,ERR,ERR,ERR,ERR,ERR,ERR,ERR,ERR,ERR,ERR,ERR,ERR,ERR,ERR,ERR,ERR,ERR,ERR,ERR,ERR,ERR,ERR,ERR,ERR,ERR,ERR,ERR,ERR,ERR,ERR,ERR,ERR,ERR,ERR,ERR,ERR,ERR,ERR,ERR,ERR,ERR,ERR,ERR,ERR,ERR,ERR,ERR,ERR,ERR,ERR,ERR,ERR,ERR,ERR,ERR,ERR,ERR,ERR,ERR,ERR,ERR,ERR,ERR,ERR,ERR,ERR,ERR,ERR,ERR,ERR,ERR,ERR,0.0,2.7184303811560617e+23,-100794720.0,0.0,0.0,1.3936040501711995e+18,7.805,0.0,0,0,4,0,7116,0.0,100,0.0,0.0,0.0,0.0,0.0,0,0,0,0,0.0,0,0,0,0,0,0,0,0,0,0,0,0,0,0,0,0,0,0,0,0,0,0,0,0,0,0,0,0,0,0,0,0,0,31,40,40,71,65476,0,300,0,0,8,21553,0.0,-107605600.0,0.0,0.0,0.0,0.0,0.0,0.0,0.0,0.0,0.0,0.0,0.0,0.0,0.0,0.0,0.0,0.0,0.0,0.0,0.0,0.0,-2.004,-0.0,-2.004,-2.004,0.0,0.0,0.0,0.0,4468.0,1.587926141905068e+29,6926.0,0.0,2.7184303811560617e+23,2.718425337124479e+23,-0.0,0.0,0.0,0.0,0.0,69,0.0,5.848046968061515e+35,0.0,0.0,0.0,0.0,0.0,0.0,0.0,0,0,0,0.0,0.0,0.0,0.0,0.0,0.0,0.0,0.0,0.0,0.0,0.0,0.0,0.0,0.0,0.0,0.0,0,-107875648.0,69,0.0,138,0.0,-0.0,0,0,17087,0,17104,39322,17083,0,0,0,70,68,100,-0.0,82.0,0.0,78.8,-0.0,79.0,1,49,50,180,26215,52429,0,0,0.0,0.0,0.0,0.0,-0.0,67.0,0.0,162057.094,0.0,982,0,1014,0,0,0,955,0,1040,0,938,0,793,0,785,0,823,0,7520,0.032,2.5133688800429264e+20,0.0,0.0,784,16797,-0.0,162057.094,-114818.039,-0.0,0.133,6.909358625270745e+28,30.0,70.0,35,0.0,0.0,0.0,0.0,0.0,0.0,0.0,0.0,0.0,0.0,0.0,0.0,0.0,0.0,0.0,0.0,66.0,0,150,71,52,65476,0,300,0,0,8,20529,65476,0,0,44564,70.0,0.0,0.0,0.0,0.0,0.0
2026-09-10T21:10:52,ERR,ERR,ERR,ERR,ERR,ERR,ERR,ERR,ERR,ERR,ERR,ERR,ERR,ERR,ERR,ERR,ERR,ERR,ERR,ERR,ERR,ERR,ERR,ERR,ERR,ERR,ERR,ERR,ERR,ERR,ERR,ERR,ERR,ERR,ERR,ERR,ERR,ERR,ERR,ERR,ERR,ERR,ERR,ERR,ERR,ERR,ERR,ERR,ERR,ERR,ERR,ERR,ERR,ERR,ERR,ERR,ERR,ERR,ERR,ERR,ERR,ERR,ERR,ERR,ERR,ERR,ERR,ERR,ERR,ERR,ERR,ERR,ERR,ERR,ERR,ERR,ERR,ERR,ERR,ERR,ERR,ERR,ERR,ERR,ERR,ERR,ERR,ERR,ERR,ERR,ERR,ERR,ERR,ERR,ERR,ERR,ERR,ERR,ERR,ERR,ERR,ERR,ERR,ERR,ERR,ERR,ERR,ERR,ERR,ERR,ERR,ERR,ERR,ERR,ERR,ERR,ERR,ERR,ERR,ERR,ERR,ERR,ERR,ERR,ERR,0.0,2.7184303811560617e+23,-100794720.0,0.0,0.0,1.3936040501711995e+18,7.805,0.0,0,0,4,0,7116,0.0,100,0.0,0.0,0.0,0.0,0.0,0,0,0,0,0.0,0,0,0,0,0,0,0,0,0,0,0,0,0,0,0,0,0,0,0,0,0,0,0,0,0,0,0,0,0,0,0,0,0,31,40,40,71,65476,0,300,0,0,8,21553,0.0,-107605600.0,0.0,0.0,0.0,0.0,0.0,0.0,0.0,0.0,0.0,0.0,0.0,0.0,0.0,0.0,0.0,0.0,0.0,0.0,0.0,0.0,-2.004,-0.0,-2.004,-2.004,0.0,0.0,0.0,0.0,4468.0,1.587926141905068e+29,6926.0,0.0,2.7184303811560617e+23,2.718425337124479e+23,-0.0,0.0,0.0,0.0,0.0,69,0.0,5.848046968061515e+35,0.0,0.0,0.0,0.0,0.0,0.0,0.0,0,0,0,0.0,0.0,0.0,0.0,0.0,0.0,0.0,0.0,0.0,0.0,0.0,0.0,0.0,0.0,0.0,0.0,0,-107875648.0,69,0.0,138,0.0,-0.0,0,0,17087,0,17104,39322,17083,0,0,0,70,68,100,-0.0,82.0,0.0,78.8,-0.0,79.0,1,49,50,180,26215,52429,0,0,0.0,0.0,0.0,0.0,-0.0,67.0,0.0,162057.094,0.0,982,0,1014,0,0,0,955,0,1040,0,938,0,793,0,785,0,823,0,7520,0.032,2.5133688800429264e+20,0.0,0.0,784,16797,-0.0,162057.094,-114818.039,-0.0,0.133,6.909358625270745e+28,30.0,70.0,35,0.0,0.0,0.0,0.0,0.0,0.0,0.0,0.0,0.0,0.0,0.0,0.0,0.0,0.0,0.0,0.0,66.0,0,150,71,52,65476,0,300,0,0,8,20529,65476,0,0,44564,70.0,0.0,0.0,0.0,0.0,0.0
2026-09-10T21:10:53,ERR,ERR,ERR,ERR,ERR,ERR,ERR,ERR,ERR,ERR,ERR,ERR,ERR,ERR,ERR,ERR,ERR,ERR,ERR,ERR,ERR,ERR,ERR,ERR,ERR,ERR,ERR,ERR,ERR,ERR,ERR,ERR,ERR,ERR,ERR,ERR,ERR,ERR,ERR,ERR,ERR,ERR,ERR,ERR,ERR,ERR,ERR,ERR,ERR,ERR,ERR,ERR,ERR,ERR,ERR,ERR,ERR,ERR,ERR,ERR,ERR,ERR,ERR,ERR,ERR,ERR,ERR,ERR,ERR,ERR,ERR,ERR,ERR,ERR,ERR,ERR,ERR,ERR,ERR,ERR,ERR,ERR,ERR,ERR,ERR,ERR,ERR,ERR,ERR,ERR,ERR,ERR,ERR,ERR,ERR,ERR,ERR,ERR,ERR,ERR,ERR,ERR,ERR,ERR,ERR,ERR,ERR,ERR,ERR,ERR,ERR,ERR,ERR,ERR,ERR,ERR,ERR,ERR,ERR,ERR,ERR,ERR,ERR,ERR,ERR,0.0,2.7184303811560617e+23,-100794720.0,0.0,0.0,1.3936040501711995e+18,7.805,0.0,0,0,4,0,7116,0.0,100,0.0,0.0,0.0,0.0,0.0,0,0,0,0,0.0,0,0,0,0,0,0,0,0,0,0,0,0,0,0,0,0,0,0,0,0,0,0,0,0,0,0,0,0,0,0,0,0,0,31,40,40,71,65476,0,300,0,0,8,21553,0.0,-107605600.0,0.0,0.0,0.0,0.0,0.0,0.0,0.0,0.0,0.0,0.0,0.0,0.0,0.0,0.0,0.0,0.0,0.0,0.0,0.0,0.0,-2.004,-0.0,-2.004,-2.004,0.0,0.0,0.0,0.0,4471.0,-0.0,6932.0,-107615312.0,2.7184303811560617e+23,-107615136.0,-0.0,0.0,0.0,0.0,0.0,69,0.0,-0.0,0.0,0.0,0.0,0.0,0.0,0.0,0.0,0,0,0,0.0,0.0,0.0,0.0,0.0,0.0,0.0,0.0,0.0,0.0,0.0,0.0,0.0,0.0,0.0,0.0,0,-107875648.0,69,0.0,138,0.0,-0.0,0,0,17087,0,17104,39322,17083,0,0,0,70,68,100,-0.0,82.0,0.0,78.8,-0.0,79.0,1,49,50,180,26215,52429,0,0,0.0,0.0,0.0,0.0,-0.0,67.0,0.0,162057.094,0.0,982,0,1014,0,0,0,955,0,1040,0,938,0,793,0,785,0,823,0,7520,0.032,2.5133688800429264e+20,0.0,0.0,784,16797,-0.0,162057.094,-114818.039,-0.0,0.133,6.909358625270745e+28,30.0,70.0,35,0.0,0.0,0.0,0.0,0.0,0.0,0.0,0.0,0.0,0.0,0.0,0.0,0.0,0.0,0.0,0.0,66.0,0,150,71,52,65476,0,300,0,0,8,20529,65476,0,0,44564,70.0,0.0,0.0,0.0,0.0,0.0
2026-09-10T21:10:54,ERR,ERR,ERR,ERR,ERR,ERR,ERR,ERR,ERR,ERR,ERR,ERR,ERR,ERR,ERR,ERR,ERR,ERR,ERR,ERR,ERR,ERR,ERR,ERR,ERR,ERR,ERR,ERR,ERR,ERR,ERR,ERR,ERR,ERR,ERR,ERR,ERR,ERR,ERR,ERR,ERR,ERR,ERR,ERR,ERR,ERR,ERR,ERR,ERR,ERR,ERR,ERR,ERR,ERR,ERR,ERR,ERR,ERR,ERR,ERR,ERR,ERR,ERR,ERR,ERR,ERR,ERR,ERR,ERR,ERR,ERR,ERR,ERR,ERR,ERR,ERR,ERR,ERR,ERR,ERR,ERR,ERR,ERR,ERR,ERR,ERR,ERR,ERR,ERR,ERR,ERR,ERR,ERR,ERR,ERR,ERR,ERR,ERR,ERR,ERR,ERR,ERR,ERR,ERR,ERR,ERR,ERR,ERR,ERR,ERR,ERR,ERR,ERR,ERR,ERR,ERR,ERR,ERR,ERR,ERR,ERR,ERR,ERR,ERR,ERR,0.0,2.7184303811560617e+23,-100794720.0,0.0,0.0,1.3936040501711995e+18,7.805,0.0,0,0,4,0,7116,0.0,100,0.0,0.0,0.0,0.0,0.0,0,0,0,0,0.0,0,0,0,0,0,0,0,0,0,0,0,0,0,0,0,0,0,0,0,0,0,0,0,0,0,0,0,0,0,0,0,0,0,31,40,40,71,65476,0,300,0,0,8,21553,0.0,-107605600.0,0.0,0.0,0.0,0.0,0.0,0.0,0.0,0.0,0.0,0.0,0.0,0.0,0.0,0.0,0.0,0.0,0.0,0.0,0.0,0.0,-2.004,-0.0,-2.004,-2.004,0.0,0.0,0.0,0.0,4471.0,-0.0,6932.0,-107615312.0,2.7184303811560617e+23,-107615136.0,-0.0,0.0,0.0,0.0,0.0,69,0.0,-0.0,0.0,0.0,0.0,0.0,0.0,0.0,0.0,0,0,0,0.0,0.0,0.0,0.0,0.0,0.0,0.0,0.0,0.0,0.0,0.0,0.0,0.0,0.0,0.0,0.0,0,-107875648.0,69,0.0,138,0.0,-0.0,0,0,17087,0,17104,39322,17083,0,0,0,70,68,100,-0.0,82.0,0.0,78.8,-0.0,79.0,1,49,50,180,26215,52429,0,0,0.0,0.0,0.0,0.0,-0.0,67.0,0.0,162057.094,0.0,982,0,1014,0,0,0,955,0,1040,0,938,0,793,0,785,0,823,0,7520,0.032,2.5133688800429264e+20,0.0,0.0,784,16797,-0.0,162057.094,-114818.039,-0.0,0.133,6.909358625270745e+28,30.0,70.0,35,0.0,0.0,0.0,0.0,0.0,0.0,0.0,0.0,0.0,0.0,0.0,0.0,0.0,0.0,0.0,0.0,66.0,0,150,71,52,65476,0,300,0,0,8,20529,65476,0,0,44564,70.0,0.0,0.0,0.0,0.0,0.0
2026-09-10T21:10:55,ERR,ERR,ERR,ERR,ERR,ERR,ERR,ERR,ERR,ERR,ERR,ERR,ERR,ERR,ERR,ERR,ERR,ERR,ERR,ERR,ERR,ERR,ERR,ERR,ERR,ERR,ERR,ERR,ERR,ERR,ERR,ERR,ERR,ERR,ERR,ERR,ERR,ERR,ERR,ERR,ERR,ERR,ERR,ERR,ERR,ERR,ERR,ERR,ERR,ERR,ERR,ERR,ERR,ERR,ERR,ERR,ERR,ERR,ERR,ERR,ERR,ERR,ERR,ERR,ERR,ERR,ERR,ERR,ERR,ERR,ERR,ERR,ERR,ERR,ERR,ERR,ERR,ERR,ERR,ERR,ERR,ERR,ERR,ERR,ERR,ERR,ERR,ERR,ERR,ERR,ERR,ERR,ERR,ERR,ERR,ERR,ERR,ERR,ERR,ERR,ERR,ERR,ERR,ERR,ERR,ERR,ERR,ERR,ERR,ERR,ERR,ERR,ERR,ERR,ERR,ERR,ERR,ERR,ERR,ERR,ERR,ERR,ERR,ERR,ERR,0.0,2.7184303811560617e+23,-100794720.0,0.0,0.0,1.3936040501711995e+18,7.805,0.0,0,0,4,0,7116,0.0,100,0.0,0.0,0.0,0.0,0.0,0,0,0,0,0.0,0,0,0,0,0,0,0,0,0,0,0,0,0,0,0,0,0,0,0,0,0,0,0,0,0,0,0,0,0,0,0,0,0,31,40,40,71,65476,0,300,0,0,8,21553,0.0,-107605600.0,0.0,0.0,0.0,0.0,0.0,0.0,0.0,0.0,0.0,0.0,0.0,0.0,0.0,0.0,0.0,0.0,0.0,0.0,0.0,0.0,-2.004,-0.0,-2.004,-2.004,0.0,0.0,0.0,0.0,4471.0,-0.0,6932.0,-107615312.0,2.7184303811560617e+23,-107615136.0,-0.0,0.0,0.0,0.0,0.0,69,0.0,-0.0,0.0,0.0,0.0,0.0,0.0,0.0,0.0,0,0,0,0.0,0.0,0.0,0.0,0.0,0.0,0.0,0.0,0.0,0.0,0.0,0.0,0.0,0.0,0.0,0.0,0,-107875648.0,69,0.0,138,0.0,-0.0,0,0,17087,0,17104,39322,17083,0,0,0,70,68,100,-0.0,82.4,-107615456.0,78.8,-0.0,79.0,1,49,50,180,26215,52429,0,0,0.0,0.0,0.0,0.0,-0.0,67.0,0.0,162057.094,0.0,982,0,1014,0,0,0,955,0,1040,0,938,0,793,0,785,0,823,0,7520,0.032,2.5133688800429264e+20,0.0,0.0,784,16797,-0.0,162057.094,-114818.039,-0.0,0.133,6.909358625270745e+28,30.0,70.0,35,0.0,0.0,0.0,0.0,0.0,0.0,0.0,0.0,0.0,0.0,0.0,0.0,0.0,0.0,0.0,0.0,66.0,0,150,71,52,65476,0,300,0,0,8,20529,65476,0,0,44564,70.0,0.0,0.0,0.0,0.0,0.0
2026-09-10T21:10:56,ERR,ERR,ERR,ERR,ERR,ERR,ERR,ERR,ERR,ERR,ERR,ERR,ERR,ERR,ERR,ERR,ERR,ERR,ERR,ERR,ERR,ERR,ERR,ERR,ERR,ERR,ERR,ERR,ERR,ERR,ERR,ERR,ERR,ERR,ERR,ERR,ERR,ERR,ERR,ERR,ERR,ERR,ERR,ERR,ERR,ERR,ERR,ERR,ERR,ERR,ERR,ERR,ERR,ERR,ERR,ERR,ERR,ERR,ERR,ERR,ERR,ERR,ERR,ERR,ERR,ERR,ERR,ERR,ERR,ERR,ERR,ERR,ERR,ERR,ERR,ERR,ERR,ERR,ERR,ERR,ERR,ERR,ERR,ERR,ERR,ERR,ERR,ERR,ERR,ERR,ERR,ERR,ERR,ERR,ERR,ERR,ERR,ERR,ERR,ERR,ERR,ERR,ERR,ERR,ERR,ERR,ERR,ERR,ERR,ERR,ERR,ERR,ERR,ERR,ERR,ERR,ERR,ERR,ERR,ERR,ERR,ERR,ERR,ERR,ERR,0.0,2.7184303811560617e+23,-100794720.0,0.0,0.0,1.3936040501711995e+18,7.805,0.0,0,0,4,0,7116,0.0,100,0.0,0.0,0.0,0.0,0.0,0,0,0,0,0.0,0,0,0,0,0,0,0,0,0,0,0,0,0,0,0,0,0,0,0,0,0,0,0,0,0,0,0,0,0,0,0,0,0,31,40,40,71,65476,0,300,0,0,8,21553,0.0,-107605600.0,0.0,0.0,0.0,0.0,0.0,0.0,0.0,0.0,0.0,0.0,0.0,0.0,0.0,0.0,0.0,0.0,0.0,0.0,0.0,0.0,-2.004,-0.0,-2.004,-2.004,0.0,0.0,0.0,0.0,4471.0,-0.0,6932.0,-107615312.0,2.7184303811560617e+23,-107615136.0,-0.0,0.0,0.0,0.0,0.0,69,0.0,-0.0,0.0,0.0,0.0,0.0,0.0,0.0,0.0,0,0,0,0.0,0.0,0.0,0.0,0.0,0.0,0.0,0.0,0.0,0.0,0.0,0.0,0.0,0.0,0.0,0.0,0,-107875648.0,69,0.0,138,0.0,-0.0,0,0,17087,0,17104,39322,17083,0,0,0,70,68,100,-0.0,82.4,-107615456.0,78.8,-0.0,79.0,1,49,50,180,26215,52429,0,0,0.0,0.0,0.0,0.0,-0.0,67.0,0.0,162057.094,0.0,982,0,1014,0,0,0,955,0,1040,0,938,0,793,0,785,0,823,0,7520,0.032,2.5133688800429264e+20,0.0,0.0,784,16797,-0.0,162057.094,-114818.039,-0.0,0.133,6.909358625270745e+28,30.0,70.0,35,0.0,0.0,0.0,0.0,0.0,0.0,0.0,0.0,0.0,0.0,0.0,0.0,0.0,0.0,0.0,0.0,66.0,0,150,71,52,65476,0,300,0,0,8,20529,65476,0,0,44564,70.0,0.0,0.0,0.0,0.0,0.0
2026-09-10T21:10:57,ERR,ERR,ERR,ERR,ERR,ERR,ERR,ERR,ERR,ERR,ERR,ERR,ERR,ERR,ERR,ERR,ERR,ERR,ERR,ERR,ERR,ERR,ERR,ERR,ERR,ERR,ERR,ERR,ERR,ERR,ERR,ERR,ERR,ERR,ERR,ERR,ERR,ERR,ERR,ERR,ERR,ERR,ERR,ERR,ERR,ERR,ERR,ERR,ERR,ERR,ERR,ERR,ERR,ERR,ERR,ERR,ERR,ERR,ERR,ERR,ERR,ERR,ERR,ERR,ERR,ERR,ERR,ERR,ERR,ERR,ERR,ERR,ERR,ERR,ERR,ERR,ERR,ERR,ERR,ERR,ERR,ERR,ERR,ERR,ERR,ERR,ERR,ERR,ERR,ERR,ERR,ERR,ERR,ERR,ERR,ERR,ERR,ERR,ERR,ERR,ERR,ERR,ERR,ERR,ERR,ERR,ERR,ERR,ERR,ERR,ERR,ERR,ERR,ERR,ERR,ERR,ERR,ERR,ERR,ERR,ERR,ERR,ERR,ERR,ERR,0.0,2.7184303811560617e+23,-100794720.0,0.0,0.0,1.3936040501711995e+18,7.805,0.0,0,0,4,0,7116,0.0,100,0.0,0.0,0.0,0.0,0.0,0,0,0,0,0.0,0,0,0,0,0,0,0,0,0,0,0,0,0,0,0,0,0,0,0,0,0,0,0,0,0,0,0,0,0,0,0,0,0,31,40,40,71,65476,0,300,0,0,8,21553,0.0,-107605600.0,0.0,0.0,0.0,0.0,0.0,0.0,0.0,0.0,0.0,0.0,0.0,0.0,0.0,0.0,0.0,0.0,0.0,0.0,0.0,0.0,-2.004,-0.0,-2.004,-2.004,0.0,0.0,0.0,0.0,4471.0,-0.0,6932.0,-107615312.0,2.7184303811560617e+23,-107615136.0,-0.0,0.0,0.0,0.0,0.0,69,0.0,-0.0,0.0,0.0,0.0,0.0,0.0,0.0,0.0,0,0,0,0.0,0.0,0.0,0.0,0.0,0.0,0.0,0.0,0.0,0.0,0.0,0.0,0.0,0.0,0.0,0.0,0,-107875648.0,69,0.0,138,0.0,-0.0,0,0,17087,0,17104,39322,17083,0,0,0,70,68,100,-0.0,82.4,-107615456.0,78.8,-0.0,79.0,1,49,50,180,26215,52429,0,0,0.0,0.0,0.0,0.0,-0.0,67.0,0.0,162057.094,0.0,982,0,1014,0,0,0,955,0,1040,0,938,0,793,0,785,0,823,0,7520,0.032,2.5133688800429264e+20,0.0,0.0,784,16797,-0.0,162057.094,-114818.039,-0.0,0.133,6.909358625270745e+28,30.0,70.0,35,0.0,0.0,0.0,0.0,0.0,0.0,0.0,0.0,0.0,0.0,0.0,0.0,0.0,0.0,0.0,0.0,66.0,0,150,71,52,65476,0,300,0,0,8,20529,65476,0,0,44564,70.0,0.0,0.0,0.0,0.0,0.0
2026-09-10T21:10:58,ERR,ERR,ERR,ERR,ERR,ERR,ERR,ERR,ERR,ERR,ERR,ERR,ERR,ERR,ERR,ERR,ERR,ERR,ERR,ERR,ERR,ERR,ERR,ERR,ERR,ERR,ERR,ERR,ERR,ERR,ERR,ERR,ERR,ERR,ERR,ERR,ERR,ERR,ERR,ERR,ERR,ERR,ERR,ERR,ERR,ERR,ERR,ERR,ERR,ERR,ERR,ERR,ERR,ERR,ERR,ERR,ERR,ERR,ERR,ERR,ERR,ERR,ERR,ERR,ERR,ERR,ERR,ERR,ERR,ERR,ERR,ERR,ERR,ERR,ERR,ERR,ERR,ERR,ERR,ERR,ERR,ERR,ERR,ERR,ERR,ERR,ERR,ERR,ERR,ERR,ERR,ERR,ERR,ERR,ERR,ERR,ERR,ERR,ERR,ERR,ERR,ERR,ERR,ERR,ERR,ERR,ERR,ERR,ERR,ERR,ERR,ERR,ERR,ERR,ERR,ERR,ERR,ERR,ERR,ERR,ERR,ERR,ERR,ERR,ERR,0.0,2.7184303811560617e+23,-100794720.0,0.0,0.0,1.3936040501711995e+18,7.805,0.0,0,0,4,0,7116,0.0,100,0.0,0.0,0.0,0.0,0.0,0,0,0,0,0.0,0,0,0,0,0,0,0,0,0,0,0,0,0,0,0,0,0,0,0,0,0,0,0,0,0,0,0,0,0,0,0,0,0,31,40,40,71,65476,0,300,0,0,8,21553,0.0,-107605600.0,0.0,0.0,0.0,0.0,0.0,0.0,0.0,0.0,0.0,0.0,0.0,0.0,0.0,0.0,0.0,0.0,0.0,0.0,0.0,0.0,-2.004,-0.0,-2.004,-2.004,0.0,0.0,0.0,0.0,4471.0,-0.0,6932.0,-107615312.0,2.7184303811560617e+23,-107615136.0,-0.0,0.0,0.0,0.0,0.0,69,0.0,-0.0,0.0,0.0,0.0,0.0,0.0,0.0,0.0,0,0,0,0.0,0.0,0.0,0.0,0.0,0.0,0.0,0.0,0.0,0.0,0.0,0.0,0.0,0.0,0.0,0.0,0,-107875648.0,69,0.0,138,0.0,-0.0,0,0,17087,0,17104,39322,17083,0,0,0,70,68,100,-0.0,82.4,-107615456.0,78.8,-0.0,79.0,1,49,50,180,26215,52429,0,0,0.0,0.0,0.0,0.0,-0.0,67.0,0.0,162057.094,0.0,982,0,1014,0,0,0,955,0,1040,0,938,0,793,0,785,0,823,0,7520,0.032,2.5133688800429264e+20,0.0,0.0,784,16797,-0.0,162057.094,-114818.039,-0.0,0.133,6.909358625270745e+28,30.0,70.0,35,0.0,0.0,0.0,0.0,0.0,0.0,0.0,0.0,0.0,0.0,0.0,0.0,0.0,0.0,0.0,0.0,66.0,0,150,71,52,65476,0,300,0,0,8,20529,65476,0,0,44564,70.0,0.0,0.0,0.0,0.0,0.0
2026-09-10T21:10:59,ERR,ERR,ERR,ERR,ERR,ERR,ERR,ERR,ERR,ERR,ERR,ERR,ERR,ERR,ERR,ERR,ERR,ERR,ERR,ERR,ERR,ERR,ERR,ERR,ERR,ERR,ERR,ERR,ERR,ERR,ERR,ERR,ERR,ERR,ERR,ERR,ERR,ERR,ERR,ERR,ERR,ERR,ERR,ERR,ERR,ERR,ERR,ERR,ERR,ERR,ERR,ERR,ERR,ERR,ERR,ERR,ERR,ERR,ERR,ERR,ERR,ERR,ERR,ERR,ERR,ERR,ERR,ERR,ERR,ERR,ERR,ERR,ERR,ERR,ERR,ERR,ERR,ERR,ERR,ERR,ERR,ERR,ERR,ERR,ERR,ERR,ERR,ERR,ERR,ERR,ERR,ERR,ERR,ERR,ERR,ERR,ERR,ERR,ERR,ERR,ERR,ERR,ERR,ERR,ERR,ERR,ERR,ERR,ERR,ERR,ERR,ERR,ERR,ERR,ERR,ERR,ERR,ERR,ERR,ERR,ERR,ERR,ERR,ERR,ERR,0.0,2.7184303811560617e+23,-100794720.0,0.0,0.0,1.3936040501711995e+18,7.805,0.0,0,0,4,0,7116,0.0,100,0.0,0.0,0.0,0.0,0.0,0,0,0,0,0.0,0,0,0,0,0,0,0,0,0,0,0,0,0,0,0,0,0,0,0,0,0,0,0,0,0,0,0,0,0,0,0,0,0,31,40,40,71,65476,0,300,0,0,8,21553,0.0,-107605600.0,0.0,0.0,0.0,0.0,0.0,0.0,0.0,0.0,0.0,0.0,0.0,0.0,0.0,0.0,0.0,0.0,0.0,0.0,0.0,0.0,-2.004,-0.0,-2.004,-2.004,0.0,0.0,0.0,0.0,4471.0,-0.0,6932.0,-107615312.0,2.7184303811560617e+23,-107615136.0,-0.0,0.0,0.0,0.0,0.0,69,0.0,-0.0,0.0,0.0,0.0,0.0,0.0,0.0,0.0,0,0,0,0.0,0.0,0.0,0.0,0.0,0.0,0.0,0.0,0.0,0.0,0.0,0.0,0.0,0.0,0.0,0.0,0,-107875648.0,69,0.0,138,0.0,-0.0,0,0,17087,0,17104,39322,17083,0,0,0,70,68,100,-0.0,82.4,-107615456.0,78.8,-0.0,79.0,1,49,50,180,26215,52429,0,0,0.0,0.0,0.0,0.0,-0.0,67.0,0.0,162057.094,0.0,982,0,1014,0,0,0,955,0,1040,0,938,0,793,0,785,0,823,0,7520,0.032,2.5133688800429264e+20,0.0,0.0,784,16797,-0.0,162057.094,-114818.039,-0.0,0.133,6.909358625270745e+28,30.0,70.0,35,0.0,0.0,0.0,0.0,0.0,0.0,0.0,0.0,0.0,0.0,0.0,0.0,0.0,0.0,0.0,0.0,66.0,0,150,71,52,65476,0,300,0,0,8,20529,65476,0,0,44564,70.0,0.0,0.0,0.0,0.0,0.0
2026-09-10T21:11:00,ERR,ERR,ERR,ERR,ERR,ERR,ERR,ERR,ERR,ERR,ERR,ERR,ERR,ERR,ERR,ERR,ERR,ERR,ERR,ERR,ERR,ERR,ERR,ERR,ERR,ERR,ERR,ERR,ERR,ERR,ERR,ERR,ERR,ERR,ERR,ERR,ERR,ERR,ERR,ERR,ERR,ERR,ERR,ERR,ERR,ERR,ERR,ERR,ERR,ERR,ERR,ERR,ERR,ERR,ERR,ERR,ERR,ERR,ERR,ERR,ERR,ERR,ERR,ERR,ERR,ERR,ERR,ERR,ERR,ERR,ERR,ERR,ERR,ERR,ERR,ERR,ERR,ERR,ERR,ERR,ERR,ERR,ERR,ERR,ERR,ERR,ERR,ERR,ERR,ERR,ERR,ERR,ERR,ERR,ERR,ERR,ERR,ERR,ERR,ERR,ERR,ERR,ERR,ERR,ERR,ERR,ERR,ERR,ERR,ERR,ERR,ERR,ERR,ERR,ERR,ERR,ERR,ERR,ERR,ERR,ERR,ERR,ERR,ERR,ERR,0.0,2.7184303811560617e+23,-100794720.0,0.0,0.0,1.3936040501711995e+18,7.805,0.0,0,0,4,0,7116,0.0,100,0.0,0.0,0.0,0.0,0.0,0,0,0,0,0.0,0,0,0,0,0,0,0,0,0,0,0,0,0,0,0,0,0,0,0,0,0,0,0,0,0,0,0,0,0,0,0,0,0,31,40,40,71,65476,0,300,0,0,8,21553,0.0,-107605600.0,0.0,0.0,0.0,0.0,0.0,0.0,0.0,0.0,0.0,0.0,0.0,0.0,0.0,0.0,0.0,0.0,0.0,0.0,0.0,0.0,-2.004,-0.0,0.0,-2.004,0.0,0.0,0.0,0.0,4471.0,-131350.172,6937.0,0.0,2.7184303811560617e+23,-107615136.0,-0.0,0.0,0.0,0.0,0.0,69,0.0,-3.221994650676375e+26,0.0,0.0,0.0,0.0,0.0,0.0,0.0,0,0,0,0.0,0.0,0.0,0.0,0.0,0.0,0.0,0.0,0.0,0.0,0.0,0.0,0.0,0.0,0.0,0.0,0,-107875648.0,69,0.0,138,0.0,-0.0,0,0,17087,0,17104,39322,17083,0,0,0,70,68,100,-0.0,82.0,0.0,78.8,-0.0,79.0,1,49,50,180,26215,52429,0,0,0.0,0.0,0.0,0.0,-0.0,67.0,0.0,162057.094,0.0,982,0,1014,0,0,0,955,0,1040,0,938,0,793,0,785,0,822,0,7520,0.032,2.524898095088995e+20,0.0,0.0,784,16797,-0.0,162057.094,-114818.039,-0.0,0.133,6.909358625270745e+28,30.0,70.0,35,0.0,0.0,0.0,0.0,0.0,0.0,0.0,0.0,0.0,0.0,0.0,0.0,0.0,0.0,0.0,0.0,66.0,0,150,71,52,65476,0,300,0,0,8,20529,65476,0,0,44564,70.0,0.0,0.0,0.0,0.0,0.0
2026-09-10T21:11:01,ERR,ERR,ERR,ERR,ERR,ERR,ERR,ERR,ERR,ERR,ERR,ERR,ERR,ERR,ERR,ERR,ERR,ERR,ERR,ERR,ERR,ERR,ERR,ERR,ERR,ERR,ERR,ERR,ERR,ERR,ERR,ERR,ERR,ERR,ERR,ERR,ERR,ERR,ERR,ERR,ERR,ERR,ERR,ERR,ERR,ERR,ERR,ERR,ERR,ERR,ERR,ERR,ERR,ERR,ERR,ERR,ERR,ERR,ERR,ERR,ERR,ERR,ERR,ERR,ERR,ERR,ERR,ERR,ERR,ERR,ERR,ERR,ERR,ERR,ERR,ERR,ERR,ERR,ERR,ERR,ERR,ERR,ERR,ERR,ERR,ERR,ERR,ERR,ERR,ERR,ERR,ERR,ERR,ERR,ERR,ERR,ERR,ERR,ERR,ERR,ERR,ERR,ERR,ERR,ERR,ERR,ERR,ERR,ERR,ERR,ERR,ERR,ERR,ERR,ERR,ERR,ERR,ERR,ERR,ERR,ERR,ERR,ERR,ERR,ERR,0.0,2.7184303811560617e+23,-100794720.0,0.0,0.0,1.3936040501711995e+18,7.805,0.0,0,0,4,0,7116,0.0,100,0.0,0.0,0.0,0.0,0.0,0,0,0,0,0.0,0,0,0,0,0,0,0,0,0,0,0,0,0,0,0,0,0,0,0,0,0,0,0,0,0,0,0,0,0,0,0,0,0,31,40,40,71,65476,0,300,0,0,8,21553,0.0,-107605600.0,0.0,0.0,0.0,0.0,0.0,0.0,0.0,0.0,0.0,0.0,0.0,0.0,0.0,0.0,0.0,0.0,0.0,0.0,0.0,0.0,-2.004,-0.0,0.0,-2.004,0.0,0.0,0.0,0.0,4471.0,-131350.172,6937.0,0.0,2.7184303811560617e+23,-107615136.0,-0.0,0.0,0.0,0.0,0.0,69,0.0,-3.221994650676375e+26,0.0,0.0,0.0,0.0,0.0,0.0,0.0,0,0,0,0.0,0.0,0.0,0.0,0.0,0.0,0.0,0.0,0.0,0.0,0.0,0.0,0.0,0.0,0.0,0.0,0,-107875648.0,69,0.0,138,0.0,-0.0,0,0,17087,0,17104,39322,17083,0,0,0,70,68,100,-0.0,82.0,0.0,78.8,-0.0,79.0,1,49,50,180,26215,52429,0,0,0.0,0.0,0.0,0.0,-0.0,67.0,0.0,162057.094,0.0,982,0,1014,0,0,0,955,0,1040,0,938,0,793,0,785,0,822,0,7520,0.032,2.524898095088995e+20,0.0,0.0,784,16797,-0.0,162057.094,-114818.039,-0.0,0.133,6.909358625270745e+28,30.0,70.0,35,0.0,0.0,0.0,0.0,0.0,0.0,0.0,0.0,0.0,0.0,0.0,0.0,0.0,0.0,0.0,0.0,66.0,0,150,71,52,65476,0,300,0,0,8,20529,65476,0,0,44564,70.0,0.0,0.0,0.0,0.0,0.0
2026-09-10T21:11:02,ERR,ERR,ERR,ERR,ERR,ERR,ERR,ERR,ERR,ERR,ERR,ERR,ERR,ERR,ERR,ERR,ERR,ERR,ERR,ERR,ERR,ERR,ERR,ERR,ERR,ERR,ERR,ERR,ERR,ERR,ERR,ERR,ERR,ERR,ERR,ERR,ERR,ERR,ERR,ERR,ERR,ERR,ERR,ERR,ERR,ERR,ERR,ERR,ERR,ERR,ERR,ERR,ERR,ERR,ERR,ERR,ERR,ERR,ERR,ERR,ERR,ERR,ERR,ERR,ERR,ERR,ERR,ERR,ERR,ERR,ERR,ERR,ERR,ERR,ERR,ERR,ERR,ERR,ERR,ERR,ERR,ERR,ERR,ERR,ERR,ERR,ERR,ERR,ERR,ERR,ERR,ERR,ERR,ERR,ERR,ERR,ERR,ERR,ERR,ERR,ERR,ERR,ERR,ERR,ERR,ERR,ERR,ERR,ERR,ERR,ERR,ERR,ERR,ERR,ERR,ERR,ERR,ERR,ERR,ERR,ERR,ERR,ERR,ERR,ERR,0.0,2.7184303811560617e+23,-100794720.0,0.0,0.0,1.3936040501711995e+18,7.805,0.0,0,0,4,0,7116,0.0,100,0.0,0.0,0.0,0.0,0.0,0,0,0,0,0.0,0,0,0,0,0,0,0,0,0,0,0,0,0,0,0,0,0,0,0,0,0,0,0,0,0,0,0,0,0,0,0,0,0,31,40,40,71,65476,0,300,0,0,8,21553,0.0,-107605600.0,0.0,0.0,0.0,0.0,0.0,0.0,0.0,0.0,0.0,0.0,0.0,0.0,0.0,0.0,0.0,0.0,0.0,0.0,0.0,0.0,-2.004,-0.0,0.0,-2.004,0.0,0.0,0.0,0.0,4471.0,-131350.172,6937.0,0.0,2.7184303811560617e+23,-107615136.0,-0.0,0.0,0.0,0.0,0.0,69,0.0,-3.221994650676375e+26,0.0,0.0,0.0,0.0,0.0,0.0,0.0,0,0,0,0.0,0.0,0.0,0.0,0.0,0.0,0.0,0.0,0.0,0.0,0.0,0.0,0.0,0.0,0.0,0.0,0,-107875648.0,69,0.0,138,0.0,-0.0,0,0,17087,0,17104,39322,17083,0,0,0,70,68,100,-0.0,82.0,0.0,78.8,-0.0,79.0,1,49,50,180,26215,52429,0,0,0.0,0.0,0.0,0.0,-0.0,67.0,0.0,162057.094,0.0,982,0,1014,0,0,0,955,0,1040,0,938,0,793,0,785,0,822,0,7520,0.032,2.524898095088995e+20,0.0,0.0,784,16797,-0.0,162057.094,-114818.039,-0.0,0.133,6.909358625270745e+28,30.0,70.0,35,0.0,0.0,0.0,0.0,0.0,0.0,0.0,0.0,0.0,0.0,0.0,0.0,0.0,0.0,0.0,0.0,66.0,0,150,71,52,65476,0,300,0,0,8,20529,65476,0,0,44564,70.0,0.0,0.0,0.0,0.0,0.0
2026-09-10T21:11:03,ERR,ERR,ERR,ERR,ERR,ERR,ERR,ERR,ERR,ERR,ERR,ERR,ERR,ERR,ERR,ERR,ERR,ERR,ERR,ERR,ERR,ERR,ERR,ERR,ERR,ERR,ERR,ERR,ERR,ERR,ERR,ERR,ERR,ERR,ERR,ERR,ERR,ERR,ERR,ERR,ERR,ERR,ERR,ERR,ERR,ERR,ERR,ERR,ERR,ERR,ERR,ERR,ERR,ERR,ERR,ERR,ERR,ERR,ERR,ERR,ERR,ERR,ERR,ERR,ERR,ERR,ERR,ERR,ERR,ERR,ERR,ERR,ERR,ERR,ERR,ERR,ERR,ERR,ERR,ERR,ERR,ERR,ERR,ERR,ERR,ERR,ERR,ERR,ERR,ERR,ERR,ERR,ERR,ERR,ERR,ERR,ERR,ERR,ERR,ERR,ERR,ERR,ERR,ERR,ERR,ERR,ERR,ERR,ERR,ERR,ERR,ERR,ERR,ERR,ERR,ERR,ERR,ERR,ERR,ERR,ERR,ERR,ERR,ERR,ERR,0.0,2.7184303811560617e+23,-100794720.0,0.0,0.0,1.3936040501711995e+18,7.805,0.0,0,0,4,0,7116,0.0,100,0.0,0.0,0.0,0.0,0.0,0,0,0,0,0.0,0,0,0,0,0,0,0,0,0,0,0,0,0,0,0,0,0,0,0,0,0,0,0,0,0,0,0,0,0,0,0,0,0,31,40,40,71,65476,0,300,0,0,8,21553,0.0,-107605600.0,0.0,0.0,0.0,0.0,0.0,0.0,0.0,0.0,0.0,0.0,0.0,0.0,0.0,0.0,0.0,0.0,0.0,0.0,0.0,0.0,-2.004,-0.0,0.0,-2.004,0.0,0.0,0.0,0.0,4471.0,-131350.172,6937.0,0.0,2.7184303811560617e+23,-107615136.0,-0.0,0.0,0.0,0.0,0.0,69,0.0,-3.221994650676375e+26,0.0,0.0,0.0,0.0,0.0,0.0,0.0,0,0,0,0.0,0.0,0.0,0.0,0.0,0.0,0.0,0.0,0.0,0.0,0.0,0.0,0.0,0.0,0.0,0.0,0,-107875648.0,69,0.0,138,0.0,-0.0,0,0,17087,0,17104,39322,17083,0,0,0,70,68,100,-0.0,82.0,0.0,78.8,-0.0,79.0,1,49,50,180,26215,52429,0,0,0.0,0.0,0.0,0.0,-0.0,67.0,0.0,162057.094,0.0,982,0,1014,0,0,0,955,0,1040,0,938,0,793,0,785,0,822,0,7520,0.032,2.524898095088995e+20,0.0,0.0,784,16797,-0.0,162057.094,-114818.039,-0.0,0.133,6.909358625270745e+28,30.0,70.0,35,0.0,0.0,0.0,0.0,0.0,0.0,0.0,0.0,0.0,0.0,0.0,0.0,0.0,0.0,0.0,0.0,66.4,0,150,71,52,65476,0,300,0,0,8,20529,65476,0,0,44564,70.0,0.0,0.0,0.0,0.0,0.0
2026-09-10T21:11:04,ERR,ERR,ERR,ERR,ERR,ERR,ERR,ERR,ERR,ERR,ERR,ERR,ERR,ERR,ERR,ERR,ERR,ERR,ERR,ERR,ERR,ERR,ERR,ERR,ERR,ERR,ERR,ERR,ERR,ERR,ERR,ERR,ERR,ERR,ERR,ERR,ERR,ERR,ERR,ERR,ERR,ERR,ERR,ERR,ERR,ERR,ERR,ERR,ERR,ERR,ERR,ERR,ERR,ERR,ERR,ERR,ERR,ERR,ERR,ERR,ERR,ERR,ERR,ERR,ERR,ERR,ERR,ERR,ERR,ERR,ERR,ERR,ERR,ERR,ERR,ERR,ERR,ERR,ERR,ERR,ERR,ERR,ERR,ERR,ERR,ERR,ERR,ERR,ERR,ERR,ERR,ERR,ERR,ERR,ERR,ERR,ERR,ERR,ERR,ERR,ERR,ERR,ERR,ERR,ERR,ERR,ERR,ERR,ERR,ERR,ERR,ERR,ERR,ERR,ERR,ERR,ERR,ERR,ERR,ERR,ERR,ERR,ERR,ERR,ERR,0.0,2.7184303811560617e+23,-100794720.0,0.0,0.0,1.3936040501711995e+18,7.805,0.0,0,0,4,0,7116,0.0,100,0.0,0.0,0.0,0.0,0.0,0,0,0,0,0.0,0,0,0,0,0,0,0,0,0,0,0,0,0,0,0,0,0,0,0,0,0,0,0,0,0,0,0,0,0,0,0,0,0,31,40,40,71,65476,0,300,0,0,8,21553,0.0,-107605600.0,0.0,0.0,0.0,0.0,0.0,0.0,0.0,0.0,0.0,0.0,0.0,0.0,0.0,0.0,0.0,0.0,0.0,0.0,0.0,0.0,-2.004,-0.0,0.0,-2.004,0.0,0.0,0.0,0.0,4471.0,-131350.172,6937.0,0.0,2.7184303811560617e+23,-107615136.0,-0.0,0.0,0.0,0.0,0.0,69,0.0,-3.221994650676375e+26,0.0,0.0,0.0,0.0,0.0,0.0,0.0,0,0,0,0.0,0.0,0.0,0.0,0.0,0.0,0.0,0.0,0.0,0.0,0.0,0.0,0.0,0.0,0.0,0.0,0,-107875648.0,69,0.0,138,0.0,-0.0,0,0,17087,0,17104,39322,17083,0,0,0,70,68,100,-0.0,82.0,0.0,78.8,-0.0,79.0,1,49,50,180,26215,52429,0,0,0.0,0.0,0.0,0.0,-0.0,67.0,0.0,162057.094,0.0,982,0,1014,0,0,0,955,0,1040,0,938,0,793,0,785,0,822,0,7520,0.032,2.524898095088995e+20,0.0,0.0,784,16797,-0.0,162057.094,-114818.039,-0.0,0.133,6.909358625270745e+28,30.0,70.0,35,0.0,0.0,0.0,0.0,0.0,0.0,0.0,0.0,0.0,0.0,0.0,0.0,0.0,0.0,0.0,0.0,66.4,0,150,71,52,65476,0,300,0,0,8,20529,65476,0,0,44564,70.0,0.0,0.0,0.0,0.0,0.0
2026-09-10T21:11:05,ERR,ERR,ERR,ERR,ERR,ERR,ERR,ERR,ERR,ERR,ERR,ERR,ERR,ERR,ERR,ERR,ERR,ERR,ERR,ERR,ERR,ERR,ERR,ERR,ERR,ERR,ERR,ERR,ERR,ERR,ERR,ERR,ERR,ERR,ERR,ERR,ERR,ERR,ERR,ERR,ERR,ERR,ERR,ERR,ERR,ERR,ERR,ERR,ERR,ERR,ERR,ERR,ERR,ERR,ERR,ERR,ERR,ERR,ERR,ERR,ERR,ERR,ERR,ERR,ERR,ERR,ERR,ERR,ERR,ERR,ERR,ERR,ERR,ERR,ERR,ERR,ERR,ERR,ERR,ERR,ERR,ERR,ERR,ERR,ERR,ERR,ERR,ERR,ERR,ERR,ERR,ERR,ERR,ERR,ERR,ERR,ERR,ERR,ERR,ERR,ERR,ERR,ERR,ERR,ERR,ERR,ERR,ERR,ERR,ERR,ERR,ERR,ERR,ERR,ERR,ERR,ERR,ERR,ERR,ERR,ERR,ERR,ERR,ERR,ERR,0.0,2.7184303811560617e+23,-100794720.0,0.0,0.0,1.3936040501711995e+18,7.805,0.0,0,0,4,0,7116,0.0,100,0.0,0.0,0.0,0.0,0.0,0,0,0,0,0.0,0,0,0,0,0,0,0,0,0,0,0,0,0,0,0,0,0,0,0,0,0,0,0,0,0,0,0,0,0,0,0,0,0,31,40,40,71,65476,0,300,0,0,8,21553,0.0,-107605600.0,0.0,0.0,0.0,0.0,0.0,0.0,0.0,0.0,0.0,0.0,0.0,0.0,0.0,0.0,0.0,0.0,0.0,0.0,0.0,0.0,-2.004,-0.0,0.0,-2.004,0.0,0.0,0.0,0.0,4471.0,-131350.172,6937.0,0.0,2.7184303811560617e+23,-107615136.0,-0.0,0.0,0.0,0.0,0.0,69,0.0,-3.221994650676375e+26,0.0,0.0,0.0,0.0,0.0,0.0,0.0,0,0,0,0.0,0.0,0.0,0.0,0.0,0.0,0.0,0.0,0.0,0.0,0.0,0.0,0.0,0.0,0.0,0.0,0,-107875648.0,69,0.0,138,0.0,-0.0,0,0,17087,0,17104,39322,17083,0,0,0,70,68,100,-0.0,82.0,0.0,78.8,-0.0,79.0,1,49,50,180,26215,52429,0,0,0.0,0.0,0.0,0.0,-0.0,67.0,0.0,162057.094,0.0,982,0,1014,0,0,0,955,0,1040,0,938,0,793,0,785,0,822,0,7520,0.032,2.524898095088995e+20,0.0,0.0,784,16797,-0.0,162057.094,-114818.039,-0.0,0.133,6.909358625270745e+28,30.0,70.0,35,0.0,0.0,0.0,0.0,0.0,0.0,0.0,0.0,0.0,0.0,0.0,0.0,0.0,0.0,0.0,0.0,66.4,0,150,71,52,65476,0,300,0,0,8,20529,65476,0,0,44564,70.0,0.0,0.0,0.0,0.0,0.0
2026-09-10T21:11:06,ERR,ERR,ERR,ERR,ERR,ERR,ERR,ERR,ERR,ERR,ERR,ERR,ERR,ERR,ERR,ERR,ERR,ERR,ERR,ERR,ERR,ERR,ERR,ERR,ERR,ERR,ERR,ERR,ERR,ERR,ERR,ERR,ERR,ERR,ERR,ERR,ERR,ERR,ERR,ERR,ERR,ERR,ERR,ERR,ERR,ERR,ERR,ERR,ERR,ERR,ERR,ERR,ERR,ERR,ERR,ERR,ERR,ERR,ERR,ERR,ERR,ERR,ERR,ERR,ERR,ERR,ERR,ERR,ERR,ERR,ERR,ERR,ERR,ERR,ERR,ERR,ERR,ERR,ERR,ERR,ERR,ERR,ERR,ERR,ERR,ERR,ERR,ERR,ERR,ERR,ERR,ERR,ERR,ERR,ERR,ERR,ERR,ERR,ERR,ERR,ERR,ERR,ERR,ERR,ERR,ERR,ERR,ERR,ERR,ERR,ERR,ERR,ERR,ERR,ERR,ERR,ERR,ERR,ERR,ERR,ERR,ERR,ERR,ERR,ERR,0.0,2.7184303811560617e+23,-100794720.0,0.0,0.0,1.3936040501711995e+18,7.805,0.0,0,0,4,0,7116,0.0,100,0.0,0.0,0.0,0.0,0.0,0,0,0,0,0.0,0,0,0,0,0,0,0,0,0,0,0,0,0,0,0,0,0,0,0,0,0,0,0,0,0,0,0,0,0,0,0,0,0,31,40,40,71,65476,0,300,0,0,8,21553,0.0,-107605600.0,0.0,0.0,0.0,0.0,0.0,0.0,0.0,0.0,0.0,0.0,0.0,0.0,0.0,0.0,0.0,0.0,0.0,0.0,0.0,0.0,-2.004,-0.0,0.0,-2.004,0.0,0.0,0.0,0.0,4471.0,-131350.172,6937.0,0.0,2.7184303811560617e+23,-107615136.0,-0.0,0.0,0.0,0.0,0.0,69,0.0,-3.221994650676375e+26,0.0,0.0,0.0,0.0,0.0,0.0,0.0,0,0,0,0.0,0.0,0.0,0.0,0.0,0.0,0.0,0.0,0.0,0.0,0.0,0.0,0.0,0.0,0.0,0.0,0,-107875648.0,69,0.0,138,0.0,-0.0,0,0,17087,0,17104,26215,17083,0,0,0,70,68,100,-0.0,82.0,0.0,78.8,-0.0,79.0,1,49,50,180,26215,52429,0,0,0.0,0.0,0.0,0.0,-0.0,67.0,0.0,162057.094,0.0,982,0,1014,0,0,0,955,0,1040,0,937,0,793,0,785,0,823,0,7520,0.032,2.5133688800429264e+20,0.0,0.0,784,16797,-0.0,162057.094,-114818.039,-0.0,0.133,6.909358625270745e+28,30.0,70.0,35,0.0,0.0,0.0,0.0,0.0,0.0,0.0,0.0,0.0,0.0,0.0,0.0,0.0,0.0,0.0,0.0,66.0,0,150,71,52,65476,0,300,0,0,8,20529,65476,0,0,44564,70.0,0.0,0.0,0.0,0.0,0.0
2026-09-10T21:11:07,ERR,ERR,ERR,ERR,ERR,ERR,ERR,ERR,ERR,ERR,ERR,ERR,ERR,ERR,ERR,ERR,ERR,ERR,ERR,ERR,ERR,ERR,ERR,ERR,ERR,ERR,ERR,ERR,ERR,ERR,ERR,ERR,ERR,ERR,ERR,ERR,ERR,ERR,ERR,ERR,ERR,ERR,ERR,ERR,ERR,ERR,ERR,ERR,ERR,ERR,ERR,ERR,ERR,ERR,ERR,ERR,ERR,ERR,ERR,ERR,ERR,ERR,ERR,ERR,ERR,ERR,ERR,ERR,ERR,ERR,ERR,ERR,ERR,ERR,ERR,ERR,ERR,ERR,ERR,ERR,ERR,ERR,ERR,ERR,ERR,ERR,ERR,ERR,ERR,ERR,ERR,ERR,ERR,ERR,ERR,ERR,ERR,ERR,ERR,ERR,ERR,ERR,ERR,ERR,ERR,ERR,ERR,ERR,ERR,ERR,ERR,ERR,ERR,ERR,ERR,ERR,ERR,ERR,ERR,ERR,ERR,ERR,ERR,ERR,ERR,0.0,2.7184303811560617e+23,-100794720.0,0.0,0.0,1.3936040501711995e+18,7.805,0.0,0,0,4,0,7116,0.0,100,0.0,0.0,0.0,0.0,0.0,0,0,0,0,0.0,0,0,0,0,0,0,0,0,0,0,0,0,0,0,0,0,0,0,0,0,0,0,0,0,0,0,0,0,0,0,0,0,0,31,40,40,71,65476,0,300,0,0,8,21553,0.0,-107605600.0,0.0,0.0,0.0,0.0,0.0,0.0,0.0,0.0,0.0,0.0,0.0,0.0,0.0,0.0,0.0,0.0,0.0,0.0,0.0,0.0,-2.004,-0.0,0.0,-2.004,0.0,0.0,0.0,0.0,4471.0,-131350.172,6937.0,0.0,2.7184303811560617e+23,-107615136.0,-0.0,0.0,0.0,0.0,0.0,69,0.0,-3.221994650676375e+26,0.0,0.0,0.0,0.0,0.0,0.0,0.0,0,0,0,0.0,0.0,0.0,0.0,0.0,0.0,0.0,0.0,0.0,0.0,0.0,0.0,0.0,0.0,0.0,0.0,0,-107875648.0,69,0.0,138,0.0,-0.0,0,0,17087,0,17104,26215,17083,0,0,0,70,68,100,-0.0,82.0,0.0,78.8,-0.0,79.0,1,49,50,180,26215,52429,0,0,0.0,0.0,0.0,0.0,-0.0,67.0,0.0,162057.094,0.0,982,0,1014,0,0,0,955,0,1040,0,937,0,793,0,785,0,823,0,7520,0.032,2.5133688800429264e+20,0.0,0.0,784,16797,-0.0,162057.094,-114818.039,-0.0,0.133,6.909358625270745e+28,30.0,70.0,35,0.0,0.0,0.0,0.0,0.0,0.0,0.0,0.0,0.0,0.0,0.0,0.0,0.0,0.0,0.0,0.0,66.0,0,150,71,52,65476,0,300,0,0,8,20529,65476,0,0,44564,70.0,0.0,0.0,0.0,0.0,0.0
2026-09-10T21:11:08,ERR,ERR,ERR,ERR,ERR,ERR,ERR,ERR,ERR,ERR,ERR,ERR,ERR,ERR,ERR,ERR,ERR,ERR,ERR,ERR,ERR,ERR,ERR,ERR,ERR,ERR,ERR,ERR,ERR,ERR,ERR,ERR,ERR,ERR,ERR,ERR,ERR,ERR,ERR,ERR,ERR,ERR,ERR,ERR,ERR,ERR,ERR,ERR,ERR,ERR,ERR,ERR,ERR,ERR,ERR,ERR,ERR,ERR,ERR,ERR,ERR,ERR,ERR,ERR,ERR,ERR,ERR,ERR,ERR,ERR,ERR,ERR,ERR,ERR,ERR,ERR,ERR,ERR,ERR,ERR,ERR,ERR,ERR,ERR,ERR,ERR,ERR,ERR,ERR,ERR,ERR,ERR,ERR,ERR,ERR,ERR,ERR,ERR,ERR,ERR,ERR,ERR,ERR,ERR,ERR,ERR,ERR,ERR,ERR,ERR,ERR,ERR,ERR,ERR,ERR,ERR,ERR,ERR,ERR,ERR,ERR,ERR,ERR,ERR,ERR,0.0,2.7184303811560617e+23,-100794720.0,0.0,0.0,1.3936040501711995e+18,7.805,0.0,0,0,4,0,7116,0.0,100,0.0,0.0,0.0,0.0,0.0,0,0,0,0,0.0,0,0,0,0,0,0,0,0,0,0,0,0,0,0,0,0,0,0,0,0,0,0,0,0,0,0,0,0,0,0,0,0,0,31,40,40,71,65476,0,300,0,0,8,21553,0.0,-107605600.0,0.0,0.0,0.0,0.0,0.0,0.0,0.0,0.0,0.0,0.0,0.0,0.0,0.0,0.0,0.0,0.0,0.0,0.0,0.0,0.0,-2.004,-0.0,0.0,-2.004,0.0,0.0,0.0,0.0,4472.0,-2.004,6936.0,0.0,2.7184303811560617e+23,-107615136.0,-0.0,0.0,0.0,0.0,0.0,69,0.0,-4.950393007110635e+32,0.0,0.0,0.0,0.0,0.0,0.0,0.0,0,0,0,0.0,0.0,0.0,0.0,0.0,0.0,0.0,0.0,0.0,0.0,0.0,0.0,0.0,0.0,0.0,0.0,0,-107875648.0,69,0.0,138,0.0,0.0,0,0,17087,0,17104,26215,17083,0,0,0,70,68,100,-0.0,82.0,0.0,78.8,-0.0,79.0,1,49,50,180,26215,52429,0,0,0.0,0.0,0.0,0.0,-0.0,67.0,0.0,162057.094,0.0,982,0,1014,0,0,0,955,0,1040,0,937,0,793,0,785,0,823,0,7520,0.032,2.5133688800429264e+20,0.0,0.0,784,16797,-0.0,162057.094,-114818.039,-0.0,0.133,6.909358625270745e+28,30.0,70.0,35,0.0,0.0,0.0,0.0,0.0,0.0,0.0,0.0,0.0,0.0,0.0,0.0,0.0,0.0,0.0,0.0,66.0,0,150,71,52,65476,0,300,0,0,8,20529,65476,0,0,44564,70.0,0.0,0.0,0.0,0.0,0.0
2026-09-10T21:11:09,ERR,ERR,ERR,ERR,ERR,ERR,ERR,ERR,ERR,ERR,ERR,ERR,ERR,ERR,ERR,ERR,ERR,ERR,ERR,ERR,ERR,ERR,ERR,ERR,ERR,ERR,ERR,ERR,ERR,ERR,ERR,ERR,ERR,ERR,ERR,ERR,ERR,ERR,ERR,ERR,ERR,ERR,ERR,ERR,ERR,ERR,ERR,ERR,ERR,ERR,ERR,ERR,ERR,ERR,ERR,ERR,ERR,ERR,ERR,ERR,ERR,ERR,ERR,ERR,ERR,ERR,ERR,ERR,ERR,ERR,ERR,ERR,ERR,ERR,ERR,ERR,ERR,ERR,ERR,ERR,ERR,ERR,ERR,ERR,ERR,ERR,ERR,ERR,ERR,ERR,ERR,ERR,ERR,ERR,ERR,ERR,ERR,ERR,ERR,ERR,ERR,ERR,ERR,ERR,ERR,ERR,ERR,ERR,ERR,ERR,ERR,ERR,ERR,ERR,ERR,ERR,ERR,ERR,ERR,ERR,ERR,ERR,ERR,ERR,ERR,0.0,2.7184303811560617e+23,-100794720.0,0.0,0.0,1.3936040501711995e+18,7.805,0.0,0,0,4,0,7116,0.0,100,0.0,0.0,0.0,0.0,0.0,0,0,0,0,0.0,0,0,0,0,0,0,0,0,0,0,0,0,0,0,0,0,0,0,0,0,0,0,0,0,0,0,0,0,0,0,0,0,0,31,40,40,71,65476,0,300,0,0,8,21553,0.0,-107605600.0,0.0,0.0,0.0,0.0,0.0,0.0,0.0,0.0,0.0,0.0,0.0,0.0,0.0,0.0,0.0,0.0,0.0,0.0,0.0,0.0,-2.004,-0.0,0.0,-2.004,0.0,0.0,0.0,0.0,4472.0,-2.004,6936.0,0.0,2.7184303811560617e+23,-107615136.0,-0.0,0.0,0.0,0.0,0.0,69,0.0,-4.950393007110635e+32,0.0,0.0,0.0,0.0,0.0,0.0,0.0,0,0,0,0.0,0.0,0.0,0.0,0.0,0.0,0.0,0.0,0.0,0.0,0.0,0.0,0.0,0.0,0.0,0.0,0,-107875648.0,69,0.0,138,0.0,0.0,0,0,17087,0,17104,26215,17083,0,0,0,70,68,100,-0.0,82.0,0.0,78.8,-0.0,79.0,1,49,50,180,26215,52429,0,0,0.0,0.0,0.0,0.0,-0.0,67.0,0.0,162057.094,0.0,982,0,1014,0,0,0,955,0,1040,0,937,0,793,0,785,0,823,0,7520,0.032,2.5133688800429264e+20,0.0,0.0,784,16797,-0.0,162057.094,-114818.039,-0.0,0.133,6.909358625270745e+28,30.0,70.0,35,0.0,0.0,0.0,0.0,0.0,0.0,0.0,0.0,0.0,0.0,0.0,0.0,0.0,0.0,0.0,0.0,66.0,0,150,71,52,65476,0,300,0,0,8,20529,65476,0,0,44564,70.0,0.0,0.0,0.0,0.0,0.0
2026-09-10T21:11:10,ERR,ERR,ERR,ERR,ERR,ERR,ERR,ERR,ERR,ERR,ERR,ERR,ERR,ERR,ERR,ERR,ERR,ERR,ERR,ERR,ERR,ERR,ERR,ERR,ERR,ERR,ERR,ERR,ERR,ERR,ERR,ERR,ERR,ERR,ERR,ERR,ERR,ERR,ERR,ERR,ERR,ERR,ERR,ERR,ERR,ERR,ERR,ERR,ERR,ERR,ERR,ERR,ERR,ERR,ERR,ERR,ERR,ERR,ERR,ERR,ERR,ERR,ERR,ERR,ERR,ERR,ERR,ERR,ERR,ERR,ERR,ERR,ERR,ERR,ERR,ERR,ERR,ERR,ERR,ERR,ERR,ERR,ERR,ERR,ERR,ERR,ERR,ERR,ERR,ERR,ERR,ERR,ERR,ERR,ERR,ERR,ERR,ERR,ERR,ERR,ERR,ERR,ERR,ERR,ERR,ERR,ERR,ERR,ERR,ERR,ERR,ERR,ERR,ERR,ERR,ERR,ERR,ERR,ERR,ERR,ERR,ERR,ERR,ERR,ERR,0.0,2.7184303811560617e+23,-100794720.0,0.0,0.0,1.3936040501711995e+18,7.805,0.0,0,0,4,0,7116,0.0,100,0.0,0.0,0.0,0.0,0.0,0,0,0,0,0.0,0,0,0,0,0,0,0,0,0,0,0,0,0,0,0,0,0,0,0,0,0,0,0,0,0,0,0,0,0,0,0,0,0,31,40,40,71,65476,0,300,0,0,8,21553,0.0,-107605600.0,0.0,0.0,0.0,0.0,0.0,0.0,0.0,0.0,0.0,0.0,0.0,0.0,0.0,0.0,0.0,0.0,0.0,0.0,0.0,0.0,-2.004,-0.0,0.0,-2.004,0.0,0.0,0.0,0.0,4472.0,-2.004,6936.0,0.0,2.7184303811560617e+23,-107615136.0,-0.0,0.0,0.0,0.0,0.0,69,0.0,-4.950393007110635e+32,0.0,0.0,0.0,0.0,0.0,0.0,0.0,0,0,0,0.0,0.0,0.0,0.0,0.0,0.0,0.0,0.0,0.0,0.0,0.0,0.0,0.0,0.0,0.0,0.0,0,-107875648.0,69,0.0,138,0.0,0.0,0,0,17087,0,17104,26215,17083,0,0,0,70,68,100,-0.0,82.0,0.0,78.8,-0.0,79.0,1,49,50,180,26215,52429,0,0,0.0,0.0,0.0,0.0,-0.0,67.0,0.0,162057.094,0.0,982,0,1014,0,0,0,955,0,1040,0,937,0,793,0,785,0,823,0,7520,0.032,2.5133688800429264e+20,0.0,0.0,784,16797,-0.0,162057.094,-114818.039,-0.0,0.133,6.909358625270745e+28,30.0,70.0,35,0.0,0.0,0.0,0.0,0.0,0.0,0.0,0.0,0.0,0.0,0.0,0.0,0.0,0.0,0.0,0.0,66.0,0,150,71,52,65476,0,300,0,0,8,20529,65476,0,0,44564,70.0,0.0,0.0,0.0,0.0,0.0
2026-09-10T21:11:11,ERR,ERR,ERR,ERR,ERR,ERR,ERR,ERR,ERR,ERR,ERR,ERR,ERR,ERR,ERR,ERR,ERR,ERR,ERR,ERR,ERR,ERR,ERR,ERR,ERR,ERR,ERR,ERR,ERR,ERR,ERR,ERR,ERR,ERR,ERR,ERR,ERR,ERR,ERR,ERR,ERR,ERR,ERR,ERR,ERR,ERR,ERR,ERR,ERR,ERR,ERR,ERR,ERR,ERR,ERR,ERR,ERR,ERR,ERR,ERR,ERR,ERR,ERR,ERR,ERR,ERR,ERR,ERR,ERR,ERR,ERR,ERR,ERR,ERR,ERR,ERR,ERR,ERR,ERR,ERR,ERR,ERR,ERR,ERR,ERR,ERR,ERR,ERR,ERR,ERR,ERR,ERR,ERR,ERR,ERR,ERR,ERR,ERR,ERR,ERR,ERR,ERR,ERR,ERR,ERR,ERR,ERR,ERR,ERR,ERR,ERR,ERR,ERR,ERR,ERR,ERR,ERR,ERR,ERR,ERR,ERR,ERR,ERR,ERR,ERR,0.0,2.7184303811560617e+23,-100794720.0,0.0,0.0,1.3936040501711995e+18,7.805,0.0,0,0,4,0,7116,0.0,100,0.0,0.0,0.0,0.0,0.0,0,0,0,0,0.0,0,0,0,0,0,0,0,0,0,0,0,0,0,0,0,0,0,0,0,0,0,0,0,0,0,0,0,0,0,0,0,0,0,31,40,40,71,65476,0,300,0,0,8,21553,0.0,-107605600.0,0.0,0.0,0.0,0.0,0.0,0.0,0.0,0.0,0.0,0.0,0.0,0.0,0.0,0.0,0.0,0.0,0.0,0.0,0.0,0.0,-2.004,-0.0,0.0,-2.004,0.0,0.0,0.0,0.0,4472.0,-2.004,6936.0,0.0,2.7184303811560617e+23,-107615136.0,-0.0,0.0,0.0,0.0,0.0,69,0.0,-4.950393007110635e+32,0.0,0.0,0.0,0.0,0.0,0.0,0.0,0,0,0,0.0,0.0,0.0,0.0,0.0,0.0,0.0,0.0,0.0,0.0,0.0,0.0,0.0,0.0,0.0,0.0,0,-107875648.0,69,0.0,138,0.0,0.0,0,0,17087,0,17104,26215,17083,0,0,0,70,68,100,-0.0,82.0,0.0,78.8,-0.0,79.0,1,49,50,180,26215,52429,0,0,0.0,0.0,0.0,0.0,-0.0,67.0,0.0,162057.094,0.0,982,0,1014,0,0,0,955,0,1040,0,937,0,793,0,785,0,823,0,7520,0.032,2.5133688800429264e+20,0.0,0.0,784,16797,-0.0,162057.094,-114818.039,-0.0,0.133,6.909358625270745e+28,30.0,70.0,35,0.0,0.0,0.0,0.0,0.0,0.0,0.0,0.0,0.0,0.0,0.0,0.0,0.0,0.0,0.0,0.0,66.0,0,150,71,52,65476,0,300,0,0,8,20529,65476,0,0,44564,70.0,0.0,0.0,0.0,0.0,0.0
2026-09-10T21:11:12,ERR,ERR,ERR,ERR,ERR,ERR,ERR,ERR,ERR,ERR,ERR,ERR,ERR,ERR,ERR,ERR,ERR,ERR,ERR,ERR,ERR,ERR,ERR,ERR,ERR,ERR,ERR,ERR,ERR,ERR,ERR,ERR,ERR,ERR,ERR,ERR,ERR,ERR,ERR,ERR,ERR,ERR,ERR,ERR,ERR,ERR,ERR,ERR,ERR,ERR,ERR,ERR,ERR,ERR,ERR,ERR,ERR,ERR,ERR,ERR,ERR,ERR,ERR,ERR,ERR,ERR,ERR,ERR,ERR,ERR,ERR,ERR,ERR,ERR,ERR,ERR,ERR,ERR,ERR,ERR,ERR,ERR,ERR,ERR,ERR,ERR,ERR,ERR,ERR,ERR,ERR,ERR,ERR,ERR,ERR,ERR,ERR,ERR,ERR,ERR,ERR,ERR,ERR,ERR,ERR,ERR,ERR,ERR,ERR,ERR,ERR,ERR,ERR,ERR,ERR,ERR,ERR,ERR,ERR,ERR,ERR,ERR,ERR,ERR,ERR,0.0,2.7184303811560617e+23,-100794720.0,0.0,0.0,1.3936040501711995e+18,7.805,0.0,0,0,4,0,7116,0.0,100,0.0,0.0,0.0,0.0,0.0,0,0,0,0,0.0,0,0,0,0,0,0,0,0,0,0,0,0,0,0,0,0,0,0,0,0,0,0,0,0,0,0,0,0,0,0,0,0,0,31,40,40,71,65476,0,300,0,0,8,21553,0.0,-107605600.0,0.0,0.0,0.0,0.0,0.0,0.0,0.0,0.0,0.0,0.0,0.0,0.0,0.0,0.0,0.0,0.0,0.0,0.0,0.0,0.0,-2.004,-0.0,0.0,-2.004,0.0,0.0,0.0,0.0,4472.0,-2.004,6936.0,0.0,2.7184303811560617e+23,-107615136.0,-0.0,0.0,0.0,0.0,0.0,69,0.0,-4.950393007110635e+32,0.0,0.0,0.0,0.0,0.0,0.0,0.0,0,0,0,0.0,0.0,0.0,0.0,0.0,0.0,0.0,0.0,0.0,0.0,0.0,0.0,0.0,0.0,0.0,0.0,0,-107875648.0,69,0.0,138,0.0,0.0,0,0,17087,0,17104,26215,17083,0,0,0,70,68,100,-0.0,82.0,0.0,78.8,-0.0,79.0,1,49,50,180,26215,52429,0,0,0.0,0.0,0.0,0.0,-0.0,67.0,0.0,162057.094,0.0,982,0,1014,0,0,0,955,0,1040,0,937,0,793,0,785,0,823,0,7520,0.032,2.501839664996858e+20,0.0,0.0,784,16797,-0.0,162057.094,-114818.039,-0.0,0.133,6.909358625270745e+28,30.0,70.0,35,0.0,0.0,0.0,0.0,0.0,0.0,0.0,0.0,0.0,0.0,0.0,0.0,0.0,0.0,0.0,0.0,66.4,0,150,71,52,65476,0,300,0,0,8,20529,65476,0,0,44564,70.0,0.0,0.0,0.0,0.0,0.0
2026-09-10T21:11:13,ERR,ERR,ERR,ERR,ERR,ERR,ERR,ERR,ERR,ERR,ERR,ERR,ERR,ERR,ERR,ERR,ERR,ERR,ERR,ERR,ERR,ERR,ERR,ERR,ERR,ERR,ERR,ERR,ERR,ERR,ERR,ERR,ERR,ERR,ERR,ERR,ERR,ERR,ERR,ERR,ERR,ERR,ERR,ERR,ERR,ERR,ERR,ERR,ERR,ERR,ERR,ERR,ERR,ERR,ERR,ERR,ERR,ERR,ERR,ERR,ERR,ERR,ERR,ERR,ERR,ERR,ERR,ERR,ERR,ERR,ERR,ERR,ERR,ERR,ERR,ERR,ERR,ERR,ERR,ERR,ERR,ERR,ERR,ERR,ERR,ERR,ERR,ERR,ERR,ERR,ERR,ERR,ERR,ERR,ERR,ERR,ERR,ERR,ERR,ERR,ERR,ERR,ERR,ERR,ERR,ERR,ERR,ERR,ERR,ERR,ERR,ERR,ERR,ERR,ERR,ERR,ERR,ERR,ERR,ERR,ERR,ERR,ERR,ERR,ERR,0.0,2.7184303811560617e+23,-100794720.0,0.0,0.0,1.3936040501711995e+18,7.805,0.0,0,0,4,0,7116,0.0,100,0.0,0.0,0.0,0.0,0.0,0,0,0,0,0.0,0,0,0,0,0,0,0,0,0,0,0,0,0,0,0,0,0,0,0,0,0,0,0,0,0,0,0,0,0,0,0,0,0,31,40,40,71,65476,0,300,0,0,8,21553,0.0,-107605600.0,0.0,0.0,0.0,0.0,0.0,0.0,0.0,0.0,0.0,0.0,0.0,0.0,0.0,0.0,0.0,0.0,0.0,0.0,0.0,0.0,-2.004,-0.0,0.0,-2.004,0.0,0.0,0.0,0.0,4472.0,-2.004,6936.0,0.0,2.7184303811560617e+23,-107615136.0,-0.0,0.0,0.0,0.0,0.0,69,0.0,-4.950393007110635e+32,0.0,0.0,0.0,0.0,0.0,0.0,0.0,0,0,0,0.0,0.0,0.0,0.0,0.0,0.0,0.0,0.0,0.0,0.0,0.0,0.0,0.0,0.0,0.0,0.0,0,-107875648.0,69,0.0,138,0.0,0.0,0,0,17087,0,17104,26215,17083,0,0,0,70,68,100,-0.0,82.0,0.0,78.8,-0.0,79.0,1,49,50,180,26215,52429,0,0,0.0,0.0,0.0,0.0,-0.0,67.0,0.0,162057.094,0.0,982,0,1014,0,0,0,955,0,1040,0,937,0,793,0,785,0,823,0,7520,0.032,2.501839664996858e+20,0.0,0.0,784,16797,-0.0,162057.094,-114818.039,-0.0,0.133,6.909358625270745e+28,30.0,70.0,35,0.0,0.0,0.0,0.0,0.0,0.0,0.0,0.0,0.0,0.0,0.0,0.0,0.0,0.0,0.0,0.0,66.4,0,150,71,52,65476,0,300,0,0,8,20529,65476,0,0,44564,70.0,0.0,0.0,0.0,0.0,0.0
2026-09-10T21:11:14,ERR,ERR,ERR,ERR,ERR,ERR,ERR,ERR,ERR,ERR,ERR,ERR,ERR,ERR,ERR,ERR,ERR,ERR,ERR,ERR,ERR,ERR,ERR,ERR,ERR,ERR,ERR,ERR,ERR,ERR,ERR,ERR,ERR,ERR,ERR,ERR,ERR,ERR,ERR,ERR,ERR,ERR,ERR,ERR,ERR,ERR,ERR,ERR,ERR,ERR,ERR,ERR,ERR,ERR,ERR,ERR,ERR,ERR,ERR,ERR,ERR,ERR,ERR,ERR,ERR,ERR,ERR,ERR,ERR,ERR,ERR,ERR,ERR,ERR,ERR,ERR,ERR,ERR,ERR,ERR,ERR,ERR,ERR,ERR,ERR,ERR,ERR,ERR,ERR,ERR,ERR,ERR,ERR,ERR,ERR,ERR,ERR,ERR,ERR,ERR,ERR,ERR,ERR,ERR,ERR,ERR,ERR,ERR,ERR,ERR,ERR,ERR,ERR,ERR,ERR,ERR,ERR,ERR,ERR,ERR,ERR,ERR,ERR,ERR,ERR,0.0,2.7184303811560617e+23,-100794720.0,0.0,0.0,1.3936040501711995e+18,7.805,0.0,0,0,4,0,7116,0.0,100,0.0,0.0,0.0,0.0,0.0,0,0,0,0,0.0,0,0,0,0,0,0,0,0,0,0,0,0,0,0,0,0,0,0,0,0,0,0,0,0,0,0,0,0,0,0,0,0,0,31,40,40,71,65476,0,300,0,0,8,21553,0.0,-107605600.0,0.0,0.0,0.0,0.0,0.0,0.0,0.0,0.0,0.0,0.0,0.0,0.0,0.0,0.0,0.0,0.0,0.0,0.0,0.0,0.0,-2.004,-0.0,0.0,-2.004,0.0,0.0,0.0,0.0,4472.0,-2.004,6936.0,0.0,2.7184303811560617e+23,-107615136.0,-0.0,0.0,0.0,0.0,0.0,69,0.0,-4.950393007110635e+32,0.0,0.0,0.0,0.0,0.0,0.0,0.0,0,0,0,0.0,0.0,0.0,0.0,0.0,0.0,0.0,0.0,0.0,0.0,0.0,0.0,0.0,0.0,0.0,0.0,0,-107875648.0,69,0.0,138,0.0,0.0,0,0,17087,0,17104,26215,17083,0,0,0,70,68,100,-0.0,82.0,0.0,78.8,-0.0,79.0,1,49,50,180,26215,52429,0,0,0.0,0.0,0.0,0.0,-0.0,67.0,0.0,162057.094,0.0,982,0,1014,0,0,0,955,0,1040,0,937,0,793,0,785,0,823,0,7520,0.032,2.501839664996858e+20,0.0,0.0,784,16797,-0.0,162057.094,-114818.039,-0.0,0.133,6.909358625270745e+28,30.0,70.0,35,0.0,0.0,0.0,0.0,0.0,0.0,0.0,0.0,0.0,0.0,0.0,0.0,0.0,0.0,0.0,0.0,66.4,0,150,71,52,65476,0,300,0,0,8,20529,65476,0,0,44564,70.0,0.0,0.0,0.0,0.0,0.0
2026-09-10T21:11:15,ERR,ERR,ERR,ERR,ERR,ERR,ERR,ERR,ERR,ERR,ERR,ERR,ERR,ERR,ERR,ERR,ERR,ERR,ERR,ERR,ERR,ERR,ERR,ERR,ERR,ERR,ERR,ERR,ERR,ERR,ERR,ERR,ERR,ERR,ERR,ERR,ERR,ERR,ERR,ERR,ERR,ERR,ERR,ERR,ERR,ERR,ERR,ERR,ERR,ERR,ERR,ERR,ERR,ERR,ERR,ERR,ERR,ERR,ERR,ERR,ERR,ERR,ERR,ERR,ERR,ERR,ERR,ERR,ERR,ERR,ERR,ERR,ERR,ERR,ERR,ERR,ERR,ERR,ERR,ERR,ERR,ERR,ERR,ERR,ERR,ERR,ERR,ERR,ERR,ERR,ERR,ERR,ERR,ERR,ERR,ERR,ERR,ERR,ERR,ERR,ERR,ERR,ERR,ERR,ERR,ERR,ERR,ERR,ERR,ERR,ERR,ERR,ERR,ERR,ERR,ERR,ERR,ERR,ERR,ERR,ERR,ERR,ERR,ERR,ERR,0.0,2.7184303811560617e+23,-100794720.0,0.0,0.0,1.3936040501711995e+18,7.805,0.0,0,0,4,0,7116,0.0,100,0.0,0.0,0.0,0.0,0.0,0,0,0,0,0.0,0,0,0,0,0,0,0,0,0,0,0,0,0,0,0,0,0,0,0,0,0,0,0,0,0,0,0,0,0,0,0,0,0,31,40,40,71,65476,0,300,0,0,8,21553,0.0,-107605600.0,0.0,0.0,0.0,0.0,0.0,0.0,0.0,0.0,0.0,0.0,0.0,0.0,0.0,0.0,0.0,0.0,0.0,0.0,0.0,0.0,-2.004,-0.0,0.0,-2.004,0.0,0.0,0.0,0.0,4472.0,-2.004,6936.0,0.0,2.7184303811560617e+23,-107615136.0,-0.0,0.0,0.0,0.0,0.0,69,0.0,-4.950393007110635e+32,0.0,0.0,0.0,0.0,0.0,0.0,0.0,0,0,0,0.0,0.0,0.0,0.0,0.0,0.0,0.0,0.0,0.0,0.0,0.0,0.0,0.0,0.0,0.0,0.0,0,-107875648.0,69,0.0,138,0.0,0.0,0,0,17087,0,17104,26215,17083,0,0,0,70,68,100,-0.0,82.0,0.0,78.8,-0.0,79.0,1,49,50,180,26215,52429,0,0,0.0,0.0,0.0,0.0,-0.0,67.0,0.0,162057.094,0.0,982,0,1014,0,0,0,955,0,1040,0,937,0,793,0,785,0,823,0,7520,0.032,2.501839664996858e+20,0.0,0.0,784,16797,-0.0,162057.094,-114818.039,-0.0,0.133,6.909358625270745e+28,30.0,70.0,35,0.0,0.0,0.0,0.0,0.0,0.0,0.0,0.0,0.0,0.0,0.0,0.0,0.0,0.0,0.0,0.0,66.4,0,150,71,52,65476,0,300,0,0,8,20529,65476,0,0,44564,70.0,0.0,0.0,0.0,0.0,0.0
2026-09-10T21:11:16,ERR,ERR,ERR,ERR,ERR,ERR,ERR,ERR,ERR,ERR,ERR,ERR,ERR,ERR,ERR,ERR,ERR,ERR,ERR,ERR,ERR,ERR,ERR,ERR,ERR,ERR,ERR,ERR,ERR,ERR,ERR,ERR,ERR,ERR,ERR,ERR,ERR,ERR,ERR,ERR,ERR,ERR,ERR,ERR,ERR,ERR,ERR,ERR,ERR,ERR,ERR,ERR,ERR,ERR,ERR,ERR,ERR,ERR,ERR,ERR,ERR,ERR,ERR,ERR,ERR,ERR,ERR,ERR,ERR,ERR,ERR,ERR,ERR,ERR,ERR,ERR,ERR,ERR,ERR,ERR,ERR,ERR,ERR,ERR,ERR,ERR,ERR,ERR,ERR,ERR,ERR,ERR,ERR,ERR,ERR,ERR,ERR,ERR,ERR,ERR,ERR,ERR,ERR,ERR,ERR,ERR,ERR,ERR,ERR,ERR,ERR,ERR,ERR,ERR,ERR,ERR,ERR,ERR,ERR,ERR,ERR,ERR,ERR,ERR,ERR,0.0,2.7184303811560617e+23,-100794720.0,0.0,0.0,1.3936040501711995e+18,7.805,0.0,0,0,4,0,7116,0.0,100,0.0,0.0,0.0,0.0,0.0,0,0,0,0,0.0,0,0,0,0,0,0,0,0,0,0,0,0,0,0,0,0,0,0,0,0,0,0,0,0,0,0,0,0,0,0,0,0,0,31,40,40,71,65476,0,300,0,0,8,21553,0.0,-107605600.0,0.0,0.0,0.0,0.0,0.0,0.0,0.0,0.0,0.0,0.0,0.0,0.0,0.0,0.0,0.0,0.0,0.0,0.0,0.0,0.0,-2.004,-0.0,0.0,-2.004,0.0,0.0,0.0,0.0,4466.0,1.0406632763589053e+34,6931.0,0.0,2.7184303811560617e+23,-107615136.0,-0.0,0.0,0.0,0.0,0.0,69,-5.8480849975795215e+35,-0.0,0.0,0.0,0.0,0.0,0.0,0.0,0.0,0,0,0,0.0,0.0,0.0,0.0,0.0,0.0,0.0,0.0,0.0,0.0,0.0,0.0,0.0,0.0,0.0,0.0,0,-107875648.0,69,0.0,138,0.0,0.0,0,0,17087,0,17104,26215,17083,0,0,0,70,68,100,-0.0,82.0,0.0,78.8,-0.0,79.0,1,49,50,180,26215,52429,0,0,0.0,0.0,0.0,0.0,-0.0,67.0,0.0,162057.094,0.0,982,0,1014,0,0,0,955,0,1040,0,937,0,793,0,785,0,823,0,7520,0.032,2.501839664996858e+20,0.0,0.0,784,16797,-0.0,162057.094,-114818.039,-0.0,0.133,6.909358625270745e+28,30.0,70.0,35,0.0,0.0,0.0,0.0,0.0,0.0,0.0,0.0,0.0,0.0,0.0,0.0,0.0,0.0,0.0,0.0,66.4,0,150,71,52,65476,0,300,0,0,8,20529,65476,0,0,44564,70.0,0.0,0.0,0.0,0.0,0.0
2026-09-10T21:11:17,ERR,ERR,ERR,ERR,ERR,ERR,ERR,ERR,ERR,ERR,ERR,ERR,ERR,ERR,ERR,ERR,ERR,ERR,ERR,ERR,ERR,ERR,ERR,ERR,ERR,ERR,ERR,ERR,ERR,ERR,ERR,ERR,ERR,ERR,ERR,ERR,ERR,ERR,ERR,ERR,ERR,ERR,ERR,ERR,ERR,ERR,ERR,ERR,ERR,ERR,ERR,ERR,ERR,ERR,ERR,ERR,ERR,ERR,ERR,ERR,ERR,ERR,ERR,ERR,ERR,ERR,ERR,ERR,ERR,ERR,ERR,ERR,ERR,ERR,ERR,ERR,ERR,ERR,ERR,ERR,ERR,ERR,ERR,ERR,ERR,ERR,ERR,ERR,ERR,ERR,ERR,ERR,ERR,ERR,ERR,ERR,ERR,ERR,ERR,ERR,ERR,ERR,ERR,ERR,ERR,ERR,ERR,ERR,ERR,ERR,ERR,ERR,ERR,ERR,ERR,ERR,ERR,ERR,ERR,ERR,ERR,ERR,ERR,ERR,ERR,0.0,2.7184303811560617e+23,-100794720.0,0.0,0.0,1.3936040501711995e+18,7.805,0.0,0,0,4,0,7116,0.0,100,0.0,0.0,0.0,0.0,0.0,0,0,0,0,0.0,0,0,0,0,0,0,0,0,0,0,0,0,0,0,0,0,0,0,0,0,0,0,0,0,0,0,0,0,0,0,0,0,0,31,40,40,71,65476,0,300,0,0,8,21553,0.0,-107605600.0,0.0,0.0,0.0,0.0,0.0,0.0,0.0,0.0,0.0,0.0,0.0,0.0,0.0,0.0,0.0,0.0,0.0,0.0,0.0,0.0,-2.004,-0.0,0.0,-2.004,0.0,0.0,0.0,0.0,4466.0,1.0406632763589053e+34,6931.0,0.0,2.7184303811560617e+23,-107615136.0,-0.0,0.0,0.0,0.0,0.0,69,-5.8480849975795215e+35,-0.0,0.0,0.0,0.0,0.0,0.0,0.0,0.0,0,0,0,0.0,0.0,0.0,0.0,0.0,0.0,0.0,0.0,0.0,0.0,0.0,0.0,0.0,0.0,0.0,0.0,0,-107875648.0,69,0.0,138,0.0,0.0,0,0,17087,0,17104,26215,17083,0,0,0,70,68,100,-0.0,82.0,0.0,78.8,-0.0,79.0,1,49,50,180,26215,52429,0,0,0.0,0.0,0.0,0.0,-0.0,67.0,0.0,162057.094,0.0,982,0,1014,0,0,0,955,0,1040,0,937,0,793,0,785,0,823,0,7520,0.032,2.501839664996858e+20,0.0,0.0,784,16797,-0.0,162057.094,-114818.039,-0.0,0.133,6.909358625270745e+28,30.0,70.0,35,0.0,0.0,0.0,0.0,0.0,0.0,0.0,0.0,0.0,0.0,0.0,0.0,0.0,0.0,0.0,0.0,66.4,0,150,71,52,65476,0,300,0,0,8,20529,65476,0,0,44564,70.0,0.0,0.0,0.0,0.0,0.0
2026-09-10T21:11:18,ERR,ERR,ERR,ERR,ERR,ERR,ERR,ERR,ERR,ERR,ERR,ERR,ERR,ERR,ERR,ERR,ERR,ERR,ERR,ERR,ERR,ERR,ERR,ERR,ERR,ERR,ERR,ERR,ERR,ERR,ERR,ERR,ERR,ERR,ERR,ERR,ERR,ERR,ERR,ERR,ERR,ERR,ERR,ERR,ERR,ERR,ERR,ERR,ERR,ERR,ERR,ERR,ERR,ERR,ERR,ERR,ERR,ERR,ERR,ERR,ERR,ERR,ERR,ERR,ERR,ERR,ERR,ERR,ERR,ERR,ERR,ERR,ERR,ERR,ERR,ERR,ERR,ERR,ERR,ERR,ERR,ERR,ERR,ERR,ERR,ERR,ERR,ERR,ERR,ERR,ERR,ERR,ERR,ERR,ERR,ERR,ERR,ERR,ERR,ERR,ERR,ERR,ERR,ERR,ERR,ERR,ERR,ERR,ERR,ERR,ERR,ERR,ERR,ERR,ERR,ERR,ERR,ERR,ERR,ERR,ERR,ERR,ERR,ERR,ERR,0.0,2.7184303811560617e+23,-100794720.0,0.0,0.0,1.3936040501711995e+18,7.805,0.0,0,0,4,0,7116,0.0,100,0.0,0.0,0.0,0.0,0.0,0,0,0,0,0.0,0,0,0,0,0,0,0,0,0,0,0,0,0,0,0,0,0,0,0,0,0,0,0,0,0,0,0,0,0,0,0,0,0,31,40,40,71,65476,0,300,0,0,8,21553,0.0,-107605600.0,0.0,0.0,0.0,0.0,0.0,0.0,0.0,0.0,0.0,0.0,0.0,0.0,0.0,0.0,0.0,0.0,0.0,0.0,0.0,0.0,-2.004,-0.0,0.0,-2.004,0.0,0.0,0.0,0.0,4466.0,1.0406632763589053e+34,6931.0,0.0,2.7184303811560617e+23,-107615136.0,-0.0,0.0,0.0,0.0,0.0,69,-5.8480849975795215e+35,-0.0,0.0,0.0,0.0,0.0,0.0,0.0,0.0,0,0,0,0.0,0.0,0.0,0.0,0.0,0.0,0.0,0.0,0.0,0.0,0.0,0.0,0.0,0.0,0.0,0.0,0,-107875648.0,69,0.0,138,0.0,0.0,0,0,17087,0,17104,26215,17083,0,0,0,70,68,100,-0.0,82.0,0.0,78.8,-0.0,79.0,1,49,50,180,26215,52429,0,0,0.0,0.0,0.0,0.0,-0.0,67.0,0.0,162057.094,0.0,982,0,1014,0,0,0,955,0,1040,0,937,0,793,0,785,0,823,0,7520,0.032,2.5133688800429264e+20,0.0,0.0,784,16797,-0.0,162057.094,-114818.039,-0.0,0.133,6.909358625270745e+28,30.0,70.0,35,0.0,0.0,0.0,0.0,0.0,0.0,0.0,0.0,0.0,0.0,0.0,0.0,0.0,0.0,0.0,0.0,66.4,0,150,71,52,65476,0,300,0,0,8,20529,65476,0,0,44564,70.0,0.0,0.0,0.0,0.0,0.0
2026-09-10T21:11:19,ERR,ERR,ERR,ERR,ERR,ERR,ERR,ERR,ERR,ERR,ERR,ERR,ERR,ERR,ERR,ERR,ERR,ERR,ERR,ERR,ERR,ERR,ERR,ERR,ERR,ERR,ERR,ERR,ERR,ERR,ERR,ERR,ERR,ERR,ERR,ERR,ERR,ERR,ERR,ERR,ERR,ERR,ERR,ERR,ERR,ERR,ERR,ERR,ERR,ERR,ERR,ERR,ERR,ERR,ERR,ERR,ERR,ERR,ERR,ERR,ERR,ERR,ERR,ERR,ERR,ERR,ERR,ERR,ERR,ERR,ERR,ERR,ERR,ERR,ERR,ERR,ERR,ERR,ERR,ERR,ERR,ERR,ERR,ERR,ERR,ERR,ERR,ERR,ERR,ERR,ERR,ERR,ERR,ERR,ERR,ERR,ERR,ERR,ERR,ERR,ERR,ERR,ERR,ERR,ERR,ERR,ERR,ERR,ERR,ERR,ERR,ERR,ERR,ERR,ERR,ERR,ERR,ERR,ERR,ERR,ERR,ERR,ERR,ERR,ERR,0.0,2.7184303811560617e+23,-100794720.0,0.0,0.0,1.3936040501711995e+18,7.805,0.0,0,0,4,0,7116,0.0,100,0.0,0.0,0.0,0.0,0.0,0,0,0,0,0.0,0,0,0,0,0,0,0,0,0,0,0,0,0,0,0,0,0,0,0,0,0,0,0,0,0,0,0,0,0,0,0,0,0,31,40,40,71,65476,0,300,0,0,8,21553,0.0,-107605600.0,0.0,0.0,0.0,0.0,0.0,0.0,0.0,0.0,0.0,0.0,0.0,0.0,0.0,0.0,0.0,0.0,0.0,0.0,0.0,0.0,-2.004,-0.0,0.0,-2.004,0.0,0.0,0.0,0.0,4466.0,1.0406632763589053e+34,6931.0,0.0,2.7184303811560617e+23,-107615136.0,-0.0,0.0,0.0,0.0,0.0,69,-5.8480849975795215e+35,-0.0,0.0,0.0,0.0,0.0,0.0,0.0,0.0,0,0,0,0.0,0.0,0.0,0.0,0.0,0.0,0.0,0.0,0.0,0.0,0.0,0.0,0.0,0.0,0.0,0.0,0,-107875648.0,69,0.0,138,0.0,0.0,0,0,17087,0,17104,26215,17083,0,0,0,70,68,100,-0.0,82.0,0.0,78.8,-0.0,79.0,1,49,50,180,26215,52429,0,0,0.0,0.0,0.0,0.0,-0.0,67.0,0.0,162057.094,0.0,982,0,1014,0,0,0,955,0,1040,0,937,0,793,0,785,0,823,0,7520,0.032,2.5133688800429264e+20,0.0,0.0,784,16797,-0.0,162057.094,-114818.039,-0.0,0.133,6.909358625270745e+28,30.0,70.0,35,0.0,0.0,0.0,0.0,0.0,0.0,0.0,0.0,0.0,0.0,0.0,0.0,0.0,0.0,0.0,0.0,66.4,0,150,71,52,65476,0,300,0,0,8,20529,65476,0,0,44564,70.0,0.0,0.0,0.0,0.0,0.0
2026-09-10T21:11:20,ERR,ERR,ERR,ERR,ERR,ERR,ERR,ERR,ERR,ERR,ERR,ERR,ERR,ERR,ERR,ERR,ERR,ERR,ERR,ERR,ERR,ERR,ERR,ERR,ERR,ERR,ERR,ERR,ERR,ERR,ERR,ERR,ERR,ERR,ERR,ERR,ERR,ERR,ERR,ERR,ERR,ERR,ERR,ERR,ERR,ERR,ERR,ERR,ERR,ERR,ERR,ERR,ERR,ERR,ERR,ERR,ERR,ERR,ERR,ERR,ERR,ERR,ERR,ERR,ERR,ERR,ERR,ERR,ERR,ERR,ERR,ERR,ERR,ERR,ERR,ERR,ERR,ERR,ERR,ERR,ERR,ERR,ERR,ERR,ERR,ERR,ERR,ERR,ERR,ERR,ERR,ERR,ERR,ERR,ERR,ERR,ERR,ERR,ERR,ERR,ERR,ERR,ERR,ERR,ERR,ERR,ERR,ERR,ERR,ERR,ERR,ERR,ERR,ERR,ERR,ERR,ERR,ERR,ERR,ERR,ERR,ERR,ERR,ERR,ERR,0.0,2.7184303811560617e+23,-100794720.0,0.0,0.0,1.3936040501711995e+18,7.805,0.0,0,0,4,0,7116,0.0,100,0.0,0.0,0.0,0.0,0.0,0,0,0,0,0.0,0,0,0,0,0,0,0,0,0,0,0,0,0,0,0,0,0,0,0,0,0,0,0,0,0,0,0,0,0,0,0,0,0,31,40,40,71,65476,0,300,0,0,8,21553,0.0,-107605600.0,0.0,0.0,0.0,0.0,0.0,0.0,0.0,0.0,0.0,0.0,0.0,0.0,0.0,0.0,0.0,0.0,0.0,0.0,0.0,0.0,-2.004,-0.0,0.0,-2.004,0.0,0.0,0.0,0.0,4466.0,1.0406632763589053e+34,6931.0,0.0,2.7184303811560617e+23,-107615136.0,-0.0,0.0,0.0,0.0,0.0,69,-5.8480849975795215e+35,-0.0,0.0,0.0,0.0,0.0,0.0,0.0,0.0,0,0,0,0.0,0.0,0.0,0.0,0.0,0.0,0.0,0.0,0.0,0.0,0.0,0.0,0.0,0.0,0.0,0.0,0,-107875648.0,69,0.0,138,0.0,0.0,0,0,17087,0,17104,26215,17083,0,0,0,70,68,100,-0.0,82.0,0.0,78.8,-0.0,79.0,1,49,50,180,26215,52429,0,0,0.0,0.0,0.0,0.0,-0.0,67.0,0.0,162057.094,0.0,982,0,1014,0,0,0,955,0,1040,0,937,0,793,0,785,0,823,0,7520,0.032,2.5133688800429264e+20,0.0,0.0,784,16797,-0.0,162057.094,-114818.039,-0.0,0.133,6.909358625270745e+28,30.0,70.0,35,0.0,0.0,0.0,0.0,0.0,0.0,0.0,0.0,0.0,0.0,0.0,0.0,0.0,0.0,0.0,0.0,66.0,0,150,71,52,65476,0,300,0,0,8,20529,65476,0,0,44564,70.0,0.0,0.0,0.0,0.0,0.0
2026-09-10T21:11:21,ERR,ERR,ERR,ERR,ERR,ERR,ERR,ERR,ERR,ERR,ERR,ERR,ERR,ERR,ERR,ERR,ERR,ERR,ERR,ERR,ERR,ERR,ERR,ERR,ERR,ERR,ERR,ERR,ERR,ERR,ERR,ERR,ERR,ERR,ERR,ERR,ERR,ERR,ERR,ERR,ERR,ERR,ERR,ERR,ERR,ERR,ERR,ERR,ERR,ERR,ERR,ERR,ERR,ERR,ERR,ERR,ERR,ERR,ERR,ERR,ERR,ERR,ERR,ERR,ERR,ERR,ERR,ERR,ERR,ERR,ERR,ERR,ERR,ERR,ERR,ERR,ERR,ERR,ERR,ERR,ERR,ERR,ERR,ERR,ERR,ERR,ERR,ERR,ERR,ERR,ERR,ERR,ERR,ERR,ERR,ERR,ERR,ERR,ERR,ERR,ERR,ERR,ERR,ERR,ERR,ERR,ERR,ERR,ERR,ERR,ERR,ERR,ERR,ERR,ERR,ERR,ERR,ERR,ERR,ERR,ERR,ERR,ERR,ERR,ERR,0.0,2.7184303811560617e+23,-100794720.0,0.0,0.0,1.3936040501711995e+18,7.805,0.0,0,0,4,0,7116,0.0,100,0.0,0.0,0.0,0.0,0.0,0,0,0,0,0.0,0,0,0,0,0,0,0,0,0,0,0,0,0,0,0,0,0,0,0,0,0,0,0,0,0,0,0,0,0,0,0,0,0,31,40,40,71,65476,0,300,0,0,8,21553,0.0,-107605600.0,0.0,0.0,0.0,0.0,0.0,0.0,0.0,0.0,0.0,0.0,0.0,0.0,0.0,0.0,0.0,0.0,0.0,0.0,0.0,0.0,-2.004,-0.0,0.0,-2.004,0.0,0.0,0.0,0.0,4466.0,1.0406632763589053e+34,6931.0,0.0,2.7184303811560617e+23,-107615136.0,-0.0,0.0,0.0,0.0,0.0,69,-5.8480849975795215e+35,-0.0,0.0,0.0,0.0,0.0,0.0,0.0,0.0,0,0,0,0.0,0.0,0.0,0.0,0.0,0.0,0.0,0.0,0.0,0.0,0.0,0.0,0.0,0.0,0.0,0.0,0,-107875648.0,69,0.0,138,0.0,0.0,0,0,17087,0,17104,26215,17083,0,0,0,70,68,100,-0.0,82.0,0.0,78.8,-0.0,79.0,1,49,50,180,26215,52429,0,0,0.0,0.0,0.0,0.0,-0.0,67.0,0.0,162057.094,0.0,982,0,1014,0,0,0,955,0,1040,0,937,0,793,0,785,0,823,0,7520,0.032,2.5133688800429264e+20,0.0,0.0,784,16797,-0.0,162057.094,-114818.039,-0.0,0.133,6.909358625270745e+28,30.0,70.0,35,0.0,0.0,0.0,0.0,0.0,0.0,0.0,0.0,0.0,0.0,0.0,0.0,0.0,0.0,0.0,0.0,66.0,0,150,71,52,65476,0,300,0,0,8,20529,65476,0,0,44564,70.0,0.0,0.0,0.0,0.0,0.0
2026-09-10T21:11:22,ERR,ERR,ERR,ERR,ERR,ERR,ERR,ERR,ERR,ERR,ERR,ERR,ERR,ERR,ERR,ERR,ERR,ERR,ERR,ERR,ERR,ERR,ERR,ERR,ERR,ERR,ERR,ERR,ERR,ERR,ERR,ERR,ERR,ERR,ERR,ERR,ERR,ERR,ERR,ERR,ERR,ERR,ERR,ERR,ERR,ERR,ERR,ERR,ERR,ERR,ERR,ERR,ERR,ERR,ERR,ERR,ERR,ERR,ERR,ERR,ERR,ERR,ERR,ERR,ERR,ERR,ERR,ERR,ERR,ERR,ERR,ERR,ERR,ERR,ERR,ERR,ERR,ERR,ERR,ERR,ERR,ERR,ERR,ERR,ERR,ERR,ERR,ERR,ERR,ERR,ERR,ERR,ERR,ERR,ERR,ERR,ERR,ERR,ERR,ERR,ERR,ERR,ERR,ERR,ERR,ERR,ERR,ERR,ERR,ERR,ERR,ERR,ERR,ERR,ERR,ERR,ERR,ERR,ERR,ERR,ERR,ERR,ERR,ERR,ERR,0.0,2.7184303811560617e+23,-100794720.0,0.0,0.0,1.3936040501711995e+18,7.805,0.0,0,0,4,0,7116,0.0,100,0.0,0.0,0.0,0.0,0.0,0,0,0,0,0.0,0,0,0,0,0,0,0,0,0,0,0,0,0,0,0,0,0,0,0,0,0,0,0,0,0,0,0,0,0,0,0,0,0,31,40,40,71,65476,0,300,0,0,8,21553,0.0,-107605600.0,0.0,0.0,0.0,0.0,0.0,0.0,0.0,0.0,0.0,0.0,0.0,0.0,0.0,0.0,0.0,0.0,0.0,0.0,0.0,0.0,-2.004,-0.0,0.0,-2.004,0.0,0.0,0.0,0.0,4466.0,1.0406632763589053e+34,6931.0,0.0,2.7184303811560617e+23,-107615136.0,-0.0,0.0,0.0,0.0,0.0,69,-5.8480849975795215e+35,-0.0,0.0,0.0,0.0,0.0,0.0,0.0,0.0,0,0,0,0.0,0.0,0.0,0.0,0.0,0.0,0.0,0.0,0.0,0.0,0.0,0.0,0.0,0.0,0.0,0.0,0,-107875648.0,69,0.0,138,0.0,0.0,0,0,17087,0,17104,26215,17083,0,0,0,70,68,100,-0.0,82.0,0.0,78.8,-0.0,79.0,1,49,50,180,26215,52429,0,0,0.0,0.0,0.0,0.0,-0.0,67.0,0.0,162057.094,0.0,982,0,1014,0,0,0,955,0,1040,0,937,0,793,0,785,0,823,0,7520,0.032,2.5133688800429264e+20,0.0,0.0,784,16797,-0.0,162057.094,-114818.039,-0.0,0.133,6.909358625270745e+28,30.0,70.0,35,0.0,0.0,0.0,0.0,0.0,0.0,0.0,0.0,0.0,0.0,0.0,0.0,0.0,0.0,0.0,0.0,66.0,0,150,71,52,65476,0,300,0,0,8,20529,65476,0,0,44564,70.0,0.0,0.0,0.0,0.0,0.0
2026-09-10T21:11:23,ERR,ERR,ERR,ERR,ERR,ERR,ERR,ERR,ERR,ERR,ERR,ERR,ERR,ERR,ERR,ERR,ERR,ERR,ERR,ERR,ERR,ERR,ERR,ERR,ERR,ERR,ERR,ERR,ERR,ERR,ERR,ERR,ERR,ERR,ERR,ERR,ERR,ERR,ERR,ERR,ERR,ERR,ERR,ERR,ERR,ERR,ERR,ERR,ERR,ERR,ERR,ERR,ERR,ERR,ERR,ERR,ERR,ERR,ERR,ERR,ERR,ERR,ERR,ERR,ERR,ERR,ERR,ERR,ERR,ERR,ERR,ERR,ERR,ERR,ERR,ERR,ERR,ERR,ERR,ERR,ERR,ERR,ERR,ERR,ERR,ERR,ERR,ERR,ERR,ERR,ERR,ERR,ERR,ERR,ERR,ERR,ERR,ERR,ERR,ERR,ERR,ERR,ERR,ERR,ERR,ERR,ERR,ERR,ERR,ERR,ERR,ERR,ERR,ERR,ERR,ERR,ERR,ERR,ERR,ERR,ERR,ERR,ERR,ERR,ERR,0.0,2.7184303811560617e+23,-100794720.0,0.0,0.0,1.3936040501711995e+18,7.805,0.0,0,0,4,0,7116,0.0,100,0.0,0.0,0.0,0.0,0.0,0,0,0,0,0.0,0,0,0,0,0,0,0,0,0,0,0,0,0,0,0,0,0,0,0,0,0,0,0,0,0,0,0,0,0,0,0,0,0,31,40,40,71,65476,0,300,0,0,8,21553,0.0,-107605600.0,0.0,0.0,0.0,0.0,0.0,0.0,0.0,0.0,0.0,0.0,0.0,0.0,0.0,0.0,0.0,0.0,0.0,0.0,0.0,0.0,-2.004,-0.0,0.0,-2.004,0.0,0.0,0.0,0.0,4466.0,1.0406632763589053e+34,6931.0,0.0,2.7184303811560617e+23,-107615136.0,-0.0,0.0,0.0,0.0,0.0,69,-5.8480849975795215e+35,-0.0,0.0,0.0,0.0,0.0,0.0,0.0,0.0,0,0,0,0.0,0.0,0.0,0.0,0.0,0.0,0.0,0.0,0.0,0.0,0.0,0.0,0.0,0.0,0.0,0.0,0,-107875648.0,69,0.0,138,0.0,0.0,0,0,17087,0,17104,26215,17083,0,0,0,70,68,100,-0.0,82.0,0.0,78.8,-0.0,79.0,1,49,50,180,26215,52429,0,0,0.0,0.0,0.0,0.0,-0.0,67.0,0.0,162057.094,0.0,982,0,1014,0,0,0,955,0,1040,0,937,0,793,0,785,0,823,0,7520,0.032,2.5133688800429264e+20,0.0,0.0,784,16797,-0.0,162057.094,-114818.039,-0.0,0.133,6.909358625270745e+28,30.0,70.0,35,0.0,0.0,0.0,0.0,0.0,0.0,0.0,0.0,0.0,0.0,0.0,0.0,0.0,0.0,0.0,0.0,66.4,0,150,71,52,65476,0,300,0,0,8,20529,65476,0,0,44564,70.0,0.0,0.0,0.0,0.0,0.0
2026-09-10T21:11:24,ERR,ERR,ERR,ERR,ERR,ERR,ERR,ERR,ERR,ERR,ERR,ERR,ERR,ERR,ERR,ERR,ERR,ERR,ERR,ERR,ERR,ERR,ERR,ERR,ERR,ERR,ERR,ERR,ERR,ERR,ERR,ERR,ERR,ERR,ERR,ERR,ERR,ERR,ERR,ERR,ERR,ERR,ERR,ERR,ERR,ERR,ERR,ERR,ERR,ERR,ERR,ERR,ERR,ERR,ERR,ERR,ERR,ERR,ERR,ERR,ERR,ERR,ERR,ERR,ERR,ERR,ERR,ERR,ERR,ERR,ERR,ERR,ERR,ERR,ERR,ERR,ERR,ERR,ERR,ERR,ERR,ERR,ERR,ERR,ERR,ERR,ERR,ERR,ERR,ERR,ERR,ERR,ERR,ERR,ERR,ERR,ERR,ERR,ERR,ERR,ERR,ERR,ERR,ERR,ERR,ERR,ERR,ERR,ERR,ERR,ERR,ERR,ERR,ERR,ERR,ERR,ERR,ERR,ERR,ERR,ERR,ERR,ERR,ERR,ERR,0.0,2.7184303811560617e+23,-100794720.0,0.0,0.0,1.3936040501711995e+18,7.805,0.0,0,0,4,0,7116,0.0,100,0.0,0.0,0.0,0.0,0.0,0,0,0,0,0.0,0,0,0,0,0,0,0,0,0,0,0,0,0,0,0,0,0,0,0,0,0,0,0,0,0,0,0,0,0,0,0,0,0,31,40,40,71,65476,0,300,0,0,8,21553,0.0,-107605600.0,0.0,0.0,0.0,0.0,0.0,0.0,0.0,0.0,0.0,0.0,0.0,0.0,0.0,0.0,0.0,0.0,0.0,0.0,0.0,0.0,-2.004,-0.0,0.0,-2.004,0.0,0.0,0.0,0.0,4466.0,1.0406632763589053e+34,6931.0,0.0,2.7184303811560617e+23,-107615136.0,-0.0,0.0,0.0,0.0,0.0,69,-5.8480849975795215e+35,-0.0,0.0,0.0,0.0,0.0,0.0,0.0,0.0,0,0,0,0.0,0.0,0.0,0.0,0.0,0.0,0.0,0.0,0.0,0.0,0.0,0.0,0.0,0.0,0.0,0.0,0,-107875648.0,69,0.0,138,0.0,0.0,0,0,17087,0,17104,26215,17083,0,0,0,70,68,100,-0.0,82.0,0.0,78.8,-0.0,79.0,1,49,50,180,26215,39322,0,0,0.0,0.0,0.0,0.0,-0.0,67.0,0.0,162057.094,0.0,982,0,1013,0,0,0,955,0,1040,0,937,0,793,0,785,0,823,0,7520,0.032,2.524898095088995e+20,0.0,0.0,784,16797,-0.0,162057.094,-114818.039,-0.0,0.133,6.909358625270745e+28,30.0,70.0,35,0.0,0.0,0.0,0.0,0.0,0.0,0.0,0.0,0.0,0.0,0.0,0.0,0.0,0.0,0.0,0.0,66.4,0,150,71,52,65476,0,300,0,0,8,20529,65476,0,0,44564,70.0,0.0,0.0,0.0,0.0,0.0
2026-09-10T21:11:25,ERR,ERR,ERR,ERR,ERR,ERR,ERR,ERR,ERR,ERR,ERR,ERR,ERR,ERR,ERR,ERR,ERR,ERR,ERR,ERR,ERR,ERR,ERR,ERR,ERR,ERR,ERR,ERR,ERR,ERR,ERR,ERR,ERR,ERR,ERR,ERR,ERR,ERR,ERR,ERR,ERR,ERR,ERR,ERR,ERR,ERR,ERR,ERR,ERR,ERR,ERR,ERR,ERR,ERR,ERR,ERR,ERR,ERR,ERR,ERR,ERR,ERR,ERR,ERR,ERR,ERR,ERR,ERR,ERR,ERR,ERR,ERR,ERR,ERR,ERR,ERR,ERR,ERR,ERR,ERR,ERR,ERR,ERR,ERR,ERR,ERR,ERR,ERR,ERR,ERR,ERR,ERR,ERR,ERR,ERR,ERR,ERR,ERR,ERR,ERR,ERR,ERR,ERR,ERR,ERR,ERR,ERR,ERR,ERR,ERR,ERR,ERR,ERR,ERR,ERR,ERR,ERR,ERR,ERR,ERR,ERR,ERR,ERR,ERR,ERR,0.0,2.7184303811560617e+23,-100794720.0,0.0,0.0,1.3936040501711995e+18,7.805,0.0,0,0,4,0,7116,0.0,100,0.0,0.0,0.0,0.0,0.0,0,0,0,0,0.0,0,0,0,0,0,0,0,0,0,0,0,0,0,0,0,0,0,0,0,0,0,0,0,0,0,0,0,0,0,0,0,0,0,31,40,40,71,65476,0,300,0,0,8,21553,0.0,-107605600.0,0.0,0.0,0.0,0.0,0.0,0.0,0.0,0.0,0.0,0.0,0.0,0.0,0.0,0.0,0.0,0.0,0.0,0.0,0.0,0.0,-2.004,-0.0,0.0,-0.0,0.0,0.0,0.0,0.0,4464.0,-0.0,6929.0,0.0,2.7184303811560617e+23,-107615136.0,2.718428940004181e+23,0.0,0.0,0.0,0.0,69,-152018521948160.0,-0.0,0.0,0.0,0.0,0.0,0.0,0.0,0.0,0,0,0,0.0,0.0,0.0,0.0,0.0,0.0,0.0,0.0,0.0,0.0,0.0,0.0,0.0,0.0,0.0,0.0,0,-107875648.0,69,0.0,138,0.0,0.0,0,0,17087,0,17104,26215,17083,0,0,0,70,68,100,-0.0,82.0,0.0,78.8,-0.0,79.0,1,49,50,180,26215,39322,0,0,0.0,0.0,0.0,0.0,-0.0,67.0,0.0,162057.094,0.0,982,0,1013,0,0,0,955,0,1040,0,937,0,793,0,785,0,823,0,7520,0.032,2.524898095088995e+20,0.0,0.0,784,16797,-0.0,162057.094,-114818.039,-0.0,0.133,6.909358625270745e+28,30.0,70.0,35,0.0,0.0,0.0,0.0,0.0,0.0,0.0,0.0,0.0,0.0,0.0,0.0,0.0,0.0,0.0,0.0,66.4,0,150,71,52,65476,0,300,0,0,8,20529,65476,0,0,44564,70.0,0.0,0.0,0.0,0.0,0.0
2026-09-10T21:11:26,ERR,ERR,ERR,ERR,ERR,ERR,ERR,ERR,ERR,ERR,ERR,ERR,ERR,ERR,ERR,ERR,ERR,ERR,ERR,ERR,ERR,ERR,ERR,ERR,ERR,ERR,ERR,ERR,ERR,ERR,ERR,ERR,ERR,ERR,ERR,ERR,ERR,ERR,ERR,ERR,ERR,ERR,ERR,ERR,ERR,ERR,ERR,ERR,ERR,ERR,ERR,ERR,ERR,ERR,ERR,ERR,ERR,ERR,ERR,ERR,ERR,ERR,ERR,ERR,ERR,ERR,ERR,ERR,ERR,ERR,ERR,ERR,ERR,ERR,ERR,ERR,ERR,ERR,ERR,ERR,ERR,ERR,ERR,ERR,ERR,ERR,ERR,ERR,ERR,ERR,ERR,ERR,ERR,ERR,ERR,ERR,ERR,ERR,ERR,ERR,ERR,ERR,ERR,ERR,ERR,ERR,ERR,ERR,ERR,ERR,ERR,ERR,ERR,ERR,ERR,ERR,ERR,ERR,ERR,ERR,ERR,ERR,ERR,ERR,ERR,0.0,2.7184303811560617e+23,-100794720.0,0.0,0.0,1.3936040501711995e+18,7.805,0.0,0,0,4,0,7116,0.0,100,0.0,0.0,0.0,0.0,0.0,0,0,0,0,0.0,0,0,0,0,0,0,0,0,0,0,0,0,0,0,0,0,0,0,0,0,0,0,0,0,0,0,0,0,0,0,0,0,0,31,40,40,71,65476,0,300,0,0,8,21553,0.0,-107605600.0,0.0,0.0,0.0,0.0,0.0,0.0,0.0,0.0,0.0,0.0,0.0,0.0,0.0,0.0,0.0,0.0,0.0,0.0,0.0,0.0,-2.004,-0.0,0.0,-0.0,0.0,0.0,0.0,0.0,4464.0,-0.0,6929.0,0.0,2.7184303811560617e+23,-107615136.0,2.718428940004181e+23,0.0,0.0,0.0,0.0,69,-152018521948160.0,-0.0,0.0,0.0,0.0,0.0,0.0,0.0,0.0,0,0,0,0.0,0.0,0.0,0.0,0.0,0.0,0.0,0.0,0.0,0.0,0.0,0.0,0.0,0.0,0.0,0.0,0,-107875648.0,69,0.0,138,0.0,0.0,0,0,17087,0,17104,26215,17083,0,0,0,70,68,100,-0.0,82.0,0.0,78.8,-0.0,79.0,1,49,50,180,26215,39322,0,0,0.0,0.0,0.0,0.0,-0.0,67.0,0.0,162057.094,0.0,982,0,1013,0,0,0,955,0,1040,0,937,0,793,0,785,0,823,0,7520,0.032,2.524898095088995e+20,0.0,0.0,784,16797,-0.0,162057.094,-114818.039,-0.0,0.133,6.909358625270745e+28,30.0,70.0,35,0.0,0.0,0.0,0.0,0.0,0.0,0.0,0.0,0.0,0.0,0.0,0.0,0.0,0.0,0.0,0.0,66.4,0,150,71,52,65476,0,300,0,0,8,20529,65476,0,0,44564,70.0,0.0,0.0,0.0,0.0,0.0
2026-09-10T21:11:27,ERR,ERR,ERR,ERR,ERR,ERR,ERR,ERR,ERR,ERR,ERR,ERR,ERR,ERR,ERR,ERR,ERR,ERR,ERR,ERR,ERR,ERR,ERR,ERR,ERR,ERR,ERR,ERR,ERR,ERR,ERR,ERR,ERR,ERR,ERR,ERR,ERR,ERR,ERR,ERR,ERR,ERR,ERR,ERR,ERR,ERR,ERR,ERR,ERR,ERR,ERR,ERR,ERR,ERR,ERR,ERR,ERR,ERR,ERR,ERR,ERR,ERR,ERR,ERR,ERR,ERR,ERR,ERR,ERR,ERR,ERR,ERR,ERR,ERR,ERR,ERR,ERR,ERR,ERR,ERR,ERR,ERR,ERR,ERR,ERR,ERR,ERR,ERR,ERR,ERR,ERR,ERR,ERR,ERR,ERR,ERR,ERR,ERR,ERR,ERR,ERR,ERR,ERR,ERR,ERR,ERR,ERR,ERR,ERR,ERR,ERR,ERR,ERR,ERR,ERR,ERR,ERR,ERR,ERR,ERR,ERR,ERR,ERR,ERR,ERR,0.0,2.7184303811560617e+23,-100794720.0,0.0,0.0,1.3936040501711995e+18,7.805,0.0,0,0,4,0,7116,0.0,100,0.0,0.0,0.0,0.0,0.0,0,0,0,0,0.0,0,0,0,0,0,0,0,0,0,0,0,0,0,0,0,0,0,0,0,0,0,0,0,0,0,0,0,0,0,0,0,0,0,31,40,40,71,65476,0,300,0,0,8,21553,0.0,-107605600.0,0.0,0.0,0.0,0.0,0.0,0.0,0.0,0.0,0.0,0.0,0.0,0.0,0.0,0.0,0.0,0.0,0.0,0.0,0.0,0.0,-2.004,-0.0,0.0,-0.0,0.0,0.0,0.0,0.0,4464.0,-0.0,6929.0,0.0,2.7184303811560617e+23,-107615136.0,2.718428940004181e+23,0.0,0.0,0.0,0.0,69,-152018521948160.0,-0.0,0.0,0.0,0.0,0.0,0.0,0.0,0.0,0,0,0,0.0,0.0,0.0,0.0,0.0,0.0,0.0,0.0,0.0,0.0,0.0,0.0,0.0,0.0,0.0,0.0,0,-107875648.0,69,0.0,138,0.0,0.0,0,0,17087,0,17104,26215,17083,0,0,0,70,68,100,-0.0,82.0,0.0,78.8,-0.0,79.0,1,49,50,180,26215,39322,0,0,0.0,0.0,0.0,0.0,-0.0,67.0,0.0,162057.094,0.0,982,0,1013,0,0,0,955,0,1040,0,937,0,793,0,785,0,823,0,7520,0.032,2.524898095088995e+20,0.0,0.0,784,16797,-0.0,162057.094,-114818.039,-0.0,0.133,6.909358625270745e+28,30.0,70.0,35,0.0,0.0,0.0,0.0,0.0,0.0,0.0,0.0,0.0,0.0,0.0,0.0,0.0,0.0,0.0,0.0,66.4,0,150,71,52,65476,0,300,0,0,8,20529,65476,0,0,44564,70.0,0.0,0.0,0.0,0.0,0.0
2026-09-10T21:11:28,ERR,ERR,ERR,ERR,ERR,ERR,ERR,ERR,ERR,ERR,ERR,ERR,ERR,ERR,ERR,ERR,ERR,ERR,ERR,ERR,ERR,ERR,ERR,ERR,ERR,ERR,ERR,ERR,ERR,ERR,ERR,ERR,ERR,ERR,ERR,ERR,ERR,ERR,ERR,ERR,ERR,ERR,ERR,ERR,ERR,ERR,ERR,ERR,ERR,ERR,ERR,ERR,ERR,ERR,ERR,ERR,ERR,ERR,ERR,ERR,ERR,ERR,ERR,ERR,ERR,ERR,ERR,ERR,ERR,ERR,ERR,ERR,ERR,ERR,ERR,ERR,ERR,ERR,ERR,ERR,ERR,ERR,ERR,ERR,ERR,ERR,ERR,ERR,ERR,ERR,ERR,ERR,ERR,ERR,ERR,ERR,ERR,ERR,ERR,ERR,ERR,ERR,ERR,ERR,ERR,ERR,ERR,ERR,ERR,ERR,ERR,ERR,ERR,ERR,ERR,ERR,ERR,ERR,ERR,ERR,ERR,ERR,ERR,ERR,ERR,0.0,2.7184303811560617e+23,-100794720.0,0.0,0.0,1.3936040501711995e+18,7.805,0.0,0,0,4,0,7116,0.0,100,0.0,0.0,0.0,0.0,0.0,0,0,0,0,0.0,0,0,0,0,0,0,0,0,0,0,0,0,0,0,0,0,0,0,0,0,0,0,0,0,0,0,0,0,0,0,0,0,0,31,40,40,71,65476,0,300,0,0,8,21553,0.0,-107605600.0,0.0,0.0,0.0,0.0,0.0,0.0,0.0,0.0,0.0,0.0,0.0,0.0,0.0,0.0,0.0,0.0,0.0,0.0,0.0,0.0,-2.004,-0.0,0.0,-0.0,0.0,0.0,0.0,0.0,4464.0,-0.0,6929.0,0.0,2.7184303811560617e+23,-107615136.0,2.718428940004181e+23,0.0,0.0,0.0,0.0,69,-152018521948160.0,-0.0,0.0,0.0,0.0,0.0,0.0,0.0,0.0,0,0,0,0.0,0.0,0.0,0.0,0.0,0.0,0.0,0.0,0.0,0.0,0.0,0.0,0.0,0.0,0.0,0.0,0,-107875648.0,69,0.0,138,0.0,0.0,0,0,17087,0,17104,26215,17083,0,0,0,70,68,100,-0.0,82.0,0.0,78.8,-0.0,79.0,1,49,50,180,26215,39322,0,0,0.0,0.0,0.0,0.0,-0.0,67.0,0.0,162057.094,0.0,982,0,1013,0,0,0,955,0,1040,0,937,0,793,0,785,0,823,0,7520,0.032,2.524898095088995e+20,0.0,0.0,784,16797,-0.0,162057.094,-114818.039,-0.0,0.133,6.909358625270745e+28,30.0,70.0,35,0.0,0.0,0.0,0.0,0.0,0.0,0.0,0.0,0.0,0.0,0.0,0.0,0.0,0.0,0.0,0.0,66.4,0,150,71,52,65476,0,300,0,0,8,20529,65476,0,0,44564,70.0,0.0,0.0,0.0,0.0,0.0
2026-09-10T21:11:29,ERR,ERR,ERR,ERR,ERR,ERR,ERR,ERR,ERR,ERR,ERR,ERR,ERR,ERR,ERR,ERR,ERR,ERR,ERR,ERR,ERR,ERR,ERR,ERR,ERR,ERR,ERR,ERR,ERR,ERR,ERR,ERR,ERR,ERR,ERR,ERR,ERR,ERR,ERR,ERR,ERR,ERR,ERR,ERR,ERR,ERR,ERR,ERR,ERR,ERR,ERR,ERR,ERR,ERR,ERR,ERR,ERR,ERR,ERR,ERR,ERR,ERR,ERR,ERR,ERR,ERR,ERR,ERR,ERR,ERR,ERR,ERR,ERR,ERR,ERR,ERR,ERR,ERR,ERR,ERR,ERR,ERR,ERR,ERR,ERR,ERR,ERR,ERR,ERR,ERR,ERR,ERR,ERR,ERR,ERR,ERR,ERR,ERR,ERR,ERR,ERR,ERR,ERR,ERR,ERR,ERR,ERR,ERR,ERR,ERR,ERR,ERR,ERR,ERR,ERR,ERR,ERR,ERR,ERR,ERR,ERR,ERR,ERR,ERR,ERR,0.0,2.7184303811560617e+23,-100794720.0,0.0,0.0,1.3936040501711995e+18,7.805,0.0,0,0,4,0,7116,0.0,100,0.0,0.0,0.0,0.0,0.0,0,0,0,0,0.0,0,0,0,0,0,0,0,0,0,0,0,0,0,0,0,0,0,0,0,0,0,0,0,0,0,0,0,0,0,0,0,0,0,31,40,40,71,65476,0,300,0,0,8,21553,0.0,-107605600.0,0.0,0.0,0.0,0.0,0.0,0.0,0.0,0.0,0.0,0.0,0.0,0.0,0.0,0.0,0.0,0.0,0.0,0.0,0.0,0.0,-2.004,-0.0,0.0,-0.0,0.0,0.0,0.0,0.0,4464.0,-0.0,6929.0,0.0,2.7184303811560617e+23,-107615136.0,2.718428940004181e+23,0.0,0.0,0.0,0.0,69,-152018521948160.0,-0.0,0.0,0.0,0.0,0.0,0.0,0.0,0.0,0,0,0,0.0,0.0,0.0,0.0,0.0,0.0,0.0,0.0,0.0,0.0,0.0,0.0,0.0,0.0,0.0,0.0,0,-107875648.0,69,0.0,138,0.0,0.0,0,0,17087,0,17104,26215,17083,0,0,0,70,68,100,-0.0,82.0,0.0,78.8,-0.0,79.0,1,49,50,180,26215,39322,0,0,0.0,0.0,0.0,0.0,-0.0,67.0,0.0,162057.094,0.0,982,0,1013,0,0,0,955,0,1040,0,937,0,793,0,785,0,823,0,7520,0.032,2.524898095088995e+20,0.0,0.0,784,16797,-0.0,162057.094,-114818.039,-0.0,0.133,6.909358625270745e+28,30.0,70.0,35,0.0,0.0,0.0,0.0,0.0,0.0,0.0,0.0,0.0,0.0,0.0,0.0,0.0,0.0,0.0,0.0,66.0,0,150,71,52,65476,0,300,0,0,8,20529,65476,0,0,44564,70.0,0.0,0.0,0.0,0.0,0.0
2026-09-10T21:11:30,ERR,ERR,ERR,ERR,ERR,ERR,ERR,ERR,ERR,ERR,ERR,ERR,ERR,ERR,ERR,ERR,ERR,ERR,ERR,ERR,ERR,ERR,ERR,ERR,ERR,ERR,ERR,ERR,ERR,ERR,ERR,ERR,ERR,ERR,ERR,ERR,ERR,ERR,ERR,ERR,ERR,ERR,ERR,ERR,ERR,ERR,ERR,ERR,ERR,ERR,ERR,ERR,ERR,ERR,ERR,ERR,ERR,ERR,ERR,ERR,ERR,ERR,ERR,ERR,ERR,ERR,ERR,ERR,ERR,ERR,ERR,ERR,ERR,ERR,ERR,ERR,ERR,ERR,ERR,ERR,ERR,ERR,ERR,ERR,ERR,ERR,ERR,ERR,ERR,ERR,ERR,ERR,ERR,ERR,ERR,ERR,ERR,ERR,ERR,ERR,ERR,ERR,ERR,ERR,ERR,ERR,ERR,ERR,ERR,ERR,ERR,ERR,ERR,ERR,ERR,ERR,ERR,ERR,ERR,ERR,ERR,ERR,ERR,ERR,ERR,0.0,2.7184303811560617e+23,-100794720.0,0.0,0.0,1.3936040501711995e+18,7.805,0.0,0,0,4,0,7116,0.0,100,0.0,0.0,0.0,0.0,0.0,0,0,0,0,0.0,0,0,0,0,0,0,0,0,0,0,0,0,0,0,0,0,0,0,0,0,0,0,0,0,0,0,0,0,0,0,0,0,0,31,40,40,71,65476,0,300,0,0,8,21553,0.0,-107605600.0,0.0,0.0,0.0,0.0,0.0,0.0,0.0,0.0,0.0,0.0,0.0,0.0,0.0,0.0,0.0,0.0,0.0,0.0,0.0,0.0,-2.004,-0.0,0.0,-0.0,0.0,0.0,0.0,0.0,4464.0,-0.0,6929.0,0.0,2.7184303811560617e+23,-107615136.0,2.718428940004181e+23,0.0,0.0,0.0,0.0,69,-152018521948160.0,-0.0,0.0,0.0,0.0,0.0,0.0,0.0,0.0,0,0,0,0.0,0.0,0.0,0.0,0.0,0.0,0.0,0.0,0.0,0.0,0.0,0.0,0.0,0.0,0.0,0.0,0,-107875648.0,69,0.0,138,0.0,0.0,0,0,17087,0,17104,26215,17083,0,0,0,70,68,100,-0.0,82.0,0.0,78.8,-0.0,79.0,1,49,50,180,26215,39322,0,0,0.0,0.0,0.0,0.0,-0.0,67.0,0.0,162057.094,0.0,982,0,1013,0,0,0,955,0,1040,0,937,0,793,0,784,0,823,0,7520,0.032,2.5133688800429264e+20,0.0,0.0,784,16797,-0.0,162057.094,-114818.039,-0.0,0.133,6.909358625270745e+28,30.0,70.0,35,0.0,0.0,0.0,0.0,0.0,0.0,0.0,0.0,0.0,0.0,0.0,0.0,0.0,0.0,0.0,0.0,66.0,0,150,71,52,65476,0,300,0,0,8,20529,65476,0,0,44564,70.0,0.0,0.0,0.0,0.0,0.0
2026-09-10T21:11:31,ERR,ERR,ERR,ERR,ERR,ERR,ERR,ERR,ERR,ERR,ERR,ERR,ERR,ERR,ERR,ERR,ERR,ERR,ERR,ERR,ERR,ERR,ERR,ERR,ERR,ERR,ERR,ERR,ERR,ERR,ERR,ERR,ERR,ERR,ERR,ERR,ERR,ERR,ERR,ERR,ERR,ERR,ERR,ERR,ERR,ERR,ERR,ERR,ERR,ERR,ERR,ERR,ERR,ERR,ERR,ERR,ERR,ERR,ERR,ERR,ERR,ERR,ERR,ERR,ERR,ERR,ERR,ERR,ERR,ERR,ERR,ERR,ERR,ERR,ERR,ERR,ERR,ERR,ERR,ERR,ERR,ERR,ERR,ERR,ERR,ERR,ERR,ERR,ERR,ERR,ERR,ERR,ERR,ERR,ERR,ERR,ERR,ERR,ERR,ERR,ERR,ERR,ERR,ERR,ERR,ERR,ERR,ERR,ERR,ERR,ERR,ERR,ERR,ERR,ERR,ERR,ERR,ERR,ERR,ERR,ERR,ERR,ERR,ERR,ERR,0.0,2.7184303811560617e+23,-100794720.0,0.0,0.0,1.3936040501711995e+18,7.805,0.0,0,0,4,0,7116,0.0,100,0.0,0.0,0.0,0.0,0.0,0,0,0,0,0.0,0,0,0,0,0,0,0,0,0,0,0,0,0,0,0,0,0,0,0,0,0,0,0,0,0,0,0,0,0,0,0,0,0,31,40,40,71,65476,0,300,0,0,8,21553,0.0,-107605600.0,0.0,0.0,0.0,0.0,0.0,0.0,0.0,0.0,0.0,0.0,0.0,0.0,0.0,0.0,0.0,0.0,0.0,0.0,0.0,0.0,-2.004,-0.0,0.0,-0.0,0.0,0.0,0.0,0.0,4464.0,-0.0,6929.0,0.0,2.7184303811560617e+23,-107615136.0,2.718428940004181e+23,0.0,0.0,0.0,0.0,69,-152018521948160.0,-0.0,0.0,0.0,0.0,0.0,0.0,0.0,0.0,0,0,0,0.0,0.0,0.0,0.0,0.0,0.0,0.0,0.0,0.0,0.0,0.0,0.0,0.0,0.0,0.0,0.0,0,-107875648.0,69,0.0,138,0.0,0.0,0,0,17087,0,17104,26215,17083,0,0,0,70,68,100,-0.0,82.0,0.0,78.8,-0.0,79.0,1,49,50,180,26215,39322,0,0,0.0,0.0,0.0,0.0,-0.0,67.0,0.0,162057.094,0.0,982,0,1013,0,0,0,955,0,1040,0,937,0,793,0,784,0,823,0,7520,0.032,2.5133688800429264e+20,0.0,0.0,784,16797,-0.0,162057.094,-114818.039,-0.0,0.133,6.909358625270745e+28,30.0,70.0,35,0.0,0.0,0.0,0.0,0.0,0.0,0.0,0.0,0.0,0.0,0.0,0.0,0.0,0.0,0.0,0.0,66.0,0,150,71,52,65476,0,300,0,0,8,20529,65476,0,0,44564,70.0,0.0,0.0,0.0,0.0,0.0
2026-09-10T21:11:32,ERR,ERR,ERR,ERR,ERR,ERR,ERR,ERR,ERR,ERR,ERR,ERR,ERR,ERR,ERR,ERR,ERR,ERR,ERR,ERR,ERR,ERR,ERR,ERR,ERR,ERR,ERR,ERR,ERR,ERR,ERR,ERR,ERR,ERR,ERR,ERR,ERR,ERR,ERR,ERR,ERR,ERR,ERR,ERR,ERR,ERR,ERR,ERR,ERR,ERR,ERR,ERR,ERR,ERR,ERR,ERR,ERR,ERR,ERR,ERR,ERR,ERR,ERR,ERR,ERR,ERR,ERR,ERR,ERR,ERR,ERR,ERR,ERR,ERR,ERR,ERR,ERR,ERR,ERR,ERR,ERR,ERR,ERR,ERR,ERR,ERR,ERR,ERR,ERR,ERR,ERR,ERR,ERR,ERR,ERR,ERR,ERR,ERR,ERR,ERR,ERR,ERR,ERR,ERR,ERR,ERR,ERR,ERR,ERR,ERR,ERR,ERR,ERR,ERR,ERR,ERR,ERR,ERR,ERR,ERR,ERR,ERR,ERR,ERR,ERR,0.0,2.7184303811560617e+23,-100794720.0,0.0,0.0,1.3936040501711995e+18,7.805,0.0,0,0,4,0,7116,0.0,100,0.0,0.0,0.0,0.0,0.0,0,0,0,0,0.0,0,0,0,0,0,0,0,0,0,0,0,0,0,0,0,0,0,0,0,0,0,0,0,0,0,0,0,0,0,0,0,0,0,31,40,40,71,65476,0,300,0,0,8,21553,0.0,-107605600.0,0.0,0.0,0.0,0.0,0.0,0.0,0.0,0.0,0.0,0.0,0.0,0.0,0.0,0.0,0.0,0.0,0.0,0.0,0.0,0.0,-2.004,-0.0,0.0,-0.0,0.0,0.0,0.0,0.0,4464.0,-0.0,6929.0,0.0,2.7184303811560617e+23,-107615136.0,2.718428940004181e+23,0.0,0.0,0.0,0.0,69,-152018521948160.0,-0.0,0.0,0.0,0.0,0.0,0.0,0.0,0.0,0,0,0,0.0,0.0,0.0,0.0,0.0,0.0,0.0,0.0,0.0,0.0,0.0,0.0,0.0,0.0,0.0,0.0,0,-107875648.0,69,0.0,138,0.0,0.0,0,0,17087,0,17104,26215,17083,0,0,0,70,68,100,-0.0,82.0,0.0,78.8,-0.0,79.0,1,49,50,180,26215,39322,0,0,0.0,0.0,0.0,0.0,-0.0,67.0,0.0,162057.094,0.0,982,0,1013,0,0,0,955,0,1040,0,937,0,793,0,784,0,823,0,7520,0.032,2.5133688800429264e+20,0.0,0.0,784,16797,-0.0,162057.094,-114818.039,-0.0,0.133,6.909358625270745e+28,30.0,70.0,35,0.0,0.0,0.0,0.0,0.0,0.0,0.0,0.0,0.0,0.0,0.0,0.0,0.0,0.0,0.0,0.0,66.0,0,150,71,52,65476,0,300,0,0,8,20529,65476,0,0,44564,70.0,0.0,0.0,0.0,0.0,0.0
2026-09-10T21:11:33,ERR,ERR,ERR,ERR,ERR,ERR,ERR,ERR,ERR,ERR,ERR,ERR,ERR,ERR,ERR,ERR,ERR,ERR,ERR,ERR,ERR,ERR,ERR,ERR,ERR,ERR,ERR,ERR,ERR,ERR,ERR,ERR,ERR,ERR,ERR,ERR,ERR,ERR,ERR,ERR,ERR,ERR,ERR,ERR,ERR,ERR,ERR,ERR,ERR,ERR,ERR,ERR,ERR,ERR,ERR,ERR,ERR,ERR,ERR,ERR,ERR,ERR,ERR,ERR,ERR,ERR,ERR,ERR,ERR,ERR,ERR,ERR,ERR,ERR,ERR,ERR,ERR,ERR,ERR,ERR,ERR,ERR,ERR,ERR,ERR,ERR,ERR,ERR,ERR,ERR,ERR,ERR,ERR,ERR,ERR,ERR,ERR,ERR,ERR,ERR,ERR,ERR,ERR,ERR,ERR,ERR,ERR,ERR,ERR,ERR,ERR,ERR,ERR,ERR,ERR,ERR,ERR,ERR,ERR,ERR,ERR,ERR,ERR,ERR,ERR,0.0,2.7184303811560617e+23,-100794720.0,0.0,0.0,1.3936040501711995e+18,7.805,0.0,0,0,4,0,7116,0.0,100,0.0,0.0,0.0,0.0,0.0,0,0,0,0,0.0,0,0,0,0,0,0,0,0,0,0,0,0,0,0,0,0,0,0,0,0,0,0,0,0,0,0,0,0,0,0,0,0,0,31,40,40,71,65476,0,300,0,0,8,21553,0.0,-107605600.0,0.0,0.0,0.0,0.0,0.0,0.0,0.0,0.0,0.0,0.0,0.0,0.0,0.0,0.0,0.0,0.0,0.0,0.0,0.0,0.0,-2.004,-0.0,0.0,-0.0,0.0,0.0,0.0,0.0,4466.0,-0.0,6931.0,0.0,2.7184303811560617e+23,-107615136.0,-0.0,0.0,0.0,0.0,0.0,69,-5.8480849975795215e+35,-0.0,0.0,0.0,0.0,0.0,0.0,0.0,0.0,0,0,0,0.0,0.0,0.0,0.0,0.0,0.0,0.0,0.0,0.0,0.0,0.0,0.0,0.0,0.0,0.0,0.0,0,-107875648.0,69,0.0,138,0.0,0.0,0,0,17087,0,17104,26215,17083,0,0,0,70,68,100,-0.0,82.0,0.0,78.8,-0.0,79.0,1,49,50,180,26215,39322,0,0,0.0,0.0,0.0,0.0,-0.0,67.0,0.0,162057.094,0.0,982,0,1013,0,0,0,955,0,1040,0,937,0,793,0,784,0,823,0,7520,0.032,2.5133688800429264e+20,0.0,0.0,784,16797,-0.0,162057.094,-114818.039,-0.0,0.133,6.909358625270745e+28,30.0,70.0,35,0.0,0.0,0.0,0.0,0.0,0.0,0.0,0.0,0.0,0.0,0.0,0.0,0.0,0.0,0.0,0.0,66.0,0,150,71,52,65476,0,300,0,0,8,20529,65476,0,0,44564,70.0,0.0,0.0,0.0,0.0,0.0
2026-09-10T21:11:34,ERR,ERR,ERR,ERR,ERR,ERR,ERR,ERR,ERR,ERR,ERR,ERR,ERR,ERR,ERR,ERR,ERR,ERR,ERR,ERR,ERR,ERR,ERR,ERR,ERR,ERR,ERR,ERR,ERR,ERR,ERR,ERR,ERR,ERR,ERR,ERR,ERR,ERR,ERR,ERR,ERR,ERR,ERR,ERR,ERR,ERR,ERR,ERR,ERR,ERR,ERR,ERR,ERR,ERR,ERR,ERR,ERR,ERR,ERR,ERR,ERR,ERR,ERR,ERR,ERR,ERR,ERR,ERR,ERR,ERR,ERR,ERR,ERR,ERR,ERR,ERR,ERR,ERR,ERR,ERR,ERR,ERR,ERR,ERR,ERR,ERR,ERR,ERR,ERR,ERR,ERR,ERR,ERR,ERR,ERR,ERR,ERR,ERR,ERR,ERR,ERR,ERR,ERR,ERR,ERR,ERR,ERR,ERR,ERR,ERR,ERR,ERR,ERR,ERR,ERR,ERR,ERR,ERR,ERR,ERR,ERR,ERR,ERR,ERR,ERR,0.0,2.7184303811560617e+23,-100794720.0,0.0,0.0,1.3936040501711995e+18,7.805,0.0,0,0,4,0,7116,0.0,100,0.0,0.0,0.0,0.0,0.0,0,0,0,0,0.0,0,0,0,0,0,0,0,0,0,0,0,0,0,0,0,0,0,0,0,0,0,0,0,0,0,0,0,0,0,0,0,0,0,31,40,40,71,65476,0,300,0,0,8,21553,0.0,-107605600.0,0.0,0.0,0.0,0.0,0.0,0.0,0.0,0.0,0.0,0.0,0.0,0.0,0.0,0.0,0.0,0.0,0.0,0.0,0.0,0.0,-2.004,-0.0,0.0,-0.0,0.0,0.0,0.0,0.0,4466.0,-0.0,6931.0,0.0,2.7184303811560617e+23,-107615136.0,-0.0,0.0,0.0,0.0,0.0,69,-5.8480849975795215e+35,-0.0,0.0,0.0,0.0,0.0,0.0,0.0,0.0,0,0,0,0.0,0.0,0.0,0.0,0.0,0.0,0.0,0.0,0.0,0.0,0.0,0.0,0.0,0.0,0.0,0.0,0,-107875648.0,69,0.0,138,0.0,0.0,0,0,17087,0,17104,26215,17083,0,0,0,70,68,100,-0.0,82.0,0.0,78.8,-0.0,79.0,1,49,50,180,26215,39322,0,0,0.0,0.0,0.0,0.0,-0.0,67.0,0.0,162057.094,0.0,982,0,1013,0,0,0,955,0,1040,0,937,0,793,0,784,0,823,0,7520,0.032,2.5133688800429264e+20,0.0,0.0,784,16797,-0.0,162057.094,-114818.039,-0.0,0.133,6.909358625270745e+28,30.0,70.0,35,0.0,0.0,0.0,0.0,0.0,0.0,0.0,0.0,0.0,0.0,0.0,0.0,0.0,0.0,0.0,0.0,66.0,0,150,71,52,65476,0,300,0,0,8,20529,65476,0,0,44564,70.0,0.0,0.0,0.0,0.0,0.0
2026-09-10T21:11:35,ERR,ERR,ERR,ERR,ERR,ERR,ERR,ERR,ERR,ERR,ERR,ERR,ERR,ERR,ERR,ERR,ERR,ERR,ERR,ERR,ERR,ERR,ERR,ERR,ERR,ERR,ERR,ERR,ERR,ERR,ERR,ERR,ERR,ERR,ERR,ERR,ERR,ERR,ERR,ERR,ERR,ERR,ERR,ERR,ERR,ERR,ERR,ERR,ERR,ERR,ERR,ERR,ERR,ERR,ERR,ERR,ERR,ERR,ERR,ERR,ERR,ERR,ERR,ERR,ERR,ERR,ERR,ERR,ERR,ERR,ERR,ERR,ERR,ERR,ERR,ERR,ERR,ERR,ERR,ERR,ERR,ERR,ERR,ERR,ERR,ERR,ERR,ERR,ERR,ERR,ERR,ERR,ERR,ERR,ERR,ERR,ERR,ERR,ERR,ERR,ERR,ERR,ERR,ERR,ERR,ERR,ERR,ERR,ERR,ERR,ERR,ERR,ERR,ERR,ERR,ERR,ERR,ERR,ERR,ERR,ERR,ERR,ERR,ERR,ERR,0.0,2.7184303811560617e+23,-100794720.0,0.0,0.0,1.3936040501711995e+18,7.805,0.0,0,0,4,0,7116,0.0,100,0.0,0.0,0.0,0.0,0.0,0,0,0,0,0.0,0,0,0,0,0,0,0,0,0,0,0,0,0,0,0,0,0,0,0,0,0,0,0,0,0,0,0,0,0,0,0,0,0,31,40,40,71,65476,0,300,0,0,8,21553,0.0,-107605600.0,0.0,0.0,0.0,0.0,0.0,0.0,0.0,0.0,0.0,0.0,0.0,0.0,0.0,0.0,0.0,0.0,0.0,0.0,0.0,0.0,-2.004,-0.0,0.0,-0.0,0.0,0.0,0.0,0.0,4466.0,-0.0,6931.0,0.0,2.7184303811560617e+23,-107615136.0,-0.0,0.0,0.0,0.0,0.0,69,-5.8480849975795215e+35,-0.0,0.0,0.0,0.0,0.0,0.0,0.0,0.0,0,0,0,0.0,0.0,0.0,0.0,0.0,0.0,0.0,0.0,0.0,0.0,0.0,0.0,0.0,0.0,0.0,0.0,0,-107875648.0,69,0.0,138,0.0,0.0,0,0,17087,0,17104,26215,17083,0,0,0,70,68,100,-0.0,82.0,0.0,78.8,-0.0,79.0,1,49,50,180,26215,39322,0,0,0.0,0.0,0.0,0.0,-0.0,67.0,0.0,162057.094,0.0,982,0,1013,0,0,0,955,0,1040,0,937,0,793,0,784,0,823,0,7520,0.032,2.5133688800429264e+20,0.0,0.0,784,16797,-0.0,162057.094,-114818.039,-0.0,0.133,6.909358625270745e+28,30.0,70.0,35,0.0,0.0,0.0,0.0,0.0,0.0,0.0,0.0,0.0,0.0,0.0,0.0,0.0,0.0,0.0,0.0,66.0,0,150,71,52,65476,0,300,0,0,8,20529,65476,0,0,44564,70.0,0.0,0.0,0.0,0.0,0.0
2026-09-10T21:11:36,ERR,ERR,ERR,ERR,ERR,ERR,ERR,ERR,ERR,ERR,ERR,ERR,ERR,ERR,ERR,ERR,ERR,ERR,ERR,ERR,ERR,ERR,ERR,ERR,ERR,ERR,ERR,ERR,ERR,ERR,ERR,ERR,ERR,ERR,ERR,ERR,ERR,ERR,ERR,ERR,ERR,ERR,ERR,ERR,ERR,ERR,ERR,ERR,ERR,ERR,ERR,ERR,ERR,ERR,ERR,ERR,ERR,ERR,ERR,ERR,ERR,ERR,ERR,ERR,ERR,ERR,ERR,ERR,ERR,ERR,ERR,ERR,ERR,ERR,ERR,ERR,ERR,ERR,ERR,ERR,ERR,ERR,ERR,ERR,ERR,ERR,ERR,ERR,ERR,ERR,ERR,ERR,ERR,ERR,ERR,ERR,ERR,ERR,ERR,ERR,ERR,ERR,ERR,ERR,ERR,ERR,ERR,ERR,ERR,ERR,ERR,ERR,ERR,ERR,ERR,ERR,ERR,ERR,ERR,ERR,ERR,ERR,ERR,ERR,ERR,0.0,2.7184303811560617e+23,-100794720.0,0.0,0.0,1.3936040501711995e+18,7.805,0.0,0,0,4,0,7116,0.0,100,0.0,0.0,0.0,0.0,0.0,0,0,0,0,0.0,0,0,0,0,0,0,0,0,0,0,0,0,0,0,0,0,0,0,0,0,0,0,0,0,0,0,0,0,0,0,0,0,0,31,40,40,71,65476,0,300,0,0,8,21553,0.0,-107605600.0,0.0,0.0,0.0,0.0,0.0,0.0,0.0,0.0,0.0,0.0,0.0,0.0,0.0,0.0,0.0,0.0,0.0,0.0,0.0,0.0,-2.004,-0.0,0.0,-0.0,0.0,0.0,0.0,0.0,4466.0,-0.0,6931.0,0.0,2.7184303811560617e+23,-107615136.0,-0.0,0.0,0.0,0.0,0.0,69,-5.8480849975795215e+35,-0.0,0.0,0.0,0.0,0.0,0.0,0.0,0.0,0,0,0,0.0,0.0,0.0,0.0,0.0,0.0,0.0,0.0,0.0,0.0,0.0,0.0,0.0,0.0,0.0,0.0,0,-107875648.0,69,0.0,138,0.0,0.0,0,0,17087,0,17104,26215,17083,0,0,0,70,68,100,-0.0,82.4,-107615456.0,78.3,-0.0,79.0,1,49,50,180,26215,39322,0,0,0.0,0.0,0.0,0.0,-0.0,67.0,0.0,162057.094,0.0,982,0,1013,0,0,0,955,0,1040,0,937,0,793,0,785,0,823,0,7520,0.032,2.5133688800429264e+20,0.0,0.0,784,16797,-0.0,162057.094,-114818.039,-0.0,0.133,6.909358625270745e+28,30.0,70.0,35,0.0,0.0,0.0,0.0,0.0,0.0,0.0,0.0,0.0,0.0,0.0,0.0,0.0,0.0,0.0,0.0,66.0,0,150,71,52,65476,0,300,0,0,8,20529,65476,0,0,44564,70.0,0.0,0.0,0.0,0.0,0.0
2026-09-10T21:11:37,ERR,ERR,ERR,ERR,ERR,ERR,ERR,ERR,ERR,ERR,ERR,ERR,ERR,ERR,ERR,ERR,ERR,ERR,ERR,ERR,ERR,ERR,ERR,ERR,ERR,ERR,ERR,ERR,ERR,ERR,ERR,ERR,ERR,ERR,ERR,ERR,ERR,ERR,ERR,ERR,ERR,ERR,ERR,ERR,ERR,ERR,ERR,ERR,ERR,ERR,ERR,ERR,ERR,ERR,ERR,ERR,ERR,ERR,ERR,ERR,ERR,ERR,ERR,ERR,ERR,ERR,ERR,ERR,ERR,ERR,ERR,ERR,ERR,ERR,ERR,ERR,ERR,ERR,ERR,ERR,ERR,ERR,ERR,ERR,ERR,ERR,ERR,ERR,ERR,ERR,ERR,ERR,ERR,ERR,ERR,ERR,ERR,ERR,ERR,ERR,ERR,ERR,ERR,ERR,ERR,ERR,ERR,ERR,ERR,ERR,ERR,ERR,ERR,ERR,ERR,ERR,ERR,ERR,ERR,ERR,ERR,ERR,ERR,ERR,ERR,0.0,2.7184303811560617e+23,-100794720.0,0.0,0.0,1.3936040501711995e+18,7.805,0.0,0,0,4,0,7116,0.0,100,0.0,0.0,0.0,0.0,0.0,0,0,0,0,0.0,0,0,0,0,0,0,0,0,0,0,0,0,0,0,0,0,0,0,0,0,0,0,0,0,0,0,0,0,0,0,0,0,0,31,40,40,71,65476,0,300,0,0,8,21553,0.0,-107605600.0,0.0,0.0,0.0,0.0,0.0,0.0,0.0,0.0,0.0,0.0,0.0,0.0,0.0,0.0,0.0,0.0,0.0,0.0,0.0,0.0,-2.004,-0.0,0.0,-0.0,0.0,0.0,0.0,0.0,4466.0,-0.0,6931.0,0.0,2.7184303811560617e+23,-107615136.0,-0.0,0.0,0.0,0.0,0.0,69,-5.8480849975795215e+35,-0.0,0.0,0.0,0.0,0.0,0.0,0.0,0.0,0,0,0,0.0,0.0,0.0,0.0,0.0,0.0,0.0,0.0,0.0,0.0,0.0,0.0,0.0,0.0,0.0,0.0,0,-107875648.0,69,0.0,138,0.0,0.0,0,0,17087,0,17104,26215,17083,0,0,0,70,68,100,-0.0,82.4,-107615456.0,78.3,-0.0,79.0,1,49,50,180,26215,39322,0,0,0.0,0.0,0.0,0.0,-0.0,67.0,0.0,162057.094,0.0,982,0,1013,0,0,0,955,0,1040,0,937,0,793,0,785,0,823,0,7520,0.032,2.5133688800429264e+20,0.0,0.0,784,16797,-0.0,162057.094,-114818.039,-0.0,0.133,6.909358625270745e+28,30.0,70.0,35,0.0,0.0,0.0,0.0,0.0,0.0,0.0,0.0,0.0,0.0,0.0,0.0,0.0,0.0,0.0,0.0,66.4,0,150,71,52,65476,0,300,0,0,8,20529,65476,0,0,44564,70.0,0.0,0.0,0.0,0.0,0.0
2026-09-10T21:11:38,ERR,ERR,ERR,ERR,ERR,ERR,ERR,ERR,ERR,ERR,ERR,ERR,ERR,ERR,ERR,ERR,ERR,ERR,ERR,ERR,ERR,ERR,ERR,ERR,ERR,ERR,ERR,ERR,ERR,ERR,ERR,ERR,ERR,ERR,ERR,ERR,ERR,ERR,ERR,ERR,ERR,ERR,ERR,ERR,ERR,ERR,ERR,ERR,ERR,ERR,ERR,ERR,ERR,ERR,ERR,ERR,ERR,ERR,ERR,ERR,ERR,ERR,ERR,ERR,ERR,ERR,ERR,ERR,ERR,ERR,ERR,ERR,ERR,ERR,ERR,ERR,ERR,ERR,ERR,ERR,ERR,ERR,ERR,ERR,ERR,ERR,ERR,ERR,ERR,ERR,ERR,ERR,ERR,ERR,ERR,ERR,ERR,ERR,ERR,ERR,ERR,ERR,ERR,ERR,ERR,ERR,ERR,ERR,ERR,ERR,ERR,ERR,ERR,ERR,ERR,ERR,ERR,ERR,ERR,ERR,ERR,ERR,ERR,ERR,ERR,0.0,2.7184303811560617e+23,-100794720.0,0.0,0.0,1.3936040501711995e+18,7.805,0.0,0,0,4,0,7116,0.0,100,0.0,0.0,0.0,0.0,0.0,0,0,0,0,0.0,0,0,0,0,0,0,0,0,0,0,0,0,0,0,0,0,0,0,0,0,0,0,0,0,0,0,0,0,0,0,0,0,0,31,40,40,71,65476,0,300,0,0,8,21553,0.0,-107605600.0,0.0,0.0,0.0,0.0,0.0,0.0,0.0,0.0,0.0,0.0,0.0,0.0,0.0,0.0,0.0,0.0,0.0,0.0,0.0,0.0,-2.004,-0.0,0.0,-0.0,0.0,0.0,0.0,0.0,4466.0,-0.0,6931.0,0.0,2.7184303811560617e+23,-107615136.0,-0.0,0.0,0.0,0.0,0.0,69,-5.8480849975795215e+35,-0.0,0.0,0.0,0.0,0.0,0.0,0.0,0.0,0,0,0,0.0,0.0,0.0,0.0,0.0,0.0,0.0,0.0,0.0,0.0,0.0,0.0,0.0,0.0,0.0,0.0,0,-107875648.0,69,0.0,138,0.0,0.0,0,0,17087,0,17104,26215,17083,0,0,0,70,68,100,-0.0,82.4,-107615456.0,78.3,-0.0,79.0,1,49,50,180,26215,39322,0,0,0.0,0.0,0.0,0.0,-0.0,67.0,0.0,162057.094,0.0,982,0,1013,0,0,0,955,0,1040,0,937,0,793,0,785,0,823,0,7520,0.032,2.5133688800429264e+20,0.0,0.0,784,16797,-0.0,162057.094,-114818.039,-0.0,0.133,6.909358625270745e+28,30.0,70.0,35,0.0,0.0,0.0,0.0,0.0,0.0,0.0,0.0,0.0,0.0,0.0,0.0,0.0,0.0,0.0,0.0,66.4,0,150,71,52,65476,0,300,0,0,8,20529,65476,0,0,44564,70.0,0.0,0.0,0.0,0.0,0.0
2026-09-10T21:11:39,ERR,ERR,ERR,ERR,ERR,ERR,ERR,ERR,ERR,ERR,ERR,ERR,ERR,ERR,ERR,ERR,ERR,ERR,ERR,ERR,ERR,ERR,ERR,ERR,ERR,ERR,ERR,ERR,ERR,ERR,ERR,ERR,ERR,ERR,ERR,ERR,ERR,ERR,ERR,ERR,ERR,ERR,ERR,ERR,ERR,ERR,ERR,ERR,ERR,ERR,ERR,ERR,ERR,ERR,ERR,ERR,ERR,ERR,ERR,ERR,ERR,ERR,ERR,ERR,ERR,ERR,ERR,ERR,ERR,ERR,ERR,ERR,ERR,ERR,ERR,ERR,ERR,ERR,ERR,ERR,ERR,ERR,ERR,ERR,ERR,ERR,ERR,ERR,ERR,ERR,ERR,ERR,ERR,ERR,ERR,ERR,ERR,ERR,ERR,ERR,ERR,ERR,ERR,ERR,ERR,ERR,ERR,ERR,ERR,ERR,ERR,ERR,ERR,ERR,ERR,ERR,ERR,ERR,ERR,ERR,ERR,ERR,ERR,ERR,ERR,0.0,2.7184303811560617e+23,-100794720.0,0.0,0.0,1.3936040501711995e+18,7.805,0.0,0,0,4,0,7116,0.0,100,0.0,0.0,0.0,0.0,0.0,0,0,0,0,0.0,0,0,0,0,0,0,0,0,0,0,0,0,0,0,0,0,0,0,0,0,0,0,0,0,0,0,0,0,0,0,0,0,0,31,40,40,71,65476,0,300,0,0,8,21553,0.0,-107605600.0,0.0,0.0,0.0,0.0,0.0,0.0,0.0,0.0,0.0,0.0,0.0,0.0,0.0,0.0,0.0,0.0,0.0,0.0,0.0,0.0,-2.004,-0.0,0.0,-0.0,0.0,0.0,0.0,0.0,4466.0,-0.0,6931.0,0.0,2.7184303811560617e+23,-107615136.0,-0.0,0.0,0.0,0.0,0.0,69,-5.8480849975795215e+35,-0.0,0.0,0.0,0.0,0.0,0.0,0.0,0.0,0,0,0,0.0,0.0,0.0,0.0,0.0,0.0,0.0,0.0,0.0,0.0,0.0,0.0,0.0,0.0,0.0,0.0,0,-107875648.0,69,0.0,138,0.0,0.0,0,0,17087,0,17104,26215,17083,0,0,0,70,68,100,-0.0,82.4,-107615456.0,78.3,-0.0,79.0,1,49,50,180,26215,39322,0,0,0.0,0.0,0.0,0.0,-0.0,67.0,0.0,162057.094,0.0,982,0,1013,0,0,0,955,0,1040,0,937,0,793,0,785,0,823,0,7520,0.032,2.5133688800429264e+20,0.0,0.0,784,16797,-0.0,162057.094,-114818.039,-0.0,0.133,6.909358625270745e+28,30.0,70.0,35,0.0,0.0,0.0,0.0,0.0,0.0,0.0,0.0,0.0,0.0,0.0,0.0,0.0,0.0,0.0,0.0,66.4,0,150,71,52,65476,0,300,0,0,8,20529,65476,0,0,44564,70.0,0.0,0.0,0.0,0.0,0.0
2026-09-10T21:11:40,ERR,ERR,ERR,ERR,ERR,ERR,ERR,ERR,ERR,ERR,ERR,ERR,ERR,ERR,ERR,ERR,ERR,ERR,ERR,ERR,ERR,ERR,ERR,ERR,ERR,ERR,ERR,ERR,ERR,ERR,ERR,ERR,ERR,ERR,ERR,ERR,ERR,ERR,ERR,ERR,ERR,ERR,ERR,ERR,ERR,ERR,ERR,ERR,ERR,ERR,ERR,ERR,ERR,ERR,ERR,ERR,ERR,ERR,ERR,ERR,ERR,ERR,ERR,ERR,ERR,ERR,ERR,ERR,ERR,ERR,ERR,ERR,ERR,ERR,ERR,ERR,ERR,ERR,ERR,ERR,ERR,ERR,ERR,ERR,ERR,ERR,ERR,ERR,ERR,ERR,ERR,ERR,ERR,ERR,ERR,ERR,ERR,ERR,ERR,ERR,ERR,ERR,ERR,ERR,ERR,ERR,ERR,ERR,ERR,ERR,ERR,ERR,ERR,ERR,ERR,ERR,ERR,ERR,ERR,ERR,ERR,ERR,ERR,ERR,ERR,0.0,2.7184303811560617e+23,-100794720.0,0.0,0.0,1.3936040501711995e+18,7.805,0.0,0,0,4,0,7116,0.0,100,0.0,0.0,0.0,0.0,0.0,0,0,0,0,0.0,0,0,0,0,0,0,0,0,0,0,0,0,0,0,0,0,0,0,0,0,0,0,0,0,0,0,0,0,0,0,0,0,0,31,40,40,71,65476,0,300,0,0,8,21553,0.0,-107605600.0,0.0,0.0,0.0,0.0,0.0,0.0,0.0,0.0,0.0,0.0,0.0,0.0,0.0,0.0,0.0,0.0,0.0,0.0,0.0,0.0,-2.004,-0.0,0.0,-0.0,0.0,0.0,0.0,0.0,4466.0,-0.0,6931.0,0.0,2.7184303811560617e+23,-107615136.0,-0.0,0.0,0.0,0.0,0.0,69,-5.8480849975795215e+35,-0.0,0.0,0.0,0.0,0.0,0.0,0.0,0.0,0,0,0,0.0,0.0,0.0,0.0,0.0,0.0,0.0,0.0,0.0,0.0,0.0,0.0,0.0,0.0,0.0,0.0,0,-107875648.0,69,0.0,138,0.0,0.0,0,0,17087,0,17104,26215,17083,0,0,0,70,68,100,-0.0,82.4,-107615456.0,78.3,-0.0,79.0,1,49,50,180,26215,39322,0,0,0.0,0.0,0.0,0.0,-0.0,67.0,0.0,162057.094,0.0,982,0,1013,0,0,0,955,0,1040,0,937,0,793,0,785,0,823,0,7520,0.032,2.5133688800429264e+20,0.0,0.0,784,16797,-0.0,162057.094,-114818.039,-0.0,0.133,6.909358625270745e+28,30.0,70.0,35,0.0,0.0,0.0,0.0,0.0,0.0,0.0,0.0,0.0,0.0,0.0,0.0,0.0,0.0,0.0,0.0,66.4,0,150,71,52,65476,0,300,0,0,8,20529,65476,0,0,44564,70.0,0.0,0.0,0.0,0.0,0.0
2026-09-10T21:11:41,ERR,ERR,ERR,ERR,ERR,ERR,ERR,ERR,ERR,ERR,ERR,ERR,ERR,ERR,ERR,ERR,ERR,ERR,ERR,ERR,ERR,ERR,ERR,ERR,ERR,ERR,ERR,ERR,ERR,ERR,ERR,ERR,ERR,ERR,ERR,ERR,ERR,ERR,ERR,ERR,ERR,ERR,ERR,ERR,ERR,ERR,ERR,ERR,ERR,ERR,ERR,ERR,ERR,ERR,ERR,ERR,ERR,ERR,ERR,ERR,ERR,ERR,ERR,ERR,ERR,ERR,ERR,ERR,ERR,ERR,ERR,ERR,ERR,ERR,ERR,ERR,ERR,ERR,ERR,ERR,ERR,ERR,ERR,ERR,ERR,ERR,ERR,ERR,ERR,ERR,ERR,ERR,ERR,ERR,ERR,ERR,ERR,ERR,ERR,ERR,ERR,ERR,ERR,ERR,ERR,ERR,ERR,ERR,ERR,ERR,ERR,ERR,ERR,ERR,ERR,ERR,ERR,ERR,ERR,ERR,ERR,ERR,ERR,ERR,ERR,0.0,2.7184303811560617e+23,-100794720.0,0.0,0.0,1.3936040501711995e+18,7.805,0.0,0,0,4,0,7116,0.0,100,0.0,0.0,0.0,0.0,0.0,0,0,0,0,0.0,0,0,0,0,0,0,0,0,0,0,0,0,0,0,0,0,0,0,0,0,0,0,0,0,0,0,0,0,0,0,0,0,0,31,40,40,71,65476,0,300,0,0,8,21553,0.0,-107605600.0,0.0,0.0,0.0,0.0,0.0,0.0,0.0,0.0,0.0,0.0,0.0,0.0,0.0,0.0,0.0,0.0,0.0,0.0,0.0,0.0,-2.004,-0.0,0.0,-0.0,0.0,0.0,0.0,0.0,4466.0,-0.0,6929.0,0.0,2.7184303811560617e+23,-107615136.0,2.718428940004181e+23,0.0,0.0,0.0,0.0,69,-3.222030068424997e+26,-0.0,0.0,0.0,0.0,0.0,0.0,0.0,0.0,0,0,0,0.0,0.0,0.0,0.0,0.0,0.0,0.0,0.0,0.0,0.0,0.0,0.0,0.0,0.0,0.0,0.0,0,-107875648.0,69,0.0,138,0.0,0.0,0,0,17087,0,17104,26215,17083,0,0,0,70,68,100,-0.0,82.4,-107615456.0,78.3,-0.0,79.0,1,49,50,180,26215,39322,0,0,0.0,0.0,0.0,0.0,-0.0,67.0,0.0,162057.094,0.0,982,0,1013,0,0,0,955,0,1040,0,937,0,793,0,785,0,823,0,7520,0.032,2.5133688800429264e+20,0.0,0.0,784,16797,-0.0,162057.094,-114818.039,-0.0,0.133,6.909358625270745e+28,30.0,70.0,35,0.0,0.0,0.0,0.0,0.0,0.0,0.0,0.0,0.0,0.0,0.0,0.0,0.0,0.0,0.0,0.0,66.4,0,150,71,52,65476,0,300,0,0,8,20529,65476,0,0,44564,70.0,0.0,0.0,0.0,0.0,0.0
2026-09-10T21:11:42,ERR,ERR,ERR,ERR,ERR,ERR,ERR,ERR,ERR,ERR,ERR,ERR,ERR,ERR,ERR,ERR,ERR,ERR,ERR,ERR,ERR,ERR,ERR,ERR,ERR,ERR,ERR,ERR,ERR,ERR,ERR,ERR,ERR,ERR,ERR,ERR,ERR,ERR,ERR,ERR,ERR,ERR,ERR,ERR,ERR,ERR,ERR,ERR,ERR,ERR,ERR,ERR,ERR,ERR,ERR,ERR,ERR,ERR,ERR,ERR,ERR,ERR,ERR,ERR,ERR,ERR,ERR,ERR,ERR,ERR,ERR,ERR,ERR,ERR,ERR,ERR,ERR,ERR,ERR,ERR,ERR,ERR,ERR,ERR,ERR,ERR,ERR,ERR,ERR,ERR,ERR,ERR,ERR,ERR,ERR,ERR,ERR,ERR,ERR,ERR,ERR,ERR,ERR,ERR,ERR,ERR,ERR,ERR,ERR,ERR,ERR,ERR,ERR,ERR,ERR,ERR,ERR,ERR,ERR,ERR,ERR,ERR,ERR,ERR,ERR,0.0,2.7184303811560617e+23,-100794720.0,0.0,0.0,1.3936040501711995e+18,7.805,0.0,0,0,4,0,7116,0.0,100,0.0,0.0,0.0,0.0,0.0,0,0,0,0,0.0,0,0,0,0,0,0,0,0,0,0,0,0,0,0,0,0,0,0,0,0,0,0,0,0,0,0,0,0,0,0,0,0,0,31,40,40,71,65476,0,300,0,0,8,21553,0.0,-107605600.0,0.0,0.0,0.0,0.0,0.0,0.0,0.0,0.0,0.0,0.0,0.0,0.0,0.0,0.0,0.0,0.0,0.0,0.0,0.0,0.0,-2.004,-0.0,0.0,-0.0,0.0,0.0,0.0,0.0,4466.0,-0.0,6929.0,0.0,2.7184303811560617e+23,-107615136.0,2.718428940004181e+23,0.0,0.0,0.0,0.0,69,-3.222030068424997e+26,-0.0,0.0,0.0,0.0,0.0,0.0,0.0,0.0,0,0,0,0.0,0.0,0.0,0.0,0.0,0.0,0.0,0.0,0.0,0.0,0.0,0.0,0.0,0.0,0.0,0.0,0,-107875648.0,69,0.0,138,0.0,0.0,0,0,17087,0,17104,26215,17083,0,0,0,70,68,100,-0.0,82.0,0.0,78.3,-0.0,79.0,1,49,50,180,26215,39322,0,0,0.0,0.0,0.0,0.0,-0.0,67.0,0.0,162057.094,0.0,982,0,1013,0,0,0,955,0,1040,0,937,0,793,0,785,0,823,0,7520,0.032,2.5133688800429264e+20,0.0,0.0,784,16797,-0.0,162057.094,-114818.039,-0.0,0.133,6.909358625270745e+28,30.0,70.0,35,0.0,0.0,0.0,0.0,0.0,0.0,0.0,0.0,0.0,0.0,0.0,0.0,0.0,0.0,0.0,0.0,66.0,0,150,71,52,65476,0,300,0,0,8,20529,65476,0,0,44564,70.0,0.0,0.0,0.0,0.0,0.0
2026-09-10T21:11:43,ERR,ERR,ERR,ERR,ERR,ERR,ERR,ERR,ERR,ERR,ERR,ERR,ERR,ERR,ERR,ERR,ERR,ERR,ERR,ERR,ERR,ERR,ERR,ERR,ERR,ERR,ERR,ERR,ERR,ERR,ERR,ERR,ERR,ERR,ERR,ERR,ERR,ERR,ERR,ERR,ERR,ERR,ERR,ERR,ERR,ERR,ERR,ERR,ERR,ERR,ERR,ERR,ERR,ERR,ERR,ERR,ERR,ERR,ERR,ERR,ERR,ERR,ERR,ERR,ERR,ERR,ERR,ERR,ERR,ERR,ERR,ERR,ERR,ERR,ERR,ERR,ERR,ERR,ERR,ERR,ERR,ERR,ERR,ERR,ERR,ERR,ERR,ERR,ERR,ERR,ERR,ERR,ERR,ERR,ERR,ERR,ERR,ERR,ERR,ERR,ERR,ERR,ERR,ERR,ERR,ERR,ERR,ERR,ERR,ERR,ERR,ERR,ERR,ERR,ERR,ERR,ERR,ERR,ERR,ERR,ERR,ERR,ERR,ERR,ERR,0.0,2.7184303811560617e+23,-100794720.0,0.0,0.0,1.3936040501711995e+18,7.805,0.0,0,0,4,0,7116,0.0,100,0.0,0.0,0.0,0.0,0.0,0,0,0,0,0.0,0,0,0,0,0,0,0,0,0,0,0,0,0,0,0,0,0,0,0,0,0,0,0,0,0,0,0,0,0,0,0,0,0,31,40,40,71,65476,0,300,0,0,8,21553,0.0,-107605600.0,0.0,0.0,0.0,0.0,0.0,0.0,0.0,0.0,0.0,0.0,0.0,0.0,0.0,0.0,0.0,0.0,0.0,0.0,0.0,0.0,-2.004,-0.0,0.0,-0.0,0.0,0.0,0.0,0.0,4466.0,-0.0,6929.0,0.0,2.7184303811560617e+23,-107615136.0,2.718428940004181e+23,0.0,0.0,0.0,0.0,69,-3.222030068424997e+26,-0.0,0.0,0.0,0.0,0.0,0.0,0.0,0.0,0,0,0,0.0,0.0,0.0,0.0,0.0,0.0,0.0,0.0,0.0,0.0,0.0,0.0,0.0,0.0,0.0,0.0,0,-107875648.0,69,0.0,138,0.0,0.0,0,0,17087,0,17104,26215,17083,0,0,0,70,68,100,-0.0,82.0,0.0,78.3,-0.0,79.0,1,49,50,180,26215,39322,0,0,0.0,0.0,0.0,0.0,-0.0,67.0,0.0,162057.094,0.0,982,0,1013,0,0,0,955,0,1040,0,937,0,793,0,785,0,823,0,7520,0.032,2.5133688800429264e+20,0.0,0.0,784,16797,-0.0,162057.094,-114818.039,-0.0,0.133,6.909358625270745e+28,30.0,70.0,35,0.0,0.0,0.0,0.0,0.0,0.0,0.0,0.0,0.0,0.0,0.0,0.0,0.0,0.0,0.0,0.0,66.0,0,150,71,52,65476,0,300,0,0,8,20529,65476,0,0,44564,70.0,0.0,0.0,0.0,0.0,0.0
2026-09-10T21:11:44,ERR,ERR,ERR,ERR,ERR,ERR,ERR,ERR,ERR,ERR,ERR,ERR,ERR,ERR,ERR,ERR,ERR,ERR,ERR,ERR,ERR,ERR,ERR,ERR,ERR,ERR,ERR,ERR,ERR,ERR,ERR,ERR,ERR,ERR,ERR,ERR,ERR,ERR,ERR,ERR,ERR,ERR,ERR,ERR,ERR,ERR,ERR,ERR,ERR,ERR,ERR,ERR,ERR,ERR,ERR,ERR,ERR,ERR,ERR,ERR,ERR,ERR,ERR,ERR,ERR,ERR,ERR,ERR,ERR,ERR,ERR,ERR,ERR,ERR,ERR,ERR,ERR,ERR,ERR,ERR,ERR,ERR,ERR,ERR,ERR,ERR,ERR,ERR,ERR,ERR,ERR,ERR,ERR,ERR,ERR,ERR,ERR,ERR,ERR,ERR,ERR,ERR,ERR,ERR,ERR,ERR,ERR,ERR,ERR,ERR,ERR,ERR,ERR,ERR,ERR,ERR,ERR,ERR,ERR,ERR,ERR,ERR,ERR,ERR,ERR,0.0,2.7184303811560617e+23,-100794720.0,0.0,0.0,1.3936040501711995e+18,7.805,0.0,0,0,4,0,7116,0.0,100,0.0,0.0,0.0,0.0,0.0,0,0,0,0,0.0,0,0,0,0,0,0,0,0,0,0,0,0,0,0,0,0,0,0,0,0,0,0,0,0,0,0,0,0,0,0,0,0,0,31,40,40,71,65476,0,300,0,0,8,21553,0.0,-107605600.0,0.0,0.0,0.0,0.0,0.0,0.0,0.0,0.0,0.0,0.0,0.0,0.0,0.0,0.0,0.0,0.0,0.0,0.0,0.0,0.0,-2.004,-0.0,0.0,-0.0,0.0,0.0,0.0,0.0,4466.0,-0.0,6929.0,0.0,2.7184303811560617e+23,-107615136.0,2.718428940004181e+23,0.0,0.0,0.0,0.0,69,-3.222030068424997e+26,-0.0,0.0,0.0,0.0,0.0,0.0,0.0,0.0,0,0,0,0.0,0.0,0.0,0.0,0.0,0.0,0.0,0.0,0.0,0.0,0.0,0.0,0.0,0.0,0.0,0.0,0,-107875648.0,69,0.0,138,0.0,0.0,0,0,17087,0,17104,26215,17083,0,0,0,70,68,100,-0.0,82.0,0.0,78.3,-0.0,79.0,1,49,50,180,26215,39322,0,0,0.0,0.0,0.0,0.0,-0.0,67.0,0.0,162057.094,0.0,982,0,1013,0,0,0,955,0,1040,0,937,0,793,0,785,0,823,0,7520,0.032,2.5133688800429264e+20,0.0,0.0,784,16797,-0.0,162057.094,-114818.039,-0.0,0.133,6.909358625270745e+28,30.0,70.0,35,0.0,0.0,0.0,0.0,0.0,0.0,0.0,0.0,0.0,0.0,0.0,0.0,0.0,0.0,0.0,0.0,66.0,0,150,71,52,65476,0,300,0,0,8,20529,65476,0,0,44564,70.0,0.0,0.0,0.0,0.0,0.0
2026-09-10T21:11:45,ERR,ERR,ERR,ERR,ERR,ERR,ERR,ERR,ERR,ERR,ERR,ERR,ERR,ERR,ERR,ERR,ERR,ERR,ERR,ERR,ERR,ERR,ERR,ERR,ERR,ERR,ERR,ERR,ERR,ERR,ERR,ERR,ERR,ERR,ERR,ERR,ERR,ERR,ERR,ERR,ERR,ERR,ERR,ERR,ERR,ERR,ERR,ERR,ERR,ERR,ERR,ERR,ERR,ERR,ERR,ERR,ERR,ERR,ERR,ERR,ERR,ERR,ERR,ERR,ERR,ERR,ERR,ERR,ERR,ERR,ERR,ERR,ERR,ERR,ERR,ERR,ERR,ERR,ERR,ERR,ERR,ERR,ERR,ERR,ERR,ERR,ERR,ERR,ERR,ERR,ERR,ERR,ERR,ERR,ERR,ERR,ERR,ERR,ERR,ERR,ERR,ERR,ERR,ERR,ERR,ERR,ERR,ERR,ERR,ERR,ERR,ERR,ERR,ERR,ERR,ERR,ERR,ERR,ERR,ERR,ERR,ERR,ERR,ERR,ERR,0.0,2.7184303811560617e+23,-100794720.0,0.0,0.0,1.3936040501711995e+18,7.805,0.0,0,0,4,0,7116,0.0,100,0.0,0.0,0.0,0.0,0.0,0,0,0,0,0.0,0,0,0,0,0,0,0,0,0,0,0,0,0,0,0,0,0,0,0,0,0,0,0,0,0,0,0,0,0,0,0,0,0,31,40,40,71,65476,0,300,0,0,8,21553,0.0,-107605600.0,0.0,0.0,0.0,0.0,0.0,0.0,0.0,0.0,0.0,0.0,0.0,0.0,0.0,0.0,0.0,0.0,0.0,0.0,0.0,0.0,-2.004,-0.0,0.0,-0.0,0.0,0.0,0.0,0.0,4466.0,-0.0,6929.0,0.0,2.7184303811560617e+23,-107615136.0,2.718428940004181e+23,0.0,0.0,0.0,0.0,69,-3.222030068424997e+26,-0.0,0.0,0.0,0.0,0.0,0.0,0.0,0.0,0,0,0,0.0,0.0,0.0,0.0,0.0,0.0,0.0,0.0,0.0,0.0,0.0,0.0,0.0,0.0,0.0,0.0,0,-107875648.0,69,0.0,138,0.0,0.0,0,0,17087,0,17104,26215,17083,0,0,0,70,68,100,-0.0,82.0,0.0,78.3,-0.0,79.0,1,49,50,180,26215,39322,0,0,0.0,0.0,0.0,0.0,-0.0,67.0,0.0,162057.094,0.0,982,0,1013,0,0,0,955,0,1040,0,937,0,793,0,785,0,823,0,7520,0.032,2.5133688800429264e+20,0.0,0.0,784,16797,-0.0,162057.094,-114818.039,-0.0,0.133,6.909358625270745e+28,30.0,70.0,35,0.0,0.0,0.0,0.0,0.0,0.0,0.0,0.0,0.0,0.0,0.0,0.0,0.0,0.0,0.0,0.0,66.0,0,150,71,52,65476,0,300,0,0,8,20529,65476,0,0,44564,70.0,0.0,0.0,0.0,0.0,0.0
2026-09-10T21:11:46,ERR,ERR,ERR,ERR,ERR,ERR,ERR,ERR,ERR,ERR,ERR,ERR,ERR,ERR,ERR,ERR,ERR,ERR,ERR,ERR,ERR,ERR,ERR,ERR,ERR,ERR,ERR,ERR,ERR,ERR,ERR,ERR,ERR,ERR,ERR,ERR,ERR,ERR,ERR,ERR,ERR,ERR,ERR,ERR,ERR,ERR,ERR,ERR,ERR,ERR,ERR,ERR,ERR,ERR,ERR,ERR,ERR,ERR,ERR,ERR,ERR,ERR,ERR,ERR,ERR,ERR,ERR,ERR,ERR,ERR,ERR,ERR,ERR,ERR,ERR,ERR,ERR,ERR,ERR,ERR,ERR,ERR,ERR,ERR,ERR,ERR,ERR,ERR,ERR,ERR,ERR,ERR,ERR,ERR,ERR,ERR,ERR,ERR,ERR,ERR,ERR,ERR,ERR,ERR,ERR,ERR,ERR,ERR,ERR,ERR,ERR,ERR,ERR,ERR,ERR,ERR,ERR,ERR,ERR,ERR,ERR,ERR,ERR,ERR,ERR,0.0,2.7184303811560617e+23,-100794720.0,0.0,0.0,1.3936040501711995e+18,7.805,0.0,0,0,4,0,7116,0.0,100,0.0,0.0,0.0,0.0,0.0,0,0,0,0,0.0,0,0,0,0,0,0,0,0,0,0,0,0,0,0,0,0,0,0,0,0,0,0,0,0,0,0,0,0,0,0,0,0,0,31,40,40,71,65476,0,300,0,0,8,21553,0.0,-107605600.0,0.0,0.0,0.0,0.0,0.0,0.0,0.0,0.0,0.0,0.0,0.0,0.0,0.0,0.0,0.0,0.0,0.0,0.0,0.0,0.0,-2.004,-0.0,0.0,-0.0,0.0,0.0,0.0,0.0,4466.0,-0.0,6929.0,0.0,2.7184303811560617e+23,-107615136.0,2.718428940004181e+23,0.0,0.0,0.0,0.0,69,-3.222030068424997e+26,-0.0,0.0,0.0,0.0,0.0,0.0,0.0,0.0,0,0,0,0.0,0.0,0.0,0.0,0.0,0.0,0.0,0.0,0.0,0.0,0.0,0.0,0.0,0.0,0.0,0.0,0,-107875648.0,69,0.0,138,0.0,0.0,0,0,17087,0,17104,26215,17083,0,0,0,70,68,100,-0.0,82.0,0.0,78.3,-0.0,79.0,1,49,50,180,26215,39322,0,0,0.0,0.0,0.0,0.0,-0.0,67.0,0.0,162057.094,0.0,982,0,1013,0,0,0,955,0,1040,0,937,0,793,0,785,0,823,0,7520,0.032,2.5133688800429264e+20,0.0,0.0,784,16797,-0.0,162057.094,-114818.039,-0.0,0.133,6.909358625270745e+28,30.0,70.0,35,0.0,0.0,0.0,0.0,0.0,0.0,0.0,0.0,0.0,0.0,0.0,0.0,0.0,0.0,0.0,0.0,66.0,0,150,71,52,65476,0,300,0,0,8,20529,65476,0,0,44564,70.0,0.0,0.0,0.0,0.0,0.0
2026-09-10T21:11:47,ERR,ERR,ERR,ERR,ERR,ERR,ERR,ERR,ERR,ERR,ERR,ERR,ERR,ERR,ERR,ERR,ERR,ERR,ERR,ERR,ERR,ERR,ERR,ERR,ERR,ERR,ERR,ERR,ERR,ERR,ERR,ERR,ERR,ERR,ERR,ERR,ERR,ERR,ERR,ERR,ERR,ERR,ERR,ERR,ERR,ERR,ERR,ERR,ERR,ERR,ERR,ERR,ERR,ERR,ERR,ERR,ERR,ERR,ERR,ERR,ERR,ERR,ERR,ERR,ERR,ERR,ERR,ERR,ERR,ERR,ERR,ERR,ERR,ERR,ERR,ERR,ERR,ERR,ERR,ERR,ERR,ERR,ERR,ERR,ERR,ERR,ERR,ERR,ERR,ERR,ERR,ERR,ERR,ERR,ERR,ERR,ERR,ERR,ERR,ERR,ERR,ERR,ERR,ERR,ERR,ERR,ERR,ERR,ERR,ERR,ERR,ERR,ERR,ERR,ERR,ERR,ERR,ERR,ERR,ERR,ERR,ERR,ERR,ERR,ERR,0.0,2.7184303811560617e+23,-100794720.0,0.0,0.0,1.3936040501711995e+18,7.805,0.0,0,0,4,0,7116,0.0,100,0.0,0.0,0.0,0.0,0.0,0,0,0,0,0.0,0,0,0,0,0,0,0,0,0,0,0,0,0,0,0,0,0,0,0,0,0,0,0,0,0,0,0,0,0,0,0,0,0,31,40,40,71,65476,0,300,0,0,8,21553,0.0,-107605600.0,0.0,0.0,0.0,0.0,0.0,0.0,0.0,0.0,0.0,0.0,0.0,0.0,0.0,0.0,0.0,0.0,0.0,0.0,0.0,0.0,-2.004,-0.0,0.0,-0.0,0.0,0.0,0.0,0.0,4466.0,-0.0,6929.0,0.0,2.7184303811560617e+23,-107615136.0,2.718428940004181e+23,0.0,0.0,0.0,0.0,69,-3.222030068424997e+26,-0.0,0.0,0.0,0.0,0.0,0.0,0.0,0.0,0,0,0,0.0,0.0,0.0,0.0,0.0,0.0,0.0,0.0,0.0,0.0,0.0,0.0,0.0,0.0,0.0,0.0,0,-107875648.0,69,0.0,138,0.0,0.0,0,0,17087,0,17104,26215,17083,0,0,0,70,68,100,-0.0,82.4,0.0,78.8,-0.0,79.0,1,49,50,180,26215,39322,0,0,0.0,0.0,0.0,0.0,-0.0,67.0,0.0,162057.094,0.0,982,0,1013,0,0,0,955,0,1040,0,937,0,793,0,785,0,823,0,7520,0.032,2.524898095088995e+20,0.0,0.0,784,16797,-0.0,162057.094,-114818.039,-0.0,0.133,6.909358625270745e+28,30.0,70.0,35,0.0,0.0,0.0,0.0,0.0,0.0,0.0,0.0,0.0,0.0,0.0,0.0,0.0,0.0,0.0,0.0,66.0,0,150,71,52,65476,0,300,0,0,8,20529,65476,0,0,44564,70.0,0.0,0.0,0.0,0.0,0.0
2026-09-10T21:11:48,ERR,ERR,ERR,ERR,ERR,ERR,ERR,ERR,ERR,ERR,ERR,ERR,ERR,ERR,ERR,ERR,ERR,ERR,ERR,ERR,ERR,ERR,ERR,ERR,ERR,ERR,ERR,ERR,ERR,ERR,ERR,ERR,ERR,ERR,ERR,ERR,ERR,ERR,ERR,ERR,ERR,ERR,ERR,ERR,ERR,ERR,ERR,ERR,ERR,ERR,ERR,ERR,ERR,ERR,ERR,ERR,ERR,ERR,ERR,ERR,ERR,ERR,ERR,ERR,ERR,ERR,ERR,ERR,ERR,ERR,ERR,ERR,ERR,ERR,ERR,ERR,ERR,ERR,ERR,ERR,ERR,ERR,ERR,ERR,ERR,ERR,ERR,ERR,ERR,ERR,ERR,ERR,ERR,ERR,ERR,ERR,ERR,ERR,ERR,ERR,ERR,ERR,ERR,ERR,ERR,ERR,ERR,ERR,ERR,ERR,ERR,ERR,ERR,ERR,ERR,ERR,ERR,ERR,ERR,ERR,ERR,ERR,ERR,ERR,ERR,0.0,2.7184303811560617e+23,-100794720.0,0.0,0.0,1.3936040501711995e+18,7.805,0.0,0,0,4,0,7116,0.0,100,0.0,0.0,0.0,0.0,0.0,0,0,0,0,0.0,0,0,0,0,0,0,0,0,0,0,0,0,0,0,0,0,0,0,0,0,0,0,0,0,0,0,0,0,0,0,0,0,0,31,40,40,71,65476,0,300,0,0,8,21553,0.0,-107605600.0,0.0,0.0,0.0,0.0,0.0,0.0,0.0,0.0,0.0,0.0,0.0,0.0,0.0,0.0,0.0,0.0,0.0,0.0,0.0,0.0,-2.004,-0.0,0.0,-0.0,0.0,0.0,0.0,0.0,4468.0,-0.0,6932.0,-107615312.0,0.0,-107615136.0,2.718428940004181e+23,0.0,0.0,0.0,0.0,69,-4.950430145311814e+32,-0.0,0.0,0.0,0.0,0.0,0.0,0.0,0.0,0,0,0,0.0,0.0,0.0,0.0,0.0,0.0,0.0,0.0,0.0,0.0,0.0,0.0,0.0,0.0,0.0,0.0,0,-107875648.0,69,0.0,138,0.0,0.0,0,0,17087,0,17104,26215,17083,0,0,0,70,68,100,-0.0,82.4,0.0,78.8,-0.0,79.0,1,49,50,180,26215,39322,0,0,0.0,0.0,0.0,0.0,-0.0,67.0,0.0,162057.094,0.0,982,0,1013,0,0,0,955,0,1040,0,937,0,793,0,785,0,823,0,7520,0.032,2.524898095088995e+20,0.0,0.0,784,16797,-0.0,162057.094,-114818.039,-0.0,0.133,6.909358625270745e+28,30.0,70.0,35,0.0,0.0,0.0,0.0,0.0,0.0,0.0,0.0,0.0,0.0,0.0,0.0,0.0,0.0,0.0,0.0,66.0,0,150,71,52,65476,0,300,0,0,8,20529,65476,0,0,44564,70.0,0.0,0.0,0.0,0.0,0.0
2026-09-10T21:11:49,ERR,ERR,ERR,ERR,ERR,ERR,ERR,ERR,ERR,ERR,ERR,ERR,ERR,ERR,ERR,ERR,ERR,ERR,ERR,ERR,ERR,ERR,ERR,ERR,ERR,ERR,ERR,ERR,ERR,ERR,ERR,ERR,ERR,ERR,ERR,ERR,ERR,ERR,ERR,ERR,ERR,ERR,ERR,ERR,ERR,ERR,ERR,ERR,ERR,ERR,ERR,ERR,ERR,ERR,ERR,ERR,ERR,ERR,ERR,ERR,ERR,ERR,ERR,ERR,ERR,ERR,ERR,ERR,ERR,ERR,ERR,ERR,ERR,ERR,ERR,ERR,ERR,ERR,ERR,ERR,ERR,ERR,ERR,ERR,ERR,ERR,ERR,ERR,ERR,ERR,ERR,ERR,ERR,ERR,ERR,ERR,ERR,ERR,ERR,ERR,ERR,ERR,ERR,ERR,ERR,ERR,ERR,ERR,ERR,ERR,ERR,ERR,ERR,ERR,ERR,ERR,ERR,ERR,ERR,ERR,ERR,ERR,ERR,ERR,ERR,0.0,2.7184303811560617e+23,-100794720.0,0.0,0.0,1.3936040501711995e+18,7.805,0.0,0,0,4,0,7116,0.0,100,0.0,0.0,0.0,0.0,0.0,0,0,0,0,0.0,0,0,0,0,0,0,0,0,0,0,0,0,0,0,0,0,0,0,0,0,0,0,0,0,0,0,0,0,0,0,0,0,0,31,40,40,71,65476,0,300,0,0,8,21553,0.0,-107605600.0,0.0,0.0,0.0,0.0,0.0,0.0,0.0,0.0,0.0,0.0,0.0,0.0,0.0,0.0,0.0,0.0,0.0,0.0,0.0,0.0,-2.004,-0.0,0.0,-0.0,0.0,0.0,0.0,0.0,4468.0,-0.0,6932.0,-107615312.0,0.0,-107615136.0,2.718428940004181e+23,0.0,0.0,0.0,0.0,69,-4.950430145311814e+32,-0.0,0.0,0.0,0.0,0.0,0.0,0.0,0.0,0,0,0,0.0,0.0,0.0,0.0,0.0,0.0,0.0,0.0,0.0,0.0,0.0,0.0,0.0,0.0,0.0,0.0,0,-107875648.0,69,0.0,138,0.0,0.0,0,0,17087,0,17104,26215,17083,0,0,0,70,68,100,-0.0,82.4,0.0,78.8,-0.0,79.0,1,49,50,180,26215,39322,0,0,0.0,0.0,0.0,0.0,-0.0,67.0,0.0,162057.094,0.0,982,0,1013,0,0,0,955,0,1040,0,937,0,793,0,785,0,823,0,7520,0.032,2.524898095088995e+20,0.0,0.0,784,16797,-0.0,162057.094,-114818.039,-0.0,0.133,6.909358625270745e+28,30.0,70.0,35,0.0,0.0,0.0,0.0,0.0,0.0,0.0,0.0,0.0,0.0,0.0,0.0,0.0,0.0,0.0,0.0,66.0,0,150,71,52,65476,0,300,0,0,8,20529,65476,0,0,44564,70.0,0.0,0.0,0.0,0.0,0.0
2026-09-10T21:11:50,ERR,ERR,ERR,ERR,ERR,ERR,ERR,ERR,ERR,ERR,ERR,ERR,ERR,ERR,ERR,ERR,ERR,ERR,ERR,ERR,ERR,ERR,ERR,ERR,ERR,ERR,ERR,ERR,ERR,ERR,ERR,ERR,ERR,ERR,ERR,ERR,ERR,ERR,ERR,ERR,ERR,ERR,ERR,ERR,ERR,ERR,ERR,ERR,ERR,ERR,ERR,ERR,ERR,ERR,ERR,ERR,ERR,ERR,ERR,ERR,ERR,ERR,ERR,ERR,ERR,ERR,ERR,ERR,ERR,ERR,ERR,ERR,ERR,ERR,ERR,ERR,ERR,ERR,ERR,ERR,ERR,ERR,ERR,ERR,ERR,ERR,ERR,ERR,ERR,ERR,ERR,ERR,ERR,ERR,ERR,ERR,ERR,ERR,ERR,ERR,ERR,ERR,ERR,ERR,ERR,ERR,ERR,ERR,ERR,ERR,ERR,ERR,ERR,ERR,ERR,ERR,ERR,ERR,ERR,ERR,ERR,ERR,ERR,ERR,ERR,0.0,2.7184303811560617e+23,-100794720.0,0.0,0.0,1.3936040501711995e+18,7.805,0.0,0,0,4,0,7116,0.0,100,0.0,0.0,0.0,0.0,0.0,0,0,0,0,0.0,0,0,0,0,0,0,0,0,0,0,0,0,0,0,0,0,0,0,0,0,0,0,0,0,0,0,0,0,0,0,0,0,0,31,40,40,71,65476,0,300,0,0,8,21553,0.0,-107605600.0,0.0,0.0,0.0,0.0,0.0,0.0,0.0,0.0,0.0,0.0,0.0,0.0,0.0,0.0,0.0,0.0,0.0,0.0,0.0,0.0,-2.004,-0.0,0.0,-0.0,0.0,0.0,0.0,0.0,4468.0,-0.0,6932.0,-107615312.0,0.0,-107615136.0,2.718428940004181e+23,0.0,0.0,0.0,0.0,69,-4.950430145311814e+32,-0.0,0.0,0.0,0.0,0.0,0.0,0.0,0.0,0,0,0,0.0,0.0,0.0,0.0,0.0,0.0,0.0,0.0,0.0,0.0,0.0,0.0,0.0,0.0,0.0,0.0,0,-107875648.0,69,0.0,138,0.0,0.0,0,0,17087,0,17104,26215,17083,0,0,0,70,68,100,-0.0,82.4,0.0,78.8,-0.0,79.0,1,49,50,180,26215,39322,0,0,0.0,0.0,0.0,0.0,-0.0,67.0,0.0,162057.094,0.0,982,0,1013,0,0,0,955,0,1040,0,937,0,793,0,785,0,823,0,7520,0.032,2.524898095088995e+20,0.0,0.0,784,16797,-0.0,162057.094,-114818.039,-0.0,0.133,6.909358625270745e+28,30.0,70.0,35,0.0,0.0,0.0,0.0,0.0,0.0,0.0,0.0,0.0,0.0,0.0,0.0,0.0,0.0,0.0,0.0,66.0,0,150,71,52,65476,0,300,0,0,8,20529,65476,0,0,44564,70.0,0.0,0.0,0.0,0.0,0.0
2026-09-10T21:11:51,ERR,ERR,ERR,ERR,ERR,ERR,ERR,ERR,ERR,ERR,ERR,ERR,ERR,ERR,ERR,ERR,ERR,ERR,ERR,ERR,ERR,ERR,ERR,ERR,ERR,ERR,ERR,ERR,ERR,ERR,ERR,ERR,ERR,ERR,ERR,ERR,ERR,ERR,ERR,ERR,ERR,ERR,ERR,ERR,ERR,ERR,ERR,ERR,ERR,ERR,ERR,ERR,ERR,ERR,ERR,ERR,ERR,ERR,ERR,ERR,ERR,ERR,ERR,ERR,ERR,ERR,ERR,ERR,ERR,ERR,ERR,ERR,ERR,ERR,ERR,ERR,ERR,ERR,ERR,ERR,ERR,ERR,ERR,ERR,ERR,ERR,ERR,ERR,ERR,ERR,ERR,ERR,ERR,ERR,ERR,ERR,ERR,ERR,ERR,ERR,ERR,ERR,ERR,ERR,ERR,ERR,ERR,ERR,ERR,ERR,ERR,ERR,ERR,ERR,ERR,ERR,ERR,ERR,ERR,ERR,ERR,ERR,ERR,ERR,ERR,0.0,2.7184303811560617e+23,-100794720.0,0.0,0.0,1.3936040501711995e+18,7.805,0.0,0,0,4,0,7116,0.0,100,0.0,0.0,0.0,0.0,0.0,0,0,0,0,0.0,0,0,0,0,0,0,0,0,0,0,0,0,0,0,0,0,0,0,0,0,0,0,0,0,0,0,0,0,0,0,0,0,0,31,40,40,71,65476,0,300,0,0,8,21553,0.0,-107605600.0,0.0,0.0,0.0,0.0,0.0,0.0,0.0,0.0,0.0,0.0,0.0,0.0,0.0,0.0,0.0,0.0,0.0,0.0,0.0,0.0,-2.004,-0.0,0.0,-0.0,0.0,0.0,0.0,0.0,4468.0,-0.0,6932.0,-107615312.0,0.0,-107615136.0,2.718428940004181e+23,0.0,0.0,0.0,0.0,69,-4.950430145311814e+32,-0.0,0.0,0.0,0.0,0.0,0.0,0.0,0.0,0,0,0,0.0,0.0,0.0,0.0,0.0,0.0,0.0,0.0,0.0,0.0,0.0,0.0,0.0,0.0,0.0,0.0,0,-107875648.0,69,0.0,138,0.0,0.0,0,0,17087,0,17104,26215,17083,0,0,0,70,68,100,-0.0,82.4,-107615456.0,78.3,-0.0,79.0,1,49,50,180,26215,39322,0,0,0.0,0.0,0.0,0.0,-0.0,67.0,0.0,162057.094,0.0,982,0,1013,0,0,0,955,0,1040,0,937,0,793,0,784,0,823,0,7520,0.032,2.5133688800429264e+20,0.0,0.0,784,16797,-0.0,162057.094,-114818.039,-0.0,0.133,6.909358625270745e+28,30.0,70.0,35,0.0,0.0,0.0,0.0,0.0,0.0,0.0,0.0,0.0,0.0,0.0,0.0,0.0,0.0,0.0,0.0,66.0,0,150,71,52,65476,0,300,0,0,8,20529,65476,0,0,44564,70.0,0.0,0.0,0.0,0.0,0.0
2026-09-10T21:11:52,ERR,ERR,ERR,ERR,ERR,ERR,ERR,ERR,ERR,ERR,ERR,ERR,ERR,ERR,ERR,ERR,ERR,ERR,ERR,ERR,ERR,ERR,ERR,ERR,ERR,ERR,ERR,ERR,ERR,ERR,ERR,ERR,ERR,ERR,ERR,ERR,ERR,ERR,ERR,ERR,ERR,ERR,ERR,ERR,ERR,ERR,ERR,ERR,ERR,ERR,ERR,ERR,ERR,ERR,ERR,ERR,ERR,ERR,ERR,ERR,ERR,ERR,ERR,ERR,ERR,ERR,ERR,ERR,ERR,ERR,ERR,ERR,ERR,ERR,ERR,ERR,ERR,ERR,ERR,ERR,ERR,ERR,ERR,ERR,ERR,ERR,ERR,ERR,ERR,ERR,ERR,ERR,ERR,ERR,ERR,ERR,ERR,ERR,ERR,ERR,ERR,ERR,ERR,ERR,ERR,ERR,ERR,ERR,ERR,ERR,ERR,ERR,ERR,ERR,ERR,ERR,ERR,ERR,ERR,ERR,ERR,ERR,ERR,ERR,ERR,0.0,2.7184303811560617e+23,-100794720.0,0.0,0.0,1.3936040501711995e+18,7.805,0.0,0,0,4,0,7116,0.0,100,0.0,0.0,0.0,0.0,0.0,0,0,0,0,0.0,0,0,0,0,0,0,0,0,0,0,0,0,0,0,0,0,0,0,0,0,0,0,0,0,0,0,0,0,0,0,0,0,0,31,40,40,71,65476,0,300,0,0,8,21553,0.0,-107605600.0,0.0,0.0,0.0,0.0,0.0,0.0,0.0,0.0,0.0,0.0,0.0,0.0,0.0,0.0,0.0,0.0,0.0,0.0,0.0,0.0,-2.004,-0.0,0.0,-0.0,0.0,0.0,0.0,0.0,4468.0,-0.0,6932.0,-107615312.0,0.0,-107615136.0,2.718428940004181e+23,0.0,0.0,0.0,0.0,69,-4.950430145311814e+32,-0.0,0.0,0.0,0.0,0.0,0.0,0.0,0.0,0,0,0,0.0,0.0,0.0,0.0,0.0,0.0,0.0,0.0,0.0,0.0,0.0,0.0,0.0,0.0,0.0,0.0,0,-107875648.0,69,0.0,138,0.0,0.0,0,0,17087,0,17104,26215,17083,0,0,0,70,68,100,-0.0,82.4,-107615456.0,78.3,-0.0,79.0,1,49,50,180,26215,39322,0,0,0.0,0.0,0.0,0.0,-0.0,67.0,0.0,162057.094,0.0,982,0,1013,0,0,0,955,0,1040,0,937,0,793,0,784,0,823,0,7520,0.032,2.5133688800429264e+20,0.0,0.0,784,16797,-0.0,162057.094,-114818.039,-0.0,0.133,6.909358625270745e+28,30.0,70.0,35,0.0,0.0,0.0,0.0,0.0,0.0,0.0,0.0,0.0,0.0,0.0,0.0,0.0,0.0,0.0,0.0,66.0,0,150,71,52,65476,0,300,0,0,8,20529,65476,0,0,44564,70.0,0.0,0.0,0.0,0.0,0.0
2026-09-10T21:11:53,ERR,ERR,ERR,ERR,ERR,ERR,ERR,ERR,ERR,ERR,ERR,ERR,ERR,ERR,ERR,ERR,ERR,ERR,ERR,ERR,ERR,ERR,ERR,ERR,ERR,ERR,ERR,ERR,ERR,ERR,ERR,ERR,ERR,ERR,ERR,ERR,ERR,ERR,ERR,ERR,ERR,ERR,ERR,ERR,ERR,ERR,ERR,ERR,ERR,ERR,ERR,ERR,ERR,ERR,ERR,ERR,ERR,ERR,ERR,ERR,ERR,ERR,ERR,ERR,ERR,ERR,ERR,ERR,ERR,ERR,ERR,ERR,ERR,ERR,ERR,ERR,ERR,ERR,ERR,ERR,ERR,ERR,ERR,ERR,ERR,ERR,ERR,ERR,ERR,ERR,ERR,ERR,ERR,ERR,ERR,ERR,ERR,ERR,ERR,ERR,ERR,ERR,ERR,ERR,ERR,ERR,ERR,ERR,ERR,ERR,ERR,ERR,ERR,ERR,ERR,ERR,ERR,ERR,ERR,ERR,ERR,ERR,ERR,ERR,ERR,0.0,2.7184303811560617e+23,-100794720.0,0.0,0.0,1.3936040501711995e+18,7.805,0.0,0,0,4,0,7116,0.0,100,0.0,0.0,0.0,0.0,0.0,0,0,0,0,0.0,0,0,0,0,0,0,0,0,0,0,0,0,0,0,0,0,0,0,0,0,0,0,0,0,0,0,0,0,0,0,0,0,0,31,40,40,71,65476,0,300,0,0,8,21553,0.0,-107605600.0,0.0,0.0,0.0,0.0,0.0,0.0,0.0,0.0,0.0,0.0,0.0,0.0,0.0,0.0,0.0,0.0,0.0,0.0,0.0,0.0,-2.004,-0.0,0.0,-0.0,0.0,0.0,0.0,0.0,4468.0,-0.0,6932.0,-107615312.0,0.0,-107615136.0,2.718428940004181e+23,0.0,0.0,0.0,0.0,69,-4.950430145311814e+32,-0.0,0.0,0.0,0.0,0.0,0.0,0.0,0.0,0,0,0,0.0,0.0,0.0,0.0,0.0,0.0,0.0,0.0,0.0,0.0,0.0,0.0,0.0,0.0,0.0,0.0,0,-107875648.0,69,0.0,138,0.0,0.0,0,0,17087,0,17104,26215,17083,0,0,0,70,68,100,-0.0,82.4,-107615456.0,78.3,-0.0,79.0,1,49,50,180,26215,39322,0,0,0.0,0.0,0.0,0.0,-0.0,67.0,0.0,162057.094,0.0,982,0,1013,0,0,0,955,0,1040,0,937,0,793,0,784,0,823,0,7520,0.032,2.5133688800429264e+20,0.0,0.0,784,16797,-0.0,162057.094,-114818.039,-0.0,0.133,6.909358625270745e+28,30.0,70.0,35,0.0,0.0,0.0,0.0,0.0,0.0,0.0,0.0,0.0,0.0,0.0,0.0,0.0,0.0,0.0,0.0,66.0,0,150,71,52,65476,0,300,0,0,8,20529,65476,0,0,44564,70.0,0.0,0.0,0.0,0.0,0.0
2026-09-10T21:11:54,ERR,ERR,ERR,ERR,ERR,ERR,ERR,ERR,ERR,ERR,ERR,ERR,ERR,ERR,ERR,ERR,ERR,ERR,ERR,ERR,ERR,ERR,ERR,ERR,ERR,ERR,ERR,ERR,ERR,ERR,ERR,ERR,ERR,ERR,ERR,ERR,ERR,ERR,ERR,ERR,ERR,ERR,ERR,ERR,ERR,ERR,ERR,ERR,ERR,ERR,ERR,ERR,ERR,ERR,ERR,ERR,ERR,ERR,ERR,ERR,ERR,ERR,ERR,ERR,ERR,ERR,ERR,ERR,ERR,ERR,ERR,ERR,ERR,ERR,ERR,ERR,ERR,ERR,ERR,ERR,ERR,ERR,ERR,ERR,ERR,ERR,ERR,ERR,ERR,ERR,ERR,ERR,ERR,ERR,ERR,ERR,ERR,ERR,ERR,ERR,ERR,ERR,ERR,ERR,ERR,ERR,ERR,ERR,ERR,ERR,ERR,ERR,ERR,ERR,ERR,ERR,ERR,ERR,ERR,ERR,ERR,ERR,ERR,ERR,ERR,0.0,2.7184303811560617e+23,-100794720.0,0.0,0.0,1.3936040501711995e+18,7.805,0.0,0,0,4,0,7116,0.0,100,0.0,0.0,0.0,0.0,0.0,0,0,0,0,0.0,0,0,0,0,0,0,0,0,0,0,0,0,0,0,0,0,0,0,0,0,0,0,0,0,0,0,0,0,0,0,0,0,0,31,40,40,71,65476,0,300,0,0,8,21553,0.0,-107605600.0,0.0,0.0,0.0,0.0,0.0,0.0,0.0,0.0,0.0,0.0,0.0,0.0,0.0,0.0,0.0,0.0,0.0,0.0,0.0,0.0,-2.004,2.004,0.0,-0.0,0.0,0.0,0.0,0.0,4464.0,-0.0,6932.0,0.0,2.7184303811560617e+23,-107615136.0,2.718428940004181e+23,0.0,0.0,0.0,0.0,69,-4.0668816144241325e+29,-0.0,0.0,0.0,0.0,0.0,0.0,0.0,0.0,0,0,0,0.0,0.0,0.0,0.0,0.0,0.0,0.0,0.0,0.0,0.0,0.0,0.0,0.0,0.0,0.0,0.0,0,-107875648.0,69,0.0,138,0.0,0.0,0,0,17087,0,17104,26215,17083,0,0,0,70,68,100,-0.0,82.4,-107615456.0,78.3,-0.0,79.0,1,49,50,180,26215,39322,0,0,0.0,0.0,0.0,0.0,-0.0,67.0,0.0,162057.094,0.0,982,0,1013,0,0,0,955,0,1040,0,937,0,793,0,784,0,823,0,7520,0.032,2.5133688800429264e+20,0.0,0.0,784,16797,-0.0,162057.094,-114818.039,-0.0,0.133,6.909358625270745e+28,30.0,70.0,35,0.0,0.0,0.0,0.0,0.0,0.0,0.0,0.0,0.0,0.0,0.0,0.0,0.0,0.0,0.0,0.0,66.0,0,150,71,52,65476,0,300,0,0,8,20529,65476,0,0,44564,70.0,0.0,0.0,0.0,0.0,0.0
2026-09-10T21:11:55,ERR,ERR,ERR,ERR,ERR,ERR,ERR,ERR,ERR,ERR,ERR,ERR,ERR,ERR,ERR,ERR,ERR,ERR,ERR,ERR,ERR,ERR,ERR,ERR,ERR,ERR,ERR,ERR,ERR,ERR,ERR,ERR,ERR,ERR,ERR,ERR,ERR,ERR,ERR,ERR,ERR,ERR,ERR,ERR,ERR,ERR,ERR,ERR,ERR,ERR,ERR,ERR,ERR,ERR,ERR,ERR,ERR,ERR,ERR,ERR,ERR,ERR,ERR,ERR,ERR,ERR,ERR,ERR,ERR,ERR,ERR,ERR,ERR,ERR,ERR,ERR,ERR,ERR,ERR,ERR,ERR,ERR,ERR,ERR,ERR,ERR,ERR,ERR,ERR,ERR,ERR,ERR,ERR,ERR,ERR,ERR,ERR,ERR,ERR,ERR,ERR,ERR,ERR,ERR,ERR,ERR,ERR,ERR,ERR,ERR,ERR,ERR,ERR,ERR,ERR,ERR,ERR,ERR,ERR,ERR,ERR,ERR,ERR,ERR,ERR,0.0,2.7184303811560617e+23,-100794720.0,0.0,0.0,1.3936040501711995e+18,7.805,0.0,0,0,4,0,7116,0.0,100,0.0,0.0,0.0,0.0,0.0,0,0,0,0,0.0,0,0,0,0,0,0,0,0,0,0,0,0,0,0,0,0,0,0,0,0,0,0,0,0,0,0,0,0,0,0,0,0,0,31,40,40,71,65476,0,300,0,0,8,21553,0.0,-107605600.0,0.0,0.0,0.0,0.0,0.0,0.0,0.0,0.0,0.0,0.0,0.0,0.0,0.0,0.0,0.0,0.0,0.0,0.0,0.0,0.0,-2.004,2.004,0.0,-0.0,0.0,0.0,0.0,0.0,4464.0,-0.0,6932.0,0.0,2.7184303811560617e+23,-107615136.0,2.718428940004181e+23,0.0,0.0,0.0,0.0,69,-4.0668816144241325e+29,-0.0,0.0,0.0,0.0,0.0,0.0,0.0,0.0,0,0,0,0.0,0.0,0.0,0.0,0.0,0.0,0.0,0.0,0.0,0.0,0.0,0.0,0.0,0.0,0.0,0.0,0,-107875648.0,69,0.0,138,0.0,0.0,0,0,17087,0,17104,26215,17083,0,0,0,70,68,100,-0.0,82.4,-107615456.0,78.3,-0.0,79.0,1,49,50,180,26215,39322,0,0,0.0,0.0,0.0,0.0,-0.0,67.0,0.0,162057.094,0.0,982,0,1013,0,0,0,955,0,1040,0,937,0,793,0,784,0,823,0,7520,0.032,2.5133688800429264e+20,0.0,0.0,784,16797,-0.0,162057.094,-114818.039,-0.0,0.133,6.909358625270745e+28,30.0,70.0,35,0.0,0.0,0.0,0.0,0.0,0.0,0.0,0.0,0.0,0.0,0.0,0.0,0.0,0.0,0.0,0.0,66.0,0,150,71,52,65476,0,300,0,0,8,20529,65476,0,0,44564,70.0,0.0,0.0,0.0,0.0,0.0
2026-09-10T21:11:56,ERR,ERR,ERR,ERR,ERR,ERR,ERR,ERR,ERR,ERR,ERR,ERR,ERR,ERR,ERR,ERR,ERR,ERR,ERR,ERR,ERR,ERR,ERR,ERR,ERR,ERR,ERR,ERR,ERR,ERR,ERR,ERR,ERR,ERR,ERR,ERR,ERR,ERR,ERR,ERR,ERR,ERR,ERR,ERR,ERR,ERR,ERR,ERR,ERR,ERR,ERR,ERR,ERR,ERR,ERR,ERR,ERR,ERR,ERR,ERR,ERR,ERR,ERR,ERR,ERR,ERR,ERR,ERR,ERR,ERR,ERR,ERR,ERR,ERR,ERR,ERR,ERR,ERR,ERR,ERR,ERR,ERR,ERR,ERR,ERR,ERR,ERR,ERR,ERR,ERR,ERR,ERR,ERR,ERR,ERR,ERR,ERR,ERR,ERR,ERR,ERR,ERR,ERR,ERR,ERR,ERR,ERR,ERR,ERR,ERR,ERR,ERR,ERR,ERR,ERR,ERR,ERR,ERR,ERR,ERR,ERR,ERR,ERR,ERR,ERR,0.0,2.7184303811560617e+23,-100794720.0,0.0,0.0,1.3936040501711995e+18,7.805,0.0,0,0,4,0,7116,0.0,100,0.0,0.0,0.0,0.0,0.0,0,0,0,0,0.0,0,0,0,0,0,0,0,0,0,0,0,0,0,0,0,0,0,0,0,0,0,0,0,0,0,0,0,0,0,0,0,0,0,31,40,40,71,65476,0,300,0,0,8,21553,0.0,-107605600.0,0.0,0.0,0.0,0.0,0.0,0.0,0.0,0.0,0.0,0.0,0.0,0.0,0.0,0.0,0.0,0.0,0.0,0.0,0.0,0.0,-2.004,2.004,0.0,-0.0,0.0,0.0,0.0,0.0,4464.0,-0.0,6932.0,0.0,2.7184303811560617e+23,-107615136.0,2.718428940004181e+23,0.0,0.0,0.0,0.0,69,-4.0668816144241325e+29,-0.0,0.0,0.0,0.0,0.0,0.0,0.0,0.0,0,0,0,0.0,0.0,0.0,0.0,0.0,0.0,0.0,0.0,0.0,0.0,0.0,0.0,0.0,0.0,0.0,0.0,0,-107875648.0,69,0.0,138,0.0,0.0,0,0,17087,52429,17103,26215,17083,0,0,0,70,68,100,-0.0,82.4,-107615456.0,78.3,-0.0,79.0,1,49,50,180,26215,39322,0,0,0.0,0.0,0.0,0.0,-0.0,67.0,0.0,162057.094,0.0,982,0,1013,0,0,0,955,0,1039,0,937,0,793,0,784,0,823,0,7520,0.032,2.524898095088995e+20,0.0,0.0,784,16797,-0.0,162057.094,-114818.039,-0.0,0.133,6.909358625270745e+28,30.0,70.0,35,0.0,0.0,0.0,0.0,0.0,0.0,0.0,0.0,0.0,0.0,0.0,0.0,0.0,0.0,0.0,0.0,66.0,0,150,71,52,65476,0,300,0,0,8,20529,65476,0,0,44564,70.0,0.0,0.0,0.0,0.0,0.0
2026-09-10T21:11:57,ERR,ERR,ERR,ERR,ERR,ERR,ERR,ERR,ERR,ERR,ERR,ERR,ERR,ERR,ERR,ERR,ERR,ERR,ERR,ERR,ERR,ERR,ERR,ERR,ERR,ERR,ERR,ERR,ERR,ERR,ERR,ERR,ERR,ERR,ERR,ERR,ERR,ERR,ERR,ERR,ERR,ERR,ERR,ERR,ERR,ERR,ERR,ERR,ERR,ERR,ERR,ERR,ERR,ERR,ERR,ERR,ERR,ERR,ERR,ERR,ERR,ERR,ERR,ERR,ERR,ERR,ERR,ERR,ERR,ERR,ERR,ERR,ERR,ERR,ERR,ERR,ERR,ERR,ERR,ERR,ERR,ERR,ERR,ERR,ERR,ERR,ERR,ERR,ERR,ERR,ERR,ERR,ERR,ERR,ERR,ERR,ERR,ERR,ERR,ERR,ERR,ERR,ERR,ERR,ERR,ERR,ERR,ERR,ERR,ERR,ERR,ERR,ERR,ERR,ERR,ERR,ERR,ERR,ERR,ERR,ERR,ERR,ERR,ERR,ERR,0.0,2.7184303811560617e+23,-100794720.0,0.0,0.0,1.3936040501711995e+18,7.805,0.0,0,0,4,0,7116,0.0,100,0.0,0.0,0.0,0.0,0.0,0,0,0,0,0.0,0,0,0,0,0,0,0,0,0,0,0,0,0,0,0,0,0,0,0,0,0,0,0,0,0,0,0,0,0,0,0,0,0,31,40,40,71,65476,0,300,0,0,8,21553,0.0,-107605600.0,0.0,0.0,0.0,0.0,0.0,0.0,0.0,0.0,0.0,0.0,0.0,0.0,0.0,0.0,0.0,0.0,0.0,0.0,0.0,0.0,-2.004,2.004,0.0,-0.0,0.0,0.0,0.0,0.0,4464.0,-0.0,6932.0,0.0,2.7184303811560617e+23,-107615136.0,2.718428940004181e+23,0.0,0.0,0.0,0.0,69,-4.0668816144241325e+29,-0.0,0.0,0.0,0.0,0.0,0.0,0.0,0.0,0,0,0,0.0,0.0,0.0,0.0,0.0,0.0,0.0,0.0,0.0,0.0,0.0,0.0,0.0,0.0,0.0,0.0,0,-107875648.0,69,0.0,138,0.0,0.0,0,0,17087,52429,17103,26215,17083,0,0,0,70,68,100,-0.0,82.4,-107615456.0,78.3,-0.0,79.0,1,49,50,180,26215,39322,0,0,0.0,0.0,0.0,0.0,-0.0,67.0,0.0,162057.094,0.0,982,0,1013,0,0,0,955,0,1039,0,937,0,793,0,784,0,823,0,7520,0.032,2.524898095088995e+20,0.0,0.0,784,16797,-0.0,162057.094,-114818.039,-0.0,0.133,6.909358625270745e+28,30.0,70.0,35,0.0,0.0,0.0,0.0,0.0,0.0,0.0,0.0,0.0,0.0,0.0,0.0,0.0,0.0,0.0,0.0,66.0,0,150,71,52,65476,0,300,0,0,8,20529,65476,0,0,44564,70.0,0.0,0.0,0.0,0.0,0.0
2026-09-10T21:11:58,ERR,ERR,ERR,ERR,ERR,ERR,ERR,ERR,ERR,ERR,ERR,ERR,ERR,ERR,ERR,ERR,ERR,ERR,ERR,ERR,ERR,ERR,ERR,ERR,ERR,ERR,ERR,ERR,ERR,ERR,ERR,ERR,ERR,ERR,ERR,ERR,ERR,ERR,ERR,ERR,ERR,ERR,ERR,ERR,ERR,ERR,ERR,ERR,ERR,ERR,ERR,ERR,ERR,ERR,ERR,ERR,ERR,ERR,ERR,ERR,ERR,ERR,ERR,ERR,ERR,ERR,ERR,ERR,ERR,ERR,ERR,ERR,ERR,ERR,ERR,ERR,ERR,ERR,ERR,ERR,ERR,ERR,ERR,ERR,ERR,ERR,ERR,ERR,ERR,ERR,ERR,ERR,ERR,ERR,ERR,ERR,ERR,ERR,ERR,ERR,ERR,ERR,ERR,ERR,ERR,ERR,ERR,ERR,ERR,ERR,ERR,ERR,ERR,ERR,ERR,ERR,ERR,ERR,ERR,ERR,ERR,ERR,ERR,ERR,ERR,0.0,2.7184303811560617e+23,-100794720.0,0.0,0.0,1.3936040501711995e+18,7.805,0.0,0,0,4,0,7116,0.0,100,0.0,0.0,0.0,0.0,0.0,0,0,0,0,0.0,0,0,0,0,0,0,0,0,0,0,0,0,0,0,0,0,0,0,0,0,0,0,0,0,0,0,0,0,0,0,0,0,0,31,40,40,71,65476,0,300,0,0,8,21553,0.0,-107605600.0,0.0,0.0,0.0,0.0,0.0,0.0,0.0,0.0,0.0,0.0,0.0,0.0,0.0,0.0,0.0,0.0,0.0,0.0,0.0,0.0,-2.004,2.004,0.0,-0.0,0.0,0.0,0.0,0.0,4464.0,-0.0,6932.0,0.0,2.7184303811560617e+23,-107615136.0,2.718428940004181e+23,0.0,0.0,0.0,0.0,69,-4.0668816144241325e+29,-0.0,0.0,0.0,0.0,0.0,0.0,0.0,0.0,0,0,0,0.0,0.0,0.0,0.0,0.0,0.0,0.0,0.0,0.0,0.0,0.0,0.0,0.0,0.0,0.0,0.0,0,-107875648.0,69,0.0,138,0.0,0.0,0,0,17087,52429,17103,26215,17083,0,0,0,70,68,100,-0.0,82.4,-107615456.0,78.3,-0.0,79.0,1,49,50,180,26215,39322,0,0,0.0,0.0,0.0,0.0,-0.0,67.0,0.0,162057.094,0.0,982,0,1013,0,0,0,955,0,1039,0,937,0,793,0,784,0,823,0,7520,0.032,2.524898095088995e+20,0.0,0.0,784,16797,-0.0,162057.094,-114818.039,-0.0,0.133,6.909358625270745e+28,30.0,70.0,35,0.0,0.0,0.0,0.0,0.0,0.0,0.0,0.0,0.0,0.0,0.0,0.0,0.0,0.0,0.0,0.0,66.4,0,150,71,52,65476,0,300,0,0,8,20529,65476,0,0,44564,70.0,0.0,0.0,0.0,0.0,0.0
2026-09-10T21:11:59,ERR,ERR,ERR,ERR,ERR,ERR,ERR,ERR,ERR,ERR,ERR,ERR,ERR,ERR,ERR,ERR,ERR,ERR,ERR,ERR,ERR,ERR,ERR,ERR,ERR,ERR,ERR,ERR,ERR,ERR,ERR,ERR,ERR,ERR,ERR,ERR,ERR,ERR,ERR,ERR,ERR,ERR,ERR,ERR,ERR,ERR,ERR,ERR,ERR,ERR,ERR,ERR,ERR,ERR,ERR,ERR,ERR,ERR,ERR,ERR,ERR,ERR,ERR,ERR,ERR,ERR,ERR,ERR,ERR,ERR,ERR,ERR,ERR,ERR,ERR,ERR,ERR,ERR,ERR,ERR,ERR,ERR,ERR,ERR,ERR,ERR,ERR,ERR,ERR,ERR,ERR,ERR,ERR,ERR,ERR,ERR,ERR,ERR,ERR,ERR,ERR,ERR,ERR,ERR,ERR,ERR,ERR,ERR,ERR,ERR,ERR,ERR,ERR,ERR,ERR,ERR,ERR,ERR,ERR,ERR,ERR,ERR,ERR,ERR,ERR,0.0,2.7184303811560617e+23,-100794720.0,0.0,0.0,1.3936040501711995e+18,7.805,0.0,0,0,4,0,7116,0.0,100,0.0,0.0,0.0,0.0,0.0,0,0,0,0,0.0,0,0,0,0,0,0,0,0,0,0,0,0,0,0,0,0,0,0,0,0,0,0,0,0,0,0,0,0,0,0,0,0,0,31,40,40,71,65476,0,300,0,0,8,21553,0.0,-107605600.0,0.0,0.0,0.0,0.0,0.0,0.0,0.0,0.0,0.0,0.0,0.0,0.0,0.0,0.0,0.0,0.0,0.0,0.0,0.0,0.0,-2.004,2.004,0.0,-0.0,0.0,0.0,0.0,0.0,4464.0,-0.0,6932.0,0.0,2.7184303811560617e+23,-107615136.0,2.718428940004181e+23,0.0,0.0,0.0,0.0,69,-4.0668816144241325e+29,-0.0,0.0,0.0,0.0,0.0,0.0,0.0,0.0,0,0,0,0.0,0.0,0.0,0.0,0.0,0.0,0.0,0.0,0.0,0.0,0.0,0.0,0.0,0.0,0.0,0.0,0,-107875648.0,69,0.0,138,0.0,0.0,0,0,17087,52429,17103,26215,17083,0,0,0,70,68,100,-0.0,82.4,-107615456.0,78.3,-0.0,79.0,1,49,50,180,26215,39322,0,0,0.0,0.0,0.0,0.0,-0.0,67.0,0.0,162057.094,0.0,982,0,1013,0,0,0,955,0,1039,0,937,0,793,0,784,0,823,0,7520,0.032,2.524898095088995e+20,0.0,0.0,784,16797,-0.0,162057.094,-114818.039,-0.0,0.133,6.909358625270745e+28,30.0,70.0,35,0.0,0.0,0.0,0.0,0.0,0.0,0.0,0.0,0.0,0.0,0.0,0.0,0.0,0.0,0.0,0.0,66.4,0,150,71,52,65476,0,300,0,0,8,20529,65476,0,0,44564,70.0,0.0,0.0,0.0,0.0,0.0
2026-09-10T21:12:00,ERR,ERR,ERR,ERR,ERR,ERR,ERR,ERR,ERR,ERR,ERR,ERR,ERR,ERR,ERR,ERR,ERR,ERR,ERR,ERR,ERR,ERR,ERR,ERR,ERR,ERR,ERR,ERR,ERR,ERR,ERR,ERR,ERR,ERR,ERR,ERR,ERR,ERR,ERR,ERR,ERR,ERR,ERR,ERR,ERR,ERR,ERR,ERR,ERR,ERR,ERR,ERR,ERR,ERR,ERR,ERR,ERR,ERR,ERR,ERR,ERR,ERR,ERR,ERR,ERR,ERR,ERR,ERR,ERR,ERR,ERR,ERR,ERR,ERR,ERR,ERR,ERR,ERR,ERR,ERR,ERR,ERR,ERR,ERR,ERR,ERR,ERR,ERR,ERR,ERR,ERR,ERR,ERR,ERR,ERR,ERR,ERR,ERR,ERR,ERR,ERR,ERR,ERR,ERR,ERR,ERR,ERR,ERR,ERR,ERR,ERR,ERR,ERR,ERR,ERR,ERR,ERR,ERR,ERR,ERR,ERR,ERR,ERR,ERR,ERR,0.0,0.0,2.6474835549302285e+23,0.0,0.0,1.3936040501711995e+18,7.805,0.0,0,0,4,0,7116,0.0,100,0.0,0.0,0.0,0.0,0.0,0,0,0,0,0.0,0,0,0,0,0,0,0,0,0,0,0,0,0,0,0,0,0,0,0,0,0,0,0,0,0,0,0,0,0,0,0,0,0,31,40,40,71,65476,0,300,0,0,8,21553,0.0,-107605600.0,0.0,0.0,0.0,0.0,0.0,0.0,0.0,0.0,0.0,0.0,0.0,0.0,0.0,0.0,0.0,0.0,0.0,0.0,0.0,0.0,-2.004,-0.0,0.0,-0.0,0.0,0.0,0.0,0.0,4469.0,-0.0,6934.0,0.0,2.7184303811560617e+23,-107615136.0,2.718428940004181e+23,0.0,0.0,0.0,0.0,69,-5.8480849975795215e+35,-107614608.0,0.0,0.0,0.0,0.0,0.0,0.0,0.0,0,0,0,0.0,0.0,0.0,0.0,0.0,0.0,0.0,0.0,0.0,0.0,0.0,0.0,0.0,0.0,0.0,0.0,0,-107875648.0,69,0.0,138,0.0,0.0,0,0,17087,52429,17103,26215,17083,0,0,0,70,68,100,-0.0,82.4,-107615456.0,78.8,-0.0,79.0,1,49,50,180,26215,39322,0,0,0.0,0.0,0.0,0.0,-0.0,67.0,0.0,162057.094,0.0,982,0,1013,0,0,0,955,0,1039,0,937,0,793,0,784,0,823,0,7520,0.032,2.524898095088995e+20,0.0,0.0,784,16797,-0.0,162057.094,-114818.039,-0.0,0.133,6.909358625270745e+28,30.0,70.0,35,0.0,0.0,0.0,0.0,0.0,0.0,0.0,0.0,0.0,0.0,0.0,0.0,0.0,0.0,0.0,0.0,66.0,0,150,71,52,65476,0,300,0,0,8,20529,65476,0,0,44564,70.0,0.0,0.0,0.0,0.0,0.0
2026-09-10T21:12:01,ERR,ERR,ERR,ERR,ERR,ERR,ERR,ERR,ERR,ERR,ERR,ERR,ERR,ERR,ERR,ERR,ERR,ERR,ERR,ERR,ERR,ERR,ERR,ERR,ERR,ERR,ERR,ERR,ERR,ERR,ERR,ERR,ERR,ERR,ERR,ERR,ERR,ERR,ERR,ERR,ERR,ERR,ERR,ERR,ERR,ERR,ERR,ERR,ERR,ERR,ERR,ERR,ERR,ERR,ERR,ERR,ERR,ERR,ERR,ERR,ERR,ERR,ERR,ERR,ERR,ERR,ERR,ERR,ERR,ERR,ERR,ERR,ERR,ERR,ERR,ERR,ERR,ERR,ERR,ERR,ERR,ERR,ERR,ERR,ERR,ERR,ERR,ERR,ERR,ERR,ERR,ERR,ERR,ERR,ERR,ERR,ERR,ERR,ERR,ERR,ERR,ERR,ERR,ERR,ERR,ERR,ERR,ERR,ERR,ERR,ERR,ERR,ERR,ERR,ERR,ERR,ERR,ERR,ERR,ERR,ERR,ERR,ERR,ERR,ERR,0.0,0.0,2.6474835549302285e+23,0.0,0.0,1.3936040501711995e+18,7.805,0.0,0,0,4,0,7116,0.0,100,0.0,0.0,0.0,0.0,0.0,0,0,0,0,0.0,0,0,0,0,0,0,0,0,0,0,0,0,0,0,0,0,0,0,0,0,0,0,0,0,0,0,0,0,0,0,0,0,0,31,40,40,71,65476,0,300,0,0,8,21553,0.0,-107605600.0,0.0,0.0,0.0,0.0,0.0,0.0,0.0,0.0,0.0,0.0,0.0,0.0,0.0,0.0,0.0,0.0,0.0,0.0,0.0,0.0,-2.004,-0.0,0.0,-0.0,0.0,0.0,0.0,0.0,4469.0,-0.0,6934.0,0.0,2.7184303811560617e+23,-107615136.0,2.718428940004181e+23,0.0,0.0,0.0,0.0,69,-5.8480849975795215e+35,-107614608.0,0.0,0.0,0.0,0.0,0.0,0.0,0.0,0,0,0,0.0,0.0,0.0,0.0,0.0,0.0,0.0,0.0,0.0,0.0,0.0,0.0,0.0,0.0,0.0,0.0,0,-107875648.0,69,0.0,138,0.0,0.0,0,0,17087,52429,17103,26215,17083,0,0,0,70,68,100,-0.0,82.4,-107615456.0,78.8,-0.0,79.0,1,49,50,180,26215,39322,0,0,0.0,0.0,0.0,0.0,-0.0,67.0,0.0,162057.094,0.0,982,0,1013,0,0,0,955,0,1039,0,937,0,793,0,784,0,823,0,7520,0.032,2.524898095088995e+20,0.0,0.0,784,16797,-0.0,162057.094,-114818.039,-0.0,0.133,6.909358625270745e+28,30.0,70.0,35,0.0,0.0,0.0,0.0,0.0,0.0,0.0,0.0,0.0,0.0,0.0,0.0,0.0,0.0,0.0,0.0,66.0,0,150,71,52,65476,0,300,0,0,8,20529,65476,0,0,44564,70.0,0.0,0.0,0.0,0.0,0.0
2026-09-10T21:12:02,ERR,ERR,ERR,ERR,ERR,ERR,ERR,ERR,ERR,ERR,ERR,ERR,ERR,ERR,ERR,ERR,ERR,ERR,ERR,ERR,ERR,ERR,ERR,ERR,ERR,ERR,ERR,ERR,ERR,ERR,ERR,ERR,ERR,ERR,ERR,ERR,ERR,ERR,ERR,ERR,ERR,ERR,ERR,ERR,ERR,ERR,ERR,ERR,ERR,ERR,ERR,ERR,ERR,ERR,ERR,ERR,ERR,ERR,ERR,ERR,ERR,ERR,ERR,ERR,ERR,ERR,ERR,ERR,ERR,ERR,ERR,ERR,ERR,ERR,ERR,ERR,ERR,ERR,ERR,ERR,ERR,ERR,ERR,ERR,ERR,ERR,ERR,ERR,ERR,ERR,ERR,ERR,ERR,ERR,ERR,ERR,ERR,ERR,ERR,ERR,ERR,ERR,ERR,ERR,ERR,ERR,ERR,ERR,ERR,ERR,ERR,ERR,ERR,ERR,ERR,ERR,ERR,ERR,ERR,ERR,ERR,ERR,ERR,ERR,ERR,0.0,0.0,2.6474835549302285e+23,0.0,0.0,1.3936040501711995e+18,7.805,0.0,0,0,4,0,7116,0.0,100,0.0,0.0,0.0,0.0,0.0,0,0,0,0,0.0,0,0,0,0,0,0,0,0,0,0,0,0,0,0,0,0,0,0,0,0,0,0,0,0,0,0,0,0,0,0,0,0,0,31,40,40,71,65476,0,300,0,0,8,21553,0.0,-107605600.0,0.0,0.0,0.0,0.0,0.0,0.0,0.0,0.0,0.0,0.0,0.0,0.0,0.0,0.0,0.0,0.0,0.0,0.0,0.0,0.0,-2.004,-0.0,0.0,-0.0,0.0,0.0,0.0,0.0,4469.0,-0.0,6934.0,0.0,2.7184303811560617e+23,-107615136.0,2.718428940004181e+23,0.0,0.0,0.0,0.0,69,-5.8480849975795215e+35,-107614608.0,0.0,0.0,0.0,0.0,0.0,0.0,0.0,0,0,0,0.0,0.0,0.0,0.0,0.0,0.0,0.0,0.0,0.0,0.0,0.0,0.0,0.0,0.0,0.0,0.0,0,-107875648.0,69,0.0,138,0.0,0.0,0,0,17087,52429,17103,26215,17083,0,0,0,70,68,100,-0.0,82.4,-107615456.0,78.8,-0.0,79.0,1,49,50,180,26215,39322,0,0,0.0,0.0,0.0,0.0,-0.0,67.0,0.0,162057.094,0.0,982,0,1013,0,0,0,955,0,1039,0,937,0,793,0,784,0,823,0,7520,0.032,2.524898095088995e+20,0.0,0.0,784,16797,-0.0,162057.094,-114818.039,-0.0,0.133,6.909358625270745e+28,30.0,70.0,35,0.0,0.0,0.0,0.0,0.0,0.0,0.0,0.0,0.0,0.0,0.0,0.0,0.0,0.0,0.0,0.0,66.0,0,150,71,52,65476,0,300,0,0,8,20529,65476,0,0,44564,70.0,0.0,0.0,0.0,0.0,0.0
2026-09-10T21:12:03,ERR,ERR,ERR,ERR,ERR,ERR,ERR,ERR,ERR,ERR,ERR,ERR,ERR,ERR,ERR,ERR,ERR,ERR,ERR,ERR,ERR,ERR,ERR,ERR,ERR,ERR,ERR,ERR,ERR,ERR,ERR,ERR,ERR,ERR,ERR,ERR,ERR,ERR,ERR,ERR,ERR,ERR,ERR,ERR,ERR,ERR,ERR,ERR,ERR,ERR,ERR,ERR,ERR,ERR,ERR,ERR,ERR,ERR,ERR,ERR,ERR,ERR,ERR,ERR,ERR,ERR,ERR,ERR,ERR,ERR,ERR,ERR,ERR,ERR,ERR,ERR,ERR,ERR,ERR,ERR,ERR,ERR,ERR,ERR,ERR,ERR,ERR,ERR,ERR,ERR,ERR,ERR,ERR,ERR,ERR,ERR,ERR,ERR,ERR,ERR,ERR,ERR,ERR,ERR,ERR,ERR,ERR,ERR,ERR,ERR,ERR,ERR,ERR,ERR,ERR,ERR,ERR,ERR,ERR,ERR,ERR,ERR,ERR,ERR,ERR,0.0,0.0,2.6474835549302285e+23,0.0,0.0,1.3936040501711995e+18,7.805,0.0,0,0,4,0,7116,0.0,100,0.0,0.0,0.0,0.0,0.0,0,0,0,0,0.0,0,0,0,0,0,0,0,0,0,0,0,0,0,0,0,0,0,0,0,0,0,0,0,0,0,0,0,0,0,0,0,0,0,31,40,40,71,65476,0,300,0,0,8,21553,0.0,-107605600.0,0.0,0.0,0.0,0.0,0.0,0.0,0.0,0.0,0.0,0.0,0.0,0.0,0.0,0.0,0.0,0.0,0.0,0.0,0.0,0.0,-2.004,-0.0,0.0,-0.0,0.0,0.0,0.0,0.0,4469.0,-0.0,6934.0,0.0,2.7184303811560617e+23,-107615136.0,2.718428940004181e+23,0.0,0.0,0.0,0.0,69,-5.8480849975795215e+35,-107614608.0,0.0,0.0,0.0,0.0,0.0,0.0,0.0,0,0,0,0.0,0.0,0.0,0.0,0.0,0.0,0.0,0.0,0.0,0.0,0.0,0.0,0.0,0.0,0.0,0.0,0,-107875648.0,69,0.0,138,0.0,0.0,0,0,17087,52429,17103,26215,17083,0,0,0,70,68,100,-0.0,82.4,-107615456.0,78.8,-0.0,79.0,1,49,50,180,26215,39322,0,0,0.0,0.0,0.0,0.0,-0.0,67.0,0.0,162057.094,0.0,982,0,1013,0,0,0,955,0,1039,0,937,0,793,0,784,0,823,0,7520,0.032,2.524898095088995e+20,0.0,0.0,784,16797,-0.0,162057.094,-114818.039,-0.0,0.133,6.909358625270745e+28,30.0,70.0,35,0.0,0.0,0.0,0.0,0.0,0.0,0.0,0.0,0.0,0.0,0.0,0.0,0.0,0.0,0.0,0.0,66.0,0,150,71,52,65476,0,300,0,0,8,20529,65476,0,0,44564,70.0,0.0,0.0,0.0,0.0,0.0
2026-09-10T21:12:04,ERR,ERR,ERR,ERR,ERR,ERR,ERR,ERR,ERR,ERR,ERR,ERR,ERR,ERR,ERR,ERR,ERR,ERR,ERR,ERR,ERR,ERR,ERR,ERR,ERR,ERR,ERR,ERR,ERR,ERR,ERR,ERR,ERR,ERR,ERR,ERR,ERR,ERR,ERR,ERR,ERR,ERR,ERR,ERR,ERR,ERR,ERR,ERR,ERR,ERR,ERR,ERR,ERR,ERR,ERR,ERR,ERR,ERR,ERR,ERR,ERR,ERR,ERR,ERR,ERR,ERR,ERR,ERR,ERR,ERR,ERR,ERR,ERR,ERR,ERR,ERR,ERR,ERR,ERR,ERR,ERR,ERR,ERR,ERR,ERR,ERR,ERR,ERR,ERR,ERR,ERR,ERR,ERR,ERR,ERR,ERR,ERR,ERR,ERR,ERR,ERR,ERR,ERR,ERR,ERR,ERR,ERR,ERR,ERR,ERR,ERR,ERR,ERR,ERR,ERR,ERR,ERR,ERR,ERR,ERR,ERR,ERR,ERR,ERR,ERR,0.0,0.0,2.6474835549302285e+23,0.0,0.0,1.3936040501711995e+18,7.805,0.0,0,0,4,0,7116,0.0,100,0.0,0.0,0.0,0.0,0.0,0,0,0,0,0.0,0,0,0,0,0,0,0,0,0,0,0,0,0,0,0,0,0,0,0,0,0,0,0,0,0,0,0,0,0,0,0,0,0,31,40,40,71,65476,0,300,0,0,8,21553,0.0,-107605600.0,0.0,0.0,0.0,0.0,0.0,0.0,0.0,0.0,0.0,0.0,0.0,0.0,0.0,0.0,0.0,0.0,0.0,0.0,0.0,0.0,-2.004,-0.0,0.0,-0.0,0.0,0.0,0.0,0.0,4469.0,-0.0,6934.0,0.0,2.7184303811560617e+23,-107615136.0,2.718428940004181e+23,0.0,0.0,0.0,0.0,69,-5.8480849975795215e+35,-107614608.0,0.0,0.0,0.0,0.0,0.0,0.0,0.0,0,0,0,0.0,0.0,0.0,0.0,0.0,0.0,0.0,0.0,0.0,0.0,0.0,0.0,0.0,0.0,0.0,0.0,0,-107875648.0,69,0.0,138,0.0,0.0,0,0,17087,52429,17103,26215,17083,0,0,0,70,68,100,-0.0,82.4,-107615456.0,78.8,-0.0,79.0,1,49,50,180,26215,39322,0,0,0.0,0.0,0.0,0.0,-0.0,67.0,0.0,162057.094,0.0,982,0,1013,0,0,0,955,0,1039,0,937,0,793,0,784,0,823,0,7520,0.032,2.524898095088995e+20,0.0,0.0,784,16797,-0.0,162057.094,-114818.039,-0.0,0.133,6.909358625270745e+28,30.0,70.0,35,0.0,0.0,0.0,0.0,0.0,0.0,0.0,0.0,0.0,0.0,0.0,0.0,0.0,0.0,0.0,0.0,66.0,0,150,71,52,65476,0,300,0,0,8,20529,65476,0,0,44564,70.0,0.0,0.0,0.0,0.0,0.0
2026-09-10T21:12:05,ERR,ERR,ERR,ERR,ERR,ERR,ERR,ERR,ERR,ERR,ERR,ERR,ERR,ERR,ERR,ERR,ERR,ERR,ERR,ERR,ERR,ERR,ERR,ERR,ERR,ERR,ERR,ERR,ERR,ERR,ERR,ERR,ERR,ERR,ERR,ERR,ERR,ERR,ERR,ERR,ERR,ERR,ERR,ERR,ERR,ERR,ERR,ERR,ERR,ERR,ERR,ERR,ERR,ERR,ERR,ERR,ERR,ERR,ERR,ERR,ERR,ERR,ERR,ERR,ERR,ERR,ERR,ERR,ERR,ERR,ERR,ERR,ERR,ERR,ERR,ERR,ERR,ERR,ERR,ERR,ERR,ERR,ERR,ERR,ERR,ERR,ERR,ERR,ERR,ERR,ERR,ERR,ERR,ERR,ERR,ERR,ERR,ERR,ERR,ERR,ERR,ERR,ERR,ERR,ERR,ERR,ERR,ERR,ERR,ERR,ERR,ERR,ERR,ERR,ERR,ERR,ERR,ERR,ERR,ERR,ERR,ERR,ERR,ERR,ERR,0.0,0.0,2.6474835549302285e+23,0.0,0.0,1.3936040501711995e+18,7.805,0.0,0,0,4,0,7116,0.0,100,0.0,0.0,0.0,0.0,0.0,0,0,0,0,0.0,0,0,0,0,0,0,0,0,0,0,0,0,0,0,0,0,0,0,0,0,0,0,0,0,0,0,0,0,0,0,0,0,0,31,40,40,71,65476,0,300,0,0,8,21553,0.0,-107605600.0,0.0,0.0,0.0,0.0,0.0,0.0,0.0,0.0,0.0,0.0,0.0,0.0,0.0,0.0,0.0,0.0,0.0,0.0,0.0,0.0,-2.004,-0.0,0.0,-0.0,0.0,0.0,0.0,0.0,4469.0,-0.0,6934.0,0.0,2.7184303811560617e+23,-107615136.0,2.718428940004181e+23,0.0,0.0,0.0,0.0,69,-5.8480849975795215e+35,-107614608.0,0.0,0.0,0.0,0.0,0.0,0.0,0.0,0,0,0,0.0,0.0,0.0,0.0,0.0,0.0,0.0,0.0,0.0,0.0,0.0,0.0,0.0,0.0,0.0,0.0,0,-107875648.0,69,0.0,138,0.0,0.0,0,0,17087,52429,17103,26215,17083,0,0,0,70,68,100,-0.0,82.4,-107615456.0,78.8,-0.0,79.0,1,49,50,180,26215,39322,0,0,0.0,0.0,0.0,0.0,-0.0,67.0,0.0,162057.094,0.0,982,0,1013,0,0,0,955,0,1039,0,937,0,793,0,784,0,823,0,7520,0.032,2.524898095088995e+20,0.0,0.0,784,16797,-0.0,162057.094,-114818.039,-0.0,0.133,6.909358625270745e+28,30.0,70.0,35,0.0,0.0,0.0,0.0,0.0,0.0,0.0,0.0,0.0,0.0,0.0,0.0,0.0,0.0,0.0,0.0,66.0,0,150,71,52,65476,0,300,0,0,8,20529,65476,0,0,44564,70.0,0.0,0.0,0.0,0.0,0.0
2026-09-10T21:12:06,ERR,ERR,ERR,ERR,ERR,ERR,ERR,ERR,ERR,ERR,ERR,ERR,ERR,ERR,ERR,ERR,ERR,ERR,ERR,ERR,ERR,ERR,ERR,ERR,ERR,ERR,ERR,ERR,ERR,ERR,ERR,ERR,ERR,ERR,ERR,ERR,ERR,ERR,ERR,ERR,ERR,ERR,ERR,ERR,ERR,ERR,ERR,ERR,ERR,ERR,ERR,ERR,ERR,ERR,ERR,ERR,ERR,ERR,ERR,ERR,ERR,ERR,ERR,ERR,ERR,ERR,ERR,ERR,ERR,ERR,ERR,ERR,ERR,ERR,ERR,ERR,ERR,ERR,ERR,ERR,ERR,ERR,ERR,ERR,ERR,ERR,ERR,ERR,ERR,ERR,ERR,ERR,ERR,ERR,ERR,ERR,ERR,ERR,ERR,ERR,ERR,ERR,ERR,ERR,ERR,ERR,ERR,ERR,ERR,ERR,ERR,ERR,ERR,ERR,ERR,ERR,ERR,ERR,ERR,ERR,ERR,ERR,ERR,ERR,ERR,0.0,0.0,2.6474835549302285e+23,0.0,0.0,1.3936040501711995e+18,7.805,0.0,0,0,4,0,7116,0.0,100,0.0,0.0,0.0,0.0,0.0,0,0,0,0,0.0,0,0,0,0,0,0,0,0,0,0,0,0,0,0,0,0,0,0,0,0,0,0,0,0,0,0,0,0,0,0,0,0,0,31,40,40,71,65476,0,300,0,0,8,21553,0.0,-107605600.0,0.0,0.0,0.0,0.0,0.0,0.0,0.0,0.0,0.0,0.0,0.0,0.0,0.0,0.0,0.0,0.0,0.0,0.0,0.0,0.0,-2.004,-0.0,0.0,-0.0,0.0,0.0,0.0,0.0,4469.0,-0.0,6934.0,0.0,2.7184303811560617e+23,-107615136.0,2.718428940004181e+23,0.0,0.0,0.0,0.0,69,-5.8480849975795215e+35,-107614608.0,0.0,0.0,0.0,0.0,0.0,0.0,0.0,0,0,0,0.0,0.0,0.0,0.0,0.0,0.0,0.0,0.0,0.0,0.0,0.0,0.0,0.0,0.0,0.0,0.0,0,-107875648.0,69,0.0,138,0.0,0.0,0,0,17087,52429,17103,26215,17083,0,0,0,70,68,100,-0.0,82.4,0.0,78.8,-0.0,79.0,1,49,50,180,26215,39322,0,0,0.0,0.0,0.0,0.0,-0.0,67.0,0.0,162057.094,0.0,982,0,1013,0,0,0,955,0,1039,0,937,0,793,0,784,0,823,0,7520,0.032,2.524898095088995e+20,0.0,0.0,784,16797,-0.0,162057.094,-114818.039,-0.0,0.133,6.909358625270745e+28,30.0,70.0,35,0.0,0.0,0.0,0.0,0.0,0.0,0.0,0.0,0.0,0.0,0.0,0.0,0.0,0.0,0.0,0.0,66.0,0,150,71,52,65476,0,300,0,0,8,20529,65476,0,0,44564,70.0,0.0,0.0,0.0,0.0,0.0
2026-09-10T21:12:07,ERR,ERR,ERR,ERR,ERR,ERR,ERR,ERR,ERR,ERR,ERR,ERR,ERR,ERR,ERR,ERR,ERR,ERR,ERR,ERR,ERR,ERR,ERR,ERR,ERR,ERR,ERR,ERR,ERR,ERR,ERR,ERR,ERR,ERR,ERR,ERR,ERR,ERR,ERR,ERR,ERR,ERR,ERR,ERR,ERR,ERR,ERR,ERR,ERR,ERR,ERR,ERR,ERR,ERR,ERR,ERR,ERR,ERR,ERR,ERR,ERR,ERR,ERR,ERR,ERR,ERR,ERR,ERR,ERR,ERR,ERR,ERR,ERR,ERR,ERR,ERR,ERR,ERR,ERR,ERR,ERR,ERR,ERR,ERR,ERR,ERR,ERR,ERR,ERR,ERR,ERR,ERR,ERR,ERR,ERR,ERR,ERR,ERR,ERR,ERR,ERR,ERR,ERR,ERR,ERR,ERR,ERR,ERR,ERR,ERR,ERR,ERR,ERR,ERR,ERR,ERR,ERR,ERR,ERR,ERR,ERR,ERR,ERR,ERR,ERR,0.0,0.0,2.6474835549302285e+23,0.0,0.0,1.3936040501711995e+18,7.805,0.0,0,0,4,0,7116,0.0,100,0.0,0.0,0.0,0.0,0.0,0,0,0,0,0.0,0,0,0,0,0,0,0,0,0,0,0,0,0,0,0,0,0,0,0,0,0,0,0,0,0,0,0,0,0,0,0,0,0,31,40,40,71,65476,0,300,0,0,8,21553,0.0,-107605600.0,0.0,0.0,0.0,0.0,0.0,0.0,0.0,0.0,0.0,0.0,0.0,0.0,0.0,0.0,0.0,0.0,0.0,0.0,0.0,0.0,-2.004,-0.0,0.0,-0.0,0.0,0.0,0.0,0.0,4469.0,-0.0,6934.0,0.0,2.7184303811560617e+23,-107615136.0,2.718428940004181e+23,0.0,0.0,0.0,0.0,69,-5.8480849975795215e+35,-107614608.0,0.0,0.0,0.0,0.0,0.0,0.0,0.0,0,0,0,0.0,0.0,0.0,0.0,0.0,0.0,0.0,0.0,0.0,0.0,0.0,0.0,0.0,0.0,0.0,0.0,0,-107875648.0,69,0.0,138,0.0,0.0,0,0,17087,52429,17103,26215,17083,0,0,0,70,68,100,-0.0,82.4,0.0,78.8,-0.0,79.0,1,49,50,180,26215,39322,0,0,0.0,0.0,0.0,0.0,-0.0,67.0,0.0,162057.094,0.0,982,0,1013,0,0,0,955,0,1039,0,937,0,793,0,784,0,823,0,7520,0.032,2.524898095088995e+20,0.0,0.0,784,16797,-0.0,162057.094,-114818.039,-0.0,0.133,6.909358625270745e+28,30.0,70.0,35,0.0,0.0,0.0,0.0,0.0,0.0,0.0,0.0,0.0,0.0,0.0,0.0,0.0,0.0,0.0,0.0,66.0,0,150,71,52,65476,0,300,0,0,8,20529,65476,0,0,44564,70.0,0.0,0.0,0.0,0.0,0.0
2026-09-10T21:12:08,ERR,ERR,ERR,ERR,ERR,ERR,ERR,ERR,ERR,ERR,ERR,ERR,ERR,ERR,ERR,ERR,ERR,ERR,ERR,ERR,ERR,ERR,ERR,ERR,ERR,ERR,ERR,ERR,ERR,ERR,ERR,ERR,ERR,ERR,ERR,ERR,ERR,ERR,ERR,ERR,ERR,ERR,ERR,ERR,ERR,ERR,ERR,ERR,ERR,ERR,ERR,ERR,ERR,ERR,ERR,ERR,ERR,ERR,ERR,ERR,ERR,ERR,ERR,ERR,ERR,ERR,ERR,ERR,ERR,ERR,ERR,ERR,ERR,ERR,ERR,ERR,ERR,ERR,ERR,ERR,ERR,ERR,ERR,ERR,ERR,ERR,ERR,ERR,ERR,ERR,ERR,ERR,ERR,ERR,ERR,ERR,ERR,ERR,ERR,ERR,ERR,ERR,ERR,ERR,ERR,ERR,ERR,ERR,ERR,ERR,ERR,ERR,ERR,ERR,ERR,ERR,ERR,ERR,ERR,ERR,ERR,ERR,ERR,ERR,ERR,0.0,0.0,2.6474835549302285e+23,0.0,0.0,1.3936040501711995e+18,7.805,0.0,0,0,4,0,7116,0.0,100,0.0,0.0,0.0,0.0,0.0,0,0,0,0,0.0,0,0,0,0,0,0,0,0,0,0,0,0,0,0,0,0,0,0,0,0,0,0,0,0,0,0,0,0,0,0,0,0,0,31,40,40,71,65476,0,300,0,0,8,21553,0.0,-107605600.0,0.0,0.0,0.0,0.0,0.0,0.0,0.0,0.0,0.0,0.0,0.0,0.0,0.0,0.0,0.0,0.0,0.0,0.0,0.0,0.0,-2.004,2.004,0.0,-0.0,0.0,0.0,0.0,0.0,4465.0,-0.0,6936.0,0.0,0.0,-107615136.0,-0.0,0.0,0.0,0.0,0.0,69,-4.0668816144241325e+29,-2.3088241810607807e+20,0.0,0.0,0.0,0.0,0.0,0.0,0.0,0,0,0,0.0,0.0,0.0,0.0,0.0,0.0,0.0,0.0,0.0,0.0,0.0,0.0,0.0,0.0,0.0,0.0,0,-107875648.0,69,0.0,138,0.0,0.0,0,0,17087,52429,17103,26215,17083,0,0,0,70,68,100,-0.0,82.4,0.0,78.8,-0.0,79.0,1,49,50,180,26215,39322,0,0,0.0,0.0,0.0,0.0,-0.0,67.0,0.0,162057.094,0.0,982,0,1013,0,0,0,955,0,1039,0,937,0,793,0,784,0,823,0,7520,0.032,2.524898095088995e+20,0.0,0.0,784,16797,-0.0,162057.094,-114818.039,-0.0,0.133,6.909358625270745e+28,30.0,70.0,35,0.0,0.0,0.0,0.0,0.0,0.0,0.0,0.0,0.0,0.0,0.0,0.0,0.0,0.0,0.0,0.0,66.0,0,150,71,52,65476,0,300,0,0,8,20529,65476,0,0,44564,70.0,0.0,0.0,0.0,0.0,0.0
2026-09-10T21:12:09,ERR,ERR,ERR,ERR,ERR,ERR,ERR,ERR,ERR,ERR,ERR,ERR,ERR,ERR,ERR,ERR,ERR,ERR,ERR,ERR,ERR,ERR,ERR,ERR,ERR,ERR,ERR,ERR,ERR,ERR,ERR,ERR,ERR,ERR,ERR,ERR,ERR,ERR,ERR,ERR,ERR,ERR,ERR,ERR,ERR,ERR,ERR,ERR,ERR,ERR,ERR,ERR,ERR,ERR,ERR,ERR,ERR,ERR,ERR,ERR,ERR,ERR,ERR,ERR,ERR,ERR,ERR,ERR,ERR,ERR,ERR,ERR,ERR,ERR,ERR,ERR,ERR,ERR,ERR,ERR,ERR,ERR,ERR,ERR,ERR,ERR,ERR,ERR,ERR,ERR,ERR,ERR,ERR,ERR,ERR,ERR,ERR,ERR,ERR,ERR,ERR,ERR,ERR,ERR,ERR,ERR,ERR,ERR,ERR,ERR,ERR,ERR,ERR,ERR,ERR,ERR,ERR,ERR,ERR,ERR,ERR,ERR,ERR,ERR,ERR,0.0,0.0,2.6474835549302285e+23,0.0,0.0,1.3936040501711995e+18,7.805,0.0,0,0,4,0,7116,0.0,100,0.0,0.0,0.0,0.0,0.0,0,0,0,0,0.0,0,0,0,0,0,0,0,0,0,0,0,0,0,0,0,0,0,0,0,0,0,0,0,0,0,0,0,0,0,0,0,0,0,31,40,40,71,65476,0,300,0,0,8,21553,0.0,-107605600.0,0.0,0.0,0.0,0.0,0.0,0.0,0.0,0.0,0.0,0.0,0.0,0.0,0.0,0.0,0.0,0.0,0.0,0.0,0.0,0.0,-2.004,2.004,0.0,-0.0,0.0,0.0,0.0,0.0,4465.0,-0.0,6936.0,0.0,0.0,-107615136.0,-0.0,0.0,0.0,0.0,0.0,69,-4.0668816144241325e+29,-2.3088241810607807e+20,0.0,0.0,0.0,0.0,0.0,0.0,0.0,0,0,0,0.0,0.0,0.0,0.0,0.0,0.0,0.0,0.0,0.0,0.0,0.0,0.0,0.0,0.0,0.0,0.0,0,-107875648.0,69,0.0,138,0.0,0.0,0,0,17087,52429,17103,26215,17083,0,0,0,70,68,100,-0.0,82.4,0.0,78.8,-0.0,79.0,1,49,50,180,26215,39322,0,0,0.0,0.0,0.0,0.0,-0.0,67.0,0.0,162057.094,0.0,982,0,1013,0,0,0,955,0,1039,0,937,0,793,0,784,0,823,0,7520,0.032,2.524898095088995e+20,0.0,0.0,784,16797,-0.0,162057.094,-114818.039,-0.0,0.133,6.909358625270745e+28,30.0,70.0,35,0.0,0.0,0.0,0.0,0.0,0.0,0.0,0.0,0.0,0.0,0.0,0.0,0.0,0.0,0.0,0.0,66.0,0,150,71,52,65476,0,300,0,0,8,20529,65476,0,0,44564,70.0,0.0,0.0,0.0,0.0,0.0
2026-09-10T21:12:10,ERR,ERR,ERR,ERR,ERR,ERR,ERR,ERR,ERR,ERR,ERR,ERR,ERR,ERR,ERR,ERR,ERR,ERR,ERR,ERR,ERR,ERR,ERR,ERR,ERR,ERR,ERR,ERR,ERR,ERR,ERR,ERR,ERR,ERR,ERR,ERR,ERR,ERR,ERR,ERR,ERR,ERR,ERR,ERR,ERR,ERR,ERR,ERR,ERR,ERR,ERR,ERR,ERR,ERR,ERR,ERR,ERR,ERR,ERR,ERR,ERR,ERR,ERR,ERR,ERR,ERR,ERR,ERR,ERR,ERR,ERR,ERR,ERR,ERR,ERR,ERR,ERR,ERR,ERR,ERR,ERR,ERR,ERR,ERR,ERR,ERR,ERR,ERR,ERR,ERR,ERR,ERR,ERR,ERR,ERR,ERR,ERR,ERR,ERR,ERR,ERR,ERR,ERR,ERR,ERR,ERR,ERR,ERR,ERR,ERR,ERR,ERR,ERR,ERR,ERR,ERR,ERR,ERR,ERR,ERR,ERR,ERR,ERR,ERR,ERR,0.0,0.0,2.6474835549302285e+23,0.0,0.0,1.3936040501711995e+18,7.805,0.0,0,0,4,0,7116,0.0,100,0.0,0.0,0.0,0.0,0.0,0,0,0,0,0.0,0,0,0,0,0,0,0,0,0,0,0,0,0,0,0,0,0,0,0,0,0,0,0,0,0,0,0,0,0,0,0,0,0,31,40,40,71,65476,0,300,0,0,8,21553,0.0,-107605600.0,0.0,0.0,0.0,0.0,0.0,0.0,0.0,0.0,0.0,0.0,0.0,0.0,0.0,0.0,0.0,0.0,0.0,0.0,0.0,0.0,-2.004,2.004,0.0,-0.0,0.0,0.0,0.0,0.0,4465.0,-0.0,6936.0,0.0,0.0,-107615136.0,-0.0,0.0,0.0,0.0,0.0,69,-4.0668816144241325e+29,-2.3088241810607807e+20,0.0,0.0,0.0,0.0,0.0,0.0,0.0,0,0,0,0.0,0.0,0.0,0.0,0.0,0.0,0.0,0.0,0.0,0.0,0.0,0.0,0.0,0.0,0.0,0.0,0,-107875648.0,69,0.0,138,0.0,0.0,0,0,17087,52429,17103,26215,17083,0,0,0,70,68,100,-0.0,82.4,0.0,78.8,-0.0,79.0,1,49,50,180,26215,39322,0,0,0.0,0.0,0.0,0.0,-0.0,67.0,0.0,162057.094,0.0,982,0,1013,0,0,0,955,0,1039,0,937,0,793,0,784,0,823,0,7520,0.032,2.524898095088995e+20,0.0,0.0,784,16797,-0.0,162057.094,-114818.039,-0.0,0.133,6.909358625270745e+28,30.0,70.0,35,0.0,0.0,0.0,0.0,0.0,0.0,0.0,0.0,0.0,0.0,0.0,0.0,0.0,0.0,0.0,0.0,66.0,0,150,71,52,65476,0,300,0,0,8,20529,65476,0,0,44564,70.0,0.0,0.0,0.0,0.0,0.0
2026-09-10T21:12:11,ERR,ERR,ERR,ERR,ERR,ERR,ERR,ERR,ERR,ERR,ERR,ERR,ERR,ERR,ERR,ERR,ERR,ERR,ERR,ERR,ERR,ERR,ERR,ERR,ERR,ERR,ERR,ERR,ERR,ERR,ERR,ERR,ERR,ERR,ERR,ERR,ERR,ERR,ERR,ERR,ERR,ERR,ERR,ERR,ERR,ERR,ERR,ERR,ERR,ERR,ERR,ERR,ERR,ERR,ERR,ERR,ERR,ERR,ERR,ERR,ERR,ERR,ERR,ERR,ERR,ERR,ERR,ERR,ERR,ERR,ERR,ERR,ERR,ERR,ERR,ERR,ERR,ERR,ERR,ERR,ERR,ERR,ERR,ERR,ERR,ERR,ERR,ERR,ERR,ERR,ERR,ERR,ERR,ERR,ERR,ERR,ERR,ERR,ERR,ERR,ERR,ERR,ERR,ERR,ERR,ERR,ERR,ERR,ERR,ERR,ERR,ERR,ERR,ERR,ERR,ERR,ERR,ERR,ERR,ERR,ERR,ERR,ERR,ERR,ERR,0.0,0.0,2.6474835549302285e+23,0.0,0.0,1.3936040501711995e+18,7.805,0.0,0,0,4,0,7116,0.0,100,0.0,0.0,0.0,0.0,0.0,0,0,0,0,0.0,0,0,0,0,0,0,0,0,0,0,0,0,0,0,0,0,0,0,0,0,0,0,0,0,0,0,0,0,0,0,0,0,0,31,40,40,71,65476,0,300,0,0,8,21553,0.0,-107605600.0,0.0,0.0,0.0,0.0,0.0,0.0,0.0,0.0,0.0,0.0,0.0,0.0,0.0,0.0,0.0,0.0,0.0,0.0,0.0,0.0,-2.004,2.004,0.0,-0.0,0.0,0.0,0.0,0.0,4465.0,-0.0,6936.0,0.0,0.0,-107615136.0,-0.0,0.0,0.0,0.0,0.0,69,-4.0668816144241325e+29,-2.3088241810607807e+20,0.0,0.0,0.0,0.0,0.0,0.0,0.0,0,0,0,0.0,0.0,0.0,0.0,0.0,0.0,0.0,0.0,0.0,0.0,0.0,0.0,0.0,0.0,0.0,0.0,0,-107875648.0,69,0.0,138,0.0,0.0,0,0,17087,52429,17103,26215,17083,0,0,0,70,68,100,-0.0,82.0,0.0,78.3,-0.0,79.0,1,49,50,180,26215,26215,0,0,0.0,0.0,0.0,0.0,-0.0,67.0,0.0,162057.094,0.0,982,0,1013,0,0,0,955,0,1039,0,936,0,793,0,784,0,823,0,7520,0.032,2.5133688800429264e+20,0.0,0.0,784,16797,-0.0,162057.094,-114818.039,-0.0,0.133,6.909358625270745e+28,30.0,70.0,35,0.0,0.0,0.0,0.0,0.0,0.0,0.0,0.0,0.0,0.0,0.0,0.0,0.0,0.0,0.0,0.0,66.0,0,150,71,52,65476,0,300,0,0,8,20529,65476,0,0,44564,70.0,0.0,0.0,0.0,0.0,0.0
2026-09-10T21:12:12,ERR,ERR,ERR,ERR,ERR,ERR,ERR,ERR,ERR,ERR,ERR,ERR,ERR,ERR,ERR,ERR,ERR,ERR,ERR,ERR,ERR,ERR,ERR,ERR,ERR,ERR,ERR,ERR,ERR,ERR,ERR,ERR,ERR,ERR,ERR,ERR,ERR,ERR,ERR,ERR,ERR,ERR,ERR,ERR,ERR,ERR,ERR,ERR,ERR,ERR,ERR,ERR,ERR,ERR,ERR,ERR,ERR,ERR,ERR,ERR,ERR,ERR,ERR,ERR,ERR,ERR,ERR,ERR,ERR,ERR,ERR,ERR,ERR,ERR,ERR,ERR,ERR,ERR,ERR,ERR,ERR,ERR,ERR,ERR,ERR,ERR,ERR,ERR,ERR,ERR,ERR,ERR,ERR,ERR,ERR,ERR,ERR,ERR,ERR,ERR,ERR,ERR,ERR,ERR,ERR,ERR,ERR,ERR,ERR,ERR,ERR,ERR,ERR,ERR,ERR,ERR,ERR,ERR,ERR,ERR,ERR,ERR,ERR,ERR,ERR,0.0,0.0,2.6474835549302285e+23,0.0,0.0,1.3936040501711995e+18,7.805,0.0,0,0,4,0,7116,0.0,100,0.0,0.0,0.0,0.0,0.0,0,0,0,0,0.0,0,0,0,0,0,0,0,0,0,0,0,0,0,0,0,0,0,0,0,0,0,0,0,0,0,0,0,0,0,0,0,0,0,31,40,40,71,65476,0,300,0,0,8,21553,0.0,-107605600.0,0.0,0.0,0.0,0.0,0.0,0.0,0.0,0.0,0.0,0.0,0.0,0.0,0.0,0.0,0.0,0.0,0.0,0.0,0.0,0.0,-2.004,2.004,0.0,-0.0,0.0,0.0,0.0,0.0,4465.0,-0.0,6936.0,0.0,0.0,-107615136.0,-0.0,0.0,0.0,0.0,0.0,69,-4.0668816144241325e+29,-2.3088241810607807e+20,0.0,0.0,0.0,0.0,0.0,0.0,0.0,0,0,0,0.0,0.0,0.0,0.0,0.0,0.0,0.0,0.0,0.0,0.0,0.0,0.0,0.0,0.0,0.0,0.0,0,-107875648.0,69,0.0,138,0.0,0.0,0,0,17087,52429,17103,26215,17083,0,0,0,70,68,100,-0.0,82.0,0.0,78.3,-0.0,79.0,1,49,50,180,26215,26215,0,0,0.0,0.0,0.0,0.0,-0.0,67.0,0.0,162057.094,0.0,982,0,1013,0,0,0,955,0,1039,0,936,0,793,0,784,0,823,0,7520,0.032,2.5133688800429264e+20,0.0,0.0,784,16797,-0.0,162057.094,-114818.039,-0.0,0.133,6.909358625270745e+28,30.0,70.0,35,0.0,0.0,0.0,0.0,0.0,0.0,0.0,0.0,0.0,0.0,0.0,0.0,0.0,0.0,0.0,0.0,66.0,0,150,71,52,65476,0,300,0,0,8,20529,65476,0,0,44564,70.0,0.0,0.0,0.0,0.0,0.0
2026-09-10T21:12:13,ERR,ERR,ERR,ERR,ERR,ERR,ERR,ERR,ERR,ERR,ERR,ERR,ERR,ERR,ERR,ERR,ERR,ERR,ERR,ERR,ERR,ERR,ERR,ERR,ERR,ERR,ERR,ERR,ERR,ERR,ERR,ERR,ERR,ERR,ERR,ERR,ERR,ERR,ERR,ERR,ERR,ERR,ERR,ERR,ERR,ERR,ERR,ERR,ERR,ERR,ERR,ERR,ERR,ERR,ERR,ERR,ERR,ERR,ERR,ERR,ERR,ERR,ERR,ERR,ERR,ERR,ERR,ERR,ERR,ERR,ERR,ERR,ERR,ERR,ERR,ERR,ERR,ERR,ERR,ERR,ERR,ERR,ERR,ERR,ERR,ERR,ERR,ERR,ERR,ERR,ERR,ERR,ERR,ERR,ERR,ERR,ERR,ERR,ERR,ERR,ERR,ERR,ERR,ERR,ERR,ERR,ERR,ERR,ERR,ERR,ERR,ERR,ERR,ERR,ERR,ERR,ERR,ERR,ERR,ERR,ERR,ERR,ERR,ERR,ERR,0.0,0.0,2.6474835549302285e+23,0.0,0.0,1.3936040501711995e+18,7.805,0.0,0,0,4,0,7116,0.0,100,0.0,0.0,0.0,0.0,0.0,0,0,0,0,0.0,0,0,0,0,0,0,0,0,0,0,0,0,0,0,0,0,0,0,0,0,0,0,0,0,0,0,0,0,0,0,0,0,0,31,40,40,71,65476,0,300,0,0,8,21553,0.0,-107605600.0,0.0,0.0,0.0,0.0,0.0,0.0,0.0,0.0,0.0,0.0,0.0,0.0,0.0,0.0,0.0,0.0,0.0,0.0,0.0,0.0,-2.004,2.004,0.0,-0.0,0.0,0.0,0.0,0.0,4465.0,-0.0,6936.0,0.0,0.0,-107615136.0,-0.0,0.0,0.0,0.0,0.0,69,-4.0668816144241325e+29,-2.3088241810607807e+20,0.0,0.0,0.0,0.0,0.0,0.0,0.0,0,0,0,0.0,0.0,0.0,0.0,0.0,0.0,0.0,0.0,0.0,0.0,0.0,0.0,0.0,0.0,0.0,0.0,0,-107875648.0,69,0.0,138,0.0,0.0,0,0,17087,52429,17103,26215,17083,0,0,0,70,68,100,-0.0,82.0,0.0,78.3,-0.0,79.0,1,49,50,180,26215,26215,0,0,0.0,0.0,0.0,0.0,-0.0,67.0,0.0,162057.094,0.0,982,0,1013,0,0,0,955,0,1039,0,936,0,793,0,784,0,823,0,7520,0.032,2.5133688800429264e+20,0.0,0.0,784,16797,-0.0,162057.094,-114818.039,-0.0,0.133,6.909358625270745e+28,30.0,70.0,35,0.0,0.0,0.0,0.0,0.0,0.0,0.0,0.0,0.0,0.0,0.0,0.0,0.0,0.0,0.0,0.0,66.0,0,150,71,52,65476,0,300,0,0,8,20529,65476,0,0,44564,70.0,0.0,0.0,0.0,0.0,0.0
2026-09-10T21:12:14,ERR,ERR,ERR,ERR,ERR,ERR,ERR,ERR,ERR,ERR,ERR,ERR,ERR,ERR,ERR,ERR,ERR,ERR,ERR,ERR,ERR,ERR,ERR,ERR,ERR,ERR,ERR,ERR,ERR,ERR,ERR,ERR,ERR,ERR,ERR,ERR,ERR,ERR,ERR,ERR,ERR,ERR,ERR,ERR,ERR,ERR,ERR,ERR,ERR,ERR,ERR,ERR,ERR,ERR,ERR,ERR,ERR,ERR,ERR,ERR,ERR,ERR,ERR,ERR,ERR,ERR,ERR,ERR,ERR,ERR,ERR,ERR,ERR,ERR,ERR,ERR,ERR,ERR,ERR,ERR,ERR,ERR,ERR,ERR,ERR,ERR,ERR,ERR,ERR,ERR,ERR,ERR,ERR,ERR,ERR,ERR,ERR,ERR,ERR,ERR,ERR,ERR,ERR,ERR,ERR,ERR,ERR,ERR,ERR,ERR,ERR,ERR,ERR,ERR,ERR,ERR,ERR,ERR,ERR,ERR,ERR,ERR,ERR,ERR,ERR,0.0,2.7184303811560617e+23,-100794720.0,0.0,0.0,1.3936040501711995e+18,7.805,0.0,0,0,4,0,7116,0.0,100,0.0,0.0,0.0,0.0,0.0,0,0,0,0,0.0,0,0,0,0,0,0,0,0,0,0,0,0,0,0,0,0,0,0,0,0,0,0,0,0,0,0,0,0,0,0,0,0,0,31,40,40,71,65476,0,300,0,0,8,21553,0.0,-107605600.0,0.0,0.0,0.0,0.0,0.0,0.0,0.0,0.0,0.0,0.0,0.0,0.0,0.0,0.0,0.0,0.0,0.0,0.0,0.0,0.0,-2.004,-0.0,0.0,-0.0,0.0,0.0,0.0,0.0,4466.0,-2.004,6936.0,0.0,0.0,-107615136.0,2.718428940004181e+23,0.0,0.0,0.0,0.0,69,-4.950430145311814e+32,-2.3088241810607807e+20,0.0,0.0,0.0,0.0,0.0,0.0,0.0,0,0,0,0.0,0.0,0.0,0.0,0.0,0.0,0.0,0.0,0.0,0.0,0.0,0.0,0.0,0.0,0.0,0.0,0,-107875648.0,69,0.0,138,0.0,0.0,0,0,17087,52429,17103,26215,17083,0,0,0,70,68,100,-0.0,82.0,0.0,78.3,-0.0,79.0,1,49,50,180,26215,26215,0,0,0.0,0.0,0.0,0.0,-0.0,67.0,0.0,162057.094,0.0,982,0,1013,0,0,0,955,0,1039,0,936,0,793,0,784,0,823,0,7520,0.032,2.5133688800429264e+20,0.0,0.0,784,16797,-0.0,162057.094,-114818.039,-0.0,0.133,6.909358625270745e+28,30.0,70.0,35,0.0,0.0,0.0,0.0,0.0,0.0,0.0,0.0,0.0,0.0,0.0,0.0,0.0,0.0,0.0,0.0,66.0,0,150,71,52,65476,0,300,0,0,8,20529,65476,0,0,44564,70.0,0.0,0.0,0.0,0.0,0.0
2026-09-10T21:12:15,ERR,ERR,ERR,ERR,ERR,ERR,ERR,ERR,ERR,ERR,ERR,ERR,ERR,ERR,ERR,ERR,ERR,ERR,ERR,ERR,ERR,ERR,ERR,ERR,ERR,ERR,ERR,ERR,ERR,ERR,ERR,ERR,ERR,ERR,ERR,ERR,ERR,ERR,ERR,ERR,ERR,ERR,ERR,ERR,ERR,ERR,ERR,ERR,ERR,ERR,ERR,ERR,ERR,ERR,ERR,ERR,ERR,ERR,ERR,ERR,ERR,ERR,ERR,ERR,ERR,ERR,ERR,ERR,ERR,ERR,ERR,ERR,ERR,ERR,ERR,ERR,ERR,ERR,ERR,ERR,ERR,ERR,ERR,ERR,ERR,ERR,ERR,ERR,ERR,ERR,ERR,ERR,ERR,ERR,ERR,ERR,ERR,ERR,ERR,ERR,ERR,ERR,ERR,ERR,ERR,ERR,ERR,ERR,ERR,ERR,ERR,ERR,ERR,ERR,ERR,ERR,ERR,ERR,ERR,ERR,ERR,ERR,ERR,ERR,ERR,0.0,2.7184303811560617e+23,-100794720.0,0.0,0.0,1.3936040501711995e+18,7.805,0.0,0,0,4,0,7116,0.0,100,0.0,0.0,0.0,0.0,0.0,0,0,0,0,0.0,0,0,0,0,0,0,0,0,0,0,0,0,0,0,0,0,0,0,0,0,0,0,0,0,0,0,0,0,0,0,0,0,0,31,40,40,71,65476,0,300,0,0,8,21553,0.0,-107605600.0,0.0,0.0,0.0,0.0,0.0,0.0,0.0,0.0,0.0,0.0,0.0,0.0,0.0,0.0,0.0,0.0,0.0,0.0,0.0,0.0,-2.004,-0.0,0.0,-0.0,0.0,0.0,0.0,0.0,4466.0,-2.004,6936.0,0.0,0.0,-107615136.0,2.718428940004181e+23,0.0,0.0,0.0,0.0,69,-4.950430145311814e+32,-2.3088241810607807e+20,0.0,0.0,0.0,0.0,0.0,0.0,0.0,0,0,0,0.0,0.0,0.0,0.0,0.0,0.0,0.0,0.0,0.0,0.0,0.0,0.0,0.0,0.0,0.0,0.0,0,-107875648.0,69,0.0,138,0.0,0.0,0,0,17087,52429,17103,26215,17083,0,0,0,70,68,100,-0.0,82.4,0.0,78.8,-0.0,79.0,1,49,50,180,26215,39322,0,0,0.0,0.0,0.0,0.0,-0.0,67.0,0.0,162057.094,0.0,982,0,1013,0,0,0,955,0,1039,0,937,0,793,0,784,0,823,0,7520,0.032,2.501839664996858e+20,0.0,0.0,784,16797,-0.0,162057.094,-114818.039,-0.0,0.133,6.909358625270745e+28,30.0,70.0,35,0.0,0.0,0.0,0.0,0.0,0.0,0.0,0.0,0.0,0.0,0.0,0.0,0.0,0.0,0.0,0.0,66.0,0,150,71,52,65476,0,300,0,0,8,20529,65476,0,0,44564,70.0,0.0,0.0,0.0,0.0,0.0
2026-09-10T21:12:16,ERR,ERR,ERR,ERR,ERR,ERR,ERR,ERR,ERR,ERR,ERR,ERR,ERR,ERR,ERR,ERR,ERR,ERR,ERR,ERR,ERR,ERR,ERR,ERR,ERR,ERR,ERR,ERR,ERR,ERR,ERR,ERR,ERR,ERR,ERR,ERR,ERR,ERR,ERR,ERR,ERR,ERR,ERR,ERR,ERR,ERR,ERR,ERR,ERR,ERR,ERR,ERR,ERR,ERR,ERR,ERR,ERR,ERR,ERR,ERR,ERR,ERR,ERR,ERR,ERR,ERR,ERR,ERR,ERR,ERR,ERR,ERR,ERR,ERR,ERR,ERR,ERR,ERR,ERR,ERR,ERR,ERR,ERR,ERR,ERR,ERR,ERR,ERR,ERR,ERR,ERR,ERR,ERR,ERR,ERR,ERR,ERR,ERR,ERR,ERR,ERR,ERR,ERR,ERR,ERR,ERR,ERR,ERR,ERR,ERR,ERR,ERR,ERR,ERR,ERR,ERR,ERR,ERR,ERR,ERR,ERR,ERR,ERR,ERR,ERR,0.0,2.7184303811560617e+23,-100794720.0,0.0,0.0,1.3936040501711995e+18,7.805,0.0,0,0,4,0,7116,0.0,100,0.0,0.0,0.0,0.0,0.0,0,0,0,0,0.0,0,0,0,0,0,0,0,0,0,0,0,0,0,0,0,0,0,0,0,0,0,0,0,0,0,0,0,0,0,0,0,0,0,31,40,40,71,65476,0,300,0,0,8,21553,0.0,-107605600.0,0.0,0.0,0.0,0.0,0.0,0.0,0.0,0.0,0.0,0.0,0.0,0.0,0.0,0.0,0.0,0.0,0.0,0.0,0.0,0.0,-2.004,-0.0,0.0,-0.0,0.0,0.0,0.0,0.0,4466.0,-2.004,6936.0,0.0,0.0,-107615136.0,2.718428940004181e+23,0.0,0.0,0.0,0.0,69,-4.950430145311814e+32,-2.3088241810607807e+20,0.0,0.0,0.0,0.0,0.0,0.0,0.0,0,0,0,0.0,0.0,0.0,0.0,0.0,0.0,0.0,0.0,0.0,0.0,0.0,0.0,0.0,0.0,0.0,0.0,0,-107875648.0,69,0.0,138,0.0,0.0,0,0,17087,52429,17103,26215,17083,0,0,0,70,68,100,-0.0,82.4,0.0,78.8,-0.0,79.0,1,49,50,180,26215,39322,0,0,0.0,0.0,0.0,0.0,-0.0,67.0,0.0,162057.094,0.0,982,0,1013,0,0,0,955,0,1039,0,937,0,793,0,784,0,823,0,7520,0.032,2.501839664996858e+20,0.0,0.0,784,16797,-0.0,162057.094,-114818.039,-0.0,0.133,6.909358625270745e+28,30.0,70.0,35,0.0,0.0,0.0,0.0,0.0,0.0,0.0,0.0,0.0,0.0,0.0,0.0,0.0,0.0,0.0,0.0,66.0,0,150,71,52,65476,0,300,0,0,8,20529,65476,0,0,44564,70.0,0.0,0.0,0.0,0.0,0.0
2026-09-10T21:12:17,ERR,ERR,ERR,ERR,ERR,ERR,ERR,ERR,ERR,ERR,ERR,ERR,ERR,ERR,ERR,ERR,ERR,ERR,ERR,ERR,ERR,ERR,ERR,ERR,ERR,ERR,ERR,ERR,ERR,ERR,ERR,ERR,ERR,ERR,ERR,ERR,ERR,ERR,ERR,ERR,ERR,ERR,ERR,ERR,ERR,ERR,ERR,ERR,ERR,ERR,ERR,ERR,ERR,ERR,ERR,ERR,ERR,ERR,ERR,ERR,ERR,ERR,ERR,ERR,ERR,ERR,ERR,ERR,ERR,ERR,ERR,ERR,ERR,ERR,ERR,ERR,ERR,ERR,ERR,ERR,ERR,ERR,ERR,ERR,ERR,ERR,ERR,ERR,ERR,ERR,ERR,ERR,ERR,ERR,ERR,ERR,ERR,ERR,ERR,ERR,ERR,ERR,ERR,ERR,ERR,ERR,ERR,ERR,ERR,ERR,ERR,ERR,ERR,ERR,ERR,ERR,ERR,ERR,ERR,ERR,ERR,ERR,ERR,ERR,ERR,0.0,2.7184303811560617e+23,-100794720.0,0.0,0.0,1.3936040501711995e+18,7.805,0.0,0,0,4,0,7116,0.0,100,0.0,0.0,0.0,0.0,0.0,0,0,0,0,0.0,0,0,0,0,0,0,0,0,0,0,0,0,0,0,0,0,0,0,0,0,0,0,0,0,0,0,0,0,0,0,0,0,0,31,40,40,71,65476,0,300,0,0,8,21553,0.0,-107605600.0,0.0,0.0,0.0,0.0,0.0,0.0,0.0,0.0,0.0,0.0,0.0,0.0,0.0,0.0,0.0,0.0,0.0,0.0,0.0,0.0,-2.004,-0.0,0.0,-0.0,0.0,0.0,0.0,0.0,4466.0,-2.004,6936.0,0.0,0.0,-107615136.0,2.718428940004181e+23,0.0,0.0,0.0,0.0,69,-4.950430145311814e+32,-2.3088241810607807e+20,0.0,0.0,0.0,0.0,0.0,0.0,0.0,0,0,0,0.0,0.0,0.0,0.0,0.0,0.0,0.0,0.0,0.0,0.0,0.0,0.0,0.0,0.0,0.0,0.0,0,-107875648.0,69,0.0,138,0.0,0.0,0,0,17087,52429,17103,26215,17083,0,0,0,70,68,100,-0.0,82.4,0.0,78.8,-0.0,79.0,1,49,50,180,26215,39322,0,0,0.0,0.0,0.0,0.0,-0.0,67.0,0.0,162057.094,0.0,982,0,1013,0,0,0,955,0,1039,0,937,0,793,0,784,0,823,0,7520,0.032,2.501839664996858e+20,0.0,0.0,784,16797,-0.0,162057.094,-114818.039,-0.0,0.133,6.909358625270745e+28,30.0,70.0,35,0.0,0.0,0.0,0.0,0.0,0.0,0.0,0.0,0.0,0.0,0.0,0.0,0.0,0.0,0.0,0.0,66.0,0,150,71,52,65476,0,300,0,0,8,20529,65476,0,0,44564,70.0,0.0,0.0,0.0,0.0,0.0
2026-09-10T21:12:18,ERR,ERR,ERR,ERR,ERR,ERR,ERR,ERR,ERR,ERR,ERR,ERR,ERR,ERR,ERR,ERR,ERR,ERR,ERR,ERR,ERR,ERR,ERR,ERR,ERR,ERR,ERR,ERR,ERR,ERR,ERR,ERR,ERR,ERR,ERR,ERR,ERR,ERR,ERR,ERR,ERR,ERR,ERR,ERR,ERR,ERR,ERR,ERR,ERR,ERR,ERR,ERR,ERR,ERR,ERR,ERR,ERR,ERR,ERR,ERR,ERR,ERR,ERR,ERR,ERR,ERR,ERR,ERR,ERR,ERR,ERR,ERR,ERR,ERR,ERR,ERR,ERR,ERR,ERR,ERR,ERR,ERR,ERR,ERR,ERR,ERR,ERR,ERR,ERR,ERR,ERR,ERR,ERR,ERR,ERR,ERR,ERR,ERR,ERR,ERR,ERR,ERR,ERR,ERR,ERR,ERR,ERR,ERR,ERR,ERR,ERR,ERR,ERR,ERR,ERR,ERR,ERR,ERR,ERR,ERR,ERR,ERR,ERR,ERR,ERR,0.0,2.7184303811560617e+23,-100794720.0,0.0,0.0,1.3936040501711995e+18,7.805,0.0,0,0,4,0,7116,0.0,100,0.0,0.0,0.0,0.0,0.0,0,0,0,0,0.0,0,0,0,0,0,0,0,0,0,0,0,0,0,0,0,0,0,0,0,0,0,0,0,0,0,0,0,0,0,0,0,0,0,31,40,40,71,65476,0,300,0,0,8,21553,0.0,-107605600.0,0.0,0.0,0.0,0.0,0.0,0.0,0.0,0.0,0.0,0.0,0.0,0.0,0.0,0.0,0.0,0.0,0.0,0.0,0.0,0.0,-2.004,-0.0,0.0,-0.0,0.0,0.0,0.0,0.0,4466.0,-2.004,6936.0,0.0,0.0,-107615136.0,2.718428940004181e+23,0.0,0.0,0.0,0.0,69,-4.950430145311814e+32,-2.3088241810607807e+20,0.0,0.0,0.0,0.0,0.0,0.0,0.0,0,0,0,0.0,0.0,0.0,0.0,0.0,0.0,0.0,0.0,0.0,0.0,0.0,0.0,0.0,0.0,0.0,0.0,0,-107875648.0,69,0.0,138,0.0,0.0,0,0,17087,52429,17103,26215,17083,0,0,0,70,68,100,-0.0,82.4,0.0,78.8,-0.0,79.0,1,49,50,180,26215,39322,0,0,0.0,0.0,0.0,0.0,-0.0,67.0,0.0,162057.094,0.0,982,0,1013,0,0,0,955,0,1039,0,937,0,793,0,784,0,823,0,7520,0.032,2.501839664996858e+20,0.0,0.0,784,16797,-0.0,162057.094,-114818.039,-0.0,0.133,6.909358625270745e+28,30.0,70.0,35,0.0,0.0,0.0,0.0,0.0,0.0,0.0,0.0,0.0,0.0,0.0,0.0,0.0,0.0,0.0,0.0,66.0,0,150,71,52,65476,0,300,0,0,8,20529,65476,0,0,44564,70.0,0.0,0.0,0.0,0.0,0.0
2026-09-10T21:12:19,ERR,ERR,ERR,ERR,ERR,ERR,ERR,ERR,ERR,ERR,ERR,ERR,ERR,ERR,ERR,ERR,ERR,ERR,ERR,ERR,ERR,ERR,ERR,ERR,ERR,ERR,ERR,ERR,ERR,ERR,ERR,ERR,ERR,ERR,ERR,ERR,ERR,ERR,ERR,ERR,ERR,ERR,ERR,ERR,ERR,ERR,ERR,ERR,ERR,ERR,ERR,ERR,ERR,ERR,ERR,ERR,ERR,ERR,ERR,ERR,ERR,ERR,ERR,ERR,ERR,ERR,ERR,ERR,ERR,ERR,ERR,ERR,ERR,ERR,ERR,ERR,ERR,ERR,ERR,ERR,ERR,ERR,ERR,ERR,ERR,ERR,ERR,ERR,ERR,ERR,ERR,ERR,ERR,ERR,ERR,ERR,ERR,ERR,ERR,ERR,ERR,ERR,ERR,ERR,ERR,ERR,ERR,ERR,ERR,ERR,ERR,ERR,ERR,ERR,ERR,ERR,ERR,ERR,ERR,ERR,ERR,ERR,ERR,ERR,ERR,0.0,2.7184303811560617e+23,-100794720.0,0.0,0.0,1.3936040501711995e+18,7.805,0.0,0,0,4,0,7116,0.0,100,0.0,0.0,0.0,0.0,0.0,0,0,0,0,0.0,0,0,0,0,0,0,0,0,0,0,0,0,0,0,0,0,0,0,0,0,0,0,0,0,0,0,0,0,0,0,0,0,0,31,40,40,71,65476,0,300,0,0,8,21553,0.0,-107605600.0,0.0,0.0,0.0,0.0,0.0,0.0,0.0,0.0,0.0,0.0,0.0,0.0,0.0,0.0,0.0,0.0,0.0,0.0,0.0,0.0,-2.004,-0.0,0.0,-0.0,0.0,0.0,0.0,0.0,4466.0,-2.004,6936.0,0.0,0.0,-107615136.0,2.718428940004181e+23,0.0,0.0,0.0,0.0,69,-4.950430145311814e+32,-2.3088241810607807e+20,0.0,0.0,0.0,0.0,0.0,0.0,0.0,0,0,0,0.0,0.0,0.0,0.0,0.0,0.0,0.0,0.0,0.0,0.0,0.0,0.0,0.0,0.0,0.0,0.0,0,-107875648.0,69,0.0,138,0.0,0.0,0,0,17087,52429,17103,26215,17083,0,0,0,70,68,100,-0.0,82.4,0.0,78.8,-0.0,79.0,1,49,50,180,26215,39322,0,0,0.0,0.0,0.0,0.0,-0.0,67.0,0.0,162057.094,0.0,982,0,1013,0,0,0,955,0,1039,0,937,0,793,0,784,0,823,0,7520,0.032,2.501839664996858e+20,0.0,0.0,784,16797,-0.0,162057.094,-114818.039,-0.0,0.133,6.909358625270745e+28,30.0,70.0,35,0.0,0.0,0.0,0.0,0.0,0.0,0.0,0.0,0.0,0.0,0.0,0.0,0.0,0.0,0.0,0.0,66.0,0,150,71,52,65476,0,300,0,0,8,20529,65476,0,0,44564,70.0,0.0,0.0,0.0,0.0,0.0
2026-09-10T21:12:20,ERR,ERR,ERR,ERR,ERR,ERR,ERR,ERR,ERR,ERR,ERR,ERR,ERR,ERR,ERR,ERR,ERR,ERR,ERR,ERR,ERR,ERR,ERR,ERR,ERR,ERR,ERR,ERR,ERR,ERR,ERR,ERR,ERR,ERR,ERR,ERR,ERR,ERR,ERR,ERR,ERR,ERR,ERR,ERR,ERR,ERR,ERR,ERR,ERR,ERR,ERR,ERR,ERR,ERR,ERR,ERR,ERR,ERR,ERR,ERR,ERR,ERR,ERR,ERR,ERR,ERR,ERR,ERR,ERR,ERR,ERR,ERR,ERR,ERR,ERR,ERR,ERR,ERR,ERR,ERR,ERR,ERR,ERR,ERR,ERR,ERR,ERR,ERR,ERR,ERR,ERR,ERR,ERR,ERR,ERR,ERR,ERR,ERR,ERR,ERR,ERR,ERR,ERR,ERR,ERR,ERR,ERR,ERR,ERR,ERR,ERR,ERR,ERR,ERR,ERR,ERR,ERR,ERR,ERR,ERR,ERR,ERR,ERR,ERR,ERR,0.0,2.7184303811560617e+23,-100794720.0,0.0,0.0,1.3936040501711995e+18,7.805,0.0,0,0,4,0,7116,0.0,100,0.0,0.0,0.0,0.0,0.0,0,0,0,0,0.0,0,0,0,0,0,0,0,0,0,0,0,0,0,0,0,0,0,0,0,0,0,0,0,0,0,0,0,0,0,0,0,0,0,31,40,40,71,65476,0,300,0,0,8,21553,0.0,-107605600.0,0.0,0.0,0.0,0.0,0.0,0.0,0.0,0.0,0.0,0.0,0.0,0.0,0.0,0.0,0.0,0.0,0.0,0.0,0.0,0.0,-2.004,-0.0,0.0,-0.0,0.0,0.0,0.0,0.0,4466.0,-2.004,6936.0,0.0,0.0,-107615136.0,2.718428940004181e+23,0.0,0.0,0.0,0.0,69,-4.950430145311814e+32,-2.3088241810607807e+20,0.0,0.0,0.0,0.0,0.0,0.0,0.0,0,0,0,0.0,0.0,0.0,0.0,0.0,0.0,0.0,0.0,0.0,0.0,0.0,0.0,0.0,0.0,0.0,0.0,0,-107875648.0,69,0.0,138,0.0,0.0,0,0,17087,52429,17103,26215,17083,0,0,0,70,68,100,-0.0,82.4,0.0,78.8,-0.0,79.0,1,49,50,180,26215,39322,0,0,0.0,0.0,0.0,0.0,-0.0,67.0,0.0,162057.094,0.0,982,0,1013,0,0,0,955,0,1039,0,937,0,793,0,784,0,823,0,7520,0.032,2.501839664996858e+20,0.0,0.0,784,16797,-0.0,162057.094,-114818.039,-0.0,0.133,6.909358625270745e+28,30.0,70.0,35,0.0,0.0,0.0,0.0,0.0,0.0,0.0,0.0,0.0,0.0,0.0,0.0,0.0,0.0,0.0,0.0,66.0,0,150,71,52,65476,0,300,0,0,8,20529,65476,0,0,44564,70.0,0.0,0.0,0.0,0.0,0.0
2026-09-10T21:12:21,ERR,ERR,ERR,ERR,ERR,ERR,ERR,ERR,ERR,ERR,ERR,ERR,ERR,ERR,ERR,ERR,ERR,ERR,ERR,ERR,ERR,ERR,ERR,ERR,ERR,ERR,ERR,ERR,ERR,ERR,ERR,ERR,ERR,ERR,ERR,ERR,ERR,ERR,ERR,ERR,ERR,ERR,ERR,ERR,ERR,ERR,ERR,ERR,ERR,ERR,ERR,ERR,ERR,ERR,ERR,ERR,ERR,ERR,ERR,ERR,ERR,ERR,ERR,ERR,ERR,ERR,ERR,ERR,ERR,ERR,ERR,ERR,ERR,ERR,ERR,ERR,ERR,ERR,ERR,ERR,ERR,ERR,ERR,ERR,ERR,ERR,ERR,ERR,ERR,ERR,ERR,ERR,ERR,ERR,ERR,ERR,ERR,ERR,ERR,ERR,ERR,ERR,ERR,ERR,ERR,ERR,ERR,ERR,ERR,ERR,ERR,ERR,ERR,ERR,ERR,ERR,ERR,ERR,ERR,ERR,ERR,ERR,ERR,ERR,ERR,0.0,2.7184303811560617e+23,-100794720.0,0.0,0.0,1.3936040501711995e+18,7.805,0.0,0,0,4,0,7116,0.0,100,0.0,0.0,0.0,0.0,0.0,0,0,0,0,0.0,0,0,0,0,0,0,0,0,0,0,0,0,0,0,0,0,0,0,0,0,0,0,0,0,0,0,0,0,0,0,0,0,0,31,40,40,71,65476,0,300,0,0,8,21553,0.0,-107605600.0,0.0,0.0,0.0,0.0,0.0,0.0,0.0,0.0,0.0,0.0,0.0,0.0,0.0,0.0,0.0,0.0,0.0,0.0,0.0,0.0,-2.004,-0.0,0.0,-0.0,0.0,0.0,0.0,0.0,4466.0,-2.004,6936.0,0.0,0.0,-107615136.0,2.718428940004181e+23,0.0,0.0,0.0,0.0,69,-4.950430145311814e+32,-2.3088241810607807e+20,0.0,0.0,0.0,0.0,0.0,0.0,0.0,0,0,0,0.0,0.0,0.0,0.0,0.0,0.0,0.0,0.0,0.0,0.0,0.0,0.0,0.0,0.0,0.0,0.0,0,-107875648.0,69,0.0,138,0.0,0.0,0,0,17087,52429,17103,26215,17083,0,0,0,70,68,100,-0.0,82.4,-107615456.0,78.3,-0.0,79.0,1,49,50,180,26215,39322,0,0,0.0,0.0,0.0,0.0,-0.0,67.0,0.0,162057.094,0.0,982,0,1013,0,0,0,955,0,1039,0,936,0,793,0,784,0,823,0,7520,0.032,2.501839664996858e+20,0.0,0.0,784,16797,-0.0,162057.094,-114818.039,-0.0,0.133,6.909358625270745e+28,30.0,70.0,35,0.0,0.0,0.0,0.0,0.0,0.0,0.0,0.0,0.0,0.0,0.0,0.0,0.0,0.0,0.0,0.0,66.0,0,150,71,52,65476,0,300,0,0,8,20529,65476,0,0,44564,70.0,0.0,0.0,0.0,0.0,0.0
2026-09-10T21:12:22,ERR,ERR,ERR,ERR,ERR,ERR,ERR,ERR,ERR,ERR,ERR,ERR,ERR,ERR,ERR,ERR,ERR,ERR,ERR,ERR,ERR,ERR,ERR,ERR,ERR,ERR,ERR,ERR,ERR,ERR,ERR,ERR,ERR,ERR,ERR,ERR,ERR,ERR,ERR,ERR,ERR,ERR,ERR,ERR,ERR,ERR,ERR,ERR,ERR,ERR,ERR,ERR,ERR,ERR,ERR,ERR,ERR,ERR,ERR,ERR,ERR,ERR,ERR,ERR,ERR,ERR,ERR,ERR,ERR,ERR,ERR,ERR,ERR,ERR,ERR,ERR,ERR,ERR,ERR,ERR,ERR,ERR,ERR,ERR,ERR,ERR,ERR,ERR,ERR,ERR,ERR,ERR,ERR,ERR,ERR,ERR,ERR,ERR,ERR,ERR,ERR,ERR,ERR,ERR,ERR,ERR,ERR,ERR,ERR,ERR,ERR,ERR,ERR,ERR,ERR,ERR,ERR,ERR,ERR,ERR,ERR,ERR,ERR,ERR,ERR,0.0,2.7184303811560617e+23,-100794720.0,0.0,0.0,1.3936040501711995e+18,7.805,0.0,0,0,4,0,7116,0.0,100,0.0,0.0,0.0,0.0,0.0,0,0,0,0,0.0,0,0,0,0,0,0,0,0,0,0,0,0,0,0,0,0,0,0,0,0,0,0,0,0,0,0,0,0,0,0,0,0,0,31,40,40,71,65476,0,300,0,0,8,21553,0.0,-107605600.0,0.0,0.0,0.0,0.0,0.0,0.0,0.0,0.0,0.0,0.0,0.0,0.0,0.0,0.0,0.0,0.0,0.0,0.0,0.0,0.0,-2.004,2.004,0.0,-0.0,0.0,0.0,0.0,0.0,4465.0,-0.0,6932.0,0.0,2.7184303811560617e+23,-107615136.0,2.718428940004181e+23,0.0,0.0,0.0,0.0,69,-1.905698635870372e+17,-0.0,0.0,0.0,0.0,0.0,0.0,0.0,0.0,0,0,0,0.0,0.0,0.0,0.0,0.0,0.0,0.0,0.0,0.0,0.0,0.0,0.0,0.0,0.0,0.0,0.0,0,-107875648.0,69,0.0,138,0.0,0.0,0,0,17087,52429,17103,26215,17083,0,0,0,70,68,100,-0.0,82.4,-107615456.0,78.3,-0.0,79.0,1,49,50,180,26215,39322,0,0,0.0,0.0,0.0,0.0,-0.0,67.0,0.0,162057.094,0.0,982,0,1013,0,0,0,955,0,1039,0,936,0,793,0,784,0,823,0,7520,0.032,2.501839664996858e+20,0.0,0.0,784,16797,-0.0,162057.094,-114818.039,-0.0,0.133,6.909358625270745e+28,30.0,70.0,35,0.0,0.0,0.0,0.0,0.0,0.0,0.0,0.0,0.0,0.0,0.0,0.0,0.0,0.0,0.0,0.0,66.0,0,150,71,52,65476,0,300,0,0,8,20529,65476,0,0,44564,70.0,0.0,0.0,0.0,0.0,0.0
2026-09-10T21:12:23,ERR,ERR,ERR,ERR,ERR,ERR,ERR,ERR,ERR,ERR,ERR,ERR,ERR,ERR,ERR,ERR,ERR,ERR,ERR,ERR,ERR,ERR,ERR,ERR,ERR,ERR,ERR,ERR,ERR,ERR,ERR,ERR,ERR,ERR,ERR,ERR,ERR,ERR,ERR,ERR,ERR,ERR,ERR,ERR,ERR,ERR,ERR,ERR,ERR,ERR,ERR,ERR,ERR,ERR,ERR,ERR,ERR,ERR,ERR,ERR,ERR,ERR,ERR,ERR,ERR,ERR,ERR,ERR,ERR,ERR,ERR,ERR,ERR,ERR,ERR,ERR,ERR,ERR,ERR,ERR,ERR,ERR,ERR,ERR,ERR,ERR,ERR,ERR,ERR,ERR,ERR,ERR,ERR,ERR,ERR,ERR,ERR,ERR,ERR,ERR,ERR,ERR,ERR,ERR,ERR,ERR,ERR,ERR,ERR,ERR,ERR,ERR,ERR,ERR,ERR,ERR,ERR,ERR,ERR,ERR,ERR,ERR,ERR,ERR,ERR,0.0,2.7184303811560617e+23,-100794720.0,0.0,0.0,1.3936040501711995e+18,7.805,0.0,0,0,4,0,7116,0.0,100,0.0,0.0,0.0,0.0,0.0,0,0,0,0,0.0,0,0,0,0,0,0,0,0,0,0,0,0,0,0,0,0,0,0,0,0,0,0,0,0,0,0,0,0,0,0,0,0,0,31,40,40,71,65476,0,300,0,0,8,21553,0.0,-107605600.0,0.0,0.0,0.0,0.0,0.0,0.0,0.0,0.0,0.0,0.0,0.0,0.0,0.0,0.0,0.0,0.0,0.0,0.0,0.0,0.0,-2.004,2.004,0.0,-0.0,0.0,0.0,0.0,0.0,4465.0,-0.0,6932.0,0.0,2.7184303811560617e+23,-107615136.0,2.718428940004181e+23,0.0,0.0,0.0,0.0,69,-1.905698635870372e+17,-0.0,0.0,0.0,0.0,0.0,0.0,0.0,0.0,0,0,0,0.0,0.0,0.0,0.0,0.0,0.0,0.0,0.0,0.0,0.0,0.0,0.0,0.0,0.0,0.0,0.0,0,-107875648.0,69,0.0,138,0.0,0.0,0,0,17087,52429,17103,26215,17083,0,0,0,70,68,100,-0.0,82.4,-107615456.0,78.3,-0.0,79.0,1,49,50,180,26215,39322,0,0,0.0,0.0,0.0,0.0,-0.0,67.0,0.0,162057.094,0.0,982,0,1013,0,0,0,955,0,1039,0,936,0,793,0,784,0,823,0,7520,0.032,2.501839664996858e+20,0.0,0.0,784,16797,-0.0,162057.094,-114818.039,-0.0,0.133,6.909358625270745e+28,30.0,70.0,35,0.0,0.0,0.0,0.0,0.0,0.0,0.0,0.0,0.0,0.0,0.0,0.0,0.0,0.0,0.0,0.0,66.0,0,150,71,52,65476,0,300,0,0,8,20529,65476,0,0,44564,70.0,0.0,0.0,0.0,0.0,0.0
2026-09-10T21:12:24,ERR,ERR,ERR,ERR,ERR,ERR,ERR,ERR,ERR,ERR,ERR,ERR,ERR,ERR,ERR,ERR,ERR,ERR,ERR,ERR,ERR,ERR,ERR,ERR,ERR,ERR,ERR,ERR,ERR,ERR,ERR,ERR,ERR,ERR,ERR,ERR,ERR,ERR,ERR,ERR,ERR,ERR,ERR,ERR,ERR,ERR,ERR,ERR,ERR,ERR,ERR,ERR,ERR,ERR,ERR,ERR,ERR,ERR,ERR,ERR,ERR,ERR,ERR,ERR,ERR,ERR,ERR,ERR,ERR,ERR,ERR,ERR,ERR,ERR,ERR,ERR,ERR,ERR,ERR,ERR,ERR,ERR,ERR,ERR,ERR,ERR,ERR,ERR,ERR,ERR,ERR,ERR,ERR,ERR,ERR,ERR,ERR,ERR,ERR,ERR,ERR,ERR,ERR,ERR,ERR,ERR,ERR,ERR,ERR,ERR,ERR,ERR,ERR,ERR,ERR,ERR,ERR,ERR,ERR,ERR,ERR,ERR,ERR,ERR,ERR,0.0,2.7184303811560617e+23,-100794720.0,0.0,0.0,1.3936040501711995e+18,7.805,0.0,0,0,4,0,7116,0.0,100,0.0,0.0,0.0,0.0,0.0,0,0,0,0,0.0,0,0,0,0,0,0,0,0,0,0,0,0,0,0,0,0,0,0,0,0,0,0,0,0,0,0,0,0,0,0,0,0,0,31,40,40,71,65476,0,300,0,0,8,21553,0.0,-107605600.0,0.0,0.0,0.0,0.0,0.0,0.0,0.0,0.0,0.0,0.0,0.0,0.0,0.0,0.0,0.0,0.0,0.0,0.0,0.0,0.0,-2.004,2.004,0.0,-0.0,0.0,0.0,0.0,0.0,4465.0,-0.0,6932.0,0.0,2.7184303811560617e+23,-107615136.0,2.718428940004181e+23,0.0,0.0,0.0,0.0,69,-1.905698635870372e+17,-0.0,0.0,0.0,0.0,0.0,0.0,0.0,0.0,0,0,0,0.0,0.0,0.0,0.0,0.0,0.0,0.0,0.0,0.0,0.0,0.0,0.0,0.0,0.0,0.0,0.0,0,-107875648.0,69,0.0,138,0.0,0.0,0,0,17087,52429,17103,26215,17083,0,0,0,70,68,100,-0.0,82.4,-107615456.0,78.3,-0.0,79.0,1,49,50,180,26215,39322,0,0,0.0,0.0,0.0,0.0,-0.0,67.0,0.0,162057.094,0.0,982,0,1013,0,0,0,955,0,1039,0,936,0,793,0,784,0,823,0,7520,0.032,2.501839664996858e+20,0.0,0.0,784,16797,-0.0,162057.094,-114818.039,-0.0,0.133,6.909358625270745e+28,30.0,70.0,35,0.0,0.0,0.0,0.0,0.0,0.0,0.0,0.0,0.0,0.0,0.0,0.0,0.0,0.0,0.0,0.0,66.0,0,150,71,52,65476,0,300,0,0,8,20529,65476,0,0,44564,70.0,0.0,0.0,0.0,0.0,0.0
2026-09-10T21:12:25,ERR,ERR,ERR,ERR,ERR,ERR,ERR,ERR,ERR,ERR,ERR,ERR,ERR,ERR,ERR,ERR,ERR,ERR,ERR,ERR,ERR,ERR,ERR,ERR,ERR,ERR,ERR,ERR,ERR,ERR,ERR,ERR,ERR,ERR,ERR,ERR,ERR,ERR,ERR,ERR,ERR,ERR,ERR,ERR,ERR,ERR,ERR,ERR,ERR,ERR,ERR,ERR,ERR,ERR,ERR,ERR,ERR,ERR,ERR,ERR,ERR,ERR,ERR,ERR,ERR,ERR,ERR,ERR,ERR,ERR,ERR,ERR,ERR,ERR,ERR,ERR,ERR,ERR,ERR,ERR,ERR,ERR,ERR,ERR,ERR,ERR,ERR,ERR,ERR,ERR,ERR,ERR,ERR,ERR,ERR,ERR,ERR,ERR,ERR,ERR,ERR,ERR,ERR,ERR,ERR,ERR,ERR,ERR,ERR,ERR,ERR,ERR,ERR,ERR,ERR,ERR,ERR,ERR,ERR,ERR,ERR,ERR,ERR,ERR,ERR,0.0,2.7184303811560617e+23,-100794720.0,0.0,0.0,1.3936040501711995e+18,7.805,0.0,0,0,4,0,7116,0.0,100,0.0,0.0,0.0,0.0,0.0,0,0,0,0,0.0,0,0,0,0,0,0,0,0,0,0,0,0,0,0,0,0,0,0,0,0,0,0,0,0,0,0,0,0,0,0,0,0,0,31,40,40,71,65476,0,300,0,0,8,21553,0.0,-107605600.0,0.0,0.0,0.0,0.0,0.0,0.0,0.0,0.0,0.0,0.0,0.0,0.0,0.0,0.0,0.0,0.0,0.0,0.0,0.0,0.0,-2.004,2.004,0.0,-0.0,0.0,0.0,0.0,0.0,4465.0,-0.0,6932.0,0.0,2.7184303811560617e+23,-107615136.0,2.718428940004181e+23,0.0,0.0,0.0,0.0,69,-1.905698635870372e+17,-0.0,0.0,0.0,0.0,0.0,0.0,0.0,0.0,0,0,0,0.0,0.0,0.0,0.0,0.0,0.0,0.0,0.0,0.0,0.0,0.0,0.0,0.0,0.0,0.0,0.0,0,-107875648.0,69,0.0,138,0.0,0.0,0,0,17087,52429,17103,26215,17083,0,0,0,70,68,100,-0.0,82.4,-107615456.0,78.3,-0.0,79.0,1,49,50,180,26215,39322,0,0,0.0,0.0,0.0,0.0,-0.0,67.0,0.0,162057.094,0.0,982,0,1013,0,0,0,955,0,1039,0,936,0,793,0,784,0,823,0,7520,0.032,2.501839664996858e+20,0.0,0.0,784,16797,-0.0,162057.094,-114818.039,-0.0,0.133,6.909358625270745e+28,30.0,70.0,35,0.0,0.0,0.0,0.0,0.0,0.0,0.0,0.0,0.0,0.0,0.0,0.0,0.0,0.0,0.0,0.0,66.0,0,150,71,52,65476,0,300,0,0,8,20529,65476,0,0,44564,70.0,0.0,0.0,0.0,0.0,0.0
2026-09-10T21:12:26,ERR,ERR,ERR,ERR,ERR,ERR,ERR,ERR,ERR,ERR,ERR,ERR,ERR,ERR,ERR,ERR,ERR,ERR,ERR,ERR,ERR,ERR,ERR,ERR,ERR,ERR,ERR,ERR,ERR,ERR,ERR,ERR,ERR,ERR,ERR,ERR,ERR,ERR,ERR,ERR,ERR,ERR,ERR,ERR,ERR,ERR,ERR,ERR,ERR,ERR,ERR,ERR,ERR,ERR,ERR,ERR,ERR,ERR,ERR,ERR,ERR,ERR,ERR,ERR,ERR,ERR,ERR,ERR,ERR,ERR,ERR,ERR,ERR,ERR,ERR,ERR,ERR,ERR,ERR,ERR,ERR,ERR,ERR,ERR,ERR,ERR,ERR,ERR,ERR,ERR,ERR,ERR,ERR,ERR,ERR,ERR,ERR,ERR,ERR,ERR,ERR,ERR,ERR,ERR,ERR,ERR,ERR,ERR,ERR,ERR,ERR,ERR,ERR,ERR,ERR,ERR,ERR,ERR,ERR,ERR,ERR,ERR,ERR,ERR,ERR,0.0,2.7184303811560617e+23,-100794720.0,0.0,0.0,1.3936040501711995e+18,7.805,0.0,0,0,4,0,7116,0.0,100,0.0,0.0,0.0,0.0,0.0,0,0,0,0,0.0,0,0,0,0,0,0,0,0,0,0,0,0,0,0,0,0,0,0,0,0,0,0,0,0,0,0,0,0,0,0,0,0,0,31,40,40,71,65476,0,300,0,0,8,21553,0.0,-107605600.0,0.0,0.0,0.0,0.0,0.0,0.0,0.0,0.0,0.0,0.0,0.0,0.0,0.0,0.0,0.0,0.0,0.0,0.0,0.0,0.0,-2.004,2.004,0.0,-0.0,0.0,0.0,0.0,0.0,4465.0,-0.0,6932.0,0.0,2.7184303811560617e+23,-107615136.0,2.718428940004181e+23,0.0,0.0,0.0,0.0,69,-1.905698635870372e+17,-0.0,0.0,0.0,0.0,0.0,0.0,0.0,0.0,0,0,0,0.0,0.0,0.0,0.0,0.0,0.0,0.0,0.0,0.0,0.0,0.0,0.0,0.0,0.0,0.0,0.0,0,-107875648.0,69,0.0,138,0.0,0.0,0,0,17087,52429,17103,26215,17083,0,0,0,70,68,100,-0.0,82.4,-107615456.0,78.3,-0.0,79.0,1,49,50,180,26215,39322,0,0,0.0,0.0,0.0,0.0,-0.0,67.0,0.0,162057.094,0.0,982,0,1013,0,0,0,955,0,1039,0,936,0,793,0,784,0,823,0,7520,0.032,2.501839664996858e+20,0.0,0.0,784,16797,-0.0,162057.094,-114818.039,-0.0,0.133,6.909358625270745e+28,30.0,70.0,35,0.0,0.0,0.0,0.0,0.0,0.0,0.0,0.0,0.0,0.0,0.0,0.0,0.0,0.0,0.0,0.0,66.0,0,150,71,52,65476,0,300,0,0,8,20529,65476,0,0,44564,70.0,0.0,0.0,0.0,0.0,0.0
2026-09-10T21:12:27,ERR,ERR,ERR,ERR,ERR,ERR,ERR,ERR,ERR,ERR,ERR,ERR,ERR,ERR,ERR,ERR,ERR,ERR,ERR,ERR,ERR,ERR,ERR,ERR,ERR,ERR,ERR,ERR,ERR,ERR,ERR,ERR,ERR,ERR,ERR,ERR,ERR,ERR,ERR,ERR,ERR,ERR,ERR,ERR,ERR,ERR,ERR,ERR,ERR,ERR,ERR,ERR,ERR,ERR,ERR,ERR,ERR,ERR,ERR,ERR,ERR,ERR,ERR,ERR,ERR,ERR,ERR,ERR,ERR,ERR,ERR,ERR,ERR,ERR,ERR,ERR,ERR,ERR,ERR,ERR,ERR,ERR,ERR,ERR,ERR,ERR,ERR,ERR,ERR,ERR,ERR,ERR,ERR,ERR,ERR,ERR,ERR,ERR,ERR,ERR,ERR,ERR,ERR,ERR,ERR,ERR,ERR,ERR,ERR,ERR,ERR,ERR,ERR,ERR,ERR,ERR,ERR,ERR,ERR,ERR,ERR,ERR,ERR,ERR,ERR,0.0,2.7184303811560617e+23,-100794720.0,0.0,0.0,1.3936040501711995e+18,7.805,0.0,0,0,4,0,7116,0.0,100,0.0,0.0,0.0,0.0,0.0,0,0,0,0,0.0,0,0,0,0,0,0,0,0,0,0,0,0,0,0,0,0,0,0,0,0,0,0,0,0,0,0,0,0,0,0,0,0,0,31,40,40,71,65476,0,300,0,0,8,21553,0.0,-107605600.0,0.0,0.0,0.0,0.0,0.0,0.0,0.0,0.0,0.0,0.0,0.0,0.0,0.0,0.0,0.0,0.0,0.0,0.0,0.0,0.0,-2.004,2.004,0.0,-0.0,0.0,0.0,0.0,0.0,4465.0,-0.0,6932.0,0.0,2.7184303811560617e+23,-107615136.0,2.718428940004181e+23,0.0,0.0,0.0,0.0,69,-1.905698635870372e+17,-0.0,0.0,0.0,0.0,0.0,0.0,0.0,0.0,0,0,0,0.0,0.0,0.0,0.0,0.0,0.0,0.0,0.0,0.0,0.0,0.0,0.0,0.0,0.0,0.0,0.0,0,-107875648.0,69,0.0,138,0.0,0.0,0,0,17087,52429,17103,13107,17083,0,0,0,70,68,100,-0.0,82.4,-107615456.0,78.3,-0.0,79.0,1,49,50,180,26215,39322,0,0,0.0,0.0,0.0,0.0,-0.0,67.0,0.0,162057.094,0.0,982,0,1013,0,0,0,955,0,1039,0,936,0,793,0,784,0,823,0,7520,0.032,2.524898095088995e+20,0.0,0.0,784,16797,-0.0,162057.094,-114818.039,-0.0,0.133,6.909358625270745e+28,30.0,70.0,35,0.0,0.0,0.0,0.0,0.0,0.0,0.0,0.0,0.0,0.0,0.0,0.0,0.0,0.0,0.0,0.0,66.0,0,150,71,52,65476,0,300,0,0,8,20529,65476,0,0,44564,70.0,0.0,0.0,0.0,0.0,0.0
2026-09-10T21:12:28,ERR,ERR,ERR,ERR,ERR,ERR,ERR,ERR,ERR,ERR,ERR,ERR,ERR,ERR,ERR,ERR,ERR,ERR,ERR,ERR,ERR,ERR,ERR,ERR,ERR,ERR,ERR,ERR,ERR,ERR,ERR,ERR,ERR,ERR,ERR,ERR,ERR,ERR,ERR,ERR,ERR,ERR,ERR,ERR,ERR,ERR,ERR,ERR,ERR,ERR,ERR,ERR,ERR,ERR,ERR,ERR,ERR,ERR,ERR,ERR,ERR,ERR,ERR,ERR,ERR,ERR,ERR,ERR,ERR,ERR,ERR,ERR,ERR,ERR,ERR,ERR,ERR,ERR,ERR,ERR,ERR,ERR,ERR,ERR,ERR,ERR,ERR,ERR,ERR,ERR,ERR,ERR,ERR,ERR,ERR,ERR,ERR,ERR,ERR,ERR,ERR,ERR,ERR,ERR,ERR,ERR,ERR,ERR,ERR,ERR,ERR,ERR,ERR,ERR,ERR,ERR,ERR,ERR,ERR,ERR,ERR,ERR,ERR,ERR,ERR,0.0,2.7184303811560617e+23,-100794720.0,0.0,0.0,1.3936040501711995e+18,7.805,0.0,0,0,4,0,7116,0.0,100,0.0,0.0,0.0,0.0,0.0,0,0,0,0,0.0,0,0,0,0,0,0,0,0,0,0,0,0,0,0,0,0,0,0,0,0,0,0,0,0,0,0,0,0,0,0,0,0,0,31,40,40,71,65476,0,300,0,0,8,21553,0.0,-107605600.0,0.0,0.0,0.0,0.0,0.0,0.0,0.0,0.0,0.0,0.0,0.0,0.0,0.0,0.0,0.0,0.0,0.0,0.0,0.0,0.0,-2.004,2.004,0.0,-0.0,0.0,0.0,0.0,0.0,4465.0,-0.0,6932.0,0.0,2.7184303811560617e+23,-107615136.0,2.718428940004181e+23,0.0,0.0,0.0,0.0,69,-1.905698635870372e+17,-0.0,0.0,0.0,0.0,0.0,0.0,0.0,0.0,0,0,0,0.0,0.0,0.0,0.0,0.0,0.0,0.0,0.0,0.0,0.0,0.0,0.0,0.0,0.0,0.0,0.0,0,-107875648.0,69,0.0,138,0.0,0.0,0,0,17087,52429,17103,13107,17083,0,0,0,70,68,100,-0.0,82.4,-107615456.0,78.3,-0.0,79.0,1,49,50,180,26215,39322,0,0,0.0,0.0,0.0,0.0,-0.0,67.0,0.0,162057.094,0.0,982,0,1013,0,0,0,955,0,1039,0,936,0,793,0,784,0,823,0,7520,0.032,2.524898095088995e+20,0.0,0.0,784,16797,-0.0,162057.094,-114818.039,-0.0,0.133,6.909358625270745e+28,30.0,70.0,35,0.0,0.0,0.0,0.0,0.0,0.0,0.0,0.0,0.0,0.0,0.0,0.0,0.0,0.0,0.0,0.0,66.0,0,150,71,52,65476,0,300,0,0,8,20529,65476,0,0,44564,70.0,0.0,0.0,0.0,0.0,0.0
2026-09-10T21:12:29,ERR,ERR,ERR,ERR,ERR,ERR,ERR,ERR,ERR,ERR,ERR,ERR,ERR,ERR,ERR,ERR,ERR,ERR,ERR,ERR,ERR,ERR,ERR,ERR,ERR,ERR,ERR,ERR,ERR,ERR,ERR,ERR,ERR,ERR,ERR,ERR,ERR,ERR,ERR,ERR,ERR,ERR,ERR,ERR,ERR,ERR,ERR,ERR,ERR,ERR,ERR,ERR,ERR,ERR,ERR,ERR,ERR,ERR,ERR,ERR,ERR,ERR,ERR,ERR,ERR,ERR,ERR,ERR,ERR,ERR,ERR,ERR,ERR,ERR,ERR,ERR,ERR,ERR,ERR,ERR,ERR,ERR,ERR,ERR,ERR,ERR,ERR,ERR,ERR,ERR,ERR,ERR,ERR,ERR,ERR,ERR,ERR,ERR,ERR,ERR,ERR,ERR,ERR,ERR,ERR,ERR,ERR,ERR,ERR,ERR,ERR,ERR,ERR,ERR,ERR,ERR,ERR,ERR,ERR,ERR,ERR,ERR,ERR,ERR,ERR,0.0,2.7184303811560617e+23,-100794720.0,0.0,0.0,1.3936040501711995e+18,7.805,0.0,0,0,4,0,7116,0.0,100,0.0,0.0,0.0,0.0,0.0,0,0,0,0,0.0,0,0,0,0,0,0,0,0,0,0,0,0,0,0,0,0,0,0,0,0,0,0,0,0,0,0,0,0,0,0,0,0,0,31,40,40,71,65476,0,300,0,0,8,21553,0.0,-107605600.0,0.0,0.0,0.0,0.0,0.0,0.0,0.0,0.0,0.0,0.0,0.0,0.0,-2.596148429267414e+33,0.0,0.0,0.0,0.0,0.0,0.0,0.0,-2.004,-0.0,0.0,-0.0,0.0,0.0,0.0,0.0,4472.0,-0.0,6934.0,0.0,2.7184303811560617e+23,-107615136.0,2.718428940004181e+23,0.0,0.0,0.0,0.0,69,0.0,-4.950393007110635e+32,0.0,0.0,0.0,0.0,0.0,0.0,0.0,0,0,0,0.0,0.0,0.0,0.0,0.0,0.0,0.0,0.0,0.0,0.0,0.0,0.0,0.0,0.0,0.0,0.0,0,-107875648.0,69,0.0,138,0.0,0.0,0,0,17087,52429,17103,13107,17083,0,0,0,70,68,100,-0.0,82.4,-107615456.0,78.3,-0.0,79.0,1,49,50,180,26215,39322,0,0,0.0,0.0,0.0,0.0,-0.0,67.0,0.0,162057.094,0.0,982,0,1013,0,0,0,955,0,1039,0,936,0,793,0,784,0,823,0,7520,0.032,2.524898095088995e+20,0.0,0.0,784,16797,-0.0,162057.094,-114818.039,-0.0,0.133,6.909358625270745e+28,30.0,70.0,35,0.0,0.0,0.0,0.0,0.0,0.0,0.0,0.0,0.0,0.0,0.0,0.0,0.0,0.0,0.0,0.0,66.0,0,150,71,52,65476,0,300,0,0,8,20529,65476,0,0,44564,70.0,0.0,0.0,0.0,0.0,0.0
2026-09-10T21:12:30,ERR,ERR,ERR,ERR,ERR,ERR,ERR,ERR,ERR,ERR,ERR,ERR,ERR,ERR,ERR,ERR,ERR,ERR,ERR,ERR,ERR,ERR,ERR,ERR,ERR,ERR,ERR,ERR,ERR,ERR,ERR,ERR,ERR,ERR,ERR,ERR,ERR,ERR,ERR,ERR,ERR,ERR,ERR,ERR,ERR,ERR,ERR,ERR,ERR,ERR,ERR,ERR,ERR,ERR,ERR,ERR,ERR,ERR,ERR,ERR,ERR,ERR,ERR,ERR,ERR,ERR,ERR,ERR,ERR,ERR,ERR,ERR,ERR,ERR,ERR,ERR,ERR,ERR,ERR,ERR,ERR,ERR,ERR,ERR,ERR,ERR,ERR,ERR,ERR,ERR,ERR,ERR,ERR,ERR,ERR,ERR,ERR,ERR,ERR,ERR,ERR,ERR,ERR,ERR,ERR,ERR,ERR,ERR,ERR,ERR,ERR,ERR,ERR,ERR,ERR,ERR,ERR,ERR,ERR,ERR,ERR,ERR,ERR,ERR,ERR,0.0,2.7184303811560617e+23,-100794720.0,0.0,0.0,1.3936040501711995e+18,7.805,0.0,0,0,4,0,7116,0.0,100,0.0,0.0,0.0,0.0,0.0,0,0,0,0,0.0,0,0,0,0,0,0,0,0,0,0,0,0,0,0,0,0,0,0,0,0,0,0,0,0,0,0,0,0,0,0,0,0,0,31,40,40,71,65476,0,300,0,0,8,21553,0.0,-107605600.0,0.0,0.0,0.0,0.0,0.0,0.0,0.0,0.0,0.0,0.0,0.0,0.0,-2.596148429267414e+33,0.0,0.0,0.0,0.0,0.0,0.0,0.0,-2.004,-0.0,0.0,-0.0,0.0,0.0,0.0,0.0,4472.0,-0.0,6934.0,0.0,2.7184303811560617e+23,-107615136.0,2.718428940004181e+23,0.0,0.0,0.0,0.0,69,0.0,-4.950393007110635e+32,0.0,0.0,0.0,0.0,0.0,0.0,0.0,0,0,0,0.0,0.0,0.0,0.0,0.0,0.0,0.0,0.0,0.0,0.0,0.0,0.0,0.0,0.0,0.0,0.0,0,-107875648.0,69,0.0,138,0.0,0.0,0,0,17087,52429,17103,13107,17083,0,0,0,70,68,100,-0.0,82.4,-107615456.0,78.3,-0.0,79.0,1,49,50,180,26215,39322,0,0,0.0,0.0,0.0,0.0,-0.0,67.0,0.0,162057.094,0.0,982,0,1013,0,0,0,955,0,1039,0,936,0,793,0,784,0,823,0,7520,0.032,2.524898095088995e+20,0.0,0.0,784,16797,-0.0,162057.094,-114818.039,-0.0,0.133,6.909358625270745e+28,30.0,70.0,35,0.0,0.0,0.0,0.0,0.0,0.0,0.0,0.0,0.0,0.0,0.0,0.0,0.0,0.0,0.0,0.0,66.0,0,150,71,52,65476,0,300,0,0,8,20529,65476,0,0,44564,70.0,0.0,0.0,0.0,0.0,0.0
2026-09-10T21:12:31,ERR,ERR,ERR,ERR,ERR,ERR,ERR,ERR,ERR,ERR,ERR,ERR,ERR,ERR,ERR,ERR,ERR,ERR,ERR,ERR,ERR,ERR,ERR,ERR,ERR,ERR,ERR,ERR,ERR,ERR,ERR,ERR,ERR,ERR,ERR,ERR,ERR,ERR,ERR,ERR,ERR,ERR,ERR,ERR,ERR,ERR,ERR,ERR,ERR,ERR,ERR,ERR,ERR,ERR,ERR,ERR,ERR,ERR,ERR,ERR,ERR,ERR,ERR,ERR,ERR,ERR,ERR,ERR,ERR,ERR,ERR,ERR,ERR,ERR,ERR,ERR,ERR,ERR,ERR,ERR,ERR,ERR,ERR,ERR,ERR,ERR,ERR,ERR,ERR,ERR,ERR,ERR,ERR,ERR,ERR,ERR,ERR,ERR,ERR,ERR,ERR,ERR,ERR,ERR,ERR,ERR,ERR,ERR,ERR,ERR,ERR,ERR,ERR,ERR,ERR,ERR,ERR,ERR,ERR,ERR,ERR,ERR,ERR,ERR,ERR,0.0,2.7184303811560617e+23,-100794720.0,0.0,0.0,1.3936040501711995e+18,7.805,0.0,0,0,4,0,7116,0.0,100,0.0,0.0,0.0,0.0,0.0,0,0,0,0,0.0,0,0,0,0,0,0,0,0,0,0,0,0,0,0,0,0,0,0,0,0,0,0,0,0,0,0,0,0,0,0,0,0,0,31,40,40,71,65476,0,300,0,0,8,21553,0.0,-107605600.0,0.0,0.0,0.0,0.0,0.0,0.0,0.0,0.0,0.0,0.0,0.0,0.0,-2.596148429267414e+33,0.0,0.0,0.0,0.0,0.0,0.0,0.0,-2.004,-0.0,0.0,-0.0,0.0,0.0,0.0,0.0,4472.0,-0.0,6934.0,0.0,2.7184303811560617e+23,-107615136.0,2.718428940004181e+23,0.0,0.0,0.0,0.0,69,0.0,-4.950393007110635e+32,0.0,0.0,0.0,0.0,0.0,0.0,0.0,0,0,0,0.0,0.0,0.0,0.0,0.0,0.0,0.0,0.0,0.0,0.0,0.0,0.0,0.0,0.0,0.0,0.0,0,-107875648.0,69,0.0,138,0.0,0.0,0,0,17087,52429,17103,13107,17083,0,0,0,70,68,100,-0.0,82.4,-107615456.0,78.8,-0.0,79.0,1,49,50,180,26215,39322,0,0,0.0,0.0,0.0,0.0,-0.0,67.0,0.0,162057.094,0.0,982,0,1013,0,0,0,955,0,1039,0,936,0,793,0,784,0,823,0,7520,0.032,2.524898095088995e+20,0.0,0.0,784,16797,-0.0,162057.094,-114818.039,-0.0,0.133,6.909358625270745e+28,30.0,70.0,35,0.0,0.0,0.0,0.0,0.0,0.0,0.0,0.0,0.0,0.0,0.0,0.0,0.0,0.0,0.0,0.0,66.0,0,150,71,52,65476,0,300,0,0,8,20529,65476,0,0,44564,70.0,0.0,0.0,0.0,0.0,0.0
2026-09-10T21:12:32,ERR,ERR,ERR,ERR,ERR,ERR,ERR,ERR,ERR,ERR,ERR,ERR,ERR,ERR,ERR,ERR,ERR,ERR,ERR,ERR,ERR,ERR,ERR,ERR,ERR,ERR,ERR,ERR,ERR,ERR,ERR,ERR,ERR,ERR,ERR,ERR,ERR,ERR,ERR,ERR,ERR,ERR,ERR,ERR,ERR,ERR,ERR,ERR,ERR,ERR,ERR,ERR,ERR,ERR,ERR,ERR,ERR,ERR,ERR,ERR,ERR,ERR,ERR,ERR,ERR,ERR,ERR,ERR,ERR,ERR,ERR,ERR,ERR,ERR,ERR,ERR,ERR,ERR,ERR,ERR,ERR,ERR,ERR,ERR,ERR,ERR,ERR,ERR,ERR,ERR,ERR,ERR,ERR,ERR,ERR,ERR,ERR,ERR,ERR,ERR,ERR,ERR,ERR,ERR,ERR,ERR,ERR,ERR,ERR,ERR,ERR,ERR,ERR,ERR,ERR,ERR,ERR,ERR,ERR,ERR,ERR,ERR,ERR,ERR,ERR,0.0,2.7184303811560617e+23,-100794720.0,0.0,0.0,1.3936040501711995e+18,7.805,0.0,0,0,4,0,7116,0.0,100,0.0,0.0,0.0,0.0,0.0,0,0,0,0,0.0,0,0,0,0,0,0,0,0,0,0,0,0,0,0,0,0,0,0,0,0,0,0,0,0,0,0,0,0,0,0,0,0,0,31,40,40,71,65476,0,300,0,0,8,21553,0.0,-107605600.0,0.0,0.0,0.0,0.0,0.0,0.0,0.0,0.0,0.0,0.0,0.0,0.0,-2.596148429267414e+33,0.0,0.0,0.0,0.0,0.0,0.0,0.0,-2.004,-0.0,0.0,-0.0,0.0,0.0,0.0,0.0,4472.0,-0.0,6934.0,0.0,2.7184303811560617e+23,-107615136.0,2.718428940004181e+23,0.0,0.0,0.0,0.0,69,0.0,-4.950393007110635e+32,0.0,0.0,0.0,0.0,0.0,0.0,0.0,0,0,0,0.0,0.0,0.0,0.0,0.0,0.0,0.0,0.0,0.0,0.0,0.0,0.0,0.0,0.0,0.0,0.0,0,-107875648.0,69,0.0,138,0.0,0.0,0,0,17087,52429,17103,13107,17083,0,0,0,70,68,100,-0.0,82.4,-107615456.0,78.8,-0.0,79.0,1,49,50,180,26215,39322,0,0,0.0,0.0,0.0,0.0,-0.0,67.0,0.0,162057.094,0.0,982,0,1013,0,0,0,955,0,1039,0,936,0,793,0,784,0,823,0,7520,0.032,2.524898095088995e+20,0.0,0.0,784,16797,-0.0,162057.094,-114818.039,-0.0,0.133,6.909358625270745e+28,30.0,70.0,35,0.0,0.0,0.0,0.0,0.0,0.0,0.0,0.0,0.0,0.0,0.0,0.0,0.0,0.0,0.0,0.0,66.0,0,150,71,52,65476,0,300,0,0,8,20529,65476,0,0,44564,70.0,0.0,0.0,0.0,0.0,0.0
2026-09-10T21:12:33,ERR,ERR,ERR,ERR,ERR,ERR,ERR,ERR,ERR,ERR,ERR,ERR,ERR,ERR,ERR,ERR,ERR,ERR,ERR,ERR,ERR,ERR,ERR,ERR,ERR,ERR,ERR,ERR,ERR,ERR,ERR,ERR,ERR,ERR,ERR,ERR,ERR,ERR,ERR,ERR,ERR,ERR,ERR,ERR,ERR,ERR,ERR,ERR,ERR,ERR,ERR,ERR,ERR,ERR,ERR,ERR,ERR,ERR,ERR,ERR,ERR,ERR,ERR,ERR,ERR,ERR,ERR,ERR,ERR,ERR,ERR,ERR,ERR,ERR,ERR,ERR,ERR,ERR,ERR,ERR,ERR,ERR,ERR,ERR,ERR,ERR,ERR,ERR,ERR,ERR,ERR,ERR,ERR,ERR,ERR,ERR,ERR,ERR,ERR,ERR,ERR,ERR,ERR,ERR,ERR,ERR,ERR,ERR,ERR,ERR,ERR,ERR,ERR,ERR,ERR,ERR,ERR,ERR,ERR,ERR,ERR,ERR,ERR,ERR,ERR,0.0,2.7184303811560617e+23,-100794720.0,0.0,0.0,1.3936040501711995e+18,7.805,0.0,0,0,4,0,7116,0.0,100,0.0,0.0,0.0,0.0,0.0,0,0,0,0,0.0,0,0,0,0,0,0,0,0,0,0,0,0,0,0,0,0,0,0,0,0,0,0,0,0,0,0,0,0,0,0,0,0,0,31,40,40,71,65476,0,300,0,0,8,21553,0.0,-107605600.0,0.0,0.0,0.0,0.0,0.0,0.0,0.0,0.0,0.0,0.0,0.0,0.0,-2.596148429267414e+33,0.0,0.0,0.0,0.0,0.0,0.0,0.0,-2.004,-0.0,0.0,-0.0,0.0,0.0,0.0,0.0,4472.0,-0.0,6934.0,0.0,2.7184303811560617e+23,-107615136.0,2.718428940004181e+23,0.0,0.0,0.0,0.0,69,0.0,-4.950393007110635e+32,0.0,0.0,0.0,0.0,0.0,0.0,0.0,0,0,0,0.0,0.0,0.0,0.0,0.0,0.0,0.0,0.0,0.0,0.0,0.0,0.0,0.0,0.0,0.0,0.0,0,-107875648.0,69,0.0,138,0.0,0.0,0,0,17087,52429,17103,13107,17083,0,0,0,70,68,100,-0.0,82.4,-107615456.0,78.8,-0.0,79.0,1,49,50,180,26215,39322,0,0,0.0,0.0,0.0,0.0,-0.0,67.0,0.0,162057.094,0.0,982,0,1013,0,0,0,955,0,1039,0,936,0,793,0,784,0,823,0,7520,0.032,2.524898095088995e+20,0.0,0.0,784,16797,-0.0,162057.094,-114818.039,-0.0,0.133,6.909358625270745e+28,30.0,70.0,35,0.0,0.0,0.0,0.0,0.0,0.0,0.0,0.0,0.0,0.0,0.0,0.0,0.0,0.0,0.0,0.0,66.0,0,150,71,52,65476,0,300,0,0,8,20529,65476,0,0,44564,70.0,0.0,0.0,0.0,0.0,0.0
2026-09-10T21:12:34,ERR,ERR,ERR,ERR,ERR,ERR,ERR,ERR,ERR,ERR,ERR,ERR,ERR,ERR,ERR,ERR,ERR,ERR,ERR,ERR,ERR,ERR,ERR,ERR,ERR,ERR,ERR,ERR,ERR,ERR,ERR,ERR,ERR,ERR,ERR,ERR,ERR,ERR,ERR,ERR,ERR,ERR,ERR,ERR,ERR,ERR,ERR,ERR,ERR,ERR,ERR,ERR,ERR,ERR,ERR,ERR,ERR,ERR,ERR,ERR,ERR,ERR,ERR,ERR,ERR,ERR,ERR,ERR,ERR,ERR,ERR,ERR,ERR,ERR,ERR,ERR,ERR,ERR,ERR,ERR,ERR,ERR,ERR,ERR,ERR,ERR,ERR,ERR,ERR,ERR,ERR,ERR,ERR,ERR,ERR,ERR,ERR,ERR,ERR,ERR,ERR,ERR,ERR,ERR,ERR,ERR,ERR,ERR,ERR,ERR,ERR,ERR,ERR,ERR,ERR,ERR,ERR,ERR,ERR,ERR,ERR,ERR,ERR,ERR,ERR,0.0,2.7184303811560617e+23,-100794720.0,0.0,0.0,1.3936040501711995e+18,7.805,0.0,0,0,4,0,7116,0.0,100,0.0,0.0,0.0,0.0,0.0,0,0,0,0,0.0,0,0,0,0,0,0,0,0,0,0,0,0,0,0,0,0,0,0,0,0,0,0,0,0,0,0,0,0,0,0,0,0,0,31,40,40,71,65476,0,300,0,0,8,21553,0.0,-107605600.0,0.0,0.0,0.0,0.0,0.0,0.0,0.0,0.0,0.0,0.0,0.0,0.0,-2.596148429267414e+33,0.0,0.0,0.0,0.0,0.0,0.0,0.0,-2.004,-0.0,0.0,-0.0,0.0,0.0,0.0,0.0,4472.0,-0.0,6934.0,0.0,2.7184303811560617e+23,-107615136.0,2.718428940004181e+23,0.0,0.0,0.0,0.0,69,0.0,-4.950393007110635e+32,0.0,0.0,0.0,0.0,0.0,0.0,0.0,0,0,0,0.0,0.0,0.0,0.0,0.0,0.0,0.0,0.0,0.0,0.0,0.0,0.0,0.0,0.0,0.0,0.0,0,-107875648.0,69,0.0,138,0.0,0.0,0,0,17087,52429,17103,13107,17083,0,0,0,70,68,100,-0.0,82.4,-107615456.0,78.8,-0.0,79.0,1,49,50,180,26215,39322,0,0,0.0,0.0,0.0,0.0,-0.0,67.0,0.0,162057.094,0.0,982,0,1013,0,0,0,955,0,1039,0,936,0,793,0,784,0,823,0,7520,0.032,2.524898095088995e+20,0.0,0.0,784,16797,-0.0,162057.094,-114818.039,-0.0,0.133,6.909358625270745e+28,30.0,70.0,35,0.0,0.0,0.0,0.0,0.0,0.0,0.0,0.0,0.0,0.0,0.0,0.0,0.0,0.0,0.0,0.0,66.0,0,150,71,52,65476,0,300,0,0,8,20529,65476,0,0,44564,70.0,0.0,0.0,0.0,0.0,0.0
2026-09-10T21:12:35,ERR,ERR,ERR,ERR,ERR,ERR,ERR,ERR,ERR,ERR,ERR,ERR,ERR,ERR,ERR,ERR,ERR,ERR,ERR,ERR,ERR,ERR,ERR,ERR,ERR,ERR,ERR,ERR,ERR,ERR,ERR,ERR,ERR,ERR,ERR,ERR,ERR,ERR,ERR,ERR,ERR,ERR,ERR,ERR,ERR,ERR,ERR,ERR,ERR,ERR,ERR,ERR,ERR,ERR,ERR,ERR,ERR,ERR,ERR,ERR,ERR,ERR,ERR,ERR,ERR,ERR,ERR,ERR,ERR,ERR,ERR,ERR,ERR,ERR,ERR,ERR,ERR,ERR,ERR,ERR,ERR,ERR,ERR,ERR,ERR,ERR,ERR,ERR,ERR,ERR,ERR,ERR,ERR,ERR,ERR,ERR,ERR,ERR,ERR,ERR,ERR,ERR,ERR,ERR,ERR,ERR,ERR,ERR,ERR,ERR,ERR,ERR,ERR,ERR,ERR,ERR,ERR,ERR,ERR,ERR,ERR,ERR,ERR,ERR,ERR,0.0,2.7184303811560617e+23,-100794720.0,0.0,0.0,1.3936040501711995e+18,7.805,0.0,0,0,4,0,7116,0.0,100,0.0,0.0,0.0,0.0,0.0,0,0,0,0,0.0,0,0,0,0,0,0,0,0,0,0,0,0,0,0,0,0,0,0,0,0,0,0,0,0,0,0,0,0,0,0,0,0,0,31,40,40,71,65476,0,300,0,0,8,21553,0.0,-107605600.0,0.0,0.0,0.0,0.0,0.0,0.0,0.0,0.0,0.0,0.0,0.0,0.0,-2.596148429267414e+33,0.0,0.0,0.0,0.0,0.0,0.0,0.0,-2.004,-0.0,0.0,-0.0,0.0,0.0,0.0,0.0,4472.0,-0.0,6934.0,0.0,2.7184303811560617e+23,-107615136.0,2.718428940004181e+23,0.0,0.0,0.0,0.0,69,0.0,-4.950393007110635e+32,0.0,0.0,0.0,0.0,0.0,0.0,0.0,0,0,0,0.0,0.0,0.0,0.0,0.0,0.0,0.0,0.0,0.0,0.0,0.0,0.0,0.0,0.0,0.0,0.0,0,-107875648.0,69,0.0,138,0.0,0.0,0,0,17087,52429,17103,13107,17083,0,0,0,70,68,100,-0.0,82.4,-107615456.0,78.8,-0.0,79.0,1,49,50,180,26215,39322,0,0,0.0,0.0,0.0,0.0,-0.0,67.0,0.0,162057.094,0.0,982,0,1013,0,0,0,955,0,1039,0,936,0,793,0,784,0,823,0,7520,0.032,2.524898095088995e+20,0.0,0.0,784,16797,-0.0,162057.094,-114818.039,-0.0,0.133,6.909358625270745e+28,30.0,70.0,35,0.0,0.0,0.0,0.0,0.0,0.0,0.0,0.0,0.0,0.0,0.0,0.0,0.0,0.0,0.0,0.0,66.0,0,150,71,52,65476,0,300,0,0,8,20529,65476,0,0,44564,70.0,0.0,0.0,0.0,0.0,0.0
2026-09-10T21:12:36,ERR,ERR,ERR,ERR,ERR,ERR,ERR,ERR,ERR,ERR,ERR,ERR,ERR,ERR,ERR,ERR,ERR,ERR,ERR,ERR,ERR,ERR,ERR,ERR,ERR,ERR,ERR,ERR,ERR,ERR,ERR,ERR,ERR,ERR,ERR,ERR,ERR,ERR,ERR,ERR,ERR,ERR,ERR,ERR,ERR,ERR,ERR,ERR,ERR,ERR,ERR,ERR,ERR,ERR,ERR,ERR,ERR,ERR,ERR,ERR,ERR,ERR,ERR,ERR,ERR,ERR,ERR,ERR,ERR,ERR,ERR,ERR,ERR,ERR,ERR,ERR,ERR,ERR,ERR,ERR,ERR,ERR,ERR,ERR,ERR,ERR,ERR,ERR,ERR,ERR,ERR,ERR,ERR,ERR,ERR,ERR,ERR,ERR,ERR,ERR,ERR,ERR,ERR,ERR,ERR,ERR,ERR,ERR,ERR,ERR,ERR,ERR,ERR,ERR,ERR,ERR,ERR,ERR,ERR,ERR,ERR,ERR,ERR,ERR,ERR,0.0,2.7184303811560617e+23,-100794720.0,0.0,0.0,1.3936040501711995e+18,7.805,0.0,0,0,4,0,7116,0.0,100,0.0,0.0,0.0,0.0,0.0,0,0,0,0,0.0,0,0,0,0,0,0,0,0,0,0,0,0,0,0,0,0,0,0,0,0,0,0,0,0,0,0,0,0,0,0,0,0,0,31,40,40,71,65476,0,300,0,0,8,21553,0.0,-107605600.0,0.0,0.0,0.0,0.0,0.0,0.0,0.0,0.0,0.0,0.0,0.0,0.0,-2.596148429267414e+33,0.0,0.0,0.0,0.0,0.0,0.0,0.0,-2.004,-0.0,0.0,-0.0,0.0,0.0,0.0,0.0,4472.0,-0.0,6934.0,0.0,2.7184303811560617e+23,-107615136.0,2.718428940004181e+23,0.0,0.0,0.0,0.0,69,0.0,-4.950393007110635e+32,0.0,0.0,0.0,0.0,0.0,0.0,0.0,0,0,0,0.0,0.0,0.0,0.0,0.0,0.0,0.0,0.0,0.0,0.0,0.0,0.0,0.0,0.0,0.0,0.0,0,-107875648.0,69,0.0,138,0.0,0.0,0,0,17087,52429,17103,13107,17083,0,0,0,70,68,100,-0.0,82.4,-107615456.0,78.8,-0.0,79.0,1,49,50,180,26215,39322,0,0,0.0,0.0,0.0,0.0,-0.0,67.0,0.0,162057.094,0.0,982,0,1013,0,0,0,955,0,1039,0,936,0,793,0,784,0,823,0,7520,0.032,2.524898095088995e+20,0.0,0.0,784,16797,-0.0,162057.094,-114818.039,-0.0,0.133,6.909358625270745e+28,30.0,70.0,35,0.0,0.0,0.0,0.0,0.0,0.0,0.0,0.0,0.0,0.0,0.0,0.0,0.0,0.0,0.0,0.0,66.0,0,150,71,52,65476,0,300,0,0,8,20529,65476,0,0,44564,70.0,0.0,0.0,0.0,0.0,0.0
2026-09-10T21:12:37,ERR,ERR,ERR,ERR,ERR,ERR,ERR,ERR,ERR,ERR,ERR,ERR,ERR,ERR,ERR,ERR,ERR,ERR,ERR,ERR,ERR,ERR,ERR,ERR,ERR,ERR,ERR,ERR,ERR,ERR,ERR,ERR,ERR,ERR,ERR,ERR,ERR,ERR,ERR,ERR,ERR,ERR,ERR,ERR,ERR,ERR,ERR,ERR,ERR,ERR,ERR,ERR,ERR,ERR,ERR,ERR,ERR,ERR,ERR,ERR,ERR,ERR,ERR,ERR,ERR,ERR,ERR,ERR,ERR,ERR,ERR,ERR,ERR,ERR,ERR,ERR,ERR,ERR,ERR,ERR,ERR,ERR,ERR,ERR,ERR,ERR,ERR,ERR,ERR,ERR,ERR,ERR,ERR,ERR,ERR,ERR,ERR,ERR,ERR,ERR,ERR,ERR,ERR,ERR,ERR,ERR,ERR,ERR,ERR,ERR,ERR,ERR,ERR,ERR,ERR,ERR,ERR,ERR,ERR,ERR,ERR,ERR,ERR,ERR,ERR,0.0,2.7184303811560617e+23,-100794720.0,0.0,0.0,1.3936040501711995e+18,7.805,0.0,0,0,4,0,7116,0.0,100,0.0,0.0,0.0,0.0,0.0,0,0,0,0,0.0,0,0,0,0,0,0,0,0,0,0,0,0,0,0,0,0,0,0,0,0,0,0,0,0,0,0,0,0,0,0,0,0,0,31,40,40,71,65476,0,300,0,0,8,21553,0.0,-107605600.0,0.0,0.0,0.0,0.0,0.0,0.0,0.0,0.0,0.0,0.0,0.0,0.0,0.0,0.0,0.0,0.0,0.0,0.0,0.0,0.0,-0.0,-0.0,0.0,-0.0,0.0,0.0,0.0,0.0,4470.0,-3.697178656945629e+19,6940.0,0.0,2.7184303811560617e+23,-107615136.0,2.718428940004181e+23,0.0,0.0,0.0,0.0,69,0.0,0.0,0.0,0.0,0.0,0.0,0.0,0.0,0.0,0,0,0,0.0,0.0,0.0,0.0,0.0,0.0,0.0,0.0,0.0,0.0,0.0,0.0,0.0,0.0,0.0,0.0,0,-107875648.0,69,0.0,138,0.0,0.0,0,0,17087,52429,17103,13107,17083,0,0,0,70,68,100,-0.0,82.4,-107615456.0,78.3,-0.0,79.0,1,49,50,180,26215,39322,0,0,0.0,0.0,0.0,0.0,-0.0,67.0,0.0,162057.094,0.0,982,0,1013,0,0,0,955,0,1039,0,936,0,793,0,784,0,823,0,7520,0.032,2.5133688800429264e+20,0.0,0.0,784,16797,-0.0,162057.094,-114818.039,-0.0,0.133,6.909358625270745e+28,30.0,70.0,35,0.0,0.0,0.0,0.0,0.0,0.0,0.0,0.0,0.0,0.0,0.0,0.0,0.0,0.0,0.0,0.0,66.0,0,150,71,52,65476,0,300,0,0,8,20529,65476,0,0,44564,70.0,0.0,0.0,0.0,0.0,0.0
2026-09-10T21:12:38,ERR,ERR,ERR,ERR,ERR,ERR,ERR,ERR,ERR,ERR,ERR,ERR,ERR,ERR,ERR,ERR,ERR,ERR,ERR,ERR,ERR,ERR,ERR,ERR,ERR,ERR,ERR,ERR,ERR,ERR,ERR,ERR,ERR,ERR,ERR,ERR,ERR,ERR,ERR,ERR,ERR,ERR,ERR,ERR,ERR,ERR,ERR,ERR,ERR,ERR,ERR,ERR,ERR,ERR,ERR,ERR,ERR,ERR,ERR,ERR,ERR,ERR,ERR,ERR,ERR,ERR,ERR,ERR,ERR,ERR,ERR,ERR,ERR,ERR,ERR,ERR,ERR,ERR,ERR,ERR,ERR,ERR,ERR,ERR,ERR,ERR,ERR,ERR,ERR,ERR,ERR,ERR,ERR,ERR,ERR,ERR,ERR,ERR,ERR,ERR,ERR,ERR,ERR,ERR,ERR,ERR,ERR,ERR,ERR,ERR,ERR,ERR,ERR,ERR,ERR,ERR,ERR,ERR,ERR,ERR,ERR,ERR,ERR,ERR,ERR,0.0,2.7184303811560617e+23,-100794720.0,0.0,0.0,1.3936040501711995e+18,7.805,0.0,0,0,4,0,7116,0.0,100,0.0,0.0,0.0,0.0,0.0,0,0,0,0,0.0,0,0,0,0,0,0,0,0,0,0,0,0,0,0,0,0,0,0,0,0,0,0,0,0,0,0,0,0,0,0,0,0,0,31,40,40,71,65476,0,300,0,0,8,21553,0.0,-107605600.0,0.0,0.0,0.0,0.0,0.0,0.0,0.0,0.0,0.0,0.0,0.0,0.0,0.0,0.0,0.0,0.0,0.0,0.0,0.0,0.0,-0.0,-0.0,0.0,-0.0,0.0,0.0,0.0,0.0,4470.0,-3.697178656945629e+19,6940.0,0.0,2.7184303811560617e+23,-107615136.0,2.718428940004181e+23,0.0,0.0,0.0,0.0,69,0.0,0.0,0.0,0.0,0.0,0.0,0.0,0.0,0.0,0,0,0,0.0,0.0,0.0,0.0,0.0,0.0,0.0,0.0,0.0,0.0,0.0,0.0,0.0,0.0,0.0,0.0,0,-107875648.0,69,0.0,138,0.0,0.0,0,0,17087,52429,17103,13107,17083,0,0,0,70,68,100,-0.0,82.4,-107615456.0,78.3,-0.0,79.0,1,49,50,180,26215,39322,0,0,0.0,0.0,0.0,0.0,-0.0,67.0,0.0,162057.094,0.0,982,0,1013,0,0,0,955,0,1039,0,936,0,793,0,784,0,823,0,7520,0.032,2.5133688800429264e+20,0.0,0.0,784,16797,-0.0,162057.094,-114818.039,-0.0,0.133,6.909358625270745e+28,30.0,70.0,35,0.0,0.0,0.0,0.0,0.0,0.0,0.0,0.0,0.0,0.0,0.0,0.0,0.0,0.0,0.0,0.0,66.0,0,150,71,52,65476,0,300,0,0,8,20529,65476,0,0,44564,70.0,0.0,0.0,0.0,0.0,0.0
2026-09-10T21:12:39,ERR,ERR,ERR,ERR,ERR,ERR,ERR,ERR,ERR,ERR,ERR,ERR,ERR,ERR,ERR,ERR,ERR,ERR,ERR,ERR,ERR,ERR,ERR,ERR,ERR,ERR,ERR,ERR,ERR,ERR,ERR,ERR,ERR,ERR,ERR,ERR,ERR,ERR,ERR,ERR,ERR,ERR,ERR,ERR,ERR,ERR,ERR,ERR,ERR,ERR,ERR,ERR,ERR,ERR,ERR,ERR,ERR,ERR,ERR,ERR,ERR,ERR,ERR,ERR,ERR,ERR,ERR,ERR,ERR,ERR,ERR,ERR,ERR,ERR,ERR,ERR,ERR,ERR,ERR,ERR,ERR,ERR,ERR,ERR,ERR,ERR,ERR,ERR,ERR,ERR,ERR,ERR,ERR,ERR,ERR,ERR,ERR,ERR,ERR,ERR,ERR,ERR,ERR,ERR,ERR,ERR,ERR,ERR,ERR,ERR,ERR,ERR,ERR,ERR,ERR,ERR,ERR,ERR,ERR,ERR,ERR,ERR,ERR,ERR,ERR,0.0,2.7184303811560617e+23,-100794720.0,0.0,0.0,1.3936040501711995e+18,7.805,0.0,0,0,4,0,7116,0.0,100,0.0,0.0,0.0,0.0,0.0,0,0,0,0,0.0,0,0,0,0,0,0,0,0,0,0,0,0,0,0,0,0,0,0,0,0,0,0,0,0,0,0,0,0,0,0,0,0,0,31,40,40,71,65476,0,300,0,0,8,21553,0.0,-107605600.0,0.0,0.0,0.0,0.0,0.0,0.0,0.0,0.0,0.0,0.0,0.0,0.0,0.0,0.0,0.0,0.0,0.0,0.0,0.0,0.0,-0.0,-0.0,0.0,-0.0,0.0,0.0,0.0,0.0,4470.0,-3.697178656945629e+19,6940.0,0.0,2.7184303811560617e+23,-107615136.0,2.718428940004181e+23,0.0,0.0,0.0,0.0,69,0.0,0.0,0.0,0.0,0.0,0.0,0.0,0.0,0.0,0,0,0,0.0,0.0,0.0,0.0,0.0,0.0,0.0,0.0,0.0,0.0,0.0,0.0,0.0,0.0,0.0,0.0,0,-107875648.0,69,0.0,138,0.0,0.0,0,0,17087,52429,17103,13107,17083,0,0,0,70,68,100,-0.0,82.4,-107615456.0,78.3,-0.0,79.0,1,49,50,180,26215,39322,0,0,0.0,0.0,0.0,0.0,-0.0,67.0,0.0,162057.094,0.0,982,0,1013,0,0,0,955,0,1039,0,936,0,793,0,784,0,823,0,7520,0.032,2.5133688800429264e+20,0.0,0.0,784,16797,-0.0,162057.094,-114818.039,-0.0,0.133,6.909358625270745e+28,30.0,70.0,35,0.0,0.0,0.0,0.0,0.0,0.0,0.0,0.0,0.0,0.0,0.0,0.0,0.0,0.0,0.0,0.0,66.0,0,150,71,52,65476,0,300,0,0,8,20529,65476,0,0,44564,70.0,0.0,0.0,0.0,0.0,0.0
2026-09-10T21:12:40,ERR,ERR,ERR,ERR,ERR,ERR,ERR,ERR,ERR,ERR,ERR,ERR,ERR,ERR,ERR,ERR,ERR,ERR,ERR,ERR,ERR,ERR,ERR,ERR,ERR,ERR,ERR,ERR,ERR,ERR,ERR,ERR,ERR,ERR,ERR,ERR,ERR,ERR,ERR,ERR,ERR,ERR,ERR,ERR,ERR,ERR,ERR,ERR,ERR,ERR,ERR,ERR,ERR,ERR,ERR,ERR,ERR,ERR,ERR,ERR,ERR,ERR,ERR,ERR,ERR,ERR,ERR,ERR,ERR,ERR,ERR,ERR,ERR,ERR,ERR,ERR,ERR,ERR,ERR,ERR,ERR,ERR,ERR,ERR,ERR,ERR,ERR,ERR,ERR,ERR,ERR,ERR,ERR,ERR,ERR,ERR,ERR,ERR,ERR,ERR,ERR,ERR,ERR,ERR,ERR,ERR,ERR,ERR,ERR,ERR,ERR,ERR,ERR,ERR,ERR,ERR,ERR,ERR,ERR,ERR,ERR,ERR,ERR,ERR,ERR,0.0,2.7184303811560617e+23,-100794720.0,0.0,0.0,1.3936040501711995e+18,7.805,0.0,0,0,4,0,7116,0.0,100,0.0,0.0,0.0,0.0,0.0,0,0,0,0,0.0,0,0,0,0,0,0,0,0,0,0,0,0,0,0,0,0,0,0,0,0,0,0,0,0,0,0,0,0,0,0,0,0,0,31,40,40,71,65476,0,300,0,0,8,21553,0.0,-107605600.0,0.0,0.0,0.0,0.0,0.0,0.0,0.0,0.0,0.0,0.0,0.0,0.0,0.0,0.0,0.0,0.0,0.0,0.0,0.0,0.0,-0.0,-0.0,0.0,-0.0,0.0,0.0,0.0,0.0,4470.0,-3.697178656945629e+19,6940.0,0.0,2.7184303811560617e+23,-107615136.0,2.718428940004181e+23,0.0,0.0,0.0,0.0,69,0.0,0.0,0.0,0.0,0.0,0.0,0.0,0.0,0.0,0,0,0,0.0,0.0,0.0,0.0,0.0,0.0,0.0,0.0,0.0,0.0,0.0,0.0,0.0,0.0,0.0,0.0,0,-107875648.0,69,0.0,138,0.0,0.0,0,0,17087,52429,17103,13107,17083,0,0,0,70,68,100,-0.0,82.4,-107615456.0,78.3,-0.0,79.0,1,49,50,180,26215,39322,0,0,0.0,0.0,0.0,0.0,-0.0,67.0,0.0,162057.094,0.0,982,0,1013,0,0,0,955,0,1039,0,936,0,793,0,784,0,823,0,7520,0.032,2.5133688800429264e+20,0.0,0.0,784,16797,-0.0,162057.094,-114818.039,-0.0,0.133,6.909358625270745e+28,30.0,70.0,35,0.0,0.0,0.0,0.0,0.0,0.0,0.0,0.0,0.0,0.0,0.0,0.0,0.0,0.0,0.0,0.0,66.0,0,150,71,52,65476,0,300,0,0,8,20529,65476,0,0,44564,70.0,0.0,0.0,0.0,0.0,0.0
2026-09-10T21:12:41,ERR,ERR,ERR,ERR,ERR,ERR,ERR,ERR,ERR,ERR,ERR,ERR,ERR,ERR,ERR,ERR,ERR,ERR,ERR,ERR,ERR,ERR,ERR,ERR,ERR,ERR,ERR,ERR,ERR,ERR,ERR,ERR,ERR,ERR,ERR,ERR,ERR,ERR,ERR,ERR,ERR,ERR,ERR,ERR,ERR,ERR,ERR,ERR,ERR,ERR,ERR,ERR,ERR,ERR,ERR,ERR,ERR,ERR,ERR,ERR,ERR,ERR,ERR,ERR,ERR,ERR,ERR,ERR,ERR,ERR,ERR,ERR,ERR,ERR,ERR,ERR,ERR,ERR,ERR,ERR,ERR,ERR,ERR,ERR,ERR,ERR,ERR,ERR,ERR,ERR,ERR,ERR,ERR,ERR,ERR,ERR,ERR,ERR,ERR,ERR,ERR,ERR,ERR,ERR,ERR,ERR,ERR,ERR,ERR,ERR,ERR,ERR,ERR,ERR,ERR,ERR,ERR,ERR,ERR,ERR,ERR,ERR,ERR,ERR,ERR,0.0,2.7184303811560617e+23,-100794720.0,0.0,0.0,1.3936040501711995e+18,7.805,0.0,0,0,4,0,7116,0.0,100,0.0,0.0,0.0,0.0,0.0,0,0,0,0,0.0,0,0,0,0,0,0,0,0,0,0,0,0,0,0,0,0,0,0,0,0,0,0,0,0,0,0,0,0,0,0,0,0,0,31,40,40,71,65476,0,300,0,0,8,21553,0.0,-107605600.0,0.0,0.0,0.0,0.0,0.0,0.0,0.0,0.0,0.0,0.0,0.0,0.0,0.0,0.0,0.0,0.0,0.0,0.0,0.0,0.0,-0.0,-0.0,0.0,-0.0,0.0,0.0,0.0,0.0,4470.0,-3.697178656945629e+19,6940.0,0.0,2.7184303811560617e+23,-107615136.0,2.718428940004181e+23,0.0,0.0,0.0,0.0,69,0.0,0.0,0.0,0.0,0.0,0.0,0.0,0.0,0.0,0,0,0,0.0,0.0,0.0,0.0,0.0,0.0,0.0,0.0,0.0,0.0,0.0,0.0,0.0,0.0,0.0,0.0,0,-107875648.0,69,0.0,138,0.0,0.0,0,0,17087,52429,17103,13107,17083,0,0,0,70,68,100,-0.0,82.4,-107615456.0,78.3,-0.0,79.0,1,49,50,180,26215,39322,0,0,0.0,0.0,0.0,0.0,-0.0,67.0,0.0,162057.094,0.0,982,0,1013,0,0,0,955,0,1039,0,936,0,793,0,784,0,823,0,7520,0.032,2.5133688800429264e+20,0.0,0.0,784,16797,-0.0,162057.094,-114818.039,-0.0,0.133,6.909358625270745e+28,30.0,70.0,35,0.0,0.0,0.0,0.0,0.0,0.0,0.0,0.0,0.0,0.0,0.0,0.0,0.0,0.0,0.0,0.0,66.0,0,150,71,52,65476,0,300,0,0,8,20529,65476,0,0,44564,70.0,0.0,0.0,0.0,0.0,0.0
2026-09-10T21:12:42,ERR,ERR,ERR,ERR,ERR,ERR,ERR,ERR,ERR,ERR,ERR,ERR,ERR,ERR,ERR,ERR,ERR,ERR,ERR,ERR,ERR,ERR,ERR,ERR,ERR,ERR,ERR,ERR,ERR,ERR,ERR,ERR,ERR,ERR,ERR,ERR,ERR,ERR,ERR,ERR,ERR,ERR,ERR,ERR,ERR,ERR,ERR,ERR,ERR,ERR,ERR,ERR,ERR,ERR,ERR,ERR,ERR,ERR,ERR,ERR,ERR,ERR,ERR,ERR,ERR,ERR,ERR,ERR,ERR,ERR,ERR,ERR,ERR,ERR,ERR,ERR,ERR,ERR,ERR,ERR,ERR,ERR,ERR,ERR,ERR,ERR,ERR,ERR,ERR,ERR,ERR,ERR,ERR,ERR,ERR,ERR,ERR,ERR,ERR,ERR,ERR,ERR,ERR,ERR,ERR,ERR,ERR,ERR,ERR,ERR,ERR,ERR,ERR,ERR,ERR,ERR,ERR,ERR,ERR,ERR,ERR,ERR,ERR,ERR,ERR,0.0,2.7184303811560617e+23,-100794720.0,0.0,0.0,1.3936040501711995e+18,7.805,0.0,0,0,4,0,7116,0.0,100,0.0,0.0,0.0,0.0,0.0,0,0,0,0,0.0,0,0,0,0,0,0,0,0,0,0,0,0,0,0,0,0,0,0,0,0,0,0,0,0,0,0,0,0,0,0,0,0,0,31,40,40,71,65476,0,300,0,0,8,21553,0.0,-107605600.0,0.0,0.0,0.0,0.0,0.0,0.0,0.0,0.0,0.0,0.0,0.0,0.0,0.0,0.0,0.0,0.0,0.0,0.0,0.0,0.0,-0.0,-0.0,0.0,-0.0,0.0,0.0,0.0,0.0,4470.0,-3.697178656945629e+19,6940.0,0.0,2.7184303811560617e+23,-107615136.0,2.718428940004181e+23,0.0,0.0,0.0,0.0,69,0.0,0.0,0.0,0.0,0.0,0.0,0.0,0.0,0.0,0,0,0,0.0,0.0,0.0,0.0,0.0,0.0,0.0,0.0,0.0,0.0,0.0,0.0,0.0,0.0,0.0,0.0,0,-107875648.0,69,0.0,138,0.0,0.0,0,0,17087,52429,17103,13107,17083,0,0,0,70,68,100,-0.0,82.4,-107615456.0,78.3,-0.0,79.0,1,49,50,180,26215,39322,0,0,0.0,0.0,0.0,0.0,-0.0,67.0,0.0,162057.094,0.0,982,0,1013,0,0,0,955,0,1039,0,936,0,793,0,784,0,823,0,7520,0.032,2.5133688800429264e+20,0.0,0.0,784,16797,-0.0,162057.094,-114818.039,-0.0,0.133,6.909358625270745e+28,30.0,70.0,35,0.0,0.0,0.0,0.0,0.0,0.0,0.0,0.0,0.0,0.0,0.0,0.0,0.0,0.0,0.0,0.0,66.0,0,150,71,52,65476,0,300,0,0,8,20529,65476,0,0,44564,70.0,0.0,0.0,0.0,0.0,0.0
2026-09-10T21:12:43,ERR,ERR,ERR,ERR,ERR,ERR,ERR,ERR,ERR,ERR,ERR,ERR,ERR,ERR,ERR,ERR,ERR,ERR,ERR,ERR,ERR,ERR,ERR,ERR,ERR,ERR,ERR,ERR,ERR,ERR,ERR,ERR,ERR,ERR,ERR,ERR,ERR,ERR,ERR,ERR,ERR,ERR,ERR,ERR,ERR,ERR,ERR,ERR,ERR,ERR,ERR,ERR,ERR,ERR,ERR,ERR,ERR,ERR,ERR,ERR,ERR,ERR,ERR,ERR,ERR,ERR,ERR,ERR,ERR,ERR,ERR,ERR,ERR,ERR,ERR,ERR,ERR,ERR,ERR,ERR,ERR,ERR,ERR,ERR,ERR,ERR,ERR,ERR,ERR,ERR,ERR,ERR,ERR,ERR,ERR,ERR,ERR,ERR,ERR,ERR,ERR,ERR,ERR,ERR,ERR,ERR,ERR,ERR,ERR,ERR,ERR,ERR,ERR,ERR,ERR,ERR,ERR,ERR,ERR,ERR,ERR,ERR,ERR,ERR,ERR,0.0,2.7184303811560617e+23,-100794720.0,0.0,0.0,1.3936040501711995e+18,7.805,0.0,0,0,4,0,7116,0.0,100,0.0,0.0,0.0,0.0,0.0,0,0,0,0,0.0,0,0,0,0,0,0,0,0,0,0,0,0,0,0,0,0,0,0,0,0,0,0,0,0,0,0,0,0,0,0,0,0,0,31,40,40,71,65476,0,300,0,0,8,21553,0.0,-107605600.0,0.0,0.0,0.0,0.0,0.0,0.0,0.0,0.0,0.0,0.0,0.0,0.0,0.0,0.0,0.0,0.0,0.0,0.0,0.0,0.0,-0.0,-0.0,0.0,-0.0,0.0,0.0,0.0,0.0,4470.0,-3.697178656945629e+19,6940.0,0.0,2.7184303811560617e+23,-107615136.0,2.718428940004181e+23,0.0,0.0,0.0,0.0,69,0.0,0.0,0.0,0.0,0.0,0.0,0.0,0.0,0.0,0,0,0,0.0,0.0,0.0,0.0,0.0,0.0,0.0,0.0,0.0,0.0,0.0,0.0,0.0,0.0,0.0,0.0,0,-107875648.0,69,0.0,138,0.0,0.0,0,0,17087,52429,17103,13107,17083,0,0,0,70,68,100,-0.0,82.0,0.0,78.3,-0.0,79.0,1,49,50,180,26215,39322,0,0,0.0,0.0,0.0,0.0,-0.0,67.0,0.0,162057.094,0.0,982,0,1013,0,0,0,955,0,1039,0,936,0,793,0,784,0,823,0,7520,0.032,2.5133688800429264e+20,0.0,0.0,784,16797,-0.0,162057.094,-114818.039,-0.0,0.133,6.909358625270745e+28,30.0,70.0,35,0.0,0.0,0.0,0.0,0.0,0.0,0.0,0.0,0.0,0.0,0.0,0.0,0.0,0.0,0.0,0.0,66.0,0,150,71,52,65476,0,300,0,0,8,20529,65476,0,0,44564,70.0,0.0,0.0,0.0,0.0,0.0
2026-09-10T21:12:44,ERR,ERR,ERR,ERR,ERR,ERR,ERR,ERR,ERR,ERR,ERR,ERR,ERR,ERR,ERR,ERR,ERR,ERR,ERR,ERR,ERR,ERR,ERR,ERR,ERR,ERR,ERR,ERR,ERR,ERR,ERR,ERR,ERR,ERR,ERR,ERR,ERR,ERR,ERR,ERR,ERR,ERR,ERR,ERR,ERR,ERR,ERR,ERR,ERR,ERR,ERR,ERR,ERR,ERR,ERR,ERR,ERR,ERR,ERR,ERR,ERR,ERR,ERR,ERR,ERR,ERR,ERR,ERR,ERR,ERR,ERR,ERR,ERR,ERR,ERR,ERR,ERR,ERR,ERR,ERR,ERR,ERR,ERR,ERR,ERR,ERR,ERR,ERR,ERR,ERR,ERR,ERR,ERR,ERR,ERR,ERR,ERR,ERR,ERR,ERR,ERR,ERR,ERR,ERR,ERR,ERR,ERR,ERR,ERR,ERR,ERR,ERR,ERR,ERR,ERR,ERR,ERR,ERR,ERR,ERR,ERR,ERR,ERR,ERR,ERR,0.0,2.7184303811560617e+23,-100794720.0,0.0,0.0,1.3936040501711995e+18,7.805,0.0,0,0,4,0,7116,0.0,100,0.0,0.0,0.0,0.0,0.0,0,0,0,0,0.0,0,0,0,0,0,0,0,0,0,0,0,0,0,0,0,0,0,0,0,0,0,0,0,0,0,0,0,0,0,0,0,0,0,31,40,40,71,65476,0,300,0,0,8,21553,0.0,-107605600.0,0.0,0.0,0.0,0.0,0.0,0.0,0.0,0.0,0.0,0.0,0.0,0.0,0.0,0.0,0.0,0.0,0.0,0.0,0.0,0.0,-0.0,-0.0,0.0,-0.0,0.0,0.0,0.0,0.0,4470.0,-3.697178656945629e+19,6940.0,0.0,2.7184303811560617e+23,-107615136.0,2.718428940004181e+23,0.0,0.0,0.0,0.0,69,0.0,0.0,0.0,0.0,0.0,0.0,0.0,0.0,0.0,0,0,0,0.0,0.0,0.0,0.0,0.0,0.0,0.0,0.0,0.0,0.0,0.0,0.0,0.0,0.0,0.0,0.0,0,-107875648.0,69,0.0,138,0.0,0.0,0,0,17087,52429,17103,13107,17083,0,0,0,70,68,100,-0.0,82.0,0.0,78.3,-0.0,79.0,1,49,50,180,26215,39322,0,0,0.0,0.0,0.0,0.0,-0.0,67.0,0.0,162057.094,0.0,982,0,1013,0,0,0,955,0,1039,0,936,0,793,0,784,0,823,0,7520,0.032,2.5133688800429264e+20,0.0,0.0,784,16797,-0.0,162057.094,-114818.039,-0.0,0.133,6.909358625270745e+28,30.0,70.0,35,0.0,0.0,0.0,0.0,0.0,0.0,0.0,0.0,0.0,0.0,0.0,0.0,0.0,0.0,0.0,0.0,66.0,0,150,71,52,65476,0,300,0,0,8,20529,65476,0,0,44564,70.0,0.0,0.0,0.0,0.0,0.0
2026-09-10T21:12:45,ERR,ERR,ERR,ERR,ERR,ERR,ERR,ERR,ERR,ERR,ERR,ERR,ERR,ERR,ERR,ERR,ERR,ERR,ERR,ERR,ERR,ERR,ERR,ERR,ERR,ERR,ERR,ERR,ERR,ERR,ERR,ERR,ERR,ERR,ERR,ERR,ERR,ERR,ERR,ERR,ERR,ERR,ERR,ERR,ERR,ERR,ERR,ERR,ERR,ERR,ERR,ERR,ERR,ERR,ERR,ERR,ERR,ERR,ERR,ERR,ERR,ERR,ERR,ERR,ERR,ERR,ERR,ERR,ERR,ERR,ERR,ERR,ERR,ERR,ERR,ERR,ERR,ERR,ERR,ERR,ERR,ERR,ERR,ERR,ERR,ERR,ERR,ERR,ERR,ERR,ERR,ERR,ERR,ERR,ERR,ERR,ERR,ERR,ERR,ERR,ERR,ERR,ERR,ERR,ERR,ERR,ERR,ERR,ERR,ERR,ERR,ERR,ERR,ERR,ERR,ERR,ERR,ERR,ERR,ERR,ERR,ERR,ERR,ERR,ERR,0.0,2.7184303811560617e+23,-100794720.0,0.0,0.0,1.3936040501711995e+18,7.805,0.0,0,0,4,0,7116,0.0,100,0.0,0.0,0.0,0.0,0.0,0,0,0,0,0.0,0,0,0,0,0,0,0,0,0,0,0,0,0,0,0,0,0,0,0,0,0,0,0,0,0,0,0,0,0,0,0,0,0,31,40,40,71,65476,0,300,0,0,8,21553,0.0,-107605600.0,0.0,0.0,0.0,0.0,0.0,0.0,0.0,0.0,0.0,0.0,0.0,0.0,0.0,0.0,0.0,0.0,0.0,0.0,0.0,0.0,-2.004,-0.0,0.0,-0.0,0.0,0.0,0.0,0.0,4469.0,-0.0,6931.0,0.0,0.0,-107615136.0,2.718428940004181e+23,0.0,0.0,0.0,0.0,69,-4.0668816144241325e+29,-0.0,0.0,0.0,0.0,0.0,0.0,0.0,0.0,0,0,0,0.0,0.0,0.0,0.0,0.0,0.0,0.0,0.0,0.0,0.0,0.0,0.0,0.0,0.0,0.0,0.0,0,-107875648.0,69,0.0,138,0.0,0.0,0,0,17087,52429,17103,13107,17083,0,0,0,70,68,100,-0.0,82.0,0.0,78.3,-0.0,79.0,1,49,50,180,26215,39322,0,0,0.0,0.0,0.0,0.0,-0.0,67.0,0.0,162057.094,0.0,982,0,1013,0,0,0,955,0,1039,0,936,0,793,0,784,0,823,0,7520,0.032,2.5133688800429264e+20,0.0,0.0,784,16797,-0.0,162057.094,-114818.039,-0.0,0.133,6.909358625270745e+28,30.0,70.0,35,0.0,0.0,0.0,0.0,0.0,0.0,0.0,0.0,0.0,0.0,0.0,0.0,0.0,0.0,0.0,0.0,66.0,0,150,71,52,65476,0,300,0,0,8,20529,65476,0,0,44564,70.0,0.0,0.0,0.0,0.0,0.0
2026-09-10T21:12:46,ERR,ERR,ERR,ERR,ERR,ERR,ERR,ERR,ERR,ERR,ERR,ERR,ERR,ERR,ERR,ERR,ERR,ERR,ERR,ERR,ERR,ERR,ERR,ERR,ERR,ERR,ERR,ERR,ERR,ERR,ERR,ERR,ERR,ERR,ERR,ERR,ERR,ERR,ERR,ERR,ERR,ERR,ERR,ERR,ERR,ERR,ERR,ERR,ERR,ERR,ERR,ERR,ERR,ERR,ERR,ERR,ERR,ERR,ERR,ERR,ERR,ERR,ERR,ERR,ERR,ERR,ERR,ERR,ERR,ERR,ERR,ERR,ERR,ERR,ERR,ERR,ERR,ERR,ERR,ERR,ERR,ERR,ERR,ERR,ERR,ERR,ERR,ERR,ERR,ERR,ERR,ERR,ERR,ERR,ERR,ERR,ERR,ERR,ERR,ERR,ERR,ERR,ERR,ERR,ERR,ERR,ERR,ERR,ERR,ERR,ERR,ERR,ERR,ERR,ERR,ERR,ERR,ERR,ERR,ERR,ERR,ERR,ERR,ERR,ERR,0.0,2.7184303811560617e+23,-100794720.0,0.0,0.0,1.3936040501711995e+18,7.805,0.0,0,0,4,0,7116,0.0,100,0.0,0.0,0.0,0.0,0.0,0,0,0,0,0.0,0,0,0,0,0,0,0,0,0,0,0,0,0,0,0,0,0,0,0,0,0,0,0,0,0,0,0,0,0,0,0,0,0,31,40,40,71,65476,0,300,0,0,8,21553,0.0,-107605600.0,0.0,0.0,0.0,0.0,0.0,0.0,0.0,0.0,0.0,0.0,0.0,0.0,0.0,0.0,0.0,0.0,0.0,0.0,0.0,0.0,-2.004,-0.0,0.0,-0.0,0.0,0.0,0.0,0.0,4469.0,-0.0,6931.0,0.0,0.0,-107615136.0,2.718428940004181e+23,0.0,0.0,0.0,0.0,69,-4.0668816144241325e+29,-0.0,0.0,0.0,0.0,0.0,0.0,0.0,0.0,0,0,0,0.0,0.0,0.0,0.0,0.0,0.0,0.0,0.0,0.0,0.0,0.0,0.0,0.0,0.0,0.0,0.0,0,-107875648.0,69,0.0,138,0.0,0.0,0,0,17087,52429,17103,13107,17083,0,0,0,70,68,100,-0.0,82.0,0.0,78.3,-0.0,79.0,1,49,50,180,26215,39322,0,0,0.0,0.0,0.0,0.0,-0.0,67.0,0.0,162057.094,0.0,982,0,1013,0,0,0,955,0,1039,0,936,0,793,0,784,0,823,0,7520,0.032,2.5133688800429264e+20,0.0,0.0,784,16797,-0.0,162057.094,-114818.039,-0.0,0.133,6.909358625270745e+28,30.0,70.0,35,0.0,0.0,0.0,0.0,0.0,0.0,0.0,0.0,0.0,0.0,0.0,0.0,0.0,0.0,0.0,0.0,66.0,0,150,71,52,65476,0,300,0,0,8,20529,65476,0,0,44564,70.0,0.0,0.0,0.0,0.0,0.0
2026-09-10T21:12:47,ERR,ERR,ERR,ERR,ERR,ERR,ERR,ERR,ERR,ERR,ERR,ERR,ERR,ERR,ERR,ERR,ERR,ERR,ERR,ERR,ERR,ERR,ERR,ERR,ERR,ERR,ERR,ERR,ERR,ERR,ERR,ERR,ERR,ERR,ERR,ERR,ERR,ERR,ERR,ERR,ERR,ERR,ERR,ERR,ERR,ERR,ERR,ERR,ERR,ERR,ERR,ERR,ERR,ERR,ERR,ERR,ERR,ERR,ERR,ERR,ERR,ERR,ERR,ERR,ERR,ERR,ERR,ERR,ERR,ERR,ERR,ERR,ERR,ERR,ERR,ERR,ERR,ERR,ERR,ERR,ERR,ERR,ERR,ERR,ERR,ERR,ERR,ERR,ERR,ERR,ERR,ERR,ERR,ERR,ERR,ERR,ERR,ERR,ERR,ERR,ERR,ERR,ERR,ERR,ERR,ERR,ERR,ERR,ERR,ERR,ERR,ERR,ERR,ERR,ERR,ERR,ERR,ERR,ERR,ERR,ERR,ERR,ERR,ERR,ERR,0.0,2.7184303811560617e+23,-100794720.0,0.0,0.0,1.3936040501711995e+18,7.805,0.0,0,0,4,0,7116,0.0,100,0.0,0.0,0.0,0.0,0.0,0,0,0,0,0.0,0,0,0,0,0,0,0,0,0,0,0,0,0,0,0,0,0,0,0,0,0,0,0,0,0,0,0,0,0,0,0,0,0,31,40,40,71,65476,0,300,0,0,8,21553,0.0,-107605600.0,0.0,0.0,0.0,0.0,0.0,0.0,0.0,0.0,0.0,0.0,0.0,0.0,0.0,0.0,0.0,0.0,0.0,0.0,0.0,0.0,-2.004,-0.0,0.0,-0.0,0.0,0.0,0.0,0.0,4469.0,-0.0,6931.0,0.0,0.0,-107615136.0,2.718428940004181e+23,0.0,0.0,0.0,0.0,69,-4.0668816144241325e+29,-0.0,0.0,0.0,0.0,0.0,0.0,0.0,0.0,0,0,0,0.0,0.0,0.0,0.0,0.0,0.0,0.0,0.0,0.0,0.0,0.0,0.0,0.0,0.0,0.0,0.0,0,-107875648.0,69,0.0,138,0.0,0.0,0,0,17087,52429,17103,13107,17083,0,0,0,70,68,100,-0.0,82.0,0.0,78.3,-0.0,79.0,1,49,50,180,26215,39322,0,0,0.0,0.0,0.0,0.0,-0.0,67.0,0.0,162057.094,0.0,982,0,1013,0,0,0,955,0,1039,0,936,0,793,0,784,0,823,0,7520,0.032,2.5133688800429264e+20,0.0,0.0,784,16797,-0.0,162057.094,-114818.039,-0.0,0.133,6.909358625270745e+28,30.0,70.0,35,0.0,0.0,0.0,0.0,0.0,0.0,0.0,0.0,0.0,0.0,0.0,0.0,0.0,0.0,0.0,0.0,66.0,0,150,71,52,65476,0,300,0,0,8,20529,65476,0,0,44564,70.0,0.0,0.0,0.0,0.0,0.0
2026-09-10T21:12:48,ERR,ERR,ERR,ERR,ERR,ERR,ERR,ERR,ERR,ERR,ERR,ERR,ERR,ERR,ERR,ERR,ERR,ERR,ERR,ERR,ERR,ERR,ERR,ERR,ERR,ERR,ERR,ERR,ERR,ERR,ERR,ERR,ERR,ERR,ERR,ERR,ERR,ERR,ERR,ERR,ERR,ERR,ERR,ERR,ERR,ERR,ERR,ERR,ERR,ERR,ERR,ERR,ERR,ERR,ERR,ERR,ERR,ERR,ERR,ERR,ERR,ERR,ERR,ERR,ERR,ERR,ERR,ERR,ERR,ERR,ERR,ERR,ERR,ERR,ERR,ERR,ERR,ERR,ERR,ERR,ERR,ERR,ERR,ERR,ERR,ERR,ERR,ERR,ERR,ERR,ERR,ERR,ERR,ERR,ERR,ERR,ERR,ERR,ERR,ERR,ERR,ERR,ERR,ERR,ERR,ERR,ERR,ERR,ERR,ERR,ERR,ERR,ERR,ERR,ERR,ERR,ERR,ERR,ERR,ERR,ERR,ERR,ERR,ERR,ERR,0.0,2.7184303811560617e+23,-100794720.0,0.0,0.0,1.3936040501711995e+18,7.805,0.0,0,0,4,0,7116,0.0,100,0.0,0.0,0.0,0.0,0.0,0,0,0,0,0.0,0,0,0,0,0,0,0,0,0,0,0,0,0,0,0,0,0,0,0,0,0,0,0,0,0,0,0,0,0,0,0,0,0,31,40,40,71,65476,0,300,0,0,8,21553,0.0,-107605600.0,0.0,0.0,0.0,0.0,0.0,0.0,0.0,0.0,0.0,0.0,0.0,0.0,0.0,0.0,0.0,0.0,0.0,0.0,0.0,0.0,-2.004,-0.0,0.0,-0.0,0.0,0.0,0.0,0.0,4469.0,-0.0,6931.0,0.0,0.0,-107615136.0,2.718428940004181e+23,0.0,0.0,0.0,0.0,69,-4.0668816144241325e+29,-0.0,0.0,0.0,0.0,0.0,0.0,0.0,0.0,0,0,0,0.0,0.0,0.0,0.0,0.0,0.0,0.0,0.0,0.0,0.0,0.0,0.0,0.0,0.0,0.0,0.0,0,-107875648.0,69,0.0,138,0.0,0.0,0,0,17087,52429,17103,13107,17083,0,0,0,70,68,100,-0.0,82.4,-107615456.0,78.3,-0.0,79.0,1,49,50,180,26215,39322,0,0,0.0,0.0,0.0,0.0,-0.0,67.0,0.0,162057.094,0.0,982,0,1013,0,0,0,955,0,1039,0,936,0,793,0,784,0,823,0,7520,0.032,2.524898095088995e+20,0.0,0.0,784,16797,-0.0,162057.094,-114818.039,-0.0,0.133,6.909358625270745e+28,30.0,70.0,35,0.0,0.0,0.0,0.0,0.0,0.0,0.0,0.0,0.0,0.0,0.0,0.0,0.0,0.0,0.0,0.0,66.0,0,150,71,52,65476,0,300,0,0,8,20529,65476,0,0,44564,70.0,0.0,0.0,0.0,0.0,0.0
2026-09-10T21:12:49,ERR,ERR,ERR,ERR,ERR,ERR,ERR,ERR,ERR,ERR,ERR,ERR,ERR,ERR,ERR,ERR,ERR,ERR,ERR,ERR,ERR,ERR,ERR,ERR,ERR,ERR,ERR,ERR,ERR,ERR,ERR,ERR,ERR,ERR,ERR,ERR,ERR,ERR,ERR,ERR,ERR,ERR,ERR,ERR,ERR,ERR,ERR,ERR,ERR,ERR,ERR,ERR,ERR,ERR,ERR,ERR,ERR,ERR,ERR,ERR,ERR,ERR,ERR,ERR,ERR,ERR,ERR,ERR,ERR,ERR,ERR,ERR,ERR,ERR,ERR,ERR,ERR,ERR,ERR,ERR,ERR,ERR,ERR,ERR,ERR,ERR,ERR,ERR,ERR,ERR,ERR,ERR,ERR,ERR,ERR,ERR,ERR,ERR,ERR,ERR,ERR,ERR,ERR,ERR,ERR,ERR,ERR,ERR,ERR,ERR,ERR,ERR,ERR,ERR,ERR,ERR,ERR,ERR,ERR,ERR,ERR,ERR,ERR,ERR,ERR,0.0,2.7184303811560617e+23,-100794720.0,0.0,0.0,1.3936040501711995e+18,7.805,0.0,0,0,4,0,7116,0.0,100,0.0,0.0,0.0,0.0,0.0,0,0,0,0,0.0,0,0,0,0,0,0,0,0,0,0,0,0,0,0,0,0,0,0,0,0,0,0,0,0,0,0,0,0,0,0,0,0,0,31,40,40,71,65476,0,300,0,0,8,21553,0.0,-107605600.0,0.0,0.0,0.0,0.0,0.0,0.0,0.0,0.0,0.0,0.0,0.0,0.0,0.0,0.0,0.0,0.0,0.0,0.0,0.0,0.0,-2.004,-0.0,0.0,-0.0,0.0,0.0,0.0,0.0,4469.0,-0.0,6931.0,0.0,0.0,-107615136.0,2.718428940004181e+23,0.0,0.0,0.0,0.0,69,-4.0668816144241325e+29,-0.0,0.0,0.0,0.0,0.0,0.0,0.0,0.0,0,0,0,0.0,0.0,0.0,0.0,0.0,0.0,0.0,0.0,0.0,0.0,0.0,0.0,0.0,0.0,0.0,0.0,0,-107875648.0,69,0.0,138,0.0,0.0,0,0,17087,52429,17103,13107,17083,0,0,0,70,68,100,-0.0,82.4,-107615456.0,78.3,-0.0,79.0,1,49,50,180,26215,39322,0,0,0.0,0.0,0.0,0.0,-0.0,67.0,0.0,162057.094,0.0,982,0,1013,0,0,0,955,0,1039,0,936,0,793,0,784,0,823,0,7520,0.032,2.524898095088995e+20,0.0,0.0,784,16797,-0.0,162057.094,-114818.039,-0.0,0.133,6.909358625270745e+28,30.0,70.0,35,0.0,0.0,0.0,0.0,0.0,0.0,0.0,0.0,0.0,0.0,0.0,0.0,0.0,0.0,0.0,0.0,66.0,0,150,71,52,65476,0,300,0,0,8,20529,65476,0,0,44564,70.0,0.0,0.0,0.0,0.0,0.0
2026-09-10T21:12:50,ERR,ERR,ERR,ERR,ERR,ERR,ERR,ERR,ERR,ERR,ERR,ERR,ERR,ERR,ERR,ERR,ERR,ERR,ERR,ERR,ERR,ERR,ERR,ERR,ERR,ERR,ERR,ERR,ERR,ERR,ERR,ERR,ERR,ERR,ERR,ERR,ERR,ERR,ERR,ERR,ERR,ERR,ERR,ERR,ERR,ERR,ERR,ERR,ERR,ERR,ERR,ERR,ERR,ERR,ERR,ERR,ERR,ERR,ERR,ERR,ERR,ERR,ERR,ERR,ERR,ERR,ERR,ERR,ERR,ERR,ERR,ERR,ERR,ERR,ERR,ERR,ERR,ERR,ERR,ERR,ERR,ERR,ERR,ERR,ERR,ERR,ERR,ERR,ERR,ERR,ERR,ERR,ERR,ERR,ERR,ERR,ERR,ERR,ERR,ERR,ERR,ERR,ERR,ERR,ERR,ERR,ERR,ERR,ERR,ERR,ERR,ERR,ERR,ERR,ERR,ERR,ERR,ERR,ERR,ERR,ERR,ERR,ERR,ERR,ERR,0.0,2.7184303811560617e+23,-100794720.0,0.0,0.0,1.3936040501711995e+18,7.805,0.0,0,0,4,0,7116,0.0,100,0.0,0.0,0.0,0.0,0.0,0,0,0,0,0.0,0,0,0,0,0,0,0,0,0,0,0,0,0,0,0,0,0,0,0,0,0,0,0,0,0,0,0,0,0,0,0,0,0,31,40,40,71,65476,0,300,0,0,8,21553,0.0,-107605600.0,0.0,0.0,0.0,0.0,0.0,0.0,0.0,0.0,0.0,0.0,0.0,0.0,0.0,0.0,0.0,0.0,0.0,0.0,0.0,0.0,-2.004,-0.0,0.0,-0.0,0.0,0.0,0.0,0.0,4469.0,-0.0,6931.0,0.0,0.0,-107615136.0,2.718428940004181e+23,0.0,0.0,0.0,0.0,69,-4.0668816144241325e+29,-0.0,0.0,0.0,0.0,0.0,0.0,0.0,0.0,0,0,0,0.0,0.0,0.0,0.0,0.0,0.0,0.0,0.0,0.0,0.0,0.0,0.0,0.0,0.0,0.0,0.0,0,-107875648.0,69,0.0,138,0.0,0.0,0,0,17087,52429,17103,13107,17083,0,0,0,70,68,100,-0.0,82.4,-107615456.0,78.3,-0.0,79.0,1,49,50,180,26215,39322,0,0,0.0,0.0,0.0,0.0,-0.0,67.0,0.0,162057.094,0.0,982,0,1013,0,0,0,955,0,1039,0,936,0,793,0,784,0,823,0,7520,0.032,2.524898095088995e+20,0.0,0.0,784,16797,-0.0,162057.094,-114818.039,-0.0,0.133,6.909358625270745e+28,30.0,70.0,35,0.0,0.0,0.0,0.0,0.0,0.0,0.0,0.0,0.0,0.0,0.0,0.0,0.0,0.0,0.0,0.0,66.0,0,150,71,52,65476,0,300,0,0,8,20529,65476,0,0,44564,70.0,0.0,0.0,0.0,0.0,0.0
2026-09-10T21:12:51,ERR,ERR,ERR,ERR,ERR,ERR,ERR,ERR,ERR,ERR,ERR,ERR,ERR,ERR,ERR,ERR,ERR,ERR,ERR,ERR,ERR,ERR,ERR,ERR,ERR,ERR,ERR,ERR,ERR,ERR,ERR,ERR,ERR,ERR,ERR,ERR,ERR,ERR,ERR,ERR,ERR,ERR,ERR,ERR,ERR,ERR,ERR,ERR,ERR,ERR,ERR,ERR,ERR,ERR,ERR,ERR,ERR,ERR,ERR,ERR,ERR,ERR,ERR,ERR,ERR,ERR,ERR,ERR,ERR,ERR,ERR,ERR,ERR,ERR,ERR,ERR,ERR,ERR,ERR,ERR,ERR,ERR,ERR,ERR,ERR,ERR,ERR,ERR,ERR,ERR,ERR,ERR,ERR,ERR,ERR,ERR,ERR,ERR,ERR,ERR,ERR,ERR,ERR,ERR,ERR,ERR,ERR,ERR,ERR,ERR,ERR,ERR,ERR,ERR,ERR,ERR,ERR,ERR,ERR,ERR,ERR,ERR,ERR,ERR,ERR,0.0,0.0,2.6474835549302285e+23,0.0,0.0,1.3936040501711995e+18,7.805,0.0,0,0,4,0,7116,0.0,100,0.0,0.0,0.0,0.0,0.0,0,0,0,0,0.0,0,0,0,0,0,0,0,0,0,0,0,0,0,0,0,0,0,0,0,0,0,0,0,0,0,0,0,0,0,0,0,0,0,31,40,40,71,65476,0,300,0,0,8,21553,0.0,-107605600.0,0.0,0.0,0.0,0.0,0.0,0.0,0.0,0.0,0.0,0.0,0.0,0.0,0.0,0.0,0.0,0.0,0.0,0.0,0.0,0.0,-2.004,2.004,0.0,-0.0,0.0,0.0,0.0,0.0,4470.0,-8608164864.0,6938.0,0.0,2.7184303811560617e+23,-107615136.0,-0.0,0.0,0.0,0.0,0.0,69,0.0,-4.950393007110635e+32,0.0,0.0,0.0,0.0,0.0,0.0,0.0,0,0,0,0.0,0.0,0.0,0.0,0.0,0.0,0.0,0.0,0.0,0.0,0.0,0.0,0.0,0.0,0.0,0.0,0,-107875648.0,69,0.0,138,0.0,0.0,0,0,17087,52429,17103,13107,17083,0,0,0,70,68,100,-0.0,82.4,-107615456.0,78.3,-0.0,79.0,1,49,50,180,26215,39322,0,0,0.0,0.0,0.0,0.0,-0.0,67.0,0.0,162057.094,0.0,982,0,1013,0,0,0,955,0,1039,0,936,0,793,0,784,0,823,0,7520,0.032,2.524898095088995e+20,0.0,0.0,784,16797,-0.0,162057.094,-114818.039,-0.0,0.133,6.909358625270745e+28,30.0,70.0,35,0.0,0.0,0.0,0.0,0.0,0.0,0.0,0.0,0.0,0.0,0.0,0.0,0.0,0.0,0.0,0.0,66.0,0,150,71,52,65476,0,300,0,0,8,20529,65476,0,0,44564,70.0,0.0,0.0,0.0,0.0,0.0
2026-09-10T21:12:52,ERR,ERR,ERR,ERR,ERR,ERR,ERR,ERR,ERR,ERR,ERR,ERR,ERR,ERR,ERR,ERR,ERR,ERR,ERR,ERR,ERR,ERR,ERR,ERR,ERR,ERR,ERR,ERR,ERR,ERR,ERR,ERR,ERR,ERR,ERR,ERR,ERR,ERR,ERR,ERR,ERR,ERR,ERR,ERR,ERR,ERR,ERR,ERR,ERR,ERR,ERR,ERR,ERR,ERR,ERR,ERR,ERR,ERR,ERR,ERR,ERR,ERR,ERR,ERR,ERR,ERR,ERR,ERR,ERR,ERR,ERR,ERR,ERR,ERR,ERR,ERR,ERR,ERR,ERR,ERR,ERR,ERR,ERR,ERR,ERR,ERR,ERR,ERR,ERR,ERR,ERR,ERR,ERR,ERR,ERR,ERR,ERR,ERR,ERR,ERR,ERR,ERR,ERR,ERR,ERR,ERR,ERR,ERR,ERR,ERR,ERR,ERR,ERR,ERR,ERR,ERR,ERR,ERR,ERR,ERR,ERR,ERR,ERR,ERR,ERR,0.0,0.0,2.6474835549302285e+23,0.0,0.0,1.3936040501711995e+18,7.805,0.0,0,0,4,0,7116,0.0,100,0.0,0.0,0.0,0.0,0.0,0,0,0,0,0.0,0,0,0,0,0,0,0,0,0,0,0,0,0,0,0,0,0,0,0,0,0,0,0,0,0,0,0,0,0,0,0,0,0,31,40,40,71,65476,0,300,0,0,8,21553,0.0,-107605600.0,0.0,0.0,0.0,0.0,0.0,0.0,0.0,0.0,0.0,0.0,0.0,0.0,0.0,0.0,0.0,0.0,0.0,0.0,0.0,0.0,-2.004,2.004,0.0,-0.0,0.0,0.0,0.0,0.0,4470.0,-8608164864.0,6938.0,0.0,2.7184303811560617e+23,-107615136.0,-0.0,0.0,0.0,0.0,0.0,69,0.0,-4.950393007110635e+32,0.0,0.0,0.0,0.0,0.0,0.0,0.0,0,0,0,0.0,0.0,0.0,0.0,0.0,0.0,0.0,0.0,0.0,0.0,0.0,0.0,0.0,0.0,0.0,0.0,0,-107875648.0,69,0.0,138,0.0,0.0,0,0,17087,52429,17103,13107,17083,0,0,0,70,68,100,-0.0,82.4,-107615456.0,78.3,-0.0,79.0,1,49,50,180,26215,39322,0,0,0.0,0.0,0.0,0.0,-0.0,67.0,0.0,162057.094,0.0,982,0,1013,0,0,0,955,0,1039,0,936,0,793,0,784,0,823,0,7520,0.032,2.5133688800429264e+20,0.0,0.0,784,16797,-0.0,162057.094,-114818.039,-0.0,0.133,6.909358625270745e+28,30.0,70.0,35,0.0,0.0,0.0,0.0,0.0,0.0,0.0,0.0,0.0,0.0,0.0,0.0,0.0,0.0,0.0,0.0,66.0,0,150,71,52,65476,0,300,0,0,8,20529,65476,0,0,44564,70.0,0.0,0.0,0.0,0.0,0.0
2026-09-10T21:12:53,ERR,ERR,ERR,ERR,ERR,ERR,ERR,ERR,ERR,ERR,ERR,ERR,ERR,ERR,ERR,ERR,ERR,ERR,ERR,ERR,ERR,ERR,ERR,ERR,ERR,ERR,ERR,ERR,ERR,ERR,ERR,ERR,ERR,ERR,ERR,ERR,ERR,ERR,ERR,ERR,ERR,ERR,ERR,ERR,ERR,ERR,ERR,ERR,ERR,ERR,ERR,ERR,ERR,ERR,ERR,ERR,ERR,ERR,ERR,ERR,ERR,ERR,ERR,ERR,ERR,ERR,ERR,ERR,ERR,ERR,ERR,ERR,ERR,ERR,ERR,ERR,ERR,ERR,ERR,ERR,ERR,ERR,ERR,ERR,ERR,ERR,ERR,ERR,ERR,ERR,ERR,ERR,ERR,ERR,ERR,ERR,ERR,ERR,ERR,ERR,ERR,ERR,ERR,ERR,ERR,ERR,ERR,ERR,ERR,ERR,ERR,ERR,ERR,ERR,ERR,ERR,ERR,ERR,ERR,ERR,ERR,ERR,ERR,ERR,ERR,0.0,0.0,2.6474835549302285e+23,0.0,0.0,1.3936040501711995e+18,7.805,0.0,0,0,4,0,7116,0.0,100,0.0,0.0,0.0,0.0,0.0,0,0,0,0,0.0,0,0,0,0,0,0,0,0,0,0,0,0,0,0,0,0,0,0,0,0,0,0,0,0,0,0,0,0,0,0,0,0,0,31,40,40,71,65476,0,300,0,0,8,21553,0.0,-107605600.0,0.0,0.0,0.0,0.0,0.0,0.0,0.0,0.0,0.0,0.0,0.0,0.0,0.0,0.0,0.0,0.0,0.0,0.0,0.0,0.0,-2.004,2.004,0.0,-0.0,0.0,0.0,0.0,0.0,4470.0,-8608164864.0,6938.0,0.0,2.7184303811560617e+23,-107615136.0,-0.0,0.0,0.0,0.0,0.0,69,0.0,-4.950393007110635e+32,0.0,0.0,0.0,0.0,0.0,0.0,0.0,0,0,0,0.0,0.0,0.0,0.0,0.0,0.0,0.0,0.0,0.0,0.0,0.0,0.0,0.0,0.0,0.0,0.0,0,-107875648.0,69,0.0,138,0.0,0.0,0,0,17087,52429,17103,13107,17083,0,0,0,70,68,100,-0.0,82.4,-107615456.0,78.3,-0.0,79.0,1,49,50,180,26215,39322,0,0,0.0,0.0,0.0,0.0,-0.0,67.0,0.0,162057.094,0.0,982,0,1013,0,0,0,955,0,1039,0,936,0,793,0,784,0,823,0,7520,0.032,2.5133688800429264e+20,0.0,0.0,784,16797,-0.0,162057.094,-114818.039,-0.0,0.133,6.909358625270745e+28,30.0,70.0,35,0.0,0.0,0.0,0.0,0.0,0.0,0.0,0.0,0.0,0.0,0.0,0.0,0.0,0.0,0.0,0.0,66.0,0,150,71,52,65476,0,300,0,0,8,20529,65476,0,0,44564,70.0,0.0,0.0,0.0,0.0,0.0
2026-09-10T21:12:54,ERR,ERR,ERR,ERR,ERR,ERR,ERR,ERR,ERR,ERR,ERR,ERR,ERR,ERR,ERR,ERR,ERR,ERR,ERR,ERR,ERR,ERR,ERR,ERR,ERR,ERR,ERR,ERR,ERR,ERR,ERR,ERR,ERR,ERR,ERR,ERR,ERR,ERR,ERR,ERR,ERR,ERR,ERR,ERR,ERR,ERR,ERR,ERR,ERR,ERR,ERR,ERR,ERR,ERR,ERR,ERR,ERR,ERR,ERR,ERR,ERR,ERR,ERR,ERR,ERR,ERR,ERR,ERR,ERR,ERR,ERR,ERR,ERR,ERR,ERR,ERR,ERR,ERR,ERR,ERR,ERR,ERR,ERR,ERR,ERR,ERR,ERR,ERR,ERR,ERR,ERR,ERR,ERR,ERR,ERR,ERR,ERR,ERR,ERR,ERR,ERR,ERR,ERR,ERR,ERR,ERR,ERR,ERR,ERR,ERR,ERR,ERR,ERR,ERR,ERR,ERR,ERR,ERR,ERR,ERR,ERR,ERR,ERR,ERR,ERR,0.0,0.0,2.6474835549302285e+23,0.0,0.0,1.3936040501711995e+18,7.805,0.0,0,0,4,0,7116,0.0,100,0.0,0.0,0.0,0.0,0.0,0,0,0,0,0.0,0,0,0,0,0,0,0,0,0,0,0,0,0,0,0,0,0,0,0,0,0,0,0,0,0,0,0,0,0,0,0,0,0,31,40,40,71,65476,0,300,0,0,8,21553,0.0,-107605600.0,0.0,0.0,0.0,0.0,0.0,0.0,0.0,0.0,0.0,0.0,0.0,0.0,0.0,0.0,0.0,0.0,0.0,0.0,0.0,0.0,-2.004,2.004,0.0,-0.0,0.0,0.0,0.0,0.0,4470.0,-8608164864.0,6938.0,0.0,2.7184303811560617e+23,-107615136.0,-0.0,0.0,0.0,0.0,0.0,69,0.0,-4.950393007110635e+32,0.0,0.0,0.0,0.0,0.0,0.0,0.0,0,0,0,0.0,0.0,0.0,0.0,0.0,0.0,0.0,0.0,0.0,0.0,0.0,0.0,0.0,0.0,0.0,0.0,0,-107875648.0,69,0.0,138,0.0,0.0,0,0,17087,52429,17103,13107,17083,0,0,0,70,68,100,-0.0,82.4,-107615456.0,78.3,-0.0,79.0,1,49,50,180,26215,39322,0,0,0.0,0.0,0.0,0.0,-0.0,67.0,0.0,162057.094,0.0,982,0,1013,0,0,0,955,0,1039,0,936,0,793,0,784,0,823,0,7520,0.032,2.5133688800429264e+20,0.0,0.0,784,16797,-0.0,162057.094,-114818.039,-0.0,0.133,6.909358625270745e+28,30.0,70.0,35,0.0,0.0,0.0,0.0,0.0,0.0,0.0,0.0,0.0,0.0,0.0,0.0,0.0,0.0,0.0,0.0,66.0,0,150,71,52,65476,0,300,0,0,8,20529,65476,0,0,44564,70.0,0.0,0.0,0.0,0.0,0.0
2026-09-10T21:12:55,ERR,ERR,ERR,ERR,ERR,ERR,ERR,ERR,ERR,ERR,ERR,ERR,ERR,ERR,ERR,ERR,ERR,ERR,ERR,ERR,ERR,ERR,ERR,ERR,ERR,ERR,ERR,ERR,ERR,ERR,ERR,ERR,ERR,ERR,ERR,ERR,ERR,ERR,ERR,ERR,ERR,ERR,ERR,ERR,ERR,ERR,ERR,ERR,ERR,ERR,ERR,ERR,ERR,ERR,ERR,ERR,ERR,ERR,ERR,ERR,ERR,ERR,ERR,ERR,ERR,ERR,ERR,ERR,ERR,ERR,ERR,ERR,ERR,ERR,ERR,ERR,ERR,ERR,ERR,ERR,ERR,ERR,ERR,ERR,ERR,ERR,ERR,ERR,ERR,ERR,ERR,ERR,ERR,ERR,ERR,ERR,ERR,ERR,ERR,ERR,ERR,ERR,ERR,ERR,ERR,ERR,ERR,ERR,ERR,ERR,ERR,ERR,ERR,ERR,ERR,ERR,ERR,ERR,ERR,ERR,ERR,ERR,ERR,ERR,ERR,0.0,0.0,2.6474835549302285e+23,0.0,0.0,1.3936040501711995e+18,7.805,0.0,0,0,4,0,7116,0.0,100,0.0,0.0,0.0,0.0,0.0,0,0,0,0,0.0,0,0,0,0,0,0,0,0,0,0,0,0,0,0,0,0,0,0,0,0,0,0,0,0,0,0,0,0,0,0,0,0,0,31,40,40,71,65476,0,300,0,0,8,21553,0.0,-107605600.0,0.0,0.0,0.0,0.0,0.0,0.0,0.0,0.0,0.0,0.0,0.0,0.0,0.0,0.0,0.0,0.0,0.0,0.0,0.0,0.0,-2.004,2.004,0.0,-0.0,0.0,0.0,0.0,0.0,4470.0,-8608164864.0,6938.0,0.0,2.7184303811560617e+23,-107615136.0,-0.0,0.0,0.0,0.0,0.0,69,0.0,-4.950393007110635e+32,0.0,0.0,0.0,0.0,0.0,0.0,0.0,0,0,0,0.0,0.0,0.0,0.0,0.0,0.0,0.0,0.0,0.0,0.0,0.0,0.0,0.0,0.0,0.0,0.0,0,-107875648.0,69,0.0,138,0.0,0.0,0,0,17087,52429,17103,13107,17083,0,0,0,70,68,100,-0.0,82.4,-107615456.0,78.3,-0.0,79.0,1,49,50,180,26215,39322,0,0,0.0,0.0,0.0,0.0,-0.0,67.0,0.0,162057.094,0.0,982,0,1013,0,0,0,955,0,1039,0,936,0,793,0,784,0,823,0,7520,0.032,2.5133688800429264e+20,0.0,0.0,784,16797,-0.0,162057.094,-114818.039,-0.0,0.133,6.909358625270745e+28,30.0,70.0,35,0.0,0.0,0.0,0.0,0.0,0.0,0.0,0.0,0.0,0.0,0.0,0.0,0.0,0.0,0.0,0.0,66.0,0,150,71,52,65476,0,300,0,0,8,20529,65476,0,0,44564,70.0,0.0,0.0,0.0,0.0,0.0
2026-09-10T21:12:56,ERR,ERR,ERR,ERR,ERR,ERR,ERR,ERR,ERR,ERR,ERR,ERR,ERR,ERR,ERR,ERR,ERR,ERR,ERR,ERR,ERR,ERR,ERR,ERR,ERR,ERR,ERR,ERR,ERR,ERR,ERR,ERR,ERR,ERR,ERR,ERR,ERR,ERR,ERR,ERR,ERR,ERR,ERR,ERR,ERR,ERR,ERR,ERR,ERR,ERR,ERR,ERR,ERR,ERR,ERR,ERR,ERR,ERR,ERR,ERR,ERR,ERR,ERR,ERR,ERR,ERR,ERR,ERR,ERR,ERR,ERR,ERR,ERR,ERR,ERR,ERR,ERR,ERR,ERR,ERR,ERR,ERR,ERR,ERR,ERR,ERR,ERR,ERR,ERR,ERR,ERR,ERR,ERR,ERR,ERR,ERR,ERR,ERR,ERR,ERR,ERR,ERR,ERR,ERR,ERR,ERR,ERR,ERR,ERR,ERR,ERR,ERR,ERR,ERR,ERR,ERR,ERR,ERR,ERR,ERR,ERR,ERR,ERR,ERR,ERR,0.0,0.0,2.6474835549302285e+23,0.0,0.0,1.3936040501711995e+18,7.805,0.0,0,0,4,0,7116,0.0,100,0.0,0.0,0.0,0.0,0.0,0,0,0,0,0.0,0,0,0,0,0,0,0,0,0,0,0,0,0,0,0,0,0,0,0,0,0,0,0,0,0,0,0,0,0,0,0,0,0,31,40,40,71,65476,0,300,0,0,8,21553,0.0,-107605600.0,0.0,0.0,0.0,0.0,0.0,0.0,0.0,0.0,0.0,0.0,0.0,0.0,0.0,0.0,0.0,0.0,0.0,0.0,0.0,0.0,-2.004,2.004,0.0,-0.0,0.0,0.0,0.0,0.0,4470.0,-8608164864.0,6938.0,0.0,2.7184303811560617e+23,-107615136.0,-0.0,0.0,0.0,0.0,0.0,69,0.0,-4.950393007110635e+32,0.0,0.0,0.0,0.0,0.0,0.0,0.0,0,0,0,0.0,0.0,0.0,0.0,0.0,0.0,0.0,0.0,0.0,0.0,0.0,0.0,0.0,0.0,0.0,0.0,0,-107875648.0,69,0.0,138,0.0,0.0,0,0,17087,52429,17103,13107,17083,0,0,0,70,68,100,-0.0,82.4,-107615456.0,78.3,-0.0,79.0,1,49,50,180,26215,39322,0,0,0.0,0.0,0.0,0.0,-0.0,67.0,0.0,162057.094,0.0,982,0,1013,0,0,0,955,0,1039,0,936,0,793,0,784,0,823,0,7520,0.032,2.5133688800429264e+20,0.0,0.0,784,16797,-0.0,162057.094,-114818.039,-0.0,0.133,6.909358625270745e+28,30.0,70.0,35,0.0,0.0,0.0,0.0,0.0,0.0,0.0,0.0,0.0,0.0,0.0,0.0,0.0,0.0,0.0,0.0,66.0,0,150,71,52,65476,0,300,0,0,8,20529,65476,0,0,44564,70.0,0.0,0.0,0.0,0.0,0.0
2026-09-10T21:12:57,ERR,ERR,ERR,ERR,ERR,ERR,ERR,ERR,ERR,ERR,ERR,ERR,ERR,ERR,ERR,ERR,ERR,ERR,ERR,ERR,ERR,ERR,ERR,ERR,ERR,ERR,ERR,ERR,ERR,ERR,ERR,ERR,ERR,ERR,ERR,ERR,ERR,ERR,ERR,ERR,ERR,ERR,ERR,ERR,ERR,ERR,ERR,ERR,ERR,ERR,ERR,ERR,ERR,ERR,ERR,ERR,ERR,ERR,ERR,ERR,ERR,ERR,ERR,ERR,ERR,ERR,ERR,ERR,ERR,ERR,ERR,ERR,ERR,ERR,ERR,ERR,ERR,ERR,ERR,ERR,ERR,ERR,ERR,ERR,ERR,ERR,ERR,ERR,ERR,ERR,ERR,ERR,ERR,ERR,ERR,ERR,ERR,ERR,ERR,ERR,ERR,ERR,ERR,ERR,ERR,ERR,ERR,ERR,ERR,ERR,ERR,ERR,ERR,ERR,ERR,ERR,ERR,ERR,ERR,ERR,ERR,ERR,ERR,ERR,ERR,0.0,0.0,2.6474835549302285e+23,0.0,0.0,1.3936040501711995e+18,7.805,0.0,0,0,4,0,7116,0.0,100,0.0,0.0,0.0,0.0,0.0,0,0,0,0,0.0,0,0,0,0,0,0,0,0,0,0,0,0,0,0,0,0,0,0,0,0,0,0,0,0,0,0,0,0,0,0,0,0,0,31,40,40,71,65476,0,300,0,0,8,21553,0.0,-107605600.0,0.0,0.0,0.0,0.0,0.0,0.0,0.0,0.0,0.0,0.0,0.0,0.0,0.0,0.0,0.0,0.0,0.0,0.0,0.0,0.0,-2.004,2.004,0.0,-0.0,0.0,0.0,0.0,0.0,4471.0,-0.0,6933.0,0.0,2.7184303811560617e+23,-107615136.0,-0.0,0.0,0.0,0.0,0.0,69,-4.950430145311814e+32,-71.629,0.0,0.0,0.0,0.0,0.0,0.0,0.0,0,0,0,0.0,0.0,0.0,0.0,0.0,0.0,0.0,0.0,0.0,0.0,0.0,0.0,0.0,0.0,0.0,0.0,0,-107875648.0,69,0.0,138,0.0,0.0,0,0,17087,52429,17103,13107,17083,0,0,0,70,68,100,-0.0,82.4,-107615456.0,78.3,-0.0,79.0,1,49,50,180,26215,39322,0,0,0.0,0.0,0.0,0.0,-0.0,67.0,0.0,162057.094,0.0,982,0,1013,0,0,0,955,0,1039,0,936,0,793,0,784,0,823,0,7520,0.032,2.524898095088995e+20,0.0,0.0,784,16797,-0.0,162057.094,-114818.039,-0.0,0.133,6.909358625270745e+28,30.0,70.0,35,0.0,0.0,0.0,0.0,0.0,0.0,0.0,0.0,0.0,0.0,0.0,0.0,0.0,0.0,0.0,0.0,66.0,0,150,71,52,65476,0,300,0,0,8,20529,65476,0,0,44564,70.0,0.0,0.0,0.0,0.0,0.0
2026-09-10T21:12:58,ERR,ERR,ERR,ERR,ERR,ERR,ERR,ERR,ERR,ERR,ERR,ERR,ERR,ERR,ERR,ERR,ERR,ERR,ERR,ERR,ERR,ERR,ERR,ERR,ERR,ERR,ERR,ERR,ERR,ERR,ERR,ERR,ERR,ERR,ERR,ERR,ERR,ERR,ERR,ERR,ERR,ERR,ERR,ERR,ERR,ERR,ERR,ERR,ERR,ERR,ERR,ERR,ERR,ERR,ERR,ERR,ERR,ERR,ERR,ERR,ERR,ERR,ERR,ERR,ERR,ERR,ERR,ERR,ERR,ERR,ERR,ERR,ERR,ERR,ERR,ERR,ERR,ERR,ERR,ERR,ERR,ERR,ERR,ERR,ERR,ERR,ERR,ERR,ERR,ERR,ERR,ERR,ERR,ERR,ERR,ERR,ERR,ERR,ERR,ERR,ERR,ERR,ERR,ERR,ERR,ERR,ERR,ERR,ERR,ERR,ERR,ERR,ERR,ERR,ERR,ERR,ERR,ERR,ERR,ERR,ERR,ERR,ERR,ERR,ERR,0.0,0.0,2.6474835549302285e+23,0.0,0.0,1.3936040501711995e+18,7.805,0.0,0,0,4,0,7116,0.0,100,0.0,0.0,0.0,0.0,0.0,0,0,0,0,0.0,0,0,0,0,0,0,0,0,0,0,0,0,0,0,0,0,0,0,0,0,0,0,0,0,0,0,0,0,0,0,0,0,0,31,40,40,71,65476,0,300,0,0,8,21553,0.0,-107605600.0,0.0,0.0,0.0,0.0,0.0,0.0,0.0,0.0,0.0,0.0,0.0,0.0,0.0,0.0,0.0,0.0,0.0,0.0,0.0,0.0,-2.004,2.004,0.0,-0.0,0.0,0.0,0.0,0.0,4471.0,-0.0,6933.0,0.0,2.7184303811560617e+23,-107615136.0,-0.0,0.0,0.0,0.0,0.0,69,-4.950430145311814e+32,-71.629,0.0,0.0,0.0,0.0,0.0,0.0,0.0,0,0,0,0.0,0.0,0.0,0.0,0.0,0.0,0.0,0.0,0.0,0.0,0.0,0.0,0.0,0.0,0.0,0.0,0,-107875648.0,69,0.0,138,0.0,0.0,0,0,17087,52429,17103,13107,17083,0,0,0,70,68,100,-0.0,82.4,-107615456.0,78.3,-0.0,79.0,1,49,50,180,26215,39322,0,0,0.0,0.0,0.0,0.0,-0.0,67.0,0.0,162057.094,0.0,982,0,1013,0,0,0,955,0,1039,0,936,0,793,0,784,0,823,0,7520,0.032,2.524898095088995e+20,0.0,0.0,784,16797,-0.0,162057.094,-114818.039,-0.0,0.133,6.909358625270745e+28,30.0,70.0,35,0.0,0.0,0.0,0.0,0.0,0.0,0.0,0.0,0.0,0.0,0.0,0.0,0.0,0.0,0.0,0.0,66.0,0,150,71,52,65476,0,300,0,0,8,20529,65476,0,0,44564,70.0,0.0,0.0,0.0,0.0,0.0
2026-09-10T21:12:59,ERR,ERR,ERR,ERR,ERR,ERR,ERR,ERR,ERR,ERR,ERR,ERR,ERR,ERR,ERR,ERR,ERR,ERR,ERR,ERR,ERR,ERR,ERR,ERR,ERR,ERR,ERR,ERR,ERR,ERR,ERR,ERR,ERR,ERR,ERR,ERR,ERR,ERR,ERR,ERR,ERR,ERR,ERR,ERR,ERR,ERR,ERR,ERR,ERR,ERR,ERR,ERR,ERR,ERR,ERR,ERR,ERR,ERR,ERR,ERR,ERR,ERR,ERR,ERR,ERR,ERR,ERR,ERR,ERR,ERR,ERR,ERR,ERR,ERR,ERR,ERR,ERR,ERR,ERR,ERR,ERR,ERR,ERR,ERR,ERR,ERR,ERR,ERR,ERR,ERR,ERR,ERR,ERR,ERR,ERR,ERR,ERR,ERR,ERR,ERR,ERR,ERR,ERR,ERR,ERR,ERR,ERR,ERR,ERR,ERR,ERR,ERR,ERR,ERR,ERR,ERR,ERR,ERR,ERR,ERR,ERR,ERR,ERR,ERR,ERR,0.0,0.0,2.6474835549302285e+23,0.0,0.0,1.3936040501711995e+18,7.805,0.0,0,0,4,0,7116,0.0,100,0.0,0.0,0.0,0.0,0.0,0,0,0,0,0.0,0,0,0,0,0,0,0,0,0,0,0,0,0,0,0,0,0,0,0,0,0,0,0,0,0,0,0,0,0,0,0,0,0,31,40,40,71,65476,0,300,0,0,8,21553,0.0,-107605600.0,0.0,0.0,0.0,0.0,0.0,0.0,0.0,0.0,0.0,0.0,0.0,0.0,0.0,0.0,0.0,0.0,0.0,0.0,0.0,0.0,-2.004,2.004,0.0,-0.0,0.0,0.0,0.0,0.0,4471.0,-0.0,6933.0,0.0,2.7184303811560617e+23,-107615136.0,-0.0,0.0,0.0,0.0,0.0,69,-4.950430145311814e+32,-71.629,0.0,0.0,0.0,0.0,0.0,0.0,0.0,0,0,0,0.0,0.0,0.0,0.0,0.0,0.0,0.0,0.0,0.0,0.0,0.0,0.0,0.0,0.0,0.0,0.0,0,-107875648.0,69,0.0,138,0.0,0.0,0,0,17087,52429,17103,13107,17083,0,0,0,70,68,100,-0.0,82.4,-107615456.0,78.3,-0.0,79.0,1,49,50,180,26215,39322,0,0,0.0,0.0,0.0,0.0,-0.0,67.0,0.0,162057.094,0.0,982,0,1013,0,0,0,955,0,1039,0,936,0,793,0,784,0,823,0,7520,0.032,2.524898095088995e+20,0.0,0.0,784,16797,-0.0,162057.094,-114818.039,-0.0,0.133,6.909358625270745e+28,30.0,70.0,35,0.0,0.0,0.0,0.0,0.0,0.0,0.0,0.0,0.0,0.0,0.0,0.0,0.0,0.0,0.0,0.0,66.0,0,150,71,52,65476,0,300,0,0,8,20529,65476,0,0,44564,70.0,0.0,0.0,0.0,0.0,0.0
2026-09-10T21:13:00,ERR,ERR,ERR,ERR,ERR,ERR,ERR,ERR,ERR,ERR,ERR,ERR,ERR,ERR,ERR,ERR,ERR,ERR,ERR,ERR,ERR,ERR,ERR,ERR,ERR,ERR,ERR,ERR,ERR,ERR,ERR,ERR,ERR,ERR,ERR,ERR,ERR,ERR,ERR,ERR,ERR,ERR,ERR,ERR,ERR,ERR,ERR,ERR,ERR,ERR,ERR,ERR,ERR,ERR,ERR,ERR,ERR,ERR,ERR,ERR,ERR,ERR,ERR,ERR,ERR,ERR,ERR,ERR,ERR,ERR,ERR,ERR,ERR,ERR,ERR,ERR,ERR,ERR,ERR,ERR,ERR,ERR,ERR,ERR,ERR,ERR,ERR,ERR,ERR,ERR,ERR,ERR,ERR,ERR,ERR,ERR,ERR,ERR,ERR,ERR,ERR,ERR,ERR,ERR,ERR,ERR,ERR,ERR,ERR,ERR,ERR,ERR,ERR,ERR,ERR,ERR,ERR,ERR,ERR,ERR,ERR,ERR,ERR,ERR,ERR,0.0,0.0,2.6474835549302285e+23,0.0,0.0,1.3936040501711995e+18,7.805,0.0,0,0,4,0,7116,0.0,100,0.0,0.0,0.0,0.0,0.0,0,0,0,0,0.0,0,0,0,0,0,0,0,0,0,0,0,0,0,0,0,0,0,0,0,0,0,0,0,0,0,0,0,0,0,0,0,0,0,31,40,40,71,65476,0,300,0,0,8,21553,0.0,-107605600.0,0.0,0.0,0.0,0.0,0.0,0.0,0.0,0.0,0.0,0.0,0.0,0.0,0.0,0.0,0.0,0.0,0.0,0.0,0.0,0.0,-2.004,2.004,0.0,-0.0,0.0,0.0,0.0,0.0,4471.0,-0.0,6933.0,0.0,2.7184303811560617e+23,-107615136.0,-0.0,0.0,0.0,0.0,0.0,69,-4.950430145311814e+32,-71.629,0.0,0.0,0.0,0.0,0.0,0.0,0.0,0,0,0,0.0,0.0,0.0,0.0,0.0,0.0,0.0,0.0,0.0,0.0,0.0,0.0,0.0,0.0,0.0,0.0,0,-107875648.0,69,0.0,138,0.0,0.0,0,0,17087,52429,17103,13107,17083,0,0,0,70,68,100,-0.0,82.4,-107615456.0,78.3,-0.0,79.0,1,49,50,180,26215,39322,0,0,0.0,0.0,0.0,0.0,-0.0,67.0,0.0,162057.094,0.0,982,0,1013,0,0,0,955,0,1039,0,936,0,793,0,784,0,823,0,7520,0.032,2.524898095088995e+20,0.0,0.0,784,16797,-0.0,162057.094,-114818.039,-0.0,0.133,6.909358625270745e+28,30.0,70.0,35,0.0,0.0,0.0,0.0,0.0,0.0,0.0,0.0,0.0,0.0,0.0,0.0,0.0,0.0,0.0,0.0,66.0,0,150,71,52,65476,0,300,0,0,8,20529,65476,0,0,44564,70.0,0.0,0.0,0.0,0.0,0.0
2026-09-10T21:13:01,ERR,ERR,ERR,ERR,ERR,ERR,ERR,ERR,ERR,ERR,ERR,ERR,ERR,ERR,ERR,ERR,ERR,ERR,ERR,ERR,ERR,ERR,ERR,ERR,ERR,ERR,ERR,ERR,ERR,ERR,ERR,ERR,ERR,ERR,ERR,ERR,ERR,ERR,ERR,ERR,ERR,ERR,ERR,ERR,ERR,ERR,ERR,ERR,ERR,ERR,ERR,ERR,ERR,ERR,ERR,ERR,ERR,ERR,ERR,ERR,ERR,ERR,ERR,ERR,ERR,ERR,ERR,ERR,ERR,ERR,ERR,ERR,ERR,ERR,ERR,ERR,ERR,ERR,ERR,ERR,ERR,ERR,ERR,ERR,ERR,ERR,ERR,ERR,ERR,ERR,ERR,ERR,ERR,ERR,ERR,ERR,ERR,ERR,ERR,ERR,ERR,ERR,ERR,ERR,ERR,ERR,ERR,ERR,ERR,ERR,ERR,ERR,ERR,ERR,ERR,ERR,ERR,ERR,ERR,ERR,ERR,ERR,ERR,ERR,ERR,0.0,0.0,2.6474835549302285e+23,0.0,0.0,1.3936040501711995e+18,7.805,0.0,0,0,4,0,7116,0.0,100,0.0,0.0,0.0,0.0,0.0,0,0,0,0,0.0,0,0,0,0,0,0,0,0,0,0,0,0,0,0,0,0,0,0,0,0,0,0,0,0,0,0,0,0,0,0,0,0,0,31,40,40,71,65476,0,300,0,0,8,21553,0.0,-107605600.0,0.0,0.0,0.0,0.0,0.0,0.0,0.0,0.0,0.0,0.0,0.0,0.0,0.0,0.0,0.0,0.0,0.0,0.0,0.0,0.0,-2.004,2.004,0.0,-0.0,0.0,0.0,0.0,0.0,4471.0,-0.0,6933.0,0.0,2.7184303811560617e+23,-107615136.0,-0.0,0.0,0.0,0.0,0.0,69,-4.950430145311814e+32,-71.629,0.0,0.0,0.0,0.0,0.0,0.0,0.0,0,0,0,0.0,0.0,0.0,0.0,0.0,0.0,0.0,0.0,0.0,0.0,0.0,0.0,0.0,0.0,0.0,0.0,0,-107875648.0,69,0.0,138,0.0,0.0,0,0,17087,52429,17103,13107,17083,0,0,0,70,68,100,-0.0,82.4,-107615456.0,78.3,-0.0,79.0,1,49,50,180,26215,39322,0,0,0.0,0.0,0.0,0.0,-0.0,67.0,0.0,162057.094,0.0,982,0,1013,0,0,0,955,0,1039,0,936,0,793,0,784,0,823,0,7520,0.032,2.524898095088995e+20,0.0,0.0,784,16797,-0.0,162057.094,-114818.039,-0.0,0.133,6.909358625270745e+28,30.0,70.0,35,0.0,0.0,0.0,0.0,0.0,0.0,0.0,0.0,0.0,0.0,0.0,0.0,0.0,0.0,0.0,0.0,66.0,0,150,71,52,65476,0,300,0,0,8,20529,65476,0,0,44564,70.0,0.0,0.0,0.0,0.0,0.0
2026-09-10T21:13:02,ERR,ERR,ERR,ERR,ERR,ERR,ERR,ERR,ERR,ERR,ERR,ERR,ERR,ERR,ERR,ERR,ERR,ERR,ERR,ERR,ERR,ERR,ERR,ERR,ERR,ERR,ERR,ERR,ERR,ERR,ERR,ERR,ERR,ERR,ERR,ERR,ERR,ERR,ERR,ERR,ERR,ERR,ERR,ERR,ERR,ERR,ERR,ERR,ERR,ERR,ERR,ERR,ERR,ERR,ERR,ERR,ERR,ERR,ERR,ERR,ERR,ERR,ERR,ERR,ERR,ERR,ERR,ERR,ERR,ERR,ERR,ERR,ERR,ERR,ERR,ERR,ERR,ERR,ERR,ERR,ERR,ERR,ERR,ERR,ERR,ERR,ERR,ERR,ERR,ERR,ERR,ERR,ERR,ERR,ERR,ERR,ERR,ERR,ERR,ERR,ERR,ERR,ERR,ERR,ERR,ERR,ERR,ERR,ERR,ERR,ERR,ERR,ERR,ERR,ERR,ERR,ERR,ERR,ERR,ERR,ERR,ERR,ERR,ERR,ERR,0.0,0.0,2.6474835549302285e+23,0.0,0.0,1.3936040501711995e+18,7.805,0.0,0,0,4,0,7116,0.0,100,0.0,0.0,0.0,0.0,0.0,0,0,0,0,0.0,0,0,0,0,0,0,0,0,0,0,0,0,0,0,0,0,0,0,0,0,0,0,0,0,0,0,0,0,0,0,0,0,0,31,40,40,71,65476,0,300,0,0,8,21553,0.0,-107605600.0,0.0,0.0,0.0,0.0,0.0,0.0,0.0,0.0,0.0,0.0,0.0,0.0,0.0,0.0,0.0,0.0,0.0,0.0,0.0,0.0,-2.004,2.004,0.0,-0.0,0.0,0.0,0.0,0.0,4471.0,-0.0,6933.0,0.0,2.7184303811560617e+23,-107615136.0,-0.0,0.0,0.0,0.0,0.0,69,-4.950430145311814e+32,-71.629,0.0,0.0,0.0,0.0,0.0,0.0,0.0,0,0,0,0.0,0.0,0.0,0.0,0.0,0.0,0.0,0.0,0.0,0.0,0.0,0.0,0.0,0.0,0.0,0.0,0,-107875648.0,69,0.0,138,0.0,0.0,0,0,17087,52429,17103,13107,17083,0,0,0,70,68,100,-0.0,82.4,-107615456.0,78.3,-0.0,79.0,1,49,50,180,26215,39322,0,0,0.0,0.0,0.0,0.0,-0.0,67.0,0.0,162057.094,0.0,982,0,1012,0,0,0,955,0,1039,0,935,0,793,0,784,0,823,0,7520,0.032,2.524898095088995e+20,0.0,0.0,784,16797,-0.0,162057.094,-114818.039,-0.0,0.133,6.909358625270745e+28,30.0,70.0,35,0.0,0.0,0.0,0.0,0.0,0.0,0.0,0.0,0.0,0.0,0.0,0.0,0.0,0.0,0.0,0.0,66.0,0,150,71,52,65476,0,300,0,0,8,20529,65476,0,0,44564,70.0,0.0,0.0,0.0,0.0,0.0
2026-09-10T21:13:03,ERR,ERR,ERR,ERR,ERR,ERR,ERR,ERR,ERR,ERR,ERR,ERR,ERR,ERR,ERR,ERR,ERR,ERR,ERR,ERR,ERR,ERR,ERR,ERR,ERR,ERR,ERR,ERR,ERR,ERR,ERR,ERR,ERR,ERR,ERR,ERR,ERR,ERR,ERR,ERR,ERR,ERR,ERR,ERR,ERR,ERR,ERR,ERR,ERR,ERR,ERR,ERR,ERR,ERR,ERR,ERR,ERR,ERR,ERR,ERR,ERR,ERR,ERR,ERR,ERR,ERR,ERR,ERR,ERR,ERR,ERR,ERR,ERR,ERR,ERR,ERR,ERR,ERR,ERR,ERR,ERR,ERR,ERR,ERR,ERR,ERR,ERR,ERR,ERR,ERR,ERR,ERR,ERR,ERR,ERR,ERR,ERR,ERR,ERR,ERR,ERR,ERR,ERR,ERR,ERR,ERR,ERR,ERR,ERR,ERR,ERR,ERR,ERR,ERR,ERR,ERR,ERR,ERR,ERR,ERR,ERR,ERR,ERR,ERR,ERR,0.0,0.0,2.6474835549302285e+23,0.0,0.0,1.3936040501711995e+18,7.805,0.0,0,0,4,0,7116,0.0,100,0.0,0.0,0.0,0.0,0.0,0,0,0,0,0.0,0,0,0,0,0,0,0,0,0,0,0,0,0,0,0,0,0,0,0,0,0,0,0,0,0,0,0,0,0,0,0,0,0,31,40,40,71,65476,0,300,0,0,8,21553,0.0,-107605600.0,0.0,0.0,0.0,0.0,0.0,0.0,0.0,0.0,0.0,0.0,0.0,0.0,0.0,0.0,0.0,0.0,0.0,0.0,0.0,0.0,-2.004,2.004,0.0,-0.0,0.0,0.0,0.0,0.0,4471.0,-0.0,6933.0,0.0,2.7184303811560617e+23,-107615136.0,-0.0,0.0,0.0,0.0,0.0,69,-4.950430145311814e+32,-71.629,0.0,0.0,0.0,0.0,0.0,0.0,0.0,0,0,0,0.0,0.0,0.0,0.0,0.0,0.0,0.0,0.0,0.0,0.0,0.0,0.0,0.0,0.0,0.0,0.0,0,-107875648.0,69,0.0,138,0.0,0.0,0,0,17087,52429,17103,13107,17083,0,0,0,70,68,100,-0.0,82.4,-107615456.0,78.3,-0.0,79.0,1,49,50,180,26215,39322,0,0,0.0,0.0,0.0,0.0,-0.0,67.0,0.0,162057.094,0.0,982,0,1012,0,0,0,955,0,1039,0,935,0,793,0,784,0,823,0,7520,0.032,2.524898095088995e+20,0.0,0.0,784,16797,-0.0,162057.094,-114818.039,-0.0,0.133,6.909358625270745e+28,30.0,70.0,35,0.0,0.0,0.0,0.0,0.0,0.0,0.0,0.0,0.0,0.0,0.0,0.0,0.0,0.0,0.0,0.0,66.0,0,150,71,52,65476,0,300,0,0,8,20529,65476,0,0,44564,70.0,0.0,0.0,0.0,0.0,0.0
2026-09-10T21:13:04,ERR,ERR,ERR,ERR,ERR,ERR,ERR,ERR,ERR,ERR,ERR,ERR,ERR,ERR,ERR,ERR,ERR,ERR,ERR,ERR,ERR,ERR,ERR,ERR,ERR,ERR,ERR,ERR,ERR,ERR,ERR,ERR,ERR,ERR,ERR,ERR,ERR,ERR,ERR,ERR,ERR,ERR,ERR,ERR,ERR,ERR,ERR,ERR,ERR,ERR,ERR,ERR,ERR,ERR,ERR,ERR,ERR,ERR,ERR,ERR,ERR,ERR,ERR,ERR,ERR,ERR,ERR,ERR,ERR,ERR,ERR,ERR,ERR,ERR,ERR,ERR,ERR,ERR,ERR,ERR,ERR,ERR,ERR,ERR,ERR,ERR,ERR,ERR,ERR,ERR,ERR,ERR,ERR,ERR,ERR,ERR,ERR,ERR,ERR,ERR,ERR,ERR,ERR,ERR,ERR,ERR,ERR,ERR,ERR,ERR,ERR,ERR,ERR,ERR,ERR,ERR,ERR,ERR,ERR,ERR,ERR,ERR,ERR,ERR,ERR,0.0,0.0,2.6474835549302285e+23,0.0,0.0,1.3936040501711995e+18,7.805,0.0,0,0,4,0,7116,0.0,100,0.0,0.0,0.0,0.0,0.0,0,0,0,0,0.0,0,0,0,0,0,0,0,0,0,0,0,0,0,0,0,0,0,0,0,0,0,0,0,0,0,0,0,0,0,0,0,0,0,31,40,40,71,65476,0,300,0,0,8,21553,0.0,-107605600.0,0.0,0.0,0.0,0.0,0.0,0.0,0.0,0.0,0.0,0.0,0.0,0.0,0.0,0.0,0.0,0.0,0.0,0.0,0.0,0.0,-2.004,2.004,0.0,-0.0,0.0,0.0,0.0,0.0,4471.0,-0.0,6933.0,0.0,2.7184303811560617e+23,-107615136.0,-0.0,0.0,0.0,0.0,0.0,69,-4.950430145311814e+32,-71.629,0.0,0.0,0.0,0.0,0.0,0.0,0.0,0,0,0,0.0,0.0,0.0,0.0,0.0,0.0,0.0,0.0,0.0,0.0,0.0,0.0,0.0,0.0,0.0,0.0,0,-107875648.0,69,0.0,138,0.0,0.0,0,0,17087,52429,17103,13107,17083,0,0,0,70,68,100,-0.0,82.4,-107615456.0,78.3,-0.0,79.0,1,49,50,180,26215,39322,0,0,0.0,0.0,0.0,0.0,-0.0,67.0,0.0,162057.094,0.0,982,0,1012,0,0,0,955,0,1039,0,935,0,793,0,784,0,823,0,7520,0.032,2.524898095088995e+20,0.0,0.0,784,16797,-0.0,162057.094,-114818.039,-0.0,0.133,6.909358625270745e+28,30.0,70.0,35,0.0,0.0,0.0,0.0,0.0,0.0,0.0,0.0,0.0,0.0,0.0,0.0,0.0,0.0,0.0,0.0,66.0,0,150,71,52,65476,0,300,0,0,8,20529,65476,0,0,44564,70.0,0.0,0.0,0.0,0.0,0.0
2026-09-10T21:13:05,ERR,ERR,ERR,ERR,ERR,ERR,ERR,ERR,ERR,ERR,ERR,ERR,ERR,ERR,ERR,ERR,ERR,ERR,ERR,ERR,ERR,ERR,ERR,ERR,ERR,ERR,ERR,ERR,ERR,ERR,ERR,ERR,ERR,ERR,ERR,ERR,ERR,ERR,ERR,ERR,ERR,ERR,ERR,ERR,ERR,ERR,ERR,ERR,ERR,ERR,ERR,ERR,ERR,ERR,ERR,ERR,ERR,ERR,ERR,ERR,ERR,ERR,ERR,ERR,ERR,ERR,ERR,ERR,ERR,ERR,ERR,ERR,ERR,ERR,ERR,ERR,ERR,ERR,ERR,ERR,ERR,ERR,ERR,ERR,ERR,ERR,ERR,ERR,ERR,ERR,ERR,ERR,ERR,ERR,ERR,ERR,ERR,ERR,ERR,ERR,ERR,ERR,ERR,ERR,ERR,ERR,ERR,ERR,ERR,ERR,ERR,ERR,ERR,ERR,ERR,ERR,ERR,ERR,ERR,ERR,ERR,ERR,ERR,ERR,ERR,0.0,2.7184303811560617e+23,-100794720.0,0.0,0.0,1.3936040501711995e+18,7.805,0.0,0,0,4,0,7116,0.0,100,0.0,0.0,0.0,0.0,0.0,0,0,0,0,0.0,0,0,0,0,0,0,0,0,0,0,0,0,0,0,0,0,0,0,0,0,0,0,0,0,0,0,0,0,0,0,0,0,0,31,40,40,71,65476,0,300,0,0,8,21553,0.0,-107605600.0,0.0,0.0,0.0,0.0,0.0,0.0,0.0,0.0,0.0,0.0,0.0,0.0,0.0,0.0,0.0,0.0,0.0,0.0,0.0,0.0,-2.004,2.004,0.0,-0.0,0.0,0.0,0.0,0.0,4468.0,-0.0,6933.0,0.0,0.0,-107615136.0,2.718428940004181e+23,0.0,0.0,0.0,0.0,69,0.0,-71.629,0.0,0.0,0.0,0.0,0.0,0.0,0.0,0,0,0,0.0,0.0,0.0,0.0,0.0,0.0,0.0,0.0,0.0,0.0,0.0,0.0,0.0,0.0,0.0,0.0,0,-107875648.0,69,0.0,138,0.0,0.0,0,0,17087,52429,17103,13107,17083,0,0,0,70,68,100,-0.0,82.4,-107615456.0,78.3,-0.0,79.0,1,49,50,180,26215,39322,0,0,0.0,0.0,0.0,0.0,-0.0,67.0,0.0,162057.094,0.0,982,0,1012,0,0,0,955,0,1039,0,935,0,793,0,784,0,823,0,7520,0.032,2.524898095088995e+20,0.0,0.0,784,16797,-0.0,162057.094,-114818.039,-0.0,0.133,6.909358625270745e+28,30.0,70.0,35,0.0,0.0,0.0,0.0,0.0,0.0,0.0,0.0,0.0,0.0,0.0,0.0,0.0,0.0,0.0,0.0,66.4,0,150,71,52,65476,0,300,0,0,8,20529,65476,0,0,44564,70.0,0.0,0.0,0.0,0.0,0.0
2026-09-10T21:13:06,ERR,ERR,ERR,ERR,ERR,ERR,ERR,ERR,ERR,ERR,ERR,ERR,ERR,ERR,ERR,ERR,ERR,ERR,ERR,ERR,ERR,ERR,ERR,ERR,ERR,ERR,ERR,ERR,ERR,ERR,ERR,ERR,ERR,ERR,ERR,ERR,ERR,ERR,ERR,ERR,ERR,ERR,ERR,ERR,ERR,ERR,ERR,ERR,ERR,ERR,ERR,ERR,ERR,ERR,ERR,ERR,ERR,ERR,ERR,ERR,ERR,ERR,ERR,ERR,ERR,ERR,ERR,ERR,ERR,ERR,ERR,ERR,ERR,ERR,ERR,ERR,ERR,ERR,ERR,ERR,ERR,ERR,ERR,ERR,ERR,ERR,ERR,ERR,ERR,ERR,ERR,ERR,ERR,ERR,ERR,ERR,ERR,ERR,ERR,ERR,ERR,ERR,ERR,ERR,ERR,ERR,ERR,ERR,ERR,ERR,ERR,ERR,ERR,ERR,ERR,ERR,ERR,ERR,ERR,ERR,ERR,ERR,ERR,ERR,ERR,0.0,2.7184303811560617e+23,-100794720.0,0.0,0.0,1.3936040501711995e+18,7.805,0.0,0,0,4,0,7116,0.0,100,0.0,0.0,0.0,0.0,0.0,0,0,0,0,0.0,0,0,0,0,0,0,0,0,0,0,0,0,0,0,0,0,0,0,0,0,0,0,0,0,0,0,0,0,0,0,0,0,0,31,40,40,71,65476,0,300,0,0,8,21553,0.0,-107605600.0,0.0,0.0,0.0,0.0,0.0,0.0,0.0,0.0,0.0,0.0,0.0,0.0,0.0,0.0,0.0,0.0,0.0,0.0,0.0,0.0,-2.004,2.004,0.0,-0.0,0.0,0.0,0.0,0.0,4468.0,-0.0,6933.0,0.0,0.0,-107615136.0,2.718428940004181e+23,0.0,0.0,0.0,0.0,69,0.0,-71.629,0.0,0.0,0.0,0.0,0.0,0.0,0.0,0,0,0,0.0,0.0,0.0,0.0,0.0,0.0,0.0,0.0,0.0,0.0,0.0,0.0,0.0,0.0,0.0,0.0,0,-107875648.0,69,0.0,138,0.0,0.0,0,0,17087,52429,17103,13107,17083,0,0,0,70,68,100,-0.0,82.4,-107615456.0,78.3,-0.0,79.0,1,49,50,180,26215,39322,0,0,0.0,0.0,0.0,0.0,-0.0,67.0,0.0,162057.094,0.0,982,0,1012,0,0,0,955,0,1039,0,935,0,793,0,784,0,823,0,7520,0.032,2.524898095088995e+20,0.0,0.0,784,16797,-0.0,162057.094,-114818.039,-0.0,0.133,6.909358625270745e+28,30.0,70.0,35,0.0,0.0,0.0,0.0,0.0,0.0,0.0,0.0,0.0,0.0,0.0,0.0,0.0,0.0,0.0,0.0,66.4,0,150,71,52,65476,0,300,0,0,8,20529,65476,0,0,44564,70.0,0.0,0.0,0.0,0.0,0.0
2026-09-10T21:13:07,ERR,ERR,ERR,ERR,ERR,ERR,ERR,ERR,ERR,ERR,ERR,ERR,ERR,ERR,ERR,ERR,ERR,ERR,ERR,ERR,ERR,ERR,ERR,ERR,ERR,ERR,ERR,ERR,ERR,ERR,ERR,ERR,ERR,ERR,ERR,ERR,ERR,ERR,ERR,ERR,ERR,ERR,ERR,ERR,ERR,ERR,ERR,ERR,ERR,ERR,ERR,ERR,ERR,ERR,ERR,ERR,ERR,ERR,ERR,ERR,ERR,ERR,ERR,ERR,ERR,ERR,ERR,ERR,ERR,ERR,ERR,ERR,ERR,ERR,ERR,ERR,ERR,ERR,ERR,ERR,ERR,ERR,ERR,ERR,ERR,ERR,ERR,ERR,ERR,ERR,ERR,ERR,ERR,ERR,ERR,ERR,ERR,ERR,ERR,ERR,ERR,ERR,ERR,ERR,ERR,ERR,ERR,ERR,ERR,ERR,ERR,ERR,ERR,ERR,ERR,ERR,ERR,ERR,ERR,ERR,ERR,ERR,ERR,ERR,ERR,0.0,2.7184303811560617e+23,-100794720.0,0.0,0.0,1.3936040501711995e+18,7.805,0.0,0,0,4,0,7116,0.0,100,0.0,0.0,0.0,0.0,0.0,0,0,0,0,0.0,0,0,0,0,0,0,0,0,0,0,0,0,0,0,0,0,0,0,0,0,0,0,0,0,0,0,0,0,0,0,0,0,0,31,40,40,71,65476,0,300,0,0,8,21553,0.0,-107605600.0,0.0,0.0,0.0,0.0,0.0,0.0,0.0,0.0,0.0,0.0,0.0,0.0,0.0,0.0,0.0,0.0,0.0,0.0,0.0,0.0,-2.004,2.004,0.0,-0.0,0.0,0.0,0.0,0.0,4468.0,-0.0,6933.0,0.0,0.0,-107615136.0,2.718428940004181e+23,0.0,0.0,0.0,0.0,69,0.0,-71.629,0.0,0.0,0.0,0.0,0.0,0.0,0.0,0,0,0,0.0,0.0,0.0,0.0,0.0,0.0,0.0,0.0,0.0,0.0,0.0,0.0,0.0,0.0,0.0,0.0,0,-107875648.0,69,0.0,138,0.0,0.0,0,0,17087,52429,17103,13107,17083,0,0,0,70,68,100,-0.0,82.4,-107615456.0,78.3,-0.0,79.0,1,49,50,180,26215,26215,0,0,0.0,0.0,0.0,0.0,-0.0,67.0,0.0,162057.094,0.0,982,0,1012,0,0,0,955,0,1039,0,935,0,793,0,784,0,822,0,7520,0.032,2.524898095088995e+20,0.0,0.0,784,16797,-0.0,162057.094,-114818.039,-0.0,0.133,6.909358625270745e+28,30.0,70.0,35,0.0,0.0,0.0,0.0,0.0,0.0,0.0,0.0,0.0,0.0,0.0,0.0,0.0,0.0,0.0,0.0,66.4,0,150,71,52,65476,0,300,0,0,8,20529,65476,0,0,44564,70.0,0.0,0.0,0.0,0.0,0.0
2026-09-10T21:13:08,ERR,ERR,ERR,ERR,ERR,ERR,ERR,ERR,ERR,ERR,ERR,ERR,ERR,ERR,ERR,ERR,ERR,ERR,ERR,ERR,ERR,ERR,ERR,ERR,ERR,ERR,ERR,ERR,ERR,ERR,ERR,ERR,ERR,ERR,ERR,ERR,ERR,ERR,ERR,ERR,ERR,ERR,ERR,ERR,ERR,ERR,ERR,ERR,ERR,ERR,ERR,ERR,ERR,ERR,ERR,ERR,ERR,ERR,ERR,ERR,ERR,ERR,ERR,ERR,ERR,ERR,ERR,ERR,ERR,ERR,ERR,ERR,ERR,ERR,ERR,ERR,ERR,ERR,ERR,ERR,ERR,ERR,ERR,ERR,ERR,ERR,ERR,ERR,ERR,ERR,ERR,ERR,ERR,ERR,ERR,ERR,ERR,ERR,ERR,ERR,ERR,ERR,ERR,ERR,ERR,ERR,ERR,ERR,ERR,ERR,ERR,ERR,ERR,ERR,ERR,ERR,ERR,ERR,ERR,ERR,ERR,ERR,ERR,ERR,ERR,0.0,2.7184303811560617e+23,-100794720.0,0.0,0.0,1.3936040501711995e+18,7.805,0.0,0,0,4,0,7116,0.0,100,0.0,0.0,0.0,0.0,0.0,0,0,0,0,0.0,0,0,0,0,0,0,0,0,0,0,0,0,0,0,0,0,0,0,0,0,0,0,0,0,0,0,0,0,0,0,0,0,0,31,40,40,71,65476,0,300,0,0,8,21553,0.0,-107605600.0,0.0,0.0,0.0,0.0,0.0,0.0,0.0,0.0,0.0,0.0,0.0,0.0,0.0,0.0,0.0,0.0,0.0,0.0,0.0,0.0,-2.004,2.004,0.0,-0.0,0.0,0.0,0.0,0.0,4468.0,-0.0,6933.0,0.0,0.0,-107615136.0,2.718428940004181e+23,0.0,0.0,0.0,0.0,69,0.0,-71.629,0.0,0.0,0.0,0.0,0.0,0.0,0.0,0,0,0,0.0,0.0,0.0,0.0,0.0,0.0,0.0,0.0,0.0,0.0,0.0,0.0,0.0,0.0,0.0,0.0,0,-107875648.0,69,0.0,138,0.0,0.0,0,0,17087,52429,17103,13107,17083,0,0,0,70,68,100,-0.0,82.4,-107615456.0,78.3,-0.0,79.0,1,49,50,180,26215,26215,0,0,0.0,0.0,0.0,0.0,-0.0,67.0,0.0,162057.094,0.0,982,0,1012,0,0,0,955,0,1039,0,935,0,793,0,784,0,822,0,7520,0.032,2.524898095088995e+20,0.0,0.0,784,16797,-0.0,162057.094,-114818.039,-0.0,0.133,6.909358625270745e+28,30.0,70.0,35,0.0,0.0,0.0,0.0,0.0,0.0,0.0,0.0,0.0,0.0,0.0,0.0,0.0,0.0,0.0,0.0,66.4,0,150,71,52,65476,0,300,0,0,8,20529,65476,0,0,44564,70.0,0.0,0.0,0.0,0.0,0.0
2026-09-10T21:13:09,ERR,ERR,ERR,ERR,ERR,ERR,ERR,ERR,ERR,ERR,ERR,ERR,ERR,ERR,ERR,ERR,ERR,ERR,ERR,ERR,ERR,ERR,ERR,ERR,ERR,ERR,ERR,ERR,ERR,ERR,ERR,ERR,ERR,ERR,ERR,ERR,ERR,ERR,ERR,ERR,ERR,ERR,ERR,ERR,ERR,ERR,ERR,ERR,ERR,ERR,ERR,ERR,ERR,ERR,ERR,ERR,ERR,ERR,ERR,ERR,ERR,ERR,ERR,ERR,ERR,ERR,ERR,ERR,ERR,ERR,ERR,ERR,ERR,ERR,ERR,ERR,ERR,ERR,ERR,ERR,ERR,ERR,ERR,ERR,ERR,ERR,ERR,ERR,ERR,ERR,ERR,ERR,ERR,ERR,ERR,ERR,ERR,ERR,ERR,ERR,ERR,ERR,ERR,ERR,ERR,ERR,ERR,ERR,ERR,ERR,ERR,ERR,ERR,ERR,ERR,ERR,ERR,ERR,ERR,ERR,ERR,ERR,ERR,ERR,ERR,0.0,2.7184303811560617e+23,-100794720.0,0.0,0.0,1.3936040501711995e+18,7.805,0.0,0,0,4,0,7116,0.0,100,0.0,0.0,0.0,0.0,0.0,0,0,0,0,0.0,0,0,0,0,0,0,0,0,0,0,0,0,0,0,0,0,0,0,0,0,0,0,0,0,0,0,0,0,0,0,0,0,0,31,40,40,71,65476,0,300,0,0,8,21553,0.0,-107605600.0,0.0,0.0,0.0,0.0,0.0,0.0,0.0,0.0,0.0,0.0,0.0,0.0,0.0,0.0,0.0,0.0,0.0,0.0,0.0,0.0,-2.004,2.004,0.0,-0.0,0.0,0.0,0.0,0.0,4468.0,-0.0,6933.0,0.0,0.0,-107615136.0,2.718428940004181e+23,0.0,0.0,0.0,0.0,69,0.0,-71.629,0.0,0.0,0.0,0.0,0.0,0.0,0.0,0,0,0,0.0,0.0,0.0,0.0,0.0,0.0,0.0,0.0,0.0,0.0,0.0,0.0,0.0,0.0,0.0,0.0,0,-107875648.0,69,0.0,138,0.0,0.0,0,0,17087,52429,17103,13107,17083,0,0,0,70,68,100,-0.0,82.4,-107615456.0,78.3,-0.0,79.0,1,49,50,180,26215,26215,0,0,0.0,0.0,0.0,0.0,-0.0,67.0,0.0,162057.094,0.0,982,0,1012,0,0,0,955,0,1039,0,935,0,793,0,784,0,822,0,7520,0.032,2.524898095088995e+20,0.0,0.0,784,16797,-0.0,162057.094,-114818.039,-0.0,0.133,6.909358625270745e+28,30.0,70.0,35,0.0,0.0,0.0,0.0,0.0,0.0,0.0,0.0,0.0,0.0,0.0,0.0,0.0,0.0,0.0,0.0,66.4,0,150,71,52,65476,0,300,0,0,8,20529,65476,0,0,44564,70.0,0.0,0.0,0.0,0.0,0.0
2026-09-10T21:13:10,ERR,ERR,ERR,ERR,ERR,ERR,ERR,ERR,ERR,ERR,ERR,ERR,ERR,ERR,ERR,ERR,ERR,ERR,ERR,ERR,ERR,ERR,ERR,ERR,ERR,ERR,ERR,ERR,ERR,ERR,ERR,ERR,ERR,ERR,ERR,ERR,ERR,ERR,ERR,ERR,ERR,ERR,ERR,ERR,ERR,ERR,ERR,ERR,ERR,ERR,ERR,ERR,ERR,ERR,ERR,ERR,ERR,ERR,ERR,ERR,ERR,ERR,ERR,ERR,ERR,ERR,ERR,ERR,ERR,ERR,ERR,ERR,ERR,ERR,ERR,ERR,ERR,ERR,ERR,ERR,ERR,ERR,ERR,ERR,ERR,ERR,ERR,ERR,ERR,ERR,ERR,ERR,ERR,ERR,ERR,ERR,ERR,ERR,ERR,ERR,ERR,ERR,ERR,ERR,ERR,ERR,ERR,ERR,ERR,ERR,ERR,ERR,ERR,ERR,ERR,ERR,ERR,ERR,ERR,ERR,ERR,ERR,ERR,ERR,ERR,0.0,2.7184303811560617e+23,-100794720.0,0.0,0.0,1.3936040501711995e+18,7.805,0.0,0,0,4,0,7116,0.0,100,0.0,0.0,0.0,0.0,0.0,0,0,0,0,0.0,0,0,0,0,0,0,0,0,0,0,0,0,0,0,0,0,0,0,0,0,0,0,0,0,0,0,0,0,0,0,0,0,0,31,40,40,71,65476,0,300,0,0,8,21553,0.0,-107605600.0,0.0,0.0,0.0,0.0,0.0,0.0,0.0,0.0,0.0,0.0,0.0,0.0,0.0,0.0,0.0,0.0,0.0,0.0,0.0,0.0,-2.004,2.004,0.0,-0.0,0.0,0.0,0.0,0.0,4468.0,-0.0,6933.0,0.0,0.0,-107615136.0,2.718428940004181e+23,0.0,0.0,0.0,0.0,69,0.0,-71.629,0.0,0.0,0.0,0.0,0.0,0.0,0.0,0,0,0,0.0,0.0,0.0,0.0,0.0,0.0,0.0,0.0,0.0,0.0,0.0,0.0,0.0,0.0,0.0,0.0,0,-107875648.0,69,0.0,138,0.0,0.0,0,0,17087,52429,17103,13107,17083,0,0,0,70,68,100,-0.0,82.4,-107615456.0,78.3,-0.0,79.0,1,49,50,180,26215,26215,0,0,0.0,0.0,0.0,0.0,-0.0,67.0,0.0,162057.094,0.0,982,0,1012,0,0,0,955,0,1039,0,935,0,793,0,784,0,822,0,7520,0.032,2.524898095088995e+20,0.0,0.0,784,16797,-0.0,162057.094,-114818.039,-0.0,0.133,6.909358625270745e+28,30.0,70.0,35,0.0,0.0,0.0,0.0,0.0,0.0,0.0,0.0,0.0,0.0,0.0,0.0,0.0,0.0,0.0,0.0,66.4,0,150,71,52,65476,0,300,0,0,8,20529,65476,0,0,44564,70.0,0.0,0.0,0.0,0.0,0.0
2026-09-10T21:13:11,ERR,ERR,ERR,ERR,ERR,ERR,ERR,ERR,ERR,ERR,ERR,ERR,ERR,ERR,ERR,ERR,ERR,ERR,ERR,ERR,ERR,ERR,ERR,ERR,ERR,ERR,ERR,ERR,ERR,ERR,ERR,ERR,ERR,ERR,ERR,ERR,ERR,ERR,ERR,ERR,ERR,ERR,ERR,ERR,ERR,ERR,ERR,ERR,ERR,ERR,ERR,ERR,ERR,ERR,ERR,ERR,ERR,ERR,ERR,ERR,ERR,ERR,ERR,ERR,ERR,ERR,ERR,ERR,ERR,ERR,ERR,ERR,ERR,ERR,ERR,ERR,ERR,ERR,ERR,ERR,ERR,ERR,ERR,ERR,ERR,ERR,ERR,ERR,ERR,ERR,ERR,ERR,ERR,ERR,ERR,ERR,ERR,ERR,ERR,ERR,ERR,ERR,ERR,ERR,ERR,ERR,ERR,ERR,ERR,ERR,ERR,ERR,ERR,ERR,ERR,ERR,ERR,ERR,ERR,ERR,ERR,ERR,ERR,ERR,ERR,0.0,2.7184303811560617e+23,-100794720.0,0.0,0.0,1.3936040501711995e+18,7.805,0.0,0,0,4,0,7116,0.0,100,0.0,0.0,0.0,0.0,0.0,0,0,0,0,0.0,0,0,0,0,0,0,0,0,0,0,0,0,0,0,0,0,0,0,0,0,0,0,0,0,0,0,0,0,0,0,0,0,0,31,40,40,71,65476,0,300,0,0,8,21553,0.0,-107605600.0,0.0,0.0,0.0,0.0,0.0,0.0,0.0,0.0,0.0,0.0,0.0,0.0,0.0,0.0,0.0,0.0,0.0,0.0,0.0,0.0,-2.004,2.004,0.0,-0.0,0.0,0.0,0.0,0.0,4468.0,-0.0,6933.0,0.0,0.0,-107615136.0,2.718428940004181e+23,0.0,0.0,0.0,0.0,69,0.0,-71.629,0.0,0.0,0.0,0.0,0.0,0.0,0.0,0,0,0,0.0,0.0,0.0,0.0,0.0,0.0,0.0,0.0,0.0,0.0,0.0,0.0,0.0,0.0,0.0,0.0,0,-107875648.0,69,0.0,138,0.0,0.0,0,0,17087,52429,17103,13107,17083,0,0,0,70,68,100,-0.0,82.4,-107615456.0,78.3,-0.0,79.0,1,49,50,180,26215,26215,0,0,0.0,0.0,0.0,0.0,-0.0,67.0,0.0,162057.094,0.0,982,0,1012,0,0,0,955,0,1039,0,935,0,793,0,784,0,822,0,7520,0.032,2.524898095088995e+20,0.0,0.0,784,16797,-0.0,162057.094,-114818.039,-0.0,0.133,6.909358625270745e+28,30.0,70.0,35,0.0,0.0,0.0,0.0,0.0,0.0,0.0,0.0,0.0,0.0,0.0,0.0,0.0,0.0,0.0,0.0,66.0,0,150,71,52,65476,0,300,0,0,8,20529,65476,0,0,44564,70.0,0.0,0.0,0.0,0.0,0.0
2026-09-10T21:13:12,ERR,ERR,ERR,ERR,ERR,ERR,ERR,ERR,ERR,ERR,ERR,ERR,ERR,ERR,ERR,ERR,ERR,ERR,ERR,ERR,ERR,ERR,ERR,ERR,ERR,ERR,ERR,ERR,ERR,ERR,ERR,ERR,ERR,ERR,ERR,ERR,ERR,ERR,ERR,ERR,ERR,ERR,ERR,ERR,ERR,ERR,ERR,ERR,ERR,ERR,ERR,ERR,ERR,ERR,ERR,ERR,ERR,ERR,ERR,ERR,ERR,ERR,ERR,ERR,ERR,ERR,ERR,ERR,ERR,ERR,ERR,ERR,ERR,ERR,ERR,ERR,ERR,ERR,ERR,ERR,ERR,ERR,ERR,ERR,ERR,ERR,ERR,ERR,ERR,ERR,ERR,ERR,ERR,ERR,ERR,ERR,ERR,ERR,ERR,ERR,ERR,ERR,ERR,ERR,ERR,ERR,ERR,ERR,ERR,ERR,ERR,ERR,ERR,ERR,ERR,ERR,ERR,ERR,ERR,ERR,ERR,ERR,ERR,ERR,ERR,0.0,2.7184303811560617e+23,-100794720.0,0.0,0.0,1.3936040501711995e+18,7.805,0.0,0,0,4,0,7116,0.0,100,0.0,0.0,0.0,0.0,0.0,0,0,0,0,0.0,0,0,0,0,0,0,0,0,0,0,0,0,0,0,0,0,0,0,0,0,0,0,0,0,0,0,0,0,0,0,0,0,0,31,40,40,71,65476,0,300,0,0,8,21553,0.0,-107605600.0,0.0,0.0,0.0,0.0,0.0,0.0,0.0,0.0,0.0,0.0,0.0,0.0,0.0,0.0,0.0,0.0,0.0,0.0,0.0,0.0,-2.004,2.004,0.0,-0.0,0.0,0.0,0.0,0.0,4468.0,-0.0,6933.0,0.0,0.0,-107615136.0,2.718428940004181e+23,0.0,0.0,0.0,0.0,69,0.0,-71.629,0.0,0.0,0.0,0.0,0.0,0.0,0.0,0,0,0,0.0,0.0,0.0,0.0,0.0,0.0,0.0,0.0,0.0,0.0,0.0,0.0,0.0,0.0,0.0,0.0,0,-107875648.0,69,0.0,138,0.0,0.0,0,0,17087,52429,17103,13107,17083,0,0,0,70,68,100,-0.0,82.4,-107615456.0,78.3,-0.0,79.0,1,49,50,180,26215,26215,0,0,0.0,0.0,0.0,0.0,-0.0,67.0,0.0,162057.094,0.0,982,0,1012,0,0,0,955,0,1039,0,935,0,793,0,784,0,822,0,7520,0.032,2.524898095088995e+20,0.0,0.0,784,16797,-0.0,162057.094,-114818.039,-0.0,0.133,6.909358625270745e+28,30.0,70.0,35,0.0,0.0,0.0,0.0,0.0,0.0,0.0,0.0,0.0,0.0,0.0,0.0,0.0,0.0,0.0,0.0,66.0,0,150,71,52,65476,0,300,0,0,8,20529,65476,0,0,44564,70.0,0.0,0.0,0.0,0.0,0.0
2026-09-10T21:13:13,ERR,ERR,ERR,ERR,ERR,ERR,ERR,ERR,ERR,ERR,ERR,ERR,ERR,ERR,ERR,ERR,ERR,ERR,ERR,ERR,ERR,ERR,ERR,ERR,ERR,ERR,ERR,ERR,ERR,ERR,ERR,ERR,ERR,ERR,ERR,ERR,ERR,ERR,ERR,ERR,ERR,ERR,ERR,ERR,ERR,ERR,ERR,ERR,ERR,ERR,ERR,ERR,ERR,ERR,ERR,ERR,ERR,ERR,ERR,ERR,ERR,ERR,ERR,ERR,ERR,ERR,ERR,ERR,ERR,ERR,ERR,ERR,ERR,ERR,ERR,ERR,ERR,ERR,ERR,ERR,ERR,ERR,ERR,ERR,ERR,ERR,ERR,ERR,ERR,ERR,ERR,ERR,ERR,ERR,ERR,ERR,ERR,ERR,ERR,ERR,ERR,ERR,ERR,ERR,ERR,ERR,ERR,ERR,ERR,ERR,ERR,ERR,ERR,ERR,ERR,ERR,ERR,ERR,ERR,ERR,ERR,ERR,ERR,ERR,ERR,0.0,0.0,2.6474835549302285e+23,0.0,0.0,1.3936040501711995e+18,7.805,0.0,0,0,4,0,7116,0.0,100,0.0,0.0,0.0,0.0,0.0,0,0,0,0,0.0,0,0,0,0,0,0,0,0,0,0,0,0,0,0,0,0,0,0,0,0,0,0,0,0,0,0,0,0,0,0,0,0,0,31,40,40,71,65476,0,300,0,0,8,21553,0.0,-107605600.0,0.0,0.0,0.0,0.0,0.0,0.0,0.0,0.0,0.0,0.0,0.0,0.0,0.0,0.0,0.0,0.0,0.0,0.0,0.0,0.0,-2.004,2.004,0.0,-0.0,0.0,0.0,0.0,0.0,4471.0,-0.0,6933.0,0.0,2.7184303811560617e+23,0.0,2.718428940004181e+23,0.0,0.0,0.0,0.0,69,-4.950430145311814e+32,-71.629,0.0,0.0,0.0,0.0,0.0,0.0,0.0,0,0,0,0.0,0.0,0.0,0.0,0.0,0.0,0.0,0.0,0.0,0.0,0.0,0.0,0.0,0.0,0.0,0.0,0,-107875648.0,69,0.0,138,0.0,0.0,0,0,17087,52429,17103,0,17083,0,0,0,70,68,100,-0.0,82.4,-107615456.0,78.3,-0.0,79.0,1,49,50,180,26215,26215,0,0,0.0,0.0,0.0,0.0,-0.0,67.0,0.0,162057.094,0.0,982,0,1012,0,0,0,955,0,1039,0,935,0,793,0,784,0,823,0,7520,0.032,2.524898095088995e+20,0.0,0.0,784,16797,-0.0,162057.094,-114818.039,-0.0,0.133,6.909358625270745e+28,30.0,70.0,35,0.0,0.0,0.0,0.0,0.0,0.0,0.0,0.0,0.0,0.0,0.0,0.0,0.0,0.0,0.0,0.0,66.0,0,150,71,52,65476,0,300,0,0,8,20529,65476,0,0,44564,70.0,0.0,0.0,0.0,0.0,0.0
2026-09-10T21:13:14,ERR,ERR,ERR,ERR,ERR,ERR,ERR,ERR,ERR,ERR,ERR,ERR,ERR,ERR,ERR,ERR,ERR,ERR,ERR,ERR,ERR,ERR,ERR,ERR,ERR,ERR,ERR,ERR,ERR,ERR,ERR,ERR,ERR,ERR,ERR,ERR,ERR,ERR,ERR,ERR,ERR,ERR,ERR,ERR,ERR,ERR,ERR,ERR,ERR,ERR,ERR,ERR,ERR,ERR,ERR,ERR,ERR,ERR,ERR,ERR,ERR,ERR,ERR,ERR,ERR,ERR,ERR,ERR,ERR,ERR,ERR,ERR,ERR,ERR,ERR,ERR,ERR,ERR,ERR,ERR,ERR,ERR,ERR,ERR,ERR,ERR,ERR,ERR,ERR,ERR,ERR,ERR,ERR,ERR,ERR,ERR,ERR,ERR,ERR,ERR,ERR,ERR,ERR,ERR,ERR,ERR,ERR,ERR,ERR,ERR,ERR,ERR,ERR,ERR,ERR,ERR,ERR,ERR,ERR,ERR,ERR,ERR,ERR,ERR,ERR,0.0,0.0,2.6474835549302285e+23,0.0,0.0,1.3936040501711995e+18,7.805,0.0,0,0,4,0,7116,0.0,100,0.0,0.0,0.0,0.0,0.0,0,0,0,0,0.0,0,0,0,0,0,0,0,0,0,0,0,0,0,0,0,0,0,0,0,0,0,0,0,0,0,0,0,0,0,0,0,0,0,31,40,40,71,65476,0,300,0,0,8,21553,0.0,-107605600.0,0.0,0.0,0.0,0.0,0.0,0.0,0.0,0.0,0.0,0.0,0.0,0.0,0.0,0.0,0.0,0.0,0.0,0.0,0.0,0.0,-2.004,2.004,0.0,-0.0,0.0,0.0,0.0,0.0,4471.0,-0.0,6933.0,0.0,2.7184303811560617e+23,0.0,2.718428940004181e+23,0.0,0.0,0.0,0.0,69,-4.950430145311814e+32,-71.629,0.0,0.0,0.0,0.0,0.0,0.0,0.0,0,0,0,0.0,0.0,0.0,0.0,0.0,0.0,0.0,0.0,0.0,0.0,0.0,0.0,0.0,0.0,0.0,0.0,0,-107875648.0,69,0.0,138,0.0,0.0,0,0,17087,52429,17103,0,17083,0,0,0,70,68,100,-0.0,82.4,-107615456.0,78.3,-0.0,79.0,1,49,50,180,26215,26215,0,0,0.0,0.0,0.0,0.0,-0.0,67.0,0.0,162057.094,0.0,982,0,1012,0,0,0,955,0,1039,0,935,0,793,0,784,0,823,0,7520,0.032,2.524898095088995e+20,0.0,0.0,784,16797,-0.0,162057.094,-114818.039,-0.0,0.133,6.909358625270745e+28,30.0,70.0,35,0.0,0.0,0.0,0.0,0.0,0.0,0.0,0.0,0.0,0.0,0.0,0.0,0.0,0.0,0.0,0.0,66.0,0,150,71,52,65476,0,300,0,0,8,20529,65476,0,0,44564,70.0,0.0,0.0,0.0,0.0,0.0
2026-09-10T21:13:15,ERR,ERR,ERR,ERR,ERR,ERR,ERR,ERR,ERR,ERR,ERR,ERR,ERR,ERR,ERR,ERR,ERR,ERR,ERR,ERR,ERR,ERR,ERR,ERR,ERR,ERR,ERR,ERR,ERR,ERR,ERR,ERR,ERR,ERR,ERR,ERR,ERR,ERR,ERR,ERR,ERR,ERR,ERR,ERR,ERR,ERR,ERR,ERR,ERR,ERR,ERR,ERR,ERR,ERR,ERR,ERR,ERR,ERR,ERR,ERR,ERR,ERR,ERR,ERR,ERR,ERR,ERR,ERR,ERR,ERR,ERR,ERR,ERR,ERR,ERR,ERR,ERR,ERR,ERR,ERR,ERR,ERR,ERR,ERR,ERR,ERR,ERR,ERR,ERR,ERR,ERR,ERR,ERR,ERR,ERR,ERR,ERR,ERR,ERR,ERR,ERR,ERR,ERR,ERR,ERR,ERR,ERR,ERR,ERR,ERR,ERR,ERR,ERR,ERR,ERR,ERR,ERR,ERR,ERR,ERR,ERR,ERR,ERR,ERR,ERR,0.0,0.0,2.6474835549302285e+23,0.0,0.0,1.3936040501711995e+18,7.805,0.0,0,0,4,0,7116,0.0,100,0.0,0.0,0.0,0.0,0.0,0,0,0,0,0.0,0,0,0,0,0,0,0,0,0,0,0,0,0,0,0,0,0,0,0,0,0,0,0,0,0,0,0,0,0,0,0,0,0,31,40,40,71,65476,0,300,0,0,8,21553,0.0,-107605600.0,0.0,0.0,0.0,0.0,0.0,0.0,0.0,0.0,0.0,0.0,0.0,0.0,0.0,0.0,0.0,0.0,0.0,0.0,0.0,0.0,-2.004,2.004,0.0,-0.0,0.0,0.0,0.0,0.0,4471.0,-0.0,6933.0,0.0,2.7184303811560617e+23,0.0,2.718428940004181e+23,0.0,0.0,0.0,0.0,69,-4.950430145311814e+32,-71.629,0.0,0.0,0.0,0.0,0.0,0.0,0.0,0,0,0,0.0,0.0,0.0,0.0,0.0,0.0,0.0,0.0,0.0,0.0,0.0,0.0,0.0,0.0,0.0,0.0,0,-107875648.0,69,0.0,138,0.0,0.0,0,0,17087,52429,17103,0,17083,0,0,0,70,68,100,-0.0,82.4,-107615456.0,78.3,-0.0,79.0,1,49,50,180,26215,26215,0,0,0.0,0.0,0.0,0.0,-0.0,67.0,0.0,162057.094,0.0,982,0,1012,0,0,0,955,0,1039,0,935,0,793,0,784,0,823,0,7520,0.032,2.524898095088995e+20,0.0,0.0,784,16797,-0.0,162057.094,-114818.039,-0.0,0.133,6.909358625270745e+28,30.0,70.0,35,0.0,0.0,0.0,0.0,0.0,0.0,0.0,0.0,0.0,0.0,0.0,0.0,0.0,0.0,0.0,0.0,66.0,0,150,71,52,65476,0,300,0,0,8,20529,65476,0,0,44564,70.0,0.0,0.0,0.0,0.0,0.0
2026-09-10T21:13:16,ERR,ERR,ERR,ERR,ERR,ERR,ERR,ERR,ERR,ERR,ERR,ERR,ERR,ERR,ERR,ERR,ERR,ERR,ERR,ERR,ERR,ERR,ERR,ERR,ERR,ERR,ERR,ERR,ERR,ERR,ERR,ERR,ERR,ERR,ERR,ERR,ERR,ERR,ERR,ERR,ERR,ERR,ERR,ERR,ERR,ERR,ERR,ERR,ERR,ERR,ERR,ERR,ERR,ERR,ERR,ERR,ERR,ERR,ERR,ERR,ERR,ERR,ERR,ERR,ERR,ERR,ERR,ERR,ERR,ERR,ERR,ERR,ERR,ERR,ERR,ERR,ERR,ERR,ERR,ERR,ERR,ERR,ERR,ERR,ERR,ERR,ERR,ERR,ERR,ERR,ERR,ERR,ERR,ERR,ERR,ERR,ERR,ERR,ERR,ERR,ERR,ERR,ERR,ERR,ERR,ERR,ERR,ERR,ERR,ERR,ERR,ERR,ERR,ERR,ERR,ERR,ERR,ERR,ERR,ERR,ERR,ERR,ERR,ERR,ERR,0.0,0.0,2.6474835549302285e+23,0.0,0.0,1.3936040501711995e+18,7.805,0.0,0,0,4,0,7116,0.0,100,0.0,0.0,0.0,0.0,0.0,0,0,0,0,0.0,0,0,0,0,0,0,0,0,0,0,0,0,0,0,0,0,0,0,0,0,0,0,0,0,0,0,0,0,0,0,0,0,0,31,40,40,71,65476,0,300,0,0,8,21553,0.0,-107605600.0,0.0,0.0,0.0,0.0,0.0,0.0,0.0,0.0,0.0,0.0,0.0,0.0,0.0,0.0,0.0,0.0,0.0,0.0,0.0,0.0,-2.004,2.004,0.0,-0.0,0.0,0.0,0.0,0.0,4471.0,-0.0,6933.0,0.0,2.7184303811560617e+23,0.0,2.718428940004181e+23,0.0,0.0,0.0,0.0,69,-4.950430145311814e+32,-71.629,0.0,0.0,0.0,0.0,0.0,0.0,0.0,0,0,0,0.0,0.0,0.0,0.0,0.0,0.0,0.0,0.0,0.0,0.0,0.0,0.0,0.0,0.0,0.0,0.0,0,-107875648.0,69,0.0,138,0.0,0.0,0,0,17087,52429,17103,0,17083,0,0,0,70,68,100,-0.0,82.4,-107615456.0,78.3,-0.0,79.0,1,49,50,180,26215,26215,0,0,0.0,0.0,0.0,0.0,-0.0,67.0,0.0,162057.094,0.0,982,0,1012,0,0,0,955,0,1039,0,935,0,793,0,784,0,823,0,7520,0.032,2.524898095088995e+20,0.0,0.0,784,16797,-0.0,162057.094,-114818.039,-0.0,0.133,6.909358625270745e+28,30.0,70.0,35,0.0,0.0,0.0,0.0,0.0,0.0,0.0,0.0,0.0,0.0,0.0,0.0,0.0,0.0,0.0,0.0,66.0,0,150,71,52,65476,0,300,0,0,8,20529,65476,0,0,44564,70.0,0.0,0.0,0.0,0.0,0.0
2026-09-10T21:13:17,ERR,ERR,ERR,ERR,ERR,ERR,ERR,ERR,ERR,ERR,ERR,ERR,ERR,ERR,ERR,ERR,ERR,ERR,ERR,ERR,ERR,ERR,ERR,ERR,ERR,ERR,ERR,ERR,ERR,ERR,ERR,ERR,ERR,ERR,ERR,ERR,ERR,ERR,ERR,ERR,ERR,ERR,ERR,ERR,ERR,ERR,ERR,ERR,ERR,ERR,ERR,ERR,ERR,ERR,ERR,ERR,ERR,ERR,ERR,ERR,ERR,ERR,ERR,ERR,ERR,ERR,ERR,ERR,ERR,ERR,ERR,ERR,ERR,ERR,ERR,ERR,ERR,ERR,ERR,ERR,ERR,ERR,ERR,ERR,ERR,ERR,ERR,ERR,ERR,ERR,ERR,ERR,ERR,ERR,ERR,ERR,ERR,ERR,ERR,ERR,ERR,ERR,ERR,ERR,ERR,ERR,ERR,ERR,ERR,ERR,ERR,ERR,ERR,ERR,ERR,ERR,ERR,ERR,ERR,ERR,ERR,ERR,ERR,ERR,ERR,0.0,0.0,2.6474835549302285e+23,0.0,0.0,1.3936040501711995e+18,7.805,0.0,0,0,4,0,7116,0.0,100,0.0,0.0,0.0,0.0,0.0,0,0,0,0,0.0,0,0,0,0,0,0,0,0,0,0,0,0,0,0,0,0,0,0,0,0,0,0,0,0,0,0,0,0,0,0,0,0,0,31,40,40,71,65476,0,300,0,0,8,21553,0.0,-107605600.0,0.0,0.0,0.0,0.0,0.0,0.0,0.0,0.0,0.0,0.0,0.0,0.0,0.0,0.0,0.0,0.0,0.0,0.0,0.0,0.0,-2.004,2.004,0.0,-0.0,0.0,0.0,0.0,0.0,4471.0,-0.0,6933.0,0.0,2.7184303811560617e+23,0.0,2.718428940004181e+23,0.0,0.0,0.0,0.0,69,-4.950430145311814e+32,-71.629,0.0,0.0,0.0,0.0,0.0,0.0,0.0,0,0,0,0.0,0.0,0.0,0.0,0.0,0.0,0.0,0.0,0.0,0.0,0.0,0.0,0.0,0.0,0.0,0.0,0,-107875648.0,69,0.0,138,0.0,0.0,0,0,17087,52429,17103,0,17083,0,0,0,70,68,100,-0.0,82.4,-107615456.0,78.3,-0.0,79.0,1,49,50,180,26215,26215,0,0,0.0,0.0,0.0,0.0,-0.0,67.0,0.0,162057.094,0.0,982,0,1012,0,0,0,955,0,1039,0,935,0,793,0,784,0,823,0,7520,0.032,2.524898095088995e+20,0.0,0.0,784,16797,-0.0,162057.094,-114818.039,-0.0,0.133,6.909358625270745e+28,30.0,70.0,35,0.0,0.0,0.0,0.0,0.0,0.0,0.0,0.0,0.0,0.0,0.0,0.0,0.0,0.0,0.0,0.0,66.0,0,150,71,52,65476,0,300,0,0,8,20529,65476,0,0,44564,70.0,0.0,0.0,0.0,0.0,0.0
2026-09-10T21:13:18,ERR,ERR,ERR,ERR,ERR,ERR,ERR,ERR,ERR,ERR,ERR,ERR,ERR,ERR,ERR,ERR,ERR,ERR,ERR,ERR,ERR,ERR,ERR,ERR,ERR,ERR,ERR,ERR,ERR,ERR,ERR,ERR,ERR,ERR,ERR,ERR,ERR,ERR,ERR,ERR,ERR,ERR,ERR,ERR,ERR,ERR,ERR,ERR,ERR,ERR,ERR,ERR,ERR,ERR,ERR,ERR,ERR,ERR,ERR,ERR,ERR,ERR,ERR,ERR,ERR,ERR,ERR,ERR,ERR,ERR,ERR,ERR,ERR,ERR,ERR,ERR,ERR,ERR,ERR,ERR,ERR,ERR,ERR,ERR,ERR,ERR,ERR,ERR,ERR,ERR,ERR,ERR,ERR,ERR,ERR,ERR,ERR,ERR,ERR,ERR,ERR,ERR,ERR,ERR,ERR,ERR,ERR,ERR,ERR,ERR,ERR,ERR,ERR,ERR,ERR,ERR,ERR,ERR,ERR,ERR,ERR,ERR,ERR,ERR,ERR,0.0,0.0,2.6474835549302285e+23,0.0,0.0,1.3936040501711995e+18,7.805,0.0,0,0,4,0,7116,0.0,100,0.0,0.0,0.0,0.0,0.0,0,0,0,0,0.0,0,0,0,0,0,0,0,0,0,0,0,0,0,0,0,0,0,0,0,0,0,0,0,0,0,0,0,0,0,0,0,0,0,31,40,40,71,65476,0,300,0,0,8,21553,0.0,-107605600.0,0.0,0.0,0.0,0.0,0.0,0.0,0.0,0.0,0.0,0.0,0.0,0.0,0.0,0.0,0.0,0.0,0.0,0.0,0.0,0.0,-2.004,2.004,0.0,-0.0,0.0,0.0,0.0,0.0,4471.0,-0.0,6933.0,0.0,2.7184303811560617e+23,0.0,2.718428940004181e+23,0.0,0.0,0.0,0.0,69,-4.950430145311814e+32,-71.629,0.0,0.0,0.0,0.0,0.0,0.0,0.0,0,0,0,0.0,0.0,0.0,0.0,0.0,0.0,0.0,0.0,0.0,0.0,0.0,0.0,0.0,0.0,0.0,0.0,0,-107875648.0,69,0.0,138,0.0,0.0,0,0,17087,52429,17103,0,17083,0,0,0,70,68,100,-0.0,82.4,-107615456.0,78.3,-0.0,79.0,1,49,50,180,26215,26215,0,0,0.0,0.0,0.0,0.0,-0.0,67.0,0.0,162057.094,0.0,982,0,1012,0,0,0,955,0,1039,0,935,0,793,0,784,0,823,0,7520,0.032,2.524898095088995e+20,0.0,0.0,784,16797,-0.0,162057.094,-114818.039,-0.0,0.133,6.909358625270745e+28,30.0,70.0,35,0.0,0.0,0.0,0.0,0.0,0.0,0.0,0.0,0.0,0.0,0.0,0.0,0.0,0.0,0.0,0.0,66.0,0,150,71,52,65476,0,300,0,0,8,20529,65476,0,0,44564,70.0,0.0,0.0,0.0,0.0,0.0
2026-09-10T21:13:19,ERR,ERR,ERR,ERR,ERR,ERR,ERR,ERR,ERR,ERR,ERR,ERR,ERR,ERR,ERR,ERR,ERR,ERR,ERR,ERR,ERR,ERR,ERR,ERR,ERR,ERR,ERR,ERR,ERR,ERR,ERR,ERR,ERR,ERR,ERR,ERR,ERR,ERR,ERR,ERR,ERR,ERR,ERR,ERR,ERR,ERR,ERR,ERR,ERR,ERR,ERR,ERR,ERR,ERR,ERR,ERR,ERR,ERR,ERR,ERR,ERR,ERR,ERR,ERR,ERR,ERR,ERR,ERR,ERR,ERR,ERR,ERR,ERR,ERR,ERR,ERR,ERR,ERR,ERR,ERR,ERR,ERR,ERR,ERR,ERR,ERR,ERR,ERR,ERR,ERR,ERR,ERR,ERR,ERR,ERR,ERR,ERR,ERR,ERR,ERR,ERR,ERR,ERR,ERR,ERR,ERR,ERR,ERR,ERR,ERR,ERR,ERR,ERR,ERR,ERR,ERR,ERR,ERR,ERR,ERR,ERR,ERR,ERR,ERR,ERR,0.0,0.0,2.6474835549302285e+23,0.0,0.0,1.3936040501711995e+18,7.805,0.0,0,0,4,0,7116,0.0,100,0.0,0.0,0.0,0.0,0.0,0,0,0,0,0.0,0,0,0,0,0,0,0,0,0,0,0,0,0,0,0,0,0,0,0,0,0,0,0,0,0,0,0,0,0,0,0,0,0,31,40,40,71,65476,0,300,0,0,8,21553,0.0,-107605600.0,0.0,0.0,0.0,0.0,0.0,0.0,0.0,0.0,0.0,0.0,0.0,0.0,0.0,0.0,0.0,0.0,0.0,0.0,0.0,0.0,-2.004,2.004,0.0,-0.0,0.0,0.0,0.0,0.0,4471.0,-0.0,6933.0,0.0,2.7184303811560617e+23,0.0,2.718428940004181e+23,0.0,0.0,0.0,0.0,69,-4.950430145311814e+32,-71.629,0.0,0.0,0.0,0.0,0.0,0.0,0.0,0,0,0,0.0,0.0,0.0,0.0,0.0,0.0,0.0,0.0,0.0,0.0,0.0,0.0,0.0,0.0,0.0,0.0,0,-107875648.0,69,0.0,138,0.0,0.0,0,0,17087,52429,17103,0,17083,0,0,0,70,68,100,-0.0,82.4,-107615456.0,78.3,-0.0,79.0,1,49,50,180,26215,26215,0,0,0.0,0.0,0.0,0.0,-0.0,67.0,0.0,162057.094,0.0,982,0,1012,0,0,0,955,0,1039,0,935,0,793,0,784,0,823,0,7520,0.032,2.5133688800429264e+20,0.0,0.0,784,16797,-0.0,162057.094,-114818.039,-0.0,0.133,6.909358625270745e+28,30.0,70.0,35,0.0,0.0,0.0,0.0,0.0,0.0,0.0,0.0,0.0,0.0,0.0,0.0,0.0,0.0,0.0,0.0,66.0,0,150,71,52,65476,0,300,0,0,8,20529,65476,0,0,44564,70.0,0.0,0.0,0.0,0.0,0.0
2026-09-10T21:13:20,ERR,ERR,ERR,ERR,ERR,ERR,ERR,ERR,ERR,ERR,ERR,ERR,ERR,ERR,ERR,ERR,ERR,ERR,ERR,ERR,ERR,ERR,ERR,ERR,ERR,ERR,ERR,ERR,ERR,ERR,ERR,ERR,ERR,ERR,ERR,ERR,ERR,ERR,ERR,ERR,ERR,ERR,ERR,ERR,ERR,ERR,ERR,ERR,ERR,ERR,ERR,ERR,ERR,ERR,ERR,ERR,ERR,ERR,ERR,ERR,ERR,ERR,ERR,ERR,ERR,ERR,ERR,ERR,ERR,ERR,ERR,ERR,ERR,ERR,ERR,ERR,ERR,ERR,ERR,ERR,ERR,ERR,ERR,ERR,ERR,ERR,ERR,ERR,ERR,ERR,ERR,ERR,ERR,ERR,ERR,ERR,ERR,ERR,ERR,ERR,ERR,ERR,ERR,ERR,ERR,ERR,ERR,ERR,ERR,ERR,ERR,ERR,ERR,ERR,ERR,ERR,ERR,ERR,ERR,ERR,ERR,ERR,ERR,ERR,ERR,0.0,0.0,2.6474835549302285e+23,0.0,0.0,1.3936040501711995e+18,7.805,0.0,0,0,4,0,7116,0.0,100,0.0,0.0,0.0,0.0,0.0,0,0,0,0,0.0,0,0,0,0,0,0,0,0,0,0,0,0,0,0,0,0,0,0,0,0,0,0,0,0,0,0,0,0,0,0,0,0,0,31,40,40,71,65476,0,300,0,0,8,21553,0.0,-107605600.0,0.0,0.0,0.0,0.0,0.0,0.0,0.0,0.0,0.0,0.0,0.0,0.0,0.0,0.0,0.0,0.0,0.0,0.0,0.0,0.0,-2.004,2.004,0.0,-0.0,0.0,0.0,0.0,0.0,4471.0,-0.0,6933.0,0.0,2.7184303811560617e+23,0.0,2.718428940004181e+23,0.0,0.0,0.0,0.0,69,-4.950430145311814e+32,-71.629,0.0,0.0,0.0,0.0,0.0,0.0,0.0,0,0,0,0.0,0.0,0.0,0.0,0.0,0.0,0.0,0.0,0.0,0.0,0.0,0.0,0.0,0.0,0.0,0.0,0,-107875648.0,69,0.0,138,0.0,0.0,0,0,17087,52429,17103,0,17083,0,0,0,70,68,100,-0.0,82.4,-107615456.0,78.3,-0.0,79.0,1,49,50,180,26215,26215,0,0,0.0,0.0,0.0,0.0,-0.0,67.0,0.0,162057.094,0.0,982,0,1012,0,0,0,955,0,1039,0,935,0,793,0,784,0,823,0,7520,0.032,2.5133688800429264e+20,0.0,0.0,784,16797,-0.0,162057.094,-114818.039,-0.0,0.133,6.909358625270745e+28,30.0,70.0,35,0.0,0.0,0.0,0.0,0.0,0.0,0.0,0.0,0.0,0.0,0.0,0.0,0.0,0.0,0.0,0.0,66.0,0,150,71,52,65476,0,300,0,0,8,20529,65476,0,0,44564,70.0,0.0,0.0,0.0,0.0,0.0
2026-09-10T21:13:21,ERR,ERR,ERR,ERR,ERR,ERR,ERR,ERR,ERR,ERR,ERR,ERR,ERR,ERR,ERR,ERR,ERR,ERR,ERR,ERR,ERR,ERR,ERR,ERR,ERR,ERR,ERR,ERR,ERR,ERR,ERR,ERR,ERR,ERR,ERR,ERR,ERR,ERR,ERR,ERR,ERR,ERR,ERR,ERR,ERR,ERR,ERR,ERR,ERR,ERR,ERR,ERR,ERR,ERR,ERR,ERR,ERR,ERR,ERR,ERR,ERR,ERR,ERR,ERR,ERR,ERR,ERR,ERR,ERR,ERR,ERR,ERR,ERR,ERR,ERR,ERR,ERR,ERR,ERR,ERR,ERR,ERR,ERR,ERR,ERR,ERR,ERR,ERR,ERR,ERR,ERR,ERR,ERR,ERR,ERR,ERR,ERR,ERR,ERR,ERR,ERR,ERR,ERR,ERR,ERR,ERR,ERR,ERR,ERR,ERR,ERR,ERR,ERR,ERR,ERR,ERR,ERR,ERR,ERR,ERR,ERR,ERR,ERR,ERR,ERR,0.0,0.0,2.6474835549302285e+23,0.0,0.0,1.3936040501711995e+18,7.805,0.0,0,0,4,0,7116,0.0,100,0.0,0.0,0.0,0.0,0.0,0,0,0,0,0.0,0,0,0,0,0,0,0,0,0,0,0,0,0,0,0,0,0,0,0,0,0,0,0,0,0,0,0,0,0,0,0,0,0,31,40,40,71,65476,0,300,0,0,8,21553,0.0,-107605600.0,0.0,0.0,0.0,0.0,0.0,0.0,0.0,0.0,0.0,0.0,0.0,0.0,0.0,0.0,0.0,0.0,0.0,0.0,0.0,0.0,-2.004,2.004,0.0,-0.0,0.0,0.0,0.0,0.0,4464.0,-2.004,6936.0,0.0,2.7184303811560617e+23,-107615136.0,2.718428940004181e+23,0.0,0.0,0.0,0.0,69,-1.905698635870372e+17,-2.3088241810607807e+20,0.0,0.0,0.0,0.0,0.0,0.0,0.0,0,0,0,0.0,0.0,0.0,0.0,0.0,0.0,0.0,0.0,0.0,0.0,0.0,0.0,0.0,0.0,0.0,0.0,0,-107875648.0,69,0.0,138,0.0,0.0,0,0,17087,52429,17103,0,17083,0,0,0,70,68,100,-0.0,82.4,-107615456.0,78.3,-0.0,79.0,1,49,50,180,26215,26215,0,0,0.0,0.0,0.0,0.0,-0.0,67.0,0.0,162057.094,0.0,982,0,1012,0,0,0,955,0,1039,0,935,0,793,0,784,0,823,0,7520,0.032,2.5133688800429264e+20,0.0,0.0,784,16797,-0.0,162057.094,-114818.039,-0.0,0.133,6.909358625270745e+28,30.0,70.0,35,0.0,0.0,0.0,0.0,0.0,0.0,0.0,0.0,0.0,0.0,0.0,0.0,0.0,0.0,0.0,0.0,66.0,0,150,71,52,65476,0,300,0,0,8,20529,65476,0,0,44564,70.0,0.0,0.0,0.0,0.0,0.0
2026-09-10T21:13:22,ERR,ERR,ERR,ERR,ERR,ERR,ERR,ERR,ERR,ERR,ERR,ERR,ERR,ERR,ERR,ERR,ERR,ERR,ERR,ERR,ERR,ERR,ERR,ERR,ERR,ERR,ERR,ERR,ERR,ERR,ERR,ERR,ERR,ERR,ERR,ERR,ERR,ERR,ERR,ERR,ERR,ERR,ERR,ERR,ERR,ERR,ERR,ERR,ERR,ERR,ERR,ERR,ERR,ERR,ERR,ERR,ERR,ERR,ERR,ERR,ERR,ERR,ERR,ERR,ERR,ERR,ERR,ERR,ERR,ERR,ERR,ERR,ERR,ERR,ERR,ERR,ERR,ERR,ERR,ERR,ERR,ERR,ERR,ERR,ERR,ERR,ERR,ERR,ERR,ERR,ERR,ERR,ERR,ERR,ERR,ERR,ERR,ERR,ERR,ERR,ERR,ERR,ERR,ERR,ERR,ERR,ERR,ERR,ERR,ERR,ERR,ERR,ERR,ERR,ERR,ERR,ERR,ERR,ERR,ERR,ERR,ERR,ERR,ERR,ERR,0.0,0.0,2.6474835549302285e+23,0.0,0.0,1.3936040501711995e+18,7.805,0.0,0,0,4,0,7116,0.0,100,0.0,0.0,0.0,0.0,0.0,0,0,0,0,0.0,0,0,0,0,0,0,0,0,0,0,0,0,0,0,0,0,0,0,0,0,0,0,0,0,0,0,0,0,0,0,0,0,0,31,40,40,71,65476,0,300,0,0,8,21553,0.0,-107605600.0,0.0,0.0,0.0,0.0,0.0,0.0,0.0,0.0,0.0,0.0,0.0,0.0,0.0,0.0,0.0,0.0,0.0,0.0,0.0,0.0,-2.004,2.004,0.0,-0.0,0.0,0.0,0.0,0.0,4464.0,-2.004,6936.0,0.0,2.7184303811560617e+23,-107615136.0,2.718428940004181e+23,0.0,0.0,0.0,0.0,69,-1.905698635870372e+17,-2.3088241810607807e+20,0.0,0.0,0.0,0.0,0.0,0.0,0.0,0,0,0,0.0,0.0,0.0,0.0,0.0,0.0,0.0,0.0,0.0,0.0,0.0,0.0,0.0,0.0,0.0,0.0,0,-107875648.0,69,0.0,138,0.0,0.0,0,0,17087,52429,17103,0,17083,0,0,0,70,68,100,-0.0,82.4,-107615456.0,78.3,-0.0,79.0,1,49,50,180,26215,26215,0,0,0.0,0.0,0.0,0.0,-0.0,67.0,0.0,162057.094,0.0,982,0,1012,0,0,0,955,0,1039,0,935,0,793,0,784,0,823,0,7520,0.032,2.5133688800429264e+20,0.0,0.0,784,16797,-0.0,162057.094,-114818.039,-0.0,0.133,6.909358625270745e+28,30.0,70.0,35,0.0,0.0,0.0,0.0,0.0,0.0,0.0,0.0,0.0,0.0,0.0,0.0,0.0,0.0,0.0,0.0,66.0,0,150,71,52,65476,0,300,0,0,8,20529,65476,0,0,44564,70.0,0.0,0.0,0.0,0.0,0.0
2026-09-10T21:13:23,ERR,ERR,ERR,ERR,ERR,ERR,ERR,ERR,ERR,ERR,ERR,ERR,ERR,ERR,ERR,ERR,ERR,ERR,ERR,ERR,ERR,ERR,ERR,ERR,ERR,ERR,ERR,ERR,ERR,ERR,ERR,ERR,ERR,ERR,ERR,ERR,ERR,ERR,ERR,ERR,ERR,ERR,ERR,ERR,ERR,ERR,ERR,ERR,ERR,ERR,ERR,ERR,ERR,ERR,ERR,ERR,ERR,ERR,ERR,ERR,ERR,ERR,ERR,ERR,ERR,ERR,ERR,ERR,ERR,ERR,ERR,ERR,ERR,ERR,ERR,ERR,ERR,ERR,ERR,ERR,ERR,ERR,ERR,ERR,ERR,ERR,ERR,ERR,ERR,ERR,ERR,ERR,ERR,ERR,ERR,ERR,ERR,ERR,ERR,ERR,ERR,ERR,ERR,ERR,ERR,ERR,ERR,ERR,ERR,ERR,ERR,ERR,ERR,ERR,ERR,ERR,ERR,ERR,ERR,ERR,ERR,ERR,ERR,ERR,ERR,0.0,0.0,2.6474835549302285e+23,0.0,0.0,1.3936040501711995e+18,7.805,0.0,0,0,4,0,7116,0.0,100,0.0,0.0,0.0,0.0,0.0,0,0,0,0,0.0,0,0,0,0,0,0,0,0,0,0,0,0,0,0,0,0,0,0,0,0,0,0,0,0,0,0,0,0,0,0,0,0,0,31,40,40,71,65476,0,300,0,0,8,21553,0.0,-107605600.0,0.0,0.0,0.0,0.0,0.0,0.0,0.0,0.0,0.0,0.0,0.0,0.0,0.0,0.0,0.0,0.0,0.0,0.0,0.0,0.0,-2.004,2.004,0.0,-0.0,0.0,0.0,0.0,0.0,4464.0,-2.004,6936.0,0.0,2.7184303811560617e+23,-107615136.0,2.718428940004181e+23,0.0,0.0,0.0,0.0,69,-1.905698635870372e+17,-2.3088241810607807e+20,0.0,0.0,0.0,0.0,0.0,0.0,0.0,0,0,0,0.0,0.0,0.0,0.0,0.0,0.0,0.0,0.0,0.0,0.0,0.0,0.0,0.0,0.0,0.0,0.0,0,-107875648.0,69,0.0,138,0.0,0.0,0,0,17087,52429,17103,0,17083,0,0,0,70,68,100,-0.0,82.4,-107615456.0,78.3,-0.0,79.0,1,49,50,180,26215,26215,0,0,0.0,0.0,0.0,0.0,-0.0,67.0,0.0,162057.094,0.0,982,0,1012,0,0,0,955,0,1039,0,935,0,793,0,784,0,823,0,7520,0.032,2.5133688800429264e+20,0.0,0.0,784,16797,-0.0,162057.094,-114818.039,-0.0,0.133,6.909358625270745e+28,30.0,70.0,35,0.0,0.0,0.0,0.0,0.0,0.0,0.0,0.0,0.0,0.0,0.0,0.0,0.0,0.0,0.0,0.0,66.0,0,150,71,52,65476,0,300,0,0,8,20529,65476,0,0,44564,70.0,0.0,0.0,0.0,0.0,0.0
2026-09-10T21:13:24,ERR,ERR,ERR,ERR,ERR,ERR,ERR,ERR,ERR,ERR,ERR,ERR,ERR,ERR,ERR,ERR,ERR,ERR,ERR,ERR,ERR,ERR,ERR,ERR,ERR,ERR,ERR,ERR,ERR,ERR,ERR,ERR,ERR,ERR,ERR,ERR,ERR,ERR,ERR,ERR,ERR,ERR,ERR,ERR,ERR,ERR,ERR,ERR,ERR,ERR,ERR,ERR,ERR,ERR,ERR,ERR,ERR,ERR,ERR,ERR,ERR,ERR,ERR,ERR,ERR,ERR,ERR,ERR,ERR,ERR,ERR,ERR,ERR,ERR,ERR,ERR,ERR,ERR,ERR,ERR,ERR,ERR,ERR,ERR,ERR,ERR,ERR,ERR,ERR,ERR,ERR,ERR,ERR,ERR,ERR,ERR,ERR,ERR,ERR,ERR,ERR,ERR,ERR,ERR,ERR,ERR,ERR,ERR,ERR,ERR,ERR,ERR,ERR,ERR,ERR,ERR,ERR,ERR,ERR,ERR,ERR,ERR,ERR,ERR,ERR,0.0,0.0,2.6474835549302285e+23,0.0,0.0,1.3936040501711995e+18,7.805,0.0,0,0,4,0,7116,0.0,100,0.0,0.0,0.0,0.0,0.0,0,0,0,0,0.0,0,0,0,0,0,0,0,0,0,0,0,0,0,0,0,0,0,0,0,0,0,0,0,0,0,0,0,0,0,0,0,0,0,31,40,40,71,65476,0,300,0,0,8,21553,0.0,-107605600.0,0.0,0.0,0.0,0.0,0.0,0.0,0.0,0.0,0.0,0.0,0.0,0.0,0.0,0.0,0.0,0.0,0.0,0.0,0.0,0.0,-2.004,2.004,0.0,-0.0,0.0,0.0,0.0,0.0,4464.0,-2.004,6936.0,0.0,2.7184303811560617e+23,-107615136.0,2.718428940004181e+23,0.0,0.0,0.0,0.0,69,-1.905698635870372e+17,-2.3088241810607807e+20,0.0,0.0,0.0,0.0,0.0,0.0,0.0,0,0,0,0.0,0.0,0.0,0.0,0.0,0.0,0.0,0.0,0.0,0.0,0.0,0.0,0.0,0.0,0.0,0.0,0,-107875648.0,69,0.0,138,0.0,0.0,0,0,17087,52429,17103,0,17083,0,0,0,70,68,100,-0.0,82.4,-107615456.0,78.3,-0.0,79.0,1,49,50,180,26215,26215,0,0,0.0,0.0,0.0,0.0,-0.0,67.0,0.0,162057.094,0.0,982,0,1012,0,0,0,955,0,1039,0,935,0,793,0,784,0,823,0,7520,0.032,2.5133688800429264e+20,0.0,0.0,784,16797,-0.0,162057.094,-114818.039,-0.0,0.133,6.909358625270745e+28,30.0,70.0,35,0.0,0.0,0.0,0.0,0.0,0.0,0.0,0.0,0.0,0.0,0.0,0.0,0.0,0.0,0.0,0.0,66.0,0,150,71,52,65476,0,300,0,0,8,20529,65476,0,0,44564,70.0,0.0,0.0,0.0,0.0,0.0
2026-09-10T21:13:25,ERR,ERR,ERR,ERR,ERR,ERR,ERR,ERR,ERR,ERR,ERR,ERR,ERR,ERR,ERR,ERR,ERR,ERR,ERR,ERR,ERR,ERR,ERR,ERR,ERR,ERR,ERR,ERR,ERR,ERR,ERR,ERR,ERR,ERR,ERR,ERR,ERR,ERR,ERR,ERR,ERR,ERR,ERR,ERR,ERR,ERR,ERR,ERR,ERR,ERR,ERR,ERR,ERR,ERR,ERR,ERR,ERR,ERR,ERR,ERR,ERR,ERR,ERR,ERR,ERR,ERR,ERR,ERR,ERR,ERR,ERR,ERR,ERR,ERR,ERR,ERR,ERR,ERR,ERR,ERR,ERR,ERR,ERR,ERR,ERR,ERR,ERR,ERR,ERR,ERR,ERR,ERR,ERR,ERR,ERR,ERR,ERR,ERR,ERR,ERR,ERR,ERR,ERR,ERR,ERR,ERR,ERR,ERR,ERR,ERR,ERR,ERR,ERR,ERR,ERR,ERR,ERR,ERR,ERR,ERR,ERR,ERR,ERR,ERR,ERR,0.0,0.0,2.6474835549302285e+23,0.0,0.0,1.3936040501711995e+18,7.805,0.0,0,0,4,0,7116,0.0,100,0.0,0.0,0.0,0.0,0.0,0,0,0,0,0.0,0,0,0,0,0,0,0,0,0,0,0,0,0,0,0,0,0,0,0,0,0,0,0,0,0,0,0,0,0,0,0,0,0,31,40,40,71,65476,0,300,0,0,8,21553,0.0,-107605600.0,0.0,0.0,0.0,0.0,0.0,0.0,0.0,0.0,0.0,0.0,0.0,0.0,0.0,0.0,0.0,0.0,0.0,0.0,0.0,0.0,-2.004,2.004,0.0,-0.0,0.0,0.0,0.0,0.0,4464.0,-2.004,6936.0,0.0,2.7184303811560617e+23,-107615136.0,2.718428940004181e+23,0.0,0.0,0.0,0.0,69,-1.905698635870372e+17,-2.3088241810607807e+20,0.0,0.0,0.0,0.0,0.0,0.0,0.0,0,0,0,0.0,0.0,0.0,0.0,0.0,0.0,0.0,0.0,0.0,0.0,0.0,0.0,0.0,0.0,0.0,0.0,0,-107875648.0,69,0.0,138,0.0,0.0,0,0,17087,52429,17103,0,17083,0,0,0,70,68,100,2.7302399002429377e+23,82.4,-107615456.0,78.3,-0.0,79.0,1,49,50,180,26215,26215,0,0,0.0,0.0,0.0,0.0,-0.0,67.0,0.0,162057.094,0.0,982,0,1012,0,0,0,955,0,1038,0,935,0,793,0,784,0,823,0,7520,0.032,2.5133688800429264e+20,0.0,0.0,784,16797,-0.0,162057.094,-114818.039,-0.0,0.133,6.909358625270745e+28,30.0,70.0,35,0.0,0.0,0.0,0.0,0.0,0.0,0.0,0.0,0.0,0.0,0.0,0.0,0.0,0.0,0.0,0.0,66.4,0,150,71,52,65476,0,300,0,0,8,20529,65476,0,0,44564,70.0,0.0,0.0,0.0,0.0,0.0
2026-09-10T21:13:26,ERR,ERR,ERR,ERR,ERR,ERR,ERR,ERR,ERR,ERR,ERR,ERR,ERR,ERR,ERR,ERR,ERR,ERR,ERR,ERR,ERR,ERR,ERR,ERR,ERR,ERR,ERR,ERR,ERR,ERR,ERR,ERR,ERR,ERR,ERR,ERR,ERR,ERR,ERR,ERR,ERR,ERR,ERR,ERR,ERR,ERR,ERR,ERR,ERR,ERR,ERR,ERR,ERR,ERR,ERR,ERR,ERR,ERR,ERR,ERR,ERR,ERR,ERR,ERR,ERR,ERR,ERR,ERR,ERR,ERR,ERR,ERR,ERR,ERR,ERR,ERR,ERR,ERR,ERR,ERR,ERR,ERR,ERR,ERR,ERR,ERR,ERR,ERR,ERR,ERR,ERR,ERR,ERR,ERR,ERR,ERR,ERR,ERR,ERR,ERR,ERR,ERR,ERR,ERR,ERR,ERR,ERR,ERR,ERR,ERR,ERR,ERR,ERR,ERR,ERR,ERR,ERR,ERR,ERR,ERR,ERR,ERR,ERR,ERR,ERR,0.0,0.0,2.6474835549302285e+23,0.0,0.0,1.3936040501711995e+18,7.805,0.0,0,0,4,0,7116,0.0,100,0.0,0.0,0.0,0.0,0.0,0,0,0,0,0.0,0,0,0,0,0,0,0,0,0,0,0,0,0,0,0,0,0,0,0,0,0,0,0,0,0,0,0,0,0,0,0,0,0,31,40,40,71,65476,0,300,0,0,8,21553,0.0,-107605600.0,0.0,0.0,0.0,0.0,0.0,0.0,0.0,0.0,0.0,0.0,0.0,0.0,0.0,0.0,0.0,0.0,0.0,0.0,0.0,0.0,-2.004,2.004,0.0,-0.0,0.0,0.0,0.0,0.0,4464.0,-2.004,6936.0,0.0,2.7184303811560617e+23,-107615136.0,2.718428940004181e+23,0.0,0.0,0.0,0.0,69,-1.905698635870372e+17,-2.3088241810607807e+20,0.0,0.0,0.0,0.0,0.0,0.0,0.0,0,0,0,0.0,0.0,0.0,0.0,0.0,0.0,0.0,0.0,0.0,0.0,0.0,0.0,0.0,0.0,0.0,0.0,0,-107875648.0,69,0.0,138,0.0,0.0,0,0,17087,52429,17103,0,17083,0,0,0,70,68,100,2.7302399002429377e+23,82.4,-107615456.0,78.3,-0.0,79.0,1,49,50,180,26215,26215,0,0,0.0,0.0,0.0,0.0,-0.0,67.0,0.0,162057.094,0.0,982,0,1012,0,0,0,955,0,1038,0,935,0,793,0,784,0,823,0,7520,0.032,2.5133688800429264e+20,0.0,0.0,784,16797,-0.0,162057.094,-114818.039,-0.0,0.133,6.909358625270745e+28,30.0,70.0,35,0.0,0.0,0.0,0.0,0.0,0.0,0.0,0.0,0.0,0.0,0.0,0.0,0.0,0.0,0.0,0.0,66.4,0,150,71,52,65476,0,300,0,0,8,20529,65476,0,0,44564,70.0,0.0,0.0,0.0,0.0,0.0
2026-09-10T21:13:27,ERR,ERR,ERR,ERR,ERR,ERR,ERR,ERR,ERR,ERR,ERR,ERR,ERR,ERR,ERR,ERR,ERR,ERR,ERR,ERR,ERR,ERR,ERR,ERR,ERR,ERR,ERR,ERR,ERR,ERR,ERR,ERR,ERR,ERR,ERR,ERR,ERR,ERR,ERR,ERR,ERR,ERR,ERR,ERR,ERR,ERR,ERR,ERR,ERR,ERR,ERR,ERR,ERR,ERR,ERR,ERR,ERR,ERR,ERR,ERR,ERR,ERR,ERR,ERR,ERR,ERR,ERR,ERR,ERR,ERR,ERR,ERR,ERR,ERR,ERR,ERR,ERR,ERR,ERR,ERR,ERR,ERR,ERR,ERR,ERR,ERR,ERR,ERR,ERR,ERR,ERR,ERR,ERR,ERR,ERR,ERR,ERR,ERR,ERR,ERR,ERR,ERR,ERR,ERR,ERR,ERR,ERR,ERR,ERR,ERR,ERR,ERR,ERR,ERR,ERR,ERR,ERR,ERR,ERR,ERR,ERR,ERR,ERR,ERR,ERR,0.0,0.0,2.6474835549302285e+23,0.0,0.0,1.3936040501711995e+18,7.805,0.0,0,0,4,0,7116,0.0,100,0.0,0.0,0.0,0.0,0.0,0,0,0,0,0.0,0,0,0,0,0,0,0,0,0,0,0,0,0,0,0,0,0,0,0,0,0,0,0,0,0,0,0,0,0,0,0,0,0,31,40,40,71,65476,0,300,0,0,8,21553,0.0,-107605600.0,0.0,0.0,0.0,0.0,0.0,0.0,0.0,0.0,0.0,0.0,0.0,0.0,0.0,0.0,0.0,0.0,0.0,0.0,0.0,0.0,-2.004,2.004,0.0,-0.0,0.0,0.0,0.0,0.0,4464.0,-2.004,6936.0,0.0,2.7184303811560617e+23,-107615136.0,2.718428940004181e+23,0.0,0.0,0.0,0.0,69,-1.905698635870372e+17,-2.3088241810607807e+20,0.0,0.0,0.0,0.0,0.0,0.0,0.0,0,0,0,0.0,0.0,0.0,0.0,0.0,0.0,0.0,0.0,0.0,0.0,0.0,0.0,0.0,0.0,0.0,0.0,0,-107875648.0,69,0.0,138,0.0,0.0,0,0,17087,52429,17103,0,17083,0,0,0,70,68,100,2.7302399002429377e+23,82.4,-107615456.0,78.3,-0.0,79.0,1,49,50,180,26215,26215,0,0,0.0,0.0,0.0,0.0,-0.0,67.0,0.0,162057.094,0.0,982,0,1012,0,0,0,955,0,1038,0,935,0,793,0,784,0,823,0,7520,0.032,2.5133688800429264e+20,0.0,0.0,784,16797,-0.0,162057.094,-114818.039,-0.0,0.133,6.909358625270745e+28,30.0,70.0,35,0.0,0.0,0.0,0.0,0.0,0.0,0.0,0.0,0.0,0.0,0.0,0.0,0.0,0.0,0.0,0.0,66.0,0,150,71,52,65476,0,300,0,0,8,20529,65476,0,0,44564,70.0,0.0,0.0,0.0,0.0,0.0
2026-09-10T21:13:28,ERR,ERR,ERR,ERR,ERR,ERR,ERR,ERR,ERR,ERR,ERR,ERR,ERR,ERR,ERR,ERR,ERR,ERR,ERR,ERR,ERR,ERR,ERR,ERR,ERR,ERR,ERR,ERR,ERR,ERR,ERR,ERR,ERR,ERR,ERR,ERR,ERR,ERR,ERR,ERR,ERR,ERR,ERR,ERR,ERR,ERR,ERR,ERR,ERR,ERR,ERR,ERR,ERR,ERR,ERR,ERR,ERR,ERR,ERR,ERR,ERR,ERR,ERR,ERR,ERR,ERR,ERR,ERR,ERR,ERR,ERR,ERR,ERR,ERR,ERR,ERR,ERR,ERR,ERR,ERR,ERR,ERR,ERR,ERR,ERR,ERR,ERR,ERR,ERR,ERR,ERR,ERR,ERR,ERR,ERR,ERR,ERR,ERR,ERR,ERR,ERR,ERR,ERR,ERR,ERR,ERR,ERR,ERR,ERR,ERR,ERR,ERR,ERR,ERR,ERR,ERR,ERR,ERR,ERR,ERR,ERR,ERR,ERR,ERR,ERR,0.0,0.0,2.6474835549302285e+23,0.0,0.0,1.3936040501711995e+18,7.805,0.0,0,0,4,0,7116,0.0,100,0.0,0.0,0.0,0.0,0.0,0,0,0,0,0.0,0,0,0,0,0,0,0,0,0,0,0,0,0,0,0,0,0,0,0,0,0,0,0,0,0,0,0,0,0,0,0,0,0,31,40,40,71,65476,0,300,0,0,8,21553,0.0,-107605600.0,0.0,0.0,0.0,0.0,0.0,0.0,0.0,0.0,0.0,0.0,0.0,0.0,0.0,0.0,0.0,0.0,0.0,0.0,0.0,0.0,-2.004,2.004,0.0,-0.0,0.0,0.0,0.0,0.0,4464.0,-2.004,6936.0,0.0,2.7184303811560617e+23,-107615136.0,2.718428940004181e+23,0.0,0.0,0.0,0.0,69,-1.905698635870372e+17,-2.3088241810607807e+20,0.0,0.0,0.0,0.0,0.0,0.0,0.0,0,0,0,0.0,0.0,0.0,0.0,0.0,0.0,0.0,0.0,0.0,0.0,0.0,0.0,0.0,0.0,0.0,0.0,0,-107875648.0,69,0.0,138,0.0,0.0,0,0,17087,52429,17103,0,17083,0,0,0,70,68,100,2.7302399002429377e+23,82.4,-107615456.0,78.3,-0.0,79.0,1,49,50,180,26215,26215,0,0,0.0,0.0,0.0,0.0,-0.0,67.0,0.0,162057.094,0.0,982,0,1012,0,0,0,955,0,1038,0,935,0,793,0,784,0,823,0,7520,0.032,2.5133688800429264e+20,0.0,0.0,784,16797,-0.0,162057.094,-114818.039,-0.0,0.133,6.909358625270745e+28,30.0,70.0,35,0.0,0.0,0.0,0.0,0.0,0.0,0.0,0.0,0.0,0.0,0.0,0.0,0.0,0.0,0.0,0.0,66.0,0,150,71,52,65476,0,300,0,0,8,20529,65476,0,0,44564,70.0,0.0,0.0,0.0,0.0,0.0
2026-09-10T21:13:29,ERR,ERR,ERR,ERR,ERR,ERR,ERR,ERR,ERR,ERR,ERR,ERR,ERR,ERR,ERR,ERR,ERR,ERR,ERR,ERR,ERR,ERR,ERR,ERR,ERR,ERR,ERR,ERR,ERR,ERR,ERR,ERR,ERR,ERR,ERR,ERR,ERR,ERR,ERR,ERR,ERR,ERR,ERR,ERR,ERR,ERR,ERR,ERR,ERR,ERR,ERR,ERR,ERR,ERR,ERR,ERR,ERR,ERR,ERR,ERR,ERR,ERR,ERR,ERR,ERR,ERR,ERR,ERR,ERR,ERR,ERR,ERR,ERR,ERR,ERR,ERR,ERR,ERR,ERR,ERR,ERR,ERR,ERR,ERR,ERR,ERR,ERR,ERR,ERR,ERR,ERR,ERR,ERR,ERR,ERR,ERR,ERR,ERR,ERR,ERR,ERR,ERR,ERR,ERR,ERR,ERR,ERR,ERR,ERR,ERR,ERR,ERR,ERR,ERR,ERR,ERR,ERR,ERR,ERR,ERR,ERR,ERR,ERR,ERR,ERR,-107615312.0,0.0,-100794720.0,0.0,0.0,1.3936040501711995e+18,7.805,0.0,0,0,4,0,7116,0.0,100,0.0,0.0,0.0,0.0,0.0,0,0,0,0,0.0,0,0,0,0,0,0,0,0,0,0,0,0,0,0,0,0,0,0,0,0,0,0,0,0,0,0,0,0,0,0,0,0,0,31,40,40,71,65476,0,300,0,0,8,21553,0.0,-107605600.0,0.0,0.0,0.0,0.0,0.0,0.0,0.0,0.0,0.0,0.0,0.0,0.0,0.0,0.0,0.0,0.0,0.0,0.0,0.0,0.0,-2.004,2.004,2.004,-0.0,0.0,0.0,0.0,0.0,4460.0,-0.0,6931.0,0.0,0.0,0.0,2.718428940004181e+23,0.0,0.0,0.0,0.0,69,-89221.141,-0.0,0.0,0.0,0.0,0.0,0.0,0.0,0.0,0,0,0,0.0,0.0,0.0,0.0,0.0,0.0,0.0,0.0,0.0,0.0,0.0,0.0,0.0,0.0,0.0,0.0,0,-107875648.0,69,0.0,138,0.0,-109183328.0,0,0,17087,52429,17103,0,17083,0,0,0,70,68,100,2.7302399002429377e+23,82.4,-107615456.0,78.3,-0.0,79.0,1,49,50,180,26215,26215,0,0,0.0,0.0,0.0,0.0,-0.0,67.0,0.0,162057.094,0.0,982,0,1012,0,0,0,955,0,1038,0,935,0,793,0,784,0,823,0,7520,0.032,2.5133688800429264e+20,0.0,0.0,784,16797,-0.0,162057.094,-114818.039,-0.0,0.133,6.909358625270745e+28,30.0,70.0,35,0.0,0.0,0.0,0.0,0.0,0.0,0.0,0.0,0.0,0.0,0.0,0.0,0.0,0.0,0.0,0.0,66.0,0,150,71,52,65476,0,300,0,0,8,20529,65476,0,0,44564,70.0,0.0,0.0,0.0,0.0,0.0
2026-09-10T21:13:30,ERR,ERR,ERR,ERR,ERR,ERR,ERR,ERR,ERR,ERR,ERR,ERR,ERR,ERR,ERR,ERR,ERR,ERR,ERR,ERR,ERR,ERR,ERR,ERR,ERR,ERR,ERR,ERR,ERR,ERR,ERR,ERR,ERR,ERR,ERR,ERR,ERR,ERR,ERR,ERR,ERR,ERR,ERR,ERR,ERR,ERR,ERR,ERR,ERR,ERR,ERR,ERR,ERR,ERR,ERR,ERR,ERR,ERR,ERR,ERR,ERR,ERR,ERR,ERR,ERR,ERR,ERR,ERR,ERR,ERR,ERR,ERR,ERR,ERR,ERR,ERR,ERR,ERR,ERR,ERR,ERR,ERR,ERR,ERR,ERR,ERR,ERR,ERR,ERR,ERR,ERR,ERR,ERR,ERR,ERR,ERR,ERR,ERR,ERR,ERR,ERR,ERR,ERR,ERR,ERR,ERR,ERR,ERR,ERR,ERR,ERR,ERR,ERR,ERR,ERR,ERR,ERR,ERR,ERR,ERR,ERR,ERR,ERR,ERR,ERR,-107615312.0,0.0,-100794720.0,0.0,0.0,1.3936040501711995e+18,7.805,0.0,0,0,4,0,7116,0.0,100,0.0,0.0,0.0,0.0,0.0,0,0,0,0,0.0,0,0,0,0,0,0,0,0,0,0,0,0,0,0,0,0,0,0,0,0,0,0,0,0,0,0,0,0,0,0,0,0,0,31,40,40,71,65476,0,300,0,0,8,21553,0.0,-107605600.0,0.0,0.0,0.0,0.0,0.0,0.0,0.0,0.0,0.0,0.0,0.0,0.0,0.0,0.0,0.0,0.0,0.0,0.0,0.0,0.0,-2.004,2.004,2.004,-0.0,0.0,0.0,0.0,0.0,4460.0,-0.0,6931.0,0.0,0.0,0.0,2.718428940004181e+23,0.0,0.0,0.0,0.0,69,-89221.141,-0.0,0.0,0.0,0.0,0.0,0.0,0.0,0.0,0,0,0,0.0,0.0,0.0,0.0,0.0,0.0,0.0,0.0,0.0,0.0,0.0,0.0,0.0,0.0,0.0,0.0,0,-107875648.0,69,0.0,138,0.0,-109183328.0,0,0,17087,39322,17103,0,17083,0,0,0,70,68,100,2.7302399002429377e+23,82.4,-107615456.0,78.3,-0.0,79.0,1,49,50,180,26215,26215,0,0,0.0,0.0,0.0,0.0,-0.0,67.0,0.0,162057.094,0.0,982,0,1012,0,0,0,955,0,1038,0,935,0,793,0,784,0,823,0,7520,0.032,2.5133688800429264e+20,0.0,0.0,784,16797,-0.0,162057.094,-114818.039,-0.0,0.133,6.909358625270745e+28,30.0,70.0,35,0.0,0.0,0.0,0.0,0.0,0.0,0.0,0.0,0.0,0.0,0.0,0.0,0.0,0.0,0.0,0.0,66.4,0,150,71,52,65476,0,300,0,0,8,20529,65476,0,0,44564,70.0,0.0,0.0,0.0,0.0,0.0
2026-09-10T21:13:31,ERR,ERR,ERR,ERR,ERR,ERR,ERR,ERR,ERR,ERR,ERR,ERR,ERR,ERR,ERR,ERR,ERR,ERR,ERR,ERR,ERR,ERR,ERR,ERR,ERR,ERR,ERR,ERR,ERR,ERR,ERR,ERR,ERR,ERR,ERR,ERR,ERR,ERR,ERR,ERR,ERR,ERR,ERR,ERR,ERR,ERR,ERR,ERR,ERR,ERR,ERR,ERR,ERR,ERR,ERR,ERR,ERR,ERR,ERR,ERR,ERR,ERR,ERR,ERR,ERR,ERR,ERR,ERR,ERR,ERR,ERR,ERR,ERR,ERR,ERR,ERR,ERR,ERR,ERR,ERR,ERR,ERR,ERR,ERR,ERR,ERR,ERR,ERR,ERR,ERR,ERR,ERR,ERR,ERR,ERR,ERR,ERR,ERR,ERR,ERR,ERR,ERR,ERR,ERR,ERR,ERR,ERR,ERR,ERR,ERR,ERR,ERR,ERR,ERR,ERR,ERR,ERR,ERR,ERR,ERR,ERR,ERR,ERR,ERR,ERR,-107615312.0,0.0,-100794720.0,0.0,0.0,1.3936040501711995e+18,7.805,0.0,0,0,4,0,7116,0.0,100,0.0,0.0,0.0,0.0,0.0,0,0,0,0,0.0,0,0,0,0,0,0,0,0,0,0,0,0,0,0,0,0,0,0,0,0,0,0,0,0,0,0,0,0,0,0,0,0,0,31,40,40,71,65476,0,300,0,0,8,21553,0.0,-107605600.0,0.0,0.0,0.0,0.0,0.0,0.0,0.0,0.0,0.0,0.0,0.0,0.0,0.0,0.0,0.0,0.0,0.0,0.0,0.0,0.0,-2.004,2.004,2.004,-0.0,0.0,0.0,0.0,0.0,4460.0,-0.0,6931.0,0.0,0.0,0.0,2.718428940004181e+23,0.0,0.0,0.0,0.0,69,-89221.141,-0.0,0.0,0.0,0.0,0.0,0.0,0.0,0.0,0,0,0,0.0,0.0,0.0,0.0,0.0,0.0,0.0,0.0,0.0,0.0,0.0,0.0,0.0,0.0,0.0,0.0,0,-107875648.0,69,0.0,138,0.0,-109183328.0,0,0,17087,39322,17103,0,17083,0,0,0,70,68,100,2.7302399002429377e+23,82.4,-107615456.0,78.3,-0.0,79.0,1,49,50,180,26215,26215,0,0,0.0,0.0,0.0,0.0,-0.0,67.0,0.0,162057.094,0.0,982,0,1012,0,0,0,955,0,1038,0,935,0,793,0,784,0,823,0,7520,0.032,2.5133688800429264e+20,0.0,0.0,784,16797,-0.0,162057.094,-114818.039,-0.0,0.133,6.909358625270745e+28,30.0,70.0,35,0.0,0.0,0.0,0.0,0.0,0.0,0.0,0.0,0.0,0.0,0.0,0.0,0.0,0.0,0.0,0.0,66.4,0,150,71,52,65476,0,300,0,0,8,20529,65476,0,0,44564,70.0,0.0,0.0,0.0,0.0,0.0
2026-09-10T21:13:32,ERR,ERR,ERR,ERR,ERR,ERR,ERR,ERR,ERR,ERR,ERR,ERR,ERR,ERR,ERR,ERR,ERR,ERR,ERR,ERR,ERR,ERR,ERR,ERR,ERR,ERR,ERR,ERR,ERR,ERR,ERR,ERR,ERR,ERR,ERR,ERR,ERR,ERR,ERR,ERR,ERR,ERR,ERR,ERR,ERR,ERR,ERR,ERR,ERR,ERR,ERR,ERR,ERR,ERR,ERR,ERR,ERR,ERR,ERR,ERR,ERR,ERR,ERR,ERR,ERR,ERR,ERR,ERR,ERR,ERR,ERR,ERR,ERR,ERR,ERR,ERR,ERR,ERR,ERR,ERR,ERR,ERR,ERR,ERR,ERR,ERR,ERR,ERR,ERR,ERR,ERR,ERR,ERR,ERR,ERR,ERR,ERR,ERR,ERR,ERR,ERR,ERR,ERR,ERR,ERR,ERR,ERR,ERR,ERR,ERR,ERR,ERR,ERR,ERR,ERR,ERR,ERR,ERR,ERR,ERR,ERR,ERR,ERR,ERR,ERR,-107615312.0,0.0,-100794720.0,0.0,0.0,1.3936040501711995e+18,7.805,0.0,0,0,4,0,7116,0.0,100,0.0,0.0,0.0,0.0,0.0,0,0,0,0,0.0,0,0,0,0,0,0,0,0,0,0,0,0,0,0,0,0,0,0,0,0,0,0,0,0,0,0,0,0,0,0,0,0,0,31,40,40,71,65476,0,300,0,0,8,21553,0.0,-107605600.0,0.0,0.0,0.0,0.0,0.0,0.0,0.0,0.0,0.0,0.0,0.0,0.0,0.0,0.0,0.0,0.0,0.0,0.0,0.0,0.0,-2.004,2.004,2.004,-0.0,0.0,0.0,0.0,0.0,4460.0,-0.0,6931.0,0.0,0.0,0.0,2.718428940004181e+23,0.0,0.0,0.0,0.0,69,-89221.141,-0.0,0.0,0.0,0.0,0.0,0.0,0.0,0.0,0,0,0,0.0,0.0,0.0,0.0,0.0,0.0,0.0,0.0,0.0,0.0,0.0,0.0,0.0,0.0,0.0,0.0,0,-107875648.0,69,0.0,138,0.0,-109183328.0,0,0,17087,39322,17103,0,17083,0,0,0,70,68,100,2.7302399002429377e+23,82.4,-107615456.0,78.3,-0.0,79.0,1,49,50,180,26215,26215,0,0,0.0,0.0,0.0,0.0,-0.0,67.0,0.0,162057.094,0.0,982,0,1012,0,0,0,955,0,1038,0,935,0,793,0,784,0,823,0,7520,0.032,2.5133688800429264e+20,0.0,0.0,784,16797,-0.0,162057.094,-114818.039,-0.0,0.133,6.909358625270745e+28,30.0,70.0,35,0.0,0.0,0.0,0.0,0.0,0.0,0.0,0.0,0.0,0.0,0.0,0.0,0.0,0.0,0.0,0.0,66.4,0,150,71,52,65476,0,300,0,0,8,20529,65476,0,0,44564,70.0,0.0,0.0,0.0,0.0,0.0
2026-09-10T21:13:33,ERR,ERR,ERR,ERR,ERR,ERR,ERR,ERR,ERR,ERR,ERR,ERR,ERR,ERR,ERR,ERR,ERR,ERR,ERR,ERR,ERR,ERR,ERR,ERR,ERR,ERR,ERR,ERR,ERR,ERR,ERR,ERR,ERR,ERR,ERR,ERR,ERR,ERR,ERR,ERR,ERR,ERR,ERR,ERR,ERR,ERR,ERR,ERR,ERR,ERR,ERR,ERR,ERR,ERR,ERR,ERR,ERR,ERR,ERR,ERR,ERR,ERR,ERR,ERR,ERR,ERR,ERR,ERR,ERR,ERR,ERR,ERR,ERR,ERR,ERR,ERR,ERR,ERR,ERR,ERR,ERR,ERR,ERR,ERR,ERR,ERR,ERR,ERR,ERR,ERR,ERR,ERR,ERR,ERR,ERR,ERR,ERR,ERR,ERR,ERR,ERR,ERR,ERR,ERR,ERR,ERR,ERR,ERR,ERR,ERR,ERR,ERR,ERR,ERR,ERR,ERR,ERR,ERR,ERR,ERR,ERR,ERR,ERR,ERR,ERR,-107615312.0,0.0,-100794720.0,0.0,0.0,1.3936040501711995e+18,7.805,0.0,0,0,4,0,7116,0.0,100,0.0,0.0,0.0,0.0,0.0,0,0,0,0,0.0,0,0,0,0,0,0,0,0,0,0,0,0,0,0,0,0,0,0,0,0,0,0,0,0,0,0,0,0,0,0,0,0,0,31,40,40,71,65476,0,300,0,0,8,21553,0.0,-107605600.0,0.0,0.0,0.0,0.0,0.0,0.0,0.0,0.0,0.0,0.0,0.0,0.0,0.0,0.0,0.0,0.0,0.0,0.0,0.0,0.0,-2.004,2.004,2.004,-0.0,0.0,0.0,0.0,0.0,4460.0,-0.0,6931.0,0.0,0.0,0.0,2.718428940004181e+23,0.0,0.0,0.0,0.0,69,-89221.141,-0.0,0.0,0.0,0.0,0.0,0.0,0.0,0.0,0,0,0,0.0,0.0,0.0,0.0,0.0,0.0,0.0,0.0,0.0,0.0,0.0,0.0,0.0,0.0,0.0,0.0,0,-107875648.0,69,0.0,138,0.0,-109183328.0,0,0,17087,39322,17103,0,17083,0,0,0,70,68,100,2.7302399002429377e+23,82.4,-107615456.0,78.3,-0.0,79.0,1,49,50,180,26215,26215,0,0,0.0,0.0,0.0,0.0,-0.0,67.0,0.0,162057.094,0.0,982,0,1012,0,0,0,955,0,1038,0,935,0,793,0,784,0,823,0,7520,0.032,2.5133688800429264e+20,0.0,0.0,784,16797,-0.0,162057.094,-114818.039,-0.0,0.133,6.909358625270745e+28,30.0,70.0,35,0.0,0.0,0.0,0.0,0.0,0.0,0.0,0.0,0.0,0.0,0.0,0.0,0.0,0.0,0.0,0.0,66.4,0,150,71,52,65476,0,300,0,0,8,20529,65476,0,0,44564,70.0,0.0,0.0,0.0,0.0,0.0
2026-09-10T21:13:34,ERR,ERR,ERR,ERR,ERR,ERR,ERR,ERR,ERR,ERR,ERR,ERR,ERR,ERR,ERR,ERR,ERR,ERR,ERR,ERR,ERR,ERR,ERR,ERR,ERR,ERR,ERR,ERR,ERR,ERR,ERR,ERR,ERR,ERR,ERR,ERR,ERR,ERR,ERR,ERR,ERR,ERR,ERR,ERR,ERR,ERR,ERR,ERR,ERR,ERR,ERR,ERR,ERR,ERR,ERR,ERR,ERR,ERR,ERR,ERR,ERR,ERR,ERR,ERR,ERR,ERR,ERR,ERR,ERR,ERR,ERR,ERR,ERR,ERR,ERR,ERR,ERR,ERR,ERR,ERR,ERR,ERR,ERR,ERR,ERR,ERR,ERR,ERR,ERR,ERR,ERR,ERR,ERR,ERR,ERR,ERR,ERR,ERR,ERR,ERR,ERR,ERR,ERR,ERR,ERR,ERR,ERR,ERR,ERR,ERR,ERR,ERR,ERR,ERR,ERR,ERR,ERR,ERR,ERR,ERR,ERR,ERR,ERR,ERR,ERR,-107615312.0,0.0,-100794720.0,0.0,0.0,1.3936040501711995e+18,7.805,0.0,0,0,4,0,7116,0.0,100,0.0,0.0,0.0,0.0,0.0,0,0,0,0,0.0,0,0,0,0,0,0,0,0,0,0,0,0,0,0,0,0,0,0,0,0,0,0,0,0,0,0,0,0,0,0,0,0,0,31,40,40,71,65476,0,300,0,0,8,21553,0.0,-107605600.0,0.0,0.0,0.0,0.0,0.0,0.0,0.0,0.0,0.0,0.0,0.0,0.0,0.0,0.0,0.0,0.0,0.0,0.0,0.0,0.0,-2.004,2.004,2.004,-0.0,0.0,0.0,0.0,0.0,4460.0,-0.0,6931.0,0.0,0.0,0.0,2.718428940004181e+23,0.0,0.0,0.0,0.0,69,-89221.141,-0.0,0.0,0.0,0.0,0.0,0.0,0.0,0.0,0,0,0,0.0,0.0,0.0,0.0,0.0,0.0,0.0,0.0,0.0,0.0,0.0,0.0,0.0,0.0,0.0,0.0,0,-107875648.0,69,0.0,138,0.0,-109183328.0,0,0,17087,39322,17103,0,17083,0,0,0,70,68,100,2.7302399002429377e+23,82.4,-107615456.0,78.3,-0.0,79.0,1,49,50,180,26215,26215,0,0,0.0,0.0,0.0,0.0,-0.0,67.0,0.0,162057.094,0.0,982,0,1012,0,0,0,955,0,1038,0,935,0,793,0,784,0,823,0,7520,0.032,2.5133688800429264e+20,0.0,0.0,784,16797,-0.0,162057.094,-114818.039,-0.0,0.133,6.909358625270745e+28,30.0,70.0,35,0.0,0.0,0.0,0.0,0.0,0.0,0.0,0.0,0.0,0.0,0.0,0.0,0.0,0.0,0.0,0.0,66.4,0,150,71,52,65476,0,300,0,0,8,20529,65476,0,0,44564,70.0,0.0,0.0,0.0,0.0,0.0
2026-09-10T21:13:35,ERR,ERR,ERR,ERR,ERR,ERR,ERR,ERR,ERR,ERR,ERR,ERR,ERR,ERR,ERR,ERR,ERR,ERR,ERR,ERR,ERR,ERR,ERR,ERR,ERR,ERR,ERR,ERR,ERR,ERR,ERR,ERR,ERR,ERR,ERR,ERR,ERR,ERR,ERR,ERR,ERR,ERR,ERR,ERR,ERR,ERR,ERR,ERR,ERR,ERR,ERR,ERR,ERR,ERR,ERR,ERR,ERR,ERR,ERR,ERR,ERR,ERR,ERR,ERR,ERR,ERR,ERR,ERR,ERR,ERR,ERR,ERR,ERR,ERR,ERR,ERR,ERR,ERR,ERR,ERR,ERR,ERR,ERR,ERR,ERR,ERR,ERR,ERR,ERR,ERR,ERR,ERR,ERR,ERR,ERR,ERR,ERR,ERR,ERR,ERR,ERR,ERR,ERR,ERR,ERR,ERR,ERR,ERR,ERR,ERR,ERR,ERR,ERR,ERR,ERR,ERR,ERR,ERR,ERR,ERR,ERR,ERR,ERR,ERR,ERR,-107615312.0,0.0,-100794720.0,0.0,0.0,1.3936040501711995e+18,7.805,0.0,0,0,4,0,7116,0.0,100,0.0,0.0,0.0,0.0,0.0,0,0,0,0,0.0,0,0,0,0,0,0,0,0,0,0,0,0,0,0,0,0,0,0,0,0,0,0,0,0,0,0,0,0,0,0,0,0,0,31,40,40,71,65476,0,300,0,0,8,21553,0.0,-107605600.0,0.0,0.0,0.0,0.0,0.0,0.0,0.0,0.0,0.0,0.0,0.0,0.0,0.0,0.0,0.0,0.0,0.0,0.0,0.0,0.0,-2.004,2.004,2.004,-0.0,0.0,0.0,0.0,0.0,4460.0,-0.0,6931.0,0.0,0.0,0.0,2.718428940004181e+23,0.0,0.0,0.0,0.0,69,-89221.141,-0.0,0.0,0.0,0.0,0.0,0.0,0.0,0.0,0,0,0,0.0,0.0,0.0,0.0,0.0,0.0,0.0,0.0,0.0,0.0,0.0,0.0,0.0,0.0,0.0,0.0,0,-107875648.0,69,0.0,138,0.0,-109183328.0,0,0,17087,39322,17103,0,17083,0,0,0,70,68,100,-0.0,82.4,-107615456.0,78.3,-0.0,79.0,1,49,50,180,26215,26215,0,0,0.0,0.0,0.0,0.0,-0.0,67.0,0.0,162057.094,0.0,982,0,1012,0,0,0,955,0,1038,0,935,0,793,0,784,0,823,0,7520,0.032,2.524898095088995e+20,0.0,0.0,784,16797,-0.0,162057.094,-114818.039,-0.0,0.133,6.909358625270745e+28,30.0,70.0,35,0.0,0.0,0.0,0.0,0.0,0.0,0.0,0.0,0.0,0.0,0.0,0.0,0.0,0.0,0.0,0.0,66.4,0,150,71,52,65476,0,300,0,0,8,20529,65476,0,0,44564,70.0,0.0,0.0,0.0,0.0,0.0
2026-09-10T21:13:36,ERR,ERR,ERR,ERR,ERR,ERR,ERR,ERR,ERR,ERR,ERR,ERR,ERR,ERR,ERR,ERR,ERR,ERR,ERR,ERR,ERR,ERR,ERR,ERR,ERR,ERR,ERR,ERR,ERR,ERR,ERR,ERR,ERR,ERR,ERR,ERR,ERR,ERR,ERR,ERR,ERR,ERR,ERR,ERR,ERR,ERR,ERR,ERR,ERR,ERR,ERR,ERR,ERR,ERR,ERR,ERR,ERR,ERR,ERR,ERR,ERR,ERR,ERR,ERR,ERR,ERR,ERR,ERR,ERR,ERR,ERR,ERR,ERR,ERR,ERR,ERR,ERR,ERR,ERR,ERR,ERR,ERR,ERR,ERR,ERR,ERR,ERR,ERR,ERR,ERR,ERR,ERR,ERR,ERR,ERR,ERR,ERR,ERR,ERR,ERR,ERR,ERR,ERR,ERR,ERR,ERR,ERR,ERR,ERR,ERR,ERR,ERR,ERR,ERR,ERR,ERR,ERR,ERR,ERR,ERR,ERR,ERR,ERR,ERR,ERR,0.0,2.7184303811560617e+23,-100794720.0,0.0,0.0,1.3936040501711995e+18,7.805,0.0,0,0,4,0,7116,0.0,100,0.0,0.0,0.0,0.0,0.0,0,0,0,0,0.0,0,0,0,0,0,0,0,0,0,0,0,0,0,0,0,0,0,0,0,0,0,0,0,0,0,0,0,0,0,0,0,0,0,31,40,40,71,65476,0,300,0,0,8,21553,0.0,-107605600.0,0.0,0.0,0.0,0.0,0.0,0.0,0.0,0.0,0.0,0.0,0.0,0.0,0.0,0.0,0.0,0.0,0.0,0.0,0.0,0.0,-2.004,2.004,2.004,-0.0,0.0,0.0,0.0,0.0,4463.0,-0.0,6932.0,0.0,0.0,0.0,2.718428940004181e+23,0.0,0.0,0.0,0.0,69,-1.905698635870372e+17,-0.0,0.0,0.0,0.0,0.0,0.0,0.0,0.0,0,0,0,0.0,0.0,0.0,0.0,0.0,0.0,0.0,0.0,0.0,0.0,0.0,0.0,0.0,0.0,0.0,0.0,0,-107875648.0,69,0.0,138,0.0,0.0,0,0,17087,39322,17103,0,17083,0,0,0,70,68,100,-0.0,82.4,-107615456.0,78.3,-0.0,79.0,1,49,50,180,26215,26215,0,0,0.0,0.0,0.0,0.0,-0.0,67.0,0.0,162057.094,0.0,982,0,1012,0,0,0,955,0,1038,0,935,0,793,0,784,0,823,0,7520,0.032,2.524898095088995e+20,0.0,0.0,784,16797,-0.0,162057.094,-114818.039,-0.0,0.133,6.909358625270745e+28,30.0,70.0,35,0.0,0.0,0.0,0.0,0.0,0.0,0.0,0.0,0.0,0.0,0.0,0.0,0.0,0.0,0.0,0.0,66.4,0,150,71,52,65476,0,300,0,0,8,20529,65476,0,0,44564,70.0,0.0,0.0,0.0,0.0,0.0
2026-09-10T21:13:37,ERR,ERR,ERR,ERR,ERR,ERR,ERR,ERR,ERR,ERR,ERR,ERR,ERR,ERR,ERR,ERR,ERR,ERR,ERR,ERR,ERR,ERR,ERR,ERR,ERR,ERR,ERR,ERR,ERR,ERR,ERR,ERR,ERR,ERR,ERR,ERR,ERR,ERR,ERR,ERR,ERR,ERR,ERR,ERR,ERR,ERR,ERR,ERR,ERR,ERR,ERR,ERR,ERR,ERR,ERR,ERR,ERR,ERR,ERR,ERR,ERR,ERR,ERR,ERR,ERR,ERR,ERR,ERR,ERR,ERR,ERR,ERR,ERR,ERR,ERR,ERR,ERR,ERR,ERR,ERR,ERR,ERR,ERR,ERR,ERR,ERR,ERR,ERR,ERR,ERR,ERR,ERR,ERR,ERR,ERR,ERR,ERR,ERR,ERR,ERR,ERR,ERR,ERR,ERR,ERR,ERR,ERR,ERR,ERR,ERR,ERR,ERR,ERR,ERR,ERR,ERR,ERR,ERR,ERR,ERR,ERR,ERR,ERR,ERR,ERR,0.0,2.7184303811560617e+23,-100794720.0,0.0,0.0,1.3936040501711995e+18,7.805,0.0,0,0,4,0,7116,0.0,100,0.0,0.0,0.0,0.0,0.0,0,0,0,0,0.0,0,0,0,0,0,0,0,0,0,0,0,0,0,0,0,0,0,0,0,0,0,0,0,0,0,0,0,0,0,0,0,0,0,31,40,40,71,65476,0,300,0,0,8,21553,0.0,-107605600.0,0.0,0.0,0.0,0.0,0.0,0.0,0.0,0.0,0.0,0.0,0.0,0.0,0.0,0.0,0.0,0.0,0.0,0.0,0.0,0.0,-2.004,2.004,2.004,-0.0,0.0,0.0,0.0,0.0,4463.0,-0.0,6932.0,0.0,0.0,0.0,2.718428940004181e+23,0.0,0.0,0.0,0.0,69,-1.905698635870372e+17,-0.0,0.0,0.0,0.0,0.0,0.0,0.0,0.0,0,0,0,0.0,0.0,0.0,0.0,0.0,0.0,0.0,0.0,0.0,0.0,0.0,0.0,0.0,0.0,0.0,0.0,0,-107875648.0,69,0.0,138,0.0,0.0,0,0,17087,39322,17103,0,17083,0,0,0,70,68,100,-0.0,82.4,-107615456.0,78.3,-0.0,79.0,1,49,50,180,26215,26215,0,0,0.0,0.0,0.0,0.0,-0.0,67.0,0.0,162057.094,0.0,982,0,1012,0,0,0,955,0,1038,0,935,0,793,0,784,0,823,0,7520,0.032,2.524898095088995e+20,0.0,0.0,784,16797,-0.0,162057.094,-114818.039,-0.0,0.133,6.909358625270745e+28,30.0,70.0,35,0.0,0.0,0.0,0.0,0.0,0.0,0.0,0.0,0.0,0.0,0.0,0.0,0.0,0.0,0.0,0.0,66.0,0,150,71,52,65476,0,300,0,0,8,20529,65476,0,0,44564,70.0,0.0,0.0,0.0,0.0,0.0
2026-09-10T21:13:38,ERR,ERR,ERR,ERR,ERR,ERR,ERR,ERR,ERR,ERR,ERR,ERR,ERR,ERR,ERR,ERR,ERR,ERR,ERR,ERR,ERR,ERR,ERR,ERR,ERR,ERR,ERR,ERR,ERR,ERR,ERR,ERR,ERR,ERR,ERR,ERR,ERR,ERR,ERR,ERR,ERR,ERR,ERR,ERR,ERR,ERR,ERR,ERR,ERR,ERR,ERR,ERR,ERR,ERR,ERR,ERR,ERR,ERR,ERR,ERR,ERR,ERR,ERR,ERR,ERR,ERR,ERR,ERR,ERR,ERR,ERR,ERR,ERR,ERR,ERR,ERR,ERR,ERR,ERR,ERR,ERR,ERR,ERR,ERR,ERR,ERR,ERR,ERR,ERR,ERR,ERR,ERR,ERR,ERR,ERR,ERR,ERR,ERR,ERR,ERR,ERR,ERR,ERR,ERR,ERR,ERR,ERR,ERR,ERR,ERR,ERR,ERR,ERR,ERR,ERR,ERR,ERR,ERR,ERR,ERR,ERR,ERR,ERR,ERR,ERR,0.0,2.7184303811560617e+23,-100794720.0,0.0,0.0,1.3936040501711995e+18,7.805,0.0,0,0,4,0,7116,0.0,100,0.0,0.0,0.0,0.0,0.0,0,0,0,0,0.0,0,0,0,0,0,0,0,0,0,0,0,0,0,0,0,0,0,0,0,0,0,0,0,0,0,0,0,0,0,0,0,0,0,31,40,40,71,65476,0,300,0,0,8,21553,0.0,-107605600.0,0.0,0.0,0.0,0.0,0.0,0.0,0.0,0.0,0.0,0.0,0.0,0.0,0.0,0.0,0.0,0.0,0.0,0.0,0.0,0.0,-2.004,2.004,2.004,-0.0,0.0,0.0,0.0,0.0,4463.0,-0.0,6932.0,0.0,0.0,0.0,2.718428940004181e+23,0.0,0.0,0.0,0.0,69,-1.905698635870372e+17,-0.0,0.0,0.0,0.0,0.0,0.0,0.0,0.0,0,0,0,0.0,0.0,0.0,0.0,0.0,0.0,0.0,0.0,0.0,0.0,0.0,0.0,0.0,0.0,0.0,0.0,0,-107875648.0,69,0.0,138,0.0,0.0,0,0,17087,39322,17103,0,17083,0,0,0,70,68,100,-0.0,82.4,-107615456.0,78.3,-0.0,79.0,1,49,50,180,26215,26215,0,0,0.0,0.0,0.0,0.0,-0.0,67.0,0.0,162057.094,0.0,982,0,1012,0,0,0,955,0,1038,0,935,0,793,0,784,0,823,0,7520,0.032,2.524898095088995e+20,0.0,0.0,784,16797,-0.0,162057.094,-114818.039,-0.0,0.133,6.909358625270745e+28,30.0,70.0,35,0.0,0.0,0.0,0.0,0.0,0.0,0.0,0.0,0.0,0.0,0.0,0.0,0.0,0.0,0.0,0.0,66.0,0,150,71,52,65476,0,300,0,0,8,20529,65476,0,0,44564,70.0,0.0,0.0,0.0,0.0,0.0
2026-09-10T21:13:39,ERR,ERR,ERR,ERR,ERR,ERR,ERR,ERR,ERR,ERR,ERR,ERR,ERR,ERR,ERR,ERR,ERR,ERR,ERR,ERR,ERR,ERR,ERR,ERR,ERR,ERR,ERR,ERR,ERR,ERR,ERR,ERR,ERR,ERR,ERR,ERR,ERR,ERR,ERR,ERR,ERR,ERR,ERR,ERR,ERR,ERR,ERR,ERR,ERR,ERR,ERR,ERR,ERR,ERR,ERR,ERR,ERR,ERR,ERR,ERR,ERR,ERR,ERR,ERR,ERR,ERR,ERR,ERR,ERR,ERR,ERR,ERR,ERR,ERR,ERR,ERR,ERR,ERR,ERR,ERR,ERR,ERR,ERR,ERR,ERR,ERR,ERR,ERR,ERR,ERR,ERR,ERR,ERR,ERR,ERR,ERR,ERR,ERR,ERR,ERR,ERR,ERR,ERR,ERR,ERR,ERR,ERR,ERR,ERR,ERR,ERR,ERR,ERR,ERR,ERR,ERR,ERR,ERR,ERR,ERR,ERR,ERR,ERR,ERR,ERR,0.0,2.7184303811560617e+23,-100794720.0,0.0,0.0,1.3936040501711995e+18,7.805,0.0,0,0,4,0,7116,0.0,100,0.0,0.0,0.0,0.0,0.0,0,0,0,0,0.0,0,0,0,0,0,0,0,0,0,0,0,0,0,0,0,0,0,0,0,0,0,0,0,0,0,0,0,0,0,0,0,0,0,31,40,40,71,65476,0,300,0,0,8,21553,0.0,-107605600.0,0.0,0.0,0.0,0.0,0.0,0.0,0.0,0.0,0.0,0.0,0.0,0.0,0.0,0.0,0.0,0.0,0.0,0.0,0.0,0.0,-2.004,2.004,2.004,-0.0,0.0,0.0,0.0,0.0,4463.0,-0.0,6932.0,0.0,0.0,0.0,2.718428940004181e+23,0.0,0.0,0.0,0.0,69,-1.905698635870372e+17,-0.0,0.0,0.0,0.0,0.0,0.0,0.0,0.0,0,0,0,0.0,0.0,0.0,0.0,0.0,0.0,0.0,0.0,0.0,0.0,0.0,0.0,0.0,0.0,0.0,0.0,0,-107875648.0,69,0.0,138,0.0,0.0,0,0,17087,39322,17103,0,17083,0,0,0,70,68,100,-0.0,82.4,-107615456.0,78.3,-0.0,79.0,1,49,50,180,26215,26215,0,0,0.0,0.0,0.0,0.0,-0.0,67.0,0.0,162057.094,0.0,982,0,1012,0,0,0,955,0,1038,0,935,0,793,0,784,0,823,0,7520,0.032,2.524898095088995e+20,0.0,0.0,784,16797,-0.0,162057.094,-114818.039,-0.0,0.133,6.909358625270745e+28,30.0,70.0,35,0.0,0.0,0.0,0.0,0.0,0.0,0.0,0.0,0.0,0.0,0.0,0.0,0.0,0.0,0.0,0.0,66.4,0,150,71,52,65476,0,300,0,0,8,20529,65476,0,0,44564,70.0,0.0,0.0,0.0,0.0,0.0
2026-09-10T21:13:40,ERR,ERR,ERR,ERR,ERR,ERR,ERR,ERR,ERR,ERR,ERR,ERR,ERR,ERR,ERR,ERR,ERR,ERR,ERR,ERR,ERR,ERR,ERR,ERR,ERR,ERR,ERR,ERR,ERR,ERR,ERR,ERR,ERR,ERR,ERR,ERR,ERR,ERR,ERR,ERR,ERR,ERR,ERR,ERR,ERR,ERR,ERR,ERR,ERR,ERR,ERR,ERR,ERR,ERR,ERR,ERR,ERR,ERR,ERR,ERR,ERR,ERR,ERR,ERR,ERR,ERR,ERR,ERR,ERR,ERR,ERR,ERR,ERR,ERR,ERR,ERR,ERR,ERR,ERR,ERR,ERR,ERR,ERR,ERR,ERR,ERR,ERR,ERR,ERR,ERR,ERR,ERR,ERR,ERR,ERR,ERR,ERR,ERR,ERR,ERR,ERR,ERR,ERR,ERR,ERR,ERR,ERR,ERR,ERR,ERR,ERR,ERR,ERR,ERR,ERR,ERR,ERR,ERR,ERR,ERR,ERR,ERR,ERR,ERR,ERR,0.0,2.7184303811560617e+23,-100794720.0,0.0,0.0,1.3936040501711995e+18,7.805,0.0,0,0,4,0,7116,0.0,100,0.0,0.0,0.0,0.0,0.0,0,0,0,0,0.0,0,0,0,0,0,0,0,0,0,0,0,0,0,0,0,0,0,0,0,0,0,0,0,0,0,0,0,0,0,0,0,0,0,31,40,40,71,65476,0,300,0,0,8,21553,0.0,-107605600.0,0.0,0.0,0.0,0.0,0.0,0.0,0.0,0.0,0.0,0.0,0.0,0.0,0.0,0.0,0.0,0.0,0.0,0.0,0.0,0.0,-2.004,2.004,2.004,-0.0,0.0,0.0,0.0,0.0,4463.0,-0.0,6932.0,0.0,0.0,0.0,2.718428940004181e+23,0.0,0.0,0.0,0.0,69,-1.905698635870372e+17,-0.0,0.0,0.0,0.0,0.0,0.0,0.0,0.0,0,0,0,0.0,0.0,0.0,0.0,0.0,0.0,0.0,0.0,0.0,0.0,0.0,0.0,0.0,0.0,0.0,0.0,0,-107875648.0,69,0.0,138,0.0,0.0,0,0,17087,39322,17103,0,17083,0,0,0,70,68,100,-0.0,82.4,-107615456.0,78.3,-0.0,79.0,1,49,50,180,26215,26215,0,0,0.0,0.0,0.0,0.0,-0.0,67.0,0.0,162057.094,0.0,982,0,1012,0,0,0,955,0,1038,0,935,0,793,0,784,0,823,0,7520,0.032,2.524898095088995e+20,0.0,0.0,784,16797,-0.0,162057.094,-114818.039,-0.0,0.133,6.909358625270745e+28,30.0,70.0,35,0.0,0.0,0.0,0.0,0.0,0.0,0.0,0.0,0.0,0.0,0.0,0.0,0.0,0.0,0.0,0.0,66.4,0,150,71,52,65476,0,300,0,0,8,20529,65476,0,0,44564,70.0,0.0,0.0,0.0,0.0,0.0
2026-09-10T21:13:41,ERR,ERR,ERR,ERR,ERR,ERR,ERR,ERR,ERR,ERR,ERR,ERR,ERR,ERR,ERR,ERR,ERR,ERR,ERR,ERR,ERR,ERR,ERR,ERR,ERR,ERR,ERR,ERR,ERR,ERR,ERR,ERR,ERR,ERR,ERR,ERR,ERR,ERR,ERR,ERR,ERR,ERR,ERR,ERR,ERR,ERR,ERR,ERR,ERR,ERR,ERR,ERR,ERR,ERR,ERR,ERR,ERR,ERR,ERR,ERR,ERR,ERR,ERR,ERR,ERR,ERR,ERR,ERR,ERR,ERR,ERR,ERR,ERR,ERR,ERR,ERR,ERR,ERR,ERR,ERR,ERR,ERR,ERR,ERR,ERR,ERR,ERR,ERR,ERR,ERR,ERR,ERR,ERR,ERR,ERR,ERR,ERR,ERR,ERR,ERR,ERR,ERR,ERR,ERR,ERR,ERR,ERR,ERR,ERR,ERR,ERR,ERR,ERR,ERR,ERR,ERR,ERR,ERR,ERR,ERR,ERR,ERR,ERR,ERR,ERR,0.0,2.7184303811560617e+23,-100794720.0,0.0,0.0,1.3936040501711995e+18,7.805,0.0,0,0,4,0,7116,0.0,100,0.0,0.0,0.0,0.0,0.0,0,0,0,0,0.0,0,0,0,0,0,0,0,0,0,0,0,0,0,0,0,0,0,0,0,0,0,0,0,0,0,0,0,0,0,0,0,0,0,31,40,40,71,65476,0,300,0,0,8,21553,0.0,-107605600.0,0.0,0.0,0.0,0.0,0.0,0.0,0.0,0.0,0.0,0.0,0.0,0.0,0.0,0.0,0.0,0.0,0.0,0.0,0.0,0.0,-2.004,2.004,2.004,-0.0,0.0,0.0,0.0,0.0,4463.0,-0.0,6932.0,0.0,0.0,0.0,2.718428940004181e+23,0.0,0.0,0.0,0.0,69,-1.905698635870372e+17,-0.0,0.0,0.0,0.0,0.0,0.0,0.0,0.0,0,0,0,0.0,0.0,0.0,0.0,0.0,0.0,0.0,0.0,0.0,0.0,0.0,0.0,0.0,0.0,0.0,0.0,0,-107875648.0,69,0.0,138,0.0,0.0,0,0,17087,39322,17103,0,17083,0,0,0,70,68,100,-0.0,82.4,-107615456.0,78.3,-0.0,79.0,1,49,50,180,26215,26215,0,0,0.0,0.0,0.0,0.0,-0.0,67.0,0.0,162057.094,0.0,982,0,1012,0,0,0,955,0,1038,0,935,0,793,0,784,0,823,0,7520,0.032,2.524898095088995e+20,0.0,0.0,784,16797,-0.0,162057.094,-114818.039,-0.0,0.133,6.909358625270745e+28,30.0,70.0,35,0.0,0.0,0.0,0.0,0.0,0.0,0.0,0.0,0.0,0.0,0.0,0.0,0.0,0.0,0.0,0.0,66.4,0,150,71,52,65476,0,300,0,0,8,20529,65476,0,0,44564,70.0,0.0,0.0,0.0,0.0,0.0
2026-09-10T21:13:42,ERR,ERR,ERR,ERR,ERR,ERR,ERR,ERR,ERR,ERR,ERR,ERR,ERR,ERR,ERR,ERR,ERR,ERR,ERR,ERR,ERR,ERR,ERR,ERR,ERR,ERR,ERR,ERR,ERR,ERR,ERR,ERR,ERR,ERR,ERR,ERR,ERR,ERR,ERR,ERR,ERR,ERR,ERR,ERR,ERR,ERR,ERR,ERR,ERR,ERR,ERR,ERR,ERR,ERR,ERR,ERR,ERR,ERR,ERR,ERR,ERR,ERR,ERR,ERR,ERR,ERR,ERR,ERR,ERR,ERR,ERR,ERR,ERR,ERR,ERR,ERR,ERR,ERR,ERR,ERR,ERR,ERR,ERR,ERR,ERR,ERR,ERR,ERR,ERR,ERR,ERR,ERR,ERR,ERR,ERR,ERR,ERR,ERR,ERR,ERR,ERR,ERR,ERR,ERR,ERR,ERR,ERR,ERR,ERR,ERR,ERR,ERR,ERR,ERR,ERR,ERR,ERR,ERR,ERR,ERR,ERR,ERR,ERR,ERR,ERR,0.0,2.7184303811560617e+23,-100794720.0,0.0,0.0,1.3936040501711995e+18,7.805,0.0,0,0,4,0,7116,0.0,100,0.0,0.0,0.0,0.0,0.0,0,0,0,0,0.0,0,0,0,0,0,0,0,0,0,0,0,0,0,0,0,0,0,0,0,0,0,0,0,0,0,0,0,0,0,0,0,0,0,31,40,40,71,65476,0,300,0,0,8,21553,0.0,-107605600.0,0.0,0.0,0.0,0.0,0.0,0.0,0.0,0.0,0.0,0.0,0.0,0.0,0.0,0.0,0.0,0.0,0.0,0.0,0.0,0.0,-2.004,2.004,2.004,-0.0,0.0,0.0,0.0,0.0,4463.0,-0.0,6932.0,0.0,0.0,0.0,2.718428940004181e+23,0.0,0.0,0.0,0.0,69,-1.905698635870372e+17,-0.0,0.0,0.0,0.0,0.0,0.0,0.0,0.0,0,0,0,0.0,0.0,0.0,0.0,0.0,0.0,0.0,0.0,0.0,0.0,0.0,0.0,0.0,0.0,0.0,0.0,0,-107875648.0,69,0.0,138,0.0,0.0,0,0,17087,39322,17103,0,17083,0,0,0,70,68,100,-0.0,82.4,-107615456.0,78.3,-0.0,79.0,1,49,50,180,26215,26215,0,0,0.0,0.0,0.0,0.0,-0.0,67.0,0.0,162057.094,0.0,982,0,1012,0,0,0,955,0,1038,0,935,0,793,0,784,0,823,0,7520,0.032,2.524898095088995e+20,0.0,0.0,784,16797,-0.0,162057.094,-114818.039,-0.0,0.133,6.909358625270745e+28,30.0,70.0,35,0.0,0.0,0.0,0.0,0.0,0.0,0.0,0.0,0.0,0.0,0.0,0.0,0.0,0.0,0.0,0.0,66.0,0,150,71,52,65476,0,300,0,0,8,20529,65476,0,0,44564,70.0,0.0,0.0,0.0,0.0,0.0
2026-09-10T21:13:43,ERR,ERR,ERR,ERR,ERR,ERR,ERR,ERR,ERR,ERR,ERR,ERR,ERR,ERR,ERR,ERR,ERR,ERR,ERR,ERR,ERR,ERR,ERR,ERR,ERR,ERR,ERR,ERR,ERR,ERR,ERR,ERR,ERR,ERR,ERR,ERR,ERR,ERR,ERR,ERR,ERR,ERR,ERR,ERR,ERR,ERR,ERR,ERR,ERR,ERR,ERR,ERR,ERR,ERR,ERR,ERR,ERR,ERR,ERR,ERR,ERR,ERR,ERR,ERR,ERR,ERR,ERR,ERR,ERR,ERR,ERR,ERR,ERR,ERR,ERR,ERR,ERR,ERR,ERR,ERR,ERR,ERR,ERR,ERR,ERR,ERR,ERR,ERR,ERR,ERR,ERR,ERR,ERR,ERR,ERR,ERR,ERR,ERR,ERR,ERR,ERR,ERR,ERR,ERR,ERR,ERR,ERR,ERR,ERR,ERR,ERR,ERR,ERR,ERR,ERR,ERR,ERR,ERR,ERR,ERR,ERR,ERR,ERR,ERR,ERR,0.0,0.0,2.6474835549302285e+23,0.0,0.0,1.3936040501711995e+18,7.805,0.0,0,0,4,0,7116,0.0,100,0.0,0.0,0.0,0.0,0.0,0,0,0,0,0.0,0,0,0,0,0,0,0,0,0,0,0,0,0,0,0,0,0,0,0,0,0,0,0,0,0,0,0,0,0,0,0,0,0,31,40,40,71,65476,0,300,0,0,8,21553,0.0,-107605600.0,0.0,0.0,0.0,0.0,0.0,0.0,0.0,0.0,0.0,0.0,0.0,0.0,0.0,0.0,0.0,0.0,0.0,0.0,0.0,0.0,-2.004,2.004,2.004,-0.0,0.0,0.0,0.0,0.0,4470.0,-564144692527104.0,6939.0,0.0,0.0,0.0,2.718428940004181e+23,0.0,0.0,0.0,0.0,69,-4.950430145311814e+32,0.0,0.0,0.0,0.0,0.0,0.0,0.0,0.0,0,0,0,0.0,0.0,0.0,0.0,0.0,0.0,0.0,0.0,0.0,0.0,0.0,0.0,0.0,0.0,0.0,0.0,0,-107875648.0,69,0.0,138,0.0,-109183328.0,0,0,17087,39322,17103,0,17083,0,0,0,70,68,100,-0.0,82.4,-107615456.0,78.3,-0.0,79.0,1,49,50,180,26215,26215,0,0,0.0,0.0,0.0,0.0,-0.0,67.0,0.0,162057.094,0.0,982,0,1012,0,0,0,955,0,1038,0,935,0,793,0,784,0,823,0,7520,0.032,2.524898095088995e+20,0.0,0.0,784,16797,-0.0,162057.094,-114818.039,-0.0,0.133,6.909358625270745e+28,30.0,70.0,35,0.0,0.0,0.0,0.0,0.0,0.0,0.0,0.0,0.0,0.0,0.0,0.0,0.0,0.0,0.0,0.0,66.0,0,150,71,52,65476,0,300,0,0,8,20529,65476,0,0,44564,70.0,0.0,0.0,0.0,0.0,0.0
2026-09-10T21:13:44,ERR,ERR,ERR,ERR,ERR,ERR,ERR,ERR,ERR,ERR,ERR,ERR,ERR,ERR,ERR,ERR,ERR,ERR,ERR,ERR,ERR,ERR,ERR,ERR,ERR,ERR,ERR,ERR,ERR,ERR,ERR,ERR,ERR,ERR,ERR,ERR,ERR,ERR,ERR,ERR,ERR,ERR,ERR,ERR,ERR,ERR,ERR,ERR,ERR,ERR,ERR,ERR,ERR,ERR,ERR,ERR,ERR,ERR,ERR,ERR,ERR,ERR,ERR,ERR,ERR,ERR,ERR,ERR,ERR,ERR,ERR,ERR,ERR,ERR,ERR,ERR,ERR,ERR,ERR,ERR,ERR,ERR,ERR,ERR,ERR,ERR,ERR,ERR,ERR,ERR,ERR,ERR,ERR,ERR,ERR,ERR,ERR,ERR,ERR,ERR,ERR,ERR,ERR,ERR,ERR,ERR,ERR,ERR,ERR,ERR,ERR,ERR,ERR,ERR,ERR,ERR,ERR,ERR,ERR,ERR,ERR,ERR,ERR,ERR,ERR,0.0,0.0,2.6474835549302285e+23,0.0,0.0,1.3936040501711995e+18,7.805,0.0,0,0,4,0,7116,0.0,100,0.0,0.0,0.0,0.0,0.0,0,0,0,0,0.0,0,0,0,0,0,0,0,0,0,0,0,0,0,0,0,0,0,0,0,0,0,0,0,0,0,0,0,0,0,0,0,0,0,31,40,40,71,65476,0,300,0,0,8,21553,0.0,-107605600.0,0.0,0.0,0.0,0.0,0.0,0.0,0.0,0.0,0.0,0.0,0.0,0.0,0.0,0.0,0.0,0.0,0.0,0.0,0.0,0.0,-2.004,2.004,2.004,-0.0,0.0,0.0,0.0,0.0,4470.0,-564144692527104.0,6939.0,0.0,0.0,0.0,2.718428940004181e+23,0.0,0.0,0.0,0.0,69,-4.950430145311814e+32,0.0,0.0,0.0,0.0,0.0,0.0,0.0,0.0,0,0,0,0.0,0.0,0.0,0.0,0.0,0.0,0.0,0.0,0.0,0.0,0.0,0.0,0.0,0.0,0.0,0.0,0,-107875648.0,69,0.0,138,0.0,-109183328.0,0,0,17087,39322,17103,0,17083,0,0,0,70,68,100,-0.0,82.4,-107615456.0,78.3,-0.0,79.0,1,49,50,180,26215,26215,0,0,0.0,0.0,0.0,0.0,-0.0,67.0,0.0,162057.094,0.0,982,0,1012,0,0,0,955,0,1038,0,935,0,793,0,784,0,823,0,7520,0.032,2.524898095088995e+20,0.0,0.0,784,16797,-0.0,162057.094,-114818.039,-0.0,0.133,6.909358625270745e+28,30.0,70.0,35,0.0,0.0,0.0,0.0,0.0,0.0,0.0,0.0,0.0,0.0,0.0,0.0,0.0,0.0,0.0,0.0,66.0,0,150,71,52,65476,0,300,0,0,8,20529,65476,0,0,44564,70.0,0.0,0.0,0.0,0.0,0.0
2026-09-10T21:13:45,ERR,ERR,ERR,ERR,ERR,ERR,ERR,ERR,ERR,ERR,ERR,ERR,ERR,ERR,ERR,ERR,ERR,ERR,ERR,ERR,ERR,ERR,ERR,ERR,ERR,ERR,ERR,ERR,ERR,ERR,ERR,ERR,ERR,ERR,ERR,ERR,ERR,ERR,ERR,ERR,ERR,ERR,ERR,ERR,ERR,ERR,ERR,ERR,ERR,ERR,ERR,ERR,ERR,ERR,ERR,ERR,ERR,ERR,ERR,ERR,ERR,ERR,ERR,ERR,ERR,ERR,ERR,ERR,ERR,ERR,ERR,ERR,ERR,ERR,ERR,ERR,ERR,ERR,ERR,ERR,ERR,ERR,ERR,ERR,ERR,ERR,ERR,ERR,ERR,ERR,ERR,ERR,ERR,ERR,ERR,ERR,ERR,ERR,ERR,ERR,ERR,ERR,ERR,ERR,ERR,ERR,ERR,ERR,ERR,ERR,ERR,ERR,ERR,ERR,ERR,ERR,ERR,ERR,ERR,ERR,ERR,ERR,ERR,ERR,ERR,0.0,0.0,2.6474835549302285e+23,0.0,0.0,1.3936040501711995e+18,7.805,0.0,0,0,4,0,7116,0.0,100,0.0,0.0,0.0,0.0,0.0,0,0,0,0,0.0,0,0,0,0,0,0,0,0,0,0,0,0,0,0,0,0,0,0,0,0,0,0,0,0,0,0,0,0,0,0,0,0,0,31,40,40,71,65476,0,300,0,0,8,21553,0.0,-107605600.0,0.0,0.0,0.0,0.0,0.0,0.0,0.0,0.0,0.0,0.0,0.0,0.0,0.0,0.0,0.0,0.0,0.0,0.0,0.0,0.0,-2.004,2.004,2.004,-0.0,0.0,0.0,0.0,0.0,4470.0,-564144692527104.0,6939.0,0.0,0.0,0.0,2.718428940004181e+23,0.0,0.0,0.0,0.0,69,-4.950430145311814e+32,0.0,0.0,0.0,0.0,0.0,0.0,0.0,0.0,0,0,0,0.0,0.0,0.0,0.0,0.0,0.0,0.0,0.0,0.0,0.0,0.0,0.0,0.0,0.0,0.0,0.0,0,-107875648.0,69,0.0,138,0.0,-109183328.0,0,0,17087,39322,17103,0,17083,0,0,0,70,68,100,-0.0,82.4,-107615456.0,78.3,-0.0,79.0,1,49,50,180,26215,26215,0,0,0.0,0.0,0.0,0.0,-0.0,67.0,0.0,162057.094,0.0,982,0,1012,0,0,0,955,0,1038,0,935,0,793,0,784,0,823,0,7520,0.032,2.524898095088995e+20,0.0,0.0,784,16797,-0.0,162057.094,-114818.039,-0.0,0.133,6.909358625270745e+28,30.0,70.0,35,0.0,0.0,0.0,0.0,0.0,0.0,0.0,0.0,0.0,0.0,0.0,0.0,0.0,0.0,0.0,0.0,66.4,0,150,71,52,65476,0,300,0,0,8,20529,65476,0,0,44564,70.0,0.0,0.0,0.0,0.0,0.0
2026-09-10T21:13:46,ERR,ERR,ERR,ERR,ERR,ERR,ERR,ERR,ERR,ERR,ERR,ERR,ERR,ERR,ERR,ERR,ERR,ERR,ERR,ERR,ERR,ERR,ERR,ERR,ERR,ERR,ERR,ERR,ERR,ERR,ERR,ERR,ERR,ERR,ERR,ERR,ERR,ERR,ERR,ERR,ERR,ERR,ERR,ERR,ERR,ERR,ERR,ERR,ERR,ERR,ERR,ERR,ERR,ERR,ERR,ERR,ERR,ERR,ERR,ERR,ERR,ERR,ERR,ERR,ERR,ERR,ERR,ERR,ERR,ERR,ERR,ERR,ERR,ERR,ERR,ERR,ERR,ERR,ERR,ERR,ERR,ERR,ERR,ERR,ERR,ERR,ERR,ERR,ERR,ERR,ERR,ERR,ERR,ERR,ERR,ERR,ERR,ERR,ERR,ERR,ERR,ERR,ERR,ERR,ERR,ERR,ERR,ERR,ERR,ERR,ERR,ERR,ERR,ERR,ERR,ERR,ERR,ERR,ERR,ERR,ERR,ERR,ERR,ERR,ERR,0.0,0.0,2.6474835549302285e+23,0.0,0.0,1.3936040501711995e+18,7.805,0.0,0,0,4,0,7116,0.0,100,0.0,0.0,0.0,0.0,0.0,0,0,0,0,0.0,0,0,0,0,0,0,0,0,0,0,0,0,0,0,0,0,0,0,0,0,0,0,0,0,0,0,0,0,0,0,0,0,0,31,40,40,71,65476,0,300,0,0,8,21553,0.0,-107605600.0,0.0,0.0,0.0,0.0,0.0,0.0,0.0,0.0,0.0,0.0,0.0,0.0,0.0,0.0,0.0,0.0,0.0,0.0,0.0,0.0,-2.004,2.004,2.004,-0.0,0.0,0.0,0.0,0.0,4470.0,-564144692527104.0,6939.0,0.0,0.0,0.0,2.718428940004181e+23,0.0,0.0,0.0,0.0,69,-4.950430145311814e+32,0.0,0.0,0.0,0.0,0.0,0.0,0.0,0.0,0,0,0,0.0,0.0,0.0,0.0,0.0,0.0,0.0,0.0,0.0,0.0,0.0,0.0,0.0,0.0,0.0,0.0,0,-107875648.0,69,0.0,138,0.0,-109183328.0,0,0,17087,39322,17103,0,17083,0,0,0,70,68,100,-0.0,82.4,-107615456.0,78.3,-0.0,79.0,1,49,50,180,26215,26215,0,0,0.0,0.0,0.0,0.0,-0.0,67.0,0.0,162057.094,0.0,982,0,1012,0,0,0,955,0,1038,0,935,0,793,0,784,0,823,0,7520,0.032,2.524898095088995e+20,0.0,0.0,784,16797,-0.0,162057.094,-114818.039,-0.0,0.133,6.909358625270745e+28,30.0,70.0,35,0.0,0.0,0.0,0.0,0.0,0.0,0.0,0.0,0.0,0.0,0.0,0.0,0.0,0.0,0.0,0.0,66.4,0,150,71,52,65476,0,300,0,0,8,20529,65476,0,0,44564,70.0,0.0,0.0,0.0,0.0,0.0
2026-09-10T21:13:47,ERR,ERR,ERR,ERR,ERR,ERR,ERR,ERR,ERR,ERR,ERR,ERR,ERR,ERR,ERR,ERR,ERR,ERR,ERR,ERR,ERR,ERR,ERR,ERR,ERR,ERR,ERR,ERR,ERR,ERR,ERR,ERR,ERR,ERR,ERR,ERR,ERR,ERR,ERR,ERR,ERR,ERR,ERR,ERR,ERR,ERR,ERR,ERR,ERR,ERR,ERR,ERR,ERR,ERR,ERR,ERR,ERR,ERR,ERR,ERR,ERR,ERR,ERR,ERR,ERR,ERR,ERR,ERR,ERR,ERR,ERR,ERR,ERR,ERR,ERR,ERR,ERR,ERR,ERR,ERR,ERR,ERR,ERR,ERR,ERR,ERR,ERR,ERR,ERR,ERR,ERR,ERR,ERR,ERR,ERR,ERR,ERR,ERR,ERR,ERR,ERR,ERR,ERR,ERR,ERR,ERR,ERR,ERR,ERR,ERR,ERR,ERR,ERR,ERR,ERR,ERR,ERR,ERR,ERR,ERR,ERR,ERR,ERR,ERR,ERR,0.0,0.0,2.6474835549302285e+23,0.0,0.0,1.3936040501711995e+18,7.805,0.0,0,0,4,0,7116,0.0,100,0.0,0.0,0.0,0.0,0.0,0,0,0,0,0.0,0,0,0,0,0,0,0,0,0,0,0,0,0,0,0,0,0,0,0,0,0,0,0,0,0,0,0,0,0,0,0,0,0,31,40,40,71,65476,0,300,0,0,8,21553,0.0,-107605600.0,0.0,0.0,0.0,0.0,0.0,0.0,0.0,0.0,0.0,0.0,0.0,0.0,0.0,0.0,0.0,0.0,0.0,0.0,0.0,0.0,-2.004,2.004,2.004,-0.0,0.0,0.0,0.0,0.0,4470.0,-564144692527104.0,6939.0,0.0,0.0,0.0,2.718428940004181e+23,0.0,0.0,0.0,0.0,69,-4.950430145311814e+32,0.0,0.0,0.0,0.0,0.0,0.0,0.0,0.0,0,0,0,0.0,0.0,0.0,0.0,0.0,0.0,0.0,0.0,0.0,0.0,0.0,0.0,0.0,0.0,0.0,0.0,0,-107875648.0,69,0.0,138,0.0,-109183328.0,0,0,17087,39322,17103,52429,17082,0,0,0,70,68,100,-0.0,82.4,-107615456.0,78.3,-0.0,79.0,1,49,50,180,26215,26215,0,0,0.0,0.0,0.0,0.0,-0.0,67.0,0.0,162057.094,0.0,982,0,1012,0,0,0,955,0,1038,0,934,0,793,0,784,0,822,0,7520,0.032,2.524898095088995e+20,0.0,0.0,784,16797,-0.0,162057.094,-114818.039,-0.0,0.133,6.909358625270745e+28,30.0,70.0,35,0.0,0.0,0.0,0.0,0.0,0.0,0.0,0.0,0.0,0.0,0.0,0.0,0.0,0.0,0.0,0.0,66.4,0,150,71,52,65476,0,300,0,0,8,20529,65476,0,0,44564,70.0,0.0,0.0,0.0,0.0,0.0
2026-09-10T21:13:48,ERR,ERR,ERR,ERR,ERR,ERR,ERR,ERR,ERR,ERR,ERR,ERR,ERR,ERR,ERR,ERR,ERR,ERR,ERR,ERR,ERR,ERR,ERR,ERR,ERR,ERR,ERR,ERR,ERR,ERR,ERR,ERR,ERR,ERR,ERR,ERR,ERR,ERR,ERR,ERR,ERR,ERR,ERR,ERR,ERR,ERR,ERR,ERR,ERR,ERR,ERR,ERR,ERR,ERR,ERR,ERR,ERR,ERR,ERR,ERR,ERR,ERR,ERR,ERR,ERR,ERR,ERR,ERR,ERR,ERR,ERR,ERR,ERR,ERR,ERR,ERR,ERR,ERR,ERR,ERR,ERR,ERR,ERR,ERR,ERR,ERR,ERR,ERR,ERR,ERR,ERR,ERR,ERR,ERR,ERR,ERR,ERR,ERR,ERR,ERR,ERR,ERR,ERR,ERR,ERR,ERR,ERR,ERR,ERR,ERR,ERR,ERR,ERR,ERR,ERR,ERR,ERR,ERR,ERR,ERR,ERR,ERR,ERR,ERR,ERR,0.0,0.0,2.6474835549302285e+23,0.0,0.0,1.3936040501711995e+18,7.805,0.0,0,0,4,0,7116,0.0,100,0.0,0.0,0.0,0.0,0.0,0,0,0,0,0.0,0,0,0,0,0,0,0,0,0,0,0,0,0,0,0,0,0,0,0,0,0,0,0,0,0,0,0,0,0,0,0,0,0,31,40,40,71,65476,0,300,0,0,8,21553,0.0,-107605600.0,0.0,0.0,0.0,0.0,0.0,0.0,0.0,0.0,0.0,0.0,0.0,0.0,0.0,0.0,0.0,0.0,0.0,0.0,0.0,0.0,-2.004,2.004,2.004,-0.0,0.0,0.0,0.0,0.0,4470.0,-564144692527104.0,6939.0,0.0,0.0,0.0,2.718428940004181e+23,0.0,0.0,0.0,0.0,69,-4.950430145311814e+32,0.0,0.0,0.0,0.0,0.0,0.0,0.0,0.0,0,0,0,0.0,0.0,0.0,0.0,0.0,0.0,0.0,0.0,0.0,0.0,0.0,0.0,0.0,0.0,0.0,0.0,0,-107875648.0,69,0.0,138,0.0,-109183328.0,0,0,17087,39322,17103,52429,17082,0,0,0,70,68,100,-0.0,82.4,-107615456.0,78.3,-0.0,79.0,1,49,50,180,26215,26215,0,0,0.0,0.0,0.0,0.0,-0.0,67.0,0.0,162057.094,0.0,982,0,1012,0,0,0,955,0,1038,0,934,0,793,0,784,0,822,0,7520,0.032,2.524898095088995e+20,0.0,0.0,784,16797,-0.0,162057.094,-114818.039,-0.0,0.133,6.909358625270745e+28,30.0,70.0,35,0.0,0.0,0.0,0.0,0.0,0.0,0.0,0.0,0.0,0.0,0.0,0.0,0.0,0.0,0.0,0.0,66.4,0,150,71,52,65476,0,300,0,0,8,20529,65476,0,0,44564,70.0,0.0,0.0,0.0,0.0,0.0
2026-09-10T21:13:49,ERR,ERR,ERR,ERR,ERR,ERR,ERR,ERR,ERR,ERR,ERR,ERR,ERR,ERR,ERR,ERR,ERR,ERR,ERR,ERR,ERR,ERR,ERR,ERR,ERR,ERR,ERR,ERR,ERR,ERR,ERR,ERR,ERR,ERR,ERR,ERR,ERR,ERR,ERR,ERR,ERR,ERR,ERR,ERR,ERR,ERR,ERR,ERR,ERR,ERR,ERR,ERR,ERR,ERR,ERR,ERR,ERR,ERR,ERR,ERR,ERR,ERR,ERR,ERR,ERR,ERR,ERR,ERR,ERR,ERR,ERR,ERR,ERR,ERR,ERR,ERR,ERR,ERR,ERR,ERR,ERR,ERR,ERR,ERR,ERR,ERR,ERR,ERR,ERR,ERR,ERR,ERR,ERR,ERR,ERR,ERR,ERR,ERR,ERR,ERR,ERR,ERR,ERR,ERR,ERR,ERR,ERR,ERR,ERR,ERR,ERR,ERR,ERR,ERR,ERR,ERR,ERR,ERR,ERR,ERR,ERR,ERR,ERR,ERR,ERR,0.0,0.0,2.6474835549302285e+23,0.0,0.0,1.3936040501711995e+18,7.805,0.0,0,0,4,0,7116,0.0,100,0.0,0.0,0.0,0.0,0.0,0,0,0,0,0.0,0,0,0,0,0,0,0,0,0,0,0,0,0,0,0,0,0,0,0,0,0,0,0,0,0,0,0,0,0,0,0,0,0,31,40,40,71,65476,0,300,0,0,8,21553,0.0,-107605600.0,0.0,0.0,0.0,0.0,0.0,0.0,0.0,0.0,0.0,0.0,0.0,0.0,0.0,0.0,0.0,0.0,0.0,0.0,0.0,0.0,-2.004,2.004,2.004,-0.0,0.0,0.0,0.0,0.0,4470.0,-564144692527104.0,6939.0,0.0,0.0,0.0,2.718428940004181e+23,0.0,0.0,0.0,0.0,69,-4.950430145311814e+32,0.0,0.0,0.0,0.0,0.0,0.0,0.0,0.0,0,0,0,0.0,0.0,0.0,0.0,0.0,0.0,0.0,0.0,0.0,0.0,0.0,0.0,0.0,0.0,0.0,0.0,0,-107875648.0,69,0.0,138,0.0,-109183328.0,0,0,17087,39322,17103,52429,17082,0,0,0,70,68,100,-0.0,82.4,-107615456.0,78.3,-0.0,79.0,1,49,50,180,26215,26215,0,0,0.0,0.0,0.0,0.0,-0.0,67.0,0.0,162057.094,0.0,982,0,1012,0,0,0,955,0,1038,0,934,0,793,0,784,0,822,0,7520,0.032,2.524898095088995e+20,0.0,0.0,784,16797,-0.0,162057.094,-114818.039,-0.0,0.133,6.909358625270745e+28,30.0,70.0,35,0.0,0.0,0.0,0.0,0.0,0.0,0.0,0.0,0.0,0.0,0.0,0.0,0.0,0.0,0.0,0.0,66.4,0,150,71,52,65476,0,300,0,0,8,20529,65476,0,0,44564,70.0,0.0,0.0,0.0,0.0,0.0
2026-09-10T21:13:50,ERR,ERR,ERR,ERR,ERR,ERR,ERR,ERR,ERR,ERR,ERR,ERR,ERR,ERR,ERR,ERR,ERR,ERR,ERR,ERR,ERR,ERR,ERR,ERR,ERR,ERR,ERR,ERR,ERR,ERR,ERR,ERR,ERR,ERR,ERR,ERR,ERR,ERR,ERR,ERR,ERR,ERR,ERR,ERR,ERR,ERR,ERR,ERR,ERR,ERR,ERR,ERR,ERR,ERR,ERR,ERR,ERR,ERR,ERR,ERR,ERR,ERR,ERR,ERR,ERR,ERR,ERR,ERR,ERR,ERR,ERR,ERR,ERR,ERR,ERR,ERR,ERR,ERR,ERR,ERR,ERR,ERR,ERR,ERR,ERR,ERR,ERR,ERR,ERR,ERR,ERR,ERR,ERR,ERR,ERR,ERR,ERR,ERR,ERR,ERR,ERR,ERR,ERR,ERR,ERR,ERR,ERR,ERR,ERR,ERR,ERR,ERR,ERR,ERR,ERR,ERR,ERR,ERR,ERR,ERR,ERR,ERR,ERR,ERR,ERR,0.0,0.0,2.6474835549302285e+23,0.0,0.0,1.3936040501711995e+18,7.805,0.0,0,0,4,0,7116,0.0,100,0.0,0.0,0.0,0.0,0.0,0,0,0,0,0.0,0,0,0,0,0,0,0,0,0,0,0,0,0,0,0,0,0,0,0,0,0,0,0,0,0,0,0,0,0,0,0,0,0,31,40,40,71,65476,0,300,0,0,8,21553,0.0,-107605600.0,0.0,0.0,0.0,0.0,0.0,0.0,0.0,0.0,0.0,0.0,0.0,0.0,0.0,0.0,0.0,0.0,0.0,0.0,0.0,0.0,-2.004,2.004,2.004,-0.0,0.0,0.0,0.0,0.0,4470.0,-564144692527104.0,6939.0,0.0,0.0,0.0,2.718428940004181e+23,0.0,0.0,0.0,0.0,69,-4.950430145311814e+32,0.0,0.0,0.0,0.0,0.0,0.0,0.0,0.0,0,0,0,0.0,0.0,0.0,0.0,0.0,0.0,0.0,0.0,0.0,0.0,0.0,0.0,0.0,0.0,0.0,0.0,0,-107875648.0,69,0.0,138,0.0,-109183328.0,0,0,17087,39322,17103,52429,17082,0,0,0,70,68,100,-0.0,82.4,-107615456.0,78.3,-0.0,79.0,1,49,50,180,26215,26215,0,0,0.0,0.0,0.0,0.0,-0.0,67.0,0.0,162057.094,0.0,982,0,1012,0,0,0,955,0,1038,0,934,0,793,0,784,0,822,0,7520,0.032,2.524898095088995e+20,0.0,0.0,784,16797,-0.0,162057.094,-114818.039,-0.0,0.133,6.909358625270745e+28,30.0,70.0,35,0.0,0.0,0.0,0.0,0.0,0.0,0.0,0.0,0.0,0.0,0.0,0.0,0.0,0.0,0.0,0.0,66.4,0,150,71,52,65476,0,300,0,0,8,20529,65476,0,0,44564,70.0,0.0,0.0,0.0,0.0,0.0
2026-09-10T21:13:51,ERR,ERR,ERR,ERR,ERR,ERR,ERR,ERR,ERR,ERR,ERR,ERR,ERR,ERR,ERR,ERR,ERR,ERR,ERR,ERR,ERR,ERR,ERR,ERR,ERR,ERR,ERR,ERR,ERR,ERR,ERR,ERR,ERR,ERR,ERR,ERR,ERR,ERR,ERR,ERR,ERR,ERR,ERR,ERR,ERR,ERR,ERR,ERR,ERR,ERR,ERR,ERR,ERR,ERR,ERR,ERR,ERR,ERR,ERR,ERR,ERR,ERR,ERR,ERR,ERR,ERR,ERR,ERR,ERR,ERR,ERR,ERR,ERR,ERR,ERR,ERR,ERR,ERR,ERR,ERR,ERR,ERR,ERR,ERR,ERR,ERR,ERR,ERR,ERR,ERR,ERR,ERR,ERR,ERR,ERR,ERR,ERR,ERR,ERR,ERR,ERR,ERR,ERR,ERR,ERR,ERR,ERR,ERR,ERR,ERR,ERR,ERR,ERR,ERR,ERR,ERR,ERR,ERR,ERR,ERR,ERR,ERR,ERR,ERR,ERR,0.0,0.0,2.6474835549302285e+23,0.0,0.0,1.3936040501711995e+18,7.805,0.0,0,0,4,0,7116,0.0,100,0.0,0.0,0.0,0.0,0.0,0,0,0,0,0.0,0,0,0,0,0,0,0,0,0,0,0,0,0,0,0,0,0,0,0,0,0,0,0,0,0,0,0,0,0,0,0,0,0,31,40,40,71,65476,0,300,0,0,8,21553,0.0,-107605600.0,0.0,0.0,0.0,0.0,0.0,0.0,0.0,0.0,0.0,0.0,0.0,0.0,0.0,0.0,0.0,0.0,0.0,0.0,0.0,0.0,-2.004,2.004,2.004,-0.0,0.0,0.0,0.0,0.0,4470.0,-564144692527104.0,6939.0,0.0,0.0,0.0,2.718428940004181e+23,0.0,0.0,0.0,0.0,69,-4.950430145311814e+32,0.0,0.0,0.0,0.0,0.0,0.0,0.0,0.0,0,0,0,0.0,0.0,0.0,0.0,0.0,0.0,0.0,0.0,0.0,0.0,0.0,0.0,0.0,0.0,0.0,0.0,0,-107875648.0,69,0.0,138,0.0,-109183328.0,0,0,17087,39322,17103,52429,17082,0,0,0,70,68,100,-0.0,82.4,-107615456.0,78.3,-0.0,79.0,1,49,50,180,26215,26215,0,0,0.0,0.0,0.0,0.0,-0.0,67.0,0.0,162057.094,0.0,982,0,1012,0,0,0,955,0,1038,0,934,0,793,0,784,0,822,0,7520,0.032,2.524898095088995e+20,0.0,0.0,784,16797,-0.0,162057.094,-114818.039,-0.0,0.133,6.909358625270745e+28,30.0,70.0,35,0.0,0.0,0.0,0.0,0.0,0.0,0.0,0.0,0.0,0.0,0.0,0.0,0.0,0.0,0.0,0.0,66.4,0,150,71,52,65476,0,300,0,0,8,20529,65476,0,0,44564,70.0,0.0,0.0,0.0,0.0,0.0
2026-09-10T21:13:52,ERR,ERR,ERR,ERR,ERR,ERR,ERR,ERR,ERR,ERR,ERR,ERR,ERR,ERR,ERR,ERR,ERR,ERR,ERR,ERR,ERR,ERR,ERR,ERR,ERR,ERR,ERR,ERR,ERR,ERR,ERR,ERR,ERR,ERR,ERR,ERR,ERR,ERR,ERR,ERR,ERR,ERR,ERR,ERR,ERR,ERR,ERR,ERR,ERR,ERR,ERR,ERR,ERR,ERR,ERR,ERR,ERR,ERR,ERR,ERR,ERR,ERR,ERR,ERR,ERR,ERR,ERR,ERR,ERR,ERR,ERR,ERR,ERR,ERR,ERR,ERR,ERR,ERR,ERR,ERR,ERR,ERR,ERR,ERR,ERR,ERR,ERR,ERR,ERR,ERR,ERR,ERR,ERR,ERR,ERR,ERR,ERR,ERR,ERR,ERR,ERR,ERR,ERR,ERR,ERR,ERR,ERR,ERR,ERR,ERR,ERR,ERR,ERR,ERR,ERR,ERR,ERR,ERR,ERR,ERR,ERR,ERR,ERR,ERR,ERR,0.0,0.0,2.6474835549302285e+23,0.0,0.0,1.3936040501711995e+18,7.805,0.0,0,0,4,0,7116,0.0,100,0.0,0.0,0.0,0.0,0.0,0,0,0,0,0.0,0,0,0,0,0,0,0,0,0,0,0,0,0,0,0,0,0,0,0,0,0,0,0,0,0,0,0,0,0,0,0,0,0,31,40,40,71,65476,0,300,0,0,8,21553,0.0,-107605600.0,0.0,0.0,0.0,0.0,0.0,0.0,0.0,0.0,0.0,0.0,0.0,0.0,0.0,0.0,0.0,0.0,0.0,0.0,0.0,0.0,-2.004,2.004,2.004,-0.0,0.0,0.0,0.0,0.0,4469.0,-8608164864.0,6938.0,0.0,2.7184303811560617e+23,0.0,2.718428940004181e+23,0.0,0.0,0.0,0.0,69,0.0,0.0,0.0,0.0,0.0,0.0,0.0,0.0,0.0,0,0,0,0.0,0.0,0.0,0.0,0.0,0.0,0.0,0.0,0.0,0.0,0.0,0.0,0.0,0.0,0.0,0.0,0,-107875648.0,69,0.0,138,0.0,-109183328.0,0,0,17087,39322,17103,52429,17082,0,0,0,70,68,100,-0.0,82.4,-107615456.0,78.3,-0.0,79.0,1,49,50,180,26215,26215,0,0,0.0,0.0,0.0,0.0,-0.0,67.0,0.0,162057.094,0.0,982,0,1012,0,0,0,955,0,1038,0,934,0,793,0,784,0,822,0,7520,0.032,2.524898095088995e+20,0.0,0.0,784,16797,-0.0,162057.094,-114818.039,-0.0,0.133,6.909358625270745e+28,30.0,70.0,35,0.0,0.0,0.0,0.0,0.0,0.0,0.0,0.0,0.0,0.0,0.0,0.0,0.0,0.0,0.0,0.0,66.4,0,150,71,52,65476,0,300,0,0,8,20529,65476,0,0,44564,70.0,0.0,0.0,0.0,0.0,0.0
2026-09-10T21:13:53,ERR,ERR,ERR,ERR,ERR,ERR,ERR,ERR,ERR,ERR,ERR,ERR,ERR,ERR,ERR,ERR,ERR,ERR,ERR,ERR,ERR,ERR,ERR,ERR,ERR,ERR,ERR,ERR,ERR,ERR,ERR,ERR,ERR,ERR,ERR,ERR,ERR,ERR,ERR,ERR,ERR,ERR,ERR,ERR,ERR,ERR,ERR,ERR,ERR,ERR,ERR,ERR,ERR,ERR,ERR,ERR,ERR,ERR,ERR,ERR,ERR,ERR,ERR,ERR,ERR,ERR,ERR,ERR,ERR,ERR,ERR,ERR,ERR,ERR,ERR,ERR,ERR,ERR,ERR,ERR,ERR,ERR,ERR,ERR,ERR,ERR,ERR,ERR,ERR,ERR,ERR,ERR,ERR,ERR,ERR,ERR,ERR,ERR,ERR,ERR,ERR,ERR,ERR,ERR,ERR,ERR,ERR,ERR,ERR,ERR,ERR,ERR,ERR,ERR,ERR,ERR,ERR,ERR,ERR,ERR,ERR,ERR,ERR,ERR,ERR,0.0,0.0,2.6474835549302285e+23,0.0,0.0,1.3936040501711995e+18,7.805,0.0,0,0,4,0,7116,0.0,100,0.0,0.0,0.0,0.0,0.0,0,0,0,0,0.0,0,0,0,0,0,0,0,0,0,0,0,0,0,0,0,0,0,0,0,0,0,0,0,0,0,0,0,0,0,0,0,0,0,31,40,40,71,65476,0,300,0,0,8,21553,0.0,-107605600.0,0.0,0.0,0.0,0.0,0.0,0.0,0.0,0.0,0.0,0.0,0.0,0.0,0.0,0.0,0.0,0.0,0.0,0.0,0.0,0.0,-2.004,2.004,2.004,-0.0,0.0,0.0,0.0,0.0,4469.0,-8608164864.0,6938.0,0.0,2.7184303811560617e+23,0.0,2.718428940004181e+23,0.0,0.0,0.0,0.0,69,0.0,0.0,0.0,0.0,0.0,0.0,0.0,0.0,0.0,0,0,0,0.0,0.0,0.0,0.0,0.0,0.0,0.0,0.0,0.0,0.0,0.0,0.0,0.0,0.0,0.0,0.0,0,-107875648.0,69,0.0,138,0.0,-109183328.0,0,0,17087,39322,17103,52429,17082,0,0,0,70,68,100,2.7302399002429377e+23,82.4,-107615456.0,78.3,-0.0,79.0,1,49,50,180,26215,26215,0,0,0.0,0.0,0.0,0.0,-0.0,67.0,0.0,162057.094,0.0,982,0,1012,0,0,0,955,0,1038,0,934,0,793,0,784,0,823,0,7520,0.032,2.5133688800429264e+20,0.0,0.0,784,16797,-0.0,162057.094,-114818.039,-0.0,0.133,6.909358625270745e+28,30.0,70.0,35,0.0,0.0,0.0,0.0,0.0,0.0,0.0,0.0,0.0,0.0,0.0,0.0,0.0,0.0,0.0,0.0,66.0,0,150,71,52,65476,0,300,0,0,8,20529,65476,0,0,44564,70.0,0.0,0.0,0.0,0.0,0.0
2026-09-10T21:13:54,ERR,ERR,ERR,ERR,ERR,ERR,ERR,ERR,ERR,ERR,ERR,ERR,ERR,ERR,ERR,ERR,ERR,ERR,ERR,ERR,ERR,ERR,ERR,ERR,ERR,ERR,ERR,ERR,ERR,ERR,ERR,ERR,ERR,ERR,ERR,ERR,ERR,ERR,ERR,ERR,ERR,ERR,ERR,ERR,ERR,ERR,ERR,ERR,ERR,ERR,ERR,ERR,ERR,ERR,ERR,ERR,ERR,ERR,ERR,ERR,ERR,ERR,ERR,ERR,ERR,ERR,ERR,ERR,ERR,ERR,ERR,ERR,ERR,ERR,ERR,ERR,ERR,ERR,ERR,ERR,ERR,ERR,ERR,ERR,ERR,ERR,ERR,ERR,ERR,ERR,ERR,ERR,ERR,ERR,ERR,ERR,ERR,ERR,ERR,ERR,ERR,ERR,ERR,ERR,ERR,ERR,ERR,ERR,ERR,ERR,ERR,ERR,ERR,ERR,ERR,ERR,ERR,ERR,ERR,ERR,ERR,ERR,ERR,ERR,ERR,0.0,0.0,2.6474835549302285e+23,0.0,0.0,1.3936040501711995e+18,7.805,0.0,0,0,4,0,7116,0.0,100,0.0,0.0,0.0,0.0,0.0,0,0,0,0,0.0,0,0,0,0,0,0,0,0,0,0,0,0,0,0,0,0,0,0,0,0,0,0,0,0,0,0,0,0,0,0,0,0,0,31,40,40,71,65476,0,300,0,0,8,21553,0.0,-107605600.0,0.0,0.0,0.0,0.0,0.0,0.0,0.0,0.0,0.0,0.0,0.0,0.0,0.0,0.0,0.0,0.0,0.0,0.0,0.0,0.0,-2.004,2.004,2.004,-0.0,0.0,0.0,0.0,0.0,4469.0,-8608164864.0,6938.0,0.0,2.7184303811560617e+23,0.0,2.718428940004181e+23,0.0,0.0,0.0,0.0,69,0.0,0.0,0.0,0.0,0.0,0.0,0.0,0.0,0.0,0,0,0,0.0,0.0,0.0,0.0,0.0,0.0,0.0,0.0,0.0,0.0,0.0,0.0,0.0,0.0,0.0,0.0,0,-107875648.0,69,0.0,138,0.0,-109183328.0,0,0,17087,39322,17103,52429,17082,0,0,0,70,68,100,2.7302399002429377e+23,82.4,-107615456.0,78.3,-0.0,79.0,1,49,50,180,26215,26215,0,0,0.0,0.0,0.0,0.0,-0.0,67.0,0.0,162057.094,0.0,982,0,1012,0,0,0,955,0,1038,0,934,0,793,0,784,0,823,0,7520,0.032,2.5133688800429264e+20,0.0,0.0,784,16797,-0.0,162057.094,-114818.039,-0.0,0.133,6.909358625270745e+28,30.0,70.0,35,0.0,0.0,0.0,0.0,0.0,0.0,0.0,0.0,0.0,0.0,0.0,0.0,0.0,0.0,0.0,0.0,66.0,0,150,71,52,65476,0,300,0,0,8,20529,65476,0,0,44564,70.0,0.0,0.0,0.0,0.0,0.0
2026-09-10T21:13:55,ERR,ERR,ERR,ERR,ERR,ERR,ERR,ERR,ERR,ERR,ERR,ERR,ERR,ERR,ERR,ERR,ERR,ERR,ERR,ERR,ERR,ERR,ERR,ERR,ERR,ERR,ERR,ERR,ERR,ERR,ERR,ERR,ERR,ERR,ERR,ERR,ERR,ERR,ERR,ERR,ERR,ERR,ERR,ERR,ERR,ERR,ERR,ERR,ERR,ERR,ERR,ERR,ERR,ERR,ERR,ERR,ERR,ERR,ERR,ERR,ERR,ERR,ERR,ERR,ERR,ERR,ERR,ERR,ERR,ERR,ERR,ERR,ERR,ERR,ERR,ERR,ERR,ERR,ERR,ERR,ERR,ERR,ERR,ERR,ERR,ERR,ERR,ERR,ERR,ERR,ERR,ERR,ERR,ERR,ERR,ERR,ERR,ERR,ERR,ERR,ERR,ERR,ERR,ERR,ERR,ERR,ERR,ERR,ERR,ERR,ERR,ERR,ERR,ERR,ERR,ERR,ERR,ERR,ERR,ERR,ERR,ERR,ERR,ERR,ERR,0.0,0.0,2.6474835549302285e+23,0.0,0.0,1.3936040501711995e+18,7.805,0.0,0,0,4,0,7116,0.0,100,0.0,0.0,0.0,0.0,0.0,0,0,0,0,0.0,0,0,0,0,0,0,0,0,0,0,0,0,0,0,0,0,0,0,0,0,0,0,0,0,0,0,0,0,0,0,0,0,0,31,40,40,71,65476,0,300,0,0,8,21553,0.0,-107605600.0,0.0,0.0,0.0,0.0,0.0,0.0,0.0,0.0,0.0,0.0,0.0,0.0,0.0,0.0,0.0,0.0,0.0,0.0,0.0,0.0,-2.004,2.004,2.004,-0.0,0.0,0.0,0.0,0.0,4469.0,-8608164864.0,6938.0,0.0,2.7184303811560617e+23,0.0,2.718428940004181e+23,0.0,0.0,0.0,0.0,69,0.0,0.0,0.0,0.0,0.0,0.0,0.0,0.0,0.0,0,0,0,0.0,0.0,0.0,0.0,0.0,0.0,0.0,0.0,0.0,0.0,0.0,0.0,0.0,0.0,0.0,0.0,0,-107875648.0,69,0.0,138,0.0,-109183328.0,0,0,17087,39322,17103,52429,17082,0,0,0,70,68,100,2.7302399002429377e+23,82.4,-107615456.0,78.3,-0.0,79.0,1,49,50,180,26215,26215,0,0,0.0,0.0,0.0,0.0,-0.0,67.0,0.0,162057.094,0.0,982,0,1012,0,0,0,955,0,1038,0,934,0,793,0,784,0,823,0,7520,0.032,2.5133688800429264e+20,0.0,0.0,784,16797,-0.0,162057.094,-114818.039,-0.0,0.133,6.909358625270745e+28,30.0,70.0,35,0.0,0.0,0.0,0.0,0.0,0.0,0.0,0.0,0.0,0.0,0.0,0.0,0.0,0.0,0.0,0.0,66.0,0,150,71,52,65476,0,300,0,0,8,20529,65476,0,0,44564,70.0,0.0,0.0,0.0,0.0,0.0
2026-09-10T21:13:56,ERR,ERR,ERR,ERR,ERR,ERR,ERR,ERR,ERR,ERR,ERR,ERR,ERR,ERR,ERR,ERR,ERR,ERR,ERR,ERR,ERR,ERR,ERR,ERR,ERR,ERR,ERR,ERR,ERR,ERR,ERR,ERR,ERR,ERR,ERR,ERR,ERR,ERR,ERR,ERR,ERR,ERR,ERR,ERR,ERR,ERR,ERR,ERR,ERR,ERR,ERR,ERR,ERR,ERR,ERR,ERR,ERR,ERR,ERR,ERR,ERR,ERR,ERR,ERR,ERR,ERR,ERR,ERR,ERR,ERR,ERR,ERR,ERR,ERR,ERR,ERR,ERR,ERR,ERR,ERR,ERR,ERR,ERR,ERR,ERR,ERR,ERR,ERR,ERR,ERR,ERR,ERR,ERR,ERR,ERR,ERR,ERR,ERR,ERR,ERR,ERR,ERR,ERR,ERR,ERR,ERR,ERR,ERR,ERR,ERR,ERR,ERR,ERR,ERR,ERR,ERR,ERR,ERR,ERR,ERR,ERR,ERR,ERR,ERR,ERR,0.0,0.0,2.6474835549302285e+23,0.0,0.0,1.3936040501711995e+18,7.805,0.0,0,0,4,0,7116,0.0,100,0.0,0.0,0.0,0.0,0.0,0,0,0,0,0.0,0,0,0,0,0,0,0,0,0,0,0,0,0,0,0,0,0,0,0,0,0,0,0,0,0,0,0,0,0,0,0,0,0,31,40,40,71,65476,0,300,0,0,8,21553,0.0,-107605600.0,0.0,0.0,0.0,0.0,0.0,0.0,0.0,0.0,0.0,0.0,0.0,0.0,0.0,0.0,0.0,0.0,0.0,0.0,0.0,0.0,-2.004,2.004,2.004,-0.0,0.0,0.0,0.0,0.0,4469.0,-8608164864.0,6938.0,0.0,2.7184303811560617e+23,0.0,2.718428940004181e+23,0.0,0.0,0.0,0.0,69,0.0,0.0,0.0,0.0,0.0,0.0,0.0,0.0,0.0,0,0,0,0.0,0.0,0.0,0.0,0.0,0.0,0.0,0.0,0.0,0.0,0.0,0.0,0.0,0.0,0.0,0.0,0,-107875648.0,69,0.0,138,0.0,-109183328.0,0,0,17087,39322,17103,52429,17082,0,0,0,70,68,100,2.7302399002429377e+23,82.4,-107615456.0,78.3,-0.0,79.0,1,49,50,180,26215,26215,0,0,0.0,0.0,0.0,0.0,-0.0,67.0,0.0,162057.094,0.0,982,0,1012,0,0,0,955,0,1038,0,934,0,793,0,784,0,823,0,7520,0.032,2.5133688800429264e+20,0.0,0.0,784,16797,-0.0,162057.094,-114818.039,-0.0,0.133,6.909358625270745e+28,30.0,70.0,35,0.0,0.0,0.0,0.0,0.0,0.0,0.0,0.0,0.0,0.0,0.0,0.0,0.0,0.0,0.0,0.0,66.4,0,150,71,52,65476,0,300,0,0,8,20529,65476,0,0,44564,70.0,0.0,0.0,0.0,0.0,0.0
2026-09-10T21:13:57,ERR,ERR,ERR,ERR,ERR,ERR,ERR,ERR,ERR,ERR,ERR,ERR,ERR,ERR,ERR,ERR,ERR,ERR,ERR,ERR,ERR,ERR,ERR,ERR,ERR,ERR,ERR,ERR,ERR,ERR,ERR,ERR,ERR,ERR,ERR,ERR,ERR,ERR,ERR,ERR,ERR,ERR,ERR,ERR,ERR,ERR,ERR,ERR,ERR,ERR,ERR,ERR,ERR,ERR,ERR,ERR,ERR,ERR,ERR,ERR,ERR,ERR,ERR,ERR,ERR,ERR,ERR,ERR,ERR,ERR,ERR,ERR,ERR,ERR,ERR,ERR,ERR,ERR,ERR,ERR,ERR,ERR,ERR,ERR,ERR,ERR,ERR,ERR,ERR,ERR,ERR,ERR,ERR,ERR,ERR,ERR,ERR,ERR,ERR,ERR,ERR,ERR,ERR,ERR,ERR,ERR,ERR,ERR,ERR,ERR,ERR,ERR,ERR,ERR,ERR,ERR,ERR,ERR,ERR,ERR,ERR,ERR,ERR,ERR,ERR,0.0,0.0,2.6474835549302285e+23,0.0,0.0,1.3936040501711995e+18,7.805,0.0,0,0,4,0,7116,0.0,100,0.0,0.0,0.0,0.0,0.0,0,0,0,0,0.0,0,0,0,0,0,0,0,0,0,0,0,0,0,0,0,0,0,0,0,0,0,0,0,0,0,0,0,0,0,0,0,0,0,31,40,40,71,65476,0,300,0,0,8,21553,0.0,-107605600.0,0.0,0.0,0.0,0.0,0.0,0.0,0.0,0.0,0.0,0.0,0.0,0.0,0.0,0.0,0.0,0.0,0.0,0.0,0.0,0.0,-2.004,2.004,2.004,-0.0,0.0,0.0,0.0,0.0,4469.0,-8608164864.0,6938.0,0.0,2.7184303811560617e+23,0.0,2.718428940004181e+23,0.0,0.0,0.0,0.0,69,0.0,0.0,0.0,0.0,0.0,0.0,0.0,0.0,0.0,0,0,0,0.0,0.0,0.0,0.0,0.0,0.0,0.0,0.0,0.0,0.0,0.0,0.0,0.0,0.0,0.0,0.0,0,-107875648.0,69,0.0,138,0.0,-109183328.0,0,0,17087,39322,17103,52429,17082,0,0,0,70,68,100,2.7302399002429377e+23,82.4,-107615456.0,78.3,-0.0,79.0,1,49,50,180,26215,26215,0,0,0.0,0.0,0.0,0.0,-0.0,67.0,0.0,162057.094,0.0,982,0,1012,0,0,0,955,0,1038,0,934,0,793,0,784,0,823,0,7520,0.032,2.5133688800429264e+20,0.0,0.0,784,16797,-0.0,162057.094,-114818.039,-0.0,0.133,6.909358625270745e+28,30.0,70.0,35,0.0,0.0,0.0,0.0,0.0,0.0,0.0,0.0,0.0,0.0,0.0,0.0,0.0,0.0,0.0,0.0,66.4,0,150,71,52,65476,0,300,0,0,8,20529,65476,0,0,44564,70.0,0.0,0.0,0.0,0.0,0.0
2026-09-10T21:13:58,ERR,ERR,ERR,ERR,ERR,ERR,ERR,ERR,ERR,ERR,ERR,ERR,ERR,ERR,ERR,ERR,ERR,ERR,ERR,ERR,ERR,ERR,ERR,ERR,ERR,ERR,ERR,ERR,ERR,ERR,ERR,ERR,ERR,ERR,ERR,ERR,ERR,ERR,ERR,ERR,ERR,ERR,ERR,ERR,ERR,ERR,ERR,ERR,ERR,ERR,ERR,ERR,ERR,ERR,ERR,ERR,ERR,ERR,ERR,ERR,ERR,ERR,ERR,ERR,ERR,ERR,ERR,ERR,ERR,ERR,ERR,ERR,ERR,ERR,ERR,ERR,ERR,ERR,ERR,ERR,ERR,ERR,ERR,ERR,ERR,ERR,ERR,ERR,ERR,ERR,ERR,ERR,ERR,ERR,ERR,ERR,ERR,ERR,ERR,ERR,ERR,ERR,ERR,ERR,ERR,ERR,ERR,ERR,ERR,ERR,ERR,ERR,ERR,ERR,ERR,ERR,ERR,ERR,ERR,ERR,ERR,ERR,ERR,ERR,ERR,0.0,0.0,2.6474835549302285e+23,0.0,0.0,1.3936040501711995e+18,7.805,0.0,0,0,4,0,7116,0.0,100,0.0,0.0,0.0,0.0,0.0,0,0,0,0,0.0,0,0,0,0,0,0,0,0,0,0,0,0,0,0,0,0,0,0,0,0,0,0,0,0,0,0,0,0,0,0,0,0,0,31,40,40,71,65476,0,300,0,0,8,21553,0.0,-107605600.0,0.0,0.0,0.0,0.0,0.0,0.0,0.0,0.0,0.0,0.0,0.0,0.0,0.0,0.0,0.0,0.0,0.0,0.0,0.0,0.0,-2.004,2.004,2.004,-0.0,0.0,0.0,0.0,0.0,4469.0,-8608164864.0,6938.0,0.0,2.7184303811560617e+23,0.0,2.718428940004181e+23,0.0,0.0,0.0,0.0,69,0.0,0.0,0.0,0.0,0.0,0.0,0.0,0.0,0.0,0,0,0,0.0,0.0,0.0,0.0,0.0,0.0,0.0,0.0,0.0,0.0,0.0,0.0,0.0,0.0,0.0,0.0,0,-107875648.0,69,0.0,138,0.0,-109183328.0,0,0,17087,39322,17103,52429,17082,0,0,0,70,68,100,2.7302399002429377e+23,82.4,-107615456.0,78.3,-0.0,79.0,1,49,50,180,26215,26215,0,0,0.0,0.0,0.0,0.0,-0.0,67.0,0.0,162057.094,0.0,982,0,1012,0,0,0,955,0,1038,0,934,0,793,0,784,0,823,0,7520,0.032,2.5133688800429264e+20,0.0,0.0,784,16797,-0.0,162057.094,-114818.039,-0.0,0.133,6.909358625270745e+28,30.0,70.0,35,0.0,0.0,0.0,0.0,0.0,0.0,0.0,0.0,0.0,0.0,0.0,0.0,0.0,0.0,0.0,0.0,66.4,0,150,71,52,65476,0,300,0,0,8,20529,65476,0,0,44564,70.0,0.0,0.0,0.0,0.0,0.0
2026-09-10T21:13:59,ERR,ERR,ERR,ERR,ERR,ERR,ERR,ERR,ERR,ERR,ERR,ERR,ERR,ERR,ERR,ERR,ERR,ERR,ERR,ERR,ERR,ERR,ERR,ERR,ERR,ERR,ERR,ERR,ERR,ERR,ERR,ERR,ERR,ERR,ERR,ERR,ERR,ERR,ERR,ERR,ERR,ERR,ERR,ERR,ERR,ERR,ERR,ERR,ERR,ERR,ERR,ERR,ERR,ERR,ERR,ERR,ERR,ERR,ERR,ERR,ERR,ERR,ERR,ERR,ERR,ERR,ERR,ERR,ERR,ERR,ERR,ERR,ERR,ERR,ERR,ERR,ERR,ERR,ERR,ERR,ERR,ERR,ERR,ERR,ERR,ERR,ERR,ERR,ERR,ERR,ERR,ERR,ERR,ERR,ERR,ERR,ERR,ERR,ERR,ERR,ERR,ERR,ERR,ERR,ERR,ERR,ERR,ERR,ERR,ERR,ERR,ERR,ERR,ERR,ERR,ERR,ERR,ERR,ERR,ERR,ERR,ERR,ERR,ERR,ERR,0.0,0.0,2.6474835549302285e+23,0.0,0.0,1.3936040501711995e+18,7.805,0.0,0,0,4,0,7116,0.0,100,0.0,0.0,0.0,0.0,0.0,0,0,0,0,0.0,0,0,0,0,0,0,0,0,0,0,0,0,0,0,0,0,0,0,0,0,0,0,0,0,0,0,0,0,0,0,0,0,0,31,40,40,71,65476,0,300,0,0,8,21553,0.0,-107605600.0,0.0,0.0,0.0,0.0,0.0,0.0,0.0,0.0,0.0,0.0,0.0,0.0,0.0,0.0,0.0,0.0,0.0,0.0,0.0,0.0,-2.004,2.004,2.004,-0.0,0.0,0.0,0.0,0.0,4469.0,-8608164864.0,6938.0,0.0,2.7184303811560617e+23,0.0,2.718428940004181e+23,0.0,0.0,0.0,0.0,69,0.0,0.0,0.0,0.0,0.0,0.0,0.0,0.0,0.0,0,0,0,0.0,0.0,0.0,0.0,0.0,0.0,0.0,0.0,0.0,0.0,0.0,0.0,0.0,0.0,0.0,0.0,0,-107875648.0,69,0.0,138,0.0,-109183328.0,0,0,17087,39322,17103,52429,17082,0,0,0,70,68,100,-0.0,82.4,-107615456.0,78.3,-0.0,79.0,1,49,50,180,26215,26215,0,0,0.0,0.0,0.0,0.0,-0.0,67.0,0.0,162057.094,0.0,982,0,1012,0,0,0,955,0,1038,0,934,0,793,0,784,0,823,0,7520,0.032,2.524898095088995e+20,0.0,0.0,784,16797,-0.0,162057.094,-114818.039,-0.0,0.133,6.909358625270745e+28,30.0,70.0,35,0.0,0.0,0.0,0.0,0.0,0.0,0.0,0.0,0.0,0.0,0.0,0.0,0.0,0.0,0.0,0.0,66.0,0,150,71,52,65476,0,300,0,0,8,20529,65476,0,0,44564,70.0,0.0,0.0,0.0,0.0,0.0
2026-09-10T21:14:00,ERR,ERR,ERR,ERR,ERR,ERR,ERR,ERR,ERR,ERR,ERR,ERR,ERR,ERR,ERR,ERR,ERR,ERR,ERR,ERR,ERR,ERR,ERR,ERR,ERR,ERR,ERR,ERR,ERR,ERR,ERR,ERR,ERR,ERR,ERR,ERR,ERR,ERR,ERR,ERR,ERR,ERR,ERR,ERR,ERR,ERR,ERR,ERR,ERR,ERR,ERR,ERR,ERR,ERR,ERR,ERR,ERR,ERR,ERR,ERR,ERR,ERR,ERR,ERR,ERR,ERR,ERR,ERR,ERR,ERR,ERR,ERR,ERR,ERR,ERR,ERR,ERR,ERR,ERR,ERR,ERR,ERR,ERR,ERR,ERR,ERR,ERR,ERR,ERR,ERR,ERR,ERR,ERR,ERR,ERR,ERR,ERR,ERR,ERR,ERR,ERR,ERR,ERR,ERR,ERR,ERR,ERR,ERR,ERR,ERR,ERR,ERR,ERR,ERR,ERR,ERR,ERR,ERR,ERR,ERR,ERR,ERR,ERR,ERR,ERR,0.0,0.0,2.6474835549302285e+23,0.0,0.0,1.3936040501711995e+18,7.805,0.0,0,0,4,0,7116,0.0,100,0.0,0.0,0.0,0.0,0.0,0,0,0,0,0.0,0,0,0,0,0,0,0,0,0,0,0,0,0,0,0,0,0,0,0,0,0,0,0,0,0,0,0,0,0,0,0,0,0,31,40,40,71,65476,0,300,0,0,8,21553,0.0,-107605600.0,0.0,0.0,0.0,0.0,0.0,0.0,0.0,0.0,0.0,0.0,0.0,0.0,0.0,0.0,0.0,0.0,0.0,0.0,0.0,0.0,-2.004,2.004,2.004,-0.0,0.0,0.0,0.0,0.0,4473.0,-1.587926141905068e+29,6942.0,0.0,0.0,0.0,2.718428940004181e+23,0.0,0.0,0.0,0.0,69,-5.8480849975795215e+35,-3.221994650676375e+26,0.0,0.0,0.0,0.0,0.0,0.0,0.0,0,0,0,0.0,0.0,0.0,0.0,0.0,0.0,0.0,0.0,0.0,0.0,0.0,0.0,0.0,0.0,0.0,0.0,0,-107875648.0,69,0.0,138,0.0,-109183328.0,0,0,17087,39322,17103,52429,17082,0,0,0,70,68,100,-0.0,82.4,-107615456.0,78.3,-0.0,79.0,1,49,50,180,26215,26215,0,0,0.0,0.0,0.0,0.0,-0.0,67.0,0.0,162057.094,0.0,982,0,1012,0,0,0,955,0,1038,0,934,0,793,0,784,0,823,0,7520,0.032,2.524898095088995e+20,0.0,0.0,784,16797,-0.0,162057.094,-114818.039,-0.0,0.133,6.909358625270745e+28,30.0,70.0,35,0.0,0.0,0.0,0.0,0.0,0.0,0.0,0.0,0.0,0.0,0.0,0.0,0.0,0.0,0.0,0.0,66.0,0,150,71,52,65476,0,300,0,0,8,20529,65476,0,0,44564,70.0,0.0,0.0,0.0,0.0,0.0
2026-09-10T21:14:01,ERR,ERR,ERR,ERR,ERR,ERR,ERR,ERR,ERR,ERR,ERR,ERR,ERR,ERR,ERR,ERR,ERR,ERR,ERR,ERR,ERR,ERR,ERR,ERR,ERR,ERR,ERR,ERR,ERR,ERR,ERR,ERR,ERR,ERR,ERR,ERR,ERR,ERR,ERR,ERR,ERR,ERR,ERR,ERR,ERR,ERR,ERR,ERR,ERR,ERR,ERR,ERR,ERR,ERR,ERR,ERR,ERR,ERR,ERR,ERR,ERR,ERR,ERR,ERR,ERR,ERR,ERR,ERR,ERR,ERR,ERR,ERR,ERR,ERR,ERR,ERR,ERR,ERR,ERR,ERR,ERR,ERR,ERR,ERR,ERR,ERR,ERR,ERR,ERR,ERR,ERR,ERR,ERR,ERR,ERR,ERR,ERR,ERR,ERR,ERR,ERR,ERR,ERR,ERR,ERR,ERR,ERR,ERR,ERR,ERR,ERR,ERR,ERR,ERR,ERR,ERR,ERR,ERR,ERR,ERR,ERR,ERR,ERR,ERR,ERR,0.0,0.0,2.6474835549302285e+23,0.0,0.0,1.3936040501711995e+18,7.805,0.0,0,0,4,0,7116,0.0,100,0.0,0.0,0.0,0.0,0.0,0,0,0,0,0.0,0,0,0,0,0,0,0,0,0,0,0,0,0,0,0,0,0,0,0,0,0,0,0,0,0,0,0,0,0,0,0,0,0,31,40,40,71,65476,0,300,0,0,8,21553,0.0,-107605600.0,0.0,0.0,0.0,0.0,0.0,0.0,0.0,0.0,0.0,0.0,0.0,0.0,0.0,0.0,0.0,0.0,0.0,0.0,0.0,0.0,-2.004,2.004,2.004,-0.0,0.0,0.0,0.0,0.0,4473.0,-1.587926141905068e+29,6942.0,0.0,0.0,0.0,2.718428940004181e+23,0.0,0.0,0.0,0.0,69,-5.8480849975795215e+35,-3.221994650676375e+26,0.0,0.0,0.0,0.0,0.0,0.0,0.0,0,0,0,0.0,0.0,0.0,0.0,0.0,0.0,0.0,0.0,0.0,0.0,0.0,0.0,0.0,0.0,0.0,0.0,0,-107875648.0,69,0.0,138,0.0,-109183328.0,0,0,17087,39322,17103,52429,17082,0,0,0,70,68,100,-0.0,82.4,-107615456.0,78.3,-0.0,79.0,1,49,50,180,26215,26215,0,0,0.0,0.0,0.0,0.0,-0.0,67.0,0.0,162057.094,0.0,982,0,1012,0,0,0,955,0,1038,0,934,0,793,0,784,0,823,0,7520,0.032,2.524898095088995e+20,0.0,0.0,784,16797,-0.0,162057.094,-114818.039,-0.0,0.133,6.909358625270745e+28,30.0,70.0,35,0.0,0.0,0.0,0.0,0.0,0.0,0.0,0.0,0.0,0.0,0.0,0.0,0.0,0.0,0.0,0.0,66.0,0,150,71,52,65476,0,300,0,0,8,20529,65476,0,0,44564,70.0,0.0,0.0,0.0,0.0,0.0
2026-09-10T21:14:02,ERR,ERR,ERR,ERR,ERR,ERR,ERR,ERR,ERR,ERR,ERR,ERR,ERR,ERR,ERR,ERR,ERR,ERR,ERR,ERR,ERR,ERR,ERR,ERR,ERR,ERR,ERR,ERR,ERR,ERR,ERR,ERR,ERR,ERR,ERR,ERR,ERR,ERR,ERR,ERR,ERR,ERR,ERR,ERR,ERR,ERR,ERR,ERR,ERR,ERR,ERR,ERR,ERR,ERR,ERR,ERR,ERR,ERR,ERR,ERR,ERR,ERR,ERR,ERR,ERR,ERR,ERR,ERR,ERR,ERR,ERR,ERR,ERR,ERR,ERR,ERR,ERR,ERR,ERR,ERR,ERR,ERR,ERR,ERR,ERR,ERR,ERR,ERR,ERR,ERR,ERR,ERR,ERR,ERR,ERR,ERR,ERR,ERR,ERR,ERR,ERR,ERR,ERR,ERR,ERR,ERR,ERR,ERR,ERR,ERR,ERR,ERR,ERR,ERR,ERR,ERR,ERR,ERR,ERR,ERR,ERR,ERR,ERR,ERR,ERR,0.0,0.0,2.6474835549302285e+23,0.0,0.0,1.3936040501711995e+18,7.805,0.0,0,0,4,0,7116,0.0,100,0.0,0.0,0.0,0.0,0.0,0,0,0,0,0.0,0,0,0,0,0,0,0,0,0,0,0,0,0,0,0,0,0,0,0,0,0,0,0,0,0,0,0,0,0,0,0,0,0,31,40,40,71,65476,0,300,0,0,8,21553,0.0,-107605600.0,0.0,0.0,0.0,0.0,0.0,0.0,0.0,0.0,0.0,0.0,0.0,0.0,0.0,0.0,0.0,0.0,0.0,0.0,0.0,0.0,-2.004,2.004,2.004,-0.0,0.0,0.0,0.0,0.0,4473.0,-1.587926141905068e+29,6942.0,0.0,0.0,0.0,2.718428940004181e+23,0.0,0.0,0.0,0.0,69,-5.8480849975795215e+35,-3.221994650676375e+26,0.0,0.0,0.0,0.0,0.0,0.0,0.0,0,0,0,0.0,0.0,0.0,0.0,0.0,0.0,0.0,0.0,0.0,0.0,0.0,0.0,0.0,0.0,0.0,0.0,0,-107875648.0,69,0.0,138,0.0,-109183328.0,0,0,17087,39322,17103,52429,17082,0,0,0,70,68,100,-0.0,82.4,-107615456.0,78.3,-0.0,79.0,1,49,50,180,26215,26215,0,0,0.0,0.0,0.0,0.0,-0.0,67.0,0.0,162057.094,0.0,982,0,1012,0,0,0,955,0,1038,0,934,0,793,0,784,0,823,0,7520,0.032,2.524898095088995e+20,0.0,0.0,784,16797,-0.0,162057.094,-114818.039,-0.0,0.133,6.909358625270745e+28,30.0,70.0,35,0.0,0.0,0.0,0.0,0.0,0.0,0.0,0.0,0.0,0.0,0.0,0.0,0.0,0.0,0.0,0.0,66.4,0,150,71,52,65476,0,300,0,0,8,20529,65476,0,0,44564,70.0,0.0,0.0,0.0,0.0,0.0
2026-09-10T21:14:03,ERR,ERR,ERR,ERR,ERR,ERR,ERR,ERR,ERR,ERR,ERR,ERR,ERR,ERR,ERR,ERR,ERR,ERR,ERR,ERR,ERR,ERR,ERR,ERR,ERR,ERR,ERR,ERR,ERR,ERR,ERR,ERR,ERR,ERR,ERR,ERR,ERR,ERR,ERR,ERR,ERR,ERR,ERR,ERR,ERR,ERR,ERR,ERR,ERR,ERR,ERR,ERR,ERR,ERR,ERR,ERR,ERR,ERR,ERR,ERR,ERR,ERR,ERR,ERR,ERR,ERR,ERR,ERR,ERR,ERR,ERR,ERR,ERR,ERR,ERR,ERR,ERR,ERR,ERR,ERR,ERR,ERR,ERR,ERR,ERR,ERR,ERR,ERR,ERR,ERR,ERR,ERR,ERR,ERR,ERR,ERR,ERR,ERR,ERR,ERR,ERR,ERR,ERR,ERR,ERR,ERR,ERR,ERR,ERR,ERR,ERR,ERR,ERR,ERR,ERR,ERR,ERR,ERR,ERR,ERR,ERR,ERR,ERR,ERR,ERR,0.0,0.0,2.6474835549302285e+23,0.0,0.0,1.3936040501711995e+18,7.805,0.0,0,0,4,0,7116,0.0,100,0.0,0.0,0.0,0.0,0.0,0,0,0,0,0.0,0,0,0,0,0,0,0,0,0,0,0,0,0,0,0,0,0,0,0,0,0,0,0,0,0,0,0,0,0,0,0,0,0,31,40,40,71,65476,0,300,0,0,8,21553,0.0,-107605600.0,0.0,0.0,0.0,0.0,0.0,0.0,0.0,0.0,0.0,0.0,0.0,0.0,0.0,0.0,0.0,0.0,0.0,0.0,0.0,0.0,-2.004,2.004,2.004,-0.0,0.0,0.0,0.0,0.0,4473.0,-1.587926141905068e+29,6942.0,0.0,0.0,0.0,2.718428940004181e+23,0.0,0.0,0.0,0.0,69,-5.8480849975795215e+35,-3.221994650676375e+26,0.0,0.0,0.0,0.0,0.0,0.0,0.0,0,0,0,0.0,0.0,0.0,0.0,0.0,0.0,0.0,0.0,0.0,0.0,0.0,0.0,0.0,0.0,0.0,0.0,0,-107875648.0,69,0.0,138,0.0,-109183328.0,0,0,17087,39322,17103,52429,17082,0,0,0,70,68,100,-0.0,82.4,-107615456.0,78.3,-0.0,79.0,1,49,50,180,26215,26215,0,0,0.0,0.0,0.0,0.0,-0.0,67.0,0.0,162057.094,0.0,982,0,1012,0,0,0,955,0,1038,0,934,0,793,0,784,0,823,0,7520,0.032,2.524898095088995e+20,0.0,0.0,784,16797,-0.0,162057.094,-114818.039,-0.0,0.133,6.909358625270745e+28,30.0,70.0,35,0.0,0.0,0.0,0.0,0.0,0.0,0.0,0.0,0.0,0.0,0.0,0.0,0.0,0.0,0.0,0.0,66.4,0,150,71,52,65476,0,300,0,0,8,20529,65476,0,0,44564,70.0,0.0,0.0,0.0,0.0,0.0
2026-09-10T21:14:04,ERR,ERR,ERR,ERR,ERR,ERR,ERR,ERR,ERR,ERR,ERR,ERR,ERR,ERR,ERR,ERR,ERR,ERR,ERR,ERR,ERR,ERR,ERR,ERR,ERR,ERR,ERR,ERR,ERR,ERR,ERR,ERR,ERR,ERR,ERR,ERR,ERR,ERR,ERR,ERR,ERR,ERR,ERR,ERR,ERR,ERR,ERR,ERR,ERR,ERR,ERR,ERR,ERR,ERR,ERR,ERR,ERR,ERR,ERR,ERR,ERR,ERR,ERR,ERR,ERR,ERR,ERR,ERR,ERR,ERR,ERR,ERR,ERR,ERR,ERR,ERR,ERR,ERR,ERR,ERR,ERR,ERR,ERR,ERR,ERR,ERR,ERR,ERR,ERR,ERR,ERR,ERR,ERR,ERR,ERR,ERR,ERR,ERR,ERR,ERR,ERR,ERR,ERR,ERR,ERR,ERR,ERR,ERR,ERR,ERR,ERR,ERR,ERR,ERR,ERR,ERR,ERR,ERR,ERR,ERR,ERR,ERR,ERR,ERR,ERR,0.0,0.0,2.6474835549302285e+23,0.0,0.0,1.3936040501711995e+18,7.805,0.0,0,0,4,0,7116,0.0,100,0.0,0.0,0.0,0.0,0.0,0,0,0,0,0.0,0,0,0,0,0,0,0,0,0,0,0,0,0,0,0,0,0,0,0,0,0,0,0,0,0,0,0,0,0,0,0,0,0,31,40,40,71,65476,0,300,0,0,8,21553,0.0,-107605600.0,0.0,0.0,0.0,0.0,0.0,0.0,0.0,0.0,0.0,0.0,0.0,0.0,0.0,0.0,0.0,0.0,0.0,0.0,0.0,0.0,-2.004,2.004,2.004,-0.0,0.0,0.0,0.0,0.0,4473.0,-1.587926141905068e+29,6942.0,0.0,0.0,0.0,2.718428940004181e+23,0.0,0.0,0.0,0.0,69,-5.8480849975795215e+35,-3.221994650676375e+26,0.0,0.0,0.0,0.0,0.0,0.0,0.0,0,0,0,0.0,0.0,0.0,0.0,0.0,0.0,0.0,0.0,0.0,0.0,0.0,0.0,0.0,0.0,0.0,0.0,0,-107875648.0,69,0.0,138,0.0,-109183328.0,0,0,17087,39322,17103,52429,17082,0,0,0,70,68,100,-0.0,82.4,-107615456.0,78.3,-0.0,79.0,1,49,50,180,26215,26215,0,0,0.0,0.0,0.0,0.0,-0.0,67.0,0.0,162057.094,0.0,982,0,1012,0,0,0,955,0,1038,0,934,0,793,0,784,0,823,0,7520,0.032,2.524898095088995e+20,0.0,0.0,784,16797,-0.0,162057.094,-114818.039,-0.0,0.133,6.909358625270745e+28,30.0,70.0,35,0.0,0.0,0.0,0.0,0.0,0.0,0.0,0.0,0.0,0.0,0.0,0.0,0.0,0.0,0.0,0.0,66.4,0,150,71,52,65476,0,300,0,0,8,20529,65476,0,0,44564,70.0,0.0,0.0,0.0,0.0,0.0
2026-09-10T21:14:05,ERR,ERR,ERR,ERR,ERR,ERR,ERR,ERR,ERR,ERR,ERR,ERR,ERR,ERR,ERR,ERR,ERR,ERR,ERR,ERR,ERR,ERR,ERR,ERR,ERR,ERR,ERR,ERR,ERR,ERR,ERR,ERR,ERR,ERR,ERR,ERR,ERR,ERR,ERR,ERR,ERR,ERR,ERR,ERR,ERR,ERR,ERR,ERR,ERR,ERR,ERR,ERR,ERR,ERR,ERR,ERR,ERR,ERR,ERR,ERR,ERR,ERR,ERR,ERR,ERR,ERR,ERR,ERR,ERR,ERR,ERR,ERR,ERR,ERR,ERR,ERR,ERR,ERR,ERR,ERR,ERR,ERR,ERR,ERR,ERR,ERR,ERR,ERR,ERR,ERR,ERR,ERR,ERR,ERR,ERR,ERR,ERR,ERR,ERR,ERR,ERR,ERR,ERR,ERR,ERR,ERR,ERR,ERR,ERR,ERR,ERR,ERR,ERR,ERR,ERR,ERR,ERR,ERR,ERR,ERR,ERR,ERR,ERR,ERR,ERR,0.0,0.0,2.6474835549302285e+23,0.0,0.0,1.3936040501711995e+18,7.805,0.0,0,0,4,0,7116,0.0,100,0.0,0.0,0.0,0.0,0.0,0,0,0,0,0.0,0,0,0,0,0,0,0,0,0,0,0,0,0,0,0,0,0,0,0,0,0,0,0,0,0,0,0,0,0,0,0,0,0,31,40,40,71,65476,0,300,0,0,8,21553,0.0,-107605600.0,0.0,0.0,0.0,0.0,0.0,0.0,0.0,0.0,0.0,0.0,0.0,0.0,0.0,0.0,0.0,0.0,0.0,0.0,0.0,0.0,-2.004,2.004,2.004,-0.0,0.0,0.0,0.0,0.0,4473.0,-1.587926141905068e+29,6942.0,0.0,0.0,0.0,2.718428940004181e+23,0.0,0.0,0.0,0.0,69,-5.8480849975795215e+35,-3.221994650676375e+26,0.0,0.0,0.0,0.0,0.0,0.0,0.0,0,0,0,0.0,0.0,0.0,0.0,0.0,0.0,0.0,0.0,0.0,0.0,0.0,0.0,0.0,0.0,0.0,0.0,0,-107875648.0,69,0.0,138,0.0,-109183328.0,0,0,17087,39322,17103,52429,17082,0,0,0,70,68,100,-0.0,82.4,-107615456.0,78.3,-0.0,79.0,1,49,50,180,26215,26215,0,0,0.0,0.0,0.0,0.0,-0.0,67.0,0.0,162057.094,0.0,982,0,1012,0,0,0,955,0,1038,0,934,0,793,0,784,0,823,0,7520,0.032,2.524898095088995e+20,0.0,0.0,784,16797,-0.0,162057.094,-114818.039,-0.0,0.133,6.909358625270745e+28,30.0,70.0,35,0.0,0.0,0.0,0.0,0.0,0.0,0.0,0.0,0.0,0.0,0.0,0.0,0.0,0.0,0.0,0.0,66.0,0,150,71,52,65476,0,300,0,0,8,20529,65476,0,0,44564,70.0,0.0,0.0,0.0,0.0,0.0
2026-09-10T21:14:06,ERR,ERR,ERR,ERR,ERR,ERR,ERR,ERR,ERR,ERR,ERR,ERR,ERR,ERR,ERR,ERR,ERR,ERR,ERR,ERR,ERR,ERR,ERR,ERR,ERR,ERR,ERR,ERR,ERR,ERR,ERR,ERR,ERR,ERR,ERR,ERR,ERR,ERR,ERR,ERR,ERR,ERR,ERR,ERR,ERR,ERR,ERR,ERR,ERR,ERR,ERR,ERR,ERR,ERR,ERR,ERR,ERR,ERR,ERR,ERR,ERR,ERR,ERR,ERR,ERR,ERR,ERR,ERR,ERR,ERR,ERR,ERR,ERR,ERR,ERR,ERR,ERR,ERR,ERR,ERR,ERR,ERR,ERR,ERR,ERR,ERR,ERR,ERR,ERR,ERR,ERR,ERR,ERR,ERR,ERR,ERR,ERR,ERR,ERR,ERR,ERR,ERR,ERR,ERR,ERR,ERR,ERR,ERR,ERR,ERR,ERR,ERR,ERR,ERR,ERR,ERR,ERR,ERR,ERR,ERR,ERR,ERR,ERR,ERR,ERR,0.0,0.0,2.6474835549302285e+23,0.0,0.0,1.3936040501711995e+18,7.805,0.0,0,0,4,0,7116,0.0,100,0.0,0.0,0.0,0.0,0.0,0,0,0,0,0.0,0,0,0,0,0,0,0,0,0,0,0,0,0,0,0,0,0,0,0,0,0,0,0,0,0,0,0,0,0,0,0,0,0,31,40,40,71,65476,0,300,0,0,8,21553,0.0,-107605600.0,0.0,0.0,0.0,0.0,0.0,0.0,0.0,0.0,0.0,0.0,0.0,0.0,0.0,0.0,0.0,0.0,0.0,0.0,0.0,0.0,-2.004,2.004,2.004,-0.0,0.0,0.0,0.0,0.0,4473.0,-1.587926141905068e+29,6942.0,0.0,0.0,0.0,2.718428940004181e+23,0.0,0.0,0.0,0.0,69,-5.8480849975795215e+35,-3.221994650676375e+26,0.0,0.0,0.0,0.0,0.0,0.0,0.0,0,0,0,0.0,0.0,0.0,0.0,0.0,0.0,0.0,0.0,0.0,0.0,0.0,0.0,0.0,0.0,0.0,0.0,0,-107875648.0,69,0.0,138,0.0,-109183328.0,0,0,17087,39322,17103,52429,17082,0,0,0,70,68,100,-0.0,82.4,-107615456.0,78.3,-0.0,79.0,1,49,50,180,26215,26215,0,0,0.0,0.0,0.0,0.0,-0.0,67.0,0.0,162057.094,0.0,982,0,1012,0,0,0,955,0,1038,0,934,0,793,0,784,0,823,0,7520,0.032,2.524898095088995e+20,0.0,0.0,784,16797,-0.0,162057.094,-114818.039,-0.0,0.133,6.909358625270745e+28,30.0,70.0,35,0.0,0.0,0.0,0.0,0.0,0.0,0.0,0.0,0.0,0.0,0.0,0.0,0.0,0.0,0.0,0.0,66.0,0,150,71,52,65476,0,300,0,0,8,20529,65476,0,0,44564,70.0,0.0,0.0,0.0,0.0,0.0
2026-09-10T21:14:07,ERR,ERR,ERR,ERR,ERR,ERR,ERR,ERR,ERR,ERR,ERR,ERR,ERR,ERR,ERR,ERR,ERR,ERR,ERR,ERR,ERR,ERR,ERR,ERR,ERR,ERR,ERR,ERR,ERR,ERR,ERR,ERR,ERR,ERR,ERR,ERR,ERR,ERR,ERR,ERR,ERR,ERR,ERR,ERR,ERR,ERR,ERR,ERR,ERR,ERR,ERR,ERR,ERR,ERR,ERR,ERR,ERR,ERR,ERR,ERR,ERR,ERR,ERR,ERR,ERR,ERR,ERR,ERR,ERR,ERR,ERR,ERR,ERR,ERR,ERR,ERR,ERR,ERR,ERR,ERR,ERR,ERR,ERR,ERR,ERR,ERR,ERR,ERR,ERR,ERR,ERR,ERR,ERR,ERR,ERR,ERR,ERR,ERR,ERR,ERR,ERR,ERR,ERR,ERR,ERR,ERR,ERR,ERR,ERR,ERR,ERR,ERR,ERR,ERR,ERR,ERR,ERR,ERR,ERR,ERR,ERR,ERR,ERR,ERR,ERR,0.0,0.0,2.6474835549302285e+23,0.0,0.0,1.3936040501711995e+18,7.805,0.0,0,0,4,0,7116,0.0,100,0.0,0.0,0.0,0.0,0.0,0,0,0,0,0.0,0,0,0,0,0,0,0,0,0,0,0,0,0,0,0,0,0,0,0,0,0,0,0,0,0,0,0,0,0,0,0,0,0,31,40,40,71,65476,0,300,0,0,8,21553,0.0,-107605600.0,0.0,0.0,0.0,0.0,0.0,0.0,0.0,0.0,0.0,0.0,0.0,0.0,0.0,0.0,0.0,0.0,0.0,0.0,0.0,0.0,-2.004,2.004,2.004,-0.0,0.0,0.0,0.0,0.0,4473.0,-1.587926141905068e+29,6942.0,0.0,0.0,0.0,2.718428940004181e+23,0.0,0.0,0.0,0.0,69,-5.8480849975795215e+35,-3.221994650676375e+26,0.0,0.0,0.0,0.0,0.0,0.0,0.0,0,0,0,0.0,0.0,0.0,0.0,0.0,0.0,0.0,0.0,0.0,0.0,0.0,0.0,0.0,0.0,0.0,0.0,0,-107875648.0,69,0.0,138,0.0,-109183328.0,0,0,17087,39322,17103,52429,17082,0,0,0,70,68,100,-0.0,82.4,-107615456.0,78.3,-0.0,79.0,1,49,50,180,26215,26215,0,0,0.0,0.0,0.0,0.0,-0.0,67.0,0.0,162057.094,0.0,982,0,1012,0,0,0,955,0,1038,0,934,0,793,0,784,0,823,0,7520,0.032,2.524898095088995e+20,0.0,0.0,784,16797,-0.0,162057.094,-114818.039,-0.0,0.133,6.909358625270745e+28,30.0,70.0,35,0.0,0.0,0.0,0.0,0.0,0.0,0.0,0.0,0.0,0.0,0.0,0.0,0.0,0.0,0.0,0.0,66.4,0,150,71,52,65476,0,300,0,0,8,20529,65476,0,0,44564,70.0,0.0,0.0,0.0,0.0,0.0
2026-09-10T21:14:08,ERR,ERR,ERR,ERR,ERR,ERR,ERR,ERR,ERR,ERR,ERR,ERR,ERR,ERR,ERR,ERR,ERR,ERR,ERR,ERR,ERR,ERR,ERR,ERR,ERR,ERR,ERR,ERR,ERR,ERR,ERR,ERR,ERR,ERR,ERR,ERR,ERR,ERR,ERR,ERR,ERR,ERR,ERR,ERR,ERR,ERR,ERR,ERR,ERR,ERR,ERR,ERR,ERR,ERR,ERR,ERR,ERR,ERR,ERR,ERR,ERR,ERR,ERR,ERR,ERR,ERR,ERR,ERR,ERR,ERR,ERR,ERR,ERR,ERR,ERR,ERR,ERR,ERR,ERR,ERR,ERR,ERR,ERR,ERR,ERR,ERR,ERR,ERR,ERR,ERR,ERR,ERR,ERR,ERR,ERR,ERR,ERR,ERR,ERR,ERR,ERR,ERR,ERR,ERR,ERR,ERR,ERR,ERR,ERR,ERR,ERR,ERR,ERR,ERR,ERR,ERR,ERR,ERR,ERR,ERR,ERR,ERR,ERR,ERR,ERR,0.0,0.0,2.6474835549302285e+23,0.0,0.0,1.3936040501711995e+18,7.805,0.0,0,0,4,0,7116,0.0,100,0.0,0.0,0.0,0.0,0.0,0,0,0,0,0.0,0,0,0,0,0,0,0,0,0,0,0,0,0,0,0,0,0,0,0,0,0,0,0,0,0,0,0,0,0,0,0,0,0,31,40,40,71,65476,0,300,0,0,8,21553,0.0,-107605600.0,0.0,0.0,0.0,0.0,0.0,0.0,0.0,0.0,0.0,0.0,0.0,0.0,-2.596148429267414e+33,0.0,0.0,0.0,0.0,0.0,0.0,0.0,-2.004,2.004,2.004,-0.0,0.0,0.0,0.0,0.0,4470.0,-131350.172,6939.0,0.0,2.7184303811560617e+23,0.0,2.718428940004181e+23,0.0,0.0,0.0,0.0,69,-4.950430145311814e+32,0.0,0.0,0.0,0.0,0.0,0.0,0.0,0.0,0,0,0,0.0,0.0,0.0,0.0,0.0,0.0,0.0,0.0,0.0,0.0,0.0,0.0,0.0,0.0,0.0,0.0,0,-107875648.0,69,0.0,138,0.0,-109183328.0,0,0,17087,39322,17103,52429,17082,0,0,0,70,68,100,-0.0,82.4,-107615456.0,78.3,-0.0,79.0,1,49,50,180,26215,26215,0,0,0.0,0.0,0.0,0.0,-0.0,67.0,0.0,162057.094,0.0,982,0,1012,0,0,0,955,0,1038,0,934,0,793,0,784,0,823,0,7520,0.032,2.524898095088995e+20,0.0,0.0,784,16797,-0.0,162057.094,-114818.039,-0.0,0.133,6.909358625270745e+28,30.0,70.0,35,0.0,0.0,0.0,0.0,0.0,0.0,0.0,0.0,0.0,0.0,0.0,0.0,0.0,0.0,0.0,0.0,66.4,0,150,71,52,65476,0,300,0,0,8,20529,65476,0,0,44564,70.0,0.0,0.0,0.0,0.0,0.0
2026-09-10T21:14:09,ERR,ERR,ERR,ERR,ERR,ERR,ERR,ERR,ERR,ERR,ERR,ERR,ERR,ERR,ERR,ERR,ERR,ERR,ERR,ERR,ERR,ERR,ERR,ERR,ERR,ERR,ERR,ERR,ERR,ERR,ERR,ERR,ERR,ERR,ERR,ERR,ERR,ERR,ERR,ERR,ERR,ERR,ERR,ERR,ERR,ERR,ERR,ERR,ERR,ERR,ERR,ERR,ERR,ERR,ERR,ERR,ERR,ERR,ERR,ERR,ERR,ERR,ERR,ERR,ERR,ERR,ERR,ERR,ERR,ERR,ERR,ERR,ERR,ERR,ERR,ERR,ERR,ERR,ERR,ERR,ERR,ERR,ERR,ERR,ERR,ERR,ERR,ERR,ERR,ERR,ERR,ERR,ERR,ERR,ERR,ERR,ERR,ERR,ERR,ERR,ERR,ERR,ERR,ERR,ERR,ERR,ERR,ERR,ERR,ERR,ERR,ERR,ERR,ERR,ERR,ERR,ERR,ERR,ERR,ERR,ERR,ERR,ERR,ERR,ERR,0.0,0.0,2.6474835549302285e+23,0.0,0.0,1.3936040501711995e+18,7.805,0.0,0,0,4,0,7116,0.0,100,0.0,0.0,0.0,0.0,0.0,0,0,0,0,0.0,0,0,0,0,0,0,0,0,0,0,0,0,0,0,0,0,0,0,0,0,0,0,0,0,0,0,0,0,0,0,0,0,0,31,40,40,71,65476,0,300,0,0,8,21553,0.0,-107605600.0,0.0,0.0,0.0,0.0,0.0,0.0,0.0,0.0,0.0,0.0,0.0,0.0,-2.596148429267414e+33,0.0,0.0,0.0,0.0,0.0,0.0,0.0,-2.004,2.004,2.004,-0.0,0.0,0.0,0.0,0.0,4470.0,-131350.172,6939.0,0.0,2.7184303811560617e+23,0.0,2.718428940004181e+23,0.0,0.0,0.0,0.0,69,-4.950430145311814e+32,0.0,0.0,0.0,0.0,0.0,0.0,0.0,0.0,0,0,0,0.0,0.0,0.0,0.0,0.0,0.0,0.0,0.0,0.0,0.0,0.0,0.0,0.0,0.0,0.0,0.0,0,-107875648.0,69,0.0,138,0.0,-109183328.0,0,0,17087,39322,17103,52429,17082,0,0,0,70,68,100,-0.0,82.4,-107615456.0,78.3,-0.0,79.0,1,49,50,180,26215,26215,0,0,0.0,0.0,0.0,0.0,-0.0,67.0,0.0,162057.094,0.0,982,0,1012,0,0,0,955,0,1038,0,934,0,793,0,784,0,823,0,7520,0.032,2.524898095088995e+20,0.0,0.0,784,16797,-0.0,162057.094,-114818.039,-0.0,0.133,6.909358625270745e+28,30.0,70.0,35,0.0,0.0,0.0,0.0,0.0,0.0,0.0,0.0,0.0,0.0,0.0,0.0,0.0,0.0,0.0,0.0,66.4,0,150,71,52,65476,0,300,0,0,8,20529,65476,0,0,44564,70.0,0.0,0.0,0.0,0.0,0.0
2026-09-10T21:14:10,ERR,ERR,ERR,ERR,ERR,ERR,ERR,ERR,ERR,ERR,ERR,ERR,ERR,ERR,ERR,ERR,ERR,ERR,ERR,ERR,ERR,ERR,ERR,ERR,ERR,ERR,ERR,ERR,ERR,ERR,ERR,ERR,ERR,ERR,ERR,ERR,ERR,ERR,ERR,ERR,ERR,ERR,ERR,ERR,ERR,ERR,ERR,ERR,ERR,ERR,ERR,ERR,ERR,ERR,ERR,ERR,ERR,ERR,ERR,ERR,ERR,ERR,ERR,ERR,ERR,ERR,ERR,ERR,ERR,ERR,ERR,ERR,ERR,ERR,ERR,ERR,ERR,ERR,ERR,ERR,ERR,ERR,ERR,ERR,ERR,ERR,ERR,ERR,ERR,ERR,ERR,ERR,ERR,ERR,ERR,ERR,ERR,ERR,ERR,ERR,ERR,ERR,ERR,ERR,ERR,ERR,ERR,ERR,ERR,ERR,ERR,ERR,ERR,ERR,ERR,ERR,ERR,ERR,ERR,ERR,ERR,ERR,ERR,ERR,ERR,0.0,0.0,2.6474835549302285e+23,0.0,0.0,1.3936040501711995e+18,7.805,0.0,0,0,4,0,7116,0.0,100,0.0,0.0,0.0,0.0,0.0,0,0,0,0,0.0,0,0,0,0,0,0,0,0,0,0,0,0,0,0,0,0,0,0,0,0,0,0,0,0,0,0,0,0,0,0,0,0,0,31,40,40,71,65476,0,300,0,0,8,21553,0.0,-107605600.0,0.0,0.0,0.0,0.0,0.0,0.0,0.0,0.0,0.0,0.0,0.0,0.0,-2.596148429267414e+33,0.0,0.0,0.0,0.0,0.0,0.0,0.0,-2.004,2.004,2.004,-0.0,0.0,0.0,0.0,0.0,4470.0,-131350.172,6939.0,0.0,2.7184303811560617e+23,0.0,2.718428940004181e+23,0.0,0.0,0.0,0.0,69,-4.950430145311814e+32,0.0,0.0,0.0,0.0,0.0,0.0,0.0,0.0,0,0,0,0.0,0.0,0.0,0.0,0.0,0.0,0.0,0.0,0.0,0.0,0.0,0.0,0.0,0.0,0.0,0.0,0,-107875648.0,69,0.0,138,0.0,-109183328.0,0,0,17087,39322,17103,52429,17082,0,0,0,70,68,100,-0.0,82.4,-107615456.0,78.3,-0.0,79.0,1,49,50,180,26215,26215,0,0,0.0,0.0,0.0,0.0,-0.0,67.0,0.0,162057.094,0.0,982,0,1012,0,0,0,955,0,1038,0,934,0,793,0,784,0,823,0,7520,0.032,2.524898095088995e+20,0.0,0.0,784,16797,-0.0,162057.094,-114818.039,-0.0,0.133,6.909358625270745e+28,30.0,70.0,35,0.0,0.0,0.0,0.0,0.0,0.0,0.0,0.0,0.0,0.0,0.0,0.0,0.0,0.0,0.0,0.0,66.4,0,150,71,52,65476,0,300,0,0,8,20529,65476,0,0,44564,70.0,0.0,0.0,0.0,0.0,0.0
2026-09-10T21:14:11,ERR,ERR,ERR,ERR,ERR,ERR,ERR,ERR,ERR,ERR,ERR,ERR,ERR,ERR,ERR,ERR,ERR,ERR,ERR,ERR,ERR,ERR,ERR,ERR,ERR,ERR,ERR,ERR,ERR,ERR,ERR,ERR,ERR,ERR,ERR,ERR,ERR,ERR,ERR,ERR,ERR,ERR,ERR,ERR,ERR,ERR,ERR,ERR,ERR,ERR,ERR,ERR,ERR,ERR,ERR,ERR,ERR,ERR,ERR,ERR,ERR,ERR,ERR,ERR,ERR,ERR,ERR,ERR,ERR,ERR,ERR,ERR,ERR,ERR,ERR,ERR,ERR,ERR,ERR,ERR,ERR,ERR,ERR,ERR,ERR,ERR,ERR,ERR,ERR,ERR,ERR,ERR,ERR,ERR,ERR,ERR,ERR,ERR,ERR,ERR,ERR,ERR,ERR,ERR,ERR,ERR,ERR,ERR,ERR,ERR,ERR,ERR,ERR,ERR,ERR,ERR,ERR,ERR,ERR,ERR,ERR,ERR,ERR,ERR,ERR,0.0,0.0,2.6474835549302285e+23,0.0,0.0,1.3936040501711995e+18,7.805,0.0,0,0,4,0,7116,0.0,100,0.0,0.0,0.0,0.0,0.0,0,0,0,0,0.0,0,0,0,0,0,0,0,0,0,0,0,0,0,0,0,0,0,0,0,0,0,0,0,0,0,0,0,0,0,0,0,0,0,31,40,40,71,65476,0,300,0,0,8,21553,0.0,-107605600.0,0.0,0.0,0.0,0.0,0.0,0.0,0.0,0.0,0.0,0.0,0.0,0.0,-2.596148429267414e+33,0.0,0.0,0.0,0.0,0.0,0.0,0.0,-2.004,2.004,2.004,-0.0,0.0,0.0,0.0,0.0,4470.0,-131350.172,6939.0,0.0,2.7184303811560617e+23,0.0,2.718428940004181e+23,0.0,0.0,0.0,0.0,69,-4.950430145311814e+32,0.0,0.0,0.0,0.0,0.0,0.0,0.0,0.0,0,0,0,0.0,0.0,0.0,0.0,0.0,0.0,0.0,0.0,0.0,0.0,0.0,0.0,0.0,0.0,0.0,0.0,0,-107875648.0,69,0.0,138,0.0,-109183328.0,0,0,17087,39322,17103,52429,17082,0,0,0,70,68,100,-0.0,82.4,-107615456.0,78.3,-0.0,79.0,1,49,50,180,26215,26215,0,0,0.0,0.0,0.0,0.0,-0.0,67.0,0.0,162057.094,0.0,982,0,1012,0,0,0,955,0,1038,0,934,0,793,0,784,0,823,0,7520,0.032,2.524898095088995e+20,0.0,0.0,784,16797,-0.0,162057.094,-114818.039,-0.0,0.133,6.909358625270745e+28,30.0,70.0,35,0.0,0.0,0.0,0.0,0.0,0.0,0.0,0.0,0.0,0.0,0.0,0.0,0.0,0.0,0.0,0.0,66.4,0,150,71,52,65476,0,300,0,0,8,20529,65476,0,0,44564,70.0,0.0,0.0,0.0,0.0,0.0
2026-09-10T21:14:12,ERR,ERR,ERR,ERR,ERR,ERR,ERR,ERR,ERR,ERR,ERR,ERR,ERR,ERR,ERR,ERR,ERR,ERR,ERR,ERR,ERR,ERR,ERR,ERR,ERR,ERR,ERR,ERR,ERR,ERR,ERR,ERR,ERR,ERR,ERR,ERR,ERR,ERR,ERR,ERR,ERR,ERR,ERR,ERR,ERR,ERR,ERR,ERR,ERR,ERR,ERR,ERR,ERR,ERR,ERR,ERR,ERR,ERR,ERR,ERR,ERR,ERR,ERR,ERR,ERR,ERR,ERR,ERR,ERR,ERR,ERR,ERR,ERR,ERR,ERR,ERR,ERR,ERR,ERR,ERR,ERR,ERR,ERR,ERR,ERR,ERR,ERR,ERR,ERR,ERR,ERR,ERR,ERR,ERR,ERR,ERR,ERR,ERR,ERR,ERR,ERR,ERR,ERR,ERR,ERR,ERR,ERR,ERR,ERR,ERR,ERR,ERR,ERR,ERR,ERR,ERR,ERR,ERR,ERR,ERR,ERR,ERR,ERR,ERR,ERR,0.0,0.0,2.6474835549302285e+23,0.0,0.0,1.3936040501711995e+18,7.805,0.0,0,0,4,0,7116,0.0,100,0.0,0.0,0.0,0.0,0.0,0,0,0,0,0.0,0,0,0,0,0,0,0,0,0,0,0,0,0,0,0,0,0,0,0,0,0,0,0,0,0,0,0,0,0,0,0,0,0,31,40,40,71,65476,0,300,0,0,8,21553,0.0,-107605600.0,0.0,0.0,0.0,0.0,0.0,0.0,0.0,0.0,0.0,0.0,0.0,0.0,-2.596148429267414e+33,0.0,0.0,0.0,0.0,0.0,0.0,0.0,-2.004,2.004,2.004,-0.0,0.0,0.0,0.0,0.0,4470.0,-131350.172,6939.0,0.0,2.7184303811560617e+23,0.0,2.718428940004181e+23,0.0,0.0,0.0,0.0,69,-4.950430145311814e+32,0.0,0.0,0.0,0.0,0.0,0.0,0.0,0.0,0,0,0,0.0,0.0,0.0,0.0,0.0,0.0,0.0,0.0,0.0,0.0,0.0,0.0,0.0,0.0,0.0,0.0,0,-107875648.0,69,0.0,138,0.0,-109183328.0,0,0,17087,39322,17103,52429,17082,0,0,0,70,68,100,-0.0,82.4,-107615456.0,78.3,-0.0,79.0,1,49,50,180,26215,26215,0,0,0.0,0.0,0.0,0.0,-0.0,67.0,0.0,162057.094,0.0,982,0,1012,0,0,0,955,0,1038,0,934,0,793,0,784,0,823,0,7520,0.032,2.524898095088995e+20,0.0,0.0,784,16797,-0.0,162057.094,-114818.039,-0.0,0.133,6.909358625270745e+28,30.0,70.0,35,0.0,0.0,0.0,0.0,0.0,0.0,0.0,0.0,0.0,0.0,0.0,0.0,0.0,0.0,0.0,0.0,66.4,0,150,71,52,65476,0,300,0,0,8,20529,65476,0,0,44564,70.0,0.0,0.0,0.0,0.0,0.0
2026-09-10T21:14:13,ERR,ERR,ERR,ERR,ERR,ERR,ERR,ERR,ERR,ERR,ERR,ERR,ERR,ERR,ERR,ERR,ERR,ERR,ERR,ERR,ERR,ERR,ERR,ERR,ERR,ERR,ERR,ERR,ERR,ERR,ERR,ERR,ERR,ERR,ERR,ERR,ERR,ERR,ERR,ERR,ERR,ERR,ERR,ERR,ERR,ERR,ERR,ERR,ERR,ERR,ERR,ERR,ERR,ERR,ERR,ERR,ERR,ERR,ERR,ERR,ERR,ERR,ERR,ERR,ERR,ERR,ERR,ERR,ERR,ERR,ERR,ERR,ERR,ERR,ERR,ERR,ERR,ERR,ERR,ERR,ERR,ERR,ERR,ERR,ERR,ERR,ERR,ERR,ERR,ERR,ERR,ERR,ERR,ERR,ERR,ERR,ERR,ERR,ERR,ERR,ERR,ERR,ERR,ERR,ERR,ERR,ERR,ERR,ERR,ERR,ERR,ERR,ERR,ERR,ERR,ERR,ERR,ERR,ERR,ERR,ERR,ERR,ERR,ERR,ERR,0.0,0.0,2.6474835549302285e+23,0.0,0.0,1.3936040501711995e+18,7.805,0.0,0,0,4,0,7116,0.0,100,0.0,0.0,0.0,0.0,0.0,0,0,0,0,0.0,0,0,0,0,0,0,0,0,0,0,0,0,0,0,0,0,0,0,0,0,0,0,0,0,0,0,0,0,0,0,0,0,0,31,40,40,71,65476,0,300,0,0,8,21553,0.0,-107605600.0,0.0,0.0,0.0,0.0,0.0,0.0,0.0,0.0,0.0,0.0,0.0,0.0,-2.596148429267414e+33,0.0,0.0,0.0,0.0,0.0,0.0,0.0,-2.004,2.004,2.004,-0.0,0.0,0.0,0.0,0.0,4470.0,-131350.172,6939.0,0.0,2.7184303811560617e+23,0.0,2.718428940004181e+23,0.0,0.0,0.0,0.0,69,-4.950430145311814e+32,0.0,0.0,0.0,0.0,0.0,0.0,0.0,0.0,0,0,0,0.0,0.0,0.0,0.0,0.0,0.0,0.0,0.0,0.0,0.0,0.0,0.0,0.0,0.0,0.0,0.0,0,-107875648.0,69,0.0,138,0.0,-109183328.0,0,0,17087,39322,17103,52429,17082,0,0,0,70,68,100,-0.0,82.4,-107615456.0,78.3,-0.0,79.0,1,49,50,180,26215,26215,0,0,0.0,0.0,0.0,0.0,-0.0,67.0,0.0,162057.094,0.0,982,0,1012,0,0,0,955,0,1038,0,934,0,793,0,784,0,823,0,7520,0.032,2.524898095088995e+20,0.0,0.0,784,16797,-0.0,162057.094,-114818.039,-0.0,0.133,6.909358625270745e+28,30.0,70.0,35,0.0,0.0,0.0,0.0,0.0,0.0,0.0,0.0,0.0,0.0,0.0,0.0,0.0,0.0,0.0,0.0,66.0,0,150,71,52,65476,0,300,0,0,8,20529,65476,0,0,44564,70.0,0.0,0.0,0.0,0.0,0.0
2026-09-10T21:14:14,ERR,ERR,ERR,ERR,ERR,ERR,ERR,ERR,ERR,ERR,ERR,ERR,ERR,ERR,ERR,ERR,ERR,ERR,ERR,ERR,ERR,ERR,ERR,ERR,ERR,ERR,ERR,ERR,ERR,ERR,ERR,ERR,ERR,ERR,ERR,ERR,ERR,ERR,ERR,ERR,ERR,ERR,ERR,ERR,ERR,ERR,ERR,ERR,ERR,ERR,ERR,ERR,ERR,ERR,ERR,ERR,ERR,ERR,ERR,ERR,ERR,ERR,ERR,ERR,ERR,ERR,ERR,ERR,ERR,ERR,ERR,ERR,ERR,ERR,ERR,ERR,ERR,ERR,ERR,ERR,ERR,ERR,ERR,ERR,ERR,ERR,ERR,ERR,ERR,ERR,ERR,ERR,ERR,ERR,ERR,ERR,ERR,ERR,ERR,ERR,ERR,ERR,ERR,ERR,ERR,ERR,ERR,ERR,ERR,ERR,ERR,ERR,ERR,ERR,ERR,ERR,ERR,ERR,ERR,ERR,ERR,ERR,ERR,ERR,ERR,0.0,0.0,2.6474835549302285e+23,0.0,0.0,1.3936040501711995e+18,7.805,0.0,0,0,4,0,7116,0.0,100,0.0,0.0,0.0,0.0,0.0,0,0,0,0,0.0,0,0,0,0,0,0,0,0,0,0,0,0,0,0,0,0,0,0,0,0,0,0,0,0,0,0,0,0,0,0,0,0,0,31,40,40,71,65476,0,300,0,0,8,21553,0.0,-107605600.0,0.0,0.0,0.0,0.0,0.0,0.0,0.0,0.0,0.0,0.0,0.0,0.0,-2.596148429267414e+33,0.0,0.0,0.0,0.0,0.0,0.0,0.0,-2.004,2.004,2.004,-0.0,0.0,0.0,0.0,0.0,4470.0,-131350.172,6939.0,0.0,2.7184303811560617e+23,0.0,2.718428940004181e+23,0.0,0.0,0.0,0.0,69,-4.950430145311814e+32,0.0,0.0,0.0,0.0,0.0,0.0,0.0,0.0,0,0,0,0.0,0.0,0.0,0.0,0.0,0.0,0.0,0.0,0.0,0.0,0.0,0.0,0.0,0.0,0.0,0.0,0,-107875648.0,69,0.0,138,0.0,-109183328.0,0,0,17087,39322,17103,52429,17082,0,0,0,70,68,100,-0.0,82.4,-107615456.0,78.3,-0.0,79.0,1,49,50,180,26215,26215,0,0,0.0,0.0,0.0,0.0,-0.0,67.0,0.0,162057.094,0.0,982,0,1012,0,0,0,955,0,1038,0,934,0,793,0,784,0,823,0,7520,0.032,2.524898095088995e+20,0.0,0.0,784,16797,-0.0,162057.094,-114818.039,-0.0,0.133,6.909358625270745e+28,30.0,70.0,35,0.0,0.0,0.0,0.0,0.0,0.0,0.0,0.0,0.0,0.0,0.0,0.0,0.0,0.0,0.0,0.0,66.0,0,150,71,52,65476,0,300,0,0,8,20529,65476,0,0,44564,70.0,0.0,0.0,0.0,0.0,0.0
2026-09-10T21:14:15,ERR,ERR,ERR,ERR,ERR,ERR,ERR,ERR,ERR,ERR,ERR,ERR,ERR,ERR,ERR,ERR,ERR,ERR,ERR,ERR,ERR,ERR,ERR,ERR,ERR,ERR,ERR,ERR,ERR,ERR,ERR,ERR,ERR,ERR,ERR,ERR,ERR,ERR,ERR,ERR,ERR,ERR,ERR,ERR,ERR,ERR,ERR,ERR,ERR,ERR,ERR,ERR,ERR,ERR,ERR,ERR,ERR,ERR,ERR,ERR,ERR,ERR,ERR,ERR,ERR,ERR,ERR,ERR,ERR,ERR,ERR,ERR,ERR,ERR,ERR,ERR,ERR,ERR,ERR,ERR,ERR,ERR,ERR,ERR,ERR,ERR,ERR,ERR,ERR,ERR,ERR,ERR,ERR,ERR,ERR,ERR,ERR,ERR,ERR,ERR,ERR,ERR,ERR,ERR,ERR,ERR,ERR,ERR,ERR,ERR,ERR,ERR,ERR,ERR,ERR,ERR,ERR,ERR,ERR,ERR,ERR,ERR,ERR,ERR,ERR,0.0,0.0,2.6474835549302285e+23,0.0,0.0,1.3936040501711995e+18,7.805,0.0,0,0,4,0,7116,0.0,100,0.0,0.0,0.0,0.0,0.0,0,0,0,0,0.0,0,0,0,0,0,0,0,0,0,0,0,0,0,0,0,0,0,0,0,0,0,0,0,0,0,0,0,0,0,0,0,0,0,31,40,40,71,65476,0,300,0,0,8,21553,0.0,-107605600.0,0.0,0.0,0.0,0.0,0.0,0.0,0.0,0.0,0.0,0.0,0.0,0.0,0.0,0.0,0.0,0.0,0.0,0.0,0.0,0.0,-2.004,2.004,2.004,-0.0,0.0,0.0,0.0,0.0,4466.0,-564144692527104.0,6939.0,0.0,0.0,0.0,2.718428940004181e+23,0.0,0.0,0.0,0.0,69,-2.3088410695593833e+20,0.0,0.0,0.0,0.0,0.0,0.0,0.0,0.0,0,0,0,0.0,0.0,0.0,0.0,0.0,0.0,0.0,0.0,0.0,0.0,0.0,0.0,0.0,0.0,0.0,0.0,0,-107875648.0,69,0.0,138,0.0,-109183328.0,0,0,17087,39322,17103,52429,17082,0,0,0,70,68,100,-0.0,82.4,-107615456.0,78.3,-0.0,79.0,1,49,50,180,26215,26215,0,0,0.0,0.0,0.0,0.0,-0.0,67.0,0.0,162057.094,0.0,982,0,1012,0,0,0,955,0,1038,0,934,0,793,0,784,0,823,0,7520,0.032,2.5133688800429264e+20,0.0,0.0,784,16797,-0.0,162057.094,-114818.039,-0.0,0.133,6.909358625270745e+28,30.0,70.0,35,0.0,0.0,0.0,0.0,0.0,0.0,0.0,0.0,0.0,0.0,0.0,0.0,0.0,0.0,0.0,0.0,66.0,0,150,71,52,65476,0,300,0,0,8,20529,65476,0,0,44564,70.0,0.0,0.0,0.0,0.0,0.0
2026-09-10T21:14:16,ERR,ERR,ERR,ERR,ERR,ERR,ERR,ERR,ERR,ERR,ERR,ERR,ERR,ERR,ERR,ERR,ERR,ERR,ERR,ERR,ERR,ERR,ERR,ERR,ERR,ERR,ERR,ERR,ERR,ERR,ERR,ERR,ERR,ERR,ERR,ERR,ERR,ERR,ERR,ERR,ERR,ERR,ERR,ERR,ERR,ERR,ERR,ERR,ERR,ERR,ERR,ERR,ERR,ERR,ERR,ERR,ERR,ERR,ERR,ERR,ERR,ERR,ERR,ERR,ERR,ERR,ERR,ERR,ERR,ERR,ERR,ERR,ERR,ERR,ERR,ERR,ERR,ERR,ERR,ERR,ERR,ERR,ERR,ERR,ERR,ERR,ERR,ERR,ERR,ERR,ERR,ERR,ERR,ERR,ERR,ERR,ERR,ERR,ERR,ERR,ERR,ERR,ERR,ERR,ERR,ERR,ERR,ERR,ERR,ERR,ERR,ERR,ERR,ERR,ERR,ERR,ERR,ERR,ERR,ERR,ERR,ERR,ERR,ERR,ERR,0.0,0.0,2.6474835549302285e+23,0.0,0.0,1.3936040501711995e+18,7.805,0.0,0,0,4,0,7116,0.0,100,0.0,0.0,0.0,0.0,0.0,0,0,0,0,0.0,0,0,0,0,0,0,0,0,0,0,0,0,0,0,0,0,0,0,0,0,0,0,0,0,0,0,0,0,0,0,0,0,0,31,40,40,71,65476,0,300,0,0,8,21553,0.0,-107605600.0,0.0,0.0,0.0,0.0,0.0,0.0,0.0,0.0,0.0,0.0,0.0,0.0,0.0,0.0,0.0,0.0,0.0,0.0,0.0,0.0,-2.004,2.004,2.004,-0.0,0.0,0.0,0.0,0.0,4466.0,-564144692527104.0,6939.0,0.0,0.0,0.0,2.718428940004181e+23,0.0,0.0,0.0,0.0,69,-2.3088410695593833e+20,0.0,0.0,0.0,0.0,0.0,0.0,0.0,0.0,0,0,0,0.0,0.0,0.0,0.0,0.0,0.0,0.0,0.0,0.0,0.0,0.0,0.0,0.0,0.0,0.0,0.0,0,-107875648.0,69,0.0,138,0.0,-109183328.0,0,0,17087,39322,17103,52429,17082,0,0,0,70,68,100,-0.0,82.4,-107615456.0,78.3,-0.0,79.0,1,49,50,180,26215,26215,0,0,0.0,0.0,0.0,0.0,-0.0,67.0,0.0,162057.094,0.0,982,0,1012,0,0,0,955,0,1038,0,934,0,793,0,784,0,823,0,7520,0.032,2.5133688800429264e+20,0.0,0.0,784,16797,-0.0,162057.094,-114818.039,-0.0,0.133,6.909358625270745e+28,30.0,70.0,35,0.0,0.0,0.0,0.0,0.0,0.0,0.0,0.0,0.0,0.0,0.0,0.0,0.0,0.0,0.0,0.0,66.0,0,150,71,52,65476,0,300,0,0,8,20529,65476,0,0,44564,70.0,0.0,0.0,0.0,0.0,0.0
2026-09-10T21:14:17,ERR,ERR,ERR,ERR,ERR,ERR,ERR,ERR,ERR,ERR,ERR,ERR,ERR,ERR,ERR,ERR,ERR,ERR,ERR,ERR,ERR,ERR,ERR,ERR,ERR,ERR,ERR,ERR,ERR,ERR,ERR,ERR,ERR,ERR,ERR,ERR,ERR,ERR,ERR,ERR,ERR,ERR,ERR,ERR,ERR,ERR,ERR,ERR,ERR,ERR,ERR,ERR,ERR,ERR,ERR,ERR,ERR,ERR,ERR,ERR,ERR,ERR,ERR,ERR,ERR,ERR,ERR,ERR,ERR,ERR,ERR,ERR,ERR,ERR,ERR,ERR,ERR,ERR,ERR,ERR,ERR,ERR,ERR,ERR,ERR,ERR,ERR,ERR,ERR,ERR,ERR,ERR,ERR,ERR,ERR,ERR,ERR,ERR,ERR,ERR,ERR,ERR,ERR,ERR,ERR,ERR,ERR,ERR,ERR,ERR,ERR,ERR,ERR,ERR,ERR,ERR,ERR,ERR,ERR,ERR,ERR,ERR,ERR,ERR,ERR,0.0,0.0,2.6474835549302285e+23,0.0,0.0,1.3936040501711995e+18,7.805,0.0,0,0,4,0,7116,0.0,100,0.0,0.0,0.0,0.0,0.0,0,0,0,0,0.0,0,0,0,0,0,0,0,0,0,0,0,0,0,0,0,0,0,0,0,0,0,0,0,0,0,0,0,0,0,0,0,0,0,31,40,40,71,65476,0,300,0,0,8,21553,0.0,-107605600.0,0.0,0.0,0.0,0.0,0.0,0.0,0.0,0.0,0.0,0.0,0.0,0.0,0.0,0.0,0.0,0.0,0.0,0.0,0.0,0.0,-2.004,2.004,2.004,-0.0,0.0,0.0,0.0,0.0,4466.0,-564144692527104.0,6939.0,0.0,0.0,0.0,2.718428940004181e+23,0.0,0.0,0.0,0.0,69,-2.3088410695593833e+20,0.0,0.0,0.0,0.0,0.0,0.0,0.0,0.0,0,0,0,0.0,0.0,0.0,0.0,0.0,0.0,0.0,0.0,0.0,0.0,0.0,0.0,0.0,0.0,0.0,0.0,0,-107875648.0,69,0.0,138,0.0,-109183328.0,0,0,17087,39322,17103,52429,17082,0,0,0,70,68,100,-0.0,82.4,-107615456.0,78.3,-0.0,79.0,1,49,50,180,26215,26215,0,0,0.0,0.0,0.0,0.0,-0.0,67.0,0.0,162057.094,0.0,982,0,1012,0,0,0,955,0,1038,0,934,0,793,0,784,0,823,0,7520,0.032,2.5133688800429264e+20,0.0,0.0,784,16797,-0.0,162057.094,-114818.039,-0.0,0.133,6.909358625270745e+28,30.0,70.0,35,0.0,0.0,0.0,0.0,0.0,0.0,0.0,0.0,0.0,0.0,0.0,0.0,0.0,0.0,0.0,0.0,66.0,0,150,71,52,65476,0,300,0,0,8,20529,65476,0,0,44564,70.0,0.0,0.0,0.0,0.0,0.0
2026-09-10T21:14:18,ERR,ERR,ERR,ERR,ERR,ERR,ERR,ERR,ERR,ERR,ERR,ERR,ERR,ERR,ERR,ERR,ERR,ERR,ERR,ERR,ERR,ERR,ERR,ERR,ERR,ERR,ERR,ERR,ERR,ERR,ERR,ERR,ERR,ERR,ERR,ERR,ERR,ERR,ERR,ERR,ERR,ERR,ERR,ERR,ERR,ERR,ERR,ERR,ERR,ERR,ERR,ERR,ERR,ERR,ERR,ERR,ERR,ERR,ERR,ERR,ERR,ERR,ERR,ERR,ERR,ERR,ERR,ERR,ERR,ERR,ERR,ERR,ERR,ERR,ERR,ERR,ERR,ERR,ERR,ERR,ERR,ERR,ERR,ERR,ERR,ERR,ERR,ERR,ERR,ERR,ERR,ERR,ERR,ERR,ERR,ERR,ERR,ERR,ERR,ERR,ERR,ERR,ERR,ERR,ERR,ERR,ERR,ERR,ERR,ERR,ERR,ERR,ERR,ERR,ERR,ERR,ERR,ERR,ERR,ERR,ERR,ERR,ERR,ERR,ERR,0.0,0.0,2.6474835549302285e+23,0.0,0.0,1.3936040501711995e+18,7.805,0.0,0,0,4,0,7116,0.0,100,0.0,0.0,0.0,0.0,0.0,0,0,0,0,0.0,0,0,0,0,0,0,0,0,0,0,0,0,0,0,0,0,0,0,0,0,0,0,0,0,0,0,0,0,0,0,0,0,0,31,40,40,71,65476,0,300,0,0,8,21553,0.0,-107605600.0,0.0,0.0,0.0,0.0,0.0,0.0,0.0,0.0,0.0,0.0,0.0,0.0,0.0,0.0,0.0,0.0,0.0,0.0,0.0,0.0,-2.004,2.004,2.004,-0.0,0.0,0.0,0.0,0.0,4466.0,-564144692527104.0,6939.0,0.0,0.0,0.0,2.718428940004181e+23,0.0,0.0,0.0,0.0,69,-2.3088410695593833e+20,0.0,0.0,0.0,0.0,0.0,0.0,0.0,0.0,0,0,0,0.0,0.0,0.0,0.0,0.0,0.0,0.0,0.0,0.0,0.0,0.0,0.0,0.0,0.0,0.0,0.0,0,-107875648.0,69,0.0,138,0.0,-109183328.0,0,0,17087,39322,17103,52429,17082,0,0,0,70,68,100,-0.0,82.4,-107615456.0,78.3,-0.0,79.0,1,49,50,180,26215,26215,0,0,0.0,0.0,0.0,0.0,-0.0,67.0,0.0,162057.094,0.0,982,0,1012,0,0,0,955,0,1038,0,934,0,793,0,784,0,823,0,7520,0.032,2.5133688800429264e+20,0.0,0.0,784,16797,-0.0,162057.094,-114818.039,-0.0,0.133,6.909358625270745e+28,30.0,70.0,35,0.0,0.0,0.0,0.0,0.0,0.0,0.0,0.0,0.0,0.0,0.0,0.0,0.0,0.0,0.0,0.0,66.0,0,150,71,52,65476,0,300,0,0,8,20529,65476,0,0,44564,70.0,0.0,0.0,0.0,0.0,0.0
2026-09-10T21:14:19,ERR,ERR,ERR,ERR,ERR,ERR,ERR,ERR,ERR,ERR,ERR,ERR,ERR,ERR,ERR,ERR,ERR,ERR,ERR,ERR,ERR,ERR,ERR,ERR,ERR,ERR,ERR,ERR,ERR,ERR,ERR,ERR,ERR,ERR,ERR,ERR,ERR,ERR,ERR,ERR,ERR,ERR,ERR,ERR,ERR,ERR,ERR,ERR,ERR,ERR,ERR,ERR,ERR,ERR,ERR,ERR,ERR,ERR,ERR,ERR,ERR,ERR,ERR,ERR,ERR,ERR,ERR,ERR,ERR,ERR,ERR,ERR,ERR,ERR,ERR,ERR,ERR,ERR,ERR,ERR,ERR,ERR,ERR,ERR,ERR,ERR,ERR,ERR,ERR,ERR,ERR,ERR,ERR,ERR,ERR,ERR,ERR,ERR,ERR,ERR,ERR,ERR,ERR,ERR,ERR,ERR,ERR,ERR,ERR,ERR,ERR,ERR,ERR,ERR,ERR,ERR,ERR,ERR,ERR,ERR,ERR,ERR,ERR,ERR,ERR,0.0,0.0,2.6474835549302285e+23,0.0,0.0,1.3936040501711995e+18,7.805,0.0,0,0,4,0,7116,0.0,100,0.0,0.0,0.0,0.0,0.0,0,0,0,0,0.0,0,0,0,0,0,0,0,0,0,0,0,0,0,0,0,0,0,0,0,0,0,0,0,0,0,0,0,0,0,0,0,0,0,31,40,40,71,65476,0,300,0,0,8,21553,0.0,-107605600.0,0.0,0.0,0.0,0.0,0.0,0.0,0.0,0.0,0.0,0.0,0.0,0.0,0.0,0.0,0.0,0.0,0.0,0.0,0.0,0.0,-2.004,2.004,2.004,-0.0,0.0,0.0,0.0,0.0,4466.0,-564144692527104.0,6939.0,0.0,0.0,0.0,2.718428940004181e+23,0.0,0.0,0.0,0.0,69,-2.3088410695593833e+20,0.0,0.0,0.0,0.0,0.0,0.0,0.0,0.0,0,0,0,0.0,0.0,0.0,0.0,0.0,0.0,0.0,0.0,0.0,0.0,0.0,0.0,0.0,0.0,0.0,0.0,0,-107875648.0,69,0.0,138,0.0,-109183328.0,0,0,17087,39322,17103,52429,17082,0,0,0,70,68,100,-0.0,82.4,-107615456.0,78.3,-0.0,79.0,1,49,50,180,26215,26215,0,0,0.0,0.0,0.0,0.0,-0.0,67.0,0.0,162057.094,0.0,982,0,1012,0,0,0,955,0,1038,0,933,0,793,0,784,0,823,0,7520,0.032,2.5133688800429264e+20,0.0,0.0,784,16797,-0.0,162057.094,-114818.039,-0.0,0.133,6.909358625270745e+28,30.0,70.0,35,0.0,0.0,0.0,0.0,0.0,0.0,0.0,0.0,0.0,0.0,0.0,0.0,0.0,0.0,0.0,0.0,66.0,0,150,71,52,65476,0,300,0,0,8,20529,65476,0,0,44564,70.0,0.0,0.0,0.0,0.0,0.0
2026-09-10T21:14:20,ERR,ERR,ERR,ERR,ERR,ERR,ERR,ERR,ERR,ERR,ERR,ERR,ERR,ERR,ERR,ERR,ERR,ERR,ERR,ERR,ERR,ERR,ERR,ERR,ERR,ERR,ERR,ERR,ERR,ERR,ERR,ERR,ERR,ERR,ERR,ERR,ERR,ERR,ERR,ERR,ERR,ERR,ERR,ERR,ERR,ERR,ERR,ERR,ERR,ERR,ERR,ERR,ERR,ERR,ERR,ERR,ERR,ERR,ERR,ERR,ERR,ERR,ERR,ERR,ERR,ERR,ERR,ERR,ERR,ERR,ERR,ERR,ERR,ERR,ERR,ERR,ERR,ERR,ERR,ERR,ERR,ERR,ERR,ERR,ERR,ERR,ERR,ERR,ERR,ERR,ERR,ERR,ERR,ERR,ERR,ERR,ERR,ERR,ERR,ERR,ERR,ERR,ERR,ERR,ERR,ERR,ERR,ERR,ERR,ERR,ERR,ERR,ERR,ERR,ERR,ERR,ERR,ERR,ERR,ERR,ERR,ERR,ERR,ERR,ERR,0.0,0.0,2.6474835549302285e+23,0.0,0.0,1.3936040501711995e+18,7.805,0.0,0,0,4,0,7116,0.0,100,0.0,0.0,0.0,0.0,0.0,0,0,0,0,0.0,0,0,0,0,0,0,0,0,0,0,0,0,0,0,0,0,0,0,0,0,0,0,0,0,0,0,0,0,0,0,0,0,0,31,40,40,71,65476,0,300,0,0,8,21553,0.0,-107605600.0,0.0,0.0,0.0,0.0,0.0,0.0,0.0,0.0,0.0,0.0,0.0,0.0,0.0,0.0,0.0,0.0,0.0,0.0,0.0,0.0,-2.004,2.004,2.004,-0.0,0.0,0.0,0.0,0.0,4466.0,-564144692527104.0,6939.0,0.0,0.0,0.0,2.718428940004181e+23,0.0,0.0,0.0,0.0,69,-2.3088410695593833e+20,0.0,0.0,0.0,0.0,0.0,0.0,0.0,0.0,0,0,0,0.0,0.0,0.0,0.0,0.0,0.0,0.0,0.0,0.0,0.0,0.0,0.0,0.0,0.0,0.0,0.0,0,-107875648.0,69,0.0,138,0.0,-109183328.0,0,0,17087,39322,17103,52429,17082,0,0,0,70,68,100,-0.0,82.4,-107615456.0,78.3,-0.0,79.0,1,49,50,180,26215,26215,0,0,0.0,0.0,0.0,0.0,-0.0,67.0,0.0,162057.094,0.0,982,0,1012,0,0,0,955,0,1038,0,933,0,793,0,784,0,823,0,7520,0.032,2.5133688800429264e+20,0.0,0.0,784,16797,-0.0,162057.094,-114818.039,-0.0,0.133,6.909358625270745e+28,30.0,70.0,35,0.0,0.0,0.0,0.0,0.0,0.0,0.0,0.0,0.0,0.0,0.0,0.0,0.0,0.0,0.0,0.0,66.0,0,150,71,52,65476,0,300,0,0,8,20529,65476,0,0,44564,70.0,0.0,0.0,0.0,0.0,0.0
2026-09-10T21:14:21,ERR,ERR,ERR,ERR,ERR,ERR,ERR,ERR,ERR,ERR,ERR,ERR,ERR,ERR,ERR,ERR,ERR,ERR,ERR,ERR,ERR,ERR,ERR,ERR,ERR,ERR,ERR,ERR,ERR,ERR,ERR,ERR,ERR,ERR,ERR,ERR,ERR,ERR,ERR,ERR,ERR,ERR,ERR,ERR,ERR,ERR,ERR,ERR,ERR,ERR,ERR,ERR,ERR,ERR,ERR,ERR,ERR,ERR,ERR,ERR,ERR,ERR,ERR,ERR,ERR,ERR,ERR,ERR,ERR,ERR,ERR,ERR,ERR,ERR,ERR,ERR,ERR,ERR,ERR,ERR,ERR,ERR,ERR,ERR,ERR,ERR,ERR,ERR,ERR,ERR,ERR,ERR,ERR,ERR,ERR,ERR,ERR,ERR,ERR,ERR,ERR,ERR,ERR,ERR,ERR,ERR,ERR,ERR,ERR,ERR,ERR,ERR,ERR,ERR,ERR,ERR,ERR,ERR,ERR,ERR,ERR,ERR,ERR,ERR,ERR,0.0,0.0,2.6474835549302285e+23,0.0,0.0,1.3936040501711995e+18,7.805,0.0,0,0,4,0,7116,0.0,100,0.0,0.0,0.0,0.0,0.0,0,0,0,0,0.0,0,0,0,0,0,0,0,0,0,0,0,0,0,0,0,0,0,0,0,0,0,0,0,0,0,0,0,0,0,0,0,0,0,31,40,40,71,65476,0,300,0,0,8,21553,0.0,-107605600.0,0.0,0.0,0.0,0.0,0.0,0.0,0.0,0.0,0.0,0.0,0.0,0.0,0.0,0.0,0.0,0.0,0.0,0.0,0.0,0.0,-2.004,2.004,2.004,-0.0,0.0,0.0,0.0,0.0,4468.0,-2.004,6936.0,0.0,0.0,0.0,2.718428940004181e+23,0.0,0.0,0.0,0.0,69,-2.718430741444032e+23,-3.221994650676375e+26,0.0,0.0,0.0,0.0,0.0,0.0,0.0,0,0,0,0.0,0.0,0.0,0.0,0.0,0.0,0.0,0.0,0.0,0.0,0.0,0.0,0.0,0.0,0.0,0.0,0,-107875648.0,69,0.0,138,0.0,-109183328.0,0,0,17087,39322,17103,52429,17082,0,0,0,70,68,100,-0.0,82.4,-107615456.0,78.3,-0.0,79.0,1,49,50,180,26215,26215,0,0,0.0,0.0,0.0,0.0,-0.0,67.0,0.0,162057.094,0.0,982,0,1012,0,0,0,955,0,1038,0,933,0,793,0,784,0,823,0,7520,0.032,2.5133688800429264e+20,0.0,0.0,784,16797,-0.0,162057.094,-114818.039,-0.0,0.133,6.909358625270745e+28,30.0,70.0,35,0.0,0.0,0.0,0.0,0.0,0.0,0.0,0.0,0.0,0.0,0.0,0.0,0.0,0.0,0.0,0.0,66.0,0,150,71,52,65476,0,300,0,0,8,20529,65476,0,0,44564,70.0,0.0,0.0,0.0,0.0,0.0
2026-09-10T21:14:22,ERR,ERR,ERR,ERR,ERR,ERR,ERR,ERR,ERR,ERR,ERR,ERR,ERR,ERR,ERR,ERR,ERR,ERR,ERR,ERR,ERR,ERR,ERR,ERR,ERR,ERR,ERR,ERR,ERR,ERR,ERR,ERR,ERR,ERR,ERR,ERR,ERR,ERR,ERR,ERR,ERR,ERR,ERR,ERR,ERR,ERR,ERR,ERR,ERR,ERR,ERR,ERR,ERR,ERR,ERR,ERR,ERR,ERR,ERR,ERR,ERR,ERR,ERR,ERR,ERR,ERR,ERR,ERR,ERR,ERR,ERR,ERR,ERR,ERR,ERR,ERR,ERR,ERR,ERR,ERR,ERR,ERR,ERR,ERR,ERR,ERR,ERR,ERR,ERR,ERR,ERR,ERR,ERR,ERR,ERR,ERR,ERR,ERR,ERR,ERR,ERR,ERR,ERR,ERR,ERR,ERR,ERR,ERR,ERR,ERR,ERR,ERR,ERR,ERR,ERR,ERR,ERR,ERR,ERR,ERR,ERR,ERR,ERR,ERR,ERR,0.0,0.0,2.6474835549302285e+23,0.0,0.0,1.3936040501711995e+18,7.805,0.0,0,0,4,0,7116,0.0,100,0.0,0.0,0.0,0.0,0.0,0,0,0,0,0.0,0,0,0,0,0,0,0,0,0,0,0,0,0,0,0,0,0,0,0,0,0,0,0,0,0,0,0,0,0,0,0,0,0,31,40,40,71,65476,0,300,0,0,8,21553,0.0,-107605600.0,0.0,0.0,0.0,0.0,0.0,0.0,0.0,0.0,0.0,0.0,0.0,0.0,0.0,0.0,0.0,0.0,0.0,0.0,0.0,0.0,-2.004,2.004,2.004,-0.0,0.0,0.0,0.0,0.0,4468.0,-2.004,6936.0,0.0,0.0,0.0,2.718428940004181e+23,0.0,0.0,0.0,0.0,69,-2.718430741444032e+23,-3.221994650676375e+26,0.0,0.0,0.0,0.0,0.0,0.0,0.0,0,0,0,0.0,0.0,0.0,0.0,0.0,0.0,0.0,0.0,0.0,0.0,0.0,0.0,0.0,0.0,0.0,0.0,0,-107875648.0,69,0.0,138,0.0,-109183328.0,0,0,17087,39322,17103,52429,17082,0,0,0,70,68,100,-0.0,82.4,-107615456.0,78.3,-0.0,79.0,1,49,50,180,26215,26215,0,0,0.0,0.0,0.0,0.0,-0.0,67.0,0.0,162057.094,0.0,982,0,1012,0,0,0,955,0,1038,0,933,0,793,0,784,0,823,0,7520,0.032,2.5133688800429264e+20,0.0,0.0,784,16797,-0.0,162057.094,-114818.039,-0.0,0.133,6.909358625270745e+28,30.0,70.0,35,0.0,0.0,0.0,0.0,0.0,0.0,0.0,0.0,0.0,0.0,0.0,0.0,0.0,0.0,0.0,0.0,66.0,0,150,71,52,65476,0,300,0,0,8,20529,65476,0,0,44564,70.0,0.0,0.0,0.0,0.0,0.0
2026-09-10T21:14:23,ERR,ERR,ERR,ERR,ERR,ERR,ERR,ERR,ERR,ERR,ERR,ERR,ERR,ERR,ERR,ERR,ERR,ERR,ERR,ERR,ERR,ERR,ERR,ERR,ERR,ERR,ERR,ERR,ERR,ERR,ERR,ERR,ERR,ERR,ERR,ERR,ERR,ERR,ERR,ERR,ERR,ERR,ERR,ERR,ERR,ERR,ERR,ERR,ERR,ERR,ERR,ERR,ERR,ERR,ERR,ERR,ERR,ERR,ERR,ERR,ERR,ERR,ERR,ERR,ERR,ERR,ERR,ERR,ERR,ERR,ERR,ERR,ERR,ERR,ERR,ERR,ERR,ERR,ERR,ERR,ERR,ERR,ERR,ERR,ERR,ERR,ERR,ERR,ERR,ERR,ERR,ERR,ERR,ERR,ERR,ERR,ERR,ERR,ERR,ERR,ERR,ERR,ERR,ERR,ERR,ERR,ERR,ERR,ERR,ERR,ERR,ERR,ERR,ERR,ERR,ERR,ERR,ERR,ERR,ERR,ERR,ERR,ERR,ERR,ERR,0.0,0.0,2.6474835549302285e+23,0.0,0.0,1.3936040501711995e+18,7.805,0.0,0,0,4,0,7116,0.0,100,0.0,0.0,0.0,0.0,0.0,0,0,0,0,0.0,0,0,0,0,0,0,0,0,0,0,0,0,0,0,0,0,0,0,0,0,0,0,0,0,0,0,0,0,0,0,0,0,0,31,40,40,71,65476,0,300,0,0,8,21553,0.0,-107605600.0,0.0,0.0,0.0,0.0,0.0,0.0,0.0,0.0,0.0,0.0,0.0,0.0,0.0,0.0,0.0,0.0,0.0,0.0,0.0,0.0,-2.004,2.004,2.004,-0.0,0.0,0.0,0.0,0.0,4468.0,-2.004,6936.0,0.0,0.0,0.0,2.718428940004181e+23,0.0,0.0,0.0,0.0,69,-2.718430741444032e+23,-3.221994650676375e+26,0.0,0.0,0.0,0.0,0.0,0.0,0.0,0,0,0,0.0,0.0,0.0,0.0,0.0,0.0,0.0,0.0,0.0,0.0,0.0,0.0,0.0,0.0,0.0,0.0,0,-107875648.0,69,0.0,138,0.0,-109183328.0,0,0,17087,39322,17103,39322,17082,0,0,0,70,68,100,-0.0,82.4,-107615456.0,78.3,-0.0,79.0,1,49,50,180,26215,26215,0,0,0.0,0.0,0.0,0.0,-0.0,67.0,0.0,162057.094,0.0,982,0,1012,0,0,0,955,0,1037,0,933,0,793,0,784,0,822,0,7520,0.032,2.5133688800429264e+20,0.0,0.0,784,16797,-0.0,162057.094,-114818.039,-0.0,0.133,6.909358625270745e+28,30.0,70.0,35,0.0,0.0,0.0,0.0,0.0,0.0,0.0,0.0,0.0,0.0,0.0,0.0,0.0,0.0,0.0,0.0,66.0,0,150,71,52,65476,0,300,0,0,8,20529,65476,0,0,44564,70.0,0.0,0.0,0.0,0.0,0.0
2026-09-10T21:14:24,ERR,ERR,ERR,ERR,ERR,ERR,ERR,ERR,ERR,ERR,ERR,ERR,ERR,ERR,ERR,ERR,ERR,ERR,ERR,ERR,ERR,ERR,ERR,ERR,ERR,ERR,ERR,ERR,ERR,ERR,ERR,ERR,ERR,ERR,ERR,ERR,ERR,ERR,ERR,ERR,ERR,ERR,ERR,ERR,ERR,ERR,ERR,ERR,ERR,ERR,ERR,ERR,ERR,ERR,ERR,ERR,ERR,ERR,ERR,ERR,ERR,ERR,ERR,ERR,ERR,ERR,ERR,ERR,ERR,ERR,ERR,ERR,ERR,ERR,ERR,ERR,ERR,ERR,ERR,ERR,ERR,ERR,ERR,ERR,ERR,ERR,ERR,ERR,ERR,ERR,ERR,ERR,ERR,ERR,ERR,ERR,ERR,ERR,ERR,ERR,ERR,ERR,ERR,ERR,ERR,ERR,ERR,ERR,ERR,ERR,ERR,ERR,ERR,ERR,ERR,ERR,ERR,ERR,ERR,ERR,ERR,ERR,ERR,ERR,ERR,0.0,0.0,2.6474835549302285e+23,0.0,0.0,1.3936040501711995e+18,7.805,0.0,0,0,4,0,7116,0.0,100,0.0,0.0,0.0,0.0,0.0,0,0,0,0,0.0,0,0,0,0,0,0,0,0,0,0,0,0,0,0,0,0,0,0,0,0,0,0,0,0,0,0,0,0,0,0,0,0,0,31,40,40,71,65476,0,300,0,0,8,21553,0.0,-107605600.0,0.0,0.0,0.0,0.0,0.0,0.0,0.0,0.0,0.0,0.0,0.0,0.0,0.0,0.0,0.0,0.0,0.0,0.0,0.0,0.0,-2.004,2.004,2.004,-0.0,0.0,0.0,0.0,0.0,4468.0,-2.004,6936.0,0.0,0.0,0.0,2.718428940004181e+23,0.0,0.0,0.0,0.0,69,-2.718430741444032e+23,-3.221994650676375e+26,0.0,0.0,0.0,0.0,0.0,0.0,0.0,0,0,0,0.0,0.0,0.0,0.0,0.0,0.0,0.0,0.0,0.0,0.0,0.0,0.0,0.0,0.0,0.0,0.0,0,-107875648.0,69,0.0,138,0.0,-109183328.0,0,0,17087,39322,17103,39322,17082,0,0,0,70,68,100,-0.0,82.4,-107615456.0,78.3,-0.0,79.0,1,49,50,180,26215,26215,0,0,0.0,0.0,0.0,0.0,-0.0,67.0,0.0,162057.094,0.0,982,0,1012,0,0,0,955,0,1037,0,933,0,793,0,784,0,822,0,7520,0.032,2.5133688800429264e+20,0.0,0.0,784,16797,-0.0,162057.094,-114818.039,-0.0,0.133,6.909358625270745e+28,30.0,70.0,35,0.0,0.0,0.0,0.0,0.0,0.0,0.0,0.0,0.0,0.0,0.0,0.0,0.0,0.0,0.0,0.0,66.4,0,150,71,52,65476,0,300,0,0,8,20529,65476,0,0,44564,70.0,0.0,0.0,0.0,0.0,0.0
2026-09-10T21:14:25,ERR,ERR,ERR,ERR,ERR,ERR,ERR,ERR,ERR,ERR,ERR,ERR,ERR,ERR,ERR,ERR,ERR,ERR,ERR,ERR,ERR,ERR,ERR,ERR,ERR,ERR,ERR,ERR,ERR,ERR,ERR,ERR,ERR,ERR,ERR,ERR,ERR,ERR,ERR,ERR,ERR,ERR,ERR,ERR,ERR,ERR,ERR,ERR,ERR,ERR,ERR,ERR,ERR,ERR,ERR,ERR,ERR,ERR,ERR,ERR,ERR,ERR,ERR,ERR,ERR,ERR,ERR,ERR,ERR,ERR,ERR,ERR,ERR,ERR,ERR,ERR,ERR,ERR,ERR,ERR,ERR,ERR,ERR,ERR,ERR,ERR,ERR,ERR,ERR,ERR,ERR,ERR,ERR,ERR,ERR,ERR,ERR,ERR,ERR,ERR,ERR,ERR,ERR,ERR,ERR,ERR,ERR,ERR,ERR,ERR,ERR,ERR,ERR,ERR,ERR,ERR,ERR,ERR,ERR,ERR,ERR,ERR,ERR,ERR,ERR,0.0,0.0,2.6474835549302285e+23,0.0,0.0,1.3936040501711995e+18,7.805,0.0,0,0,4,0,7116,0.0,100,0.0,0.0,0.0,0.0,0.0,0,0,0,0,0.0,0,0,0,0,0,0,0,0,0,0,0,0,0,0,0,0,0,0,0,0,0,0,0,0,0,0,0,0,0,0,0,0,0,31,40,40,71,65476,0,300,0,0,8,21553,0.0,-107605600.0,0.0,0.0,0.0,0.0,0.0,0.0,0.0,0.0,0.0,0.0,0.0,0.0,0.0,0.0,0.0,0.0,0.0,0.0,0.0,0.0,-2.004,2.004,2.004,-0.0,0.0,0.0,0.0,0.0,4468.0,-2.004,6936.0,0.0,0.0,0.0,2.718428940004181e+23,0.0,0.0,0.0,0.0,69,-2.718430741444032e+23,-3.221994650676375e+26,0.0,0.0,0.0,0.0,0.0,0.0,0.0,0,0,0,0.0,0.0,0.0,0.0,0.0,0.0,0.0,0.0,0.0,0.0,0.0,0.0,0.0,0.0,0.0,0.0,0,-107875648.0,69,0.0,138,0.0,-109183328.0,0,0,17087,39322,17103,39322,17082,0,0,0,70,68,100,-0.0,82.4,-107615456.0,78.3,-0.0,79.0,1,49,50,180,26215,26215,0,0,0.0,0.0,0.0,0.0,-0.0,67.0,0.0,162057.094,0.0,982,0,1012,0,0,0,955,0,1037,0,933,0,793,0,784,0,822,0,7520,0.032,2.5133688800429264e+20,0.0,0.0,784,16797,-0.0,162057.094,-114818.039,-0.0,0.133,6.909358625270745e+28,30.0,70.0,35,0.0,0.0,0.0,0.0,0.0,0.0,0.0,0.0,0.0,0.0,0.0,0.0,0.0,0.0,0.0,0.0,66.4,0,150,71,52,65476,0,300,0,0,8,20529,65476,0,0,44564,70.0,0.0,0.0,0.0,0.0,0.0
2026-09-10T21:14:26,ERR,ERR,ERR,ERR,ERR,ERR,ERR,ERR,ERR,ERR,ERR,ERR,ERR,ERR,ERR,ERR,ERR,ERR,ERR,ERR,ERR,ERR,ERR,ERR,ERR,ERR,ERR,ERR,ERR,ERR,ERR,ERR,ERR,ERR,ERR,ERR,ERR,ERR,ERR,ERR,ERR,ERR,ERR,ERR,ERR,ERR,ERR,ERR,ERR,ERR,ERR,ERR,ERR,ERR,ERR,ERR,ERR,ERR,ERR,ERR,ERR,ERR,ERR,ERR,ERR,ERR,ERR,ERR,ERR,ERR,ERR,ERR,ERR,ERR,ERR,ERR,ERR,ERR,ERR,ERR,ERR,ERR,ERR,ERR,ERR,ERR,ERR,ERR,ERR,ERR,ERR,ERR,ERR,ERR,ERR,ERR,ERR,ERR,ERR,ERR,ERR,ERR,ERR,ERR,ERR,ERR,ERR,ERR,ERR,ERR,ERR,ERR,ERR,ERR,ERR,ERR,ERR,ERR,ERR,ERR,ERR,ERR,ERR,ERR,ERR,0.0,0.0,2.6474835549302285e+23,0.0,0.0,1.3936040501711995e+18,7.805,0.0,0,0,4,0,7116,0.0,100,0.0,0.0,0.0,0.0,0.0,0,0,0,0,0.0,0,0,0,0,0,0,0,0,0,0,0,0,0,0,0,0,0,0,0,0,0,0,0,0,0,0,0,0,0,0,0,0,0,31,40,40,71,65476,0,300,0,0,8,21553,0.0,-107605600.0,0.0,0.0,0.0,0.0,0.0,0.0,0.0,0.0,0.0,0.0,0.0,0.0,0.0,0.0,0.0,0.0,0.0,0.0,0.0,0.0,-2.004,2.004,2.004,-0.0,0.0,0.0,0.0,0.0,4466.0,-564144692527104.0,6939.0,0.0,0.0,0.0,2.718428940004181e+23,0.0,0.0,0.0,0.0,69,-3.222030068424997e+26,0.0,0.0,0.0,0.0,0.0,0.0,0.0,0.0,0,0,0,0.0,0.0,0.0,0.0,0.0,0.0,0.0,0.0,0.0,0.0,0.0,0.0,0.0,0.0,0.0,0.0,0,-107875648.0,69,0.0,138,0.0,-109183328.0,0,0,17087,39322,17103,39322,17082,0,0,0,70,68,100,-0.0,82.4,-107615456.0,78.3,-0.0,79.0,1,49,50,180,26215,26215,0,0,0.0,0.0,0.0,0.0,-0.0,67.0,0.0,162057.094,0.0,982,0,1012,0,0,0,955,0,1037,0,933,0,793,0,784,0,822,0,7520,0.032,2.5133688800429264e+20,0.0,0.0,784,16797,-0.0,162057.094,-114818.039,-0.0,0.133,6.909358625270745e+28,30.0,70.0,35,0.0,0.0,0.0,0.0,0.0,0.0,0.0,0.0,0.0,0.0,0.0,0.0,0.0,0.0,0.0,0.0,66.4,0,150,71,52,65476,0,300,0,0,8,20529,65476,0,0,44564,70.0,0.0,0.0,0.0,0.0,0.0
2026-09-10T21:14:27,ERR,ERR,ERR,ERR,ERR,ERR,ERR,ERR,ERR,ERR,ERR,ERR,ERR,ERR,ERR,ERR,ERR,ERR,ERR,ERR,ERR,ERR,ERR,ERR,ERR,ERR,ERR,ERR,ERR,ERR,ERR,ERR,ERR,ERR,ERR,ERR,ERR,ERR,ERR,ERR,ERR,ERR,ERR,ERR,ERR,ERR,ERR,ERR,ERR,ERR,ERR,ERR,ERR,ERR,ERR,ERR,ERR,ERR,ERR,ERR,ERR,ERR,ERR,ERR,ERR,ERR,ERR,ERR,ERR,ERR,ERR,ERR,ERR,ERR,ERR,ERR,ERR,ERR,ERR,ERR,ERR,ERR,ERR,ERR,ERR,ERR,ERR,ERR,ERR,ERR,ERR,ERR,ERR,ERR,ERR,ERR,ERR,ERR,ERR,ERR,ERR,ERR,ERR,ERR,ERR,ERR,ERR,ERR,ERR,ERR,ERR,ERR,ERR,ERR,ERR,ERR,ERR,ERR,ERR,ERR,ERR,ERR,ERR,ERR,ERR,0.0,0.0,2.6474835549302285e+23,0.0,0.0,1.3936040501711995e+18,7.805,0.0,0,0,4,0,7116,0.0,100,0.0,0.0,0.0,0.0,0.0,0,0,0,0,0.0,0,0,0,0,0,0,0,0,0,0,0,0,0,0,0,0,0,0,0,0,0,0,0,0,0,0,0,0,0,0,0,0,0,31,40,40,71,65476,0,300,0,0,8,21553,0.0,-107605600.0,0.0,0.0,0.0,0.0,0.0,0.0,0.0,0.0,0.0,0.0,0.0,0.0,0.0,0.0,0.0,0.0,0.0,0.0,0.0,0.0,-2.004,2.004,2.004,-0.0,0.0,0.0,0.0,0.0,4466.0,-564144692527104.0,6939.0,0.0,0.0,0.0,2.718428940004181e+23,0.0,0.0,0.0,0.0,69,-3.222030068424997e+26,0.0,0.0,0.0,0.0,0.0,0.0,0.0,0.0,0,0,0,0.0,0.0,0.0,0.0,0.0,0.0,0.0,0.0,0.0,0.0,0.0,0.0,0.0,0.0,0.0,0.0,0,-107875648.0,69,0.0,138,0.0,-109183328.0,0,0,17087,26215,17103,39322,17082,0,0,0,70,68,100,2.7302399002429377e+23,82.4,-107615456.0,78.3,-0.0,79.0,1,49,50,180,26215,26215,0,0,0.0,0.0,0.0,0.0,-0.0,67.0,0.0,162057.094,0.0,982,0,1012,0,0,0,955,0,1037,0,933,0,793,0,784,0,823,0,7520,0.032,2.3634890844440363e+20,0.0,0.0,784,16797,-0.0,162057.094,-114818.039,-0.0,0.133,6.909358625270745e+28,30.0,70.0,35,0.0,0.0,0.0,0.0,0.0,0.0,0.0,0.0,0.0,0.0,0.0,0.0,0.0,0.0,0.0,0.0,66.4,0,150,71,52,65476,0,300,0,0,8,20529,65476,0,0,44564,70.0,0.0,0.0,0.0,0.0,0.0
2026-09-10T21:14:28,ERR,ERR,ERR,ERR,ERR,ERR,ERR,ERR,ERR,ERR,ERR,ERR,ERR,ERR,ERR,ERR,ERR,ERR,ERR,ERR,ERR,ERR,ERR,ERR,ERR,ERR,ERR,ERR,ERR,ERR,ERR,ERR,ERR,ERR,ERR,ERR,ERR,ERR,ERR,ERR,ERR,ERR,ERR,ERR,ERR,ERR,ERR,ERR,ERR,ERR,ERR,ERR,ERR,ERR,ERR,ERR,ERR,ERR,ERR,ERR,ERR,ERR,ERR,ERR,ERR,ERR,ERR,ERR,ERR,ERR,ERR,ERR,ERR,ERR,ERR,ERR,ERR,ERR,ERR,ERR,ERR,ERR,ERR,ERR,ERR,ERR,ERR,ERR,ERR,ERR,ERR,ERR,ERR,ERR,ERR,ERR,ERR,ERR,ERR,ERR,ERR,ERR,ERR,ERR,ERR,ERR,ERR,ERR,ERR,ERR,ERR,ERR,ERR,ERR,ERR,ERR,ERR,ERR,ERR,ERR,ERR,ERR,ERR,ERR,ERR,0.0,0.0,2.6474835549302285e+23,0.0,0.0,1.3936040501711995e+18,7.805,0.0,0,0,4,0,7116,0.0,100,0.0,0.0,0.0,0.0,0.0,0,0,0,0,0.0,0,0,0,0,0,0,0,0,0,0,0,0,0,0,0,0,0,0,0,0,0,0,0,0,0,0,0,0,0,0,0,0,0,31,40,40,71,65476,0,300,0,0,8,21553,0.0,-107605600.0,0.0,0.0,0.0,0.0,0.0,0.0,0.0,0.0,0.0,0.0,0.0,0.0,0.0,0.0,0.0,0.0,0.0,0.0,0.0,0.0,-2.004,2.004,2.004,-0.0,0.0,0.0,0.0,0.0,4466.0,-564144692527104.0,6939.0,0.0,0.0,0.0,2.718428940004181e+23,0.0,0.0,0.0,0.0,69,-3.222030068424997e+26,0.0,0.0,0.0,0.0,0.0,0.0,0.0,0.0,0,0,0,0.0,0.0,0.0,0.0,0.0,0.0,0.0,0.0,0.0,0.0,0.0,0.0,0.0,0.0,0.0,0.0,0,-107875648.0,69,0.0,138,0.0,-109183328.0,0,0,17087,26215,17103,39322,17082,0,0,0,70,68,100,2.7302399002429377e+23,82.4,-107615456.0,78.3,-0.0,79.0,1,49,50,180,26215,26215,0,0,0.0,0.0,0.0,0.0,-0.0,67.0,0.0,162057.094,0.0,982,0,1012,0,0,0,955,0,1037,0,933,0,793,0,784,0,823,0,7520,0.032,2.3634890844440363e+20,0.0,0.0,784,16797,-0.0,162057.094,-114818.039,-0.0,0.133,6.909358625270745e+28,30.0,70.0,35,0.0,0.0,0.0,0.0,0.0,0.0,0.0,0.0,0.0,0.0,0.0,0.0,0.0,0.0,0.0,0.0,66.4,0,150,71,52,65476,0,300,0,0,8,20529,65476,0,0,44564,70.0,0.0,0.0,0.0,0.0,0.0
2026-09-10T21:14:29,ERR,ERR,ERR,ERR,ERR,ERR,ERR,ERR,ERR,ERR,ERR,ERR,ERR,ERR,ERR,ERR,ERR,ERR,ERR,ERR,ERR,ERR,ERR,ERR,ERR,ERR,ERR,ERR,ERR,ERR,ERR,ERR,ERR,ERR,ERR,ERR,ERR,ERR,ERR,ERR,ERR,ERR,ERR,ERR,ERR,ERR,ERR,ERR,ERR,ERR,ERR,ERR,ERR,ERR,ERR,ERR,ERR,ERR,ERR,ERR,ERR,ERR,ERR,ERR,ERR,ERR,ERR,ERR,ERR,ERR,ERR,ERR,ERR,ERR,ERR,ERR,ERR,ERR,ERR,ERR,ERR,ERR,ERR,ERR,ERR,ERR,ERR,ERR,ERR,ERR,ERR,ERR,ERR,ERR,ERR,ERR,ERR,ERR,ERR,ERR,ERR,ERR,ERR,ERR,ERR,ERR,ERR,ERR,ERR,ERR,ERR,ERR,ERR,ERR,ERR,ERR,ERR,ERR,ERR,ERR,ERR,ERR,ERR,ERR,ERR,0.0,0.0,2.6474835549302285e+23,0.0,0.0,1.3936040501711995e+18,7.805,0.0,0,0,4,0,7116,0.0,100,0.0,0.0,0.0,0.0,0.0,0,0,0,0,0.0,0,0,0,0,0,0,0,0,0,0,0,0,0,0,0,0,0,0,0,0,0,0,0,0,0,0,0,0,0,0,0,0,0,31,40,40,71,65476,0,300,0,0,8,21553,0.0,-107605600.0,0.0,0.0,0.0,0.0,0.0,0.0,0.0,0.0,0.0,0.0,0.0,0.0,0.0,0.0,0.0,0.0,0.0,0.0,0.0,0.0,-2.004,2.004,2.004,-0.0,0.0,0.0,0.0,0.0,4466.0,-564144692527104.0,6939.0,0.0,0.0,0.0,2.718428940004181e+23,0.0,0.0,0.0,0.0,69,-3.222030068424997e+26,0.0,0.0,0.0,0.0,0.0,0.0,0.0,0.0,0,0,0,0.0,0.0,0.0,0.0,0.0,0.0,0.0,0.0,0.0,0.0,0.0,0.0,0.0,0.0,0.0,0.0,0,-107875648.0,69,0.0,138,0.0,-109183328.0,0,0,17087,26215,17103,39322,17082,0,0,0,70,68,100,2.7302399002429377e+23,82.4,-107615456.0,78.3,-0.0,79.0,1,49,50,180,26215,26215,0,0,0.0,0.0,0.0,0.0,-0.0,67.0,0.0,162057.094,0.0,982,0,1012,0,0,0,955,0,1037,0,933,0,793,0,784,0,823,0,7520,0.032,2.3634890844440363e+20,0.0,0.0,784,16797,-0.0,162057.094,-114818.039,-0.0,0.133,6.909358625270745e+28,30.0,70.0,35,0.0,0.0,0.0,0.0,0.0,0.0,0.0,0.0,0.0,0.0,0.0,0.0,0.0,0.0,0.0,0.0,66.4,0,150,71,52,65476,0,300,0,0,8,20529,65476,0,0,44564,70.0,0.0,0.0,0.0,0.0,0.0
2026-09-10T21:14:30,ERR,ERR,ERR,ERR,ERR,ERR,ERR,ERR,ERR,ERR,ERR,ERR,ERR,ERR,ERR,ERR,ERR,ERR,ERR,ERR,ERR,ERR,ERR,ERR,ERR,ERR,ERR,ERR,ERR,ERR,ERR,ERR,ERR,ERR,ERR,ERR,ERR,ERR,ERR,ERR,ERR,ERR,ERR,ERR,ERR,ERR,ERR,ERR,ERR,ERR,ERR,ERR,ERR,ERR,ERR,ERR,ERR,ERR,ERR,ERR,ERR,ERR,ERR,ERR,ERR,ERR,ERR,ERR,ERR,ERR,ERR,ERR,ERR,ERR,ERR,ERR,ERR,ERR,ERR,ERR,ERR,ERR,ERR,ERR,ERR,ERR,ERR,ERR,ERR,ERR,ERR,ERR,ERR,ERR,ERR,ERR,ERR,ERR,ERR,ERR,ERR,ERR,ERR,ERR,ERR,ERR,ERR,ERR,ERR,ERR,ERR,ERR,ERR,ERR,ERR,ERR,ERR,ERR,ERR,ERR,ERR,ERR,ERR,ERR,ERR,0.0,0.0,2.6474835549302285e+23,0.0,0.0,1.3936040501711995e+18,7.805,0.0,0,0,4,0,7116,0.0,100,0.0,0.0,0.0,0.0,0.0,0,0,0,0,0.0,0,0,0,0,0,0,0,0,0,0,0,0,0,0,0,0,0,0,0,0,0,0,0,0,0,0,0,0,0,0,0,0,0,31,40,40,71,65476,0,300,0,0,8,21553,0.0,-107605600.0,0.0,0.0,0.0,0.0,0.0,0.0,0.0,0.0,0.0,0.0,0.0,0.0,0.0,0.0,0.0,0.0,0.0,0.0,0.0,0.0,-2.004,2.004,2.004,-0.0,0.0,0.0,0.0,0.0,4466.0,-564144692527104.0,6939.0,0.0,0.0,0.0,2.718428940004181e+23,0.0,0.0,0.0,0.0,69,-3.222030068424997e+26,0.0,0.0,0.0,0.0,0.0,0.0,0.0,0.0,0,0,0,0.0,0.0,0.0,0.0,0.0,0.0,0.0,0.0,0.0,0.0,0.0,0.0,0.0,0.0,0.0,0.0,0,-107875648.0,69,0.0,138,0.0,-109183328.0,0,0,17087,26215,17103,39322,17082,0,0,0,70,68,100,2.7302399002429377e+23,82.4,-107615456.0,78.3,-0.0,79.0,1,49,50,180,26215,26215,0,0,0.0,0.0,0.0,0.0,-0.0,67.0,0.0,162057.094,0.0,982,0,1012,0,0,0,955,0,1037,0,933,0,793,0,784,0,823,0,7520,0.032,2.3634890844440363e+20,0.0,0.0,784,16797,-0.0,162057.094,-114818.039,-0.0,0.133,6.909358625270745e+28,30.0,70.0,35,0.0,0.0,0.0,0.0,0.0,0.0,0.0,0.0,0.0,0.0,0.0,0.0,0.0,0.0,0.0,0.0,66.4,0,150,71,52,65476,0,300,0,0,8,20529,65476,0,0,44564,70.0,0.0,0.0,0.0,0.0,0.0
2026-09-10T21:14:31,ERR,ERR,ERR,ERR,ERR,ERR,ERR,ERR,ERR,ERR,ERR,ERR,ERR,ERR,ERR,ERR,ERR,ERR,ERR,ERR,ERR,ERR,ERR,ERR,ERR,ERR,ERR,ERR,ERR,ERR,ERR,ERR,ERR,ERR,ERR,ERR,ERR,ERR,ERR,ERR,ERR,ERR,ERR,ERR,ERR,ERR,ERR,ERR,ERR,ERR,ERR,ERR,ERR,ERR,ERR,ERR,ERR,ERR,ERR,ERR,ERR,ERR,ERR,ERR,ERR,ERR,ERR,ERR,ERR,ERR,ERR,ERR,ERR,ERR,ERR,ERR,ERR,ERR,ERR,ERR,ERR,ERR,ERR,ERR,ERR,ERR,ERR,ERR,ERR,ERR,ERR,ERR,ERR,ERR,ERR,ERR,ERR,ERR,ERR,ERR,ERR,ERR,ERR,ERR,ERR,ERR,ERR,ERR,ERR,ERR,ERR,ERR,ERR,ERR,ERR,ERR,ERR,ERR,ERR,ERR,ERR,ERR,ERR,ERR,ERR,0.0,0.0,2.6474835549302285e+23,0.0,0.0,1.3936040501711995e+18,7.805,0.0,0,0,4,0,7116,0.0,100,0.0,0.0,0.0,0.0,0.0,0,0,0,0,0.0,0,0,0,0,0,0,0,0,0,0,0,0,0,0,0,0,0,0,0,0,0,0,0,0,0,0,0,0,0,0,0,0,0,31,40,40,71,65476,0,300,0,0,8,21553,0.0,-107605600.0,0.0,0.0,0.0,0.0,0.0,0.0,0.0,0.0,0.0,0.0,0.0,0.0,0.0,0.0,0.0,0.0,0.0,0.0,0.0,0.0,-2.004,2.004,2.004,-0.0,0.0,0.0,0.0,0.0,4466.0,-564144692527104.0,6939.0,0.0,0.0,0.0,2.718428940004181e+23,0.0,0.0,0.0,0.0,69,-3.222030068424997e+26,0.0,0.0,0.0,0.0,0.0,0.0,0.0,0.0,0,0,0,0.0,0.0,0.0,0.0,0.0,0.0,0.0,0.0,0.0,0.0,0.0,0.0,0.0,0.0,0.0,0.0,0,-107875648.0,69,0.0,138,0.0,-109183328.0,0,0,17087,26215,17103,39322,17082,0,0,0,70,68,100,2.7302399002429377e+23,82.4,-107615456.0,78.3,-0.0,79.0,1,49,50,180,26215,26215,0,0,0.0,0.0,0.0,0.0,-0.0,67.0,0.0,162057.094,0.0,982,0,1012,0,0,0,955,0,1037,0,933,0,793,0,784,0,823,0,7520,0.032,2.3634890844440363e+20,0.0,0.0,784,16797,-0.0,162057.094,-114818.039,-0.0,0.133,6.909358625270745e+28,30.0,70.0,35,0.0,0.0,0.0,0.0,0.0,0.0,0.0,0.0,0.0,0.0,0.0,0.0,0.0,0.0,0.0,0.0,66.0,0,150,71,52,65476,0,300,0,0,8,20529,65476,0,0,44564,70.0,0.0,0.0,0.0,0.0,0.0
2026-09-10T21:14:32,ERR,ERR,ERR,ERR,ERR,ERR,ERR,ERR,ERR,ERR,ERR,ERR,ERR,ERR,ERR,ERR,ERR,ERR,ERR,ERR,ERR,ERR,ERR,ERR,ERR,ERR,ERR,ERR,ERR,ERR,ERR,ERR,ERR,ERR,ERR,ERR,ERR,ERR,ERR,ERR,ERR,ERR,ERR,ERR,ERR,ERR,ERR,ERR,ERR,ERR,ERR,ERR,ERR,ERR,ERR,ERR,ERR,ERR,ERR,ERR,ERR,ERR,ERR,ERR,ERR,ERR,ERR,ERR,ERR,ERR,ERR,ERR,ERR,ERR,ERR,ERR,ERR,ERR,ERR,ERR,ERR,ERR,ERR,ERR,ERR,ERR,ERR,ERR,ERR,ERR,ERR,ERR,ERR,ERR,ERR,ERR,ERR,ERR,ERR,ERR,ERR,ERR,ERR,ERR,ERR,ERR,ERR,ERR,ERR,ERR,ERR,ERR,ERR,ERR,ERR,ERR,ERR,ERR,ERR,ERR,ERR,ERR,ERR,ERR,ERR,0.0,0.0,2.6474835549302285e+23,0.0,0.0,1.3936040501711995e+18,7.805,0.0,0,0,4,0,7116,0.0,100,0.0,0.0,0.0,0.0,0.0,0,0,0,0,0.0,0,0,0,0,0,0,0,0,0,0,0,0,0,0,0,0,0,0,0,0,0,0,0,0,0,0,0,0,0,0,0,0,0,31,40,40,71,65476,0,300,0,0,8,21553,0.0,-107605600.0,0.0,0.0,0.0,0.0,0.0,0.0,0.0,0.0,0.0,0.0,0.0,0.0,0.0,0.0,0.0,0.0,0.0,0.0,0.0,0.0,-2.004,2.004,2.004,-0.0,0.0,0.0,0.0,0.0,4466.0,-564144692527104.0,6939.0,0.0,0.0,0.0,2.718428940004181e+23,0.0,0.0,0.0,0.0,69,-3.222030068424997e+26,0.0,0.0,0.0,0.0,0.0,0.0,0.0,0.0,0,0,0,0.0,0.0,0.0,0.0,0.0,0.0,0.0,0.0,0.0,0.0,0.0,0.0,0.0,0.0,0.0,0.0,0,-107875648.0,69,0.0,138,0.0,-109183328.0,0,0,17087,26215,17103,39322,17082,0,0,0,70,68,100,2.7302399002429377e+23,82.4,-107615456.0,78.3,-0.0,79.0,1,49,50,180,26215,26215,0,0,0.0,0.0,0.0,0.0,-0.0,67.0,0.0,162057.094,0.0,982,0,1012,0,0,0,955,0,1037,0,933,0,793,0,784,0,823,0,7520,0.032,2.3634890844440363e+20,0.0,0.0,784,16797,-0.0,162057.094,-114818.039,-0.0,0.133,6.909358625270745e+28,30.0,70.0,35,0.0,0.0,0.0,0.0,0.0,0.0,0.0,0.0,0.0,0.0,0.0,0.0,0.0,0.0,0.0,0.0,66.0,0,150,71,52,65476,0,300,0,0,8,20529,65476,0,0,44564,70.0,0.0,0.0,0.0,0.0,0.0
2026-09-10T21:14:33,ERR,ERR,ERR,ERR,ERR,ERR,ERR,ERR,ERR,ERR,ERR,ERR,ERR,ERR,ERR,ERR,ERR,ERR,ERR,ERR,ERR,ERR,ERR,ERR,ERR,ERR,ERR,ERR,ERR,ERR,ERR,ERR,ERR,ERR,ERR,ERR,ERR,ERR,ERR,ERR,ERR,ERR,ERR,ERR,ERR,ERR,ERR,ERR,ERR,ERR,ERR,ERR,ERR,ERR,ERR,ERR,ERR,ERR,ERR,ERR,ERR,ERR,ERR,ERR,ERR,ERR,ERR,ERR,ERR,ERR,ERR,ERR,ERR,ERR,ERR,ERR,ERR,ERR,ERR,ERR,ERR,ERR,ERR,ERR,ERR,ERR,ERR,ERR,ERR,ERR,ERR,ERR,ERR,ERR,ERR,ERR,ERR,ERR,ERR,ERR,ERR,ERR,ERR,ERR,ERR,ERR,ERR,ERR,ERR,ERR,ERR,ERR,ERR,ERR,ERR,ERR,ERR,ERR,ERR,ERR,ERR,ERR,ERR,ERR,ERR,0.0,0.0,2.6474835549302285e+23,0.0,0.0,1.3936040501711995e+18,7.805,0.0,0,0,4,0,7116,0.0,100,0.0,0.0,0.0,0.0,0.0,0,0,0,0,0.0,0,0,0,0,0,0,0,0,0,0,0,0,0,0,0,0,0,0,0,0,0,0,0,0,0,0,0,0,0,0,0,0,0,31,40,40,71,65476,0,300,0,0,8,21553,0.0,-107605600.0,0.0,0.0,0.0,0.0,0.0,0.0,0.0,0.0,0.0,0.0,0.0,0.0,0.0,0.0,0.0,0.0,0.0,0.0,0.0,0.0,-2.004,2.004,2.004,-0.0,0.0,0.0,0.0,0.0,4466.0,-564144692527104.0,6939.0,0.0,0.0,0.0,2.718428940004181e+23,0.0,0.0,0.0,0.0,69,-3.222030068424997e+26,0.0,0.0,0.0,0.0,0.0,0.0,0.0,0.0,0,0,0,0.0,0.0,0.0,0.0,0.0,0.0,0.0,0.0,0.0,0.0,0.0,0.0,0.0,0.0,0.0,0.0,0,-107875648.0,69,0.0,138,0.0,-109183328.0,0,0,17087,26215,17103,39322,17082,0,0,0,70,68,100,2.7302399002429377e+23,82.4,-107615456.0,78.3,-0.0,79.0,1,49,50,180,26215,26215,0,0,0.0,0.0,0.0,0.0,-0.0,67.0,0.0,162057.094,0.0,982,0,1011,0,0,0,955,0,1037,0,933,0,793,0,784,0,823,0,7520,0.032,1.95996655783164e+20,0.0,0.0,784,16797,-0.0,162057.094,-114818.039,-0.0,0.133,6.909358625270745e+28,30.0,70.0,35,0.0,0.0,0.0,0.0,0.0,0.0,0.0,0.0,0.0,0.0,0.0,0.0,0.0,0.0,0.0,0.0,66.0,0,150,71,52,65476,0,300,0,0,8,20529,65476,0,0,44564,70.0,0.0,0.0,0.0,0.0,0.0
2026-09-10T21:14:34,ERR,ERR,ERR,ERR,ERR,ERR,ERR,ERR,ERR,ERR,ERR,ERR,ERR,ERR,ERR,ERR,ERR,ERR,ERR,ERR,ERR,ERR,ERR,ERR,ERR,ERR,ERR,ERR,ERR,ERR,ERR,ERR,ERR,ERR,ERR,ERR,ERR,ERR,ERR,ERR,ERR,ERR,ERR,ERR,ERR,ERR,ERR,ERR,ERR,ERR,ERR,ERR,ERR,ERR,ERR,ERR,ERR,ERR,ERR,ERR,ERR,ERR,ERR,ERR,ERR,ERR,ERR,ERR,ERR,ERR,ERR,ERR,ERR,ERR,ERR,ERR,ERR,ERR,ERR,ERR,ERR,ERR,ERR,ERR,ERR,ERR,ERR,ERR,ERR,ERR,ERR,ERR,ERR,ERR,ERR,ERR,ERR,ERR,ERR,ERR,ERR,ERR,ERR,ERR,ERR,ERR,ERR,ERR,ERR,ERR,ERR,ERR,ERR,ERR,ERR,ERR,ERR,ERR,ERR,ERR,ERR,ERR,ERR,ERR,ERR,0.0,0.0,2.6474835549302285e+23,0.0,0.0,1.3936040501711995e+18,7.805,0.0,0,0,4,0,7116,0.0,100,0.0,0.0,0.0,0.0,0.0,0,0,0,0,0.0,0,0,0,0,0,0,0,0,0,0,0,0,0,0,0,0,0,0,0,0,0,0,0,0,0,0,0,0,0,0,0,0,0,31,40,40,71,65476,0,300,0,0,8,21553,0.0,-107605600.0,0.0,0.0,0.0,0.0,0.0,0.0,0.0,0.0,0.0,0.0,0.0,0.0,0.0,0.0,0.0,0.0,0.0,0.0,0.0,0.0,-2.004,2.004,2.004,-0.0,0.0,0.0,0.0,0.0,4475.0,-3.697178656945629e+19,6940.0,0.0,0.0,0.0,-0.0,0.0,0.0,0.0,0.0,69,0.0,0.0,0.0,0.0,0.0,0.0,0.0,0.0,0.0,0,0,0,0.0,0.0,0.0,0.0,0.0,0.0,0.0,0.0,0.0,0.0,0.0,0.0,0.0,0.0,0.0,0.0,0,-107875648.0,69,0.0,138,0.0,-109183328.0,0,0,17087,26215,17103,39322,17082,0,0,0,70,68,100,2.7302399002429377e+23,82.4,-107615456.0,78.3,-0.0,79.0,1,49,50,180,26215,26215,0,0,0.0,0.0,0.0,0.0,-0.0,67.0,0.0,162057.094,0.0,982,0,1011,0,0,0,955,0,1037,0,933,0,793,0,784,0,823,0,7520,0.032,1.95996655783164e+20,0.0,0.0,784,16797,-0.0,162057.094,-114818.039,-0.0,0.133,6.909358625270745e+28,30.0,70.0,35,0.0,0.0,0.0,0.0,0.0,0.0,0.0,0.0,0.0,0.0,0.0,0.0,0.0,0.0,0.0,0.0,66.0,0,150,71,52,65476,0,300,0,0,8,20529,65476,0,0,44564,70.0,0.0,0.0,0.0,0.0,0.0
2026-09-10T21:14:35,ERR,ERR,ERR,ERR,ERR,ERR,ERR,ERR,ERR,ERR,ERR,ERR,ERR,ERR,ERR,ERR,ERR,ERR,ERR,ERR,ERR,ERR,ERR,ERR,ERR,ERR,ERR,ERR,ERR,ERR,ERR,ERR,ERR,ERR,ERR,ERR,ERR,ERR,ERR,ERR,ERR,ERR,ERR,ERR,ERR,ERR,ERR,ERR,ERR,ERR,ERR,ERR,ERR,ERR,ERR,ERR,ERR,ERR,ERR,ERR,ERR,ERR,ERR,ERR,ERR,ERR,ERR,ERR,ERR,ERR,ERR,ERR,ERR,ERR,ERR,ERR,ERR,ERR,ERR,ERR,ERR,ERR,ERR,ERR,ERR,ERR,ERR,ERR,ERR,ERR,ERR,ERR,ERR,ERR,ERR,ERR,ERR,ERR,ERR,ERR,ERR,ERR,ERR,ERR,ERR,ERR,ERR,ERR,ERR,ERR,ERR,ERR,ERR,ERR,ERR,ERR,ERR,ERR,ERR,ERR,ERR,ERR,ERR,ERR,ERR,0.0,0.0,2.6474835549302285e+23,0.0,0.0,1.3936040501711995e+18,7.805,0.0,0,0,4,0,7116,0.0,100,0.0,0.0,0.0,0.0,0.0,0,0,0,0,0.0,0,0,0,0,0,0,0,0,0,0,0,0,0,0,0,0,0,0,0,0,0,0,0,0,0,0,0,0,0,0,0,0,0,31,40,40,71,65476,0,300,0,0,8,21553,0.0,-107605600.0,0.0,0.0,0.0,0.0,0.0,0.0,0.0,0.0,0.0,0.0,0.0,0.0,0.0,0.0,0.0,0.0,0.0,0.0,0.0,0.0,-2.004,2.004,2.004,-0.0,0.0,0.0,0.0,0.0,4475.0,-3.697178656945629e+19,6940.0,0.0,0.0,0.0,-0.0,0.0,0.0,0.0,0.0,69,0.0,0.0,0.0,0.0,0.0,0.0,0.0,0.0,0.0,0,0,0,0.0,0.0,0.0,0.0,0.0,0.0,0.0,0.0,0.0,0.0,0.0,0.0,0.0,0.0,0.0,0.0,0,-107875648.0,69,0.0,138,0.0,-109183328.0,0,0,17087,26215,17103,39322,17082,0,0,0,70,68,100,2.7302399002429377e+23,82.4,-107615456.0,78.3,-0.0,79.0,1,49,50,180,26215,26215,0,0,0.0,0.0,0.0,0.0,-0.0,67.0,0.0,162057.094,0.0,982,0,1011,0,0,0,955,0,1037,0,933,0,793,0,784,0,823,0,7520,0.032,1.95996655783164e+20,0.0,0.0,784,16797,-0.0,162057.094,-114818.039,-0.0,0.133,6.909358625270745e+28,30.0,70.0,35,0.0,0.0,0.0,0.0,0.0,0.0,0.0,0.0,0.0,0.0,0.0,0.0,0.0,0.0,0.0,0.0,66.0,0,150,71,52,65476,0,300,0,0,8,20529,65476,0,0,44564,70.0,0.0,0.0,0.0,0.0,0.0
2026-09-10T21:14:36,ERR,ERR,ERR,ERR,ERR,ERR,ERR,ERR,ERR,ERR,ERR,ERR,ERR,ERR,ERR,ERR,ERR,ERR,ERR,ERR,ERR,ERR,ERR,ERR,ERR,ERR,ERR,ERR,ERR,ERR,ERR,ERR,ERR,ERR,ERR,ERR,ERR,ERR,ERR,ERR,ERR,ERR,ERR,ERR,ERR,ERR,ERR,ERR,ERR,ERR,ERR,ERR,ERR,ERR,ERR,ERR,ERR,ERR,ERR,ERR,ERR,ERR,ERR,ERR,ERR,ERR,ERR,ERR,ERR,ERR,ERR,ERR,ERR,ERR,ERR,ERR,ERR,ERR,ERR,ERR,ERR,ERR,ERR,ERR,ERR,ERR,ERR,ERR,ERR,ERR,ERR,ERR,ERR,ERR,ERR,ERR,ERR,ERR,ERR,ERR,ERR,ERR,ERR,ERR,ERR,ERR,ERR,ERR,ERR,ERR,ERR,ERR,ERR,ERR,ERR,ERR,ERR,ERR,ERR,ERR,ERR,ERR,ERR,ERR,ERR,0.0,0.0,2.6474835549302285e+23,0.0,0.0,1.3936040501711995e+18,7.805,0.0,0,0,4,0,7116,0.0,100,0.0,0.0,0.0,0.0,0.0,0,0,0,0,0.0,0,0,0,0,0,0,0,0,0,0,0,0,0,0,0,0,0,0,0,0,0,0,0,0,0,0,0,0,0,0,0,0,0,31,40,40,71,65476,0,300,0,0,8,21553,0.0,-107605600.0,0.0,0.0,0.0,0.0,0.0,0.0,0.0,0.0,0.0,0.0,0.0,0.0,0.0,0.0,0.0,0.0,0.0,0.0,0.0,0.0,-2.004,2.004,2.004,-0.0,0.0,0.0,0.0,0.0,4475.0,-3.697178656945629e+19,6940.0,0.0,0.0,0.0,-0.0,0.0,0.0,0.0,0.0,69,0.0,0.0,0.0,0.0,0.0,0.0,0.0,0.0,0.0,0,0,0,0.0,0.0,0.0,0.0,0.0,0.0,0.0,0.0,0.0,0.0,0.0,0.0,0.0,0.0,0.0,0.0,0,-107875648.0,69,0.0,138,0.0,-109183328.0,0,0,17087,26215,17103,39322,17082,0,0,0,70,68,100,2.7302399002429377e+23,82.4,-107615456.0,78.3,-0.0,79.0,1,49,50,180,26215,26215,0,0,0.0,0.0,0.0,0.0,-0.0,67.0,0.0,162057.094,0.0,982,0,1011,0,0,0,955,0,1037,0,933,0,793,0,784,0,823,0,7520,0.032,1.95996655783164e+20,0.0,0.0,784,16797,-0.0,162057.094,-114818.039,-0.0,0.133,6.909358625270745e+28,30.0,70.0,35,0.0,0.0,0.0,0.0,0.0,0.0,0.0,0.0,0.0,0.0,0.0,0.0,0.0,0.0,0.0,0.0,66.0,0,150,71,52,65476,0,300,0,0,8,20529,65476,0,0,44564,70.0,0.0,0.0,0.0,0.0,0.0
2026-09-10T21:14:37,ERR,ERR,ERR,ERR,ERR,ERR,ERR,ERR,ERR,ERR,ERR,ERR,ERR,ERR,ERR,ERR,ERR,ERR,ERR,ERR,ERR,ERR,ERR,ERR,ERR,ERR,ERR,ERR,ERR,ERR,ERR,ERR,ERR,ERR,ERR,ERR,ERR,ERR,ERR,ERR,ERR,ERR,ERR,ERR,ERR,ERR,ERR,ERR,ERR,ERR,ERR,ERR,ERR,ERR,ERR,ERR,ERR,ERR,ERR,ERR,ERR,ERR,ERR,ERR,ERR,ERR,ERR,ERR,ERR,ERR,ERR,ERR,ERR,ERR,ERR,ERR,ERR,ERR,ERR,ERR,ERR,ERR,ERR,ERR,ERR,ERR,ERR,ERR,ERR,ERR,ERR,ERR,ERR,ERR,ERR,ERR,ERR,ERR,ERR,ERR,ERR,ERR,ERR,ERR,ERR,ERR,ERR,ERR,ERR,ERR,ERR,ERR,ERR,ERR,ERR,ERR,ERR,ERR,ERR,ERR,ERR,ERR,ERR,ERR,ERR,0.0,0.0,2.6474835549302285e+23,0.0,0.0,1.3936040501711995e+18,7.805,0.0,0,0,4,0,7116,0.0,100,0.0,0.0,0.0,0.0,0.0,0,0,0,0,0.0,0,0,0,0,0,0,0,0,0,0,0,0,0,0,0,0,0,0,0,0,0,0,0,0,0,0,0,0,0,0,0,0,0,31,40,40,71,65476,0,300,0,0,8,21553,0.0,-107605600.0,0.0,0.0,0.0,0.0,0.0,0.0,0.0,0.0,0.0,0.0,0.0,0.0,0.0,0.0,0.0,0.0,0.0,0.0,0.0,0.0,-2.004,2.004,2.004,-0.0,0.0,0.0,0.0,0.0,4475.0,-3.697178656945629e+19,6940.0,0.0,0.0,0.0,-0.0,0.0,0.0,0.0,0.0,69,0.0,0.0,0.0,0.0,0.0,0.0,0.0,0.0,0.0,0,0,0,0.0,0.0,0.0,0.0,0.0,0.0,0.0,0.0,0.0,0.0,0.0,0.0,0.0,0.0,0.0,0.0,0,-107875648.0,69,0.0,138,0.0,-109183328.0,0,0,17087,26215,17103,39322,17082,0,0,0,70,68,100,2.7302399002429377e+23,82.4,-107615456.0,78.3,-0.0,79.0,1,49,50,180,26215,26215,0,0,0.0,0.0,0.0,0.0,-0.0,67.0,0.0,162057.094,0.0,982,0,1011,0,0,0,955,0,1037,0,933,0,793,0,784,0,823,0,7520,0.032,1.95996655783164e+20,0.0,0.0,784,16797,-0.0,162057.094,-114818.039,-0.0,0.133,6.909358625270745e+28,30.0,70.0,35,0.0,0.0,0.0,0.0,0.0,0.0,0.0,0.0,0.0,0.0,0.0,0.0,0.0,0.0,0.0,0.0,66.0,0,150,71,52,65476,0,300,0,0,8,20529,65476,0,0,44564,70.0,0.0,0.0,0.0,0.0,0.0
2026-09-10T21:14:38,ERR,ERR,ERR,ERR,ERR,ERR,ERR,ERR,ERR,ERR,ERR,ERR,ERR,ERR,ERR,ERR,ERR,ERR,ERR,ERR,ERR,ERR,ERR,ERR,ERR,ERR,ERR,ERR,ERR,ERR,ERR,ERR,ERR,ERR,ERR,ERR,ERR,ERR,ERR,ERR,ERR,ERR,ERR,ERR,ERR,ERR,ERR,ERR,ERR,ERR,ERR,ERR,ERR,ERR,ERR,ERR,ERR,ERR,ERR,ERR,ERR,ERR,ERR,ERR,ERR,ERR,ERR,ERR,ERR,ERR,ERR,ERR,ERR,ERR,ERR,ERR,ERR,ERR,ERR,ERR,ERR,ERR,ERR,ERR,ERR,ERR,ERR,ERR,ERR,ERR,ERR,ERR,ERR,ERR,ERR,ERR,ERR,ERR,ERR,ERR,ERR,ERR,ERR,ERR,ERR,ERR,ERR,ERR,ERR,ERR,ERR,ERR,ERR,ERR,ERR,ERR,ERR,ERR,ERR,ERR,ERR,ERR,ERR,ERR,ERR,0.0,0.0,2.6474835549302285e+23,0.0,0.0,1.3936040501711995e+18,7.805,0.0,0,0,4,0,7116,0.0,100,0.0,0.0,0.0,0.0,0.0,0,0,0,0,0.0,0,0,0,0,0,0,0,0,0,0,0,0,0,0,0,0,0,0,0,0,0,0,0,0,0,0,0,0,0,0,0,0,0,31,40,40,71,65476,0,300,0,0,8,21553,0.0,-107605600.0,0.0,0.0,0.0,0.0,0.0,0.0,0.0,0.0,0.0,0.0,0.0,0.0,0.0,0.0,0.0,0.0,0.0,0.0,0.0,0.0,-2.004,2.004,2.004,-0.0,0.0,0.0,0.0,0.0,4475.0,-3.697178656945629e+19,6940.0,0.0,0.0,0.0,-0.0,0.0,0.0,0.0,0.0,69,0.0,0.0,0.0,0.0,0.0,0.0,0.0,0.0,0.0,0,0,0,0.0,0.0,0.0,0.0,0.0,0.0,0.0,0.0,0.0,0.0,0.0,0.0,0.0,0.0,0.0,0.0,0,-107875648.0,69,0.0,138,0.0,-109183328.0,0,0,17087,26215,17103,39322,17082,0,0,0,70,68,100,2.7302399002429377e+23,82.4,-107615456.0,78.3,-0.0,79.0,1,49,50,180,26215,26215,0,0,0.0,0.0,0.0,0.0,-0.0,67.0,0.0,162057.094,0.0,982,0,1011,0,0,0,955,0,1037,0,933,0,793,0,784,0,823,0,7520,0.032,1.95996655783164e+20,0.0,0.0,784,16797,-0.0,162057.094,-114818.039,-0.0,0.133,6.909358625270745e+28,30.0,70.0,35,0.0,0.0,0.0,0.0,0.0,0.0,0.0,0.0,0.0,0.0,0.0,0.0,0.0,0.0,0.0,0.0,66.0,0,150,71,52,65476,0,300,0,0,8,20529,65476,0,0,44564,70.0,0.0,0.0,0.0,0.0,0.0
2026-09-10T21:14:39,ERR,ERR,ERR,ERR,ERR,ERR,ERR,ERR,ERR,ERR,ERR,ERR,ERR,ERR,ERR,ERR,ERR,ERR,ERR,ERR,ERR,ERR,ERR,ERR,ERR,ERR,ERR,ERR,ERR,ERR,ERR,ERR,ERR,ERR,ERR,ERR,ERR,ERR,ERR,ERR,ERR,ERR,ERR,ERR,ERR,ERR,ERR,ERR,ERR,ERR,ERR,ERR,ERR,ERR,ERR,ERR,ERR,ERR,ERR,ERR,ERR,ERR,ERR,ERR,ERR,ERR,ERR,ERR,ERR,ERR,ERR,ERR,ERR,ERR,ERR,ERR,ERR,ERR,ERR,ERR,ERR,ERR,ERR,ERR,ERR,ERR,ERR,ERR,ERR,ERR,ERR,ERR,ERR,ERR,ERR,ERR,ERR,ERR,ERR,ERR,ERR,ERR,ERR,ERR,ERR,ERR,ERR,ERR,ERR,ERR,ERR,ERR,ERR,ERR,ERR,ERR,ERR,ERR,ERR,ERR,ERR,ERR,ERR,ERR,ERR,0.0,0.0,2.6474835549302285e+23,0.0,0.0,1.3936040501711995e+18,7.805,0.0,0,0,4,0,7116,0.0,100,0.0,0.0,0.0,0.0,0.0,0,0,0,0,0.0,0,0,0,0,0,0,0,0,0,0,0,0,0,0,0,0,0,0,0,0,0,0,0,0,0,0,0,0,0,0,0,0,0,31,40,40,71,65476,0,300,0,0,8,21553,0.0,-107605600.0,0.0,0.0,0.0,0.0,0.0,0.0,0.0,0.0,0.0,0.0,0.0,0.0,0.0,0.0,0.0,0.0,0.0,0.0,0.0,0.0,-2.004,2.004,2.004,-0.0,0.0,0.0,0.0,0.0,4475.0,-3.697178656945629e+19,6940.0,0.0,0.0,0.0,-0.0,0.0,0.0,0.0,0.0,69,0.0,0.0,0.0,0.0,0.0,0.0,0.0,0.0,0.0,0,0,0,0.0,0.0,0.0,0.0,0.0,0.0,0.0,0.0,0.0,0.0,0.0,0.0,0.0,0.0,0.0,0.0,0,-107875648.0,69,0.0,138,0.0,-109183328.0,0,0,17087,26215,17103,39322,17082,0,0,0,70,68,100,-0.0,82.4,-107615456.0,78.3,-0.0,79.0,1,49,50,180,26215,26215,0,0,0.0,0.0,0.0,0.0,-0.0,67.0,0.0,162057.094,0.0,982,0,1012,0,0,0,955,0,1037,0,933,0,793,0,784,0,823,0,7520,0.032,1.9484373427855714e+20,0.0,0.0,784,16797,-0.0,162057.094,-114818.039,-0.0,0.133,6.909358625270745e+28,30.0,70.0,35,0.0,0.0,0.0,0.0,0.0,0.0,0.0,0.0,0.0,0.0,0.0,0.0,0.0,0.0,0.0,0.0,66.0,0,150,71,52,65476,0,300,0,0,8,20529,65476,0,0,44564,70.0,0.0,0.0,0.0,0.0,0.0
2026-09-10T21:14:40,ERR,ERR,ERR,ERR,ERR,ERR,ERR,ERR,ERR,ERR,ERR,ERR,ERR,ERR,ERR,ERR,ERR,ERR,ERR,ERR,ERR,ERR,ERR,ERR,ERR,ERR,ERR,ERR,ERR,ERR,ERR,ERR,ERR,ERR,ERR,ERR,ERR,ERR,ERR,ERR,ERR,ERR,ERR,ERR,ERR,ERR,ERR,ERR,ERR,ERR,ERR,ERR,ERR,ERR,ERR,ERR,ERR,ERR,ERR,ERR,ERR,ERR,ERR,ERR,ERR,ERR,ERR,ERR,ERR,ERR,ERR,ERR,ERR,ERR,ERR,ERR,ERR,ERR,ERR,ERR,ERR,ERR,ERR,ERR,ERR,ERR,ERR,ERR,ERR,ERR,ERR,ERR,ERR,ERR,ERR,ERR,ERR,ERR,ERR,ERR,ERR,ERR,ERR,ERR,ERR,ERR,ERR,ERR,ERR,ERR,ERR,ERR,ERR,ERR,ERR,ERR,ERR,ERR,ERR,ERR,ERR,ERR,ERR,ERR,ERR,0.0,0.0,2.6474835549302285e+23,0.0,0.0,1.3936040501711995e+18,7.805,0.0,0,0,4,0,7116,0.0,100,0.0,0.0,0.0,0.0,0.0,0,0,0,0,0.0,0,0,0,0,0,0,0,0,0,0,0,0,0,0,0,0,0,0,0,0,0,0,0,0,0,0,0,0,0,0,0,0,0,31,40,40,71,65476,0,300,0,0,8,21553,0.0,-107605600.0,0.0,0.0,0.0,0.0,0.0,0.0,0.0,0.0,0.0,0.0,0.0,0.0,0.0,0.0,0.0,0.0,0.0,0.0,0.0,0.0,-2.004,2.004,2.004,-0.0,0.0,0.0,0.0,0.0,4475.0,-3.697178656945629e+19,6940.0,0.0,0.0,0.0,-0.0,0.0,0.0,0.0,0.0,69,0.0,0.0,0.0,0.0,0.0,0.0,0.0,0.0,0.0,0,0,0,0.0,0.0,0.0,0.0,0.0,0.0,0.0,0.0,0.0,0.0,0.0,0.0,0.0,0.0,0.0,0.0,0,-107875648.0,69,0.0,138,0.0,-109183328.0,0,0,17087,26215,17103,39322,17082,0,0,0,70,68,100,-0.0,82.4,-107615456.0,78.3,-0.0,79.0,1,49,50,180,26215,26215,0,0,0.0,0.0,0.0,0.0,-0.0,67.0,0.0,162057.094,0.0,982,0,1012,0,0,0,955,0,1037,0,933,0,793,0,784,0,823,0,7520,0.032,1.9484373427855714e+20,0.0,0.0,784,16797,-0.0,162057.094,-114818.039,-0.0,0.133,6.909358625270745e+28,30.0,70.0,35,0.0,0.0,0.0,0.0,0.0,0.0,0.0,0.0,0.0,0.0,0.0,0.0,0.0,0.0,0.0,0.0,66.0,0,150,71,52,65476,0,300,0,0,8,20529,65476,0,0,44564,70.0,0.0,0.0,0.0,0.0,0.0
2026-09-10T21:14:41,ERR,ERR,ERR,ERR,ERR,ERR,ERR,ERR,ERR,ERR,ERR,ERR,ERR,ERR,ERR,ERR,ERR,ERR,ERR,ERR,ERR,ERR,ERR,ERR,ERR,ERR,ERR,ERR,ERR,ERR,ERR,ERR,ERR,ERR,ERR,ERR,ERR,ERR,ERR,ERR,ERR,ERR,ERR,ERR,ERR,ERR,ERR,ERR,ERR,ERR,ERR,ERR,ERR,ERR,ERR,ERR,ERR,ERR,ERR,ERR,ERR,ERR,ERR,ERR,ERR,ERR,ERR,ERR,ERR,ERR,ERR,ERR,ERR,ERR,ERR,ERR,ERR,ERR,ERR,ERR,ERR,ERR,ERR,ERR,ERR,ERR,ERR,ERR,ERR,ERR,ERR,ERR,ERR,ERR,ERR,ERR,ERR,ERR,ERR,ERR,ERR,ERR,ERR,ERR,ERR,ERR,ERR,ERR,ERR,ERR,ERR,ERR,ERR,ERR,ERR,ERR,ERR,ERR,ERR,ERR,ERR,ERR,ERR,ERR,ERR,0.0,0.0,2.6474835549302285e+23,0.0,0.0,1.3936040501711995e+18,7.805,0.0,0,0,4,0,7116,0.0,100,0.0,0.0,0.0,0.0,0.0,0,0,0,0,0.0,0,0,0,0,0,0,0,0,0,0,0,0,0,0,0,0,0,0,0,0,0,0,0,0,0,0,0,0,0,0,0,0,0,31,40,40,71,65476,0,300,0,0,8,21553,0.0,-107605600.0,0.0,0.0,0.0,0.0,0.0,0.0,0.0,0.0,0.0,0.0,0.0,0.0,0.0,0.0,0.0,0.0,0.0,0.0,0.0,0.0,-2.004,2.004,2.004,-0.0,0.0,0.0,0.0,0.0,4475.0,-3.697178656945629e+19,6940.0,0.0,0.0,0.0,-0.0,0.0,0.0,0.0,0.0,69,0.0,0.0,0.0,0.0,0.0,0.0,0.0,0.0,0.0,0,0,0,0.0,0.0,0.0,0.0,0.0,0.0,0.0,0.0,0.0,0.0,0.0,0.0,0.0,0.0,0.0,0.0,0,-107875648.0,69,0.0,138,0.0,-109183328.0,0,0,17087,26215,17103,39322,17082,0,0,0,70,68,100,-0.0,82.4,-107615456.0,78.3,-0.0,79.0,1,49,50,180,26215,26215,0,0,0.0,0.0,0.0,0.0,-0.0,67.0,0.0,162057.094,0.0,982,0,1012,0,0,0,955,0,1037,0,933,0,793,0,784,0,823,0,7520,0.032,1.9484373427855714e+20,0.0,0.0,784,16797,-0.0,162057.094,-114818.039,-0.0,0.133,6.909358625270745e+28,30.0,70.0,35,0.0,0.0,0.0,0.0,0.0,0.0,0.0,0.0,0.0,0.0,0.0,0.0,0.0,0.0,0.0,0.0,66.0,0,150,71,52,65476,0,300,0,0,8,20529,65476,0,0,44564,70.0,0.0,0.0,0.0,0.0,0.0
2026-09-10T21:14:42,ERR,ERR,ERR,ERR,ERR,ERR,ERR,ERR,ERR,ERR,ERR,ERR,ERR,ERR,ERR,ERR,ERR,ERR,ERR,ERR,ERR,ERR,ERR,ERR,ERR,ERR,ERR,ERR,ERR,ERR,ERR,ERR,ERR,ERR,ERR,ERR,ERR,ERR,ERR,ERR,ERR,ERR,ERR,ERR,ERR,ERR,ERR,ERR,ERR,ERR,ERR,ERR,ERR,ERR,ERR,ERR,ERR,ERR,ERR,ERR,ERR,ERR,ERR,ERR,ERR,ERR,ERR,ERR,ERR,ERR,ERR,ERR,ERR,ERR,ERR,ERR,ERR,ERR,ERR,ERR,ERR,ERR,ERR,ERR,ERR,ERR,ERR,ERR,ERR,ERR,ERR,ERR,ERR,ERR,ERR,ERR,ERR,ERR,ERR,ERR,ERR,ERR,ERR,ERR,ERR,ERR,ERR,ERR,ERR,ERR,ERR,ERR,ERR,ERR,ERR,ERR,ERR,ERR,ERR,ERR,ERR,ERR,ERR,ERR,ERR,0.0,0.0,2.6474835549302285e+23,0.0,0.0,1.3936040501711995e+18,7.805,0.0,0,0,4,0,7116,0.0,100,0.0,0.0,0.0,0.0,0.0,0,0,0,0,0.0,0,0,0,0,0,0,0,0,0,0,0,0,0,0,0,0,0,0,0,0,0,0,0,0,0,0,0,0,0,0,0,0,0,31,40,40,71,65476,0,300,0,0,8,21553,0.0,-107605600.0,0.0,0.0,0.0,0.0,0.0,0.0,0.0,0.0,0.0,0.0,0.0,0.0,0.0,0.0,0.0,0.0,0.0,0.0,0.0,0.0,-2.004,2.004,2.004,-2.004,0.0,0.0,0.0,0.0,4466.0,-3.697178656945629e+19,6940.0,0.0,0.0,0.0,-0.0,0.0,0.0,0.0,0.0,69,-3.222030068424997e+26,0.0,0.0,0.0,0.0,0.0,0.0,0.0,0.0,0,0,0,0.0,0.0,0.0,0.0,0.0,0.0,0.0,0.0,0.0,0.0,0.0,0.0,0.0,0.0,0.0,0.0,0,-107875648.0,69,0.0,138,0.0,-109183328.0,0,0,17087,26215,17103,39322,17082,0,0,0,70,68,100,-0.0,82.4,-107615456.0,78.3,-0.0,79.0,1,49,50,180,26215,26215,0,0,0.0,0.0,0.0,0.0,-0.0,67.0,0.0,162057.094,0.0,982,0,1012,0,0,0,955,0,1037,0,933,0,793,0,784,0,823,0,7520,0.032,1.9484373427855714e+20,0.0,0.0,784,16797,-0.0,162057.094,-114818.039,-0.0,0.133,6.909358625270745e+28,30.0,70.0,35,0.0,0.0,0.0,0.0,0.0,0.0,0.0,0.0,0.0,0.0,0.0,0.0,0.0,0.0,0.0,0.0,66.0,0,150,71,52,65476,0,300,0,0,8,20529,65476,0,0,44564,70.0,0.0,0.0,0.0,0.0,0.0
2026-09-10T21:14:43,ERR,ERR,ERR,ERR,ERR,ERR,ERR,ERR,ERR,ERR,ERR,ERR,ERR,ERR,ERR,ERR,ERR,ERR,ERR,ERR,ERR,ERR,ERR,ERR,ERR,ERR,ERR,ERR,ERR,ERR,ERR,ERR,ERR,ERR,ERR,ERR,ERR,ERR,ERR,ERR,ERR,ERR,ERR,ERR,ERR,ERR,ERR,ERR,ERR,ERR,ERR,ERR,ERR,ERR,ERR,ERR,ERR,ERR,ERR,ERR,ERR,ERR,ERR,ERR,ERR,ERR,ERR,ERR,ERR,ERR,ERR,ERR,ERR,ERR,ERR,ERR,ERR,ERR,ERR,ERR,ERR,ERR,ERR,ERR,ERR,ERR,ERR,ERR,ERR,ERR,ERR,ERR,ERR,ERR,ERR,ERR,ERR,ERR,ERR,ERR,ERR,ERR,ERR,ERR,ERR,ERR,ERR,ERR,ERR,ERR,ERR,ERR,ERR,ERR,ERR,ERR,ERR,ERR,ERR,ERR,ERR,ERR,ERR,ERR,ERR,0.0,0.0,2.6474835549302285e+23,0.0,0.0,1.3936040501711995e+18,7.805,0.0,0,0,4,0,7116,0.0,100,0.0,0.0,0.0,0.0,0.0,0,0,0,0,0.0,0,0,0,0,0,0,0,0,0,0,0,0,0,0,0,0,0,0,0,0,0,0,0,0,0,0,0,0,0,0,0,0,0,31,40,40,71,65476,0,300,0,0,8,21553,0.0,-107605600.0,0.0,0.0,0.0,0.0,0.0,0.0,0.0,0.0,0.0,0.0,0.0,0.0,0.0,0.0,0.0,0.0,0.0,0.0,0.0,0.0,-2.004,2.004,2.004,-2.004,0.0,0.0,0.0,0.0,4466.0,-3.697178656945629e+19,6940.0,0.0,0.0,0.0,-0.0,0.0,0.0,0.0,0.0,69,-3.222030068424997e+26,0.0,0.0,0.0,0.0,0.0,0.0,0.0,0.0,0,0,0,0.0,0.0,0.0,0.0,0.0,0.0,0.0,0.0,0.0,0.0,0.0,0.0,0.0,0.0,0.0,0.0,0,-107875648.0,69,0.0,138,0.0,-109183328.0,0,0,17087,26215,17103,39322,17082,0,0,0,70,68,100,-0.0,82.4,-107615456.0,78.3,-0.0,79.0,1,49,50,180,26215,26215,0,0,0.0,0.0,0.0,0.0,-0.0,67.0,0.0,162057.094,0.0,982,0,1012,0,0,0,955,0,1037,0,933,0,793,0,784,0,823,0,7520,0.032,1.9484373427855714e+20,0.0,0.0,784,16797,-0.0,162057.094,-114818.039,-0.0,0.133,6.909358625270745e+28,30.0,70.0,35,0.0,0.0,0.0,0.0,0.0,0.0,0.0,0.0,0.0,0.0,0.0,0.0,0.0,0.0,0.0,0.0,66.0,0,150,71,52,65476,0,300,0,0,8,20529,65476,0,0,44564,70.0,0.0,0.0,0.0,0.0,0.0
2026-09-10T21:14:44,ERR,ERR,ERR,ERR,ERR,ERR,ERR,ERR,ERR,ERR,ERR,ERR,ERR,ERR,ERR,ERR,ERR,ERR,ERR,ERR,ERR,ERR,ERR,ERR,ERR,ERR,ERR,ERR,ERR,ERR,ERR,ERR,ERR,ERR,ERR,ERR,ERR,ERR,ERR,ERR,ERR,ERR,ERR,ERR,ERR,ERR,ERR,ERR,ERR,ERR,ERR,ERR,ERR,ERR,ERR,ERR,ERR,ERR,ERR,ERR,ERR,ERR,ERR,ERR,ERR,ERR,ERR,ERR,ERR,ERR,ERR,ERR,ERR,ERR,ERR,ERR,ERR,ERR,ERR,ERR,ERR,ERR,ERR,ERR,ERR,ERR,ERR,ERR,ERR,ERR,ERR,ERR,ERR,ERR,ERR,ERR,ERR,ERR,ERR,ERR,ERR,ERR,ERR,ERR,ERR,ERR,ERR,ERR,ERR,ERR,ERR,ERR,ERR,ERR,ERR,ERR,ERR,ERR,ERR,ERR,ERR,ERR,ERR,ERR,ERR,0.0,0.0,2.6474835549302285e+23,0.0,0.0,1.3936040501711995e+18,7.805,0.0,0,0,4,0,7116,0.0,100,0.0,0.0,0.0,0.0,0.0,0,0,0,0,0.0,0,0,0,0,0,0,0,0,0,0,0,0,0,0,0,0,0,0,0,0,0,0,0,0,0,0,0,0,0,0,0,0,0,31,40,40,71,65476,0,300,0,0,8,21553,0.0,-107605600.0,0.0,0.0,0.0,0.0,0.0,0.0,0.0,0.0,0.0,0.0,0.0,0.0,0.0,0.0,0.0,0.0,0.0,0.0,0.0,0.0,-2.004,2.004,2.004,-2.004,0.0,0.0,0.0,0.0,4466.0,-3.697178656945629e+19,6940.0,0.0,0.0,0.0,-0.0,0.0,0.0,0.0,0.0,69,-3.222030068424997e+26,0.0,0.0,0.0,0.0,0.0,0.0,0.0,0.0,0,0,0,0.0,0.0,0.0,0.0,0.0,0.0,0.0,0.0,0.0,0.0,0.0,0.0,0.0,0.0,0.0,0.0,0,-107875648.0,69,0.0,138,0.0,-109183328.0,0,0,17087,26215,17103,39322,17082,0,0,0,70,68,100,2.7302399002429377e+23,82.4,-107615456.0,78.3,-0.0,79.0,1,49,50,180,26215,26215,0,0,0.0,0.0,0.0,0.0,-0.0,67.0,0.0,162057.094,0.0,982,0,1011,0,0,0,955,0,1037,0,933,0,793,0,784,0,823,0,7520,0.032,2.5133688800429264e+20,0.0,0.0,784,16797,-0.0,162057.094,-114818.039,-0.0,0.133,6.909358625270745e+28,30.0,70.0,35,0.0,0.0,0.0,0.0,0.0,0.0,0.0,0.0,0.0,0.0,0.0,0.0,0.0,0.0,0.0,0.0,66.0,0,150,71,52,65476,0,300,0,0,8,20529,65476,0,0,44564,70.0,0.0,0.0,0.0,0.0,0.0
2026-09-10T21:14:45,ERR,ERR,ERR,ERR,ERR,ERR,ERR,ERR,ERR,ERR,ERR,ERR,ERR,ERR,ERR,ERR,ERR,ERR,ERR,ERR,ERR,ERR,ERR,ERR,ERR,ERR,ERR,ERR,ERR,ERR,ERR,ERR,ERR,ERR,ERR,ERR,ERR,ERR,ERR,ERR,ERR,ERR,ERR,ERR,ERR,ERR,ERR,ERR,ERR,ERR,ERR,ERR,ERR,ERR,ERR,ERR,ERR,ERR,ERR,ERR,ERR,ERR,ERR,ERR,ERR,ERR,ERR,ERR,ERR,ERR,ERR,ERR,ERR,ERR,ERR,ERR,ERR,ERR,ERR,ERR,ERR,ERR,ERR,ERR,ERR,ERR,ERR,ERR,ERR,ERR,ERR,ERR,ERR,ERR,ERR,ERR,ERR,ERR,ERR,ERR,ERR,ERR,ERR,ERR,ERR,ERR,ERR,ERR,ERR,ERR,ERR,ERR,ERR,ERR,ERR,ERR,ERR,ERR,ERR,ERR,ERR,ERR,ERR,ERR,ERR,0.0,0.0,2.6474835549302285e+23,0.0,0.0,1.3936040501711995e+18,7.805,0.0,0,0,4,0,7116,0.0,100,0.0,0.0,0.0,0.0,0.0,0,0,0,0,0.0,0,0,0,0,0,0,0,0,0,0,0,0,0,0,0,0,0,0,0,0,0,0,0,0,0,0,0,0,0,0,0,0,0,31,40,40,71,65476,0,300,0,0,8,21553,0.0,-107605600.0,0.0,0.0,0.0,0.0,0.0,0.0,0.0,0.0,0.0,0.0,0.0,0.0,0.0,0.0,0.0,0.0,0.0,0.0,0.0,0.0,-2.004,2.004,2.004,-2.004,0.0,0.0,0.0,0.0,4466.0,-3.697178656945629e+19,6940.0,0.0,0.0,0.0,-0.0,0.0,0.0,0.0,0.0,69,-3.222030068424997e+26,0.0,0.0,0.0,0.0,0.0,0.0,0.0,0.0,0,0,0,0.0,0.0,0.0,0.0,0.0,0.0,0.0,0.0,0.0,0.0,0.0,0.0,0.0,0.0,0.0,0.0,0,-107875648.0,69,0.0,138,0.0,-109183328.0,0,0,17087,26215,17103,39322,17082,0,0,0,70,68,100,2.7302399002429377e+23,82.4,-107615456.0,78.3,-0.0,79.0,1,49,50,180,26215,26215,0,0,0.0,0.0,0.0,0.0,-0.0,67.0,0.0,162057.094,0.0,982,0,1011,0,0,0,955,0,1037,0,933,0,793,0,784,0,823,0,7520,0.032,2.5133688800429264e+20,0.0,0.0,784,16797,-0.0,162057.094,-114818.039,-0.0,0.133,6.909358625270745e+28,30.0,70.0,35,0.0,0.0,0.0,0.0,0.0,0.0,0.0,0.0,0.0,0.0,0.0,0.0,0.0,0.0,0.0,0.0,66.0,0,150,71,52,65476,0,300,0,0,8,20529,65476,0,0,44564,70.0,0.0,0.0,0.0,0.0,0.0
2026-09-10T21:14:46,ERR,ERR,ERR,ERR,ERR,ERR,ERR,ERR,ERR,ERR,ERR,ERR,ERR,ERR,ERR,ERR,ERR,ERR,ERR,ERR,ERR,ERR,ERR,ERR,ERR,ERR,ERR,ERR,ERR,ERR,ERR,ERR,ERR,ERR,ERR,ERR,ERR,ERR,ERR,ERR,ERR,ERR,ERR,ERR,ERR,ERR,ERR,ERR,ERR,ERR,ERR,ERR,ERR,ERR,ERR,ERR,ERR,ERR,ERR,ERR,ERR,ERR,ERR,ERR,ERR,ERR,ERR,ERR,ERR,ERR,ERR,ERR,ERR,ERR,ERR,ERR,ERR,ERR,ERR,ERR,ERR,ERR,ERR,ERR,ERR,ERR,ERR,ERR,ERR,ERR,ERR,ERR,ERR,ERR,ERR,ERR,ERR,ERR,ERR,ERR,ERR,ERR,ERR,ERR,ERR,ERR,ERR,ERR,ERR,ERR,ERR,ERR,ERR,ERR,ERR,ERR,ERR,ERR,ERR,ERR,ERR,ERR,ERR,ERR,ERR,0.0,0.0,2.6474835549302285e+23,0.0,0.0,1.3936040501711995e+18,7.805,0.0,0,0,4,0,7116,0.0,100,0.0,0.0,0.0,0.0,0.0,0,0,0,0,0.0,0,0,0,0,0,0,0,0,0,0,0,0,0,0,0,0,0,0,0,0,0,0,0,0,0,0,0,0,0,0,0,0,0,31,40,40,71,65476,0,300,0,0,8,21553,0.0,-107605600.0,0.0,0.0,0.0,0.0,0.0,0.0,0.0,0.0,0.0,0.0,0.0,0.0,0.0,0.0,0.0,0.0,0.0,0.0,0.0,0.0,-2.004,2.004,2.004,-2.004,0.0,0.0,0.0,0.0,4466.0,-3.697178656945629e+19,6940.0,0.0,0.0,0.0,-0.0,0.0,0.0,0.0,0.0,69,-3.222030068424997e+26,0.0,0.0,0.0,0.0,0.0,0.0,0.0,0.0,0,0,0,0.0,0.0,0.0,0.0,0.0,0.0,0.0,0.0,0.0,0.0,0.0,0.0,0.0,0.0,0.0,0.0,0,-107875648.0,69,0.0,138,0.0,-109183328.0,0,0,17087,26215,17103,39322,17082,0,0,0,70,68,100,2.7302399002429377e+23,82.4,-107615456.0,78.3,-0.0,79.0,1,49,50,180,26215,26215,0,0,0.0,0.0,0.0,0.0,-0.0,67.0,0.0,162057.094,0.0,982,0,1011,0,0,0,955,0,1037,0,933,0,793,0,784,0,823,0,7520,0.032,2.5133688800429264e+20,0.0,0.0,784,16797,-0.0,162057.094,-114818.039,-0.0,0.133,6.909358625270745e+28,30.0,70.0,35,0.0,0.0,0.0,0.0,0.0,0.0,0.0,0.0,0.0,0.0,0.0,0.0,0.0,0.0,0.0,0.0,66.0,0,150,71,52,65476,0,300,0,0,8,20529,65476,0,0,44564,70.0,0.0,0.0,0.0,0.0,0.0
2026-09-10T21:14:47,ERR,ERR,ERR,ERR,ERR,ERR,ERR,ERR,ERR,ERR,ERR,ERR,ERR,ERR,ERR,ERR,ERR,ERR,ERR,ERR,ERR,ERR,ERR,ERR,ERR,ERR,ERR,ERR,ERR,ERR,ERR,ERR,ERR,ERR,ERR,ERR,ERR,ERR,ERR,ERR,ERR,ERR,ERR,ERR,ERR,ERR,ERR,ERR,ERR,ERR,ERR,ERR,ERR,ERR,ERR,ERR,ERR,ERR,ERR,ERR,ERR,ERR,ERR,ERR,ERR,ERR,ERR,ERR,ERR,ERR,ERR,ERR,ERR,ERR,ERR,ERR,ERR,ERR,ERR,ERR,ERR,ERR,ERR,ERR,ERR,ERR,ERR,ERR,ERR,ERR,ERR,ERR,ERR,ERR,ERR,ERR,ERR,ERR,ERR,ERR,ERR,ERR,ERR,ERR,ERR,ERR,ERR,ERR,ERR,ERR,ERR,ERR,ERR,ERR,ERR,ERR,ERR,ERR,ERR,ERR,ERR,ERR,ERR,ERR,ERR,0.0,0.0,2.6474835549302285e+23,0.0,0.0,1.3936040501711995e+18,7.805,0.0,0,0,4,0,7116,0.0,100,0.0,0.0,0.0,0.0,0.0,0,0,0,0,0.0,0,0,0,0,0,0,0,0,0,0,0,0,0,0,0,0,0,0,0,0,0,0,0,0,0,0,0,0,0,0,0,0,0,31,40,40,71,65476,0,300,0,0,8,21553,0.0,-107605600.0,0.0,0.0,0.0,0.0,0.0,0.0,0.0,0.0,0.0,0.0,0.0,0.0,0.0,0.0,0.0,0.0,0.0,0.0,0.0,0.0,-2.004,2.004,2.004,-2.004,0.0,0.0,0.0,0.0,4466.0,-3.697178656945629e+19,6940.0,0.0,0.0,0.0,-0.0,0.0,0.0,0.0,0.0,69,-3.222030068424997e+26,0.0,0.0,0.0,0.0,0.0,0.0,0.0,0.0,0,0,0,0.0,0.0,0.0,0.0,0.0,0.0,0.0,0.0,0.0,0.0,0.0,0.0,0.0,0.0,0.0,0.0,0,-107875648.0,69,0.0,138,0.0,-109183328.0,0,0,17087,26215,17103,39322,17082,0,0,0,70,68,100,2.7302399002429377e+23,82.4,-107615456.0,78.3,-0.0,79.0,1,49,50,180,26215,26215,0,0,0.0,0.0,0.0,0.0,-0.0,67.0,0.0,162057.094,0.0,982,0,1011,0,0,0,955,0,1037,0,933,0,793,0,784,0,823,0,7520,0.032,2.5133688800429264e+20,0.0,0.0,784,16797,-0.0,162057.094,-114818.039,-0.0,0.133,6.909358625270745e+28,30.0,70.0,35,0.0,0.0,0.0,0.0,0.0,0.0,0.0,0.0,0.0,0.0,0.0,0.0,0.0,0.0,0.0,0.0,66.0,0,150,71,52,65476,0,300,0,0,8,20529,65476,0,0,44564,70.0,0.0,0.0,0.0,0.0,0.0
2026-09-10T21:14:48,ERR,ERR,ERR,ERR,ERR,ERR,ERR,ERR,ERR,ERR,ERR,ERR,ERR,ERR,ERR,ERR,ERR,ERR,ERR,ERR,ERR,ERR,ERR,ERR,ERR,ERR,ERR,ERR,ERR,ERR,ERR,ERR,ERR,ERR,ERR,ERR,ERR,ERR,ERR,ERR,ERR,ERR,ERR,ERR,ERR,ERR,ERR,ERR,ERR,ERR,ERR,ERR,ERR,ERR,ERR,ERR,ERR,ERR,ERR,ERR,ERR,ERR,ERR,ERR,ERR,ERR,ERR,ERR,ERR,ERR,ERR,ERR,ERR,ERR,ERR,ERR,ERR,ERR,ERR,ERR,ERR,ERR,ERR,ERR,ERR,ERR,ERR,ERR,ERR,ERR,ERR,ERR,ERR,ERR,ERR,ERR,ERR,ERR,ERR,ERR,ERR,ERR,ERR,ERR,ERR,ERR,ERR,ERR,ERR,ERR,ERR,ERR,ERR,ERR,ERR,ERR,ERR,ERR,ERR,ERR,ERR,ERR,ERR,ERR,ERR,0.0,0.0,2.6474835549302285e+23,0.0,0.0,1.3936040501711995e+18,7.805,0.0,0,0,4,0,7116,0.0,100,0.0,0.0,0.0,0.0,0.0,0,0,0,0,0.0,0,0,0,0,0,0,0,0,0,0,0,0,0,0,0,0,0,0,0,0,0,0,0,0,0,0,0,0,0,0,0,0,0,31,40,40,71,65476,0,300,0,0,8,21553,0.0,-107605600.0,0.0,0.0,0.0,0.0,0.0,0.0,0.0,0.0,0.0,0.0,0.0,0.0,0.0,0.0,0.0,0.0,0.0,0.0,0.0,0.0,-2.004,2.004,2.004,-2.004,0.0,0.0,0.0,0.0,4466.0,-3.697178656945629e+19,6940.0,0.0,0.0,0.0,-0.0,0.0,0.0,0.0,0.0,69,-3.222030068424997e+26,0.0,0.0,0.0,0.0,0.0,0.0,0.0,0.0,0,0,0,0.0,0.0,0.0,0.0,0.0,0.0,0.0,0.0,0.0,0.0,0.0,0.0,0.0,0.0,0.0,0.0,0,-107875648.0,69,0.0,138,0.0,-109183328.0,0,0,17087,26215,17103,39322,17082,0,0,0,70,68,100,2.7302399002429377e+23,82.4,-107615456.0,78.3,-0.0,79.0,1,49,50,180,26215,26215,0,0,0.0,0.0,0.0,0.0,-0.0,67.0,0.0,162057.094,0.0,982,0,1011,0,0,0,955,0,1037,0,933,0,793,0,784,0,823,0,7520,0.032,2.5133688800429264e+20,0.0,0.0,784,16797,-0.0,162057.094,-114818.039,-0.0,0.133,6.909358625270745e+28,30.0,70.0,35,0.0,0.0,0.0,0.0,0.0,0.0,0.0,0.0,0.0,0.0,0.0,0.0,0.0,0.0,0.0,0.0,66.0,0,150,71,52,65476,0,300,0,0,8,20529,65476,0,0,44564,70.0,0.0,0.0,0.0,0.0,0.0
2026-09-10T21:14:49,ERR,ERR,ERR,ERR,ERR,ERR,ERR,ERR,ERR,ERR,ERR,ERR,ERR,ERR,ERR,ERR,ERR,ERR,ERR,ERR,ERR,ERR,ERR,ERR,ERR,ERR,ERR,ERR,ERR,ERR,ERR,ERR,ERR,ERR,ERR,ERR,ERR,ERR,ERR,ERR,ERR,ERR,ERR,ERR,ERR,ERR,ERR,ERR,ERR,ERR,ERR,ERR,ERR,ERR,ERR,ERR,ERR,ERR,ERR,ERR,ERR,ERR,ERR,ERR,ERR,ERR,ERR,ERR,ERR,ERR,ERR,ERR,ERR,ERR,ERR,ERR,ERR,ERR,ERR,ERR,ERR,ERR,ERR,ERR,ERR,ERR,ERR,ERR,ERR,ERR,ERR,ERR,ERR,ERR,ERR,ERR,ERR,ERR,ERR,ERR,ERR,ERR,ERR,ERR,ERR,ERR,ERR,ERR,ERR,ERR,ERR,ERR,ERR,ERR,ERR,ERR,ERR,ERR,ERR,ERR,ERR,ERR,ERR,ERR,ERR,0.0,2.7184303811560617e+23,-100794720.0,0.0,0.0,1.3936040501711995e+18,7.805,0.0,0,0,4,0,7116,0.0,100,0.0,0.0,0.0,0.0,0.0,0,0,0,0,0.0,0,0,0,0,0,0,0,0,0,0,0,0,0,0,0,0,0,0,0,0,0,0,0,0,0,0,0,0,0,0,0,0,0,31,40,40,71,65476,0,300,0,0,8,21553,0.0,-107605600.0,0.0,0.0,0.0,0.0,0.0,0.0,0.0,0.0,0.0,0.0,0.0,0.0,0.0,0.0,0.0,0.0,0.0,0.0,0.0,0.0,-2.004,2.004,2.004,-2.004,0.0,0.0,0.0,0.0,4470.0,-8608164864.0,6938.0,0.0,0.0,0.0,-0.0,0.0,0.0,0.0,0.0,69,0.0,-3.221994650676375e+26,0.0,0.0,0.0,0.0,0.0,0.0,0.0,0,0,0,0.0,0.0,0.0,0.0,0.0,0.0,0.0,0.0,0.0,0.0,0.0,0.0,0.0,0.0,0.0,0.0,0,-107875648.0,69,0.0,138,0.0,-109183328.0,0,0,17087,26215,17103,39322,17082,0,0,0,70,68,100,2.7302399002429377e+23,82.4,-107615456.0,78.3,-0.0,79.0,1,49,50,180,26215,26215,0,0,0.0,0.0,0.0,0.0,-0.0,67.0,0.0,162057.094,0.0,982,0,1011,0,0,0,955,0,1037,0,933,0,793,0,784,0,823,0,7520,0.032,2.5133688800429264e+20,0.0,0.0,784,16797,-0.0,162057.094,-114818.039,-0.0,0.133,6.909358625270745e+28,30.0,70.0,35,0.0,0.0,0.0,0.0,0.0,0.0,0.0,0.0,0.0,0.0,0.0,0.0,0.0,0.0,0.0,0.0,66.0,0,150,71,52,65476,0,300,0,0,8,20529,65476,0,0,44564,70.0,0.0,0.0,0.0,0.0,0.0
2026-09-10T21:14:50,ERR,ERR,ERR,ERR,ERR,ERR,ERR,ERR,ERR,ERR,ERR,ERR,ERR,ERR,ERR,ERR,ERR,ERR,ERR,ERR,ERR,ERR,ERR,ERR,ERR,ERR,ERR,ERR,ERR,ERR,ERR,ERR,ERR,ERR,ERR,ERR,ERR,ERR,ERR,ERR,ERR,ERR,ERR,ERR,ERR,ERR,ERR,ERR,ERR,ERR,ERR,ERR,ERR,ERR,ERR,ERR,ERR,ERR,ERR,ERR,ERR,ERR,ERR,ERR,ERR,ERR,ERR,ERR,ERR,ERR,ERR,ERR,ERR,ERR,ERR,ERR,ERR,ERR,ERR,ERR,ERR,ERR,ERR,ERR,ERR,ERR,ERR,ERR,ERR,ERR,ERR,ERR,ERR,ERR,ERR,ERR,ERR,ERR,ERR,ERR,ERR,ERR,ERR,ERR,ERR,ERR,ERR,ERR,ERR,ERR,ERR,ERR,ERR,ERR,ERR,ERR,ERR,ERR,ERR,ERR,ERR,ERR,ERR,ERR,ERR,0.0,2.7184303811560617e+23,-100794720.0,0.0,0.0,1.3936040501711995e+18,7.805,0.0,0,0,4,0,7116,0.0,100,0.0,0.0,0.0,0.0,0.0,0,0,0,0,0.0,0,0,0,0,0,0,0,0,0,0,0,0,0,0,0,0,0,0,0,0,0,0,0,0,0,0,0,0,0,0,0,0,0,31,40,40,71,65476,0,300,0,0,8,21553,0.0,-107605600.0,0.0,0.0,0.0,0.0,0.0,0.0,0.0,0.0,0.0,0.0,0.0,0.0,0.0,0.0,0.0,0.0,0.0,0.0,0.0,0.0,-2.004,2.004,2.004,-2.004,0.0,0.0,0.0,0.0,4470.0,-8608164864.0,6938.0,0.0,0.0,0.0,-0.0,0.0,0.0,0.0,0.0,69,0.0,-3.221994650676375e+26,0.0,0.0,0.0,0.0,0.0,0.0,0.0,0,0,0,0.0,0.0,0.0,0.0,0.0,0.0,0.0,0.0,0.0,0.0,0.0,0.0,0.0,0.0,0.0,0.0,0,-107875648.0,69,0.0,138,0.0,-109183328.0,0,0,17087,26215,17103,39322,17082,0,0,0,70,68,100,-0.0,82.4,-107615456.0,78.3,-0.0,79.0,1,49,50,180,26215,13107,0,0,0.0,0.0,0.0,0.0,-0.0,67.0,0.0,162057.094,0.0,982,0,1011,0,0,0,955,0,1037,0,933,0,793,0,784,0,823,0,7520,0.032,2.4903104499507895e+20,0.0,0.0,784,16797,-0.0,162057.094,-114818.039,-0.0,0.133,6.909358625270745e+28,30.0,70.0,35,0.0,0.0,0.0,0.0,0.0,0.0,0.0,0.0,0.0,0.0,0.0,0.0,0.0,0.0,0.0,0.0,66.0,0,150,71,52,65476,0,300,0,0,8,20529,65476,0,0,44564,70.0,0.0,0.0,0.0,0.0,0.0
2026-09-10T21:14:51,ERR,ERR,ERR,ERR,ERR,ERR,ERR,ERR,ERR,ERR,ERR,ERR,ERR,ERR,ERR,ERR,ERR,ERR,ERR,ERR,ERR,ERR,ERR,ERR,ERR,ERR,ERR,ERR,ERR,ERR,ERR,ERR,ERR,ERR,ERR,ERR,ERR,ERR,ERR,ERR,ERR,ERR,ERR,ERR,ERR,ERR,ERR,ERR,ERR,ERR,ERR,ERR,ERR,ERR,ERR,ERR,ERR,ERR,ERR,ERR,ERR,ERR,ERR,ERR,ERR,ERR,ERR,ERR,ERR,ERR,ERR,ERR,ERR,ERR,ERR,ERR,ERR,ERR,ERR,ERR,ERR,ERR,ERR,ERR,ERR,ERR,ERR,ERR,ERR,ERR,ERR,ERR,ERR,ERR,ERR,ERR,ERR,ERR,ERR,ERR,ERR,ERR,ERR,ERR,ERR,ERR,ERR,ERR,ERR,ERR,ERR,ERR,ERR,ERR,ERR,ERR,ERR,ERR,ERR,ERR,ERR,ERR,ERR,ERR,ERR,0.0,2.7184303811560617e+23,-100794720.0,0.0,0.0,1.3936040501711995e+18,7.805,0.0,0,0,4,0,7116,0.0,100,0.0,0.0,0.0,0.0,0.0,0,0,0,0,0.0,0,0,0,0,0,0,0,0,0,0,0,0,0,0,0,0,0,0,0,0,0,0,0,0,0,0,0,0,0,0,0,0,0,31,40,40,71,65476,0,300,0,0,8,21553,0.0,-107605600.0,0.0,0.0,0.0,0.0,0.0,0.0,0.0,0.0,0.0,0.0,0.0,0.0,0.0,0.0,0.0,0.0,0.0,0.0,0.0,0.0,-2.004,2.004,2.004,-2.004,0.0,0.0,0.0,0.0,4470.0,-8608164864.0,6938.0,0.0,0.0,0.0,-0.0,0.0,0.0,0.0,0.0,69,0.0,-3.221994650676375e+26,0.0,0.0,0.0,0.0,0.0,0.0,0.0,0,0,0,0.0,0.0,0.0,0.0,0.0,0.0,0.0,0.0,0.0,0.0,0.0,0.0,0.0,0.0,0.0,0.0,0,-107875648.0,69,0.0,138,0.0,-109183328.0,0,0,17087,26215,17103,39322,17082,0,0,0,70,68,100,-0.0,82.4,-107615456.0,78.3,-0.0,79.0,1,49,50,180,26215,13107,0,0,0.0,0.0,0.0,0.0,-0.0,67.0,0.0,162057.094,0.0,982,0,1011,0,0,0,955,0,1037,0,933,0,793,0,784,0,823,0,7520,0.032,2.4903104499507895e+20,0.0,0.0,784,16797,-0.0,162057.094,-114818.039,-0.0,0.133,6.909358625270745e+28,30.0,70.0,35,0.0,0.0,0.0,0.0,0.0,0.0,0.0,0.0,0.0,0.0,0.0,0.0,0.0,0.0,0.0,0.0,66.0,0,150,71,52,65476,0,300,0,0,8,20529,65476,0,0,44564,70.0,0.0,0.0,0.0,0.0,0.0
2026-09-10T21:14:52,ERR,ERR,ERR,ERR,ERR,ERR,ERR,ERR,ERR,ERR,ERR,ERR,ERR,ERR,ERR,ERR,ERR,ERR,ERR,ERR,ERR,ERR,ERR,ERR,ERR,ERR,ERR,ERR,ERR,ERR,ERR,ERR,ERR,ERR,ERR,ERR,ERR,ERR,ERR,ERR,ERR,ERR,ERR,ERR,ERR,ERR,ERR,ERR,ERR,ERR,ERR,ERR,ERR,ERR,ERR,ERR,ERR,ERR,ERR,ERR,ERR,ERR,ERR,ERR,ERR,ERR,ERR,ERR,ERR,ERR,ERR,ERR,ERR,ERR,ERR,ERR,ERR,ERR,ERR,ERR,ERR,ERR,ERR,ERR,ERR,ERR,ERR,ERR,ERR,ERR,ERR,ERR,ERR,ERR,ERR,ERR,ERR,ERR,ERR,ERR,ERR,ERR,ERR,ERR,ERR,ERR,ERR,ERR,ERR,ERR,ERR,ERR,ERR,ERR,ERR,ERR,ERR,ERR,ERR,ERR,ERR,ERR,ERR,ERR,ERR,0.0,2.7184303811560617e+23,-100794720.0,0.0,0.0,1.3936040501711995e+18,7.805,0.0,0,0,4,0,7116,0.0,100,0.0,0.0,0.0,0.0,0.0,0,0,0,0,0.0,0,0,0,0,0,0,0,0,0,0,0,0,0,0,0,0,0,0,0,0,0,0,0,0,0,0,0,0,0,0,0,0,0,31,40,40,71,65476,0,300,0,0,8,21553,0.0,-107605600.0,0.0,0.0,0.0,0.0,0.0,0.0,0.0,0.0,0.0,0.0,0.0,0.0,0.0,0.0,0.0,0.0,0.0,0.0,0.0,0.0,-2.004,2.004,2.004,-2.004,0.0,0.0,0.0,0.0,4470.0,-8608164864.0,6938.0,0.0,0.0,0.0,-0.0,0.0,0.0,0.0,0.0,69,0.0,-3.221994650676375e+26,0.0,0.0,0.0,0.0,0.0,0.0,0.0,0,0,0,0.0,0.0,0.0,0.0,0.0,0.0,0.0,0.0,0.0,0.0,0.0,0.0,0.0,0.0,0.0,0.0,0,-107875648.0,69,0.0,138,0.0,-109183328.0,0,0,17087,26215,17103,39322,17082,0,0,0,70,68,100,-0.0,82.4,-107615456.0,78.3,-0.0,79.0,1,49,50,180,26215,13107,0,0,0.0,0.0,0.0,0.0,-0.0,67.0,0.0,162057.094,0.0,982,0,1011,0,0,0,955,0,1037,0,933,0,793,0,784,0,823,0,7520,0.032,2.4903104499507895e+20,0.0,0.0,784,16797,-0.0,162057.094,-114818.039,-0.0,0.133,6.909358625270745e+28,30.0,70.0,35,0.0,0.0,0.0,0.0,0.0,0.0,0.0,0.0,0.0,0.0,0.0,0.0,0.0,0.0,0.0,0.0,66.0,0,150,71,52,65476,0,300,0,0,8,20529,65476,0,0,44564,70.0,0.0,0.0,0.0,0.0,0.0
2026-09-10T21:14:53,ERR,ERR,ERR,ERR,ERR,ERR,ERR,ERR,ERR,ERR,ERR,ERR,ERR,ERR,ERR,ERR,ERR,ERR,ERR,ERR,ERR,ERR,ERR,ERR,ERR,ERR,ERR,ERR,ERR,ERR,ERR,ERR,ERR,ERR,ERR,ERR,ERR,ERR,ERR,ERR,ERR,ERR,ERR,ERR,ERR,ERR,ERR,ERR,ERR,ERR,ERR,ERR,ERR,ERR,ERR,ERR,ERR,ERR,ERR,ERR,ERR,ERR,ERR,ERR,ERR,ERR,ERR,ERR,ERR,ERR,ERR,ERR,ERR,ERR,ERR,ERR,ERR,ERR,ERR,ERR,ERR,ERR,ERR,ERR,ERR,ERR,ERR,ERR,ERR,ERR,ERR,ERR,ERR,ERR,ERR,ERR,ERR,ERR,ERR,ERR,ERR,ERR,ERR,ERR,ERR,ERR,ERR,ERR,ERR,ERR,ERR,ERR,ERR,ERR,ERR,ERR,ERR,ERR,ERR,ERR,ERR,ERR,ERR,ERR,ERR,0.0,2.7184303811560617e+23,-100794720.0,0.0,0.0,1.3936040501711995e+18,7.805,0.0,0,0,4,0,7116,0.0,100,0.0,0.0,0.0,0.0,0.0,0,0,0,0,0.0,0,0,0,0,0,0,0,0,0,0,0,0,0,0,0,0,0,0,0,0,0,0,0,0,0,0,0,0,0,0,0,0,0,31,40,40,71,65476,0,300,0,0,8,21553,0.0,-107605600.0,0.0,0.0,0.0,0.0,0.0,0.0,0.0,0.0,0.0,0.0,0.0,0.0,0.0,0.0,0.0,0.0,0.0,0.0,0.0,0.0,-2.004,2.004,2.004,-2.004,0.0,0.0,0.0,0.0,4470.0,-8608164864.0,6938.0,0.0,0.0,0.0,-0.0,0.0,0.0,0.0,0.0,69,0.0,-3.221994650676375e+26,0.0,0.0,0.0,0.0,0.0,0.0,0.0,0,0,0,0.0,0.0,0.0,0.0,0.0,0.0,0.0,0.0,0.0,0.0,0.0,0.0,0.0,0.0,0.0,0.0,0,-107875648.0,69,0.0,138,0.0,-109183328.0,0,0,17087,26215,17103,39322,17082,0,0,0,70,68,100,-0.0,82.4,-107615456.0,78.3,-0.0,79.0,1,49,50,180,26215,13107,0,0,0.0,0.0,0.0,0.0,-0.0,67.0,0.0,162057.094,0.0,982,0,1011,0,0,0,955,0,1037,0,933,0,793,0,784,0,823,0,7520,0.032,2.4903104499507895e+20,0.0,0.0,784,16797,-0.0,162057.094,-114818.039,-0.0,0.133,6.909358625270745e+28,30.0,70.0,35,0.0,0.0,0.0,0.0,0.0,0.0,0.0,0.0,0.0,0.0,0.0,0.0,0.0,0.0,0.0,0.0,66.0,0,150,71,52,65476,0,300,0,0,8,20529,65476,0,0,44564,70.0,0.0,0.0,0.0,0.0,0.0
2026-09-10T21:14:54,ERR,ERR,ERR,ERR,ERR,ERR,ERR,ERR,ERR,ERR,ERR,ERR,ERR,ERR,ERR,ERR,ERR,ERR,ERR,ERR,ERR,ERR,ERR,ERR,ERR,ERR,ERR,ERR,ERR,ERR,ERR,ERR,ERR,ERR,ERR,ERR,ERR,ERR,ERR,ERR,ERR,ERR,ERR,ERR,ERR,ERR,ERR,ERR,ERR,ERR,ERR,ERR,ERR,ERR,ERR,ERR,ERR,ERR,ERR,ERR,ERR,ERR,ERR,ERR,ERR,ERR,ERR,ERR,ERR,ERR,ERR,ERR,ERR,ERR,ERR,ERR,ERR,ERR,ERR,ERR,ERR,ERR,ERR,ERR,ERR,ERR,ERR,ERR,ERR,ERR,ERR,ERR,ERR,ERR,ERR,ERR,ERR,ERR,ERR,ERR,ERR,ERR,ERR,ERR,ERR,ERR,ERR,ERR,ERR,ERR,ERR,ERR,ERR,ERR,ERR,ERR,ERR,ERR,ERR,ERR,ERR,ERR,ERR,ERR,ERR,0.0,2.7184303811560617e+23,-100794720.0,0.0,0.0,1.3936040501711995e+18,7.805,0.0,0,0,4,0,7116,0.0,100,0.0,0.0,0.0,0.0,0.0,0,0,0,0,0.0,0,0,0,0,0,0,0,0,0,0,0,0,0,0,0,0,0,0,0,0,0,0,0,0,0,0,0,0,0,0,0,0,0,31,40,40,71,65476,0,300,0,0,8,21553,0.0,-107605600.0,0.0,0.0,0.0,0.0,0.0,0.0,0.0,0.0,0.0,0.0,0.0,0.0,0.0,0.0,0.0,0.0,0.0,0.0,0.0,0.0,-2.004,2.004,2.004,-2.004,0.0,0.0,0.0,0.0,4470.0,-8608164864.0,6938.0,0.0,0.0,0.0,-0.0,0.0,0.0,0.0,0.0,69,0.0,-3.221994650676375e+26,0.0,0.0,0.0,0.0,0.0,0.0,0.0,0,0,0,0.0,0.0,0.0,0.0,0.0,0.0,0.0,0.0,0.0,0.0,0.0,0.0,0.0,0.0,0.0,0.0,0,-107875648.0,69,0.0,138,0.0,-109183328.0,0,0,17087,26215,17103,39322,17082,0,0,0,70,68,100,-0.0,82.4,-107615456.0,78.3,-0.0,79.0,1,49,50,180,26215,13107,0,0,0.0,0.0,0.0,0.0,-0.0,67.0,0.0,162057.094,0.0,982,0,1011,0,0,0,955,0,1037,0,933,0,793,0,784,0,823,0,7520,0.032,2.4903104499507895e+20,0.0,0.0,784,16797,-0.0,162057.094,-114818.039,-0.0,0.133,6.909358625270745e+28,30.0,70.0,35,0.0,0.0,0.0,0.0,0.0,0.0,0.0,0.0,0.0,0.0,0.0,0.0,0.0,0.0,0.0,0.0,66.0,0,150,71,52,65476,0,300,0,0,8,20529,65476,0,0,44564,70.0,0.0,0.0,0.0,0.0,0.0
2026-09-10T21:14:55,ERR,ERR,ERR,ERR,ERR,ERR,ERR,ERR,ERR,ERR,ERR,ERR,ERR,ERR,ERR,ERR,ERR,ERR,ERR,ERR,ERR,ERR,ERR,ERR,ERR,ERR,ERR,ERR,ERR,ERR,ERR,ERR,ERR,ERR,ERR,ERR,ERR,ERR,ERR,ERR,ERR,ERR,ERR,ERR,ERR,ERR,ERR,ERR,ERR,ERR,ERR,ERR,ERR,ERR,ERR,ERR,ERR,ERR,ERR,ERR,ERR,ERR,ERR,ERR,ERR,ERR,ERR,ERR,ERR,ERR,ERR,ERR,ERR,ERR,ERR,ERR,ERR,ERR,ERR,ERR,ERR,ERR,ERR,ERR,ERR,ERR,ERR,ERR,ERR,ERR,ERR,ERR,ERR,ERR,ERR,ERR,ERR,ERR,ERR,ERR,ERR,ERR,ERR,ERR,ERR,ERR,ERR,ERR,ERR,ERR,ERR,ERR,ERR,ERR,ERR,ERR,ERR,ERR,ERR,ERR,ERR,ERR,ERR,ERR,ERR,0.0,2.7184303811560617e+23,-100794720.0,0.0,0.0,1.3936040501711995e+18,7.805,0.0,0,0,4,0,7116,0.0,100,0.0,0.0,0.0,0.0,0.0,0,0,0,0,0.0,0,0,0,0,0,0,0,0,0,0,0,0,0,0,0,0,0,0,0,0,0,0,0,0,0,0,0,0,0,0,0,0,0,31,40,40,71,65476,0,300,0,0,8,21553,0.0,-107605600.0,0.0,0.0,0.0,0.0,0.0,0.0,0.0,0.0,0.0,0.0,0.0,0.0,0.0,0.0,0.0,0.0,0.0,0.0,0.0,0.0,-2.004,2.004,2.004,-2.004,0.0,0.0,0.0,0.0,4470.0,-8608164864.0,6938.0,0.0,0.0,0.0,-0.0,0.0,0.0,0.0,0.0,69,0.0,-3.221994650676375e+26,0.0,0.0,0.0,0.0,0.0,0.0,0.0,0,0,0,0.0,0.0,0.0,0.0,0.0,0.0,0.0,0.0,0.0,0.0,0.0,0.0,0.0,0.0,0.0,0.0,0,-107875648.0,69,0.0,138,0.0,-109183328.0,0,0,17087,26215,17103,39322,17082,0,0,0,70,68,100,-0.0,82.4,-107615456.0,78.3,-0.0,79.0,1,49,50,180,26215,13107,0,0,0.0,0.0,0.0,0.0,-0.0,67.0,0.0,162057.094,0.0,982,0,1011,0,0,0,955,0,1037,0,933,0,793,0,784,0,822,0,7520,0.032,2.5133688800429264e+20,0.0,0.0,784,16797,-0.0,162057.094,-114818.039,-0.0,0.133,6.909358625270745e+28,30.0,70.0,35,0.0,0.0,0.0,0.0,0.0,0.0,0.0,0.0,0.0,0.0,0.0,0.0,0.0,0.0,0.0,0.0,66.0,0,150,71,52,65476,0,300,0,0,8,20529,65476,0,0,44564,70.0,0.0,0.0,0.0,0.0,0.0
2026-09-10T21:14:56,ERR,ERR,ERR,ERR,ERR,ERR,ERR,ERR,ERR,ERR,ERR,ERR,ERR,ERR,ERR,ERR,ERR,ERR,ERR,ERR,ERR,ERR,ERR,ERR,ERR,ERR,ERR,ERR,ERR,ERR,ERR,ERR,ERR,ERR,ERR,ERR,ERR,ERR,ERR,ERR,ERR,ERR,ERR,ERR,ERR,ERR,ERR,ERR,ERR,ERR,ERR,ERR,ERR,ERR,ERR,ERR,ERR,ERR,ERR,ERR,ERR,ERR,ERR,ERR,ERR,ERR,ERR,ERR,ERR,ERR,ERR,ERR,ERR,ERR,ERR,ERR,ERR,ERR,ERR,ERR,ERR,ERR,ERR,ERR,ERR,ERR,ERR,ERR,ERR,ERR,ERR,ERR,ERR,ERR,ERR,ERR,ERR,ERR,ERR,ERR,ERR,ERR,ERR,ERR,ERR,ERR,ERR,ERR,ERR,ERR,ERR,ERR,ERR,ERR,ERR,ERR,ERR,ERR,ERR,ERR,ERR,ERR,ERR,ERR,ERR,0.0,2.7184303811560617e+23,-100794720.0,0.0,0.0,1.3936040501711995e+18,7.805,0.0,0,0,4,0,7116,0.0,100,0.0,0.0,0.0,0.0,0.0,0,0,0,0,0.0,0,0,0,0,0,0,0,0,0,0,0,0,0,0,0,0,0,0,0,0,0,0,0,0,0,0,0,0,0,0,0,0,0,31,40,40,71,65476,0,300,0,0,8,21553,0.0,-107605600.0,0.0,0.0,0.0,0.0,0.0,0.0,0.0,0.0,0.0,0.0,0.0,0.0,0.0,0.0,0.0,0.0,0.0,0.0,0.0,0.0,-2.004,2.004,2.004,-2.004,0.0,0.0,0.0,0.0,4470.0,-8608164864.0,6938.0,0.0,0.0,0.0,-0.0,0.0,0.0,0.0,0.0,69,0.0,-3.221994650676375e+26,0.0,0.0,0.0,0.0,0.0,0.0,0.0,0,0,0,0.0,0.0,0.0,0.0,0.0,0.0,0.0,0.0,0.0,0.0,0.0,0.0,0.0,0.0,0.0,0.0,0,-107875648.0,69,0.0,138,0.0,-109183328.0,0,0,17087,26215,17103,39322,17082,0,0,0,70,68,100,-0.0,82.4,-107615456.0,78.3,-0.0,79.0,1,49,50,180,26215,13107,0,0,0.0,0.0,0.0,0.0,-0.0,67.0,0.0,162057.094,0.0,982,0,1011,0,0,0,955,0,1037,0,933,0,793,0,784,0,822,0,7520,0.032,2.5133688800429264e+20,0.0,0.0,784,16797,-0.0,162057.094,-114818.039,-0.0,0.133,6.909358625270745e+28,30.0,70.0,35,0.0,0.0,0.0,0.0,0.0,0.0,0.0,0.0,0.0,0.0,0.0,0.0,0.0,0.0,0.0,0.0,66.0,0,150,71,52,65476,0,300,0,0,8,20529,65476,0,0,44564,70.0,0.0,0.0,0.0,0.0,0.0
2026-09-10T21:14:57,ERR,ERR,ERR,ERR,ERR,ERR,ERR,ERR,ERR,ERR,ERR,ERR,ERR,ERR,ERR,ERR,ERR,ERR,ERR,ERR,ERR,ERR,ERR,ERR,ERR,ERR,ERR,ERR,ERR,ERR,ERR,ERR,ERR,ERR,ERR,ERR,ERR,ERR,ERR,ERR,ERR,ERR,ERR,ERR,ERR,ERR,ERR,ERR,ERR,ERR,ERR,ERR,ERR,ERR,ERR,ERR,ERR,ERR,ERR,ERR,ERR,ERR,ERR,ERR,ERR,ERR,ERR,ERR,ERR,ERR,ERR,ERR,ERR,ERR,ERR,ERR,ERR,ERR,ERR,ERR,ERR,ERR,ERR,ERR,ERR,ERR,ERR,ERR,ERR,ERR,ERR,ERR,ERR,ERR,ERR,ERR,ERR,ERR,ERR,ERR,ERR,ERR,ERR,ERR,ERR,ERR,ERR,ERR,ERR,ERR,ERR,ERR,ERR,ERR,ERR,ERR,ERR,ERR,ERR,ERR,ERR,ERR,ERR,ERR,ERR,0.0,0.0,2.6474835549302285e+23,0.0,0.0,1.3936040501711995e+18,7.805,0.0,0,0,4,0,7116,0.0,100,0.0,0.0,0.0,0.0,0.0,0,0,0,0,0.0,0,0,0,0,0,0,0,0,0,0,0,0,0,0,0,0,0,0,0,0,0,0,0,0,0,0,0,0,0,0,0,0,0,31,40,40,71,65476,0,300,0,0,8,21553,0.0,-107605600.0,0.0,0.0,0.0,0.0,0.0,0.0,0.0,0.0,0.0,0.0,0.0,0.0,0.0,0.0,0.0,0.0,0.0,0.0,0.0,0.0,-2.004,2.004,2.004,-2.004,0.0,0.0,0.0,0.0,4471.0,-0.0,6933.0,-107615312.0,0.0,0.0,-0.0,0.0,0.0,0.0,0.0,69,0.0,-71.629,0.0,0.0,0.0,0.0,0.0,0.0,0.0,0,0,0,0.0,0.0,0.0,0.0,0.0,0.0,0.0,0.0,0.0,0.0,0.0,0.0,0.0,0.0,0.0,0.0,0,-107875648.0,69,0.0,138,0.0,-109183328.0,0,0,17087,26215,17103,39322,17082,0,0,0,70,68,100,-0.0,82.4,-107615456.0,78.3,-0.0,79.0,1,49,50,180,26215,13107,0,0,0.0,0.0,0.0,0.0,-0.0,67.0,0.0,162057.094,0.0,982,0,1011,0,0,0,955,0,1037,0,933,0,793,0,784,0,822,0,7520,0.032,2.5133688800429264e+20,0.0,0.0,784,16797,-0.0,162057.094,-114818.039,-0.0,0.133,6.909358625270745e+28,30.0,70.0,35,0.0,0.0,0.0,0.0,0.0,0.0,0.0,0.0,0.0,0.0,0.0,0.0,0.0,0.0,0.0,0.0,66.0,0,150,71,52,65476,0,300,0,0,8,20529,65476,0,0,44564,70.0,0.0,0.0,0.0,0.0,0.0
2026-09-10T21:14:58,ERR,ERR,ERR,ERR,ERR,ERR,ERR,ERR,ERR,ERR,ERR,ERR,ERR,ERR,ERR,ERR,ERR,ERR,ERR,ERR,ERR,ERR,ERR,ERR,ERR,ERR,ERR,ERR,ERR,ERR,ERR,ERR,ERR,ERR,ERR,ERR,ERR,ERR,ERR,ERR,ERR,ERR,ERR,ERR,ERR,ERR,ERR,ERR,ERR,ERR,ERR,ERR,ERR,ERR,ERR,ERR,ERR,ERR,ERR,ERR,ERR,ERR,ERR,ERR,ERR,ERR,ERR,ERR,ERR,ERR,ERR,ERR,ERR,ERR,ERR,ERR,ERR,ERR,ERR,ERR,ERR,ERR,ERR,ERR,ERR,ERR,ERR,ERR,ERR,ERR,ERR,ERR,ERR,ERR,ERR,ERR,ERR,ERR,ERR,ERR,ERR,ERR,ERR,ERR,ERR,ERR,ERR,ERR,ERR,ERR,ERR,ERR,ERR,ERR,ERR,ERR,ERR,ERR,ERR,ERR,ERR,ERR,ERR,ERR,ERR,0.0,0.0,2.6474835549302285e+23,0.0,0.0,1.3936040501711995e+18,7.805,0.0,0,0,4,0,7116,0.0,100,0.0,0.0,0.0,0.0,0.0,0,0,0,0,0.0,0,0,0,0,0,0,0,0,0,0,0,0,0,0,0,0,0,0,0,0,0,0,0,0,0,0,0,0,0,0,0,0,0,31,40,40,71,65476,0,300,0,0,8,21553,0.0,-107605600.0,0.0,0.0,0.0,0.0,0.0,0.0,0.0,0.0,0.0,0.0,0.0,0.0,0.0,0.0,0.0,0.0,0.0,0.0,0.0,0.0,-2.004,2.004,2.004,-2.004,0.0,0.0,0.0,0.0,4471.0,-0.0,6933.0,-107615312.0,0.0,0.0,-0.0,0.0,0.0,0.0,0.0,69,0.0,-71.629,0.0,0.0,0.0,0.0,0.0,0.0,0.0,0,0,0,0.0,0.0,0.0,0.0,0.0,0.0,0.0,0.0,0.0,0.0,0.0,0.0,0.0,0.0,0.0,0.0,0,-107875648.0,69,0.0,138,0.0,-109183328.0,0,0,17087,26215,17103,39322,17082,0,0,0,70,68,100,-0.0,82.4,-107615456.0,78.3,-0.0,79.0,1,49,50,180,26215,13107,0,0,0.0,0.0,0.0,0.0,-0.0,67.0,0.0,162057.094,0.0,982,0,1011,0,0,0,955,0,1037,0,933,0,793,0,784,0,822,0,7520,0.032,2.5133688800429264e+20,0.0,0.0,784,16797,-0.0,162057.094,-114818.039,-0.0,0.133,6.909358625270745e+28,30.0,70.0,35,0.0,0.0,0.0,0.0,0.0,0.0,0.0,0.0,0.0,0.0,0.0,0.0,0.0,0.0,0.0,0.0,66.0,0,150,71,52,65476,0,300,0,0,8,20529,65476,0,0,44564,70.0,0.0,0.0,0.0,0.0,0.0
2026-09-10T21:14:59,ERR,ERR,ERR,ERR,ERR,ERR,ERR,ERR,ERR,ERR,ERR,ERR,ERR,ERR,ERR,ERR,ERR,ERR,ERR,ERR,ERR,ERR,ERR,ERR,ERR,ERR,ERR,ERR,ERR,ERR,ERR,ERR,ERR,ERR,ERR,ERR,ERR,ERR,ERR,ERR,ERR,ERR,ERR,ERR,ERR,ERR,ERR,ERR,ERR,ERR,ERR,ERR,ERR,ERR,ERR,ERR,ERR,ERR,ERR,ERR,ERR,ERR,ERR,ERR,ERR,ERR,ERR,ERR,ERR,ERR,ERR,ERR,ERR,ERR,ERR,ERR,ERR,ERR,ERR,ERR,ERR,ERR,ERR,ERR,ERR,ERR,ERR,ERR,ERR,ERR,ERR,ERR,ERR,ERR,ERR,ERR,ERR,ERR,ERR,ERR,ERR,ERR,ERR,ERR,ERR,ERR,ERR,ERR,ERR,ERR,ERR,ERR,ERR,ERR,ERR,ERR,ERR,ERR,ERR,ERR,ERR,ERR,ERR,ERR,ERR,0.0,0.0,2.6474835549302285e+23,0.0,0.0,1.3936040501711995e+18,7.805,0.0,0,0,4,0,7116,0.0,100,0.0,0.0,0.0,0.0,0.0,0,0,0,0,0.0,0,0,0,0,0,0,0,0,0,0,0,0,0,0,0,0,0,0,0,0,0,0,0,0,0,0,0,0,0,0,0,0,0,31,40,40,71,65476,0,300,0,0,8,21553,0.0,-107605600.0,0.0,0.0,0.0,0.0,0.0,0.0,0.0,0.0,0.0,0.0,0.0,0.0,0.0,0.0,0.0,0.0,0.0,0.0,0.0,0.0,-2.004,2.004,2.004,-2.004,0.0,0.0,0.0,0.0,4471.0,-0.0,6933.0,-107615312.0,0.0,0.0,-0.0,0.0,0.0,0.0,0.0,69,0.0,-71.629,0.0,0.0,0.0,0.0,0.0,0.0,0.0,0,0,0,0.0,0.0,0.0,0.0,0.0,0.0,0.0,0.0,0.0,0.0,0.0,0.0,0.0,0.0,0.0,0.0,0,-107875648.0,69,0.0,138,0.0,-109183328.0,0,0,17087,26215,17103,39322,17082,0,0,0,70,68,100,-0.0,82.4,-107615456.0,78.3,-0.0,79.0,1,49,50,180,26215,13107,0,0,0.0,0.0,0.0,0.0,-0.0,67.0,0.0,162057.094,0.0,982,0,1011,0,0,0,955,0,1037,0,933,0,793,0,784,0,822,0,7520,0.032,2.5133688800429264e+20,0.0,0.0,784,16797,-0.0,162057.094,-114818.039,-0.0,0.133,6.909358625270745e+28,30.0,70.0,35,0.0,0.0,0.0,0.0,0.0,0.0,0.0,0.0,0.0,0.0,0.0,0.0,0.0,0.0,0.0,0.0,66.0,0,150,71,52,65476,0,300,0,0,8,20529,65476,0,0,44564,70.0,0.0,0.0,0.0,0.0,0.0
2026-09-10T21:15:00,ERR,ERR,ERR,ERR,ERR,ERR,ERR,ERR,ERR,ERR,ERR,ERR,ERR,ERR,ERR,ERR,ERR,ERR,ERR,ERR,ERR,ERR,ERR,ERR,ERR,ERR,ERR,ERR,ERR,ERR,ERR,ERR,ERR,ERR,ERR,ERR,ERR,ERR,ERR,ERR,ERR,ERR,ERR,ERR,ERR,ERR,ERR,ERR,ERR,ERR,ERR,ERR,ERR,ERR,ERR,ERR,ERR,ERR,ERR,ERR,ERR,ERR,ERR,ERR,ERR,ERR,ERR,ERR,ERR,ERR,ERR,ERR,ERR,ERR,ERR,ERR,ERR,ERR,ERR,ERR,ERR,ERR,ERR,ERR,ERR,ERR,ERR,ERR,ERR,ERR,ERR,ERR,ERR,ERR,ERR,ERR,ERR,ERR,ERR,ERR,ERR,ERR,ERR,ERR,ERR,ERR,ERR,ERR,ERR,ERR,ERR,ERR,ERR,ERR,ERR,ERR,ERR,ERR,ERR,ERR,ERR,ERR,ERR,ERR,ERR,0.0,0.0,2.6474835549302285e+23,0.0,0.0,1.3936040501711995e+18,7.805,0.0,0,0,4,0,7116,0.0,100,0.0,0.0,0.0,0.0,0.0,0,0,0,0,0.0,0,0,0,0,0,0,0,0,0,0,0,0,0,0,0,0,0,0,0,0,0,0,0,0,0,0,0,0,0,0,0,0,0,31,40,40,71,65476,0,300,0,0,8,21553,0.0,-107605600.0,0.0,0.0,0.0,0.0,0.0,0.0,0.0,0.0,0.0,0.0,0.0,0.0,0.0,0.0,0.0,0.0,0.0,0.0,0.0,0.0,-2.004,2.004,2.004,-2.004,0.0,0.0,0.0,0.0,4471.0,-0.0,6933.0,-107615312.0,0.0,0.0,-0.0,0.0,0.0,0.0,0.0,69,0.0,-71.629,0.0,0.0,0.0,0.0,0.0,0.0,0.0,0,0,0,0.0,0.0,0.0,0.0,0.0,0.0,0.0,0.0,0.0,0.0,0.0,0.0,0.0,0.0,0.0,0.0,0,-107875648.0,69,0.0,138,0.0,-109183328.0,0,0,17087,26215,17103,39322,17082,0,0,0,70,68,100,-0.0,82.4,-107615456.0,78.3,-0.0,79.0,1,49,50,180,26215,13107,0,0,0.0,0.0,0.0,0.0,-0.0,67.0,0.0,162057.094,0.0,982,0,1011,0,0,0,955,0,1037,0,933,0,793,0,784,0,822,0,7520,0.032,2.5133688800429264e+20,0.0,0.0,784,16797,-0.0,162057.094,-114818.039,-0.0,0.133,6.909358625270745e+28,30.0,70.0,35,0.0,0.0,0.0,0.0,0.0,0.0,0.0,0.0,0.0,0.0,0.0,0.0,0.0,0.0,0.0,0.0,66.4,0,150,71,52,65476,0,300,0,0,8,20529,65476,0,0,44564,70.0,0.0,0.0,0.0,0.0,0.0
2026-09-10T21:15:01,ERR,ERR,ERR,ERR,ERR,ERR,ERR,ERR,ERR,ERR,ERR,ERR,ERR,ERR,ERR,ERR,ERR,ERR,ERR,ERR,ERR,ERR,ERR,ERR,ERR,ERR,ERR,ERR,ERR,ERR,ERR,ERR,ERR,ERR,ERR,ERR,ERR,ERR,ERR,ERR,ERR,ERR,ERR,ERR,ERR,ERR,ERR,ERR,ERR,ERR,ERR,ERR,ERR,ERR,ERR,ERR,ERR,ERR,ERR,ERR,ERR,ERR,ERR,ERR,ERR,ERR,ERR,ERR,ERR,ERR,ERR,ERR,ERR,ERR,ERR,ERR,ERR,ERR,ERR,ERR,ERR,ERR,ERR,ERR,ERR,ERR,ERR,ERR,ERR,ERR,ERR,ERR,ERR,ERR,ERR,ERR,ERR,ERR,ERR,ERR,ERR,ERR,ERR,ERR,ERR,ERR,ERR,ERR,ERR,ERR,ERR,ERR,ERR,ERR,ERR,ERR,ERR,ERR,ERR,ERR,ERR,ERR,ERR,ERR,ERR,0.0,0.0,2.6474835549302285e+23,0.0,0.0,1.3936040501711995e+18,7.805,0.0,0,0,4,0,7116,0.0,100,0.0,0.0,0.0,0.0,0.0,0,0,0,0,0.0,0,0,0,0,0,0,0,0,0,0,0,0,0,0,0,0,0,0,0,0,0,0,0,0,0,0,0,0,0,0,0,0,0,31,40,40,71,65476,0,300,0,0,8,21553,0.0,-107605600.0,0.0,0.0,0.0,0.0,0.0,0.0,0.0,0.0,0.0,0.0,0.0,0.0,0.0,0.0,0.0,0.0,0.0,0.0,0.0,0.0,-2.004,2.004,2.004,-2.004,0.0,0.0,0.0,0.0,4471.0,-0.0,6933.0,-107615312.0,0.0,0.0,-0.0,0.0,0.0,0.0,0.0,69,0.0,-71.629,0.0,0.0,0.0,0.0,0.0,0.0,0.0,0,0,0,0.0,0.0,0.0,0.0,0.0,0.0,0.0,0.0,0.0,0.0,0.0,0.0,0.0,0.0,0.0,0.0,0,-107875648.0,69,0.0,138,0.0,-109183328.0,0,0,17087,26215,17103,39322,17082,0,0,0,70,68,100,2.7302399002429377e+23,82.4,-107615456.0,78.3,-0.0,79.0,1,49,50,180,26215,13107,0,0,0.0,0.0,0.0,0.0,-0.0,67.0,0.0,162057.094,0.0,982,0,1011,0,0,0,955,0,1037,0,933,0,793,0,784,0,822,0,7520,0.032,2.282784579121557e+20,0.0,0.0,784,16797,-0.0,162057.094,-114818.039,-0.0,0.133,6.909358625270745e+28,30.0,70.0,35,0.0,0.0,0.0,0.0,0.0,0.0,0.0,0.0,0.0,0.0,0.0,0.0,0.0,0.0,0.0,0.0,66.4,0,150,71,52,65476,0,300,0,0,8,20529,65476,0,0,44564,70.0,0.0,0.0,0.0,0.0,0.0
2026-09-10T21:15:02,ERR,ERR,ERR,ERR,ERR,ERR,ERR,ERR,ERR,ERR,ERR,ERR,ERR,ERR,ERR,ERR,ERR,ERR,ERR,ERR,ERR,ERR,ERR,ERR,ERR,ERR,ERR,ERR,ERR,ERR,ERR,ERR,ERR,ERR,ERR,ERR,ERR,ERR,ERR,ERR,ERR,ERR,ERR,ERR,ERR,ERR,ERR,ERR,ERR,ERR,ERR,ERR,ERR,ERR,ERR,ERR,ERR,ERR,ERR,ERR,ERR,ERR,ERR,ERR,ERR,ERR,ERR,ERR,ERR,ERR,ERR,ERR,ERR,ERR,ERR,ERR,ERR,ERR,ERR,ERR,ERR,ERR,ERR,ERR,ERR,ERR,ERR,ERR,ERR,ERR,ERR,ERR,ERR,ERR,ERR,ERR,ERR,ERR,ERR,ERR,ERR,ERR,ERR,ERR,ERR,ERR,ERR,ERR,ERR,ERR,ERR,ERR,ERR,ERR,ERR,ERR,ERR,ERR,ERR,ERR,ERR,ERR,ERR,ERR,ERR,0.0,0.0,2.6474835549302285e+23,0.0,0.0,1.3936040501711995e+18,7.805,0.0,0,0,4,0,7116,0.0,100,0.0,0.0,0.0,0.0,0.0,0,0,0,0,0.0,0,0,0,0,0,0,0,0,0,0,0,0,0,0,0,0,0,0,0,0,0,0,0,0,0,0,0,0,0,0,0,0,0,31,40,40,71,65476,0,300,0,0,8,21553,0.0,-107605600.0,0.0,0.0,0.0,0.0,0.0,0.0,0.0,0.0,0.0,0.0,0.0,0.0,0.0,0.0,0.0,0.0,0.0,0.0,0.0,0.0,-2.004,2.004,2.004,-2.004,0.0,0.0,0.0,0.0,4471.0,-0.0,6933.0,-107615312.0,0.0,0.0,-0.0,0.0,0.0,0.0,0.0,69,0.0,-71.629,0.0,0.0,0.0,0.0,0.0,0.0,0.0,0,0,0,0.0,0.0,0.0,0.0,0.0,0.0,0.0,0.0,0.0,0.0,0.0,0.0,0.0,0.0,0.0,0.0,0,-107875648.0,69,0.0,138,0.0,-109183328.0,0,0,17087,26215,17103,39322,17082,0,0,0,70,68,100,2.7302399002429377e+23,82.4,-107615456.0,78.3,-0.0,79.0,1,49,50,180,26215,13107,0,0,0.0,0.0,0.0,0.0,-0.0,67.0,0.0,162057.094,0.0,982,0,1011,0,0,0,955,0,1037,0,933,0,793,0,784,0,822,0,7520,0.032,2.282784579121557e+20,0.0,0.0,784,16797,-0.0,162057.094,-114818.039,-0.0,0.133,6.909358625270745e+28,30.0,70.0,35,0.0,0.0,0.0,0.0,0.0,0.0,0.0,0.0,0.0,0.0,0.0,0.0,0.0,0.0,0.0,0.0,66.4,0,150,71,52,65476,0,300,0,0,8,20529,65476,0,0,44564,70.0,0.0,0.0,0.0,0.0,0.0
2026-09-10T21:15:03,ERR,ERR,ERR,ERR,ERR,ERR,ERR,ERR,ERR,ERR,ERR,ERR,ERR,ERR,ERR,ERR,ERR,ERR,ERR,ERR,ERR,ERR,ERR,ERR,ERR,ERR,ERR,ERR,ERR,ERR,ERR,ERR,ERR,ERR,ERR,ERR,ERR,ERR,ERR,ERR,ERR,ERR,ERR,ERR,ERR,ERR,ERR,ERR,ERR,ERR,ERR,ERR,ERR,ERR,ERR,ERR,ERR,ERR,ERR,ERR,ERR,ERR,ERR,ERR,ERR,ERR,ERR,ERR,ERR,ERR,ERR,ERR,ERR,ERR,ERR,ERR,ERR,ERR,ERR,ERR,ERR,ERR,ERR,ERR,ERR,ERR,ERR,ERR,ERR,ERR,ERR,ERR,ERR,ERR,ERR,ERR,ERR,ERR,ERR,ERR,ERR,ERR,ERR,ERR,ERR,ERR,ERR,ERR,ERR,ERR,ERR,ERR,ERR,ERR,ERR,ERR,ERR,ERR,ERR,ERR,ERR,ERR,ERR,ERR,ERR,0.0,0.0,2.6474835549302285e+23,0.0,0.0,1.3936040501711995e+18,7.805,0.0,0,0,4,0,7116,0.0,100,0.0,0.0,0.0,0.0,0.0,0,0,0,0,0.0,0,0,0,0,0,0,0,0,0,0,0,0,0,0,0,0,0,0,0,0,0,0,0,0,0,0,0,0,0,0,0,0,0,31,40,40,71,65476,0,300,0,0,8,21553,0.0,-107605600.0,0.0,0.0,0.0,0.0,0.0,0.0,0.0,0.0,0.0,0.0,0.0,0.0,0.0,0.0,0.0,0.0,0.0,0.0,0.0,0.0,-2.004,2.004,2.004,-2.004,0.0,0.0,0.0,0.0,4471.0,-0.0,6933.0,-107615312.0,0.0,0.0,-0.0,0.0,0.0,0.0,0.0,69,0.0,-71.629,0.0,0.0,0.0,0.0,0.0,0.0,0.0,0,0,0,0.0,0.0,0.0,0.0,0.0,0.0,0.0,0.0,0.0,0.0,0.0,0.0,0.0,0.0,0.0,0.0,0,-107875648.0,69,0.0,138,0.0,-109183328.0,0,0,17087,26215,17103,39322,17082,0,0,0,70,68,100,2.7302399002429377e+23,82.4,-107615456.0,78.3,-0.0,79.0,1,49,50,180,26215,13107,0,0,0.0,0.0,0.0,0.0,-0.0,67.0,0.0,162057.094,0.0,982,0,1011,0,0,0,955,0,1037,0,933,0,793,0,784,0,822,0,7520,0.032,2.282784579121557e+20,0.0,0.0,784,16797,-0.0,162057.094,-114818.039,-0.0,0.133,6.909358625270745e+28,30.0,70.0,35,0.0,0.0,0.0,0.0,0.0,0.0,0.0,0.0,0.0,0.0,0.0,0.0,0.0,0.0,0.0,0.0,66.0,0,150,71,52,65476,0,300,0,0,8,20529,65476,0,0,44564,70.0,0.0,0.0,0.0,0.0,0.0
2026-09-10T21:15:04,ERR,ERR,ERR,ERR,ERR,ERR,ERR,ERR,ERR,ERR,ERR,ERR,ERR,ERR,ERR,ERR,ERR,ERR,ERR,ERR,ERR,ERR,ERR,ERR,ERR,ERR,ERR,ERR,ERR,ERR,ERR,ERR,ERR,ERR,ERR,ERR,ERR,ERR,ERR,ERR,ERR,ERR,ERR,ERR,ERR,ERR,ERR,ERR,ERR,ERR,ERR,ERR,ERR,ERR,ERR,ERR,ERR,ERR,ERR,ERR,ERR,ERR,ERR,ERR,ERR,ERR,ERR,ERR,ERR,ERR,ERR,ERR,ERR,ERR,ERR,ERR,ERR,ERR,ERR,ERR,ERR,ERR,ERR,ERR,ERR,ERR,ERR,ERR,ERR,ERR,ERR,ERR,ERR,ERR,ERR,ERR,ERR,ERR,ERR,ERR,ERR,ERR,ERR,ERR,ERR,ERR,ERR,ERR,ERR,ERR,ERR,ERR,ERR,ERR,ERR,ERR,ERR,ERR,ERR,ERR,ERR,ERR,ERR,ERR,ERR,0.0,0.0,2.6474835549302285e+23,0.0,0.0,1.3936040501711995e+18,7.805,0.0,0,0,4,0,7116,0.0,100,0.0,0.0,0.0,0.0,0.0,0,0,0,0,0.0,0,0,0,0,0,0,0,0,0,0,0,0,0,0,0,0,0,0,0,0,0,0,0,0,0,0,0,0,0,0,0,0,0,31,40,40,71,65476,0,300,0,0,8,21553,0.0,-107605600.0,0.0,0.0,0.0,0.0,0.0,0.0,0.0,0.0,0.0,0.0,0.0,0.0,0.0,0.0,0.0,0.0,0.0,0.0,0.0,0.0,-2.004,2.004,2.004,-2.004,0.0,0.0,0.0,0.0,4471.0,-0.0,6933.0,-107615312.0,0.0,0.0,-0.0,0.0,0.0,0.0,0.0,69,0.0,-71.629,0.0,0.0,0.0,0.0,0.0,0.0,0.0,0,0,0,0.0,0.0,0.0,0.0,0.0,0.0,0.0,0.0,0.0,0.0,0.0,0.0,0.0,0.0,0.0,0.0,0,-107875648.0,69,0.0,138,0.0,-109183328.0,0,0,17087,26215,17103,39322,17082,0,0,0,70,68,100,2.7302399002429377e+23,82.4,-107615456.0,78.3,-0.0,79.0,1,49,50,180,26215,13107,0,0,0.0,0.0,0.0,0.0,-0.0,67.0,0.0,162057.094,0.0,982,0,1011,0,0,0,955,0,1037,0,933,0,793,0,784,0,822,0,7520,0.032,2.282784579121557e+20,0.0,0.0,784,16797,-0.0,162057.094,-114818.039,-0.0,0.133,6.909358625270745e+28,30.0,70.0,35,0.0,0.0,0.0,0.0,0.0,0.0,0.0,0.0,0.0,0.0,0.0,0.0,0.0,0.0,0.0,0.0,66.0,0,150,71,52,65476,0,300,0,0,8,20529,65476,0,0,44564,70.0,0.0,0.0,0.0,0.0,0.0
2026-09-10T21:15:05,ERR,ERR,ERR,ERR,ERR,ERR,ERR,ERR,ERR,ERR,ERR,ERR,ERR,ERR,ERR,ERR,ERR,ERR,ERR,ERR,ERR,ERR,ERR,ERR,ERR,ERR,ERR,ERR,ERR,ERR,ERR,ERR,ERR,ERR,ERR,ERR,ERR,ERR,ERR,ERR,ERR,ERR,ERR,ERR,ERR,ERR,ERR,ERR,ERR,ERR,ERR,ERR,ERR,ERR,ERR,ERR,ERR,ERR,ERR,ERR,ERR,ERR,ERR,ERR,ERR,ERR,ERR,ERR,ERR,ERR,ERR,ERR,ERR,ERR,ERR,ERR,ERR,ERR,ERR,ERR,ERR,ERR,ERR,ERR,ERR,ERR,ERR,ERR,ERR,ERR,ERR,ERR,ERR,ERR,ERR,ERR,ERR,ERR,ERR,ERR,ERR,ERR,ERR,ERR,ERR,ERR,ERR,ERR,ERR,ERR,ERR,ERR,ERR,ERR,ERR,ERR,ERR,ERR,ERR,ERR,ERR,ERR,ERR,ERR,ERR,0.0,0.0,2.6474835549302285e+23,0.0,0.0,1.3936040501711995e+18,7.805,0.0,0,0,4,0,7116,0.0,100,0.0,0.0,0.0,0.0,0.0,0,0,0,0,0.0,0,0,0,0,0,0,0,0,0,0,0,0,0,0,0,0,0,0,0,0,0,0,0,0,0,0,0,0,0,0,0,0,0,31,40,40,71,65476,0,300,0,0,8,21553,0.0,-107605600.0,0.0,0.0,0.0,0.0,0.0,0.0,0.0,0.0,0.0,0.0,0.0,0.0,0.0,0.0,0.0,0.0,0.0,0.0,0.0,0.0,-2.004,2.004,2.004,-2.004,0.0,0.0,0.0,0.0,4470.0,-0.0,6933.0,0.0,0.0,0.0,-0.0,0.0,0.0,0.0,0.0,69,0.0,-71.629,0.0,0.0,0.0,0.0,0.0,0.0,0.0,0,0,0,0.0,0.0,0.0,0.0,0.0,0.0,0.0,0.0,0.0,0.0,0.0,0.0,0.0,0.0,0.0,0.0,0,-107875648.0,69,0.0,138,0.0,-109183328.0,0,0,17087,26215,17103,39322,17082,0,0,0,70,68,100,2.7302399002429377e+23,82.4,-107615456.0,78.3,-0.0,79.0,1,49,50,180,26215,13107,0,0,0.0,0.0,0.0,0.0,-0.0,67.0,0.0,162057.094,0.0,982,0,1011,0,0,0,955,0,1037,0,933,0,793,0,784,0,822,0,7520,0.032,2.282784579121557e+20,0.0,0.0,784,16797,-0.0,162057.094,-114818.039,-0.0,0.133,6.909358625270745e+28,30.0,70.0,35,0.0,0.0,0.0,0.0,0.0,0.0,0.0,0.0,0.0,0.0,0.0,0.0,0.0,0.0,0.0,0.0,66.0,0,150,71,52,65476,0,300,0,0,8,20529,65476,0,0,44564,70.0,0.0,0.0,0.0,0.0,0.0
2026-09-10T21:15:06,ERR,ERR,ERR,ERR,ERR,ERR,ERR,ERR,ERR,ERR,ERR,ERR,ERR,ERR,ERR,ERR,ERR,ERR,ERR,ERR,ERR,ERR,ERR,ERR,ERR,ERR,ERR,ERR,ERR,ERR,ERR,ERR,ERR,ERR,ERR,ERR,ERR,ERR,ERR,ERR,ERR,ERR,ERR,ERR,ERR,ERR,ERR,ERR,ERR,ERR,ERR,ERR,ERR,ERR,ERR,ERR,ERR,ERR,ERR,ERR,ERR,ERR,ERR,ERR,ERR,ERR,ERR,ERR,ERR,ERR,ERR,ERR,ERR,ERR,ERR,ERR,ERR,ERR,ERR,ERR,ERR,ERR,ERR,ERR,ERR,ERR,ERR,ERR,ERR,ERR,ERR,ERR,ERR,ERR,ERR,ERR,ERR,ERR,ERR,ERR,ERR,ERR,ERR,ERR,ERR,ERR,ERR,ERR,ERR,ERR,ERR,ERR,ERR,ERR,ERR,ERR,ERR,ERR,ERR,ERR,ERR,ERR,ERR,ERR,ERR,0.0,0.0,2.6474835549302285e+23,0.0,0.0,1.3936040501711995e+18,7.805,0.0,0,0,4,0,7116,0.0,100,0.0,0.0,0.0,0.0,0.0,0,0,0,0,0.0,0,0,0,0,0,0,0,0,0,0,0,0,0,0,0,0,0,0,0,0,0,0,0,0,0,0,0,0,0,0,0,0,0,31,40,40,71,65476,0,300,0,0,8,21553,0.0,-107605600.0,0.0,0.0,0.0,0.0,0.0,0.0,0.0,0.0,0.0,0.0,0.0,0.0,0.0,0.0,0.0,0.0,0.0,0.0,0.0,0.0,-2.004,2.004,2.004,-2.004,0.0,0.0,0.0,0.0,4470.0,-0.0,6933.0,0.0,0.0,0.0,-0.0,0.0,0.0,0.0,0.0,69,0.0,-71.629,0.0,0.0,0.0,0.0,0.0,0.0,0.0,0,0,0,0.0,0.0,0.0,0.0,0.0,0.0,0.0,0.0,0.0,0.0,0.0,0.0,0.0,0.0,0.0,0.0,0,-107875648.0,69,0.0,138,0.0,-109183328.0,0,0,17087,26215,17103,39322,17082,0,0,0,70,68,100,2.7302399002429377e+23,82.4,-107615456.0,78.3,-0.0,79.0,1,49,50,180,26215,13107,0,0,0.0,0.0,0.0,0.0,-0.0,67.0,0.0,162057.094,0.0,982,0,1011,0,0,0,955,0,1037,0,933,0,793,0,784,0,822,0,7520,0.032,2.282784579121557e+20,0.0,0.0,784,16797,-0.0,162057.094,-114818.039,-0.0,0.133,6.909358625270745e+28,30.0,70.0,35,0.0,0.0,0.0,0.0,0.0,0.0,0.0,0.0,0.0,0.0,0.0,0.0,0.0,0.0,0.0,0.0,66.0,0,150,71,52,65476,0,300,0,0,8,20529,65476,0,0,44564,70.0,0.0,0.0,0.0,0.0,0.0
2026-09-10T21:15:07,ERR,ERR,ERR,ERR,ERR,ERR,ERR,ERR,ERR,ERR,ERR,ERR,ERR,ERR,ERR,ERR,ERR,ERR,ERR,ERR,ERR,ERR,ERR,ERR,ERR,ERR,ERR,ERR,ERR,ERR,ERR,ERR,ERR,ERR,ERR,ERR,ERR,ERR,ERR,ERR,ERR,ERR,ERR,ERR,ERR,ERR,ERR,ERR,ERR,ERR,ERR,ERR,ERR,ERR,ERR,ERR,ERR,ERR,ERR,ERR,ERR,ERR,ERR,ERR,ERR,ERR,ERR,ERR,ERR,ERR,ERR,ERR,ERR,ERR,ERR,ERR,ERR,ERR,ERR,ERR,ERR,ERR,ERR,ERR,ERR,ERR,ERR,ERR,ERR,ERR,ERR,ERR,ERR,ERR,ERR,ERR,ERR,ERR,ERR,ERR,ERR,ERR,ERR,ERR,ERR,ERR,ERR,ERR,ERR,ERR,ERR,ERR,ERR,ERR,ERR,ERR,ERR,ERR,ERR,ERR,ERR,ERR,ERR,ERR,ERR,0.0,0.0,2.6474835549302285e+23,0.0,0.0,1.3936040501711995e+18,7.805,0.0,0,0,4,0,7116,0.0,100,0.0,0.0,0.0,0.0,0.0,0,0,0,0,0.0,0,0,0,0,0,0,0,0,0,0,0,0,0,0,0,0,0,0,0,0,0,0,0,0,0,0,0,0,0,0,0,0,0,31,40,40,71,65476,0,300,0,0,8,21553,0.0,-107605600.0,0.0,0.0,0.0,0.0,0.0,0.0,0.0,0.0,0.0,0.0,0.0,0.0,0.0,0.0,0.0,0.0,0.0,0.0,0.0,0.0,-2.004,2.004,2.004,-2.004,0.0,0.0,0.0,0.0,4470.0,-0.0,6933.0,0.0,0.0,0.0,-0.0,0.0,0.0,0.0,0.0,69,0.0,-71.629,0.0,0.0,0.0,0.0,0.0,0.0,0.0,0,0,0,0.0,0.0,0.0,0.0,0.0,0.0,0.0,0.0,0.0,0.0,0.0,0.0,0.0,0.0,0.0,0.0,0,-107875648.0,69,0.0,138,0.0,-109183328.0,0,0,17087,26215,17103,39322,17082,0,0,0,70,68,100,-0.0,82.4,-107615456.0,78.3,-0.0,79.0,1,49,50,180,26215,13107,0,0,0.0,0.0,0.0,0.0,-0.0,67.0,0.0,162057.094,0.0,982,0,1011,0,0,0,955,0,1037,0,933,0,793,0,784,0,823,0,7520,0.032,1.95996655783164e+20,0.0,0.0,784,16797,-0.0,162057.094,-114818.039,-0.0,0.133,6.909358625270745e+28,30.0,70.0,35,0.0,0.0,0.0,0.0,0.0,0.0,0.0,0.0,0.0,0.0,0.0,0.0,0.0,0.0,0.0,0.0,66.0,0,150,71,52,65476,0,300,0,0,8,20529,65476,0,0,44564,70.0,0.0,0.0,0.0,0.0,0.0
2026-09-10T21:15:08,ERR,ERR,ERR,ERR,ERR,ERR,ERR,ERR,ERR,ERR,ERR,ERR,ERR,ERR,ERR,ERR,ERR,ERR,ERR,ERR,ERR,ERR,ERR,ERR,ERR,ERR,ERR,ERR,ERR,ERR,ERR,ERR,ERR,ERR,ERR,ERR,ERR,ERR,ERR,ERR,ERR,ERR,ERR,ERR,ERR,ERR,ERR,ERR,ERR,ERR,ERR,ERR,ERR,ERR,ERR,ERR,ERR,ERR,ERR,ERR,ERR,ERR,ERR,ERR,ERR,ERR,ERR,ERR,ERR,ERR,ERR,ERR,ERR,ERR,ERR,ERR,ERR,ERR,ERR,ERR,ERR,ERR,ERR,ERR,ERR,ERR,ERR,ERR,ERR,ERR,ERR,ERR,ERR,ERR,ERR,ERR,ERR,ERR,ERR,ERR,ERR,ERR,ERR,ERR,ERR,ERR,ERR,ERR,ERR,ERR,ERR,ERR,ERR,ERR,ERR,ERR,ERR,ERR,ERR,ERR,ERR,ERR,ERR,ERR,ERR,0.0,0.0,2.6474835549302285e+23,0.0,0.0,1.3936040501711995e+18,7.805,0.0,0,0,4,0,7116,0.0,100,0.0,0.0,0.0,0.0,0.0,0,0,0,0,0.0,0,0,0,0,0,0,0,0,0,0,0,0,0,0,0,0,0,0,0,0,0,0,0,0,0,0,0,0,0,0,0,0,0,31,40,40,71,65476,0,300,0,0,8,21553,0.0,-107605600.0,0.0,0.0,0.0,0.0,0.0,0.0,0.0,0.0,0.0,0.0,0.0,0.0,0.0,0.0,0.0,0.0,0.0,0.0,0.0,0.0,-2.004,2.004,2.004,-2.004,0.0,0.0,0.0,0.0,4470.0,-0.0,6933.0,0.0,0.0,0.0,-0.0,0.0,0.0,0.0,0.0,69,0.0,-71.629,0.0,0.0,0.0,0.0,0.0,0.0,0.0,0,0,0,0.0,0.0,0.0,0.0,0.0,0.0,0.0,0.0,0.0,0.0,0.0,0.0,0.0,0.0,0.0,0.0,0,-107875648.0,69,0.0,138,0.0,-109183328.0,0,0,17087,26215,17103,39322,17082,0,0,0,70,68,100,-0.0,82.4,-107615456.0,78.3,-0.0,79.0,1,49,50,180,26215,13107,0,0,0.0,0.0,0.0,0.0,-0.0,67.0,0.0,162057.094,0.0,982,0,1011,0,0,0,955,0,1037,0,933,0,793,0,784,0,823,0,7520,0.032,1.95996655783164e+20,0.0,0.0,784,16797,-0.0,162057.094,-114818.039,-0.0,0.133,6.909358625270745e+28,30.0,70.0,35,0.0,0.0,0.0,0.0,0.0,0.0,0.0,0.0,0.0,0.0,0.0,0.0,0.0,0.0,0.0,0.0,66.4,0,150,71,52,65476,0,300,0,0,8,20529,65476,0,0,44564,70.0,0.0,0.0,0.0,0.0,0.0
2026-09-10T21:15:09,ERR,ERR,ERR,ERR,ERR,ERR,ERR,ERR,ERR,ERR,ERR,ERR,ERR,ERR,ERR,ERR,ERR,ERR,ERR,ERR,ERR,ERR,ERR,ERR,ERR,ERR,ERR,ERR,ERR,ERR,ERR,ERR,ERR,ERR,ERR,ERR,ERR,ERR,ERR,ERR,ERR,ERR,ERR,ERR,ERR,ERR,ERR,ERR,ERR,ERR,ERR,ERR,ERR,ERR,ERR,ERR,ERR,ERR,ERR,ERR,ERR,ERR,ERR,ERR,ERR,ERR,ERR,ERR,ERR,ERR,ERR,ERR,ERR,ERR,ERR,ERR,ERR,ERR,ERR,ERR,ERR,ERR,ERR,ERR,ERR,ERR,ERR,ERR,ERR,ERR,ERR,ERR,ERR,ERR,ERR,ERR,ERR,ERR,ERR,ERR,ERR,ERR,ERR,ERR,ERR,ERR,ERR,ERR,ERR,ERR,ERR,ERR,ERR,ERR,ERR,ERR,ERR,ERR,ERR,ERR,ERR,ERR,ERR,ERR,ERR,0.0,0.0,2.6474835549302285e+23,0.0,0.0,1.3936040501711995e+18,7.805,0.0,0,0,4,0,7116,0.0,100,0.0,0.0,0.0,0.0,0.0,0,0,0,0,0.0,0,0,0,0,0,0,0,0,0,0,0,0,0,0,0,0,0,0,0,0,0,0,0,0,0,0,0,0,0,0,0,0,0,31,40,40,71,65476,0,300,0,0,8,21553,0.0,-107605600.0,0.0,0.0,0.0,0.0,0.0,0.0,0.0,0.0,0.0,0.0,0.0,0.0,0.0,0.0,0.0,0.0,0.0,0.0,0.0,0.0,-2.004,2.004,2.004,-2.004,0.0,0.0,0.0,0.0,4470.0,-0.0,6933.0,0.0,0.0,0.0,-0.0,0.0,0.0,0.0,0.0,69,0.0,-71.629,0.0,0.0,0.0,0.0,0.0,0.0,0.0,0,0,0,0.0,0.0,0.0,0.0,0.0,0.0,0.0,0.0,0.0,0.0,0.0,0.0,0.0,0.0,0.0,0.0,0,-107875648.0,69,0.0,138,0.0,-109183328.0,0,0,17087,26215,17103,39322,17082,0,0,0,70,68,100,-0.0,82.4,-107615456.0,78.3,-0.0,79.0,1,49,50,180,26215,13107,0,0,0.0,0.0,0.0,0.0,-0.0,67.0,0.0,162057.094,0.0,982,0,1011,0,0,0,955,0,1037,0,933,0,793,0,784,0,823,0,7520,0.032,1.95996655783164e+20,0.0,0.0,784,16797,-0.0,162057.094,-114818.039,-0.0,0.133,6.909358625270745e+28,30.0,70.0,35,0.0,0.0,0.0,0.0,0.0,0.0,0.0,0.0,0.0,0.0,0.0,0.0,0.0,0.0,0.0,0.0,66.4,0,150,71,52,65476,0,300,0,0,8,20529,65476,0,0,44564,70.0,0.0,0.0,0.0,0.0,0.0
2026-09-10T21:15:10,ERR,ERR,ERR,ERR,ERR,ERR,ERR,ERR,ERR,ERR,ERR,ERR,ERR,ERR,ERR,ERR,ERR,ERR,ERR,ERR,ERR,ERR,ERR,ERR,ERR,ERR,ERR,ERR,ERR,ERR,ERR,ERR,ERR,ERR,ERR,ERR,ERR,ERR,ERR,ERR,ERR,ERR,ERR,ERR,ERR,ERR,ERR,ERR,ERR,ERR,ERR,ERR,ERR,ERR,ERR,ERR,ERR,ERR,ERR,ERR,ERR,ERR,ERR,ERR,ERR,ERR,ERR,ERR,ERR,ERR,ERR,ERR,ERR,ERR,ERR,ERR,ERR,ERR,ERR,ERR,ERR,ERR,ERR,ERR,ERR,ERR,ERR,ERR,ERR,ERR,ERR,ERR,ERR,ERR,ERR,ERR,ERR,ERR,ERR,ERR,ERR,ERR,ERR,ERR,ERR,ERR,ERR,ERR,ERR,ERR,ERR,ERR,ERR,ERR,ERR,ERR,ERR,ERR,ERR,ERR,ERR,ERR,ERR,ERR,ERR,0.0,0.0,2.6474835549302285e+23,0.0,0.0,1.3936040501711995e+18,7.805,0.0,0,0,4,0,7116,0.0,100,0.0,0.0,0.0,0.0,0.0,0,0,0,0,0.0,0,0,0,0,0,0,0,0,0,0,0,0,0,0,0,0,0,0,0,0,0,0,0,0,0,0,0,0,0,0,0,0,0,31,40,40,71,65476,0,300,0,0,8,21553,0.0,-107605600.0,0.0,0.0,0.0,0.0,0.0,0.0,0.0,0.0,0.0,0.0,0.0,0.0,0.0,0.0,0.0,0.0,0.0,0.0,0.0,0.0,-2.004,2.004,2.004,-2.004,0.0,0.0,0.0,0.0,4470.0,-0.0,6933.0,0.0,0.0,0.0,-0.0,0.0,0.0,0.0,0.0,69,0.0,-71.629,0.0,0.0,0.0,0.0,0.0,0.0,0.0,0,0,0,0.0,0.0,0.0,0.0,0.0,0.0,0.0,0.0,0.0,0.0,0.0,0.0,0.0,0.0,0.0,0.0,0,-107875648.0,69,0.0,138,0.0,-109183328.0,0,0,17087,26215,17103,39322,17082,0,0,0,70,68,100,-0.0,82.4,-107615456.0,78.3,-0.0,79.0,1,49,50,180,26215,13107,0,0,0.0,0.0,0.0,0.0,-0.0,67.0,0.0,162057.094,0.0,982,0,1011,0,0,0,955,0,1037,0,933,0,793,0,784,0,823,0,7520,0.032,1.95996655783164e+20,0.0,0.0,784,16797,-0.0,162057.094,-114818.039,-0.0,0.133,6.909358625270745e+28,30.0,70.0,35,0.0,0.0,0.0,0.0,0.0,0.0,0.0,0.0,0.0,0.0,0.0,0.0,0.0,0.0,0.0,0.0,66.4,0,150,71,52,65476,0,300,0,0,8,20529,65476,0,0,44564,70.0,0.0,0.0,0.0,0.0,0.0
2026-09-10T21:15:11,ERR,ERR,ERR,ERR,ERR,ERR,ERR,ERR,ERR,ERR,ERR,ERR,ERR,ERR,ERR,ERR,ERR,ERR,ERR,ERR,ERR,ERR,ERR,ERR,ERR,ERR,ERR,ERR,ERR,ERR,ERR,ERR,ERR,ERR,ERR,ERR,ERR,ERR,ERR,ERR,ERR,ERR,ERR,ERR,ERR,ERR,ERR,ERR,ERR,ERR,ERR,ERR,ERR,ERR,ERR,ERR,ERR,ERR,ERR,ERR,ERR,ERR,ERR,ERR,ERR,ERR,ERR,ERR,ERR,ERR,ERR,ERR,ERR,ERR,ERR,ERR,ERR,ERR,ERR,ERR,ERR,ERR,ERR,ERR,ERR,ERR,ERR,ERR,ERR,ERR,ERR,ERR,ERR,ERR,ERR,ERR,ERR,ERR,ERR,ERR,ERR,ERR,ERR,ERR,ERR,ERR,ERR,ERR,ERR,ERR,ERR,ERR,ERR,ERR,ERR,ERR,ERR,ERR,ERR,ERR,ERR,ERR,ERR,ERR,ERR,0.0,0.0,2.6474835549302285e+23,0.0,0.0,1.3936040501711995e+18,7.805,0.0,0,0,4,0,7116,0.0,100,0.0,0.0,0.0,0.0,0.0,0,0,0,0,0.0,0,0,0,0,0,0,0,0,0,0,0,0,0,0,0,0,0,0,0,0,0,0,0,0,0,0,0,0,0,0,0,0,0,31,40,40,71,65476,0,300,0,0,8,21553,0.0,-107605600.0,0.0,0.0,0.0,0.0,0.0,0.0,0.0,0.0,0.0,0.0,0.0,0.0,0.0,0.0,0.0,0.0,0.0,0.0,0.0,0.0,-2.004,2.004,2.004,-2.004,0.0,0.0,0.0,0.0,4470.0,-0.0,6933.0,0.0,0.0,0.0,-0.0,0.0,0.0,0.0,0.0,69,0.0,-71.629,0.0,0.0,0.0,0.0,0.0,0.0,0.0,0,0,0,0.0,0.0,0.0,0.0,0.0,0.0,0.0,0.0,0.0,0.0,0.0,0.0,0.0,0.0,0.0,0.0,0,-107875648.0,69,0.0,138,0.0,-109183328.0,0,0,17087,26215,17103,39322,17082,0,0,0,70,68,100,-0.0,82.4,-107615456.0,78.3,-0.0,79.0,1,49,50,180,26215,13107,0,0,0.0,0.0,0.0,0.0,-0.0,67.0,0.0,162057.094,0.0,982,0,1011,0,0,0,955,0,1037,0,933,0,793,0,784,0,823,0,7520,0.032,1.95996655783164e+20,0.0,0.0,784,16797,-0.0,162057.094,-114818.039,-0.0,0.133,6.909358625270745e+28,30.0,70.0,35,0.0,0.0,0.0,0.0,0.0,0.0,0.0,0.0,0.0,0.0,0.0,0.0,0.0,0.0,0.0,0.0,66.0,0,150,71,52,65476,0,300,0,0,8,20529,65476,0,0,44564,70.0,0.0,0.0,0.0,0.0,0.0
2026-09-10T21:15:12,ERR,ERR,ERR,ERR,ERR,ERR,ERR,ERR,ERR,ERR,ERR,ERR,ERR,ERR,ERR,ERR,ERR,ERR,ERR,ERR,ERR,ERR,ERR,ERR,ERR,ERR,ERR,ERR,ERR,ERR,ERR,ERR,ERR,ERR,ERR,ERR,ERR,ERR,ERR,ERR,ERR,ERR,ERR,ERR,ERR,ERR,ERR,ERR,ERR,ERR,ERR,ERR,ERR,ERR,ERR,ERR,ERR,ERR,ERR,ERR,ERR,ERR,ERR,ERR,ERR,ERR,ERR,ERR,ERR,ERR,ERR,ERR,ERR,ERR,ERR,ERR,ERR,ERR,ERR,ERR,ERR,ERR,ERR,ERR,ERR,ERR,ERR,ERR,ERR,ERR,ERR,ERR,ERR,ERR,ERR,ERR,ERR,ERR,ERR,ERR,ERR,ERR,ERR,ERR,ERR,ERR,ERR,ERR,ERR,ERR,ERR,ERR,ERR,ERR,ERR,ERR,ERR,ERR,ERR,ERR,ERR,ERR,ERR,ERR,ERR,0.0,0.0,2.6474835549302285e+23,0.0,0.0,1.3936040501711995e+18,7.805,0.0,0,0,4,0,7116,0.0,100,0.0,0.0,0.0,0.0,0.0,0,0,0,0,0.0,0,0,0,0,0,0,0,0,0,0,0,0,0,0,0,0,0,0,0,0,0,0,0,0,0,0,0,0,0,0,0,0,0,31,40,40,71,65476,0,300,0,0,8,21553,0.0,-107605600.0,0.0,0.0,0.0,0.0,0.0,0.0,0.0,0.0,0.0,0.0,0.0,0.0,0.0,0.0,0.0,0.0,0.0,0.0,0.0,0.0,-2.004,2.004,2.004,-2.004,0.0,0.0,0.0,0.0,4470.0,-0.0,6933.0,0.0,0.0,0.0,-0.0,0.0,0.0,0.0,0.0,69,0.0,-71.629,0.0,0.0,0.0,0.0,0.0,0.0,0.0,0,0,0,0.0,0.0,0.0,0.0,0.0,0.0,0.0,0.0,0.0,0.0,0.0,0.0,0.0,0.0,0.0,0.0,0,-107875648.0,69,0.0,138,0.0,-109183328.0,0,0,17087,26215,17103,39322,17082,0,0,0,70,68,100,-0.0,82.4,-107615456.0,78.3,-0.0,79.0,1,49,50,180,26215,13107,0,0,0.0,0.0,0.0,0.0,-0.0,67.0,0.0,162057.094,0.0,982,0,1011,0,0,0,955,0,1037,0,933,0,793,0,784,0,823,0,7520,0.032,1.95996655783164e+20,0.0,0.0,784,16797,-0.0,162057.094,-114818.039,-0.0,0.133,6.909358625270745e+28,30.0,70.0,35,0.0,0.0,0.0,0.0,0.0,0.0,0.0,0.0,0.0,0.0,0.0,0.0,0.0,0.0,0.0,0.0,66.0,0,150,71,52,65476,0,300,0,0,8,20529,65476,0,0,44564,70.0,0.0,0.0,0.0,0.0,0.0
2026-09-10T21:15:13,ERR,ERR,ERR,ERR,ERR,ERR,ERR,ERR,ERR,ERR,ERR,ERR,ERR,ERR,ERR,ERR,ERR,ERR,ERR,ERR,ERR,ERR,ERR,ERR,ERR,ERR,ERR,ERR,ERR,ERR,ERR,ERR,ERR,ERR,ERR,ERR,ERR,ERR,ERR,ERR,ERR,ERR,ERR,ERR,ERR,ERR,ERR,ERR,ERR,ERR,ERR,ERR,ERR,ERR,ERR,ERR,ERR,ERR,ERR,ERR,ERR,ERR,ERR,ERR,ERR,ERR,ERR,ERR,ERR,ERR,ERR,ERR,ERR,ERR,ERR,ERR,ERR,ERR,ERR,ERR,ERR,ERR,ERR,ERR,ERR,ERR,ERR,ERR,ERR,ERR,ERR,ERR,ERR,ERR,ERR,ERR,ERR,ERR,ERR,ERR,ERR,ERR,ERR,ERR,ERR,ERR,ERR,ERR,ERR,ERR,ERR,ERR,ERR,ERR,ERR,ERR,ERR,ERR,ERR,ERR,ERR,ERR,ERR,ERR,ERR,0.0,0.0,2.6474835549302285e+23,0.0,0.0,1.3936040501711995e+18,7.805,0.0,0,0,4,0,7116,0.0,100,0.0,0.0,0.0,0.0,0.0,0,0,0,0,0.0,0,0,0,0,0,0,0,0,0,0,0,0,0,0,0,0,0,0,0,0,0,0,0,0,0,0,0,0,0,0,0,0,0,31,40,40,71,65476,0,300,0,0,8,21553,0.0,-107605600.0,0.0,0.0,0.0,0.0,0.0,0.0,0.0,0.0,0.0,0.0,0.0,0.0,0.0,0.0,0.0,0.0,0.0,0.0,0.0,0.0,-2.004,2.004,2.004,-2.004,0.0,0.0,0.0,0.0,4469.0,-0.0,6934.0,0.0,0.0,0.0,-0.0,0.0,0.0,0.0,0.0,69,0.0,-0.0,0.0,0.0,0.0,0.0,0.0,0.0,0.0,0,0,0,0.0,0.0,0.0,0.0,0.0,0.0,0.0,0.0,0.0,0.0,0.0,0.0,0.0,0.0,0.0,0.0,0,-107875648.0,69,0.0,138,0.0,-109183328.0,0,0,17087,26215,17103,39322,17082,0,0,0,70,68,100,-0.0,82.4,-107615456.0,78.3,-0.0,79.0,1,49,50,180,26215,13107,0,0,0.0,0.0,0.0,0.0,-0.0,67.0,0.0,162057.094,0.0,982,0,1011,0,0,0,955,0,1037,0,933,0,793,0,784,0,823,0,7520,0.032,1.95996655783164e+20,0.0,0.0,784,16797,-0.0,162057.094,-114818.039,-0.0,0.133,6.909358625270745e+28,30.0,70.0,35,0.0,0.0,0.0,0.0,0.0,0.0,0.0,0.0,0.0,0.0,0.0,0.0,0.0,0.0,0.0,0.0,66.0,0,150,71,52,65476,0,300,0,0,8,20529,65476,0,0,44564,70.0,0.0,0.0,0.0,0.0,0.0
2026-09-10T21:15:14,ERR,ERR,ERR,ERR,ERR,ERR,ERR,ERR,ERR,ERR,ERR,ERR,ERR,ERR,ERR,ERR,ERR,ERR,ERR,ERR,ERR,ERR,ERR,ERR,ERR,ERR,ERR,ERR,ERR,ERR,ERR,ERR,ERR,ERR,ERR,ERR,ERR,ERR,ERR,ERR,ERR,ERR,ERR,ERR,ERR,ERR,ERR,ERR,ERR,ERR,ERR,ERR,ERR,ERR,ERR,ERR,ERR,ERR,ERR,ERR,ERR,ERR,ERR,ERR,ERR,ERR,ERR,ERR,ERR,ERR,ERR,ERR,ERR,ERR,ERR,ERR,ERR,ERR,ERR,ERR,ERR,ERR,ERR,ERR,ERR,ERR,ERR,ERR,ERR,ERR,ERR,ERR,ERR,ERR,ERR,ERR,ERR,ERR,ERR,ERR,ERR,ERR,ERR,ERR,ERR,ERR,ERR,ERR,ERR,ERR,ERR,ERR,ERR,ERR,ERR,ERR,ERR,ERR,ERR,ERR,ERR,ERR,ERR,ERR,ERR,0.0,0.0,2.6474835549302285e+23,0.0,0.0,1.3936040501711995e+18,7.805,0.0,0,0,4,0,7116,0.0,100,0.0,0.0,0.0,0.0,0.0,0,0,0,0,0.0,0,0,0,0,0,0,0,0,0,0,0,0,0,0,0,0,0,0,0,0,0,0,0,0,0,0,0,0,0,0,0,0,0,31,40,40,71,65476,0,300,0,0,8,21553,0.0,-107605600.0,0.0,0.0,0.0,0.0,0.0,0.0,0.0,0.0,0.0,0.0,0.0,0.0,0.0,0.0,0.0,0.0,0.0,0.0,0.0,0.0,-2.004,2.004,2.004,-2.004,0.0,0.0,0.0,0.0,4469.0,-0.0,6934.0,0.0,0.0,0.0,-0.0,0.0,0.0,0.0,0.0,69,0.0,-0.0,0.0,0.0,0.0,0.0,0.0,0.0,0.0,0,0,0,0.0,0.0,0.0,0.0,0.0,0.0,0.0,0.0,0.0,0.0,0.0,0.0,0.0,0.0,0.0,0.0,0,-107875648.0,69,0.0,138,0.0,-109183328.0,0,0,17087,26215,17103,39322,17082,0,0,0,70,68,100,-0.0,82.4,-107615456.0,78.3,-0.0,79.0,1,49,50,180,26215,13107,0,0,0.0,0.0,0.0,0.0,-0.0,67.0,0.0,162057.094,0.0,982,0,1011,0,0,0,955,0,1037,0,933,0,793,0,784,0,823,0,7520,0.032,1.95996655783164e+20,0.0,0.0,784,16797,-0.0,162057.094,-114818.039,-0.0,0.133,6.909358625270745e+28,30.0,70.0,35,0.0,0.0,0.0,0.0,0.0,0.0,0.0,0.0,0.0,0.0,0.0,0.0,0.0,0.0,0.0,0.0,66.4,0,150,71,52,65476,0,300,0,0,8,20529,65476,0,0,44564,70.0,0.0,0.0,0.0,0.0,0.0
2026-09-10T21:15:15,ERR,ERR,ERR,ERR,ERR,ERR,ERR,ERR,ERR,ERR,ERR,ERR,ERR,ERR,ERR,ERR,ERR,ERR,ERR,ERR,ERR,ERR,ERR,ERR,ERR,ERR,ERR,ERR,ERR,ERR,ERR,ERR,ERR,ERR,ERR,ERR,ERR,ERR,ERR,ERR,ERR,ERR,ERR,ERR,ERR,ERR,ERR,ERR,ERR,ERR,ERR,ERR,ERR,ERR,ERR,ERR,ERR,ERR,ERR,ERR,ERR,ERR,ERR,ERR,ERR,ERR,ERR,ERR,ERR,ERR,ERR,ERR,ERR,ERR,ERR,ERR,ERR,ERR,ERR,ERR,ERR,ERR,ERR,ERR,ERR,ERR,ERR,ERR,ERR,ERR,ERR,ERR,ERR,ERR,ERR,ERR,ERR,ERR,ERR,ERR,ERR,ERR,ERR,ERR,ERR,ERR,ERR,ERR,ERR,ERR,ERR,ERR,ERR,ERR,ERR,ERR,ERR,ERR,ERR,ERR,ERR,ERR,ERR,ERR,ERR,0.0,0.0,2.6474835549302285e+23,0.0,0.0,1.3936040501711995e+18,7.805,0.0,0,0,4,0,7116,0.0,100,0.0,0.0,0.0,0.0,0.0,0,0,0,0,0.0,0,0,0,0,0,0,0,0,0,0,0,0,0,0,0,0,0,0,0,0,0,0,0,0,0,0,0,0,0,0,0,0,0,31,40,40,71,65476,0,300,0,0,8,21553,0.0,-107605600.0,0.0,0.0,0.0,0.0,0.0,0.0,0.0,0.0,0.0,0.0,0.0,0.0,0.0,0.0,0.0,0.0,0.0,0.0,0.0,0.0,-2.004,2.004,2.004,-2.004,0.0,0.0,0.0,0.0,4469.0,-0.0,6934.0,0.0,0.0,0.0,-0.0,0.0,0.0,0.0,0.0,69,0.0,-0.0,0.0,0.0,0.0,0.0,0.0,0.0,0.0,0,0,0,0.0,0.0,0.0,0.0,0.0,0.0,0.0,0.0,0.0,0.0,0.0,0.0,0.0,0.0,0.0,0.0,0,-107875648.0,69,0.0,138,0.0,-109183328.0,0,0,17087,26215,17103,39322,17082,0,0,0,70,68,100,-0.0,82.4,-107615456.0,78.3,-0.0,79.0,1,49,50,180,26215,13107,0,0,0.0,0.0,0.0,0.0,-0.0,67.0,0.0,162057.094,0.0,982,0,1011,0,0,0,955,0,1037,0,933,0,793,0,784,0,823,0,7520,0.032,1.95996655783164e+20,0.0,0.0,784,16797,-0.0,162057.094,-114818.039,-0.0,0.133,6.909358625270745e+28,30.0,70.0,35,0.0,0.0,0.0,0.0,0.0,0.0,0.0,0.0,0.0,0.0,0.0,0.0,0.0,0.0,0.0,0.0,66.4,0,150,71,52,65476,0,300,0,0,8,20529,65476,0,0,44564,70.0,0.0,0.0,0.0,0.0,0.0
2026-09-10T21:15:16,ERR,ERR,ERR,ERR,ERR,ERR,ERR,ERR,ERR,ERR,ERR,ERR,ERR,ERR,ERR,ERR,ERR,ERR,ERR,ERR,ERR,ERR,ERR,ERR,ERR,ERR,ERR,ERR,ERR,ERR,ERR,ERR,ERR,ERR,ERR,ERR,ERR,ERR,ERR,ERR,ERR,ERR,ERR,ERR,ERR,ERR,ERR,ERR,ERR,ERR,ERR,ERR,ERR,ERR,ERR,ERR,ERR,ERR,ERR,ERR,ERR,ERR,ERR,ERR,ERR,ERR,ERR,ERR,ERR,ERR,ERR,ERR,ERR,ERR,ERR,ERR,ERR,ERR,ERR,ERR,ERR,ERR,ERR,ERR,ERR,ERR,ERR,ERR,ERR,ERR,ERR,ERR,ERR,ERR,ERR,ERR,ERR,ERR,ERR,ERR,ERR,ERR,ERR,ERR,ERR,ERR,ERR,ERR,ERR,ERR,ERR,ERR,ERR,ERR,ERR,ERR,ERR,ERR,ERR,ERR,ERR,ERR,ERR,ERR,ERR,0.0,0.0,2.6474835549302285e+23,0.0,0.0,1.3936040501711995e+18,7.805,0.0,0,0,4,0,7116,0.0,100,0.0,0.0,0.0,0.0,0.0,0,0,0,0,0.0,0,0,0,0,0,0,0,0,0,0,0,0,0,0,0,0,0,0,0,0,0,0,0,0,0,0,0,0,0,0,0,0,0,31,40,40,71,65476,0,300,0,0,8,21553,0.0,-107605600.0,0.0,0.0,0.0,0.0,0.0,0.0,0.0,0.0,0.0,0.0,0.0,0.0,0.0,0.0,0.0,0.0,0.0,0.0,0.0,0.0,-2.004,2.004,2.004,-2.004,0.0,0.0,0.0,0.0,4469.0,-0.0,6934.0,0.0,0.0,0.0,-0.0,0.0,0.0,0.0,0.0,69,0.0,-0.0,0.0,0.0,0.0,0.0,0.0,0.0,0.0,0,0,0,0.0,0.0,0.0,0.0,0.0,0.0,0.0,0.0,0.0,0.0,0.0,0.0,0.0,0.0,0.0,0.0,0,-107875648.0,69,0.0,138,0.0,-109183328.0,0,0,17087,26215,17103,39322,17082,0,0,0,70,68,100,-0.0,82.4,-107615456.0,78.3,-0.0,79.0,1,49,50,180,26215,13107,0,0,0.0,0.0,0.0,0.0,-0.0,67.0,0.0,162057.094,0.0,982,0,1011,0,0,0,955,0,1037,0,933,0,793,0,784,0,823,0,7520,0.032,1.95996655783164e+20,0.0,0.0,784,16797,-0.0,162057.094,-114818.039,-0.0,0.133,6.909358625270745e+28,30.0,70.0,35,0.0,0.0,0.0,0.0,0.0,0.0,0.0,0.0,0.0,0.0,0.0,0.0,0.0,0.0,0.0,0.0,66.4,0,150,71,52,65476,0,300,0,0,8,20529,65476,0,0,44564,70.0,0.0,0.0,0.0,0.0,0.0
2026-09-10T21:15:17,ERR,ERR,ERR,ERR,ERR,ERR,ERR,ERR,ERR,ERR,ERR,ERR,ERR,ERR,ERR,ERR,ERR,ERR,ERR,ERR,ERR,ERR,ERR,ERR,ERR,ERR,ERR,ERR,ERR,ERR,ERR,ERR,ERR,ERR,ERR,ERR,ERR,ERR,ERR,ERR,ERR,ERR,ERR,ERR,ERR,ERR,ERR,ERR,ERR,ERR,ERR,ERR,ERR,ERR,ERR,ERR,ERR,ERR,ERR,ERR,ERR,ERR,ERR,ERR,ERR,ERR,ERR,ERR,ERR,ERR,ERR,ERR,ERR,ERR,ERR,ERR,ERR,ERR,ERR,ERR,ERR,ERR,ERR,ERR,ERR,ERR,ERR,ERR,ERR,ERR,ERR,ERR,ERR,ERR,ERR,ERR,ERR,ERR,ERR,ERR,ERR,ERR,ERR,ERR,ERR,ERR,ERR,ERR,ERR,ERR,ERR,ERR,ERR,ERR,ERR,ERR,ERR,ERR,ERR,ERR,ERR,ERR,ERR,ERR,ERR,0.0,0.0,2.6474835549302285e+23,0.0,0.0,1.3936040501711995e+18,7.805,0.0,0,0,4,0,7116,0.0,100,0.0,0.0,0.0,0.0,0.0,0,0,0,0,0.0,0,0,0,0,0,0,0,0,0,0,0,0,0,0,0,0,0,0,0,0,0,0,0,0,0,0,0,0,0,0,0,0,0,31,40,40,71,65476,0,300,0,0,8,21553,0.0,-107605600.0,0.0,0.0,0.0,0.0,0.0,0.0,0.0,0.0,0.0,0.0,0.0,0.0,0.0,0.0,0.0,0.0,0.0,0.0,0.0,0.0,-2.004,2.004,2.004,-2.004,0.0,0.0,0.0,0.0,4469.0,-0.0,6934.0,0.0,0.0,0.0,-0.0,0.0,0.0,0.0,0.0,69,0.0,-0.0,0.0,0.0,0.0,0.0,0.0,0.0,0.0,0,0,0,0.0,0.0,0.0,0.0,0.0,0.0,0.0,0.0,0.0,0.0,0.0,0.0,0.0,0.0,0.0,0.0,0,-107875648.0,69,0.0,138,0.0,-109183328.0,0,0,17087,26215,17103,39322,17082,0,0,0,70,68,100,-0.0,82.4,-107615456.0,78.3,-0.0,79.0,1,49,50,180,26215,13107,0,0,0.0,0.0,0.0,0.0,-0.0,67.0,0.0,162057.094,0.0,982,0,1011,0,0,0,955,0,1037,0,933,0,793,0,784,0,823,0,7520,0.032,1.95996655783164e+20,0.0,0.0,784,16797,-0.0,162057.094,-114818.039,-0.0,0.133,6.909358625270745e+28,30.0,70.0,35,0.0,0.0,0.0,0.0,0.0,0.0,0.0,0.0,0.0,0.0,0.0,0.0,0.0,0.0,0.0,0.0,66.4,0,150,71,52,65476,0,300,0,0,8,20529,65476,0,0,44564,70.0,0.0,0.0,0.0,0.0,0.0
2026-09-10T21:15:18,ERR,ERR,ERR,ERR,ERR,ERR,ERR,ERR,ERR,ERR,ERR,ERR,ERR,ERR,ERR,ERR,ERR,ERR,ERR,ERR,ERR,ERR,ERR,ERR,ERR,ERR,ERR,ERR,ERR,ERR,ERR,ERR,ERR,ERR,ERR,ERR,ERR,ERR,ERR,ERR,ERR,ERR,ERR,ERR,ERR,ERR,ERR,ERR,ERR,ERR,ERR,ERR,ERR,ERR,ERR,ERR,ERR,ERR,ERR,ERR,ERR,ERR,ERR,ERR,ERR,ERR,ERR,ERR,ERR,ERR,ERR,ERR,ERR,ERR,ERR,ERR,ERR,ERR,ERR,ERR,ERR,ERR,ERR,ERR,ERR,ERR,ERR,ERR,ERR,ERR,ERR,ERR,ERR,ERR,ERR,ERR,ERR,ERR,ERR,ERR,ERR,ERR,ERR,ERR,ERR,ERR,ERR,ERR,ERR,ERR,ERR,ERR,ERR,ERR,ERR,ERR,ERR,ERR,ERR,ERR,ERR,ERR,ERR,ERR,ERR,0.0,0.0,2.6474835549302285e+23,0.0,0.0,1.3936040501711995e+18,7.805,0.0,0,0,4,0,7116,0.0,100,0.0,0.0,0.0,0.0,0.0,0,0,0,0,0.0,0,0,0,0,0,0,0,0,0,0,0,0,0,0,0,0,0,0,0,0,0,0,0,0,0,0,0,0,0,0,0,0,0,31,40,40,71,65476,0,300,0,0,8,21553,0.0,-107605600.0,0.0,0.0,0.0,0.0,0.0,0.0,0.0,0.0,0.0,0.0,0.0,0.0,0.0,0.0,0.0,0.0,0.0,0.0,0.0,0.0,-2.004,2.004,2.004,-2.004,0.0,0.0,0.0,0.0,4469.0,-0.0,6934.0,0.0,0.0,0.0,-0.0,0.0,0.0,0.0,0.0,69,0.0,-0.0,0.0,0.0,0.0,0.0,0.0,0.0,0.0,0,0,0,0.0,0.0,0.0,0.0,0.0,0.0,0.0,0.0,0.0,0.0,0.0,0.0,0.0,0.0,0.0,0.0,0,-107875648.0,69,0.0,138,0.0,-109183328.0,0,0,17087,26215,17103,26215,17082,0,0,0,70,68,100,-0.0,82.4,-107615456.0,78.3,-0.0,79.0,1,49,50,180,26215,13107,0,0,0.0,0.0,0.0,0.0,-0.0,67.0,0.0,162057.094,0.0,982,0,1011,0,0,0,955,0,1037,0,932,0,793,0,784,0,823,0,7520,0.032,2.0752587082923246e+20,0.0,0.0,784,16797,-0.0,162057.094,-114818.039,-0.0,0.133,6.909358625270745e+28,30.0,70.0,35,0.0,0.0,0.0,0.0,0.0,0.0,0.0,0.0,0.0,0.0,0.0,0.0,0.0,0.0,0.0,0.0,66.4,0,150,71,52,65476,0,300,0,0,8,20529,65476,0,0,44564,70.0,0.0,0.0,0.0,0.0,0.0
2026-09-10T21:15:19,ERR,ERR,ERR,ERR,ERR,ERR,ERR,ERR,ERR,ERR,ERR,ERR,ERR,ERR,ERR,ERR,ERR,ERR,ERR,ERR,ERR,ERR,ERR,ERR,ERR,ERR,ERR,ERR,ERR,ERR,ERR,ERR,ERR,ERR,ERR,ERR,ERR,ERR,ERR,ERR,ERR,ERR,ERR,ERR,ERR,ERR,ERR,ERR,ERR,ERR,ERR,ERR,ERR,ERR,ERR,ERR,ERR,ERR,ERR,ERR,ERR,ERR,ERR,ERR,ERR,ERR,ERR,ERR,ERR,ERR,ERR,ERR,ERR,ERR,ERR,ERR,ERR,ERR,ERR,ERR,ERR,ERR,ERR,ERR,ERR,ERR,ERR,ERR,ERR,ERR,ERR,ERR,ERR,ERR,ERR,ERR,ERR,ERR,ERR,ERR,ERR,ERR,ERR,ERR,ERR,ERR,ERR,ERR,ERR,ERR,ERR,ERR,ERR,ERR,ERR,ERR,ERR,ERR,ERR,ERR,ERR,ERR,ERR,ERR,ERR,0.0,0.0,2.6474835549302285e+23,0.0,0.0,1.3936040501711995e+18,7.805,0.0,0,0,4,0,7116,0.0,100,0.0,0.0,0.0,0.0,0.0,0,0,0,0,0.0,0,0,0,0,0,0,0,0,0,0,0,0,0,0,0,0,0,0,0,0,0,0,0,0,0,0,0,0,0,0,0,0,0,31,40,40,71,65476,0,300,0,0,8,21553,0.0,-107605600.0,0.0,0.0,0.0,0.0,0.0,0.0,0.0,0.0,0.0,0.0,0.0,0.0,0.0,0.0,0.0,0.0,0.0,0.0,0.0,0.0,-2.004,2.004,2.004,-2.004,0.0,0.0,0.0,0.0,4469.0,-0.0,6934.0,0.0,0.0,0.0,-0.0,0.0,0.0,0.0,0.0,69,0.0,-0.0,0.0,0.0,0.0,0.0,0.0,0.0,0.0,0,0,0,0.0,0.0,0.0,0.0,0.0,0.0,0.0,0.0,0.0,0.0,0.0,0.0,0.0,0.0,0.0,0.0,0,-107875648.0,69,0.0,138,0.0,-109183328.0,0,0,17087,26215,17103,26215,17082,0,0,0,70,68,100,-0.0,82.4,-107615456.0,78.3,-0.0,79.0,1,49,50,180,26215,13107,0,0,0.0,0.0,0.0,0.0,-0.0,67.0,0.0,162057.094,0.0,982,0,1011,0,0,0,955,0,1037,0,932,0,793,0,784,0,823,0,7520,0.032,2.0752587082923246e+20,0.0,0.0,784,16797,-0.0,162057.094,-114818.039,-0.0,0.133,6.909358625270745e+28,30.0,70.0,35,0.0,0.0,0.0,0.0,0.0,0.0,0.0,0.0,0.0,0.0,0.0,0.0,0.0,0.0,0.0,0.0,66.4,0,150,71,52,65476,0,300,0,0,8,20529,65476,0,0,44564,70.0,0.0,0.0,0.0,0.0,0.0
2026-09-10T21:15:20,ERR,ERR,ERR,ERR,ERR,ERR,ERR,ERR,ERR,ERR,ERR,ERR,ERR,ERR,ERR,ERR,ERR,ERR,ERR,ERR,ERR,ERR,ERR,ERR,ERR,ERR,ERR,ERR,ERR,ERR,ERR,ERR,ERR,ERR,ERR,ERR,ERR,ERR,ERR,ERR,ERR,ERR,ERR,ERR,ERR,ERR,ERR,ERR,ERR,ERR,ERR,ERR,ERR,ERR,ERR,ERR,ERR,ERR,ERR,ERR,ERR,ERR,ERR,ERR,ERR,ERR,ERR,ERR,ERR,ERR,ERR,ERR,ERR,ERR,ERR,ERR,ERR,ERR,ERR,ERR,ERR,ERR,ERR,ERR,ERR,ERR,ERR,ERR,ERR,ERR,ERR,ERR,ERR,ERR,ERR,ERR,ERR,ERR,ERR,ERR,ERR,ERR,ERR,ERR,ERR,ERR,ERR,ERR,ERR,ERR,ERR,ERR,ERR,ERR,ERR,ERR,ERR,ERR,ERR,ERR,ERR,ERR,ERR,ERR,ERR,0.0,0.0,2.6474835549302285e+23,0.0,0.0,1.3936040501711995e+18,7.805,0.0,0,0,4,0,7116,0.0,100,0.0,0.0,0.0,0.0,0.0,0,0,0,0,0.0,0,0,0,0,0,0,0,0,0,0,0,0,0,0,0,0,0,0,0,0,0,0,0,0,0,0,0,0,0,0,0,0,0,31,40,40,71,65476,0,300,0,0,8,21553,0.0,-107605600.0,0.0,0.0,0.0,0.0,0.0,0.0,0.0,0.0,0.0,0.0,0.0,0.0,0.0,0.0,0.0,0.0,0.0,0.0,0.0,0.0,-2.004,2.004,2.004,0.0,0.0,0.0,0.0,0.0,4472.0,-2.004,6936.0,0.0,0.0,0.0,-107615296.0,0.0,0.0,0.0,0.0,69,0.0,-4.950393007110635e+32,0.0,0.0,0.0,0.0,0.0,0.0,0.0,0,0,0,0.0,0.0,0.0,0.0,0.0,0.0,0.0,0.0,0.0,0.0,0.0,0.0,0.0,0.0,0.0,0.0,0,-107875648.0,69,0.0,138,0.0,-109183328.0,0,0,17087,26215,17103,26215,17082,0,0,0,70,68,100,-0.0,82.4,-107615456.0,78.3,-0.0,79.0,1,49,50,180,26215,13107,0,0,0.0,0.0,0.0,0.0,-0.0,67.0,0.0,162057.094,0.0,982,0,1011,0,0,0,955,0,1037,0,932,0,793,0,784,0,823,0,7520,0.032,2.0752587082923246e+20,0.0,0.0,784,16797,-0.0,162057.094,-114818.039,-0.0,0.133,6.909358625270745e+28,30.0,70.0,35,0.0,0.0,0.0,0.0,0.0,0.0,0.0,0.0,0.0,0.0,0.0,0.0,0.0,0.0,0.0,0.0,66.4,0,150,71,52,65476,0,300,0,0,8,20529,65476,0,0,44564,70.0,0.0,0.0,0.0,0.0,0.0
2026-09-10T21:15:21,ERR,ERR,ERR,ERR,ERR,ERR,ERR,ERR,ERR,ERR,ERR,ERR,ERR,ERR,ERR,ERR,ERR,ERR,ERR,ERR,ERR,ERR,ERR,ERR,ERR,ERR,ERR,ERR,ERR,ERR,ERR,ERR,ERR,ERR,ERR,ERR,ERR,ERR,ERR,ERR,ERR,ERR,ERR,ERR,ERR,ERR,ERR,ERR,ERR,ERR,ERR,ERR,ERR,ERR,ERR,ERR,ERR,ERR,ERR,ERR,ERR,ERR,ERR,ERR,ERR,ERR,ERR,ERR,ERR,ERR,ERR,ERR,ERR,ERR,ERR,ERR,ERR,ERR,ERR,ERR,ERR,ERR,ERR,ERR,ERR,ERR,ERR,ERR,ERR,ERR,ERR,ERR,ERR,ERR,ERR,ERR,ERR,ERR,ERR,ERR,ERR,ERR,ERR,ERR,ERR,ERR,ERR,ERR,ERR,ERR,ERR,ERR,ERR,ERR,ERR,ERR,ERR,ERR,ERR,ERR,ERR,ERR,ERR,ERR,ERR,0.0,0.0,2.6474835549302285e+23,0.0,0.0,1.3936040501711995e+18,7.805,0.0,0,0,4,0,7116,0.0,100,0.0,0.0,0.0,0.0,0.0,0,0,0,0,0.0,0,0,0,0,0,0,0,0,0,0,0,0,0,0,0,0,0,0,0,0,0,0,0,0,0,0,0,0,0,0,0,0,0,31,40,40,71,65476,0,300,0,0,8,21553,0.0,-107605600.0,0.0,0.0,0.0,0.0,0.0,0.0,0.0,0.0,0.0,0.0,0.0,0.0,0.0,0.0,0.0,0.0,0.0,0.0,0.0,0.0,-2.004,2.004,2.004,0.0,0.0,0.0,0.0,0.0,4472.0,-2.004,6936.0,0.0,0.0,0.0,-107615296.0,0.0,0.0,0.0,0.0,69,0.0,-4.950393007110635e+32,0.0,0.0,0.0,0.0,0.0,0.0,0.0,0,0,0,0.0,0.0,0.0,0.0,0.0,0.0,0.0,0.0,0.0,0.0,0.0,0.0,0.0,0.0,0.0,0.0,0,-107875648.0,69,0.0,138,0.0,-109183328.0,0,0,17087,26215,17103,26215,17082,0,0,0,70,68,100,-0.0,82.4,-107615456.0,78.3,-0.0,79.0,1,49,50,180,26215,13107,0,0,0.0,0.0,0.0,0.0,-0.0,67.0,0.0,162057.094,0.0,982,0,1011,0,0,0,955,0,1037,0,932,0,793,0,784,0,823,0,7520,0.032,2.0752587082923246e+20,0.0,0.0,784,16797,-0.0,162057.094,-114818.039,-0.0,0.133,6.909358625270745e+28,30.0,70.0,35,0.0,0.0,0.0,0.0,0.0,0.0,0.0,0.0,0.0,0.0,0.0,0.0,0.0,0.0,0.0,0.0,66.0,0,150,71,52,65476,0,300,0,0,8,20529,65476,0,0,44564,70.0,0.0,0.0,0.0,0.0,0.0
2026-09-10T21:15:22,ERR,ERR,ERR,ERR,ERR,ERR,ERR,ERR,ERR,ERR,ERR,ERR,ERR,ERR,ERR,ERR,ERR,ERR,ERR,ERR,ERR,ERR,ERR,ERR,ERR,ERR,ERR,ERR,ERR,ERR,ERR,ERR,ERR,ERR,ERR,ERR,ERR,ERR,ERR,ERR,ERR,ERR,ERR,ERR,ERR,ERR,ERR,ERR,ERR,ERR,ERR,ERR,ERR,ERR,ERR,ERR,ERR,ERR,ERR,ERR,ERR,ERR,ERR,ERR,ERR,ERR,ERR,ERR,ERR,ERR,ERR,ERR,ERR,ERR,ERR,ERR,ERR,ERR,ERR,ERR,ERR,ERR,ERR,ERR,ERR,ERR,ERR,ERR,ERR,ERR,ERR,ERR,ERR,ERR,ERR,ERR,ERR,ERR,ERR,ERR,ERR,ERR,ERR,ERR,ERR,ERR,ERR,ERR,ERR,ERR,ERR,ERR,ERR,ERR,ERR,ERR,ERR,ERR,ERR,ERR,ERR,ERR,ERR,ERR,ERR,0.0,0.0,2.6474835549302285e+23,0.0,0.0,1.3936040501711995e+18,7.805,0.0,0,0,4,0,7116,0.0,100,0.0,0.0,0.0,0.0,0.0,0,0,0,0,0.0,0,0,0,0,0,0,0,0,0,0,0,0,0,0,0,0,0,0,0,0,0,0,0,0,0,0,0,0,0,0,0,0,0,31,40,40,71,65476,0,300,0,0,8,21553,0.0,-107605600.0,0.0,0.0,0.0,0.0,0.0,0.0,0.0,0.0,0.0,0.0,0.0,0.0,0.0,0.0,0.0,0.0,0.0,0.0,0.0,0.0,-2.004,2.004,2.004,0.0,0.0,0.0,0.0,0.0,4472.0,-2.004,6936.0,0.0,0.0,0.0,-107615296.0,0.0,0.0,0.0,0.0,69,0.0,-4.950393007110635e+32,0.0,0.0,0.0,0.0,0.0,0.0,0.0,0,0,0,0.0,0.0,0.0,0.0,0.0,0.0,0.0,0.0,0.0,0.0,0.0,0.0,0.0,0.0,0.0,0.0,0,-107875648.0,69,0.0,138,0.0,-109183328.0,0,0,17087,26215,17103,26215,17082,0,0,0,70,68,100,-0.0,82.4,-107615456.0,78.3,-0.0,79.0,1,49,50,180,26215,13107,0,0,0.0,0.0,0.0,0.0,-0.0,67.0,0.0,162057.094,0.0,982,0,1011,0,0,0,955,0,1037,0,932,0,793,0,784,0,823,0,7520,0.032,2.0752587082923246e+20,0.0,0.0,784,16797,-0.0,162057.094,-114818.039,-0.0,0.133,6.909358625270745e+28,30.0,70.0,35,0.0,0.0,0.0,0.0,0.0,0.0,0.0,0.0,0.0,0.0,0.0,0.0,0.0,0.0,0.0,0.0,66.0,0,150,71,52,65476,0,300,0,0,8,20529,65476,0,0,44564,70.0,0.0,0.0,0.0,0.0,0.0
2026-09-10T21:15:23,ERR,ERR,ERR,ERR,ERR,ERR,ERR,ERR,ERR,ERR,ERR,ERR,ERR,ERR,ERR,ERR,ERR,ERR,ERR,ERR,ERR,ERR,ERR,ERR,ERR,ERR,ERR,ERR,ERR,ERR,ERR,ERR,ERR,ERR,ERR,ERR,ERR,ERR,ERR,ERR,ERR,ERR,ERR,ERR,ERR,ERR,ERR,ERR,ERR,ERR,ERR,ERR,ERR,ERR,ERR,ERR,ERR,ERR,ERR,ERR,ERR,ERR,ERR,ERR,ERR,ERR,ERR,ERR,ERR,ERR,ERR,ERR,ERR,ERR,ERR,ERR,ERR,ERR,ERR,ERR,ERR,ERR,ERR,ERR,ERR,ERR,ERR,ERR,ERR,ERR,ERR,ERR,ERR,ERR,ERR,ERR,ERR,ERR,ERR,ERR,ERR,ERR,ERR,ERR,ERR,ERR,ERR,ERR,ERR,ERR,ERR,ERR,ERR,ERR,ERR,ERR,ERR,ERR,ERR,ERR,ERR,ERR,ERR,ERR,ERR,0.0,0.0,2.6474835549302285e+23,0.0,0.0,1.3936040501711995e+18,7.805,0.0,0,0,4,0,7116,0.0,100,0.0,0.0,0.0,0.0,0.0,0,0,0,0,0.0,0,0,0,0,0,0,0,0,0,0,0,0,0,0,0,0,0,0,0,0,0,0,0,0,0,0,0,0,0,0,0,0,0,31,40,40,71,65476,0,300,0,0,8,21553,0.0,-107605600.0,0.0,0.0,0.0,0.0,0.0,0.0,0.0,0.0,0.0,0.0,0.0,0.0,0.0,0.0,0.0,0.0,0.0,0.0,0.0,0.0,-2.004,2.004,2.004,0.0,0.0,0.0,0.0,0.0,4472.0,-2.004,6936.0,0.0,0.0,0.0,-107615296.0,0.0,0.0,0.0,0.0,69,0.0,-4.950393007110635e+32,0.0,0.0,0.0,0.0,0.0,0.0,0.0,0,0,0,0.0,0.0,0.0,0.0,0.0,0.0,0.0,0.0,0.0,0.0,0.0,0.0,0.0,0.0,0.0,0.0,0,-107875648.0,69,0.0,138,0.0,-109183328.0,0,0,17087,26215,17103,26215,17082,0,0,0,70,68,100,-0.0,82.4,-107615456.0,78.3,-0.0,79.0,1,49,50,180,26215,13107,0,0,0.0,0.0,0.0,0.0,-0.0,67.0,0.0,162057.094,0.0,982,0,1011,0,0,0,955,0,1037,0,932,0,793,0,784,0,823,0,7520,0.032,1.95996655783164e+20,0.0,0.0,784,16797,-0.0,162057.094,-114818.039,-0.0,0.133,6.909358625270745e+28,30.0,70.0,35,0.0,0.0,0.0,0.0,0.0,0.0,0.0,0.0,0.0,0.0,0.0,0.0,0.0,0.0,0.0,0.0,66.0,0,150,71,52,65476,0,300,0,0,8,20529,65476,0,0,44564,70.0,0.0,0.0,0.0,0.0,0.0
2026-09-10T21:15:24,ERR,ERR,ERR,ERR,ERR,ERR,ERR,ERR,ERR,ERR,ERR,ERR,ERR,ERR,ERR,ERR,ERR,ERR,ERR,ERR,ERR,ERR,ERR,ERR,ERR,ERR,ERR,ERR,ERR,ERR,ERR,ERR,ERR,ERR,ERR,ERR,ERR,ERR,ERR,ERR,ERR,ERR,ERR,ERR,ERR,ERR,ERR,ERR,ERR,ERR,ERR,ERR,ERR,ERR,ERR,ERR,ERR,ERR,ERR,ERR,ERR,ERR,ERR,ERR,ERR,ERR,ERR,ERR,ERR,ERR,ERR,ERR,ERR,ERR,ERR,ERR,ERR,ERR,ERR,ERR,ERR,ERR,ERR,ERR,ERR,ERR,ERR,ERR,ERR,ERR,ERR,ERR,ERR,ERR,ERR,ERR,ERR,ERR,ERR,ERR,ERR,ERR,ERR,ERR,ERR,ERR,ERR,ERR,ERR,ERR,ERR,ERR,ERR,ERR,ERR,ERR,ERR,ERR,ERR,ERR,ERR,ERR,ERR,ERR,ERR,0.0,0.0,2.6474835549302285e+23,0.0,0.0,1.3936040501711995e+18,7.805,0.0,0,0,4,0,7116,0.0,100,0.0,0.0,0.0,0.0,0.0,0,0,0,0,0.0,0,0,0,0,0,0,0,0,0,0,0,0,0,0,0,0,0,0,0,0,0,0,0,0,0,0,0,0,0,0,0,0,0,31,40,40,71,65476,0,300,0,0,8,21553,0.0,-107605600.0,0.0,0.0,0.0,0.0,0.0,0.0,0.0,0.0,0.0,0.0,0.0,0.0,0.0,0.0,0.0,0.0,0.0,0.0,0.0,0.0,-2.004,2.004,2.004,0.0,0.0,0.0,0.0,0.0,4472.0,-2.004,6936.0,0.0,0.0,0.0,-107615296.0,0.0,0.0,0.0,0.0,69,0.0,-4.950393007110635e+32,0.0,0.0,0.0,0.0,0.0,0.0,0.0,0,0,0,0.0,0.0,0.0,0.0,0.0,0.0,0.0,0.0,0.0,0.0,0.0,0.0,0.0,0.0,0.0,0.0,0,-107875648.0,69,0.0,138,0.0,-109183328.0,0,0,17087,26215,17103,26215,17082,0,0,0,70,68,100,-0.0,82.4,-107615456.0,78.3,-0.0,79.0,1,49,50,180,26215,13107,0,0,0.0,0.0,0.0,0.0,-0.0,67.0,0.0,162057.094,0.0,982,0,1011,0,0,0,955,0,1037,0,932,0,793,0,784,0,823,0,7520,0.032,1.95996655783164e+20,0.0,0.0,784,16797,-0.0,162057.094,-114818.039,-0.0,0.133,6.909358625270745e+28,30.0,70.0,35,0.0,0.0,0.0,0.0,0.0,0.0,0.0,0.0,0.0,0.0,0.0,0.0,0.0,0.0,0.0,0.0,66.0,0,150,71,52,65476,0,300,0,0,8,20529,65476,0,0,44564,70.0,0.0,0.0,0.0,0.0,0.0
2026-09-10T21:15:25,ERR,ERR,ERR,ERR,ERR,ERR,ERR,ERR,ERR,ERR,ERR,ERR,ERR,ERR,ERR,ERR,ERR,ERR,ERR,ERR,ERR,ERR,ERR,ERR,ERR,ERR,ERR,ERR,ERR,ERR,ERR,ERR,ERR,ERR,ERR,ERR,ERR,ERR,ERR,ERR,ERR,ERR,ERR,ERR,ERR,ERR,ERR,ERR,ERR,ERR,ERR,ERR,ERR,ERR,ERR,ERR,ERR,ERR,ERR,ERR,ERR,ERR,ERR,ERR,ERR,ERR,ERR,ERR,ERR,ERR,ERR,ERR,ERR,ERR,ERR,ERR,ERR,ERR,ERR,ERR,ERR,ERR,ERR,ERR,ERR,ERR,ERR,ERR,ERR,ERR,ERR,ERR,ERR,ERR,ERR,ERR,ERR,ERR,ERR,ERR,ERR,ERR,ERR,ERR,ERR,ERR,ERR,ERR,ERR,ERR,ERR,ERR,ERR,ERR,ERR,ERR,ERR,ERR,ERR,ERR,ERR,ERR,ERR,ERR,ERR,0.0,0.0,2.6474835549302285e+23,0.0,0.0,1.3936040501711995e+18,7.805,0.0,0,0,4,0,7116,0.0,100,0.0,0.0,0.0,0.0,0.0,0,0,0,0,0.0,0,0,0,0,0,0,0,0,0,0,0,0,0,0,0,0,0,0,0,0,0,0,0,0,0,0,0,0,0,0,0,0,0,31,40,40,71,65476,0,300,0,0,8,21553,0.0,-107605600.0,0.0,0.0,0.0,0.0,0.0,0.0,0.0,0.0,0.0,0.0,0.0,0.0,0.0,0.0,0.0,0.0,0.0,0.0,0.0,0.0,-2.004,2.004,2.004,0.0,0.0,0.0,0.0,0.0,4472.0,-2.004,6936.0,0.0,0.0,0.0,-107615296.0,0.0,0.0,0.0,0.0,69,0.0,-4.950393007110635e+32,0.0,0.0,0.0,0.0,0.0,0.0,0.0,0,0,0,0.0,0.0,0.0,0.0,0.0,0.0,0.0,0.0,0.0,0.0,0.0,0.0,0.0,0.0,0.0,0.0,0,-107875648.0,69,0.0,138,0.0,-109183328.0,0,0,17087,26215,17103,26215,17082,0,0,0,70,68,100,-0.0,82.4,-107615456.0,78.3,-0.0,79.0,1,49,50,180,26215,13107,0,0,0.0,0.0,0.0,0.0,-0.0,67.0,0.0,162057.094,0.0,982,0,1011,0,0,0,955,0,1037,0,932,0,793,0,784,0,823,0,7520,0.032,1.95996655783164e+20,0.0,0.0,784,16797,-0.0,162057.094,-114818.039,-0.0,0.133,6.909358625270745e+28,30.0,70.0,35,0.0,0.0,0.0,0.0,0.0,0.0,0.0,0.0,0.0,0.0,0.0,0.0,0.0,0.0,0.0,0.0,66.0,0,150,71,52,65476,0,300,0,0,8,20529,65476,0,0,44564,70.0,0.0,0.0,0.0,0.0,0.0
2026-09-10T21:15:26,ERR,ERR,ERR,ERR,ERR,ERR,ERR,ERR,ERR,ERR,ERR,ERR,ERR,ERR,ERR,ERR,ERR,ERR,ERR,ERR,ERR,ERR,ERR,ERR,ERR,ERR,ERR,ERR,ERR,ERR,ERR,ERR,ERR,ERR,ERR,ERR,ERR,ERR,ERR,ERR,ERR,ERR,ERR,ERR,ERR,ERR,ERR,ERR,ERR,ERR,ERR,ERR,ERR,ERR,ERR,ERR,ERR,ERR,ERR,ERR,ERR,ERR,ERR,ERR,ERR,ERR,ERR,ERR,ERR,ERR,ERR,ERR,ERR,ERR,ERR,ERR,ERR,ERR,ERR,ERR,ERR,ERR,ERR,ERR,ERR,ERR,ERR,ERR,ERR,ERR,ERR,ERR,ERR,ERR,ERR,ERR,ERR,ERR,ERR,ERR,ERR,ERR,ERR,ERR,ERR,ERR,ERR,ERR,ERR,ERR,ERR,ERR,ERR,ERR,ERR,ERR,ERR,ERR,ERR,ERR,ERR,ERR,ERR,ERR,ERR,0.0,0.0,2.6474835549302285e+23,0.0,0.0,1.3936040501711995e+18,7.805,0.0,0,0,4,0,7116,0.0,100,0.0,0.0,0.0,0.0,0.0,0,0,0,0,0.0,0,0,0,0,0,0,0,0,0,0,0,0,0,0,0,0,0,0,0,0,0,0,0,0,0,0,0,0,0,0,0,0,0,31,40,40,71,65476,0,300,0,0,8,21553,0.0,-107605600.0,0.0,0.0,0.0,0.0,0.0,0.0,0.0,0.0,0.0,0.0,0.0,0.0,0.0,0.0,0.0,0.0,0.0,0.0,0.0,0.0,-2.004,2.004,2.004,0.0,0.0,0.0,0.0,0.0,4472.0,-2.004,6936.0,0.0,0.0,0.0,-107615296.0,0.0,0.0,0.0,0.0,69,0.0,-4.950393007110635e+32,0.0,0.0,0.0,0.0,0.0,0.0,0.0,0,0,0,0.0,0.0,0.0,0.0,0.0,0.0,0.0,0.0,0.0,0.0,0.0,0.0,0.0,0.0,0.0,0.0,0,-107875648.0,69,0.0,138,0.0,-109183328.0,0,0,17087,26215,17103,26215,17082,0,0,0,70,68,100,-0.0,82.4,-107615456.0,78.3,-0.0,79.0,1,49,50,180,26215,13107,0,0,0.0,0.0,0.0,0.0,-0.0,67.0,0.0,162057.094,0.0,982,0,1011,0,0,0,955,0,1037,0,932,0,793,0,784,0,823,0,7520,0.032,1.95996655783164e+20,0.0,0.0,784,16797,-0.0,162057.094,-114818.039,-0.0,0.133,6.909358625270745e+28,30.0,70.0,35,0.0,0.0,0.0,0.0,0.0,0.0,0.0,0.0,0.0,0.0,0.0,0.0,0.0,0.0,0.0,0.0,66.4,0,150,71,52,65476,0,300,0,0,8,20529,65476,0,0,44564,70.0,0.0,0.0,0.0,0.0,0.0
2026-09-10T21:15:27,ERR,ERR,ERR,ERR,ERR,ERR,ERR,ERR,ERR,ERR,ERR,ERR,ERR,ERR,ERR,ERR,ERR,ERR,ERR,ERR,ERR,ERR,ERR,ERR,ERR,ERR,ERR,ERR,ERR,ERR,ERR,ERR,ERR,ERR,ERR,ERR,ERR,ERR,ERR,ERR,ERR,ERR,ERR,ERR,ERR,ERR,ERR,ERR,ERR,ERR,ERR,ERR,ERR,ERR,ERR,ERR,ERR,ERR,ERR,ERR,ERR,ERR,ERR,ERR,ERR,ERR,ERR,ERR,ERR,ERR,ERR,ERR,ERR,ERR,ERR,ERR,ERR,ERR,ERR,ERR,ERR,ERR,ERR,ERR,ERR,ERR,ERR,ERR,ERR,ERR,ERR,ERR,ERR,ERR,ERR,ERR,ERR,ERR,ERR,ERR,ERR,ERR,ERR,ERR,ERR,ERR,ERR,ERR,ERR,ERR,ERR,ERR,ERR,ERR,ERR,ERR,ERR,ERR,ERR,ERR,ERR,ERR,ERR,ERR,ERR,0.0,0.0,2.6474835549302285e+23,0.0,0.0,1.3936040501711995e+18,7.805,0.0,0,0,4,0,7116,0.0,100,0.0,0.0,0.0,0.0,0.0,0,0,0,0,0.0,0,0,0,0,0,0,0,0,0,0,0,0,0,0,0,0,0,0,0,0,0,0,0,0,0,0,0,0,0,0,0,0,0,31,40,40,71,65476,0,300,0,0,8,21553,0.0,-107605600.0,0.0,0.0,0.0,0.0,0.0,0.0,0.0,0.0,0.0,0.0,0.0,0.0,0.0,0.0,0.0,0.0,0.0,0.0,0.0,0.0,-2.004,2.004,2.004,0.0,0.0,0.0,0.0,0.0,4472.0,-2.004,6936.0,0.0,0.0,0.0,-107615296.0,0.0,0.0,0.0,0.0,69,0.0,-4.950393007110635e+32,0.0,0.0,0.0,0.0,0.0,0.0,0.0,0,0,0,0.0,0.0,0.0,0.0,0.0,0.0,0.0,0.0,0.0,0.0,0.0,0.0,0.0,0.0,0.0,0.0,0,-107875648.0,69,0.0,138,0.0,-109183328.0,0,0,17087,26215,17103,26215,17082,0,0,0,70,68,100,-0.0,82.4,-107615456.0,78.3,-0.0,79.0,1,49,50,180,26215,13107,0,0,0.0,0.0,0.0,0.0,-0.0,67.0,0.0,162057.094,0.0,982,0,1011,0,0,0,955,0,1037,0,932,0,793,0,784,0,823,0,7520,0.032,1.95996655783164e+20,0.0,0.0,784,16797,-0.0,162057.094,-114818.039,-0.0,0.133,6.909358625270745e+28,30.0,70.0,35,0.0,0.0,0.0,0.0,0.0,0.0,0.0,0.0,0.0,0.0,0.0,0.0,0.0,0.0,0.0,0.0,66.4,0,150,71,52,65476,0,300,0,0,8,20529,65476,0,0,44564,70.0,0.0,0.0,0.0,0.0,0.0
2026-09-10T21:15:28,ERR,ERR,ERR,ERR,ERR,ERR,ERR,ERR,ERR,ERR,ERR,ERR,ERR,ERR,ERR,ERR,ERR,ERR,ERR,ERR,ERR,ERR,ERR,ERR,ERR,ERR,ERR,ERR,ERR,ERR,ERR,ERR,ERR,ERR,ERR,ERR,ERR,ERR,ERR,ERR,ERR,ERR,ERR,ERR,ERR,ERR,ERR,ERR,ERR,ERR,ERR,ERR,ERR,ERR,ERR,ERR,ERR,ERR,ERR,ERR,ERR,ERR,ERR,ERR,ERR,ERR,ERR,ERR,ERR,ERR,ERR,ERR,ERR,ERR,ERR,ERR,ERR,ERR,ERR,ERR,ERR,ERR,ERR,ERR,ERR,ERR,ERR,ERR,ERR,ERR,ERR,ERR,ERR,ERR,ERR,ERR,ERR,ERR,ERR,ERR,ERR,ERR,ERR,ERR,ERR,ERR,ERR,ERR,ERR,ERR,ERR,ERR,ERR,ERR,ERR,ERR,ERR,ERR,ERR,ERR,ERR,ERR,ERR,ERR,ERR,-107615312.0,0.0,-100794720.0,0.0,0.0,1.3936040501711995e+18,7.805,0.0,0,0,4,0,7116,0.0,100,0.0,0.0,0.0,0.0,0.0,0,0,0,0,0.0,0,0,0,0,0,0,0,0,0,0,0,0,0,0,0,0,0,0,0,0,0,0,0,0,0,0,0,0,0,0,0,0,0,31,40,40,71,65476,0,300,0,0,8,21553,0.0,-107605600.0,0.0,0.0,0.0,0.0,0.0,0.0,0.0,0.0,0.0,0.0,0.0,0.0,0.0,0.0,0.0,0.0,0.0,0.0,0.0,0.0,-2.004,2.004,2.004,0.0,0.0,0.0,0.0,0.0,4467.0,-0.0,6933.0,0.0,0.0,0.0,-107615296.0,0.0,0.0,0.0,0.0,69,-2.718430741444032e+23,-71.629,0.0,0.0,0.0,0.0,0.0,0.0,0.0,0,0,0,0.0,0.0,0.0,0.0,0.0,0.0,0.0,0.0,0.0,0.0,0.0,0.0,0.0,0.0,0.0,0.0,0,-107875648.0,69,0.0,138,0.0,-109183328.0,0,0,17087,26215,17103,26215,17082,0,0,0,70,68,100,-0.0,82.4,-107615456.0,78.3,-0.0,79.0,1,49,50,180,26215,13107,0,0,0.0,0.0,0.0,0.0,-0.0,67.0,0.0,162057.094,0.0,982,0,1011,0,0,0,955,0,1037,0,932,0,793,0,784,0,823,0,7520,0.032,1.95996655783164e+20,0.0,0.0,784,16797,-0.0,162057.094,-114818.039,-0.0,0.133,6.909358625270745e+28,30.0,70.0,35,0.0,0.0,0.0,0.0,0.0,0.0,0.0,0.0,0.0,0.0,0.0,0.0,0.0,0.0,0.0,0.0,66.4,0,150,71,52,65476,0,300,0,0,8,20529,65476,0,0,44564,70.0,0.0,0.0,0.0,0.0,0.0
2026-09-10T21:15:29,ERR,ERR,ERR,ERR,ERR,ERR,ERR,ERR,ERR,ERR,ERR,ERR,ERR,ERR,ERR,ERR,ERR,ERR,ERR,ERR,ERR,ERR,ERR,ERR,ERR,ERR,ERR,ERR,ERR,ERR,ERR,ERR,ERR,ERR,ERR,ERR,ERR,ERR,ERR,ERR,ERR,ERR,ERR,ERR,ERR,ERR,ERR,ERR,ERR,ERR,ERR,ERR,ERR,ERR,ERR,ERR,ERR,ERR,ERR,ERR,ERR,ERR,ERR,ERR,ERR,ERR,ERR,ERR,ERR,ERR,ERR,ERR,ERR,ERR,ERR,ERR,ERR,ERR,ERR,ERR,ERR,ERR,ERR,ERR,ERR,ERR,ERR,ERR,ERR,ERR,ERR,ERR,ERR,ERR,ERR,ERR,ERR,ERR,ERR,ERR,ERR,ERR,ERR,ERR,ERR,ERR,ERR,ERR,ERR,ERR,ERR,ERR,ERR,ERR,ERR,ERR,ERR,ERR,ERR,ERR,ERR,ERR,ERR,ERR,ERR,-107615312.0,0.0,-100794720.0,0.0,0.0,1.3936040501711995e+18,7.805,0.0,0,0,4,0,7116,0.0,100,0.0,0.0,0.0,0.0,0.0,0,0,0,0,0.0,0,0,0,0,0,0,0,0,0,0,0,0,0,0,0,0,0,0,0,0,0,0,0,0,0,0,0,0,0,0,0,0,0,31,40,40,71,65476,0,300,0,0,8,21553,0.0,-107605600.0,0.0,0.0,0.0,0.0,0.0,0.0,0.0,0.0,0.0,0.0,0.0,0.0,0.0,0.0,0.0,0.0,0.0,0.0,0.0,0.0,-2.004,2.004,2.004,0.0,0.0,0.0,0.0,0.0,4467.0,-0.0,6933.0,0.0,0.0,0.0,-107615296.0,0.0,0.0,0.0,0.0,69,-2.718430741444032e+23,-71.629,0.0,0.0,0.0,0.0,0.0,0.0,0.0,0,0,0,0.0,0.0,0.0,0.0,0.0,0.0,0.0,0.0,0.0,0.0,0.0,0.0,0.0,0.0,0.0,0.0,0,-107875648.0,69,0.0,138,0.0,-109183328.0,0,0,17087,26215,17103,26215,17082,0,0,0,70,68,100,-0.0,82.4,-107615456.0,78.3,-0.0,79.0,1,49,50,180,13107,13107,0,0,0.0,0.0,0.0,0.0,-0.0,67.0,0.0,162057.094,0.0,982,0,1011,0,0,0,955,0,1037,0,932,0,793,0,784,0,823,0,7520,0.032,1.936908127739503e+20,0.0,0.0,784,16797,-0.0,162057.094,-114818.039,-0.0,0.133,6.909358625270745e+28,30.0,70.0,35,0.0,0.0,0.0,0.0,0.0,0.0,0.0,0.0,0.0,0.0,0.0,0.0,0.0,0.0,0.0,0.0,66.0,0,150,71,52,65476,0,300,0,0,8,20529,65476,0,0,44564,70.0,0.0,0.0,0.0,0.0,0.0
2026-09-10T21:15:30,ERR,ERR,ERR,ERR,ERR,ERR,ERR,ERR,ERR,ERR,ERR,ERR,ERR,ERR,ERR,ERR,ERR,ERR,ERR,ERR,ERR,ERR,ERR,ERR,ERR,ERR,ERR,ERR,ERR,ERR,ERR,ERR,ERR,ERR,ERR,ERR,ERR,ERR,ERR,ERR,ERR,ERR,ERR,ERR,ERR,ERR,ERR,ERR,ERR,ERR,ERR,ERR,ERR,ERR,ERR,ERR,ERR,ERR,ERR,ERR,ERR,ERR,ERR,ERR,ERR,ERR,ERR,ERR,ERR,ERR,ERR,ERR,ERR,ERR,ERR,ERR,ERR,ERR,ERR,ERR,ERR,ERR,ERR,ERR,ERR,ERR,ERR,ERR,ERR,ERR,ERR,ERR,ERR,ERR,ERR,ERR,ERR,ERR,ERR,ERR,ERR,ERR,ERR,ERR,ERR,ERR,ERR,ERR,ERR,ERR,ERR,ERR,ERR,ERR,ERR,ERR,ERR,ERR,ERR,ERR,ERR,ERR,ERR,ERR,ERR,-107615312.0,0.0,-100794720.0,0.0,0.0,1.3936040501711995e+18,7.805,0.0,0,0,4,0,7116,0.0,100,0.0,0.0,0.0,0.0,0.0,0,0,0,0,0.0,0,0,0,0,0,0,0,0,0,0,0,0,0,0,0,0,0,0,0,0,0,0,0,0,0,0,0,0,0,0,0,0,0,31,40,40,71,65476,0,300,0,0,8,21553,0.0,-107605600.0,0.0,0.0,0.0,0.0,0.0,0.0,0.0,0.0,0.0,0.0,0.0,0.0,0.0,0.0,0.0,0.0,0.0,0.0,0.0,0.0,-2.004,2.004,2.004,0.0,0.0,0.0,0.0,0.0,4467.0,-0.0,6933.0,0.0,0.0,0.0,-107615296.0,0.0,0.0,0.0,0.0,69,-2.718430741444032e+23,-71.629,0.0,0.0,0.0,0.0,0.0,0.0,0.0,0,0,0,0.0,0.0,0.0,0.0,0.0,0.0,0.0,0.0,0.0,0.0,0.0,0.0,0.0,0.0,0.0,0.0,0,-107875648.0,69,0.0,138,0.0,-109183328.0,0,0,17087,26215,17103,26215,17082,0,0,0,70,68,100,-0.0,82.4,-107615456.0,78.3,-0.0,79.0,1,49,50,180,13107,13107,0,0,0.0,0.0,0.0,0.0,-0.0,67.0,0.0,162057.094,0.0,982,0,1011,0,0,0,955,0,1037,0,932,0,793,0,784,0,823,0,7520,0.032,1.936908127739503e+20,0.0,0.0,784,16797,-0.0,162057.094,-114818.039,-0.0,0.133,6.909358625270745e+28,30.0,70.0,35,0.0,0.0,0.0,0.0,0.0,0.0,0.0,0.0,0.0,0.0,0.0,0.0,0.0,0.0,0.0,0.0,66.0,0,150,71,52,65476,0,300,0,0,8,20529,65476,0,0,44564,70.0,0.0,0.0,0.0,0.0,0.0
2026-09-10T21:15:31,ERR,ERR,ERR,ERR,ERR,ERR,ERR,ERR,ERR,ERR,ERR,ERR,ERR,ERR,ERR,ERR,ERR,ERR,ERR,ERR,ERR,ERR,ERR,ERR,ERR,ERR,ERR,ERR,ERR,ERR,ERR,ERR,ERR,ERR,ERR,ERR,ERR,ERR,ERR,ERR,ERR,ERR,ERR,ERR,ERR,ERR,ERR,ERR,ERR,ERR,ERR,ERR,ERR,ERR,ERR,ERR,ERR,ERR,ERR,ERR,ERR,ERR,ERR,ERR,ERR,ERR,ERR,ERR,ERR,ERR,ERR,ERR,ERR,ERR,ERR,ERR,ERR,ERR,ERR,ERR,ERR,ERR,ERR,ERR,ERR,ERR,ERR,ERR,ERR,ERR,ERR,ERR,ERR,ERR,ERR,ERR,ERR,ERR,ERR,ERR,ERR,ERR,ERR,ERR,ERR,ERR,ERR,ERR,ERR,ERR,ERR,ERR,ERR,ERR,ERR,ERR,ERR,ERR,ERR,ERR,ERR,ERR,ERR,ERR,ERR,-107615312.0,0.0,-100794720.0,0.0,0.0,1.3936040501711995e+18,7.805,0.0,0,0,4,0,7116,0.0,100,0.0,0.0,0.0,0.0,0.0,0,0,0,0,0.0,0,0,0,0,0,0,0,0,0,0,0,0,0,0,0,0,0,0,0,0,0,0,0,0,0,0,0,0,0,0,0,0,0,31,40,40,71,65476,0,300,0,0,8,21553,0.0,-107605600.0,0.0,0.0,0.0,0.0,0.0,0.0,0.0,0.0,0.0,0.0,0.0,0.0,0.0,0.0,0.0,0.0,0.0,0.0,0.0,0.0,-2.004,2.004,2.004,0.0,0.0,0.0,0.0,0.0,4467.0,-0.0,6933.0,0.0,0.0,0.0,-107615296.0,0.0,0.0,0.0,0.0,69,-2.718430741444032e+23,-71.629,0.0,0.0,0.0,0.0,0.0,0.0,0.0,0,0,0,0.0,0.0,0.0,0.0,0.0,0.0,0.0,0.0,0.0,0.0,0.0,0.0,0.0,0.0,0.0,0.0,0,-107875648.0,69,0.0,138,0.0,-109183328.0,0,0,17087,26215,17103,26215,17082,0,0,0,70,68,100,-0.0,82.4,-107615456.0,78.3,-0.0,79.0,1,49,50,180,13107,13107,0,0,0.0,0.0,0.0,0.0,-0.0,67.0,0.0,162057.094,0.0,982,0,1011,0,0,0,955,0,1037,0,932,0,793,0,784,0,823,0,7520,0.032,1.936908127739503e+20,0.0,0.0,784,16797,-0.0,162057.094,-114818.039,-0.0,0.133,6.909358625270745e+28,30.0,70.0,35,0.0,0.0,0.0,0.0,0.0,0.0,0.0,0.0,0.0,0.0,0.0,0.0,0.0,0.0,0.0,0.0,66.0,0,150,71,52,65476,0,300,0,0,8,20529,65476,0,0,44564,70.0,0.0,0.0,0.0,0.0,0.0
2026-09-10T21:15:32,ERR,ERR,ERR,ERR,ERR,ERR,ERR,ERR,ERR,ERR,ERR,ERR,ERR,ERR,ERR,ERR,ERR,ERR,ERR,ERR,ERR,ERR,ERR,ERR,ERR,ERR,ERR,ERR,ERR,ERR,ERR,ERR,ERR,ERR,ERR,ERR,ERR,ERR,ERR,ERR,ERR,ERR,ERR,ERR,ERR,ERR,ERR,ERR,ERR,ERR,ERR,ERR,ERR,ERR,ERR,ERR,ERR,ERR,ERR,ERR,ERR,ERR,ERR,ERR,ERR,ERR,ERR,ERR,ERR,ERR,ERR,ERR,ERR,ERR,ERR,ERR,ERR,ERR,ERR,ERR,ERR,ERR,ERR,ERR,ERR,ERR,ERR,ERR,ERR,ERR,ERR,ERR,ERR,ERR,ERR,ERR,ERR,ERR,ERR,ERR,ERR,ERR,ERR,ERR,ERR,ERR,ERR,ERR,ERR,ERR,ERR,ERR,ERR,ERR,ERR,ERR,ERR,ERR,ERR,ERR,ERR,ERR,ERR,ERR,ERR,-107615312.0,0.0,-100794720.0,0.0,0.0,1.3936040501711995e+18,7.805,0.0,0,0,4,0,7116,0.0,100,0.0,0.0,0.0,0.0,0.0,0,0,0,0,0.0,0,0,0,0,0,0,0,0,0,0,0,0,0,0,0,0,0,0,0,0,0,0,0,0,0,0,0,0,0,0,0,0,0,31,40,40,71,65476,0,300,0,0,8,21553,0.0,-107605600.0,0.0,0.0,0.0,0.0,0.0,0.0,0.0,0.0,0.0,0.0,0.0,0.0,0.0,0.0,0.0,0.0,0.0,0.0,0.0,0.0,-2.004,2.004,2.004,0.0,0.0,0.0,0.0,0.0,4467.0,-0.0,6933.0,0.0,0.0,0.0,-107615296.0,0.0,0.0,0.0,0.0,69,-2.718430741444032e+23,-71.629,0.0,0.0,0.0,0.0,0.0,0.0,0.0,0,0,0,0.0,0.0,0.0,0.0,0.0,0.0,0.0,0.0,0.0,0.0,0.0,0.0,0.0,0.0,0.0,0.0,0,-107875648.0,69,0.0,138,0.0,-109183328.0,0,0,17087,26215,17103,26215,17082,0,0,0,70,68,100,-0.0,82.4,-107615456.0,78.3,-0.0,79.0,1,49,50,180,13107,13107,0,0,0.0,0.0,0.0,0.0,-0.0,67.0,0.0,162057.094,0.0,982,0,1011,0,0,0,955,0,1037,0,932,0,793,0,784,0,823,0,7520,0.032,1.936908127739503e+20,0.0,0.0,784,16797,-0.0,162057.094,-114818.039,-0.0,0.133,6.909358625270745e+28,30.0,70.0,35,0.0,0.0,0.0,0.0,0.0,0.0,0.0,0.0,0.0,0.0,0.0,0.0,0.0,0.0,0.0,0.0,66.0,0,150,71,52,65476,0,300,0,0,8,20529,65476,0,0,44564,70.0,0.0,0.0,0.0,0.0,0.0
2026-09-10T21:15:33,ERR,ERR,ERR,ERR,ERR,ERR,ERR,ERR,ERR,ERR,ERR,ERR,ERR,ERR,ERR,ERR,ERR,ERR,ERR,ERR,ERR,ERR,ERR,ERR,ERR,ERR,ERR,ERR,ERR,ERR,ERR,ERR,ERR,ERR,ERR,ERR,ERR,ERR,ERR,ERR,ERR,ERR,ERR,ERR,ERR,ERR,ERR,ERR,ERR,ERR,ERR,ERR,ERR,ERR,ERR,ERR,ERR,ERR,ERR,ERR,ERR,ERR,ERR,ERR,ERR,ERR,ERR,ERR,ERR,ERR,ERR,ERR,ERR,ERR,ERR,ERR,ERR,ERR,ERR,ERR,ERR,ERR,ERR,ERR,ERR,ERR,ERR,ERR,ERR,ERR,ERR,ERR,ERR,ERR,ERR,ERR,ERR,ERR,ERR,ERR,ERR,ERR,ERR,ERR,ERR,ERR,ERR,ERR,ERR,ERR,ERR,ERR,ERR,ERR,ERR,ERR,ERR,ERR,ERR,ERR,ERR,ERR,ERR,ERR,ERR,-107615312.0,0.0,-100794720.0,0.0,0.0,1.3936040501711995e+18,7.805,0.0,0,0,4,0,7116,0.0,100,0.0,0.0,0.0,0.0,0.0,0,0,0,0,0.0,0,0,0,0,0,0,0,0,0,0,0,0,0,0,0,0,0,0,0,0,0,0,0,0,0,0,0,0,0,0,0,0,0,31,40,40,71,65476,0,300,0,0,8,21553,0.0,-107605600.0,0.0,0.0,0.0,0.0,0.0,0.0,0.0,0.0,0.0,0.0,0.0,0.0,0.0,0.0,0.0,0.0,0.0,0.0,0.0,0.0,-2.004,2.004,2.004,0.0,0.0,0.0,0.0,0.0,4467.0,-0.0,6933.0,0.0,0.0,0.0,-107615296.0,0.0,0.0,0.0,0.0,69,-2.718430741444032e+23,-71.629,0.0,0.0,0.0,0.0,0.0,0.0,0.0,0,0,0,0.0,0.0,0.0,0.0,0.0,0.0,0.0,0.0,0.0,0.0,0.0,0.0,0.0,0.0,0.0,0.0,0,-107875648.0,69,0.0,138,0.0,-109183328.0,0,0,17087,26215,17103,26215,17082,0,0,0,70,68,100,-0.0,82.4,-107615456.0,78.3,-0.0,79.0,1,49,50,180,13107,13107,0,0,0.0,0.0,0.0,0.0,-0.0,67.0,0.0,162057.094,0.0,982,0,1011,0,0,0,955,0,1037,0,932,0,793,0,784,0,823,0,7520,0.032,1.936908127739503e+20,0.0,0.0,784,16797,-0.0,162057.094,-114818.039,-0.0,0.133,6.909358625270745e+28,30.0,70.0,35,0.0,0.0,0.0,0.0,0.0,0.0,0.0,0.0,0.0,0.0,0.0,0.0,0.0,0.0,0.0,0.0,66.0,0,150,71,52,65476,0,300,0,0,8,20529,65476,0,0,44564,70.0,0.0,0.0,0.0,0.0,0.0
2026-09-10T21:15:34,ERR,ERR,ERR,ERR,ERR,ERR,ERR,ERR,ERR,ERR,ERR,ERR,ERR,ERR,ERR,ERR,ERR,ERR,ERR,ERR,ERR,ERR,ERR,ERR,ERR,ERR,ERR,ERR,ERR,ERR,ERR,ERR,ERR,ERR,ERR,ERR,ERR,ERR,ERR,ERR,ERR,ERR,ERR,ERR,ERR,ERR,ERR,ERR,ERR,ERR,ERR,ERR,ERR,ERR,ERR,ERR,ERR,ERR,ERR,ERR,ERR,ERR,ERR,ERR,ERR,ERR,ERR,ERR,ERR,ERR,ERR,ERR,ERR,ERR,ERR,ERR,ERR,ERR,ERR,ERR,ERR,ERR,ERR,ERR,ERR,ERR,ERR,ERR,ERR,ERR,ERR,ERR,ERR,ERR,ERR,ERR,ERR,ERR,ERR,ERR,ERR,ERR,ERR,ERR,ERR,ERR,ERR,ERR,ERR,ERR,ERR,ERR,ERR,ERR,ERR,ERR,ERR,ERR,ERR,ERR,ERR,ERR,ERR,ERR,ERR,-107615312.0,0.0,-100794720.0,0.0,0.0,1.3936040501711995e+18,7.805,0.0,0,0,4,0,7116,0.0,100,0.0,0.0,0.0,0.0,0.0,0,0,0,0,0.0,0,0,0,0,0,0,0,0,0,0,0,0,0,0,0,0,0,0,0,0,0,0,0,0,0,0,0,0,0,0,0,0,0,31,40,40,71,65476,0,300,0,0,8,21553,0.0,-107605600.0,0.0,0.0,0.0,0.0,0.0,0.0,0.0,0.0,0.0,0.0,0.0,0.0,0.0,0.0,0.0,0.0,0.0,0.0,0.0,0.0,-2.004,2.004,2.004,0.0,0.0,0.0,0.0,0.0,4467.0,-0.0,6933.0,0.0,0.0,0.0,-107615296.0,0.0,0.0,0.0,0.0,69,-2.718430741444032e+23,-71.629,0.0,0.0,0.0,0.0,0.0,0.0,0.0,0,0,0,0.0,0.0,0.0,0.0,0.0,0.0,0.0,0.0,0.0,0.0,0.0,0.0,0.0,0.0,0.0,0.0,0,-107875648.0,69,0.0,138,0.0,-109183328.0,0,0,17087,26215,17103,26215,17082,0,0,0,70,68,100,-0.0,82.4,-107615456.0,78.3,-0.0,79.0,1,49,50,180,13107,13107,0,0,0.0,0.0,0.0,0.0,-0.0,67.0,0.0,162057.094,0.0,982,0,1011,0,0,0,955,0,1037,0,932,0,793,0,784,0,823,0,7520,0.032,1.936908127739503e+20,0.0,0.0,784,16797,-0.0,162057.094,-114818.039,-0.0,0.133,6.909358625270745e+28,30.0,70.0,35,0.0,0.0,0.0,0.0,0.0,0.0,0.0,0.0,0.0,0.0,0.0,0.0,0.0,0.0,0.0,0.0,66.0,0,150,71,52,65476,0,300,0,0,8,20529,65476,0,0,44564,70.0,0.0,0.0,0.0,0.0,0.0
2026-09-10T21:15:35,ERR,ERR,ERR,ERR,ERR,ERR,ERR,ERR,ERR,ERR,ERR,ERR,ERR,ERR,ERR,ERR,ERR,ERR,ERR,ERR,ERR,ERR,ERR,ERR,ERR,ERR,ERR,ERR,ERR,ERR,ERR,ERR,ERR,ERR,ERR,ERR,ERR,ERR,ERR,ERR,ERR,ERR,ERR,ERR,ERR,ERR,ERR,ERR,ERR,ERR,ERR,ERR,ERR,ERR,ERR,ERR,ERR,ERR,ERR,ERR,ERR,ERR,ERR,ERR,ERR,ERR,ERR,ERR,ERR,ERR,ERR,ERR,ERR,ERR,ERR,ERR,ERR,ERR,ERR,ERR,ERR,ERR,ERR,ERR,ERR,ERR,ERR,ERR,ERR,ERR,ERR,ERR,ERR,ERR,ERR,ERR,ERR,ERR,ERR,ERR,ERR,ERR,ERR,ERR,ERR,ERR,ERR,ERR,ERR,ERR,ERR,ERR,ERR,ERR,ERR,ERR,ERR,ERR,ERR,ERR,ERR,ERR,ERR,ERR,ERR,-107615312.0,0.0,-100794720.0,0.0,0.0,1.3936040501711995e+18,7.805,0.0,0,0,4,0,7116,0.0,100,0.0,0.0,0.0,0.0,0.0,0,0,0,0,0.0,0,0,0,0,0,0,0,0,0,0,0,0,0,0,0,0,0,0,0,0,0,0,0,0,0,0,0,0,0,0,0,0,0,31,40,40,71,65476,0,300,0,0,8,21553,0.0,-107605600.0,0.0,0.0,0.0,0.0,0.0,0.0,0.0,0.0,0.0,0.0,0.0,0.0,0.0,0.0,0.0,0.0,0.0,0.0,0.0,0.0,-2.004,2.004,2.004,0.0,0.0,0.0,0.0,0.0,4467.0,-0.0,6933.0,0.0,0.0,0.0,-107615296.0,0.0,0.0,0.0,0.0,69,-2.718430741444032e+23,-71.629,0.0,0.0,0.0,0.0,0.0,0.0,0.0,0,0,0,0.0,0.0,0.0,0.0,0.0,0.0,0.0,0.0,0.0,0.0,0.0,0.0,0.0,0.0,0.0,0.0,0,-107875648.0,69,0.0,138,0.0,-109183328.0,0,0,17087,26215,17103,26215,17082,0,0,0,70,68,100,-0.0,82.4,-107615456.0,78.3,-0.0,79.0,1,49,50,180,13107,13107,0,0,0.0,0.0,0.0,0.0,-0.0,67.0,0.0,162057.094,0.0,982,0,1011,0,0,0,955,0,1037,0,932,0,793,0,784,0,823,0,7520,0.032,1.95996655783164e+20,0.0,0.0,784,16797,-0.0,162057.094,-114818.039,-0.0,0.133,6.909358625270745e+28,30.0,70.0,35,0.0,0.0,0.0,0.0,0.0,0.0,0.0,0.0,0.0,0.0,0.0,0.0,0.0,0.0,0.0,0.0,66.4,0,150,71,52,65476,0,300,0,0,8,20529,65476,0,0,44564,70.0,0.0,0.0,0.0,0.0,0.0
2026-09-10T21:15:36,ERR,ERR,ERR,ERR,ERR,ERR,ERR,ERR,ERR,ERR,ERR,ERR,ERR,ERR,ERR,ERR,ERR,ERR,ERR,ERR,ERR,ERR,ERR,ERR,ERR,ERR,ERR,ERR,ERR,ERR,ERR,ERR,ERR,ERR,ERR,ERR,ERR,ERR,ERR,ERR,ERR,ERR,ERR,ERR,ERR,ERR,ERR,ERR,ERR,ERR,ERR,ERR,ERR,ERR,ERR,ERR,ERR,ERR,ERR,ERR,ERR,ERR,ERR,ERR,ERR,ERR,ERR,ERR,ERR,ERR,ERR,ERR,ERR,ERR,ERR,ERR,ERR,ERR,ERR,ERR,ERR,ERR,ERR,ERR,ERR,ERR,ERR,ERR,ERR,ERR,ERR,ERR,ERR,ERR,ERR,ERR,ERR,ERR,ERR,ERR,ERR,ERR,ERR,ERR,ERR,ERR,ERR,ERR,ERR,ERR,ERR,ERR,ERR,ERR,ERR,ERR,ERR,ERR,ERR,ERR,ERR,ERR,ERR,ERR,ERR,0.0,0.0,2.6474835549302285e+23,0.0,0.0,1.3936040501711995e+18,7.805,0.0,0,0,4,0,7116,0.0,100,0.0,0.0,0.0,0.0,0.0,0,0,0,0,0.0,0,0,0,0,0,0,0,0,0,0,0,0,0,0,0,0,0,0,0,0,0,0,0,0,0,0,0,0,0,0,0,0,0,31,40,40,71,65476,0,300,0,0,8,21553,0.0,-107605600.0,0.0,0.0,0.0,0.0,0.0,0.0,0.0,0.0,0.0,0.0,0.0,0.0,0.0,0.0,0.0,0.0,0.0,0.0,0.0,0.0,-2.004,2.004,2.004,0.0,0.0,0.0,0.0,0.0,4465.0,-2.004,6934.0,0.0,0.0,0.0,-107615296.0,0.0,0.0,0.0,0.0,69,-2.3088410695593833e+20,-107614608.0,0.0,0.0,0.0,0.0,0.0,0.0,0.0,0,0,0,0.0,0.0,0.0,0.0,0.0,0.0,0.0,0.0,0.0,0.0,0.0,0.0,0.0,0.0,0.0,0.0,0,-107875648.0,69,0.0,138,0.0,-109183328.0,0,0,17087,26215,17103,26215,17082,0,0,0,70,68,100,-0.0,82.4,-107615456.0,78.3,-0.0,79.0,1,49,50,180,13107,13107,0,0,0.0,0.0,0.0,0.0,-0.0,67.0,0.0,162057.094,0.0,982,0,1011,0,0,0,955,0,1037,0,932,0,793,0,784,0,823,0,7520,0.032,1.95996655783164e+20,0.0,0.0,784,16797,-0.0,162057.094,-114818.039,-0.0,0.133,6.909358625270745e+28,30.0,70.0,35,0.0,0.0,0.0,0.0,0.0,0.0,0.0,0.0,0.0,0.0,0.0,0.0,0.0,0.0,0.0,0.0,66.4,0,150,71,52,65476,0,300,0,0,8,20529,65476,0,0,44564,70.0,0.0,0.0,0.0,0.0,0.0
2026-09-10T21:15:37,ERR,ERR,ERR,ERR,ERR,ERR,ERR,ERR,ERR,ERR,ERR,ERR,ERR,ERR,ERR,ERR,ERR,ERR,ERR,ERR,ERR,ERR,ERR,ERR,ERR,ERR,ERR,ERR,ERR,ERR,ERR,ERR,ERR,ERR,ERR,ERR,ERR,ERR,ERR,ERR,ERR,ERR,ERR,ERR,ERR,ERR,ERR,ERR,ERR,ERR,ERR,ERR,ERR,ERR,ERR,ERR,ERR,ERR,ERR,ERR,ERR,ERR,ERR,ERR,ERR,ERR,ERR,ERR,ERR,ERR,ERR,ERR,ERR,ERR,ERR,ERR,ERR,ERR,ERR,ERR,ERR,ERR,ERR,ERR,ERR,ERR,ERR,ERR,ERR,ERR,ERR,ERR,ERR,ERR,ERR,ERR,ERR,ERR,ERR,ERR,ERR,ERR,ERR,ERR,ERR,ERR,ERR,ERR,ERR,ERR,ERR,ERR,ERR,ERR,ERR,ERR,ERR,ERR,ERR,ERR,ERR,ERR,ERR,ERR,ERR,0.0,0.0,2.6474835549302285e+23,0.0,0.0,1.3936040501711995e+18,7.805,0.0,0,0,4,0,7116,0.0,100,0.0,0.0,0.0,0.0,0.0,0,0,0,0,0.0,0,0,0,0,0,0,0,0,0,0,0,0,0,0,0,0,0,0,0,0,0,0,0,0,0,0,0,0,0,0,0,0,0,31,40,40,71,65476,0,300,0,0,8,21553,0.0,-107605600.0,0.0,0.0,0.0,0.0,0.0,0.0,0.0,0.0,0.0,0.0,0.0,0.0,0.0,0.0,0.0,0.0,0.0,0.0,0.0,0.0,-2.004,2.004,2.004,0.0,0.0,0.0,0.0,0.0,4465.0,-2.004,6934.0,0.0,0.0,0.0,-107615296.0,0.0,0.0,0.0,0.0,69,-2.3088410695593833e+20,-107614608.0,0.0,0.0,0.0,0.0,0.0,0.0,0.0,0,0,0,0.0,0.0,0.0,0.0,0.0,0.0,0.0,0.0,0.0,0.0,0.0,0.0,0.0,0.0,0.0,0.0,0,-107875648.0,69,0.0,138,0.0,-109183328.0,0,0,17087,26215,17103,26215,17082,0,0,0,70,68,100,-0.0,82.4,-107615456.0,78.3,-0.0,79.0,1,49,50,180,13107,13107,0,0,0.0,0.0,0.0,0.0,-0.0,67.0,0.0,162057.094,0.0,982,0,1011,0,0,0,955,0,1037,0,932,0,793,0,784,0,823,0,7520,0.032,1.95996655783164e+20,0.0,0.0,784,16797,-0.0,162057.094,-114818.039,-0.0,0.133,6.909358625270745e+28,30.0,70.0,35,0.0,0.0,0.0,0.0,0.0,0.0,0.0,0.0,0.0,0.0,0.0,0.0,0.0,0.0,0.0,0.0,66.4,0,150,71,52,65476,0,300,0,0,8,20529,65476,0,0,44564,70.0,0.0,0.0,0.0,0.0,0.0
2026-09-10T21:15:38,ERR,ERR,ERR,ERR,ERR,ERR,ERR,ERR,ERR,ERR,ERR,ERR,ERR,ERR,ERR,ERR,ERR,ERR,ERR,ERR,ERR,ERR,ERR,ERR,ERR,ERR,ERR,ERR,ERR,ERR,ERR,ERR,ERR,ERR,ERR,ERR,ERR,ERR,ERR,ERR,ERR,ERR,ERR,ERR,ERR,ERR,ERR,ERR,ERR,ERR,ERR,ERR,ERR,ERR,ERR,ERR,ERR,ERR,ERR,ERR,ERR,ERR,ERR,ERR,ERR,ERR,ERR,ERR,ERR,ERR,ERR,ERR,ERR,ERR,ERR,ERR,ERR,ERR,ERR,ERR,ERR,ERR,ERR,ERR,ERR,ERR,ERR,ERR,ERR,ERR,ERR,ERR,ERR,ERR,ERR,ERR,ERR,ERR,ERR,ERR,ERR,ERR,ERR,ERR,ERR,ERR,ERR,ERR,ERR,ERR,ERR,ERR,ERR,ERR,ERR,ERR,ERR,ERR,ERR,ERR,ERR,ERR,ERR,ERR,ERR,0.0,0.0,2.6474835549302285e+23,0.0,0.0,1.3936040501711995e+18,7.805,0.0,0,0,4,0,7116,0.0,100,0.0,0.0,0.0,0.0,0.0,0,0,0,0,0.0,0,0,0,0,0,0,0,0,0,0,0,0,0,0,0,0,0,0,0,0,0,0,0,0,0,0,0,0,0,0,0,0,0,31,40,40,71,65476,0,300,0,0,8,21553,0.0,-107605600.0,0.0,0.0,0.0,0.0,0.0,0.0,0.0,0.0,0.0,0.0,0.0,0.0,0.0,0.0,0.0,0.0,0.0,0.0,0.0,0.0,-2.004,2.004,2.004,0.0,0.0,0.0,0.0,0.0,4465.0,-2.004,6934.0,0.0,0.0,0.0,-107615296.0,0.0,0.0,0.0,0.0,69,-2.3088410695593833e+20,-107614608.0,0.0,0.0,0.0,0.0,0.0,0.0,0.0,0,0,0,0.0,0.0,0.0,0.0,0.0,0.0,0.0,0.0,0.0,0.0,0.0,0.0,0.0,0.0,0.0,0.0,0,-107875648.0,69,0.0,138,0.0,-109183328.0,0,0,17087,26215,17103,26215,17082,0,0,0,70,68,100,-0.0,82.4,-107615456.0,78.3,-0.0,79.0,1,49,50,180,13107,13107,0,0,0.0,0.0,0.0,0.0,-0.0,67.0,0.0,162057.094,0.0,982,0,1011,0,0,0,955,0,1037,0,932,0,793,0,784,0,823,0,7520,0.032,1.95996655783164e+20,0.0,0.0,784,16797,-0.0,162057.094,-114818.039,-0.0,0.133,6.909358625270745e+28,30.0,70.0,35,0.0,0.0,0.0,0.0,0.0,0.0,0.0,0.0,0.0,0.0,0.0,0.0,0.0,0.0,0.0,0.0,66.4,0,150,71,52,65476,0,300,0,0,8,20529,65476,0,0,44564,70.0,0.0,0.0,0.0,0.0,0.0
2026-09-10T21:15:39,ERR,ERR,ERR,ERR,ERR,ERR,ERR,ERR,ERR,ERR,ERR,ERR,ERR,ERR,ERR,ERR,ERR,ERR,ERR,ERR,ERR,ERR,ERR,ERR,ERR,ERR,ERR,ERR,ERR,ERR,ERR,ERR,ERR,ERR,ERR,ERR,ERR,ERR,ERR,ERR,ERR,ERR,ERR,ERR,ERR,ERR,ERR,ERR,ERR,ERR,ERR,ERR,ERR,ERR,ERR,ERR,ERR,ERR,ERR,ERR,ERR,ERR,ERR,ERR,ERR,ERR,ERR,ERR,ERR,ERR,ERR,ERR,ERR,ERR,ERR,ERR,ERR,ERR,ERR,ERR,ERR,ERR,ERR,ERR,ERR,ERR,ERR,ERR,ERR,ERR,ERR,ERR,ERR,ERR,ERR,ERR,ERR,ERR,ERR,ERR,ERR,ERR,ERR,ERR,ERR,ERR,ERR,ERR,ERR,ERR,ERR,ERR,ERR,ERR,ERR,ERR,ERR,ERR,ERR,ERR,ERR,ERR,ERR,ERR,ERR,0.0,0.0,2.6474835549302285e+23,0.0,0.0,1.3936040501711995e+18,7.805,0.0,0,0,4,0,7116,0.0,100,0.0,0.0,0.0,0.0,0.0,0,0,0,0,0.0,0,0,0,0,0,0,0,0,0,0,0,0,0,0,0,0,0,0,0,0,0,0,0,0,0,0,0,0,0,0,0,0,0,31,40,40,71,65476,0,300,0,0,8,21553,0.0,-107605600.0,0.0,0.0,0.0,0.0,0.0,0.0,0.0,0.0,0.0,0.0,0.0,0.0,0.0,0.0,0.0,0.0,0.0,0.0,0.0,0.0,-2.004,2.004,2.004,0.0,0.0,0.0,0.0,0.0,4465.0,-2.004,6934.0,0.0,0.0,0.0,-107615296.0,0.0,0.0,0.0,0.0,69,-2.3088410695593833e+20,-107614608.0,0.0,0.0,0.0,0.0,0.0,0.0,0.0,0,0,0,0.0,0.0,0.0,0.0,0.0,0.0,0.0,0.0,0.0,0.0,0.0,0.0,0.0,0.0,0.0,0.0,0,-107875648.0,69,0.0,138,0.0,-109183328.0,0,0,17087,26215,17103,26215,17082,0,0,0,70,68,100,-0.0,82.4,-107615456.0,78.3,-0.0,79.0,1,49,50,180,13107,13107,0,0,0.0,0.0,0.0,0.0,-0.0,67.0,0.0,162057.094,0.0,982,0,1011,0,0,0,955,0,1037,0,932,0,793,0,784,0,823,0,7520,0.032,1.95996655783164e+20,0.0,0.0,784,16797,-0.0,162057.094,-114818.039,-0.0,0.133,6.909358625270745e+28,30.0,70.0,35,0.0,0.0,0.0,0.0,0.0,0.0,0.0,0.0,0.0,0.0,0.0,0.0,0.0,0.0,0.0,0.0,66.4,0,150,71,52,65476,0,300,0,0,8,20529,65476,0,0,44564,70.0,0.0,0.0,0.0,0.0,0.0
2026-09-10T21:15:40,ERR,ERR,ERR,ERR,ERR,ERR,ERR,ERR,ERR,ERR,ERR,ERR,ERR,ERR,ERR,ERR,ERR,ERR,ERR,ERR,ERR,ERR,ERR,ERR,ERR,ERR,ERR,ERR,ERR,ERR,ERR,ERR,ERR,ERR,ERR,ERR,ERR,ERR,ERR,ERR,ERR,ERR,ERR,ERR,ERR,ERR,ERR,ERR,ERR,ERR,ERR,ERR,ERR,ERR,ERR,ERR,ERR,ERR,ERR,ERR,ERR,ERR,ERR,ERR,ERR,ERR,ERR,ERR,ERR,ERR,ERR,ERR,ERR,ERR,ERR,ERR,ERR,ERR,ERR,ERR,ERR,ERR,ERR,ERR,ERR,ERR,ERR,ERR,ERR,ERR,ERR,ERR,ERR,ERR,ERR,ERR,ERR,ERR,ERR,ERR,ERR,ERR,ERR,ERR,ERR,ERR,ERR,ERR,ERR,ERR,ERR,ERR,ERR,ERR,ERR,ERR,ERR,ERR,ERR,ERR,ERR,ERR,ERR,ERR,ERR,0.0,0.0,2.6474835549302285e+23,0.0,0.0,1.3936040501711995e+18,7.805,0.0,0,0,4,0,7116,0.0,100,0.0,0.0,0.0,0.0,0.0,0,0,0,0,0.0,0,0,0,0,0,0,0,0,0,0,0,0,0,0,0,0,0,0,0,0,0,0,0,0,0,0,0,0,0,0,0,0,0,31,40,40,71,65476,0,300,0,0,8,21553,0.0,-107605600.0,0.0,0.0,0.0,0.0,0.0,0.0,0.0,0.0,0.0,0.0,0.0,0.0,0.0,0.0,0.0,0.0,0.0,0.0,0.0,0.0,-2.004,2.004,2.004,0.0,0.0,0.0,0.0,0.0,4465.0,-2.004,6934.0,0.0,0.0,0.0,-107615296.0,0.0,0.0,0.0,0.0,69,-2.3088410695593833e+20,-107614608.0,0.0,0.0,0.0,0.0,0.0,0.0,0.0,0,0,0,0.0,0.0,0.0,0.0,0.0,0.0,0.0,0.0,0.0,0.0,0.0,0.0,0.0,0.0,0.0,0.0,0,-107875648.0,69,0.0,138,0.0,-109183328.0,0,0,17087,26215,17103,26215,17082,0,0,0,70,68,100,-0.0,82.4,-107615456.0,78.3,-0.0,79.0,1,49,50,180,13107,13107,0,0,0.0,0.0,0.0,0.0,-0.0,67.0,0.0,162057.094,0.0,982,0,1011,0,0,0,955,0,1037,0,932,0,793,0,784,0,823,0,7520,0.032,1.95996655783164e+20,0.0,0.0,784,16797,-0.0,162057.094,-114818.039,-0.0,0.133,6.909358625270745e+28,30.0,70.0,35,0.0,0.0,0.0,0.0,0.0,0.0,0.0,0.0,0.0,0.0,0.0,0.0,0.0,0.0,0.0,0.0,66.0,0,150,71,52,65476,0,300,0,0,8,20529,65476,0,0,44564,70.0,0.0,0.0,0.0,0.0,0.0
2026-09-10T21:15:41,ERR,ERR,ERR,ERR,ERR,ERR,ERR,ERR,ERR,ERR,ERR,ERR,ERR,ERR,ERR,ERR,ERR,ERR,ERR,ERR,ERR,ERR,ERR,ERR,ERR,ERR,ERR,ERR,ERR,ERR,ERR,ERR,ERR,ERR,ERR,ERR,ERR,ERR,ERR,ERR,ERR,ERR,ERR,ERR,ERR,ERR,ERR,ERR,ERR,ERR,ERR,ERR,ERR,ERR,ERR,ERR,ERR,ERR,ERR,ERR,ERR,ERR,ERR,ERR,ERR,ERR,ERR,ERR,ERR,ERR,ERR,ERR,ERR,ERR,ERR,ERR,ERR,ERR,ERR,ERR,ERR,ERR,ERR,ERR,ERR,ERR,ERR,ERR,ERR,ERR,ERR,ERR,ERR,ERR,ERR,ERR,ERR,ERR,ERR,ERR,ERR,ERR,ERR,ERR,ERR,ERR,ERR,ERR,ERR,ERR,ERR,ERR,ERR,ERR,ERR,ERR,ERR,ERR,ERR,ERR,ERR,ERR,ERR,ERR,ERR,0.0,0.0,2.6474835549302285e+23,0.0,0.0,1.3936040501711995e+18,7.805,0.0,0,0,4,0,7116,0.0,100,0.0,0.0,0.0,0.0,0.0,0,0,0,0,0.0,0,0,0,0,0,0,0,0,0,0,0,0,0,0,0,0,0,0,0,0,0,0,0,0,0,0,0,0,0,0,0,0,0,31,40,40,71,65476,0,300,0,0,8,21553,0.0,-107605600.0,0.0,0.0,0.0,0.0,0.0,0.0,0.0,0.0,0.0,0.0,0.0,0.0,0.0,0.0,0.0,0.0,0.0,0.0,0.0,0.0,-2.004,2.004,2.004,0.0,0.0,0.0,0.0,0.0,4465.0,-2.004,6934.0,0.0,0.0,0.0,-107615296.0,0.0,0.0,0.0,0.0,69,-2.3088410695593833e+20,-107614608.0,0.0,0.0,0.0,0.0,0.0,0.0,0.0,0,0,0,0.0,0.0,0.0,0.0,0.0,0.0,0.0,0.0,0.0,0.0,0.0,0.0,0.0,0.0,0.0,0.0,0,-107875648.0,69,0.0,138,0.0,-109183328.0,0,0,17087,26215,17103,26215,17082,0,0,0,70,68,100,-0.0,82.4,-107615456.0,78.3,-0.0,79.0,1,49,50,180,26215,13107,0,0,0.0,0.0,0.0,0.0,-0.0,67.0,0.0,162057.094,0.0,982,0,1011,0,0,0,955,0,1037,0,932,0,793,0,784,0,823,0,7520,0.032,1.95996655783164e+20,0.0,0.0,784,16797,-0.0,162057.094,-114818.039,-0.0,0.133,6.909358625270745e+28,30.0,70.0,35,0.0,0.0,0.0,0.0,0.0,0.0,0.0,0.0,0.0,0.0,0.0,0.0,0.0,0.0,0.0,0.0,66.0,0,150,71,52,65476,0,300,0,0,8,20529,65476,0,0,44564,70.0,0.0,0.0,0.0,0.0,0.0
2026-09-10T21:15:42,ERR,ERR,ERR,ERR,ERR,ERR,ERR,ERR,ERR,ERR,ERR,ERR,ERR,ERR,ERR,ERR,ERR,ERR,ERR,ERR,ERR,ERR,ERR,ERR,ERR,ERR,ERR,ERR,ERR,ERR,ERR,ERR,ERR,ERR,ERR,ERR,ERR,ERR,ERR,ERR,ERR,ERR,ERR,ERR,ERR,ERR,ERR,ERR,ERR,ERR,ERR,ERR,ERR,ERR,ERR,ERR,ERR,ERR,ERR,ERR,ERR,ERR,ERR,ERR,ERR,ERR,ERR,ERR,ERR,ERR,ERR,ERR,ERR,ERR,ERR,ERR,ERR,ERR,ERR,ERR,ERR,ERR,ERR,ERR,ERR,ERR,ERR,ERR,ERR,ERR,ERR,ERR,ERR,ERR,ERR,ERR,ERR,ERR,ERR,ERR,ERR,ERR,ERR,ERR,ERR,ERR,ERR,ERR,ERR,ERR,ERR,ERR,ERR,ERR,ERR,ERR,ERR,ERR,ERR,ERR,ERR,ERR,ERR,ERR,ERR,0.0,0.0,2.6474835549302285e+23,0.0,0.0,1.3936040501711995e+18,7.805,0.0,0,0,4,0,7116,0.0,100,0.0,0.0,0.0,0.0,0.0,0,0,0,0,0.0,0,0,0,0,0,0,0,0,0,0,0,0,0,0,0,0,0,0,0,0,0,0,0,0,0,0,0,0,0,0,0,0,0,31,40,40,71,65476,0,300,0,0,8,21553,0.0,-107605600.0,0.0,0.0,0.0,0.0,0.0,0.0,0.0,0.0,0.0,0.0,0.0,0.0,0.0,0.0,0.0,0.0,0.0,0.0,0.0,0.0,-2.004,2.004,2.004,0.0,0.0,0.0,0.0,0.0,4465.0,-2.004,6934.0,0.0,0.0,0.0,-107615296.0,0.0,0.0,0.0,0.0,69,-2.3088410695593833e+20,-107614608.0,0.0,0.0,0.0,0.0,0.0,0.0,0.0,0,0,0,0.0,0.0,0.0,0.0,0.0,0.0,0.0,0.0,0.0,0.0,0.0,0.0,0.0,0.0,0.0,0.0,0,-107875648.0,69,0.0,138,0.0,-109183328.0,0,0,17087,26215,17103,26215,17082,0,0,0,70,68,100,-0.0,82.4,-107615456.0,78.3,-0.0,79.0,1,49,50,180,26215,13107,0,0,0.0,0.0,0.0,0.0,-0.0,67.0,0.0,162057.094,0.0,982,0,1011,0,0,0,955,0,1037,0,932,0,793,0,784,0,823,0,7520,0.032,1.95996655783164e+20,0.0,0.0,784,16797,-0.0,162057.094,-114818.039,-0.0,0.133,6.909358625270745e+28,30.0,70.0,35,0.0,0.0,0.0,0.0,0.0,0.0,0.0,0.0,0.0,0.0,0.0,0.0,0.0,0.0,0.0,0.0,66.0,0,150,71,52,65476,0,300,0,0,8,20529,65476,0,0,44564,70.0,0.0,0.0,0.0,0.0,0.0
2026-09-10T21:15:43,ERR,ERR,ERR,ERR,ERR,ERR,ERR,ERR,ERR,ERR,ERR,ERR,ERR,ERR,ERR,ERR,ERR,ERR,ERR,ERR,ERR,ERR,ERR,ERR,ERR,ERR,ERR,ERR,ERR,ERR,ERR,ERR,ERR,ERR,ERR,ERR,ERR,ERR,ERR,ERR,ERR,ERR,ERR,ERR,ERR,ERR,ERR,ERR,ERR,ERR,ERR,ERR,ERR,ERR,ERR,ERR,ERR,ERR,ERR,ERR,ERR,ERR,ERR,ERR,ERR,ERR,ERR,ERR,ERR,ERR,ERR,ERR,ERR,ERR,ERR,ERR,ERR,ERR,ERR,ERR,ERR,ERR,ERR,ERR,ERR,ERR,ERR,ERR,ERR,ERR,ERR,ERR,ERR,ERR,ERR,ERR,ERR,ERR,ERR,ERR,ERR,ERR,ERR,ERR,ERR,ERR,ERR,ERR,ERR,ERR,ERR,ERR,ERR,ERR,ERR,ERR,ERR,ERR,ERR,ERR,ERR,ERR,ERR,ERR,ERR,0.0,0.0,2.6474835549302285e+23,0.0,0.0,1.3936040501711995e+18,7.805,0.0,0,0,4,0,7116,0.0,100,0.0,0.0,0.0,0.0,0.0,0,0,0,0,0.0,0,0,0,0,0,0,0,0,0,0,0,0,0,0,0,0,0,0,0,0,0,0,0,0,0,0,0,0,0,0,0,0,0,31,40,40,71,65476,0,300,0,0,8,21553,0.0,-107605600.0,0.0,0.0,0.0,0.0,0.0,0.0,0.0,0.0,0.0,0.0,0.0,0.0,0.0,0.0,0.0,0.0,0.0,0.0,0.0,0.0,-2.004,2.004,2.004,0.0,0.0,0.0,0.0,0.0,4465.0,-2.004,6934.0,0.0,0.0,0.0,-107615296.0,0.0,0.0,0.0,0.0,69,-2.3088410695593833e+20,-107614608.0,0.0,0.0,0.0,0.0,0.0,0.0,0.0,0,0,0,0.0,0.0,0.0,0.0,0.0,0.0,0.0,0.0,0.0,0.0,0.0,0.0,0.0,0.0,0.0,0.0,0,-107875648.0,69,0.0,138,0.0,-109183328.0,0,0,17087,26215,17103,26215,17082,0,0,0,70,68,100,-0.0,82.4,-107615456.0,78.3,-0.0,79.0,1,49,50,180,26215,13107,0,0,0.0,0.0,0.0,0.0,-0.0,67.0,0.0,162057.094,0.0,982,0,1011,0,0,0,955,0,1037,0,932,0,793,0,784,0,823,0,7520,0.032,1.95996655783164e+20,0.0,0.0,784,16797,-0.0,162057.094,-114818.039,-0.0,0.133,6.909358625270745e+28,30.0,70.0,35,0.0,0.0,0.0,0.0,0.0,0.0,0.0,0.0,0.0,0.0,0.0,0.0,0.0,0.0,0.0,0.0,66.0,0,150,71,52,65476,0,300,0,0,8,20529,65476,0,0,44564,70.0,0.0,0.0,0.0,0.0,0.0
2026-09-10T21:15:44,ERR,ERR,ERR,ERR,ERR,ERR,ERR,ERR,ERR,ERR,ERR,ERR,ERR,ERR,ERR,ERR,ERR,ERR,ERR,ERR,ERR,ERR,ERR,ERR,ERR,ERR,ERR,ERR,ERR,ERR,ERR,ERR,ERR,ERR,ERR,ERR,ERR,ERR,ERR,ERR,ERR,ERR,ERR,ERR,ERR,ERR,ERR,ERR,ERR,ERR,ERR,ERR,ERR,ERR,ERR,ERR,ERR,ERR,ERR,ERR,ERR,ERR,ERR,ERR,ERR,ERR,ERR,ERR,ERR,ERR,ERR,ERR,ERR,ERR,ERR,ERR,ERR,ERR,ERR,ERR,ERR,ERR,ERR,ERR,ERR,ERR,ERR,ERR,ERR,ERR,ERR,ERR,ERR,ERR,ERR,ERR,ERR,ERR,ERR,ERR,ERR,ERR,ERR,ERR,ERR,ERR,ERR,ERR,ERR,ERR,ERR,ERR,ERR,ERR,ERR,ERR,ERR,ERR,ERR,ERR,ERR,ERR,ERR,ERR,ERR,0.0,0.0,2.6474835549302285e+23,0.0,0.0,1.3936040501711995e+18,7.805,0.0,0,0,4,0,7116,0.0,100,0.0,0.0,0.0,0.0,0.0,0,0,0,0,0.0,0,0,0,0,0,0,0,0,0,0,0,0,0,0,0,0,0,0,0,0,0,0,0,0,0,0,0,0,0,0,0,0,0,31,40,40,71,65476,0,300,0,0,8,21553,0.0,-107605600.0,0.0,0.0,0.0,0.0,0.0,0.0,0.0,0.0,0.0,0.0,0.0,0.0,0.0,0.0,0.0,0.0,0.0,0.0,0.0,0.0,-2.004,2.004,2.004,0.0,0.0,0.0,0.0,0.0,4467.0,-0.0,6933.0,0.0,0.0,0.0,-107615296.0,0.0,0.0,0.0,0.0,69,-5.8480849975795215e+35,-71.629,0.0,0.0,0.0,0.0,0.0,0.0,0.0,0,0,0,0.0,0.0,0.0,0.0,0.0,0.0,0.0,0.0,0.0,0.0,0.0,0.0,0.0,0.0,0.0,0.0,0,-107875648.0,69,0.0,138,0.0,-109183328.0,0,0,17087,26215,17103,26215,17082,0,0,0,70,68,100,-0.0,82.4,-107615456.0,78.3,-0.0,79.0,1,49,50,180,26215,13107,0,0,0.0,0.0,0.0,0.0,-0.0,67.0,0.0,162057.094,0.0,982,0,1011,0,0,0,955,0,1037,0,932,0,793,0,784,0,823,0,7520,0.032,1.95996655783164e+20,0.0,0.0,784,16797,-0.0,162057.094,-114818.039,-0.0,0.133,6.909358625270745e+28,30.0,70.0,35,0.0,0.0,0.0,0.0,0.0,0.0,0.0,0.0,0.0,0.0,0.0,0.0,0.0,0.0,0.0,0.0,66.0,0,150,71,52,65476,0,300,0,0,8,20529,65476,0,0,44564,70.0,0.0,0.0,0.0,0.0,0.0
2026-09-10T21:15:45,ERR,ERR,ERR,ERR,ERR,ERR,ERR,ERR,ERR,ERR,ERR,ERR,ERR,ERR,ERR,ERR,ERR,ERR,ERR,ERR,ERR,ERR,ERR,ERR,ERR,ERR,ERR,ERR,ERR,ERR,ERR,ERR,ERR,ERR,ERR,ERR,ERR,ERR,ERR,ERR,ERR,ERR,ERR,ERR,ERR,ERR,ERR,ERR,ERR,ERR,ERR,ERR,ERR,ERR,ERR,ERR,ERR,ERR,ERR,ERR,ERR,ERR,ERR,ERR,ERR,ERR,ERR,ERR,ERR,ERR,ERR,ERR,ERR,ERR,ERR,ERR,ERR,ERR,ERR,ERR,ERR,ERR,ERR,ERR,ERR,ERR,ERR,ERR,ERR,ERR,ERR,ERR,ERR,ERR,ERR,ERR,ERR,ERR,ERR,ERR,ERR,ERR,ERR,ERR,ERR,ERR,ERR,ERR,ERR,ERR,ERR,ERR,ERR,ERR,ERR,ERR,ERR,ERR,ERR,ERR,ERR,ERR,ERR,ERR,ERR,0.0,0.0,2.6474835549302285e+23,0.0,0.0,1.3936040501711995e+18,7.805,0.0,0,0,4,0,7116,0.0,100,0.0,0.0,0.0,0.0,0.0,0,0,0,0,0.0,0,0,0,0,0,0,0,0,0,0,0,0,0,0,0,0,0,0,0,0,0,0,0,0,0,0,0,0,0,0,0,0,0,31,40,40,71,65476,0,300,0,0,8,21553,0.0,-107605600.0,0.0,0.0,0.0,0.0,0.0,0.0,0.0,0.0,0.0,0.0,0.0,0.0,0.0,0.0,0.0,0.0,0.0,0.0,0.0,0.0,-2.004,2.004,2.004,0.0,0.0,0.0,0.0,0.0,4467.0,-0.0,6933.0,0.0,0.0,0.0,-107615296.0,0.0,0.0,0.0,0.0,69,-5.8480849975795215e+35,-71.629,0.0,0.0,0.0,0.0,0.0,0.0,0.0,0,0,0,0.0,0.0,0.0,0.0,0.0,0.0,0.0,0.0,0.0,0.0,0.0,0.0,0.0,0.0,0.0,0.0,0,-107875648.0,69,0.0,138,0.0,-109183328.0,0,0,17087,26215,17103,26215,17082,0,0,0,70,68,100,-0.0,82.4,-107615456.0,78.3,-0.0,79.0,1,49,50,180,26215,13107,0,0,0.0,0.0,0.0,0.0,-0.0,67.0,0.0,162057.094,0.0,982,0,1011,0,0,0,955,0,1037,0,932,0,793,0,784,0,823,0,7520,0.032,1.95996655783164e+20,0.0,0.0,784,16797,-0.0,162057.094,-114818.039,-0.0,0.133,6.909358625270745e+28,30.0,70.0,35,0.0,0.0,0.0,0.0,0.0,0.0,0.0,0.0,0.0,0.0,0.0,0.0,0.0,0.0,0.0,0.0,66.0,0,150,71,52,65476,0,300,0,0,8,20529,65476,0,0,44564,70.0,0.0,0.0,0.0,0.0,0.0
2026-09-10T21:15:46,ERR,ERR,ERR,ERR,ERR,ERR,ERR,ERR,ERR,ERR,ERR,ERR,ERR,ERR,ERR,ERR,ERR,ERR,ERR,ERR,ERR,ERR,ERR,ERR,ERR,ERR,ERR,ERR,ERR,ERR,ERR,ERR,ERR,ERR,ERR,ERR,ERR,ERR,ERR,ERR,ERR,ERR,ERR,ERR,ERR,ERR,ERR,ERR,ERR,ERR,ERR,ERR,ERR,ERR,ERR,ERR,ERR,ERR,ERR,ERR,ERR,ERR,ERR,ERR,ERR,ERR,ERR,ERR,ERR,ERR,ERR,ERR,ERR,ERR,ERR,ERR,ERR,ERR,ERR,ERR,ERR,ERR,ERR,ERR,ERR,ERR,ERR,ERR,ERR,ERR,ERR,ERR,ERR,ERR,ERR,ERR,ERR,ERR,ERR,ERR,ERR,ERR,ERR,ERR,ERR,ERR,ERR,ERR,ERR,ERR,ERR,ERR,ERR,ERR,ERR,ERR,ERR,ERR,ERR,ERR,ERR,ERR,ERR,ERR,ERR,0.0,0.0,2.6474835549302285e+23,0.0,0.0,1.3936040501711995e+18,7.805,0.0,0,0,4,0,7116,0.0,100,0.0,0.0,0.0,0.0,0.0,0,0,0,0,0.0,0,0,0,0,0,0,0,0,0,0,0,0,0,0,0,0,0,0,0,0,0,0,0,0,0,0,0,0,0,0,0,0,0,31,40,40,71,65476,0,300,0,0,8,21553,0.0,-107605600.0,0.0,0.0,0.0,0.0,0.0,0.0,0.0,0.0,0.0,0.0,0.0,0.0,0.0,0.0,0.0,0.0,0.0,0.0,0.0,0.0,-2.004,2.004,2.004,0.0,0.0,0.0,0.0,0.0,4467.0,-0.0,6933.0,0.0,0.0,0.0,-107615296.0,0.0,0.0,0.0,0.0,69,-5.8480849975795215e+35,-71.629,0.0,0.0,0.0,0.0,0.0,0.0,0.0,0,0,0,0.0,0.0,0.0,0.0,0.0,0.0,0.0,0.0,0.0,0.0,0.0,0.0,0.0,0.0,0.0,0.0,0,-107875648.0,69,0.0,138,0.0,-109183328.0,0,0,17087,26215,17103,26215,17082,0,0,0,70,68,100,-0.0,82.4,-107615456.0,78.3,-0.0,79.0,1,49,50,180,13107,13107,0,0,0.0,0.0,0.0,0.0,-0.0,67.0,0.0,162057.094,0.0,981,0,1011,0,0,0,955,0,1037,0,932,0,793,0,784,0,823,0,7520,0.032,1.95996655783164e+20,0.0,0.0,784,16797,-0.0,162057.094,-114818.039,-0.0,0.133,6.909358625270745e+28,30.0,70.0,35,0.0,0.0,0.0,0.0,0.0,0.0,0.0,0.0,0.0,0.0,0.0,0.0,0.0,0.0,0.0,0.0,66.0,0,150,71,52,65476,0,300,0,0,8,20529,65476,0,0,44564,70.0,0.0,0.0,0.0,0.0,0.0
2026-09-10T21:15:47,ERR,ERR,ERR,ERR,ERR,ERR,ERR,ERR,ERR,ERR,ERR,ERR,ERR,ERR,ERR,ERR,ERR,ERR,ERR,ERR,ERR,ERR,ERR,ERR,ERR,ERR,ERR,ERR,ERR,ERR,ERR,ERR,ERR,ERR,ERR,ERR,ERR,ERR,ERR,ERR,ERR,ERR,ERR,ERR,ERR,ERR,ERR,ERR,ERR,ERR,ERR,ERR,ERR,ERR,ERR,ERR,ERR,ERR,ERR,ERR,ERR,ERR,ERR,ERR,ERR,ERR,ERR,ERR,ERR,ERR,ERR,ERR,ERR,ERR,ERR,ERR,ERR,ERR,ERR,ERR,ERR,ERR,ERR,ERR,ERR,ERR,ERR,ERR,ERR,ERR,ERR,ERR,ERR,ERR,ERR,ERR,ERR,ERR,ERR,ERR,ERR,ERR,ERR,ERR,ERR,ERR,ERR,ERR,ERR,ERR,ERR,ERR,ERR,ERR,ERR,ERR,ERR,ERR,ERR,ERR,ERR,ERR,ERR,ERR,ERR,0.0,0.0,2.6474835549302285e+23,0.0,0.0,1.3936040501711995e+18,7.805,0.0,0,0,4,0,7116,0.0,100,0.0,0.0,0.0,0.0,0.0,0,0,0,0,0.0,0,0,0,0,0,0,0,0,0,0,0,0,0,0,0,0,0,0,0,0,0,0,0,0,0,0,0,0,0,0,0,0,0,31,40,40,71,65476,0,300,0,0,8,21553,0.0,-107605600.0,0.0,0.0,0.0,0.0,0.0,0.0,0.0,0.0,0.0,0.0,0.0,0.0,0.0,0.0,0.0,0.0,0.0,0.0,0.0,0.0,-2.004,2.004,2.004,0.0,0.0,0.0,0.0,0.0,4467.0,-0.0,6933.0,0.0,0.0,0.0,-107615296.0,0.0,0.0,0.0,0.0,69,-5.8480849975795215e+35,-71.629,0.0,0.0,0.0,0.0,0.0,0.0,0.0,0,0,0,0.0,0.0,0.0,0.0,0.0,0.0,0.0,0.0,0.0,0.0,0.0,0.0,0.0,0.0,0.0,0.0,0,-107875648.0,69,0.0,138,0.0,-109183328.0,0,0,17087,26215,17103,26215,17082,0,0,0,70,68,100,-0.0,82.4,-107615456.0,78.3,-0.0,79.0,1,49,50,180,13107,13107,0,0,0.0,0.0,0.0,0.0,-0.0,67.0,0.0,162057.094,0.0,981,0,1011,0,0,0,955,0,1037,0,932,0,793,0,784,0,823,0,7520,0.032,1.95996655783164e+20,0.0,0.0,784,16797,-0.0,162057.094,-114818.039,-0.0,0.133,6.909358625270745e+28,30.0,70.0,35,0.0,0.0,0.0,0.0,0.0,0.0,0.0,0.0,0.0,0.0,0.0,0.0,0.0,0.0,0.0,0.0,66.0,0,150,71,52,65476,0,300,0,0,8,20529,65476,0,0,44564,70.0,0.0,0.0,0.0,0.0,0.0
2026-09-10T21:15:48,ERR,ERR,ERR,ERR,ERR,ERR,ERR,ERR,ERR,ERR,ERR,ERR,ERR,ERR,ERR,ERR,ERR,ERR,ERR,ERR,ERR,ERR,ERR,ERR,ERR,ERR,ERR,ERR,ERR,ERR,ERR,ERR,ERR,ERR,ERR,ERR,ERR,ERR,ERR,ERR,ERR,ERR,ERR,ERR,ERR,ERR,ERR,ERR,ERR,ERR,ERR,ERR,ERR,ERR,ERR,ERR,ERR,ERR,ERR,ERR,ERR,ERR,ERR,ERR,ERR,ERR,ERR,ERR,ERR,ERR,ERR,ERR,ERR,ERR,ERR,ERR,ERR,ERR,ERR,ERR,ERR,ERR,ERR,ERR,ERR,ERR,ERR,ERR,ERR,ERR,ERR,ERR,ERR,ERR,ERR,ERR,ERR,ERR,ERR,ERR,ERR,ERR,ERR,ERR,ERR,ERR,ERR,ERR,ERR,ERR,ERR,ERR,ERR,ERR,ERR,ERR,ERR,ERR,ERR,ERR,ERR,ERR,ERR,ERR,ERR,0.0,0.0,2.6474835549302285e+23,0.0,0.0,1.3936040501711995e+18,7.805,0.0,0,0,4,0,7116,0.0,100,0.0,0.0,0.0,0.0,0.0,0,0,0,0,0.0,0,0,0,0,0,0,0,0,0,0,0,0,0,0,0,0,0,0,0,0,0,0,0,0,0,0,0,0,0,0,0,0,0,31,40,40,71,65476,0,300,0,0,8,21553,0.0,-107605600.0,0.0,0.0,0.0,0.0,0.0,0.0,0.0,0.0,0.0,0.0,0.0,0.0,0.0,0.0,0.0,0.0,0.0,0.0,0.0,0.0,-2.004,2.004,2.004,0.0,0.0,0.0,0.0,0.0,4467.0,-0.0,6933.0,0.0,0.0,0.0,-107615296.0,0.0,0.0,0.0,0.0,69,-5.8480849975795215e+35,-71.629,0.0,0.0,0.0,0.0,0.0,0.0,0.0,0,0,0,0.0,0.0,0.0,0.0,0.0,0.0,0.0,0.0,0.0,0.0,0.0,0.0,0.0,0.0,0.0,0.0,0,-107875648.0,69,0.0,138,0.0,-109183328.0,0,0,17087,26215,17103,26215,17082,0,0,0,70,68,100,-0.0,82.4,-107615456.0,78.3,-0.0,79.0,1,49,50,180,13107,13107,0,0,0.0,0.0,0.0,0.0,-0.0,67.0,0.0,162057.094,0.0,981,0,1011,0,0,0,955,0,1037,0,932,0,793,0,784,0,823,0,7520,0.032,1.95996655783164e+20,0.0,0.0,784,16797,-0.0,162057.094,-114818.039,-0.0,0.133,6.909358625270745e+28,30.0,70.0,35,0.0,0.0,0.0,0.0,0.0,0.0,0.0,0.0,0.0,0.0,0.0,0.0,0.0,0.0,0.0,0.0,66.0,0,150,71,52,65476,0,300,0,0,8,20529,65476,0,0,44564,70.0,0.0,0.0,0.0,0.0,0.0
2026-09-10T21:15:49,ERR,ERR,ERR,ERR,ERR,ERR,ERR,ERR,ERR,ERR,ERR,ERR,ERR,ERR,ERR,ERR,ERR,ERR,ERR,ERR,ERR,ERR,ERR,ERR,ERR,ERR,ERR,ERR,ERR,ERR,ERR,ERR,ERR,ERR,ERR,ERR,ERR,ERR,ERR,ERR,ERR,ERR,ERR,ERR,ERR,ERR,ERR,ERR,ERR,ERR,ERR,ERR,ERR,ERR,ERR,ERR,ERR,ERR,ERR,ERR,ERR,ERR,ERR,ERR,ERR,ERR,ERR,ERR,ERR,ERR,ERR,ERR,ERR,ERR,ERR,ERR,ERR,ERR,ERR,ERR,ERR,ERR,ERR,ERR,ERR,ERR,ERR,ERR,ERR,ERR,ERR,ERR,ERR,ERR,ERR,ERR,ERR,ERR,ERR,ERR,ERR,ERR,ERR,ERR,ERR,ERR,ERR,ERR,ERR,ERR,ERR,ERR,ERR,ERR,ERR,ERR,ERR,ERR,ERR,ERR,ERR,ERR,ERR,ERR,ERR,0.0,0.0,2.6474835549302285e+23,0.0,0.0,1.3936040501711995e+18,7.805,0.0,0,0,4,0,7116,0.0,100,0.0,0.0,0.0,0.0,0.0,0,0,0,0,0.0,0,0,0,0,0,0,0,0,0,0,0,0,0,0,0,0,0,0,0,0,0,0,0,0,0,0,0,0,0,0,0,0,0,31,40,40,71,65476,0,300,0,0,8,21553,0.0,-107605600.0,0.0,0.0,0.0,0.0,0.0,0.0,0.0,0.0,0.0,0.0,0.0,0.0,0.0,0.0,0.0,0.0,0.0,0.0,0.0,0.0,-2.004,2.004,2.004,0.0,0.0,0.0,0.0,0.0,4463.0,-131350.172,6937.0,0.0,0.0,0.0,-107615296.0,0.0,0.0,0.0,0.0,69,-4.0668816144241325e+29,-4.950393007110635e+32,0.0,0.0,0.0,0.0,0.0,0.0,0.0,0,0,0,0.0,0.0,0.0,0.0,0.0,0.0,0.0,0.0,0.0,0.0,0.0,0.0,0.0,0.0,0.0,0.0,0,-107875648.0,69,0.0,138,0.0,-109183328.0,0,0,17087,26215,17103,26215,17082,0,0,0,70,68,100,-0.0,82.4,-107615456.0,78.3,-0.0,79.0,1,49,50,180,13107,13107,0,0,0.0,0.0,0.0,0.0,-0.0,67.0,0.0,162057.094,0.0,981,0,1011,0,0,0,955,0,1037,0,932,0,793,0,784,0,823,0,7520,0.032,1.95996655783164e+20,0.0,0.0,784,16797,-0.0,162057.094,-114818.039,-0.0,0.133,6.909358625270745e+28,30.0,70.0,35,0.0,0.0,0.0,0.0,0.0,0.0,0.0,0.0,0.0,0.0,0.0,0.0,0.0,0.0,0.0,0.0,66.0,0,150,71,52,65476,0,300,0,0,8,20529,65476,0,0,44564,70.0,0.0,0.0,0.0,0.0,0.0
2026-09-10T21:15:50,ERR,ERR,ERR,ERR,ERR,ERR,ERR,ERR,ERR,ERR,ERR,ERR,ERR,ERR,ERR,ERR,ERR,ERR,ERR,ERR,ERR,ERR,ERR,ERR,ERR,ERR,ERR,ERR,ERR,ERR,ERR,ERR,ERR,ERR,ERR,ERR,ERR,ERR,ERR,ERR,ERR,ERR,ERR,ERR,ERR,ERR,ERR,ERR,ERR,ERR,ERR,ERR,ERR,ERR,ERR,ERR,ERR,ERR,ERR,ERR,ERR,ERR,ERR,ERR,ERR,ERR,ERR,ERR,ERR,ERR,ERR,ERR,ERR,ERR,ERR,ERR,ERR,ERR,ERR,ERR,ERR,ERR,ERR,ERR,ERR,ERR,ERR,ERR,ERR,ERR,ERR,ERR,ERR,ERR,ERR,ERR,ERR,ERR,ERR,ERR,ERR,ERR,ERR,ERR,ERR,ERR,ERR,ERR,ERR,ERR,ERR,ERR,ERR,ERR,ERR,ERR,ERR,ERR,ERR,ERR,ERR,ERR,ERR,ERR,ERR,0.0,0.0,2.6474835549302285e+23,0.0,0.0,1.3936040501711995e+18,7.805,0.0,0,0,4,0,7116,0.0,100,0.0,0.0,0.0,0.0,0.0,0,0,0,0,0.0,0,0,0,0,0,0,0,0,0,0,0,0,0,0,0,0,0,0,0,0,0,0,0,0,0,0,0,0,0,0,0,0,0,31,40,40,71,65476,0,300,0,0,8,21553,0.0,-107605600.0,0.0,0.0,0.0,0.0,0.0,0.0,0.0,0.0,0.0,0.0,0.0,0.0,0.0,0.0,0.0,0.0,0.0,0.0,0.0,0.0,-2.004,2.004,2.004,0.0,0.0,0.0,0.0,0.0,4463.0,-131350.172,6937.0,0.0,0.0,0.0,-107615296.0,0.0,0.0,0.0,0.0,69,-4.0668816144241325e+29,-4.950393007110635e+32,0.0,0.0,0.0,0.0,0.0,0.0,0.0,0,0,0,0.0,0.0,0.0,0.0,0.0,0.0,0.0,0.0,0.0,0.0,0.0,0.0,0.0,0.0,0.0,0.0,0,-107875648.0,69,0.0,138,0.0,-109183328.0,0,0,17087,26215,17103,26215,17082,0,0,0,70,68,100,-0.0,82.4,-107615456.0,78.3,-0.0,79.0,1,49,50,180,13107,13107,0,0,0.0,0.0,0.0,0.0,-0.0,67.0,0.0,162057.094,0.0,981,0,1011,0,0,0,955,0,1037,0,932,0,793,0,784,0,823,0,7520,0.032,1.95996655783164e+20,0.0,0.0,784,16797,-0.0,162057.094,-114818.039,-0.0,0.133,6.909358625270745e+28,30.0,70.0,35,0.0,0.0,0.0,0.0,0.0,0.0,0.0,0.0,0.0,0.0,0.0,0.0,0.0,0.0,0.0,0.0,66.0,0,150,71,52,65476,0,300,0,0,8,20529,65476,0,0,44564,70.0,0.0,0.0,0.0,0.0,0.0
2026-09-10T21:15:51,ERR,ERR,ERR,ERR,ERR,ERR,ERR,ERR,ERR,ERR,ERR,ERR,ERR,ERR,ERR,ERR,ERR,ERR,ERR,ERR,ERR,ERR,ERR,ERR,ERR,ERR,ERR,ERR,ERR,ERR,ERR,ERR,ERR,ERR,ERR,ERR,ERR,ERR,ERR,ERR,ERR,ERR,ERR,ERR,ERR,ERR,ERR,ERR,ERR,ERR,ERR,ERR,ERR,ERR,ERR,ERR,ERR,ERR,ERR,ERR,ERR,ERR,ERR,ERR,ERR,ERR,ERR,ERR,ERR,ERR,ERR,ERR,ERR,ERR,ERR,ERR,ERR,ERR,ERR,ERR,ERR,ERR,ERR,ERR,ERR,ERR,ERR,ERR,ERR,ERR,ERR,ERR,ERR,ERR,ERR,ERR,ERR,ERR,ERR,ERR,ERR,ERR,ERR,ERR,ERR,ERR,ERR,ERR,ERR,ERR,ERR,ERR,ERR,ERR,ERR,ERR,ERR,ERR,ERR,ERR,ERR,ERR,ERR,ERR,ERR,0.0,0.0,2.6474835549302285e+23,0.0,0.0,1.3936040501711995e+18,7.805,0.0,0,0,4,0,7116,0.0,100,0.0,0.0,0.0,0.0,0.0,0,0,0,0,0.0,0,0,0,0,0,0,0,0,0,0,0,0,0,0,0,0,0,0,0,0,0,0,0,0,0,0,0,0,0,0,0,0,0,31,40,40,71,65476,0,300,0,0,8,21553,0.0,-107605600.0,0.0,0.0,0.0,0.0,0.0,0.0,0.0,0.0,0.0,0.0,0.0,0.0,0.0,0.0,0.0,0.0,0.0,0.0,0.0,0.0,-2.004,2.004,2.004,0.0,0.0,0.0,0.0,0.0,4463.0,-131350.172,6937.0,0.0,0.0,0.0,-107615296.0,0.0,0.0,0.0,0.0,69,-4.0668816144241325e+29,-4.950393007110635e+32,0.0,0.0,0.0,0.0,0.0,0.0,0.0,0,0,0,0.0,0.0,0.0,0.0,0.0,0.0,0.0,0.0,0.0,0.0,0.0,0.0,0.0,0.0,0.0,0.0,0,-107875648.0,69,0.0,138,0.0,-109183328.0,0,0,17087,26215,17103,26215,17082,0,0,0,70,68,100,-0.0,82.4,-107615456.0,78.3,-0.0,79.0,1,49,50,180,13107,13107,0,0,0.0,0.0,0.0,0.0,-0.0,67.0,0.0,162057.094,0.0,981,0,1011,0,0,0,955,0,1037,0,932,0,793,0,784,0,823,0,7520,0.032,1.95996655783164e+20,0.0,0.0,784,16797,-0.0,162057.094,-114818.039,-0.0,0.133,6.909358625270745e+28,30.0,70.0,35,0.0,0.0,0.0,0.0,0.0,0.0,0.0,0.0,0.0,0.0,0.0,0.0,0.0,0.0,0.0,0.0,66.0,0,150,71,52,65476,0,300,0,0,8,20529,65476,0,0,44564,70.0,0.0,0.0,0.0,0.0,0.0
2026-09-10T21:15:52,ERR,ERR,ERR,ERR,ERR,ERR,ERR,ERR,ERR,ERR,ERR,ERR,ERR,ERR,ERR,ERR,ERR,ERR,ERR,ERR,ERR,ERR,ERR,ERR,ERR,ERR,ERR,ERR,ERR,ERR,ERR,ERR,ERR,ERR,ERR,ERR,ERR,ERR,ERR,ERR,ERR,ERR,ERR,ERR,ERR,ERR,ERR,ERR,ERR,ERR,ERR,ERR,ERR,ERR,ERR,ERR,ERR,ERR,ERR,ERR,ERR,ERR,ERR,ERR,ERR,ERR,ERR,ERR,ERR,ERR,ERR,ERR,ERR,ERR,ERR,ERR,ERR,ERR,ERR,ERR,ERR,ERR,ERR,ERR,ERR,ERR,ERR,ERR,ERR,ERR,ERR,ERR,ERR,ERR,ERR,ERR,ERR,ERR,ERR,ERR,ERR,ERR,ERR,ERR,ERR,ERR,ERR,ERR,ERR,ERR,ERR,ERR,ERR,ERR,ERR,ERR,ERR,ERR,ERR,ERR,ERR,ERR,ERR,ERR,ERR,0.0,0.0,2.6474835549302285e+23,0.0,0.0,1.3936040501711995e+18,7.805,0.0,0,0,4,0,7116,0.0,100,0.0,0.0,0.0,0.0,0.0,0,0,0,0,0.0,0,0,0,0,0,0,0,0,0,0,0,0,0,0,0,0,0,0,0,0,0,0,0,0,0,0,0,0,0,0,0,0,0,31,40,40,71,65476,0,300,0,0,8,21553,0.0,-107605600.0,0.0,0.0,0.0,0.0,0.0,0.0,0.0,0.0,0.0,0.0,0.0,0.0,0.0,0.0,0.0,0.0,0.0,0.0,0.0,0.0,-2.004,2.004,2.004,0.0,0.0,0.0,0.0,0.0,4463.0,-131350.172,6937.0,0.0,0.0,0.0,-107615296.0,0.0,0.0,0.0,0.0,69,-4.0668816144241325e+29,-4.950393007110635e+32,0.0,0.0,0.0,0.0,0.0,0.0,0.0,0,0,0,0.0,0.0,0.0,0.0,0.0,0.0,0.0,0.0,0.0,0.0,0.0,0.0,0.0,0.0,0.0,0.0,0,-107875648.0,69,0.0,138,0.0,-109183328.0,0,0,17087,26215,17103,26215,17082,0,0,0,70,68,100,-0.0,82.4,-107615456.0,78.3,-0.0,79.0,1,49,50,180,13107,13107,0,0,0.0,0.0,0.0,0.0,-0.0,67.0,0.0,162057.094,0.0,981,0,1011,0,0,0,955,0,1037,0,932,0,793,0,784,0,823,0,7520,0.032,1.95996655783164e+20,0.0,0.0,784,16797,-0.0,162057.094,-114818.039,-0.0,0.133,6.909358625270745e+28,30.0,70.0,35,0.0,0.0,0.0,0.0,0.0,0.0,0.0,0.0,0.0,0.0,0.0,0.0,0.0,0.0,0.0,0.0,66.0,0,150,71,52,65476,0,300,0,0,8,20529,65476,0,0,44564,70.0,0.0,0.0,0.0,0.0,0.0
2026-09-10T21:15:53,ERR,ERR,ERR,ERR,ERR,ERR,ERR,ERR,ERR,ERR,ERR,ERR,ERR,ERR,ERR,ERR,ERR,ERR,ERR,ERR,ERR,ERR,ERR,ERR,ERR,ERR,ERR,ERR,ERR,ERR,ERR,ERR,ERR,ERR,ERR,ERR,ERR,ERR,ERR,ERR,ERR,ERR,ERR,ERR,ERR,ERR,ERR,ERR,ERR,ERR,ERR,ERR,ERR,ERR,ERR,ERR,ERR,ERR,ERR,ERR,ERR,ERR,ERR,ERR,ERR,ERR,ERR,ERR,ERR,ERR,ERR,ERR,ERR,ERR,ERR,ERR,ERR,ERR,ERR,ERR,ERR,ERR,ERR,ERR,ERR,ERR,ERR,ERR,ERR,ERR,ERR,ERR,ERR,ERR,ERR,ERR,ERR,ERR,ERR,ERR,ERR,ERR,ERR,ERR,ERR,ERR,ERR,ERR,ERR,ERR,ERR,ERR,ERR,ERR,ERR,ERR,ERR,ERR,ERR,ERR,ERR,ERR,ERR,ERR,ERR,0.0,0.0,2.6474835549302285e+23,0.0,0.0,1.3936040501711995e+18,7.805,0.0,0,0,4,0,7116,0.0,100,0.0,0.0,0.0,0.0,0.0,0,0,0,0,0.0,0,0,0,0,0,0,0,0,0,0,0,0,0,0,0,0,0,0,0,0,0,0,0,0,0,0,0,0,0,0,0,0,0,31,40,40,71,65476,0,300,0,0,8,21553,0.0,-107605600.0,0.0,0.0,0.0,0.0,0.0,0.0,0.0,0.0,0.0,0.0,0.0,0.0,0.0,0.0,0.0,0.0,0.0,0.0,0.0,0.0,-2.004,2.004,2.004,0.0,0.0,0.0,0.0,0.0,4463.0,-131350.172,6937.0,0.0,0.0,0.0,-107615296.0,0.0,0.0,0.0,0.0,69,-4.0668816144241325e+29,-4.950393007110635e+32,0.0,0.0,0.0,0.0,0.0,0.0,0.0,0,0,0,0.0,0.0,0.0,0.0,0.0,0.0,0.0,0.0,0.0,0.0,0.0,0.0,0.0,0.0,0.0,0.0,0,-107875648.0,69,0.0,138,0.0,-109183328.0,0,0,17087,26215,17103,26215,17082,0,0,0,70,68,100,-0.0,82.4,-107615456.0,78.3,-0.0,79.0,1,49,50,180,13107,13107,0,0,0.0,0.0,0.0,0.0,-0.0,67.0,0.0,162057.094,0.0,981,0,1011,0,0,0,955,0,1037,0,932,0,793,0,784,0,823,0,7520,0.032,1.95996655783164e+20,0.0,0.0,784,16797,-0.0,162057.094,-114818.039,-0.0,0.133,6.909358625270745e+28,30.0,70.0,35,0.0,0.0,0.0,0.0,0.0,0.0,0.0,0.0,0.0,0.0,0.0,0.0,0.0,0.0,0.0,0.0,66.0,0,150,71,52,65476,0,300,0,0,8,20529,65476,0,0,44564,70.0,0.0,0.0,0.0,0.0,0.0
2026-09-10T21:15:54,ERR,ERR,ERR,ERR,ERR,ERR,ERR,ERR,ERR,ERR,ERR,ERR,ERR,ERR,ERR,ERR,ERR,ERR,ERR,ERR,ERR,ERR,ERR,ERR,ERR,ERR,ERR,ERR,ERR,ERR,ERR,ERR,ERR,ERR,ERR,ERR,ERR,ERR,ERR,ERR,ERR,ERR,ERR,ERR,ERR,ERR,ERR,ERR,ERR,ERR,ERR,ERR,ERR,ERR,ERR,ERR,ERR,ERR,ERR,ERR,ERR,ERR,ERR,ERR,ERR,ERR,ERR,ERR,ERR,ERR,ERR,ERR,ERR,ERR,ERR,ERR,ERR,ERR,ERR,ERR,ERR,ERR,ERR,ERR,ERR,ERR,ERR,ERR,ERR,ERR,ERR,ERR,ERR,ERR,ERR,ERR,ERR,ERR,ERR,ERR,ERR,ERR,ERR,ERR,ERR,ERR,ERR,ERR,ERR,ERR,ERR,ERR,ERR,ERR,ERR,ERR,ERR,ERR,ERR,ERR,ERR,ERR,ERR,ERR,ERR,0.0,0.0,2.6474835549302285e+23,0.0,0.0,1.3936040501711995e+18,7.805,0.0,0,0,4,0,7116,0.0,100,0.0,0.0,0.0,0.0,0.0,0,0,0,0,0.0,0,0,0,0,0,0,0,0,0,0,0,0,0,0,0,0,0,0,0,0,0,0,0,0,0,0,0,0,0,0,0,0,0,31,40,40,71,65476,0,300,0,0,8,21553,0.0,-107605600.0,0.0,0.0,0.0,0.0,0.0,0.0,0.0,0.0,0.0,0.0,0.0,0.0,0.0,0.0,0.0,0.0,0.0,0.0,0.0,0.0,-2.004,2.004,2.004,0.0,0.0,0.0,0.0,0.0,4463.0,-131350.172,6937.0,0.0,0.0,0.0,-107615296.0,0.0,0.0,0.0,0.0,69,-4.0668816144241325e+29,-4.950393007110635e+32,0.0,0.0,0.0,0.0,0.0,0.0,0.0,0,0,0,0.0,0.0,0.0,0.0,0.0,0.0,0.0,0.0,0.0,0.0,0.0,0.0,0.0,0.0,0.0,0.0,0,-107875648.0,69,0.0,138,0.0,-109183328.0,0,0,17087,26215,17103,26215,17082,0,0,0,70,68,100,-0.0,82.4,-107615456.0,78.3,-0.0,79.0,1,49,50,180,13107,13107,0,0,0.0,0.0,0.0,0.0,-0.0,67.0,0.0,162057.094,0.0,981,0,1011,0,0,0,955,0,1037,0,932,0,793,0,784,0,823,0,7520,0.032,1.95996655783164e+20,0.0,0.0,784,16797,-0.0,162057.094,-114818.039,-0.0,0.133,6.909358625270745e+28,30.0,70.0,35,0.0,0.0,0.0,0.0,0.0,0.0,0.0,0.0,0.0,0.0,0.0,0.0,0.0,0.0,0.0,0.0,66.4,0,150,71,52,65476,0,300,0,0,8,20529,65476,0,0,44564,70.0,0.0,0.0,0.0,0.0,0.0
2026-09-10T21:15:55,ERR,ERR,ERR,ERR,ERR,ERR,ERR,ERR,ERR,ERR,ERR,ERR,ERR,ERR,ERR,ERR,ERR,ERR,ERR,ERR,ERR,ERR,ERR,ERR,ERR,ERR,ERR,ERR,ERR,ERR,ERR,ERR,ERR,ERR,ERR,ERR,ERR,ERR,ERR,ERR,ERR,ERR,ERR,ERR,ERR,ERR,ERR,ERR,ERR,ERR,ERR,ERR,ERR,ERR,ERR,ERR,ERR,ERR,ERR,ERR,ERR,ERR,ERR,ERR,ERR,ERR,ERR,ERR,ERR,ERR,ERR,ERR,ERR,ERR,ERR,ERR,ERR,ERR,ERR,ERR,ERR,ERR,ERR,ERR,ERR,ERR,ERR,ERR,ERR,ERR,ERR,ERR,ERR,ERR,ERR,ERR,ERR,ERR,ERR,ERR,ERR,ERR,ERR,ERR,ERR,ERR,ERR,ERR,ERR,ERR,ERR,ERR,ERR,ERR,ERR,ERR,ERR,ERR,ERR,ERR,ERR,ERR,ERR,ERR,ERR,0.0,0.0,2.6474835549302285e+23,0.0,0.0,1.3936040501711995e+18,7.805,0.0,0,0,4,0,7116,0.0,100,0.0,0.0,0.0,0.0,0.0,0,0,0,0,0.0,0,0,0,0,0,0,0,0,0,0,0,0,0,0,0,0,0,0,0,0,0,0,0,0,0,0,0,0,0,0,0,0,0,31,40,40,71,65476,0,300,0,0,8,21553,0.0,-107605600.0,0.0,0.0,0.0,0.0,0.0,0.0,0.0,0.0,0.0,0.0,0.0,0.0,0.0,0.0,0.0,0.0,0.0,0.0,0.0,0.0,-2.004,2.004,2.004,0.0,0.0,0.0,0.0,0.0,4463.0,-131350.172,6937.0,0.0,0.0,0.0,-107615296.0,0.0,0.0,0.0,0.0,69,-4.0668816144241325e+29,-4.950393007110635e+32,0.0,0.0,0.0,0.0,0.0,0.0,0.0,0,0,0,0.0,0.0,0.0,0.0,0.0,0.0,0.0,0.0,0.0,0.0,0.0,0.0,0.0,0.0,0.0,0.0,0,-107875648.0,69,0.0,138,0.0,-109183328.0,0,0,17087,26215,17103,26215,17082,0,0,0,70,68,100,2.7302399002429377e+23,82.4,-107615456.0,78.3,-0.0,79.0,1,49,50,180,13107,13107,0,0,0.0,0.0,0.0,0.0,-0.0,67.0,0.0,162057.094,0.0,981,0,1011,0,0,0,955,0,1037,0,932,0,793,0,784,0,823,0,7520,0.032,1.95996655783164e+20,0.0,0.0,784,16797,-0.0,162057.094,-114818.039,-0.0,0.133,6.909358625270745e+28,30.0,70.0,35,0.0,0.0,0.0,0.0,0.0,0.0,0.0,0.0,0.0,0.0,0.0,0.0,0.0,0.0,0.0,0.0,66.4,0,150,71,52,65476,0,300,0,0,8,20529,65476,0,0,44564,70.0,0.0,0.0,0.0,0.0,0.0
2026-09-10T21:15:56,ERR,ERR,ERR,ERR,ERR,ERR,ERR,ERR,ERR,ERR,ERR,ERR,ERR,ERR,ERR,ERR,ERR,ERR,ERR,ERR,ERR,ERR,ERR,ERR,ERR,ERR,ERR,ERR,ERR,ERR,ERR,ERR,ERR,ERR,ERR,ERR,ERR,ERR,ERR,ERR,ERR,ERR,ERR,ERR,ERR,ERR,ERR,ERR,ERR,ERR,ERR,ERR,ERR,ERR,ERR,ERR,ERR,ERR,ERR,ERR,ERR,ERR,ERR,ERR,ERR,ERR,ERR,ERR,ERR,ERR,ERR,ERR,ERR,ERR,ERR,ERR,ERR,ERR,ERR,ERR,ERR,ERR,ERR,ERR,ERR,ERR,ERR,ERR,ERR,ERR,ERR,ERR,ERR,ERR,ERR,ERR,ERR,ERR,ERR,ERR,ERR,ERR,ERR,ERR,ERR,ERR,ERR,ERR,ERR,ERR,ERR,ERR,ERR,ERR,ERR,ERR,ERR,ERR,ERR,ERR,ERR,ERR,ERR,ERR,ERR,0.0,0.0,2.6474835549302285e+23,0.0,0.0,1.3936040501711995e+18,7.805,0.0,0,0,4,0,7116,0.0,100,0.0,0.0,0.0,0.0,0.0,0,0,0,0,0.0,0,0,0,0,0,0,0,0,0,0,0,0,0,0,0,0,0,0,0,0,0,0,0,0,0,0,0,0,0,0,0,0,0,31,40,40,71,65476,0,300,0,0,8,21553,0.0,-107605600.0,0.0,0.0,0.0,0.0,0.0,0.0,0.0,0.0,0.0,0.0,0.0,0.0,0.0,0.0,0.0,0.0,0.0,0.0,0.0,0.0,-2.004,2.004,2.004,0.0,0.0,0.0,0.0,0.0,4463.0,-131350.172,6937.0,0.0,0.0,0.0,-107615296.0,0.0,0.0,0.0,0.0,69,-4.0668816144241325e+29,-4.950393007110635e+32,0.0,0.0,0.0,0.0,0.0,0.0,0.0,0,0,0,0.0,0.0,0.0,0.0,0.0,0.0,0.0,0.0,0.0,0.0,0.0,0.0,0.0,0.0,0.0,0.0,0,-107875648.0,69,0.0,138,0.0,-109183328.0,0,0,17087,26215,17103,26215,17082,0,0,0,70,68,100,2.7302399002429377e+23,82.4,-107615456.0,78.3,-0.0,79.0,1,49,50,180,13107,13107,0,0,0.0,0.0,0.0,0.0,-0.0,67.0,0.0,162057.094,0.0,981,0,1011,0,0,0,955,0,1037,0,932,0,793,0,784,0,823,0,7520,0.032,1.95996655783164e+20,0.0,0.0,784,16797,-0.0,162057.094,-114818.039,-0.0,0.133,6.909358625270745e+28,30.0,70.0,35,0.0,0.0,0.0,0.0,0.0,0.0,0.0,0.0,0.0,0.0,0.0,0.0,0.0,0.0,0.0,0.0,66.0,0,150,71,52,65476,0,300,0,0,8,20529,65476,0,0,44564,70.0,0.0,0.0,0.0,0.0,0.0
2026-09-10T21:15:57,ERR,ERR,ERR,ERR,ERR,ERR,ERR,ERR,ERR,ERR,ERR,ERR,ERR,ERR,ERR,ERR,ERR,ERR,ERR,ERR,ERR,ERR,ERR,ERR,ERR,ERR,ERR,ERR,ERR,ERR,ERR,ERR,ERR,ERR,ERR,ERR,ERR,ERR,ERR,ERR,ERR,ERR,ERR,ERR,ERR,ERR,ERR,ERR,ERR,ERR,ERR,ERR,ERR,ERR,ERR,ERR,ERR,ERR,ERR,ERR,ERR,ERR,ERR,ERR,ERR,ERR,ERR,ERR,ERR,ERR,ERR,ERR,ERR,ERR,ERR,ERR,ERR,ERR,ERR,ERR,ERR,ERR,ERR,ERR,ERR,ERR,ERR,ERR,ERR,ERR,ERR,ERR,ERR,ERR,ERR,ERR,ERR,ERR,ERR,ERR,ERR,ERR,ERR,ERR,ERR,ERR,ERR,ERR,ERR,ERR,ERR,ERR,ERR,ERR,ERR,ERR,ERR,ERR,ERR,ERR,ERR,ERR,ERR,ERR,ERR,-107615312.0,0.0,-100794720.0,0.0,0.0,1.3936040501711995e+18,7.805,0.0,0,0,4,0,7116,0.0,100,0.0,0.0,0.0,0.0,0.0,0,0,0,0,0.0,0,0,0,0,0,0,0,0,0,0,0,0,0,0,0,0,0,0,0,0,0,0,0,0,0,0,0,0,0,0,0,0,0,31,40,40,71,65476,0,300,0,0,8,21553,0.0,-107605600.0,0.0,0.0,0.0,0.0,0.0,0.0,0.0,0.0,0.0,0.0,0.0,0.0,0.0,0.0,0.0,0.0,0.0,0.0,0.0,0.0,-0.0,2.004,2.004,-2.004,0.0,0.0,0.0,0.0,4467.0,-0.0,6931.0,0.0,0.0,0.0,-0.0,0.0,0.0,0.0,0.0,69,-5.8480849975795215e+35,-0.0,0.0,0.0,0.0,0.0,0.0,0.0,0.0,0,0,0,0.0,0.0,0.0,0.0,0.0,0.0,0.0,0.0,0.0,0.0,0.0,0.0,0.0,0.0,0.0,0.0,0,-107875648.0,69,0.0,138,0.0,-109183328.0,0,0,17087,26215,17103,26215,17082,0,0,0,70,68,100,2.7302399002429377e+23,82.4,-107615456.0,78.3,-0.0,79.0,1,49,50,180,13107,13107,0,0,0.0,0.0,0.0,0.0,-0.0,67.0,0.0,162057.094,0.0,981,0,1011,0,0,0,955,0,1037,0,932,0,793,0,784,0,823,0,7520,0.032,1.95996655783164e+20,0.0,0.0,784,16797,-0.0,162057.094,-114818.039,-0.0,0.133,6.909358625270745e+28,30.0,70.0,35,0.0,0.0,0.0,0.0,0.0,0.0,0.0,0.0,0.0,0.0,0.0,0.0,0.0,0.0,0.0,0.0,66.0,0,150,71,52,65476,0,300,0,0,8,20529,65476,0,0,44564,70.0,0.0,0.0,0.0,0.0,0.0
2026-09-10T21:15:58,ERR,ERR,ERR,ERR,ERR,ERR,ERR,ERR,ERR,ERR,ERR,ERR,ERR,ERR,ERR,ERR,ERR,ERR,ERR,ERR,ERR,ERR,ERR,ERR,ERR,ERR,ERR,ERR,ERR,ERR,ERR,ERR,ERR,ERR,ERR,ERR,ERR,ERR,ERR,ERR,ERR,ERR,ERR,ERR,ERR,ERR,ERR,ERR,ERR,ERR,ERR,ERR,ERR,ERR,ERR,ERR,ERR,ERR,ERR,ERR,ERR,ERR,ERR,ERR,ERR,ERR,ERR,ERR,ERR,ERR,ERR,ERR,ERR,ERR,ERR,ERR,ERR,ERR,ERR,ERR,ERR,ERR,ERR,ERR,ERR,ERR,ERR,ERR,ERR,ERR,ERR,ERR,ERR,ERR,ERR,ERR,ERR,ERR,ERR,ERR,ERR,ERR,ERR,ERR,ERR,ERR,ERR,ERR,ERR,ERR,ERR,ERR,ERR,ERR,ERR,ERR,ERR,ERR,ERR,ERR,ERR,ERR,ERR,ERR,ERR,-107615312.0,0.0,-100794720.0,0.0,0.0,1.3936040501711995e+18,7.805,0.0,0,0,4,0,7116,0.0,100,0.0,0.0,0.0,0.0,0.0,0,0,0,0,0.0,0,0,0,0,0,0,0,0,0,0,0,0,0,0,0,0,0,0,0,0,0,0,0,0,0,0,0,0,0,0,0,0,0,31,40,40,71,65476,0,300,0,0,8,21553,0.0,-107605600.0,0.0,0.0,0.0,0.0,0.0,0.0,0.0,0.0,0.0,0.0,0.0,0.0,0.0,0.0,0.0,0.0,0.0,0.0,0.0,0.0,-0.0,2.004,2.004,-2.004,0.0,0.0,0.0,0.0,4467.0,-0.0,6931.0,0.0,0.0,0.0,-0.0,0.0,0.0,0.0,0.0,69,-5.8480849975795215e+35,-0.0,0.0,0.0,0.0,0.0,0.0,0.0,0.0,0,0,0,0.0,0.0,0.0,0.0,0.0,0.0,0.0,0.0,0.0,0.0,0.0,0.0,0.0,0.0,0.0,0.0,0,-107875648.0,69,0.0,138,0.0,-109183328.0,0,0,17087,26215,17103,26215,17082,0,0,0,70,68,100,2.7302399002429377e+23,82.4,-107615456.0,78.3,-0.0,79.0,1,49,50,180,13107,13107,0,0,0.0,0.0,0.0,0.0,-0.0,67.0,0.0,162057.094,0.0,981,0,1011,0,0,0,955,0,1037,0,932,0,793,0,784,0,823,0,7520,0.032,1.95996655783164e+20,0.0,0.0,784,16797,-0.0,162057.094,-114818.039,-0.0,0.133,6.909358625270745e+28,30.0,70.0,35,0.0,0.0,0.0,0.0,0.0,0.0,0.0,0.0,0.0,0.0,0.0,0.0,0.0,0.0,0.0,0.0,66.0,0,150,71,52,65476,0,300,0,0,8,20529,65476,0,0,44564,70.0,0.0,0.0,0.0,0.0,0.0
2026-09-10T21:15:59,ERR,ERR,ERR,ERR,ERR,ERR,ERR,ERR,ERR,ERR,ERR,ERR,ERR,ERR,ERR,ERR,ERR,ERR,ERR,ERR,ERR,ERR,ERR,ERR,ERR,ERR,ERR,ERR,ERR,ERR,ERR,ERR,ERR,ERR,ERR,ERR,ERR,ERR,ERR,ERR,ERR,ERR,ERR,ERR,ERR,ERR,ERR,ERR,ERR,ERR,ERR,ERR,ERR,ERR,ERR,ERR,ERR,ERR,ERR,ERR,ERR,ERR,ERR,ERR,ERR,ERR,ERR,ERR,ERR,ERR,ERR,ERR,ERR,ERR,ERR,ERR,ERR,ERR,ERR,ERR,ERR,ERR,ERR,ERR,ERR,ERR,ERR,ERR,ERR,ERR,ERR,ERR,ERR,ERR,ERR,ERR,ERR,ERR,ERR,ERR,ERR,ERR,ERR,ERR,ERR,ERR,ERR,ERR,ERR,ERR,ERR,ERR,ERR,ERR,ERR,ERR,ERR,ERR,ERR,ERR,ERR,ERR,ERR,ERR,ERR,-107615312.0,0.0,-100794720.0,0.0,0.0,1.3936040501711995e+18,7.805,0.0,0,0,4,0,7116,0.0,100,0.0,0.0,0.0,0.0,0.0,0,0,0,0,0.0,0,0,0,0,0,0,0,0,0,0,0,0,0,0,0,0,0,0,0,0,0,0,0,0,0,0,0,0,0,0,0,0,0,31,40,40,71,65476,0,300,0,0,8,21553,0.0,-107605600.0,0.0,0.0,0.0,0.0,0.0,0.0,0.0,0.0,0.0,0.0,0.0,0.0,0.0,0.0,0.0,0.0,0.0,0.0,0.0,0.0,-0.0,2.004,2.004,-2.004,0.0,0.0,0.0,0.0,4467.0,-0.0,6931.0,0.0,0.0,0.0,-0.0,0.0,0.0,0.0,0.0,69,-5.8480849975795215e+35,-0.0,0.0,0.0,0.0,0.0,0.0,0.0,0.0,0,0,0,0.0,0.0,0.0,0.0,0.0,0.0,0.0,0.0,0.0,0.0,0.0,0.0,0.0,0.0,0.0,0.0,0,-107875648.0,69,0.0,138,0.0,-109183328.0,0,0,17087,26215,17103,26215,17082,0,0,0,70,68,100,2.7302399002429377e+23,82.4,-107615456.0,78.3,-0.0,79.0,1,49,50,180,13107,13107,0,0,0.0,0.0,0.0,0.0,-0.0,67.0,0.0,162057.094,0.0,981,0,1011,0,0,0,955,0,1037,0,932,0,793,0,784,0,823,0,7520,0.032,1.95996655783164e+20,0.0,0.0,784,16797,-0.0,162057.094,-114818.039,-0.0,0.133,6.909358625270745e+28,30.0,70.0,35,0.0,0.0,0.0,0.0,0.0,0.0,0.0,0.0,0.0,0.0,0.0,0.0,0.0,0.0,0.0,0.0,66.0,0,150,71,52,65476,0,300,0,0,8,20529,65476,0,0,44564,70.0,0.0,0.0,0.0,0.0,0.0
2026-09-10T21:16:00,ERR,ERR,ERR,ERR,ERR,ERR,ERR,ERR,ERR,ERR,ERR,ERR,ERR,ERR,ERR,ERR,ERR,ERR,ERR,ERR,ERR,ERR,ERR,ERR,ERR,ERR,ERR,ERR,ERR,ERR,ERR,ERR,ERR,ERR,ERR,ERR,ERR,ERR,ERR,ERR,ERR,ERR,ERR,ERR,ERR,ERR,ERR,ERR,ERR,ERR,ERR,ERR,ERR,ERR,ERR,ERR,ERR,ERR,ERR,ERR,ERR,ERR,ERR,ERR,ERR,ERR,ERR,ERR,ERR,ERR,ERR,ERR,ERR,ERR,ERR,ERR,ERR,ERR,ERR,ERR,ERR,ERR,ERR,ERR,ERR,ERR,ERR,ERR,ERR,ERR,ERR,ERR,ERR,ERR,ERR,ERR,ERR,ERR,ERR,ERR,ERR,ERR,ERR,ERR,ERR,ERR,ERR,ERR,ERR,ERR,ERR,ERR,ERR,ERR,ERR,ERR,ERR,ERR,ERR,ERR,ERR,ERR,ERR,ERR,ERR,-107615312.0,0.0,-100794720.0,0.0,0.0,1.3936040501711995e+18,7.805,0.0,0,0,4,0,7116,0.0,100,0.0,0.0,0.0,0.0,0.0,0,0,0,0,0.0,0,0,0,0,0,0,0,0,0,0,0,0,0,0,0,0,0,0,0,0,0,0,0,0,0,0,0,0,0,0,0,0,0,31,40,40,71,65476,0,300,0,0,8,21553,0.0,-107605600.0,0.0,0.0,0.0,0.0,0.0,0.0,0.0,0.0,0.0,0.0,0.0,0.0,0.0,0.0,0.0,0.0,0.0,0.0,0.0,0.0,-0.0,2.004,2.004,-2.004,0.0,0.0,0.0,0.0,4467.0,-0.0,6931.0,0.0,0.0,0.0,-0.0,0.0,0.0,0.0,0.0,69,-5.8480849975795215e+35,-0.0,0.0,0.0,0.0,0.0,0.0,0.0,0.0,0,0,0,0.0,0.0,0.0,0.0,0.0,0.0,0.0,0.0,0.0,0.0,0.0,0.0,0.0,0.0,0.0,0.0,0,-107875648.0,69,0.0,138,0.0,-109183328.0,0,0,17087,26215,17103,26215,17082,0,0,0,70,68,100,2.7302399002429377e+23,82.4,-107615456.0,78.3,-0.0,79.0,1,49,50,180,13107,13107,0,0,0.0,0.0,0.0,0.0,-0.0,67.0,0.0,162057.094,0.0,981,0,1011,0,0,0,955,0,1037,0,932,0,793,0,784,0,823,0,7520,0.032,1.95996655783164e+20,0.0,0.0,784,16797,-0.0,162057.094,-114818.039,-0.0,0.133,6.909358625270745e+28,30.0,70.0,35,0.0,0.0,0.0,0.0,0.0,0.0,0.0,0.0,0.0,0.0,0.0,0.0,0.0,0.0,0.0,0.0,66.0,0,150,71,52,65476,0,300,0,0,8,20529,65476,0,0,44564,70.0,0.0,0.0,0.0,0.0,0.0
2026-09-10T21:16:01,ERR,ERR,ERR,ERR,ERR,ERR,ERR,ERR,ERR,ERR,ERR,ERR,ERR,ERR,ERR,ERR,ERR,ERR,ERR,ERR,ERR,ERR,ERR,ERR,ERR,ERR,ERR,ERR,ERR,ERR,ERR,ERR,ERR,ERR,ERR,ERR,ERR,ERR,ERR,ERR,ERR,ERR,ERR,ERR,ERR,ERR,ERR,ERR,ERR,ERR,ERR,ERR,ERR,ERR,ERR,ERR,ERR,ERR,ERR,ERR,ERR,ERR,ERR,ERR,ERR,ERR,ERR,ERR,ERR,ERR,ERR,ERR,ERR,ERR,ERR,ERR,ERR,ERR,ERR,ERR,ERR,ERR,ERR,ERR,ERR,ERR,ERR,ERR,ERR,ERR,ERR,ERR,ERR,ERR,ERR,ERR,ERR,ERR,ERR,ERR,ERR,ERR,ERR,ERR,ERR,ERR,ERR,ERR,ERR,ERR,ERR,ERR,ERR,ERR,ERR,ERR,ERR,ERR,ERR,ERR,ERR,ERR,ERR,ERR,ERR,-107615312.0,0.0,-100794720.0,0.0,0.0,1.3936040501711995e+18,7.805,0.0,0,0,4,0,7116,0.0,100,0.0,0.0,0.0,0.0,0.0,0,0,0,0,0.0,0,0,0,0,0,0,0,0,0,0,0,0,0,0,0,0,0,0,0,0,0,0,0,0,0,0,0,0,0,0,0,0,0,31,40,40,71,65476,0,300,0,0,8,21553,0.0,-107605600.0,0.0,0.0,0.0,0.0,0.0,0.0,0.0,0.0,0.0,0.0,0.0,0.0,0.0,0.0,0.0,0.0,0.0,0.0,0.0,0.0,-0.0,2.004,2.004,-2.004,0.0,0.0,0.0,0.0,4467.0,-0.0,6931.0,0.0,0.0,0.0,-0.0,0.0,0.0,0.0,0.0,69,-5.8480849975795215e+35,-0.0,0.0,0.0,0.0,0.0,0.0,0.0,0.0,0,0,0,0.0,0.0,0.0,0.0,0.0,0.0,0.0,0.0,0.0,0.0,0.0,0.0,0.0,0.0,0.0,0.0,0,-107875648.0,69,0.0,138,0.0,-109183328.0,0,0,17087,26215,17103,26215,17082,0,0,0,70,68,100,-0.0,82.4,-107615456.0,78.3,-0.0,79.0,1,49,50,180,13107,13107,0,0,0.0,0.0,0.0,0.0,-0.0,67.0,0.0,162057.094,0.0,981,0,1011,0,0,0,955,0,1037,0,932,0,793,0,784,0,823,0,7520,0.032,1.95996655783164e+20,0.0,0.0,784,16797,-0.0,162057.094,-114818.039,-0.0,0.133,6.909358625270745e+28,30.0,70.0,35,0.0,0.0,0.0,0.0,0.0,0.0,0.0,0.0,0.0,0.0,0.0,0.0,0.0,0.0,0.0,0.0,66.0,0,150,71,52,65476,0,300,0,0,8,20529,65476,0,0,44564,70.0,0.0,0.0,0.0,0.0,0.0
2026-09-10T21:16:02,ERR,ERR,ERR,ERR,ERR,ERR,ERR,ERR,ERR,ERR,ERR,ERR,ERR,ERR,ERR,ERR,ERR,ERR,ERR,ERR,ERR,ERR,ERR,ERR,ERR,ERR,ERR,ERR,ERR,ERR,ERR,ERR,ERR,ERR,ERR,ERR,ERR,ERR,ERR,ERR,ERR,ERR,ERR,ERR,ERR,ERR,ERR,ERR,ERR,ERR,ERR,ERR,ERR,ERR,ERR,ERR,ERR,ERR,ERR,ERR,ERR,ERR,ERR,ERR,ERR,ERR,ERR,ERR,ERR,ERR,ERR,ERR,ERR,ERR,ERR,ERR,ERR,ERR,ERR,ERR,ERR,ERR,ERR,ERR,ERR,ERR,ERR,ERR,ERR,ERR,ERR,ERR,ERR,ERR,ERR,ERR,ERR,ERR,ERR,ERR,ERR,ERR,ERR,ERR,ERR,ERR,ERR,ERR,ERR,ERR,ERR,ERR,ERR,ERR,ERR,ERR,ERR,ERR,ERR,ERR,ERR,ERR,ERR,ERR,ERR,-107615312.0,0.0,-100794720.0,0.0,0.0,1.3936040501711995e+18,7.805,0.0,0,0,4,0,7116,0.0,100,0.0,0.0,0.0,0.0,0.0,0,0,0,0,0.0,0,0,0,0,0,0,0,0,0,0,0,0,0,0,0,0,0,0,0,0,0,0,0,0,0,0,0,0,0,0,0,0,0,31,40,40,71,65476,0,300,0,0,8,21553,0.0,-107605600.0,0.0,0.0,0.0,0.0,0.0,0.0,0.0,0.0,0.0,0.0,0.0,0.0,0.0,0.0,0.0,0.0,0.0,0.0,0.0,0.0,-0.0,2.004,2.004,-2.004,0.0,0.0,0.0,0.0,4467.0,-0.0,6931.0,0.0,0.0,0.0,-0.0,0.0,0.0,0.0,0.0,69,-5.8480849975795215e+35,-0.0,0.0,0.0,0.0,0.0,0.0,0.0,0.0,0,0,0,0.0,0.0,0.0,0.0,0.0,0.0,0.0,0.0,0.0,0.0,0.0,0.0,0.0,0.0,0.0,0.0,0,-107875648.0,69,0.0,138,0.0,-109183328.0,0,0,17087,26215,17103,26215,17082,0,0,0,70,68,100,-0.0,82.4,-107615456.0,78.3,-0.0,79.0,1,49,50,180,13107,13107,0,0,0.0,0.0,0.0,0.0,-0.0,67.0,0.0,162057.094,0.0,981,0,1011,0,0,0,955,0,1037,0,932,0,793,0,784,0,823,0,7520,0.032,1.95996655783164e+20,0.0,0.0,784,16797,-0.0,162057.094,-114818.039,-0.0,0.133,6.909358625270745e+28,30.0,70.0,35,0.0,0.0,0.0,0.0,0.0,0.0,0.0,0.0,0.0,0.0,0.0,0.0,0.0,0.0,0.0,0.0,66.0,0,150,71,52,65476,0,300,0,0,8,20529,65476,0,0,44564,70.0,0.0,0.0,0.0,0.0,0.0
2026-09-10T21:16:03,ERR,ERR,ERR,ERR,ERR,ERR,ERR,ERR,ERR,ERR,ERR,ERR,ERR,ERR,ERR,ERR,ERR,ERR,ERR,ERR,ERR,ERR,ERR,ERR,ERR,ERR,ERR,ERR,ERR,ERR,ERR,ERR,ERR,ERR,ERR,ERR,ERR,ERR,ERR,ERR,ERR,ERR,ERR,ERR,ERR,ERR,ERR,ERR,ERR,ERR,ERR,ERR,ERR,ERR,ERR,ERR,ERR,ERR,ERR,ERR,ERR,ERR,ERR,ERR,ERR,ERR,ERR,ERR,ERR,ERR,ERR,ERR,ERR,ERR,ERR,ERR,ERR,ERR,ERR,ERR,ERR,ERR,ERR,ERR,ERR,ERR,ERR,ERR,ERR,ERR,ERR,ERR,ERR,ERR,ERR,ERR,ERR,ERR,ERR,ERR,ERR,ERR,ERR,ERR,ERR,ERR,ERR,ERR,ERR,ERR,ERR,ERR,ERR,ERR,ERR,ERR,ERR,ERR,ERR,ERR,ERR,ERR,ERR,ERR,ERR,-107615312.0,0.0,-100794720.0,0.0,0.0,1.3936040501711995e+18,7.805,0.0,0,0,4,0,7116,0.0,100,0.0,0.0,0.0,0.0,0.0,0,0,0,0,0.0,0,0,0,0,0,0,0,0,0,0,0,0,0,0,0,0,0,0,0,0,0,0,0,0,0,0,0,0,0,0,0,0,0,31,40,40,71,65476,0,300,0,0,8,21553,0.0,-107605600.0,0.0,0.0,0.0,0.0,0.0,0.0,0.0,0.0,0.0,0.0,0.0,0.0,0.0,0.0,0.0,0.0,0.0,0.0,0.0,0.0,-0.0,2.004,2.004,-2.004,0.0,0.0,0.0,0.0,4467.0,-0.0,6931.0,0.0,0.0,0.0,-0.0,0.0,0.0,0.0,0.0,69,-5.8480849975795215e+35,-0.0,0.0,0.0,0.0,0.0,0.0,0.0,0.0,0,0,0,0.0,0.0,0.0,0.0,0.0,0.0,0.0,0.0,0.0,0.0,0.0,0.0,0.0,0.0,0.0,0.0,0,-107875648.0,69,0.0,138,0.0,-109183328.0,0,0,17087,26215,17103,26215,17082,0,0,0,70,68,100,-0.0,82.4,-107615456.0,78.3,-0.0,79.0,1,49,50,180,13107,13107,0,0,0.0,0.0,0.0,0.0,-0.0,67.0,0.0,162057.094,0.0,981,0,1011,0,0,0,955,0,1037,0,932,0,793,0,784,0,823,0,7520,0.032,1.95996655783164e+20,0.0,0.0,784,16797,-0.0,162057.094,-114818.039,-0.0,0.133,6.909358625270745e+28,30.0,70.0,35,0.0,0.0,0.0,0.0,0.0,0.0,0.0,0.0,0.0,0.0,0.0,0.0,0.0,0.0,0.0,0.0,66.0,0,150,71,52,65476,0,300,0,0,8,20529,65476,0,0,44564,70.0,0.0,0.0,0.0,0.0,0.0
2026-09-10T21:16:04,ERR,ERR,ERR,ERR,ERR,ERR,ERR,ERR,ERR,ERR,ERR,ERR,ERR,ERR,ERR,ERR,ERR,ERR,ERR,ERR,ERR,ERR,ERR,ERR,ERR,ERR,ERR,ERR,ERR,ERR,ERR,ERR,ERR,ERR,ERR,ERR,ERR,ERR,ERR,ERR,ERR,ERR,ERR,ERR,ERR,ERR,ERR,ERR,ERR,ERR,ERR,ERR,ERR,ERR,ERR,ERR,ERR,ERR,ERR,ERR,ERR,ERR,ERR,ERR,ERR,ERR,ERR,ERR,ERR,ERR,ERR,ERR,ERR,ERR,ERR,ERR,ERR,ERR,ERR,ERR,ERR,ERR,ERR,ERR,ERR,ERR,ERR,ERR,ERR,ERR,ERR,ERR,ERR,ERR,ERR,ERR,ERR,ERR,ERR,ERR,ERR,ERR,ERR,ERR,ERR,ERR,ERR,ERR,ERR,ERR,ERR,ERR,ERR,ERR,ERR,ERR,ERR,ERR,ERR,ERR,ERR,ERR,ERR,ERR,ERR,-107615312.0,0.0,-100794720.0,0.0,0.0,1.3936040501711995e+18,7.805,0.0,0,0,4,0,7116,0.0,100,0.0,0.0,0.0,0.0,0.0,0,0,0,0,0.0,0,0,0,0,0,0,0,0,0,0,0,0,0,0,0,0,0,0,0,0,0,0,0,0,0,0,0,0,0,0,0,0,0,31,40,40,71,65476,0,300,0,0,8,21553,0.0,-107605600.0,0.0,0.0,0.0,0.0,0.0,0.0,0.0,0.0,0.0,0.0,0.0,0.0,0.0,0.0,0.0,0.0,0.0,0.0,0.0,0.0,-0.0,2.004,2.004,-2.004,0.0,0.0,0.0,0.0,4467.0,-0.0,6931.0,0.0,0.0,0.0,-0.0,0.0,0.0,0.0,0.0,69,-5.8480849975795215e+35,-0.0,0.0,0.0,0.0,0.0,0.0,0.0,0.0,0,0,0,0.0,0.0,0.0,0.0,0.0,0.0,0.0,0.0,0.0,0.0,0.0,0.0,0.0,0.0,0.0,0.0,0,-107875648.0,69,0.0,138,0.0,-109183328.0,0,0,17087,26215,17103,26215,17082,0,0,0,70,68,100,-0.0,82.4,-107615456.0,78.3,-0.0,79.0,1,49,50,180,13107,13107,0,0,0.0,0.0,0.0,0.0,-0.0,67.0,0.0,162057.094,0.0,981,0,1011,0,0,0,955,0,1037,0,932,0,793,0,784,0,823,0,7520,0.032,1.95996655783164e+20,0.0,0.0,784,16797,-0.0,162057.094,-114818.039,-0.0,0.133,6.909358625270745e+28,30.0,70.0,35,0.0,0.0,0.0,0.0,0.0,0.0,0.0,0.0,0.0,0.0,0.0,0.0,0.0,0.0,0.0,0.0,66.0,0,150,71,52,65476,0,300,0,0,8,20529,65476,0,0,44564,70.0,0.0,0.0,0.0,0.0,0.0
2026-09-10T21:16:05,ERR,ERR,ERR,ERR,ERR,ERR,ERR,ERR,ERR,ERR,ERR,ERR,ERR,ERR,ERR,ERR,ERR,ERR,ERR,ERR,ERR,ERR,ERR,ERR,ERR,ERR,ERR,ERR,ERR,ERR,ERR,ERR,ERR,ERR,ERR,ERR,ERR,ERR,ERR,ERR,ERR,ERR,ERR,ERR,ERR,ERR,ERR,ERR,ERR,ERR,ERR,ERR,ERR,ERR,ERR,ERR,ERR,ERR,ERR,ERR,ERR,ERR,ERR,ERR,ERR,ERR,ERR,ERR,ERR,ERR,ERR,ERR,ERR,ERR,ERR,ERR,ERR,ERR,ERR,ERR,ERR,ERR,ERR,ERR,ERR,ERR,ERR,ERR,ERR,ERR,ERR,ERR,ERR,ERR,ERR,ERR,ERR,ERR,ERR,ERR,ERR,ERR,ERR,ERR,ERR,ERR,ERR,ERR,ERR,ERR,ERR,ERR,ERR,ERR,ERR,ERR,ERR,ERR,ERR,ERR,ERR,ERR,ERR,ERR,ERR,0.0,0.0,0.0,0.0,0.0,1.3936040501711995e+18,7.805,0.0,0,0,4,0,7116,0.0,100,0.0,0.0,0.0,0.0,0.0,0,0,0,0,0.0,0,0,0,0,0,0,0,0,0,0,0,0,0,0,0,0,0,0,0,0,0,0,0,0,0,0,0,0,0,0,0,0,0,31,40,40,71,65476,0,300,0,0,8,21553,0.0,-107605600.0,0.0,0.0,0.0,0.0,0.0,0.0,0.0,0.0,0.0,0.0,0.0,0.0,0.0,0.0,0.0,0.0,0.0,0.0,0.0,0.0,-2.004,2.004,2.004,0.0,0.0,0.0,0.0,0.0,4472.0,-0.0,6934.0,0.0,0.0,0.0,-107615296.0,0.0,0.0,0.0,0.0,69,0.0,-107614608.0,0.0,0.0,0.0,0.0,0.0,0.0,0.0,0,0,0,0.0,0.0,0.0,0.0,0.0,0.0,0.0,0.0,0.0,0.0,0.0,0.0,0.0,0.0,0.0,0.0,0,-107875648.0,69,0.0,138,0.0,-109183328.0,0,0,17087,26215,17103,26215,17082,0,0,0,70,68,100,-0.0,82.4,-107615456.0,78.3,-0.0,79.0,1,49,50,180,13107,13107,0,0,0.0,0.0,0.0,0.0,-0.0,67.0,0.0,162057.094,0.0,981,0,1011,0,0,0,955,0,1037,0,932,0,793,0,784,0,823,0,7520,0.032,1.95996655783164e+20,0.0,0.0,784,16797,-0.0,162057.094,-114818.039,-0.0,0.133,6.909358625270745e+28,30.0,70.0,35,0.0,0.0,0.0,0.0,0.0,0.0,0.0,0.0,0.0,0.0,0.0,0.0,0.0,0.0,0.0,0.0,66.0,0,150,71,52,65476,0,300,0,0,8,20529,65476,0,0,44564,70.0,0.0,0.0,0.0,0.0,0.0
2026-09-10T21:16:06,ERR,ERR,ERR,ERR,ERR,ERR,ERR,ERR,ERR,ERR,ERR,ERR,ERR,ERR,ERR,ERR,ERR,ERR,ERR,ERR,ERR,ERR,ERR,ERR,ERR,ERR,ERR,ERR,ERR,ERR,ERR,ERR,ERR,ERR,ERR,ERR,ERR,ERR,ERR,ERR,ERR,ERR,ERR,ERR,ERR,ERR,ERR,ERR,ERR,ERR,ERR,ERR,ERR,ERR,ERR,ERR,ERR,ERR,ERR,ERR,ERR,ERR,ERR,ERR,ERR,ERR,ERR,ERR,ERR,ERR,ERR,ERR,ERR,ERR,ERR,ERR,ERR,ERR,ERR,ERR,ERR,ERR,ERR,ERR,ERR,ERR,ERR,ERR,ERR,ERR,ERR,ERR,ERR,ERR,ERR,ERR,ERR,ERR,ERR,ERR,ERR,ERR,ERR,ERR,ERR,ERR,ERR,ERR,ERR,ERR,ERR,ERR,ERR,ERR,ERR,ERR,ERR,ERR,ERR,ERR,ERR,ERR,ERR,ERR,ERR,0.0,0.0,0.0,0.0,0.0,1.3936040501711995e+18,7.805,0.0,0,0,4,0,7116,0.0,100,0.0,0.0,0.0,0.0,0.0,0,0,0,0,0.0,0,0,0,0,0,0,0,0,0,0,0,0,0,0,0,0,0,0,0,0,0,0,0,0,0,0,0,0,0,0,0,0,0,31,40,40,71,65476,0,300,0,0,8,21553,0.0,-107605600.0,0.0,0.0,0.0,0.0,0.0,0.0,0.0,0.0,0.0,0.0,0.0,0.0,0.0,0.0,0.0,0.0,0.0,0.0,0.0,0.0,-2.004,2.004,2.004,0.0,0.0,0.0,0.0,0.0,4472.0,-0.0,6934.0,0.0,0.0,0.0,-107615296.0,0.0,0.0,0.0,0.0,69,0.0,-107614608.0,0.0,0.0,0.0,0.0,0.0,0.0,0.0,0,0,0,0.0,0.0,0.0,0.0,0.0,0.0,0.0,0.0,0.0,0.0,0.0,0.0,0.0,0.0,0.0,0.0,0,-107875648.0,69,0.0,138,0.0,-109183328.0,0,0,17087,26215,17103,26215,17082,0,0,0,70,68,100,-0.0,82.4,-107615456.0,78.3,-0.0,79.0,1,49,50,180,13107,13107,0,0,0.0,0.0,0.0,0.0,-0.0,67.0,0.0,162057.094,0.0,981,0,1011,0,0,0,955,0,1037,0,932,0,793,0,784,0,823,0,7520,0.032,1.95996655783164e+20,0.0,0.0,784,16797,-0.0,162057.094,-114818.039,-0.0,0.133,6.909358625270745e+28,30.0,70.0,35,0.0,0.0,0.0,0.0,0.0,0.0,0.0,0.0,0.0,0.0,0.0,0.0,0.0,0.0,0.0,0.0,66.0,0,150,71,52,65476,0,300,0,0,8,20529,65476,0,0,44564,70.0,0.0,0.0,0.0,0.0,0.0
2026-09-10T21:16:07,ERR,ERR,ERR,ERR,ERR,ERR,ERR,ERR,ERR,ERR,ERR,ERR,ERR,ERR,ERR,ERR,ERR,ERR,ERR,ERR,ERR,ERR,ERR,ERR,ERR,ERR,ERR,ERR,ERR,ERR,ERR,ERR,ERR,ERR,ERR,ERR,ERR,ERR,ERR,ERR,ERR,ERR,ERR,ERR,ERR,ERR,ERR,ERR,ERR,ERR,ERR,ERR,ERR,ERR,ERR,ERR,ERR,ERR,ERR,ERR,ERR,ERR,ERR,ERR,ERR,ERR,ERR,ERR,ERR,ERR,ERR,ERR,ERR,ERR,ERR,ERR,ERR,ERR,ERR,ERR,ERR,ERR,ERR,ERR,ERR,ERR,ERR,ERR,ERR,ERR,ERR,ERR,ERR,ERR,ERR,ERR,ERR,ERR,ERR,ERR,ERR,ERR,ERR,ERR,ERR,ERR,ERR,ERR,ERR,ERR,ERR,ERR,ERR,ERR,ERR,ERR,ERR,ERR,ERR,ERR,ERR,ERR,ERR,ERR,ERR,0.0,0.0,0.0,0.0,0.0,1.3936040501711995e+18,7.805,0.0,0,0,4,0,7116,0.0,100,0.0,0.0,0.0,0.0,0.0,0,0,0,0,0.0,0,0,0,0,0,0,0,0,0,0,0,0,0,0,0,0,0,0,0,0,0,0,0,0,0,0,0,0,0,0,0,0,0,31,40,40,71,65476,0,300,0,0,8,21553,0.0,-107605600.0,0.0,0.0,0.0,0.0,0.0,0.0,0.0,0.0,0.0,0.0,0.0,0.0,0.0,0.0,0.0,0.0,0.0,0.0,0.0,0.0,-2.004,2.004,2.004,0.0,0.0,0.0,0.0,0.0,4472.0,-0.0,6934.0,0.0,0.0,0.0,-107615296.0,0.0,0.0,0.0,0.0,69,0.0,-107614608.0,0.0,0.0,0.0,0.0,0.0,0.0,0.0,0,0,0,0.0,0.0,0.0,0.0,0.0,0.0,0.0,0.0,0.0,0.0,0.0,0.0,0.0,0.0,0.0,0.0,0,-107875648.0,69,0.0,138,0.0,-109183328.0,0,0,17087,13107,17103,26215,17082,0,0,0,70,68,100,-0.0,82.4,-107615456.0,78.3,-0.0,79.0,1,49,50,180,13107,13107,0,0,0.0,0.0,0.0,0.0,-0.0,67.0,0.0,162057.094,0.0,981,0,1011,0,0,0,955,0,1037,0,932,0,793,0,784,0,823,0,7520,0.032,1.95996655783164e+20,0.0,0.0,784,16797,-0.0,162057.094,-114818.039,-0.0,0.133,6.909358625270745e+28,30.0,70.0,35,0.0,0.0,0.0,0.0,0.0,0.0,0.0,0.0,0.0,0.0,0.0,0.0,0.0,0.0,0.0,0.0,66.0,0,150,71,52,65476,0,300,0,0,8,20529,65476,0,0,44564,70.0,0.0,0.0,0.0,0.0,0.0
2026-09-10T21:16:08,ERR,ERR,ERR,ERR,ERR,ERR,ERR,ERR,ERR,ERR,ERR,ERR,ERR,ERR,ERR,ERR,ERR,ERR,ERR,ERR,ERR,ERR,ERR,ERR,ERR,ERR,ERR,ERR,ERR,ERR,ERR,ERR,ERR,ERR,ERR,ERR,ERR,ERR,ERR,ERR,ERR,ERR,ERR,ERR,ERR,ERR,ERR,ERR,ERR,ERR,ERR,ERR,ERR,ERR,ERR,ERR,ERR,ERR,ERR,ERR,ERR,ERR,ERR,ERR,ERR,ERR,ERR,ERR,ERR,ERR,ERR,ERR,ERR,ERR,ERR,ERR,ERR,ERR,ERR,ERR,ERR,ERR,ERR,ERR,ERR,ERR,ERR,ERR,ERR,ERR,ERR,ERR,ERR,ERR,ERR,ERR,ERR,ERR,ERR,ERR,ERR,ERR,ERR,ERR,ERR,ERR,ERR,ERR,ERR,ERR,ERR,ERR,ERR,ERR,ERR,ERR,ERR,ERR,ERR,ERR,ERR,ERR,ERR,ERR,ERR,0.0,0.0,0.0,0.0,0.0,1.3936040501711995e+18,7.805,0.0,0,0,4,0,7116,0.0,100,0.0,0.0,0.0,0.0,0.0,0,0,0,0,0.0,0,0,0,0,0,0,0,0,0,0,0,0,0,0,0,0,0,0,0,0,0,0,0,0,0,0,0,0,0,0,0,0,0,31,40,40,71,65476,0,300,0,0,8,21553,0.0,-107605600.0,0.0,0.0,0.0,0.0,0.0,0.0,0.0,0.0,0.0,0.0,0.0,0.0,0.0,0.0,0.0,0.0,0.0,0.0,0.0,0.0,-2.004,2.004,2.004,0.0,0.0,0.0,0.0,0.0,4472.0,-0.0,6934.0,0.0,0.0,0.0,-107615296.0,0.0,0.0,0.0,0.0,69,0.0,-107614608.0,0.0,0.0,0.0,0.0,0.0,0.0,0.0,0,0,0,0.0,0.0,0.0,0.0,0.0,0.0,0.0,0.0,0.0,0.0,0.0,0.0,0.0,0.0,0.0,0.0,0,-107875648.0,69,0.0,138,0.0,-109183328.0,0,0,17087,13107,17103,26215,17082,0,0,0,70,68,100,-0.0,82.4,-107615456.0,78.3,-0.0,79.0,1,49,50,180,13107,13107,0,0,0.0,0.0,0.0,0.0,-0.0,67.0,0.0,162057.094,0.0,981,0,1011,0,0,0,955,0,1037,0,932,0,793,0,784,0,823,0,7520,0.032,1.95996655783164e+20,0.0,0.0,784,16797,-0.0,162057.094,-114818.039,-0.0,0.133,6.909358625270745e+28,30.0,70.0,35,0.0,0.0,0.0,0.0,0.0,0.0,0.0,0.0,0.0,0.0,0.0,0.0,0.0,0.0,0.0,0.0,66.0,0,150,71,52,65476,0,300,0,0,8,20529,65476,0,0,44564,70.0,0.0,0.0,0.0,0.0,0.0
2026-09-10T21:16:09,ERR,ERR,ERR,ERR,ERR,ERR,ERR,ERR,ERR,ERR,ERR,ERR,ERR,ERR,ERR,ERR,ERR,ERR,ERR,ERR,ERR,ERR,ERR,ERR,ERR,ERR,ERR,ERR,ERR,ERR,ERR,ERR,ERR,ERR,ERR,ERR,ERR,ERR,ERR,ERR,ERR,ERR,ERR,ERR,ERR,ERR,ERR,ERR,ERR,ERR,ERR,ERR,ERR,ERR,ERR,ERR,ERR,ERR,ERR,ERR,ERR,ERR,ERR,ERR,ERR,ERR,ERR,ERR,ERR,ERR,ERR,ERR,ERR,ERR,ERR,ERR,ERR,ERR,ERR,ERR,ERR,ERR,ERR,ERR,ERR,ERR,ERR,ERR,ERR,ERR,ERR,ERR,ERR,ERR,ERR,ERR,ERR,ERR,ERR,ERR,ERR,ERR,ERR,ERR,ERR,ERR,ERR,ERR,ERR,ERR,ERR,ERR,ERR,ERR,ERR,ERR,ERR,ERR,ERR,ERR,ERR,ERR,ERR,ERR,ERR,0.0,0.0,0.0,0.0,0.0,1.3936040501711995e+18,7.805,0.0,0,0,4,0,7116,0.0,100,0.0,0.0,0.0,0.0,0.0,0,0,0,0,0.0,0,0,0,0,0,0,0,0,0,0,0,0,0,0,0,0,0,0,0,0,0,0,0,0,0,0,0,0,0,0,0,0,0,31,40,40,71,65476,0,300,0,0,8,21553,0.0,-107605600.0,0.0,0.0,0.0,0.0,0.0,0.0,0.0,0.0,0.0,0.0,0.0,0.0,0.0,0.0,0.0,0.0,0.0,0.0,0.0,0.0,-2.004,2.004,2.004,0.0,0.0,0.0,0.0,0.0,4472.0,-0.0,6934.0,0.0,0.0,0.0,-107615296.0,0.0,0.0,0.0,0.0,69,0.0,-107614608.0,0.0,0.0,0.0,0.0,0.0,0.0,0.0,0,0,0,0.0,0.0,0.0,0.0,0.0,0.0,0.0,0.0,0.0,0.0,0.0,0.0,0.0,0.0,0.0,0.0,0,-107875648.0,69,0.0,138,0.0,-109183328.0,0,0,17087,13107,17103,26215,17082,0,0,0,70,68,100,-0.0,82.4,-107615456.0,78.3,-0.0,79.0,1,49,50,180,13107,13107,0,0,0.0,0.0,0.0,0.0,-0.0,67.0,0.0,162057.094,0.0,981,0,1011,0,0,0,955,0,1037,0,932,0,793,0,784,0,823,0,7520,0.032,1.95996655783164e+20,0.0,0.0,784,16797,-0.0,162057.094,-114818.039,-0.0,0.133,6.909358625270745e+28,30.0,70.0,35,0.0,0.0,0.0,0.0,0.0,0.0,0.0,0.0,0.0,0.0,0.0,0.0,0.0,0.0,0.0,0.0,66.0,0,150,71,52,65476,0,300,0,0,8,20529,65476,0,0,44564,70.0,0.0,0.0,0.0,0.0,0.0
2026-09-10T21:16:10,ERR,ERR,ERR,ERR,ERR,ERR,ERR,ERR,ERR,ERR,ERR,ERR,ERR,ERR,ERR,ERR,ERR,ERR,ERR,ERR,ERR,ERR,ERR,ERR,ERR,ERR,ERR,ERR,ERR,ERR,ERR,ERR,ERR,ERR,ERR,ERR,ERR,ERR,ERR,ERR,ERR,ERR,ERR,ERR,ERR,ERR,ERR,ERR,ERR,ERR,ERR,ERR,ERR,ERR,ERR,ERR,ERR,ERR,ERR,ERR,ERR,ERR,ERR,ERR,ERR,ERR,ERR,ERR,ERR,ERR,ERR,ERR,ERR,ERR,ERR,ERR,ERR,ERR,ERR,ERR,ERR,ERR,ERR,ERR,ERR,ERR,ERR,ERR,ERR,ERR,ERR,ERR,ERR,ERR,ERR,ERR,ERR,ERR,ERR,ERR,ERR,ERR,ERR,ERR,ERR,ERR,ERR,ERR,ERR,ERR,ERR,ERR,ERR,ERR,ERR,ERR,ERR,ERR,ERR,ERR,ERR,ERR,ERR,ERR,ERR,0.0,0.0,0.0,0.0,0.0,1.3936040501711995e+18,7.805,0.0,0,0,4,0,7116,0.0,100,0.0,0.0,0.0,0.0,0.0,0,0,0,0,0.0,0,0,0,0,0,0,0,0,0,0,0,0,0,0,0,0,0,0,0,0,0,0,0,0,0,0,0,0,0,0,0,0,0,31,40,40,71,65476,0,300,0,0,8,21553,0.0,-107605600.0,0.0,0.0,0.0,0.0,0.0,0.0,0.0,0.0,0.0,0.0,0.0,0.0,0.0,0.0,0.0,0.0,0.0,0.0,0.0,0.0,-2.004,2.004,2.004,0.0,0.0,0.0,0.0,0.0,4472.0,-0.0,6934.0,0.0,0.0,0.0,-107615296.0,0.0,0.0,0.0,0.0,69,0.0,-107614608.0,0.0,0.0,0.0,0.0,0.0,0.0,0.0,0,0,0,0.0,0.0,0.0,0.0,0.0,0.0,0.0,0.0,0.0,0.0,0.0,0.0,0.0,0.0,0.0,0.0,0,-107875648.0,69,0.0,138,0.0,-109183328.0,0,0,17087,13107,17103,26215,17082,0,0,0,70,68,100,-0.0,82.4,-107615456.0,78.3,-0.0,79.0,1,49,50,180,13107,13107,0,0,0.0,0.0,0.0,0.0,-0.0,67.0,0.0,162057.094,0.0,981,0,1011,0,0,0,955,0,1037,0,932,0,793,0,784,0,823,0,7520,0.032,1.95996655783164e+20,0.0,0.0,784,16797,-0.0,162057.094,-114818.039,-0.0,0.133,6.909358625270745e+28,30.0,70.0,35,0.0,0.0,0.0,0.0,0.0,0.0,0.0,0.0,0.0,0.0,0.0,0.0,0.0,0.0,0.0,0.0,66.0,0,150,71,52,65476,0,300,0,0,8,20529,65476,0,0,44564,70.0,0.0,0.0,0.0,0.0,0.0
2026-09-10T21:16:11,ERR,ERR,ERR,ERR,ERR,ERR,ERR,ERR,ERR,ERR,ERR,ERR,ERR,ERR,ERR,ERR,ERR,ERR,ERR,ERR,ERR,ERR,ERR,ERR,ERR,ERR,ERR,ERR,ERR,ERR,ERR,ERR,ERR,ERR,ERR,ERR,ERR,ERR,ERR,ERR,ERR,ERR,ERR,ERR,ERR,ERR,ERR,ERR,ERR,ERR,ERR,ERR,ERR,ERR,ERR,ERR,ERR,ERR,ERR,ERR,ERR,ERR,ERR,ERR,ERR,ERR,ERR,ERR,ERR,ERR,ERR,ERR,ERR,ERR,ERR,ERR,ERR,ERR,ERR,ERR,ERR,ERR,ERR,ERR,ERR,ERR,ERR,ERR,ERR,ERR,ERR,ERR,ERR,ERR,ERR,ERR,ERR,ERR,ERR,ERR,ERR,ERR,ERR,ERR,ERR,ERR,ERR,ERR,ERR,ERR,ERR,ERR,ERR,ERR,ERR,ERR,ERR,ERR,ERR,ERR,ERR,ERR,ERR,ERR,ERR,0.0,0.0,0.0,0.0,0.0,1.3936040501711995e+18,7.805,0.0,0,0,4,0,7116,0.0,100,0.0,0.0,0.0,0.0,0.0,0,0,0,0,0.0,0,0,0,0,0,0,0,0,0,0,0,0,0,0,0,0,0,0,0,0,0,0,0,0,0,0,0,0,0,0,0,0,0,31,40,40,71,65476,0,300,0,0,8,21553,0.0,-107605600.0,0.0,0.0,0.0,0.0,0.0,0.0,0.0,0.0,0.0,0.0,0.0,0.0,0.0,0.0,0.0,0.0,0.0,0.0,0.0,0.0,-2.004,2.004,2.004,0.0,0.0,0.0,0.0,0.0,4472.0,-0.0,6934.0,0.0,0.0,0.0,-107615296.0,0.0,0.0,0.0,0.0,69,0.0,-107614608.0,0.0,0.0,0.0,0.0,0.0,0.0,0.0,0,0,0,0.0,0.0,0.0,0.0,0.0,0.0,0.0,0.0,0.0,0.0,0.0,0.0,0.0,0.0,0.0,0.0,0,-107875648.0,69,0.0,138,0.0,-109183328.0,0,0,17087,13107,17103,26215,17082,0,0,0,70,68,100,-0.0,82.4,-107615456.0,78.3,-0.0,79.0,1,49,50,180,13107,13107,0,0,0.0,0.0,0.0,0.0,-0.0,67.0,0.0,162057.094,0.0,981,0,1011,0,0,0,955,0,1037,0,932,0,793,0,784,0,823,0,7520,0.032,1.95996655783164e+20,0.0,0.0,784,16797,-0.0,162057.094,-114818.039,-0.0,0.133,6.909358625270745e+28,30.0,70.0,35,0.0,0.0,0.0,0.0,0.0,0.0,0.0,0.0,0.0,0.0,0.0,0.0,0.0,0.0,0.0,0.0,66.0,0,150,71,52,65476,0,300,0,0,8,20529,65476,0,0,44564,70.0,0.0,0.0,0.0,0.0,0.0
2026-09-10T21:16:12,ERR,ERR,ERR,ERR,ERR,ERR,ERR,ERR,ERR,ERR,ERR,ERR,ERR,ERR,ERR,ERR,ERR,ERR,ERR,ERR,ERR,ERR,ERR,ERR,ERR,ERR,ERR,ERR,ERR,ERR,ERR,ERR,ERR,ERR,ERR,ERR,ERR,ERR,ERR,ERR,ERR,ERR,ERR,ERR,ERR,ERR,ERR,ERR,ERR,ERR,ERR,ERR,ERR,ERR,ERR,ERR,ERR,ERR,ERR,ERR,ERR,ERR,ERR,ERR,ERR,ERR,ERR,ERR,ERR,ERR,ERR,ERR,ERR,ERR,ERR,ERR,ERR,ERR,ERR,ERR,ERR,ERR,ERR,ERR,ERR,ERR,ERR,ERR,ERR,ERR,ERR,ERR,ERR,ERR,ERR,ERR,ERR,ERR,ERR,ERR,ERR,ERR,ERR,ERR,ERR,ERR,ERR,ERR,ERR,ERR,ERR,ERR,ERR,ERR,ERR,ERR,ERR,ERR,ERR,ERR,ERR,ERR,ERR,ERR,ERR,0.0,0.0,0.0,0.0,0.0,1.3936040501711995e+18,7.805,0.0,0,0,4,0,7116,0.0,100,0.0,0.0,0.0,0.0,0.0,0,0,0,0,0.0,0,0,0,0,0,0,0,0,0,0,0,0,0,0,0,0,0,0,0,0,0,0,0,0,0,0,0,0,0,0,0,0,0,31,40,40,71,65476,0,300,0,0,8,21553,0.0,-107605600.0,0.0,0.0,0.0,0.0,0.0,0.0,0.0,0.0,0.0,0.0,0.0,0.0,0.0,0.0,0.0,0.0,0.0,0.0,0.0,0.0,-2.004,2.004,2.004,0.0,0.0,0.0,0.0,0.0,4472.0,-0.0,6934.0,0.0,0.0,0.0,-107615296.0,0.0,0.0,0.0,0.0,69,0.0,-107614608.0,0.0,0.0,0.0,0.0,0.0,0.0,0.0,0,0,0,0.0,0.0,0.0,0.0,0.0,0.0,0.0,0.0,0.0,0.0,0.0,0.0,0.0,0.0,0.0,0.0,0,-107875648.0,69,0.0,138,0.0,-109183328.0,0,0,17087,13107,17103,26215,17082,0,0,0,70,68,100,-0.0,82.4,-107615456.0,78.3,-0.0,79.0,1,49,50,180,13107,13107,0,0,0.0,0.0,0.0,0.0,-0.0,67.0,0.0,162057.094,0.0,981,0,1011,0,0,0,955,0,1037,0,932,0,793,0,784,0,823,0,7520,0.032,1.95996655783164e+20,0.0,0.0,784,16797,-0.0,162057.094,-114818.039,-0.0,0.133,6.909358625270745e+28,30.0,70.0,35,0.0,0.0,0.0,0.0,0.0,0.0,0.0,0.0,0.0,0.0,0.0,0.0,0.0,0.0,0.0,0.0,66.0,0,150,71,52,65476,0,300,0,0,8,20529,65476,0,0,44564,70.0,0.0,0.0,0.0,0.0,0.0
2026-09-10T21:16:13,ERR,ERR,ERR,ERR,ERR,ERR,ERR,ERR,ERR,ERR,ERR,ERR,ERR,ERR,ERR,ERR,ERR,ERR,ERR,ERR,ERR,ERR,ERR,ERR,ERR,ERR,ERR,ERR,ERR,ERR,ERR,ERR,ERR,ERR,ERR,ERR,ERR,ERR,ERR,ERR,ERR,ERR,ERR,ERR,ERR,ERR,ERR,ERR,ERR,ERR,ERR,ERR,ERR,ERR,ERR,ERR,ERR,ERR,ERR,ERR,ERR,ERR,ERR,ERR,ERR,ERR,ERR,ERR,ERR,ERR,ERR,ERR,ERR,ERR,ERR,ERR,ERR,ERR,ERR,ERR,ERR,ERR,ERR,ERR,ERR,ERR,ERR,ERR,ERR,ERR,ERR,ERR,ERR,ERR,ERR,ERR,ERR,ERR,ERR,ERR,ERR,ERR,ERR,ERR,ERR,ERR,ERR,ERR,ERR,ERR,ERR,ERR,ERR,ERR,ERR,ERR,ERR,ERR,ERR,ERR,ERR,ERR,ERR,ERR,ERR,0.0,0.0,2.6474835549302285e+23,0.0,0.0,1.3936040501711995e+18,7.805,0.0,0,0,4,0,7116,0.0,100,0.0,0.0,0.0,0.0,0.0,0,0,0,0,0.0,0,0,0,0,0,0,0,0,0,0,0,0,0,0,0,0,0,0,0,0,0,0,0,0,0,0,0,0,0,0,0,0,0,31,40,40,71,65476,0,300,0,0,8,21553,0.0,-107605600.0,0.0,0.0,0.0,0.0,0.0,0.0,0.0,0.0,0.0,0.0,0.0,0.0,0.0,0.0,0.0,0.0,0.0,0.0,0.0,0.0,-2.004,2.004,2.004,0.0,0.0,0.0,0.0,0.0,4468.0,-0.0,6933.0,0.0,0.0,0.0,-107615296.0,0.0,0.0,0.0,0.0,69,-4.0668816144241325e+29,-71.629,0.0,0.0,0.0,0.0,0.0,0.0,0.0,0,0,0,0.0,0.0,0.0,0.0,0.0,0.0,0.0,0.0,0.0,0.0,0.0,0.0,0.0,0.0,0.0,0.0,0,-107875648.0,69,0.0,138,0.0,-109183328.0,0,0,17087,26215,17103,26215,17082,0,0,0,70,68,100,2.7302399002429377e+23,82.4,-107615456.0,78.3,-0.0,79.0,1,49,50,180,13107,13107,0,0,0.0,0.0,0.0,0.0,-0.0,67.0,0.0,162057.094,0.0,981,0,1011,0,0,0,955,0,1037,0,932,0,793,0,784,0,823,0,7520,0.032,1.9484373427855714e+20,0.0,0.0,784,16797,-0.0,162057.094,-114818.039,-0.0,0.133,6.909358625270745e+28,30.0,70.0,35,0.0,0.0,0.0,0.0,0.0,0.0,0.0,0.0,0.0,0.0,0.0,0.0,0.0,0.0,0.0,0.0,66.0,0,150,71,52,65476,0,300,0,0,8,20529,65476,0,0,44564,70.0,0.0,0.0,0.0,0.0,0.0
2026-09-10T21:16:14,ERR,ERR,ERR,ERR,ERR,ERR,ERR,ERR,ERR,ERR,ERR,ERR,ERR,ERR,ERR,ERR,ERR,ERR,ERR,ERR,ERR,ERR,ERR,ERR,ERR,ERR,ERR,ERR,ERR,ERR,ERR,ERR,ERR,ERR,ERR,ERR,ERR,ERR,ERR,ERR,ERR,ERR,ERR,ERR,ERR,ERR,ERR,ERR,ERR,ERR,ERR,ERR,ERR,ERR,ERR,ERR,ERR,ERR,ERR,ERR,ERR,ERR,ERR,ERR,ERR,ERR,ERR,ERR,ERR,ERR,ERR,ERR,ERR,ERR,ERR,ERR,ERR,ERR,ERR,ERR,ERR,ERR,ERR,ERR,ERR,ERR,ERR,ERR,ERR,ERR,ERR,ERR,ERR,ERR,ERR,ERR,ERR,ERR,ERR,ERR,ERR,ERR,ERR,ERR,ERR,ERR,ERR,ERR,ERR,ERR,ERR,ERR,ERR,ERR,ERR,ERR,ERR,ERR,ERR,ERR,ERR,ERR,ERR,ERR,ERR,0.0,0.0,2.6474835549302285e+23,0.0,0.0,1.3936040501711995e+18,7.805,0.0,0,0,4,0,7116,0.0,100,0.0,0.0,0.0,0.0,0.0,0,0,0,0,0.0,0,0,0,0,0,0,0,0,0,0,0,0,0,0,0,0,0,0,0,0,0,0,0,0,0,0,0,0,0,0,0,0,0,31,40,40,71,65476,0,300,0,0,8,21553,0.0,-107605600.0,0.0,0.0,0.0,0.0,0.0,0.0,0.0,0.0,0.0,0.0,0.0,0.0,0.0,0.0,0.0,0.0,0.0,0.0,0.0,0.0,-2.004,2.004,2.004,0.0,0.0,0.0,0.0,0.0,4468.0,-0.0,6933.0,0.0,0.0,0.0,-107615296.0,0.0,0.0,0.0,0.0,69,-4.0668816144241325e+29,-71.629,0.0,0.0,0.0,0.0,0.0,0.0,0.0,0,0,0,0.0,0.0,0.0,0.0,0.0,0.0,0.0,0.0,0.0,0.0,0.0,0.0,0.0,0.0,0.0,0.0,0,-107875648.0,69,0.0,138,0.0,-109183328.0,0,0,17087,26215,17103,26215,17082,0,0,0,70,68,100,2.7302399002429377e+23,82.4,-107615456.0,78.3,-0.0,79.0,1,49,50,180,13107,13107,0,0,0.0,0.0,0.0,0.0,-0.0,67.0,0.0,162057.094,0.0,981,0,1011,0,0,0,955,0,1037,0,932,0,793,0,784,0,823,0,7520,0.032,1.9484373427855714e+20,0.0,0.0,784,16797,-0.0,162057.094,-114818.039,-0.0,0.133,6.909358625270745e+28,30.0,70.0,35,0.0,0.0,0.0,0.0,0.0,0.0,0.0,0.0,0.0,0.0,0.0,0.0,0.0,0.0,0.0,0.0,66.0,0,150,71,52,65476,0,300,0,0,8,20529,65476,0,0,44564,70.0,0.0,0.0,0.0,0.0,0.0
2026-09-10T21:16:15,ERR,ERR,ERR,ERR,ERR,ERR,ERR,ERR,ERR,ERR,ERR,ERR,ERR,ERR,ERR,ERR,ERR,ERR,ERR,ERR,ERR,ERR,ERR,ERR,ERR,ERR,ERR,ERR,ERR,ERR,ERR,ERR,ERR,ERR,ERR,ERR,ERR,ERR,ERR,ERR,ERR,ERR,ERR,ERR,ERR,ERR,ERR,ERR,ERR,ERR,ERR,ERR,ERR,ERR,ERR,ERR,ERR,ERR,ERR,ERR,ERR,ERR,ERR,ERR,ERR,ERR,ERR,ERR,ERR,ERR,ERR,ERR,ERR,ERR,ERR,ERR,ERR,ERR,ERR,ERR,ERR,ERR,ERR,ERR,ERR,ERR,ERR,ERR,ERR,ERR,ERR,ERR,ERR,ERR,ERR,ERR,ERR,ERR,ERR,ERR,ERR,ERR,ERR,ERR,ERR,ERR,ERR,ERR,ERR,ERR,ERR,ERR,ERR,ERR,ERR,ERR,ERR,ERR,ERR,ERR,ERR,ERR,ERR,ERR,ERR,0.0,0.0,2.6474835549302285e+23,0.0,0.0,1.3936040501711995e+18,7.805,0.0,0,0,4,0,7116,0.0,100,0.0,0.0,0.0,0.0,0.0,0,0,0,0,0.0,0,0,0,0,0,0,0,0,0,0,0,0,0,0,0,0,0,0,0,0,0,0,0,0,0,0,0,0,0,0,0,0,0,31,40,40,71,65476,0,300,0,0,8,21553,0.0,-107605600.0,0.0,0.0,0.0,0.0,0.0,0.0,0.0,0.0,0.0,0.0,0.0,0.0,0.0,0.0,0.0,0.0,0.0,0.0,0.0,0.0,-2.004,2.004,2.004,0.0,0.0,0.0,0.0,0.0,4468.0,-0.0,6933.0,0.0,0.0,0.0,-107615296.0,0.0,0.0,0.0,0.0,69,-4.0668816144241325e+29,-71.629,0.0,0.0,0.0,0.0,0.0,0.0,0.0,0,0,0,0.0,0.0,0.0,0.0,0.0,0.0,0.0,0.0,0.0,0.0,0.0,0.0,0.0,0.0,0.0,0.0,0,-107875648.0,69,0.0,138,0.0,-109183328.0,0,0,17087,26215,17103,26215,17082,0,0,0,70,68,100,2.7302399002429377e+23,82.4,-107615456.0,78.3,-0.0,79.0,1,49,50,180,13107,13107,0,0,0.0,0.0,0.0,0.0,-0.0,67.0,0.0,162057.094,0.0,981,0,1011,0,0,0,955,0,1037,0,932,0,793,0,784,0,823,0,7520,0.032,1.9484373427855714e+20,0.0,0.0,784,16797,-0.0,162057.094,-114818.039,-0.0,0.133,6.909358625270745e+28,30.0,70.0,35,0.0,0.0,0.0,0.0,0.0,0.0,0.0,0.0,0.0,0.0,0.0,0.0,0.0,0.0,0.0,0.0,66.0,0,150,71,52,65476,0,300,0,0,8,20529,65476,0,0,44564,70.0,0.0,0.0,0.0,0.0,0.0
2026-09-10T21:16:16,ERR,ERR,ERR,ERR,ERR,ERR,ERR,ERR,ERR,ERR,ERR,ERR,ERR,ERR,ERR,ERR,ERR,ERR,ERR,ERR,ERR,ERR,ERR,ERR,ERR,ERR,ERR,ERR,ERR,ERR,ERR,ERR,ERR,ERR,ERR,ERR,ERR,ERR,ERR,ERR,ERR,ERR,ERR,ERR,ERR,ERR,ERR,ERR,ERR,ERR,ERR,ERR,ERR,ERR,ERR,ERR,ERR,ERR,ERR,ERR,ERR,ERR,ERR,ERR,ERR,ERR,ERR,ERR,ERR,ERR,ERR,ERR,ERR,ERR,ERR,ERR,ERR,ERR,ERR,ERR,ERR,ERR,ERR,ERR,ERR,ERR,ERR,ERR,ERR,ERR,ERR,ERR,ERR,ERR,ERR,ERR,ERR,ERR,ERR,ERR,ERR,ERR,ERR,ERR,ERR,ERR,ERR,ERR,ERR,ERR,ERR,ERR,ERR,ERR,ERR,ERR,ERR,ERR,ERR,ERR,ERR,ERR,ERR,ERR,ERR,0.0,0.0,2.6474835549302285e+23,0.0,0.0,1.3936040501711995e+18,7.805,0.0,0,0,4,0,7116,0.0,100,0.0,0.0,0.0,0.0,0.0,0,0,0,0,0.0,0,0,0,0,0,0,0,0,0,0,0,0,0,0,0,0,0,0,0,0,0,0,0,0,0,0,0,0,0,0,0,0,0,31,40,40,71,65476,0,300,0,0,8,21553,0.0,-107605600.0,0.0,0.0,0.0,0.0,0.0,0.0,0.0,0.0,0.0,0.0,0.0,0.0,0.0,0.0,0.0,0.0,0.0,0.0,0.0,0.0,-2.004,2.004,2.004,0.0,0.0,0.0,0.0,0.0,4468.0,-0.0,6933.0,0.0,0.0,0.0,-107615296.0,0.0,0.0,0.0,0.0,69,-4.0668816144241325e+29,-71.629,0.0,0.0,0.0,0.0,0.0,0.0,0.0,0,0,0,0.0,0.0,0.0,0.0,0.0,0.0,0.0,0.0,0.0,0.0,0.0,0.0,0.0,0.0,0.0,0.0,0,-107875648.0,69,0.0,138,0.0,-109183328.0,0,0,17087,26215,17103,26215,17082,0,0,0,70,68,100,2.7302399002429377e+23,82.4,-107615456.0,78.3,-0.0,79.0,1,49,50,180,13107,13107,0,0,0.0,0.0,0.0,0.0,-0.0,67.0,0.0,162057.094,0.0,981,0,1011,0,0,0,955,0,1037,0,932,0,793,0,784,0,823,0,7520,0.032,1.9484373427855714e+20,0.0,0.0,784,16797,-0.0,162057.094,-114818.039,-0.0,0.133,6.909358625270745e+28,30.0,70.0,35,0.0,0.0,0.0,0.0,0.0,0.0,0.0,0.0,0.0,0.0,0.0,0.0,0.0,0.0,0.0,0.0,66.0,0,150,71,52,65476,0,300,0,0,8,20529,65476,0,0,44564,70.0,0.0,0.0,0.0,0.0,0.0
2026-09-10T21:16:17,ERR,ERR,ERR,ERR,ERR,ERR,ERR,ERR,ERR,ERR,ERR,ERR,ERR,ERR,ERR,ERR,ERR,ERR,ERR,ERR,ERR,ERR,ERR,ERR,ERR,ERR,ERR,ERR,ERR,ERR,ERR,ERR,ERR,ERR,ERR,ERR,ERR,ERR,ERR,ERR,ERR,ERR,ERR,ERR,ERR,ERR,ERR,ERR,ERR,ERR,ERR,ERR,ERR,ERR,ERR,ERR,ERR,ERR,ERR,ERR,ERR,ERR,ERR,ERR,ERR,ERR,ERR,ERR,ERR,ERR,ERR,ERR,ERR,ERR,ERR,ERR,ERR,ERR,ERR,ERR,ERR,ERR,ERR,ERR,ERR,ERR,ERR,ERR,ERR,ERR,ERR,ERR,ERR,ERR,ERR,ERR,ERR,ERR,ERR,ERR,ERR,ERR,ERR,ERR,ERR,ERR,ERR,ERR,ERR,ERR,ERR,ERR,ERR,ERR,ERR,ERR,ERR,ERR,ERR,ERR,ERR,ERR,ERR,ERR,ERR,0.0,0.0,2.6474835549302285e+23,0.0,0.0,1.3936040501711995e+18,7.805,0.0,0,0,4,0,7116,0.0,100,0.0,0.0,0.0,0.0,0.0,0,0,0,0,0.0,0,0,0,0,0,0,0,0,0,0,0,0,0,0,0,0,0,0,0,0,0,0,0,0,0,0,0,0,0,0,0,0,0,31,40,40,71,65476,0,300,0,0,8,21553,0.0,-107605600.0,0.0,0.0,0.0,0.0,0.0,0.0,0.0,0.0,0.0,0.0,0.0,0.0,0.0,0.0,0.0,0.0,0.0,0.0,0.0,0.0,-2.004,2.004,2.004,0.0,0.0,0.0,0.0,0.0,4468.0,-0.0,6933.0,0.0,0.0,0.0,-107615296.0,0.0,0.0,0.0,0.0,69,-4.0668816144241325e+29,-71.629,0.0,0.0,0.0,0.0,0.0,0.0,0.0,0,0,0,0.0,0.0,0.0,0.0,0.0,0.0,0.0,0.0,0.0,0.0,0.0,0.0,0.0,0.0,0.0,0.0,0,-107875648.0,69,0.0,138,0.0,-109183328.0,0,0,17087,26215,17103,26215,17082,0,0,0,70,68,100,2.7302399002429377e+23,82.4,-107615456.0,78.3,-0.0,79.0,1,49,50,180,13107,13107,0,0,0.0,0.0,0.0,0.0,-0.0,67.0,0.0,162057.094,0.0,981,0,1011,0,0,0,955,0,1037,0,932,0,793,0,784,0,823,0,7520,0.032,1.9484373427855714e+20,0.0,0.0,784,16797,-0.0,162057.094,-114818.039,-0.0,0.133,6.909358625270745e+28,30.0,70.0,35,0.0,0.0,0.0,0.0,0.0,0.0,0.0,0.0,0.0,0.0,0.0,0.0,0.0,0.0,0.0,0.0,66.0,0,150,71,52,65476,0,300,0,0,8,20529,65476,0,0,44564,70.0,0.0,0.0,0.0,0.0,0.0
2026-09-10T21:16:18,ERR,ERR,ERR,ERR,ERR,ERR,ERR,ERR,ERR,ERR,ERR,ERR,ERR,ERR,ERR,ERR,ERR,ERR,ERR,ERR,ERR,ERR,ERR,ERR,ERR,ERR,ERR,ERR,ERR,ERR,ERR,ERR,ERR,ERR,ERR,ERR,ERR,ERR,ERR,ERR,ERR,ERR,ERR,ERR,ERR,ERR,ERR,ERR,ERR,ERR,ERR,ERR,ERR,ERR,ERR,ERR,ERR,ERR,ERR,ERR,ERR,ERR,ERR,ERR,ERR,ERR,ERR,ERR,ERR,ERR,ERR,ERR,ERR,ERR,ERR,ERR,ERR,ERR,ERR,ERR,ERR,ERR,ERR,ERR,ERR,ERR,ERR,ERR,ERR,ERR,ERR,ERR,ERR,ERR,ERR,ERR,ERR,ERR,ERR,ERR,ERR,ERR,ERR,ERR,ERR,ERR,ERR,ERR,ERR,ERR,ERR,ERR,ERR,ERR,ERR,ERR,ERR,ERR,ERR,ERR,ERR,ERR,ERR,ERR,ERR,0.0,0.0,2.6474835549302285e+23,0.0,0.0,1.3936040501711995e+18,7.805,0.0,0,0,4,0,7116,0.0,100,0.0,0.0,0.0,0.0,0.0,0,0,0,0,0.0,0,0,0,0,0,0,0,0,0,0,0,0,0,0,0,0,0,0,0,0,0,0,0,0,0,0,0,0,0,0,0,0,0,31,40,40,71,65476,0,300,0,0,8,21553,0.0,-107605600.0,0.0,0.0,0.0,0.0,0.0,0.0,0.0,0.0,0.0,0.0,0.0,0.0,0.0,0.0,0.0,0.0,0.0,0.0,0.0,0.0,-2.004,2.004,2.004,0.0,0.0,0.0,0.0,0.0,4468.0,-0.0,6933.0,0.0,0.0,0.0,-107615296.0,0.0,0.0,0.0,0.0,69,-4.0668816144241325e+29,-71.629,0.0,0.0,0.0,0.0,0.0,0.0,0.0,0,0,0,0.0,0.0,0.0,0.0,0.0,0.0,0.0,0.0,0.0,0.0,0.0,0.0,0.0,0.0,0.0,0.0,0,-107875648.0,69,0.0,138,0.0,-109183328.0,0,0,17087,26215,17103,26215,17082,0,0,0,70,68,100,-0.0,82.4,-107615456.0,78.3,-0.0,79.0,1,49,50,180,13107,13107,0,0,0.0,0.0,0.0,0.0,-0.0,67.0,0.0,162057.094,0.0,981,0,1011,0,0,0,955,0,1037,0,932,0,793,0,784,0,823,0,7520,0.032,1.95996655783164e+20,0.0,0.0,784,16797,-0.0,162057.094,-114818.039,-0.0,0.133,6.909358625270745e+28,30.0,70.0,35,0.0,0.0,0.0,0.0,0.0,0.0,0.0,0.0,0.0,0.0,0.0,0.0,0.0,0.0,0.0,0.0,66.0,0,150,71,52,65476,0,300,0,0,8,20529,65476,0,0,44564,70.0,0.0,0.0,0.0,0.0,0.0
2026-09-10T21:16:19,ERR,ERR,ERR,ERR,ERR,ERR,ERR,ERR,ERR,ERR,ERR,ERR,ERR,ERR,ERR,ERR,ERR,ERR,ERR,ERR,ERR,ERR,ERR,ERR,ERR,ERR,ERR,ERR,ERR,ERR,ERR,ERR,ERR,ERR,ERR,ERR,ERR,ERR,ERR,ERR,ERR,ERR,ERR,ERR,ERR,ERR,ERR,ERR,ERR,ERR,ERR,ERR,ERR,ERR,ERR,ERR,ERR,ERR,ERR,ERR,ERR,ERR,ERR,ERR,ERR,ERR,ERR,ERR,ERR,ERR,ERR,ERR,ERR,ERR,ERR,ERR,ERR,ERR,ERR,ERR,ERR,ERR,ERR,ERR,ERR,ERR,ERR,ERR,ERR,ERR,ERR,ERR,ERR,ERR,ERR,ERR,ERR,ERR,ERR,ERR,ERR,ERR,ERR,ERR,ERR,ERR,ERR,ERR,ERR,ERR,ERR,ERR,ERR,ERR,ERR,ERR,ERR,ERR,ERR,ERR,ERR,ERR,ERR,ERR,ERR,0.0,0.0,2.6474835549302285e+23,0.0,0.0,1.3936040501711995e+18,7.805,0.0,0,0,4,0,7116,0.0,100,0.0,0.0,0.0,0.0,0.0,0,0,0,0,0.0,0,0,0,0,0,0,0,0,0,0,0,0,0,0,0,0,0,0,0,0,0,0,0,0,0,0,0,0,0,0,0,0,0,31,40,40,71,65476,0,300,0,0,8,21553,0.0,-107605600.0,0.0,0.0,0.0,0.0,0.0,0.0,0.0,0.0,0.0,0.0,0.0,0.0,0.0,0.0,0.0,0.0,0.0,0.0,0.0,0.0,-2.004,2.004,2.004,0.0,0.0,0.0,0.0,0.0,4468.0,-0.0,6933.0,0.0,0.0,0.0,-107615296.0,0.0,0.0,0.0,0.0,69,-4.0668816144241325e+29,-71.629,0.0,0.0,0.0,0.0,0.0,0.0,0.0,0,0,0,0.0,0.0,0.0,0.0,0.0,0.0,0.0,0.0,0.0,0.0,0.0,0.0,0.0,0.0,0.0,0.0,0,-107875648.0,69,0.0,138,0.0,-109183328.0,0,0,17087,26215,17103,26215,17082,0,0,0,70,68,100,-0.0,82.4,-107615456.0,78.3,-0.0,79.0,1,49,50,180,13107,13107,0,0,0.0,0.0,0.0,0.0,-0.0,67.0,0.0,162057.094,0.0,981,0,1011,0,0,0,955,0,1037,0,932,0,793,0,784,0,823,0,7520,0.032,1.95996655783164e+20,0.0,0.0,784,16797,-0.0,162057.094,-114818.039,-0.0,0.133,6.909358625270745e+28,30.0,70.0,35,0.0,0.0,0.0,0.0,0.0,0.0,0.0,0.0,0.0,0.0,0.0,0.0,0.0,0.0,0.0,0.0,66.0,0,150,71,52,65476,0,300,0,0,8,20529,65476,0,0,44564,70.0,0.0,0.0,0.0,0.0,0.0
2026-09-10T21:16:20,ERR,ERR,ERR,ERR,ERR,ERR,ERR,ERR,ERR,ERR,ERR,ERR,ERR,ERR,ERR,ERR,ERR,ERR,ERR,ERR,ERR,ERR,ERR,ERR,ERR,ERR,ERR,ERR,ERR,ERR,ERR,ERR,ERR,ERR,ERR,ERR,ERR,ERR,ERR,ERR,ERR,ERR,ERR,ERR,ERR,ERR,ERR,ERR,ERR,ERR,ERR,ERR,ERR,ERR,ERR,ERR,ERR,ERR,ERR,ERR,ERR,ERR,ERR,ERR,ERR,ERR,ERR,ERR,ERR,ERR,ERR,ERR,ERR,ERR,ERR,ERR,ERR,ERR,ERR,ERR,ERR,ERR,ERR,ERR,ERR,ERR,ERR,ERR,ERR,ERR,ERR,ERR,ERR,ERR,ERR,ERR,ERR,ERR,ERR,ERR,ERR,ERR,ERR,ERR,ERR,ERR,ERR,ERR,ERR,ERR,ERR,ERR,ERR,ERR,ERR,ERR,ERR,ERR,ERR,ERR,ERR,ERR,ERR,ERR,ERR,0.0,0.0,2.6474835549302285e+23,0.0,0.0,1.3936040501711995e+18,7.805,0.0,0,0,4,0,7116,0.0,100,0.0,0.0,0.0,0.0,0.0,0,0,0,0,0.0,0,0,0,0,0,0,0,0,0,0,0,0,0,0,0,0,0,0,0,0,0,0,0,0,0,0,0,0,0,0,0,0,0,31,40,40,71,65476,0,300,0,0,8,21553,0.0,-107605600.0,0.0,0.0,0.0,0.0,0.0,0.0,0.0,0.0,0.0,0.0,0.0,0.0,0.0,0.0,0.0,0.0,0.0,0.0,0.0,0.0,-2.004,2.004,2.004,0.0,0.0,0.0,0.0,0.0,4473.0,-131350.172,6934.0,0.0,0.0,0.0,-107615296.0,0.0,0.0,0.0,0.0,69,0.0,-107614608.0,0.0,0.0,0.0,0.0,0.0,0.0,0.0,0,0,0,0.0,0.0,0.0,0.0,0.0,0.0,0.0,0.0,0.0,0.0,0.0,0.0,0.0,0.0,0.0,0.0,0,-107875648.0,69,0.0,138,0.0,-109183328.0,0,0,17087,26215,17103,26215,17082,0,0,0,70,68,100,-0.0,82.4,-107615456.0,78.3,-0.0,79.0,1,49,50,180,13107,13107,0,0,0.0,0.0,0.0,0.0,-0.0,67.0,0.0,162057.094,0.0,981,0,1011,0,0,0,955,0,1037,0,932,0,793,0,784,0,823,0,7520,0.032,1.95996655783164e+20,0.0,0.0,784,16797,-0.0,162057.094,-114818.039,-0.0,0.133,6.909358625270745e+28,30.0,70.0,35,0.0,0.0,0.0,0.0,0.0,0.0,0.0,0.0,0.0,0.0,0.0,0.0,0.0,0.0,0.0,0.0,66.4,0,150,71,52,65476,0,300,0,0,8,20529,65476,0,0,44564,70.0,0.0,0.0,0.0,0.0,0.0
2026-09-10T21:16:21,ERR,ERR,ERR,ERR,ERR,ERR,ERR,ERR,ERR,ERR,ERR,ERR,ERR,ERR,ERR,ERR,ERR,ERR,ERR,ERR,ERR,ERR,ERR,ERR,ERR,ERR,ERR,ERR,ERR,ERR,ERR,ERR,ERR,ERR,ERR,ERR,ERR,ERR,ERR,ERR,ERR,ERR,ERR,ERR,ERR,ERR,ERR,ERR,ERR,ERR,ERR,ERR,ERR,ERR,ERR,ERR,ERR,ERR,ERR,ERR,ERR,ERR,ERR,ERR,ERR,ERR,ERR,ERR,ERR,ERR,ERR,ERR,ERR,ERR,ERR,ERR,ERR,ERR,ERR,ERR,ERR,ERR,ERR,ERR,ERR,ERR,ERR,ERR,ERR,ERR,ERR,ERR,ERR,ERR,ERR,ERR,ERR,ERR,ERR,ERR,ERR,ERR,ERR,ERR,ERR,ERR,ERR,ERR,ERR,ERR,ERR,ERR,ERR,ERR,ERR,ERR,ERR,ERR,ERR,ERR,ERR,ERR,ERR,ERR,ERR,0.0,0.0,2.6474835549302285e+23,0.0,0.0,1.3936040501711995e+18,7.805,0.0,0,0,4,0,7116,0.0,100,0.0,0.0,0.0,0.0,0.0,0,0,0,0,0.0,0,0,0,0,0,0,0,0,0,0,0,0,0,0,0,0,0,0,0,0,0,0,0,0,0,0,0,0,0,0,0,0,0,31,40,40,71,65476,0,300,0,0,8,21553,0.0,-107605600.0,0.0,0.0,0.0,0.0,0.0,0.0,0.0,0.0,0.0,0.0,0.0,0.0,0.0,0.0,0.0,0.0,0.0,0.0,0.0,0.0,-2.004,2.004,2.004,0.0,0.0,0.0,0.0,0.0,4473.0,-131350.172,6934.0,0.0,0.0,0.0,-107615296.0,0.0,0.0,0.0,0.0,69,0.0,-107614608.0,0.0,0.0,0.0,0.0,0.0,0.0,0.0,0,0,0,0.0,0.0,0.0,0.0,0.0,0.0,0.0,0.0,0.0,0.0,0.0,0.0,0.0,0.0,0.0,0.0,0,-107875648.0,69,0.0,138,0.0,-109183328.0,0,0,17087,26215,17103,26215,17082,0,0,0,70,68,100,-0.0,82.4,-107615456.0,78.3,-0.0,79.0,1,49,50,180,13107,13107,0,0,0.0,0.0,0.0,0.0,-0.0,67.0,0.0,162057.094,0.0,981,0,1011,0,0,0,955,0,1037,0,932,0,793,0,784,0,823,0,7520,0.032,1.95996655783164e+20,0.0,0.0,784,16797,-0.0,162057.094,-114818.039,-0.0,0.133,6.909358625270745e+28,30.0,70.0,35,0.0,0.0,0.0,0.0,0.0,0.0,0.0,0.0,0.0,0.0,0.0,0.0,0.0,0.0,0.0,0.0,66.4,0,150,71,52,65476,0,300,0,0,8,20529,65476,0,0,44564,70.0,0.0,0.0,0.0,0.0,0.0
2026-09-10T21:16:22,ERR,ERR,ERR,ERR,ERR,ERR,ERR,ERR,ERR,ERR,ERR,ERR,ERR,ERR,ERR,ERR,ERR,ERR,ERR,ERR,ERR,ERR,ERR,ERR,ERR,ERR,ERR,ERR,ERR,ERR,ERR,ERR,ERR,ERR,ERR,ERR,ERR,ERR,ERR,ERR,ERR,ERR,ERR,ERR,ERR,ERR,ERR,ERR,ERR,ERR,ERR,ERR,ERR,ERR,ERR,ERR,ERR,ERR,ERR,ERR,ERR,ERR,ERR,ERR,ERR,ERR,ERR,ERR,ERR,ERR,ERR,ERR,ERR,ERR,ERR,ERR,ERR,ERR,ERR,ERR,ERR,ERR,ERR,ERR,ERR,ERR,ERR,ERR,ERR,ERR,ERR,ERR,ERR,ERR,ERR,ERR,ERR,ERR,ERR,ERR,ERR,ERR,ERR,ERR,ERR,ERR,ERR,ERR,ERR,ERR,ERR,ERR,ERR,ERR,ERR,ERR,ERR,ERR,ERR,ERR,ERR,ERR,ERR,ERR,ERR,0.0,0.0,2.6474835549302285e+23,0.0,0.0,1.3936040501711995e+18,7.805,0.0,0,0,4,0,7116,0.0,100,0.0,0.0,0.0,0.0,0.0,0,0,0,0,0.0,0,0,0,0,0,0,0,0,0,0,0,0,0,0,0,0,0,0,0,0,0,0,0,0,0,0,0,0,0,0,0,0,0,31,40,40,71,65476,0,300,0,0,8,21553,0.0,-107605600.0,0.0,0.0,0.0,0.0,0.0,0.0,0.0,0.0,0.0,0.0,0.0,0.0,0.0,0.0,0.0,0.0,0.0,0.0,0.0,0.0,-2.004,2.004,2.004,0.0,0.0,0.0,0.0,0.0,4473.0,-131350.172,6934.0,0.0,0.0,0.0,-107615296.0,0.0,0.0,0.0,0.0,69,0.0,-107614608.0,0.0,0.0,0.0,0.0,0.0,0.0,0.0,0,0,0,0.0,0.0,0.0,0.0,0.0,0.0,0.0,0.0,0.0,0.0,0.0,0.0,0.0,0.0,0.0,0.0,0,-107875648.0,69,0.0,138,0.0,-109183328.0,0,0,17087,26215,17103,26215,17082,0,0,0,70,68,100,-0.0,82.4,-107615456.0,78.3,-0.0,79.0,1,49,50,180,13107,13107,0,0,0.0,0.0,0.0,0.0,-0.0,67.0,0.0,162057.094,0.0,981,0,1011,0,0,0,955,0,1037,0,932,0,793,0,784,0,823,0,7520,0.032,1.95996655783164e+20,0.0,0.0,784,16797,-0.0,162057.094,-114818.039,-0.0,0.133,6.909358625270745e+28,30.0,70.0,35,0.0,0.0,0.0,0.0,0.0,0.0,0.0,0.0,0.0,0.0,0.0,0.0,0.0,0.0,0.0,0.0,66.4,0,150,71,52,65476,0,300,0,0,8,20529,65476,0,0,44564,70.0,0.0,0.0,0.0,0.0,0.0
2026-09-10T21:16:23,ERR,ERR,ERR,ERR,ERR,ERR,ERR,ERR,ERR,ERR,ERR,ERR,ERR,ERR,ERR,ERR,ERR,ERR,ERR,ERR,ERR,ERR,ERR,ERR,ERR,ERR,ERR,ERR,ERR,ERR,ERR,ERR,ERR,ERR,ERR,ERR,ERR,ERR,ERR,ERR,ERR,ERR,ERR,ERR,ERR,ERR,ERR,ERR,ERR,ERR,ERR,ERR,ERR,ERR,ERR,ERR,ERR,ERR,ERR,ERR,ERR,ERR,ERR,ERR,ERR,ERR,ERR,ERR,ERR,ERR,ERR,ERR,ERR,ERR,ERR,ERR,ERR,ERR,ERR,ERR,ERR,ERR,ERR,ERR,ERR,ERR,ERR,ERR,ERR,ERR,ERR,ERR,ERR,ERR,ERR,ERR,ERR,ERR,ERR,ERR,ERR,ERR,ERR,ERR,ERR,ERR,ERR,ERR,ERR,ERR,ERR,ERR,ERR,ERR,ERR,ERR,ERR,ERR,ERR,ERR,ERR,ERR,ERR,ERR,ERR,0.0,0.0,2.6474835549302285e+23,0.0,0.0,1.3936040501711995e+18,7.805,0.0,0,0,4,0,7116,0.0,100,0.0,0.0,0.0,0.0,0.0,0,0,0,0,0.0,0,0,0,0,0,0,0,0,0,0,0,0,0,0,0,0,0,0,0,0,0,0,0,0,0,0,0,0,0,0,0,0,0,31,40,40,71,65476,0,300,0,0,8,21553,0.0,-107605600.0,0.0,0.0,0.0,0.0,0.0,0.0,0.0,0.0,0.0,0.0,0.0,0.0,0.0,0.0,0.0,0.0,0.0,0.0,0.0,0.0,-2.004,2.004,2.004,0.0,0.0,0.0,0.0,0.0,4473.0,-131350.172,6934.0,0.0,0.0,0.0,-107615296.0,0.0,0.0,0.0,0.0,69,0.0,-107614608.0,0.0,0.0,0.0,0.0,0.0,0.0,0.0,0,0,0,0.0,0.0,0.0,0.0,0.0,0.0,0.0,0.0,0.0,0.0,0.0,0.0,0.0,0.0,0.0,0.0,0,-107875648.0,69,0.0,138,0.0,-109183328.0,0,0,17087,26215,17103,26215,17082,0,0,0,70,68,100,-0.0,82.4,-107615456.0,78.3,-0.0,79.0,1,49,50,180,13107,13107,0,0,0.0,0.0,0.0,0.0,-0.0,67.0,0.0,162057.094,0.0,981,0,1011,0,0,0,955,0,1037,0,932,0,793,0,784,0,823,0,7520,0.032,1.95996655783164e+20,0.0,0.0,784,16797,-0.0,162057.094,-114818.039,-0.0,0.133,6.909358625270745e+28,30.0,70.0,35,0.0,0.0,0.0,0.0,0.0,0.0,0.0,0.0,0.0,0.0,0.0,0.0,0.0,0.0,0.0,0.0,66.0,0,150,71,52,65476,0,300,0,0,8,20529,65476,0,0,44564,70.0,0.0,0.0,0.0,0.0,0.0
2026-09-10T21:16:24,ERR,ERR,ERR,ERR,ERR,ERR,ERR,ERR,ERR,ERR,ERR,ERR,ERR,ERR,ERR,ERR,ERR,ERR,ERR,ERR,ERR,ERR,ERR,ERR,ERR,ERR,ERR,ERR,ERR,ERR,ERR,ERR,ERR,ERR,ERR,ERR,ERR,ERR,ERR,ERR,ERR,ERR,ERR,ERR,ERR,ERR,ERR,ERR,ERR,ERR,ERR,ERR,ERR,ERR,ERR,ERR,ERR,ERR,ERR,ERR,ERR,ERR,ERR,ERR,ERR,ERR,ERR,ERR,ERR,ERR,ERR,ERR,ERR,ERR,ERR,ERR,ERR,ERR,ERR,ERR,ERR,ERR,ERR,ERR,ERR,ERR,ERR,ERR,ERR,ERR,ERR,ERR,ERR,ERR,ERR,ERR,ERR,ERR,ERR,ERR,ERR,ERR,ERR,ERR,ERR,ERR,ERR,ERR,ERR,ERR,ERR,ERR,ERR,ERR,ERR,ERR,ERR,ERR,ERR,ERR,ERR,ERR,ERR,ERR,ERR,0.0,0.0,2.6474835549302285e+23,0.0,0.0,1.3936040501711995e+18,7.805,0.0,0,0,4,0,7116,0.0,100,0.0,0.0,0.0,0.0,0.0,0,0,0,0,0.0,0,0,0,0,0,0,0,0,0,0,0,0,0,0,0,0,0,0,0,0,0,0,0,0,0,0,0,0,0,0,0,0,0,31,40,40,71,65476,0,300,0,0,8,21553,0.0,-107605600.0,0.0,0.0,0.0,0.0,0.0,0.0,0.0,0.0,0.0,0.0,0.0,0.0,0.0,0.0,0.0,0.0,0.0,0.0,0.0,0.0,-2.004,2.004,2.004,0.0,0.0,0.0,0.0,0.0,4473.0,-131350.172,6934.0,0.0,0.0,0.0,-107615296.0,0.0,0.0,0.0,0.0,69,0.0,-107614608.0,0.0,0.0,0.0,0.0,0.0,0.0,0.0,0,0,0,0.0,0.0,0.0,0.0,0.0,0.0,0.0,0.0,0.0,0.0,0.0,0.0,0.0,0.0,0.0,0.0,0,-107875648.0,69,0.0,138,0.0,-109183328.0,0,0,17087,26215,17103,13107,17082,0,0,0,70,68,100,2.7302399002429377e+23,82.4,-107615456.0,78.3,-0.0,79.0,1,49,50,180,0,13107,0,0,0.0,0.0,0.0,0.0,-0.0,67.0,0.0,162057.094,0.0,980,0,1011,0,0,0,955,0,1037,0,931,0,792,0,784,0,823,0,7520,0.032,1.95996655783164e+20,0.0,0.0,784,16797,-0.0,162057.094,-114818.039,-0.0,0.133,6.909358625270745e+28,30.0,70.0,35,0.0,0.0,0.0,0.0,0.0,0.0,0.0,0.0,0.0,0.0,0.0,0.0,0.0,0.0,0.0,0.0,66.0,0,150,71,52,65476,0,300,0,0,8,20529,65476,0,0,44564,70.0,0.0,0.0,0.0,0.0,0.0
2026-09-10T21:16:25,ERR,ERR,ERR,ERR,ERR,ERR,ERR,ERR,ERR,ERR,ERR,ERR,ERR,ERR,ERR,ERR,ERR,ERR,ERR,ERR,ERR,ERR,ERR,ERR,ERR,ERR,ERR,ERR,ERR,ERR,ERR,ERR,ERR,ERR,ERR,ERR,ERR,ERR,ERR,ERR,ERR,ERR,ERR,ERR,ERR,ERR,ERR,ERR,ERR,ERR,ERR,ERR,ERR,ERR,ERR,ERR,ERR,ERR,ERR,ERR,ERR,ERR,ERR,ERR,ERR,ERR,ERR,ERR,ERR,ERR,ERR,ERR,ERR,ERR,ERR,ERR,ERR,ERR,ERR,ERR,ERR,ERR,ERR,ERR,ERR,ERR,ERR,ERR,ERR,ERR,ERR,ERR,ERR,ERR,ERR,ERR,ERR,ERR,ERR,ERR,ERR,ERR,ERR,ERR,ERR,ERR,ERR,ERR,ERR,ERR,ERR,ERR,ERR,ERR,ERR,ERR,ERR,ERR,ERR,ERR,ERR,ERR,ERR,ERR,ERR,0.0,0.0,2.6474835549302285e+23,0.0,0.0,1.3936040501711995e+18,7.805,0.0,0,0,4,0,7116,0.0,100,0.0,0.0,0.0,0.0,0.0,0,0,0,0,0.0,0,0,0,0,0,0,0,0,0,0,0,0,0,0,0,0,0,0,0,0,0,0,0,0,0,0,0,0,0,0,0,0,0,31,40,40,71,65476,0,300,0,0,8,21553,0.0,-107605600.0,0.0,0.0,0.0,0.0,0.0,0.0,0.0,0.0,0.0,0.0,0.0,0.0,0.0,0.0,0.0,0.0,0.0,0.0,0.0,0.0,-2.004,2.004,2.004,0.0,0.0,0.0,0.0,0.0,4473.0,-131350.172,6934.0,0.0,0.0,0.0,-107615296.0,0.0,0.0,0.0,0.0,69,0.0,-107614608.0,0.0,0.0,0.0,0.0,0.0,0.0,0.0,0,0,0,0.0,0.0,0.0,0.0,0.0,0.0,0.0,0.0,0.0,0.0,0.0,0.0,0.0,0.0,0.0,0.0,0,-107875648.0,69,0.0,138,0.0,-109183328.0,0,0,17087,26215,17103,13107,17082,0,0,0,70,68,100,2.7302399002429377e+23,82.4,-107615456.0,78.3,-0.0,79.0,1,49,50,180,0,13107,0,0,0.0,0.0,0.0,0.0,-0.0,67.0,0.0,162057.094,0.0,980,0,1011,0,0,0,955,0,1037,0,931,0,792,0,784,0,823,0,7520,0.032,1.95996655783164e+20,0.0,0.0,784,16797,-0.0,162057.094,-114818.039,-0.0,0.133,6.909358625270745e+28,30.0,70.0,35,0.0,0.0,0.0,0.0,0.0,0.0,0.0,0.0,0.0,0.0,0.0,0.0,0.0,0.0,0.0,0.0,66.0,0,150,71,52,65476,0,300,0,0,8,20529,65476,0,0,44564,70.0,0.0,0.0,0.0,0.0,0.0
2026-09-10T21:16:26,ERR,ERR,ERR,ERR,ERR,ERR,ERR,ERR,ERR,ERR,ERR,ERR,ERR,ERR,ERR,ERR,ERR,ERR,ERR,ERR,ERR,ERR,ERR,ERR,ERR,ERR,ERR,ERR,ERR,ERR,ERR,ERR,ERR,ERR,ERR,ERR,ERR,ERR,ERR,ERR,ERR,ERR,ERR,ERR,ERR,ERR,ERR,ERR,ERR,ERR,ERR,ERR,ERR,ERR,ERR,ERR,ERR,ERR,ERR,ERR,ERR,ERR,ERR,ERR,ERR,ERR,ERR,ERR,ERR,ERR,ERR,ERR,ERR,ERR,ERR,ERR,ERR,ERR,ERR,ERR,ERR,ERR,ERR,ERR,ERR,ERR,ERR,ERR,ERR,ERR,ERR,ERR,ERR,ERR,ERR,ERR,ERR,ERR,ERR,ERR,ERR,ERR,ERR,ERR,ERR,ERR,ERR,ERR,ERR,ERR,ERR,ERR,ERR,ERR,ERR,ERR,ERR,ERR,ERR,ERR,ERR,ERR,ERR,ERR,ERR,0.0,0.0,2.6474835549302285e+23,0.0,0.0,1.3936040501711995e+18,7.805,0.0,0,0,4,0,7116,0.0,100,0.0,0.0,0.0,0.0,0.0,0,0,0,0,0.0,0,0,0,0,0,0,0,0,0,0,0,0,0,0,0,0,0,0,0,0,0,0,0,0,0,0,0,0,0,0,0,0,0,31,40,40,71,65476,0,300,0,0,8,21553,0.0,-107605600.0,0.0,0.0,0.0,0.0,0.0,0.0,0.0,0.0,0.0,0.0,0.0,0.0,0.0,0.0,0.0,0.0,0.0,0.0,0.0,0.0,-2.004,2.004,2.004,0.0,0.0,0.0,0.0,0.0,4473.0,-131350.172,6934.0,0.0,0.0,0.0,-107615296.0,0.0,0.0,0.0,0.0,69,0.0,-107614608.0,0.0,0.0,0.0,0.0,0.0,0.0,0.0,0,0,0,0.0,0.0,0.0,0.0,0.0,0.0,0.0,0.0,0.0,0.0,0.0,0.0,0.0,0.0,0.0,0.0,0,-107875648.0,69,0.0,138,0.0,-109183328.0,0,0,17087,26215,17103,13107,17082,0,0,0,70,68,100,2.7302399002429377e+23,82.4,-107615456.0,78.3,-0.0,79.0,1,49,50,180,0,13107,0,0,0.0,0.0,0.0,0.0,-0.0,67.0,0.0,162057.094,0.0,980,0,1011,0,0,0,955,0,1037,0,931,0,792,0,784,0,823,0,7520,0.032,1.95996655783164e+20,0.0,0.0,784,16797,-0.0,162057.094,-114818.039,-0.0,0.133,6.909358625270745e+28,30.0,70.0,35,0.0,0.0,0.0,0.0,0.0,0.0,0.0,0.0,0.0,0.0,0.0,0.0,0.0,0.0,0.0,0.0,66.0,0,150,71,52,65476,0,300,0,0,8,20529,65476,0,0,44564,70.0,0.0,0.0,0.0,0.0,0.0
2026-09-10T21:16:27,ERR,ERR,ERR,ERR,ERR,ERR,ERR,ERR,ERR,ERR,ERR,ERR,ERR,ERR,ERR,ERR,ERR,ERR,ERR,ERR,ERR,ERR,ERR,ERR,ERR,ERR,ERR,ERR,ERR,ERR,ERR,ERR,ERR,ERR,ERR,ERR,ERR,ERR,ERR,ERR,ERR,ERR,ERR,ERR,ERR,ERR,ERR,ERR,ERR,ERR,ERR,ERR,ERR,ERR,ERR,ERR,ERR,ERR,ERR,ERR,ERR,ERR,ERR,ERR,ERR,ERR,ERR,ERR,ERR,ERR,ERR,ERR,ERR,ERR,ERR,ERR,ERR,ERR,ERR,ERR,ERR,ERR,ERR,ERR,ERR,ERR,ERR,ERR,ERR,ERR,ERR,ERR,ERR,ERR,ERR,ERR,ERR,ERR,ERR,ERR,ERR,ERR,ERR,ERR,ERR,ERR,ERR,ERR,ERR,ERR,ERR,ERR,ERR,ERR,ERR,ERR,ERR,ERR,ERR,ERR,ERR,ERR,ERR,ERR,ERR,0.0,0.0,2.6474835549302285e+23,0.0,0.0,1.3936040501711995e+18,7.805,0.0,0,0,4,0,7116,0.0,100,0.0,0.0,0.0,0.0,0.0,0,0,0,0,0.0,0,0,0,0,0,0,0,0,0,0,0,0,0,0,0,0,0,0,0,0,0,0,0,0,0,0,0,0,0,0,0,0,0,31,40,40,71,65476,0,300,0,0,8,21553,0.0,-107605600.0,0.0,0.0,0.0,0.0,0.0,0.0,0.0,0.0,0.0,0.0,0.0,0.0,0.0,0.0,0.0,0.0,0.0,0.0,0.0,0.0,-2.004,2.004,2.004,0.0,0.0,0.0,0.0,0.0,4473.0,-131350.172,6934.0,0.0,0.0,0.0,-107615296.0,0.0,0.0,0.0,0.0,69,0.0,-107614608.0,0.0,0.0,0.0,0.0,0.0,0.0,0.0,0,0,0,0.0,0.0,0.0,0.0,0.0,0.0,0.0,0.0,0.0,0.0,0.0,0.0,0.0,0.0,0.0,0.0,0,-107875648.0,69,0.0,138,0.0,-109183328.0,0,0,17087,26215,17103,13107,17082,0,0,0,70,68,100,2.7302399002429377e+23,82.4,-107615456.0,78.3,-0.0,79.0,1,49,50,180,0,13107,0,0,0.0,0.0,0.0,0.0,-0.0,67.0,0.0,162057.094,0.0,980,0,1011,0,0,0,955,0,1037,0,931,0,792,0,784,0,823,0,7520,0.032,1.95996655783164e+20,0.0,0.0,784,16797,-0.0,162057.094,-114818.039,-0.0,0.133,6.909358625270745e+28,30.0,70.0,35,0.0,0.0,0.0,0.0,0.0,0.0,0.0,0.0,0.0,0.0,0.0,0.0,0.0,0.0,0.0,0.0,66.0,0,150,71,52,65476,0,300,0,0,8,20529,65476,0,0,44564,70.0,0.0,0.0,0.0,0.0,0.0
2026-09-10T21:16:28,ERR,ERR,ERR,ERR,ERR,ERR,ERR,ERR,ERR,ERR,ERR,ERR,ERR,ERR,ERR,ERR,ERR,ERR,ERR,ERR,ERR,ERR,ERR,ERR,ERR,ERR,ERR,ERR,ERR,ERR,ERR,ERR,ERR,ERR,ERR,ERR,ERR,ERR,ERR,ERR,ERR,ERR,ERR,ERR,ERR,ERR,ERR,ERR,ERR,ERR,ERR,ERR,ERR,ERR,ERR,ERR,ERR,ERR,ERR,ERR,ERR,ERR,ERR,ERR,ERR,ERR,ERR,ERR,ERR,ERR,ERR,ERR,ERR,ERR,ERR,ERR,ERR,ERR,ERR,ERR,ERR,ERR,ERR,ERR,ERR,ERR,ERR,ERR,ERR,ERR,ERR,ERR,ERR,ERR,ERR,ERR,ERR,ERR,ERR,ERR,ERR,ERR,ERR,ERR,ERR,ERR,ERR,ERR,ERR,ERR,ERR,ERR,ERR,ERR,ERR,ERR,ERR,ERR,ERR,ERR,ERR,ERR,ERR,ERR,ERR,0.0,0.0,2.6474835549302285e+23,0.0,0.0,1.3936040501711995e+18,7.805,0.0,0,0,4,0,7116,0.0,100,0.0,0.0,0.0,0.0,0.0,0,0,0,0,0.0,0,0,0,0,0,0,0,0,0,0,0,0,0,0,0,0,0,0,0,0,0,0,0,0,0,0,0,0,0,0,0,0,0,31,40,40,71,65476,0,300,0,0,8,21553,0.0,-107605600.0,0.0,0.0,0.0,0.0,0.0,0.0,0.0,0.0,0.0,0.0,0.0,0.0,0.0,0.0,0.0,0.0,0.0,0.0,0.0,0.0,-2.004,2.004,2.004,0.0,0.0,0.0,0.0,0.0,4473.0,-131350.172,6934.0,0.0,0.0,0.0,-107615296.0,0.0,0.0,0.0,0.0,69,0.0,-107614608.0,0.0,0.0,0.0,0.0,0.0,0.0,0.0,0,0,0,0.0,0.0,0.0,0.0,0.0,0.0,0.0,0.0,0.0,0.0,0.0,0.0,0.0,0.0,0.0,0.0,0,-107875648.0,69,0.0,138,0.0,-109183328.0,0,0,17087,26215,17103,13107,17082,0,0,0,70,68,100,2.7302399002429377e+23,82.4,-107615456.0,78.3,-0.0,79.0,1,49,50,180,0,13107,0,0,0.0,0.0,0.0,0.0,-0.0,67.0,0.0,162057.094,0.0,980,0,1011,0,0,0,955,0,1037,0,931,0,792,0,784,0,823,0,7520,0.032,1.95996655783164e+20,0.0,0.0,784,16797,-0.0,162057.094,-114818.039,-0.0,0.133,6.909358625270745e+28,30.0,70.0,35,0.0,0.0,0.0,0.0,0.0,0.0,0.0,0.0,0.0,0.0,0.0,0.0,0.0,0.0,0.0,0.0,66.0,0,150,71,52,65476,0,300,0,0,8,20529,65476,0,0,44564,70.0,0.0,0.0,0.0,0.0,0.0
2026-09-10T21:16:29,ERR,ERR,ERR,ERR,ERR,ERR,ERR,ERR,ERR,ERR,ERR,ERR,ERR,ERR,ERR,ERR,ERR,ERR,ERR,ERR,ERR,ERR,ERR,ERR,ERR,ERR,ERR,ERR,ERR,ERR,ERR,ERR,ERR,ERR,ERR,ERR,ERR,ERR,ERR,ERR,ERR,ERR,ERR,ERR,ERR,ERR,ERR,ERR,ERR,ERR,ERR,ERR,ERR,ERR,ERR,ERR,ERR,ERR,ERR,ERR,ERR,ERR,ERR,ERR,ERR,ERR,ERR,ERR,ERR,ERR,ERR,ERR,ERR,ERR,ERR,ERR,ERR,ERR,ERR,ERR,ERR,ERR,ERR,ERR,ERR,ERR,ERR,ERR,ERR,ERR,ERR,ERR,ERR,ERR,ERR,ERR,ERR,ERR,ERR,ERR,ERR,ERR,ERR,ERR,ERR,ERR,ERR,ERR,ERR,ERR,ERR,ERR,ERR,ERR,ERR,ERR,ERR,ERR,ERR,ERR,ERR,ERR,ERR,ERR,ERR,0.0,0.0,2.6474835549302285e+23,0.0,0.0,1.3936040501711995e+18,7.805,0.0,0,0,4,0,7116,0.0,100,0.0,0.0,0.0,0.0,0.0,0,0,0,0,0.0,0,0,0,0,0,0,0,0,0,0,0,0,0,0,0,0,0,0,0,0,0,0,0,0,0,0,0,0,0,0,0,0,0,31,40,40,71,65476,0,300,0,0,8,21553,0.0,-107605600.0,0.0,0.0,0.0,0.0,0.0,0.0,0.0,0.0,0.0,0.0,0.0,0.0,0.0,0.0,0.0,0.0,0.0,0.0,0.0,0.0,-2.004,2.004,2.004,0.0,0.0,0.0,0.0,0.0,4472.0,-131350.172,6936.0,-107615312.0,0.0,0.0,-107615296.0,0.0,0.0,0.0,0.0,69,-5.8480849975795215e+35,-2.3088241810607807e+20,0.0,0.0,0.0,0.0,0.0,0.0,0.0,0,0,0,0.0,0.0,0.0,0.0,0.0,0.0,0.0,0.0,0.0,0.0,0.0,0.0,0.0,0.0,0.0,0.0,0,-107875648.0,69,0.0,138,0.0,-109183328.0,0,0,17087,13107,17103,13107,17082,0,0,0,70,68,100,-0.0,82.4,-107615456.0,78.3,-0.0,79.0,1,49,50,180,0,13107,0,0,0.0,0.0,0.0,0.0,-0.0,67.0,0.0,162057.094,0.0,980,0,1011,0,0,0,955,0,1036,0,931,0,793,0,784,0,823,0,7520,0.032,1.9484373427855714e+20,0.0,0.0,784,16797,-0.0,162057.094,-114818.039,-0.0,0.133,6.909358625270745e+28,30.0,70.0,35,0.0,0.0,0.0,0.0,0.0,0.0,0.0,0.0,0.0,0.0,0.0,0.0,0.0,0.0,0.0,0.0,66.0,0,150,71,52,65476,0,300,0,0,8,20529,65476,0,0,44564,70.0,0.0,0.0,0.0,0.0,0.0
2026-09-10T21:16:30,ERR,ERR,ERR,ERR,ERR,ERR,ERR,ERR,ERR,ERR,ERR,ERR,ERR,ERR,ERR,ERR,ERR,ERR,ERR,ERR,ERR,ERR,ERR,ERR,ERR,ERR,ERR,ERR,ERR,ERR,ERR,ERR,ERR,ERR,ERR,ERR,ERR,ERR,ERR,ERR,ERR,ERR,ERR,ERR,ERR,ERR,ERR,ERR,ERR,ERR,ERR,ERR,ERR,ERR,ERR,ERR,ERR,ERR,ERR,ERR,ERR,ERR,ERR,ERR,ERR,ERR,ERR,ERR,ERR,ERR,ERR,ERR,ERR,ERR,ERR,ERR,ERR,ERR,ERR,ERR,ERR,ERR,ERR,ERR,ERR,ERR,ERR,ERR,ERR,ERR,ERR,ERR,ERR,ERR,ERR,ERR,ERR,ERR,ERR,ERR,ERR,ERR,ERR,ERR,ERR,ERR,ERR,ERR,ERR,ERR,ERR,ERR,ERR,ERR,ERR,ERR,ERR,ERR,ERR,ERR,ERR,ERR,ERR,ERR,ERR,0.0,0.0,2.6474835549302285e+23,0.0,0.0,1.3936040501711995e+18,7.805,0.0,0,0,4,0,7116,0.0,100,0.0,0.0,0.0,0.0,0.0,0,0,0,0,0.0,0,0,0,0,0,0,0,0,0,0,0,0,0,0,0,0,0,0,0,0,0,0,0,0,0,0,0,0,0,0,0,0,0,31,40,40,71,65476,0,300,0,0,8,21553,0.0,-107605600.0,0.0,0.0,0.0,0.0,0.0,0.0,0.0,0.0,0.0,0.0,0.0,0.0,0.0,0.0,0.0,0.0,0.0,0.0,0.0,0.0,-2.004,2.004,2.004,0.0,0.0,0.0,0.0,0.0,4472.0,-131350.172,6936.0,-107615312.0,0.0,0.0,-107615296.0,0.0,0.0,0.0,0.0,69,-5.8480849975795215e+35,-2.3088241810607807e+20,0.0,0.0,0.0,0.0,0.0,0.0,0.0,0,0,0,0.0,0.0,0.0,0.0,0.0,0.0,0.0,0.0,0.0,0.0,0.0,0.0,0.0,0.0,0.0,0.0,0,-107875648.0,69,0.0,138,0.0,-109183328.0,0,0,17087,13107,17103,13107,17082,0,0,0,70,68,100,-0.0,82.4,-107615456.0,78.3,-0.0,79.0,1,49,50,180,0,13107,0,0,0.0,0.0,0.0,0.0,-0.0,67.0,0.0,162057.094,0.0,980,0,1011,0,0,0,955,0,1036,0,931,0,793,0,784,0,823,0,7520,0.032,1.9484373427855714e+20,0.0,0.0,784,16797,-0.0,162057.094,-114818.039,-0.0,0.133,6.909358625270745e+28,30.0,70.0,35,0.0,0.0,0.0,0.0,0.0,0.0,0.0,0.0,0.0,0.0,0.0,0.0,0.0,0.0,0.0,0.0,66.0,0,150,71,52,65476,0,300,0,0,8,20529,65476,0,0,44564,70.0,0.0,0.0,0.0,0.0,0.0
2026-09-10T21:16:31,ERR,ERR,ERR,ERR,ERR,ERR,ERR,ERR,ERR,ERR,ERR,ERR,ERR,ERR,ERR,ERR,ERR,ERR,ERR,ERR,ERR,ERR,ERR,ERR,ERR,ERR,ERR,ERR,ERR,ERR,ERR,ERR,ERR,ERR,ERR,ERR,ERR,ERR,ERR,ERR,ERR,ERR,ERR,ERR,ERR,ERR,ERR,ERR,ERR,ERR,ERR,ERR,ERR,ERR,ERR,ERR,ERR,ERR,ERR,ERR,ERR,ERR,ERR,ERR,ERR,ERR,ERR,ERR,ERR,ERR,ERR,ERR,ERR,ERR,ERR,ERR,ERR,ERR,ERR,ERR,ERR,ERR,ERR,ERR,ERR,ERR,ERR,ERR,ERR,ERR,ERR,ERR,ERR,ERR,ERR,ERR,ERR,ERR,ERR,ERR,ERR,ERR,ERR,ERR,ERR,ERR,ERR,ERR,ERR,ERR,ERR,ERR,ERR,ERR,ERR,ERR,ERR,ERR,ERR,ERR,ERR,ERR,ERR,ERR,ERR,0.0,0.0,2.6474835549302285e+23,0.0,0.0,1.3936040501711995e+18,7.805,0.0,0,0,4,0,7116,0.0,100,0.0,0.0,0.0,0.0,0.0,0,0,0,0,0.0,0,0,0,0,0,0,0,0,0,0,0,0,0,0,0,0,0,0,0,0,0,0,0,0,0,0,0,0,0,0,0,0,0,31,40,40,71,65476,0,300,0,0,8,21553,0.0,-107605600.0,0.0,0.0,0.0,0.0,0.0,0.0,0.0,0.0,0.0,0.0,0.0,0.0,0.0,0.0,0.0,0.0,0.0,0.0,0.0,0.0,-2.004,2.004,2.004,0.0,0.0,0.0,0.0,0.0,4472.0,-131350.172,6936.0,-107615312.0,0.0,0.0,-107615296.0,0.0,0.0,0.0,0.0,69,-5.8480849975795215e+35,-2.3088241810607807e+20,0.0,0.0,0.0,0.0,0.0,0.0,0.0,0,0,0,0.0,0.0,0.0,0.0,0.0,0.0,0.0,0.0,0.0,0.0,0.0,0.0,0.0,0.0,0.0,0.0,0,-107875648.0,69,0.0,138,0.0,-109183328.0,0,0,17087,13107,17103,13107,17082,0,0,0,70,68,100,-0.0,82.4,-107615456.0,78.3,-0.0,79.0,1,49,50,180,0,13107,0,0,0.0,0.0,0.0,0.0,-0.0,67.0,0.0,162057.094,0.0,980,0,1011,0,0,0,955,0,1036,0,931,0,793,0,784,0,823,0,7520,0.032,1.9484373427855714e+20,0.0,0.0,784,16797,-0.0,162057.094,-114818.039,-0.0,0.133,6.909358625270745e+28,30.0,70.0,35,0.0,0.0,0.0,0.0,0.0,0.0,0.0,0.0,0.0,0.0,0.0,0.0,0.0,0.0,0.0,0.0,66.0,0,150,71,52,65476,0,300,0,0,8,20529,65476,0,0,44564,70.0,0.0,0.0,0.0,0.0,0.0
2026-09-10T21:16:32,ERR,ERR,ERR,ERR,ERR,ERR,ERR,ERR,ERR,ERR,ERR,ERR,ERR,ERR,ERR,ERR,ERR,ERR,ERR,ERR,ERR,ERR,ERR,ERR,ERR,ERR,ERR,ERR,ERR,ERR,ERR,ERR,ERR,ERR,ERR,ERR,ERR,ERR,ERR,ERR,ERR,ERR,ERR,ERR,ERR,ERR,ERR,ERR,ERR,ERR,ERR,ERR,ERR,ERR,ERR,ERR,ERR,ERR,ERR,ERR,ERR,ERR,ERR,ERR,ERR,ERR,ERR,ERR,ERR,ERR,ERR,ERR,ERR,ERR,ERR,ERR,ERR,ERR,ERR,ERR,ERR,ERR,ERR,ERR,ERR,ERR,ERR,ERR,ERR,ERR,ERR,ERR,ERR,ERR,ERR,ERR,ERR,ERR,ERR,ERR,ERR,ERR,ERR,ERR,ERR,ERR,ERR,ERR,ERR,ERR,ERR,ERR,ERR,ERR,ERR,ERR,ERR,ERR,ERR,ERR,ERR,ERR,ERR,ERR,ERR,0.0,0.0,2.6474835549302285e+23,0.0,0.0,1.3936040501711995e+18,7.805,0.0,0,0,4,0,7116,0.0,100,0.0,0.0,0.0,0.0,0.0,0,0,0,0,0.0,0,0,0,0,0,0,0,0,0,0,0,0,0,0,0,0,0,0,0,0,0,0,0,0,0,0,0,0,0,0,0,0,0,31,40,40,71,65476,0,300,0,0,8,21553,0.0,-107605600.0,0.0,0.0,0.0,0.0,0.0,0.0,0.0,0.0,0.0,0.0,0.0,0.0,0.0,0.0,0.0,0.0,0.0,0.0,0.0,0.0,-2.004,2.004,2.004,0.0,0.0,0.0,0.0,0.0,4472.0,-131350.172,6936.0,-107615312.0,0.0,0.0,-107615296.0,0.0,0.0,0.0,0.0,69,-5.8480849975795215e+35,-2.3088241810607807e+20,0.0,0.0,0.0,0.0,0.0,0.0,0.0,0,0,0,0.0,0.0,0.0,0.0,0.0,0.0,0.0,0.0,0.0,0.0,0.0,0.0,0.0,0.0,0.0,0.0,0,-107875648.0,69,0.0,138,0.0,-109183328.0,0,0,17087,13107,17103,13107,17082,0,0,0,70,68,100,-0.0,82.4,-107615456.0,78.3,-0.0,79.0,1,49,50,180,0,13107,0,0,0.0,0.0,0.0,0.0,-0.0,67.0,0.0,162057.094,0.0,980,0,1011,0,0,0,955,0,1036,0,931,0,793,0,784,0,823,0,7520,0.032,1.9484373427855714e+20,0.0,0.0,784,16797,-0.0,162057.094,-114818.039,-0.0,0.133,6.909358625270745e+28,30.0,70.0,35,0.0,0.0,0.0,0.0,0.0,0.0,0.0,0.0,0.0,0.0,0.0,0.0,0.0,0.0,0.0,0.0,66.0,0,150,71,52,65476,0,300,0,0,8,20529,65476,0,0,44564,70.0,0.0,0.0,0.0,0.0,0.0
2026-09-10T21:16:33,ERR,ERR,ERR,ERR,ERR,ERR,ERR,ERR,ERR,ERR,ERR,ERR,ERR,ERR,ERR,ERR,ERR,ERR,ERR,ERR,ERR,ERR,ERR,ERR,ERR,ERR,ERR,ERR,ERR,ERR,ERR,ERR,ERR,ERR,ERR,ERR,ERR,ERR,ERR,ERR,ERR,ERR,ERR,ERR,ERR,ERR,ERR,ERR,ERR,ERR,ERR,ERR,ERR,ERR,ERR,ERR,ERR,ERR,ERR,ERR,ERR,ERR,ERR,ERR,ERR,ERR,ERR,ERR,ERR,ERR,ERR,ERR,ERR,ERR,ERR,ERR,ERR,ERR,ERR,ERR,ERR,ERR,ERR,ERR,ERR,ERR,ERR,ERR,ERR,ERR,ERR,ERR,ERR,ERR,ERR,ERR,ERR,ERR,ERR,ERR,ERR,ERR,ERR,ERR,ERR,ERR,ERR,ERR,ERR,ERR,ERR,ERR,ERR,ERR,ERR,ERR,ERR,ERR,ERR,ERR,ERR,ERR,ERR,ERR,ERR,0.0,0.0,2.6474835549302285e+23,0.0,0.0,1.3936040501711995e+18,7.805,0.0,0,0,4,0,7116,0.0,100,0.0,0.0,0.0,0.0,0.0,0,0,0,0,0.0,0,0,0,0,0,0,0,0,0,0,0,0,0,0,0,0,0,0,0,0,0,0,0,0,0,0,0,0,0,0,0,0,0,31,40,40,71,65476,0,300,0,0,8,21553,0.0,-107605600.0,0.0,0.0,0.0,0.0,0.0,0.0,0.0,0.0,0.0,0.0,0.0,0.0,0.0,0.0,0.0,0.0,0.0,0.0,0.0,0.0,-2.004,2.004,2.004,0.0,0.0,0.0,0.0,0.0,4472.0,-131350.172,6936.0,-107615312.0,0.0,0.0,-107615296.0,0.0,0.0,0.0,0.0,69,-5.8480849975795215e+35,-2.3088241810607807e+20,0.0,0.0,0.0,0.0,0.0,0.0,0.0,0,0,0,0.0,0.0,0.0,0.0,0.0,0.0,0.0,0.0,0.0,0.0,0.0,0.0,0.0,0.0,0.0,0.0,0,-107875648.0,69,0.0,138,0.0,-109183328.0,0,0,17087,13107,17103,13107,17082,0,0,0,70,68,100,-0.0,82.4,-107615456.0,78.3,-0.0,79.0,1,49,50,180,0,13107,0,0,0.0,0.0,0.0,0.0,-0.0,67.0,0.0,162057.094,0.0,980,0,1011,0,0,0,955,0,1036,0,931,0,793,0,784,0,823,0,7520,0.032,1.9484373427855714e+20,0.0,0.0,784,16797,-0.0,162057.094,-114818.039,-0.0,0.133,6.909358625270745e+28,30.0,70.0,35,0.0,0.0,0.0,0.0,0.0,0.0,0.0,0.0,0.0,0.0,0.0,0.0,0.0,0.0,0.0,0.0,66.0,0,150,71,52,65476,0,300,0,0,8,20529,65476,0,0,44564,70.0,0.0,0.0,0.0,0.0,0.0
2026-09-10T21:16:34,ERR,ERR,ERR,ERR,ERR,ERR,ERR,ERR,ERR,ERR,ERR,ERR,ERR,ERR,ERR,ERR,ERR,ERR,ERR,ERR,ERR,ERR,ERR,ERR,ERR,ERR,ERR,ERR,ERR,ERR,ERR,ERR,ERR,ERR,ERR,ERR,ERR,ERR,ERR,ERR,ERR,ERR,ERR,ERR,ERR,ERR,ERR,ERR,ERR,ERR,ERR,ERR,ERR,ERR,ERR,ERR,ERR,ERR,ERR,ERR,ERR,ERR,ERR,ERR,ERR,ERR,ERR,ERR,ERR,ERR,ERR,ERR,ERR,ERR,ERR,ERR,ERR,ERR,ERR,ERR,ERR,ERR,ERR,ERR,ERR,ERR,ERR,ERR,ERR,ERR,ERR,ERR,ERR,ERR,ERR,ERR,ERR,ERR,ERR,ERR,ERR,ERR,ERR,ERR,ERR,ERR,ERR,ERR,ERR,ERR,ERR,ERR,ERR,ERR,ERR,ERR,ERR,ERR,ERR,ERR,ERR,ERR,ERR,ERR,ERR,0.0,0.0,2.6474835549302285e+23,0.0,0.0,1.3936040501711995e+18,7.805,0.0,0,0,4,0,7116,0.0,100,0.0,0.0,0.0,0.0,0.0,0,0,0,0,0.0,0,0,0,0,0,0,0,0,0,0,0,0,0,0,0,0,0,0,0,0,0,0,0,0,0,0,0,0,0,0,0,0,0,31,40,40,71,65476,0,300,0,0,8,21553,0.0,-107605600.0,0.0,0.0,0.0,0.0,0.0,0.0,0.0,0.0,0.0,0.0,0.0,0.0,0.0,0.0,0.0,0.0,0.0,0.0,0.0,0.0,-2.004,2.004,2.004,0.0,0.0,0.0,0.0,0.0,4472.0,-131350.172,6936.0,-107615312.0,0.0,0.0,-107615296.0,0.0,0.0,0.0,0.0,69,-5.8480849975795215e+35,-2.3088241810607807e+20,0.0,0.0,0.0,0.0,0.0,0.0,0.0,0,0,0,0.0,0.0,0.0,0.0,0.0,0.0,0.0,0.0,0.0,0.0,0.0,0.0,0.0,0.0,0.0,0.0,0,-107875648.0,69,0.0,138,0.0,-109183328.0,0,0,17087,13107,17103,13107,17082,0,0,0,70,68,100,-0.0,82.4,-107615456.0,78.3,-0.0,79.0,1,49,50,180,0,13107,0,0,0.0,0.0,0.0,0.0,-0.0,67.0,0.0,162057.094,0.0,980,0,1011,0,0,0,955,0,1036,0,931,0,793,0,784,0,823,0,7520,0.032,1.9484373427855714e+20,0.0,0.0,784,16797,-0.0,162057.094,-114818.039,-0.0,0.133,6.909358625270745e+28,30.0,70.0,35,0.0,0.0,0.0,0.0,0.0,0.0,0.0,0.0,0.0,0.0,0.0,0.0,0.0,0.0,0.0,0.0,66.0,0,150,71,52,65476,0,300,0,0,8,20529,65476,0,0,44564,70.0,0.0,0.0,0.0,0.0,0.0
2026-09-10T21:16:35,ERR,ERR,ERR,ERR,ERR,ERR,ERR,ERR,ERR,ERR,ERR,ERR,ERR,ERR,ERR,ERR,ERR,ERR,ERR,ERR,ERR,ERR,ERR,ERR,ERR,ERR,ERR,ERR,ERR,ERR,ERR,ERR,ERR,ERR,ERR,ERR,ERR,ERR,ERR,ERR,ERR,ERR,ERR,ERR,ERR,ERR,ERR,ERR,ERR,ERR,ERR,ERR,ERR,ERR,ERR,ERR,ERR,ERR,ERR,ERR,ERR,ERR,ERR,ERR,ERR,ERR,ERR,ERR,ERR,ERR,ERR,ERR,ERR,ERR,ERR,ERR,ERR,ERR,ERR,ERR,ERR,ERR,ERR,ERR,ERR,ERR,ERR,ERR,ERR,ERR,ERR,ERR,ERR,ERR,ERR,ERR,ERR,ERR,ERR,ERR,ERR,ERR,ERR,ERR,ERR,ERR,ERR,ERR,ERR,ERR,ERR,ERR,ERR,ERR,ERR,ERR,ERR,ERR,ERR,ERR,ERR,ERR,ERR,ERR,ERR,0.0,0.0,2.6474835549302285e+23,0.0,0.0,1.3936040501711995e+18,7.805,0.0,0,0,4,0,7116,0.0,100,0.0,0.0,0.0,0.0,0.0,0,0,0,0,0.0,0,0,0,0,0,0,0,0,0,0,0,0,0,0,0,0,0,0,0,0,0,0,0,0,0,0,0,0,0,0,0,0,0,31,40,40,71,65476,0,300,0,0,8,21553,0.0,-107605600.0,0.0,0.0,0.0,0.0,0.0,0.0,0.0,0.0,0.0,0.0,0.0,0.0,0.0,0.0,0.0,0.0,0.0,0.0,0.0,0.0,-2.004,2.004,2.004,0.0,0.0,0.0,0.0,0.0,4472.0,-131350.172,6936.0,-107615312.0,0.0,0.0,-107615296.0,0.0,0.0,0.0,0.0,69,-5.8480849975795215e+35,-2.3088241810607807e+20,0.0,0.0,0.0,0.0,0.0,0.0,0.0,0,0,0,0.0,0.0,0.0,0.0,0.0,0.0,0.0,0.0,0.0,0.0,0.0,0.0,0.0,0.0,0.0,0.0,0,-107875648.0,69,0.0,138,0.0,-109183328.0,0,0,17087,13107,17103,13107,17082,0,0,0,70,68,100,2.7302399002429377e+23,82.4,-107615456.0,78.3,-0.0,79.0,1,49,50,180,13107,13107,0,0,0.0,0.0,0.0,0.0,-0.0,67.0,0.0,162057.094,0.0,981,0,1011,0,0,0,955,0,1036,0,931,0,793,0,784,0,823,0,7520,0.032,1.9484373427855714e+20,0.0,0.0,784,16797,-0.0,162057.094,-114818.039,-0.0,0.133,6.909358625270745e+28,30.0,70.0,35,0.0,0.0,0.0,0.0,0.0,0.0,0.0,0.0,0.0,0.0,0.0,0.0,0.0,0.0,0.0,0.0,66.0,0,150,71,52,65476,0,300,0,0,8,20529,65476,0,0,44564,70.0,0.0,0.0,0.0,0.0,0.0
2026-09-10T21:16:36,ERR,ERR,ERR,ERR,ERR,ERR,ERR,ERR,ERR,ERR,ERR,ERR,ERR,ERR,ERR,ERR,ERR,ERR,ERR,ERR,ERR,ERR,ERR,ERR,ERR,ERR,ERR,ERR,ERR,ERR,ERR,ERR,ERR,ERR,ERR,ERR,ERR,ERR,ERR,ERR,ERR,ERR,ERR,ERR,ERR,ERR,ERR,ERR,ERR,ERR,ERR,ERR,ERR,ERR,ERR,ERR,ERR,ERR,ERR,ERR,ERR,ERR,ERR,ERR,ERR,ERR,ERR,ERR,ERR,ERR,ERR,ERR,ERR,ERR,ERR,ERR,ERR,ERR,ERR,ERR,ERR,ERR,ERR,ERR,ERR,ERR,ERR,ERR,ERR,ERR,ERR,ERR,ERR,ERR,ERR,ERR,ERR,ERR,ERR,ERR,ERR,ERR,ERR,ERR,ERR,ERR,ERR,ERR,ERR,ERR,ERR,ERR,ERR,ERR,ERR,ERR,ERR,ERR,ERR,ERR,ERR,ERR,ERR,ERR,ERR,0.0,0.0,2.6474835549302285e+23,0.0,0.0,1.3936040501711995e+18,7.805,0.0,0,0,4,0,7116,0.0,100,0.0,0.0,0.0,0.0,0.0,0,0,0,0,0.0,0,0,0,0,0,0,0,0,0,0,0,0,0,0,0,0,0,0,0,0,0,0,0,0,0,0,0,0,0,0,0,0,0,31,40,40,71,65476,0,300,0,0,8,21553,0.0,-107605600.0,0.0,0.0,0.0,0.0,0.0,0.0,0.0,0.0,0.0,0.0,0.0,0.0,0.0,0.0,0.0,0.0,0.0,0.0,0.0,0.0,-2.004,2.004,2.004,0.0,0.0,0.0,0.0,0.0,4470.0,-0.0,6932.0,0.0,0.0,0.0,-107615296.0,0.0,0.0,0.0,0.0,69,0.0,-0.0,0.0,0.0,0.0,0.0,0.0,0.0,0.0,0,0,0,0.0,0.0,0.0,0.0,0.0,0.0,0.0,0.0,0.0,0.0,0.0,0.0,0.0,0.0,0.0,0.0,0,-107875648.0,69,0.0,138,0.0,-109183328.0,0,0,17087,13107,17103,13107,17082,0,0,0,70,68,100,2.7302399002429377e+23,82.4,-107615456.0,78.3,-0.0,79.0,1,49,50,180,13107,13107,0,0,0.0,0.0,0.0,0.0,-0.0,67.0,0.0,162057.094,0.0,981,0,1011,0,0,0,955,0,1036,0,931,0,793,0,784,0,823,0,7520,0.032,1.9484373427855714e+20,0.0,0.0,784,16797,-0.0,162057.094,-114818.039,-0.0,0.133,6.909358625270745e+28,30.0,70.0,35,0.0,0.0,0.0,0.0,0.0,0.0,0.0,0.0,0.0,0.0,0.0,0.0,0.0,0.0,0.0,0.0,66.0,0,150,71,52,65476,0,300,0,0,8,20529,65476,0,0,44564,70.0,0.0,0.0,0.0,0.0,0.0
2026-09-10T21:16:37,ERR,ERR,ERR,ERR,ERR,ERR,ERR,ERR,ERR,ERR,ERR,ERR,ERR,ERR,ERR,ERR,ERR,ERR,ERR,ERR,ERR,ERR,ERR,ERR,ERR,ERR,ERR,ERR,ERR,ERR,ERR,ERR,ERR,ERR,ERR,ERR,ERR,ERR,ERR,ERR,ERR,ERR,ERR,ERR,ERR,ERR,ERR,ERR,ERR,ERR,ERR,ERR,ERR,ERR,ERR,ERR,ERR,ERR,ERR,ERR,ERR,ERR,ERR,ERR,ERR,ERR,ERR,ERR,ERR,ERR,ERR,ERR,ERR,ERR,ERR,ERR,ERR,ERR,ERR,ERR,ERR,ERR,ERR,ERR,ERR,ERR,ERR,ERR,ERR,ERR,ERR,ERR,ERR,ERR,ERR,ERR,ERR,ERR,ERR,ERR,ERR,ERR,ERR,ERR,ERR,ERR,ERR,ERR,ERR,ERR,ERR,ERR,ERR,ERR,ERR,ERR,ERR,ERR,ERR,ERR,ERR,ERR,ERR,ERR,ERR,0.0,0.0,2.6474835549302285e+23,0.0,0.0,1.3936040501711995e+18,7.805,0.0,0,0,4,0,7116,0.0,100,0.0,0.0,0.0,0.0,0.0,0,0,0,0,0.0,0,0,0,0,0,0,0,0,0,0,0,0,0,0,0,0,0,0,0,0,0,0,0,0,0,0,0,0,0,0,0,0,0,31,40,40,71,65476,0,300,0,0,8,21553,0.0,-107605600.0,0.0,0.0,0.0,0.0,0.0,0.0,0.0,0.0,0.0,0.0,0.0,0.0,0.0,0.0,0.0,0.0,0.0,0.0,0.0,0.0,-2.004,2.004,2.004,0.0,0.0,0.0,0.0,0.0,4470.0,-0.0,6932.0,0.0,0.0,0.0,-107615296.0,0.0,0.0,0.0,0.0,69,0.0,-0.0,0.0,0.0,0.0,0.0,0.0,0.0,0.0,0,0,0,0.0,0.0,0.0,0.0,0.0,0.0,0.0,0.0,0.0,0.0,0.0,0.0,0.0,0.0,0.0,0.0,0,-107875648.0,69,0.0,138,0.0,-109183328.0,0,0,17087,13107,17103,13107,17082,0,0,0,70,68,100,2.7302399002429377e+23,82.4,-107615456.0,78.3,-0.0,79.0,1,49,50,180,13107,13107,0,0,0.0,0.0,0.0,0.0,-0.0,67.0,0.0,162057.094,0.0,981,0,1011,0,0,0,955,0,1036,0,931,0,793,0,784,0,823,0,7520,0.032,1.9484373427855714e+20,0.0,0.0,784,16797,-0.0,162057.094,-114818.039,-0.0,0.133,6.909358625270745e+28,30.0,70.0,35,0.0,0.0,0.0,0.0,0.0,0.0,0.0,0.0,0.0,0.0,0.0,0.0,0.0,0.0,0.0,0.0,66.0,0,150,71,52,65476,0,300,0,0,8,20529,65476,0,0,44564,70.0,0.0,0.0,0.0,0.0,0.0
2026-09-10T21:16:38,ERR,ERR,ERR,ERR,ERR,ERR,ERR,ERR,ERR,ERR,ERR,ERR,ERR,ERR,ERR,ERR,ERR,ERR,ERR,ERR,ERR,ERR,ERR,ERR,ERR,ERR,ERR,ERR,ERR,ERR,ERR,ERR,ERR,ERR,ERR,ERR,ERR,ERR,ERR,ERR,ERR,ERR,ERR,ERR,ERR,ERR,ERR,ERR,ERR,ERR,ERR,ERR,ERR,ERR,ERR,ERR,ERR,ERR,ERR,ERR,ERR,ERR,ERR,ERR,ERR,ERR,ERR,ERR,ERR,ERR,ERR,ERR,ERR,ERR,ERR,ERR,ERR,ERR,ERR,ERR,ERR,ERR,ERR,ERR,ERR,ERR,ERR,ERR,ERR,ERR,ERR,ERR,ERR,ERR,ERR,ERR,ERR,ERR,ERR,ERR,ERR,ERR,ERR,ERR,ERR,ERR,ERR,ERR,ERR,ERR,ERR,ERR,ERR,ERR,ERR,ERR,ERR,ERR,ERR,ERR,ERR,ERR,ERR,ERR,ERR,0.0,0.0,2.6474835549302285e+23,0.0,0.0,1.3936040501711995e+18,7.805,0.0,0,0,4,0,7116,0.0,100,0.0,0.0,0.0,0.0,0.0,0,0,0,0,0.0,0,0,0,0,0,0,0,0,0,0,0,0,0,0,0,0,0,0,0,0,0,0,0,0,0,0,0,0,0,0,0,0,0,31,40,40,71,65476,0,300,0,0,8,21553,0.0,-107605600.0,0.0,0.0,0.0,0.0,0.0,0.0,0.0,0.0,0.0,0.0,0.0,0.0,0.0,0.0,0.0,0.0,0.0,0.0,0.0,0.0,-2.004,2.004,2.004,0.0,0.0,0.0,0.0,0.0,4470.0,-0.0,6932.0,0.0,0.0,0.0,-107615296.0,0.0,0.0,0.0,0.0,69,0.0,-0.0,0.0,0.0,0.0,0.0,0.0,0.0,0.0,0,0,0,0.0,0.0,0.0,0.0,0.0,0.0,0.0,0.0,0.0,0.0,0.0,0.0,0.0,0.0,0.0,0.0,0,-107875648.0,69,0.0,138,0.0,-109183328.0,0,0,17087,13107,17103,13107,17082,0,0,0,70,68,100,2.7302399002429377e+23,82.4,-107615456.0,78.3,-0.0,79.0,1,49,50,180,13107,13107,0,0,0.0,0.0,0.0,0.0,-0.0,67.0,0.0,162057.094,0.0,981,0,1011,0,0,0,955,0,1036,0,931,0,793,0,784,0,823,0,7520,0.032,1.9484373427855714e+20,0.0,0.0,784,16797,-0.0,162057.094,-114818.039,-0.0,0.133,6.909358625270745e+28,30.0,70.0,35,0.0,0.0,0.0,0.0,0.0,0.0,0.0,0.0,0.0,0.0,0.0,0.0,0.0,0.0,0.0,0.0,66.0,0,150,71,52,65476,0,300,0,0,8,20529,65476,0,0,44564,70.0,0.0,0.0,0.0,0.0,0.0
2026-09-10T21:16:39,ERR,ERR,ERR,ERR,ERR,ERR,ERR,ERR,ERR,ERR,ERR,ERR,ERR,ERR,ERR,ERR,ERR,ERR,ERR,ERR,ERR,ERR,ERR,ERR,ERR,ERR,ERR,ERR,ERR,ERR,ERR,ERR,ERR,ERR,ERR,ERR,ERR,ERR,ERR,ERR,ERR,ERR,ERR,ERR,ERR,ERR,ERR,ERR,ERR,ERR,ERR,ERR,ERR,ERR,ERR,ERR,ERR,ERR,ERR,ERR,ERR,ERR,ERR,ERR,ERR,ERR,ERR,ERR,ERR,ERR,ERR,ERR,ERR,ERR,ERR,ERR,ERR,ERR,ERR,ERR,ERR,ERR,ERR,ERR,ERR,ERR,ERR,ERR,ERR,ERR,ERR,ERR,ERR,ERR,ERR,ERR,ERR,ERR,ERR,ERR,ERR,ERR,ERR,ERR,ERR,ERR,ERR,ERR,ERR,ERR,ERR,ERR,ERR,ERR,ERR,ERR,ERR,ERR,ERR,ERR,ERR,ERR,ERR,ERR,ERR,0.0,0.0,2.6474835549302285e+23,0.0,0.0,1.3936040501711995e+18,7.805,0.0,0,0,4,0,7116,0.0,100,0.0,0.0,0.0,0.0,0.0,0,0,0,0,0.0,0,0,0,0,0,0,0,0,0,0,0,0,0,0,0,0,0,0,0,0,0,0,0,0,0,0,0,0,0,0,0,0,0,31,40,40,71,65476,0,300,0,0,8,21553,0.0,-107605600.0,0.0,0.0,0.0,0.0,0.0,0.0,0.0,0.0,0.0,0.0,0.0,0.0,0.0,0.0,0.0,0.0,0.0,0.0,0.0,0.0,-2.004,2.004,2.004,0.0,0.0,0.0,0.0,0.0,4470.0,-0.0,6932.0,0.0,0.0,0.0,-107615296.0,0.0,0.0,0.0,0.0,69,0.0,-0.0,0.0,0.0,0.0,0.0,0.0,0.0,0.0,0,0,0,0.0,0.0,0.0,0.0,0.0,0.0,0.0,0.0,0.0,0.0,0.0,0.0,0.0,0.0,0.0,0.0,0,-107875648.0,69,0.0,138,0.0,-109183328.0,0,0,17087,13107,17103,13107,17082,0,0,0,70,68,100,2.7302399002429377e+23,82.4,-107615456.0,78.3,-0.0,79.0,1,49,50,180,13107,13107,0,0,0.0,0.0,0.0,0.0,-0.0,67.0,0.0,162057.094,0.0,981,0,1011,0,0,0,955,0,1036,0,931,0,793,0,784,0,823,0,7520,0.032,1.9484373427855714e+20,0.0,0.0,784,16797,-0.0,162057.094,-114818.039,-0.0,0.133,6.909358625270745e+28,30.0,70.0,35,0.0,0.0,0.0,0.0,0.0,0.0,0.0,0.0,0.0,0.0,0.0,0.0,0.0,0.0,0.0,0.0,66.0,0,150,71,52,65476,0,300,0,0,8,20529,65476,0,0,44564,70.0,0.0,0.0,0.0,0.0,0.0
2026-09-10T21:16:40,ERR,ERR,ERR,ERR,ERR,ERR,ERR,ERR,ERR,ERR,ERR,ERR,ERR,ERR,ERR,ERR,ERR,ERR,ERR,ERR,ERR,ERR,ERR,ERR,ERR,ERR,ERR,ERR,ERR,ERR,ERR,ERR,ERR,ERR,ERR,ERR,ERR,ERR,ERR,ERR,ERR,ERR,ERR,ERR,ERR,ERR,ERR,ERR,ERR,ERR,ERR,ERR,ERR,ERR,ERR,ERR,ERR,ERR,ERR,ERR,ERR,ERR,ERR,ERR,ERR,ERR,ERR,ERR,ERR,ERR,ERR,ERR,ERR,ERR,ERR,ERR,ERR,ERR,ERR,ERR,ERR,ERR,ERR,ERR,ERR,ERR,ERR,ERR,ERR,ERR,ERR,ERR,ERR,ERR,ERR,ERR,ERR,ERR,ERR,ERR,ERR,ERR,ERR,ERR,ERR,ERR,ERR,ERR,ERR,ERR,ERR,ERR,ERR,ERR,ERR,ERR,ERR,ERR,ERR,ERR,ERR,ERR,ERR,ERR,ERR,0.0,0.0,2.6474835549302285e+23,0.0,0.0,1.3936040501711995e+18,7.805,0.0,0,0,4,0,7116,0.0,100,0.0,0.0,0.0,0.0,0.0,0,0,0,0,0.0,0,0,0,0,0,0,0,0,0,0,0,0,0,0,0,0,0,0,0,0,0,0,0,0,0,0,0,0,0,0,0,0,0,31,40,40,71,65476,0,300,0,0,8,21553,0.0,-107605600.0,0.0,0.0,0.0,0.0,0.0,0.0,0.0,0.0,0.0,0.0,0.0,0.0,0.0,0.0,0.0,0.0,0.0,0.0,0.0,0.0,-2.004,2.004,2.004,0.0,0.0,0.0,0.0,0.0,4470.0,-0.0,6932.0,0.0,0.0,0.0,-107615296.0,0.0,0.0,0.0,0.0,69,0.0,-0.0,0.0,0.0,0.0,0.0,0.0,0.0,0.0,0,0,0,0.0,0.0,0.0,0.0,0.0,0.0,0.0,0.0,0.0,0.0,0.0,0.0,0.0,0.0,0.0,0.0,0,-107875648.0,69,0.0,138,0.0,-109183328.0,0,0,17087,13107,17103,13107,17082,0,0,0,70,68,100,2.7302399002429377e+23,82.4,-107615456.0,78.3,-0.0,79.0,1,49,50,180,13107,13107,0,0,0.0,0.0,0.0,0.0,-0.0,67.0,0.0,162057.094,0.0,981,0,1011,0,0,0,955,0,1036,0,931,0,793,0,784,0,823,0,7520,0.032,1.9484373427855714e+20,0.0,0.0,784,16797,-0.0,162057.094,-114818.039,-0.0,0.133,6.909358625270745e+28,30.0,70.0,35,0.0,0.0,0.0,0.0,0.0,0.0,0.0,0.0,0.0,0.0,0.0,0.0,0.0,0.0,0.0,0.0,66.0,0,150,71,52,65476,0,300,0,0,8,20529,65476,0,0,44564,70.0,0.0,0.0,0.0,0.0,0.0
2026-09-10T21:16:41,ERR,ERR,ERR,ERR,ERR,ERR,ERR,ERR,ERR,ERR,ERR,ERR,ERR,ERR,ERR,ERR,ERR,ERR,ERR,ERR,ERR,ERR,ERR,ERR,ERR,ERR,ERR,ERR,ERR,ERR,ERR,ERR,ERR,ERR,ERR,ERR,ERR,ERR,ERR,ERR,ERR,ERR,ERR,ERR,ERR,ERR,ERR,ERR,ERR,ERR,ERR,ERR,ERR,ERR,ERR,ERR,ERR,ERR,ERR,ERR,ERR,ERR,ERR,ERR,ERR,ERR,ERR,ERR,ERR,ERR,ERR,ERR,ERR,ERR,ERR,ERR,ERR,ERR,ERR,ERR,ERR,ERR,ERR,ERR,ERR,ERR,ERR,ERR,ERR,ERR,ERR,ERR,ERR,ERR,ERR,ERR,ERR,ERR,ERR,ERR,ERR,ERR,ERR,ERR,ERR,ERR,ERR,ERR,ERR,ERR,ERR,ERR,ERR,ERR,ERR,ERR,ERR,ERR,ERR,ERR,ERR,ERR,ERR,ERR,ERR,0.0,0.0,2.6474835549302285e+23,0.0,0.0,1.3936040501711995e+18,7.805,0.0,0,0,4,0,7116,0.0,100,0.0,0.0,0.0,0.0,0.0,0,0,0,0,0.0,0,0,0,0,0,0,0,0,0,0,0,0,0,0,0,0,0,0,0,0,0,0,0,0,0,0,0,0,0,0,0,0,0,31,40,40,71,65476,0,300,0,0,8,21553,0.0,-107605600.0,0.0,0.0,0.0,0.0,0.0,0.0,0.0,0.0,0.0,0.0,0.0,0.0,0.0,0.0,0.0,0.0,0.0,0.0,0.0,0.0,-2.004,2.004,2.004,0.0,0.0,0.0,0.0,0.0,4470.0,-0.0,6932.0,0.0,0.0,0.0,-107615296.0,0.0,0.0,0.0,0.0,69,0.0,-0.0,0.0,0.0,0.0,0.0,0.0,0.0,0.0,0,0,0,0.0,0.0,0.0,0.0,0.0,0.0,0.0,0.0,0.0,0.0,0.0,0.0,0.0,0.0,0.0,0.0,0,-107875648.0,69,0.0,138,0.0,-109183328.0,0,0,17087,13107,17103,13107,17082,0,0,0,70,68,100,2.7302399002429377e+23,82.4,-107615456.0,78.3,-0.0,79.0,1,49,50,180,13107,13107,0,0,0.0,0.0,0.0,0.0,-0.0,67.0,0.0,162057.094,0.0,981,0,1011,0,0,0,955,0,1036,0,931,0,793,0,784,0,823,0,7520,0.032,1.9484373427855714e+20,0.0,0.0,784,16797,-0.0,162057.094,-114818.039,-0.0,0.133,6.909358625270745e+28,30.0,70.0,35,0.0,0.0,0.0,0.0,0.0,0.0,0.0,0.0,0.0,0.0,0.0,0.0,0.0,0.0,0.0,0.0,66.0,0,150,71,52,65476,0,300,0,0,8,20529,65476,0,0,44564,70.0,0.0,0.0,0.0,0.0,0.0
2026-09-10T21:16:42,ERR,ERR,ERR,ERR,ERR,ERR,ERR,ERR,ERR,ERR,ERR,ERR,ERR,ERR,ERR,ERR,ERR,ERR,ERR,ERR,ERR,ERR,ERR,ERR,ERR,ERR,ERR,ERR,ERR,ERR,ERR,ERR,ERR,ERR,ERR,ERR,ERR,ERR,ERR,ERR,ERR,ERR,ERR,ERR,ERR,ERR,ERR,ERR,ERR,ERR,ERR,ERR,ERR,ERR,ERR,ERR,ERR,ERR,ERR,ERR,ERR,ERR,ERR,ERR,ERR,ERR,ERR,ERR,ERR,ERR,ERR,ERR,ERR,ERR,ERR,ERR,ERR,ERR,ERR,ERR,ERR,ERR,ERR,ERR,ERR,ERR,ERR,ERR,ERR,ERR,ERR,ERR,ERR,ERR,ERR,ERR,ERR,ERR,ERR,ERR,ERR,ERR,ERR,ERR,ERR,ERR,ERR,ERR,ERR,ERR,ERR,ERR,ERR,ERR,ERR,ERR,ERR,ERR,ERR,ERR,ERR,ERR,ERR,ERR,ERR,0.0,0.0,2.6474835549302285e+23,0.0,0.0,1.3936040501711995e+18,7.805,0.0,0,0,4,0,7116,0.0,100,0.0,0.0,0.0,0.0,0.0,0,0,0,0,0.0,0,0,0,0,0,0,0,0,0,0,0,0,0,0,0,0,0,0,0,0,0,0,0,0,0,0,0,0,0,0,0,0,0,31,40,40,71,65476,0,300,0,0,8,21553,0.0,-107605600.0,0.0,0.0,0.0,0.0,0.0,0.0,0.0,0.0,0.0,0.0,0.0,0.0,0.0,0.0,0.0,0.0,0.0,0.0,0.0,0.0,-2.004,2.004,2.004,0.0,0.0,0.0,0.0,0.0,4470.0,-0.0,6932.0,0.0,0.0,0.0,-107615296.0,0.0,0.0,0.0,0.0,69,0.0,-0.0,0.0,0.0,0.0,0.0,0.0,0.0,0.0,0,0,0,0.0,0.0,0.0,0.0,0.0,0.0,0.0,0.0,0.0,0.0,0.0,0.0,0.0,0.0,0.0,0.0,0,-107875648.0,69,0.0,138,0.0,-109183328.0,0,0,17087,13107,17103,13107,17082,0,0,0,70,68,100,2.7302399002429377e+23,82.4,-107615456.0,78.3,-0.0,79.0,1,49,50,180,13107,13107,0,0,0.0,0.0,0.0,0.0,-0.0,67.0,0.0,162057.094,0.0,981,0,1011,0,0,0,955,0,1036,0,931,0,793,0,784,0,823,0,7520,0.032,1.9484373427855714e+20,0.0,0.0,784,16797,-0.0,162057.094,-114818.039,-0.0,0.133,6.909358625270745e+28,30.0,70.0,35,0.0,0.0,0.0,0.0,0.0,0.0,0.0,0.0,0.0,0.0,0.0,0.0,0.0,0.0,0.0,0.0,66.0,0,150,71,52,65476,0,300,0,0,8,20529,65476,0,0,44564,70.0,0.0,0.0,0.0,0.0,0.0
2026-09-10T21:16:43,ERR,ERR,ERR,ERR,ERR,ERR,ERR,ERR,ERR,ERR,ERR,ERR,ERR,ERR,ERR,ERR,ERR,ERR,ERR,ERR,ERR,ERR,ERR,ERR,ERR,ERR,ERR,ERR,ERR,ERR,ERR,ERR,ERR,ERR,ERR,ERR,ERR,ERR,ERR,ERR,ERR,ERR,ERR,ERR,ERR,ERR,ERR,ERR,ERR,ERR,ERR,ERR,ERR,ERR,ERR,ERR,ERR,ERR,ERR,ERR,ERR,ERR,ERR,ERR,ERR,ERR,ERR,ERR,ERR,ERR,ERR,ERR,ERR,ERR,ERR,ERR,ERR,ERR,ERR,ERR,ERR,ERR,ERR,ERR,ERR,ERR,ERR,ERR,ERR,ERR,ERR,ERR,ERR,ERR,ERR,ERR,ERR,ERR,ERR,ERR,ERR,ERR,ERR,ERR,ERR,ERR,ERR,ERR,ERR,ERR,ERR,ERR,ERR,ERR,ERR,ERR,ERR,ERR,ERR,ERR,ERR,ERR,ERR,ERR,ERR,0.0,0.0,2.6474835549302285e+23,0.0,0.0,1.3936040501711995e+18,7.805,0.0,0,0,4,0,7116,0.0,100,0.0,0.0,0.0,0.0,0.0,0,0,0,0,0.0,0,0,0,0,0,0,0,0,0,0,0,0,0,0,0,0,0,0,0,0,0,0,0,0,0,0,0,0,0,0,0,0,0,31,40,40,71,65476,0,300,0,0,8,21553,0.0,-107605600.0,0.0,0.0,0.0,0.0,0.0,0.0,0.0,0.0,0.0,0.0,0.0,0.0,0.0,0.0,0.0,0.0,0.0,0.0,0.0,0.0,-2.004,2.004,2.004,0.0,0.0,0.0,0.0,0.0,4468.0,-2.004,6936.0,0.0,0.0,0.0,-107615296.0,0.0,0.0,0.0,0.0,69,-4.0668816144241325e+29,-3.221994650676375e+26,0.0,0.0,0.0,0.0,0.0,0.0,0.0,0,0,0,0.0,0.0,0.0,0.0,0.0,0.0,0.0,0.0,0.0,0.0,0.0,0.0,0.0,0.0,0.0,0.0,0,-107875648.0,69,0.0,138,0.0,-109183328.0,0,0,17087,13107,17103,13107,17082,0,0,0,70,68,100,2.7302399002429377e+23,82.4,-107615456.0,78.3,-0.0,79.0,1,49,50,180,13107,13107,0,0,0.0,0.0,0.0,0.0,-0.0,67.0,0.0,162057.094,0.0,981,0,1011,0,0,0,955,0,1036,0,931,0,793,0,784,0,823,0,7520,0.032,1.9484373427855714e+20,0.0,0.0,784,16797,-0.0,162057.094,-114818.039,-0.0,0.133,6.909358625270745e+28,30.0,70.0,35,0.0,0.0,0.0,0.0,0.0,0.0,0.0,0.0,0.0,0.0,0.0,0.0,0.0,0.0,0.0,0.0,66.0,0,150,71,52,65476,0,300,0,0,8,20529,65476,0,0,44564,70.0,0.0,0.0,0.0,0.0,0.0
2026-09-10T21:16:44,ERR,ERR,ERR,ERR,ERR,ERR,ERR,ERR,ERR,ERR,ERR,ERR,ERR,ERR,ERR,ERR,ERR,ERR,ERR,ERR,ERR,ERR,ERR,ERR,ERR,ERR,ERR,ERR,ERR,ERR,ERR,ERR,ERR,ERR,ERR,ERR,ERR,ERR,ERR,ERR,ERR,ERR,ERR,ERR,ERR,ERR,ERR,ERR,ERR,ERR,ERR,ERR,ERR,ERR,ERR,ERR,ERR,ERR,ERR,ERR,ERR,ERR,ERR,ERR,ERR,ERR,ERR,ERR,ERR,ERR,ERR,ERR,ERR,ERR,ERR,ERR,ERR,ERR,ERR,ERR,ERR,ERR,ERR,ERR,ERR,ERR,ERR,ERR,ERR,ERR,ERR,ERR,ERR,ERR,ERR,ERR,ERR,ERR,ERR,ERR,ERR,ERR,ERR,ERR,ERR,ERR,ERR,ERR,ERR,ERR,ERR,ERR,ERR,ERR,ERR,ERR,ERR,ERR,ERR,ERR,ERR,ERR,ERR,ERR,ERR,0.0,0.0,2.6474835549302285e+23,0.0,0.0,1.3936040501711995e+18,7.805,0.0,0,0,4,0,7116,0.0,100,0.0,0.0,0.0,0.0,0.0,0,0,0,0,0.0,0,0,0,0,0,0,0,0,0,0,0,0,0,0,0,0,0,0,0,0,0,0,0,0,0,0,0,0,0,0,0,0,0,31,40,40,71,65476,0,300,0,0,8,21553,0.0,-107605600.0,0.0,0.0,0.0,0.0,0.0,0.0,0.0,0.0,0.0,0.0,0.0,0.0,0.0,0.0,0.0,0.0,0.0,0.0,0.0,0.0,-2.004,2.004,2.004,0.0,0.0,0.0,0.0,0.0,4468.0,-2.004,6936.0,0.0,0.0,0.0,-107615296.0,0.0,0.0,0.0,0.0,69,-4.0668816144241325e+29,-3.221994650676375e+26,0.0,0.0,0.0,0.0,0.0,0.0,0.0,0,0,0,0.0,0.0,0.0,0.0,0.0,0.0,0.0,0.0,0.0,0.0,0.0,0.0,0.0,0.0,0.0,0.0,0,-107875648.0,69,0.0,138,0.0,-109183328.0,0,0,17087,13107,17103,13107,17082,0,0,0,70,68,100,2.7302399002429377e+23,82.4,-107615456.0,78.3,-0.0,79.0,1,49,50,180,13107,13107,0,0,0.0,0.0,0.0,0.0,-0.0,67.0,0.0,162057.094,0.0,981,0,1011,0,0,0,955,0,1036,0,931,0,793,0,784,0,823,0,7520,0.032,1.9484373427855714e+20,0.0,0.0,784,16797,-0.0,162057.094,-114818.039,-0.0,0.133,6.909358625270745e+28,30.0,70.0,35,0.0,0.0,0.0,0.0,0.0,0.0,0.0,0.0,0.0,0.0,0.0,0.0,0.0,0.0,0.0,0.0,66.0,0,150,71,52,65476,0,300,0,0,8,20529,65476,0,0,44564,70.0,0.0,0.0,0.0,0.0,0.0
2026-09-10T21:16:45,ERR,ERR,ERR,ERR,ERR,ERR,ERR,ERR,ERR,ERR,ERR,ERR,ERR,ERR,ERR,ERR,ERR,ERR,ERR,ERR,ERR,ERR,ERR,ERR,ERR,ERR,ERR,ERR,ERR,ERR,ERR,ERR,ERR,ERR,ERR,ERR,ERR,ERR,ERR,ERR,ERR,ERR,ERR,ERR,ERR,ERR,ERR,ERR,ERR,ERR,ERR,ERR,ERR,ERR,ERR,ERR,ERR,ERR,ERR,ERR,ERR,ERR,ERR,ERR,ERR,ERR,ERR,ERR,ERR,ERR,ERR,ERR,ERR,ERR,ERR,ERR,ERR,ERR,ERR,ERR,ERR,ERR,ERR,ERR,ERR,ERR,ERR,ERR,ERR,ERR,ERR,ERR,ERR,ERR,ERR,ERR,ERR,ERR,ERR,ERR,ERR,ERR,ERR,ERR,ERR,ERR,ERR,ERR,ERR,ERR,ERR,ERR,ERR,ERR,ERR,ERR,ERR,ERR,ERR,ERR,ERR,ERR,ERR,ERR,ERR,0.0,0.0,2.6474835549302285e+23,0.0,0.0,1.3936040501711995e+18,7.805,0.0,0,0,4,0,7116,0.0,100,0.0,0.0,0.0,0.0,0.0,0,0,0,0,0.0,0,0,0,0,0,0,0,0,0,0,0,0,0,0,0,0,0,0,0,0,0,0,0,0,0,0,0,0,0,0,0,0,0,31,40,40,71,65476,0,300,0,0,8,21553,0.0,-107605600.0,0.0,0.0,0.0,0.0,0.0,0.0,0.0,0.0,0.0,0.0,0.0,0.0,0.0,0.0,0.0,0.0,0.0,0.0,0.0,0.0,-2.004,2.004,2.004,0.0,0.0,0.0,0.0,0.0,4468.0,-2.004,6936.0,0.0,0.0,0.0,-107615296.0,0.0,0.0,0.0,0.0,69,-4.0668816144241325e+29,-3.221994650676375e+26,0.0,0.0,0.0,0.0,0.0,0.0,0.0,0,0,0,0.0,0.0,0.0,0.0,0.0,0.0,0.0,0.0,0.0,0.0,0.0,0.0,0.0,0.0,0.0,0.0,0,-107875648.0,69,0.0,138,0.0,-109183328.0,0,0,17087,13107,17103,13107,17082,0,0,0,70,68,100,-0.0,82.4,-107615456.0,78.3,-0.0,79.0,1,49,50,180,13107,13107,0,0,0.0,0.0,0.0,0.0,-0.0,67.0,0.0,162057.094,0.0,981,0,1011,0,0,0,955,0,1036,0,931,0,793,0,784,0,822,0,7520,0.032,1.95996655783164e+20,0.0,0.0,784,16797,-0.0,162057.094,-114818.039,-0.0,0.133,6.909358625270745e+28,30.0,70.0,35,0.0,0.0,0.0,0.0,0.0,0.0,0.0,0.0,0.0,0.0,0.0,0.0,0.0,0.0,0.0,0.0,66.0,0,150,71,52,65476,0,300,0,0,8,20529,65476,0,0,44564,70.0,0.0,0.0,0.0,0.0,0.0
2026-09-10T21:16:46,ERR,ERR,ERR,ERR,ERR,ERR,ERR,ERR,ERR,ERR,ERR,ERR,ERR,ERR,ERR,ERR,ERR,ERR,ERR,ERR,ERR,ERR,ERR,ERR,ERR,ERR,ERR,ERR,ERR,ERR,ERR,ERR,ERR,ERR,ERR,ERR,ERR,ERR,ERR,ERR,ERR,ERR,ERR,ERR,ERR,ERR,ERR,ERR,ERR,ERR,ERR,ERR,ERR,ERR,ERR,ERR,ERR,ERR,ERR,ERR,ERR,ERR,ERR,ERR,ERR,ERR,ERR,ERR,ERR,ERR,ERR,ERR,ERR,ERR,ERR,ERR,ERR,ERR,ERR,ERR,ERR,ERR,ERR,ERR,ERR,ERR,ERR,ERR,ERR,ERR,ERR,ERR,ERR,ERR,ERR,ERR,ERR,ERR,ERR,ERR,ERR,ERR,ERR,ERR,ERR,ERR,ERR,ERR,ERR,ERR,ERR,ERR,ERR,ERR,ERR,ERR,ERR,ERR,ERR,ERR,ERR,ERR,ERR,ERR,ERR,0.0,0.0,2.6474835549302285e+23,0.0,0.0,1.3936040501711995e+18,7.805,0.0,0,0,4,0,7116,0.0,100,0.0,0.0,0.0,0.0,0.0,0,0,0,0,0.0,0,0,0,0,0,0,0,0,0,0,0,0,0,0,0,0,0,0,0,0,0,0,0,0,0,0,0,0,0,0,0,0,0,31,40,40,71,65476,0,300,0,0,8,21553,0.0,-107605600.0,0.0,0.0,0.0,0.0,0.0,0.0,0.0,0.0,0.0,0.0,0.0,0.0,0.0,0.0,0.0,0.0,0.0,0.0,0.0,0.0,-2.004,2.004,2.004,0.0,0.0,0.0,0.0,0.0,4468.0,-2.004,6936.0,0.0,0.0,0.0,-107615296.0,0.0,0.0,0.0,0.0,69,-4.0668816144241325e+29,-3.221994650676375e+26,0.0,0.0,0.0,0.0,0.0,0.0,0.0,0,0,0,0.0,0.0,0.0,0.0,0.0,0.0,0.0,0.0,0.0,0.0,0.0,0.0,0.0,0.0,0.0,0.0,0,-107875648.0,69,0.0,138,0.0,-109183328.0,0,0,17087,13107,17103,13107,17082,0,0,0,70,68,100,-0.0,82.4,-107615456.0,78.3,-0.0,79.0,1,49,50,180,13107,13107,0,0,0.0,0.0,0.0,0.0,-0.0,67.0,0.0,162057.094,0.0,981,0,1011,0,0,0,955,0,1036,0,931,0,793,0,784,0,822,0,7520,0.032,1.95996655783164e+20,0.0,0.0,784,16797,-0.0,162057.094,-114818.039,-0.0,0.133,6.909358625270745e+28,30.0,70.0,35,0.0,0.0,0.0,0.0,0.0,0.0,0.0,0.0,0.0,0.0,0.0,0.0,0.0,0.0,0.0,0.0,66.4,0,150,71,52,65476,0,300,0,0,8,20529,65476,0,0,44564,70.0,0.0,0.0,0.0,0.0,0.0
2026-09-10T21:16:47,ERR,ERR,ERR,ERR,ERR,ERR,ERR,ERR,ERR,ERR,ERR,ERR,ERR,ERR,ERR,ERR,ERR,ERR,ERR,ERR,ERR,ERR,ERR,ERR,ERR,ERR,ERR,ERR,ERR,ERR,ERR,ERR,ERR,ERR,ERR,ERR,ERR,ERR,ERR,ERR,ERR,ERR,ERR,ERR,ERR,ERR,ERR,ERR,ERR,ERR,ERR,ERR,ERR,ERR,ERR,ERR,ERR,ERR,ERR,ERR,ERR,ERR,ERR,ERR,ERR,ERR,ERR,ERR,ERR,ERR,ERR,ERR,ERR,ERR,ERR,ERR,ERR,ERR,ERR,ERR,ERR,ERR,ERR,ERR,ERR,ERR,ERR,ERR,ERR,ERR,ERR,ERR,ERR,ERR,ERR,ERR,ERR,ERR,ERR,ERR,ERR,ERR,ERR,ERR,ERR,ERR,ERR,ERR,ERR,ERR,ERR,ERR,ERR,ERR,ERR,ERR,ERR,ERR,ERR,ERR,ERR,ERR,ERR,ERR,ERR,0.0,0.0,2.6474835549302285e+23,0.0,0.0,1.3936040501711995e+18,7.805,0.0,0,0,4,0,7116,0.0,100,0.0,0.0,0.0,0.0,0.0,0,0,0,0,0.0,0,0,0,0,0,0,0,0,0,0,0,0,0,0,0,0,0,0,0,0,0,0,0,0,0,0,0,0,0,0,0,0,0,31,40,40,71,65476,0,300,0,0,8,21553,0.0,-107605600.0,0.0,0.0,0.0,0.0,0.0,0.0,0.0,0.0,0.0,0.0,0.0,0.0,0.0,0.0,0.0,0.0,0.0,0.0,0.0,0.0,-2.004,2.004,2.004,0.0,0.0,0.0,0.0,0.0,4468.0,-2.004,6936.0,0.0,0.0,0.0,-107615296.0,0.0,0.0,0.0,0.0,69,-4.0668816144241325e+29,-3.221994650676375e+26,0.0,0.0,0.0,0.0,0.0,0.0,0.0,0,0,0,0.0,0.0,0.0,0.0,0.0,0.0,0.0,0.0,0.0,0.0,0.0,0.0,0.0,0.0,0.0,0.0,0,-107875648.0,69,0.0,138,0.0,-109183328.0,0,0,17087,13107,17103,13107,17082,0,0,0,70,68,100,-0.0,82.4,-107615456.0,78.3,-0.0,79.0,1,49,50,180,13107,13107,0,0,0.0,0.0,0.0,0.0,-0.0,67.0,0.0,162057.094,0.0,981,0,1011,0,0,0,955,0,1036,0,931,0,793,0,784,0,822,0,7520,0.032,1.95996655783164e+20,0.0,0.0,784,16797,-0.0,162057.094,-114818.039,-0.0,0.133,6.909358625270745e+28,30.0,70.0,35,0.0,0.0,0.0,0.0,0.0,0.0,0.0,0.0,0.0,0.0,0.0,0.0,0.0,0.0,0.0,0.0,66.4,0,150,71,52,65476,0,300,0,0,8,20529,65476,0,0,44564,70.0,0.0,0.0,0.0,0.0,0.0
2026-09-10T21:16:48,ERR,ERR,ERR,ERR,ERR,ERR,ERR,ERR,ERR,ERR,ERR,ERR,ERR,ERR,ERR,ERR,ERR,ERR,ERR,ERR,ERR,ERR,ERR,ERR,ERR,ERR,ERR,ERR,ERR,ERR,ERR,ERR,ERR,ERR,ERR,ERR,ERR,ERR,ERR,ERR,ERR,ERR,ERR,ERR,ERR,ERR,ERR,ERR,ERR,ERR,ERR,ERR,ERR,ERR,ERR,ERR,ERR,ERR,ERR,ERR,ERR,ERR,ERR,ERR,ERR,ERR,ERR,ERR,ERR,ERR,ERR,ERR,ERR,ERR,ERR,ERR,ERR,ERR,ERR,ERR,ERR,ERR,ERR,ERR,ERR,ERR,ERR,ERR,ERR,ERR,ERR,ERR,ERR,ERR,ERR,ERR,ERR,ERR,ERR,ERR,ERR,ERR,ERR,ERR,ERR,ERR,ERR,ERR,ERR,ERR,ERR,ERR,ERR,ERR,ERR,ERR,ERR,ERR,ERR,ERR,ERR,ERR,ERR,ERR,ERR,0.0,0.0,2.6474835549302285e+23,0.0,0.0,1.3936040501711995e+18,7.805,0.0,0,0,4,0,7116,0.0,100,0.0,0.0,0.0,0.0,0.0,0,0,0,0,0.0,0,0,0,0,0,0,0,0,0,0,0,0,0,0,0,0,0,0,0,0,0,0,0,0,0,0,0,0,0,0,0,0,0,31,40,40,71,65476,0,300,0,0,8,21553,0.0,-107605600.0,0.0,0.0,0.0,0.0,0.0,0.0,0.0,0.0,0.0,0.0,0.0,0.0,0.0,0.0,0.0,0.0,0.0,0.0,0.0,0.0,-2.004,2.004,2.004,0.0,0.0,0.0,0.0,0.0,4468.0,-2.004,6936.0,0.0,0.0,0.0,-107615296.0,0.0,0.0,0.0,0.0,69,-4.0668816144241325e+29,-3.221994650676375e+26,0.0,0.0,0.0,0.0,0.0,0.0,0.0,0,0,0,0.0,0.0,0.0,0.0,0.0,0.0,0.0,0.0,0.0,0.0,0.0,0.0,0.0,0.0,0.0,0.0,0,-107875648.0,69,0.0,138,0.0,-109183328.0,0,0,17087,13107,17103,13107,17082,0,0,0,70,68,100,-0.0,82.4,-107615456.0,78.3,-0.0,79.0,1,49,50,180,13107,13107,0,0,0.0,0.0,0.0,0.0,-0.0,67.0,0.0,162057.094,0.0,981,0,1011,0,0,0,955,0,1036,0,931,0,793,0,784,0,822,0,7520,0.032,1.95996655783164e+20,0.0,0.0,784,16797,-0.0,162057.094,-114818.039,-0.0,0.133,6.909358625270745e+28,30.0,70.0,35,0.0,0.0,0.0,0.0,0.0,0.0,0.0,0.0,0.0,0.0,0.0,0.0,0.0,0.0,0.0,0.0,66.4,0,150,71,52,65476,0,300,0,0,8,20529,65476,0,0,44564,70.0,0.0,0.0,0.0,0.0,0.0
2026-09-10T21:16:49,ERR,ERR,ERR,ERR,ERR,ERR,ERR,ERR,ERR,ERR,ERR,ERR,ERR,ERR,ERR,ERR,ERR,ERR,ERR,ERR,ERR,ERR,ERR,ERR,ERR,ERR,ERR,ERR,ERR,ERR,ERR,ERR,ERR,ERR,ERR,ERR,ERR,ERR,ERR,ERR,ERR,ERR,ERR,ERR,ERR,ERR,ERR,ERR,ERR,ERR,ERR,ERR,ERR,ERR,ERR,ERR,ERR,ERR,ERR,ERR,ERR,ERR,ERR,ERR,ERR,ERR,ERR,ERR,ERR,ERR,ERR,ERR,ERR,ERR,ERR,ERR,ERR,ERR,ERR,ERR,ERR,ERR,ERR,ERR,ERR,ERR,ERR,ERR,ERR,ERR,ERR,ERR,ERR,ERR,ERR,ERR,ERR,ERR,ERR,ERR,ERR,ERR,ERR,ERR,ERR,ERR,ERR,ERR,ERR,ERR,ERR,ERR,ERR,ERR,ERR,ERR,ERR,ERR,ERR,ERR,ERR,ERR,ERR,ERR,ERR,0.0,0.0,2.6474835549302285e+23,0.0,0.0,1.3936040501711995e+18,7.805,0.0,0,0,4,0,7116,0.0,100,0.0,0.0,0.0,0.0,0.0,0,0,0,0,0.0,0,0,0,0,0,0,0,0,0,0,0,0,0,0,0,0,0,0,0,0,0,0,0,0,0,0,0,0,0,0,0,0,0,31,40,40,71,65476,0,300,0,0,8,21553,0.0,-107605600.0,0.0,0.0,0.0,0.0,0.0,0.0,0.0,0.0,0.0,0.0,0.0,0.0,0.0,0.0,0.0,0.0,0.0,0.0,0.0,0.0,-2.004,2.004,2.004,0.0,0.0,0.0,0.0,0.0,4468.0,-2.004,6936.0,0.0,0.0,0.0,-107615296.0,0.0,0.0,0.0,0.0,69,-4.0668816144241325e+29,-3.221994650676375e+26,0.0,0.0,0.0,0.0,0.0,0.0,0.0,0,0,0,0.0,0.0,0.0,0.0,0.0,0.0,0.0,0.0,0.0,0.0,0.0,0.0,0.0,0.0,0.0,0.0,0,-107875648.0,69,0.0,138,0.0,-109183328.0,0,0,17087,13107,17103,13107,17082,0,0,0,70,68,100,-0.0,82.4,-107615456.0,78.3,-0.0,79.0,1,49,50,180,13107,13107,0,0,0.0,0.0,0.0,0.0,-0.0,67.0,0.0,162057.094,0.0,981,0,1011,0,0,0,955,0,1036,0,931,0,793,0,784,0,822,0,7520,0.032,1.95996655783164e+20,0.0,0.0,784,16797,-0.0,162057.094,-114818.039,-0.0,0.133,6.909358625270745e+28,30.0,70.0,35,0.0,0.0,0.0,0.0,0.0,0.0,0.0,0.0,0.0,0.0,0.0,0.0,0.0,0.0,0.0,0.0,66.4,0,150,71,52,65476,0,300,0,0,8,20529,65476,0,0,44564,70.0,0.0,0.0,0.0,0.0,0.0
2026-09-10T21:16:50,ERR,ERR,ERR,ERR,ERR,ERR,ERR,ERR,ERR,ERR,ERR,ERR,ERR,ERR,ERR,ERR,ERR,ERR,ERR,ERR,ERR,ERR,ERR,ERR,ERR,ERR,ERR,ERR,ERR,ERR,ERR,ERR,ERR,ERR,ERR,ERR,ERR,ERR,ERR,ERR,ERR,ERR,ERR,ERR,ERR,ERR,ERR,ERR,ERR,ERR,ERR,ERR,ERR,ERR,ERR,ERR,ERR,ERR,ERR,ERR,ERR,ERR,ERR,ERR,ERR,ERR,ERR,ERR,ERR,ERR,ERR,ERR,ERR,ERR,ERR,ERR,ERR,ERR,ERR,ERR,ERR,ERR,ERR,ERR,ERR,ERR,ERR,ERR,ERR,ERR,ERR,ERR,ERR,ERR,ERR,ERR,ERR,ERR,ERR,ERR,ERR,ERR,ERR,ERR,ERR,ERR,ERR,ERR,ERR,ERR,ERR,ERR,ERR,ERR,ERR,ERR,ERR,ERR,ERR,ERR,ERR,ERR,ERR,ERR,ERR,0.0,0.0,2.6474835549302285e+23,0.0,0.0,1.3936040501711995e+18,7.805,0.0,0,0,4,0,7116,0.0,100,0.0,0.0,0.0,0.0,0.0,0,0,0,0,0.0,0,0,0,0,0,0,0,0,0,0,0,0,0,0,0,0,0,0,0,0,0,0,0,0,0,0,0,0,0,0,0,0,0,31,40,40,71,65476,0,300,0,0,8,21553,0.0,-107605600.0,0.0,0.0,0.0,0.0,0.0,0.0,0.0,0.0,0.0,0.0,0.0,0.0,0.0,0.0,0.0,0.0,0.0,0.0,0.0,0.0,-2.004,2.004,2.004,0.0,0.0,0.0,0.0,0.0,4468.0,-2.004,6936.0,0.0,0.0,0.0,-107615296.0,0.0,0.0,0.0,0.0,69,-4.0668816144241325e+29,-3.221994650676375e+26,0.0,0.0,0.0,0.0,0.0,0.0,0.0,0,0,0,0.0,0.0,0.0,0.0,0.0,0.0,0.0,0.0,0.0,0.0,0.0,0.0,0.0,0.0,0.0,0.0,0,-107875648.0,69,0.0,138,0.0,-109183328.0,0,0,17087,13107,17103,13107,17082,0,0,0,70,68,100,-0.0,82.4,-107615456.0,78.3,-0.0,79.0,1,49,50,180,13107,13107,0,0,0.0,0.0,0.0,0.0,-0.0,67.0,0.0,162057.094,0.0,981,0,1011,0,0,0,955,0,1036,0,931,0,793,0,784,0,822,0,7520,0.032,1.95996655783164e+20,0.0,0.0,784,16797,-0.0,162057.094,-114818.039,-0.0,0.133,6.909358625270745e+28,30.0,70.0,35,0.0,0.0,0.0,0.0,0.0,0.0,0.0,0.0,0.0,0.0,0.0,0.0,0.0,0.0,0.0,0.0,66.4,0,150,71,52,65476,0,300,0,0,8,20529,65476,0,0,44564,70.0,0.0,0.0,0.0,0.0,0.0
2026-09-10T21:16:51,ERR,ERR,ERR,ERR,ERR,ERR,ERR,ERR,ERR,ERR,ERR,ERR,ERR,ERR,ERR,ERR,ERR,ERR,ERR,ERR,ERR,ERR,ERR,ERR,ERR,ERR,ERR,ERR,ERR,ERR,ERR,ERR,ERR,ERR,ERR,ERR,ERR,ERR,ERR,ERR,ERR,ERR,ERR,ERR,ERR,ERR,ERR,ERR,ERR,ERR,ERR,ERR,ERR,ERR,ERR,ERR,ERR,ERR,ERR,ERR,ERR,ERR,ERR,ERR,ERR,ERR,ERR,ERR,ERR,ERR,ERR,ERR,ERR,ERR,ERR,ERR,ERR,ERR,ERR,ERR,ERR,ERR,ERR,ERR,ERR,ERR,ERR,ERR,ERR,ERR,ERR,ERR,ERR,ERR,ERR,ERR,ERR,ERR,ERR,ERR,ERR,ERR,ERR,ERR,ERR,ERR,ERR,ERR,ERR,ERR,ERR,ERR,ERR,ERR,ERR,ERR,ERR,ERR,ERR,ERR,ERR,ERR,ERR,ERR,ERR,0.0,0.0,2.6474835549302285e+23,0.0,0.0,1.3936040501711995e+18,7.805,0.0,0,0,4,0,7116,0.0,100,0.0,0.0,0.0,0.0,0.0,0,0,0,0,0.0,0,0,0,0,0,0,0,0,0,0,0,0,0,0,0,0,0,0,0,0,0,0,0,0,0,0,0,0,0,0,0,0,0,31,40,40,71,65476,0,300,0,0,8,21553,0.0,-107605600.0,0.0,0.0,0.0,0.0,0.0,0.0,0.0,0.0,0.0,0.0,0.0,0.0,0.0,0.0,0.0,0.0,0.0,0.0,0.0,0.0,-2.004,2.004,2.004,0.0,0.0,0.0,0.0,0.0,4476.0,-0.0,6933.0,0.0,0.0,0.0,-107615296.0,0.0,0.0,0.0,0.0,69,0.0,-71.629,0.0,0.0,0.0,0.0,0.0,0.0,0.0,0,0,0,0.0,0.0,0.0,0.0,0.0,0.0,0.0,0.0,0.0,0.0,0.0,0.0,0.0,0.0,0.0,0.0,0,-107875648.0,69,0.0,138,0.0,-109183328.0,0,0,17087,13107,17103,13107,17082,0,0,0,70,68,100,2.7302399002429377e+23,82.4,-107615456.0,78.2,-0.0,79.0,1,49,50,180,13107,13107,0,0,0.0,0.0,0.0,0.0,-0.0,67.0,0.0,162057.094,0.0,981,0,1011,0,0,0,955,0,1036,0,931,0,792,0,784,0,823,0,7520,0.032,1.9484373427855714e+20,0.0,0.0,784,16797,-0.0,162057.094,-114818.039,-0.0,0.133,6.909358625270745e+28,30.0,70.0,35,0.0,0.0,0.0,0.0,0.0,0.0,0.0,0.0,0.0,0.0,0.0,0.0,0.0,0.0,0.0,0.0,66.0,0,150,71,52,65476,0,300,0,0,8,20529,65476,0,0,44564,70.0,0.0,0.0,0.0,0.0,0.0
2026-09-10T21:16:52,ERR,ERR,ERR,ERR,ERR,ERR,ERR,ERR,ERR,ERR,ERR,ERR,ERR,ERR,ERR,ERR,ERR,ERR,ERR,ERR,ERR,ERR,ERR,ERR,ERR,ERR,ERR,ERR,ERR,ERR,ERR,ERR,ERR,ERR,ERR,ERR,ERR,ERR,ERR,ERR,ERR,ERR,ERR,ERR,ERR,ERR,ERR,ERR,ERR,ERR,ERR,ERR,ERR,ERR,ERR,ERR,ERR,ERR,ERR,ERR,ERR,ERR,ERR,ERR,ERR,ERR,ERR,ERR,ERR,ERR,ERR,ERR,ERR,ERR,ERR,ERR,ERR,ERR,ERR,ERR,ERR,ERR,ERR,ERR,ERR,ERR,ERR,ERR,ERR,ERR,ERR,ERR,ERR,ERR,ERR,ERR,ERR,ERR,ERR,ERR,ERR,ERR,ERR,ERR,ERR,ERR,ERR,ERR,ERR,ERR,ERR,ERR,ERR,ERR,ERR,ERR,ERR,ERR,ERR,ERR,ERR,ERR,ERR,ERR,ERR,0.0,0.0,2.6474835549302285e+23,0.0,0.0,1.3936040501711995e+18,7.805,0.0,0,0,4,0,7116,0.0,100,0.0,0.0,0.0,0.0,0.0,0,0,0,0,0.0,0,0,0,0,0,0,0,0,0,0,0,0,0,0,0,0,0,0,0,0,0,0,0,0,0,0,0,0,0,0,0,0,0,31,40,40,71,65476,0,300,0,0,8,21553,0.0,-107605600.0,0.0,0.0,0.0,0.0,0.0,0.0,0.0,0.0,0.0,0.0,0.0,0.0,0.0,0.0,0.0,0.0,0.0,0.0,0.0,0.0,-2.004,2.004,2.004,0.0,0.0,0.0,0.0,0.0,4476.0,-0.0,6933.0,0.0,0.0,0.0,-107615296.0,0.0,0.0,0.0,0.0,69,0.0,-71.629,0.0,0.0,0.0,0.0,0.0,0.0,0.0,0,0,0,0.0,0.0,0.0,0.0,0.0,0.0,0.0,0.0,0.0,0.0,0.0,0.0,0.0,0.0,0.0,0.0,0,-107875648.0,69,0.0,138,0.0,-109183328.0,0,0,17087,13107,17103,13107,17082,0,0,0,70,68,100,2.7302399002429377e+23,82.4,-107615456.0,78.2,-0.0,79.0,1,49,50,180,13107,13107,0,0,0.0,0.0,0.0,0.0,-0.0,67.0,0.0,162057.094,0.0,981,0,1011,0,0,0,955,0,1036,0,931,0,792,0,784,0,823,0,7520,0.032,1.9484373427855714e+20,0.0,0.0,784,16797,-0.0,162057.094,-114818.039,-0.0,0.133,6.909358625270745e+28,30.0,70.0,35,0.0,0.0,0.0,0.0,0.0,0.0,0.0,0.0,0.0,0.0,0.0,0.0,0.0,0.0,0.0,0.0,66.0,0,150,71,52,65476,0,300,0,0,8,20529,65476,0,0,44564,70.0,0.0,0.0,0.0,0.0,0.0
2026-09-10T21:16:53,ERR,ERR,ERR,ERR,ERR,ERR,ERR,ERR,ERR,ERR,ERR,ERR,ERR,ERR,ERR,ERR,ERR,ERR,ERR,ERR,ERR,ERR,ERR,ERR,ERR,ERR,ERR,ERR,ERR,ERR,ERR,ERR,ERR,ERR,ERR,ERR,ERR,ERR,ERR,ERR,ERR,ERR,ERR,ERR,ERR,ERR,ERR,ERR,ERR,ERR,ERR,ERR,ERR,ERR,ERR,ERR,ERR,ERR,ERR,ERR,ERR,ERR,ERR,ERR,ERR,ERR,ERR,ERR,ERR,ERR,ERR,ERR,ERR,ERR,ERR,ERR,ERR,ERR,ERR,ERR,ERR,ERR,ERR,ERR,ERR,ERR,ERR,ERR,ERR,ERR,ERR,ERR,ERR,ERR,ERR,ERR,ERR,ERR,ERR,ERR,ERR,ERR,ERR,ERR,ERR,ERR,ERR,ERR,ERR,ERR,ERR,ERR,ERR,ERR,ERR,ERR,ERR,ERR,ERR,ERR,ERR,ERR,ERR,ERR,ERR,0.0,0.0,2.6474835549302285e+23,0.0,0.0,1.3936040501711995e+18,7.805,0.0,0,0,4,0,7116,0.0,100,0.0,0.0,0.0,0.0,0.0,0,0,0,0,0.0,0,0,0,0,0,0,0,0,0,0,0,0,0,0,0,0,0,0,0,0,0,0,0,0,0,0,0,0,0,0,0,0,0,31,40,40,71,65476,0,300,0,0,8,21553,0.0,-107605600.0,0.0,0.0,0.0,0.0,0.0,0.0,0.0,0.0,0.0,0.0,0.0,0.0,0.0,0.0,0.0,0.0,0.0,0.0,0.0,0.0,-2.004,2.004,2.004,0.0,0.0,0.0,0.0,0.0,4476.0,-0.0,6933.0,0.0,0.0,0.0,-107615296.0,0.0,0.0,0.0,0.0,69,0.0,-71.629,0.0,0.0,0.0,0.0,0.0,0.0,0.0,0,0,0,0.0,0.0,0.0,0.0,0.0,0.0,0.0,0.0,0.0,0.0,0.0,0.0,0.0,0.0,0.0,0.0,0,-107875648.0,69,0.0,138,0.0,-109183328.0,0,0,17087,13107,17103,13107,17082,0,0,0,70,68,100,2.7302399002429377e+23,82.4,-107615456.0,78.2,-0.0,79.0,1,49,50,180,13107,13107,0,0,0.0,0.0,0.0,0.0,-0.0,67.0,0.0,162057.094,0.0,981,0,1011,0,0,0,955,0,1036,0,931,0,792,0,784,0,823,0,7520,0.032,1.9484373427855714e+20,0.0,0.0,784,16797,-0.0,162057.094,-114818.039,-0.0,0.133,6.909358625270745e+28,30.0,70.0,35,0.0,0.0,0.0,0.0,0.0,0.0,0.0,0.0,0.0,0.0,0.0,0.0,0.0,0.0,0.0,0.0,66.0,0,150,71,52,65476,0,300,0,0,8,20529,65476,0,0,44564,70.0,0.0,0.0,0.0,0.0,0.0
2026-09-10T21:16:54,ERR,ERR,ERR,ERR,ERR,ERR,ERR,ERR,ERR,ERR,ERR,ERR,ERR,ERR,ERR,ERR,ERR,ERR,ERR,ERR,ERR,ERR,ERR,ERR,ERR,ERR,ERR,ERR,ERR,ERR,ERR,ERR,ERR,ERR,ERR,ERR,ERR,ERR,ERR,ERR,ERR,ERR,ERR,ERR,ERR,ERR,ERR,ERR,ERR,ERR,ERR,ERR,ERR,ERR,ERR,ERR,ERR,ERR,ERR,ERR,ERR,ERR,ERR,ERR,ERR,ERR,ERR,ERR,ERR,ERR,ERR,ERR,ERR,ERR,ERR,ERR,ERR,ERR,ERR,ERR,ERR,ERR,ERR,ERR,ERR,ERR,ERR,ERR,ERR,ERR,ERR,ERR,ERR,ERR,ERR,ERR,ERR,ERR,ERR,ERR,ERR,ERR,ERR,ERR,ERR,ERR,ERR,ERR,ERR,ERR,ERR,ERR,ERR,ERR,ERR,ERR,ERR,ERR,ERR,ERR,ERR,ERR,ERR,ERR,ERR,0.0,0.0,2.6474835549302285e+23,0.0,0.0,1.3936040501711995e+18,7.805,0.0,0,0,4,0,7116,0.0,100,0.0,0.0,0.0,0.0,0.0,0,0,0,0,0.0,0,0,0,0,0,0,0,0,0,0,0,0,0,0,0,0,0,0,0,0,0,0,0,0,0,0,0,0,0,0,0,0,0,31,40,40,71,65476,0,300,0,0,8,21553,0.0,-107605600.0,0.0,0.0,0.0,0.0,0.0,0.0,0.0,0.0,0.0,0.0,0.0,0.0,0.0,0.0,0.0,0.0,0.0,0.0,0.0,0.0,-2.004,2.004,2.004,0.0,0.0,0.0,0.0,0.0,4476.0,-0.0,6933.0,0.0,0.0,0.0,-107615296.0,0.0,0.0,0.0,0.0,69,0.0,-71.629,0.0,0.0,0.0,0.0,0.0,0.0,0.0,0,0,0,0.0,0.0,0.0,0.0,0.0,0.0,0.0,0.0,0.0,0.0,0.0,0.0,0.0,0.0,0.0,0.0,0,-107875648.0,69,0.0,138,0.0,-109183328.0,0,0,17087,13107,17103,13107,17082,0,0,0,70,68,100,2.7302399002429377e+23,82.4,-107615456.0,78.2,-0.0,79.0,1,49,50,180,13107,13107,0,0,0.0,0.0,0.0,0.0,-0.0,67.0,0.0,162057.094,0.0,981,0,1011,0,0,0,955,0,1036,0,931,0,792,0,784,0,823,0,7520,0.032,1.9484373427855714e+20,0.0,0.0,784,16797,-0.0,162057.094,-114818.039,-0.0,0.133,6.909358625270745e+28,30.0,70.0,35,0.0,0.0,0.0,0.0,0.0,0.0,0.0,0.0,0.0,0.0,0.0,0.0,0.0,0.0,0.0,0.0,66.0,0,150,71,52,65476,0,300,0,0,8,20529,65476,0,0,44564,70.0,0.0,0.0,0.0,0.0,0.0
2026-09-10T21:16:55,ERR,ERR,ERR,ERR,ERR,ERR,ERR,ERR,ERR,ERR,ERR,ERR,ERR,ERR,ERR,ERR,ERR,ERR,ERR,ERR,ERR,ERR,ERR,ERR,ERR,ERR,ERR,ERR,ERR,ERR,ERR,ERR,ERR,ERR,ERR,ERR,ERR,ERR,ERR,ERR,ERR,ERR,ERR,ERR,ERR,ERR,ERR,ERR,ERR,ERR,ERR,ERR,ERR,ERR,ERR,ERR,ERR,ERR,ERR,ERR,ERR,ERR,ERR,ERR,ERR,ERR,ERR,ERR,ERR,ERR,ERR,ERR,ERR,ERR,ERR,ERR,ERR,ERR,ERR,ERR,ERR,ERR,ERR,ERR,ERR,ERR,ERR,ERR,ERR,ERR,ERR,ERR,ERR,ERR,ERR,ERR,ERR,ERR,ERR,ERR,ERR,ERR,ERR,ERR,ERR,ERR,ERR,ERR,ERR,ERR,ERR,ERR,ERR,ERR,ERR,ERR,ERR,ERR,ERR,ERR,ERR,ERR,ERR,ERR,ERR,0.0,0.0,2.6474835549302285e+23,0.0,0.0,1.3936040501711995e+18,7.805,0.0,0,0,4,0,7116,0.0,100,0.0,0.0,0.0,0.0,0.0,0,0,0,0,0.0,0,0,0,0,0,0,0,0,0,0,0,0,0,0,0,0,0,0,0,0,0,0,0,0,0,0,0,0,0,0,0,0,0,31,40,40,71,65476,0,300,0,0,8,21553,0.0,-107605600.0,0.0,0.0,0.0,0.0,0.0,0.0,0.0,0.0,0.0,0.0,0.0,0.0,0.0,0.0,0.0,0.0,0.0,0.0,0.0,0.0,-2.004,2.004,2.004,0.0,0.0,0.0,0.0,0.0,4476.0,-0.0,6933.0,0.0,0.0,0.0,-107615296.0,0.0,0.0,0.0,0.0,69,0.0,-71.629,0.0,0.0,0.0,0.0,0.0,0.0,0.0,0,0,0,0.0,0.0,0.0,0.0,0.0,0.0,0.0,0.0,0.0,0.0,0.0,0.0,0.0,0.0,0.0,0.0,0,-107875648.0,69,0.0,138,0.0,-109183328.0,0,0,17087,13107,17103,13107,17082,0,0,0,70,68,100,2.7302399002429377e+23,82.4,-107615456.0,78.2,-0.0,79.0,1,49,50,180,13107,13107,0,0,0.0,0.0,0.0,0.0,-0.0,67.0,0.0,162057.094,0.0,981,0,1011,0,0,0,955,0,1036,0,931,0,792,0,784,0,823,0,7520,0.032,1.9484373427855714e+20,0.0,0.0,784,16797,-0.0,162057.094,-114818.039,-0.0,0.133,6.909358625270745e+28,30.0,70.0,35,0.0,0.0,0.0,0.0,0.0,0.0,0.0,0.0,0.0,0.0,0.0,0.0,0.0,0.0,0.0,0.0,66.0,0,150,71,52,65476,0,300,0,0,8,20529,65476,0,0,44564,70.0,0.0,0.0,0.0,0.0,0.0
2026-09-10T21:16:56,ERR,ERR,ERR,ERR,ERR,ERR,ERR,ERR,ERR,ERR,ERR,ERR,ERR,ERR,ERR,ERR,ERR,ERR,ERR,ERR,ERR,ERR,ERR,ERR,ERR,ERR,ERR,ERR,ERR,ERR,ERR,ERR,ERR,ERR,ERR,ERR,ERR,ERR,ERR,ERR,ERR,ERR,ERR,ERR,ERR,ERR,ERR,ERR,ERR,ERR,ERR,ERR,ERR,ERR,ERR,ERR,ERR,ERR,ERR,ERR,ERR,ERR,ERR,ERR,ERR,ERR,ERR,ERR,ERR,ERR,ERR,ERR,ERR,ERR,ERR,ERR,ERR,ERR,ERR,ERR,ERR,ERR,ERR,ERR,ERR,ERR,ERR,ERR,ERR,ERR,ERR,ERR,ERR,ERR,ERR,ERR,ERR,ERR,ERR,ERR,ERR,ERR,ERR,ERR,ERR,ERR,ERR,ERR,ERR,ERR,ERR,ERR,ERR,ERR,ERR,ERR,ERR,ERR,ERR,ERR,ERR,ERR,ERR,ERR,ERR,0.0,0.0,2.6474835549302285e+23,0.0,0.0,1.3936040501711995e+18,7.805,0.0,0,0,4,0,7116,0.0,100,0.0,0.0,0.0,0.0,0.0,0,0,0,0,0.0,0,0,0,0,0,0,0,0,0,0,0,0,0,0,0,0,0,0,0,0,0,0,0,0,0,0,0,0,0,0,0,0,0,31,40,40,71,65476,0,300,0,0,8,21553,0.0,-107605600.0,0.0,0.0,0.0,0.0,0.0,0.0,0.0,0.0,0.0,0.0,0.0,0.0,0.0,0.0,0.0,0.0,0.0,0.0,0.0,0.0,-2.004,2.004,2.004,0.0,0.0,0.0,0.0,0.0,4476.0,-0.0,6933.0,0.0,0.0,0.0,-107615296.0,0.0,0.0,0.0,0.0,69,0.0,-71.629,0.0,0.0,0.0,0.0,0.0,0.0,0.0,0,0,0,0.0,0.0,0.0,0.0,0.0,0.0,0.0,0.0,0.0,0.0,0.0,0.0,0.0,0.0,0.0,0.0,0,-107875648.0,69,0.0,138,0.0,-109183328.0,0,0,17087,13107,17103,13107,17082,0,0,0,70,68,100,2.7302399002429377e+23,82.4,-107615456.0,78.2,-0.0,79.0,1,49,50,180,13107,13107,0,0,0.0,0.0,0.0,0.0,-0.0,67.0,0.0,162057.094,0.0,981,0,1011,0,0,0,955,0,1036,0,931,0,792,0,784,0,823,0,7520,0.032,1.9484373427855714e+20,0.0,0.0,784,16797,-0.0,162057.094,-114818.039,-0.0,0.133,6.909358625270745e+28,30.0,70.0,35,0.0,0.0,0.0,0.0,0.0,0.0,0.0,0.0,0.0,0.0,0.0,0.0,0.0,0.0,0.0,0.0,66.0,0,150,71,52,65476,0,300,0,0,8,20529,65476,0,0,44564,70.0,0.0,0.0,0.0,0.0,0.0
2026-09-10T21:16:57,ERR,ERR,ERR,ERR,ERR,ERR,ERR,ERR,ERR,ERR,ERR,ERR,ERR,ERR,ERR,ERR,ERR,ERR,ERR,ERR,ERR,ERR,ERR,ERR,ERR,ERR,ERR,ERR,ERR,ERR,ERR,ERR,ERR,ERR,ERR,ERR,ERR,ERR,ERR,ERR,ERR,ERR,ERR,ERR,ERR,ERR,ERR,ERR,ERR,ERR,ERR,ERR,ERR,ERR,ERR,ERR,ERR,ERR,ERR,ERR,ERR,ERR,ERR,ERR,ERR,ERR,ERR,ERR,ERR,ERR,ERR,ERR,ERR,ERR,ERR,ERR,ERR,ERR,ERR,ERR,ERR,ERR,ERR,ERR,ERR,ERR,ERR,ERR,ERR,ERR,ERR,ERR,ERR,ERR,ERR,ERR,ERR,ERR,ERR,ERR,ERR,ERR,ERR,ERR,ERR,ERR,ERR,ERR,ERR,ERR,ERR,ERR,ERR,ERR,ERR,ERR,ERR,ERR,ERR,ERR,ERR,ERR,ERR,ERR,ERR,0.0,0.0,2.6474835549302285e+23,0.0,0.0,1.3936040501711995e+18,7.805,0.0,0,0,4,0,7116,0.0,100,0.0,0.0,0.0,0.0,0.0,0,0,0,0,0.0,0,0,0,0,0,0,0,0,0,0,0,0,0,0,0,0,0,0,0,0,0,0,0,0,0,0,0,0,0,0,0,0,0,31,40,40,71,65476,0,300,0,0,8,21553,0.0,-107605600.0,0.0,0.0,0.0,0.0,0.0,0.0,0.0,0.0,0.0,0.0,0.0,0.0,0.0,0.0,0.0,0.0,0.0,0.0,0.0,0.0,-2.004,2.004,2.004,0.0,0.0,0.0,0.0,0.0,4476.0,-0.0,6933.0,0.0,0.0,0.0,-107615296.0,0.0,0.0,0.0,0.0,69,0.0,-71.629,0.0,0.0,0.0,0.0,0.0,0.0,0.0,0,0,0,0.0,0.0,0.0,0.0,0.0,0.0,0.0,0.0,0.0,0.0,0.0,0.0,0.0,0.0,0.0,0.0,0,-107875648.0,69,0.0,138,0.0,-109183328.0,0,0,17087,13107,17103,13107,17082,0,0,0,70,68,100,2.7302399002429377e+23,82.4,-107615456.0,78.3,-0.0,79.0,1,49,50,180,13107,13107,0,0,0.0,0.0,0.0,0.0,-0.0,67.0,0.0,162057.094,0.0,981,0,1011,0,0,0,955,0,1036,0,931,0,793,0,784,0,823,0,7520,0.032,1.95996655783164e+20,0.0,0.0,784,16797,-0.0,162057.094,-114818.039,-0.0,0.133,6.909358625270745e+28,30.0,70.0,35,0.0,0.0,0.0,0.0,0.0,0.0,0.0,0.0,0.0,0.0,0.0,0.0,0.0,0.0,0.0,0.0,66.0,0,150,71,52,65476,0,300,0,0,8,20529,65476,0,0,44564,70.0,0.0,0.0,0.0,0.0,0.0
2026-09-10T21:16:58,ERR,ERR,ERR,ERR,ERR,ERR,ERR,ERR,ERR,ERR,ERR,ERR,ERR,ERR,ERR,ERR,ERR,ERR,ERR,ERR,ERR,ERR,ERR,ERR,ERR,ERR,ERR,ERR,ERR,ERR,ERR,ERR,ERR,ERR,ERR,ERR,ERR,ERR,ERR,ERR,ERR,ERR,ERR,ERR,ERR,ERR,ERR,ERR,ERR,ERR,ERR,ERR,ERR,ERR,ERR,ERR,ERR,ERR,ERR,ERR,ERR,ERR,ERR,ERR,ERR,ERR,ERR,ERR,ERR,ERR,ERR,ERR,ERR,ERR,ERR,ERR,ERR,ERR,ERR,ERR,ERR,ERR,ERR,ERR,ERR,ERR,ERR,ERR,ERR,ERR,ERR,ERR,ERR,ERR,ERR,ERR,ERR,ERR,ERR,ERR,ERR,ERR,ERR,ERR,ERR,ERR,ERR,ERR,ERR,ERR,ERR,ERR,ERR,ERR,ERR,ERR,ERR,ERR,ERR,ERR,ERR,ERR,ERR,ERR,ERR,0.0,0.0,2.6474835549302285e+23,0.0,0.0,1.3936040501711995e+18,7.805,0.0,0,0,4,0,7116,0.0,100,0.0,0.0,0.0,0.0,0.0,0,0,0,0,0.0,0,0,0,0,0,0,0,0,0,0,0,0,0,0,0,0,0,0,0,0,0,0,0,0,0,0,0,0,0,0,0,0,0,31,40,40,71,65476,0,300,0,0,8,21553,0.0,-107605600.0,0.0,0.0,0.0,0.0,0.0,0.0,0.0,0.0,0.0,0.0,0.0,0.0,0.0,0.0,0.0,0.0,0.0,0.0,0.0,0.0,-2.004,2.004,2.004,0.0,0.0,0.0,0.0,0.0,4476.0,-0.0,6933.0,0.0,0.0,0.0,-107615296.0,0.0,0.0,0.0,0.0,69,0.0,-71.629,0.0,0.0,0.0,0.0,0.0,0.0,0.0,0,0,0,0.0,0.0,0.0,0.0,0.0,0.0,0.0,0.0,0.0,0.0,0.0,0.0,0.0,0.0,0.0,0.0,0,-107875648.0,69,0.0,138,0.0,-109183328.0,0,0,17087,13107,17103,13107,17082,0,0,0,70,68,100,2.7302399002429377e+23,82.4,-107615456.0,78.3,-0.0,79.0,1,49,50,180,13107,13107,0,0,0.0,0.0,0.0,0.0,-0.0,67.0,0.0,162057.094,0.0,981,0,1011,0,0,0,955,0,1036,0,931,0,793,0,784,0,823,0,7520,0.032,1.95996655783164e+20,0.0,0.0,784,16797,-0.0,162057.094,-114818.039,-0.0,0.133,6.909358625270745e+28,30.0,70.0,35,0.0,0.0,0.0,0.0,0.0,0.0,0.0,0.0,0.0,0.0,0.0,0.0,0.0,0.0,0.0,0.0,66.0,0,150,71,52,65476,0,300,0,0,8,20529,65476,0,0,44564,70.0,0.0,0.0,0.0,0.0,0.0
2026-09-10T21:16:59,ERR,ERR,ERR,ERR,ERR,ERR,ERR,ERR,ERR,ERR,ERR,ERR,ERR,ERR,ERR,ERR,ERR,ERR,ERR,ERR,ERR,ERR,ERR,ERR,ERR,ERR,ERR,ERR,ERR,ERR,ERR,ERR,ERR,ERR,ERR,ERR,ERR,ERR,ERR,ERR,ERR,ERR,ERR,ERR,ERR,ERR,ERR,ERR,ERR,ERR,ERR,ERR,ERR,ERR,ERR,ERR,ERR,ERR,ERR,ERR,ERR,ERR,ERR,ERR,ERR,ERR,ERR,ERR,ERR,ERR,ERR,ERR,ERR,ERR,ERR,ERR,ERR,ERR,ERR,ERR,ERR,ERR,ERR,ERR,ERR,ERR,ERR,ERR,ERR,ERR,ERR,ERR,ERR,ERR,ERR,ERR,ERR,ERR,ERR,ERR,ERR,ERR,ERR,ERR,ERR,ERR,ERR,ERR,ERR,ERR,ERR,ERR,ERR,ERR,ERR,ERR,ERR,ERR,ERR,ERR,ERR,ERR,ERR,ERR,ERR,0.0,0.0,2.6474835549302285e+23,0.0,0.0,1.3936040501711995e+18,7.805,0.0,0,0,4,0,7116,0.0,100,0.0,0.0,0.0,0.0,0.0,0,0,0,0,0.0,0,0,0,0,0,0,0,0,0,0,0,0,0,0,0,0,0,0,0,0,0,0,0,0,0,0,0,0,0,0,0,0,0,31,40,40,71,65476,0,300,0,0,8,21553,0.0,-107605600.0,0.0,0.0,0.0,0.0,0.0,0.0,0.0,0.0,0.0,0.0,0.0,0.0,0.0,0.0,0.0,0.0,0.0,0.0,0.0,0.0,-2.004,2.004,2.004,0.0,0.0,0.0,0.0,0.0,4463.0,-0.0,6933.0,0.0,0.0,0.0,-107615296.0,0.0,0.0,0.0,0.0,69,-4.0668816144241325e+29,-71.629,0.0,0.0,0.0,0.0,0.0,0.0,0.0,0,0,0,0.0,0.0,0.0,0.0,0.0,0.0,0.0,0.0,0.0,0.0,0.0,0.0,0.0,0.0,0.0,0.0,0,-107875648.0,69,0.0,138,0.0,-109183328.0,0,0,17087,13107,17103,13107,17082,0,0,0,70,68,100,2.7302399002429377e+23,82.4,-107615456.0,78.3,-0.0,79.0,1,49,50,180,13107,13107,0,0,0.0,0.0,0.0,0.0,-0.0,67.0,0.0,162057.094,0.0,981,0,1011,0,0,0,955,0,1036,0,931,0,793,0,784,0,823,0,7520,0.032,1.95996655783164e+20,0.0,0.0,784,16797,-0.0,162057.094,-114818.039,-0.0,0.133,6.909358625270745e+28,30.0,70.0,35,0.0,0.0,0.0,0.0,0.0,0.0,0.0,0.0,0.0,0.0,0.0,0.0,0.0,0.0,0.0,0.0,66.0,0,150,71,52,65476,0,300,0,0,8,20529,65476,0,0,44564,70.0,0.0,0.0,0.0,0.0,0.0
2026-09-10T21:17:00,ERR,ERR,ERR,ERR,ERR,ERR,ERR,ERR,ERR,ERR,ERR,ERR,ERR,ERR,ERR,ERR,ERR,ERR,ERR,ERR,ERR,ERR,ERR,ERR,ERR,ERR,ERR,ERR,ERR,ERR,ERR,ERR,ERR,ERR,ERR,ERR,ERR,ERR,ERR,ERR,ERR,ERR,ERR,ERR,ERR,ERR,ERR,ERR,ERR,ERR,ERR,ERR,ERR,ERR,ERR,ERR,ERR,ERR,ERR,ERR,ERR,ERR,ERR,ERR,ERR,ERR,ERR,ERR,ERR,ERR,ERR,ERR,ERR,ERR,ERR,ERR,ERR,ERR,ERR,ERR,ERR,ERR,ERR,ERR,ERR,ERR,ERR,ERR,ERR,ERR,ERR,ERR,ERR,ERR,ERR,ERR,ERR,ERR,ERR,ERR,ERR,ERR,ERR,ERR,ERR,ERR,ERR,ERR,ERR,ERR,ERR,ERR,ERR,ERR,ERR,ERR,ERR,ERR,ERR,ERR,ERR,ERR,ERR,ERR,ERR,0.0,0.0,2.6474835549302285e+23,0.0,0.0,1.3936040501711995e+18,7.805,0.0,0,0,4,0,7116,0.0,100,0.0,0.0,0.0,0.0,0.0,0,0,0,0,0.0,0,0,0,0,0,0,0,0,0,0,0,0,0,0,0,0,0,0,0,0,0,0,0,0,0,0,0,0,0,0,0,0,0,31,40,40,71,65476,0,300,0,0,8,21553,0.0,-107605600.0,0.0,0.0,0.0,0.0,0.0,0.0,0.0,0.0,0.0,0.0,0.0,0.0,0.0,0.0,0.0,0.0,0.0,0.0,0.0,0.0,-2.004,2.004,2.004,0.0,0.0,0.0,0.0,0.0,4463.0,-0.0,6933.0,0.0,0.0,0.0,-107615296.0,0.0,0.0,0.0,0.0,69,-4.0668816144241325e+29,-71.629,0.0,0.0,0.0,0.0,0.0,0.0,0.0,0,0,0,0.0,0.0,0.0,0.0,0.0,0.0,0.0,0.0,0.0,0.0,0.0,0.0,0.0,0.0,0.0,0.0,0,-107875648.0,69,0.0,138,0.0,-109183328.0,0,0,17087,13107,17103,13107,17082,0,0,0,70,68,100,2.7302399002429377e+23,82.4,-107615456.0,78.3,-0.0,79.0,1,49,50,180,13107,13107,0,0,0.0,0.0,0.0,0.0,-0.0,67.0,0.0,162057.094,0.0,981,0,1011,0,0,0,955,0,1036,0,931,0,793,0,784,0,823,0,7520,0.032,1.95996655783164e+20,0.0,0.0,784,16797,-0.0,162057.094,-114818.039,-0.0,0.133,6.909358625270745e+28,30.0,70.0,35,0.0,0.0,0.0,0.0,0.0,0.0,0.0,0.0,0.0,0.0,0.0,0.0,0.0,0.0,0.0,0.0,66.0,0,150,71,52,65476,0,300,0,0,8,20529,65476,0,0,44564,70.0,0.0,0.0,0.0,0.0,0.0
2026-09-10T21:17:01,ERR,ERR,ERR,ERR,ERR,ERR,ERR,ERR,ERR,ERR,ERR,ERR,ERR,ERR,ERR,ERR,ERR,ERR,ERR,ERR,ERR,ERR,ERR,ERR,ERR,ERR,ERR,ERR,ERR,ERR,ERR,ERR,ERR,ERR,ERR,ERR,ERR,ERR,ERR,ERR,ERR,ERR,ERR,ERR,ERR,ERR,ERR,ERR,ERR,ERR,ERR,ERR,ERR,ERR,ERR,ERR,ERR,ERR,ERR,ERR,ERR,ERR,ERR,ERR,ERR,ERR,ERR,ERR,ERR,ERR,ERR,ERR,ERR,ERR,ERR,ERR,ERR,ERR,ERR,ERR,ERR,ERR,ERR,ERR,ERR,ERR,ERR,ERR,ERR,ERR,ERR,ERR,ERR,ERR,ERR,ERR,ERR,ERR,ERR,ERR,ERR,ERR,ERR,ERR,ERR,ERR,ERR,ERR,ERR,ERR,ERR,ERR,ERR,ERR,ERR,ERR,ERR,ERR,ERR,ERR,ERR,ERR,ERR,ERR,ERR,0.0,0.0,2.6474835549302285e+23,0.0,0.0,1.3936040501711995e+18,7.805,0.0,0,0,4,0,7116,0.0,100,0.0,0.0,0.0,0.0,0.0,0,0,0,0,0.0,0,0,0,0,0,0,0,0,0,0,0,0,0,0,0,0,0,0,0,0,0,0,0,0,0,0,0,0,0,0,0,0,0,31,40,40,71,65476,0,300,0,0,8,21553,0.0,-107605600.0,0.0,0.0,0.0,0.0,0.0,0.0,0.0,0.0,0.0,0.0,0.0,0.0,0.0,0.0,0.0,0.0,0.0,0.0,0.0,0.0,-2.004,2.004,2.004,0.0,0.0,0.0,0.0,0.0,4463.0,-0.0,6933.0,0.0,0.0,0.0,-107615296.0,0.0,0.0,0.0,0.0,69,-4.0668816144241325e+29,-71.629,0.0,0.0,0.0,0.0,0.0,0.0,0.0,0,0,0,0.0,0.0,0.0,0.0,0.0,0.0,0.0,0.0,0.0,0.0,0.0,0.0,0.0,0.0,0.0,0.0,0,-107875648.0,69,0.0,138,0.0,-109183328.0,0,0,17087,13107,17103,13107,17082,0,0,0,70,68,100,2.7302399002429377e+23,82.4,-107615456.0,78.3,-0.0,79.0,1,49,50,180,13107,13107,0,0,0.0,0.0,0.0,0.0,-0.0,67.0,0.0,162057.094,0.0,981,0,1011,0,0,0,955,0,1036,0,931,0,793,0,784,0,823,0,7520,0.032,1.95996655783164e+20,0.0,0.0,784,16797,-0.0,162057.094,-114818.039,-0.0,0.133,6.909358625270745e+28,30.0,70.0,35,0.0,0.0,0.0,0.0,0.0,0.0,0.0,0.0,0.0,0.0,0.0,0.0,0.0,0.0,0.0,0.0,66.0,0,150,71,52,65476,0,300,0,0,8,20529,65476,0,0,44564,70.0,0.0,0.0,0.0,0.0,0.0
2026-09-10T21:17:02,ERR,ERR,ERR,ERR,ERR,ERR,ERR,ERR,ERR,ERR,ERR,ERR,ERR,ERR,ERR,ERR,ERR,ERR,ERR,ERR,ERR,ERR,ERR,ERR,ERR,ERR,ERR,ERR,ERR,ERR,ERR,ERR,ERR,ERR,ERR,ERR,ERR,ERR,ERR,ERR,ERR,ERR,ERR,ERR,ERR,ERR,ERR,ERR,ERR,ERR,ERR,ERR,ERR,ERR,ERR,ERR,ERR,ERR,ERR,ERR,ERR,ERR,ERR,ERR,ERR,ERR,ERR,ERR,ERR,ERR,ERR,ERR,ERR,ERR,ERR,ERR,ERR,ERR,ERR,ERR,ERR,ERR,ERR,ERR,ERR,ERR,ERR,ERR,ERR,ERR,ERR,ERR,ERR,ERR,ERR,ERR,ERR,ERR,ERR,ERR,ERR,ERR,ERR,ERR,ERR,ERR,ERR,ERR,ERR,ERR,ERR,ERR,ERR,ERR,ERR,ERR,ERR,ERR,ERR,ERR,ERR,ERR,ERR,ERR,ERR,0.0,0.0,2.6474835549302285e+23,0.0,0.0,1.3936040501711995e+18,7.805,0.0,0,0,4,0,7116,0.0,100,0.0,0.0,0.0,0.0,0.0,0,0,0,0,0.0,0,0,0,0,0,0,0,0,0,0,0,0,0,0,0,0,0,0,0,0,0,0,0,0,0,0,0,0,0,0,0,0,0,31,40,40,71,65476,0,300,0,0,8,21553,0.0,-107605600.0,0.0,0.0,0.0,0.0,0.0,0.0,0.0,0.0,0.0,0.0,0.0,0.0,0.0,0.0,0.0,0.0,0.0,0.0,0.0,0.0,-2.004,2.004,2.004,0.0,0.0,0.0,0.0,0.0,4463.0,-0.0,6933.0,0.0,0.0,0.0,-107615296.0,0.0,0.0,0.0,0.0,69,-4.0668816144241325e+29,-71.629,0.0,0.0,0.0,0.0,0.0,0.0,0.0,0,0,0,0.0,0.0,0.0,0.0,0.0,0.0,0.0,0.0,0.0,0.0,0.0,0.0,0.0,0.0,0.0,0.0,0,-107875648.0,69,0.0,138,0.0,-109183328.0,0,0,17087,13107,17103,13107,17082,0,0,0,70,68,100,-0.0,82.4,-107615456.0,78.3,-0.0,79.0,1,49,50,180,13107,13107,0,0,0.0,0.0,0.0,0.0,-0.0,67.0,0.0,162057.094,0.0,981,0,1011,0,0,0,955,0,1036,0,931,0,793,0,784,0,823,0,7520,0.032,1.9484373427855714e+20,0.0,0.0,784,16797,-0.0,162057.094,-114818.039,-0.0,0.133,6.909358625270745e+28,30.0,70.0,35,0.0,0.0,0.0,0.0,0.0,0.0,0.0,0.0,0.0,0.0,0.0,0.0,0.0,0.0,0.0,0.0,66.0,0,150,71,52,65476,0,300,0,0,8,20529,65476,0,0,44564,70.0,0.0,0.0,0.0,0.0,0.0
2026-09-10T21:17:03,ERR,ERR,ERR,ERR,ERR,ERR,ERR,ERR,ERR,ERR,ERR,ERR,ERR,ERR,ERR,ERR,ERR,ERR,ERR,ERR,ERR,ERR,ERR,ERR,ERR,ERR,ERR,ERR,ERR,ERR,ERR,ERR,ERR,ERR,ERR,ERR,ERR,ERR,ERR,ERR,ERR,ERR,ERR,ERR,ERR,ERR,ERR,ERR,ERR,ERR,ERR,ERR,ERR,ERR,ERR,ERR,ERR,ERR,ERR,ERR,ERR,ERR,ERR,ERR,ERR,ERR,ERR,ERR,ERR,ERR,ERR,ERR,ERR,ERR,ERR,ERR,ERR,ERR,ERR,ERR,ERR,ERR,ERR,ERR,ERR,ERR,ERR,ERR,ERR,ERR,ERR,ERR,ERR,ERR,ERR,ERR,ERR,ERR,ERR,ERR,ERR,ERR,ERR,ERR,ERR,ERR,ERR,ERR,ERR,ERR,ERR,ERR,ERR,ERR,ERR,ERR,ERR,ERR,ERR,ERR,ERR,ERR,ERR,ERR,ERR,0.0,0.0,2.6474835549302285e+23,0.0,0.0,1.3936040501711995e+18,7.805,0.0,0,0,4,0,7116,0.0,100,0.0,0.0,0.0,0.0,0.0,0,0,0,0,0.0,0,0,0,0,0,0,0,0,0,0,0,0,0,0,0,0,0,0,0,0,0,0,0,0,0,0,0,0,0,0,0,0,0,31,40,40,71,65476,0,300,0,0,8,21553,0.0,-107605600.0,0.0,0.0,0.0,0.0,0.0,0.0,0.0,0.0,0.0,0.0,0.0,0.0,0.0,0.0,0.0,0.0,0.0,0.0,0.0,0.0,-2.004,2.004,2.004,0.0,0.0,0.0,0.0,0.0,4463.0,-0.0,6933.0,0.0,0.0,0.0,-107615296.0,0.0,0.0,0.0,0.0,69,-4.0668816144241325e+29,-71.629,0.0,0.0,0.0,0.0,0.0,0.0,0.0,0,0,0,0.0,0.0,0.0,0.0,0.0,0.0,0.0,0.0,0.0,0.0,0.0,0.0,0.0,0.0,0.0,0.0,0,-107875648.0,69,0.0,138,0.0,-109183328.0,0,0,17087,13107,17103,13107,17082,0,0,0,70,68,100,-0.0,82.4,-107615456.0,78.3,-0.0,79.0,1,49,50,180,13107,13107,0,0,0.0,0.0,0.0,0.0,-0.0,67.0,0.0,162057.094,0.0,981,0,1011,0,0,0,955,0,1036,0,931,0,793,0,784,0,823,0,7520,0.032,1.9484373427855714e+20,0.0,0.0,784,16797,-0.0,162057.094,-114818.039,-0.0,0.133,6.909358625270745e+28,30.0,70.0,35,0.0,0.0,0.0,0.0,0.0,0.0,0.0,0.0,0.0,0.0,0.0,0.0,0.0,0.0,0.0,0.0,66.0,0,150,71,52,65476,0,300,0,0,8,20529,65476,0,0,44564,70.0,0.0,0.0,0.0,0.0,0.0
2026-09-10T21:17:04,ERR,ERR,ERR,ERR,ERR,ERR,ERR,ERR,ERR,ERR,ERR,ERR,ERR,ERR,ERR,ERR,ERR,ERR,ERR,ERR,ERR,ERR,ERR,ERR,ERR,ERR,ERR,ERR,ERR,ERR,ERR,ERR,ERR,ERR,ERR,ERR,ERR,ERR,ERR,ERR,ERR,ERR,ERR,ERR,ERR,ERR,ERR,ERR,ERR,ERR,ERR,ERR,ERR,ERR,ERR,ERR,ERR,ERR,ERR,ERR,ERR,ERR,ERR,ERR,ERR,ERR,ERR,ERR,ERR,ERR,ERR,ERR,ERR,ERR,ERR,ERR,ERR,ERR,ERR,ERR,ERR,ERR,ERR,ERR,ERR,ERR,ERR,ERR,ERR,ERR,ERR,ERR,ERR,ERR,ERR,ERR,ERR,ERR,ERR,ERR,ERR,ERR,ERR,ERR,ERR,ERR,ERR,ERR,ERR,ERR,ERR,ERR,ERR,ERR,ERR,ERR,ERR,ERR,ERR,ERR,ERR,ERR,ERR,ERR,ERR,0.0,0.0,2.6474835549302285e+23,0.0,0.0,1.3936040501711995e+18,7.805,0.0,0,0,4,0,7116,0.0,100,0.0,0.0,0.0,0.0,0.0,0,0,0,0,0.0,0,0,0,0,0,0,0,0,0,0,0,0,0,0,0,0,0,0,0,0,0,0,0,0,0,0,0,0,0,0,0,0,0,31,40,40,71,65476,0,300,0,0,8,21553,0.0,-107605600.0,0.0,0.0,0.0,0.0,0.0,0.0,0.0,0.0,0.0,0.0,0.0,0.0,0.0,0.0,0.0,0.0,0.0,0.0,0.0,0.0,-2.004,2.004,2.004,0.0,0.0,0.0,0.0,0.0,4463.0,-0.0,6933.0,0.0,0.0,0.0,-107615296.0,0.0,0.0,0.0,0.0,69,-4.0668816144241325e+29,-71.629,0.0,0.0,0.0,0.0,0.0,0.0,0.0,0,0,0,0.0,0.0,0.0,0.0,0.0,0.0,0.0,0.0,0.0,0.0,0.0,0.0,0.0,0.0,0.0,0.0,0,-107875648.0,69,0.0,138,0.0,-109183328.0,0,0,17087,13107,17103,13107,17082,0,0,0,70,68,100,-0.0,82.4,-107615456.0,78.3,-0.0,79.0,1,49,50,180,13107,13107,0,0,0.0,0.0,0.0,0.0,-0.0,67.0,0.0,162057.094,0.0,981,0,1011,0,0,0,955,0,1036,0,931,0,793,0,784,0,823,0,7520,0.032,1.9484373427855714e+20,0.0,0.0,784,16797,-0.0,162057.094,-114818.039,-0.0,0.133,6.909358625270745e+28,30.0,70.0,35,0.0,0.0,0.0,0.0,0.0,0.0,0.0,0.0,0.0,0.0,0.0,0.0,0.0,0.0,0.0,0.0,66.4,0,150,71,52,65476,0,300,0,0,8,20529,65476,0,0,44564,70.0,0.0,0.0,0.0,0.0,0.0
2026-09-10T21:17:05,ERR,ERR,ERR,ERR,ERR,ERR,ERR,ERR,ERR,ERR,ERR,ERR,ERR,ERR,ERR,ERR,ERR,ERR,ERR,ERR,ERR,ERR,ERR,ERR,ERR,ERR,ERR,ERR,ERR,ERR,ERR,ERR,ERR,ERR,ERR,ERR,ERR,ERR,ERR,ERR,ERR,ERR,ERR,ERR,ERR,ERR,ERR,ERR,ERR,ERR,ERR,ERR,ERR,ERR,ERR,ERR,ERR,ERR,ERR,ERR,ERR,ERR,ERR,ERR,ERR,ERR,ERR,ERR,ERR,ERR,ERR,ERR,ERR,ERR,ERR,ERR,ERR,ERR,ERR,ERR,ERR,ERR,ERR,ERR,ERR,ERR,ERR,ERR,ERR,ERR,ERR,ERR,ERR,ERR,ERR,ERR,ERR,ERR,ERR,ERR,ERR,ERR,ERR,ERR,ERR,ERR,ERR,ERR,ERR,ERR,ERR,ERR,ERR,ERR,ERR,ERR,ERR,ERR,ERR,ERR,ERR,ERR,ERR,ERR,ERR,-107615312.0,0.0,-100794720.0,0.0,0.0,1.3936040501711995e+18,7.805,0.0,0,0,4,0,7116,0.0,100,0.0,0.0,0.0,0.0,0.0,0,0,0,0,0.0,0,0,0,0,0,0,0,0,0,0,0,0,0,0,0,0,0,0,0,0,0,0,0,0,0,0,0,0,0,0,0,0,0,31,40,40,71,65476,0,300,0,0,8,21553,0.0,-107605600.0,0.0,0.0,0.0,0.0,0.0,0.0,0.0,0.0,0.0,0.0,0.0,0.0,0.0,0.0,0.0,0.0,0.0,0.0,0.0,0.0,-2.004,2.004,2.004,-2.004,0.0,0.0,0.0,0.0,4466.0,-0.0,6931.0,0.0,0.0,0.0,-0.0,0.0,0.0,0.0,0.0,69,-2.718430741444032e+23,-0.0,0.0,0.0,0.0,0.0,0.0,0.0,0.0,0,0,0,0.0,0.0,0.0,0.0,0.0,0.0,0.0,0.0,0.0,0.0,0.0,0.0,0.0,0.0,0.0,0.0,0,-107875648.0,69,0.0,138,0.0,-109183328.0,0,0,17087,13107,17103,13107,17082,0,0,0,70,68,100,-0.0,82.4,-107615456.0,78.3,-0.0,79.0,1,49,50,180,13107,13107,0,0,0.0,0.0,0.0,0.0,-0.0,67.0,0.0,162057.094,0.0,981,0,1011,0,0,0,955,0,1036,0,931,0,793,0,784,0,823,0,7520,0.032,1.9484373427855714e+20,0.0,0.0,784,16797,-0.0,162057.094,-114818.039,-0.0,0.133,6.909358625270745e+28,30.0,70.0,35,0.0,0.0,0.0,0.0,0.0,0.0,0.0,0.0,0.0,0.0,0.0,0.0,0.0,0.0,0.0,0.0,66.4,0,150,71,52,65476,0,300,0,0,8,20529,65476,0,0,44564,70.0,0.0,0.0,0.0,0.0,0.0
2026-09-10T21:17:06,ERR,ERR,ERR,ERR,ERR,ERR,ERR,ERR,ERR,ERR,ERR,ERR,ERR,ERR,ERR,ERR,ERR,ERR,ERR,ERR,ERR,ERR,ERR,ERR,ERR,ERR,ERR,ERR,ERR,ERR,ERR,ERR,ERR,ERR,ERR,ERR,ERR,ERR,ERR,ERR,ERR,ERR,ERR,ERR,ERR,ERR,ERR,ERR,ERR,ERR,ERR,ERR,ERR,ERR,ERR,ERR,ERR,ERR,ERR,ERR,ERR,ERR,ERR,ERR,ERR,ERR,ERR,ERR,ERR,ERR,ERR,ERR,ERR,ERR,ERR,ERR,ERR,ERR,ERR,ERR,ERR,ERR,ERR,ERR,ERR,ERR,ERR,ERR,ERR,ERR,ERR,ERR,ERR,ERR,ERR,ERR,ERR,ERR,ERR,ERR,ERR,ERR,ERR,ERR,ERR,ERR,ERR,ERR,ERR,ERR,ERR,ERR,ERR,ERR,ERR,ERR,ERR,ERR,ERR,ERR,ERR,ERR,ERR,ERR,ERR,-107615312.0,0.0,-100794720.0,0.0,0.0,1.3936040501711995e+18,7.805,0.0,0,0,4,0,7116,0.0,100,0.0,0.0,0.0,0.0,0.0,0,0,0,0,0.0,0,0,0,0,0,0,0,0,0,0,0,0,0,0,0,0,0,0,0,0,0,0,0,0,0,0,0,0,0,0,0,0,0,31,40,40,71,65476,0,300,0,0,8,21553,0.0,-107605600.0,0.0,0.0,0.0,0.0,0.0,0.0,0.0,0.0,0.0,0.0,0.0,0.0,0.0,0.0,0.0,0.0,0.0,0.0,0.0,0.0,-2.004,2.004,2.004,-2.004,0.0,0.0,0.0,0.0,4466.0,-0.0,6931.0,0.0,0.0,0.0,-0.0,0.0,0.0,0.0,0.0,69,-2.718430741444032e+23,-0.0,0.0,0.0,0.0,0.0,0.0,0.0,0.0,0,0,0,0.0,0.0,0.0,0.0,0.0,0.0,0.0,0.0,0.0,0.0,0.0,0.0,0.0,0.0,0.0,0.0,0,-107875648.0,69,0.0,138,0.0,-109183328.0,0,0,17087,13107,17103,13107,17082,0,0,0,70,68,100,-0.0,82.4,-107615456.0,78.3,2.7302388193790272e+23,79.0,1,49,50,180,13107,13107,0,0,0.0,0.0,0.0,0.0,-0.0,67.0,0.0,162057.094,0.0,981,0,1011,0,0,0,955,0,1036,0,931,0,792,0,784,0,823,0,7520,0.032,1.95996655783164e+20,0.0,0.0,784,16797,-0.0,162057.094,-114818.039,-0.0,0.133,6.909358625270745e+28,30.0,70.0,35,0.0,0.0,0.0,0.0,0.0,0.0,0.0,0.0,0.0,0.0,0.0,0.0,0.0,0.0,0.0,0.0,66.0,0,150,71,52,65476,0,300,0,0,8,20529,65476,0,0,44564,70.0,0.0,0.0,0.0,0.0,0.0
2026-09-10T21:17:07,ERR,ERR,ERR,ERR,ERR,ERR,ERR,ERR,ERR,ERR,ERR,ERR,ERR,ERR,ERR,ERR,ERR,ERR,ERR,ERR,ERR,ERR,ERR,ERR,ERR,ERR,ERR,ERR,ERR,ERR,ERR,ERR,ERR,ERR,ERR,ERR,ERR,ERR,ERR,ERR,ERR,ERR,ERR,ERR,ERR,ERR,ERR,ERR,ERR,ERR,ERR,ERR,ERR,ERR,ERR,ERR,ERR,ERR,ERR,ERR,ERR,ERR,ERR,ERR,ERR,ERR,ERR,ERR,ERR,ERR,ERR,ERR,ERR,ERR,ERR,ERR,ERR,ERR,ERR,ERR,ERR,ERR,ERR,ERR,ERR,ERR,ERR,ERR,ERR,ERR,ERR,ERR,ERR,ERR,ERR,ERR,ERR,ERR,ERR,ERR,ERR,ERR,ERR,ERR,ERR,ERR,ERR,ERR,ERR,ERR,ERR,ERR,ERR,ERR,ERR,ERR,ERR,ERR,ERR,ERR,ERR,ERR,ERR,ERR,ERR,-107615312.0,0.0,-100794720.0,0.0,0.0,1.3936040501711995e+18,7.805,0.0,0,0,4,0,7116,0.0,100,0.0,0.0,0.0,0.0,0.0,0,0,0,0,0.0,0,0,0,0,0,0,0,0,0,0,0,0,0,0,0,0,0,0,0,0,0,0,0,0,0,0,0,0,0,0,0,0,0,31,40,40,71,65476,0,300,0,0,8,21553,0.0,-107605600.0,0.0,0.0,0.0,0.0,0.0,0.0,0.0,0.0,0.0,0.0,0.0,0.0,0.0,0.0,0.0,0.0,0.0,0.0,0.0,0.0,-2.004,2.004,2.004,-2.004,0.0,0.0,0.0,0.0,4466.0,-0.0,6931.0,0.0,0.0,0.0,-0.0,0.0,0.0,0.0,0.0,69,-2.718430741444032e+23,-0.0,0.0,0.0,0.0,0.0,0.0,0.0,0.0,0,0,0,0.0,0.0,0.0,0.0,0.0,0.0,0.0,0.0,0.0,0.0,0.0,0.0,0.0,0.0,0.0,0.0,0,-107875648.0,69,0.0,138,0.0,-109183328.0,0,0,17087,13107,17103,13107,17082,0,0,0,70,68,100,-0.0,82.4,-107615456.0,78.3,2.7302388193790272e+23,79.0,1,49,50,180,13107,13107,0,0,0.0,0.0,0.0,0.0,-0.0,67.0,0.0,162057.094,0.0,981,0,1011,0,0,0,955,0,1036,0,931,0,792,0,784,0,823,0,7520,0.032,1.95996655783164e+20,0.0,0.0,784,16797,-0.0,162057.094,-114818.039,-0.0,0.133,6.909358625270745e+28,30.0,70.0,35,0.0,0.0,0.0,0.0,0.0,0.0,0.0,0.0,0.0,0.0,0.0,0.0,0.0,0.0,0.0,0.0,66.0,0,150,71,52,65476,0,300,0,0,8,20529,65476,0,0,44564,70.0,0.0,0.0,0.0,0.0,0.0
2026-09-10T21:17:08,ERR,ERR,ERR,ERR,ERR,ERR,ERR,ERR,ERR,ERR,ERR,ERR,ERR,ERR,ERR,ERR,ERR,ERR,ERR,ERR,ERR,ERR,ERR,ERR,ERR,ERR,ERR,ERR,ERR,ERR,ERR,ERR,ERR,ERR,ERR,ERR,ERR,ERR,ERR,ERR,ERR,ERR,ERR,ERR,ERR,ERR,ERR,ERR,ERR,ERR,ERR,ERR,ERR,ERR,ERR,ERR,ERR,ERR,ERR,ERR,ERR,ERR,ERR,ERR,ERR,ERR,ERR,ERR,ERR,ERR,ERR,ERR,ERR,ERR,ERR,ERR,ERR,ERR,ERR,ERR,ERR,ERR,ERR,ERR,ERR,ERR,ERR,ERR,ERR,ERR,ERR,ERR,ERR,ERR,ERR,ERR,ERR,ERR,ERR,ERR,ERR,ERR,ERR,ERR,ERR,ERR,ERR,ERR,ERR,ERR,ERR,ERR,ERR,ERR,ERR,ERR,ERR,ERR,ERR,ERR,ERR,ERR,ERR,ERR,ERR,-107615312.0,0.0,-100794720.0,0.0,0.0,1.3936040501711995e+18,7.805,0.0,0,0,4,0,7116,0.0,100,0.0,0.0,0.0,0.0,0.0,0,0,0,0,0.0,0,0,0,0,0,0,0,0,0,0,0,0,0,0,0,0,0,0,0,0,0,0,0,0,0,0,0,0,0,0,0,0,0,31,40,40,71,65476,0,300,0,0,8,21553,0.0,-107605600.0,0.0,0.0,0.0,0.0,0.0,0.0,0.0,0.0,0.0,0.0,0.0,0.0,0.0,0.0,0.0,0.0,0.0,0.0,0.0,0.0,-2.004,2.004,2.004,-2.004,0.0,0.0,0.0,0.0,4466.0,-0.0,6931.0,0.0,0.0,0.0,-0.0,0.0,0.0,0.0,0.0,69,-2.718430741444032e+23,-0.0,0.0,0.0,0.0,0.0,0.0,0.0,0.0,0,0,0,0.0,0.0,0.0,0.0,0.0,0.0,0.0,0.0,0.0,0.0,0.0,0.0,0.0,0.0,0.0,0.0,0,-107875648.0,69,0.0,138,0.0,-109183328.0,0,0,17087,13107,17103,13107,17082,0,0,0,70,68,100,-0.0,82.4,-107615456.0,78.3,2.7302388193790272e+23,79.0,1,49,50,180,13107,13107,0,0,0.0,0.0,0.0,0.0,-0.0,67.0,0.0,162057.094,0.0,981,0,1011,0,0,0,955,0,1036,0,931,0,792,0,784,0,823,0,7520,0.032,1.95996655783164e+20,0.0,0.0,784,16797,-0.0,162057.094,-114818.039,-0.0,0.133,6.909358625270745e+28,30.0,70.0,35,0.0,0.0,0.0,0.0,0.0,0.0,0.0,0.0,0.0,0.0,0.0,0.0,0.0,0.0,0.0,0.0,66.0,0,150,71,52,65476,0,300,0,0,8,20529,65476,0,0,44564,70.0,0.0,0.0,0.0,0.0,0.0
2026-09-10T21:17:09,ERR,ERR,ERR,ERR,ERR,ERR,ERR,ERR,ERR,ERR,ERR,ERR,ERR,ERR,ERR,ERR,ERR,ERR,ERR,ERR,ERR,ERR,ERR,ERR,ERR,ERR,ERR,ERR,ERR,ERR,ERR,ERR,ERR,ERR,ERR,ERR,ERR,ERR,ERR,ERR,ERR,ERR,ERR,ERR,ERR,ERR,ERR,ERR,ERR,ERR,ERR,ERR,ERR,ERR,ERR,ERR,ERR,ERR,ERR,ERR,ERR,ERR,ERR,ERR,ERR,ERR,ERR,ERR,ERR,ERR,ERR,ERR,ERR,ERR,ERR,ERR,ERR,ERR,ERR,ERR,ERR,ERR,ERR,ERR,ERR,ERR,ERR,ERR,ERR,ERR,ERR,ERR,ERR,ERR,ERR,ERR,ERR,ERR,ERR,ERR,ERR,ERR,ERR,ERR,ERR,ERR,ERR,ERR,ERR,ERR,ERR,ERR,ERR,ERR,ERR,ERR,ERR,ERR,ERR,ERR,ERR,ERR,ERR,ERR,ERR,-107615312.0,0.0,-100794720.0,0.0,0.0,1.3936040501711995e+18,7.805,0.0,0,0,4,0,7116,0.0,100,0.0,0.0,0.0,0.0,0.0,0,0,0,0,0.0,0,0,0,0,0,0,0,0,0,0,0,0,0,0,0,0,0,0,0,0,0,0,0,0,0,0,0,0,0,0,0,0,0,31,40,40,71,65476,0,300,0,0,8,21553,0.0,-107605600.0,0.0,0.0,0.0,0.0,0.0,0.0,0.0,0.0,0.0,0.0,0.0,0.0,0.0,0.0,0.0,0.0,0.0,0.0,0.0,0.0,-2.004,2.004,2.004,-2.004,0.0,0.0,0.0,0.0,4466.0,-0.0,6931.0,0.0,0.0,0.0,-0.0,0.0,0.0,0.0,0.0,69,-2.718430741444032e+23,-0.0,0.0,0.0,0.0,0.0,0.0,0.0,0.0,0,0,0,0.0,0.0,0.0,0.0,0.0,0.0,0.0,0.0,0.0,0.0,0.0,0.0,0.0,0.0,0.0,0.0,0,-107875648.0,69,0.0,138,0.0,-109183328.0,0,0,17087,13107,17103,13107,17082,0,0,0,70,68,100,-0.0,82.4,-107615456.0,78.3,2.7302388193790272e+23,79.0,1,49,50,180,13107,13107,0,0,0.0,0.0,0.0,0.0,-0.0,67.0,0.0,162057.094,0.0,981,0,1011,0,0,0,955,0,1036,0,931,0,792,0,784,0,823,0,7520,0.032,1.95996655783164e+20,0.0,0.0,784,16797,-0.0,162057.094,-114818.039,-0.0,0.133,6.909358625270745e+28,30.0,70.0,35,0.0,0.0,0.0,0.0,0.0,0.0,0.0,0.0,0.0,0.0,0.0,0.0,0.0,0.0,0.0,0.0,66.0,0,150,71,52,65476,0,300,0,0,8,20529,65476,0,0,44564,70.0,0.0,0.0,0.0,0.0,0.0
2026-09-10T21:17:10,ERR,ERR,ERR,ERR,ERR,ERR,ERR,ERR,ERR,ERR,ERR,ERR,ERR,ERR,ERR,ERR,ERR,ERR,ERR,ERR,ERR,ERR,ERR,ERR,ERR,ERR,ERR,ERR,ERR,ERR,ERR,ERR,ERR,ERR,ERR,ERR,ERR,ERR,ERR,ERR,ERR,ERR,ERR,ERR,ERR,ERR,ERR,ERR,ERR,ERR,ERR,ERR,ERR,ERR,ERR,ERR,ERR,ERR,ERR,ERR,ERR,ERR,ERR,ERR,ERR,ERR,ERR,ERR,ERR,ERR,ERR,ERR,ERR,ERR,ERR,ERR,ERR,ERR,ERR,ERR,ERR,ERR,ERR,ERR,ERR,ERR,ERR,ERR,ERR,ERR,ERR,ERR,ERR,ERR,ERR,ERR,ERR,ERR,ERR,ERR,ERR,ERR,ERR,ERR,ERR,ERR,ERR,ERR,ERR,ERR,ERR,ERR,ERR,ERR,ERR,ERR,ERR,ERR,ERR,ERR,ERR,ERR,ERR,ERR,ERR,-107615312.0,0.0,-100794720.0,0.0,0.0,1.3936040501711995e+18,7.805,0.0,0,0,4,0,7116,0.0,100,0.0,0.0,0.0,0.0,0.0,0,0,0,0,0.0,0,0,0,0,0,0,0,0,0,0,0,0,0,0,0,0,0,0,0,0,0,0,0,0,0,0,0,0,0,0,0,0,0,31,40,40,71,65476,0,300,0,0,8,21553,0.0,-107605600.0,0.0,0.0,0.0,0.0,0.0,0.0,0.0,0.0,0.0,0.0,0.0,0.0,0.0,0.0,0.0,0.0,0.0,0.0,0.0,0.0,-2.004,2.004,2.004,-2.004,0.0,0.0,0.0,0.0,4466.0,-0.0,6931.0,0.0,0.0,0.0,-0.0,0.0,0.0,0.0,0.0,69,-2.718430741444032e+23,-0.0,0.0,0.0,0.0,0.0,0.0,0.0,0.0,0,0,0,0.0,0.0,0.0,0.0,0.0,0.0,0.0,0.0,0.0,0.0,0.0,0.0,0.0,0.0,0.0,0.0,0,-107875648.0,69,0.0,138,0.0,-109183328.0,0,0,17087,13107,17103,13107,17082,0,0,0,70,68,100,-0.0,82.4,-107615456.0,78.3,2.7302388193790272e+23,79.0,1,49,50,180,13107,13107,0,0,0.0,0.0,0.0,0.0,-0.0,67.0,0.0,162057.094,0.0,981,0,1011,0,0,0,955,0,1036,0,931,0,792,0,784,0,823,0,7520,0.032,1.95996655783164e+20,0.0,0.0,784,16797,-0.0,162057.094,-114818.039,-0.0,0.133,6.909358625270745e+28,30.0,70.0,35,0.0,0.0,0.0,0.0,0.0,0.0,0.0,0.0,0.0,0.0,0.0,0.0,0.0,0.0,0.0,0.0,66.0,0,150,71,52,65476,0,300,0,0,8,20529,65476,0,0,44564,70.0,0.0,0.0,0.0,0.0,0.0
2026-09-10T21:17:11,ERR,ERR,ERR,ERR,ERR,ERR,ERR,ERR,ERR,ERR,ERR,ERR,ERR,ERR,ERR,ERR,ERR,ERR,ERR,ERR,ERR,ERR,ERR,ERR,ERR,ERR,ERR,ERR,ERR,ERR,ERR,ERR,ERR,ERR,ERR,ERR,ERR,ERR,ERR,ERR,ERR,ERR,ERR,ERR,ERR,ERR,ERR,ERR,ERR,ERR,ERR,ERR,ERR,ERR,ERR,ERR,ERR,ERR,ERR,ERR,ERR,ERR,ERR,ERR,ERR,ERR,ERR,ERR,ERR,ERR,ERR,ERR,ERR,ERR,ERR,ERR,ERR,ERR,ERR,ERR,ERR,ERR,ERR,ERR,ERR,ERR,ERR,ERR,ERR,ERR,ERR,ERR,ERR,ERR,ERR,ERR,ERR,ERR,ERR,ERR,ERR,ERR,ERR,ERR,ERR,ERR,ERR,ERR,ERR,ERR,ERR,ERR,ERR,ERR,ERR,ERR,ERR,ERR,ERR,ERR,ERR,ERR,ERR,ERR,ERR,-107615312.0,0.0,-100794720.0,0.0,0.0,1.3936040501711995e+18,7.805,0.0,0,0,4,0,7116,0.0,100,0.0,0.0,0.0,0.0,0.0,0,0,0,0,0.0,0,0,0,0,0,0,0,0,0,0,0,0,0,0,0,0,0,0,0,0,0,0,0,0,0,0,0,0,0,0,0,0,0,31,40,40,71,65476,0,300,0,0,8,21553,0.0,-107605600.0,0.0,0.0,0.0,0.0,0.0,0.0,0.0,0.0,0.0,0.0,0.0,0.0,0.0,0.0,0.0,0.0,0.0,0.0,0.0,0.0,-2.004,2.004,2.004,-2.004,0.0,0.0,0.0,0.0,4466.0,-0.0,6931.0,0.0,0.0,0.0,-0.0,0.0,0.0,0.0,0.0,69,-2.718430741444032e+23,-0.0,0.0,0.0,0.0,0.0,0.0,0.0,0.0,0,0,0,0.0,0.0,0.0,0.0,0.0,0.0,0.0,0.0,0.0,0.0,0.0,0.0,0.0,0.0,0.0,0.0,0,-107875648.0,69,0.0,138,0.0,-109183328.0,0,0,17087,13107,17103,13107,17082,0,0,0,70,68,100,-0.0,82.4,-107615456.0,78.3,2.7302388193790272e+23,79.0,1,49,50,180,13107,13107,0,0,0.0,0.0,0.0,0.0,-0.0,67.0,0.0,162057.094,0.0,981,0,1011,0,0,0,955,0,1036,0,931,0,792,0,784,0,823,0,7520,0.032,1.95996655783164e+20,0.0,0.0,784,16797,-0.0,162057.094,-114818.039,-0.0,0.133,6.909358625270745e+28,30.0,70.0,35,0.0,0.0,0.0,0.0,0.0,0.0,0.0,0.0,0.0,0.0,0.0,0.0,0.0,0.0,0.0,0.0,66.0,0,150,71,52,65476,0,300,0,0,8,20529,65476,0,0,44564,70.0,0.0,0.0,0.0,0.0,0.0
2026-09-10T21:17:12,ERR,ERR,ERR,ERR,ERR,ERR,ERR,ERR,ERR,ERR,ERR,ERR,ERR,ERR,ERR,ERR,ERR,ERR,ERR,ERR,ERR,ERR,ERR,ERR,ERR,ERR,ERR,ERR,ERR,ERR,ERR,ERR,ERR,ERR,ERR,ERR,ERR,ERR,ERR,ERR,ERR,ERR,ERR,ERR,ERR,ERR,ERR,ERR,ERR,ERR,ERR,ERR,ERR,ERR,ERR,ERR,ERR,ERR,ERR,ERR,ERR,ERR,ERR,ERR,ERR,ERR,ERR,ERR,ERR,ERR,ERR,ERR,ERR,ERR,ERR,ERR,ERR,ERR,ERR,ERR,ERR,ERR,ERR,ERR,ERR,ERR,ERR,ERR,ERR,ERR,ERR,ERR,ERR,ERR,ERR,ERR,ERR,ERR,ERR,ERR,ERR,ERR,ERR,ERR,ERR,ERR,ERR,ERR,ERR,ERR,ERR,ERR,ERR,ERR,ERR,ERR,ERR,ERR,ERR,ERR,ERR,ERR,ERR,ERR,ERR,-107615312.0,0.0,-100794720.0,0.0,0.0,1.3936040501711995e+18,7.805,0.0,0,0,4,0,7116,0.0,100,0.0,0.0,0.0,0.0,0.0,0,0,0,0,0.0,0,0,0,0,0,0,0,0,0,0,0,0,0,0,0,0,0,0,0,0,0,0,0,0,0,0,0,0,0,0,0,0,0,31,40,40,71,65476,0,300,0,0,8,21553,0.0,-107605600.0,0.0,0.0,0.0,0.0,0.0,0.0,0.0,0.0,0.0,0.0,0.0,0.0,0.0,0.0,0.0,0.0,0.0,0.0,0.0,0.0,-2.004,2.004,2.004,-2.004,0.0,0.0,0.0,0.0,4466.0,-0.0,6931.0,0.0,0.0,0.0,-0.0,0.0,0.0,0.0,0.0,69,-2.718430741444032e+23,-0.0,0.0,0.0,0.0,0.0,0.0,0.0,0.0,0,0,0,0.0,0.0,0.0,0.0,0.0,0.0,0.0,0.0,0.0,0.0,0.0,0.0,0.0,0.0,0.0,0.0,0,-107875648.0,69,0.0,138,0.0,-109183328.0,0,0,17087,13107,17103,0,17082,0,0,0,70,68,100,-0.0,82.4,-107615456.0,78.3,2.7302388193790272e+23,79.0,1,49,50,180,13107,13107,0,0,0.0,0.0,0.0,0.0,-0.0,67.0,0.0,162057.094,0.0,981,0,1011,0,0,0,955,0,1036,0,931,0,792,0,784,0,822,0,7520,0.032,1.95996655783164e+20,0.0,0.0,784,16797,-0.0,162057.094,-114818.039,-0.0,0.133,6.909358625270745e+28,30.0,70.0,35,0.0,0.0,0.0,0.0,0.0,0.0,0.0,0.0,0.0,0.0,0.0,0.0,0.0,0.0,0.0,0.0,66.0,0,150,71,52,65476,0,300,0,0,8,20529,65476,0,0,44564,70.0,0.0,0.0,0.0,0.0,0.0
2026-09-10T21:17:13,ERR,ERR,ERR,ERR,ERR,ERR,ERR,ERR,ERR,ERR,ERR,ERR,ERR,ERR,ERR,ERR,ERR,ERR,ERR,ERR,ERR,ERR,ERR,ERR,ERR,ERR,ERR,ERR,ERR,ERR,ERR,ERR,ERR,ERR,ERR,ERR,ERR,ERR,ERR,ERR,ERR,ERR,ERR,ERR,ERR,ERR,ERR,ERR,ERR,ERR,ERR,ERR,ERR,ERR,ERR,ERR,ERR,ERR,ERR,ERR,ERR,ERR,ERR,ERR,ERR,ERR,ERR,ERR,ERR,ERR,ERR,ERR,ERR,ERR,ERR,ERR,ERR,ERR,ERR,ERR,ERR,ERR,ERR,ERR,ERR,ERR,ERR,ERR,ERR,ERR,ERR,ERR,ERR,ERR,ERR,ERR,ERR,ERR,ERR,ERR,ERR,ERR,ERR,ERR,ERR,ERR,ERR,ERR,ERR,ERR,ERR,ERR,ERR,ERR,ERR,ERR,ERR,ERR,ERR,ERR,ERR,ERR,ERR,ERR,ERR,0.0,0.0,2.6474835549302285e+23,0.0,0.0,1.3936040501711995e+18,7.805,0.0,0,0,4,0,7116,0.0,100,0.0,0.0,0.0,0.0,0.0,0,0,0,0,0.0,0,0,0,0,0,0,0,0,0,0,0,0,0,0,0,0,0,0,0,0,0,0,0,0,0,0,0,0,0,0,0,0,0,31,40,40,71,65476,0,300,0,0,8,21553,0.0,-107605600.0,0.0,0.0,0.0,0.0,0.0,0.0,0.0,0.0,0.0,0.0,0.0,0.0,0.0,0.0,0.0,0.0,0.0,0.0,0.0,0.0,-2.004,2.004,2.004,-2.004,0.0,0.0,0.0,0.0,4465.0,-2.4229830046158873e+24,6941.0,0.0,0.0,0.0,-0.0,0.0,0.0,0.0,0.0,69,-4.0668816144241325e+29,0.0,0.0,0.0,0.0,0.0,0.0,0.0,0.0,0,0,0,0.0,0.0,0.0,0.0,0.0,0.0,0.0,0.0,0.0,0.0,0.0,0.0,0.0,0.0,0.0,0.0,0,-107875648.0,69,0.0,138,0.0,-109183328.0,0,0,17087,13107,17103,0,17082,0,0,0,70,68,100,-0.0,82.4,-107615456.0,78.3,2.7302388193790272e+23,79.0,1,49,50,180,13107,13107,0,0,0.0,0.0,0.0,0.0,-0.0,67.0,0.0,162057.094,0.0,981,0,1011,0,0,0,955,0,1036,0,931,0,792,0,784,0,822,0,7520,0.032,1.95996655783164e+20,0.0,0.0,784,16797,-0.0,162057.094,-114818.039,-0.0,0.133,6.909358625270745e+28,30.0,70.0,35,0.0,0.0,0.0,0.0,0.0,0.0,0.0,0.0,0.0,0.0,0.0,0.0,0.0,0.0,0.0,0.0,66.0,0,150,71,52,65476,0,300,0,0,8,20529,65476,0,0,44564,70.0,0.0,0.0,0.0,0.0,0.0
2026-09-10T21:17:14,ERR,ERR,ERR,ERR,ERR,ERR,ERR,ERR,ERR,ERR,ERR,ERR,ERR,ERR,ERR,ERR,ERR,ERR,ERR,ERR,ERR,ERR,ERR,ERR,ERR,ERR,ERR,ERR,ERR,ERR,ERR,ERR,ERR,ERR,ERR,ERR,ERR,ERR,ERR,ERR,ERR,ERR,ERR,ERR,ERR,ERR,ERR,ERR,ERR,ERR,ERR,ERR,ERR,ERR,ERR,ERR,ERR,ERR,ERR,ERR,ERR,ERR,ERR,ERR,ERR,ERR,ERR,ERR,ERR,ERR,ERR,ERR,ERR,ERR,ERR,ERR,ERR,ERR,ERR,ERR,ERR,ERR,ERR,ERR,ERR,ERR,ERR,ERR,ERR,ERR,ERR,ERR,ERR,ERR,ERR,ERR,ERR,ERR,ERR,ERR,ERR,ERR,ERR,ERR,ERR,ERR,ERR,ERR,ERR,ERR,ERR,ERR,ERR,ERR,ERR,ERR,ERR,ERR,ERR,ERR,ERR,ERR,ERR,ERR,ERR,0.0,0.0,2.6474835549302285e+23,0.0,0.0,1.3936040501711995e+18,7.805,0.0,0,0,4,0,7116,0.0,100,0.0,0.0,0.0,0.0,0.0,0,0,0,0,0.0,0,0,0,0,0,0,0,0,0,0,0,0,0,0,0,0,0,0,0,0,0,0,0,0,0,0,0,0,0,0,0,0,0,31,40,40,71,65476,0,300,0,0,8,21553,0.0,-107605600.0,0.0,0.0,0.0,0.0,0.0,0.0,0.0,0.0,0.0,0.0,0.0,0.0,0.0,0.0,0.0,0.0,0.0,0.0,0.0,0.0,-2.004,2.004,2.004,-2.004,0.0,0.0,0.0,0.0,4465.0,-2.4229830046158873e+24,6941.0,0.0,0.0,0.0,-0.0,0.0,0.0,0.0,0.0,69,-4.0668816144241325e+29,0.0,0.0,0.0,0.0,0.0,0.0,0.0,0.0,0,0,0,0.0,0.0,0.0,0.0,0.0,0.0,0.0,0.0,0.0,0.0,0.0,0.0,0.0,0.0,0.0,0.0,0,-107875648.0,69,0.0,138,0.0,-109183328.0,0,0,17087,13107,17103,0,17082,0,0,0,70,68,100,-0.0,82.4,-107615456.0,78.3,2.7302388193790272e+23,79.0,1,49,50,180,13107,13107,0,0,0.0,0.0,0.0,0.0,-0.0,67.0,0.0,162057.094,0.0,981,0,1011,0,0,0,955,0,1036,0,931,0,792,0,784,0,822,0,7520,0.032,1.95996655783164e+20,0.0,0.0,784,16797,-0.0,162057.094,-114818.039,-0.0,0.133,6.909358625270745e+28,30.0,70.0,35,0.0,0.0,0.0,0.0,0.0,0.0,0.0,0.0,0.0,0.0,0.0,0.0,0.0,0.0,0.0,0.0,66.0,0,150,71,52,65476,0,300,0,0,8,20529,65476,0,0,44564,70.0,0.0,0.0,0.0,0.0,0.0
2026-09-10T21:17:15,ERR,ERR,ERR,ERR,ERR,ERR,ERR,ERR,ERR,ERR,ERR,ERR,ERR,ERR,ERR,ERR,ERR,ERR,ERR,ERR,ERR,ERR,ERR,ERR,ERR,ERR,ERR,ERR,ERR,ERR,ERR,ERR,ERR,ERR,ERR,ERR,ERR,ERR,ERR,ERR,ERR,ERR,ERR,ERR,ERR,ERR,ERR,ERR,ERR,ERR,ERR,ERR,ERR,ERR,ERR,ERR,ERR,ERR,ERR,ERR,ERR,ERR,ERR,ERR,ERR,ERR,ERR,ERR,ERR,ERR,ERR,ERR,ERR,ERR,ERR,ERR,ERR,ERR,ERR,ERR,ERR,ERR,ERR,ERR,ERR,ERR,ERR,ERR,ERR,ERR,ERR,ERR,ERR,ERR,ERR,ERR,ERR,ERR,ERR,ERR,ERR,ERR,ERR,ERR,ERR,ERR,ERR,ERR,ERR,ERR,ERR,ERR,ERR,ERR,ERR,ERR,ERR,ERR,ERR,ERR,ERR,ERR,ERR,ERR,ERR,0.0,0.0,2.6474835549302285e+23,0.0,0.0,1.3936040501711995e+18,7.805,0.0,0,0,4,0,7116,0.0,100,0.0,0.0,0.0,0.0,0.0,0,0,0,0,0.0,0,0,0,0,0,0,0,0,0,0,0,0,0,0,0,0,0,0,0,0,0,0,0,0,0,0,0,0,0,0,0,0,0,31,40,40,71,65476,0,300,0,0,8,21553,0.0,-107605600.0,0.0,0.0,0.0,0.0,0.0,0.0,0.0,0.0,0.0,0.0,0.0,0.0,0.0,0.0,0.0,0.0,0.0,0.0,0.0,0.0,-2.004,2.004,2.004,-2.004,0.0,0.0,0.0,0.0,4465.0,-2.4229830046158873e+24,6941.0,0.0,0.0,0.0,-0.0,0.0,0.0,0.0,0.0,69,-4.0668816144241325e+29,0.0,0.0,0.0,0.0,0.0,0.0,0.0,0.0,0,0,0,0.0,0.0,0.0,0.0,0.0,0.0,0.0,0.0,0.0,0.0,0.0,0.0,0.0,0.0,0.0,0.0,0,-107875648.0,69,0.0,138,0.0,-109183328.0,0,0,17087,13107,17103,0,17082,0,0,0,70,68,100,-0.0,82.4,-107615456.0,78.3,2.7302388193790272e+23,79.0,1,49,50,180,13107,13107,0,0,0.0,0.0,0.0,0.0,-0.0,67.0,0.0,162057.094,0.0,981,0,1011,0,0,0,955,0,1036,0,931,0,792,0,784,0,822,0,7520,0.032,1.95996655783164e+20,0.0,0.0,784,16797,-0.0,162057.094,-114818.039,-0.0,0.133,6.909358625270745e+28,30.0,70.0,35,0.0,0.0,0.0,0.0,0.0,0.0,0.0,0.0,0.0,0.0,0.0,0.0,0.0,0.0,0.0,0.0,66.0,0,150,71,52,65476,0,300,0,0,8,20529,65476,0,0,44564,70.0,0.0,0.0,0.0,0.0,0.0
2026-09-10T21:17:16,ERR,ERR,ERR,ERR,ERR,ERR,ERR,ERR,ERR,ERR,ERR,ERR,ERR,ERR,ERR,ERR,ERR,ERR,ERR,ERR,ERR,ERR,ERR,ERR,ERR,ERR,ERR,ERR,ERR,ERR,ERR,ERR,ERR,ERR,ERR,ERR,ERR,ERR,ERR,ERR,ERR,ERR,ERR,ERR,ERR,ERR,ERR,ERR,ERR,ERR,ERR,ERR,ERR,ERR,ERR,ERR,ERR,ERR,ERR,ERR,ERR,ERR,ERR,ERR,ERR,ERR,ERR,ERR,ERR,ERR,ERR,ERR,ERR,ERR,ERR,ERR,ERR,ERR,ERR,ERR,ERR,ERR,ERR,ERR,ERR,ERR,ERR,ERR,ERR,ERR,ERR,ERR,ERR,ERR,ERR,ERR,ERR,ERR,ERR,ERR,ERR,ERR,ERR,ERR,ERR,ERR,ERR,ERR,ERR,ERR,ERR,ERR,ERR,ERR,ERR,ERR,ERR,ERR,ERR,ERR,ERR,ERR,ERR,ERR,ERR,0.0,0.0,2.6474835549302285e+23,0.0,0.0,1.3936040501711995e+18,7.805,0.0,0,0,4,0,7116,0.0,100,0.0,0.0,0.0,0.0,0.0,0,0,0,0,0.0,0,0,0,0,0,0,0,0,0,0,0,0,0,0,0,0,0,0,0,0,0,0,0,0,0,0,0,0,0,0,0,0,0,31,40,40,71,65476,0,300,0,0,8,21553,0.0,-107605600.0,0.0,0.0,0.0,0.0,0.0,0.0,0.0,0.0,0.0,0.0,0.0,0.0,0.0,0.0,0.0,0.0,0.0,0.0,0.0,0.0,-2.004,2.004,2.004,-2.004,0.0,0.0,0.0,0.0,4465.0,-2.4229830046158873e+24,6941.0,0.0,0.0,0.0,-0.0,0.0,0.0,0.0,0.0,69,-4.0668816144241325e+29,0.0,0.0,0.0,0.0,0.0,0.0,0.0,0.0,0,0,0,0.0,0.0,0.0,0.0,0.0,0.0,0.0,0.0,0.0,0.0,0.0,0.0,0.0,0.0,0.0,0.0,0,-107875648.0,69,0.0,138,0.0,-109183328.0,0,0,17087,13107,17103,0,17082,0,0,0,70,68,100,-0.0,82.4,-107615456.0,78.3,2.7302388193790272e+23,79.0,1,49,50,180,13107,13107,0,0,0.0,0.0,0.0,0.0,-0.0,67.0,0.0,162057.094,0.0,981,0,1011,0,0,0,955,0,1036,0,931,0,792,0,784,0,822,0,7520,0.032,1.95996655783164e+20,0.0,0.0,784,16797,-0.0,162057.094,-114818.039,-0.0,0.133,6.909358625270745e+28,30.0,70.0,35,0.0,0.0,0.0,0.0,0.0,0.0,0.0,0.0,0.0,0.0,0.0,0.0,0.0,0.0,0.0,0.0,66.0,0,150,71,52,65476,0,300,0,0,8,20529,65476,0,0,44564,70.0,0.0,0.0,0.0,0.0,0.0
2026-09-10T21:17:17,ERR,ERR,ERR,ERR,ERR,ERR,ERR,ERR,ERR,ERR,ERR,ERR,ERR,ERR,ERR,ERR,ERR,ERR,ERR,ERR,ERR,ERR,ERR,ERR,ERR,ERR,ERR,ERR,ERR,ERR,ERR,ERR,ERR,ERR,ERR,ERR,ERR,ERR,ERR,ERR,ERR,ERR,ERR,ERR,ERR,ERR,ERR,ERR,ERR,ERR,ERR,ERR,ERR,ERR,ERR,ERR,ERR,ERR,ERR,ERR,ERR,ERR,ERR,ERR,ERR,ERR,ERR,ERR,ERR,ERR,ERR,ERR,ERR,ERR,ERR,ERR,ERR,ERR,ERR,ERR,ERR,ERR,ERR,ERR,ERR,ERR,ERR,ERR,ERR,ERR,ERR,ERR,ERR,ERR,ERR,ERR,ERR,ERR,ERR,ERR,ERR,ERR,ERR,ERR,ERR,ERR,ERR,ERR,ERR,ERR,ERR,ERR,ERR,ERR,ERR,ERR,ERR,ERR,ERR,ERR,ERR,ERR,ERR,ERR,ERR,0.0,0.0,2.6474835549302285e+23,0.0,0.0,1.3936040501711995e+18,7.805,0.0,0,0,4,0,7116,0.0,100,0.0,0.0,0.0,0.0,0.0,0,0,0,0,0.0,0,0,0,0,0,0,0,0,0,0,0,0,0,0,0,0,0,0,0,0,0,0,0,0,0,0,0,0,0,0,0,0,0,31,40,40,71,65476,0,300,0,0,8,21553,0.0,-107605600.0,0.0,0.0,0.0,0.0,0.0,0.0,0.0,0.0,0.0,0.0,0.0,0.0,0.0,0.0,0.0,0.0,0.0,0.0,0.0,0.0,-2.004,2.004,2.004,-2.004,0.0,0.0,0.0,0.0,4465.0,-2.4229830046158873e+24,6941.0,0.0,0.0,0.0,-0.0,0.0,0.0,0.0,0.0,69,-4.0668816144241325e+29,0.0,0.0,0.0,0.0,0.0,0.0,0.0,0.0,0,0,0,0.0,0.0,0.0,0.0,0.0,0.0,0.0,0.0,0.0,0.0,0.0,0.0,0.0,0.0,0.0,0.0,0,-107875648.0,69,0.0,138,0.0,-109183328.0,0,0,17087,13107,17103,0,17082,0,0,0,70,68,100,-0.0,82.4,-107615456.0,78.3,2.7302388193790272e+23,79.0,1,49,50,180,13107,13107,0,0,0.0,0.0,0.0,0.0,-0.0,67.0,0.0,162057.094,0.0,981,0,1011,0,0,0,955,0,1036,0,931,0,792,0,784,0,822,0,7520,0.032,1.95996655783164e+20,0.0,0.0,784,16797,-0.0,162057.094,-114818.039,-0.0,0.133,6.909358625270745e+28,30.0,70.0,35,0.0,0.0,0.0,0.0,0.0,0.0,0.0,0.0,0.0,0.0,0.0,0.0,0.0,0.0,0.0,0.0,66.0,0,150,71,52,65476,0,300,0,0,8,20529,65476,0,0,44564,70.0,0.0,0.0,0.0,0.0,0.0
2026-09-10T21:17:18,ERR,ERR,ERR,ERR,ERR,ERR,ERR,ERR,ERR,ERR,ERR,ERR,ERR,ERR,ERR,ERR,ERR,ERR,ERR,ERR,ERR,ERR,ERR,ERR,ERR,ERR,ERR,ERR,ERR,ERR,ERR,ERR,ERR,ERR,ERR,ERR,ERR,ERR,ERR,ERR,ERR,ERR,ERR,ERR,ERR,ERR,ERR,ERR,ERR,ERR,ERR,ERR,ERR,ERR,ERR,ERR,ERR,ERR,ERR,ERR,ERR,ERR,ERR,ERR,ERR,ERR,ERR,ERR,ERR,ERR,ERR,ERR,ERR,ERR,ERR,ERR,ERR,ERR,ERR,ERR,ERR,ERR,ERR,ERR,ERR,ERR,ERR,ERR,ERR,ERR,ERR,ERR,ERR,ERR,ERR,ERR,ERR,ERR,ERR,ERR,ERR,ERR,ERR,ERR,ERR,ERR,ERR,ERR,ERR,ERR,ERR,ERR,ERR,ERR,ERR,ERR,ERR,ERR,ERR,ERR,ERR,ERR,ERR,ERR,ERR,0.0,0.0,2.6474835549302285e+23,0.0,0.0,1.3936040501711995e+18,7.805,0.0,0,0,4,0,7116,0.0,100,0.0,0.0,0.0,0.0,0.0,0,0,0,0,0.0,0,0,0,0,0,0,0,0,0,0,0,0,0,0,0,0,0,0,0,0,0,0,0,0,0,0,0,0,0,0,0,0,0,31,40,40,71,65476,0,300,0,0,8,21553,0.0,-107605600.0,0.0,0.0,0.0,0.0,0.0,0.0,0.0,0.0,0.0,0.0,0.0,0.0,0.0,0.0,0.0,0.0,0.0,0.0,0.0,0.0,-2.004,2.004,2.004,-2.004,0.0,0.0,0.0,0.0,4465.0,-2.4229830046158873e+24,6941.0,0.0,0.0,0.0,-0.0,0.0,0.0,0.0,0.0,69,-4.0668816144241325e+29,0.0,0.0,0.0,0.0,0.0,0.0,0.0,0.0,0,0,0,0.0,0.0,0.0,0.0,0.0,0.0,0.0,0.0,0.0,0.0,0.0,0.0,0.0,0.0,0.0,0.0,0,-107875648.0,69,0.0,138,0.0,-109183328.0,0,0,17087,13107,17103,13107,17082,0,0,0,70,68,100,2.7302399002429377e+23,82.4,-107615456.0,78.2,2.7302388193790272e+23,79.0,1,49,50,180,13107,13107,0,0,0.0,0.0,0.0,0.0,-0.0,67.0,0.0,162057.094,0.0,981,0,1010,0,0,0,955,0,1036,0,931,0,793,0,784,0,823,0,7520,0.032,1.9484373427855714e+20,0.0,0.0,784,16797,-0.0,162057.094,-114818.039,-0.0,0.133,6.909358625270745e+28,30.0,70.0,35,0.0,0.0,0.0,0.0,0.0,0.0,0.0,0.0,0.0,0.0,0.0,0.0,0.0,0.0,0.0,0.0,66.0,0,150,71,52,65476,0,300,0,0,8,20529,65476,0,0,44564,70.0,0.0,0.0,0.0,0.0,0.0
2026-09-10T21:17:19,ERR,ERR,ERR,ERR,ERR,ERR,ERR,ERR,ERR,ERR,ERR,ERR,ERR,ERR,ERR,ERR,ERR,ERR,ERR,ERR,ERR,ERR,ERR,ERR,ERR,ERR,ERR,ERR,ERR,ERR,ERR,ERR,ERR,ERR,ERR,ERR,ERR,ERR,ERR,ERR,ERR,ERR,ERR,ERR,ERR,ERR,ERR,ERR,ERR,ERR,ERR,ERR,ERR,ERR,ERR,ERR,ERR,ERR,ERR,ERR,ERR,ERR,ERR,ERR,ERR,ERR,ERR,ERR,ERR,ERR,ERR,ERR,ERR,ERR,ERR,ERR,ERR,ERR,ERR,ERR,ERR,ERR,ERR,ERR,ERR,ERR,ERR,ERR,ERR,ERR,ERR,ERR,ERR,ERR,ERR,ERR,ERR,ERR,ERR,ERR,ERR,ERR,ERR,ERR,ERR,ERR,ERR,ERR,ERR,ERR,ERR,ERR,ERR,ERR,ERR,ERR,ERR,ERR,ERR,ERR,ERR,ERR,ERR,ERR,ERR,0.0,0.0,2.6474835549302285e+23,0.0,0.0,1.3936040501711995e+18,7.805,0.0,0,0,4,0,7116,0.0,100,0.0,0.0,0.0,0.0,0.0,0,0,0,0,0.0,0,0,0,0,0,0,0,0,0,0,0,0,0,0,0,0,0,0,0,0,0,0,0,0,0,0,0,0,0,0,0,0,0,31,40,40,71,65476,0,300,0,0,8,21553,0.0,-107605600.0,0.0,0.0,0.0,0.0,0.0,0.0,0.0,0.0,0.0,0.0,0.0,0.0,0.0,0.0,0.0,0.0,0.0,0.0,0.0,0.0,-2.004,2.004,2.004,-2.004,0.0,0.0,0.0,0.0,4465.0,-2.4229830046158873e+24,6941.0,0.0,0.0,0.0,-0.0,0.0,0.0,0.0,0.0,69,-4.0668816144241325e+29,0.0,0.0,0.0,0.0,0.0,0.0,0.0,0.0,0,0,0,0.0,0.0,0.0,0.0,0.0,0.0,0.0,0.0,0.0,0.0,0.0,0.0,0.0,0.0,0.0,0.0,0,-107875648.0,69,0.0,138,0.0,-109183328.0,0,0,17087,13107,17103,13107,17082,0,0,0,70,68,100,2.7302399002429377e+23,82.4,-107615456.0,78.2,2.7302388193790272e+23,79.0,1,49,50,180,13107,13107,0,0,0.0,0.0,0.0,0.0,-0.0,67.0,0.0,162057.094,0.0,981,0,1010,0,0,0,955,0,1036,0,931,0,793,0,784,0,823,0,7520,0.032,1.9484373427855714e+20,0.0,0.0,784,16797,-0.0,162057.094,-114818.039,-0.0,0.133,6.909358625270745e+28,30.0,70.0,35,0.0,0.0,0.0,0.0,0.0,0.0,0.0,0.0,0.0,0.0,0.0,0.0,0.0,0.0,0.0,0.0,66.0,0,150,71,52,65476,0,300,0,0,8,20529,65476,0,0,44564,70.0,0.0,0.0,0.0,0.0,0.0
2026-09-10T21:17:20,ERR,ERR,ERR,ERR,ERR,ERR,ERR,ERR,ERR,ERR,ERR,ERR,ERR,ERR,ERR,ERR,ERR,ERR,ERR,ERR,ERR,ERR,ERR,ERR,ERR,ERR,ERR,ERR,ERR,ERR,ERR,ERR,ERR,ERR,ERR,ERR,ERR,ERR,ERR,ERR,ERR,ERR,ERR,ERR,ERR,ERR,ERR,ERR,ERR,ERR,ERR,ERR,ERR,ERR,ERR,ERR,ERR,ERR,ERR,ERR,ERR,ERR,ERR,ERR,ERR,ERR,ERR,ERR,ERR,ERR,ERR,ERR,ERR,ERR,ERR,ERR,ERR,ERR,ERR,ERR,ERR,ERR,ERR,ERR,ERR,ERR,ERR,ERR,ERR,ERR,ERR,ERR,ERR,ERR,ERR,ERR,ERR,ERR,ERR,ERR,ERR,ERR,ERR,ERR,ERR,ERR,ERR,ERR,ERR,ERR,ERR,ERR,ERR,ERR,ERR,ERR,ERR,ERR,ERR,ERR,ERR,ERR,ERR,ERR,ERR,0.0,0.0,2.6474835549302285e+23,0.0,0.0,1.3936040501711995e+18,7.805,0.0,0,0,4,0,7116,0.0,100,0.0,0.0,0.0,0.0,0.0,0,0,0,0,0.0,0,0,0,0,0,0,0,0,0,0,0,0,0,0,0,0,0,0,0,0,0,0,0,0,0,0,0,0,0,0,0,0,0,31,40,40,71,65476,0,300,0,0,8,21553,0.0,-107605600.0,0.0,0.0,0.0,0.0,0.0,0.0,0.0,0.0,0.0,0.0,0.0,0.0,0.0,0.0,0.0,0.0,0.0,0.0,0.0,0.0,-2.004,2.004,2.004,-2.004,0.0,0.0,0.0,0.0,4465.0,-2.4229830046158873e+24,6941.0,0.0,0.0,0.0,-0.0,0.0,0.0,0.0,0.0,69,-4.0668816144241325e+29,0.0,0.0,0.0,0.0,0.0,0.0,0.0,0.0,0,0,0,0.0,0.0,0.0,0.0,0.0,0.0,0.0,0.0,0.0,0.0,0.0,0.0,0.0,0.0,0.0,0.0,0,-107875648.0,69,0.0,138,0.0,-109183328.0,0,0,17087,13107,17103,13107,17082,0,0,0,70,68,100,2.7302399002429377e+23,82.4,-107615456.0,78.2,2.7302388193790272e+23,79.0,1,49,50,180,13107,13107,0,0,0.0,0.0,0.0,0.0,-0.0,67.0,0.0,162057.094,0.0,981,0,1010,0,0,0,955,0,1036,0,931,0,793,0,784,0,823,0,7520,0.032,1.9484373427855714e+20,0.0,0.0,784,16797,-0.0,162057.094,-114818.039,-0.0,0.133,6.909358625270745e+28,30.0,70.0,35,0.0,0.0,0.0,0.0,0.0,0.0,0.0,0.0,0.0,0.0,0.0,0.0,0.0,0.0,0.0,0.0,66.0,0,150,71,52,65476,0,300,0,0,8,20529,65476,0,0,44564,70.0,0.0,0.0,0.0,0.0,0.0
2026-09-10T21:17:21,ERR,ERR,ERR,ERR,ERR,ERR,ERR,ERR,ERR,ERR,ERR,ERR,ERR,ERR,ERR,ERR,ERR,ERR,ERR,ERR,ERR,ERR,ERR,ERR,ERR,ERR,ERR,ERR,ERR,ERR,ERR,ERR,ERR,ERR,ERR,ERR,ERR,ERR,ERR,ERR,ERR,ERR,ERR,ERR,ERR,ERR,ERR,ERR,ERR,ERR,ERR,ERR,ERR,ERR,ERR,ERR,ERR,ERR,ERR,ERR,ERR,ERR,ERR,ERR,ERR,ERR,ERR,ERR,ERR,ERR,ERR,ERR,ERR,ERR,ERR,ERR,ERR,ERR,ERR,ERR,ERR,ERR,ERR,ERR,ERR,ERR,ERR,ERR,ERR,ERR,ERR,ERR,ERR,ERR,ERR,ERR,ERR,ERR,ERR,ERR,ERR,ERR,ERR,ERR,ERR,ERR,ERR,ERR,ERR,ERR,ERR,ERR,ERR,ERR,ERR,ERR,ERR,ERR,ERR,ERR,ERR,ERR,ERR,ERR,ERR,0.0,0.0,2.6474835549302285e+23,0.0,0.0,1.3936040501711995e+18,7.805,0.0,0,0,4,0,7116,0.0,100,0.0,0.0,0.0,0.0,0.0,0,0,0,0,0.0,0,0,0,0,0,0,0,0,0,0,0,0,0,0,0,0,0,0,0,0,0,0,0,0,0,0,0,0,0,0,0,0,0,31,40,40,71,65476,0,300,0,0,8,21553,0.0,-107605600.0,0.0,0.0,0.0,0.0,0.0,0.0,0.0,0.0,0.0,0.0,0.0,0.0,0.0,0.0,0.0,0.0,0.0,0.0,0.0,0.0,-2.004,2.004,2.004,-2.004,0.0,0.0,0.0,0.0,4501.0,0.0,6912.0,0.0,0.0,0.0,-0.0,0.0,0.0,0.0,0.0,69,-5.8480849975795215e+35,0.0,0.0,0.0,0.0,0.0,0.0,0.0,0.0,0,0,0,0.0,0.0,0.0,0.0,0.0,0.0,0.0,0.0,0.0,0.0,0.0,0.0,0.0,0.0,0.0,0.0,0,-107875648.0,69,0.0,138,0.0,-109183328.0,0,0,17087,13107,17103,13107,17082,0,0,0,70,68,100,2.7302399002429377e+23,82.4,-107615456.0,78.2,2.7302388193790272e+23,79.0,1,49,50,180,13107,13107,0,0,0.0,0.0,0.0,0.0,-0.0,67.0,0.0,162057.094,0.0,981,0,1010,0,0,0,955,0,1036,0,931,0,793,0,784,0,823,0,7520,0.032,1.9484373427855714e+20,0.0,0.0,784,16797,-0.0,162057.094,-114818.039,-0.0,0.133,6.909358625270745e+28,30.0,70.0,35,0.0,0.0,0.0,0.0,0.0,0.0,0.0,0.0,0.0,0.0,0.0,0.0,0.0,0.0,0.0,0.0,66.0,0,150,71,52,65476,0,300,0,0,8,20529,65476,0,0,44564,70.0,0.0,0.0,0.0,0.0,0.0
2026-09-10T21:17:22,ERR,ERR,ERR,ERR,ERR,ERR,ERR,ERR,ERR,ERR,ERR,ERR,ERR,ERR,ERR,ERR,ERR,ERR,ERR,ERR,ERR,ERR,ERR,ERR,ERR,ERR,ERR,ERR,ERR,ERR,ERR,ERR,ERR,ERR,ERR,ERR,ERR,ERR,ERR,ERR,ERR,ERR,ERR,ERR,ERR,ERR,ERR,ERR,ERR,ERR,ERR,ERR,ERR,ERR,ERR,ERR,ERR,ERR,ERR,ERR,ERR,ERR,ERR,ERR,ERR,ERR,ERR,ERR,ERR,ERR,ERR,ERR,ERR,ERR,ERR,ERR,ERR,ERR,ERR,ERR,ERR,ERR,ERR,ERR,ERR,ERR,ERR,ERR,ERR,ERR,ERR,ERR,ERR,ERR,ERR,ERR,ERR,ERR,ERR,ERR,ERR,ERR,ERR,ERR,ERR,ERR,ERR,ERR,ERR,ERR,ERR,ERR,ERR,ERR,ERR,ERR,ERR,ERR,ERR,ERR,ERR,ERR,ERR,ERR,ERR,0.0,0.0,2.6474835549302285e+23,0.0,0.0,1.3936040501711995e+18,7.805,0.0,0,0,4,0,7116,0.0,100,0.0,0.0,0.0,0.0,0.0,0,0,0,0,0.0,0,0,0,0,0,0,0,0,0,0,0,0,0,0,0,0,0,0,0,0,0,0,0,0,0,0,0,0,0,0,0,0,0,31,40,40,71,65476,0,300,0,0,8,21553,0.0,-107605600.0,0.0,0.0,0.0,0.0,0.0,0.0,0.0,0.0,0.0,0.0,0.0,0.0,0.0,0.0,0.0,0.0,0.0,0.0,0.0,0.0,-2.004,2.004,2.004,-2.004,0.0,0.0,0.0,0.0,4501.0,0.0,6912.0,0.0,0.0,0.0,-0.0,0.0,0.0,0.0,0.0,69,-5.8480849975795215e+35,0.0,0.0,0.0,0.0,0.0,0.0,0.0,0.0,0,0,0,0.0,0.0,0.0,0.0,0.0,0.0,0.0,0.0,0.0,0.0,0.0,0.0,0.0,0.0,0.0,0.0,0,-107875648.0,69,0.0,138,0.0,-109183328.0,0,0,17087,13107,17103,13107,17082,0,0,0,70,68,100,2.7302399002429377e+23,82.4,-107615456.0,78.2,2.7302388193790272e+23,79.0,1,49,50,180,13107,13107,0,0,0.0,0.0,0.0,0.0,-0.0,67.0,0.0,162057.094,0.0,981,0,1010,0,0,0,955,0,1036,0,931,0,793,0,784,0,823,0,7520,0.032,1.9484373427855714e+20,0.0,0.0,784,16797,-0.0,162057.094,-114818.039,-0.0,0.133,6.909358625270745e+28,30.0,70.0,35,0.0,0.0,0.0,0.0,0.0,0.0,0.0,0.0,0.0,0.0,0.0,0.0,0.0,0.0,0.0,0.0,66.0,0,150,71,52,65476,0,300,0,0,8,20529,65476,0,0,44564,70.0,0.0,0.0,0.0,0.0,0.0
2026-09-10T21:17:23,ERR,ERR,ERR,ERR,ERR,ERR,ERR,ERR,ERR,ERR,ERR,ERR,ERR,ERR,ERR,ERR,ERR,ERR,ERR,ERR,ERR,ERR,ERR,ERR,ERR,ERR,ERR,ERR,ERR,ERR,ERR,ERR,ERR,ERR,ERR,ERR,ERR,ERR,ERR,ERR,ERR,ERR,ERR,ERR,ERR,ERR,ERR,ERR,ERR,ERR,ERR,ERR,ERR,ERR,ERR,ERR,ERR,ERR,ERR,ERR,ERR,ERR,ERR,ERR,ERR,ERR,ERR,ERR,ERR,ERR,ERR,ERR,ERR,ERR,ERR,ERR,ERR,ERR,ERR,ERR,ERR,ERR,ERR,ERR,ERR,ERR,ERR,ERR,ERR,ERR,ERR,ERR,ERR,ERR,ERR,ERR,ERR,ERR,ERR,ERR,ERR,ERR,ERR,ERR,ERR,ERR,ERR,ERR,ERR,ERR,ERR,ERR,ERR,ERR,ERR,ERR,ERR,ERR,ERR,ERR,ERR,ERR,ERR,ERR,ERR,0.0,0.0,2.6474835549302285e+23,0.0,0.0,1.3936040501711995e+18,7.805,0.0,0,0,4,0,7116,0.0,100,0.0,0.0,0.0,0.0,0.0,0,0,0,0,0.0,0,0,0,0,0,0,0,0,0,0,0,0,0,0,0,0,0,0,0,0,0,0,0,0,0,0,0,0,0,0,0,0,0,31,40,40,71,65476,0,300,0,0,8,21553,0.0,-107605600.0,0.0,0.0,0.0,0.0,0.0,0.0,0.0,0.0,0.0,0.0,0.0,0.0,0.0,0.0,0.0,0.0,0.0,0.0,0.0,0.0,-2.004,2.004,2.004,-2.004,0.0,0.0,0.0,0.0,4501.0,0.0,6912.0,0.0,0.0,0.0,-0.0,0.0,0.0,0.0,0.0,69,-5.8480849975795215e+35,0.0,0.0,0.0,0.0,0.0,0.0,0.0,0.0,0,0,0,0.0,0.0,0.0,0.0,0.0,0.0,0.0,0.0,0.0,0.0,0.0,0.0,0.0,0.0,0.0,0.0,0,-107875648.0,69,0.0,138,0.0,-109183328.0,0,0,17087,13107,17103,13107,17082,0,0,0,70,68,100,2.7302399002429377e+23,82.4,-107615456.0,78.2,2.7302388193790272e+23,79.0,1,49,50,180,13107,13107,0,0,0.0,0.0,0.0,0.0,-0.0,67.0,0.0,162057.094,0.0,981,0,1010,0,0,0,955,0,1036,0,931,0,793,0,784,0,823,0,7520,0.032,1.9484373427855714e+20,0.0,0.0,784,16797,-0.0,162057.094,-114818.039,-0.0,0.133,6.909358625270745e+28,30.0,70.0,35,0.0,0.0,0.0,0.0,0.0,0.0,0.0,0.0,0.0,0.0,0.0,0.0,0.0,0.0,0.0,0.0,66.0,0,150,71,52,65476,0,300,0,0,8,20529,65476,0,0,44564,70.0,0.0,0.0,0.0,0.0,0.0
2026-09-10T21:17:24,ERR,ERR,ERR,ERR,ERR,ERR,ERR,ERR,ERR,ERR,ERR,ERR,ERR,ERR,ERR,ERR,ERR,ERR,ERR,ERR,ERR,ERR,ERR,ERR,ERR,ERR,ERR,ERR,ERR,ERR,ERR,ERR,ERR,ERR,ERR,ERR,ERR,ERR,ERR,ERR,ERR,ERR,ERR,ERR,ERR,ERR,ERR,ERR,ERR,ERR,ERR,ERR,ERR,ERR,ERR,ERR,ERR,ERR,ERR,ERR,ERR,ERR,ERR,ERR,ERR,ERR,ERR,ERR,ERR,ERR,ERR,ERR,ERR,ERR,ERR,ERR,ERR,ERR,ERR,ERR,ERR,ERR,ERR,ERR,ERR,ERR,ERR,ERR,ERR,ERR,ERR,ERR,ERR,ERR,ERR,ERR,ERR,ERR,ERR,ERR,ERR,ERR,ERR,ERR,ERR,ERR,ERR,ERR,ERR,ERR,ERR,ERR,ERR,ERR,ERR,ERR,ERR,ERR,ERR,ERR,ERR,ERR,ERR,ERR,ERR,0.0,0.0,2.6474835549302285e+23,0.0,0.0,1.3936040501711995e+18,7.805,0.0,0,0,4,0,7116,0.0,100,0.0,0.0,0.0,0.0,0.0,0,0,0,0,0.0,0,0,0,0,0,0,0,0,0,0,0,0,0,0,0,0,0,0,0,0,0,0,0,0,0,0,0,0,0,0,0,0,0,31,40,40,71,65476,0,300,0,0,8,21553,0.0,-107605600.0,0.0,0.0,0.0,0.0,0.0,0.0,0.0,0.0,0.0,0.0,0.0,0.0,0.0,0.0,0.0,0.0,0.0,0.0,0.0,0.0,-2.004,2.004,2.004,-2.004,0.0,0.0,0.0,0.0,4501.0,0.0,6912.0,0.0,0.0,0.0,-0.0,0.0,0.0,0.0,0.0,69,-5.8480849975795215e+35,0.0,0.0,0.0,0.0,0.0,0.0,0.0,0.0,0,0,0,0.0,0.0,0.0,0.0,0.0,0.0,0.0,0.0,0.0,0.0,0.0,0.0,0.0,0.0,0.0,0.0,0,-107875648.0,69,0.0,138,0.0,-109183328.0,0,0,17087,13107,17103,13107,17082,0,0,0,70,68,100,-0.0,82.4,-107615456.0,78.2,2.7302388193790272e+23,79.0,1,49,50,180,0,0,0,0,0.0,0.0,0.0,0.0,-0.0,67.0,0.0,162057.094,0.0,980,0,1010,0,0,0,955,0,1036,0,930,0,792,0,784,0,823,0,7520,0.032,1.95996655783164e+20,0.0,0.0,784,16797,-0.0,162057.094,-114818.039,-0.0,0.133,6.909358625270745e+28,30.0,70.0,35,0.0,0.0,0.0,0.0,0.0,0.0,0.0,0.0,0.0,0.0,0.0,0.0,0.0,0.0,0.0,0.0,66.0,0,150,71,52,65476,0,300,0,0,8,20529,65476,0,0,44564,70.0,0.0,0.0,0.0,0.0,0.0
2026-09-10T21:17:25,ERR,ERR,ERR,ERR,ERR,ERR,ERR,ERR,ERR,ERR,ERR,ERR,ERR,ERR,ERR,ERR,ERR,ERR,ERR,ERR,ERR,ERR,ERR,ERR,ERR,ERR,ERR,ERR,ERR,ERR,ERR,ERR,ERR,ERR,ERR,ERR,ERR,ERR,ERR,ERR,ERR,ERR,ERR,ERR,ERR,ERR,ERR,ERR,ERR,ERR,ERR,ERR,ERR,ERR,ERR,ERR,ERR,ERR,ERR,ERR,ERR,ERR,ERR,ERR,ERR,ERR,ERR,ERR,ERR,ERR,ERR,ERR,ERR,ERR,ERR,ERR,ERR,ERR,ERR,ERR,ERR,ERR,ERR,ERR,ERR,ERR,ERR,ERR,ERR,ERR,ERR,ERR,ERR,ERR,ERR,ERR,ERR,ERR,ERR,ERR,ERR,ERR,ERR,ERR,ERR,ERR,ERR,ERR,ERR,ERR,ERR,ERR,ERR,ERR,ERR,ERR,ERR,ERR,ERR,ERR,ERR,ERR,ERR,ERR,ERR,0.0,0.0,2.6474835549302285e+23,0.0,0.0,1.3936040501711995e+18,7.805,0.0,0,0,4,0,7116,0.0,100,0.0,0.0,0.0,0.0,0.0,0,0,0,0,0.0,0,0,0,0,0,0,0,0,0,0,0,0,0,0,0,0,0,0,0,0,0,0,0,0,0,0,0,0,0,0,0,0,0,31,40,40,71,65476,0,300,0,0,8,21553,0.0,-107605600.0,0.0,0.0,0.0,0.0,0.0,0.0,0.0,0.0,0.0,0.0,0.0,0.0,0.0,0.0,0.0,0.0,0.0,0.0,0.0,0.0,-2.004,2.004,2.004,-2.004,0.0,0.0,0.0,0.0,4501.0,0.0,6912.0,0.0,0.0,0.0,-0.0,0.0,0.0,0.0,0.0,69,-5.8480849975795215e+35,0.0,0.0,0.0,0.0,0.0,0.0,0.0,0.0,0,0,0,0.0,0.0,0.0,0.0,0.0,0.0,0.0,0.0,0.0,0.0,0.0,0.0,0.0,0.0,0.0,0.0,0,-107875648.0,69,0.0,138,0.0,-109183328.0,0,0,17087,13107,17103,13107,17082,0,0,0,70,68,100,-0.0,82.4,-107615456.0,78.2,2.7302388193790272e+23,79.0,1,49,50,180,0,0,0,0,0.0,0.0,0.0,0.0,-0.0,67.0,0.0,162057.094,0.0,980,0,1010,0,0,0,955,0,1036,0,930,0,792,0,784,0,823,0,7520,0.032,1.95996655783164e+20,0.0,0.0,784,16797,-0.0,162057.094,-114818.039,-0.0,0.133,6.909358625270745e+28,30.0,70.0,35,0.0,0.0,0.0,0.0,0.0,0.0,0.0,0.0,0.0,0.0,0.0,0.0,0.0,0.0,0.0,0.0,66.4,0,150,71,52,65476,0,300,0,0,8,20529,65476,0,0,44564,70.0,0.0,0.0,0.0,0.0,0.0
2026-09-10T21:17:26,ERR,ERR,ERR,ERR,ERR,ERR,ERR,ERR,ERR,ERR,ERR,ERR,ERR,ERR,ERR,ERR,ERR,ERR,ERR,ERR,ERR,ERR,ERR,ERR,ERR,ERR,ERR,ERR,ERR,ERR,ERR,ERR,ERR,ERR,ERR,ERR,ERR,ERR,ERR,ERR,ERR,ERR,ERR,ERR,ERR,ERR,ERR,ERR,ERR,ERR,ERR,ERR,ERR,ERR,ERR,ERR,ERR,ERR,ERR,ERR,ERR,ERR,ERR,ERR,ERR,ERR,ERR,ERR,ERR,ERR,ERR,ERR,ERR,ERR,ERR,ERR,ERR,ERR,ERR,ERR,ERR,ERR,ERR,ERR,ERR,ERR,ERR,ERR,ERR,ERR,ERR,ERR,ERR,ERR,ERR,ERR,ERR,ERR,ERR,ERR,ERR,ERR,ERR,ERR,ERR,ERR,ERR,ERR,ERR,ERR,ERR,ERR,ERR,ERR,ERR,ERR,ERR,ERR,ERR,ERR,ERR,ERR,ERR,ERR,ERR,0.0,0.0,2.6474835549302285e+23,0.0,0.0,1.3936040501711995e+18,7.805,0.0,0,0,4,0,7116,0.0,100,0.0,0.0,0.0,0.0,0.0,0,0,0,0,0.0,0,0,0,0,0,0,0,0,0,0,0,0,0,0,0,0,0,0,0,0,0,0,0,0,0,0,0,0,0,0,0,0,0,31,40,40,71,65476,0,300,0,0,8,21553,0.0,-107605600.0,0.0,0.0,0.0,0.0,0.0,0.0,0.0,0.0,0.0,0.0,0.0,0.0,0.0,0.0,0.0,0.0,0.0,0.0,0.0,0.0,-2.004,2.004,2.004,-2.004,0.0,0.0,0.0,0.0,4501.0,0.0,6912.0,0.0,0.0,0.0,-0.0,0.0,0.0,0.0,0.0,69,-5.8480849975795215e+35,0.0,0.0,0.0,0.0,0.0,0.0,0.0,0.0,0,0,0,0.0,0.0,0.0,0.0,0.0,0.0,0.0,0.0,0.0,0.0,0.0,0.0,0.0,0.0,0.0,0.0,0,-107875648.0,69,0.0,138,0.0,-109183328.0,0,0,17087,13107,17103,13107,17082,0,0,0,70,68,100,-0.0,82.4,-107615456.0,78.2,2.7302388193790272e+23,79.0,1,49,50,180,0,0,0,0,0.0,0.0,0.0,0.0,-0.0,67.0,0.0,162057.094,0.0,980,0,1010,0,0,0,955,0,1036,0,930,0,792,0,784,0,823,0,7520,0.032,1.95996655783164e+20,0.0,0.0,784,16797,-0.0,162057.094,-114818.039,-0.0,0.133,6.909358625270745e+28,30.0,70.0,35,0.0,0.0,0.0,0.0,0.0,0.0,0.0,0.0,0.0,0.0,0.0,0.0,0.0,0.0,0.0,0.0,66.4,0,150,71,52,65476,0,300,0,0,8,20529,65476,0,0,44564,70.0,0.0,0.0,0.0,0.0,0.0
2026-09-10T21:17:27,ERR,ERR,ERR,ERR,ERR,ERR,ERR,ERR,ERR,ERR,ERR,ERR,ERR,ERR,ERR,ERR,ERR,ERR,ERR,ERR,ERR,ERR,ERR,ERR,ERR,ERR,ERR,ERR,ERR,ERR,ERR,ERR,ERR,ERR,ERR,ERR,ERR,ERR,ERR,ERR,ERR,ERR,ERR,ERR,ERR,ERR,ERR,ERR,ERR,ERR,ERR,ERR,ERR,ERR,ERR,ERR,ERR,ERR,ERR,ERR,ERR,ERR,ERR,ERR,ERR,ERR,ERR,ERR,ERR,ERR,ERR,ERR,ERR,ERR,ERR,ERR,ERR,ERR,ERR,ERR,ERR,ERR,ERR,ERR,ERR,ERR,ERR,ERR,ERR,ERR,ERR,ERR,ERR,ERR,ERR,ERR,ERR,ERR,ERR,ERR,ERR,ERR,ERR,ERR,ERR,ERR,ERR,ERR,ERR,ERR,ERR,ERR,ERR,ERR,ERR,ERR,ERR,ERR,ERR,ERR,ERR,ERR,ERR,ERR,ERR,0.0,0.0,2.6474835549302285e+23,0.0,0.0,1.3936040501711995e+18,7.805,0.0,0,0,4,0,7116,0.0,100,0.0,0.0,0.0,0.0,0.0,0,0,0,0,0.0,0,0,0,0,0,0,0,0,0,0,0,0,0,0,0,0,0,0,0,0,0,0,0,0,0,0,0,0,0,0,0,0,0,31,40,40,71,65476,0,300,0,0,8,21553,0.0,-107605600.0,0.0,0.0,0.0,0.0,0.0,0.0,0.0,0.0,0.0,0.0,0.0,0.0,0.0,0.0,0.0,0.0,0.0,0.0,0.0,0.0,-2.004,2.004,2.004,-2.004,0.0,0.0,0.0,0.0,4501.0,0.0,6912.0,0.0,0.0,0.0,-0.0,0.0,0.0,0.0,0.0,69,-5.8480849975795215e+35,0.0,0.0,0.0,0.0,0.0,0.0,0.0,0.0,0,0,0,0.0,0.0,0.0,0.0,0.0,0.0,0.0,0.0,0.0,0.0,0.0,0.0,0.0,0.0,0.0,0.0,0,-107875648.0,69,0.0,138,0.0,-109183328.0,0,0,17087,13107,17103,13107,17082,0,0,0,70,68,100,-0.0,82.4,-107615456.0,78.2,2.7302388193790272e+23,79.0,1,49,50,180,0,0,0,0,0.0,0.0,0.0,0.0,-0.0,67.0,0.0,162057.094,0.0,980,0,1010,0,0,0,955,0,1036,0,930,0,792,0,784,0,823,0,7520,0.032,1.95996655783164e+20,0.0,0.0,784,16797,-0.0,162057.094,-114818.039,-0.0,0.133,6.909358625270745e+28,30.0,70.0,35,0.0,0.0,0.0,0.0,0.0,0.0,0.0,0.0,0.0,0.0,0.0,0.0,0.0,0.0,0.0,0.0,66.4,0,150,71,52,65476,0,300,0,0,8,20529,65476,0,0,44564,70.0,0.0,0.0,0.0,0.0,0.0
2026-09-10T21:17:28,ERR,ERR,ERR,ERR,ERR,ERR,ERR,ERR,ERR,ERR,ERR,ERR,ERR,ERR,ERR,ERR,ERR,ERR,ERR,ERR,ERR,ERR,ERR,ERR,ERR,ERR,ERR,ERR,ERR,ERR,ERR,ERR,ERR,ERR,ERR,ERR,ERR,ERR,ERR,ERR,ERR,ERR,ERR,ERR,ERR,ERR,ERR,ERR,ERR,ERR,ERR,ERR,ERR,ERR,ERR,ERR,ERR,ERR,ERR,ERR,ERR,ERR,ERR,ERR,ERR,ERR,ERR,ERR,ERR,ERR,ERR,ERR,ERR,ERR,ERR,ERR,ERR,ERR,ERR,ERR,ERR,ERR,ERR,ERR,ERR,ERR,ERR,ERR,ERR,ERR,ERR,ERR,ERR,ERR,ERR,ERR,ERR,ERR,ERR,ERR,ERR,ERR,ERR,ERR,ERR,ERR,ERR,ERR,ERR,ERR,ERR,ERR,ERR,ERR,ERR,ERR,ERR,ERR,ERR,ERR,ERR,ERR,ERR,ERR,ERR,0.0,0.0,2.6474835549302285e+23,0.0,0.0,1.3936040501711995e+18,7.805,0.0,0,0,4,0,7116,0.0,100,0.0,0.0,0.0,0.0,0.0,0,0,0,0,0.0,0,0,0,0,0,0,0,0,0,0,0,0,0,0,0,0,0,0,0,0,0,0,0,0,0,0,0,0,0,0,0,0,0,31,40,40,71,65476,0,300,0,0,8,21553,0.0,-107605600.0,0.0,0.0,0.0,0.0,0.0,0.0,0.0,0.0,0.0,0.0,0.0,0.0,0.0,0.0,0.0,0.0,0.0,0.0,0.0,0.0,-2.004,2.004,2.004,-2.004,0.0,0.0,0.0,0.0,4501.0,0.0,6912.0,0.0,0.0,0.0,-0.0,0.0,0.0,0.0,0.0,69,-5.8480849975795215e+35,0.0,0.0,0.0,0.0,0.0,0.0,0.0,0.0,0,0,0,0.0,0.0,0.0,0.0,0.0,0.0,0.0,0.0,0.0,0.0,0.0,0.0,0.0,0.0,0.0,0.0,0,-107875648.0,69,0.0,138,0.0,-109183328.0,0,0,17087,13107,17103,13107,17082,0,0,0,70,68,100,-0.0,82.4,-107615456.0,78.2,2.7302388193790272e+23,79.0,1,49,50,180,0,0,0,0,0.0,0.0,0.0,0.0,-0.0,67.0,0.0,162057.094,0.0,980,0,1010,0,0,0,955,0,1036,0,930,0,792,0,784,0,823,0,7520,0.032,1.95996655783164e+20,0.0,0.0,784,16797,-0.0,162057.094,-114818.039,-0.0,0.133,6.909358625270745e+28,30.0,70.0,35,0.0,0.0,0.0,0.0,0.0,0.0,0.0,0.0,0.0,0.0,0.0,0.0,0.0,0.0,0.0,0.0,66.0,0,150,71,52,65476,0,300,0,0,8,20529,65476,0,0,44564,70.0,0.0,0.0,0.0,0.0,0.0
2026-09-10T21:17:29,ERR,ERR,ERR,ERR,ERR,ERR,ERR,ERR,ERR,ERR,ERR,ERR,ERR,ERR,ERR,ERR,ERR,ERR,ERR,ERR,ERR,ERR,ERR,ERR,ERR,ERR,ERR,ERR,ERR,ERR,ERR,ERR,ERR,ERR,ERR,ERR,ERR,ERR,ERR,ERR,ERR,ERR,ERR,ERR,ERR,ERR,ERR,ERR,ERR,ERR,ERR,ERR,ERR,ERR,ERR,ERR,ERR,ERR,ERR,ERR,ERR,ERR,ERR,ERR,ERR,ERR,ERR,ERR,ERR,ERR,ERR,ERR,ERR,ERR,ERR,ERR,ERR,ERR,ERR,ERR,ERR,ERR,ERR,ERR,ERR,ERR,ERR,ERR,ERR,ERR,ERR,ERR,ERR,ERR,ERR,ERR,ERR,ERR,ERR,ERR,ERR,ERR,ERR,ERR,ERR,ERR,ERR,ERR,ERR,ERR,ERR,ERR,ERR,ERR,ERR,ERR,ERR,ERR,ERR,ERR,ERR,ERR,ERR,ERR,ERR,0.0,0.0,2.6474835549302285e+23,0.0,0.0,1.3936040501711995e+18,7.805,0.0,0,0,4,0,7116,0.0,100,0.0,0.0,0.0,0.0,0.0,0,0,0,0,0.0,0,0,0,0,0,0,0,0,0,0,0,0,0,0,0,0,0,0,0,0,0,0,0,0,0,0,0,0,0,0,0,0,0,31,40,40,71,65476,0,300,0,0,8,21553,0.0,-107605600.0,0.0,0.0,0.0,0.0,0.0,0.0,0.0,0.0,0.0,0.0,0.0,0.0,0.0,0.0,0.0,0.0,0.0,0.0,0.0,0.0,-2.004,2.004,2.004,-2.004,0.0,0.0,0.0,0.0,4464.0,-1.0406632763589053e+34,6943.0,0.0,0.0,0.0,-0.0,0.0,0.0,0.0,0.0,69,-2.3088410695593833e+20,0.0,0.0,0.0,0.0,0.0,0.0,0.0,0.0,0,0,0,0.0,0.0,0.0,0.0,0.0,0.0,0.0,0.0,0.0,0.0,0.0,0.0,0.0,0.0,0.0,0.0,0,-107875648.0,69,0.0,138,0.0,-109183328.0,0,0,17087,13107,17103,13107,17082,0,0,0,70,68,100,-0.0,82.4,-107615456.0,78.2,2.7302388193790272e+23,79.0,1,49,50,180,0,0,0,0,0.0,0.0,0.0,0.0,-0.0,67.0,0.0,162057.094,0.0,980,0,1010,0,0,0,955,0,1036,0,930,0,792,0,784,0,823,0,7520,0.032,1.95996655783164e+20,0.0,0.0,784,16797,-0.0,162057.094,-114818.039,-0.0,0.133,6.909358625270745e+28,30.0,70.0,35,0.0,0.0,0.0,0.0,0.0,0.0,0.0,0.0,0.0,0.0,0.0,0.0,0.0,0.0,0.0,0.0,66.0,0,150,71,52,65476,0,300,0,0,8,20529,65476,0,0,44564,70.0,0.0,0.0,0.0,0.0,0.0
2026-09-10T21:17:30,ERR,ERR,ERR,ERR,ERR,ERR,ERR,ERR,ERR,ERR,ERR,ERR,ERR,ERR,ERR,ERR,ERR,ERR,ERR,ERR,ERR,ERR,ERR,ERR,ERR,ERR,ERR,ERR,ERR,ERR,ERR,ERR,ERR,ERR,ERR,ERR,ERR,ERR,ERR,ERR,ERR,ERR,ERR,ERR,ERR,ERR,ERR,ERR,ERR,ERR,ERR,ERR,ERR,ERR,ERR,ERR,ERR,ERR,ERR,ERR,ERR,ERR,ERR,ERR,ERR,ERR,ERR,ERR,ERR,ERR,ERR,ERR,ERR,ERR,ERR,ERR,ERR,ERR,ERR,ERR,ERR,ERR,ERR,ERR,ERR,ERR,ERR,ERR,ERR,ERR,ERR,ERR,ERR,ERR,ERR,ERR,ERR,ERR,ERR,ERR,ERR,ERR,ERR,ERR,ERR,ERR,ERR,ERR,ERR,ERR,ERR,ERR,ERR,ERR,ERR,ERR,ERR,ERR,ERR,ERR,ERR,ERR,ERR,ERR,ERR,0.0,0.0,2.6474835549302285e+23,0.0,0.0,1.3936040501711995e+18,7.805,0.0,0,0,4,0,7116,0.0,100,0.0,0.0,0.0,0.0,0.0,0,0,0,0,0.0,0,0,0,0,0,0,0,0,0,0,0,0,0,0,0,0,0,0,0,0,0,0,0,0,0,0,0,0,0,0,0,0,0,31,40,40,71,65476,0,300,0,0,8,21553,0.0,-107605600.0,0.0,0.0,0.0,0.0,0.0,0.0,0.0,0.0,0.0,0.0,0.0,0.0,0.0,0.0,0.0,0.0,0.0,0.0,0.0,0.0,-2.004,2.004,2.004,-2.004,0.0,0.0,0.0,0.0,4464.0,-1.0406632763589053e+34,6943.0,0.0,0.0,0.0,-0.0,0.0,0.0,0.0,0.0,69,-2.3088410695593833e+20,0.0,0.0,0.0,0.0,0.0,0.0,0.0,0.0,0,0,0,0.0,0.0,0.0,0.0,0.0,0.0,0.0,0.0,0.0,0.0,0.0,0.0,0.0,0.0,0.0,0.0,0,-107875648.0,69,0.0,138,0.0,-109183328.0,0,0,17087,13107,17103,0,17082,0,0,0,70,68,100,2.7302399002429377e+23,82.4,-107615456.0,78.3,-0.0,79.0,1,49,50,180,0,0,0,0,0.0,0.0,0.0,0.0,-0.0,67.0,0.0,162057.094,0.0,980,0,1010,0,0,0,955,0,1036,0,931,0,793,0,784,0,822,0,7520,0.032,1.95996655783164e+20,0.0,0.0,784,16797,-0.0,162057.094,-114818.039,-0.0,0.133,6.909358625270745e+28,30.0,70.0,35,0.0,0.0,0.0,0.0,0.0,0.0,0.0,0.0,0.0,0.0,0.0,0.0,0.0,0.0,0.0,0.0,66.0,0,150,71,52,65476,0,300,0,0,8,20529,65476,0,0,44564,70.0,0.0,0.0,0.0,0.0,0.0
2026-09-10T21:17:31,ERR,ERR,ERR,ERR,ERR,ERR,ERR,ERR,ERR,ERR,ERR,ERR,ERR,ERR,ERR,ERR,ERR,ERR,ERR,ERR,ERR,ERR,ERR,ERR,ERR,ERR,ERR,ERR,ERR,ERR,ERR,ERR,ERR,ERR,ERR,ERR,ERR,ERR,ERR,ERR,ERR,ERR,ERR,ERR,ERR,ERR,ERR,ERR,ERR,ERR,ERR,ERR,ERR,ERR,ERR,ERR,ERR,ERR,ERR,ERR,ERR,ERR,ERR,ERR,ERR,ERR,ERR,ERR,ERR,ERR,ERR,ERR,ERR,ERR,ERR,ERR,ERR,ERR,ERR,ERR,ERR,ERR,ERR,ERR,ERR,ERR,ERR,ERR,ERR,ERR,ERR,ERR,ERR,ERR,ERR,ERR,ERR,ERR,ERR,ERR,ERR,ERR,ERR,ERR,ERR,ERR,ERR,ERR,ERR,ERR,ERR,ERR,ERR,ERR,ERR,ERR,ERR,ERR,ERR,ERR,ERR,ERR,ERR,ERR,ERR,0.0,0.0,2.6474835549302285e+23,0.0,0.0,1.3936040501711995e+18,7.805,0.0,0,0,4,0,7116,0.0,100,0.0,0.0,0.0,0.0,0.0,0,0,0,0,0.0,0,0,0,0,0,0,0,0,0,0,0,0,0,0,0,0,0,0,0,0,0,0,0,0,0,0,0,0,0,0,0,0,0,31,40,40,71,65476,0,300,0,0,8,21553,0.0,-107605600.0,0.0,0.0,0.0,0.0,0.0,0.0,0.0,0.0,0.0,0.0,0.0,0.0,0.0,0.0,0.0,0.0,0.0,0.0,0.0,0.0,-2.004,2.004,2.004,-2.004,0.0,0.0,0.0,0.0,4464.0,-1.0406632763589053e+34,6943.0,0.0,0.0,0.0,-0.0,0.0,0.0,0.0,0.0,69,-2.3088410695593833e+20,0.0,0.0,0.0,0.0,0.0,0.0,0.0,0.0,0,0,0,0.0,0.0,0.0,0.0,0.0,0.0,0.0,0.0,0.0,0.0,0.0,0.0,0.0,0.0,0.0,0.0,0,-107875648.0,69,0.0,138,0.0,-109183328.0,0,0,17087,13107,17103,0,17082,0,0,0,70,68,100,2.7302399002429377e+23,82.4,-107615456.0,78.3,-0.0,79.0,1,49,50,180,0,0,0,0,0.0,0.0,0.0,0.0,-0.0,67.0,0.0,162057.094,0.0,980,0,1010,0,0,0,955,0,1036,0,931,0,793,0,784,0,822,0,7520,0.032,1.95996655783164e+20,0.0,0.0,784,16797,-0.0,162057.094,-114818.039,-0.0,0.133,6.909358625270745e+28,30.0,70.0,35,0.0,0.0,0.0,0.0,0.0,0.0,0.0,0.0,0.0,0.0,0.0,0.0,0.0,0.0,0.0,0.0,66.0,0,150,71,52,65476,0,300,0,0,8,20529,65476,0,0,44564,70.0,0.0,0.0,0.0,0.0,0.0
2026-09-10T21:17:32,ERR,ERR,ERR,ERR,ERR,ERR,ERR,ERR,ERR,ERR,ERR,ERR,ERR,ERR,ERR,ERR,ERR,ERR,ERR,ERR,ERR,ERR,ERR,ERR,ERR,ERR,ERR,ERR,ERR,ERR,ERR,ERR,ERR,ERR,ERR,ERR,ERR,ERR,ERR,ERR,ERR,ERR,ERR,ERR,ERR,ERR,ERR,ERR,ERR,ERR,ERR,ERR,ERR,ERR,ERR,ERR,ERR,ERR,ERR,ERR,ERR,ERR,ERR,ERR,ERR,ERR,ERR,ERR,ERR,ERR,ERR,ERR,ERR,ERR,ERR,ERR,ERR,ERR,ERR,ERR,ERR,ERR,ERR,ERR,ERR,ERR,ERR,ERR,ERR,ERR,ERR,ERR,ERR,ERR,ERR,ERR,ERR,ERR,ERR,ERR,ERR,ERR,ERR,ERR,ERR,ERR,ERR,ERR,ERR,ERR,ERR,ERR,ERR,ERR,ERR,ERR,ERR,ERR,ERR,ERR,ERR,ERR,ERR,ERR,ERR,0.0,0.0,2.6474835549302285e+23,0.0,0.0,1.3936040501711995e+18,7.805,0.0,0,0,4,0,7116,0.0,100,0.0,0.0,0.0,0.0,0.0,0,0,0,0,0.0,0,0,0,0,0,0,0,0,0,0,0,0,0,0,0,0,0,0,0,0,0,0,0,0,0,0,0,0,0,0,0,0,0,31,40,40,71,65476,0,300,0,0,8,21553,0.0,-107605600.0,0.0,0.0,0.0,0.0,0.0,0.0,0.0,0.0,0.0,0.0,0.0,0.0,0.0,0.0,0.0,0.0,0.0,0.0,0.0,0.0,-2.004,2.004,2.004,-2.004,0.0,0.0,0.0,0.0,4464.0,-1.0406632763589053e+34,6943.0,0.0,0.0,0.0,-0.0,0.0,0.0,0.0,0.0,69,-2.3088410695593833e+20,0.0,0.0,0.0,0.0,0.0,0.0,0.0,0.0,0,0,0,0.0,0.0,0.0,0.0,0.0,0.0,0.0,0.0,0.0,0.0,0.0,0.0,0.0,0.0,0.0,0.0,0,-107875648.0,69,0.0,138,0.0,-109183328.0,0,0,17087,13107,17103,0,17082,0,0,0,70,68,100,2.7302399002429377e+23,82.4,-107615456.0,78.3,-0.0,79.0,1,49,50,180,0,0,0,0,0.0,0.0,0.0,0.0,-0.0,67.0,0.0,162057.094,0.0,980,0,1010,0,0,0,955,0,1036,0,931,0,793,0,784,0,822,0,7520,0.032,1.95996655783164e+20,0.0,0.0,784,16797,-0.0,162057.094,-114818.039,-0.0,0.133,6.909358625270745e+28,30.0,70.0,35,0.0,0.0,0.0,0.0,0.0,0.0,0.0,0.0,0.0,0.0,0.0,0.0,0.0,0.0,0.0,0.0,66.0,0,150,71,52,65476,0,300,0,0,8,20529,65476,0,0,44564,70.0,0.0,0.0,0.0,0.0,0.0
2026-09-10T21:17:33,ERR,ERR,ERR,ERR,ERR,ERR,ERR,ERR,ERR,ERR,ERR,ERR,ERR,ERR,ERR,ERR,ERR,ERR,ERR,ERR,ERR,ERR,ERR,ERR,ERR,ERR,ERR,ERR,ERR,ERR,ERR,ERR,ERR,ERR,ERR,ERR,ERR,ERR,ERR,ERR,ERR,ERR,ERR,ERR,ERR,ERR,ERR,ERR,ERR,ERR,ERR,ERR,ERR,ERR,ERR,ERR,ERR,ERR,ERR,ERR,ERR,ERR,ERR,ERR,ERR,ERR,ERR,ERR,ERR,ERR,ERR,ERR,ERR,ERR,ERR,ERR,ERR,ERR,ERR,ERR,ERR,ERR,ERR,ERR,ERR,ERR,ERR,ERR,ERR,ERR,ERR,ERR,ERR,ERR,ERR,ERR,ERR,ERR,ERR,ERR,ERR,ERR,ERR,ERR,ERR,ERR,ERR,ERR,ERR,ERR,ERR,ERR,ERR,ERR,ERR,ERR,ERR,ERR,ERR,ERR,ERR,ERR,ERR,ERR,ERR,0.0,0.0,2.6474835549302285e+23,0.0,0.0,1.3936040501711995e+18,7.805,0.0,0,0,4,0,7116,0.0,100,0.0,0.0,0.0,0.0,0.0,0,0,0,0,0.0,0,0,0,0,0,0,0,0,0,0,0,0,0,0,0,0,0,0,0,0,0,0,0,0,0,0,0,0,0,0,0,0,0,31,40,40,71,65476,0,300,0,0,8,21553,0.0,-107605600.0,0.0,0.0,0.0,0.0,0.0,0.0,0.0,0.0,0.0,0.0,0.0,0.0,0.0,0.0,0.0,0.0,0.0,0.0,0.0,0.0,-2.004,2.004,2.004,-2.004,0.0,0.0,0.0,0.0,4464.0,-1.0406632763589053e+34,6943.0,0.0,0.0,0.0,-0.0,0.0,0.0,0.0,0.0,69,-2.3088410695593833e+20,0.0,0.0,0.0,0.0,0.0,0.0,0.0,0.0,0,0,0,0.0,0.0,0.0,0.0,0.0,0.0,0.0,0.0,0.0,0.0,0.0,0.0,0.0,0.0,0.0,0.0,0,-107875648.0,69,0.0,138,0.0,-109183328.0,0,0,17087,13107,17103,0,17082,0,0,0,70,68,100,2.7302399002429377e+23,82.4,-107615456.0,78.3,-0.0,79.0,1,49,50,180,0,0,0,0,0.0,0.0,0.0,0.0,-0.0,67.0,0.0,162057.094,0.0,980,0,1010,0,0,0,955,0,1036,0,931,0,793,0,784,0,822,0,7520,0.032,1.95996655783164e+20,0.0,0.0,784,16797,-0.0,162057.094,-114818.039,-0.0,0.133,6.909358625270745e+28,30.0,70.0,35,0.0,0.0,0.0,0.0,0.0,0.0,0.0,0.0,0.0,0.0,0.0,0.0,0.0,0.0,0.0,0.0,66.0,0,150,71,52,65476,0,300,0,0,8,20529,65476,0,0,44564,70.0,0.0,0.0,0.0,0.0,0.0
2026-09-10T21:17:34,ERR,ERR,ERR,ERR,ERR,ERR,ERR,ERR,ERR,ERR,ERR,ERR,ERR,ERR,ERR,ERR,ERR,ERR,ERR,ERR,ERR,ERR,ERR,ERR,ERR,ERR,ERR,ERR,ERR,ERR,ERR,ERR,ERR,ERR,ERR,ERR,ERR,ERR,ERR,ERR,ERR,ERR,ERR,ERR,ERR,ERR,ERR,ERR,ERR,ERR,ERR,ERR,ERR,ERR,ERR,ERR,ERR,ERR,ERR,ERR,ERR,ERR,ERR,ERR,ERR,ERR,ERR,ERR,ERR,ERR,ERR,ERR,ERR,ERR,ERR,ERR,ERR,ERR,ERR,ERR,ERR,ERR,ERR,ERR,ERR,ERR,ERR,ERR,ERR,ERR,ERR,ERR,ERR,ERR,ERR,ERR,ERR,ERR,ERR,ERR,ERR,ERR,ERR,ERR,ERR,ERR,ERR,ERR,ERR,ERR,ERR,ERR,ERR,ERR,ERR,ERR,ERR,ERR,ERR,ERR,ERR,ERR,ERR,ERR,ERR,0.0,0.0,2.6474835549302285e+23,0.0,0.0,1.3936040501711995e+18,7.805,0.0,0,0,4,0,7116,0.0,100,0.0,0.0,0.0,0.0,0.0,0,0,0,0,0.0,0,0,0,0,0,0,0,0,0,0,0,0,0,0,0,0,0,0,0,0,0,0,0,0,0,0,0,0,0,0,0,0,0,31,40,40,71,65476,0,300,0,0,8,21553,0.0,-107605600.0,0.0,0.0,0.0,0.0,0.0,0.0,0.0,0.0,0.0,0.0,0.0,0.0,0.0,0.0,0.0,0.0,0.0,0.0,0.0,0.0,-2.004,2.004,2.004,-2.004,0.0,0.0,0.0,0.0,4464.0,-1.0406632763589053e+34,6943.0,0.0,0.0,0.0,-0.0,0.0,0.0,0.0,0.0,69,-2.3088410695593833e+20,0.0,0.0,0.0,0.0,0.0,0.0,0.0,0.0,0,0,0,0.0,0.0,0.0,0.0,0.0,0.0,0.0,0.0,0.0,0.0,0.0,0.0,0.0,0.0,0.0,0.0,0,-107875648.0,69,0.0,138,0.0,-109183328.0,0,0,17087,13107,17103,0,17082,0,0,0,70,68,100,-0.0,82.4,-107615456.0,78.2,2.7302388193790272e+23,79.0,1,49,50,180,0,0,0,0,0.0,0.0,0.0,0.0,-0.0,67.0,0.0,162057.094,0.0,980,0,1010,0,0,0,954,0,1036,0,931,0,793,0,784,0,823,0,7520,0.032,1.95996655783164e+20,0.0,0.0,784,16797,-0.0,162057.094,-114818.039,-0.0,0.133,6.909358625270745e+28,30.0,70.0,35,0.0,0.0,0.0,0.0,0.0,0.0,0.0,0.0,0.0,0.0,0.0,0.0,0.0,0.0,0.0,0.0,66.0,0,150,71,52,65476,0,300,0,0,8,20529,65476,0,0,44564,70.0,0.0,0.0,0.0,0.0,0.0
2026-09-10T21:17:35,ERR,ERR,ERR,ERR,ERR,ERR,ERR,ERR,ERR,ERR,ERR,ERR,ERR,ERR,ERR,ERR,ERR,ERR,ERR,ERR,ERR,ERR,ERR,ERR,ERR,ERR,ERR,ERR,ERR,ERR,ERR,ERR,ERR,ERR,ERR,ERR,ERR,ERR,ERR,ERR,ERR,ERR,ERR,ERR,ERR,ERR,ERR,ERR,ERR,ERR,ERR,ERR,ERR,ERR,ERR,ERR,ERR,ERR,ERR,ERR,ERR,ERR,ERR,ERR,ERR,ERR,ERR,ERR,ERR,ERR,ERR,ERR,ERR,ERR,ERR,ERR,ERR,ERR,ERR,ERR,ERR,ERR,ERR,ERR,ERR,ERR,ERR,ERR,ERR,ERR,ERR,ERR,ERR,ERR,ERR,ERR,ERR,ERR,ERR,ERR,ERR,ERR,ERR,ERR,ERR,ERR,ERR,ERR,ERR,ERR,ERR,ERR,ERR,ERR,ERR,ERR,ERR,ERR,ERR,ERR,ERR,ERR,ERR,ERR,ERR,0.0,0.0,2.6474835549302285e+23,0.0,0.0,1.3936040501711995e+18,7.805,0.0,0,0,4,0,7116,0.0,100,0.0,0.0,0.0,0.0,0.0,0,0,0,0,0.0,0,0,0,0,0,0,0,0,0,0,0,0,0,0,0,0,0,0,0,0,0,0,0,0,0,0,0,0,0,0,0,0,0,31,40,40,71,65476,0,300,0,0,8,21553,0.0,-107605600.0,0.0,0.0,0.0,0.0,0.0,0.0,0.0,0.0,0.0,0.0,0.0,0.0,0.0,0.0,0.0,0.0,0.0,0.0,0.0,0.0,-2.004,2.004,2.004,-2.004,0.0,0.0,0.0,0.0,4464.0,-1.0406632763589053e+34,6943.0,0.0,0.0,0.0,-0.0,0.0,0.0,0.0,0.0,69,-2.3088410695593833e+20,0.0,0.0,0.0,0.0,0.0,0.0,0.0,0.0,0,0,0,0.0,0.0,0.0,0.0,0.0,0.0,0.0,0.0,0.0,0.0,0.0,0.0,0.0,0.0,0.0,0.0,0,-107875648.0,69,0.0,138,0.0,-109183328.0,0,0,17087,13107,17103,0,17082,0,0,0,70,68,100,-0.0,82.4,-107615456.0,78.2,2.7302388193790272e+23,79.0,1,49,50,180,0,0,0,0,0.0,0.0,0.0,0.0,-0.0,67.0,0.0,162057.094,0.0,980,0,1010,0,0,0,954,0,1036,0,931,0,793,0,784,0,823,0,7520,0.032,1.95996655783164e+20,0.0,0.0,784,16797,-0.0,162057.094,-114818.039,-0.0,0.133,6.909358625270745e+28,30.0,70.0,35,0.0,0.0,0.0,0.0,0.0,0.0,0.0,0.0,0.0,0.0,0.0,0.0,0.0,0.0,0.0,0.0,66.0,0,150,71,52,65476,0,300,0,0,8,20529,65476,0,0,44564,70.0,0.0,0.0,0.0,0.0,0.0
2026-09-10T21:17:36,ERR,ERR,ERR,ERR,ERR,ERR,ERR,ERR,ERR,ERR,ERR,ERR,ERR,ERR,ERR,ERR,ERR,ERR,ERR,ERR,ERR,ERR,ERR,ERR,ERR,ERR,ERR,ERR,ERR,ERR,ERR,ERR,ERR,ERR,ERR,ERR,ERR,ERR,ERR,ERR,ERR,ERR,ERR,ERR,ERR,ERR,ERR,ERR,ERR,ERR,ERR,ERR,ERR,ERR,ERR,ERR,ERR,ERR,ERR,ERR,ERR,ERR,ERR,ERR,ERR,ERR,ERR,ERR,ERR,ERR,ERR,ERR,ERR,ERR,ERR,ERR,ERR,ERR,ERR,ERR,ERR,ERR,ERR,ERR,ERR,ERR,ERR,ERR,ERR,ERR,ERR,ERR,ERR,ERR,ERR,ERR,ERR,ERR,ERR,ERR,ERR,ERR,ERR,ERR,ERR,ERR,ERR,ERR,ERR,ERR,ERR,ERR,ERR,ERR,ERR,ERR,ERR,ERR,ERR,ERR,ERR,ERR,ERR,ERR,ERR,0.0,0.0,2.6474835549302285e+23,0.0,0.0,1.3936040501711995e+18,7.805,0.0,0,0,4,0,7116,0.0,100,0.0,0.0,0.0,0.0,0.0,0,0,0,0,0.0,0,0,0,0,0,0,0,0,0,0,0,0,0,0,0,0,0,0,0,0,0,0,0,0,0,0,0,0,0,0,0,0,0,31,40,40,71,65476,0,300,0,0,8,21553,0.0,-107605600.0,0.0,0.0,0.0,0.0,0.0,0.0,0.0,0.0,0.0,0.0,0.0,0.0,0.0,0.0,0.0,0.0,0.0,0.0,0.0,0.0,-2.004,2.004,-0.0,-2.004,0.0,0.0,0.0,0.0,4466.0,-131350.172,6937.0,0.0,0.0,0.0,-0.0,0.0,0.0,0.0,0.0,69,-3.222030068424997e+26,-3.221994650676375e+26,0.0,0.0,0.0,0.0,0.0,0.0,0.0,0,0,0,0.0,0.0,0.0,0.0,0.0,0.0,0.0,0.0,0.0,0.0,0.0,0.0,0.0,0.0,0.0,0.0,0,-107875648.0,69,0.0,138,0.0,-109183328.0,0,0,17087,13107,17103,0,17082,0,0,0,70,68,100,-0.0,82.4,-107615456.0,78.2,2.7302388193790272e+23,79.0,1,49,50,180,0,0,0,0,0.0,0.0,0.0,0.0,-0.0,67.0,0.0,162057.094,0.0,980,0,1010,0,0,0,954,0,1036,0,931,0,793,0,784,0,823,0,7520,0.032,1.95996655783164e+20,0.0,0.0,784,16797,-0.0,162057.094,-114818.039,-0.0,0.133,6.909358625270745e+28,30.0,70.0,35,0.0,0.0,0.0,0.0,0.0,0.0,0.0,0.0,0.0,0.0,0.0,0.0,0.0,0.0,0.0,0.0,66.0,0,150,71,52,65476,0,300,0,0,8,20529,65476,0,0,44564,70.0,0.0,0.0,0.0,0.0,0.0
2026-09-10T21:17:37,ERR,ERR,ERR,ERR,ERR,ERR,ERR,ERR,ERR,ERR,ERR,ERR,ERR,ERR,ERR,ERR,ERR,ERR,ERR,ERR,ERR,ERR,ERR,ERR,ERR,ERR,ERR,ERR,ERR,ERR,ERR,ERR,ERR,ERR,ERR,ERR,ERR,ERR,ERR,ERR,ERR,ERR,ERR,ERR,ERR,ERR,ERR,ERR,ERR,ERR,ERR,ERR,ERR,ERR,ERR,ERR,ERR,ERR,ERR,ERR,ERR,ERR,ERR,ERR,ERR,ERR,ERR,ERR,ERR,ERR,ERR,ERR,ERR,ERR,ERR,ERR,ERR,ERR,ERR,ERR,ERR,ERR,ERR,ERR,ERR,ERR,ERR,ERR,ERR,ERR,ERR,ERR,ERR,ERR,ERR,ERR,ERR,ERR,ERR,ERR,ERR,ERR,ERR,ERR,ERR,ERR,ERR,ERR,ERR,ERR,ERR,ERR,ERR,ERR,ERR,ERR,ERR,ERR,ERR,ERR,ERR,ERR,ERR,ERR,ERR,0.0,0.0,2.6474835549302285e+23,0.0,0.0,1.3936040501711995e+18,7.805,0.0,0,0,4,0,7116,0.0,100,0.0,0.0,0.0,0.0,0.0,0,0,0,0,0.0,0,0,0,0,0,0,0,0,0,0,0,0,0,0,0,0,0,0,0,0,0,0,0,0,0,0,0,0,0,0,0,0,0,31,40,40,71,65476,0,300,0,0,8,21553,0.0,-107605600.0,0.0,0.0,0.0,0.0,0.0,0.0,0.0,0.0,0.0,0.0,0.0,0.0,0.0,0.0,0.0,0.0,0.0,0.0,0.0,0.0,-2.004,2.004,-0.0,-2.004,0.0,0.0,0.0,0.0,4466.0,-131350.172,6937.0,0.0,0.0,0.0,-0.0,0.0,0.0,0.0,0.0,69,-3.222030068424997e+26,-3.221994650676375e+26,0.0,0.0,0.0,0.0,0.0,0.0,0.0,0,0,0,0.0,0.0,0.0,0.0,0.0,0.0,0.0,0.0,0.0,0.0,0.0,0.0,0.0,0.0,0.0,0.0,0,-107875648.0,69,0.0,138,0.0,-109183328.0,0,0,17087,13107,17103,0,17082,0,0,0,70,68,100,-0.0,82.4,-107615456.0,78.2,2.7302388193790272e+23,79.0,1,49,50,180,0,0,0,0,0.0,0.0,0.0,0.0,-0.0,67.0,0.0,162057.094,0.0,980,0,1010,0,0,0,954,0,1036,0,931,0,793,0,784,0,823,0,7520,0.032,1.95996655783164e+20,0.0,0.0,784,16797,-0.0,162057.094,-114818.039,-0.0,0.133,6.909358625270745e+28,30.0,70.0,35,0.0,0.0,0.0,0.0,0.0,0.0,0.0,0.0,0.0,0.0,0.0,0.0,0.0,0.0,0.0,0.0,66.0,0,150,71,52,65476,0,300,0,0,8,20529,65476,0,0,44564,70.0,0.0,0.0,0.0,0.0,0.0
2026-09-10T21:17:38,ERR,ERR,ERR,ERR,ERR,ERR,ERR,ERR,ERR,ERR,ERR,ERR,ERR,ERR,ERR,ERR,ERR,ERR,ERR,ERR,ERR,ERR,ERR,ERR,ERR,ERR,ERR,ERR,ERR,ERR,ERR,ERR,ERR,ERR,ERR,ERR,ERR,ERR,ERR,ERR,ERR,ERR,ERR,ERR,ERR,ERR,ERR,ERR,ERR,ERR,ERR,ERR,ERR,ERR,ERR,ERR,ERR,ERR,ERR,ERR,ERR,ERR,ERR,ERR,ERR,ERR,ERR,ERR,ERR,ERR,ERR,ERR,ERR,ERR,ERR,ERR,ERR,ERR,ERR,ERR,ERR,ERR,ERR,ERR,ERR,ERR,ERR,ERR,ERR,ERR,ERR,ERR,ERR,ERR,ERR,ERR,ERR,ERR,ERR,ERR,ERR,ERR,ERR,ERR,ERR,ERR,ERR,ERR,ERR,ERR,ERR,ERR,ERR,ERR,ERR,ERR,ERR,ERR,ERR,ERR,ERR,ERR,ERR,ERR,ERR,0.0,0.0,2.6474835549302285e+23,0.0,0.0,1.3936040501711995e+18,7.805,0.0,0,0,4,0,7116,0.0,100,0.0,0.0,0.0,0.0,0.0,0,0,0,0,0.0,0,0,0,0,0,0,0,0,0,0,0,0,0,0,0,0,0,0,0,0,0,0,0,0,0,0,0,0,0,0,0,0,0,31,40,40,71,65476,0,300,0,0,8,21553,0.0,-107605600.0,0.0,0.0,0.0,0.0,0.0,0.0,0.0,0.0,0.0,0.0,0.0,0.0,0.0,0.0,0.0,0.0,0.0,0.0,0.0,0.0,-2.004,2.004,-0.0,-2.004,0.0,0.0,0.0,0.0,4466.0,-131350.172,6937.0,0.0,0.0,0.0,-0.0,0.0,0.0,0.0,0.0,69,-3.222030068424997e+26,-3.221994650676375e+26,0.0,0.0,0.0,0.0,0.0,0.0,0.0,0,0,0,0.0,0.0,0.0,0.0,0.0,0.0,0.0,0.0,0.0,0.0,0.0,0.0,0.0,0.0,0.0,0.0,0,-107875648.0,69,0.0,138,0.0,-109183328.0,0,0,17087,13107,17103,0,17082,0,0,0,70,68,100,-0.0,82.4,-107615456.0,78.2,2.7302388193790272e+23,79.0,1,49,50,180,0,0,0,0,0.0,0.0,0.0,0.0,-0.0,67.0,0.0,162057.094,0.0,980,0,1010,0,0,0,954,0,1036,0,931,0,793,0,784,0,823,0,7520,0.032,1.95996655783164e+20,0.0,0.0,784,16797,-0.0,162057.094,-114818.039,-0.0,0.133,6.909358625270745e+28,30.0,70.0,35,0.0,0.0,0.0,0.0,0.0,0.0,0.0,0.0,0.0,0.0,0.0,0.0,0.0,0.0,0.0,0.0,66.4,0,150,71,52,65476,0,300,0,0,8,20529,65476,0,0,44564,70.0,0.0,0.0,0.0,0.0,0.0
2026-09-10T21:17:39,ERR,ERR,ERR,ERR,ERR,ERR,ERR,ERR,ERR,ERR,ERR,ERR,ERR,ERR,ERR,ERR,ERR,ERR,ERR,ERR,ERR,ERR,ERR,ERR,ERR,ERR,ERR,ERR,ERR,ERR,ERR,ERR,ERR,ERR,ERR,ERR,ERR,ERR,ERR,ERR,ERR,ERR,ERR,ERR,ERR,ERR,ERR,ERR,ERR,ERR,ERR,ERR,ERR,ERR,ERR,ERR,ERR,ERR,ERR,ERR,ERR,ERR,ERR,ERR,ERR,ERR,ERR,ERR,ERR,ERR,ERR,ERR,ERR,ERR,ERR,ERR,ERR,ERR,ERR,ERR,ERR,ERR,ERR,ERR,ERR,ERR,ERR,ERR,ERR,ERR,ERR,ERR,ERR,ERR,ERR,ERR,ERR,ERR,ERR,ERR,ERR,ERR,ERR,ERR,ERR,ERR,ERR,ERR,ERR,ERR,ERR,ERR,ERR,ERR,ERR,ERR,ERR,ERR,ERR,ERR,ERR,ERR,ERR,ERR,ERR,0.0,0.0,2.6474835549302285e+23,0.0,0.0,1.3936040501711995e+18,7.805,0.0,0,0,4,0,7116,0.0,100,0.0,0.0,0.0,0.0,0.0,0,0,0,0,0.0,0,0,0,0,0,0,0,0,0,0,0,0,0,0,0,0,0,0,0,0,0,0,0,0,0,0,0,0,0,0,0,0,0,31,40,40,71,65476,0,300,0,0,8,21553,0.0,-107605600.0,0.0,0.0,0.0,0.0,0.0,0.0,0.0,0.0,0.0,0.0,0.0,0.0,0.0,0.0,0.0,0.0,0.0,0.0,0.0,0.0,-2.004,2.004,-0.0,-2.004,0.0,0.0,0.0,0.0,4466.0,-131350.172,6937.0,0.0,0.0,0.0,-0.0,0.0,0.0,0.0,0.0,69,-3.222030068424997e+26,-3.221994650676375e+26,0.0,0.0,0.0,0.0,0.0,0.0,0.0,0,0,0,0.0,0.0,0.0,0.0,0.0,0.0,0.0,0.0,0.0,0.0,0.0,0.0,0.0,0.0,0.0,0.0,0,-107875648.0,69,0.0,138,0.0,-109183328.0,0,0,17087,13107,17103,0,17082,0,0,0,70,68,100,-0.0,82.4,-107615456.0,78.2,2.7302388193790272e+23,79.0,1,49,50,180,0,0,0,0,0.0,0.0,0.0,0.0,-0.0,67.0,0.0,162057.094,0.0,980,0,1010,0,0,0,955,0,1036,0,931,0,793,0,784,0,822,0,7520,0.032,1.9484373427855714e+20,0.0,0.0,784,16797,-0.0,162057.094,-114818.039,-0.0,0.133,6.909358625270745e+28,30.0,70.0,35,0.0,0.0,0.0,0.0,0.0,0.0,0.0,0.0,0.0,0.0,0.0,0.0,0.0,0.0,0.0,0.0,66.0,0,150,71,52,65476,0,300,0,0,8,20529,65476,0,0,44564,70.0,0.0,0.0,0.0,0.0,0.0
2026-09-10T21:17:40,ERR,ERR,ERR,ERR,ERR,ERR,ERR,ERR,ERR,ERR,ERR,ERR,ERR,ERR,ERR,ERR,ERR,ERR,ERR,ERR,ERR,ERR,ERR,ERR,ERR,ERR,ERR,ERR,ERR,ERR,ERR,ERR,ERR,ERR,ERR,ERR,ERR,ERR,ERR,ERR,ERR,ERR,ERR,ERR,ERR,ERR,ERR,ERR,ERR,ERR,ERR,ERR,ERR,ERR,ERR,ERR,ERR,ERR,ERR,ERR,ERR,ERR,ERR,ERR,ERR,ERR,ERR,ERR,ERR,ERR,ERR,ERR,ERR,ERR,ERR,ERR,ERR,ERR,ERR,ERR,ERR,ERR,ERR,ERR,ERR,ERR,ERR,ERR,ERR,ERR,ERR,ERR,ERR,ERR,ERR,ERR,ERR,ERR,ERR,ERR,ERR,ERR,ERR,ERR,ERR,ERR,ERR,ERR,ERR,ERR,ERR,ERR,ERR,ERR,ERR,ERR,ERR,ERR,ERR,ERR,ERR,ERR,ERR,ERR,ERR,0.0,0.0,2.6474835549302285e+23,0.0,0.0,1.3936040501711995e+18,7.805,0.0,0,0,4,0,7116,0.0,100,0.0,0.0,0.0,0.0,0.0,0,0,0,0,0.0,0,0,0,0,0,0,0,0,0,0,0,0,0,0,0,0,0,0,0,0,0,0,0,0,0,0,0,0,0,0,0,0,0,31,40,40,71,65476,0,300,0,0,8,21553,0.0,-107605600.0,0.0,0.0,0.0,0.0,0.0,0.0,0.0,0.0,0.0,0.0,0.0,0.0,0.0,0.0,0.0,0.0,0.0,0.0,0.0,0.0,-2.004,2.004,-0.0,-2.004,0.0,0.0,0.0,0.0,4466.0,-131350.172,6937.0,0.0,0.0,0.0,-0.0,0.0,0.0,0.0,0.0,69,-3.222030068424997e+26,-3.221994650676375e+26,0.0,0.0,0.0,0.0,0.0,0.0,0.0,0,0,0,0.0,0.0,0.0,0.0,0.0,0.0,0.0,0.0,0.0,0.0,0.0,0.0,0.0,0.0,0.0,0.0,0,-107875648.0,69,0.0,138,0.0,-109183328.0,0,0,17087,13107,17103,0,17082,0,0,0,70,68,100,-0.0,82.4,-107615456.0,78.2,2.7302388193790272e+23,79.0,1,49,50,180,0,0,0,0,0.0,0.0,0.0,0.0,-0.0,67.0,0.0,162057.094,0.0,980,0,1010,0,0,0,955,0,1036,0,931,0,793,0,784,0,822,0,7520,0.032,1.9484373427855714e+20,0.0,0.0,784,16797,-0.0,162057.094,-114818.039,-0.0,0.133,6.909358625270745e+28,30.0,70.0,35,0.0,0.0,0.0,0.0,0.0,0.0,0.0,0.0,0.0,0.0,0.0,0.0,0.0,0.0,0.0,0.0,66.0,0,150,71,52,65476,0,300,0,0,8,20529,65476,0,0,44564,70.0,0.0,0.0,0.0,0.0,0.0
2026-09-10T21:17:41,ERR,ERR,ERR,ERR,ERR,ERR,ERR,ERR,ERR,ERR,ERR,ERR,ERR,ERR,ERR,ERR,ERR,ERR,ERR,ERR,ERR,ERR,ERR,ERR,ERR,ERR,ERR,ERR,ERR,ERR,ERR,ERR,ERR,ERR,ERR,ERR,ERR,ERR,ERR,ERR,ERR,ERR,ERR,ERR,ERR,ERR,ERR,ERR,ERR,ERR,ERR,ERR,ERR,ERR,ERR,ERR,ERR,ERR,ERR,ERR,ERR,ERR,ERR,ERR,ERR,ERR,ERR,ERR,ERR,ERR,ERR,ERR,ERR,ERR,ERR,ERR,ERR,ERR,ERR,ERR,ERR,ERR,ERR,ERR,ERR,ERR,ERR,ERR,ERR,ERR,ERR,ERR,ERR,ERR,ERR,ERR,ERR,ERR,ERR,ERR,ERR,ERR,ERR,ERR,ERR,ERR,ERR,ERR,ERR,ERR,ERR,ERR,ERR,ERR,ERR,ERR,ERR,ERR,ERR,ERR,ERR,ERR,ERR,ERR,ERR,0.0,0.0,2.6474835549302285e+23,0.0,0.0,1.3936040501711995e+18,7.805,0.0,0,0,4,0,7116,0.0,100,0.0,0.0,0.0,0.0,0.0,0,0,0,0,0.0,0,0,0,0,0,0,0,0,0,0,0,0,0,0,0,0,0,0,0,0,0,0,0,0,0,0,0,0,0,0,0,0,0,31,40,40,71,65476,0,300,0,0,8,21553,0.0,-107605600.0,0.0,0.0,0.0,0.0,0.0,0.0,0.0,0.0,0.0,0.0,0.0,0.0,0.0,0.0,0.0,0.0,0.0,0.0,0.0,0.0,-2.004,2.004,2.004,-2.004,0.0,0.0,0.0,0.0,4470.0,-0.0,6935.0,0.0,0.0,0.0,-0.0,0.0,0.0,0.0,0.0,69,0.0,-4.950393007110635e+32,0.0,0.0,0.0,0.0,0.0,0.0,0.0,0,0,0,0.0,0.0,0.0,0.0,0.0,0.0,0.0,0.0,0.0,0.0,0.0,0.0,0.0,0.0,0.0,0.0,0,-107875648.0,69,0.0,138,0.0,-109183328.0,0,0,17087,13107,17103,0,17082,0,0,0,70,68,100,-0.0,82.4,-107615456.0,78.2,2.7302388193790272e+23,79.0,1,49,50,180,0,0,0,0,0.0,0.0,0.0,0.0,-0.0,67.0,0.0,162057.094,0.0,980,0,1010,0,0,0,955,0,1036,0,931,0,793,0,784,0,822,0,7520,0.032,1.9484373427855714e+20,0.0,0.0,784,16797,-0.0,162057.094,-114818.039,-0.0,0.133,6.909358625270745e+28,30.0,70.0,35,0.0,0.0,0.0,0.0,0.0,0.0,0.0,0.0,0.0,0.0,0.0,0.0,0.0,0.0,0.0,0.0,66.0,0,150,71,52,65476,0,300,0,0,8,20529,65476,0,0,44564,70.0,0.0,0.0,0.0,0.0,0.0
2026-09-10T21:17:42,ERR,ERR,ERR,ERR,ERR,ERR,ERR,ERR,ERR,ERR,ERR,ERR,ERR,ERR,ERR,ERR,ERR,ERR,ERR,ERR,ERR,ERR,ERR,ERR,ERR,ERR,ERR,ERR,ERR,ERR,ERR,ERR,ERR,ERR,ERR,ERR,ERR,ERR,ERR,ERR,ERR,ERR,ERR,ERR,ERR,ERR,ERR,ERR,ERR,ERR,ERR,ERR,ERR,ERR,ERR,ERR,ERR,ERR,ERR,ERR,ERR,ERR,ERR,ERR,ERR,ERR,ERR,ERR,ERR,ERR,ERR,ERR,ERR,ERR,ERR,ERR,ERR,ERR,ERR,ERR,ERR,ERR,ERR,ERR,ERR,ERR,ERR,ERR,ERR,ERR,ERR,ERR,ERR,ERR,ERR,ERR,ERR,ERR,ERR,ERR,ERR,ERR,ERR,ERR,ERR,ERR,ERR,ERR,ERR,ERR,ERR,ERR,ERR,ERR,ERR,ERR,ERR,ERR,ERR,ERR,ERR,ERR,ERR,ERR,ERR,0.0,0.0,2.6474835549302285e+23,0.0,0.0,1.3936040501711995e+18,7.805,0.0,0,0,4,0,7116,0.0,100,0.0,0.0,0.0,0.0,0.0,0,0,0,0,0.0,0,0,0,0,0,0,0,0,0,0,0,0,0,0,0,0,0,0,0,0,0,0,0,0,0,0,0,0,0,0,0,0,0,31,40,40,71,65476,0,300,0,0,8,21553,0.0,-107605600.0,0.0,0.0,0.0,0.0,0.0,0.0,0.0,0.0,0.0,0.0,0.0,0.0,0.0,0.0,0.0,0.0,0.0,0.0,0.0,0.0,-2.004,2.004,2.004,-2.004,0.0,0.0,0.0,0.0,4470.0,-0.0,6935.0,0.0,0.0,0.0,-0.0,0.0,0.0,0.0,0.0,69,0.0,-4.950393007110635e+32,0.0,0.0,0.0,0.0,0.0,0.0,0.0,0,0,0,0.0,0.0,0.0,0.0,0.0,0.0,0.0,0.0,0.0,0.0,0.0,0.0,0.0,0.0,0.0,0.0,0,-107875648.0,69,0.0,138,0.0,-109183328.0,0,0,17087,13107,17103,0,17082,0,0,0,70,68,100,2.7302399002429377e+23,82.4,-107615456.0,78.2,-0.0,79.0,1,49,50,180,0,0,0,0,0.0,0.0,0.0,0.0,-0.0,67.0,0.0,162057.094,0.0,980,0,1010,0,0,0,955,0,1036,0,930,0,792,0,784,0,823,0,7520,0.032,1.9484373427855714e+20,0.0,0.0,784,16797,-0.0,162057.094,-114818.039,-0.0,0.133,6.909358625270745e+28,30.0,70.0,35,0.0,0.0,0.0,0.0,0.0,0.0,0.0,0.0,0.0,0.0,0.0,0.0,0.0,0.0,0.0,0.0,66.0,0,150,71,52,65476,0,300,0,0,8,20529,65476,0,0,44564,70.0,0.0,0.0,0.0,0.0,0.0
2026-09-10T21:17:43,ERR,ERR,ERR,ERR,ERR,ERR,ERR,ERR,ERR,ERR,ERR,ERR,ERR,ERR,ERR,ERR,ERR,ERR,ERR,ERR,ERR,ERR,ERR,ERR,ERR,ERR,ERR,ERR,ERR,ERR,ERR,ERR,ERR,ERR,ERR,ERR,ERR,ERR,ERR,ERR,ERR,ERR,ERR,ERR,ERR,ERR,ERR,ERR,ERR,ERR,ERR,ERR,ERR,ERR,ERR,ERR,ERR,ERR,ERR,ERR,ERR,ERR,ERR,ERR,ERR,ERR,ERR,ERR,ERR,ERR,ERR,ERR,ERR,ERR,ERR,ERR,ERR,ERR,ERR,ERR,ERR,ERR,ERR,ERR,ERR,ERR,ERR,ERR,ERR,ERR,ERR,ERR,ERR,ERR,ERR,ERR,ERR,ERR,ERR,ERR,ERR,ERR,ERR,ERR,ERR,ERR,ERR,ERR,ERR,ERR,ERR,ERR,ERR,ERR,ERR,ERR,ERR,ERR,ERR,ERR,ERR,ERR,ERR,ERR,ERR,0.0,0.0,2.6474835549302285e+23,0.0,0.0,1.3936040501711995e+18,7.805,0.0,0,0,4,0,7116,0.0,100,0.0,0.0,0.0,0.0,0.0,0,0,0,0,0.0,0,0,0,0,0,0,0,0,0,0,0,0,0,0,0,0,0,0,0,0,0,0,0,0,0,0,0,0,0,0,0,0,0,31,40,40,71,65476,0,300,0,0,8,21553,0.0,-107605600.0,0.0,0.0,0.0,0.0,0.0,0.0,0.0,0.0,0.0,0.0,0.0,0.0,0.0,0.0,0.0,0.0,0.0,0.0,0.0,0.0,-2.004,2.004,2.004,-2.004,0.0,0.0,0.0,0.0,4470.0,-0.0,6935.0,0.0,0.0,0.0,-0.0,0.0,0.0,0.0,0.0,69,0.0,-4.950393007110635e+32,0.0,0.0,0.0,0.0,0.0,0.0,0.0,0,0,0,0.0,0.0,0.0,0.0,0.0,0.0,0.0,0.0,0.0,0.0,0.0,0.0,0.0,0.0,0.0,0.0,0,-107875648.0,69,0.0,138,0.0,-109183328.0,0,0,17087,13107,17103,0,17082,0,0,0,70,68,100,2.7302399002429377e+23,82.4,-107615456.0,78.2,-0.0,79.0,1,49,50,180,0,0,0,0,0.0,0.0,0.0,0.0,-0.0,67.0,0.0,162057.094,0.0,980,0,1010,0,0,0,955,0,1036,0,930,0,792,0,784,0,823,0,7520,0.032,1.9484373427855714e+20,0.0,0.0,784,16797,-0.0,162057.094,-114818.039,-0.0,0.133,6.909358625270745e+28,30.0,70.0,35,0.0,0.0,0.0,0.0,0.0,0.0,0.0,0.0,0.0,0.0,0.0,0.0,0.0,0.0,0.0,0.0,66.0,0,150,71,52,65476,0,300,0,0,8,20529,65476,0,0,44564,70.0,0.0,0.0,0.0,0.0,0.0
2026-09-10T21:17:44,ERR,ERR,ERR,ERR,ERR,ERR,ERR,ERR,ERR,ERR,ERR,ERR,ERR,ERR,ERR,ERR,ERR,ERR,ERR,ERR,ERR,ERR,ERR,ERR,ERR,ERR,ERR,ERR,ERR,ERR,ERR,ERR,ERR,ERR,ERR,ERR,ERR,ERR,ERR,ERR,ERR,ERR,ERR,ERR,ERR,ERR,ERR,ERR,ERR,ERR,ERR,ERR,ERR,ERR,ERR,ERR,ERR,ERR,ERR,ERR,ERR,ERR,ERR,ERR,ERR,ERR,ERR,ERR,ERR,ERR,ERR,ERR,ERR,ERR,ERR,ERR,ERR,ERR,ERR,ERR,ERR,ERR,ERR,ERR,ERR,ERR,ERR,ERR,ERR,ERR,ERR,ERR,ERR,ERR,ERR,ERR,ERR,ERR,ERR,ERR,ERR,ERR,ERR,ERR,ERR,ERR,ERR,ERR,ERR,ERR,ERR,ERR,ERR,ERR,ERR,ERR,ERR,ERR,ERR,ERR,ERR,ERR,ERR,ERR,ERR,0.0,0.0,2.6474835549302285e+23,0.0,0.0,1.3936040501711995e+18,7.805,0.0,0,0,4,0,7116,0.0,100,0.0,0.0,0.0,0.0,0.0,0,0,0,0,0.0,0,0,0,0,0,0,0,0,0,0,0,0,0,0,0,0,0,0,0,0,0,0,0,0,0,0,0,0,0,0,0,0,0,31,40,40,71,65476,0,300,0,0,8,21553,0.0,-107605600.0,0.0,0.0,0.0,0.0,0.0,0.0,0.0,0.0,0.0,0.0,0.0,0.0,0.0,0.0,0.0,0.0,0.0,0.0,0.0,0.0,-2.004,2.004,2.004,-2.004,0.0,0.0,0.0,0.0,4470.0,-0.0,6935.0,0.0,0.0,0.0,-0.0,0.0,0.0,0.0,0.0,69,0.0,-4.950393007110635e+32,0.0,0.0,0.0,0.0,0.0,0.0,0.0,0,0,0,0.0,0.0,0.0,0.0,0.0,0.0,0.0,0.0,0.0,0.0,0.0,0.0,0.0,0.0,0.0,0.0,0,-107875648.0,69,0.0,138,0.0,-109183328.0,0,0,17087,13107,17103,0,17082,0,0,0,70,68,100,2.7302399002429377e+23,82.4,-107615456.0,78.2,-0.0,79.0,1,49,50,180,0,0,0,0,0.0,0.0,0.0,0.0,-0.0,67.0,0.0,162057.094,0.0,980,0,1010,0,0,0,955,0,1036,0,930,0,792,0,784,0,823,0,7520,0.032,1.9484373427855714e+20,0.0,0.0,784,16797,-0.0,162057.094,-114818.039,-0.0,0.133,6.909358625270745e+28,30.0,70.0,35,0.0,0.0,0.0,0.0,0.0,0.0,0.0,0.0,0.0,0.0,0.0,0.0,0.0,0.0,0.0,0.0,66.0,0,150,71,52,65476,0,300,0,0,8,20529,65476,0,0,44564,70.0,0.0,0.0,0.0,0.0,0.0
2026-09-10T21:17:45,ERR,ERR,ERR,ERR,ERR,ERR,ERR,ERR,ERR,ERR,ERR,ERR,ERR,ERR,ERR,ERR,ERR,ERR,ERR,ERR,ERR,ERR,ERR,ERR,ERR,ERR,ERR,ERR,ERR,ERR,ERR,ERR,ERR,ERR,ERR,ERR,ERR,ERR,ERR,ERR,ERR,ERR,ERR,ERR,ERR,ERR,ERR,ERR,ERR,ERR,ERR,ERR,ERR,ERR,ERR,ERR,ERR,ERR,ERR,ERR,ERR,ERR,ERR,ERR,ERR,ERR,ERR,ERR,ERR,ERR,ERR,ERR,ERR,ERR,ERR,ERR,ERR,ERR,ERR,ERR,ERR,ERR,ERR,ERR,ERR,ERR,ERR,ERR,ERR,ERR,ERR,ERR,ERR,ERR,ERR,ERR,ERR,ERR,ERR,ERR,ERR,ERR,ERR,ERR,ERR,ERR,ERR,ERR,ERR,ERR,ERR,ERR,ERR,ERR,ERR,ERR,ERR,ERR,ERR,ERR,ERR,ERR,ERR,ERR,ERR,0.0,0.0,2.6474835549302285e+23,0.0,0.0,1.3936040501711995e+18,7.805,0.0,0,0,4,0,7116,0.0,100,0.0,0.0,0.0,0.0,0.0,0,0,0,0,0.0,0,0,0,0,0,0,0,0,0,0,0,0,0,0,0,0,0,0,0,0,0,0,0,0,0,0,0,0,0,0,0,0,0,31,40,40,71,65476,0,300,0,0,8,21553,0.0,-107605600.0,0.0,0.0,0.0,0.0,0.0,0.0,0.0,0.0,0.0,0.0,0.0,0.0,0.0,0.0,0.0,0.0,0.0,0.0,0.0,0.0,-2.004,2.004,2.004,-2.004,0.0,0.0,0.0,0.0,4470.0,-0.0,6935.0,0.0,0.0,0.0,-0.0,0.0,0.0,0.0,0.0,69,0.0,-4.950393007110635e+32,0.0,0.0,0.0,0.0,0.0,0.0,0.0,0,0,0,0.0,0.0,0.0,0.0,0.0,0.0,0.0,0.0,0.0,0.0,0.0,0.0,0.0,0.0,0.0,0.0,0,-107875648.0,69,0.0,138,0.0,-109183328.0,0,0,17087,13107,17103,0,17082,0,0,0,70,68,100,2.7302399002429377e+23,82.4,-107615456.0,78.2,-0.0,79.0,1,49,50,180,0,0,0,0,0.0,0.0,0.0,0.0,-0.0,67.0,0.0,162057.094,0.0,980,0,1010,0,0,0,955,0,1036,0,930,0,792,0,784,0,823,0,7520,0.032,1.9484373427855714e+20,0.0,0.0,784,16797,-0.0,162057.094,-114818.039,-0.0,0.133,6.909358625270745e+28,30.0,70.0,35,0.0,0.0,0.0,0.0,0.0,0.0,0.0,0.0,0.0,0.0,0.0,0.0,0.0,0.0,0.0,0.0,66.0,0,150,71,52,65476,0,300,0,0,8,20529,65476,0,0,44564,70.0,0.0,0.0,0.0,0.0,0.0
2026-09-10T21:17:46,ERR,ERR,ERR,ERR,ERR,ERR,ERR,ERR,ERR,ERR,ERR,ERR,ERR,ERR,ERR,ERR,ERR,ERR,ERR,ERR,ERR,ERR,ERR,ERR,ERR,ERR,ERR,ERR,ERR,ERR,ERR,ERR,ERR,ERR,ERR,ERR,ERR,ERR,ERR,ERR,ERR,ERR,ERR,ERR,ERR,ERR,ERR,ERR,ERR,ERR,ERR,ERR,ERR,ERR,ERR,ERR,ERR,ERR,ERR,ERR,ERR,ERR,ERR,ERR,ERR,ERR,ERR,ERR,ERR,ERR,ERR,ERR,ERR,ERR,ERR,ERR,ERR,ERR,ERR,ERR,ERR,ERR,ERR,ERR,ERR,ERR,ERR,ERR,ERR,ERR,ERR,ERR,ERR,ERR,ERR,ERR,ERR,ERR,ERR,ERR,ERR,ERR,ERR,ERR,ERR,ERR,ERR,ERR,ERR,ERR,ERR,ERR,ERR,ERR,ERR,ERR,ERR,ERR,ERR,ERR,ERR,ERR,ERR,ERR,ERR,0.0,0.0,2.6474835549302285e+23,0.0,0.0,1.3936040501711995e+18,7.805,0.0,0,0,4,0,7116,0.0,100,0.0,0.0,0.0,0.0,0.0,0,0,0,0,0.0,0,0,0,0,0,0,0,0,0,0,0,0,0,0,0,0,0,0,0,0,0,0,0,0,0,0,0,0,0,0,0,0,0,31,40,40,71,65476,0,300,0,0,8,21553,0.0,-107605600.0,0.0,0.0,0.0,0.0,0.0,0.0,0.0,0.0,0.0,0.0,0.0,0.0,0.0,0.0,0.0,0.0,0.0,0.0,0.0,0.0,-2.004,2.004,2.004,-2.004,0.0,0.0,0.0,0.0,4470.0,-0.0,6935.0,0.0,0.0,0.0,-0.0,0.0,0.0,0.0,0.0,69,0.0,-4.950393007110635e+32,0.0,0.0,0.0,0.0,0.0,0.0,0.0,0,0,0,0.0,0.0,0.0,0.0,0.0,0.0,0.0,0.0,0.0,0.0,0.0,0.0,0.0,0.0,0.0,0.0,0,-107875648.0,69,0.0,138,0.0,-109183328.0,0,0,17087,13107,17103,0,17082,0,0,0,70,68,100,2.7302399002429377e+23,82.4,-107615456.0,78.2,-0.0,79.0,1,49,50,180,0,0,0,0,0.0,0.0,0.0,0.0,-0.0,67.0,0.0,162057.094,0.0,980,0,1010,0,0,0,955,0,1036,0,930,0,792,0,784,0,823,0,7520,0.032,1.9484373427855714e+20,0.0,0.0,784,16797,-0.0,162057.094,-114818.039,-0.0,0.133,6.909358625270745e+28,30.0,70.0,35,0.0,0.0,0.0,0.0,0.0,0.0,0.0,0.0,0.0,0.0,0.0,0.0,0.0,0.0,0.0,0.0,66.0,0,150,71,52,65476,0,300,0,0,8,20529,65476,0,0,44564,70.0,0.0,0.0,0.0,0.0,0.0
2026-09-10T21:17:47,ERR,ERR,ERR,ERR,ERR,ERR,ERR,ERR,ERR,ERR,ERR,ERR,ERR,ERR,ERR,ERR,ERR,ERR,ERR,ERR,ERR,ERR,ERR,ERR,ERR,ERR,ERR,ERR,ERR,ERR,ERR,ERR,ERR,ERR,ERR,ERR,ERR,ERR,ERR,ERR,ERR,ERR,ERR,ERR,ERR,ERR,ERR,ERR,ERR,ERR,ERR,ERR,ERR,ERR,ERR,ERR,ERR,ERR,ERR,ERR,ERR,ERR,ERR,ERR,ERR,ERR,ERR,ERR,ERR,ERR,ERR,ERR,ERR,ERR,ERR,ERR,ERR,ERR,ERR,ERR,ERR,ERR,ERR,ERR,ERR,ERR,ERR,ERR,ERR,ERR,ERR,ERR,ERR,ERR,ERR,ERR,ERR,ERR,ERR,ERR,ERR,ERR,ERR,ERR,ERR,ERR,ERR,ERR,ERR,ERR,ERR,ERR,ERR,ERR,ERR,ERR,ERR,ERR,ERR,ERR,ERR,ERR,ERR,ERR,ERR,0.0,0.0,2.6474835549302285e+23,0.0,0.0,1.3936040501711995e+18,7.805,0.0,0,0,4,0,7116,0.0,100,0.0,0.0,0.0,0.0,0.0,0,0,0,0,0.0,0,0,0,0,0,0,0,0,0,0,0,0,0,0,0,0,0,0,0,0,0,0,0,0,0,0,0,0,0,0,0,0,0,31,40,40,71,65476,0,300,0,0,8,21553,0.0,-107605600.0,0.0,0.0,0.0,0.0,0.0,0.0,0.0,0.0,0.0,0.0,0.0,0.0,0.0,0.0,0.0,0.0,0.0,0.0,0.0,0.0,-2.004,2.004,2.004,-2.004,0.0,0.0,0.0,0.0,4470.0,-0.0,6935.0,0.0,0.0,0.0,-0.0,0.0,0.0,0.0,0.0,69,0.0,-4.950393007110635e+32,0.0,0.0,0.0,0.0,0.0,0.0,0.0,0,0,0,0.0,0.0,0.0,0.0,0.0,0.0,0.0,0.0,0.0,0.0,0.0,0.0,0.0,0.0,0.0,0.0,0,-107875648.0,69,0.0,138,0.0,-109183328.0,0,0,17087,13107,17103,0,17082,0,0,0,70,68,100,2.7302399002429377e+23,82.4,-107615456.0,78.2,-0.0,79.0,1,49,50,180,0,0,0,0,0.0,0.0,0.0,0.0,-0.0,67.0,0.0,162057.094,0.0,980,0,1010,0,0,0,955,0,1036,0,930,0,792,0,784,0,823,0,7520,0.032,1.9484373427855714e+20,0.0,0.0,784,16797,-0.0,162057.094,-114818.039,-0.0,0.133,6.909358625270745e+28,30.0,70.0,35,0.0,0.0,0.0,0.0,0.0,0.0,0.0,0.0,0.0,0.0,0.0,0.0,0.0,0.0,0.0,0.0,66.0,0,150,71,52,65476,0,300,0,0,8,20529,65476,0,0,44564,70.0,0.0,0.0,0.0,0.0,0.0
2026-09-10T21:17:48,ERR,ERR,ERR,ERR,ERR,ERR,ERR,ERR,ERR,ERR,ERR,ERR,ERR,ERR,ERR,ERR,ERR,ERR,ERR,ERR,ERR,ERR,ERR,ERR,ERR,ERR,ERR,ERR,ERR,ERR,ERR,ERR,ERR,ERR,ERR,ERR,ERR,ERR,ERR,ERR,ERR,ERR,ERR,ERR,ERR,ERR,ERR,ERR,ERR,ERR,ERR,ERR,ERR,ERR,ERR,ERR,ERR,ERR,ERR,ERR,ERR,ERR,ERR,ERR,ERR,ERR,ERR,ERR,ERR,ERR,ERR,ERR,ERR,ERR,ERR,ERR,ERR,ERR,ERR,ERR,ERR,ERR,ERR,ERR,ERR,ERR,ERR,ERR,ERR,ERR,ERR,ERR,ERR,ERR,ERR,ERR,ERR,ERR,ERR,ERR,ERR,ERR,ERR,ERR,ERR,ERR,ERR,ERR,ERR,ERR,ERR,ERR,ERR,ERR,ERR,ERR,ERR,ERR,ERR,ERR,ERR,ERR,ERR,ERR,ERR,0.0,0.0,2.6474835549302285e+23,0.0,0.0,1.3936040501711995e+18,7.805,0.0,0,0,4,0,7116,0.0,100,0.0,0.0,0.0,0.0,0.0,0,0,0,0,0.0,0,0,0,0,0,0,0,0,0,0,0,0,0,0,0,0,0,0,0,0,0,0,0,0,0,0,0,0,0,0,0,0,0,31,40,40,71,65476,0,300,0,0,8,21553,0.0,-107605600.0,0.0,0.0,0.0,0.0,0.0,0.0,0.0,0.0,0.0,0.0,0.0,0.0,0.0,0.0,0.0,0.0,0.0,0.0,0.0,0.0,-2.004,2.004,2.004,-2.004,0.0,0.0,0.0,0.0,4470.0,-0.0,6935.0,0.0,0.0,0.0,-0.0,0.0,0.0,0.0,0.0,69,0.0,-4.950393007110635e+32,0.0,0.0,0.0,0.0,0.0,0.0,0.0,0,0,0,0.0,0.0,0.0,0.0,0.0,0.0,0.0,0.0,0.0,0.0,0.0,0.0,0.0,0.0,0.0,0.0,0,-107875648.0,69,0.0,138,0.0,-109183328.0,0,0,17087,13107,17103,0,17082,0,0,0,70,68,100,-0.0,82.4,-107615456.0,78.2,2.7302388193790272e+23,79.0,1,49,50,180,0,0,0,0,0.0,0.0,0.0,0.0,-0.0,67.0,0.0,162057.094,0.0,980,0,1010,0,0,0,955,0,1036,0,930,0,792,0,784,0,822,0,7520,0.032,1.9484373427855714e+20,0.0,0.0,784,16797,-0.0,162057.094,-114818.039,-0.0,0.133,6.909358625270745e+28,30.0,70.0,35,0.0,0.0,0.0,0.0,0.0,0.0,0.0,0.0,0.0,0.0,0.0,0.0,0.0,0.0,0.0,0.0,66.4,0,150,71,52,65476,0,300,0,0,8,20529,65476,0,0,44564,70.0,0.0,0.0,0.0,0.0,0.0
2026-09-10T21:17:49,ERR,ERR,ERR,ERR,ERR,ERR,ERR,ERR,ERR,ERR,ERR,ERR,ERR,ERR,ERR,ERR,ERR,ERR,ERR,ERR,ERR,ERR,ERR,ERR,ERR,ERR,ERR,ERR,ERR,ERR,ERR,ERR,ERR,ERR,ERR,ERR,ERR,ERR,ERR,ERR,ERR,ERR,ERR,ERR,ERR,ERR,ERR,ERR,ERR,ERR,ERR,ERR,ERR,ERR,ERR,ERR,ERR,ERR,ERR,ERR,ERR,ERR,ERR,ERR,ERR,ERR,ERR,ERR,ERR,ERR,ERR,ERR,ERR,ERR,ERR,ERR,ERR,ERR,ERR,ERR,ERR,ERR,ERR,ERR,ERR,ERR,ERR,ERR,ERR,ERR,ERR,ERR,ERR,ERR,ERR,ERR,ERR,ERR,ERR,ERR,ERR,ERR,ERR,ERR,ERR,ERR,ERR,ERR,ERR,ERR,ERR,ERR,ERR,ERR,ERR,ERR,ERR,ERR,ERR,ERR,ERR,ERR,ERR,ERR,ERR,0.0,0.0,2.6474835549302285e+23,0.0,0.0,1.3936040501711995e+18,7.805,0.0,0,0,4,0,7116,0.0,100,0.0,0.0,0.0,0.0,0.0,0,0,0,0,0.0,0,0,0,0,0,0,0,0,0,0,0,0,0,0,0,0,0,0,0,0,0,0,0,0,0,0,0,0,0,0,0,0,0,31,40,40,71,65476,0,300,0,0,8,21553,0.0,-107605600.0,0.0,0.0,0.0,0.0,0.0,0.0,0.0,0.0,0.0,0.0,0.0,0.0,0.0,0.0,0.0,0.0,0.0,0.0,0.0,0.0,-2.004,2.004,2.004,-2.004,0.0,0.0,0.0,0.0,4469.0,-131350.172,6937.0,0.0,0.0,0.0,-0.0,0.0,0.0,0.0,0.0,69,0.0,-4.950393007110635e+32,0.0,0.0,0.0,0.0,0.0,0.0,0.0,0,0,0,0.0,0.0,0.0,0.0,0.0,0.0,0.0,0.0,0.0,0.0,0.0,0.0,0.0,0.0,0.0,0.0,0,-107875648.0,69,0.0,138,0.0,2.6474835549302285e+23,0,0,17087,13107,17103,0,17082,0,0,0,70,68,100,-0.0,82.4,-107615456.0,78.2,2.7302388193790272e+23,79.0,1,49,50,180,0,0,0,0,0.0,0.0,0.0,0.0,-0.0,67.0,0.0,162057.094,0.0,980,0,1010,0,0,0,955,0,1036,0,930,0,792,0,784,0,822,0,7520,0.032,1.9484373427855714e+20,0.0,0.0,784,16797,-0.0,162057.094,-114818.039,-0.0,0.133,6.909358625270745e+28,30.0,70.0,35,0.0,0.0,0.0,0.0,0.0,0.0,0.0,0.0,0.0,0.0,0.0,0.0,0.0,0.0,0.0,0.0,66.4,0,150,71,52,65476,0,300,0,0,8,20529,65476,0,0,44564,70.0,0.0,0.0,0.0,0.0,0.0
2026-09-10T21:17:50,ERR,ERR,ERR,ERR,ERR,ERR,ERR,ERR,ERR,ERR,ERR,ERR,ERR,ERR,ERR,ERR,ERR,ERR,ERR,ERR,ERR,ERR,ERR,ERR,ERR,ERR,ERR,ERR,ERR,ERR,ERR,ERR,ERR,ERR,ERR,ERR,ERR,ERR,ERR,ERR,ERR,ERR,ERR,ERR,ERR,ERR,ERR,ERR,ERR,ERR,ERR,ERR,ERR,ERR,ERR,ERR,ERR,ERR,ERR,ERR,ERR,ERR,ERR,ERR,ERR,ERR,ERR,ERR,ERR,ERR,ERR,ERR,ERR,ERR,ERR,ERR,ERR,ERR,ERR,ERR,ERR,ERR,ERR,ERR,ERR,ERR,ERR,ERR,ERR,ERR,ERR,ERR,ERR,ERR,ERR,ERR,ERR,ERR,ERR,ERR,ERR,ERR,ERR,ERR,ERR,ERR,ERR,ERR,ERR,ERR,ERR,ERR,ERR,ERR,ERR,ERR,ERR,ERR,ERR,ERR,ERR,ERR,ERR,ERR,ERR,0.0,0.0,2.6474835549302285e+23,0.0,0.0,1.3936040501711995e+18,7.805,0.0,0,0,4,0,7116,0.0,100,0.0,0.0,0.0,0.0,0.0,0,0,0,0,0.0,0,0,0,0,0,0,0,0,0,0,0,0,0,0,0,0,0,0,0,0,0,0,0,0,0,0,0,0,0,0,0,0,0,31,40,40,71,65476,0,300,0,0,8,21553,0.0,-107605600.0,0.0,0.0,0.0,0.0,0.0,0.0,0.0,0.0,0.0,0.0,0.0,0.0,0.0,0.0,0.0,0.0,0.0,0.0,0.0,0.0,-2.004,2.004,2.004,-2.004,0.0,0.0,0.0,0.0,4469.0,-131350.172,6937.0,0.0,0.0,0.0,-0.0,0.0,0.0,0.0,0.0,69,0.0,-4.950393007110635e+32,0.0,0.0,0.0,0.0,0.0,0.0,0.0,0,0,0,0.0,0.0,0.0,0.0,0.0,0.0,0.0,0.0,0.0,0.0,0.0,0.0,0.0,0.0,0.0,0.0,0,-107875648.0,69,0.0,138,0.0,2.6474835549302285e+23,0,0,17087,13107,17103,0,17082,0,0,0,70,68,100,-0.0,82.4,-107615456.0,78.2,2.7302388193790272e+23,79.0,1,49,50,180,0,0,0,0,0.0,0.0,0.0,0.0,-0.0,67.0,0.0,162057.094,0.0,980,0,1010,0,0,0,955,0,1036,0,930,0,792,0,784,0,822,0,7520,0.032,1.9484373427855714e+20,0.0,0.0,784,16797,-0.0,162057.094,-114818.039,-0.0,0.133,6.909358625270745e+28,30.0,70.0,35,0.0,0.0,0.0,0.0,0.0,0.0,0.0,0.0,0.0,0.0,0.0,0.0,0.0,0.0,0.0,0.0,66.0,0,150,71,52,65476,0,300,0,0,8,20529,65476,0,0,44564,70.0,0.0,0.0,0.0,0.0,0.0
2026-09-10T21:17:51,ERR,ERR,ERR,ERR,ERR,ERR,ERR,ERR,ERR,ERR,ERR,ERR,ERR,ERR,ERR,ERR,ERR,ERR,ERR,ERR,ERR,ERR,ERR,ERR,ERR,ERR,ERR,ERR,ERR,ERR,ERR,ERR,ERR,ERR,ERR,ERR,ERR,ERR,ERR,ERR,ERR,ERR,ERR,ERR,ERR,ERR,ERR,ERR,ERR,ERR,ERR,ERR,ERR,ERR,ERR,ERR,ERR,ERR,ERR,ERR,ERR,ERR,ERR,ERR,ERR,ERR,ERR,ERR,ERR,ERR,ERR,ERR,ERR,ERR,ERR,ERR,ERR,ERR,ERR,ERR,ERR,ERR,ERR,ERR,ERR,ERR,ERR,ERR,ERR,ERR,ERR,ERR,ERR,ERR,ERR,ERR,ERR,ERR,ERR,ERR,ERR,ERR,ERR,ERR,ERR,ERR,ERR,ERR,ERR,ERR,ERR,ERR,ERR,ERR,ERR,ERR,ERR,ERR,ERR,ERR,ERR,ERR,ERR,ERR,ERR,0.0,0.0,2.6474835549302285e+23,0.0,0.0,1.3936040501711995e+18,7.805,0.0,0,0,4,0,7116,0.0,100,0.0,0.0,0.0,0.0,0.0,0,0,0,0,0.0,0,0,0,0,0,0,0,0,0,0,0,0,0,0,0,0,0,0,0,0,0,0,0,0,0,0,0,0,0,0,0,0,0,31,40,40,71,65476,0,300,0,0,8,21553,0.0,-107605600.0,0.0,0.0,0.0,0.0,0.0,0.0,0.0,0.0,0.0,0.0,0.0,0.0,0.0,0.0,0.0,0.0,0.0,0.0,0.0,0.0,-2.004,2.004,2.004,-2.004,0.0,0.0,0.0,0.0,4469.0,-131350.172,6937.0,0.0,0.0,0.0,-0.0,0.0,0.0,0.0,0.0,69,0.0,-4.950393007110635e+32,0.0,0.0,0.0,0.0,0.0,0.0,0.0,0,0,0,0.0,0.0,0.0,0.0,0.0,0.0,0.0,0.0,0.0,0.0,0.0,0.0,0.0,0.0,0.0,0.0,0,-107875648.0,69,0.0,138,0.0,2.6474835549302285e+23,0,0,17087,13107,17103,0,17082,0,0,0,70,68,100,-0.0,82.4,-107615456.0,78.2,2.7302388193790272e+23,79.0,1,49,50,180,0,0,0,0,0.0,0.0,0.0,0.0,-0.0,67.0,0.0,162057.094,0.0,980,0,1010,0,0,0,955,0,1036,0,930,0,792,0,784,0,822,0,7520,0.032,1.9484373427855714e+20,0.0,0.0,784,16797,-0.0,162057.094,-114818.039,-0.0,0.133,6.909358625270745e+28,30.0,70.0,35,0.0,0.0,0.0,0.0,0.0,0.0,0.0,0.0,0.0,0.0,0.0,0.0,0.0,0.0,0.0,0.0,66.0,0,150,71,52,65476,0,300,0,0,8,20529,65476,0,0,44564,70.0,0.0,0.0,0.0,0.0,0.0
2026-09-10T21:17:52,ERR,ERR,ERR,ERR,ERR,ERR,ERR,ERR,ERR,ERR,ERR,ERR,ERR,ERR,ERR,ERR,ERR,ERR,ERR,ERR,ERR,ERR,ERR,ERR,ERR,ERR,ERR,ERR,ERR,ERR,ERR,ERR,ERR,ERR,ERR,ERR,ERR,ERR,ERR,ERR,ERR,ERR,ERR,ERR,ERR,ERR,ERR,ERR,ERR,ERR,ERR,ERR,ERR,ERR,ERR,ERR,ERR,ERR,ERR,ERR,ERR,ERR,ERR,ERR,ERR,ERR,ERR,ERR,ERR,ERR,ERR,ERR,ERR,ERR,ERR,ERR,ERR,ERR,ERR,ERR,ERR,ERR,ERR,ERR,ERR,ERR,ERR,ERR,ERR,ERR,ERR,ERR,ERR,ERR,ERR,ERR,ERR,ERR,ERR,ERR,ERR,ERR,ERR,ERR,ERR,ERR,ERR,ERR,ERR,ERR,ERR,ERR,ERR,ERR,ERR,ERR,ERR,ERR,ERR,ERR,ERR,ERR,ERR,ERR,ERR,0.0,0.0,2.6474835549302285e+23,0.0,0.0,1.3936040501711995e+18,7.805,0.0,0,0,4,0,7116,0.0,100,0.0,0.0,0.0,0.0,0.0,0,0,0,0,0.0,0,0,0,0,0,0,0,0,0,0,0,0,0,0,0,0,0,0,0,0,0,0,0,0,0,0,0,0,0,0,0,0,0,31,40,40,71,65476,0,300,0,0,8,21553,0.0,-107605600.0,0.0,0.0,0.0,0.0,0.0,0.0,0.0,0.0,0.0,0.0,0.0,0.0,0.0,0.0,0.0,0.0,0.0,0.0,0.0,0.0,-2.004,2.004,2.004,-2.004,0.0,0.0,0.0,0.0,4469.0,-131350.172,6937.0,0.0,0.0,0.0,-0.0,0.0,0.0,0.0,0.0,69,0.0,-4.950393007110635e+32,0.0,0.0,0.0,0.0,0.0,0.0,0.0,0,0,0,0.0,0.0,0.0,0.0,0.0,0.0,0.0,0.0,0.0,0.0,0.0,0.0,0.0,0.0,0.0,0.0,0,-107875648.0,69,0.0,138,0.0,2.6474835549302285e+23,0,0,17087,13107,17103,0,17082,0,0,0,70,68,100,-0.0,82.4,-107615456.0,78.2,2.7302388193790272e+23,79.0,1,49,50,180,0,0,0,0,0.0,0.0,0.0,0.0,-0.0,67.0,0.0,162057.094,0.0,980,0,1010,0,0,0,955,0,1036,0,930,0,792,0,784,0,822,0,7520,0.032,1.9484373427855714e+20,0.0,0.0,784,16797,-0.0,162057.094,-114818.039,-0.0,0.133,6.909358625270745e+28,30.0,70.0,35,0.0,0.0,0.0,0.0,0.0,0.0,0.0,0.0,0.0,0.0,0.0,0.0,0.0,0.0,0.0,0.0,66.0,0,150,71,52,65476,0,300,0,0,8,20529,65476,0,0,44564,70.0,0.0,0.0,0.0,0.0,0.0
2026-09-10T21:17:53,ERR,ERR,ERR,ERR,ERR,ERR,ERR,ERR,ERR,ERR,ERR,ERR,ERR,ERR,ERR,ERR,ERR,ERR,ERR,ERR,ERR,ERR,ERR,ERR,ERR,ERR,ERR,ERR,ERR,ERR,ERR,ERR,ERR,ERR,ERR,ERR,ERR,ERR,ERR,ERR,ERR,ERR,ERR,ERR,ERR,ERR,ERR,ERR,ERR,ERR,ERR,ERR,ERR,ERR,ERR,ERR,ERR,ERR,ERR,ERR,ERR,ERR,ERR,ERR,ERR,ERR,ERR,ERR,ERR,ERR,ERR,ERR,ERR,ERR,ERR,ERR,ERR,ERR,ERR,ERR,ERR,ERR,ERR,ERR,ERR,ERR,ERR,ERR,ERR,ERR,ERR,ERR,ERR,ERR,ERR,ERR,ERR,ERR,ERR,ERR,ERR,ERR,ERR,ERR,ERR,ERR,ERR,ERR,ERR,ERR,ERR,ERR,ERR,ERR,ERR,ERR,ERR,ERR,ERR,ERR,ERR,ERR,ERR,ERR,ERR,0.0,0.0,2.6474835549302285e+23,0.0,0.0,1.3936040501711995e+18,7.805,0.0,0,0,4,0,7116,0.0,100,0.0,0.0,0.0,0.0,0.0,0,0,0,0,0.0,0,0,0,0,0,0,0,0,0,0,0,0,0,0,0,0,0,0,0,0,0,0,0,0,0,0,0,0,0,0,0,0,0,31,40,40,71,65476,0,300,0,0,8,21553,0.0,-107605600.0,0.0,0.0,0.0,0.0,0.0,0.0,0.0,0.0,0.0,0.0,0.0,0.0,0.0,0.0,0.0,0.0,0.0,0.0,0.0,0.0,-2.004,2.004,2.004,-2.004,0.0,0.0,0.0,0.0,4469.0,-131350.172,6937.0,0.0,0.0,0.0,-0.0,0.0,0.0,0.0,0.0,69,0.0,-4.950393007110635e+32,0.0,0.0,0.0,0.0,0.0,0.0,0.0,0,0,0,0.0,0.0,0.0,0.0,0.0,0.0,0.0,0.0,0.0,0.0,0.0,0.0,0.0,0.0,0.0,0.0,0,-107875648.0,69,0.0,138,0.0,2.6474835549302285e+23,0,0,17087,13107,17103,0,17082,0,0,0,70,68,100,-0.0,82.4,-107615456.0,78.2,2.7302388193790272e+23,79.0,1,49,50,180,0,0,0,0,0.0,0.0,0.0,0.0,-0.0,67.0,0.0,162057.094,0.0,980,0,1010,0,0,0,955,0,1036,0,930,0,792,0,784,0,822,0,7520,0.032,1.9484373427855714e+20,0.0,0.0,784,16797,-0.0,162057.094,-114818.039,-0.0,0.133,6.909358625270745e+28,30.0,70.0,35,0.0,0.0,0.0,0.0,0.0,0.0,0.0,0.0,0.0,0.0,0.0,0.0,0.0,0.0,0.0,0.0,66.4,0,150,71,52,65476,0,300,0,0,8,20529,65476,0,0,44564,70.0,0.0,0.0,0.0,0.0,0.0
2026-09-10T21:17:54,ERR,ERR,ERR,ERR,ERR,ERR,ERR,ERR,ERR,ERR,ERR,ERR,ERR,ERR,ERR,ERR,ERR,ERR,ERR,ERR,ERR,ERR,ERR,ERR,ERR,ERR,ERR,ERR,ERR,ERR,ERR,ERR,ERR,ERR,ERR,ERR,ERR,ERR,ERR,ERR,ERR,ERR,ERR,ERR,ERR,ERR,ERR,ERR,ERR,ERR,ERR,ERR,ERR,ERR,ERR,ERR,ERR,ERR,ERR,ERR,ERR,ERR,ERR,ERR,ERR,ERR,ERR,ERR,ERR,ERR,ERR,ERR,ERR,ERR,ERR,ERR,ERR,ERR,ERR,ERR,ERR,ERR,ERR,ERR,ERR,ERR,ERR,ERR,ERR,ERR,ERR,ERR,ERR,ERR,ERR,ERR,ERR,ERR,ERR,ERR,ERR,ERR,ERR,ERR,ERR,ERR,ERR,ERR,ERR,ERR,ERR,ERR,ERR,ERR,ERR,ERR,ERR,ERR,ERR,ERR,ERR,ERR,ERR,ERR,ERR,0.0,0.0,2.6474835549302285e+23,0.0,0.0,1.3936040501711995e+18,7.805,0.0,0,0,4,0,7116,0.0,100,0.0,0.0,0.0,0.0,0.0,0,0,0,0,0.0,0,0,0,0,0,0,0,0,0,0,0,0,0,0,0,0,0,0,0,0,0,0,0,0,0,0,0,0,0,0,0,0,0,31,40,40,71,65476,0,300,0,0,8,21553,0.0,-107605600.0,0.0,0.0,0.0,0.0,0.0,0.0,0.0,0.0,0.0,0.0,0.0,0.0,0.0,0.0,0.0,0.0,0.0,0.0,0.0,0.0,-2.004,2.004,2.004,-2.004,0.0,0.0,0.0,0.0,4469.0,-131350.172,6937.0,0.0,0.0,0.0,-0.0,0.0,0.0,0.0,0.0,69,0.0,-4.950393007110635e+32,0.0,0.0,0.0,0.0,0.0,0.0,0.0,0,0,0,0.0,0.0,0.0,0.0,0.0,0.0,0.0,0.0,0.0,0.0,0.0,0.0,0.0,0.0,0.0,0.0,0,-107875648.0,69,0.0,138,0.0,2.6474835549302285e+23,0,0,17087,13107,17103,13107,17082,0,0,0,70,68,100,-0.0,82.4,-107615456.0,78.2,2.7302388193790272e+23,79.0,1,49,50,180,0,52429,0,0,0.0,0.0,0.0,0.0,-0.0,67.0,0.0,162057.094,0.0,980,0,1009,0,0,0,955,0,1036,0,931,0,792,0,784,0,822,0,7520,0.032,1.95996655783164e+20,0.0,0.0,784,16797,-0.0,162057.094,-114818.039,-0.0,0.133,6.909358625270745e+28,30.0,70.0,35,0.0,0.0,0.0,0.0,0.0,0.0,0.0,0.0,0.0,0.0,0.0,0.0,0.0,0.0,0.0,0.0,66.4,0,150,71,52,65476,0,300,0,0,8,20529,65476,0,0,44564,70.0,0.0,0.0,0.0,0.0,0.0
2026-09-10T21:17:55,ERR,ERR,ERR,ERR,ERR,ERR,ERR,ERR,ERR,ERR,ERR,ERR,ERR,ERR,ERR,ERR,ERR,ERR,ERR,ERR,ERR,ERR,ERR,ERR,ERR,ERR,ERR,ERR,ERR,ERR,ERR,ERR,ERR,ERR,ERR,ERR,ERR,ERR,ERR,ERR,ERR,ERR,ERR,ERR,ERR,ERR,ERR,ERR,ERR,ERR,ERR,ERR,ERR,ERR,ERR,ERR,ERR,ERR,ERR,ERR,ERR,ERR,ERR,ERR,ERR,ERR,ERR,ERR,ERR,ERR,ERR,ERR,ERR,ERR,ERR,ERR,ERR,ERR,ERR,ERR,ERR,ERR,ERR,ERR,ERR,ERR,ERR,ERR,ERR,ERR,ERR,ERR,ERR,ERR,ERR,ERR,ERR,ERR,ERR,ERR,ERR,ERR,ERR,ERR,ERR,ERR,ERR,ERR,ERR,ERR,ERR,ERR,ERR,ERR,ERR,ERR,ERR,ERR,ERR,ERR,ERR,ERR,ERR,ERR,ERR,0.0,0.0,2.6474835549302285e+23,0.0,0.0,1.3936040501711995e+18,7.805,0.0,0,0,4,0,7116,0.0,100,0.0,0.0,0.0,0.0,0.0,0,0,0,0,0.0,0,0,0,0,0,0,0,0,0,0,0,0,0,0,0,0,0,0,0,0,0,0,0,0,0,0,0,0,0,0,0,0,0,31,40,40,71,65476,0,300,0,0,8,21553,0.0,-107605600.0,0.0,0.0,0.0,0.0,0.0,0.0,0.0,0.0,0.0,0.0,0.0,0.0,0.0,0.0,0.0,0.0,0.0,0.0,0.0,0.0,-2.004,2.004,2.004,-2.004,0.0,0.0,0.0,0.0,4469.0,-131350.172,6937.0,0.0,0.0,0.0,-0.0,0.0,0.0,0.0,0.0,69,0.0,-4.950393007110635e+32,0.0,0.0,0.0,0.0,0.0,0.0,0.0,0,0,0,0.0,0.0,0.0,0.0,0.0,0.0,0.0,0.0,0.0,0.0,0.0,0.0,0.0,0.0,0.0,0.0,0,-107875648.0,69,0.0,138,0.0,2.6474835549302285e+23,0,0,17087,13107,17103,13107,17082,0,0,0,70,68,100,-0.0,82.4,-107615456.0,78.2,2.7302388193790272e+23,79.0,1,49,50,180,0,52429,0,0,0.0,0.0,0.0,0.0,-0.0,67.0,0.0,162057.094,0.0,980,0,1009,0,0,0,955,0,1036,0,931,0,792,0,784,0,822,0,7520,0.032,1.95996655783164e+20,0.0,0.0,784,16797,-0.0,162057.094,-114818.039,-0.0,0.133,6.909358625270745e+28,30.0,70.0,35,0.0,0.0,0.0,0.0,0.0,0.0,0.0,0.0,0.0,0.0,0.0,0.0,0.0,0.0,0.0,0.0,66.4,0,150,71,52,65476,0,300,0,0,8,20529,65476,0,0,44564,70.0,0.0,0.0,0.0,0.0,0.0
2026-09-10T21:17:56,ERR,ERR,ERR,ERR,ERR,ERR,ERR,ERR,ERR,ERR,ERR,ERR,ERR,ERR,ERR,ERR,ERR,ERR,ERR,ERR,ERR,ERR,ERR,ERR,ERR,ERR,ERR,ERR,ERR,ERR,ERR,ERR,ERR,ERR,ERR,ERR,ERR,ERR,ERR,ERR,ERR,ERR,ERR,ERR,ERR,ERR,ERR,ERR,ERR,ERR,ERR,ERR,ERR,ERR,ERR,ERR,ERR,ERR,ERR,ERR,ERR,ERR,ERR,ERR,ERR,ERR,ERR,ERR,ERR,ERR,ERR,ERR,ERR,ERR,ERR,ERR,ERR,ERR,ERR,ERR,ERR,ERR,ERR,ERR,ERR,ERR,ERR,ERR,ERR,ERR,ERR,ERR,ERR,ERR,ERR,ERR,ERR,ERR,ERR,ERR,ERR,ERR,ERR,ERR,ERR,ERR,ERR,ERR,ERR,ERR,ERR,ERR,ERR,ERR,ERR,ERR,ERR,ERR,ERR,ERR,ERR,ERR,ERR,ERR,ERR,0.0,0.0,2.6474835549302285e+23,0.0,0.0,1.3936040501711995e+18,7.805,0.0,0,0,4,0,7116,0.0,100,0.0,0.0,0.0,0.0,0.0,0,0,0,0,0.0,0,0,0,0,0,0,0,0,0,0,0,0,0,0,0,0,0,0,0,0,0,0,0,0,0,0,0,0,0,0,0,0,0,31,40,40,71,65476,0,300,0,0,8,21553,0.0,-107605600.0,0.0,0.0,0.0,0.0,0.0,0.0,0.0,0.0,0.0,0.0,0.0,0.0,0.0,0.0,0.0,0.0,0.0,0.0,0.0,0.0,-2.004,2.004,2.004,-2.004,0.0,0.0,0.0,0.0,4469.0,-131350.172,6937.0,0.0,0.0,0.0,-0.0,0.0,0.0,0.0,0.0,69,0.0,-4.950393007110635e+32,0.0,0.0,0.0,0.0,0.0,0.0,0.0,0,0,0,0.0,0.0,0.0,0.0,0.0,0.0,0.0,0.0,0.0,0.0,0.0,0.0,0.0,0.0,0.0,0.0,0,-107875648.0,69,0.0,138,0.0,2.6474835549302285e+23,0,0,17087,13107,17103,13107,17082,0,0,0,70,68,100,-0.0,82.4,-107615456.0,78.2,2.7302388193790272e+23,79.0,1,49,50,180,0,52429,0,0,0.0,0.0,0.0,0.0,-0.0,67.0,0.0,162057.094,0.0,980,0,1009,0,0,0,955,0,1036,0,931,0,792,0,784,0,822,0,7520,0.032,1.95996655783164e+20,0.0,0.0,784,16797,-0.0,162057.094,-114818.039,-0.0,0.133,6.909358625270745e+28,30.0,70.0,35,0.0,0.0,0.0,0.0,0.0,0.0,0.0,0.0,0.0,0.0,0.0,0.0,0.0,0.0,0.0,0.0,66.0,0,150,71,52,65476,0,300,0,0,8,20529,65476,0,0,44564,70.0,0.0,0.0,0.0,0.0,0.0
2026-09-10T21:17:57,ERR,ERR,ERR,ERR,ERR,ERR,ERR,ERR,ERR,ERR,ERR,ERR,ERR,ERR,ERR,ERR,ERR,ERR,ERR,ERR,ERR,ERR,ERR,ERR,ERR,ERR,ERR,ERR,ERR,ERR,ERR,ERR,ERR,ERR,ERR,ERR,ERR,ERR,ERR,ERR,ERR,ERR,ERR,ERR,ERR,ERR,ERR,ERR,ERR,ERR,ERR,ERR,ERR,ERR,ERR,ERR,ERR,ERR,ERR,ERR,ERR,ERR,ERR,ERR,ERR,ERR,ERR,ERR,ERR,ERR,ERR,ERR,ERR,ERR,ERR,ERR,ERR,ERR,ERR,ERR,ERR,ERR,ERR,ERR,ERR,ERR,ERR,ERR,ERR,ERR,ERR,ERR,ERR,ERR,ERR,ERR,ERR,ERR,ERR,ERR,ERR,ERR,ERR,ERR,ERR,ERR,ERR,ERR,ERR,ERR,ERR,ERR,ERR,ERR,ERR,ERR,ERR,ERR,ERR,ERR,ERR,ERR,ERR,ERR,ERR,0.0,0.0,2.6474835549302285e+23,0.0,0.0,1.3936040501711995e+18,7.805,0.0,0,0,4,0,7116,0.0,100,0.0,0.0,0.0,0.0,0.0,0,0,0,0,0.0,0,0,0,0,0,0,0,0,0,0,0,0,0,0,0,0,0,0,0,0,0,0,0,0,0,0,0,0,0,0,0,0,0,31,40,40,71,65476,0,300,0,0,8,21553,0.0,-107605600.0,0.0,0.0,0.0,0.0,0.0,0.0,0.0,0.0,0.0,0.0,0.0,0.0,0.0,0.0,0.0,0.0,0.0,0.0,0.0,0.0,-2.004,2.004,2.004,-2.004,0.0,0.0,0.0,0.0,4465.0,-131350.172,6937.0,0.0,0.0,0.0,-0.0,0.0,0.0,0.0,0.0,69,-1.905698635870372e+17,-2.3088241810607807e+20,0.0,0.0,0.0,0.0,0.0,0.0,0.0,0,0,0,0.0,0.0,0.0,0.0,0.0,0.0,0.0,0.0,0.0,0.0,0.0,0.0,0.0,0.0,0.0,0.0,0,-107875648.0,69,0.0,138,0.0,-109183328.0,0,0,17087,13107,17103,13107,17082,0,0,0,70,68,100,-0.0,82.4,-107615456.0,78.2,2.7302388193790272e+23,79.0,1,49,50,180,0,52429,0,0,0.0,0.0,0.0,0.0,-0.0,67.0,0.0,162057.094,0.0,980,0,1009,0,0,0,955,0,1036,0,931,0,792,0,784,0,822,0,7520,0.032,1.95996655783164e+20,0.0,0.0,784,16797,-0.0,162057.094,-114818.039,-0.0,0.133,6.909358625270745e+28,30.0,70.0,35,0.0,0.0,0.0,0.0,0.0,0.0,0.0,0.0,0.0,0.0,0.0,0.0,0.0,0.0,0.0,0.0,66.0,0,150,71,52,65476,0,300,0,0,8,20529,65476,0,0,44564,70.0,0.0,0.0,0.0,0.0,0.0
2026-09-10T21:17:58,ERR,ERR,ERR,ERR,ERR,ERR,ERR,ERR,ERR,ERR,ERR,ERR,ERR,ERR,ERR,ERR,ERR,ERR,ERR,ERR,ERR,ERR,ERR,ERR,ERR,ERR,ERR,ERR,ERR,ERR,ERR,ERR,ERR,ERR,ERR,ERR,ERR,ERR,ERR,ERR,ERR,ERR,ERR,ERR,ERR,ERR,ERR,ERR,ERR,ERR,ERR,ERR,ERR,ERR,ERR,ERR,ERR,ERR,ERR,ERR,ERR,ERR,ERR,ERR,ERR,ERR,ERR,ERR,ERR,ERR,ERR,ERR,ERR,ERR,ERR,ERR,ERR,ERR,ERR,ERR,ERR,ERR,ERR,ERR,ERR,ERR,ERR,ERR,ERR,ERR,ERR,ERR,ERR,ERR,ERR,ERR,ERR,ERR,ERR,ERR,ERR,ERR,ERR,ERR,ERR,ERR,ERR,ERR,ERR,ERR,ERR,ERR,ERR,ERR,ERR,ERR,ERR,ERR,ERR,ERR,ERR,ERR,ERR,ERR,ERR,0.0,0.0,2.6474835549302285e+23,0.0,0.0,1.3936040501711995e+18,7.805,0.0,0,0,4,0,7116,0.0,100,0.0,0.0,0.0,0.0,0.0,0,0,0,0,0.0,0,0,0,0,0,0,0,0,0,0,0,0,0,0,0,0,0,0,0,0,0,0,0,0,0,0,0,0,0,0,0,0,0,31,40,40,71,65476,0,300,0,0,8,21553,0.0,-107605600.0,0.0,0.0,0.0,0.0,0.0,0.0,0.0,0.0,0.0,0.0,0.0,0.0,0.0,0.0,0.0,0.0,0.0,0.0,0.0,0.0,-2.004,2.004,2.004,-2.004,0.0,0.0,0.0,0.0,4465.0,-131350.172,6937.0,0.0,0.0,0.0,-0.0,0.0,0.0,0.0,0.0,69,-1.905698635870372e+17,-2.3088241810607807e+20,0.0,0.0,0.0,0.0,0.0,0.0,0.0,0,0,0,0.0,0.0,0.0,0.0,0.0,0.0,0.0,0.0,0.0,0.0,0.0,0.0,0.0,0.0,0.0,0.0,0,-107875648.0,69,0.0,138,0.0,-109183328.0,0,0,17087,13107,17103,13107,17082,0,0,0,70,68,100,-0.0,82.4,-107615456.0,78.2,2.7302388193790272e+23,79.0,1,49,50,180,0,52429,0,0,0.0,0.0,0.0,0.0,-0.0,67.0,0.0,162057.094,0.0,980,0,1009,0,0,0,955,0,1036,0,931,0,792,0,784,0,822,0,7520,0.032,1.95996655783164e+20,0.0,0.0,784,16797,-0.0,162057.094,-114818.039,-0.0,0.133,6.909358625270745e+28,30.0,70.0,35,0.0,0.0,0.0,0.0,0.0,0.0,0.0,0.0,0.0,0.0,0.0,0.0,0.0,0.0,0.0,0.0,66.0,0,150,71,52,65476,0,300,0,0,8,20529,65476,0,0,44564,70.0,0.0,0.0,0.0,0.0,0.0
2026-09-10T21:17:59,ERR,ERR,ERR,ERR,ERR,ERR,ERR,ERR,ERR,ERR,ERR,ERR,ERR,ERR,ERR,ERR,ERR,ERR,ERR,ERR,ERR,ERR,ERR,ERR,ERR,ERR,ERR,ERR,ERR,ERR,ERR,ERR,ERR,ERR,ERR,ERR,ERR,ERR,ERR,ERR,ERR,ERR,ERR,ERR,ERR,ERR,ERR,ERR,ERR,ERR,ERR,ERR,ERR,ERR,ERR,ERR,ERR,ERR,ERR,ERR,ERR,ERR,ERR,ERR,ERR,ERR,ERR,ERR,ERR,ERR,ERR,ERR,ERR,ERR,ERR,ERR,ERR,ERR,ERR,ERR,ERR,ERR,ERR,ERR,ERR,ERR,ERR,ERR,ERR,ERR,ERR,ERR,ERR,ERR,ERR,ERR,ERR,ERR,ERR,ERR,ERR,ERR,ERR,ERR,ERR,ERR,ERR,ERR,ERR,ERR,ERR,ERR,ERR,ERR,ERR,ERR,ERR,ERR,ERR,ERR,ERR,ERR,ERR,ERR,ERR,0.0,0.0,2.6474835549302285e+23,0.0,0.0,1.3936040501711995e+18,7.805,0.0,0,0,4,0,7116,0.0,100,0.0,0.0,0.0,0.0,0.0,0,0,0,0,0.0,0,0,0,0,0,0,0,0,0,0,0,0,0,0,0,0,0,0,0,0,0,0,0,0,0,0,0,0,0,0,0,0,0,31,40,40,71,65476,0,300,0,0,8,21553,0.0,-107605600.0,0.0,0.0,0.0,0.0,0.0,0.0,0.0,0.0,0.0,0.0,0.0,0.0,0.0,0.0,0.0,0.0,0.0,0.0,0.0,0.0,-2.004,2.004,2.004,-2.004,0.0,0.0,0.0,0.0,4465.0,-131350.172,6937.0,0.0,0.0,0.0,-0.0,0.0,0.0,0.0,0.0,69,-1.905698635870372e+17,-2.3088241810607807e+20,0.0,0.0,0.0,0.0,0.0,0.0,0.0,0,0,0,0.0,0.0,0.0,0.0,0.0,0.0,0.0,0.0,0.0,0.0,0.0,0.0,0.0,0.0,0.0,0.0,0,-107875648.0,69,0.0,138,0.0,-109183328.0,0,0,17087,13107,17103,13107,17082,0,0,0,70,68,100,-0.0,82.4,-107615456.0,78.2,2.7302388193790272e+23,79.0,1,49,50,180,0,52429,0,0,0.0,0.0,0.0,0.0,-0.0,67.0,0.0,162057.094,0.0,980,0,1009,0,0,0,955,0,1036,0,931,0,792,0,784,0,822,0,7520,0.032,1.95996655783164e+20,0.0,0.0,784,16797,-0.0,162057.094,-114818.039,-0.0,0.133,6.909358625270745e+28,30.0,70.0,35,0.0,0.0,0.0,0.0,0.0,0.0,0.0,0.0,0.0,0.0,0.0,0.0,0.0,0.0,0.0,0.0,66.0,0,150,71,52,65476,0,300,0,0,8,20529,65476,0,0,44564,70.0,0.0,0.0,0.0,0.0,0.0
2026-09-10T21:18:00,ERR,ERR,ERR,ERR,ERR,ERR,ERR,ERR,ERR,ERR,ERR,ERR,ERR,ERR,ERR,ERR,ERR,ERR,ERR,ERR,ERR,ERR,ERR,ERR,ERR,ERR,ERR,ERR,ERR,ERR,ERR,ERR,ERR,ERR,ERR,ERR,ERR,ERR,ERR,ERR,ERR,ERR,ERR,ERR,ERR,ERR,ERR,ERR,ERR,ERR,ERR,ERR,ERR,ERR,ERR,ERR,ERR,ERR,ERR,ERR,ERR,ERR,ERR,ERR,ERR,ERR,ERR,ERR,ERR,ERR,ERR,ERR,ERR,ERR,ERR,ERR,ERR,ERR,ERR,ERR,ERR,ERR,ERR,ERR,ERR,ERR,ERR,ERR,ERR,ERR,ERR,ERR,ERR,ERR,ERR,ERR,ERR,ERR,ERR,ERR,ERR,ERR,ERR,ERR,ERR,ERR,ERR,ERR,ERR,ERR,ERR,ERR,ERR,ERR,ERR,ERR,ERR,ERR,ERR,ERR,ERR,ERR,ERR,ERR,ERR,0.0,0.0,2.6474835549302285e+23,0.0,0.0,1.3936040501711995e+18,7.805,0.0,0,0,4,0,7116,0.0,100,0.0,0.0,0.0,0.0,0.0,0,0,0,0,0.0,0,0,0,0,0,0,0,0,0,0,0,0,0,0,0,0,0,0,0,0,0,0,0,0,0,0,0,0,0,0,0,0,0,31,40,40,71,65476,0,300,0,0,8,21553,0.0,-107605600.0,0.0,0.0,0.0,0.0,0.0,0.0,0.0,0.0,0.0,0.0,0.0,0.0,0.0,0.0,0.0,0.0,0.0,0.0,0.0,0.0,-2.004,2.004,2.004,-2.004,0.0,0.0,0.0,0.0,4465.0,-131350.172,6937.0,0.0,0.0,0.0,-0.0,0.0,0.0,0.0,0.0,69,-1.905698635870372e+17,-2.3088241810607807e+20,0.0,0.0,0.0,0.0,0.0,0.0,0.0,0,0,0,0.0,0.0,0.0,0.0,0.0,0.0,0.0,0.0,0.0,0.0,0.0,0.0,0.0,0.0,0.0,0.0,0,-107875648.0,69,0.0,138,0.0,-109183328.0,0,52429,17086,13107,17103,0,17082,0,0,0,70,68,100,2.7302399002429377e+23,82.4,-107615456.0,78.2,2.7302388193790272e+23,79.0,1,49,50,180,0,52429,0,0,0.0,0.0,0.0,0.0,-0.0,67.0,0.0,162057.094,0.0,980,0,1009,0,0,0,955,0,1036,0,930,0,792,0,784,0,823,0,7520,0.032,1.95996655783164e+20,0.0,0.0,784,16797,-0.0,162057.094,-114818.039,-0.0,0.133,6.909358625270745e+28,30.0,70.0,35,0.0,0.0,0.0,0.0,0.0,0.0,0.0,0.0,0.0,0.0,0.0,0.0,0.0,0.0,0.0,0.0,66.0,0,150,71,52,65476,0,300,0,0,8,20529,65476,0,0,44564,70.0,0.0,0.0,0.0,0.0,0.0
2026-09-10T21:18:01,ERR,ERR,ERR,ERR,ERR,ERR,ERR,ERR,ERR,ERR,ERR,ERR,ERR,ERR,ERR,ERR,ERR,ERR,ERR,ERR,ERR,ERR,ERR,ERR,ERR,ERR,ERR,ERR,ERR,ERR,ERR,ERR,ERR,ERR,ERR,ERR,ERR,ERR,ERR,ERR,ERR,ERR,ERR,ERR,ERR,ERR,ERR,ERR,ERR,ERR,ERR,ERR,ERR,ERR,ERR,ERR,ERR,ERR,ERR,ERR,ERR,ERR,ERR,ERR,ERR,ERR,ERR,ERR,ERR,ERR,ERR,ERR,ERR,ERR,ERR,ERR,ERR,ERR,ERR,ERR,ERR,ERR,ERR,ERR,ERR,ERR,ERR,ERR,ERR,ERR,ERR,ERR,ERR,ERR,ERR,ERR,ERR,ERR,ERR,ERR,ERR,ERR,ERR,ERR,ERR,ERR,ERR,ERR,ERR,ERR,ERR,ERR,ERR,ERR,ERR,ERR,ERR,ERR,ERR,ERR,ERR,ERR,ERR,ERR,ERR,0.0,0.0,2.6474835549302285e+23,0.0,0.0,1.3936040501711995e+18,7.805,0.0,0,0,4,0,7116,0.0,100,0.0,0.0,0.0,0.0,0.0,0,0,0,0,0.0,0,0,0,0,0,0,0,0,0,0,0,0,0,0,0,0,0,0,0,0,0,0,0,0,0,0,0,0,0,0,0,0,0,31,40,40,71,65476,0,300,0,0,8,21553,0.0,-107605600.0,0.0,0.0,0.0,0.0,0.0,0.0,0.0,0.0,0.0,0.0,0.0,0.0,0.0,0.0,0.0,0.0,0.0,0.0,0.0,0.0,-2.004,2.004,2.004,-2.004,0.0,0.0,0.0,0.0,4465.0,-131350.172,6937.0,0.0,0.0,0.0,-0.0,0.0,0.0,0.0,0.0,69,-1.905698635870372e+17,-2.3088241810607807e+20,0.0,0.0,0.0,0.0,0.0,0.0,0.0,0,0,0,0.0,0.0,0.0,0.0,0.0,0.0,0.0,0.0,0.0,0.0,0.0,0.0,0.0,0.0,0.0,0.0,0,-107875648.0,69,0.0,138,0.0,-109183328.0,0,52429,17086,13107,17103,0,17082,0,0,0,70,68,100,2.7302399002429377e+23,82.4,-107615456.0,78.2,2.7302388193790272e+23,79.0,1,49,50,180,0,52429,0,0,0.0,0.0,0.0,0.0,-0.0,67.0,0.0,162057.094,0.0,980,0,1009,0,0,0,955,0,1036,0,930,0,792,0,784,0,823,0,7520,0.032,1.95996655783164e+20,0.0,0.0,784,16797,-0.0,162057.094,-114818.039,-0.0,0.133,6.909358625270745e+28,30.0,70.0,35,0.0,0.0,0.0,0.0,0.0,0.0,0.0,0.0,0.0,0.0,0.0,0.0,0.0,0.0,0.0,0.0,66.0,0,150,71,52,65476,0,300,0,0,8,20529,65476,0,0,44564,70.0,0.0,0.0,0.0,0.0,0.0
2026-09-10T21:18:02,ERR,ERR,ERR,ERR,ERR,ERR,ERR,ERR,ERR,ERR,ERR,ERR,ERR,ERR,ERR,ERR,ERR,ERR,ERR,ERR,ERR,ERR,ERR,ERR,ERR,ERR,ERR,ERR,ERR,ERR,ERR,ERR,ERR,ERR,ERR,ERR,ERR,ERR,ERR,ERR,ERR,ERR,ERR,ERR,ERR,ERR,ERR,ERR,ERR,ERR,ERR,ERR,ERR,ERR,ERR,ERR,ERR,ERR,ERR,ERR,ERR,ERR,ERR,ERR,ERR,ERR,ERR,ERR,ERR,ERR,ERR,ERR,ERR,ERR,ERR,ERR,ERR,ERR,ERR,ERR,ERR,ERR,ERR,ERR,ERR,ERR,ERR,ERR,ERR,ERR,ERR,ERR,ERR,ERR,ERR,ERR,ERR,ERR,ERR,ERR,ERR,ERR,ERR,ERR,ERR,ERR,ERR,ERR,ERR,ERR,ERR,ERR,ERR,ERR,ERR,ERR,ERR,ERR,ERR,ERR,ERR,ERR,ERR,ERR,ERR,0.0,0.0,2.6474835549302285e+23,0.0,0.0,1.3936040501711995e+18,7.805,0.0,0,0,4,0,7116,0.0,100,0.0,0.0,0.0,0.0,0.0,0,0,0,0,0.0,0,0,0,0,0,0,0,0,0,0,0,0,0,0,0,0,0,0,0,0,0,0,0,0,0,0,0,0,0,0,0,0,0,31,40,40,71,65476,0,300,0,0,8,21553,0.0,-107605600.0,0.0,0.0,0.0,0.0,0.0,0.0,0.0,0.0,0.0,0.0,0.0,0.0,0.0,0.0,0.0,0.0,0.0,0.0,0.0,0.0,-2.004,2.004,2.004,-2.004,0.0,0.0,0.0,0.0,4465.0,-131350.172,6937.0,0.0,0.0,0.0,-0.0,0.0,0.0,0.0,0.0,69,-1.905698635870372e+17,-2.3088241810607807e+20,0.0,0.0,0.0,0.0,0.0,0.0,0.0,0,0,0,0.0,0.0,0.0,0.0,0.0,0.0,0.0,0.0,0.0,0.0,0.0,0.0,0.0,0.0,0.0,0.0,0,-107875648.0,69,0.0,138,0.0,-109183328.0,0,52429,17086,13107,17103,0,17082,0,0,0,70,68,100,2.7302399002429377e+23,82.4,-107615456.0,78.2,2.7302388193790272e+23,79.0,1,49,50,180,0,52429,0,0,0.0,0.0,0.0,0.0,-0.0,67.0,0.0,162057.094,0.0,980,0,1009,0,0,0,955,0,1036,0,930,0,792,0,784,0,823,0,7520,0.032,1.95996655783164e+20,0.0,0.0,784,16797,-0.0,162057.094,-114818.039,-0.0,0.133,6.909358625270745e+28,30.0,70.0,35,0.0,0.0,0.0,0.0,0.0,0.0,0.0,0.0,0.0,0.0,0.0,0.0,0.0,0.0,0.0,0.0,66.0,0,150,71,52,65476,0,300,0,0,8,20529,65476,0,0,44564,70.0,0.0,0.0,0.0,0.0,0.0
2026-09-10T21:18:03,ERR,ERR,ERR,ERR,ERR,ERR,ERR,ERR,ERR,ERR,ERR,ERR,ERR,ERR,ERR,ERR,ERR,ERR,ERR,ERR,ERR,ERR,ERR,ERR,ERR,ERR,ERR,ERR,ERR,ERR,ERR,ERR,ERR,ERR,ERR,ERR,ERR,ERR,ERR,ERR,ERR,ERR,ERR,ERR,ERR,ERR,ERR,ERR,ERR,ERR,ERR,ERR,ERR,ERR,ERR,ERR,ERR,ERR,ERR,ERR,ERR,ERR,ERR,ERR,ERR,ERR,ERR,ERR,ERR,ERR,ERR,ERR,ERR,ERR,ERR,ERR,ERR,ERR,ERR,ERR,ERR,ERR,ERR,ERR,ERR,ERR,ERR,ERR,ERR,ERR,ERR,ERR,ERR,ERR,ERR,ERR,ERR,ERR,ERR,ERR,ERR,ERR,ERR,ERR,ERR,ERR,ERR,ERR,ERR,ERR,ERR,ERR,ERR,ERR,ERR,ERR,ERR,ERR,ERR,ERR,ERR,ERR,ERR,ERR,ERR,0.0,0.0,2.6474835549302285e+23,0.0,0.0,1.3936040501711995e+18,7.805,0.0,0,0,4,0,7116,0.0,100,0.0,0.0,0.0,0.0,0.0,0,0,0,0,0.0,0,0,0,0,0,0,0,0,0,0,0,0,0,0,0,0,0,0,0,0,0,0,0,0,0,0,0,0,0,0,0,0,0,31,40,40,71,65476,0,300,0,0,8,21553,0.0,-107605600.0,0.0,0.0,0.0,0.0,0.0,0.0,0.0,0.0,0.0,0.0,0.0,0.0,0.0,0.0,0.0,0.0,0.0,0.0,0.0,0.0,-2.004,2.004,2.004,-2.004,0.0,0.0,0.0,0.0,4465.0,-131350.172,6937.0,0.0,0.0,0.0,-0.0,0.0,0.0,0.0,0.0,69,-1.905698635870372e+17,-2.3088241810607807e+20,0.0,0.0,0.0,0.0,0.0,0.0,0.0,0,0,0,0.0,0.0,0.0,0.0,0.0,0.0,0.0,0.0,0.0,0.0,0.0,0.0,0.0,0.0,0.0,0.0,0,-107875648.0,69,0.0,138,0.0,-109183328.0,0,52429,17086,13107,17103,0,17082,0,0,0,70,68,100,2.7302399002429377e+23,82.4,-107615456.0,78.2,2.7302388193790272e+23,79.0,1,49,50,180,0,52429,0,0,0.0,0.0,0.0,0.0,-0.0,67.0,0.0,162057.094,0.0,980,0,1009,0,0,0,955,0,1036,0,930,0,792,0,784,0,823,0,7520,0.032,1.95996655783164e+20,0.0,0.0,784,16797,-0.0,162057.094,-114818.039,-0.0,0.133,6.909358625270745e+28,30.0,70.0,35,0.0,0.0,0.0,0.0,0.0,0.0,0.0,0.0,0.0,0.0,0.0,0.0,0.0,0.0,0.0,0.0,66.0,0,150,71,52,65476,0,300,0,0,8,20529,65476,0,0,44564,70.0,0.0,0.0,0.0,0.0,0.0
2026-09-10T21:18:04,ERR,ERR,ERR,ERR,ERR,ERR,ERR,ERR,ERR,ERR,ERR,ERR,ERR,ERR,ERR,ERR,ERR,ERR,ERR,ERR,ERR,ERR,ERR,ERR,ERR,ERR,ERR,ERR,ERR,ERR,ERR,ERR,ERR,ERR,ERR,ERR,ERR,ERR,ERR,ERR,ERR,ERR,ERR,ERR,ERR,ERR,ERR,ERR,ERR,ERR,ERR,ERR,ERR,ERR,ERR,ERR,ERR,ERR,ERR,ERR,ERR,ERR,ERR,ERR,ERR,ERR,ERR,ERR,ERR,ERR,ERR,ERR,ERR,ERR,ERR,ERR,ERR,ERR,ERR,ERR,ERR,ERR,ERR,ERR,ERR,ERR,ERR,ERR,ERR,ERR,ERR,ERR,ERR,ERR,ERR,ERR,ERR,ERR,ERR,ERR,ERR,ERR,ERR,ERR,ERR,ERR,ERR,ERR,ERR,ERR,ERR,ERR,ERR,ERR,ERR,ERR,ERR,ERR,ERR,ERR,ERR,ERR,ERR,ERR,ERR,0.0,0.0,2.6474835549302285e+23,0.0,0.0,1.3936040501711995e+18,7.805,0.0,0,0,4,0,7116,0.0,100,0.0,0.0,0.0,0.0,0.0,0,0,0,0,0.0,0,0,0,0,0,0,0,0,0,0,0,0,0,0,0,0,0,0,0,0,0,0,0,0,0,0,0,0,0,0,0,0,0,31,40,40,71,65476,0,300,0,0,8,21553,0.0,-107605600.0,0.0,0.0,0.0,0.0,0.0,0.0,0.0,0.0,0.0,0.0,0.0,0.0,0.0,0.0,0.0,0.0,0.0,0.0,0.0,0.0,-2.004,2.004,2.004,-2.004,0.0,0.0,0.0,0.0,4465.0,-131350.172,6937.0,0.0,0.0,0.0,-0.0,0.0,0.0,0.0,0.0,69,-1.905698635870372e+17,-2.3088241810607807e+20,0.0,0.0,0.0,0.0,0.0,0.0,0.0,0,0,0,0.0,0.0,0.0,0.0,0.0,0.0,0.0,0.0,0.0,0.0,0.0,0.0,0.0,0.0,0.0,0.0,0,-107875648.0,69,0.0,138,0.0,-109183328.0,0,52429,17086,13107,17103,0,17082,0,0,0,70,68,100,2.7302399002429377e+23,82.4,-107615456.0,78.2,2.7302388193790272e+23,79.0,1,49,50,180,0,52429,0,0,0.0,0.0,0.0,0.0,-0.0,67.0,0.0,162057.094,0.0,980,0,1009,0,0,0,955,0,1036,0,930,0,792,0,784,0,823,0,7520,0.032,1.95996655783164e+20,0.0,0.0,784,16797,-0.0,162057.094,-114818.039,-0.0,0.133,6.909358625270745e+28,30.0,70.0,35,0.0,0.0,0.0,0.0,0.0,0.0,0.0,0.0,0.0,0.0,0.0,0.0,0.0,0.0,0.0,0.0,66.0,0,150,71,52,65476,0,300,0,0,8,20529,65476,0,0,44564,70.0,0.0,0.0,0.0,0.0,0.0
2026-09-10T21:18:05,ERR,ERR,ERR,ERR,ERR,ERR,ERR,ERR,ERR,ERR,ERR,ERR,ERR,ERR,ERR,ERR,ERR,ERR,ERR,ERR,ERR,ERR,ERR,ERR,ERR,ERR,ERR,ERR,ERR,ERR,ERR,ERR,ERR,ERR,ERR,ERR,ERR,ERR,ERR,ERR,ERR,ERR,ERR,ERR,ERR,ERR,ERR,ERR,ERR,ERR,ERR,ERR,ERR,ERR,ERR,ERR,ERR,ERR,ERR,ERR,ERR,ERR,ERR,ERR,ERR,ERR,ERR,ERR,ERR,ERR,ERR,ERR,ERR,ERR,ERR,ERR,ERR,ERR,ERR,ERR,ERR,ERR,ERR,ERR,ERR,ERR,ERR,ERR,ERR,ERR,ERR,ERR,ERR,ERR,ERR,ERR,ERR,ERR,ERR,ERR,ERR,ERR,ERR,ERR,ERR,ERR,ERR,ERR,ERR,ERR,ERR,ERR,ERR,ERR,ERR,ERR,ERR,ERR,ERR,ERR,ERR,ERR,ERR,ERR,ERR,0.0,0.0,2.6474835549302285e+23,0.0,0.0,1.3936040501711995e+18,7.805,0.0,0,0,4,0,7116,0.0,100,0.0,0.0,0.0,0.0,0.0,0,0,0,0,0.0,0,0,0,0,0,0,0,0,0,0,0,0,0,0,0,0,0,0,0,0,0,0,0,0,0,0,0,0,0,0,0,0,0,31,40,40,71,65476,0,300,0,0,8,21553,0.0,-107605600.0,0.0,0.0,0.0,0.0,0.0,0.0,0.0,0.0,0.0,0.0,0.0,0.0,0.0,0.0,0.0,0.0,0.0,0.0,0.0,0.0,-2.004,2.004,2.004,-2.004,0.0,0.0,0.0,0.0,4463.0,-3.697178656945629e+19,6940.0,0.0,0.0,0.0,-0.0,0.0,0.0,0.0,0.0,69,-152018521948160.0,-4.950393007110635e+32,0.0,0.0,0.0,0.0,0.0,0.0,0.0,0,0,0,0.0,0.0,0.0,0.0,0.0,0.0,0.0,0.0,0.0,0.0,0.0,0.0,0.0,0.0,0.0,0.0,0,-107875648.0,69,0.0,138,0.0,-109183328.0,0,52429,17086,13107,17103,0,17082,0,0,0,70,68,100,2.7302399002429377e+23,82.4,-107615456.0,78.2,2.7302388193790272e+23,79.0,1,49,50,180,0,52429,0,0,0.0,0.0,0.0,0.0,-0.0,67.0,0.0,162057.094,0.0,980,0,1009,0,0,0,955,0,1036,0,930,0,792,0,784,0,823,0,7520,0.032,1.95996655783164e+20,0.0,0.0,784,16797,-0.0,162057.094,-114818.039,-0.0,0.133,6.909358625270745e+28,30.0,70.0,35,0.0,0.0,0.0,0.0,0.0,0.0,0.0,0.0,0.0,0.0,0.0,0.0,0.0,0.0,0.0,0.0,66.0,0,150,71,52,65476,0,300,0,0,8,20529,65476,0,0,44564,70.0,0.0,0.0,0.0,0.0,0.0
2026-09-10T21:18:06,ERR,ERR,ERR,ERR,ERR,ERR,ERR,ERR,ERR,ERR,ERR,ERR,ERR,ERR,ERR,ERR,ERR,ERR,ERR,ERR,ERR,ERR,ERR,ERR,ERR,ERR,ERR,ERR,ERR,ERR,ERR,ERR,ERR,ERR,ERR,ERR,ERR,ERR,ERR,ERR,ERR,ERR,ERR,ERR,ERR,ERR,ERR,ERR,ERR,ERR,ERR,ERR,ERR,ERR,ERR,ERR,ERR,ERR,ERR,ERR,ERR,ERR,ERR,ERR,ERR,ERR,ERR,ERR,ERR,ERR,ERR,ERR,ERR,ERR,ERR,ERR,ERR,ERR,ERR,ERR,ERR,ERR,ERR,ERR,ERR,ERR,ERR,ERR,ERR,ERR,ERR,ERR,ERR,ERR,ERR,ERR,ERR,ERR,ERR,ERR,ERR,ERR,ERR,ERR,ERR,ERR,ERR,ERR,ERR,ERR,ERR,ERR,ERR,ERR,ERR,ERR,ERR,ERR,ERR,ERR,ERR,ERR,ERR,ERR,ERR,0.0,0.0,2.6474835549302285e+23,0.0,0.0,1.3936040501711995e+18,7.805,0.0,0,0,4,0,7116,0.0,100,0.0,0.0,0.0,0.0,0.0,0,0,0,0,0.0,0,0,0,0,0,0,0,0,0,0,0,0,0,0,0,0,0,0,0,0,0,0,0,0,0,0,0,0,0,0,0,0,0,31,40,40,71,65476,0,300,0,0,8,21553,0.0,-107605600.0,0.0,0.0,0.0,0.0,0.0,0.0,0.0,0.0,0.0,0.0,0.0,0.0,0.0,0.0,0.0,0.0,0.0,0.0,0.0,0.0,-2.004,2.004,2.004,-2.004,0.0,0.0,0.0,0.0,4463.0,-3.697178656945629e+19,6940.0,0.0,0.0,0.0,-0.0,0.0,0.0,0.0,0.0,69,-152018521948160.0,-4.950393007110635e+32,0.0,0.0,0.0,0.0,0.0,0.0,0.0,0,0,0,0.0,0.0,0.0,0.0,0.0,0.0,0.0,0.0,0.0,0.0,0.0,0.0,0.0,0.0,0.0,0.0,0,-107875648.0,69,0.0,138,0.0,-109183328.0,0,0,17087,13107,17103,13107,17082,0,0,0,70,68,100,2.7302399002429377e+23,82.4,-107615456.0,78.2,2.7302388193790272e+23,79.0,1,49,50,180,0,52429,0,0,0.0,0.0,0.0,0.0,-0.0,67.0,0.0,162057.094,0.0,980,0,1009,0,0,0,955,0,1036,0,931,0,792,0,784,0,823,0,7520,0.032,1.9714957728777083e+20,0.0,0.0,784,16797,-0.0,162057.094,-114818.039,-0.0,0.133,6.909358625270745e+28,30.0,70.0,35,0.0,0.0,0.0,0.0,0.0,0.0,0.0,0.0,0.0,0.0,0.0,0.0,0.0,0.0,0.0,0.0,66.0,0,150,71,52,65476,0,300,0,0,8,20529,65476,0,0,44564,70.0,0.0,0.0,0.0,0.0,0.0
2026-09-10T21:18:07,ERR,ERR,ERR,ERR,ERR,ERR,ERR,ERR,ERR,ERR,ERR,ERR,ERR,ERR,ERR,ERR,ERR,ERR,ERR,ERR,ERR,ERR,ERR,ERR,ERR,ERR,ERR,ERR,ERR,ERR,ERR,ERR,ERR,ERR,ERR,ERR,ERR,ERR,ERR,ERR,ERR,ERR,ERR,ERR,ERR,ERR,ERR,ERR,ERR,ERR,ERR,ERR,ERR,ERR,ERR,ERR,ERR,ERR,ERR,ERR,ERR,ERR,ERR,ERR,ERR,ERR,ERR,ERR,ERR,ERR,ERR,ERR,ERR,ERR,ERR,ERR,ERR,ERR,ERR,ERR,ERR,ERR,ERR,ERR,ERR,ERR,ERR,ERR,ERR,ERR,ERR,ERR,ERR,ERR,ERR,ERR,ERR,ERR,ERR,ERR,ERR,ERR,ERR,ERR,ERR,ERR,ERR,ERR,ERR,ERR,ERR,ERR,ERR,ERR,ERR,ERR,ERR,ERR,ERR,ERR,ERR,ERR,ERR,ERR,ERR,0.0,0.0,2.6474835549302285e+23,0.0,0.0,1.3936040501711995e+18,7.805,0.0,0,0,4,0,7116,0.0,100,0.0,0.0,0.0,0.0,0.0,0,0,0,0,0.0,0,0,0,0,0,0,0,0,0,0,0,0,0,0,0,0,0,0,0,0,0,0,0,0,0,0,0,0,0,0,0,0,0,31,40,40,71,65476,0,300,0,0,8,21553,0.0,-107605600.0,0.0,0.0,0.0,0.0,0.0,0.0,0.0,0.0,0.0,0.0,0.0,0.0,0.0,0.0,0.0,0.0,0.0,0.0,0.0,0.0,-2.004,2.004,2.004,-2.004,0.0,0.0,0.0,0.0,4463.0,-3.697178656945629e+19,6940.0,0.0,0.0,0.0,-0.0,0.0,0.0,0.0,0.0,69,-152018521948160.0,-4.950393007110635e+32,0.0,0.0,0.0,0.0,0.0,0.0,0.0,0,0,0,0.0,0.0,0.0,0.0,0.0,0.0,0.0,0.0,0.0,0.0,0.0,0.0,0.0,0.0,0.0,0.0,0,-107875648.0,69,0.0,138,0.0,-109183328.0,0,0,17087,13107,17103,13107,17082,0,0,0,70,68,100,2.7302399002429377e+23,82.4,-107615456.0,78.2,2.7302388193790272e+23,79.0,1,49,50,180,0,52429,0,0,0.0,0.0,0.0,0.0,-0.0,67.0,0.0,162057.094,0.0,980,0,1009,0,0,0,955,0,1036,0,931,0,792,0,784,0,823,0,7520,0.032,1.9714957728777083e+20,0.0,0.0,784,16797,-0.0,162057.094,-114818.039,-0.0,0.133,6.909358625270745e+28,30.0,70.0,35,0.0,0.0,0.0,0.0,0.0,0.0,0.0,0.0,0.0,0.0,0.0,0.0,0.0,0.0,0.0,0.0,66.0,0,150,71,52,65476,0,300,0,0,8,20529,65476,0,0,44564,70.0,0.0,0.0,0.0,0.0,0.0
2026-09-10T21:18:08,ERR,ERR,ERR,ERR,ERR,ERR,ERR,ERR,ERR,ERR,ERR,ERR,ERR,ERR,ERR,ERR,ERR,ERR,ERR,ERR,ERR,ERR,ERR,ERR,ERR,ERR,ERR,ERR,ERR,ERR,ERR,ERR,ERR,ERR,ERR,ERR,ERR,ERR,ERR,ERR,ERR,ERR,ERR,ERR,ERR,ERR,ERR,ERR,ERR,ERR,ERR,ERR,ERR,ERR,ERR,ERR,ERR,ERR,ERR,ERR,ERR,ERR,ERR,ERR,ERR,ERR,ERR,ERR,ERR,ERR,ERR,ERR,ERR,ERR,ERR,ERR,ERR,ERR,ERR,ERR,ERR,ERR,ERR,ERR,ERR,ERR,ERR,ERR,ERR,ERR,ERR,ERR,ERR,ERR,ERR,ERR,ERR,ERR,ERR,ERR,ERR,ERR,ERR,ERR,ERR,ERR,ERR,ERR,ERR,ERR,ERR,ERR,ERR,ERR,ERR,ERR,ERR,ERR,ERR,ERR,ERR,ERR,ERR,ERR,ERR,0.0,0.0,2.6474835549302285e+23,0.0,0.0,1.3936040501711995e+18,7.805,0.0,0,0,4,0,7116,0.0,100,0.0,0.0,0.0,0.0,0.0,0,0,0,0,0.0,0,0,0,0,0,0,0,0,0,0,0,0,0,0,0,0,0,0,0,0,0,0,0,0,0,0,0,0,0,0,0,0,0,31,40,40,71,65476,0,300,0,0,8,21553,0.0,-107605600.0,0.0,0.0,0.0,0.0,0.0,0.0,0.0,0.0,0.0,0.0,0.0,0.0,0.0,0.0,0.0,0.0,0.0,0.0,0.0,0.0,-2.004,2.004,2.004,-2.004,0.0,0.0,0.0,0.0,4463.0,-3.697178656945629e+19,6940.0,0.0,0.0,0.0,-0.0,0.0,0.0,0.0,0.0,69,-152018521948160.0,-4.950393007110635e+32,0.0,0.0,0.0,0.0,0.0,0.0,0.0,0,0,0,0.0,0.0,0.0,0.0,0.0,0.0,0.0,0.0,0.0,0.0,0.0,0.0,0.0,0.0,0.0,0.0,0,-107875648.0,69,0.0,138,0.0,-109183328.0,0,0,17087,13107,17103,13107,17082,0,0,0,70,68,100,2.7302399002429377e+23,82.4,-107615456.0,78.2,2.7302388193790272e+23,79.0,1,49,50,180,0,52429,0,0,0.0,0.0,0.0,0.0,-0.0,67.0,0.0,162057.094,0.0,980,0,1009,0,0,0,955,0,1036,0,931,0,792,0,784,0,823,0,7520,0.032,1.9714957728777083e+20,0.0,0.0,784,16797,-0.0,162057.094,-114818.039,-0.0,0.133,6.909358625270745e+28,30.0,70.0,35,0.0,0.0,0.0,0.0,0.0,0.0,0.0,0.0,0.0,0.0,0.0,0.0,0.0,0.0,0.0,0.0,66.0,0,150,71,52,65476,0,300,0,0,8,20529,65476,0,0,44564,70.0,0.0,0.0,0.0,0.0,0.0
2026-09-10T21:18:09,ERR,ERR,ERR,ERR,ERR,ERR,ERR,ERR,ERR,ERR,ERR,ERR,ERR,ERR,ERR,ERR,ERR,ERR,ERR,ERR,ERR,ERR,ERR,ERR,ERR,ERR,ERR,ERR,ERR,ERR,ERR,ERR,ERR,ERR,ERR,ERR,ERR,ERR,ERR,ERR,ERR,ERR,ERR,ERR,ERR,ERR,ERR,ERR,ERR,ERR,ERR,ERR,ERR,ERR,ERR,ERR,ERR,ERR,ERR,ERR,ERR,ERR,ERR,ERR,ERR,ERR,ERR,ERR,ERR,ERR,ERR,ERR,ERR,ERR,ERR,ERR,ERR,ERR,ERR,ERR,ERR,ERR,ERR,ERR,ERR,ERR,ERR,ERR,ERR,ERR,ERR,ERR,ERR,ERR,ERR,ERR,ERR,ERR,ERR,ERR,ERR,ERR,ERR,ERR,ERR,ERR,ERR,ERR,ERR,ERR,ERR,ERR,ERR,ERR,ERR,ERR,ERR,ERR,ERR,ERR,ERR,ERR,ERR,ERR,ERR,0.0,0.0,2.6474835549302285e+23,0.0,0.0,1.3936040501711995e+18,7.805,0.0,0,0,4,0,7116,0.0,100,0.0,0.0,0.0,0.0,0.0,0,0,0,0,0.0,0,0,0,0,0,0,0,0,0,0,0,0,0,0,0,0,0,0,0,0,0,0,0,0,0,0,0,0,0,0,0,0,0,31,40,40,71,65476,0,300,0,0,8,21553,0.0,-107605600.0,0.0,0.0,0.0,0.0,0.0,0.0,0.0,0.0,0.0,0.0,0.0,0.0,0.0,0.0,0.0,0.0,0.0,0.0,0.0,0.0,-2.004,2.004,2.004,-2.004,0.0,0.0,0.0,0.0,4463.0,-3.697178656945629e+19,6940.0,0.0,0.0,0.0,-0.0,0.0,0.0,0.0,0.0,69,-152018521948160.0,-4.950393007110635e+32,0.0,0.0,0.0,0.0,0.0,0.0,0.0,0,0,0,0.0,0.0,0.0,0.0,0.0,0.0,0.0,0.0,0.0,0.0,0.0,0.0,0.0,0.0,0.0,0.0,0,-107875648.0,69,0.0,138,0.0,-109183328.0,0,0,17087,13107,17103,13107,17082,0,0,0,70,68,100,2.7302399002429377e+23,82.4,-107615456.0,78.2,2.7302388193790272e+23,79.0,1,49,50,180,0,52429,0,0,0.0,0.0,0.0,0.0,-0.0,67.0,0.0,162057.094,0.0,980,0,1009,0,0,0,955,0,1036,0,931,0,792,0,784,0,823,0,7520,0.032,1.9714957728777083e+20,0.0,0.0,784,16797,-0.0,162057.094,-114818.039,-0.0,0.133,6.909358625270745e+28,30.0,70.0,35,0.0,0.0,0.0,0.0,0.0,0.0,0.0,0.0,0.0,0.0,0.0,0.0,0.0,0.0,0.0,0.0,66.0,0,150,71,52,65476,0,300,0,0,8,20529,65476,0,0,44564,70.0,0.0,0.0,0.0,0.0,0.0
2026-09-10T21:18:10,ERR,ERR,ERR,ERR,ERR,ERR,ERR,ERR,ERR,ERR,ERR,ERR,ERR,ERR,ERR,ERR,ERR,ERR,ERR,ERR,ERR,ERR,ERR,ERR,ERR,ERR,ERR,ERR,ERR,ERR,ERR,ERR,ERR,ERR,ERR,ERR,ERR,ERR,ERR,ERR,ERR,ERR,ERR,ERR,ERR,ERR,ERR,ERR,ERR,ERR,ERR,ERR,ERR,ERR,ERR,ERR,ERR,ERR,ERR,ERR,ERR,ERR,ERR,ERR,ERR,ERR,ERR,ERR,ERR,ERR,ERR,ERR,ERR,ERR,ERR,ERR,ERR,ERR,ERR,ERR,ERR,ERR,ERR,ERR,ERR,ERR,ERR,ERR,ERR,ERR,ERR,ERR,ERR,ERR,ERR,ERR,ERR,ERR,ERR,ERR,ERR,ERR,ERR,ERR,ERR,ERR,ERR,ERR,ERR,ERR,ERR,ERR,ERR,ERR,ERR,ERR,ERR,ERR,ERR,ERR,ERR,ERR,ERR,ERR,ERR,0.0,0.0,2.6474835549302285e+23,0.0,0.0,1.3936040501711995e+18,7.805,0.0,0,0,4,0,7116,0.0,100,0.0,0.0,0.0,0.0,0.0,0,0,0,0,0.0,0,0,0,0,0,0,0,0,0,0,0,0,0,0,0,0,0,0,0,0,0,0,0,0,0,0,0,0,0,0,0,0,0,31,40,40,71,65476,0,300,0,0,8,21553,0.0,-107605600.0,0.0,0.0,0.0,0.0,0.0,0.0,0.0,0.0,0.0,0.0,0.0,0.0,0.0,0.0,0.0,0.0,0.0,0.0,0.0,0.0,-2.004,2.004,2.004,-2.004,0.0,0.0,0.0,0.0,4463.0,-3.697178656945629e+19,6940.0,0.0,0.0,0.0,-0.0,0.0,0.0,0.0,0.0,69,-152018521948160.0,-4.950393007110635e+32,0.0,0.0,0.0,0.0,0.0,0.0,0.0,0,0,0,0.0,0.0,0.0,0.0,0.0,0.0,0.0,0.0,0.0,0.0,0.0,0.0,0.0,0.0,0.0,0.0,0,-107875648.0,69,0.0,138,0.0,-109183328.0,0,0,17087,13107,17103,13107,17082,0,0,0,70,68,100,2.7302399002429377e+23,82.4,-107615456.0,78.2,2.7302388193790272e+23,79.0,1,49,50,180,0,52429,0,0,0.0,0.0,0.0,0.0,-0.0,67.0,0.0,162057.094,0.0,980,0,1009,0,0,0,955,0,1036,0,931,0,792,0,784,0,823,0,7520,0.032,1.9714957728777083e+20,0.0,0.0,784,16797,-0.0,162057.094,-114818.039,-0.0,0.133,6.909358625270745e+28,30.0,70.0,35,0.0,0.0,0.0,0.0,0.0,0.0,0.0,0.0,0.0,0.0,0.0,0.0,0.0,0.0,0.0,0.0,66.4,0,150,71,52,65476,0,300,0,0,8,20529,65476,0,0,44564,70.0,0.0,0.0,0.0,0.0,0.0
2026-09-10T21:18:11,ERR,ERR,ERR,ERR,ERR,ERR,ERR,ERR,ERR,ERR,ERR,ERR,ERR,ERR,ERR,ERR,ERR,ERR,ERR,ERR,ERR,ERR,ERR,ERR,ERR,ERR,ERR,ERR,ERR,ERR,ERR,ERR,ERR,ERR,ERR,ERR,ERR,ERR,ERR,ERR,ERR,ERR,ERR,ERR,ERR,ERR,ERR,ERR,ERR,ERR,ERR,ERR,ERR,ERR,ERR,ERR,ERR,ERR,ERR,ERR,ERR,ERR,ERR,ERR,ERR,ERR,ERR,ERR,ERR,ERR,ERR,ERR,ERR,ERR,ERR,ERR,ERR,ERR,ERR,ERR,ERR,ERR,ERR,ERR,ERR,ERR,ERR,ERR,ERR,ERR,ERR,ERR,ERR,ERR,ERR,ERR,ERR,ERR,ERR,ERR,ERR,ERR,ERR,ERR,ERR,ERR,ERR,ERR,ERR,ERR,ERR,ERR,ERR,ERR,ERR,ERR,ERR,ERR,ERR,ERR,ERR,ERR,ERR,ERR,ERR,0.0,0.0,2.6474835549302285e+23,0.0,0.0,1.3936040501711995e+18,7.805,0.0,0,0,4,0,7116,0.0,100,0.0,0.0,0.0,0.0,0.0,0,0,0,0,0.0,0,0,0,0,0,0,0,0,0,0,0,0,0,0,0,0,0,0,0,0,0,0,0,0,0,0,0,0,0,0,0,0,0,31,40,40,71,65476,0,300,0,0,8,21553,0.0,-107605600.0,0.0,0.0,0.0,0.0,0.0,0.0,0.0,0.0,0.0,0.0,0.0,0.0,0.0,0.0,0.0,0.0,0.0,0.0,0.0,0.0,-2.004,2.004,2.004,-2.004,0.0,0.0,0.0,0.0,4463.0,-3.697178656945629e+19,6940.0,0.0,0.0,0.0,-0.0,0.0,0.0,0.0,0.0,69,-152018521948160.0,-4.950393007110635e+32,0.0,0.0,0.0,0.0,0.0,0.0,0.0,0,0,0,0.0,0.0,0.0,0.0,0.0,0.0,0.0,0.0,0.0,0.0,0.0,0.0,0.0,0.0,0.0,0.0,0,-107875648.0,69,0.0,138,0.0,-109183328.0,0,0,17087,13107,17103,13107,17082,0,0,0,70,68,100,2.7302399002429377e+23,82.4,-107615456.0,78.2,2.7302388193790272e+23,79.0,1,49,50,180,0,52429,0,0,0.0,0.0,0.0,0.0,-0.0,67.0,0.0,162057.094,0.0,980,0,1009,0,0,0,955,0,1036,0,931,0,792,0,784,0,823,0,7520,0.032,1.9714957728777083e+20,0.0,0.0,784,16797,-0.0,162057.094,-114818.039,-0.0,0.133,6.909358625270745e+28,30.0,70.0,35,0.0,0.0,0.0,0.0,0.0,0.0,0.0,0.0,0.0,0.0,0.0,0.0,0.0,0.0,0.0,0.0,66.4,0,150,71,52,65476,0,300,0,0,8,20529,65476,0,0,44564,70.0,0.0,0.0,0.0,0.0,0.0
2026-09-10T21:18:12,ERR,ERR,ERR,ERR,ERR,ERR,ERR,ERR,ERR,ERR,ERR,ERR,ERR,ERR,ERR,ERR,ERR,ERR,ERR,ERR,ERR,ERR,ERR,ERR,ERR,ERR,ERR,ERR,ERR,ERR,ERR,ERR,ERR,ERR,ERR,ERR,ERR,ERR,ERR,ERR,ERR,ERR,ERR,ERR,ERR,ERR,ERR,ERR,ERR,ERR,ERR,ERR,ERR,ERR,ERR,ERR,ERR,ERR,ERR,ERR,ERR,ERR,ERR,ERR,ERR,ERR,ERR,ERR,ERR,ERR,ERR,ERR,ERR,ERR,ERR,ERR,ERR,ERR,ERR,ERR,ERR,ERR,ERR,ERR,ERR,ERR,ERR,ERR,ERR,ERR,ERR,ERR,ERR,ERR,ERR,ERR,ERR,ERR,ERR,ERR,ERR,ERR,ERR,ERR,ERR,ERR,ERR,ERR,ERR,ERR,ERR,ERR,ERR,ERR,ERR,ERR,ERR,ERR,ERR,ERR,ERR,ERR,ERR,ERR,ERR,0.0,0.0,2.6474835549302285e+23,0.0,0.0,1.3936040501711995e+18,7.805,0.0,0,0,4,0,7116,0.0,100,0.0,0.0,0.0,0.0,0.0,0,0,0,0,0.0,0,0,0,0,0,0,0,0,0,0,0,0,0,0,0,0,0,0,0,0,0,0,0,0,0,0,0,0,0,0,0,0,0,31,40,40,71,65476,0,300,0,0,8,21553,0.0,-107605600.0,0.0,0.0,0.0,0.0,0.0,0.0,0.0,0.0,0.0,0.0,0.0,0.0,0.0,0.0,0.0,0.0,0.0,0.0,0.0,0.0,-2.004,2.004,-0.0,-2.004,0.0,0.0,0.0,0.0,4465.0,-8608164864.0,6940.0,0.0,0.0,-0.0,-0.0,0.0,0.0,0.0,0.0,69,-2.3088410695593833e+20,0.0,0.0,0.0,0.0,0.0,0.0,0.0,0.0,0,0,0,0.0,0.0,0.0,0.0,0.0,0.0,0.0,0.0,0.0,0.0,0.0,0.0,0.0,0.0,0.0,0.0,0,-107875648.0,69,0.0,138,0.0,2.6474835549302285e+23,0,52429,17086,13107,17103,13107,17082,0,0,0,70,68,100,-0.0,82.4,-107615456.0,78.2,2.7302388193790272e+23,79.0,1,49,50,180,0,52429,0,0,0.0,0.0,0.0,0.0,-0.0,67.0,0.0,162057.094,0.0,980,0,1009,0,0,0,954,0,1036,0,930,0,792,0,784,0,822,0,7520,0.032,1.95996655783164e+20,0.0,0.0,784,16797,-0.0,162057.094,-114818.039,-0.0,0.133,6.909358625270745e+28,30.0,70.0,35,0.0,0.0,0.0,0.0,0.0,0.0,0.0,0.0,0.0,0.0,0.0,0.0,0.0,0.0,0.0,0.0,66.0,0,150,71,52,65476,0,300,0,0,8,20529,65476,0,0,44564,70.0,0.0,0.0,0.0,0.0,0.0
2026-09-10T21:18:13,ERR,ERR,ERR,ERR,ERR,ERR,ERR,ERR,ERR,ERR,ERR,ERR,ERR,ERR,ERR,ERR,ERR,ERR,ERR,ERR,ERR,ERR,ERR,ERR,ERR,ERR,ERR,ERR,ERR,ERR,ERR,ERR,ERR,ERR,ERR,ERR,ERR,ERR,ERR,ERR,ERR,ERR,ERR,ERR,ERR,ERR,ERR,ERR,ERR,ERR,ERR,ERR,ERR,ERR,ERR,ERR,ERR,ERR,ERR,ERR,ERR,ERR,ERR,ERR,ERR,ERR,ERR,ERR,ERR,ERR,ERR,ERR,ERR,ERR,ERR,ERR,ERR,ERR,ERR,ERR,ERR,ERR,ERR,ERR,ERR,ERR,ERR,ERR,ERR,ERR,ERR,ERR,ERR,ERR,ERR,ERR,ERR,ERR,ERR,ERR,ERR,ERR,ERR,ERR,ERR,ERR,ERR,ERR,ERR,ERR,ERR,ERR,ERR,ERR,ERR,ERR,ERR,ERR,ERR,ERR,ERR,ERR,ERR,ERR,ERR,0.0,0.0,2.6474835549302285e+23,0.0,0.0,1.3936040501711995e+18,7.805,0.0,0,0,4,0,7116,0.0,100,0.0,0.0,0.0,0.0,0.0,0,0,0,0,0.0,0,0,0,0,0,0,0,0,0,0,0,0,0,0,0,0,0,0,0,0,0,0,0,0,0,0,0,0,0,0,0,0,0,31,40,40,71,65476,0,300,0,0,8,21553,0.0,-107605600.0,0.0,0.0,0.0,0.0,0.0,0.0,0.0,0.0,0.0,0.0,0.0,0.0,0.0,0.0,0.0,0.0,0.0,0.0,0.0,0.0,-2.004,2.004,-0.0,-2.004,0.0,0.0,0.0,0.0,4465.0,-8608164864.0,6940.0,0.0,0.0,-0.0,-0.0,0.0,0.0,0.0,0.0,69,-2.3088410695593833e+20,0.0,0.0,0.0,0.0,0.0,0.0,0.0,0.0,0,0,0,0.0,0.0,0.0,0.0,0.0,0.0,0.0,0.0,0.0,0.0,0.0,0.0,0.0,0.0,0.0,0.0,0,-107875648.0,69,0.0,138,0.0,2.6474835549302285e+23,0,52429,17086,13107,17103,13107,17082,0,0,0,70,68,100,-0.0,82.4,-107615456.0,78.2,2.7302388193790272e+23,79.0,1,49,50,180,0,52429,0,0,0.0,0.0,0.0,0.0,-0.0,67.0,0.0,162057.094,0.0,980,0,1009,0,0,0,954,0,1036,0,930,0,792,0,784,0,822,0,7520,0.032,1.95996655783164e+20,0.0,0.0,784,16797,-0.0,162057.094,-114818.039,-0.0,0.133,6.909358625270745e+28,30.0,70.0,35,0.0,0.0,0.0,0.0,0.0,0.0,0.0,0.0,0.0,0.0,0.0,0.0,0.0,0.0,0.0,0.0,66.0,0,150,71,52,65476,0,300,0,0,8,20529,65476,0,0,44564,70.0,0.0,0.0,0.0,0.0,0.0
2026-09-10T21:18:14,ERR,ERR,ERR,ERR,ERR,ERR,ERR,ERR,ERR,ERR,ERR,ERR,ERR,ERR,ERR,ERR,ERR,ERR,ERR,ERR,ERR,ERR,ERR,ERR,ERR,ERR,ERR,ERR,ERR,ERR,ERR,ERR,ERR,ERR,ERR,ERR,ERR,ERR,ERR,ERR,ERR,ERR,ERR,ERR,ERR,ERR,ERR,ERR,ERR,ERR,ERR,ERR,ERR,ERR,ERR,ERR,ERR,ERR,ERR,ERR,ERR,ERR,ERR,ERR,ERR,ERR,ERR,ERR,ERR,ERR,ERR,ERR,ERR,ERR,ERR,ERR,ERR,ERR,ERR,ERR,ERR,ERR,ERR,ERR,ERR,ERR,ERR,ERR,ERR,ERR,ERR,ERR,ERR,ERR,ERR,ERR,ERR,ERR,ERR,ERR,ERR,ERR,ERR,ERR,ERR,ERR,ERR,ERR,ERR,ERR,ERR,ERR,ERR,ERR,ERR,ERR,ERR,ERR,ERR,ERR,ERR,ERR,ERR,ERR,ERR,0.0,0.0,2.6474835549302285e+23,0.0,0.0,1.3936040501711995e+18,7.805,0.0,0,0,4,0,7116,0.0,100,0.0,0.0,0.0,0.0,0.0,0,0,0,0,0.0,0,0,0,0,0,0,0,0,0,0,0,0,0,0,0,0,0,0,0,0,0,0,0,0,0,0,0,0,0,0,0,0,0,31,40,40,71,65476,0,300,0,0,8,21553,0.0,-107605600.0,0.0,0.0,0.0,0.0,0.0,0.0,0.0,0.0,0.0,0.0,0.0,0.0,0.0,0.0,0.0,0.0,0.0,0.0,0.0,0.0,-2.004,2.004,-0.0,-2.004,0.0,0.0,0.0,0.0,4465.0,-8608164864.0,6940.0,0.0,0.0,-0.0,-0.0,0.0,0.0,0.0,0.0,69,-2.3088410695593833e+20,0.0,0.0,0.0,0.0,0.0,0.0,0.0,0.0,0,0,0,0.0,0.0,0.0,0.0,0.0,0.0,0.0,0.0,0.0,0.0,0.0,0.0,0.0,0.0,0.0,0.0,0,-107875648.0,69,0.0,138,0.0,2.6474835549302285e+23,0,52429,17086,13107,17103,13107,17082,0,0,0,70,68,100,-0.0,82.4,-107615456.0,78.2,2.7302388193790272e+23,79.0,1,49,50,180,0,52429,0,0,0.0,0.0,0.0,0.0,-0.0,67.0,0.0,162057.094,0.0,980,0,1009,0,0,0,954,0,1036,0,930,0,792,0,784,0,822,0,7520,0.032,1.95996655783164e+20,0.0,0.0,784,16797,-0.0,162057.094,-114818.039,-0.0,0.133,6.909358625270745e+28,30.0,70.0,35,0.0,0.0,0.0,0.0,0.0,0.0,0.0,0.0,0.0,0.0,0.0,0.0,0.0,0.0,0.0,0.0,66.0,0,150,71,52,65476,0,300,0,0,8,20529,65476,0,0,44564,70.0,0.0,0.0,0.0,0.0,0.0
2026-09-10T21:18:15,ERR,ERR,ERR,ERR,ERR,ERR,ERR,ERR,ERR,ERR,ERR,ERR,ERR,ERR,ERR,ERR,ERR,ERR,ERR,ERR,ERR,ERR,ERR,ERR,ERR,ERR,ERR,ERR,ERR,ERR,ERR,ERR,ERR,ERR,ERR,ERR,ERR,ERR,ERR,ERR,ERR,ERR,ERR,ERR,ERR,ERR,ERR,ERR,ERR,ERR,ERR,ERR,ERR,ERR,ERR,ERR,ERR,ERR,ERR,ERR,ERR,ERR,ERR,ERR,ERR,ERR,ERR,ERR,ERR,ERR,ERR,ERR,ERR,ERR,ERR,ERR,ERR,ERR,ERR,ERR,ERR,ERR,ERR,ERR,ERR,ERR,ERR,ERR,ERR,ERR,ERR,ERR,ERR,ERR,ERR,ERR,ERR,ERR,ERR,ERR,ERR,ERR,ERR,ERR,ERR,ERR,ERR,ERR,ERR,ERR,ERR,ERR,ERR,ERR,ERR,ERR,ERR,ERR,ERR,ERR,ERR,ERR,ERR,ERR,ERR,0.0,0.0,2.6474835549302285e+23,0.0,0.0,1.3936040501711995e+18,7.805,0.0,0,0,4,0,7116,0.0,100,0.0,0.0,0.0,0.0,0.0,0,0,0,0,0.0,0,0,0,0,0,0,0,0,0,0,0,0,0,0,0,0,0,0,0,0,0,0,0,0,0,0,0,0,0,0,0,0,0,31,40,40,71,65476,0,300,0,0,8,21553,0.0,-107605600.0,0.0,0.0,0.0,0.0,0.0,0.0,0.0,0.0,0.0,0.0,0.0,0.0,0.0,0.0,0.0,0.0,0.0,0.0,0.0,0.0,-2.004,2.004,-0.0,-2.004,0.0,0.0,0.0,0.0,4465.0,-8608164864.0,6940.0,0.0,0.0,-0.0,-0.0,0.0,0.0,0.0,0.0,69,-2.3088410695593833e+20,0.0,0.0,0.0,0.0,0.0,0.0,0.0,0.0,0,0,0,0.0,0.0,0.0,0.0,0.0,0.0,0.0,0.0,0.0,0.0,0.0,0.0,0.0,0.0,0.0,0.0,0,-107875648.0,69,0.0,138,0.0,2.6474835549302285e+23,0,52429,17086,13107,17103,13107,17082,0,0,0,70,68,100,-0.0,82.4,-107615456.0,78.2,2.7302388193790272e+23,79.0,1,49,50,180,0,52429,0,0,0.0,0.0,0.0,0.0,-0.0,67.0,0.0,162057.094,0.0,980,0,1009,0,0,0,954,0,1036,0,930,0,792,0,784,0,822,0,7520,0.032,1.95996655783164e+20,0.0,0.0,784,16797,-0.0,162057.094,-114818.039,-0.0,0.133,6.909358625270745e+28,30.0,70.0,35,0.0,0.0,0.0,0.0,0.0,0.0,0.0,0.0,0.0,0.0,0.0,0.0,0.0,0.0,0.0,0.0,66.0,0,150,71,52,65476,0,300,0,0,8,20529,65476,0,0,44564,70.0,0.0,0.0,0.0,0.0,0.0
2026-09-10T21:18:16,ERR,ERR,ERR,ERR,ERR,ERR,ERR,ERR,ERR,ERR,ERR,ERR,ERR,ERR,ERR,ERR,ERR,ERR,ERR,ERR,ERR,ERR,ERR,ERR,ERR,ERR,ERR,ERR,ERR,ERR,ERR,ERR,ERR,ERR,ERR,ERR,ERR,ERR,ERR,ERR,ERR,ERR,ERR,ERR,ERR,ERR,ERR,ERR,ERR,ERR,ERR,ERR,ERR,ERR,ERR,ERR,ERR,ERR,ERR,ERR,ERR,ERR,ERR,ERR,ERR,ERR,ERR,ERR,ERR,ERR,ERR,ERR,ERR,ERR,ERR,ERR,ERR,ERR,ERR,ERR,ERR,ERR,ERR,ERR,ERR,ERR,ERR,ERR,ERR,ERR,ERR,ERR,ERR,ERR,ERR,ERR,ERR,ERR,ERR,ERR,ERR,ERR,ERR,ERR,ERR,ERR,ERR,ERR,ERR,ERR,ERR,ERR,ERR,ERR,ERR,ERR,ERR,ERR,ERR,ERR,ERR,ERR,ERR,ERR,ERR,0.0,0.0,2.6474835549302285e+23,0.0,0.0,1.3936040501711995e+18,7.805,0.0,0,0,4,0,7116,0.0,100,0.0,0.0,0.0,0.0,0.0,0,0,0,0,0.0,0,0,0,0,0,0,0,0,0,0,0,0,0,0,0,0,0,0,0,0,0,0,0,0,0,0,0,0,0,0,0,0,0,31,40,40,71,65476,0,300,0,0,8,21553,0.0,-107605600.0,0.0,0.0,0.0,0.0,0.0,0.0,0.0,0.0,0.0,0.0,0.0,0.0,0.0,0.0,0.0,0.0,0.0,0.0,0.0,0.0,-2.004,2.004,-0.0,-2.004,0.0,0.0,0.0,0.0,4465.0,-8608164864.0,6940.0,0.0,0.0,-0.0,-0.0,0.0,0.0,0.0,0.0,69,-2.3088410695593833e+20,0.0,0.0,0.0,0.0,0.0,0.0,0.0,0.0,0,0,0,0.0,0.0,0.0,0.0,0.0,0.0,0.0,0.0,0.0,0.0,0.0,0.0,0.0,0.0,0.0,0.0,0,-107875648.0,69,0.0,138,0.0,2.6474835549302285e+23,0,52429,17086,13107,17103,13107,17082,0,0,0,70,68,100,-0.0,82.4,-107615456.0,78.2,2.7302388193790272e+23,79.0,1,49,50,180,0,52429,0,0,0.0,0.0,0.0,0.0,-0.0,67.0,0.0,162057.094,0.0,980,0,1009,0,0,0,954,0,1036,0,930,0,792,0,784,0,822,0,7520,0.032,1.95996655783164e+20,0.0,0.0,784,16797,-0.0,162057.094,-114818.039,-0.0,0.133,6.909358625270745e+28,30.0,70.0,35,0.0,0.0,0.0,0.0,0.0,0.0,0.0,0.0,0.0,0.0,0.0,0.0,0.0,0.0,0.0,0.0,66.0,0,150,71,52,65476,0,300,0,0,8,20529,65476,0,0,44564,70.0,0.0,0.0,0.0,0.0,0.0
2026-09-10T21:18:17,ERR,ERR,ERR,ERR,ERR,ERR,ERR,ERR,ERR,ERR,ERR,ERR,ERR,ERR,ERR,ERR,ERR,ERR,ERR,ERR,ERR,ERR,ERR,ERR,ERR,ERR,ERR,ERR,ERR,ERR,ERR,ERR,ERR,ERR,ERR,ERR,ERR,ERR,ERR,ERR,ERR,ERR,ERR,ERR,ERR,ERR,ERR,ERR,ERR,ERR,ERR,ERR,ERR,ERR,ERR,ERR,ERR,ERR,ERR,ERR,ERR,ERR,ERR,ERR,ERR,ERR,ERR,ERR,ERR,ERR,ERR,ERR,ERR,ERR,ERR,ERR,ERR,ERR,ERR,ERR,ERR,ERR,ERR,ERR,ERR,ERR,ERR,ERR,ERR,ERR,ERR,ERR,ERR,ERR,ERR,ERR,ERR,ERR,ERR,ERR,ERR,ERR,ERR,ERR,ERR,ERR,ERR,ERR,ERR,ERR,ERR,ERR,ERR,ERR,ERR,ERR,ERR,ERR,ERR,ERR,ERR,ERR,ERR,ERR,ERR,0.0,0.0,2.6474835549302285e+23,0.0,0.0,1.3936040501711995e+18,7.805,0.0,0,0,4,0,7116,0.0,100,0.0,0.0,0.0,0.0,0.0,0,0,0,0,0.0,0,0,0,0,0,0,0,0,0,0,0,0,0,0,0,0,0,0,0,0,0,0,0,0,0,0,0,0,0,0,0,0,0,31,40,40,71,65476,0,300,0,0,8,21553,0.0,-107605600.0,0.0,0.0,0.0,0.0,0.0,0.0,0.0,0.0,0.0,0.0,0.0,0.0,0.0,0.0,0.0,0.0,0.0,0.0,0.0,0.0,-2.004,2.004,-0.0,-2.004,0.0,0.0,0.0,0.0,4465.0,-8608164864.0,6940.0,0.0,0.0,-0.0,-0.0,0.0,0.0,0.0,0.0,69,-2.3088410695593833e+20,0.0,0.0,0.0,0.0,0.0,0.0,0.0,0.0,0,0,0,0.0,0.0,0.0,0.0,0.0,0.0,0.0,0.0,0.0,0.0,0.0,0.0,0.0,0.0,0.0,0.0,0,-107875648.0,69,0.0,138,0.0,2.6474835549302285e+23,0,52429,17086,13107,17103,13107,17082,0,0,0,70,68,100,2.7302399002429377e+23,82.4,-107615456.0,78.2,2.7302388193790272e+23,79.0,1,49,50,180,0,52429,0,0,0.0,0.0,0.0,0.0,-0.0,67.0,0.0,162057.094,0.0,980,0,1009,0,0,0,955,0,1036,0,930,0,792,0,784,0,822,0,7520,0.032,1.95996655783164e+20,0.0,0.0,784,16797,-0.0,162057.094,-114818.039,-0.0,0.133,6.909358625270745e+28,30.0,70.0,35,0.0,0.0,0.0,0.0,0.0,0.0,0.0,0.0,0.0,0.0,0.0,0.0,0.0,0.0,0.0,0.0,66.0,0,150,71,52,65476,0,300,0,0,8,20529,65476,0,0,44564,70.0,0.0,0.0,0.0,0.0,0.0
2026-09-10T21:18:18,ERR,ERR,ERR,ERR,ERR,ERR,ERR,ERR,ERR,ERR,ERR,ERR,ERR,ERR,ERR,ERR,ERR,ERR,ERR,ERR,ERR,ERR,ERR,ERR,ERR,ERR,ERR,ERR,ERR,ERR,ERR,ERR,ERR,ERR,ERR,ERR,ERR,ERR,ERR,ERR,ERR,ERR,ERR,ERR,ERR,ERR,ERR,ERR,ERR,ERR,ERR,ERR,ERR,ERR,ERR,ERR,ERR,ERR,ERR,ERR,ERR,ERR,ERR,ERR,ERR,ERR,ERR,ERR,ERR,ERR,ERR,ERR,ERR,ERR,ERR,ERR,ERR,ERR,ERR,ERR,ERR,ERR,ERR,ERR,ERR,ERR,ERR,ERR,ERR,ERR,ERR,ERR,ERR,ERR,ERR,ERR,ERR,ERR,ERR,ERR,ERR,ERR,ERR,ERR,ERR,ERR,ERR,ERR,ERR,ERR,ERR,ERR,ERR,ERR,ERR,ERR,ERR,ERR,ERR,ERR,ERR,ERR,ERR,ERR,ERR,0.0,0.0,2.6474835549302285e+23,0.0,0.0,1.3936040501711995e+18,7.805,0.0,0,0,4,0,7116,0.0,100,0.0,0.0,0.0,0.0,0.0,0,0,0,0,0.0,0,0,0,0,0,0,0,0,0,0,0,0,0,0,0,0,0,0,0,0,0,0,0,0,0,0,0,0,0,0,0,0,0,31,40,40,71,65476,0,300,0,0,8,21553,0.0,-107605600.0,0.0,0.0,0.0,0.0,0.0,0.0,0.0,0.0,0.0,0.0,0.0,0.0,0.0,0.0,0.0,0.0,0.0,0.0,0.0,0.0,-2.004,2.004,-0.0,-2.004,0.0,0.0,0.0,0.0,4465.0,-8608164864.0,6940.0,0.0,0.0,-0.0,-0.0,0.0,0.0,0.0,0.0,69,-2.3088410695593833e+20,0.0,0.0,0.0,0.0,0.0,0.0,0.0,0.0,0,0,0,0.0,0.0,0.0,0.0,0.0,0.0,0.0,0.0,0.0,0.0,0.0,0.0,0.0,0.0,0.0,0.0,0,-107875648.0,69,0.0,138,0.0,2.6474835549302285e+23,0,52429,17086,13107,17103,13107,17082,0,0,0,70,68,100,2.7302399002429377e+23,82.4,-107615456.0,78.2,2.7302388193790272e+23,79.0,1,49,50,180,0,52429,0,0,0.0,0.0,0.0,0.0,-0.0,67.0,0.0,162057.094,0.0,980,0,1009,0,0,0,955,0,1036,0,930,0,792,0,784,0,822,0,7520,0.032,1.95996655783164e+20,0.0,0.0,784,16797,-0.0,162057.094,-114818.039,-0.0,0.133,6.909358625270745e+28,30.0,70.0,35,0.0,0.0,0.0,0.0,0.0,0.0,0.0,0.0,0.0,0.0,0.0,0.0,0.0,0.0,0.0,0.0,66.0,0,150,71,52,65476,0,300,0,0,8,20529,65476,0,0,44564,70.0,0.0,0.0,0.0,0.0,0.0
2026-09-10T21:18:19,ERR,ERR,ERR,ERR,ERR,ERR,ERR,ERR,ERR,ERR,ERR,ERR,ERR,ERR,ERR,ERR,ERR,ERR,ERR,ERR,ERR,ERR,ERR,ERR,ERR,ERR,ERR,ERR,ERR,ERR,ERR,ERR,ERR,ERR,ERR,ERR,ERR,ERR,ERR,ERR,ERR,ERR,ERR,ERR,ERR,ERR,ERR,ERR,ERR,ERR,ERR,ERR,ERR,ERR,ERR,ERR,ERR,ERR,ERR,ERR,ERR,ERR,ERR,ERR,ERR,ERR,ERR,ERR,ERR,ERR,ERR,ERR,ERR,ERR,ERR,ERR,ERR,ERR,ERR,ERR,ERR,ERR,ERR,ERR,ERR,ERR,ERR,ERR,ERR,ERR,ERR,ERR,ERR,ERR,ERR,ERR,ERR,ERR,ERR,ERR,ERR,ERR,ERR,ERR,ERR,ERR,ERR,ERR,ERR,ERR,ERR,ERR,ERR,ERR,ERR,ERR,ERR,ERR,ERR,ERR,ERR,ERR,ERR,ERR,ERR,0.0,0.0,2.6474835549302285e+23,0.0,0.0,1.3936040501711995e+18,7.805,0.0,0,0,4,0,7116,0.0,100,0.0,0.0,0.0,0.0,0.0,0,0,0,0,0.0,0,0,0,0,0,0,0,0,0,0,0,0,0,0,0,0,0,0,0,0,0,0,0,0,0,0,0,0,0,0,0,0,0,31,40,40,71,65476,0,300,0,0,8,21553,0.0,-107605600.0,0.0,0.0,0.0,0.0,0.0,0.0,0.0,0.0,0.0,0.0,0.0,0.0,0.0,0.0,0.0,0.0,0.0,0.0,0.0,0.0,-2.004,2.004,-0.0,-2.004,0.0,0.0,0.0,0.0,4465.0,-8608164864.0,6940.0,0.0,0.0,-0.0,-0.0,0.0,0.0,0.0,0.0,69,-2.3088410695593833e+20,0.0,0.0,0.0,0.0,0.0,0.0,0.0,0.0,0,0,0,0.0,0.0,0.0,0.0,0.0,0.0,0.0,0.0,0.0,0.0,0.0,0.0,0.0,0.0,0.0,0.0,0,-107875648.0,69,0.0,138,0.0,2.6474835549302285e+23,0,52429,17086,13107,17103,13107,17082,0,0,0,70,68,100,2.7302399002429377e+23,82.4,-107615456.0,78.2,2.7302388193790272e+23,79.0,1,49,50,180,0,52429,0,0,0.0,0.0,0.0,0.0,-0.0,67.0,0.0,162057.094,0.0,980,0,1009,0,0,0,955,0,1036,0,930,0,792,0,784,0,822,0,7520,0.032,1.95996655783164e+20,0.0,0.0,784,16797,-0.0,162057.094,-114818.039,-0.0,0.133,6.909358625270745e+28,30.0,70.0,35,0.0,0.0,0.0,0.0,0.0,0.0,0.0,0.0,0.0,0.0,0.0,0.0,0.0,0.0,0.0,0.0,66.0,0,150,71,52,65476,0,300,0,0,8,20529,65476,0,0,44564,70.0,0.0,0.0,0.0,0.0,0.0
2026-09-10T21:18:20,ERR,ERR,ERR,ERR,ERR,ERR,ERR,ERR,ERR,ERR,ERR,ERR,ERR,ERR,ERR,ERR,ERR,ERR,ERR,ERR,ERR,ERR,ERR,ERR,ERR,ERR,ERR,ERR,ERR,ERR,ERR,ERR,ERR,ERR,ERR,ERR,ERR,ERR,ERR,ERR,ERR,ERR,ERR,ERR,ERR,ERR,ERR,ERR,ERR,ERR,ERR,ERR,ERR,ERR,ERR,ERR,ERR,ERR,ERR,ERR,ERR,ERR,ERR,ERR,ERR,ERR,ERR,ERR,ERR,ERR,ERR,ERR,ERR,ERR,ERR,ERR,ERR,ERR,ERR,ERR,ERR,ERR,ERR,ERR,ERR,ERR,ERR,ERR,ERR,ERR,ERR,ERR,ERR,ERR,ERR,ERR,ERR,ERR,ERR,ERR,ERR,ERR,ERR,ERR,ERR,ERR,ERR,ERR,ERR,ERR,ERR,ERR,ERR,ERR,ERR,ERR,ERR,ERR,ERR,ERR,ERR,ERR,ERR,ERR,ERR,0.0,0.0,2.6474835549302285e+23,0.0,0.0,1.3936040501711995e+18,7.805,0.0,0,0,4,0,7116,0.0,100,0.0,0.0,0.0,0.0,0.0,0,0,0,0,0.0,0,0,0,0,0,0,0,0,0,0,0,0,0,0,0,0,0,0,0,0,0,0,0,0,0,0,0,0,0,0,0,0,0,31,40,40,71,65476,0,300,0,0,8,21553,0.0,-107605600.0,0.0,0.0,0.0,0.0,0.0,0.0,0.0,0.0,0.0,0.0,0.0,0.0,0.0,0.0,0.0,0.0,0.0,0.0,0.0,0.0,-2.004,2.004,-0.0,-2.004,0.0,0.0,0.0,0.0,4470.0,-564144692527104.0,6939.0,0.0,0.0,-0.0,-0.0,0.0,0.0,0.0,0.0,69,-4.0668816144241325e+29,-3.221994650676375e+26,0.0,0.0,0.0,0.0,0.0,0.0,0.0,0,0,0,0.0,0.0,0.0,0.0,0.0,0.0,0.0,0.0,0.0,0.0,0.0,0.0,0.0,0.0,0.0,0.0,0,-107875648.0,69,0.0,138,0.0,2.6474835549302285e+23,0,52429,17086,13107,17103,13107,17082,0,0,0,70,68,100,2.7302399002429377e+23,82.4,-107615456.0,78.2,2.7302388193790272e+23,79.0,1,49,50,180,0,52429,0,0,0.0,0.0,0.0,0.0,-0.0,67.0,0.0,162057.094,0.0,980,0,1009,0,0,0,955,0,1036,0,930,0,792,0,784,0,822,0,7520,0.032,1.95996655783164e+20,0.0,0.0,784,16797,-0.0,162057.094,-114818.039,-0.0,0.133,6.909358625270745e+28,30.0,70.0,35,0.0,0.0,0.0,0.0,0.0,0.0,0.0,0.0,0.0,0.0,0.0,0.0,0.0,0.0,0.0,0.0,66.0,0,150,71,52,65476,0,300,0,0,8,20529,65476,0,0,44564,70.0,0.0,0.0,0.0,0.0,0.0
2026-09-10T21:18:21,ERR,ERR,ERR,ERR,ERR,ERR,ERR,ERR,ERR,ERR,ERR,ERR,ERR,ERR,ERR,ERR,ERR,ERR,ERR,ERR,ERR,ERR,ERR,ERR,ERR,ERR,ERR,ERR,ERR,ERR,ERR,ERR,ERR,ERR,ERR,ERR,ERR,ERR,ERR,ERR,ERR,ERR,ERR,ERR,ERR,ERR,ERR,ERR,ERR,ERR,ERR,ERR,ERR,ERR,ERR,ERR,ERR,ERR,ERR,ERR,ERR,ERR,ERR,ERR,ERR,ERR,ERR,ERR,ERR,ERR,ERR,ERR,ERR,ERR,ERR,ERR,ERR,ERR,ERR,ERR,ERR,ERR,ERR,ERR,ERR,ERR,ERR,ERR,ERR,ERR,ERR,ERR,ERR,ERR,ERR,ERR,ERR,ERR,ERR,ERR,ERR,ERR,ERR,ERR,ERR,ERR,ERR,ERR,ERR,ERR,ERR,ERR,ERR,ERR,ERR,ERR,ERR,ERR,ERR,ERR,ERR,ERR,ERR,ERR,ERR,0.0,0.0,2.6474835549302285e+23,0.0,0.0,1.3936040501711995e+18,7.805,0.0,0,0,4,0,7116,0.0,100,0.0,0.0,0.0,0.0,0.0,0,0,0,0,0.0,0,0,0,0,0,0,0,0,0,0,0,0,0,0,0,0,0,0,0,0,0,0,0,0,0,0,0,0,0,0,0,0,0,31,40,40,71,65476,0,300,0,0,8,21553,0.0,-107605600.0,0.0,0.0,0.0,0.0,0.0,0.0,0.0,0.0,0.0,0.0,0.0,0.0,0.0,0.0,0.0,0.0,0.0,0.0,0.0,0.0,-2.004,2.004,-0.0,-2.004,0.0,0.0,0.0,0.0,4470.0,-564144692527104.0,6939.0,0.0,0.0,-0.0,-0.0,0.0,0.0,0.0,0.0,69,-4.0668816144241325e+29,-3.221994650676375e+26,0.0,0.0,0.0,0.0,0.0,0.0,0.0,0,0,0,0.0,0.0,0.0,0.0,0.0,0.0,0.0,0.0,0.0,0.0,0.0,0.0,0.0,0.0,0.0,0.0,0,-107875648.0,69,0.0,138,0.0,2.6474835549302285e+23,0,52429,17086,13107,17103,13107,17082,0,0,0,70,68,100,2.7302399002429377e+23,82.4,-107615456.0,78.2,2.7302388193790272e+23,79.0,1,49,50,180,0,52429,0,0,0.0,0.0,0.0,0.0,-0.0,67.0,0.0,162057.094,0.0,980,0,1009,0,0,0,955,0,1036,0,930,0,792,0,784,0,822,0,7520,0.032,1.95996655783164e+20,0.0,0.0,784,16797,-0.0,162057.094,-114818.039,-0.0,0.133,6.909358625270745e+28,30.0,70.0,35,0.0,0.0,0.0,0.0,0.0,0.0,0.0,0.0,0.0,0.0,0.0,0.0,0.0,0.0,0.0,0.0,66.0,0,150,71,52,65476,0,300,0,0,8,20529,65476,0,0,44564,70.0,0.0,0.0,0.0,0.0,0.0
2026-09-10T21:18:22,ERR,ERR,ERR,ERR,ERR,ERR,ERR,ERR,ERR,ERR,ERR,ERR,ERR,ERR,ERR,ERR,ERR,ERR,ERR,ERR,ERR,ERR,ERR,ERR,ERR,ERR,ERR,ERR,ERR,ERR,ERR,ERR,ERR,ERR,ERR,ERR,ERR,ERR,ERR,ERR,ERR,ERR,ERR,ERR,ERR,ERR,ERR,ERR,ERR,ERR,ERR,ERR,ERR,ERR,ERR,ERR,ERR,ERR,ERR,ERR,ERR,ERR,ERR,ERR,ERR,ERR,ERR,ERR,ERR,ERR,ERR,ERR,ERR,ERR,ERR,ERR,ERR,ERR,ERR,ERR,ERR,ERR,ERR,ERR,ERR,ERR,ERR,ERR,ERR,ERR,ERR,ERR,ERR,ERR,ERR,ERR,ERR,ERR,ERR,ERR,ERR,ERR,ERR,ERR,ERR,ERR,ERR,ERR,ERR,ERR,ERR,ERR,ERR,ERR,ERR,ERR,ERR,ERR,ERR,ERR,ERR,ERR,ERR,ERR,ERR,0.0,0.0,2.6474835549302285e+23,0.0,0.0,1.3936040501711995e+18,7.805,0.0,0,0,4,0,7116,0.0,100,0.0,0.0,0.0,0.0,0.0,0,0,0,0,0.0,0,0,0,0,0,0,0,0,0,0,0,0,0,0,0,0,0,0,0,0,0,0,0,0,0,0,0,0,0,0,0,0,0,31,40,40,71,65476,0,300,0,0,8,21553,0.0,-107605600.0,0.0,0.0,0.0,0.0,0.0,0.0,0.0,0.0,0.0,0.0,0.0,0.0,0.0,0.0,0.0,0.0,0.0,0.0,0.0,0.0,-2.004,2.004,-0.0,-2.004,0.0,0.0,0.0,0.0,4470.0,-564144692527104.0,6939.0,0.0,0.0,-0.0,-0.0,0.0,0.0,0.0,0.0,69,-4.0668816144241325e+29,-3.221994650676375e+26,0.0,0.0,0.0,0.0,0.0,0.0,0.0,0,0,0,0.0,0.0,0.0,0.0,0.0,0.0,0.0,0.0,0.0,0.0,0.0,0.0,0.0,0.0,0.0,0.0,0,-107875648.0,69,0.0,138,0.0,2.6474835549302285e+23,0,52429,17086,13107,17103,13107,17082,0,0,0,70,68,100,2.7302399002429377e+23,82.4,-107615456.0,78.2,2.7302388193790272e+23,79.0,1,49,50,180,0,52429,0,0,0.0,0.0,0.0,0.0,-0.0,67.0,0.0,162057.094,0.0,980,0,1009,0,0,0,955,0,1036,0,930,0,792,0,784,0,822,0,7520,0.032,1.95996655783164e+20,0.0,0.0,784,16797,-0.0,162057.094,-114818.039,-0.0,0.133,6.909358625270745e+28,30.0,70.0,35,0.0,0.0,0.0,0.0,0.0,0.0,0.0,0.0,0.0,0.0,0.0,0.0,0.0,0.0,0.0,0.0,66.0,0,150,71,52,65476,0,300,0,0,8,20529,65476,0,0,44564,70.0,0.0,0.0,0.0,0.0,0.0
2026-09-10T21:18:23,ERR,ERR,ERR,ERR,ERR,ERR,ERR,ERR,ERR,ERR,ERR,ERR,ERR,ERR,ERR,ERR,ERR,ERR,ERR,ERR,ERR,ERR,ERR,ERR,ERR,ERR,ERR,ERR,ERR,ERR,ERR,ERR,ERR,ERR,ERR,ERR,ERR,ERR,ERR,ERR,ERR,ERR,ERR,ERR,ERR,ERR,ERR,ERR,ERR,ERR,ERR,ERR,ERR,ERR,ERR,ERR,ERR,ERR,ERR,ERR,ERR,ERR,ERR,ERR,ERR,ERR,ERR,ERR,ERR,ERR,ERR,ERR,ERR,ERR,ERR,ERR,ERR,ERR,ERR,ERR,ERR,ERR,ERR,ERR,ERR,ERR,ERR,ERR,ERR,ERR,ERR,ERR,ERR,ERR,ERR,ERR,ERR,ERR,ERR,ERR,ERR,ERR,ERR,ERR,ERR,ERR,ERR,ERR,ERR,ERR,ERR,ERR,ERR,ERR,ERR,ERR,ERR,ERR,ERR,ERR,ERR,ERR,ERR,ERR,ERR,0.0,0.0,2.6474835549302285e+23,0.0,0.0,1.3936040501711995e+18,7.805,0.0,0,0,4,0,7116,0.0,100,0.0,0.0,0.0,0.0,0.0,0,0,0,0,0.0,0,0,0,0,0,0,0,0,0,0,0,0,0,0,0,0,0,0,0,0,0,0,0,0,0,0,0,0,0,0,0,0,0,31,40,40,71,65476,0,300,0,0,8,21553,0.0,-107605600.0,0.0,0.0,0.0,0.0,0.0,0.0,0.0,0.0,0.0,0.0,0.0,0.0,0.0,0.0,0.0,0.0,0.0,0.0,0.0,0.0,-2.004,2.004,-0.0,-2.004,0.0,0.0,0.0,0.0,4470.0,-564144692527104.0,6939.0,0.0,0.0,-0.0,-0.0,0.0,0.0,0.0,0.0,69,-4.0668816144241325e+29,-3.221994650676375e+26,0.0,0.0,0.0,0.0,0.0,0.0,0.0,0,0,0,0.0,0.0,0.0,0.0,0.0,0.0,0.0,0.0,0.0,0.0,0.0,0.0,0.0,0.0,0.0,0.0,0,-107875648.0,69,0.0,138,0.0,2.6474835549302285e+23,0,0,17087,13107,17103,13107,17082,0,0,0,70,68,100,-0.0,82.4,-107615456.0,78.2,2.7302388193790272e+23,79.0,1,49,50,180,0,52429,0,0,0.0,0.0,0.0,0.0,-0.0,67.0,0.0,162057.094,0.0,980,0,1009,0,0,0,954,0,1036,0,931,0,792,0,784,0,823,0,7520,0.032,1.9484373427855714e+20,0.0,0.0,784,16797,-0.0,162057.094,-114818.039,-0.0,0.133,6.909358625270745e+28,30.0,70.0,35,0.0,0.0,0.0,0.0,0.0,0.0,0.0,0.0,0.0,0.0,0.0,0.0,0.0,0.0,0.0,0.0,66.0,0,150,71,52,65476,0,300,0,0,8,20529,65476,0,0,44564,70.0,0.0,0.0,0.0,0.0,0.0
2026-09-10T21:18:24,ERR,ERR,ERR,ERR,ERR,ERR,ERR,ERR,ERR,ERR,ERR,ERR,ERR,ERR,ERR,ERR,ERR,ERR,ERR,ERR,ERR,ERR,ERR,ERR,ERR,ERR,ERR,ERR,ERR,ERR,ERR,ERR,ERR,ERR,ERR,ERR,ERR,ERR,ERR,ERR,ERR,ERR,ERR,ERR,ERR,ERR,ERR,ERR,ERR,ERR,ERR,ERR,ERR,ERR,ERR,ERR,ERR,ERR,ERR,ERR,ERR,ERR,ERR,ERR,ERR,ERR,ERR,ERR,ERR,ERR,ERR,ERR,ERR,ERR,ERR,ERR,ERR,ERR,ERR,ERR,ERR,ERR,ERR,ERR,ERR,ERR,ERR,ERR,ERR,ERR,ERR,ERR,ERR,ERR,ERR,ERR,ERR,ERR,ERR,ERR,ERR,ERR,ERR,ERR,ERR,ERR,ERR,ERR,ERR,ERR,ERR,ERR,ERR,ERR,ERR,ERR,ERR,ERR,ERR,ERR,ERR,ERR,ERR,ERR,ERR,0.0,0.0,2.6474835549302285e+23,0.0,0.0,1.3936040501711995e+18,7.805,0.0,0,0,4,0,7116,0.0,100,0.0,0.0,0.0,0.0,0.0,0,0,0,0,0.0,0,0,0,0,0,0,0,0,0,0,0,0,0,0,0,0,0,0,0,0,0,0,0,0,0,0,0,0,0,0,0,0,0,31,40,40,71,65476,0,300,0,0,8,21553,0.0,-107605600.0,0.0,0.0,0.0,0.0,0.0,0.0,0.0,0.0,0.0,0.0,0.0,0.0,0.0,0.0,0.0,0.0,0.0,0.0,0.0,0.0,-2.004,2.004,-0.0,-2.004,0.0,0.0,0.0,0.0,4470.0,-564144692527104.0,6939.0,0.0,0.0,-0.0,-0.0,0.0,0.0,0.0,0.0,69,-4.0668816144241325e+29,-3.221994650676375e+26,0.0,0.0,0.0,0.0,0.0,0.0,0.0,0,0,0,0.0,0.0,0.0,0.0,0.0,0.0,0.0,0.0,0.0,0.0,0.0,0.0,0.0,0.0,0.0,0.0,0,-107875648.0,69,0.0,138,0.0,2.6474835549302285e+23,0,0,17087,13107,17103,13107,17082,0,0,0,70,68,100,-0.0,82.4,-107615456.0,78.2,2.7302388193790272e+23,79.0,1,49,50,180,0,52429,0,0,0.0,0.0,0.0,0.0,-0.0,67.0,0.0,162057.094,0.0,980,0,1009,0,0,0,954,0,1036,0,931,0,792,0,784,0,823,0,7520,0.032,1.9484373427855714e+20,0.0,0.0,784,16797,-0.0,162057.094,-114818.039,-0.0,0.133,6.909358625270745e+28,30.0,70.0,35,0.0,0.0,0.0,0.0,0.0,0.0,0.0,0.0,0.0,0.0,0.0,0.0,0.0,0.0,0.0,0.0,66.0,0,150,71,52,65476,0,300,0,0,8,20529,65476,0,0,44564,70.0,0.0,0.0,0.0,0.0,0.0
2026-09-10T21:18:25,ERR,ERR,ERR,ERR,ERR,ERR,ERR,ERR,ERR,ERR,ERR,ERR,ERR,ERR,ERR,ERR,ERR,ERR,ERR,ERR,ERR,ERR,ERR,ERR,ERR,ERR,ERR,ERR,ERR,ERR,ERR,ERR,ERR,ERR,ERR,ERR,ERR,ERR,ERR,ERR,ERR,ERR,ERR,ERR,ERR,ERR,ERR,ERR,ERR,ERR,ERR,ERR,ERR,ERR,ERR,ERR,ERR,ERR,ERR,ERR,ERR,ERR,ERR,ERR,ERR,ERR,ERR,ERR,ERR,ERR,ERR,ERR,ERR,ERR,ERR,ERR,ERR,ERR,ERR,ERR,ERR,ERR,ERR,ERR,ERR,ERR,ERR,ERR,ERR,ERR,ERR,ERR,ERR,ERR,ERR,ERR,ERR,ERR,ERR,ERR,ERR,ERR,ERR,ERR,ERR,ERR,ERR,ERR,ERR,ERR,ERR,ERR,ERR,ERR,ERR,ERR,ERR,ERR,ERR,ERR,ERR,ERR,ERR,ERR,ERR,0.0,0.0,2.6474835549302285e+23,0.0,0.0,1.3936040501711995e+18,7.805,0.0,0,0,4,0,7116,0.0,100,0.0,0.0,0.0,0.0,0.0,0,0,0,0,0.0,0,0,0,0,0,0,0,0,0,0,0,0,0,0,0,0,0,0,0,0,0,0,0,0,0,0,0,0,0,0,0,0,0,31,40,40,71,65476,0,300,0,0,8,21553,0.0,-107605600.0,0.0,0.0,0.0,0.0,0.0,0.0,0.0,0.0,0.0,0.0,0.0,0.0,0.0,0.0,0.0,0.0,0.0,0.0,0.0,0.0,-2.004,2.004,-0.0,-2.004,0.0,0.0,0.0,0.0,4470.0,-564144692527104.0,6939.0,0.0,0.0,-0.0,-0.0,0.0,0.0,0.0,0.0,69,-4.0668816144241325e+29,-3.221994650676375e+26,0.0,0.0,0.0,0.0,0.0,0.0,0.0,0,0,0,0.0,0.0,0.0,0.0,0.0,0.0,0.0,0.0,0.0,0.0,0.0,0.0,0.0,0.0,0.0,0.0,0,-107875648.0,69,0.0,138,0.0,2.6474835549302285e+23,0,0,17087,13107,17103,13107,17082,0,0,0,70,68,100,-0.0,82.4,-107615456.0,78.2,2.7302388193790272e+23,79.0,1,49,50,180,0,52429,0,0,0.0,0.0,0.0,0.0,-0.0,67.0,0.0,162057.094,0.0,980,0,1009,0,0,0,954,0,1036,0,931,0,792,0,784,0,823,0,7520,0.032,1.9484373427855714e+20,0.0,0.0,784,16797,-0.0,162057.094,-114818.039,-0.0,0.133,6.909358625270745e+28,30.0,70.0,35,0.0,0.0,0.0,0.0,0.0,0.0,0.0,0.0,0.0,0.0,0.0,0.0,0.0,0.0,0.0,0.0,66.0,0,150,71,52,65476,0,300,0,0,8,20529,65476,0,0,44564,70.0,0.0,0.0,0.0,0.0,0.0
2026-09-10T21:18:26,ERR,ERR,ERR,ERR,ERR,ERR,ERR,ERR,ERR,ERR,ERR,ERR,ERR,ERR,ERR,ERR,ERR,ERR,ERR,ERR,ERR,ERR,ERR,ERR,ERR,ERR,ERR,ERR,ERR,ERR,ERR,ERR,ERR,ERR,ERR,ERR,ERR,ERR,ERR,ERR,ERR,ERR,ERR,ERR,ERR,ERR,ERR,ERR,ERR,ERR,ERR,ERR,ERR,ERR,ERR,ERR,ERR,ERR,ERR,ERR,ERR,ERR,ERR,ERR,ERR,ERR,ERR,ERR,ERR,ERR,ERR,ERR,ERR,ERR,ERR,ERR,ERR,ERR,ERR,ERR,ERR,ERR,ERR,ERR,ERR,ERR,ERR,ERR,ERR,ERR,ERR,ERR,ERR,ERR,ERR,ERR,ERR,ERR,ERR,ERR,ERR,ERR,ERR,ERR,ERR,ERR,ERR,ERR,ERR,ERR,ERR,ERR,ERR,ERR,ERR,ERR,ERR,ERR,ERR,ERR,ERR,ERR,ERR,ERR,ERR,0.0,0.0,2.6474835549302285e+23,0.0,0.0,1.3936040501711995e+18,7.805,0.0,0,0,4,0,7116,0.0,100,0.0,0.0,0.0,0.0,0.0,0,0,0,0,0.0,0,0,0,0,0,0,0,0,0,0,0,0,0,0,0,0,0,0,0,0,0,0,0,0,0,0,0,0,0,0,0,0,0,31,40,40,71,65476,0,300,0,0,8,21553,0.0,-107605600.0,0.0,0.0,0.0,0.0,0.0,0.0,0.0,0.0,0.0,0.0,0.0,0.0,0.0,0.0,0.0,0.0,0.0,0.0,0.0,0.0,-2.004,2.004,-0.0,-2.004,0.0,0.0,0.0,0.0,4470.0,-564144692527104.0,6939.0,0.0,0.0,-0.0,-0.0,0.0,0.0,0.0,0.0,69,-4.0668816144241325e+29,-3.221994650676375e+26,0.0,0.0,0.0,0.0,0.0,0.0,0.0,0,0,0,0.0,0.0,0.0,0.0,0.0,0.0,0.0,0.0,0.0,0.0,0.0,0.0,0.0,0.0,0.0,0.0,0,-107875648.0,69,0.0,138,0.0,2.6474835549302285e+23,0,0,17087,13107,17103,13107,17082,0,0,0,70,68,100,-0.0,82.4,-107615456.0,78.2,2.7302388193790272e+23,79.0,1,49,50,180,0,52429,0,0,0.0,0.0,0.0,0.0,-0.0,67.0,0.0,162057.094,0.0,980,0,1009,0,0,0,954,0,1036,0,931,0,792,0,784,0,823,0,7520,0.032,1.9484373427855714e+20,0.0,0.0,784,16797,-0.0,162057.094,-114818.039,-0.0,0.133,6.909358625270745e+28,30.0,70.0,35,0.0,0.0,0.0,0.0,0.0,0.0,0.0,0.0,0.0,0.0,0.0,0.0,0.0,0.0,0.0,0.0,66.0,0,150,71,52,65476,0,300,0,0,8,20529,65476,0,0,44564,70.0,0.0,0.0,0.0,0.0,0.0
2026-09-10T21:18:27,ERR,ERR,ERR,ERR,ERR,ERR,ERR,ERR,ERR,ERR,ERR,ERR,ERR,ERR,ERR,ERR,ERR,ERR,ERR,ERR,ERR,ERR,ERR,ERR,ERR,ERR,ERR,ERR,ERR,ERR,ERR,ERR,ERR,ERR,ERR,ERR,ERR,ERR,ERR,ERR,ERR,ERR,ERR,ERR,ERR,ERR,ERR,ERR,ERR,ERR,ERR,ERR,ERR,ERR,ERR,ERR,ERR,ERR,ERR,ERR,ERR,ERR,ERR,ERR,ERR,ERR,ERR,ERR,ERR,ERR,ERR,ERR,ERR,ERR,ERR,ERR,ERR,ERR,ERR,ERR,ERR,ERR,ERR,ERR,ERR,ERR,ERR,ERR,ERR,ERR,ERR,ERR,ERR,ERR,ERR,ERR,ERR,ERR,ERR,ERR,ERR,ERR,ERR,ERR,ERR,ERR,ERR,ERR,ERR,ERR,ERR,ERR,ERR,ERR,ERR,ERR,ERR,ERR,ERR,ERR,ERR,ERR,ERR,ERR,ERR,0.0,0.0,2.6474835549302285e+23,0.0,0.0,1.3936040501711995e+18,7.805,0.0,0,0,4,0,7116,0.0,100,0.0,0.0,0.0,0.0,0.0,0,0,0,0,0.0,0,0,0,0,0,0,0,0,0,0,0,0,0,0,0,0,0,0,0,0,0,0,0,0,0,0,0,0,0,0,0,0,0,31,40,40,71,65476,0,300,0,0,8,21553,0.0,-107605600.0,0.0,0.0,0.0,0.0,0.0,0.0,0.0,0.0,0.0,0.0,0.0,0.0,0.0,0.0,0.0,0.0,0.0,0.0,0.0,0.0,-2.004,2.004,-0.0,-2.004,0.0,0.0,0.0,0.0,4470.0,-564144692527104.0,6939.0,0.0,0.0,-0.0,-0.0,0.0,0.0,0.0,0.0,69,-4.0668816144241325e+29,-3.221994650676375e+26,0.0,0.0,0.0,0.0,0.0,0.0,0.0,0,0,0,0.0,0.0,0.0,0.0,0.0,0.0,0.0,0.0,0.0,0.0,0.0,0.0,0.0,0.0,0.0,0.0,0,-107875648.0,69,0.0,138,0.0,2.6474835549302285e+23,0,0,17087,13107,17103,13107,17082,0,0,0,70,68,100,-0.0,82.4,-107615456.0,78.2,2.7302388193790272e+23,79.0,1,49,50,180,0,52429,0,0,0.0,0.0,0.0,0.0,-0.0,67.0,0.0,162057.094,0.0,980,0,1009,0,0,0,954,0,1036,0,931,0,792,0,784,0,823,0,7520,0.032,1.9484373427855714e+20,0.0,0.0,784,16797,-0.0,162057.094,-114818.039,-0.0,0.133,6.909358625270745e+28,30.0,70.0,35,0.0,0.0,0.0,0.0,0.0,0.0,0.0,0.0,0.0,0.0,0.0,0.0,0.0,0.0,0.0,0.0,66.0,0,150,71,52,65476,0,300,0,0,8,20529,65476,0,0,44564,70.0,0.0,0.0,0.0,0.0,0.0
2026-09-10T21:18:28,ERR,ERR,ERR,ERR,ERR,ERR,ERR,ERR,ERR,ERR,ERR,ERR,ERR,ERR,ERR,ERR,ERR,ERR,ERR,ERR,ERR,ERR,ERR,ERR,ERR,ERR,ERR,ERR,ERR,ERR,ERR,ERR,ERR,ERR,ERR,ERR,ERR,ERR,ERR,ERR,ERR,ERR,ERR,ERR,ERR,ERR,ERR,ERR,ERR,ERR,ERR,ERR,ERR,ERR,ERR,ERR,ERR,ERR,ERR,ERR,ERR,ERR,ERR,ERR,ERR,ERR,ERR,ERR,ERR,ERR,ERR,ERR,ERR,ERR,ERR,ERR,ERR,ERR,ERR,ERR,ERR,ERR,ERR,ERR,ERR,ERR,ERR,ERR,ERR,ERR,ERR,ERR,ERR,ERR,ERR,ERR,ERR,ERR,ERR,ERR,ERR,ERR,ERR,ERR,ERR,ERR,ERR,ERR,ERR,ERR,ERR,ERR,ERR,ERR,ERR,ERR,ERR,ERR,ERR,ERR,ERR,ERR,ERR,ERR,ERR,0.0,0.0,2.6474835549302285e+23,0.0,0.0,1.3936040501711995e+18,7.805,0.0,0,0,4,0,7116,0.0,100,0.0,0.0,0.0,0.0,0.0,0,0,0,0,0.0,0,0,0,0,0,0,0,0,0,0,0,0,0,0,0,0,0,0,0,0,0,0,0,0,0,0,0,0,0,0,0,0,0,31,40,40,71,65476,0,300,0,0,8,21553,0.0,-107605600.0,0.0,0.0,0.0,0.0,0.0,0.0,0.0,0.0,0.0,0.0,0.0,0.0,0.0,0.0,0.0,0.0,0.0,0.0,0.0,0.0,-2.004,2.004,-0.0,-2.004,0.0,0.0,0.0,0.0,4468.0,-1.0406632763589053e+34,6941.0,0.0,0.0,-0.0,-0.0,0.0,0.0,0.0,0.0,69,-3.222030068424997e+26,0.0,0.0,0.0,0.0,0.0,0.0,0.0,0.0,0,0,0,0.0,0.0,0.0,0.0,0.0,0.0,0.0,0.0,0.0,0.0,0.0,0.0,0.0,0.0,0.0,0.0,0,-107875648.0,69,0.0,138,0.0,2.6474835549302285e+23,0,0,17087,13107,17103,13107,17082,0,0,0,70,68,100,2.7302399002429377e+23,82.4,-107615456.0,78.2,2.7302388193790272e+23,79.0,1,49,50,180,0,52429,0,0,0.0,0.0,0.0,0.0,-0.0,67.0,0.0,162057.094,0.0,980,0,1009,0,0,0,955,0,1036,0,931,0,792,0,784,0,823,0,7520,0.032,1.95996655783164e+20,0.0,0.0,784,16797,-0.0,162057.094,-114818.039,-0.0,0.133,6.909358625270745e+28,30.0,70.0,35,0.0,0.0,0.0,0.0,0.0,0.0,0.0,0.0,0.0,0.0,0.0,0.0,0.0,0.0,0.0,0.0,66.0,0,150,71,52,65476,0,300,0,0,8,20529,65476,0,0,44564,70.0,0.0,0.0,0.0,0.0,0.0
2026-09-10T21:18:29,ERR,ERR,ERR,ERR,ERR,ERR,ERR,ERR,ERR,ERR,ERR,ERR,ERR,ERR,ERR,ERR,ERR,ERR,ERR,ERR,ERR,ERR,ERR,ERR,ERR,ERR,ERR,ERR,ERR,ERR,ERR,ERR,ERR,ERR,ERR,ERR,ERR,ERR,ERR,ERR,ERR,ERR,ERR,ERR,ERR,ERR,ERR,ERR,ERR,ERR,ERR,ERR,ERR,ERR,ERR,ERR,ERR,ERR,ERR,ERR,ERR,ERR,ERR,ERR,ERR,ERR,ERR,ERR,ERR,ERR,ERR,ERR,ERR,ERR,ERR,ERR,ERR,ERR,ERR,ERR,ERR,ERR,ERR,ERR,ERR,ERR,ERR,ERR,ERR,ERR,ERR,ERR,ERR,ERR,ERR,ERR,ERR,ERR,ERR,ERR,ERR,ERR,ERR,ERR,ERR,ERR,ERR,ERR,ERR,ERR,ERR,ERR,ERR,ERR,ERR,ERR,ERR,ERR,ERR,ERR,ERR,ERR,ERR,ERR,ERR,0.0,0.0,2.6474835549302285e+23,0.0,0.0,1.3936040501711995e+18,7.805,0.0,0,0,4,0,7116,0.0,100,0.0,0.0,0.0,0.0,0.0,0,0,0,0,0.0,0,0,0,0,0,0,0,0,0,0,0,0,0,0,0,0,0,0,0,0,0,0,0,0,0,0,0,0,0,0,0,0,0,31,40,40,71,65476,0,300,0,0,8,21553,0.0,-107605600.0,0.0,0.0,0.0,0.0,0.0,0.0,0.0,0.0,0.0,0.0,0.0,0.0,0.0,0.0,0.0,0.0,0.0,0.0,0.0,0.0,-2.004,2.004,-0.0,-2.004,0.0,0.0,0.0,0.0,4468.0,-1.0406632763589053e+34,6941.0,0.0,0.0,-0.0,-0.0,0.0,0.0,0.0,0.0,69,-3.222030068424997e+26,0.0,0.0,0.0,0.0,0.0,0.0,0.0,0.0,0,0,0,0.0,0.0,0.0,0.0,0.0,0.0,0.0,0.0,0.0,0.0,0.0,0.0,0.0,0.0,0.0,0.0,0,-107875648.0,69,0.0,138,0.0,2.6474835549302285e+23,0,0,17087,13107,17103,13107,17082,0,0,0,70,68,100,2.7302399002429377e+23,82.4,-107615456.0,78.2,2.7302388193790272e+23,79.0,1,49,50,180,0,52429,0,0,0.0,0.0,0.0,0.0,-0.0,67.0,0.0,162057.094,0.0,980,0,1009,0,0,0,955,0,1036,0,931,0,792,0,784,0,823,0,7520,0.032,1.95996655783164e+20,0.0,0.0,784,16797,-0.0,162057.094,-114818.039,-0.0,0.133,6.909358625270745e+28,30.0,70.0,35,0.0,0.0,0.0,0.0,0.0,0.0,0.0,0.0,0.0,0.0,0.0,0.0,0.0,0.0,0.0,0.0,66.0,0,150,71,52,65476,0,300,0,0,8,20529,65476,0,0,44564,70.0,0.0,0.0,0.0,0.0,0.0
2026-09-10T21:18:30,ERR,ERR,ERR,ERR,ERR,ERR,ERR,ERR,ERR,ERR,ERR,ERR,ERR,ERR,ERR,ERR,ERR,ERR,ERR,ERR,ERR,ERR,ERR,ERR,ERR,ERR,ERR,ERR,ERR,ERR,ERR,ERR,ERR,ERR,ERR,ERR,ERR,ERR,ERR,ERR,ERR,ERR,ERR,ERR,ERR,ERR,ERR,ERR,ERR,ERR,ERR,ERR,ERR,ERR,ERR,ERR,ERR,ERR,ERR,ERR,ERR,ERR,ERR,ERR,ERR,ERR,ERR,ERR,ERR,ERR,ERR,ERR,ERR,ERR,ERR,ERR,ERR,ERR,ERR,ERR,ERR,ERR,ERR,ERR,ERR,ERR,ERR,ERR,ERR,ERR,ERR,ERR,ERR,ERR,ERR,ERR,ERR,ERR,ERR,ERR,ERR,ERR,ERR,ERR,ERR,ERR,ERR,ERR,ERR,ERR,ERR,ERR,ERR,ERR,ERR,ERR,ERR,ERR,ERR,ERR,ERR,ERR,ERR,ERR,ERR,0.0,0.0,2.6474835549302285e+23,0.0,0.0,1.3936040501711995e+18,7.805,0.0,0,0,4,0,7116,0.0,100,0.0,0.0,0.0,0.0,0.0,0,0,0,0,0.0,0,0,0,0,0,0,0,0,0,0,0,0,0,0,0,0,0,0,0,0,0,0,0,0,0,0,0,0,0,0,0,0,0,31,40,40,71,65476,0,300,0,0,8,21553,0.0,-107605600.0,0.0,0.0,0.0,0.0,0.0,0.0,0.0,0.0,0.0,0.0,0.0,0.0,0.0,0.0,0.0,0.0,0.0,0.0,0.0,0.0,-2.004,2.004,-0.0,-2.004,0.0,0.0,0.0,0.0,4468.0,-1.0406632763589053e+34,6941.0,0.0,0.0,-0.0,-0.0,0.0,0.0,0.0,0.0,69,-3.222030068424997e+26,0.0,0.0,0.0,0.0,0.0,0.0,0.0,0.0,0,0,0,0.0,0.0,0.0,0.0,0.0,0.0,0.0,0.0,0.0,0.0,0.0,0.0,0.0,0.0,0.0,0.0,0,-107875648.0,69,0.0,138,0.0,2.6474835549302285e+23,0,0,17087,13107,17103,13107,17082,0,0,0,70,68,100,2.7302399002429377e+23,82.4,-107615456.0,78.2,2.7302388193790272e+23,79.0,1,49,50,180,0,52429,0,0,0.0,0.0,0.0,0.0,-0.0,67.0,0.0,162057.094,0.0,980,0,1009,0,0,0,955,0,1036,0,931,0,792,0,784,0,823,0,7520,0.032,1.95996655783164e+20,0.0,0.0,784,16797,-0.0,162057.094,-114818.039,-0.0,0.133,6.909358625270745e+28,30.0,70.0,35,0.0,0.0,0.0,0.0,0.0,0.0,0.0,0.0,0.0,0.0,0.0,0.0,0.0,0.0,0.0,0.0,66.0,0,150,71,52,65476,0,300,0,0,8,20529,65476,0,0,44564,70.0,0.0,0.0,0.0,0.0,0.0
2026-09-10T21:18:31,ERR,ERR,ERR,ERR,ERR,ERR,ERR,ERR,ERR,ERR,ERR,ERR,ERR,ERR,ERR,ERR,ERR,ERR,ERR,ERR,ERR,ERR,ERR,ERR,ERR,ERR,ERR,ERR,ERR,ERR,ERR,ERR,ERR,ERR,ERR,ERR,ERR,ERR,ERR,ERR,ERR,ERR,ERR,ERR,ERR,ERR,ERR,ERR,ERR,ERR,ERR,ERR,ERR,ERR,ERR,ERR,ERR,ERR,ERR,ERR,ERR,ERR,ERR,ERR,ERR,ERR,ERR,ERR,ERR,ERR,ERR,ERR,ERR,ERR,ERR,ERR,ERR,ERR,ERR,ERR,ERR,ERR,ERR,ERR,ERR,ERR,ERR,ERR,ERR,ERR,ERR,ERR,ERR,ERR,ERR,ERR,ERR,ERR,ERR,ERR,ERR,ERR,ERR,ERR,ERR,ERR,ERR,ERR,ERR,ERR,ERR,ERR,ERR,ERR,ERR,ERR,ERR,ERR,ERR,ERR,ERR,ERR,ERR,ERR,ERR,0.0,0.0,2.6474835549302285e+23,0.0,0.0,1.3936040501711995e+18,7.805,0.0,0,0,4,0,7116,0.0,100,0.0,0.0,0.0,0.0,0.0,0,0,0,0,0.0,0,0,0,0,0,0,0,0,0,0,0,0,0,0,0,0,0,0,0,0,0,0,0,0,0,0,0,0,0,0,0,0,0,31,40,40,71,65476,0,300,0,0,8,21553,0.0,-107605600.0,0.0,0.0,0.0,0.0,0.0,0.0,0.0,0.0,0.0,0.0,0.0,0.0,0.0,0.0,0.0,0.0,0.0,0.0,0.0,0.0,-2.004,2.004,-0.0,-2.004,0.0,0.0,0.0,0.0,4468.0,-1.0406632763589053e+34,6941.0,0.0,0.0,-0.0,-0.0,0.0,0.0,0.0,0.0,69,-3.222030068424997e+26,0.0,0.0,0.0,0.0,0.0,0.0,0.0,0.0,0,0,0,0.0,0.0,0.0,0.0,0.0,0.0,0.0,0.0,0.0,0.0,0.0,0.0,0.0,0.0,0.0,0.0,0,-107875648.0,69,0.0,138,0.0,2.6474835549302285e+23,0,0,17087,13107,17103,13107,17082,0,0,0,70,68,100,2.7302399002429377e+23,82.4,-107615456.0,78.2,2.7302388193790272e+23,79.0,1,49,50,180,0,52429,0,0,0.0,0.0,0.0,0.0,-0.0,67.0,0.0,162057.094,0.0,980,0,1009,0,0,0,955,0,1036,0,931,0,792,0,784,0,823,0,7520,0.032,1.95996655783164e+20,0.0,0.0,784,16797,-0.0,162057.094,-114818.039,-0.0,0.133,6.909358625270745e+28,30.0,70.0,35,0.0,0.0,0.0,0.0,0.0,0.0,0.0,0.0,0.0,0.0,0.0,0.0,0.0,0.0,0.0,0.0,66.0,0,150,71,52,65476,0,300,0,0,8,20529,65476,0,0,44564,70.0,0.0,0.0,0.0,0.0,0.0
2026-09-10T21:18:32,ERR,ERR,ERR,ERR,ERR,ERR,ERR,ERR,ERR,ERR,ERR,ERR,ERR,ERR,ERR,ERR,ERR,ERR,ERR,ERR,ERR,ERR,ERR,ERR,ERR,ERR,ERR,ERR,ERR,ERR,ERR,ERR,ERR,ERR,ERR,ERR,ERR,ERR,ERR,ERR,ERR,ERR,ERR,ERR,ERR,ERR,ERR,ERR,ERR,ERR,ERR,ERR,ERR,ERR,ERR,ERR,ERR,ERR,ERR,ERR,ERR,ERR,ERR,ERR,ERR,ERR,ERR,ERR,ERR,ERR,ERR,ERR,ERR,ERR,ERR,ERR,ERR,ERR,ERR,ERR,ERR,ERR,ERR,ERR,ERR,ERR,ERR,ERR,ERR,ERR,ERR,ERR,ERR,ERR,ERR,ERR,ERR,ERR,ERR,ERR,ERR,ERR,ERR,ERR,ERR,ERR,ERR,ERR,ERR,ERR,ERR,ERR,ERR,ERR,ERR,ERR,ERR,ERR,ERR,ERR,ERR,ERR,ERR,ERR,ERR,0.0,0.0,2.6474835549302285e+23,0.0,0.0,1.3936040501711995e+18,7.805,0.0,0,0,4,0,7116,0.0,100,0.0,0.0,0.0,0.0,0.0,0,0,0,0,0.0,0,0,0,0,0,0,0,0,0,0,0,0,0,0,0,0,0,0,0,0,0,0,0,0,0,0,0,0,0,0,0,0,0,31,40,40,71,65476,0,300,0,0,8,21553,0.0,-107605600.0,0.0,0.0,0.0,0.0,0.0,0.0,0.0,0.0,0.0,0.0,0.0,0.0,0.0,0.0,0.0,0.0,0.0,0.0,0.0,0.0,-2.004,2.004,-0.0,-2.004,0.0,0.0,0.0,0.0,4468.0,-1.0406632763589053e+34,6941.0,0.0,0.0,-0.0,-0.0,0.0,0.0,0.0,0.0,69,-3.222030068424997e+26,0.0,0.0,0.0,0.0,0.0,0.0,0.0,0.0,0,0,0,0.0,0.0,0.0,0.0,0.0,0.0,0.0,0.0,0.0,0.0,0.0,0.0,0.0,0.0,0.0,0.0,0,-107875648.0,69,0.0,138,0.0,2.6474835549302285e+23,0,0,17087,13107,17103,13107,17082,0,0,0,70,68,100,2.7302399002429377e+23,82.4,-107615456.0,78.2,2.7302388193790272e+23,79.0,1,49,50,180,0,52429,0,0,0.0,0.0,0.0,0.0,-0.0,67.0,0.0,162057.094,0.0,980,0,1009,0,0,0,955,0,1036,0,931,0,792,0,784,0,823,0,7520,0.032,1.95996655783164e+20,0.0,0.0,784,16797,-0.0,162057.094,-114818.039,-0.0,0.133,6.909358625270745e+28,30.0,70.0,35,0.0,0.0,0.0,0.0,0.0,0.0,0.0,0.0,0.0,0.0,0.0,0.0,0.0,0.0,0.0,0.0,66.0,0,150,71,52,65476,0,300,0,0,8,20529,65476,0,0,44564,70.0,0.0,0.0,0.0,0.0,0.0
2026-09-10T21:18:33,ERR,ERR,ERR,ERR,ERR,ERR,ERR,ERR,ERR,ERR,ERR,ERR,ERR,ERR,ERR,ERR,ERR,ERR,ERR,ERR,ERR,ERR,ERR,ERR,ERR,ERR,ERR,ERR,ERR,ERR,ERR,ERR,ERR,ERR,ERR,ERR,ERR,ERR,ERR,ERR,ERR,ERR,ERR,ERR,ERR,ERR,ERR,ERR,ERR,ERR,ERR,ERR,ERR,ERR,ERR,ERR,ERR,ERR,ERR,ERR,ERR,ERR,ERR,ERR,ERR,ERR,ERR,ERR,ERR,ERR,ERR,ERR,ERR,ERR,ERR,ERR,ERR,ERR,ERR,ERR,ERR,ERR,ERR,ERR,ERR,ERR,ERR,ERR,ERR,ERR,ERR,ERR,ERR,ERR,ERR,ERR,ERR,ERR,ERR,ERR,ERR,ERR,ERR,ERR,ERR,ERR,ERR,ERR,ERR,ERR,ERR,ERR,ERR,ERR,ERR,ERR,ERR,ERR,ERR,ERR,ERR,ERR,ERR,ERR,ERR,0.0,0.0,2.6474835549302285e+23,0.0,0.0,1.3936040501711995e+18,7.805,0.0,0,0,4,0,7116,0.0,100,0.0,0.0,0.0,0.0,0.0,0,0,0,0,0.0,0,0,0,0,0,0,0,0,0,0,0,0,0,0,0,0,0,0,0,0,0,0,0,0,0,0,0,0,0,0,0,0,0,31,40,40,71,65476,0,300,0,0,8,21553,0.0,-107605600.0,0.0,0.0,0.0,0.0,0.0,0.0,0.0,0.0,0.0,0.0,0.0,0.0,0.0,0.0,0.0,0.0,0.0,0.0,0.0,0.0,-2.004,2.004,-0.0,-2.004,0.0,0.0,0.0,0.0,4468.0,-1.0406632763589053e+34,6941.0,0.0,0.0,-0.0,-0.0,0.0,0.0,0.0,0.0,69,-3.222030068424997e+26,0.0,0.0,0.0,0.0,0.0,0.0,0.0,0.0,0,0,0,0.0,0.0,0.0,0.0,0.0,0.0,0.0,0.0,0.0,0.0,0.0,0.0,0.0,0.0,0.0,0.0,0,-107875648.0,69,0.0,138,0.0,2.6474835549302285e+23,0,52429,17086,13107,17103,13107,17082,0,0,0,70,68,100,-0.0,82.4,-107615456.0,78.2,2.7302388193790272e+23,79.0,1,49,50,180,0,52429,0,0,0.0,0.0,0.0,0.0,-0.0,67.0,0.0,162057.094,0.0,980,0,1009,0,0,0,954,0,1036,0,931,0,792,0,784,0,823,0,7520,0.032,1.95996655783164e+20,0.0,0.0,784,16797,-0.0,162057.094,-114818.039,-0.0,0.133,6.909358625270745e+28,30.0,70.0,35,0.0,0.0,0.0,0.0,0.0,0.0,0.0,0.0,0.0,0.0,0.0,0.0,0.0,0.0,0.0,0.0,66.0,0,150,71,52,65476,0,300,0,0,8,20529,65476,0,0,44564,70.0,0.0,0.0,0.0,0.0,0.0
2026-09-10T21:18:34,ERR,ERR,ERR,ERR,ERR,ERR,ERR,ERR,ERR,ERR,ERR,ERR,ERR,ERR,ERR,ERR,ERR,ERR,ERR,ERR,ERR,ERR,ERR,ERR,ERR,ERR,ERR,ERR,ERR,ERR,ERR,ERR,ERR,ERR,ERR,ERR,ERR,ERR,ERR,ERR,ERR,ERR,ERR,ERR,ERR,ERR,ERR,ERR,ERR,ERR,ERR,ERR,ERR,ERR,ERR,ERR,ERR,ERR,ERR,ERR,ERR,ERR,ERR,ERR,ERR,ERR,ERR,ERR,ERR,ERR,ERR,ERR,ERR,ERR,ERR,ERR,ERR,ERR,ERR,ERR,ERR,ERR,ERR,ERR,ERR,ERR,ERR,ERR,ERR,ERR,ERR,ERR,ERR,ERR,ERR,ERR,ERR,ERR,ERR,ERR,ERR,ERR,ERR,ERR,ERR,ERR,ERR,ERR,ERR,ERR,ERR,ERR,ERR,ERR,ERR,ERR,ERR,ERR,ERR,ERR,ERR,ERR,ERR,ERR,ERR,0.0,0.0,2.6474835549302285e+23,0.0,0.0,1.3936040501711995e+18,7.805,0.0,0,0,4,0,7116,0.0,100,0.0,0.0,0.0,0.0,0.0,0,0,0,0,0.0,0,0,0,0,0,0,0,0,0,0,0,0,0,0,0,0,0,0,0,0,0,0,0,0,0,0,0,0,0,0,0,0,0,31,40,40,71,65476,0,300,0,0,8,21553,0.0,-107605600.0,0.0,0.0,0.0,0.0,0.0,0.0,0.0,0.0,0.0,0.0,0.0,0.0,0.0,0.0,0.0,0.0,0.0,0.0,0.0,0.0,-2.004,2.004,-0.0,-2.004,0.0,0.0,0.0,0.0,4468.0,-1.0406632763589053e+34,6941.0,0.0,0.0,-0.0,-0.0,0.0,0.0,0.0,0.0,69,-3.222030068424997e+26,0.0,0.0,0.0,0.0,0.0,0.0,0.0,0.0,0,0,0,0.0,0.0,0.0,0.0,0.0,0.0,0.0,0.0,0.0,0.0,0.0,0.0,0.0,0.0,0.0,0.0,0,-107875648.0,69,0.0,138,0.0,2.6474835549302285e+23,0,52429,17086,13107,17103,13107,17082,0,0,0,70,68,100,-0.0,82.4,-107615456.0,78.2,2.7302388193790272e+23,79.0,1,49,50,180,0,52429,0,0,0.0,0.0,0.0,0.0,-0.0,67.0,0.0,162057.094,0.0,980,0,1009,0,0,0,954,0,1036,0,931,0,792,0,784,0,823,0,7520,0.032,1.95996655783164e+20,0.0,0.0,784,16797,-0.0,162057.094,-114818.039,-0.0,0.133,6.909358625270745e+28,30.0,70.0,35,0.0,0.0,0.0,0.0,0.0,0.0,0.0,0.0,0.0,0.0,0.0,0.0,0.0,0.0,0.0,0.0,66.0,0,150,71,52,65476,0,300,0,0,8,20529,65476,0,0,44564,70.0,0.0,0.0,0.0,0.0,0.0
2026-09-10T21:18:35,ERR,ERR,ERR,ERR,ERR,ERR,ERR,ERR,ERR,ERR,ERR,ERR,ERR,ERR,ERR,ERR,ERR,ERR,ERR,ERR,ERR,ERR,ERR,ERR,ERR,ERR,ERR,ERR,ERR,ERR,ERR,ERR,ERR,ERR,ERR,ERR,ERR,ERR,ERR,ERR,ERR,ERR,ERR,ERR,ERR,ERR,ERR,ERR,ERR,ERR,ERR,ERR,ERR,ERR,ERR,ERR,ERR,ERR,ERR,ERR,ERR,ERR,ERR,ERR,ERR,ERR,ERR,ERR,ERR,ERR,ERR,ERR,ERR,ERR,ERR,ERR,ERR,ERR,ERR,ERR,ERR,ERR,ERR,ERR,ERR,ERR,ERR,ERR,ERR,ERR,ERR,ERR,ERR,ERR,ERR,ERR,ERR,ERR,ERR,ERR,ERR,ERR,ERR,ERR,ERR,ERR,ERR,ERR,ERR,ERR,ERR,ERR,ERR,ERR,ERR,ERR,ERR,ERR,ERR,ERR,ERR,ERR,ERR,ERR,ERR,0.0,0.0,2.6474835549302285e+23,0.0,0.0,1.3936040501711995e+18,7.805,0.0,0,0,4,0,7116,0.0,100,0.0,0.0,0.0,0.0,0.0,0,0,0,0,0.0,0,0,0,0,0,0,0,0,0,0,0,0,0,0,0,0,0,0,0,0,0,0,0,0,0,0,0,0,0,0,0,0,0,31,40,40,71,65476,0,300,0,0,8,21553,0.0,-107605600.0,0.0,0.0,0.0,0.0,0.0,0.0,0.0,0.0,0.0,0.0,0.0,0.0,0.0,0.0,0.0,0.0,0.0,0.0,0.0,0.0,-2.004,2.004,-0.0,-2.004,0.0,0.0,0.0,0.0,4468.0,-564144692527104.0,6939.0,0.0,0.0,-0.0,-0.0,0.0,0.0,0.0,0.0,69,-4.950430145311814e+32,0.0,0.0,0.0,0.0,0.0,0.0,0.0,0.0,0,0,0,0.0,0.0,0.0,0.0,0.0,0.0,0.0,0.0,0.0,0.0,0.0,0.0,0.0,0.0,0.0,0.0,0,-107875648.0,69,0.0,138,0.0,2.6474835549302285e+23,0,52429,17086,13107,17103,13107,17082,0,0,0,70,68,100,-0.0,82.4,-107615456.0,78.2,2.7302388193790272e+23,79.0,1,49,50,180,0,52429,0,0,0.0,0.0,0.0,0.0,-0.0,67.0,0.0,162057.094,0.0,980,0,1009,0,0,0,954,0,1036,0,931,0,792,0,784,0,823,0,7520,0.032,1.95996655783164e+20,0.0,0.0,784,16797,-0.0,162057.094,-114818.039,-0.0,0.133,6.909358625270745e+28,30.0,70.0,35,0.0,0.0,0.0,0.0,0.0,0.0,0.0,0.0,0.0,0.0,0.0,0.0,0.0,0.0,0.0,0.0,66.0,0,150,71,52,65476,0,300,0,0,8,20529,65476,0,0,44564,70.0,0.0,0.0,0.0,0.0,0.0
2026-09-10T21:18:36,ERR,ERR,ERR,ERR,ERR,ERR,ERR,ERR,ERR,ERR,ERR,ERR,ERR,ERR,ERR,ERR,ERR,ERR,ERR,ERR,ERR,ERR,ERR,ERR,ERR,ERR,ERR,ERR,ERR,ERR,ERR,ERR,ERR,ERR,ERR,ERR,ERR,ERR,ERR,ERR,ERR,ERR,ERR,ERR,ERR,ERR,ERR,ERR,ERR,ERR,ERR,ERR,ERR,ERR,ERR,ERR,ERR,ERR,ERR,ERR,ERR,ERR,ERR,ERR,ERR,ERR,ERR,ERR,ERR,ERR,ERR,ERR,ERR,ERR,ERR,ERR,ERR,ERR,ERR,ERR,ERR,ERR,ERR,ERR,ERR,ERR,ERR,ERR,ERR,ERR,ERR,ERR,ERR,ERR,ERR,ERR,ERR,ERR,ERR,ERR,ERR,ERR,ERR,ERR,ERR,ERR,ERR,ERR,ERR,ERR,ERR,ERR,ERR,ERR,ERR,ERR,ERR,ERR,ERR,ERR,ERR,ERR,ERR,ERR,ERR,0.0,0.0,2.6474835549302285e+23,0.0,0.0,1.3936040501711995e+18,7.805,0.0,0,0,4,0,7116,0.0,100,0.0,0.0,0.0,0.0,0.0,0,0,0,0,0.0,0,0,0,0,0,0,0,0,0,0,0,0,0,0,0,0,0,0,0,0,0,0,0,0,0,0,0,0,0,0,0,0,0,31,40,40,71,65476,0,300,0,0,8,21553,0.0,-107605600.0,0.0,0.0,0.0,0.0,0.0,0.0,0.0,0.0,0.0,0.0,0.0,0.0,0.0,0.0,0.0,0.0,0.0,0.0,0.0,0.0,-2.004,2.004,-0.0,-2.004,0.0,0.0,0.0,0.0,4468.0,-564144692527104.0,6939.0,0.0,0.0,-0.0,-0.0,0.0,0.0,0.0,0.0,69,-4.950430145311814e+32,0.0,0.0,0.0,0.0,0.0,0.0,0.0,0.0,0,0,0,0.0,0.0,0.0,0.0,0.0,0.0,0.0,0.0,0.0,0.0,0.0,0.0,0.0,0.0,0.0,0.0,0,-107875648.0,69,0.0,138,0.0,2.6474835549302285e+23,0,52429,17086,13107,17103,13107,17082,0,0,0,70,68,100,-0.0,82.4,-107615456.0,78.2,2.7302388193790272e+23,79.0,1,49,50,180,0,52429,0,0,0.0,0.0,0.0,0.0,-0.0,67.0,0.0,162057.094,0.0,980,0,1009,0,0,0,954,0,1036,0,931,0,792,0,784,0,823,0,7520,0.032,1.95996655783164e+20,0.0,0.0,784,16797,-0.0,162057.094,-114818.039,-0.0,0.133,6.909358625270745e+28,30.0,70.0,35,0.0,0.0,0.0,0.0,0.0,0.0,0.0,0.0,0.0,0.0,0.0,0.0,0.0,0.0,0.0,0.0,66.0,0,150,71,52,65476,0,300,0,0,8,20529,65476,0,0,44564,70.0,0.0,0.0,0.0,0.0,0.0
2026-09-10T21:18:37,ERR,ERR,ERR,ERR,ERR,ERR,ERR,ERR,ERR,ERR,ERR,ERR,ERR,ERR,ERR,ERR,ERR,ERR,ERR,ERR,ERR,ERR,ERR,ERR,ERR,ERR,ERR,ERR,ERR,ERR,ERR,ERR,ERR,ERR,ERR,ERR,ERR,ERR,ERR,ERR,ERR,ERR,ERR,ERR,ERR,ERR,ERR,ERR,ERR,ERR,ERR,ERR,ERR,ERR,ERR,ERR,ERR,ERR,ERR,ERR,ERR,ERR,ERR,ERR,ERR,ERR,ERR,ERR,ERR,ERR,ERR,ERR,ERR,ERR,ERR,ERR,ERR,ERR,ERR,ERR,ERR,ERR,ERR,ERR,ERR,ERR,ERR,ERR,ERR,ERR,ERR,ERR,ERR,ERR,ERR,ERR,ERR,ERR,ERR,ERR,ERR,ERR,ERR,ERR,ERR,ERR,ERR,ERR,ERR,ERR,ERR,ERR,ERR,ERR,ERR,ERR,ERR,ERR,ERR,ERR,ERR,ERR,ERR,ERR,ERR,0.0,0.0,2.6474835549302285e+23,0.0,0.0,1.3936040501711995e+18,7.805,0.0,0,0,4,0,7116,0.0,100,0.0,0.0,0.0,0.0,0.0,0,0,0,0,0.0,0,0,0,0,0,0,0,0,0,0,0,0,0,0,0,0,0,0,0,0,0,0,0,0,0,0,0,0,0,0,0,0,0,31,40,40,71,65476,0,300,0,0,8,21553,0.0,-107605600.0,0.0,0.0,0.0,0.0,0.0,0.0,0.0,0.0,0.0,0.0,0.0,0.0,0.0,0.0,0.0,0.0,0.0,0.0,0.0,0.0,-2.004,2.004,-0.0,-2.004,0.0,0.0,0.0,0.0,4468.0,-564144692527104.0,6939.0,0.0,0.0,-0.0,-0.0,0.0,0.0,0.0,0.0,69,-4.950430145311814e+32,0.0,0.0,0.0,0.0,0.0,0.0,0.0,0.0,0,0,0,0.0,0.0,0.0,0.0,0.0,0.0,0.0,0.0,0.0,0.0,0.0,0.0,0.0,0.0,0.0,0.0,0,-107875648.0,69,0.0,138,0.0,2.6474835549302285e+23,0,52429,17086,13107,17103,13107,17082,0,0,0,70,68,100,-0.0,82.4,-107615456.0,78.2,2.7302388193790272e+23,79.0,1,49,50,180,0,52429,0,0,0.0,0.0,0.0,0.0,-0.0,67.0,0.0,162057.094,0.0,980,0,1009,0,0,0,954,0,1036,0,931,0,792,0,784,0,822,0,7520,0.032,1.9484373427855714e+20,0.0,0.0,784,16797,-0.0,162057.094,-114818.039,-0.0,0.133,6.909358625270745e+28,30.0,70.0,35,0.0,0.0,0.0,0.0,0.0,0.0,0.0,0.0,0.0,0.0,0.0,0.0,0.0,0.0,0.0,0.0,66.0,0,150,71,52,65476,0,300,0,0,8,20529,65476,0,0,44564,70.0,0.0,0.0,0.0,0.0,0.0
2026-09-10T21:18:38,ERR,ERR,ERR,ERR,ERR,ERR,ERR,ERR,ERR,ERR,ERR,ERR,ERR,ERR,ERR,ERR,ERR,ERR,ERR,ERR,ERR,ERR,ERR,ERR,ERR,ERR,ERR,ERR,ERR,ERR,ERR,ERR,ERR,ERR,ERR,ERR,ERR,ERR,ERR,ERR,ERR,ERR,ERR,ERR,ERR,ERR,ERR,ERR,ERR,ERR,ERR,ERR,ERR,ERR,ERR,ERR,ERR,ERR,ERR,ERR,ERR,ERR,ERR,ERR,ERR,ERR,ERR,ERR,ERR,ERR,ERR,ERR,ERR,ERR,ERR,ERR,ERR,ERR,ERR,ERR,ERR,ERR,ERR,ERR,ERR,ERR,ERR,ERR,ERR,ERR,ERR,ERR,ERR,ERR,ERR,ERR,ERR,ERR,ERR,ERR,ERR,ERR,ERR,ERR,ERR,ERR,ERR,ERR,ERR,ERR,ERR,ERR,ERR,ERR,ERR,ERR,ERR,ERR,ERR,ERR,ERR,ERR,ERR,ERR,ERR,0.0,0.0,2.6474835549302285e+23,0.0,0.0,1.3936040501711995e+18,7.805,0.0,0,0,4,0,7116,0.0,100,0.0,0.0,0.0,0.0,0.0,0,0,0,0,0.0,0,0,0,0,0,0,0,0,0,0,0,0,0,0,0,0,0,0,0,0,0,0,0,0,0,0,0,0,0,0,0,0,0,31,40,40,71,65476,0,300,0,0,8,21553,0.0,-107605600.0,0.0,0.0,0.0,0.0,0.0,0.0,0.0,0.0,0.0,0.0,0.0,0.0,0.0,0.0,0.0,0.0,0.0,0.0,0.0,0.0,-2.004,2.004,-0.0,-2.004,0.0,0.0,0.0,0.0,4468.0,-564144692527104.0,6939.0,0.0,0.0,-0.0,-0.0,0.0,0.0,0.0,0.0,69,-4.950430145311814e+32,0.0,0.0,0.0,0.0,0.0,0.0,0.0,0.0,0,0,0,0.0,0.0,0.0,0.0,0.0,0.0,0.0,0.0,0.0,0.0,0.0,0.0,0.0,0.0,0.0,0.0,0,-107875648.0,69,0.0,138,0.0,2.6474835549302285e+23,0,52429,17086,13107,17103,13107,17082,0,0,0,70,68,100,-0.0,82.4,-107615456.0,78.2,2.7302388193790272e+23,79.0,1,49,50,180,0,52429,0,0,0.0,0.0,0.0,0.0,-0.0,67.0,0.0,162057.094,0.0,980,0,1009,0,0,0,954,0,1036,0,931,0,792,0,784,0,822,0,7520,0.032,1.9484373427855714e+20,0.0,0.0,784,16797,-0.0,162057.094,-114818.039,-0.0,0.133,6.909358625270745e+28,30.0,70.0,35,0.0,0.0,0.0,0.0,0.0,0.0,0.0,0.0,0.0,0.0,0.0,0.0,0.0,0.0,0.0,0.0,66.0,0,150,71,52,65476,0,300,0,0,8,20529,65476,0,0,44564,70.0,0.0,0.0,0.0,0.0,0.0
2026-09-10T21:18:39,ERR,ERR,ERR,ERR,ERR,ERR,ERR,ERR,ERR,ERR,ERR,ERR,ERR,ERR,ERR,ERR,ERR,ERR,ERR,ERR,ERR,ERR,ERR,ERR,ERR,ERR,ERR,ERR,ERR,ERR,ERR,ERR,ERR,ERR,ERR,ERR,ERR,ERR,ERR,ERR,ERR,ERR,ERR,ERR,ERR,ERR,ERR,ERR,ERR,ERR,ERR,ERR,ERR,ERR,ERR,ERR,ERR,ERR,ERR,ERR,ERR,ERR,ERR,ERR,ERR,ERR,ERR,ERR,ERR,ERR,ERR,ERR,ERR,ERR,ERR,ERR,ERR,ERR,ERR,ERR,ERR,ERR,ERR,ERR,ERR,ERR,ERR,ERR,ERR,ERR,ERR,ERR,ERR,ERR,ERR,ERR,ERR,ERR,ERR,ERR,ERR,ERR,ERR,ERR,ERR,ERR,ERR,ERR,ERR,ERR,ERR,ERR,ERR,ERR,ERR,ERR,ERR,ERR,ERR,ERR,ERR,ERR,ERR,ERR,ERR,0.0,0.0,2.6474835549302285e+23,0.0,0.0,1.3936040501711995e+18,7.805,0.0,0,0,4,0,7116,0.0,100,0.0,0.0,0.0,0.0,0.0,0,0,0,0,0.0,0,0,0,0,0,0,0,0,0,0,0,0,0,0,0,0,0,0,0,0,0,0,0,0,0,0,0,0,0,0,0,0,0,31,40,40,71,65476,0,300,0,0,8,21553,0.0,-107605600.0,0.0,0.0,0.0,0.0,0.0,0.0,0.0,0.0,0.0,0.0,0.0,0.0,0.0,0.0,0.0,0.0,0.0,0.0,0.0,0.0,-2.004,2.004,-0.0,-2.004,0.0,0.0,0.0,0.0,4468.0,-564144692527104.0,6939.0,0.0,0.0,-0.0,-0.0,0.0,0.0,0.0,0.0,69,-4.950430145311814e+32,0.0,0.0,0.0,0.0,0.0,0.0,0.0,0.0,0,0,0,0.0,0.0,0.0,0.0,0.0,0.0,0.0,0.0,0.0,0.0,0.0,0.0,0.0,0.0,0.0,0.0,0,-107875648.0,69,0.0,138,0.0,2.6474835549302285e+23,0,52429,17086,13107,17103,13107,17082,0,0,0,70,68,100,-0.0,82.4,-107615456.0,78.2,2.7302388193790272e+23,79.0,1,49,50,180,0,52429,0,0,0.0,0.0,0.0,0.0,-0.0,67.0,0.0,162057.094,0.0,980,0,1009,0,0,0,954,0,1036,0,931,0,792,0,784,0,822,0,7520,0.032,1.9484373427855714e+20,0.0,0.0,784,16797,-0.0,162057.094,-114818.039,-0.0,0.133,6.909358625270745e+28,30.0,70.0,35,0.0,0.0,0.0,0.0,0.0,0.0,0.0,0.0,0.0,0.0,0.0,0.0,0.0,0.0,0.0,0.0,66.4,0,150,71,52,65476,0,300,0,0,8,20529,65476,0,0,44564,70.0,0.0,0.0,0.0,0.0,0.0
2026-09-10T21:18:40,ERR,ERR,ERR,ERR,ERR,ERR,ERR,ERR,ERR,ERR,ERR,ERR,ERR,ERR,ERR,ERR,ERR,ERR,ERR,ERR,ERR,ERR,ERR,ERR,ERR,ERR,ERR,ERR,ERR,ERR,ERR,ERR,ERR,ERR,ERR,ERR,ERR,ERR,ERR,ERR,ERR,ERR,ERR,ERR,ERR,ERR,ERR,ERR,ERR,ERR,ERR,ERR,ERR,ERR,ERR,ERR,ERR,ERR,ERR,ERR,ERR,ERR,ERR,ERR,ERR,ERR,ERR,ERR,ERR,ERR,ERR,ERR,ERR,ERR,ERR,ERR,ERR,ERR,ERR,ERR,ERR,ERR,ERR,ERR,ERR,ERR,ERR,ERR,ERR,ERR,ERR,ERR,ERR,ERR,ERR,ERR,ERR,ERR,ERR,ERR,ERR,ERR,ERR,ERR,ERR,ERR,ERR,ERR,ERR,ERR,ERR,ERR,ERR,ERR,ERR,ERR,ERR,ERR,ERR,ERR,ERR,ERR,ERR,ERR,ERR,0.0,0.0,2.6474835549302285e+23,0.0,0.0,1.3936040501711995e+18,7.805,0.0,0,0,4,0,7116,0.0,100,0.0,0.0,0.0,0.0,0.0,0,0,0,0,0.0,0,0,0,0,0,0,0,0,0,0,0,0,0,0,0,0,0,0,0,0,0,0,0,0,0,0,0,0,0,0,0,0,0,31,40,40,71,65476,0,300,0,0,8,21553,0.0,-107605600.0,0.0,0.0,0.0,0.0,0.0,0.0,0.0,0.0,0.0,0.0,0.0,0.0,0.0,0.0,0.0,0.0,0.0,0.0,0.0,0.0,-2.004,2.004,-0.0,-2.004,0.0,0.0,0.0,0.0,4468.0,-564144692527104.0,6939.0,0.0,0.0,-0.0,-0.0,0.0,0.0,0.0,0.0,69,-4.950430145311814e+32,0.0,0.0,0.0,0.0,0.0,0.0,0.0,0.0,0,0,0,0.0,0.0,0.0,0.0,0.0,0.0,0.0,0.0,0.0,0.0,0.0,0.0,0.0,0.0,0.0,0.0,0,-107875648.0,69,0.0,138,0.0,2.6474835549302285e+23,0,52429,17086,13107,17103,13107,17082,0,0,0,70,68,100,-0.0,82.4,-107615456.0,78.2,2.7302388193790272e+23,79.0,1,49,50,180,0,52429,0,0,0.0,0.0,0.0,0.0,-0.0,67.0,0.0,162057.094,0.0,980,0,1009,0,0,0,954,0,1036,0,931,0,792,0,784,0,822,0,7520,0.032,1.9484373427855714e+20,0.0,0.0,784,16797,-0.0,162057.094,-114818.039,-0.0,0.133,6.909358625270745e+28,30.0,70.0,35,0.0,0.0,0.0,0.0,0.0,0.0,0.0,0.0,0.0,0.0,0.0,0.0,0.0,0.0,0.0,0.0,66.4,0,150,71,52,65476,0,300,0,0,8,20529,65476,0,0,44564,70.0,0.0,0.0,0.0,0.0,0.0
2026-09-10T21:18:41,ERR,ERR,ERR,ERR,ERR,ERR,ERR,ERR,ERR,ERR,ERR,ERR,ERR,ERR,ERR,ERR,ERR,ERR,ERR,ERR,ERR,ERR,ERR,ERR,ERR,ERR,ERR,ERR,ERR,ERR,ERR,ERR,ERR,ERR,ERR,ERR,ERR,ERR,ERR,ERR,ERR,ERR,ERR,ERR,ERR,ERR,ERR,ERR,ERR,ERR,ERR,ERR,ERR,ERR,ERR,ERR,ERR,ERR,ERR,ERR,ERR,ERR,ERR,ERR,ERR,ERR,ERR,ERR,ERR,ERR,ERR,ERR,ERR,ERR,ERR,ERR,ERR,ERR,ERR,ERR,ERR,ERR,ERR,ERR,ERR,ERR,ERR,ERR,ERR,ERR,ERR,ERR,ERR,ERR,ERR,ERR,ERR,ERR,ERR,ERR,ERR,ERR,ERR,ERR,ERR,ERR,ERR,ERR,ERR,ERR,ERR,ERR,ERR,ERR,ERR,ERR,ERR,ERR,ERR,ERR,ERR,ERR,ERR,ERR,ERR,0.0,0.0,2.6474835549302285e+23,0.0,0.0,1.3936040501711995e+18,7.805,0.0,0,0,4,0,7116,0.0,100,0.0,0.0,0.0,0.0,0.0,0,0,0,0,0.0,0,0,0,0,0,0,0,0,0,0,0,0,0,0,0,0,0,0,0,0,0,0,0,0,0,0,0,0,0,0,0,0,0,31,40,40,71,65476,0,300,0,0,8,21553,0.0,-107605600.0,0.0,0.0,0.0,0.0,0.0,0.0,0.0,0.0,0.0,0.0,0.0,0.0,0.0,0.0,0.0,0.0,0.0,0.0,0.0,0.0,-2.004,2.004,-0.0,-2.004,0.0,0.0,0.0,0.0,4468.0,-564144692527104.0,6939.0,0.0,0.0,-0.0,-0.0,0.0,0.0,0.0,0.0,69,-4.950430145311814e+32,0.0,0.0,0.0,0.0,0.0,0.0,0.0,0.0,0,0,0,0.0,0.0,0.0,0.0,0.0,0.0,0.0,0.0,0.0,0.0,0.0,0.0,0.0,0.0,0.0,0.0,0,-107875648.0,69,0.0,138,0.0,2.6474835549302285e+23,0,52429,17086,13107,17103,13107,17082,0,0,0,70,68,100,-0.0,82.4,-107615456.0,78.2,2.7302388193790272e+23,79.0,1,49,50,180,0,52429,0,0,0.0,0.0,0.0,0.0,-0.0,67.0,0.0,162057.094,0.0,980,0,1009,0,0,0,954,0,1036,0,931,0,792,0,784,0,822,0,7520,0.032,1.9484373427855714e+20,0.0,0.0,784,16797,-0.0,162057.094,-114818.039,-0.0,0.133,6.909358625270745e+28,30.0,70.0,35,0.0,0.0,0.0,0.0,0.0,0.0,0.0,0.0,0.0,0.0,0.0,0.0,0.0,0.0,0.0,0.0,66.4,0,150,71,52,65476,0,300,0,0,8,20529,65476,0,0,44564,70.0,0.0,0.0,0.0,0.0,0.0
2026-09-10T21:18:42,ERR,ERR,ERR,ERR,ERR,ERR,ERR,ERR,ERR,ERR,ERR,ERR,ERR,ERR,ERR,ERR,ERR,ERR,ERR,ERR,ERR,ERR,ERR,ERR,ERR,ERR,ERR,ERR,ERR,ERR,ERR,ERR,ERR,ERR,ERR,ERR,ERR,ERR,ERR,ERR,ERR,ERR,ERR,ERR,ERR,ERR,ERR,ERR,ERR,ERR,ERR,ERR,ERR,ERR,ERR,ERR,ERR,ERR,ERR,ERR,ERR,ERR,ERR,ERR,ERR,ERR,ERR,ERR,ERR,ERR,ERR,ERR,ERR,ERR,ERR,ERR,ERR,ERR,ERR,ERR,ERR,ERR,ERR,ERR,ERR,ERR,ERR,ERR,ERR,ERR,ERR,ERR,ERR,ERR,ERR,ERR,ERR,ERR,ERR,ERR,ERR,ERR,ERR,ERR,ERR,ERR,ERR,ERR,ERR,ERR,ERR,ERR,ERR,ERR,ERR,ERR,ERR,ERR,ERR,ERR,ERR,ERR,ERR,ERR,ERR,0.0,0.0,2.6474835549302285e+23,0.0,0.0,1.3936040501711995e+18,7.805,0.0,0,0,4,0,7116,0.0,100,0.0,0.0,0.0,0.0,0.0,0,0,0,0,0.0,0,0,0,0,0,0,0,0,0,0,0,0,0,0,0,0,0,0,0,0,0,0,0,0,0,0,0,0,0,0,0,0,0,31,40,40,71,65476,0,300,0,0,8,21553,0.0,-107605600.0,0.0,0.0,0.0,0.0,0.0,0.0,0.0,0.0,0.0,0.0,0.0,0.0,0.0,0.0,0.0,0.0,0.0,0.0,0.0,0.0,-2.004,2.004,-0.0,-2.004,0.0,0.0,0.0,0.0,4473.0,-1.0406632763589053e+34,6943.0,0.0,0.0,-0.0,2.718428940004181e+23,0.0,0.0,0.0,0.0,69,0.0,0.0,0.0,0.0,0.0,0.0,0.0,0.0,0.0,0,0,0,0.0,0.0,0.0,0.0,0.0,0.0,0.0,0.0,0.0,0.0,0.0,0.0,0.0,0.0,0.0,0.0,0,-107875648.0,69,0.0,138,0.0,2.6474835549302285e+23,0,52429,17086,13107,17103,13107,17082,0,0,0,70,68,100,-0.0,82.4,-107615456.0,78.2,2.7302388193790272e+23,79.0,1,49,50,180,0,52429,0,0,0.0,0.0,0.0,0.0,-0.0,67.0,0.0,162057.094,0.0,980,0,1009,0,0,0,954,0,1036,0,931,0,792,0,784,0,822,0,7520,0.032,1.9484373427855714e+20,0.0,0.0,784,16797,-0.0,162057.094,-114818.039,-0.0,0.133,6.909358625270745e+28,30.0,70.0,35,0.0,0.0,0.0,0.0,0.0,0.0,0.0,0.0,0.0,0.0,0.0,0.0,0.0,0.0,0.0,0.0,66.0,0,150,71,52,65476,0,300,0,0,8,20529,65476,0,0,44564,70.0,0.0,0.0,0.0,0.0,0.0
2026-09-10T21:18:43,ERR,ERR,ERR,ERR,ERR,ERR,ERR,ERR,ERR,ERR,ERR,ERR,ERR,ERR,ERR,ERR,ERR,ERR,ERR,ERR,ERR,ERR,ERR,ERR,ERR,ERR,ERR,ERR,ERR,ERR,ERR,ERR,ERR,ERR,ERR,ERR,ERR,ERR,ERR,ERR,ERR,ERR,ERR,ERR,ERR,ERR,ERR,ERR,ERR,ERR,ERR,ERR,ERR,ERR,ERR,ERR,ERR,ERR,ERR,ERR,ERR,ERR,ERR,ERR,ERR,ERR,ERR,ERR,ERR,ERR,ERR,ERR,ERR,ERR,ERR,ERR,ERR,ERR,ERR,ERR,ERR,ERR,ERR,ERR,ERR,ERR,ERR,ERR,ERR,ERR,ERR,ERR,ERR,ERR,ERR,ERR,ERR,ERR,ERR,ERR,ERR,ERR,ERR,ERR,ERR,ERR,ERR,ERR,ERR,ERR,ERR,ERR,ERR,ERR,ERR,ERR,ERR,ERR,ERR,ERR,ERR,ERR,ERR,ERR,ERR,0.0,0.0,2.6474835549302285e+23,0.0,0.0,1.3936040501711995e+18,7.805,0.0,0,0,4,0,7116,0.0,100,0.0,0.0,0.0,0.0,0.0,0,0,0,0,0.0,0,0,0,0,0,0,0,0,0,0,0,0,0,0,0,0,0,0,0,0,0,0,0,0,0,0,0,0,0,0,0,0,0,31,40,40,71,65476,0,300,0,0,8,21553,0.0,-107605600.0,0.0,0.0,0.0,0.0,0.0,0.0,0.0,0.0,0.0,0.0,0.0,0.0,0.0,0.0,0.0,0.0,0.0,0.0,0.0,0.0,-2.004,2.004,-0.0,-2.004,0.0,0.0,0.0,0.0,4473.0,-1.0406632763589053e+34,6943.0,0.0,0.0,-0.0,2.718428940004181e+23,0.0,0.0,0.0,0.0,69,0.0,0.0,0.0,0.0,0.0,0.0,0.0,0.0,0.0,0,0,0,0.0,0.0,0.0,0.0,0.0,0.0,0.0,0.0,0.0,0.0,0.0,0.0,0.0,0.0,0.0,0.0,0,-107875648.0,69,0.0,138,0.0,2.6474835549302285e+23,0,0,17087,13107,17103,0,17082,0,0,0,70,68,100,-0.0,82.4,-107615456.0,78.2,2.7302388193790272e+23,79.0,1,49,50,180,0,52429,0,0,0.0,0.0,0.0,0.0,-0.0,67.0,0.0,162057.094,0.0,980,0,1009,0,0,0,954,0,1036,0,931,0,792,0,784,0,823,0,7520,0.032,1.9484373427855714e+20,0.0,0.0,784,16797,-0.0,162057.094,-114818.039,-0.0,0.133,6.909358625270745e+28,30.0,70.0,35,0.0,0.0,0.0,0.0,0.0,0.0,0.0,0.0,0.0,0.0,0.0,0.0,0.0,0.0,0.0,0.0,66.0,0,150,71,52,65476,0,300,0,0,8,20529,65476,0,0,44564,70.0,0.0,0.0,0.0,0.0,0.0
2026-09-10T21:18:44,ERR,ERR,ERR,ERR,ERR,ERR,ERR,ERR,ERR,ERR,ERR,ERR,ERR,ERR,ERR,ERR,ERR,ERR,ERR,ERR,ERR,ERR,ERR,ERR,ERR,ERR,ERR,ERR,ERR,ERR,ERR,ERR,ERR,ERR,ERR,ERR,ERR,ERR,ERR,ERR,ERR,ERR,ERR,ERR,ERR,ERR,ERR,ERR,ERR,ERR,ERR,ERR,ERR,ERR,ERR,ERR,ERR,ERR,ERR,ERR,ERR,ERR,ERR,ERR,ERR,ERR,ERR,ERR,ERR,ERR,ERR,ERR,ERR,ERR,ERR,ERR,ERR,ERR,ERR,ERR,ERR,ERR,ERR,ERR,ERR,ERR,ERR,ERR,ERR,ERR,ERR,ERR,ERR,ERR,ERR,ERR,ERR,ERR,ERR,ERR,ERR,ERR,ERR,ERR,ERR,ERR,ERR,ERR,ERR,ERR,ERR,ERR,ERR,ERR,ERR,ERR,ERR,ERR,ERR,ERR,ERR,ERR,ERR,ERR,ERR,0.0,0.0,2.6474835549302285e+23,0.0,0.0,1.3936040501711995e+18,7.805,0.0,0,0,4,0,7116,0.0,100,0.0,0.0,0.0,0.0,0.0,0,0,0,0,0.0,0,0,0,0,0,0,0,0,0,0,0,0,0,0,0,0,0,0,0,0,0,0,0,0,0,0,0,0,0,0,0,0,0,31,40,40,71,65476,0,300,0,0,8,21553,0.0,-107605600.0,0.0,0.0,0.0,0.0,0.0,0.0,0.0,0.0,0.0,0.0,0.0,0.0,0.0,0.0,0.0,0.0,0.0,0.0,0.0,0.0,-2.004,2.004,-0.0,-2.004,0.0,0.0,0.0,0.0,4473.0,-1.0406632763589053e+34,6943.0,0.0,0.0,-0.0,2.718428940004181e+23,0.0,0.0,0.0,0.0,69,0.0,0.0,0.0,0.0,0.0,0.0,0.0,0.0,0.0,0,0,0,0.0,0.0,0.0,0.0,0.0,0.0,0.0,0.0,0.0,0.0,0.0,0.0,0.0,0.0,0.0,0.0,0,-107875648.0,69,0.0,138,0.0,2.6474835549302285e+23,0,0,17087,13107,17103,0,17082,0,0,0,70,68,100,-0.0,82.4,-107615456.0,78.2,2.7302388193790272e+23,79.0,1,49,50,180,0,52429,0,0,0.0,0.0,0.0,0.0,-0.0,67.0,0.0,162057.094,0.0,980,0,1009,0,0,0,954,0,1036,0,931,0,792,0,784,0,823,0,7520,0.032,1.9484373427855714e+20,0.0,0.0,784,16797,-0.0,162057.094,-114818.039,-0.0,0.133,6.909358625270745e+28,30.0,70.0,35,0.0,0.0,0.0,0.0,0.0,0.0,0.0,0.0,0.0,0.0,0.0,0.0,0.0,0.0,0.0,0.0,66.0,0,150,71,52,65476,0,300,0,0,8,20529,65476,0,0,44564,70.0,0.0,0.0,0.0,0.0,0.0
2026-09-10T21:18:45,ERR,ERR,ERR,ERR,ERR,ERR,ERR,ERR,ERR,ERR,ERR,ERR,ERR,ERR,ERR,ERR,ERR,ERR,ERR,ERR,ERR,ERR,ERR,ERR,ERR,ERR,ERR,ERR,ERR,ERR,ERR,ERR,ERR,ERR,ERR,ERR,ERR,ERR,ERR,ERR,ERR,ERR,ERR,ERR,ERR,ERR,ERR,ERR,ERR,ERR,ERR,ERR,ERR,ERR,ERR,ERR,ERR,ERR,ERR,ERR,ERR,ERR,ERR,ERR,ERR,ERR,ERR,ERR,ERR,ERR,ERR,ERR,ERR,ERR,ERR,ERR,ERR,ERR,ERR,ERR,ERR,ERR,ERR,ERR,ERR,ERR,ERR,ERR,ERR,ERR,ERR,ERR,ERR,ERR,ERR,ERR,ERR,ERR,ERR,ERR,ERR,ERR,ERR,ERR,ERR,ERR,ERR,ERR,ERR,ERR,ERR,ERR,ERR,ERR,ERR,ERR,ERR,ERR,ERR,ERR,ERR,ERR,ERR,ERR,ERR,0.0,0.0,2.6474835549302285e+23,0.0,0.0,1.3936040501711995e+18,7.805,0.0,0,0,4,0,7116,0.0,100,0.0,0.0,0.0,0.0,0.0,0,0,0,0,0.0,0,0,0,0,0,0,0,0,0,0,0,0,0,0,0,0,0,0,0,0,0,0,0,0,0,0,0,0,0,0,0,0,0,31,40,40,71,65476,0,300,0,0,8,21553,0.0,-107605600.0,0.0,0.0,0.0,0.0,0.0,0.0,0.0,0.0,0.0,0.0,0.0,0.0,0.0,0.0,0.0,0.0,0.0,0.0,0.0,0.0,-2.004,2.004,-0.0,-2.004,0.0,0.0,0.0,0.0,4473.0,-1.0406632763589053e+34,6943.0,0.0,0.0,-0.0,2.718428940004181e+23,0.0,0.0,0.0,0.0,69,0.0,0.0,0.0,0.0,0.0,0.0,0.0,0.0,0.0,0,0,0,0.0,0.0,0.0,0.0,0.0,0.0,0.0,0.0,0.0,0.0,0.0,0.0,0.0,0.0,0.0,0.0,0,-107875648.0,69,0.0,138,0.0,2.6474835549302285e+23,0,0,17087,13107,17103,0,17082,0,0,0,70,68,100,-0.0,82.4,-107615456.0,78.2,2.7302388193790272e+23,79.0,1,49,50,180,0,52429,0,0,0.0,0.0,0.0,0.0,-0.0,67.0,0.0,162057.094,0.0,980,0,1009,0,0,0,954,0,1036,0,931,0,792,0,784,0,823,0,7520,0.032,1.9484373427855714e+20,0.0,0.0,784,16797,-0.0,162057.094,-114818.039,-0.0,0.133,6.909358625270745e+28,30.0,70.0,35,0.0,0.0,0.0,0.0,0.0,0.0,0.0,0.0,0.0,0.0,0.0,0.0,0.0,0.0,0.0,0.0,66.0,0,150,71,52,65476,0,300,0,0,8,20529,65476,0,0,44564,70.0,0.0,0.0,0.0,0.0,0.0
2026-09-10T21:18:46,ERR,ERR,ERR,ERR,ERR,ERR,ERR,ERR,ERR,ERR,ERR,ERR,ERR,ERR,ERR,ERR,ERR,ERR,ERR,ERR,ERR,ERR,ERR,ERR,ERR,ERR,ERR,ERR,ERR,ERR,ERR,ERR,ERR,ERR,ERR,ERR,ERR,ERR,ERR,ERR,ERR,ERR,ERR,ERR,ERR,ERR,ERR,ERR,ERR,ERR,ERR,ERR,ERR,ERR,ERR,ERR,ERR,ERR,ERR,ERR,ERR,ERR,ERR,ERR,ERR,ERR,ERR,ERR,ERR,ERR,ERR,ERR,ERR,ERR,ERR,ERR,ERR,ERR,ERR,ERR,ERR,ERR,ERR,ERR,ERR,ERR,ERR,ERR,ERR,ERR,ERR,ERR,ERR,ERR,ERR,ERR,ERR,ERR,ERR,ERR,ERR,ERR,ERR,ERR,ERR,ERR,ERR,ERR,ERR,ERR,ERR,ERR,ERR,ERR,ERR,ERR,ERR,ERR,ERR,ERR,ERR,ERR,ERR,ERR,ERR,0.0,0.0,2.6474835549302285e+23,0.0,0.0,1.3936040501711995e+18,7.805,0.0,0,0,4,0,7116,0.0,100,0.0,0.0,0.0,0.0,0.0,0,0,0,0,0.0,0,0,0,0,0,0,0,0,0,0,0,0,0,0,0,0,0,0,0,0,0,0,0,0,0,0,0,0,0,0,0,0,0,31,40,40,71,65476,0,300,0,0,8,21553,0.0,-107605600.0,0.0,0.0,0.0,0.0,0.0,0.0,0.0,0.0,0.0,0.0,0.0,0.0,0.0,0.0,0.0,0.0,0.0,0.0,0.0,0.0,-2.004,2.004,-0.0,-2.004,0.0,0.0,0.0,0.0,4473.0,-1.0406632763589053e+34,6943.0,0.0,0.0,-0.0,2.718428940004181e+23,0.0,0.0,0.0,0.0,69,0.0,0.0,0.0,0.0,0.0,0.0,0.0,0.0,0.0,0,0,0,0.0,0.0,0.0,0.0,0.0,0.0,0.0,0.0,0.0,0.0,0.0,0.0,0.0,0.0,0.0,0.0,0,-107875648.0,69,0.0,138,0.0,2.6474835549302285e+23,0,0,17087,13107,17103,0,17082,0,0,0,70,68,100,-0.0,82.4,-107615456.0,78.2,2.7302388193790272e+23,79.0,1,49,50,180,0,52429,0,0,0.0,0.0,0.0,0.0,-0.0,67.0,0.0,162057.094,0.0,980,0,1009,0,0,0,954,0,1036,0,931,0,792,0,784,0,823,0,7520,0.032,1.9484373427855714e+20,0.0,0.0,784,16797,-0.0,162057.094,-114818.039,-0.0,0.133,6.909358625270745e+28,30.0,70.0,35,0.0,0.0,0.0,0.0,0.0,0.0,0.0,0.0,0.0,0.0,0.0,0.0,0.0,0.0,0.0,0.0,66.0,0,150,71,52,65476,0,300,0,0,8,20529,65476,0,0,44564,70.0,0.0,0.0,0.0,0.0,0.0
2026-09-10T21:18:47,ERR,ERR,ERR,ERR,ERR,ERR,ERR,ERR,ERR,ERR,ERR,ERR,ERR,ERR,ERR,ERR,ERR,ERR,ERR,ERR,ERR,ERR,ERR,ERR,ERR,ERR,ERR,ERR,ERR,ERR,ERR,ERR,ERR,ERR,ERR,ERR,ERR,ERR,ERR,ERR,ERR,ERR,ERR,ERR,ERR,ERR,ERR,ERR,ERR,ERR,ERR,ERR,ERR,ERR,ERR,ERR,ERR,ERR,ERR,ERR,ERR,ERR,ERR,ERR,ERR,ERR,ERR,ERR,ERR,ERR,ERR,ERR,ERR,ERR,ERR,ERR,ERR,ERR,ERR,ERR,ERR,ERR,ERR,ERR,ERR,ERR,ERR,ERR,ERR,ERR,ERR,ERR,ERR,ERR,ERR,ERR,ERR,ERR,ERR,ERR,ERR,ERR,ERR,ERR,ERR,ERR,ERR,ERR,ERR,ERR,ERR,ERR,ERR,ERR,ERR,ERR,ERR,ERR,ERR,ERR,ERR,ERR,ERR,ERR,ERR,0.0,0.0,2.6474835549302285e+23,0.0,0.0,1.3936040501711995e+18,7.805,0.0,0,0,4,0,7116,0.0,100,0.0,0.0,0.0,0.0,0.0,0,0,0,0,0.0,0,0,0,0,0,0,0,0,0,0,0,0,0,0,0,0,0,0,0,0,0,0,0,0,0,0,0,0,0,0,0,0,0,31,40,40,71,65476,0,300,0,0,8,21553,0.0,-107605600.0,0.0,0.0,0.0,0.0,0.0,0.0,0.0,0.0,0.0,0.0,0.0,0.0,0.0,0.0,0.0,0.0,0.0,0.0,0.0,0.0,-2.004,2.004,-0.0,-2.004,0.0,0.0,0.0,0.0,4473.0,-1.0406632763589053e+34,6943.0,0.0,0.0,-0.0,2.718428940004181e+23,0.0,0.0,0.0,0.0,69,0.0,0.0,0.0,0.0,0.0,0.0,0.0,0.0,0.0,0,0,0,0.0,0.0,0.0,0.0,0.0,0.0,0.0,0.0,0.0,0.0,0.0,0.0,0.0,0.0,0.0,0.0,0,-107875648.0,69,0.0,138,0.0,2.6474835549302285e+23,0,0,17087,13107,17103,0,17082,0,0,0,70,68,100,-0.0,82.4,-107615456.0,78.2,2.7302388193790272e+23,79.0,1,49,50,180,0,52429,0,0,0.0,0.0,0.0,0.0,-0.0,67.0,0.0,162057.094,0.0,980,0,1009,0,0,0,954,0,1036,0,931,0,792,0,784,0,823,0,7520,0.032,1.9484373427855714e+20,0.0,0.0,784,16797,-0.0,162057.094,-114818.039,-0.0,0.133,6.909358625270745e+28,30.0,70.0,35,0.0,0.0,0.0,0.0,0.0,0.0,0.0,0.0,0.0,0.0,0.0,0.0,0.0,0.0,0.0,0.0,66.0,0,150,71,52,65476,0,300,0,0,8,20529,65476,0,0,44564,70.0,0.0,0.0,0.0,0.0,0.0
2026-09-10T21:18:48,ERR,ERR,ERR,ERR,ERR,ERR,ERR,ERR,ERR,ERR,ERR,ERR,ERR,ERR,ERR,ERR,ERR,ERR,ERR,ERR,ERR,ERR,ERR,ERR,ERR,ERR,ERR,ERR,ERR,ERR,ERR,ERR,ERR,ERR,ERR,ERR,ERR,ERR,ERR,ERR,ERR,ERR,ERR,ERR,ERR,ERR,ERR,ERR,ERR,ERR,ERR,ERR,ERR,ERR,ERR,ERR,ERR,ERR,ERR,ERR,ERR,ERR,ERR,ERR,ERR,ERR,ERR,ERR,ERR,ERR,ERR,ERR,ERR,ERR,ERR,ERR,ERR,ERR,ERR,ERR,ERR,ERR,ERR,ERR,ERR,ERR,ERR,ERR,ERR,ERR,ERR,ERR,ERR,ERR,ERR,ERR,ERR,ERR,ERR,ERR,ERR,ERR,ERR,ERR,ERR,ERR,ERR,ERR,ERR,ERR,ERR,ERR,ERR,ERR,ERR,ERR,ERR,ERR,ERR,ERR,ERR,ERR,ERR,ERR,ERR,0.0,0.0,2.6474835549302285e+23,0.0,0.0,1.3936040501711995e+18,7.805,0.0,0,0,4,0,7116,0.0,100,0.0,0.0,0.0,0.0,0.0,0,0,0,0,0.0,0,0,0,0,0,0,0,0,0,0,0,0,0,0,0,0,0,0,0,0,0,0,0,0,0,0,0,0,0,0,0,0,0,31,40,40,71,65476,0,300,0,0,8,21553,0.0,-107605600.0,0.0,0.0,0.0,0.0,0.0,0.0,0.0,0.0,0.0,0.0,0.0,0.0,0.0,0.0,0.0,0.0,0.0,0.0,0.0,0.0,-2.004,2.004,-0.0,-2.004,0.0,0.0,0.0,0.0,4473.0,-1.0406632763589053e+34,6943.0,0.0,0.0,-0.0,2.718428940004181e+23,0.0,0.0,0.0,0.0,69,0.0,0.0,0.0,0.0,0.0,0.0,0.0,0.0,0.0,0,0,0,0.0,0.0,0.0,0.0,0.0,0.0,0.0,0.0,0.0,0.0,0.0,0.0,0.0,0.0,0.0,0.0,0,-107875648.0,69,0.0,138,0.0,2.6474835549302285e+23,0,0,17087,13107,17103,0,17082,0,0,0,70,68,100,-0.0,82.4,-107615456.0,78.2,2.7302388193790272e+23,79.0,1,49,50,180,0,52429,0,0,0.0,0.0,0.0,0.0,-0.0,67.0,0.0,162057.094,0.0,980,0,1009,0,0,0,954,0,1036,0,931,0,792,0,784,0,823,0,7520,0.032,1.9484373427855714e+20,0.0,0.0,784,16797,-0.0,162057.094,-114818.039,-0.0,0.133,6.909358625270745e+28,30.0,70.0,35,0.0,0.0,0.0,0.0,0.0,0.0,0.0,0.0,0.0,0.0,0.0,0.0,0.0,0.0,0.0,0.0,66.0,0,150,71,52,65476,0,300,0,0,8,20529,65476,0,0,44564,70.0,0.0,0.0,0.0,0.0,0.0
2026-09-10T21:18:49,ERR,ERR,ERR,ERR,ERR,ERR,ERR,ERR,ERR,ERR,ERR,ERR,ERR,ERR,ERR,ERR,ERR,ERR,ERR,ERR,ERR,ERR,ERR,ERR,ERR,ERR,ERR,ERR,ERR,ERR,ERR,ERR,ERR,ERR,ERR,ERR,ERR,ERR,ERR,ERR,ERR,ERR,ERR,ERR,ERR,ERR,ERR,ERR,ERR,ERR,ERR,ERR,ERR,ERR,ERR,ERR,ERR,ERR,ERR,ERR,ERR,ERR,ERR,ERR,ERR,ERR,ERR,ERR,ERR,ERR,ERR,ERR,ERR,ERR,ERR,ERR,ERR,ERR,ERR,ERR,ERR,ERR,ERR,ERR,ERR,ERR,ERR,ERR,ERR,ERR,ERR,ERR,ERR,ERR,ERR,ERR,ERR,ERR,ERR,ERR,ERR,ERR,ERR,ERR,ERR,ERR,ERR,ERR,ERR,ERR,ERR,ERR,ERR,ERR,ERR,ERR,ERR,ERR,ERR,ERR,ERR,ERR,ERR,ERR,ERR,0.0,0.0,2.6474835549302285e+23,0.0,0.0,1.3936040501711995e+18,7.805,0.0,0,0,4,0,7116,0.0,100,0.0,0.0,0.0,0.0,0.0,0,0,0,0,0.0,0,0,0,0,0,0,0,0,0,0,0,0,0,0,0,0,0,0,0,0,0,0,0,0,0,0,0,0,0,0,0,0,0,31,40,40,71,65476,0,300,0,0,8,21553,0.0,-107605600.0,0.0,0.0,0.0,0.0,0.0,0.0,0.0,0.0,0.0,0.0,0.0,0.0,0.0,0.0,0.0,0.0,0.0,0.0,0.0,0.0,-2.004,2.004,-0.0,-2.004,0.0,0.0,0.0,0.0,4473.0,-1.0406632763589053e+34,6943.0,0.0,0.0,-0.0,2.718428940004181e+23,0.0,0.0,0.0,0.0,69,0.0,0.0,0.0,0.0,0.0,0.0,0.0,0.0,0.0,0,0,0,0.0,0.0,0.0,0.0,0.0,0.0,0.0,0.0,0.0,0.0,0.0,0.0,0.0,0.0,0.0,0.0,0,-107875648.0,69,0.0,138,0.0,2.6474835549302285e+23,0,52429,17086,13107,17103,0,17082,0,0,0,70,68,100,2.7302399002429377e+23,82.4,-107615456.0,78.2,2.7302388193790272e+23,79.0,1,49,50,180,0,52429,0,0,0.0,0.0,0.0,0.0,-0.0,67.0,0.0,162057.094,0.0,980,0,1009,0,0,0,954,0,1036,0,930,0,792,0,784,0,822,0,7520,0.032,1.95996655783164e+20,0.0,0.0,784,16797,-0.0,162057.094,-114818.039,-0.0,0.133,6.909358625270745e+28,30.0,70.0,35,0.0,0.0,0.0,0.0,0.0,0.0,0.0,0.0,0.0,0.0,0.0,0.0,0.0,0.0,0.0,0.0,66.0,0,150,71,52,65476,0,300,0,0,8,20529,65476,0,0,44564,70.0,0.0,0.0,0.0,0.0,0.0
2026-09-10T21:18:50,ERR,ERR,ERR,ERR,ERR,ERR,ERR,ERR,ERR,ERR,ERR,ERR,ERR,ERR,ERR,ERR,ERR,ERR,ERR,ERR,ERR,ERR,ERR,ERR,ERR,ERR,ERR,ERR,ERR,ERR,ERR,ERR,ERR,ERR,ERR,ERR,ERR,ERR,ERR,ERR,ERR,ERR,ERR,ERR,ERR,ERR,ERR,ERR,ERR,ERR,ERR,ERR,ERR,ERR,ERR,ERR,ERR,ERR,ERR,ERR,ERR,ERR,ERR,ERR,ERR,ERR,ERR,ERR,ERR,ERR,ERR,ERR,ERR,ERR,ERR,ERR,ERR,ERR,ERR,ERR,ERR,ERR,ERR,ERR,ERR,ERR,ERR,ERR,ERR,ERR,ERR,ERR,ERR,ERR,ERR,ERR,ERR,ERR,ERR,ERR,ERR,ERR,ERR,ERR,ERR,ERR,ERR,ERR,ERR,ERR,ERR,ERR,ERR,ERR,ERR,ERR,ERR,ERR,ERR,ERR,ERR,ERR,ERR,ERR,ERR,0.0,0.0,2.6474835549302285e+23,0.0,0.0,1.3936040501711995e+18,7.805,0.0,0,0,4,0,7116,0.0,100,0.0,0.0,0.0,0.0,0.0,0,0,0,0,0.0,0,0,0,0,0,0,0,0,0,0,0,0,0,0,0,0,0,0,0,0,0,0,0,0,0,0,0,0,0,0,0,0,0,31,40,40,71,65476,0,300,0,0,8,21553,0.0,-107605600.0,0.0,0.0,0.0,0.0,0.0,0.0,0.0,0.0,0.0,0.0,0.0,0.0,0.0,0.0,0.0,0.0,0.0,0.0,0.0,0.0,-2.004,2.004,-0.0,-2.004,0.0,0.0,0.0,0.0,4468.0,-2.4229830046158873e+24,6941.0,-107615312.0,0.0,-0.0,-0.0,0.0,0.0,0.0,0.0,69,0.0,0.0,0.0,0.0,0.0,0.0,0.0,0.0,0.0,0,0,0,0.0,0.0,0.0,0.0,0.0,0.0,0.0,0.0,0.0,0.0,0.0,0.0,0.0,0.0,0.0,0.0,0,-107875648.0,69,0.0,138,0.0,2.6474835549302285e+23,0,52429,17086,13107,17103,0,17082,0,0,0,70,68,100,2.7302399002429377e+23,82.4,-107615456.0,78.2,2.7302388193790272e+23,79.0,1,49,50,180,0,52429,0,0,0.0,0.0,0.0,0.0,-0.0,67.0,0.0,162057.094,0.0,980,0,1009,0,0,0,954,0,1036,0,930,0,792,0,784,0,822,0,7520,0.032,1.95996655783164e+20,0.0,0.0,784,16797,-0.0,162057.094,-114818.039,-0.0,0.133,6.909358625270745e+28,30.0,70.0,35,0.0,0.0,0.0,0.0,0.0,0.0,0.0,0.0,0.0,0.0,0.0,0.0,0.0,0.0,0.0,0.0,66.0,0,150,71,52,65476,0,300,0,0,8,20529,65476,0,0,44564,70.0,0.0,0.0,0.0,0.0,0.0
2026-09-10T21:18:51,ERR,ERR,ERR,ERR,ERR,ERR,ERR,ERR,ERR,ERR,ERR,ERR,ERR,ERR,ERR,ERR,ERR,ERR,ERR,ERR,ERR,ERR,ERR,ERR,ERR,ERR,ERR,ERR,ERR,ERR,ERR,ERR,ERR,ERR,ERR,ERR,ERR,ERR,ERR,ERR,ERR,ERR,ERR,ERR,ERR,ERR,ERR,ERR,ERR,ERR,ERR,ERR,ERR,ERR,ERR,ERR,ERR,ERR,ERR,ERR,ERR,ERR,ERR,ERR,ERR,ERR,ERR,ERR,ERR,ERR,ERR,ERR,ERR,ERR,ERR,ERR,ERR,ERR,ERR,ERR,ERR,ERR,ERR,ERR,ERR,ERR,ERR,ERR,ERR,ERR,ERR,ERR,ERR,ERR,ERR,ERR,ERR,ERR,ERR,ERR,ERR,ERR,ERR,ERR,ERR,ERR,ERR,ERR,ERR,ERR,ERR,ERR,ERR,ERR,ERR,ERR,ERR,ERR,ERR,ERR,ERR,ERR,ERR,ERR,ERR,0.0,0.0,2.6474835549302285e+23,0.0,0.0,1.3936040501711995e+18,7.805,0.0,0,0,4,0,7116,0.0,100,0.0,0.0,0.0,0.0,0.0,0,0,0,0,0.0,0,0,0,0,0,0,0,0,0,0,0,0,0,0,0,0,0,0,0,0,0,0,0,0,0,0,0,0,0,0,0,0,0,31,40,40,71,65476,0,300,0,0,8,21553,0.0,-107605600.0,0.0,0.0,0.0,0.0,0.0,0.0,0.0,0.0,0.0,0.0,0.0,0.0,0.0,0.0,0.0,0.0,0.0,0.0,0.0,0.0,-2.004,2.004,-0.0,-2.004,0.0,0.0,0.0,0.0,4468.0,-2.4229830046158873e+24,6941.0,-107615312.0,0.0,-0.0,-0.0,0.0,0.0,0.0,0.0,69,0.0,0.0,0.0,0.0,0.0,0.0,0.0,0.0,0.0,0,0,0,0.0,0.0,0.0,0.0,0.0,0.0,0.0,0.0,0.0,0.0,0.0,0.0,0.0,0.0,0.0,0.0,0,-107875648.0,69,0.0,138,0.0,2.6474835549302285e+23,0,52429,17086,13107,17103,0,17082,0,0,0,70,68,100,2.7302399002429377e+23,82.4,-107615456.0,78.2,2.7302388193790272e+23,79.0,1,49,50,180,0,52429,0,0,0.0,0.0,0.0,0.0,-0.0,67.0,0.0,162057.094,0.0,980,0,1009,0,0,0,954,0,1036,0,930,0,792,0,784,0,822,0,7520,0.032,1.95996655783164e+20,0.0,0.0,784,16797,-0.0,162057.094,-114818.039,-0.0,0.133,6.909358625270745e+28,30.0,70.0,35,0.0,0.0,0.0,0.0,0.0,0.0,0.0,0.0,0.0,0.0,0.0,0.0,0.0,0.0,0.0,0.0,66.0,0,150,71,52,65476,0,300,0,0,8,20529,65476,0,0,44564,70.0,0.0,0.0,0.0,0.0,0.0
2026-09-10T21:18:52,ERR,ERR,ERR,ERR,ERR,ERR,ERR,ERR,ERR,ERR,ERR,ERR,ERR,ERR,ERR,ERR,ERR,ERR,ERR,ERR,ERR,ERR,ERR,ERR,ERR,ERR,ERR,ERR,ERR,ERR,ERR,ERR,ERR,ERR,ERR,ERR,ERR,ERR,ERR,ERR,ERR,ERR,ERR,ERR,ERR,ERR,ERR,ERR,ERR,ERR,ERR,ERR,ERR,ERR,ERR,ERR,ERR,ERR,ERR,ERR,ERR,ERR,ERR,ERR,ERR,ERR,ERR,ERR,ERR,ERR,ERR,ERR,ERR,ERR,ERR,ERR,ERR,ERR,ERR,ERR,ERR,ERR,ERR,ERR,ERR,ERR,ERR,ERR,ERR,ERR,ERR,ERR,ERR,ERR,ERR,ERR,ERR,ERR,ERR,ERR,ERR,ERR,ERR,ERR,ERR,ERR,ERR,ERR,ERR,ERR,ERR,ERR,ERR,ERR,ERR,ERR,ERR,ERR,ERR,ERR,ERR,ERR,ERR,ERR,ERR,0.0,0.0,2.6474835549302285e+23,0.0,0.0,1.3936040501711995e+18,7.805,0.0,0,0,4,0,7116,0.0,100,0.0,0.0,0.0,0.0,0.0,0,0,0,0,0.0,0,0,0,0,0,0,0,0,0,0,0,0,0,0,0,0,0,0,0,0,0,0,0,0,0,0,0,0,0,0,0,0,0,31,40,40,71,65476,0,300,0,0,8,21553,0.0,-107605600.0,0.0,0.0,0.0,0.0,0.0,0.0,0.0,0.0,0.0,0.0,0.0,0.0,0.0,0.0,0.0,0.0,0.0,0.0,0.0,0.0,-2.004,2.004,-0.0,-2.004,0.0,0.0,0.0,0.0,4468.0,-2.4229830046158873e+24,6941.0,-107615312.0,0.0,-0.0,-0.0,0.0,0.0,0.0,0.0,69,0.0,0.0,0.0,0.0,0.0,0.0,0.0,0.0,0.0,0,0,0,0.0,0.0,0.0,0.0,0.0,0.0,0.0,0.0,0.0,0.0,0.0,0.0,0.0,0.0,0.0,0.0,0,-107875648.0,69,0.0,138,0.0,2.6474835549302285e+23,0,52429,17086,13107,17103,0,17082,0,0,0,70,68,100,2.7302399002429377e+23,82.4,-107615456.0,78.2,2.7302388193790272e+23,79.0,1,49,50,180,0,52429,0,0,0.0,0.0,0.0,0.0,-0.0,67.0,0.0,162057.094,0.0,980,0,1009,0,0,0,954,0,1036,0,930,0,792,0,784,0,822,0,7520,0.032,1.95996655783164e+20,0.0,0.0,784,16797,-0.0,162057.094,-114818.039,-0.0,0.133,6.909358625270745e+28,30.0,70.0,35,0.0,0.0,0.0,0.0,0.0,0.0,0.0,0.0,0.0,0.0,0.0,0.0,0.0,0.0,0.0,0.0,66.0,0,150,71,52,65476,0,300,0,0,8,20529,65476,0,0,44564,70.0,0.0,0.0,0.0,0.0,0.0
2026-09-10T21:18:53,ERR,ERR,ERR,ERR,ERR,ERR,ERR,ERR,ERR,ERR,ERR,ERR,ERR,ERR,ERR,ERR,ERR,ERR,ERR,ERR,ERR,ERR,ERR,ERR,ERR,ERR,ERR,ERR,ERR,ERR,ERR,ERR,ERR,ERR,ERR,ERR,ERR,ERR,ERR,ERR,ERR,ERR,ERR,ERR,ERR,ERR,ERR,ERR,ERR,ERR,ERR,ERR,ERR,ERR,ERR,ERR,ERR,ERR,ERR,ERR,ERR,ERR,ERR,ERR,ERR,ERR,ERR,ERR,ERR,ERR,ERR,ERR,ERR,ERR,ERR,ERR,ERR,ERR,ERR,ERR,ERR,ERR,ERR,ERR,ERR,ERR,ERR,ERR,ERR,ERR,ERR,ERR,ERR,ERR,ERR,ERR,ERR,ERR,ERR,ERR,ERR,ERR,ERR,ERR,ERR,ERR,ERR,ERR,ERR,ERR,ERR,ERR,ERR,ERR,ERR,ERR,ERR,ERR,ERR,ERR,ERR,ERR,ERR,ERR,ERR,0.0,0.0,2.6474835549302285e+23,0.0,0.0,1.3936040501711995e+18,7.805,0.0,0,0,4,0,7116,0.0,100,0.0,0.0,0.0,0.0,0.0,0,0,0,0,0.0,0,0,0,0,0,0,0,0,0,0,0,0,0,0,0,0,0,0,0,0,0,0,0,0,0,0,0,0,0,0,0,0,0,31,40,40,71,65476,0,300,0,0,8,21553,0.0,-107605600.0,0.0,0.0,0.0,0.0,0.0,0.0,0.0,0.0,0.0,0.0,0.0,0.0,0.0,0.0,0.0,0.0,0.0,0.0,0.0,0.0,-2.004,2.004,-0.0,-2.004,0.0,0.0,0.0,0.0,4468.0,-2.4229830046158873e+24,6941.0,-107615312.0,0.0,-0.0,-0.0,0.0,0.0,0.0,0.0,69,0.0,0.0,0.0,0.0,0.0,0.0,0.0,0.0,0.0,0,0,0,0.0,0.0,0.0,0.0,0.0,0.0,0.0,0.0,0.0,0.0,0.0,0.0,0.0,0.0,0.0,0.0,0,-107875648.0,69,0.0,138,0.0,2.6474835549302285e+23,0,52429,17086,13107,17103,0,17082,0,0,0,70,68,100,2.7302399002429377e+23,82.4,-107615456.0,78.2,2.7302388193790272e+23,79.0,1,49,50,180,0,52429,0,0,0.0,0.0,0.0,0.0,-0.0,67.0,0.0,162057.094,0.0,980,0,1009,0,0,0,954,0,1036,0,930,0,792,0,784,0,822,0,7520,0.032,1.95996655783164e+20,0.0,0.0,784,16797,-0.0,162057.094,-114818.039,-0.0,0.133,6.909358625270745e+28,30.0,70.0,35,0.0,0.0,0.0,0.0,0.0,0.0,0.0,0.0,0.0,0.0,0.0,0.0,0.0,0.0,0.0,0.0,66.0,0,150,71,52,65476,0,300,0,0,8,20529,65476,0,0,44564,70.0,0.0,0.0,0.0,0.0,0.0
2026-09-10T21:18:54,ERR,ERR,ERR,ERR,ERR,ERR,ERR,ERR,ERR,ERR,ERR,ERR,ERR,ERR,ERR,ERR,ERR,ERR,ERR,ERR,ERR,ERR,ERR,ERR,ERR,ERR,ERR,ERR,ERR,ERR,ERR,ERR,ERR,ERR,ERR,ERR,ERR,ERR,ERR,ERR,ERR,ERR,ERR,ERR,ERR,ERR,ERR,ERR,ERR,ERR,ERR,ERR,ERR,ERR,ERR,ERR,ERR,ERR,ERR,ERR,ERR,ERR,ERR,ERR,ERR,ERR,ERR,ERR,ERR,ERR,ERR,ERR,ERR,ERR,ERR,ERR,ERR,ERR,ERR,ERR,ERR,ERR,ERR,ERR,ERR,ERR,ERR,ERR,ERR,ERR,ERR,ERR,ERR,ERR,ERR,ERR,ERR,ERR,ERR,ERR,ERR,ERR,ERR,ERR,ERR,ERR,ERR,ERR,ERR,ERR,ERR,ERR,ERR,ERR,ERR,ERR,ERR,ERR,ERR,ERR,ERR,ERR,ERR,ERR,ERR,0.0,0.0,2.6474835549302285e+23,0.0,0.0,1.3936040501711995e+18,7.805,0.0,0,0,4,0,7116,0.0,100,0.0,0.0,0.0,0.0,0.0,0,0,0,0,0.0,0,0,0,0,0,0,0,0,0,0,0,0,0,0,0,0,0,0,0,0,0,0,0,0,0,0,0,0,0,0,0,0,0,31,40,40,71,65476,0,300,0,0,8,21553,0.0,-107605600.0,0.0,0.0,0.0,0.0,0.0,0.0,0.0,0.0,0.0,0.0,0.0,0.0,0.0,0.0,0.0,0.0,0.0,0.0,0.0,0.0,-2.004,2.004,-0.0,-2.004,0.0,0.0,0.0,0.0,4468.0,-2.4229830046158873e+24,6941.0,-107615312.0,0.0,-0.0,-0.0,0.0,0.0,0.0,0.0,69,0.0,0.0,0.0,0.0,0.0,0.0,0.0,0.0,0.0,0,0,0,0.0,0.0,0.0,0.0,0.0,0.0,0.0,0.0,0.0,0.0,0.0,0.0,0.0,0.0,0.0,0.0,0,-107875648.0,69,0.0,138,0.0,2.6474835549302285e+23,0,52429,17086,13107,17103,0,17082,0,0,0,70,68,100,2.7302399002429377e+23,82.4,-107615456.0,78.2,2.7302388193790272e+23,79.0,1,49,50,180,0,52429,0,0,0.0,0.0,0.0,0.0,-0.0,67.0,0.0,162057.094,0.0,980,0,1009,0,0,0,954,0,1036,0,930,0,792,0,784,0,822,0,7520,0.032,1.95996655783164e+20,0.0,0.0,784,16797,-0.0,162057.094,-114818.039,-0.0,0.133,6.909358625270745e+28,30.0,70.0,35,0.0,0.0,0.0,0.0,0.0,0.0,0.0,0.0,0.0,0.0,0.0,0.0,0.0,0.0,0.0,0.0,66.0,0,150,71,52,65476,0,300,0,0,8,20529,65476,0,0,44564,70.0,0.0,0.0,0.0,0.0,0.0
2026-09-10T21:18:55,ERR,ERR,ERR,ERR,ERR,ERR,ERR,ERR,ERR,ERR,ERR,ERR,ERR,ERR,ERR,ERR,ERR,ERR,ERR,ERR,ERR,ERR,ERR,ERR,ERR,ERR,ERR,ERR,ERR,ERR,ERR,ERR,ERR,ERR,ERR,ERR,ERR,ERR,ERR,ERR,ERR,ERR,ERR,ERR,ERR,ERR,ERR,ERR,ERR,ERR,ERR,ERR,ERR,ERR,ERR,ERR,ERR,ERR,ERR,ERR,ERR,ERR,ERR,ERR,ERR,ERR,ERR,ERR,ERR,ERR,ERR,ERR,ERR,ERR,ERR,ERR,ERR,ERR,ERR,ERR,ERR,ERR,ERR,ERR,ERR,ERR,ERR,ERR,ERR,ERR,ERR,ERR,ERR,ERR,ERR,ERR,ERR,ERR,ERR,ERR,ERR,ERR,ERR,ERR,ERR,ERR,ERR,ERR,ERR,ERR,ERR,ERR,ERR,ERR,ERR,ERR,ERR,ERR,ERR,ERR,ERR,ERR,ERR,ERR,ERR,0.0,0.0,2.6474835549302285e+23,0.0,0.0,1.3936040501711995e+18,7.805,0.0,0,0,4,0,7116,0.0,100,0.0,0.0,0.0,0.0,0.0,0,0,0,0,0.0,0,0,0,0,0,0,0,0,0,0,0,0,0,0,0,0,0,0,0,0,0,0,0,0,0,0,0,0,0,0,0,0,0,31,40,40,71,65476,0,300,0,0,8,21553,0.0,-107605600.0,0.0,0.0,0.0,0.0,0.0,0.0,0.0,0.0,0.0,0.0,0.0,0.0,0.0,0.0,0.0,0.0,0.0,0.0,0.0,0.0,-2.004,2.004,-0.0,-2.004,0.0,0.0,0.0,0.0,4468.0,-2.4229830046158873e+24,6941.0,-107615312.0,0.0,-0.0,-0.0,0.0,0.0,0.0,0.0,69,0.0,0.0,0.0,0.0,0.0,0.0,0.0,0.0,0.0,0,0,0,0.0,0.0,0.0,0.0,0.0,0.0,0.0,0.0,0.0,0.0,0.0,0.0,0.0,0.0,0.0,0.0,0,-107875648.0,69,0.0,138,0.0,2.6474835549302285e+23,0,52429,17086,13107,17103,0,17082,0,0,0,70,68,100,2.7302399002429377e+23,82.4,-107615456.0,78.2,2.7302388193790272e+23,79.0,1,49,50,180,0,52429,0,0,0.0,0.0,0.0,0.0,-0.0,67.0,0.0,162057.094,0.0,980,0,1009,0,0,0,954,0,1036,0,930,0,792,0,784,0,822,0,7520,0.032,1.95996655783164e+20,0.0,0.0,784,16797,-0.0,162057.094,-114818.039,-0.0,0.133,6.909358625270745e+28,30.0,70.0,35,0.0,0.0,0.0,0.0,0.0,0.0,0.0,0.0,0.0,0.0,0.0,0.0,0.0,0.0,0.0,0.0,66.0,0,150,71,52,65476,0,300,0,0,8,20529,65476,0,0,44564,70.0,0.0,0.0,0.0,0.0,0.0
2026-09-10T21:18:56,ERR,ERR,ERR,ERR,ERR,ERR,ERR,ERR,ERR,ERR,ERR,ERR,ERR,ERR,ERR,ERR,ERR,ERR,ERR,ERR,ERR,ERR,ERR,ERR,ERR,ERR,ERR,ERR,ERR,ERR,ERR,ERR,ERR,ERR,ERR,ERR,ERR,ERR,ERR,ERR,ERR,ERR,ERR,ERR,ERR,ERR,ERR,ERR,ERR,ERR,ERR,ERR,ERR,ERR,ERR,ERR,ERR,ERR,ERR,ERR,ERR,ERR,ERR,ERR,ERR,ERR,ERR,ERR,ERR,ERR,ERR,ERR,ERR,ERR,ERR,ERR,ERR,ERR,ERR,ERR,ERR,ERR,ERR,ERR,ERR,ERR,ERR,ERR,ERR,ERR,ERR,ERR,ERR,ERR,ERR,ERR,ERR,ERR,ERR,ERR,ERR,ERR,ERR,ERR,ERR,ERR,ERR,ERR,ERR,ERR,ERR,ERR,ERR,ERR,ERR,ERR,ERR,ERR,ERR,ERR,ERR,ERR,ERR,ERR,ERR,0.0,0.0,2.6474835549302285e+23,0.0,0.0,1.3936040501711995e+18,7.805,0.0,0,0,4,0,7116,0.0,100,0.0,0.0,0.0,0.0,0.0,0,0,0,0,0.0,0,0,0,0,0,0,0,0,0,0,0,0,0,0,0,0,0,0,0,0,0,0,0,0,0,0,0,0,0,0,0,0,0,31,40,40,71,65476,0,300,0,0,8,21553,0.0,-107605600.0,0.0,0.0,0.0,0.0,0.0,0.0,0.0,0.0,0.0,0.0,0.0,0.0,0.0,0.0,0.0,0.0,0.0,0.0,0.0,0.0,-2.004,2.004,-0.0,-2.004,0.0,0.0,0.0,0.0,4468.0,-2.4229830046158873e+24,6941.0,-107615312.0,0.0,-0.0,-0.0,0.0,0.0,0.0,0.0,69,0.0,0.0,0.0,0.0,0.0,0.0,0.0,0.0,0.0,0,0,0,0.0,0.0,0.0,0.0,0.0,0.0,0.0,0.0,0.0,0.0,0.0,0.0,0.0,0.0,0.0,0.0,0,-107875648.0,69,0.0,138,0.0,2.6474835549302285e+23,0,52429,17086,13107,17103,0,17082,0,0,0,70,68,100,2.7302399002429377e+23,82.4,-107615456.0,78.2,2.7302388193790272e+23,79.0,1,49,50,180,0,52429,0,0,0.0,0.0,0.0,0.0,-0.0,67.0,0.0,162057.094,0.0,980,0,1009,0,0,0,954,0,1036,0,930,0,792,0,784,0,822,0,7520,0.032,1.95996655783164e+20,0.0,0.0,784,16797,-0.0,162057.094,-114818.039,-0.0,0.133,6.909358625270745e+28,30.0,70.0,35,0.0,0.0,0.0,0.0,0.0,0.0,0.0,0.0,0.0,0.0,0.0,0.0,0.0,0.0,0.0,0.0,66.0,0,150,71,52,65476,0,300,0,0,8,20529,65476,0,0,44564,70.0,0.0,0.0,0.0,0.0,0.0
2026-09-10T21:18:57,ERR,ERR,ERR,ERR,ERR,ERR,ERR,ERR,ERR,ERR,ERR,ERR,ERR,ERR,ERR,ERR,ERR,ERR,ERR,ERR,ERR,ERR,ERR,ERR,ERR,ERR,ERR,ERR,ERR,ERR,ERR,ERR,ERR,ERR,ERR,ERR,ERR,ERR,ERR,ERR,ERR,ERR,ERR,ERR,ERR,ERR,ERR,ERR,ERR,ERR,ERR,ERR,ERR,ERR,ERR,ERR,ERR,ERR,ERR,ERR,ERR,ERR,ERR,ERR,ERR,ERR,ERR,ERR,ERR,ERR,ERR,ERR,ERR,ERR,ERR,ERR,ERR,ERR,ERR,ERR,ERR,ERR,ERR,ERR,ERR,ERR,ERR,ERR,ERR,ERR,ERR,ERR,ERR,ERR,ERR,ERR,ERR,ERR,ERR,ERR,ERR,ERR,ERR,ERR,ERR,ERR,ERR,ERR,ERR,ERR,ERR,ERR,ERR,ERR,ERR,ERR,ERR,ERR,ERR,ERR,ERR,ERR,ERR,ERR,ERR,0.0,0.0,2.6474835549302285e+23,0.0,0.0,1.3936040501711995e+18,7.805,0.0,0,0,4,0,7116,0.0,100,0.0,0.0,0.0,0.0,0.0,0,0,0,0,0.0,0,0,0,0,0,0,0,0,0,0,0,0,0,0,0,0,0,0,0,0,0,0,0,0,0,0,0,0,0,0,0,0,0,31,40,40,71,65476,0,300,0,0,8,21553,0.0,-107605600.0,0.0,0.0,0.0,0.0,0.0,0.0,0.0,0.0,0.0,0.0,0.0,0.0,0.0,0.0,0.0,0.0,0.0,0.0,0.0,0.0,-2.004,2.004,-0.0,-2.004,0.0,0.0,0.0,0.0,4468.0,-2.4229830046158873e+24,6941.0,-107615312.0,0.0,-0.0,-0.0,0.0,0.0,0.0,0.0,69,0.0,0.0,0.0,0.0,0.0,0.0,0.0,0.0,0.0,0,0,0,0.0,0.0,0.0,0.0,0.0,0.0,0.0,0.0,0.0,0.0,0.0,0.0,0.0,0.0,0.0,0.0,0,-107875648.0,69,0.0,138,0.0,2.6474835549302285e+23,0,52429,17086,13107,17103,0,17082,0,0,0,70,68,100,2.7302399002429377e+23,82.4,-107615456.0,78.2,2.7302388193790272e+23,79.0,1,49,50,180,0,52429,0,0,0.0,0.0,0.0,0.0,-0.0,67.0,0.0,162057.094,0.0,980,0,1009,0,0,0,954,0,1036,0,930,0,792,0,784,0,822,0,7520,0.032,1.95996655783164e+20,0.0,0.0,784,16797,-0.0,162057.094,-114818.039,-0.0,0.133,6.909358625270745e+28,30.0,70.0,35,0.0,0.0,0.0,0.0,0.0,0.0,0.0,0.0,0.0,0.0,0.0,0.0,0.0,0.0,0.0,0.0,66.0,0,150,71,52,65476,0,300,0,0,8,20529,65476,0,0,44564,70.0,0.0,0.0,0.0,0.0,0.0
2026-09-10T21:18:58,ERR,ERR,ERR,ERR,ERR,ERR,ERR,ERR,ERR,ERR,ERR,ERR,ERR,ERR,ERR,ERR,ERR,ERR,ERR,ERR,ERR,ERR,ERR,ERR,ERR,ERR,ERR,ERR,ERR,ERR,ERR,ERR,ERR,ERR,ERR,ERR,ERR,ERR,ERR,ERR,ERR,ERR,ERR,ERR,ERR,ERR,ERR,ERR,ERR,ERR,ERR,ERR,ERR,ERR,ERR,ERR,ERR,ERR,ERR,ERR,ERR,ERR,ERR,ERR,ERR,ERR,ERR,ERR,ERR,ERR,ERR,ERR,ERR,ERR,ERR,ERR,ERR,ERR,ERR,ERR,ERR,ERR,ERR,ERR,ERR,ERR,ERR,ERR,ERR,ERR,ERR,ERR,ERR,ERR,ERR,ERR,ERR,ERR,ERR,ERR,ERR,ERR,ERR,ERR,ERR,ERR,ERR,ERR,ERR,ERR,ERR,ERR,ERR,ERR,ERR,ERR,ERR,ERR,ERR,ERR,ERR,ERR,ERR,ERR,ERR,0.0,0.0,2.6474835549302285e+23,0.0,0.0,1.3936040501711995e+18,7.805,0.0,0,0,4,0,7116,0.0,100,0.0,0.0,0.0,0.0,0.0,0,0,0,0,0.0,0,0,0,0,0,0,0,0,0,0,0,0,0,0,0,0,0,0,0,0,0,0,0,0,0,0,0,0,0,0,0,0,0,31,40,40,71,65476,0,300,0,0,8,21553,0.0,-107605600.0,0.0,0.0,0.0,0.0,0.0,0.0,0.0,0.0,0.0,0.0,0.0,0.0,0.0,0.0,0.0,0.0,0.0,0.0,0.0,0.0,-2.004,2.004,-0.0,-2.004,0.0,0.0,0.0,0.0,4466.0,-3.697178656945629e+19,6942.0,0.0,0.0,-0.0,-0.0,0.0,0.0,0.0,0.0,69,-5.8480849975795215e+35,0.0,0.0,0.0,0.0,0.0,0.0,0.0,0.0,0,0,0,0.0,0.0,0.0,0.0,0.0,0.0,0.0,0.0,0.0,0.0,0.0,0.0,0.0,0.0,0.0,0.0,0,-107875648.0,69,0.0,138,0.0,2.6474835549302285e+23,0,52429,17086,13107,17103,0,17082,0,0,0,70,68,100,2.7302399002429377e+23,82.4,-107615456.0,78.2,2.7302388193790272e+23,79.0,1,49,50,180,0,52429,0,0,0.0,0.0,0.0,0.0,-0.0,67.0,0.0,162057.094,0.0,980,0,1009,0,0,0,954,0,1036,0,930,0,792,0,784,0,822,0,7520,0.032,1.95996655783164e+20,0.0,0.0,784,16797,-0.0,162057.094,-114818.039,-0.0,0.133,6.909358625270745e+28,30.0,70.0,35,0.0,0.0,0.0,0.0,0.0,0.0,0.0,0.0,0.0,0.0,0.0,0.0,0.0,0.0,0.0,0.0,66.0,0,150,71,52,65476,0,300,0,0,8,20529,65476,0,0,44564,70.0,0.0,0.0,0.0,0.0,0.0
2026-09-10T21:18:59,ERR,ERR,ERR,ERR,ERR,ERR,ERR,ERR,ERR,ERR,ERR,ERR,ERR,ERR,ERR,ERR,ERR,ERR,ERR,ERR,ERR,ERR,ERR,ERR,ERR,ERR,ERR,ERR,ERR,ERR,ERR,ERR,ERR,ERR,ERR,ERR,ERR,ERR,ERR,ERR,ERR,ERR,ERR,ERR,ERR,ERR,ERR,ERR,ERR,ERR,ERR,ERR,ERR,ERR,ERR,ERR,ERR,ERR,ERR,ERR,ERR,ERR,ERR,ERR,ERR,ERR,ERR,ERR,ERR,ERR,ERR,ERR,ERR,ERR,ERR,ERR,ERR,ERR,ERR,ERR,ERR,ERR,ERR,ERR,ERR,ERR,ERR,ERR,ERR,ERR,ERR,ERR,ERR,ERR,ERR,ERR,ERR,ERR,ERR,ERR,ERR,ERR,ERR,ERR,ERR,ERR,ERR,ERR,ERR,ERR,ERR,ERR,ERR,ERR,ERR,ERR,ERR,ERR,ERR,ERR,ERR,ERR,ERR,ERR,ERR,0.0,0.0,2.6474835549302285e+23,0.0,0.0,1.3936040501711995e+18,7.805,0.0,0,0,4,0,7116,0.0,100,0.0,0.0,0.0,0.0,0.0,0,0,0,0,0.0,0,0,0,0,0,0,0,0,0,0,0,0,0,0,0,0,0,0,0,0,0,0,0,0,0,0,0,0,0,0,0,0,0,31,40,40,71,65476,0,300,0,0,8,21553,0.0,-107605600.0,0.0,0.0,0.0,0.0,0.0,0.0,0.0,0.0,0.0,0.0,0.0,0.0,0.0,0.0,0.0,0.0,0.0,0.0,0.0,0.0,-2.004,2.004,-0.0,-2.004,0.0,0.0,0.0,0.0,4466.0,-3.697178656945629e+19,6942.0,0.0,0.0,-0.0,-0.0,0.0,0.0,0.0,0.0,69,-5.8480849975795215e+35,0.0,0.0,0.0,0.0,0.0,0.0,0.0,0.0,0,0,0,0.0,0.0,0.0,0.0,0.0,0.0,0.0,0.0,0.0,0.0,0.0,0.0,0.0,0.0,0.0,0.0,0,-107875648.0,69,0.0,138,0.0,2.6474835549302285e+23,0,52429,17086,13107,17103,0,17082,0,0,0,70,68,100,2.7302399002429377e+23,82.4,-107615456.0,78.2,2.7302388193790272e+23,79.0,1,49,50,180,0,52429,0,0,0.0,0.0,0.0,0.0,-0.0,67.0,0.0,162057.094,0.0,980,0,1009,0,0,0,954,0,1036,0,930,0,792,0,784,0,822,0,7520,0.032,1.95996655783164e+20,0.0,0.0,784,16797,-0.0,162057.094,-114818.039,-0.0,0.133,6.909358625270745e+28,30.0,70.0,35,0.0,0.0,0.0,0.0,0.0,0.0,0.0,0.0,0.0,0.0,0.0,0.0,0.0,0.0,0.0,0.0,66.0,0,150,71,52,65476,0,300,0,0,8,20529,65476,0,0,44564,70.0,0.0,0.0,0.0,0.0,0.0
2026-09-10T21:19:00,ERR,ERR,ERR,ERR,ERR,ERR,ERR,ERR,ERR,ERR,ERR,ERR,ERR,ERR,ERR,ERR,ERR,ERR,ERR,ERR,ERR,ERR,ERR,ERR,ERR,ERR,ERR,ERR,ERR,ERR,ERR,ERR,ERR,ERR,ERR,ERR,ERR,ERR,ERR,ERR,ERR,ERR,ERR,ERR,ERR,ERR,ERR,ERR,ERR,ERR,ERR,ERR,ERR,ERR,ERR,ERR,ERR,ERR,ERR,ERR,ERR,ERR,ERR,ERR,ERR,ERR,ERR,ERR,ERR,ERR,ERR,ERR,ERR,ERR,ERR,ERR,ERR,ERR,ERR,ERR,ERR,ERR,ERR,ERR,ERR,ERR,ERR,ERR,ERR,ERR,ERR,ERR,ERR,ERR,ERR,ERR,ERR,ERR,ERR,ERR,ERR,ERR,ERR,ERR,ERR,ERR,ERR,ERR,ERR,ERR,ERR,ERR,ERR,ERR,ERR,ERR,ERR,ERR,ERR,ERR,ERR,ERR,ERR,ERR,ERR,0.0,0.0,2.6474835549302285e+23,0.0,0.0,1.3936040501711995e+18,7.805,0.0,0,0,4,0,7116,0.0,100,0.0,0.0,0.0,0.0,0.0,0,0,0,0,0.0,0,0,0,0,0,0,0,0,0,0,0,0,0,0,0,0,0,0,0,0,0,0,0,0,0,0,0,0,0,0,0,0,0,31,40,40,71,65476,0,300,0,0,8,21553,0.0,-107605600.0,0.0,0.0,0.0,0.0,0.0,0.0,0.0,0.0,0.0,0.0,0.0,0.0,0.0,0.0,0.0,0.0,0.0,0.0,0.0,0.0,-2.004,2.004,-0.0,-2.004,0.0,0.0,0.0,0.0,4466.0,-3.697178656945629e+19,6942.0,0.0,0.0,-0.0,-0.0,0.0,0.0,0.0,0.0,69,-5.8480849975795215e+35,0.0,0.0,0.0,0.0,0.0,0.0,0.0,0.0,0,0,0,0.0,0.0,0.0,0.0,0.0,0.0,0.0,0.0,0.0,0.0,0.0,0.0,0.0,0.0,0.0,0.0,0,-107875648.0,69,0.0,138,0.0,2.6474835549302285e+23,0,52429,17086,13107,17103,0,17082,0,0,0,70,68,100,2.7302399002429377e+23,82.4,-107615456.0,78.2,2.7302388193790272e+23,79.0,1,49,50,180,0,52429,0,0,0.0,0.0,0.0,0.0,-0.0,67.0,0.0,162057.094,0.0,980,0,1009,0,0,0,954,0,1036,0,930,0,792,0,784,0,822,0,7520,0.032,1.95996655783164e+20,0.0,0.0,784,16797,-0.0,162057.094,-114818.039,-0.0,0.133,6.909358625270745e+28,30.0,70.0,35,0.0,0.0,0.0,0.0,0.0,0.0,0.0,0.0,0.0,0.0,0.0,0.0,0.0,0.0,0.0,0.0,66.0,0,150,71,52,65476,0,300,0,0,8,20529,65476,0,0,44564,70.0,0.0,0.0,0.0,0.0,0.0
2026-09-10T21:19:01,ERR,ERR,ERR,ERR,ERR,ERR,ERR,ERR,ERR,ERR,ERR,ERR,ERR,ERR,ERR,ERR,ERR,ERR,ERR,ERR,ERR,ERR,ERR,ERR,ERR,ERR,ERR,ERR,ERR,ERR,ERR,ERR,ERR,ERR,ERR,ERR,ERR,ERR,ERR,ERR,ERR,ERR,ERR,ERR,ERR,ERR,ERR,ERR,ERR,ERR,ERR,ERR,ERR,ERR,ERR,ERR,ERR,ERR,ERR,ERR,ERR,ERR,ERR,ERR,ERR,ERR,ERR,ERR,ERR,ERR,ERR,ERR,ERR,ERR,ERR,ERR,ERR,ERR,ERR,ERR,ERR,ERR,ERR,ERR,ERR,ERR,ERR,ERR,ERR,ERR,ERR,ERR,ERR,ERR,ERR,ERR,ERR,ERR,ERR,ERR,ERR,ERR,ERR,ERR,ERR,ERR,ERR,ERR,ERR,ERR,ERR,ERR,ERR,ERR,ERR,ERR,ERR,ERR,ERR,ERR,ERR,ERR,ERR,ERR,ERR,0.0,0.0,2.6474835549302285e+23,0.0,0.0,1.3936040501711995e+18,7.805,0.0,0,0,4,0,7116,0.0,100,0.0,0.0,0.0,0.0,0.0,0,0,0,0,0.0,0,0,0,0,0,0,0,0,0,0,0,0,0,0,0,0,0,0,0,0,0,0,0,0,0,0,0,0,0,0,0,0,0,31,40,40,71,65476,0,300,0,0,8,21553,0.0,-107605600.0,0.0,0.0,0.0,0.0,0.0,0.0,0.0,0.0,0.0,0.0,0.0,0.0,0.0,0.0,0.0,0.0,0.0,0.0,0.0,0.0,-2.004,2.004,-0.0,-2.004,0.0,0.0,0.0,0.0,4466.0,-3.697178656945629e+19,6942.0,0.0,0.0,-0.0,-0.0,0.0,0.0,0.0,0.0,69,-5.8480849975795215e+35,0.0,0.0,0.0,0.0,0.0,0.0,0.0,0.0,0,0,0,0.0,0.0,0.0,0.0,0.0,0.0,0.0,0.0,0.0,0.0,0.0,0.0,0.0,0.0,0.0,0.0,0,-107875648.0,69,0.0,138,0.0,2.6474835549302285e+23,0,52429,17086,13107,17103,0,17082,0,0,0,70,68,100,2.7302399002429377e+23,82.4,-107615456.0,78.2,2.7302388193790272e+23,79.0,1,49,50,180,0,52429,0,0,0.0,0.0,0.0,0.0,-0.0,67.0,0.0,162057.094,0.0,980,0,1009,0,0,0,954,0,1035,0,930,0,792,0,784,0,823,0,7520,0.032,1.95996655783164e+20,0.0,0.0,784,16797,-0.0,162057.094,-114818.039,-0.0,0.133,6.909358625270745e+28,30.0,70.0,35,0.0,0.0,0.0,0.0,0.0,0.0,0.0,0.0,0.0,0.0,0.0,0.0,0.0,0.0,0.0,0.0,66.0,0,150,71,52,65476,0,300,0,0,8,20529,65476,0,0,44564,70.0,0.0,0.0,0.0,0.0,0.0
2026-09-10T21:19:02,ERR,ERR,ERR,ERR,ERR,ERR,ERR,ERR,ERR,ERR,ERR,ERR,ERR,ERR,ERR,ERR,ERR,ERR,ERR,ERR,ERR,ERR,ERR,ERR,ERR,ERR,ERR,ERR,ERR,ERR,ERR,ERR,ERR,ERR,ERR,ERR,ERR,ERR,ERR,ERR,ERR,ERR,ERR,ERR,ERR,ERR,ERR,ERR,ERR,ERR,ERR,ERR,ERR,ERR,ERR,ERR,ERR,ERR,ERR,ERR,ERR,ERR,ERR,ERR,ERR,ERR,ERR,ERR,ERR,ERR,ERR,ERR,ERR,ERR,ERR,ERR,ERR,ERR,ERR,ERR,ERR,ERR,ERR,ERR,ERR,ERR,ERR,ERR,ERR,ERR,ERR,ERR,ERR,ERR,ERR,ERR,ERR,ERR,ERR,ERR,ERR,ERR,ERR,ERR,ERR,ERR,ERR,ERR,ERR,ERR,ERR,ERR,ERR,ERR,ERR,ERR,ERR,ERR,ERR,ERR,ERR,ERR,ERR,ERR,ERR,0.0,0.0,2.6474835549302285e+23,0.0,0.0,1.3936040501711995e+18,7.805,0.0,0,0,4,0,7116,0.0,100,0.0,0.0,0.0,0.0,0.0,0,0,0,0,0.0,0,0,0,0,0,0,0,0,0,0,0,0,0,0,0,0,0,0,0,0,0,0,0,0,0,0,0,0,0,0,0,0,0,31,40,40,71,65476,0,300,0,0,8,21553,0.0,-107605600.0,0.0,0.0,0.0,0.0,0.0,0.0,0.0,0.0,0.0,0.0,0.0,0.0,0.0,0.0,0.0,0.0,0.0,0.0,0.0,0.0,-2.004,2.004,-0.0,-2.004,0.0,0.0,0.0,0.0,4466.0,-3.697178656945629e+19,6942.0,0.0,0.0,-0.0,-0.0,0.0,0.0,0.0,0.0,69,-5.8480849975795215e+35,0.0,0.0,0.0,0.0,0.0,0.0,0.0,0.0,0,0,0,0.0,0.0,0.0,0.0,0.0,0.0,0.0,0.0,0.0,0.0,0.0,0.0,0.0,0.0,0.0,0.0,0,-107875648.0,69,0.0,138,0.0,2.6474835549302285e+23,0,52429,17086,13107,17103,0,17082,0,0,0,70,68,100,2.7302399002429377e+23,82.4,-107615456.0,78.2,2.7302388193790272e+23,79.0,1,49,50,180,0,52429,0,0,0.0,0.0,0.0,0.0,-0.0,67.0,0.0,162057.094,0.0,980,0,1009,0,0,0,954,0,1035,0,930,0,792,0,784,0,823,0,7520,0.032,1.95996655783164e+20,0.0,0.0,784,16797,-0.0,162057.094,-114818.039,-0.0,0.133,6.909358625270745e+28,30.0,70.0,35,0.0,0.0,0.0,0.0,0.0,0.0,0.0,0.0,0.0,0.0,0.0,0.0,0.0,0.0,0.0,0.0,66.0,0,150,71,52,65476,0,300,0,0,8,20529,65476,0,0,44564,70.0,0.0,0.0,0.0,0.0,0.0
2026-09-10T21:19:03,ERR,ERR,ERR,ERR,ERR,ERR,ERR,ERR,ERR,ERR,ERR,ERR,ERR,ERR,ERR,ERR,ERR,ERR,ERR,ERR,ERR,ERR,ERR,ERR,ERR,ERR,ERR,ERR,ERR,ERR,ERR,ERR,ERR,ERR,ERR,ERR,ERR,ERR,ERR,ERR,ERR,ERR,ERR,ERR,ERR,ERR,ERR,ERR,ERR,ERR,ERR,ERR,ERR,ERR,ERR,ERR,ERR,ERR,ERR,ERR,ERR,ERR,ERR,ERR,ERR,ERR,ERR,ERR,ERR,ERR,ERR,ERR,ERR,ERR,ERR,ERR,ERR,ERR,ERR,ERR,ERR,ERR,ERR,ERR,ERR,ERR,ERR,ERR,ERR,ERR,ERR,ERR,ERR,ERR,ERR,ERR,ERR,ERR,ERR,ERR,ERR,ERR,ERR,ERR,ERR,ERR,ERR,ERR,ERR,ERR,ERR,ERR,ERR,ERR,ERR,ERR,ERR,ERR,ERR,ERR,ERR,ERR,ERR,ERR,ERR,0.0,0.0,2.6474835549302285e+23,0.0,0.0,1.3936040501711995e+18,7.805,0.0,0,0,4,0,7116,0.0,100,0.0,0.0,0.0,0.0,0.0,0,0,0,0,0.0,0,0,0,0,0,0,0,0,0,0,0,0,0,0,0,0,0,0,0,0,0,0,0,0,0,0,0,0,0,0,0,0,0,31,40,40,71,65476,0,300,0,0,8,21553,0.0,-107605600.0,0.0,0.0,0.0,0.0,0.0,0.0,0.0,0.0,0.0,0.0,0.0,0.0,0.0,0.0,0.0,0.0,0.0,0.0,0.0,0.0,-2.004,2.004,-0.0,-2.004,0.0,0.0,0.0,0.0,4466.0,-3.697178656945629e+19,6942.0,0.0,0.0,-0.0,-0.0,0.0,0.0,0.0,0.0,69,-5.8480849975795215e+35,0.0,0.0,0.0,0.0,0.0,0.0,0.0,0.0,0,0,0,0.0,0.0,0.0,0.0,0.0,0.0,0.0,0.0,0.0,0.0,0.0,0.0,0.0,0.0,0.0,0.0,0,-107875648.0,69,0.0,138,0.0,2.6474835549302285e+23,0,52429,17086,13107,17103,0,17082,0,0,0,70,68,100,2.7302399002429377e+23,82.4,-107615456.0,78.2,2.7302388193790272e+23,79.0,1,49,50,180,0,52429,0,0,0.0,0.0,0.0,0.0,-0.0,67.0,0.0,162057.094,0.0,980,0,1009,0,0,0,954,0,1035,0,930,0,792,0,784,0,823,0,7520,0.032,1.95996655783164e+20,0.0,0.0,784,16797,-0.0,162057.094,-114818.039,-0.0,0.133,6.909358625270745e+28,30.0,70.0,35,0.0,0.0,0.0,0.0,0.0,0.0,0.0,0.0,0.0,0.0,0.0,0.0,0.0,0.0,0.0,0.0,66.0,0,150,71,52,65476,0,300,0,0,8,20529,65476,0,0,44564,70.0,0.0,0.0,0.0,0.0,0.0
2026-09-10T21:19:04,ERR,ERR,ERR,ERR,ERR,ERR,ERR,ERR,ERR,ERR,ERR,ERR,ERR,ERR,ERR,ERR,ERR,ERR,ERR,ERR,ERR,ERR,ERR,ERR,ERR,ERR,ERR,ERR,ERR,ERR,ERR,ERR,ERR,ERR,ERR,ERR,ERR,ERR,ERR,ERR,ERR,ERR,ERR,ERR,ERR,ERR,ERR,ERR,ERR,ERR,ERR,ERR,ERR,ERR,ERR,ERR,ERR,ERR,ERR,ERR,ERR,ERR,ERR,ERR,ERR,ERR,ERR,ERR,ERR,ERR,ERR,ERR,ERR,ERR,ERR,ERR,ERR,ERR,ERR,ERR,ERR,ERR,ERR,ERR,ERR,ERR,ERR,ERR,ERR,ERR,ERR,ERR,ERR,ERR,ERR,ERR,ERR,ERR,ERR,ERR,ERR,ERR,ERR,ERR,ERR,ERR,ERR,ERR,ERR,ERR,ERR,ERR,ERR,ERR,ERR,ERR,ERR,ERR,ERR,ERR,ERR,ERR,ERR,ERR,ERR,0.0,0.0,2.6474835549302285e+23,0.0,0.0,1.3936040501711995e+18,7.805,0.0,0,0,4,0,7116,0.0,100,0.0,0.0,0.0,0.0,0.0,0,0,0,0,0.0,0,0,0,0,0,0,0,0,0,0,0,0,0,0,0,0,0,0,0,0,0,0,0,0,0,0,0,0,0,0,0,0,0,31,40,40,71,65476,0,300,0,0,8,21553,0.0,-107605600.0,0.0,0.0,0.0,0.0,0.0,0.0,0.0,0.0,0.0,0.0,0.0,0.0,0.0,0.0,0.0,0.0,0.0,0.0,0.0,0.0,-2.004,2.004,-0.0,-2.004,0.0,0.0,0.0,0.0,4466.0,-3.697178656945629e+19,6942.0,0.0,0.0,-0.0,-0.0,0.0,0.0,0.0,0.0,69,-5.8480849975795215e+35,0.0,0.0,0.0,0.0,0.0,0.0,0.0,0.0,0,0,0,0.0,0.0,0.0,0.0,0.0,0.0,0.0,0.0,0.0,0.0,0.0,0.0,0.0,0.0,0.0,0.0,0,-107875648.0,69,0.0,138,0.0,2.6474835549302285e+23,0,52429,17086,13107,17103,0,17082,0,0,0,70,68,100,2.7302399002429377e+23,82.4,-107615456.0,78.2,2.7302388193790272e+23,79.0,1,49,50,180,0,52429,0,0,0.0,0.0,0.0,0.0,-0.0,67.0,0.0,162057.094,0.0,980,0,1009,0,0,0,954,0,1035,0,930,0,792,0,784,0,823,0,7520,0.032,1.95996655783164e+20,0.0,0.0,784,16797,-0.0,162057.094,-114818.039,-0.0,0.133,6.909358625270745e+28,30.0,70.0,35,0.0,0.0,0.0,0.0,0.0,0.0,0.0,0.0,0.0,0.0,0.0,0.0,0.0,0.0,0.0,0.0,66.0,0,150,71,52,65476,0,300,0,0,8,20529,65476,0,0,44564,70.0,0.0,0.0,0.0,0.0,0.0
2026-09-10T21:19:05,ERR,ERR,ERR,ERR,ERR,ERR,ERR,ERR,ERR,ERR,ERR,ERR,ERR,ERR,ERR,ERR,ERR,ERR,ERR,ERR,ERR,ERR,ERR,ERR,ERR,ERR,ERR,ERR,ERR,ERR,ERR,ERR,ERR,ERR,ERR,ERR,ERR,ERR,ERR,ERR,ERR,ERR,ERR,ERR,ERR,ERR,ERR,ERR,ERR,ERR,ERR,ERR,ERR,ERR,ERR,ERR,ERR,ERR,ERR,ERR,ERR,ERR,ERR,ERR,ERR,ERR,ERR,ERR,ERR,ERR,ERR,ERR,ERR,ERR,ERR,ERR,ERR,ERR,ERR,ERR,ERR,ERR,ERR,ERR,ERR,ERR,ERR,ERR,ERR,ERR,ERR,ERR,ERR,ERR,ERR,ERR,ERR,ERR,ERR,ERR,ERR,ERR,ERR,ERR,ERR,ERR,ERR,ERR,ERR,ERR,ERR,ERR,ERR,ERR,ERR,ERR,ERR,ERR,ERR,ERR,ERR,ERR,ERR,ERR,ERR,0.0,0.0,2.6474835549302285e+23,0.0,0.0,1.3936040501711995e+18,7.805,0.0,0,0,4,0,7116,0.0,100,0.0,0.0,0.0,0.0,0.0,0,0,0,0,0.0,0,0,0,0,0,0,0,0,0,0,0,0,0,0,0,0,0,0,0,0,0,0,0,0,0,0,0,0,0,0,0,0,0,31,40,40,71,65476,0,300,0,0,8,21553,0.0,-107605600.0,0.0,0.0,0.0,0.0,0.0,0.0,0.0,0.0,0.0,0.0,0.0,0.0,0.0,0.0,0.0,0.0,0.0,0.0,0.0,0.0,-2.004,2.004,-0.0,-2.004,0.0,0.0,0.0,0.0,4466.0,-3.697178656945629e+19,6942.0,0.0,0.0,-0.0,-0.0,0.0,0.0,0.0,0.0,69,-5.8480849975795215e+35,0.0,0.0,0.0,0.0,0.0,0.0,0.0,0.0,0,0,0,0.0,0.0,0.0,0.0,0.0,0.0,0.0,0.0,0.0,0.0,0.0,0.0,0.0,0.0,0.0,0.0,0,-107875648.0,69,0.0,138,0.0,2.6474835549302285e+23,0,52429,17086,13107,17103,0,17082,0,0,0,70,68,100,2.7302399002429377e+23,82.4,-107615456.0,78.2,2.7302388193790272e+23,79.0,1,49,50,180,0,52429,0,0,0.0,0.0,0.0,0.0,-0.0,67.0,0.0,162057.094,0.0,980,0,1009,0,0,0,954,0,1035,0,930,0,792,0,784,0,823,0,7520,0.032,1.95996655783164e+20,0.0,0.0,784,16797,-0.0,162057.094,-114818.039,-0.0,0.133,6.909358625270745e+28,30.0,70.0,35,0.0,0.0,0.0,0.0,0.0,0.0,0.0,0.0,0.0,0.0,0.0,0.0,0.0,0.0,0.0,0.0,66.0,0,150,71,52,65476,0,300,0,0,8,20529,65476,0,0,44564,70.0,0.0,0.0,0.0,0.0,0.0
2026-09-10T21:19:06,ERR,ERR,ERR,ERR,ERR,ERR,ERR,ERR,ERR,ERR,ERR,ERR,ERR,ERR,ERR,ERR,ERR,ERR,ERR,ERR,ERR,ERR,ERR,ERR,ERR,ERR,ERR,ERR,ERR,ERR,ERR,ERR,ERR,ERR,ERR,ERR,ERR,ERR,ERR,ERR,ERR,ERR,ERR,ERR,ERR,ERR,ERR,ERR,ERR,ERR,ERR,ERR,ERR,ERR,ERR,ERR,ERR,ERR,ERR,ERR,ERR,ERR,ERR,ERR,ERR,ERR,ERR,ERR,ERR,ERR,ERR,ERR,ERR,ERR,ERR,ERR,ERR,ERR,ERR,ERR,ERR,ERR,ERR,ERR,ERR,ERR,ERR,ERR,ERR,ERR,ERR,ERR,ERR,ERR,ERR,ERR,ERR,ERR,ERR,ERR,ERR,ERR,ERR,ERR,ERR,ERR,ERR,ERR,ERR,ERR,ERR,ERR,ERR,ERR,ERR,ERR,ERR,ERR,ERR,ERR,ERR,ERR,ERR,ERR,ERR,0.0,0.0,2.6474835549302285e+23,0.0,0.0,1.3936040501711995e+18,7.805,0.0,0,0,4,0,7116,0.0,100,0.0,0.0,0.0,0.0,0.0,0,0,0,0,0.0,0,0,0,0,0,0,0,0,0,0,0,0,0,0,0,0,0,0,0,0,0,0,0,0,0,0,0,0,0,0,0,0,0,31,40,40,71,65476,0,300,0,0,8,21553,0.0,-107605600.0,0.0,0.0,0.0,0.0,0.0,0.0,0.0,0.0,0.0,0.0,0.0,0.0,0.0,0.0,0.0,0.0,0.0,0.0,0.0,0.0,-2.004,2.004,-0.0,-2.004,0.0,0.0,0.0,0.0,4470.0,-3.697178656945629e+19,6940.0,0.0,0.0,-0.0,-0.0,0.0,0.0,0.0,0.0,69,-4.950430145311814e+32,0.0,0.0,0.0,0.0,0.0,0.0,0.0,0.0,0,0,0,0.0,0.0,0.0,0.0,0.0,0.0,0.0,0.0,0.0,0.0,0.0,0.0,0.0,0.0,0.0,0.0,0,-107875648.0,69,0.0,138,0.0,2.6474835549302285e+23,0,52429,17086,13107,17103,0,17082,0,0,0,70,68,100,2.7302399002429377e+23,82.4,-107615456.0,78.2,2.7302388193790272e+23,79.0,1,49,50,180,0,52429,0,0,0.0,0.0,0.0,0.0,-0.0,67.0,0.0,162057.094,0.0,980,0,1009,0,0,0,954,0,1035,0,930,0,792,0,784,0,823,0,7520,0.032,1.95996655783164e+20,0.0,0.0,784,16797,-0.0,162057.094,-114818.039,-0.0,0.133,6.909358625270745e+28,30.0,70.0,35,0.0,0.0,0.0,0.0,0.0,0.0,0.0,0.0,0.0,0.0,0.0,0.0,0.0,0.0,0.0,0.0,66.0,0,150,71,52,65476,0,300,0,0,8,20529,65476,0,0,44564,70.0,0.0,0.0,0.0,0.0,0.0
2026-09-10T21:19:07,ERR,ERR,ERR,ERR,ERR,ERR,ERR,ERR,ERR,ERR,ERR,ERR,ERR,ERR,ERR,ERR,ERR,ERR,ERR,ERR,ERR,ERR,ERR,ERR,ERR,ERR,ERR,ERR,ERR,ERR,ERR,ERR,ERR,ERR,ERR,ERR,ERR,ERR,ERR,ERR,ERR,ERR,ERR,ERR,ERR,ERR,ERR,ERR,ERR,ERR,ERR,ERR,ERR,ERR,ERR,ERR,ERR,ERR,ERR,ERR,ERR,ERR,ERR,ERR,ERR,ERR,ERR,ERR,ERR,ERR,ERR,ERR,ERR,ERR,ERR,ERR,ERR,ERR,ERR,ERR,ERR,ERR,ERR,ERR,ERR,ERR,ERR,ERR,ERR,ERR,ERR,ERR,ERR,ERR,ERR,ERR,ERR,ERR,ERR,ERR,ERR,ERR,ERR,ERR,ERR,ERR,ERR,ERR,ERR,ERR,ERR,ERR,ERR,ERR,ERR,ERR,ERR,ERR,ERR,ERR,ERR,ERR,ERR,ERR,ERR,0.0,0.0,2.6474835549302285e+23,0.0,0.0,1.3936040501711995e+18,7.805,0.0,0,0,4,0,7116,0.0,100,0.0,0.0,0.0,0.0,0.0,0,0,0,0,0.0,0,0,0,0,0,0,0,0,0,0,0,0,0,0,0,0,0,0,0,0,0,0,0,0,0,0,0,0,0,0,0,0,0,31,40,40,71,65476,0,300,0,0,8,21553,0.0,-107605600.0,0.0,0.0,0.0,0.0,0.0,0.0,0.0,0.0,0.0,0.0,0.0,0.0,0.0,0.0,0.0,0.0,0.0,0.0,0.0,0.0,-2.004,2.004,-0.0,-2.004,0.0,0.0,0.0,0.0,4470.0,-3.697178656945629e+19,6940.0,0.0,0.0,-0.0,-0.0,0.0,0.0,0.0,0.0,69,-4.950430145311814e+32,0.0,0.0,0.0,0.0,0.0,0.0,0.0,0.0,0,0,0,0.0,0.0,0.0,0.0,0.0,0.0,0.0,0.0,0.0,0.0,0.0,0.0,0.0,0.0,0.0,0.0,0,-107875648.0,69,0.0,138,0.0,2.6474835549302285e+23,0,52429,17086,0,17103,0,17082,0,0,0,70,68,100,-0.0,82.4,-107615456.0,78.2,2.7302388193790272e+23,79.0,1,49,50,180,0,52429,0,0,0.0,0.0,0.0,0.0,-0.0,67.0,0.0,162057.094,0.0,980,0,1009,0,0,0,954,0,1035,0,930,0,792,0,784,0,822,0,7520,0.032,1.9714957728777083e+20,0.0,0.0,784,16797,-0.0,162057.094,-114818.039,-0.0,0.133,6.909358625270745e+28,30.0,70.0,35,0.0,0.0,0.0,0.0,0.0,0.0,0.0,0.0,0.0,0.0,0.0,0.0,0.0,0.0,0.0,0.0,66.4,0,150,71,52,65476,0,300,0,0,8,20529,65476,0,0,44564,70.0,0.0,0.0,0.0,0.0,0.0
2026-09-10T21:19:08,ERR,ERR,ERR,ERR,ERR,ERR,ERR,ERR,ERR,ERR,ERR,ERR,ERR,ERR,ERR,ERR,ERR,ERR,ERR,ERR,ERR,ERR,ERR,ERR,ERR,ERR,ERR,ERR,ERR,ERR,ERR,ERR,ERR,ERR,ERR,ERR,ERR,ERR,ERR,ERR,ERR,ERR,ERR,ERR,ERR,ERR,ERR,ERR,ERR,ERR,ERR,ERR,ERR,ERR,ERR,ERR,ERR,ERR,ERR,ERR,ERR,ERR,ERR,ERR,ERR,ERR,ERR,ERR,ERR,ERR,ERR,ERR,ERR,ERR,ERR,ERR,ERR,ERR,ERR,ERR,ERR,ERR,ERR,ERR,ERR,ERR,ERR,ERR,ERR,ERR,ERR,ERR,ERR,ERR,ERR,ERR,ERR,ERR,ERR,ERR,ERR,ERR,ERR,ERR,ERR,ERR,ERR,ERR,ERR,ERR,ERR,ERR,ERR,ERR,ERR,ERR,ERR,ERR,ERR,ERR,ERR,ERR,ERR,ERR,ERR,0.0,0.0,2.6474835549302285e+23,0.0,0.0,1.3936040501711995e+18,7.805,0.0,0,0,4,0,7116,0.0,100,0.0,0.0,0.0,0.0,0.0,0,0,0,0,0.0,0,0,0,0,0,0,0,0,0,0,0,0,0,0,0,0,0,0,0,0,0,0,0,0,0,0,0,0,0,0,0,0,0,31,40,40,71,65476,0,300,0,0,8,21553,0.0,-107605600.0,0.0,0.0,0.0,0.0,0.0,0.0,0.0,0.0,0.0,0.0,0.0,0.0,0.0,0.0,0.0,0.0,0.0,0.0,0.0,0.0,-2.004,2.004,-0.0,-2.004,0.0,0.0,0.0,0.0,4470.0,-3.697178656945629e+19,6940.0,0.0,0.0,-0.0,-0.0,0.0,0.0,0.0,0.0,69,-4.950430145311814e+32,0.0,0.0,0.0,0.0,0.0,0.0,0.0,0.0,0,0,0,0.0,0.0,0.0,0.0,0.0,0.0,0.0,0.0,0.0,0.0,0.0,0.0,0.0,0.0,0.0,0.0,0,-107875648.0,69,0.0,138,0.0,2.6474835549302285e+23,0,52429,17086,0,17103,0,17082,0,0,0,70,68,100,-0.0,82.4,-107615456.0,78.2,2.7302388193790272e+23,79.0,1,49,50,180,0,52429,0,0,0.0,0.0,0.0,0.0,-0.0,67.0,0.0,162057.094,0.0,980,0,1009,0,0,0,954,0,1035,0,930,0,792,0,784,0,822,0,7520,0.032,1.9714957728777083e+20,0.0,0.0,784,16797,-0.0,162057.094,-114818.039,-0.0,0.133,6.909358625270745e+28,30.0,70.0,35,0.0,0.0,0.0,0.0,0.0,0.0,0.0,0.0,0.0,0.0,0.0,0.0,0.0,0.0,0.0,0.0,66.4,0,150,71,52,65476,0,300,0,0,8,20529,65476,0,0,44564,70.0,0.0,0.0,0.0,0.0,0.0
2026-09-10T21:19:09,ERR,ERR,ERR,ERR,ERR,ERR,ERR,ERR,ERR,ERR,ERR,ERR,ERR,ERR,ERR,ERR,ERR,ERR,ERR,ERR,ERR,ERR,ERR,ERR,ERR,ERR,ERR,ERR,ERR,ERR,ERR,ERR,ERR,ERR,ERR,ERR,ERR,ERR,ERR,ERR,ERR,ERR,ERR,ERR,ERR,ERR,ERR,ERR,ERR,ERR,ERR,ERR,ERR,ERR,ERR,ERR,ERR,ERR,ERR,ERR,ERR,ERR,ERR,ERR,ERR,ERR,ERR,ERR,ERR,ERR,ERR,ERR,ERR,ERR,ERR,ERR,ERR,ERR,ERR,ERR,ERR,ERR,ERR,ERR,ERR,ERR,ERR,ERR,ERR,ERR,ERR,ERR,ERR,ERR,ERR,ERR,ERR,ERR,ERR,ERR,ERR,ERR,ERR,ERR,ERR,ERR,ERR,ERR,ERR,ERR,ERR,ERR,ERR,ERR,ERR,ERR,ERR,ERR,ERR,ERR,ERR,ERR,ERR,ERR,ERR,0.0,0.0,2.6474835549302285e+23,0.0,0.0,1.3936040501711995e+18,7.805,0.0,0,0,4,0,7116,0.0,100,0.0,0.0,0.0,0.0,0.0,0,0,0,0,0.0,0,0,0,0,0,0,0,0,0,0,0,0,0,0,0,0,0,0,0,0,0,0,0,0,0,0,0,0,0,0,0,0,0,31,40,40,71,65476,0,300,0,0,8,21553,0.0,-107605600.0,0.0,0.0,0.0,0.0,0.0,0.0,0.0,0.0,0.0,0.0,0.0,0.0,0.0,0.0,0.0,0.0,0.0,0.0,0.0,0.0,-2.004,2.004,-0.0,-2.004,0.0,0.0,0.0,0.0,4470.0,-3.697178656945629e+19,6940.0,0.0,0.0,-0.0,-0.0,0.0,0.0,0.0,0.0,69,-4.950430145311814e+32,0.0,0.0,0.0,0.0,0.0,0.0,0.0,0.0,0,0,0,0.0,0.0,0.0,0.0,0.0,0.0,0.0,0.0,0.0,0.0,0.0,0.0,0.0,0.0,0.0,0.0,0,-107875648.0,69,0.0,138,0.0,2.6474835549302285e+23,0,52429,17086,0,17103,0,17082,0,0,0,70,68,100,-0.0,82.4,-107615456.0,78.2,2.7302388193790272e+23,79.0,1,49,50,180,0,52429,0,0,0.0,0.0,0.0,0.0,-0.0,67.0,0.0,162057.094,0.0,980,0,1009,0,0,0,954,0,1035,0,930,0,792,0,784,0,822,0,7520,0.032,1.9714957728777083e+20,0.0,0.0,784,16797,-0.0,162057.094,-114818.039,-0.0,0.133,6.909358625270745e+28,30.0,70.0,35,0.0,0.0,0.0,0.0,0.0,0.0,0.0,0.0,0.0,0.0,0.0,0.0,0.0,0.0,0.0,0.0,66.0,0,150,71,52,65476,0,300,0,0,8,20529,65476,0,0,44564,70.0,0.0,0.0,0.0,0.0,0.0
2026-09-10T21:19:10,ERR,ERR,ERR,ERR,ERR,ERR,ERR,ERR,ERR,ERR,ERR,ERR,ERR,ERR,ERR,ERR,ERR,ERR,ERR,ERR,ERR,ERR,ERR,ERR,ERR,ERR,ERR,ERR,ERR,ERR,ERR,ERR,ERR,ERR,ERR,ERR,ERR,ERR,ERR,ERR,ERR,ERR,ERR,ERR,ERR,ERR,ERR,ERR,ERR,ERR,ERR,ERR,ERR,ERR,ERR,ERR,ERR,ERR,ERR,ERR,ERR,ERR,ERR,ERR,ERR,ERR,ERR,ERR,ERR,ERR,ERR,ERR,ERR,ERR,ERR,ERR,ERR,ERR,ERR,ERR,ERR,ERR,ERR,ERR,ERR,ERR,ERR,ERR,ERR,ERR,ERR,ERR,ERR,ERR,ERR,ERR,ERR,ERR,ERR,ERR,ERR,ERR,ERR,ERR,ERR,ERR,ERR,ERR,ERR,ERR,ERR,ERR,ERR,ERR,ERR,ERR,ERR,ERR,ERR,ERR,ERR,ERR,ERR,ERR,ERR,0.0,0.0,2.6474835549302285e+23,0.0,0.0,1.3936040501711995e+18,7.805,0.0,0,0,4,0,7116,0.0,100,0.0,0.0,0.0,0.0,0.0,0,0,0,0,0.0,0,0,0,0,0,0,0,0,0,0,0,0,0,0,0,0,0,0,0,0,0,0,0,0,0,0,0,0,0,0,0,0,0,31,40,40,71,65476,0,300,0,0,8,21553,0.0,-107605600.0,0.0,0.0,0.0,0.0,0.0,0.0,0.0,0.0,0.0,0.0,0.0,0.0,0.0,0.0,0.0,0.0,0.0,0.0,0.0,0.0,-2.004,2.004,-0.0,-2.004,0.0,0.0,0.0,0.0,4470.0,-3.697178656945629e+19,6940.0,0.0,0.0,-0.0,-0.0,0.0,0.0,0.0,0.0,69,-4.950430145311814e+32,0.0,0.0,0.0,0.0,0.0,0.0,0.0,0.0,0,0,0,0.0,0.0,0.0,0.0,0.0,0.0,0.0,0.0,0.0,0.0,0.0,0.0,0.0,0.0,0.0,0.0,0,-107875648.0,69,0.0,138,0.0,2.6474835549302285e+23,0,52429,17086,0,17103,0,17082,0,0,0,70,68,100,-0.0,82.4,-107615456.0,78.2,2.7302388193790272e+23,79.0,1,49,50,180,0,52429,0,0,0.0,0.0,0.0,0.0,-0.0,67.0,0.0,162057.094,0.0,980,0,1009,0,0,0,954,0,1035,0,930,0,792,0,784,0,822,0,7520,0.032,1.9714957728777083e+20,0.0,0.0,784,16797,-0.0,162057.094,-114818.039,-0.0,0.133,6.909358625270745e+28,30.0,70.0,35,0.0,0.0,0.0,0.0,0.0,0.0,0.0,0.0,0.0,0.0,0.0,0.0,0.0,0.0,0.0,0.0,66.0,0,150,71,52,65476,0,300,0,0,8,20529,65476,0,0,44564,70.0,0.0,0.0,0.0,0.0,0.0
2026-09-10T21:19:11,ERR,ERR,ERR,ERR,ERR,ERR,ERR,ERR,ERR,ERR,ERR,ERR,ERR,ERR,ERR,ERR,ERR,ERR,ERR,ERR,ERR,ERR,ERR,ERR,ERR,ERR,ERR,ERR,ERR,ERR,ERR,ERR,ERR,ERR,ERR,ERR,ERR,ERR,ERR,ERR,ERR,ERR,ERR,ERR,ERR,ERR,ERR,ERR,ERR,ERR,ERR,ERR,ERR,ERR,ERR,ERR,ERR,ERR,ERR,ERR,ERR,ERR,ERR,ERR,ERR,ERR,ERR,ERR,ERR,ERR,ERR,ERR,ERR,ERR,ERR,ERR,ERR,ERR,ERR,ERR,ERR,ERR,ERR,ERR,ERR,ERR,ERR,ERR,ERR,ERR,ERR,ERR,ERR,ERR,ERR,ERR,ERR,ERR,ERR,ERR,ERR,ERR,ERR,ERR,ERR,ERR,ERR,ERR,ERR,ERR,ERR,ERR,ERR,ERR,ERR,ERR,ERR,ERR,ERR,ERR,ERR,ERR,ERR,ERR,ERR,0.0,0.0,2.6474835549302285e+23,0.0,0.0,1.3936040501711995e+18,7.805,0.0,0,0,4,0,7116,0.0,100,0.0,0.0,0.0,0.0,0.0,0,0,0,0,0.0,0,0,0,0,0,0,0,0,0,0,0,0,0,0,0,0,0,0,0,0,0,0,0,0,0,0,0,0,0,0,0,0,0,31,40,40,71,65476,0,300,0,0,8,21553,0.0,-107605600.0,0.0,0.0,0.0,0.0,0.0,0.0,0.0,0.0,0.0,0.0,0.0,0.0,0.0,0.0,0.0,0.0,0.0,0.0,0.0,0.0,-2.004,2.004,-0.0,-2.004,0.0,0.0,0.0,0.0,4470.0,-3.697178656945629e+19,6940.0,0.0,0.0,-0.0,-0.0,0.0,0.0,0.0,0.0,69,-4.950430145311814e+32,0.0,0.0,0.0,0.0,0.0,0.0,0.0,0.0,0,0,0,0.0,0.0,0.0,0.0,0.0,0.0,0.0,0.0,0.0,0.0,0.0,0.0,0.0,0.0,0.0,0.0,0,-107875648.0,69,0.0,138,0.0,2.6474835549302285e+23,0,52429,17086,0,17103,0,17082,0,0,0,70,68,100,-0.0,82.4,-107615456.0,78.2,2.7302388193790272e+23,79.0,1,49,50,180,0,52429,0,0,0.0,0.0,0.0,0.0,-0.0,67.0,0.0,162057.094,0.0,980,0,1009,0,0,0,954,0,1035,0,930,0,792,0,784,0,822,0,7520,0.032,1.9714957728777083e+20,0.0,0.0,784,16797,-0.0,162057.094,-114818.039,-0.0,0.133,6.909358625270745e+28,30.0,70.0,35,0.0,0.0,0.0,0.0,0.0,0.0,0.0,0.0,0.0,0.0,0.0,0.0,0.0,0.0,0.0,0.0,66.0,0,150,71,52,65476,0,300,0,0,8,20529,65476,0,0,44564,70.0,0.0,0.0,0.0,0.0,0.0
2026-09-10T21:19:12,ERR,ERR,ERR,ERR,ERR,ERR,ERR,ERR,ERR,ERR,ERR,ERR,ERR,ERR,ERR,ERR,ERR,ERR,ERR,ERR,ERR,ERR,ERR,ERR,ERR,ERR,ERR,ERR,ERR,ERR,ERR,ERR,ERR,ERR,ERR,ERR,ERR,ERR,ERR,ERR,ERR,ERR,ERR,ERR,ERR,ERR,ERR,ERR,ERR,ERR,ERR,ERR,ERR,ERR,ERR,ERR,ERR,ERR,ERR,ERR,ERR,ERR,ERR,ERR,ERR,ERR,ERR,ERR,ERR,ERR,ERR,ERR,ERR,ERR,ERR,ERR,ERR,ERR,ERR,ERR,ERR,ERR,ERR,ERR,ERR,ERR,ERR,ERR,ERR,ERR,ERR,ERR,ERR,ERR,ERR,ERR,ERR,ERR,ERR,ERR,ERR,ERR,ERR,ERR,ERR,ERR,ERR,ERR,ERR,ERR,ERR,ERR,ERR,ERR,ERR,ERR,ERR,ERR,ERR,ERR,ERR,ERR,ERR,ERR,ERR,0.0,0.0,2.6474835549302285e+23,0.0,0.0,1.3936040501711995e+18,7.805,0.0,0,0,4,0,7116,0.0,100,0.0,0.0,0.0,0.0,0.0,0,0,0,0,0.0,0,0,0,0,0,0,0,0,0,0,0,0,0,0,0,0,0,0,0,0,0,0,0,0,0,0,0,0,0,0,0,0,0,31,40,40,71,65476,0,300,0,0,8,21553,0.0,-107605600.0,0.0,0.0,0.0,0.0,0.0,0.0,0.0,0.0,0.0,0.0,0.0,0.0,0.0,0.0,0.0,0.0,0.0,0.0,0.0,0.0,-2.004,2.004,-0.0,-2.004,0.0,0.0,0.0,0.0,4470.0,-3.697178656945629e+19,6940.0,0.0,0.0,-0.0,-0.0,0.0,0.0,0.0,0.0,69,-4.950430145311814e+32,0.0,0.0,0.0,0.0,0.0,0.0,0.0,0.0,0,0,0,0.0,0.0,0.0,0.0,0.0,0.0,0.0,0.0,0.0,0.0,0.0,0.0,0.0,0.0,0.0,0.0,0,-107875648.0,69,0.0,138,0.0,2.6474835549302285e+23,0,52429,17086,0,17103,0,17082,0,0,0,70,68,100,2.7302399002429377e+23,82.4,-107615456.0,78.2,2.7302388193790272e+23,79.0,1,49,50,180,0,52429,0,0,0.0,0.0,0.0,0.0,-0.0,67.0,0.0,162057.094,0.0,980,0,1009,0,0,0,954,0,1035,0,930,0,792,0,784,0,822,0,7520,0.032,1.9484373427855714e+20,0.0,0.0,784,16797,-0.0,162057.094,-114818.039,-0.0,0.133,6.909358625270745e+28,30.0,70.0,35,0.0,0.0,0.0,0.0,0.0,0.0,0.0,0.0,0.0,0.0,0.0,0.0,0.0,0.0,0.0,0.0,66.0,0,150,71,52,65476,0,300,0,0,8,20529,65476,0,0,44564,70.0,0.0,0.0,0.0,0.0,0.0
2026-09-10T21:19:13,ERR,ERR,ERR,ERR,ERR,ERR,ERR,ERR,ERR,ERR,ERR,ERR,ERR,ERR,ERR,ERR,ERR,ERR,ERR,ERR,ERR,ERR,ERR,ERR,ERR,ERR,ERR,ERR,ERR,ERR,ERR,ERR,ERR,ERR,ERR,ERR,ERR,ERR,ERR,ERR,ERR,ERR,ERR,ERR,ERR,ERR,ERR,ERR,ERR,ERR,ERR,ERR,ERR,ERR,ERR,ERR,ERR,ERR,ERR,ERR,ERR,ERR,ERR,ERR,ERR,ERR,ERR,ERR,ERR,ERR,ERR,ERR,ERR,ERR,ERR,ERR,ERR,ERR,ERR,ERR,ERR,ERR,ERR,ERR,ERR,ERR,ERR,ERR,ERR,ERR,ERR,ERR,ERR,ERR,ERR,ERR,ERR,ERR,ERR,ERR,ERR,ERR,ERR,ERR,ERR,ERR,ERR,ERR,ERR,ERR,ERR,ERR,ERR,ERR,ERR,ERR,ERR,ERR,ERR,ERR,ERR,ERR,ERR,ERR,ERR,0.0,0.0,2.6474835549302285e+23,0.0,0.0,1.3936040501711995e+18,7.805,0.0,0,0,4,0,7116,0.0,100,0.0,0.0,0.0,0.0,0.0,0,0,0,0,0.0,0,0,0,0,0,0,0,0,0,0,0,0,0,0,0,0,0,0,0,0,0,0,0,0,0,0,0,0,0,0,0,0,0,31,40,40,71,65476,0,300,0,0,8,21553,0.0,-107605600.0,0.0,0.0,0.0,0.0,0.0,0.0,0.0,0.0,0.0,0.0,0.0,0.0,0.0,0.0,0.0,0.0,0.0,0.0,0.0,0.0,-2.004,2.004,-0.0,-2.004,0.0,0.0,0.0,0.0,4471.0,-1.0406632763589053e+34,6912.0,0.0,0.0,-0.0,-0.0,0.0,0.0,0.0,0.0,69,0.0,0.0,0.0,0.0,0.0,0.0,0.0,0.0,0.0,0,0,0,0.0,0.0,0.0,0.0,0.0,0.0,0.0,0.0,0.0,0.0,0.0,0.0,0.0,0.0,0.0,0.0,0,-107875648.0,69,0.0,138,0.0,2.6474835549302285e+23,0,52429,17086,0,17103,0,17082,0,0,0,70,68,100,2.7302399002429377e+23,82.4,-107615456.0,78.2,2.7302388193790272e+23,79.0,1,49,50,180,0,52429,0,0,0.0,0.0,0.0,0.0,-0.0,67.0,0.0,162057.094,0.0,980,0,1009,0,0,0,954,0,1035,0,930,0,792,0,784,0,822,0,7520,0.032,1.9484373427855714e+20,0.0,0.0,784,16797,-0.0,162057.094,-114818.039,-0.0,0.133,6.909358625270745e+28,30.0,70.0,35,0.0,0.0,0.0,0.0,0.0,0.0,0.0,0.0,0.0,0.0,0.0,0.0,0.0,0.0,0.0,0.0,66.0,0,150,71,52,65476,0,300,0,0,8,20529,65476,0,0,44564,70.0,0.0,0.0,0.0,0.0,0.0
2026-09-10T21:19:14,ERR,ERR,ERR,ERR,ERR,ERR,ERR,ERR,ERR,ERR,ERR,ERR,ERR,ERR,ERR,ERR,ERR,ERR,ERR,ERR,ERR,ERR,ERR,ERR,ERR,ERR,ERR,ERR,ERR,ERR,ERR,ERR,ERR,ERR,ERR,ERR,ERR,ERR,ERR,ERR,ERR,ERR,ERR,ERR,ERR,ERR,ERR,ERR,ERR,ERR,ERR,ERR,ERR,ERR,ERR,ERR,ERR,ERR,ERR,ERR,ERR,ERR,ERR,ERR,ERR,ERR,ERR,ERR,ERR,ERR,ERR,ERR,ERR,ERR,ERR,ERR,ERR,ERR,ERR,ERR,ERR,ERR,ERR,ERR,ERR,ERR,ERR,ERR,ERR,ERR,ERR,ERR,ERR,ERR,ERR,ERR,ERR,ERR,ERR,ERR,ERR,ERR,ERR,ERR,ERR,ERR,ERR,ERR,ERR,ERR,ERR,ERR,ERR,ERR,ERR,ERR,ERR,ERR,ERR,ERR,ERR,ERR,ERR,ERR,ERR,0.0,0.0,2.6474835549302285e+23,0.0,0.0,1.3936040501711995e+18,7.805,0.0,0,0,4,0,7116,0.0,100,0.0,0.0,0.0,0.0,0.0,0,0,0,0,0.0,0,0,0,0,0,0,0,0,0,0,0,0,0,0,0,0,0,0,0,0,0,0,0,0,0,0,0,0,0,0,0,0,0,31,40,40,71,65476,0,300,0,0,8,21553,0.0,-107605600.0,0.0,0.0,0.0,0.0,0.0,0.0,0.0,0.0,0.0,0.0,0.0,0.0,0.0,0.0,0.0,0.0,0.0,0.0,0.0,0.0,-2.004,2.004,-0.0,-2.004,0.0,0.0,0.0,0.0,4471.0,-1.0406632763589053e+34,6912.0,0.0,0.0,-0.0,-0.0,0.0,0.0,0.0,0.0,69,0.0,0.0,0.0,0.0,0.0,0.0,0.0,0.0,0.0,0,0,0,0.0,0.0,0.0,0.0,0.0,0.0,0.0,0.0,0.0,0.0,0.0,0.0,0.0,0.0,0.0,0.0,0,-107875648.0,69,0.0,138,0.0,2.6474835549302285e+23,0,52429,17086,0,17103,0,17082,0,0,0,70,68,100,2.7302399002429377e+23,82.4,-107615456.0,78.2,2.7302388193790272e+23,79.0,1,49,50,180,0,52429,0,0,0.0,0.0,0.0,0.0,-0.0,67.0,0.0,162057.094,0.0,980,0,1009,0,0,0,954,0,1035,0,930,0,792,0,784,0,822,0,7520,0.032,1.9484373427855714e+20,0.0,0.0,784,16797,-0.0,162057.094,-114818.039,-0.0,0.133,6.909358625270745e+28,30.0,70.0,35,0.0,0.0,0.0,0.0,0.0,0.0,0.0,0.0,0.0,0.0,0.0,0.0,0.0,0.0,0.0,0.0,66.0,0,150,71,52,65476,0,300,0,0,8,20529,65476,0,0,44564,70.0,0.0,0.0,0.0,0.0,0.0
2026-09-10T21:19:15,ERR,ERR,ERR,ERR,ERR,ERR,ERR,ERR,ERR,ERR,ERR,ERR,ERR,ERR,ERR,ERR,ERR,ERR,ERR,ERR,ERR,ERR,ERR,ERR,ERR,ERR,ERR,ERR,ERR,ERR,ERR,ERR,ERR,ERR,ERR,ERR,ERR,ERR,ERR,ERR,ERR,ERR,ERR,ERR,ERR,ERR,ERR,ERR,ERR,ERR,ERR,ERR,ERR,ERR,ERR,ERR,ERR,ERR,ERR,ERR,ERR,ERR,ERR,ERR,ERR,ERR,ERR,ERR,ERR,ERR,ERR,ERR,ERR,ERR,ERR,ERR,ERR,ERR,ERR,ERR,ERR,ERR,ERR,ERR,ERR,ERR,ERR,ERR,ERR,ERR,ERR,ERR,ERR,ERR,ERR,ERR,ERR,ERR,ERR,ERR,ERR,ERR,ERR,ERR,ERR,ERR,ERR,ERR,ERR,ERR,ERR,ERR,ERR,ERR,ERR,ERR,ERR,ERR,ERR,ERR,ERR,ERR,ERR,ERR,ERR,0.0,0.0,2.6474835549302285e+23,0.0,0.0,1.3936040501711995e+18,7.805,0.0,0,0,4,0,7116,0.0,100,0.0,0.0,0.0,0.0,0.0,0,0,0,0,0.0,0,0,0,0,0,0,0,0,0,0,0,0,0,0,0,0,0,0,0,0,0,0,0,0,0,0,0,0,0,0,0,0,0,31,40,40,71,65476,0,300,0,0,8,21553,0.0,-107605600.0,0.0,0.0,0.0,0.0,0.0,0.0,0.0,0.0,0.0,0.0,0.0,0.0,0.0,0.0,0.0,0.0,0.0,0.0,0.0,0.0,-2.004,2.004,-0.0,-2.004,0.0,0.0,0.0,0.0,4471.0,-1.0406632763589053e+34,6912.0,0.0,0.0,-0.0,-0.0,0.0,0.0,0.0,0.0,69,0.0,0.0,0.0,0.0,0.0,0.0,0.0,0.0,0.0,0,0,0,0.0,0.0,0.0,0.0,0.0,0.0,0.0,0.0,0.0,0.0,0.0,0.0,0.0,0.0,0.0,0.0,0,-107875648.0,69,0.0,138,0.0,2.6474835549302285e+23,0,52429,17086,0,17103,0,17082,0,0,0,70,68,100,2.7302399002429377e+23,82.4,-107615456.0,78.2,2.7302388193790272e+23,79.0,1,49,50,180,0,52429,0,0,0.0,0.0,0.0,0.0,-0.0,67.0,0.0,162057.094,0.0,980,0,1009,0,0,0,954,0,1035,0,930,0,792,0,784,0,822,0,7520,0.032,1.9484373427855714e+20,0.0,0.0,784,16797,-0.0,162057.094,-114818.039,-0.0,0.133,6.909358625270745e+28,30.0,70.0,35,0.0,0.0,0.0,0.0,0.0,0.0,0.0,0.0,0.0,0.0,0.0,0.0,0.0,0.0,0.0,0.0,66.0,0,150,71,52,65476,0,300,0,0,8,20529,65476,0,0,44564,70.0,0.0,0.0,0.0,0.0,0.0
2026-09-10T21:19:16,ERR,ERR,ERR,ERR,ERR,ERR,ERR,ERR,ERR,ERR,ERR,ERR,ERR,ERR,ERR,ERR,ERR,ERR,ERR,ERR,ERR,ERR,ERR,ERR,ERR,ERR,ERR,ERR,ERR,ERR,ERR,ERR,ERR,ERR,ERR,ERR,ERR,ERR,ERR,ERR,ERR,ERR,ERR,ERR,ERR,ERR,ERR,ERR,ERR,ERR,ERR,ERR,ERR,ERR,ERR,ERR,ERR,ERR,ERR,ERR,ERR,ERR,ERR,ERR,ERR,ERR,ERR,ERR,ERR,ERR,ERR,ERR,ERR,ERR,ERR,ERR,ERR,ERR,ERR,ERR,ERR,ERR,ERR,ERR,ERR,ERR,ERR,ERR,ERR,ERR,ERR,ERR,ERR,ERR,ERR,ERR,ERR,ERR,ERR,ERR,ERR,ERR,ERR,ERR,ERR,ERR,ERR,ERR,ERR,ERR,ERR,ERR,ERR,ERR,ERR,ERR,ERR,ERR,ERR,ERR,ERR,ERR,ERR,ERR,ERR,0.0,0.0,2.6474835549302285e+23,0.0,0.0,1.3936040501711995e+18,7.805,0.0,0,0,4,0,7116,0.0,100,0.0,0.0,0.0,0.0,0.0,0,0,0,0,0.0,0,0,0,0,0,0,0,0,0,0,0,0,0,0,0,0,0,0,0,0,0,0,0,0,0,0,0,0,0,0,0,0,0,31,40,40,71,65476,0,300,0,0,8,21553,0.0,-107605600.0,0.0,0.0,0.0,0.0,0.0,0.0,0.0,0.0,0.0,0.0,0.0,0.0,0.0,0.0,0.0,0.0,0.0,0.0,0.0,0.0,-2.004,2.004,-0.0,-2.004,0.0,0.0,0.0,0.0,4471.0,-1.0406632763589053e+34,6912.0,0.0,0.0,-0.0,-0.0,0.0,0.0,0.0,0.0,69,0.0,0.0,0.0,0.0,0.0,0.0,0.0,0.0,0.0,0,0,0,0.0,0.0,0.0,0.0,0.0,0.0,0.0,0.0,0.0,0.0,0.0,0.0,0.0,0.0,0.0,0.0,0,-107875648.0,69,0.0,138,0.0,2.6474835549302285e+23,0,52429,17086,0,17103,0,17082,0,0,0,70,68,100,2.7302399002429377e+23,82.4,-107615456.0,78.2,2.7302388193790272e+23,79.0,1,49,50,180,0,52429,0,0,0.0,0.0,0.0,0.0,-0.0,67.0,0.0,162057.094,0.0,980,0,1009,0,0,0,954,0,1035,0,930,0,792,0,784,0,822,0,7520,0.032,1.9484373427855714e+20,0.0,0.0,784,16797,-0.0,162057.094,-114818.039,-0.0,0.133,6.909358625270745e+28,30.0,70.0,35,0.0,0.0,0.0,0.0,0.0,0.0,0.0,0.0,0.0,0.0,0.0,0.0,0.0,0.0,0.0,0.0,66.0,0,150,71,52,65476,0,300,0,0,8,20529,65476,0,0,44564,70.0,0.0,0.0,0.0,0.0,0.0
2026-09-10T21:19:17,ERR,ERR,ERR,ERR,ERR,ERR,ERR,ERR,ERR,ERR,ERR,ERR,ERR,ERR,ERR,ERR,ERR,ERR,ERR,ERR,ERR,ERR,ERR,ERR,ERR,ERR,ERR,ERR,ERR,ERR,ERR,ERR,ERR,ERR,ERR,ERR,ERR,ERR,ERR,ERR,ERR,ERR,ERR,ERR,ERR,ERR,ERR,ERR,ERR,ERR,ERR,ERR,ERR,ERR,ERR,ERR,ERR,ERR,ERR,ERR,ERR,ERR,ERR,ERR,ERR,ERR,ERR,ERR,ERR,ERR,ERR,ERR,ERR,ERR,ERR,ERR,ERR,ERR,ERR,ERR,ERR,ERR,ERR,ERR,ERR,ERR,ERR,ERR,ERR,ERR,ERR,ERR,ERR,ERR,ERR,ERR,ERR,ERR,ERR,ERR,ERR,ERR,ERR,ERR,ERR,ERR,ERR,ERR,ERR,ERR,ERR,ERR,ERR,ERR,ERR,ERR,ERR,ERR,ERR,ERR,ERR,ERR,ERR,ERR,ERR,0.0,0.0,2.6474835549302285e+23,0.0,0.0,1.3936040501711995e+18,7.805,0.0,0,0,4,0,7116,0.0,100,0.0,0.0,0.0,0.0,0.0,0,0,0,0,0.0,0,0,0,0,0,0,0,0,0,0,0,0,0,0,0,0,0,0,0,0,0,0,0,0,0,0,0,0,0,0,0,0,0,31,40,40,71,65476,0,300,0,0,8,21553,0.0,-107605600.0,0.0,0.0,0.0,0.0,0.0,0.0,0.0,0.0,0.0,0.0,0.0,0.0,0.0,0.0,0.0,0.0,0.0,0.0,0.0,0.0,-2.004,2.004,-0.0,-2.004,0.0,0.0,0.0,0.0,4471.0,-1.0406632763589053e+34,6912.0,0.0,0.0,-0.0,-0.0,0.0,0.0,0.0,0.0,69,0.0,0.0,0.0,0.0,0.0,0.0,0.0,0.0,0.0,0,0,0,0.0,0.0,0.0,0.0,0.0,0.0,0.0,0.0,0.0,0.0,0.0,0.0,0.0,0.0,0.0,0.0,0,-107875648.0,69,0.0,138,0.0,2.6474835549302285e+23,0,52429,17086,0,17103,0,17082,0,0,0,70,68,100,2.7302399002429377e+23,82.4,-107615456.0,78.2,2.7302388193790272e+23,79.0,1,49,50,180,0,52429,0,0,0.0,0.0,0.0,0.0,-0.0,67.0,0.0,162057.094,0.0,980,0,1009,0,0,0,954,0,1035,0,930,0,792,0,784,0,823,0,7520,0.032,1.95996655783164e+20,0.0,0.0,784,16797,-0.0,162057.094,-114818.039,-0.0,0.133,6.909358625270745e+28,30.0,70.0,35,0.0,0.0,0.0,0.0,0.0,0.0,0.0,0.0,0.0,0.0,0.0,0.0,0.0,0.0,0.0,0.0,66.4,0,150,71,52,65476,0,300,0,0,8,20529,65476,0,0,44564,70.0,0.0,0.0,0.0,0.0,0.0
2026-09-10T21:19:18,ERR,ERR,ERR,ERR,ERR,ERR,ERR,ERR,ERR,ERR,ERR,ERR,ERR,ERR,ERR,ERR,ERR,ERR,ERR,ERR,ERR,ERR,ERR,ERR,ERR,ERR,ERR,ERR,ERR,ERR,ERR,ERR,ERR,ERR,ERR,ERR,ERR,ERR,ERR,ERR,ERR,ERR,ERR,ERR,ERR,ERR,ERR,ERR,ERR,ERR,ERR,ERR,ERR,ERR,ERR,ERR,ERR,ERR,ERR,ERR,ERR,ERR,ERR,ERR,ERR,ERR,ERR,ERR,ERR,ERR,ERR,ERR,ERR,ERR,ERR,ERR,ERR,ERR,ERR,ERR,ERR,ERR,ERR,ERR,ERR,ERR,ERR,ERR,ERR,ERR,ERR,ERR,ERR,ERR,ERR,ERR,ERR,ERR,ERR,ERR,ERR,ERR,ERR,ERR,ERR,ERR,ERR,ERR,ERR,ERR,ERR,ERR,ERR,ERR,ERR,ERR,ERR,ERR,ERR,ERR,ERR,ERR,ERR,ERR,ERR,0.0,0.0,2.6474835549302285e+23,0.0,0.0,1.3936040501711995e+18,7.805,0.0,0,0,4,0,7116,0.0,100,0.0,0.0,0.0,0.0,0.0,0,0,0,0,0.0,0,0,0,0,0,0,0,0,0,0,0,0,0,0,0,0,0,0,0,0,0,0,0,0,0,0,0,0,0,0,0,0,0,31,40,40,71,65476,0,300,0,0,8,21553,0.0,-107605600.0,0.0,0.0,0.0,0.0,0.0,0.0,0.0,0.0,0.0,0.0,0.0,0.0,0.0,0.0,0.0,0.0,0.0,0.0,0.0,0.0,-2.004,2.004,-0.0,-2.004,0.0,0.0,0.0,0.0,4471.0,-1.0406632763589053e+34,6912.0,0.0,0.0,-0.0,-0.0,0.0,0.0,0.0,0.0,69,0.0,0.0,0.0,0.0,0.0,0.0,0.0,0.0,0.0,0,0,0,0.0,0.0,0.0,0.0,0.0,0.0,0.0,0.0,0.0,0.0,0.0,0.0,0.0,0.0,0.0,0.0,0,-107875648.0,69,0.0,138,0.0,2.6474835549302285e+23,0,52429,17086,0,17103,0,17082,0,0,0,70,68,100,2.7302399002429377e+23,82.4,-107615456.0,78.2,2.7302388193790272e+23,79.0,1,49,50,180,0,52429,0,0,0.0,0.0,0.0,0.0,-0.0,67.0,0.0,162057.094,0.0,980,0,1009,0,0,0,954,0,1035,0,930,0,792,0,784,0,823,0,7520,0.032,1.95996655783164e+20,0.0,0.0,784,16797,-0.0,162057.094,-114818.039,-0.0,0.133,6.909358625270745e+28,30.0,70.0,35,0.0,0.0,0.0,0.0,0.0,0.0,0.0,0.0,0.0,0.0,0.0,0.0,0.0,0.0,0.0,0.0,66.4,0,150,71,52,65476,0,300,0,0,8,20529,65476,0,0,44564,70.0,0.0,0.0,0.0,0.0,0.0
2026-09-10T21:19:19,ERR,ERR,ERR,ERR,ERR,ERR,ERR,ERR,ERR,ERR,ERR,ERR,ERR,ERR,ERR,ERR,ERR,ERR,ERR,ERR,ERR,ERR,ERR,ERR,ERR,ERR,ERR,ERR,ERR,ERR,ERR,ERR,ERR,ERR,ERR,ERR,ERR,ERR,ERR,ERR,ERR,ERR,ERR,ERR,ERR,ERR,ERR,ERR,ERR,ERR,ERR,ERR,ERR,ERR,ERR,ERR,ERR,ERR,ERR,ERR,ERR,ERR,ERR,ERR,ERR,ERR,ERR,ERR,ERR,ERR,ERR,ERR,ERR,ERR,ERR,ERR,ERR,ERR,ERR,ERR,ERR,ERR,ERR,ERR,ERR,ERR,ERR,ERR,ERR,ERR,ERR,ERR,ERR,ERR,ERR,ERR,ERR,ERR,ERR,ERR,ERR,ERR,ERR,ERR,ERR,ERR,ERR,ERR,ERR,ERR,ERR,ERR,ERR,ERR,ERR,ERR,ERR,ERR,ERR,ERR,ERR,ERR,ERR,ERR,ERR,0.0,0.0,2.6474835549302285e+23,0.0,0.0,1.3936040501711995e+18,7.805,0.0,0,0,4,0,7116,0.0,100,0.0,0.0,0.0,0.0,0.0,0,0,0,0,0.0,0,0,0,0,0,0,0,0,0,0,0,0,0,0,0,0,0,0,0,0,0,0,0,0,0,0,0,0,0,0,0,0,0,31,40,40,71,65476,0,300,0,0,8,21553,0.0,-107605600.0,0.0,0.0,0.0,0.0,0.0,0.0,0.0,0.0,0.0,0.0,0.0,0.0,0.0,0.0,0.0,0.0,0.0,0.0,0.0,0.0,-2.004,2.004,-0.0,-2.004,0.0,0.0,0.0,0.0,4471.0,-1.0406632763589053e+34,6912.0,0.0,0.0,-0.0,-0.0,0.0,0.0,0.0,0.0,69,0.0,0.0,0.0,0.0,0.0,0.0,0.0,0.0,0.0,0,0,0,0.0,0.0,0.0,0.0,0.0,0.0,0.0,0.0,0.0,0.0,0.0,0.0,0.0,0.0,0.0,0.0,0,-107875648.0,69,0.0,138,0.0,2.6474835549302285e+23,0,52429,17086,0,17103,0,17082,0,0,0,70,68,100,2.7302399002429377e+23,82.4,-107615456.0,78.2,2.7302388193790272e+23,79.0,1,49,50,180,0,52429,0,0,0.0,0.0,0.0,0.0,-0.0,67.0,0.0,162057.094,0.0,980,0,1009,0,0,0,954,0,1035,0,930,0,792,0,784,0,823,0,7520,0.032,1.95996655783164e+20,0.0,0.0,784,16797,-0.0,162057.094,-114818.039,-0.0,0.133,6.909358625270745e+28,30.0,70.0,35,0.0,0.0,0.0,0.0,0.0,0.0,0.0,0.0,0.0,0.0,0.0,0.0,0.0,0.0,0.0,0.0,66.4,0,150,71,52,65476,0,300,0,0,8,20529,65476,0,0,44564,70.0,0.0,0.0,0.0,0.0,0.0
2026-09-10T21:19:20,ERR,ERR,ERR,ERR,ERR,ERR,ERR,ERR,ERR,ERR,ERR,ERR,ERR,ERR,ERR,ERR,ERR,ERR,ERR,ERR,ERR,ERR,ERR,ERR,ERR,ERR,ERR,ERR,ERR,ERR,ERR,ERR,ERR,ERR,ERR,ERR,ERR,ERR,ERR,ERR,ERR,ERR,ERR,ERR,ERR,ERR,ERR,ERR,ERR,ERR,ERR,ERR,ERR,ERR,ERR,ERR,ERR,ERR,ERR,ERR,ERR,ERR,ERR,ERR,ERR,ERR,ERR,ERR,ERR,ERR,ERR,ERR,ERR,ERR,ERR,ERR,ERR,ERR,ERR,ERR,ERR,ERR,ERR,ERR,ERR,ERR,ERR,ERR,ERR,ERR,ERR,ERR,ERR,ERR,ERR,ERR,ERR,ERR,ERR,ERR,ERR,ERR,ERR,ERR,ERR,ERR,ERR,ERR,ERR,ERR,ERR,ERR,ERR,ERR,ERR,ERR,ERR,ERR,ERR,ERR,ERR,ERR,ERR,ERR,ERR,0.0,0.0,2.6474835549302285e+23,0.0,0.0,1.3936040501711995e+18,7.805,0.0,0,0,4,0,7116,0.0,100,0.0,0.0,0.0,0.0,0.0,0,0,0,0,0.0,0,0,0,0,0,0,0,0,0,0,0,0,0,0,0,0,0,0,0,0,0,0,0,0,0,0,0,0,0,0,0,0,0,31,40,40,71,65476,0,300,0,0,8,21553,0.0,-107605600.0,0.0,0.0,0.0,0.0,0.0,0.0,0.0,0.0,0.0,0.0,0.0,0.0,0.0,0.0,0.0,0.0,0.0,0.0,0.0,0.0,-2.004,2.004,-0.0,-2.004,0.0,0.0,0.0,0.0,4471.0,-1.0406632763589053e+34,6912.0,0.0,0.0,-0.0,-0.0,0.0,0.0,0.0,0.0,69,0.0,0.0,0.0,0.0,0.0,0.0,0.0,0.0,0.0,0,0,0,0.0,0.0,0.0,0.0,0.0,0.0,0.0,0.0,0.0,0.0,0.0,0.0,0.0,0.0,0.0,0.0,0,-107875648.0,69,0.0,138,0.0,2.6474835549302285e+23,0,52429,17086,0,17103,0,17082,0,0,0,70,68,100,2.7302399002429377e+23,82.4,-107615456.0,78.2,2.7302388193790272e+23,79.0,1,49,50,180,0,52429,0,0,0.0,0.0,0.0,0.0,-0.0,67.0,0.0,162057.094,0.0,980,0,1009,0,0,0,954,0,1035,0,930,0,792,0,784,0,823,0,7520,0.032,1.95996655783164e+20,0.0,0.0,784,16797,-0.0,162057.094,-114818.039,-0.0,0.133,6.909358625270745e+28,30.0,70.0,35,0.0,0.0,0.0,0.0,0.0,0.0,0.0,0.0,0.0,0.0,0.0,0.0,0.0,0.0,0.0,0.0,66.0,0,150,71,52,65476,0,300,0,0,8,20529,65476,0,0,44564,70.0,0.0,0.0,0.0,0.0,0.0
2026-09-10T21:19:21,ERR,ERR,ERR,ERR,ERR,ERR,ERR,ERR,ERR,ERR,ERR,ERR,ERR,ERR,ERR,ERR,ERR,ERR,ERR,ERR,ERR,ERR,ERR,ERR,ERR,ERR,ERR,ERR,ERR,ERR,ERR,ERR,ERR,ERR,ERR,ERR,ERR,ERR,ERR,ERR,ERR,ERR,ERR,ERR,ERR,ERR,ERR,ERR,ERR,ERR,ERR,ERR,ERR,ERR,ERR,ERR,ERR,ERR,ERR,ERR,ERR,ERR,ERR,ERR,ERR,ERR,ERR,ERR,ERR,ERR,ERR,ERR,ERR,ERR,ERR,ERR,ERR,ERR,ERR,ERR,ERR,ERR,ERR,ERR,ERR,ERR,ERR,ERR,ERR,ERR,ERR,ERR,ERR,ERR,ERR,ERR,ERR,ERR,ERR,ERR,ERR,ERR,ERR,ERR,ERR,ERR,ERR,ERR,ERR,ERR,ERR,ERR,ERR,ERR,ERR,ERR,ERR,ERR,ERR,ERR,ERR,ERR,ERR,ERR,ERR,0.0,0.0,2.6474835549302285e+23,0.0,0.0,1.3936040501711995e+18,7.805,0.0,0,0,4,0,7116,0.0,100,0.0,0.0,0.0,0.0,0.0,0,0,0,0,0.0,0,0,0,0,0,0,0,0,0,0,0,0,0,0,0,0,0,0,0,0,0,0,0,0,0,0,0,0,0,0,0,0,0,31,40,40,71,65476,0,300,0,0,8,21553,0.0,-107605600.0,0.0,0.0,0.0,0.0,0.0,0.0,0.0,0.0,0.0,0.0,0.0,0.0,0.0,0.0,0.0,0.0,0.0,0.0,0.0,0.0,-2.004,2.004,-0.0,-2.004,0.0,0.0,0.0,0.0,4502.0,0.0,6913.0,0.0,0.0,-0.0,-0.0,0.0,0.0,0.0,0.0,69,0.0,0.0,0.0,0.0,0.0,0.0,0.0,0.0,0.0,0,0,0,0.0,0.0,0.0,0.0,0.0,0.0,0.0,0.0,0.0,0.0,0.0,0.0,0.0,0.0,0.0,0.0,0,-107875648.0,69,0.0,138,0.0,2.6474835549302285e+23,0,52429,17086,0,17103,0,17082,0,0,0,70,68,100,2.7302399002429377e+23,82.4,-107615456.0,78.2,2.7302388193790272e+23,79.0,1,49,50,180,0,52429,0,0,0.0,0.0,0.0,0.0,-0.0,67.0,0.0,162057.094,0.0,980,0,1009,0,0,0,954,0,1035,0,930,0,792,0,784,0,823,0,7520,0.032,1.95996655783164e+20,0.0,0.0,784,16797,-0.0,162057.094,-114818.039,-0.0,0.133,6.909358625270745e+28,30.0,70.0,35,0.0,0.0,0.0,0.0,0.0,0.0,0.0,0.0,0.0,0.0,0.0,0.0,0.0,0.0,0.0,0.0,66.0,0,150,71,52,65476,0,300,0,0,8,20529,65476,0,0,44564,70.0,0.0,0.0,0.0,0.0,0.0
2026-09-10T21:19:22,ERR,ERR,ERR,ERR,ERR,ERR,ERR,ERR,ERR,ERR,ERR,ERR,ERR,ERR,ERR,ERR,ERR,ERR,ERR,ERR,ERR,ERR,ERR,ERR,ERR,ERR,ERR,ERR,ERR,ERR,ERR,ERR,ERR,ERR,ERR,ERR,ERR,ERR,ERR,ERR,ERR,ERR,ERR,ERR,ERR,ERR,ERR,ERR,ERR,ERR,ERR,ERR,ERR,ERR,ERR,ERR,ERR,ERR,ERR,ERR,ERR,ERR,ERR,ERR,ERR,ERR,ERR,ERR,ERR,ERR,ERR,ERR,ERR,ERR,ERR,ERR,ERR,ERR,ERR,ERR,ERR,ERR,ERR,ERR,ERR,ERR,ERR,ERR,ERR,ERR,ERR,ERR,ERR,ERR,ERR,ERR,ERR,ERR,ERR,ERR,ERR,ERR,ERR,ERR,ERR,ERR,ERR,ERR,ERR,ERR,ERR,ERR,ERR,ERR,ERR,ERR,ERR,ERR,ERR,ERR,ERR,ERR,ERR,ERR,ERR,0.0,0.0,2.6474835549302285e+23,0.0,0.0,1.3936040501711995e+18,7.805,0.0,0,0,4,0,7116,0.0,100,0.0,0.0,0.0,0.0,0.0,0,0,0,0,0.0,0,0,0,0,0,0,0,0,0,0,0,0,0,0,0,0,0,0,0,0,0,0,0,0,0,0,0,0,0,0,0,0,0,31,40,40,71,65476,0,300,0,0,8,21553,0.0,-107605600.0,0.0,0.0,0.0,0.0,0.0,0.0,0.0,0.0,0.0,0.0,0.0,0.0,0.0,0.0,0.0,0.0,0.0,0.0,0.0,0.0,-2.004,2.004,-0.0,-2.004,0.0,0.0,0.0,0.0,4502.0,0.0,6913.0,0.0,0.0,-0.0,-0.0,0.0,0.0,0.0,0.0,69,0.0,0.0,0.0,0.0,0.0,0.0,0.0,0.0,0.0,0,0,0,0.0,0.0,0.0,0.0,0.0,0.0,0.0,0.0,0.0,0.0,0.0,0.0,0.0,0.0,0.0,0.0,0,-107875648.0,69,0.0,138,0.0,2.6474835549302285e+23,0,52429,17086,0,17103,0,17082,0,0,0,70,68,100,2.7302399002429377e+23,82.4,-107615456.0,78.2,2.7302388193790272e+23,79.0,1,49,50,180,0,52429,0,0,0.0,0.0,0.0,0.0,-0.0,67.0,0.0,162057.094,0.0,980,0,1009,0,0,0,954,0,1035,0,930,0,792,0,784,0,823,0,7520,0.032,1.95996655783164e+20,0.0,0.0,784,16797,-0.0,162057.094,-114818.039,-0.0,0.133,6.909358625270745e+28,30.0,70.0,35,0.0,0.0,0.0,0.0,0.0,0.0,0.0,0.0,0.0,0.0,0.0,0.0,0.0,0.0,0.0,0.0,66.0,0,150,71,52,65476,0,300,0,0,8,20529,65476,0,0,44564,70.0,0.0,0.0,0.0,0.0,0.0
2026-09-10T21:19:23,ERR,ERR,ERR,ERR,ERR,ERR,ERR,ERR,ERR,ERR,ERR,ERR,ERR,ERR,ERR,ERR,ERR,ERR,ERR,ERR,ERR,ERR,ERR,ERR,ERR,ERR,ERR,ERR,ERR,ERR,ERR,ERR,ERR,ERR,ERR,ERR,ERR,ERR,ERR,ERR,ERR,ERR,ERR,ERR,ERR,ERR,ERR,ERR,ERR,ERR,ERR,ERR,ERR,ERR,ERR,ERR,ERR,ERR,ERR,ERR,ERR,ERR,ERR,ERR,ERR,ERR,ERR,ERR,ERR,ERR,ERR,ERR,ERR,ERR,ERR,ERR,ERR,ERR,ERR,ERR,ERR,ERR,ERR,ERR,ERR,ERR,ERR,ERR,ERR,ERR,ERR,ERR,ERR,ERR,ERR,ERR,ERR,ERR,ERR,ERR,ERR,ERR,ERR,ERR,ERR,ERR,ERR,ERR,ERR,ERR,ERR,ERR,ERR,ERR,ERR,ERR,ERR,ERR,ERR,ERR,ERR,ERR,ERR,ERR,ERR,0.0,0.0,2.6474835549302285e+23,0.0,0.0,1.3936040501711995e+18,7.805,0.0,0,0,4,0,7116,0.0,100,0.0,0.0,0.0,0.0,0.0,0,0,0,0,0.0,0,0,0,0,0,0,0,0,0,0,0,0,0,0,0,0,0,0,0,0,0,0,0,0,0,0,0,0,0,0,0,0,0,31,40,40,71,65476,0,300,0,0,8,21553,0.0,-107605600.0,0.0,0.0,0.0,0.0,0.0,0.0,0.0,0.0,0.0,0.0,0.0,0.0,0.0,0.0,0.0,0.0,0.0,0.0,0.0,0.0,-2.004,2.004,-0.0,-2.004,0.0,0.0,0.0,0.0,4502.0,0.0,6913.0,0.0,0.0,-0.0,-0.0,0.0,0.0,0.0,0.0,69,0.0,0.0,0.0,0.0,0.0,0.0,0.0,0.0,0.0,0,0,0,0.0,0.0,0.0,0.0,0.0,0.0,0.0,0.0,0.0,0.0,0.0,0.0,0.0,0.0,0.0,0.0,0,-107875648.0,69,0.0,138,0.0,2.6474835549302285e+23,0,52429,17086,0,17103,0,17082,0,0,0,70,68,100,-0.0,82.4,-107615456.0,78.2,2.7302388193790272e+23,79.0,1,49,50,180,0,52429,0,0,0.0,0.0,0.0,0.0,-0.0,67.0,0.0,162057.094,0.0,980,0,1009,0,0,0,954,0,1035,0,930,0,792,0,784,0,822,0,7520,0.032,1.9484373427855714e+20,0.0,0.0,784,16797,-0.0,162057.094,-114818.039,-0.0,0.133,6.909358625270745e+28,30.0,70.0,35,0.0,0.0,0.0,0.0,0.0,0.0,0.0,0.0,0.0,0.0,0.0,0.0,0.0,0.0,0.0,0.0,66.0,0,150,71,52,65476,0,300,0,0,8,20529,65476,0,0,44564,70.0,0.0,0.0,0.0,0.0,0.0
2026-09-10T21:19:24,ERR,ERR,ERR,ERR,ERR,ERR,ERR,ERR,ERR,ERR,ERR,ERR,ERR,ERR,ERR,ERR,ERR,ERR,ERR,ERR,ERR,ERR,ERR,ERR,ERR,ERR,ERR,ERR,ERR,ERR,ERR,ERR,ERR,ERR,ERR,ERR,ERR,ERR,ERR,ERR,ERR,ERR,ERR,ERR,ERR,ERR,ERR,ERR,ERR,ERR,ERR,ERR,ERR,ERR,ERR,ERR,ERR,ERR,ERR,ERR,ERR,ERR,ERR,ERR,ERR,ERR,ERR,ERR,ERR,ERR,ERR,ERR,ERR,ERR,ERR,ERR,ERR,ERR,ERR,ERR,ERR,ERR,ERR,ERR,ERR,ERR,ERR,ERR,ERR,ERR,ERR,ERR,ERR,ERR,ERR,ERR,ERR,ERR,ERR,ERR,ERR,ERR,ERR,ERR,ERR,ERR,ERR,ERR,ERR,ERR,ERR,ERR,ERR,ERR,ERR,ERR,ERR,ERR,ERR,ERR,ERR,ERR,ERR,ERR,ERR,0.0,0.0,2.6474835549302285e+23,0.0,0.0,1.3936040501711995e+18,7.805,0.0,0,0,4,0,7116,0.0,100,0.0,0.0,0.0,0.0,0.0,0,0,0,0,0.0,0,0,0,0,0,0,0,0,0,0,0,0,0,0,0,0,0,0,0,0,0,0,0,0,0,0,0,0,0,0,0,0,0,31,40,40,71,65476,0,300,0,0,8,21553,0.0,-107605600.0,0.0,0.0,0.0,0.0,0.0,0.0,0.0,0.0,0.0,0.0,0.0,0.0,0.0,0.0,0.0,0.0,0.0,0.0,0.0,0.0,-2.004,2.004,-0.0,-2.004,0.0,0.0,0.0,0.0,4502.0,0.0,6913.0,0.0,0.0,-0.0,-0.0,0.0,0.0,0.0,0.0,69,0.0,0.0,0.0,0.0,0.0,0.0,0.0,0.0,0.0,0,0,0,0.0,0.0,0.0,0.0,0.0,0.0,0.0,0.0,0.0,0.0,0.0,0.0,0.0,0.0,0.0,0.0,0,-107875648.0,69,0.0,138,0.0,2.6474835549302285e+23,0,52429,17086,0,17103,0,17082,0,0,0,70,68,100,-0.0,82.4,-107615456.0,78.2,2.7302388193790272e+23,79.0,1,49,50,180,0,52429,0,0,0.0,0.0,0.0,0.0,-0.0,67.0,0.0,162057.094,0.0,980,0,1009,0,0,0,954,0,1035,0,930,0,792,0,784,0,822,0,7520,0.032,1.9484373427855714e+20,0.0,0.0,784,16797,-0.0,162057.094,-114818.039,-0.0,0.133,6.909358625270745e+28,30.0,70.0,35,0.0,0.0,0.0,0.0,0.0,0.0,0.0,0.0,0.0,0.0,0.0,0.0,0.0,0.0,0.0,0.0,66.0,0,150,71,52,65476,0,300,0,0,8,20529,65476,0,0,44564,70.0,0.0,0.0,0.0,0.0,0.0
2026-09-10T21:19:25,ERR,ERR,ERR,ERR,ERR,ERR,ERR,ERR,ERR,ERR,ERR,ERR,ERR,ERR,ERR,ERR,ERR,ERR,ERR,ERR,ERR,ERR,ERR,ERR,ERR,ERR,ERR,ERR,ERR,ERR,ERR,ERR,ERR,ERR,ERR,ERR,ERR,ERR,ERR,ERR,ERR,ERR,ERR,ERR,ERR,ERR,ERR,ERR,ERR,ERR,ERR,ERR,ERR,ERR,ERR,ERR,ERR,ERR,ERR,ERR,ERR,ERR,ERR,ERR,ERR,ERR,ERR,ERR,ERR,ERR,ERR,ERR,ERR,ERR,ERR,ERR,ERR,ERR,ERR,ERR,ERR,ERR,ERR,ERR,ERR,ERR,ERR,ERR,ERR,ERR,ERR,ERR,ERR,ERR,ERR,ERR,ERR,ERR,ERR,ERR,ERR,ERR,ERR,ERR,ERR,ERR,ERR,ERR,ERR,ERR,ERR,ERR,ERR,ERR,ERR,ERR,ERR,ERR,ERR,ERR,ERR,ERR,ERR,ERR,ERR,0.0,0.0,2.6474835549302285e+23,0.0,0.0,1.3936040501711995e+18,7.805,0.0,0,0,4,0,7116,0.0,100,0.0,0.0,0.0,0.0,0.0,0,0,0,0,0.0,0,0,0,0,0,0,0,0,0,0,0,0,0,0,0,0,0,0,0,0,0,0,0,0,0,0,0,0,0,0,0,0,0,31,40,40,71,65476,0,300,0,0,8,21553,0.0,-107605600.0,0.0,0.0,0.0,0.0,0.0,0.0,0.0,0.0,0.0,0.0,0.0,0.0,0.0,0.0,0.0,0.0,0.0,0.0,0.0,0.0,-2.004,2.004,-0.0,-2.004,0.0,0.0,0.0,0.0,4502.0,0.0,6913.0,0.0,0.0,-0.0,-0.0,0.0,0.0,0.0,0.0,69,0.0,0.0,0.0,0.0,0.0,0.0,0.0,0.0,0.0,0,0,0,0.0,0.0,0.0,0.0,0.0,0.0,0.0,0.0,0.0,0.0,0.0,0.0,0.0,0.0,0.0,0.0,0,-107875648.0,69,0.0,138,0.0,2.6474835549302285e+23,0,52429,17086,0,17103,0,17082,0,0,0,70,68,100,-0.0,82.4,-107615456.0,78.2,2.7302388193790272e+23,79.0,1,49,50,180,0,52429,0,0,0.0,0.0,0.0,0.0,-0.0,67.0,0.0,162057.094,0.0,980,0,1009,0,0,0,954,0,1035,0,930,0,792,0,784,0,822,0,7520,0.032,1.9484373427855714e+20,0.0,0.0,784,16797,-0.0,162057.094,-114818.039,-0.0,0.133,6.909358625270745e+28,30.0,70.0,35,0.0,0.0,0.0,0.0,0.0,0.0,0.0,0.0,0.0,0.0,0.0,0.0,0.0,0.0,0.0,0.0,66.0,0,150,71,52,65476,0,300,0,0,8,20529,65476,0,0,44564,70.0,0.0,0.0,0.0,0.0,0.0
2026-09-10T21:19:26,ERR,ERR,ERR,ERR,ERR,ERR,ERR,ERR,ERR,ERR,ERR,ERR,ERR,ERR,ERR,ERR,ERR,ERR,ERR,ERR,ERR,ERR,ERR,ERR,ERR,ERR,ERR,ERR,ERR,ERR,ERR,ERR,ERR,ERR,ERR,ERR,ERR,ERR,ERR,ERR,ERR,ERR,ERR,ERR,ERR,ERR,ERR,ERR,ERR,ERR,ERR,ERR,ERR,ERR,ERR,ERR,ERR,ERR,ERR,ERR,ERR,ERR,ERR,ERR,ERR,ERR,ERR,ERR,ERR,ERR,ERR,ERR,ERR,ERR,ERR,ERR,ERR,ERR,ERR,ERR,ERR,ERR,ERR,ERR,ERR,ERR,ERR,ERR,ERR,ERR,ERR,ERR,ERR,ERR,ERR,ERR,ERR,ERR,ERR,ERR,ERR,ERR,ERR,ERR,ERR,ERR,ERR,ERR,ERR,ERR,ERR,ERR,ERR,ERR,ERR,ERR,ERR,ERR,ERR,ERR,ERR,ERR,ERR,ERR,ERR,0.0,0.0,2.6474835549302285e+23,0.0,0.0,1.3936040501711995e+18,7.805,0.0,0,0,4,0,7116,0.0,100,0.0,0.0,0.0,0.0,0.0,0,0,0,0,0.0,0,0,0,0,0,0,0,0,0,0,0,0,0,0,0,0,0,0,0,0,0,0,0,0,0,0,0,0,0,0,0,0,0,31,40,40,71,65476,0,300,0,0,8,21553,0.0,-107605600.0,0.0,0.0,0.0,0.0,0.0,0.0,0.0,0.0,0.0,0.0,0.0,0.0,0.0,0.0,0.0,0.0,0.0,0.0,0.0,0.0,-2.004,2.004,-0.0,-2.004,0.0,0.0,0.0,0.0,4502.0,0.0,6913.0,0.0,0.0,-0.0,-0.0,0.0,0.0,0.0,0.0,69,0.0,0.0,0.0,0.0,0.0,0.0,0.0,0.0,0.0,0,0,0,0.0,0.0,0.0,0.0,0.0,0.0,0.0,0.0,0.0,0.0,0.0,0.0,0.0,0.0,0.0,0.0,0,-107875648.0,69,0.0,138,0.0,2.6474835549302285e+23,0,52429,17086,0,17103,0,17082,0,0,0,70,68,100,-0.0,82.4,-107615456.0,78.2,2.7302388193790272e+23,79.0,1,49,50,180,0,52429,0,0,0.0,0.0,0.0,0.0,-0.0,67.0,0.0,162057.094,0.0,980,0,1009,0,0,0,954,0,1035,0,930,0,792,0,784,0,822,0,7520,0.032,1.9484373427855714e+20,0.0,0.0,784,16797,-0.0,162057.094,-114818.039,-0.0,0.133,6.909358625270745e+28,30.0,70.0,35,0.0,0.0,0.0,0.0,0.0,0.0,0.0,0.0,0.0,0.0,0.0,0.0,0.0,0.0,0.0,0.0,66.0,0,150,71,52,65476,0,300,0,0,8,20529,65476,0,0,44564,70.0,0.0,0.0,0.0,0.0,0.0
2026-09-10T21:19:27,ERR,ERR,ERR,ERR,ERR,ERR,ERR,ERR,ERR,ERR,ERR,ERR,ERR,ERR,ERR,ERR,ERR,ERR,ERR,ERR,ERR,ERR,ERR,ERR,ERR,ERR,ERR,ERR,ERR,ERR,ERR,ERR,ERR,ERR,ERR,ERR,ERR,ERR,ERR,ERR,ERR,ERR,ERR,ERR,ERR,ERR,ERR,ERR,ERR,ERR,ERR,ERR,ERR,ERR,ERR,ERR,ERR,ERR,ERR,ERR,ERR,ERR,ERR,ERR,ERR,ERR,ERR,ERR,ERR,ERR,ERR,ERR,ERR,ERR,ERR,ERR,ERR,ERR,ERR,ERR,ERR,ERR,ERR,ERR,ERR,ERR,ERR,ERR,ERR,ERR,ERR,ERR,ERR,ERR,ERR,ERR,ERR,ERR,ERR,ERR,ERR,ERR,ERR,ERR,ERR,ERR,ERR,ERR,ERR,ERR,ERR,ERR,ERR,ERR,ERR,ERR,ERR,ERR,ERR,ERR,ERR,ERR,ERR,ERR,ERR,0.0,0.0,2.6474835549302285e+23,0.0,0.0,1.3936040501711995e+18,7.805,0.0,0,0,4,0,7116,0.0,100,0.0,0.0,0.0,0.0,0.0,0,0,0,0,0.0,0,0,0,0,0,0,0,0,0,0,0,0,0,0,0,0,0,0,0,0,0,0,0,0,0,0,0,0,0,0,0,0,0,31,40,40,71,65476,0,300,0,0,8,21553,0.0,-107605600.0,0.0,0.0,0.0,0.0,0.0,0.0,0.0,0.0,0.0,0.0,0.0,0.0,0.0,0.0,0.0,0.0,0.0,0.0,0.0,0.0,-2.004,2.004,-0.0,-2.004,0.0,0.0,0.0,0.0,4502.0,0.0,6913.0,0.0,0.0,-0.0,-0.0,0.0,0.0,0.0,0.0,69,0.0,0.0,0.0,0.0,0.0,0.0,0.0,0.0,0.0,0,0,0,0.0,0.0,0.0,0.0,0.0,0.0,0.0,0.0,0.0,0.0,0.0,0.0,0.0,0.0,0.0,0.0,0,-107875648.0,69,0.0,138,0.0,2.6474835549302285e+23,0,52429,17086,0,17103,0,17082,0,0,0,70,68,100,-0.0,82.4,-107615456.0,78.2,2.7302388193790272e+23,79.0,1,49,50,180,0,52429,0,0,0.0,0.0,0.0,0.0,-0.0,67.0,0.0,162057.094,0.0,980,0,1009,0,0,0,954,0,1035,0,930,0,792,0,784,0,822,0,7520,0.032,1.9484373427855714e+20,0.0,0.0,784,16797,-0.0,162057.094,-114818.039,-0.0,0.133,6.909358625270745e+28,30.0,70.0,35,0.0,0.0,0.0,0.0,0.0,0.0,0.0,0.0,0.0,0.0,0.0,0.0,0.0,0.0,0.0,0.0,66.0,0,150,71,52,65476,0,300,0,0,8,20529,65476,0,0,44564,70.0,0.0,0.0,0.0,0.0,0.0
2026-09-10T21:19:28,ERR,ERR,ERR,ERR,ERR,ERR,ERR,ERR,ERR,ERR,ERR,ERR,ERR,ERR,ERR,ERR,ERR,ERR,ERR,ERR,ERR,ERR,ERR,ERR,ERR,ERR,ERR,ERR,ERR,ERR,ERR,ERR,ERR,ERR,ERR,ERR,ERR,ERR,ERR,ERR,ERR,ERR,ERR,ERR,ERR,ERR,ERR,ERR,ERR,ERR,ERR,ERR,ERR,ERR,ERR,ERR,ERR,ERR,ERR,ERR,ERR,ERR,ERR,ERR,ERR,ERR,ERR,ERR,ERR,ERR,ERR,ERR,ERR,ERR,ERR,ERR,ERR,ERR,ERR,ERR,ERR,ERR,ERR,ERR,ERR,ERR,ERR,ERR,ERR,ERR,ERR,ERR,ERR,ERR,ERR,ERR,ERR,ERR,ERR,ERR,ERR,ERR,ERR,ERR,ERR,ERR,ERR,ERR,ERR,ERR,ERR,ERR,ERR,ERR,ERR,ERR,ERR,ERR,ERR,ERR,ERR,ERR,ERR,ERR,ERR,0.0,0.0,2.6474835549302285e+23,0.0,0.0,1.3936040501711995e+18,7.805,0.0,0,0,4,0,7116,0.0,100,0.0,0.0,0.0,0.0,0.0,0,0,0,0,0.0,0,0,0,0,0,0,0,0,0,0,0,0,0,0,0,0,0,0,0,0,0,0,0,0,0,0,0,0,0,0,0,0,0,31,40,40,71,65476,0,300,0,0,8,21553,0.0,-107605600.0,0.0,0.0,0.0,0.0,0.0,0.0,0.0,0.0,0.0,0.0,0.0,0.0,0.0,0.0,0.0,0.0,0.0,0.0,0.0,0.0,-2.004,2.004,-0.0,-2.004,0.0,0.0,0.0,0.0,4502.0,0.0,6913.0,0.0,0.0,-0.0,-0.0,0.0,0.0,0.0,0.0,69,0.0,0.0,0.0,0.0,0.0,0.0,0.0,0.0,0.0,0,0,0,0.0,0.0,0.0,0.0,0.0,0.0,0.0,0.0,0.0,0.0,0.0,0.0,0.0,0.0,0.0,0.0,0,-107875648.0,69,0.0,138,0.0,2.6474835549302285e+23,0,52429,17086,0,17103,0,17082,0,0,0,70,68,100,-0.0,82.4,-107615456.0,78.2,2.7302388193790272e+23,79.0,1,49,50,180,0,52429,0,0,0.0,0.0,0.0,0.0,-0.0,67.0,0.0,162057.094,0.0,980,0,1009,0,0,0,954,0,1035,0,930,0,792,0,784,0,822,0,7520,0.032,1.9484373427855714e+20,0.0,0.0,784,16797,-0.0,162057.094,-114818.039,-0.0,0.133,6.909358625270745e+28,30.0,70.0,35,0.0,0.0,0.0,0.0,0.0,0.0,0.0,0.0,0.0,0.0,0.0,0.0,0.0,0.0,0.0,0.0,66.0,0,150,71,52,65476,0,300,0,0,8,20529,65476,0,0,44564,70.0,0.0,0.0,0.0,0.0,0.0
2026-09-10T21:19:29,ERR,ERR,ERR,ERR,ERR,ERR,ERR,ERR,ERR,ERR,ERR,ERR,ERR,ERR,ERR,ERR,ERR,ERR,ERR,ERR,ERR,ERR,ERR,ERR,ERR,ERR,ERR,ERR,ERR,ERR,ERR,ERR,ERR,ERR,ERR,ERR,ERR,ERR,ERR,ERR,ERR,ERR,ERR,ERR,ERR,ERR,ERR,ERR,ERR,ERR,ERR,ERR,ERR,ERR,ERR,ERR,ERR,ERR,ERR,ERR,ERR,ERR,ERR,ERR,ERR,ERR,ERR,ERR,ERR,ERR,ERR,ERR,ERR,ERR,ERR,ERR,ERR,ERR,ERR,ERR,ERR,ERR,ERR,ERR,ERR,ERR,ERR,ERR,ERR,ERR,ERR,ERR,ERR,ERR,ERR,ERR,ERR,ERR,ERR,ERR,ERR,ERR,ERR,ERR,ERR,ERR,ERR,ERR,ERR,ERR,ERR,ERR,ERR,ERR,ERR,ERR,ERR,ERR,ERR,ERR,ERR,ERR,ERR,ERR,ERR,0.0,0.0,2.6474835549302285e+23,0.0,0.0,1.3936040501711995e+18,7.805,0.0,0,0,4,0,7116,0.0,100,0.0,0.0,0.0,0.0,0.0,0,0,0,0,0.0,0,0,0,0,0,0,0,0,0,0,0,0,0,0,0,0,0,0,0,0,0,0,0,0,0,0,0,0,0,0,0,0,0,31,40,40,71,65476,0,300,0,0,8,21553,0.0,-107605600.0,0.0,0.0,0.0,0.0,0.0,0.0,0.0,0.0,0.0,0.0,0.0,0.0,0.0,0.0,0.0,0.0,0.0,0.0,0.0,0.0,-2.004,2.004,-0.0,-2.004,0.0,0.0,0.0,0.0,4467.0,-3.697178656945629e+19,6941.0,0.0,0.0,-0.0,-0.0,0.0,0.0,0.0,0.0,69,-2.718430741444032e+23,0.0,0.0,0.0,0.0,0.0,0.0,0.0,0.0,0,0,0,0.0,0.0,0.0,0.0,0.0,0.0,0.0,0.0,0.0,0.0,0.0,0.0,0.0,0.0,0.0,0.0,0,-107875648.0,69,0.0,138,0.0,2.6474835549302285e+23,0,52429,17086,0,17103,0,17082,0,0,0,70,68,100,2.7302399002429377e+23,82.4,-107615456.0,78.2,2.7302388193790272e+23,79.0,1,49,50,180,0,52429,0,0,0.0,0.0,0.0,0.0,-0.0,67.0,0.0,162057.094,0.0,980,0,1009,0,0,0,954,0,1035,0,930,0,792,0,784,0,822,0,7520,0.032,1.95996655783164e+20,0.0,0.0,784,16797,-0.0,162057.094,-114818.039,-0.0,0.133,6.909358625270745e+28,30.0,70.0,35,0.0,0.0,0.0,0.0,0.0,0.0,0.0,0.0,0.0,0.0,0.0,0.0,0.0,0.0,0.0,0.0,66.0,0,150,71,52,65476,0,300,0,0,8,20529,65476,0,0,44564,70.0,0.0,0.0,0.0,0.0,0.0
2026-09-10T21:19:30,ERR,ERR,ERR,ERR,ERR,ERR,ERR,ERR,ERR,ERR,ERR,ERR,ERR,ERR,ERR,ERR,ERR,ERR,ERR,ERR,ERR,ERR,ERR,ERR,ERR,ERR,ERR,ERR,ERR,ERR,ERR,ERR,ERR,ERR,ERR,ERR,ERR,ERR,ERR,ERR,ERR,ERR,ERR,ERR,ERR,ERR,ERR,ERR,ERR,ERR,ERR,ERR,ERR,ERR,ERR,ERR,ERR,ERR,ERR,ERR,ERR,ERR,ERR,ERR,ERR,ERR,ERR,ERR,ERR,ERR,ERR,ERR,ERR,ERR,ERR,ERR,ERR,ERR,ERR,ERR,ERR,ERR,ERR,ERR,ERR,ERR,ERR,ERR,ERR,ERR,ERR,ERR,ERR,ERR,ERR,ERR,ERR,ERR,ERR,ERR,ERR,ERR,ERR,ERR,ERR,ERR,ERR,ERR,ERR,ERR,ERR,ERR,ERR,ERR,ERR,ERR,ERR,ERR,ERR,ERR,ERR,ERR,ERR,ERR,ERR,0.0,0.0,2.6474835549302285e+23,0.0,0.0,1.3936040501711995e+18,7.805,0.0,0,0,4,0,7116,0.0,100,0.0,0.0,0.0,0.0,0.0,0,0,0,0,0.0,0,0,0,0,0,0,0,0,0,0,0,0,0,0,0,0,0,0,0,0,0,0,0,0,0,0,0,0,0,0,0,0,0,31,40,40,71,65476,0,300,0,0,8,21553,0.0,-107605600.0,0.0,0.0,0.0,0.0,0.0,0.0,0.0,0.0,0.0,0.0,0.0,0.0,0.0,0.0,0.0,0.0,0.0,0.0,0.0,0.0,-2.004,2.004,-0.0,-2.004,0.0,0.0,0.0,0.0,4467.0,-3.697178656945629e+19,6941.0,0.0,0.0,-0.0,-0.0,0.0,0.0,0.0,0.0,69,-2.718430741444032e+23,0.0,0.0,0.0,0.0,0.0,0.0,0.0,0.0,0,0,0,0.0,0.0,0.0,0.0,0.0,0.0,0.0,0.0,0.0,0.0,0.0,0.0,0.0,0.0,0.0,0.0,0,-107875648.0,69,0.0,138,0.0,2.6474835549302285e+23,0,52429,17086,0,17103,0,17082,0,0,0,70,68,100,2.7302399002429377e+23,82.4,-107615456.0,78.2,2.7302388193790272e+23,79.0,1,49,50,180,0,52429,0,0,0.0,0.0,0.0,0.0,-0.0,67.0,0.0,162057.094,0.0,980,0,1009,0,0,0,954,0,1035,0,930,0,792,0,784,0,822,0,7520,0.032,1.95996655783164e+20,0.0,0.0,784,16797,-0.0,162057.094,-114818.039,-0.0,0.133,6.909358625270745e+28,30.0,70.0,35,0.0,0.0,0.0,0.0,0.0,0.0,0.0,0.0,0.0,0.0,0.0,0.0,0.0,0.0,0.0,0.0,66.0,0,150,71,52,65476,0,300,0,0,8,20529,65476,0,0,44564,70.0,0.0,0.0,0.0,0.0,0.0
2026-09-10T21:19:31,ERR,ERR,ERR,ERR,ERR,ERR,ERR,ERR,ERR,ERR,ERR,ERR,ERR,ERR,ERR,ERR,ERR,ERR,ERR,ERR,ERR,ERR,ERR,ERR,ERR,ERR,ERR,ERR,ERR,ERR,ERR,ERR,ERR,ERR,ERR,ERR,ERR,ERR,ERR,ERR,ERR,ERR,ERR,ERR,ERR,ERR,ERR,ERR,ERR,ERR,ERR,ERR,ERR,ERR,ERR,ERR,ERR,ERR,ERR,ERR,ERR,ERR,ERR,ERR,ERR,ERR,ERR,ERR,ERR,ERR,ERR,ERR,ERR,ERR,ERR,ERR,ERR,ERR,ERR,ERR,ERR,ERR,ERR,ERR,ERR,ERR,ERR,ERR,ERR,ERR,ERR,ERR,ERR,ERR,ERR,ERR,ERR,ERR,ERR,ERR,ERR,ERR,ERR,ERR,ERR,ERR,ERR,ERR,ERR,ERR,ERR,ERR,ERR,ERR,ERR,ERR,ERR,ERR,ERR,ERR,ERR,ERR,ERR,ERR,ERR,0.0,0.0,2.6474835549302285e+23,0.0,0.0,1.3936040501711995e+18,7.805,0.0,0,0,4,0,7116,0.0,100,0.0,0.0,0.0,0.0,0.0,0,0,0,0,0.0,0,0,0,0,0,0,0,0,0,0,0,0,0,0,0,0,0,0,0,0,0,0,0,0,0,0,0,0,0,0,0,0,0,31,40,40,71,65476,0,300,0,0,8,21553,0.0,-107605600.0,0.0,0.0,0.0,0.0,0.0,0.0,0.0,0.0,0.0,0.0,0.0,0.0,0.0,0.0,0.0,0.0,0.0,0.0,0.0,0.0,-2.004,2.004,-0.0,-2.004,0.0,0.0,0.0,0.0,4467.0,-3.697178656945629e+19,6941.0,0.0,0.0,-0.0,-0.0,0.0,0.0,0.0,0.0,69,-2.718430741444032e+23,0.0,0.0,0.0,0.0,0.0,0.0,0.0,0.0,0,0,0,0.0,0.0,0.0,0.0,0.0,0.0,0.0,0.0,0.0,0.0,0.0,0.0,0.0,0.0,0.0,0.0,0,-107875648.0,69,0.0,138,0.0,2.6474835549302285e+23,0,52429,17086,0,17103,0,17082,0,0,0,70,68,100,2.7302399002429377e+23,82.4,-107615456.0,78.2,2.7302388193790272e+23,79.0,1,49,50,180,0,52429,0,0,0.0,0.0,0.0,0.0,-0.0,67.0,0.0,162057.094,0.0,980,0,1009,0,0,0,954,0,1035,0,930,0,792,0,784,0,822,0,7520,0.032,1.95996655783164e+20,0.0,0.0,784,16797,-0.0,162057.094,-114818.039,-0.0,0.133,6.909358625270745e+28,30.0,70.0,35,0.0,0.0,0.0,0.0,0.0,0.0,0.0,0.0,0.0,0.0,0.0,0.0,0.0,0.0,0.0,0.0,66.0,0,150,71,52,65476,0,300,0,0,8,20529,65476,0,0,44564,70.0,0.0,0.0,0.0,0.0,0.0
2026-09-10T21:19:32,ERR,ERR,ERR,ERR,ERR,ERR,ERR,ERR,ERR,ERR,ERR,ERR,ERR,ERR,ERR,ERR,ERR,ERR,ERR,ERR,ERR,ERR,ERR,ERR,ERR,ERR,ERR,ERR,ERR,ERR,ERR,ERR,ERR,ERR,ERR,ERR,ERR,ERR,ERR,ERR,ERR,ERR,ERR,ERR,ERR,ERR,ERR,ERR,ERR,ERR,ERR,ERR,ERR,ERR,ERR,ERR,ERR,ERR,ERR,ERR,ERR,ERR,ERR,ERR,ERR,ERR,ERR,ERR,ERR,ERR,ERR,ERR,ERR,ERR,ERR,ERR,ERR,ERR,ERR,ERR,ERR,ERR,ERR,ERR,ERR,ERR,ERR,ERR,ERR,ERR,ERR,ERR,ERR,ERR,ERR,ERR,ERR,ERR,ERR,ERR,ERR,ERR,ERR,ERR,ERR,ERR,ERR,ERR,ERR,ERR,ERR,ERR,ERR,ERR,ERR,ERR,ERR,ERR,ERR,ERR,ERR,ERR,ERR,ERR,ERR,0.0,0.0,2.6474835549302285e+23,0.0,0.0,1.3936040501711995e+18,7.805,0.0,0,0,4,0,7116,0.0,100,0.0,0.0,0.0,0.0,0.0,0,0,0,0,0.0,0,0,0,0,0,0,0,0,0,0,0,0,0,0,0,0,0,0,0,0,0,0,0,0,0,0,0,0,0,0,0,0,0,31,40,40,71,65476,0,300,0,0,8,21553,0.0,-107605600.0,0.0,0.0,0.0,0.0,0.0,0.0,0.0,0.0,0.0,0.0,0.0,0.0,0.0,0.0,0.0,0.0,0.0,0.0,0.0,0.0,-2.004,2.004,-0.0,-2.004,0.0,0.0,0.0,0.0,4467.0,-3.697178656945629e+19,6941.0,0.0,0.0,-0.0,-0.0,0.0,0.0,0.0,0.0,69,-2.718430741444032e+23,0.0,0.0,0.0,0.0,0.0,0.0,0.0,0.0,0,0,0,0.0,0.0,0.0,0.0,0.0,0.0,0.0,0.0,0.0,0.0,0.0,0.0,0.0,0.0,0.0,0.0,0,-107875648.0,69,0.0,138,0.0,2.6474835549302285e+23,0,52429,17086,0,17103,0,17082,0,0,0,70,68,100,2.7302399002429377e+23,82.4,-107615456.0,78.2,2.7302388193790272e+23,79.0,1,49,50,180,0,52429,0,0,0.0,0.0,0.0,0.0,-0.0,67.0,0.0,162057.094,0.0,980,0,1009,0,0,0,954,0,1035,0,930,0,792,0,784,0,822,0,7520,0.032,1.95996655783164e+20,0.0,0.0,784,16797,-0.0,162057.094,-114818.039,-0.0,0.133,6.909358625270745e+28,30.0,70.0,35,0.0,0.0,0.0,0.0,0.0,0.0,0.0,0.0,0.0,0.0,0.0,0.0,0.0,0.0,0.0,0.0,66.0,0,150,71,52,65476,0,300,0,0,8,20529,65476,0,0,44564,70.0,0.0,0.0,0.0,0.0,0.0
2026-09-10T21:19:33,ERR,ERR,ERR,ERR,ERR,ERR,ERR,ERR,ERR,ERR,ERR,ERR,ERR,ERR,ERR,ERR,ERR,ERR,ERR,ERR,ERR,ERR,ERR,ERR,ERR,ERR,ERR,ERR,ERR,ERR,ERR,ERR,ERR,ERR,ERR,ERR,ERR,ERR,ERR,ERR,ERR,ERR,ERR,ERR,ERR,ERR,ERR,ERR,ERR,ERR,ERR,ERR,ERR,ERR,ERR,ERR,ERR,ERR,ERR,ERR,ERR,ERR,ERR,ERR,ERR,ERR,ERR,ERR,ERR,ERR,ERR,ERR,ERR,ERR,ERR,ERR,ERR,ERR,ERR,ERR,ERR,ERR,ERR,ERR,ERR,ERR,ERR,ERR,ERR,ERR,ERR,ERR,ERR,ERR,ERR,ERR,ERR,ERR,ERR,ERR,ERR,ERR,ERR,ERR,ERR,ERR,ERR,ERR,ERR,ERR,ERR,ERR,ERR,ERR,ERR,ERR,ERR,ERR,ERR,ERR,ERR,ERR,ERR,ERR,ERR,0.0,0.0,2.6474835549302285e+23,0.0,0.0,1.3936040501711995e+18,7.805,0.0,0,0,4,0,7116,0.0,100,0.0,0.0,0.0,0.0,0.0,0,0,0,0,0.0,0,0,0,0,0,0,0,0,0,0,0,0,0,0,0,0,0,0,0,0,0,0,0,0,0,0,0,0,0,0,0,0,0,31,40,40,71,65476,0,300,0,0,8,21553,0.0,-107605600.0,0.0,0.0,0.0,0.0,0.0,0.0,0.0,0.0,0.0,0.0,0.0,0.0,0.0,0.0,0.0,0.0,0.0,0.0,0.0,0.0,-2.004,2.004,-0.0,-2.004,0.0,0.0,0.0,0.0,4467.0,-3.697178656945629e+19,6941.0,0.0,0.0,-0.0,-0.0,0.0,0.0,0.0,0.0,69,-2.718430741444032e+23,0.0,0.0,0.0,0.0,0.0,0.0,0.0,0.0,0,0,0,0.0,0.0,0.0,0.0,0.0,0.0,0.0,0.0,0.0,0.0,0.0,0.0,0.0,0.0,0.0,0.0,0,-107875648.0,69,0.0,138,0.0,2.6474835549302285e+23,0,52429,17086,0,17103,0,17082,0,0,0,70,68,100,2.7302399002429377e+23,82.4,-107615456.0,78.2,2.7302388193790272e+23,79.0,1,49,50,180,0,52429,0,0,0.0,0.0,0.0,0.0,-0.0,67.0,0.0,162057.094,0.0,980,0,1009,0,0,0,954,0,1035,0,930,0,792,0,784,0,822,0,7520,0.032,1.95996655783164e+20,0.0,0.0,784,16797,-0.0,162057.094,-114818.039,-0.0,0.133,6.909358625270745e+28,30.0,70.0,35,0.0,0.0,0.0,0.0,0.0,0.0,0.0,0.0,0.0,0.0,0.0,0.0,0.0,0.0,0.0,0.0,66.0,0,150,71,52,65476,0,300,0,0,8,20529,65476,0,0,44564,70.0,0.0,0.0,0.0,0.0,0.0
2026-09-10T21:19:34,ERR,ERR,ERR,ERR,ERR,ERR,ERR,ERR,ERR,ERR,ERR,ERR,ERR,ERR,ERR,ERR,ERR,ERR,ERR,ERR,ERR,ERR,ERR,ERR,ERR,ERR,ERR,ERR,ERR,ERR,ERR,ERR,ERR,ERR,ERR,ERR,ERR,ERR,ERR,ERR,ERR,ERR,ERR,ERR,ERR,ERR,ERR,ERR,ERR,ERR,ERR,ERR,ERR,ERR,ERR,ERR,ERR,ERR,ERR,ERR,ERR,ERR,ERR,ERR,ERR,ERR,ERR,ERR,ERR,ERR,ERR,ERR,ERR,ERR,ERR,ERR,ERR,ERR,ERR,ERR,ERR,ERR,ERR,ERR,ERR,ERR,ERR,ERR,ERR,ERR,ERR,ERR,ERR,ERR,ERR,ERR,ERR,ERR,ERR,ERR,ERR,ERR,ERR,ERR,ERR,ERR,ERR,ERR,ERR,ERR,ERR,ERR,ERR,ERR,ERR,ERR,ERR,ERR,ERR,ERR,ERR,ERR,ERR,ERR,ERR,0.0,0.0,2.6474835549302285e+23,0.0,0.0,1.3936040501711995e+18,7.805,0.0,0,0,4,0,7116,0.0,100,0.0,0.0,0.0,0.0,0.0,0,0,0,0,0.0,0,0,0,0,0,0,0,0,0,0,0,0,0,0,0,0,0,0,0,0,0,0,0,0,0,0,0,0,0,0,0,0,0,31,40,40,71,65476,0,300,0,0,8,21553,0.0,-107605600.0,0.0,0.0,0.0,0.0,0.0,0.0,0.0,0.0,0.0,0.0,0.0,0.0,0.0,0.0,0.0,0.0,0.0,0.0,0.0,0.0,-2.004,2.004,-0.0,-2.004,0.0,0.0,0.0,0.0,4467.0,-3.697178656945629e+19,6941.0,0.0,0.0,-0.0,-0.0,0.0,0.0,0.0,0.0,69,-2.718430741444032e+23,0.0,0.0,0.0,0.0,0.0,0.0,0.0,0.0,0,0,0,0.0,0.0,0.0,0.0,0.0,0.0,0.0,0.0,0.0,0.0,0.0,0.0,0.0,0.0,0.0,0.0,0,-107875648.0,69,0.0,138,0.0,2.6474835549302285e+23,0,52429,17086,0,17103,0,17082,0,0,0,70,68,100,2.7302399002429377e+23,82.4,-107615456.0,78.2,2.7302388193790272e+23,79.0,1,49,50,180,0,52429,0,0,0.0,0.0,0.0,0.0,-0.0,67.0,0.0,162057.094,0.0,980,0,1009,0,0,0,954,0,1035,0,930,0,792,0,784,0,822,0,7520,0.032,1.95996655783164e+20,0.0,0.0,784,16797,-0.0,162057.094,-114818.039,-0.0,0.133,6.909358625270745e+28,30.0,70.0,35,0.0,0.0,0.0,0.0,0.0,0.0,0.0,0.0,0.0,0.0,0.0,0.0,0.0,0.0,0.0,0.0,66.0,0,150,71,52,65476,0,300,0,0,8,20529,65476,0,0,44564,70.0,0.0,0.0,0.0,0.0,0.0
2026-09-10T21:19:35,ERR,ERR,ERR,ERR,ERR,ERR,ERR,ERR,ERR,ERR,ERR,ERR,ERR,ERR,ERR,ERR,ERR,ERR,ERR,ERR,ERR,ERR,ERR,ERR,ERR,ERR,ERR,ERR,ERR,ERR,ERR,ERR,ERR,ERR,ERR,ERR,ERR,ERR,ERR,ERR,ERR,ERR,ERR,ERR,ERR,ERR,ERR,ERR,ERR,ERR,ERR,ERR,ERR,ERR,ERR,ERR,ERR,ERR,ERR,ERR,ERR,ERR,ERR,ERR,ERR,ERR,ERR,ERR,ERR,ERR,ERR,ERR,ERR,ERR,ERR,ERR,ERR,ERR,ERR,ERR,ERR,ERR,ERR,ERR,ERR,ERR,ERR,ERR,ERR,ERR,ERR,ERR,ERR,ERR,ERR,ERR,ERR,ERR,ERR,ERR,ERR,ERR,ERR,ERR,ERR,ERR,ERR,ERR,ERR,ERR,ERR,ERR,ERR,ERR,ERR,ERR,ERR,ERR,ERR,ERR,ERR,ERR,ERR,ERR,ERR,0.0,0.0,2.6474835549302285e+23,0.0,0.0,1.3936040501711995e+18,7.805,0.0,0,0,4,0,7116,0.0,100,0.0,0.0,0.0,0.0,0.0,0,0,0,0,0.0,0,0,0,0,0,0,0,0,0,0,0,0,0,0,0,0,0,0,0,0,0,0,0,0,0,0,0,0,0,0,0,0,0,31,40,40,71,65476,0,300,0,0,8,21553,0.0,-107605600.0,0.0,0.0,0.0,0.0,0.0,0.0,0.0,0.0,0.0,0.0,0.0,0.0,0.0,0.0,0.0,0.0,0.0,0.0,0.0,0.0,-2.004,2.004,-0.0,-2.004,0.0,0.0,0.0,0.0,4467.0,-3.697178656945629e+19,6941.0,0.0,0.0,-0.0,-0.0,0.0,0.0,0.0,0.0,69,-2.718430741444032e+23,0.0,0.0,0.0,0.0,0.0,0.0,0.0,0.0,0,0,0,0.0,0.0,0.0,0.0,0.0,0.0,0.0,0.0,0.0,0.0,0.0,0.0,0.0,0.0,0.0,0.0,0,-107875648.0,69,0.0,138,0.0,2.6474835549302285e+23,0,52429,17086,0,17103,0,17082,0,0,0,70,68,100,2.7302399002429377e+23,82.4,-107615456.0,78.2,2.7302388193790272e+23,79.0,1,49,50,180,0,52429,0,0,0.0,0.0,0.0,0.0,-0.0,67.0,0.0,162057.094,0.0,980,0,1009,0,0,0,954,0,1035,0,930,0,792,0,784,0,822,0,7520,0.032,1.9484373427855714e+20,0.0,0.0,784,16797,-0.0,162057.094,-114818.039,-0.0,0.133,6.909358625270745e+28,30.0,70.0,35,0.0,0.0,0.0,0.0,0.0,0.0,0.0,0.0,0.0,0.0,0.0,0.0,0.0,0.0,0.0,0.0,66.0,0,150,71,52,65476,0,300,0,0,8,20529,65476,0,0,44564,70.0,0.0,0.0,0.0,0.0,0.0
2026-09-10T21:19:36,ERR,ERR,ERR,ERR,ERR,ERR,ERR,ERR,ERR,ERR,ERR,ERR,ERR,ERR,ERR,ERR,ERR,ERR,ERR,ERR,ERR,ERR,ERR,ERR,ERR,ERR,ERR,ERR,ERR,ERR,ERR,ERR,ERR,ERR,ERR,ERR,ERR,ERR,ERR,ERR,ERR,ERR,ERR,ERR,ERR,ERR,ERR,ERR,ERR,ERR,ERR,ERR,ERR,ERR,ERR,ERR,ERR,ERR,ERR,ERR,ERR,ERR,ERR,ERR,ERR,ERR,ERR,ERR,ERR,ERR,ERR,ERR,ERR,ERR,ERR,ERR,ERR,ERR,ERR,ERR,ERR,ERR,ERR,ERR,ERR,ERR,ERR,ERR,ERR,ERR,ERR,ERR,ERR,ERR,ERR,ERR,ERR,ERR,ERR,ERR,ERR,ERR,ERR,ERR,ERR,ERR,ERR,ERR,ERR,ERR,ERR,ERR,ERR,ERR,ERR,ERR,ERR,ERR,ERR,ERR,ERR,ERR,ERR,ERR,ERR,0.0,0.0,2.6474835549302285e+23,0.0,0.0,1.3936040501711995e+18,7.805,0.0,0,0,4,0,7116,0.0,100,0.0,0.0,0.0,0.0,0.0,0,0,0,0,0.0,0,0,0,0,0,0,0,0,0,0,0,0,0,0,0,0,0,0,0,0,0,0,0,0,0,0,0,0,0,0,0,0,0,31,40,40,71,65476,0,300,0,0,8,21553,0.0,-107605600.0,0.0,0.0,0.0,0.0,0.0,0.0,0.0,0.0,0.0,0.0,0.0,0.0,0.0,0.0,0.0,0.0,0.0,0.0,0.0,0.0,-2.004,2.004,-0.0,-2.004,0.0,0.0,0.0,0.0,4467.0,-3.697178656945629e+19,6941.0,0.0,0.0,-0.0,-0.0,0.0,0.0,0.0,0.0,69,-2.718430741444032e+23,0.0,0.0,0.0,0.0,0.0,0.0,0.0,0.0,0,0,0,0.0,0.0,0.0,0.0,0.0,0.0,0.0,0.0,0.0,0.0,0.0,0.0,0.0,0.0,0.0,0.0,0,-107875648.0,69,0.0,138,0.0,2.6474835549302285e+23,0,52429,17086,0,17103,0,17082,0,0,0,70,68,100,2.7302399002429377e+23,82.4,-107615456.0,78.2,2.7302388193790272e+23,79.0,1,49,50,180,0,52429,0,0,0.0,0.0,0.0,0.0,-0.0,67.0,0.0,162057.094,0.0,980,0,1009,0,0,0,954,0,1035,0,930,0,792,0,784,0,822,0,7520,0.032,1.9484373427855714e+20,0.0,0.0,784,16797,-0.0,162057.094,-114818.039,-0.0,0.133,6.909358625270745e+28,30.0,70.0,35,0.0,0.0,0.0,0.0,0.0,0.0,0.0,0.0,0.0,0.0,0.0,0.0,0.0,0.0,0.0,0.0,66.4,0,150,71,52,65476,0,300,0,0,8,20529,65476,0,0,44564,70.0,0.0,0.0,0.0,0.0,0.0
2026-09-10T21:19:37,ERR,ERR,ERR,ERR,ERR,ERR,ERR,ERR,ERR,ERR,ERR,ERR,ERR,ERR,ERR,ERR,ERR,ERR,ERR,ERR,ERR,ERR,ERR,ERR,ERR,ERR,ERR,ERR,ERR,ERR,ERR,ERR,ERR,ERR,ERR,ERR,ERR,ERR,ERR,ERR,ERR,ERR,ERR,ERR,ERR,ERR,ERR,ERR,ERR,ERR,ERR,ERR,ERR,ERR,ERR,ERR,ERR,ERR,ERR,ERR,ERR,ERR,ERR,ERR,ERR,ERR,ERR,ERR,ERR,ERR,ERR,ERR,ERR,ERR,ERR,ERR,ERR,ERR,ERR,ERR,ERR,ERR,ERR,ERR,ERR,ERR,ERR,ERR,ERR,ERR,ERR,ERR,ERR,ERR,ERR,ERR,ERR,ERR,ERR,ERR,ERR,ERR,ERR,ERR,ERR,ERR,ERR,ERR,ERR,ERR,ERR,ERR,ERR,ERR,ERR,ERR,ERR,ERR,ERR,ERR,ERR,ERR,ERR,ERR,ERR,0.0,0.0,2.6474835549302285e+23,0.0,0.0,1.3936040501711995e+18,7.805,0.0,0,0,4,0,7116,0.0,100,0.0,0.0,0.0,0.0,0.0,0,0,0,0,0.0,0,0,0,0,0,0,0,0,0,0,0,0,0,0,0,0,0,0,0,0,0,0,0,0,0,0,0,0,0,0,0,0,0,31,40,40,71,65476,0,300,0,0,8,21553,0.0,-107605600.0,0.0,0.0,0.0,0.0,0.0,0.0,0.0,0.0,0.0,0.0,0.0,0.0,0.0,0.0,0.0,0.0,0.0,0.0,0.0,0.0,-2.004,2.004,-0.0,0.0,0.0,0.0,0.0,0.0,4461.0,-2.4229830046158873e+24,6942.0,0.0,0.0,-0.0,-107615296.0,0.0,0.0,0.0,0.0,69,-2.718430741444032e+23,0.0,0.0,0.0,0.0,0.0,0.0,0.0,0.0,0,0,0,0.0,0.0,0.0,0.0,0.0,0.0,0.0,0.0,0.0,0.0,0.0,0.0,0.0,0.0,0.0,0.0,0,-107875648.0,69,0.0,138,0.0,2.6474835549302285e+23,0,52429,17086,0,17103,0,17082,0,0,0,70,68,100,2.7302399002429377e+23,82.4,-107615456.0,78.2,2.7302388193790272e+23,79.0,1,49,50,180,0,52429,0,0,0.0,0.0,0.0,0.0,-0.0,67.0,0.0,162057.094,0.0,980,0,1009,0,0,0,954,0,1035,0,930,0,792,0,784,0,822,0,7520,0.032,1.9484373427855714e+20,0.0,0.0,784,16797,-0.0,162057.094,-114818.039,-0.0,0.133,6.909358625270745e+28,30.0,70.0,35,0.0,0.0,0.0,0.0,0.0,0.0,0.0,0.0,0.0,0.0,0.0,0.0,0.0,0.0,0.0,0.0,66.4,0,150,71,52,65476,0,300,0,0,8,20529,65476,0,0,44564,70.0,0.0,0.0,0.0,0.0,0.0
2026-09-10T21:19:38,ERR,ERR,ERR,ERR,ERR,ERR,ERR,ERR,ERR,ERR,ERR,ERR,ERR,ERR,ERR,ERR,ERR,ERR,ERR,ERR,ERR,ERR,ERR,ERR,ERR,ERR,ERR,ERR,ERR,ERR,ERR,ERR,ERR,ERR,ERR,ERR,ERR,ERR,ERR,ERR,ERR,ERR,ERR,ERR,ERR,ERR,ERR,ERR,ERR,ERR,ERR,ERR,ERR,ERR,ERR,ERR,ERR,ERR,ERR,ERR,ERR,ERR,ERR,ERR,ERR,ERR,ERR,ERR,ERR,ERR,ERR,ERR,ERR,ERR,ERR,ERR,ERR,ERR,ERR,ERR,ERR,ERR,ERR,ERR,ERR,ERR,ERR,ERR,ERR,ERR,ERR,ERR,ERR,ERR,ERR,ERR,ERR,ERR,ERR,ERR,ERR,ERR,ERR,ERR,ERR,ERR,ERR,ERR,ERR,ERR,ERR,ERR,ERR,ERR,ERR,ERR,ERR,ERR,ERR,ERR,ERR,ERR,ERR,ERR,ERR,0.0,0.0,2.6474835549302285e+23,0.0,0.0,1.3936040501711995e+18,7.805,0.0,0,0,4,0,7116,0.0,100,0.0,0.0,0.0,0.0,0.0,0,0,0,0,0.0,0,0,0,0,0,0,0,0,0,0,0,0,0,0,0,0,0,0,0,0,0,0,0,0,0,0,0,0,0,0,0,0,0,31,40,40,71,65476,0,300,0,0,8,21553,0.0,-107605600.0,0.0,0.0,0.0,0.0,0.0,0.0,0.0,0.0,0.0,0.0,0.0,0.0,0.0,0.0,0.0,0.0,0.0,0.0,0.0,0.0,-2.004,2.004,-0.0,0.0,0.0,0.0,0.0,0.0,4461.0,-2.4229830046158873e+24,6942.0,0.0,0.0,-0.0,-107615296.0,0.0,0.0,0.0,0.0,69,-2.718430741444032e+23,0.0,0.0,0.0,0.0,0.0,0.0,0.0,0.0,0,0,0,0.0,0.0,0.0,0.0,0.0,0.0,0.0,0.0,0.0,0.0,0.0,0.0,0.0,0.0,0.0,0.0,0,-107875648.0,69,0.0,138,0.0,2.6474835549302285e+23,0,52429,17086,0,17103,0,17082,0,0,0,70,68,100,2.7302399002429377e+23,82.4,-107615456.0,78.2,2.7302388193790272e+23,79.0,1,49,50,180,0,52429,0,0,0.0,0.0,0.0,0.0,-0.0,67.0,0.0,162057.094,0.0,980,0,1009,0,0,0,954,0,1035,0,930,0,792,0,784,0,822,0,7520,0.032,1.9484373427855714e+20,0.0,0.0,784,16797,-0.0,162057.094,-114818.039,-0.0,0.133,6.909358625270745e+28,30.0,70.0,35,0.0,0.0,0.0,0.0,0.0,0.0,0.0,0.0,0.0,0.0,0.0,0.0,0.0,0.0,0.0,0.0,66.4,0,150,71,52,65476,0,300,0,0,8,20529,65476,0,0,44564,70.0,0.0,0.0,0.0,0.0,0.0
2026-09-10T21:19:39,ERR,ERR,ERR,ERR,ERR,ERR,ERR,ERR,ERR,ERR,ERR,ERR,ERR,ERR,ERR,ERR,ERR,ERR,ERR,ERR,ERR,ERR,ERR,ERR,ERR,ERR,ERR,ERR,ERR,ERR,ERR,ERR,ERR,ERR,ERR,ERR,ERR,ERR,ERR,ERR,ERR,ERR,ERR,ERR,ERR,ERR,ERR,ERR,ERR,ERR,ERR,ERR,ERR,ERR,ERR,ERR,ERR,ERR,ERR,ERR,ERR,ERR,ERR,ERR,ERR,ERR,ERR,ERR,ERR,ERR,ERR,ERR,ERR,ERR,ERR,ERR,ERR,ERR,ERR,ERR,ERR,ERR,ERR,ERR,ERR,ERR,ERR,ERR,ERR,ERR,ERR,ERR,ERR,ERR,ERR,ERR,ERR,ERR,ERR,ERR,ERR,ERR,ERR,ERR,ERR,ERR,ERR,ERR,ERR,ERR,ERR,ERR,ERR,ERR,ERR,ERR,ERR,ERR,ERR,ERR,ERR,ERR,ERR,ERR,ERR,0.0,0.0,2.6474835549302285e+23,0.0,0.0,1.3936040501711995e+18,7.805,0.0,0,0,4,0,7116,0.0,100,0.0,0.0,0.0,0.0,0.0,0,0,0,0,0.0,0,0,0,0,0,0,0,0,0,0,0,0,0,0,0,0,0,0,0,0,0,0,0,0,0,0,0,0,0,0,0,0,0,31,40,40,71,65476,0,300,0,0,8,21553,0.0,-107605600.0,0.0,0.0,0.0,0.0,0.0,0.0,0.0,0.0,0.0,0.0,0.0,0.0,0.0,0.0,0.0,0.0,0.0,0.0,0.0,0.0,-2.004,2.004,-0.0,0.0,0.0,0.0,0.0,0.0,4461.0,-2.4229830046158873e+24,6942.0,0.0,0.0,-0.0,-107615296.0,0.0,0.0,0.0,0.0,69,-2.718430741444032e+23,0.0,0.0,0.0,0.0,0.0,0.0,0.0,0.0,0,0,0,0.0,0.0,0.0,0.0,0.0,0.0,0.0,0.0,0.0,0.0,0.0,0.0,0.0,0.0,0.0,0.0,0,-107875648.0,69,0.0,138,0.0,2.6474835549302285e+23,0,52429,17086,0,17103,0,17082,0,0,0,70,68,100,2.7302399002429377e+23,82.4,-107615456.0,78.2,2.7302388193790272e+23,79.0,1,49,50,180,0,52429,0,0,0.0,0.0,0.0,0.0,-0.0,67.0,0.0,162057.094,0.0,980,0,1009,0,0,0,954,0,1035,0,930,0,792,0,784,0,822,0,7520,0.032,1.9484373427855714e+20,0.0,0.0,784,16797,-0.0,162057.094,-114818.039,-0.0,0.133,6.909358625270745e+28,30.0,70.0,35,0.0,0.0,0.0,0.0,0.0,0.0,0.0,0.0,0.0,0.0,0.0,0.0,0.0,0.0,0.0,0.0,66.0,0,150,71,52,65476,0,300,0,0,8,20529,65476,0,0,44564,70.0,0.0,0.0,0.0,0.0,0.0
2026-09-10T21:19:40,ERR,ERR,ERR,ERR,ERR,ERR,ERR,ERR,ERR,ERR,ERR,ERR,ERR,ERR,ERR,ERR,ERR,ERR,ERR,ERR,ERR,ERR,ERR,ERR,ERR,ERR,ERR,ERR,ERR,ERR,ERR,ERR,ERR,ERR,ERR,ERR,ERR,ERR,ERR,ERR,ERR,ERR,ERR,ERR,ERR,ERR,ERR,ERR,ERR,ERR,ERR,ERR,ERR,ERR,ERR,ERR,ERR,ERR,ERR,ERR,ERR,ERR,ERR,ERR,ERR,ERR,ERR,ERR,ERR,ERR,ERR,ERR,ERR,ERR,ERR,ERR,ERR,ERR,ERR,ERR,ERR,ERR,ERR,ERR,ERR,ERR,ERR,ERR,ERR,ERR,ERR,ERR,ERR,ERR,ERR,ERR,ERR,ERR,ERR,ERR,ERR,ERR,ERR,ERR,ERR,ERR,ERR,ERR,ERR,ERR,ERR,ERR,ERR,ERR,ERR,ERR,ERR,ERR,ERR,ERR,ERR,ERR,ERR,ERR,ERR,0.0,0.0,2.6474835549302285e+23,0.0,0.0,1.3936040501711995e+18,7.805,0.0,0,0,4,0,7116,0.0,100,0.0,0.0,0.0,0.0,0.0,0,0,0,0,0.0,0,0,0,0,0,0,0,0,0,0,0,0,0,0,0,0,0,0,0,0,0,0,0,0,0,0,0,0,0,0,0,0,0,31,40,40,71,65476,0,300,0,0,8,21553,0.0,-107605600.0,0.0,0.0,0.0,0.0,0.0,0.0,0.0,0.0,0.0,0.0,0.0,0.0,0.0,0.0,0.0,0.0,0.0,0.0,0.0,0.0,-2.004,2.004,-0.0,0.0,0.0,0.0,0.0,0.0,4461.0,-2.4229830046158873e+24,6942.0,0.0,0.0,-0.0,-107615296.0,0.0,0.0,0.0,0.0,69,-2.718430741444032e+23,0.0,0.0,0.0,0.0,0.0,0.0,0.0,0.0,0,0,0,0.0,0.0,0.0,0.0,0.0,0.0,0.0,0.0,0.0,0.0,0.0,0.0,0.0,0.0,0.0,0.0,0,-107875648.0,69,0.0,138,0.0,2.6474835549302285e+23,0,52429,17086,0,17103,13107,17082,0,0,0,70,68,100,2.7302399002429377e+23,82.4,-107615456.0,78.2,2.7302388193790272e+23,79.0,1,49,50,180,0,52429,0,0,0.0,0.0,0.0,0.0,-0.0,67.0,0.0,162057.094,0.0,980,0,1009,0,0,0,954,0,1035,0,931,0,792,0,784,0,822,0,7520,0.032,1.95996655783164e+20,0.0,0.0,784,16797,-0.0,162057.094,-114818.039,-0.0,0.133,6.909358625270745e+28,30.0,70.0,35,0.0,0.0,0.0,0.0,0.0,0.0,0.0,0.0,0.0,0.0,0.0,0.0,0.0,0.0,0.0,0.0,66.0,0,150,71,52,65476,0,300,0,0,8,20529,65476,0,0,44564,70.0,0.0,0.0,0.0,0.0,0.0
2026-09-10T21:19:41,ERR,ERR,ERR,ERR,ERR,ERR,ERR,ERR,ERR,ERR,ERR,ERR,ERR,ERR,ERR,ERR,ERR,ERR,ERR,ERR,ERR,ERR,ERR,ERR,ERR,ERR,ERR,ERR,ERR,ERR,ERR,ERR,ERR,ERR,ERR,ERR,ERR,ERR,ERR,ERR,ERR,ERR,ERR,ERR,ERR,ERR,ERR,ERR,ERR,ERR,ERR,ERR,ERR,ERR,ERR,ERR,ERR,ERR,ERR,ERR,ERR,ERR,ERR,ERR,ERR,ERR,ERR,ERR,ERR,ERR,ERR,ERR,ERR,ERR,ERR,ERR,ERR,ERR,ERR,ERR,ERR,ERR,ERR,ERR,ERR,ERR,ERR,ERR,ERR,ERR,ERR,ERR,ERR,ERR,ERR,ERR,ERR,ERR,ERR,ERR,ERR,ERR,ERR,ERR,ERR,ERR,ERR,ERR,ERR,ERR,ERR,ERR,ERR,ERR,ERR,ERR,ERR,ERR,ERR,ERR,ERR,ERR,ERR,ERR,ERR,0.0,0.0,2.6474835549302285e+23,0.0,0.0,1.3936040501711995e+18,7.805,0.0,0,0,4,0,7116,0.0,100,0.0,0.0,0.0,0.0,0.0,0,0,0,0,0.0,0,0,0,0,0,0,0,0,0,0,0,0,0,0,0,0,0,0,0,0,0,0,0,0,0,0,0,0,0,0,0,0,0,31,40,40,71,65476,0,300,0,0,8,21553,0.0,-107605600.0,0.0,0.0,0.0,0.0,0.0,0.0,0.0,0.0,0.0,0.0,0.0,0.0,0.0,0.0,0.0,0.0,0.0,0.0,0.0,0.0,-2.004,2.004,-0.0,0.0,0.0,0.0,0.0,0.0,4461.0,-2.4229830046158873e+24,6942.0,0.0,0.0,-0.0,-107615296.0,0.0,0.0,0.0,0.0,69,-2.718430741444032e+23,0.0,0.0,0.0,0.0,0.0,0.0,0.0,0.0,0,0,0,0.0,0.0,0.0,0.0,0.0,0.0,0.0,0.0,0.0,0.0,0.0,0.0,0.0,0.0,0.0,0.0,0,-107875648.0,69,0.0,138,0.0,2.6474835549302285e+23,0,52429,17086,0,17103,13107,17082,0,0,0,70,68,100,2.7302399002429377e+23,82.4,-107615456.0,78.2,2.7302388193790272e+23,79.0,1,49,50,180,0,52429,0,0,0.0,0.0,0.0,0.0,-0.0,67.0,0.0,162057.094,0.0,980,0,1009,0,0,0,954,0,1035,0,931,0,792,0,784,0,822,0,7520,0.032,1.95996655783164e+20,0.0,0.0,784,16797,-0.0,162057.094,-114818.039,-0.0,0.133,6.909358625270745e+28,30.0,70.0,35,0.0,0.0,0.0,0.0,0.0,0.0,0.0,0.0,0.0,0.0,0.0,0.0,0.0,0.0,0.0,0.0,66.0,0,150,71,52,65476,0,300,0,0,8,20529,65476,0,0,44564,70.0,0.0,0.0,0.0,0.0,0.0
2026-09-10T21:19:42,ERR,ERR,ERR,ERR,ERR,ERR,ERR,ERR,ERR,ERR,ERR,ERR,ERR,ERR,ERR,ERR,ERR,ERR,ERR,ERR,ERR,ERR,ERR,ERR,ERR,ERR,ERR,ERR,ERR,ERR,ERR,ERR,ERR,ERR,ERR,ERR,ERR,ERR,ERR,ERR,ERR,ERR,ERR,ERR,ERR,ERR,ERR,ERR,ERR,ERR,ERR,ERR,ERR,ERR,ERR,ERR,ERR,ERR,ERR,ERR,ERR,ERR,ERR,ERR,ERR,ERR,ERR,ERR,ERR,ERR,ERR,ERR,ERR,ERR,ERR,ERR,ERR,ERR,ERR,ERR,ERR,ERR,ERR,ERR,ERR,ERR,ERR,ERR,ERR,ERR,ERR,ERR,ERR,ERR,ERR,ERR,ERR,ERR,ERR,ERR,ERR,ERR,ERR,ERR,ERR,ERR,ERR,ERR,ERR,ERR,ERR,ERR,ERR,ERR,ERR,ERR,ERR,ERR,ERR,ERR,ERR,ERR,ERR,ERR,ERR,0.0,0.0,2.6474835549302285e+23,0.0,0.0,1.3936040501711995e+18,7.805,0.0,0,0,4,0,7116,0.0,100,0.0,0.0,0.0,0.0,0.0,0,0,0,0,0.0,0,0,0,0,0,0,0,0,0,0,0,0,0,0,0,0,0,0,0,0,0,0,0,0,0,0,0,0,0,0,0,0,0,31,40,40,71,65476,0,300,0,0,8,21553,0.0,-107605600.0,0.0,0.0,0.0,0.0,0.0,0.0,0.0,0.0,0.0,0.0,0.0,0.0,0.0,0.0,0.0,0.0,0.0,0.0,0.0,0.0,-2.004,2.004,-0.0,0.0,0.0,0.0,0.0,0.0,4461.0,-2.4229830046158873e+24,6942.0,0.0,0.0,-0.0,-107615296.0,0.0,0.0,0.0,0.0,69,-2.718430741444032e+23,0.0,0.0,0.0,0.0,0.0,0.0,0.0,0.0,0,0,0,0.0,0.0,0.0,0.0,0.0,0.0,0.0,0.0,0.0,0.0,0.0,0.0,0.0,0.0,0.0,0.0,0,-107875648.0,69,0.0,138,0.0,2.6474835549302285e+23,0,52429,17086,0,17103,13107,17082,0,0,0,70,68,100,2.7302399002429377e+23,82.4,-107615456.0,78.2,2.7302388193790272e+23,79.0,1,49,50,180,0,52429,0,0,0.0,0.0,0.0,0.0,-0.0,67.0,0.0,162057.094,0.0,980,0,1009,0,0,0,954,0,1035,0,931,0,792,0,784,0,822,0,7520,0.032,1.95996655783164e+20,0.0,0.0,784,16797,-0.0,162057.094,-114818.039,-0.0,0.133,6.909358625270745e+28,30.0,70.0,35,0.0,0.0,0.0,0.0,0.0,0.0,0.0,0.0,0.0,0.0,0.0,0.0,0.0,0.0,0.0,0.0,66.0,0,150,71,52,65476,0,300,0,0,8,20529,65476,0,0,44564,70.0,0.0,0.0,0.0,0.0,0.0
2026-09-10T21:19:43,ERR,ERR,ERR,ERR,ERR,ERR,ERR,ERR,ERR,ERR,ERR,ERR,ERR,ERR,ERR,ERR,ERR,ERR,ERR,ERR,ERR,ERR,ERR,ERR,ERR,ERR,ERR,ERR,ERR,ERR,ERR,ERR,ERR,ERR,ERR,ERR,ERR,ERR,ERR,ERR,ERR,ERR,ERR,ERR,ERR,ERR,ERR,ERR,ERR,ERR,ERR,ERR,ERR,ERR,ERR,ERR,ERR,ERR,ERR,ERR,ERR,ERR,ERR,ERR,ERR,ERR,ERR,ERR,ERR,ERR,ERR,ERR,ERR,ERR,ERR,ERR,ERR,ERR,ERR,ERR,ERR,ERR,ERR,ERR,ERR,ERR,ERR,ERR,ERR,ERR,ERR,ERR,ERR,ERR,ERR,ERR,ERR,ERR,ERR,ERR,ERR,ERR,ERR,ERR,ERR,ERR,ERR,ERR,ERR,ERR,ERR,ERR,ERR,ERR,ERR,ERR,ERR,ERR,ERR,ERR,ERR,ERR,ERR,ERR,ERR,0.0,0.0,2.6474835549302285e+23,0.0,0.0,1.3936040501711995e+18,7.805,0.0,0,0,4,0,7116,0.0,100,0.0,0.0,0.0,0.0,0.0,0,0,0,0,0.0,0,0,0,0,0,0,0,0,0,0,0,0,0,0,0,0,0,0,0,0,0,0,0,0,0,0,0,0,0,0,0,0,0,31,40,40,71,65476,0,300,0,0,8,21553,0.0,-107605600.0,0.0,0.0,0.0,0.0,0.0,0.0,0.0,0.0,0.0,0.0,0.0,0.0,0.0,0.0,0.0,0.0,0.0,0.0,0.0,0.0,-2.004,2.004,-0.0,0.0,0.0,0.0,0.0,0.0,4461.0,-2.4229830046158873e+24,6942.0,0.0,0.0,-0.0,-107615296.0,0.0,0.0,0.0,0.0,69,-2.718430741444032e+23,0.0,0.0,0.0,0.0,0.0,0.0,0.0,0.0,0,0,0,0.0,0.0,0.0,0.0,0.0,0.0,0.0,0.0,0.0,0.0,0.0,0.0,0.0,0.0,0.0,0.0,0,-107875648.0,69,0.0,138,0.0,2.6474835549302285e+23,0,52429,17086,0,17103,13107,17082,0,0,0,70,68,100,2.7302399002429377e+23,82.4,-107615456.0,78.2,2.7302388193790272e+23,79.0,1,49,50,180,0,52429,0,0,0.0,0.0,0.0,0.0,-0.0,67.0,0.0,162057.094,0.0,980,0,1009,0,0,0,954,0,1035,0,931,0,792,0,784,0,822,0,7520,0.032,1.95996655783164e+20,0.0,0.0,784,16797,-0.0,162057.094,-114818.039,-0.0,0.133,6.909358625270745e+28,30.0,70.0,35,0.0,0.0,0.0,0.0,0.0,0.0,0.0,0.0,0.0,0.0,0.0,0.0,0.0,0.0,0.0,0.0,66.0,0,150,71,52,65476,0,300,0,0,8,20529,65476,0,0,44564,70.0,0.0,0.0,0.0,0.0,0.0
2026-09-10T21:19:44,ERR,ERR,ERR,ERR,ERR,ERR,ERR,ERR,ERR,ERR,ERR,ERR,ERR,ERR,ERR,ERR,ERR,ERR,ERR,ERR,ERR,ERR,ERR,ERR,ERR,ERR,ERR,ERR,ERR,ERR,ERR,ERR,ERR,ERR,ERR,ERR,ERR,ERR,ERR,ERR,ERR,ERR,ERR,ERR,ERR,ERR,ERR,ERR,ERR,ERR,ERR,ERR,ERR,ERR,ERR,ERR,ERR,ERR,ERR,ERR,ERR,ERR,ERR,ERR,ERR,ERR,ERR,ERR,ERR,ERR,ERR,ERR,ERR,ERR,ERR,ERR,ERR,ERR,ERR,ERR,ERR,ERR,ERR,ERR,ERR,ERR,ERR,ERR,ERR,ERR,ERR,ERR,ERR,ERR,ERR,ERR,ERR,ERR,ERR,ERR,ERR,ERR,ERR,ERR,ERR,ERR,ERR,ERR,ERR,ERR,ERR,ERR,ERR,ERR,ERR,ERR,ERR,ERR,ERR,ERR,ERR,ERR,ERR,ERR,ERR,0.0,0.0,2.6474835549302285e+23,0.0,0.0,1.3936040501711995e+18,7.805,0.0,0,0,4,0,7116,0.0,100,0.0,0.0,0.0,0.0,0.0,0,0,0,0,0.0,0,0,0,0,0,0,0,0,0,0,0,0,0,0,0,0,0,0,0,0,0,0,0,0,0,0,0,0,0,0,0,0,0,31,40,40,71,65476,0,300,0,0,8,21553,0.0,-107605600.0,0.0,0.0,0.0,0.0,0.0,0.0,0.0,0.0,0.0,0.0,0.0,0.0,0.0,0.0,0.0,0.0,0.0,0.0,0.0,0.0,-0.0,2.004,-0.0,0.0,0.0,0.0,0.0,0.0,4470.0,-3.697178656945629e+19,6940.0,0.0,0.0,-0.0,-107615296.0,0.0,0.0,0.0,0.0,69,0.0,0.0,0.0,0.0,0.0,0.0,0.0,0.0,0.0,0,0,0,0.0,0.0,0.0,0.0,0.0,0.0,0.0,0.0,0.0,0.0,0.0,0.0,0.0,0.0,0.0,0.0,0,-107875648.0,69,0.0,138,0.0,2.6474835549302285e+23,0,52429,17086,0,17103,13107,17082,0,0,0,70,68,100,2.7302399002429377e+23,82.4,-107615456.0,78.2,2.7302388193790272e+23,79.0,1,49,50,180,0,52429,0,0,0.0,0.0,0.0,0.0,-0.0,67.0,0.0,162057.094,0.0,980,0,1009,0,0,0,954,0,1035,0,931,0,792,0,784,0,822,0,7520,0.032,1.95996655783164e+20,0.0,0.0,784,16797,-0.0,162057.094,-114818.039,-0.0,0.133,6.909358625270745e+28,30.0,70.0,35,0.0,0.0,0.0,0.0,0.0,0.0,0.0,0.0,0.0,0.0,0.0,0.0,0.0,0.0,0.0,0.0,66.0,0,150,71,52,65476,0,300,0,0,8,20529,65476,0,0,44564,70.0,0.0,0.0,0.0,0.0,0.0
2026-09-10T21:19:45,ERR,ERR,ERR,ERR,ERR,ERR,ERR,ERR,ERR,ERR,ERR,ERR,ERR,ERR,ERR,ERR,ERR,ERR,ERR,ERR,ERR,ERR,ERR,ERR,ERR,ERR,ERR,ERR,ERR,ERR,ERR,ERR,ERR,ERR,ERR,ERR,ERR,ERR,ERR,ERR,ERR,ERR,ERR,ERR,ERR,ERR,ERR,ERR,ERR,ERR,ERR,ERR,ERR,ERR,ERR,ERR,ERR,ERR,ERR,ERR,ERR,ERR,ERR,ERR,ERR,ERR,ERR,ERR,ERR,ERR,ERR,ERR,ERR,ERR,ERR,ERR,ERR,ERR,ERR,ERR,ERR,ERR,ERR,ERR,ERR,ERR,ERR,ERR,ERR,ERR,ERR,ERR,ERR,ERR,ERR,ERR,ERR,ERR,ERR,ERR,ERR,ERR,ERR,ERR,ERR,ERR,ERR,ERR,ERR,ERR,ERR,ERR,ERR,ERR,ERR,ERR,ERR,ERR,ERR,ERR,ERR,ERR,ERR,ERR,ERR,0.0,0.0,2.6474835549302285e+23,0.0,0.0,1.3936040501711995e+18,7.805,0.0,0,0,4,0,7116,0.0,100,0.0,0.0,0.0,0.0,0.0,0,0,0,0,0.0,0,0,0,0,0,0,0,0,0,0,0,0,0,0,0,0,0,0,0,0,0,0,0,0,0,0,0,0,0,0,0,0,0,31,40,40,71,65476,0,300,0,0,8,21553,0.0,-107605600.0,0.0,0.0,0.0,0.0,0.0,0.0,0.0,0.0,0.0,0.0,0.0,0.0,0.0,0.0,0.0,0.0,0.0,0.0,0.0,0.0,-0.0,2.004,-0.0,0.0,0.0,0.0,0.0,0.0,4470.0,-3.697178656945629e+19,6940.0,0.0,0.0,-0.0,-107615296.0,0.0,0.0,0.0,0.0,69,0.0,0.0,0.0,0.0,0.0,0.0,0.0,0.0,0.0,0,0,0,0.0,0.0,0.0,0.0,0.0,0.0,0.0,0.0,0.0,0.0,0.0,0.0,0.0,0.0,0.0,0.0,0,-107875648.0,69,0.0,138,0.0,2.6474835549302285e+23,0,52429,17086,0,17103,0,17082,0,0,0,70,68,100,2.7302399002429377e+23,82.4,-107615456.0,78.2,2.7302388193790272e+23,79.0,1,49,50,180,0,52429,0,0,0.0,0.0,0.0,0.0,-0.0,67.0,0.0,162057.094,0.0,980,0,1009,0,0,0,954,0,1035,0,930,0,792,0,784,0,822,0,7520,0.032,1.95996655783164e+20,0.0,0.0,784,16797,-0.0,162057.094,-114818.039,-0.0,0.133,6.909358625270745e+28,30.0,70.0,35,0.0,0.0,0.0,0.0,0.0,0.0,0.0,0.0,0.0,0.0,0.0,0.0,0.0,0.0,0.0,0.0,66.0,0,150,71,52,65476,0,300,0,0,8,20529,65476,0,0,44564,70.0,0.0,0.0,0.0,0.0,0.0
2026-09-10T21:19:46,ERR,ERR,ERR,ERR,ERR,ERR,ERR,ERR,ERR,ERR,ERR,ERR,ERR,ERR,ERR,ERR,ERR,ERR,ERR,ERR,ERR,ERR,ERR,ERR,ERR,ERR,ERR,ERR,ERR,ERR,ERR,ERR,ERR,ERR,ERR,ERR,ERR,ERR,ERR,ERR,ERR,ERR,ERR,ERR,ERR,ERR,ERR,ERR,ERR,ERR,ERR,ERR,ERR,ERR,ERR,ERR,ERR,ERR,ERR,ERR,ERR,ERR,ERR,ERR,ERR,ERR,ERR,ERR,ERR,ERR,ERR,ERR,ERR,ERR,ERR,ERR,ERR,ERR,ERR,ERR,ERR,ERR,ERR,ERR,ERR,ERR,ERR,ERR,ERR,ERR,ERR,ERR,ERR,ERR,ERR,ERR,ERR,ERR,ERR,ERR,ERR,ERR,ERR,ERR,ERR,ERR,ERR,ERR,ERR,ERR,ERR,ERR,ERR,ERR,ERR,ERR,ERR,ERR,ERR,ERR,ERR,ERR,ERR,ERR,ERR,0.0,0.0,2.6474835549302285e+23,0.0,0.0,1.3936040501711995e+18,7.805,0.0,0,0,4,0,7116,0.0,100,0.0,0.0,0.0,0.0,0.0,0,0,0,0,0.0,0,0,0,0,0,0,0,0,0,0,0,0,0,0,0,0,0,0,0,0,0,0,0,0,0,0,0,0,0,0,0,0,0,31,40,40,71,65476,0,300,0,0,8,21553,0.0,-107605600.0,0.0,0.0,0.0,0.0,0.0,0.0,0.0,0.0,0.0,0.0,0.0,0.0,0.0,0.0,0.0,0.0,0.0,0.0,0.0,0.0,-0.0,2.004,-0.0,0.0,0.0,0.0,0.0,0.0,4470.0,-3.697178656945629e+19,6940.0,0.0,0.0,-0.0,-107615296.0,0.0,0.0,0.0,0.0,69,0.0,0.0,0.0,0.0,0.0,0.0,0.0,0.0,0.0,0,0,0,0.0,0.0,0.0,0.0,0.0,0.0,0.0,0.0,0.0,0.0,0.0,0.0,0.0,0.0,0.0,0.0,0,-107875648.0,69,0.0,138,0.0,2.6474835549302285e+23,0,52429,17086,0,17103,0,17082,0,0,0,70,68,100,2.7302399002429377e+23,82.4,-107615456.0,78.2,2.7302388193790272e+23,79.0,1,49,50,180,0,52429,0,0,0.0,0.0,0.0,0.0,-0.0,67.0,0.0,162057.094,0.0,980,0,1009,0,0,0,954,0,1035,0,930,0,792,0,784,0,822,0,7520,0.032,1.95996655783164e+20,0.0,0.0,784,16797,-0.0,162057.094,-114818.039,-0.0,0.133,6.909358625270745e+28,30.0,70.0,35,0.0,0.0,0.0,0.0,0.0,0.0,0.0,0.0,0.0,0.0,0.0,0.0,0.0,0.0,0.0,0.0,66.0,0,150,71,52,65476,0,300,0,0,8,20529,65476,0,0,44564,70.0,0.0,0.0,0.0,0.0,0.0
2026-09-10T21:19:47,ERR,ERR,ERR,ERR,ERR,ERR,ERR,ERR,ERR,ERR,ERR,ERR,ERR,ERR,ERR,ERR,ERR,ERR,ERR,ERR,ERR,ERR,ERR,ERR,ERR,ERR,ERR,ERR,ERR,ERR,ERR,ERR,ERR,ERR,ERR,ERR,ERR,ERR,ERR,ERR,ERR,ERR,ERR,ERR,ERR,ERR,ERR,ERR,ERR,ERR,ERR,ERR,ERR,ERR,ERR,ERR,ERR,ERR,ERR,ERR,ERR,ERR,ERR,ERR,ERR,ERR,ERR,ERR,ERR,ERR,ERR,ERR,ERR,ERR,ERR,ERR,ERR,ERR,ERR,ERR,ERR,ERR,ERR,ERR,ERR,ERR,ERR,ERR,ERR,ERR,ERR,ERR,ERR,ERR,ERR,ERR,ERR,ERR,ERR,ERR,ERR,ERR,ERR,ERR,ERR,ERR,ERR,ERR,ERR,ERR,ERR,ERR,ERR,ERR,ERR,ERR,ERR,ERR,ERR,ERR,ERR,ERR,ERR,ERR,ERR,0.0,0.0,2.6474835549302285e+23,0.0,0.0,1.3936040501711995e+18,7.805,0.0,0,0,4,0,7116,0.0,100,0.0,0.0,0.0,0.0,0.0,0,0,0,0,0.0,0,0,0,0,0,0,0,0,0,0,0,0,0,0,0,0,0,0,0,0,0,0,0,0,0,0,0,0,0,0,0,0,0,31,40,40,71,65476,0,300,0,0,8,21553,0.0,-107605600.0,0.0,0.0,0.0,0.0,0.0,0.0,0.0,0.0,0.0,0.0,0.0,0.0,0.0,0.0,0.0,0.0,0.0,0.0,0.0,0.0,-0.0,2.004,-0.0,0.0,0.0,0.0,0.0,0.0,4470.0,-3.697178656945629e+19,6940.0,0.0,0.0,-0.0,-107615296.0,0.0,0.0,0.0,0.0,69,0.0,0.0,0.0,0.0,0.0,0.0,0.0,0.0,0.0,0,0,0,0.0,0.0,0.0,0.0,0.0,0.0,0.0,0.0,0.0,0.0,0.0,0.0,0.0,0.0,0.0,0.0,0,-107875648.0,69,0.0,138,0.0,2.6474835549302285e+23,0,52429,17086,0,17103,0,17082,0,0,0,70,68,100,2.7302399002429377e+23,82.4,-107615456.0,78.2,2.7302388193790272e+23,79.0,1,49,50,180,0,52429,0,0,0.0,0.0,0.0,0.0,-0.0,67.0,0.0,162057.094,0.0,980,0,1009,0,0,0,954,0,1035,0,930,0,792,0,784,0,822,0,7520,0.032,1.95996655783164e+20,0.0,0.0,784,16797,-0.0,162057.094,-114818.039,-0.0,0.133,6.909358625270745e+28,30.0,70.0,35,0.0,0.0,0.0,0.0,0.0,0.0,0.0,0.0,0.0,0.0,0.0,0.0,0.0,0.0,0.0,0.0,66.0,0,150,71,52,65476,0,300,0,0,8,20529,65476,0,0,44564,70.0,0.0,0.0,0.0,0.0,0.0
2026-09-10T21:19:48,ERR,ERR,ERR,ERR,ERR,ERR,ERR,ERR,ERR,ERR,ERR,ERR,ERR,ERR,ERR,ERR,ERR,ERR,ERR,ERR,ERR,ERR,ERR,ERR,ERR,ERR,ERR,ERR,ERR,ERR,ERR,ERR,ERR,ERR,ERR,ERR,ERR,ERR,ERR,ERR,ERR,ERR,ERR,ERR,ERR,ERR,ERR,ERR,ERR,ERR,ERR,ERR,ERR,ERR,ERR,ERR,ERR,ERR,ERR,ERR,ERR,ERR,ERR,ERR,ERR,ERR,ERR,ERR,ERR,ERR,ERR,ERR,ERR,ERR,ERR,ERR,ERR,ERR,ERR,ERR,ERR,ERR,ERR,ERR,ERR,ERR,ERR,ERR,ERR,ERR,ERR,ERR,ERR,ERR,ERR,ERR,ERR,ERR,ERR,ERR,ERR,ERR,ERR,ERR,ERR,ERR,ERR,ERR,ERR,ERR,ERR,ERR,ERR,ERR,ERR,ERR,ERR,ERR,ERR,ERR,ERR,ERR,ERR,ERR,ERR,0.0,0.0,2.6474835549302285e+23,0.0,0.0,1.3936040501711995e+18,7.805,0.0,0,0,4,0,7116,0.0,100,0.0,0.0,0.0,0.0,0.0,0,0,0,0,0.0,0,0,0,0,0,0,0,0,0,0,0,0,0,0,0,0,0,0,0,0,0,0,0,0,0,0,0,0,0,0,0,0,0,31,40,40,71,65476,0,300,0,0,8,21553,0.0,-107605600.0,0.0,0.0,0.0,0.0,0.0,0.0,0.0,0.0,0.0,0.0,0.0,0.0,0.0,0.0,0.0,0.0,0.0,0.0,0.0,0.0,-0.0,2.004,-0.0,0.0,0.0,0.0,0.0,0.0,4470.0,-3.697178656945629e+19,6940.0,0.0,0.0,-0.0,-107615296.0,0.0,0.0,0.0,0.0,69,0.0,0.0,0.0,0.0,0.0,0.0,0.0,0.0,0.0,0,0,0,0.0,0.0,0.0,0.0,0.0,0.0,0.0,0.0,0.0,0.0,0.0,0.0,0.0,0.0,0.0,0.0,0,-107875648.0,69,0.0,138,0.0,2.6474835549302285e+23,0,52429,17086,0,17103,0,17082,0,0,0,70,68,100,2.7302399002429377e+23,82.4,-107615456.0,78.2,2.7302388193790272e+23,79.0,1,49,50,180,0,52429,0,0,0.0,0.0,0.0,0.0,-0.0,67.0,0.0,162057.094,0.0,980,0,1009,0,0,0,954,0,1035,0,930,0,792,0,784,0,822,0,7520,0.032,1.95996655783164e+20,0.0,0.0,784,16797,-0.0,162057.094,-114818.039,-0.0,0.133,6.909358625270745e+28,30.0,70.0,35,0.0,0.0,0.0,0.0,0.0,0.0,0.0,0.0,0.0,0.0,0.0,0.0,0.0,0.0,0.0,0.0,66.0,0,150,71,52,65476,0,300,0,0,8,20529,65476,0,0,44564,70.0,0.0,0.0,0.0,0.0,0.0
2026-09-10T21:19:49,ERR,ERR,ERR,ERR,ERR,ERR,ERR,ERR,ERR,ERR,ERR,ERR,ERR,ERR,ERR,ERR,ERR,ERR,ERR,ERR,ERR,ERR,ERR,ERR,ERR,ERR,ERR,ERR,ERR,ERR,ERR,ERR,ERR,ERR,ERR,ERR,ERR,ERR,ERR,ERR,ERR,ERR,ERR,ERR,ERR,ERR,ERR,ERR,ERR,ERR,ERR,ERR,ERR,ERR,ERR,ERR,ERR,ERR,ERR,ERR,ERR,ERR,ERR,ERR,ERR,ERR,ERR,ERR,ERR,ERR,ERR,ERR,ERR,ERR,ERR,ERR,ERR,ERR,ERR,ERR,ERR,ERR,ERR,ERR,ERR,ERR,ERR,ERR,ERR,ERR,ERR,ERR,ERR,ERR,ERR,ERR,ERR,ERR,ERR,ERR,ERR,ERR,ERR,ERR,ERR,ERR,ERR,ERR,ERR,ERR,ERR,ERR,ERR,ERR,ERR,ERR,ERR,ERR,ERR,ERR,ERR,ERR,ERR,ERR,ERR,0.0,0.0,2.6474835549302285e+23,0.0,0.0,1.3936040501711995e+18,7.805,0.0,0,0,4,0,7116,0.0,100,0.0,0.0,0.0,0.0,0.0,0,0,0,0,0.0,0,0,0,0,0,0,0,0,0,0,0,0,0,0,0,0,0,0,0,0,0,0,0,0,0,0,0,0,0,0,0,0,0,31,40,40,71,65476,0,300,0,0,8,21553,0.0,-107605600.0,0.0,0.0,0.0,0.0,0.0,0.0,0.0,0.0,0.0,0.0,0.0,0.0,0.0,0.0,0.0,0.0,0.0,0.0,0.0,0.0,-0.0,2.004,-0.0,0.0,0.0,0.0,0.0,0.0,4470.0,-3.697178656945629e+19,6940.0,0.0,0.0,-0.0,-107615296.0,0.0,0.0,0.0,0.0,69,0.0,0.0,0.0,0.0,0.0,0.0,0.0,0.0,0.0,0,0,0,0.0,0.0,0.0,0.0,0.0,0.0,0.0,0.0,0.0,0.0,0.0,0.0,0.0,0.0,0.0,0.0,0,-107875648.0,69,0.0,138,0.0,2.6474835549302285e+23,0,52429,17086,0,17103,0,17082,0,0,0,70,68,100,2.7302399002429377e+23,82.4,-107615456.0,78.2,2.7302388193790272e+23,79.0,1,49,50,180,0,52429,0,0,0.0,0.0,0.0,0.0,-0.0,67.0,0.0,162057.094,0.0,980,0,1009,0,0,0,954,0,1035,0,930,0,792,0,784,0,822,0,7520,0.032,1.95996655783164e+20,0.0,0.0,784,16797,-0.0,162057.094,-114818.039,-0.0,0.133,6.909358625270745e+28,30.0,70.0,35,0.0,0.0,0.0,0.0,0.0,0.0,0.0,0.0,0.0,0.0,0.0,0.0,0.0,0.0,0.0,0.0,66.0,0,150,71,52,65476,0,300,0,0,8,20529,65476,0,0,44564,70.0,0.0,0.0,0.0,0.0,0.0
2026-09-10T21:19:50,ERR,ERR,ERR,ERR,ERR,ERR,ERR,ERR,ERR,ERR,ERR,ERR,ERR,ERR,ERR,ERR,ERR,ERR,ERR,ERR,ERR,ERR,ERR,ERR,ERR,ERR,ERR,ERR,ERR,ERR,ERR,ERR,ERR,ERR,ERR,ERR,ERR,ERR,ERR,ERR,ERR,ERR,ERR,ERR,ERR,ERR,ERR,ERR,ERR,ERR,ERR,ERR,ERR,ERR,ERR,ERR,ERR,ERR,ERR,ERR,ERR,ERR,ERR,ERR,ERR,ERR,ERR,ERR,ERR,ERR,ERR,ERR,ERR,ERR,ERR,ERR,ERR,ERR,ERR,ERR,ERR,ERR,ERR,ERR,ERR,ERR,ERR,ERR,ERR,ERR,ERR,ERR,ERR,ERR,ERR,ERR,ERR,ERR,ERR,ERR,ERR,ERR,ERR,ERR,ERR,ERR,ERR,ERR,ERR,ERR,ERR,ERR,ERR,ERR,ERR,ERR,ERR,ERR,ERR,ERR,ERR,ERR,ERR,ERR,ERR,0.0,0.0,2.6474835549302285e+23,0.0,0.0,1.3936040501711995e+18,7.805,0.0,0,0,4,0,7116,0.0,100,0.0,0.0,0.0,0.0,0.0,0,0,0,0,0.0,0,0,0,0,0,0,0,0,0,0,0,0,0,0,0,0,0,0,0,0,0,0,0,0,0,0,0,0,0,0,0,0,0,31,40,40,71,65476,0,300,0,0,8,21553,0.0,-107605600.0,0.0,0.0,0.0,0.0,0.0,0.0,0.0,0.0,0.0,0.0,0.0,0.0,0.0,0.0,0.0,0.0,0.0,0.0,0.0,0.0,-0.0,2.004,-0.0,0.0,0.0,0.0,0.0,0.0,4470.0,-3.697178656945629e+19,6940.0,0.0,0.0,-0.0,-107615296.0,0.0,0.0,0.0,0.0,69,0.0,0.0,0.0,0.0,0.0,0.0,0.0,0.0,0.0,0,0,0,0.0,0.0,0.0,0.0,0.0,0.0,0.0,0.0,0.0,0.0,0.0,0.0,0.0,0.0,0.0,0.0,0,-107875648.0,69,0.0,138,0.0,2.6474835549302285e+23,0,52429,17086,0,17103,13107,17082,0,0,0,70,68,100,-0.0,82.4,-107615456.0,78.2,2.7302388193790272e+23,79.0,1,49,50,180,0,52429,0,0,0.0,0.0,0.0,0.0,-0.0,67.0,0.0,162057.094,0.0,980,0,1009,0,0,0,954,0,1035,0,930,0,792,0,784,0,822,0,7520,0.032,1.9484373427855714e+20,0.0,0.0,784,16797,-0.0,162057.094,-114818.039,-0.0,0.133,6.909358625270745e+28,30.0,70.0,35,0.0,0.0,0.0,0.0,0.0,0.0,0.0,0.0,0.0,0.0,0.0,0.0,0.0,0.0,0.0,0.0,66.0,0,150,71,52,65476,0,300,0,0,8,20529,65476,0,0,44564,70.0,0.0,0.0,0.0,0.0,0.0
2026-09-10T21:19:51,ERR,ERR,ERR,ERR,ERR,ERR,ERR,ERR,ERR,ERR,ERR,ERR,ERR,ERR,ERR,ERR,ERR,ERR,ERR,ERR,ERR,ERR,ERR,ERR,ERR,ERR,ERR,ERR,ERR,ERR,ERR,ERR,ERR,ERR,ERR,ERR,ERR,ERR,ERR,ERR,ERR,ERR,ERR,ERR,ERR,ERR,ERR,ERR,ERR,ERR,ERR,ERR,ERR,ERR,ERR,ERR,ERR,ERR,ERR,ERR,ERR,ERR,ERR,ERR,ERR,ERR,ERR,ERR,ERR,ERR,ERR,ERR,ERR,ERR,ERR,ERR,ERR,ERR,ERR,ERR,ERR,ERR,ERR,ERR,ERR,ERR,ERR,ERR,ERR,ERR,ERR,ERR,ERR,ERR,ERR,ERR,ERR,ERR,ERR,ERR,ERR,ERR,ERR,ERR,ERR,ERR,ERR,ERR,ERR,ERR,ERR,ERR,ERR,ERR,ERR,ERR,ERR,ERR,ERR,ERR,ERR,ERR,ERR,ERR,ERR,0.0,0.0,2.6474835549302285e+23,0.0,0.0,1.3936040501711995e+18,7.805,0.0,0,0,4,0,7116,0.0,100,0.0,0.0,0.0,0.0,0.0,0,0,0,0,0.0,0,0,0,0,0,0,0,0,0,0,0,0,0,0,0,0,0,0,0,0,0,0,0,0,0,0,0,0,0,0,0,0,0,31,40,40,71,65476,0,300,0,0,8,21553,0.0,-107605600.0,0.0,0.0,0.0,0.0,0.0,0.0,0.0,0.0,0.0,0.0,0.0,0.0,0.0,0.0,0.0,0.0,0.0,0.0,0.0,0.0,-2.004,2.004,-0.0,0.0,0.0,0.0,0.0,0.0,4467.0,-564144692527104.0,6939.0,0.0,0.0,-0.0,-107615296.0,0.0,0.0,0.0,0.0,69,-5.8480849975795215e+35,0.0,0.0,0.0,0.0,0.0,0.0,0.0,0.0,0,0,0,0.0,0.0,0.0,0.0,0.0,0.0,0.0,0.0,0.0,0.0,0.0,0.0,0.0,0.0,0.0,0.0,0,-107875648.0,69,0.0,138,0.0,2.6474835549302285e+23,0,52429,17086,0,17103,13107,17082,0,0,0,70,68,100,-0.0,82.4,-107615456.0,78.2,2.7302388193790272e+23,79.0,1,49,50,180,0,52429,0,0,0.0,0.0,0.0,0.0,-0.0,67.0,0.0,162057.094,0.0,980,0,1009,0,0,0,954,0,1035,0,930,0,792,0,784,0,822,0,7520,0.032,1.9484373427855714e+20,0.0,0.0,784,16797,-0.0,162057.094,-114818.039,-0.0,0.133,6.909358625270745e+28,30.0,70.0,35,0.0,0.0,0.0,0.0,0.0,0.0,0.0,0.0,0.0,0.0,0.0,0.0,0.0,0.0,0.0,0.0,66.0,0,150,71,52,65476,0,300,0,0,8,20529,65476,0,0,44564,70.0,0.0,0.0,0.0,0.0,0.0
2026-09-10T21:19:52,ERR,ERR,ERR,ERR,ERR,ERR,ERR,ERR,ERR,ERR,ERR,ERR,ERR,ERR,ERR,ERR,ERR,ERR,ERR,ERR,ERR,ERR,ERR,ERR,ERR,ERR,ERR,ERR,ERR,ERR,ERR,ERR,ERR,ERR,ERR,ERR,ERR,ERR,ERR,ERR,ERR,ERR,ERR,ERR,ERR,ERR,ERR,ERR,ERR,ERR,ERR,ERR,ERR,ERR,ERR,ERR,ERR,ERR,ERR,ERR,ERR,ERR,ERR,ERR,ERR,ERR,ERR,ERR,ERR,ERR,ERR,ERR,ERR,ERR,ERR,ERR,ERR,ERR,ERR,ERR,ERR,ERR,ERR,ERR,ERR,ERR,ERR,ERR,ERR,ERR,ERR,ERR,ERR,ERR,ERR,ERR,ERR,ERR,ERR,ERR,ERR,ERR,ERR,ERR,ERR,ERR,ERR,ERR,ERR,ERR,ERR,ERR,ERR,ERR,ERR,ERR,ERR,ERR,ERR,ERR,ERR,ERR,ERR,ERR,ERR,0.0,0.0,2.6474835549302285e+23,0.0,0.0,1.3936040501711995e+18,7.805,0.0,0,0,4,0,7116,0.0,100,0.0,0.0,0.0,0.0,0.0,0,0,0,0,0.0,0,0,0,0,0,0,0,0,0,0,0,0,0,0,0,0,0,0,0,0,0,0,0,0,0,0,0,0,0,0,0,0,0,31,40,40,71,65476,0,300,0,0,8,21553,0.0,-107605600.0,0.0,0.0,0.0,0.0,0.0,0.0,0.0,0.0,0.0,0.0,0.0,0.0,0.0,0.0,0.0,0.0,0.0,0.0,0.0,0.0,-2.004,2.004,-0.0,0.0,0.0,0.0,0.0,0.0,4467.0,-564144692527104.0,6939.0,0.0,0.0,-0.0,-107615296.0,0.0,0.0,0.0,0.0,69,-5.8480849975795215e+35,0.0,0.0,0.0,0.0,0.0,0.0,0.0,0.0,0,0,0,0.0,0.0,0.0,0.0,0.0,0.0,0.0,0.0,0.0,0.0,0.0,0.0,0.0,0.0,0.0,0.0,0,-107875648.0,69,0.0,138,0.0,2.6474835549302285e+23,0,52429,17086,0,17103,13107,17082,0,0,0,70,68,100,-0.0,82.4,-107615456.0,78.2,2.7302388193790272e+23,79.0,1,49,50,180,0,52429,0,0,0.0,0.0,0.0,0.0,-0.0,67.0,0.0,162057.094,0.0,980,0,1009,0,0,0,954,0,1035,0,930,0,792,0,784,0,822,0,7520,0.032,1.9484373427855714e+20,0.0,0.0,784,16797,-0.0,162057.094,-114818.039,-0.0,0.133,6.909358625270745e+28,30.0,70.0,35,0.0,0.0,0.0,0.0,0.0,0.0,0.0,0.0,0.0,0.0,0.0,0.0,0.0,0.0,0.0,0.0,66.0,0,150,71,52,65476,0,300,0,0,8,20529,65476,0,0,44564,70.0,0.0,0.0,0.0,0.0,0.0
2026-09-10T21:19:53,ERR,ERR,ERR,ERR,ERR,ERR,ERR,ERR,ERR,ERR,ERR,ERR,ERR,ERR,ERR,ERR,ERR,ERR,ERR,ERR,ERR,ERR,ERR,ERR,ERR,ERR,ERR,ERR,ERR,ERR,ERR,ERR,ERR,ERR,ERR,ERR,ERR,ERR,ERR,ERR,ERR,ERR,ERR,ERR,ERR,ERR,ERR,ERR,ERR,ERR,ERR,ERR,ERR,ERR,ERR,ERR,ERR,ERR,ERR,ERR,ERR,ERR,ERR,ERR,ERR,ERR,ERR,ERR,ERR,ERR,ERR,ERR,ERR,ERR,ERR,ERR,ERR,ERR,ERR,ERR,ERR,ERR,ERR,ERR,ERR,ERR,ERR,ERR,ERR,ERR,ERR,ERR,ERR,ERR,ERR,ERR,ERR,ERR,ERR,ERR,ERR,ERR,ERR,ERR,ERR,ERR,ERR,ERR,ERR,ERR,ERR,ERR,ERR,ERR,ERR,ERR,ERR,ERR,ERR,ERR,ERR,ERR,ERR,ERR,ERR,0.0,0.0,2.6474835549302285e+23,0.0,0.0,1.3936040501711995e+18,7.805,0.0,0,0,4,0,7116,0.0,100,0.0,0.0,0.0,0.0,0.0,0,0,0,0,0.0,0,0,0,0,0,0,0,0,0,0,0,0,0,0,0,0,0,0,0,0,0,0,0,0,0,0,0,0,0,0,0,0,0,31,40,40,71,65476,0,300,0,0,8,21553,0.0,-107605600.0,0.0,0.0,0.0,0.0,0.0,0.0,0.0,0.0,0.0,0.0,0.0,0.0,0.0,0.0,0.0,0.0,0.0,0.0,0.0,0.0,-2.004,2.004,-0.0,0.0,0.0,0.0,0.0,0.0,4467.0,-564144692527104.0,6939.0,0.0,0.0,-0.0,-107615296.0,0.0,0.0,0.0,0.0,69,-5.8480849975795215e+35,0.0,0.0,0.0,0.0,0.0,0.0,0.0,0.0,0,0,0,0.0,0.0,0.0,0.0,0.0,0.0,0.0,0.0,0.0,0.0,0.0,0.0,0.0,0.0,0.0,0.0,0,-107875648.0,69,0.0,138,0.0,2.6474835549302285e+23,0,52429,17086,0,17103,13107,17082,0,0,0,70,68,100,-0.0,82.4,-107615456.0,78.2,2.7302388193790272e+23,79.0,1,49,50,180,0,52429,0,0,0.0,0.0,0.0,0.0,-0.0,67.0,0.0,162057.094,0.0,980,0,1009,0,0,0,954,0,1035,0,930,0,792,0,784,0,822,0,7520,0.032,1.9484373427855714e+20,0.0,0.0,784,16797,-0.0,162057.094,-114818.039,-0.0,0.133,6.909358625270745e+28,30.0,70.0,35,0.0,0.0,0.0,0.0,0.0,0.0,0.0,0.0,0.0,0.0,0.0,0.0,0.0,0.0,0.0,0.0,66.4,0,150,71,52,65476,0,300,0,0,8,20529,65476,0,0,44564,70.0,0.0,0.0,0.0,0.0,0.0
2026-09-10T21:19:54,ERR,ERR,ERR,ERR,ERR,ERR,ERR,ERR,ERR,ERR,ERR,ERR,ERR,ERR,ERR,ERR,ERR,ERR,ERR,ERR,ERR,ERR,ERR,ERR,ERR,ERR,ERR,ERR,ERR,ERR,ERR,ERR,ERR,ERR,ERR,ERR,ERR,ERR,ERR,ERR,ERR,ERR,ERR,ERR,ERR,ERR,ERR,ERR,ERR,ERR,ERR,ERR,ERR,ERR,ERR,ERR,ERR,ERR,ERR,ERR,ERR,ERR,ERR,ERR,ERR,ERR,ERR,ERR,ERR,ERR,ERR,ERR,ERR,ERR,ERR,ERR,ERR,ERR,ERR,ERR,ERR,ERR,ERR,ERR,ERR,ERR,ERR,ERR,ERR,ERR,ERR,ERR,ERR,ERR,ERR,ERR,ERR,ERR,ERR,ERR,ERR,ERR,ERR,ERR,ERR,ERR,ERR,ERR,ERR,ERR,ERR,ERR,ERR,ERR,ERR,ERR,ERR,ERR,ERR,ERR,ERR,ERR,ERR,ERR,ERR,0.0,0.0,2.6474835549302285e+23,0.0,0.0,1.3936040501711995e+18,7.805,0.0,0,0,4,0,7116,0.0,100,0.0,0.0,0.0,0.0,0.0,0,0,0,0,0.0,0,0,0,0,0,0,0,0,0,0,0,0,0,0,0,0,0,0,0,0,0,0,0,0,0,0,0,0,0,0,0,0,0,31,40,40,71,65476,0,300,0,0,8,21553,0.0,-107605600.0,0.0,0.0,0.0,0.0,0.0,0.0,0.0,0.0,0.0,0.0,0.0,0.0,0.0,0.0,0.0,0.0,0.0,0.0,0.0,0.0,-2.004,2.004,-0.0,0.0,0.0,0.0,0.0,0.0,4467.0,-564144692527104.0,6939.0,0.0,0.0,-0.0,-107615296.0,0.0,0.0,0.0,0.0,69,-5.8480849975795215e+35,0.0,0.0,0.0,0.0,0.0,0.0,0.0,0.0,0,0,0,0.0,0.0,0.0,0.0,0.0,0.0,0.0,0.0,0.0,0.0,0.0,0.0,0.0,0.0,0.0,0.0,0,-107875648.0,69,0.0,138,0.0,2.6474835549302285e+23,0,52429,17086,0,17103,13107,17082,0,0,0,70,68,100,-0.0,82.4,-107615456.0,78.2,2.7302388193790272e+23,79.0,1,49,50,180,0,52429,0,0,0.0,0.0,0.0,0.0,-0.0,67.0,0.0,162057.094,0.0,980,0,1009,0,0,0,954,0,1035,0,930,0,792,0,784,0,822,0,7520,0.032,1.9484373427855714e+20,0.0,0.0,784,16797,-0.0,162057.094,-114818.039,-0.0,0.133,6.909358625270745e+28,30.0,70.0,35,0.0,0.0,0.0,0.0,0.0,0.0,0.0,0.0,0.0,0.0,0.0,0.0,0.0,0.0,0.0,0.0,66.4,0,150,71,52,65476,0,300,0,0,8,20529,65476,0,0,44564,70.0,0.0,0.0,0.0,0.0,0.0
2026-09-10T21:19:55,ERR,ERR,ERR,ERR,ERR,ERR,ERR,ERR,ERR,ERR,ERR,ERR,ERR,ERR,ERR,ERR,ERR,ERR,ERR,ERR,ERR,ERR,ERR,ERR,ERR,ERR,ERR,ERR,ERR,ERR,ERR,ERR,ERR,ERR,ERR,ERR,ERR,ERR,ERR,ERR,ERR,ERR,ERR,ERR,ERR,ERR,ERR,ERR,ERR,ERR,ERR,ERR,ERR,ERR,ERR,ERR,ERR,ERR,ERR,ERR,ERR,ERR,ERR,ERR,ERR,ERR,ERR,ERR,ERR,ERR,ERR,ERR,ERR,ERR,ERR,ERR,ERR,ERR,ERR,ERR,ERR,ERR,ERR,ERR,ERR,ERR,ERR,ERR,ERR,ERR,ERR,ERR,ERR,ERR,ERR,ERR,ERR,ERR,ERR,ERR,ERR,ERR,ERR,ERR,ERR,ERR,ERR,ERR,ERR,ERR,ERR,ERR,ERR,ERR,ERR,ERR,ERR,ERR,ERR,ERR,ERR,ERR,ERR,ERR,ERR,0.0,0.0,2.6474835549302285e+23,0.0,0.0,1.3936040501711995e+18,7.805,0.0,0,0,4,0,7116,0.0,100,0.0,0.0,0.0,0.0,0.0,0,0,0,0,0.0,0,0,0,0,0,0,0,0,0,0,0,0,0,0,0,0,0,0,0,0,0,0,0,0,0,0,0,0,0,0,0,0,0,31,40,40,71,65476,0,300,0,0,8,21553,0.0,-107605600.0,0.0,0.0,0.0,0.0,0.0,0.0,0.0,0.0,0.0,0.0,0.0,0.0,0.0,0.0,0.0,0.0,0.0,0.0,0.0,0.0,-2.004,2.004,-0.0,0.0,0.0,0.0,0.0,0.0,4467.0,-564144692527104.0,6939.0,0.0,0.0,-0.0,-107615296.0,0.0,0.0,0.0,0.0,69,-5.8480849975795215e+35,0.0,0.0,0.0,0.0,0.0,0.0,0.0,0.0,0,0,0,0.0,0.0,0.0,0.0,0.0,0.0,0.0,0.0,0.0,0.0,0.0,0.0,0.0,0.0,0.0,0.0,0,-107875648.0,69,0.0,138,0.0,2.6474835549302285e+23,0,52429,17086,0,17103,13107,17082,0,0,0,70,68,100,-0.0,82.4,-107615456.0,78.2,2.7302388193790272e+23,79.0,1,49,50,180,0,52429,0,0,0.0,0.0,0.0,0.0,-0.0,67.0,0.0,162057.094,0.0,980,0,1009,0,0,0,954,0,1035,0,930,0,792,0,784,0,822,0,7520,0.032,1.9484373427855714e+20,0.0,0.0,784,16797,-0.0,162057.094,-114818.039,-0.0,0.133,6.909358625270745e+28,30.0,70.0,35,0.0,0.0,0.0,0.0,0.0,0.0,0.0,0.0,0.0,0.0,0.0,0.0,0.0,0.0,0.0,0.0,66.4,0,150,71,52,65476,0,300,0,0,8,20529,65476,0,0,44564,70.0,0.0,0.0,0.0,0.0,0.0
2026-09-10T21:19:56,ERR,ERR,ERR,ERR,ERR,ERR,ERR,ERR,ERR,ERR,ERR,ERR,ERR,ERR,ERR,ERR,ERR,ERR,ERR,ERR,ERR,ERR,ERR,ERR,ERR,ERR,ERR,ERR,ERR,ERR,ERR,ERR,ERR,ERR,ERR,ERR,ERR,ERR,ERR,ERR,ERR,ERR,ERR,ERR,ERR,ERR,ERR,ERR,ERR,ERR,ERR,ERR,ERR,ERR,ERR,ERR,ERR,ERR,ERR,ERR,ERR,ERR,ERR,ERR,ERR,ERR,ERR,ERR,ERR,ERR,ERR,ERR,ERR,ERR,ERR,ERR,ERR,ERR,ERR,ERR,ERR,ERR,ERR,ERR,ERR,ERR,ERR,ERR,ERR,ERR,ERR,ERR,ERR,ERR,ERR,ERR,ERR,ERR,ERR,ERR,ERR,ERR,ERR,ERR,ERR,ERR,ERR,ERR,ERR,ERR,ERR,ERR,ERR,ERR,ERR,ERR,ERR,ERR,ERR,ERR,ERR,ERR,ERR,ERR,ERR,0.0,0.0,2.6474835549302285e+23,0.0,0.0,1.3936040501711995e+18,7.805,0.0,0,0,4,0,7116,0.0,100,0.0,0.0,0.0,0.0,0.0,0,0,0,0,0.0,0,0,0,0,0,0,0,0,0,0,0,0,0,0,0,0,0,0,0,0,0,0,0,0,0,0,0,0,0,0,0,0,0,31,40,40,71,65476,0,300,0,0,8,21553,0.0,-107605600.0,0.0,0.0,0.0,0.0,0.0,0.0,0.0,0.0,0.0,0.0,0.0,0.0,0.0,0.0,0.0,0.0,0.0,0.0,0.0,0.0,-2.004,2.004,-0.0,0.0,0.0,0.0,0.0,0.0,4467.0,-564144692527104.0,6939.0,0.0,0.0,-0.0,-107615296.0,0.0,0.0,0.0,0.0,69,-5.8480849975795215e+35,0.0,0.0,0.0,0.0,0.0,0.0,0.0,0.0,0,0,0,0.0,0.0,0.0,0.0,0.0,0.0,0.0,0.0,0.0,0.0,0.0,0.0,0.0,0.0,0.0,0.0,0,-107875648.0,69,0.0,138,0.0,2.6474835549302285e+23,0,52429,17086,0,17103,0,17082,0,0,0,70,68,100,-0.0,82.4,-107615456.0,78.2,2.7302388193790272e+23,79.0,1,49,50,180,0,52429,0,0,0.0,0.0,0.0,0.0,-0.0,67.0,0.0,162057.094,0.0,980,0,1009,0,0,0,954,0,1035,0,930,0,792,0,784,0,822,0,7520,0.032,1.95996655783164e+20,0.0,0.0,784,16797,-0.0,162057.094,-114818.039,-0.0,0.133,6.909358625270745e+28,30.0,70.0,35,0.0,0.0,0.0,0.0,0.0,0.0,0.0,0.0,0.0,0.0,0.0,0.0,0.0,0.0,0.0,0.0,66.0,0,150,71,52,65476,0,300,0,0,8,20529,65476,0,0,44564,70.0,0.0,0.0,0.0,0.0,0.0
2026-09-10T21:19:57,ERR,ERR,ERR,ERR,ERR,ERR,ERR,ERR,ERR,ERR,ERR,ERR,ERR,ERR,ERR,ERR,ERR,ERR,ERR,ERR,ERR,ERR,ERR,ERR,ERR,ERR,ERR,ERR,ERR,ERR,ERR,ERR,ERR,ERR,ERR,ERR,ERR,ERR,ERR,ERR,ERR,ERR,ERR,ERR,ERR,ERR,ERR,ERR,ERR,ERR,ERR,ERR,ERR,ERR,ERR,ERR,ERR,ERR,ERR,ERR,ERR,ERR,ERR,ERR,ERR,ERR,ERR,ERR,ERR,ERR,ERR,ERR,ERR,ERR,ERR,ERR,ERR,ERR,ERR,ERR,ERR,ERR,ERR,ERR,ERR,ERR,ERR,ERR,ERR,ERR,ERR,ERR,ERR,ERR,ERR,ERR,ERR,ERR,ERR,ERR,ERR,ERR,ERR,ERR,ERR,ERR,ERR,ERR,ERR,ERR,ERR,ERR,ERR,ERR,ERR,ERR,ERR,ERR,ERR,ERR,ERR,ERR,ERR,ERR,ERR,0.0,0.0,2.6474835549302285e+23,0.0,0.0,1.3936040501711995e+18,7.805,0.0,0,0,4,0,7116,0.0,100,0.0,0.0,0.0,0.0,0.0,0,0,0,0,0.0,0,0,0,0,0,0,0,0,0,0,0,0,0,0,0,0,0,0,0,0,0,0,0,0,0,0,0,0,0,0,0,0,0,31,40,40,71,65476,0,300,0,0,8,21553,0.0,-107605600.0,0.0,0.0,0.0,0.0,0.0,0.0,0.0,0.0,0.0,0.0,0.0,0.0,0.0,0.0,0.0,0.0,0.0,0.0,0.0,0.0,-2.004,2.004,-0.0,0.0,0.0,0.0,0.0,0.0,4467.0,-564144692527104.0,6939.0,0.0,0.0,-0.0,-107615296.0,0.0,0.0,0.0,0.0,69,-5.8480849975795215e+35,0.0,0.0,0.0,0.0,0.0,0.0,0.0,0.0,0,0,0,0.0,0.0,0.0,0.0,0.0,0.0,0.0,0.0,0.0,0.0,0.0,0.0,0.0,0.0,0.0,0.0,0,-107875648.0,69,0.0,138,0.0,2.6474835549302285e+23,0,52429,17086,0,17103,0,17082,0,0,0,70,68,100,-0.0,82.4,-107615456.0,78.2,2.7302388193790272e+23,79.0,1,49,50,180,0,52429,0,0,0.0,0.0,0.0,0.0,-0.0,67.0,0.0,162057.094,0.0,980,0,1009,0,0,0,954,0,1035,0,930,0,792,0,784,0,822,0,7520,0.032,1.95996655783164e+20,0.0,0.0,784,16797,-0.0,162057.094,-114818.039,-0.0,0.133,6.909358625270745e+28,30.0,70.0,35,0.0,0.0,0.0,0.0,0.0,0.0,0.0,0.0,0.0,0.0,0.0,0.0,0.0,0.0,0.0,0.0,66.0,0,150,71,52,65476,0,300,0,0,8,20529,65476,0,0,44564,70.0,0.0,0.0,0.0,0.0,0.0
2026-09-10T21:19:58,ERR,ERR,ERR,ERR,ERR,ERR,ERR,ERR,ERR,ERR,ERR,ERR,ERR,ERR,ERR,ERR,ERR,ERR,ERR,ERR,ERR,ERR,ERR,ERR,ERR,ERR,ERR,ERR,ERR,ERR,ERR,ERR,ERR,ERR,ERR,ERR,ERR,ERR,ERR,ERR,ERR,ERR,ERR,ERR,ERR,ERR,ERR,ERR,ERR,ERR,ERR,ERR,ERR,ERR,ERR,ERR,ERR,ERR,ERR,ERR,ERR,ERR,ERR,ERR,ERR,ERR,ERR,ERR,ERR,ERR,ERR,ERR,ERR,ERR,ERR,ERR,ERR,ERR,ERR,ERR,ERR,ERR,ERR,ERR,ERR,ERR,ERR,ERR,ERR,ERR,ERR,ERR,ERR,ERR,ERR,ERR,ERR,ERR,ERR,ERR,ERR,ERR,ERR,ERR,ERR,ERR,ERR,ERR,ERR,ERR,ERR,ERR,ERR,ERR,ERR,ERR,ERR,ERR,ERR,ERR,ERR,ERR,ERR,ERR,ERR,0.0,0.0,2.6474835549302285e+23,0.0,0.0,1.3936040501711995e+18,7.805,0.0,0,0,4,0,7116,0.0,100,0.0,0.0,0.0,0.0,0.0,0,0,0,0,0.0,0,0,0,0,0,0,0,0,0,0,0,0,0,0,0,0,0,0,0,0,0,0,0,0,0,0,0,0,0,0,0,0,0,31,40,40,71,65476,0,300,0,0,8,21553,0.0,-107605600.0,0.0,0.0,0.0,0.0,0.0,0.0,0.0,0.0,0.0,0.0,0.0,0.0,0.0,0.0,0.0,0.0,0.0,0.0,0.0,0.0,-2.004,2.004,-0.0,0.0,0.0,0.0,0.0,0.0,4467.0,-564144692527104.0,6939.0,0.0,0.0,-0.0,-107615296.0,0.0,0.0,0.0,0.0,69,-5.8480849975795215e+35,0.0,0.0,0.0,0.0,0.0,0.0,0.0,0.0,0,0,0,0.0,0.0,0.0,0.0,0.0,0.0,0.0,0.0,0.0,0.0,0.0,0.0,0.0,0.0,0.0,0.0,0,-107875648.0,69,0.0,138,0.0,2.6474835549302285e+23,0,52429,17086,0,17103,0,17082,0,0,0,70,68,100,-0.0,82.4,-107615456.0,78.2,2.7302388193790272e+23,79.0,1,49,50,180,0,52429,0,0,0.0,0.0,0.0,0.0,-0.0,67.0,0.0,162057.094,0.0,980,0,1009,0,0,0,954,0,1035,0,930,0,792,0,784,0,822,0,7520,0.032,1.95996655783164e+20,0.0,0.0,784,16797,-0.0,162057.094,-114818.039,-0.0,0.133,6.909358625270745e+28,30.0,70.0,35,0.0,0.0,0.0,0.0,0.0,0.0,0.0,0.0,0.0,0.0,0.0,0.0,0.0,0.0,0.0,0.0,66.0,0,150,71,52,65476,0,300,0,0,8,20529,65476,0,0,44564,70.0,0.0,0.0,0.0,0.0,0.0
2026-09-10T21:19:59,ERR,ERR,ERR,ERR,ERR,ERR,ERR,ERR,ERR,ERR,ERR,ERR,ERR,ERR,ERR,ERR,ERR,ERR,ERR,ERR,ERR,ERR,ERR,ERR,ERR,ERR,ERR,ERR,ERR,ERR,ERR,ERR,ERR,ERR,ERR,ERR,ERR,ERR,ERR,ERR,ERR,ERR,ERR,ERR,ERR,ERR,ERR,ERR,ERR,ERR,ERR,ERR,ERR,ERR,ERR,ERR,ERR,ERR,ERR,ERR,ERR,ERR,ERR,ERR,ERR,ERR,ERR,ERR,ERR,ERR,ERR,ERR,ERR,ERR,ERR,ERR,ERR,ERR,ERR,ERR,ERR,ERR,ERR,ERR,ERR,ERR,ERR,ERR,ERR,ERR,ERR,ERR,ERR,ERR,ERR,ERR,ERR,ERR,ERR,ERR,ERR,ERR,ERR,ERR,ERR,ERR,ERR,ERR,ERR,ERR,ERR,ERR,ERR,ERR,ERR,ERR,ERR,ERR,ERR,ERR,ERR,ERR,ERR,ERR,ERR,0.0,0.0,2.6474835549302285e+23,0.0,0.0,1.3936040501711995e+18,7.805,0.0,0,0,4,0,7116,0.0,100,0.0,0.0,0.0,0.0,0.0,0,0,0,0,0.0,0,0,0,0,0,0,0,0,0,0,0,0,0,0,0,0,0,0,0,0,0,0,0,0,0,0,0,0,0,0,0,0,0,31,40,40,71,65476,0,300,0,0,8,21553,0.0,-107605600.0,0.0,0.0,0.0,0.0,0.0,0.0,0.0,0.0,0.0,0.0,0.0,0.0,0.0,0.0,0.0,0.0,0.0,0.0,0.0,0.0,-2.004,2.004,-0.0,2.004,0.0,0.0,0.0,0.0,4470.0,-2.4229830046158873e+24,6941.0,0.0,0.0,-0.0,0.0,0.0,0.0,0.0,0.0,69,-4.0668816144241325e+29,0.0,0.0,0.0,0.0,0.0,0.0,0.0,0.0,0,0,0,0.0,0.0,0.0,0.0,0.0,0.0,0.0,0.0,0.0,0.0,0.0,0.0,0.0,0.0,0.0,0.0,0,-107875648.0,69,0.0,138,0.0,2.6474835549302285e+23,0,52429,17086,0,17103,0,17082,0,0,0,70,68,100,-0.0,82.4,-107615456.0,78.2,2.7302388193790272e+23,79.0,1,49,50,180,0,52429,0,0,0.0,0.0,0.0,0.0,-0.0,67.0,0.0,162057.094,0.0,980,0,1009,0,0,0,954,0,1035,0,930,0,792,0,784,0,822,0,7520,0.032,1.95996655783164e+20,0.0,0.0,784,16797,-0.0,162057.094,-114818.039,-0.0,0.133,6.909358625270745e+28,30.0,70.0,35,0.0,0.0,0.0,0.0,0.0,0.0,0.0,0.0,0.0,0.0,0.0,0.0,0.0,0.0,0.0,0.0,66.4,0,150,71,52,65476,0,300,0,0,8,20529,65476,0,0,44564,70.0,0.0,0.0,0.0,0.0,0.0
2026-09-10T21:20:00,ERR,ERR,ERR,ERR,ERR,ERR,ERR,ERR,ERR,ERR,ERR,ERR,ERR,ERR,ERR,ERR,ERR,ERR,ERR,ERR,ERR,ERR,ERR,ERR,ERR,ERR,ERR,ERR,ERR,ERR,ERR,ERR,ERR,ERR,ERR,ERR,ERR,ERR,ERR,ERR,ERR,ERR,ERR,ERR,ERR,ERR,ERR,ERR,ERR,ERR,ERR,ERR,ERR,ERR,ERR,ERR,ERR,ERR,ERR,ERR,ERR,ERR,ERR,ERR,ERR,ERR,ERR,ERR,ERR,ERR,ERR,ERR,ERR,ERR,ERR,ERR,ERR,ERR,ERR,ERR,ERR,ERR,ERR,ERR,ERR,ERR,ERR,ERR,ERR,ERR,ERR,ERR,ERR,ERR,ERR,ERR,ERR,ERR,ERR,ERR,ERR,ERR,ERR,ERR,ERR,ERR,ERR,ERR,ERR,ERR,ERR,ERR,ERR,ERR,ERR,ERR,ERR,ERR,ERR,ERR,ERR,ERR,ERR,ERR,ERR,0.0,0.0,2.6474835549302285e+23,0.0,0.0,1.3936040501711995e+18,7.805,0.0,0,0,4,0,7116,0.0,100,0.0,0.0,0.0,0.0,0.0,0,0,0,0,0.0,0,0,0,0,0,0,0,0,0,0,0,0,0,0,0,0,0,0,0,0,0,0,0,0,0,0,0,0,0,0,0,0,0,31,40,40,71,65476,0,300,0,0,8,21553,0.0,-107605600.0,0.0,0.0,0.0,0.0,0.0,0.0,0.0,0.0,0.0,0.0,0.0,0.0,0.0,0.0,0.0,0.0,0.0,0.0,0.0,0.0,-2.004,2.004,-0.0,2.004,0.0,0.0,0.0,0.0,4470.0,-2.4229830046158873e+24,6941.0,0.0,0.0,-0.0,0.0,0.0,0.0,0.0,0.0,69,-4.0668816144241325e+29,0.0,0.0,0.0,0.0,0.0,0.0,0.0,0.0,0,0,0,0.0,0.0,0.0,0.0,0.0,0.0,0.0,0.0,0.0,0.0,0.0,0.0,0.0,0.0,0.0,0.0,0,-107875648.0,69,0.0,138,0.0,2.6474835549302285e+23,0,52429,17086,0,17103,0,17082,0,0,0,70,68,100,-0.0,82.4,-107615456.0,78.2,2.7302388193790272e+23,79.0,1,49,50,180,0,52429,0,0,0.0,0.0,0.0,0.0,-0.0,67.0,0.0,162057.094,0.0,980,0,1009,0,0,0,954,0,1035,0,930,0,792,0,784,0,822,0,7520,0.032,1.95996655783164e+20,0.0,0.0,784,16797,-0.0,162057.094,-114818.039,-0.0,0.133,6.909358625270745e+28,30.0,70.0,35,0.0,0.0,0.0,0.0,0.0,0.0,0.0,0.0,0.0,0.0,0.0,0.0,0.0,0.0,0.0,0.0,66.4,0,150,71,52,65476,0,300,0,0,8,20529,65476,0,0,44564,70.0,0.0,0.0,0.0,0.0,0.0
2026-09-10T21:20:01,ERR,ERR,ERR,ERR,ERR,ERR,ERR,ERR,ERR,ERR,ERR,ERR,ERR,ERR,ERR,ERR,ERR,ERR,ERR,ERR,ERR,ERR,ERR,ERR,ERR,ERR,ERR,ERR,ERR,ERR,ERR,ERR,ERR,ERR,ERR,ERR,ERR,ERR,ERR,ERR,ERR,ERR,ERR,ERR,ERR,ERR,ERR,ERR,ERR,ERR,ERR,ERR,ERR,ERR,ERR,ERR,ERR,ERR,ERR,ERR,ERR,ERR,ERR,ERR,ERR,ERR,ERR,ERR,ERR,ERR,ERR,ERR,ERR,ERR,ERR,ERR,ERR,ERR,ERR,ERR,ERR,ERR,ERR,ERR,ERR,ERR,ERR,ERR,ERR,ERR,ERR,ERR,ERR,ERR,ERR,ERR,ERR,ERR,ERR,ERR,ERR,ERR,ERR,ERR,ERR,ERR,ERR,ERR,ERR,ERR,ERR,ERR,ERR,ERR,ERR,ERR,ERR,ERR,ERR,ERR,ERR,ERR,ERR,ERR,ERR,0.0,0.0,2.6474835549302285e+23,0.0,0.0,1.3936040501711995e+18,7.805,0.0,0,0,4,0,7116,0.0,100,0.0,0.0,0.0,0.0,0.0,0,0,0,0,0.0,0,0,0,0,0,0,0,0,0,0,0,0,0,0,0,0,0,0,0,0,0,0,0,0,0,0,0,0,0,0,0,0,0,31,40,40,71,65476,0,300,0,0,8,21553,0.0,-107605600.0,0.0,0.0,0.0,0.0,0.0,0.0,0.0,0.0,0.0,0.0,0.0,0.0,0.0,0.0,0.0,0.0,0.0,0.0,0.0,0.0,-2.004,2.004,-0.0,2.004,0.0,0.0,0.0,0.0,4470.0,-2.4229830046158873e+24,6941.0,0.0,0.0,-0.0,0.0,0.0,0.0,0.0,0.0,69,-4.0668816144241325e+29,0.0,0.0,0.0,0.0,0.0,0.0,0.0,0.0,0,0,0,0.0,0.0,0.0,0.0,0.0,0.0,0.0,0.0,0.0,0.0,0.0,0.0,0.0,0.0,0.0,0.0,0,-107875648.0,69,0.0,138,0.0,2.6474835549302285e+23,0,52429,17086,0,17103,0,17082,0,0,0,70,68,100,-0.0,82.4,-107615456.0,78.2,2.7302388193790272e+23,79.0,1,49,50,180,0,52429,0,0,0.0,0.0,0.0,0.0,-0.0,67.0,0.0,162057.094,0.0,980,0,1009,0,0,0,954,0,1035,0,930,0,792,0,784,0,822,0,7520,0.032,1.95996655783164e+20,0.0,0.0,784,16797,-0.0,162057.094,-114818.039,-0.0,0.133,6.909358625270745e+28,30.0,70.0,35,0.0,0.0,0.0,0.0,0.0,0.0,0.0,0.0,0.0,0.0,0.0,0.0,0.0,0.0,0.0,0.0,66.0,0,150,71,52,65476,0,300,0,0,8,20529,65476,0,0,44564,70.0,0.0,0.0,0.0,0.0,0.0
2026-09-10T21:20:02,ERR,ERR,ERR,ERR,ERR,ERR,ERR,ERR,ERR,ERR,ERR,ERR,ERR,ERR,ERR,ERR,ERR,ERR,ERR,ERR,ERR,ERR,ERR,ERR,ERR,ERR,ERR,ERR,ERR,ERR,ERR,ERR,ERR,ERR,ERR,ERR,ERR,ERR,ERR,ERR,ERR,ERR,ERR,ERR,ERR,ERR,ERR,ERR,ERR,ERR,ERR,ERR,ERR,ERR,ERR,ERR,ERR,ERR,ERR,ERR,ERR,ERR,ERR,ERR,ERR,ERR,ERR,ERR,ERR,ERR,ERR,ERR,ERR,ERR,ERR,ERR,ERR,ERR,ERR,ERR,ERR,ERR,ERR,ERR,ERR,ERR,ERR,ERR,ERR,ERR,ERR,ERR,ERR,ERR,ERR,ERR,ERR,ERR,ERR,ERR,ERR,ERR,ERR,ERR,ERR,ERR,ERR,ERR,ERR,ERR,ERR,ERR,ERR,ERR,ERR,ERR,ERR,ERR,ERR,ERR,ERR,ERR,ERR,ERR,ERR,0.0,0.0,2.6474835549302285e+23,0.0,0.0,1.3936040501711995e+18,7.805,0.0,0,0,4,0,7116,0.0,100,0.0,0.0,0.0,0.0,0.0,0,0,0,0,0.0,0,0,0,0,0,0,0,0,0,0,0,0,0,0,0,0,0,0,0,0,0,0,0,0,0,0,0,0,0,0,0,0,0,31,40,40,71,65476,0,300,0,0,8,21553,0.0,-107605600.0,0.0,0.0,0.0,0.0,0.0,0.0,0.0,0.0,0.0,0.0,0.0,0.0,0.0,0.0,0.0,0.0,0.0,0.0,0.0,0.0,-2.004,2.004,-0.0,2.004,0.0,0.0,0.0,0.0,4470.0,-2.4229830046158873e+24,6941.0,0.0,0.0,-0.0,0.0,0.0,0.0,0.0,0.0,69,-4.0668816144241325e+29,0.0,0.0,0.0,0.0,0.0,0.0,0.0,0.0,0,0,0,0.0,0.0,0.0,0.0,0.0,0.0,0.0,0.0,0.0,0.0,0.0,0.0,0.0,0.0,0.0,0.0,0,-107875648.0,69,0.0,138,0.0,2.6474835549302285e+23,0,52429,17086,0,17103,0,17082,0,0,0,70,68,100,2.7302399002429377e+23,82.4,-107615456.0,78.2,2.7302388193790272e+23,79.0,1,49,50,180,0,52429,0,0,0.0,0.0,0.0,0.0,-0.0,67.0,0.0,162057.094,0.0,980,0,1009,0,0,0,954,0,1035,0,931,0,792,0,784,0,822,0,7520,0.032,1.95996655783164e+20,0.0,0.0,784,16797,-0.0,162057.094,-114818.039,-0.0,0.133,6.909358625270745e+28,30.0,70.0,35,0.0,0.0,0.0,0.0,0.0,0.0,0.0,0.0,0.0,0.0,0.0,0.0,0.0,0.0,0.0,0.0,66.0,0,150,71,52,65476,0,300,0,0,8,20529,65476,0,0,44564,70.0,0.0,0.0,0.0,0.0,0.0
2026-09-10T21:20:03,ERR,ERR,ERR,ERR,ERR,ERR,ERR,ERR,ERR,ERR,ERR,ERR,ERR,ERR,ERR,ERR,ERR,ERR,ERR,ERR,ERR,ERR,ERR,ERR,ERR,ERR,ERR,ERR,ERR,ERR,ERR,ERR,ERR,ERR,ERR,ERR,ERR,ERR,ERR,ERR,ERR,ERR,ERR,ERR,ERR,ERR,ERR,ERR,ERR,ERR,ERR,ERR,ERR,ERR,ERR,ERR,ERR,ERR,ERR,ERR,ERR,ERR,ERR,ERR,ERR,ERR,ERR,ERR,ERR,ERR,ERR,ERR,ERR,ERR,ERR,ERR,ERR,ERR,ERR,ERR,ERR,ERR,ERR,ERR,ERR,ERR,ERR,ERR,ERR,ERR,ERR,ERR,ERR,ERR,ERR,ERR,ERR,ERR,ERR,ERR,ERR,ERR,ERR,ERR,ERR,ERR,ERR,ERR,ERR,ERR,ERR,ERR,ERR,ERR,ERR,ERR,ERR,ERR,ERR,ERR,ERR,ERR,ERR,ERR,ERR,0.0,0.0,2.6474835549302285e+23,0.0,0.0,1.3936040501711995e+18,7.805,0.0,0,0,4,0,7116,0.0,100,0.0,0.0,0.0,0.0,0.0,0,0,0,0,0.0,0,0,0,0,0,0,0,0,0,0,0,0,0,0,0,0,0,0,0,0,0,0,0,0,0,0,0,0,0,0,0,0,0,31,40,40,71,65476,0,300,0,0,8,21553,0.0,-107605600.0,0.0,0.0,0.0,0.0,0.0,0.0,0.0,0.0,0.0,0.0,0.0,0.0,0.0,0.0,0.0,0.0,0.0,0.0,0.0,0.0,-2.004,2.004,-0.0,2.004,0.0,0.0,0.0,0.0,4470.0,-2.4229830046158873e+24,6941.0,0.0,0.0,-0.0,0.0,0.0,0.0,0.0,0.0,69,-4.0668816144241325e+29,0.0,0.0,0.0,0.0,0.0,0.0,0.0,0.0,0,0,0,0.0,0.0,0.0,0.0,0.0,0.0,0.0,0.0,0.0,0.0,0.0,0.0,0.0,0.0,0.0,0.0,0,-107875648.0,69,0.0,138,0.0,2.6474835549302285e+23,0,52429,17086,0,17103,0,17082,0,0,0,70,68,100,2.7302399002429377e+23,82.4,-107615456.0,78.2,2.7302388193790272e+23,79.0,1,49,50,180,0,52429,0,0,0.0,0.0,0.0,0.0,-0.0,67.0,0.0,162057.094,0.0,980,0,1009,0,0,0,954,0,1035,0,931,0,792,0,784,0,822,0,7520,0.032,1.95996655783164e+20,0.0,0.0,784,16797,-0.0,162057.094,-114818.039,-0.0,0.133,6.909358625270745e+28,30.0,70.0,35,0.0,0.0,0.0,0.0,0.0,0.0,0.0,0.0,0.0,0.0,0.0,0.0,0.0,0.0,0.0,0.0,66.0,0,150,71,52,65476,0,300,0,0,8,20529,65476,0,0,44564,70.0,0.0,0.0,0.0,0.0,0.0
2026-09-10T21:20:04,ERR,ERR,ERR,ERR,ERR,ERR,ERR,ERR,ERR,ERR,ERR,ERR,ERR,ERR,ERR,ERR,ERR,ERR,ERR,ERR,ERR,ERR,ERR,ERR,ERR,ERR,ERR,ERR,ERR,ERR,ERR,ERR,ERR,ERR,ERR,ERR,ERR,ERR,ERR,ERR,ERR,ERR,ERR,ERR,ERR,ERR,ERR,ERR,ERR,ERR,ERR,ERR,ERR,ERR,ERR,ERR,ERR,ERR,ERR,ERR,ERR,ERR,ERR,ERR,ERR,ERR,ERR,ERR,ERR,ERR,ERR,ERR,ERR,ERR,ERR,ERR,ERR,ERR,ERR,ERR,ERR,ERR,ERR,ERR,ERR,ERR,ERR,ERR,ERR,ERR,ERR,ERR,ERR,ERR,ERR,ERR,ERR,ERR,ERR,ERR,ERR,ERR,ERR,ERR,ERR,ERR,ERR,ERR,ERR,ERR,ERR,ERR,ERR,ERR,ERR,ERR,ERR,ERR,ERR,ERR,ERR,ERR,ERR,ERR,ERR,0.0,0.0,2.6474835549302285e+23,0.0,0.0,1.3936040501711995e+18,7.805,0.0,0,0,4,0,7116,0.0,100,0.0,0.0,0.0,0.0,0.0,0,0,0,0,0.0,0,0,0,0,0,0,0,0,0,0,0,0,0,0,0,0,0,0,0,0,0,0,0,0,0,0,0,0,0,0,0,0,0,31,40,40,71,65476,0,300,0,0,8,21553,0.0,-107605600.0,0.0,0.0,0.0,0.0,0.0,0.0,0.0,0.0,0.0,0.0,0.0,0.0,0.0,0.0,0.0,0.0,0.0,0.0,0.0,0.0,-2.004,2.004,-0.0,2.004,0.0,0.0,0.0,0.0,4470.0,-2.4229830046158873e+24,6941.0,0.0,0.0,-0.0,0.0,0.0,0.0,0.0,0.0,69,-4.0668816144241325e+29,0.0,0.0,0.0,0.0,0.0,0.0,0.0,0.0,0,0,0,0.0,0.0,0.0,0.0,0.0,0.0,0.0,0.0,0.0,0.0,0.0,0.0,0.0,0.0,0.0,0.0,0,-107875648.0,69,0.0,138,0.0,2.6474835549302285e+23,0,52429,17086,0,17103,0,17082,0,0,0,70,68,100,2.7302399002429377e+23,82.4,-107615456.0,78.2,2.7302388193790272e+23,79.0,1,49,50,180,0,52429,0,0,0.0,0.0,0.0,0.0,-0.0,67.0,0.0,162057.094,0.0,980,0,1009,0,0,0,954,0,1035,0,931,0,792,0,784,0,822,0,7520,0.032,1.95996655783164e+20,0.0,0.0,784,16797,-0.0,162057.094,-114818.039,-0.0,0.133,6.909358625270745e+28,30.0,70.0,35,0.0,0.0,0.0,0.0,0.0,0.0,0.0,0.0,0.0,0.0,0.0,0.0,0.0,0.0,0.0,0.0,66.0,0,150,71,52,65476,0,300,0,0,8,20529,65476,0,0,44564,70.0,0.0,0.0,0.0,0.0,0.0
2026-09-10T21:20:05,ERR,ERR,ERR,ERR,ERR,ERR,ERR,ERR,ERR,ERR,ERR,ERR,ERR,ERR,ERR,ERR,ERR,ERR,ERR,ERR,ERR,ERR,ERR,ERR,ERR,ERR,ERR,ERR,ERR,ERR,ERR,ERR,ERR,ERR,ERR,ERR,ERR,ERR,ERR,ERR,ERR,ERR,ERR,ERR,ERR,ERR,ERR,ERR,ERR,ERR,ERR,ERR,ERR,ERR,ERR,ERR,ERR,ERR,ERR,ERR,ERR,ERR,ERR,ERR,ERR,ERR,ERR,ERR,ERR,ERR,ERR,ERR,ERR,ERR,ERR,ERR,ERR,ERR,ERR,ERR,ERR,ERR,ERR,ERR,ERR,ERR,ERR,ERR,ERR,ERR,ERR,ERR,ERR,ERR,ERR,ERR,ERR,ERR,ERR,ERR,ERR,ERR,ERR,ERR,ERR,ERR,ERR,ERR,ERR,ERR,ERR,ERR,ERR,ERR,ERR,ERR,ERR,ERR,ERR,ERR,ERR,ERR,ERR,ERR,ERR,0.0,0.0,2.6474835549302285e+23,0.0,0.0,1.3936040501711995e+18,7.805,0.0,0,0,4,0,7116,0.0,100,0.0,0.0,0.0,0.0,0.0,0,0,0,0,0.0,0,0,0,0,0,0,0,0,0,0,0,0,0,0,0,0,0,0,0,0,0,0,0,0,0,0,0,0,0,0,0,0,0,31,40,40,71,65476,0,300,0,0,8,21553,0.0,-107605600.0,0.0,0.0,0.0,0.0,0.0,0.0,0.0,0.0,0.0,0.0,0.0,0.0,0.0,0.0,0.0,0.0,0.0,0.0,0.0,0.0,-2.004,2.004,-0.0,2.004,0.0,0.0,0.0,0.0,4470.0,-2.4229830046158873e+24,6941.0,0.0,0.0,-0.0,0.0,0.0,0.0,0.0,0.0,69,-4.0668816144241325e+29,0.0,0.0,0.0,0.0,0.0,0.0,0.0,0.0,0,0,0,0.0,0.0,0.0,0.0,0.0,0.0,0.0,0.0,0.0,0.0,0.0,0.0,0.0,0.0,0.0,0.0,0,-107875648.0,69,0.0,138,0.0,2.6474835549302285e+23,0,52429,17086,0,17103,0,17082,0,0,0,70,68,100,2.7302399002429377e+23,82.4,-107615456.0,78.2,2.7302388193790272e+23,79.0,1,49,50,180,0,52429,0,0,0.0,0.0,0.0,0.0,-0.0,67.0,0.0,162057.094,0.0,980,0,1009,0,0,0,954,0,1035,0,931,0,792,0,784,0,822,0,7520,0.032,1.95996655783164e+20,0.0,0.0,784,16797,-0.0,162057.094,-114818.039,-0.0,0.133,6.909358625270745e+28,30.0,70.0,35,0.0,0.0,0.0,0.0,0.0,0.0,0.0,0.0,0.0,0.0,0.0,0.0,0.0,0.0,0.0,0.0,66.0,0,150,71,52,65476,0,300,0,0,8,20529,65476,0,0,44564,70.0,0.0,0.0,0.0,0.0,0.0
2026-09-10T21:20:06,ERR,ERR,ERR,ERR,ERR,ERR,ERR,ERR,ERR,ERR,ERR,ERR,ERR,ERR,ERR,ERR,ERR,ERR,ERR,ERR,ERR,ERR,ERR,ERR,ERR,ERR,ERR,ERR,ERR,ERR,ERR,ERR,ERR,ERR,ERR,ERR,ERR,ERR,ERR,ERR,ERR,ERR,ERR,ERR,ERR,ERR,ERR,ERR,ERR,ERR,ERR,ERR,ERR,ERR,ERR,ERR,ERR,ERR,ERR,ERR,ERR,ERR,ERR,ERR,ERR,ERR,ERR,ERR,ERR,ERR,ERR,ERR,ERR,ERR,ERR,ERR,ERR,ERR,ERR,ERR,ERR,ERR,ERR,ERR,ERR,ERR,ERR,ERR,ERR,ERR,ERR,ERR,ERR,ERR,ERR,ERR,ERR,ERR,ERR,ERR,ERR,ERR,ERR,ERR,ERR,ERR,ERR,ERR,ERR,ERR,ERR,ERR,ERR,ERR,ERR,ERR,ERR,ERR,ERR,ERR,ERR,ERR,ERR,ERR,ERR,0.0,0.0,2.6474835549302285e+23,0.0,0.0,1.3936040501711995e+18,7.805,0.0,0,0,4,0,7116,0.0,100,0.0,0.0,0.0,0.0,0.0,0,0,0,0,0.0,0,0,0,0,0,0,0,0,0,0,0,0,0,0,0,0,0,0,0,0,0,0,0,0,0,0,0,0,0,0,0,0,0,31,40,40,71,65476,0,300,0,0,8,21553,0.0,-107605600.0,0.0,0.0,0.0,0.0,0.0,0.0,0.0,0.0,0.0,0.0,0.0,0.0,0.0,0.0,0.0,0.0,0.0,0.0,0.0,0.0,-2.004,2.004,-0.0,2.004,0.0,0.0,0.0,0.0,4470.0,-2.4229830046158873e+24,6941.0,0.0,0.0,-0.0,0.0,0.0,0.0,0.0,0.0,69,-4.0668816144241325e+29,0.0,0.0,0.0,0.0,0.0,0.0,0.0,0.0,0,0,0,0.0,0.0,0.0,0.0,0.0,0.0,0.0,0.0,0.0,0.0,0.0,0.0,0.0,0.0,0.0,0.0,0,-107875648.0,69,0.0,138,0.0,2.6474835549302285e+23,0,52429,17086,0,17103,0,17082,0,0,0,70,68,100,2.7302399002429377e+23,82.4,-107615456.0,78.2,2.7302388193790272e+23,79.0,1,49,50,180,0,52429,0,0,0.0,0.0,0.0,0.0,-0.0,67.0,0.0,162057.094,0.0,980,0,1009,0,0,0,954,0,1035,0,931,0,792,0,784,0,822,0,7520,0.032,1.95996655783164e+20,0.0,0.0,784,16797,-0.0,162057.094,-114818.039,-0.0,0.133,6.909358625270745e+28,30.0,70.0,35,0.0,0.0,0.0,0.0,0.0,0.0,0.0,0.0,0.0,0.0,0.0,0.0,0.0,0.0,0.0,0.0,66.0,0,150,71,52,65476,0,300,0,0,8,20529,65476,0,0,44564,70.0,0.0,0.0,0.0,0.0,0.0
2026-09-10T21:20:07,ERR,ERR,ERR,ERR,ERR,ERR,ERR,ERR,ERR,ERR,ERR,ERR,ERR,ERR,ERR,ERR,ERR,ERR,ERR,ERR,ERR,ERR,ERR,ERR,ERR,ERR,ERR,ERR,ERR,ERR,ERR,ERR,ERR,ERR,ERR,ERR,ERR,ERR,ERR,ERR,ERR,ERR,ERR,ERR,ERR,ERR,ERR,ERR,ERR,ERR,ERR,ERR,ERR,ERR,ERR,ERR,ERR,ERR,ERR,ERR,ERR,ERR,ERR,ERR,ERR,ERR,ERR,ERR,ERR,ERR,ERR,ERR,ERR,ERR,ERR,ERR,ERR,ERR,ERR,ERR,ERR,ERR,ERR,ERR,ERR,ERR,ERR,ERR,ERR,ERR,ERR,ERR,ERR,ERR,ERR,ERR,ERR,ERR,ERR,ERR,ERR,ERR,ERR,ERR,ERR,ERR,ERR,ERR,ERR,ERR,ERR,ERR,ERR,ERR,ERR,ERR,ERR,ERR,ERR,ERR,ERR,ERR,ERR,ERR,ERR,0.0,0.0,2.6474835549302285e+23,0.0,0.0,1.3936040501711995e+18,7.805,0.0,0,0,4,0,7116,0.0,100,0.0,0.0,0.0,0.0,0.0,0,0,0,0,0.0,0,0,0,0,0,0,0,0,0,0,0,0,0,0,0,0,0,0,0,0,0,0,0,0,0,0,0,0,0,0,0,0,0,31,40,40,71,65476,0,300,0,0,8,21553,0.0,-107605600.0,0.0,0.0,0.0,0.0,0.0,0.0,0.0,0.0,0.0,0.0,0.0,0.0,0.0,0.0,0.0,0.0,0.0,0.0,0.0,0.0,-2.004,2.004,-0.0,0.0,0.0,0.0,0.0,0.0,4461.0,-564144692527104.0,6939.0,0.0,0.0,-0.0,-107615296.0,0.0,0.0,0.0,0.0,69,-2.3088410695593833e+20,0.0,0.0,0.0,0.0,0.0,0.0,0.0,0.0,0,0,0,0.0,0.0,0.0,0.0,0.0,0.0,0.0,0.0,0.0,0.0,0.0,0.0,0.0,0.0,0.0,0.0,0,-107875648.0,69,0.0,138,0.0,2.6474835549302285e+23,0,52429,17086,0,17103,0,17082,0,0,0,70,68,100,2.7302399002429377e+23,82.4,-107615456.0,78.2,2.7302388193790272e+23,79.0,1,49,50,180,0,52429,0,0,0.0,0.0,0.0,0.0,-0.0,67.0,0.0,162057.094,0.0,980,0,1009,0,0,0,954,0,1035,0,931,0,792,0,784,0,822,0,7520,0.032,1.95996655783164e+20,0.0,0.0,784,16797,-0.0,162057.094,-114818.039,-0.0,0.133,6.909358625270745e+28,30.0,70.0,35,0.0,0.0,0.0,0.0,0.0,0.0,0.0,0.0,0.0,0.0,0.0,0.0,0.0,0.0,0.0,0.0,66.4,0,150,71,52,65476,0,300,0,0,8,20529,65476,0,0,44564,70.0,0.0,0.0,0.0,0.0,0.0
2026-09-10T21:20:08,ERR,ERR,ERR,ERR,ERR,ERR,ERR,ERR,ERR,ERR,ERR,ERR,ERR,ERR,ERR,ERR,ERR,ERR,ERR,ERR,ERR,ERR,ERR,ERR,ERR,ERR,ERR,ERR,ERR,ERR,ERR,ERR,ERR,ERR,ERR,ERR,ERR,ERR,ERR,ERR,ERR,ERR,ERR,ERR,ERR,ERR,ERR,ERR,ERR,ERR,ERR,ERR,ERR,ERR,ERR,ERR,ERR,ERR,ERR,ERR,ERR,ERR,ERR,ERR,ERR,ERR,ERR,ERR,ERR,ERR,ERR,ERR,ERR,ERR,ERR,ERR,ERR,ERR,ERR,ERR,ERR,ERR,ERR,ERR,ERR,ERR,ERR,ERR,ERR,ERR,ERR,ERR,ERR,ERR,ERR,ERR,ERR,ERR,ERR,ERR,ERR,ERR,ERR,ERR,ERR,ERR,ERR,ERR,ERR,ERR,ERR,ERR,ERR,ERR,ERR,ERR,ERR,ERR,ERR,ERR,ERR,ERR,ERR,ERR,ERR,0.0,0.0,2.6474835549302285e+23,0.0,0.0,1.3936040501711995e+18,7.805,0.0,0,0,4,0,7116,0.0,100,0.0,0.0,0.0,0.0,0.0,0,0,0,0,0.0,0,0,0,0,0,0,0,0,0,0,0,0,0,0,0,0,0,0,0,0,0,0,0,0,0,0,0,0,0,0,0,0,0,31,40,40,71,65476,0,300,0,0,8,21553,0.0,-107605600.0,0.0,0.0,0.0,0.0,0.0,0.0,0.0,0.0,0.0,0.0,0.0,0.0,0.0,0.0,0.0,0.0,0.0,0.0,0.0,0.0,-2.004,2.004,-0.0,0.0,0.0,0.0,0.0,0.0,4461.0,-564144692527104.0,6939.0,0.0,0.0,-0.0,-107615296.0,0.0,0.0,0.0,0.0,69,-2.3088410695593833e+20,0.0,0.0,0.0,0.0,0.0,0.0,0.0,0.0,0,0,0,0.0,0.0,0.0,0.0,0.0,0.0,0.0,0.0,0.0,0.0,0.0,0.0,0.0,0.0,0.0,0.0,0,-107875648.0,69,0.0,138,0.0,2.6474835549302285e+23,0,52429,17086,0,17103,0,17082,0,0,0,70,68,100,2.7302399002429377e+23,82.4,-107615456.0,78.2,2.7302388193790272e+23,79.0,1,49,50,180,0,52429,0,0,0.0,0.0,0.0,0.0,-0.0,67.0,0.0,162057.094,0.0,980,0,1009,0,0,0,954,0,1035,0,930,0,792,0,784,0,822,0,7520,0.032,1.9484373427855714e+20,0.0,0.0,784,16797,-0.0,162057.094,-114818.039,-0.0,0.133,6.909358625270745e+28,30.0,70.0,35,0.0,0.0,0.0,0.0,0.0,0.0,0.0,0.0,0.0,0.0,0.0,0.0,0.0,0.0,0.0,0.0,66.4,0,150,71,52,65476,0,300,0,0,8,20529,65476,0,0,44564,70.0,0.0,0.0,0.0,0.0,0.0
2026-09-10T21:20:09,ERR,ERR,ERR,ERR,ERR,ERR,ERR,ERR,ERR,ERR,ERR,ERR,ERR,ERR,ERR,ERR,ERR,ERR,ERR,ERR,ERR,ERR,ERR,ERR,ERR,ERR,ERR,ERR,ERR,ERR,ERR,ERR,ERR,ERR,ERR,ERR,ERR,ERR,ERR,ERR,ERR,ERR,ERR,ERR,ERR,ERR,ERR,ERR,ERR,ERR,ERR,ERR,ERR,ERR,ERR,ERR,ERR,ERR,ERR,ERR,ERR,ERR,ERR,ERR,ERR,ERR,ERR,ERR,ERR,ERR,ERR,ERR,ERR,ERR,ERR,ERR,ERR,ERR,ERR,ERR,ERR,ERR,ERR,ERR,ERR,ERR,ERR,ERR,ERR,ERR,ERR,ERR,ERR,ERR,ERR,ERR,ERR,ERR,ERR,ERR,ERR,ERR,ERR,ERR,ERR,ERR,ERR,ERR,ERR,ERR,ERR,ERR,ERR,ERR,ERR,ERR,ERR,ERR,ERR,ERR,ERR,ERR,ERR,ERR,ERR,0.0,0.0,2.6474835549302285e+23,0.0,0.0,1.3936040501711995e+18,7.805,0.0,0,0,4,0,7116,0.0,100,0.0,0.0,0.0,0.0,0.0,0,0,0,0,0.0,0,0,0,0,0,0,0,0,0,0,0,0,0,0,0,0,0,0,0,0,0,0,0,0,0,0,0,0,0,0,0,0,0,31,40,40,71,65476,0,300,0,0,8,21553,0.0,-107605600.0,0.0,0.0,0.0,0.0,0.0,0.0,0.0,0.0,0.0,0.0,0.0,0.0,0.0,0.0,0.0,0.0,0.0,0.0,0.0,0.0,-2.004,2.004,-0.0,0.0,0.0,0.0,0.0,0.0,4461.0,-564144692527104.0,6939.0,0.0,0.0,-0.0,-107615296.0,0.0,0.0,0.0,0.0,69,-2.3088410695593833e+20,0.0,0.0,0.0,0.0,0.0,0.0,0.0,0.0,0,0,0,0.0,0.0,0.0,0.0,0.0,0.0,0.0,0.0,0.0,0.0,0.0,0.0,0.0,0.0,0.0,0.0,0,-107875648.0,69,0.0,138,0.0,2.6474835549302285e+23,0,52429,17086,0,17103,0,17082,0,0,0,70,68,100,2.7302399002429377e+23,82.4,-107615456.0,78.2,2.7302388193790272e+23,79.0,1,49,50,180,0,52429,0,0,0.0,0.0,0.0,0.0,-0.0,67.0,0.0,162057.094,0.0,980,0,1009,0,0,0,954,0,1035,0,930,0,792,0,784,0,822,0,7520,0.032,1.9484373427855714e+20,0.0,0.0,784,16797,-0.0,162057.094,-114818.039,-0.0,0.133,6.909358625270745e+28,30.0,70.0,35,0.0,0.0,0.0,0.0,0.0,0.0,0.0,0.0,0.0,0.0,0.0,0.0,0.0,0.0,0.0,0.0,66.4,0,150,71,52,65476,0,300,0,0,8,20529,65476,0,0,44564,70.0,0.0,0.0,0.0,0.0,0.0
2026-09-10T21:20:10,ERR,ERR,ERR,ERR,ERR,ERR,ERR,ERR,ERR,ERR,ERR,ERR,ERR,ERR,ERR,ERR,ERR,ERR,ERR,ERR,ERR,ERR,ERR,ERR,ERR,ERR,ERR,ERR,ERR,ERR,ERR,ERR,ERR,ERR,ERR,ERR,ERR,ERR,ERR,ERR,ERR,ERR,ERR,ERR,ERR,ERR,ERR,ERR,ERR,ERR,ERR,ERR,ERR,ERR,ERR,ERR,ERR,ERR,ERR,ERR,ERR,ERR,ERR,ERR,ERR,ERR,ERR,ERR,ERR,ERR,ERR,ERR,ERR,ERR,ERR,ERR,ERR,ERR,ERR,ERR,ERR,ERR,ERR,ERR,ERR,ERR,ERR,ERR,ERR,ERR,ERR,ERR,ERR,ERR,ERR,ERR,ERR,ERR,ERR,ERR,ERR,ERR,ERR,ERR,ERR,ERR,ERR,ERR,ERR,ERR,ERR,ERR,ERR,ERR,ERR,ERR,ERR,ERR,ERR,ERR,ERR,ERR,ERR,ERR,ERR,0.0,0.0,2.6474835549302285e+23,0.0,0.0,1.3936040501711995e+18,7.805,0.0,0,0,4,0,7116,0.0,100,0.0,0.0,0.0,0.0,0.0,0,0,0,0,0.0,0,0,0,0,0,0,0,0,0,0,0,0,0,0,0,0,0,0,0,0,0,0,0,0,0,0,0,0,0,0,0,0,0,31,40,40,71,65476,0,300,0,0,8,21553,0.0,-107605600.0,0.0,0.0,0.0,0.0,0.0,0.0,0.0,0.0,0.0,0.0,0.0,0.0,0.0,0.0,0.0,0.0,0.0,0.0,0.0,0.0,-2.004,2.004,-0.0,0.0,0.0,0.0,0.0,0.0,4461.0,-564144692527104.0,6939.0,0.0,0.0,-0.0,-107615296.0,0.0,0.0,0.0,0.0,69,-2.3088410695593833e+20,0.0,0.0,0.0,0.0,0.0,0.0,0.0,0.0,0,0,0,0.0,0.0,0.0,0.0,0.0,0.0,0.0,0.0,0.0,0.0,0.0,0.0,0.0,0.0,0.0,0.0,0,-107875648.0,69,0.0,138,0.0,2.6474835549302285e+23,0,52429,17086,0,17103,0,17082,0,0,0,70,68,100,2.7302399002429377e+23,82.4,-107615456.0,78.2,2.7302388193790272e+23,79.0,1,49,50,180,0,52429,0,0,0.0,0.0,0.0,0.0,-0.0,67.0,0.0,162057.094,0.0,980,0,1009,0,0,0,954,0,1035,0,930,0,792,0,784,0,822,0,7520,0.032,1.9484373427855714e+20,0.0,0.0,784,16797,-0.0,162057.094,-114818.039,-0.0,0.133,6.909358625270745e+28,30.0,70.0,35,0.0,0.0,0.0,0.0,0.0,0.0,0.0,0.0,0.0,0.0,0.0,0.0,0.0,0.0,0.0,0.0,66.0,0,150,71,52,65476,0,300,0,0,8,20529,65476,0,0,44564,70.0,0.0,0.0,0.0,0.0,0.0
2026-09-10T21:20:11,ERR,ERR,ERR,ERR,ERR,ERR,ERR,ERR,ERR,ERR,ERR,ERR,ERR,ERR,ERR,ERR,ERR,ERR,ERR,ERR,ERR,ERR,ERR,ERR,ERR,ERR,ERR,ERR,ERR,ERR,ERR,ERR,ERR,ERR,ERR,ERR,ERR,ERR,ERR,ERR,ERR,ERR,ERR,ERR,ERR,ERR,ERR,ERR,ERR,ERR,ERR,ERR,ERR,ERR,ERR,ERR,ERR,ERR,ERR,ERR,ERR,ERR,ERR,ERR,ERR,ERR,ERR,ERR,ERR,ERR,ERR,ERR,ERR,ERR,ERR,ERR,ERR,ERR,ERR,ERR,ERR,ERR,ERR,ERR,ERR,ERR,ERR,ERR,ERR,ERR,ERR,ERR,ERR,ERR,ERR,ERR,ERR,ERR,ERR,ERR,ERR,ERR,ERR,ERR,ERR,ERR,ERR,ERR,ERR,ERR,ERR,ERR,ERR,ERR,ERR,ERR,ERR,ERR,ERR,ERR,ERR,ERR,ERR,ERR,ERR,0.0,0.0,2.6474835549302285e+23,0.0,0.0,1.3936040501711995e+18,7.805,0.0,0,0,4,0,7116,0.0,100,0.0,0.0,0.0,0.0,0.0,0,0,0,0,0.0,0,0,0,0,0,0,0,0,0,0,0,0,0,0,0,0,0,0,0,0,0,0,0,0,0,0,0,0,0,0,0,0,0,31,40,40,71,65476,0,300,0,0,8,21553,0.0,-107605600.0,0.0,0.0,0.0,0.0,0.0,0.0,0.0,0.0,0.0,0.0,0.0,0.0,0.0,0.0,0.0,0.0,0.0,0.0,0.0,0.0,-2.004,2.004,-0.0,0.0,0.0,0.0,0.0,0.0,4461.0,-564144692527104.0,6939.0,0.0,0.0,-0.0,-107615296.0,0.0,0.0,0.0,0.0,69,-2.3088410695593833e+20,0.0,0.0,0.0,0.0,0.0,0.0,0.0,0.0,0,0,0,0.0,0.0,0.0,0.0,0.0,0.0,0.0,0.0,0.0,0.0,0.0,0.0,0.0,0.0,0.0,0.0,0,-107875648.0,69,0.0,138,0.0,2.6474835549302285e+23,0,52429,17086,0,17103,0,17082,0,0,0,70,68,100,2.7302399002429377e+23,82.4,-107615456.0,78.2,2.7302388193790272e+23,79.0,1,49,50,180,0,52429,0,0,0.0,0.0,0.0,0.0,-0.0,67.0,0.0,162057.094,0.0,980,0,1009,0,0,0,954,0,1035,0,930,0,792,0,784,0,822,0,7520,0.032,1.9484373427855714e+20,0.0,0.0,784,16797,-0.0,162057.094,-114818.039,-0.0,0.133,6.909358625270745e+28,30.0,70.0,35,0.0,0.0,0.0,0.0,0.0,0.0,0.0,0.0,0.0,0.0,0.0,0.0,0.0,0.0,0.0,0.0,66.0,0,150,71,52,65476,0,300,0,0,8,20529,65476,0,0,44564,70.0,0.0,0.0,0.0,0.0,0.0
2026-09-10T21:20:12,ERR,ERR,ERR,ERR,ERR,ERR,ERR,ERR,ERR,ERR,ERR,ERR,ERR,ERR,ERR,ERR,ERR,ERR,ERR,ERR,ERR,ERR,ERR,ERR,ERR,ERR,ERR,ERR,ERR,ERR,ERR,ERR,ERR,ERR,ERR,ERR,ERR,ERR,ERR,ERR,ERR,ERR,ERR,ERR,ERR,ERR,ERR,ERR,ERR,ERR,ERR,ERR,ERR,ERR,ERR,ERR,ERR,ERR,ERR,ERR,ERR,ERR,ERR,ERR,ERR,ERR,ERR,ERR,ERR,ERR,ERR,ERR,ERR,ERR,ERR,ERR,ERR,ERR,ERR,ERR,ERR,ERR,ERR,ERR,ERR,ERR,ERR,ERR,ERR,ERR,ERR,ERR,ERR,ERR,ERR,ERR,ERR,ERR,ERR,ERR,ERR,ERR,ERR,ERR,ERR,ERR,ERR,ERR,ERR,ERR,ERR,ERR,ERR,ERR,ERR,ERR,ERR,ERR,ERR,ERR,ERR,ERR,ERR,ERR,ERR,0.0,0.0,2.6474835549302285e+23,0.0,0.0,1.3936040501711995e+18,7.805,0.0,0,0,4,0,7116,0.0,100,0.0,0.0,0.0,0.0,0.0,0,0,0,0,0.0,0,0,0,0,0,0,0,0,0,0,0,0,0,0,0,0,0,0,0,0,0,0,0,0,0,0,0,0,0,0,0,0,0,31,40,40,71,65476,0,300,0,0,8,21553,0.0,-107605600.0,0.0,0.0,0.0,0.0,0.0,0.0,0.0,0.0,0.0,0.0,0.0,0.0,0.0,0.0,0.0,0.0,0.0,0.0,0.0,0.0,-2.004,2.004,-0.0,0.0,0.0,0.0,0.0,0.0,4461.0,-564144692527104.0,6939.0,0.0,0.0,-0.0,-107615296.0,0.0,0.0,0.0,0.0,69,-2.3088410695593833e+20,0.0,0.0,0.0,0.0,0.0,0.0,0.0,0.0,0,0,0,0.0,0.0,0.0,0.0,0.0,0.0,0.0,0.0,0.0,0.0,0.0,0.0,0.0,0.0,0.0,0.0,0,-107875648.0,69,0.0,138,0.0,2.6474835549302285e+23,0,52429,17086,0,17103,0,17082,0,0,0,70,68,100,2.7302399002429377e+23,82.4,-107615456.0,78.2,2.7302388193790272e+23,79.0,1,49,50,180,0,52429,0,0,0.0,0.0,0.0,0.0,-0.0,67.0,0.0,162057.094,0.0,980,0,1009,0,0,0,954,0,1035,0,930,0,792,0,784,0,822,0,7520,0.032,1.9484373427855714e+20,0.0,0.0,784,16797,-0.0,162057.094,-114818.039,-0.0,0.133,6.909358625270745e+28,30.0,70.0,35,0.0,0.0,0.0,0.0,0.0,0.0,0.0,0.0,0.0,0.0,0.0,0.0,0.0,0.0,0.0,0.0,66.0,0,150,71,52,65476,0,300,0,0,8,20529,65476,0,0,44564,70.0,0.0,0.0,0.0,0.0,0.0
2026-09-10T21:20:13,ERR,ERR,ERR,ERR,ERR,ERR,ERR,ERR,ERR,ERR,ERR,ERR,ERR,ERR,ERR,ERR,ERR,ERR,ERR,ERR,ERR,ERR,ERR,ERR,ERR,ERR,ERR,ERR,ERR,ERR,ERR,ERR,ERR,ERR,ERR,ERR,ERR,ERR,ERR,ERR,ERR,ERR,ERR,ERR,ERR,ERR,ERR,ERR,ERR,ERR,ERR,ERR,ERR,ERR,ERR,ERR,ERR,ERR,ERR,ERR,ERR,ERR,ERR,ERR,ERR,ERR,ERR,ERR,ERR,ERR,ERR,ERR,ERR,ERR,ERR,ERR,ERR,ERR,ERR,ERR,ERR,ERR,ERR,ERR,ERR,ERR,ERR,ERR,ERR,ERR,ERR,ERR,ERR,ERR,ERR,ERR,ERR,ERR,ERR,ERR,ERR,ERR,ERR,ERR,ERR,ERR,ERR,ERR,ERR,ERR,ERR,ERR,ERR,ERR,ERR,ERR,ERR,ERR,ERR,ERR,ERR,ERR,ERR,ERR,ERR,0.0,0.0,2.6474835549302285e+23,0.0,0.0,1.3936040501711995e+18,7.805,0.0,0,0,4,0,7116,0.0,100,0.0,0.0,0.0,0.0,0.0,0,0,0,0,0.0,0,0,0,0,0,0,0,0,0,0,0,0,0,0,0,0,0,0,0,0,0,0,0,0,0,0,0,0,0,0,0,0,0,31,40,40,71,65476,0,300,0,0,8,21553,0.0,-107605600.0,0.0,0.0,0.0,0.0,0.0,0.0,0.0,0.0,0.0,0.0,0.0,0.0,0.0,0.0,0.0,0.0,0.0,0.0,0.0,0.0,-2.004,2.004,-0.0,0.0,0.0,0.0,0.0,0.0,4461.0,-564144692527104.0,6939.0,0.0,0.0,-0.0,-107615296.0,0.0,0.0,0.0,0.0,69,-2.3088410695593833e+20,0.0,0.0,0.0,0.0,0.0,0.0,0.0,0.0,0,0,0,0.0,0.0,0.0,0.0,0.0,0.0,0.0,0.0,0.0,0.0,0.0,0.0,0.0,0.0,0.0,0.0,0,-107875648.0,69,0.0,138,0.0,2.6474835549302285e+23,0,52429,17086,0,17103,0,17082,0,0,0,70,68,100,2.7302399002429377e+23,82.4,-107615456.0,78.2,2.7302388193790272e+23,79.0,1,49,50,180,0,52429,0,0,0.0,0.0,0.0,0.0,-0.0,67.0,0.0,162057.094,0.0,980,0,1009,0,0,0,954,0,1035,0,930,0,792,0,784,0,822,0,7520,0.032,1.9484373427855714e+20,0.0,0.0,784,16797,-0.0,162057.094,-114818.039,-0.0,0.133,6.909358625270745e+28,30.0,70.0,35,0.0,0.0,0.0,0.0,0.0,0.0,0.0,0.0,0.0,0.0,0.0,0.0,0.0,0.0,0.0,0.0,66.4,0,150,71,52,65476,0,300,0,0,8,20529,65476,0,0,44564,70.0,0.0,0.0,0.0,0.0,0.0
2026-09-10T21:20:14,ERR,ERR,ERR,ERR,ERR,ERR,ERR,ERR,ERR,ERR,ERR,ERR,ERR,ERR,ERR,ERR,ERR,ERR,ERR,ERR,ERR,ERR,ERR,ERR,ERR,ERR,ERR,ERR,ERR,ERR,ERR,ERR,ERR,ERR,ERR,ERR,ERR,ERR,ERR,ERR,ERR,ERR,ERR,ERR,ERR,ERR,ERR,ERR,ERR,ERR,ERR,ERR,ERR,ERR,ERR,ERR,ERR,ERR,ERR,ERR,ERR,ERR,ERR,ERR,ERR,ERR,ERR,ERR,ERR,ERR,ERR,ERR,ERR,ERR,ERR,ERR,ERR,ERR,ERR,ERR,ERR,ERR,ERR,ERR,ERR,ERR,ERR,ERR,ERR,ERR,ERR,ERR,ERR,ERR,ERR,ERR,ERR,ERR,ERR,ERR,ERR,ERR,ERR,ERR,ERR,ERR,ERR,ERR,ERR,ERR,ERR,ERR,ERR,ERR,ERR,ERR,ERR,ERR,ERR,ERR,ERR,ERR,ERR,ERR,ERR,0.0,0.0,2.6474835549302285e+23,0.0,0.0,1.3936040501711995e+18,7.805,0.0,0,0,4,0,7116,0.0,100,0.0,0.0,0.0,0.0,0.0,0,0,0,0,0.0,0,0,0,0,0,0,0,0,0,0,0,0,0,0,0,0,0,0,0,0,0,0,0,0,0,0,0,0,0,0,0,0,0,31,40,40,71,65476,0,300,0,0,8,21553,0.0,-107605600.0,0.0,0.0,0.0,0.0,0.0,0.0,0.0,0.0,0.0,0.0,0.0,0.0,0.0,0.0,0.0,0.0,0.0,0.0,0.0,0.0,-2.004,2.004,-0.0,0.0,0.0,0.0,0.0,0.0,4461.0,-564144692527104.0,6939.0,0.0,0.0,-0.0,-107615296.0,0.0,0.0,0.0,0.0,69,-2.3088410695593833e+20,0.0,0.0,0.0,0.0,0.0,0.0,0.0,0.0,0,0,0,0.0,0.0,0.0,0.0,0.0,0.0,0.0,0.0,0.0,0.0,0.0,0.0,0.0,0.0,0.0,0.0,0,-107875648.0,69,0.0,138,0.0,2.6474835549302285e+23,0,52429,17086,0,17103,0,17082,0,0,0,70,68,100,2.7302399002429377e+23,82.4,-107615456.0,78.2,2.7302388193790272e+23,79.0,1,49,50,180,13107,52429,0,0,0.0,0.0,0.0,0.0,-0.0,67.0,0.0,162057.094,0.0,981,0,1009,0,0,0,954,0,1034,0,930,0,792,0,784,0,822,0,7520,0.032,1.9484373427855714e+20,0.0,0.0,784,16797,-0.0,162057.094,-114818.039,-0.0,0.133,6.909358625270745e+28,30.0,70.0,35,0.0,0.0,0.0,0.0,0.0,0.0,0.0,0.0,0.0,0.0,0.0,0.0,0.0,0.0,0.0,0.0,66.4,0,150,71,52,65476,0,300,0,0,8,20529,65476,0,0,44564,70.0,0.0,0.0,0.0,0.0,0.0
2026-09-10T21:20:15,ERR,ERR,ERR,ERR,ERR,ERR,ERR,ERR,ERR,ERR,ERR,ERR,ERR,ERR,ERR,ERR,ERR,ERR,ERR,ERR,ERR,ERR,ERR,ERR,ERR,ERR,ERR,ERR,ERR,ERR,ERR,ERR,ERR,ERR,ERR,ERR,ERR,ERR,ERR,ERR,ERR,ERR,ERR,ERR,ERR,ERR,ERR,ERR,ERR,ERR,ERR,ERR,ERR,ERR,ERR,ERR,ERR,ERR,ERR,ERR,ERR,ERR,ERR,ERR,ERR,ERR,ERR,ERR,ERR,ERR,ERR,ERR,ERR,ERR,ERR,ERR,ERR,ERR,ERR,ERR,ERR,ERR,ERR,ERR,ERR,ERR,ERR,ERR,ERR,ERR,ERR,ERR,ERR,ERR,ERR,ERR,ERR,ERR,ERR,ERR,ERR,ERR,ERR,ERR,ERR,ERR,ERR,ERR,ERR,ERR,ERR,ERR,ERR,ERR,ERR,ERR,ERR,ERR,ERR,ERR,ERR,ERR,ERR,ERR,ERR,0.0,0.0,2.6474835549302285e+23,0.0,0.0,1.3936040501711995e+18,7.805,0.0,0,0,4,0,7116,0.0,100,0.0,0.0,0.0,0.0,0.0,0,0,0,0,0.0,0,0,0,0,0,0,0,0,0,0,0,0,0,0,0,0,0,0,0,0,0,0,0,0,0,0,0,0,0,0,0,0,0,31,40,40,71,65476,0,300,0,0,8,21553,0.0,-107605600.0,0.0,0.0,0.0,0.0,0.0,0.0,0.0,0.0,0.0,0.0,0.0,0.0,0.0,0.0,0.0,0.0,0.0,0.0,0.0,0.0,-2.004,2.004,-0.0,2.004,0.0,0.0,0.0,0.0,4466.0,-3.697178656945629e+19,6942.0,0.0,0.0,-0.0,0.0,0.0,0.0,0.0,0.0,69,-4.950430145311814e+32,0.0,0.0,0.0,0.0,0.0,0.0,0.0,0.0,0,0,0,0.0,0.0,0.0,0.0,0.0,0.0,0.0,0.0,0.0,0.0,0.0,0.0,0.0,0.0,0.0,0.0,0,-107875648.0,69,0.0,138,0.0,2.6474835549302285e+23,0,52429,17086,0,17103,0,17082,0,0,0,70,68,100,2.7302399002429377e+23,82.4,-107615456.0,78.2,2.7302388193790272e+23,79.0,1,49,50,180,13107,52429,0,0,0.0,0.0,0.0,0.0,-0.0,67.0,0.0,162057.094,0.0,981,0,1009,0,0,0,954,0,1034,0,930,0,792,0,784,0,822,0,7520,0.032,1.9484373427855714e+20,0.0,0.0,784,16797,-0.0,162057.094,-114818.039,-0.0,0.133,6.909358625270745e+28,30.0,70.0,35,0.0,0.0,0.0,0.0,0.0,0.0,0.0,0.0,0.0,0.0,0.0,0.0,0.0,0.0,0.0,0.0,66.0,0,150,71,52,65476,0,300,0,0,8,20529,65476,0,0,44564,70.0,0.0,0.0,0.0,0.0,0.0
2026-09-10T21:20:16,ERR,ERR,ERR,ERR,ERR,ERR,ERR,ERR,ERR,ERR,ERR,ERR,ERR,ERR,ERR,ERR,ERR,ERR,ERR,ERR,ERR,ERR,ERR,ERR,ERR,ERR,ERR,ERR,ERR,ERR,ERR,ERR,ERR,ERR,ERR,ERR,ERR,ERR,ERR,ERR,ERR,ERR,ERR,ERR,ERR,ERR,ERR,ERR,ERR,ERR,ERR,ERR,ERR,ERR,ERR,ERR,ERR,ERR,ERR,ERR,ERR,ERR,ERR,ERR,ERR,ERR,ERR,ERR,ERR,ERR,ERR,ERR,ERR,ERR,ERR,ERR,ERR,ERR,ERR,ERR,ERR,ERR,ERR,ERR,ERR,ERR,ERR,ERR,ERR,ERR,ERR,ERR,ERR,ERR,ERR,ERR,ERR,ERR,ERR,ERR,ERR,ERR,ERR,ERR,ERR,ERR,ERR,ERR,ERR,ERR,ERR,ERR,ERR,ERR,ERR,ERR,ERR,ERR,ERR,ERR,ERR,ERR,ERR,ERR,ERR,0.0,0.0,2.6474835549302285e+23,0.0,0.0,1.3936040501711995e+18,7.805,0.0,0,0,4,0,7116,0.0,100,0.0,0.0,0.0,0.0,0.0,0,0,0,0,0.0,0,0,0,0,0,0,0,0,0,0,0,0,0,0,0,0,0,0,0,0,0,0,0,0,0,0,0,0,0,0,0,0,0,31,40,40,71,65476,0,300,0,0,8,21553,0.0,-107605600.0,0.0,0.0,0.0,0.0,0.0,0.0,0.0,0.0,0.0,0.0,0.0,0.0,0.0,0.0,0.0,0.0,0.0,0.0,0.0,0.0,-2.004,2.004,-0.0,2.004,0.0,0.0,0.0,0.0,4466.0,-3.697178656945629e+19,6942.0,0.0,0.0,-0.0,0.0,0.0,0.0,0.0,0.0,69,-4.950430145311814e+32,0.0,0.0,0.0,0.0,0.0,0.0,0.0,0.0,0,0,0,0.0,0.0,0.0,0.0,0.0,0.0,0.0,0.0,0.0,0.0,0.0,0.0,0.0,0.0,0.0,0.0,0,-107875648.0,69,0.0,138,0.0,2.6474835549302285e+23,0,52429,17086,0,17103,0,17082,0,0,0,70,68,100,2.7302399002429377e+23,82.4,-107615456.0,78.2,2.7302388193790272e+23,79.0,1,49,50,180,13107,52429,0,0,0.0,0.0,0.0,0.0,-0.0,67.0,0.0,162057.094,0.0,981,0,1009,0,0,0,954,0,1034,0,930,0,792,0,784,0,822,0,7520,0.032,1.9484373427855714e+20,0.0,0.0,784,16797,-0.0,162057.094,-114818.039,-0.0,0.133,6.909358625270745e+28,30.0,70.0,35,0.0,0.0,0.0,0.0,0.0,0.0,0.0,0.0,0.0,0.0,0.0,0.0,0.0,0.0,0.0,0.0,66.0,0,150,71,52,65476,0,300,0,0,8,20529,65476,0,0,44564,70.0,0.0,0.0,0.0,0.0,0.0
2026-09-10T21:20:17,ERR,ERR,ERR,ERR,ERR,ERR,ERR,ERR,ERR,ERR,ERR,ERR,ERR,ERR,ERR,ERR,ERR,ERR,ERR,ERR,ERR,ERR,ERR,ERR,ERR,ERR,ERR,ERR,ERR,ERR,ERR,ERR,ERR,ERR,ERR,ERR,ERR,ERR,ERR,ERR,ERR,ERR,ERR,ERR,ERR,ERR,ERR,ERR,ERR,ERR,ERR,ERR,ERR,ERR,ERR,ERR,ERR,ERR,ERR,ERR,ERR,ERR,ERR,ERR,ERR,ERR,ERR,ERR,ERR,ERR,ERR,ERR,ERR,ERR,ERR,ERR,ERR,ERR,ERR,ERR,ERR,ERR,ERR,ERR,ERR,ERR,ERR,ERR,ERR,ERR,ERR,ERR,ERR,ERR,ERR,ERR,ERR,ERR,ERR,ERR,ERR,ERR,ERR,ERR,ERR,ERR,ERR,ERR,ERR,ERR,ERR,ERR,ERR,ERR,ERR,ERR,ERR,ERR,ERR,ERR,ERR,ERR,ERR,ERR,ERR,0.0,0.0,2.6474835549302285e+23,0.0,0.0,1.3936040501711995e+18,7.805,0.0,0,0,4,0,7116,0.0,100,0.0,0.0,0.0,0.0,0.0,0,0,0,0,0.0,0,0,0,0,0,0,0,0,0,0,0,0,0,0,0,0,0,0,0,0,0,0,0,0,0,0,0,0,0,0,0,0,0,31,40,40,71,65476,0,300,0,0,8,21553,0.0,-107605600.0,0.0,0.0,0.0,0.0,0.0,0.0,0.0,0.0,0.0,0.0,0.0,0.0,0.0,0.0,0.0,0.0,0.0,0.0,0.0,0.0,-2.004,2.004,-0.0,2.004,0.0,0.0,0.0,0.0,4466.0,-3.697178656945629e+19,6942.0,0.0,0.0,-0.0,0.0,0.0,0.0,0.0,0.0,69,-4.950430145311814e+32,0.0,0.0,0.0,0.0,0.0,0.0,0.0,0.0,0,0,0,0.0,0.0,0.0,0.0,0.0,0.0,0.0,0.0,0.0,0.0,0.0,0.0,0.0,0.0,0.0,0.0,0,-107875648.0,69,0.0,138,0.0,2.6474835549302285e+23,0,52429,17086,0,17103,0,17082,0,0,0,70,68,100,2.7302399002429377e+23,82.4,-107615456.0,78.2,2.7302388193790272e+23,79.0,1,49,50,180,13107,52429,0,0,0.0,0.0,0.0,0.0,-0.0,67.0,0.0,162057.094,0.0,981,0,1009,0,0,0,954,0,1034,0,930,0,792,0,784,0,822,0,7520,0.032,1.9484373427855714e+20,0.0,0.0,784,16797,-0.0,162057.094,-114818.039,-0.0,0.133,6.909358625270745e+28,30.0,70.0,35,0.0,0.0,0.0,0.0,0.0,0.0,0.0,0.0,0.0,0.0,0.0,0.0,0.0,0.0,0.0,0.0,66.0,0,150,71,52,65476,0,300,0,0,8,20529,65476,0,0,44564,70.0,0.0,0.0,0.0,0.0,0.0
2026-09-10T21:20:18,ERR,ERR,ERR,ERR,ERR,ERR,ERR,ERR,ERR,ERR,ERR,ERR,ERR,ERR,ERR,ERR,ERR,ERR,ERR,ERR,ERR,ERR,ERR,ERR,ERR,ERR,ERR,ERR,ERR,ERR,ERR,ERR,ERR,ERR,ERR,ERR,ERR,ERR,ERR,ERR,ERR,ERR,ERR,ERR,ERR,ERR,ERR,ERR,ERR,ERR,ERR,ERR,ERR,ERR,ERR,ERR,ERR,ERR,ERR,ERR,ERR,ERR,ERR,ERR,ERR,ERR,ERR,ERR,ERR,ERR,ERR,ERR,ERR,ERR,ERR,ERR,ERR,ERR,ERR,ERR,ERR,ERR,ERR,ERR,ERR,ERR,ERR,ERR,ERR,ERR,ERR,ERR,ERR,ERR,ERR,ERR,ERR,ERR,ERR,ERR,ERR,ERR,ERR,ERR,ERR,ERR,ERR,ERR,ERR,ERR,ERR,ERR,ERR,ERR,ERR,ERR,ERR,ERR,ERR,ERR,ERR,ERR,ERR,ERR,ERR,0.0,0.0,2.6474835549302285e+23,0.0,0.0,1.3936040501711995e+18,7.805,0.0,0,0,4,0,7116,0.0,100,0.0,0.0,0.0,0.0,0.0,0,0,0,0,0.0,0,0,0,0,0,0,0,0,0,0,0,0,0,0,0,0,0,0,0,0,0,0,0,0,0,0,0,0,0,0,0,0,0,31,40,40,71,65476,0,300,0,0,8,21553,0.0,-107605600.0,0.0,0.0,0.0,0.0,0.0,0.0,0.0,0.0,0.0,0.0,0.0,0.0,0.0,0.0,0.0,0.0,0.0,0.0,0.0,0.0,-2.004,2.004,-0.0,2.004,0.0,0.0,0.0,0.0,4466.0,-3.697178656945629e+19,6942.0,0.0,0.0,-0.0,0.0,0.0,0.0,0.0,0.0,69,-4.950430145311814e+32,0.0,0.0,0.0,0.0,0.0,0.0,0.0,0.0,0,0,0,0.0,0.0,0.0,0.0,0.0,0.0,0.0,0.0,0.0,0.0,0.0,0.0,0.0,0.0,0.0,0.0,0,-107875648.0,69,0.0,138,0.0,2.6474835549302285e+23,0,52429,17086,0,17103,0,17082,0,0,0,70,68,100,2.7302399002429377e+23,82.4,-107615456.0,78.2,2.7302388193790272e+23,79.0,1,49,50,180,13107,52429,0,0,0.0,0.0,0.0,0.0,-0.0,67.0,0.0,162057.094,0.0,981,0,1009,0,0,0,954,0,1034,0,930,0,792,0,784,0,822,0,7520,0.032,1.9484373427855714e+20,0.0,0.0,784,16797,-0.0,162057.094,-114818.039,-0.0,0.133,6.909358625270745e+28,30.0,70.0,35,0.0,0.0,0.0,0.0,0.0,0.0,0.0,0.0,0.0,0.0,0.0,0.0,0.0,0.0,0.0,0.0,66.4,0,150,71,52,65476,0,300,0,0,8,20529,65476,0,0,44564,70.0,0.0,0.0,0.0,0.0,0.0
2026-09-10T21:20:19,ERR,ERR,ERR,ERR,ERR,ERR,ERR,ERR,ERR,ERR,ERR,ERR,ERR,ERR,ERR,ERR,ERR,ERR,ERR,ERR,ERR,ERR,ERR,ERR,ERR,ERR,ERR,ERR,ERR,ERR,ERR,ERR,ERR,ERR,ERR,ERR,ERR,ERR,ERR,ERR,ERR,ERR,ERR,ERR,ERR,ERR,ERR,ERR,ERR,ERR,ERR,ERR,ERR,ERR,ERR,ERR,ERR,ERR,ERR,ERR,ERR,ERR,ERR,ERR,ERR,ERR,ERR,ERR,ERR,ERR,ERR,ERR,ERR,ERR,ERR,ERR,ERR,ERR,ERR,ERR,ERR,ERR,ERR,ERR,ERR,ERR,ERR,ERR,ERR,ERR,ERR,ERR,ERR,ERR,ERR,ERR,ERR,ERR,ERR,ERR,ERR,ERR,ERR,ERR,ERR,ERR,ERR,ERR,ERR,ERR,ERR,ERR,ERR,ERR,ERR,ERR,ERR,ERR,ERR,ERR,ERR,ERR,ERR,ERR,ERR,0.0,0.0,2.6474835549302285e+23,0.0,0.0,1.3936040501711995e+18,7.805,0.0,0,0,4,0,7116,0.0,100,0.0,0.0,0.0,0.0,0.0,0,0,0,0,0.0,0,0,0,0,0,0,0,0,0,0,0,0,0,0,0,0,0,0,0,0,0,0,0,0,0,0,0,0,0,0,0,0,0,31,40,40,71,65476,0,300,0,0,8,21553,0.0,-107605600.0,0.0,0.0,0.0,0.0,0.0,0.0,0.0,0.0,0.0,0.0,0.0,0.0,0.0,0.0,0.0,0.0,0.0,0.0,0.0,0.0,-2.004,2.004,-0.0,2.004,0.0,0.0,0.0,0.0,4466.0,-3.697178656945629e+19,6942.0,0.0,0.0,-0.0,0.0,0.0,0.0,0.0,0.0,69,-4.950430145311814e+32,0.0,0.0,0.0,0.0,0.0,0.0,0.0,0.0,0,0,0,0.0,0.0,0.0,0.0,0.0,0.0,0.0,0.0,0.0,0.0,0.0,0.0,0.0,0.0,0.0,0.0,0,-107875648.0,69,0.0,138,0.0,2.6474835549302285e+23,0,52429,17086,0,17103,0,17082,0,0,0,70,68,100,2.7302399002429377e+23,82.4,-107615456.0,78.2,2.7302388193790272e+23,79.0,1,49,50,180,13107,52429,0,0,0.0,0.0,0.0,0.0,-0.0,67.0,0.0,162057.094,0.0,981,0,1009,0,0,0,954,0,1034,0,930,0,792,0,784,0,822,0,7520,0.032,1.9484373427855714e+20,0.0,0.0,784,16797,-0.0,162057.094,-114818.039,-0.0,0.133,6.909358625270745e+28,30.0,70.0,35,0.0,0.0,0.0,0.0,0.0,0.0,0.0,0.0,0.0,0.0,0.0,0.0,0.0,0.0,0.0,0.0,66.4,0,150,71,52,65476,0,300,0,0,8,20529,65476,0,0,44564,70.0,0.0,0.0,0.0,0.0,0.0
2026-09-10T21:20:20,ERR,ERR,ERR,ERR,ERR,ERR,ERR,ERR,ERR,ERR,ERR,ERR,ERR,ERR,ERR,ERR,ERR,ERR,ERR,ERR,ERR,ERR,ERR,ERR,ERR,ERR,ERR,ERR,ERR,ERR,ERR,ERR,ERR,ERR,ERR,ERR,ERR,ERR,ERR,ERR,ERR,ERR,ERR,ERR,ERR,ERR,ERR,ERR,ERR,ERR,ERR,ERR,ERR,ERR,ERR,ERR,ERR,ERR,ERR,ERR,ERR,ERR,ERR,ERR,ERR,ERR,ERR,ERR,ERR,ERR,ERR,ERR,ERR,ERR,ERR,ERR,ERR,ERR,ERR,ERR,ERR,ERR,ERR,ERR,ERR,ERR,ERR,ERR,ERR,ERR,ERR,ERR,ERR,ERR,ERR,ERR,ERR,ERR,ERR,ERR,ERR,ERR,ERR,ERR,ERR,ERR,ERR,ERR,ERR,ERR,ERR,ERR,ERR,ERR,ERR,ERR,ERR,ERR,ERR,ERR,ERR,ERR,ERR,ERR,ERR,0.0,0.0,2.6474835549302285e+23,0.0,0.0,1.3936040501711995e+18,7.805,0.0,0,0,4,0,7116,0.0,100,0.0,0.0,0.0,0.0,0.0,0,0,0,0,0.0,0,0,0,0,0,0,0,0,0,0,0,0,0,0,0,0,0,0,0,0,0,0,0,0,0,0,0,0,0,0,0,0,0,31,40,40,71,65476,0,300,0,0,8,21553,0.0,-107605600.0,0.0,0.0,0.0,0.0,0.0,0.0,0.0,0.0,0.0,0.0,0.0,0.0,0.0,0.0,0.0,0.0,0.0,0.0,0.0,0.0,-2.004,2.004,-0.0,2.004,0.0,0.0,0.0,0.0,4466.0,-3.697178656945629e+19,6942.0,0.0,0.0,-0.0,0.0,0.0,0.0,0.0,0.0,69,-4.950430145311814e+32,0.0,0.0,0.0,0.0,0.0,0.0,0.0,0.0,0,0,0,0.0,0.0,0.0,0.0,0.0,0.0,0.0,0.0,0.0,0.0,0.0,0.0,0.0,0.0,0.0,0.0,0,-107875648.0,69,0.0,138,0.0,2.6474835549302285e+23,0,52429,17086,0,17103,0,17082,0,0,0,70,68,100,2.7302399002429377e+23,82.4,-107615456.0,78.2,2.7302388193790272e+23,79.0,1,49,50,180,13107,52429,0,0,0.0,0.0,0.0,0.0,-0.0,67.0,0.0,162057.094,0.0,981,0,1009,0,0,0,954,0,1034,0,930,0,792,0,784,0,823,0,7520,0.032,1.9484373427855714e+20,0.0,0.0,784,16797,-0.0,162057.094,-114818.039,-0.0,0.133,6.909358625270745e+28,30.0,70.0,35,0.0,0.0,0.0,0.0,0.0,0.0,0.0,0.0,0.0,0.0,0.0,0.0,0.0,0.0,0.0,0.0,66.4,0,150,71,52,65476,0,300,0,0,8,20529,65476,0,0,44564,70.0,0.0,0.0,0.0,0.0,0.0
2026-09-10T21:20:21,ERR,ERR,ERR,ERR,ERR,ERR,ERR,ERR,ERR,ERR,ERR,ERR,ERR,ERR,ERR,ERR,ERR,ERR,ERR,ERR,ERR,ERR,ERR,ERR,ERR,ERR,ERR,ERR,ERR,ERR,ERR,ERR,ERR,ERR,ERR,ERR,ERR,ERR,ERR,ERR,ERR,ERR,ERR,ERR,ERR,ERR,ERR,ERR,ERR,ERR,ERR,ERR,ERR,ERR,ERR,ERR,ERR,ERR,ERR,ERR,ERR,ERR,ERR,ERR,ERR,ERR,ERR,ERR,ERR,ERR,ERR,ERR,ERR,ERR,ERR,ERR,ERR,ERR,ERR,ERR,ERR,ERR,ERR,ERR,ERR,ERR,ERR,ERR,ERR,ERR,ERR,ERR,ERR,ERR,ERR,ERR,ERR,ERR,ERR,ERR,ERR,ERR,ERR,ERR,ERR,ERR,ERR,ERR,ERR,ERR,ERR,ERR,ERR,ERR,ERR,ERR,ERR,ERR,ERR,ERR,ERR,ERR,ERR,ERR,ERR,0.0,0.0,2.6474835549302285e+23,0.0,0.0,1.3936040501711995e+18,7.805,0.0,0,0,4,0,7116,0.0,100,0.0,0.0,0.0,0.0,0.0,0,0,0,0,0.0,0,0,0,0,0,0,0,0,0,0,0,0,0,0,0,0,0,0,0,0,0,0,0,0,0,0,0,0,0,0,0,0,0,31,40,40,71,65476,0,300,0,0,8,21553,0.0,-107605600.0,0.0,0.0,0.0,0.0,0.0,0.0,0.0,0.0,0.0,0.0,0.0,0.0,0.0,0.0,0.0,0.0,0.0,0.0,0.0,0.0,-2.004,2.004,-0.0,2.004,0.0,0.0,0.0,0.0,4466.0,-3.697178656945629e+19,6942.0,0.0,0.0,-0.0,0.0,0.0,0.0,0.0,0.0,69,-4.950430145311814e+32,0.0,0.0,0.0,0.0,0.0,0.0,0.0,0.0,0,0,0,0.0,0.0,0.0,0.0,0.0,0.0,0.0,0.0,0.0,0.0,0.0,0.0,0.0,0.0,0.0,0.0,0,-107875648.0,69,0.0,138,0.0,2.6474835549302285e+23,0,52429,17086,0,17103,0,17082,0,0,0,70,68,100,2.7302399002429377e+23,82.4,-107615456.0,78.2,2.7302388193790272e+23,79.0,1,49,50,180,13107,52429,0,0,0.0,0.0,0.0,0.0,-0.0,67.0,0.0,162057.094,0.0,981,0,1009,0,0,0,954,0,1034,0,930,0,792,0,784,0,823,0,7520,0.032,1.9484373427855714e+20,0.0,0.0,784,16797,-0.0,162057.094,-114818.039,-0.0,0.133,6.909358625270745e+28,30.0,70.0,35,0.0,0.0,0.0,0.0,0.0,0.0,0.0,0.0,0.0,0.0,0.0,0.0,0.0,0.0,0.0,0.0,66.0,0,150,71,52,65476,0,300,0,0,8,20529,65476,0,0,44564,70.0,0.0,0.0,0.0,0.0,0.0
2026-09-10T21:20:22,ERR,ERR,ERR,ERR,ERR,ERR,ERR,ERR,ERR,ERR,ERR,ERR,ERR,ERR,ERR,ERR,ERR,ERR,ERR,ERR,ERR,ERR,ERR,ERR,ERR,ERR,ERR,ERR,ERR,ERR,ERR,ERR,ERR,ERR,ERR,ERR,ERR,ERR,ERR,ERR,ERR,ERR,ERR,ERR,ERR,ERR,ERR,ERR,ERR,ERR,ERR,ERR,ERR,ERR,ERR,ERR,ERR,ERR,ERR,ERR,ERR,ERR,ERR,ERR,ERR,ERR,ERR,ERR,ERR,ERR,ERR,ERR,ERR,ERR,ERR,ERR,ERR,ERR,ERR,ERR,ERR,ERR,ERR,ERR,ERR,ERR,ERR,ERR,ERR,ERR,ERR,ERR,ERR,ERR,ERR,ERR,ERR,ERR,ERR,ERR,ERR,ERR,ERR,ERR,ERR,ERR,ERR,ERR,ERR,ERR,ERR,ERR,ERR,ERR,ERR,ERR,ERR,ERR,ERR,ERR,ERR,ERR,ERR,ERR,ERR,0.0,0.0,2.6474835549302285e+23,0.0,0.0,1.3936040501711995e+18,7.805,0.0,0,0,4,0,7116,0.0,100,0.0,0.0,0.0,0.0,0.0,0,0,0,0,0.0,0,0,0,0,0,0,0,0,0,0,0,0,0,0,0,0,0,0,0,0,0,0,0,0,0,0,0,0,0,0,0,0,0,31,40,40,71,65476,0,300,0,0,8,21553,0.0,-107605600.0,0.0,0.0,0.0,0.0,0.0,0.0,0.0,0.0,0.0,0.0,0.0,0.0,0.0,0.0,0.0,0.0,0.0,0.0,0.0,0.0,-2.004,2.004,-0.0,2.004,0.0,0.0,0.0,0.0,4466.0,-3.697178656945629e+19,6942.0,0.0,0.0,-0.0,0.0,0.0,0.0,0.0,0.0,69,-4.950430145311814e+32,0.0,0.0,0.0,0.0,0.0,0.0,0.0,0.0,0,0,0,0.0,0.0,0.0,0.0,0.0,0.0,0.0,0.0,0.0,0.0,0.0,0.0,0.0,0.0,0.0,0.0,0,-107875648.0,69,0.0,138,0.0,2.6474835549302285e+23,0,52429,17086,0,17103,0,17082,0,0,0,70,68,100,2.7302399002429377e+23,82.4,-107615456.0,78.2,2.7302388193790272e+23,79.0,1,49,50,180,13107,52429,0,0,0.0,0.0,0.0,0.0,-0.0,67.0,0.0,162057.094,0.0,981,0,1009,0,0,0,954,0,1034,0,930,0,792,0,784,0,823,0,7520,0.032,1.9484373427855714e+20,0.0,0.0,784,16797,-0.0,162057.094,-114818.039,-0.0,0.133,6.909358625270745e+28,30.0,70.0,35,0.0,0.0,0.0,0.0,0.0,0.0,0.0,0.0,0.0,0.0,0.0,0.0,0.0,0.0,0.0,0.0,66.0,0,150,71,52,65476,0,300,0,0,8,20529,65476,0,0,44564,70.0,0.0,0.0,0.0,0.0,0.0
2026-09-10T21:20:23,ERR,ERR,ERR,ERR,ERR,ERR,ERR,ERR,ERR,ERR,ERR,ERR,ERR,ERR,ERR,ERR,ERR,ERR,ERR,ERR,ERR,ERR,ERR,ERR,ERR,ERR,ERR,ERR,ERR,ERR,ERR,ERR,ERR,ERR,ERR,ERR,ERR,ERR,ERR,ERR,ERR,ERR,ERR,ERR,ERR,ERR,ERR,ERR,ERR,ERR,ERR,ERR,ERR,ERR,ERR,ERR,ERR,ERR,ERR,ERR,ERR,ERR,ERR,ERR,ERR,ERR,ERR,ERR,ERR,ERR,ERR,ERR,ERR,ERR,ERR,ERR,ERR,ERR,ERR,ERR,ERR,ERR,ERR,ERR,ERR,ERR,ERR,ERR,ERR,ERR,ERR,ERR,ERR,ERR,ERR,ERR,ERR,ERR,ERR,ERR,ERR,ERR,ERR,ERR,ERR,ERR,ERR,ERR,ERR,ERR,ERR,ERR,ERR,ERR,ERR,ERR,ERR,ERR,ERR,ERR,ERR,ERR,ERR,ERR,ERR,0.0,0.0,0.0,0.0,0.0,1.3936040501711995e+18,7.805,0.0,0,0,4,0,7116,0.0,100,0.0,0.0,0.0,0.0,0.0,0,0,0,0,0.0,0,0,0,0,0,0,0,0,0,0,0,0,0,0,0,0,0,0,0,0,0,0,0,0,0,0,0,0,0,0,0,0,0,31,40,40,71,65476,0,300,0,0,8,21553,0.0,-107605600.0,0.0,0.0,0.0,0.0,0.0,0.0,0.0,0.0,0.0,0.0,0.0,0.0,0.0,0.0,0.0,0.0,0.0,0.0,0.0,0.0,-2.004,2.004,-0.0,2.004,0.0,0.0,0.0,0.0,4467.0,-8608164864.0,6939.0,0.0,0.0,-0.0,0.0,0.0,0.0,0.0,0.0,69,-2.718430741444032e+23,0.0,0.0,0.0,0.0,0.0,0.0,0.0,0.0,0,0,0,0.0,0.0,0.0,0.0,0.0,0.0,0.0,0.0,0.0,0.0,0.0,0.0,0.0,0.0,0.0,0.0,0,-107875648.0,69,0.0,138,0.0,2.6474835549302285e+23,0,52429,17086,0,17103,0,17082,0,0,0,70,68,100,2.7302399002429377e+23,82.4,-107615456.0,78.2,2.7302388193790272e+23,79.0,1,49,50,180,13107,52429,0,0,0.0,0.0,0.0,0.0,-0.0,67.0,0.0,162057.094,0.0,981,0,1009,0,0,0,954,0,1034,0,930,0,792,0,784,0,823,0,7520,0.032,1.9484373427855714e+20,0.0,0.0,784,16797,-0.0,162057.094,-114818.039,-0.0,0.133,6.909358625270745e+28,30.0,70.0,35,0.0,0.0,0.0,0.0,0.0,0.0,0.0,0.0,0.0,0.0,0.0,0.0,0.0,0.0,0.0,0.0,66.0,0,150,71,52,65476,0,300,0,0,8,20529,65476,0,0,44564,70.0,0.0,0.0,0.0,0.0,0.0
2026-09-10T21:20:24,ERR,ERR,ERR,ERR,ERR,ERR,ERR,ERR,ERR,ERR,ERR,ERR,ERR,ERR,ERR,ERR,ERR,ERR,ERR,ERR,ERR,ERR,ERR,ERR,ERR,ERR,ERR,ERR,ERR,ERR,ERR,ERR,ERR,ERR,ERR,ERR,ERR,ERR,ERR,ERR,ERR,ERR,ERR,ERR,ERR,ERR,ERR,ERR,ERR,ERR,ERR,ERR,ERR,ERR,ERR,ERR,ERR,ERR,ERR,ERR,ERR,ERR,ERR,ERR,ERR,ERR,ERR,ERR,ERR,ERR,ERR,ERR,ERR,ERR,ERR,ERR,ERR,ERR,ERR,ERR,ERR,ERR,ERR,ERR,ERR,ERR,ERR,ERR,ERR,ERR,ERR,ERR,ERR,ERR,ERR,ERR,ERR,ERR,ERR,ERR,ERR,ERR,ERR,ERR,ERR,ERR,ERR,ERR,ERR,ERR,ERR,ERR,ERR,ERR,ERR,ERR,ERR,ERR,ERR,ERR,ERR,ERR,ERR,ERR,ERR,0.0,0.0,0.0,0.0,0.0,1.3936040501711995e+18,7.805,0.0,0,0,4,0,7116,0.0,100,0.0,0.0,0.0,0.0,0.0,0,0,0,0,0.0,0,0,0,0,0,0,0,0,0,0,0,0,0,0,0,0,0,0,0,0,0,0,0,0,0,0,0,0,0,0,0,0,0,31,40,40,71,65476,0,300,0,0,8,21553,0.0,-107605600.0,0.0,0.0,0.0,0.0,0.0,0.0,0.0,0.0,0.0,0.0,0.0,0.0,0.0,0.0,0.0,0.0,0.0,0.0,0.0,0.0,-2.004,2.004,-0.0,2.004,0.0,0.0,0.0,0.0,4467.0,-8608164864.0,6939.0,0.0,0.0,-0.0,0.0,0.0,0.0,0.0,0.0,69,-2.718430741444032e+23,0.0,0.0,0.0,0.0,0.0,0.0,0.0,0.0,0,0,0,0.0,0.0,0.0,0.0,0.0,0.0,0.0,0.0,0.0,0.0,0.0,0.0,0.0,0.0,0.0,0.0,0,-107875648.0,69,0.0,138,0.0,2.6474835549302285e+23,0,52429,17086,0,17103,0,17082,0,0,0,70,68,100,2.7302399002429377e+23,82.4,-107615456.0,78.2,2.7302388193790272e+23,79.0,1,49,50,180,13107,52429,0,0,0.0,0.0,0.0,0.0,-0.0,67.0,0.0,162057.094,0.0,981,0,1009,0,0,0,954,0,1034,0,930,0,792,0,784,0,823,0,7520,0.032,1.9484373427855714e+20,0.0,0.0,784,16797,-0.0,162057.094,-114818.039,-0.0,0.133,6.909358625270745e+28,30.0,70.0,35,0.0,0.0,0.0,0.0,0.0,0.0,0.0,0.0,0.0,0.0,0.0,0.0,0.0,0.0,0.0,0.0,66.0,0,150,71,52,65476,0,300,0,0,8,20529,65476,0,0,44564,70.0,0.0,0.0,0.0,0.0,0.0
2026-09-10T21:20:25,ERR,ERR,ERR,ERR,ERR,ERR,ERR,ERR,ERR,ERR,ERR,ERR,ERR,ERR,ERR,ERR,ERR,ERR,ERR,ERR,ERR,ERR,ERR,ERR,ERR,ERR,ERR,ERR,ERR,ERR,ERR,ERR,ERR,ERR,ERR,ERR,ERR,ERR,ERR,ERR,ERR,ERR,ERR,ERR,ERR,ERR,ERR,ERR,ERR,ERR,ERR,ERR,ERR,ERR,ERR,ERR,ERR,ERR,ERR,ERR,ERR,ERR,ERR,ERR,ERR,ERR,ERR,ERR,ERR,ERR,ERR,ERR,ERR,ERR,ERR,ERR,ERR,ERR,ERR,ERR,ERR,ERR,ERR,ERR,ERR,ERR,ERR,ERR,ERR,ERR,ERR,ERR,ERR,ERR,ERR,ERR,ERR,ERR,ERR,ERR,ERR,ERR,ERR,ERR,ERR,ERR,ERR,ERR,ERR,ERR,ERR,ERR,ERR,ERR,ERR,ERR,ERR,ERR,ERR,ERR,ERR,ERR,ERR,ERR,ERR,0.0,0.0,0.0,0.0,0.0,1.3936040501711995e+18,7.805,0.0,0,0,4,0,7116,0.0,100,0.0,0.0,0.0,0.0,0.0,0,0,0,0,0.0,0,0,0,0,0,0,0,0,0,0,0,0,0,0,0,0,0,0,0,0,0,0,0,0,0,0,0,0,0,0,0,0,0,31,40,40,71,65476,0,300,0,0,8,21553,0.0,-107605600.0,0.0,0.0,0.0,0.0,0.0,0.0,0.0,0.0,0.0,0.0,0.0,0.0,0.0,0.0,0.0,0.0,0.0,0.0,0.0,0.0,-2.004,2.004,-0.0,2.004,0.0,0.0,0.0,0.0,4467.0,-8608164864.0,6939.0,0.0,0.0,-0.0,0.0,0.0,0.0,0.0,0.0,69,-2.718430741444032e+23,0.0,0.0,0.0,0.0,0.0,0.0,0.0,0.0,0,0,0,0.0,0.0,0.0,0.0,0.0,0.0,0.0,0.0,0.0,0.0,0.0,0.0,0.0,0.0,0.0,0.0,0,-107875648.0,69,0.0,138,0.0,2.6474835549302285e+23,0,52429,17086,0,17103,0,17082,0,0,0,70,68,100,2.7302399002429377e+23,82.4,-107615456.0,78.2,2.7302388193790272e+23,79.0,1,49,50,180,13107,52429,0,0,0.0,0.0,0.0,0.0,-0.0,67.0,0.0,162057.094,0.0,981,0,1009,0,0,0,954,0,1034,0,930,0,792,0,784,0,823,0,7520,0.032,1.9484373427855714e+20,0.0,0.0,784,16797,-0.0,162057.094,-114818.039,-0.0,0.133,6.909358625270745e+28,30.0,70.0,35,0.0,0.0,0.0,0.0,0.0,0.0,0.0,0.0,0.0,0.0,0.0,0.0,0.0,0.0,0.0,0.0,66.0,0,150,71,52,65476,0,300,0,0,8,20529,65476,0,0,44564,70.0,0.0,0.0,0.0,0.0,0.0
2026-09-10T21:20:26,ERR,ERR,ERR,ERR,ERR,ERR,ERR,ERR,ERR,ERR,ERR,ERR,ERR,ERR,ERR,ERR,ERR,ERR,ERR,ERR,ERR,ERR,ERR,ERR,ERR,ERR,ERR,ERR,ERR,ERR,ERR,ERR,ERR,ERR,ERR,ERR,ERR,ERR,ERR,ERR,ERR,ERR,ERR,ERR,ERR,ERR,ERR,ERR,ERR,ERR,ERR,ERR,ERR,ERR,ERR,ERR,ERR,ERR,ERR,ERR,ERR,ERR,ERR,ERR,ERR,ERR,ERR,ERR,ERR,ERR,ERR,ERR,ERR,ERR,ERR,ERR,ERR,ERR,ERR,ERR,ERR,ERR,ERR,ERR,ERR,ERR,ERR,ERR,ERR,ERR,ERR,ERR,ERR,ERR,ERR,ERR,ERR,ERR,ERR,ERR,ERR,ERR,ERR,ERR,ERR,ERR,ERR,ERR,ERR,ERR,ERR,ERR,ERR,ERR,ERR,ERR,ERR,ERR,ERR,ERR,ERR,ERR,ERR,ERR,ERR,0.0,0.0,0.0,0.0,0.0,1.3936040501711995e+18,7.805,0.0,0,0,4,0,7116,0.0,100,0.0,0.0,0.0,0.0,0.0,0,0,0,0,0.0,0,0,0,0,0,0,0,0,0,0,0,0,0,0,0,0,0,0,0,0,0,0,0,0,0,0,0,0,0,0,0,0,0,31,40,40,71,65476,0,300,0,0,8,21553,0.0,-107605600.0,0.0,0.0,0.0,0.0,0.0,0.0,0.0,0.0,0.0,0.0,0.0,0.0,0.0,0.0,0.0,0.0,0.0,0.0,0.0,0.0,-2.004,2.004,-0.0,2.004,0.0,0.0,0.0,0.0,4467.0,-8608164864.0,6939.0,0.0,0.0,-0.0,0.0,0.0,0.0,0.0,0.0,69,-2.718430741444032e+23,0.0,0.0,0.0,0.0,0.0,0.0,0.0,0.0,0,0,0,0.0,0.0,0.0,0.0,0.0,0.0,0.0,0.0,0.0,0.0,0.0,0.0,0.0,0.0,0.0,0.0,0,-107875648.0,69,0.0,138,0.0,2.6474835549302285e+23,0,52429,17086,0,17103,0,17082,0,0,0,70,68,100,-0.0,82.4,-107615456.0,78.2,2.7302388193790272e+23,79.0,1,49,50,180,13107,52429,0,0,0.0,0.0,0.0,0.0,-0.0,67.0,0.0,162057.094,0.0,982,0,1009,0,0,0,954,0,1035,0,930,0,792,0,784,0,822,0,7520,0.032,1.936908127739503e+20,0.0,0.0,784,16797,-0.0,162057.094,-114818.039,-0.0,0.133,6.909358625270745e+28,30.0,70.0,35,0.0,0.0,0.0,0.0,0.0,0.0,0.0,0.0,0.0,0.0,0.0,0.0,0.0,0.0,0.0,0.0,66.0,0,150,71,52,65476,0,300,0,0,8,20529,65476,0,0,44564,70.0,0.0,0.0,0.0,0.0,0.0
2026-09-10T21:20:27,ERR,ERR,ERR,ERR,ERR,ERR,ERR,ERR,ERR,ERR,ERR,ERR,ERR,ERR,ERR,ERR,ERR,ERR,ERR,ERR,ERR,ERR,ERR,ERR,ERR,ERR,ERR,ERR,ERR,ERR,ERR,ERR,ERR,ERR,ERR,ERR,ERR,ERR,ERR,ERR,ERR,ERR,ERR,ERR,ERR,ERR,ERR,ERR,ERR,ERR,ERR,ERR,ERR,ERR,ERR,ERR,ERR,ERR,ERR,ERR,ERR,ERR,ERR,ERR,ERR,ERR,ERR,ERR,ERR,ERR,ERR,ERR,ERR,ERR,ERR,ERR,ERR,ERR,ERR,ERR,ERR,ERR,ERR,ERR,ERR,ERR,ERR,ERR,ERR,ERR,ERR,ERR,ERR,ERR,ERR,ERR,ERR,ERR,ERR,ERR,ERR,ERR,ERR,ERR,ERR,ERR,ERR,ERR,ERR,ERR,ERR,ERR,ERR,ERR,ERR,ERR,ERR,ERR,ERR,ERR,ERR,ERR,ERR,ERR,ERR,0.0,0.0,0.0,0.0,0.0,1.3936040501711995e+18,7.805,0.0,0,0,4,0,7116,0.0,100,0.0,0.0,0.0,0.0,0.0,0,0,0,0,0.0,0,0,0,0,0,0,0,0,0,0,0,0,0,0,0,0,0,0,0,0,0,0,0,0,0,0,0,0,0,0,0,0,0,31,40,40,71,65476,0,300,0,0,8,21553,0.0,-107605600.0,0.0,0.0,0.0,0.0,0.0,0.0,0.0,0.0,0.0,0.0,0.0,0.0,0.0,0.0,0.0,0.0,0.0,0.0,0.0,0.0,-2.004,2.004,-0.0,2.004,0.0,0.0,0.0,0.0,4467.0,-8608164864.0,6939.0,0.0,0.0,-0.0,0.0,0.0,0.0,0.0,0.0,69,-2.718430741444032e+23,0.0,0.0,0.0,0.0,0.0,0.0,0.0,0.0,0,0,0,0.0,0.0,0.0,0.0,0.0,0.0,0.0,0.0,0.0,0.0,0.0,0.0,0.0,0.0,0.0,0.0,0,-107875648.0,69,0.0,138,0.0,2.6474835549302285e+23,0,52429,17086,0,17103,0,17082,0,0,0,70,68,100,-0.0,82.4,-107615456.0,78.2,2.7302388193790272e+23,79.0,1,49,50,180,13107,52429,0,0,0.0,0.0,0.0,0.0,-0.0,67.0,0.0,162057.094,0.0,982,0,1009,0,0,0,954,0,1035,0,930,0,792,0,784,0,822,0,7520,0.032,1.936908127739503e+20,0.0,0.0,784,16797,-0.0,162057.094,-114818.039,-0.0,0.133,6.909358625270745e+28,30.0,70.0,35,0.0,0.0,0.0,0.0,0.0,0.0,0.0,0.0,0.0,0.0,0.0,0.0,0.0,0.0,0.0,0.0,66.0,0,150,71,52,65476,0,300,0,0,8,20529,65476,0,0,44564,70.0,0.0,0.0,0.0,0.0,0.0
2026-09-10T21:20:28,ERR,ERR,ERR,ERR,ERR,ERR,ERR,ERR,ERR,ERR,ERR,ERR,ERR,ERR,ERR,ERR,ERR,ERR,ERR,ERR,ERR,ERR,ERR,ERR,ERR,ERR,ERR,ERR,ERR,ERR,ERR,ERR,ERR,ERR,ERR,ERR,ERR,ERR,ERR,ERR,ERR,ERR,ERR,ERR,ERR,ERR,ERR,ERR,ERR,ERR,ERR,ERR,ERR,ERR,ERR,ERR,ERR,ERR,ERR,ERR,ERR,ERR,ERR,ERR,ERR,ERR,ERR,ERR,ERR,ERR,ERR,ERR,ERR,ERR,ERR,ERR,ERR,ERR,ERR,ERR,ERR,ERR,ERR,ERR,ERR,ERR,ERR,ERR,ERR,ERR,ERR,ERR,ERR,ERR,ERR,ERR,ERR,ERR,ERR,ERR,ERR,ERR,ERR,ERR,ERR,ERR,ERR,ERR,ERR,ERR,ERR,ERR,ERR,ERR,ERR,ERR,ERR,ERR,ERR,ERR,ERR,ERR,ERR,ERR,ERR,0.0,0.0,0.0,0.0,0.0,1.3936040501711995e+18,7.805,0.0,0,0,4,0,7116,0.0,100,0.0,0.0,0.0,0.0,0.0,0,0,0,0,0.0,0,0,0,0,0,0,0,0,0,0,0,0,0,0,0,0,0,0,0,0,0,0,0,0,0,0,0,0,0,0,0,0,0,31,40,40,71,65476,0,300,0,0,8,21553,0.0,-107605600.0,0.0,0.0,0.0,0.0,0.0,0.0,0.0,0.0,0.0,0.0,0.0,0.0,0.0,0.0,0.0,0.0,0.0,0.0,0.0,0.0,-2.004,2.004,-0.0,2.004,0.0,0.0,0.0,0.0,4467.0,-8608164864.0,6939.0,0.0,0.0,-0.0,0.0,0.0,0.0,0.0,0.0,69,-2.718430741444032e+23,0.0,0.0,0.0,0.0,0.0,0.0,0.0,0.0,0,0,0,0.0,0.0,0.0,0.0,0.0,0.0,0.0,0.0,0.0,0.0,0.0,0.0,0.0,0.0,0.0,0.0,0,-107875648.0,69,0.0,138,0.0,2.6474835549302285e+23,0,52429,17086,0,17103,0,17082,0,0,0,70,68,100,-0.0,82.4,-107615456.0,78.2,2.7302388193790272e+23,79.0,1,49,50,180,13107,52429,0,0,0.0,0.0,0.0,0.0,-0.0,67.0,0.0,162057.094,0.0,982,0,1009,0,0,0,954,0,1035,0,930,0,792,0,784,0,822,0,7520,0.032,1.936908127739503e+20,0.0,0.0,784,16797,-0.0,162057.094,-114818.039,-0.0,0.133,6.909358625270745e+28,30.0,70.0,35,0.0,0.0,0.0,0.0,0.0,0.0,0.0,0.0,0.0,0.0,0.0,0.0,0.0,0.0,0.0,0.0,66.0,0,150,71,52,65476,0,300,0,0,8,20529,65476,0,0,44564,70.0,0.0,0.0,0.0,0.0,0.0
2026-09-10T21:20:29,ERR,ERR,ERR,ERR,ERR,ERR,ERR,ERR,ERR,ERR,ERR,ERR,ERR,ERR,ERR,ERR,ERR,ERR,ERR,ERR,ERR,ERR,ERR,ERR,ERR,ERR,ERR,ERR,ERR,ERR,ERR,ERR,ERR,ERR,ERR,ERR,ERR,ERR,ERR,ERR,ERR,ERR,ERR,ERR,ERR,ERR,ERR,ERR,ERR,ERR,ERR,ERR,ERR,ERR,ERR,ERR,ERR,ERR,ERR,ERR,ERR,ERR,ERR,ERR,ERR,ERR,ERR,ERR,ERR,ERR,ERR,ERR,ERR,ERR,ERR,ERR,ERR,ERR,ERR,ERR,ERR,ERR,ERR,ERR,ERR,ERR,ERR,ERR,ERR,ERR,ERR,ERR,ERR,ERR,ERR,ERR,ERR,ERR,ERR,ERR,ERR,ERR,ERR,ERR,ERR,ERR,ERR,ERR,ERR,ERR,ERR,ERR,ERR,ERR,ERR,ERR,ERR,ERR,ERR,ERR,ERR,ERR,ERR,ERR,ERR,0.0,0.0,0.0,0.0,0.0,1.3936040501711995e+18,7.805,0.0,0,0,4,0,7116,0.0,100,0.0,0.0,0.0,0.0,0.0,0,0,0,0,0.0,0,0,0,0,0,0,0,0,0,0,0,0,0,0,0,0,0,0,0,0,0,0,0,0,0,0,0,0,0,0,0,0,0,31,40,40,71,65476,0,300,0,0,8,21553,0.0,-107605600.0,0.0,0.0,0.0,0.0,0.0,0.0,0.0,0.0,0.0,0.0,0.0,0.0,0.0,0.0,0.0,0.0,0.0,0.0,0.0,0.0,-2.004,2.004,-0.0,2.004,0.0,0.0,0.0,0.0,4467.0,-8608164864.0,6939.0,0.0,0.0,-0.0,0.0,0.0,0.0,0.0,0.0,69,-2.718430741444032e+23,0.0,0.0,0.0,0.0,0.0,0.0,0.0,0.0,0,0,0,0.0,0.0,0.0,0.0,0.0,0.0,0.0,0.0,0.0,0.0,0.0,0.0,0.0,0.0,0.0,0.0,0,-107875648.0,69,0.0,138,0.0,2.6474835549302285e+23,0,52429,17086,0,17103,0,17082,0,0,0,70,68,100,-0.0,82.4,-107615456.0,78.2,2.7302388193790272e+23,79.0,1,49,50,180,13107,52429,0,0,0.0,0.0,0.0,0.0,-0.0,67.0,0.0,162057.094,0.0,982,0,1009,0,0,0,954,0,1035,0,930,0,792,0,784,0,822,0,7520,0.032,1.936908127739503e+20,0.0,0.0,784,16797,-0.0,162057.094,-114818.039,-0.0,0.133,6.909358625270745e+28,30.0,70.0,35,0.0,0.0,0.0,0.0,0.0,0.0,0.0,0.0,0.0,0.0,0.0,0.0,0.0,0.0,0.0,0.0,66.0,0,150,71,52,65476,0,300,0,0,8,20529,65476,0,0,44564,70.0,0.0,0.0,0.0,0.0,0.0
2026-09-10T21:20:30,ERR,ERR,ERR,ERR,ERR,ERR,ERR,ERR,ERR,ERR,ERR,ERR,ERR,ERR,ERR,ERR,ERR,ERR,ERR,ERR,ERR,ERR,ERR,ERR,ERR,ERR,ERR,ERR,ERR,ERR,ERR,ERR,ERR,ERR,ERR,ERR,ERR,ERR,ERR,ERR,ERR,ERR,ERR,ERR,ERR,ERR,ERR,ERR,ERR,ERR,ERR,ERR,ERR,ERR,ERR,ERR,ERR,ERR,ERR,ERR,ERR,ERR,ERR,ERR,ERR,ERR,ERR,ERR,ERR,ERR,ERR,ERR,ERR,ERR,ERR,ERR,ERR,ERR,ERR,ERR,ERR,ERR,ERR,ERR,ERR,ERR,ERR,ERR,ERR,ERR,ERR,ERR,ERR,ERR,ERR,ERR,ERR,ERR,ERR,ERR,ERR,ERR,ERR,ERR,ERR,ERR,ERR,ERR,ERR,ERR,ERR,ERR,ERR,ERR,ERR,ERR,ERR,ERR,ERR,ERR,ERR,ERR,ERR,ERR,ERR,0.0,0.0,0.0,0.0,0.0,1.3936040501711995e+18,7.805,0.0,0,0,4,0,7116,0.0,100,0.0,0.0,0.0,0.0,0.0,0,0,0,0,0.0,0,0,0,0,0,0,0,0,0,0,0,0,0,0,0,0,0,0,0,0,0,0,0,0,0,0,0,0,0,0,0,0,0,31,40,40,71,65476,0,300,0,0,8,21553,0.0,-107605600.0,0.0,0.0,0.0,0.0,0.0,0.0,0.0,0.0,0.0,0.0,0.0,0.0,0.0,0.0,0.0,0.0,0.0,0.0,0.0,0.0,-2.004,2.004,-0.0,2.004,0.0,0.0,0.0,0.0,4467.0,-8608164864.0,6939.0,0.0,0.0,-0.0,0.0,0.0,0.0,0.0,0.0,69,-2.718430741444032e+23,0.0,0.0,0.0,0.0,0.0,0.0,0.0,0.0,0,0,0,0.0,0.0,0.0,0.0,0.0,0.0,0.0,0.0,0.0,0.0,0.0,0.0,0.0,0.0,0.0,0.0,0,-107875648.0,69,0.0,138,0.0,2.6474835549302285e+23,0,52429,17086,0,17103,0,17082,0,0,0,70,68,100,-0.0,82.4,-107615456.0,78.2,2.7302388193790272e+23,79.0,1,49,50,180,13107,52429,0,0,0.0,0.0,0.0,0.0,-0.0,67.0,0.0,162057.094,0.0,982,0,1009,0,0,0,954,0,1035,0,930,0,792,0,784,0,822,0,7520,0.032,1.936908127739503e+20,0.0,0.0,784,16797,-0.0,162057.094,-114818.039,-0.0,0.133,6.909358625270745e+28,30.0,70.0,35,0.0,0.0,0.0,0.0,0.0,0.0,0.0,0.0,0.0,0.0,0.0,0.0,0.0,0.0,0.0,0.0,66.0,0,150,71,52,65476,0,300,0,0,8,20529,65476,0,0,44564,70.0,0.0,0.0,0.0,0.0,0.0
2026-09-10T21:20:31,ERR,ERR,ERR,ERR,ERR,ERR,ERR,ERR,ERR,ERR,ERR,ERR,ERR,ERR,ERR,ERR,ERR,ERR,ERR,ERR,ERR,ERR,ERR,ERR,ERR,ERR,ERR,ERR,ERR,ERR,ERR,ERR,ERR,ERR,ERR,ERR,ERR,ERR,ERR,ERR,ERR,ERR,ERR,ERR,ERR,ERR,ERR,ERR,ERR,ERR,ERR,ERR,ERR,ERR,ERR,ERR,ERR,ERR,ERR,ERR,ERR,ERR,ERR,ERR,ERR,ERR,ERR,ERR,ERR,ERR,ERR,ERR,ERR,ERR,ERR,ERR,ERR,ERR,ERR,ERR,ERR,ERR,ERR,ERR,ERR,ERR,ERR,ERR,ERR,ERR,ERR,ERR,ERR,ERR,ERR,ERR,ERR,ERR,ERR,ERR,ERR,ERR,ERR,ERR,ERR,ERR,ERR,ERR,ERR,ERR,ERR,ERR,ERR,ERR,ERR,ERR,ERR,ERR,ERR,ERR,ERR,ERR,ERR,ERR,ERR,0.0,0.0,2.6474835549302285e+23,0.0,0.0,1.3936040501711995e+18,7.805,0.0,0,0,4,0,7116,0.0,100,0.0,0.0,0.0,0.0,0.0,0,0,0,0,0.0,0,0,0,0,0,0,0,0,0,0,0,0,0,0,0,0,0,0,0,0,0,0,0,0,0,0,0,0,0,0,0,0,0,31,40,40,71,65476,0,300,0,0,8,21553,0.0,-107605600.0,0.0,0.0,0.0,0.0,0.0,0.0,0.0,0.0,0.0,0.0,0.0,0.0,0.0,0.0,0.0,0.0,0.0,0.0,0.0,0.0,-2.004,2.004,-0.0,2.004,0.0,0.0,0.0,0.0,4499.0,0.0,6943.0,0.0,0.0,-0.0,0.0,0.0,0.0,0.0,0.0,69,-2.3088410695593833e+20,0.0,0.0,0.0,0.0,0.0,0.0,0.0,0.0,0,0,0,0.0,0.0,0.0,0.0,0.0,0.0,0.0,0.0,0.0,0.0,0.0,0.0,0.0,0.0,0.0,0.0,0,-107875648.0,69,0.0,138,0.0,2.6474835549302285e+23,0,52429,17086,0,17103,0,17082,0,0,0,70,68,100,-0.0,82.4,-107615456.0,78.2,2.7302388193790272e+23,79.0,1,49,50,180,13107,52429,0,0,0.0,0.0,0.0,0.0,-0.0,67.0,0.0,162057.094,0.0,982,0,1009,0,0,0,954,0,1035,0,930,0,792,0,784,0,822,0,7520,0.032,1.936908127739503e+20,0.0,0.0,784,16797,-0.0,162057.094,-114818.039,-0.0,0.133,6.909358625270745e+28,30.0,70.0,35,0.0,0.0,0.0,0.0,0.0,0.0,0.0,0.0,0.0,0.0,0.0,0.0,0.0,0.0,0.0,0.0,66.0,0,150,71,52,65476,0,300,0,0,8,20529,65476,0,0,44564,70.0,0.0,0.0,0.0,0.0,0.0
2026-09-10T21:20:32,ERR,ERR,ERR,ERR,ERR,ERR,ERR,ERR,ERR,ERR,ERR,ERR,ERR,ERR,ERR,ERR,ERR,ERR,ERR,ERR,ERR,ERR,ERR,ERR,ERR,ERR,ERR,ERR,ERR,ERR,ERR,ERR,ERR,ERR,ERR,ERR,ERR,ERR,ERR,ERR,ERR,ERR,ERR,ERR,ERR,ERR,ERR,ERR,ERR,ERR,ERR,ERR,ERR,ERR,ERR,ERR,ERR,ERR,ERR,ERR,ERR,ERR,ERR,ERR,ERR,ERR,ERR,ERR,ERR,ERR,ERR,ERR,ERR,ERR,ERR,ERR,ERR,ERR,ERR,ERR,ERR,ERR,ERR,ERR,ERR,ERR,ERR,ERR,ERR,ERR,ERR,ERR,ERR,ERR,ERR,ERR,ERR,ERR,ERR,ERR,ERR,ERR,ERR,ERR,ERR,ERR,ERR,ERR,ERR,ERR,ERR,ERR,ERR,ERR,ERR,ERR,ERR,ERR,ERR,ERR,ERR,ERR,ERR,ERR,ERR,0.0,0.0,2.6474835549302285e+23,0.0,0.0,1.3936040501711995e+18,7.805,0.0,0,0,4,0,7116,0.0,100,0.0,0.0,0.0,0.0,0.0,0,0,0,0,0.0,0,0,0,0,0,0,0,0,0,0,0,0,0,0,0,0,0,0,0,0,0,0,0,0,0,0,0,0,0,0,0,0,0,31,40,40,71,65476,0,300,0,0,8,21553,0.0,-107605600.0,0.0,0.0,0.0,0.0,0.0,0.0,0.0,0.0,0.0,0.0,0.0,0.0,0.0,0.0,0.0,0.0,0.0,0.0,0.0,0.0,-2.004,2.004,-0.0,2.004,0.0,0.0,0.0,0.0,4499.0,0.0,6943.0,0.0,0.0,-0.0,0.0,0.0,0.0,0.0,0.0,69,-2.3088410695593833e+20,0.0,0.0,0.0,0.0,0.0,0.0,0.0,0.0,0,0,0,0.0,0.0,0.0,0.0,0.0,0.0,0.0,0.0,0.0,0.0,0.0,0.0,0.0,0.0,0.0,0.0,0,-107875648.0,69,0.0,138,0.0,2.6474835549302285e+23,0,39322,17086,0,17103,0,17082,0,0,0,70,68,100,2.7302399002429377e+23,82.4,-107615456.0,78.2,2.7302388193790272e+23,79.0,1,49,50,180,13107,52429,0,0,0.0,0.0,0.0,0.0,-0.0,67.0,0.0,162057.094,0.0,982,0,1009,0,0,0,954,0,1035,0,930,0,792,0,784,0,822,0,7520,0.032,1.95996655783164e+20,0.0,0.0,784,16797,-0.0,162057.094,-114818.039,-0.0,0.133,6.909358625270745e+28,30.0,70.0,35,0.0,0.0,0.0,0.0,0.0,0.0,0.0,0.0,0.0,0.0,0.0,0.0,0.0,0.0,0.0,0.0,66.4,0,150,71,52,65476,0,300,0,0,8,20529,65476,0,0,44564,70.0,0.0,0.0,0.0,0.0,0.0
2026-09-10T21:20:33,ERR,ERR,ERR,ERR,ERR,ERR,ERR,ERR,ERR,ERR,ERR,ERR,ERR,ERR,ERR,ERR,ERR,ERR,ERR,ERR,ERR,ERR,ERR,ERR,ERR,ERR,ERR,ERR,ERR,ERR,ERR,ERR,ERR,ERR,ERR,ERR,ERR,ERR,ERR,ERR,ERR,ERR,ERR,ERR,ERR,ERR,ERR,ERR,ERR,ERR,ERR,ERR,ERR,ERR,ERR,ERR,ERR,ERR,ERR,ERR,ERR,ERR,ERR,ERR,ERR,ERR,ERR,ERR,ERR,ERR,ERR,ERR,ERR,ERR,ERR,ERR,ERR,ERR,ERR,ERR,ERR,ERR,ERR,ERR,ERR,ERR,ERR,ERR,ERR,ERR,ERR,ERR,ERR,ERR,ERR,ERR,ERR,ERR,ERR,ERR,ERR,ERR,ERR,ERR,ERR,ERR,ERR,ERR,ERR,ERR,ERR,ERR,ERR,ERR,ERR,ERR,ERR,ERR,ERR,ERR,ERR,ERR,ERR,ERR,ERR,0.0,0.0,2.6474835549302285e+23,0.0,0.0,1.3936040501711995e+18,7.805,0.0,0,0,4,0,7116,0.0,100,0.0,0.0,0.0,0.0,0.0,0,0,0,0,0.0,0,0,0,0,0,0,0,0,0,0,0,0,0,0,0,0,0,0,0,0,0,0,0,0,0,0,0,0,0,0,0,0,0,31,40,40,71,65476,0,300,0,0,8,21553,0.0,-107605600.0,0.0,0.0,0.0,0.0,0.0,0.0,0.0,0.0,0.0,0.0,0.0,0.0,0.0,0.0,0.0,0.0,0.0,0.0,0.0,0.0,-2.004,2.004,-0.0,2.004,0.0,0.0,0.0,0.0,4499.0,0.0,6943.0,0.0,0.0,-0.0,0.0,0.0,0.0,0.0,0.0,69,-2.3088410695593833e+20,0.0,0.0,0.0,0.0,0.0,0.0,0.0,0.0,0,0,0,0.0,0.0,0.0,0.0,0.0,0.0,0.0,0.0,0.0,0.0,0.0,0.0,0.0,0.0,0.0,0.0,0,-107875648.0,69,0.0,138,0.0,2.6474835549302285e+23,0,39322,17086,0,17103,0,17082,0,0,0,70,68,100,2.7302399002429377e+23,82.4,-107615456.0,78.2,2.7302388193790272e+23,79.0,1,49,50,180,13107,52429,0,0,0.0,0.0,0.0,0.0,-0.0,67.0,0.0,162057.094,0.0,982,0,1009,0,0,0,954,0,1035,0,930,0,792,0,784,0,822,0,7520,0.032,1.95996655783164e+20,0.0,0.0,784,16797,-0.0,162057.094,-114818.039,-0.0,0.133,6.909358625270745e+28,30.0,70.0,35,0.0,0.0,0.0,0.0,0.0,0.0,0.0,0.0,0.0,0.0,0.0,0.0,0.0,0.0,0.0,0.0,66.4,0,150,71,52,65476,0,300,0,0,8,20529,65476,0,0,44564,70.0,0.0,0.0,0.0,0.0,0.0
2026-09-10T21:20:34,ERR,ERR,ERR,ERR,ERR,ERR,ERR,ERR,ERR,ERR,ERR,ERR,ERR,ERR,ERR,ERR,ERR,ERR,ERR,ERR,ERR,ERR,ERR,ERR,ERR,ERR,ERR,ERR,ERR,ERR,ERR,ERR,ERR,ERR,ERR,ERR,ERR,ERR,ERR,ERR,ERR,ERR,ERR,ERR,ERR,ERR,ERR,ERR,ERR,ERR,ERR,ERR,ERR,ERR,ERR,ERR,ERR,ERR,ERR,ERR,ERR,ERR,ERR,ERR,ERR,ERR,ERR,ERR,ERR,ERR,ERR,ERR,ERR,ERR,ERR,ERR,ERR,ERR,ERR,ERR,ERR,ERR,ERR,ERR,ERR,ERR,ERR,ERR,ERR,ERR,ERR,ERR,ERR,ERR,ERR,ERR,ERR,ERR,ERR,ERR,ERR,ERR,ERR,ERR,ERR,ERR,ERR,ERR,ERR,ERR,ERR,ERR,ERR,ERR,ERR,ERR,ERR,ERR,ERR,ERR,ERR,ERR,ERR,ERR,ERR,0.0,0.0,2.6474835549302285e+23,0.0,0.0,1.3936040501711995e+18,7.805,0.0,0,0,4,0,7116,0.0,100,0.0,0.0,0.0,0.0,0.0,0,0,0,0,0.0,0,0,0,0,0,0,0,0,0,0,0,0,0,0,0,0,0,0,0,0,0,0,0,0,0,0,0,0,0,0,0,0,0,31,40,40,71,65476,0,300,0,0,8,21553,0.0,-107605600.0,0.0,0.0,0.0,0.0,0.0,0.0,0.0,0.0,0.0,0.0,0.0,0.0,0.0,0.0,0.0,0.0,0.0,0.0,0.0,0.0,-2.004,2.004,-0.0,2.004,0.0,0.0,0.0,0.0,4499.0,0.0,6943.0,0.0,0.0,-0.0,0.0,0.0,0.0,0.0,0.0,69,-2.3088410695593833e+20,0.0,0.0,0.0,0.0,0.0,0.0,0.0,0.0,0,0,0,0.0,0.0,0.0,0.0,0.0,0.0,0.0,0.0,0.0,0.0,0.0,0.0,0.0,0.0,0.0,0.0,0,-107875648.0,69,0.0,138,0.0,2.6474835549302285e+23,0,39322,17086,0,17103,0,17082,0,0,0,70,68,100,2.7302399002429377e+23,82.4,-107615456.0,78.2,2.7302388193790272e+23,79.0,1,49,50,180,13107,52429,0,0,0.0,0.0,0.0,0.0,-0.0,67.0,0.0,162057.094,0.0,982,0,1009,0,0,0,954,0,1035,0,930,0,792,0,784,0,822,0,7520,0.032,1.95996655783164e+20,0.0,0.0,784,16797,-0.0,162057.094,-114818.039,-0.0,0.133,6.909358625270745e+28,30.0,70.0,35,0.0,0.0,0.0,0.0,0.0,0.0,0.0,0.0,0.0,0.0,0.0,0.0,0.0,0.0,0.0,0.0,66.4,0,150,71,52,65476,0,300,0,0,8,20529,65476,0,0,44564,70.0,0.0,0.0,0.0,0.0,0.0
2026-09-10T21:20:35,ERR,ERR,ERR,ERR,ERR,ERR,ERR,ERR,ERR,ERR,ERR,ERR,ERR,ERR,ERR,ERR,ERR,ERR,ERR,ERR,ERR,ERR,ERR,ERR,ERR,ERR,ERR,ERR,ERR,ERR,ERR,ERR,ERR,ERR,ERR,ERR,ERR,ERR,ERR,ERR,ERR,ERR,ERR,ERR,ERR,ERR,ERR,ERR,ERR,ERR,ERR,ERR,ERR,ERR,ERR,ERR,ERR,ERR,ERR,ERR,ERR,ERR,ERR,ERR,ERR,ERR,ERR,ERR,ERR,ERR,ERR,ERR,ERR,ERR,ERR,ERR,ERR,ERR,ERR,ERR,ERR,ERR,ERR,ERR,ERR,ERR,ERR,ERR,ERR,ERR,ERR,ERR,ERR,ERR,ERR,ERR,ERR,ERR,ERR,ERR,ERR,ERR,ERR,ERR,ERR,ERR,ERR,ERR,ERR,ERR,ERR,ERR,ERR,ERR,ERR,ERR,ERR,ERR,ERR,ERR,ERR,ERR,ERR,ERR,ERR,0.0,0.0,2.6474835549302285e+23,0.0,0.0,1.3936040501711995e+18,7.805,0.0,0,0,4,0,7116,0.0,100,0.0,0.0,0.0,0.0,0.0,0,0,0,0,0.0,0,0,0,0,0,0,0,0,0,0,0,0,0,0,0,0,0,0,0,0,0,0,0,0,0,0,0,0,0,0,0,0,0,31,40,40,71,65476,0,300,0,0,8,21553,0.0,-107605600.0,0.0,0.0,0.0,0.0,0.0,0.0,0.0,0.0,0.0,0.0,0.0,0.0,0.0,0.0,0.0,0.0,0.0,0.0,0.0,0.0,-2.004,2.004,-0.0,2.004,0.0,0.0,0.0,0.0,4499.0,0.0,6943.0,0.0,0.0,-0.0,0.0,0.0,0.0,0.0,0.0,69,-2.3088410695593833e+20,0.0,0.0,0.0,0.0,0.0,0.0,0.0,0.0,0,0,0,0.0,0.0,0.0,0.0,0.0,0.0,0.0,0.0,0.0,0.0,0.0,0.0,0.0,0.0,0.0,0.0,0,-107875648.0,69,0.0,138,0.0,2.6474835549302285e+23,0,39322,17086,0,17103,0,17082,0,0,0,70,68,100,2.7302399002429377e+23,82.4,-107615456.0,78.2,2.7302388193790272e+23,79.0,1,49,50,180,13107,52429,0,0,0.0,0.0,0.0,0.0,-0.0,67.0,0.0,162057.094,0.0,982,0,1009,0,0,0,954,0,1035,0,930,0,792,0,784,0,822,0,7520,0.032,1.95996655783164e+20,0.0,0.0,784,16797,-0.0,162057.094,-114818.039,-0.0,0.133,6.909358625270745e+28,30.0,70.0,35,0.0,0.0,0.0,0.0,0.0,0.0,0.0,0.0,0.0,0.0,0.0,0.0,0.0,0.0,0.0,0.0,66.4,0,150,71,52,65476,0,300,0,0,8,20529,65476,0,0,44564,70.0,0.0,0.0,0.0,0.0,0.0
2026-09-10T21:20:36,ERR,ERR,ERR,ERR,ERR,ERR,ERR,ERR,ERR,ERR,ERR,ERR,ERR,ERR,ERR,ERR,ERR,ERR,ERR,ERR,ERR,ERR,ERR,ERR,ERR,ERR,ERR,ERR,ERR,ERR,ERR,ERR,ERR,ERR,ERR,ERR,ERR,ERR,ERR,ERR,ERR,ERR,ERR,ERR,ERR,ERR,ERR,ERR,ERR,ERR,ERR,ERR,ERR,ERR,ERR,ERR,ERR,ERR,ERR,ERR,ERR,ERR,ERR,ERR,ERR,ERR,ERR,ERR,ERR,ERR,ERR,ERR,ERR,ERR,ERR,ERR,ERR,ERR,ERR,ERR,ERR,ERR,ERR,ERR,ERR,ERR,ERR,ERR,ERR,ERR,ERR,ERR,ERR,ERR,ERR,ERR,ERR,ERR,ERR,ERR,ERR,ERR,ERR,ERR,ERR,ERR,ERR,ERR,ERR,ERR,ERR,ERR,ERR,ERR,ERR,ERR,ERR,ERR,ERR,ERR,ERR,ERR,ERR,ERR,ERR,0.0,0.0,2.6474835549302285e+23,0.0,0.0,1.3936040501711995e+18,7.805,0.0,0,0,4,0,7116,0.0,100,0.0,0.0,0.0,0.0,0.0,0,0,0,0,0.0,0,0,0,0,0,0,0,0,0,0,0,0,0,0,0,0,0,0,0,0,0,0,0,0,0,0,0,0,0,0,0,0,0,31,40,40,71,65476,0,300,0,0,8,21553,0.0,-107605600.0,0.0,0.0,0.0,0.0,0.0,0.0,0.0,0.0,0.0,0.0,0.0,0.0,0.0,0.0,0.0,0.0,0.0,0.0,0.0,0.0,-2.004,2.004,-0.0,2.004,0.0,0.0,0.0,0.0,4499.0,0.0,6943.0,0.0,0.0,-0.0,0.0,0.0,0.0,0.0,0.0,69,-2.3088410695593833e+20,0.0,0.0,0.0,0.0,0.0,0.0,0.0,0.0,0,0,0,0.0,0.0,0.0,0.0,0.0,0.0,0.0,0.0,0.0,0.0,0.0,0.0,0.0,0.0,0.0,0.0,0,-107875648.0,69,0.0,138,0.0,2.6474835549302285e+23,0,39322,17086,0,17103,0,17082,0,0,0,70,68,100,2.7302399002429377e+23,82.4,-107615456.0,78.2,2.7302388193790272e+23,79.0,1,49,50,180,13107,52429,0,0,0.0,0.0,0.0,0.0,-0.0,67.0,0.0,162057.094,0.0,982,0,1009,0,0,0,954,0,1035,0,930,0,792,0,784,0,822,0,7520,0.032,1.95996655783164e+20,0.0,0.0,784,16797,-0.0,162057.094,-114818.039,-0.0,0.133,6.909358625270745e+28,30.0,70.0,35,0.0,0.0,0.0,0.0,0.0,0.0,0.0,0.0,0.0,0.0,0.0,0.0,0.0,0.0,0.0,0.0,66.4,0,150,71,52,65476,0,300,0,0,8,20529,65476,0,0,44564,70.0,0.0,0.0,0.0,0.0,0.0
2026-09-10T21:20:37,ERR,ERR,ERR,ERR,ERR,ERR,ERR,ERR,ERR,ERR,ERR,ERR,ERR,ERR,ERR,ERR,ERR,ERR,ERR,ERR,ERR,ERR,ERR,ERR,ERR,ERR,ERR,ERR,ERR,ERR,ERR,ERR,ERR,ERR,ERR,ERR,ERR,ERR,ERR,ERR,ERR,ERR,ERR,ERR,ERR,ERR,ERR,ERR,ERR,ERR,ERR,ERR,ERR,ERR,ERR,ERR,ERR,ERR,ERR,ERR,ERR,ERR,ERR,ERR,ERR,ERR,ERR,ERR,ERR,ERR,ERR,ERR,ERR,ERR,ERR,ERR,ERR,ERR,ERR,ERR,ERR,ERR,ERR,ERR,ERR,ERR,ERR,ERR,ERR,ERR,ERR,ERR,ERR,ERR,ERR,ERR,ERR,ERR,ERR,ERR,ERR,ERR,ERR,ERR,ERR,ERR,ERR,ERR,ERR,ERR,ERR,ERR,ERR,ERR,ERR,ERR,ERR,ERR,ERR,ERR,ERR,ERR,ERR,ERR,ERR,0.0,0.0,2.6474835549302285e+23,0.0,0.0,1.3936040501711995e+18,7.805,0.0,0,0,4,0,7116,0.0,100,0.0,0.0,0.0,0.0,0.0,0,0,0,0,0.0,0,0,0,0,0,0,0,0,0,0,0,0,0,0,0,0,0,0,0,0,0,0,0,0,0,0,0,0,0,0,0,0,0,31,40,40,71,65476,0,300,0,0,8,21553,0.0,-107605600.0,0.0,0.0,0.0,0.0,0.0,0.0,0.0,0.0,0.0,0.0,0.0,0.0,0.0,0.0,0.0,0.0,0.0,0.0,0.0,0.0,-2.004,2.004,-0.0,2.004,0.0,0.0,0.0,0.0,4499.0,0.0,6943.0,0.0,0.0,-0.0,0.0,0.0,0.0,0.0,0.0,69,-2.3088410695593833e+20,0.0,0.0,0.0,0.0,0.0,0.0,0.0,0.0,0,0,0,0.0,0.0,0.0,0.0,0.0,0.0,0.0,0.0,0.0,0.0,0.0,0.0,0.0,0.0,0.0,0.0,0,-107875648.0,69,0.0,138,0.0,2.6474835549302285e+23,0,39322,17086,0,17103,0,17082,0,0,0,70,68,100,2.7302399002429377e+23,82.4,-107615456.0,78.2,2.7302388193790272e+23,79.0,1,49,50,180,13107,52429,0,0,0.0,0.0,0.0,0.0,-0.0,67.0,0.0,162057.094,0.0,982,0,1009,0,0,0,954,0,1035,0,930,0,792,0,784,0,822,0,7520,0.032,1.95996655783164e+20,0.0,0.0,784,16797,-0.0,162057.094,-114818.039,-0.0,0.133,6.909358625270745e+28,30.0,70.0,35,0.0,0.0,0.0,0.0,0.0,0.0,0.0,0.0,0.0,0.0,0.0,0.0,0.0,0.0,0.0,0.0,66.4,0,150,71,52,65476,0,300,0,0,8,20529,65476,0,0,44564,70.0,0.0,0.0,0.0,0.0,0.0
2026-09-10T21:20:38,ERR,ERR,ERR,ERR,ERR,ERR,ERR,ERR,ERR,ERR,ERR,ERR,ERR,ERR,ERR,ERR,ERR,ERR,ERR,ERR,ERR,ERR,ERR,ERR,ERR,ERR,ERR,ERR,ERR,ERR,ERR,ERR,ERR,ERR,ERR,ERR,ERR,ERR,ERR,ERR,ERR,ERR,ERR,ERR,ERR,ERR,ERR,ERR,ERR,ERR,ERR,ERR,ERR,ERR,ERR,ERR,ERR,ERR,ERR,ERR,ERR,ERR,ERR,ERR,ERR,ERR,ERR,ERR,ERR,ERR,ERR,ERR,ERR,ERR,ERR,ERR,ERR,ERR,ERR,ERR,ERR,ERR,ERR,ERR,ERR,ERR,ERR,ERR,ERR,ERR,ERR,ERR,ERR,ERR,ERR,ERR,ERR,ERR,ERR,ERR,ERR,ERR,ERR,ERR,ERR,ERR,ERR,ERR,ERR,ERR,ERR,ERR,ERR,ERR,ERR,ERR,ERR,ERR,ERR,ERR,ERR,ERR,ERR,ERR,ERR,0.0,0.0,2.6474835549302285e+23,0.0,0.0,1.3936040501711995e+18,7.805,0.0,0,0,4,0,7116,0.0,100,0.0,0.0,0.0,0.0,0.0,0,0,0,0,0.0,0,0,0,0,0,0,0,0,0,0,0,0,0,0,0,0,0,0,0,0,0,0,0,0,0,0,0,0,0,0,0,0,0,31,40,40,71,65476,0,300,0,0,8,21553,0.0,-107605600.0,0.0,0.0,0.0,0.0,0.0,0.0,0.0,0.0,0.0,0.0,0.0,0.0,0.0,0.0,0.0,0.0,0.0,0.0,0.0,0.0,-2.004,2.004,-0.0,2.004,0.0,0.0,0.0,0.0,4499.0,0.0,6943.0,0.0,0.0,-0.0,0.0,0.0,0.0,0.0,0.0,69,-2.3088410695593833e+20,0.0,0.0,0.0,0.0,0.0,0.0,0.0,0.0,0,0,0,0.0,0.0,0.0,0.0,0.0,0.0,0.0,0.0,0.0,0.0,0.0,0.0,0.0,0.0,0.0,0.0,0,-107875648.0,69,0.0,138,0.0,2.6474835549302285e+23,0,52429,17086,0,17103,0,17082,0,0,0,70,68,100,2.7302399002429377e+23,82.4,-107615456.0,78.2,2.7302388193790272e+23,79.0,1,49,50,180,26215,52429,0,0,0.0,0.0,0.0,0.0,-0.0,67.0,0.0,162057.094,0.0,981,0,1009,0,0,0,953,0,1035,0,930,0,792,0,784,0,822,0,7520,0.032,1.498797955988901e+20,0.0,0.0,784,16797,-0.0,162057.094,-114818.039,-0.0,0.133,6.909358625270745e+28,30.0,70.0,35,0.0,0.0,0.0,0.0,0.0,0.0,0.0,0.0,0.0,0.0,0.0,0.0,0.0,0.0,0.0,0.0,66.0,0,150,71,52,65476,0,300,0,0,8,20529,65476,0,0,44564,70.0,0.0,0.0,0.0,0.0,0.0
2026-09-10T21:20:39,ERR,ERR,ERR,ERR,ERR,ERR,ERR,ERR,ERR,ERR,ERR,ERR,ERR,ERR,ERR,ERR,ERR,ERR,ERR,ERR,ERR,ERR,ERR,ERR,ERR,ERR,ERR,ERR,ERR,ERR,ERR,ERR,ERR,ERR,ERR,ERR,ERR,ERR,ERR,ERR,ERR,ERR,ERR,ERR,ERR,ERR,ERR,ERR,ERR,ERR,ERR,ERR,ERR,ERR,ERR,ERR,ERR,ERR,ERR,ERR,ERR,ERR,ERR,ERR,ERR,ERR,ERR,ERR,ERR,ERR,ERR,ERR,ERR,ERR,ERR,ERR,ERR,ERR,ERR,ERR,ERR,ERR,ERR,ERR,ERR,ERR,ERR,ERR,ERR,ERR,ERR,ERR,ERR,ERR,ERR,ERR,ERR,ERR,ERR,ERR,ERR,ERR,ERR,ERR,ERR,ERR,ERR,ERR,ERR,ERR,ERR,ERR,ERR,ERR,ERR,ERR,ERR,ERR,ERR,ERR,ERR,ERR,ERR,ERR,ERR,0.0,0.0,2.6474835549302285e+23,0.0,0.0,1.3936040501711995e+18,7.805,0.0,0,0,4,0,7116,0.0,100,0.0,0.0,0.0,0.0,0.0,0,0,0,0,0.0,0,0,0,0,0,0,0,0,0,0,0,0,0,0,0,0,0,0,0,0,0,0,0,0,0,0,0,0,0,0,0,0,0,31,40,40,71,65476,0,300,0,0,8,21553,0.0,-107605600.0,0.0,0.0,0.0,0.0,0.0,0.0,0.0,0.0,0.0,0.0,0.0,0.0,0.0,0.0,0.0,0.0,0.0,0.0,0.0,0.0,-2.004,2.004,-0.0,2.004,0.0,0.0,0.0,0.0,4499.0,0.0,6943.0,0.0,0.0,-0.0,0.0,0.0,0.0,0.0,0.0,69,-2.3088410695593833e+20,0.0,0.0,0.0,0.0,0.0,0.0,0.0,0.0,0,0,0,0.0,0.0,0.0,0.0,0.0,0.0,0.0,0.0,0.0,0.0,0.0,0.0,0.0,0.0,0.0,0.0,0,-107875648.0,69,0.0,138,0.0,2.6474835549302285e+23,0,52429,17086,0,17103,0,17082,0,0,0,70,68,100,2.7302399002429377e+23,82.4,-107615456.0,78.2,2.7302388193790272e+23,79.0,1,49,50,180,26215,52429,0,0,0.0,0.0,0.0,0.0,-0.0,67.0,0.0,162057.094,0.0,981,0,1009,0,0,0,953,0,1035,0,930,0,792,0,784,0,822,0,7520,0.032,1.498797955988901e+20,0.0,0.0,784,16797,-0.0,162057.094,-114818.039,-0.0,0.133,6.909358625270745e+28,30.0,70.0,35,0.0,0.0,0.0,0.0,0.0,0.0,0.0,0.0,0.0,0.0,0.0,0.0,0.0,0.0,0.0,0.0,66.0,0,150,71,52,65476,0,300,0,0,8,20529,65476,0,0,44564,70.0,0.0,0.0,0.0,0.0,0.0
2026-09-10T21:20:40,ERR,ERR,ERR,ERR,ERR,ERR,ERR,ERR,ERR,ERR,ERR,ERR,ERR,ERR,ERR,ERR,ERR,ERR,ERR,ERR,ERR,ERR,ERR,ERR,ERR,ERR,ERR,ERR,ERR,ERR,ERR,ERR,ERR,ERR,ERR,ERR,ERR,ERR,ERR,ERR,ERR,ERR,ERR,ERR,ERR,ERR,ERR,ERR,ERR,ERR,ERR,ERR,ERR,ERR,ERR,ERR,ERR,ERR,ERR,ERR,ERR,ERR,ERR,ERR,ERR,ERR,ERR,ERR,ERR,ERR,ERR,ERR,ERR,ERR,ERR,ERR,ERR,ERR,ERR,ERR,ERR,ERR,ERR,ERR,ERR,ERR,ERR,ERR,ERR,ERR,ERR,ERR,ERR,ERR,ERR,ERR,ERR,ERR,ERR,ERR,ERR,ERR,ERR,ERR,ERR,ERR,ERR,ERR,ERR,ERR,ERR,ERR,ERR,ERR,ERR,ERR,ERR,ERR,ERR,ERR,ERR,ERR,ERR,ERR,ERR,0.0,0.0,2.6474835549302285e+23,0.0,0.0,1.3936040501711995e+18,7.805,0.0,0,0,4,0,7116,0.0,100,0.0,0.0,0.0,0.0,0.0,0,0,0,0,0.0,0,0,0,0,0,0,0,0,0,0,0,0,0,0,0,0,0,0,0,0,0,0,0,0,0,0,0,0,0,0,0,0,0,31,40,40,71,65476,0,300,0,0,8,21553,0.0,-107605600.0,0.0,0.0,0.0,0.0,0.0,0.0,0.0,0.0,0.0,0.0,0.0,0.0,0.0,0.0,0.0,0.0,0.0,0.0,0.0,0.0,-2.004,2.004,-0.0,2.004,0.0,0.0,0.0,0.0,4464.0,-8608164864.0,6938.0,0.0,0.0,-0.0,0.0,0.0,0.0,0.0,0.0,69,-152018521948160.0,-4.950393007110635e+32,0.0,0.0,0.0,0.0,0.0,0.0,0.0,0,0,0,0.0,0.0,0.0,0.0,0.0,0.0,0.0,0.0,0.0,0.0,0.0,0.0,0.0,0.0,0.0,0.0,0,-107875648.0,69,0.0,138,0.0,0.0,0,52429,17086,0,17103,0,17082,0,0,0,70,68,100,2.7302399002429377e+23,82.4,-107615456.0,78.2,2.7302388193790272e+23,79.0,1,49,50,180,26215,52429,0,0,0.0,0.0,0.0,0.0,-0.0,67.0,0.0,162057.094,0.0,981,0,1009,0,0,0,953,0,1035,0,930,0,792,0,784,0,822,0,7520,0.032,1.498797955988901e+20,0.0,0.0,784,16797,-0.0,162057.094,-114818.039,-0.0,0.133,6.909358625270745e+28,30.0,70.0,35,0.0,0.0,0.0,0.0,0.0,0.0,0.0,0.0,0.0,0.0,0.0,0.0,0.0,0.0,0.0,0.0,66.0,0,150,71,52,65476,0,300,0,0,8,20529,65476,0,0,44564,70.0,0.0,0.0,0.0,0.0,0.0
2026-09-10T21:20:41,ERR,ERR,ERR,ERR,ERR,ERR,ERR,ERR,ERR,ERR,ERR,ERR,ERR,ERR,ERR,ERR,ERR,ERR,ERR,ERR,ERR,ERR,ERR,ERR,ERR,ERR,ERR,ERR,ERR,ERR,ERR,ERR,ERR,ERR,ERR,ERR,ERR,ERR,ERR,ERR,ERR,ERR,ERR,ERR,ERR,ERR,ERR,ERR,ERR,ERR,ERR,ERR,ERR,ERR,ERR,ERR,ERR,ERR,ERR,ERR,ERR,ERR,ERR,ERR,ERR,ERR,ERR,ERR,ERR,ERR,ERR,ERR,ERR,ERR,ERR,ERR,ERR,ERR,ERR,ERR,ERR,ERR,ERR,ERR,ERR,ERR,ERR,ERR,ERR,ERR,ERR,ERR,ERR,ERR,ERR,ERR,ERR,ERR,ERR,ERR,ERR,ERR,ERR,ERR,ERR,ERR,ERR,ERR,ERR,ERR,ERR,ERR,ERR,ERR,ERR,ERR,ERR,ERR,ERR,ERR,ERR,ERR,ERR,ERR,ERR,0.0,0.0,2.6474835549302285e+23,0.0,0.0,1.3936040501711995e+18,7.805,0.0,0,0,4,0,7116,0.0,100,0.0,0.0,0.0,0.0,0.0,0,0,0,0,0.0,0,0,0,0,0,0,0,0,0,0,0,0,0,0,0,0,0,0,0,0,0,0,0,0,0,0,0,0,0,0,0,0,0,31,40,40,71,65476,0,300,0,0,8,21553,0.0,-107605600.0,0.0,0.0,0.0,0.0,0.0,0.0,0.0,0.0,0.0,0.0,0.0,0.0,0.0,0.0,0.0,0.0,0.0,0.0,0.0,0.0,-2.004,2.004,-0.0,2.004,0.0,0.0,0.0,0.0,4464.0,-8608164864.0,6938.0,0.0,0.0,-0.0,0.0,0.0,0.0,0.0,0.0,69,-152018521948160.0,-4.950393007110635e+32,0.0,0.0,0.0,0.0,0.0,0.0,0.0,0,0,0,0.0,0.0,0.0,0.0,0.0,0.0,0.0,0.0,0.0,0.0,0.0,0.0,0.0,0.0,0.0,0.0,0,-107875648.0,69,0.0,138,0.0,0.0,0,52429,17086,0,17103,0,17082,0,0,0,70,68,100,2.7302399002429377e+23,82.4,-107615456.0,78.2,2.7302388193790272e+23,79.0,1,49,50,180,26215,52429,0,0,0.0,0.0,0.0,0.0,-0.0,67.0,0.0,162057.094,0.0,981,0,1009,0,0,0,953,0,1035,0,930,0,792,0,784,0,822,0,7520,0.032,1.498797955988901e+20,0.0,0.0,784,16797,-0.0,162057.094,-114818.039,-0.0,0.133,6.909358625270745e+28,30.0,70.0,35,0.0,0.0,0.0,0.0,0.0,0.0,0.0,0.0,0.0,0.0,0.0,0.0,0.0,0.0,0.0,0.0,66.0,0,150,71,52,65476,0,300,0,0,8,20529,65476,0,0,44564,70.0,0.0,0.0,0.0,0.0,0.0
2026-09-10T21:20:42,ERR,ERR,ERR,ERR,ERR,ERR,ERR,ERR,ERR,ERR,ERR,ERR,ERR,ERR,ERR,ERR,ERR,ERR,ERR,ERR,ERR,ERR,ERR,ERR,ERR,ERR,ERR,ERR,ERR,ERR,ERR,ERR,ERR,ERR,ERR,ERR,ERR,ERR,ERR,ERR,ERR,ERR,ERR,ERR,ERR,ERR,ERR,ERR,ERR,ERR,ERR,ERR,ERR,ERR,ERR,ERR,ERR,ERR,ERR,ERR,ERR,ERR,ERR,ERR,ERR,ERR,ERR,ERR,ERR,ERR,ERR,ERR,ERR,ERR,ERR,ERR,ERR,ERR,ERR,ERR,ERR,ERR,ERR,ERR,ERR,ERR,ERR,ERR,ERR,ERR,ERR,ERR,ERR,ERR,ERR,ERR,ERR,ERR,ERR,ERR,ERR,ERR,ERR,ERR,ERR,ERR,ERR,ERR,ERR,ERR,ERR,ERR,ERR,ERR,ERR,ERR,ERR,ERR,ERR,ERR,ERR,ERR,ERR,ERR,ERR,0.0,0.0,2.6474835549302285e+23,0.0,0.0,1.3936040501711995e+18,7.805,0.0,0,0,4,0,7116,0.0,100,0.0,0.0,0.0,0.0,0.0,0,0,0,0,0.0,0,0,0,0,0,0,0,0,0,0,0,0,0,0,0,0,0,0,0,0,0,0,0,0,0,0,0,0,0,0,0,0,0,31,40,40,71,65476,0,300,0,0,8,21553,0.0,-107605600.0,0.0,0.0,0.0,0.0,0.0,0.0,0.0,0.0,0.0,0.0,0.0,0.0,0.0,0.0,0.0,0.0,0.0,0.0,0.0,0.0,-2.004,2.004,-0.0,2.004,0.0,0.0,0.0,0.0,4464.0,-8608164864.0,6938.0,0.0,0.0,-0.0,0.0,0.0,0.0,0.0,0.0,69,-152018521948160.0,-4.950393007110635e+32,0.0,0.0,0.0,0.0,0.0,0.0,0.0,0,0,0,0.0,0.0,0.0,0.0,0.0,0.0,0.0,0.0,0.0,0.0,0.0,0.0,0.0,0.0,0.0,0.0,0,-107875648.0,69,0.0,138,0.0,0.0,0,52429,17086,0,17103,0,17082,0,0,0,70,68,100,2.7302399002429377e+23,82.4,-107615456.0,78.2,2.7302388193790272e+23,79.0,1,49,50,180,26215,52429,0,0,0.0,0.0,0.0,0.0,-0.0,67.0,0.0,162057.094,0.0,981,0,1009,0,0,0,953,0,1035,0,930,0,792,0,784,0,822,0,7520,0.032,1.498797955988901e+20,0.0,0.0,784,16797,-0.0,162057.094,-114818.039,-0.0,0.133,6.909358625270745e+28,30.0,70.0,35,0.0,0.0,0.0,0.0,0.0,0.0,0.0,0.0,0.0,0.0,0.0,0.0,0.0,0.0,0.0,0.0,66.0,0,150,71,52,65476,0,300,0,0,8,20529,65476,0,0,44564,70.0,0.0,0.0,0.0,0.0,0.0
2026-09-10T21:20:43,ERR,ERR,ERR,ERR,ERR,ERR,ERR,ERR,ERR,ERR,ERR,ERR,ERR,ERR,ERR,ERR,ERR,ERR,ERR,ERR,ERR,ERR,ERR,ERR,ERR,ERR,ERR,ERR,ERR,ERR,ERR,ERR,ERR,ERR,ERR,ERR,ERR,ERR,ERR,ERR,ERR,ERR,ERR,ERR,ERR,ERR,ERR,ERR,ERR,ERR,ERR,ERR,ERR,ERR,ERR,ERR,ERR,ERR,ERR,ERR,ERR,ERR,ERR,ERR,ERR,ERR,ERR,ERR,ERR,ERR,ERR,ERR,ERR,ERR,ERR,ERR,ERR,ERR,ERR,ERR,ERR,ERR,ERR,ERR,ERR,ERR,ERR,ERR,ERR,ERR,ERR,ERR,ERR,ERR,ERR,ERR,ERR,ERR,ERR,ERR,ERR,ERR,ERR,ERR,ERR,ERR,ERR,ERR,ERR,ERR,ERR,ERR,ERR,ERR,ERR,ERR,ERR,ERR,ERR,ERR,ERR,ERR,ERR,ERR,ERR,0.0,0.0,2.6474835549302285e+23,0.0,0.0,1.3936040501711995e+18,7.805,0.0,0,0,4,0,7116,0.0,100,0.0,0.0,0.0,0.0,0.0,0,0,0,0,0.0,0,0,0,0,0,0,0,0,0,0,0,0,0,0,0,0,0,0,0,0,0,0,0,0,0,0,0,0,0,0,0,0,0,31,40,40,71,65476,0,300,0,0,8,21553,0.0,-107605600.0,0.0,0.0,0.0,0.0,0.0,0.0,0.0,0.0,0.0,0.0,0.0,0.0,0.0,0.0,0.0,0.0,0.0,0.0,0.0,0.0,-2.004,2.004,-0.0,2.004,0.0,0.0,0.0,0.0,4464.0,-8608164864.0,6938.0,0.0,0.0,-0.0,0.0,0.0,0.0,0.0,0.0,69,-152018521948160.0,-4.950393007110635e+32,0.0,0.0,0.0,0.0,0.0,0.0,0.0,0,0,0,0.0,0.0,0.0,0.0,0.0,0.0,0.0,0.0,0.0,0.0,0.0,0.0,0.0,0.0,0.0,0.0,0,-107875648.0,69,0.0,138,0.0,0.0,0,52429,17086,0,17103,0,17082,0,0,0,70,68,100,2.7302399002429377e+23,82.4,-107615456.0,78.2,2.7302388193790272e+23,79.0,1,49,50,180,26215,52429,0,0,0.0,0.0,0.0,0.0,-0.0,67.0,0.0,162057.094,0.0,981,0,1009,0,0,0,953,0,1035,0,930,0,792,0,784,0,822,0,7520,0.032,1.498797955988901e+20,0.0,0.0,784,16797,-0.0,162057.094,-114818.039,-0.0,0.133,6.909358625270745e+28,30.0,70.0,35,0.0,0.0,0.0,0.0,0.0,0.0,0.0,0.0,0.0,0.0,0.0,0.0,0.0,0.0,0.0,0.0,66.0,0,150,71,52,65476,0,300,0,0,8,20529,65476,0,0,44564,70.0,0.0,0.0,0.0,0.0,0.0
2026-09-10T21:20:44,ERR,ERR,ERR,ERR,ERR,ERR,ERR,ERR,ERR,ERR,ERR,ERR,ERR,ERR,ERR,ERR,ERR,ERR,ERR,ERR,ERR,ERR,ERR,ERR,ERR,ERR,ERR,ERR,ERR,ERR,ERR,ERR,ERR,ERR,ERR,ERR,ERR,ERR,ERR,ERR,ERR,ERR,ERR,ERR,ERR,ERR,ERR,ERR,ERR,ERR,ERR,ERR,ERR,ERR,ERR,ERR,ERR,ERR,ERR,ERR,ERR,ERR,ERR,ERR,ERR,ERR,ERR,ERR,ERR,ERR,ERR,ERR,ERR,ERR,ERR,ERR,ERR,ERR,ERR,ERR,ERR,ERR,ERR,ERR,ERR,ERR,ERR,ERR,ERR,ERR,ERR,ERR,ERR,ERR,ERR,ERR,ERR,ERR,ERR,ERR,ERR,ERR,ERR,ERR,ERR,ERR,ERR,ERR,ERR,ERR,ERR,ERR,ERR,ERR,ERR,ERR,ERR,ERR,ERR,ERR,ERR,ERR,ERR,ERR,ERR,0.0,0.0,2.6474835549302285e+23,0.0,0.0,1.3936040501711995e+18,7.805,0.0,0,0,4,0,7116,0.0,100,0.0,0.0,0.0,0.0,0.0,0,0,0,0,0.0,0,0,0,0,0,0,0,0,0,0,0,0,0,0,0,0,0,0,0,0,0,0,0,0,0,0,0,0,0,0,0,0,0,31,40,40,71,65476,0,300,0,0,8,21553,0.0,-107605600.0,0.0,0.0,0.0,0.0,0.0,0.0,0.0,0.0,0.0,0.0,0.0,0.0,0.0,0.0,0.0,0.0,0.0,0.0,0.0,0.0,-2.004,2.004,-0.0,2.004,0.0,0.0,0.0,0.0,4464.0,-8608164864.0,6938.0,0.0,0.0,-0.0,0.0,0.0,0.0,0.0,0.0,69,-152018521948160.0,-4.950393007110635e+32,0.0,0.0,0.0,0.0,0.0,0.0,0.0,0,0,0,0.0,0.0,0.0,0.0,0.0,0.0,0.0,0.0,0.0,0.0,0.0,0.0,0.0,0.0,0.0,0.0,0,-107875648.0,69,0.0,138,0.0,0.0,0,52429,17086,0,17103,0,17082,0,0,0,70,68,100,2.7302399002429377e+23,82.4,-107615456.0,78.2,2.7302388193790272e+23,79.0,1,49,50,180,13107,52429,0,0,0.0,0.0,0.0,0.0,-0.0,67.0,0.0,162057.094,0.0,981,0,1009,0,0,0,953,0,1035,0,930,0,792,0,784,0,823,0,7520,0.032,1.9484373427855714e+20,0.0,0.0,784,16797,-0.0,162057.094,-114818.039,-0.0,0.133,6.909358625270745e+28,30.0,70.0,35,0.0,0.0,0.0,0.0,0.0,0.0,0.0,0.0,0.0,0.0,0.0,0.0,0.0,0.0,0.0,0.0,66.0,0,150,71,52,65476,0,300,0,0,8,20529,65476,0,0,44564,70.0,0.0,0.0,0.0,0.0,0.0
2026-09-10T21:20:45,ERR,ERR,ERR,ERR,ERR,ERR,ERR,ERR,ERR,ERR,ERR,ERR,ERR,ERR,ERR,ERR,ERR,ERR,ERR,ERR,ERR,ERR,ERR,ERR,ERR,ERR,ERR,ERR,ERR,ERR,ERR,ERR,ERR,ERR,ERR,ERR,ERR,ERR,ERR,ERR,ERR,ERR,ERR,ERR,ERR,ERR,ERR,ERR,ERR,ERR,ERR,ERR,ERR,ERR,ERR,ERR,ERR,ERR,ERR,ERR,ERR,ERR,ERR,ERR,ERR,ERR,ERR,ERR,ERR,ERR,ERR,ERR,ERR,ERR,ERR,ERR,ERR,ERR,ERR,ERR,ERR,ERR,ERR,ERR,ERR,ERR,ERR,ERR,ERR,ERR,ERR,ERR,ERR,ERR,ERR,ERR,ERR,ERR,ERR,ERR,ERR,ERR,ERR,ERR,ERR,ERR,ERR,ERR,ERR,ERR,ERR,ERR,ERR,ERR,ERR,ERR,ERR,ERR,ERR,ERR,ERR,ERR,ERR,ERR,ERR,0.0,0.0,2.6474835549302285e+23,0.0,0.0,1.3936040501711995e+18,7.805,0.0,0,0,4,0,7116,0.0,100,0.0,0.0,0.0,0.0,0.0,0,0,0,0,0.0,0,0,0,0,0,0,0,0,0,0,0,0,0,0,0,0,0,0,0,0,0,0,0,0,0,0,0,0,0,0,0,0,0,31,40,40,71,65476,0,300,0,0,8,21553,0.0,-107605600.0,0.0,0.0,0.0,0.0,0.0,0.0,0.0,0.0,0.0,0.0,0.0,0.0,0.0,0.0,0.0,0.0,0.0,0.0,0.0,0.0,-2.004,2.004,-0.0,2.004,0.0,0.0,0.0,0.0,4464.0,-8608164864.0,6938.0,0.0,0.0,-0.0,0.0,0.0,0.0,0.0,0.0,69,-152018521948160.0,-4.950393007110635e+32,0.0,0.0,0.0,0.0,0.0,0.0,0.0,0,0,0,0.0,0.0,0.0,0.0,0.0,0.0,0.0,0.0,0.0,0.0,0.0,0.0,0.0,0.0,0.0,0.0,0,-107875648.0,69,0.0,138,0.0,0.0,0,52429,17086,0,17103,0,17082,0,0,0,70,68,100,2.7302399002429377e+23,82.4,-107615456.0,78.2,2.7302388193790272e+23,79.0,1,49,50,180,13107,52429,0,0,0.0,0.0,0.0,0.0,-0.0,67.0,0.0,162057.094,0.0,981,0,1009,0,0,0,953,0,1035,0,930,0,792,0,784,0,823,0,7520,0.032,1.9484373427855714e+20,0.0,0.0,784,16797,-0.0,162057.094,-114818.039,-0.0,0.133,6.909358625270745e+28,30.0,70.0,35,0.0,0.0,0.0,0.0,0.0,0.0,0.0,0.0,0.0,0.0,0.0,0.0,0.0,0.0,0.0,0.0,66.0,0,150,71,52,65476,0,300,0,0,8,20529,65476,0,0,44564,70.0,0.0,0.0,0.0,0.0,0.0
2026-09-10T21:20:46,ERR,ERR,ERR,ERR,ERR,ERR,ERR,ERR,ERR,ERR,ERR,ERR,ERR,ERR,ERR,ERR,ERR,ERR,ERR,ERR,ERR,ERR,ERR,ERR,ERR,ERR,ERR,ERR,ERR,ERR,ERR,ERR,ERR,ERR,ERR,ERR,ERR,ERR,ERR,ERR,ERR,ERR,ERR,ERR,ERR,ERR,ERR,ERR,ERR,ERR,ERR,ERR,ERR,ERR,ERR,ERR,ERR,ERR,ERR,ERR,ERR,ERR,ERR,ERR,ERR,ERR,ERR,ERR,ERR,ERR,ERR,ERR,ERR,ERR,ERR,ERR,ERR,ERR,ERR,ERR,ERR,ERR,ERR,ERR,ERR,ERR,ERR,ERR,ERR,ERR,ERR,ERR,ERR,ERR,ERR,ERR,ERR,ERR,ERR,ERR,ERR,ERR,ERR,ERR,ERR,ERR,ERR,ERR,ERR,ERR,ERR,ERR,ERR,ERR,ERR,ERR,ERR,ERR,ERR,ERR,ERR,ERR,ERR,ERR,ERR,0.0,0.0,2.6474835549302285e+23,0.0,0.0,1.3936040501711995e+18,7.805,0.0,0,0,4,0,7116,0.0,100,0.0,0.0,0.0,0.0,0.0,0,0,0,0,0.0,0,0,0,0,0,0,0,0,0,0,0,0,0,0,0,0,0,0,0,0,0,0,0,0,0,0,0,0,0,0,0,0,0,31,40,40,71,65476,0,300,0,0,8,21553,0.0,-107605600.0,0.0,0.0,0.0,0.0,0.0,0.0,0.0,0.0,0.0,0.0,0.0,0.0,0.0,0.0,0.0,0.0,0.0,0.0,0.0,0.0,-2.004,2.004,-0.0,2.004,0.0,0.0,0.0,0.0,4464.0,-8608164864.0,6938.0,0.0,0.0,-0.0,0.0,0.0,0.0,0.0,0.0,69,-152018521948160.0,-4.950393007110635e+32,0.0,0.0,0.0,0.0,0.0,0.0,0.0,0,0,0,0.0,0.0,0.0,0.0,0.0,0.0,0.0,0.0,0.0,0.0,0.0,0.0,0.0,0.0,0.0,0.0,0,-107875648.0,69,0.0,138,0.0,0.0,0,52429,17086,0,17103,0,17082,0,0,0,70,68,100,2.7302399002429377e+23,82.4,-107615456.0,78.2,2.7302388193790272e+23,79.0,1,49,50,180,13107,52429,0,0,0.0,0.0,0.0,0.0,-0.0,67.0,0.0,162057.094,0.0,981,0,1009,0,0,0,953,0,1035,0,930,0,792,0,784,0,823,0,7520,0.032,1.9484373427855714e+20,0.0,0.0,784,16797,-0.0,162057.094,-114818.039,-0.0,0.133,6.909358625270745e+28,30.0,70.0,35,0.0,0.0,0.0,0.0,0.0,0.0,0.0,0.0,0.0,0.0,0.0,0.0,0.0,0.0,0.0,0.0,66.0,0,150,71,52,65476,0,300,0,0,8,20529,65476,0,0,44564,70.0,0.0,0.0,0.0,0.0,0.0
2026-09-10T21:20:47,ERR,ERR,ERR,ERR,ERR,ERR,ERR,ERR,ERR,ERR,ERR,ERR,ERR,ERR,ERR,ERR,ERR,ERR,ERR,ERR,ERR,ERR,ERR,ERR,ERR,ERR,ERR,ERR,ERR,ERR,ERR,ERR,ERR,ERR,ERR,ERR,ERR,ERR,ERR,ERR,ERR,ERR,ERR,ERR,ERR,ERR,ERR,ERR,ERR,ERR,ERR,ERR,ERR,ERR,ERR,ERR,ERR,ERR,ERR,ERR,ERR,ERR,ERR,ERR,ERR,ERR,ERR,ERR,ERR,ERR,ERR,ERR,ERR,ERR,ERR,ERR,ERR,ERR,ERR,ERR,ERR,ERR,ERR,ERR,ERR,ERR,ERR,ERR,ERR,ERR,ERR,ERR,ERR,ERR,ERR,ERR,ERR,ERR,ERR,ERR,ERR,ERR,ERR,ERR,ERR,ERR,ERR,ERR,ERR,ERR,ERR,ERR,ERR,ERR,ERR,ERR,ERR,ERR,ERR,ERR,ERR,ERR,ERR,ERR,ERR,0.0,0.0,2.6474835549302285e+23,0.0,0.0,1.3936040501711995e+18,7.805,0.0,0,0,4,0,7116,0.0,100,0.0,0.0,0.0,0.0,0.0,0,0,0,0,0.0,0,0,0,0,0,0,0,0,0,0,0,0,0,0,0,0,0,0,0,0,0,0,0,0,0,0,0,0,0,0,0,0,0,31,40,40,71,65476,0,300,0,0,8,21553,0.0,-107605600.0,0.0,0.0,0.0,0.0,0.0,0.0,0.0,0.0,0.0,0.0,0.0,0.0,0.0,0.0,0.0,0.0,0.0,0.0,0.0,0.0,-2.004,2.004,-0.0,2.004,0.0,0.0,0.0,0.0,4464.0,-8608164864.0,6938.0,0.0,0.0,-0.0,0.0,0.0,0.0,0.0,0.0,69,-152018521948160.0,-4.950393007110635e+32,0.0,0.0,0.0,0.0,0.0,0.0,0.0,0,0,0,0.0,0.0,0.0,0.0,0.0,0.0,0.0,0.0,0.0,0.0,0.0,0.0,0.0,0.0,0.0,0.0,0,-107875648.0,69,0.0,138,0.0,0.0,0,52429,17086,0,17103,0,17082,0,0,0,70,68,100,2.7302399002429377e+23,82.4,-107615456.0,78.2,2.7302388193790272e+23,79.0,1,49,50,180,13107,52429,0,0,0.0,0.0,0.0,0.0,-0.0,67.0,0.0,162057.094,0.0,981,0,1009,0,0,0,953,0,1035,0,930,0,792,0,784,0,823,0,7520,0.032,1.9484373427855714e+20,0.0,0.0,784,16797,-0.0,162057.094,-114818.039,-0.0,0.133,6.909358625270745e+28,30.0,70.0,35,0.0,0.0,0.0,0.0,0.0,0.0,0.0,0.0,0.0,0.0,0.0,0.0,0.0,0.0,0.0,0.0,66.0,0,150,71,52,65476,0,300,0,0,8,20529,65476,0,0,44564,70.0,0.0,0.0,0.0,0.0,0.0
2026-09-10T21:20:48,ERR,ERR,ERR,ERR,ERR,ERR,ERR,ERR,ERR,ERR,ERR,ERR,ERR,ERR,ERR,ERR,ERR,ERR,ERR,ERR,ERR,ERR,ERR,ERR,ERR,ERR,ERR,ERR,ERR,ERR,ERR,ERR,ERR,ERR,ERR,ERR,ERR,ERR,ERR,ERR,ERR,ERR,ERR,ERR,ERR,ERR,ERR,ERR,ERR,ERR,ERR,ERR,ERR,ERR,ERR,ERR,ERR,ERR,ERR,ERR,ERR,ERR,ERR,ERR,ERR,ERR,ERR,ERR,ERR,ERR,ERR,ERR,ERR,ERR,ERR,ERR,ERR,ERR,ERR,ERR,ERR,ERR,ERR,ERR,ERR,ERR,ERR,ERR,ERR,ERR,ERR,ERR,ERR,ERR,ERR,ERR,ERR,ERR,ERR,ERR,ERR,ERR,ERR,ERR,ERR,ERR,ERR,ERR,ERR,ERR,ERR,ERR,ERR,ERR,ERR,ERR,ERR,ERR,ERR,ERR,ERR,ERR,ERR,ERR,ERR,0.0,0.0,2.6474835549302285e+23,0.0,0.0,1.3936040501711995e+18,7.805,0.0,0,0,4,0,7116,0.0,100,0.0,0.0,0.0,0.0,0.0,0,0,0,0,0.0,0,0,0,0,0,0,0,0,0,0,0,0,0,0,0,0,0,0,0,0,0,0,0,0,0,0,0,0,0,0,0,0,0,31,40,40,71,65476,0,300,0,0,8,21553,0.0,-107605600.0,0.0,0.0,0.0,0.0,0.0,0.0,0.0,0.0,0.0,0.0,0.0,0.0,0.0,0.0,0.0,0.0,0.0,0.0,0.0,0.0,-2.004,2.004,-0.0,2.004,0.0,0.0,0.0,0.0,4464.0,-131350.172,6937.0,0.0,0.0,0.0,0.0,0.0,0.0,0.0,0.0,69,-152018521948160.0,-3.221994650676375e+26,0.0,0.0,0.0,0.0,0.0,0.0,0.0,0,0,0,0.0,0.0,0.0,0.0,0.0,0.0,0.0,0.0,0.0,0.0,0.0,0.0,0.0,0.0,0.0,0.0,0,-107875648.0,69,0.0,138,0.0,0.0,0,52429,17086,0,17103,0,17082,0,0,0,70,68,100,2.7302399002429377e+23,82.4,-107615456.0,78.2,2.7302388193790272e+23,79.0,1,49,50,180,13107,52429,0,0,0.0,0.0,0.0,0.0,-0.0,67.0,0.0,162057.094,0.0,981,0,1009,0,0,0,953,0,1035,0,930,0,792,0,784,0,823,0,7520,0.032,1.9484373427855714e+20,0.0,0.0,784,16797,-0.0,162057.094,-114818.039,-0.0,0.133,6.909358625270745e+28,30.0,70.0,35,0.0,0.0,0.0,0.0,0.0,0.0,0.0,0.0,0.0,0.0,0.0,0.0,0.0,0.0,0.0,0.0,66.0,0,150,71,52,65476,0,300,0,0,8,20529,65476,0,0,44564,70.0,0.0,0.0,0.0,0.0,0.0
2026-09-10T21:20:49,ERR,ERR,ERR,ERR,ERR,ERR,ERR,ERR,ERR,ERR,ERR,ERR,ERR,ERR,ERR,ERR,ERR,ERR,ERR,ERR,ERR,ERR,ERR,ERR,ERR,ERR,ERR,ERR,ERR,ERR,ERR,ERR,ERR,ERR,ERR,ERR,ERR,ERR,ERR,ERR,ERR,ERR,ERR,ERR,ERR,ERR,ERR,ERR,ERR,ERR,ERR,ERR,ERR,ERR,ERR,ERR,ERR,ERR,ERR,ERR,ERR,ERR,ERR,ERR,ERR,ERR,ERR,ERR,ERR,ERR,ERR,ERR,ERR,ERR,ERR,ERR,ERR,ERR,ERR,ERR,ERR,ERR,ERR,ERR,ERR,ERR,ERR,ERR,ERR,ERR,ERR,ERR,ERR,ERR,ERR,ERR,ERR,ERR,ERR,ERR,ERR,ERR,ERR,ERR,ERR,ERR,ERR,ERR,ERR,ERR,ERR,ERR,ERR,ERR,ERR,ERR,ERR,ERR,ERR,ERR,ERR,ERR,ERR,ERR,ERR,0.0,0.0,2.6474835549302285e+23,0.0,0.0,1.3936040501711995e+18,7.805,0.0,0,0,4,0,7116,0.0,100,0.0,0.0,0.0,0.0,0.0,0,0,0,0,0.0,0,0,0,0,0,0,0,0,0,0,0,0,0,0,0,0,0,0,0,0,0,0,0,0,0,0,0,0,0,0,0,0,0,31,40,40,71,65476,0,300,0,0,8,21553,0.0,-107605600.0,0.0,0.0,0.0,0.0,0.0,0.0,0.0,0.0,0.0,0.0,0.0,0.0,0.0,0.0,0.0,0.0,0.0,0.0,0.0,0.0,-2.004,2.004,-0.0,2.004,0.0,0.0,0.0,0.0,4464.0,-131350.172,6937.0,0.0,0.0,0.0,0.0,0.0,0.0,0.0,0.0,69,-152018521948160.0,-3.221994650676375e+26,0.0,0.0,0.0,0.0,0.0,0.0,0.0,0,0,0,0.0,0.0,0.0,0.0,0.0,0.0,0.0,0.0,0.0,0.0,0.0,0.0,0.0,0.0,0.0,0.0,0,-107875648.0,69,0.0,138,0.0,0.0,0,52429,17086,0,17103,0,17082,0,0,0,70,68,100,2.7302399002429377e+23,82.4,-107615456.0,78.2,2.7302388193790272e+23,79.0,1,49,50,180,0,52429,0,0,0.0,0.0,0.0,0.0,-0.0,67.0,0.0,162057.094,0.0,980,0,1009,0,0,0,954,0,1035,0,930,0,792,0,784,0,822,0,7520,0.032,1.9484373427855714e+20,0.0,0.0,784,16797,-0.0,162057.094,-114818.039,-0.0,0.133,6.909358625270745e+28,30.0,70.0,35,0.0,0.0,0.0,0.0,0.0,0.0,0.0,0.0,0.0,0.0,0.0,0.0,0.0,0.0,0.0,0.0,66.0,0,150,71,52,65476,0,300,0,0,8,20529,65476,0,0,44564,70.0,0.0,0.0,0.0,0.0,0.0
2026-09-10T21:20:50,ERR,ERR,ERR,ERR,ERR,ERR,ERR,ERR,ERR,ERR,ERR,ERR,ERR,ERR,ERR,ERR,ERR,ERR,ERR,ERR,ERR,ERR,ERR,ERR,ERR,ERR,ERR,ERR,ERR,ERR,ERR,ERR,ERR,ERR,ERR,ERR,ERR,ERR,ERR,ERR,ERR,ERR,ERR,ERR,ERR,ERR,ERR,ERR,ERR,ERR,ERR,ERR,ERR,ERR,ERR,ERR,ERR,ERR,ERR,ERR,ERR,ERR,ERR,ERR,ERR,ERR,ERR,ERR,ERR,ERR,ERR,ERR,ERR,ERR,ERR,ERR,ERR,ERR,ERR,ERR,ERR,ERR,ERR,ERR,ERR,ERR,ERR,ERR,ERR,ERR,ERR,ERR,ERR,ERR,ERR,ERR,ERR,ERR,ERR,ERR,ERR,ERR,ERR,ERR,ERR,ERR,ERR,ERR,ERR,ERR,ERR,ERR,ERR,ERR,ERR,ERR,ERR,ERR,ERR,ERR,ERR,ERR,ERR,ERR,ERR,0.0,0.0,2.6474835549302285e+23,0.0,0.0,1.3936040501711995e+18,7.805,0.0,0,0,4,0,7116,0.0,100,0.0,0.0,0.0,0.0,0.0,0,0,0,0,0.0,0,0,0,0,0,0,0,0,0,0,0,0,0,0,0,0,0,0,0,0,0,0,0,0,0,0,0,0,0,0,0,0,0,31,40,40,71,65476,0,300,0,0,8,21553,0.0,-107605600.0,0.0,0.0,0.0,0.0,0.0,0.0,0.0,0.0,0.0,0.0,0.0,0.0,0.0,0.0,0.0,0.0,0.0,0.0,0.0,0.0,-2.004,2.004,-0.0,2.004,0.0,0.0,0.0,0.0,4464.0,-131350.172,6937.0,0.0,0.0,0.0,0.0,0.0,0.0,0.0,0.0,69,-152018521948160.0,-3.221994650676375e+26,0.0,0.0,0.0,0.0,0.0,0.0,0.0,0,0,0,0.0,0.0,0.0,0.0,0.0,0.0,0.0,0.0,0.0,0.0,0.0,0.0,0.0,0.0,0.0,0.0,0,-107875648.0,69,0.0,138,0.0,0.0,0,52429,17086,0,17103,0,17082,0,0,0,70,68,100,2.7302399002429377e+23,82.4,-107615456.0,78.2,2.7302388193790272e+23,79.0,1,49,50,180,0,52429,0,0,0.0,0.0,0.0,0.0,-0.0,67.0,0.0,162057.094,0.0,980,0,1009,0,0,0,954,0,1035,0,930,0,792,0,784,0,822,0,7520,0.032,1.9484373427855714e+20,0.0,0.0,784,16797,-0.0,162057.094,-114818.039,-0.0,0.133,6.909358625270745e+28,30.0,70.0,35,0.0,0.0,0.0,0.0,0.0,0.0,0.0,0.0,0.0,0.0,0.0,0.0,0.0,0.0,0.0,0.0,66.0,0,150,71,52,65476,0,300,0,0,8,20529,65476,0,0,44564,70.0,0.0,0.0,0.0,0.0,0.0
2026-09-10T21:20:51,ERR,ERR,ERR,ERR,ERR,ERR,ERR,ERR,ERR,ERR,ERR,ERR,ERR,ERR,ERR,ERR,ERR,ERR,ERR,ERR,ERR,ERR,ERR,ERR,ERR,ERR,ERR,ERR,ERR,ERR,ERR,ERR,ERR,ERR,ERR,ERR,ERR,ERR,ERR,ERR,ERR,ERR,ERR,ERR,ERR,ERR,ERR,ERR,ERR,ERR,ERR,ERR,ERR,ERR,ERR,ERR,ERR,ERR,ERR,ERR,ERR,ERR,ERR,ERR,ERR,ERR,ERR,ERR,ERR,ERR,ERR,ERR,ERR,ERR,ERR,ERR,ERR,ERR,ERR,ERR,ERR,ERR,ERR,ERR,ERR,ERR,ERR,ERR,ERR,ERR,ERR,ERR,ERR,ERR,ERR,ERR,ERR,ERR,ERR,ERR,ERR,ERR,ERR,ERR,ERR,ERR,ERR,ERR,ERR,ERR,ERR,ERR,ERR,ERR,ERR,ERR,ERR,ERR,ERR,ERR,ERR,ERR,ERR,ERR,ERR,0.0,0.0,2.6474835549302285e+23,0.0,0.0,1.3936040501711995e+18,7.805,0.0,0,0,4,0,7116,0.0,100,0.0,0.0,0.0,0.0,0.0,0,0,0,0,0.0,0,0,0,0,0,0,0,0,0,0,0,0,0,0,0,0,0,0,0,0,0,0,0,0,0,0,0,0,0,0,0,0,0,31,40,40,71,65476,0,300,0,0,8,21553,0.0,-107605600.0,0.0,0.0,0.0,0.0,0.0,0.0,0.0,0.0,0.0,0.0,0.0,0.0,0.0,0.0,0.0,0.0,0.0,0.0,0.0,0.0,-2.004,2.004,-0.0,2.004,0.0,0.0,0.0,0.0,4464.0,-131350.172,6937.0,0.0,0.0,0.0,0.0,0.0,0.0,0.0,0.0,69,-152018521948160.0,-3.221994650676375e+26,0.0,0.0,0.0,0.0,0.0,0.0,0.0,0,0,0,0.0,0.0,0.0,0.0,0.0,0.0,0.0,0.0,0.0,0.0,0.0,0.0,0.0,0.0,0.0,0.0,0,-107875648.0,69,0.0,138,0.0,0.0,0,52429,17086,0,17103,0,17082,0,0,0,70,68,100,2.7302399002429377e+23,82.4,-107615456.0,78.2,2.7302388193790272e+23,79.0,1,49,50,180,0,52429,0,0,0.0,0.0,0.0,0.0,-0.0,67.0,0.0,162057.094,0.0,980,0,1009,0,0,0,954,0,1035,0,930,0,792,0,784,0,822,0,7520,0.032,1.9484373427855714e+20,0.0,0.0,784,16797,-0.0,162057.094,-114818.039,-0.0,0.133,6.909358625270745e+28,30.0,70.0,35,0.0,0.0,0.0,0.0,0.0,0.0,0.0,0.0,0.0,0.0,0.0,0.0,0.0,0.0,0.0,0.0,66.0,0,150,71,52,65476,0,300,0,0,8,20529,65476,0,0,44564,70.0,0.0,0.0,0.0,0.0,0.0
2026-09-10T21:20:52,ERR,ERR,ERR,ERR,ERR,ERR,ERR,ERR,ERR,ERR,ERR,ERR,ERR,ERR,ERR,ERR,ERR,ERR,ERR,ERR,ERR,ERR,ERR,ERR,ERR,ERR,ERR,ERR,ERR,ERR,ERR,ERR,ERR,ERR,ERR,ERR,ERR,ERR,ERR,ERR,ERR,ERR,ERR,ERR,ERR,ERR,ERR,ERR,ERR,ERR,ERR,ERR,ERR,ERR,ERR,ERR,ERR,ERR,ERR,ERR,ERR,ERR,ERR,ERR,ERR,ERR,ERR,ERR,ERR,ERR,ERR,ERR,ERR,ERR,ERR,ERR,ERR,ERR,ERR,ERR,ERR,ERR,ERR,ERR,ERR,ERR,ERR,ERR,ERR,ERR,ERR,ERR,ERR,ERR,ERR,ERR,ERR,ERR,ERR,ERR,ERR,ERR,ERR,ERR,ERR,ERR,ERR,ERR,ERR,ERR,ERR,ERR,ERR,ERR,ERR,ERR,ERR,ERR,ERR,ERR,ERR,ERR,ERR,ERR,ERR,0.0,0.0,2.6474835549302285e+23,0.0,0.0,1.3936040501711995e+18,7.805,0.0,0,0,4,0,7116,0.0,100,0.0,0.0,0.0,0.0,0.0,0,0,0,0,0.0,0,0,0,0,0,0,0,0,0,0,0,0,0,0,0,0,0,0,0,0,0,0,0,0,0,0,0,0,0,0,0,0,0,31,40,40,71,65476,0,300,0,0,8,21553,0.0,-107605600.0,0.0,0.0,0.0,0.0,0.0,0.0,0.0,0.0,0.0,0.0,0.0,0.0,0.0,0.0,0.0,0.0,0.0,0.0,0.0,0.0,-2.004,2.004,-0.0,2.004,0.0,0.0,0.0,0.0,4464.0,-131350.172,6937.0,0.0,0.0,0.0,0.0,0.0,0.0,0.0,0.0,69,-152018521948160.0,-3.221994650676375e+26,0.0,0.0,0.0,0.0,0.0,0.0,0.0,0,0,0,0.0,0.0,0.0,0.0,0.0,0.0,0.0,0.0,0.0,0.0,0.0,0.0,0.0,0.0,0.0,0.0,0,-107875648.0,69,0.0,138,0.0,0.0,0,52429,17086,0,17103,0,17082,0,0,0,70,68,100,2.7302399002429377e+23,82.4,-107615456.0,78.2,2.7302388193790272e+23,79.0,1,49,50,180,0,52429,0,0,0.0,0.0,0.0,0.0,-0.0,67.0,0.0,162057.094,0.0,980,0,1009,0,0,0,954,0,1035,0,930,0,792,0,784,0,822,0,7520,0.032,1.9484373427855714e+20,0.0,0.0,784,16797,-0.0,162057.094,-114818.039,-0.0,0.133,6.909358625270745e+28,30.0,70.0,35,0.0,0.0,0.0,0.0,0.0,0.0,0.0,0.0,0.0,0.0,0.0,0.0,0.0,0.0,0.0,0.0,66.0,0,150,71,52,65476,0,300,0,0,8,20529,65476,0,0,44564,70.0,0.0,0.0,0.0,0.0,0.0
2026-09-10T21:20:53,ERR,ERR,ERR,ERR,ERR,ERR,ERR,ERR,ERR,ERR,ERR,ERR,ERR,ERR,ERR,ERR,ERR,ERR,ERR,ERR,ERR,ERR,ERR,ERR,ERR,ERR,ERR,ERR,ERR,ERR,ERR,ERR,ERR,ERR,ERR,ERR,ERR,ERR,ERR,ERR,ERR,ERR,ERR,ERR,ERR,ERR,ERR,ERR,ERR,ERR,ERR,ERR,ERR,ERR,ERR,ERR,ERR,ERR,ERR,ERR,ERR,ERR,ERR,ERR,ERR,ERR,ERR,ERR,ERR,ERR,ERR,ERR,ERR,ERR,ERR,ERR,ERR,ERR,ERR,ERR,ERR,ERR,ERR,ERR,ERR,ERR,ERR,ERR,ERR,ERR,ERR,ERR,ERR,ERR,ERR,ERR,ERR,ERR,ERR,ERR,ERR,ERR,ERR,ERR,ERR,ERR,ERR,ERR,ERR,ERR,ERR,ERR,ERR,ERR,ERR,ERR,ERR,ERR,ERR,ERR,ERR,ERR,ERR,ERR,ERR,0.0,0.0,2.6474835549302285e+23,0.0,0.0,1.3936040501711995e+18,7.805,0.0,0,0,4,0,7116,0.0,100,0.0,0.0,0.0,0.0,0.0,0,0,0,0,0.0,0,0,0,0,0,0,0,0,0,0,0,0,0,0,0,0,0,0,0,0,0,0,0,0,0,0,0,0,0,0,0,0,0,31,40,40,71,65476,0,300,0,0,8,21553,0.0,-107605600.0,0.0,0.0,0.0,0.0,0.0,0.0,0.0,0.0,0.0,0.0,0.0,0.0,0.0,0.0,0.0,0.0,0.0,0.0,0.0,0.0,-2.004,2.004,-0.0,2.004,0.0,0.0,0.0,0.0,4467.0,-1.0406632763589053e+34,6943.0,0.0,0.0,-0.0,0.0,0.0,0.0,0.0,0.0,69,-4.0668816144241325e+29,0.0,0.0,0.0,0.0,0.0,0.0,0.0,0.0,0,0,0,0.0,0.0,0.0,0.0,0.0,0.0,0.0,0.0,0.0,0.0,0.0,0.0,0.0,0.0,0.0,0.0,0,-107875648.0,69,0.0,138,0.0,2.6474835549302285e+23,0,39322,17086,0,17103,0,17082,0,0,0,70,68,100,2.7302399002429377e+23,82.3,-0.0,78.2,2.7302388193790272e+23,79.0,1,49,50,180,0,52429,0,0,0.0,0.0,0.0,0.0,-0.0,67.0,0.0,162057.094,0.0,980,0,1009,0,0,0,953,0,1035,0,930,0,792,0,784,0,822,0,7520,0.032,1.6025608914035173e+20,0.0,0.0,784,16797,-0.0,162057.094,-114818.039,-0.0,0.133,6.909358625270745e+28,30.0,70.0,35,0.0,0.0,0.0,0.0,0.0,0.0,0.0,0.0,0.0,0.0,0.0,0.0,0.0,0.0,0.0,0.0,66.0,0,150,71,52,65476,0,300,0,0,8,20529,65476,0,0,44564,70.0,0.0,0.0,0.0,0.0,0.0
2026-09-10T21:20:54,ERR,ERR,ERR,ERR,ERR,ERR,ERR,ERR,ERR,ERR,ERR,ERR,ERR,ERR,ERR,ERR,ERR,ERR,ERR,ERR,ERR,ERR,ERR,ERR,ERR,ERR,ERR,ERR,ERR,ERR,ERR,ERR,ERR,ERR,ERR,ERR,ERR,ERR,ERR,ERR,ERR,ERR,ERR,ERR,ERR,ERR,ERR,ERR,ERR,ERR,ERR,ERR,ERR,ERR,ERR,ERR,ERR,ERR,ERR,ERR,ERR,ERR,ERR,ERR,ERR,ERR,ERR,ERR,ERR,ERR,ERR,ERR,ERR,ERR,ERR,ERR,ERR,ERR,ERR,ERR,ERR,ERR,ERR,ERR,ERR,ERR,ERR,ERR,ERR,ERR,ERR,ERR,ERR,ERR,ERR,ERR,ERR,ERR,ERR,ERR,ERR,ERR,ERR,ERR,ERR,ERR,ERR,ERR,ERR,ERR,ERR,ERR,ERR,ERR,ERR,ERR,ERR,ERR,ERR,ERR,ERR,ERR,ERR,ERR,ERR,0.0,0.0,2.6474835549302285e+23,0.0,0.0,1.3936040501711995e+18,7.805,0.0,0,0,4,0,7116,0.0,100,0.0,0.0,0.0,0.0,0.0,0,0,0,0,0.0,0,0,0,0,0,0,0,0,0,0,0,0,0,0,0,0,0,0,0,0,0,0,0,0,0,0,0,0,0,0,0,0,0,31,40,40,71,65476,0,300,0,0,8,21553,0.0,-107605600.0,0.0,0.0,0.0,0.0,0.0,0.0,0.0,0.0,0.0,0.0,0.0,0.0,0.0,0.0,0.0,0.0,0.0,0.0,0.0,0.0,-2.004,2.004,-0.0,2.004,0.0,0.0,0.0,0.0,4467.0,-1.0406632763589053e+34,6943.0,0.0,0.0,-0.0,0.0,0.0,0.0,0.0,0.0,69,-4.0668816144241325e+29,0.0,0.0,0.0,0.0,0.0,0.0,0.0,0.0,0,0,0,0.0,0.0,0.0,0.0,0.0,0.0,0.0,0.0,0.0,0.0,0.0,0.0,0.0,0.0,0.0,0.0,0,-107875648.0,69,0.0,138,0.0,2.6474835549302285e+23,0,39322,17086,0,17103,0,17082,0,0,0,70,68,100,2.7302399002429377e+23,82.3,-0.0,78.2,2.7302388193790272e+23,79.0,1,49,50,180,0,52429,0,0,0.0,0.0,0.0,0.0,-0.0,67.0,0.0,162057.094,0.0,980,0,1009,0,0,0,953,0,1035,0,930,0,792,0,784,0,822,0,7520,0.032,1.6025608914035173e+20,0.0,0.0,784,16797,-0.0,162057.094,-114818.039,-0.0,0.133,6.909358625270745e+28,30.0,70.0,35,0.0,0.0,0.0,0.0,0.0,0.0,0.0,0.0,0.0,0.0,0.0,0.0,0.0,0.0,0.0,0.0,66.0,0,150,71,52,65476,0,300,0,0,8,20529,65476,0,0,44564,70.0,0.0,0.0,0.0,0.0,0.0
2026-09-10T21:20:55,ERR,ERR,ERR,ERR,ERR,ERR,ERR,ERR,ERR,ERR,ERR,ERR,ERR,ERR,ERR,ERR,ERR,ERR,ERR,ERR,ERR,ERR,ERR,ERR,ERR,ERR,ERR,ERR,ERR,ERR,ERR,ERR,ERR,ERR,ERR,ERR,ERR,ERR,ERR,ERR,ERR,ERR,ERR,ERR,ERR,ERR,ERR,ERR,ERR,ERR,ERR,ERR,ERR,ERR,ERR,ERR,ERR,ERR,ERR,ERR,ERR,ERR,ERR,ERR,ERR,ERR,ERR,ERR,ERR,ERR,ERR,ERR,ERR,ERR,ERR,ERR,ERR,ERR,ERR,ERR,ERR,ERR,ERR,ERR,ERR,ERR,ERR,ERR,ERR,ERR,ERR,ERR,ERR,ERR,ERR,ERR,ERR,ERR,ERR,ERR,ERR,ERR,ERR,ERR,ERR,ERR,ERR,ERR,ERR,ERR,ERR,ERR,ERR,ERR,ERR,ERR,ERR,ERR,ERR,ERR,ERR,ERR,ERR,ERR,ERR,0.0,0.0,2.6474835549302285e+23,0.0,0.0,1.3936040501711995e+18,7.805,0.0,0,0,4,0,7116,0.0,100,0.0,0.0,0.0,0.0,0.0,0,0,0,0,0.0,0,0,0,0,0,0,0,0,0,0,0,0,0,0,0,0,0,0,0,0,0,0,0,0,0,0,0,0,0,0,0,0,0,31,40,40,71,65476,0,300,0,0,8,21553,0.0,-107605600.0,0.0,0.0,0.0,0.0,0.0,0.0,0.0,0.0,0.0,0.0,0.0,0.0,0.0,0.0,0.0,0.0,0.0,0.0,0.0,0.0,-2.004,2.004,-0.0,2.004,0.0,0.0,0.0,0.0,4467.0,-1.0406632763589053e+34,6943.0,0.0,0.0,-0.0,0.0,0.0,0.0,0.0,0.0,69,-4.0668816144241325e+29,0.0,0.0,0.0,0.0,0.0,0.0,0.0,0.0,0,0,0,0.0,0.0,0.0,0.0,0.0,0.0,0.0,0.0,0.0,0.0,0.0,0.0,0.0,0.0,0.0,0.0,0,-107875648.0,69,0.0,138,0.0,2.6474835549302285e+23,0,39322,17086,0,17103,0,17082,0,0,0,70,68,100,2.7302399002429377e+23,82.3,-0.0,78.2,2.7302388193790272e+23,79.0,1,49,50,180,0,52429,0,0,0.0,0.0,0.0,0.0,-0.0,67.0,0.0,162057.094,0.0,980,0,1009,0,0,0,953,0,1035,0,930,0,792,0,784,0,822,0,7520,0.032,1.6025608914035173e+20,0.0,0.0,784,16797,-0.0,162057.094,-114818.039,-0.0,0.133,6.909358625270745e+28,30.0,70.0,35,0.0,0.0,0.0,0.0,0.0,0.0,0.0,0.0,0.0,0.0,0.0,0.0,0.0,0.0,0.0,0.0,66.0,0,150,71,52,65476,0,300,0,0,8,20529,65476,0,0,44564,70.0,0.0,0.0,0.0,0.0,0.0
2026-09-10T21:20:56,ERR,ERR,ERR,ERR,ERR,ERR,ERR,ERR,ERR,ERR,ERR,ERR,ERR,ERR,ERR,ERR,ERR,ERR,ERR,ERR,ERR,ERR,ERR,ERR,ERR,ERR,ERR,ERR,ERR,ERR,ERR,ERR,ERR,ERR,ERR,ERR,ERR,ERR,ERR,ERR,ERR,ERR,ERR,ERR,ERR,ERR,ERR,ERR,ERR,ERR,ERR,ERR,ERR,ERR,ERR,ERR,ERR,ERR,ERR,ERR,ERR,ERR,ERR,ERR,ERR,ERR,ERR,ERR,ERR,ERR,ERR,ERR,ERR,ERR,ERR,ERR,ERR,ERR,ERR,ERR,ERR,ERR,ERR,ERR,ERR,ERR,ERR,ERR,ERR,ERR,ERR,ERR,ERR,ERR,ERR,ERR,ERR,ERR,ERR,ERR,ERR,ERR,ERR,ERR,ERR,ERR,ERR,ERR,ERR,ERR,ERR,ERR,ERR,ERR,ERR,ERR,ERR,ERR,ERR,ERR,ERR,ERR,ERR,ERR,ERR,0.0,0.0,2.6474835549302285e+23,0.0,0.0,1.3936040501711995e+18,7.805,0.0,0,0,4,0,7116,0.0,100,0.0,0.0,0.0,0.0,0.0,0,0,0,0,0.0,0,0,0,0,0,0,0,0,0,0,0,0,0,0,0,0,0,0,0,0,0,0,0,0,0,0,0,0,0,0,0,0,0,31,40,40,71,65476,0,300,0,0,8,21553,0.0,-107605600.0,0.0,0.0,0.0,0.0,0.0,0.0,0.0,0.0,0.0,0.0,0.0,0.0,0.0,0.0,0.0,0.0,0.0,0.0,0.0,0.0,-2.004,2.004,-0.0,2.004,0.0,0.0,0.0,0.0,4467.0,-1.0406632763589053e+34,6943.0,0.0,0.0,-0.0,0.0,0.0,0.0,0.0,0.0,69,-4.0668816144241325e+29,0.0,0.0,0.0,0.0,0.0,0.0,0.0,0.0,0,0,0,0.0,0.0,0.0,0.0,0.0,0.0,0.0,0.0,0.0,0.0,0.0,0.0,0.0,0.0,0.0,0.0,0,-107875648.0,69,0.0,138,0.0,2.6474835549302285e+23,0,39322,17086,0,17103,0,17082,0,0,0,70,68,100,2.7302399002429377e+23,82.3,-0.0,78.2,2.7302388193790272e+23,79.0,1,49,50,180,0,52429,0,0,0.0,0.0,0.0,0.0,-0.0,67.0,0.0,162057.094,0.0,980,0,1009,0,0,0,953,0,1035,0,930,0,792,0,784,0,822,0,7520,0.032,1.6025608914035173e+20,0.0,0.0,784,16797,-0.0,162057.094,-114818.039,-0.0,0.133,6.909358625270745e+28,30.0,70.0,35,0.0,0.0,0.0,0.0,0.0,0.0,0.0,0.0,0.0,0.0,0.0,0.0,0.0,0.0,0.0,0.0,66.0,0,150,71,52,65476,0,300,0,0,8,20529,65476,0,0,44564,70.0,0.0,0.0,0.0,0.0,0.0
2026-09-10T21:20:57,ERR,ERR,ERR,ERR,ERR,ERR,ERR,ERR,ERR,ERR,ERR,ERR,ERR,ERR,ERR,ERR,ERR,ERR,ERR,ERR,ERR,ERR,ERR,ERR,ERR,ERR,ERR,ERR,ERR,ERR,ERR,ERR,ERR,ERR,ERR,ERR,ERR,ERR,ERR,ERR,ERR,ERR,ERR,ERR,ERR,ERR,ERR,ERR,ERR,ERR,ERR,ERR,ERR,ERR,ERR,ERR,ERR,ERR,ERR,ERR,ERR,ERR,ERR,ERR,ERR,ERR,ERR,ERR,ERR,ERR,ERR,ERR,ERR,ERR,ERR,ERR,ERR,ERR,ERR,ERR,ERR,ERR,ERR,ERR,ERR,ERR,ERR,ERR,ERR,ERR,ERR,ERR,ERR,ERR,ERR,ERR,ERR,ERR,ERR,ERR,ERR,ERR,ERR,ERR,ERR,ERR,ERR,ERR,ERR,ERR,ERR,ERR,ERR,ERR,ERR,ERR,ERR,ERR,ERR,ERR,ERR,ERR,ERR,ERR,ERR,0.0,0.0,2.6474835549302285e+23,0.0,0.0,1.3936040501711995e+18,7.805,0.0,0,0,4,0,7116,0.0,100,0.0,0.0,0.0,0.0,0.0,0,0,0,0,0.0,0,0,0,0,0,0,0,0,0,0,0,0,0,0,0,0,0,0,0,0,0,0,0,0,0,0,0,0,0,0,0,0,0,31,40,40,71,65476,0,300,0,0,8,21553,0.0,-107605600.0,0.0,0.0,0.0,0.0,0.0,0.0,0.0,0.0,0.0,0.0,0.0,0.0,0.0,0.0,0.0,0.0,0.0,0.0,0.0,0.0,-2.004,2.004,-0.0,2.004,0.0,0.0,0.0,0.0,4467.0,-1.0406632763589053e+34,6943.0,0.0,0.0,-0.0,0.0,0.0,0.0,0.0,0.0,69,-4.0668816144241325e+29,0.0,0.0,0.0,0.0,0.0,0.0,0.0,0.0,0,0,0,0.0,0.0,0.0,0.0,0.0,0.0,0.0,0.0,0.0,0.0,0.0,0.0,0.0,0.0,0.0,0.0,0,-107875648.0,69,0.0,138,0.0,2.6474835549302285e+23,0,39322,17086,0,17103,0,17082,0,0,0,70,68,100,2.7302399002429377e+23,82.3,-0.0,78.2,2.7302388193790272e+23,79.0,1,49,50,180,0,52429,0,0,0.0,0.0,0.0,0.0,-0.0,67.0,0.0,162057.094,0.0,980,0,1009,0,0,0,953,0,1035,0,930,0,792,0,784,0,822,0,7520,0.032,1.6025608914035173e+20,0.0,0.0,784,16797,-0.0,162057.094,-114818.039,-0.0,0.133,6.909358625270745e+28,30.0,70.0,35,0.0,0.0,0.0,0.0,0.0,0.0,0.0,0.0,0.0,0.0,0.0,0.0,0.0,0.0,0.0,0.0,66.0,0,150,71,52,65476,0,300,0,0,8,20529,65476,0,0,44564,70.0,0.0,0.0,0.0,0.0,0.0
2026-09-10T21:20:58,ERR,ERR,ERR,ERR,ERR,ERR,ERR,ERR,ERR,ERR,ERR,ERR,ERR,ERR,ERR,ERR,ERR,ERR,ERR,ERR,ERR,ERR,ERR,ERR,ERR,ERR,ERR,ERR,ERR,ERR,ERR,ERR,ERR,ERR,ERR,ERR,ERR,ERR,ERR,ERR,ERR,ERR,ERR,ERR,ERR,ERR,ERR,ERR,ERR,ERR,ERR,ERR,ERR,ERR,ERR,ERR,ERR,ERR,ERR,ERR,ERR,ERR,ERR,ERR,ERR,ERR,ERR,ERR,ERR,ERR,ERR,ERR,ERR,ERR,ERR,ERR,ERR,ERR,ERR,ERR,ERR,ERR,ERR,ERR,ERR,ERR,ERR,ERR,ERR,ERR,ERR,ERR,ERR,ERR,ERR,ERR,ERR,ERR,ERR,ERR,ERR,ERR,ERR,ERR,ERR,ERR,ERR,ERR,ERR,ERR,ERR,ERR,ERR,ERR,ERR,ERR,ERR,ERR,ERR,ERR,ERR,ERR,ERR,ERR,ERR,0.0,0.0,2.6474835549302285e+23,0.0,0.0,1.3936040501711995e+18,7.805,0.0,0,0,4,0,7116,0.0,100,0.0,0.0,0.0,0.0,0.0,0,0,0,0,0.0,0,0,0,0,0,0,0,0,0,0,0,0,0,0,0,0,0,0,0,0,0,0,0,0,0,0,0,0,0,0,0,0,0,31,40,40,71,65476,0,300,0,0,8,21553,0.0,-107605600.0,0.0,0.0,0.0,0.0,0.0,0.0,0.0,0.0,0.0,0.0,0.0,0.0,0.0,0.0,0.0,0.0,0.0,0.0,0.0,0.0,-2.004,2.004,-0.0,2.004,0.0,0.0,0.0,0.0,4467.0,-1.0406632763589053e+34,6943.0,0.0,0.0,-0.0,0.0,0.0,0.0,0.0,0.0,69,-4.0668816144241325e+29,0.0,0.0,0.0,0.0,0.0,0.0,0.0,0.0,0,0,0,0.0,0.0,0.0,0.0,0.0,0.0,0.0,0.0,0.0,0.0,0.0,0.0,0.0,0.0,0.0,0.0,0,-107875648.0,69,0.0,138,0.0,2.6474835549302285e+23,0,39322,17086,52429,17102,13107,17082,0,0,0,70,68,100,2.7302399002429377e+23,82.4,-107615456.0,78.2,2.7302388193790272e+23,79.0,1,49,50,180,0,52429,0,0,0.0,0.0,0.0,0.0,-0.0,67.0,0.0,162057.094,0.0,980,0,1009,0,0,0,953,0,1034,0,931,0,792,0,784,0,822,0,7520,0.032,1.9484373427855714e+20,0.0,0.0,784,16797,-0.0,162057.094,-114818.039,-0.0,0.133,6.909358625270745e+28,30.0,70.0,35,0.0,0.0,0.0,0.0,0.0,0.0,0.0,0.0,0.0,0.0,0.0,0.0,0.0,0.0,0.0,0.0,66.0,0,150,71,52,65476,0,300,0,0,8,20529,65476,0,0,44564,70.0,0.0,0.0,0.0,0.0,0.0
2026-09-10T21:20:59,ERR,ERR,ERR,ERR,ERR,ERR,ERR,ERR,ERR,ERR,ERR,ERR,ERR,ERR,ERR,ERR,ERR,ERR,ERR,ERR,ERR,ERR,ERR,ERR,ERR,ERR,ERR,ERR,ERR,ERR,ERR,ERR,ERR,ERR,ERR,ERR,ERR,ERR,ERR,ERR,ERR,ERR,ERR,ERR,ERR,ERR,ERR,ERR,ERR,ERR,ERR,ERR,ERR,ERR,ERR,ERR,ERR,ERR,ERR,ERR,ERR,ERR,ERR,ERR,ERR,ERR,ERR,ERR,ERR,ERR,ERR,ERR,ERR,ERR,ERR,ERR,ERR,ERR,ERR,ERR,ERR,ERR,ERR,ERR,ERR,ERR,ERR,ERR,ERR,ERR,ERR,ERR,ERR,ERR,ERR,ERR,ERR,ERR,ERR,ERR,ERR,ERR,ERR,ERR,ERR,ERR,ERR,ERR,ERR,ERR,ERR,ERR,ERR,ERR,ERR,ERR,ERR,ERR,ERR,ERR,ERR,ERR,ERR,ERR,ERR,0.0,0.0,2.6474835549302285e+23,0.0,0.0,1.3936040501711995e+18,7.805,0.0,0,0,4,0,7116,0.0,100,0.0,0.0,0.0,0.0,0.0,0,0,0,0,0.0,0,0,0,0,0,0,0,0,0,0,0,0,0,0,0,0,0,0,0,0,0,0,0,0,0,0,0,0,0,0,0,0,0,31,40,40,71,65476,0,300,0,0,8,21553,0.0,-107605600.0,0.0,0.0,0.0,0.0,0.0,0.0,0.0,0.0,0.0,0.0,0.0,0.0,0.0,0.0,0.0,0.0,0.0,0.0,0.0,0.0,-2.004,2.004,-0.0,2.004,0.0,0.0,0.0,0.0,4467.0,-1.0406632763589053e+34,6943.0,0.0,0.0,-0.0,0.0,0.0,0.0,0.0,0.0,69,-4.0668816144241325e+29,0.0,0.0,0.0,0.0,0.0,0.0,0.0,0.0,0,0,0,0.0,0.0,0.0,0.0,0.0,0.0,0.0,0.0,0.0,0.0,0.0,0.0,0.0,0.0,0.0,0.0,0,-107875648.0,69,0.0,138,0.0,2.6474835549302285e+23,0,39322,17086,52429,17102,13107,17082,0,0,0,70,68,100,2.7302399002429377e+23,82.4,-107615456.0,78.2,2.7302388193790272e+23,79.0,1,49,50,180,0,52429,0,0,0.0,0.0,0.0,0.0,-0.0,67.0,0.0,162057.094,0.0,980,0,1009,0,0,0,953,0,1034,0,931,0,792,0,784,0,822,0,7520,0.032,1.9484373427855714e+20,0.0,0.0,784,16797,-0.0,162057.094,-114818.039,-0.0,0.133,6.909358625270745e+28,30.0,70.0,35,0.0,0.0,0.0,0.0,0.0,0.0,0.0,0.0,0.0,0.0,0.0,0.0,0.0,0.0,0.0,0.0,66.0,0,150,71,52,65476,0,300,0,0,8,20529,65476,0,0,44564,70.0,0.0,0.0,0.0,0.0,0.0
2026-09-10T21:21:00,ERR,ERR,ERR,ERR,ERR,ERR,ERR,ERR,ERR,ERR,ERR,ERR,ERR,ERR,ERR,ERR,ERR,ERR,ERR,ERR,ERR,ERR,ERR,ERR,ERR,ERR,ERR,ERR,ERR,ERR,ERR,ERR,ERR,ERR,ERR,ERR,ERR,ERR,ERR,ERR,ERR,ERR,ERR,ERR,ERR,ERR,ERR,ERR,ERR,ERR,ERR,ERR,ERR,ERR,ERR,ERR,ERR,ERR,ERR,ERR,ERR,ERR,ERR,ERR,ERR,ERR,ERR,ERR,ERR,ERR,ERR,ERR,ERR,ERR,ERR,ERR,ERR,ERR,ERR,ERR,ERR,ERR,ERR,ERR,ERR,ERR,ERR,ERR,ERR,ERR,ERR,ERR,ERR,ERR,ERR,ERR,ERR,ERR,ERR,ERR,ERR,ERR,ERR,ERR,ERR,ERR,ERR,ERR,ERR,ERR,ERR,ERR,ERR,ERR,ERR,ERR,ERR,ERR,ERR,ERR,ERR,ERR,ERR,ERR,ERR,0.0,0.0,2.6474835549302285e+23,0.0,0.0,1.3936040501711995e+18,7.805,0.0,0,0,4,0,7116,0.0,100,0.0,0.0,0.0,0.0,0.0,0,0,0,0,0.0,0,0,0,0,0,0,0,0,0,0,0,0,0,0,0,0,0,0,0,0,0,0,0,0,0,0,0,0,0,0,0,0,0,31,40,40,71,65476,0,300,0,0,8,21553,0.0,-107605600.0,0.0,0.0,0.0,0.0,0.0,0.0,0.0,0.0,0.0,0.0,0.0,0.0,0.0,0.0,0.0,0.0,0.0,0.0,0.0,0.0,-2.004,2.004,-0.0,2.004,0.0,0.0,0.0,0.0,4467.0,-1.0406632763589053e+34,6943.0,0.0,0.0,-0.0,0.0,0.0,0.0,0.0,0.0,69,-4.0668816144241325e+29,0.0,0.0,0.0,0.0,0.0,0.0,0.0,0.0,0,0,0,0.0,0.0,0.0,0.0,0.0,0.0,0.0,0.0,0.0,0.0,0.0,0.0,0.0,0.0,0.0,0.0,0,-107875648.0,69,0.0,138,0.0,2.6474835549302285e+23,0,39322,17086,52429,17102,13107,17082,0,0,0,70,68,100,2.7302399002429377e+23,82.4,-107615456.0,78.2,2.7302388193790272e+23,79.0,1,49,50,180,0,52429,0,0,0.0,0.0,0.0,0.0,-0.0,67.0,0.0,162057.094,0.0,980,0,1009,0,0,0,953,0,1034,0,931,0,792,0,784,0,822,0,7520,0.032,1.9484373427855714e+20,0.0,0.0,784,16797,-0.0,162057.094,-114818.039,-0.0,0.133,6.909358625270745e+28,30.0,70.0,35,0.0,0.0,0.0,0.0,0.0,0.0,0.0,0.0,0.0,0.0,0.0,0.0,0.0,0.0,0.0,0.0,66.0,0,150,71,52,65476,0,300,0,0,8,20529,65476,0,0,44564,70.0,0.0,0.0,0.0,0.0,0.0
2026-09-10T21:21:01,ERR,ERR,ERR,ERR,ERR,ERR,ERR,ERR,ERR,ERR,ERR,ERR,ERR,ERR,ERR,ERR,ERR,ERR,ERR,ERR,ERR,ERR,ERR,ERR,ERR,ERR,ERR,ERR,ERR,ERR,ERR,ERR,ERR,ERR,ERR,ERR,ERR,ERR,ERR,ERR,ERR,ERR,ERR,ERR,ERR,ERR,ERR,ERR,ERR,ERR,ERR,ERR,ERR,ERR,ERR,ERR,ERR,ERR,ERR,ERR,ERR,ERR,ERR,ERR,ERR,ERR,ERR,ERR,ERR,ERR,ERR,ERR,ERR,ERR,ERR,ERR,ERR,ERR,ERR,ERR,ERR,ERR,ERR,ERR,ERR,ERR,ERR,ERR,ERR,ERR,ERR,ERR,ERR,ERR,ERR,ERR,ERR,ERR,ERR,ERR,ERR,ERR,ERR,ERR,ERR,ERR,ERR,ERR,ERR,ERR,ERR,ERR,ERR,ERR,ERR,ERR,ERR,ERR,ERR,ERR,ERR,ERR,ERR,ERR,ERR,0.0,0.0,2.6474835549302285e+23,0.0,0.0,1.3936040501711995e+18,7.805,0.0,0,0,4,0,7116,0.0,100,0.0,0.0,0.0,0.0,0.0,0,0,0,0,0.0,0,0,0,0,0,0,0,0,0,0,0,0,0,0,0,0,0,0,0,0,0,0,0,0,0,0,0,0,0,0,0,0,0,31,40,40,71,65476,0,300,0,0,8,21553,0.0,-107605600.0,0.0,0.0,0.0,0.0,0.0,0.0,0.0,0.0,0.0,0.0,0.0,0.0,0.0,0.0,0.0,0.0,0.0,0.0,0.0,0.0,-2.004,2.004,-2.004,2.004,0.0,0.0,0.0,0.0,4466.0,-2.4229830046158873e+24,6941.0,0.0,0.0,-0.0,0.0,0.0,0.0,0.0,0.0,69,-2.3088410695593833e+20,0.0,0.0,0.0,0.0,0.0,0.0,0.0,0.0,0,0,0,0.0,0.0,0.0,0.0,0.0,0.0,0.0,0.0,0.0,0.0,0.0,0.0,0.0,0.0,0.0,0.0,0,-107875648.0,69,0.0,138,0.0,0.0,0,39322,17086,52429,17102,13107,17082,0,0,0,70,68,100,2.7302399002429377e+23,82.4,-107615456.0,78.2,2.7302388193790272e+23,79.0,1,49,50,180,0,52429,0,0,0.0,0.0,0.0,0.0,-0.0,67.0,0.0,162057.094,0.0,980,0,1009,0,0,0,953,0,1034,0,931,0,792,0,784,0,822,0,7520,0.032,1.9484373427855714e+20,0.0,0.0,784,16797,-0.0,162057.094,-114818.039,-0.0,0.133,6.909358625270745e+28,30.0,70.0,35,0.0,0.0,0.0,0.0,0.0,0.0,0.0,0.0,0.0,0.0,0.0,0.0,0.0,0.0,0.0,0.0,66.0,0,150,71,52,65476,0,300,0,0,8,20529,65476,0,0,44564,70.0,0.0,0.0,0.0,0.0,0.0
2026-09-10T21:21:02,ERR,ERR,ERR,ERR,ERR,ERR,ERR,ERR,ERR,ERR,ERR,ERR,ERR,ERR,ERR,ERR,ERR,ERR,ERR,ERR,ERR,ERR,ERR,ERR,ERR,ERR,ERR,ERR,ERR,ERR,ERR,ERR,ERR,ERR,ERR,ERR,ERR,ERR,ERR,ERR,ERR,ERR,ERR,ERR,ERR,ERR,ERR,ERR,ERR,ERR,ERR,ERR,ERR,ERR,ERR,ERR,ERR,ERR,ERR,ERR,ERR,ERR,ERR,ERR,ERR,ERR,ERR,ERR,ERR,ERR,ERR,ERR,ERR,ERR,ERR,ERR,ERR,ERR,ERR,ERR,ERR,ERR,ERR,ERR,ERR,ERR,ERR,ERR,ERR,ERR,ERR,ERR,ERR,ERR,ERR,ERR,ERR,ERR,ERR,ERR,ERR,ERR,ERR,ERR,ERR,ERR,ERR,ERR,ERR,ERR,ERR,ERR,ERR,ERR,ERR,ERR,ERR,ERR,ERR,ERR,ERR,ERR,ERR,ERR,ERR,0.0,0.0,2.6474835549302285e+23,0.0,0.0,1.3936040501711995e+18,7.805,0.0,0,0,4,0,7116,0.0,100,0.0,0.0,0.0,0.0,0.0,0,0,0,0,0.0,0,0,0,0,0,0,0,0,0,0,0,0,0,0,0,0,0,0,0,0,0,0,0,0,0,0,0,0,0,0,0,0,0,31,40,40,71,65476,0,300,0,0,8,21553,0.0,-107605600.0,0.0,0.0,0.0,0.0,0.0,0.0,0.0,0.0,0.0,0.0,0.0,0.0,0.0,0.0,0.0,0.0,0.0,0.0,0.0,0.0,-2.004,2.004,-2.004,2.004,0.0,0.0,0.0,0.0,4466.0,-2.4229830046158873e+24,6941.0,0.0,0.0,-0.0,0.0,0.0,0.0,0.0,0.0,69,-2.3088410695593833e+20,0.0,0.0,0.0,0.0,0.0,0.0,0.0,0.0,0,0,0,0.0,0.0,0.0,0.0,0.0,0.0,0.0,0.0,0.0,0.0,0.0,0.0,0.0,0.0,0.0,0.0,0,-107875648.0,69,0.0,138,0.0,0.0,0,39322,17086,52429,17102,13107,17082,0,0,0,70,68,100,2.7302399002429377e+23,82.4,-107615456.0,78.2,2.7302388193790272e+23,79.0,1,49,50,180,0,52429,0,0,0.0,0.0,0.0,0.0,-0.0,67.0,0.0,162057.094,0.0,980,0,1009,0,0,0,953,0,1034,0,931,0,792,0,784,0,822,0,7520,0.032,1.9484373427855714e+20,0.0,0.0,784,16797,-0.0,162057.094,-114818.039,-0.0,0.133,6.909358625270745e+28,30.0,70.0,35,0.0,0.0,0.0,0.0,0.0,0.0,0.0,0.0,0.0,0.0,0.0,0.0,0.0,0.0,0.0,0.0,66.0,0,150,71,52,65476,0,300,0,0,8,20529,65476,0,0,44564,70.0,0.0,0.0,0.0,0.0,0.0
2026-09-10T21:21:03,ERR,ERR,ERR,ERR,ERR,ERR,ERR,ERR,ERR,ERR,ERR,ERR,ERR,ERR,ERR,ERR,ERR,ERR,ERR,ERR,ERR,ERR,ERR,ERR,ERR,ERR,ERR,ERR,ERR,ERR,ERR,ERR,ERR,ERR,ERR,ERR,ERR,ERR,ERR,ERR,ERR,ERR,ERR,ERR,ERR,ERR,ERR,ERR,ERR,ERR,ERR,ERR,ERR,ERR,ERR,ERR,ERR,ERR,ERR,ERR,ERR,ERR,ERR,ERR,ERR,ERR,ERR,ERR,ERR,ERR,ERR,ERR,ERR,ERR,ERR,ERR,ERR,ERR,ERR,ERR,ERR,ERR,ERR,ERR,ERR,ERR,ERR,ERR,ERR,ERR,ERR,ERR,ERR,ERR,ERR,ERR,ERR,ERR,ERR,ERR,ERR,ERR,ERR,ERR,ERR,ERR,ERR,ERR,ERR,ERR,ERR,ERR,ERR,ERR,ERR,ERR,ERR,ERR,ERR,ERR,ERR,ERR,ERR,ERR,ERR,0.0,0.0,2.6474835549302285e+23,0.0,0.0,1.3936040501711995e+18,7.805,0.0,0,0,4,0,7116,0.0,100,0.0,0.0,0.0,0.0,0.0,0,0,0,0,0.0,0,0,0,0,0,0,0,0,0,0,0,0,0,0,0,0,0,0,0,0,0,0,0,0,0,0,0,0,0,0,0,0,0,31,40,40,71,65476,0,300,0,0,8,21553,0.0,-107605600.0,0.0,0.0,0.0,0.0,0.0,0.0,0.0,0.0,0.0,0.0,0.0,0.0,0.0,0.0,0.0,0.0,0.0,0.0,0.0,0.0,-2.004,2.004,-2.004,2.004,0.0,0.0,0.0,0.0,4466.0,-2.4229830046158873e+24,6941.0,0.0,0.0,-0.0,0.0,0.0,0.0,0.0,0.0,69,-2.3088410695593833e+20,0.0,0.0,0.0,0.0,0.0,0.0,0.0,0.0,0,0,0,0.0,0.0,0.0,0.0,0.0,0.0,0.0,0.0,0.0,0.0,0.0,0.0,0.0,0.0,0.0,0.0,0,-107875648.0,69,0.0,138,0.0,0.0,0,39322,17086,52429,17102,13107,17082,0,0,0,70,68,100,2.7302399002429377e+23,82.4,-107615456.0,78.2,2.7302388193790272e+23,79.0,1,49,50,180,0,52429,0,0,0.0,0.0,0.0,0.0,-0.0,67.0,0.0,162057.094,0.0,980,0,1009,0,0,0,953,0,1034,0,931,0,792,0,784,0,822,0,7520,0.032,1.9484373427855714e+20,0.0,0.0,784,16797,-0.0,162057.094,-114818.039,-0.0,0.133,6.909358625270745e+28,30.0,70.0,35,0.0,0.0,0.0,0.0,0.0,0.0,0.0,0.0,0.0,0.0,0.0,0.0,0.0,0.0,0.0,0.0,66.0,0,150,71,52,65476,0,300,0,0,8,20529,65476,0,0,44564,70.0,0.0,0.0,0.0,0.0,0.0
2026-09-10T21:21:04,ERR,ERR,ERR,ERR,ERR,ERR,ERR,ERR,ERR,ERR,ERR,ERR,ERR,ERR,ERR,ERR,ERR,ERR,ERR,ERR,ERR,ERR,ERR,ERR,ERR,ERR,ERR,ERR,ERR,ERR,ERR,ERR,ERR,ERR,ERR,ERR,ERR,ERR,ERR,ERR,ERR,ERR,ERR,ERR,ERR,ERR,ERR,ERR,ERR,ERR,ERR,ERR,ERR,ERR,ERR,ERR,ERR,ERR,ERR,ERR,ERR,ERR,ERR,ERR,ERR,ERR,ERR,ERR,ERR,ERR,ERR,ERR,ERR,ERR,ERR,ERR,ERR,ERR,ERR,ERR,ERR,ERR,ERR,ERR,ERR,ERR,ERR,ERR,ERR,ERR,ERR,ERR,ERR,ERR,ERR,ERR,ERR,ERR,ERR,ERR,ERR,ERR,ERR,ERR,ERR,ERR,ERR,ERR,ERR,ERR,ERR,ERR,ERR,ERR,ERR,ERR,ERR,ERR,ERR,ERR,ERR,ERR,ERR,ERR,ERR,0.0,0.0,2.6474835549302285e+23,0.0,0.0,1.3936040501711995e+18,7.805,0.0,0,0,4,0,7116,0.0,100,0.0,0.0,0.0,0.0,0.0,0,0,0,0,0.0,0,0,0,0,0,0,0,0,0,0,0,0,0,0,0,0,0,0,0,0,0,0,0,0,0,0,0,0,0,0,0,0,0,31,40,40,71,65476,0,300,0,0,8,21553,0.0,-107605600.0,0.0,0.0,0.0,0.0,0.0,0.0,0.0,0.0,0.0,0.0,0.0,0.0,0.0,0.0,0.0,0.0,0.0,0.0,0.0,0.0,-2.004,2.004,-2.004,2.004,0.0,0.0,0.0,0.0,4466.0,-2.4229830046158873e+24,6941.0,0.0,0.0,-0.0,0.0,0.0,0.0,0.0,0.0,69,-2.3088410695593833e+20,0.0,0.0,0.0,0.0,0.0,0.0,0.0,0.0,0,0,0,0.0,0.0,0.0,0.0,0.0,0.0,0.0,0.0,0.0,0.0,0.0,0.0,0.0,0.0,0.0,0.0,0,-107875648.0,69,0.0,138,0.0,0.0,0,39322,17086,52429,17102,13107,17082,0,0,0,70,68,100,2.7302399002429377e+23,82.4,-107615456.0,78.2,2.7302388193790272e+23,79.0,1,49,50,180,0,52429,0,0,0.0,0.0,0.0,0.0,-0.0,67.0,0.0,162057.094,0.0,980,0,1009,0,0,0,954,0,1034,0,931,0,792,0,784,0,822,0,7520,0.032,1.5333856011271065e+20,0.0,0.0,784,16797,-0.0,162057.094,-114818.039,-0.0,0.133,6.909358625270745e+28,30.0,70.0,35,0.0,0.0,0.0,0.0,0.0,0.0,0.0,0.0,0.0,0.0,0.0,0.0,0.0,0.0,0.0,0.0,66.0,0,150,71,52,65476,0,300,0,0,8,20529,65476,0,0,44564,70.0,0.0,0.0,0.0,0.0,0.0
2026-09-10T21:21:05,ERR,ERR,ERR,ERR,ERR,ERR,ERR,ERR,ERR,ERR,ERR,ERR,ERR,ERR,ERR,ERR,ERR,ERR,ERR,ERR,ERR,ERR,ERR,ERR,ERR,ERR,ERR,ERR,ERR,ERR,ERR,ERR,ERR,ERR,ERR,ERR,ERR,ERR,ERR,ERR,ERR,ERR,ERR,ERR,ERR,ERR,ERR,ERR,ERR,ERR,ERR,ERR,ERR,ERR,ERR,ERR,ERR,ERR,ERR,ERR,ERR,ERR,ERR,ERR,ERR,ERR,ERR,ERR,ERR,ERR,ERR,ERR,ERR,ERR,ERR,ERR,ERR,ERR,ERR,ERR,ERR,ERR,ERR,ERR,ERR,ERR,ERR,ERR,ERR,ERR,ERR,ERR,ERR,ERR,ERR,ERR,ERR,ERR,ERR,ERR,ERR,ERR,ERR,ERR,ERR,ERR,ERR,ERR,ERR,ERR,ERR,ERR,ERR,ERR,ERR,ERR,ERR,ERR,ERR,ERR,ERR,ERR,ERR,ERR,ERR,0.0,0.0,2.6474835549302285e+23,0.0,0.0,1.3936040501711995e+18,7.805,0.0,0,0,4,0,7116,0.0,100,0.0,0.0,0.0,0.0,0.0,0,0,0,0,0.0,0,0,0,0,0,0,0,0,0,0,0,0,0,0,0,0,0,0,0,0,0,0,0,0,0,0,0,0,0,0,0,0,0,31,40,40,71,65476,0,300,0,0,8,21553,0.0,-107605600.0,0.0,0.0,0.0,0.0,0.0,0.0,0.0,0.0,0.0,0.0,0.0,0.0,0.0,0.0,0.0,0.0,0.0,0.0,0.0,0.0,-2.004,2.004,-2.004,2.004,0.0,0.0,0.0,0.0,4466.0,-2.4229830046158873e+24,6941.0,0.0,0.0,-0.0,0.0,0.0,0.0,0.0,0.0,69,-2.3088410695593833e+20,0.0,0.0,0.0,0.0,0.0,0.0,0.0,0.0,0,0,0,0.0,0.0,0.0,0.0,0.0,0.0,0.0,0.0,0.0,0.0,0.0,0.0,0.0,0.0,0.0,0.0,0,-107875648.0,69,0.0,138,0.0,0.0,0,39322,17086,52429,17102,13107,17082,0,0,0,70,68,100,2.7302399002429377e+23,82.4,-107615456.0,78.2,2.7302388193790272e+23,79.0,1,49,50,180,0,52429,0,0,0.0,0.0,0.0,0.0,-0.0,67.0,0.0,162057.094,0.0,980,0,1009,0,0,0,954,0,1034,0,931,0,792,0,784,0,822,0,7520,0.032,1.5333856011271065e+20,0.0,0.0,784,16797,-0.0,162057.094,-114818.039,-0.0,0.133,6.909358625270745e+28,30.0,70.0,35,0.0,0.0,0.0,0.0,0.0,0.0,0.0,0.0,0.0,0.0,0.0,0.0,0.0,0.0,0.0,0.0,66.4,0,150,71,52,65476,0,300,0,0,8,20529,65476,0,0,44564,70.0,0.0,0.0,0.0,0.0,0.0
2026-09-10T21:21:06,ERR,ERR,ERR,ERR,ERR,ERR,ERR,ERR,ERR,ERR,ERR,ERR,ERR,ERR,ERR,ERR,ERR,ERR,ERR,ERR,ERR,ERR,ERR,ERR,ERR,ERR,ERR,ERR,ERR,ERR,ERR,ERR,ERR,ERR,ERR,ERR,ERR,ERR,ERR,ERR,ERR,ERR,ERR,ERR,ERR,ERR,ERR,ERR,ERR,ERR,ERR,ERR,ERR,ERR,ERR,ERR,ERR,ERR,ERR,ERR,ERR,ERR,ERR,ERR,ERR,ERR,ERR,ERR,ERR,ERR,ERR,ERR,ERR,ERR,ERR,ERR,ERR,ERR,ERR,ERR,ERR,ERR,ERR,ERR,ERR,ERR,ERR,ERR,ERR,ERR,ERR,ERR,ERR,ERR,ERR,ERR,ERR,ERR,ERR,ERR,ERR,ERR,ERR,ERR,ERR,ERR,ERR,ERR,ERR,ERR,ERR,ERR,ERR,ERR,ERR,ERR,ERR,ERR,ERR,ERR,ERR,ERR,ERR,ERR,ERR,0.0,0.0,2.6474835549302285e+23,0.0,0.0,1.3936040501711995e+18,7.805,0.0,0,0,4,0,7116,0.0,100,0.0,0.0,0.0,0.0,0.0,0,0,0,0,0.0,0,0,0,0,0,0,0,0,0,0,0,0,0,0,0,0,0,0,0,0,0,0,0,0,0,0,0,0,0,0,0,0,0,31,40,40,71,65476,0,300,0,0,8,21553,0.0,-107605600.0,0.0,0.0,0.0,0.0,0.0,0.0,0.0,0.0,0.0,0.0,0.0,0.0,0.0,0.0,0.0,0.0,0.0,0.0,0.0,0.0,-2.004,2.004,-2.004,2.004,0.0,0.0,0.0,0.0,4466.0,-2.4229830046158873e+24,6941.0,0.0,0.0,-0.0,0.0,0.0,0.0,0.0,0.0,69,-2.3088410695593833e+20,0.0,0.0,0.0,0.0,0.0,0.0,0.0,0.0,0,0,0,0.0,0.0,0.0,0.0,0.0,0.0,0.0,0.0,0.0,0.0,0.0,0.0,0.0,0.0,0.0,0.0,0,-107875648.0,69,0.0,138,0.0,0.0,0,39322,17086,52429,17102,13107,17082,0,0,0,70,68,100,2.7302399002429377e+23,82.4,-107615456.0,78.2,2.7302388193790272e+23,79.0,1,49,50,180,0,52429,0,0,0.0,0.0,0.0,0.0,-0.0,67.0,0.0,162057.094,0.0,980,0,1009,0,0,0,954,0,1034,0,931,0,792,0,784,0,822,0,7520,0.032,1.5333856011271065e+20,0.0,0.0,784,16797,-0.0,162057.094,-114818.039,-0.0,0.133,6.909358625270745e+28,30.0,70.0,35,0.0,0.0,0.0,0.0,0.0,0.0,0.0,0.0,0.0,0.0,0.0,0.0,0.0,0.0,0.0,0.0,66.0,0,150,71,52,65476,0,300,0,0,8,20529,65476,0,0,44564,70.0,0.0,0.0,0.0,0.0,0.0
2026-09-10T21:21:07,ERR,ERR,ERR,ERR,ERR,ERR,ERR,ERR,ERR,ERR,ERR,ERR,ERR,ERR,ERR,ERR,ERR,ERR,ERR,ERR,ERR,ERR,ERR,ERR,ERR,ERR,ERR,ERR,ERR,ERR,ERR,ERR,ERR,ERR,ERR,ERR,ERR,ERR,ERR,ERR,ERR,ERR,ERR,ERR,ERR,ERR,ERR,ERR,ERR,ERR,ERR,ERR,ERR,ERR,ERR,ERR,ERR,ERR,ERR,ERR,ERR,ERR,ERR,ERR,ERR,ERR,ERR,ERR,ERR,ERR,ERR,ERR,ERR,ERR,ERR,ERR,ERR,ERR,ERR,ERR,ERR,ERR,ERR,ERR,ERR,ERR,ERR,ERR,ERR,ERR,ERR,ERR,ERR,ERR,ERR,ERR,ERR,ERR,ERR,ERR,ERR,ERR,ERR,ERR,ERR,ERR,ERR,ERR,ERR,ERR,ERR,ERR,ERR,ERR,ERR,ERR,ERR,ERR,ERR,ERR,ERR,ERR,ERR,ERR,ERR,0.0,0.0,2.6474835549302285e+23,0.0,0.0,1.3936040501711995e+18,7.805,0.0,0,0,4,0,7116,0.0,100,0.0,0.0,0.0,0.0,0.0,0,0,0,0,0.0,0,0,0,0,0,0,0,0,0,0,0,0,0,0,0,0,0,0,0,0,0,0,0,0,0,0,0,0,0,0,0,0,0,31,40,40,71,65476,0,300,0,0,8,21553,0.0,-107605600.0,0.0,0.0,0.0,0.0,0.0,0.0,0.0,0.0,0.0,0.0,0.0,0.0,0.0,0.0,0.0,0.0,0.0,0.0,0.0,0.0,-0.0,2.004,-2.004,2.004,0.0,0.0,0.0,0.0,4470.0,-2.4229830046158873e+24,6941.0,0.0,0.0,0.0,0.0,0.0,0.0,0.0,0.0,69,0.0,0.0,0.0,0.0,0.0,0.0,0.0,0.0,0.0,0,0,0,0.0,0.0,0.0,0.0,0.0,0.0,0.0,0.0,0.0,0.0,0.0,0.0,0.0,0.0,0.0,0.0,0,-107875648.0,69,0.0,138,0.0,0.0,0,39322,17086,52429,17102,13107,17082,0,0,0,70,68,100,2.7302399002429377e+23,82.4,-107615456.0,78.2,0.0,79.0,1,49,50,180,0,52429,0,0,0.0,0.0,0.0,0.0,-0.0,67.0,0.0,162057.094,0.0,980,0,1009,0,0,0,953,0,1034,0,931,0,792,0,784,0,822,0,7520,0.032,1.400799628097319e+20,0.0,0.0,784,16797,-0.0,162057.094,-114818.039,-0.0,0.133,6.909358625270745e+28,30.0,70.0,35,0.0,0.0,0.0,0.0,0.0,0.0,0.0,0.0,0.0,0.0,0.0,0.0,0.0,0.0,0.0,0.0,66.0,0,150,71,52,65476,0,300,0,0,8,20529,65476,0,0,44564,70.0,0.0,0.0,0.0,0.0,0.0
2026-09-10T21:21:08,ERR,ERR,ERR,ERR,ERR,ERR,ERR,ERR,ERR,ERR,ERR,ERR,ERR,ERR,ERR,ERR,ERR,ERR,ERR,ERR,ERR,ERR,ERR,ERR,ERR,ERR,ERR,ERR,ERR,ERR,ERR,ERR,ERR,ERR,ERR,ERR,ERR,ERR,ERR,ERR,ERR,ERR,ERR,ERR,ERR,ERR,ERR,ERR,ERR,ERR,ERR,ERR,ERR,ERR,ERR,ERR,ERR,ERR,ERR,ERR,ERR,ERR,ERR,ERR,ERR,ERR,ERR,ERR,ERR,ERR,ERR,ERR,ERR,ERR,ERR,ERR,ERR,ERR,ERR,ERR,ERR,ERR,ERR,ERR,ERR,ERR,ERR,ERR,ERR,ERR,ERR,ERR,ERR,ERR,ERR,ERR,ERR,ERR,ERR,ERR,ERR,ERR,ERR,ERR,ERR,ERR,ERR,ERR,ERR,ERR,ERR,ERR,ERR,ERR,ERR,ERR,ERR,ERR,ERR,ERR,ERR,ERR,ERR,ERR,ERR,0.0,0.0,2.6474835549302285e+23,0.0,0.0,1.3936040501711995e+18,7.805,0.0,0,0,4,0,7116,0.0,100,0.0,0.0,0.0,0.0,0.0,0,0,0,0,0.0,0,0,0,0,0,0,0,0,0,0,0,0,0,0,0,0,0,0,0,0,0,0,0,0,0,0,0,0,0,0,0,0,0,31,40,40,71,65476,0,300,0,0,8,21553,0.0,-107605600.0,0.0,0.0,0.0,0.0,0.0,0.0,0.0,0.0,0.0,0.0,0.0,0.0,0.0,0.0,0.0,0.0,0.0,0.0,0.0,0.0,-0.0,2.004,-2.004,2.004,0.0,0.0,0.0,0.0,4470.0,-2.4229830046158873e+24,6941.0,0.0,0.0,0.0,0.0,0.0,0.0,0.0,0.0,69,0.0,0.0,0.0,0.0,0.0,0.0,0.0,0.0,0.0,0,0,0,0.0,0.0,0.0,0.0,0.0,0.0,0.0,0.0,0.0,0.0,0.0,0.0,0.0,0.0,0.0,0.0,0,-107875648.0,69,0.0,138,0.0,0.0,0,39322,17086,52429,17102,13107,17082,0,0,0,70,68,100,2.7302399002429377e+23,82.4,-107615456.0,78.2,0.0,79.0,1,49,50,180,0,52429,0,0,0.0,0.0,0.0,0.0,-0.0,67.0,0.0,162057.094,0.0,980,0,1009,0,0,0,953,0,1034,0,931,0,792,0,784,0,822,0,7520,0.032,1.400799628097319e+20,0.0,0.0,784,16797,-0.0,162057.094,-114818.039,-0.0,0.133,6.909358625270745e+28,30.0,70.0,35,0.0,0.0,0.0,0.0,0.0,0.0,0.0,0.0,0.0,0.0,0.0,0.0,0.0,0.0,0.0,0.0,66.0,0,150,71,52,65476,0,300,0,0,8,20529,65476,0,0,44564,70.0,0.0,0.0,0.0,0.0,0.0
2026-09-10T21:21:09,ERR,ERR,ERR,ERR,ERR,ERR,ERR,ERR,ERR,ERR,ERR,ERR,ERR,ERR,ERR,ERR,ERR,ERR,ERR,ERR,ERR,ERR,ERR,ERR,ERR,ERR,ERR,ERR,ERR,ERR,ERR,ERR,ERR,ERR,ERR,ERR,ERR,ERR,ERR,ERR,ERR,ERR,ERR,ERR,ERR,ERR,ERR,ERR,ERR,ERR,ERR,ERR,ERR,ERR,ERR,ERR,ERR,ERR,ERR,ERR,ERR,ERR,ERR,ERR,ERR,ERR,ERR,ERR,ERR,ERR,ERR,ERR,ERR,ERR,ERR,ERR,ERR,ERR,ERR,ERR,ERR,ERR,ERR,ERR,ERR,ERR,ERR,ERR,ERR,ERR,ERR,ERR,ERR,ERR,ERR,ERR,ERR,ERR,ERR,ERR,ERR,ERR,ERR,ERR,ERR,ERR,ERR,ERR,ERR,ERR,ERR,ERR,ERR,ERR,ERR,ERR,ERR,ERR,ERR,ERR,ERR,ERR,ERR,ERR,ERR,0.0,0.0,2.6474835549302285e+23,0.0,0.0,1.3936040501711995e+18,7.805,0.0,0,0,4,0,7116,0.0,100,0.0,0.0,0.0,0.0,0.0,0,0,0,0,0.0,0,0,0,0,0,0,0,0,0,0,0,0,0,0,0,0,0,0,0,0,0,0,0,0,0,0,0,0,0,0,0,0,0,31,40,40,71,65476,0,300,0,0,8,21553,0.0,-107605600.0,0.0,0.0,0.0,0.0,0.0,0.0,0.0,0.0,0.0,0.0,0.0,0.0,0.0,0.0,0.0,0.0,0.0,0.0,0.0,0.0,-0.0,2.004,-2.004,2.004,0.0,0.0,0.0,0.0,4470.0,-2.4229830046158873e+24,6941.0,0.0,0.0,0.0,0.0,0.0,0.0,0.0,0.0,69,0.0,0.0,0.0,0.0,0.0,0.0,0.0,0.0,0.0,0,0,0,0.0,0.0,0.0,0.0,0.0,0.0,0.0,0.0,0.0,0.0,0.0,0.0,0.0,0.0,0.0,0.0,0,-107875648.0,69,0.0,138,0.0,0.0,0,39322,17086,52429,17102,13107,17082,0,0,0,70,68,100,2.7302399002429377e+23,82.4,-107615456.0,78.2,0.0,79.0,1,49,50,180,0,52429,0,0,0.0,0.0,0.0,0.0,-0.0,67.0,0.0,162057.094,0.0,980,0,1009,0,0,0,953,0,1034,0,931,0,792,0,784,0,822,0,7520,0.032,1.400799628097319e+20,0.0,0.0,784,16797,-0.0,162057.094,-114818.039,-0.0,0.133,6.909358625270745e+28,30.0,70.0,35,0.0,0.0,0.0,0.0,0.0,0.0,0.0,0.0,0.0,0.0,0.0,0.0,0.0,0.0,0.0,0.0,66.0,0,150,71,52,65476,0,300,0,0,8,20529,65476,0,0,44564,70.0,0.0,0.0,0.0,0.0,0.0
2026-09-10T21:21:10,ERR,ERR,ERR,ERR,ERR,ERR,ERR,ERR,ERR,ERR,ERR,ERR,ERR,ERR,ERR,ERR,ERR,ERR,ERR,ERR,ERR,ERR,ERR,ERR,ERR,ERR,ERR,ERR,ERR,ERR,ERR,ERR,ERR,ERR,ERR,ERR,ERR,ERR,ERR,ERR,ERR,ERR,ERR,ERR,ERR,ERR,ERR,ERR,ERR,ERR,ERR,ERR,ERR,ERR,ERR,ERR,ERR,ERR,ERR,ERR,ERR,ERR,ERR,ERR,ERR,ERR,ERR,ERR,ERR,ERR,ERR,ERR,ERR,ERR,ERR,ERR,ERR,ERR,ERR,ERR,ERR,ERR,ERR,ERR,ERR,ERR,ERR,ERR,ERR,ERR,ERR,ERR,ERR,ERR,ERR,ERR,ERR,ERR,ERR,ERR,ERR,ERR,ERR,ERR,ERR,ERR,ERR,ERR,ERR,ERR,ERR,ERR,ERR,ERR,ERR,ERR,ERR,ERR,ERR,ERR,ERR,ERR,ERR,ERR,ERR,0.0,0.0,2.6474835549302285e+23,0.0,0.0,1.3936040501711995e+18,7.805,0.0,0,0,4,0,7116,0.0,100,0.0,0.0,0.0,0.0,0.0,0,0,0,0,0.0,0,0,0,0,0,0,0,0,0,0,0,0,0,0,0,0,0,0,0,0,0,0,0,0,0,0,0,0,0,0,0,0,0,31,40,40,71,65476,0,300,0,0,8,21553,0.0,-107605600.0,0.0,0.0,0.0,0.0,0.0,0.0,0.0,0.0,0.0,0.0,0.0,0.0,0.0,0.0,0.0,0.0,0.0,0.0,0.0,0.0,-0.0,2.004,-2.004,2.004,0.0,0.0,0.0,0.0,4470.0,-2.4229830046158873e+24,6941.0,0.0,0.0,0.0,0.0,0.0,0.0,0.0,0.0,69,0.0,0.0,0.0,0.0,0.0,0.0,0.0,0.0,0.0,0,0,0,0.0,0.0,0.0,0.0,0.0,0.0,0.0,0.0,0.0,0.0,0.0,0.0,0.0,0.0,0.0,0.0,0,-107875648.0,69,0.0,138,0.0,0.0,0,39322,17086,52429,17102,13107,17082,0,0,0,70,68,100,2.7302399002429377e+23,82.4,-107615456.0,78.2,0.0,79.0,1,49,50,180,0,52429,0,0,0.0,0.0,0.0,0.0,-0.0,67.0,0.0,162057.094,0.0,980,0,1009,0,0,0,953,0,1034,0,931,0,792,0,784,0,822,0,7520,0.032,1.400799628097319e+20,0.0,0.0,784,16797,-0.0,162057.094,-114818.039,-0.0,0.133,6.909358625270745e+28,30.0,70.0,35,0.0,0.0,0.0,0.0,0.0,0.0,0.0,0.0,0.0,0.0,0.0,0.0,0.0,0.0,0.0,0.0,66.0,0,150,71,52,65476,0,300,0,0,8,20529,65476,0,0,44564,70.0,0.0,0.0,0.0,0.0,0.0
2026-09-10T21:21:11,ERR,ERR,ERR,ERR,ERR,ERR,ERR,ERR,ERR,ERR,ERR,ERR,ERR,ERR,ERR,ERR,ERR,ERR,ERR,ERR,ERR,ERR,ERR,ERR,ERR,ERR,ERR,ERR,ERR,ERR,ERR,ERR,ERR,ERR,ERR,ERR,ERR,ERR,ERR,ERR,ERR,ERR,ERR,ERR,ERR,ERR,ERR,ERR,ERR,ERR,ERR,ERR,ERR,ERR,ERR,ERR,ERR,ERR,ERR,ERR,ERR,ERR,ERR,ERR,ERR,ERR,ERR,ERR,ERR,ERR,ERR,ERR,ERR,ERR,ERR,ERR,ERR,ERR,ERR,ERR,ERR,ERR,ERR,ERR,ERR,ERR,ERR,ERR,ERR,ERR,ERR,ERR,ERR,ERR,ERR,ERR,ERR,ERR,ERR,ERR,ERR,ERR,ERR,ERR,ERR,ERR,ERR,ERR,ERR,ERR,ERR,ERR,ERR,ERR,ERR,ERR,ERR,ERR,ERR,ERR,ERR,ERR,ERR,ERR,ERR,0.0,0.0,2.6474835549302285e+23,0.0,0.0,1.3936040501711995e+18,7.805,0.0,0,0,4,0,7116,0.0,100,0.0,0.0,0.0,0.0,0.0,0,0,0,0,0.0,0,0,0,0,0,0,0,0,0,0,0,0,0,0,0,0,0,0,0,0,0,0,0,0,0,0,0,0,0,0,0,0,0,31,40,40,71,65476,0,300,0,0,8,21553,0.0,-107605600.0,0.0,0.0,0.0,0.0,0.0,0.0,0.0,0.0,0.0,0.0,0.0,0.0,0.0,0.0,0.0,0.0,0.0,0.0,0.0,0.0,-0.0,2.004,-2.004,2.004,0.0,0.0,0.0,0.0,4470.0,-2.4229830046158873e+24,6941.0,0.0,0.0,0.0,0.0,0.0,0.0,0.0,0.0,69,0.0,0.0,0.0,0.0,0.0,0.0,0.0,0.0,0.0,0,0,0,0.0,0.0,0.0,0.0,0.0,0.0,0.0,0.0,0.0,0.0,0.0,0.0,0.0,0.0,0.0,0.0,0,-107875648.0,69,0.0,138,0.0,0.0,0,39322,17086,52429,17102,13107,17082,0,0,0,70,68,100,2.7302399002429377e+23,82.4,-107615456.0,78.2,0.0,79.0,1,49,50,180,0,52429,0,0,0.0,0.0,0.0,0.0,-0.0,67.0,0.0,162057.094,0.0,980,0,1009,0,0,0,953,0,1034,0,931,0,792,0,784,0,822,0,7520,0.032,1.400799628097319e+20,0.0,0.0,784,16797,-0.0,162057.094,-114818.039,-0.0,0.133,6.909358625270745e+28,30.0,70.0,35,0.0,0.0,0.0,0.0,0.0,0.0,0.0,0.0,0.0,0.0,0.0,0.0,0.0,0.0,0.0,0.0,66.0,0,150,71,52,65476,0,300,0,0,8,20529,65476,0,0,44564,70.0,0.0,0.0,0.0,0.0,0.0
2026-09-10T21:21:12,ERR,ERR,ERR,ERR,ERR,ERR,ERR,ERR,ERR,ERR,ERR,ERR,ERR,ERR,ERR,ERR,ERR,ERR,ERR,ERR,ERR,ERR,ERR,ERR,ERR,ERR,ERR,ERR,ERR,ERR,ERR,ERR,ERR,ERR,ERR,ERR,ERR,ERR,ERR,ERR,ERR,ERR,ERR,ERR,ERR,ERR,ERR,ERR,ERR,ERR,ERR,ERR,ERR,ERR,ERR,ERR,ERR,ERR,ERR,ERR,ERR,ERR,ERR,ERR,ERR,ERR,ERR,ERR,ERR,ERR,ERR,ERR,ERR,ERR,ERR,ERR,ERR,ERR,ERR,ERR,ERR,ERR,ERR,ERR,ERR,ERR,ERR,ERR,ERR,ERR,ERR,ERR,ERR,ERR,ERR,ERR,ERR,ERR,ERR,ERR,ERR,ERR,ERR,ERR,ERR,ERR,ERR,ERR,ERR,ERR,ERR,ERR,ERR,ERR,ERR,ERR,ERR,ERR,ERR,ERR,ERR,ERR,ERR,ERR,ERR,0.0,0.0,2.6474835549302285e+23,0.0,0.0,1.3936040501711995e+18,7.805,0.0,0,0,4,0,7116,0.0,100,0.0,0.0,0.0,0.0,0.0,0,0,0,0,0.0,0,0,0,0,0,0,0,0,0,0,0,0,0,0,0,0,0,0,0,0,0,0,0,0,0,0,0,0,0,0,0,0,0,31,40,40,71,65476,0,300,0,0,8,21553,0.0,-107605600.0,0.0,0.0,0.0,0.0,0.0,0.0,0.0,0.0,0.0,0.0,0.0,0.0,0.0,0.0,0.0,0.0,0.0,0.0,0.0,0.0,-0.0,2.004,-2.004,2.004,0.0,0.0,0.0,0.0,4470.0,-2.4229830046158873e+24,6941.0,0.0,0.0,0.0,0.0,0.0,0.0,0.0,0.0,69,0.0,0.0,0.0,0.0,0.0,0.0,0.0,0.0,0.0,0,0,0,0.0,0.0,0.0,0.0,0.0,0.0,0.0,0.0,0.0,0.0,0.0,0.0,0.0,0.0,0.0,0.0,0,-107875648.0,69,0.0,138,0.0,0.0,0,39322,17086,52429,17102,13107,17082,0,0,0,70,68,100,2.7302399002429377e+23,82.4,-107615456.0,78.2,2.7302388193790272e+23,79.0,1,49,50,180,0,52429,0,0,0.0,0.0,0.0,0.0,-0.0,67.0,0.0,162057.094,0.0,980,0,1009,0,0,0,954,0,1034,0,931,0,792,0,783,0,822,0,7520,0.032,1.6371485365417227e+20,0.0,0.0,784,16797,-0.0,162057.094,-114818.039,-0.0,0.133,6.909358625270745e+28,30.0,70.0,35,0.0,0.0,0.0,0.0,0.0,0.0,0.0,0.0,0.0,0.0,0.0,0.0,0.0,0.0,0.0,0.0,66.0,0,150,71,52,65476,0,300,0,0,8,20529,65476,0,0,44564,70.0,0.0,0.0,0.0,0.0,0.0
2026-09-10T21:21:13,ERR,ERR,ERR,ERR,ERR,ERR,ERR,ERR,ERR,ERR,ERR,ERR,ERR,ERR,ERR,ERR,ERR,ERR,ERR,ERR,ERR,ERR,ERR,ERR,ERR,ERR,ERR,ERR,ERR,ERR,ERR,ERR,ERR,ERR,ERR,ERR,ERR,ERR,ERR,ERR,ERR,ERR,ERR,ERR,ERR,ERR,ERR,ERR,ERR,ERR,ERR,ERR,ERR,ERR,ERR,ERR,ERR,ERR,ERR,ERR,ERR,ERR,ERR,ERR,ERR,ERR,ERR,ERR,ERR,ERR,ERR,ERR,ERR,ERR,ERR,ERR,ERR,ERR,ERR,ERR,ERR,ERR,ERR,ERR,ERR,ERR,ERR,ERR,ERR,ERR,ERR,ERR,ERR,ERR,ERR,ERR,ERR,ERR,ERR,ERR,ERR,ERR,ERR,ERR,ERR,ERR,ERR,ERR,ERR,ERR,ERR,ERR,ERR,ERR,ERR,ERR,ERR,ERR,ERR,ERR,ERR,ERR,ERR,ERR,ERR,0.0,0.0,2.6474835549302285e+23,0.0,0.0,1.3936040501711995e+18,7.805,0.0,0,0,4,0,7116,0.0,100,0.0,0.0,0.0,0.0,0.0,0,0,0,0,0.0,0,0,0,0,0,0,0,0,0,0,0,0,0,0,0,0,0,0,0,0,0,0,0,0,0,0,0,0,0,0,0,0,0,31,40,40,71,65476,0,300,0,0,8,21553,0.0,-107605600.0,0.0,0.0,0.0,0.0,0.0,0.0,0.0,0.0,0.0,0.0,0.0,0.0,0.0,0.0,0.0,0.0,0.0,0.0,0.0,0.0,-2.004,2.004,-2.004,2.004,0.0,0.0,0.0,0.0,4499.0,0.0,6912.0,0.0,0.0,0.0,0.0,0.0,0.0,0.0,0.0,69,-4.0668816144241325e+29,0.0,0.0,0.0,0.0,0.0,0.0,0.0,0.0,0,0,0,0.0,0.0,0.0,0.0,0.0,0.0,0.0,0.0,0.0,0.0,0.0,0.0,0.0,0.0,0.0,0.0,0,-107875648.0,69,0.0,138,0.0,0.0,0,39322,17086,52429,17102,13107,17082,0,0,0,70,68,100,2.7302399002429377e+23,82.4,-107615456.0,78.2,2.7302388193790272e+23,79.0,1,49,50,180,0,52429,0,0,0.0,0.0,0.0,0.0,-0.0,67.0,0.0,162057.094,0.0,980,0,1009,0,0,0,954,0,1034,0,931,0,792,0,783,0,822,0,7520,0.032,1.6371485365417227e+20,0.0,0.0,784,16797,-0.0,162057.094,-114818.039,-0.0,0.133,6.909358625270745e+28,30.0,70.0,35,0.0,0.0,0.0,0.0,0.0,0.0,0.0,0.0,0.0,0.0,0.0,0.0,0.0,0.0,0.0,0.0,66.0,0,150,71,52,65476,0,300,0,0,8,20529,65476,0,0,44564,70.0,0.0,0.0,0.0,0.0,0.0
2026-09-10T21:21:14,ERR,ERR,ERR,ERR,ERR,ERR,ERR,ERR,ERR,ERR,ERR,ERR,ERR,ERR,ERR,ERR,ERR,ERR,ERR,ERR,ERR,ERR,ERR,ERR,ERR,ERR,ERR,ERR,ERR,ERR,ERR,ERR,ERR,ERR,ERR,ERR,ERR,ERR,ERR,ERR,ERR,ERR,ERR,ERR,ERR,ERR,ERR,ERR,ERR,ERR,ERR,ERR,ERR,ERR,ERR,ERR,ERR,ERR,ERR,ERR,ERR,ERR,ERR,ERR,ERR,ERR,ERR,ERR,ERR,ERR,ERR,ERR,ERR,ERR,ERR,ERR,ERR,ERR,ERR,ERR,ERR,ERR,ERR,ERR,ERR,ERR,ERR,ERR,ERR,ERR,ERR,ERR,ERR,ERR,ERR,ERR,ERR,ERR,ERR,ERR,ERR,ERR,ERR,ERR,ERR,ERR,ERR,ERR,ERR,ERR,ERR,ERR,ERR,ERR,ERR,ERR,ERR,ERR,ERR,ERR,ERR,ERR,ERR,ERR,ERR,0.0,0.0,2.6474835549302285e+23,0.0,0.0,1.3936040501711995e+18,7.805,0.0,0,0,4,0,7116,0.0,100,0.0,0.0,0.0,0.0,0.0,0,0,0,0,0.0,0,0,0,0,0,0,0,0,0,0,0,0,0,0,0,0,0,0,0,0,0,0,0,0,0,0,0,0,0,0,0,0,0,31,40,40,71,65476,0,300,0,0,8,21553,0.0,-107605600.0,0.0,0.0,0.0,0.0,0.0,0.0,0.0,0.0,0.0,0.0,0.0,0.0,0.0,0.0,0.0,0.0,0.0,0.0,0.0,0.0,-2.004,2.004,-2.004,2.004,0.0,0.0,0.0,0.0,4499.0,0.0,6912.0,0.0,0.0,0.0,0.0,0.0,0.0,0.0,0.0,69,-4.0668816144241325e+29,0.0,0.0,0.0,0.0,0.0,0.0,0.0,0.0,0,0,0,0.0,0.0,0.0,0.0,0.0,0.0,0.0,0.0,0.0,0.0,0.0,0.0,0.0,0.0,0.0,0.0,0,-107875648.0,69,0.0,138,0.0,0.0,0,39322,17086,52429,17102,13107,17082,0,0,0,70,68,100,2.7302399002429377e+23,82.4,-107615456.0,78.2,2.7302388193790272e+23,79.0,1,49,50,180,0,52429,0,0,0.0,0.0,0.0,0.0,-0.0,67.0,0.0,162057.094,0.0,980,0,1009,0,0,0,954,0,1034,0,931,0,792,0,783,0,822,0,7520,0.032,1.6371485365417227e+20,0.0,0.0,784,16797,-0.0,162057.094,-114818.039,-0.0,0.133,6.909358625270745e+28,30.0,70.0,35,0.0,0.0,0.0,0.0,0.0,0.0,0.0,0.0,0.0,0.0,0.0,0.0,0.0,0.0,0.0,0.0,66.0,0,150,71,52,65476,0,300,0,0,8,20529,65476,0,0,44564,70.0,0.0,0.0,0.0,0.0,0.0
2026-09-10T21:21:15,ERR,ERR,ERR,ERR,ERR,ERR,ERR,ERR,ERR,ERR,ERR,ERR,ERR,ERR,ERR,ERR,ERR,ERR,ERR,ERR,ERR,ERR,ERR,ERR,ERR,ERR,ERR,ERR,ERR,ERR,ERR,ERR,ERR,ERR,ERR,ERR,ERR,ERR,ERR,ERR,ERR,ERR,ERR,ERR,ERR,ERR,ERR,ERR,ERR,ERR,ERR,ERR,ERR,ERR,ERR,ERR,ERR,ERR,ERR,ERR,ERR,ERR,ERR,ERR,ERR,ERR,ERR,ERR,ERR,ERR,ERR,ERR,ERR,ERR,ERR,ERR,ERR,ERR,ERR,ERR,ERR,ERR,ERR,ERR,ERR,ERR,ERR,ERR,ERR,ERR,ERR,ERR,ERR,ERR,ERR,ERR,ERR,ERR,ERR,ERR,ERR,ERR,ERR,ERR,ERR,ERR,ERR,ERR,ERR,ERR,ERR,ERR,ERR,ERR,ERR,ERR,ERR,ERR,ERR,ERR,ERR,ERR,ERR,ERR,ERR,0.0,0.0,2.6474835549302285e+23,0.0,0.0,1.3936040501711995e+18,7.805,0.0,0,0,4,0,7116,0.0,100,0.0,0.0,0.0,0.0,0.0,0,0,0,0,0.0,0,0,0,0,0,0,0,0,0,0,0,0,0,0,0,0,0,0,0,0,0,0,0,0,0,0,0,0,0,0,0,0,0,31,40,40,71,65476,0,300,0,0,8,21553,0.0,-107605600.0,0.0,0.0,0.0,0.0,0.0,0.0,0.0,0.0,0.0,0.0,0.0,0.0,0.0,0.0,0.0,0.0,0.0,0.0,0.0,0.0,-2.004,2.004,-2.004,2.004,0.0,0.0,0.0,0.0,4499.0,0.0,6912.0,0.0,0.0,0.0,0.0,0.0,0.0,0.0,0.0,69,-4.0668816144241325e+29,0.0,0.0,0.0,0.0,0.0,0.0,0.0,0.0,0,0,0,0.0,0.0,0.0,0.0,0.0,0.0,0.0,0.0,0.0,0.0,0.0,0.0,0.0,0.0,0.0,0.0,0,-107875648.0,69,0.0,138,0.0,0.0,0,39322,17086,52429,17102,13107,17082,0,0,0,70,68,100,2.7302399002429377e+23,82.4,-107615456.0,78.2,2.7302388193790272e+23,79.0,1,49,50,180,0,52429,0,0,0.0,0.0,0.0,0.0,-0.0,67.0,0.0,162057.094,0.0,980,0,1009,0,0,0,954,0,1034,0,931,0,792,0,783,0,822,0,7520,0.032,1.6371485365417227e+20,0.0,0.0,784,16797,-0.0,162057.094,-114818.039,-0.0,0.133,6.909358625270745e+28,30.0,70.0,35,0.0,0.0,0.0,0.0,0.0,0.0,0.0,0.0,0.0,0.0,0.0,0.0,0.0,0.0,0.0,0.0,66.0,0,150,71,52,65476,0,300,0,0,8,20529,65476,0,0,44564,70.0,0.0,0.0,0.0,0.0,0.0
2026-09-10T21:21:16,ERR,ERR,ERR,ERR,ERR,ERR,ERR,ERR,ERR,ERR,ERR,ERR,ERR,ERR,ERR,ERR,ERR,ERR,ERR,ERR,ERR,ERR,ERR,ERR,ERR,ERR,ERR,ERR,ERR,ERR,ERR,ERR,ERR,ERR,ERR,ERR,ERR,ERR,ERR,ERR,ERR,ERR,ERR,ERR,ERR,ERR,ERR,ERR,ERR,ERR,ERR,ERR,ERR,ERR,ERR,ERR,ERR,ERR,ERR,ERR,ERR,ERR,ERR,ERR,ERR,ERR,ERR,ERR,ERR,ERR,ERR,ERR,ERR,ERR,ERR,ERR,ERR,ERR,ERR,ERR,ERR,ERR,ERR,ERR,ERR,ERR,ERR,ERR,ERR,ERR,ERR,ERR,ERR,ERR,ERR,ERR,ERR,ERR,ERR,ERR,ERR,ERR,ERR,ERR,ERR,ERR,ERR,ERR,ERR,ERR,ERR,ERR,ERR,ERR,ERR,ERR,ERR,ERR,ERR,ERR,ERR,ERR,ERR,ERR,ERR,0.0,0.0,2.6474835549302285e+23,0.0,0.0,1.3936040501711995e+18,7.805,0.0,0,0,4,0,7116,0.0,100,0.0,0.0,0.0,0.0,0.0,0,0,0,0,0.0,0,0,0,0,0,0,0,0,0,0,0,0,0,0,0,0,0,0,0,0,0,0,0,0,0,0,0,0,0,0,0,0,0,31,40,40,71,65476,0,300,0,0,8,21553,0.0,-107605600.0,0.0,0.0,0.0,0.0,0.0,0.0,0.0,0.0,0.0,0.0,0.0,0.0,0.0,0.0,0.0,0.0,0.0,0.0,0.0,0.0,-2.004,2.004,-2.004,2.004,0.0,0.0,0.0,0.0,4499.0,0.0,6912.0,0.0,0.0,0.0,0.0,0.0,0.0,0.0,0.0,69,-4.0668816144241325e+29,0.0,0.0,0.0,0.0,0.0,0.0,0.0,0.0,0,0,0,0.0,0.0,0.0,0.0,0.0,0.0,0.0,0.0,0.0,0.0,0.0,0.0,0.0,0.0,0.0,0.0,0,-107875648.0,69,0.0,138,0.0,0.0,0,39322,17086,52429,17102,13107,17082,0,0,0,70,68,100,2.7302399002429377e+23,82.4,-107615456.0,78.2,2.7302388193790272e+23,79.0,1,49,50,180,0,52429,0,0,0.0,0.0,0.0,0.0,-0.0,67.0,0.0,162057.094,0.0,980,0,1009,0,0,0,954,0,1034,0,931,0,792,0,783,0,822,0,7520,0.032,1.6371485365417227e+20,0.0,0.0,784,16797,-0.0,162057.094,-114818.039,-0.0,0.133,6.909358625270745e+28,30.0,70.0,35,0.0,0.0,0.0,0.0,0.0,0.0,0.0,0.0,0.0,0.0,0.0,0.0,0.0,0.0,0.0,0.0,66.0,0,150,71,52,65476,0,300,0,0,8,20529,65476,0,0,44564,70.0,0.0,0.0,0.0,0.0,0.0
2026-09-10T21:21:17,ERR,ERR,ERR,ERR,ERR,ERR,ERR,ERR,ERR,ERR,ERR,ERR,ERR,ERR,ERR,ERR,ERR,ERR,ERR,ERR,ERR,ERR,ERR,ERR,ERR,ERR,ERR,ERR,ERR,ERR,ERR,ERR,ERR,ERR,ERR,ERR,ERR,ERR,ERR,ERR,ERR,ERR,ERR,ERR,ERR,ERR,ERR,ERR,ERR,ERR,ERR,ERR,ERR,ERR,ERR,ERR,ERR,ERR,ERR,ERR,ERR,ERR,ERR,ERR,ERR,ERR,ERR,ERR,ERR,ERR,ERR,ERR,ERR,ERR,ERR,ERR,ERR,ERR,ERR,ERR,ERR,ERR,ERR,ERR,ERR,ERR,ERR,ERR,ERR,ERR,ERR,ERR,ERR,ERR,ERR,ERR,ERR,ERR,ERR,ERR,ERR,ERR,ERR,ERR,ERR,ERR,ERR,ERR,ERR,ERR,ERR,ERR,ERR,ERR,ERR,ERR,ERR,ERR,ERR,ERR,ERR,ERR,ERR,ERR,ERR,0.0,0.0,2.6474835549302285e+23,0.0,0.0,1.3936040501711995e+18,7.805,0.0,0,0,4,0,7116,0.0,100,0.0,0.0,0.0,0.0,0.0,0,0,0,0,0.0,0,0,0,0,0,0,0,0,0,0,0,0,0,0,0,0,0,0,0,0,0,0,0,0,0,0,0,0,0,0,0,0,0,31,40,40,71,65476,0,300,0,0,8,21553,0.0,-107605600.0,0.0,0.0,0.0,0.0,0.0,0.0,0.0,0.0,0.0,0.0,0.0,0.0,0.0,0.0,0.0,0.0,0.0,0.0,0.0,0.0,-2.004,2.004,-2.004,2.004,0.0,0.0,0.0,0.0,4499.0,0.0,6912.0,0.0,0.0,0.0,0.0,0.0,0.0,0.0,0.0,69,-4.0668816144241325e+29,0.0,0.0,0.0,0.0,0.0,0.0,0.0,0.0,0,0,0,0.0,0.0,0.0,0.0,0.0,0.0,0.0,0.0,0.0,0.0,0.0,0.0,0.0,0.0,0.0,0.0,0,-107875648.0,69,0.0,138,0.0,0.0,0,39322,17086,52429,17102,13107,17082,0,0,0,70,68,100,2.7302399002429377e+23,82.4,-107615456.0,78.2,2.7302388193790272e+23,79.0,1,49,50,180,0,52429,0,0,0.0,0.0,0.0,0.0,-0.0,67.0,0.0,162057.094,0.0,980,0,1009,0,0,0,954,0,1034,0,931,0,792,0,783,0,822,0,7520,0.032,1.6371485365417227e+20,0.0,0.0,784,16797,-0.0,162057.094,-114818.039,-0.0,0.133,6.909358625270745e+28,30.0,70.0,35,0.0,0.0,0.0,0.0,0.0,0.0,0.0,0.0,0.0,0.0,0.0,0.0,0.0,0.0,0.0,0.0,66.0,0,150,71,52,65476,0,300,0,0,8,20529,65476,0,0,44564,70.0,0.0,0.0,0.0,0.0,0.0
2026-09-10T21:21:18,ERR,ERR,ERR,ERR,ERR,ERR,ERR,ERR,ERR,ERR,ERR,ERR,ERR,ERR,ERR,ERR,ERR,ERR,ERR,ERR,ERR,ERR,ERR,ERR,ERR,ERR,ERR,ERR,ERR,ERR,ERR,ERR,ERR,ERR,ERR,ERR,ERR,ERR,ERR,ERR,ERR,ERR,ERR,ERR,ERR,ERR,ERR,ERR,ERR,ERR,ERR,ERR,ERR,ERR,ERR,ERR,ERR,ERR,ERR,ERR,ERR,ERR,ERR,ERR,ERR,ERR,ERR,ERR,ERR,ERR,ERR,ERR,ERR,ERR,ERR,ERR,ERR,ERR,ERR,ERR,ERR,ERR,ERR,ERR,ERR,ERR,ERR,ERR,ERR,ERR,ERR,ERR,ERR,ERR,ERR,ERR,ERR,ERR,ERR,ERR,ERR,ERR,ERR,ERR,ERR,ERR,ERR,ERR,ERR,ERR,ERR,ERR,ERR,ERR,ERR,ERR,ERR,ERR,ERR,ERR,ERR,ERR,ERR,ERR,ERR,0.0,0.0,2.6474835549302285e+23,0.0,0.0,1.3936040501711995e+18,7.805,0.0,0,0,4,0,7116,0.0,100,0.0,0.0,0.0,0.0,0.0,0,0,0,0,0.0,0,0,0,0,0,0,0,0,0,0,0,0,0,0,0,0,0,0,0,0,0,0,0,0,0,0,0,0,0,0,0,0,0,31,40,40,71,65476,0,300,0,0,8,21553,0.0,-107605600.0,0.0,0.0,0.0,0.0,0.0,0.0,0.0,0.0,0.0,0.0,0.0,0.0,0.0,0.0,0.0,0.0,0.0,0.0,0.0,0.0,-2.004,2.004,-2.004,2.004,0.0,0.0,0.0,0.0,4499.0,0.0,6912.0,0.0,0.0,0.0,0.0,0.0,0.0,0.0,0.0,69,-4.0668816144241325e+29,0.0,0.0,0.0,0.0,0.0,0.0,0.0,0.0,0,0,0,0.0,0.0,0.0,0.0,0.0,0.0,0.0,0.0,0.0,0.0,0.0,0.0,0.0,0.0,0.0,0.0,0,-107875648.0,69,0.0,138,0.0,0.0,0,39322,17086,52429,17102,13107,17082,0,0,0,70,68,100,2.7302399002429377e+23,82.4,-107615456.0,78.2,2.7302388193790272e+23,79.0,1,49,50,180,0,52429,0,0,0.0,0.0,0.0,0.0,-0.0,67.0,0.0,162057.094,0.0,980,0,1009,0,0,0,953,0,1034,0,931,0,792,0,783,0,822,0,7520,0.032,1.567973246265312e+20,0.0,0.0,784,16797,-0.0,162057.094,-114818.039,-0.0,0.133,6.909358625270745e+28,30.0,70.0,35,0.0,0.0,0.0,0.0,0.0,0.0,0.0,0.0,0.0,0.0,0.0,0.0,0.0,0.0,0.0,0.0,66.4,0,150,71,52,65476,0,300,0,0,8,20529,65476,0,0,44564,70.0,0.0,0.0,0.0,0.0,0.0
2026-09-10T21:21:19,ERR,ERR,ERR,ERR,ERR,ERR,ERR,ERR,ERR,ERR,ERR,ERR,ERR,ERR,ERR,ERR,ERR,ERR,ERR,ERR,ERR,ERR,ERR,ERR,ERR,ERR,ERR,ERR,ERR,ERR,ERR,ERR,ERR,ERR,ERR,ERR,ERR,ERR,ERR,ERR,ERR,ERR,ERR,ERR,ERR,ERR,ERR,ERR,ERR,ERR,ERR,ERR,ERR,ERR,ERR,ERR,ERR,ERR,ERR,ERR,ERR,ERR,ERR,ERR,ERR,ERR,ERR,ERR,ERR,ERR,ERR,ERR,ERR,ERR,ERR,ERR,ERR,ERR,ERR,ERR,ERR,ERR,ERR,ERR,ERR,ERR,ERR,ERR,ERR,ERR,ERR,ERR,ERR,ERR,ERR,ERR,ERR,ERR,ERR,ERR,ERR,ERR,ERR,ERR,ERR,ERR,ERR,ERR,ERR,ERR,ERR,ERR,ERR,ERR,ERR,ERR,ERR,ERR,ERR,ERR,ERR,ERR,ERR,ERR,ERR,0.0,0.0,2.6474835549302285e+23,0.0,0.0,1.3936040501711995e+18,7.805,0.0,0,0,4,0,7116,0.0,100,0.0,0.0,0.0,0.0,0.0,0,0,0,0,0.0,0,0,0,0,0,0,0,0,0,0,0,0,0,0,0,0,0,0,0,0,0,0,0,0,0,0,0,0,0,0,0,0,0,31,40,40,71,65476,0,300,0,0,8,21553,0.0,-107605600.0,0.0,0.0,0.0,0.0,0.0,0.0,0.0,0.0,0.0,0.0,0.0,0.0,0.0,0.0,0.0,0.0,0.0,0.0,0.0,0.0,-2.004,2.004,-2.004,2.004,0.0,0.0,0.0,0.0,4499.0,0.0,6912.0,0.0,0.0,0.0,0.0,0.0,0.0,0.0,0.0,69,-4.0668816144241325e+29,0.0,0.0,0.0,0.0,0.0,0.0,0.0,0.0,0,0,0,0.0,0.0,0.0,0.0,0.0,0.0,0.0,0.0,0.0,0.0,0.0,0.0,0.0,0.0,0.0,0.0,0,-107875648.0,69,0.0,138,0.0,0.0,0,39322,17086,52429,17102,13107,17082,0,0,0,70,68,100,2.7302399002429377e+23,82.4,-107615456.0,78.2,2.7302388193790272e+23,79.0,1,49,50,180,0,52429,0,0,0.0,0.0,0.0,0.0,-0.0,67.0,0.0,162057.094,0.0,980,0,1009,0,0,0,953,0,1034,0,931,0,792,0,783,0,822,0,7520,0.032,1.567973246265312e+20,0.0,0.0,784,16797,-0.0,162057.094,-114818.039,-0.0,0.133,6.909358625270745e+28,30.0,70.0,35,0.0,0.0,0.0,0.0,0.0,0.0,0.0,0.0,0.0,0.0,0.0,0.0,0.0,0.0,0.0,0.0,66.0,0,150,71,52,65476,0,300,0,0,8,20529,65476,0,0,44564,70.0,0.0,0.0,0.0,0.0,0.0
2026-09-10T21:21:20,ERR,ERR,ERR,ERR,ERR,ERR,ERR,ERR,ERR,ERR,ERR,ERR,ERR,ERR,ERR,ERR,ERR,ERR,ERR,ERR,ERR,ERR,ERR,ERR,ERR,ERR,ERR,ERR,ERR,ERR,ERR,ERR,ERR,ERR,ERR,ERR,ERR,ERR,ERR,ERR,ERR,ERR,ERR,ERR,ERR,ERR,ERR,ERR,ERR,ERR,ERR,ERR,ERR,ERR,ERR,ERR,ERR,ERR,ERR,ERR,ERR,ERR,ERR,ERR,ERR,ERR,ERR,ERR,ERR,ERR,ERR,ERR,ERR,ERR,ERR,ERR,ERR,ERR,ERR,ERR,ERR,ERR,ERR,ERR,ERR,ERR,ERR,ERR,ERR,ERR,ERR,ERR,ERR,ERR,ERR,ERR,ERR,ERR,ERR,ERR,ERR,ERR,ERR,ERR,ERR,ERR,ERR,ERR,ERR,ERR,ERR,ERR,ERR,ERR,ERR,ERR,ERR,ERR,ERR,ERR,ERR,ERR,ERR,ERR,ERR,0.0,0.0,2.6474835549302285e+23,0.0,0.0,1.3936040501711995e+18,7.805,0.0,0,0,4,0,7116,0.0,100,0.0,0.0,0.0,0.0,0.0,0,0,0,0,0.0,0,0,0,0,0,0,0,0,0,0,0,0,0,0,0,0,0,0,0,0,0,0,0,0,0,0,0,0,0,0,0,0,0,31,40,40,71,65476,0,300,0,0,8,21553,0.0,-107605600.0,0.0,0.0,0.0,0.0,0.0,0.0,0.0,0.0,0.0,0.0,0.0,0.0,0.0,0.0,0.0,0.0,0.0,0.0,0.0,0.0,-2.004,2.004,-2.004,2.004,0.0,0.0,0.0,0.0,4466.0,-1.587926141905068e+29,6912.0,0.0,0.0,0.0,0.0,0.0,0.0,0.0,0.0,69,-4.950430145311814e+32,0.0,0.0,0.0,0.0,0.0,0.0,0.0,0.0,0,0,0,0.0,0.0,0.0,0.0,0.0,0.0,0.0,0.0,0.0,0.0,0.0,0.0,0.0,0.0,0.0,0.0,0,-107875648.0,69,0.0,138,0.0,0.0,0,39322,17086,52429,17102,13107,17082,0,0,0,70,68,100,2.7302399002429377e+23,82.4,-107615456.0,78.2,2.7302388193790272e+23,79.0,1,49,50,180,0,52429,0,0,0.0,0.0,0.0,0.0,-0.0,67.0,0.0,162057.094,0.0,980,0,1009,0,0,0,953,0,1034,0,931,0,792,0,783,0,822,0,7520,0.032,1.567973246265312e+20,0.0,0.0,784,16797,-0.0,162057.094,-114818.039,-0.0,0.133,6.909358625270745e+28,30.0,70.0,35,0.0,0.0,0.0,0.0,0.0,0.0,0.0,0.0,0.0,0.0,0.0,0.0,0.0,0.0,0.0,0.0,66.0,0,150,71,52,65476,0,300,0,0,8,20529,65476,0,0,44564,70.0,0.0,0.0,0.0,0.0,0.0
2026-09-10T21:21:21,ERR,ERR,ERR,ERR,ERR,ERR,ERR,ERR,ERR,ERR,ERR,ERR,ERR,ERR,ERR,ERR,ERR,ERR,ERR,ERR,ERR,ERR,ERR,ERR,ERR,ERR,ERR,ERR,ERR,ERR,ERR,ERR,ERR,ERR,ERR,ERR,ERR,ERR,ERR,ERR,ERR,ERR,ERR,ERR,ERR,ERR,ERR,ERR,ERR,ERR,ERR,ERR,ERR,ERR,ERR,ERR,ERR,ERR,ERR,ERR,ERR,ERR,ERR,ERR,ERR,ERR,ERR,ERR,ERR,ERR,ERR,ERR,ERR,ERR,ERR,ERR,ERR,ERR,ERR,ERR,ERR,ERR,ERR,ERR,ERR,ERR,ERR,ERR,ERR,ERR,ERR,ERR,ERR,ERR,ERR,ERR,ERR,ERR,ERR,ERR,ERR,ERR,ERR,ERR,ERR,ERR,ERR,ERR,ERR,ERR,ERR,ERR,ERR,ERR,ERR,ERR,ERR,ERR,ERR,ERR,ERR,ERR,ERR,ERR,ERR,0.0,0.0,2.6474835549302285e+23,0.0,0.0,1.3936040501711995e+18,7.805,0.0,0,0,4,0,7116,0.0,100,0.0,0.0,0.0,0.0,0.0,0,0,0,0,0.0,0,0,0,0,0,0,0,0,0,0,0,0,0,0,0,0,0,0,0,0,0,0,0,0,0,0,0,0,0,0,0,0,0,31,40,40,71,65476,0,300,0,0,8,21553,0.0,-107605600.0,0.0,0.0,0.0,0.0,0.0,0.0,0.0,0.0,0.0,0.0,0.0,0.0,0.0,0.0,0.0,0.0,0.0,0.0,0.0,0.0,-2.004,2.004,-2.004,2.004,0.0,0.0,0.0,0.0,4466.0,-1.587926141905068e+29,6912.0,0.0,0.0,0.0,0.0,0.0,0.0,0.0,0.0,69,-4.950430145311814e+32,0.0,0.0,0.0,0.0,0.0,0.0,0.0,0.0,0,0,0,0.0,0.0,0.0,0.0,0.0,0.0,0.0,0.0,0.0,0.0,0.0,0.0,0.0,0.0,0.0,0.0,0,-107875648.0,69,0.0,138,0.0,0.0,0,39322,17086,52429,17102,13107,17082,0,0,0,70,68,100,2.7302399002429377e+23,82.3,-0.0,78.2,2.7302388193790272e+23,79.0,1,49,50,180,0,52429,0,0,0.0,0.0,0.0,0.0,-0.0,67.0,0.0,162057.094,0.0,980,0,1009,0,0,0,953,0,1034,0,931,0,792,0,784,0,822,0,7520,0.032,1.400799628097319e+20,0.0,0.0,784,16797,-0.0,162057.094,-114818.039,-0.0,0.133,6.909358625270745e+28,30.0,70.0,35,0.0,0.0,0.0,0.0,0.0,0.0,0.0,0.0,0.0,0.0,0.0,0.0,0.0,0.0,0.0,0.0,66.0,0,150,71,52,65476,0,300,0,0,8,20529,65476,0,0,44564,70.0,0.0,0.0,0.0,0.0,0.0
2026-09-10T21:21:22,ERR,ERR,ERR,ERR,ERR,ERR,ERR,ERR,ERR,ERR,ERR,ERR,ERR,ERR,ERR,ERR,ERR,ERR,ERR,ERR,ERR,ERR,ERR,ERR,ERR,ERR,ERR,ERR,ERR,ERR,ERR,ERR,ERR,ERR,ERR,ERR,ERR,ERR,ERR,ERR,ERR,ERR,ERR,ERR,ERR,ERR,ERR,ERR,ERR,ERR,ERR,ERR,ERR,ERR,ERR,ERR,ERR,ERR,ERR,ERR,ERR,ERR,ERR,ERR,ERR,ERR,ERR,ERR,ERR,ERR,ERR,ERR,ERR,ERR,ERR,ERR,ERR,ERR,ERR,ERR,ERR,ERR,ERR,ERR,ERR,ERR,ERR,ERR,ERR,ERR,ERR,ERR,ERR,ERR,ERR,ERR,ERR,ERR,ERR,ERR,ERR,ERR,ERR,ERR,ERR,ERR,ERR,ERR,ERR,ERR,ERR,ERR,ERR,ERR,ERR,ERR,ERR,ERR,ERR,ERR,ERR,ERR,ERR,ERR,ERR,0.0,0.0,2.6474835549302285e+23,0.0,0.0,1.3936040501711995e+18,7.805,0.0,0,0,4,0,7116,0.0,100,0.0,0.0,0.0,0.0,0.0,0,0,0,0,0.0,0,0,0,0,0,0,0,0,0,0,0,0,0,0,0,0,0,0,0,0,0,0,0,0,0,0,0,0,0,0,0,0,0,31,40,40,71,65476,0,300,0,0,8,21553,0.0,-107605600.0,0.0,0.0,0.0,0.0,0.0,0.0,0.0,0.0,0.0,0.0,0.0,0.0,0.0,0.0,0.0,0.0,0.0,0.0,0.0,0.0,-2.004,2.004,-2.004,2.004,0.0,0.0,0.0,0.0,4466.0,-1.587926141905068e+29,6912.0,0.0,0.0,0.0,0.0,0.0,0.0,0.0,0.0,69,-4.950430145311814e+32,0.0,0.0,0.0,0.0,0.0,0.0,0.0,0.0,0,0,0,0.0,0.0,0.0,0.0,0.0,0.0,0.0,0.0,0.0,0.0,0.0,0.0,0.0,0.0,0.0,0.0,0,-107875648.0,69,0.0,138,0.0,0.0,0,39322,17086,52429,17102,13107,17082,0,0,0,70,68,100,2.7302399002429377e+23,82.3,-0.0,78.2,2.7302388193790272e+23,79.0,1,49,50,180,0,52429,0,0,0.0,0.0,0.0,0.0,-0.0,67.0,0.0,162057.094,0.0,980,0,1009,0,0,0,953,0,1034,0,931,0,792,0,784,0,822,0,7520,0.032,1.400799628097319e+20,0.0,0.0,784,16797,-0.0,162057.094,-114818.039,-0.0,0.133,6.909358625270745e+28,30.0,70.0,35,0.0,0.0,0.0,0.0,0.0,0.0,0.0,0.0,0.0,0.0,0.0,0.0,0.0,0.0,0.0,0.0,66.0,0,150,71,52,65476,0,300,0,0,8,20529,65476,0,0,44564,70.0,0.0,0.0,0.0,0.0,0.0
2026-09-10T21:21:23,ERR,ERR,ERR,ERR,ERR,ERR,ERR,ERR,ERR,ERR,ERR,ERR,ERR,ERR,ERR,ERR,ERR,ERR,ERR,ERR,ERR,ERR,ERR,ERR,ERR,ERR,ERR,ERR,ERR,ERR,ERR,ERR,ERR,ERR,ERR,ERR,ERR,ERR,ERR,ERR,ERR,ERR,ERR,ERR,ERR,ERR,ERR,ERR,ERR,ERR,ERR,ERR,ERR,ERR,ERR,ERR,ERR,ERR,ERR,ERR,ERR,ERR,ERR,ERR,ERR,ERR,ERR,ERR,ERR,ERR,ERR,ERR,ERR,ERR,ERR,ERR,ERR,ERR,ERR,ERR,ERR,ERR,ERR,ERR,ERR,ERR,ERR,ERR,ERR,ERR,ERR,ERR,ERR,ERR,ERR,ERR,ERR,ERR,ERR,ERR,ERR,ERR,ERR,ERR,ERR,ERR,ERR,ERR,ERR,ERR,ERR,ERR,ERR,ERR,ERR,ERR,ERR,ERR,ERR,ERR,ERR,ERR,ERR,ERR,ERR,0.0,0.0,2.6474835549302285e+23,0.0,0.0,1.3936040501711995e+18,7.805,0.0,0,0,4,0,7116,0.0,100,0.0,0.0,0.0,0.0,0.0,0,0,0,0,0.0,0,0,0,0,0,0,0,0,0,0,0,0,0,0,0,0,0,0,0,0,0,0,0,0,0,0,0,0,0,0,0,0,0,31,40,40,71,65476,0,300,0,0,8,21553,0.0,-107605600.0,0.0,0.0,0.0,0.0,0.0,0.0,0.0,0.0,0.0,0.0,0.0,0.0,0.0,0.0,0.0,0.0,0.0,0.0,0.0,0.0,-2.004,2.004,-2.004,2.004,0.0,0.0,0.0,0.0,4466.0,-1.587926141905068e+29,6912.0,0.0,0.0,0.0,0.0,0.0,0.0,0.0,0.0,69,-4.950430145311814e+32,0.0,0.0,0.0,0.0,0.0,0.0,0.0,0.0,0,0,0,0.0,0.0,0.0,0.0,0.0,0.0,0.0,0.0,0.0,0.0,0.0,0.0,0.0,0.0,0.0,0.0,0,-107875648.0,69,0.0,138,0.0,0.0,0,39322,17086,52429,17102,13107,17082,0,0,0,70,68,100,2.7302399002429377e+23,82.3,-0.0,78.2,2.7302388193790272e+23,79.0,1,49,50,180,0,52429,0,0,0.0,0.0,0.0,0.0,-0.0,67.0,0.0,162057.094,0.0,980,0,1009,0,0,0,953,0,1034,0,931,0,792,0,784,0,822,0,7520,0.032,1.400799628097319e+20,0.0,0.0,784,16797,-0.0,162057.094,-114818.039,-0.0,0.133,6.909358625270745e+28,30.0,70.0,35,0.0,0.0,0.0,0.0,0.0,0.0,0.0,0.0,0.0,0.0,0.0,0.0,0.0,0.0,0.0,0.0,66.0,0,150,71,52,65476,0,300,0,0,8,20529,65476,0,0,44564,70.0,0.0,0.0,0.0,0.0,0.0
2026-09-10T21:21:24,ERR,ERR,ERR,ERR,ERR,ERR,ERR,ERR,ERR,ERR,ERR,ERR,ERR,ERR,ERR,ERR,ERR,ERR,ERR,ERR,ERR,ERR,ERR,ERR,ERR,ERR,ERR,ERR,ERR,ERR,ERR,ERR,ERR,ERR,ERR,ERR,ERR,ERR,ERR,ERR,ERR,ERR,ERR,ERR,ERR,ERR,ERR,ERR,ERR,ERR,ERR,ERR,ERR,ERR,ERR,ERR,ERR,ERR,ERR,ERR,ERR,ERR,ERR,ERR,ERR,ERR,ERR,ERR,ERR,ERR,ERR,ERR,ERR,ERR,ERR,ERR,ERR,ERR,ERR,ERR,ERR,ERR,ERR,ERR,ERR,ERR,ERR,ERR,ERR,ERR,ERR,ERR,ERR,ERR,ERR,ERR,ERR,ERR,ERR,ERR,ERR,ERR,ERR,ERR,ERR,ERR,ERR,ERR,ERR,ERR,ERR,ERR,ERR,ERR,ERR,ERR,ERR,ERR,ERR,ERR,ERR,ERR,ERR,ERR,ERR,0.0,0.0,2.6474835549302285e+23,0.0,0.0,1.3936040501711995e+18,7.805,0.0,0,0,4,0,7116,0.0,100,0.0,0.0,0.0,0.0,0.0,0,0,0,0,0.0,0,0,0,0,0,0,0,0,0,0,0,0,0,0,0,0,0,0,0,0,0,0,0,0,0,0,0,0,0,0,0,0,0,31,40,40,71,65476,0,300,0,0,8,21553,0.0,-107605600.0,0.0,0.0,0.0,0.0,0.0,0.0,0.0,0.0,0.0,0.0,0.0,0.0,0.0,0.0,0.0,0.0,0.0,0.0,0.0,0.0,-2.004,2.004,-2.004,2.004,0.0,0.0,0.0,0.0,4466.0,-1.587926141905068e+29,6912.0,0.0,0.0,0.0,0.0,0.0,0.0,0.0,0.0,69,-4.950430145311814e+32,0.0,0.0,0.0,0.0,0.0,0.0,0.0,0.0,0,0,0,0.0,0.0,0.0,0.0,0.0,0.0,0.0,0.0,0.0,0.0,0.0,0.0,0.0,0.0,0.0,0.0,0,-107875648.0,69,0.0,138,0.0,0.0,0,39322,17086,52429,17102,13107,17082,0,0,0,70,68,100,2.7302399002429377e+23,82.3,-0.0,78.2,2.7302388193790272e+23,79.0,1,49,50,180,0,52429,0,0,0.0,0.0,0.0,0.0,-0.0,67.0,0.0,162057.094,0.0,980,0,1009,0,0,0,953,0,1034,0,931,0,792,0,784,0,822,0,7520,0.032,1.400799628097319e+20,0.0,0.0,784,16797,-0.0,162057.094,-114818.039,-0.0,0.133,6.909358625270745e+28,30.0,70.0,35,0.0,0.0,0.0,0.0,0.0,0.0,0.0,0.0,0.0,0.0,0.0,0.0,0.0,0.0,0.0,0.0,66.0,0,150,71,52,65476,0,300,0,0,8,20529,65476,0,0,44564,70.0,0.0,0.0,0.0,0.0,0.0
2026-09-10T21:21:25,ERR,ERR,ERR,ERR,ERR,ERR,ERR,ERR,ERR,ERR,ERR,ERR,ERR,ERR,ERR,ERR,ERR,ERR,ERR,ERR,ERR,ERR,ERR,ERR,ERR,ERR,ERR,ERR,ERR,ERR,ERR,ERR,ERR,ERR,ERR,ERR,ERR,ERR,ERR,ERR,ERR,ERR,ERR,ERR,ERR,ERR,ERR,ERR,ERR,ERR,ERR,ERR,ERR,ERR,ERR,ERR,ERR,ERR,ERR,ERR,ERR,ERR,ERR,ERR,ERR,ERR,ERR,ERR,ERR,ERR,ERR,ERR,ERR,ERR,ERR,ERR,ERR,ERR,ERR,ERR,ERR,ERR,ERR,ERR,ERR,ERR,ERR,ERR,ERR,ERR,ERR,ERR,ERR,ERR,ERR,ERR,ERR,ERR,ERR,ERR,ERR,ERR,ERR,ERR,ERR,ERR,ERR,ERR,ERR,ERR,ERR,ERR,ERR,ERR,ERR,ERR,ERR,ERR,ERR,ERR,ERR,ERR,ERR,ERR,ERR,0.0,0.0,2.6474835549302285e+23,0.0,0.0,1.3936040501711995e+18,7.805,0.0,0,0,4,0,7116,0.0,100,0.0,0.0,0.0,0.0,0.0,0,0,0,0,0.0,0,0,0,0,0,0,0,0,0,0,0,0,0,0,0,0,0,0,0,0,0,0,0,0,0,0,0,0,0,0,0,0,0,31,40,40,71,65476,0,300,0,0,8,21553,0.0,-107605600.0,0.0,0.0,0.0,0.0,0.0,0.0,0.0,0.0,0.0,0.0,0.0,0.0,0.0,0.0,0.0,0.0,0.0,0.0,0.0,0.0,-2.004,2.004,-2.004,2.004,0.0,0.0,0.0,0.0,4466.0,-1.587926141905068e+29,6912.0,0.0,0.0,0.0,0.0,0.0,0.0,0.0,0.0,69,-4.950430145311814e+32,0.0,0.0,0.0,0.0,0.0,0.0,0.0,0.0,0,0,0,0.0,0.0,0.0,0.0,0.0,0.0,0.0,0.0,0.0,0.0,0.0,0.0,0.0,0.0,0.0,0.0,0,-107875648.0,69,0.0,138,0.0,0.0,0,39322,17086,52429,17102,13107,17082,0,0,0,70,68,100,2.7302399002429377e+23,82.3,-0.0,78.2,2.7302388193790272e+23,79.0,1,49,50,180,0,52429,0,0,0.0,0.0,0.0,0.0,-0.0,67.0,0.0,162057.094,0.0,980,0,1009,0,0,0,953,0,1034,0,931,0,792,0,784,0,822,0,7520,0.032,1.400799628097319e+20,0.0,0.0,784,16797,-0.0,162057.094,-114818.039,-0.0,0.133,6.909358625270745e+28,30.0,70.0,35,0.0,0.0,0.0,0.0,0.0,0.0,0.0,0.0,0.0,0.0,0.0,0.0,0.0,0.0,0.0,0.0,66.0,0,150,71,52,65476,0,300,0,0,8,20529,65476,0,0,44564,70.0,0.0,0.0,0.0,0.0,0.0
2026-09-10T21:21:26,ERR,ERR,ERR,ERR,ERR,ERR,ERR,ERR,ERR,ERR,ERR,ERR,ERR,ERR,ERR,ERR,ERR,ERR,ERR,ERR,ERR,ERR,ERR,ERR,ERR,ERR,ERR,ERR,ERR,ERR,ERR,ERR,ERR,ERR,ERR,ERR,ERR,ERR,ERR,ERR,ERR,ERR,ERR,ERR,ERR,ERR,ERR,ERR,ERR,ERR,ERR,ERR,ERR,ERR,ERR,ERR,ERR,ERR,ERR,ERR,ERR,ERR,ERR,ERR,ERR,ERR,ERR,ERR,ERR,ERR,ERR,ERR,ERR,ERR,ERR,ERR,ERR,ERR,ERR,ERR,ERR,ERR,ERR,ERR,ERR,ERR,ERR,ERR,ERR,ERR,ERR,ERR,ERR,ERR,ERR,ERR,ERR,ERR,ERR,ERR,ERR,ERR,ERR,ERR,ERR,ERR,ERR,ERR,ERR,ERR,ERR,ERR,ERR,ERR,ERR,ERR,ERR,ERR,ERR,ERR,ERR,ERR,ERR,ERR,ERR,0.0,0.0,2.6474835549302285e+23,0.0,0.0,1.3936040501711995e+18,7.805,0.0,0,0,4,0,7116,0.0,100,0.0,0.0,0.0,0.0,0.0,0,0,0,0,0.0,0,0,0,0,0,0,0,0,0,0,0,0,0,0,0,0,0,0,0,0,0,0,0,0,0,0,0,0,0,0,0,0,0,31,40,40,71,65476,0,300,0,0,8,21553,0.0,-107605600.0,0.0,0.0,0.0,0.0,0.0,0.0,0.0,0.0,0.0,0.0,0.0,0.0,0.0,0.0,0.0,0.0,0.0,0.0,0.0,0.0,-2.004,2.004,-2.004,2.004,0.0,0.0,0.0,0.0,4466.0,-1.587926141905068e+29,6912.0,0.0,0.0,0.0,0.0,0.0,0.0,0.0,0.0,69,-4.950430145311814e+32,0.0,0.0,0.0,0.0,0.0,0.0,0.0,0.0,0,0,0,0.0,0.0,0.0,0.0,0.0,0.0,0.0,0.0,0.0,0.0,0.0,0.0,0.0,0.0,0.0,0.0,0,-107875648.0,69,0.0,138,0.0,0.0,0,39322,17086,52429,17102,13107,17082,0,0,0,70,68,100,2.7302399002429377e+23,82.3,-0.0,78.2,2.7302388193790272e+23,79.0,1,49,50,180,0,52429,0,0,0.0,0.0,0.0,0.0,-0.0,67.0,0.0,162057.094,0.0,980,0,1009,0,0,0,953,0,1034,0,931,0,792,0,784,0,822,0,7520,0.032,1.400799628097319e+20,0.0,0.0,784,16797,-0.0,162057.094,-114818.039,-0.0,0.133,6.909358625270745e+28,30.0,70.0,35,0.0,0.0,0.0,0.0,0.0,0.0,0.0,0.0,0.0,0.0,0.0,0.0,0.0,0.0,0.0,0.0,66.0,0,150,71,52,65476,0,300,0,0,8,20529,65476,0,0,44564,70.0,0.0,0.0,0.0,0.0,0.0
2026-09-10T21:21:27,ERR,ERR,ERR,ERR,ERR,ERR,ERR,ERR,ERR,ERR,ERR,ERR,ERR,ERR,ERR,ERR,ERR,ERR,ERR,ERR,ERR,ERR,ERR,ERR,ERR,ERR,ERR,ERR,ERR,ERR,ERR,ERR,ERR,ERR,ERR,ERR,ERR,ERR,ERR,ERR,ERR,ERR,ERR,ERR,ERR,ERR,ERR,ERR,ERR,ERR,ERR,ERR,ERR,ERR,ERR,ERR,ERR,ERR,ERR,ERR,ERR,ERR,ERR,ERR,ERR,ERR,ERR,ERR,ERR,ERR,ERR,ERR,ERR,ERR,ERR,ERR,ERR,ERR,ERR,ERR,ERR,ERR,ERR,ERR,ERR,ERR,ERR,ERR,ERR,ERR,ERR,ERR,ERR,ERR,ERR,ERR,ERR,ERR,ERR,ERR,ERR,ERR,ERR,ERR,ERR,ERR,ERR,ERR,ERR,ERR,ERR,ERR,ERR,ERR,ERR,ERR,ERR,ERR,ERR,ERR,ERR,ERR,ERR,ERR,ERR,0.0,0.0,2.6474835549302285e+23,0.0,0.0,1.3936040501711995e+18,7.805,0.0,0,0,4,0,7116,0.0,100,0.0,0.0,0.0,0.0,0.0,0,0,0,0,0.0,0,0,0,0,0,0,0,0,0,0,0,0,0,0,0,0,0,0,0,0,0,0,0,0,0,0,0,0,0,0,0,0,0,31,40,40,71,65476,0,300,0,0,8,21553,0.0,-107605600.0,0.0,0.0,0.0,0.0,0.0,0.0,0.0,0.0,0.0,0.0,0.0,0.0,0.0,0.0,0.0,0.0,0.0,0.0,0.0,0.0,-2.004,2.004,-2.004,2.004,0.0,0.0,0.0,0.0,4500.0,0.0,6915.0,0.0,0.0,0.0,0.0,0.0,0.0,0.0,0.0,69,-3.222030068424997e+26,89220.398,0.0,0.0,0.0,0.0,0.0,0.0,0.0,0,0,0,0.0,0.0,0.0,0.0,0.0,0.0,0.0,0.0,0.0,0.0,0.0,0.0,0.0,0.0,0.0,0.0,0,-107875648.0,69,0.0,138,0.0,0.0,0,39322,17086,52429,17102,13107,17082,0,0,0,70,68,100,2.7302399002429377e+23,82.4,-107615456.0,78.2,2.7302388193790272e+23,79.0,1,49,50,180,0,52429,0,0,0.0,0.0,0.0,0.0,-0.0,67.0,0.0,162057.094,0.0,979,0,1009,0,0,0,953,0,1034,0,931,0,792,0,783,0,822,0,7520,0.032,1.521856386081038e+20,0.0,0.0,784,16797,-0.0,162057.094,-114818.039,-0.0,0.133,6.909358625270745e+28,30.0,70.0,35,0.0,0.0,0.0,0.0,0.0,0.0,0.0,0.0,0.0,0.0,0.0,0.0,0.0,0.0,0.0,0.0,66.4,0,150,71,52,65476,0,300,0,0,8,20529,65476,0,0,44564,70.0,0.0,0.0,0.0,0.0,0.0
2026-09-10T21:21:28,ERR,ERR,ERR,ERR,ERR,ERR,ERR,ERR,ERR,ERR,ERR,ERR,ERR,ERR,ERR,ERR,ERR,ERR,ERR,ERR,ERR,ERR,ERR,ERR,ERR,ERR,ERR,ERR,ERR,ERR,ERR,ERR,ERR,ERR,ERR,ERR,ERR,ERR,ERR,ERR,ERR,ERR,ERR,ERR,ERR,ERR,ERR,ERR,ERR,ERR,ERR,ERR,ERR,ERR,ERR,ERR,ERR,ERR,ERR,ERR,ERR,ERR,ERR,ERR,ERR,ERR,ERR,ERR,ERR,ERR,ERR,ERR,ERR,ERR,ERR,ERR,ERR,ERR,ERR,ERR,ERR,ERR,ERR,ERR,ERR,ERR,ERR,ERR,ERR,ERR,ERR,ERR,ERR,ERR,ERR,ERR,ERR,ERR,ERR,ERR,ERR,ERR,ERR,ERR,ERR,ERR,ERR,ERR,ERR,ERR,ERR,ERR,ERR,ERR,ERR,ERR,ERR,ERR,ERR,ERR,ERR,ERR,ERR,ERR,ERR,0.0,0.0,2.6474835549302285e+23,0.0,0.0,1.3936040501711995e+18,7.805,0.0,0,0,4,0,7116,0.0,100,0.0,0.0,0.0,0.0,0.0,0,0,0,0,0.0,0,0,0,0,0,0,0,0,0,0,0,0,0,0,0,0,0,0,0,0,0,0,0,0,0,0,0,0,0,0,0,0,0,31,40,40,71,65476,0,300,0,0,8,21553,0.0,-107605600.0,0.0,0.0,0.0,0.0,0.0,0.0,0.0,0.0,0.0,0.0,0.0,0.0,0.0,0.0,0.0,0.0,0.0,0.0,0.0,0.0,-2.004,2.004,-2.004,2.004,0.0,0.0,0.0,0.0,4500.0,0.0,6915.0,0.0,0.0,0.0,0.0,0.0,0.0,0.0,0.0,69,-3.222030068424997e+26,89220.398,0.0,0.0,0.0,0.0,0.0,0.0,0.0,0,0,0,0.0,0.0,0.0,0.0,0.0,0.0,0.0,0.0,0.0,0.0,0.0,0.0,0.0,0.0,0.0,0.0,0,-107875648.0,69,0.0,138,0.0,0.0,0,39322,17086,52429,17102,13107,17082,0,0,0,70,68,100,2.7302399002429377e+23,82.4,-107615456.0,78.2,2.7302388193790272e+23,79.0,1,49,50,180,0,52429,0,0,0.0,0.0,0.0,0.0,-0.0,67.0,0.0,162057.094,0.0,979,0,1009,0,0,0,953,0,1034,0,931,0,792,0,783,0,822,0,7520,0.032,1.521856386081038e+20,0.0,0.0,784,16797,-0.0,162057.094,-114818.039,-0.0,0.133,6.909358625270745e+28,30.0,70.0,35,0.0,0.0,0.0,0.0,0.0,0.0,0.0,0.0,0.0,0.0,0.0,0.0,0.0,0.0,0.0,0.0,66.4,0,150,71,52,65476,0,300,0,0,8,20529,65476,0,0,44564,70.0,0.0,0.0,0.0,0.0,0.0
2026-09-10T21:21:29,ERR,ERR,ERR,ERR,ERR,ERR,ERR,ERR,ERR,ERR,ERR,ERR,ERR,ERR,ERR,ERR,ERR,ERR,ERR,ERR,ERR,ERR,ERR,ERR,ERR,ERR,ERR,ERR,ERR,ERR,ERR,ERR,ERR,ERR,ERR,ERR,ERR,ERR,ERR,ERR,ERR,ERR,ERR,ERR,ERR,ERR,ERR,ERR,ERR,ERR,ERR,ERR,ERR,ERR,ERR,ERR,ERR,ERR,ERR,ERR,ERR,ERR,ERR,ERR,ERR,ERR,ERR,ERR,ERR,ERR,ERR,ERR,ERR,ERR,ERR,ERR,ERR,ERR,ERR,ERR,ERR,ERR,ERR,ERR,ERR,ERR,ERR,ERR,ERR,ERR,ERR,ERR,ERR,ERR,ERR,ERR,ERR,ERR,ERR,ERR,ERR,ERR,ERR,ERR,ERR,ERR,ERR,ERR,ERR,ERR,ERR,ERR,ERR,ERR,ERR,ERR,ERR,ERR,ERR,ERR,ERR,ERR,ERR,ERR,ERR,0.0,0.0,2.6474835549302285e+23,0.0,0.0,1.3936040501711995e+18,7.805,0.0,0,0,4,0,7116,0.0,100,0.0,0.0,0.0,0.0,0.0,0,0,0,0,0.0,0,0,0,0,0,0,0,0,0,0,0,0,0,0,0,0,0,0,0,0,0,0,0,0,0,0,0,0,0,0,0,0,0,31,40,40,71,65476,0,300,0,0,8,21553,0.0,-107605600.0,0.0,0.0,0.0,0.0,0.0,0.0,0.0,0.0,0.0,0.0,0.0,0.0,0.0,0.0,0.0,0.0,0.0,0.0,0.0,0.0,-2.004,2.004,-2.004,2.004,0.0,0.0,0.0,0.0,4500.0,0.0,6915.0,0.0,0.0,0.0,0.0,0.0,0.0,0.0,0.0,69,-3.222030068424997e+26,89220.398,0.0,0.0,0.0,0.0,0.0,0.0,0.0,0,0,0,0.0,0.0,0.0,0.0,0.0,0.0,0.0,0.0,0.0,0.0,0.0,0.0,0.0,0.0,0.0,0.0,0,-107875648.0,69,0.0,138,0.0,0.0,0,39322,17086,52429,17102,13107,17082,0,0,0,70,68,100,2.7302399002429377e+23,82.4,-107615456.0,78.2,2.7302388193790272e+23,79.0,1,49,50,180,0,52429,0,0,0.0,0.0,0.0,0.0,-0.0,67.0,0.0,162057.094,0.0,979,0,1009,0,0,0,953,0,1034,0,931,0,792,0,783,0,822,0,7520,0.032,1.521856386081038e+20,0.0,0.0,784,16797,-0.0,162057.094,-114818.039,-0.0,0.133,6.909358625270745e+28,30.0,70.0,35,0.0,0.0,0.0,0.0,0.0,0.0,0.0,0.0,0.0,0.0,0.0,0.0,0.0,0.0,0.0,0.0,66.4,0,150,71,52,65476,0,300,0,0,8,20529,65476,0,0,44564,70.0,0.0,0.0,0.0,0.0,0.0
2026-09-10T21:21:30,ERR,ERR,ERR,ERR,ERR,ERR,ERR,ERR,ERR,ERR,ERR,ERR,ERR,ERR,ERR,ERR,ERR,ERR,ERR,ERR,ERR,ERR,ERR,ERR,ERR,ERR,ERR,ERR,ERR,ERR,ERR,ERR,ERR,ERR,ERR,ERR,ERR,ERR,ERR,ERR,ERR,ERR,ERR,ERR,ERR,ERR,ERR,ERR,ERR,ERR,ERR,ERR,ERR,ERR,ERR,ERR,ERR,ERR,ERR,ERR,ERR,ERR,ERR,ERR,ERR,ERR,ERR,ERR,ERR,ERR,ERR,ERR,ERR,ERR,ERR,ERR,ERR,ERR,ERR,ERR,ERR,ERR,ERR,ERR,ERR,ERR,ERR,ERR,ERR,ERR,ERR,ERR,ERR,ERR,ERR,ERR,ERR,ERR,ERR,ERR,ERR,ERR,ERR,ERR,ERR,ERR,ERR,ERR,ERR,ERR,ERR,ERR,ERR,ERR,ERR,ERR,ERR,ERR,ERR,ERR,ERR,ERR,ERR,ERR,ERR,0.0,0.0,2.6474835549302285e+23,0.0,0.0,1.3936040501711995e+18,7.805,0.0,0,0,4,0,7116,0.0,100,0.0,0.0,0.0,0.0,0.0,0,0,0,0,0.0,0,0,0,0,0,0,0,0,0,0,0,0,0,0,0,0,0,0,0,0,0,0,0,0,0,0,0,0,0,0,0,0,0,31,40,40,71,65476,0,300,0,0,8,21553,0.0,-107605600.0,0.0,0.0,0.0,0.0,0.0,0.0,0.0,0.0,0.0,0.0,0.0,0.0,0.0,0.0,0.0,0.0,0.0,0.0,0.0,0.0,-2.004,2.004,-2.004,2.004,0.0,0.0,0.0,0.0,4500.0,0.0,6915.0,0.0,0.0,0.0,0.0,0.0,0.0,0.0,0.0,69,-3.222030068424997e+26,89220.398,0.0,0.0,0.0,0.0,0.0,0.0,0.0,0,0,0,0.0,0.0,0.0,0.0,0.0,0.0,0.0,0.0,0.0,0.0,0.0,0.0,0.0,0.0,0.0,0.0,0,-107875648.0,69,0.0,138,0.0,0.0,0,39322,17086,52429,17102,13107,17082,0,0,0,70,68,100,2.7302399002429377e+23,82.4,-107615456.0,78.2,2.7302388193790272e+23,79.0,1,49,50,180,0,52429,0,0,0.0,0.0,0.0,0.0,-0.0,67.0,0.0,162057.094,0.0,979,0,1009,0,0,0,953,0,1034,0,931,0,792,0,783,0,822,0,7520,0.032,1.521856386081038e+20,0.0,0.0,784,16797,-0.0,162057.094,-114818.039,-0.0,0.133,6.909358625270745e+28,30.0,70.0,35,0.0,0.0,0.0,0.0,0.0,0.0,0.0,0.0,0.0,0.0,0.0,0.0,0.0,0.0,0.0,0.0,66.0,0,150,71,52,65476,0,300,0,0,8,20529,65476,0,0,44564,70.0,0.0,0.0,0.0,0.0,0.0
2026-09-10T21:21:31,ERR,ERR,ERR,ERR,ERR,ERR,ERR,ERR,ERR,ERR,ERR,ERR,ERR,ERR,ERR,ERR,ERR,ERR,ERR,ERR,ERR,ERR,ERR,ERR,ERR,ERR,ERR,ERR,ERR,ERR,ERR,ERR,ERR,ERR,ERR,ERR,ERR,ERR,ERR,ERR,ERR,ERR,ERR,ERR,ERR,ERR,ERR,ERR,ERR,ERR,ERR,ERR,ERR,ERR,ERR,ERR,ERR,ERR,ERR,ERR,ERR,ERR,ERR,ERR,ERR,ERR,ERR,ERR,ERR,ERR,ERR,ERR,ERR,ERR,ERR,ERR,ERR,ERR,ERR,ERR,ERR,ERR,ERR,ERR,ERR,ERR,ERR,ERR,ERR,ERR,ERR,ERR,ERR,ERR,ERR,ERR,ERR,ERR,ERR,ERR,ERR,ERR,ERR,ERR,ERR,ERR,ERR,ERR,ERR,ERR,ERR,ERR,ERR,ERR,ERR,ERR,ERR,ERR,ERR,ERR,ERR,ERR,ERR,ERR,ERR,0.0,0.0,2.6474835549302285e+23,0.0,0.0,1.3936040501711995e+18,7.805,0.0,0,0,4,0,7116,0.0,100,0.0,0.0,0.0,0.0,0.0,0,0,0,0,0.0,0,0,0,0,0,0,0,0,0,0,0,0,0,0,0,0,0,0,0,0,0,0,0,0,0,0,0,0,0,0,0,0,0,31,40,40,71,65476,0,300,0,0,8,21553,0.0,-107605600.0,0.0,0.0,0.0,0.0,0.0,0.0,0.0,0.0,0.0,0.0,0.0,0.0,0.0,0.0,0.0,0.0,0.0,0.0,0.0,0.0,-2.004,2.004,-2.004,2.004,0.0,0.0,0.0,0.0,4500.0,0.0,6915.0,0.0,0.0,0.0,0.0,0.0,0.0,0.0,0.0,69,-3.222030068424997e+26,89220.398,0.0,0.0,0.0,0.0,0.0,0.0,0.0,0,0,0,0.0,0.0,0.0,0.0,0.0,0.0,0.0,0.0,0.0,0.0,0.0,0.0,0.0,0.0,0.0,0.0,0,-107875648.0,69,0.0,138,0.0,0.0,0,39322,17086,52429,17102,13107,17082,0,0,0,70,68,100,2.7302399002429377e+23,82.4,-107615456.0,78.2,2.7302388193790272e+23,79.0,1,49,50,180,0,52429,0,0,0.0,0.0,0.0,0.0,-0.0,67.0,0.0,162057.094,0.0,979,0,1009,0,0,0,953,0,1034,0,931,0,792,0,783,0,822,0,7520,0.032,1.521856386081038e+20,0.0,0.0,784,16797,-0.0,162057.094,-114818.039,-0.0,0.133,6.909358625270745e+28,30.0,70.0,35,0.0,0.0,0.0,0.0,0.0,0.0,0.0,0.0,0.0,0.0,0.0,0.0,0.0,0.0,0.0,0.0,66.0,0,150,71,52,65476,0,300,0,0,8,20529,65476,0,0,44564,70.0,0.0,0.0,0.0,0.0,0.0
2026-09-10T21:21:32,ERR,ERR,ERR,ERR,ERR,ERR,ERR,ERR,ERR,ERR,ERR,ERR,ERR,ERR,ERR,ERR,ERR,ERR,ERR,ERR,ERR,ERR,ERR,ERR,ERR,ERR,ERR,ERR,ERR,ERR,ERR,ERR,ERR,ERR,ERR,ERR,ERR,ERR,ERR,ERR,ERR,ERR,ERR,ERR,ERR,ERR,ERR,ERR,ERR,ERR,ERR,ERR,ERR,ERR,ERR,ERR,ERR,ERR,ERR,ERR,ERR,ERR,ERR,ERR,ERR,ERR,ERR,ERR,ERR,ERR,ERR,ERR,ERR,ERR,ERR,ERR,ERR,ERR,ERR,ERR,ERR,ERR,ERR,ERR,ERR,ERR,ERR,ERR,ERR,ERR,ERR,ERR,ERR,ERR,ERR,ERR,ERR,ERR,ERR,ERR,ERR,ERR,ERR,ERR,ERR,ERR,ERR,ERR,ERR,ERR,ERR,ERR,ERR,ERR,ERR,ERR,ERR,ERR,ERR,ERR,ERR,ERR,ERR,ERR,ERR,0.0,0.0,2.6474835549302285e+23,0.0,0.0,1.3936040501711995e+18,7.805,0.0,0,0,4,0,7116,0.0,100,0.0,0.0,0.0,0.0,0.0,0,0,0,0,0.0,0,0,0,0,0,0,0,0,0,0,0,0,0,0,0,0,0,0,0,0,0,0,0,0,0,0,0,0,0,0,0,0,0,31,40,40,71,65476,0,300,0,0,8,21553,0.0,-107605600.0,0.0,0.0,0.0,0.0,0.0,0.0,0.0,0.0,0.0,0.0,0.0,0.0,0.0,0.0,0.0,0.0,0.0,0.0,0.0,0.0,-2.004,2.004,-2.004,2.004,0.0,0.0,0.0,0.0,4500.0,0.0,6915.0,0.0,0.0,0.0,0.0,0.0,0.0,0.0,0.0,69,-3.222030068424997e+26,89220.398,0.0,0.0,0.0,0.0,0.0,0.0,0.0,0,0,0,0.0,0.0,0.0,0.0,0.0,0.0,0.0,0.0,0.0,0.0,0.0,0.0,0.0,0.0,0.0,0.0,0,-107875648.0,69,0.0,138,0.0,0.0,0,39322,17086,52429,17102,13107,17082,0,0,0,70,68,100,2.7302399002429377e+23,82.4,-107615456.0,78.2,2.7302388193790272e+23,79.0,1,49,50,180,0,52429,0,0,0.0,0.0,0.0,0.0,-0.0,67.0,0.0,162057.094,0.0,979,0,1009,0,0,0,953,0,1034,0,931,0,792,0,783,0,822,0,7520,0.032,1.521856386081038e+20,0.0,0.0,784,16797,-0.0,162057.094,-114818.039,-0.0,0.133,6.909358625270745e+28,30.0,70.0,35,0.0,0.0,0.0,0.0,0.0,0.0,0.0,0.0,0.0,0.0,0.0,0.0,0.0,0.0,0.0,0.0,66.4,0,150,71,52,65476,0,300,0,0,8,20529,65476,0,0,44564,70.0,0.0,0.0,0.0,0.0,0.0
2026-09-10T21:21:33,ERR,ERR,ERR,ERR,ERR,ERR,ERR,ERR,ERR,ERR,ERR,ERR,ERR,ERR,ERR,ERR,ERR,ERR,ERR,ERR,ERR,ERR,ERR,ERR,ERR,ERR,ERR,ERR,ERR,ERR,ERR,ERR,ERR,ERR,ERR,ERR,ERR,ERR,ERR,ERR,ERR,ERR,ERR,ERR,ERR,ERR,ERR,ERR,ERR,ERR,ERR,ERR,ERR,ERR,ERR,ERR,ERR,ERR,ERR,ERR,ERR,ERR,ERR,ERR,ERR,ERR,ERR,ERR,ERR,ERR,ERR,ERR,ERR,ERR,ERR,ERR,ERR,ERR,ERR,ERR,ERR,ERR,ERR,ERR,ERR,ERR,ERR,ERR,ERR,ERR,ERR,ERR,ERR,ERR,ERR,ERR,ERR,ERR,ERR,ERR,ERR,ERR,ERR,ERR,ERR,ERR,ERR,ERR,ERR,ERR,ERR,ERR,ERR,ERR,ERR,ERR,ERR,ERR,ERR,ERR,ERR,ERR,ERR,ERR,ERR,0.0,0.0,2.6474835549302285e+23,0.0,0.0,1.3936040501711995e+18,7.805,0.0,0,0,4,0,7116,0.0,100,0.0,0.0,0.0,0.0,0.0,0,0,0,0,0.0,0,0,0,0,0,0,0,0,0,0,0,0,0,0,0,0,0,0,0,0,0,0,0,0,0,0,0,0,0,0,0,0,0,31,40,40,71,65476,0,300,0,0,8,21553,0.0,-107605600.0,0.0,0.0,0.0,0.0,0.0,0.0,0.0,0.0,0.0,0.0,0.0,0.0,0.0,0.0,0.0,0.0,0.0,0.0,0.0,0.0,-2.004,2.004,-2.004,2.004,0.0,0.0,0.0,0.0,4500.0,0.0,6915.0,0.0,0.0,0.0,0.0,0.0,0.0,0.0,0.0,69,-3.222030068424997e+26,89220.398,0.0,0.0,0.0,0.0,0.0,0.0,0.0,0,0,0,0.0,0.0,0.0,0.0,0.0,0.0,0.0,0.0,0.0,0.0,0.0,0.0,0.0,0.0,0.0,0.0,0,-107875648.0,69,0.0,138,0.0,0.0,0,39322,17086,52429,17102,13107,17082,0,0,0,70,68,100,-0.0,82.4,-107615456.0,78.2,2.7302388193790272e+23,79.0,1,49,50,180,0,52429,0,0,0.0,0.0,0.0,0.0,-0.0,67.0,0.0,162057.094,0.0,980,0,1009,0,0,0,953,0,1034,0,931,0,792,0,784,0,822,0,7520,0.032,1.400799628097319e+20,0.0,0.0,784,16797,-0.0,162057.094,-114818.039,-0.0,0.133,6.909358625270745e+28,30.0,70.0,35,0.0,0.0,0.0,0.0,0.0,0.0,0.0,0.0,0.0,0.0,0.0,0.0,0.0,0.0,0.0,0.0,66.4,0,150,71,52,65476,0,300,0,0,8,20529,65476,0,0,44564,70.0,0.0,0.0,0.0,0.0,0.0
2026-09-10T21:21:34,ERR,ERR,ERR,ERR,ERR,ERR,ERR,ERR,ERR,ERR,ERR,ERR,ERR,ERR,ERR,ERR,ERR,ERR,ERR,ERR,ERR,ERR,ERR,ERR,ERR,ERR,ERR,ERR,ERR,ERR,ERR,ERR,ERR,ERR,ERR,ERR,ERR,ERR,ERR,ERR,ERR,ERR,ERR,ERR,ERR,ERR,ERR,ERR,ERR,ERR,ERR,ERR,ERR,ERR,ERR,ERR,ERR,ERR,ERR,ERR,ERR,ERR,ERR,ERR,ERR,ERR,ERR,ERR,ERR,ERR,ERR,ERR,ERR,ERR,ERR,ERR,ERR,ERR,ERR,ERR,ERR,ERR,ERR,ERR,ERR,ERR,ERR,ERR,ERR,ERR,ERR,ERR,ERR,ERR,ERR,ERR,ERR,ERR,ERR,ERR,ERR,ERR,ERR,ERR,ERR,ERR,ERR,ERR,ERR,ERR,ERR,ERR,ERR,ERR,ERR,ERR,ERR,ERR,ERR,ERR,ERR,ERR,ERR,ERR,ERR,0.0,0.0,2.6474835549302285e+23,0.0,0.0,1.3936040501711995e+18,7.805,0.0,0,0,4,0,7116,0.0,100,0.0,0.0,0.0,0.0,0.0,0,0,0,0,0.0,0,0,0,0,0,0,0,0,0,0,0,0,0,0,0,0,0,0,0,0,0,0,0,0,0,0,0,0,0,0,0,0,0,31,40,40,71,65476,0,300,0,0,8,21553,0.0,-107605600.0,0.0,0.0,0.0,0.0,0.0,0.0,0.0,0.0,0.0,0.0,0.0,0.0,0.0,0.0,0.0,0.0,0.0,0.0,0.0,0.0,-2.004,2.004,-2.004,2.004,0.0,0.0,0.0,0.0,4500.0,0.0,6915.0,0.0,0.0,0.0,0.0,0.0,0.0,0.0,0.0,69,-3.222030068424997e+26,89220.398,0.0,0.0,0.0,0.0,0.0,0.0,0.0,0,0,0,0.0,0.0,0.0,0.0,0.0,0.0,0.0,0.0,0.0,0.0,0.0,0.0,0.0,0.0,0.0,0.0,0,-107875648.0,69,0.0,138,0.0,0.0,0,39322,17086,52429,17102,13107,17082,0,0,0,70,68,100,-0.0,82.4,-107615456.0,78.2,2.7302388193790272e+23,79.0,1,49,50,180,0,52429,0,0,0.0,0.0,0.0,0.0,-0.0,67.0,0.0,162057.094,0.0,980,0,1009,0,0,0,953,0,1034,0,931,0,792,0,784,0,822,0,7520,0.032,1.400799628097319e+20,0.0,0.0,784,16797,-0.0,162057.094,-114818.039,-0.0,0.133,6.909358625270745e+28,30.0,70.0,35,0.0,0.0,0.0,0.0,0.0,0.0,0.0,0.0,0.0,0.0,0.0,0.0,0.0,0.0,0.0,0.0,66.4,0,150,71,52,65476,0,300,0,0,8,20529,65476,0,0,44564,70.0,0.0,0.0,0.0,0.0,0.0
2026-09-10T21:21:35,ERR,ERR,ERR,ERR,ERR,ERR,ERR,ERR,ERR,ERR,ERR,ERR,ERR,ERR,ERR,ERR,ERR,ERR,ERR,ERR,ERR,ERR,ERR,ERR,ERR,ERR,ERR,ERR,ERR,ERR,ERR,ERR,ERR,ERR,ERR,ERR,ERR,ERR,ERR,ERR,ERR,ERR,ERR,ERR,ERR,ERR,ERR,ERR,ERR,ERR,ERR,ERR,ERR,ERR,ERR,ERR,ERR,ERR,ERR,ERR,ERR,ERR,ERR,ERR,ERR,ERR,ERR,ERR,ERR,ERR,ERR,ERR,ERR,ERR,ERR,ERR,ERR,ERR,ERR,ERR,ERR,ERR,ERR,ERR,ERR,ERR,ERR,ERR,ERR,ERR,ERR,ERR,ERR,ERR,ERR,ERR,ERR,ERR,ERR,ERR,ERR,ERR,ERR,ERR,ERR,ERR,ERR,ERR,ERR,ERR,ERR,ERR,ERR,ERR,ERR,ERR,ERR,ERR,ERR,ERR,ERR,ERR,ERR,ERR,ERR,0.0,0.0,2.6474835549302285e+23,0.0,0.0,1.3936040501711995e+18,7.805,0.0,0,0,4,0,7116,0.0,100,0.0,0.0,0.0,0.0,0.0,0,0,0,0,0.0,0,0,0,0,0,0,0,0,0,0,0,0,0,0,0,0,0,0,0,0,0,0,0,0,0,0,0,0,0,0,0,0,0,31,40,40,71,65476,0,300,0,0,8,21553,0.0,-107605600.0,0.0,0.0,0.0,0.0,0.0,0.0,0.0,0.0,0.0,0.0,0.0,0.0,0.0,0.0,0.0,0.0,0.0,0.0,0.0,0.0,-2.004,2.004,-2.004,2.004,0.0,0.0,0.0,0.0,4460.0,-3.697178656945629e+19,6940.0,0.0,0.0,0.0,0.0,0.0,0.0,0.0,0.0,69,-1.905698635870372e+17,0.0,0.0,0.0,0.0,0.0,0.0,0.0,0.0,0,0,0,0.0,0.0,0.0,0.0,0.0,0.0,0.0,0.0,0.0,0.0,0.0,0.0,0.0,0.0,0.0,0.0,0,-107875648.0,69,0.0,138,0.0,0.0,0,39322,17086,52429,17102,13107,17082,0,0,0,70,68,100,-0.0,82.4,-107615456.0,78.2,2.7302388193790272e+23,79.0,1,49,50,180,0,52429,0,0,0.0,0.0,0.0,0.0,-0.0,67.0,0.0,162057.094,0.0,980,0,1009,0,0,0,953,0,1034,0,931,0,792,0,784,0,822,0,7520,0.032,1.400799628097319e+20,0.0,0.0,784,16797,-0.0,162057.094,-114818.039,-0.0,0.133,6.909358625270745e+28,30.0,70.0,35,0.0,0.0,0.0,0.0,0.0,0.0,0.0,0.0,0.0,0.0,0.0,0.0,0.0,0.0,0.0,0.0,66.0,0,150,71,52,65476,0,300,0,0,8,20529,65476,0,0,44564,70.0,0.0,0.0,0.0,0.0,0.0
2026-09-10T21:21:36,ERR,ERR,ERR,ERR,ERR,ERR,ERR,ERR,ERR,ERR,ERR,ERR,ERR,ERR,ERR,ERR,ERR,ERR,ERR,ERR,ERR,ERR,ERR,ERR,ERR,ERR,ERR,ERR,ERR,ERR,ERR,ERR,ERR,ERR,ERR,ERR,ERR,ERR,ERR,ERR,ERR,ERR,ERR,ERR,ERR,ERR,ERR,ERR,ERR,ERR,ERR,ERR,ERR,ERR,ERR,ERR,ERR,ERR,ERR,ERR,ERR,ERR,ERR,ERR,ERR,ERR,ERR,ERR,ERR,ERR,ERR,ERR,ERR,ERR,ERR,ERR,ERR,ERR,ERR,ERR,ERR,ERR,ERR,ERR,ERR,ERR,ERR,ERR,ERR,ERR,ERR,ERR,ERR,ERR,ERR,ERR,ERR,ERR,ERR,ERR,ERR,ERR,ERR,ERR,ERR,ERR,ERR,ERR,ERR,ERR,ERR,ERR,ERR,ERR,ERR,ERR,ERR,ERR,ERR,ERR,ERR,ERR,ERR,ERR,ERR,0.0,0.0,2.6474835549302285e+23,0.0,0.0,1.3936040501711995e+18,7.805,0.0,0,0,4,0,7116,0.0,100,0.0,0.0,0.0,0.0,0.0,0,0,0,0,0.0,0,0,0,0,0,0,0,0,0,0,0,0,0,0,0,0,0,0,0,0,0,0,0,0,0,0,0,0,0,0,0,0,0,31,40,40,71,65476,0,300,0,0,8,21553,0.0,-107605600.0,0.0,0.0,0.0,0.0,0.0,0.0,0.0,0.0,0.0,0.0,0.0,0.0,0.0,0.0,0.0,0.0,0.0,0.0,0.0,0.0,-2.004,2.004,-2.004,2.004,0.0,0.0,0.0,0.0,4460.0,-3.697178656945629e+19,6940.0,0.0,0.0,0.0,0.0,0.0,0.0,0.0,0.0,69,-1.905698635870372e+17,0.0,0.0,0.0,0.0,0.0,0.0,0.0,0.0,0,0,0,0.0,0.0,0.0,0.0,0.0,0.0,0.0,0.0,0.0,0.0,0.0,0.0,0.0,0.0,0.0,0.0,0,-107875648.0,69,0.0,138,0.0,0.0,0,39322,17086,52429,17102,13107,17082,0,0,0,70,68,100,-0.0,82.4,-107615456.0,78.2,2.7302388193790272e+23,79.0,1,49,50,180,0,52429,0,0,0.0,0.0,0.0,0.0,-0.0,67.0,0.0,162057.094,0.0,980,0,1009,0,0,0,953,0,1034,0,931,0,792,0,784,0,822,0,7520,0.032,1.400799628097319e+20,0.0,0.0,784,16797,-0.0,162057.094,-114818.039,-0.0,0.133,6.909358625270745e+28,30.0,70.0,35,0.0,0.0,0.0,0.0,0.0,0.0,0.0,0.0,0.0,0.0,0.0,0.0,0.0,0.0,0.0,0.0,66.0,0,150,71,52,65476,0,300,0,0,8,20529,65476,0,0,44564,70.0,0.0,0.0,0.0,0.0,0.0
2026-09-10T21:21:37,ERR,ERR,ERR,ERR,ERR,ERR,ERR,ERR,ERR,ERR,ERR,ERR,ERR,ERR,ERR,ERR,ERR,ERR,ERR,ERR,ERR,ERR,ERR,ERR,ERR,ERR,ERR,ERR,ERR,ERR,ERR,ERR,ERR,ERR,ERR,ERR,ERR,ERR,ERR,ERR,ERR,ERR,ERR,ERR,ERR,ERR,ERR,ERR,ERR,ERR,ERR,ERR,ERR,ERR,ERR,ERR,ERR,ERR,ERR,ERR,ERR,ERR,ERR,ERR,ERR,ERR,ERR,ERR,ERR,ERR,ERR,ERR,ERR,ERR,ERR,ERR,ERR,ERR,ERR,ERR,ERR,ERR,ERR,ERR,ERR,ERR,ERR,ERR,ERR,ERR,ERR,ERR,ERR,ERR,ERR,ERR,ERR,ERR,ERR,ERR,ERR,ERR,ERR,ERR,ERR,ERR,ERR,ERR,ERR,ERR,ERR,ERR,ERR,ERR,ERR,ERR,ERR,ERR,ERR,ERR,ERR,ERR,ERR,ERR,ERR,0.0,0.0,2.6474835549302285e+23,0.0,0.0,1.3936040501711995e+18,7.805,0.0,0,0,4,0,7116,0.0,100,0.0,0.0,0.0,0.0,0.0,0,0,0,0,0.0,0,0,0,0,0,0,0,0,0,0,0,0,0,0,0,0,0,0,0,0,0,0,0,0,0,0,0,0,0,0,0,0,0,31,40,40,71,65476,0,300,0,0,8,21553,0.0,-107605600.0,0.0,0.0,0.0,0.0,0.0,0.0,0.0,0.0,0.0,0.0,0.0,0.0,0.0,0.0,0.0,0.0,0.0,0.0,0.0,0.0,-2.004,2.004,-2.004,2.004,0.0,0.0,0.0,0.0,4460.0,-3.697178656945629e+19,6940.0,0.0,0.0,0.0,0.0,0.0,0.0,0.0,0.0,69,-1.905698635870372e+17,0.0,0.0,0.0,0.0,0.0,0.0,0.0,0.0,0,0,0,0.0,0.0,0.0,0.0,0.0,0.0,0.0,0.0,0.0,0.0,0.0,0.0,0.0,0.0,0.0,0.0,0,-107875648.0,69,0.0,138,0.0,0.0,0,39322,17086,52429,17102,13107,17082,0,0,0,70,68,100,-0.0,82.4,-107615456.0,78.2,2.7302388193790272e+23,79.0,1,49,50,180,0,52429,0,0,0.0,0.0,0.0,0.0,-0.0,67.0,0.0,162057.094,0.0,980,0,1009,0,0,0,953,0,1034,0,931,0,792,0,784,0,822,0,7520,0.032,1.400799628097319e+20,0.0,0.0,784,16797,-0.0,162057.094,-114818.039,-0.0,0.133,6.909358625270745e+28,30.0,70.0,35,0.0,0.0,0.0,0.0,0.0,0.0,0.0,0.0,0.0,0.0,0.0,0.0,0.0,0.0,0.0,0.0,66.0,0,150,71,52,65476,0,300,0,0,8,20529,65476,0,0,44564,70.0,0.0,0.0,0.0,0.0,0.0
2026-09-10T21:21:38,ERR,ERR,ERR,ERR,ERR,ERR,ERR,ERR,ERR,ERR,ERR,ERR,ERR,ERR,ERR,ERR,ERR,ERR,ERR,ERR,ERR,ERR,ERR,ERR,ERR,ERR,ERR,ERR,ERR,ERR,ERR,ERR,ERR,ERR,ERR,ERR,ERR,ERR,ERR,ERR,ERR,ERR,ERR,ERR,ERR,ERR,ERR,ERR,ERR,ERR,ERR,ERR,ERR,ERR,ERR,ERR,ERR,ERR,ERR,ERR,ERR,ERR,ERR,ERR,ERR,ERR,ERR,ERR,ERR,ERR,ERR,ERR,ERR,ERR,ERR,ERR,ERR,ERR,ERR,ERR,ERR,ERR,ERR,ERR,ERR,ERR,ERR,ERR,ERR,ERR,ERR,ERR,ERR,ERR,ERR,ERR,ERR,ERR,ERR,ERR,ERR,ERR,ERR,ERR,ERR,ERR,ERR,ERR,ERR,ERR,ERR,ERR,ERR,ERR,ERR,ERR,ERR,ERR,ERR,ERR,ERR,ERR,ERR,ERR,ERR,0.0,0.0,2.6474835549302285e+23,0.0,0.0,1.3936040501711995e+18,7.805,0.0,0,0,4,0,7116,0.0,100,0.0,0.0,0.0,0.0,0.0,0,0,0,0,0.0,0,0,0,0,0,0,0,0,0,0,0,0,0,0,0,0,0,0,0,0,0,0,0,0,0,0,0,0,0,0,0,0,0,31,40,40,71,65476,0,300,0,0,8,21553,0.0,-107605600.0,0.0,0.0,0.0,0.0,0.0,0.0,0.0,0.0,0.0,0.0,0.0,0.0,0.0,0.0,0.0,0.0,0.0,0.0,0.0,0.0,-2.004,2.004,-2.004,2.004,0.0,0.0,0.0,0.0,4460.0,-3.697178656945629e+19,6940.0,0.0,0.0,0.0,0.0,0.0,0.0,0.0,0.0,69,-1.905698635870372e+17,0.0,0.0,0.0,0.0,0.0,0.0,0.0,0.0,0,0,0,0.0,0.0,0.0,0.0,0.0,0.0,0.0,0.0,0.0,0.0,0.0,0.0,0.0,0.0,0.0,0.0,0,-107875648.0,69,0.0,138,0.0,0.0,0,39322,17086,52429,17102,13107,17082,0,0,0,70,68,100,-0.0,82.4,-107615456.0,78.2,2.7302388193790272e+23,79.0,1,49,50,180,0,52429,0,0,0.0,0.0,0.0,0.0,-0.0,67.0,0.0,162057.094,0.0,980,0,1009,0,0,0,953,0,1034,0,931,0,792,0,784,0,822,0,7520,0.032,1.400799628097319e+20,0.0,0.0,784,16797,-0.0,162057.094,-114818.039,-0.0,0.133,6.909358625270745e+28,30.0,70.0,35,0.0,0.0,0.0,0.0,0.0,0.0,0.0,0.0,0.0,0.0,0.0,0.0,0.0,0.0,0.0,0.0,66.0,0,150,71,52,65476,0,300,0,0,8,20529,65476,0,0,44564,70.0,0.0,0.0,0.0,0.0,0.0
2026-09-10T21:21:39,ERR,ERR,ERR,ERR,ERR,ERR,ERR,ERR,ERR,ERR,ERR,ERR,ERR,ERR,ERR,ERR,ERR,ERR,ERR,ERR,ERR,ERR,ERR,ERR,ERR,ERR,ERR,ERR,ERR,ERR,ERR,ERR,ERR,ERR,ERR,ERR,ERR,ERR,ERR,ERR,ERR,ERR,ERR,ERR,ERR,ERR,ERR,ERR,ERR,ERR,ERR,ERR,ERR,ERR,ERR,ERR,ERR,ERR,ERR,ERR,ERR,ERR,ERR,ERR,ERR,ERR,ERR,ERR,ERR,ERR,ERR,ERR,ERR,ERR,ERR,ERR,ERR,ERR,ERR,ERR,ERR,ERR,ERR,ERR,ERR,ERR,ERR,ERR,ERR,ERR,ERR,ERR,ERR,ERR,ERR,ERR,ERR,ERR,ERR,ERR,ERR,ERR,ERR,ERR,ERR,ERR,ERR,ERR,ERR,ERR,ERR,ERR,ERR,ERR,ERR,ERR,ERR,ERR,ERR,ERR,ERR,ERR,ERR,ERR,ERR,0.0,0.0,2.6474835549302285e+23,0.0,0.0,1.3936040501711995e+18,7.805,0.0,0,0,4,0,7116,0.0,100,0.0,0.0,0.0,0.0,0.0,0,0,0,0,0.0,0,0,0,0,0,0,0,0,0,0,0,0,0,0,0,0,0,0,0,0,0,0,0,0,0,0,0,0,0,0,0,0,0,31,40,40,71,65476,0,300,0,0,8,21553,0.0,-107605600.0,0.0,0.0,0.0,0.0,0.0,0.0,0.0,0.0,0.0,0.0,0.0,0.0,0.0,0.0,0.0,0.0,0.0,0.0,0.0,0.0,-2.004,2.004,-2.004,2.004,0.0,0.0,0.0,0.0,4460.0,-3.697178656945629e+19,6940.0,0.0,0.0,0.0,0.0,0.0,0.0,0.0,0.0,69,-1.905698635870372e+17,0.0,0.0,0.0,0.0,0.0,0.0,0.0,0.0,0,0,0,0.0,0.0,0.0,0.0,0.0,0.0,0.0,0.0,0.0,0.0,0.0,0.0,0.0,0.0,0.0,0.0,0,-107875648.0,69,0.0,138,0.0,0.0,0,39322,17086,52429,17102,13107,17082,0,0,0,70,68,100,2.7302399002429377e+23,82.3,-0.0,78.2,2.7302388193790272e+23,79.0,1,49,50,180,0,52429,0,0,0.0,0.0,0.0,0.0,-0.0,67.0,0.0,162057.094,0.0,980,0,1009,0,0,0,953,0,1034,0,931,0,792,0,784,0,822,0,7520,0.032,1.400799628097319e+20,0.0,0.0,784,16797,-0.0,162057.094,-114818.039,-0.0,0.133,6.909358625270745e+28,30.0,70.0,35,0.0,0.0,0.0,0.0,0.0,0.0,0.0,0.0,0.0,0.0,0.0,0.0,0.0,0.0,0.0,0.0,66.0,0,150,71,52,65476,0,300,0,0,8,20529,65476,0,0,44564,70.0,0.0,0.0,0.0,0.0,0.0
2026-09-10T21:21:40,ERR,ERR,ERR,ERR,ERR,ERR,ERR,ERR,ERR,ERR,ERR,ERR,ERR,ERR,ERR,ERR,ERR,ERR,ERR,ERR,ERR,ERR,ERR,ERR,ERR,ERR,ERR,ERR,ERR,ERR,ERR,ERR,ERR,ERR,ERR,ERR,ERR,ERR,ERR,ERR,ERR,ERR,ERR,ERR,ERR,ERR,ERR,ERR,ERR,ERR,ERR,ERR,ERR,ERR,ERR,ERR,ERR,ERR,ERR,ERR,ERR,ERR,ERR,ERR,ERR,ERR,ERR,ERR,ERR,ERR,ERR,ERR,ERR,ERR,ERR,ERR,ERR,ERR,ERR,ERR,ERR,ERR,ERR,ERR,ERR,ERR,ERR,ERR,ERR,ERR,ERR,ERR,ERR,ERR,ERR,ERR,ERR,ERR,ERR,ERR,ERR,ERR,ERR,ERR,ERR,ERR,ERR,ERR,ERR,ERR,ERR,ERR,ERR,ERR,ERR,ERR,ERR,ERR,ERR,ERR,ERR,ERR,ERR,ERR,ERR,0.0,0.0,2.6474835549302285e+23,0.0,0.0,1.3936040501711995e+18,7.805,0.0,0,0,4,0,7116,0.0,100,0.0,0.0,0.0,0.0,0.0,0,0,0,0,0.0,0,0,0,0,0,0,0,0,0,0,0,0,0,0,0,0,0,0,0,0,0,0,0,0,0,0,0,0,0,0,0,0,0,31,40,40,71,65476,0,300,0,0,8,21553,0.0,-107605600.0,0.0,0.0,0.0,0.0,0.0,0.0,0.0,0.0,0.0,0.0,0.0,0.0,0.0,0.0,0.0,0.0,0.0,0.0,0.0,0.0,-2.004,2.004,-2.004,2.004,0.0,0.0,0.0,0.0,4460.0,-3.697178656945629e+19,6940.0,0.0,0.0,0.0,0.0,0.0,0.0,0.0,0.0,69,-1.905698635870372e+17,0.0,0.0,0.0,0.0,0.0,0.0,0.0,0.0,0,0,0,0.0,0.0,0.0,0.0,0.0,0.0,0.0,0.0,0.0,0.0,0.0,0.0,0.0,0.0,0.0,0.0,0,-107875648.0,69,0.0,138,0.0,0.0,0,39322,17086,52429,17102,13107,17082,0,0,0,70,68,100,2.7302399002429377e+23,82.3,-0.0,78.2,2.7302388193790272e+23,79.0,1,49,50,180,0,52429,0,0,0.0,0.0,0.0,0.0,-0.0,67.0,0.0,162057.094,0.0,980,0,1009,0,0,0,953,0,1034,0,931,0,792,0,784,0,822,0,7520,0.032,1.400799628097319e+20,0.0,0.0,784,16797,-0.0,162057.094,-114818.039,-0.0,0.133,6.909358625270745e+28,30.0,70.0,35,0.0,0.0,0.0,0.0,0.0,0.0,0.0,0.0,0.0,0.0,0.0,0.0,0.0,0.0,0.0,0.0,66.0,0,150,71,52,65476,0,300,0,0,8,20529,65476,0,0,44564,70.0,0.0,0.0,0.0,0.0,0.0
2026-09-10T21:21:41,ERR,ERR,ERR,ERR,ERR,ERR,ERR,ERR,ERR,ERR,ERR,ERR,ERR,ERR,ERR,ERR,ERR,ERR,ERR,ERR,ERR,ERR,ERR,ERR,ERR,ERR,ERR,ERR,ERR,ERR,ERR,ERR,ERR,ERR,ERR,ERR,ERR,ERR,ERR,ERR,ERR,ERR,ERR,ERR,ERR,ERR,ERR,ERR,ERR,ERR,ERR,ERR,ERR,ERR,ERR,ERR,ERR,ERR,ERR,ERR,ERR,ERR,ERR,ERR,ERR,ERR,ERR,ERR,ERR,ERR,ERR,ERR,ERR,ERR,ERR,ERR,ERR,ERR,ERR,ERR,ERR,ERR,ERR,ERR,ERR,ERR,ERR,ERR,ERR,ERR,ERR,ERR,ERR,ERR,ERR,ERR,ERR,ERR,ERR,ERR,ERR,ERR,ERR,ERR,ERR,ERR,ERR,ERR,ERR,ERR,ERR,ERR,ERR,ERR,ERR,ERR,ERR,ERR,ERR,ERR,ERR,ERR,ERR,ERR,ERR,0.0,0.0,2.6474835549302285e+23,0.0,0.0,1.3936040501711995e+18,7.805,0.0,0,0,4,0,7116,0.0,100,0.0,0.0,0.0,0.0,0.0,0,0,0,0,0.0,0,0,0,0,0,0,0,0,0,0,0,0,0,0,0,0,0,0,0,0,0,0,0,0,0,0,0,0,0,0,0,0,0,31,40,40,71,65476,0,300,0,0,8,21553,0.0,-107605600.0,0.0,0.0,0.0,0.0,0.0,0.0,0.0,0.0,0.0,0.0,0.0,0.0,0.0,0.0,0.0,0.0,0.0,0.0,0.0,0.0,-2.004,2.004,-2.004,2.004,0.0,0.0,0.0,0.0,4460.0,-3.697178656945629e+19,6940.0,0.0,0.0,0.0,0.0,0.0,0.0,0.0,0.0,69,-1.905698635870372e+17,0.0,0.0,0.0,0.0,0.0,0.0,0.0,0.0,0,0,0,0.0,0.0,0.0,0.0,0.0,0.0,0.0,0.0,0.0,0.0,0.0,0.0,0.0,0.0,0.0,0.0,0,-107875648.0,69,0.0,138,0.0,0.0,0,39322,17086,52429,17102,13107,17082,0,0,0,70,68,100,2.7302399002429377e+23,82.3,-0.0,78.2,2.7302388193790272e+23,79.0,1,49,50,180,0,52429,0,0,0.0,0.0,0.0,0.0,-0.0,67.0,0.0,162057.094,0.0,980,0,1009,0,0,0,953,0,1034,0,931,0,792,0,784,0,822,0,7520,0.032,1.400799628097319e+20,0.0,0.0,784,16797,-0.0,162057.094,-114818.039,-0.0,0.133,6.909358625270745e+28,30.0,70.0,35,0.0,0.0,0.0,0.0,0.0,0.0,0.0,0.0,0.0,0.0,0.0,0.0,0.0,0.0,0.0,0.0,66.0,0,150,71,52,65476,0,300,0,0,8,20529,65476,0,0,44564,70.0,0.0,0.0,0.0,0.0,0.0
2026-09-10T21:21:42,ERR,ERR,ERR,ERR,ERR,ERR,ERR,ERR,ERR,ERR,ERR,ERR,ERR,ERR,ERR,ERR,ERR,ERR,ERR,ERR,ERR,ERR,ERR,ERR,ERR,ERR,ERR,ERR,ERR,ERR,ERR,ERR,ERR,ERR,ERR,ERR,ERR,ERR,ERR,ERR,ERR,ERR,ERR,ERR,ERR,ERR,ERR,ERR,ERR,ERR,ERR,ERR,ERR,ERR,ERR,ERR,ERR,ERR,ERR,ERR,ERR,ERR,ERR,ERR,ERR,ERR,ERR,ERR,ERR,ERR,ERR,ERR,ERR,ERR,ERR,ERR,ERR,ERR,ERR,ERR,ERR,ERR,ERR,ERR,ERR,ERR,ERR,ERR,ERR,ERR,ERR,ERR,ERR,ERR,ERR,ERR,ERR,ERR,ERR,ERR,ERR,ERR,ERR,ERR,ERR,ERR,ERR,ERR,ERR,ERR,ERR,ERR,ERR,ERR,ERR,ERR,ERR,ERR,ERR,ERR,ERR,ERR,ERR,ERR,ERR,0.0,0.0,2.6474835549302285e+23,0.0,0.0,1.3936040501711995e+18,7.805,0.0,0,0,4,0,7116,0.0,100,0.0,0.0,0.0,0.0,0.0,0,0,0,0,0.0,0,0,0,0,0,0,0,0,0,0,0,0,0,0,0,0,0,0,0,0,0,0,0,0,0,0,0,0,0,0,0,0,0,31,40,40,71,65476,0,300,0,0,8,21553,0.0,-107605600.0,0.0,0.0,0.0,0.0,0.0,0.0,0.0,0.0,0.0,0.0,0.0,0.0,0.0,0.0,0.0,0.0,0.0,0.0,0.0,0.0,-2.004,2.004,-2.004,2.004,0.0,0.0,0.0,0.0,4460.0,-3.697178656945629e+19,6940.0,0.0,0.0,0.0,0.0,0.0,0.0,0.0,0.0,69,-1.905698635870372e+17,0.0,0.0,0.0,0.0,0.0,0.0,0.0,0.0,0,0,0,0.0,0.0,0.0,0.0,0.0,0.0,0.0,0.0,0.0,0.0,0.0,0.0,0.0,0.0,0.0,0.0,0,-107875648.0,69,0.0,138,0.0,0.0,0,39322,17086,52429,17102,13107,17082,0,0,0,70,68,100,2.7302399002429377e+23,82.3,-0.0,78.2,2.7302388193790272e+23,79.0,1,49,50,180,0,52429,0,0,0.0,0.0,0.0,0.0,-0.0,67.0,0.0,162057.094,0.0,980,0,1009,0,0,0,953,0,1034,0,931,0,792,0,784,0,822,0,7520,0.032,1.400799628097319e+20,0.0,0.0,784,16797,-0.0,162057.094,-114818.039,-0.0,0.133,6.909358625270745e+28,30.0,70.0,35,0.0,0.0,0.0,0.0,0.0,0.0,0.0,0.0,0.0,0.0,0.0,0.0,0.0,0.0,0.0,0.0,66.0,0,150,71,52,65476,0,300,0,0,8,20529,65476,0,0,44564,70.0,0.0,0.0,0.0,0.0,0.0
2026-09-10T21:21:43,ERR,ERR,ERR,ERR,ERR,ERR,ERR,ERR,ERR,ERR,ERR,ERR,ERR,ERR,ERR,ERR,ERR,ERR,ERR,ERR,ERR,ERR,ERR,ERR,ERR,ERR,ERR,ERR,ERR,ERR,ERR,ERR,ERR,ERR,ERR,ERR,ERR,ERR,ERR,ERR,ERR,ERR,ERR,ERR,ERR,ERR,ERR,ERR,ERR,ERR,ERR,ERR,ERR,ERR,ERR,ERR,ERR,ERR,ERR,ERR,ERR,ERR,ERR,ERR,ERR,ERR,ERR,ERR,ERR,ERR,ERR,ERR,ERR,ERR,ERR,ERR,ERR,ERR,ERR,ERR,ERR,ERR,ERR,ERR,ERR,ERR,ERR,ERR,ERR,ERR,ERR,ERR,ERR,ERR,ERR,ERR,ERR,ERR,ERR,ERR,ERR,ERR,ERR,ERR,ERR,ERR,ERR,ERR,ERR,ERR,ERR,ERR,ERR,ERR,ERR,ERR,ERR,ERR,ERR,ERR,ERR,ERR,ERR,ERR,ERR,0.0,0.0,2.6474835549302285e+23,0.0,0.0,1.3936040501711995e+18,7.805,0.0,0,0,4,0,7116,0.0,100,0.0,0.0,0.0,0.0,0.0,0,0,0,0,0.0,0,0,0,0,0,0,0,0,0,0,0,0,0,0,0,0,0,0,0,0,0,0,0,0,0,0,0,0,0,0,0,0,0,31,40,40,71,65476,0,300,0,0,8,21553,0.0,-107605600.0,0.0,0.0,0.0,0.0,0.0,0.0,0.0,0.0,0.0,0.0,0.0,0.0,0.0,0.0,0.0,0.0,0.0,0.0,0.0,0.0,-2.004,2.004,-2.004,2.004,0.0,0.0,0.0,0.0,4460.0,-3.697178656945629e+19,6940.0,0.0,0.0,0.0,0.0,0.0,0.0,0.0,0.0,69,-1.905698635870372e+17,0.0,0.0,0.0,0.0,0.0,0.0,0.0,0.0,0,0,0,0.0,0.0,0.0,0.0,0.0,0.0,0.0,0.0,0.0,0.0,0.0,0.0,0.0,0.0,0.0,0.0,0,-107875648.0,69,0.0,138,0.0,0.0,0,39322,17086,52429,17102,13107,17082,0,0,0,70,68,100,2.7302399002429377e+23,82.3,-0.0,78.2,2.7302388193790272e+23,79.0,1,49,50,180,0,52429,0,0,0.0,0.0,0.0,0.0,-0.0,67.0,0.0,162057.094,0.0,980,0,1009,0,0,0,953,0,1034,0,931,0,792,0,784,0,822,0,7520,0.032,1.400799628097319e+20,0.0,0.0,784,16797,-0.0,162057.094,-114818.039,-0.0,0.133,6.909358625270745e+28,30.0,70.0,35,0.0,0.0,0.0,0.0,0.0,0.0,0.0,0.0,0.0,0.0,0.0,0.0,0.0,0.0,0.0,0.0,66.4,0,150,71,52,65476,0,300,0,0,8,20529,65476,0,0,44564,70.0,0.0,0.0,0.0,0.0,0.0
2026-09-10T21:21:44,ERR,ERR,ERR,ERR,ERR,ERR,ERR,ERR,ERR,ERR,ERR,ERR,ERR,ERR,ERR,ERR,ERR,ERR,ERR,ERR,ERR,ERR,ERR,ERR,ERR,ERR,ERR,ERR,ERR,ERR,ERR,ERR,ERR,ERR,ERR,ERR,ERR,ERR,ERR,ERR,ERR,ERR,ERR,ERR,ERR,ERR,ERR,ERR,ERR,ERR,ERR,ERR,ERR,ERR,ERR,ERR,ERR,ERR,ERR,ERR,ERR,ERR,ERR,ERR,ERR,ERR,ERR,ERR,ERR,ERR,ERR,ERR,ERR,ERR,ERR,ERR,ERR,ERR,ERR,ERR,ERR,ERR,ERR,ERR,ERR,ERR,ERR,ERR,ERR,ERR,ERR,ERR,ERR,ERR,ERR,ERR,ERR,ERR,ERR,ERR,ERR,ERR,ERR,ERR,ERR,ERR,ERR,ERR,ERR,ERR,ERR,ERR,ERR,ERR,ERR,ERR,ERR,ERR,ERR,ERR,ERR,ERR,ERR,ERR,ERR,0.0,0.0,2.6474835549302285e+23,0.0,0.0,1.3936040501711995e+18,7.805,0.0,0,0,4,0,7116,0.0,100,0.0,0.0,0.0,0.0,0.0,0,0,0,0,0.0,0,0,0,0,0,0,0,0,0,0,0,0,0,0,0,0,0,0,0,0,0,0,0,0,0,0,0,0,0,0,0,0,0,31,40,40,71,65476,0,300,0,0,8,21553,0.0,-107605600.0,0.0,0.0,0.0,0.0,0.0,0.0,0.0,0.0,0.0,0.0,0.0,0.0,0.0,0.0,0.0,0.0,0.0,0.0,0.0,0.0,-2.004,2.004,-2.004,2.004,0.0,0.0,0.0,0.0,4464.0,-8608164864.0,6938.0,0.0,0.0,0.0,0.0,0.0,0.0,0.0,0.0,69,-126841143296.0,-4.950393007110635e+32,0.0,0.0,0.0,0.0,0.0,0.0,0.0,0,0,0,0.0,0.0,0.0,0.0,0.0,0.0,0.0,0.0,0.0,0.0,0.0,0.0,0.0,0.0,0.0,0.0,0,-107875648.0,69,0.0,138,0.0,0.0,0,39322,17086,52429,17102,13107,17082,0,0,0,70,68,100,2.7302399002429377e+23,82.3,-0.0,78.2,2.7302388193790272e+23,79.0,1,49,50,180,0,52429,0,0,0.0,0.0,0.0,0.0,-0.0,67.0,0.0,162057.094,0.0,980,0,1009,0,0,0,953,0,1034,0,931,0,792,0,784,0,822,0,7520,0.032,1.400799628097319e+20,0.0,0.0,784,16797,-0.0,162057.094,-114818.039,-0.0,0.133,6.909358625270745e+28,30.0,70.0,35,0.0,0.0,0.0,0.0,0.0,0.0,0.0,0.0,0.0,0.0,0.0,0.0,0.0,0.0,0.0,0.0,66.4,0,150,71,52,65476,0,300,0,0,8,20529,65476,0,0,44564,70.0,0.0,0.0,0.0,0.0,0.0
2026-09-10T21:21:45,ERR,ERR,ERR,ERR,ERR,ERR,ERR,ERR,ERR,ERR,ERR,ERR,ERR,ERR,ERR,ERR,ERR,ERR,ERR,ERR,ERR,ERR,ERR,ERR,ERR,ERR,ERR,ERR,ERR,ERR,ERR,ERR,ERR,ERR,ERR,ERR,ERR,ERR,ERR,ERR,ERR,ERR,ERR,ERR,ERR,ERR,ERR,ERR,ERR,ERR,ERR,ERR,ERR,ERR,ERR,ERR,ERR,ERR,ERR,ERR,ERR,ERR,ERR,ERR,ERR,ERR,ERR,ERR,ERR,ERR,ERR,ERR,ERR,ERR,ERR,ERR,ERR,ERR,ERR,ERR,ERR,ERR,ERR,ERR,ERR,ERR,ERR,ERR,ERR,ERR,ERR,ERR,ERR,ERR,ERR,ERR,ERR,ERR,ERR,ERR,ERR,ERR,ERR,ERR,ERR,ERR,ERR,ERR,ERR,ERR,ERR,ERR,ERR,ERR,ERR,ERR,ERR,ERR,ERR,ERR,ERR,ERR,ERR,ERR,ERR,0.0,0.0,2.6474835549302285e+23,0.0,0.0,1.3936040501711995e+18,7.805,0.0,0,0,4,0,7116,0.0,100,0.0,0.0,0.0,0.0,0.0,0,0,0,0,0.0,0,0,0,0,0,0,0,0,0,0,0,0,0,0,0,0,0,0,0,0,0,0,0,0,0,0,0,0,0,0,0,0,0,31,40,40,71,65476,0,300,0,0,8,21553,0.0,-107605600.0,0.0,0.0,0.0,0.0,0.0,0.0,0.0,0.0,0.0,0.0,0.0,0.0,0.0,0.0,0.0,0.0,0.0,0.0,0.0,0.0,-2.004,2.004,-2.004,2.004,0.0,0.0,0.0,0.0,4464.0,-8608164864.0,6938.0,0.0,0.0,0.0,0.0,0.0,0.0,0.0,0.0,69,-126841143296.0,-4.950393007110635e+32,0.0,0.0,0.0,0.0,0.0,0.0,0.0,0,0,0,0.0,0.0,0.0,0.0,0.0,0.0,0.0,0.0,0.0,0.0,0.0,0.0,0.0,0.0,0.0,0.0,0,-107875648.0,69,0.0,138,0.0,0.0,0,39322,17086,52429,17102,13107,17082,0,0,0,70,68,100,2.7302399002429377e+23,82.3,-0.0,78.2,2.7302388193790272e+23,79.0,1,49,50,180,0,52429,0,0,0.0,0.0,0.0,0.0,-0.0,67.0,0.0,162057.094,0.0,979,0,1009,0,0,0,953,0,1034,0,931,0,792,0,783,0,822,0,7520,0.032,1.4065642356203533e+20,0.0,0.0,784,16797,-0.0,162057.094,-114818.039,-0.0,0.133,6.909358625270745e+28,30.0,70.0,35,0.0,0.0,0.0,0.0,0.0,0.0,0.0,0.0,0.0,0.0,0.0,0.0,0.0,0.0,0.0,0.0,66.4,0,150,71,52,65476,0,300,0,0,8,20529,65476,0,0,44564,70.0,0.0,0.0,0.0,0.0,0.0
2026-09-10T21:21:46,ERR,ERR,ERR,ERR,ERR,ERR,ERR,ERR,ERR,ERR,ERR,ERR,ERR,ERR,ERR,ERR,ERR,ERR,ERR,ERR,ERR,ERR,ERR,ERR,ERR,ERR,ERR,ERR,ERR,ERR,ERR,ERR,ERR,ERR,ERR,ERR,ERR,ERR,ERR,ERR,ERR,ERR,ERR,ERR,ERR,ERR,ERR,ERR,ERR,ERR,ERR,ERR,ERR,ERR,ERR,ERR,ERR,ERR,ERR,ERR,ERR,ERR,ERR,ERR,ERR,ERR,ERR,ERR,ERR,ERR,ERR,ERR,ERR,ERR,ERR,ERR,ERR,ERR,ERR,ERR,ERR,ERR,ERR,ERR,ERR,ERR,ERR,ERR,ERR,ERR,ERR,ERR,ERR,ERR,ERR,ERR,ERR,ERR,ERR,ERR,ERR,ERR,ERR,ERR,ERR,ERR,ERR,ERR,ERR,ERR,ERR,ERR,ERR,ERR,ERR,ERR,ERR,ERR,ERR,ERR,ERR,ERR,ERR,ERR,ERR,0.0,0.0,2.6474835549302285e+23,0.0,0.0,1.3936040501711995e+18,7.805,0.0,0,0,4,0,7116,0.0,100,0.0,0.0,0.0,0.0,0.0,0,0,0,0,0.0,0,0,0,0,0,0,0,0,0,0,0,0,0,0,0,0,0,0,0,0,0,0,0,0,0,0,0,0,0,0,0,0,0,31,40,40,71,65476,0,300,0,0,8,21553,0.0,-107605600.0,0.0,0.0,0.0,0.0,0.0,0.0,0.0,0.0,0.0,0.0,0.0,0.0,0.0,0.0,0.0,0.0,0.0,0.0,0.0,0.0,-2.004,2.004,-2.004,2.004,0.0,0.0,0.0,0.0,4464.0,-8608164864.0,6938.0,0.0,0.0,0.0,0.0,0.0,0.0,0.0,0.0,69,-126841143296.0,-4.950393007110635e+32,0.0,0.0,0.0,0.0,0.0,0.0,0.0,0,0,0,0.0,0.0,0.0,0.0,0.0,0.0,0.0,0.0,0.0,0.0,0.0,0.0,0.0,0.0,0.0,0.0,0,-107875648.0,69,0.0,138,0.0,0.0,0,39322,17086,52429,17102,13107,17082,0,0,0,70,68,100,2.7302399002429377e+23,82.3,-0.0,78.2,2.7302388193790272e+23,79.0,1,49,50,180,0,52429,0,0,0.0,0.0,0.0,0.0,-0.0,67.0,0.0,162057.094,0.0,979,0,1009,0,0,0,953,0,1034,0,931,0,792,0,783,0,822,0,7520,0.032,1.4065642356203533e+20,0.0,0.0,784,16797,-0.0,162057.094,-114818.039,-0.0,0.133,6.909358625270745e+28,30.0,70.0,35,0.0,0.0,0.0,0.0,0.0,0.0,0.0,0.0,0.0,0.0,0.0,0.0,0.0,0.0,0.0,0.0,66.4,0,150,71,52,65476,0,300,0,0,8,20529,65476,0,0,44564,70.0,0.0,0.0,0.0,0.0,0.0
2026-09-10T21:21:47,ERR,ERR,ERR,ERR,ERR,ERR,ERR,ERR,ERR,ERR,ERR,ERR,ERR,ERR,ERR,ERR,ERR,ERR,ERR,ERR,ERR,ERR,ERR,ERR,ERR,ERR,ERR,ERR,ERR,ERR,ERR,ERR,ERR,ERR,ERR,ERR,ERR,ERR,ERR,ERR,ERR,ERR,ERR,ERR,ERR,ERR,ERR,ERR,ERR,ERR,ERR,ERR,ERR,ERR,ERR,ERR,ERR,ERR,ERR,ERR,ERR,ERR,ERR,ERR,ERR,ERR,ERR,ERR,ERR,ERR,ERR,ERR,ERR,ERR,ERR,ERR,ERR,ERR,ERR,ERR,ERR,ERR,ERR,ERR,ERR,ERR,ERR,ERR,ERR,ERR,ERR,ERR,ERR,ERR,ERR,ERR,ERR,ERR,ERR,ERR,ERR,ERR,ERR,ERR,ERR,ERR,ERR,ERR,ERR,ERR,ERR,ERR,ERR,ERR,ERR,ERR,ERR,ERR,ERR,ERR,ERR,ERR,ERR,ERR,ERR,0.0,0.0,2.6474835549302285e+23,0.0,0.0,1.3936040501711995e+18,7.805,0.0,0,0,4,0,7116,0.0,100,0.0,0.0,0.0,0.0,0.0,0,0,0,0,0.0,0,0,0,0,0,0,0,0,0,0,0,0,0,0,0,0,0,0,0,0,0,0,0,0,0,0,0,0,0,0,0,0,0,31,40,40,71,65476,0,300,0,0,8,21553,0.0,-107605600.0,0.0,0.0,0.0,0.0,0.0,0.0,0.0,0.0,0.0,0.0,0.0,0.0,0.0,0.0,0.0,0.0,0.0,0.0,0.0,0.0,-2.004,2.004,-2.004,2.004,0.0,0.0,0.0,0.0,4464.0,-8608164864.0,6938.0,0.0,0.0,0.0,0.0,0.0,0.0,0.0,0.0,69,-126841143296.0,-4.950393007110635e+32,0.0,0.0,0.0,0.0,0.0,0.0,0.0,0,0,0,0.0,0.0,0.0,0.0,0.0,0.0,0.0,0.0,0.0,0.0,0.0,0.0,0.0,0.0,0.0,0.0,0,-107875648.0,69,0.0,138,0.0,0.0,0,39322,17086,52429,17102,13107,17082,0,0,0,70,68,100,2.7302399002429377e+23,82.3,-0.0,78.2,2.7302388193790272e+23,79.0,1,49,50,180,0,52429,0,0,0.0,0.0,0.0,0.0,-0.0,67.0,0.0,162057.094,0.0,979,0,1009,0,0,0,953,0,1034,0,931,0,792,0,783,0,822,0,7520,0.032,1.4065642356203533e+20,0.0,0.0,784,16797,-0.0,162057.094,-114818.039,-0.0,0.133,6.909358625270745e+28,30.0,70.0,35,0.0,0.0,0.0,0.0,0.0,0.0,0.0,0.0,0.0,0.0,0.0,0.0,0.0,0.0,0.0,0.0,66.4,0,150,71,52,65476,0,300,0,0,8,20529,65476,0,0,44564,70.0,0.0,0.0,0.0,0.0,0.0
2026-09-10T21:21:48,ERR,ERR,ERR,ERR,ERR,ERR,ERR,ERR,ERR,ERR,ERR,ERR,ERR,ERR,ERR,ERR,ERR,ERR,ERR,ERR,ERR,ERR,ERR,ERR,ERR,ERR,ERR,ERR,ERR,ERR,ERR,ERR,ERR,ERR,ERR,ERR,ERR,ERR,ERR,ERR,ERR,ERR,ERR,ERR,ERR,ERR,ERR,ERR,ERR,ERR,ERR,ERR,ERR,ERR,ERR,ERR,ERR,ERR,ERR,ERR,ERR,ERR,ERR,ERR,ERR,ERR,ERR,ERR,ERR,ERR,ERR,ERR,ERR,ERR,ERR,ERR,ERR,ERR,ERR,ERR,ERR,ERR,ERR,ERR,ERR,ERR,ERR,ERR,ERR,ERR,ERR,ERR,ERR,ERR,ERR,ERR,ERR,ERR,ERR,ERR,ERR,ERR,ERR,ERR,ERR,ERR,ERR,ERR,ERR,ERR,ERR,ERR,ERR,ERR,ERR,ERR,ERR,ERR,ERR,ERR,ERR,ERR,ERR,ERR,ERR,0.0,0.0,2.6474835549302285e+23,0.0,0.0,1.3936040501711995e+18,7.805,0.0,0,0,4,0,7116,0.0,100,0.0,0.0,0.0,0.0,0.0,0,0,0,0,0.0,0,0,0,0,0,0,0,0,0,0,0,0,0,0,0,0,0,0,0,0,0,0,0,0,0,0,0,0,0,0,0,0,0,31,40,40,71,65476,0,300,0,0,8,21553,0.0,-107605600.0,0.0,0.0,0.0,0.0,0.0,0.0,0.0,0.0,0.0,0.0,0.0,0.0,0.0,0.0,0.0,0.0,0.0,0.0,0.0,0.0,-2.004,2.004,-2.004,2.004,0.0,0.0,0.0,0.0,4464.0,-8608164864.0,6938.0,0.0,0.0,0.0,0.0,0.0,0.0,0.0,0.0,69,-126841143296.0,-4.950393007110635e+32,0.0,0.0,0.0,0.0,0.0,0.0,0.0,0,0,0,0.0,0.0,0.0,0.0,0.0,0.0,0.0,0.0,0.0,0.0,0.0,0.0,0.0,0.0,0.0,0.0,0,-107875648.0,69,0.0,138,0.0,0.0,0,39322,17086,52429,17102,13107,17082,0,0,0,70,68,100,2.7302399002429377e+23,82.3,-0.0,78.2,2.7302388193790272e+23,79.0,1,49,50,180,0,52429,0,0,0.0,0.0,0.0,0.0,-0.0,67.0,0.0,162057.094,0.0,979,0,1009,0,0,0,953,0,1034,0,931,0,792,0,783,0,822,0,7520,0.032,1.4065642356203533e+20,0.0,0.0,784,16797,-0.0,162057.094,-114818.039,-0.0,0.133,6.909358625270745e+28,30.0,70.0,35,0.0,0.0,0.0,0.0,0.0,0.0,0.0,0.0,0.0,0.0,0.0,0.0,0.0,0.0,0.0,0.0,66.4,0,150,71,52,65476,0,300,0,0,8,20529,65476,0,0,44564,70.0,0.0,0.0,0.0,0.0,0.0
2026-09-10T21:21:49,ERR,ERR,ERR,ERR,ERR,ERR,ERR,ERR,ERR,ERR,ERR,ERR,ERR,ERR,ERR,ERR,ERR,ERR,ERR,ERR,ERR,ERR,ERR,ERR,ERR,ERR,ERR,ERR,ERR,ERR,ERR,ERR,ERR,ERR,ERR,ERR,ERR,ERR,ERR,ERR,ERR,ERR,ERR,ERR,ERR,ERR,ERR,ERR,ERR,ERR,ERR,ERR,ERR,ERR,ERR,ERR,ERR,ERR,ERR,ERR,ERR,ERR,ERR,ERR,ERR,ERR,ERR,ERR,ERR,ERR,ERR,ERR,ERR,ERR,ERR,ERR,ERR,ERR,ERR,ERR,ERR,ERR,ERR,ERR,ERR,ERR,ERR,ERR,ERR,ERR,ERR,ERR,ERR,ERR,ERR,ERR,ERR,ERR,ERR,ERR,ERR,ERR,ERR,ERR,ERR,ERR,ERR,ERR,ERR,ERR,ERR,ERR,ERR,ERR,ERR,ERR,ERR,ERR,ERR,ERR,ERR,ERR,ERR,ERR,ERR,0.0,0.0,2.6474835549302285e+23,0.0,0.0,1.3936040501711995e+18,7.805,0.0,0,0,4,0,7116,0.0,100,0.0,0.0,0.0,0.0,0.0,0,0,0,0,0.0,0,0,0,0,0,0,0,0,0,0,0,0,0,0,0,0,0,0,0,0,0,0,0,0,0,0,0,0,0,0,0,0,0,31,40,40,71,65476,0,300,0,0,8,21553,0.0,-107605600.0,0.0,0.0,0.0,0.0,0.0,0.0,0.0,0.0,0.0,0.0,0.0,0.0,0.0,0.0,0.0,0.0,0.0,0.0,0.0,0.0,-2.004,2.004,-2.004,2.004,0.0,0.0,0.0,0.0,4464.0,-8608164864.0,6938.0,0.0,0.0,0.0,0.0,0.0,0.0,0.0,0.0,69,-126841143296.0,-4.950393007110635e+32,0.0,0.0,0.0,0.0,0.0,0.0,0.0,0,0,0,0.0,0.0,0.0,0.0,0.0,0.0,0.0,0.0,0.0,0.0,0.0,0.0,0.0,0.0,0.0,0.0,0,-107875648.0,69,0.0,138,0.0,0.0,0,39322,17086,52429,17102,13107,17082,0,0,0,70,68,100,2.7302399002429377e+23,82.3,-0.0,78.2,2.7302388193790272e+23,79.0,1,49,50,180,0,52429,0,0,0.0,0.0,0.0,0.0,-0.0,67.0,0.0,162057.094,0.0,979,0,1009,0,0,0,953,0,1034,0,931,0,792,0,783,0,822,0,7520,0.032,1.4065642356203533e+20,0.0,0.0,784,16797,-0.0,162057.094,-114818.039,-0.0,0.133,6.909358625270745e+28,30.0,70.0,35,0.0,0.0,0.0,0.0,0.0,0.0,0.0,0.0,0.0,0.0,0.0,0.0,0.0,0.0,0.0,0.0,66.4,0,150,71,52,65476,0,300,0,0,8,20529,65476,0,0,44564,70.0,0.0,0.0,0.0,0.0,0.0
2026-09-10T21:21:50,ERR,ERR,ERR,ERR,ERR,ERR,ERR,ERR,ERR,ERR,ERR,ERR,ERR,ERR,ERR,ERR,ERR,ERR,ERR,ERR,ERR,ERR,ERR,ERR,ERR,ERR,ERR,ERR,ERR,ERR,ERR,ERR,ERR,ERR,ERR,ERR,ERR,ERR,ERR,ERR,ERR,ERR,ERR,ERR,ERR,ERR,ERR,ERR,ERR,ERR,ERR,ERR,ERR,ERR,ERR,ERR,ERR,ERR,ERR,ERR,ERR,ERR,ERR,ERR,ERR,ERR,ERR,ERR,ERR,ERR,ERR,ERR,ERR,ERR,ERR,ERR,ERR,ERR,ERR,ERR,ERR,ERR,ERR,ERR,ERR,ERR,ERR,ERR,ERR,ERR,ERR,ERR,ERR,ERR,ERR,ERR,ERR,ERR,ERR,ERR,ERR,ERR,ERR,ERR,ERR,ERR,ERR,ERR,ERR,ERR,ERR,ERR,ERR,ERR,ERR,ERR,ERR,ERR,ERR,ERR,ERR,ERR,ERR,ERR,ERR,0.0,0.0,2.6474835549302285e+23,0.0,0.0,1.3936040501711995e+18,7.805,0.0,0,0,4,0,7116,0.0,100,0.0,0.0,0.0,0.0,0.0,0,0,0,0,0.0,0,0,0,0,0,0,0,0,0,0,0,0,0,0,0,0,0,0,0,0,0,0,0,0,0,0,0,0,0,0,0,0,0,31,40,40,71,65476,0,300,0,0,8,21553,0.0,-107605600.0,0.0,0.0,0.0,0.0,0.0,0.0,0.0,0.0,0.0,0.0,0.0,0.0,0.0,0.0,0.0,0.0,0.0,0.0,0.0,0.0,-2.004,2.004,-2.004,2.004,0.0,0.0,0.0,0.0,4464.0,-8608164864.0,6938.0,0.0,0.0,0.0,0.0,0.0,0.0,0.0,0.0,69,-126841143296.0,-4.950393007110635e+32,0.0,0.0,0.0,0.0,0.0,0.0,0.0,0,0,0,0.0,0.0,0.0,0.0,0.0,0.0,0.0,0.0,0.0,0.0,0.0,0.0,0.0,0.0,0.0,0.0,0,-107875648.0,69,0.0,138,0.0,0.0,0,39322,17086,52429,17102,13107,17082,0,0,0,70,68,100,2.7302399002429377e+23,82.3,-0.0,78.2,2.7302388193790272e+23,79.0,1,49,50,180,0,52429,0,0,0.0,0.0,0.0,0.0,-0.0,67.0,0.0,162057.094,0.0,979,0,1009,0,0,0,953,0,1034,0,931,0,792,0,783,0,822,0,7520,0.032,1.4065642356203533e+20,0.0,0.0,784,16797,-0.0,162057.094,-114818.039,-0.0,0.133,6.909358625270745e+28,30.0,70.0,35,0.0,0.0,0.0,0.0,0.0,0.0,0.0,0.0,0.0,0.0,0.0,0.0,0.0,0.0,0.0,0.0,66.4,0,150,71,52,65476,0,300,0,0,8,20529,65476,0,0,44564,70.0,0.0,0.0,0.0,0.0,0.0
2026-09-10T21:21:51,ERR,ERR,ERR,ERR,ERR,ERR,ERR,ERR,ERR,ERR,ERR,ERR,ERR,ERR,ERR,ERR,ERR,ERR,ERR,ERR,ERR,ERR,ERR,ERR,ERR,ERR,ERR,ERR,ERR,ERR,ERR,ERR,ERR,ERR,ERR,ERR,ERR,ERR,ERR,ERR,ERR,ERR,ERR,ERR,ERR,ERR,ERR,ERR,ERR,ERR,ERR,ERR,ERR,ERR,ERR,ERR,ERR,ERR,ERR,ERR,ERR,ERR,ERR,ERR,ERR,ERR,ERR,ERR,ERR,ERR,ERR,ERR,ERR,ERR,ERR,ERR,ERR,ERR,ERR,ERR,ERR,ERR,ERR,ERR,ERR,ERR,ERR,ERR,ERR,ERR,ERR,ERR,ERR,ERR,ERR,ERR,ERR,ERR,ERR,ERR,ERR,ERR,ERR,ERR,ERR,ERR,ERR,ERR,ERR,ERR,ERR,ERR,ERR,ERR,ERR,ERR,ERR,ERR,ERR,ERR,ERR,ERR,ERR,ERR,ERR,0.0,0.0,2.6474835549302285e+23,0.0,0.0,1.3936040501711995e+18,7.805,0.0,0,0,4,0,7116,0.0,100,0.0,0.0,0.0,0.0,0.0,0,0,0,0,0.0,0,0,0,0,0,0,0,0,0,0,0,0,0,0,0,0,0,0,0,0,0,0,0,0,0,0,0,0,0,0,0,0,0,31,40,40,71,65476,0,300,0,0,8,21553,0.0,-107605600.0,0.0,0.0,0.0,0.0,0.0,0.0,0.0,0.0,0.0,0.0,0.0,0.0,0.0,0.0,0.0,0.0,0.0,0.0,0.0,0.0,-2.004,2.004,-2.004,2.004,0.0,0.0,0.0,0.0,4464.0,-8608164864.0,6938.0,0.0,0.0,0.0,0.0,0.0,0.0,0.0,0.0,69,-126841143296.0,-4.950393007110635e+32,0.0,0.0,0.0,0.0,0.0,0.0,0.0,0,0,0,0.0,0.0,0.0,0.0,0.0,0.0,0.0,0.0,0.0,0.0,0.0,0.0,0.0,0.0,0.0,0.0,0,-107875648.0,69,0.0,138,0.0,0.0,0,39322,17086,52429,17102,13107,17082,0,0,0,70,68,100,2.7302399002429377e+23,82.3,-0.0,78.1,2.7302388193790272e+23,79.0,1,49,50,180,52429,52429,0,0,0.0,0.0,0.0,0.0,-0.0,67.0,0.0,162057.094,0.0,979,0,1009,0,0,0,953,0,1034,0,931,0,792,0,783,0,822,0,7520,0.032,1.400799628097319e+20,0.0,0.0,784,16797,-0.0,162057.094,-114818.039,-0.0,0.133,6.909358625270745e+28,30.0,70.0,35,0.0,0.0,0.0,0.0,0.0,0.0,0.0,0.0,0.0,0.0,0.0,0.0,0.0,0.0,0.0,0.0,66.4,0,150,71,52,65476,0,300,0,0,8,20529,65476,0,0,44564,70.0,0.0,0.0,0.0,0.0,0.0
2026-09-10T21:21:52,ERR,ERR,ERR,ERR,ERR,ERR,ERR,ERR,ERR,ERR,ERR,ERR,ERR,ERR,ERR,ERR,ERR,ERR,ERR,ERR,ERR,ERR,ERR,ERR,ERR,ERR,ERR,ERR,ERR,ERR,ERR,ERR,ERR,ERR,ERR,ERR,ERR,ERR,ERR,ERR,ERR,ERR,ERR,ERR,ERR,ERR,ERR,ERR,ERR,ERR,ERR,ERR,ERR,ERR,ERR,ERR,ERR,ERR,ERR,ERR,ERR,ERR,ERR,ERR,ERR,ERR,ERR,ERR,ERR,ERR,ERR,ERR,ERR,ERR,ERR,ERR,ERR,ERR,ERR,ERR,ERR,ERR,ERR,ERR,ERR,ERR,ERR,ERR,ERR,ERR,ERR,ERR,ERR,ERR,ERR,ERR,ERR,ERR,ERR,ERR,ERR,ERR,ERR,ERR,ERR,ERR,ERR,ERR,ERR,ERR,ERR,ERR,ERR,ERR,ERR,ERR,ERR,ERR,ERR,ERR,ERR,ERR,ERR,ERR,ERR,0.0,0.0,2.6474835549302285e+23,0.0,0.0,1.3936040501711995e+18,7.805,0.0,0,0,4,0,7116,0.0,100,0.0,0.0,0.0,0.0,0.0,0,0,0,0,0.0,0,0,0,0,0,0,0,0,0,0,0,0,0,0,0,0,0,0,0,0,0,0,0,0,0,0,0,0,0,0,0,0,0,31,40,40,71,65476,0,300,0,0,8,21553,0.0,-107605600.0,0.0,0.0,0.0,0.0,0.0,0.0,0.0,0.0,0.0,0.0,0.0,0.0,0.0,0.0,0.0,0.0,0.0,0.0,0.0,0.0,-2.004,2.004,-2.004,2.004,0.0,0.0,0.0,0.0,4468.0,-3.697178656945629e+19,6939.0,0.0,0.0,0.0,0.0,0.0,0.0,0.0,0.0,69,-4.950430145311814e+32,0.0,0.0,0.0,0.0,0.0,0.0,0.0,0.0,0,0,0,0.0,0.0,0.0,0.0,0.0,0.0,0.0,0.0,0.0,0.0,0.0,0.0,0.0,0.0,0.0,0.0,0,-107875648.0,69,0.0,138,0.0,0.0,0,39322,17086,52429,17102,13107,17082,0,0,0,70,68,100,2.7302399002429377e+23,82.3,-0.0,78.1,2.7302388193790272e+23,79.0,1,49,50,180,52429,52429,0,0,0.0,0.0,0.0,0.0,-0.0,67.0,0.0,162057.094,0.0,979,0,1009,0,0,0,953,0,1034,0,931,0,792,0,783,0,822,0,7520,0.032,1.400799628097319e+20,0.0,0.0,784,16797,-0.0,162057.094,-114818.039,-0.0,0.133,6.909358625270745e+28,30.0,70.0,35,0.0,0.0,0.0,0.0,0.0,0.0,0.0,0.0,0.0,0.0,0.0,0.0,0.0,0.0,0.0,0.0,66.4,0,150,71,52,65476,0,300,0,0,8,20529,65476,0,0,44564,70.0,0.0,0.0,0.0,0.0,0.0
2026-09-10T21:21:53,ERR,ERR,ERR,ERR,ERR,ERR,ERR,ERR,ERR,ERR,ERR,ERR,ERR,ERR,ERR,ERR,ERR,ERR,ERR,ERR,ERR,ERR,ERR,ERR,ERR,ERR,ERR,ERR,ERR,ERR,ERR,ERR,ERR,ERR,ERR,ERR,ERR,ERR,ERR,ERR,ERR,ERR,ERR,ERR,ERR,ERR,ERR,ERR,ERR,ERR,ERR,ERR,ERR,ERR,ERR,ERR,ERR,ERR,ERR,ERR,ERR,ERR,ERR,ERR,ERR,ERR,ERR,ERR,ERR,ERR,ERR,ERR,ERR,ERR,ERR,ERR,ERR,ERR,ERR,ERR,ERR,ERR,ERR,ERR,ERR,ERR,ERR,ERR,ERR,ERR,ERR,ERR,ERR,ERR,ERR,ERR,ERR,ERR,ERR,ERR,ERR,ERR,ERR,ERR,ERR,ERR,ERR,ERR,ERR,ERR,ERR,ERR,ERR,ERR,ERR,ERR,ERR,ERR,ERR,ERR,ERR,ERR,ERR,ERR,ERR,0.0,0.0,2.6474835549302285e+23,0.0,0.0,1.3936040501711995e+18,7.805,0.0,0,0,4,0,7116,0.0,100,0.0,0.0,0.0,0.0,0.0,0,0,0,0,0.0,0,0,0,0,0,0,0,0,0,0,0,0,0,0,0,0,0,0,0,0,0,0,0,0,0,0,0,0,0,0,0,0,0,31,40,40,71,65476,0,300,0,0,8,21553,0.0,-107605600.0,0.0,0.0,0.0,0.0,0.0,0.0,0.0,0.0,0.0,0.0,0.0,0.0,0.0,0.0,0.0,0.0,0.0,0.0,0.0,0.0,-2.004,2.004,-2.004,2.004,0.0,0.0,0.0,0.0,4468.0,-3.697178656945629e+19,6939.0,0.0,0.0,0.0,0.0,0.0,0.0,0.0,0.0,69,-4.950430145311814e+32,0.0,0.0,0.0,0.0,0.0,0.0,0.0,0.0,0,0,0,0.0,0.0,0.0,0.0,0.0,0.0,0.0,0.0,0.0,0.0,0.0,0.0,0.0,0.0,0.0,0.0,0,-107875648.0,69,0.0,138,0.0,0.0,0,39322,17086,52429,17102,13107,17082,0,0,0,70,68,100,2.7302399002429377e+23,82.3,-0.0,78.1,2.7302388193790272e+23,79.0,1,49,50,180,52429,52429,0,0,0.0,0.0,0.0,0.0,-0.0,67.0,0.0,162057.094,0.0,979,0,1009,0,0,0,953,0,1034,0,931,0,792,0,783,0,822,0,7520,0.032,1.400799628097319e+20,0.0,0.0,784,16797,-0.0,162057.094,-114818.039,-0.0,0.133,6.909358625270745e+28,30.0,70.0,35,0.0,0.0,0.0,0.0,0.0,0.0,0.0,0.0,0.0,0.0,0.0,0.0,0.0,0.0,0.0,0.0,66.4,0,150,71,52,65476,0,300,0,0,8,20529,65476,0,0,44564,70.0,0.0,0.0,0.0,0.0,0.0
2026-09-10T21:21:54,ERR,ERR,ERR,ERR,ERR,ERR,ERR,ERR,ERR,ERR,ERR,ERR,ERR,ERR,ERR,ERR,ERR,ERR,ERR,ERR,ERR,ERR,ERR,ERR,ERR,ERR,ERR,ERR,ERR,ERR,ERR,ERR,ERR,ERR,ERR,ERR,ERR,ERR,ERR,ERR,ERR,ERR,ERR,ERR,ERR,ERR,ERR,ERR,ERR,ERR,ERR,ERR,ERR,ERR,ERR,ERR,ERR,ERR,ERR,ERR,ERR,ERR,ERR,ERR,ERR,ERR,ERR,ERR,ERR,ERR,ERR,ERR,ERR,ERR,ERR,ERR,ERR,ERR,ERR,ERR,ERR,ERR,ERR,ERR,ERR,ERR,ERR,ERR,ERR,ERR,ERR,ERR,ERR,ERR,ERR,ERR,ERR,ERR,ERR,ERR,ERR,ERR,ERR,ERR,ERR,ERR,ERR,ERR,ERR,ERR,ERR,ERR,ERR,ERR,ERR,ERR,ERR,ERR,ERR,ERR,ERR,ERR,ERR,ERR,ERR,0.0,0.0,2.6474835549302285e+23,0.0,0.0,1.3936040501711995e+18,7.805,0.0,0,0,4,0,7116,0.0,100,0.0,0.0,0.0,0.0,0.0,0,0,0,0,0.0,0,0,0,0,0,0,0,0,0,0,0,0,0,0,0,0,0,0,0,0,0,0,0,0,0,0,0,0,0,0,0,0,0,31,40,40,71,65476,0,300,0,0,8,21553,0.0,-107605600.0,0.0,0.0,0.0,0.0,0.0,0.0,0.0,0.0,0.0,0.0,0.0,0.0,0.0,0.0,0.0,0.0,0.0,0.0,0.0,0.0,-2.004,2.004,-2.004,2.004,0.0,0.0,0.0,0.0,4468.0,-3.697178656945629e+19,6939.0,0.0,0.0,0.0,0.0,0.0,0.0,0.0,0.0,69,-4.950430145311814e+32,0.0,0.0,0.0,0.0,0.0,0.0,0.0,0.0,0,0,0,0.0,0.0,0.0,0.0,0.0,0.0,0.0,0.0,0.0,0.0,0.0,0.0,0.0,0.0,0.0,0.0,0,-107875648.0,69,0.0,138,0.0,0.0,0,39322,17086,52429,17102,13107,17082,0,0,0,70,68,100,2.7302399002429377e+23,82.3,-0.0,78.1,2.7302388193790272e+23,79.0,1,49,50,180,52429,52429,0,0,0.0,0.0,0.0,0.0,-0.0,67.0,0.0,162057.094,0.0,979,0,1009,0,0,0,953,0,1034,0,931,0,792,0,783,0,822,0,7520,0.032,1.400799628097319e+20,0.0,0.0,784,16797,-0.0,162057.094,-114818.039,-0.0,0.133,6.909358625270745e+28,30.0,70.0,35,0.0,0.0,0.0,0.0,0.0,0.0,0.0,0.0,0.0,0.0,0.0,0.0,0.0,0.0,0.0,0.0,66.4,0,150,71,52,65476,0,300,0,0,8,20529,65476,0,0,44564,70.0,0.0,0.0,0.0,0.0,0.0
2026-09-10T21:21:55,ERR,ERR,ERR,ERR,ERR,ERR,ERR,ERR,ERR,ERR,ERR,ERR,ERR,ERR,ERR,ERR,ERR,ERR,ERR,ERR,ERR,ERR,ERR,ERR,ERR,ERR,ERR,ERR,ERR,ERR,ERR,ERR,ERR,ERR,ERR,ERR,ERR,ERR,ERR,ERR,ERR,ERR,ERR,ERR,ERR,ERR,ERR,ERR,ERR,ERR,ERR,ERR,ERR,ERR,ERR,ERR,ERR,ERR,ERR,ERR,ERR,ERR,ERR,ERR,ERR,ERR,ERR,ERR,ERR,ERR,ERR,ERR,ERR,ERR,ERR,ERR,ERR,ERR,ERR,ERR,ERR,ERR,ERR,ERR,ERR,ERR,ERR,ERR,ERR,ERR,ERR,ERR,ERR,ERR,ERR,ERR,ERR,ERR,ERR,ERR,ERR,ERR,ERR,ERR,ERR,ERR,ERR,ERR,ERR,ERR,ERR,ERR,ERR,ERR,ERR,ERR,ERR,ERR,ERR,ERR,ERR,ERR,ERR,ERR,ERR,0.0,0.0,2.6474835549302285e+23,0.0,0.0,1.3936040501711995e+18,7.805,0.0,0,0,4,0,7116,0.0,100,0.0,0.0,0.0,0.0,0.0,0,0,0,0,0.0,0,0,0,0,0,0,0,0,0,0,0,0,0,0,0,0,0,0,0,0,0,0,0,0,0,0,0,0,0,0,0,0,0,31,40,40,71,65476,0,300,0,0,8,21553,0.0,-107605600.0,0.0,0.0,0.0,0.0,0.0,0.0,0.0,0.0,0.0,0.0,0.0,0.0,0.0,0.0,0.0,0.0,0.0,0.0,0.0,0.0,-2.004,2.004,-2.004,2.004,0.0,0.0,0.0,0.0,4468.0,-3.697178656945629e+19,6939.0,0.0,0.0,0.0,0.0,0.0,0.0,0.0,0.0,69,-4.950430145311814e+32,0.0,0.0,0.0,0.0,0.0,0.0,0.0,0.0,0,0,0,0.0,0.0,0.0,0.0,0.0,0.0,0.0,0.0,0.0,0.0,0.0,0.0,0.0,0.0,0.0,0.0,0,-107875648.0,69,0.0,138,0.0,0.0,0,39322,17086,52429,17102,13107,17082,0,0,0,70,68,100,2.7302399002429377e+23,82.3,-0.0,78.1,2.7302388193790272e+23,79.0,1,49,50,180,52429,52429,0,0,0.0,0.0,0.0,0.0,-0.0,67.0,0.0,162057.094,0.0,979,0,1009,0,0,0,953,0,1034,0,931,0,792,0,783,0,822,0,7520,0.032,1.400799628097319e+20,0.0,0.0,784,16797,-0.0,162057.094,-114818.039,-0.0,0.133,6.909358625270745e+28,30.0,70.0,35,0.0,0.0,0.0,0.0,0.0,0.0,0.0,0.0,0.0,0.0,0.0,0.0,0.0,0.0,0.0,0.0,66.4,0,150,71,52,65476,0,300,0,0,8,20529,65476,0,0,44564,70.0,0.0,0.0,0.0,0.0,0.0
2026-09-10T21:21:56,ERR,ERR,ERR,ERR,ERR,ERR,ERR,ERR,ERR,ERR,ERR,ERR,ERR,ERR,ERR,ERR,ERR,ERR,ERR,ERR,ERR,ERR,ERR,ERR,ERR,ERR,ERR,ERR,ERR,ERR,ERR,ERR,ERR,ERR,ERR,ERR,ERR,ERR,ERR,ERR,ERR,ERR,ERR,ERR,ERR,ERR,ERR,ERR,ERR,ERR,ERR,ERR,ERR,ERR,ERR,ERR,ERR,ERR,ERR,ERR,ERR,ERR,ERR,ERR,ERR,ERR,ERR,ERR,ERR,ERR,ERR,ERR,ERR,ERR,ERR,ERR,ERR,ERR,ERR,ERR,ERR,ERR,ERR,ERR,ERR,ERR,ERR,ERR,ERR,ERR,ERR,ERR,ERR,ERR,ERR,ERR,ERR,ERR,ERR,ERR,ERR,ERR,ERR,ERR,ERR,ERR,ERR,ERR,ERR,ERR,ERR,ERR,ERR,ERR,ERR,ERR,ERR,ERR,ERR,ERR,ERR,ERR,ERR,ERR,ERR,0.0,0.0,2.6474835549302285e+23,0.0,0.0,1.3936040501711995e+18,7.805,0.0,0,0,4,0,7116,0.0,100,0.0,0.0,0.0,0.0,0.0,0,0,0,0,0.0,0,0,0,0,0,0,0,0,0,0,0,0,0,0,0,0,0,0,0,0,0,0,0,0,0,0,0,0,0,0,0,0,0,31,40,40,71,65476,0,300,0,0,8,21553,0.0,-107605600.0,0.0,0.0,0.0,0.0,0.0,0.0,0.0,0.0,0.0,0.0,0.0,0.0,0.0,0.0,0.0,0.0,0.0,0.0,0.0,0.0,-2.004,2.004,-2.004,2.004,0.0,0.0,0.0,0.0,4468.0,-3.697178656945629e+19,6939.0,0.0,0.0,0.0,0.0,0.0,0.0,0.0,0.0,69,-4.950430145311814e+32,0.0,0.0,0.0,0.0,0.0,0.0,0.0,0.0,0,0,0,0.0,0.0,0.0,0.0,0.0,0.0,0.0,0.0,0.0,0.0,0.0,0.0,0.0,0.0,0.0,0.0,0,-107875648.0,69,0.0,138,0.0,0.0,0,39322,17086,52429,17102,13107,17082,0,0,0,70,68,100,2.7302399002429377e+23,82.3,-0.0,78.1,2.7302388193790272e+23,79.0,1,49,50,180,52429,52429,0,0,0.0,0.0,0.0,0.0,-0.0,67.0,0.0,162057.094,0.0,979,0,1009,0,0,0,953,0,1034,0,931,0,792,0,783,0,822,0,7520,0.032,1.400799628097319e+20,0.0,0.0,784,16797,-0.0,162057.094,-114818.039,-0.0,0.133,6.909358625270745e+28,30.0,70.0,35,0.0,0.0,0.0,0.0,0.0,0.0,0.0,0.0,0.0,0.0,0.0,0.0,0.0,0.0,0.0,0.0,66.4,0,150,71,52,65476,0,300,0,0,8,20529,65476,0,0,44564,70.0,0.0,0.0,0.0,0.0,0.0
2026-09-10T21:21:57,ERR,ERR,ERR,ERR,ERR,ERR,ERR,ERR,ERR,ERR,ERR,ERR,ERR,ERR,ERR,ERR,ERR,ERR,ERR,ERR,ERR,ERR,ERR,ERR,ERR,ERR,ERR,ERR,ERR,ERR,ERR,ERR,ERR,ERR,ERR,ERR,ERR,ERR,ERR,ERR,ERR,ERR,ERR,ERR,ERR,ERR,ERR,ERR,ERR,ERR,ERR,ERR,ERR,ERR,ERR,ERR,ERR,ERR,ERR,ERR,ERR,ERR,ERR,ERR,ERR,ERR,ERR,ERR,ERR,ERR,ERR,ERR,ERR,ERR,ERR,ERR,ERR,ERR,ERR,ERR,ERR,ERR,ERR,ERR,ERR,ERR,ERR,ERR,ERR,ERR,ERR,ERR,ERR,ERR,ERR,ERR,ERR,ERR,ERR,ERR,ERR,ERR,ERR,ERR,ERR,ERR,ERR,ERR,ERR,ERR,ERR,ERR,ERR,ERR,ERR,ERR,ERR,ERR,ERR,ERR,ERR,ERR,ERR,ERR,ERR,0.0,0.0,2.6474835549302285e+23,0.0,0.0,1.3936040501711995e+18,7.805,0.0,0,0,4,0,7116,0.0,100,0.0,0.0,0.0,0.0,0.0,0,0,0,0,0.0,0,0,0,0,0,0,0,0,0,0,0,0,0,0,0,0,0,0,0,0,0,0,0,0,0,0,0,0,0,0,0,0,0,31,40,40,71,65476,0,300,0,0,8,21553,0.0,-107605600.0,0.0,0.0,0.0,0.0,0.0,0.0,0.0,0.0,0.0,0.0,0.0,0.0,0.0,0.0,0.0,0.0,0.0,0.0,0.0,0.0,-2.004,2.004,-2.004,2.004,0.0,0.0,0.0,0.0,4468.0,-3.697178656945629e+19,6939.0,0.0,0.0,0.0,0.0,0.0,0.0,0.0,0.0,69,-4.950430145311814e+32,0.0,0.0,0.0,0.0,0.0,0.0,0.0,0.0,0,0,0,0.0,0.0,0.0,0.0,0.0,0.0,0.0,0.0,0.0,0.0,0.0,0.0,0.0,0.0,0.0,0.0,0,-107875648.0,69,0.0,138,0.0,0.0,0,39322,17086,52429,17102,13107,17082,0,0,0,70,68,100,2.7302399002429377e+23,82.3,-0.0,78.1,0.0,79.0,1,49,50,180,52429,52429,0,0,0.0,0.0,0.0,0.0,-0.0,67.0,0.0,162057.094,0.0,979,0,1009,0,0,0,953,0,1034,0,931,0,792,0,783,0,823,0,7520,0.032,1.400799628097319e+20,0.0,0.0,784,16797,-0.0,162057.094,-114818.039,-0.0,0.133,6.909358625270745e+28,30.0,70.0,35,0.0,0.0,0.0,0.0,0.0,0.0,0.0,0.0,0.0,0.0,0.0,0.0,0.0,0.0,0.0,0.0,66.4,0,150,71,52,65476,0,300,0,0,8,20529,65476,0,0,44564,70.0,0.0,0.0,0.0,0.0,0.0
2026-09-10T21:21:58,ERR,ERR,ERR,ERR,ERR,ERR,ERR,ERR,ERR,ERR,ERR,ERR,ERR,ERR,ERR,ERR,ERR,ERR,ERR,ERR,ERR,ERR,ERR,ERR,ERR,ERR,ERR,ERR,ERR,ERR,ERR,ERR,ERR,ERR,ERR,ERR,ERR,ERR,ERR,ERR,ERR,ERR,ERR,ERR,ERR,ERR,ERR,ERR,ERR,ERR,ERR,ERR,ERR,ERR,ERR,ERR,ERR,ERR,ERR,ERR,ERR,ERR,ERR,ERR,ERR,ERR,ERR,ERR,ERR,ERR,ERR,ERR,ERR,ERR,ERR,ERR,ERR,ERR,ERR,ERR,ERR,ERR,ERR,ERR,ERR,ERR,ERR,ERR,ERR,ERR,ERR,ERR,ERR,ERR,ERR,ERR,ERR,ERR,ERR,ERR,ERR,ERR,ERR,ERR,ERR,ERR,ERR,ERR,ERR,ERR,ERR,ERR,ERR,ERR,ERR,ERR,ERR,ERR,ERR,ERR,ERR,ERR,ERR,ERR,ERR,0.0,0.0,2.6474835549302285e+23,0.0,0.0,1.3936040501711995e+18,7.805,0.0,0,0,4,0,7116,0.0,100,0.0,0.0,0.0,0.0,0.0,0,0,0,0,0.0,0,0,0,0,0,0,0,0,0,0,0,0,0,0,0,0,0,0,0,0,0,0,0,0,0,0,0,0,0,0,0,0,0,31,40,40,71,65476,0,300,0,0,8,21553,0.0,-107605600.0,0.0,0.0,0.0,0.0,0.0,0.0,0.0,0.0,0.0,0.0,0.0,0.0,0.0,0.0,0.0,0.0,0.0,0.0,0.0,0.0,-2.004,2.004,-2.004,2.004,0.0,0.0,0.0,0.0,4468.0,-3.697178656945629e+19,6939.0,0.0,0.0,0.0,0.0,0.0,0.0,0.0,0.0,69,-4.950430145311814e+32,0.0,0.0,0.0,0.0,0.0,0.0,0.0,0.0,0,0,0,0.0,0.0,0.0,0.0,0.0,0.0,0.0,0.0,0.0,0.0,0.0,0.0,0.0,0.0,0.0,0.0,0,-107875648.0,69,0.0,138,0.0,0.0,0,39322,17086,52429,17102,13107,17082,0,0,0,70,68,100,2.7302399002429377e+23,82.3,-0.0,78.1,0.0,79.0,1,49,50,180,52429,52429,0,0,0.0,0.0,0.0,0.0,-0.0,67.0,0.0,162057.094,0.0,979,0,1009,0,0,0,953,0,1034,0,931,0,792,0,783,0,823,0,7520,0.032,1.400799628097319e+20,0.0,0.0,784,16797,-0.0,162057.094,-114818.039,-0.0,0.133,6.909358625270745e+28,30.0,70.0,35,0.0,0.0,0.0,0.0,0.0,0.0,0.0,0.0,0.0,0.0,0.0,0.0,0.0,0.0,0.0,0.0,66.4,0,150,71,52,65476,0,300,0,0,8,20529,65476,0,0,44564,70.0,0.0,0.0,0.0,0.0,0.0
2026-09-10T21:21:59,ERR,ERR,ERR,ERR,ERR,ERR,ERR,ERR,ERR,ERR,ERR,ERR,ERR,ERR,ERR,ERR,ERR,ERR,ERR,ERR,ERR,ERR,ERR,ERR,ERR,ERR,ERR,ERR,ERR,ERR,ERR,ERR,ERR,ERR,ERR,ERR,ERR,ERR,ERR,ERR,ERR,ERR,ERR,ERR,ERR,ERR,ERR,ERR,ERR,ERR,ERR,ERR,ERR,ERR,ERR,ERR,ERR,ERR,ERR,ERR,ERR,ERR,ERR,ERR,ERR,ERR,ERR,ERR,ERR,ERR,ERR,ERR,ERR,ERR,ERR,ERR,ERR,ERR,ERR,ERR,ERR,ERR,ERR,ERR,ERR,ERR,ERR,ERR,ERR,ERR,ERR,ERR,ERR,ERR,ERR,ERR,ERR,ERR,ERR,ERR,ERR,ERR,ERR,ERR,ERR,ERR,ERR,ERR,ERR,ERR,ERR,ERR,ERR,ERR,ERR,ERR,ERR,ERR,ERR,ERR,ERR,ERR,ERR,ERR,ERR,0.0,0.0,2.6474835549302285e+23,0.0,0.0,1.3936040501711995e+18,7.805,0.0,0,0,4,0,7116,0.0,100,0.0,0.0,0.0,0.0,0.0,0,0,0,0,0.0,0,0,0,0,0,0,0,0,0,0,0,0,0,0,0,0,0,0,0,0,0,0,0,0,0,0,0,0,0,0,0,0,0,31,40,40,71,65476,0,300,0,0,8,21553,0.0,-107605600.0,0.0,0.0,0.0,0.0,0.0,0.0,0.0,0.0,0.0,0.0,0.0,0.0,0.0,0.0,0.0,0.0,0.0,0.0,0.0,0.0,-2.004,2.004,-2.004,2.004,0.0,0.0,0.0,0.0,4468.0,-3.697178656945629e+19,6939.0,0.0,0.0,0.0,0.0,0.0,0.0,0.0,0.0,69,-4.950430145311814e+32,0.0,0.0,0.0,0.0,0.0,0.0,0.0,0.0,0,0,0,0.0,0.0,0.0,0.0,0.0,0.0,0.0,0.0,0.0,0.0,0.0,0.0,0.0,0.0,0.0,0.0,0,-107875648.0,69,0.0,138,0.0,0.0,0,39322,17086,52429,17102,13107,17082,0,0,0,70,68,100,2.7302399002429377e+23,82.3,-0.0,78.1,0.0,79.0,1,49,50,180,52429,52429,0,0,0.0,0.0,0.0,0.0,-0.0,67.0,0.0,162057.094,0.0,979,0,1009,0,0,0,953,0,1034,0,931,0,792,0,783,0,823,0,7520,0.032,1.400799628097319e+20,0.0,0.0,784,16797,-0.0,162057.094,-114818.039,-0.0,0.133,6.909358625270745e+28,30.0,70.0,35,0.0,0.0,0.0,0.0,0.0,0.0,0.0,0.0,0.0,0.0,0.0,0.0,0.0,0.0,0.0,0.0,66.4,0,150,71,52,65476,0,300,0,0,8,20529,65476,0,0,44564,70.0,0.0,0.0,0.0,0.0,0.0
2026-09-10T21:22:00,ERR,ERR,ERR,ERR,ERR,ERR,ERR,ERR,ERR,ERR,ERR,ERR,ERR,ERR,ERR,ERR,ERR,ERR,ERR,ERR,ERR,ERR,ERR,ERR,ERR,ERR,ERR,ERR,ERR,ERR,ERR,ERR,ERR,ERR,ERR,ERR,ERR,ERR,ERR,ERR,ERR,ERR,ERR,ERR,ERR,ERR,ERR,ERR,ERR,ERR,ERR,ERR,ERR,ERR,ERR,ERR,ERR,ERR,ERR,ERR,ERR,ERR,ERR,ERR,ERR,ERR,ERR,ERR,ERR,ERR,ERR,ERR,ERR,ERR,ERR,ERR,ERR,ERR,ERR,ERR,ERR,ERR,ERR,ERR,ERR,ERR,ERR,ERR,ERR,ERR,ERR,ERR,ERR,ERR,ERR,ERR,ERR,ERR,ERR,ERR,ERR,ERR,ERR,ERR,ERR,ERR,ERR,ERR,ERR,ERR,ERR,ERR,ERR,ERR,ERR,ERR,ERR,ERR,ERR,ERR,ERR,ERR,ERR,ERR,ERR,0.0,0.0,2.6474835549302285e+23,0.0,0.0,1.3936040501711995e+18,7.805,0.0,0,0,4,0,7116,0.0,100,0.0,0.0,0.0,0.0,0.0,0,0,0,0,0.0,0,0,0,0,0,0,0,0,0,0,0,0,0,0,0,0,0,0,0,0,0,0,0,0,0,0,0,0,0,0,0,0,0,31,40,40,71,65476,0,300,0,0,8,21553,0.0,-107605600.0,0.0,0.0,0.0,0.0,0.0,0.0,0.0,0.0,0.0,0.0,0.0,0.0,0.0,0.0,0.0,0.0,0.0,0.0,0.0,0.0,-2.004,2.004,-2.004,2.004,0.0,0.0,0.0,0.0,4463.0,-1.587926141905068e+29,6942.0,0.0,0.0,0.0,0.0,0.0,0.0,0.0,0.0,69,-2.718430741444032e+23,0.0,0.0,0.0,0.0,0.0,0.0,0.0,0.0,0,0,0,0.0,0.0,0.0,0.0,0.0,0.0,0.0,0.0,0.0,0.0,0.0,0.0,0.0,0.0,0.0,0.0,0,-107875648.0,69,0.0,138,0.0,0.0,0,39322,17086,52429,17102,13107,17082,0,0,0,70,68,100,2.7302399002429377e+23,82.3,-0.0,78.1,0.0,79.0,1,49,50,180,52429,52429,0,0,0.0,0.0,0.0,0.0,-0.0,67.0,0.0,162057.094,0.0,979,0,1009,0,0,0,953,0,1034,0,931,0,792,0,783,0,823,0,7520,0.032,1.400799628097319e+20,0.0,0.0,784,16797,-0.0,162057.094,-114818.039,-0.0,0.133,6.909358625270745e+28,30.0,70.0,35,0.0,0.0,0.0,0.0,0.0,0.0,0.0,0.0,0.0,0.0,0.0,0.0,0.0,0.0,0.0,0.0,66.4,0,150,71,52,65476,0,300,0,0,8,20529,65476,0,0,44564,70.0,0.0,0.0,0.0,0.0,0.0
2026-09-10T21:22:01,ERR,ERR,ERR,ERR,ERR,ERR,ERR,ERR,ERR,ERR,ERR,ERR,ERR,ERR,ERR,ERR,ERR,ERR,ERR,ERR,ERR,ERR,ERR,ERR,ERR,ERR,ERR,ERR,ERR,ERR,ERR,ERR,ERR,ERR,ERR,ERR,ERR,ERR,ERR,ERR,ERR,ERR,ERR,ERR,ERR,ERR,ERR,ERR,ERR,ERR,ERR,ERR,ERR,ERR,ERR,ERR,ERR,ERR,ERR,ERR,ERR,ERR,ERR,ERR,ERR,ERR,ERR,ERR,ERR,ERR,ERR,ERR,ERR,ERR,ERR,ERR,ERR,ERR,ERR,ERR,ERR,ERR,ERR,ERR,ERR,ERR,ERR,ERR,ERR,ERR,ERR,ERR,ERR,ERR,ERR,ERR,ERR,ERR,ERR,ERR,ERR,ERR,ERR,ERR,ERR,ERR,ERR,ERR,ERR,ERR,ERR,ERR,ERR,ERR,ERR,ERR,ERR,ERR,ERR,ERR,ERR,ERR,ERR,ERR,ERR,0.0,0.0,2.6474835549302285e+23,0.0,0.0,1.3936040501711995e+18,7.805,0.0,0,0,4,0,7116,0.0,100,0.0,0.0,0.0,0.0,0.0,0,0,0,0,0.0,0,0,0,0,0,0,0,0,0,0,0,0,0,0,0,0,0,0,0,0,0,0,0,0,0,0,0,0,0,0,0,0,0,31,40,40,71,65476,0,300,0,0,8,21553,0.0,-107605600.0,0.0,0.0,0.0,0.0,0.0,0.0,0.0,0.0,0.0,0.0,0.0,0.0,0.0,0.0,0.0,0.0,0.0,0.0,0.0,0.0,-2.004,2.004,-2.004,2.004,0.0,0.0,0.0,0.0,4463.0,-1.587926141905068e+29,6942.0,0.0,0.0,0.0,0.0,0.0,0.0,0.0,0.0,69,-2.718430741444032e+23,0.0,0.0,0.0,0.0,0.0,0.0,0.0,0.0,0,0,0,0.0,0.0,0.0,0.0,0.0,0.0,0.0,0.0,0.0,0.0,0.0,0.0,0.0,0.0,0.0,0.0,0,-107875648.0,69,0.0,138,0.0,0.0,0,39322,17086,52429,17102,13107,17082,0,0,0,70,68,100,2.7302399002429377e+23,82.3,-0.0,78.1,0.0,79.0,1,49,50,180,52429,52429,0,0,0.0,0.0,0.0,0.0,-0.0,67.0,0.0,162057.094,0.0,979,0,1009,0,0,0,953,0,1034,0,931,0,792,0,783,0,823,0,7520,0.032,1.400799628097319e+20,0.0,0.0,784,16797,-0.0,162057.094,-114818.039,-0.0,0.133,6.909358625270745e+28,30.0,70.0,35,0.0,0.0,0.0,0.0,0.0,0.0,0.0,0.0,0.0,0.0,0.0,0.0,0.0,0.0,0.0,0.0,66.4,0,150,71,52,65476,0,300,0,0,8,20529,65476,0,0,44564,70.0,0.0,0.0,0.0,0.0,0.0
2026-09-10T21:22:02,ERR,ERR,ERR,ERR,ERR,ERR,ERR,ERR,ERR,ERR,ERR,ERR,ERR,ERR,ERR,ERR,ERR,ERR,ERR,ERR,ERR,ERR,ERR,ERR,ERR,ERR,ERR,ERR,ERR,ERR,ERR,ERR,ERR,ERR,ERR,ERR,ERR,ERR,ERR,ERR,ERR,ERR,ERR,ERR,ERR,ERR,ERR,ERR,ERR,ERR,ERR,ERR,ERR,ERR,ERR,ERR,ERR,ERR,ERR,ERR,ERR,ERR,ERR,ERR,ERR,ERR,ERR,ERR,ERR,ERR,ERR,ERR,ERR,ERR,ERR,ERR,ERR,ERR,ERR,ERR,ERR,ERR,ERR,ERR,ERR,ERR,ERR,ERR,ERR,ERR,ERR,ERR,ERR,ERR,ERR,ERR,ERR,ERR,ERR,ERR,ERR,ERR,ERR,ERR,ERR,ERR,ERR,ERR,ERR,ERR,ERR,ERR,ERR,ERR,ERR,ERR,ERR,ERR,ERR,ERR,ERR,ERR,ERR,ERR,ERR,0.0,0.0,2.6474835549302285e+23,0.0,0.0,1.3936040501711995e+18,7.805,0.0,0,0,4,0,7116,0.0,100,0.0,0.0,0.0,0.0,0.0,0,0,0,0,0.0,0,0,0,0,0,0,0,0,0,0,0,0,0,0,0,0,0,0,0,0,0,0,0,0,0,0,0,0,0,0,0,0,0,31,40,40,71,65476,0,300,0,0,8,21553,0.0,-107605600.0,0.0,0.0,0.0,0.0,0.0,0.0,0.0,0.0,0.0,0.0,0.0,0.0,0.0,0.0,0.0,0.0,0.0,0.0,0.0,0.0,-2.004,2.004,-2.004,2.004,0.0,0.0,0.0,0.0,4463.0,-1.587926141905068e+29,6942.0,0.0,0.0,0.0,0.0,0.0,0.0,0.0,0.0,69,-2.718430741444032e+23,0.0,0.0,0.0,0.0,0.0,0.0,0.0,0.0,0,0,0,0.0,0.0,0.0,0.0,0.0,0.0,0.0,0.0,0.0,0.0,0.0,0.0,0.0,0.0,0.0,0.0,0,-107875648.0,69,0.0,138,0.0,0.0,0,39322,17086,52429,17102,13107,17082,0,0,0,70,68,100,2.7302399002429377e+23,82.3,-0.0,78.2,2.7302388193790272e+23,79.0,1,49,50,180,52429,52429,0,0,0.0,0.0,0.0,0.0,-0.0,67.0,0.0,162057.094,0.0,979,0,1009,0,0,0,953,0,1034,0,931,0,791,0,783,0,822,0,7520,0.032,1.400799628097319e+20,0.0,0.0,784,16797,-0.0,162057.094,-114818.039,-0.0,0.133,6.909358625270745e+28,30.0,70.0,35,0.0,0.0,0.0,0.0,0.0,0.0,0.0,0.0,0.0,0.0,0.0,0.0,0.0,0.0,0.0,0.0,66.4,0,150,71,52,65476,0,300,0,0,8,20529,65476,0,0,44564,70.0,0.0,0.0,0.0,0.0,0.0
2026-09-10T21:22:03,ERR,ERR,ERR,ERR,ERR,ERR,ERR,ERR,ERR,ERR,ERR,ERR,ERR,ERR,ERR,ERR,ERR,ERR,ERR,ERR,ERR,ERR,ERR,ERR,ERR,ERR,ERR,ERR,ERR,ERR,ERR,ERR,ERR,ERR,ERR,ERR,ERR,ERR,ERR,ERR,ERR,ERR,ERR,ERR,ERR,ERR,ERR,ERR,ERR,ERR,ERR,ERR,ERR,ERR,ERR,ERR,ERR,ERR,ERR,ERR,ERR,ERR,ERR,ERR,ERR,ERR,ERR,ERR,ERR,ERR,ERR,ERR,ERR,ERR,ERR,ERR,ERR,ERR,ERR,ERR,ERR,ERR,ERR,ERR,ERR,ERR,ERR,ERR,ERR,ERR,ERR,ERR,ERR,ERR,ERR,ERR,ERR,ERR,ERR,ERR,ERR,ERR,ERR,ERR,ERR,ERR,ERR,ERR,ERR,ERR,ERR,ERR,ERR,ERR,ERR,ERR,ERR,ERR,ERR,ERR,ERR,ERR,ERR,ERR,ERR,0.0,0.0,2.6474835549302285e+23,0.0,0.0,1.3936040501711995e+18,7.805,0.0,0,0,4,0,7116,0.0,100,0.0,0.0,0.0,0.0,0.0,0,0,0,0,0.0,0,0,0,0,0,0,0,0,0,0,0,0,0,0,0,0,0,0,0,0,0,0,0,0,0,0,0,0,0,0,0,0,0,31,40,40,71,65476,0,300,0,0,8,21553,0.0,-107605600.0,0.0,0.0,0.0,0.0,0.0,0.0,0.0,0.0,0.0,0.0,0.0,0.0,0.0,0.0,0.0,0.0,0.0,0.0,0.0,0.0,-2.004,2.004,-2.004,2.004,0.0,0.0,0.0,0.0,4463.0,-1.587926141905068e+29,6942.0,0.0,0.0,0.0,0.0,0.0,0.0,0.0,0.0,69,-2.718430741444032e+23,0.0,0.0,0.0,0.0,0.0,0.0,0.0,0.0,0,0,0,0.0,0.0,0.0,0.0,0.0,0.0,0.0,0.0,0.0,0.0,0.0,0.0,0.0,0.0,0.0,0.0,0,-107875648.0,69,0.0,138,0.0,0.0,0,39322,17086,52429,17102,13107,17082,0,0,0,70,68,100,2.7302399002429377e+23,82.3,-0.0,78.2,2.7302388193790272e+23,79.0,1,49,50,180,52429,52429,0,0,0.0,0.0,0.0,0.0,-0.0,67.0,0.0,162057.094,0.0,979,0,1009,0,0,0,953,0,1034,0,931,0,791,0,783,0,822,0,7520,0.032,1.400799628097319e+20,0.0,0.0,784,16797,-0.0,162057.094,-114818.039,-0.0,0.133,6.909358625270745e+28,30.0,70.0,35,0.0,0.0,0.0,0.0,0.0,0.0,0.0,0.0,0.0,0.0,0.0,0.0,0.0,0.0,0.0,0.0,66.4,0,150,71,52,65476,0,300,0,0,8,20529,65476,0,0,44564,70.0,0.0,0.0,0.0,0.0,0.0
2026-09-10T21:22:04,ERR,ERR,ERR,ERR,ERR,ERR,ERR,ERR,ERR,ERR,ERR,ERR,ERR,ERR,ERR,ERR,ERR,ERR,ERR,ERR,ERR,ERR,ERR,ERR,ERR,ERR,ERR,ERR,ERR,ERR,ERR,ERR,ERR,ERR,ERR,ERR,ERR,ERR,ERR,ERR,ERR,ERR,ERR,ERR,ERR,ERR,ERR,ERR,ERR,ERR,ERR,ERR,ERR,ERR,ERR,ERR,ERR,ERR,ERR,ERR,ERR,ERR,ERR,ERR,ERR,ERR,ERR,ERR,ERR,ERR,ERR,ERR,ERR,ERR,ERR,ERR,ERR,ERR,ERR,ERR,ERR,ERR,ERR,ERR,ERR,ERR,ERR,ERR,ERR,ERR,ERR,ERR,ERR,ERR,ERR,ERR,ERR,ERR,ERR,ERR,ERR,ERR,ERR,ERR,ERR,ERR,ERR,ERR,ERR,ERR,ERR,ERR,ERR,ERR,ERR,ERR,ERR,ERR,ERR,ERR,ERR,ERR,ERR,ERR,ERR,0.0,0.0,2.6474835549302285e+23,0.0,0.0,1.3936040501711995e+18,7.805,0.0,0,0,4,0,7116,0.0,100,0.0,0.0,0.0,0.0,0.0,0,0,0,0,0.0,0,0,0,0,0,0,0,0,0,0,0,0,0,0,0,0,0,0,0,0,0,0,0,0,0,0,0,0,0,0,0,0,0,31,40,40,71,65476,0,300,0,0,8,21553,0.0,-107605600.0,0.0,0.0,0.0,0.0,0.0,0.0,0.0,0.0,0.0,0.0,0.0,0.0,0.0,0.0,0.0,0.0,0.0,0.0,0.0,0.0,-2.004,2.004,-2.004,2.004,0.0,0.0,0.0,0.0,4463.0,-1.587926141905068e+29,6942.0,0.0,0.0,0.0,0.0,0.0,0.0,0.0,0.0,69,-2.718430741444032e+23,0.0,0.0,0.0,0.0,0.0,0.0,0.0,0.0,0,0,0,0.0,0.0,0.0,0.0,0.0,0.0,0.0,0.0,0.0,0.0,0.0,0.0,0.0,0.0,0.0,0.0,0,-107875648.0,69,0.0,138,0.0,0.0,0,39322,17086,52429,17102,13107,17082,0,0,0,70,68,100,2.7302399002429377e+23,82.3,-0.0,78.2,2.7302388193790272e+23,79.0,1,49,50,180,52429,52429,0,0,0.0,0.0,0.0,0.0,-0.0,67.0,0.0,162057.094,0.0,979,0,1009,0,0,0,953,0,1034,0,931,0,791,0,783,0,822,0,7520,0.032,1.400799628097319e+20,0.0,0.0,784,16797,-0.0,162057.094,-114818.039,-0.0,0.133,6.909358625270745e+28,30.0,70.0,35,0.0,0.0,0.0,0.0,0.0,0.0,0.0,0.0,0.0,0.0,0.0,0.0,0.0,0.0,0.0,0.0,66.4,0,150,71,52,65476,0,300,0,0,8,20529,65476,0,0,44564,70.0,0.0,0.0,0.0,0.0,0.0
2026-09-10T21:22:05,ERR,ERR,ERR,ERR,ERR,ERR,ERR,ERR,ERR,ERR,ERR,ERR,ERR,ERR,ERR,ERR,ERR,ERR,ERR,ERR,ERR,ERR,ERR,ERR,ERR,ERR,ERR,ERR,ERR,ERR,ERR,ERR,ERR,ERR,ERR,ERR,ERR,ERR,ERR,ERR,ERR,ERR,ERR,ERR,ERR,ERR,ERR,ERR,ERR,ERR,ERR,ERR,ERR,ERR,ERR,ERR,ERR,ERR,ERR,ERR,ERR,ERR,ERR,ERR,ERR,ERR,ERR,ERR,ERR,ERR,ERR,ERR,ERR,ERR,ERR,ERR,ERR,ERR,ERR,ERR,ERR,ERR,ERR,ERR,ERR,ERR,ERR,ERR,ERR,ERR,ERR,ERR,ERR,ERR,ERR,ERR,ERR,ERR,ERR,ERR,ERR,ERR,ERR,ERR,ERR,ERR,ERR,ERR,ERR,ERR,ERR,ERR,ERR,ERR,ERR,ERR,ERR,ERR,ERR,ERR,ERR,ERR,ERR,ERR,ERR,0.0,0.0,2.6474835549302285e+23,0.0,0.0,1.3936040501711995e+18,7.805,0.0,0,0,4,0,7116,0.0,100,0.0,0.0,0.0,0.0,0.0,0,0,0,0,0.0,0,0,0,0,0,0,0,0,0,0,0,0,0,0,0,0,0,0,0,0,0,0,0,0,0,0,0,0,0,0,0,0,0,31,40,40,71,65476,0,300,0,0,8,21553,0.0,-107605600.0,0.0,0.0,0.0,0.0,0.0,0.0,0.0,0.0,0.0,0.0,0.0,0.0,0.0,0.0,0.0,0.0,0.0,0.0,0.0,0.0,-2.004,2.004,-2.004,2.004,0.0,0.0,0.0,0.0,4463.0,-1.587926141905068e+29,6942.0,0.0,0.0,0.0,0.0,0.0,0.0,0.0,0.0,69,-2.718430741444032e+23,0.0,0.0,0.0,0.0,0.0,0.0,0.0,0.0,0,0,0,0.0,0.0,0.0,0.0,0.0,0.0,0.0,0.0,0.0,0.0,0.0,0.0,0.0,0.0,0.0,0.0,0,-107875648.0,69,0.0,138,0.0,0.0,0,39322,17086,52429,17102,13107,17082,0,0,0,70,68,100,2.7302399002429377e+23,82.3,-0.0,78.2,2.7302388193790272e+23,79.0,1,49,50,180,52429,52429,0,0,0.0,0.0,0.0,0.0,-0.0,67.0,0.0,162057.094,0.0,979,0,1009,0,0,0,953,0,1034,0,931,0,791,0,783,0,822,0,7520,0.032,1.400799628097319e+20,0.0,0.0,784,16797,-0.0,162057.094,-114818.039,-0.0,0.133,6.909358625270745e+28,30.0,70.0,35,0.0,0.0,0.0,0.0,0.0,0.0,0.0,0.0,0.0,0.0,0.0,0.0,0.0,0.0,0.0,0.0,66.0,0,150,71,52,65476,0,300,0,0,8,20529,65476,0,0,44564,70.0,0.0,0.0,0.0,0.0,0.0
2026-09-10T21:22:06,ERR,ERR,ERR,ERR,ERR,ERR,ERR,ERR,ERR,ERR,ERR,ERR,ERR,ERR,ERR,ERR,ERR,ERR,ERR,ERR,ERR,ERR,ERR,ERR,ERR,ERR,ERR,ERR,ERR,ERR,ERR,ERR,ERR,ERR,ERR,ERR,ERR,ERR,ERR,ERR,ERR,ERR,ERR,ERR,ERR,ERR,ERR,ERR,ERR,ERR,ERR,ERR,ERR,ERR,ERR,ERR,ERR,ERR,ERR,ERR,ERR,ERR,ERR,ERR,ERR,ERR,ERR,ERR,ERR,ERR,ERR,ERR,ERR,ERR,ERR,ERR,ERR,ERR,ERR,ERR,ERR,ERR,ERR,ERR,ERR,ERR,ERR,ERR,ERR,ERR,ERR,ERR,ERR,ERR,ERR,ERR,ERR,ERR,ERR,ERR,ERR,ERR,ERR,ERR,ERR,ERR,ERR,ERR,ERR,ERR,ERR,ERR,ERR,ERR,ERR,ERR,ERR,ERR,ERR,ERR,ERR,ERR,ERR,ERR,ERR,0.0,0.0,2.6474835549302285e+23,0.0,0.0,1.3936040501711995e+18,7.805,0.0,0,0,4,0,7116,0.0,100,0.0,0.0,0.0,0.0,0.0,0,0,0,0,0.0,0,0,0,0,0,0,0,0,0,0,0,0,0,0,0,0,0,0,0,0,0,0,0,0,0,0,0,0,0,0,0,0,0,31,40,40,71,65476,0,300,0,0,8,21553,0.0,-107605600.0,0.0,0.0,0.0,0.0,0.0,0.0,0.0,0.0,0.0,0.0,0.0,0.0,0.0,0.0,0.0,0.0,0.0,0.0,0.0,0.0,-2.004,2.004,-2.004,2.004,0.0,0.0,0.0,0.0,4463.0,-1.587926141905068e+29,6942.0,0.0,0.0,0.0,0.0,0.0,0.0,0.0,0.0,69,-2.718430741444032e+23,0.0,0.0,0.0,0.0,0.0,0.0,0.0,0.0,0,0,0,0.0,0.0,0.0,0.0,0.0,0.0,0.0,0.0,0.0,0.0,0.0,0.0,0.0,0.0,0.0,0.0,0,-107875648.0,69,0.0,138,0.0,0.0,0,39322,17086,52429,17102,13107,17082,0,0,0,70,68,100,2.7302399002429377e+23,82.3,-0.0,78.2,2.7302388193790272e+23,79.0,1,49,50,180,52429,52429,0,0,0.0,0.0,0.0,0.0,-0.0,67.0,0.0,162057.094,0.0,979,0,1009,0,0,0,953,0,1034,0,931,0,791,0,783,0,822,0,7520,0.032,1.400799628097319e+20,0.0,0.0,784,16797,-0.0,162057.094,-114818.039,-0.0,0.133,6.909358625270745e+28,30.0,70.0,35,0.0,0.0,0.0,0.0,0.0,0.0,0.0,0.0,0.0,0.0,0.0,0.0,0.0,0.0,0.0,0.0,66.0,0,150,71,52,65476,0,300,0,0,8,20529,65476,0,0,44564,70.0,0.0,0.0,0.0,0.0,0.0
2026-09-10T21:22:07,ERR,ERR,ERR,ERR,ERR,ERR,ERR,ERR,ERR,ERR,ERR,ERR,ERR,ERR,ERR,ERR,ERR,ERR,ERR,ERR,ERR,ERR,ERR,ERR,ERR,ERR,ERR,ERR,ERR,ERR,ERR,ERR,ERR,ERR,ERR,ERR,ERR,ERR,ERR,ERR,ERR,ERR,ERR,ERR,ERR,ERR,ERR,ERR,ERR,ERR,ERR,ERR,ERR,ERR,ERR,ERR,ERR,ERR,ERR,ERR,ERR,ERR,ERR,ERR,ERR,ERR,ERR,ERR,ERR,ERR,ERR,ERR,ERR,ERR,ERR,ERR,ERR,ERR,ERR,ERR,ERR,ERR,ERR,ERR,ERR,ERR,ERR,ERR,ERR,ERR,ERR,ERR,ERR,ERR,ERR,ERR,ERR,ERR,ERR,ERR,ERR,ERR,ERR,ERR,ERR,ERR,ERR,ERR,ERR,ERR,ERR,ERR,ERR,ERR,ERR,ERR,ERR,ERR,ERR,ERR,ERR,ERR,ERR,ERR,ERR,0.0,0.0,2.6474835549302285e+23,0.0,0.0,1.3936040501711995e+18,7.805,0.0,0,0,4,0,7116,0.0,100,0.0,0.0,0.0,0.0,0.0,0,0,0,0,0.0,0,0,0,0,0,0,0,0,0,0,0,0,0,0,0,0,0,0,0,0,0,0,0,0,0,0,0,0,0,0,0,0,0,31,40,40,71,65476,0,300,0,0,8,21553,0.0,-107605600.0,0.0,0.0,0.0,0.0,0.0,0.0,0.0,0.0,0.0,0.0,0.0,0.0,0.0,0.0,0.0,0.0,0.0,0.0,0.0,0.0,-2.004,2.004,-2.004,2.004,0.0,0.0,0.0,0.0,4463.0,-1.587926141905068e+29,6942.0,0.0,0.0,0.0,0.0,0.0,0.0,0.0,0.0,69,-2.718430741444032e+23,0.0,0.0,0.0,0.0,0.0,0.0,0.0,0.0,0,0,0,0.0,0.0,0.0,0.0,0.0,0.0,0.0,0.0,0.0,0.0,0.0,0.0,0.0,0.0,0.0,0.0,0,-107875648.0,69,0.0,138,0.0,0.0,0,39322,17086,52429,17102,13107,17082,0,0,0,70,68,100,2.7302399002429377e+23,82.3,-0.0,78.2,2.7302388193790272e+23,79.0,1,49,50,180,52429,52429,0,0,0.0,0.0,0.0,0.0,-0.0,67.0,0.0,162057.094,0.0,979,0,1009,0,0,0,953,0,1034,0,931,0,791,0,783,0,822,0,7520,0.032,1.400799628097319e+20,0.0,0.0,784,16797,-0.0,162057.094,-114818.039,-0.0,0.133,6.909358625270745e+28,30.0,70.0,35,0.0,0.0,0.0,0.0,0.0,0.0,0.0,0.0,0.0,0.0,0.0,0.0,0.0,0.0,0.0,0.0,66.0,0,150,71,52,65476,0,300,0,0,8,20529,65476,0,0,44564,70.0,0.0,0.0,0.0,0.0,0.0
2026-09-10T21:22:08,ERR,ERR,ERR,ERR,ERR,ERR,ERR,ERR,ERR,ERR,ERR,ERR,ERR,ERR,ERR,ERR,ERR,ERR,ERR,ERR,ERR,ERR,ERR,ERR,ERR,ERR,ERR,ERR,ERR,ERR,ERR,ERR,ERR,ERR,ERR,ERR,ERR,ERR,ERR,ERR,ERR,ERR,ERR,ERR,ERR,ERR,ERR,ERR,ERR,ERR,ERR,ERR,ERR,ERR,ERR,ERR,ERR,ERR,ERR,ERR,ERR,ERR,ERR,ERR,ERR,ERR,ERR,ERR,ERR,ERR,ERR,ERR,ERR,ERR,ERR,ERR,ERR,ERR,ERR,ERR,ERR,ERR,ERR,ERR,ERR,ERR,ERR,ERR,ERR,ERR,ERR,ERR,ERR,ERR,ERR,ERR,ERR,ERR,ERR,ERR,ERR,ERR,ERR,ERR,ERR,ERR,ERR,ERR,ERR,ERR,ERR,ERR,ERR,ERR,ERR,ERR,ERR,ERR,ERR,ERR,ERR,ERR,ERR,ERR,ERR,-107615312.0,0.0,-100794720.0,0.0,0.0,1.3936040501711995e+18,7.805,0.0,0,0,4,0,7116,0.0,100,0.0,0.0,0.0,0.0,0.0,0,0,0,0,0.0,0,0,0,0,0,0,0,0,0,0,0,0,0,0,0,0,0,0,0,0,0,0,0,0,0,0,0,0,0,0,0,0,0,31,40,40,71,65476,0,300,0,0,8,21553,0.0,-107605600.0,0.0,0.0,0.0,0.0,0.0,0.0,0.0,0.0,0.0,0.0,0.0,0.0,0.0,0.0,0.0,0.0,0.0,0.0,0.0,0.0,-0.0,2.004,-2.004,2.004,0.0,0.0,0.0,0.0,4491.0,0.0,6912.0,0.0,0.0,0.0,0.0,0.0,0.0,0.0,0.0,69,-152018521948160.0,0.059,0.0,0.0,0.0,0.0,0.0,0.0,0.0,0,0,0,0.0,0.0,0.0,0.0,0.0,0.0,0.0,0.0,0.0,0.0,0.0,0.0,0.0,0.0,0.0,0.0,0,-107875648.0,69,0.0,138,0.0,0.0,0,39322,17086,52429,17102,13107,17082,0,0,0,70,68,100,2.7302399002429377e+23,82.3,-0.0,78.2,0.0,79.0,1,49,50,180,52429,52429,0,0,0.0,0.0,0.0,0.0,-0.0,67.0,0.0,162057.094,0.0,979,0,1009,0,0,0,953,0,1034,0,931,0,791,0,783,0,823,0,7520,0.032,1.4065642356203533e+20,0.0,0.0,784,16797,-0.0,162057.094,-114818.039,-0.0,0.133,6.909358625270745e+28,30.0,70.0,35,0.0,0.0,0.0,0.0,0.0,0.0,0.0,0.0,0.0,0.0,0.0,0.0,0.0,0.0,0.0,0.0,66.4,0,150,71,52,65476,0,300,0,0,8,20529,65476,0,0,44564,70.0,0.0,0.0,0.0,0.0,0.0
2026-09-10T21:22:09,ERR,ERR,ERR,ERR,ERR,ERR,ERR,ERR,ERR,ERR,ERR,ERR,ERR,ERR,ERR,ERR,ERR,ERR,ERR,ERR,ERR,ERR,ERR,ERR,ERR,ERR,ERR,ERR,ERR,ERR,ERR,ERR,ERR,ERR,ERR,ERR,ERR,ERR,ERR,ERR,ERR,ERR,ERR,ERR,ERR,ERR,ERR,ERR,ERR,ERR,ERR,ERR,ERR,ERR,ERR,ERR,ERR,ERR,ERR,ERR,ERR,ERR,ERR,ERR,ERR,ERR,ERR,ERR,ERR,ERR,ERR,ERR,ERR,ERR,ERR,ERR,ERR,ERR,ERR,ERR,ERR,ERR,ERR,ERR,ERR,ERR,ERR,ERR,ERR,ERR,ERR,ERR,ERR,ERR,ERR,ERR,ERR,ERR,ERR,ERR,ERR,ERR,ERR,ERR,ERR,ERR,ERR,ERR,ERR,ERR,ERR,ERR,ERR,ERR,ERR,ERR,ERR,ERR,ERR,ERR,ERR,ERR,ERR,ERR,ERR,-107615312.0,0.0,-100794720.0,0.0,0.0,1.3936040501711995e+18,7.805,0.0,0,0,4,0,7116,0.0,100,0.0,0.0,0.0,0.0,0.0,0,0,0,0,0.0,0,0,0,0,0,0,0,0,0,0,0,0,0,0,0,0,0,0,0,0,0,0,0,0,0,0,0,0,0,0,0,0,0,31,40,40,71,65476,0,300,0,0,8,21553,0.0,-107605600.0,0.0,0.0,0.0,0.0,0.0,0.0,0.0,0.0,0.0,0.0,0.0,0.0,0.0,0.0,0.0,0.0,0.0,0.0,0.0,0.0,-0.0,2.004,-2.004,2.004,0.0,0.0,0.0,0.0,4491.0,0.0,6912.0,0.0,0.0,0.0,0.0,0.0,0.0,0.0,0.0,69,-152018521948160.0,0.059,0.0,0.0,0.0,0.0,0.0,0.0,0.0,0,0,0,0.0,0.0,0.0,0.0,0.0,0.0,0.0,0.0,0.0,0.0,0.0,0.0,0.0,0.0,0.0,0.0,0,-107875648.0,69,0.0,138,0.0,0.0,0,39322,17086,52429,17102,13107,17082,0,0,0,70,68,100,2.7302399002429377e+23,82.3,-0.0,78.2,0.0,79.0,1,49,50,180,52429,52429,0,0,0.0,0.0,0.0,0.0,-0.0,67.0,0.0,162057.094,0.0,979,0,1009,0,0,0,953,0,1034,0,931,0,791,0,783,0,823,0,7520,0.032,1.4065642356203533e+20,0.0,0.0,784,16797,-0.0,162057.094,-114818.039,-0.0,0.133,6.909358625270745e+28,30.0,70.0,35,0.0,0.0,0.0,0.0,0.0,0.0,0.0,0.0,0.0,0.0,0.0,0.0,0.0,0.0,0.0,0.0,66.4,0,150,71,52,65476,0,300,0,0,8,20529,65476,0,0,44564,70.0,0.0,0.0,0.0,0.0,0.0
2026-09-10T21:22:10,ERR,ERR,ERR,ERR,ERR,ERR,ERR,ERR,ERR,ERR,ERR,ERR,ERR,ERR,ERR,ERR,ERR,ERR,ERR,ERR,ERR,ERR,ERR,ERR,ERR,ERR,ERR,ERR,ERR,ERR,ERR,ERR,ERR,ERR,ERR,ERR,ERR,ERR,ERR,ERR,ERR,ERR,ERR,ERR,ERR,ERR,ERR,ERR,ERR,ERR,ERR,ERR,ERR,ERR,ERR,ERR,ERR,ERR,ERR,ERR,ERR,ERR,ERR,ERR,ERR,ERR,ERR,ERR,ERR,ERR,ERR,ERR,ERR,ERR,ERR,ERR,ERR,ERR,ERR,ERR,ERR,ERR,ERR,ERR,ERR,ERR,ERR,ERR,ERR,ERR,ERR,ERR,ERR,ERR,ERR,ERR,ERR,ERR,ERR,ERR,ERR,ERR,ERR,ERR,ERR,ERR,ERR,ERR,ERR,ERR,ERR,ERR,ERR,ERR,ERR,ERR,ERR,ERR,ERR,ERR,ERR,ERR,ERR,ERR,ERR,-107615312.0,0.0,-100794720.0,0.0,0.0,1.3936040501711995e+18,7.805,0.0,0,0,4,0,7116,0.0,100,0.0,0.0,0.0,0.0,0.0,0,0,0,0,0.0,0,0,0,0,0,0,0,0,0,0,0,0,0,0,0,0,0,0,0,0,0,0,0,0,0,0,0,0,0,0,0,0,0,31,40,40,71,65476,0,300,0,0,8,21553,0.0,-107605600.0,0.0,0.0,0.0,0.0,0.0,0.0,0.0,0.0,0.0,0.0,0.0,0.0,0.0,0.0,0.0,0.0,0.0,0.0,0.0,0.0,-0.0,2.004,-2.004,2.004,0.0,0.0,0.0,0.0,4491.0,0.0,6912.0,0.0,0.0,0.0,0.0,0.0,0.0,0.0,0.0,69,-152018521948160.0,0.059,0.0,0.0,0.0,0.0,0.0,0.0,0.0,0,0,0,0.0,0.0,0.0,0.0,0.0,0.0,0.0,0.0,0.0,0.0,0.0,0.0,0.0,0.0,0.0,0.0,0,-107875648.0,69,0.0,138,0.0,0.0,0,39322,17086,52429,17102,13107,17082,0,0,0,70,68,100,2.7302399002429377e+23,82.3,-0.0,78.2,0.0,79.0,1,49,50,180,52429,52429,0,0,0.0,0.0,0.0,0.0,-0.0,67.0,0.0,162057.094,0.0,979,0,1009,0,0,0,953,0,1034,0,931,0,791,0,783,0,823,0,7520,0.032,1.4065642356203533e+20,0.0,0.0,784,16797,-0.0,162057.094,-114818.039,-0.0,0.133,6.909358625270745e+28,30.0,70.0,35,0.0,0.0,0.0,0.0,0.0,0.0,0.0,0.0,0.0,0.0,0.0,0.0,0.0,0.0,0.0,0.0,66.4,0,150,71,52,65476,0,300,0,0,8,20529,65476,0,0,44564,70.0,0.0,0.0,0.0,0.0,0.0
2026-09-10T21:22:11,ERR,ERR,ERR,ERR,ERR,ERR,ERR,ERR,ERR,ERR,ERR,ERR,ERR,ERR,ERR,ERR,ERR,ERR,ERR,ERR,ERR,ERR,ERR,ERR,ERR,ERR,ERR,ERR,ERR,ERR,ERR,ERR,ERR,ERR,ERR,ERR,ERR,ERR,ERR,ERR,ERR,ERR,ERR,ERR,ERR,ERR,ERR,ERR,ERR,ERR,ERR,ERR,ERR,ERR,ERR,ERR,ERR,ERR,ERR,ERR,ERR,ERR,ERR,ERR,ERR,ERR,ERR,ERR,ERR,ERR,ERR,ERR,ERR,ERR,ERR,ERR,ERR,ERR,ERR,ERR,ERR,ERR,ERR,ERR,ERR,ERR,ERR,ERR,ERR,ERR,ERR,ERR,ERR,ERR,ERR,ERR,ERR,ERR,ERR,ERR,ERR,ERR,ERR,ERR,ERR,ERR,ERR,ERR,ERR,ERR,ERR,ERR,ERR,ERR,ERR,ERR,ERR,ERR,ERR,ERR,ERR,ERR,ERR,ERR,ERR,-107615312.0,0.0,-100794720.0,0.0,0.0,1.3936040501711995e+18,7.805,0.0,0,0,4,0,7116,0.0,100,0.0,0.0,0.0,0.0,0.0,0,0,0,0,0.0,0,0,0,0,0,0,0,0,0,0,0,0,0,0,0,0,0,0,0,0,0,0,0,0,0,0,0,0,0,0,0,0,0,31,40,40,71,65476,0,300,0,0,8,21553,0.0,-107605600.0,0.0,0.0,0.0,0.0,0.0,0.0,0.0,0.0,0.0,0.0,0.0,0.0,0.0,0.0,0.0,0.0,0.0,0.0,0.0,0.0,-0.0,2.004,-2.004,2.004,0.0,0.0,0.0,0.0,4491.0,0.0,6912.0,0.0,0.0,0.0,0.0,0.0,0.0,0.0,0.0,69,-152018521948160.0,0.059,0.0,0.0,0.0,0.0,0.0,0.0,0.0,0,0,0,0.0,0.0,0.0,0.0,0.0,0.0,0.0,0.0,0.0,0.0,0.0,0.0,0.0,0.0,0.0,0.0,0,-107875648.0,69,0.0,138,0.0,0.0,0,39322,17086,52429,17102,13107,17082,0,0,0,70,68,100,2.7302399002429377e+23,82.3,-0.0,78.2,0.0,79.0,1,49,50,180,52429,52429,0,0,0.0,0.0,0.0,0.0,-0.0,67.0,0.0,162057.094,0.0,979,0,1009,0,0,0,953,0,1034,0,931,0,791,0,783,0,823,0,7520,0.032,1.4065642356203533e+20,0.0,0.0,784,16797,-0.0,162057.094,-114818.039,-0.0,0.133,6.909358625270745e+28,30.0,70.0,35,0.0,0.0,0.0,0.0,0.0,0.0,0.0,0.0,0.0,0.0,0.0,0.0,0.0,0.0,0.0,0.0,66.4,0,150,71,52,65476,0,300,0,0,8,20529,65476,0,0,44564,70.0,0.0,0.0,0.0,0.0,0.0
2026-09-10T21:22:12,ERR,ERR,ERR,ERR,ERR,ERR,ERR,ERR,ERR,ERR,ERR,ERR,ERR,ERR,ERR,ERR,ERR,ERR,ERR,ERR,ERR,ERR,ERR,ERR,ERR,ERR,ERR,ERR,ERR,ERR,ERR,ERR,ERR,ERR,ERR,ERR,ERR,ERR,ERR,ERR,ERR,ERR,ERR,ERR,ERR,ERR,ERR,ERR,ERR,ERR,ERR,ERR,ERR,ERR,ERR,ERR,ERR,ERR,ERR,ERR,ERR,ERR,ERR,ERR,ERR,ERR,ERR,ERR,ERR,ERR,ERR,ERR,ERR,ERR,ERR,ERR,ERR,ERR,ERR,ERR,ERR,ERR,ERR,ERR,ERR,ERR,ERR,ERR,ERR,ERR,ERR,ERR,ERR,ERR,ERR,ERR,ERR,ERR,ERR,ERR,ERR,ERR,ERR,ERR,ERR,ERR,ERR,ERR,ERR,ERR,ERR,ERR,ERR,ERR,ERR,ERR,ERR,ERR,ERR,ERR,ERR,ERR,ERR,ERR,ERR,-107615312.0,0.0,-100794720.0,0.0,0.0,1.3936040501711995e+18,7.805,0.0,0,0,4,0,7116,0.0,100,0.0,0.0,0.0,0.0,0.0,0,0,0,0,0.0,0,0,0,0,0,0,0,0,0,0,0,0,0,0,0,0,0,0,0,0,0,0,0,0,0,0,0,0,0,0,0,0,0,31,40,40,71,65476,0,300,0,0,8,21553,0.0,-107605600.0,0.0,0.0,0.0,0.0,0.0,0.0,0.0,0.0,0.0,0.0,0.0,0.0,0.0,0.0,0.0,0.0,0.0,0.0,0.0,0.0,-0.0,2.004,-2.004,2.004,0.0,0.0,0.0,0.0,4491.0,0.0,6912.0,0.0,0.0,0.0,0.0,0.0,0.0,0.0,0.0,69,-152018521948160.0,0.059,0.0,0.0,0.0,0.0,0.0,0.0,0.0,0,0,0,0.0,0.0,0.0,0.0,0.0,0.0,0.0,0.0,0.0,0.0,0.0,0.0,0.0,0.0,0.0,0.0,0,-107875648.0,69,0.0,138,0.0,0.0,0,39322,17086,52429,17102,13107,17082,0,0,0,70,68,100,2.7302399002429377e+23,82.3,-0.0,78.2,0.0,79.0,1,49,50,180,52429,52429,0,0,0.0,0.0,0.0,0.0,-0.0,67.0,0.0,162057.094,0.0,979,0,1009,0,0,0,953,0,1034,0,931,0,791,0,783,0,823,0,7520,0.032,1.4065642356203533e+20,0.0,0.0,784,16797,-0.0,162057.094,-114818.039,-0.0,0.133,6.909358625270745e+28,30.0,70.0,35,0.0,0.0,0.0,0.0,0.0,0.0,0.0,0.0,0.0,0.0,0.0,0.0,0.0,0.0,0.0,0.0,66.4,0,150,71,52,65476,0,300,0,0,8,20529,65476,0,0,44564,70.0,0.0,0.0,0.0,0.0,0.0
2026-09-10T21:22:13,ERR,ERR,ERR,ERR,ERR,ERR,ERR,ERR,ERR,ERR,ERR,ERR,ERR,ERR,ERR,ERR,ERR,ERR,ERR,ERR,ERR,ERR,ERR,ERR,ERR,ERR,ERR,ERR,ERR,ERR,ERR,ERR,ERR,ERR,ERR,ERR,ERR,ERR,ERR,ERR,ERR,ERR,ERR,ERR,ERR,ERR,ERR,ERR,ERR,ERR,ERR,ERR,ERR,ERR,ERR,ERR,ERR,ERR,ERR,ERR,ERR,ERR,ERR,ERR,ERR,ERR,ERR,ERR,ERR,ERR,ERR,ERR,ERR,ERR,ERR,ERR,ERR,ERR,ERR,ERR,ERR,ERR,ERR,ERR,ERR,ERR,ERR,ERR,ERR,ERR,ERR,ERR,ERR,ERR,ERR,ERR,ERR,ERR,ERR,ERR,ERR,ERR,ERR,ERR,ERR,ERR,ERR,ERR,ERR,ERR,ERR,ERR,ERR,ERR,ERR,ERR,ERR,ERR,ERR,ERR,ERR,ERR,ERR,ERR,ERR,-107615312.0,0.0,-100794720.0,0.0,0.0,1.3936040501711995e+18,7.805,0.0,0,0,4,0,7116,0.0,100,0.0,0.0,0.0,0.0,0.0,0,0,0,0,0.0,0,0,0,0,0,0,0,0,0,0,0,0,0,0,0,0,0,0,0,0,0,0,0,0,0,0,0,0,0,0,0,0,0,31,40,40,71,65476,0,300,0,0,8,21553,0.0,-107605600.0,0.0,0.0,0.0,0.0,0.0,0.0,0.0,0.0,0.0,0.0,0.0,0.0,0.0,0.0,0.0,0.0,0.0,0.0,0.0,0.0,-0.0,2.004,-2.004,2.004,0.0,0.0,0.0,0.0,4491.0,0.0,6912.0,0.0,0.0,0.0,0.0,0.0,0.0,0.0,0.0,69,-152018521948160.0,0.059,0.0,0.0,0.0,0.0,0.0,0.0,0.0,0,0,0,0.0,0.0,0.0,0.0,0.0,0.0,0.0,0.0,0.0,0.0,0.0,0.0,0.0,0.0,0.0,0.0,0,-107875648.0,69,0.0,138,0.0,0.0,0,39322,17086,52429,17102,13107,17082,0,0,0,70,68,100,2.7302399002429377e+23,82.3,-0.0,78.2,0.0,79.0,1,49,50,180,52429,52429,0,0,0.0,0.0,0.0,0.0,-0.0,67.0,0.0,162057.094,0.0,979,0,1009,0,0,0,953,0,1034,0,931,0,791,0,783,0,823,0,7520,0.032,1.4065642356203533e+20,0.0,0.0,784,16797,-0.0,162057.094,-114818.039,-0.0,0.133,6.909358625270745e+28,30.0,70.0,35,0.0,0.0,0.0,0.0,0.0,0.0,0.0,0.0,0.0,0.0,0.0,0.0,0.0,0.0,0.0,0.0,66.0,0,150,71,52,65476,0,300,0,0,8,20529,65476,0,0,44564,70.0,0.0,0.0,0.0,0.0,0.0
2026-09-10T21:22:14,ERR,ERR,ERR,ERR,ERR,ERR,ERR,ERR,ERR,ERR,ERR,ERR,ERR,ERR,ERR,ERR,ERR,ERR,ERR,ERR,ERR,ERR,ERR,ERR,ERR,ERR,ERR,ERR,ERR,ERR,ERR,ERR,ERR,ERR,ERR,ERR,ERR,ERR,ERR,ERR,ERR,ERR,ERR,ERR,ERR,ERR,ERR,ERR,ERR,ERR,ERR,ERR,ERR,ERR,ERR,ERR,ERR,ERR,ERR,ERR,ERR,ERR,ERR,ERR,ERR,ERR,ERR,ERR,ERR,ERR,ERR,ERR,ERR,ERR,ERR,ERR,ERR,ERR,ERR,ERR,ERR,ERR,ERR,ERR,ERR,ERR,ERR,ERR,ERR,ERR,ERR,ERR,ERR,ERR,ERR,ERR,ERR,ERR,ERR,ERR,ERR,ERR,ERR,ERR,ERR,ERR,ERR,ERR,ERR,ERR,ERR,ERR,ERR,ERR,ERR,ERR,ERR,ERR,ERR,ERR,ERR,ERR,ERR,ERR,ERR,-107615312.0,0.0,-100794720.0,0.0,0.0,1.3936040501711995e+18,7.805,0.0,0,0,4,0,7116,0.0,100,0.0,0.0,0.0,0.0,0.0,0,0,0,0,0.0,0,0,0,0,0,0,0,0,0,0,0,0,0,0,0,0,0,0,0,0,0,0,0,0,0,0,0,0,0,0,0,0,0,31,40,40,71,65476,0,300,0,0,8,21553,0.0,-107605600.0,0.0,0.0,0.0,0.0,0.0,0.0,0.0,0.0,0.0,0.0,0.0,0.0,0.0,0.0,0.0,0.0,0.0,0.0,0.0,0.0,-0.0,2.004,-2.004,2.004,0.0,0.0,0.0,0.0,4491.0,0.0,6912.0,0.0,0.0,0.0,0.0,0.0,0.0,0.0,0.0,69,-152018521948160.0,0.059,0.0,0.0,0.0,0.0,0.0,0.0,0.0,0,0,0,0.0,0.0,0.0,0.0,0.0,0.0,0.0,0.0,0.0,0.0,0.0,0.0,0.0,0.0,0.0,0.0,0,-107875648.0,69,0.0,138,0.0,0.0,0,39322,17086,52429,17102,13107,17082,0,0,0,70,68,100,-0.0,82.3,-0.0,78.1,0.0,79.0,1,49,50,180,52429,39322,0,0,0.0,0.0,0.0,0.0,-0.0,67.0,0.0,162057.094,0.0,979,0,1008,0,0,0,953,0,1033,0,931,0,792,0,783,0,822,0,7520,0.032,1.3950350205742848e+20,0.0,0.0,784,16797,-0.0,162057.094,-114818.039,-0.0,0.133,6.909358625270745e+28,30.0,70.0,35,0.0,0.0,0.0,0.0,0.0,0.0,0.0,0.0,0.0,0.0,0.0,0.0,0.0,0.0,0.0,0.0,66.0,0,150,71,52,65476,0,300,0,0,8,20529,65476,0,0,44564,70.0,0.0,0.0,0.0,0.0,0.0
2026-09-10T21:22:15,ERR,ERR,ERR,ERR,ERR,ERR,ERR,ERR,ERR,ERR,ERR,ERR,ERR,ERR,ERR,ERR,ERR,ERR,ERR,ERR,ERR,ERR,ERR,ERR,ERR,ERR,ERR,ERR,ERR,ERR,ERR,ERR,ERR,ERR,ERR,ERR,ERR,ERR,ERR,ERR,ERR,ERR,ERR,ERR,ERR,ERR,ERR,ERR,ERR,ERR,ERR,ERR,ERR,ERR,ERR,ERR,ERR,ERR,ERR,ERR,ERR,ERR,ERR,ERR,ERR,ERR,ERR,ERR,ERR,ERR,ERR,ERR,ERR,ERR,ERR,ERR,ERR,ERR,ERR,ERR,ERR,ERR,ERR,ERR,ERR,ERR,ERR,ERR,ERR,ERR,ERR,ERR,ERR,ERR,ERR,ERR,ERR,ERR,ERR,ERR,ERR,ERR,ERR,ERR,ERR,ERR,ERR,ERR,ERR,ERR,ERR,ERR,ERR,ERR,ERR,ERR,ERR,ERR,ERR,ERR,ERR,ERR,ERR,ERR,ERR,0.0,0.0,2.6474835549302285e+23,0.0,0.0,1.3936040501711995e+18,7.805,0.0,0,0,4,0,7116,0.0,100,0.0,0.0,0.0,0.0,0.0,0,0,0,0,0.0,0,0,0,0,0,0,0,0,0,0,0,0,0,0,0,0,0,0,0,0,0,0,0,0,0,0,0,0,0,0,0,0,0,31,40,40,71,65476,0,300,0,0,8,21553,0.0,-107605600.0,0.0,0.0,0.0,0.0,0.0,0.0,0.0,0.0,0.0,0.0,0.0,0.0,-2.596148429267414e+33,0.0,0.0,0.0,0.0,0.0,0.0,0.0,-2.004,2.004,-2.004,2.004,0.0,0.0,0.0,0.0,4463.0,-2.4229830046158873e+24,6941.0,0.0,0.0,0.0,0.0,0.0,0.0,0.0,0.0,69,-1.905698635870372e+17,0.0,0.0,0.0,0.0,0.0,0.0,0.0,0.0,0,0,0,0.0,0.0,0.0,0.0,0.0,0.0,0.0,0.0,0.0,0.0,0.0,0.0,0.0,0.0,0.0,0.0,0,-107875648.0,69,0.0,138,0.0,0.0,0,39322,17086,52429,17102,13107,17082,0,0,0,70,68,100,-0.0,82.3,-0.0,78.1,0.0,79.0,1,49,50,180,52429,39322,0,0,0.0,0.0,0.0,0.0,-0.0,67.0,0.0,162057.094,0.0,979,0,1008,0,0,0,953,0,1033,0,931,0,792,0,783,0,822,0,7520,0.032,1.3950350205742848e+20,0.0,0.0,784,16797,-0.0,162057.094,-114818.039,-0.0,0.133,6.909358625270745e+28,30.0,70.0,35,0.0,0.0,0.0,0.0,0.0,0.0,0.0,0.0,0.0,0.0,0.0,0.0,0.0,0.0,0.0,0.0,66.0,0,150,71,52,65476,0,300,0,0,8,20529,65476,0,0,44564,70.0,0.0,0.0,0.0,0.0,0.0
2026-09-10T21:22:16,ERR,ERR,ERR,ERR,ERR,ERR,ERR,ERR,ERR,ERR,ERR,ERR,ERR,ERR,ERR,ERR,ERR,ERR,ERR,ERR,ERR,ERR,ERR,ERR,ERR,ERR,ERR,ERR,ERR,ERR,ERR,ERR,ERR,ERR,ERR,ERR,ERR,ERR,ERR,ERR,ERR,ERR,ERR,ERR,ERR,ERR,ERR,ERR,ERR,ERR,ERR,ERR,ERR,ERR,ERR,ERR,ERR,ERR,ERR,ERR,ERR,ERR,ERR,ERR,ERR,ERR,ERR,ERR,ERR,ERR,ERR,ERR,ERR,ERR,ERR,ERR,ERR,ERR,ERR,ERR,ERR,ERR,ERR,ERR,ERR,ERR,ERR,ERR,ERR,ERR,ERR,ERR,ERR,ERR,ERR,ERR,ERR,ERR,ERR,ERR,ERR,ERR,ERR,ERR,ERR,ERR,ERR,ERR,ERR,ERR,ERR,ERR,ERR,ERR,ERR,ERR,ERR,ERR,ERR,ERR,ERR,ERR,ERR,ERR,ERR,0.0,0.0,2.6474835549302285e+23,0.0,0.0,1.3936040501711995e+18,7.805,0.0,0,0,4,0,7116,0.0,100,0.0,0.0,0.0,0.0,0.0,0,0,0,0,0.0,0,0,0,0,0,0,0,0,0,0,0,0,0,0,0,0,0,0,0,0,0,0,0,0,0,0,0,0,0,0,0,0,0,31,40,40,71,65476,0,300,0,0,8,21553,0.0,-107605600.0,0.0,0.0,0.0,0.0,0.0,0.0,0.0,0.0,0.0,0.0,0.0,0.0,-2.596148429267414e+33,0.0,0.0,0.0,0.0,0.0,0.0,0.0,-2.004,2.004,-2.004,2.004,0.0,0.0,0.0,0.0,4463.0,-2.4229830046158873e+24,6941.0,0.0,0.0,0.0,0.0,0.0,0.0,0.0,0.0,69,-1.905698635870372e+17,0.0,0.0,0.0,0.0,0.0,0.0,0.0,0.0,0,0,0,0.0,0.0,0.0,0.0,0.0,0.0,0.0,0.0,0.0,0.0,0.0,0.0,0.0,0.0,0.0,0.0,0,-107875648.0,69,0.0,138,0.0,0.0,0,39322,17086,52429,17102,13107,17082,0,0,0,70,68,100,-0.0,82.3,-0.0,78.1,0.0,79.0,1,49,50,180,52429,39322,0,0,0.0,0.0,0.0,0.0,-0.0,67.0,0.0,162057.094,0.0,979,0,1008,0,0,0,953,0,1033,0,931,0,792,0,783,0,822,0,7520,0.032,1.3950350205742848e+20,0.0,0.0,784,16797,-0.0,162057.094,-114818.039,-0.0,0.133,6.909358625270745e+28,30.0,70.0,35,0.0,0.0,0.0,0.0,0.0,0.0,0.0,0.0,0.0,0.0,0.0,0.0,0.0,0.0,0.0,0.0,66.0,0,150,71,52,65476,0,300,0,0,8,20529,65476,0,0,44564,70.0,0.0,0.0,0.0,0.0,0.0
2026-09-10T21:22:17,ERR,ERR,ERR,ERR,ERR,ERR,ERR,ERR,ERR,ERR,ERR,ERR,ERR,ERR,ERR,ERR,ERR,ERR,ERR,ERR,ERR,ERR,ERR,ERR,ERR,ERR,ERR,ERR,ERR,ERR,ERR,ERR,ERR,ERR,ERR,ERR,ERR,ERR,ERR,ERR,ERR,ERR,ERR,ERR,ERR,ERR,ERR,ERR,ERR,ERR,ERR,ERR,ERR,ERR,ERR,ERR,ERR,ERR,ERR,ERR,ERR,ERR,ERR,ERR,ERR,ERR,ERR,ERR,ERR,ERR,ERR,ERR,ERR,ERR,ERR,ERR,ERR,ERR,ERR,ERR,ERR,ERR,ERR,ERR,ERR,ERR,ERR,ERR,ERR,ERR,ERR,ERR,ERR,ERR,ERR,ERR,ERR,ERR,ERR,ERR,ERR,ERR,ERR,ERR,ERR,ERR,ERR,ERR,ERR,ERR,ERR,ERR,ERR,ERR,ERR,ERR,ERR,ERR,ERR,ERR,ERR,ERR,ERR,ERR,ERR,0.0,0.0,2.6474835549302285e+23,0.0,0.0,1.3936040501711995e+18,7.805,0.0,0,0,4,0,7116,0.0,100,0.0,0.0,0.0,0.0,0.0,0,0,0,0,0.0,0,0,0,0,0,0,0,0,0,0,0,0,0,0,0,0,0,0,0,0,0,0,0,0,0,0,0,0,0,0,0,0,0,31,40,40,71,65476,0,300,0,0,8,21553,0.0,-107605600.0,0.0,0.0,0.0,0.0,0.0,0.0,0.0,0.0,0.0,0.0,0.0,0.0,-2.596148429267414e+33,0.0,0.0,0.0,0.0,0.0,0.0,0.0,-2.004,2.004,-2.004,2.004,0.0,0.0,0.0,0.0,4463.0,-2.4229830046158873e+24,6941.0,0.0,0.0,0.0,0.0,0.0,0.0,0.0,0.0,69,-1.905698635870372e+17,0.0,0.0,0.0,0.0,0.0,0.0,0.0,0.0,0,0,0,0.0,0.0,0.0,0.0,0.0,0.0,0.0,0.0,0.0,0.0,0.0,0.0,0.0,0.0,0.0,0.0,0,-107875648.0,69,0.0,138,0.0,0.0,0,39322,17086,52429,17102,13107,17082,0,0,0,70,68,100,-0.0,82.3,-0.0,78.1,0.0,79.0,1,49,50,180,52429,39322,0,0,0.0,0.0,0.0,0.0,-0.0,67.0,0.0,162057.094,0.0,979,0,1008,0,0,0,953,0,1033,0,931,0,792,0,783,0,822,0,7520,0.032,1.3950350205742848e+20,0.0,0.0,784,16797,-0.0,162057.094,-114818.039,-0.0,0.133,6.909358625270745e+28,30.0,70.0,35,0.0,0.0,0.0,0.0,0.0,0.0,0.0,0.0,0.0,0.0,0.0,0.0,0.0,0.0,0.0,0.0,66.0,0,150,71,52,65476,0,300,0,0,8,20529,65476,0,0,44564,70.0,0.0,0.0,0.0,0.0,0.0
2026-09-10T21:22:18,ERR,ERR,ERR,ERR,ERR,ERR,ERR,ERR,ERR,ERR,ERR,ERR,ERR,ERR,ERR,ERR,ERR,ERR,ERR,ERR,ERR,ERR,ERR,ERR,ERR,ERR,ERR,ERR,ERR,ERR,ERR,ERR,ERR,ERR,ERR,ERR,ERR,ERR,ERR,ERR,ERR,ERR,ERR,ERR,ERR,ERR,ERR,ERR,ERR,ERR,ERR,ERR,ERR,ERR,ERR,ERR,ERR,ERR,ERR,ERR,ERR,ERR,ERR,ERR,ERR,ERR,ERR,ERR,ERR,ERR,ERR,ERR,ERR,ERR,ERR,ERR,ERR,ERR,ERR,ERR,ERR,ERR,ERR,ERR,ERR,ERR,ERR,ERR,ERR,ERR,ERR,ERR,ERR,ERR,ERR,ERR,ERR,ERR,ERR,ERR,ERR,ERR,ERR,ERR,ERR,ERR,ERR,ERR,ERR,ERR,ERR,ERR,ERR,ERR,ERR,ERR,ERR,ERR,ERR,ERR,ERR,ERR,ERR,ERR,ERR,0.0,0.0,2.6474835549302285e+23,0.0,0.0,1.3936040501711995e+18,7.805,0.0,0,0,4,0,7116,0.0,100,0.0,0.0,0.0,0.0,0.0,0,0,0,0,0.0,0,0,0,0,0,0,0,0,0,0,0,0,0,0,0,0,0,0,0,0,0,0,0,0,0,0,0,0,0,0,0,0,0,31,40,40,71,65476,0,300,0,0,8,21553,0.0,-107605600.0,0.0,0.0,0.0,0.0,0.0,0.0,0.0,0.0,0.0,0.0,0.0,0.0,-2.596148429267414e+33,0.0,0.0,0.0,0.0,0.0,0.0,0.0,-2.004,2.004,-2.004,2.004,0.0,0.0,0.0,0.0,4463.0,-2.4229830046158873e+24,6941.0,0.0,0.0,0.0,0.0,0.0,0.0,0.0,0.0,69,-1.905698635870372e+17,0.0,0.0,0.0,0.0,0.0,0.0,0.0,0.0,0,0,0,0.0,0.0,0.0,0.0,0.0,0.0,0.0,0.0,0.0,0.0,0.0,0.0,0.0,0.0,0.0,0.0,0,-107875648.0,69,0.0,138,0.0,0.0,0,39322,17086,52429,17102,13107,17082,0,0,0,70,68,100,-0.0,82.3,-0.0,78.1,0.0,79.0,1,49,50,180,52429,39322,0,0,0.0,0.0,0.0,0.0,-0.0,67.0,0.0,162057.094,0.0,979,0,1008,0,0,0,953,0,1033,0,931,0,792,0,783,0,822,0,7520,0.032,1.3950350205742848e+20,0.0,0.0,784,16797,-0.0,162057.094,-114818.039,-0.0,0.133,6.909358625270745e+28,30.0,70.0,35,0.0,0.0,0.0,0.0,0.0,0.0,0.0,0.0,0.0,0.0,0.0,0.0,0.0,0.0,0.0,0.0,66.0,0,150,71,52,65476,0,300,0,0,8,20529,65476,0,0,44564,70.0,0.0,0.0,0.0,0.0,0.0
2026-09-10T21:22:19,ERR,ERR,ERR,ERR,ERR,ERR,ERR,ERR,ERR,ERR,ERR,ERR,ERR,ERR,ERR,ERR,ERR,ERR,ERR,ERR,ERR,ERR,ERR,ERR,ERR,ERR,ERR,ERR,ERR,ERR,ERR,ERR,ERR,ERR,ERR,ERR,ERR,ERR,ERR,ERR,ERR,ERR,ERR,ERR,ERR,ERR,ERR,ERR,ERR,ERR,ERR,ERR,ERR,ERR,ERR,ERR,ERR,ERR,ERR,ERR,ERR,ERR,ERR,ERR,ERR,ERR,ERR,ERR,ERR,ERR,ERR,ERR,ERR,ERR,ERR,ERR,ERR,ERR,ERR,ERR,ERR,ERR,ERR,ERR,ERR,ERR,ERR,ERR,ERR,ERR,ERR,ERR,ERR,ERR,ERR,ERR,ERR,ERR,ERR,ERR,ERR,ERR,ERR,ERR,ERR,ERR,ERR,ERR,ERR,ERR,ERR,ERR,ERR,ERR,ERR,ERR,ERR,ERR,ERR,ERR,ERR,ERR,ERR,ERR,ERR,0.0,0.0,2.6474835549302285e+23,0.0,0.0,1.3936040501711995e+18,7.805,0.0,0,0,4,0,7116,0.0,100,0.0,0.0,0.0,0.0,0.0,0,0,0,0,0.0,0,0,0,0,0,0,0,0,0,0,0,0,0,0,0,0,0,0,0,0,0,0,0,0,0,0,0,0,0,0,0,0,0,31,40,40,71,65476,0,300,0,0,8,21553,0.0,-107605600.0,0.0,0.0,0.0,0.0,0.0,0.0,0.0,0.0,0.0,0.0,0.0,0.0,-2.596148429267414e+33,0.0,0.0,0.0,0.0,0.0,0.0,0.0,-2.004,2.004,-2.004,2.004,0.0,0.0,0.0,0.0,4463.0,-2.4229830046158873e+24,6941.0,0.0,0.0,0.0,0.0,0.0,0.0,0.0,0.0,69,-1.905698635870372e+17,0.0,0.0,0.0,0.0,0.0,0.0,0.0,0.0,0,0,0,0.0,0.0,0.0,0.0,0.0,0.0,0.0,0.0,0.0,0.0,0.0,0.0,0.0,0.0,0.0,0.0,0,-107875648.0,69,0.0,138,0.0,0.0,0,39322,17086,52429,17102,13107,17082,0,0,0,70,68,100,-0.0,82.3,-0.0,78.1,0.0,79.0,1,49,50,180,52429,39322,0,0,0.0,0.0,0.0,0.0,-0.0,67.0,0.0,162057.094,0.0,979,0,1008,0,0,0,953,0,1033,0,931,0,792,0,783,0,822,0,7520,0.032,1.3950350205742848e+20,0.0,0.0,784,16797,-0.0,162057.094,-114818.039,-0.0,0.133,6.909358625270745e+28,30.0,70.0,35,0.0,0.0,0.0,0.0,0.0,0.0,0.0,0.0,0.0,0.0,0.0,0.0,0.0,0.0,0.0,0.0,66.0,0,150,71,52,65476,0,300,0,0,8,20529,65476,0,0,44564,70.0,0.0,0.0,0.0,0.0,0.0
2026-09-10T21:22:20,ERR,ERR,ERR,ERR,ERR,ERR,ERR,ERR,ERR,ERR,ERR,ERR,ERR,ERR,ERR,ERR,ERR,ERR,ERR,ERR,ERR,ERR,ERR,ERR,ERR,ERR,ERR,ERR,ERR,ERR,ERR,ERR,ERR,ERR,ERR,ERR,ERR,ERR,ERR,ERR,ERR,ERR,ERR,ERR,ERR,ERR,ERR,ERR,ERR,ERR,ERR,ERR,ERR,ERR,ERR,ERR,ERR,ERR,ERR,ERR,ERR,ERR,ERR,ERR,ERR,ERR,ERR,ERR,ERR,ERR,ERR,ERR,ERR,ERR,ERR,ERR,ERR,ERR,ERR,ERR,ERR,ERR,ERR,ERR,ERR,ERR,ERR,ERR,ERR,ERR,ERR,ERR,ERR,ERR,ERR,ERR,ERR,ERR,ERR,ERR,ERR,ERR,ERR,ERR,ERR,ERR,ERR,ERR,ERR,ERR,ERR,ERR,ERR,ERR,ERR,ERR,ERR,ERR,ERR,ERR,ERR,ERR,ERR,ERR,ERR,0.0,0.0,2.6474835549302285e+23,0.0,0.0,1.3936040501711995e+18,7.805,0.0,0,0,4,0,7116,0.0,100,0.0,0.0,0.0,0.0,0.0,0,0,0,0,0.0,0,0,0,0,0,0,0,0,0,0,0,0,0,0,0,0,0,0,0,0,0,0,0,0,0,0,0,0,0,0,0,0,0,31,40,40,71,65476,0,300,0,0,8,21553,0.0,-107605600.0,0.0,0.0,0.0,0.0,0.0,0.0,0.0,0.0,0.0,0.0,0.0,0.0,-2.596148429267414e+33,0.0,0.0,0.0,0.0,0.0,0.0,0.0,-2.004,2.004,-2.004,2.004,0.0,0.0,0.0,0.0,4463.0,-2.4229830046158873e+24,6941.0,0.0,0.0,0.0,0.0,0.0,0.0,0.0,0.0,69,-1.905698635870372e+17,0.0,0.0,0.0,0.0,0.0,0.0,0.0,0.0,0,0,0,0.0,0.0,0.0,0.0,0.0,0.0,0.0,0.0,0.0,0.0,0.0,0.0,0.0,0.0,0.0,0.0,0,-107875648.0,69,0.0,138,0.0,0.0,0,39322,17086,39322,17102,13107,17082,0,0,0,70,68,100,2.7302399002429377e+23,82.3,-0.0,78.1,0.0,79.0,1,49,50,180,52429,39322,0,0,0.0,0.0,0.0,0.0,-0.0,67.0,0.0,162057.094,0.0,979,0,1008,0,0,0,953,0,1033,0,931,0,792,0,783,0,822,0,7520,0.032,1.400799628097319e+20,0.0,0.0,784,16797,-0.0,162057.094,-114818.039,-0.0,0.133,6.909358625270745e+28,30.0,70.0,35,0.0,0.0,0.0,0.0,0.0,0.0,0.0,0.0,0.0,0.0,0.0,0.0,0.0,0.0,0.0,0.0,66.0,0,150,71,52,65476,0,300,0,0,8,20529,65476,0,0,44564,70.0,0.0,0.0,0.0,0.0,0.0
2026-09-10T21:22:21,ERR,ERR,ERR,ERR,ERR,ERR,ERR,ERR,ERR,ERR,ERR,ERR,ERR,ERR,ERR,ERR,ERR,ERR,ERR,ERR,ERR,ERR,ERR,ERR,ERR,ERR,ERR,ERR,ERR,ERR,ERR,ERR,ERR,ERR,ERR,ERR,ERR,ERR,ERR,ERR,ERR,ERR,ERR,ERR,ERR,ERR,ERR,ERR,ERR,ERR,ERR,ERR,ERR,ERR,ERR,ERR,ERR,ERR,ERR,ERR,ERR,ERR,ERR,ERR,ERR,ERR,ERR,ERR,ERR,ERR,ERR,ERR,ERR,ERR,ERR,ERR,ERR,ERR,ERR,ERR,ERR,ERR,ERR,ERR,ERR,ERR,ERR,ERR,ERR,ERR,ERR,ERR,ERR,ERR,ERR,ERR,ERR,ERR,ERR,ERR,ERR,ERR,ERR,ERR,ERR,ERR,ERR,ERR,ERR,ERR,ERR,ERR,ERR,ERR,ERR,ERR,ERR,ERR,ERR,ERR,ERR,ERR,ERR,ERR,ERR,0.0,0.0,2.6474835549302285e+23,0.0,0.0,1.3936040501711995e+18,7.805,0.0,0,0,4,0,7116,0.0,100,0.0,0.0,0.0,0.0,0.0,0,0,0,0,0.0,0,0,0,0,0,0,0,0,0,0,0,0,0,0,0,0,0,0,0,0,0,0,0,0,0,0,0,0,0,0,0,0,0,31,40,40,71,65476,0,300,0,0,8,21553,0.0,-107605600.0,0.0,0.0,0.0,0.0,0.0,0.0,0.0,0.0,0.0,0.0,0.0,0.0,-2.596148429267414e+33,0.0,0.0,0.0,0.0,0.0,0.0,0.0,-2.004,2.004,-2.004,2.004,0.0,0.0,0.0,0.0,4463.0,-2.4229830046158873e+24,6941.0,0.0,0.0,0.0,0.0,0.0,0.0,0.0,0.0,69,-1.905698635870372e+17,0.0,0.0,0.0,0.0,0.0,0.0,0.0,0.0,0,0,0,0.0,0.0,0.0,0.0,0.0,0.0,0.0,0.0,0.0,0.0,0.0,0.0,0.0,0.0,0.0,0.0,0,-107875648.0,69,0.0,138,0.0,0.0,0,39322,17086,39322,17102,13107,17082,0,0,0,70,68,100,2.7302399002429377e+23,82.3,-0.0,78.1,0.0,79.0,1,49,50,180,52429,39322,0,0,0.0,0.0,0.0,0.0,-0.0,67.0,0.0,162057.094,0.0,979,0,1008,0,0,0,953,0,1033,0,931,0,792,0,783,0,822,0,7520,0.032,1.400799628097319e+20,0.0,0.0,784,16797,-0.0,162057.094,-114818.039,-0.0,0.133,6.909358625270745e+28,30.0,70.0,35,0.0,0.0,0.0,0.0,0.0,0.0,0.0,0.0,0.0,0.0,0.0,0.0,0.0,0.0,0.0,0.0,66.0,0,150,71,52,65476,0,300,0,0,8,20529,65476,0,0,44564,70.0,0.0,0.0,0.0,0.0,0.0
2026-09-10T21:22:22,ERR,ERR,ERR,ERR,ERR,ERR,ERR,ERR,ERR,ERR,ERR,ERR,ERR,ERR,ERR,ERR,ERR,ERR,ERR,ERR,ERR,ERR,ERR,ERR,ERR,ERR,ERR,ERR,ERR,ERR,ERR,ERR,ERR,ERR,ERR,ERR,ERR,ERR,ERR,ERR,ERR,ERR,ERR,ERR,ERR,ERR,ERR,ERR,ERR,ERR,ERR,ERR,ERR,ERR,ERR,ERR,ERR,ERR,ERR,ERR,ERR,ERR,ERR,ERR,ERR,ERR,ERR,ERR,ERR,ERR,ERR,ERR,ERR,ERR,ERR,ERR,ERR,ERR,ERR,ERR,ERR,ERR,ERR,ERR,ERR,ERR,ERR,ERR,ERR,ERR,ERR,ERR,ERR,ERR,ERR,ERR,ERR,ERR,ERR,ERR,ERR,ERR,ERR,ERR,ERR,ERR,ERR,ERR,ERR,ERR,ERR,ERR,ERR,ERR,ERR,ERR,ERR,ERR,ERR,ERR,ERR,ERR,ERR,ERR,ERR,0.0,0.0,2.6474835549302285e+23,0.0,0.0,1.3936040501711995e+18,7.805,0.0,0,0,4,0,7116,0.0,100,0.0,0.0,0.0,0.0,0.0,0,0,0,0,0.0,0,0,0,0,0,0,0,0,0,0,0,0,0,0,0,0,0,0,0,0,0,0,0,0,0,0,0,0,0,0,0,0,0,31,40,40,71,65476,0,300,0,0,8,21553,0.0,-107605600.0,0.0,0.0,0.0,0.0,0.0,0.0,0.0,0.0,0.0,0.0,0.0,0.0,-2.596148429267414e+33,0.0,0.0,0.0,0.0,0.0,0.0,0.0,-2.004,2.004,-2.004,2.004,0.0,0.0,0.0,0.0,4463.0,-2.4229830046158873e+24,6941.0,0.0,0.0,0.0,0.0,0.0,0.0,0.0,0.0,69,-1.905698635870372e+17,0.0,0.0,0.0,0.0,0.0,0.0,0.0,0.0,0,0,0,0.0,0.0,0.0,0.0,0.0,0.0,0.0,0.0,0.0,0.0,0.0,0.0,0.0,0.0,0.0,0.0,0,-107875648.0,69,0.0,138,0.0,0.0,0,39322,17086,39322,17102,13107,17082,0,0,0,70,68,100,2.7302399002429377e+23,82.3,-0.0,78.1,0.0,79.0,1,49,50,180,52429,39322,0,0,0.0,0.0,0.0,0.0,-0.0,67.0,0.0,162057.094,0.0,979,0,1008,0,0,0,953,0,1033,0,931,0,792,0,783,0,822,0,7520,0.032,1.400799628097319e+20,0.0,0.0,784,16797,-0.0,162057.094,-114818.039,-0.0,0.133,6.909358625270745e+28,30.0,70.0,35,0.0,0.0,0.0,0.0,0.0,0.0,0.0,0.0,0.0,0.0,0.0,0.0,0.0,0.0,0.0,0.0,66.0,0,150,71,52,65476,0,300,0,0,8,20529,65476,0,0,44564,70.0,0.0,0.0,0.0,0.0,0.0
2026-09-10T21:22:23,ERR,ERR,ERR,ERR,ERR,ERR,ERR,ERR,ERR,ERR,ERR,ERR,ERR,ERR,ERR,ERR,ERR,ERR,ERR,ERR,ERR,ERR,ERR,ERR,ERR,ERR,ERR,ERR,ERR,ERR,ERR,ERR,ERR,ERR,ERR,ERR,ERR,ERR,ERR,ERR,ERR,ERR,ERR,ERR,ERR,ERR,ERR,ERR,ERR,ERR,ERR,ERR,ERR,ERR,ERR,ERR,ERR,ERR,ERR,ERR,ERR,ERR,ERR,ERR,ERR,ERR,ERR,ERR,ERR,ERR,ERR,ERR,ERR,ERR,ERR,ERR,ERR,ERR,ERR,ERR,ERR,ERR,ERR,ERR,ERR,ERR,ERR,ERR,ERR,ERR,ERR,ERR,ERR,ERR,ERR,ERR,ERR,ERR,ERR,ERR,ERR,ERR,ERR,ERR,ERR,ERR,ERR,ERR,ERR,ERR,ERR,ERR,ERR,ERR,ERR,ERR,ERR,ERR,ERR,ERR,ERR,ERR,ERR,ERR,ERR,0.0,0.0,2.6474835549302285e+23,0.0,0.0,1.3936040501711995e+18,7.805,0.0,0,0,4,0,7116,0.0,100,0.0,0.0,0.0,0.0,0.0,0,0,0,0,0.0,0,0,0,0,0,0,0,0,0,0,0,0,0,0,0,0,0,0,0,0,0,0,0,0,0,0,0,0,0,0,0,0,0,31,40,40,71,65476,0,300,0,0,8,21553,0.0,-107605600.0,0.0,0.0,0.0,0.0,0.0,0.0,0.0,0.0,0.0,0.0,0.0,0.0,0.0,0.0,0.0,0.0,0.0,0.0,0.0,0.0,-2.004,2.004,-2.004,2.004,0.0,0.0,0.0,0.0,4460.0,-2.4229830046158873e+24,6941.0,0.0,0.0,0.0,0.0,0.0,0.0,0.0,0.0,69,-107615376.0,0.0,0.0,0.0,0.0,0.0,0.0,0.0,0.0,0,0,0,0.0,0.0,0.0,0.0,0.0,0.0,0.0,0.0,0.0,0.0,0.0,0.0,0.0,0.0,0.0,0.0,0,-107875648.0,69,0.0,138,0.0,0.0,0,39322,17086,39322,17102,13107,17082,0,0,0,70,68,100,2.7302399002429377e+23,82.3,-0.0,78.1,0.0,79.0,1,49,50,180,52429,39322,0,0,0.0,0.0,0.0,0.0,-0.0,67.0,0.0,162057.094,0.0,979,0,1008,0,0,0,953,0,1033,0,931,0,792,0,783,0,822,0,7520,0.032,1.400799628097319e+20,0.0,0.0,784,16797,-0.0,162057.094,-114818.039,-0.0,0.133,6.909358625270745e+28,30.0,70.0,35,0.0,0.0,0.0,0.0,0.0,0.0,0.0,0.0,0.0,0.0,0.0,0.0,0.0,0.0,0.0,0.0,66.0,0,150,71,52,65476,0,300,0,0,8,20529,65476,0,0,44564,70.0,0.0,0.0,0.0,0.0,0.0
2026-09-10T21:22:24,ERR,ERR,ERR,ERR,ERR,ERR,ERR,ERR,ERR,ERR,ERR,ERR,ERR,ERR,ERR,ERR,ERR,ERR,ERR,ERR,ERR,ERR,ERR,ERR,ERR,ERR,ERR,ERR,ERR,ERR,ERR,ERR,ERR,ERR,ERR,ERR,ERR,ERR,ERR,ERR,ERR,ERR,ERR,ERR,ERR,ERR,ERR,ERR,ERR,ERR,ERR,ERR,ERR,ERR,ERR,ERR,ERR,ERR,ERR,ERR,ERR,ERR,ERR,ERR,ERR,ERR,ERR,ERR,ERR,ERR,ERR,ERR,ERR,ERR,ERR,ERR,ERR,ERR,ERR,ERR,ERR,ERR,ERR,ERR,ERR,ERR,ERR,ERR,ERR,ERR,ERR,ERR,ERR,ERR,ERR,ERR,ERR,ERR,ERR,ERR,ERR,ERR,ERR,ERR,ERR,ERR,ERR,ERR,ERR,ERR,ERR,ERR,ERR,ERR,ERR,ERR,ERR,ERR,ERR,ERR,ERR,ERR,ERR,ERR,ERR,0.0,0.0,2.6474835549302285e+23,0.0,0.0,1.3936040501711995e+18,7.805,0.0,0,0,4,0,7116,0.0,100,0.0,0.0,0.0,0.0,0.0,0,0,0,0,0.0,0,0,0,0,0,0,0,0,0,0,0,0,0,0,0,0,0,0,0,0,0,0,0,0,0,0,0,0,0,0,0,0,0,31,40,40,71,65476,0,300,0,0,8,21553,0.0,-107605600.0,0.0,0.0,0.0,0.0,0.0,0.0,0.0,0.0,0.0,0.0,0.0,0.0,0.0,0.0,0.0,0.0,0.0,0.0,0.0,0.0,-2.004,2.004,-2.004,2.004,0.0,0.0,0.0,0.0,4460.0,-2.4229830046158873e+24,6941.0,0.0,0.0,0.0,0.0,0.0,0.0,0.0,0.0,69,-107615376.0,0.0,0.0,0.0,0.0,0.0,0.0,0.0,0.0,0,0,0,0.0,0.0,0.0,0.0,0.0,0.0,0.0,0.0,0.0,0.0,0.0,0.0,0.0,0.0,0.0,0.0,0,-107875648.0,69,0.0,138,0.0,0.0,0,39322,17086,39322,17102,13107,17082,0,0,0,70,68,100,2.7302399002429377e+23,82.3,-0.0,78.1,0.0,79.0,1,49,50,180,52429,39322,0,0,0.0,0.0,0.0,0.0,-0.0,67.0,0.0,162057.094,0.0,979,0,1008,0,0,0,953,0,1033,0,931,0,792,0,783,0,822,0,7520,0.032,1.400799628097319e+20,0.0,0.0,784,16797,-0.0,162057.094,-114818.039,-0.0,0.133,6.909358625270745e+28,30.0,70.0,35,0.0,0.0,0.0,0.0,0.0,0.0,0.0,0.0,0.0,0.0,0.0,0.0,0.0,0.0,0.0,0.0,66.0,0,150,71,52,65476,0,300,0,0,8,20529,65476,0,0,44564,70.0,0.0,0.0,0.0,0.0,0.0
2026-09-10T21:22:25,ERR,ERR,ERR,ERR,ERR,ERR,ERR,ERR,ERR,ERR,ERR,ERR,ERR,ERR,ERR,ERR,ERR,ERR,ERR,ERR,ERR,ERR,ERR,ERR,ERR,ERR,ERR,ERR,ERR,ERR,ERR,ERR,ERR,ERR,ERR,ERR,ERR,ERR,ERR,ERR,ERR,ERR,ERR,ERR,ERR,ERR,ERR,ERR,ERR,ERR,ERR,ERR,ERR,ERR,ERR,ERR,ERR,ERR,ERR,ERR,ERR,ERR,ERR,ERR,ERR,ERR,ERR,ERR,ERR,ERR,ERR,ERR,ERR,ERR,ERR,ERR,ERR,ERR,ERR,ERR,ERR,ERR,ERR,ERR,ERR,ERR,ERR,ERR,ERR,ERR,ERR,ERR,ERR,ERR,ERR,ERR,ERR,ERR,ERR,ERR,ERR,ERR,ERR,ERR,ERR,ERR,ERR,ERR,ERR,ERR,ERR,ERR,ERR,ERR,ERR,ERR,ERR,ERR,ERR,ERR,ERR,ERR,ERR,ERR,ERR,0.0,0.0,2.6474835549302285e+23,0.0,0.0,1.3936040501711995e+18,7.805,0.0,0,0,4,0,7116,0.0,100,0.0,0.0,0.0,0.0,0.0,0,0,0,0,0.0,0,0,0,0,0,0,0,0,0,0,0,0,0,0,0,0,0,0,0,0,0,0,0,0,0,0,0,0,0,0,0,0,0,31,40,40,71,65476,0,300,0,0,8,21553,0.0,-107605600.0,0.0,0.0,0.0,0.0,0.0,0.0,0.0,0.0,0.0,0.0,0.0,0.0,0.0,0.0,0.0,0.0,0.0,0.0,0.0,0.0,-2.004,2.004,-2.004,2.004,0.0,0.0,0.0,0.0,4460.0,-2.4229830046158873e+24,6941.0,0.0,0.0,0.0,0.0,0.0,0.0,0.0,0.0,69,-107615376.0,0.0,0.0,0.0,0.0,0.0,0.0,0.0,0.0,0,0,0,0.0,0.0,0.0,0.0,0.0,0.0,0.0,0.0,0.0,0.0,0.0,0.0,0.0,0.0,0.0,0.0,0,-107875648.0,69,0.0,138,0.0,0.0,0,39322,17086,39322,17102,13107,17082,0,0,0,70,68,100,2.7302399002429377e+23,82.3,-0.0,78.1,0.0,79.0,1,49,50,180,52429,39322,0,0,0.0,0.0,0.0,0.0,-0.0,67.0,0.0,162057.094,0.0,979,0,1008,0,0,0,953,0,1033,0,931,0,791,0,783,0,822,0,7520,0.032,1.400799628097319e+20,0.0,0.0,784,16797,-0.0,162057.094,-114818.039,-0.0,0.133,6.909358625270745e+28,30.0,70.0,35,0.0,0.0,0.0,0.0,0.0,0.0,0.0,0.0,0.0,0.0,0.0,0.0,0.0,0.0,0.0,0.0,66.0,0,150,71,52,65476,0,300,0,0,8,20529,65476,0,0,44564,70.0,0.0,0.0,0.0,0.0,0.0
2026-09-10T21:22:26,ERR,ERR,ERR,ERR,ERR,ERR,ERR,ERR,ERR,ERR,ERR,ERR,ERR,ERR,ERR,ERR,ERR,ERR,ERR,ERR,ERR,ERR,ERR,ERR,ERR,ERR,ERR,ERR,ERR,ERR,ERR,ERR,ERR,ERR,ERR,ERR,ERR,ERR,ERR,ERR,ERR,ERR,ERR,ERR,ERR,ERR,ERR,ERR,ERR,ERR,ERR,ERR,ERR,ERR,ERR,ERR,ERR,ERR,ERR,ERR,ERR,ERR,ERR,ERR,ERR,ERR,ERR,ERR,ERR,ERR,ERR,ERR,ERR,ERR,ERR,ERR,ERR,ERR,ERR,ERR,ERR,ERR,ERR,ERR,ERR,ERR,ERR,ERR,ERR,ERR,ERR,ERR,ERR,ERR,ERR,ERR,ERR,ERR,ERR,ERR,ERR,ERR,ERR,ERR,ERR,ERR,ERR,ERR,ERR,ERR,ERR,ERR,ERR,ERR,ERR,ERR,ERR,ERR,ERR,ERR,ERR,ERR,ERR,ERR,ERR,0.0,0.0,2.6474835549302285e+23,0.0,0.0,1.3936040501711995e+18,7.805,0.0,0,0,4,0,7116,0.0,100,0.0,0.0,0.0,0.0,0.0,0,0,0,0,0.0,0,0,0,0,0,0,0,0,0,0,0,0,0,0,0,0,0,0,0,0,0,0,0,0,0,0,0,0,0,0,0,0,0,31,40,40,71,65476,0,300,0,0,8,21553,0.0,-107605600.0,0.0,0.0,0.0,0.0,0.0,0.0,0.0,0.0,0.0,0.0,0.0,0.0,0.0,0.0,0.0,0.0,0.0,0.0,0.0,0.0,-2.004,2.004,-2.004,2.004,0.0,0.0,0.0,0.0,4460.0,-2.4229830046158873e+24,6941.0,0.0,0.0,0.0,0.0,0.0,0.0,0.0,0.0,69,-107615376.0,0.0,0.0,0.0,0.0,0.0,0.0,0.0,0.0,0,0,0,0.0,0.0,0.0,0.0,0.0,0.0,0.0,0.0,0.0,0.0,0.0,0.0,0.0,0.0,0.0,0.0,0,-107875648.0,69,0.0,138,0.0,0.0,0,39322,17086,39322,17102,13107,17082,0,0,0,70,68,100,2.7302399002429377e+23,82.3,-0.0,78.1,0.0,79.0,1,49,50,180,52429,39322,0,0,0.0,0.0,0.0,0.0,-0.0,67.0,0.0,162057.094,0.0,979,0,1008,0,0,0,953,0,1033,0,931,0,791,0,783,0,822,0,7520,0.032,1.400799628097319e+20,0.0,0.0,784,16797,-0.0,162057.094,-114818.039,-0.0,0.133,6.909358625270745e+28,30.0,70.0,35,0.0,0.0,0.0,0.0,0.0,0.0,0.0,0.0,0.0,0.0,0.0,0.0,0.0,0.0,0.0,0.0,66.0,0,150,71,52,65476,0,300,0,0,8,20529,65476,0,0,44564,70.0,0.0,0.0,0.0,0.0,0.0
2026-09-10T21:22:27,ERR,ERR,ERR,ERR,ERR,ERR,ERR,ERR,ERR,ERR,ERR,ERR,ERR,ERR,ERR,ERR,ERR,ERR,ERR,ERR,ERR,ERR,ERR,ERR,ERR,ERR,ERR,ERR,ERR,ERR,ERR,ERR,ERR,ERR,ERR,ERR,ERR,ERR,ERR,ERR,ERR,ERR,ERR,ERR,ERR,ERR,ERR,ERR,ERR,ERR,ERR,ERR,ERR,ERR,ERR,ERR,ERR,ERR,ERR,ERR,ERR,ERR,ERR,ERR,ERR,ERR,ERR,ERR,ERR,ERR,ERR,ERR,ERR,ERR,ERR,ERR,ERR,ERR,ERR,ERR,ERR,ERR,ERR,ERR,ERR,ERR,ERR,ERR,ERR,ERR,ERR,ERR,ERR,ERR,ERR,ERR,ERR,ERR,ERR,ERR,ERR,ERR,ERR,ERR,ERR,ERR,ERR,ERR,ERR,ERR,ERR,ERR,ERR,ERR,ERR,ERR,ERR,ERR,ERR,ERR,ERR,ERR,ERR,ERR,ERR,0.0,0.0,2.6474835549302285e+23,0.0,0.0,1.3936040501711995e+18,7.805,0.0,0,0,4,0,7116,0.0,100,0.0,0.0,0.0,0.0,0.0,0,0,0,0,0.0,0,0,0,0,0,0,0,0,0,0,0,0,0,0,0,0,0,0,0,0,0,0,0,0,0,0,0,0,0,0,0,0,0,31,40,40,71,65476,0,300,0,0,8,21553,0.0,-107605600.0,0.0,0.0,0.0,0.0,0.0,0.0,0.0,0.0,0.0,0.0,0.0,0.0,0.0,0.0,0.0,0.0,0.0,0.0,0.0,0.0,-2.004,2.004,-2.004,2.004,0.0,0.0,0.0,0.0,4460.0,-2.4229830046158873e+24,6941.0,0.0,0.0,0.0,0.0,0.0,0.0,0.0,0.0,69,-107615376.0,0.0,0.0,0.0,0.0,0.0,0.0,0.0,0.0,0,0,0,0.0,0.0,0.0,0.0,0.0,0.0,0.0,0.0,0.0,0.0,0.0,0.0,0.0,0.0,0.0,0.0,0,-107875648.0,69,0.0,138,0.0,0.0,0,39322,17086,39322,17102,13107,17082,0,0,0,70,68,100,2.7302399002429377e+23,82.3,-0.0,78.1,0.0,79.0,1,49,50,180,52429,39322,0,0,0.0,0.0,0.0,0.0,-0.0,67.0,0.0,162057.094,0.0,979,0,1008,0,0,0,953,0,1033,0,931,0,791,0,783,0,822,0,7520,0.032,1.400799628097319e+20,0.0,0.0,784,16797,-0.0,162057.094,-114818.039,-0.0,0.133,6.909358625270745e+28,30.0,70.0,35,0.0,0.0,0.0,0.0,0.0,0.0,0.0,0.0,0.0,0.0,0.0,0.0,0.0,0.0,0.0,0.0,66.0,0,150,71,52,65476,0,300,0,0,8,20529,65476,0,0,44564,70.0,0.0,0.0,0.0,0.0,0.0
2026-09-10T21:22:28,ERR,ERR,ERR,ERR,ERR,ERR,ERR,ERR,ERR,ERR,ERR,ERR,ERR,ERR,ERR,ERR,ERR,ERR,ERR,ERR,ERR,ERR,ERR,ERR,ERR,ERR,ERR,ERR,ERR,ERR,ERR,ERR,ERR,ERR,ERR,ERR,ERR,ERR,ERR,ERR,ERR,ERR,ERR,ERR,ERR,ERR,ERR,ERR,ERR,ERR,ERR,ERR,ERR,ERR,ERR,ERR,ERR,ERR,ERR,ERR,ERR,ERR,ERR,ERR,ERR,ERR,ERR,ERR,ERR,ERR,ERR,ERR,ERR,ERR,ERR,ERR,ERR,ERR,ERR,ERR,ERR,ERR,ERR,ERR,ERR,ERR,ERR,ERR,ERR,ERR,ERR,ERR,ERR,ERR,ERR,ERR,ERR,ERR,ERR,ERR,ERR,ERR,ERR,ERR,ERR,ERR,ERR,ERR,ERR,ERR,ERR,ERR,ERR,ERR,ERR,ERR,ERR,ERR,ERR,ERR,ERR,ERR,ERR,ERR,ERR,0.0,0.0,2.6474835549302285e+23,0.0,0.0,1.3936040501711995e+18,7.805,0.0,0,0,4,0,7116,0.0,100,0.0,0.0,0.0,0.0,0.0,0,0,0,0,0.0,0,0,0,0,0,0,0,0,0,0,0,0,0,0,0,0,0,0,0,0,0,0,0,0,0,0,0,0,0,0,0,0,0,31,40,40,71,65476,0,300,0,0,8,21553,0.0,-107605600.0,0.0,0.0,0.0,0.0,0.0,0.0,0.0,0.0,0.0,0.0,0.0,0.0,0.0,0.0,0.0,0.0,0.0,0.0,0.0,0.0,-2.004,2.004,-2.004,2.004,0.0,0.0,0.0,0.0,4460.0,-2.4229830046158873e+24,6941.0,0.0,0.0,0.0,0.0,0.0,0.0,0.0,0.0,69,-107615376.0,0.0,0.0,0.0,0.0,0.0,0.0,0.0,0.0,0,0,0,0.0,0.0,0.0,0.0,0.0,0.0,0.0,0.0,0.0,0.0,0.0,0.0,0.0,0.0,0.0,0.0,0,-107875648.0,69,0.0,138,0.0,0.0,0,39322,17086,39322,17102,13107,17082,0,0,0,70,68,100,2.7302399002429377e+23,82.3,-0.0,78.1,0.0,79.0,1,49,50,180,52429,39322,0,0,0.0,0.0,0.0,0.0,-0.0,67.0,0.0,162057.094,0.0,979,0,1008,0,0,0,953,0,1033,0,931,0,791,0,783,0,822,0,7520,0.032,1.400799628097319e+20,0.0,0.0,784,16797,-0.0,162057.094,-114818.039,-0.0,0.133,6.909358625270745e+28,30.0,70.0,35,0.0,0.0,0.0,0.0,0.0,0.0,0.0,0.0,0.0,0.0,0.0,0.0,0.0,0.0,0.0,0.0,66.0,0,150,71,52,65476,0,300,0,0,8,20529,65476,0,0,44564,70.0,0.0,0.0,0.0,0.0,0.0
2026-09-10T21:22:29,ERR,ERR,ERR,ERR,ERR,ERR,ERR,ERR,ERR,ERR,ERR,ERR,ERR,ERR,ERR,ERR,ERR,ERR,ERR,ERR,ERR,ERR,ERR,ERR,ERR,ERR,ERR,ERR,ERR,ERR,ERR,ERR,ERR,ERR,ERR,ERR,ERR,ERR,ERR,ERR,ERR,ERR,ERR,ERR,ERR,ERR,ERR,ERR,ERR,ERR,ERR,ERR,ERR,ERR,ERR,ERR,ERR,ERR,ERR,ERR,ERR,ERR,ERR,ERR,ERR,ERR,ERR,ERR,ERR,ERR,ERR,ERR,ERR,ERR,ERR,ERR,ERR,ERR,ERR,ERR,ERR,ERR,ERR,ERR,ERR,ERR,ERR,ERR,ERR,ERR,ERR,ERR,ERR,ERR,ERR,ERR,ERR,ERR,ERR,ERR,ERR,ERR,ERR,ERR,ERR,ERR,ERR,ERR,ERR,ERR,ERR,ERR,ERR,ERR,ERR,ERR,ERR,ERR,ERR,ERR,ERR,ERR,ERR,ERR,ERR,0.0,0.0,2.6474835549302285e+23,0.0,0.0,1.3936040501711995e+18,7.805,0.0,0,0,4,0,7116,0.0,100,0.0,0.0,0.0,0.0,0.0,0,0,0,0,0.0,0,0,0,0,0,0,0,0,0,0,0,0,0,0,0,0,0,0,0,0,0,0,0,0,0,0,0,0,0,0,0,0,0,31,40,40,71,65476,0,300,0,0,8,21553,0.0,-107605600.0,0.0,0.0,0.0,0.0,0.0,0.0,0.0,0.0,0.0,0.0,0.0,0.0,0.0,0.0,0.0,0.0,0.0,0.0,0.0,0.0,-2.004,2.004,-2.004,2.004,0.0,0.0,0.0,0.0,4460.0,-2.4229830046158873e+24,6941.0,0.0,0.0,0.0,0.0,0.0,0.0,0.0,0.0,69,-107615376.0,0.0,0.0,0.0,0.0,0.0,0.0,0.0,0.0,0,0,0,0.0,0.0,0.0,0.0,0.0,0.0,0.0,0.0,0.0,0.0,0.0,0.0,0.0,0.0,0.0,0.0,0,-107875648.0,69,0.0,138,0.0,0.0,0,39322,17086,39322,17102,13107,17082,0,0,0,70,68,100,2.7302399002429377e+23,82.3,-0.0,78.1,0.0,79.0,1,49,50,180,52429,39322,0,0,0.0,0.0,0.0,0.0,-0.0,67.0,0.0,162057.094,0.0,979,0,1008,0,0,0,953,0,1033,0,931,0,791,0,783,0,822,0,7520,0.032,1.400799628097319e+20,0.0,0.0,784,16797,-0.0,162057.094,-114818.039,-0.0,0.133,6.909358625270745e+28,30.0,70.0,35,0.0,0.0,0.0,0.0,0.0,0.0,0.0,0.0,0.0,0.0,0.0,0.0,0.0,0.0,0.0,0.0,66.0,0,150,71,52,65476,0,300,0,0,8,20529,65476,0,0,44564,70.0,0.0,0.0,0.0,0.0,0.0
2026-09-10T21:22:30,ERR,ERR,ERR,ERR,ERR,ERR,ERR,ERR,ERR,ERR,ERR,ERR,ERR,ERR,ERR,ERR,ERR,ERR,ERR,ERR,ERR,ERR,ERR,ERR,ERR,ERR,ERR,ERR,ERR,ERR,ERR,ERR,ERR,ERR,ERR,ERR,ERR,ERR,ERR,ERR,ERR,ERR,ERR,ERR,ERR,ERR,ERR,ERR,ERR,ERR,ERR,ERR,ERR,ERR,ERR,ERR,ERR,ERR,ERR,ERR,ERR,ERR,ERR,ERR,ERR,ERR,ERR,ERR,ERR,ERR,ERR,ERR,ERR,ERR,ERR,ERR,ERR,ERR,ERR,ERR,ERR,ERR,ERR,ERR,ERR,ERR,ERR,ERR,ERR,ERR,ERR,ERR,ERR,ERR,ERR,ERR,ERR,ERR,ERR,ERR,ERR,ERR,ERR,ERR,ERR,ERR,ERR,ERR,ERR,ERR,ERR,ERR,ERR,ERR,ERR,ERR,ERR,ERR,ERR,ERR,ERR,ERR,ERR,ERR,ERR,0.0,0.0,2.6474835549302285e+23,0.0,0.0,1.3936040501711995e+18,7.805,0.0,0,0,4,0,7116,0.0,100,0.0,0.0,0.0,0.0,0.0,0,0,0,0,0.0,0,0,0,0,0,0,0,0,0,0,0,0,0,0,0,0,0,0,0,0,0,0,0,0,0,0,0,0,0,0,0,0,0,31,40,40,71,65476,0,300,0,0,8,21553,0.0,-107605600.0,0.0,0.0,0.0,0.0,0.0,0.0,0.0,0.0,0.0,0.0,0.0,0.0,0.0,0.0,0.0,0.0,0.0,0.0,0.0,0.0,-2.004,2.004,-2.004,2.004,0.0,0.0,0.0,0.0,4460.0,-2.4229830046158873e+24,6941.0,0.0,0.0,0.0,0.0,0.0,0.0,0.0,0.0,69,-107615376.0,0.0,0.0,0.0,0.0,0.0,0.0,0.0,0.0,0,0,0,0.0,0.0,0.0,0.0,0.0,0.0,0.0,0.0,0.0,0.0,0.0,0.0,0.0,0.0,0.0,0.0,0,-107875648.0,69,0.0,138,0.0,0.0,0,39322,17086,39322,17102,13107,17082,0,0,0,70,68,100,2.7302399002429377e+23,82.3,-0.0,78.1,0.0,79.0,1,49,50,180,52429,39322,0,0,0.0,0.0,0.0,0.0,-0.0,67.0,0.0,162057.094,0.0,979,0,1008,0,0,0,953,0,1033,0,931,0,791,0,783,0,822,0,7520,0.032,1.400799628097319e+20,0.0,0.0,784,16797,-0.0,162057.094,-114818.039,-0.0,0.133,6.909358625270745e+28,30.0,70.0,35,0.0,0.0,0.0,0.0,0.0,0.0,0.0,0.0,0.0,0.0,0.0,0.0,0.0,0.0,0.0,0.0,66.4,0,150,71,52,65476,0,300,0,0,8,20529,65476,0,0,44564,70.0,0.0,0.0,0.0,0.0,0.0
2026-09-10T21:22:31,ERR,ERR,ERR,ERR,ERR,ERR,ERR,ERR,ERR,ERR,ERR,ERR,ERR,ERR,ERR,ERR,ERR,ERR,ERR,ERR,ERR,ERR,ERR,ERR,ERR,ERR,ERR,ERR,ERR,ERR,ERR,ERR,ERR,ERR,ERR,ERR,ERR,ERR,ERR,ERR,ERR,ERR,ERR,ERR,ERR,ERR,ERR,ERR,ERR,ERR,ERR,ERR,ERR,ERR,ERR,ERR,ERR,ERR,ERR,ERR,ERR,ERR,ERR,ERR,ERR,ERR,ERR,ERR,ERR,ERR,ERR,ERR,ERR,ERR,ERR,ERR,ERR,ERR,ERR,ERR,ERR,ERR,ERR,ERR,ERR,ERR,ERR,ERR,ERR,ERR,ERR,ERR,ERR,ERR,ERR,ERR,ERR,ERR,ERR,ERR,ERR,ERR,ERR,ERR,ERR,ERR,ERR,ERR,ERR,ERR,ERR,ERR,ERR,ERR,ERR,ERR,ERR,ERR,ERR,ERR,ERR,ERR,ERR,ERR,ERR,0.0,0.0,2.6474835549302285e+23,0.0,0.0,1.3936040501711995e+18,7.805,0.0,0,0,4,0,7116,0.0,100,0.0,0.0,0.0,0.0,0.0,0,0,0,0,0.0,0,0,0,0,0,0,0,0,0,0,0,0,0,0,0,0,0,0,0,0,0,0,0,0,0,0,0,0,0,0,0,0,0,31,40,40,71,65476,0,300,0,0,8,21553,0.0,-107605600.0,0.0,0.0,0.0,0.0,0.0,0.0,0.0,0.0,0.0,0.0,0.0,0.0,0.0,0.0,0.0,0.0,0.0,0.0,0.0,0.0,-2.004,2.004,-2.004,2.004,0.0,0.0,0.0,0.0,4461.0,-3.697178656945629e+19,6940.0,0.0,0.0,0.0,0.0,0.0,0.0,0.0,0.0,69,-2.718430741444032e+23,0.0,0.0,0.0,0.0,0.0,0.0,0.0,0.0,0,0,0,0.0,0.0,0.0,0.0,0.0,0.0,0.0,0.0,0.0,0.0,0.0,0.0,0.0,0.0,0.0,0.0,0,-107875648.0,69,0.0,138,0.0,0.0,0,39322,17086,39322,17102,13107,17082,0,0,0,70,68,100,2.7302399002429377e+23,82.3,-0.0,78.1,0.0,79.0,1,49,50,180,52429,39322,0,0,0.0,0.0,0.0,0.0,-0.0,67.0,0.0,162057.094,0.0,979,0,1008,0,0,0,953,0,1033,0,931,0,791,0,783,0,822,0,7520,0.032,1.400799628097319e+20,0.0,0.0,784,16797,-0.0,162057.094,-114818.039,-0.0,0.133,6.909358625270745e+28,30.0,70.0,35,0.0,0.0,0.0,0.0,0.0,0.0,0.0,0.0,0.0,0.0,0.0,0.0,0.0,0.0,0.0,0.0,66.4,0,150,71,52,65476,0,300,0,0,8,20529,65476,0,0,44564,70.0,0.0,0.0,0.0,0.0,0.0
2026-09-10T21:22:32,ERR,ERR,ERR,ERR,ERR,ERR,ERR,ERR,ERR,ERR,ERR,ERR,ERR,ERR,ERR,ERR,ERR,ERR,ERR,ERR,ERR,ERR,ERR,ERR,ERR,ERR,ERR,ERR,ERR,ERR,ERR,ERR,ERR,ERR,ERR,ERR,ERR,ERR,ERR,ERR,ERR,ERR,ERR,ERR,ERR,ERR,ERR,ERR,ERR,ERR,ERR,ERR,ERR,ERR,ERR,ERR,ERR,ERR,ERR,ERR,ERR,ERR,ERR,ERR,ERR,ERR,ERR,ERR,ERR,ERR,ERR,ERR,ERR,ERR,ERR,ERR,ERR,ERR,ERR,ERR,ERR,ERR,ERR,ERR,ERR,ERR,ERR,ERR,ERR,ERR,ERR,ERR,ERR,ERR,ERR,ERR,ERR,ERR,ERR,ERR,ERR,ERR,ERR,ERR,ERR,ERR,ERR,ERR,ERR,ERR,ERR,ERR,ERR,ERR,ERR,ERR,ERR,ERR,ERR,ERR,ERR,ERR,ERR,ERR,ERR,0.0,0.0,2.6474835549302285e+23,0.0,0.0,1.3936040501711995e+18,7.805,0.0,0,0,4,0,7116,0.0,100,0.0,0.0,0.0,0.0,0.0,0,0,0,0,0.0,0,0,0,0,0,0,0,0,0,0,0,0,0,0,0,0,0,0,0,0,0,0,0,0,0,0,0,0,0,0,0,0,0,31,40,40,71,65476,0,300,0,0,8,21553,0.0,-107605600.0,0.0,0.0,0.0,0.0,0.0,0.0,0.0,0.0,0.0,0.0,0.0,0.0,0.0,0.0,0.0,0.0,0.0,0.0,0.0,0.0,-2.004,2.004,-2.004,2.004,0.0,0.0,0.0,0.0,4461.0,-3.697178656945629e+19,6940.0,0.0,0.0,0.0,0.0,0.0,0.0,0.0,0.0,69,-2.718430741444032e+23,0.0,0.0,0.0,0.0,0.0,0.0,0.0,0.0,0,0,0,0.0,0.0,0.0,0.0,0.0,0.0,0.0,0.0,0.0,0.0,0.0,0.0,0.0,0.0,0.0,0.0,0,-107875648.0,69,0.0,138,0.0,0.0,0,39322,17086,39322,17102,13107,17082,0,0,0,70,68,100,2.7302399002429377e+23,82.3,-0.0,78.1,0.0,79.0,1,49,50,180,52429,39322,0,0,0.0,0.0,0.0,0.0,-0.0,67.0,0.0,162057.094,0.0,979,0,1008,0,0,0,953,0,1033,0,931,0,791,0,783,0,822,0,7520,0.032,1.400799628097319e+20,0.0,0.0,784,16797,-0.0,162057.094,-114818.039,-0.0,0.133,6.909358625270745e+28,30.0,70.0,35,0.0,0.0,0.0,0.0,0.0,0.0,0.0,0.0,0.0,0.0,0.0,0.0,0.0,0.0,0.0,0.0,66.0,0,150,71,52,65476,0,300,0,0,8,20529,65476,0,0,44564,70.0,0.0,0.0,0.0,0.0,0.0
2026-09-10T21:22:33,ERR,ERR,ERR,ERR,ERR,ERR,ERR,ERR,ERR,ERR,ERR,ERR,ERR,ERR,ERR,ERR,ERR,ERR,ERR,ERR,ERR,ERR,ERR,ERR,ERR,ERR,ERR,ERR,ERR,ERR,ERR,ERR,ERR,ERR,ERR,ERR,ERR,ERR,ERR,ERR,ERR,ERR,ERR,ERR,ERR,ERR,ERR,ERR,ERR,ERR,ERR,ERR,ERR,ERR,ERR,ERR,ERR,ERR,ERR,ERR,ERR,ERR,ERR,ERR,ERR,ERR,ERR,ERR,ERR,ERR,ERR,ERR,ERR,ERR,ERR,ERR,ERR,ERR,ERR,ERR,ERR,ERR,ERR,ERR,ERR,ERR,ERR,ERR,ERR,ERR,ERR,ERR,ERR,ERR,ERR,ERR,ERR,ERR,ERR,ERR,ERR,ERR,ERR,ERR,ERR,ERR,ERR,ERR,ERR,ERR,ERR,ERR,ERR,ERR,ERR,ERR,ERR,ERR,ERR,ERR,ERR,ERR,ERR,ERR,ERR,0.0,0.0,2.6474835549302285e+23,0.0,0.0,1.3936040501711995e+18,7.805,0.0,0,0,4,0,7116,0.0,100,0.0,0.0,0.0,0.0,0.0,0,0,0,0,0.0,0,0,0,0,0,0,0,0,0,0,0,0,0,0,0,0,0,0,0,0,0,0,0,0,0,0,0,0,0,0,0,0,0,31,40,40,71,65476,0,300,0,0,8,21553,0.0,-107605600.0,0.0,0.0,0.0,0.0,0.0,0.0,0.0,0.0,0.0,0.0,0.0,0.0,0.0,0.0,0.0,0.0,0.0,0.0,0.0,0.0,-2.004,2.004,-2.004,2.004,0.0,0.0,0.0,0.0,4461.0,-3.697178656945629e+19,6940.0,0.0,0.0,0.0,0.0,0.0,0.0,0.0,0.0,69,-2.718430741444032e+23,0.0,0.0,0.0,0.0,0.0,0.0,0.0,0.0,0,0,0,0.0,0.0,0.0,0.0,0.0,0.0,0.0,0.0,0.0,0.0,0.0,0.0,0.0,0.0,0.0,0.0,0,-107875648.0,69,0.0,138,0.0,0.0,0,39322,17086,39322,17102,13107,17082,0,0,0,70,68,100,2.7302399002429377e+23,82.3,-0.0,78.1,0.0,79.0,1,49,50,180,52429,39322,0,0,0.0,0.0,0.0,0.0,-0.0,67.0,0.0,162057.094,0.0,979,0,1008,0,0,0,953,0,1033,0,931,0,791,0,783,0,822,0,7520,0.032,1.400799628097319e+20,0.0,0.0,784,16797,-0.0,162057.094,-114818.039,-0.0,0.133,6.909358625270745e+28,30.0,70.0,35,0.0,0.0,0.0,0.0,0.0,0.0,0.0,0.0,0.0,0.0,0.0,0.0,0.0,0.0,0.0,0.0,66.0,0,150,71,52,65476,0,300,0,0,8,20529,65476,0,0,44564,70.0,0.0,0.0,0.0,0.0,0.0
2026-09-10T21:22:34,ERR,ERR,ERR,ERR,ERR,ERR,ERR,ERR,ERR,ERR,ERR,ERR,ERR,ERR,ERR,ERR,ERR,ERR,ERR,ERR,ERR,ERR,ERR,ERR,ERR,ERR,ERR,ERR,ERR,ERR,ERR,ERR,ERR,ERR,ERR,ERR,ERR,ERR,ERR,ERR,ERR,ERR,ERR,ERR,ERR,ERR,ERR,ERR,ERR,ERR,ERR,ERR,ERR,ERR,ERR,ERR,ERR,ERR,ERR,ERR,ERR,ERR,ERR,ERR,ERR,ERR,ERR,ERR,ERR,ERR,ERR,ERR,ERR,ERR,ERR,ERR,ERR,ERR,ERR,ERR,ERR,ERR,ERR,ERR,ERR,ERR,ERR,ERR,ERR,ERR,ERR,ERR,ERR,ERR,ERR,ERR,ERR,ERR,ERR,ERR,ERR,ERR,ERR,ERR,ERR,ERR,ERR,ERR,ERR,ERR,ERR,ERR,ERR,ERR,ERR,ERR,ERR,ERR,ERR,ERR,ERR,ERR,ERR,ERR,ERR,0.0,0.0,2.6474835549302285e+23,0.0,0.0,1.3936040501711995e+18,7.805,0.0,0,0,4,0,7116,0.0,100,0.0,0.0,0.0,0.0,0.0,0,0,0,0,0.0,0,0,0,0,0,0,0,0,0,0,0,0,0,0,0,0,0,0,0,0,0,0,0,0,0,0,0,0,0,0,0,0,0,31,40,40,71,65476,0,300,0,0,8,21553,0.0,-107605600.0,0.0,0.0,0.0,0.0,0.0,0.0,0.0,0.0,0.0,0.0,0.0,0.0,0.0,0.0,0.0,0.0,0.0,0.0,0.0,0.0,-2.004,2.004,-2.004,2.004,0.0,0.0,0.0,0.0,4461.0,-3.697178656945629e+19,6940.0,0.0,0.0,0.0,0.0,0.0,0.0,0.0,0.0,69,-2.718430741444032e+23,0.0,0.0,0.0,0.0,0.0,0.0,0.0,0.0,0,0,0,0.0,0.0,0.0,0.0,0.0,0.0,0.0,0.0,0.0,0.0,0.0,0.0,0.0,0.0,0.0,0.0,0,-107875648.0,69,0.0,138,0.0,0.0,0,39322,17086,39322,17102,13107,17082,0,0,0,70,68,100,2.7302399002429377e+23,82.3,-0.0,78.1,0.0,79.0,1,49,50,180,52429,39322,0,0,0.0,0.0,0.0,0.0,-0.0,67.0,0.0,162057.094,0.0,979,0,1008,0,0,0,953,0,1033,0,931,0,791,0,783,0,822,0,7520,0.032,1.400799628097319e+20,0.0,0.0,784,16797,-0.0,162057.094,-114818.039,-0.0,0.133,6.909358625270745e+28,30.0,70.0,35,0.0,0.0,0.0,0.0,0.0,0.0,0.0,0.0,0.0,0.0,0.0,0.0,0.0,0.0,0.0,0.0,66.0,0,150,71,52,65476,0,300,0,0,8,20529,65476,0,0,44564,70.0,0.0,0.0,0.0,0.0,0.0
2026-09-10T21:22:35,ERR,ERR,ERR,ERR,ERR,ERR,ERR,ERR,ERR,ERR,ERR,ERR,ERR,ERR,ERR,ERR,ERR,ERR,ERR,ERR,ERR,ERR,ERR,ERR,ERR,ERR,ERR,ERR,ERR,ERR,ERR,ERR,ERR,ERR,ERR,ERR,ERR,ERR,ERR,ERR,ERR,ERR,ERR,ERR,ERR,ERR,ERR,ERR,ERR,ERR,ERR,ERR,ERR,ERR,ERR,ERR,ERR,ERR,ERR,ERR,ERR,ERR,ERR,ERR,ERR,ERR,ERR,ERR,ERR,ERR,ERR,ERR,ERR,ERR,ERR,ERR,ERR,ERR,ERR,ERR,ERR,ERR,ERR,ERR,ERR,ERR,ERR,ERR,ERR,ERR,ERR,ERR,ERR,ERR,ERR,ERR,ERR,ERR,ERR,ERR,ERR,ERR,ERR,ERR,ERR,ERR,ERR,ERR,ERR,ERR,ERR,ERR,ERR,ERR,ERR,ERR,ERR,ERR,ERR,ERR,ERR,ERR,ERR,ERR,ERR,0.0,0.0,2.6474835549302285e+23,0.0,0.0,1.3936040501711995e+18,7.805,0.0,0,0,4,0,7116,0.0,100,0.0,0.0,0.0,0.0,0.0,0,0,0,0,0.0,0,0,0,0,0,0,0,0,0,0,0,0,0,0,0,0,0,0,0,0,0,0,0,0,0,0,0,0,0,0,0,0,0,31,40,40,71,65476,0,300,0,0,8,21553,0.0,-107605600.0,0.0,0.0,0.0,0.0,0.0,0.0,0.0,0.0,0.0,0.0,0.0,0.0,0.0,0.0,0.0,0.0,0.0,0.0,0.0,0.0,-2.004,2.004,-2.004,2.004,0.0,0.0,0.0,0.0,4461.0,-3.697178656945629e+19,6940.0,0.0,0.0,0.0,0.0,0.0,0.0,0.0,0.0,69,-2.718430741444032e+23,0.0,0.0,0.0,0.0,0.0,0.0,0.0,0.0,0,0,0,0.0,0.0,0.0,0.0,0.0,0.0,0.0,0.0,0.0,0.0,0.0,0.0,0.0,0.0,0.0,0.0,0,-107875648.0,69,0.0,138,0.0,0.0,0,39322,17086,39322,17102,13107,17082,0,0,0,70,68,100,2.7302399002429377e+23,82.3,-0.0,78.1,0.0,79.0,1,49,50,180,52429,39322,0,0,0.0,0.0,0.0,0.0,-0.0,67.0,0.0,162057.094,0.0,979,0,1008,0,0,0,953,0,1033,0,931,0,791,0,783,0,822,0,7520,0.032,1.400799628097319e+20,0.0,0.0,784,16797,-0.0,162057.094,-114818.039,-0.0,0.133,6.909358625270745e+28,30.0,70.0,35,0.0,0.0,0.0,0.0,0.0,0.0,0.0,0.0,0.0,0.0,0.0,0.0,0.0,0.0,0.0,0.0,66.0,0,150,71,52,65476,0,300,0,0,8,20529,65476,0,0,44564,70.0,0.0,0.0,0.0,0.0,0.0
2026-09-10T21:22:36,ERR,ERR,ERR,ERR,ERR,ERR,ERR,ERR,ERR,ERR,ERR,ERR,ERR,ERR,ERR,ERR,ERR,ERR,ERR,ERR,ERR,ERR,ERR,ERR,ERR,ERR,ERR,ERR,ERR,ERR,ERR,ERR,ERR,ERR,ERR,ERR,ERR,ERR,ERR,ERR,ERR,ERR,ERR,ERR,ERR,ERR,ERR,ERR,ERR,ERR,ERR,ERR,ERR,ERR,ERR,ERR,ERR,ERR,ERR,ERR,ERR,ERR,ERR,ERR,ERR,ERR,ERR,ERR,ERR,ERR,ERR,ERR,ERR,ERR,ERR,ERR,ERR,ERR,ERR,ERR,ERR,ERR,ERR,ERR,ERR,ERR,ERR,ERR,ERR,ERR,ERR,ERR,ERR,ERR,ERR,ERR,ERR,ERR,ERR,ERR,ERR,ERR,ERR,ERR,ERR,ERR,ERR,ERR,ERR,ERR,ERR,ERR,ERR,ERR,ERR,ERR,ERR,ERR,ERR,ERR,ERR,ERR,ERR,ERR,ERR,0.0,0.0,2.6474835549302285e+23,0.0,0.0,1.3936040501711995e+18,7.805,0.0,0,0,4,0,7116,0.0,100,0.0,0.0,0.0,0.0,0.0,0,0,0,0,0.0,0,0,0,0,0,0,0,0,0,0,0,0,0,0,0,0,0,0,0,0,0,0,0,0,0,0,0,0,0,0,0,0,0,31,40,40,71,65476,0,300,0,0,8,21553,0.0,-107605600.0,0.0,0.0,0.0,0.0,0.0,0.0,0.0,0.0,0.0,0.0,0.0,0.0,0.0,0.0,0.0,0.0,0.0,0.0,0.0,0.0,-2.004,2.004,-2.004,2.004,0.0,0.0,0.0,0.0,4461.0,-3.697178656945629e+19,6940.0,0.0,0.0,0.0,0.0,0.0,0.0,0.0,0.0,69,-2.718430741444032e+23,0.0,0.0,0.0,0.0,0.0,0.0,0.0,0.0,0,0,0,0.0,0.0,0.0,0.0,0.0,0.0,0.0,0.0,0.0,0.0,0.0,0.0,0.0,0.0,0.0,0.0,0,-107875648.0,69,0.0,138,0.0,0.0,0,39322,17086,39322,17102,13107,17082,0,0,0,70,68,100,2.7302399002429377e+23,82.3,-0.0,78.1,0.0,79.0,1,49,50,180,52429,39322,0,0,0.0,0.0,0.0,0.0,-0.0,67.0,0.0,162057.094,0.0,979,0,1008,0,0,0,953,0,1033,0,931,0,791,0,783,0,822,0,7520,0.032,1.4065642356203533e+20,0.0,0.0,784,16797,-0.0,162057.094,-114818.039,-0.0,0.133,6.909358625270745e+28,30.0,70.0,35,0.0,0.0,0.0,0.0,0.0,0.0,0.0,0.0,0.0,0.0,0.0,0.0,0.0,0.0,0.0,0.0,66.0,0,150,71,52,65476,0,300,0,0,8,20529,65476,0,0,44564,70.0,0.0,0.0,0.0,0.0,0.0
2026-09-10T21:22:37,ERR,ERR,ERR,ERR,ERR,ERR,ERR,ERR,ERR,ERR,ERR,ERR,ERR,ERR,ERR,ERR,ERR,ERR,ERR,ERR,ERR,ERR,ERR,ERR,ERR,ERR,ERR,ERR,ERR,ERR,ERR,ERR,ERR,ERR,ERR,ERR,ERR,ERR,ERR,ERR,ERR,ERR,ERR,ERR,ERR,ERR,ERR,ERR,ERR,ERR,ERR,ERR,ERR,ERR,ERR,ERR,ERR,ERR,ERR,ERR,ERR,ERR,ERR,ERR,ERR,ERR,ERR,ERR,ERR,ERR,ERR,ERR,ERR,ERR,ERR,ERR,ERR,ERR,ERR,ERR,ERR,ERR,ERR,ERR,ERR,ERR,ERR,ERR,ERR,ERR,ERR,ERR,ERR,ERR,ERR,ERR,ERR,ERR,ERR,ERR,ERR,ERR,ERR,ERR,ERR,ERR,ERR,ERR,ERR,ERR,ERR,ERR,ERR,ERR,ERR,ERR,ERR,ERR,ERR,ERR,ERR,ERR,ERR,ERR,ERR,0.0,0.0,2.6474835549302285e+23,0.0,0.0,1.3936040501711995e+18,7.805,0.0,0,0,4,0,7116,0.0,100,0.0,0.0,0.0,0.0,0.0,0,0,0,0,0.0,0,0,0,0,0,0,0,0,0,0,0,0,0,0,0,0,0,0,0,0,0,0,0,0,0,0,0,0,0,0,0,0,0,31,40,40,71,65476,0,300,0,0,8,21553,0.0,-107605600.0,0.0,0.0,0.0,0.0,0.0,0.0,0.0,0.0,0.0,0.0,0.0,0.0,0.0,0.0,0.0,0.0,0.0,0.0,0.0,0.0,-2.004,2.004,-2.004,2.004,0.0,0.0,0.0,0.0,4461.0,-3.697178656945629e+19,6940.0,0.0,0.0,0.0,0.0,0.0,0.0,0.0,0.0,69,-2.718430741444032e+23,0.0,0.0,0.0,0.0,0.0,0.0,0.0,0.0,0,0,0,0.0,0.0,0.0,0.0,0.0,0.0,0.0,0.0,0.0,0.0,0.0,0.0,0.0,0.0,0.0,0.0,0,-107875648.0,69,0.0,138,0.0,0.0,0,39322,17086,39322,17102,13107,17082,0,0,0,70,68,100,2.7302399002429377e+23,82.3,-0.0,78.1,0.0,79.0,1,49,50,180,52429,39322,0,0,0.0,0.0,0.0,0.0,-0.0,67.0,0.0,162057.094,0.0,979,0,1008,0,0,0,953,0,1033,0,931,0,791,0,783,0,822,0,7520,0.032,1.4065642356203533e+20,0.0,0.0,784,16797,-0.0,162057.094,-114818.039,-0.0,0.133,6.909358625270745e+28,30.0,70.0,35,0.0,0.0,0.0,0.0,0.0,0.0,0.0,0.0,0.0,0.0,0.0,0.0,0.0,0.0,0.0,0.0,66.4,0,150,71,52,65476,0,300,0,0,8,20529,65476,0,0,44564,70.0,0.0,0.0,0.0,0.0,0.0
2026-09-10T21:22:38,ERR,ERR,ERR,ERR,ERR,ERR,ERR,ERR,ERR,ERR,ERR,ERR,ERR,ERR,ERR,ERR,ERR,ERR,ERR,ERR,ERR,ERR,ERR,ERR,ERR,ERR,ERR,ERR,ERR,ERR,ERR,ERR,ERR,ERR,ERR,ERR,ERR,ERR,ERR,ERR,ERR,ERR,ERR,ERR,ERR,ERR,ERR,ERR,ERR,ERR,ERR,ERR,ERR,ERR,ERR,ERR,ERR,ERR,ERR,ERR,ERR,ERR,ERR,ERR,ERR,ERR,ERR,ERR,ERR,ERR,ERR,ERR,ERR,ERR,ERR,ERR,ERR,ERR,ERR,ERR,ERR,ERR,ERR,ERR,ERR,ERR,ERR,ERR,ERR,ERR,ERR,ERR,ERR,ERR,ERR,ERR,ERR,ERR,ERR,ERR,ERR,ERR,ERR,ERR,ERR,ERR,ERR,ERR,ERR,ERR,ERR,ERR,ERR,ERR,ERR,ERR,ERR,ERR,ERR,ERR,ERR,ERR,ERR,ERR,ERR,0.0,0.0,2.6474835549302285e+23,0.0,0.0,1.3936040501711995e+18,7.805,0.0,0,0,4,0,7116,0.0,100,0.0,0.0,0.0,0.0,0.0,0,0,0,0,0.0,0,0,0,0,0,0,0,0,0,0,0,0,0,0,0,0,0,0,0,0,0,0,0,0,0,0,0,0,0,0,0,0,0,31,40,40,71,65476,0,300,0,0,8,21553,0.0,-107605600.0,0.0,0.0,0.0,0.0,0.0,0.0,0.0,0.0,0.0,0.0,0.0,0.0,0.0,0.0,0.0,0.0,0.0,0.0,0.0,0.0,-2.004,2.004,-2.004,2.004,0.0,0.0,0.0,0.0,4464.0,-1.587926141905068e+29,6942.0,0.0,0.0,2.7184256974124493e+23,0.0,0.0,0.0,0.0,0.0,69,-2.3088410695593833e+20,0.0,0.0,0.0,0.0,0.0,0.0,0.0,0.0,0,0,0,0.0,0.0,0.0,0.0,0.0,0.0,0.0,0.0,0.0,0.0,0.0,0.0,0.0,0.0,0.0,0.0,0,-107875648.0,69,0.0,138,0.0,0.0,0,39322,17086,39322,17102,13107,17082,0,0,0,70,68,100,2.7302399002429377e+23,82.3,-0.0,78.1,0.0,79.0,1,49,50,180,52429,39322,0,0,0.0,0.0,0.0,0.0,-0.0,67.0,0.0,162057.094,0.0,979,0,1008,0,0,0,953,0,1033,0,931,0,791,0,783,0,822,0,7520,0.032,1.4065642356203533e+20,0.0,0.0,784,16797,-0.0,162057.094,-114818.039,-0.0,0.133,6.909358625270745e+28,30.0,70.0,35,0.0,0.0,0.0,0.0,0.0,0.0,0.0,0.0,0.0,0.0,0.0,0.0,0.0,0.0,0.0,0.0,66.4,0,150,71,52,65476,0,300,0,0,8,20529,65476,0,0,44564,70.0,0.0,0.0,0.0,0.0,0.0
2026-09-10T21:22:39,ERR,ERR,ERR,ERR,ERR,ERR,ERR,ERR,ERR,ERR,ERR,ERR,ERR,ERR,ERR,ERR,ERR,ERR,ERR,ERR,ERR,ERR,ERR,ERR,ERR,ERR,ERR,ERR,ERR,ERR,ERR,ERR,ERR,ERR,ERR,ERR,ERR,ERR,ERR,ERR,ERR,ERR,ERR,ERR,ERR,ERR,ERR,ERR,ERR,ERR,ERR,ERR,ERR,ERR,ERR,ERR,ERR,ERR,ERR,ERR,ERR,ERR,ERR,ERR,ERR,ERR,ERR,ERR,ERR,ERR,ERR,ERR,ERR,ERR,ERR,ERR,ERR,ERR,ERR,ERR,ERR,ERR,ERR,ERR,ERR,ERR,ERR,ERR,ERR,ERR,ERR,ERR,ERR,ERR,ERR,ERR,ERR,ERR,ERR,ERR,ERR,ERR,ERR,ERR,ERR,ERR,ERR,ERR,ERR,ERR,ERR,ERR,ERR,ERR,ERR,ERR,ERR,ERR,ERR,ERR,ERR,ERR,ERR,ERR,ERR,0.0,0.0,2.6474835549302285e+23,0.0,0.0,1.3936040501711995e+18,7.805,0.0,0,0,4,0,7116,0.0,100,0.0,0.0,0.0,0.0,0.0,0,0,0,0,0.0,0,0,0,0,0,0,0,0,0,0,0,0,0,0,0,0,0,0,0,0,0,0,0,0,0,0,0,0,0,0,0,0,0,31,40,40,71,65476,0,300,0,0,8,21553,0.0,-107605600.0,0.0,0.0,0.0,0.0,0.0,0.0,0.0,0.0,0.0,0.0,0.0,0.0,0.0,0.0,0.0,0.0,0.0,0.0,0.0,0.0,-2.004,2.004,-2.004,2.004,0.0,0.0,0.0,0.0,4464.0,-1.587926141905068e+29,6942.0,0.0,0.0,2.7184256974124493e+23,0.0,0.0,0.0,0.0,0.0,69,-2.3088410695593833e+20,0.0,0.0,0.0,0.0,0.0,0.0,0.0,0.0,0,0,0,0.0,0.0,0.0,0.0,0.0,0.0,0.0,0.0,0.0,0.0,0.0,0.0,0.0,0.0,0.0,0.0,0,-107875648.0,69,0.0,138,0.0,0.0,0,39322,17086,39322,17102,13107,17082,0,0,0,70,68,100,2.7302399002429377e+23,82.3,-0.0,78.1,0.0,79.0,1,49,50,180,52429,39322,0,0,0.0,0.0,0.0,0.0,-0.0,67.0,0.0,162057.094,0.0,979,0,1008,0,0,0,953,0,1033,0,931,0,791,0,783,0,822,0,7520,0.032,1.4065642356203533e+20,0.0,0.0,784,16797,-0.0,162057.094,-114818.039,-0.0,0.133,6.909358625270745e+28,30.0,70.0,35,0.0,0.0,0.0,0.0,0.0,0.0,0.0,0.0,0.0,0.0,0.0,0.0,0.0,0.0,0.0,0.0,66.0,0,150,71,52,65476,0,300,0,0,8,20529,65476,0,0,44564,70.0,0.0,0.0,0.0,0.0,0.0
2026-09-10T21:22:40,ERR,ERR,ERR,ERR,ERR,ERR,ERR,ERR,ERR,ERR,ERR,ERR,ERR,ERR,ERR,ERR,ERR,ERR,ERR,ERR,ERR,ERR,ERR,ERR,ERR,ERR,ERR,ERR,ERR,ERR,ERR,ERR,ERR,ERR,ERR,ERR,ERR,ERR,ERR,ERR,ERR,ERR,ERR,ERR,ERR,ERR,ERR,ERR,ERR,ERR,ERR,ERR,ERR,ERR,ERR,ERR,ERR,ERR,ERR,ERR,ERR,ERR,ERR,ERR,ERR,ERR,ERR,ERR,ERR,ERR,ERR,ERR,ERR,ERR,ERR,ERR,ERR,ERR,ERR,ERR,ERR,ERR,ERR,ERR,ERR,ERR,ERR,ERR,ERR,ERR,ERR,ERR,ERR,ERR,ERR,ERR,ERR,ERR,ERR,ERR,ERR,ERR,ERR,ERR,ERR,ERR,ERR,ERR,ERR,ERR,ERR,ERR,ERR,ERR,ERR,ERR,ERR,ERR,ERR,ERR,ERR,ERR,ERR,ERR,ERR,0.0,0.0,2.6474835549302285e+23,0.0,0.0,1.3936040501711995e+18,7.805,0.0,0,0,4,0,7116,0.0,100,0.0,0.0,0.0,0.0,0.0,0,0,0,0,0.0,0,0,0,0,0,0,0,0,0,0,0,0,0,0,0,0,0,0,0,0,0,0,0,0,0,0,0,0,0,0,0,0,0,31,40,40,71,65476,0,300,0,0,8,21553,0.0,-107605600.0,0.0,0.0,0.0,0.0,0.0,0.0,0.0,0.0,0.0,0.0,0.0,0.0,0.0,0.0,0.0,0.0,0.0,0.0,0.0,0.0,-2.004,2.004,-2.004,2.004,0.0,0.0,0.0,0.0,4464.0,-1.587926141905068e+29,6942.0,0.0,0.0,2.7184256974124493e+23,0.0,0.0,0.0,0.0,0.0,69,-2.3088410695593833e+20,0.0,0.0,0.0,0.0,0.0,0.0,0.0,0.0,0,0,0,0.0,0.0,0.0,0.0,0.0,0.0,0.0,0.0,0.0,0.0,0.0,0.0,0.0,0.0,0.0,0.0,0,-107875648.0,69,0.0,138,0.0,0.0,0,39322,17086,39322,17102,13107,17082,0,0,0,70,68,100,2.7302399002429377e+23,82.3,-0.0,78.1,0.0,79.0,1,49,50,180,52429,39322,0,0,0.0,0.0,0.0,0.0,-0.0,67.0,0.0,162057.094,0.0,979,0,1008,0,0,0,953,0,1033,0,931,0,791,0,783,0,822,0,7520,0.032,1.4065642356203533e+20,0.0,0.0,784,16797,-0.0,162057.094,-114818.039,-0.0,0.133,6.909358625270745e+28,30.0,70.0,35,0.0,0.0,0.0,0.0,0.0,0.0,0.0,0.0,0.0,0.0,0.0,0.0,0.0,0.0,0.0,0.0,66.0,0,150,71,52,65476,0,300,0,0,8,20529,65476,0,0,44564,70.0,0.0,0.0,0.0,0.0,0.0
2026-09-10T21:22:41,ERR,ERR,ERR,ERR,ERR,ERR,ERR,ERR,ERR,ERR,ERR,ERR,ERR,ERR,ERR,ERR,ERR,ERR,ERR,ERR,ERR,ERR,ERR,ERR,ERR,ERR,ERR,ERR,ERR,ERR,ERR,ERR,ERR,ERR,ERR,ERR,ERR,ERR,ERR,ERR,ERR,ERR,ERR,ERR,ERR,ERR,ERR,ERR,ERR,ERR,ERR,ERR,ERR,ERR,ERR,ERR,ERR,ERR,ERR,ERR,ERR,ERR,ERR,ERR,ERR,ERR,ERR,ERR,ERR,ERR,ERR,ERR,ERR,ERR,ERR,ERR,ERR,ERR,ERR,ERR,ERR,ERR,ERR,ERR,ERR,ERR,ERR,ERR,ERR,ERR,ERR,ERR,ERR,ERR,ERR,ERR,ERR,ERR,ERR,ERR,ERR,ERR,ERR,ERR,ERR,ERR,ERR,ERR,ERR,ERR,ERR,ERR,ERR,ERR,ERR,ERR,ERR,ERR,ERR,ERR,ERR,ERR,ERR,ERR,ERR,0.0,0.0,2.6474835549302285e+23,0.0,0.0,1.3936040501711995e+18,7.805,0.0,0,0,4,0,7116,0.0,100,0.0,0.0,0.0,0.0,0.0,0,0,0,0,0.0,0,0,0,0,0,0,0,0,0,0,0,0,0,0,0,0,0,0,0,0,0,0,0,0,0,0,0,0,0,0,0,0,0,31,40,40,71,65476,0,300,0,0,8,21553,0.0,-107605600.0,0.0,0.0,0.0,0.0,0.0,0.0,0.0,0.0,0.0,0.0,0.0,0.0,0.0,0.0,0.0,0.0,0.0,0.0,0.0,0.0,-2.004,2.004,-2.004,2.004,0.0,0.0,0.0,0.0,4464.0,-1.587926141905068e+29,6942.0,0.0,0.0,2.7184256974124493e+23,0.0,0.0,0.0,0.0,0.0,69,-2.3088410695593833e+20,0.0,0.0,0.0,0.0,0.0,0.0,0.0,0.0,0,0,0,0.0,0.0,0.0,0.0,0.0,0.0,0.0,0.0,0.0,0.0,0.0,0.0,0.0,0.0,0.0,0.0,0,-107875648.0,69,0.0,138,0.0,0.0,0,39322,17086,39322,17102,13107,17082,0,0,0,70,68,100,2.7302399002429377e+23,82.3,-0.0,78.1,0.0,79.0,1,49,50,180,52429,39322,0,0,0.0,0.0,0.0,0.0,-0.0,67.0,0.0,162057.094,0.0,979,0,1008,0,0,0,953,0,1033,0,931,0,791,0,783,0,822,0,7520,0.032,1.4065642356203533e+20,0.0,0.0,784,16797,-0.0,162057.094,-114818.039,-0.0,0.133,6.909358625270745e+28,30.0,70.0,35,0.0,0.0,0.0,0.0,0.0,0.0,0.0,0.0,0.0,0.0,0.0,0.0,0.0,0.0,0.0,0.0,66.0,0,150,71,52,65476,0,300,0,0,8,20529,65476,0,0,44564,70.0,0.0,0.0,0.0,0.0,0.0
2026-09-10T21:22:42,ERR,ERR,ERR,ERR,ERR,ERR,ERR,ERR,ERR,ERR,ERR,ERR,ERR,ERR,ERR,ERR,ERR,ERR,ERR,ERR,ERR,ERR,ERR,ERR,ERR,ERR,ERR,ERR,ERR,ERR,ERR,ERR,ERR,ERR,ERR,ERR,ERR,ERR,ERR,ERR,ERR,ERR,ERR,ERR,ERR,ERR,ERR,ERR,ERR,ERR,ERR,ERR,ERR,ERR,ERR,ERR,ERR,ERR,ERR,ERR,ERR,ERR,ERR,ERR,ERR,ERR,ERR,ERR,ERR,ERR,ERR,ERR,ERR,ERR,ERR,ERR,ERR,ERR,ERR,ERR,ERR,ERR,ERR,ERR,ERR,ERR,ERR,ERR,ERR,ERR,ERR,ERR,ERR,ERR,ERR,ERR,ERR,ERR,ERR,ERR,ERR,ERR,ERR,ERR,ERR,ERR,ERR,ERR,ERR,ERR,ERR,ERR,ERR,ERR,ERR,ERR,ERR,ERR,ERR,ERR,ERR,ERR,ERR,ERR,ERR,0.0,0.0,2.6474835549302285e+23,0.0,0.0,1.3936040501711995e+18,7.805,0.0,0,0,4,0,7116,0.0,100,0.0,0.0,0.0,0.0,0.0,0,0,0,0,0.0,0,0,0,0,0,0,0,0,0,0,0,0,0,0,0,0,0,0,0,0,0,0,0,0,0,0,0,0,0,0,0,0,0,31,40,40,71,65476,0,300,0,0,8,21553,0.0,-107605600.0,0.0,0.0,0.0,0.0,0.0,0.0,0.0,0.0,0.0,0.0,0.0,0.0,0.0,0.0,0.0,0.0,0.0,0.0,0.0,0.0,-2.004,2.004,-2.004,2.004,0.0,0.0,0.0,0.0,4464.0,-1.587926141905068e+29,6942.0,0.0,0.0,2.7184256974124493e+23,0.0,0.0,0.0,0.0,0.0,69,-2.3088410695593833e+20,0.0,0.0,0.0,0.0,0.0,0.0,0.0,0.0,0,0,0,0.0,0.0,0.0,0.0,0.0,0.0,0.0,0.0,0.0,0.0,0.0,0.0,0.0,0.0,0.0,0.0,0,-107875648.0,69,0.0,138,0.0,0.0,0,39322,17086,39322,17102,13107,17082,0,0,0,70,68,100,2.7302399002429377e+23,82.3,-0.0,78.1,0.0,79.0,1,49,50,180,52429,39322,0,0,0.0,0.0,0.0,0.0,-0.0,67.0,0.0,162057.094,0.0,979,0,1008,0,0,0,953,0,1033,0,931,0,791,0,783,0,822,0,7520,0.032,1.400799628097319e+20,0.0,0.0,784,16797,-0.0,162057.094,-114818.039,-0.0,0.133,6.909358625270745e+28,30.0,70.0,35,0.0,0.0,0.0,0.0,0.0,0.0,0.0,0.0,0.0,0.0,0.0,0.0,0.0,0.0,0.0,0.0,66.4,0,150,71,52,65476,0,300,0,0,8,20529,65476,0,0,44564,70.0,0.0,0.0,0.0,0.0,0.0
2026-09-10T21:22:43,ERR,ERR,ERR,ERR,ERR,ERR,ERR,ERR,ERR,ERR,ERR,ERR,ERR,ERR,ERR,ERR,ERR,ERR,ERR,ERR,ERR,ERR,ERR,ERR,ERR,ERR,ERR,ERR,ERR,ERR,ERR,ERR,ERR,ERR,ERR,ERR,ERR,ERR,ERR,ERR,ERR,ERR,ERR,ERR,ERR,ERR,ERR,ERR,ERR,ERR,ERR,ERR,ERR,ERR,ERR,ERR,ERR,ERR,ERR,ERR,ERR,ERR,ERR,ERR,ERR,ERR,ERR,ERR,ERR,ERR,ERR,ERR,ERR,ERR,ERR,ERR,ERR,ERR,ERR,ERR,ERR,ERR,ERR,ERR,ERR,ERR,ERR,ERR,ERR,ERR,ERR,ERR,ERR,ERR,ERR,ERR,ERR,ERR,ERR,ERR,ERR,ERR,ERR,ERR,ERR,ERR,ERR,ERR,ERR,ERR,ERR,ERR,ERR,ERR,ERR,ERR,ERR,ERR,ERR,ERR,ERR,ERR,ERR,ERR,ERR,0.0,0.0,2.6474835549302285e+23,0.0,0.0,1.3936040501711995e+18,7.805,0.0,0,0,4,0,7116,0.0,100,0.0,0.0,0.0,0.0,0.0,0,0,0,0,0.0,0,0,0,0,0,0,0,0,0,0,0,0,0,0,0,0,0,0,0,0,0,0,0,0,0,0,0,0,0,0,0,0,0,31,40,40,71,65476,0,300,0,0,8,21553,0.0,-107605600.0,0.0,0.0,0.0,0.0,0.0,0.0,0.0,0.0,0.0,0.0,0.0,0.0,0.0,0.0,0.0,0.0,0.0,0.0,0.0,0.0,-2.004,2.004,-2.004,2.004,0.0,0.0,0.0,0.0,4464.0,-1.587926141905068e+29,6942.0,0.0,0.0,2.7184256974124493e+23,0.0,0.0,0.0,0.0,0.0,69,-2.3088410695593833e+20,0.0,0.0,0.0,0.0,0.0,0.0,0.0,0.0,0,0,0,0.0,0.0,0.0,0.0,0.0,0.0,0.0,0.0,0.0,0.0,0.0,0.0,0.0,0.0,0.0,0.0,0,-107875648.0,69,0.0,138,0.0,0.0,0,39322,17086,39322,17102,13107,17082,0,0,0,70,68,100,2.7302399002429377e+23,82.3,-0.0,78.1,0.0,79.0,1,49,50,180,52429,39322,0,0,0.0,0.0,0.0,0.0,-0.0,67.0,0.0,162057.094,0.0,979,0,1008,0,0,0,953,0,1033,0,931,0,791,0,783,0,822,0,7520,0.032,1.400799628097319e+20,0.0,0.0,784,16797,-0.0,162057.094,-114818.039,-0.0,0.133,6.909358625270745e+28,30.0,70.0,35,0.0,0.0,0.0,0.0,0.0,0.0,0.0,0.0,0.0,0.0,0.0,0.0,0.0,0.0,0.0,0.0,66.4,0,150,71,52,65476,0,300,0,0,8,20529,65476,0,0,44564,70.0,0.0,0.0,0.0,0.0,0.0
2026-09-10T21:22:44,ERR,ERR,ERR,ERR,ERR,ERR,ERR,ERR,ERR,ERR,ERR,ERR,ERR,ERR,ERR,ERR,ERR,ERR,ERR,ERR,ERR,ERR,ERR,ERR,ERR,ERR,ERR,ERR,ERR,ERR,ERR,ERR,ERR,ERR,ERR,ERR,ERR,ERR,ERR,ERR,ERR,ERR,ERR,ERR,ERR,ERR,ERR,ERR,ERR,ERR,ERR,ERR,ERR,ERR,ERR,ERR,ERR,ERR,ERR,ERR,ERR,ERR,ERR,ERR,ERR,ERR,ERR,ERR,ERR,ERR,ERR,ERR,ERR,ERR,ERR,ERR,ERR,ERR,ERR,ERR,ERR,ERR,ERR,ERR,ERR,ERR,ERR,ERR,ERR,ERR,ERR,ERR,ERR,ERR,ERR,ERR,ERR,ERR,ERR,ERR,ERR,ERR,ERR,ERR,ERR,ERR,ERR,ERR,ERR,ERR,ERR,ERR,ERR,ERR,ERR,ERR,ERR,ERR,ERR,ERR,ERR,ERR,ERR,ERR,ERR,0.0,0.0,2.6474835549302285e+23,0.0,0.0,1.3936040501711995e+18,7.805,0.0,0,0,4,0,7116,0.0,100,0.0,0.0,0.0,0.0,0.0,0,0,0,0,0.0,0,0,0,0,0,0,0,0,0,0,0,0,0,0,0,0,0,0,0,0,0,0,0,0,0,0,0,0,0,0,0,0,0,31,40,40,71,65476,0,300,0,0,8,21553,0.0,-107605600.0,0.0,0.0,0.0,0.0,0.0,0.0,0.0,0.0,0.0,0.0,0.0,0.0,0.0,0.0,0.0,0.0,0.0,0.0,0.0,0.0,-2.004,2.004,-2.004,2.004,0.0,0.0,0.0,0.0,4464.0,-1.587926141905068e+29,6942.0,0.0,0.0,2.7184256974124493e+23,0.0,0.0,0.0,0.0,0.0,69,-2.3088410695593833e+20,0.0,0.0,0.0,0.0,0.0,0.0,0.0,0.0,0,0,0,0.0,0.0,0.0,0.0,0.0,0.0,0.0,0.0,0.0,0.0,0.0,0.0,0.0,0.0,0.0,0.0,0,-107875648.0,69,0.0,138,0.0,0.0,0,39322,17086,39322,17102,13107,17082,0,0,0,70,68,100,2.7302399002429377e+23,82.3,-0.0,78.1,0.0,79.0,1,49,50,180,52429,39322,0,0,0.0,0.0,0.0,0.0,-0.0,67.0,0.0,162057.094,0.0,979,0,1008,0,0,0,953,0,1033,0,931,0,791,0,783,0,822,0,7520,0.032,1.400799628097319e+20,0.0,0.0,784,16797,-0.0,162057.094,-114818.039,-0.0,0.133,6.909358625270745e+28,30.0,70.0,35,0.0,0.0,0.0,0.0,0.0,0.0,0.0,0.0,0.0,0.0,0.0,0.0,0.0,0.0,0.0,0.0,66.4,0,150,71,52,65476,0,300,0,0,8,20529,65476,0,0,44564,70.0,0.0,0.0,0.0,0.0,0.0
2026-09-10T21:22:45,ERR,ERR,ERR,ERR,ERR,ERR,ERR,ERR,ERR,ERR,ERR,ERR,ERR,ERR,ERR,ERR,ERR,ERR,ERR,ERR,ERR,ERR,ERR,ERR,ERR,ERR,ERR,ERR,ERR,ERR,ERR,ERR,ERR,ERR,ERR,ERR,ERR,ERR,ERR,ERR,ERR,ERR,ERR,ERR,ERR,ERR,ERR,ERR,ERR,ERR,ERR,ERR,ERR,ERR,ERR,ERR,ERR,ERR,ERR,ERR,ERR,ERR,ERR,ERR,ERR,ERR,ERR,ERR,ERR,ERR,ERR,ERR,ERR,ERR,ERR,ERR,ERR,ERR,ERR,ERR,ERR,ERR,ERR,ERR,ERR,ERR,ERR,ERR,ERR,ERR,ERR,ERR,ERR,ERR,ERR,ERR,ERR,ERR,ERR,ERR,ERR,ERR,ERR,ERR,ERR,ERR,ERR,ERR,ERR,ERR,ERR,ERR,ERR,ERR,ERR,ERR,ERR,ERR,ERR,ERR,ERR,ERR,ERR,ERR,ERR,0.0,0.0,2.6474835549302285e+23,0.0,0.0,1.3936040501711995e+18,7.805,0.0,0,0,4,0,7116,0.0,100,0.0,0.0,0.0,0.0,0.0,0,0,0,0,0.0,0,0,0,0,0,0,0,0,0,0,0,0,0,0,0,0,0,0,0,0,0,0,0,0,0,0,0,0,0,0,0,0,0,31,40,40,71,65476,0,300,0,0,8,21553,0.0,-107605600.0,0.0,0.0,0.0,0.0,0.0,0.0,0.0,0.0,0.0,0.0,0.0,0.0,0.0,0.0,0.0,0.0,0.0,0.0,0.0,0.0,-2.004,2.004,-2.004,2.004,0.0,0.0,0.0,0.0,4495.0,0.0,6913.0,0.0,0.0,0.0,0.0,0.0,0.0,0.0,0.0,69,-1.905698635870372e+17,0.059,0.0,0.0,0.0,0.0,0.0,0.0,0.0,0,0,0,0.0,0.0,0.0,0.0,0.0,0.0,0.0,0.0,0.0,0.0,0.0,0.0,0.0,0.0,0.0,0.0,0,-107875648.0,69,0.0,138,0.0,0.0,0,39322,17086,39322,17102,13107,17082,0,0,0,70,68,100,2.7302399002429377e+23,82.3,-0.0,78.1,0.0,79.0,1,49,50,180,52429,39322,0,0,0.0,0.0,0.0,0.0,-0.0,67.0,0.0,162057.094,0.0,979,0,1008,0,0,0,953,0,1033,0,931,0,791,0,783,0,822,0,7520,0.032,1.400799628097319e+20,0.0,0.0,784,16797,-0.0,162057.094,-114818.039,-0.0,0.133,6.909358625270745e+28,30.0,70.0,35,0.0,0.0,0.0,0.0,0.0,0.0,0.0,0.0,0.0,0.0,0.0,0.0,0.0,0.0,0.0,0.0,66.4,0,150,71,52,65476,0,300,0,0,8,20529,65476,0,0,44564,70.0,0.0,0.0,0.0,0.0,0.0
2026-09-10T21:22:46,ERR,ERR,ERR,ERR,ERR,ERR,ERR,ERR,ERR,ERR,ERR,ERR,ERR,ERR,ERR,ERR,ERR,ERR,ERR,ERR,ERR,ERR,ERR,ERR,ERR,ERR,ERR,ERR,ERR,ERR,ERR,ERR,ERR,ERR,ERR,ERR,ERR,ERR,ERR,ERR,ERR,ERR,ERR,ERR,ERR,ERR,ERR,ERR,ERR,ERR,ERR,ERR,ERR,ERR,ERR,ERR,ERR,ERR,ERR,ERR,ERR,ERR,ERR,ERR,ERR,ERR,ERR,ERR,ERR,ERR,ERR,ERR,ERR,ERR,ERR,ERR,ERR,ERR,ERR,ERR,ERR,ERR,ERR,ERR,ERR,ERR,ERR,ERR,ERR,ERR,ERR,ERR,ERR,ERR,ERR,ERR,ERR,ERR,ERR,ERR,ERR,ERR,ERR,ERR,ERR,ERR,ERR,ERR,ERR,ERR,ERR,ERR,ERR,ERR,ERR,ERR,ERR,ERR,ERR,ERR,ERR,ERR,ERR,ERR,ERR,0.0,0.0,2.6474835549302285e+23,0.0,0.0,1.3936040501711995e+18,7.805,0.0,0,0,4,0,7116,0.0,100,0.0,0.0,0.0,0.0,0.0,0,0,0,0,0.0,0,0,0,0,0,0,0,0,0,0,0,0,0,0,0,0,0,0,0,0,0,0,0,0,0,0,0,0,0,0,0,0,0,31,40,40,71,65476,0,300,0,0,8,21553,0.0,-107605600.0,0.0,0.0,0.0,0.0,0.0,0.0,0.0,0.0,0.0,0.0,0.0,0.0,0.0,0.0,0.0,0.0,0.0,0.0,0.0,0.0,-2.004,2.004,-2.004,2.004,0.0,0.0,0.0,0.0,4495.0,0.0,6913.0,0.0,0.0,0.0,0.0,0.0,0.0,0.0,0.0,69,-1.905698635870372e+17,0.059,0.0,0.0,0.0,0.0,0.0,0.0,0.0,0,0,0,0.0,0.0,0.0,0.0,0.0,0.0,0.0,0.0,0.0,0.0,0.0,0.0,0.0,0.0,0.0,0.0,0,-107875648.0,69,0.0,138,0.0,0.0,0,39322,17086,39322,17102,13107,17082,0,0,0,70,68,100,2.7302399002429377e+23,82.3,-0.0,78.1,0.0,79.0,1,49,50,180,52429,39322,0,0,0.0,0.0,0.0,0.0,-0.0,67.0,0.0,162057.094,0.0,979,0,1008,0,0,0,953,0,1033,0,931,0,791,0,783,0,822,0,7520,0.032,1.400799628097319e+20,0.0,0.0,784,16797,-0.0,162057.094,-114818.039,-0.0,0.133,6.909358625270745e+28,30.0,70.0,35,0.0,0.0,0.0,0.0,0.0,0.0,0.0,0.0,0.0,0.0,0.0,0.0,0.0,0.0,0.0,0.0,66.0,0,150,71,52,65476,0,300,0,0,8,20529,65476,0,0,44564,70.0,0.0,0.0,0.0,0.0,0.0
2026-09-10T21:22:47,ERR,ERR,ERR,ERR,ERR,ERR,ERR,ERR,ERR,ERR,ERR,ERR,ERR,ERR,ERR,ERR,ERR,ERR,ERR,ERR,ERR,ERR,ERR,ERR,ERR,ERR,ERR,ERR,ERR,ERR,ERR,ERR,ERR,ERR,ERR,ERR,ERR,ERR,ERR,ERR,ERR,ERR,ERR,ERR,ERR,ERR,ERR,ERR,ERR,ERR,ERR,ERR,ERR,ERR,ERR,ERR,ERR,ERR,ERR,ERR,ERR,ERR,ERR,ERR,ERR,ERR,ERR,ERR,ERR,ERR,ERR,ERR,ERR,ERR,ERR,ERR,ERR,ERR,ERR,ERR,ERR,ERR,ERR,ERR,ERR,ERR,ERR,ERR,ERR,ERR,ERR,ERR,ERR,ERR,ERR,ERR,ERR,ERR,ERR,ERR,ERR,ERR,ERR,ERR,ERR,ERR,ERR,ERR,ERR,ERR,ERR,ERR,ERR,ERR,ERR,ERR,ERR,ERR,ERR,ERR,ERR,ERR,ERR,ERR,ERR,0.0,0.0,2.6474835549302285e+23,0.0,0.0,1.3936040501711995e+18,7.805,0.0,0,0,4,0,7116,0.0,100,0.0,0.0,0.0,0.0,0.0,0,0,0,0,0.0,0,0,0,0,0,0,0,0,0,0,0,0,0,0,0,0,0,0,0,0,0,0,0,0,0,0,0,0,0,0,0,0,0,31,40,40,71,65476,0,300,0,0,8,21553,0.0,-107605600.0,0.0,0.0,0.0,0.0,0.0,0.0,0.0,0.0,0.0,0.0,0.0,0.0,0.0,0.0,0.0,0.0,0.0,0.0,0.0,0.0,-2.004,2.004,-2.004,2.004,0.0,0.0,0.0,0.0,4495.0,0.0,6913.0,0.0,0.0,0.0,0.0,0.0,0.0,0.0,0.0,69,-1.905698635870372e+17,0.059,0.0,0.0,0.0,0.0,0.0,0.0,0.0,0,0,0,0.0,0.0,0.0,0.0,0.0,0.0,0.0,0.0,0.0,0.0,0.0,0.0,0.0,0.0,0.0,0.0,0,-107875648.0,69,0.0,138,0.0,0.0,0,39322,17086,39322,17102,13107,17082,0,0,0,70,68,100,2.7302399002429377e+23,82.3,-0.0,78.1,0.0,79.0,1,49,50,180,52429,39322,0,0,0.0,0.0,0.0,0.0,-0.0,67.0,0.0,162057.094,0.0,979,0,1008,0,0,0,953,0,1033,0,931,0,791,0,783,0,822,0,7520,0.032,1.400799628097319e+20,0.0,0.0,784,16797,-0.0,162057.094,-114818.039,-0.0,0.133,6.909358625270745e+28,30.0,70.0,35,0.0,0.0,0.0,0.0,0.0,0.0,0.0,0.0,0.0,0.0,0.0,0.0,0.0,0.0,0.0,0.0,66.0,0,150,71,52,65476,0,300,0,0,8,20529,65476,0,0,44564,70.0,0.0,0.0,0.0,0.0,0.0
2026-09-10T21:22:48,ERR,ERR,ERR,ERR,ERR,ERR,ERR,ERR,ERR,ERR,ERR,ERR,ERR,ERR,ERR,ERR,ERR,ERR,ERR,ERR,ERR,ERR,ERR,ERR,ERR,ERR,ERR,ERR,ERR,ERR,ERR,ERR,ERR,ERR,ERR,ERR,ERR,ERR,ERR,ERR,ERR,ERR,ERR,ERR,ERR,ERR,ERR,ERR,ERR,ERR,ERR,ERR,ERR,ERR,ERR,ERR,ERR,ERR,ERR,ERR,ERR,ERR,ERR,ERR,ERR,ERR,ERR,ERR,ERR,ERR,ERR,ERR,ERR,ERR,ERR,ERR,ERR,ERR,ERR,ERR,ERR,ERR,ERR,ERR,ERR,ERR,ERR,ERR,ERR,ERR,ERR,ERR,ERR,ERR,ERR,ERR,ERR,ERR,ERR,ERR,ERR,ERR,ERR,ERR,ERR,ERR,ERR,ERR,ERR,ERR,ERR,ERR,ERR,ERR,ERR,ERR,ERR,ERR,ERR,ERR,ERR,ERR,ERR,ERR,ERR,0.0,0.0,2.6474835549302285e+23,0.0,0.0,1.3936040501711995e+18,7.805,0.0,0,0,4,0,7116,0.0,100,0.0,0.0,0.0,0.0,0.0,0,0,0,0,0.0,0,0,0,0,0,0,0,0,0,0,0,0,0,0,0,0,0,0,0,0,0,0,0,0,0,0,0,0,0,0,0,0,0,31,40,40,71,65476,0,300,0,0,8,21553,0.0,-107605600.0,0.0,0.0,0.0,0.0,0.0,0.0,0.0,0.0,0.0,0.0,0.0,0.0,0.0,0.0,0.0,0.0,0.0,0.0,0.0,0.0,-2.004,2.004,-2.004,2.004,0.0,0.0,0.0,0.0,4495.0,0.0,6913.0,0.0,0.0,0.0,0.0,0.0,0.0,0.0,0.0,69,-1.905698635870372e+17,0.059,0.0,0.0,0.0,0.0,0.0,0.0,0.0,0,0,0,0.0,0.0,0.0,0.0,0.0,0.0,0.0,0.0,0.0,0.0,0.0,0.0,0.0,0.0,0.0,0.0,0,-107875648.0,69,0.0,138,0.0,0.0,0,39322,17086,39322,17102,13107,17082,0,0,0,70,68,100,2.7302399002429377e+23,82.3,-0.0,78.1,0.0,79.0,1,49,50,180,52429,39322,0,0,0.0,0.0,0.0,0.0,-0.0,67.0,0.0,162057.094,0.0,979,0,1008,0,0,0,953,0,1033,0,931,0,791,0,783,0,822,0,7520,0.032,1.400799628097319e+20,0.0,0.0,784,16797,-0.0,162057.094,-114818.039,-0.0,0.133,6.909358625270745e+28,30.0,70.0,35,0.0,0.0,0.0,0.0,0.0,0.0,0.0,0.0,0.0,0.0,0.0,0.0,0.0,0.0,0.0,0.0,66.0,0,150,71,52,65476,0,300,0,0,8,20529,65476,0,0,44564,70.0,0.0,0.0,0.0,0.0,0.0
2026-09-10T21:22:49,ERR,ERR,ERR,ERR,ERR,ERR,ERR,ERR,ERR,ERR,ERR,ERR,ERR,ERR,ERR,ERR,ERR,ERR,ERR,ERR,ERR,ERR,ERR,ERR,ERR,ERR,ERR,ERR,ERR,ERR,ERR,ERR,ERR,ERR,ERR,ERR,ERR,ERR,ERR,ERR,ERR,ERR,ERR,ERR,ERR,ERR,ERR,ERR,ERR,ERR,ERR,ERR,ERR,ERR,ERR,ERR,ERR,ERR,ERR,ERR,ERR,ERR,ERR,ERR,ERR,ERR,ERR,ERR,ERR,ERR,ERR,ERR,ERR,ERR,ERR,ERR,ERR,ERR,ERR,ERR,ERR,ERR,ERR,ERR,ERR,ERR,ERR,ERR,ERR,ERR,ERR,ERR,ERR,ERR,ERR,ERR,ERR,ERR,ERR,ERR,ERR,ERR,ERR,ERR,ERR,ERR,ERR,ERR,ERR,ERR,ERR,ERR,ERR,ERR,ERR,ERR,ERR,ERR,ERR,ERR,ERR,ERR,ERR,ERR,ERR,0.0,0.0,2.6474835549302285e+23,0.0,0.0,1.3936040501711995e+18,7.805,0.0,0,0,4,0,7116,0.0,100,0.0,0.0,0.0,0.0,0.0,0,0,0,0,0.0,0,0,0,0,0,0,0,0,0,0,0,0,0,0,0,0,0,0,0,0,0,0,0,0,0,0,0,0,0,0,0,0,0,31,40,40,71,65476,0,300,0,0,8,21553,0.0,-107605600.0,0.0,0.0,0.0,0.0,0.0,0.0,0.0,0.0,0.0,0.0,0.0,0.0,0.0,0.0,0.0,0.0,0.0,0.0,0.0,0.0,-2.004,2.004,-2.004,2.004,0.0,0.0,0.0,0.0,4495.0,0.0,6913.0,0.0,0.0,0.0,0.0,0.0,0.0,0.0,0.0,69,-1.905698635870372e+17,0.059,0.0,0.0,0.0,0.0,0.0,0.0,0.0,0,0,0,0.0,0.0,0.0,0.0,0.0,0.0,0.0,0.0,0.0,0.0,0.0,0.0,0.0,0.0,0.0,0.0,0,-107875648.0,69,0.0,138,0.0,0.0,0,39322,17086,39322,17102,13107,17082,0,0,0,70,68,100,2.7302399002429377e+23,82.3,-0.0,78.1,0.0,79.0,1,49,50,180,52429,39322,0,0,0.0,0.0,0.0,0.0,-0.0,67.0,0.0,162057.094,0.0,979,0,1008,0,0,0,953,0,1033,0,931,0,791,0,783,0,822,0,7520,0.032,1.400799628097319e+20,0.0,0.0,784,16797,-0.0,162057.094,-114818.039,-0.0,0.133,6.909358625270745e+28,30.0,70.0,35,0.0,0.0,0.0,0.0,0.0,0.0,0.0,0.0,0.0,0.0,0.0,0.0,0.0,0.0,0.0,0.0,66.4,0,150,71,52,65476,0,300,0,0,8,20529,65476,0,0,44564,70.0,0.0,0.0,0.0,0.0,0.0
2026-09-10T21:22:50,ERR,ERR,ERR,ERR,ERR,ERR,ERR,ERR,ERR,ERR,ERR,ERR,ERR,ERR,ERR,ERR,ERR,ERR,ERR,ERR,ERR,ERR,ERR,ERR,ERR,ERR,ERR,ERR,ERR,ERR,ERR,ERR,ERR,ERR,ERR,ERR,ERR,ERR,ERR,ERR,ERR,ERR,ERR,ERR,ERR,ERR,ERR,ERR,ERR,ERR,ERR,ERR,ERR,ERR,ERR,ERR,ERR,ERR,ERR,ERR,ERR,ERR,ERR,ERR,ERR,ERR,ERR,ERR,ERR,ERR,ERR,ERR,ERR,ERR,ERR,ERR,ERR,ERR,ERR,ERR,ERR,ERR,ERR,ERR,ERR,ERR,ERR,ERR,ERR,ERR,ERR,ERR,ERR,ERR,ERR,ERR,ERR,ERR,ERR,ERR,ERR,ERR,ERR,ERR,ERR,ERR,ERR,ERR,ERR,ERR,ERR,ERR,ERR,ERR,ERR,ERR,ERR,ERR,ERR,ERR,ERR,ERR,ERR,ERR,ERR,0.0,0.0,2.6474835549302285e+23,0.0,0.0,1.3936040501711995e+18,7.805,0.0,0,0,4,0,7116,0.0,100,0.0,0.0,0.0,0.0,0.0,0,0,0,0,0.0,0,0,0,0,0,0,0,0,0,0,0,0,0,0,0,0,0,0,0,0,0,0,0,0,0,0,0,0,0,0,0,0,0,31,40,40,71,65476,0,300,0,0,8,21553,0.0,-107605600.0,0.0,0.0,0.0,0.0,0.0,0.0,0.0,0.0,0.0,0.0,0.0,0.0,0.0,0.0,0.0,0.0,0.0,0.0,0.0,0.0,-2.004,2.004,-2.004,2.004,0.0,0.0,0.0,0.0,4495.0,0.0,6913.0,0.0,0.0,0.0,0.0,0.0,0.0,0.0,0.0,69,-1.905698635870372e+17,0.059,0.0,0.0,0.0,0.0,0.0,0.0,0.0,0,0,0,0.0,0.0,0.0,0.0,0.0,0.0,0.0,0.0,0.0,0.0,0.0,0.0,0.0,0.0,0.0,0.0,0,-107875648.0,69,0.0,138,0.0,0.0,0,39322,17086,39322,17102,13107,17082,0,0,0,70,68,100,2.7302399002429377e+23,82.3,-0.0,78.1,0.0,79.0,1,49,50,180,52429,39322,0,0,0.0,0.0,0.0,0.0,-0.0,67.0,0.0,162057.094,0.0,979,0,1008,0,0,0,953,0,1033,0,931,0,791,0,783,0,822,0,7520,0.032,1.400799628097319e+20,0.0,0.0,784,16797,-0.0,162057.094,-114818.039,-0.0,0.133,6.909358625270745e+28,30.0,70.0,35,0.0,0.0,0.0,0.0,0.0,0.0,0.0,0.0,0.0,0.0,0.0,0.0,0.0,0.0,0.0,0.0,66.4,0,150,71,52,65476,0,300,0,0,8,20529,65476,0,0,44564,70.0,0.0,0.0,0.0,0.0,0.0
2026-09-10T21:22:51,ERR,ERR,ERR,ERR,ERR,ERR,ERR,ERR,ERR,ERR,ERR,ERR,ERR,ERR,ERR,ERR,ERR,ERR,ERR,ERR,ERR,ERR,ERR,ERR,ERR,ERR,ERR,ERR,ERR,ERR,ERR,ERR,ERR,ERR,ERR,ERR,ERR,ERR,ERR,ERR,ERR,ERR,ERR,ERR,ERR,ERR,ERR,ERR,ERR,ERR,ERR,ERR,ERR,ERR,ERR,ERR,ERR,ERR,ERR,ERR,ERR,ERR,ERR,ERR,ERR,ERR,ERR,ERR,ERR,ERR,ERR,ERR,ERR,ERR,ERR,ERR,ERR,ERR,ERR,ERR,ERR,ERR,ERR,ERR,ERR,ERR,ERR,ERR,ERR,ERR,ERR,ERR,ERR,ERR,ERR,ERR,ERR,ERR,ERR,ERR,ERR,ERR,ERR,ERR,ERR,ERR,ERR,ERR,ERR,ERR,ERR,ERR,ERR,ERR,ERR,ERR,ERR,ERR,ERR,ERR,ERR,ERR,ERR,ERR,ERR,0.0,0.0,2.6474835549302285e+23,0.0,0.0,1.3936040501711995e+18,7.805,0.0,0,0,4,0,7116,0.0,100,0.0,0.0,0.0,0.0,0.0,0,0,0,0,0.0,0,0,0,0,0,0,0,0,0,0,0,0,0,0,0,0,0,0,0,0,0,0,0,0,0,0,0,0,0,0,0,0,0,31,40,40,71,65476,0,300,0,0,8,21553,0.0,-107605600.0,0.0,0.0,0.0,0.0,0.0,0.0,0.0,0.0,0.0,0.0,0.0,0.0,0.0,0.0,0.0,0.0,0.0,0.0,0.0,0.0,-2.004,2.004,-2.004,2.004,0.0,0.0,0.0,0.0,4495.0,0.0,6913.0,0.0,0.0,0.0,0.0,0.0,0.0,0.0,0.0,69,-1.905698635870372e+17,0.059,0.0,0.0,0.0,0.0,0.0,0.0,0.0,0,0,0,0.0,0.0,0.0,0.0,0.0,0.0,0.0,0.0,0.0,0.0,0.0,0.0,0.0,0.0,0.0,0.0,0,-107875648.0,69,0.0,138,0.0,0.0,0,39322,17086,39322,17102,13107,17082,0,0,0,70,68,100,2.7302399002429377e+23,82.3,-0.0,78.1,0.0,79.0,1,49,50,180,52429,39322,0,0,0.0,0.0,0.0,0.0,-0.0,67.0,0.0,162057.094,0.0,979,0,1008,0,0,0,953,0,1033,0,931,0,791,0,783,0,822,0,7520,0.032,1.400799628097319e+20,0.0,0.0,784,16797,-0.0,162057.094,-114818.039,-0.0,0.133,6.909358625270745e+28,30.0,70.0,35,0.0,0.0,0.0,0.0,0.0,0.0,0.0,0.0,0.0,0.0,0.0,0.0,0.0,0.0,0.0,0.0,66.4,0,150,71,52,65476,0,300,0,0,8,20529,65476,0,0,44564,70.0,0.0,0.0,0.0,0.0,0.0
2026-09-10T21:22:52,ERR,ERR,ERR,ERR,ERR,ERR,ERR,ERR,ERR,ERR,ERR,ERR,ERR,ERR,ERR,ERR,ERR,ERR,ERR,ERR,ERR,ERR,ERR,ERR,ERR,ERR,ERR,ERR,ERR,ERR,ERR,ERR,ERR,ERR,ERR,ERR,ERR,ERR,ERR,ERR,ERR,ERR,ERR,ERR,ERR,ERR,ERR,ERR,ERR,ERR,ERR,ERR,ERR,ERR,ERR,ERR,ERR,ERR,ERR,ERR,ERR,ERR,ERR,ERR,ERR,ERR,ERR,ERR,ERR,ERR,ERR,ERR,ERR,ERR,ERR,ERR,ERR,ERR,ERR,ERR,ERR,ERR,ERR,ERR,ERR,ERR,ERR,ERR,ERR,ERR,ERR,ERR,ERR,ERR,ERR,ERR,ERR,ERR,ERR,ERR,ERR,ERR,ERR,ERR,ERR,ERR,ERR,ERR,ERR,ERR,ERR,ERR,ERR,ERR,ERR,ERR,ERR,ERR,ERR,ERR,ERR,ERR,ERR,ERR,ERR,0.0,0.0,2.6474835549302285e+23,0.0,0.0,1.3936040501711995e+18,7.805,0.0,0,0,4,0,7116,0.0,100,0.0,0.0,0.0,0.0,0.0,0,0,0,0,0.0,0,0,0,0,0,0,0,0,0,0,0,0,0,0,0,0,0,0,0,0,0,0,0,0,0,0,0,0,0,0,0,0,0,31,40,40,71,65476,0,300,0,0,8,21553,0.0,-107605600.0,0.0,0.0,0.0,0.0,0.0,0.0,0.0,0.0,0.0,0.0,0.0,0.0,0.0,0.0,0.0,0.0,0.0,0.0,0.0,0.0,-2.004,2.004,-2.004,2.004,0.0,0.0,0.0,0.0,4495.0,0.0,6913.0,0.0,0.0,0.0,0.0,0.0,0.0,0.0,0.0,69,-1.905698635870372e+17,0.059,0.0,0.0,0.0,0.0,0.0,0.0,0.0,0,0,0,0.0,0.0,0.0,0.0,0.0,0.0,0.0,0.0,0.0,0.0,0.0,0.0,0.0,0.0,0.0,0.0,0,-107875648.0,69,0.0,138,0.0,0.0,0,39322,17086,39322,17102,13107,17082,0,0,0,70,68,100,2.7302399002429377e+23,82.3,-0.0,78.1,0.0,79.0,1,49,50,180,52429,39322,0,0,0.0,0.0,0.0,0.0,-0.0,67.0,0.0,162057.094,0.0,979,0,1008,0,0,0,953,0,1033,0,931,0,791,0,783,0,822,0,7520,0.032,1.400799628097319e+20,0.0,0.0,784,16797,-0.0,162057.094,-114818.039,-0.0,0.133,6.909358625270745e+28,30.0,70.0,35,0.0,0.0,0.0,0.0,0.0,0.0,0.0,0.0,0.0,0.0,0.0,0.0,0.0,0.0,0.0,0.0,66.0,0,150,71,52,65476,0,300,0,0,8,20529,65476,0,0,44564,70.0,0.0,0.0,0.0,0.0,0.0
2026-09-10T21:22:53,ERR,ERR,ERR,ERR,ERR,ERR,ERR,ERR,ERR,ERR,ERR,ERR,ERR,ERR,ERR,ERR,ERR,ERR,ERR,ERR,ERR,ERR,ERR,ERR,ERR,ERR,ERR,ERR,ERR,ERR,ERR,ERR,ERR,ERR,ERR,ERR,ERR,ERR,ERR,ERR,ERR,ERR,ERR,ERR,ERR,ERR,ERR,ERR,ERR,ERR,ERR,ERR,ERR,ERR,ERR,ERR,ERR,ERR,ERR,ERR,ERR,ERR,ERR,ERR,ERR,ERR,ERR,ERR,ERR,ERR,ERR,ERR,ERR,ERR,ERR,ERR,ERR,ERR,ERR,ERR,ERR,ERR,ERR,ERR,ERR,ERR,ERR,ERR,ERR,ERR,ERR,ERR,ERR,ERR,ERR,ERR,ERR,ERR,ERR,ERR,ERR,ERR,ERR,ERR,ERR,ERR,ERR,ERR,ERR,ERR,ERR,ERR,ERR,ERR,ERR,ERR,ERR,ERR,ERR,ERR,ERR,ERR,ERR,ERR,ERR,0.0,0.0,2.6474835549302285e+23,0.0,0.0,1.3936040501711995e+18,7.805,0.0,0,0,4,0,7116,0.0,100,0.0,0.0,0.0,0.0,0.0,0,0,0,0,0.0,0,0,0,0,0,0,0,0,0,0,0,0,0,0,0,0,0,0,0,0,0,0,0,0,0,0,0,0,0,0,0,0,0,31,40,40,71,65476,0,300,0,0,8,21553,0.0,-107605600.0,0.0,0.0,0.0,0.0,0.0,0.0,0.0,0.0,0.0,0.0,0.0,0.0,0.0,0.0,0.0,0.0,0.0,0.0,0.0,0.0,-2.004,2.004,-2.004,2.004,0.0,0.0,0.0,0.0,4495.0,0.0,6913.0,0.0,0.0,0.0,0.0,0.0,0.0,0.0,0.0,69,-1.905698635870372e+17,0.059,0.0,0.0,0.0,0.0,0.0,0.0,0.0,0,0,0,0.0,0.0,0.0,0.0,0.0,0.0,0.0,0.0,0.0,0.0,0.0,0.0,0.0,0.0,0.0,0.0,0,-107875648.0,69,0.0,138,0.0,0.0,0,39322,17086,39322,17102,0,17082,0,0,0,70,68,100,2.7302399002429377e+23,82.3,-0.0,78.1,0.0,79.0,1,49,50,180,52429,39322,0,0,0.0,0.0,0.0,0.0,-0.0,67.0,0.0,162057.094,0.0,979,0,1008,0,0,0,953,0,1033,0,930,0,791,0,783,0,822,0,7520,0.032,1.4065642356203533e+20,0.0,0.0,784,16797,-0.0,162057.094,-114818.039,-0.0,0.133,6.909358625270745e+28,30.0,70.0,35,0.0,0.0,0.0,0.0,0.0,0.0,0.0,0.0,0.0,0.0,0.0,0.0,0.0,0.0,0.0,0.0,66.0,0,150,71,52,65476,0,300,0,0,8,20529,65476,0,0,44564,70.0,0.0,0.0,0.0,0.0,0.0
2026-09-10T21:22:54,ERR,ERR,ERR,ERR,ERR,ERR,ERR,ERR,ERR,ERR,ERR,ERR,ERR,ERR,ERR,ERR,ERR,ERR,ERR,ERR,ERR,ERR,ERR,ERR,ERR,ERR,ERR,ERR,ERR,ERR,ERR,ERR,ERR,ERR,ERR,ERR,ERR,ERR,ERR,ERR,ERR,ERR,ERR,ERR,ERR,ERR,ERR,ERR,ERR,ERR,ERR,ERR,ERR,ERR,ERR,ERR,ERR,ERR,ERR,ERR,ERR,ERR,ERR,ERR,ERR,ERR,ERR,ERR,ERR,ERR,ERR,ERR,ERR,ERR,ERR,ERR,ERR,ERR,ERR,ERR,ERR,ERR,ERR,ERR,ERR,ERR,ERR,ERR,ERR,ERR,ERR,ERR,ERR,ERR,ERR,ERR,ERR,ERR,ERR,ERR,ERR,ERR,ERR,ERR,ERR,ERR,ERR,ERR,ERR,ERR,ERR,ERR,ERR,ERR,ERR,ERR,ERR,ERR,ERR,ERR,ERR,ERR,ERR,ERR,ERR,0.0,0.0,2.6474835549302285e+23,0.0,0.0,1.3936040501711995e+18,7.805,0.0,0,0,4,0,7116,0.0,100,0.0,0.0,0.0,0.0,0.0,0,0,0,0,0.0,0,0,0,0,0,0,0,0,0,0,0,0,0,0,0,0,0,0,0,0,0,0,0,0,0,0,0,0,0,0,0,0,0,31,40,40,71,65476,0,300,0,0,8,21553,0.0,-107605600.0,0.0,0.0,0.0,0.0,0.0,0.0,0.0,0.0,0.0,0.0,0.0,0.0,0.0,0.0,0.0,0.0,0.0,0.0,0.0,0.0,-2.004,2.004,-2.004,2.004,0.0,0.0,0.0,0.0,4497.0,0.0,6915.0,0.0,0.0,2.7184256974124493e+23,0.0,0.0,0.0,0.0,0.0,69,-4.0668816144241325e+29,2.718413627765448e+23,0.0,0.0,0.0,0.0,0.0,0.0,0.0,0,0,0,0.0,0.0,0.0,0.0,0.0,0.0,0.0,0.0,0.0,0.0,0.0,0.0,0.0,0.0,0.0,0.0,0,-107875648.0,69,0.0,138,0.0,-0.0,0,39322,17086,39322,17102,0,17082,0,0,0,70,68,100,2.7302399002429377e+23,82.3,-0.0,78.1,0.0,79.0,1,49,50,180,52429,39322,0,0,0.0,0.0,0.0,0.0,-0.0,67.0,0.0,162057.094,0.0,979,0,1008,0,0,0,953,0,1033,0,930,0,791,0,783,0,822,0,7520,0.032,1.4065642356203533e+20,0.0,0.0,784,16797,-0.0,162057.094,-114818.039,-0.0,0.133,6.909358625270745e+28,30.0,70.0,35,0.0,0.0,0.0,0.0,0.0,0.0,0.0,0.0,0.0,0.0,0.0,0.0,0.0,0.0,0.0,0.0,66.4,0,150,71,52,65476,0,300,0,0,8,20529,65476,0,0,44564,70.0,0.0,0.0,0.0,0.0,0.0
2026-09-10T21:22:55,ERR,ERR,ERR,ERR,ERR,ERR,ERR,ERR,ERR,ERR,ERR,ERR,ERR,ERR,ERR,ERR,ERR,ERR,ERR,ERR,ERR,ERR,ERR,ERR,ERR,ERR,ERR,ERR,ERR,ERR,ERR,ERR,ERR,ERR,ERR,ERR,ERR,ERR,ERR,ERR,ERR,ERR,ERR,ERR,ERR,ERR,ERR,ERR,ERR,ERR,ERR,ERR,ERR,ERR,ERR,ERR,ERR,ERR,ERR,ERR,ERR,ERR,ERR,ERR,ERR,ERR,ERR,ERR,ERR,ERR,ERR,ERR,ERR,ERR,ERR,ERR,ERR,ERR,ERR,ERR,ERR,ERR,ERR,ERR,ERR,ERR,ERR,ERR,ERR,ERR,ERR,ERR,ERR,ERR,ERR,ERR,ERR,ERR,ERR,ERR,ERR,ERR,ERR,ERR,ERR,ERR,ERR,ERR,ERR,ERR,ERR,ERR,ERR,ERR,ERR,ERR,ERR,ERR,ERR,ERR,ERR,ERR,ERR,ERR,ERR,0.0,0.0,2.6474835549302285e+23,0.0,0.0,1.3936040501711995e+18,7.805,0.0,0,0,4,0,7116,0.0,100,0.0,0.0,0.0,0.0,0.0,0,0,0,0,0.0,0,0,0,0,0,0,0,0,0,0,0,0,0,0,0,0,0,0,0,0,0,0,0,0,0,0,0,0,0,0,0,0,0,31,40,40,71,65476,0,300,0,0,8,21553,0.0,-107605600.0,0.0,0.0,0.0,0.0,0.0,0.0,0.0,0.0,0.0,0.0,0.0,0.0,0.0,0.0,0.0,0.0,0.0,0.0,0.0,0.0,-2.004,2.004,-2.004,2.004,0.0,0.0,0.0,0.0,4497.0,0.0,6915.0,0.0,0.0,2.7184256974124493e+23,0.0,0.0,0.0,0.0,0.0,69,-4.0668816144241325e+29,2.718413627765448e+23,0.0,0.0,0.0,0.0,0.0,0.0,0.0,0,0,0,0.0,0.0,0.0,0.0,0.0,0.0,0.0,0.0,0.0,0.0,0.0,0.0,0.0,0.0,0.0,0.0,0,-107875648.0,69,0.0,138,0.0,-0.0,0,39322,17086,39322,17102,0,17082,0,0,0,70,68,100,2.7302399002429377e+23,82.3,-0.0,78.1,0.0,79.0,1,49,50,180,52429,39322,0,0,0.0,0.0,0.0,0.0,-0.0,67.0,0.0,162057.094,0.0,979,0,1008,0,0,0,953,0,1033,0,930,0,791,0,783,0,822,0,7520,0.032,1.4065642356203533e+20,0.0,0.0,784,16797,-0.0,162057.094,-114818.039,-0.0,0.133,6.909358625270745e+28,30.0,70.0,35,0.0,0.0,0.0,0.0,0.0,0.0,0.0,0.0,0.0,0.0,0.0,0.0,0.0,0.0,0.0,0.0,66.4,0,150,71,52,65476,0,300,0,0,8,20529,65476,0,0,44564,70.0,0.0,0.0,0.0,0.0,0.0
2026-09-10T21:22:56,ERR,ERR,ERR,ERR,ERR,ERR,ERR,ERR,ERR,ERR,ERR,ERR,ERR,ERR,ERR,ERR,ERR,ERR,ERR,ERR,ERR,ERR,ERR,ERR,ERR,ERR,ERR,ERR,ERR,ERR,ERR,ERR,ERR,ERR,ERR,ERR,ERR,ERR,ERR,ERR,ERR,ERR,ERR,ERR,ERR,ERR,ERR,ERR,ERR,ERR,ERR,ERR,ERR,ERR,ERR,ERR,ERR,ERR,ERR,ERR,ERR,ERR,ERR,ERR,ERR,ERR,ERR,ERR,ERR,ERR,ERR,ERR,ERR,ERR,ERR,ERR,ERR,ERR,ERR,ERR,ERR,ERR,ERR,ERR,ERR,ERR,ERR,ERR,ERR,ERR,ERR,ERR,ERR,ERR,ERR,ERR,ERR,ERR,ERR,ERR,ERR,ERR,ERR,ERR,ERR,ERR,ERR,ERR,ERR,ERR,ERR,ERR,ERR,ERR,ERR,ERR,ERR,ERR,ERR,ERR,ERR,ERR,ERR,ERR,ERR,0.0,0.0,2.6474835549302285e+23,0.0,0.0,1.3936040501711995e+18,7.805,0.0,0,0,4,0,7116,0.0,100,0.0,0.0,0.0,0.0,0.0,0,0,0,0,0.0,0,0,0,0,0,0,0,0,0,0,0,0,0,0,0,0,0,0,0,0,0,0,0,0,0,0,0,0,0,0,0,0,0,31,40,40,71,65476,0,300,0,0,8,21553,0.0,-107605600.0,0.0,0.0,0.0,0.0,0.0,0.0,0.0,0.0,0.0,0.0,0.0,0.0,0.0,0.0,0.0,0.0,0.0,0.0,0.0,0.0,-2.004,2.004,-2.004,2.004,0.0,0.0,0.0,0.0,4497.0,0.0,6915.0,0.0,0.0,2.7184256974124493e+23,0.0,0.0,0.0,0.0,0.0,69,-4.0668816144241325e+29,2.718413627765448e+23,0.0,0.0,0.0,0.0,0.0,0.0,0.0,0,0,0,0.0,0.0,0.0,0.0,0.0,0.0,0.0,0.0,0.0,0.0,0.0,0.0,0.0,0.0,0.0,0.0,0,-107875648.0,69,0.0,138,0.0,-0.0,0,39322,17086,39322,17102,0,17082,0,0,0,70,68,100,2.7302399002429377e+23,82.3,-0.0,78.1,0.0,79.0,1,49,50,180,52429,39322,0,0,0.0,0.0,0.0,0.0,-0.0,67.0,0.0,162057.094,0.0,979,0,1008,0,0,0,953,0,1033,0,930,0,791,0,783,0,822,0,7520,0.032,1.4065642356203533e+20,0.0,0.0,784,16797,-0.0,162057.094,-114818.039,-0.0,0.133,6.909358625270745e+28,30.0,70.0,35,0.0,0.0,0.0,0.0,0.0,0.0,0.0,0.0,0.0,0.0,0.0,0.0,0.0,0.0,0.0,0.0,66.0,0,150,71,52,65476,0,300,0,0,8,20529,65476,0,0,44564,70.0,0.0,0.0,0.0,0.0,0.0
2026-09-10T21:22:57,ERR,ERR,ERR,ERR,ERR,ERR,ERR,ERR,ERR,ERR,ERR,ERR,ERR,ERR,ERR,ERR,ERR,ERR,ERR,ERR,ERR,ERR,ERR,ERR,ERR,ERR,ERR,ERR,ERR,ERR,ERR,ERR,ERR,ERR,ERR,ERR,ERR,ERR,ERR,ERR,ERR,ERR,ERR,ERR,ERR,ERR,ERR,ERR,ERR,ERR,ERR,ERR,ERR,ERR,ERR,ERR,ERR,ERR,ERR,ERR,ERR,ERR,ERR,ERR,ERR,ERR,ERR,ERR,ERR,ERR,ERR,ERR,ERR,ERR,ERR,ERR,ERR,ERR,ERR,ERR,ERR,ERR,ERR,ERR,ERR,ERR,ERR,ERR,ERR,ERR,ERR,ERR,ERR,ERR,ERR,ERR,ERR,ERR,ERR,ERR,ERR,ERR,ERR,ERR,ERR,ERR,ERR,ERR,ERR,ERR,ERR,ERR,ERR,ERR,ERR,ERR,ERR,ERR,ERR,ERR,ERR,ERR,ERR,ERR,ERR,0.0,0.0,2.6474835549302285e+23,0.0,0.0,1.3936040501711995e+18,7.805,0.0,0,0,4,0,7116,0.0,100,0.0,0.0,0.0,0.0,0.0,0,0,0,0,0.0,0,0,0,0,0,0,0,0,0,0,0,0,0,0,0,0,0,0,0,0,0,0,0,0,0,0,0,0,0,0,0,0,0,31,40,40,71,65476,0,300,0,0,8,21553,0.0,-107605600.0,0.0,0.0,0.0,0.0,0.0,0.0,0.0,0.0,0.0,0.0,0.0,0.0,0.0,0.0,0.0,0.0,0.0,0.0,0.0,0.0,-2.004,2.004,-2.004,2.004,0.0,0.0,0.0,0.0,4497.0,0.0,6915.0,0.0,0.0,2.7184256974124493e+23,0.0,0.0,0.0,0.0,0.0,69,-4.0668816144241325e+29,2.718413627765448e+23,0.0,0.0,0.0,0.0,0.0,0.0,0.0,0,0,0,0.0,0.0,0.0,0.0,0.0,0.0,0.0,0.0,0.0,0.0,0.0,0.0,0.0,0.0,0.0,0.0,0,-107875648.0,69,0.0,138,0.0,-0.0,0,39322,17086,39322,17102,0,17082,0,0,0,70,68,100,2.7302399002429377e+23,82.3,-0.0,78.2,2.7302388193790272e+23,79.0,1,49,50,180,52429,39322,0,0,0.0,0.0,0.0,0.0,-0.0,67.0,0.0,162057.094,0.0,979,0,1008,0,0,0,953,0,1033,0,930,0,791,0,783,0,822,0,7520,0.032,1.3950350205742848e+20,0.0,0.0,784,16797,-0.0,162057.094,-114818.039,-0.0,0.133,6.909358625270745e+28,30.0,70.0,35,0.0,0.0,0.0,0.0,0.0,0.0,0.0,0.0,0.0,0.0,0.0,0.0,0.0,0.0,0.0,0.0,66.0,0,150,71,52,65476,0,300,0,0,8,20529,65476,0,0,44564,70.0,0.0,0.0,0.0,0.0,0.0
2026-09-10T21:22:58,ERR,ERR,ERR,ERR,ERR,ERR,ERR,ERR,ERR,ERR,ERR,ERR,ERR,ERR,ERR,ERR,ERR,ERR,ERR,ERR,ERR,ERR,ERR,ERR,ERR,ERR,ERR,ERR,ERR,ERR,ERR,ERR,ERR,ERR,ERR,ERR,ERR,ERR,ERR,ERR,ERR,ERR,ERR,ERR,ERR,ERR,ERR,ERR,ERR,ERR,ERR,ERR,ERR,ERR,ERR,ERR,ERR,ERR,ERR,ERR,ERR,ERR,ERR,ERR,ERR,ERR,ERR,ERR,ERR,ERR,ERR,ERR,ERR,ERR,ERR,ERR,ERR,ERR,ERR,ERR,ERR,ERR,ERR,ERR,ERR,ERR,ERR,ERR,ERR,ERR,ERR,ERR,ERR,ERR,ERR,ERR,ERR,ERR,ERR,ERR,ERR,ERR,ERR,ERR,ERR,ERR,ERR,ERR,ERR,ERR,ERR,ERR,ERR,ERR,ERR,ERR,ERR,ERR,ERR,ERR,ERR,ERR,ERR,ERR,ERR,0.0,0.0,2.6474835549302285e+23,0.0,0.0,1.3936040501711995e+18,7.805,0.0,0,0,4,0,7116,0.0,100,0.0,0.0,0.0,0.0,0.0,0,0,0,0,0.0,0,0,0,0,0,0,0,0,0,0,0,0,0,0,0,0,0,0,0,0,0,0,0,0,0,0,0,0,0,0,0,0,0,31,40,40,71,65476,0,300,0,0,8,21553,0.0,-107605600.0,0.0,0.0,0.0,0.0,0.0,0.0,0.0,0.0,0.0,0.0,0.0,0.0,0.0,0.0,0.0,0.0,0.0,0.0,0.0,0.0,-2.004,2.004,-2.004,2.004,0.0,0.0,0.0,0.0,4497.0,0.0,6915.0,0.0,0.0,2.7184256974124493e+23,0.0,0.0,0.0,0.0,0.0,69,-4.0668816144241325e+29,2.718413627765448e+23,0.0,0.0,0.0,0.0,0.0,0.0,0.0,0,0,0,0.0,0.0,0.0,0.0,0.0,0.0,0.0,0.0,0.0,0.0,0.0,0.0,0.0,0.0,0.0,0.0,0,-107875648.0,69,0.0,138,0.0,-0.0,0,39322,17086,39322,17102,0,17082,0,0,0,70,68,100,2.7302399002429377e+23,82.3,-0.0,78.2,2.7302388193790272e+23,79.0,1,49,50,180,52429,39322,0,0,0.0,0.0,0.0,0.0,-0.0,67.0,0.0,162057.094,0.0,979,0,1008,0,0,0,953,0,1033,0,930,0,791,0,783,0,822,0,7520,0.032,1.3950350205742848e+20,0.0,0.0,784,16797,-0.0,162057.094,-114818.039,-0.0,0.133,6.909358625270745e+28,30.0,70.0,35,0.0,0.0,0.0,0.0,0.0,0.0,0.0,0.0,0.0,0.0,0.0,0.0,0.0,0.0,0.0,0.0,66.0,0,150,71,52,65476,0,300,0,0,8,20529,65476,0,0,44564,70.0,0.0,0.0,0.0,0.0,0.0
2026-09-10T21:22:59,ERR,ERR,ERR,ERR,ERR,ERR,ERR,ERR,ERR,ERR,ERR,ERR,ERR,ERR,ERR,ERR,ERR,ERR,ERR,ERR,ERR,ERR,ERR,ERR,ERR,ERR,ERR,ERR,ERR,ERR,ERR,ERR,ERR,ERR,ERR,ERR,ERR,ERR,ERR,ERR,ERR,ERR,ERR,ERR,ERR,ERR,ERR,ERR,ERR,ERR,ERR,ERR,ERR,ERR,ERR,ERR,ERR,ERR,ERR,ERR,ERR,ERR,ERR,ERR,ERR,ERR,ERR,ERR,ERR,ERR,ERR,ERR,ERR,ERR,ERR,ERR,ERR,ERR,ERR,ERR,ERR,ERR,ERR,ERR,ERR,ERR,ERR,ERR,ERR,ERR,ERR,ERR,ERR,ERR,ERR,ERR,ERR,ERR,ERR,ERR,ERR,ERR,ERR,ERR,ERR,ERR,ERR,ERR,ERR,ERR,ERR,ERR,ERR,ERR,ERR,ERR,ERR,ERR,ERR,ERR,ERR,ERR,ERR,ERR,ERR,0.0,0.0,2.6474835549302285e+23,0.0,0.0,1.3936040501711995e+18,7.805,0.0,0,0,4,0,7116,0.0,100,0.0,0.0,0.0,0.0,0.0,0,0,0,0,0.0,0,0,0,0,0,0,0,0,0,0,0,0,0,0,0,0,0,0,0,0,0,0,0,0,0,0,0,0,0,0,0,0,0,31,40,40,71,65476,0,300,0,0,8,21553,0.0,-107605600.0,0.0,0.0,0.0,0.0,0.0,0.0,0.0,0.0,0.0,0.0,0.0,0.0,0.0,0.0,0.0,0.0,0.0,0.0,0.0,0.0,-2.004,2.004,-2.004,2.004,0.0,0.0,0.0,0.0,4497.0,0.0,6915.0,0.0,0.0,2.7184256974124493e+23,0.0,0.0,0.0,0.0,0.0,69,-4.0668816144241325e+29,2.718413627765448e+23,0.0,0.0,0.0,0.0,0.0,0.0,0.0,0,0,0,0.0,0.0,0.0,0.0,0.0,0.0,0.0,0.0,0.0,0.0,0.0,0.0,0.0,0.0,0.0,0.0,0,-107875648.0,69,0.0,138,0.0,-0.0,0,39322,17086,39322,17102,0,17082,0,0,0,70,68,100,2.7302399002429377e+23,82.3,-0.0,78.2,2.7302388193790272e+23,79.0,1,49,50,180,52429,39322,0,0,0.0,0.0,0.0,0.0,-0.0,67.0,0.0,162057.094,0.0,979,0,1008,0,0,0,953,0,1033,0,930,0,791,0,783,0,822,0,7520,0.032,1.3950350205742848e+20,0.0,0.0,784,16797,-0.0,162057.094,-114818.039,-0.0,0.133,6.909358625270745e+28,30.0,70.0,35,0.0,0.0,0.0,0.0,0.0,0.0,0.0,0.0,0.0,0.0,0.0,0.0,0.0,0.0,0.0,0.0,66.0,0,150,71,52,65476,0,300,0,0,8,20529,65476,0,0,44564,70.0,0.0,0.0,0.0,0.0,0.0
2026-09-10T21:23:00,ERR,ERR,ERR,ERR,ERR,ERR,ERR,ERR,ERR,ERR,ERR,ERR,ERR,ERR,ERR,ERR,ERR,ERR,ERR,ERR,ERR,ERR,ERR,ERR,ERR,ERR,ERR,ERR,ERR,ERR,ERR,ERR,ERR,ERR,ERR,ERR,ERR,ERR,ERR,ERR,ERR,ERR,ERR,ERR,ERR,ERR,ERR,ERR,ERR,ERR,ERR,ERR,ERR,ERR,ERR,ERR,ERR,ERR,ERR,ERR,ERR,ERR,ERR,ERR,ERR,ERR,ERR,ERR,ERR,ERR,ERR,ERR,ERR,ERR,ERR,ERR,ERR,ERR,ERR,ERR,ERR,ERR,ERR,ERR,ERR,ERR,ERR,ERR,ERR,ERR,ERR,ERR,ERR,ERR,ERR,ERR,ERR,ERR,ERR,ERR,ERR,ERR,ERR,ERR,ERR,ERR,ERR,ERR,ERR,ERR,ERR,ERR,ERR,ERR,ERR,ERR,ERR,ERR,ERR,ERR,ERR,ERR,ERR,ERR,ERR,0.0,0.0,2.6474835549302285e+23,0.0,0.0,1.3936040501711995e+18,7.805,0.0,0,0,4,0,7116,0.0,100,0.0,0.0,0.0,0.0,0.0,0,0,0,0,0.0,0,0,0,0,0,0,0,0,0,0,0,0,0,0,0,0,0,0,0,0,0,0,0,0,0,0,0,0,0,0,0,0,0,31,40,40,71,65476,0,300,0,0,8,21553,0.0,-107605600.0,0.0,0.0,0.0,0.0,0.0,0.0,0.0,0.0,0.0,0.0,0.0,0.0,0.0,0.0,0.0,0.0,0.0,0.0,0.0,0.0,-2.004,2.004,0.0,2.004,0.0,0.0,0.0,0.0,4502.0,0.0,6913.0,-107615312.0,0.0,2.7184256974124493e+23,0.0,0.0,0.0,0.0,0.0,69,-4.0668816144241325e+29,89220.398,0.0,0.0,0.0,0.0,0.0,0.0,0.0,0,0,0,0.0,0.0,0.0,0.0,0.0,0.0,0.0,0.0,0.0,0.0,0.0,0.0,0.0,0.0,0.0,0.0,0,-107875648.0,69,0.0,138,0.0,-0.0,0,39322,17086,39322,17102,0,17082,0,0,0,70,68,100,2.7302399002429377e+23,82.3,-0.0,78.2,2.7302388193790272e+23,79.0,1,49,50,180,52429,39322,0,0,0.0,0.0,0.0,0.0,-0.0,67.0,0.0,162057.094,0.0,979,0,1008,0,0,0,953,0,1033,0,930,0,791,0,783,0,822,0,7520,0.032,1.3950350205742848e+20,0.0,0.0,784,16797,-0.0,162057.094,-114818.039,-0.0,0.133,6.909358625270745e+28,30.0,70.0,35,0.0,0.0,0.0,0.0,0.0,0.0,0.0,0.0,0.0,0.0,0.0,0.0,0.0,0.0,0.0,0.0,66.0,0,150,71,52,65476,0,300,0,0,8,20529,65476,0,0,44564,70.0,0.0,0.0,0.0,0.0,0.0
2026-09-10T21:23:01,ERR,ERR,ERR,ERR,ERR,ERR,ERR,ERR,ERR,ERR,ERR,ERR,ERR,ERR,ERR,ERR,ERR,ERR,ERR,ERR,ERR,ERR,ERR,ERR,ERR,ERR,ERR,ERR,ERR,ERR,ERR,ERR,ERR,ERR,ERR,ERR,ERR,ERR,ERR,ERR,ERR,ERR,ERR,ERR,ERR,ERR,ERR,ERR,ERR,ERR,ERR,ERR,ERR,ERR,ERR,ERR,ERR,ERR,ERR,ERR,ERR,ERR,ERR,ERR,ERR,ERR,ERR,ERR,ERR,ERR,ERR,ERR,ERR,ERR,ERR,ERR,ERR,ERR,ERR,ERR,ERR,ERR,ERR,ERR,ERR,ERR,ERR,ERR,ERR,ERR,ERR,ERR,ERR,ERR,ERR,ERR,ERR,ERR,ERR,ERR,ERR,ERR,ERR,ERR,ERR,ERR,ERR,ERR,ERR,ERR,ERR,ERR,ERR,ERR,ERR,ERR,ERR,ERR,ERR,ERR,ERR,ERR,ERR,ERR,ERR,0.0,0.0,2.6474835549302285e+23,0.0,0.0,1.3936040501711995e+18,7.805,0.0,0,0,4,0,7116,0.0,100,0.0,0.0,0.0,0.0,0.0,0,0,0,0,0.0,0,0,0,0,0,0,0,0,0,0,0,0,0,0,0,0,0,0,0,0,0,0,0,0,0,0,0,0,0,0,0,0,0,31,40,40,71,65476,0,300,0,0,8,21553,0.0,-107605600.0,0.0,0.0,0.0,0.0,0.0,0.0,0.0,0.0,0.0,0.0,0.0,0.0,0.0,0.0,0.0,0.0,0.0,0.0,0.0,0.0,-2.004,2.004,0.0,2.004,0.0,0.0,0.0,0.0,4502.0,0.0,6913.0,-107615312.0,0.0,2.7184256974124493e+23,0.0,0.0,0.0,0.0,0.0,69,-4.0668816144241325e+29,89220.398,0.0,0.0,0.0,0.0,0.0,0.0,0.0,0,0,0,0.0,0.0,0.0,0.0,0.0,0.0,0.0,0.0,0.0,0.0,0.0,0.0,0.0,0.0,0.0,0.0,0,-107875648.0,69,0.0,138,0.0,-0.0,0,39322,17086,39322,17102,0,17082,0,0,0,70,68,100,2.7302399002429377e+23,82.3,-0.0,78.2,2.7302388193790272e+23,79.0,1,49,50,180,52429,39322,0,0,0.0,0.0,0.0,0.0,-0.0,67.0,0.0,162057.094,0.0,979,0,1008,0,0,0,953,0,1033,0,930,0,791,0,783,0,822,0,7520,0.032,1.3950350205742848e+20,0.0,0.0,784,16797,-0.0,162057.094,-114818.039,-0.0,0.133,6.909358625270745e+28,30.0,70.0,35,0.0,0.0,0.0,0.0,0.0,0.0,0.0,0.0,0.0,0.0,0.0,0.0,0.0,0.0,0.0,0.0,66.4,0,150,71,52,65476,0,300,0,0,8,20529,65476,0,0,44564,70.0,0.0,0.0,0.0,0.0,0.0
2026-09-10T21:23:02,ERR,ERR,ERR,ERR,ERR,ERR,ERR,ERR,ERR,ERR,ERR,ERR,ERR,ERR,ERR,ERR,ERR,ERR,ERR,ERR,ERR,ERR,ERR,ERR,ERR,ERR,ERR,ERR,ERR,ERR,ERR,ERR,ERR,ERR,ERR,ERR,ERR,ERR,ERR,ERR,ERR,ERR,ERR,ERR,ERR,ERR,ERR,ERR,ERR,ERR,ERR,ERR,ERR,ERR,ERR,ERR,ERR,ERR,ERR,ERR,ERR,ERR,ERR,ERR,ERR,ERR,ERR,ERR,ERR,ERR,ERR,ERR,ERR,ERR,ERR,ERR,ERR,ERR,ERR,ERR,ERR,ERR,ERR,ERR,ERR,ERR,ERR,ERR,ERR,ERR,ERR,ERR,ERR,ERR,ERR,ERR,ERR,ERR,ERR,ERR,ERR,ERR,ERR,ERR,ERR,ERR,ERR,ERR,ERR,ERR,ERR,ERR,ERR,ERR,ERR,ERR,ERR,ERR,ERR,ERR,ERR,ERR,ERR,ERR,ERR,0.0,0.0,2.6474835549302285e+23,0.0,0.0,1.3936040501711995e+18,7.805,0.0,0,0,4,0,7116,0.0,100,0.0,0.0,0.0,0.0,0.0,0,0,0,0,0.0,0,0,0,0,0,0,0,0,0,0,0,0,0,0,0,0,0,0,0,0,0,0,0,0,0,0,0,0,0,0,0,0,0,31,40,40,71,65476,0,300,0,0,8,21553,0.0,-107605600.0,0.0,0.0,0.0,0.0,0.0,0.0,0.0,0.0,0.0,0.0,0.0,0.0,0.0,0.0,0.0,0.0,0.0,0.0,0.0,0.0,-2.004,2.004,0.0,2.004,0.0,0.0,0.0,0.0,4502.0,0.0,6913.0,-107615312.0,0.0,2.7184256974124493e+23,0.0,0.0,0.0,0.0,0.0,69,-4.0668816144241325e+29,89220.398,0.0,0.0,0.0,0.0,0.0,0.0,0.0,0,0,0,0.0,0.0,0.0,0.0,0.0,0.0,0.0,0.0,0.0,0.0,0.0,0.0,0.0,0.0,0.0,0.0,0,-107875648.0,69,0.0,138,0.0,-0.0,0,39322,17086,39322,17102,0,17082,0,0,0,70,68,100,2.7302399002429377e+23,82.3,-0.0,78.1,0.0,79.0,1,49,50,180,52429,39322,0,0,0.0,0.0,0.0,0.0,-0.0,67.0,0.0,162057.094,0.0,979,0,1008,0,0,0,953,0,1033,0,930,0,791,0,783,0,822,0,7520,0.032,1.4065642356203533e+20,0.0,0.0,784,16797,-0.0,162057.094,-114818.039,-0.0,0.133,6.909358625270745e+28,30.0,70.0,35,0.0,0.0,0.0,0.0,0.0,0.0,0.0,0.0,0.0,0.0,0.0,0.0,0.0,0.0,0.0,0.0,66.4,0,150,71,52,65476,0,300,0,0,8,20529,65476,0,0,44564,70.0,0.0,0.0,0.0,0.0,0.0
2026-09-10T21:23:03,ERR,ERR,ERR,ERR,ERR,ERR,ERR,ERR,ERR,ERR,ERR,ERR,ERR,ERR,ERR,ERR,ERR,ERR,ERR,ERR,ERR,ERR,ERR,ERR,ERR,ERR,ERR,ERR,ERR,ERR,ERR,ERR,ERR,ERR,ERR,ERR,ERR,ERR,ERR,ERR,ERR,ERR,ERR,ERR,ERR,ERR,ERR,ERR,ERR,ERR,ERR,ERR,ERR,ERR,ERR,ERR,ERR,ERR,ERR,ERR,ERR,ERR,ERR,ERR,ERR,ERR,ERR,ERR,ERR,ERR,ERR,ERR,ERR,ERR,ERR,ERR,ERR,ERR,ERR,ERR,ERR,ERR,ERR,ERR,ERR,ERR,ERR,ERR,ERR,ERR,ERR,ERR,ERR,ERR,ERR,ERR,ERR,ERR,ERR,ERR,ERR,ERR,ERR,ERR,ERR,ERR,ERR,ERR,ERR,ERR,ERR,ERR,ERR,ERR,ERR,ERR,ERR,ERR,ERR,ERR,ERR,ERR,ERR,ERR,ERR,0.0,0.0,2.6474835549302285e+23,0.0,0.0,1.3936040501711995e+18,7.805,0.0,0,0,4,0,7116,0.0,100,0.0,0.0,0.0,0.0,0.0,0,0,0,0,0.0,0,0,0,0,0,0,0,0,0,0,0,0,0,0,0,0,0,0,0,0,0,0,0,0,0,0,0,0,0,0,0,0,0,31,40,40,71,65476,0,300,0,0,8,21553,0.0,-107605600.0,0.0,0.0,0.0,0.0,0.0,0.0,0.0,0.0,0.0,0.0,0.0,0.0,0.0,0.0,0.0,0.0,0.0,0.0,0.0,0.0,-2.004,2.004,0.0,2.004,0.0,0.0,0.0,0.0,4502.0,0.0,6913.0,-107615312.0,0.0,2.7184256974124493e+23,0.0,0.0,0.0,0.0,0.0,69,-4.0668816144241325e+29,89220.398,0.0,0.0,0.0,0.0,0.0,0.0,0.0,0,0,0,0.0,0.0,0.0,0.0,0.0,0.0,0.0,0.0,0.0,0.0,0.0,0.0,0.0,0.0,0.0,0.0,0,-107875648.0,69,0.0,138,0.0,-0.0,0,39322,17086,39322,17102,0,17082,0,0,0,70,68,100,2.7302399002429377e+23,82.3,-0.0,78.1,0.0,79.0,1,49,50,180,52429,39322,0,0,0.0,0.0,0.0,0.0,-0.0,67.0,0.0,162057.094,0.0,979,0,1008,0,0,0,953,0,1033,0,930,0,791,0,783,0,822,0,7520,0.032,1.4065642356203533e+20,0.0,0.0,784,16797,-0.0,162057.094,-114818.039,-0.0,0.133,6.909358625270745e+28,30.0,70.0,35,0.0,0.0,0.0,0.0,0.0,0.0,0.0,0.0,0.0,0.0,0.0,0.0,0.0,0.0,0.0,0.0,66.4,0,150,71,52,65476,0,300,0,0,8,20529,65476,0,0,44564,70.0,0.0,0.0,0.0,0.0,0.0
2026-09-10T21:23:04,ERR,ERR,ERR,ERR,ERR,ERR,ERR,ERR,ERR,ERR,ERR,ERR,ERR,ERR,ERR,ERR,ERR,ERR,ERR,ERR,ERR,ERR,ERR,ERR,ERR,ERR,ERR,ERR,ERR,ERR,ERR,ERR,ERR,ERR,ERR,ERR,ERR,ERR,ERR,ERR,ERR,ERR,ERR,ERR,ERR,ERR,ERR,ERR,ERR,ERR,ERR,ERR,ERR,ERR,ERR,ERR,ERR,ERR,ERR,ERR,ERR,ERR,ERR,ERR,ERR,ERR,ERR,ERR,ERR,ERR,ERR,ERR,ERR,ERR,ERR,ERR,ERR,ERR,ERR,ERR,ERR,ERR,ERR,ERR,ERR,ERR,ERR,ERR,ERR,ERR,ERR,ERR,ERR,ERR,ERR,ERR,ERR,ERR,ERR,ERR,ERR,ERR,ERR,ERR,ERR,ERR,ERR,ERR,ERR,ERR,ERR,ERR,ERR,ERR,ERR,ERR,ERR,ERR,ERR,ERR,ERR,ERR,ERR,ERR,ERR,0.0,0.0,2.6474835549302285e+23,0.0,0.0,1.3936040501711995e+18,7.805,0.0,0,0,4,0,7116,0.0,100,0.0,0.0,0.0,0.0,0.0,0,0,0,0,0.0,0,0,0,0,0,0,0,0,0,0,0,0,0,0,0,0,0,0,0,0,0,0,0,0,0,0,0,0,0,0,0,0,0,31,40,40,71,65476,0,300,0,0,8,21553,0.0,-107605600.0,0.0,0.0,0.0,0.0,0.0,0.0,0.0,0.0,0.0,0.0,0.0,0.0,0.0,0.0,0.0,0.0,0.0,0.0,0.0,0.0,-2.004,2.004,0.0,2.004,0.0,0.0,0.0,0.0,4502.0,0.0,6913.0,-107615312.0,0.0,2.7184256974124493e+23,0.0,0.0,0.0,0.0,0.0,69,-4.0668816144241325e+29,89220.398,0.0,0.0,0.0,0.0,0.0,0.0,0.0,0,0,0,0.0,0.0,0.0,0.0,0.0,0.0,0.0,0.0,0.0,0.0,0.0,0.0,0.0,0.0,0.0,0.0,0,-107875648.0,69,0.0,138,0.0,-0.0,0,39322,17086,39322,17102,0,17082,0,0,0,70,68,100,2.7302399002429377e+23,82.3,-0.0,78.1,0.0,79.0,1,49,50,180,52429,39322,0,0,0.0,0.0,0.0,0.0,-0.0,67.0,0.0,162057.094,0.0,979,0,1008,0,0,0,953,0,1033,0,930,0,791,0,783,0,822,0,7520,0.032,1.4065642356203533e+20,0.0,0.0,784,16797,-0.0,162057.094,-114818.039,-0.0,0.133,6.909358625270745e+28,30.0,70.0,35,0.0,0.0,0.0,0.0,0.0,0.0,0.0,0.0,0.0,0.0,0.0,0.0,0.0,0.0,0.0,0.0,66.4,0,150,71,52,65476,0,300,0,0,8,20529,65476,0,0,44564,70.0,0.0,0.0,0.0,0.0,0.0
2026-09-10T21:23:05,ERR,ERR,ERR,ERR,ERR,ERR,ERR,ERR,ERR,ERR,ERR,ERR,ERR,ERR,ERR,ERR,ERR,ERR,ERR,ERR,ERR,ERR,ERR,ERR,ERR,ERR,ERR,ERR,ERR,ERR,ERR,ERR,ERR,ERR,ERR,ERR,ERR,ERR,ERR,ERR,ERR,ERR,ERR,ERR,ERR,ERR,ERR,ERR,ERR,ERR,ERR,ERR,ERR,ERR,ERR,ERR,ERR,ERR,ERR,ERR,ERR,ERR,ERR,ERR,ERR,ERR,ERR,ERR,ERR,ERR,ERR,ERR,ERR,ERR,ERR,ERR,ERR,ERR,ERR,ERR,ERR,ERR,ERR,ERR,ERR,ERR,ERR,ERR,ERR,ERR,ERR,ERR,ERR,ERR,ERR,ERR,ERR,ERR,ERR,ERR,ERR,ERR,ERR,ERR,ERR,ERR,ERR,ERR,ERR,ERR,ERR,ERR,ERR,ERR,ERR,ERR,ERR,ERR,ERR,ERR,ERR,ERR,ERR,ERR,ERR,0.0,0.0,2.6474835549302285e+23,0.0,0.0,1.3936040501711995e+18,7.805,0.0,0,0,4,0,7116,0.0,100,0.0,0.0,0.0,0.0,0.0,0,0,0,0,0.0,0,0,0,0,0,0,0,0,0,0,0,0,0,0,0,0,0,0,0,0,0,0,0,0,0,0,0,0,0,0,0,0,0,31,40,40,71,65476,0,300,0,0,8,21553,0.0,-107605600.0,0.0,0.0,0.0,0.0,0.0,0.0,0.0,0.0,0.0,0.0,0.0,0.0,0.0,0.0,0.0,0.0,0.0,0.0,0.0,0.0,-2.004,2.004,0.0,2.004,0.0,0.0,0.0,0.0,4502.0,0.0,6913.0,-107615312.0,0.0,2.7184256974124493e+23,0.0,0.0,0.0,0.0,0.0,69,-4.0668816144241325e+29,89220.398,0.0,0.0,0.0,0.0,0.0,0.0,0.0,0,0,0,0.0,0.0,0.0,0.0,0.0,0.0,0.0,0.0,0.0,0.0,0.0,0.0,0.0,0.0,0.0,0.0,0,-107875648.0,69,0.0,138,0.0,-0.0,0,39322,17086,39322,17102,0,17082,0,0,0,70,68,100,2.7302399002429377e+23,82.3,-0.0,78.1,0.0,79.0,1,49,50,180,52429,39322,0,0,0.0,0.0,0.0,0.0,-0.0,67.0,0.0,162057.094,0.0,979,0,1008,0,0,0,953,0,1033,0,930,0,791,0,783,0,822,0,7520,0.032,1.4065642356203533e+20,0.0,0.0,784,16797,-0.0,162057.094,-114818.039,-0.0,0.133,6.909358625270745e+28,30.0,70.0,35,0.0,0.0,0.0,0.0,0.0,0.0,0.0,0.0,0.0,0.0,0.0,0.0,0.0,0.0,0.0,0.0,66.4,0,150,71,52,65476,0,300,0,0,8,20529,65476,0,0,44564,70.0,0.0,0.0,0.0,0.0,0.0
2026-09-10T21:23:06,ERR,ERR,ERR,ERR,ERR,ERR,ERR,ERR,ERR,ERR,ERR,ERR,ERR,ERR,ERR,ERR,ERR,ERR,ERR,ERR,ERR,ERR,ERR,ERR,ERR,ERR,ERR,ERR,ERR,ERR,ERR,ERR,ERR,ERR,ERR,ERR,ERR,ERR,ERR,ERR,ERR,ERR,ERR,ERR,ERR,ERR,ERR,ERR,ERR,ERR,ERR,ERR,ERR,ERR,ERR,ERR,ERR,ERR,ERR,ERR,ERR,ERR,ERR,ERR,ERR,ERR,ERR,ERR,ERR,ERR,ERR,ERR,ERR,ERR,ERR,ERR,ERR,ERR,ERR,ERR,ERR,ERR,ERR,ERR,ERR,ERR,ERR,ERR,ERR,ERR,ERR,ERR,ERR,ERR,ERR,ERR,ERR,ERR,ERR,ERR,ERR,ERR,ERR,ERR,ERR,ERR,ERR,ERR,ERR,ERR,ERR,ERR,ERR,ERR,ERR,ERR,ERR,ERR,ERR,ERR,ERR,ERR,ERR,ERR,ERR,0.0,0.0,2.6474835549302285e+23,0.0,0.0,1.3936040501711995e+18,7.805,0.0,0,0,4,0,7116,0.0,100,0.0,0.0,0.0,0.0,0.0,0,0,0,0,0.0,0,0,0,0,0,0,0,0,0,0,0,0,0,0,0,0,0,0,0,0,0,0,0,0,0,0,0,0,0,0,0,0,0,31,40,40,71,65476,0,300,0,0,8,21553,0.0,-107605600.0,0.0,0.0,0.0,0.0,0.0,0.0,0.0,0.0,0.0,0.0,0.0,0.0,0.0,0.0,0.0,0.0,0.0,0.0,0.0,0.0,-2.004,2.004,0.0,2.004,0.0,0.0,0.0,0.0,4502.0,0.0,6913.0,-107615312.0,0.0,2.7184256974124493e+23,0.0,0.0,0.0,0.0,0.0,69,-4.0668816144241325e+29,89220.398,0.0,0.0,0.0,0.0,0.0,0.0,0.0,0,0,0,0.0,0.0,0.0,0.0,0.0,0.0,0.0,0.0,0.0,0.0,0.0,0.0,0.0,0.0,0.0,0.0,0,-107875648.0,69,0.0,138,0.0,-0.0,0,39322,17086,39322,17102,0,17082,0,0,0,70,68,100,2.7302399002429377e+23,82.3,-0.0,78.1,0.0,79.0,1,49,50,180,52429,39322,0,0,0.0,0.0,0.0,0.0,-0.0,67.0,0.0,162057.094,0.0,979,0,1008,0,0,0,953,0,1033,0,930,0,791,0,783,0,822,0,7520,0.032,1.4065642356203533e+20,0.0,0.0,784,16797,-0.0,162057.094,-114818.039,-0.0,0.133,6.909358625270745e+28,30.0,70.0,35,0.0,0.0,0.0,0.0,0.0,0.0,0.0,0.0,0.0,0.0,0.0,0.0,0.0,0.0,0.0,0.0,66.4,0,150,71,52,65476,0,300,0,0,8,20529,65476,0,0,44564,70.0,0.0,0.0,0.0,0.0,0.0
2026-09-10T21:23:07,ERR,ERR,ERR,ERR,ERR,ERR,ERR,ERR,ERR,ERR,ERR,ERR,ERR,ERR,ERR,ERR,ERR,ERR,ERR,ERR,ERR,ERR,ERR,ERR,ERR,ERR,ERR,ERR,ERR,ERR,ERR,ERR,ERR,ERR,ERR,ERR,ERR,ERR,ERR,ERR,ERR,ERR,ERR,ERR,ERR,ERR,ERR,ERR,ERR,ERR,ERR,ERR,ERR,ERR,ERR,ERR,ERR,ERR,ERR,ERR,ERR,ERR,ERR,ERR,ERR,ERR,ERR,ERR,ERR,ERR,ERR,ERR,ERR,ERR,ERR,ERR,ERR,ERR,ERR,ERR,ERR,ERR,ERR,ERR,ERR,ERR,ERR,ERR,ERR,ERR,ERR,ERR,ERR,ERR,ERR,ERR,ERR,ERR,ERR,ERR,ERR,ERR,ERR,ERR,ERR,ERR,ERR,ERR,ERR,ERR,ERR,ERR,ERR,ERR,ERR,ERR,ERR,ERR,ERR,ERR,ERR,ERR,ERR,ERR,ERR,0.0,0.0,2.6474835549302285e+23,0.0,0.0,1.3936040501711995e+18,7.805,0.0,0,0,4,0,7116,0.0,100,0.0,0.0,0.0,0.0,0.0,0,0,0,0,0.0,0,0,0,0,0,0,0,0,0,0,0,0,0,0,0,0,0,0,0,0,0,0,0,0,0,0,0,0,0,0,0,0,0,31,40,40,71,65476,0,300,0,0,8,21553,0.0,-107605600.0,0.0,0.0,0.0,0.0,0.0,0.0,0.0,0.0,0.0,0.0,0.0,0.0,0.0,0.0,0.0,0.0,0.0,0.0,0.0,0.0,-2.004,2.004,0.0,2.004,0.0,0.0,0.0,0.0,4495.0,0.0,6912.0,0.0,0.0,2.7184256974124493e+23,0.0,0.0,0.0,0.0,0.0,69,-126841143296.0,0.0,0.0,0.0,0.0,0.0,0.0,0.0,0.0,0,0,0,0.0,0.0,0.0,0.0,0.0,0.0,0.0,0.0,0.0,0.0,0.0,0.0,0.0,0.0,0.0,0.0,0,-107875648.0,69,0.0,138,0.0,-0.0,0,39322,17086,26215,17102,0,17082,0,0,0,70,68,100,2.7302399002429377e+23,82.3,-0.0,78.1,0.0,79.0,1,49,50,180,52429,39322,0,0,0.0,0.0,0.0,0.0,-0.0,67.0,0.0,162057.094,0.0,979,0,1008,0,0,0,953,0,1032,0,930,0,791,0,783,0,822,0,7520,0.032,1.3950350205742848e+20,0.0,0.0,784,16797,-0.0,162057.094,-114818.039,-0.0,0.133,6.909358625270745e+28,30.0,70.0,35,0.0,0.0,0.0,0.0,0.0,0.0,0.0,0.0,0.0,0.0,0.0,0.0,0.0,0.0,0.0,0.0,66.4,0,150,71,52,65476,0,300,0,0,8,20529,65476,0,0,44564,70.0,0.0,0.0,0.0,0.0,0.0
2026-09-10T21:23:08,ERR,ERR,ERR,ERR,ERR,ERR,ERR,ERR,ERR,ERR,ERR,ERR,ERR,ERR,ERR,ERR,ERR,ERR,ERR,ERR,ERR,ERR,ERR,ERR,ERR,ERR,ERR,ERR,ERR,ERR,ERR,ERR,ERR,ERR,ERR,ERR,ERR,ERR,ERR,ERR,ERR,ERR,ERR,ERR,ERR,ERR,ERR,ERR,ERR,ERR,ERR,ERR,ERR,ERR,ERR,ERR,ERR,ERR,ERR,ERR,ERR,ERR,ERR,ERR,ERR,ERR,ERR,ERR,ERR,ERR,ERR,ERR,ERR,ERR,ERR,ERR,ERR,ERR,ERR,ERR,ERR,ERR,ERR,ERR,ERR,ERR,ERR,ERR,ERR,ERR,ERR,ERR,ERR,ERR,ERR,ERR,ERR,ERR,ERR,ERR,ERR,ERR,ERR,ERR,ERR,ERR,ERR,ERR,ERR,ERR,ERR,ERR,ERR,ERR,ERR,ERR,ERR,ERR,ERR,ERR,ERR,ERR,ERR,ERR,ERR,0.0,0.0,2.6474835549302285e+23,0.0,0.0,1.3936040501711995e+18,7.805,0.0,0,0,4,0,7116,0.0,100,0.0,0.0,0.0,0.0,0.0,0,0,0,0,0.0,0,0,0,0,0,0,0,0,0,0,0,0,0,0,0,0,0,0,0,0,0,0,0,0,0,0,0,0,0,0,0,0,0,31,40,40,71,65476,0,300,0,0,8,21553,0.0,-107605600.0,0.0,0.0,0.0,0.0,0.0,0.0,0.0,0.0,0.0,0.0,0.0,0.0,0.0,0.0,0.0,0.0,0.0,0.0,0.0,0.0,-2.004,2.004,0.0,2.004,0.0,0.0,0.0,0.0,4495.0,0.0,6912.0,0.0,0.0,2.7184256974124493e+23,0.0,0.0,0.0,0.0,0.0,69,-126841143296.0,0.0,0.0,0.0,0.0,0.0,0.0,0.0,0.0,0,0,0,0.0,0.0,0.0,0.0,0.0,0.0,0.0,0.0,0.0,0.0,0.0,0.0,0.0,0.0,0.0,0.0,0,-107875648.0,69,0.0,138,0.0,-0.0,0,39322,17086,26215,17102,0,17082,0,0,0,70,68,100,2.7302399002429377e+23,82.3,-0.0,78.1,0.0,79.0,1,49,50,180,52429,39322,0,0,0.0,0.0,0.0,0.0,-0.0,67.0,0.0,162057.094,0.0,979,0,1008,0,0,0,953,0,1032,0,930,0,791,0,783,0,822,0,7520,0.032,1.3950350205742848e+20,0.0,0.0,784,16797,-0.0,162057.094,-114818.039,-0.0,0.133,6.909358625270745e+28,30.0,70.0,35,0.0,0.0,0.0,0.0,0.0,0.0,0.0,0.0,0.0,0.0,0.0,0.0,0.0,0.0,0.0,0.0,66.4,0,150,71,52,65476,0,300,0,0,8,20529,65476,0,0,44564,70.0,0.0,0.0,0.0,0.0,0.0
2026-09-10T21:23:09,ERR,ERR,ERR,ERR,ERR,ERR,ERR,ERR,ERR,ERR,ERR,ERR,ERR,ERR,ERR,ERR,ERR,ERR,ERR,ERR,ERR,ERR,ERR,ERR,ERR,ERR,ERR,ERR,ERR,ERR,ERR,ERR,ERR,ERR,ERR,ERR,ERR,ERR,ERR,ERR,ERR,ERR,ERR,ERR,ERR,ERR,ERR,ERR,ERR,ERR,ERR,ERR,ERR,ERR,ERR,ERR,ERR,ERR,ERR,ERR,ERR,ERR,ERR,ERR,ERR,ERR,ERR,ERR,ERR,ERR,ERR,ERR,ERR,ERR,ERR,ERR,ERR,ERR,ERR,ERR,ERR,ERR,ERR,ERR,ERR,ERR,ERR,ERR,ERR,ERR,ERR,ERR,ERR,ERR,ERR,ERR,ERR,ERR,ERR,ERR,ERR,ERR,ERR,ERR,ERR,ERR,ERR,ERR,ERR,ERR,ERR,ERR,ERR,ERR,ERR,ERR,ERR,ERR,ERR,ERR,ERR,ERR,ERR,ERR,ERR,0.0,0.0,2.6474835549302285e+23,0.0,0.0,1.3936040501711995e+18,7.805,0.0,0,0,4,0,7116,0.0,100,0.0,0.0,0.0,0.0,0.0,0,0,0,0,0.0,0,0,0,0,0,0,0,0,0,0,0,0,0,0,0,0,0,0,0,0,0,0,0,0,0,0,0,0,0,0,0,0,0,31,40,40,71,65476,0,300,0,0,8,21553,0.0,-107605600.0,0.0,0.0,0.0,0.0,0.0,0.0,0.0,0.0,0.0,0.0,0.0,0.0,0.0,0.0,0.0,0.0,0.0,0.0,0.0,0.0,-2.004,2.004,0.0,2.004,0.0,0.0,0.0,0.0,4495.0,0.0,6912.0,0.0,0.0,2.7184256974124493e+23,0.0,0.0,0.0,0.0,0.0,69,-126841143296.0,0.0,0.0,0.0,0.0,0.0,0.0,0.0,0.0,0,0,0,0.0,0.0,0.0,0.0,0.0,0.0,0.0,0.0,0.0,0.0,0.0,0.0,0.0,0.0,0.0,0.0,0,-107875648.0,69,0.0,138,0.0,-0.0,0,39322,17086,26215,17102,0,17082,0,0,0,70,68,100,2.7302399002429377e+23,82.3,-0.0,78.1,0.0,79.0,1,49,50,180,52429,39322,0,0,0.0,0.0,0.0,0.0,-0.0,67.0,0.0,162057.094,0.0,979,0,1008,0,0,0,953,0,1032,0,930,0,791,0,783,0,822,0,7520,0.032,1.3950350205742848e+20,0.0,0.0,784,16797,-0.0,162057.094,-114818.039,-0.0,0.133,6.909358625270745e+28,30.0,70.0,35,0.0,0.0,0.0,0.0,0.0,0.0,0.0,0.0,0.0,0.0,0.0,0.0,0.0,0.0,0.0,0.0,66.4,0,150,71,52,65476,0,300,0,0,8,20529,65476,0,0,44564,70.0,0.0,0.0,0.0,0.0,0.0
2026-09-10T21:23:10,ERR,ERR,ERR,ERR,ERR,ERR,ERR,ERR,ERR,ERR,ERR,ERR,ERR,ERR,ERR,ERR,ERR,ERR,ERR,ERR,ERR,ERR,ERR,ERR,ERR,ERR,ERR,ERR,ERR,ERR,ERR,ERR,ERR,ERR,ERR,ERR,ERR,ERR,ERR,ERR,ERR,ERR,ERR,ERR,ERR,ERR,ERR,ERR,ERR,ERR,ERR,ERR,ERR,ERR,ERR,ERR,ERR,ERR,ERR,ERR,ERR,ERR,ERR,ERR,ERR,ERR,ERR,ERR,ERR,ERR,ERR,ERR,ERR,ERR,ERR,ERR,ERR,ERR,ERR,ERR,ERR,ERR,ERR,ERR,ERR,ERR,ERR,ERR,ERR,ERR,ERR,ERR,ERR,ERR,ERR,ERR,ERR,ERR,ERR,ERR,ERR,ERR,ERR,ERR,ERR,ERR,ERR,ERR,ERR,ERR,ERR,ERR,ERR,ERR,ERR,ERR,ERR,ERR,ERR,ERR,ERR,ERR,ERR,ERR,ERR,0.0,0.0,2.6474835549302285e+23,0.0,0.0,1.3936040501711995e+18,7.805,0.0,0,0,4,0,7116,0.0,100,0.0,0.0,0.0,0.0,0.0,0,0,0,0,0.0,0,0,0,0,0,0,0,0,0,0,0,0,0,0,0,0,0,0,0,0,0,0,0,0,0,0,0,0,0,0,0,0,0,31,40,40,71,65476,0,300,0,0,8,21553,0.0,-107605600.0,0.0,0.0,0.0,0.0,0.0,0.0,0.0,0.0,0.0,0.0,0.0,0.0,0.0,0.0,0.0,0.0,0.0,0.0,0.0,0.0,-2.004,2.004,0.0,2.004,0.0,0.0,0.0,0.0,4495.0,0.0,6912.0,0.0,0.0,2.7184256974124493e+23,0.0,0.0,0.0,0.0,0.0,69,-126841143296.0,0.0,0.0,0.0,0.0,0.0,0.0,0.0,0.0,0,0,0,0.0,0.0,0.0,0.0,0.0,0.0,0.0,0.0,0.0,0.0,0.0,0.0,0.0,0.0,0.0,0.0,0,-107875648.0,69,0.0,138,0.0,-0.0,0,39322,17086,26215,17102,0,17082,0,0,0,70,68,100,2.7302399002429377e+23,82.3,-0.0,78.1,0.0,79.0,1,49,50,180,52429,39322,0,0,0.0,0.0,0.0,0.0,-0.0,67.0,0.0,162057.094,0.0,979,0,1008,0,0,0,953,0,1032,0,930,0,791,0,783,0,822,0,7520,0.032,1.400799628097319e+20,0.0,0.0,784,16797,-0.0,162057.094,-114818.039,-0.0,0.133,6.909358625270745e+28,30.0,70.0,35,0.0,0.0,0.0,0.0,0.0,0.0,0.0,0.0,0.0,0.0,0.0,0.0,0.0,0.0,0.0,0.0,66.0,0,150,71,52,65476,0,300,0,0,8,20529,65476,0,0,44564,70.0,0.0,0.0,0.0,0.0,0.0
2026-09-10T21:23:11,ERR,ERR,ERR,ERR,ERR,ERR,ERR,ERR,ERR,ERR,ERR,ERR,ERR,ERR,ERR,ERR,ERR,ERR,ERR,ERR,ERR,ERR,ERR,ERR,ERR,ERR,ERR,ERR,ERR,ERR,ERR,ERR,ERR,ERR,ERR,ERR,ERR,ERR,ERR,ERR,ERR,ERR,ERR,ERR,ERR,ERR,ERR,ERR,ERR,ERR,ERR,ERR,ERR,ERR,ERR,ERR,ERR,ERR,ERR,ERR,ERR,ERR,ERR,ERR,ERR,ERR,ERR,ERR,ERR,ERR,ERR,ERR,ERR,ERR,ERR,ERR,ERR,ERR,ERR,ERR,ERR,ERR,ERR,ERR,ERR,ERR,ERR,ERR,ERR,ERR,ERR,ERR,ERR,ERR,ERR,ERR,ERR,ERR,ERR,ERR,ERR,ERR,ERR,ERR,ERR,ERR,ERR,ERR,ERR,ERR,ERR,ERR,ERR,ERR,ERR,ERR,ERR,ERR,ERR,ERR,ERR,ERR,ERR,ERR,ERR,0.0,0.0,2.6474835549302285e+23,0.0,0.0,1.3936040501711995e+18,7.805,0.0,0,0,4,0,7116,0.0,100,0.0,0.0,0.0,0.0,0.0,0,0,0,0,0.0,0,0,0,0,0,0,0,0,0,0,0,0,0,0,0,0,0,0,0,0,0,0,0,0,0,0,0,0,0,0,0,0,0,31,40,40,71,65476,0,300,0,0,8,21553,0.0,-107605600.0,0.0,0.0,0.0,0.0,0.0,0.0,0.0,0.0,0.0,0.0,0.0,0.0,0.0,0.0,0.0,0.0,0.0,0.0,0.0,0.0,-2.004,2.004,0.0,2.004,0.0,0.0,0.0,0.0,4495.0,0.0,6912.0,0.0,0.0,2.7184256974124493e+23,0.0,0.0,0.0,0.0,0.0,69,-126841143296.0,0.0,0.0,0.0,0.0,0.0,0.0,0.0,0.0,0,0,0,0.0,0.0,0.0,0.0,0.0,0.0,0.0,0.0,0.0,0.0,0.0,0.0,0.0,0.0,0.0,0.0,0,-107875648.0,69,0.0,138,0.0,-0.0,0,39322,17086,26215,17102,0,17082,0,0,0,70,68,100,2.7302399002429377e+23,82.3,-0.0,78.1,0.0,79.0,1,49,50,180,52429,39322,0,0,0.0,0.0,0.0,0.0,-0.0,67.0,0.0,162057.094,0.0,979,0,1008,0,0,0,953,0,1032,0,930,0,791,0,783,0,822,0,7520,0.032,1.400799628097319e+20,0.0,0.0,784,16797,-0.0,162057.094,-114818.039,-0.0,0.133,6.909358625270745e+28,30.0,70.0,35,0.0,0.0,0.0,0.0,0.0,0.0,0.0,0.0,0.0,0.0,0.0,0.0,0.0,0.0,0.0,0.0,66.0,0,150,71,52,65476,0,300,0,0,8,20529,65476,0,0,44564,70.0,0.0,0.0,0.0,0.0,0.0
2026-09-10T21:23:12,ERR,ERR,ERR,ERR,ERR,ERR,ERR,ERR,ERR,ERR,ERR,ERR,ERR,ERR,ERR,ERR,ERR,ERR,ERR,ERR,ERR,ERR,ERR,ERR,ERR,ERR,ERR,ERR,ERR,ERR,ERR,ERR,ERR,ERR,ERR,ERR,ERR,ERR,ERR,ERR,ERR,ERR,ERR,ERR,ERR,ERR,ERR,ERR,ERR,ERR,ERR,ERR,ERR,ERR,ERR,ERR,ERR,ERR,ERR,ERR,ERR,ERR,ERR,ERR,ERR,ERR,ERR,ERR,ERR,ERR,ERR,ERR,ERR,ERR,ERR,ERR,ERR,ERR,ERR,ERR,ERR,ERR,ERR,ERR,ERR,ERR,ERR,ERR,ERR,ERR,ERR,ERR,ERR,ERR,ERR,ERR,ERR,ERR,ERR,ERR,ERR,ERR,ERR,ERR,ERR,ERR,ERR,ERR,ERR,ERR,ERR,ERR,ERR,ERR,ERR,ERR,ERR,ERR,ERR,ERR,ERR,ERR,ERR,ERR,ERR,0.0,0.0,2.6474835549302285e+23,0.0,0.0,1.3936040501711995e+18,7.805,0.0,0,0,4,0,7116,0.0,100,0.0,0.0,0.0,0.0,0.0,0,0,0,0,0.0,0,0,0,0,0,0,0,0,0,0,0,0,0,0,0,0,0,0,0,0,0,0,0,0,0,0,0,0,0,0,0,0,0,31,40,40,71,65476,0,300,0,0,8,21553,0.0,-107605600.0,0.0,0.0,0.0,0.0,0.0,0.0,0.0,0.0,0.0,0.0,0.0,0.0,0.0,0.0,0.0,0.0,0.0,0.0,0.0,0.0,-2.004,2.004,0.0,2.004,0.0,0.0,0.0,0.0,4487.0,0.0,6917.0,0.0,0.0,2.7184256974124493e+23,0.0,0.0,0.0,0.0,0.0,69,-0.0,2.718413627765448e+23,0.0,0.0,0.0,0.0,0.0,0.0,0.0,0,0,0,0.0,0.0,0.0,0.0,0.0,0.0,0.0,0.0,0.0,0.0,0.0,0.0,0.0,0.0,0.0,0.0,0,-107875648.0,69,0.0,138,0.0,-0.0,0,39322,17086,26215,17102,0,17082,0,0,0,70,68,100,2.7302399002429377e+23,82.3,-0.0,78.1,0.0,79.0,1,49,50,180,52429,39322,0,0,0.0,0.0,0.0,0.0,-0.0,67.0,0.0,162057.094,0.0,979,0,1008,0,0,0,953,0,1032,0,930,0,791,0,783,0,822,0,7520,0.032,1.400799628097319e+20,0.0,0.0,784,16797,-0.0,162057.094,-114818.039,-0.0,0.133,6.909358625270745e+28,30.0,70.0,35,0.0,0.0,0.0,0.0,0.0,0.0,0.0,0.0,0.0,0.0,0.0,0.0,0.0,0.0,0.0,0.0,66.4,0,150,71,52,65476,0,300,0,0,8,20529,65476,0,0,44564,70.0,0.0,0.0,0.0,0.0,0.0
2026-09-10T21:23:13,ERR,ERR,ERR,ERR,ERR,ERR,ERR,ERR,ERR,ERR,ERR,ERR,ERR,ERR,ERR,ERR,ERR,ERR,ERR,ERR,ERR,ERR,ERR,ERR,ERR,ERR,ERR,ERR,ERR,ERR,ERR,ERR,ERR,ERR,ERR,ERR,ERR,ERR,ERR,ERR,ERR,ERR,ERR,ERR,ERR,ERR,ERR,ERR,ERR,ERR,ERR,ERR,ERR,ERR,ERR,ERR,ERR,ERR,ERR,ERR,ERR,ERR,ERR,ERR,ERR,ERR,ERR,ERR,ERR,ERR,ERR,ERR,ERR,ERR,ERR,ERR,ERR,ERR,ERR,ERR,ERR,ERR,ERR,ERR,ERR,ERR,ERR,ERR,ERR,ERR,ERR,ERR,ERR,ERR,ERR,ERR,ERR,ERR,ERR,ERR,ERR,ERR,ERR,ERR,ERR,ERR,ERR,ERR,ERR,ERR,ERR,ERR,ERR,ERR,ERR,ERR,ERR,ERR,ERR,ERR,ERR,ERR,ERR,ERR,ERR,0.0,0.0,2.6474835549302285e+23,0.0,0.0,1.3936040501711995e+18,7.805,0.0,0,0,4,0,7116,0.0,100,0.0,0.0,0.0,0.0,0.0,0,0,0,0,0.0,0,0,0,0,0,0,0,0,0,0,0,0,0,0,0,0,0,0,0,0,0,0,0,0,0,0,0,0,0,0,0,0,0,31,40,40,71,65476,0,300,0,0,8,21553,0.0,-107605600.0,0.0,0.0,0.0,0.0,0.0,0.0,0.0,0.0,0.0,0.0,0.0,0.0,0.0,0.0,0.0,0.0,0.0,0.0,0.0,0.0,-2.004,2.004,0.0,2.004,0.0,0.0,0.0,0.0,4487.0,0.0,6917.0,0.0,0.0,2.7184256974124493e+23,0.0,0.0,0.0,0.0,0.0,69,-0.0,2.718413627765448e+23,0.0,0.0,0.0,0.0,0.0,0.0,0.0,0,0,0,0.0,0.0,0.0,0.0,0.0,0.0,0.0,0.0,0.0,0.0,0.0,0.0,0.0,0.0,0.0,0.0,0,-107875648.0,69,0.0,138,0.0,-0.0,0,39322,17086,26215,17102,0,17082,0,0,0,70,68,100,2.7302399002429377e+23,82.3,-0.0,78.1,0.0,79.0,1,49,50,180,52429,39322,0,0,0.0,0.0,0.0,0.0,-0.0,67.0,0.0,162057.094,0.0,979,0,1008,0,0,0,953,0,1032,0,930,0,791,0,783,0,822,0,7520,0.032,1.400799628097319e+20,0.0,0.0,784,16797,-0.0,162057.094,-114818.039,-0.0,0.133,6.909358625270745e+28,30.0,70.0,35,0.0,0.0,0.0,0.0,0.0,0.0,0.0,0.0,0.0,0.0,0.0,0.0,0.0,0.0,0.0,0.0,66.4,0,150,71,52,65476,0,300,0,0,8,20529,65476,0,0,44564,70.0,0.0,0.0,0.0,0.0,0.0
2026-09-10T21:23:14,ERR,ERR,ERR,ERR,ERR,ERR,ERR,ERR,ERR,ERR,ERR,ERR,ERR,ERR,ERR,ERR,ERR,ERR,ERR,ERR,ERR,ERR,ERR,ERR,ERR,ERR,ERR,ERR,ERR,ERR,ERR,ERR,ERR,ERR,ERR,ERR,ERR,ERR,ERR,ERR,ERR,ERR,ERR,ERR,ERR,ERR,ERR,ERR,ERR,ERR,ERR,ERR,ERR,ERR,ERR,ERR,ERR,ERR,ERR,ERR,ERR,ERR,ERR,ERR,ERR,ERR,ERR,ERR,ERR,ERR,ERR,ERR,ERR,ERR,ERR,ERR,ERR,ERR,ERR,ERR,ERR,ERR,ERR,ERR,ERR,ERR,ERR,ERR,ERR,ERR,ERR,ERR,ERR,ERR,ERR,ERR,ERR,ERR,ERR,ERR,ERR,ERR,ERR,ERR,ERR,ERR,ERR,ERR,ERR,ERR,ERR,ERR,ERR,ERR,ERR,ERR,ERR,ERR,ERR,ERR,ERR,ERR,ERR,ERR,ERR,0.0,0.0,2.6474835549302285e+23,0.0,0.0,1.3936040501711995e+18,7.805,0.0,0,0,4,0,7116,0.0,100,0.0,0.0,0.0,0.0,0.0,0,0,0,0,0.0,0,0,0,0,0,0,0,0,0,0,0,0,0,0,0,0,0,0,0,0,0,0,0,0,0,0,0,0,0,0,0,0,0,31,40,40,71,65476,0,300,0,0,8,21553,0.0,-107605600.0,0.0,0.0,0.0,0.0,0.0,0.0,0.0,0.0,0.0,0.0,0.0,0.0,0.0,0.0,0.0,0.0,0.0,0.0,0.0,0.0,-2.004,2.004,0.0,2.004,0.0,0.0,0.0,0.0,4487.0,0.0,6917.0,0.0,0.0,2.7184256974124493e+23,0.0,0.0,0.0,0.0,0.0,69,-0.0,2.718413627765448e+23,0.0,0.0,0.0,0.0,0.0,0.0,0.0,0,0,0,0.0,0.0,0.0,0.0,0.0,0.0,0.0,0.0,0.0,0.0,0.0,0.0,0.0,0.0,0.0,0.0,0,-107875648.0,69,0.0,138,0.0,-0.0,0,39322,17086,26215,17102,0,17082,0,0,0,70,68,100,2.7302399002429377e+23,82.3,-0.0,78.1,0.0,79.0,1,49,50,180,52429,39322,0,0,0.0,0.0,0.0,0.0,-0.0,67.0,0.0,162057.094,0.0,979,0,1008,0,0,0,953,0,1032,0,930,0,791,0,783,0,822,0,7520,0.032,1.400799628097319e+20,0.0,0.0,784,16797,-0.0,162057.094,-114818.039,-0.0,0.133,6.909358625270745e+28,30.0,70.0,35,0.0,0.0,0.0,0.0,0.0,0.0,0.0,0.0,0.0,0.0,0.0,0.0,0.0,0.0,0.0,0.0,66.4,0,150,71,52,65476,0,300,0,0,8,20529,65476,0,0,44564,70.0,0.0,0.0,0.0,0.0,0.0
2026-09-10T21:23:15,ERR,ERR,ERR,ERR,ERR,ERR,ERR,ERR,ERR,ERR,ERR,ERR,ERR,ERR,ERR,ERR,ERR,ERR,ERR,ERR,ERR,ERR,ERR,ERR,ERR,ERR,ERR,ERR,ERR,ERR,ERR,ERR,ERR,ERR,ERR,ERR,ERR,ERR,ERR,ERR,ERR,ERR,ERR,ERR,ERR,ERR,ERR,ERR,ERR,ERR,ERR,ERR,ERR,ERR,ERR,ERR,ERR,ERR,ERR,ERR,ERR,ERR,ERR,ERR,ERR,ERR,ERR,ERR,ERR,ERR,ERR,ERR,ERR,ERR,ERR,ERR,ERR,ERR,ERR,ERR,ERR,ERR,ERR,ERR,ERR,ERR,ERR,ERR,ERR,ERR,ERR,ERR,ERR,ERR,ERR,ERR,ERR,ERR,ERR,ERR,ERR,ERR,ERR,ERR,ERR,ERR,ERR,ERR,ERR,ERR,ERR,ERR,ERR,ERR,ERR,ERR,ERR,ERR,ERR,ERR,ERR,ERR,ERR,ERR,ERR,0.0,0.0,2.6474835549302285e+23,0.0,0.0,1.3936040501711995e+18,7.805,0.0,0,0,4,0,7116,0.0,100,0.0,0.0,0.0,0.0,0.0,0,0,0,0,0.0,0,0,0,0,0,0,0,0,0,0,0,0,0,0,0,0,0,0,0,0,0,0,0,0,0,0,0,0,0,0,0,0,0,31,40,40,71,65476,0,300,0,0,8,21553,0.0,-107605600.0,0.0,0.0,0.0,0.0,0.0,0.0,0.0,0.0,0.0,0.0,0.0,0.0,0.0,0.0,0.0,0.0,0.0,0.0,0.0,0.0,-2.004,2.004,0.0,2.004,0.0,0.0,0.0,0.0,4487.0,0.0,6917.0,0.0,0.0,2.7184256974124493e+23,0.0,0.0,0.0,0.0,0.0,69,-0.0,2.718413627765448e+23,0.0,0.0,0.0,0.0,0.0,0.0,0.0,0,0,0,0.0,0.0,0.0,0.0,0.0,0.0,0.0,0.0,0.0,0.0,0.0,0.0,0.0,0.0,0.0,0.0,0,-107875648.0,69,0.0,138,0.0,-0.0,0,39322,17086,26215,17102,0,17082,0,0,0,70,68,100,2.7302399002429377e+23,82.3,-0.0,78.1,0.0,79.0,1,49,50,180,52429,39322,0,0,0.0,0.0,0.0,0.0,-0.0,67.0,0.0,162057.094,0.0,979,0,1008,0,0,0,953,0,1032,0,930,0,791,0,783,0,822,0,7520,0.032,1.400799628097319e+20,0.0,0.0,784,16797,-0.0,162057.094,-114818.039,-0.0,0.133,6.909358625270745e+28,30.0,70.0,35,0.0,0.0,0.0,0.0,0.0,0.0,0.0,0.0,0.0,0.0,0.0,0.0,0.0,0.0,0.0,0.0,66.4,0,150,71,52,65476,0,300,0,0,8,20529,65476,0,0,44564,70.0,0.0,0.0,0.0,0.0,0.0
2026-09-10T21:23:16,ERR,ERR,ERR,ERR,ERR,ERR,ERR,ERR,ERR,ERR,ERR,ERR,ERR,ERR,ERR,ERR,ERR,ERR,ERR,ERR,ERR,ERR,ERR,ERR,ERR,ERR,ERR,ERR,ERR,ERR,ERR,ERR,ERR,ERR,ERR,ERR,ERR,ERR,ERR,ERR,ERR,ERR,ERR,ERR,ERR,ERR,ERR,ERR,ERR,ERR,ERR,ERR,ERR,ERR,ERR,ERR,ERR,ERR,ERR,ERR,ERR,ERR,ERR,ERR,ERR,ERR,ERR,ERR,ERR,ERR,ERR,ERR,ERR,ERR,ERR,ERR,ERR,ERR,ERR,ERR,ERR,ERR,ERR,ERR,ERR,ERR,ERR,ERR,ERR,ERR,ERR,ERR,ERR,ERR,ERR,ERR,ERR,ERR,ERR,ERR,ERR,ERR,ERR,ERR,ERR,ERR,ERR,ERR,ERR,ERR,ERR,ERR,ERR,ERR,ERR,ERR,ERR,ERR,ERR,ERR,ERR,ERR,ERR,ERR,ERR,0.0,0.0,2.6474835549302285e+23,0.0,0.0,1.3936040501711995e+18,7.805,0.0,0,0,4,0,7116,0.0,100,0.0,0.0,0.0,0.0,0.0,0,0,0,0,0.0,0,0,0,0,0,0,0,0,0,0,0,0,0,0,0,0,0,0,0,0,0,0,0,0,0,0,0,0,0,0,0,0,0,31,40,40,71,65476,0,300,0,0,8,21553,0.0,-107605600.0,0.0,0.0,0.0,0.0,0.0,0.0,0.0,0.0,0.0,0.0,0.0,0.0,0.0,0.0,0.0,0.0,0.0,0.0,0.0,0.0,-2.004,2.004,0.0,2.004,0.0,0.0,0.0,0.0,4487.0,0.0,6917.0,0.0,0.0,2.7184256974124493e+23,0.0,0.0,0.0,0.0,0.0,69,-0.0,2.718413627765448e+23,0.0,0.0,0.0,0.0,0.0,0.0,0.0,0,0,0,0.0,0.0,0.0,0.0,0.0,0.0,0.0,0.0,0.0,0.0,0.0,0.0,0.0,0.0,0.0,0.0,0,-107875648.0,69,0.0,138,0.0,-0.0,0,39322,17086,26215,17102,0,17082,0,0,0,70,68,100,2.7302399002429377e+23,82.3,-0.0,78.1,0.0,79.0,1,49,50,180,52429,39322,0,0,0.0,0.0,0.0,0.0,-0.0,67.0,0.0,162057.094,0.0,979,0,1008,0,0,0,953,0,1032,0,930,0,791,0,783,0,822,0,7520,0.032,1.400799628097319e+20,0.0,0.0,784,16797,-0.0,162057.094,-114818.039,-0.0,0.133,6.909358625270745e+28,30.0,70.0,35,0.0,0.0,0.0,0.0,0.0,0.0,0.0,0.0,0.0,0.0,0.0,0.0,0.0,0.0,0.0,0.0,66.4,0,150,71,52,65476,0,300,0,0,8,20529,65476,0,0,44564,70.0,0.0,0.0,0.0,0.0,0.0
2026-09-10T21:23:17,ERR,ERR,ERR,ERR,ERR,ERR,ERR,ERR,ERR,ERR,ERR,ERR,ERR,ERR,ERR,ERR,ERR,ERR,ERR,ERR,ERR,ERR,ERR,ERR,ERR,ERR,ERR,ERR,ERR,ERR,ERR,ERR,ERR,ERR,ERR,ERR,ERR,ERR,ERR,ERR,ERR,ERR,ERR,ERR,ERR,ERR,ERR,ERR,ERR,ERR,ERR,ERR,ERR,ERR,ERR,ERR,ERR,ERR,ERR,ERR,ERR,ERR,ERR,ERR,ERR,ERR,ERR,ERR,ERR,ERR,ERR,ERR,ERR,ERR,ERR,ERR,ERR,ERR,ERR,ERR,ERR,ERR,ERR,ERR,ERR,ERR,ERR,ERR,ERR,ERR,ERR,ERR,ERR,ERR,ERR,ERR,ERR,ERR,ERR,ERR,ERR,ERR,ERR,ERR,ERR,ERR,ERR,ERR,ERR,ERR,ERR,ERR,ERR,ERR,ERR,ERR,ERR,ERR,ERR,ERR,ERR,ERR,ERR,ERR,ERR,0.0,0.0,2.6474835549302285e+23,0.0,0.0,1.3936040501711995e+18,7.805,0.0,0,0,4,0,7116,0.0,100,0.0,0.0,0.0,0.0,0.0,0,0,0,0,0.0,0,0,0,0,0,0,0,0,0,0,0,0,0,0,0,0,0,0,0,0,0,0,0,0,0,0,0,0,0,0,0,0,0,31,40,40,71,65476,0,300,0,0,8,21553,0.0,-107605600.0,0.0,0.0,0.0,0.0,0.0,0.0,0.0,0.0,0.0,0.0,0.0,0.0,0.0,0.0,0.0,0.0,0.0,0.0,0.0,0.0,-2.004,2.004,0.0,2.004,0.0,0.0,0.0,0.0,4487.0,0.0,6917.0,0.0,0.0,2.7184256974124493e+23,0.0,0.0,0.0,0.0,0.0,69,-0.0,2.718413627765448e+23,0.0,0.0,0.0,0.0,0.0,0.0,0.0,0,0,0,0.0,0.0,0.0,0.0,0.0,0.0,0.0,0.0,0.0,0.0,0.0,0.0,0.0,0.0,0.0,0.0,0,-107875648.0,69,0.0,138,0.0,-0.0,0,39322,17086,26215,17102,0,17082,0,0,0,70,68,100,2.7302399002429377e+23,82.3,-0.0,78.1,0.0,79.0,1,49,50,180,52429,39322,0,0,0.0,0.0,0.0,0.0,-0.0,67.0,0.0,162057.094,0.0,979,0,1008,0,0,0,953,0,1032,0,930,0,791,0,783,0,822,0,7520,0.032,1.400799628097319e+20,0.0,0.0,784,16797,-0.0,162057.094,-114818.039,-0.0,0.133,6.909358625270745e+28,30.0,70.0,35,0.0,0.0,0.0,0.0,0.0,0.0,0.0,0.0,0.0,0.0,0.0,0.0,0.0,0.0,0.0,0.0,66.4,0,150,71,52,65476,0,300,0,0,8,20529,65476,0,0,44564,70.0,0.0,0.0,0.0,0.0,0.0
2026-09-10T21:23:18,ERR,ERR,ERR,ERR,ERR,ERR,ERR,ERR,ERR,ERR,ERR,ERR,ERR,ERR,ERR,ERR,ERR,ERR,ERR,ERR,ERR,ERR,ERR,ERR,ERR,ERR,ERR,ERR,ERR,ERR,ERR,ERR,ERR,ERR,ERR,ERR,ERR,ERR,ERR,ERR,ERR,ERR,ERR,ERR,ERR,ERR,ERR,ERR,ERR,ERR,ERR,ERR,ERR,ERR,ERR,ERR,ERR,ERR,ERR,ERR,ERR,ERR,ERR,ERR,ERR,ERR,ERR,ERR,ERR,ERR,ERR,ERR,ERR,ERR,ERR,ERR,ERR,ERR,ERR,ERR,ERR,ERR,ERR,ERR,ERR,ERR,ERR,ERR,ERR,ERR,ERR,ERR,ERR,ERR,ERR,ERR,ERR,ERR,ERR,ERR,ERR,ERR,ERR,ERR,ERR,ERR,ERR,ERR,ERR,ERR,ERR,ERR,ERR,ERR,ERR,ERR,ERR,ERR,ERR,ERR,ERR,ERR,ERR,ERR,ERR,0.0,0.0,2.6474835549302285e+23,0.0,0.0,1.3936040501711995e+18,7.805,0.0,0,0,4,0,7116,0.0,100,0.0,0.0,0.0,0.0,0.0,0,0,0,0,0.0,0,0,0,0,0,0,0,0,0,0,0,0,0,0,0,0,0,0,0,0,0,0,0,0,0,0,0,0,0,0,0,0,0,31,40,40,71,65476,0,300,0,0,8,21553,0.0,-107605600.0,0.0,0.0,0.0,0.0,0.0,0.0,0.0,0.0,0.0,0.0,0.0,0.0,0.0,0.0,0.0,0.0,0.0,0.0,0.0,0.0,-2.004,2.004,0.0,2.004,0.0,0.0,0.0,0.0,4496.0,0.0,6914.0,0.0,0.0,2.7184256974124493e+23,0.0,0.0,0.0,0.0,0.0,69,-2.3088410695593833e+20,89220.398,0.0,0.0,0.0,0.0,0.0,0.0,0.0,0,0,0,0.0,0.0,0.0,0.0,0.0,0.0,0.0,0.0,0.0,0.0,0.0,0.0,0.0,0.0,0.0,0.0,0,-107875648.0,69,0.0,138,0.0,-0.0,0,39322,17086,26215,17102,0,17082,0,0,0,70,68,100,2.7302399002429377e+23,82.3,-0.0,78.1,0.0,79.0,1,49,50,180,52429,39322,0,0,0.0,0.0,0.0,0.0,-0.0,67.0,0.0,162057.094,0.0,979,0,1008,0,0,0,953,0,1032,0,930,0,791,0,783,0,822,0,7520,0.032,1.400799628097319e+20,0.0,0.0,784,16797,-0.0,162057.094,-114818.039,-0.0,0.133,6.909358625270745e+28,30.0,70.0,35,0.0,0.0,0.0,0.0,0.0,0.0,0.0,0.0,0.0,0.0,0.0,0.0,0.0,0.0,0.0,0.0,66.4,0,150,71,52,65476,0,300,0,0,8,20529,65476,0,0,44564,70.0,0.0,0.0,0.0,0.0,0.0
2026-09-10T21:23:19,ERR,ERR,ERR,ERR,ERR,ERR,ERR,ERR,ERR,ERR,ERR,ERR,ERR,ERR,ERR,ERR,ERR,ERR,ERR,ERR,ERR,ERR,ERR,ERR,ERR,ERR,ERR,ERR,ERR,ERR,ERR,ERR,ERR,ERR,ERR,ERR,ERR,ERR,ERR,ERR,ERR,ERR,ERR,ERR,ERR,ERR,ERR,ERR,ERR,ERR,ERR,ERR,ERR,ERR,ERR,ERR,ERR,ERR,ERR,ERR,ERR,ERR,ERR,ERR,ERR,ERR,ERR,ERR,ERR,ERR,ERR,ERR,ERR,ERR,ERR,ERR,ERR,ERR,ERR,ERR,ERR,ERR,ERR,ERR,ERR,ERR,ERR,ERR,ERR,ERR,ERR,ERR,ERR,ERR,ERR,ERR,ERR,ERR,ERR,ERR,ERR,ERR,ERR,ERR,ERR,ERR,ERR,ERR,ERR,ERR,ERR,ERR,ERR,ERR,ERR,ERR,ERR,ERR,ERR,ERR,ERR,ERR,ERR,ERR,ERR,0.0,0.0,2.6474835549302285e+23,0.0,0.0,1.3936040501711995e+18,7.805,0.0,0,0,4,0,7116,0.0,100,0.0,0.0,0.0,0.0,0.0,0,0,0,0,0.0,0,0,0,0,0,0,0,0,0,0,0,0,0,0,0,0,0,0,0,0,0,0,0,0,0,0,0,0,0,0,0,0,0,31,40,40,71,65476,0,300,0,0,8,21553,0.0,-107605600.0,0.0,0.0,0.0,0.0,0.0,0.0,0.0,0.0,0.0,0.0,0.0,0.0,0.0,0.0,0.0,0.0,0.0,0.0,0.0,0.0,-2.004,2.004,0.0,2.004,0.0,0.0,0.0,0.0,4496.0,0.0,6914.0,0.0,0.0,2.7184256974124493e+23,0.0,0.0,0.0,0.0,0.0,69,-2.3088410695593833e+20,89220.398,0.0,0.0,0.0,0.0,0.0,0.0,0.0,0,0,0,0.0,0.0,0.0,0.0,0.0,0.0,0.0,0.0,0.0,0.0,0.0,0.0,0.0,0.0,0.0,0.0,0,-107875648.0,69,0.0,138,0.0,-0.0,0,39322,17086,26215,17102,0,17082,0,0,0,70,68,100,2.7302399002429377e+23,82.3,-0.0,78.1,0.0,79.0,1,49,50,180,39322,39322,0,0,0.0,0.0,0.0,0.0,-0.0,67.0,0.0,162057.094,0.0,979,0,1008,0,0,0,953,0,1032,0,930,0,791,0,783,0,822,0,7520,0.032,1.400799628097319e+20,0.0,0.0,784,16797,-0.0,162057.094,-114818.039,-0.0,0.133,6.909358625270745e+28,30.0,70.0,35,0.0,0.0,0.0,0.0,0.0,0.0,0.0,0.0,0.0,0.0,0.0,0.0,0.0,0.0,0.0,0.0,66.4,0,150,71,52,65476,0,300,0,0,8,20529,65476,0,0,44564,70.0,0.0,0.0,0.0,0.0,0.0
2026-09-10T21:23:20,ERR,ERR,ERR,ERR,ERR,ERR,ERR,ERR,ERR,ERR,ERR,ERR,ERR,ERR,ERR,ERR,ERR,ERR,ERR,ERR,ERR,ERR,ERR,ERR,ERR,ERR,ERR,ERR,ERR,ERR,ERR,ERR,ERR,ERR,ERR,ERR,ERR,ERR,ERR,ERR,ERR,ERR,ERR,ERR,ERR,ERR,ERR,ERR,ERR,ERR,ERR,ERR,ERR,ERR,ERR,ERR,ERR,ERR,ERR,ERR,ERR,ERR,ERR,ERR,ERR,ERR,ERR,ERR,ERR,ERR,ERR,ERR,ERR,ERR,ERR,ERR,ERR,ERR,ERR,ERR,ERR,ERR,ERR,ERR,ERR,ERR,ERR,ERR,ERR,ERR,ERR,ERR,ERR,ERR,ERR,ERR,ERR,ERR,ERR,ERR,ERR,ERR,ERR,ERR,ERR,ERR,ERR,ERR,ERR,ERR,ERR,ERR,ERR,ERR,ERR,ERR,ERR,ERR,ERR,ERR,ERR,ERR,ERR,ERR,ERR,0.0,0.0,2.6474835549302285e+23,0.0,0.0,1.3936040501711995e+18,7.805,0.0,0,0,4,0,7116,0.0,100,0.0,0.0,0.0,0.0,0.0,0,0,0,0,0.0,0,0,0,0,0,0,0,0,0,0,0,0,0,0,0,0,0,0,0,0,0,0,0,0,0,0,0,0,0,0,0,0,0,31,40,40,71,65476,0,300,0,0,8,21553,0.0,-107605600.0,0.0,0.0,0.0,0.0,0.0,0.0,0.0,0.0,0.0,0.0,0.0,0.0,0.0,0.0,0.0,0.0,0.0,0.0,0.0,0.0,-2.004,2.004,0.0,2.004,0.0,0.0,0.0,0.0,4496.0,0.0,6914.0,0.0,0.0,2.7184256974124493e+23,0.0,0.0,0.0,0.0,0.0,69,-2.3088410695593833e+20,89220.398,0.0,0.0,0.0,0.0,0.0,0.0,0.0,0,0,0,0.0,0.0,0.0,0.0,0.0,0.0,0.0,0.0,0.0,0.0,0.0,0.0,0.0,0.0,0.0,0.0,0,-107875648.0,69,0.0,138,0.0,-0.0,0,39322,17086,26215,17102,0,17082,0,0,0,70,68,100,2.7302399002429377e+23,82.3,-0.0,78.1,0.0,79.0,1,49,50,180,39322,39322,0,0,0.0,0.0,0.0,0.0,-0.0,67.0,0.0,162057.094,0.0,979,0,1008,0,0,0,953,0,1032,0,930,0,791,0,783,0,822,0,7520,0.032,1.400799628097319e+20,0.0,0.0,784,16797,-0.0,162057.094,-114818.039,-0.0,0.133,6.909358625270745e+28,30.0,70.0,35,0.0,0.0,0.0,0.0,0.0,0.0,0.0,0.0,0.0,0.0,0.0,0.0,0.0,0.0,0.0,0.0,66.4,0,150,71,52,65476,0,300,0,0,8,20529,65476,0,0,44564,70.0,0.0,0.0,0.0,0.0,0.0
2026-09-10T21:23:21,ERR,ERR,ERR,ERR,ERR,ERR,ERR,ERR,ERR,ERR,ERR,ERR,ERR,ERR,ERR,ERR,ERR,ERR,ERR,ERR,ERR,ERR,ERR,ERR,ERR,ERR,ERR,ERR,ERR,ERR,ERR,ERR,ERR,ERR,ERR,ERR,ERR,ERR,ERR,ERR,ERR,ERR,ERR,ERR,ERR,ERR,ERR,ERR,ERR,ERR,ERR,ERR,ERR,ERR,ERR,ERR,ERR,ERR,ERR,ERR,ERR,ERR,ERR,ERR,ERR,ERR,ERR,ERR,ERR,ERR,ERR,ERR,ERR,ERR,ERR,ERR,ERR,ERR,ERR,ERR,ERR,ERR,ERR,ERR,ERR,ERR,ERR,ERR,ERR,ERR,ERR,ERR,ERR,ERR,ERR,ERR,ERR,ERR,ERR,ERR,ERR,ERR,ERR,ERR,ERR,ERR,ERR,ERR,ERR,ERR,ERR,ERR,ERR,ERR,ERR,ERR,ERR,ERR,ERR,ERR,ERR,ERR,ERR,ERR,ERR,0.0,0.0,2.6474835549302285e+23,0.0,0.0,1.3936040501711995e+18,7.805,0.0,0,0,4,0,7116,0.0,100,0.0,0.0,0.0,0.0,0.0,0,0,0,0,0.0,0,0,0,0,0,0,0,0,0,0,0,0,0,0,0,0,0,0,0,0,0,0,0,0,0,0,0,0,0,0,0,0,0,31,40,40,71,65476,0,300,0,0,8,21553,0.0,-107605600.0,0.0,0.0,0.0,0.0,0.0,0.0,0.0,0.0,0.0,0.0,0.0,0.0,0.0,0.0,0.0,0.0,0.0,0.0,0.0,0.0,-2.004,2.004,0.0,2.004,0.0,0.0,0.0,0.0,4496.0,0.0,6914.0,0.0,0.0,2.7184256974124493e+23,0.0,0.0,0.0,0.0,0.0,69,-2.3088410695593833e+20,89220.398,0.0,0.0,0.0,0.0,0.0,0.0,0.0,0,0,0,0.0,0.0,0.0,0.0,0.0,0.0,0.0,0.0,0.0,0.0,0.0,0.0,0.0,0.0,0.0,0.0,0,-107875648.0,69,0.0,138,0.0,-0.0,0,39322,17086,26215,17102,0,17082,0,0,0,70,68,100,2.7302399002429377e+23,82.3,-0.0,78.1,0.0,79.0,1,49,50,180,39322,39322,0,0,0.0,0.0,0.0,0.0,-0.0,67.0,0.0,162057.094,0.0,979,0,1008,0,0,0,953,0,1032,0,930,0,791,0,783,0,822,0,7520,0.032,1.400799628097319e+20,0.0,0.0,784,16797,-0.0,162057.094,-114818.039,-0.0,0.133,6.909358625270745e+28,30.0,70.0,35,0.0,0.0,0.0,0.0,0.0,0.0,0.0,0.0,0.0,0.0,0.0,0.0,0.0,0.0,0.0,0.0,66.4,0,150,71,52,65476,0,300,0,0,8,20529,65476,0,0,44564,70.0,0.0,0.0,0.0,0.0,0.0
2026-09-10T21:23:22,ERR,ERR,ERR,ERR,ERR,ERR,ERR,ERR,ERR,ERR,ERR,ERR,ERR,ERR,ERR,ERR,ERR,ERR,ERR,ERR,ERR,ERR,ERR,ERR,ERR,ERR,ERR,ERR,ERR,ERR,ERR,ERR,ERR,ERR,ERR,ERR,ERR,ERR,ERR,ERR,ERR,ERR,ERR,ERR,ERR,ERR,ERR,ERR,ERR,ERR,ERR,ERR,ERR,ERR,ERR,ERR,ERR,ERR,ERR,ERR,ERR,ERR,ERR,ERR,ERR,ERR,ERR,ERR,ERR,ERR,ERR,ERR,ERR,ERR,ERR,ERR,ERR,ERR,ERR,ERR,ERR,ERR,ERR,ERR,ERR,ERR,ERR,ERR,ERR,ERR,ERR,ERR,ERR,ERR,ERR,ERR,ERR,ERR,ERR,ERR,ERR,ERR,ERR,ERR,ERR,ERR,ERR,ERR,ERR,ERR,ERR,ERR,ERR,ERR,ERR,ERR,ERR,ERR,ERR,ERR,ERR,ERR,ERR,ERR,ERR,0.0,0.0,2.6474835549302285e+23,0.0,0.0,1.3936040501711995e+18,7.805,0.0,0,0,4,0,7116,0.0,100,0.0,0.0,0.0,0.0,0.0,0,0,0,0,0.0,0,0,0,0,0,0,0,0,0,0,0,0,0,0,0,0,0,0,0,0,0,0,0,0,0,0,0,0,0,0,0,0,0,31,40,40,71,65476,0,300,0,0,8,21553,0.0,-107605600.0,0.0,0.0,0.0,0.0,0.0,0.0,0.0,0.0,0.0,0.0,0.0,0.0,0.0,0.0,0.0,0.0,0.0,0.0,0.0,0.0,-2.004,2.004,0.0,2.004,0.0,0.0,0.0,0.0,4496.0,0.0,6914.0,0.0,0.0,2.7184256974124493e+23,0.0,0.0,0.0,0.0,0.0,69,-2.3088410695593833e+20,89220.398,0.0,0.0,0.0,0.0,0.0,0.0,0.0,0,0,0,0.0,0.0,0.0,0.0,0.0,0.0,0.0,0.0,0.0,0.0,0.0,0.0,0.0,0.0,0.0,0.0,0,-107875648.0,69,0.0,138,0.0,-0.0,0,39322,17086,26215,17102,0,17082,0,0,0,70,68,100,2.7302399002429377e+23,82.3,-0.0,78.1,0.0,79.0,1,49,50,180,39322,39322,0,0,0.0,0.0,0.0,0.0,-0.0,67.0,0.0,162057.094,0.0,979,0,1008,0,0,0,953,0,1032,0,930,0,791,0,783,0,822,0,7520,0.032,1.400799628097319e+20,0.0,0.0,784,16797,-0.0,162057.094,-114818.039,-0.0,0.133,6.909358625270745e+28,30.0,70.0,35,0.0,0.0,0.0,0.0,0.0,0.0,0.0,0.0,0.0,0.0,0.0,0.0,0.0,0.0,0.0,0.0,66.4,0,150,71,52,65476,0,300,0,0,8,20529,65476,0,0,44564,70.0,0.0,0.0,0.0,0.0,0.0
2026-09-10T21:23:23,ERR,ERR,ERR,ERR,ERR,ERR,ERR,ERR,ERR,ERR,ERR,ERR,ERR,ERR,ERR,ERR,ERR,ERR,ERR,ERR,ERR,ERR,ERR,ERR,ERR,ERR,ERR,ERR,ERR,ERR,ERR,ERR,ERR,ERR,ERR,ERR,ERR,ERR,ERR,ERR,ERR,ERR,ERR,ERR,ERR,ERR,ERR,ERR,ERR,ERR,ERR,ERR,ERR,ERR,ERR,ERR,ERR,ERR,ERR,ERR,ERR,ERR,ERR,ERR,ERR,ERR,ERR,ERR,ERR,ERR,ERR,ERR,ERR,ERR,ERR,ERR,ERR,ERR,ERR,ERR,ERR,ERR,ERR,ERR,ERR,ERR,ERR,ERR,ERR,ERR,ERR,ERR,ERR,ERR,ERR,ERR,ERR,ERR,ERR,ERR,ERR,ERR,ERR,ERR,ERR,ERR,ERR,ERR,ERR,ERR,ERR,ERR,ERR,ERR,ERR,ERR,ERR,ERR,ERR,ERR,ERR,ERR,ERR,ERR,ERR,0.0,0.0,2.6474835549302285e+23,0.0,0.0,1.3936040501711995e+18,7.805,0.0,0,0,4,0,7116,0.0,100,0.0,0.0,0.0,0.0,0.0,0,0,0,0,0.0,0,0,0,0,0,0,0,0,0,0,0,0,0,0,0,0,0,0,0,0,0,0,0,0,0,0,0,0,0,0,0,0,0,31,40,40,71,65476,0,300,0,0,8,21553,0.0,-107605600.0,0.0,0.0,0.0,0.0,0.0,0.0,0.0,0.0,0.0,0.0,0.0,0.0,0.0,0.0,0.0,0.0,0.0,0.0,0.0,0.0,-2.004,2.004,0.0,2.004,0.0,0.0,0.0,0.0,4496.0,0.0,6914.0,0.0,0.0,2.7184256974124493e+23,0.0,0.0,0.0,0.0,0.0,69,-2.3088410695593833e+20,89220.398,0.0,0.0,0.0,0.0,0.0,0.0,0.0,0,0,0,0.0,0.0,0.0,0.0,0.0,0.0,0.0,0.0,0.0,0.0,0.0,0.0,0.0,0.0,0.0,0.0,0,-107875648.0,69,0.0,138,0.0,-0.0,0,39322,17086,26215,17102,0,17082,0,0,0,70,68,100,2.7302399002429377e+23,82.3,-0.0,78.1,0.0,79.0,1,49,50,180,52429,39322,0,0,0.0,0.0,0.0,0.0,-0.0,67.0,0.0,162057.094,0.0,979,0,1008,0,0,0,953,0,1032,0,930,0,791,0,783,0,822,0,7520,0.032,1.4065642356203533e+20,0.0,0.0,784,16797,-0.0,162057.094,-114818.039,-0.0,0.133,6.909358625270745e+28,30.0,70.0,35,0.0,0.0,0.0,0.0,0.0,0.0,0.0,0.0,0.0,0.0,0.0,0.0,0.0,0.0,0.0,0.0,66.4,0,150,71,52,65476,0,300,0,0,8,20529,65476,0,0,44564,70.0,0.0,0.0,0.0,0.0,0.0
2026-09-10T21:23:24,ERR,ERR,ERR,ERR,ERR,ERR,ERR,ERR,ERR,ERR,ERR,ERR,ERR,ERR,ERR,ERR,ERR,ERR,ERR,ERR,ERR,ERR,ERR,ERR,ERR,ERR,ERR,ERR,ERR,ERR,ERR,ERR,ERR,ERR,ERR,ERR,ERR,ERR,ERR,ERR,ERR,ERR,ERR,ERR,ERR,ERR,ERR,ERR,ERR,ERR,ERR,ERR,ERR,ERR,ERR,ERR,ERR,ERR,ERR,ERR,ERR,ERR,ERR,ERR,ERR,ERR,ERR,ERR,ERR,ERR,ERR,ERR,ERR,ERR,ERR,ERR,ERR,ERR,ERR,ERR,ERR,ERR,ERR,ERR,ERR,ERR,ERR,ERR,ERR,ERR,ERR,ERR,ERR,ERR,ERR,ERR,ERR,ERR,ERR,ERR,ERR,ERR,ERR,ERR,ERR,ERR,ERR,ERR,ERR,ERR,ERR,ERR,ERR,ERR,ERR,ERR,ERR,ERR,ERR,ERR,ERR,ERR,ERR,ERR,ERR,0.0,0.0,2.6474835549302285e+23,0.0,0.0,1.3936040501711995e+18,7.805,0.0,0,0,4,0,7116,0.0,100,0.0,0.0,0.0,0.0,0.0,0,0,0,0,0.0,0,0,0,0,0,0,0,0,0,0,0,0,0,0,0,0,0,0,0,0,0,0,0,0,0,0,0,0,0,0,0,0,0,31,40,40,71,65476,0,300,0,0,8,21553,0.0,-107605600.0,0.0,0.0,0.0,0.0,0.0,0.0,0.0,0.0,0.0,0.0,0.0,0.0,0.0,0.0,0.0,0.0,0.0,0.0,0.0,0.0,-2.004,2.004,0.0,2.004,0.0,0.0,0.0,0.0,4494.0,0.0,6915.0,0.0,0.0,2.7184256974124493e+23,0.0,0.0,0.0,0.0,0.0,69,-107615376.0,126840365056.0,0.0,0.0,0.0,0.0,0.0,0.0,0.0,0,0,0,0.0,0.0,0.0,0.0,0.0,0.0,0.0,0.0,0.0,0.0,0.0,0.0,0.0,0.0,0.0,0.0,0,-107875648.0,69,0.0,138,0.0,-0.0,0,39322,17086,26215,17102,0,17082,0,0,0,70,68,100,2.7302399002429377e+23,82.3,-0.0,78.1,0.0,79.0,1,49,50,180,52429,39322,0,0,0.0,0.0,0.0,0.0,-0.0,67.0,0.0,162057.094,0.0,979,0,1008,0,0,0,953,0,1032,0,930,0,791,0,783,0,822,0,7520,0.032,1.4065642356203533e+20,0.0,0.0,784,16797,-0.0,162057.094,-114818.039,-0.0,0.133,6.909358625270745e+28,30.0,70.0,35,0.0,0.0,0.0,0.0,0.0,0.0,0.0,0.0,0.0,0.0,0.0,0.0,0.0,0.0,0.0,0.0,66.4,0,150,71,52,65476,0,300,0,0,8,20529,65476,0,0,44564,70.0,0.0,0.0,0.0,0.0,0.0
2026-09-10T21:23:25,ERR,ERR,ERR,ERR,ERR,ERR,ERR,ERR,ERR,ERR,ERR,ERR,ERR,ERR,ERR,ERR,ERR,ERR,ERR,ERR,ERR,ERR,ERR,ERR,ERR,ERR,ERR,ERR,ERR,ERR,ERR,ERR,ERR,ERR,ERR,ERR,ERR,ERR,ERR,ERR,ERR,ERR,ERR,ERR,ERR,ERR,ERR,ERR,ERR,ERR,ERR,ERR,ERR,ERR,ERR,ERR,ERR,ERR,ERR,ERR,ERR,ERR,ERR,ERR,ERR,ERR,ERR,ERR,ERR,ERR,ERR,ERR,ERR,ERR,ERR,ERR,ERR,ERR,ERR,ERR,ERR,ERR,ERR,ERR,ERR,ERR,ERR,ERR,ERR,ERR,ERR,ERR,ERR,ERR,ERR,ERR,ERR,ERR,ERR,ERR,ERR,ERR,ERR,ERR,ERR,ERR,ERR,ERR,ERR,ERR,ERR,ERR,ERR,ERR,ERR,ERR,ERR,ERR,ERR,ERR,ERR,ERR,ERR,ERR,ERR,0.0,0.0,2.6474835549302285e+23,0.0,0.0,1.3936040501711995e+18,7.805,0.0,0,0,4,0,7116,0.0,100,0.0,0.0,0.0,0.0,0.0,0,0,0,0,0.0,0,0,0,0,0,0,0,0,0,0,0,0,0,0,0,0,0,0,0,0,0,0,0,0,0,0,0,0,0,0,0,0,0,31,40,40,71,65476,0,300,0,0,8,21553,0.0,-107605600.0,0.0,0.0,0.0,0.0,0.0,0.0,0.0,0.0,0.0,0.0,0.0,0.0,0.0,0.0,0.0,0.0,0.0,0.0,0.0,0.0,-2.004,2.004,0.0,2.004,0.0,0.0,0.0,0.0,4494.0,0.0,6915.0,0.0,0.0,2.7184256974124493e+23,0.0,0.0,0.0,0.0,0.0,69,-107615376.0,126840365056.0,0.0,0.0,0.0,0.0,0.0,0.0,0.0,0,0,0,0.0,0.0,0.0,0.0,0.0,0.0,0.0,0.0,0.0,0.0,0.0,0.0,0.0,0.0,0.0,0.0,0,-107875648.0,69,0.0,138,0.0,-0.0,0,39322,17086,26215,17102,0,17082,0,0,0,70,68,100,2.7302399002429377e+23,82.3,-0.0,78.1,0.0,79.0,1,49,50,180,52429,39322,0,0,0.0,0.0,0.0,0.0,-0.0,67.0,0.0,162057.094,0.0,979,0,1008,0,0,0,953,0,1032,0,930,0,791,0,783,0,822,0,7520,0.032,1.4065642356203533e+20,0.0,0.0,784,16797,-0.0,162057.094,-114818.039,-0.0,0.133,6.909358625270745e+28,30.0,70.0,35,0.0,0.0,0.0,0.0,0.0,0.0,0.0,0.0,0.0,0.0,0.0,0.0,0.0,0.0,0.0,0.0,66.4,0,150,71,52,65476,0,300,0,0,8,20529,65476,0,0,44564,70.0,0.0,0.0,0.0,0.0,0.0
2026-09-10T21:23:26,ERR,ERR,ERR,ERR,ERR,ERR,ERR,ERR,ERR,ERR,ERR,ERR,ERR,ERR,ERR,ERR,ERR,ERR,ERR,ERR,ERR,ERR,ERR,ERR,ERR,ERR,ERR,ERR,ERR,ERR,ERR,ERR,ERR,ERR,ERR,ERR,ERR,ERR,ERR,ERR,ERR,ERR,ERR,ERR,ERR,ERR,ERR,ERR,ERR,ERR,ERR,ERR,ERR,ERR,ERR,ERR,ERR,ERR,ERR,ERR,ERR,ERR,ERR,ERR,ERR,ERR,ERR,ERR,ERR,ERR,ERR,ERR,ERR,ERR,ERR,ERR,ERR,ERR,ERR,ERR,ERR,ERR,ERR,ERR,ERR,ERR,ERR,ERR,ERR,ERR,ERR,ERR,ERR,ERR,ERR,ERR,ERR,ERR,ERR,ERR,ERR,ERR,ERR,ERR,ERR,ERR,ERR,ERR,ERR,ERR,ERR,ERR,ERR,ERR,ERR,ERR,ERR,ERR,ERR,ERR,ERR,ERR,ERR,ERR,ERR,0.0,0.0,2.6474835549302285e+23,0.0,0.0,1.3936040501711995e+18,7.805,0.0,0,0,4,0,7116,0.0,100,0.0,0.0,0.0,0.0,0.0,0,0,0,0,0.0,0,0,0,0,0,0,0,0,0,0,0,0,0,0,0,0,0,0,0,0,0,0,0,0,0,0,0,0,0,0,0,0,0,31,40,40,71,65476,0,300,0,0,8,21553,0.0,-107605600.0,0.0,0.0,0.0,0.0,0.0,0.0,0.0,0.0,0.0,0.0,0.0,0.0,0.0,0.0,0.0,0.0,0.0,0.0,0.0,0.0,-2.004,2.004,0.0,2.004,0.0,0.0,0.0,0.0,4494.0,0.0,6915.0,0.0,0.0,2.7184256974124493e+23,0.0,0.0,0.0,0.0,0.0,69,-107615376.0,126840365056.0,0.0,0.0,0.0,0.0,0.0,0.0,0.0,0,0,0,0.0,0.0,0.0,0.0,0.0,0.0,0.0,0.0,0.0,0.0,0.0,0.0,0.0,0.0,0.0,0.0,0,-107875648.0,69,0.0,138,0.0,-0.0,0,39322,17086,26215,17102,0,17082,0,0,0,70,68,100,2.7302399002429377e+23,82.3,-0.0,78.1,0.0,79.0,1,49,50,180,52429,39322,0,0,0.0,0.0,0.0,0.0,-0.0,67.0,0.0,162057.094,0.0,979,0,1008,0,0,0,953,0,1032,0,930,0,791,0,783,0,822,0,7520,0.032,1.4065642356203533e+20,0.0,0.0,784,16797,-0.0,162057.094,-114818.039,-0.0,0.133,6.909358625270745e+28,30.0,70.0,35,0.0,0.0,0.0,0.0,0.0,0.0,0.0,0.0,0.0,0.0,0.0,0.0,0.0,0.0,0.0,0.0,66.4,0,150,71,52,65476,0,300,0,0,8,20529,65476,0,0,44564,70.0,0.0,0.0,0.0,0.0,0.0
2026-09-10T21:23:27,ERR,ERR,ERR,ERR,ERR,ERR,ERR,ERR,ERR,ERR,ERR,ERR,ERR,ERR,ERR,ERR,ERR,ERR,ERR,ERR,ERR,ERR,ERR,ERR,ERR,ERR,ERR,ERR,ERR,ERR,ERR,ERR,ERR,ERR,ERR,ERR,ERR,ERR,ERR,ERR,ERR,ERR,ERR,ERR,ERR,ERR,ERR,ERR,ERR,ERR,ERR,ERR,ERR,ERR,ERR,ERR,ERR,ERR,ERR,ERR,ERR,ERR,ERR,ERR,ERR,ERR,ERR,ERR,ERR,ERR,ERR,ERR,ERR,ERR,ERR,ERR,ERR,ERR,ERR,ERR,ERR,ERR,ERR,ERR,ERR,ERR,ERR,ERR,ERR,ERR,ERR,ERR,ERR,ERR,ERR,ERR,ERR,ERR,ERR,ERR,ERR,ERR,ERR,ERR,ERR,ERR,ERR,ERR,ERR,ERR,ERR,ERR,ERR,ERR,ERR,ERR,ERR,ERR,ERR,ERR,ERR,ERR,ERR,ERR,ERR,0.0,0.0,2.6474835549302285e+23,0.0,0.0,1.3936040501711995e+18,7.805,0.0,0,0,4,0,7116,0.0,100,0.0,0.0,0.0,0.0,0.0,0,0,0,0,0.0,0,0,0,0,0,0,0,0,0,0,0,0,0,0,0,0,0,0,0,0,0,0,0,0,0,0,0,0,0,0,0,0,0,31,40,40,71,65476,0,300,0,0,8,21553,0.0,-107605600.0,0.0,0.0,0.0,0.0,0.0,0.0,0.0,0.0,0.0,0.0,0.0,0.0,0.0,0.0,0.0,0.0,0.0,0.0,0.0,0.0,-2.004,2.004,0.0,2.004,0.0,0.0,0.0,0.0,4494.0,0.0,6915.0,0.0,0.0,2.7184256974124493e+23,0.0,0.0,0.0,0.0,0.0,69,-107615376.0,126840365056.0,0.0,0.0,0.0,0.0,0.0,0.0,0.0,0,0,0,0.0,0.0,0.0,0.0,0.0,0.0,0.0,0.0,0.0,0.0,0.0,0.0,0.0,0.0,0.0,0.0,0,-107875648.0,69,0.0,138,0.0,-0.0,0,39322,17086,26215,17102,0,17082,0,0,0,70,68,100,2.7302399002429377e+23,82.3,-0.0,78.1,0.0,79.0,1,49,50,180,52429,39322,0,0,0.0,0.0,0.0,0.0,-0.0,67.0,0.0,162057.094,0.0,979,0,1008,0,0,0,953,0,1032,0,930,0,791,0,783,0,822,0,7520,0.032,1.4065642356203533e+20,0.0,0.0,784,16797,-0.0,162057.094,-114818.039,-0.0,0.133,6.909358625270745e+28,30.0,70.0,35,0.0,0.0,0.0,0.0,0.0,0.0,0.0,0.0,0.0,0.0,0.0,0.0,0.0,0.0,0.0,0.0,66.4,0,150,71,52,65476,0,300,0,0,8,20529,65476,0,0,44564,70.0,0.0,0.0,0.0,0.0,0.0
2026-09-10T21:23:28,ERR,ERR,ERR,ERR,ERR,ERR,ERR,ERR,ERR,ERR,ERR,ERR,ERR,ERR,ERR,ERR,ERR,ERR,ERR,ERR,ERR,ERR,ERR,ERR,ERR,ERR,ERR,ERR,ERR,ERR,ERR,ERR,ERR,ERR,ERR,ERR,ERR,ERR,ERR,ERR,ERR,ERR,ERR,ERR,ERR,ERR,ERR,ERR,ERR,ERR,ERR,ERR,ERR,ERR,ERR,ERR,ERR,ERR,ERR,ERR,ERR,ERR,ERR,ERR,ERR,ERR,ERR,ERR,ERR,ERR,ERR,ERR,ERR,ERR,ERR,ERR,ERR,ERR,ERR,ERR,ERR,ERR,ERR,ERR,ERR,ERR,ERR,ERR,ERR,ERR,ERR,ERR,ERR,ERR,ERR,ERR,ERR,ERR,ERR,ERR,ERR,ERR,ERR,ERR,ERR,ERR,ERR,ERR,ERR,ERR,ERR,ERR,ERR,ERR,ERR,ERR,ERR,ERR,ERR,ERR,ERR,ERR,ERR,ERR,ERR,0.0,0.0,2.6474835549302285e+23,0.0,0.0,1.3936040501711995e+18,7.805,0.0,0,0,4,0,7116,0.0,100,0.0,0.0,0.0,0.0,0.0,0,0,0,0,0.0,0,0,0,0,0,0,0,0,0,0,0,0,0,0,0,0,0,0,0,0,0,0,0,0,0,0,0,0,0,0,0,0,0,31,40,40,71,65476,0,300,0,0,8,21553,0.0,-107605600.0,0.0,0.0,0.0,0.0,0.0,0.0,0.0,0.0,0.0,0.0,0.0,0.0,0.0,0.0,0.0,0.0,0.0,0.0,0.0,0.0,-2.004,2.004,0.0,2.004,0.0,0.0,0.0,0.0,4494.0,0.0,6915.0,0.0,0.0,2.7184256974124493e+23,0.0,0.0,0.0,0.0,0.0,69,-107615376.0,126840365056.0,0.0,0.0,0.0,0.0,0.0,0.0,0.0,0,0,0,0.0,0.0,0.0,0.0,0.0,0.0,0.0,0.0,0.0,0.0,0.0,0.0,0.0,0.0,0.0,0.0,0,-107875648.0,69,0.0,138,0.0,-0.0,0,39322,17086,26215,17102,0,17082,0,0,0,70,68,100,2.7302399002429377e+23,82.3,-0.0,78.1,0.0,79.0,1,49,50,180,52429,39322,0,0,0.0,0.0,0.0,0.0,-0.0,67.0,0.0,162057.094,0.0,979,0,1008,0,0,0,953,0,1032,0,930,0,791,0,783,0,822,0,7520,0.032,1.4065642356203533e+20,0.0,0.0,784,16797,-0.0,162057.094,-114818.039,-0.0,0.133,6.909358625270745e+28,30.0,70.0,35,0.0,0.0,0.0,0.0,0.0,0.0,0.0,0.0,0.0,0.0,0.0,0.0,0.0,0.0,0.0,0.0,66.4,0,150,71,52,65476,0,300,0,0,8,20529,65476,0,0,44564,70.0,0.0,0.0,0.0,0.0,0.0
2026-09-10T21:23:29,ERR,ERR,ERR,ERR,ERR,ERR,ERR,ERR,ERR,ERR,ERR,ERR,ERR,ERR,ERR,ERR,ERR,ERR,ERR,ERR,ERR,ERR,ERR,ERR,ERR,ERR,ERR,ERR,ERR,ERR,ERR,ERR,ERR,ERR,ERR,ERR,ERR,ERR,ERR,ERR,ERR,ERR,ERR,ERR,ERR,ERR,ERR,ERR,ERR,ERR,ERR,ERR,ERR,ERR,ERR,ERR,ERR,ERR,ERR,ERR,ERR,ERR,ERR,ERR,ERR,ERR,ERR,ERR,ERR,ERR,ERR,ERR,ERR,ERR,ERR,ERR,ERR,ERR,ERR,ERR,ERR,ERR,ERR,ERR,ERR,ERR,ERR,ERR,ERR,ERR,ERR,ERR,ERR,ERR,ERR,ERR,ERR,ERR,ERR,ERR,ERR,ERR,ERR,ERR,ERR,ERR,ERR,ERR,ERR,ERR,ERR,ERR,ERR,ERR,ERR,ERR,ERR,ERR,ERR,ERR,ERR,ERR,ERR,ERR,ERR,0.0,0.0,2.6474835549302285e+23,0.0,0.0,1.3936040501711995e+18,7.805,0.0,0,0,4,0,7116,0.0,100,0.0,0.0,0.0,0.0,0.0,0,0,0,0,0.0,0,0,0,0,0,0,0,0,0,0,0,0,0,0,0,0,0,0,0,0,0,0,0,0,0,0,0,0,0,0,0,0,0,31,40,40,71,65476,0,300,0,0,8,21553,0.0,-107605600.0,0.0,0.0,0.0,0.0,0.0,0.0,0.0,0.0,0.0,0.0,0.0,0.0,0.0,0.0,0.0,0.0,0.0,0.0,0.0,0.0,-2.004,2.004,0.0,2.004,0.0,0.0,0.0,0.0,4494.0,0.0,6915.0,0.0,0.0,2.7184256974124493e+23,0.0,0.0,0.0,0.0,0.0,69,-107615376.0,126840365056.0,0.0,0.0,0.0,0.0,0.0,0.0,0.0,0,0,0,0.0,0.0,0.0,0.0,0.0,0.0,0.0,0.0,0.0,0.0,0.0,0.0,0.0,0.0,0.0,0.0,0,-107875648.0,69,0.0,138,0.0,-0.0,0,39322,17086,26215,17102,0,17082,0,0,0,70,68,100,2.7302399002429377e+23,82.3,-0.0,78.1,0.0,79.0,1,49,50,180,52429,39322,0,0,0.0,0.0,0.0,0.0,-0.0,67.0,0.0,162057.094,0.0,979,0,1008,0,0,0,953,0,1032,0,930,0,791,0,783,0,822,0,7520,0.032,1.4065642356203533e+20,0.0,0.0,784,16797,-0.0,162057.094,-114818.039,-0.0,0.133,6.909358625270745e+28,30.0,70.0,35,0.0,0.0,0.0,0.0,0.0,0.0,0.0,0.0,0.0,0.0,0.0,0.0,0.0,0.0,0.0,0.0,66.4,0,150,71,52,65476,0,300,0,0,8,20529,65476,0,0,44564,70.0,0.0,0.0,0.0,0.0,0.0
2026-09-10T21:23:30,ERR,ERR,ERR,ERR,ERR,ERR,ERR,ERR,ERR,ERR,ERR,ERR,ERR,ERR,ERR,ERR,ERR,ERR,ERR,ERR,ERR,ERR,ERR,ERR,ERR,ERR,ERR,ERR,ERR,ERR,ERR,ERR,ERR,ERR,ERR,ERR,ERR,ERR,ERR,ERR,ERR,ERR,ERR,ERR,ERR,ERR,ERR,ERR,ERR,ERR,ERR,ERR,ERR,ERR,ERR,ERR,ERR,ERR,ERR,ERR,ERR,ERR,ERR,ERR,ERR,ERR,ERR,ERR,ERR,ERR,ERR,ERR,ERR,ERR,ERR,ERR,ERR,ERR,ERR,ERR,ERR,ERR,ERR,ERR,ERR,ERR,ERR,ERR,ERR,ERR,ERR,ERR,ERR,ERR,ERR,ERR,ERR,ERR,ERR,ERR,ERR,ERR,ERR,ERR,ERR,ERR,ERR,ERR,ERR,ERR,ERR,ERR,ERR,ERR,ERR,ERR,ERR,ERR,ERR,ERR,ERR,ERR,ERR,ERR,ERR,0.0,0.0,2.6474835549302285e+23,0.0,0.0,1.3936040501711995e+18,7.805,0.0,0,0,4,0,7116,0.0,100,0.0,0.0,0.0,0.0,0.0,0,0,0,0,0.0,0,0,0,0,0,0,0,0,0,0,0,0,0,0,0,0,0,0,0,0,0,0,0,0,0,0,0,0,0,0,0,0,0,31,40,40,71,65476,0,300,0,0,8,21553,0.0,-107605600.0,0.0,0.0,0.0,0.0,0.0,0.0,0.0,0.0,0.0,0.0,0.0,0.0,0.0,0.0,0.0,0.0,0.0,0.0,0.0,0.0,-2.004,2.004,0.0,2.004,0.0,0.0,0.0,0.0,4494.0,0.0,6915.0,0.0,0.0,2.7184256974124493e+23,0.0,0.0,0.0,0.0,0.0,69,-107615376.0,126840365056.0,0.0,0.0,0.0,0.0,0.0,0.0,0.0,0,0,0,0.0,0.0,0.0,0.0,0.0,0.0,0.0,0.0,0.0,0.0,0.0,0.0,0.0,0.0,0.0,0.0,0,-107875648.0,69,0.0,138,0.0,-0.0,0,39322,17086,26215,17102,0,17082,0,0,0,70,68,100,2.7302399002429377e+23,82.3,-0.0,78.1,0.0,79.0,1,49,50,180,52429,39322,0,0,0.0,0.0,0.0,0.0,-0.0,67.0,0.0,162057.094,0.0,979,0,1008,0,0,0,953,0,1032,0,930,0,791,0,783,0,822,0,7520,0.032,1.4065642356203533e+20,0.0,0.0,784,16797,-0.0,162057.094,-114818.039,-0.0,0.133,6.909358625270745e+28,30.0,70.0,35,0.0,0.0,0.0,0.0,0.0,0.0,0.0,0.0,0.0,0.0,0.0,0.0,0.0,0.0,0.0,0.0,66.4,0,150,71,52,65476,0,300,0,0,8,20529,65476,0,0,44564,70.0,0.0,0.0,0.0,0.0,0.0
2026-09-10T21:23:31,ERR,ERR,ERR,ERR,ERR,ERR,ERR,ERR,ERR,ERR,ERR,ERR,ERR,ERR,ERR,ERR,ERR,ERR,ERR,ERR,ERR,ERR,ERR,ERR,ERR,ERR,ERR,ERR,ERR,ERR,ERR,ERR,ERR,ERR,ERR,ERR,ERR,ERR,ERR,ERR,ERR,ERR,ERR,ERR,ERR,ERR,ERR,ERR,ERR,ERR,ERR,ERR,ERR,ERR,ERR,ERR,ERR,ERR,ERR,ERR,ERR,ERR,ERR,ERR,ERR,ERR,ERR,ERR,ERR,ERR,ERR,ERR,ERR,ERR,ERR,ERR,ERR,ERR,ERR,ERR,ERR,ERR,ERR,ERR,ERR,ERR,ERR,ERR,ERR,ERR,ERR,ERR,ERR,ERR,ERR,ERR,ERR,ERR,ERR,ERR,ERR,ERR,ERR,ERR,ERR,ERR,ERR,ERR,ERR,ERR,ERR,ERR,ERR,ERR,ERR,ERR,ERR,ERR,ERR,ERR,ERR,ERR,ERR,ERR,ERR,0.0,0.0,2.6474835549302285e+23,0.0,0.0,1.3936040501711995e+18,7.805,0.0,0,0,4,0,7116,0.0,100,0.0,0.0,0.0,0.0,0.0,0,0,0,0,0.0,0,0,0,0,0,0,0,0,0,0,0,0,0,0,0,0,0,0,0,0,0,0,0,0,0,0,0,0,0,0,0,0,0,31,40,40,71,65476,0,300,0,0,8,21553,0.0,-107605600.0,0.0,0.0,0.0,0.0,0.0,0.0,0.0,0.0,0.0,0.0,0.0,0.0,0.0,0.0,0.0,0.0,0.0,0.0,0.0,0.0,-2.004,2.004,0.0,2.004,0.0,0.0,0.0,0.0,4496.0,0.0,6912.0,0.0,0.0,2.7184256974124493e+23,0.0,0.0,0.0,0.0,0.0,69,-2.3088410695593833e+20,0.0,0.0,0.0,0.0,0.0,0.0,0.0,0.0,0,0,0,0.0,0.0,0.0,0.0,0.0,0.0,0.0,0.0,0.0,0.0,0.0,0.0,0.0,0.0,0.0,0.0,0,-107875648.0,69,0.0,138,0.0,-0.0,0,39322,17086,26215,17102,0,17082,0,0,0,70,68,100,2.7302399002429377e+23,82.3,-0.0,78.1,0.0,79.0,1,49,50,180,52429,39322,0,0,0.0,0.0,0.0,0.0,-0.0,67.0,0.0,162057.094,0.0,979,0,1008,0,0,0,953,0,1032,0,930,0,791,0,783,0,822,0,7520,0.032,1.4065642356203533e+20,0.0,0.0,784,16797,-0.0,162057.094,-114818.039,-0.0,0.133,6.909358625270745e+28,30.0,70.0,35,0.0,0.0,0.0,0.0,0.0,0.0,0.0,0.0,0.0,0.0,0.0,0.0,0.0,0.0,0.0,0.0,66.4,0,150,71,52,65476,0,300,0,0,8,20529,65476,0,0,44564,70.0,0.0,0.0,0.0,0.0,0.0
2026-09-10T21:23:32,ERR,ERR,ERR,ERR,ERR,ERR,ERR,ERR,ERR,ERR,ERR,ERR,ERR,ERR,ERR,ERR,ERR,ERR,ERR,ERR,ERR,ERR,ERR,ERR,ERR,ERR,ERR,ERR,ERR,ERR,ERR,ERR,ERR,ERR,ERR,ERR,ERR,ERR,ERR,ERR,ERR,ERR,ERR,ERR,ERR,ERR,ERR,ERR,ERR,ERR,ERR,ERR,ERR,ERR,ERR,ERR,ERR,ERR,ERR,ERR,ERR,ERR,ERR,ERR,ERR,ERR,ERR,ERR,ERR,ERR,ERR,ERR,ERR,ERR,ERR,ERR,ERR,ERR,ERR,ERR,ERR,ERR,ERR,ERR,ERR,ERR,ERR,ERR,ERR,ERR,ERR,ERR,ERR,ERR,ERR,ERR,ERR,ERR,ERR,ERR,ERR,ERR,ERR,ERR,ERR,ERR,ERR,ERR,ERR,ERR,ERR,ERR,ERR,ERR,ERR,ERR,ERR,ERR,ERR,ERR,ERR,ERR,ERR,ERR,ERR,0.0,0.0,2.6474835549302285e+23,0.0,0.0,1.3936040501711995e+18,7.805,0.0,0,0,4,0,7116,0.0,100,0.0,0.0,0.0,0.0,0.0,0,0,0,0,0.0,0,0,0,0,0,0,0,0,0,0,0,0,0,0,0,0,0,0,0,0,0,0,0,0,0,0,0,0,0,0,0,0,0,31,40,40,71,65476,0,300,0,0,8,21553,0.0,-107605600.0,0.0,0.0,0.0,0.0,0.0,0.0,0.0,0.0,0.0,0.0,0.0,0.0,0.0,0.0,0.0,0.0,0.0,0.0,0.0,0.0,-2.004,2.004,0.0,2.004,0.0,0.0,0.0,0.0,4496.0,0.0,6912.0,0.0,0.0,2.7184256974124493e+23,0.0,0.0,0.0,0.0,0.0,69,-2.3088410695593833e+20,0.0,0.0,0.0,0.0,0.0,0.0,0.0,0.0,0,0,0,0.0,0.0,0.0,0.0,0.0,0.0,0.0,0.0,0.0,0.0,0.0,0.0,0.0,0.0,0.0,0.0,0,-107875648.0,69,0.0,138,0.0,-0.0,0,39322,17086,26215,17102,0,17082,0,0,0,70,68,100,2.7302399002429377e+23,82.3,-0.0,78.1,0.0,79.0,1,49,50,180,52429,39322,0,0,0.0,0.0,0.0,0.0,-0.0,67.0,0.0,162057.094,0.0,979,0,1008,0,0,0,953,0,1032,0,930,0,791,0,783,0,822,0,7520,0.032,1.4065642356203533e+20,0.0,0.0,784,16797,-0.0,162057.094,-114818.039,-0.0,0.133,6.909358625270745e+28,30.0,70.0,35,0.0,0.0,0.0,0.0,0.0,0.0,0.0,0.0,0.0,0.0,0.0,0.0,0.0,0.0,0.0,0.0,66.4,0,150,71,52,65476,0,300,0,0,8,20529,65476,0,0,44564,70.0,0.0,0.0,0.0,0.0,0.0
2026-09-10T21:23:33,ERR,ERR,ERR,ERR,ERR,ERR,ERR,ERR,ERR,ERR,ERR,ERR,ERR,ERR,ERR,ERR,ERR,ERR,ERR,ERR,ERR,ERR,ERR,ERR,ERR,ERR,ERR,ERR,ERR,ERR,ERR,ERR,ERR,ERR,ERR,ERR,ERR,ERR,ERR,ERR,ERR,ERR,ERR,ERR,ERR,ERR,ERR,ERR,ERR,ERR,ERR,ERR,ERR,ERR,ERR,ERR,ERR,ERR,ERR,ERR,ERR,ERR,ERR,ERR,ERR,ERR,ERR,ERR,ERR,ERR,ERR,ERR,ERR,ERR,ERR,ERR,ERR,ERR,ERR,ERR,ERR,ERR,ERR,ERR,ERR,ERR,ERR,ERR,ERR,ERR,ERR,ERR,ERR,ERR,ERR,ERR,ERR,ERR,ERR,ERR,ERR,ERR,ERR,ERR,ERR,ERR,ERR,ERR,ERR,ERR,ERR,ERR,ERR,ERR,ERR,ERR,ERR,ERR,ERR,ERR,ERR,ERR,ERR,ERR,ERR,0.0,0.0,2.6474835549302285e+23,0.0,0.0,1.3936040501711995e+18,7.805,0.0,0,0,4,0,7116,0.0,100,0.0,0.0,0.0,0.0,0.0,0,0,0,0,0.0,0,0,0,0,0,0,0,0,0,0,0,0,0,0,0,0,0,0,0,0,0,0,0,0,0,0,0,0,0,0,0,0,0,31,40,40,71,65476,0,300,0,0,8,21553,0.0,-107605600.0,0.0,0.0,0.0,0.0,0.0,0.0,0.0,0.0,0.0,0.0,0.0,0.0,0.0,0.0,0.0,0.0,0.0,0.0,0.0,0.0,-2.004,2.004,0.0,2.004,0.0,0.0,0.0,0.0,4496.0,0.0,6912.0,0.0,0.0,2.7184256974124493e+23,0.0,0.0,0.0,0.0,0.0,69,-2.3088410695593833e+20,0.0,0.0,0.0,0.0,0.0,0.0,0.0,0.0,0,0,0,0.0,0.0,0.0,0.0,0.0,0.0,0.0,0.0,0.0,0.0,0.0,0.0,0.0,0.0,0.0,0.0,0,-107875648.0,69,0.0,138,0.0,-0.0,0,39322,17086,26215,17102,0,17082,0,0,0,70,68,100,2.7302399002429377e+23,82.3,-0.0,78.1,0.0,79.0,1,49,50,180,52429,39322,0,0,0.0,0.0,0.0,0.0,-0.0,67.0,0.0,162057.094,0.0,979,0,1008,0,0,0,953,0,1032,0,930,0,791,0,783,0,822,0,7520,0.032,1.4065642356203533e+20,0.0,0.0,784,16797,-0.0,162057.094,-114818.039,-0.0,0.133,6.909358625270745e+28,30.0,70.0,35,0.0,0.0,0.0,0.0,0.0,0.0,0.0,0.0,0.0,0.0,0.0,0.0,0.0,0.0,0.0,0.0,66.4,0,150,71,52,65476,0,300,0,0,8,20529,65476,0,0,44564,70.0,0.0,0.0,0.0,0.0,0.0
2026-09-10T21:23:34,ERR,ERR,ERR,ERR,ERR,ERR,ERR,ERR,ERR,ERR,ERR,ERR,ERR,ERR,ERR,ERR,ERR,ERR,ERR,ERR,ERR,ERR,ERR,ERR,ERR,ERR,ERR,ERR,ERR,ERR,ERR,ERR,ERR,ERR,ERR,ERR,ERR,ERR,ERR,ERR,ERR,ERR,ERR,ERR,ERR,ERR,ERR,ERR,ERR,ERR,ERR,ERR,ERR,ERR,ERR,ERR,ERR,ERR,ERR,ERR,ERR,ERR,ERR,ERR,ERR,ERR,ERR,ERR,ERR,ERR,ERR,ERR,ERR,ERR,ERR,ERR,ERR,ERR,ERR,ERR,ERR,ERR,ERR,ERR,ERR,ERR,ERR,ERR,ERR,ERR,ERR,ERR,ERR,ERR,ERR,ERR,ERR,ERR,ERR,ERR,ERR,ERR,ERR,ERR,ERR,ERR,ERR,ERR,ERR,ERR,ERR,ERR,ERR,ERR,ERR,ERR,ERR,ERR,ERR,ERR,ERR,ERR,ERR,ERR,ERR,0.0,0.0,2.6474835549302285e+23,0.0,0.0,1.3936040501711995e+18,7.805,0.0,0,0,4,0,7116,0.0,100,0.0,0.0,0.0,0.0,0.0,0,0,0,0,0.0,0,0,0,0,0,0,0,0,0,0,0,0,0,0,0,0,0,0,0,0,0,0,0,0,0,0,0,0,0,0,0,0,0,31,40,40,71,65476,0,300,0,0,8,21553,0.0,-107605600.0,0.0,0.0,0.0,0.0,0.0,0.0,0.0,0.0,0.0,0.0,0.0,0.0,0.0,0.0,0.0,0.0,0.0,0.0,0.0,0.0,-2.004,2.004,0.0,2.004,0.0,0.0,0.0,0.0,4496.0,0.0,6912.0,0.0,0.0,2.7184256974124493e+23,0.0,0.0,0.0,0.0,0.0,69,-2.3088410695593833e+20,0.0,0.0,0.0,0.0,0.0,0.0,0.0,0.0,0,0,0,0.0,0.0,0.0,0.0,0.0,0.0,0.0,0.0,0.0,0.0,0.0,0.0,0.0,0.0,0.0,0.0,0,-107875648.0,69,0.0,138,0.0,-0.0,0,39322,17086,26215,17102,0,17082,0,0,0,70,68,100,2.7302399002429377e+23,82.3,-0.0,78.1,0.0,79.0,1,49,50,180,52429,39322,0,0,0.0,0.0,0.0,0.0,-0.0,67.0,0.0,162057.094,0.0,979,0,1008,0,0,0,953,0,1032,0,930,0,791,0,783,0,822,0,7520,0.032,1.400799628097319e+20,0.0,0.0,784,16797,-0.0,162057.094,-114818.039,-0.0,0.133,6.909358625270745e+28,30.0,70.0,35,0.0,0.0,0.0,0.0,0.0,0.0,0.0,0.0,0.0,0.0,0.0,0.0,0.0,0.0,0.0,0.0,66.4,0,150,71,52,65476,0,300,0,0,8,20529,65476,0,0,44564,70.0,0.0,0.0,0.0,0.0,0.0
2026-09-10T21:23:35,ERR,ERR,ERR,ERR,ERR,ERR,ERR,ERR,ERR,ERR,ERR,ERR,ERR,ERR,ERR,ERR,ERR,ERR,ERR,ERR,ERR,ERR,ERR,ERR,ERR,ERR,ERR,ERR,ERR,ERR,ERR,ERR,ERR,ERR,ERR,ERR,ERR,ERR,ERR,ERR,ERR,ERR,ERR,ERR,ERR,ERR,ERR,ERR,ERR,ERR,ERR,ERR,ERR,ERR,ERR,ERR,ERR,ERR,ERR,ERR,ERR,ERR,ERR,ERR,ERR,ERR,ERR,ERR,ERR,ERR,ERR,ERR,ERR,ERR,ERR,ERR,ERR,ERR,ERR,ERR,ERR,ERR,ERR,ERR,ERR,ERR,ERR,ERR,ERR,ERR,ERR,ERR,ERR,ERR,ERR,ERR,ERR,ERR,ERR,ERR,ERR,ERR,ERR,ERR,ERR,ERR,ERR,ERR,ERR,ERR,ERR,ERR,ERR,ERR,ERR,ERR,ERR,ERR,ERR,ERR,ERR,ERR,ERR,ERR,ERR,0.0,0.0,2.6474835549302285e+23,0.0,0.0,1.3936040501711995e+18,7.805,0.0,0,0,4,0,7116,0.0,100,0.0,0.0,0.0,0.0,0.0,0,0,0,0,0.0,0,0,0,0,0,0,0,0,0,0,0,0,0,0,0,0,0,0,0,0,0,0,0,0,0,0,0,0,0,0,0,0,0,31,40,40,71,65476,0,300,0,0,8,21553,0.0,-107605600.0,0.0,0.0,0.0,0.0,0.0,0.0,0.0,0.0,0.0,0.0,0.0,0.0,0.0,0.0,0.0,0.0,0.0,0.0,0.0,0.0,-2.004,2.004,0.0,2.004,0.0,0.0,0.0,0.0,4496.0,0.0,6912.0,0.0,0.0,2.7184256974124493e+23,0.0,0.0,0.0,0.0,0.0,69,-2.3088410695593833e+20,0.0,0.0,0.0,0.0,0.0,0.0,0.0,0.0,0,0,0,0.0,0.0,0.0,0.0,0.0,0.0,0.0,0.0,0.0,0.0,0.0,0.0,0.0,0.0,0.0,0.0,0,-107875648.0,69,0.0,138,0.0,-0.0,0,39322,17086,26215,17102,0,17082,0,0,0,70,68,100,2.7302399002429377e+23,82.3,-0.0,78.1,0.0,79.0,1,49,50,180,52429,39322,0,0,0.0,0.0,0.0,0.0,-0.0,67.0,0.0,162057.094,0.0,979,0,1008,0,0,0,953,0,1032,0,930,0,791,0,783,0,822,0,7520,0.032,1.400799628097319e+20,0.0,0.0,784,16797,-0.0,162057.094,-114818.039,-0.0,0.133,6.909358625270745e+28,30.0,70.0,35,0.0,0.0,0.0,0.0,0.0,0.0,0.0,0.0,0.0,0.0,0.0,0.0,0.0,0.0,0.0,0.0,66.4,0,150,71,52,65476,0,300,0,0,8,20529,65476,0,0,44564,70.0,0.0,0.0,0.0,0.0,0.0
2026-09-10T21:23:36,ERR,ERR,ERR,ERR,ERR,ERR,ERR,ERR,ERR,ERR,ERR,ERR,ERR,ERR,ERR,ERR,ERR,ERR,ERR,ERR,ERR,ERR,ERR,ERR,ERR,ERR,ERR,ERR,ERR,ERR,ERR,ERR,ERR,ERR,ERR,ERR,ERR,ERR,ERR,ERR,ERR,ERR,ERR,ERR,ERR,ERR,ERR,ERR,ERR,ERR,ERR,ERR,ERR,ERR,ERR,ERR,ERR,ERR,ERR,ERR,ERR,ERR,ERR,ERR,ERR,ERR,ERR,ERR,ERR,ERR,ERR,ERR,ERR,ERR,ERR,ERR,ERR,ERR,ERR,ERR,ERR,ERR,ERR,ERR,ERR,ERR,ERR,ERR,ERR,ERR,ERR,ERR,ERR,ERR,ERR,ERR,ERR,ERR,ERR,ERR,ERR,ERR,ERR,ERR,ERR,ERR,ERR,ERR,ERR,ERR,ERR,ERR,ERR,ERR,ERR,ERR,ERR,ERR,ERR,ERR,ERR,ERR,ERR,ERR,ERR,0.0,0.0,2.6474835549302285e+23,0.0,0.0,1.3936040501711995e+18,7.805,0.0,0,0,4,0,7116,0.0,100,0.0,0.0,0.0,0.0,0.0,0,0,0,0,0.0,0,0,0,0,0,0,0,0,0,0,0,0,0,0,0,0,0,0,0,0,0,0,0,0,0,0,0,0,0,0,0,0,0,31,40,40,71,65476,0,300,0,0,8,21553,0.0,-107605600.0,0.0,0.0,0.0,0.0,0.0,0.0,0.0,0.0,0.0,0.0,0.0,0.0,0.0,0.0,0.0,0.0,0.0,0.0,0.0,0.0,-2.004,2.004,0.0,2.004,0.0,0.0,0.0,0.0,4496.0,0.0,6912.0,0.0,0.0,2.7184256974124493e+23,0.0,0.0,0.0,0.0,0.0,69,-2.3088410695593833e+20,0.0,0.0,0.0,0.0,0.0,0.0,0.0,0.0,0,0,0,0.0,0.0,0.0,0.0,0.0,0.0,0.0,0.0,0.0,0.0,0.0,0.0,0.0,0.0,0.0,0.0,0,-107875648.0,69,0.0,138,0.0,-0.0,0,39322,17086,26215,17102,0,17082,0,0,0,70,68,100,2.7302399002429377e+23,82.3,-0.0,78.1,0.0,79.0,1,49,50,180,52429,39322,0,0,0.0,0.0,0.0,0.0,-0.0,67.0,0.0,162057.094,0.0,979,0,1008,0,0,0,953,0,1032,0,930,0,791,0,783,0,822,0,7520,0.032,1.400799628097319e+20,0.0,0.0,784,16797,-0.0,162057.094,-114818.039,-0.0,0.133,6.909358625270745e+28,30.0,70.0,35,0.0,0.0,0.0,0.0,0.0,0.0,0.0,0.0,0.0,0.0,0.0,0.0,0.0,0.0,0.0,0.0,66.4,0,150,71,52,65476,0,300,0,0,8,20529,65476,0,0,44564,70.0,0.0,0.0,0.0,0.0,0.0
2026-09-10T21:23:37,ERR,ERR,ERR,ERR,ERR,ERR,ERR,ERR,ERR,ERR,ERR,ERR,ERR,ERR,ERR,ERR,ERR,ERR,ERR,ERR,ERR,ERR,ERR,ERR,ERR,ERR,ERR,ERR,ERR,ERR,ERR,ERR,ERR,ERR,ERR,ERR,ERR,ERR,ERR,ERR,ERR,ERR,ERR,ERR,ERR,ERR,ERR,ERR,ERR,ERR,ERR,ERR,ERR,ERR,ERR,ERR,ERR,ERR,ERR,ERR,ERR,ERR,ERR,ERR,ERR,ERR,ERR,ERR,ERR,ERR,ERR,ERR,ERR,ERR,ERR,ERR,ERR,ERR,ERR,ERR,ERR,ERR,ERR,ERR,ERR,ERR,ERR,ERR,ERR,ERR,ERR,ERR,ERR,ERR,ERR,ERR,ERR,ERR,ERR,ERR,ERR,ERR,ERR,ERR,ERR,ERR,ERR,ERR,ERR,ERR,ERR,ERR,ERR,ERR,ERR,ERR,ERR,ERR,ERR,ERR,ERR,ERR,ERR,ERR,ERR,0.0,0.0,2.6474835549302285e+23,0.0,0.0,1.3936040501711995e+18,7.805,0.0,0,0,4,0,7116,0.0,100,0.0,0.0,0.0,0.0,0.0,0,0,0,0,0.0,0,0,0,0,0,0,0,0,0,0,0,0,0,0,0,0,0,0,0,0,0,0,0,0,0,0,0,0,0,0,0,0,0,31,40,40,71,65476,0,300,0,0,8,21553,0.0,-107605600.0,0.0,0.0,0.0,0.0,0.0,0.0,0.0,0.0,0.0,0.0,0.0,0.0,0.0,0.0,0.0,0.0,0.0,0.0,0.0,0.0,-2.004,2.004,0.0,2.004,0.0,0.0,0.0,0.0,4496.0,0.0,6912.0,0.0,0.0,2.7184256974124493e+23,0.0,0.0,0.0,0.0,0.0,69,-2.3088410695593833e+20,0.0,0.0,0.0,0.0,0.0,0.0,0.0,0.0,0,0,0,0.0,0.0,0.0,0.0,0.0,0.0,0.0,0.0,0.0,0.0,0.0,0.0,0.0,0.0,0.0,0.0,0,-107875648.0,69,0.0,138,0.0,-0.0,0,39322,17086,26215,17102,0,17082,0,0,0,70,68,100,2.7302399002429377e+23,82.3,-0.0,78.1,0.0,79.0,1,49,50,180,52429,39322,0,0,0.0,0.0,0.0,0.0,-0.0,67.0,0.0,162057.094,0.0,979,0,1008,0,0,0,953,0,1032,0,930,0,791,0,783,0,822,0,7520,0.032,1.400799628097319e+20,0.0,0.0,784,16797,-0.0,162057.094,-114818.039,-0.0,0.133,6.909358625270745e+28,30.0,70.0,35,0.0,0.0,0.0,0.0,0.0,0.0,0.0,0.0,0.0,0.0,0.0,0.0,0.0,0.0,0.0,0.0,66.4,0,150,71,52,65476,0,300,0,0,8,20529,65476,0,0,44564,70.0,0.0,0.0,0.0,0.0,0.0
2026-09-10T21:23:38,ERR,ERR,ERR,ERR,ERR,ERR,ERR,ERR,ERR,ERR,ERR,ERR,ERR,ERR,ERR,ERR,ERR,ERR,ERR,ERR,ERR,ERR,ERR,ERR,ERR,ERR,ERR,ERR,ERR,ERR,ERR,ERR,ERR,ERR,ERR,ERR,ERR,ERR,ERR,ERR,ERR,ERR,ERR,ERR,ERR,ERR,ERR,ERR,ERR,ERR,ERR,ERR,ERR,ERR,ERR,ERR,ERR,ERR,ERR,ERR,ERR,ERR,ERR,ERR,ERR,ERR,ERR,ERR,ERR,ERR,ERR,ERR,ERR,ERR,ERR,ERR,ERR,ERR,ERR,ERR,ERR,ERR,ERR,ERR,ERR,ERR,ERR,ERR,ERR,ERR,ERR,ERR,ERR,ERR,ERR,ERR,ERR,ERR,ERR,ERR,ERR,ERR,ERR,ERR,ERR,ERR,ERR,ERR,ERR,ERR,ERR,ERR,ERR,ERR,ERR,ERR,ERR,ERR,ERR,ERR,ERR,ERR,ERR,ERR,ERR,0.0,0.0,2.6474835549302285e+23,0.0,0.0,1.3936040501711995e+18,7.805,0.0,0,0,4,0,7116,0.0,100,0.0,0.0,0.0,0.0,0.0,0,0,0,0,0.0,0,0,0,0,0,0,0,0,0,0,0,0,0,0,0,0,0,0,0,0,0,0,0,0,0,0,0,0,0,0,0,0,0,31,40,40,71,65476,0,300,0,0,8,21553,0.0,-107605600.0,0.0,0.0,0.0,0.0,0.0,0.0,0.0,0.0,0.0,0.0,0.0,0.0,0.0,0.0,0.0,0.0,0.0,0.0,0.0,0.0,-2.004,2.004,0.0,2.004,0.0,0.0,0.0,0.0,4496.0,0.0,6912.0,0.0,0.0,2.7184256974124493e+23,0.0,0.0,0.0,0.0,0.0,69,-2.3088410695593833e+20,0.0,0.0,0.0,0.0,0.0,0.0,0.0,0.0,0,0,0,0.0,0.0,0.0,0.0,0.0,0.0,0.0,0.0,0.0,0.0,0.0,0.0,0.0,0.0,0.0,0.0,0,-107875648.0,69,0.0,138,0.0,-0.0,0,39322,17086,26215,17102,0,17082,0,0,0,70,68,100,2.7302399002429377e+23,82.3,-0.0,78.1,0.0,79.0,1,49,50,180,52429,39322,0,0,0.0,0.0,0.0,0.0,-0.0,67.0,0.0,162057.094,0.0,979,0,1008,0,0,0,953,0,1032,0,930,0,791,0,783,0,822,0,7520,0.032,1.400799628097319e+20,0.0,0.0,784,16797,-0.0,162057.094,-114818.039,-0.0,0.133,6.909358625270745e+28,30.0,70.0,35,0.0,0.0,0.0,0.0,0.0,0.0,0.0,0.0,0.0,0.0,0.0,0.0,0.0,0.0,0.0,0.0,66.4,0,150,71,52,65476,0,300,0,0,8,20529,65476,0,0,44564,70.0,0.0,0.0,0.0,0.0,0.0
2026-09-10T21:23:39,ERR,ERR,ERR,ERR,ERR,ERR,ERR,ERR,ERR,ERR,ERR,ERR,ERR,ERR,ERR,ERR,ERR,ERR,ERR,ERR,ERR,ERR,ERR,ERR,ERR,ERR,ERR,ERR,ERR,ERR,ERR,ERR,ERR,ERR,ERR,ERR,ERR,ERR,ERR,ERR,ERR,ERR,ERR,ERR,ERR,ERR,ERR,ERR,ERR,ERR,ERR,ERR,ERR,ERR,ERR,ERR,ERR,ERR,ERR,ERR,ERR,ERR,ERR,ERR,ERR,ERR,ERR,ERR,ERR,ERR,ERR,ERR,ERR,ERR,ERR,ERR,ERR,ERR,ERR,ERR,ERR,ERR,ERR,ERR,ERR,ERR,ERR,ERR,ERR,ERR,ERR,ERR,ERR,ERR,ERR,ERR,ERR,ERR,ERR,ERR,ERR,ERR,ERR,ERR,ERR,ERR,ERR,ERR,ERR,ERR,ERR,ERR,ERR,ERR,ERR,ERR,ERR,ERR,ERR,ERR,ERR,ERR,ERR,ERR,ERR,0.0,0.0,2.6474835549302285e+23,0.0,0.0,1.3936040501711995e+18,7.805,0.0,0,0,4,0,7116,0.0,100,0.0,0.0,0.0,0.0,0.0,0,0,0,0,0.0,0,0,0,0,0,0,0,0,0,0,0,0,0,0,0,0,0,0,0,0,0,0,0,0,0,0,0,0,0,0,0,0,0,31,40,40,71,65476,0,300,0,0,8,21553,0.0,-107605600.0,0.0,0.0,0.0,0.0,0.0,0.0,0.0,0.0,0.0,0.0,0.0,0.0,0.0,0.0,0.0,0.0,0.0,0.0,0.0,0.0,-2.004,2.004,0.0,2.004,0.0,0.0,0.0,0.0,4494.0,0.0,6915.0,0.0,0.0,2.7184256974124493e+23,0.0,0.0,0.0,0.0,0.0,69,-152018521948160.0,126840365056.0,0.0,0.0,0.0,0.0,0.0,0.0,0.0,0,0,0,0.0,0.0,0.0,0.0,0.0,0.0,0.0,0.0,0.0,0.0,0.0,0.0,0.0,0.0,0.0,0.0,0,-107875648.0,69,0.0,138,0.0,-0.0,0,39322,17086,26215,17102,0,17082,0,0,0,70,68,100,2.7302399002429377e+23,82.3,-0.0,78.1,0.0,79.0,1,49,50,180,52429,39322,0,0,0.0,0.0,0.0,0.0,-0.0,67.0,0.0,162057.094,0.0,979,0,1008,0,0,0,953,0,1032,0,930,0,791,0,783,0,822,0,7520,0.032,1.4065642356203533e+20,0.0,0.0,784,16797,-0.0,162057.094,-114818.039,-0.0,0.133,6.909358625270745e+28,30.0,70.0,35,0.0,0.0,0.0,0.0,0.0,0.0,0.0,0.0,0.0,0.0,0.0,0.0,0.0,0.0,0.0,0.0,66.4,0,150,71,52,65476,0,300,0,0,8,20529,65476,0,0,44564,70.0,0.0,0.0,0.0,0.0,0.0
2026-09-10T21:23:40,ERR,ERR,ERR,ERR,ERR,ERR,ERR,ERR,ERR,ERR,ERR,ERR,ERR,ERR,ERR,ERR,ERR,ERR,ERR,ERR,ERR,ERR,ERR,ERR,ERR,ERR,ERR,ERR,ERR,ERR,ERR,ERR,ERR,ERR,ERR,ERR,ERR,ERR,ERR,ERR,ERR,ERR,ERR,ERR,ERR,ERR,ERR,ERR,ERR,ERR,ERR,ERR,ERR,ERR,ERR,ERR,ERR,ERR,ERR,ERR,ERR,ERR,ERR,ERR,ERR,ERR,ERR,ERR,ERR,ERR,ERR,ERR,ERR,ERR,ERR,ERR,ERR,ERR,ERR,ERR,ERR,ERR,ERR,ERR,ERR,ERR,ERR,ERR,ERR,ERR,ERR,ERR,ERR,ERR,ERR,ERR,ERR,ERR,ERR,ERR,ERR,ERR,ERR,ERR,ERR,ERR,ERR,ERR,ERR,ERR,ERR,ERR,ERR,ERR,ERR,ERR,ERR,ERR,ERR,ERR,ERR,ERR,ERR,ERR,ERR,0.0,0.0,2.6474835549302285e+23,0.0,0.0,1.3936040501711995e+18,7.805,0.0,0,0,4,0,7116,0.0,100,0.0,0.0,0.0,0.0,0.0,0,0,0,0,0.0,0,0,0,0,0,0,0,0,0,0,0,0,0,0,0,0,0,0,0,0,0,0,0,0,0,0,0,0,0,0,0,0,0,31,40,40,71,65476,0,300,0,0,8,21553,0.0,-107605600.0,0.0,0.0,0.0,0.0,0.0,0.0,0.0,0.0,0.0,0.0,0.0,0.0,0.0,0.0,0.0,0.0,0.0,0.0,0.0,0.0,-2.004,2.004,0.0,2.004,0.0,0.0,0.0,0.0,4494.0,0.0,6915.0,0.0,0.0,2.7184256974124493e+23,0.0,0.0,0.0,0.0,0.0,69,-152018521948160.0,126840365056.0,0.0,0.0,0.0,0.0,0.0,0.0,0.0,0,0,0,0.0,0.0,0.0,0.0,0.0,0.0,0.0,0.0,0.0,0.0,0.0,0.0,0.0,0.0,0.0,0.0,0,-107875648.0,69,0.0,138,0.0,-0.0,0,39322,17086,26215,17102,0,17082,0,0,0,70,68,100,2.7302399002429377e+23,82.3,-0.0,78.1,0.0,79.0,1,49,50,180,52429,39322,0,0,0.0,0.0,0.0,0.0,-0.0,67.0,0.0,162057.094,0.0,979,0,1008,0,0,0,953,0,1032,0,930,0,791,0,783,0,822,0,7520,0.032,1.4065642356203533e+20,0.0,0.0,784,16797,-0.0,162057.094,-114818.039,-0.0,0.133,6.909358625270745e+28,30.0,70.0,35,0.0,0.0,0.0,0.0,0.0,0.0,0.0,0.0,0.0,0.0,0.0,0.0,0.0,0.0,0.0,0.0,66.4,0,150,71,52,65476,0,300,0,0,8,20529,65476,0,0,44564,70.0,0.0,0.0,0.0,0.0,0.0
2026-09-10T21:23:41,ERR,ERR,ERR,ERR,ERR,ERR,ERR,ERR,ERR,ERR,ERR,ERR,ERR,ERR,ERR,ERR,ERR,ERR,ERR,ERR,ERR,ERR,ERR,ERR,ERR,ERR,ERR,ERR,ERR,ERR,ERR,ERR,ERR,ERR,ERR,ERR,ERR,ERR,ERR,ERR,ERR,ERR,ERR,ERR,ERR,ERR,ERR,ERR,ERR,ERR,ERR,ERR,ERR,ERR,ERR,ERR,ERR,ERR,ERR,ERR,ERR,ERR,ERR,ERR,ERR,ERR,ERR,ERR,ERR,ERR,ERR,ERR,ERR,ERR,ERR,ERR,ERR,ERR,ERR,ERR,ERR,ERR,ERR,ERR,ERR,ERR,ERR,ERR,ERR,ERR,ERR,ERR,ERR,ERR,ERR,ERR,ERR,ERR,ERR,ERR,ERR,ERR,ERR,ERR,ERR,ERR,ERR,ERR,ERR,ERR,ERR,ERR,ERR,ERR,ERR,ERR,ERR,ERR,ERR,ERR,ERR,ERR,ERR,ERR,ERR,0.0,0.0,2.6474835549302285e+23,0.0,0.0,1.3936040501711995e+18,7.805,0.0,0,0,4,0,7116,0.0,100,0.0,0.0,0.0,0.0,0.0,0,0,0,0,0.0,0,0,0,0,0,0,0,0,0,0,0,0,0,0,0,0,0,0,0,0,0,0,0,0,0,0,0,0,0,0,0,0,0,31,40,40,71,65476,0,300,0,0,8,21553,0.0,-107605600.0,0.0,0.0,0.0,0.0,0.0,0.0,0.0,0.0,0.0,0.0,0.0,0.0,0.0,0.0,0.0,0.0,0.0,0.0,0.0,0.0,-2.004,2.004,0.0,2.004,0.0,0.0,0.0,0.0,4494.0,0.0,6915.0,0.0,0.0,2.7184256974124493e+23,0.0,0.0,0.0,0.0,0.0,69,-152018521948160.0,126840365056.0,0.0,0.0,0.0,0.0,0.0,0.0,0.0,0,0,0,0.0,0.0,0.0,0.0,0.0,0.0,0.0,0.0,0.0,0.0,0.0,0.0,0.0,0.0,0.0,0.0,0,-107875648.0,69,0.0,138,0.0,-0.0,0,39322,17086,26215,17102,0,17082,0,0,0,70,68,100,2.7302399002429377e+23,82.3,-0.0,78.1,0.0,79.0,1,49,50,180,52429,39322,0,0,0.0,0.0,0.0,0.0,-0.0,67.0,0.0,162057.094,0.0,979,0,1008,0,0,0,953,0,1032,0,930,0,791,0,783,0,822,0,7520,0.032,1.4065642356203533e+20,0.0,0.0,784,16797,-0.0,162057.094,-114818.039,-0.0,0.133,6.909358625270745e+28,30.0,70.0,35,0.0,0.0,0.0,0.0,0.0,0.0,0.0,0.0,0.0,0.0,0.0,0.0,0.0,0.0,0.0,0.0,66.4,0,150,71,52,65476,0,300,0,0,8,20529,65476,0,0,44564,70.0,0.0,0.0,0.0,0.0,0.0
2026-09-10T21:23:42,ERR,ERR,ERR,ERR,ERR,ERR,ERR,ERR,ERR,ERR,ERR,ERR,ERR,ERR,ERR,ERR,ERR,ERR,ERR,ERR,ERR,ERR,ERR,ERR,ERR,ERR,ERR,ERR,ERR,ERR,ERR,ERR,ERR,ERR,ERR,ERR,ERR,ERR,ERR,ERR,ERR,ERR,ERR,ERR,ERR,ERR,ERR,ERR,ERR,ERR,ERR,ERR,ERR,ERR,ERR,ERR,ERR,ERR,ERR,ERR,ERR,ERR,ERR,ERR,ERR,ERR,ERR,ERR,ERR,ERR,ERR,ERR,ERR,ERR,ERR,ERR,ERR,ERR,ERR,ERR,ERR,ERR,ERR,ERR,ERR,ERR,ERR,ERR,ERR,ERR,ERR,ERR,ERR,ERR,ERR,ERR,ERR,ERR,ERR,ERR,ERR,ERR,ERR,ERR,ERR,ERR,ERR,ERR,ERR,ERR,ERR,ERR,ERR,ERR,ERR,ERR,ERR,ERR,ERR,ERR,ERR,ERR,ERR,ERR,ERR,0.0,0.0,2.6474835549302285e+23,0.0,0.0,1.3936040501711995e+18,7.805,0.0,0,0,4,0,7116,0.0,100,0.0,0.0,0.0,0.0,0.0,0,0,0,0,0.0,0,0,0,0,0,0,0,0,0,0,0,0,0,0,0,0,0,0,0,0,0,0,0,0,0,0,0,0,0,0,0,0,0,31,40,40,71,65476,0,300,0,0,8,21553,0.0,-107605600.0,0.0,0.0,0.0,0.0,0.0,0.0,0.0,0.0,0.0,0.0,0.0,0.0,0.0,0.0,0.0,0.0,0.0,0.0,0.0,0.0,-2.004,2.004,0.0,2.004,0.0,0.0,0.0,0.0,4494.0,0.0,6915.0,0.0,0.0,2.7184256974124493e+23,0.0,0.0,0.0,0.0,0.0,69,-152018521948160.0,126840365056.0,0.0,0.0,0.0,0.0,0.0,0.0,0.0,0,0,0,0.0,0.0,0.0,0.0,0.0,0.0,0.0,0.0,0.0,0.0,0.0,0.0,0.0,0.0,0.0,0.0,0,-107875648.0,69,0.0,138,0.0,-0.0,0,39322,17086,26215,17102,0,17082,0,0,0,70,68,100,2.7302399002429377e+23,82.3,-0.0,78.1,0.0,79.0,1,49,50,180,52429,39322,0,0,0.0,0.0,0.0,0.0,-0.0,67.0,0.0,162057.094,0.0,979,0,1008,0,0,0,953,0,1032,0,930,0,791,0,783,0,822,0,7520,0.032,1.4065642356203533e+20,0.0,0.0,784,16797,-0.0,162057.094,-114818.039,-0.0,0.133,6.909358625270745e+28,30.0,70.0,35,0.0,0.0,0.0,0.0,0.0,0.0,0.0,0.0,0.0,0.0,0.0,0.0,0.0,0.0,0.0,0.0,66.0,0,150,71,52,65476,0,300,0,0,8,20529,65476,0,0,44564,70.0,0.0,0.0,0.0,0.0,0.0
2026-09-10T21:23:43,ERR,ERR,ERR,ERR,ERR,ERR,ERR,ERR,ERR,ERR,ERR,ERR,ERR,ERR,ERR,ERR,ERR,ERR,ERR,ERR,ERR,ERR,ERR,ERR,ERR,ERR,ERR,ERR,ERR,ERR,ERR,ERR,ERR,ERR,ERR,ERR,ERR,ERR,ERR,ERR,ERR,ERR,ERR,ERR,ERR,ERR,ERR,ERR,ERR,ERR,ERR,ERR,ERR,ERR,ERR,ERR,ERR,ERR,ERR,ERR,ERR,ERR,ERR,ERR,ERR,ERR,ERR,ERR,ERR,ERR,ERR,ERR,ERR,ERR,ERR,ERR,ERR,ERR,ERR,ERR,ERR,ERR,ERR,ERR,ERR,ERR,ERR,ERR,ERR,ERR,ERR,ERR,ERR,ERR,ERR,ERR,ERR,ERR,ERR,ERR,ERR,ERR,ERR,ERR,ERR,ERR,ERR,ERR,ERR,ERR,ERR,ERR,ERR,ERR,ERR,ERR,ERR,ERR,ERR,ERR,ERR,ERR,ERR,ERR,ERR,0.0,0.0,2.6474835549302285e+23,0.0,0.0,1.3936040501711995e+18,7.805,0.0,0,0,4,0,7116,0.0,100,0.0,0.0,0.0,0.0,0.0,0,0,0,0,0.0,0,0,0,0,0,0,0,0,0,0,0,0,0,0,0,0,0,0,0,0,0,0,0,0,0,0,0,0,0,0,0,0,0,31,40,40,71,65476,0,300,0,0,8,21553,0.0,-107605600.0,0.0,0.0,0.0,0.0,0.0,0.0,0.0,0.0,0.0,0.0,0.0,0.0,0.0,0.0,0.0,0.0,0.0,0.0,0.0,0.0,-2.004,2.004,0.0,2.004,0.0,0.0,0.0,0.0,4494.0,0.0,6915.0,0.0,0.0,2.7184256974124493e+23,0.0,0.0,0.0,0.0,0.0,69,-152018521948160.0,126840365056.0,0.0,0.0,0.0,0.0,0.0,0.0,0.0,0,0,0,0.0,0.0,0.0,0.0,0.0,0.0,0.0,0.0,0.0,0.0,0.0,0.0,0.0,0.0,0.0,0.0,0,-107875648.0,69,0.0,138,0.0,-0.0,0,39322,17086,26215,17102,0,17082,0,0,0,70,68,100,2.7302399002429377e+23,82.3,-0.0,78.1,0.0,79.0,1,49,50,180,52429,39322,0,0,0.0,0.0,0.0,0.0,-0.0,67.0,0.0,162057.094,0.0,979,0,1008,0,0,0,953,0,1032,0,930,0,791,0,783,0,822,0,7520,0.032,1.4065642356203533e+20,0.0,0.0,784,16797,-0.0,162057.094,-114818.039,-0.0,0.133,6.909358625270745e+28,30.0,70.0,35,0.0,0.0,0.0,0.0,0.0,0.0,0.0,0.0,0.0,0.0,0.0,0.0,0.0,0.0,0.0,0.0,66.0,0,150,71,52,65476,0,300,0,0,8,20529,65476,0,0,44564,70.0,0.0,0.0,0.0,0.0,0.0
2026-09-10T21:23:44,ERR,ERR,ERR,ERR,ERR,ERR,ERR,ERR,ERR,ERR,ERR,ERR,ERR,ERR,ERR,ERR,ERR,ERR,ERR,ERR,ERR,ERR,ERR,ERR,ERR,ERR,ERR,ERR,ERR,ERR,ERR,ERR,ERR,ERR,ERR,ERR,ERR,ERR,ERR,ERR,ERR,ERR,ERR,ERR,ERR,ERR,ERR,ERR,ERR,ERR,ERR,ERR,ERR,ERR,ERR,ERR,ERR,ERR,ERR,ERR,ERR,ERR,ERR,ERR,ERR,ERR,ERR,ERR,ERR,ERR,ERR,ERR,ERR,ERR,ERR,ERR,ERR,ERR,ERR,ERR,ERR,ERR,ERR,ERR,ERR,ERR,ERR,ERR,ERR,ERR,ERR,ERR,ERR,ERR,ERR,ERR,ERR,ERR,ERR,ERR,ERR,ERR,ERR,ERR,ERR,ERR,ERR,ERR,ERR,ERR,ERR,ERR,ERR,ERR,ERR,ERR,ERR,ERR,ERR,ERR,ERR,ERR,ERR,ERR,ERR,0.0,0.0,2.6474835549302285e+23,0.0,0.0,1.3936040501711995e+18,7.805,0.0,0,0,4,0,7116,0.0,100,0.0,0.0,0.0,0.0,0.0,0,0,0,0,0.0,0,0,0,0,0,0,0,0,0,0,0,0,0,0,0,0,0,0,0,0,0,0,0,0,0,0,0,0,0,0,0,0,0,31,40,40,71,65476,0,300,0,0,8,21553,0.0,-107605600.0,0.0,0.0,0.0,0.0,0.0,0.0,0.0,0.0,0.0,0.0,0.0,0.0,0.0,0.0,0.0,0.0,0.0,0.0,0.0,0.0,-2.004,2.004,0.0,2.004,0.0,0.0,0.0,0.0,4494.0,0.0,6915.0,0.0,0.0,2.7184256974124493e+23,0.0,0.0,0.0,0.0,0.0,69,-152018521948160.0,126840365056.0,0.0,0.0,0.0,0.0,0.0,0.0,0.0,0,0,0,0.0,0.0,0.0,0.0,0.0,0.0,0.0,0.0,0.0,0.0,0.0,0.0,0.0,0.0,0.0,0.0,0,-107875648.0,69,0.0,138,0.0,-0.0,0,39322,17086,26215,17102,0,17082,0,0,0,70,68,100,2.7302399002429377e+23,82.3,-0.0,78.1,0.0,79.0,1,49,50,180,52429,39322,0,0,0.0,0.0,0.0,0.0,-0.0,67.0,0.0,162057.094,0.0,979,0,1008,0,0,0,953,0,1032,0,930,0,791,0,783,0,822,0,7520,0.032,1.4065642356203533e+20,0.0,0.0,784,16797,-0.0,162057.094,-114818.039,-0.0,0.133,6.909358625270745e+28,30.0,70.0,35,0.0,0.0,0.0,0.0,0.0,0.0,0.0,0.0,0.0,0.0,0.0,0.0,0.0,0.0,0.0,0.0,66.0,0,150,71,52,65476,0,300,0,0,8,20529,65476,0,0,44564,70.0,0.0,0.0,0.0,0.0,0.0
2026-09-10T21:23:45,ERR,ERR,ERR,ERR,ERR,ERR,ERR,ERR,ERR,ERR,ERR,ERR,ERR,ERR,ERR,ERR,ERR,ERR,ERR,ERR,ERR,ERR,ERR,ERR,ERR,ERR,ERR,ERR,ERR,ERR,ERR,ERR,ERR,ERR,ERR,ERR,ERR,ERR,ERR,ERR,ERR,ERR,ERR,ERR,ERR,ERR,ERR,ERR,ERR,ERR,ERR,ERR,ERR,ERR,ERR,ERR,ERR,ERR,ERR,ERR,ERR,ERR,ERR,ERR,ERR,ERR,ERR,ERR,ERR,ERR,ERR,ERR,ERR,ERR,ERR,ERR,ERR,ERR,ERR,ERR,ERR,ERR,ERR,ERR,ERR,ERR,ERR,ERR,ERR,ERR,ERR,ERR,ERR,ERR,ERR,ERR,ERR,ERR,ERR,ERR,ERR,ERR,ERR,ERR,ERR,ERR,ERR,ERR,ERR,ERR,ERR,ERR,ERR,ERR,ERR,ERR,ERR,ERR,ERR,ERR,ERR,ERR,ERR,ERR,ERR,0.0,0.0,2.6474835549302285e+23,0.0,0.0,1.3936040501711995e+18,7.805,0.0,0,0,4,0,7116,0.0,100,0.0,0.0,0.0,0.0,0.0,0,0,0,0,0.0,0,0,0,0,0,0,0,0,0,0,0,0,0,0,0,0,0,0,0,0,0,0,0,0,0,0,0,0,0,0,0,0,0,31,40,40,71,65476,0,300,0,0,8,21553,0.0,-107605600.0,0.0,0.0,0.0,0.0,0.0,0.0,0.0,0.0,0.0,0.0,0.0,0.0,0.0,0.0,0.0,0.0,0.0,0.0,0.0,0.0,-2.004,2.004,0.0,2.004,0.0,0.0,0.0,0.0,4494.0,0.0,6915.0,0.0,0.0,2.7184256974124493e+23,0.0,0.0,0.0,0.0,0.0,69,-152018521948160.0,126840365056.0,0.0,0.0,0.0,0.0,0.0,0.0,0.0,0,0,0,0.0,0.0,0.0,0.0,0.0,0.0,0.0,0.0,0.0,0.0,0.0,0.0,0.0,0.0,0.0,0.0,0,-107875648.0,69,0.0,138,0.0,-0.0,0,39322,17086,26215,17102,0,17082,0,0,0,70,68,100,2.7302399002429377e+23,82.3,-0.0,78.1,0.0,79.0,1,49,50,180,39322,39322,0,0,0.0,0.0,0.0,0.0,-0.0,67.0,0.0,162057.094,0.0,978,0,1008,0,0,0,953,0,1032,0,930,0,791,0,783,0,822,0,7520,0.032,1.400799628097319e+20,0.0,0.0,784,16797,-0.0,162057.094,-114818.039,-0.0,0.133,6.909358625270745e+28,30.0,70.0,35,0.0,0.0,0.0,0.0,0.0,0.0,0.0,0.0,0.0,0.0,0.0,0.0,0.0,0.0,0.0,0.0,66.0,0,150,71,52,65476,0,300,0,0,8,20529,65476,0,0,44564,70.0,0.0,0.0,0.0,0.0,0.0
2026-09-10T21:23:46,ERR,ERR,ERR,ERR,ERR,ERR,ERR,ERR,ERR,ERR,ERR,ERR,ERR,ERR,ERR,ERR,ERR,ERR,ERR,ERR,ERR,ERR,ERR,ERR,ERR,ERR,ERR,ERR,ERR,ERR,ERR,ERR,ERR,ERR,ERR,ERR,ERR,ERR,ERR,ERR,ERR,ERR,ERR,ERR,ERR,ERR,ERR,ERR,ERR,ERR,ERR,ERR,ERR,ERR,ERR,ERR,ERR,ERR,ERR,ERR,ERR,ERR,ERR,ERR,ERR,ERR,ERR,ERR,ERR,ERR,ERR,ERR,ERR,ERR,ERR,ERR,ERR,ERR,ERR,ERR,ERR,ERR,ERR,ERR,ERR,ERR,ERR,ERR,ERR,ERR,ERR,ERR,ERR,ERR,ERR,ERR,ERR,ERR,ERR,ERR,ERR,ERR,ERR,ERR,ERR,ERR,ERR,ERR,ERR,ERR,ERR,ERR,ERR,ERR,ERR,ERR,ERR,ERR,ERR,ERR,ERR,ERR,ERR,ERR,ERR,0.0,0.0,2.6474835549302285e+23,0.0,0.0,1.3936040501711995e+18,7.805,0.0,0,0,4,0,7116,0.0,100,0.0,0.0,0.0,0.0,0.0,0,0,0,0,0.0,0,0,0,0,0,0,0,0,0,0,0,0,0,0,0,0,0,0,0,0,0,0,0,0,0,0,0,0,0,0,0,0,0,31,40,40,71,65476,0,300,0,0,8,21553,0.0,-107605600.0,0.0,0.0,0.0,0.0,0.0,0.0,0.0,0.0,0.0,0.0,0.0,0.0,0.0,0.0,0.0,0.0,0.0,0.0,0.0,0.0,-2.004,2.004,0.0,2.004,0.0,0.0,0.0,0.0,4494.0,0.0,6915.0,0.0,0.0,2.7184256974124493e+23,0.0,0.0,0.0,0.0,0.0,69,-152018521948160.0,126840365056.0,0.0,0.0,0.0,0.0,0.0,0.0,0.0,0,0,0,0.0,0.0,0.0,0.0,0.0,0.0,0.0,0.0,0.0,0.0,0.0,0.0,0.0,0.0,0.0,0.0,0,-107875648.0,69,0.0,138,0.0,-0.0,0,39322,17086,26215,17102,0,17082,0,0,0,70,68,100,2.7302399002429377e+23,82.3,-0.0,78.1,0.0,79.0,1,49,50,180,39322,39322,0,0,0.0,0.0,0.0,0.0,-0.0,67.0,0.0,162057.094,0.0,978,0,1008,0,0,0,953,0,1032,0,930,0,791,0,783,0,822,0,7520,0.032,1.400799628097319e+20,0.0,0.0,784,16797,-0.0,162057.094,-114818.039,-0.0,0.133,6.909358625270745e+28,30.0,70.0,35,0.0,0.0,0.0,0.0,0.0,0.0,0.0,0.0,0.0,0.0,0.0,0.0,0.0,0.0,0.0,0.0,66.0,0,150,71,52,65476,0,300,0,0,8,20529,65476,0,0,44564,70.0,0.0,0.0,0.0,0.0,0.0
2026-09-10T21:23:47,ERR,ERR,ERR,ERR,ERR,ERR,ERR,ERR,ERR,ERR,ERR,ERR,ERR,ERR,ERR,ERR,ERR,ERR,ERR,ERR,ERR,ERR,ERR,ERR,ERR,ERR,ERR,ERR,ERR,ERR,ERR,ERR,ERR,ERR,ERR,ERR,ERR,ERR,ERR,ERR,ERR,ERR,ERR,ERR,ERR,ERR,ERR,ERR,ERR,ERR,ERR,ERR,ERR,ERR,ERR,ERR,ERR,ERR,ERR,ERR,ERR,ERR,ERR,ERR,ERR,ERR,ERR,ERR,ERR,ERR,ERR,ERR,ERR,ERR,ERR,ERR,ERR,ERR,ERR,ERR,ERR,ERR,ERR,ERR,ERR,ERR,ERR,ERR,ERR,ERR,ERR,ERR,ERR,ERR,ERR,ERR,ERR,ERR,ERR,ERR,ERR,ERR,ERR,ERR,ERR,ERR,ERR,ERR,ERR,ERR,ERR,ERR,ERR,ERR,ERR,ERR,ERR,ERR,ERR,ERR,ERR,ERR,ERR,ERR,ERR,0.0,0.0,2.6474835549302285e+23,0.0,0.0,1.3936040501711995e+18,7.805,0.0,0,0,4,0,7116,0.0,100,0.0,0.0,0.0,0.0,0.0,0,0,0,0,0.0,0,0,0,0,0,0,0,0,0,0,0,0,0,0,0,0,0,0,0,0,0,0,0,0,0,0,0,0,0,0,0,0,0,31,40,40,71,65476,0,300,0,0,8,21553,0.0,-107605600.0,0.0,0.0,0.0,0.0,0.0,0.0,0.0,0.0,0.0,0.0,0.0,0.0,0.0,0.0,0.0,0.0,0.0,0.0,0.0,0.0,-2.004,2.004,0.0,2.004,0.0,0.0,0.0,0.0,4494.0,0.0,6919.0,0.0,0.0,2.7184256974124493e+23,0.0,0.0,0.0,0.0,0.0,69,-126841143296.0,126840365056.0,0.0,0.0,0.0,0.0,0.0,0.0,0.0,0,0,0,0.0,0.0,0.0,0.0,0.0,0.0,0.0,0.0,0.0,0.0,0.0,0.0,0.0,0.0,0.0,0.0,0,-107875648.0,69,0.0,138,0.0,-0.0,0,39322,17086,26215,17102,0,17082,0,0,0,70,68,100,2.7302399002429377e+23,82.3,-0.0,78.1,0.0,79.0,1,49,50,180,39322,39322,0,0,0.0,0.0,0.0,0.0,-0.0,67.0,0.0,162057.094,0.0,978,0,1008,0,0,0,953,0,1032,0,930,0,791,0,783,0,822,0,7520,0.032,1.400799628097319e+20,0.0,0.0,784,16797,-0.0,162057.094,-114818.039,-0.0,0.133,6.909358625270745e+28,30.0,70.0,35,0.0,0.0,0.0,0.0,0.0,0.0,0.0,0.0,0.0,0.0,0.0,0.0,0.0,0.0,0.0,0.0,66.0,0,150,71,52,65476,0,300,0,0,8,20529,65476,0,0,44564,70.0,0.0,0.0,0.0,0.0,0.0
2026-09-10T21:23:48,ERR,ERR,ERR,ERR,ERR,ERR,ERR,ERR,ERR,ERR,ERR,ERR,ERR,ERR,ERR,ERR,ERR,ERR,ERR,ERR,ERR,ERR,ERR,ERR,ERR,ERR,ERR,ERR,ERR,ERR,ERR,ERR,ERR,ERR,ERR,ERR,ERR,ERR,ERR,ERR,ERR,ERR,ERR,ERR,ERR,ERR,ERR,ERR,ERR,ERR,ERR,ERR,ERR,ERR,ERR,ERR,ERR,ERR,ERR,ERR,ERR,ERR,ERR,ERR,ERR,ERR,ERR,ERR,ERR,ERR,ERR,ERR,ERR,ERR,ERR,ERR,ERR,ERR,ERR,ERR,ERR,ERR,ERR,ERR,ERR,ERR,ERR,ERR,ERR,ERR,ERR,ERR,ERR,ERR,ERR,ERR,ERR,ERR,ERR,ERR,ERR,ERR,ERR,ERR,ERR,ERR,ERR,ERR,ERR,ERR,ERR,ERR,ERR,ERR,ERR,ERR,ERR,ERR,ERR,ERR,ERR,ERR,ERR,ERR,ERR,0.0,0.0,2.6474835549302285e+23,0.0,0.0,1.3936040501711995e+18,7.805,0.0,0,0,4,0,7116,0.0,100,0.0,0.0,0.0,0.0,0.0,0,0,0,0,0.0,0,0,0,0,0,0,0,0,0,0,0,0,0,0,0,0,0,0,0,0,0,0,0,0,0,0,0,0,0,0,0,0,0,31,40,40,71,65476,0,300,0,0,8,21553,0.0,-107605600.0,0.0,0.0,0.0,0.0,0.0,0.0,0.0,0.0,0.0,0.0,0.0,0.0,0.0,0.0,0.0,0.0,0.0,0.0,0.0,0.0,-2.004,2.004,0.0,2.004,0.0,0.0,0.0,0.0,4494.0,0.0,6919.0,0.0,0.0,2.7184256974124493e+23,0.0,0.0,0.0,0.0,0.0,69,-126841143296.0,126840365056.0,0.0,0.0,0.0,0.0,0.0,0.0,0.0,0,0,0,0.0,0.0,0.0,0.0,0.0,0.0,0.0,0.0,0.0,0.0,0.0,0.0,0.0,0.0,0.0,0.0,0,-107875648.0,69,0.0,138,0.0,-0.0,0,39322,17086,26215,17102,0,17082,0,0,0,70,68,100,2.7302399002429377e+23,82.3,-0.0,78.1,0.0,79.0,1,49,50,180,39322,39322,0,0,0.0,0.0,0.0,0.0,-0.0,67.0,0.0,162057.094,0.0,978,0,1008,0,0,0,953,0,1032,0,930,0,791,0,783,0,822,0,7520,0.032,1.400799628097319e+20,0.0,0.0,784,16797,-0.0,162057.094,-114818.039,-0.0,0.133,6.909358625270745e+28,30.0,70.0,35,0.0,0.0,0.0,0.0,0.0,0.0,0.0,0.0,0.0,0.0,0.0,0.0,0.0,0.0,0.0,0.0,66.0,0,150,71,52,65476,0,300,0,0,8,20529,65476,0,0,44564,70.0,0.0,0.0,0.0,0.0,0.0
2026-09-10T21:23:49,ERR,ERR,ERR,ERR,ERR,ERR,ERR,ERR,ERR,ERR,ERR,ERR,ERR,ERR,ERR,ERR,ERR,ERR,ERR,ERR,ERR,ERR,ERR,ERR,ERR,ERR,ERR,ERR,ERR,ERR,ERR,ERR,ERR,ERR,ERR,ERR,ERR,ERR,ERR,ERR,ERR,ERR,ERR,ERR,ERR,ERR,ERR,ERR,ERR,ERR,ERR,ERR,ERR,ERR,ERR,ERR,ERR,ERR,ERR,ERR,ERR,ERR,ERR,ERR,ERR,ERR,ERR,ERR,ERR,ERR,ERR,ERR,ERR,ERR,ERR,ERR,ERR,ERR,ERR,ERR,ERR,ERR,ERR,ERR,ERR,ERR,ERR,ERR,ERR,ERR,ERR,ERR,ERR,ERR,ERR,ERR,ERR,ERR,ERR,ERR,ERR,ERR,ERR,ERR,ERR,ERR,ERR,ERR,ERR,ERR,ERR,ERR,ERR,ERR,ERR,ERR,ERR,ERR,ERR,ERR,ERR,ERR,ERR,ERR,ERR,0.0,0.0,2.6474835549302285e+23,0.0,0.0,1.3936040501711995e+18,7.805,0.0,0,0,4,0,7116,0.0,100,0.0,0.0,0.0,0.0,0.0,0,0,0,0,0.0,0,0,0,0,0,0,0,0,0,0,0,0,0,0,0,0,0,0,0,0,0,0,0,0,0,0,0,0,0,0,0,0,0,31,40,40,71,65476,0,300,0,0,8,21553,0.0,-107605600.0,0.0,0.0,0.0,0.0,0.0,0.0,0.0,0.0,0.0,0.0,0.0,0.0,0.0,0.0,0.0,0.0,0.0,0.0,0.0,0.0,-2.004,2.004,0.0,2.004,0.0,0.0,0.0,0.0,4494.0,0.0,6919.0,0.0,0.0,2.7184256974124493e+23,0.0,0.0,0.0,0.0,0.0,69,-126841143296.0,126840365056.0,0.0,0.0,0.0,0.0,0.0,0.0,0.0,0,0,0,0.0,0.0,0.0,0.0,0.0,0.0,0.0,0.0,0.0,0.0,0.0,0.0,0.0,0.0,0.0,0.0,0,-107875648.0,69,0.0,138,0.0,-0.0,0,39322,17086,26215,17102,0,17082,0,0,0,70,68,100,2.7302399002429377e+23,82.3,-0.0,78.1,0.0,79.0,1,49,50,180,39322,39322,0,0,0.0,0.0,0.0,0.0,-0.0,67.0,0.0,162057.094,0.0,978,0,1008,0,0,0,953,0,1032,0,930,0,791,0,783,0,822,0,7520,0.032,1.400799628097319e+20,0.0,0.0,784,16797,-0.0,162057.094,-114818.039,-0.0,0.133,6.909358625270745e+28,30.0,70.0,35,0.0,0.0,0.0,0.0,0.0,0.0,0.0,0.0,0.0,0.0,0.0,0.0,0.0,0.0,0.0,0.0,66.0,0,150,71,52,65476,0,300,0,0,8,20529,65476,0,0,44564,70.0,0.0,0.0,0.0,0.0,0.0
2026-09-10T21:23:50,ERR,ERR,ERR,ERR,ERR,ERR,ERR,ERR,ERR,ERR,ERR,ERR,ERR,ERR,ERR,ERR,ERR,ERR,ERR,ERR,ERR,ERR,ERR,ERR,ERR,ERR,ERR,ERR,ERR,ERR,ERR,ERR,ERR,ERR,ERR,ERR,ERR,ERR,ERR,ERR,ERR,ERR,ERR,ERR,ERR,ERR,ERR,ERR,ERR,ERR,ERR,ERR,ERR,ERR,ERR,ERR,ERR,ERR,ERR,ERR,ERR,ERR,ERR,ERR,ERR,ERR,ERR,ERR,ERR,ERR,ERR,ERR,ERR,ERR,ERR,ERR,ERR,ERR,ERR,ERR,ERR,ERR,ERR,ERR,ERR,ERR,ERR,ERR,ERR,ERR,ERR,ERR,ERR,ERR,ERR,ERR,ERR,ERR,ERR,ERR,ERR,ERR,ERR,ERR,ERR,ERR,ERR,ERR,ERR,ERR,ERR,ERR,ERR,ERR,ERR,ERR,ERR,ERR,ERR,ERR,ERR,ERR,ERR,ERR,ERR,0.0,0.0,2.6474835549302285e+23,0.0,0.0,1.3936040501711995e+18,7.805,0.0,0,0,4,0,7116,0.0,100,0.0,0.0,0.0,0.0,0.0,0,0,0,0,0.0,0,0,0,0,0,0,0,0,0,0,0,0,0,0,0,0,0,0,0,0,0,0,0,0,0,0,0,0,0,0,0,0,0,31,40,40,71,65476,0,300,0,0,8,21553,0.0,-107605600.0,0.0,0.0,0.0,0.0,0.0,0.0,0.0,0.0,0.0,0.0,0.0,0.0,0.0,0.0,0.0,0.0,0.0,0.0,0.0,0.0,-2.004,2.004,0.0,2.004,0.0,0.0,0.0,0.0,4494.0,0.0,6919.0,0.0,0.0,2.7184256974124493e+23,0.0,0.0,0.0,0.0,0.0,69,-126841143296.0,126840365056.0,0.0,0.0,0.0,0.0,0.0,0.0,0.0,0,0,0,0.0,0.0,0.0,0.0,0.0,0.0,0.0,0.0,0.0,0.0,0.0,0.0,0.0,0.0,0.0,0.0,0,-107875648.0,69,0.0,138,0.0,-0.0,0,39322,17086,26215,17102,0,17082,0,0,0,70,68,100,2.7302399002429377e+23,82.3,-0.0,78.1,0.0,79.0,1,49,50,180,39322,39322,0,0,0.0,0.0,0.0,0.0,-0.0,67.0,0.0,162057.094,0.0,978,0,1008,0,0,0,953,0,1032,0,930,0,791,0,783,0,822,0,7520,0.032,1.400799628097319e+20,0.0,0.0,784,16797,-0.0,162057.094,-114818.039,-0.0,0.133,6.909358625270745e+28,30.0,70.0,35,0.0,0.0,0.0,0.0,0.0,0.0,0.0,0.0,0.0,0.0,0.0,0.0,0.0,0.0,0.0,0.0,66.0,0,150,71,52,65476,0,300,0,0,8,20529,65476,0,0,44564,70.0,0.0,0.0,0.0,0.0,0.0
2026-09-10T21:23:51,ERR,ERR,ERR,ERR,ERR,ERR,ERR,ERR,ERR,ERR,ERR,ERR,ERR,ERR,ERR,ERR,ERR,ERR,ERR,ERR,ERR,ERR,ERR,ERR,ERR,ERR,ERR,ERR,ERR,ERR,ERR,ERR,ERR,ERR,ERR,ERR,ERR,ERR,ERR,ERR,ERR,ERR,ERR,ERR,ERR,ERR,ERR,ERR,ERR,ERR,ERR,ERR,ERR,ERR,ERR,ERR,ERR,ERR,ERR,ERR,ERR,ERR,ERR,ERR,ERR,ERR,ERR,ERR,ERR,ERR,ERR,ERR,ERR,ERR,ERR,ERR,ERR,ERR,ERR,ERR,ERR,ERR,ERR,ERR,ERR,ERR,ERR,ERR,ERR,ERR,ERR,ERR,ERR,ERR,ERR,ERR,ERR,ERR,ERR,ERR,ERR,ERR,ERR,ERR,ERR,ERR,ERR,ERR,ERR,ERR,ERR,ERR,ERR,ERR,ERR,ERR,ERR,ERR,ERR,ERR,ERR,ERR,ERR,ERR,ERR,0.0,0.0,2.6474835549302285e+23,0.0,0.0,1.3936040501711995e+18,7.805,0.0,0,0,4,0,7116,0.0,100,0.0,0.0,0.0,0.0,0.0,0,0,0,0,0.0,0,0,0,0,0,0,0,0,0,0,0,0,0,0,0,0,0,0,0,0,0,0,0,0,0,0,0,0,0,0,0,0,0,31,40,40,71,65476,0,300,0,0,8,21553,0.0,-107605600.0,0.0,0.0,0.0,0.0,0.0,0.0,0.0,0.0,0.0,0.0,0.0,0.0,0.0,0.0,0.0,0.0,0.0,0.0,0.0,0.0,-2.004,2.004,0.0,2.004,0.0,0.0,0.0,0.0,4494.0,0.0,6919.0,0.0,0.0,2.7184256974124493e+23,0.0,0.0,0.0,0.0,0.0,69,-126841143296.0,126840365056.0,0.0,0.0,0.0,0.0,0.0,0.0,0.0,0,0,0,0.0,0.0,0.0,0.0,0.0,0.0,0.0,0.0,0.0,0.0,0.0,0.0,0.0,0.0,0.0,0.0,0,-107875648.0,69,0.0,138,0.0,-0.0,0,39322,17086,26215,17102,0,17082,0,0,0,70,68,100,2.7302399002429377e+23,82.3,-0.0,78.1,0.0,79.0,1,49,50,180,39322,39322,0,0,0.0,0.0,0.0,0.0,-0.0,67.0,0.0,162057.094,0.0,978,0,1008,0,0,0,953,0,1032,0,930,0,791,0,783,0,822,0,7520,0.032,1.400799628097319e+20,0.0,0.0,784,16797,-0.0,162057.094,-114818.039,-0.0,0.133,6.909358625270745e+28,30.0,70.0,35,0.0,0.0,0.0,0.0,0.0,0.0,0.0,0.0,0.0,0.0,0.0,0.0,0.0,0.0,0.0,0.0,66.0,0,150,71,52,65476,0,300,0,0,8,20529,65476,0,0,44564,70.0,0.0,0.0,0.0,0.0,0.0
2026-09-10T21:23:52,ERR,ERR,ERR,ERR,ERR,ERR,ERR,ERR,ERR,ERR,ERR,ERR,ERR,ERR,ERR,ERR,ERR,ERR,ERR,ERR,ERR,ERR,ERR,ERR,ERR,ERR,ERR,ERR,ERR,ERR,ERR,ERR,ERR,ERR,ERR,ERR,ERR,ERR,ERR,ERR,ERR,ERR,ERR,ERR,ERR,ERR,ERR,ERR,ERR,ERR,ERR,ERR,ERR,ERR,ERR,ERR,ERR,ERR,ERR,ERR,ERR,ERR,ERR,ERR,ERR,ERR,ERR,ERR,ERR,ERR,ERR,ERR,ERR,ERR,ERR,ERR,ERR,ERR,ERR,ERR,ERR,ERR,ERR,ERR,ERR,ERR,ERR,ERR,ERR,ERR,ERR,ERR,ERR,ERR,ERR,ERR,ERR,ERR,ERR,ERR,ERR,ERR,ERR,ERR,ERR,ERR,ERR,ERR,ERR,ERR,ERR,ERR,ERR,ERR,ERR,ERR,ERR,ERR,ERR,ERR,ERR,ERR,ERR,ERR,ERR,0.0,0.0,2.6474835549302285e+23,0.0,0.0,1.3936040501711995e+18,7.805,0.0,0,0,4,0,7116,0.0,100,0.0,0.0,0.0,0.0,0.0,0,0,0,0,0.0,0,0,0,0,0,0,0,0,0,0,0,0,0,0,0,0,0,0,0,0,0,0,0,0,0,0,0,0,0,0,0,0,0,31,40,40,71,65476,0,300,0,0,8,21553,0.0,-107605600.0,0.0,0.0,0.0,0.0,0.0,0.0,0.0,0.0,0.0,0.0,0.0,0.0,0.0,0.0,0.0,0.0,0.0,0.0,0.0,0.0,-2.004,2.004,0.0,2.004,0.0,0.0,0.0,0.0,4494.0,0.0,6919.0,0.0,0.0,2.7184256974124493e+23,0.0,0.0,0.0,0.0,0.0,69,-126841143296.0,126840365056.0,0.0,0.0,0.0,0.0,0.0,0.0,0.0,0,0,0,0.0,0.0,0.0,0.0,0.0,0.0,0.0,0.0,0.0,0.0,0.0,0.0,0.0,0.0,0.0,0.0,0,-107875648.0,69,0.0,138,0.0,-0.0,0,39322,17086,26215,17102,0,17082,0,0,0,70,68,100,2.7302399002429377e+23,82.3,-0.0,78.1,0.0,79.0,1,49,50,180,39322,39322,0,0,0.0,0.0,0.0,0.0,-0.0,67.0,0.0,162057.094,0.0,978,0,1008,0,0,0,953,0,1032,0,930,0,791,0,783,0,822,0,7520,0.032,1.400799628097319e+20,0.0,0.0,784,16797,-0.0,162057.094,-114818.039,-0.0,0.133,6.909358625270745e+28,30.0,70.0,35,0.0,0.0,0.0,0.0,0.0,0.0,0.0,0.0,0.0,0.0,0.0,0.0,0.0,0.0,0.0,0.0,66.0,0,150,71,52,65476,0,300,0,0,8,20529,65476,0,0,44564,70.0,0.0,0.0,0.0,0.0,0.0
2026-09-10T21:23:53,ERR,ERR,ERR,ERR,ERR,ERR,ERR,ERR,ERR,ERR,ERR,ERR,ERR,ERR,ERR,ERR,ERR,ERR,ERR,ERR,ERR,ERR,ERR,ERR,ERR,ERR,ERR,ERR,ERR,ERR,ERR,ERR,ERR,ERR,ERR,ERR,ERR,ERR,ERR,ERR,ERR,ERR,ERR,ERR,ERR,ERR,ERR,ERR,ERR,ERR,ERR,ERR,ERR,ERR,ERR,ERR,ERR,ERR,ERR,ERR,ERR,ERR,ERR,ERR,ERR,ERR,ERR,ERR,ERR,ERR,ERR,ERR,ERR,ERR,ERR,ERR,ERR,ERR,ERR,ERR,ERR,ERR,ERR,ERR,ERR,ERR,ERR,ERR,ERR,ERR,ERR,ERR,ERR,ERR,ERR,ERR,ERR,ERR,ERR,ERR,ERR,ERR,ERR,ERR,ERR,ERR,ERR,ERR,ERR,ERR,ERR,ERR,ERR,ERR,ERR,ERR,ERR,ERR,ERR,ERR,ERR,ERR,ERR,ERR,ERR,0.0,0.0,2.6474835549302285e+23,0.0,0.0,1.3936040501711995e+18,7.805,0.0,0,0,4,0,7116,0.0,100,0.0,0.0,0.0,0.0,0.0,0,0,0,0,0.0,0,0,0,0,0,0,0,0,0,0,0,0,0,0,0,0,0,0,0,0,0,0,0,0,0,0,0,0,0,0,0,0,0,31,40,40,71,65476,0,300,0,0,8,21553,0.0,-107605600.0,0.0,0.0,0.0,0.0,0.0,0.0,0.0,0.0,0.0,0.0,0.0,0.0,0.0,0.0,0.0,0.0,0.0,0.0,0.0,0.0,-2.004,2.004,0.0,2.004,0.0,0.0,0.0,0.0,4494.0,0.0,6919.0,0.0,0.0,2.7184256974124493e+23,0.0,0.0,0.0,0.0,0.0,69,-126841143296.0,126840365056.0,0.0,0.0,0.0,0.0,0.0,0.0,0.0,0,0,0,0.0,0.0,0.0,0.0,0.0,0.0,0.0,0.0,0.0,0.0,0.0,0.0,0.0,0.0,0.0,0.0,0,-107875648.0,69,0.0,138,0.0,-0.0,0,39322,17086,26215,17102,0,17082,0,0,0,70,68,100,2.7302399002429377e+23,82.3,-0.0,78.1,0.0,79.0,1,49,50,180,39322,39322,0,0,0.0,0.0,0.0,0.0,-0.0,67.0,0.0,162057.094,0.0,978,0,1008,0,0,0,953,0,1032,0,930,0,791,0,783,0,822,0,7520,0.032,1.400799628097319e+20,0.0,0.0,784,16797,-0.0,162057.094,-114818.039,-0.0,0.133,6.909358625270745e+28,30.0,70.0,35,0.0,0.0,0.0,0.0,0.0,0.0,0.0,0.0,0.0,0.0,0.0,0.0,0.0,0.0,0.0,0.0,66.0,0,150,71,52,65476,0,300,0,0,8,20529,65476,0,0,44564,70.0,0.0,0.0,0.0,0.0,0.0
2026-09-10T21:23:54,ERR,ERR,ERR,ERR,ERR,ERR,ERR,ERR,ERR,ERR,ERR,ERR,ERR,ERR,ERR,ERR,ERR,ERR,ERR,ERR,ERR,ERR,ERR,ERR,ERR,ERR,ERR,ERR,ERR,ERR,ERR,ERR,ERR,ERR,ERR,ERR,ERR,ERR,ERR,ERR,ERR,ERR,ERR,ERR,ERR,ERR,ERR,ERR,ERR,ERR,ERR,ERR,ERR,ERR,ERR,ERR,ERR,ERR,ERR,ERR,ERR,ERR,ERR,ERR,ERR,ERR,ERR,ERR,ERR,ERR,ERR,ERR,ERR,ERR,ERR,ERR,ERR,ERR,ERR,ERR,ERR,ERR,ERR,ERR,ERR,ERR,ERR,ERR,ERR,ERR,ERR,ERR,ERR,ERR,ERR,ERR,ERR,ERR,ERR,ERR,ERR,ERR,ERR,ERR,ERR,ERR,ERR,ERR,ERR,ERR,ERR,ERR,ERR,ERR,ERR,ERR,ERR,ERR,ERR,ERR,ERR,ERR,ERR,ERR,ERR,0.0,0.0,2.6474835549302285e+23,0.0,0.0,1.3936040501711995e+18,7.805,0.0,0,0,4,0,7116,0.0,100,0.0,0.0,0.0,0.0,0.0,0,0,0,0,0.0,0,0,0,0,0,0,0,0,0,0,0,0,0,0,0,0,0,0,0,0,0,0,0,0,0,0,0,0,0,0,0,0,0,31,40,40,71,65476,0,300,0,0,8,21553,0.0,-107605600.0,0.0,0.0,0.0,0.0,0.0,0.0,0.0,0.0,0.0,0.0,0.0,0.0,0.0,0.0,0.0,0.0,0.0,0.0,0.0,0.0,-2.004,2.004,0.0,2.004,0.0,0.0,0.0,0.0,4494.0,0.0,6919.0,0.0,0.0,2.7184256974124493e+23,0.0,0.0,0.0,0.0,0.0,69,-126841143296.0,126840365056.0,0.0,0.0,0.0,0.0,0.0,0.0,0.0,0,0,0,0.0,0.0,0.0,0.0,0.0,0.0,0.0,0.0,0.0,0.0,0.0,0.0,0.0,0.0,0.0,0.0,0,-107875648.0,69,0.0,138,0.0,-0.0,0,39322,17086,26215,17102,0,17082,0,0,0,70,68,100,2.7302399002429377e+23,82.3,-0.0,78.1,0.0,79.0,1,49,50,180,39322,39322,0,0,0.0,0.0,0.0,0.0,-0.0,67.0,0.0,162057.094,0.0,978,0,1008,0,0,0,953,0,1032,0,930,0,791,0,783,0,822,0,7520,0.032,1.400799628097319e+20,0.0,0.0,784,16797,-0.0,162057.094,-114818.039,-0.0,0.133,6.909358625270745e+28,30.0,70.0,35,0.0,0.0,0.0,0.0,0.0,0.0,0.0,0.0,0.0,0.0,0.0,0.0,0.0,0.0,0.0,0.0,66.0,0,150,71,52,65476,0,300,0,0,8,20529,65476,0,0,44564,70.0,0.0,0.0,0.0,0.0,0.0
2026-09-10T21:23:55,ERR,ERR,ERR,ERR,ERR,ERR,ERR,ERR,ERR,ERR,ERR,ERR,ERR,ERR,ERR,ERR,ERR,ERR,ERR,ERR,ERR,ERR,ERR,ERR,ERR,ERR,ERR,ERR,ERR,ERR,ERR,ERR,ERR,ERR,ERR,ERR,ERR,ERR,ERR,ERR,ERR,ERR,ERR,ERR,ERR,ERR,ERR,ERR,ERR,ERR,ERR,ERR,ERR,ERR,ERR,ERR,ERR,ERR,ERR,ERR,ERR,ERR,ERR,ERR,ERR,ERR,ERR,ERR,ERR,ERR,ERR,ERR,ERR,ERR,ERR,ERR,ERR,ERR,ERR,ERR,ERR,ERR,ERR,ERR,ERR,ERR,ERR,ERR,ERR,ERR,ERR,ERR,ERR,ERR,ERR,ERR,ERR,ERR,ERR,ERR,ERR,ERR,ERR,ERR,ERR,ERR,ERR,ERR,ERR,ERR,ERR,ERR,ERR,ERR,ERR,ERR,ERR,ERR,ERR,ERR,ERR,ERR,ERR,ERR,ERR,0.0,0.0,2.6474835549302285e+23,0.0,0.0,1.3936040501711995e+18,7.805,0.0,0,0,4,0,7116,0.0,100,0.0,0.0,0.0,0.0,0.0,0,0,0,0,0.0,0,0,0,0,0,0,0,0,0,0,0,0,0,0,0,0,0,0,0,0,0,0,0,0,0,0,0,0,0,0,0,0,0,31,40,40,71,65476,0,300,0,0,8,21553,0.0,-107605600.0,0.0,0.0,0.0,0.0,0.0,0.0,0.0,0.0,0.0,0.0,0.0,0.0,0.0,0.0,0.0,0.0,0.0,0.0,0.0,0.0,-2.004,2.004,0.0,2.004,0.0,0.0,0.0,0.0,4489.0,0.0,6913.0,0.0,0.0,2.7184256974124493e+23,0.0,0.0,0.0,0.0,0.0,69,-0.0,0.059,0.0,0.0,0.0,0.0,0.0,0.0,0.0,0,0,0,0.0,0.0,0.0,0.0,0.0,0.0,0.0,0.0,0.0,0.0,0.0,0.0,0.0,0.0,0.0,0.0,0,-107875648.0,69,0.0,138,0.0,-0.0,0,39322,17086,26215,17102,0,17082,0,0,0,70,68,100,2.7302399002429377e+23,82.3,-0.0,78.1,0.0,79.0,1,49,50,180,39322,39322,0,0,0.0,0.0,0.0,0.0,-0.0,67.0,0.0,162057.094,0.0,978,0,1008,0,0,0,953,0,1032,0,930,0,791,0,783,0,822,0,7520,0.032,1.400799628097319e+20,0.0,0.0,784,16797,-0.0,162057.094,-114818.039,-0.0,0.133,6.909358625270745e+28,30.0,70.0,35,0.0,0.0,0.0,0.0,0.0,0.0,0.0,0.0,0.0,0.0,0.0,0.0,0.0,0.0,0.0,0.0,66.0,0,150,71,52,65476,0,300,0,0,8,20529,65476,0,0,44564,70.0,0.0,0.0,0.0,0.0,0.0
2026-09-10T21:23:56,ERR,ERR,ERR,ERR,ERR,ERR,ERR,ERR,ERR,ERR,ERR,ERR,ERR,ERR,ERR,ERR,ERR,ERR,ERR,ERR,ERR,ERR,ERR,ERR,ERR,ERR,ERR,ERR,ERR,ERR,ERR,ERR,ERR,ERR,ERR,ERR,ERR,ERR,ERR,ERR,ERR,ERR,ERR,ERR,ERR,ERR,ERR,ERR,ERR,ERR,ERR,ERR,ERR,ERR,ERR,ERR,ERR,ERR,ERR,ERR,ERR,ERR,ERR,ERR,ERR,ERR,ERR,ERR,ERR,ERR,ERR,ERR,ERR,ERR,ERR,ERR,ERR,ERR,ERR,ERR,ERR,ERR,ERR,ERR,ERR,ERR,ERR,ERR,ERR,ERR,ERR,ERR,ERR,ERR,ERR,ERR,ERR,ERR,ERR,ERR,ERR,ERR,ERR,ERR,ERR,ERR,ERR,ERR,ERR,ERR,ERR,ERR,ERR,ERR,ERR,ERR,ERR,ERR,ERR,ERR,ERR,ERR,ERR,ERR,ERR,0.0,0.0,2.6474835549302285e+23,0.0,0.0,1.3936040501711995e+18,7.805,0.0,0,0,4,0,7116,0.0,100,0.0,0.0,0.0,0.0,0.0,0,0,0,0,0.0,0,0,0,0,0,0,0,0,0,0,0,0,0,0,0,0,0,0,0,0,0,0,0,0,0,0,0,0,0,0,0,0,0,31,40,40,71,65476,0,300,0,0,8,21553,0.0,-107605600.0,0.0,0.0,0.0,0.0,0.0,0.0,0.0,0.0,0.0,0.0,0.0,0.0,0.0,0.0,0.0,0.0,0.0,0.0,0.0,0.0,-2.004,2.004,0.0,2.004,0.0,0.0,0.0,0.0,4489.0,0.0,6913.0,0.0,0.0,2.7184256974124493e+23,0.0,0.0,0.0,0.0,0.0,69,-0.0,0.059,0.0,0.0,0.0,0.0,0.0,0.0,0.0,0,0,0,0.0,0.0,0.0,0.0,0.0,0.0,0.0,0.0,0.0,0.0,0.0,0.0,0.0,0.0,0.0,0.0,0,-107875648.0,69,0.0,138,0.0,-0.0,0,39322,17086,26215,17102,0,17082,0,0,0,70,68,100,2.7302399002429377e+23,82.3,-0.0,78.1,0.0,79.0,1,49,50,180,39322,39322,0,0,0.0,0.0,0.0,0.0,-0.0,67.0,0.0,162057.094,0.0,978,0,1008,0,0,0,953,0,1032,0,930,0,791,0,783,0,822,0,7520,0.032,1.400799628097319e+20,0.0,0.0,784,16797,-0.0,162057.094,-114818.039,-0.0,0.133,6.909358625270745e+28,30.0,70.0,35,0.0,0.0,0.0,0.0,0.0,0.0,0.0,0.0,0.0,0.0,0.0,0.0,0.0,0.0,0.0,0.0,66.0,0,150,71,52,65476,0,300,0,0,8,20529,65476,0,0,44564,70.0,0.0,0.0,0.0,0.0,0.0
2026-09-10T21:23:57,ERR,ERR,ERR,ERR,ERR,ERR,ERR,ERR,ERR,ERR,ERR,ERR,ERR,ERR,ERR,ERR,ERR,ERR,ERR,ERR,ERR,ERR,ERR,ERR,ERR,ERR,ERR,ERR,ERR,ERR,ERR,ERR,ERR,ERR,ERR,ERR,ERR,ERR,ERR,ERR,ERR,ERR,ERR,ERR,ERR,ERR,ERR,ERR,ERR,ERR,ERR,ERR,ERR,ERR,ERR,ERR,ERR,ERR,ERR,ERR,ERR,ERR,ERR,ERR,ERR,ERR,ERR,ERR,ERR,ERR,ERR,ERR,ERR,ERR,ERR,ERR,ERR,ERR,ERR,ERR,ERR,ERR,ERR,ERR,ERR,ERR,ERR,ERR,ERR,ERR,ERR,ERR,ERR,ERR,ERR,ERR,ERR,ERR,ERR,ERR,ERR,ERR,ERR,ERR,ERR,ERR,ERR,ERR,ERR,ERR,ERR,ERR,ERR,ERR,ERR,ERR,ERR,ERR,ERR,ERR,ERR,ERR,ERR,ERR,ERR,0.0,0.0,2.6474835549302285e+23,0.0,0.0,1.3936040501711995e+18,7.805,0.0,0,0,4,0,7116,0.0,100,0.0,0.0,0.0,0.0,0.0,0,0,0,0,0.0,0,0,0,0,0,0,0,0,0,0,0,0,0,0,0,0,0,0,0,0,0,0,0,0,0,0,0,0,0,0,0,0,0,31,40,40,71,65476,0,300,0,0,8,21553,0.0,-107605600.0,0.0,0.0,0.0,0.0,0.0,0.0,0.0,0.0,0.0,0.0,0.0,0.0,0.0,0.0,0.0,0.0,0.0,0.0,0.0,0.0,-2.004,2.004,0.0,2.004,0.0,0.0,0.0,0.0,4489.0,0.0,6913.0,0.0,0.0,2.7184256974124493e+23,0.0,0.0,0.0,0.0,0.0,69,-0.0,0.059,0.0,0.0,0.0,0.0,0.0,0.0,0.0,0,0,0,0.0,0.0,0.0,0.0,0.0,0.0,0.0,0.0,0.0,0.0,0.0,0.0,0.0,0.0,0.0,0.0,0,-107875648.0,69,0.0,138,0.0,-0.0,0,39322,17086,26215,17102,0,17082,0,0,0,70,68,100,2.7302399002429377e+23,82.3,-0.0,78.1,0.0,79.0,1,49,50,180,39322,39322,0,0,0.0,0.0,0.0,0.0,-0.0,67.0,0.0,162057.094,0.0,978,0,1008,0,0,0,953,0,1032,0,930,0,791,0,783,0,822,0,7520,0.032,1.4065642356203533e+20,0.0,0.0,784,16797,-0.0,162057.094,-114818.039,-0.0,0.133,6.909358625270745e+28,30.0,70.0,35,0.0,0.0,0.0,0.0,0.0,0.0,0.0,0.0,0.0,0.0,0.0,0.0,0.0,0.0,0.0,0.0,66.0,0,150,71,52,65476,0,300,0,0,8,20529,65476,0,0,44564,70.0,0.0,0.0,0.0,0.0,0.0
2026-09-10T21:23:58,ERR,ERR,ERR,ERR,ERR,ERR,ERR,ERR,ERR,ERR,ERR,ERR,ERR,ERR,ERR,ERR,ERR,ERR,ERR,ERR,ERR,ERR,ERR,ERR,ERR,ERR,ERR,ERR,ERR,ERR,ERR,ERR,ERR,ERR,ERR,ERR,ERR,ERR,ERR,ERR,ERR,ERR,ERR,ERR,ERR,ERR,ERR,ERR,ERR,ERR,ERR,ERR,ERR,ERR,ERR,ERR,ERR,ERR,ERR,ERR,ERR,ERR,ERR,ERR,ERR,ERR,ERR,ERR,ERR,ERR,ERR,ERR,ERR,ERR,ERR,ERR,ERR,ERR,ERR,ERR,ERR,ERR,ERR,ERR,ERR,ERR,ERR,ERR,ERR,ERR,ERR,ERR,ERR,ERR,ERR,ERR,ERR,ERR,ERR,ERR,ERR,ERR,ERR,ERR,ERR,ERR,ERR,ERR,ERR,ERR,ERR,ERR,ERR,ERR,ERR,ERR,ERR,ERR,ERR,ERR,ERR,ERR,ERR,ERR,ERR,0.0,0.0,2.6474835549302285e+23,0.0,0.0,1.3936040501711995e+18,7.805,0.0,0,0,4,0,7116,0.0,100,0.0,0.0,0.0,0.0,0.0,0,0,0,0,0.0,0,0,0,0,0,0,0,0,0,0,0,0,0,0,0,0,0,0,0,0,0,0,0,0,0,0,0,0,0,0,0,0,0,31,40,40,71,65476,0,300,0,0,8,21553,0.0,-107605600.0,0.0,0.0,0.0,0.0,0.0,0.0,0.0,0.0,0.0,0.0,0.0,0.0,0.0,0.0,0.0,0.0,0.0,0.0,0.0,0.0,-2.004,2.004,0.0,2.004,0.0,0.0,0.0,0.0,4489.0,0.0,6913.0,0.0,0.0,2.7184256974124493e+23,0.0,0.0,0.0,0.0,0.0,69,-0.0,0.059,0.0,0.0,0.0,0.0,0.0,0.0,0.0,0,0,0,0.0,0.0,0.0,0.0,0.0,0.0,0.0,0.0,0.0,0.0,0.0,0.0,0.0,0.0,0.0,0.0,0,-107875648.0,69,0.0,138,0.0,-0.0,0,39322,17086,26215,17102,0,17082,0,0,0,70,68,100,2.7302399002429377e+23,82.3,-0.0,78.1,0.0,79.0,1,49,50,180,39322,39322,0,0,0.0,0.0,0.0,0.0,-0.0,67.0,0.0,162057.094,0.0,978,0,1008,0,0,0,953,0,1032,0,930,0,791,0,783,0,822,0,7520,0.032,1.4065642356203533e+20,0.0,0.0,784,16797,-0.0,162057.094,-114818.039,-0.0,0.133,6.909358625270745e+28,30.0,70.0,35,0.0,0.0,0.0,0.0,0.0,0.0,0.0,0.0,0.0,0.0,0.0,0.0,0.0,0.0,0.0,0.0,66.4,0,150,71,52,65476,0,300,0,0,8,20529,65476,0,0,44564,70.0,0.0,0.0,0.0,0.0,0.0
2026-09-10T21:23:59,ERR,ERR,ERR,ERR,ERR,ERR,ERR,ERR,ERR,ERR,ERR,ERR,ERR,ERR,ERR,ERR,ERR,ERR,ERR,ERR,ERR,ERR,ERR,ERR,ERR,ERR,ERR,ERR,ERR,ERR,ERR,ERR,ERR,ERR,ERR,ERR,ERR,ERR,ERR,ERR,ERR,ERR,ERR,ERR,ERR,ERR,ERR,ERR,ERR,ERR,ERR,ERR,ERR,ERR,ERR,ERR,ERR,ERR,ERR,ERR,ERR,ERR,ERR,ERR,ERR,ERR,ERR,ERR,ERR,ERR,ERR,ERR,ERR,ERR,ERR,ERR,ERR,ERR,ERR,ERR,ERR,ERR,ERR,ERR,ERR,ERR,ERR,ERR,ERR,ERR,ERR,ERR,ERR,ERR,ERR,ERR,ERR,ERR,ERR,ERR,ERR,ERR,ERR,ERR,ERR,ERR,ERR,ERR,ERR,ERR,ERR,ERR,ERR,ERR,ERR,ERR,ERR,ERR,ERR,ERR,ERR,ERR,ERR,ERR,ERR,0.0,0.0,2.6474835549302285e+23,0.0,0.0,1.3936040501711995e+18,7.805,0.0,0,0,4,0,7116,0.0,100,0.0,0.0,0.0,0.0,0.0,0,0,0,0,0.0,0,0,0,0,0,0,0,0,0,0,0,0,0,0,0,0,0,0,0,0,0,0,0,0,0,0,0,0,0,0,0,0,0,31,40,40,71,65476,0,300,0,0,8,21553,0.0,-107605600.0,0.0,0.0,0.0,0.0,0.0,0.0,0.0,0.0,0.0,0.0,0.0,0.0,0.0,0.0,0.0,0.0,0.0,0.0,0.0,0.0,-2.004,2.004,0.0,2.004,0.0,0.0,0.0,0.0,4489.0,0.0,6913.0,0.0,0.0,2.7184256974124493e+23,0.0,0.0,0.0,0.0,0.0,69,-0.0,0.059,0.0,0.0,0.0,0.0,0.0,0.0,0.0,0,0,0,0.0,0.0,0.0,0.0,0.0,0.0,0.0,0.0,0.0,0.0,0.0,0.0,0.0,0.0,0.0,0.0,0,-107875648.0,69,0.0,138,0.0,-0.0,0,39322,17086,26215,17102,0,17082,0,0,0,70,68,100,2.7302399002429377e+23,82.3,-0.0,78.1,0.0,79.0,1,49,50,180,39322,39322,0,0,0.0,0.0,0.0,0.0,-0.0,67.0,0.0,162057.094,0.0,978,0,1008,0,0,0,953,0,1032,0,930,0,791,0,783,0,822,0,7520,0.032,1.4065642356203533e+20,0.0,0.0,784,16797,-0.0,162057.094,-114818.039,-0.0,0.133,6.909358625270745e+28,30.0,70.0,35,0.0,0.0,0.0,0.0,0.0,0.0,0.0,0.0,0.0,0.0,0.0,0.0,0.0,0.0,0.0,0.0,66.4,0,150,71,52,65476,0,300,0,0,8,20529,65476,0,0,44564,70.0,0.0,0.0,0.0,0.0,0.0
2026-09-10T21:24:00,ERR,ERR,ERR,ERR,ERR,ERR,ERR,ERR,ERR,ERR,ERR,ERR,ERR,ERR,ERR,ERR,ERR,ERR,ERR,ERR,ERR,ERR,ERR,ERR,ERR,ERR,ERR,ERR,ERR,ERR,ERR,ERR,ERR,ERR,ERR,ERR,ERR,ERR,ERR,ERR,ERR,ERR,ERR,ERR,ERR,ERR,ERR,ERR,ERR,ERR,ERR,ERR,ERR,ERR,ERR,ERR,ERR,ERR,ERR,ERR,ERR,ERR,ERR,ERR,ERR,ERR,ERR,ERR,ERR,ERR,ERR,ERR,ERR,ERR,ERR,ERR,ERR,ERR,ERR,ERR,ERR,ERR,ERR,ERR,ERR,ERR,ERR,ERR,ERR,ERR,ERR,ERR,ERR,ERR,ERR,ERR,ERR,ERR,ERR,ERR,ERR,ERR,ERR,ERR,ERR,ERR,ERR,ERR,ERR,ERR,ERR,ERR,ERR,ERR,ERR,ERR,ERR,ERR,ERR,ERR,ERR,ERR,ERR,ERR,ERR,0.0,0.0,2.6474835549302285e+23,0.0,0.0,1.3936040501711995e+18,7.805,0.0,0,0,4,0,7116,0.0,100,0.0,0.0,0.0,0.0,0.0,0,0,0,0,0.0,0,0,0,0,0,0,0,0,0,0,0,0,0,0,0,0,0,0,0,0,0,0,0,0,0,0,0,0,0,0,0,0,0,31,40,40,71,65476,0,300,0,0,8,21553,0.0,-107605600.0,0.0,0.0,0.0,0.0,0.0,0.0,0.0,0.0,0.0,0.0,0.0,0.0,0.0,0.0,0.0,0.0,0.0,0.0,0.0,0.0,-2.004,2.004,0.0,2.004,0.0,0.0,0.0,0.0,4489.0,0.0,6913.0,0.0,0.0,2.7184256974124493e+23,0.0,0.0,0.0,0.0,0.0,69,-0.0,0.059,0.0,0.0,0.0,0.0,0.0,0.0,0.0,0,0,0,0.0,0.0,0.0,0.0,0.0,0.0,0.0,0.0,0.0,0.0,0.0,0.0,0.0,0.0,0.0,0.0,0,-107875648.0,69,0.0,138,0.0,-0.0,0,39322,17086,26215,17102,0,17082,0,0,0,70,68,100,2.7302399002429377e+23,82.3,-0.0,78.1,0.0,79.0,1,49,50,180,39322,39322,0,0,0.0,0.0,0.0,0.0,-0.0,67.0,0.0,162057.094,0.0,978,0,1008,0,0,0,953,0,1032,0,930,0,791,0,783,0,822,0,7520,0.032,1.4065642356203533e+20,0.0,0.0,784,16797,-0.0,162057.094,-114818.039,-0.0,0.133,6.909358625270745e+28,30.0,70.0,35,0.0,0.0,0.0,0.0,0.0,0.0,0.0,0.0,0.0,0.0,0.0,0.0,0.0,0.0,0.0,0.0,66.0,0,150,71,52,65476,0,300,0,0,8,20529,65476,0,0,44564,70.0,0.0,0.0,0.0,0.0,0.0
2026-09-10T21:24:01,ERR,ERR,ERR,ERR,ERR,ERR,ERR,ERR,ERR,ERR,ERR,ERR,ERR,ERR,ERR,ERR,ERR,ERR,ERR,ERR,ERR,ERR,ERR,ERR,ERR,ERR,ERR,ERR,ERR,ERR,ERR,ERR,ERR,ERR,ERR,ERR,ERR,ERR,ERR,ERR,ERR,ERR,ERR,ERR,ERR,ERR,ERR,ERR,ERR,ERR,ERR,ERR,ERR,ERR,ERR,ERR,ERR,ERR,ERR,ERR,ERR,ERR,ERR,ERR,ERR,ERR,ERR,ERR,ERR,ERR,ERR,ERR,ERR,ERR,ERR,ERR,ERR,ERR,ERR,ERR,ERR,ERR,ERR,ERR,ERR,ERR,ERR,ERR,ERR,ERR,ERR,ERR,ERR,ERR,ERR,ERR,ERR,ERR,ERR,ERR,ERR,ERR,ERR,ERR,ERR,ERR,ERR,ERR,ERR,ERR,ERR,ERR,ERR,ERR,ERR,ERR,ERR,ERR,ERR,ERR,ERR,ERR,ERR,ERR,ERR,0.0,0.0,2.6474835549302285e+23,0.0,0.0,1.3936040501711995e+18,7.805,0.0,0,0,4,0,7116,0.0,100,0.0,0.0,0.0,0.0,0.0,0,0,0,0,0.0,0,0,0,0,0,0,0,0,0,0,0,0,0,0,0,0,0,0,0,0,0,0,0,0,0,0,0,0,0,0,0,0,0,31,40,40,71,65476,0,300,0,0,8,21553,0.0,-107605600.0,0.0,0.0,0.0,0.0,0.0,0.0,0.0,0.0,0.0,0.0,0.0,0.0,0.0,0.0,0.0,0.0,0.0,0.0,0.0,0.0,-2.004,2.004,0.0,2.004,0.0,0.0,0.0,0.0,4489.0,0.0,6913.0,0.0,0.0,2.7184256974124493e+23,0.0,0.0,0.0,0.0,0.0,69,-0.0,0.059,0.0,0.0,0.0,0.0,0.0,0.0,0.0,0,0,0,0.0,0.0,0.0,0.0,0.0,0.0,0.0,0.0,0.0,0.0,0.0,0.0,0.0,0.0,0.0,0.0,0,-107875648.0,69,0.0,138,0.0,-0.0,0,39322,17086,26215,17102,0,17082,0,0,0,70,68,100,2.7302399002429377e+23,82.3,-0.0,78.1,0.0,79.0,1,49,50,180,39322,39322,0,0,0.0,0.0,0.0,0.0,-0.0,67.0,0.0,162057.094,0.0,978,0,1008,0,0,0,953,0,1032,0,930,0,791,0,783,0,822,0,7520,0.032,1.4065642356203533e+20,0.0,0.0,784,16797,-0.0,162057.094,-114818.039,-0.0,0.133,6.909358625270745e+28,30.0,70.0,35,0.0,0.0,0.0,0.0,0.0,0.0,0.0,0.0,0.0,0.0,0.0,0.0,0.0,0.0,0.0,0.0,66.0,0,150,71,52,65476,0,300,0,0,8,20529,65476,0,0,44564,70.0,0.0,0.0,0.0,0.0,0.0
2026-09-10T21:24:02,ERR,ERR,ERR,ERR,ERR,ERR,ERR,ERR,ERR,ERR,ERR,ERR,ERR,ERR,ERR,ERR,ERR,ERR,ERR,ERR,ERR,ERR,ERR,ERR,ERR,ERR,ERR,ERR,ERR,ERR,ERR,ERR,ERR,ERR,ERR,ERR,ERR,ERR,ERR,ERR,ERR,ERR,ERR,ERR,ERR,ERR,ERR,ERR,ERR,ERR,ERR,ERR,ERR,ERR,ERR,ERR,ERR,ERR,ERR,ERR,ERR,ERR,ERR,ERR,ERR,ERR,ERR,ERR,ERR,ERR,ERR,ERR,ERR,ERR,ERR,ERR,ERR,ERR,ERR,ERR,ERR,ERR,ERR,ERR,ERR,ERR,ERR,ERR,ERR,ERR,ERR,ERR,ERR,ERR,ERR,ERR,ERR,ERR,ERR,ERR,ERR,ERR,ERR,ERR,ERR,ERR,ERR,ERR,ERR,ERR,ERR,ERR,ERR,ERR,ERR,ERR,ERR,ERR,ERR,ERR,ERR,ERR,ERR,ERR,ERR,0.0,0.0,2.6474835549302285e+23,0.0,0.0,1.3936040501711995e+18,7.805,0.0,0,0,4,0,7116,0.0,100,0.0,0.0,0.0,0.0,0.0,0,0,0,0,0.0,0,0,0,0,0,0,0,0,0,0,0,0,0,0,0,0,0,0,0,0,0,0,0,0,0,0,0,0,0,0,0,0,0,31,40,40,71,65476,0,300,0,0,8,21553,0.0,-107605600.0,0.0,0.0,0.0,0.0,0.0,0.0,0.0,0.0,0.0,0.0,0.0,0.0,0.0,0.0,0.0,0.0,0.0,0.0,0.0,0.0,-2.004,2.004,0.0,2.004,0.0,0.0,0.0,0.0,4499.0,8608165888.0,6921.0,0.0,0.0,2.7184256974124493e+23,0.0,0.0,0.0,0.0,0.0,69,-2.3088410695593833e+20,-0.0,0.0,0.0,0.0,0.0,0.0,0.0,0.0,0,0,0,0.0,0.0,0.0,0.0,0.0,0.0,0.0,0.0,0.0,0.0,0.0,0.0,0.0,0.0,0.0,0.0,0,-107875648.0,69,0.0,138,0.0,-0.0,0,39322,17086,26215,17102,52429,17081,0,0,0,70,68,100,2.7302399002429377e+23,82.3,-0.0,78.1,0.0,79.0,1,49,50,180,39322,39322,0,0,0.0,0.0,0.0,0.0,-0.0,67.0,0.0,162057.094,0.0,978,0,1008,0,0,0,953,0,1032,0,929,0,791,0,783,0,822,0,7520,0.032,1.400799628097319e+20,0.0,0.0,784,16797,-0.0,162057.094,-114818.039,-0.0,0.133,6.909358625270745e+28,30.0,70.0,35,0.0,0.0,0.0,0.0,0.0,0.0,0.0,0.0,0.0,0.0,0.0,0.0,0.0,0.0,0.0,0.0,66.0,0,150,71,52,65476,0,300,0,0,8,20529,65476,0,0,44564,70.0,0.0,0.0,0.0,0.0,0.0
2026-09-10T21:24:03,ERR,ERR,ERR,ERR,ERR,ERR,ERR,ERR,ERR,ERR,ERR,ERR,ERR,ERR,ERR,ERR,ERR,ERR,ERR,ERR,ERR,ERR,ERR,ERR,ERR,ERR,ERR,ERR,ERR,ERR,ERR,ERR,ERR,ERR,ERR,ERR,ERR,ERR,ERR,ERR,ERR,ERR,ERR,ERR,ERR,ERR,ERR,ERR,ERR,ERR,ERR,ERR,ERR,ERR,ERR,ERR,ERR,ERR,ERR,ERR,ERR,ERR,ERR,ERR,ERR,ERR,ERR,ERR,ERR,ERR,ERR,ERR,ERR,ERR,ERR,ERR,ERR,ERR,ERR,ERR,ERR,ERR,ERR,ERR,ERR,ERR,ERR,ERR,ERR,ERR,ERR,ERR,ERR,ERR,ERR,ERR,ERR,ERR,ERR,ERR,ERR,ERR,ERR,ERR,ERR,ERR,ERR,ERR,ERR,ERR,ERR,ERR,ERR,ERR,ERR,ERR,ERR,ERR,ERR,ERR,ERR,ERR,ERR,ERR,ERR,0.0,0.0,2.6474835549302285e+23,0.0,0.0,1.3936040501711995e+18,7.805,0.0,0,0,4,0,7116,0.0,100,0.0,0.0,0.0,0.0,0.0,0,0,0,0,0.0,0,0,0,0,0,0,0,0,0,0,0,0,0,0,0,0,0,0,0,0,0,0,0,0,0,0,0,0,0,0,0,0,0,31,40,40,71,65476,0,300,0,0,8,21553,0.0,-107605600.0,0.0,0.0,0.0,0.0,0.0,0.0,0.0,0.0,0.0,0.0,0.0,0.0,0.0,0.0,0.0,0.0,0.0,0.0,0.0,0.0,-2.004,2.004,0.0,2.004,0.0,0.0,0.0,0.0,4499.0,8608165888.0,6921.0,0.0,0.0,2.7184256974124493e+23,0.0,0.0,0.0,0.0,0.0,69,-2.3088410695593833e+20,-0.0,0.0,0.0,0.0,0.0,0.0,0.0,0.0,0,0,0,0.0,0.0,0.0,0.0,0.0,0.0,0.0,0.0,0.0,0.0,0.0,0.0,0.0,0.0,0.0,0.0,0,-107875648.0,69,0.0,138,0.0,-0.0,0,39322,17086,26215,17102,52429,17081,0,0,0,70,68,100,2.7302399002429377e+23,82.3,-0.0,78.1,0.0,79.0,1,49,50,180,39322,39322,0,0,0.0,0.0,0.0,0.0,-0.0,67.0,0.0,162057.094,0.0,978,0,1008,0,0,0,953,0,1032,0,929,0,791,0,783,0,822,0,7520,0.032,1.400799628097319e+20,0.0,0.0,784,16797,-0.0,162057.094,-114818.039,-0.0,0.133,6.909358625270745e+28,30.0,70.0,35,0.0,0.0,0.0,0.0,0.0,0.0,0.0,0.0,0.0,0.0,0.0,0.0,0.0,0.0,0.0,0.0,66.0,0,150,71,52,65476,0,300,0,0,8,20529,65476,0,0,44564,70.0,0.0,0.0,0.0,0.0,0.0
2026-09-10T21:24:04,ERR,ERR,ERR,ERR,ERR,ERR,ERR,ERR,ERR,ERR,ERR,ERR,ERR,ERR,ERR,ERR,ERR,ERR,ERR,ERR,ERR,ERR,ERR,ERR,ERR,ERR,ERR,ERR,ERR,ERR,ERR,ERR,ERR,ERR,ERR,ERR,ERR,ERR,ERR,ERR,ERR,ERR,ERR,ERR,ERR,ERR,ERR,ERR,ERR,ERR,ERR,ERR,ERR,ERR,ERR,ERR,ERR,ERR,ERR,ERR,ERR,ERR,ERR,ERR,ERR,ERR,ERR,ERR,ERR,ERR,ERR,ERR,ERR,ERR,ERR,ERR,ERR,ERR,ERR,ERR,ERR,ERR,ERR,ERR,ERR,ERR,ERR,ERR,ERR,ERR,ERR,ERR,ERR,ERR,ERR,ERR,ERR,ERR,ERR,ERR,ERR,ERR,ERR,ERR,ERR,ERR,ERR,ERR,ERR,ERR,ERR,ERR,ERR,ERR,ERR,ERR,ERR,ERR,ERR,ERR,ERR,ERR,ERR,ERR,ERR,0.0,0.0,2.6474835549302285e+23,0.0,0.0,1.3936040501711995e+18,7.805,0.0,0,0,4,0,7116,0.0,100,0.0,0.0,0.0,0.0,0.0,0,0,0,0,0.0,0,0,0,0,0,0,0,0,0,0,0,0,0,0,0,0,0,0,0,0,0,0,0,0,0,0,0,0,0,0,0,0,0,31,40,40,71,65476,0,300,0,0,8,21553,0.0,-107605600.0,0.0,0.0,0.0,0.0,0.0,0.0,0.0,0.0,0.0,0.0,0.0,0.0,0.0,0.0,0.0,0.0,0.0,0.0,0.0,0.0,-2.004,2.004,0.0,2.004,0.0,0.0,0.0,0.0,4499.0,8608165888.0,6921.0,0.0,0.0,2.7184256974124493e+23,0.0,0.0,0.0,0.0,0.0,69,-2.3088410695593833e+20,-0.0,0.0,0.0,0.0,0.0,0.0,0.0,0.0,0,0,0,0.0,0.0,0.0,0.0,0.0,0.0,0.0,0.0,0.0,0.0,0.0,0.0,0.0,0.0,0.0,0.0,0,-107875648.0,69,0.0,138,0.0,-0.0,0,39322,17086,26215,17102,52429,17081,0,0,0,70,68,100,2.7302399002429377e+23,82.3,-0.0,78.1,0.0,79.0,1,49,50,180,39322,39322,0,0,0.0,0.0,0.0,0.0,-0.0,67.0,0.0,162057.094,0.0,978,0,1008,0,0,0,953,0,1032,0,929,0,791,0,783,0,822,0,7520,0.032,1.400799628097319e+20,0.0,0.0,784,16797,-0.0,162057.094,-114818.039,-0.0,0.133,6.909358625270745e+28,30.0,70.0,35,0.0,0.0,0.0,0.0,0.0,0.0,0.0,0.0,0.0,0.0,0.0,0.0,0.0,0.0,0.0,0.0,66.0,0,150,71,52,65476,0,300,0,0,8,20529,65476,0,0,44564,70.0,0.0,0.0,0.0,0.0,0.0
2026-09-10T21:24:05,ERR,ERR,ERR,ERR,ERR,ERR,ERR,ERR,ERR,ERR,ERR,ERR,ERR,ERR,ERR,ERR,ERR,ERR,ERR,ERR,ERR,ERR,ERR,ERR,ERR,ERR,ERR,ERR,ERR,ERR,ERR,ERR,ERR,ERR,ERR,ERR,ERR,ERR,ERR,ERR,ERR,ERR,ERR,ERR,ERR,ERR,ERR,ERR,ERR,ERR,ERR,ERR,ERR,ERR,ERR,ERR,ERR,ERR,ERR,ERR,ERR,ERR,ERR,ERR,ERR,ERR,ERR,ERR,ERR,ERR,ERR,ERR,ERR,ERR,ERR,ERR,ERR,ERR,ERR,ERR,ERR,ERR,ERR,ERR,ERR,ERR,ERR,ERR,ERR,ERR,ERR,ERR,ERR,ERR,ERR,ERR,ERR,ERR,ERR,ERR,ERR,ERR,ERR,ERR,ERR,ERR,ERR,ERR,ERR,ERR,ERR,ERR,ERR,ERR,ERR,ERR,ERR,ERR,ERR,ERR,ERR,ERR,ERR,ERR,ERR,0.0,0.0,2.6474835549302285e+23,0.0,0.0,1.3936040501711995e+18,7.805,0.0,0,0,4,0,7116,0.0,100,0.0,0.0,0.0,0.0,0.0,0,0,0,0,0.0,0,0,0,0,0,0,0,0,0,0,0,0,0,0,0,0,0,0,0,0,0,0,0,0,0,0,0,0,0,0,0,0,0,31,40,40,71,65476,0,300,0,0,8,21553,0.0,-107605600.0,0.0,0.0,0.0,0.0,0.0,0.0,0.0,0.0,0.0,0.0,0.0,0.0,0.0,0.0,0.0,0.0,0.0,0.0,0.0,0.0,-2.004,2.004,0.0,2.004,0.0,0.0,0.0,0.0,4499.0,8608165888.0,6921.0,0.0,0.0,2.7184256974124493e+23,0.0,0.0,0.0,0.0,0.0,69,-2.3088410695593833e+20,-0.0,0.0,0.0,0.0,0.0,0.0,0.0,0.0,0,0,0,0.0,0.0,0.0,0.0,0.0,0.0,0.0,0.0,0.0,0.0,0.0,0.0,0.0,0.0,0.0,0.0,0,-107875648.0,69,0.0,138,0.0,-0.0,0,39322,17086,26215,17102,52429,17081,0,0,0,70,68,100,2.7302399002429377e+23,82.3,-0.0,78.1,0.0,79.0,1,49,50,180,39322,39322,0,0,0.0,0.0,0.0,0.0,-0.0,67.0,0.0,162057.094,0.0,978,0,1008,0,0,0,953,0,1032,0,929,0,791,0,783,0,822,0,7520,0.032,1.400799628097319e+20,0.0,0.0,784,16797,-0.0,162057.094,-114818.039,-0.0,0.133,6.909358625270745e+28,30.0,70.0,35,0.0,0.0,0.0,0.0,0.0,0.0,0.0,0.0,0.0,0.0,0.0,0.0,0.0,0.0,0.0,0.0,66.0,0,150,71,52,65476,0,300,0,0,8,20529,65476,0,0,44564,70.0,0.0,0.0,0.0,0.0,0.0
2026-09-10T21:24:06,ERR,ERR,ERR,ERR,ERR,ERR,ERR,ERR,ERR,ERR,ERR,ERR,ERR,ERR,ERR,ERR,ERR,ERR,ERR,ERR,ERR,ERR,ERR,ERR,ERR,ERR,ERR,ERR,ERR,ERR,ERR,ERR,ERR,ERR,ERR,ERR,ERR,ERR,ERR,ERR,ERR,ERR,ERR,ERR,ERR,ERR,ERR,ERR,ERR,ERR,ERR,ERR,ERR,ERR,ERR,ERR,ERR,ERR,ERR,ERR,ERR,ERR,ERR,ERR,ERR,ERR,ERR,ERR,ERR,ERR,ERR,ERR,ERR,ERR,ERR,ERR,ERR,ERR,ERR,ERR,ERR,ERR,ERR,ERR,ERR,ERR,ERR,ERR,ERR,ERR,ERR,ERR,ERR,ERR,ERR,ERR,ERR,ERR,ERR,ERR,ERR,ERR,ERR,ERR,ERR,ERR,ERR,ERR,ERR,ERR,ERR,ERR,ERR,ERR,ERR,ERR,ERR,ERR,ERR,ERR,ERR,ERR,ERR,ERR,ERR,0.0,0.0,2.6474835549302285e+23,0.0,0.0,1.3936040501711995e+18,7.805,0.0,0,0,4,0,7116,0.0,100,0.0,0.0,0.0,0.0,0.0,0,0,0,0,0.0,0,0,0,0,0,0,0,0,0,0,0,0,0,0,0,0,0,0,0,0,0,0,0,0,0,0,0,0,0,0,0,0,0,31,40,40,71,65476,0,300,0,0,8,21553,0.0,-107605600.0,0.0,0.0,0.0,0.0,0.0,0.0,0.0,0.0,0.0,0.0,0.0,0.0,0.0,0.0,0.0,0.0,0.0,0.0,0.0,0.0,-2.004,2.004,0.0,2.004,0.0,0.0,0.0,0.0,4499.0,8608165888.0,6921.0,0.0,0.0,2.7184256974124493e+23,0.0,0.0,0.0,0.0,0.0,69,-2.3088410695593833e+20,-0.0,0.0,0.0,0.0,0.0,0.0,0.0,0.0,0,0,0,0.0,0.0,0.0,0.0,0.0,0.0,0.0,0.0,0.0,0.0,0.0,0.0,0.0,0.0,0.0,0.0,0,-107875648.0,69,0.0,138,0.0,-0.0,0,39322,17086,26215,17102,52429,17081,0,0,0,70,68,100,2.7302399002429377e+23,82.3,-0.0,78.1,0.0,79.0,1,49,50,180,39322,39322,0,0,0.0,0.0,0.0,0.0,-0.0,67.0,0.0,162057.094,0.0,978,0,1008,0,0,0,953,0,1032,0,929,0,791,0,783,0,822,0,7520,0.032,1.400799628097319e+20,0.0,0.0,784,16797,-0.0,162057.094,-114818.039,-0.0,0.133,6.909358625270745e+28,30.0,70.0,35,0.0,0.0,0.0,0.0,0.0,0.0,0.0,0.0,0.0,0.0,0.0,0.0,0.0,0.0,0.0,0.0,66.0,0,150,71,52,65476,0,300,0,0,8,20529,65476,0,0,44564,70.0,0.0,0.0,0.0,0.0,0.0
2026-09-10T21:24:07,ERR,ERR,ERR,ERR,ERR,ERR,ERR,ERR,ERR,ERR,ERR,ERR,ERR,ERR,ERR,ERR,ERR,ERR,ERR,ERR,ERR,ERR,ERR,ERR,ERR,ERR,ERR,ERR,ERR,ERR,ERR,ERR,ERR,ERR,ERR,ERR,ERR,ERR,ERR,ERR,ERR,ERR,ERR,ERR,ERR,ERR,ERR,ERR,ERR,ERR,ERR,ERR,ERR,ERR,ERR,ERR,ERR,ERR,ERR,ERR,ERR,ERR,ERR,ERR,ERR,ERR,ERR,ERR,ERR,ERR,ERR,ERR,ERR,ERR,ERR,ERR,ERR,ERR,ERR,ERR,ERR,ERR,ERR,ERR,ERR,ERR,ERR,ERR,ERR,ERR,ERR,ERR,ERR,ERR,ERR,ERR,ERR,ERR,ERR,ERR,ERR,ERR,ERR,ERR,ERR,ERR,ERR,ERR,ERR,ERR,ERR,ERR,ERR,ERR,ERR,ERR,ERR,ERR,ERR,ERR,ERR,ERR,ERR,ERR,ERR,0.0,0.0,2.6474835549302285e+23,0.0,0.0,1.3936040501711995e+18,7.805,0.0,0,0,4,0,7116,0.0,100,0.0,0.0,0.0,0.0,0.0,0,0,0,0,0.0,0,0,0,0,0,0,0,0,0,0,0,0,0,0,0,0,0,0,0,0,0,0,0,0,0,0,0,0,0,0,0,0,0,31,40,40,71,65476,0,300,0,0,8,21553,0.0,-107605600.0,0.0,0.0,0.0,0.0,0.0,0.0,0.0,0.0,0.0,0.0,0.0,0.0,0.0,0.0,0.0,0.0,0.0,0.0,0.0,0.0,-2.004,2.004,0.0,2.004,0.0,0.0,0.0,0.0,4499.0,8608165888.0,6921.0,0.0,0.0,2.7184256974124493e+23,0.0,0.0,0.0,0.0,0.0,69,-2.3088410695593833e+20,-0.0,0.0,0.0,0.0,0.0,0.0,0.0,0.0,0,0,0,0.0,0.0,0.0,0.0,0.0,0.0,0.0,0.0,0.0,0.0,0.0,0.0,0.0,0.0,0.0,0.0,0,-107875648.0,69,0.0,138,0.0,-0.0,0,39322,17086,26215,17102,52429,17081,0,0,0,70,68,100,2.7302399002429377e+23,82.3,-0.0,78.1,0.0,79.0,1,49,50,180,39322,39322,0,0,0.0,0.0,0.0,0.0,-0.0,67.0,0.0,162057.094,0.0,978,0,1008,0,0,0,953,0,1032,0,929,0,791,0,783,0,822,0,7520,0.032,1.400799628097319e+20,0.0,0.0,784,16797,-0.0,162057.094,-114818.039,-0.0,0.133,6.909358625270745e+28,30.0,70.0,35,0.0,0.0,0.0,0.0,0.0,0.0,0.0,0.0,0.0,0.0,0.0,0.0,0.0,0.0,0.0,0.0,66.0,0,150,71,52,65476,0,300,0,0,8,20529,65476,0,0,44564,70.0,0.0,0.0,0.0,0.0,0.0
2026-09-10T21:24:08,ERR,ERR,ERR,ERR,ERR,ERR,ERR,ERR,ERR,ERR,ERR,ERR,ERR,ERR,ERR,ERR,ERR,ERR,ERR,ERR,ERR,ERR,ERR,ERR,ERR,ERR,ERR,ERR,ERR,ERR,ERR,ERR,ERR,ERR,ERR,ERR,ERR,ERR,ERR,ERR,ERR,ERR,ERR,ERR,ERR,ERR,ERR,ERR,ERR,ERR,ERR,ERR,ERR,ERR,ERR,ERR,ERR,ERR,ERR,ERR,ERR,ERR,ERR,ERR,ERR,ERR,ERR,ERR,ERR,ERR,ERR,ERR,ERR,ERR,ERR,ERR,ERR,ERR,ERR,ERR,ERR,ERR,ERR,ERR,ERR,ERR,ERR,ERR,ERR,ERR,ERR,ERR,ERR,ERR,ERR,ERR,ERR,ERR,ERR,ERR,ERR,ERR,ERR,ERR,ERR,ERR,ERR,ERR,ERR,ERR,ERR,ERR,ERR,ERR,ERR,ERR,ERR,ERR,ERR,ERR,ERR,ERR,ERR,ERR,ERR,0.0,0.0,2.6474835549302285e+23,0.0,0.0,1.3936040501711995e+18,7.805,0.0,0,0,4,0,7116,0.0,100,0.0,0.0,0.0,0.0,0.0,0,0,0,0,0.0,0,0,0,0,0,0,0,0,0,0,0,0,0,0,0,0,0,0,0,0,0,0,0,0,0,0,0,0,0,0,0,0,0,31,40,40,71,65476,0,300,0,0,8,21553,0.0,-107605600.0,0.0,0.0,0.0,0.0,0.0,0.0,0.0,0.0,0.0,0.0,0.0,0.0,0.0,0.0,0.0,0.0,0.0,0.0,0.0,0.0,-2.004,2.004,0.0,2.004,0.0,0.0,0.0,0.0,4499.0,8608165888.0,6921.0,0.0,0.0,2.7184256974124493e+23,0.0,0.0,0.0,0.0,0.0,69,-2.3088410695593833e+20,-0.0,0.0,0.0,0.0,0.0,0.0,0.0,0.0,0,0,0,0.0,0.0,0.0,0.0,0.0,0.0,0.0,0.0,0.0,0.0,0.0,0.0,0.0,0.0,0.0,0.0,0,-107875648.0,69,0.0,138,0.0,-0.0,0,39322,17086,26215,17102,52429,17081,0,0,0,70,68,100,2.7302399002429377e+23,82.3,-0.0,78.1,0.0,79.0,1,49,50,180,52429,39322,0,0,0.0,0.0,0.0,0.0,-0.0,67.0,0.0,162057.094,0.0,979,0,1008,0,0,0,953,0,1032,0,929,0,791,0,783,0,822,0,7520,0.032,1.4065642356203533e+20,0.0,0.0,784,16797,-0.0,162057.094,-114818.039,-0.0,0.133,6.909358625270745e+28,30.0,70.0,35,0.0,0.0,0.0,0.0,0.0,0.0,0.0,0.0,0.0,0.0,0.0,0.0,0.0,0.0,0.0,0.0,66.0,0,150,71,52,65476,0,300,0,0,8,20529,65476,0,0,44564,70.0,0.0,0.0,0.0,0.0,0.0
2026-09-10T21:24:09,ERR,ERR,ERR,ERR,ERR,ERR,ERR,ERR,ERR,ERR,ERR,ERR,ERR,ERR,ERR,ERR,ERR,ERR,ERR,ERR,ERR,ERR,ERR,ERR,ERR,ERR,ERR,ERR,ERR,ERR,ERR,ERR,ERR,ERR,ERR,ERR,ERR,ERR,ERR,ERR,ERR,ERR,ERR,ERR,ERR,ERR,ERR,ERR,ERR,ERR,ERR,ERR,ERR,ERR,ERR,ERR,ERR,ERR,ERR,ERR,ERR,ERR,ERR,ERR,ERR,ERR,ERR,ERR,ERR,ERR,ERR,ERR,ERR,ERR,ERR,ERR,ERR,ERR,ERR,ERR,ERR,ERR,ERR,ERR,ERR,ERR,ERR,ERR,ERR,ERR,ERR,ERR,ERR,ERR,ERR,ERR,ERR,ERR,ERR,ERR,ERR,ERR,ERR,ERR,ERR,ERR,ERR,ERR,ERR,ERR,ERR,ERR,ERR,ERR,ERR,ERR,ERR,ERR,ERR,ERR,ERR,ERR,ERR,ERR,ERR,0.0,0.0,2.6474835549302285e+23,0.0,0.0,1.3936040501711995e+18,7.805,0.0,0,0,4,0,7116,0.0,100,0.0,0.0,0.0,0.0,0.0,0,0,0,0,0.0,0,0,0,0,0,0,0,0,0,0,0,0,0,0,0,0,0,0,0,0,0,0,0,0,0,0,0,0,0,0,0,0,0,31,40,40,71,65476,0,300,0,0,8,21553,0.0,-107605600.0,0.0,0.0,0.0,0.0,0.0,0.0,0.0,0.0,0.0,0.0,0.0,0.0,0.0,0.0,0.0,0.0,0.0,0.0,0.0,0.0,-2.004,2.004,0.0,2.004,0.0,0.0,0.0,0.0,4498.0,0.0,6919.0,0.0,0.0,2.7184256974124493e+23,0.0,0.0,0.0,0.0,0.0,69,-152018521948160.0,5.848047364202327e+35,0.0,0.0,0.0,0.0,0.0,0.0,0.0,0,0,0,0.0,0.0,0.0,0.0,0.0,0.0,0.0,0.0,0.0,0.0,0.0,0.0,0.0,0.0,0.0,0.0,0,-107875648.0,69,0.0,138,0.0,-0.0,0,39322,17086,26215,17102,52429,17081,0,0,0,70,68,100,2.7302399002429377e+23,82.3,-0.0,78.1,0.0,79.0,1,49,50,180,52429,39322,0,0,0.0,0.0,0.0,0.0,-0.0,67.0,0.0,162057.094,0.0,979,0,1008,0,0,0,953,0,1032,0,929,0,791,0,783,0,822,0,7520,0.032,1.4065642356203533e+20,0.0,0.0,784,16797,-0.0,162057.094,-114818.039,-0.0,0.133,6.909358625270745e+28,30.0,70.0,35,0.0,0.0,0.0,0.0,0.0,0.0,0.0,0.0,0.0,0.0,0.0,0.0,0.0,0.0,0.0,0.0,66.0,0,150,71,52,65476,0,300,0,0,8,20529,65476,0,0,44564,70.0,0.0,0.0,0.0,0.0,0.0
2026-09-10T21:24:10,ERR,ERR,ERR,ERR,ERR,ERR,ERR,ERR,ERR,ERR,ERR,ERR,ERR,ERR,ERR,ERR,ERR,ERR,ERR,ERR,ERR,ERR,ERR,ERR,ERR,ERR,ERR,ERR,ERR,ERR,ERR,ERR,ERR,ERR,ERR,ERR,ERR,ERR,ERR,ERR,ERR,ERR,ERR,ERR,ERR,ERR,ERR,ERR,ERR,ERR,ERR,ERR,ERR,ERR,ERR,ERR,ERR,ERR,ERR,ERR,ERR,ERR,ERR,ERR,ERR,ERR,ERR,ERR,ERR,ERR,ERR,ERR,ERR,ERR,ERR,ERR,ERR,ERR,ERR,ERR,ERR,ERR,ERR,ERR,ERR,ERR,ERR,ERR,ERR,ERR,ERR,ERR,ERR,ERR,ERR,ERR,ERR,ERR,ERR,ERR,ERR,ERR,ERR,ERR,ERR,ERR,ERR,ERR,ERR,ERR,ERR,ERR,ERR,ERR,ERR,ERR,ERR,ERR,ERR,ERR,ERR,ERR,ERR,ERR,ERR,0.0,0.0,2.6474835549302285e+23,0.0,0.0,1.3936040501711995e+18,7.805,0.0,0,0,4,0,7116,0.0,100,0.0,0.0,0.0,0.0,0.0,0,0,0,0,0.0,0,0,0,0,0,0,0,0,0,0,0,0,0,0,0,0,0,0,0,0,0,0,0,0,0,0,0,0,0,0,0,0,0,31,40,40,71,65476,0,300,0,0,8,21553,0.0,-107605600.0,0.0,0.0,0.0,0.0,0.0,0.0,0.0,0.0,0.0,0.0,0.0,0.0,0.0,0.0,0.0,0.0,0.0,0.0,0.0,0.0,-2.004,2.004,0.0,2.004,0.0,0.0,0.0,0.0,4498.0,0.0,6919.0,0.0,0.0,2.7184256974124493e+23,0.0,0.0,0.0,0.0,0.0,69,-152018521948160.0,5.848047364202327e+35,0.0,0.0,0.0,0.0,0.0,0.0,0.0,0,0,0,0.0,0.0,0.0,0.0,0.0,0.0,0.0,0.0,0.0,0.0,0.0,0.0,0.0,0.0,0.0,0.0,0,-107875648.0,69,0.0,138,0.0,-0.0,0,39322,17086,26215,17102,52429,17081,0,0,0,70,68,100,2.7302399002429377e+23,82.3,-0.0,78.1,0.0,79.0,1,49,50,180,52429,39322,0,0,0.0,0.0,0.0,0.0,-0.0,67.0,0.0,162057.094,0.0,979,0,1008,0,0,0,953,0,1032,0,929,0,791,0,783,0,822,0,7520,0.032,1.4065642356203533e+20,0.0,0.0,784,16797,-0.0,162057.094,-114818.039,-0.0,0.133,6.909358625270745e+28,30.0,70.0,35,0.0,0.0,0.0,0.0,0.0,0.0,0.0,0.0,0.0,0.0,0.0,0.0,0.0,0.0,0.0,0.0,66.4,0,150,71,52,65476,0,300,0,0,8,20529,65476,0,0,44564,70.0,0.0,0.0,0.0,0.0,0.0
2026-09-10T21:24:11,ERR,ERR,ERR,ERR,ERR,ERR,ERR,ERR,ERR,ERR,ERR,ERR,ERR,ERR,ERR,ERR,ERR,ERR,ERR,ERR,ERR,ERR,ERR,ERR,ERR,ERR,ERR,ERR,ERR,ERR,ERR,ERR,ERR,ERR,ERR,ERR,ERR,ERR,ERR,ERR,ERR,ERR,ERR,ERR,ERR,ERR,ERR,ERR,ERR,ERR,ERR,ERR,ERR,ERR,ERR,ERR,ERR,ERR,ERR,ERR,ERR,ERR,ERR,ERR,ERR,ERR,ERR,ERR,ERR,ERR,ERR,ERR,ERR,ERR,ERR,ERR,ERR,ERR,ERR,ERR,ERR,ERR,ERR,ERR,ERR,ERR,ERR,ERR,ERR,ERR,ERR,ERR,ERR,ERR,ERR,ERR,ERR,ERR,ERR,ERR,ERR,ERR,ERR,ERR,ERR,ERR,ERR,ERR,ERR,ERR,ERR,ERR,ERR,ERR,ERR,ERR,ERR,ERR,ERR,ERR,ERR,ERR,ERR,ERR,ERR,0.0,0.0,2.6474835549302285e+23,0.0,0.0,1.3936040501711995e+18,7.805,0.0,0,0,4,0,7116,0.0,100,0.0,0.0,0.0,0.0,0.0,0,0,0,0,0.0,0,0,0,0,0,0,0,0,0,0,0,0,0,0,0,0,0,0,0,0,0,0,0,0,0,0,0,0,0,0,0,0,0,31,40,40,71,65476,0,300,0,0,8,21553,0.0,-107605600.0,0.0,0.0,0.0,0.0,0.0,0.0,0.0,0.0,0.0,0.0,0.0,0.0,0.0,0.0,0.0,0.0,0.0,0.0,0.0,0.0,-2.004,2.004,0.0,2.004,0.0,0.0,0.0,0.0,4498.0,0.0,6919.0,0.0,0.0,2.7184256974124493e+23,0.0,0.0,0.0,0.0,0.0,69,-152018521948160.0,5.848047364202327e+35,0.0,0.0,0.0,0.0,0.0,0.0,0.0,0,0,0,0.0,0.0,0.0,0.0,0.0,0.0,0.0,0.0,0.0,0.0,0.0,0.0,0.0,0.0,0.0,0.0,0,-107875648.0,69,0.0,138,0.0,-0.0,0,39322,17086,26215,17102,52429,17081,0,0,0,70,68,100,2.7302399002429377e+23,82.3,-0.0,78.1,0.0,79.0,1,49,50,180,52429,39322,0,0,0.0,0.0,0.0,0.0,-0.0,67.0,0.0,162057.094,0.0,979,0,1008,0,0,0,953,0,1032,0,929,0,791,0,783,0,822,0,7520,0.032,1.4065642356203533e+20,0.0,0.0,784,16797,-0.0,162057.094,-114818.039,-0.0,0.133,6.909358625270745e+28,30.0,70.0,35,0.0,0.0,0.0,0.0,0.0,0.0,0.0,0.0,0.0,0.0,0.0,0.0,0.0,0.0,0.0,0.0,66.4,0,150,71,52,65476,0,300,0,0,8,20529,65476,0,0,44564,70.0,0.0,0.0,0.0,0.0,0.0
2026-09-10T21:24:12,ERR,ERR,ERR,ERR,ERR,ERR,ERR,ERR,ERR,ERR,ERR,ERR,ERR,ERR,ERR,ERR,ERR,ERR,ERR,ERR,ERR,ERR,ERR,ERR,ERR,ERR,ERR,ERR,ERR,ERR,ERR,ERR,ERR,ERR,ERR,ERR,ERR,ERR,ERR,ERR,ERR,ERR,ERR,ERR,ERR,ERR,ERR,ERR,ERR,ERR,ERR,ERR,ERR,ERR,ERR,ERR,ERR,ERR,ERR,ERR,ERR,ERR,ERR,ERR,ERR,ERR,ERR,ERR,ERR,ERR,ERR,ERR,ERR,ERR,ERR,ERR,ERR,ERR,ERR,ERR,ERR,ERR,ERR,ERR,ERR,ERR,ERR,ERR,ERR,ERR,ERR,ERR,ERR,ERR,ERR,ERR,ERR,ERR,ERR,ERR,ERR,ERR,ERR,ERR,ERR,ERR,ERR,ERR,ERR,ERR,ERR,ERR,ERR,ERR,ERR,ERR,ERR,ERR,ERR,ERR,ERR,ERR,ERR,ERR,ERR,0.0,0.0,2.6474835549302285e+23,0.0,0.0,1.3936040501711995e+18,7.805,0.0,0,0,4,0,7116,0.0,100,0.0,0.0,0.0,0.0,0.0,0,0,0,0,0.0,0,0,0,0,0,0,0,0,0,0,0,0,0,0,0,0,0,0,0,0,0,0,0,0,0,0,0,0,0,0,0,0,0,31,40,40,71,65476,0,300,0,0,8,21553,0.0,-107605600.0,0.0,0.0,0.0,0.0,0.0,0.0,0.0,0.0,0.0,0.0,0.0,0.0,0.0,0.0,0.0,0.0,0.0,0.0,0.0,0.0,-2.004,2.004,0.0,2.004,0.0,0.0,0.0,0.0,4498.0,0.0,6919.0,0.0,0.0,2.7184256974124493e+23,0.0,0.0,0.0,0.0,0.0,69,-152018521948160.0,5.848047364202327e+35,0.0,0.0,0.0,0.0,0.0,0.0,0.0,0,0,0,0.0,0.0,0.0,0.0,0.0,0.0,0.0,0.0,0.0,0.0,0.0,0.0,0.0,0.0,0.0,0.0,0,-107875648.0,69,0.0,138,0.0,-0.0,0,39322,17086,26215,17102,52429,17081,0,0,0,70,68,100,2.7302399002429377e+23,82.3,-0.0,78.1,0.0,79.0,1,49,50,180,52429,39322,0,0,0.0,0.0,0.0,0.0,-0.0,67.0,0.0,162057.094,0.0,979,0,1008,0,0,0,953,0,1032,0,929,0,791,0,783,0,822,0,7520,0.032,1.400799628097319e+20,0.0,0.0,784,16797,-0.0,162057.094,-114818.039,-0.0,0.133,6.909358625270745e+28,30.0,70.0,35,0.0,0.0,0.0,0.0,0.0,0.0,0.0,0.0,0.0,0.0,0.0,0.0,0.0,0.0,0.0,0.0,66.4,0,150,71,52,65476,0,300,0,0,8,20529,65476,0,0,44564,70.0,0.0,0.0,0.0,0.0,0.0
2026-09-10T21:24:13,ERR,ERR,ERR,ERR,ERR,ERR,ERR,ERR,ERR,ERR,ERR,ERR,ERR,ERR,ERR,ERR,ERR,ERR,ERR,ERR,ERR,ERR,ERR,ERR,ERR,ERR,ERR,ERR,ERR,ERR,ERR,ERR,ERR,ERR,ERR,ERR,ERR,ERR,ERR,ERR,ERR,ERR,ERR,ERR,ERR,ERR,ERR,ERR,ERR,ERR,ERR,ERR,ERR,ERR,ERR,ERR,ERR,ERR,ERR,ERR,ERR,ERR,ERR,ERR,ERR,ERR,ERR,ERR,ERR,ERR,ERR,ERR,ERR,ERR,ERR,ERR,ERR,ERR,ERR,ERR,ERR,ERR,ERR,ERR,ERR,ERR,ERR,ERR,ERR,ERR,ERR,ERR,ERR,ERR,ERR,ERR,ERR,ERR,ERR,ERR,ERR,ERR,ERR,ERR,ERR,ERR,ERR,ERR,ERR,ERR,ERR,ERR,ERR,ERR,ERR,ERR,ERR,ERR,ERR,ERR,ERR,ERR,ERR,ERR,ERR,0.0,0.0,2.6474835549302285e+23,0.0,0.0,1.3936040501711995e+18,7.805,0.0,0,0,4,0,7116,0.0,100,0.0,0.0,0.0,0.0,0.0,0,0,0,0,0.0,0,0,0,0,0,0,0,0,0,0,0,0,0,0,0,0,0,0,0,0,0,0,0,0,0,0,0,0,0,0,0,0,0,31,40,40,71,65476,0,300,0,0,8,21553,0.0,-107605600.0,0.0,0.0,0.0,0.0,0.0,0.0,0.0,0.0,0.0,0.0,0.0,0.0,0.0,0.0,0.0,0.0,0.0,0.0,0.0,0.0,-2.004,2.004,0.0,2.004,0.0,0.0,0.0,0.0,4498.0,0.0,6919.0,0.0,0.0,2.7184256974124493e+23,0.0,0.0,0.0,0.0,0.0,69,-152018521948160.0,5.848047364202327e+35,0.0,0.0,0.0,0.0,0.0,0.0,0.0,0,0,0,0.0,0.0,0.0,0.0,0.0,0.0,0.0,0.0,0.0,0.0,0.0,0.0,0.0,0.0,0.0,0.0,0,-107875648.0,69,0.0,138,0.0,-0.0,0,39322,17086,26215,17102,52429,17081,0,0,0,70,68,100,2.7302399002429377e+23,82.3,-0.0,78.1,0.0,79.0,1,49,50,180,52429,39322,0,0,0.0,0.0,0.0,0.0,-0.0,67.0,0.0,162057.094,0.0,979,0,1008,0,0,0,953,0,1032,0,929,0,791,0,783,0,822,0,7520,0.032,1.400799628097319e+20,0.0,0.0,784,16797,-0.0,162057.094,-114818.039,-0.0,0.133,6.909358625270745e+28,30.0,70.0,35,0.0,0.0,0.0,0.0,0.0,0.0,0.0,0.0,0.0,0.0,0.0,0.0,0.0,0.0,0.0,0.0,66.0,0,150,71,52,65476,0,300,0,0,8,20529,65476,0,0,44564,70.0,0.0,0.0,0.0,0.0,0.0
2026-09-10T21:24:14,ERR,ERR,ERR,ERR,ERR,ERR,ERR,ERR,ERR,ERR,ERR,ERR,ERR,ERR,ERR,ERR,ERR,ERR,ERR,ERR,ERR,ERR,ERR,ERR,ERR,ERR,ERR,ERR,ERR,ERR,ERR,ERR,ERR,ERR,ERR,ERR,ERR,ERR,ERR,ERR,ERR,ERR,ERR,ERR,ERR,ERR,ERR,ERR,ERR,ERR,ERR,ERR,ERR,ERR,ERR,ERR,ERR,ERR,ERR,ERR,ERR,ERR,ERR,ERR,ERR,ERR,ERR,ERR,ERR,ERR,ERR,ERR,ERR,ERR,ERR,ERR,ERR,ERR,ERR,ERR,ERR,ERR,ERR,ERR,ERR,ERR,ERR,ERR,ERR,ERR,ERR,ERR,ERR,ERR,ERR,ERR,ERR,ERR,ERR,ERR,ERR,ERR,ERR,ERR,ERR,ERR,ERR,ERR,ERR,ERR,ERR,ERR,ERR,ERR,ERR,ERR,ERR,ERR,ERR,ERR,ERR,ERR,ERR,ERR,ERR,0.0,0.0,2.6474835549302285e+23,0.0,0.0,1.3936040501711995e+18,7.805,0.0,0,0,4,0,7116,0.0,100,0.0,0.0,0.0,0.0,0.0,0,0,0,0,0.0,0,0,0,0,0,0,0,0,0,0,0,0,0,0,0,0,0,0,0,0,0,0,0,0,0,0,0,0,0,0,0,0,0,31,40,40,71,65476,0,300,0,0,8,21553,0.0,-107605600.0,0.0,0.0,0.0,0.0,0.0,0.0,0.0,0.0,0.0,0.0,0.0,0.0,0.0,0.0,0.0,0.0,0.0,0.0,0.0,0.0,-2.004,2.004,0.0,2.004,0.0,0.0,0.0,0.0,4498.0,0.0,6919.0,0.0,0.0,2.7184256974124493e+23,0.0,0.0,0.0,0.0,0.0,69,-152018521948160.0,5.848047364202327e+35,0.0,0.0,0.0,0.0,0.0,0.0,0.0,0,0,0,0.0,0.0,0.0,0.0,0.0,0.0,0.0,0.0,0.0,0.0,0.0,0.0,0.0,0.0,0.0,0.0,0,-107875648.0,69,0.0,138,0.0,-0.0,0,39322,17086,26215,17102,52429,17081,0,0,0,70,68,100,2.7302399002429377e+23,82.3,-0.0,78.1,0.0,79.0,1,49,50,180,52429,39322,0,0,0.0,0.0,0.0,0.0,-0.0,67.0,0.0,162057.094,0.0,979,0,1008,0,0,0,953,0,1032,0,929,0,791,0,783,0,822,0,7520,0.032,1.400799628097319e+20,0.0,0.0,784,16797,-0.0,162057.094,-114818.039,-0.0,0.133,6.909358625270745e+28,30.0,70.0,35,0.0,0.0,0.0,0.0,0.0,0.0,0.0,0.0,0.0,0.0,0.0,0.0,0.0,0.0,0.0,0.0,66.0,0,150,71,52,65476,0,300,0,0,8,20529,65476,0,0,44564,70.0,0.0,0.0,0.0,0.0,0.0
2026-09-10T21:24:15,ERR,ERR,ERR,ERR,ERR,ERR,ERR,ERR,ERR,ERR,ERR,ERR,ERR,ERR,ERR,ERR,ERR,ERR,ERR,ERR,ERR,ERR,ERR,ERR,ERR,ERR,ERR,ERR,ERR,ERR,ERR,ERR,ERR,ERR,ERR,ERR,ERR,ERR,ERR,ERR,ERR,ERR,ERR,ERR,ERR,ERR,ERR,ERR,ERR,ERR,ERR,ERR,ERR,ERR,ERR,ERR,ERR,ERR,ERR,ERR,ERR,ERR,ERR,ERR,ERR,ERR,ERR,ERR,ERR,ERR,ERR,ERR,ERR,ERR,ERR,ERR,ERR,ERR,ERR,ERR,ERR,ERR,ERR,ERR,ERR,ERR,ERR,ERR,ERR,ERR,ERR,ERR,ERR,ERR,ERR,ERR,ERR,ERR,ERR,ERR,ERR,ERR,ERR,ERR,ERR,ERR,ERR,ERR,ERR,ERR,ERR,ERR,ERR,ERR,ERR,ERR,ERR,ERR,ERR,ERR,ERR,ERR,ERR,ERR,ERR,0.0,0.0,2.6474835549302285e+23,0.0,0.0,1.3936040501711995e+18,7.805,0.0,0,0,4,0,7116,0.0,100,0.0,0.0,0.0,0.0,0.0,0,0,0,0,0.0,0,0,0,0,0,0,0,0,0,0,0,0,0,0,0,0,0,0,0,0,0,0,0,0,0,0,0,0,0,0,0,0,0,31,40,40,71,65476,0,300,0,0,8,21553,0.0,-107605600.0,0.0,0.0,0.0,0.0,0.0,0.0,0.0,0.0,0.0,0.0,0.0,0.0,0.0,0.0,0.0,0.0,0.0,0.0,0.0,0.0,-2.004,2.004,0.0,2.004,0.0,0.0,0.0,0.0,4498.0,0.0,6919.0,0.0,0.0,2.7184256974124493e+23,0.0,0.0,0.0,0.0,0.0,69,-152018521948160.0,5.848047364202327e+35,0.0,0.0,0.0,0.0,0.0,0.0,0.0,0,0,0,0.0,0.0,0.0,0.0,0.0,0.0,0.0,0.0,0.0,0.0,0.0,0.0,0.0,0.0,0.0,0.0,0,-107875648.0,69,0.0,138,0.0,-0.0,0,39322,17086,26215,17102,52429,17081,0,0,0,70,68,100,2.7302399002429377e+23,82.3,-0.0,78.1,0.0,79.0,1,49,50,180,52429,39322,0,0,0.0,0.0,0.0,0.0,-0.0,67.0,0.0,162057.094,0.0,979,0,1008,0,0,0,953,0,1032,0,929,0,791,0,783,0,822,0,7520,0.032,1.400799628097319e+20,0.0,0.0,784,16797,-0.0,162057.094,-114818.039,-0.0,0.133,6.909358625270745e+28,30.0,70.0,35,0.0,0.0,0.0,0.0,0.0,0.0,0.0,0.0,0.0,0.0,0.0,0.0,0.0,0.0,0.0,0.0,66.0,0,150,71,52,65476,0,300,0,0,8,20529,65476,0,0,44564,70.0,0.0,0.0,0.0,0.0,0.0
2026-09-10T21:24:16,ERR,ERR,ERR,ERR,ERR,ERR,ERR,ERR,ERR,ERR,ERR,ERR,ERR,ERR,ERR,ERR,ERR,ERR,ERR,ERR,ERR,ERR,ERR,ERR,ERR,ERR,ERR,ERR,ERR,ERR,ERR,ERR,ERR,ERR,ERR,ERR,ERR,ERR,ERR,ERR,ERR,ERR,ERR,ERR,ERR,ERR,ERR,ERR,ERR,ERR,ERR,ERR,ERR,ERR,ERR,ERR,ERR,ERR,ERR,ERR,ERR,ERR,ERR,ERR,ERR,ERR,ERR,ERR,ERR,ERR,ERR,ERR,ERR,ERR,ERR,ERR,ERR,ERR,ERR,ERR,ERR,ERR,ERR,ERR,ERR,ERR,ERR,ERR,ERR,ERR,ERR,ERR,ERR,ERR,ERR,ERR,ERR,ERR,ERR,ERR,ERR,ERR,ERR,ERR,ERR,ERR,ERR,ERR,ERR,ERR,ERR,ERR,ERR,ERR,ERR,ERR,ERR,ERR,ERR,ERR,ERR,ERR,ERR,ERR,ERR,0.0,0.0,2.6474835549302285e+23,0.0,0.0,1.3936040501711995e+18,7.805,0.0,0,0,4,0,7116,0.0,100,0.0,0.0,0.0,0.0,0.0,0,0,0,0,0.0,0,0,0,0,0,0,0,0,0,0,0,0,0,0,0,0,0,0,0,0,0,0,0,0,0,0,0,0,0,0,0,0,0,31,40,40,71,65476,0,300,0,0,8,21553,0.0,-107605600.0,0.0,0.0,0.0,0.0,0.0,0.0,0.0,0.0,0.0,0.0,0.0,0.0,0.0,0.0,0.0,0.0,0.0,0.0,0.0,0.0,-2.004,2.004,0.0,2.004,0.0,0.0,0.0,0.0,4498.0,0.0,6919.0,0.0,0.0,2.7184256974124493e+23,0.0,0.0,0.0,0.0,0.0,69,-152018521948160.0,5.848047364202327e+35,0.0,0.0,0.0,0.0,0.0,0.0,0.0,0,0,0,0.0,0.0,0.0,0.0,0.0,0.0,0.0,0.0,0.0,0.0,0.0,0.0,0.0,0.0,0.0,0.0,0,-107875648.0,69,0.0,138,0.0,-0.0,0,39322,17086,26215,17102,52429,17081,0,0,0,70,68,100,2.7302399002429377e+23,82.3,-0.0,78.1,0.0,79.0,1,49,50,180,52429,39322,0,0,0.0,0.0,0.0,0.0,-0.0,67.0,0.0,162057.094,0.0,979,0,1008,0,0,0,953,0,1032,0,929,0,791,0,783,0,822,0,7520,0.032,1.400799628097319e+20,0.0,0.0,784,16797,-0.0,162057.094,-114818.039,-0.0,0.133,6.909358625270745e+28,30.0,70.0,35,0.0,0.0,0.0,0.0,0.0,0.0,0.0,0.0,0.0,0.0,0.0,0.0,0.0,0.0,0.0,0.0,66.0,0,150,71,52,65476,0,300,0,0,8,20529,65476,0,0,44564,70.0,0.0,0.0,0.0,0.0,0.0
2026-09-10T21:24:17,ERR,ERR,ERR,ERR,ERR,ERR,ERR,ERR,ERR,ERR,ERR,ERR,ERR,ERR,ERR,ERR,ERR,ERR,ERR,ERR,ERR,ERR,ERR,ERR,ERR,ERR,ERR,ERR,ERR,ERR,ERR,ERR,ERR,ERR,ERR,ERR,ERR,ERR,ERR,ERR,ERR,ERR,ERR,ERR,ERR,ERR,ERR,ERR,ERR,ERR,ERR,ERR,ERR,ERR,ERR,ERR,ERR,ERR,ERR,ERR,ERR,ERR,ERR,ERR,ERR,ERR,ERR,ERR,ERR,ERR,ERR,ERR,ERR,ERR,ERR,ERR,ERR,ERR,ERR,ERR,ERR,ERR,ERR,ERR,ERR,ERR,ERR,ERR,ERR,ERR,ERR,ERR,ERR,ERR,ERR,ERR,ERR,ERR,ERR,ERR,ERR,ERR,ERR,ERR,ERR,ERR,ERR,ERR,ERR,ERR,ERR,ERR,ERR,ERR,ERR,ERR,ERR,ERR,ERR,ERR,ERR,ERR,ERR,ERR,ERR,0.0,0.0,2.6474835549302285e+23,0.0,0.0,1.3936040501711995e+18,7.805,0.0,0,0,4,0,7116,0.0,100,0.0,0.0,0.0,0.0,0.0,0,0,0,0,0.0,0,0,0,0,0,0,0,0,0,0,0,0,0,0,0,0,0,0,0,0,0,0,0,0,0,0,0,0,0,0,0,0,0,31,40,40,71,65476,0,300,0,0,8,21553,0.0,-107605600.0,0.0,0.0,0.0,0.0,0.0,0.0,0.0,0.0,0.0,0.0,0.0,0.0,0.0,0.0,0.0,0.0,0.0,0.0,0.0,0.0,-2.004,2.004,0.0,2.004,0.0,0.0,0.0,0.0,4492.0,0.0,6913.0,0.0,0.0,2.7184256974124493e+23,0.0,0.0,0.0,0.0,0.0,69,-1.905698635870372e+17,126840365056.0,0.0,0.0,0.0,0.0,0.0,0.0,0.0,0,0,0,0.0,0.0,0.0,0.0,0.0,0.0,0.0,0.0,0.0,0.0,0.0,0.0,0.0,0.0,0.0,0.0,0,-107875648.0,69,0.0,138,0.0,-0.0,0,39322,17086,26215,17102,52429,17081,0,0,0,70,68,100,2.7302399002429377e+23,82.3,-0.0,78.1,0.0,79.0,1,49,50,180,52429,39322,0,0,0.0,0.0,0.0,0.0,-0.0,67.0,0.0,162057.094,0.0,979,0,1008,0,0,0,953,0,1032,0,929,0,791,0,783,0,822,0,7520,0.032,1.400799628097319e+20,0.0,0.0,784,16797,-0.0,162057.094,-114818.039,-0.0,0.133,6.909358625270745e+28,30.0,70.0,35,0.0,0.0,0.0,0.0,0.0,0.0,0.0,0.0,0.0,0.0,0.0,0.0,0.0,0.0,0.0,0.0,66.0,0,150,71,52,65476,0,300,0,0,8,20529,65476,0,0,44564,70.0,0.0,0.0,0.0,0.0,0.0
2026-09-10T21:24:18,ERR,ERR,ERR,ERR,ERR,ERR,ERR,ERR,ERR,ERR,ERR,ERR,ERR,ERR,ERR,ERR,ERR,ERR,ERR,ERR,ERR,ERR,ERR,ERR,ERR,ERR,ERR,ERR,ERR,ERR,ERR,ERR,ERR,ERR,ERR,ERR,ERR,ERR,ERR,ERR,ERR,ERR,ERR,ERR,ERR,ERR,ERR,ERR,ERR,ERR,ERR,ERR,ERR,ERR,ERR,ERR,ERR,ERR,ERR,ERR,ERR,ERR,ERR,ERR,ERR,ERR,ERR,ERR,ERR,ERR,ERR,ERR,ERR,ERR,ERR,ERR,ERR,ERR,ERR,ERR,ERR,ERR,ERR,ERR,ERR,ERR,ERR,ERR,ERR,ERR,ERR,ERR,ERR,ERR,ERR,ERR,ERR,ERR,ERR,ERR,ERR,ERR,ERR,ERR,ERR,ERR,ERR,ERR,ERR,ERR,ERR,ERR,ERR,ERR,ERR,ERR,ERR,ERR,ERR,ERR,ERR,ERR,ERR,ERR,ERR,0.0,0.0,2.6474835549302285e+23,0.0,0.0,1.3936040501711995e+18,7.805,0.0,0,0,4,0,7116,0.0,100,0.0,0.0,0.0,0.0,0.0,0,0,0,0,0.0,0,0,0,0,0,0,0,0,0,0,0,0,0,0,0,0,0,0,0,0,0,0,0,0,0,0,0,0,0,0,0,0,0,31,40,40,71,65476,0,300,0,0,8,21553,0.0,-107605600.0,0.0,0.0,0.0,0.0,0.0,0.0,0.0,0.0,0.0,0.0,0.0,0.0,0.0,0.0,0.0,0.0,0.0,0.0,0.0,0.0,-2.004,2.004,0.0,2.004,0.0,0.0,0.0,0.0,4492.0,0.0,6913.0,0.0,0.0,2.7184256974124493e+23,0.0,0.0,0.0,0.0,0.0,69,-1.905698635870372e+17,126840365056.0,0.0,0.0,0.0,0.0,0.0,0.0,0.0,0,0,0,0.0,0.0,0.0,0.0,0.0,0.0,0.0,0.0,0.0,0.0,0.0,0.0,0.0,0.0,0.0,0.0,0,-107875648.0,69,0.0,138,0.0,-0.0,0,39322,17086,26215,17102,52429,17081,0,0,0,70,68,100,2.7302399002429377e+23,82.3,-0.0,78.1,0.0,79.0,1,49,50,180,52429,39322,0,0,0.0,0.0,0.0,0.0,-0.0,67.0,0.0,162057.094,0.0,979,0,1008,0,0,0,953,0,1032,0,929,0,791,0,783,0,822,0,7520,0.032,1.400799628097319e+20,0.0,0.0,784,16797,-0.0,162057.094,-114818.039,-0.0,0.133,6.909358625270745e+28,30.0,70.0,35,0.0,0.0,0.0,0.0,0.0,0.0,0.0,0.0,0.0,0.0,0.0,0.0,0.0,0.0,0.0,0.0,66.0,0,150,71,52,65476,0,300,0,0,8,20529,65476,0,0,44564,70.0,0.0,0.0,0.0,0.0,0.0
2026-09-10T21:24:19,ERR,ERR,ERR,ERR,ERR,ERR,ERR,ERR,ERR,ERR,ERR,ERR,ERR,ERR,ERR,ERR,ERR,ERR,ERR,ERR,ERR,ERR,ERR,ERR,ERR,ERR,ERR,ERR,ERR,ERR,ERR,ERR,ERR,ERR,ERR,ERR,ERR,ERR,ERR,ERR,ERR,ERR,ERR,ERR,ERR,ERR,ERR,ERR,ERR,ERR,ERR,ERR,ERR,ERR,ERR,ERR,ERR,ERR,ERR,ERR,ERR,ERR,ERR,ERR,ERR,ERR,ERR,ERR,ERR,ERR,ERR,ERR,ERR,ERR,ERR,ERR,ERR,ERR,ERR,ERR,ERR,ERR,ERR,ERR,ERR,ERR,ERR,ERR,ERR,ERR,ERR,ERR,ERR,ERR,ERR,ERR,ERR,ERR,ERR,ERR,ERR,ERR,ERR,ERR,ERR,ERR,ERR,ERR,ERR,ERR,ERR,ERR,ERR,ERR,ERR,ERR,ERR,ERR,ERR,ERR,ERR,ERR,ERR,ERR,ERR,0.0,0.0,2.6474835549302285e+23,0.0,0.0,1.3936040501711995e+18,7.805,0.0,0,0,4,0,7116,0.0,100,0.0,0.0,0.0,0.0,0.0,0,0,0,0,0.0,0,0,0,0,0,0,0,0,0,0,0,0,0,0,0,0,0,0,0,0,0,0,0,0,0,0,0,0,0,0,0,0,0,31,40,40,71,65476,0,300,0,0,8,21553,0.0,-107605600.0,0.0,0.0,0.0,0.0,0.0,0.0,0.0,0.0,0.0,0.0,0.0,0.0,0.0,0.0,0.0,0.0,0.0,0.0,0.0,0.0,-2.004,2.004,0.0,2.004,0.0,0.0,0.0,0.0,4492.0,0.0,6913.0,0.0,0.0,2.7184256974124493e+23,0.0,0.0,0.0,0.0,0.0,69,-1.905698635870372e+17,126840365056.0,0.0,0.0,0.0,0.0,0.0,0.0,0.0,0,0,0,0.0,0.0,0.0,0.0,0.0,0.0,0.0,0.0,0.0,0.0,0.0,0.0,0.0,0.0,0.0,0.0,0,-107875648.0,69,0.0,138,0.0,-0.0,0,39322,17086,26215,17102,52429,17081,0,0,0,70,68,100,2.7302399002429377e+23,82.3,-0.0,78.1,0.0,79.0,1,49,50,180,52429,39322,0,0,0.0,0.0,0.0,0.0,-0.0,67.0,0.0,162057.094,0.0,979,0,1008,0,0,0,953,0,1032,0,929,0,791,0,783,0,822,0,7520,0.032,1.400799628097319e+20,0.0,0.0,784,16797,-0.0,162057.094,-114818.039,-0.0,0.133,6.909358625270745e+28,30.0,70.0,35,0.0,0.0,0.0,0.0,0.0,0.0,0.0,0.0,0.0,0.0,0.0,0.0,0.0,0.0,0.0,0.0,66.0,0,150,71,52,65476,0,300,0,0,8,20529,65476,0,0,44564,70.0,0.0,0.0,0.0,0.0,0.0
2026-09-10T21:24:20,ERR,ERR,ERR,ERR,ERR,ERR,ERR,ERR,ERR,ERR,ERR,ERR,ERR,ERR,ERR,ERR,ERR,ERR,ERR,ERR,ERR,ERR,ERR,ERR,ERR,ERR,ERR,ERR,ERR,ERR,ERR,ERR,ERR,ERR,ERR,ERR,ERR,ERR,ERR,ERR,ERR,ERR,ERR,ERR,ERR,ERR,ERR,ERR,ERR,ERR,ERR,ERR,ERR,ERR,ERR,ERR,ERR,ERR,ERR,ERR,ERR,ERR,ERR,ERR,ERR,ERR,ERR,ERR,ERR,ERR,ERR,ERR,ERR,ERR,ERR,ERR,ERR,ERR,ERR,ERR,ERR,ERR,ERR,ERR,ERR,ERR,ERR,ERR,ERR,ERR,ERR,ERR,ERR,ERR,ERR,ERR,ERR,ERR,ERR,ERR,ERR,ERR,ERR,ERR,ERR,ERR,ERR,ERR,ERR,ERR,ERR,ERR,ERR,ERR,ERR,ERR,ERR,ERR,ERR,ERR,ERR,ERR,ERR,ERR,ERR,0.0,0.0,2.6474835549302285e+23,0.0,0.0,1.3936040501711995e+18,7.805,0.0,0,0,4,0,7116,0.0,100,0.0,0.0,0.0,0.0,0.0,0,0,0,0,0.0,0,0,0,0,0,0,0,0,0,0,0,0,0,0,0,0,0,0,0,0,0,0,0,0,0,0,0,0,0,0,0,0,0,31,40,40,71,65476,0,300,0,0,8,21553,0.0,-107605600.0,0.0,0.0,0.0,0.0,0.0,0.0,0.0,0.0,0.0,0.0,0.0,0.0,0.0,0.0,0.0,0.0,0.0,0.0,0.0,0.0,-2.004,2.004,0.0,2.004,0.0,0.0,0.0,0.0,4492.0,0.0,6913.0,0.0,0.0,2.7184256974124493e+23,0.0,0.0,0.0,0.0,0.0,69,-1.905698635870372e+17,126840365056.0,0.0,0.0,0.0,0.0,0.0,0.0,0.0,0,0,0,0.0,0.0,0.0,0.0,0.0,0.0,0.0,0.0,0.0,0.0,0.0,0.0,0.0,0.0,0.0,0.0,0,-107875648.0,69,0.0,138,0.0,-0.0,0,39322,17086,26215,17102,52429,17081,0,0,0,70,68,100,2.7302399002429377e+23,82.3,-0.0,78.1,0.0,79.0,1,49,50,180,52429,39322,0,0,0.0,0.0,0.0,0.0,-0.0,67.0,0.0,162057.094,0.0,979,0,1008,0,0,0,953,0,1032,0,929,0,791,0,783,0,822,0,7520,0.032,1.400799628097319e+20,0.0,0.0,784,16797,-0.0,162057.094,-114818.039,-0.0,0.133,6.909358625270745e+28,30.0,70.0,35,0.0,0.0,0.0,0.0,0.0,0.0,0.0,0.0,0.0,0.0,0.0,0.0,0.0,0.0,0.0,0.0,66.0,0,150,71,52,65476,0,300,0,0,8,20529,65476,0,0,44564,70.0,0.0,0.0,0.0,0.0,0.0
2026-09-10T21:24:21,ERR,ERR,ERR,ERR,ERR,ERR,ERR,ERR,ERR,ERR,ERR,ERR,ERR,ERR,ERR,ERR,ERR,ERR,ERR,ERR,ERR,ERR,ERR,ERR,ERR,ERR,ERR,ERR,ERR,ERR,ERR,ERR,ERR,ERR,ERR,ERR,ERR,ERR,ERR,ERR,ERR,ERR,ERR,ERR,ERR,ERR,ERR,ERR,ERR,ERR,ERR,ERR,ERR,ERR,ERR,ERR,ERR,ERR,ERR,ERR,ERR,ERR,ERR,ERR,ERR,ERR,ERR,ERR,ERR,ERR,ERR,ERR,ERR,ERR,ERR,ERR,ERR,ERR,ERR,ERR,ERR,ERR,ERR,ERR,ERR,ERR,ERR,ERR,ERR,ERR,ERR,ERR,ERR,ERR,ERR,ERR,ERR,ERR,ERR,ERR,ERR,ERR,ERR,ERR,ERR,ERR,ERR,ERR,ERR,ERR,ERR,ERR,ERR,ERR,ERR,ERR,ERR,ERR,ERR,ERR,ERR,ERR,ERR,ERR,ERR,0.0,0.0,2.6474835549302285e+23,0.0,0.0,1.3936040501711995e+18,7.805,0.0,0,0,4,0,7116,0.0,100,0.0,0.0,0.0,0.0,0.0,0,0,0,0,0.0,0,0,0,0,0,0,0,0,0,0,0,0,0,0,0,0,0,0,0,0,0,0,0,0,0,0,0,0,0,0,0,0,0,31,40,40,71,65476,0,300,0,0,8,21553,0.0,-107605600.0,0.0,0.0,0.0,0.0,0.0,0.0,0.0,0.0,0.0,0.0,0.0,0.0,0.0,0.0,0.0,0.0,0.0,0.0,0.0,0.0,-2.004,2.004,0.0,2.004,0.0,0.0,0.0,0.0,4492.0,0.0,6913.0,0.0,0.0,2.7184256974124493e+23,0.0,0.0,0.0,0.0,0.0,69,-1.905698635870372e+17,126840365056.0,0.0,0.0,0.0,0.0,0.0,0.0,0.0,0,0,0,0.0,0.0,0.0,0.0,0.0,0.0,0.0,0.0,0.0,0.0,0.0,0.0,0.0,0.0,0.0,0.0,0,-107875648.0,69,0.0,138,0.0,-0.0,0,39322,17086,26215,17102,52429,17081,0,0,0,70,68,100,2.7302399002429377e+23,82.3,-0.0,78.1,0.0,79.0,1,49,50,180,52429,39322,0,0,0.0,0.0,0.0,0.0,-0.0,67.0,0.0,162057.094,0.0,979,0,1008,0,0,0,953,0,1032,0,929,0,791,0,783,0,822,0,7520,0.032,1.400799628097319e+20,0.0,0.0,784,16797,-0.0,162057.094,-114818.039,-0.0,0.133,6.909358625270745e+28,30.0,70.0,35,0.0,0.0,0.0,0.0,0.0,0.0,0.0,0.0,0.0,0.0,0.0,0.0,0.0,0.0,0.0,0.0,66.0,0,150,71,52,65476,0,300,0,0,8,20529,65476,0,0,44564,70.0,0.0,0.0,0.0,0.0,0.0
2026-09-10T21:24:22,ERR,ERR,ERR,ERR,ERR,ERR,ERR,ERR,ERR,ERR,ERR,ERR,ERR,ERR,ERR,ERR,ERR,ERR,ERR,ERR,ERR,ERR,ERR,ERR,ERR,ERR,ERR,ERR,ERR,ERR,ERR,ERR,ERR,ERR,ERR,ERR,ERR,ERR,ERR,ERR,ERR,ERR,ERR,ERR,ERR,ERR,ERR,ERR,ERR,ERR,ERR,ERR,ERR,ERR,ERR,ERR,ERR,ERR,ERR,ERR,ERR,ERR,ERR,ERR,ERR,ERR,ERR,ERR,ERR,ERR,ERR,ERR,ERR,ERR,ERR,ERR,ERR,ERR,ERR,ERR,ERR,ERR,ERR,ERR,ERR,ERR,ERR,ERR,ERR,ERR,ERR,ERR,ERR,ERR,ERR,ERR,ERR,ERR,ERR,ERR,ERR,ERR,ERR,ERR,ERR,ERR,ERR,ERR,ERR,ERR,ERR,ERR,ERR,ERR,ERR,ERR,ERR,ERR,ERR,ERR,ERR,ERR,ERR,ERR,ERR,0.0,0.0,2.6474835549302285e+23,0.0,0.0,1.3936040501711995e+18,7.805,0.0,0,0,4,0,7116,0.0,100,0.0,0.0,0.0,0.0,0.0,0,0,0,0,0.0,0,0,0,0,0,0,0,0,0,0,0,0,0,0,0,0,0,0,0,0,0,0,0,0,0,0,0,0,0,0,0,0,0,31,40,40,71,65476,0,300,0,0,8,21553,0.0,-107605600.0,0.0,0.0,0.0,0.0,0.0,0.0,0.0,0.0,0.0,0.0,0.0,0.0,0.0,0.0,0.0,0.0,0.0,0.0,0.0,0.0,-2.004,2.004,0.0,2.004,0.0,0.0,0.0,0.0,4492.0,0.0,6913.0,0.0,0.0,2.7184256974124493e+23,0.0,0.0,0.0,0.0,0.0,69,-1.905698635870372e+17,126840365056.0,0.0,0.0,0.0,0.0,0.0,0.0,0.0,0,0,0,0.0,0.0,0.0,0.0,0.0,0.0,0.0,0.0,0.0,0.0,0.0,0.0,0.0,0.0,0.0,0.0,0,-107875648.0,69,0.0,138,0.0,-0.0,0,39322,17086,26215,17102,52429,17081,0,0,0,70,68,100,2.7302399002429377e+23,82.3,-0.0,78.1,0.0,79.0,1,49,50,180,52429,39322,0,0,0.0,0.0,0.0,0.0,-0.0,67.0,0.0,162057.094,0.0,979,0,1008,0,0,0,953,0,1032,0,929,0,791,0,783,0,822,0,7520,0.032,1.400799628097319e+20,0.0,0.0,784,16797,-0.0,162057.094,-114818.039,-0.0,0.133,6.909358625270745e+28,30.0,70.0,35,0.0,0.0,0.0,0.0,0.0,0.0,0.0,0.0,0.0,0.0,0.0,0.0,0.0,0.0,0.0,0.0,66.0,0,150,71,52,65476,0,300,0,0,8,20529,65476,0,0,44564,70.0,0.0,0.0,0.0,0.0,0.0
2026-09-10T21:24:23,ERR,ERR,ERR,ERR,ERR,ERR,ERR,ERR,ERR,ERR,ERR,ERR,ERR,ERR,ERR,ERR,ERR,ERR,ERR,ERR,ERR,ERR,ERR,ERR,ERR,ERR,ERR,ERR,ERR,ERR,ERR,ERR,ERR,ERR,ERR,ERR,ERR,ERR,ERR,ERR,ERR,ERR,ERR,ERR,ERR,ERR,ERR,ERR,ERR,ERR,ERR,ERR,ERR,ERR,ERR,ERR,ERR,ERR,ERR,ERR,ERR,ERR,ERR,ERR,ERR,ERR,ERR,ERR,ERR,ERR,ERR,ERR,ERR,ERR,ERR,ERR,ERR,ERR,ERR,ERR,ERR,ERR,ERR,ERR,ERR,ERR,ERR,ERR,ERR,ERR,ERR,ERR,ERR,ERR,ERR,ERR,ERR,ERR,ERR,ERR,ERR,ERR,ERR,ERR,ERR,ERR,ERR,ERR,ERR,ERR,ERR,ERR,ERR,ERR,ERR,ERR,ERR,ERR,ERR,ERR,ERR,ERR,ERR,ERR,ERR,0.0,0.0,2.6474835549302285e+23,0.0,0.0,1.3936040501711995e+18,7.805,0.0,0,0,4,0,7116,0.0,100,0.0,0.0,0.0,0.0,0.0,0,0,0,0,0.0,0,0,0,0,0,0,0,0,0,0,0,0,0,0,0,0,0,0,0,0,0,0,0,0,0,0,0,0,0,0,0,0,0,31,40,40,71,65476,0,300,0,0,8,21553,0.0,-107605600.0,0.0,0.0,0.0,0.0,0.0,0.0,0.0,0.0,0.0,0.0,0.0,0.0,0.0,0.0,0.0,0.0,0.0,0.0,0.0,0.0,-2.004,2.004,0.0,2.004,0.0,0.0,0.0,0.0,4492.0,0.0,6913.0,0.0,0.0,2.7184256974124493e+23,0.0,0.0,0.0,0.0,0.0,69,-1.905698635870372e+17,126840365056.0,0.0,0.0,0.0,0.0,0.0,0.0,0.0,0,0,0,0.0,0.0,0.0,0.0,0.0,0.0,0.0,0.0,0.0,0.0,0.0,0.0,0.0,0.0,0.0,0.0,0,-107875648.0,69,0.0,138,0.0,-0.0,0,39322,17086,26215,17102,52429,17081,0,0,0,70,68,100,2.7302399002429377e+23,82.3,-0.0,78.1,0.0,79.0,1,49,50,180,52429,39322,0,0,0.0,0.0,0.0,0.0,-0.0,67.0,0.0,162057.094,0.0,979,0,1008,0,0,0,953,0,1032,0,929,0,791,0,783,0,822,0,7520,0.032,1.400799628097319e+20,0.0,0.0,784,16797,-0.0,162057.094,-114818.039,-0.0,0.133,6.909358625270745e+28,30.0,70.0,35,0.0,0.0,0.0,0.0,0.0,0.0,0.0,0.0,0.0,0.0,0.0,0.0,0.0,0.0,0.0,0.0,66.0,0,150,71,52,65476,0,300,0,0,8,20529,65476,0,0,44564,70.0,0.0,0.0,0.0,0.0,0.0
2026-09-10T21:24:24,ERR,ERR,ERR,ERR,ERR,ERR,ERR,ERR,ERR,ERR,ERR,ERR,ERR,ERR,ERR,ERR,ERR,ERR,ERR,ERR,ERR,ERR,ERR,ERR,ERR,ERR,ERR,ERR,ERR,ERR,ERR,ERR,ERR,ERR,ERR,ERR,ERR,ERR,ERR,ERR,ERR,ERR,ERR,ERR,ERR,ERR,ERR,ERR,ERR,ERR,ERR,ERR,ERR,ERR,ERR,ERR,ERR,ERR,ERR,ERR,ERR,ERR,ERR,ERR,ERR,ERR,ERR,ERR,ERR,ERR,ERR,ERR,ERR,ERR,ERR,ERR,ERR,ERR,ERR,ERR,ERR,ERR,ERR,ERR,ERR,ERR,ERR,ERR,ERR,ERR,ERR,ERR,ERR,ERR,ERR,ERR,ERR,ERR,ERR,ERR,ERR,ERR,ERR,ERR,ERR,ERR,ERR,ERR,ERR,ERR,ERR,ERR,ERR,ERR,ERR,ERR,ERR,ERR,ERR,ERR,ERR,ERR,ERR,ERR,ERR,0.0,0.0,2.6474835549302285e+23,0.0,0.0,1.3936040501711995e+18,7.805,0.0,0,0,4,0,7116,0.0,100,0.0,0.0,0.0,0.0,0.0,0,0,0,0,0.0,0,0,0,0,0,0,0,0,0,0,0,0,0,0,0,0,0,0,0,0,0,0,0,0,0,0,0,0,0,0,0,0,0,31,40,40,71,65476,0,300,0,0,8,21553,0.0,-107605600.0,0.0,0.0,0.0,0.0,0.0,0.0,0.0,0.0,0.0,0.0,0.0,0.0,0.0,0.0,0.0,0.0,0.0,0.0,0.0,0.0,-2.004,2.004,0.0,2.004,0.0,0.0,0.0,0.0,4492.0,0.0,6917.0,0.0,0.0,2.7184256974124493e+23,0.0,0.0,0.0,0.0,0.0,69,-107615376.0,2.718413627765448e+23,0.0,0.0,0.0,0.0,0.0,0.0,0.0,0,0,0,0.0,0.0,0.0,0.0,0.0,0.0,0.0,0.0,0.0,0.0,0.0,0.0,0.0,0.0,0.0,0.0,0,-107875648.0,69,0.0,138,0.0,-0.0,0,39322,17086,26215,17102,52429,17081,0,0,0,70,68,100,2.7302399002429377e+23,82.3,-0.0,78.1,0.0,79.0,1,49,50,180,52429,39322,0,0,0.0,0.0,0.0,0.0,-0.0,67.0,0.0,162057.094,0.0,979,0,1008,0,0,0,953,0,1032,0,929,0,791,0,783,0,822,0,7520,0.032,1.400799628097319e+20,0.0,0.0,784,16797,-0.0,162057.094,-114818.039,-0.0,0.133,6.909358625270745e+28,30.0,70.0,35,0.0,0.0,0.0,0.0,0.0,0.0,0.0,0.0,0.0,0.0,0.0,0.0,0.0,0.0,0.0,0.0,66.0,0,150,71,52,65476,0,300,0,0,8,20529,65476,0,0,44564,70.0,0.0,0.0,0.0,0.0,0.0
2026-09-10T21:24:25,ERR,ERR,ERR,ERR,ERR,ERR,ERR,ERR,ERR,ERR,ERR,ERR,ERR,ERR,ERR,ERR,ERR,ERR,ERR,ERR,ERR,ERR,ERR,ERR,ERR,ERR,ERR,ERR,ERR,ERR,ERR,ERR,ERR,ERR,ERR,ERR,ERR,ERR,ERR,ERR,ERR,ERR,ERR,ERR,ERR,ERR,ERR,ERR,ERR,ERR,ERR,ERR,ERR,ERR,ERR,ERR,ERR,ERR,ERR,ERR,ERR,ERR,ERR,ERR,ERR,ERR,ERR,ERR,ERR,ERR,ERR,ERR,ERR,ERR,ERR,ERR,ERR,ERR,ERR,ERR,ERR,ERR,ERR,ERR,ERR,ERR,ERR,ERR,ERR,ERR,ERR,ERR,ERR,ERR,ERR,ERR,ERR,ERR,ERR,ERR,ERR,ERR,ERR,ERR,ERR,ERR,ERR,ERR,ERR,ERR,ERR,ERR,ERR,ERR,ERR,ERR,ERR,ERR,ERR,ERR,ERR,ERR,ERR,ERR,ERR,0.0,0.0,2.6474835549302285e+23,0.0,0.0,1.3936040501711995e+18,7.805,0.0,0,0,4,0,7116,0.0,100,0.0,0.0,0.0,0.0,0.0,0,0,0,0,0.0,0,0,0,0,0,0,0,0,0,0,0,0,0,0,0,0,0,0,0,0,0,0,0,0,0,0,0,0,0,0,0,0,0,31,40,40,71,65476,0,300,0,0,8,21553,0.0,-107605600.0,0.0,0.0,0.0,0.0,0.0,0.0,0.0,0.0,0.0,0.0,0.0,0.0,0.0,0.0,0.0,0.0,0.0,0.0,0.0,0.0,-2.004,2.004,0.0,2.004,0.0,0.0,0.0,0.0,4492.0,0.0,6917.0,0.0,0.0,2.7184256974124493e+23,0.0,0.0,0.0,0.0,0.0,69,-107615376.0,2.718413627765448e+23,0.0,0.0,0.0,0.0,0.0,0.0,0.0,0,0,0,0.0,0.0,0.0,0.0,0.0,0.0,0.0,0.0,0.0,0.0,0.0,0.0,0.0,0.0,0.0,0.0,0,-107875648.0,69,0.0,138,0.0,-0.0,0,39322,17086,26215,17102,52429,17081,0,0,0,70,68,100,2.7302399002429377e+23,82.3,-0.0,78.1,0.0,79.0,1,49,50,180,52429,39322,0,0,0.0,0.0,0.0,0.0,-0.0,67.0,0.0,162057.094,0.0,979,0,1008,0,0,0,953,0,1032,0,929,0,791,0,783,0,822,0,7520,0.032,1.400799628097319e+20,0.0,0.0,784,16797,-0.0,162057.094,-114818.039,-0.0,0.133,6.909358625270745e+28,30.0,70.0,35,0.0,0.0,0.0,0.0,0.0,0.0,0.0,0.0,0.0,0.0,0.0,0.0,0.0,0.0,0.0,0.0,66.0,0,150,71,52,65476,0,300,0,0,8,20529,65476,0,0,44564,70.0,0.0,0.0,0.0,0.0,0.0
2026-09-10T21:24:26,ERR,ERR,ERR,ERR,ERR,ERR,ERR,ERR,ERR,ERR,ERR,ERR,ERR,ERR,ERR,ERR,ERR,ERR,ERR,ERR,ERR,ERR,ERR,ERR,ERR,ERR,ERR,ERR,ERR,ERR,ERR,ERR,ERR,ERR,ERR,ERR,ERR,ERR,ERR,ERR,ERR,ERR,ERR,ERR,ERR,ERR,ERR,ERR,ERR,ERR,ERR,ERR,ERR,ERR,ERR,ERR,ERR,ERR,ERR,ERR,ERR,ERR,ERR,ERR,ERR,ERR,ERR,ERR,ERR,ERR,ERR,ERR,ERR,ERR,ERR,ERR,ERR,ERR,ERR,ERR,ERR,ERR,ERR,ERR,ERR,ERR,ERR,ERR,ERR,ERR,ERR,ERR,ERR,ERR,ERR,ERR,ERR,ERR,ERR,ERR,ERR,ERR,ERR,ERR,ERR,ERR,ERR,ERR,ERR,ERR,ERR,ERR,ERR,ERR,ERR,ERR,ERR,ERR,ERR,ERR,ERR,ERR,ERR,ERR,ERR,0.0,0.0,2.6474835549302285e+23,0.0,0.0,1.3936040501711995e+18,7.805,0.0,0,0,4,0,7116,0.0,100,0.0,0.0,0.0,0.0,0.0,0,0,0,0,0.0,0,0,0,0,0,0,0,0,0,0,0,0,0,0,0,0,0,0,0,0,0,0,0,0,0,0,0,0,0,0,0,0,0,31,40,40,71,65476,0,300,0,0,8,21553,0.0,-107605600.0,0.0,0.0,0.0,0.0,0.0,0.0,0.0,0.0,0.0,0.0,0.0,0.0,0.0,0.0,0.0,0.0,0.0,0.0,0.0,0.0,-2.004,2.004,0.0,2.004,0.0,0.0,0.0,0.0,4492.0,0.0,6917.0,0.0,0.0,2.7184256974124493e+23,0.0,0.0,0.0,0.0,0.0,69,-107615376.0,2.718413627765448e+23,0.0,0.0,0.0,0.0,0.0,0.0,0.0,0,0,0,0.0,0.0,0.0,0.0,0.0,0.0,0.0,0.0,0.0,0.0,0.0,0.0,0.0,0.0,0.0,0.0,0,-107875648.0,69,0.0,138,0.0,-0.0,0,39322,17086,26215,17102,52429,17081,0,0,0,70,68,100,2.7302399002429377e+23,82.3,-0.0,78.1,0.0,79.0,1,49,50,180,52429,39322,0,0,0.0,0.0,0.0,0.0,-0.0,67.0,0.0,162057.094,0.0,979,0,1008,0,0,0,953,0,1032,0,929,0,791,0,783,0,822,0,7520,0.032,1.400799628097319e+20,0.0,0.0,784,16797,-0.0,162057.094,-114818.039,-0.0,0.133,6.909358625270745e+28,30.0,70.0,35,0.0,0.0,0.0,0.0,0.0,0.0,0.0,0.0,0.0,0.0,0.0,0.0,0.0,0.0,0.0,0.0,66.0,0,150,71,52,65476,0,300,0,0,8,20529,65476,0,0,44564,70.0,0.0,0.0,0.0,0.0,0.0
2026-09-10T21:24:27,ERR,ERR,ERR,ERR,ERR,ERR,ERR,ERR,ERR,ERR,ERR,ERR,ERR,ERR,ERR,ERR,ERR,ERR,ERR,ERR,ERR,ERR,ERR,ERR,ERR,ERR,ERR,ERR,ERR,ERR,ERR,ERR,ERR,ERR,ERR,ERR,ERR,ERR,ERR,ERR,ERR,ERR,ERR,ERR,ERR,ERR,ERR,ERR,ERR,ERR,ERR,ERR,ERR,ERR,ERR,ERR,ERR,ERR,ERR,ERR,ERR,ERR,ERR,ERR,ERR,ERR,ERR,ERR,ERR,ERR,ERR,ERR,ERR,ERR,ERR,ERR,ERR,ERR,ERR,ERR,ERR,ERR,ERR,ERR,ERR,ERR,ERR,ERR,ERR,ERR,ERR,ERR,ERR,ERR,ERR,ERR,ERR,ERR,ERR,ERR,ERR,ERR,ERR,ERR,ERR,ERR,ERR,ERR,ERR,ERR,ERR,ERR,ERR,ERR,ERR,ERR,ERR,ERR,ERR,ERR,ERR,ERR,ERR,ERR,ERR,0.0,0.0,2.6474835549302285e+23,0.0,0.0,1.3936040501711995e+18,7.805,0.0,0,0,4,0,7116,0.0,100,0.0,0.0,0.0,0.0,0.0,0,0,0,0,0.0,0,0,0,0,0,0,0,0,0,0,0,0,0,0,0,0,0,0,0,0,0,0,0,0,0,0,0,0,0,0,0,0,0,31,40,40,71,65476,0,300,0,0,8,21553,0.0,-107605600.0,0.0,0.0,0.0,0.0,0.0,0.0,0.0,0.0,0.0,0.0,0.0,0.0,0.0,0.0,0.0,0.0,0.0,0.0,0.0,0.0,-2.004,2.004,0.0,2.004,0.0,0.0,0.0,0.0,4492.0,0.0,6917.0,0.0,0.0,2.7184256974124493e+23,0.0,0.0,0.0,0.0,0.0,69,-107615376.0,2.718413627765448e+23,0.0,0.0,0.0,0.0,0.0,0.0,0.0,0,0,0,0.0,0.0,0.0,0.0,0.0,0.0,0.0,0.0,0.0,0.0,0.0,0.0,0.0,0.0,0.0,0.0,0,-107875648.0,69,0.0,138,0.0,-0.0,0,39322,17086,26215,17102,52429,17081,0,0,0,70,68,100,2.7302399002429377e+23,82.3,-0.0,78.1,0.0,79.0,1,49,50,180,52429,39322,0,0,0.0,0.0,0.0,0.0,-0.0,67.0,0.0,162057.094,0.0,979,0,1008,0,0,0,953,0,1032,0,929,0,791,0,783,0,822,0,7520,0.032,1.400799628097319e+20,0.0,0.0,784,16797,-0.0,162057.094,-114818.039,-0.0,0.133,6.909358625270745e+28,30.0,70.0,35,0.0,0.0,0.0,0.0,0.0,0.0,0.0,0.0,0.0,0.0,0.0,0.0,0.0,0.0,0.0,0.0,66.0,0,150,71,52,65476,0,300,0,0,8,20529,65476,0,0,44564,70.0,0.0,0.0,0.0,0.0,0.0
2026-09-10T21:24:28,ERR,ERR,ERR,ERR,ERR,ERR,ERR,ERR,ERR,ERR,ERR,ERR,ERR,ERR,ERR,ERR,ERR,ERR,ERR,ERR,ERR,ERR,ERR,ERR,ERR,ERR,ERR,ERR,ERR,ERR,ERR,ERR,ERR,ERR,ERR,ERR,ERR,ERR,ERR,ERR,ERR,ERR,ERR,ERR,ERR,ERR,ERR,ERR,ERR,ERR,ERR,ERR,ERR,ERR,ERR,ERR,ERR,ERR,ERR,ERR,ERR,ERR,ERR,ERR,ERR,ERR,ERR,ERR,ERR,ERR,ERR,ERR,ERR,ERR,ERR,ERR,ERR,ERR,ERR,ERR,ERR,ERR,ERR,ERR,ERR,ERR,ERR,ERR,ERR,ERR,ERR,ERR,ERR,ERR,ERR,ERR,ERR,ERR,ERR,ERR,ERR,ERR,ERR,ERR,ERR,ERR,ERR,ERR,ERR,ERR,ERR,ERR,ERR,ERR,ERR,ERR,ERR,ERR,ERR,ERR,ERR,ERR,ERR,ERR,ERR,0.0,0.0,2.6474835549302285e+23,0.0,0.0,1.3936040501711995e+18,7.805,0.0,0,0,4,0,7116,0.0,100,0.0,0.0,0.0,0.0,0.0,0,0,0,0,0.0,0,0,0,0,0,0,0,0,0,0,0,0,0,0,0,0,0,0,0,0,0,0,0,0,0,0,0,0,0,0,0,0,0,31,40,40,71,65476,0,300,0,0,8,21553,0.0,-107605600.0,0.0,0.0,0.0,0.0,0.0,0.0,0.0,0.0,0.0,0.0,0.0,0.0,0.0,0.0,0.0,0.0,0.0,0.0,0.0,0.0,-2.004,2.004,0.0,2.004,0.0,0.0,0.0,0.0,4492.0,0.0,6917.0,0.0,0.0,2.7184256974124493e+23,0.0,0.0,0.0,0.0,0.0,69,-107615376.0,2.718413627765448e+23,0.0,0.0,0.0,0.0,0.0,0.0,0.0,0,0,0,0.0,0.0,0.0,0.0,0.0,0.0,0.0,0.0,0.0,0.0,0.0,0.0,0.0,0.0,0.0,0.0,0,-107875648.0,69,0.0,138,0.0,-0.0,0,39322,17086,26215,17102,52429,17081,0,0,0,70,68,100,2.7302399002429377e+23,82.3,-0.0,78.1,0.0,79.0,1,49,50,180,52429,39322,0,0,0.0,0.0,0.0,0.0,-0.0,67.0,0.0,162057.094,0.0,979,0,1008,0,0,0,953,0,1032,0,929,0,791,0,783,0,822,0,7520,0.032,1.400799628097319e+20,0.0,0.0,784,16797,-0.0,162057.094,-114818.039,-0.0,0.133,6.909358625270745e+28,30.0,70.0,35,0.0,0.0,0.0,0.0,0.0,0.0,0.0,0.0,0.0,0.0,0.0,0.0,0.0,0.0,0.0,0.0,66.0,0,150,71,52,65476,0,300,0,0,8,20529,65476,0,0,44564,70.0,0.0,0.0,0.0,0.0,0.0
2026-09-10T21:24:29,ERR,ERR,ERR,ERR,ERR,ERR,ERR,ERR,ERR,ERR,ERR,ERR,ERR,ERR,ERR,ERR,ERR,ERR,ERR,ERR,ERR,ERR,ERR,ERR,ERR,ERR,ERR,ERR,ERR,ERR,ERR,ERR,ERR,ERR,ERR,ERR,ERR,ERR,ERR,ERR,ERR,ERR,ERR,ERR,ERR,ERR,ERR,ERR,ERR,ERR,ERR,ERR,ERR,ERR,ERR,ERR,ERR,ERR,ERR,ERR,ERR,ERR,ERR,ERR,ERR,ERR,ERR,ERR,ERR,ERR,ERR,ERR,ERR,ERR,ERR,ERR,ERR,ERR,ERR,ERR,ERR,ERR,ERR,ERR,ERR,ERR,ERR,ERR,ERR,ERR,ERR,ERR,ERR,ERR,ERR,ERR,ERR,ERR,ERR,ERR,ERR,ERR,ERR,ERR,ERR,ERR,ERR,ERR,ERR,ERR,ERR,ERR,ERR,ERR,ERR,ERR,ERR,ERR,ERR,ERR,ERR,ERR,ERR,ERR,ERR,0.0,0.0,2.6474835549302285e+23,0.0,0.0,1.3936040501711995e+18,7.805,0.0,0,0,4,0,7116,0.0,100,0.0,0.0,0.0,0.0,0.0,0,0,0,0,0.0,0,0,0,0,0,0,0,0,0,0,0,0,0,0,0,0,0,0,0,0,0,0,0,0,0,0,0,0,0,0,0,0,0,31,40,40,71,65476,0,300,0,0,8,21553,0.0,-107605600.0,0.0,0.0,0.0,0.0,0.0,0.0,0.0,0.0,0.0,0.0,0.0,0.0,0.0,0.0,0.0,0.0,0.0,0.0,0.0,0.0,-2.004,2.004,0.0,2.004,0.0,0.0,0.0,0.0,4492.0,0.0,6917.0,0.0,0.0,2.7184256974124493e+23,0.0,0.0,0.0,0.0,0.0,69,-107615376.0,2.718413627765448e+23,0.0,0.0,0.0,0.0,0.0,0.0,0.0,0,0,0,0.0,0.0,0.0,0.0,0.0,0.0,0.0,0.0,0.0,0.0,0.0,0.0,0.0,0.0,0.0,0.0,0,-107875648.0,69,0.0,138,0.0,-0.0,0,39322,17086,26215,17102,52429,17081,0,0,0,70,68,100,2.7302399002429377e+23,82.3,-0.0,78.1,0.0,79.0,1,49,50,180,52429,39322,0,0,0.0,0.0,0.0,0.0,-0.0,67.0,0.0,162057.094,0.0,978,0,1008,0,0,0,953,0,1032,0,929,0,791,0,783,0,822,0,7520,0.032,1.400799628097319e+20,0.0,0.0,784,16797,-0.0,162057.094,-114818.039,-0.0,0.133,6.909358625270745e+28,30.0,70.0,35,0.0,0.0,0.0,0.0,0.0,0.0,0.0,0.0,0.0,0.0,0.0,0.0,0.0,0.0,0.0,0.0,66.4,0,150,71,52,65476,0,300,0,0,8,20529,65476,0,0,44564,70.0,0.0,0.0,0.0,0.0,0.0
2026-09-10T21:24:30,ERR,ERR,ERR,ERR,ERR,ERR,ERR,ERR,ERR,ERR,ERR,ERR,ERR,ERR,ERR,ERR,ERR,ERR,ERR,ERR,ERR,ERR,ERR,ERR,ERR,ERR,ERR,ERR,ERR,ERR,ERR,ERR,ERR,ERR,ERR,ERR,ERR,ERR,ERR,ERR,ERR,ERR,ERR,ERR,ERR,ERR,ERR,ERR,ERR,ERR,ERR,ERR,ERR,ERR,ERR,ERR,ERR,ERR,ERR,ERR,ERR,ERR,ERR,ERR,ERR,ERR,ERR,ERR,ERR,ERR,ERR,ERR,ERR,ERR,ERR,ERR,ERR,ERR,ERR,ERR,ERR,ERR,ERR,ERR,ERR,ERR,ERR,ERR,ERR,ERR,ERR,ERR,ERR,ERR,ERR,ERR,ERR,ERR,ERR,ERR,ERR,ERR,ERR,ERR,ERR,ERR,ERR,ERR,ERR,ERR,ERR,ERR,ERR,ERR,ERR,ERR,ERR,ERR,ERR,ERR,ERR,ERR,ERR,ERR,ERR,0.0,0.0,2.6474835549302285e+23,0.0,0.0,1.3936040501711995e+18,7.805,0.0,0,0,4,0,7116,0.0,100,0.0,0.0,0.0,0.0,0.0,0,0,0,0,0.0,0,0,0,0,0,0,0,0,0,0,0,0,0,0,0,0,0,0,0,0,0,0,0,0,0,0,0,0,0,0,0,0,0,31,40,40,71,65476,0,300,0,0,8,21553,0.0,-107605600.0,0.0,0.0,0.0,0.0,0.0,0.0,0.0,0.0,0.0,0.0,0.0,0.0,0.0,0.0,0.0,0.0,0.0,0.0,0.0,0.0,-2.004,2.004,0.0,2.004,0.0,0.0,0.0,0.0,4492.0,0.0,6917.0,0.0,0.0,2.7184256974124493e+23,0.0,0.0,0.0,0.0,0.0,69,-107615376.0,2.718413627765448e+23,0.0,0.0,0.0,0.0,0.0,0.0,0.0,0,0,0,0.0,0.0,0.0,0.0,0.0,0.0,0.0,0.0,0.0,0.0,0.0,0.0,0.0,0.0,0.0,0.0,0,-107875648.0,69,0.0,138,0.0,-0.0,0,39322,17086,26215,17102,52429,17081,0,0,0,70,68,100,2.7302399002429377e+23,82.3,-0.0,78.1,0.0,79.0,1,49,50,180,52429,39322,0,0,0.0,0.0,0.0,0.0,-0.0,67.0,0.0,162057.094,0.0,978,0,1008,0,0,0,953,0,1032,0,929,0,791,0,783,0,822,0,7520,0.032,1.400799628097319e+20,0.0,0.0,784,16797,-0.0,162057.094,-114818.039,-0.0,0.133,6.909358625270745e+28,30.0,70.0,35,0.0,0.0,0.0,0.0,0.0,0.0,0.0,0.0,0.0,0.0,0.0,0.0,0.0,0.0,0.0,0.0,66.4,0,150,71,52,65476,0,300,0,0,8,20529,65476,0,0,44564,70.0,0.0,0.0,0.0,0.0,0.0
2026-09-10T21:24:31,ERR,ERR,ERR,ERR,ERR,ERR,ERR,ERR,ERR,ERR,ERR,ERR,ERR,ERR,ERR,ERR,ERR,ERR,ERR,ERR,ERR,ERR,ERR,ERR,ERR,ERR,ERR,ERR,ERR,ERR,ERR,ERR,ERR,ERR,ERR,ERR,ERR,ERR,ERR,ERR,ERR,ERR,ERR,ERR,ERR,ERR,ERR,ERR,ERR,ERR,ERR,ERR,ERR,ERR,ERR,ERR,ERR,ERR,ERR,ERR,ERR,ERR,ERR,ERR,ERR,ERR,ERR,ERR,ERR,ERR,ERR,ERR,ERR,ERR,ERR,ERR,ERR,ERR,ERR,ERR,ERR,ERR,ERR,ERR,ERR,ERR,ERR,ERR,ERR,ERR,ERR,ERR,ERR,ERR,ERR,ERR,ERR,ERR,ERR,ERR,ERR,ERR,ERR,ERR,ERR,ERR,ERR,ERR,ERR,ERR,ERR,ERR,ERR,ERR,ERR,ERR,ERR,ERR,ERR,ERR,ERR,ERR,ERR,ERR,ERR,0.0,0.0,2.6474835549302285e+23,0.0,0.0,1.3936040501711995e+18,7.805,0.0,0,0,4,0,7116,0.0,100,0.0,0.0,0.0,0.0,0.0,0,0,0,0,0.0,0,0,0,0,0,0,0,0,0,0,0,0,0,0,0,0,0,0,0,0,0,0,0,0,0,0,0,0,0,0,0,0,0,31,40,40,71,65476,0,300,0,0,8,21553,0.0,-107605600.0,0.0,0.0,0.0,0.0,0.0,0.0,0.0,0.0,0.0,0.0,0.0,0.0,0.0,0.0,0.0,0.0,0.0,0.0,0.0,0.0,-2.004,2.004,0.0,2.004,0.0,0.0,0.0,0.0,4492.0,0.0,6917.0,0.0,0.0,2.7184256974124493e+23,0.0,0.0,0.0,0.0,0.0,69,-107615376.0,2.718413627765448e+23,0.0,0.0,0.0,0.0,0.0,0.0,0.0,0,0,0,0.0,0.0,0.0,0.0,0.0,0.0,0.0,0.0,0.0,0.0,0.0,0.0,0.0,0.0,0.0,0.0,0,-107875648.0,69,0.0,138,0.0,-0.0,0,39322,17086,26215,17102,52429,17081,0,0,0,70,68,100,2.7302399002429377e+23,82.3,-0.0,78.1,0.0,79.0,1,49,50,180,52429,39322,0,0,0.0,0.0,0.0,0.0,-0.0,67.0,0.0,162057.094,0.0,978,0,1008,0,0,0,953,0,1032,0,929,0,791,0,783,0,822,0,7520,0.032,1.400799628097319e+20,0.0,0.0,784,16797,-0.0,162057.094,-114818.039,-0.0,0.133,6.909358625270745e+28,30.0,70.0,35,0.0,0.0,0.0,0.0,0.0,0.0,0.0,0.0,0.0,0.0,0.0,0.0,0.0,0.0,0.0,0.0,66.4,0,150,71,52,65476,0,300,0,0,8,20529,65476,0,0,44564,70.0,0.0,0.0,0.0,0.0,0.0
2026-09-10T21:24:32,ERR,ERR,ERR,ERR,ERR,ERR,ERR,ERR,ERR,ERR,ERR,ERR,ERR,ERR,ERR,ERR,ERR,ERR,ERR,ERR,ERR,ERR,ERR,ERR,ERR,ERR,ERR,ERR,ERR,ERR,ERR,ERR,ERR,ERR,ERR,ERR,ERR,ERR,ERR,ERR,ERR,ERR,ERR,ERR,ERR,ERR,ERR,ERR,ERR,ERR,ERR,ERR,ERR,ERR,ERR,ERR,ERR,ERR,ERR,ERR,ERR,ERR,ERR,ERR,ERR,ERR,ERR,ERR,ERR,ERR,ERR,ERR,ERR,ERR,ERR,ERR,ERR,ERR,ERR,ERR,ERR,ERR,ERR,ERR,ERR,ERR,ERR,ERR,ERR,ERR,ERR,ERR,ERR,ERR,ERR,ERR,ERR,ERR,ERR,ERR,ERR,ERR,ERR,ERR,ERR,ERR,ERR,ERR,ERR,ERR,ERR,ERR,ERR,ERR,ERR,ERR,ERR,ERR,ERR,ERR,ERR,ERR,ERR,ERR,ERR,0.0,0.0,2.6474835549302285e+23,0.0,0.0,1.3936040501711995e+18,7.805,0.0,0,0,4,0,7116,0.0,100,0.0,0.0,0.0,0.0,0.0,0,0,0,0,0.0,0,0,0,0,0,0,0,0,0,0,0,0,0,0,0,0,0,0,0,0,0,0,0,0,0,0,0,0,0,0,0,0,0,31,40,40,71,65476,0,300,0,0,8,21553,0.0,-107605600.0,0.0,0.0,0.0,0.0,0.0,0.0,0.0,0.0,0.0,0.0,0.0,0.0,0.0,0.0,0.0,0.0,0.0,0.0,0.0,0.0,-2.004,2.004,0.0,2.004,0.0,0.0,0.0,0.0,4467.0,-564144692527104.0,6939.0,0.0,0.0,2.7184256974124493e+23,0.0,0.0,0.0,0.0,0.0,69,-4.0668816144241325e+29,0.0,0.0,0.0,0.0,0.0,0.0,0.0,0.0,0,0,0,0.0,0.0,0.0,0.0,0.0,0.0,0.0,0.0,0.0,0.0,0.0,0.0,0.0,0.0,0.0,0.0,0,-107875648.0,69,0.0,138,0.0,-0.0,0,39322,17086,26215,17102,52429,17081,0,0,0,70,68,100,2.7302399002429377e+23,82.3,-0.0,78.1,0.0,79.0,1,49,50,180,52429,39322,0,0,0.0,0.0,0.0,0.0,-0.0,67.0,0.0,162057.094,0.0,978,0,1008,0,0,0,953,0,1032,0,929,0,791,0,783,0,822,0,7520,0.032,1.400799628097319e+20,0.0,0.0,784,16797,-0.0,162057.094,-114818.039,-0.0,0.133,6.909358625270745e+28,30.0,70.0,35,0.0,0.0,0.0,0.0,0.0,0.0,0.0,0.0,0.0,0.0,0.0,0.0,0.0,0.0,0.0,0.0,66.4,0,150,71,52,65476,0,300,0,0,8,20529,65476,0,0,44564,70.0,0.0,0.0,0.0,0.0,0.0
2026-09-10T21:24:33,ERR,ERR,ERR,ERR,ERR,ERR,ERR,ERR,ERR,ERR,ERR,ERR,ERR,ERR,ERR,ERR,ERR,ERR,ERR,ERR,ERR,ERR,ERR,ERR,ERR,ERR,ERR,ERR,ERR,ERR,ERR,ERR,ERR,ERR,ERR,ERR,ERR,ERR,ERR,ERR,ERR,ERR,ERR,ERR,ERR,ERR,ERR,ERR,ERR,ERR,ERR,ERR,ERR,ERR,ERR,ERR,ERR,ERR,ERR,ERR,ERR,ERR,ERR,ERR,ERR,ERR,ERR,ERR,ERR,ERR,ERR,ERR,ERR,ERR,ERR,ERR,ERR,ERR,ERR,ERR,ERR,ERR,ERR,ERR,ERR,ERR,ERR,ERR,ERR,ERR,ERR,ERR,ERR,ERR,ERR,ERR,ERR,ERR,ERR,ERR,ERR,ERR,ERR,ERR,ERR,ERR,ERR,ERR,ERR,ERR,ERR,ERR,ERR,ERR,ERR,ERR,ERR,ERR,ERR,ERR,ERR,ERR,ERR,ERR,ERR,0.0,0.0,2.6474835549302285e+23,0.0,0.0,1.3936040501711995e+18,7.805,0.0,0,0,4,0,7116,0.0,100,0.0,0.0,0.0,0.0,0.0,0,0,0,0,0.0,0,0,0,0,0,0,0,0,0,0,0,0,0,0,0,0,0,0,0,0,0,0,0,0,0,0,0,0,0,0,0,0,0,31,40,40,71,65476,0,300,0,0,8,21553,0.0,-107605600.0,0.0,0.0,0.0,0.0,0.0,0.0,0.0,0.0,0.0,0.0,0.0,0.0,0.0,0.0,0.0,0.0,0.0,0.0,0.0,0.0,-2.004,2.004,0.0,2.004,0.0,0.0,0.0,0.0,4467.0,-564144692527104.0,6939.0,0.0,0.0,2.7184256974124493e+23,0.0,0.0,0.0,0.0,0.0,69,-4.0668816144241325e+29,0.0,0.0,0.0,0.0,0.0,0.0,0.0,0.0,0,0,0,0.0,0.0,0.0,0.0,0.0,0.0,0.0,0.0,0.0,0.0,0.0,0.0,0.0,0.0,0.0,0.0,0,-107875648.0,69,0.0,138,0.0,-0.0,0,39322,17086,26215,17102,52429,17081,0,0,0,70,68,100,2.7302399002429377e+23,82.3,-0.0,78.1,0.0,79.0,1,49,50,180,52429,39322,0,0,0.0,0.0,0.0,0.0,-0.0,67.0,0.0,162057.094,0.0,978,0,1008,0,0,0,953,0,1032,0,929,0,791,0,783,0,822,0,7520,0.032,1.400799628097319e+20,0.0,0.0,784,16797,-0.0,162057.094,-114818.039,-0.0,0.133,6.909358625270745e+28,30.0,70.0,35,0.0,0.0,0.0,0.0,0.0,0.0,0.0,0.0,0.0,0.0,0.0,0.0,0.0,0.0,0.0,0.0,66.4,0,150,71,52,65476,0,300,0,0,8,20529,65476,0,0,44564,70.0,0.0,0.0,0.0,0.0,0.0
2026-09-10T21:24:34,ERR,ERR,ERR,ERR,ERR,ERR,ERR,ERR,ERR,ERR,ERR,ERR,ERR,ERR,ERR,ERR,ERR,ERR,ERR,ERR,ERR,ERR,ERR,ERR,ERR,ERR,ERR,ERR,ERR,ERR,ERR,ERR,ERR,ERR,ERR,ERR,ERR,ERR,ERR,ERR,ERR,ERR,ERR,ERR,ERR,ERR,ERR,ERR,ERR,ERR,ERR,ERR,ERR,ERR,ERR,ERR,ERR,ERR,ERR,ERR,ERR,ERR,ERR,ERR,ERR,ERR,ERR,ERR,ERR,ERR,ERR,ERR,ERR,ERR,ERR,ERR,ERR,ERR,ERR,ERR,ERR,ERR,ERR,ERR,ERR,ERR,ERR,ERR,ERR,ERR,ERR,ERR,ERR,ERR,ERR,ERR,ERR,ERR,ERR,ERR,ERR,ERR,ERR,ERR,ERR,ERR,ERR,ERR,ERR,ERR,ERR,ERR,ERR,ERR,ERR,ERR,ERR,ERR,ERR,ERR,ERR,ERR,ERR,ERR,ERR,0.0,0.0,2.6474835549302285e+23,0.0,0.0,1.3936040501711995e+18,7.805,0.0,0,0,4,0,7116,0.0,100,0.0,0.0,0.0,0.0,0.0,0,0,0,0,0.0,0,0,0,0,0,0,0,0,0,0,0,0,0,0,0,0,0,0,0,0,0,0,0,0,0,0,0,0,0,0,0,0,0,31,40,40,71,65476,0,300,0,0,8,21553,0.0,-107605600.0,0.0,0.0,0.0,0.0,0.0,0.0,0.0,0.0,0.0,0.0,0.0,0.0,0.0,0.0,0.0,0.0,0.0,0.0,0.0,0.0,-2.004,2.004,0.0,2.004,0.0,0.0,0.0,0.0,4467.0,-564144692527104.0,6939.0,0.0,0.0,2.7184256974124493e+23,0.0,0.0,0.0,0.0,0.0,69,-4.0668816144241325e+29,0.0,0.0,0.0,0.0,0.0,0.0,0.0,0.0,0,0,0,0.0,0.0,0.0,0.0,0.0,0.0,0.0,0.0,0.0,0.0,0.0,0.0,0.0,0.0,0.0,0.0,0,-107875648.0,69,0.0,138,0.0,-0.0,0,39322,17086,26215,17102,52429,17081,0,0,0,70,68,100,2.7302399002429377e+23,82.3,-0.0,78.1,0.0,79.0,1,49,50,180,52429,39322,0,0,0.0,0.0,0.0,0.0,-0.0,67.0,0.0,162057.094,0.0,978,0,1008,0,0,0,953,0,1032,0,929,0,791,0,783,0,822,0,7520,0.032,1.400799628097319e+20,0.0,0.0,784,16797,-0.0,162057.094,-114818.039,-0.0,0.133,6.909358625270745e+28,30.0,70.0,35,0.0,0.0,0.0,0.0,0.0,0.0,0.0,0.0,0.0,0.0,0.0,0.0,0.0,0.0,0.0,0.0,66.4,0,150,71,52,65476,0,300,0,0,8,20529,65476,0,0,44564,70.0,0.0,0.0,0.0,0.0,0.0
2026-09-10T21:24:35,ERR,ERR,ERR,ERR,ERR,ERR,ERR,ERR,ERR,ERR,ERR,ERR,ERR,ERR,ERR,ERR,ERR,ERR,ERR,ERR,ERR,ERR,ERR,ERR,ERR,ERR,ERR,ERR,ERR,ERR,ERR,ERR,ERR,ERR,ERR,ERR,ERR,ERR,ERR,ERR,ERR,ERR,ERR,ERR,ERR,ERR,ERR,ERR,ERR,ERR,ERR,ERR,ERR,ERR,ERR,ERR,ERR,ERR,ERR,ERR,ERR,ERR,ERR,ERR,ERR,ERR,ERR,ERR,ERR,ERR,ERR,ERR,ERR,ERR,ERR,ERR,ERR,ERR,ERR,ERR,ERR,ERR,ERR,ERR,ERR,ERR,ERR,ERR,ERR,ERR,ERR,ERR,ERR,ERR,ERR,ERR,ERR,ERR,ERR,ERR,ERR,ERR,ERR,ERR,ERR,ERR,ERR,ERR,ERR,ERR,ERR,ERR,ERR,ERR,ERR,ERR,ERR,ERR,ERR,ERR,ERR,ERR,ERR,ERR,ERR,0.0,0.0,2.6474835549302285e+23,0.0,0.0,1.3936040501711995e+18,7.805,0.0,0,0,4,0,7116,0.0,100,0.0,0.0,0.0,0.0,0.0,0,0,0,0,0.0,0,0,0,0,0,0,0,0,0,0,0,0,0,0,0,0,0,0,0,0,0,0,0,0,0,0,0,0,0,0,0,0,0,31,40,40,71,65476,0,300,0,0,8,21553,0.0,-107605600.0,0.0,0.0,0.0,0.0,0.0,0.0,0.0,0.0,0.0,0.0,0.0,0.0,0.0,0.0,0.0,0.0,0.0,0.0,0.0,0.0,-2.004,2.004,0.0,2.004,0.0,0.0,0.0,0.0,4467.0,-564144692527104.0,6939.0,0.0,0.0,2.7184256974124493e+23,0.0,0.0,0.0,0.0,0.0,69,-4.0668816144241325e+29,0.0,0.0,0.0,0.0,0.0,0.0,0.0,0.0,0,0,0,0.0,0.0,0.0,0.0,0.0,0.0,0.0,0.0,0.0,0.0,0.0,0.0,0.0,0.0,0.0,0.0,0,-107875648.0,69,0.0,138,0.0,-0.0,0,39322,17086,26215,17102,52429,17081,0,0,0,70,68,100,2.7302399002429377e+23,82.3,-0.0,78.1,0.0,79.0,1,49,50,180,39322,39322,0,0,0.0,0.0,0.0,0.0,-0.0,67.0,0.0,162057.094,0.0,978,0,1008,0,0,0,953,0,1032,0,929,0,791,0,783,0,822,0,7520,0.032,1.400799628097319e+20,0.0,0.0,784,16797,-0.0,162057.094,-114818.039,-0.0,0.133,6.909358625270745e+28,30.0,70.0,35,0.0,0.0,0.0,0.0,0.0,0.0,0.0,0.0,0.0,0.0,0.0,0.0,0.0,0.0,0.0,0.0,66.4,0,150,71,52,65476,0,300,0,0,8,20529,65476,0,0,44564,70.0,0.0,0.0,0.0,0.0,0.0
2026-09-10T21:24:36,ERR,ERR,ERR,ERR,ERR,ERR,ERR,ERR,ERR,ERR,ERR,ERR,ERR,ERR,ERR,ERR,ERR,ERR,ERR,ERR,ERR,ERR,ERR,ERR,ERR,ERR,ERR,ERR,ERR,ERR,ERR,ERR,ERR,ERR,ERR,ERR,ERR,ERR,ERR,ERR,ERR,ERR,ERR,ERR,ERR,ERR,ERR,ERR,ERR,ERR,ERR,ERR,ERR,ERR,ERR,ERR,ERR,ERR,ERR,ERR,ERR,ERR,ERR,ERR,ERR,ERR,ERR,ERR,ERR,ERR,ERR,ERR,ERR,ERR,ERR,ERR,ERR,ERR,ERR,ERR,ERR,ERR,ERR,ERR,ERR,ERR,ERR,ERR,ERR,ERR,ERR,ERR,ERR,ERR,ERR,ERR,ERR,ERR,ERR,ERR,ERR,ERR,ERR,ERR,ERR,ERR,ERR,ERR,ERR,ERR,ERR,ERR,ERR,ERR,ERR,ERR,ERR,ERR,ERR,ERR,ERR,ERR,ERR,ERR,ERR,0.0,0.0,2.6474835549302285e+23,0.0,0.0,1.3936040501711995e+18,7.805,0.0,0,0,4,0,7116,0.0,100,0.0,0.0,0.0,0.0,0.0,0,0,0,0,0.0,0,0,0,0,0,0,0,0,0,0,0,0,0,0,0,0,0,0,0,0,0,0,0,0,0,0,0,0,0,0,0,0,0,31,40,40,71,65476,0,300,0,0,8,21553,0.0,-107605600.0,0.0,0.0,0.0,0.0,0.0,0.0,0.0,0.0,0.0,0.0,0.0,0.0,0.0,0.0,0.0,0.0,0.0,0.0,0.0,0.0,-2.004,2.004,0.0,2.004,0.0,0.0,0.0,0.0,4467.0,-564144692527104.0,6939.0,0.0,0.0,2.7184256974124493e+23,0.0,0.0,0.0,0.0,0.0,69,-4.0668816144241325e+29,0.0,0.0,0.0,0.0,0.0,0.0,0.0,0.0,0,0,0,0.0,0.0,0.0,0.0,0.0,0.0,0.0,0.0,0.0,0.0,0.0,0.0,0.0,0.0,0.0,0.0,0,-107875648.0,69,0.0,138,0.0,-0.0,0,39322,17086,26215,17102,52429,17081,0,0,0,70,68,100,2.7302399002429377e+23,82.3,-0.0,78.1,0.0,79.0,1,49,50,180,39322,39322,0,0,0.0,0.0,0.0,0.0,-0.0,67.0,0.0,162057.094,0.0,978,0,1008,0,0,0,953,0,1032,0,929,0,791,0,783,0,822,0,7520,0.032,1.400799628097319e+20,0.0,0.0,784,16797,-0.0,162057.094,-114818.039,-0.0,0.133,6.909358625270745e+28,30.0,70.0,35,0.0,0.0,0.0,0.0,0.0,0.0,0.0,0.0,0.0,0.0,0.0,0.0,0.0,0.0,0.0,0.0,66.4,0,150,71,52,65476,0,300,0,0,8,20529,65476,0,0,44564,70.0,0.0,0.0,0.0,0.0,0.0
2026-09-10T21:24:37,ERR,ERR,ERR,ERR,ERR,ERR,ERR,ERR,ERR,ERR,ERR,ERR,ERR,ERR,ERR,ERR,ERR,ERR,ERR,ERR,ERR,ERR,ERR,ERR,ERR,ERR,ERR,ERR,ERR,ERR,ERR,ERR,ERR,ERR,ERR,ERR,ERR,ERR,ERR,ERR,ERR,ERR,ERR,ERR,ERR,ERR,ERR,ERR,ERR,ERR,ERR,ERR,ERR,ERR,ERR,ERR,ERR,ERR,ERR,ERR,ERR,ERR,ERR,ERR,ERR,ERR,ERR,ERR,ERR,ERR,ERR,ERR,ERR,ERR,ERR,ERR,ERR,ERR,ERR,ERR,ERR,ERR,ERR,ERR,ERR,ERR,ERR,ERR,ERR,ERR,ERR,ERR,ERR,ERR,ERR,ERR,ERR,ERR,ERR,ERR,ERR,ERR,ERR,ERR,ERR,ERR,ERR,ERR,ERR,ERR,ERR,ERR,ERR,ERR,ERR,ERR,ERR,ERR,ERR,ERR,ERR,ERR,ERR,ERR,ERR,0.0,0.0,2.6474835549302285e+23,0.0,0.0,1.3936040501711995e+18,7.805,0.0,0,0,4,0,7116,0.0,100,0.0,0.0,0.0,0.0,0.0,0,0,0,0,0.0,0,0,0,0,0,0,0,0,0,0,0,0,0,0,0,0,0,0,0,0,0,0,0,0,0,0,0,0,0,0,0,0,0,31,40,40,71,65476,0,300,0,0,8,21553,0.0,-107605600.0,0.0,0.0,0.0,0.0,0.0,0.0,0.0,0.0,0.0,0.0,0.0,0.0,0.0,0.0,0.0,0.0,0.0,0.0,0.0,0.0,-2.004,2.004,0.0,2.004,0.0,0.0,0.0,0.0,4467.0,-564144692527104.0,6939.0,0.0,0.0,2.7184256974124493e+23,0.0,0.0,0.0,0.0,0.0,69,-4.0668816144241325e+29,0.0,0.0,0.0,0.0,0.0,0.0,0.0,0.0,0,0,0,0.0,0.0,0.0,0.0,0.0,0.0,0.0,0.0,0.0,0.0,0.0,0.0,0.0,0.0,0.0,0.0,0,-107875648.0,69,0.0,138,0.0,-0.0,0,39322,17086,26215,17102,52429,17081,0,0,0,70,68,100,2.7302399002429377e+23,82.3,-0.0,78.1,0.0,79.0,1,49,50,180,39322,39322,0,0,0.0,0.0,0.0,0.0,-0.0,67.0,0.0,162057.094,0.0,978,0,1008,0,0,0,953,0,1032,0,929,0,791,0,783,0,822,0,7520,0.032,1.400799628097319e+20,0.0,0.0,784,16797,-0.0,162057.094,-114818.039,-0.0,0.133,6.909358625270745e+28,30.0,70.0,35,0.0,0.0,0.0,0.0,0.0,0.0,0.0,0.0,0.0,0.0,0.0,0.0,0.0,0.0,0.0,0.0,66.4,0,150,71,52,65476,0,300,0,0,8,20529,65476,0,0,44564,70.0,0.0,0.0,0.0,0.0,0.0
2026-09-10T21:24:38,ERR,ERR,ERR,ERR,ERR,ERR,ERR,ERR,ERR,ERR,ERR,ERR,ERR,ERR,ERR,ERR,ERR,ERR,ERR,ERR,ERR,ERR,ERR,ERR,ERR,ERR,ERR,ERR,ERR,ERR,ERR,ERR,ERR,ERR,ERR,ERR,ERR,ERR,ERR,ERR,ERR,ERR,ERR,ERR,ERR,ERR,ERR,ERR,ERR,ERR,ERR,ERR,ERR,ERR,ERR,ERR,ERR,ERR,ERR,ERR,ERR,ERR,ERR,ERR,ERR,ERR,ERR,ERR,ERR,ERR,ERR,ERR,ERR,ERR,ERR,ERR,ERR,ERR,ERR,ERR,ERR,ERR,ERR,ERR,ERR,ERR,ERR,ERR,ERR,ERR,ERR,ERR,ERR,ERR,ERR,ERR,ERR,ERR,ERR,ERR,ERR,ERR,ERR,ERR,ERR,ERR,ERR,ERR,ERR,ERR,ERR,ERR,ERR,ERR,ERR,ERR,ERR,ERR,ERR,ERR,ERR,ERR,ERR,ERR,ERR,0.0,0.0,2.6474835549302285e+23,0.0,0.0,1.3936040501711995e+18,7.805,0.0,0,0,4,0,7116,0.0,100,0.0,0.0,0.0,0.0,0.0,0,0,0,0,0.0,0,0,0,0,0,0,0,0,0,0,0,0,0,0,0,0,0,0,0,0,0,0,0,0,0,0,0,0,0,0,0,0,0,31,40,40,71,65476,0,300,0,0,8,21553,0.0,-107605600.0,0.0,0.0,0.0,0.0,0.0,0.0,0.0,0.0,0.0,0.0,0.0,0.0,0.0,0.0,0.0,0.0,0.0,0.0,0.0,0.0,-2.004,2.004,0.0,2.004,0.0,0.0,0.0,0.0,4467.0,-564144692527104.0,6939.0,0.0,0.0,2.7184256974124493e+23,0.0,0.0,0.0,0.0,0.0,69,-4.0668816144241325e+29,0.0,0.0,0.0,0.0,0.0,0.0,0.0,0.0,0,0,0,0.0,0.0,0.0,0.0,0.0,0.0,0.0,0.0,0.0,0.0,0.0,0.0,0.0,0.0,0.0,0.0,0,-107875648.0,69,0.0,138,0.0,-0.0,0,39322,17086,26215,17102,52429,17081,0,0,0,70,68,100,2.7302399002429377e+23,82.3,-0.0,78.1,0.0,79.0,1,49,50,180,39322,39322,0,0,0.0,0.0,0.0,0.0,-0.0,67.0,0.0,162057.094,0.0,978,0,1008,0,0,0,953,0,1032,0,929,0,791,0,783,0,822,0,7520,0.032,1.400799628097319e+20,0.0,0.0,784,16797,-0.0,162057.094,-114818.039,-0.0,0.133,6.909358625270745e+28,30.0,70.0,35,0.0,0.0,0.0,0.0,0.0,0.0,0.0,0.0,0.0,0.0,0.0,0.0,0.0,0.0,0.0,0.0,66.4,0,150,71,52,65476,0,300,0,0,8,20529,65476,0,0,44564,70.0,0.0,0.0,0.0,0.0,0.0
2026-09-10T21:24:39,ERR,ERR,ERR,ERR,ERR,ERR,ERR,ERR,ERR,ERR,ERR,ERR,ERR,ERR,ERR,ERR,ERR,ERR,ERR,ERR,ERR,ERR,ERR,ERR,ERR,ERR,ERR,ERR,ERR,ERR,ERR,ERR,ERR,ERR,ERR,ERR,ERR,ERR,ERR,ERR,ERR,ERR,ERR,ERR,ERR,ERR,ERR,ERR,ERR,ERR,ERR,ERR,ERR,ERR,ERR,ERR,ERR,ERR,ERR,ERR,ERR,ERR,ERR,ERR,ERR,ERR,ERR,ERR,ERR,ERR,ERR,ERR,ERR,ERR,ERR,ERR,ERR,ERR,ERR,ERR,ERR,ERR,ERR,ERR,ERR,ERR,ERR,ERR,ERR,ERR,ERR,ERR,ERR,ERR,ERR,ERR,ERR,ERR,ERR,ERR,ERR,ERR,ERR,ERR,ERR,ERR,ERR,ERR,ERR,ERR,ERR,ERR,ERR,ERR,ERR,ERR,ERR,ERR,ERR,ERR,ERR,ERR,ERR,ERR,ERR,0.0,0.0,2.6474835549302285e+23,0.0,0.0,1.3936040501711995e+18,7.805,0.0,0,0,4,0,7116,0.0,100,0.0,0.0,0.0,0.0,0.0,0,0,0,0,0.0,0,0,0,0,0,0,0,0,0,0,0,0,0,0,0,0,0,0,0,0,0,0,0,0,0,0,0,0,0,0,0,0,0,31,40,40,71,65476,0,300,0,0,8,21553,0.0,-107605600.0,0.0,0.0,0.0,0.0,0.0,0.0,0.0,0.0,0.0,0.0,0.0,0.0,0.0,0.0,0.0,0.0,0.0,0.0,0.0,0.0,-2.004,2.004,0.0,2.004,0.0,0.0,0.0,0.0,4467.0,-564144692527104.0,6939.0,0.0,0.0,2.7184256974124493e+23,0.0,0.0,0.0,0.0,0.0,69,-4.0668816144241325e+29,0.0,0.0,0.0,0.0,0.0,0.0,0.0,0.0,0,0,0,0.0,0.0,0.0,0.0,0.0,0.0,0.0,0.0,0.0,0.0,0.0,0.0,0.0,0.0,0.0,0.0,0,-107875648.0,69,0.0,138,0.0,-0.0,0,39322,17086,26215,17102,52429,17081,0,0,0,70,68,100,2.7302399002429377e+23,82.3,-0.0,78.1,0.0,79.0,1,49,50,180,39322,39322,0,0,0.0,0.0,0.0,0.0,-0.0,67.0,0.0,162057.094,0.0,978,0,1008,0,0,0,953,0,1032,0,929,0,791,0,783,0,822,0,7520,0.032,1.400799628097319e+20,0.0,0.0,784,16797,-0.0,162057.094,-114818.039,-0.0,0.133,6.909358625270745e+28,30.0,70.0,35,0.0,0.0,0.0,0.0,0.0,0.0,0.0,0.0,0.0,0.0,0.0,0.0,0.0,0.0,0.0,0.0,66.4,0,150,71,52,65476,0,300,0,0,8,20529,65476,0,0,44564,70.0,0.0,0.0,0.0,0.0,0.0
2026-09-10T21:24:40,ERR,ERR,ERR,ERR,ERR,ERR,ERR,ERR,ERR,ERR,ERR,ERR,ERR,ERR,ERR,ERR,ERR,ERR,ERR,ERR,ERR,ERR,ERR,ERR,ERR,ERR,ERR,ERR,ERR,ERR,ERR,ERR,ERR,ERR,ERR,ERR,ERR,ERR,ERR,ERR,ERR,ERR,ERR,ERR,ERR,ERR,ERR,ERR,ERR,ERR,ERR,ERR,ERR,ERR,ERR,ERR,ERR,ERR,ERR,ERR,ERR,ERR,ERR,ERR,ERR,ERR,ERR,ERR,ERR,ERR,ERR,ERR,ERR,ERR,ERR,ERR,ERR,ERR,ERR,ERR,ERR,ERR,ERR,ERR,ERR,ERR,ERR,ERR,ERR,ERR,ERR,ERR,ERR,ERR,ERR,ERR,ERR,ERR,ERR,ERR,ERR,ERR,ERR,ERR,ERR,ERR,ERR,ERR,ERR,ERR,ERR,ERR,ERR,ERR,ERR,ERR,ERR,ERR,ERR,ERR,ERR,ERR,ERR,ERR,ERR,0.0,0.0,2.6474835549302285e+23,0.0,0.0,1.3936040501711995e+18,7.805,0.0,0,0,4,0,7116,0.0,100,0.0,0.0,0.0,0.0,0.0,0,0,0,0,0.0,0,0,0,0,0,0,0,0,0,0,0,0,0,0,0,0,0,0,0,0,0,0,0,0,0,0,0,0,0,0,0,0,0,31,40,40,71,65476,0,300,0,0,8,21553,0.0,-107605600.0,0.0,0.0,0.0,0.0,0.0,0.0,0.0,0.0,0.0,0.0,0.0,0.0,0.0,0.0,0.0,0.0,0.0,0.0,0.0,0.0,-2.004,2.004,0.0,2.004,0.0,0.0,0.0,0.0,4467.0,-564144692527104.0,6939.0,0.0,0.0,2.7184256974124493e+23,0.0,0.0,0.0,0.0,0.0,69,-4.0668816144241325e+29,0.0,0.0,0.0,0.0,0.0,0.0,0.0,0.0,0,0,0,0.0,0.0,0.0,0.0,0.0,0.0,0.0,0.0,0.0,0.0,0.0,0.0,0.0,0.0,0.0,0.0,0,-107875648.0,69,0.0,138,0.0,-0.0,0,39322,17086,26215,17102,52429,17081,0,0,0,70,68,100,2.7302399002429377e+23,82.3,-0.0,78.1,0.0,79.0,1,49,50,180,39322,39322,0,0,0.0,0.0,0.0,0.0,-0.0,67.0,0.0,162057.094,0.0,978,0,1008,0,0,0,953,0,1032,0,929,0,791,0,783,0,822,0,7520,0.032,1.400799628097319e+20,0.0,0.0,784,16797,-0.0,162057.094,-114818.039,-0.0,0.133,6.909358625270745e+28,30.0,70.0,35,0.0,0.0,0.0,0.0,0.0,0.0,0.0,0.0,0.0,0.0,0.0,0.0,0.0,0.0,0.0,0.0,66.4,0,150,71,52,65476,0,300,0,0,8,20529,65476,0,0,44564,70.0,0.0,0.0,0.0,0.0,0.0
2026-09-10T21:24:41,ERR,ERR,ERR,ERR,ERR,ERR,ERR,ERR,ERR,ERR,ERR,ERR,ERR,ERR,ERR,ERR,ERR,ERR,ERR,ERR,ERR,ERR,ERR,ERR,ERR,ERR,ERR,ERR,ERR,ERR,ERR,ERR,ERR,ERR,ERR,ERR,ERR,ERR,ERR,ERR,ERR,ERR,ERR,ERR,ERR,ERR,ERR,ERR,ERR,ERR,ERR,ERR,ERR,ERR,ERR,ERR,ERR,ERR,ERR,ERR,ERR,ERR,ERR,ERR,ERR,ERR,ERR,ERR,ERR,ERR,ERR,ERR,ERR,ERR,ERR,ERR,ERR,ERR,ERR,ERR,ERR,ERR,ERR,ERR,ERR,ERR,ERR,ERR,ERR,ERR,ERR,ERR,ERR,ERR,ERR,ERR,ERR,ERR,ERR,ERR,ERR,ERR,ERR,ERR,ERR,ERR,ERR,ERR,ERR,ERR,ERR,ERR,ERR,ERR,ERR,ERR,ERR,ERR,ERR,ERR,ERR,ERR,ERR,ERR,ERR,0.0,0.0,2.6474835549302285e+23,0.0,0.0,1.3936040501711995e+18,7.805,0.0,0,0,4,0,7116,0.0,100,0.0,0.0,0.0,0.0,0.0,0,0,0,0,0.0,0,0,0,0,0,0,0,0,0,0,0,0,0,0,0,0,0,0,0,0,0,0,0,0,0,0,0,0,0,0,0,0,0,31,40,40,71,65476,0,300,0,0,8,21553,0.0,-107605600.0,0.0,0.0,0.0,0.0,0.0,0.0,0.0,0.0,0.0,0.0,0.0,0.0,0.0,0.0,0.0,0.0,0.0,0.0,0.0,0.0,-2.004,2.004,0.0,2.004,0.0,0.0,0.0,0.0,4491.0,0.0,6917.0,0.0,0.0,2.7184256974124493e+23,0.0,0.0,0.0,0.0,0.0,69,-89221.141,2.718413627765448e+23,0.0,0.0,0.0,0.0,0.0,0.0,0.0,0,0,0,0.0,0.0,0.0,0.0,0.0,0.0,0.0,0.0,0.0,0.0,0.0,0.0,0.0,0.0,0.0,0.0,0,-107875648.0,69,0.0,138,0.0,-0.0,0,39322,17086,26215,17102,52429,17081,0,0,0,70,68,100,2.7302399002429377e+23,82.3,-0.0,78.1,0.0,79.0,1,49,50,180,39322,26215,0,0,0.0,0.0,0.0,0.0,-0.0,67.0,0.0,162057.094,0.0,978,0,1007,0,0,0,953,0,1031,0,929,0,791,0,783,0,822,0,7520,0.032,1.3431535528669767e+20,0.0,0.0,784,16797,-0.0,162057.094,-114818.039,-0.0,0.133,6.909358625270745e+28,30.0,70.0,35,0.0,0.0,0.0,0.0,0.0,0.0,0.0,0.0,0.0,0.0,0.0,0.0,0.0,0.0,0.0,0.0,66.4,0,150,71,52,65476,0,300,0,0,8,20529,65476,0,0,44564,70.0,0.0,0.0,0.0,0.0,0.0
2026-09-10T21:24:42,ERR,ERR,ERR,ERR,ERR,ERR,ERR,ERR,ERR,ERR,ERR,ERR,ERR,ERR,ERR,ERR,ERR,ERR,ERR,ERR,ERR,ERR,ERR,ERR,ERR,ERR,ERR,ERR,ERR,ERR,ERR,ERR,ERR,ERR,ERR,ERR,ERR,ERR,ERR,ERR,ERR,ERR,ERR,ERR,ERR,ERR,ERR,ERR,ERR,ERR,ERR,ERR,ERR,ERR,ERR,ERR,ERR,ERR,ERR,ERR,ERR,ERR,ERR,ERR,ERR,ERR,ERR,ERR,ERR,ERR,ERR,ERR,ERR,ERR,ERR,ERR,ERR,ERR,ERR,ERR,ERR,ERR,ERR,ERR,ERR,ERR,ERR,ERR,ERR,ERR,ERR,ERR,ERR,ERR,ERR,ERR,ERR,ERR,ERR,ERR,ERR,ERR,ERR,ERR,ERR,ERR,ERR,ERR,ERR,ERR,ERR,ERR,ERR,ERR,ERR,ERR,ERR,ERR,ERR,ERR,ERR,ERR,ERR,ERR,ERR,0.0,0.0,2.6474835549302285e+23,0.0,0.0,1.3936040501711995e+18,7.805,0.0,0,0,4,0,7116,0.0,100,0.0,0.0,0.0,0.0,0.0,0,0,0,0,0.0,0,0,0,0,0,0,0,0,0,0,0,0,0,0,0,0,0,0,0,0,0,0,0,0,0,0,0,0,0,0,0,0,0,31,40,40,71,65476,0,300,0,0,8,21553,0.0,-107605600.0,0.0,0.0,0.0,0.0,0.0,0.0,0.0,0.0,0.0,0.0,0.0,0.0,0.0,0.0,0.0,0.0,0.0,0.0,0.0,0.0,-2.004,2.004,0.0,2.004,0.0,0.0,0.0,0.0,4491.0,0.0,6917.0,0.0,0.0,2.7184256974124493e+23,0.0,0.0,0.0,0.0,0.0,69,-89221.141,2.718413627765448e+23,0.0,0.0,0.0,0.0,0.0,0.0,0.0,0,0,0,0.0,0.0,0.0,0.0,0.0,0.0,0.0,0.0,0.0,0.0,0.0,0.0,0.0,0.0,0.0,0.0,0,-107875648.0,69,0.0,138,0.0,-0.0,0,39322,17086,26215,17102,52429,17081,0,0,0,70,68,100,2.7302399002429377e+23,82.3,-0.0,78.1,0.0,79.0,1,49,50,180,39322,26215,0,0,0.0,0.0,0.0,0.0,-0.0,67.0,0.0,162057.094,0.0,978,0,1007,0,0,0,953,0,1031,0,929,0,791,0,783,0,822,0,7520,0.032,1.3431535528669767e+20,0.0,0.0,784,16797,-0.0,162057.094,-114818.039,-0.0,0.133,6.909358625270745e+28,30.0,70.0,35,0.0,0.0,0.0,0.0,0.0,0.0,0.0,0.0,0.0,0.0,0.0,0.0,0.0,0.0,0.0,0.0,66.4,0,150,71,52,65476,0,300,0,0,8,20529,65476,0,0,44564,70.0,0.0,0.0,0.0,0.0,0.0
2026-09-10T21:24:43,ERR,ERR,ERR,ERR,ERR,ERR,ERR,ERR,ERR,ERR,ERR,ERR,ERR,ERR,ERR,ERR,ERR,ERR,ERR,ERR,ERR,ERR,ERR,ERR,ERR,ERR,ERR,ERR,ERR,ERR,ERR,ERR,ERR,ERR,ERR,ERR,ERR,ERR,ERR,ERR,ERR,ERR,ERR,ERR,ERR,ERR,ERR,ERR,ERR,ERR,ERR,ERR,ERR,ERR,ERR,ERR,ERR,ERR,ERR,ERR,ERR,ERR,ERR,ERR,ERR,ERR,ERR,ERR,ERR,ERR,ERR,ERR,ERR,ERR,ERR,ERR,ERR,ERR,ERR,ERR,ERR,ERR,ERR,ERR,ERR,ERR,ERR,ERR,ERR,ERR,ERR,ERR,ERR,ERR,ERR,ERR,ERR,ERR,ERR,ERR,ERR,ERR,ERR,ERR,ERR,ERR,ERR,ERR,ERR,ERR,ERR,ERR,ERR,ERR,ERR,ERR,ERR,ERR,ERR,ERR,ERR,ERR,ERR,ERR,ERR,0.0,0.0,2.6474835549302285e+23,0.0,0.0,1.3936040501711995e+18,7.805,0.0,0,0,4,0,7116,0.0,100,0.0,0.0,0.0,0.0,0.0,0,0,0,0,0.0,0,0,0,0,0,0,0,0,0,0,0,0,0,0,0,0,0,0,0,0,0,0,0,0,0,0,0,0,0,0,0,0,0,31,40,40,71,65476,0,300,0,0,8,21553,0.0,-107605600.0,0.0,0.0,0.0,0.0,0.0,0.0,0.0,0.0,0.0,0.0,0.0,0.0,0.0,0.0,0.0,0.0,0.0,0.0,0.0,0.0,-2.004,2.004,0.0,2.004,0.0,0.0,0.0,0.0,4491.0,0.0,6917.0,0.0,0.0,2.7184256974124493e+23,0.0,0.0,0.0,0.0,0.0,69,-89221.141,2.718413627765448e+23,0.0,0.0,0.0,0.0,0.0,0.0,0.0,0,0,0,0.0,0.0,0.0,0.0,0.0,0.0,0.0,0.0,0.0,0.0,0.0,0.0,0.0,0.0,0.0,0.0,0,-107875648.0,69,0.0,138,0.0,-0.0,0,39322,17086,26215,17102,52429,17081,0,0,0,70,68,100,2.7302399002429377e+23,82.3,-0.0,78.1,0.0,79.0,1,49,50,180,39322,26215,0,0,0.0,0.0,0.0,0.0,-0.0,67.0,0.0,162057.094,0.0,978,0,1007,0,0,0,953,0,1031,0,929,0,791,0,783,0,822,0,7520,0.032,1.3431535528669767e+20,0.0,0.0,784,16797,-0.0,162057.094,-114818.039,-0.0,0.133,6.909358625270745e+28,30.0,70.0,35,0.0,0.0,0.0,0.0,0.0,0.0,0.0,0.0,0.0,0.0,0.0,0.0,0.0,0.0,0.0,0.0,66.4,0,150,71,52,65476,0,300,0,0,8,20529,65476,0,0,44564,70.0,0.0,0.0,0.0,0.0,0.0
2026-09-10T21:24:44,ERR,ERR,ERR,ERR,ERR,ERR,ERR,ERR,ERR,ERR,ERR,ERR,ERR,ERR,ERR,ERR,ERR,ERR,ERR,ERR,ERR,ERR,ERR,ERR,ERR,ERR,ERR,ERR,ERR,ERR,ERR,ERR,ERR,ERR,ERR,ERR,ERR,ERR,ERR,ERR,ERR,ERR,ERR,ERR,ERR,ERR,ERR,ERR,ERR,ERR,ERR,ERR,ERR,ERR,ERR,ERR,ERR,ERR,ERR,ERR,ERR,ERR,ERR,ERR,ERR,ERR,ERR,ERR,ERR,ERR,ERR,ERR,ERR,ERR,ERR,ERR,ERR,ERR,ERR,ERR,ERR,ERR,ERR,ERR,ERR,ERR,ERR,ERR,ERR,ERR,ERR,ERR,ERR,ERR,ERR,ERR,ERR,ERR,ERR,ERR,ERR,ERR,ERR,ERR,ERR,ERR,ERR,ERR,ERR,ERR,ERR,ERR,ERR,ERR,ERR,ERR,ERR,ERR,ERR,ERR,ERR,ERR,ERR,ERR,ERR,0.0,0.0,2.6474835549302285e+23,0.0,0.0,1.3936040501711995e+18,7.805,0.0,0,0,4,0,7116,0.0,100,0.0,0.0,0.0,0.0,0.0,0,0,0,0,0.0,0,0,0,0,0,0,0,0,0,0,0,0,0,0,0,0,0,0,0,0,0,0,0,0,0,0,0,0,0,0,0,0,0,31,40,40,71,65476,0,300,0,0,8,21553,0.0,-107605600.0,0.0,0.0,0.0,0.0,0.0,0.0,0.0,0.0,0.0,0.0,0.0,0.0,0.0,0.0,0.0,0.0,0.0,0.0,0.0,0.0,-2.004,2.004,0.0,2.004,0.0,0.0,0.0,0.0,4491.0,0.0,6917.0,0.0,0.0,2.7184256974124493e+23,0.0,0.0,0.0,0.0,0.0,69,-89221.141,2.718413627765448e+23,0.0,0.0,0.0,0.0,0.0,0.0,0.0,0,0,0,0.0,0.0,0.0,0.0,0.0,0.0,0.0,0.0,0.0,0.0,0.0,0.0,0.0,0.0,0.0,0.0,0,-107875648.0,69,0.0,138,0.0,-0.0,0,39322,17086,26215,17102,52429,17081,0,0,0,70,68,100,2.7302399002429377e+23,82.3,-0.0,78.1,0.0,79.0,1,49,50,180,39322,26215,0,0,0.0,0.0,0.0,0.0,-0.0,67.0,0.0,162057.094,0.0,978,0,1007,0,0,0,953,0,1031,0,929,0,791,0,783,0,822,0,7520,0.032,1.3431535528669767e+20,0.0,0.0,784,16797,-0.0,162057.094,-114818.039,-0.0,0.133,6.909358625270745e+28,30.0,70.0,35,0.0,0.0,0.0,0.0,0.0,0.0,0.0,0.0,0.0,0.0,0.0,0.0,0.0,0.0,0.0,0.0,66.4,0,150,71,52,65476,0,300,0,0,8,20529,65476,0,0,44564,70.0,0.0,0.0,0.0,0.0,0.0
2026-09-10T21:24:45,ERR,ERR,ERR,ERR,ERR,ERR,ERR,ERR,ERR,ERR,ERR,ERR,ERR,ERR,ERR,ERR,ERR,ERR,ERR,ERR,ERR,ERR,ERR,ERR,ERR,ERR,ERR,ERR,ERR,ERR,ERR,ERR,ERR,ERR,ERR,ERR,ERR,ERR,ERR,ERR,ERR,ERR,ERR,ERR,ERR,ERR,ERR,ERR,ERR,ERR,ERR,ERR,ERR,ERR,ERR,ERR,ERR,ERR,ERR,ERR,ERR,ERR,ERR,ERR,ERR,ERR,ERR,ERR,ERR,ERR,ERR,ERR,ERR,ERR,ERR,ERR,ERR,ERR,ERR,ERR,ERR,ERR,ERR,ERR,ERR,ERR,ERR,ERR,ERR,ERR,ERR,ERR,ERR,ERR,ERR,ERR,ERR,ERR,ERR,ERR,ERR,ERR,ERR,ERR,ERR,ERR,ERR,ERR,ERR,ERR,ERR,ERR,ERR,ERR,ERR,ERR,ERR,ERR,ERR,ERR,ERR,ERR,ERR,ERR,ERR,0.0,0.0,2.6474835549302285e+23,0.0,0.0,1.3936040501711995e+18,7.805,0.0,0,0,4,0,7116,0.0,100,0.0,0.0,0.0,0.0,0.0,0,0,0,0,0.0,0,0,0,0,0,0,0,0,0,0,0,0,0,0,0,0,0,0,0,0,0,0,0,0,0,0,0,0,0,0,0,0,0,31,40,40,71,65476,0,300,0,0,8,21553,0.0,-107605600.0,0.0,0.0,0.0,0.0,0.0,0.0,0.0,0.0,0.0,0.0,0.0,0.0,0.0,0.0,0.0,0.0,0.0,0.0,0.0,0.0,-2.004,2.004,0.0,2.004,0.0,0.0,0.0,0.0,4491.0,0.0,6917.0,0.0,0.0,2.7184256974124493e+23,0.0,0.0,0.0,0.0,0.0,69,-89221.141,2.718413627765448e+23,0.0,0.0,0.0,0.0,0.0,0.0,0.0,0,0,0,0.0,0.0,0.0,0.0,0.0,0.0,0.0,0.0,0.0,0.0,0.0,0.0,0.0,0.0,0.0,0.0,0,-107875648.0,69,0.0,138,0.0,-0.0,0,39322,17086,26215,17102,52429,17081,0,0,0,70,68,100,2.7302399002429377e+23,82.3,-0.0,78.1,0.0,79.0,1,49,50,180,39322,26215,0,0,0.0,0.0,0.0,0.0,-0.0,67.0,0.0,162057.094,0.0,978,0,1007,0,0,0,953,0,1031,0,929,0,791,0,783,0,822,0,7520,0.032,1.3431535528669767e+20,0.0,0.0,784,16797,-0.0,162057.094,-114818.039,-0.0,0.133,6.909358625270745e+28,30.0,70.0,35,0.0,0.0,0.0,0.0,0.0,0.0,0.0,0.0,0.0,0.0,0.0,0.0,0.0,0.0,0.0,0.0,66.4,0,150,71,52,65476,0,300,0,0,8,20529,65476,0,0,44564,70.0,0.0,0.0,0.0,0.0,0.0
2026-09-10T21:24:46,ERR,ERR,ERR,ERR,ERR,ERR,ERR,ERR,ERR,ERR,ERR,ERR,ERR,ERR,ERR,ERR,ERR,ERR,ERR,ERR,ERR,ERR,ERR,ERR,ERR,ERR,ERR,ERR,ERR,ERR,ERR,ERR,ERR,ERR,ERR,ERR,ERR,ERR,ERR,ERR,ERR,ERR,ERR,ERR,ERR,ERR,ERR,ERR,ERR,ERR,ERR,ERR,ERR,ERR,ERR,ERR,ERR,ERR,ERR,ERR,ERR,ERR,ERR,ERR,ERR,ERR,ERR,ERR,ERR,ERR,ERR,ERR,ERR,ERR,ERR,ERR,ERR,ERR,ERR,ERR,ERR,ERR,ERR,ERR,ERR,ERR,ERR,ERR,ERR,ERR,ERR,ERR,ERR,ERR,ERR,ERR,ERR,ERR,ERR,ERR,ERR,ERR,ERR,ERR,ERR,ERR,ERR,ERR,ERR,ERR,ERR,ERR,ERR,ERR,ERR,ERR,ERR,ERR,ERR,ERR,ERR,ERR,ERR,ERR,ERR,0.0,0.0,2.6474835549302285e+23,0.0,0.0,1.3936040501711995e+18,7.805,0.0,0,0,4,0,7116,0.0,100,0.0,0.0,0.0,0.0,0.0,0,0,0,0,0.0,0,0,0,0,0,0,0,0,0,0,0,0,0,0,0,0,0,0,0,0,0,0,0,0,0,0,0,0,0,0,0,0,0,31,40,40,71,65476,0,300,0,0,8,21553,0.0,-107605600.0,0.0,0.0,0.0,0.0,0.0,0.0,0.0,0.0,0.0,0.0,0.0,0.0,0.0,0.0,0.0,0.0,0.0,0.0,0.0,0.0,-2.004,2.004,0.0,2.004,0.0,0.0,0.0,0.0,4491.0,0.0,6917.0,0.0,0.0,2.7184256974124493e+23,0.0,0.0,0.0,0.0,0.0,69,-89221.141,2.718413627765448e+23,0.0,0.0,0.0,0.0,0.0,0.0,0.0,0,0,0,0.0,0.0,0.0,0.0,0.0,0.0,0.0,0.0,0.0,0.0,0.0,0.0,0.0,0.0,0.0,0.0,0,-107875648.0,69,0.0,138,0.0,-0.0,0,39322,17086,26215,17102,52429,17081,0,0,0,70,68,100,2.7302399002429377e+23,82.3,-0.0,78.1,0.0,79.0,1,49,50,180,39322,26215,0,0,0.0,0.0,0.0,0.0,-0.0,67.0,0.0,162057.094,0.0,978,0,1007,0,0,0,953,0,1031,0,929,0,791,0,783,0,822,0,7520,0.032,1.3431535528669767e+20,0.0,0.0,784,16797,-0.0,162057.094,-114818.039,-0.0,0.133,6.909358625270745e+28,30.0,70.0,35,0.0,0.0,0.0,0.0,0.0,0.0,0.0,0.0,0.0,0.0,0.0,0.0,0.0,0.0,0.0,0.0,66.4,0,150,71,52,65476,0,300,0,0,8,20529,65476,0,0,44564,70.0,0.0,0.0,0.0,0.0,0.0
2026-09-10T21:24:47,ERR,ERR,ERR,ERR,ERR,ERR,ERR,ERR,ERR,ERR,ERR,ERR,ERR,ERR,ERR,ERR,ERR,ERR,ERR,ERR,ERR,ERR,ERR,ERR,ERR,ERR,ERR,ERR,ERR,ERR,ERR,ERR,ERR,ERR,ERR,ERR,ERR,ERR,ERR,ERR,ERR,ERR,ERR,ERR,ERR,ERR,ERR,ERR,ERR,ERR,ERR,ERR,ERR,ERR,ERR,ERR,ERR,ERR,ERR,ERR,ERR,ERR,ERR,ERR,ERR,ERR,ERR,ERR,ERR,ERR,ERR,ERR,ERR,ERR,ERR,ERR,ERR,ERR,ERR,ERR,ERR,ERR,ERR,ERR,ERR,ERR,ERR,ERR,ERR,ERR,ERR,ERR,ERR,ERR,ERR,ERR,ERR,ERR,ERR,ERR,ERR,ERR,ERR,ERR,ERR,ERR,ERR,ERR,ERR,ERR,ERR,ERR,ERR,ERR,ERR,ERR,ERR,ERR,ERR,ERR,ERR,ERR,ERR,ERR,ERR,0.0,0.0,2.6474835549302285e+23,0.0,0.0,1.3936040501711995e+18,7.805,0.0,0,0,4,0,7116,0.0,100,0.0,0.0,0.0,0.0,0.0,0,0,0,0,0.0,0,0,0,0,0,0,0,0,0,0,0,0,0,0,0,0,0,0,0,0,0,0,0,0,0,0,0,0,0,0,0,0,0,31,40,40,71,65476,0,300,0,0,8,21553,0.0,-107605600.0,0.0,0.0,0.0,0.0,0.0,0.0,0.0,0.0,0.0,0.0,0.0,0.0,0.0,0.0,0.0,0.0,0.0,0.0,0.0,0.0,-2.004,2.004,0.0,2.004,0.0,0.0,0.0,0.0,4491.0,0.0,6917.0,0.0,0.0,2.7184256974124493e+23,0.0,0.0,0.0,0.0,0.0,69,-89221.141,2.718413627765448e+23,0.0,0.0,0.0,0.0,0.0,0.0,0.0,0,0,0,0.0,0.0,0.0,0.0,0.0,0.0,0.0,0.0,0.0,0.0,0.0,0.0,0.0,0.0,0.0,0.0,0,-107875648.0,69,0.0,138,0.0,-0.0,0,39322,17086,13107,17102,52429,17081,0,0,0,70,68,100,2.7302399002429377e+23,82.3,-0.0,78.1,0.0,79.0,1,49,50,180,39322,26215,0,0,0.0,0.0,0.0,0.0,-0.0,67.0,0.0,162057.094,0.0,978,0,1007,0,0,0,953,0,1031,0,929,0,791,0,783,0,822,0,7520,0.032,1.4065642356203533e+20,0.0,0.0,784,16797,-0.0,162057.094,-114818.039,-0.0,0.133,6.909358625270745e+28,30.0,70.0,35,0.0,0.0,0.0,0.0,0.0,0.0,0.0,0.0,0.0,0.0,0.0,0.0,0.0,0.0,0.0,0.0,66.4,0,150,71,52,65476,0,300,0,0,8,20529,65476,0,0,44564,70.0,0.0,0.0,0.0,0.0,0.0
2026-09-10T21:24:48,ERR,ERR,ERR,ERR,ERR,ERR,ERR,ERR,ERR,ERR,ERR,ERR,ERR,ERR,ERR,ERR,ERR,ERR,ERR,ERR,ERR,ERR,ERR,ERR,ERR,ERR,ERR,ERR,ERR,ERR,ERR,ERR,ERR,ERR,ERR,ERR,ERR,ERR,ERR,ERR,ERR,ERR,ERR,ERR,ERR,ERR,ERR,ERR,ERR,ERR,ERR,ERR,ERR,ERR,ERR,ERR,ERR,ERR,ERR,ERR,ERR,ERR,ERR,ERR,ERR,ERR,ERR,ERR,ERR,ERR,ERR,ERR,ERR,ERR,ERR,ERR,ERR,ERR,ERR,ERR,ERR,ERR,ERR,ERR,ERR,ERR,ERR,ERR,ERR,ERR,ERR,ERR,ERR,ERR,ERR,ERR,ERR,ERR,ERR,ERR,ERR,ERR,ERR,ERR,ERR,ERR,ERR,ERR,ERR,ERR,ERR,ERR,ERR,ERR,ERR,ERR,ERR,ERR,ERR,ERR,ERR,ERR,ERR,ERR,ERR,0.0,0.0,2.6474835549302285e+23,0.0,0.0,1.3936040501711995e+18,7.805,0.0,0,0,4,0,7116,0.0,100,0.0,0.0,0.0,0.0,0.0,0,0,0,0,0.0,0,0,0,0,0,0,0,0,0,0,0,0,0,0,0,0,0,0,0,0,0,0,0,0,0,0,0,0,0,0,0,0,0,31,40,40,71,65476,0,300,0,0,8,21553,0.0,-107605600.0,0.0,0.0,0.0,0.0,0.0,0.0,0.0,0.0,0.0,0.0,0.0,0.0,0.0,0.0,0.0,0.0,0.0,0.0,0.0,0.0,-2.004,2.004,0.0,2.004,0.0,0.0,0.0,0.0,4491.0,0.0,6917.0,0.0,0.0,2.7184256974124493e+23,0.0,0.0,0.0,0.0,0.0,69,-89221.141,2.718413627765448e+23,0.0,0.0,0.0,0.0,0.0,0.0,0.0,0,0,0,0.0,0.0,0.0,0.0,0.0,0.0,0.0,0.0,0.0,0.0,0.0,0.0,0.0,0.0,0.0,0.0,0,-107875648.0,69,0.0,138,0.0,-0.0,0,39322,17086,13107,17102,52429,17081,0,0,0,70,68,100,2.7302399002429377e+23,82.3,-0.0,78.1,0.0,79.0,1,49,50,180,39322,26215,0,0,0.0,0.0,0.0,0.0,-0.0,67.0,0.0,162057.094,0.0,978,0,1007,0,0,0,953,0,1031,0,929,0,791,0,783,0,822,0,7520,0.032,1.4065642356203533e+20,0.0,0.0,784,16797,-0.0,162057.094,-114818.039,-0.0,0.133,6.909358625270745e+28,30.0,70.0,35,0.0,0.0,0.0,0.0,0.0,0.0,0.0,0.0,0.0,0.0,0.0,0.0,0.0,0.0,0.0,0.0,66.4,0,150,71,52,65476,0,300,0,0,8,20529,65476,0,0,44564,70.0,0.0,0.0,0.0,0.0,0.0
2026-09-10T21:24:49,ERR,ERR,ERR,ERR,ERR,ERR,ERR,ERR,ERR,ERR,ERR,ERR,ERR,ERR,ERR,ERR,ERR,ERR,ERR,ERR,ERR,ERR,ERR,ERR,ERR,ERR,ERR,ERR,ERR,ERR,ERR,ERR,ERR,ERR,ERR,ERR,ERR,ERR,ERR,ERR,ERR,ERR,ERR,ERR,ERR,ERR,ERR,ERR,ERR,ERR,ERR,ERR,ERR,ERR,ERR,ERR,ERR,ERR,ERR,ERR,ERR,ERR,ERR,ERR,ERR,ERR,ERR,ERR,ERR,ERR,ERR,ERR,ERR,ERR,ERR,ERR,ERR,ERR,ERR,ERR,ERR,ERR,ERR,ERR,ERR,ERR,ERR,ERR,ERR,ERR,ERR,ERR,ERR,ERR,ERR,ERR,ERR,ERR,ERR,ERR,ERR,ERR,ERR,ERR,ERR,ERR,ERR,ERR,ERR,ERR,ERR,ERR,ERR,ERR,ERR,ERR,ERR,ERR,ERR,ERR,ERR,ERR,ERR,ERR,ERR,0.0,0.0,2.6474835549302285e+23,0.0,0.0,1.3936040501711995e+18,7.805,0.0,0,0,4,0,7116,0.0,100,0.0,0.0,0.0,0.0,0.0,0,0,0,0,0.0,0,0,0,0,0,0,0,0,0,0,0,0,0,0,0,0,0,0,0,0,0,0,0,0,0,0,0,0,0,0,0,0,0,31,40,40,71,65476,0,300,0,0,8,21553,0.0,-107605600.0,0.0,0.0,0.0,0.0,0.0,0.0,0.0,0.0,0.0,0.0,0.0,0.0,0.0,0.0,0.0,0.0,0.0,0.0,0.0,0.0,-2.004,2.004,0.0,2.004,0.0,0.0,0.0,0.0,4497.0,0.0,6914.0,-107615312.0,0.0,2.7184256974124493e+23,0.0,0.0,0.0,0.0,0.0,69,-2.718430741444032e+23,89220.398,0.0,0.0,0.0,0.0,0.0,0.0,0.0,0,0,0,0.0,0.0,0.0,0.0,0.0,0.0,0.0,0.0,0.0,0.0,0.0,0.0,0.0,0.0,0.0,0.0,0,-107875648.0,69,0.0,138,0.0,-0.0,0,39322,17086,13107,17102,52429,17081,0,0,0,70,68,100,2.7302399002429377e+23,82.3,-0.0,78.1,0.0,79.0,1,49,50,180,39322,26215,0,0,0.0,0.0,0.0,0.0,-0.0,67.0,0.0,162057.094,0.0,978,0,1007,0,0,0,953,0,1031,0,929,0,791,0,783,0,822,0,7520,0.032,1.4065642356203533e+20,0.0,0.0,784,16797,-0.0,162057.094,-114818.039,-0.0,0.133,6.909358625270745e+28,30.0,70.0,35,0.0,0.0,0.0,0.0,0.0,0.0,0.0,0.0,0.0,0.0,0.0,0.0,0.0,0.0,0.0,0.0,66.4,0,150,71,52,65476,0,300,0,0,8,20529,65476,0,0,44564,70.0,0.0,0.0,0.0,0.0,0.0
2026-09-10T21:24:50,ERR,ERR,ERR,ERR,ERR,ERR,ERR,ERR,ERR,ERR,ERR,ERR,ERR,ERR,ERR,ERR,ERR,ERR,ERR,ERR,ERR,ERR,ERR,ERR,ERR,ERR,ERR,ERR,ERR,ERR,ERR,ERR,ERR,ERR,ERR,ERR,ERR,ERR,ERR,ERR,ERR,ERR,ERR,ERR,ERR,ERR,ERR,ERR,ERR,ERR,ERR,ERR,ERR,ERR,ERR,ERR,ERR,ERR,ERR,ERR,ERR,ERR,ERR,ERR,ERR,ERR,ERR,ERR,ERR,ERR,ERR,ERR,ERR,ERR,ERR,ERR,ERR,ERR,ERR,ERR,ERR,ERR,ERR,ERR,ERR,ERR,ERR,ERR,ERR,ERR,ERR,ERR,ERR,ERR,ERR,ERR,ERR,ERR,ERR,ERR,ERR,ERR,ERR,ERR,ERR,ERR,ERR,ERR,ERR,ERR,ERR,ERR,ERR,ERR,ERR,ERR,ERR,ERR,ERR,ERR,ERR,ERR,ERR,ERR,ERR,0.0,0.0,2.6474835549302285e+23,0.0,0.0,1.3936040501711995e+18,7.805,0.0,0,0,4,0,7116,0.0,100,0.0,0.0,0.0,0.0,0.0,0,0,0,0,0.0,0,0,0,0,0,0,0,0,0,0,0,0,0,0,0,0,0,0,0,0,0,0,0,0,0,0,0,0,0,0,0,0,0,31,40,40,71,65476,0,300,0,0,8,21553,0.0,-107605600.0,0.0,0.0,0.0,0.0,0.0,0.0,0.0,0.0,0.0,0.0,0.0,0.0,0.0,0.0,0.0,0.0,0.0,0.0,0.0,0.0,-2.004,2.004,0.0,2.004,0.0,0.0,0.0,0.0,4497.0,0.0,6914.0,-107615312.0,0.0,2.7184256974124493e+23,0.0,0.0,0.0,0.0,0.0,69,-2.718430741444032e+23,89220.398,0.0,0.0,0.0,0.0,0.0,0.0,0.0,0,0,0,0.0,0.0,0.0,0.0,0.0,0.0,0.0,0.0,0.0,0.0,0.0,0.0,0.0,0.0,0.0,0.0,0,-107875648.0,69,0.0,138,0.0,-0.0,0,39322,17086,13107,17102,52429,17081,0,0,0,70,68,100,2.7302399002429377e+23,82.3,-0.0,78.1,0.0,79.0,1,49,50,180,39322,26215,0,0,0.0,0.0,0.0,0.0,-0.0,67.0,0.0,162057.094,0.0,978,0,1007,0,0,0,953,0,1031,0,929,0,791,0,783,0,822,0,7520,0.032,1.4065642356203533e+20,0.0,0.0,784,16797,-0.0,162057.094,-114818.039,-0.0,0.133,6.909358625270745e+28,30.0,70.0,35,0.0,0.0,0.0,0.0,0.0,0.0,0.0,0.0,0.0,0.0,0.0,0.0,0.0,0.0,0.0,0.0,66.4,0,150,71,52,65476,0,300,0,0,8,20529,65476,0,0,44564,70.0,0.0,0.0,0.0,0.0,0.0
2026-09-10T21:24:51,ERR,ERR,ERR,ERR,ERR,ERR,ERR,ERR,ERR,ERR,ERR,ERR,ERR,ERR,ERR,ERR,ERR,ERR,ERR,ERR,ERR,ERR,ERR,ERR,ERR,ERR,ERR,ERR,ERR,ERR,ERR,ERR,ERR,ERR,ERR,ERR,ERR,ERR,ERR,ERR,ERR,ERR,ERR,ERR,ERR,ERR,ERR,ERR,ERR,ERR,ERR,ERR,ERR,ERR,ERR,ERR,ERR,ERR,ERR,ERR,ERR,ERR,ERR,ERR,ERR,ERR,ERR,ERR,ERR,ERR,ERR,ERR,ERR,ERR,ERR,ERR,ERR,ERR,ERR,ERR,ERR,ERR,ERR,ERR,ERR,ERR,ERR,ERR,ERR,ERR,ERR,ERR,ERR,ERR,ERR,ERR,ERR,ERR,ERR,ERR,ERR,ERR,ERR,ERR,ERR,ERR,ERR,ERR,ERR,ERR,ERR,ERR,ERR,ERR,ERR,ERR,ERR,ERR,ERR,ERR,ERR,ERR,ERR,ERR,ERR,0.0,0.0,2.6474835549302285e+23,0.0,0.0,1.3936040501711995e+18,7.805,0.0,0,0,4,0,7116,0.0,100,0.0,0.0,0.0,0.0,0.0,0,0,0,0,0.0,0,0,0,0,0,0,0,0,0,0,0,0,0,0,0,0,0,0,0,0,0,0,0,0,0,0,0,0,0,0,0,0,0,31,40,40,71,65476,0,300,0,0,8,21553,0.0,-107605600.0,0.0,0.0,0.0,0.0,0.0,0.0,0.0,0.0,0.0,0.0,0.0,0.0,0.0,0.0,0.0,0.0,0.0,0.0,0.0,0.0,-2.004,2.004,0.0,2.004,0.0,0.0,0.0,0.0,4497.0,0.0,6914.0,-107615312.0,0.0,2.7184256974124493e+23,0.0,0.0,0.0,0.0,0.0,69,-2.718430741444032e+23,89220.398,0.0,0.0,0.0,0.0,0.0,0.0,0.0,0,0,0,0.0,0.0,0.0,0.0,0.0,0.0,0.0,0.0,0.0,0.0,0.0,0.0,0.0,0.0,0.0,0.0,0,-107875648.0,69,0.0,138,0.0,-0.0,0,39322,17086,13107,17102,52429,17081,0,0,0,70,68,100,2.7302399002429377e+23,82.3,-0.0,78.1,0.0,79.0,1,49,50,180,39322,26215,0,0,0.0,0.0,0.0,0.0,-0.0,67.0,0.0,162057.094,0.0,978,0,1007,0,0,0,953,0,1031,0,929,0,791,0,783,0,822,0,7520,0.032,1.4065642356203533e+20,0.0,0.0,784,16797,-0.0,162057.094,-114818.039,-0.0,0.133,6.909358625270745e+28,30.0,70.0,35,0.0,0.0,0.0,0.0,0.0,0.0,0.0,0.0,0.0,0.0,0.0,0.0,0.0,0.0,0.0,0.0,66.4,0,150,71,52,65476,0,300,0,0,8,20529,65476,0,0,44564,70.0,0.0,0.0,0.0,0.0,0.0
2026-09-10T21:24:52,ERR,ERR,ERR,ERR,ERR,ERR,ERR,ERR,ERR,ERR,ERR,ERR,ERR,ERR,ERR,ERR,ERR,ERR,ERR,ERR,ERR,ERR,ERR,ERR,ERR,ERR,ERR,ERR,ERR,ERR,ERR,ERR,ERR,ERR,ERR,ERR,ERR,ERR,ERR,ERR,ERR,ERR,ERR,ERR,ERR,ERR,ERR,ERR,ERR,ERR,ERR,ERR,ERR,ERR,ERR,ERR,ERR,ERR,ERR,ERR,ERR,ERR,ERR,ERR,ERR,ERR,ERR,ERR,ERR,ERR,ERR,ERR,ERR,ERR,ERR,ERR,ERR,ERR,ERR,ERR,ERR,ERR,ERR,ERR,ERR,ERR,ERR,ERR,ERR,ERR,ERR,ERR,ERR,ERR,ERR,ERR,ERR,ERR,ERR,ERR,ERR,ERR,ERR,ERR,ERR,ERR,ERR,ERR,ERR,ERR,ERR,ERR,ERR,ERR,ERR,ERR,ERR,ERR,ERR,ERR,ERR,ERR,ERR,ERR,ERR,0.0,0.0,2.6474835549302285e+23,0.0,0.0,1.3936040501711995e+18,7.805,0.0,0,0,4,0,7116,0.0,100,0.0,0.0,0.0,0.0,0.0,0,0,0,0,0.0,0,0,0,0,0,0,0,0,0,0,0,0,0,0,0,0,0,0,0,0,0,0,0,0,0,0,0,0,0,0,0,0,0,31,40,40,71,65476,0,300,0,0,8,21553,0.0,-107605600.0,0.0,0.0,0.0,0.0,0.0,0.0,0.0,0.0,0.0,0.0,0.0,0.0,0.0,0.0,0.0,0.0,0.0,0.0,0.0,0.0,-2.004,2.004,0.0,2.004,0.0,0.0,0.0,0.0,4497.0,0.0,6914.0,-107615312.0,0.0,2.7184256974124493e+23,0.0,0.0,0.0,0.0,0.0,69,-2.718430741444032e+23,89220.398,0.0,0.0,0.0,0.0,0.0,0.0,0.0,0,0,0,0.0,0.0,0.0,0.0,0.0,0.0,0.0,0.0,0.0,0.0,0.0,0.0,0.0,0.0,0.0,0.0,0,-107875648.0,69,0.0,138,0.0,-0.0,0,39322,17086,13107,17102,52429,17081,0,0,0,70,68,100,2.7302399002429377e+23,82.3,-0.0,78.1,0.0,79.0,1,49,50,180,39322,26215,0,0,0.0,0.0,0.0,0.0,-0.0,67.0,0.0,162057.094,0.0,978,0,1007,0,0,0,953,0,1031,0,929,0,791,0,783,0,822,0,7520,0.032,1.4065642356203533e+20,0.0,0.0,784,16797,-0.0,162057.094,-114818.039,-0.0,0.133,6.909358625270745e+28,30.0,70.0,35,0.0,0.0,0.0,0.0,0.0,0.0,0.0,0.0,0.0,0.0,0.0,0.0,0.0,0.0,0.0,0.0,66.4,0,150,71,52,65476,0,300,0,0,8,20529,65476,0,0,44564,70.0,0.0,0.0,0.0,0.0,0.0
2026-09-10T21:24:53,ERR,ERR,ERR,ERR,ERR,ERR,ERR,ERR,ERR,ERR,ERR,ERR,ERR,ERR,ERR,ERR,ERR,ERR,ERR,ERR,ERR,ERR,ERR,ERR,ERR,ERR,ERR,ERR,ERR,ERR,ERR,ERR,ERR,ERR,ERR,ERR,ERR,ERR,ERR,ERR,ERR,ERR,ERR,ERR,ERR,ERR,ERR,ERR,ERR,ERR,ERR,ERR,ERR,ERR,ERR,ERR,ERR,ERR,ERR,ERR,ERR,ERR,ERR,ERR,ERR,ERR,ERR,ERR,ERR,ERR,ERR,ERR,ERR,ERR,ERR,ERR,ERR,ERR,ERR,ERR,ERR,ERR,ERR,ERR,ERR,ERR,ERR,ERR,ERR,ERR,ERR,ERR,ERR,ERR,ERR,ERR,ERR,ERR,ERR,ERR,ERR,ERR,ERR,ERR,ERR,ERR,ERR,ERR,ERR,ERR,ERR,ERR,ERR,ERR,ERR,ERR,ERR,ERR,ERR,ERR,ERR,ERR,ERR,ERR,ERR,0.0,0.0,2.6474835549302285e+23,0.0,0.0,1.3936040501711995e+18,7.805,0.0,0,0,4,0,7116,0.0,100,0.0,0.0,0.0,0.0,0.0,0,0,0,0,0.0,0,0,0,0,0,0,0,0,0,0,0,0,0,0,0,0,0,0,0,0,0,0,0,0,0,0,0,0,0,0,0,0,0,31,40,40,71,65476,0,300,0,0,8,21553,0.0,-107605600.0,0.0,0.0,0.0,0.0,0.0,0.0,0.0,0.0,0.0,0.0,0.0,0.0,0.0,0.0,0.0,0.0,0.0,0.0,0.0,0.0,-2.004,2.004,0.0,2.004,0.0,0.0,0.0,0.0,4497.0,0.0,6914.0,-107615312.0,0.0,2.7184256974124493e+23,0.0,0.0,0.0,0.0,0.0,69,-2.718430741444032e+23,89220.398,0.0,0.0,0.0,0.0,0.0,0.0,0.0,0,0,0,0.0,0.0,0.0,0.0,0.0,0.0,0.0,0.0,0.0,0.0,0.0,0.0,0.0,0.0,0.0,0.0,0,-107875648.0,69,0.0,138,0.0,-0.0,0,39322,17086,13107,17102,52429,17081,0,0,0,70,68,100,2.7302399002429377e+23,82.3,-0.0,78.1,0.0,79.0,1,49,50,180,39322,26215,0,0,0.0,0.0,0.0,0.0,-0.0,67.0,0.0,162057.094,0.0,978,0,1007,0,0,0,953,0,1031,0,929,0,791,0,783,0,822,0,7520,0.032,1.348918160390011e+20,0.0,0.0,784,16797,-0.0,162057.094,-114818.039,-0.0,0.133,6.909358625270745e+28,30.0,70.0,35,0.0,0.0,0.0,0.0,0.0,0.0,0.0,0.0,0.0,0.0,0.0,0.0,0.0,0.0,0.0,0.0,66.4,0,150,71,52,65476,0,300,0,0,8,20529,65476,0,0,44564,70.0,0.0,0.0,0.0,0.0,0.0
2026-09-10T21:24:54,ERR,ERR,ERR,ERR,ERR,ERR,ERR,ERR,ERR,ERR,ERR,ERR,ERR,ERR,ERR,ERR,ERR,ERR,ERR,ERR,ERR,ERR,ERR,ERR,ERR,ERR,ERR,ERR,ERR,ERR,ERR,ERR,ERR,ERR,ERR,ERR,ERR,ERR,ERR,ERR,ERR,ERR,ERR,ERR,ERR,ERR,ERR,ERR,ERR,ERR,ERR,ERR,ERR,ERR,ERR,ERR,ERR,ERR,ERR,ERR,ERR,ERR,ERR,ERR,ERR,ERR,ERR,ERR,ERR,ERR,ERR,ERR,ERR,ERR,ERR,ERR,ERR,ERR,ERR,ERR,ERR,ERR,ERR,ERR,ERR,ERR,ERR,ERR,ERR,ERR,ERR,ERR,ERR,ERR,ERR,ERR,ERR,ERR,ERR,ERR,ERR,ERR,ERR,ERR,ERR,ERR,ERR,ERR,ERR,ERR,ERR,ERR,ERR,ERR,ERR,ERR,ERR,ERR,ERR,ERR,ERR,ERR,ERR,ERR,ERR,0.0,0.0,2.6474835549302285e+23,0.0,0.0,1.3936040501711995e+18,7.805,0.0,0,0,4,0,7116,0.0,100,0.0,0.0,0.0,0.0,0.0,0,0,0,0,0.0,0,0,0,0,0,0,0,0,0,0,0,0,0,0,0,0,0,0,0,0,0,0,0,0,0,0,0,0,0,0,0,0,0,31,40,40,71,65476,0,300,0,0,8,21553,0.0,-107605600.0,0.0,0.0,0.0,0.0,0.0,0.0,0.0,0.0,0.0,0.0,0.0,0.0,0.0,0.0,0.0,0.0,0.0,0.0,0.0,0.0,-2.004,2.004,0.0,2.004,0.0,0.0,0.0,0.0,4497.0,0.0,6914.0,-107615312.0,0.0,2.7184256974124493e+23,0.0,0.0,0.0,0.0,0.0,69,-2.718430741444032e+23,89220.398,0.0,0.0,0.0,0.0,0.0,0.0,0.0,0,0,0,0.0,0.0,0.0,0.0,0.0,0.0,0.0,0.0,0.0,0.0,0.0,0.0,0.0,0.0,0.0,0.0,0,-107875648.0,69,0.0,138,0.0,-0.0,0,39322,17086,13107,17102,52429,17081,0,0,0,70,68,100,2.7302399002429377e+23,82.3,-0.0,78.1,0.0,79.0,1,49,50,180,39322,26215,0,0,0.0,0.0,0.0,0.0,-0.0,67.0,0.0,162057.094,0.0,978,0,1007,0,0,0,953,0,1031,0,929,0,791,0,783,0,822,0,7520,0.032,1.348918160390011e+20,0.0,0.0,784,16797,-0.0,162057.094,-114818.039,-0.0,0.133,6.909358625270745e+28,30.0,70.0,35,0.0,0.0,0.0,0.0,0.0,0.0,0.0,0.0,0.0,0.0,0.0,0.0,0.0,0.0,0.0,0.0,66.4,0,150,71,52,65476,0,300,0,0,8,20529,65476,0,0,44564,70.0,0.0,0.0,0.0,0.0,0.0
2026-09-10T21:24:55,ERR,ERR,ERR,ERR,ERR,ERR,ERR,ERR,ERR,ERR,ERR,ERR,ERR,ERR,ERR,ERR,ERR,ERR,ERR,ERR,ERR,ERR,ERR,ERR,ERR,ERR,ERR,ERR,ERR,ERR,ERR,ERR,ERR,ERR,ERR,ERR,ERR,ERR,ERR,ERR,ERR,ERR,ERR,ERR,ERR,ERR,ERR,ERR,ERR,ERR,ERR,ERR,ERR,ERR,ERR,ERR,ERR,ERR,ERR,ERR,ERR,ERR,ERR,ERR,ERR,ERR,ERR,ERR,ERR,ERR,ERR,ERR,ERR,ERR,ERR,ERR,ERR,ERR,ERR,ERR,ERR,ERR,ERR,ERR,ERR,ERR,ERR,ERR,ERR,ERR,ERR,ERR,ERR,ERR,ERR,ERR,ERR,ERR,ERR,ERR,ERR,ERR,ERR,ERR,ERR,ERR,ERR,ERR,ERR,ERR,ERR,ERR,ERR,ERR,ERR,ERR,ERR,ERR,ERR,ERR,ERR,ERR,ERR,ERR,ERR,0.0,0.0,2.6474835549302285e+23,0.0,0.0,1.3936040501711995e+18,7.805,0.0,0,0,4,0,7116,0.0,100,0.0,0.0,0.0,0.0,0.0,0,0,0,0,0.0,0,0,0,0,0,0,0,0,0,0,0,0,0,0,0,0,0,0,0,0,0,0,0,0,0,0,0,0,0,0,0,0,0,31,40,40,71,65476,0,300,0,0,8,21553,0.0,-107605600.0,0.0,0.0,0.0,0.0,0.0,0.0,0.0,0.0,0.0,0.0,0.0,0.0,0.0,0.0,0.0,0.0,0.0,0.0,0.0,0.0,-2.004,2.004,0.0,2.004,0.0,0.0,0.0,0.0,4497.0,0.0,6914.0,-107615312.0,0.0,2.7184256974124493e+23,0.0,0.0,0.0,0.0,0.0,69,-2.718430741444032e+23,89220.398,0.0,0.0,0.0,0.0,0.0,0.0,0.0,0,0,0,0.0,0.0,0.0,0.0,0.0,0.0,0.0,0.0,0.0,0.0,0.0,0.0,0.0,0.0,0.0,0.0,0,-107875648.0,69,0.0,138,0.0,-0.0,0,39322,17086,13107,17102,52429,17081,0,0,0,70,68,100,2.7302399002429377e+23,82.3,-0.0,78.1,0.0,79.0,1,49,50,180,39322,26215,0,0,0.0,0.0,0.0,0.0,-0.0,67.0,0.0,162057.094,0.0,978,0,1007,0,0,0,953,0,1031,0,929,0,791,0,783,0,822,0,7520,0.032,1.348918160390011e+20,0.0,0.0,784,16797,-0.0,162057.094,-114818.039,-0.0,0.133,6.909358625270745e+28,30.0,70.0,35,0.0,0.0,0.0,0.0,0.0,0.0,0.0,0.0,0.0,0.0,0.0,0.0,0.0,0.0,0.0,0.0,66.4,0,150,71,52,65476,0,300,0,0,8,20529,65476,0,0,44564,70.0,0.0,0.0,0.0,0.0,0.0
2026-09-10T21:24:56,ERR,ERR,ERR,ERR,ERR,ERR,ERR,ERR,ERR,ERR,ERR,ERR,ERR,ERR,ERR,ERR,ERR,ERR,ERR,ERR,ERR,ERR,ERR,ERR,ERR,ERR,ERR,ERR,ERR,ERR,ERR,ERR,ERR,ERR,ERR,ERR,ERR,ERR,ERR,ERR,ERR,ERR,ERR,ERR,ERR,ERR,ERR,ERR,ERR,ERR,ERR,ERR,ERR,ERR,ERR,ERR,ERR,ERR,ERR,ERR,ERR,ERR,ERR,ERR,ERR,ERR,ERR,ERR,ERR,ERR,ERR,ERR,ERR,ERR,ERR,ERR,ERR,ERR,ERR,ERR,ERR,ERR,ERR,ERR,ERR,ERR,ERR,ERR,ERR,ERR,ERR,ERR,ERR,ERR,ERR,ERR,ERR,ERR,ERR,ERR,ERR,ERR,ERR,ERR,ERR,ERR,ERR,ERR,ERR,ERR,ERR,ERR,ERR,ERR,ERR,ERR,ERR,ERR,ERR,ERR,ERR,ERR,ERR,ERR,ERR,0.0,0.0,2.6474835549302285e+23,0.0,0.0,1.3936040501711995e+18,7.805,0.0,0,0,4,0,7116,0.0,100,0.0,0.0,0.0,0.0,0.0,0,0,0,0,0.0,0,0,0,0,0,0,0,0,0,0,0,0,0,0,0,0,0,0,0,0,0,0,0,0,0,0,0,0,0,0,0,0,0,31,40,40,71,65476,0,300,0,0,8,21553,0.0,-107605600.0,0.0,0.0,0.0,0.0,0.0,0.0,0.0,0.0,0.0,0.0,0.0,0.0,0.0,0.0,0.0,0.0,0.0,0.0,0.0,0.0,-2.004,2.004,0.0,2.004,0.0,0.0,0.0,0.0,4497.0,0.0,6914.0,-107615312.0,0.0,2.7184256974124493e+23,0.0,0.0,0.0,0.0,0.0,69,-2.718430741444032e+23,89220.398,0.0,0.0,0.0,0.0,0.0,0.0,0.0,0,0,0,0.0,0.0,0.0,0.0,0.0,0.0,0.0,0.0,0.0,0.0,0.0,0.0,0.0,0.0,0.0,0.0,0,-107875648.0,69,0.0,138,0.0,-0.0,0,39322,17086,13107,17102,52429,17081,0,0,0,70,68,100,2.7302399002429377e+23,82.3,-0.0,78.1,0.0,79.0,1,49,50,180,39322,26215,0,0,0.0,0.0,0.0,0.0,-0.0,67.0,0.0,162057.094,0.0,978,0,1007,0,0,0,953,0,1031,0,929,0,791,0,783,0,822,0,7520,0.032,1.348918160390011e+20,0.0,0.0,784,16797,-0.0,162057.094,-114818.039,-0.0,0.133,6.909358625270745e+28,30.0,70.0,35,0.0,0.0,0.0,0.0,0.0,0.0,0.0,0.0,0.0,0.0,0.0,0.0,0.0,0.0,0.0,0.0,66.4,0,150,71,52,65476,0,300,0,0,8,20529,65476,0,0,44564,70.0,0.0,0.0,0.0,0.0,0.0
2026-09-10T21:24:57,ERR,ERR,ERR,ERR,ERR,ERR,ERR,ERR,ERR,ERR,ERR,ERR,ERR,ERR,ERR,ERR,ERR,ERR,ERR,ERR,ERR,ERR,ERR,ERR,ERR,ERR,ERR,ERR,ERR,ERR,ERR,ERR,ERR,ERR,ERR,ERR,ERR,ERR,ERR,ERR,ERR,ERR,ERR,ERR,ERR,ERR,ERR,ERR,ERR,ERR,ERR,ERR,ERR,ERR,ERR,ERR,ERR,ERR,ERR,ERR,ERR,ERR,ERR,ERR,ERR,ERR,ERR,ERR,ERR,ERR,ERR,ERR,ERR,ERR,ERR,ERR,ERR,ERR,ERR,ERR,ERR,ERR,ERR,ERR,ERR,ERR,ERR,ERR,ERR,ERR,ERR,ERR,ERR,ERR,ERR,ERR,ERR,ERR,ERR,ERR,ERR,ERR,ERR,ERR,ERR,ERR,ERR,ERR,ERR,ERR,ERR,ERR,ERR,ERR,ERR,ERR,ERR,ERR,ERR,ERR,ERR,ERR,ERR,ERR,ERR,0.0,0.0,2.6474835549302285e+23,0.0,0.0,1.3936040501711995e+18,7.805,0.0,0,0,4,0,7116,0.0,100,0.0,0.0,0.0,0.0,0.0,0,0,0,0,0.0,0,0,0,0,0,0,0,0,0,0,0,0,0,0,0,0,0,0,0,0,0,0,0,0,0,0,0,0,0,0,0,0,0,31,40,40,71,65476,0,300,0,0,8,21553,0.0,-107605600.0,0.0,0.0,0.0,0.0,0.0,0.0,0.0,0.0,0.0,0.0,0.0,0.0,0.0,0.0,0.0,0.0,0.0,0.0,0.0,0.0,-2.004,2.004,0.0,2.004,0.0,0.0,0.0,0.0,4496.0,131350.188,6921.0,0.0,0.0,2.7184256974124493e+23,0.0,0.0,0.0,0.0,0.0,69,-126841143296.0,4.066845724438863e+29,0.0,0.0,0.0,0.0,0.0,0.0,0.0,0,0,0,0.0,0.0,0.0,0.0,0.0,0.0,0.0,0.0,0.0,0.0,0.0,0.0,0.0,0.0,0.0,0.0,0,-107875648.0,69,0.0,138,0.0,-0.0,0,39322,17086,13107,17102,52429,17081,0,0,0,70,68,100,2.7302399002429377e+23,82.3,-0.0,78.1,0.0,79.0,1,49,50,180,39322,26215,0,0,0.0,0.0,0.0,0.0,-0.0,67.0,0.0,162057.094,0.0,978,0,1007,0,0,0,953,0,1031,0,929,0,791,0,783,0,822,0,7520,0.032,1.348918160390011e+20,0.0,0.0,784,16797,-0.0,162057.094,-114818.039,-0.0,0.133,6.909358625270745e+28,30.0,70.0,35,0.0,0.0,0.0,0.0,0.0,0.0,0.0,0.0,0.0,0.0,0.0,0.0,0.0,0.0,0.0,0.0,66.4,0,150,71,52,65476,0,300,0,0,8,20529,65476,0,0,44564,70.0,0.0,0.0,0.0,0.0,0.0
2026-09-10T21:24:58,ERR,ERR,ERR,ERR,ERR,ERR,ERR,ERR,ERR,ERR,ERR,ERR,ERR,ERR,ERR,ERR,ERR,ERR,ERR,ERR,ERR,ERR,ERR,ERR,ERR,ERR,ERR,ERR,ERR,ERR,ERR,ERR,ERR,ERR,ERR,ERR,ERR,ERR,ERR,ERR,ERR,ERR,ERR,ERR,ERR,ERR,ERR,ERR,ERR,ERR,ERR,ERR,ERR,ERR,ERR,ERR,ERR,ERR,ERR,ERR,ERR,ERR,ERR,ERR,ERR,ERR,ERR,ERR,ERR,ERR,ERR,ERR,ERR,ERR,ERR,ERR,ERR,ERR,ERR,ERR,ERR,ERR,ERR,ERR,ERR,ERR,ERR,ERR,ERR,ERR,ERR,ERR,ERR,ERR,ERR,ERR,ERR,ERR,ERR,ERR,ERR,ERR,ERR,ERR,ERR,ERR,ERR,ERR,ERR,ERR,ERR,ERR,ERR,ERR,ERR,ERR,ERR,ERR,ERR,ERR,ERR,ERR,ERR,ERR,ERR,0.0,0.0,2.6474835549302285e+23,0.0,0.0,1.3936040501711995e+18,7.805,0.0,0,0,4,0,7116,0.0,100,0.0,0.0,0.0,0.0,0.0,0,0,0,0,0.0,0,0,0,0,0,0,0,0,0,0,0,0,0,0,0,0,0,0,0,0,0,0,0,0,0,0,0,0,0,0,0,0,0,31,40,40,71,65476,0,300,0,0,8,21553,0.0,-107605600.0,0.0,0.0,0.0,0.0,0.0,0.0,0.0,0.0,0.0,0.0,0.0,0.0,0.0,0.0,0.0,0.0,0.0,0.0,0.0,0.0,-2.004,2.004,0.0,2.004,0.0,0.0,0.0,0.0,4496.0,131350.188,6921.0,0.0,0.0,2.7184256974124493e+23,0.0,0.0,0.0,0.0,0.0,69,-126841143296.0,4.066845724438863e+29,0.0,0.0,0.0,0.0,0.0,0.0,0.0,0,0,0,0.0,0.0,0.0,0.0,0.0,0.0,0.0,0.0,0.0,0.0,0.0,0.0,0.0,0.0,0.0,0.0,0,-107875648.0,69,0.0,138,0.0,-0.0,0,39322,17086,13107,17102,52429,17081,0,0,0,70,68,100,2.7302399002429377e+23,82.3,-0.0,78.1,0.0,79.0,1,49,50,180,39322,26215,0,0,0.0,0.0,0.0,0.0,-0.0,67.0,0.0,162057.094,0.0,978,0,1007,0,0,0,953,0,1031,0,929,0,791,0,783,0,822,0,7520,0.032,1.348918160390011e+20,0.0,0.0,784,16797,-0.0,162057.094,-114818.039,-0.0,0.133,6.909358625270745e+28,30.0,70.0,35,0.0,0.0,0.0,0.0,0.0,0.0,0.0,0.0,0.0,0.0,0.0,0.0,0.0,0.0,0.0,0.0,66.4,0,150,71,52,65476,0,300,0,0,8,20529,65476,0,0,44564,70.0,0.0,0.0,0.0,0.0,0.0
2026-09-10T21:24:59,ERR,ERR,ERR,ERR,ERR,ERR,ERR,ERR,ERR,ERR,ERR,ERR,ERR,ERR,ERR,ERR,ERR,ERR,ERR,ERR,ERR,ERR,ERR,ERR,ERR,ERR,ERR,ERR,ERR,ERR,ERR,ERR,ERR,ERR,ERR,ERR,ERR,ERR,ERR,ERR,ERR,ERR,ERR,ERR,ERR,ERR,ERR,ERR,ERR,ERR,ERR,ERR,ERR,ERR,ERR,ERR,ERR,ERR,ERR,ERR,ERR,ERR,ERR,ERR,ERR,ERR,ERR,ERR,ERR,ERR,ERR,ERR,ERR,ERR,ERR,ERR,ERR,ERR,ERR,ERR,ERR,ERR,ERR,ERR,ERR,ERR,ERR,ERR,ERR,ERR,ERR,ERR,ERR,ERR,ERR,ERR,ERR,ERR,ERR,ERR,ERR,ERR,ERR,ERR,ERR,ERR,ERR,ERR,ERR,ERR,ERR,ERR,ERR,ERR,ERR,ERR,ERR,ERR,ERR,ERR,ERR,ERR,ERR,ERR,ERR,0.0,0.0,2.6474835549302285e+23,0.0,0.0,1.3936040501711995e+18,7.805,0.0,0,0,4,0,7116,0.0,100,0.0,0.0,0.0,0.0,0.0,0,0,0,0,0.0,0,0,0,0,0,0,0,0,0,0,0,0,0,0,0,0,0,0,0,0,0,0,0,0,0,0,0,0,0,0,0,0,0,31,40,40,71,65476,0,300,0,0,8,21553,0.0,-107605600.0,0.0,0.0,0.0,0.0,0.0,0.0,0.0,0.0,0.0,0.0,0.0,0.0,0.0,0.0,0.0,0.0,0.0,0.0,0.0,0.0,-2.004,2.004,0.0,2.004,0.0,0.0,0.0,0.0,4496.0,131350.188,6921.0,0.0,0.0,2.7184256974124493e+23,0.0,0.0,0.0,0.0,0.0,69,-126841143296.0,4.066845724438863e+29,0.0,0.0,0.0,0.0,0.0,0.0,0.0,0,0,0,0.0,0.0,0.0,0.0,0.0,0.0,0.0,0.0,0.0,0.0,0.0,0.0,0.0,0.0,0.0,0.0,0,-107875648.0,69,0.0,138,0.0,-0.0,0,39322,17086,13107,17102,52429,17081,0,0,0,70,68,100,2.7302399002429377e+23,82.3,-0.0,78.1,0.0,79.0,1,49,50,180,39322,26215,0,0,0.0,0.0,0.0,0.0,-0.0,67.0,0.0,162057.094,0.0,978,0,1007,0,0,0,953,0,1031,0,929,0,791,0,783,0,822,0,7520,0.032,1.2682136550675317e+20,0.0,0.0,784,16797,-0.0,162057.094,-114818.039,-0.0,0.133,6.909358625270745e+28,30.0,70.0,35,0.0,0.0,0.0,0.0,0.0,0.0,0.0,0.0,0.0,0.0,0.0,0.0,0.0,0.0,0.0,0.0,66.4,0,150,71,52,65476,0,300,0,0,8,20529,65476,0,0,44564,70.0,0.0,0.0,0.0,0.0,0.0
2026-09-10T21:25:00,ERR,ERR,ERR,ERR,ERR,ERR,ERR,ERR,ERR,ERR,ERR,ERR,ERR,ERR,ERR,ERR,ERR,ERR,ERR,ERR,ERR,ERR,ERR,ERR,ERR,ERR,ERR,ERR,ERR,ERR,ERR,ERR,ERR,ERR,ERR,ERR,ERR,ERR,ERR,ERR,ERR,ERR,ERR,ERR,ERR,ERR,ERR,ERR,ERR,ERR,ERR,ERR,ERR,ERR,ERR,ERR,ERR,ERR,ERR,ERR,ERR,ERR,ERR,ERR,ERR,ERR,ERR,ERR,ERR,ERR,ERR,ERR,ERR,ERR,ERR,ERR,ERR,ERR,ERR,ERR,ERR,ERR,ERR,ERR,ERR,ERR,ERR,ERR,ERR,ERR,ERR,ERR,ERR,ERR,ERR,ERR,ERR,ERR,ERR,ERR,ERR,ERR,ERR,ERR,ERR,ERR,ERR,ERR,ERR,ERR,ERR,ERR,ERR,ERR,ERR,ERR,ERR,ERR,ERR,ERR,ERR,ERR,ERR,ERR,ERR,0.0,0.0,2.6474835549302285e+23,0.0,0.0,1.3936040501711995e+18,7.805,0.0,0,0,4,0,7116,0.0,100,0.0,0.0,0.0,0.0,0.0,0,0,0,0,0.0,0,0,0,0,0,0,0,0,0,0,0,0,0,0,0,0,0,0,0,0,0,0,0,0,0,0,0,0,0,0,0,0,0,31,40,40,71,65476,0,300,0,0,8,21553,0.0,-107605600.0,0.0,0.0,0.0,0.0,0.0,0.0,0.0,0.0,0.0,0.0,0.0,0.0,0.0,0.0,0.0,0.0,0.0,0.0,0.0,0.0,-2.004,2.004,0.0,2.004,0.0,0.0,0.0,0.0,4496.0,131350.188,6921.0,0.0,0.0,2.7184256974124493e+23,0.0,0.0,0.0,0.0,0.0,69,-126841143296.0,4.066845724438863e+29,0.0,0.0,0.0,0.0,0.0,0.0,0.0,0,0,0,0.0,0.0,0.0,0.0,0.0,0.0,0.0,0.0,0.0,0.0,0.0,0.0,0.0,0.0,0.0,0.0,0,-107875648.0,69,0.0,138,0.0,-0.0,0,39322,17086,13107,17102,52429,17081,0,0,0,70,68,100,2.7302399002429377e+23,82.3,-0.0,78.1,0.0,79.0,1,49,50,180,39322,26215,0,0,0.0,0.0,0.0,0.0,-0.0,67.0,0.0,162057.094,0.0,978,0,1007,0,0,0,953,0,1031,0,929,0,791,0,783,0,822,0,7520,0.032,1.2682136550675317e+20,0.0,0.0,784,16797,-0.0,162057.094,-114818.039,-0.0,0.133,6.909358625270745e+28,30.0,70.0,35,0.0,0.0,0.0,0.0,0.0,0.0,0.0,0.0,0.0,0.0,0.0,0.0,0.0,0.0,0.0,0.0,66.4,0,150,71,52,65476,0,300,0,0,8,20529,65476,0,0,44564,70.0,0.0,0.0,0.0,0.0,0.0
2026-09-10T21:25:01,ERR,ERR,ERR,ERR,ERR,ERR,ERR,ERR,ERR,ERR,ERR,ERR,ERR,ERR,ERR,ERR,ERR,ERR,ERR,ERR,ERR,ERR,ERR,ERR,ERR,ERR,ERR,ERR,ERR,ERR,ERR,ERR,ERR,ERR,ERR,ERR,ERR,ERR,ERR,ERR,ERR,ERR,ERR,ERR,ERR,ERR,ERR,ERR,ERR,ERR,ERR,ERR,ERR,ERR,ERR,ERR,ERR,ERR,ERR,ERR,ERR,ERR,ERR,ERR,ERR,ERR,ERR,ERR,ERR,ERR,ERR,ERR,ERR,ERR,ERR,ERR,ERR,ERR,ERR,ERR,ERR,ERR,ERR,ERR,ERR,ERR,ERR,ERR,ERR,ERR,ERR,ERR,ERR,ERR,ERR,ERR,ERR,ERR,ERR,ERR,ERR,ERR,ERR,ERR,ERR,ERR,ERR,ERR,ERR,ERR,ERR,ERR,ERR,ERR,ERR,ERR,ERR,ERR,ERR,ERR,ERR,ERR,ERR,ERR,ERR,0.0,0.0,2.6474835549302285e+23,0.0,0.0,1.3936040501711995e+18,7.805,0.0,0,0,4,0,7116,0.0,100,0.0,0.0,0.0,0.0,0.0,0,0,0,0,0.0,0,0,0,0,0,0,0,0,0,0,0,0,0,0,0,0,0,0,0,0,0,0,0,0,0,0,0,0,0,0,0,0,0,31,40,40,71,65476,0,300,0,0,8,21553,0.0,-107605600.0,0.0,0.0,0.0,0.0,0.0,0.0,0.0,0.0,0.0,0.0,0.0,0.0,0.0,0.0,0.0,0.0,0.0,0.0,0.0,0.0,-2.004,2.004,0.0,2.004,0.0,0.0,0.0,0.0,4496.0,131350.188,6921.0,0.0,0.0,2.7184256974124493e+23,0.0,0.0,0.0,0.0,0.0,69,-126841143296.0,4.066845724438863e+29,0.0,0.0,0.0,0.0,0.0,0.0,0.0,0,0,0,0.0,0.0,0.0,0.0,0.0,0.0,0.0,0.0,0.0,0.0,0.0,0.0,0.0,0.0,0.0,0.0,0,-107875648.0,69,0.0,138,0.0,-0.0,0,39322,17086,13107,17102,52429,17081,0,0,0,70,68,100,2.7302399002429377e+23,82.3,-0.0,78.1,0.0,79.0,1,49,50,180,39322,26215,0,0,0.0,0.0,0.0,0.0,-0.0,67.0,0.0,162057.094,0.0,978,0,1007,0,0,0,953,0,1031,0,929,0,791,0,783,0,822,0,7520,0.032,1.2682136550675317e+20,0.0,0.0,784,16797,-0.0,162057.094,-114818.039,-0.0,0.133,6.909358625270745e+28,30.0,70.0,35,0.0,0.0,0.0,0.0,0.0,0.0,0.0,0.0,0.0,0.0,0.0,0.0,0.0,0.0,0.0,0.0,66.4,0,150,71,52,65476,0,300,0,0,8,20529,65476,0,0,44564,70.0,0.0,0.0,0.0,0.0,0.0
2026-09-10T21:25:02,ERR,ERR,ERR,ERR,ERR,ERR,ERR,ERR,ERR,ERR,ERR,ERR,ERR,ERR,ERR,ERR,ERR,ERR,ERR,ERR,ERR,ERR,ERR,ERR,ERR,ERR,ERR,ERR,ERR,ERR,ERR,ERR,ERR,ERR,ERR,ERR,ERR,ERR,ERR,ERR,ERR,ERR,ERR,ERR,ERR,ERR,ERR,ERR,ERR,ERR,ERR,ERR,ERR,ERR,ERR,ERR,ERR,ERR,ERR,ERR,ERR,ERR,ERR,ERR,ERR,ERR,ERR,ERR,ERR,ERR,ERR,ERR,ERR,ERR,ERR,ERR,ERR,ERR,ERR,ERR,ERR,ERR,ERR,ERR,ERR,ERR,ERR,ERR,ERR,ERR,ERR,ERR,ERR,ERR,ERR,ERR,ERR,ERR,ERR,ERR,ERR,ERR,ERR,ERR,ERR,ERR,ERR,ERR,ERR,ERR,ERR,ERR,ERR,ERR,ERR,ERR,ERR,ERR,ERR,ERR,ERR,ERR,ERR,ERR,ERR,0.0,0.0,2.6474835549302285e+23,0.0,0.0,1.3936040501711995e+18,7.805,0.0,0,0,4,0,7116,0.0,100,0.0,0.0,0.0,0.0,0.0,0,0,0,0,0.0,0,0,0,0,0,0,0,0,0,0,0,0,0,0,0,0,0,0,0,0,0,0,0,0,0,0,0,0,0,0,0,0,0,31,40,40,71,65476,0,300,0,0,8,21553,0.0,-107605600.0,0.0,0.0,0.0,0.0,0.0,0.0,0.0,0.0,0.0,0.0,0.0,0.0,0.0,0.0,0.0,0.0,0.0,0.0,0.0,0.0,-2.004,2.004,0.0,2.004,0.0,0.0,0.0,0.0,4496.0,131350.188,6921.0,0.0,0.0,2.7184256974124493e+23,0.0,0.0,0.0,0.0,0.0,69,-126841143296.0,4.066845724438863e+29,0.0,0.0,0.0,0.0,0.0,0.0,0.0,0,0,0,0.0,0.0,0.0,0.0,0.0,0.0,0.0,0.0,0.0,0.0,0.0,0.0,0.0,0.0,0.0,0.0,0,-107875648.0,69,0.0,138,0.0,-0.0,0,39322,17086,13107,17102,52429,17081,0,0,0,70,68,100,2.7302399002429377e+23,82.3,-0.0,78.1,0.0,79.0,1,49,50,180,39322,26215,0,0,0.0,0.0,0.0,0.0,-0.0,67.0,0.0,162057.094,0.0,978,0,1007,0,0,0,953,0,1031,0,929,0,791,0,783,0,822,0,7520,0.032,1.2682136550675317e+20,0.0,0.0,784,16797,-0.0,162057.094,-114818.039,-0.0,0.133,6.909358625270745e+28,30.0,70.0,35,0.0,0.0,0.0,0.0,0.0,0.0,0.0,0.0,0.0,0.0,0.0,0.0,0.0,0.0,0.0,0.0,66.4,0,150,71,52,65476,0,300,0,0,8,20529,65476,0,0,44564,70.0,0.0,0.0,0.0,0.0,0.0
2026-09-10T21:25:03,ERR,ERR,ERR,ERR,ERR,ERR,ERR,ERR,ERR,ERR,ERR,ERR,ERR,ERR,ERR,ERR,ERR,ERR,ERR,ERR,ERR,ERR,ERR,ERR,ERR,ERR,ERR,ERR,ERR,ERR,ERR,ERR,ERR,ERR,ERR,ERR,ERR,ERR,ERR,ERR,ERR,ERR,ERR,ERR,ERR,ERR,ERR,ERR,ERR,ERR,ERR,ERR,ERR,ERR,ERR,ERR,ERR,ERR,ERR,ERR,ERR,ERR,ERR,ERR,ERR,ERR,ERR,ERR,ERR,ERR,ERR,ERR,ERR,ERR,ERR,ERR,ERR,ERR,ERR,ERR,ERR,ERR,ERR,ERR,ERR,ERR,ERR,ERR,ERR,ERR,ERR,ERR,ERR,ERR,ERR,ERR,ERR,ERR,ERR,ERR,ERR,ERR,ERR,ERR,ERR,ERR,ERR,ERR,ERR,ERR,ERR,ERR,ERR,ERR,ERR,ERR,ERR,ERR,ERR,ERR,ERR,ERR,ERR,ERR,ERR,0.0,0.0,2.6474835549302285e+23,0.0,0.0,1.3936040501711995e+18,7.805,0.0,0,0,4,0,7116,0.0,100,0.0,0.0,0.0,0.0,0.0,0,0,0,0,0.0,0,0,0,0,0,0,0,0,0,0,0,0,0,0,0,0,0,0,0,0,0,0,0,0,0,0,0,0,0,0,0,0,0,31,40,40,71,65476,0,300,0,0,8,21553,0.0,-107605600.0,0.0,0.0,0.0,0.0,0.0,0.0,0.0,0.0,0.0,0.0,0.0,0.0,0.0,0.0,0.0,0.0,0.0,0.0,0.0,0.0,-2.004,2.004,0.0,2.004,0.0,0.0,0.0,0.0,4496.0,131350.188,6921.0,0.0,0.0,2.7184256974124493e+23,0.0,0.0,0.0,0.0,0.0,69,-126841143296.0,4.066845724438863e+29,0.0,0.0,0.0,0.0,0.0,0.0,0.0,0,0,0,0.0,0.0,0.0,0.0,0.0,0.0,0.0,0.0,0.0,0.0,0.0,0.0,0.0,0.0,0.0,0.0,0,-107875648.0,69,0.0,138,0.0,-0.0,0,39322,17086,13107,17102,52429,17081,0,0,0,70,68,100,2.7302399002429377e+23,82.3,-0.0,78.1,0.0,79.0,1,49,50,180,39322,26215,0,0,0.0,0.0,0.0,0.0,-0.0,67.0,0.0,162057.094,0.0,978,0,1007,0,0,0,953,0,1031,0,929,0,791,0,783,0,822,0,7520,0.032,1.2682136550675317e+20,0.0,0.0,784,16797,-0.0,162057.094,-114818.039,-0.0,0.133,6.909358625270745e+28,30.0,70.0,35,0.0,0.0,0.0,0.0,0.0,0.0,0.0,0.0,0.0,0.0,0.0,0.0,0.0,0.0,0.0,0.0,66.4,0,150,71,52,65476,0,300,0,0,8,20529,65476,0,0,44564,70.0,0.0,0.0,0.0,0.0,0.0
2026-09-10T21:25:04,ERR,ERR,ERR,ERR,ERR,ERR,ERR,ERR,ERR,ERR,ERR,ERR,ERR,ERR,ERR,ERR,ERR,ERR,ERR,ERR,ERR,ERR,ERR,ERR,ERR,ERR,ERR,ERR,ERR,ERR,ERR,ERR,ERR,ERR,ERR,ERR,ERR,ERR,ERR,ERR,ERR,ERR,ERR,ERR,ERR,ERR,ERR,ERR,ERR,ERR,ERR,ERR,ERR,ERR,ERR,ERR,ERR,ERR,ERR,ERR,ERR,ERR,ERR,ERR,ERR,ERR,ERR,ERR,ERR,ERR,ERR,ERR,ERR,ERR,ERR,ERR,ERR,ERR,ERR,ERR,ERR,ERR,ERR,ERR,ERR,ERR,ERR,ERR,ERR,ERR,ERR,ERR,ERR,ERR,ERR,ERR,ERR,ERR,ERR,ERR,ERR,ERR,ERR,ERR,ERR,ERR,ERR,ERR,ERR,ERR,ERR,ERR,ERR,ERR,ERR,ERR,ERR,ERR,ERR,ERR,ERR,ERR,ERR,ERR,ERR,0.0,0.0,2.6474835549302285e+23,0.0,0.0,1.3936040501711995e+18,7.805,0.0,0,0,4,0,7116,0.0,100,0.0,0.0,0.0,0.0,0.0,0,0,0,0,0.0,0,0,0,0,0,0,0,0,0,0,0,0,0,0,0,0,0,0,0,0,0,0,0,0,0,0,0,0,0,0,0,0,0,31,40,40,71,65476,0,300,0,0,8,21553,0.0,-107605600.0,0.0,0.0,0.0,0.0,0.0,0.0,0.0,0.0,0.0,0.0,0.0,0.0,0.0,0.0,0.0,0.0,0.0,0.0,0.0,0.0,-2.004,2.004,0.0,2.004,0.0,0.0,0.0,0.0,4494.0,0.0,6912.0,0.0,0.0,2.7184256974124493e+23,-107615296.0,0.0,0.0,0.0,0.0,69,-152018521948160.0,0.0,0.0,0.0,0.0,0.0,0.0,0.0,0.0,0,0,0,0.0,0.0,0.0,0.0,0.0,0.0,0.0,0.0,0.0,0.0,0.0,0.0,0.0,0.0,0.0,0.0,0,-107875648.0,69,0.0,138,0.0,-0.0,0,39322,17086,13107,17102,52429,17081,0,0,0,70,68,100,2.7302399002429377e+23,82.3,-0.0,78.1,0.0,79.0,1,49,50,180,39322,26215,0,0,0.0,0.0,0.0,0.0,-0.0,67.0,0.0,162057.094,0.0,978,0,1007,0,0,0,953,0,1031,0,929,0,791,0,783,0,822,0,7520,0.032,1.3892704130512506e+20,0.0,0.0,784,16797,-0.0,162057.094,-114818.039,-0.0,0.133,6.909358625270745e+28,30.0,70.0,35,0.0,0.0,0.0,0.0,0.0,0.0,0.0,0.0,0.0,0.0,0.0,0.0,0.0,0.0,0.0,0.0,66.4,0,150,71,52,65476,0,300,0,0,8,20529,65476,0,0,44564,70.0,0.0,0.0,0.0,0.0,0.0
2026-09-10T21:25:05,ERR,ERR,ERR,ERR,ERR,ERR,ERR,ERR,ERR,ERR,ERR,ERR,ERR,ERR,ERR,ERR,ERR,ERR,ERR,ERR,ERR,ERR,ERR,ERR,ERR,ERR,ERR,ERR,ERR,ERR,ERR,ERR,ERR,ERR,ERR,ERR,ERR,ERR,ERR,ERR,ERR,ERR,ERR,ERR,ERR,ERR,ERR,ERR,ERR,ERR,ERR,ERR,ERR,ERR,ERR,ERR,ERR,ERR,ERR,ERR,ERR,ERR,ERR,ERR,ERR,ERR,ERR,ERR,ERR,ERR,ERR,ERR,ERR,ERR,ERR,ERR,ERR,ERR,ERR,ERR,ERR,ERR,ERR,ERR,ERR,ERR,ERR,ERR,ERR,ERR,ERR,ERR,ERR,ERR,ERR,ERR,ERR,ERR,ERR,ERR,ERR,ERR,ERR,ERR,ERR,ERR,ERR,ERR,ERR,ERR,ERR,ERR,ERR,ERR,ERR,ERR,ERR,ERR,ERR,ERR,ERR,ERR,ERR,ERR,ERR,0.0,0.0,2.6474835549302285e+23,0.0,0.0,1.3936040501711995e+18,7.805,0.0,0,0,4,0,7116,0.0,100,0.0,0.0,0.0,0.0,0.0,0,0,0,0,0.0,0,0,0,0,0,0,0,0,0,0,0,0,0,0,0,0,0,0,0,0,0,0,0,0,0,0,0,0,0,0,0,0,0,31,40,40,71,65476,0,300,0,0,8,21553,0.0,-107605600.0,0.0,0.0,0.0,0.0,0.0,0.0,0.0,0.0,0.0,0.0,0.0,0.0,0.0,0.0,0.0,0.0,0.0,0.0,0.0,0.0,-2.004,2.004,0.0,2.004,0.0,0.0,0.0,0.0,4494.0,0.0,6912.0,0.0,0.0,2.7184256974124493e+23,-107615296.0,0.0,0.0,0.0,0.0,69,-152018521948160.0,0.0,0.0,0.0,0.0,0.0,0.0,0.0,0.0,0,0,0,0.0,0.0,0.0,0.0,0.0,0.0,0.0,0.0,0.0,0.0,0.0,0.0,0.0,0.0,0.0,0.0,0,-107875648.0,69,0.0,138,0.0,-0.0,0,39322,17086,13107,17102,52429,17081,0,0,0,70,68,100,2.7302399002429377e+23,82.3,-0.0,78.1,0.0,79.0,1,49,50,180,39322,26215,0,0,0.0,0.0,0.0,0.0,-0.0,67.0,0.0,162057.094,0.0,978,0,1007,0,0,0,953,0,1031,0,929,0,791,0,783,0,822,0,7520,0.032,1.3892704130512506e+20,0.0,0.0,784,16797,-0.0,162057.094,-114818.039,-0.0,0.133,6.909358625270745e+28,30.0,70.0,35,0.0,0.0,0.0,0.0,0.0,0.0,0.0,0.0,0.0,0.0,0.0,0.0,0.0,0.0,0.0,0.0,66.4,0,150,71,52,65476,0,300,0,0,8,20529,65476,0,0,44564,70.0,0.0,0.0,0.0,0.0,0.0
2026-09-10T21:25:06,ERR,ERR,ERR,ERR,ERR,ERR,ERR,ERR,ERR,ERR,ERR,ERR,ERR,ERR,ERR,ERR,ERR,ERR,ERR,ERR,ERR,ERR,ERR,ERR,ERR,ERR,ERR,ERR,ERR,ERR,ERR,ERR,ERR,ERR,ERR,ERR,ERR,ERR,ERR,ERR,ERR,ERR,ERR,ERR,ERR,ERR,ERR,ERR,ERR,ERR,ERR,ERR,ERR,ERR,ERR,ERR,ERR,ERR,ERR,ERR,ERR,ERR,ERR,ERR,ERR,ERR,ERR,ERR,ERR,ERR,ERR,ERR,ERR,ERR,ERR,ERR,ERR,ERR,ERR,ERR,ERR,ERR,ERR,ERR,ERR,ERR,ERR,ERR,ERR,ERR,ERR,ERR,ERR,ERR,ERR,ERR,ERR,ERR,ERR,ERR,ERR,ERR,ERR,ERR,ERR,ERR,ERR,ERR,ERR,ERR,ERR,ERR,ERR,ERR,ERR,ERR,ERR,ERR,ERR,ERR,ERR,ERR,ERR,ERR,ERR,0.0,0.0,2.6474835549302285e+23,0.0,0.0,1.3936040501711995e+18,7.805,0.0,0,0,4,0,7116,0.0,100,0.0,0.0,0.0,0.0,0.0,0,0,0,0,0.0,0,0,0,0,0,0,0,0,0,0,0,0,0,0,0,0,0,0,0,0,0,0,0,0,0,0,0,0,0,0,0,0,0,31,40,40,71,65476,0,300,0,0,8,21553,0.0,-107605600.0,0.0,0.0,0.0,0.0,0.0,0.0,0.0,0.0,0.0,0.0,0.0,0.0,0.0,0.0,0.0,0.0,0.0,0.0,0.0,0.0,-2.004,2.004,0.0,2.004,0.0,0.0,0.0,0.0,4494.0,0.0,6912.0,0.0,0.0,2.7184256974124493e+23,-107615296.0,0.0,0.0,0.0,0.0,69,-152018521948160.0,0.0,0.0,0.0,0.0,0.0,0.0,0.0,0.0,0,0,0,0.0,0.0,0.0,0.0,0.0,0.0,0.0,0.0,0.0,0.0,0.0,0.0,0.0,0.0,0.0,0.0,0,-107875648.0,69,0.0,138,0.0,-0.0,0,39322,17086,13107,17102,52429,17081,0,0,0,70,68,100,2.7302399002429377e+23,82.3,-0.0,78.1,0.0,79.0,1,49,50,180,39322,26215,0,0,0.0,0.0,0.0,0.0,-0.0,67.0,0.0,162057.094,0.0,978,0,1007,0,0,0,953,0,1031,0,929,0,791,0,783,0,822,0,7520,0.032,1.3892704130512506e+20,0.0,0.0,784,16797,-0.0,162057.094,-114818.039,-0.0,0.133,6.909358625270745e+28,30.0,70.0,35,0.0,0.0,0.0,0.0,0.0,0.0,0.0,0.0,0.0,0.0,0.0,0.0,0.0,0.0,0.0,0.0,66.4,0,150,71,52,65476,0,300,0,0,8,20529,65476,0,0,44564,70.0,0.0,0.0,0.0,0.0,0.0
2026-09-10T21:25:07,ERR,ERR,ERR,ERR,ERR,ERR,ERR,ERR,ERR,ERR,ERR,ERR,ERR,ERR,ERR,ERR,ERR,ERR,ERR,ERR,ERR,ERR,ERR,ERR,ERR,ERR,ERR,ERR,ERR,ERR,ERR,ERR,ERR,ERR,ERR,ERR,ERR,ERR,ERR,ERR,ERR,ERR,ERR,ERR,ERR,ERR,ERR,ERR,ERR,ERR,ERR,ERR,ERR,ERR,ERR,ERR,ERR,ERR,ERR,ERR,ERR,ERR,ERR,ERR,ERR,ERR,ERR,ERR,ERR,ERR,ERR,ERR,ERR,ERR,ERR,ERR,ERR,ERR,ERR,ERR,ERR,ERR,ERR,ERR,ERR,ERR,ERR,ERR,ERR,ERR,ERR,ERR,ERR,ERR,ERR,ERR,ERR,ERR,ERR,ERR,ERR,ERR,ERR,ERR,ERR,ERR,ERR,ERR,ERR,ERR,ERR,ERR,ERR,ERR,ERR,ERR,ERR,ERR,ERR,ERR,ERR,ERR,ERR,ERR,ERR,0.0,0.0,2.6474835549302285e+23,0.0,0.0,1.3936040501711995e+18,7.805,0.0,0,0,4,0,7116,0.0,100,0.0,0.0,0.0,0.0,0.0,0,0,0,0,0.0,0,0,0,0,0,0,0,0,0,0,0,0,0,0,0,0,0,0,0,0,0,0,0,0,0,0,0,0,0,0,0,0,0,31,40,40,71,65476,0,300,0,0,8,21553,0.0,-107605600.0,0.0,0.0,0.0,0.0,0.0,0.0,0.0,0.0,0.0,0.0,0.0,0.0,0.0,0.0,0.0,0.0,0.0,0.0,0.0,0.0,-2.004,2.004,0.0,2.004,0.0,0.0,0.0,0.0,4494.0,0.0,6912.0,0.0,0.0,2.7184256974124493e+23,-107615296.0,0.0,0.0,0.0,0.0,69,-152018521948160.0,0.0,0.0,0.0,0.0,0.0,0.0,0.0,0.0,0,0,0,0.0,0.0,0.0,0.0,0.0,0.0,0.0,0.0,0.0,0.0,0.0,0.0,0.0,0.0,0.0,0.0,0,-107875648.0,69,0.0,138,0.0,-0.0,0,39322,17086,13107,17102,52429,17081,0,0,0,70,68,100,2.7302399002429377e+23,82.3,-0.0,78.1,0.0,79.0,1,49,50,180,39322,26215,0,0,0.0,0.0,0.0,0.0,-0.0,67.0,0.0,162057.094,0.0,978,0,1007,0,0,0,953,0,1031,0,929,0,791,0,783,0,822,0,7520,0.032,1.3892704130512506e+20,0.0,0.0,784,16797,-0.0,162057.094,-114818.039,-0.0,0.133,6.909358625270745e+28,30.0,70.0,35,0.0,0.0,0.0,0.0,0.0,0.0,0.0,0.0,0.0,0.0,0.0,0.0,0.0,0.0,0.0,0.0,66.4,0,150,71,52,65476,0,300,0,0,8,20529,65476,0,0,44564,70.0,0.0,0.0,0.0,0.0,0.0
2026-09-10T21:25:08,ERR,ERR,ERR,ERR,ERR,ERR,ERR,ERR,ERR,ERR,ERR,ERR,ERR,ERR,ERR,ERR,ERR,ERR,ERR,ERR,ERR,ERR,ERR,ERR,ERR,ERR,ERR,ERR,ERR,ERR,ERR,ERR,ERR,ERR,ERR,ERR,ERR,ERR,ERR,ERR,ERR,ERR,ERR,ERR,ERR,ERR,ERR,ERR,ERR,ERR,ERR,ERR,ERR,ERR,ERR,ERR,ERR,ERR,ERR,ERR,ERR,ERR,ERR,ERR,ERR,ERR,ERR,ERR,ERR,ERR,ERR,ERR,ERR,ERR,ERR,ERR,ERR,ERR,ERR,ERR,ERR,ERR,ERR,ERR,ERR,ERR,ERR,ERR,ERR,ERR,ERR,ERR,ERR,ERR,ERR,ERR,ERR,ERR,ERR,ERR,ERR,ERR,ERR,ERR,ERR,ERR,ERR,ERR,ERR,ERR,ERR,ERR,ERR,ERR,ERR,ERR,ERR,ERR,ERR,ERR,ERR,ERR,ERR,ERR,ERR,0.0,0.0,2.6474835549302285e+23,0.0,0.0,1.3936040501711995e+18,7.805,0.0,0,0,4,0,7116,0.0,100,0.0,0.0,0.0,0.0,0.0,0,0,0,0,0.0,0,0,0,0,0,0,0,0,0,0,0,0,0,0,0,0,0,0,0,0,0,0,0,0,0,0,0,0,0,0,0,0,0,31,40,40,71,65476,0,300,0,0,8,21553,0.0,-107605600.0,0.0,0.0,0.0,0.0,0.0,0.0,0.0,0.0,0.0,0.0,0.0,0.0,0.0,0.0,0.0,0.0,0.0,0.0,0.0,0.0,-2.004,2.004,0.0,2.004,0.0,0.0,0.0,0.0,4494.0,0.0,6912.0,0.0,0.0,2.7184256974124493e+23,-107615296.0,0.0,0.0,0.0,0.0,69,-152018521948160.0,0.0,0.0,0.0,0.0,0.0,0.0,0.0,0.0,0,0,0,0.0,0.0,0.0,0.0,0.0,0.0,0.0,0.0,0.0,0.0,0.0,0.0,0.0,0.0,0.0,0.0,0,-107875648.0,69,0.0,138,0.0,-0.0,0,39322,17086,13107,17102,52429,17081,0,0,0,70,68,100,2.7302399002429377e+23,82.3,-0.0,78.1,0.0,79.0,1,49,50,180,39322,26215,0,0,0.0,0.0,0.0,0.0,-0.0,67.0,0.0,162057.094,0.0,978,0,1007,0,0,0,953,0,1031,0,929,0,791,0,783,0,822,0,7520,0.032,1.3892704130512506e+20,0.0,0.0,784,16797,-0.0,162057.094,-114818.039,-0.0,0.133,6.909358625270745e+28,30.0,70.0,35,0.0,0.0,0.0,0.0,0.0,0.0,0.0,0.0,0.0,0.0,0.0,0.0,0.0,0.0,0.0,0.0,66.4,0,150,71,52,65476,0,300,0,0,8,20529,65476,0,0,44564,70.0,0.0,0.0,0.0,0.0,0.0
2026-09-10T21:25:09,ERR,ERR,ERR,ERR,ERR,ERR,ERR,ERR,ERR,ERR,ERR,ERR,ERR,ERR,ERR,ERR,ERR,ERR,ERR,ERR,ERR,ERR,ERR,ERR,ERR,ERR,ERR,ERR,ERR,ERR,ERR,ERR,ERR,ERR,ERR,ERR,ERR,ERR,ERR,ERR,ERR,ERR,ERR,ERR,ERR,ERR,ERR,ERR,ERR,ERR,ERR,ERR,ERR,ERR,ERR,ERR,ERR,ERR,ERR,ERR,ERR,ERR,ERR,ERR,ERR,ERR,ERR,ERR,ERR,ERR,ERR,ERR,ERR,ERR,ERR,ERR,ERR,ERR,ERR,ERR,ERR,ERR,ERR,ERR,ERR,ERR,ERR,ERR,ERR,ERR,ERR,ERR,ERR,ERR,ERR,ERR,ERR,ERR,ERR,ERR,ERR,ERR,ERR,ERR,ERR,ERR,ERR,ERR,ERR,ERR,ERR,ERR,ERR,ERR,ERR,ERR,ERR,ERR,ERR,ERR,ERR,ERR,ERR,ERR,ERR,0.0,0.0,2.6474835549302285e+23,0.0,0.0,1.3936040501711995e+18,7.805,0.0,0,0,4,0,7116,0.0,100,0.0,0.0,0.0,0.0,0.0,0,0,0,0,0.0,0,0,0,0,0,0,0,0,0,0,0,0,0,0,0,0,0,0,0,0,0,0,0,0,0,0,0,0,0,0,0,0,0,31,40,40,71,65476,0,300,0,0,8,21553,0.0,-107605600.0,0.0,0.0,0.0,0.0,0.0,0.0,0.0,0.0,0.0,0.0,0.0,0.0,0.0,0.0,0.0,0.0,0.0,0.0,0.0,0.0,-2.004,2.004,0.0,2.004,0.0,0.0,0.0,0.0,4494.0,0.0,6912.0,0.0,0.0,2.7184256974124493e+23,-107615296.0,0.0,0.0,0.0,0.0,69,-152018521948160.0,0.0,0.0,0.0,0.0,0.0,0.0,0.0,0.0,0,0,0,0.0,0.0,0.0,0.0,0.0,0.0,0.0,0.0,0.0,0.0,0.0,0.0,0.0,0.0,0.0,0.0,0,-107875648.0,69,0.0,138,0.0,-0.0,0,39322,17086,13107,17102,52429,17081,0,0,0,70,68,100,2.7302399002429377e+23,82.3,-0.0,78.1,0.0,79.0,1,49,50,180,39322,26215,0,0,0.0,0.0,0.0,0.0,-0.0,67.0,0.0,162057.094,0.0,978,0,1007,0,0,0,953,0,1031,0,929,0,791,0,783,0,822,0,7520,0.032,1.3892704130512506e+20,0.0,0.0,784,16797,-0.0,162057.094,-114818.039,-0.0,0.133,6.909358625270745e+28,30.0,70.0,35,0.0,0.0,0.0,0.0,0.0,0.0,0.0,0.0,0.0,0.0,0.0,0.0,0.0,0.0,0.0,0.0,66.4,0,150,71,52,65476,0,300,0,0,8,20529,65476,0,0,44564,70.0,0.0,0.0,0.0,0.0,0.0
2026-09-10T21:25:10,ERR,ERR,ERR,ERR,ERR,ERR,ERR,ERR,ERR,ERR,ERR,ERR,ERR,ERR,ERR,ERR,ERR,ERR,ERR,ERR,ERR,ERR,ERR,ERR,ERR,ERR,ERR,ERR,ERR,ERR,ERR,ERR,ERR,ERR,ERR,ERR,ERR,ERR,ERR,ERR,ERR,ERR,ERR,ERR,ERR,ERR,ERR,ERR,ERR,ERR,ERR,ERR,ERR,ERR,ERR,ERR,ERR,ERR,ERR,ERR,ERR,ERR,ERR,ERR,ERR,ERR,ERR,ERR,ERR,ERR,ERR,ERR,ERR,ERR,ERR,ERR,ERR,ERR,ERR,ERR,ERR,ERR,ERR,ERR,ERR,ERR,ERR,ERR,ERR,ERR,ERR,ERR,ERR,ERR,ERR,ERR,ERR,ERR,ERR,ERR,ERR,ERR,ERR,ERR,ERR,ERR,ERR,ERR,ERR,ERR,ERR,ERR,ERR,ERR,ERR,ERR,ERR,ERR,ERR,ERR,ERR,ERR,ERR,ERR,ERR,0.0,0.0,2.6474835549302285e+23,0.0,0.0,1.3936040501711995e+18,7.805,0.0,0,0,4,0,7116,0.0,100,0.0,0.0,0.0,0.0,0.0,0,0,0,0,0.0,0,0,0,0,0,0,0,0,0,0,0,0,0,0,0,0,0,0,0,0,0,0,0,0,0,0,0,0,0,0,0,0,0,31,40,40,71,65476,0,300,0,0,8,21553,0.0,-107605600.0,0.0,0.0,0.0,0.0,0.0,0.0,0.0,0.0,0.0,0.0,0.0,0.0,0.0,0.0,0.0,0.0,0.0,0.0,0.0,0.0,-2.004,2.004,0.0,2.004,0.0,0.0,0.0,0.0,4494.0,0.0,6912.0,0.0,0.0,2.7184256974124493e+23,-107615296.0,0.0,0.0,0.0,0.0,69,-152018521948160.0,0.0,0.0,0.0,0.0,0.0,0.0,0.0,0.0,0,0,0,0.0,0.0,0.0,0.0,0.0,0.0,0.0,0.0,0.0,0.0,0.0,0.0,0.0,0.0,0.0,0.0,0,-107875648.0,69,0.0,138,0.0,-0.0,0,39322,17086,13107,17102,52429,17081,0,0,0,70,68,100,2.7302399002429377e+23,82.3,-0.0,78.1,0.0,79.0,1,49,50,180,39322,26215,0,0,0.0,0.0,0.0,0.0,-0.0,67.0,0.0,162057.094,0.0,978,0,1007,0,0,0,952,0,1031,0,929,0,791,0,783,0,822,0,7520,0.032,1.2739782625905659e+20,0.0,0.0,784,16797,-0.0,162057.094,-114818.039,-0.0,0.133,6.909358625270745e+28,30.0,70.0,35,0.0,0.0,0.0,0.0,0.0,0.0,0.0,0.0,0.0,0.0,0.0,0.0,0.0,0.0,0.0,0.0,66.4,0,150,71,52,65476,0,300,0,0,8,20529,65476,0,0,44564,70.0,0.0,0.0,0.0,0.0,0.0
2026-09-10T21:25:11,ERR,ERR,ERR,ERR,ERR,ERR,ERR,ERR,ERR,ERR,ERR,ERR,ERR,ERR,ERR,ERR,ERR,ERR,ERR,ERR,ERR,ERR,ERR,ERR,ERR,ERR,ERR,ERR,ERR,ERR,ERR,ERR,ERR,ERR,ERR,ERR,ERR,ERR,ERR,ERR,ERR,ERR,ERR,ERR,ERR,ERR,ERR,ERR,ERR,ERR,ERR,ERR,ERR,ERR,ERR,ERR,ERR,ERR,ERR,ERR,ERR,ERR,ERR,ERR,ERR,ERR,ERR,ERR,ERR,ERR,ERR,ERR,ERR,ERR,ERR,ERR,ERR,ERR,ERR,ERR,ERR,ERR,ERR,ERR,ERR,ERR,ERR,ERR,ERR,ERR,ERR,ERR,ERR,ERR,ERR,ERR,ERR,ERR,ERR,ERR,ERR,ERR,ERR,ERR,ERR,ERR,ERR,ERR,ERR,ERR,ERR,ERR,ERR,ERR,ERR,ERR,ERR,ERR,ERR,ERR,ERR,ERR,ERR,ERR,ERR,0.0,0.0,2.6474835549302285e+23,0.0,0.0,1.3936040501711995e+18,7.805,0.0,0,0,4,0,7116,0.0,100,0.0,0.0,0.0,0.0,0.0,0,0,0,0,0.0,0,0,0,0,0,0,0,0,0,0,0,0,0,0,0,0,0,0,0,0,0,0,0,0,0,0,0,0,0,0,0,0,0,31,40,40,71,65476,0,300,0,0,8,21553,0.0,-107605600.0,0.0,0.0,0.0,0.0,0.0,0.0,0.0,0.0,0.0,0.0,0.0,0.0,0.0,0.0,0.0,0.0,0.0,0.0,0.0,0.0,-2.004,2.004,0.0,2.004,0.0,0.0,0.0,0.0,4494.0,0.0,6912.0,0.0,0.0,2.7184256974124493e+23,-107615296.0,0.0,0.0,0.0,0.0,69,-152018521948160.0,0.0,0.0,0.0,0.0,0.0,0.0,0.0,0.0,0,0,0,0.0,0.0,0.0,0.0,0.0,0.0,0.0,0.0,0.0,0.0,0.0,0.0,0.0,0.0,0.0,0.0,0,-107875648.0,69,0.0,138,0.0,-0.0,0,39322,17086,13107,17102,52429,17081,0,0,0,70,68,100,2.7302399002429377e+23,82.3,-0.0,78.1,0.0,79.0,1,49,50,180,39322,26215,0,0,0.0,0.0,0.0,0.0,-0.0,67.0,0.0,162057.094,0.0,978,0,1007,0,0,0,952,0,1031,0,929,0,791,0,783,0,822,0,7520,0.032,1.2739782625905659e+20,0.0,0.0,784,16797,-0.0,162057.094,-114818.039,-0.0,0.133,6.909358625270745e+28,30.0,70.0,35,0.0,0.0,0.0,0.0,0.0,0.0,0.0,0.0,0.0,0.0,0.0,0.0,0.0,0.0,0.0,0.0,66.4,0,150,71,52,65476,0,300,0,0,8,20529,65476,0,0,44564,70.0,0.0,0.0,0.0,0.0,0.0
2026-09-10T21:25:12,ERR,ERR,ERR,ERR,ERR,ERR,ERR,ERR,ERR,ERR,ERR,ERR,ERR,ERR,ERR,ERR,ERR,ERR,ERR,ERR,ERR,ERR,ERR,ERR,ERR,ERR,ERR,ERR,ERR,ERR,ERR,ERR,ERR,ERR,ERR,ERR,ERR,ERR,ERR,ERR,ERR,ERR,ERR,ERR,ERR,ERR,ERR,ERR,ERR,ERR,ERR,ERR,ERR,ERR,ERR,ERR,ERR,ERR,ERR,ERR,ERR,ERR,ERR,ERR,ERR,ERR,ERR,ERR,ERR,ERR,ERR,ERR,ERR,ERR,ERR,ERR,ERR,ERR,ERR,ERR,ERR,ERR,ERR,ERR,ERR,ERR,ERR,ERR,ERR,ERR,ERR,ERR,ERR,ERR,ERR,ERR,ERR,ERR,ERR,ERR,ERR,ERR,ERR,ERR,ERR,ERR,ERR,ERR,ERR,ERR,ERR,ERR,ERR,ERR,ERR,ERR,ERR,ERR,ERR,ERR,ERR,ERR,ERR,ERR,ERR,0.0,0.0,2.6474835549302285e+23,0.0,0.0,1.3936040501711995e+18,7.805,0.0,0,0,4,0,7116,0.0,100,0.0,0.0,0.0,0.0,0.0,0,0,0,0,0.0,0,0,0,0,0,0,0,0,0,0,0,0,0,0,0,0,0,0,0,0,0,0,0,0,0,0,0,0,0,0,0,0,0,31,40,40,71,65476,0,300,0,0,8,21553,0.0,-107605600.0,0.0,0.0,0.0,0.0,0.0,0.0,0.0,0.0,0.0,0.0,0.0,0.0,0.0,0.0,0.0,0.0,0.0,0.0,0.0,0.0,-2.004,2.004,0.0,2.004,0.0,0.0,0.0,0.0,4494.0,0.0,6912.0,0.0,0.0,2.7184256974124493e+23,-107615296.0,0.0,0.0,0.0,0.0,69,-152018521948160.0,0.0,0.0,0.0,0.0,0.0,0.0,0.0,0.0,0,0,0,0.0,0.0,0.0,0.0,0.0,0.0,0.0,0.0,0.0,0.0,0.0,0.0,0.0,0.0,0.0,0.0,0,-107875648.0,69,0.0,138,0.0,-0.0,0,39322,17086,13107,17102,52429,17081,0,0,0,70,68,100,2.7302399002429377e+23,82.3,-0.0,78.1,0.0,79.0,1,49,50,180,39322,26215,0,0,0.0,0.0,0.0,0.0,-0.0,67.0,0.0,162057.094,0.0,978,0,1007,0,0,0,952,0,1031,0,929,0,791,0,783,0,822,0,7520,0.032,1.2739782625905659e+20,0.0,0.0,784,16797,-0.0,162057.094,-114818.039,-0.0,0.133,6.909358625270745e+28,30.0,70.0,35,0.0,0.0,0.0,0.0,0.0,0.0,0.0,0.0,0.0,0.0,0.0,0.0,0.0,0.0,0.0,0.0,66.4,0,150,71,52,65476,0,300,0,0,8,20529,65476,0,0,44564,70.0,0.0,0.0,0.0,0.0,0.0
2026-09-10T21:25:13,ERR,ERR,ERR,ERR,ERR,ERR,ERR,ERR,ERR,ERR,ERR,ERR,ERR,ERR,ERR,ERR,ERR,ERR,ERR,ERR,ERR,ERR,ERR,ERR,ERR,ERR,ERR,ERR,ERR,ERR,ERR,ERR,ERR,ERR,ERR,ERR,ERR,ERR,ERR,ERR,ERR,ERR,ERR,ERR,ERR,ERR,ERR,ERR,ERR,ERR,ERR,ERR,ERR,ERR,ERR,ERR,ERR,ERR,ERR,ERR,ERR,ERR,ERR,ERR,ERR,ERR,ERR,ERR,ERR,ERR,ERR,ERR,ERR,ERR,ERR,ERR,ERR,ERR,ERR,ERR,ERR,ERR,ERR,ERR,ERR,ERR,ERR,ERR,ERR,ERR,ERR,ERR,ERR,ERR,ERR,ERR,ERR,ERR,ERR,ERR,ERR,ERR,ERR,ERR,ERR,ERR,ERR,ERR,ERR,ERR,ERR,ERR,ERR,ERR,ERR,ERR,ERR,ERR,ERR,ERR,ERR,ERR,ERR,ERR,ERR,0.0,0.0,2.6474835549302285e+23,0.0,0.0,1.3936040501711995e+18,7.805,0.0,0,0,4,0,7116,0.0,100,0.0,0.0,0.0,0.0,0.0,0,0,0,0,0.0,0,0,0,0,0,0,0,0,0,0,0,0,0,0,0,0,0,0,0,0,0,0,0,0,0,0,0,0,0,0,0,0,0,31,40,40,71,65476,0,300,0,0,8,21553,0.0,-107605600.0,0.0,0.0,0.0,0.0,0.0,0.0,0.0,0.0,0.0,0.0,0.0,0.0,0.0,0.0,0.0,0.0,0.0,0.0,0.0,0.0,-2.004,2.004,0.0,0.0,0.0,0.0,0.0,0.0,4497.0,-1.0406632763589053e+34,6943.0,0.0,0.0,2.7184256974124493e+23,-107615296.0,0.0,0.0,0.0,0.0,69,-152018521948160.0,0.0,0.0,0.0,0.0,0.0,0.0,0.0,0.0,0,0,0,0.0,0.0,0.0,0.0,0.0,0.0,0.0,0.0,0.0,0.0,0.0,0.0,0.0,0.0,0.0,0.0,0,-107875648.0,69,0.0,138,0.0,-0.0,0,39322,17086,13107,17102,52429,17081,0,0,0,70,68,100,2.7302399002429377e+23,82.3,-0.0,78.1,0.0,79.0,1,49,50,180,39322,26215,0,0,0.0,0.0,0.0,0.0,-0.0,67.0,0.0,162057.094,0.0,978,0,1007,0,0,0,952,0,1031,0,929,0,791,0,783,0,822,0,7520,0.032,1.2739782625905659e+20,0.0,0.0,784,16797,-0.0,162057.094,-114818.039,-0.0,0.133,6.909358625270745e+28,30.0,70.0,35,0.0,0.0,0.0,0.0,0.0,0.0,0.0,0.0,0.0,0.0,0.0,0.0,0.0,0.0,0.0,0.0,66.4,0,150,71,52,65476,0,300,0,0,8,20529,65476,0,0,44564,70.0,0.0,0.0,0.0,0.0,0.0
2026-09-10T21:25:14,ERR,ERR,ERR,ERR,ERR,ERR,ERR,ERR,ERR,ERR,ERR,ERR,ERR,ERR,ERR,ERR,ERR,ERR,ERR,ERR,ERR,ERR,ERR,ERR,ERR,ERR,ERR,ERR,ERR,ERR,ERR,ERR,ERR,ERR,ERR,ERR,ERR,ERR,ERR,ERR,ERR,ERR,ERR,ERR,ERR,ERR,ERR,ERR,ERR,ERR,ERR,ERR,ERR,ERR,ERR,ERR,ERR,ERR,ERR,ERR,ERR,ERR,ERR,ERR,ERR,ERR,ERR,ERR,ERR,ERR,ERR,ERR,ERR,ERR,ERR,ERR,ERR,ERR,ERR,ERR,ERR,ERR,ERR,ERR,ERR,ERR,ERR,ERR,ERR,ERR,ERR,ERR,ERR,ERR,ERR,ERR,ERR,ERR,ERR,ERR,ERR,ERR,ERR,ERR,ERR,ERR,ERR,ERR,ERR,ERR,ERR,ERR,ERR,ERR,ERR,ERR,ERR,ERR,ERR,ERR,ERR,ERR,ERR,ERR,ERR,0.0,0.0,2.6474835549302285e+23,0.0,0.0,1.3936040501711995e+18,7.805,0.0,0,0,4,0,7116,0.0,100,0.0,0.0,0.0,0.0,0.0,0,0,0,0,0.0,0,0,0,0,0,0,0,0,0,0,0,0,0,0,0,0,0,0,0,0,0,0,0,0,0,0,0,0,0,0,0,0,0,31,40,40,71,65476,0,300,0,0,8,21553,0.0,-107605600.0,0.0,0.0,0.0,0.0,0.0,0.0,0.0,0.0,0.0,0.0,0.0,0.0,0.0,0.0,0.0,0.0,0.0,0.0,0.0,0.0,-2.004,2.004,0.0,0.0,0.0,0.0,0.0,0.0,4497.0,-1.0406632763589053e+34,6943.0,0.0,0.0,2.7184256974124493e+23,-107615296.0,0.0,0.0,0.0,0.0,69,-152018521948160.0,0.0,0.0,0.0,0.0,0.0,0.0,0.0,0.0,0,0,0,0.0,0.0,0.0,0.0,0.0,0.0,0.0,0.0,0.0,0.0,0.0,0.0,0.0,0.0,0.0,0.0,0,-107875648.0,69,0.0,138,0.0,-0.0,0,39322,17086,13107,17102,52429,17081,0,0,0,70,68,100,2.7302399002429377e+23,82.3,-0.0,78.1,0.0,79.0,1,49,50,180,39322,26215,0,0,0.0,0.0,0.0,0.0,-0.0,67.0,0.0,162057.094,0.0,978,0,1007,0,0,0,952,0,1031,0,929,0,791,0,783,0,822,0,7520,0.032,1.2739782625905659e+20,0.0,0.0,784,16797,-0.0,162057.094,-114818.039,-0.0,0.133,6.909358625270745e+28,30.0,70.0,35,0.0,0.0,0.0,0.0,0.0,0.0,0.0,0.0,0.0,0.0,0.0,0.0,0.0,0.0,0.0,0.0,66.4,0,150,71,52,65476,0,300,0,0,8,20529,65476,0,0,44564,70.0,0.0,0.0,0.0,0.0,0.0
2026-09-10T21:25:15,ERR,ERR,ERR,ERR,ERR,ERR,ERR,ERR,ERR,ERR,ERR,ERR,ERR,ERR,ERR,ERR,ERR,ERR,ERR,ERR,ERR,ERR,ERR,ERR,ERR,ERR,ERR,ERR,ERR,ERR,ERR,ERR,ERR,ERR,ERR,ERR,ERR,ERR,ERR,ERR,ERR,ERR,ERR,ERR,ERR,ERR,ERR,ERR,ERR,ERR,ERR,ERR,ERR,ERR,ERR,ERR,ERR,ERR,ERR,ERR,ERR,ERR,ERR,ERR,ERR,ERR,ERR,ERR,ERR,ERR,ERR,ERR,ERR,ERR,ERR,ERR,ERR,ERR,ERR,ERR,ERR,ERR,ERR,ERR,ERR,ERR,ERR,ERR,ERR,ERR,ERR,ERR,ERR,ERR,ERR,ERR,ERR,ERR,ERR,ERR,ERR,ERR,ERR,ERR,ERR,ERR,ERR,ERR,ERR,ERR,ERR,ERR,ERR,ERR,ERR,ERR,ERR,ERR,ERR,ERR,ERR,ERR,ERR,ERR,ERR,0.0,0.0,2.6474835549302285e+23,0.0,0.0,1.3936040501711995e+18,7.805,0.0,0,0,4,0,7116,0.0,100,0.0,0.0,0.0,0.0,0.0,0,0,0,0,0.0,0,0,0,0,0,0,0,0,0,0,0,0,0,0,0,0,0,0,0,0,0,0,0,0,0,0,0,0,0,0,0,0,0,31,40,40,71,65476,0,300,0,0,8,21553,0.0,-107605600.0,0.0,0.0,0.0,0.0,0.0,0.0,0.0,0.0,0.0,0.0,0.0,0.0,0.0,0.0,0.0,0.0,0.0,0.0,0.0,0.0,-2.004,2.004,0.0,0.0,0.0,0.0,0.0,0.0,4497.0,-1.0406632763589053e+34,6943.0,0.0,0.0,2.7184256974124493e+23,-107615296.0,0.0,0.0,0.0,0.0,69,-152018521948160.0,0.0,0.0,0.0,0.0,0.0,0.0,0.0,0.0,0,0,0,0.0,0.0,0.0,0.0,0.0,0.0,0.0,0.0,0.0,0.0,0.0,0.0,0.0,0.0,0.0,0.0,0,-107875648.0,69,0.0,138,0.0,-0.0,0,39322,17086,13107,17102,52429,17081,0,0,0,70,68,100,2.7302399002429377e+23,82.3,-0.0,78.1,0.0,79.0,1,49,50,180,39322,26215,0,0,0.0,0.0,0.0,0.0,-0.0,67.0,0.0,162057.094,0.0,978,0,1007,0,0,0,952,0,1031,0,929,0,791,0,783,0,822,0,7520,0.032,1.2739782625905659e+20,0.0,0.0,784,16797,-0.0,162057.094,-114818.039,-0.0,0.133,6.909358625270745e+28,30.0,70.0,35,0.0,0.0,0.0,0.0,0.0,0.0,0.0,0.0,0.0,0.0,0.0,0.0,0.0,0.0,0.0,0.0,66.4,0,150,71,52,65476,0,300,0,0,8,20529,65476,0,0,44564,70.0,0.0,0.0,0.0,0.0,0.0
2026-09-10T21:25:16,ERR,ERR,ERR,ERR,ERR,ERR,ERR,ERR,ERR,ERR,ERR,ERR,ERR,ERR,ERR,ERR,ERR,ERR,ERR,ERR,ERR,ERR,ERR,ERR,ERR,ERR,ERR,ERR,ERR,ERR,ERR,ERR,ERR,ERR,ERR,ERR,ERR,ERR,ERR,ERR,ERR,ERR,ERR,ERR,ERR,ERR,ERR,ERR,ERR,ERR,ERR,ERR,ERR,ERR,ERR,ERR,ERR,ERR,ERR,ERR,ERR,ERR,ERR,ERR,ERR,ERR,ERR,ERR,ERR,ERR,ERR,ERR,ERR,ERR,ERR,ERR,ERR,ERR,ERR,ERR,ERR,ERR,ERR,ERR,ERR,ERR,ERR,ERR,ERR,ERR,ERR,ERR,ERR,ERR,ERR,ERR,ERR,ERR,ERR,ERR,ERR,ERR,ERR,ERR,ERR,ERR,ERR,ERR,ERR,ERR,ERR,ERR,ERR,ERR,ERR,ERR,ERR,ERR,ERR,ERR,ERR,ERR,ERR,ERR,ERR,0.0,0.0,2.6474835549302285e+23,0.0,0.0,1.3936040501711995e+18,7.805,0.0,0,0,4,0,7116,0.0,100,0.0,0.0,0.0,0.0,0.0,0,0,0,0,0.0,0,0,0,0,0,0,0,0,0,0,0,0,0,0,0,0,0,0,0,0,0,0,0,0,0,0,0,0,0,0,0,0,0,31,40,40,71,65476,0,300,0,0,8,21553,0.0,-107605600.0,0.0,0.0,0.0,0.0,0.0,0.0,0.0,0.0,0.0,0.0,0.0,0.0,0.0,0.0,0.0,0.0,0.0,0.0,0.0,0.0,-2.004,2.004,0.0,0.0,0.0,0.0,0.0,0.0,4497.0,-1.0406632763589053e+34,6943.0,0.0,0.0,2.7184256974124493e+23,-107615296.0,0.0,0.0,0.0,0.0,69,-152018521948160.0,0.0,0.0,0.0,0.0,0.0,0.0,0.0,0.0,0,0,0,0.0,0.0,0.0,0.0,0.0,0.0,0.0,0.0,0.0,0.0,0.0,0.0,0.0,0.0,0.0,0.0,0,-107875648.0,69,0.0,138,0.0,-0.0,0,39322,17086,13107,17102,52429,17081,0,0,0,70,68,100,2.7302399002429377e+23,82.3,-0.0,78.1,0.0,79.0,1,49,50,180,39322,26215,0,0,0.0,0.0,0.0,0.0,-0.0,67.0,0.0,162057.094,0.0,978,0,1007,0,0,0,953,0,1031,0,929,0,791,0,783,0,822,0,7520,0.032,1.2624490475444974e+20,0.0,0.0,784,16797,-0.0,162057.094,-114818.039,-0.0,0.133,6.909358625270745e+28,30.0,70.0,35,0.0,0.0,0.0,0.0,0.0,0.0,0.0,0.0,0.0,0.0,0.0,0.0,0.0,0.0,0.0,0.0,66.4,0,150,71,52,65476,0,300,0,0,8,20529,65476,0,0,44564,70.0,0.0,0.0,0.0,0.0,0.0
2026-09-10T21:25:17,ERR,ERR,ERR,ERR,ERR,ERR,ERR,ERR,ERR,ERR,ERR,ERR,ERR,ERR,ERR,ERR,ERR,ERR,ERR,ERR,ERR,ERR,ERR,ERR,ERR,ERR,ERR,ERR,ERR,ERR,ERR,ERR,ERR,ERR,ERR,ERR,ERR,ERR,ERR,ERR,ERR,ERR,ERR,ERR,ERR,ERR,ERR,ERR,ERR,ERR,ERR,ERR,ERR,ERR,ERR,ERR,ERR,ERR,ERR,ERR,ERR,ERR,ERR,ERR,ERR,ERR,ERR,ERR,ERR,ERR,ERR,ERR,ERR,ERR,ERR,ERR,ERR,ERR,ERR,ERR,ERR,ERR,ERR,ERR,ERR,ERR,ERR,ERR,ERR,ERR,ERR,ERR,ERR,ERR,ERR,ERR,ERR,ERR,ERR,ERR,ERR,ERR,ERR,ERR,ERR,ERR,ERR,ERR,ERR,ERR,ERR,ERR,ERR,ERR,ERR,ERR,ERR,ERR,ERR,ERR,ERR,ERR,ERR,ERR,ERR,0.0,0.0,2.6474835549302285e+23,0.0,0.0,1.3936040501711995e+18,7.805,0.0,0,0,4,0,7116,0.0,100,0.0,0.0,0.0,0.0,0.0,0,0,0,0,0.0,0,0,0,0,0,0,0,0,0,0,0,0,0,0,0,0,0,0,0,0,0,0,0,0,0,0,0,0,0,0,0,0,0,31,40,40,71,65476,0,300,0,0,8,21553,0.0,-107605600.0,0.0,0.0,0.0,0.0,0.0,0.0,0.0,0.0,0.0,0.0,0.0,0.0,0.0,0.0,0.0,0.0,0.0,0.0,0.0,0.0,-2.004,2.004,0.0,0.0,0.0,0.0,0.0,0.0,4497.0,-1.0406632763589053e+34,6943.0,0.0,0.0,2.7184256974124493e+23,-107615296.0,0.0,0.0,0.0,0.0,69,-152018521948160.0,0.0,0.0,0.0,0.0,0.0,0.0,0.0,0.0,0,0,0,0.0,0.0,0.0,0.0,0.0,0.0,0.0,0.0,0.0,0.0,0.0,0.0,0.0,0.0,0.0,0.0,0,-107875648.0,69,0.0,138,0.0,-0.0,0,39322,17086,13107,17102,52429,17081,0,0,0,70,68,100,2.7302399002429377e+23,82.3,-0.0,78.1,0.0,79.0,1,49,50,180,39322,26215,0,0,0.0,0.0,0.0,0.0,-0.0,67.0,0.0,162057.094,0.0,978,0,1007,0,0,0,953,0,1031,0,929,0,791,0,783,0,822,0,7520,0.032,1.2624490475444974e+20,0.0,0.0,784,16797,-0.0,162057.094,-114818.039,-0.0,0.133,6.909358625270745e+28,30.0,70.0,35,0.0,0.0,0.0,0.0,0.0,0.0,0.0,0.0,0.0,0.0,0.0,0.0,0.0,0.0,0.0,0.0,66.4,0,150,71,52,65476,0,300,0,0,8,20529,65476,0,0,44564,70.0,0.0,0.0,0.0,0.0,0.0
2026-09-10T21:25:18,ERR,ERR,ERR,ERR,ERR,ERR,ERR,ERR,ERR,ERR,ERR,ERR,ERR,ERR,ERR,ERR,ERR,ERR,ERR,ERR,ERR,ERR,ERR,ERR,ERR,ERR,ERR,ERR,ERR,ERR,ERR,ERR,ERR,ERR,ERR,ERR,ERR,ERR,ERR,ERR,ERR,ERR,ERR,ERR,ERR,ERR,ERR,ERR,ERR,ERR,ERR,ERR,ERR,ERR,ERR,ERR,ERR,ERR,ERR,ERR,ERR,ERR,ERR,ERR,ERR,ERR,ERR,ERR,ERR,ERR,ERR,ERR,ERR,ERR,ERR,ERR,ERR,ERR,ERR,ERR,ERR,ERR,ERR,ERR,ERR,ERR,ERR,ERR,ERR,ERR,ERR,ERR,ERR,ERR,ERR,ERR,ERR,ERR,ERR,ERR,ERR,ERR,ERR,ERR,ERR,ERR,ERR,ERR,ERR,ERR,ERR,ERR,ERR,ERR,ERR,ERR,ERR,ERR,ERR,ERR,ERR,ERR,ERR,ERR,ERR,0.0,0.0,2.6474835549302285e+23,0.0,0.0,1.3936040501711995e+18,7.805,0.0,0,0,4,0,7116,0.0,100,0.0,0.0,0.0,0.0,0.0,0,0,0,0,0.0,0,0,0,0,0,0,0,0,0,0,0,0,0,0,0,0,0,0,0,0,0,0,0,0,0,0,0,0,0,0,0,0,0,31,40,40,71,65476,0,300,0,0,8,21553,0.0,-107605600.0,0.0,0.0,0.0,0.0,0.0,0.0,0.0,0.0,0.0,0.0,0.0,0.0,0.0,0.0,0.0,0.0,0.0,0.0,0.0,0.0,-2.004,2.004,0.0,0.0,0.0,0.0,0.0,0.0,4497.0,-1.0406632763589053e+34,6943.0,0.0,0.0,2.7184256974124493e+23,-107615296.0,0.0,0.0,0.0,0.0,69,-152018521948160.0,0.0,0.0,0.0,0.0,0.0,0.0,0.0,0.0,0,0,0,0.0,0.0,0.0,0.0,0.0,0.0,0.0,0.0,0.0,0.0,0.0,0.0,0.0,0.0,0.0,0.0,0,-107875648.0,69,0.0,138,0.0,-0.0,0,39322,17086,13107,17102,52429,17081,0,0,0,70,68,100,2.7302399002429377e+23,82.3,-0.0,78.1,0.0,79.0,1,49,50,180,39322,26215,0,0,0.0,0.0,0.0,0.0,-0.0,67.0,0.0,162057.094,0.0,978,0,1007,0,0,0,953,0,1031,0,929,0,791,0,783,0,822,0,7520,0.032,1.2624490475444974e+20,0.0,0.0,784,16797,-0.0,162057.094,-114818.039,-0.0,0.133,6.909358625270745e+28,30.0,70.0,35,0.0,0.0,0.0,0.0,0.0,0.0,0.0,0.0,0.0,0.0,0.0,0.0,0.0,0.0,0.0,0.0,66.0,0,150,71,52,65476,0,300,0,0,8,20529,65476,0,0,44564,70.0,0.0,0.0,0.0,0.0,0.0
2026-09-10T21:25:19,ERR,ERR,ERR,ERR,ERR,ERR,ERR,ERR,ERR,ERR,ERR,ERR,ERR,ERR,ERR,ERR,ERR,ERR,ERR,ERR,ERR,ERR,ERR,ERR,ERR,ERR,ERR,ERR,ERR,ERR,ERR,ERR,ERR,ERR,ERR,ERR,ERR,ERR,ERR,ERR,ERR,ERR,ERR,ERR,ERR,ERR,ERR,ERR,ERR,ERR,ERR,ERR,ERR,ERR,ERR,ERR,ERR,ERR,ERR,ERR,ERR,ERR,ERR,ERR,ERR,ERR,ERR,ERR,ERR,ERR,ERR,ERR,ERR,ERR,ERR,ERR,ERR,ERR,ERR,ERR,ERR,ERR,ERR,ERR,ERR,ERR,ERR,ERR,ERR,ERR,ERR,ERR,ERR,ERR,ERR,ERR,ERR,ERR,ERR,ERR,ERR,ERR,ERR,ERR,ERR,ERR,ERR,ERR,ERR,ERR,ERR,ERR,ERR,ERR,ERR,ERR,ERR,ERR,ERR,ERR,ERR,ERR,ERR,ERR,ERR,0.0,0.0,2.6474835549302285e+23,0.0,0.0,1.3936040501711995e+18,7.805,0.0,0,0,4,0,7116,0.0,100,0.0,0.0,0.0,0.0,0.0,0,0,0,0,0.0,0,0,0,0,0,0,0,0,0,0,0,0,0,0,0,0,0,0,0,0,0,0,0,0,0,0,0,0,0,0,0,0,0,31,40,40,71,65476,0,300,0,0,8,21553,0.0,-107605600.0,0.0,0.0,0.0,0.0,0.0,0.0,0.0,0.0,0.0,0.0,0.0,0.0,0.0,0.0,0.0,0.0,0.0,0.0,0.0,0.0,-2.004,2.004,0.0,0.0,0.0,0.0,0.0,0.0,4497.0,-1.0406632763589053e+34,6943.0,0.0,0.0,2.7184256974124493e+23,-107615296.0,0.0,0.0,0.0,0.0,69,-152018521948160.0,0.0,0.0,0.0,0.0,0.0,0.0,0.0,0.0,0,0,0,0.0,0.0,0.0,0.0,0.0,0.0,0.0,0.0,0.0,0.0,0.0,0.0,0.0,0.0,0.0,0.0,0,-107875648.0,69,0.0,138,0.0,-0.0,0,39322,17086,13107,17102,52429,17081,0,0,0,70,68,100,2.7302399002429377e+23,82.3,-0.0,78.1,0.0,79.0,1,49,50,180,39322,26215,0,0,0.0,0.0,0.0,0.0,-0.0,67.0,0.0,162057.094,0.0,978,0,1007,0,0,0,953,0,1031,0,929,0,791,0,783,0,822,0,7520,0.032,1.2624490475444974e+20,0.0,0.0,784,16797,-0.0,162057.094,-114818.039,-0.0,0.133,6.909358625270745e+28,30.0,70.0,35,0.0,0.0,0.0,0.0,0.0,0.0,0.0,0.0,0.0,0.0,0.0,0.0,0.0,0.0,0.0,0.0,66.0,0,150,71,52,65476,0,300,0,0,8,20529,65476,0,0,44564,70.0,0.0,0.0,0.0,0.0,0.0
2026-09-10T21:25:20,ERR,ERR,ERR,ERR,ERR,ERR,ERR,ERR,ERR,ERR,ERR,ERR,ERR,ERR,ERR,ERR,ERR,ERR,ERR,ERR,ERR,ERR,ERR,ERR,ERR,ERR,ERR,ERR,ERR,ERR,ERR,ERR,ERR,ERR,ERR,ERR,ERR,ERR,ERR,ERR,ERR,ERR,ERR,ERR,ERR,ERR,ERR,ERR,ERR,ERR,ERR,ERR,ERR,ERR,ERR,ERR,ERR,ERR,ERR,ERR,ERR,ERR,ERR,ERR,ERR,ERR,ERR,ERR,ERR,ERR,ERR,ERR,ERR,ERR,ERR,ERR,ERR,ERR,ERR,ERR,ERR,ERR,ERR,ERR,ERR,ERR,ERR,ERR,ERR,ERR,ERR,ERR,ERR,ERR,ERR,ERR,ERR,ERR,ERR,ERR,ERR,ERR,ERR,ERR,ERR,ERR,ERR,ERR,ERR,ERR,ERR,ERR,ERR,ERR,ERR,ERR,ERR,ERR,ERR,ERR,ERR,ERR,ERR,ERR,ERR,0.0,0.0,2.6474835549302285e+23,0.0,0.0,1.3936040501711995e+18,7.805,0.0,0,0,4,0,7116,0.0,100,0.0,0.0,0.0,0.0,0.0,0,0,0,0,0.0,0,0,0,0,0,0,0,0,0,0,0,0,0,0,0,0,0,0,0,0,0,0,0,0,0,0,0,0,0,0,0,0,0,31,40,40,71,65476,0,300,0,0,8,21553,0.0,-107605600.0,0.0,0.0,0.0,0.0,0.0,0.0,0.0,0.0,0.0,0.0,0.0,0.0,0.0,0.0,0.0,0.0,0.0,0.0,0.0,0.0,-2.004,2.004,0.0,0.0,0.0,0.0,0.0,0.0,4497.0,-1.0406632763589053e+34,6943.0,0.0,0.0,2.7184256974124493e+23,-107615296.0,0.0,0.0,0.0,0.0,69,-152018521948160.0,0.0,0.0,0.0,0.0,0.0,0.0,0.0,0.0,0,0,0,0.0,0.0,0.0,0.0,0.0,0.0,0.0,0.0,0.0,0.0,0.0,0.0,0.0,0.0,0.0,0.0,0,-107875648.0,69,0.0,138,0.0,-0.0,0,39322,17086,13107,17102,52429,17081,0,0,0,70,68,100,2.7302399002429377e+23,82.3,-0.0,78.1,0.0,79.0,1,49,50,180,39322,26215,0,0,0.0,0.0,0.0,0.0,-0.0,67.0,0.0,162057.094,0.0,978,0,1007,0,0,0,953,0,1031,0,929,0,791,0,783,0,822,0,7520,0.032,1.2624490475444974e+20,0.0,0.0,784,16797,-0.0,162057.094,-114818.039,-0.0,0.133,6.909358625270745e+28,30.0,70.0,35,0.0,0.0,0.0,0.0,0.0,0.0,0.0,0.0,0.0,0.0,0.0,0.0,0.0,0.0,0.0,0.0,66.0,0,150,71,52,65476,0,300,0,0,8,20529,65476,0,0,44564,70.0,0.0,0.0,0.0,0.0,0.0
2026-09-10T21:25:21,ERR,ERR,ERR,ERR,ERR,ERR,ERR,ERR,ERR,ERR,ERR,ERR,ERR,ERR,ERR,ERR,ERR,ERR,ERR,ERR,ERR,ERR,ERR,ERR,ERR,ERR,ERR,ERR,ERR,ERR,ERR,ERR,ERR,ERR,ERR,ERR,ERR,ERR,ERR,ERR,ERR,ERR,ERR,ERR,ERR,ERR,ERR,ERR,ERR,ERR,ERR,ERR,ERR,ERR,ERR,ERR,ERR,ERR,ERR,ERR,ERR,ERR,ERR,ERR,ERR,ERR,ERR,ERR,ERR,ERR,ERR,ERR,ERR,ERR,ERR,ERR,ERR,ERR,ERR,ERR,ERR,ERR,ERR,ERR,ERR,ERR,ERR,ERR,ERR,ERR,ERR,ERR,ERR,ERR,ERR,ERR,ERR,ERR,ERR,ERR,ERR,ERR,ERR,ERR,ERR,ERR,ERR,ERR,ERR,ERR,ERR,ERR,ERR,ERR,ERR,ERR,ERR,ERR,ERR,ERR,ERR,ERR,ERR,ERR,ERR,0.0,0.0,2.6474835549302285e+23,0.0,0.0,1.3936040501711995e+18,7.805,0.0,0,0,4,0,7116,0.0,100,0.0,0.0,0.0,0.0,0.0,0,0,0,0,0.0,0,0,0,0,0,0,0,0,0,0,0,0,0,0,0,0,0,0,0,0,0,0,0,0,0,0,0,0,0,0,0,0,0,31,40,40,71,65476,0,300,0,0,8,21553,0.0,-107605600.0,0.0,0.0,0.0,0.0,0.0,0.0,0.0,0.0,0.0,0.0,0.0,0.0,0.0,0.0,0.0,0.0,0.0,0.0,0.0,0.0,-2.004,2.004,0.0,0.0,0.0,0.0,0.0,0.0,4496.0,0.0,6917.0,0.0,0.0,2.7184256974124493e+23,-107615296.0,0.0,0.0,0.0,0.0,69,-2.3088410695593833e+20,2.718413627765448e+23,0.0,0.0,0.0,0.0,0.0,0.0,0.0,0,0,0,0.0,0.0,0.0,0.0,0.0,0.0,0.0,0.0,0.0,0.0,0.0,0.0,0.0,0.0,0.0,0.0,0,-107875648.0,69,0.0,138,0.0,-0.0,0,39322,17086,13107,17102,52429,17081,0,0,0,70,68,100,2.7302399002429377e+23,82.3,-0.0,78.1,0.0,79.0,1,49,50,180,39322,26215,0,0,0.0,0.0,0.0,0.0,-0.0,67.0,0.0,162057.094,0.0,978,0,1007,0,0,0,953,0,1031,0,929,0,791,0,783,0,822,0,7520,0.032,1.2624490475444974e+20,0.0,0.0,784,16797,-0.0,162057.094,-114818.039,-0.0,0.133,6.909358625270745e+28,30.0,70.0,35,0.0,0.0,0.0,0.0,0.0,0.0,0.0,0.0,0.0,0.0,0.0,0.0,0.0,0.0,0.0,0.0,66.0,0,150,71,52,65476,0,300,0,0,8,20529,65476,0,0,44564,70.0,0.0,0.0,0.0,0.0,0.0
2026-09-10T21:25:22,ERR,ERR,ERR,ERR,ERR,ERR,ERR,ERR,ERR,ERR,ERR,ERR,ERR,ERR,ERR,ERR,ERR,ERR,ERR,ERR,ERR,ERR,ERR,ERR,ERR,ERR,ERR,ERR,ERR,ERR,ERR,ERR,ERR,ERR,ERR,ERR,ERR,ERR,ERR,ERR,ERR,ERR,ERR,ERR,ERR,ERR,ERR,ERR,ERR,ERR,ERR,ERR,ERR,ERR,ERR,ERR,ERR,ERR,ERR,ERR,ERR,ERR,ERR,ERR,ERR,ERR,ERR,ERR,ERR,ERR,ERR,ERR,ERR,ERR,ERR,ERR,ERR,ERR,ERR,ERR,ERR,ERR,ERR,ERR,ERR,ERR,ERR,ERR,ERR,ERR,ERR,ERR,ERR,ERR,ERR,ERR,ERR,ERR,ERR,ERR,ERR,ERR,ERR,ERR,ERR,ERR,ERR,ERR,ERR,ERR,ERR,ERR,ERR,ERR,ERR,ERR,ERR,ERR,ERR,ERR,ERR,ERR,ERR,ERR,ERR,0.0,0.0,2.6474835549302285e+23,0.0,0.0,1.3936040501711995e+18,7.805,0.0,0,0,4,0,7116,0.0,100,0.0,0.0,0.0,0.0,0.0,0,0,0,0,0.0,0,0,0,0,0,0,0,0,0,0,0,0,0,0,0,0,0,0,0,0,0,0,0,0,0,0,0,0,0,0,0,0,0,31,40,40,71,65476,0,300,0,0,8,21553,0.0,-107605600.0,0.0,0.0,0.0,0.0,0.0,0.0,0.0,0.0,0.0,0.0,0.0,0.0,0.0,0.0,0.0,0.0,0.0,0.0,0.0,0.0,-2.004,2.004,0.0,0.0,0.0,0.0,0.0,0.0,4496.0,0.0,6917.0,0.0,0.0,2.7184256974124493e+23,-107615296.0,0.0,0.0,0.0,0.0,69,-2.3088410695593833e+20,2.718413627765448e+23,0.0,0.0,0.0,0.0,0.0,0.0,0.0,0,0,0,0.0,0.0,0.0,0.0,0.0,0.0,0.0,0.0,0.0,0.0,0.0,0.0,0.0,0.0,0.0,0.0,0,-107875648.0,69,0.0,138,0.0,-0.0,0,26215,17086,13107,17102,52429,17081,0,0,0,70,68,100,2.7302399002429377e+23,82.3,-0.0,78.1,0.0,79.0,1,49,50,180,39322,26215,0,0,0.0,0.0,0.0,0.0,-0.0,67.0,0.0,162057.094,0.0,978,0,1007,0,0,0,952,0,1031,0,929,0,791,0,783,0,822,0,7520,0.032,1.2682136550675317e+20,0.0,0.0,784,16797,-0.0,162057.094,-114818.039,-0.0,0.133,6.909358625270745e+28,30.0,70.0,35,0.0,0.0,0.0,0.0,0.0,0.0,0.0,0.0,0.0,0.0,0.0,0.0,0.0,0.0,0.0,0.0,66.0,0,150,71,52,65476,0,300,0,0,8,20529,65476,0,0,44564,70.0,0.0,0.0,0.0,0.0,0.0
2026-09-10T21:25:23,ERR,ERR,ERR,ERR,ERR,ERR,ERR,ERR,ERR,ERR,ERR,ERR,ERR,ERR,ERR,ERR,ERR,ERR,ERR,ERR,ERR,ERR,ERR,ERR,ERR,ERR,ERR,ERR,ERR,ERR,ERR,ERR,ERR,ERR,ERR,ERR,ERR,ERR,ERR,ERR,ERR,ERR,ERR,ERR,ERR,ERR,ERR,ERR,ERR,ERR,ERR,ERR,ERR,ERR,ERR,ERR,ERR,ERR,ERR,ERR,ERR,ERR,ERR,ERR,ERR,ERR,ERR,ERR,ERR,ERR,ERR,ERR,ERR,ERR,ERR,ERR,ERR,ERR,ERR,ERR,ERR,ERR,ERR,ERR,ERR,ERR,ERR,ERR,ERR,ERR,ERR,ERR,ERR,ERR,ERR,ERR,ERR,ERR,ERR,ERR,ERR,ERR,ERR,ERR,ERR,ERR,ERR,ERR,ERR,ERR,ERR,ERR,ERR,ERR,ERR,ERR,ERR,ERR,ERR,ERR,ERR,ERR,ERR,ERR,ERR,0.0,0.0,2.6474835549302285e+23,0.0,0.0,1.3936040501711995e+18,7.805,0.0,0,0,4,0,7116,0.0,100,0.0,0.0,0.0,0.0,0.0,0,0,0,0,0.0,0,0,0,0,0,0,0,0,0,0,0,0,0,0,0,0,0,0,0,0,0,0,0,0,0,0,0,0,0,0,0,0,0,31,40,40,71,65476,0,300,0,0,8,21553,0.0,-107605600.0,0.0,0.0,0.0,0.0,0.0,0.0,0.0,0.0,0.0,0.0,0.0,0.0,0.0,0.0,0.0,0.0,0.0,0.0,0.0,0.0,-2.004,2.004,0.0,0.0,0.0,0.0,0.0,0.0,4496.0,0.0,6917.0,0.0,0.0,2.7184256974124493e+23,-107615296.0,0.0,0.0,0.0,0.0,69,-2.3088410695593833e+20,2.718413627765448e+23,0.0,0.0,0.0,0.0,0.0,0.0,0.0,0,0,0,0.0,0.0,0.0,0.0,0.0,0.0,0.0,0.0,0.0,0.0,0.0,0.0,0.0,0.0,0.0,0.0,0,-107875648.0,69,0.0,138,0.0,-0.0,0,26215,17086,13107,17102,52429,17081,0,0,0,70,68,100,2.7302399002429377e+23,82.3,-0.0,78.1,0.0,79.0,1,49,50,180,39322,26215,0,0,0.0,0.0,0.0,0.0,-0.0,67.0,0.0,162057.094,0.0,978,0,1007,0,0,0,952,0,1031,0,929,0,791,0,783,0,822,0,7520,0.032,1.2682136550675317e+20,0.0,0.0,784,16797,-0.0,162057.094,-114818.039,-0.0,0.133,6.909358625270745e+28,30.0,70.0,35,0.0,0.0,0.0,0.0,0.0,0.0,0.0,0.0,0.0,0.0,0.0,0.0,0.0,0.0,0.0,0.0,66.0,0,150,71,52,65476,0,300,0,0,8,20529,65476,0,0,44564,70.0,0.0,0.0,0.0,0.0,0.0
2026-09-10T21:25:24,ERR,ERR,ERR,ERR,ERR,ERR,ERR,ERR,ERR,ERR,ERR,ERR,ERR,ERR,ERR,ERR,ERR,ERR,ERR,ERR,ERR,ERR,ERR,ERR,ERR,ERR,ERR,ERR,ERR,ERR,ERR,ERR,ERR,ERR,ERR,ERR,ERR,ERR,ERR,ERR,ERR,ERR,ERR,ERR,ERR,ERR,ERR,ERR,ERR,ERR,ERR,ERR,ERR,ERR,ERR,ERR,ERR,ERR,ERR,ERR,ERR,ERR,ERR,ERR,ERR,ERR,ERR,ERR,ERR,ERR,ERR,ERR,ERR,ERR,ERR,ERR,ERR,ERR,ERR,ERR,ERR,ERR,ERR,ERR,ERR,ERR,ERR,ERR,ERR,ERR,ERR,ERR,ERR,ERR,ERR,ERR,ERR,ERR,ERR,ERR,ERR,ERR,ERR,ERR,ERR,ERR,ERR,ERR,ERR,ERR,ERR,ERR,ERR,ERR,ERR,ERR,ERR,ERR,ERR,ERR,ERR,ERR,ERR,ERR,ERR,0.0,0.0,2.6474835549302285e+23,0.0,0.0,1.3936040501711995e+18,7.805,0.0,0,0,4,0,7116,0.0,100,0.0,0.0,0.0,0.0,0.0,0,0,0,0,0.0,0,0,0,0,0,0,0,0,0,0,0,0,0,0,0,0,0,0,0,0,0,0,0,0,0,0,0,0,0,0,0,0,0,31,40,40,71,65476,0,300,0,0,8,21553,0.0,-107605600.0,0.0,0.0,0.0,0.0,0.0,0.0,0.0,0.0,0.0,0.0,0.0,0.0,0.0,0.0,0.0,0.0,0.0,0.0,0.0,0.0,-2.004,2.004,0.0,0.0,0.0,0.0,0.0,0.0,4496.0,0.0,6917.0,0.0,0.0,2.7184256974124493e+23,-107615296.0,0.0,0.0,0.0,0.0,69,-2.3088410695593833e+20,2.718413627765448e+23,0.0,0.0,0.0,0.0,0.0,0.0,0.0,0,0,0,0.0,0.0,0.0,0.0,0.0,0.0,0.0,0.0,0.0,0.0,0.0,0.0,0.0,0.0,0.0,0.0,0,-107875648.0,69,0.0,138,0.0,-0.0,0,26215,17086,13107,17102,52429,17081,0,0,0,70,68,100,2.7302399002429377e+23,82.3,-0.0,78.1,0.0,79.0,1,49,50,180,39322,26215,0,0,0.0,0.0,0.0,0.0,-0.0,67.0,0.0,162057.094,0.0,978,0,1007,0,0,0,952,0,1031,0,929,0,791,0,783,0,822,0,7520,0.032,1.2682136550675317e+20,0.0,0.0,784,16797,-0.0,162057.094,-114818.039,-0.0,0.133,6.909358625270745e+28,30.0,70.0,35,0.0,0.0,0.0,0.0,0.0,0.0,0.0,0.0,0.0,0.0,0.0,0.0,0.0,0.0,0.0,0.0,66.0,0,150,71,52,65476,0,300,0,0,8,20529,65476,0,0,44564,70.0,0.0,0.0,0.0,0.0,0.0
2026-09-10T21:25:25,ERR,ERR,ERR,ERR,ERR,ERR,ERR,ERR,ERR,ERR,ERR,ERR,ERR,ERR,ERR,ERR,ERR,ERR,ERR,ERR,ERR,ERR,ERR,ERR,ERR,ERR,ERR,ERR,ERR,ERR,ERR,ERR,ERR,ERR,ERR,ERR,ERR,ERR,ERR,ERR,ERR,ERR,ERR,ERR,ERR,ERR,ERR,ERR,ERR,ERR,ERR,ERR,ERR,ERR,ERR,ERR,ERR,ERR,ERR,ERR,ERR,ERR,ERR,ERR,ERR,ERR,ERR,ERR,ERR,ERR,ERR,ERR,ERR,ERR,ERR,ERR,ERR,ERR,ERR,ERR,ERR,ERR,ERR,ERR,ERR,ERR,ERR,ERR,ERR,ERR,ERR,ERR,ERR,ERR,ERR,ERR,ERR,ERR,ERR,ERR,ERR,ERR,ERR,ERR,ERR,ERR,ERR,ERR,ERR,ERR,ERR,ERR,ERR,ERR,ERR,ERR,ERR,ERR,ERR,ERR,ERR,ERR,ERR,ERR,ERR,0.0,0.0,2.6474835549302285e+23,0.0,0.0,1.3936040501711995e+18,7.805,0.0,0,0,4,0,7116,0.0,100,0.0,0.0,0.0,0.0,0.0,0,0,0,0,0.0,0,0,0,0,0,0,0,0,0,0,0,0,0,0,0,0,0,0,0,0,0,0,0,0,0,0,0,0,0,0,0,0,0,31,40,40,71,65476,0,300,0,0,8,21553,0.0,-107605600.0,0.0,0.0,0.0,0.0,0.0,0.0,0.0,0.0,0.0,0.0,0.0,0.0,0.0,0.0,0.0,0.0,0.0,0.0,0.0,0.0,-2.004,2.004,0.0,0.0,0.0,0.0,0.0,0.0,4496.0,0.0,6917.0,0.0,0.0,2.7184256974124493e+23,-107615296.0,0.0,0.0,0.0,0.0,69,-2.3088410695593833e+20,2.718413627765448e+23,0.0,0.0,0.0,0.0,0.0,0.0,0.0,0,0,0,0.0,0.0,0.0,0.0,0.0,0.0,0.0,0.0,0.0,0.0,0.0,0.0,0.0,0.0,0.0,0.0,0,-107875648.0,69,0.0,138,0.0,-0.0,0,26215,17086,13107,17102,52429,17081,0,0,0,70,68,100,2.7302399002429377e+23,82.3,-0.0,78.1,0.0,79.0,1,49,50,180,39322,26215,0,0,0.0,0.0,0.0,0.0,-0.0,67.0,0.0,162057.094,0.0,978,0,1007,0,0,0,952,0,1031,0,929,0,791,0,783,0,822,0,7520,0.032,1.2682136550675317e+20,0.0,0.0,784,16797,-0.0,162057.094,-114818.039,-0.0,0.133,6.909358625270745e+28,30.0,70.0,35,0.0,0.0,0.0,0.0,0.0,0.0,0.0,0.0,0.0,0.0,0.0,0.0,0.0,0.0,0.0,0.0,66.0,0,150,71,52,65476,0,300,0,0,8,20529,65476,0,0,44564,70.0,0.0,0.0,0.0,0.0,0.0
2026-09-10T21:25:26,ERR,ERR,ERR,ERR,ERR,ERR,ERR,ERR,ERR,ERR,ERR,ERR,ERR,ERR,ERR,ERR,ERR,ERR,ERR,ERR,ERR,ERR,ERR,ERR,ERR,ERR,ERR,ERR,ERR,ERR,ERR,ERR,ERR,ERR,ERR,ERR,ERR,ERR,ERR,ERR,ERR,ERR,ERR,ERR,ERR,ERR,ERR,ERR,ERR,ERR,ERR,ERR,ERR,ERR,ERR,ERR,ERR,ERR,ERR,ERR,ERR,ERR,ERR,ERR,ERR,ERR,ERR,ERR,ERR,ERR,ERR,ERR,ERR,ERR,ERR,ERR,ERR,ERR,ERR,ERR,ERR,ERR,ERR,ERR,ERR,ERR,ERR,ERR,ERR,ERR,ERR,ERR,ERR,ERR,ERR,ERR,ERR,ERR,ERR,ERR,ERR,ERR,ERR,ERR,ERR,ERR,ERR,ERR,ERR,ERR,ERR,ERR,ERR,ERR,ERR,ERR,ERR,ERR,ERR,ERR,ERR,ERR,ERR,ERR,ERR,0.0,0.0,2.6474835549302285e+23,0.0,0.0,1.3936040501711995e+18,7.805,0.0,0,0,4,0,7116,0.0,100,0.0,0.0,0.0,0.0,0.0,0,0,0,0,0.0,0,0,0,0,0,0,0,0,0,0,0,0,0,0,0,0,0,0,0,0,0,0,0,0,0,0,0,0,0,0,0,0,0,31,40,40,71,65476,0,300,0,0,8,21553,0.0,-107605600.0,0.0,0.0,0.0,0.0,0.0,0.0,0.0,0.0,0.0,0.0,0.0,0.0,0.0,0.0,0.0,0.0,0.0,0.0,0.0,0.0,-2.004,2.004,0.0,0.0,0.0,0.0,0.0,0.0,4496.0,0.0,6917.0,0.0,0.0,2.7184256974124493e+23,-107615296.0,0.0,0.0,0.0,0.0,69,-2.3088410695593833e+20,2.718413627765448e+23,0.0,0.0,0.0,0.0,0.0,0.0,0.0,0,0,0,0.0,0.0,0.0,0.0,0.0,0.0,0.0,0.0,0.0,0.0,0.0,0.0,0.0,0.0,0.0,0.0,0,-107875648.0,69,0.0,138,0.0,-0.0,0,26215,17086,13107,17102,52429,17081,0,0,0,70,68,100,2.7302399002429377e+23,82.3,-0.0,78.1,0.0,79.0,1,49,50,180,39322,26215,0,0,0.0,0.0,0.0,0.0,-0.0,67.0,0.0,162057.094,0.0,978,0,1007,0,0,0,952,0,1031,0,929,0,791,0,783,0,822,0,7520,0.032,1.2682136550675317e+20,0.0,0.0,784,16797,-0.0,162057.094,-114818.039,-0.0,0.133,6.909358625270745e+28,30.0,70.0,35,0.0,0.0,0.0,0.0,0.0,0.0,0.0,0.0,0.0,0.0,0.0,0.0,0.0,0.0,0.0,0.0,66.0,0,150,71,52,65476,0,300,0,0,8,20529,65476,0,0,44564,70.0,0.0,0.0,0.0,0.0,0.0
2026-09-10T21:25:27,ERR,ERR,ERR,ERR,ERR,ERR,ERR,ERR,ERR,ERR,ERR,ERR,ERR,ERR,ERR,ERR,ERR,ERR,ERR,ERR,ERR,ERR,ERR,ERR,ERR,ERR,ERR,ERR,ERR,ERR,ERR,ERR,ERR,ERR,ERR,ERR,ERR,ERR,ERR,ERR,ERR,ERR,ERR,ERR,ERR,ERR,ERR,ERR,ERR,ERR,ERR,ERR,ERR,ERR,ERR,ERR,ERR,ERR,ERR,ERR,ERR,ERR,ERR,ERR,ERR,ERR,ERR,ERR,ERR,ERR,ERR,ERR,ERR,ERR,ERR,ERR,ERR,ERR,ERR,ERR,ERR,ERR,ERR,ERR,ERR,ERR,ERR,ERR,ERR,ERR,ERR,ERR,ERR,ERR,ERR,ERR,ERR,ERR,ERR,ERR,ERR,ERR,ERR,ERR,ERR,ERR,ERR,ERR,ERR,ERR,ERR,ERR,ERR,ERR,ERR,ERR,ERR,ERR,ERR,ERR,ERR,ERR,ERR,ERR,ERR,0.0,0.0,2.6474835549302285e+23,0.0,0.0,1.3936040501711995e+18,7.805,0.0,0,0,4,0,7116,0.0,100,0.0,0.0,0.0,0.0,0.0,0,0,0,0,0.0,0,0,0,0,0,0,0,0,0,0,0,0,0,0,0,0,0,0,0,0,0,0,0,0,0,0,0,0,0,0,0,0,0,31,40,40,71,65476,0,300,0,0,8,21553,0.0,-107605600.0,0.0,0.0,0.0,0.0,0.0,0.0,0.0,0.0,0.0,0.0,0.0,0.0,0.0,0.0,0.0,0.0,0.0,0.0,0.0,0.0,-2.004,2.004,0.0,0.0,0.0,0.0,0.0,0.0,4496.0,0.0,6917.0,0.0,0.0,2.7184256974124493e+23,-107615296.0,0.0,0.0,0.0,0.0,69,-2.3088410695593833e+20,2.718413627765448e+23,0.0,0.0,0.0,0.0,0.0,0.0,0.0,0,0,0,0.0,0.0,0.0,0.0,0.0,0.0,0.0,0.0,0.0,0.0,0.0,0.0,0.0,0.0,0.0,0.0,0,-107875648.0,69,0.0,138,0.0,-0.0,0,26215,17086,13107,17102,52429,17081,0,0,0,70,68,100,2.7302399002429377e+23,82.3,-0.0,78.1,0.0,79.0,1,49,50,180,39322,26215,0,0,0.0,0.0,0.0,0.0,-0.0,67.0,0.0,162057.094,0.0,978,0,1007,0,0,0,952,0,1031,0,929,0,791,0,783,0,822,0,7520,0.032,1.2682136550675317e+20,0.0,0.0,784,16797,-0.0,162057.094,-114818.039,-0.0,0.133,6.909358625270745e+28,30.0,70.0,35,0.0,0.0,0.0,0.0,0.0,0.0,0.0,0.0,0.0,0.0,0.0,0.0,0.0,0.0,0.0,0.0,66.4,0,150,71,52,65476,0,300,0,0,8,20529,65476,0,0,44564,70.0,0.0,0.0,0.0,0.0,0.0
2026-09-10T21:25:28,ERR,ERR,ERR,ERR,ERR,ERR,ERR,ERR,ERR,ERR,ERR,ERR,ERR,ERR,ERR,ERR,ERR,ERR,ERR,ERR,ERR,ERR,ERR,ERR,ERR,ERR,ERR,ERR,ERR,ERR,ERR,ERR,ERR,ERR,ERR,ERR,ERR,ERR,ERR,ERR,ERR,ERR,ERR,ERR,ERR,ERR,ERR,ERR,ERR,ERR,ERR,ERR,ERR,ERR,ERR,ERR,ERR,ERR,ERR,ERR,ERR,ERR,ERR,ERR,ERR,ERR,ERR,ERR,ERR,ERR,ERR,ERR,ERR,ERR,ERR,ERR,ERR,ERR,ERR,ERR,ERR,ERR,ERR,ERR,ERR,ERR,ERR,ERR,ERR,ERR,ERR,ERR,ERR,ERR,ERR,ERR,ERR,ERR,ERR,ERR,ERR,ERR,ERR,ERR,ERR,ERR,ERR,ERR,ERR,ERR,ERR,ERR,ERR,ERR,ERR,ERR,ERR,ERR,ERR,ERR,ERR,ERR,ERR,ERR,ERR,0.0,0.0,2.6474835549302285e+23,0.0,0.0,1.3936040501711995e+18,7.805,0.0,0,0,4,0,7116,0.0,100,0.0,0.0,0.0,0.0,0.0,0,0,0,0,0.0,0,0,0,0,0,0,0,0,0,0,0,0,0,0,0,0,0,0,0,0,0,0,0,0,0,0,0,0,0,0,0,0,0,31,40,40,71,65476,0,300,0,0,8,21553,0.0,-107605600.0,0.0,0.0,0.0,0.0,0.0,0.0,0.0,0.0,0.0,0.0,0.0,0.0,0.0,0.0,0.0,0.0,0.0,0.0,0.0,0.0,-2.004,2.004,0.0,0.0,0.0,0.0,0.0,0.0,4496.0,0.0,6917.0,0.0,0.0,2.7184256974124493e+23,-107615296.0,0.0,0.0,0.0,0.0,69,-2.3088410695593833e+20,2.718413627765448e+23,0.0,0.0,0.0,0.0,0.0,0.0,0.0,0,0,0,0.0,0.0,0.0,0.0,0.0,0.0,0.0,0.0,0.0,0.0,0.0,0.0,0.0,0.0,0.0,0.0,0,-107875648.0,69,0.0,138,0.0,-0.0,0,39322,17086,13107,17102,52429,17081,0,0,0,70,68,100,2.7302399002429377e+23,82.3,-0.0,78.1,0.0,79.0,1,49,50,180,39322,26215,0,0,0.0,0.0,0.0,0.0,-0.0,67.0,0.0,162057.094,0.0,978,0,1007,0,0,0,953,0,1031,0,929,0,791,0,783,0,822,0,7520,0.032,1.2739782625905659e+20,0.0,0.0,784,16797,-0.0,162057.094,-114818.039,-0.0,0.133,6.909358625270745e+28,30.0,70.0,35,0.0,0.0,0.0,0.0,0.0,0.0,0.0,0.0,0.0,0.0,0.0,0.0,0.0,0.0,0.0,0.0,66.4,0,150,71,52,65476,0,300,0,0,8,20529,65476,0,0,44564,70.0,0.0,0.0,0.0,0.0,0.0
2026-09-10T21:25:29,ERR,ERR,ERR,ERR,ERR,ERR,ERR,ERR,ERR,ERR,ERR,ERR,ERR,ERR,ERR,ERR,ERR,ERR,ERR,ERR,ERR,ERR,ERR,ERR,ERR,ERR,ERR,ERR,ERR,ERR,ERR,ERR,ERR,ERR,ERR,ERR,ERR,ERR,ERR,ERR,ERR,ERR,ERR,ERR,ERR,ERR,ERR,ERR,ERR,ERR,ERR,ERR,ERR,ERR,ERR,ERR,ERR,ERR,ERR,ERR,ERR,ERR,ERR,ERR,ERR,ERR,ERR,ERR,ERR,ERR,ERR,ERR,ERR,ERR,ERR,ERR,ERR,ERR,ERR,ERR,ERR,ERR,ERR,ERR,ERR,ERR,ERR,ERR,ERR,ERR,ERR,ERR,ERR,ERR,ERR,ERR,ERR,ERR,ERR,ERR,ERR,ERR,ERR,ERR,ERR,ERR,ERR,ERR,ERR,ERR,ERR,ERR,ERR,ERR,ERR,ERR,ERR,ERR,ERR,ERR,ERR,ERR,ERR,ERR,ERR,0.0,0.0,2.6474835549302285e+23,0.0,0.0,1.3936040501711995e+18,7.805,0.0,0,0,4,0,7116,0.0,100,0.0,0.0,0.0,0.0,0.0,0,0,0,0,0.0,0,0,0,0,0,0,0,0,0,0,0,0,0,0,0,0,0,0,0,0,0,0,0,0,0,0,0,0,0,0,0,0,0,31,40,40,71,65476,0,300,0,0,8,21553,0.0,-107605600.0,0.0,0.0,0.0,0.0,0.0,0.0,0.0,0.0,0.0,0.0,0.0,0.0,0.0,0.0,0.0,0.0,0.0,0.0,0.0,0.0,-2.004,2.004,0.0,2.004,0.0,0.0,0.0,0.0,4500.0,0.0,6919.0,0.0,0.0,2.7184256974124493e+23,0.0,0.0,0.0,0.0,0.0,69,-4.950430145311814e+32,5.848047364202327e+35,0.0,0.0,0.0,0.0,0.0,0.0,0.0,0,0,0,0.0,0.0,0.0,0.0,0.0,0.0,0.0,0.0,0.0,0.0,0.0,0.0,0.0,0.0,0.0,0.0,0,-107875648.0,69,0.0,138,0.0,-0.0,0,39322,17086,13107,17102,52429,17081,0,0,0,70,68,100,2.7302399002429377e+23,82.3,-0.0,78.1,0.0,79.0,1,49,50,180,39322,26215,0,0,0.0,0.0,0.0,0.0,-0.0,67.0,0.0,162057.094,0.0,978,0,1007,0,0,0,953,0,1031,0,929,0,791,0,783,0,822,0,7520,0.032,1.2739782625905659e+20,0.0,0.0,784,16797,-0.0,162057.094,-114818.039,-0.0,0.133,6.909358625270745e+28,30.0,70.0,35,0.0,0.0,0.0,0.0,0.0,0.0,0.0,0.0,0.0,0.0,0.0,0.0,0.0,0.0,0.0,0.0,66.0,0,150,71,52,65476,0,300,0,0,8,20529,65476,0,0,44564,70.0,0.0,0.0,0.0,0.0,0.0
2026-09-10T21:25:30,ERR,ERR,ERR,ERR,ERR,ERR,ERR,ERR,ERR,ERR,ERR,ERR,ERR,ERR,ERR,ERR,ERR,ERR,ERR,ERR,ERR,ERR,ERR,ERR,ERR,ERR,ERR,ERR,ERR,ERR,ERR,ERR,ERR,ERR,ERR,ERR,ERR,ERR,ERR,ERR,ERR,ERR,ERR,ERR,ERR,ERR,ERR,ERR,ERR,ERR,ERR,ERR,ERR,ERR,ERR,ERR,ERR,ERR,ERR,ERR,ERR,ERR,ERR,ERR,ERR,ERR,ERR,ERR,ERR,ERR,ERR,ERR,ERR,ERR,ERR,ERR,ERR,ERR,ERR,ERR,ERR,ERR,ERR,ERR,ERR,ERR,ERR,ERR,ERR,ERR,ERR,ERR,ERR,ERR,ERR,ERR,ERR,ERR,ERR,ERR,ERR,ERR,ERR,ERR,ERR,ERR,ERR,ERR,ERR,ERR,ERR,ERR,ERR,ERR,ERR,ERR,ERR,ERR,ERR,ERR,ERR,ERR,ERR,ERR,ERR,0.0,0.0,2.6474835549302285e+23,0.0,0.0,1.3936040501711995e+18,7.805,0.0,0,0,4,0,7116,0.0,100,0.0,0.0,0.0,0.0,0.0,0,0,0,0,0.0,0,0,0,0,0,0,0,0,0,0,0,0,0,0,0,0,0,0,0,0,0,0,0,0,0,0,0,0,0,0,0,0,0,31,40,40,71,65476,0,300,0,0,8,21553,0.0,-107605600.0,0.0,0.0,0.0,0.0,0.0,0.0,0.0,0.0,0.0,0.0,0.0,0.0,0.0,0.0,0.0,0.0,0.0,0.0,0.0,0.0,-2.004,2.004,0.0,2.004,0.0,0.0,0.0,0.0,4500.0,0.0,6919.0,0.0,0.0,2.7184256974124493e+23,0.0,0.0,0.0,0.0,0.0,69,-4.950430145311814e+32,5.848047364202327e+35,0.0,0.0,0.0,0.0,0.0,0.0,0.0,0,0,0,0.0,0.0,0.0,0.0,0.0,0.0,0.0,0.0,0.0,0.0,0.0,0.0,0.0,0.0,0.0,0.0,0,-107875648.0,69,0.0,138,0.0,-0.0,0,39322,17086,13107,17102,52429,17081,0,0,0,70,68,100,2.7302399002429377e+23,82.3,-0.0,78.1,0.0,79.0,1,49,50,180,39322,26215,0,0,0.0,0.0,0.0,0.0,-0.0,67.0,0.0,162057.094,0.0,978,0,1007,0,0,0,953,0,1031,0,929,0,791,0,783,0,822,0,7520,0.032,1.2739782625905659e+20,0.0,0.0,784,16797,-0.0,162057.094,-114818.039,-0.0,0.133,6.909358625270745e+28,30.0,70.0,35,0.0,0.0,0.0,0.0,0.0,0.0,0.0,0.0,0.0,0.0,0.0,0.0,0.0,0.0,0.0,0.0,66.0,0,150,71,52,65476,0,300,0,0,8,20529,65476,0,0,44564,70.0,0.0,0.0,0.0,0.0,0.0
2026-09-10T21:25:31,ERR,ERR,ERR,ERR,ERR,ERR,ERR,ERR,ERR,ERR,ERR,ERR,ERR,ERR,ERR,ERR,ERR,ERR,ERR,ERR,ERR,ERR,ERR,ERR,ERR,ERR,ERR,ERR,ERR,ERR,ERR,ERR,ERR,ERR,ERR,ERR,ERR,ERR,ERR,ERR,ERR,ERR,ERR,ERR,ERR,ERR,ERR,ERR,ERR,ERR,ERR,ERR,ERR,ERR,ERR,ERR,ERR,ERR,ERR,ERR,ERR,ERR,ERR,ERR,ERR,ERR,ERR,ERR,ERR,ERR,ERR,ERR,ERR,ERR,ERR,ERR,ERR,ERR,ERR,ERR,ERR,ERR,ERR,ERR,ERR,ERR,ERR,ERR,ERR,ERR,ERR,ERR,ERR,ERR,ERR,ERR,ERR,ERR,ERR,ERR,ERR,ERR,ERR,ERR,ERR,ERR,ERR,ERR,ERR,ERR,ERR,ERR,ERR,ERR,ERR,ERR,ERR,ERR,ERR,ERR,ERR,ERR,ERR,ERR,ERR,0.0,0.0,2.6474835549302285e+23,0.0,0.0,1.3936040501711995e+18,7.805,0.0,0,0,4,0,7116,0.0,100,0.0,0.0,0.0,0.0,0.0,0,0,0,0,0.0,0,0,0,0,0,0,0,0,0,0,0,0,0,0,0,0,0,0,0,0,0,0,0,0,0,0,0,0,0,0,0,0,0,31,40,40,71,65476,0,300,0,0,8,21553,0.0,-107605600.0,0.0,0.0,0.0,0.0,0.0,0.0,0.0,0.0,0.0,0.0,0.0,0.0,0.0,0.0,0.0,0.0,0.0,0.0,0.0,0.0,-2.004,2.004,0.0,2.004,0.0,0.0,0.0,0.0,4500.0,0.0,6919.0,0.0,0.0,2.7184256974124493e+23,0.0,0.0,0.0,0.0,0.0,69,-4.950430145311814e+32,5.848047364202327e+35,0.0,0.0,0.0,0.0,0.0,0.0,0.0,0,0,0,0.0,0.0,0.0,0.0,0.0,0.0,0.0,0.0,0.0,0.0,0.0,0.0,0.0,0.0,0.0,0.0,0,-107875648.0,69,0.0,138,0.0,-0.0,0,39322,17086,13107,17102,52429,17081,0,0,0,70,68,100,2.7302399002429377e+23,82.3,-0.0,78.1,0.0,79.0,1,49,50,180,39322,26215,0,0,0.0,0.0,0.0,0.0,-0.0,67.0,0.0,162057.094,0.0,978,0,1007,0,0,0,953,0,1031,0,929,0,791,0,783,0,822,0,7520,0.032,1.2739782625905659e+20,0.0,0.0,784,16797,-0.0,162057.094,-114818.039,-0.0,0.133,6.909358625270745e+28,30.0,70.0,35,0.0,0.0,0.0,0.0,0.0,0.0,0.0,0.0,0.0,0.0,0.0,0.0,0.0,0.0,0.0,0.0,66.0,0,150,71,52,65476,0,300,0,0,8,20529,65476,0,0,44564,70.0,0.0,0.0,0.0,0.0,0.0
2026-09-10T21:25:32,ERR,ERR,ERR,ERR,ERR,ERR,ERR,ERR,ERR,ERR,ERR,ERR,ERR,ERR,ERR,ERR,ERR,ERR,ERR,ERR,ERR,ERR,ERR,ERR,ERR,ERR,ERR,ERR,ERR,ERR,ERR,ERR,ERR,ERR,ERR,ERR,ERR,ERR,ERR,ERR,ERR,ERR,ERR,ERR,ERR,ERR,ERR,ERR,ERR,ERR,ERR,ERR,ERR,ERR,ERR,ERR,ERR,ERR,ERR,ERR,ERR,ERR,ERR,ERR,ERR,ERR,ERR,ERR,ERR,ERR,ERR,ERR,ERR,ERR,ERR,ERR,ERR,ERR,ERR,ERR,ERR,ERR,ERR,ERR,ERR,ERR,ERR,ERR,ERR,ERR,ERR,ERR,ERR,ERR,ERR,ERR,ERR,ERR,ERR,ERR,ERR,ERR,ERR,ERR,ERR,ERR,ERR,ERR,ERR,ERR,ERR,ERR,ERR,ERR,ERR,ERR,ERR,ERR,ERR,ERR,ERR,ERR,ERR,ERR,ERR,0.0,0.0,2.6474835549302285e+23,0.0,0.0,1.3936040501711995e+18,7.805,0.0,0,0,4,0,7116,0.0,100,0.0,0.0,0.0,0.0,0.0,0,0,0,0,0.0,0,0,0,0,0,0,0,0,0,0,0,0,0,0,0,0,0,0,0,0,0,0,0,0,0,0,0,0,0,0,0,0,0,31,40,40,71,65476,0,300,0,0,8,21553,0.0,-107605600.0,0.0,0.0,0.0,0.0,0.0,0.0,0.0,0.0,0.0,0.0,0.0,0.0,0.0,0.0,0.0,0.0,0.0,0.0,0.0,0.0,-2.004,2.004,0.0,2.004,0.0,0.0,0.0,0.0,4500.0,0.0,6919.0,0.0,0.0,2.7184256974124493e+23,0.0,0.0,0.0,0.0,0.0,69,-4.950430145311814e+32,5.848047364202327e+35,0.0,0.0,0.0,0.0,0.0,0.0,0.0,0,0,0,0.0,0.0,0.0,0.0,0.0,0.0,0.0,0.0,0.0,0.0,0.0,0.0,0.0,0.0,0.0,0.0,0,-107875648.0,69,0.0,138,0.0,-0.0,0,39322,17086,13107,17102,52429,17081,0,0,0,70,68,100,2.7302399002429377e+23,82.3,-0.0,78.1,0.0,79.0,1,49,50,180,39322,26215,0,0,0.0,0.0,0.0,0.0,-0.0,67.0,0.0,162057.094,0.0,978,0,1007,0,0,0,953,0,1031,0,929,0,791,0,783,0,822,0,7520,0.032,1.2739782625905659e+20,0.0,0.0,784,16797,-0.0,162057.094,-114818.039,-0.0,0.133,6.909358625270745e+28,30.0,70.0,35,0.0,0.0,0.0,0.0,0.0,0.0,0.0,0.0,0.0,0.0,0.0,0.0,0.0,0.0,0.0,0.0,66.4,0,150,71,52,65476,0,300,0,0,8,20529,65476,0,0,44564,70.0,0.0,0.0,0.0,0.0,0.0
2026-09-10T21:25:33,ERR,ERR,ERR,ERR,ERR,ERR,ERR,ERR,ERR,ERR,ERR,ERR,ERR,ERR,ERR,ERR,ERR,ERR,ERR,ERR,ERR,ERR,ERR,ERR,ERR,ERR,ERR,ERR,ERR,ERR,ERR,ERR,ERR,ERR,ERR,ERR,ERR,ERR,ERR,ERR,ERR,ERR,ERR,ERR,ERR,ERR,ERR,ERR,ERR,ERR,ERR,ERR,ERR,ERR,ERR,ERR,ERR,ERR,ERR,ERR,ERR,ERR,ERR,ERR,ERR,ERR,ERR,ERR,ERR,ERR,ERR,ERR,ERR,ERR,ERR,ERR,ERR,ERR,ERR,ERR,ERR,ERR,ERR,ERR,ERR,ERR,ERR,ERR,ERR,ERR,ERR,ERR,ERR,ERR,ERR,ERR,ERR,ERR,ERR,ERR,ERR,ERR,ERR,ERR,ERR,ERR,ERR,ERR,ERR,ERR,ERR,ERR,ERR,ERR,ERR,ERR,ERR,ERR,ERR,ERR,ERR,ERR,ERR,ERR,ERR,0.0,0.0,2.6474835549302285e+23,0.0,0.0,1.3936040501711995e+18,7.805,0.0,0,0,4,0,7116,0.0,100,0.0,0.0,0.0,0.0,0.0,0,0,0,0,0.0,0,0,0,0,0,0,0,0,0,0,0,0,0,0,0,0,0,0,0,0,0,0,0,0,0,0,0,0,0,0,0,0,0,31,40,40,71,65476,0,300,0,0,8,21553,0.0,-107605600.0,0.0,0.0,0.0,0.0,0.0,0.0,0.0,0.0,0.0,0.0,0.0,0.0,0.0,0.0,0.0,0.0,0.0,0.0,0.0,0.0,-2.004,2.004,0.0,2.004,0.0,0.0,0.0,0.0,4500.0,0.0,6919.0,0.0,0.0,2.7184256974124493e+23,0.0,0.0,0.0,0.0,0.0,69,-4.950430145311814e+32,5.848047364202327e+35,0.0,0.0,0.0,0.0,0.0,0.0,0.0,0,0,0,0.0,0.0,0.0,0.0,0.0,0.0,0.0,0.0,0.0,0.0,0.0,0.0,0.0,0.0,0.0,0.0,0,-107875648.0,69,0.0,138,0.0,-0.0,0,39322,17086,13107,17102,52429,17081,0,0,0,70,68,100,2.7302399002429377e+23,82.3,-0.0,78.1,0.0,79.0,1,49,50,180,39322,26215,0,0,0.0,0.0,0.0,0.0,-0.0,67.0,0.0,162057.094,0.0,978,0,1007,0,0,0,953,0,1031,0,929,0,791,0,783,0,822,0,7520,0.032,1.2739782625905659e+20,0.0,0.0,784,16797,-0.0,162057.094,-114818.039,-0.0,0.133,6.909358625270745e+28,30.0,70.0,35,0.0,0.0,0.0,0.0,0.0,0.0,0.0,0.0,0.0,0.0,0.0,0.0,0.0,0.0,0.0,0.0,66.4,0,150,71,52,65476,0,300,0,0,8,20529,65476,0,0,44564,70.0,0.0,0.0,0.0,0.0,0.0
2026-09-10T21:25:34,ERR,ERR,ERR,ERR,ERR,ERR,ERR,ERR,ERR,ERR,ERR,ERR,ERR,ERR,ERR,ERR,ERR,ERR,ERR,ERR,ERR,ERR,ERR,ERR,ERR,ERR,ERR,ERR,ERR,ERR,ERR,ERR,ERR,ERR,ERR,ERR,ERR,ERR,ERR,ERR,ERR,ERR,ERR,ERR,ERR,ERR,ERR,ERR,ERR,ERR,ERR,ERR,ERR,ERR,ERR,ERR,ERR,ERR,ERR,ERR,ERR,ERR,ERR,ERR,ERR,ERR,ERR,ERR,ERR,ERR,ERR,ERR,ERR,ERR,ERR,ERR,ERR,ERR,ERR,ERR,ERR,ERR,ERR,ERR,ERR,ERR,ERR,ERR,ERR,ERR,ERR,ERR,ERR,ERR,ERR,ERR,ERR,ERR,ERR,ERR,ERR,ERR,ERR,ERR,ERR,ERR,ERR,ERR,ERR,ERR,ERR,ERR,ERR,ERR,ERR,ERR,ERR,ERR,ERR,ERR,ERR,ERR,ERR,ERR,ERR,0.0,0.0,2.6474835549302285e+23,0.0,0.0,1.3936040501711995e+18,7.805,0.0,0,0,4,0,7116,0.0,100,0.0,0.0,0.0,0.0,0.0,0,0,0,0,0.0,0,0,0,0,0,0,0,0,0,0,0,0,0,0,0,0,0,0,0,0,0,0,0,0,0,0,0,0,0,0,0,0,0,31,40,40,71,65476,0,300,0,0,8,21553,0.0,-107605600.0,0.0,0.0,0.0,0.0,0.0,0.0,0.0,0.0,0.0,0.0,0.0,0.0,0.0,0.0,0.0,0.0,0.0,0.0,0.0,0.0,-2.004,2.004,0.0,2.004,0.0,0.0,0.0,0.0,4500.0,0.0,6919.0,0.0,0.0,2.7184256974124493e+23,0.0,0.0,0.0,0.0,0.0,69,-4.950430145311814e+32,5.848047364202327e+35,0.0,0.0,0.0,0.0,0.0,0.0,0.0,0,0,0,0.0,0.0,0.0,0.0,0.0,0.0,0.0,0.0,0.0,0.0,0.0,0.0,0.0,0.0,0.0,0.0,0,-107875648.0,69,0.0,138,0.0,-0.0,0,26215,17086,13107,17102,52429,17081,0,0,0,70,68,100,2.7302399002429377e+23,82.3,-0.0,78.1,0.0,79.0,1,49,50,180,39322,26215,0,0,0.0,0.0,0.0,0.0,-0.0,67.0,0.0,162057.094,0.0,978,0,1007,0,0,0,953,0,1031,0,929,0,791,0,783,0,822,0,7520,0.032,1.2739782625905659e+20,0.0,0.0,784,16797,-0.0,162057.094,-114818.039,-0.0,0.133,6.909358625270745e+28,30.0,70.0,35,0.0,0.0,0.0,0.0,0.0,0.0,0.0,0.0,0.0,0.0,0.0,0.0,0.0,0.0,0.0,0.0,66.4,0,150,71,52,65476,0,300,0,0,8,20529,65476,0,0,44564,70.0,0.0,0.0,0.0,0.0,0.0
2026-09-10T21:25:35,ERR,ERR,ERR,ERR,ERR,ERR,ERR,ERR,ERR,ERR,ERR,ERR,ERR,ERR,ERR,ERR,ERR,ERR,ERR,ERR,ERR,ERR,ERR,ERR,ERR,ERR,ERR,ERR,ERR,ERR,ERR,ERR,ERR,ERR,ERR,ERR,ERR,ERR,ERR,ERR,ERR,ERR,ERR,ERR,ERR,ERR,ERR,ERR,ERR,ERR,ERR,ERR,ERR,ERR,ERR,ERR,ERR,ERR,ERR,ERR,ERR,ERR,ERR,ERR,ERR,ERR,ERR,ERR,ERR,ERR,ERR,ERR,ERR,ERR,ERR,ERR,ERR,ERR,ERR,ERR,ERR,ERR,ERR,ERR,ERR,ERR,ERR,ERR,ERR,ERR,ERR,ERR,ERR,ERR,ERR,ERR,ERR,ERR,ERR,ERR,ERR,ERR,ERR,ERR,ERR,ERR,ERR,ERR,ERR,ERR,ERR,ERR,ERR,ERR,ERR,ERR,ERR,ERR,ERR,ERR,ERR,ERR,ERR,ERR,ERR,0.0,0.0,2.6474835549302285e+23,0.0,0.0,1.3936040501711995e+18,7.805,0.0,0,0,4,0,7116,0.0,100,0.0,0.0,0.0,0.0,0.0,0,0,0,0,0.0,0,0,0,0,0,0,0,0,0,0,0,0,0,0,0,0,0,0,0,0,0,0,0,0,0,0,0,0,0,0,0,0,0,31,40,40,71,65476,0,300,0,0,8,21553,0.0,-107605600.0,0.0,0.0,0.0,0.0,0.0,0.0,0.0,0.0,0.0,0.0,0.0,0.0,0.0,0.0,0.0,0.0,0.0,0.0,0.0,0.0,-2.004,2.004,0.0,2.004,0.0,0.0,0.0,0.0,4500.0,0.0,6919.0,0.0,0.0,2.7184256974124493e+23,0.0,0.0,0.0,0.0,0.0,69,-4.950430145311814e+32,5.848047364202327e+35,0.0,0.0,0.0,0.0,0.0,0.0,0.0,0,0,0,0.0,0.0,0.0,0.0,0.0,0.0,0.0,0.0,0.0,0.0,0.0,0.0,0.0,0.0,0.0,0.0,0,-107875648.0,69,0.0,138,0.0,-0.0,0,26215,17086,13107,17102,52429,17081,0,0,0,70,68,100,2.7302399002429377e+23,82.3,-0.0,78.1,0.0,79.0,1,49,50,180,39322,26215,0,0,0.0,0.0,0.0,0.0,-0.0,67.0,0.0,162057.094,0.0,978,0,1007,0,0,0,953,0,1031,0,929,0,791,0,783,0,822,0,7520,0.032,1.2739782625905659e+20,0.0,0.0,784,16797,-0.0,162057.094,-114818.039,-0.0,0.133,6.909358625270745e+28,30.0,70.0,35,0.0,0.0,0.0,0.0,0.0,0.0,0.0,0.0,0.0,0.0,0.0,0.0,0.0,0.0,0.0,0.0,66.4,0,150,71,52,65476,0,300,0,0,8,20529,65476,0,0,44564,70.0,0.0,0.0,0.0,0.0,0.0
2026-09-10T21:25:36,ERR,ERR,ERR,ERR,ERR,ERR,ERR,ERR,ERR,ERR,ERR,ERR,ERR,ERR,ERR,ERR,ERR,ERR,ERR,ERR,ERR,ERR,ERR,ERR,ERR,ERR,ERR,ERR,ERR,ERR,ERR,ERR,ERR,ERR,ERR,ERR,ERR,ERR,ERR,ERR,ERR,ERR,ERR,ERR,ERR,ERR,ERR,ERR,ERR,ERR,ERR,ERR,ERR,ERR,ERR,ERR,ERR,ERR,ERR,ERR,ERR,ERR,ERR,ERR,ERR,ERR,ERR,ERR,ERR,ERR,ERR,ERR,ERR,ERR,ERR,ERR,ERR,ERR,ERR,ERR,ERR,ERR,ERR,ERR,ERR,ERR,ERR,ERR,ERR,ERR,ERR,ERR,ERR,ERR,ERR,ERR,ERR,ERR,ERR,ERR,ERR,ERR,ERR,ERR,ERR,ERR,ERR,ERR,ERR,ERR,ERR,ERR,ERR,ERR,ERR,ERR,ERR,ERR,ERR,ERR,ERR,ERR,ERR,ERR,ERR,0.0,0.0,2.6474835549302285e+23,0.0,0.0,1.3936040501711995e+18,7.805,0.0,0,0,4,0,7116,0.0,100,0.0,0.0,0.0,0.0,0.0,0,0,0,0,0.0,0,0,0,0,0,0,0,0,0,0,0,0,0,0,0,0,0,0,0,0,0,0,0,0,0,0,0,0,0,0,0,0,0,31,40,40,71,65476,0,300,0,0,8,21553,0.0,-107605600.0,0.0,0.0,0.0,0.0,0.0,0.0,0.0,0.0,0.0,0.0,0.0,0.0,0.0,0.0,0.0,0.0,0.0,0.0,0.0,0.0,-2.004,2.004,0.0,2.004,0.0,0.0,0.0,0.0,4500.0,0.0,6919.0,0.0,0.0,2.7184256974124493e+23,0.0,0.0,0.0,0.0,0.0,69,-4.950430145311814e+32,5.848047364202327e+35,0.0,0.0,0.0,0.0,0.0,0.0,0.0,0,0,0,0.0,0.0,0.0,0.0,0.0,0.0,0.0,0.0,0.0,0.0,0.0,0.0,0.0,0.0,0.0,0.0,0,-107875648.0,69,0.0,138,0.0,-0.0,0,26215,17086,13107,17102,52429,17081,0,0,0,70,68,100,2.7302399002429377e+23,82.3,-0.0,78.1,0.0,79.0,1,49,50,180,39322,26215,0,0,0.0,0.0,0.0,0.0,-0.0,67.0,0.0,162057.094,0.0,978,0,1007,0,0,0,953,0,1031,0,929,0,791,0,783,0,822,0,7520,0.032,1.2739782625905659e+20,0.0,0.0,784,16797,-0.0,162057.094,-114818.039,-0.0,0.133,6.909358625270745e+28,30.0,70.0,35,0.0,0.0,0.0,0.0,0.0,0.0,0.0,0.0,0.0,0.0,0.0,0.0,0.0,0.0,0.0,0.0,66.4,0,150,71,52,65476,0,300,0,0,8,20529,65476,0,0,44564,70.0,0.0,0.0,0.0,0.0,0.0
2026-09-10T21:25:37,ERR,ERR,ERR,ERR,ERR,ERR,ERR,ERR,ERR,ERR,ERR,ERR,ERR,ERR,ERR,ERR,ERR,ERR,ERR,ERR,ERR,ERR,ERR,ERR,ERR,ERR,ERR,ERR,ERR,ERR,ERR,ERR,ERR,ERR,ERR,ERR,ERR,ERR,ERR,ERR,ERR,ERR,ERR,ERR,ERR,ERR,ERR,ERR,ERR,ERR,ERR,ERR,ERR,ERR,ERR,ERR,ERR,ERR,ERR,ERR,ERR,ERR,ERR,ERR,ERR,ERR,ERR,ERR,ERR,ERR,ERR,ERR,ERR,ERR,ERR,ERR,ERR,ERR,ERR,ERR,ERR,ERR,ERR,ERR,ERR,ERR,ERR,ERR,ERR,ERR,ERR,ERR,ERR,ERR,ERR,ERR,ERR,ERR,ERR,ERR,ERR,ERR,ERR,ERR,ERR,ERR,ERR,ERR,ERR,ERR,ERR,ERR,ERR,ERR,ERR,ERR,ERR,ERR,ERR,ERR,ERR,ERR,ERR,ERR,ERR,0.0,0.0,2.6474835549302285e+23,0.0,0.0,1.3936040501711995e+18,7.805,0.0,0,0,4,0,7116,0.0,100,0.0,0.0,0.0,0.0,0.0,0,0,0,0,0.0,0,0,0,0,0,0,0,0,0,0,0,0,0,0,0,0,0,0,0,0,0,0,0,0,0,0,0,0,0,0,0,0,0,31,40,40,71,65476,0,300,0,0,8,21553,0.0,-107605600.0,0.0,0.0,0.0,0.0,0.0,0.0,0.0,0.0,0.0,0.0,0.0,0.0,0.0,0.0,0.0,0.0,0.0,0.0,0.0,0.0,-2.004,2.004,0.0,2.004,0.0,0.0,0.0,0.0,4494.0,0.0,6918.0,0.0,0.0,2.7184256974124493e+23,0.0,0.0,0.0,0.0,0.0,69,-2.3088410695593833e+20,126840365056.0,0.0,0.0,0.0,0.0,0.0,0.0,0.0,0,0,0,0.0,0.0,0.0,0.0,0.0,0.0,0.0,0.0,0.0,0.0,0.0,0.0,0.0,0.0,0.0,0.0,0,-107875648.0,69,0.0,138,0.0,-0.0,0,26215,17086,13107,17102,52429,17081,0,0,0,70,68,100,2.7302399002429377e+23,82.3,-0.0,78.1,0.0,79.0,1,49,50,180,39322,26215,0,0,0.0,0.0,0.0,0.0,-0.0,67.0,0.0,162057.094,0.0,978,0,1007,0,0,0,953,0,1031,0,929,0,791,0,783,0,822,0,7520,0.032,1.2739782625905659e+20,0.0,0.0,784,16797,-0.0,162057.094,-114818.039,-0.0,0.133,6.909358625270745e+28,30.0,70.0,35,0.0,0.0,0.0,0.0,0.0,0.0,0.0,0.0,0.0,0.0,0.0,0.0,0.0,0.0,0.0,0.0,66.4,0,150,71,52,65476,0,300,0,0,8,20529,65476,0,0,44564,70.0,0.0,0.0,0.0,0.0,0.0
2026-09-10T21:25:38,ERR,ERR,ERR,ERR,ERR,ERR,ERR,ERR,ERR,ERR,ERR,ERR,ERR,ERR,ERR,ERR,ERR,ERR,ERR,ERR,ERR,ERR,ERR,ERR,ERR,ERR,ERR,ERR,ERR,ERR,ERR,ERR,ERR,ERR,ERR,ERR,ERR,ERR,ERR,ERR,ERR,ERR,ERR,ERR,ERR,ERR,ERR,ERR,ERR,ERR,ERR,ERR,ERR,ERR,ERR,ERR,ERR,ERR,ERR,ERR,ERR,ERR,ERR,ERR,ERR,ERR,ERR,ERR,ERR,ERR,ERR,ERR,ERR,ERR,ERR,ERR,ERR,ERR,ERR,ERR,ERR,ERR,ERR,ERR,ERR,ERR,ERR,ERR,ERR,ERR,ERR,ERR,ERR,ERR,ERR,ERR,ERR,ERR,ERR,ERR,ERR,ERR,ERR,ERR,ERR,ERR,ERR,ERR,ERR,ERR,ERR,ERR,ERR,ERR,ERR,ERR,ERR,ERR,ERR,ERR,ERR,ERR,ERR,ERR,ERR,0.0,0.0,2.6474835549302285e+23,0.0,0.0,1.3936040501711995e+18,7.805,0.0,0,0,4,0,7116,0.0,100,0.0,0.0,0.0,0.0,0.0,0,0,0,0,0.0,0,0,0,0,0,0,0,0,0,0,0,0,0,0,0,0,0,0,0,0,0,0,0,0,0,0,0,0,0,0,0,0,0,31,40,40,71,65476,0,300,0,0,8,21553,0.0,-107605600.0,0.0,0.0,0.0,0.0,0.0,0.0,0.0,0.0,0.0,0.0,0.0,0.0,0.0,0.0,0.0,0.0,0.0,0.0,0.0,0.0,-2.004,2.004,0.0,2.004,0.0,0.0,0.0,0.0,4494.0,0.0,6918.0,0.0,0.0,2.7184256974124493e+23,0.0,0.0,0.0,0.0,0.0,69,-2.3088410695593833e+20,126840365056.0,0.0,0.0,0.0,0.0,0.0,0.0,0.0,0,0,0,0.0,0.0,0.0,0.0,0.0,0.0,0.0,0.0,0.0,0.0,0.0,0.0,0.0,0.0,0.0,0.0,0,-107875648.0,69,0.0,138,0.0,-0.0,0,26215,17086,13107,17102,52429,17081,0,0,0,70,68,100,2.7302399002429377e+23,82.3,-0.0,78.1,0.0,79.0,1,49,50,180,39322,26215,0,0,0.0,0.0,0.0,0.0,-0.0,67.0,0.0,162057.094,0.0,978,0,1007,0,0,0,953,0,1031,0,929,0,791,0,783,0,822,0,7520,0.032,1.2739782625905659e+20,0.0,0.0,784,16797,-0.0,162057.094,-114818.039,-0.0,0.133,6.909358625270745e+28,30.0,70.0,35,0.0,0.0,0.0,0.0,0.0,0.0,0.0,0.0,0.0,0.0,0.0,0.0,0.0,0.0,0.0,0.0,66.4,0,150,71,52,65476,0,300,0,0,8,20529,65476,0,0,44564,70.0,0.0,0.0,0.0,0.0,0.0
2026-09-10T21:25:39,ERR,ERR,ERR,ERR,ERR,ERR,ERR,ERR,ERR,ERR,ERR,ERR,ERR,ERR,ERR,ERR,ERR,ERR,ERR,ERR,ERR,ERR,ERR,ERR,ERR,ERR,ERR,ERR,ERR,ERR,ERR,ERR,ERR,ERR,ERR,ERR,ERR,ERR,ERR,ERR,ERR,ERR,ERR,ERR,ERR,ERR,ERR,ERR,ERR,ERR,ERR,ERR,ERR,ERR,ERR,ERR,ERR,ERR,ERR,ERR,ERR,ERR,ERR,ERR,ERR,ERR,ERR,ERR,ERR,ERR,ERR,ERR,ERR,ERR,ERR,ERR,ERR,ERR,ERR,ERR,ERR,ERR,ERR,ERR,ERR,ERR,ERR,ERR,ERR,ERR,ERR,ERR,ERR,ERR,ERR,ERR,ERR,ERR,ERR,ERR,ERR,ERR,ERR,ERR,ERR,ERR,ERR,ERR,ERR,ERR,ERR,ERR,ERR,ERR,ERR,ERR,ERR,ERR,ERR,ERR,ERR,ERR,ERR,ERR,ERR,0.0,0.0,2.6474835549302285e+23,0.0,0.0,1.3936040501711995e+18,7.805,0.0,0,0,4,0,7116,0.0,100,0.0,0.0,0.0,0.0,0.0,0,0,0,0,0.0,0,0,0,0,0,0,0,0,0,0,0,0,0,0,0,0,0,0,0,0,0,0,0,0,0,0,0,0,0,0,0,0,0,31,40,40,71,65476,0,300,0,0,8,21553,0.0,-107605600.0,0.0,0.0,0.0,0.0,0.0,0.0,0.0,0.0,0.0,0.0,0.0,0.0,0.0,0.0,0.0,0.0,0.0,0.0,0.0,0.0,-2.004,2.004,0.0,2.004,0.0,0.0,0.0,0.0,4494.0,0.0,6918.0,0.0,0.0,2.7184256974124493e+23,0.0,0.0,0.0,0.0,0.0,69,-2.3088410695593833e+20,126840365056.0,0.0,0.0,0.0,0.0,0.0,0.0,0.0,0,0,0,0.0,0.0,0.0,0.0,0.0,0.0,0.0,0.0,0.0,0.0,0.0,0.0,0.0,0.0,0.0,0.0,0,-107875648.0,69,0.0,138,0.0,-0.0,0,26215,17086,13107,17102,52429,17081,0,0,0,70,68,100,2.7302399002429377e+23,82.3,-0.0,78.1,0.0,79.0,1,49,50,180,39322,26215,0,0,0.0,0.0,0.0,0.0,-0.0,67.0,0.0,162057.094,0.0,978,0,1007,0,0,0,953,0,1031,0,929,0,791,0,783,0,822,0,7520,0.032,1.2739782625905659e+20,0.0,0.0,784,16797,-0.0,162057.094,-114818.039,-0.0,0.133,6.909358625270745e+28,30.0,70.0,35,0.0,0.0,0.0,0.0,0.0,0.0,0.0,0.0,0.0,0.0,0.0,0.0,0.0,0.0,0.0,0.0,66.4,0,150,71,52,65476,0,300,0,0,8,20529,65476,0,0,44564,70.0,0.0,0.0,0.0,0.0,0.0
2026-09-10T21:25:40,ERR,ERR,ERR,ERR,ERR,ERR,ERR,ERR,ERR,ERR,ERR,ERR,ERR,ERR,ERR,ERR,ERR,ERR,ERR,ERR,ERR,ERR,ERR,ERR,ERR,ERR,ERR,ERR,ERR,ERR,ERR,ERR,ERR,ERR,ERR,ERR,ERR,ERR,ERR,ERR,ERR,ERR,ERR,ERR,ERR,ERR,ERR,ERR,ERR,ERR,ERR,ERR,ERR,ERR,ERR,ERR,ERR,ERR,ERR,ERR,ERR,ERR,ERR,ERR,ERR,ERR,ERR,ERR,ERR,ERR,ERR,ERR,ERR,ERR,ERR,ERR,ERR,ERR,ERR,ERR,ERR,ERR,ERR,ERR,ERR,ERR,ERR,ERR,ERR,ERR,ERR,ERR,ERR,ERR,ERR,ERR,ERR,ERR,ERR,ERR,ERR,ERR,ERR,ERR,ERR,ERR,ERR,ERR,ERR,ERR,ERR,ERR,ERR,ERR,ERR,ERR,ERR,ERR,ERR,ERR,ERR,ERR,ERR,ERR,ERR,0.0,0.0,2.6474835549302285e+23,0.0,0.0,1.3936040501711995e+18,7.805,0.0,0,0,4,0,7116,0.0,100,0.0,0.0,0.0,0.0,0.0,0,0,0,0,0.0,0,0,0,0,0,0,0,0,0,0,0,0,0,0,0,0,0,0,0,0,0,0,0,0,0,0,0,0,0,0,0,0,0,31,40,40,71,65476,0,300,0,0,8,21553,0.0,-107605600.0,0.0,0.0,0.0,0.0,0.0,0.0,0.0,0.0,0.0,0.0,0.0,0.0,0.0,0.0,0.0,0.0,0.0,0.0,0.0,0.0,-2.004,2.004,0.0,2.004,0.0,0.0,0.0,0.0,4494.0,0.0,6918.0,0.0,0.0,2.7184256974124493e+23,0.0,0.0,0.0,0.0,0.0,69,-2.3088410695593833e+20,126840365056.0,0.0,0.0,0.0,0.0,0.0,0.0,0.0,0,0,0,0.0,0.0,0.0,0.0,0.0,0.0,0.0,0.0,0.0,0.0,0.0,0.0,0.0,0.0,0.0,0.0,0,-107875648.0,69,0.0,138,0.0,-0.0,0,26215,17086,13107,17102,52429,17081,0,0,0,70,68,100,2.7302399002429377e+23,82.3,-0.0,78.1,0.0,79.0,1,49,50,180,39322,26215,0,0,0.0,0.0,0.0,0.0,-0.0,67.0,0.0,162057.094,0.0,978,0,1007,0,0,0,952,0,1031,0,929,0,791,0,783,0,822,0,7520,0.032,1.2682136550675317e+20,0.0,0.0,784,16797,-0.0,162057.094,-114818.039,-0.0,0.133,6.909358625270745e+28,30.0,70.0,35,0.0,0.0,0.0,0.0,0.0,0.0,0.0,0.0,0.0,0.0,0.0,0.0,0.0,0.0,0.0,0.0,66.4,0,150,71,52,65476,0,300,0,0,8,20529,65476,0,0,44564,70.0,0.0,0.0,0.0,0.0,0.0
2026-09-10T21:25:41,ERR,ERR,ERR,ERR,ERR,ERR,ERR,ERR,ERR,ERR,ERR,ERR,ERR,ERR,ERR,ERR,ERR,ERR,ERR,ERR,ERR,ERR,ERR,ERR,ERR,ERR,ERR,ERR,ERR,ERR,ERR,ERR,ERR,ERR,ERR,ERR,ERR,ERR,ERR,ERR,ERR,ERR,ERR,ERR,ERR,ERR,ERR,ERR,ERR,ERR,ERR,ERR,ERR,ERR,ERR,ERR,ERR,ERR,ERR,ERR,ERR,ERR,ERR,ERR,ERR,ERR,ERR,ERR,ERR,ERR,ERR,ERR,ERR,ERR,ERR,ERR,ERR,ERR,ERR,ERR,ERR,ERR,ERR,ERR,ERR,ERR,ERR,ERR,ERR,ERR,ERR,ERR,ERR,ERR,ERR,ERR,ERR,ERR,ERR,ERR,ERR,ERR,ERR,ERR,ERR,ERR,ERR,ERR,ERR,ERR,ERR,ERR,ERR,ERR,ERR,ERR,ERR,ERR,ERR,ERR,ERR,ERR,ERR,ERR,ERR,0.0,0.0,2.6474835549302285e+23,0.0,0.0,1.3936040501711995e+18,7.805,0.0,0,0,4,0,7116,0.0,100,0.0,0.0,0.0,0.0,0.0,0,0,0,0,0.0,0,0,0,0,0,0,0,0,0,0,0,0,0,0,0,0,0,0,0,0,0,0,0,0,0,0,0,0,0,0,0,0,0,31,40,40,71,65476,0,300,0,0,8,21553,0.0,-107605600.0,0.0,0.0,0.0,0.0,0.0,0.0,0.0,0.0,0.0,0.0,0.0,0.0,0.0,0.0,0.0,0.0,0.0,0.0,0.0,0.0,-2.004,2.004,0.0,2.004,0.0,0.0,0.0,0.0,4494.0,0.0,6918.0,0.0,0.0,2.7184256974124493e+23,0.0,0.0,0.0,0.0,0.0,69,-2.3088410695593833e+20,126840365056.0,0.0,0.0,0.0,0.0,0.0,0.0,0.0,0,0,0,0.0,0.0,0.0,0.0,0.0,0.0,0.0,0.0,0.0,0.0,0.0,0.0,0.0,0.0,0.0,0.0,0,-107875648.0,69,0.0,138,0.0,-0.0,0,26215,17086,13107,17102,52429,17081,0,0,0,70,68,100,2.7302399002429377e+23,82.3,-0.0,78.1,0.0,79.0,1,49,50,180,39322,26215,0,0,0.0,0.0,0.0,0.0,-0.0,67.0,0.0,162057.094,0.0,978,0,1007,0,0,0,952,0,1031,0,929,0,791,0,783,0,822,0,7520,0.032,1.2682136550675317e+20,0.0,0.0,784,16797,-0.0,162057.094,-114818.039,-0.0,0.133,6.909358625270745e+28,30.0,70.0,35,0.0,0.0,0.0,0.0,0.0,0.0,0.0,0.0,0.0,0.0,0.0,0.0,0.0,0.0,0.0,0.0,66.4,0,150,71,52,65476,0,300,0,0,8,20529,65476,0,0,44564,70.0,0.0,0.0,0.0,0.0,0.0
2026-09-10T21:25:42,ERR,ERR,ERR,ERR,ERR,ERR,ERR,ERR,ERR,ERR,ERR,ERR,ERR,ERR,ERR,ERR,ERR,ERR,ERR,ERR,ERR,ERR,ERR,ERR,ERR,ERR,ERR,ERR,ERR,ERR,ERR,ERR,ERR,ERR,ERR,ERR,ERR,ERR,ERR,ERR,ERR,ERR,ERR,ERR,ERR,ERR,ERR,ERR,ERR,ERR,ERR,ERR,ERR,ERR,ERR,ERR,ERR,ERR,ERR,ERR,ERR,ERR,ERR,ERR,ERR,ERR,ERR,ERR,ERR,ERR,ERR,ERR,ERR,ERR,ERR,ERR,ERR,ERR,ERR,ERR,ERR,ERR,ERR,ERR,ERR,ERR,ERR,ERR,ERR,ERR,ERR,ERR,ERR,ERR,ERR,ERR,ERR,ERR,ERR,ERR,ERR,ERR,ERR,ERR,ERR,ERR,ERR,ERR,ERR,ERR,ERR,ERR,ERR,ERR,ERR,ERR,ERR,ERR,ERR,ERR,ERR,ERR,ERR,ERR,ERR,0.0,0.0,2.6474835549302285e+23,0.0,0.0,1.3936040501711995e+18,7.805,0.0,0,0,4,0,7116,0.0,100,0.0,0.0,0.0,0.0,0.0,0,0,0,0,0.0,0,0,0,0,0,0,0,0,0,0,0,0,0,0,0,0,0,0,0,0,0,0,0,0,0,0,0,0,0,0,0,0,0,31,40,40,71,65476,0,300,0,0,8,21553,0.0,-107605600.0,0.0,0.0,0.0,0.0,0.0,0.0,0.0,0.0,0.0,0.0,0.0,0.0,0.0,0.0,0.0,0.0,0.0,0.0,0.0,0.0,-2.004,2.004,0.0,2.004,0.0,0.0,0.0,0.0,4494.0,0.0,6918.0,0.0,0.0,2.7184256974124493e+23,0.0,0.0,0.0,0.0,0.0,69,-2.3088410695593833e+20,126840365056.0,0.0,0.0,0.0,0.0,0.0,0.0,0.0,0,0,0,0.0,0.0,0.0,0.0,0.0,0.0,0.0,0.0,0.0,0.0,0.0,0.0,0.0,0.0,0.0,0.0,0,-107875648.0,69,0.0,138,0.0,-0.0,0,26215,17086,13107,17102,52429,17081,0,0,0,70,68,100,2.7302399002429377e+23,82.3,-0.0,78.1,0.0,79.0,1,49,50,180,39322,26215,0,0,0.0,0.0,0.0,0.0,-0.0,67.0,0.0,162057.094,0.0,978,0,1007,0,0,0,952,0,1031,0,929,0,791,0,783,0,822,0,7520,0.032,1.2682136550675317e+20,0.0,0.0,784,16797,-0.0,162057.094,-114818.039,-0.0,0.133,6.909358625270745e+28,30.0,70.0,35,0.0,0.0,0.0,0.0,0.0,0.0,0.0,0.0,0.0,0.0,0.0,0.0,0.0,0.0,0.0,0.0,66.4,0,150,71,52,65476,0,300,0,0,8,20529,65476,0,0,44564,70.0,0.0,0.0,0.0,0.0,0.0
2026-09-10T21:25:43,ERR,ERR,ERR,ERR,ERR,ERR,ERR,ERR,ERR,ERR,ERR,ERR,ERR,ERR,ERR,ERR,ERR,ERR,ERR,ERR,ERR,ERR,ERR,ERR,ERR,ERR,ERR,ERR,ERR,ERR,ERR,ERR,ERR,ERR,ERR,ERR,ERR,ERR,ERR,ERR,ERR,ERR,ERR,ERR,ERR,ERR,ERR,ERR,ERR,ERR,ERR,ERR,ERR,ERR,ERR,ERR,ERR,ERR,ERR,ERR,ERR,ERR,ERR,ERR,ERR,ERR,ERR,ERR,ERR,ERR,ERR,ERR,ERR,ERR,ERR,ERR,ERR,ERR,ERR,ERR,ERR,ERR,ERR,ERR,ERR,ERR,ERR,ERR,ERR,ERR,ERR,ERR,ERR,ERR,ERR,ERR,ERR,ERR,ERR,ERR,ERR,ERR,ERR,ERR,ERR,ERR,ERR,ERR,ERR,ERR,ERR,ERR,ERR,ERR,ERR,ERR,ERR,ERR,ERR,ERR,ERR,ERR,ERR,ERR,ERR,0.0,0.0,2.6474835549302285e+23,0.0,0.0,1.3936040501711995e+18,7.805,0.0,0,0,4,0,7116,0.0,100,0.0,0.0,0.0,0.0,0.0,0,0,0,0,0.0,0,0,0,0,0,0,0,0,0,0,0,0,0,0,0,0,0,0,0,0,0,0,0,0,0,0,0,0,0,0,0,0,0,31,40,40,71,65476,0,300,0,0,8,21553,0.0,-107605600.0,0.0,0.0,0.0,0.0,0.0,0.0,0.0,0.0,0.0,0.0,0.0,0.0,0.0,0.0,0.0,0.0,0.0,0.0,0.0,0.0,-2.004,2.004,0.0,2.004,0.0,0.0,0.0,0.0,4494.0,0.0,6918.0,0.0,0.0,2.7184256974124493e+23,0.0,0.0,0.0,0.0,0.0,69,-2.3088410695593833e+20,126840365056.0,0.0,0.0,0.0,0.0,0.0,0.0,0.0,0,0,0,0.0,0.0,0.0,0.0,0.0,0.0,0.0,0.0,0.0,0.0,0.0,0.0,0.0,0.0,0.0,0.0,0,-107875648.0,69,0.0,138,0.0,-0.0,0,26215,17086,13107,17102,52429,17081,0,0,0,70,68,100,2.7302399002429377e+23,82.3,-0.0,78.1,0.0,79.0,1,49,50,180,39322,26215,0,0,0.0,0.0,0.0,0.0,-0.0,67.0,0.0,162057.094,0.0,978,0,1007,0,0,0,952,0,1031,0,929,0,791,0,783,0,822,0,7520,0.032,1.2682136550675317e+20,0.0,0.0,784,16797,-0.0,162057.094,-114818.039,-0.0,0.133,6.909358625270745e+28,30.0,70.0,35,0.0,0.0,0.0,0.0,0.0,0.0,0.0,0.0,0.0,0.0,0.0,0.0,0.0,0.0,0.0,0.0,66.0,0,150,71,52,65476,0,300,0,0,8,20529,65476,0,0,44564,70.0,0.0,0.0,0.0,0.0,0.0
2026-09-10T21:25:44,ERR,ERR,ERR,ERR,ERR,ERR,ERR,ERR,ERR,ERR,ERR,ERR,ERR,ERR,ERR,ERR,ERR,ERR,ERR,ERR,ERR,ERR,ERR,ERR,ERR,ERR,ERR,ERR,ERR,ERR,ERR,ERR,ERR,ERR,ERR,ERR,ERR,ERR,ERR,ERR,ERR,ERR,ERR,ERR,ERR,ERR,ERR,ERR,ERR,ERR,ERR,ERR,ERR,ERR,ERR,ERR,ERR,ERR,ERR,ERR,ERR,ERR,ERR,ERR,ERR,ERR,ERR,ERR,ERR,ERR,ERR,ERR,ERR,ERR,ERR,ERR,ERR,ERR,ERR,ERR,ERR,ERR,ERR,ERR,ERR,ERR,ERR,ERR,ERR,ERR,ERR,ERR,ERR,ERR,ERR,ERR,ERR,ERR,ERR,ERR,ERR,ERR,ERR,ERR,ERR,ERR,ERR,ERR,ERR,ERR,ERR,ERR,ERR,ERR,ERR,ERR,ERR,ERR,ERR,ERR,ERR,ERR,ERR,ERR,ERR,0.0,0.0,2.6474835549302285e+23,0.0,0.0,1.3936040501711995e+18,7.805,0.0,0,0,4,0,7116,0.0,100,0.0,0.0,0.0,0.0,0.0,0,0,0,0,0.0,0,0,0,0,0,0,0,0,0,0,0,0,0,0,0,0,0,0,0,0,0,0,0,0,0,0,0,0,0,0,0,0,0,31,40,40,71,65476,0,300,0,0,8,21553,0.0,-107605600.0,0.0,0.0,0.0,0.0,0.0,0.0,0.0,0.0,0.0,0.0,0.0,0.0,0.0,0.0,0.0,0.0,0.0,0.0,0.0,0.0,-2.004,2.004,0.0,2.004,0.0,0.0,0.0,0.0,4494.0,0.0,6918.0,0.0,0.0,2.7184256974124493e+23,0.0,0.0,0.0,0.0,0.0,69,-2.3088410695593833e+20,126840365056.0,0.0,0.0,0.0,0.0,0.0,0.0,0.0,0,0,0,0.0,0.0,0.0,0.0,0.0,0.0,0.0,0.0,0.0,0.0,0.0,0.0,0.0,0.0,0.0,0.0,0,-107875648.0,69,0.0,138,0.0,-0.0,0,26215,17086,13107,17102,52429,17081,0,0,0,70,68,100,2.7302399002429377e+23,82.3,-0.0,78.1,0.0,79.0,1,49,50,180,39322,26215,0,0,0.0,0.0,0.0,0.0,-0.0,67.0,0.0,162057.094,0.0,978,0,1007,0,0,0,952,0,1031,0,929,0,791,0,783,0,822,0,7520,0.032,1.2682136550675317e+20,0.0,0.0,784,16797,-0.0,162057.094,-114818.039,-0.0,0.133,6.909358625270745e+28,30.0,70.0,35,0.0,0.0,0.0,0.0,0.0,0.0,0.0,0.0,0.0,0.0,0.0,0.0,0.0,0.0,0.0,0.0,66.0,0,150,71,52,65476,0,300,0,0,8,20529,65476,0,0,44564,70.0,0.0,0.0,0.0,0.0,0.0
2026-09-10T21:25:45,ERR,ERR,ERR,ERR,ERR,ERR,ERR,ERR,ERR,ERR,ERR,ERR,ERR,ERR,ERR,ERR,ERR,ERR,ERR,ERR,ERR,ERR,ERR,ERR,ERR,ERR,ERR,ERR,ERR,ERR,ERR,ERR,ERR,ERR,ERR,ERR,ERR,ERR,ERR,ERR,ERR,ERR,ERR,ERR,ERR,ERR,ERR,ERR,ERR,ERR,ERR,ERR,ERR,ERR,ERR,ERR,ERR,ERR,ERR,ERR,ERR,ERR,ERR,ERR,ERR,ERR,ERR,ERR,ERR,ERR,ERR,ERR,ERR,ERR,ERR,ERR,ERR,ERR,ERR,ERR,ERR,ERR,ERR,ERR,ERR,ERR,ERR,ERR,ERR,ERR,ERR,ERR,ERR,ERR,ERR,ERR,ERR,ERR,ERR,ERR,ERR,ERR,ERR,ERR,ERR,ERR,ERR,ERR,ERR,ERR,ERR,ERR,ERR,ERR,ERR,ERR,ERR,ERR,ERR,ERR,ERR,ERR,ERR,ERR,ERR,0.0,0.0,2.6474835549302285e+23,0.0,0.0,1.3936040501711995e+18,7.805,0.0,0,0,4,0,7116,0.0,100,0.0,0.0,0.0,0.0,0.0,0,0,0,0,0.0,0,0,0,0,0,0,0,0,0,0,0,0,0,0,0,0,0,0,0,0,0,0,0,0,0,0,0,0,0,0,0,0,0,31,40,40,71,65476,0,300,0,0,8,21553,0.0,-107605600.0,0.0,0.0,0.0,0.0,0.0,0.0,0.0,0.0,0.0,0.0,0.0,0.0,0.0,0.0,0.0,0.0,0.0,0.0,0.0,0.0,-2.004,2.004,2.004,2.004,0.0,0.0,0.0,0.0,4495.0,0.0,6914.0,0.0,0.0,2.7184256974124493e+23,0.0,0.0,0.0,0.0,0.0,69,-2.718430741444032e+23,126840365056.0,0.0,0.0,0.0,0.0,0.0,0.0,0.0,0,0,0,0.0,0.0,0.0,0.0,0.0,0.0,0.0,0.0,0.0,0.0,0.0,0.0,0.0,0.0,0.0,0.0,0,-107875648.0,69,0.0,138,0.0,-0.0,0,26215,17086,13107,17102,52429,17081,0,0,0,70,68,100,2.7302399002429377e+23,82.3,-0.0,78.1,0.0,79.0,1,49,50,180,39322,26215,0,0,0.0,0.0,0.0,0.0,-0.0,67.0,0.0,162057.094,0.0,978,0,1007,0,0,0,952,0,1031,0,929,0,791,0,783,0,822,0,7520,0.032,1.2682136550675317e+20,0.0,0.0,784,16797,-0.0,162057.094,-114818.039,-0.0,0.133,6.909358625270745e+28,30.0,70.0,35,0.0,0.0,0.0,0.0,0.0,0.0,0.0,0.0,0.0,0.0,0.0,0.0,0.0,0.0,0.0,0.0,66.0,0,150,71,52,65476,0,300,0,0,8,20529,65476,0,0,44564,70.0,0.0,0.0,0.0,0.0,0.0
2026-09-10T21:25:46,ERR,ERR,ERR,ERR,ERR,ERR,ERR,ERR,ERR,ERR,ERR,ERR,ERR,ERR,ERR,ERR,ERR,ERR,ERR,ERR,ERR,ERR,ERR,ERR,ERR,ERR,ERR,ERR,ERR,ERR,ERR,ERR,ERR,ERR,ERR,ERR,ERR,ERR,ERR,ERR,ERR,ERR,ERR,ERR,ERR,ERR,ERR,ERR,ERR,ERR,ERR,ERR,ERR,ERR,ERR,ERR,ERR,ERR,ERR,ERR,ERR,ERR,ERR,ERR,ERR,ERR,ERR,ERR,ERR,ERR,ERR,ERR,ERR,ERR,ERR,ERR,ERR,ERR,ERR,ERR,ERR,ERR,ERR,ERR,ERR,ERR,ERR,ERR,ERR,ERR,ERR,ERR,ERR,ERR,ERR,ERR,ERR,ERR,ERR,ERR,ERR,ERR,ERR,ERR,ERR,ERR,ERR,ERR,ERR,ERR,ERR,ERR,ERR,ERR,ERR,ERR,ERR,ERR,ERR,ERR,ERR,ERR,ERR,ERR,ERR,0.0,0.0,2.6474835549302285e+23,0.0,0.0,1.3936040501711995e+18,7.805,0.0,0,0,4,0,7116,0.0,100,0.0,0.0,0.0,0.0,0.0,0,0,0,0,0.0,0,0,0,0,0,0,0,0,0,0,0,0,0,0,0,0,0,0,0,0,0,0,0,0,0,0,0,0,0,0,0,0,0,31,40,40,71,65476,0,300,0,0,8,21553,0.0,-107605600.0,0.0,0.0,0.0,0.0,0.0,0.0,0.0,0.0,0.0,0.0,0.0,0.0,0.0,0.0,0.0,0.0,0.0,0.0,0.0,0.0,-2.004,2.004,2.004,2.004,0.0,0.0,0.0,0.0,4495.0,0.0,6914.0,0.0,0.0,2.7184256974124493e+23,0.0,0.0,0.0,0.0,0.0,69,-2.718430741444032e+23,126840365056.0,0.0,0.0,0.0,0.0,0.0,0.0,0.0,0,0,0,0.0,0.0,0.0,0.0,0.0,0.0,0.0,0.0,0.0,0.0,0.0,0.0,0.0,0.0,0.0,0.0,0,-107875648.0,69,0.0,138,0.0,-0.0,0,39322,17086,13107,17102,39322,17081,0,0,0,70,68,100,2.7302399002429377e+23,82.3,-0.0,78.1,0.0,79.0,1,49,50,180,39322,26215,0,0,0.0,0.0,0.0,0.0,-0.0,67.0,0.0,162057.094,0.0,978,0,1007,0,0,0,952,0,1031,0,928,0,791,0,783,0,822,0,7520,0.032,1.2624490475444974e+20,0.0,0.0,784,16797,-0.0,162057.094,-114818.039,-0.0,0.133,6.909358625270745e+28,30.0,70.0,35,0.0,0.0,0.0,0.0,0.0,0.0,0.0,0.0,0.0,0.0,0.0,0.0,0.0,0.0,0.0,0.0,66.4,0,150,71,52,65476,0,300,0,0,8,20529,65476,0,0,44564,70.0,0.0,0.0,0.0,0.0,0.0
2026-09-10T21:25:47,ERR,ERR,ERR,ERR,ERR,ERR,ERR,ERR,ERR,ERR,ERR,ERR,ERR,ERR,ERR,ERR,ERR,ERR,ERR,ERR,ERR,ERR,ERR,ERR,ERR,ERR,ERR,ERR,ERR,ERR,ERR,ERR,ERR,ERR,ERR,ERR,ERR,ERR,ERR,ERR,ERR,ERR,ERR,ERR,ERR,ERR,ERR,ERR,ERR,ERR,ERR,ERR,ERR,ERR,ERR,ERR,ERR,ERR,ERR,ERR,ERR,ERR,ERR,ERR,ERR,ERR,ERR,ERR,ERR,ERR,ERR,ERR,ERR,ERR,ERR,ERR,ERR,ERR,ERR,ERR,ERR,ERR,ERR,ERR,ERR,ERR,ERR,ERR,ERR,ERR,ERR,ERR,ERR,ERR,ERR,ERR,ERR,ERR,ERR,ERR,ERR,ERR,ERR,ERR,ERR,ERR,ERR,ERR,ERR,ERR,ERR,ERR,ERR,ERR,ERR,ERR,ERR,ERR,ERR,ERR,ERR,ERR,ERR,ERR,ERR,0.0,0.0,2.6474835549302285e+23,0.0,0.0,1.3936040501711995e+18,7.805,0.0,0,0,4,0,7116,0.0,100,0.0,0.0,0.0,0.0,0.0,0,0,0,0,0.0,0,0,0,0,0,0,0,0,0,0,0,0,0,0,0,0,0,0,0,0,0,0,0,0,0,0,0,0,0,0,0,0,0,31,40,40,71,65476,0,300,0,0,8,21553,0.0,-107605600.0,0.0,0.0,0.0,0.0,0.0,0.0,0.0,0.0,0.0,0.0,0.0,0.0,0.0,0.0,0.0,0.0,0.0,0.0,0.0,0.0,-2.004,2.004,2.004,2.004,0.0,0.0,0.0,0.0,4495.0,0.0,6914.0,0.0,0.0,2.7184256974124493e+23,0.0,0.0,0.0,0.0,0.0,69,-2.718430741444032e+23,126840365056.0,0.0,0.0,0.0,0.0,0.0,0.0,0.0,0,0,0,0.0,0.0,0.0,0.0,0.0,0.0,0.0,0.0,0.0,0.0,0.0,0.0,0.0,0.0,0.0,0.0,0,-107875648.0,69,0.0,138,0.0,-0.0,0,39322,17086,13107,17102,39322,17081,0,0,0,70,68,100,2.7302399002429377e+23,82.3,-0.0,78.1,0.0,79.0,1,49,50,180,39322,26215,0,0,0.0,0.0,0.0,0.0,-0.0,67.0,0.0,162057.094,0.0,978,0,1007,0,0,0,952,0,1031,0,928,0,791,0,783,0,822,0,7520,0.032,1.2624490475444974e+20,0.0,0.0,784,16797,-0.0,162057.094,-114818.039,-0.0,0.133,6.909358625270745e+28,30.0,70.0,35,0.0,0.0,0.0,0.0,0.0,0.0,0.0,0.0,0.0,0.0,0.0,0.0,0.0,0.0,0.0,0.0,66.4,0,150,71,52,65476,0,300,0,0,8,20529,65476,0,0,44564,70.0,0.0,0.0,0.0,0.0,0.0
2026-09-10T21:25:48,ERR,ERR,ERR,ERR,ERR,ERR,ERR,ERR,ERR,ERR,ERR,ERR,ERR,ERR,ERR,ERR,ERR,ERR,ERR,ERR,ERR,ERR,ERR,ERR,ERR,ERR,ERR,ERR,ERR,ERR,ERR,ERR,ERR,ERR,ERR,ERR,ERR,ERR,ERR,ERR,ERR,ERR,ERR,ERR,ERR,ERR,ERR,ERR,ERR,ERR,ERR,ERR,ERR,ERR,ERR,ERR,ERR,ERR,ERR,ERR,ERR,ERR,ERR,ERR,ERR,ERR,ERR,ERR,ERR,ERR,ERR,ERR,ERR,ERR,ERR,ERR,ERR,ERR,ERR,ERR,ERR,ERR,ERR,ERR,ERR,ERR,ERR,ERR,ERR,ERR,ERR,ERR,ERR,ERR,ERR,ERR,ERR,ERR,ERR,ERR,ERR,ERR,ERR,ERR,ERR,ERR,ERR,ERR,ERR,ERR,ERR,ERR,ERR,ERR,ERR,ERR,ERR,ERR,ERR,ERR,ERR,ERR,ERR,ERR,ERR,0.0,0.0,2.6474835549302285e+23,0.0,0.0,1.3936040501711995e+18,7.805,0.0,0,0,4,0,7116,0.0,100,0.0,0.0,0.0,0.0,0.0,0,0,0,0,0.0,0,0,0,0,0,0,0,0,0,0,0,0,0,0,0,0,0,0,0,0,0,0,0,0,0,0,0,0,0,0,0,0,0,31,40,40,71,65476,0,300,0,0,8,21553,0.0,-107605600.0,0.0,0.0,0.0,0.0,0.0,0.0,0.0,0.0,0.0,0.0,0.0,0.0,0.0,0.0,0.0,0.0,0.0,0.0,0.0,0.0,-2.004,2.004,2.004,2.004,0.0,0.0,0.0,0.0,4495.0,0.0,6914.0,0.0,0.0,2.7184256974124493e+23,0.0,0.0,0.0,0.0,0.0,69,-2.718430741444032e+23,126840365056.0,0.0,0.0,0.0,0.0,0.0,0.0,0.0,0,0,0,0.0,0.0,0.0,0.0,0.0,0.0,0.0,0.0,0.0,0.0,0.0,0.0,0.0,0.0,0.0,0.0,0,-107875648.0,69,0.0,138,0.0,-0.0,0,39322,17086,13107,17102,39322,17081,0,0,0,70,68,100,2.7302399002429377e+23,82.3,-0.0,78.1,0.0,79.0,1,49,50,180,39322,26215,0,0,0.0,0.0,0.0,0.0,-0.0,67.0,0.0,162057.094,0.0,978,0,1007,0,0,0,952,0,1031,0,928,0,791,0,783,0,822,0,7520,0.032,1.2624490475444974e+20,0.0,0.0,784,16797,-0.0,162057.094,-114818.039,-0.0,0.133,6.909358625270745e+28,30.0,70.0,35,0.0,0.0,0.0,0.0,0.0,0.0,0.0,0.0,0.0,0.0,0.0,0.0,0.0,0.0,0.0,0.0,66.4,0,150,71,52,65476,0,300,0,0,8,20529,65476,0,0,44564,70.0,0.0,0.0,0.0,0.0,0.0
2026-09-10T21:25:49,ERR,ERR,ERR,ERR,ERR,ERR,ERR,ERR,ERR,ERR,ERR,ERR,ERR,ERR,ERR,ERR,ERR,ERR,ERR,ERR,ERR,ERR,ERR,ERR,ERR,ERR,ERR,ERR,ERR,ERR,ERR,ERR,ERR,ERR,ERR,ERR,ERR,ERR,ERR,ERR,ERR,ERR,ERR,ERR,ERR,ERR,ERR,ERR,ERR,ERR,ERR,ERR,ERR,ERR,ERR,ERR,ERR,ERR,ERR,ERR,ERR,ERR,ERR,ERR,ERR,ERR,ERR,ERR,ERR,ERR,ERR,ERR,ERR,ERR,ERR,ERR,ERR,ERR,ERR,ERR,ERR,ERR,ERR,ERR,ERR,ERR,ERR,ERR,ERR,ERR,ERR,ERR,ERR,ERR,ERR,ERR,ERR,ERR,ERR,ERR,ERR,ERR,ERR,ERR,ERR,ERR,ERR,ERR,ERR,ERR,ERR,ERR,ERR,ERR,ERR,ERR,ERR,ERR,ERR,ERR,ERR,ERR,ERR,ERR,ERR,0.0,0.0,2.6474835549302285e+23,0.0,0.0,1.3936040501711995e+18,7.805,0.0,0,0,4,0,7116,0.0,100,0.0,0.0,0.0,0.0,0.0,0,0,0,0,0.0,0,0,0,0,0,0,0,0,0,0,0,0,0,0,0,0,0,0,0,0,0,0,0,0,0,0,0,0,0,0,0,0,0,31,40,40,71,65476,0,300,0,0,8,21553,0.0,-107605600.0,0.0,0.0,0.0,0.0,0.0,0.0,0.0,0.0,0.0,0.0,0.0,0.0,0.0,0.0,0.0,0.0,0.0,0.0,0.0,0.0,-2.004,2.004,2.004,2.004,0.0,0.0,0.0,0.0,4495.0,0.0,6914.0,0.0,0.0,2.7184256974124493e+23,0.0,0.0,0.0,0.0,0.0,69,-2.718430741444032e+23,126840365056.0,0.0,0.0,0.0,0.0,0.0,0.0,0.0,0,0,0,0.0,0.0,0.0,0.0,0.0,0.0,0.0,0.0,0.0,0.0,0.0,0.0,0.0,0.0,0.0,0.0,0,-107875648.0,69,0.0,138,0.0,-0.0,0,39322,17086,13107,17102,39322,17081,0,0,0,70,68,100,2.7302399002429377e+23,82.3,-0.0,78.1,0.0,79.0,1,49,50,180,39322,26215,0,0,0.0,0.0,0.0,0.0,-0.0,67.0,0.0,162057.094,0.0,978,0,1007,0,0,0,952,0,1031,0,928,0,791,0,783,0,822,0,7520,0.032,1.2624490475444974e+20,0.0,0.0,784,16797,-0.0,162057.094,-114818.039,-0.0,0.133,6.909358625270745e+28,30.0,70.0,35,0.0,0.0,0.0,0.0,0.0,0.0,0.0,0.0,0.0,0.0,0.0,0.0,0.0,0.0,0.0,0.0,66.0,0,150,71,52,65476,0,300,0,0,8,20529,65476,0,0,44564,70.0,0.0,0.0,0.0,0.0,0.0
2026-09-10T21:25:50,ERR,ERR,ERR,ERR,ERR,ERR,ERR,ERR,ERR,ERR,ERR,ERR,ERR,ERR,ERR,ERR,ERR,ERR,ERR,ERR,ERR,ERR,ERR,ERR,ERR,ERR,ERR,ERR,ERR,ERR,ERR,ERR,ERR,ERR,ERR,ERR,ERR,ERR,ERR,ERR,ERR,ERR,ERR,ERR,ERR,ERR,ERR,ERR,ERR,ERR,ERR,ERR,ERR,ERR,ERR,ERR,ERR,ERR,ERR,ERR,ERR,ERR,ERR,ERR,ERR,ERR,ERR,ERR,ERR,ERR,ERR,ERR,ERR,ERR,ERR,ERR,ERR,ERR,ERR,ERR,ERR,ERR,ERR,ERR,ERR,ERR,ERR,ERR,ERR,ERR,ERR,ERR,ERR,ERR,ERR,ERR,ERR,ERR,ERR,ERR,ERR,ERR,ERR,ERR,ERR,ERR,ERR,ERR,ERR,ERR,ERR,ERR,ERR,ERR,ERR,ERR,ERR,ERR,ERR,ERR,ERR,ERR,ERR,ERR,ERR,0.0,0.0,2.6474835549302285e+23,0.0,0.0,1.3936040501711995e+18,7.805,0.0,0,0,4,0,7116,0.0,100,0.0,0.0,0.0,0.0,0.0,0,0,0,0,0.0,0,0,0,0,0,0,0,0,0,0,0,0,0,0,0,0,0,0,0,0,0,0,0,0,0,0,0,0,0,0,0,0,0,31,40,40,71,65476,0,300,0,0,8,21553,0.0,-107605600.0,0.0,0.0,0.0,0.0,0.0,0.0,0.0,0.0,0.0,0.0,0.0,0.0,0.0,0.0,0.0,0.0,0.0,0.0,0.0,0.0,-2.004,2.004,2.004,2.004,0.0,0.0,0.0,0.0,4495.0,0.0,6914.0,0.0,0.0,2.7184256974124493e+23,0.0,0.0,0.0,0.0,0.0,69,-2.718430741444032e+23,126840365056.0,0.0,0.0,0.0,0.0,0.0,0.0,0.0,0,0,0,0.0,0.0,0.0,0.0,0.0,0.0,0.0,0.0,0.0,0.0,0.0,0.0,0.0,0.0,0.0,0.0,0,-107875648.0,69,0.0,138,0.0,-0.0,0,39322,17086,13107,17102,39322,17081,0,0,0,70,68,100,2.7302399002429377e+23,82.3,-0.0,78.1,0.0,79.0,1,49,50,180,39322,26215,0,0,0.0,0.0,0.0,0.0,-0.0,67.0,0.0,162057.094,0.0,978,0,1007,0,0,0,952,0,1031,0,928,0,791,0,783,0,822,0,7520,0.032,1.2624490475444974e+20,0.0,0.0,784,16797,-0.0,162057.094,-114818.039,-0.0,0.133,6.909358625270745e+28,30.0,70.0,35,0.0,0.0,0.0,0.0,0.0,0.0,0.0,0.0,0.0,0.0,0.0,0.0,0.0,0.0,0.0,0.0,66.0,0,150,71,52,65476,0,300,0,0,8,20529,65476,0,0,44564,70.0,0.0,0.0,0.0,0.0,0.0
2026-09-10T21:25:51,ERR,ERR,ERR,ERR,ERR,ERR,ERR,ERR,ERR,ERR,ERR,ERR,ERR,ERR,ERR,ERR,ERR,ERR,ERR,ERR,ERR,ERR,ERR,ERR,ERR,ERR,ERR,ERR,ERR,ERR,ERR,ERR,ERR,ERR,ERR,ERR,ERR,ERR,ERR,ERR,ERR,ERR,ERR,ERR,ERR,ERR,ERR,ERR,ERR,ERR,ERR,ERR,ERR,ERR,ERR,ERR,ERR,ERR,ERR,ERR,ERR,ERR,ERR,ERR,ERR,ERR,ERR,ERR,ERR,ERR,ERR,ERR,ERR,ERR,ERR,ERR,ERR,ERR,ERR,ERR,ERR,ERR,ERR,ERR,ERR,ERR,ERR,ERR,ERR,ERR,ERR,ERR,ERR,ERR,ERR,ERR,ERR,ERR,ERR,ERR,ERR,ERR,ERR,ERR,ERR,ERR,ERR,ERR,ERR,ERR,ERR,ERR,ERR,ERR,ERR,ERR,ERR,ERR,ERR,ERR,ERR,ERR,ERR,ERR,ERR,0.0,0.0,2.6474835549302285e+23,0.0,0.0,1.3936040501711995e+18,7.805,0.0,0,0,4,0,7116,0.0,100,0.0,0.0,0.0,0.0,0.0,0,0,0,0,0.0,0,0,0,0,0,0,0,0,0,0,0,0,0,0,0,0,0,0,0,0,0,0,0,0,0,0,0,0,0,0,0,0,0,31,40,40,71,65476,0,300,0,0,8,21553,0.0,-107605600.0,0.0,0.0,0.0,0.0,0.0,0.0,0.0,0.0,0.0,0.0,0.0,0.0,0.0,0.0,0.0,0.0,0.0,0.0,0.0,0.0,-2.004,2.004,2.004,2.004,0.0,0.0,0.0,0.0,4495.0,0.0,6914.0,0.0,0.0,2.7184256974124493e+23,0.0,0.0,0.0,0.0,0.0,69,-2.718430741444032e+23,126840365056.0,0.0,0.0,0.0,0.0,0.0,0.0,0.0,0,0,0,0.0,0.0,0.0,0.0,0.0,0.0,0.0,0.0,0.0,0.0,0.0,0.0,0.0,0.0,0.0,0.0,0,-107875648.0,69,0.0,138,0.0,-0.0,0,39322,17086,13107,17102,39322,17081,0,0,0,70,68,100,2.7302399002429377e+23,82.3,-0.0,78.1,0.0,79.0,1,49,50,180,39322,26215,0,0,0.0,0.0,0.0,0.0,-0.0,67.0,0.0,162057.094,0.0,978,0,1007,0,0,0,952,0,1031,0,928,0,791,0,783,0,822,0,7520,0.032,1.2624490475444974e+20,0.0,0.0,784,16797,-0.0,162057.094,-114818.039,-0.0,0.133,6.909358625270745e+28,30.0,70.0,35,0.0,0.0,0.0,0.0,0.0,0.0,0.0,0.0,0.0,0.0,0.0,0.0,0.0,0.0,0.0,0.0,66.0,0,150,71,52,65476,0,300,0,0,8,20529,65476,0,0,44564,70.0,0.0,0.0,0.0,0.0,0.0
2026-09-10T21:25:52,ERR,ERR,ERR,ERR,ERR,ERR,ERR,ERR,ERR,ERR,ERR,ERR,ERR,ERR,ERR,ERR,ERR,ERR,ERR,ERR,ERR,ERR,ERR,ERR,ERR,ERR,ERR,ERR,ERR,ERR,ERR,ERR,ERR,ERR,ERR,ERR,ERR,ERR,ERR,ERR,ERR,ERR,ERR,ERR,ERR,ERR,ERR,ERR,ERR,ERR,ERR,ERR,ERR,ERR,ERR,ERR,ERR,ERR,ERR,ERR,ERR,ERR,ERR,ERR,ERR,ERR,ERR,ERR,ERR,ERR,ERR,ERR,ERR,ERR,ERR,ERR,ERR,ERR,ERR,ERR,ERR,ERR,ERR,ERR,ERR,ERR,ERR,ERR,ERR,ERR,ERR,ERR,ERR,ERR,ERR,ERR,ERR,ERR,ERR,ERR,ERR,ERR,ERR,ERR,ERR,ERR,ERR,ERR,ERR,ERR,ERR,ERR,ERR,ERR,ERR,ERR,ERR,ERR,ERR,ERR,ERR,ERR,ERR,ERR,ERR,0.0,0.0,2.6474835549302285e+23,0.0,0.0,1.3936040501711995e+18,7.805,0.0,0,0,4,0,7116,0.0,100,0.0,0.0,0.0,0.0,0.0,0,0,0,0,0.0,0,0,0,0,0,0,0,0,0,0,0,0,0,0,0,0,0,0,0,0,0,0,0,0,0,0,0,0,0,0,0,0,0,31,40,40,71,65476,0,300,0,0,8,21553,0.0,-107605600.0,0.0,0.0,0.0,0.0,0.0,0.0,0.0,0.0,0.0,0.0,0.0,0.0,0.0,0.0,0.0,0.0,0.0,0.0,0.0,0.0,-2.004,2.004,2.004,2.004,0.0,0.0,0.0,0.0,4495.0,0.0,6914.0,0.0,0.0,2.7184256974124493e+23,0.0,0.0,0.0,0.0,0.0,69,-2.718430741444032e+23,126840365056.0,0.0,0.0,0.0,0.0,0.0,0.0,0.0,0,0,0,0.0,0.0,0.0,0.0,0.0,0.0,0.0,0.0,0.0,0.0,0.0,0.0,0.0,0.0,0.0,0.0,0,-107875648.0,69,0.0,138,0.0,-0.0,0,26215,17086,0,17102,39322,17081,0,0,0,70,68,100,2.7302399002429377e+23,82.3,-0.0,78.1,0.0,79.0,1,49,50,180,39322,26215,0,0,0.0,0.0,0.0,0.0,-0.0,67.0,0.0,162057.094,0.0,978,0,1007,0,0,0,952,0,1031,0,928,0,791,0,783,0,822,0,7520,0.032,1.2682136550675317e+20,0.0,0.0,784,16797,-0.0,162057.094,-114818.039,-0.0,0.133,6.909358625270745e+28,30.0,70.0,35,0.0,0.0,0.0,0.0,0.0,0.0,0.0,0.0,0.0,0.0,0.0,0.0,0.0,0.0,0.0,0.0,66.4,0,150,71,52,65476,0,300,0,0,8,20529,65476,0,0,44564,70.0,0.0,0.0,0.0,0.0,0.0
2026-09-10T21:25:53,ERR,ERR,ERR,ERR,ERR,ERR,ERR,ERR,ERR,ERR,ERR,ERR,ERR,ERR,ERR,ERR,ERR,ERR,ERR,ERR,ERR,ERR,ERR,ERR,ERR,ERR,ERR,ERR,ERR,ERR,ERR,ERR,ERR,ERR,ERR,ERR,ERR,ERR,ERR,ERR,ERR,ERR,ERR,ERR,ERR,ERR,ERR,ERR,ERR,ERR,ERR,ERR,ERR,ERR,ERR,ERR,ERR,ERR,ERR,ERR,ERR,ERR,ERR,ERR,ERR,ERR,ERR,ERR,ERR,ERR,ERR,ERR,ERR,ERR,ERR,ERR,ERR,ERR,ERR,ERR,ERR,ERR,ERR,ERR,ERR,ERR,ERR,ERR,ERR,ERR,ERR,ERR,ERR,ERR,ERR,ERR,ERR,ERR,ERR,ERR,ERR,ERR,ERR,ERR,ERR,ERR,ERR,ERR,ERR,ERR,ERR,ERR,ERR,ERR,ERR,ERR,ERR,ERR,ERR,ERR,ERR,ERR,ERR,ERR,ERR,0.0,0.0,2.6474835549302285e+23,0.0,0.0,1.3936040501711995e+18,7.805,0.0,0,0,4,0,7116,0.0,100,0.0,0.0,0.0,0.0,0.0,0,0,0,0,0.0,0,0,0,0,0,0,0,0,0,0,0,0,0,0,0,0,0,0,0,0,0,0,0,0,0,0,0,0,0,0,0,0,0,31,40,40,71,65476,0,300,0,0,8,21553,0.0,-107605600.0,0.0,0.0,0.0,0.0,0.0,0.0,0.0,0.0,0.0,0.0,0.0,0.0,0.0,0.0,0.0,0.0,0.0,0.0,0.0,0.0,-2.004,2.004,0.0,2.004,0.0,0.0,0.0,0.0,4490.0,131350.188,6921.0,0.0,0.0,2.7184256974124493e+23,0.0,0.0,0.0,0.0,0.0,69,-126841143296.0,-0.0,0.0,0.0,0.0,0.0,0.0,0.0,0.0,0,0,0,0.0,0.0,0.0,0.0,0.0,0.0,0.0,0.0,0.0,0.0,0.0,0.0,0.0,0.0,0.0,0.0,0,-107875648.0,69,0.0,138,0.0,-0.0,0,26215,17086,0,17102,39322,17081,0,0,0,70,68,100,2.7302399002429377e+23,82.3,-0.0,78.1,0.0,79.0,1,49,50,180,39322,26215,0,0,0.0,0.0,0.0,0.0,-0.0,67.0,0.0,162057.094,0.0,978,0,1007,0,0,0,952,0,1031,0,928,0,791,0,783,0,822,0,7520,0.032,1.2682136550675317e+20,0.0,0.0,784,16797,-0.0,162057.094,-114818.039,-0.0,0.133,6.909358625270745e+28,30.0,70.0,35,0.0,0.0,0.0,0.0,0.0,0.0,0.0,0.0,0.0,0.0,0.0,0.0,0.0,0.0,0.0,0.0,66.4,0,150,71,52,65476,0,300,0,0,8,20529,65476,0,0,44564,70.0,0.0,0.0,0.0,0.0,0.0
2026-09-10T21:25:54,ERR,ERR,ERR,ERR,ERR,ERR,ERR,ERR,ERR,ERR,ERR,ERR,ERR,ERR,ERR,ERR,ERR,ERR,ERR,ERR,ERR,ERR,ERR,ERR,ERR,ERR,ERR,ERR,ERR,ERR,ERR,ERR,ERR,ERR,ERR,ERR,ERR,ERR,ERR,ERR,ERR,ERR,ERR,ERR,ERR,ERR,ERR,ERR,ERR,ERR,ERR,ERR,ERR,ERR,ERR,ERR,ERR,ERR,ERR,ERR,ERR,ERR,ERR,ERR,ERR,ERR,ERR,ERR,ERR,ERR,ERR,ERR,ERR,ERR,ERR,ERR,ERR,ERR,ERR,ERR,ERR,ERR,ERR,ERR,ERR,ERR,ERR,ERR,ERR,ERR,ERR,ERR,ERR,ERR,ERR,ERR,ERR,ERR,ERR,ERR,ERR,ERR,ERR,ERR,ERR,ERR,ERR,ERR,ERR,ERR,ERR,ERR,ERR,ERR,ERR,ERR,ERR,ERR,ERR,ERR,ERR,ERR,ERR,ERR,ERR,0.0,0.0,2.6474835549302285e+23,0.0,0.0,1.3936040501711995e+18,7.805,0.0,0,0,4,0,7116,0.0,100,0.0,0.0,0.0,0.0,0.0,0,0,0,0,0.0,0,0,0,0,0,0,0,0,0,0,0,0,0,0,0,0,0,0,0,0,0,0,0,0,0,0,0,0,0,0,0,0,0,31,40,40,71,65476,0,300,0,0,8,21553,0.0,-107605600.0,0.0,0.0,0.0,0.0,0.0,0.0,0.0,0.0,0.0,0.0,0.0,0.0,0.0,0.0,0.0,0.0,0.0,0.0,0.0,0.0,-2.004,2.004,0.0,2.004,0.0,0.0,0.0,0.0,4490.0,131350.188,6921.0,0.0,0.0,2.7184256974124493e+23,0.0,0.0,0.0,0.0,0.0,69,-126841143296.0,-0.0,0.0,0.0,0.0,0.0,0.0,0.0,0.0,0,0,0,0.0,0.0,0.0,0.0,0.0,0.0,0.0,0.0,0.0,0.0,0.0,0.0,0.0,0.0,0.0,0.0,0,-107875648.0,69,0.0,138,0.0,-0.0,0,26215,17086,0,17102,39322,17081,0,0,0,70,68,100,2.7302399002429377e+23,82.3,-0.0,78.1,0.0,79.0,1,49,50,180,39322,26215,0,0,0.0,0.0,0.0,0.0,-0.0,67.0,0.0,162057.094,0.0,978,0,1007,0,0,0,952,0,1031,0,928,0,791,0,783,0,822,0,7520,0.032,1.2682136550675317e+20,0.0,0.0,784,16797,-0.0,162057.094,-114818.039,-0.0,0.133,6.909358625270745e+28,30.0,70.0,35,0.0,0.0,0.0,0.0,0.0,0.0,0.0,0.0,0.0,0.0,0.0,0.0,0.0,0.0,0.0,0.0,66.4,0,150,71,52,65476,0,300,0,0,8,20529,65476,0,0,44564,70.0,0.0,0.0,0.0,0.0,0.0
2026-09-10T21:25:55,ERR,ERR,ERR,ERR,ERR,ERR,ERR,ERR,ERR,ERR,ERR,ERR,ERR,ERR,ERR,ERR,ERR,ERR,ERR,ERR,ERR,ERR,ERR,ERR,ERR,ERR,ERR,ERR,ERR,ERR,ERR,ERR,ERR,ERR,ERR,ERR,ERR,ERR,ERR,ERR,ERR,ERR,ERR,ERR,ERR,ERR,ERR,ERR,ERR,ERR,ERR,ERR,ERR,ERR,ERR,ERR,ERR,ERR,ERR,ERR,ERR,ERR,ERR,ERR,ERR,ERR,ERR,ERR,ERR,ERR,ERR,ERR,ERR,ERR,ERR,ERR,ERR,ERR,ERR,ERR,ERR,ERR,ERR,ERR,ERR,ERR,ERR,ERR,ERR,ERR,ERR,ERR,ERR,ERR,ERR,ERR,ERR,ERR,ERR,ERR,ERR,ERR,ERR,ERR,ERR,ERR,ERR,ERR,ERR,ERR,ERR,ERR,ERR,ERR,ERR,ERR,ERR,ERR,ERR,ERR,ERR,ERR,ERR,ERR,ERR,0.0,0.0,2.6474835549302285e+23,0.0,0.0,1.3936040501711995e+18,7.805,0.0,0,0,4,0,7116,0.0,100,0.0,0.0,0.0,0.0,0.0,0,0,0,0,0.0,0,0,0,0,0,0,0,0,0,0,0,0,0,0,0,0,0,0,0,0,0,0,0,0,0,0,0,0,0,0,0,0,0,31,40,40,71,65476,0,300,0,0,8,21553,0.0,-107605600.0,0.0,0.0,0.0,0.0,0.0,0.0,0.0,0.0,0.0,0.0,0.0,0.0,0.0,0.0,0.0,0.0,0.0,0.0,0.0,0.0,-2.004,2.004,0.0,2.004,0.0,0.0,0.0,0.0,4490.0,131350.188,6921.0,0.0,0.0,2.7184256974124493e+23,0.0,0.0,0.0,0.0,0.0,69,-126841143296.0,-0.0,0.0,0.0,0.0,0.0,0.0,0.0,0.0,0,0,0,0.0,0.0,0.0,0.0,0.0,0.0,0.0,0.0,0.0,0.0,0.0,0.0,0.0,0.0,0.0,0.0,0,-107875648.0,69,0.0,138,0.0,-0.0,0,26215,17086,0,17102,39322,17081,0,0,0,70,68,100,2.7302399002429377e+23,82.3,-0.0,78.1,0.0,79.0,1,49,50,180,39322,26215,0,0,0.0,0.0,0.0,0.0,-0.0,67.0,0.0,162057.094,0.0,978,0,1007,0,0,0,952,0,1031,0,928,0,791,0,783,0,822,0,7520,0.032,1.2682136550675317e+20,0.0,0.0,784,16797,-0.0,162057.094,-114818.039,-0.0,0.133,6.909358625270745e+28,30.0,70.0,35,0.0,0.0,0.0,0.0,0.0,0.0,0.0,0.0,0.0,0.0,0.0,0.0,0.0,0.0,0.0,0.0,66.4,0,150,71,52,65476,0,300,0,0,8,20529,65476,0,0,44564,70.0,0.0,0.0,0.0,0.0,0.0
2026-09-10T21:25:56,ERR,ERR,ERR,ERR,ERR,ERR,ERR,ERR,ERR,ERR,ERR,ERR,ERR,ERR,ERR,ERR,ERR,ERR,ERR,ERR,ERR,ERR,ERR,ERR,ERR,ERR,ERR,ERR,ERR,ERR,ERR,ERR,ERR,ERR,ERR,ERR,ERR,ERR,ERR,ERR,ERR,ERR,ERR,ERR,ERR,ERR,ERR,ERR,ERR,ERR,ERR,ERR,ERR,ERR,ERR,ERR,ERR,ERR,ERR,ERR,ERR,ERR,ERR,ERR,ERR,ERR,ERR,ERR,ERR,ERR,ERR,ERR,ERR,ERR,ERR,ERR,ERR,ERR,ERR,ERR,ERR,ERR,ERR,ERR,ERR,ERR,ERR,ERR,ERR,ERR,ERR,ERR,ERR,ERR,ERR,ERR,ERR,ERR,ERR,ERR,ERR,ERR,ERR,ERR,ERR,ERR,ERR,ERR,ERR,ERR,ERR,ERR,ERR,ERR,ERR,ERR,ERR,ERR,ERR,ERR,ERR,ERR,ERR,ERR,ERR,0.0,0.0,2.6474835549302285e+23,0.0,0.0,1.3936040501711995e+18,7.805,0.0,0,0,4,0,7116,0.0,100,0.0,0.0,0.0,0.0,0.0,0,0,0,0,0.0,0,0,0,0,0,0,0,0,0,0,0,0,0,0,0,0,0,0,0,0,0,0,0,0,0,0,0,0,0,0,0,0,0,31,40,40,71,65476,0,300,0,0,8,21553,0.0,-107605600.0,0.0,0.0,0.0,0.0,0.0,0.0,0.0,0.0,0.0,0.0,0.0,0.0,0.0,0.0,0.0,0.0,0.0,0.0,0.0,0.0,-2.004,2.004,0.0,2.004,0.0,0.0,0.0,0.0,4490.0,131350.188,6921.0,0.0,0.0,2.7184256974124493e+23,0.0,0.0,0.0,0.0,0.0,69,-126841143296.0,-0.0,0.0,0.0,0.0,0.0,0.0,0.0,0.0,0,0,0,0.0,0.0,0.0,0.0,0.0,0.0,0.0,0.0,0.0,0.0,0.0,0.0,0.0,0.0,0.0,0.0,0,-107875648.0,69,0.0,138,0.0,-0.0,0,26215,17086,0,17102,39322,17081,0,0,0,70,68,100,2.7302399002429377e+23,82.3,-0.0,78.1,0.0,79.0,1,49,50,180,39322,26215,0,0,0.0,0.0,0.0,0.0,-0.0,67.0,0.0,162057.094,0.0,978,0,1007,0,0,0,952,0,1031,0,928,0,791,0,783,0,822,0,7520,0.032,1.2682136550675317e+20,0.0,0.0,784,16797,-0.0,162057.094,-114818.039,-0.0,0.133,6.909358625270745e+28,30.0,70.0,35,0.0,0.0,0.0,0.0,0.0,0.0,0.0,0.0,0.0,0.0,0.0,0.0,0.0,0.0,0.0,0.0,66.4,0,150,71,52,65476,0,300,0,0,8,20529,65476,0,0,44564,70.0,0.0,0.0,0.0,0.0,0.0
2026-09-10T21:25:57,ERR,ERR,ERR,ERR,ERR,ERR,ERR,ERR,ERR,ERR,ERR,ERR,ERR,ERR,ERR,ERR,ERR,ERR,ERR,ERR,ERR,ERR,ERR,ERR,ERR,ERR,ERR,ERR,ERR,ERR,ERR,ERR,ERR,ERR,ERR,ERR,ERR,ERR,ERR,ERR,ERR,ERR,ERR,ERR,ERR,ERR,ERR,ERR,ERR,ERR,ERR,ERR,ERR,ERR,ERR,ERR,ERR,ERR,ERR,ERR,ERR,ERR,ERR,ERR,ERR,ERR,ERR,ERR,ERR,ERR,ERR,ERR,ERR,ERR,ERR,ERR,ERR,ERR,ERR,ERR,ERR,ERR,ERR,ERR,ERR,ERR,ERR,ERR,ERR,ERR,ERR,ERR,ERR,ERR,ERR,ERR,ERR,ERR,ERR,ERR,ERR,ERR,ERR,ERR,ERR,ERR,ERR,ERR,ERR,ERR,ERR,ERR,ERR,ERR,ERR,ERR,ERR,ERR,ERR,ERR,ERR,ERR,ERR,ERR,ERR,0.0,0.0,2.6474835549302285e+23,0.0,0.0,1.3936040501711995e+18,7.805,0.0,0,0,4,0,7116,0.0,100,0.0,0.0,0.0,0.0,0.0,0,0,0,0,0.0,0,0,0,0,0,0,0,0,0,0,0,0,0,0,0,0,0,0,0,0,0,0,0,0,0,0,0,0,0,0,0,0,0,31,40,40,71,65476,0,300,0,0,8,21553,0.0,-107605600.0,0.0,0.0,0.0,0.0,0.0,0.0,0.0,0.0,0.0,0.0,0.0,0.0,0.0,0.0,0.0,0.0,0.0,0.0,0.0,0.0,-2.004,2.004,0.0,2.004,0.0,0.0,0.0,0.0,4490.0,131350.188,6921.0,0.0,0.0,2.7184256974124493e+23,0.0,0.0,0.0,0.0,0.0,69,-126841143296.0,-0.0,0.0,0.0,0.0,0.0,0.0,0.0,0.0,0,0,0,0.0,0.0,0.0,0.0,0.0,0.0,0.0,0.0,0.0,0.0,0.0,0.0,0.0,0.0,0.0,0.0,0,-107875648.0,69,0.0,138,0.0,-0.0,0,26215,17086,0,17102,39322,17081,0,0,0,70,68,100,2.7302399002429377e+23,82.3,2.730238459091057e+23,78.1,0.0,79.0,1,49,50,180,39322,26215,0,0,0.0,0.0,0.0,0.0,-0.0,67.0,0.0,162057.094,0.0,978,0,1007,0,0,0,952,0,1030,0,928,0,791,0,783,0,822,0,7520,0.032,1.2624490475444974e+20,0.0,0.0,784,16797,-0.0,162057.094,-114818.039,-0.0,0.133,6.909358625270745e+28,30.0,70.0,35,0.0,0.0,0.0,0.0,0.0,0.0,0.0,0.0,0.0,0.0,0.0,0.0,0.0,0.0,0.0,0.0,66.4,0,150,71,52,65476,0,300,0,0,8,20529,65476,0,0,44564,70.0,0.0,0.0,0.0,0.0,0.0
2026-09-10T21:25:58,ERR,ERR,ERR,ERR,ERR,ERR,ERR,ERR,ERR,ERR,ERR,ERR,ERR,ERR,ERR,ERR,ERR,ERR,ERR,ERR,ERR,ERR,ERR,ERR,ERR,ERR,ERR,ERR,ERR,ERR,ERR,ERR,ERR,ERR,ERR,ERR,ERR,ERR,ERR,ERR,ERR,ERR,ERR,ERR,ERR,ERR,ERR,ERR,ERR,ERR,ERR,ERR,ERR,ERR,ERR,ERR,ERR,ERR,ERR,ERR,ERR,ERR,ERR,ERR,ERR,ERR,ERR,ERR,ERR,ERR,ERR,ERR,ERR,ERR,ERR,ERR,ERR,ERR,ERR,ERR,ERR,ERR,ERR,ERR,ERR,ERR,ERR,ERR,ERR,ERR,ERR,ERR,ERR,ERR,ERR,ERR,ERR,ERR,ERR,ERR,ERR,ERR,ERR,ERR,ERR,ERR,ERR,ERR,ERR,ERR,ERR,ERR,ERR,ERR,ERR,ERR,ERR,ERR,ERR,ERR,ERR,ERR,ERR,ERR,ERR,0.0,0.0,2.6474835549302285e+23,0.0,0.0,1.3936040501711995e+18,7.805,0.0,0,0,4,0,7116,0.0,100,0.0,0.0,0.0,0.0,0.0,0,0,0,0,0.0,0,0,0,0,0,0,0,0,0,0,0,0,0,0,0,0,0,0,0,0,0,0,0,0,0,0,0,0,0,0,0,0,0,31,40,40,71,65476,0,300,0,0,8,21553,0.0,-107605600.0,0.0,0.0,0.0,0.0,0.0,0.0,0.0,0.0,0.0,0.0,0.0,0.0,0.0,0.0,0.0,0.0,0.0,0.0,0.0,0.0,-2.004,2.004,0.0,2.004,0.0,0.0,0.0,0.0,4490.0,131350.188,6921.0,0.0,0.0,2.7184256974124493e+23,0.0,0.0,0.0,0.0,0.0,69,-126841143296.0,-0.0,0.0,0.0,0.0,0.0,0.0,0.0,0.0,0,0,0,0.0,0.0,0.0,0.0,0.0,0.0,0.0,0.0,0.0,0.0,0.0,0.0,0.0,0.0,0.0,0.0,0,-107875648.0,69,0.0,138,0.0,-0.0,0,26215,17086,0,17102,39322,17081,0,0,0,70,68,100,2.7302399002429377e+23,82.3,2.730238459091057e+23,78.1,0.0,79.0,1,49,50,180,39322,26215,0,0,0.0,0.0,0.0,0.0,-0.0,67.0,0.0,162057.094,0.0,978,0,1007,0,0,0,952,0,1030,0,928,0,791,0,783,0,822,0,7520,0.032,1.2624490475444974e+20,0.0,0.0,784,16797,-0.0,162057.094,-114818.039,-0.0,0.133,6.909358625270745e+28,30.0,70.0,35,0.0,0.0,0.0,0.0,0.0,0.0,0.0,0.0,0.0,0.0,0.0,0.0,0.0,0.0,0.0,0.0,66.4,0,150,71,52,65476,0,300,0,0,8,20529,65476,0,0,44564,70.0,0.0,0.0,0.0,0.0,0.0
2026-09-10T21:25:59,ERR,ERR,ERR,ERR,ERR,ERR,ERR,ERR,ERR,ERR,ERR,ERR,ERR,ERR,ERR,ERR,ERR,ERR,ERR,ERR,ERR,ERR,ERR,ERR,ERR,ERR,ERR,ERR,ERR,ERR,ERR,ERR,ERR,ERR,ERR,ERR,ERR,ERR,ERR,ERR,ERR,ERR,ERR,ERR,ERR,ERR,ERR,ERR,ERR,ERR,ERR,ERR,ERR,ERR,ERR,ERR,ERR,ERR,ERR,ERR,ERR,ERR,ERR,ERR,ERR,ERR,ERR,ERR,ERR,ERR,ERR,ERR,ERR,ERR,ERR,ERR,ERR,ERR,ERR,ERR,ERR,ERR,ERR,ERR,ERR,ERR,ERR,ERR,ERR,ERR,ERR,ERR,ERR,ERR,ERR,ERR,ERR,ERR,ERR,ERR,ERR,ERR,ERR,ERR,ERR,ERR,ERR,ERR,ERR,ERR,ERR,ERR,ERR,ERR,ERR,ERR,ERR,ERR,ERR,ERR,ERR,ERR,ERR,ERR,ERR,0.0,0.0,2.6474835549302285e+23,0.0,0.0,1.3936040501711995e+18,7.805,0.0,0,0,4,0,7116,0.0,100,0.0,0.0,0.0,0.0,0.0,0,0,0,0,0.0,0,0,0,0,0,0,0,0,0,0,0,0,0,0,0,0,0,0,0,0,0,0,0,0,0,0,0,0,0,0,0,0,0,31,40,40,71,65476,0,300,0,0,8,21553,0.0,-107605600.0,0.0,0.0,0.0,0.0,0.0,0.0,0.0,0.0,0.0,0.0,0.0,0.0,0.0,0.0,0.0,0.0,0.0,0.0,0.0,0.0,-2.004,2.004,0.0,2.004,0.0,0.0,0.0,0.0,4490.0,131350.188,6921.0,0.0,0.0,2.7184256974124493e+23,0.0,0.0,0.0,0.0,0.0,69,-126841143296.0,-0.0,0.0,0.0,0.0,0.0,0.0,0.0,0.0,0,0,0,0.0,0.0,0.0,0.0,0.0,0.0,0.0,0.0,0.0,0.0,0.0,0.0,0.0,0.0,0.0,0.0,0,-107875648.0,69,0.0,138,0.0,-0.0,0,26215,17086,0,17102,39322,17081,0,0,0,70,68,100,2.7302399002429377e+23,82.3,2.730238459091057e+23,78.1,0.0,79.0,1,49,50,180,39322,26215,0,0,0.0,0.0,0.0,0.0,-0.0,67.0,0.0,162057.094,0.0,978,0,1007,0,0,0,952,0,1030,0,928,0,791,0,783,0,822,0,7520,0.032,1.2624490475444974e+20,0.0,0.0,784,16797,-0.0,162057.094,-114818.039,-0.0,0.133,6.909358625270745e+28,30.0,70.0,35,0.0,0.0,0.0,0.0,0.0,0.0,0.0,0.0,0.0,0.0,0.0,0.0,0.0,0.0,0.0,0.0,66.4,0,150,71,52,65476,0,300,0,0,8,20529,65476,0,0,44564,70.0,0.0,0.0,0.0,0.0,0.0
2026-09-10T21:26:00,ERR,ERR,ERR,ERR,ERR,ERR,ERR,ERR,ERR,ERR,ERR,ERR,ERR,ERR,ERR,ERR,ERR,ERR,ERR,ERR,ERR,ERR,ERR,ERR,ERR,ERR,ERR,ERR,ERR,ERR,ERR,ERR,ERR,ERR,ERR,ERR,ERR,ERR,ERR,ERR,ERR,ERR,ERR,ERR,ERR,ERR,ERR,ERR,ERR,ERR,ERR,ERR,ERR,ERR,ERR,ERR,ERR,ERR,ERR,ERR,ERR,ERR,ERR,ERR,ERR,ERR,ERR,ERR,ERR,ERR,ERR,ERR,ERR,ERR,ERR,ERR,ERR,ERR,ERR,ERR,ERR,ERR,ERR,ERR,ERR,ERR,ERR,ERR,ERR,ERR,ERR,ERR,ERR,ERR,ERR,ERR,ERR,ERR,ERR,ERR,ERR,ERR,ERR,ERR,ERR,ERR,ERR,ERR,ERR,ERR,ERR,ERR,ERR,ERR,ERR,ERR,ERR,ERR,ERR,ERR,ERR,ERR,ERR,ERR,ERR,0.0,0.0,2.6474835549302285e+23,0.0,0.0,1.3936040501711995e+18,7.805,0.0,0,0,4,0,7116,0.0,100,0.0,0.0,0.0,0.0,0.0,0,0,0,0,0.0,0,0,0,0,0,0,0,0,0,0,0,0,0,0,0,0,0,0,0,0,0,0,0,0,0,0,0,0,0,0,0,0,0,31,40,40,71,65476,0,300,0,0,8,21553,0.0,-107605600.0,0.0,0.0,0.0,0.0,0.0,0.0,0.0,0.0,0.0,0.0,0.0,0.0,0.0,0.0,0.0,0.0,0.0,0.0,0.0,0.0,-2.004,2.004,2.004,2.004,0.0,0.0,0.0,0.0,4490.0,0.0,6919.0,0.0,0.0,-107615152.0,0.0,0.0,0.0,0.0,0.0,69,-71.63,5.848047364202327e+35,0.0,0.0,0.0,0.0,0.0,0.0,0.0,0,0,0,0.0,0.0,0.0,0.0,0.0,0.0,0.0,0.0,0.0,0.0,0.0,0.0,0.0,0.0,0.0,0.0,0,-107875648.0,69,0.0,138,0.0,-0.0,0,26215,17086,0,17102,39322,17081,0,0,0,70,68,100,2.7302399002429377e+23,82.3,2.730238459091057e+23,78.1,0.0,79.0,1,49,50,180,39322,26215,0,0,0.0,0.0,0.0,0.0,-0.0,67.0,0.0,162057.094,0.0,978,0,1007,0,0,0,952,0,1030,0,928,0,791,0,783,0,822,0,7520,0.032,1.2624490475444974e+20,0.0,0.0,784,16797,-0.0,162057.094,-114818.039,-0.0,0.133,6.909358625270745e+28,30.0,70.0,35,0.0,0.0,0.0,0.0,0.0,0.0,0.0,0.0,0.0,0.0,0.0,0.0,0.0,0.0,0.0,0.0,66.4,0,150,71,52,65476,0,300,0,0,8,20529,65476,0,0,44564,70.0,0.0,0.0,0.0,0.0,0.0
2026-09-10T21:26:01,ERR,ERR,ERR,ERR,ERR,ERR,ERR,ERR,ERR,ERR,ERR,ERR,ERR,ERR,ERR,ERR,ERR,ERR,ERR,ERR,ERR,ERR,ERR,ERR,ERR,ERR,ERR,ERR,ERR,ERR,ERR,ERR,ERR,ERR,ERR,ERR,ERR,ERR,ERR,ERR,ERR,ERR,ERR,ERR,ERR,ERR,ERR,ERR,ERR,ERR,ERR,ERR,ERR,ERR,ERR,ERR,ERR,ERR,ERR,ERR,ERR,ERR,ERR,ERR,ERR,ERR,ERR,ERR,ERR,ERR,ERR,ERR,ERR,ERR,ERR,ERR,ERR,ERR,ERR,ERR,ERR,ERR,ERR,ERR,ERR,ERR,ERR,ERR,ERR,ERR,ERR,ERR,ERR,ERR,ERR,ERR,ERR,ERR,ERR,ERR,ERR,ERR,ERR,ERR,ERR,ERR,ERR,ERR,ERR,ERR,ERR,ERR,ERR,ERR,ERR,ERR,ERR,ERR,ERR,ERR,ERR,ERR,ERR,ERR,ERR,0.0,0.0,2.6474835549302285e+23,0.0,0.0,1.3936040501711995e+18,7.805,0.0,0,0,4,0,7116,0.0,100,0.0,0.0,0.0,0.0,0.0,0,0,0,0,0.0,0,0,0,0,0,0,0,0,0,0,0,0,0,0,0,0,0,0,0,0,0,0,0,0,0,0,0,0,0,0,0,0,0,31,40,40,71,65476,0,300,0,0,8,21553,0.0,-107605600.0,0.0,0.0,0.0,0.0,0.0,0.0,0.0,0.0,0.0,0.0,0.0,0.0,0.0,0.0,0.0,0.0,0.0,0.0,0.0,0.0,-2.004,2.004,2.004,2.004,0.0,0.0,0.0,0.0,4490.0,0.0,6919.0,0.0,0.0,-107615152.0,0.0,0.0,0.0,0.0,0.0,69,-71.63,5.848047364202327e+35,0.0,0.0,0.0,0.0,0.0,0.0,0.0,0,0,0,0.0,0.0,0.0,0.0,0.0,0.0,0.0,0.0,0.0,0.0,0.0,0.0,0.0,0.0,0.0,0.0,0,-107875648.0,69,0.0,138,0.0,-0.0,0,26215,17086,0,17102,39322,17081,0,0,0,70,68,100,2.7302399002429377e+23,82.3,2.730238459091057e+23,78.1,0.0,79.0,1,49,50,180,39322,26215,0,0,0.0,0.0,0.0,0.0,-0.0,67.0,0.0,162057.094,0.0,978,0,1007,0,0,0,952,0,1030,0,928,0,791,0,783,0,822,0,7520,0.032,1.2624490475444974e+20,0.0,0.0,784,16797,-0.0,162057.094,-114818.039,-0.0,0.133,6.909358625270745e+28,30.0,70.0,35,0.0,0.0,0.0,0.0,0.0,0.0,0.0,0.0,0.0,0.0,0.0,0.0,0.0,0.0,0.0,0.0,66.4,0,150,71,52,65476,0,300,0,0,8,20529,65476,0,0,44564,70.0,0.0,0.0,0.0,0.0,0.0
2026-09-10T21:26:02,ERR,ERR,ERR,ERR,ERR,ERR,ERR,ERR,ERR,ERR,ERR,ERR,ERR,ERR,ERR,ERR,ERR,ERR,ERR,ERR,ERR,ERR,ERR,ERR,ERR,ERR,ERR,ERR,ERR,ERR,ERR,ERR,ERR,ERR,ERR,ERR,ERR,ERR,ERR,ERR,ERR,ERR,ERR,ERR,ERR,ERR,ERR,ERR,ERR,ERR,ERR,ERR,ERR,ERR,ERR,ERR,ERR,ERR,ERR,ERR,ERR,ERR,ERR,ERR,ERR,ERR,ERR,ERR,ERR,ERR,ERR,ERR,ERR,ERR,ERR,ERR,ERR,ERR,ERR,ERR,ERR,ERR,ERR,ERR,ERR,ERR,ERR,ERR,ERR,ERR,ERR,ERR,ERR,ERR,ERR,ERR,ERR,ERR,ERR,ERR,ERR,ERR,ERR,ERR,ERR,ERR,ERR,ERR,ERR,ERR,ERR,ERR,ERR,ERR,ERR,ERR,ERR,ERR,ERR,ERR,ERR,ERR,ERR,ERR,ERR,0.0,0.0,2.6474835549302285e+23,0.0,0.0,1.3936040501711995e+18,7.805,0.0,0,0,4,0,7116,0.0,100,0.0,0.0,0.0,0.0,0.0,0,0,0,0,0.0,0,0,0,0,0,0,0,0,0,0,0,0,0,0,0,0,0,0,0,0,0,0,0,0,0,0,0,0,0,0,0,0,0,31,40,40,71,65476,0,300,0,0,8,21553,0.0,-107605600.0,0.0,0.0,0.0,0.0,0.0,0.0,0.0,0.0,0.0,0.0,0.0,0.0,0.0,0.0,0.0,0.0,0.0,0.0,0.0,0.0,-2.004,2.004,2.004,2.004,0.0,0.0,0.0,0.0,4490.0,0.0,6919.0,0.0,0.0,-107615152.0,0.0,0.0,0.0,0.0,0.0,69,-71.63,5.848047364202327e+35,0.0,0.0,0.0,0.0,0.0,0.0,0.0,0,0,0,0.0,0.0,0.0,0.0,0.0,0.0,0.0,0.0,0.0,0.0,0.0,0.0,0.0,0.0,0.0,0.0,0,-107875648.0,69,0.0,138,0.0,-0.0,0,26215,17086,0,17102,39322,17081,0,0,0,70,68,100,2.7302399002429377e+23,82.3,-0.0,78.1,0.0,79.0,1,49,50,180,39322,26215,0,0,0.0,0.0,0.0,0.0,-0.0,67.0,0.0,162057.094,0.0,978,0,1007,0,0,0,952,0,1030,0,928,0,791,0,783,0,822,0,7520,0.032,1.2682136550675317e+20,0.0,0.0,784,16797,-0.0,162057.094,-114818.039,-0.0,0.133,6.909358625270745e+28,30.0,70.0,35,0.0,0.0,0.0,0.0,0.0,0.0,0.0,0.0,0.0,0.0,0.0,0.0,0.0,0.0,0.0,0.0,66.4,0,150,71,52,65476,0,300,0,0,8,20529,65476,0,0,44564,70.0,0.0,0.0,0.0,0.0,0.0
2026-09-10T21:26:03,ERR,ERR,ERR,ERR,ERR,ERR,ERR,ERR,ERR,ERR,ERR,ERR,ERR,ERR,ERR,ERR,ERR,ERR,ERR,ERR,ERR,ERR,ERR,ERR,ERR,ERR,ERR,ERR,ERR,ERR,ERR,ERR,ERR,ERR,ERR,ERR,ERR,ERR,ERR,ERR,ERR,ERR,ERR,ERR,ERR,ERR,ERR,ERR,ERR,ERR,ERR,ERR,ERR,ERR,ERR,ERR,ERR,ERR,ERR,ERR,ERR,ERR,ERR,ERR,ERR,ERR,ERR,ERR,ERR,ERR,ERR,ERR,ERR,ERR,ERR,ERR,ERR,ERR,ERR,ERR,ERR,ERR,ERR,ERR,ERR,ERR,ERR,ERR,ERR,ERR,ERR,ERR,ERR,ERR,ERR,ERR,ERR,ERR,ERR,ERR,ERR,ERR,ERR,ERR,ERR,ERR,ERR,ERR,ERR,ERR,ERR,ERR,ERR,ERR,ERR,ERR,ERR,ERR,ERR,ERR,ERR,ERR,ERR,ERR,ERR,0.0,0.0,2.6474835549302285e+23,0.0,0.0,1.3936040501711995e+18,7.805,0.0,0,0,4,0,7116,0.0,100,0.0,0.0,0.0,0.0,0.0,0,0,0,0,0.0,0,0,0,0,0,0,0,0,0,0,0,0,0,0,0,0,0,0,0,0,0,0,0,0,0,0,0,0,0,0,0,0,0,31,40,40,71,65476,0,300,0,0,8,21553,0.0,-107605600.0,0.0,0.0,0.0,0.0,0.0,0.0,0.0,0.0,0.0,0.0,0.0,0.0,0.0,0.0,0.0,0.0,0.0,0.0,0.0,0.0,-2.004,2.004,2.004,2.004,0.0,0.0,0.0,0.0,4490.0,0.0,6919.0,0.0,0.0,-107615152.0,0.0,0.0,0.0,0.0,0.0,69,-71.63,5.848047364202327e+35,0.0,0.0,0.0,0.0,0.0,0.0,0.0,0,0,0,0.0,0.0,0.0,0.0,0.0,0.0,0.0,0.0,0.0,0.0,0.0,0.0,0.0,0.0,0.0,0.0,0,-107875648.0,69,0.0,138,0.0,-0.0,0,26215,17086,0,17102,39322,17081,0,0,0,70,68,100,2.7302399002429377e+23,82.3,-0.0,78.1,0.0,79.0,1,49,50,180,39322,26215,0,0,0.0,0.0,0.0,0.0,-0.0,67.0,0.0,162057.094,0.0,978,0,1007,0,0,0,952,0,1030,0,928,0,791,0,783,0,822,0,7520,0.032,1.2682136550675317e+20,0.0,0.0,784,16797,-0.0,162057.094,-114818.039,-0.0,0.133,6.909358625270745e+28,30.0,70.0,35,0.0,0.0,0.0,0.0,0.0,0.0,0.0,0.0,0.0,0.0,0.0,0.0,0.0,0.0,0.0,0.0,66.4,0,150,71,52,65476,0,300,0,0,8,20529,65476,0,0,44564,70.0,0.0,0.0,0.0,0.0,0.0
2026-09-10T21:26:04,ERR,ERR,ERR,ERR,ERR,ERR,ERR,ERR,ERR,ERR,ERR,ERR,ERR,ERR,ERR,ERR,ERR,ERR,ERR,ERR,ERR,ERR,ERR,ERR,ERR,ERR,ERR,ERR,ERR,ERR,ERR,ERR,ERR,ERR,ERR,ERR,ERR,ERR,ERR,ERR,ERR,ERR,ERR,ERR,ERR,ERR,ERR,ERR,ERR,ERR,ERR,ERR,ERR,ERR,ERR,ERR,ERR,ERR,ERR,ERR,ERR,ERR,ERR,ERR,ERR,ERR,ERR,ERR,ERR,ERR,ERR,ERR,ERR,ERR,ERR,ERR,ERR,ERR,ERR,ERR,ERR,ERR,ERR,ERR,ERR,ERR,ERR,ERR,ERR,ERR,ERR,ERR,ERR,ERR,ERR,ERR,ERR,ERR,ERR,ERR,ERR,ERR,ERR,ERR,ERR,ERR,ERR,ERR,ERR,ERR,ERR,ERR,ERR,ERR,ERR,ERR,ERR,ERR,ERR,ERR,ERR,ERR,ERR,ERR,ERR,0.0,0.0,2.6474835549302285e+23,0.0,0.0,1.3936040501711995e+18,7.805,0.0,0,0,4,0,7116,0.0,100,0.0,0.0,0.0,0.0,0.0,0,0,0,0,0.0,0,0,0,0,0,0,0,0,0,0,0,0,0,0,0,0,0,0,0,0,0,0,0,0,0,0,0,0,0,0,0,0,0,31,40,40,71,65476,0,300,0,0,8,21553,0.0,-107605600.0,0.0,0.0,0.0,0.0,0.0,0.0,0.0,0.0,0.0,0.0,0.0,0.0,0.0,0.0,0.0,0.0,0.0,0.0,0.0,0.0,-2.004,2.004,2.004,2.004,0.0,0.0,0.0,0.0,4490.0,0.0,6919.0,0.0,0.0,-107615152.0,0.0,0.0,0.0,0.0,0.0,69,-71.63,5.848047364202327e+35,0.0,0.0,0.0,0.0,0.0,0.0,0.0,0,0,0,0.0,0.0,0.0,0.0,0.0,0.0,0.0,0.0,0.0,0.0,0.0,0.0,0.0,0.0,0.0,0.0,0,-107875648.0,69,0.0,138,0.0,-0.0,0,26215,17086,0,17102,39322,17081,0,0,0,70,68,100,2.7302399002429377e+23,82.3,-0.0,78.1,0.0,79.0,1,49,50,180,39322,26215,0,0,0.0,0.0,0.0,0.0,-0.0,67.0,0.0,162057.094,0.0,978,0,1007,0,0,0,952,0,1030,0,928,0,791,0,783,0,822,0,7520,0.032,1.2682136550675317e+20,0.0,0.0,784,16797,-0.0,162057.094,-114818.039,-0.0,0.133,6.909358625270745e+28,30.0,70.0,35,0.0,0.0,0.0,0.0,0.0,0.0,0.0,0.0,0.0,0.0,0.0,0.0,0.0,0.0,0.0,0.0,66.0,0,150,71,52,65476,0,300,0,0,8,20529,65476,0,0,44564,70.0,0.0,0.0,0.0,0.0,0.0
2026-09-10T21:26:05,ERR,ERR,ERR,ERR,ERR,ERR,ERR,ERR,ERR,ERR,ERR,ERR,ERR,ERR,ERR,ERR,ERR,ERR,ERR,ERR,ERR,ERR,ERR,ERR,ERR,ERR,ERR,ERR,ERR,ERR,ERR,ERR,ERR,ERR,ERR,ERR,ERR,ERR,ERR,ERR,ERR,ERR,ERR,ERR,ERR,ERR,ERR,ERR,ERR,ERR,ERR,ERR,ERR,ERR,ERR,ERR,ERR,ERR,ERR,ERR,ERR,ERR,ERR,ERR,ERR,ERR,ERR,ERR,ERR,ERR,ERR,ERR,ERR,ERR,ERR,ERR,ERR,ERR,ERR,ERR,ERR,ERR,ERR,ERR,ERR,ERR,ERR,ERR,ERR,ERR,ERR,ERR,ERR,ERR,ERR,ERR,ERR,ERR,ERR,ERR,ERR,ERR,ERR,ERR,ERR,ERR,ERR,ERR,ERR,ERR,ERR,ERR,ERR,ERR,ERR,ERR,ERR,ERR,ERR,ERR,ERR,ERR,ERR,ERR,ERR,0.0,0.0,2.6474835549302285e+23,0.0,0.0,1.3936040501711995e+18,7.805,0.0,0,0,4,0,7116,0.0,100,0.0,0.0,0.0,0.0,0.0,0,0,0,0,0.0,0,0,0,0,0,0,0,0,0,0,0,0,0,0,0,0,0,0,0,0,0,0,0,0,0,0,0,0,0,0,0,0,0,31,40,40,71,65476,0,300,0,0,8,21553,0.0,-107605600.0,0.0,0.0,0.0,0.0,0.0,0.0,0.0,0.0,0.0,0.0,0.0,0.0,0.0,0.0,0.0,0.0,0.0,0.0,0.0,0.0,-2.004,2.004,2.004,2.004,0.0,0.0,0.0,0.0,4490.0,0.0,6919.0,0.0,0.0,-107615152.0,0.0,0.0,0.0,0.0,0.0,69,-71.63,5.848047364202327e+35,0.0,0.0,0.0,0.0,0.0,0.0,0.0,0,0,0,0.0,0.0,0.0,0.0,0.0,0.0,0.0,0.0,0.0,0.0,0.0,0.0,0.0,0.0,0.0,0.0,0,-107875648.0,69,0.0,138,0.0,-0.0,0,26215,17086,0,17102,39322,17081,0,0,0,70,68,100,2.7302399002429377e+23,82.3,-0.0,78.1,0.0,79.0,1,49,50,180,39322,26215,0,0,0.0,0.0,0.0,0.0,-0.0,67.0,0.0,162057.094,0.0,978,0,1007,0,0,0,952,0,1030,0,928,0,791,0,783,0,822,0,7520,0.032,1.2682136550675317e+20,0.0,0.0,784,16797,-0.0,162057.094,-114818.039,-0.0,0.133,6.909358625270745e+28,30.0,70.0,35,0.0,0.0,0.0,0.0,0.0,0.0,0.0,0.0,0.0,0.0,0.0,0.0,0.0,0.0,0.0,0.0,66.0,0,150,71,52,65476,0,300,0,0,8,20529,65476,0,0,44564,70.0,0.0,0.0,0.0,0.0,0.0
2026-09-10T21:26:06,ERR,ERR,ERR,ERR,ERR,ERR,ERR,ERR,ERR,ERR,ERR,ERR,ERR,ERR,ERR,ERR,ERR,ERR,ERR,ERR,ERR,ERR,ERR,ERR,ERR,ERR,ERR,ERR,ERR,ERR,ERR,ERR,ERR,ERR,ERR,ERR,ERR,ERR,ERR,ERR,ERR,ERR,ERR,ERR,ERR,ERR,ERR,ERR,ERR,ERR,ERR,ERR,ERR,ERR,ERR,ERR,ERR,ERR,ERR,ERR,ERR,ERR,ERR,ERR,ERR,ERR,ERR,ERR,ERR,ERR,ERR,ERR,ERR,ERR,ERR,ERR,ERR,ERR,ERR,ERR,ERR,ERR,ERR,ERR,ERR,ERR,ERR,ERR,ERR,ERR,ERR,ERR,ERR,ERR,ERR,ERR,ERR,ERR,ERR,ERR,ERR,ERR,ERR,ERR,ERR,ERR,ERR,ERR,ERR,ERR,ERR,ERR,ERR,ERR,ERR,ERR,ERR,ERR,ERR,ERR,ERR,ERR,ERR,ERR,ERR,0.0,0.0,2.6474835549302285e+23,0.0,0.0,1.3936040501711995e+18,7.805,0.0,0,0,4,0,7116,0.0,100,0.0,0.0,0.0,0.0,0.0,0,0,0,0,0.0,0,0,0,0,0,0,0,0,0,0,0,0,0,0,0,0,0,0,0,0,0,0,0,0,0,0,0,0,0,0,0,0,0,31,40,40,71,65476,0,300,0,0,8,21553,0.0,-107605600.0,0.0,0.0,0.0,0.0,0.0,0.0,0.0,0.0,0.0,0.0,0.0,0.0,0.0,0.0,0.0,0.0,0.0,0.0,0.0,0.0,-2.004,2.004,2.004,2.004,0.0,0.0,0.0,0.0,4490.0,0.0,6919.0,0.0,0.0,-107615152.0,0.0,0.0,0.0,0.0,0.0,69,-71.63,5.848047364202327e+35,0.0,0.0,0.0,0.0,0.0,0.0,0.0,0,0,0,0.0,0.0,0.0,0.0,0.0,0.0,0.0,0.0,0.0,0.0,0.0,0.0,0.0,0.0,0.0,0.0,0,-107875648.0,69,0.0,138,0.0,-0.0,0,26215,17086,0,17102,39322,17081,0,0,0,70,68,100,2.7302399002429377e+23,82.3,-0.0,78.1,0.0,79.0,1,49,50,180,39322,26215,0,0,0.0,0.0,0.0,0.0,-0.0,67.0,0.0,162057.094,0.0,978,0,1007,0,0,0,952,0,1030,0,928,0,791,0,783,0,822,0,7520,0.032,1.2682136550675317e+20,0.0,0.0,784,16797,-0.0,162057.094,-114818.039,-0.0,0.133,6.909358625270745e+28,30.0,70.0,35,0.0,0.0,0.0,0.0,0.0,0.0,0.0,0.0,0.0,0.0,0.0,0.0,0.0,0.0,0.0,0.0,66.4,0,150,71,52,65476,0,300,0,0,8,20529,65476,0,0,44564,70.0,0.0,0.0,0.0,0.0,0.0
2026-09-10T21:26:07,ERR,ERR,ERR,ERR,ERR,ERR,ERR,ERR,ERR,ERR,ERR,ERR,ERR,ERR,ERR,ERR,ERR,ERR,ERR,ERR,ERR,ERR,ERR,ERR,ERR,ERR,ERR,ERR,ERR,ERR,ERR,ERR,ERR,ERR,ERR,ERR,ERR,ERR,ERR,ERR,ERR,ERR,ERR,ERR,ERR,ERR,ERR,ERR,ERR,ERR,ERR,ERR,ERR,ERR,ERR,ERR,ERR,ERR,ERR,ERR,ERR,ERR,ERR,ERR,ERR,ERR,ERR,ERR,ERR,ERR,ERR,ERR,ERR,ERR,ERR,ERR,ERR,ERR,ERR,ERR,ERR,ERR,ERR,ERR,ERR,ERR,ERR,ERR,ERR,ERR,ERR,ERR,ERR,ERR,ERR,ERR,ERR,ERR,ERR,ERR,ERR,ERR,ERR,ERR,ERR,ERR,ERR,ERR,ERR,ERR,ERR,ERR,ERR,ERR,ERR,ERR,ERR,ERR,ERR,ERR,ERR,ERR,ERR,ERR,ERR,0.0,0.0,2.6474835549302285e+23,0.0,0.0,1.3936040501711995e+18,7.805,0.0,0,0,4,0,7116,0.0,100,0.0,0.0,0.0,0.0,0.0,0,0,0,0,0.0,0,0,0,0,0,0,0,0,0,0,0,0,0,0,0,0,0,0,0,0,0,0,0,0,0,0,0,0,0,0,0,0,0,31,40,40,71,65476,0,300,0,0,8,21553,0.0,-107605600.0,0.0,0.0,0.0,0.0,0.0,0.0,0.0,0.0,0.0,0.0,0.0,0.0,0.0,0.0,0.0,0.0,0.0,0.0,0.0,0.0,-2.004,2.004,0.0,2.004,0.0,0.0,0.0,0.0,4499.0,0.0,6918.0,0.0,0.0,-107615152.0,0.0,0.0,0.0,0.0,0.0,69,-4.0668816144241325e+29,4.066845724438863e+29,0.0,0.0,0.0,0.0,0.0,0.0,0.0,0,0,0,0.0,0.0,0.0,0.0,0.0,0.0,0.0,0.0,0.0,0.0,0.0,0.0,0.0,0.0,0.0,0.0,0,-107875648.0,69,0.0,138,0.0,0.0,0,26215,17086,0,17102,39322,17081,0,0,0,70,68,100,2.7302399002429377e+23,82.3,-0.0,78.1,0.0,79.0,1,49,50,180,39322,26215,0,0,0.0,0.0,0.0,0.0,-0.0,67.0,0.0,162057.094,0.0,978,0,1007,0,0,0,952,0,1030,0,928,0,791,0,782,0,822,0,7520,0.032,1.2682136550675317e+20,0.0,0.0,784,16797,-0.0,162057.094,-114818.039,-0.0,0.133,6.909358625270745e+28,30.0,70.0,35,0.0,0.0,0.0,0.0,0.0,0.0,0.0,0.0,0.0,0.0,0.0,0.0,0.0,0.0,0.0,0.0,66.4,0,150,71,52,65476,0,300,0,0,8,20529,65476,0,0,44564,70.0,0.0,0.0,0.0,0.0,0.0
2026-09-10T21:26:08,ERR,ERR,ERR,ERR,ERR,ERR,ERR,ERR,ERR,ERR,ERR,ERR,ERR,ERR,ERR,ERR,ERR,ERR,ERR,ERR,ERR,ERR,ERR,ERR,ERR,ERR,ERR,ERR,ERR,ERR,ERR,ERR,ERR,ERR,ERR,ERR,ERR,ERR,ERR,ERR,ERR,ERR,ERR,ERR,ERR,ERR,ERR,ERR,ERR,ERR,ERR,ERR,ERR,ERR,ERR,ERR,ERR,ERR,ERR,ERR,ERR,ERR,ERR,ERR,ERR,ERR,ERR,ERR,ERR,ERR,ERR,ERR,ERR,ERR,ERR,ERR,ERR,ERR,ERR,ERR,ERR,ERR,ERR,ERR,ERR,ERR,ERR,ERR,ERR,ERR,ERR,ERR,ERR,ERR,ERR,ERR,ERR,ERR,ERR,ERR,ERR,ERR,ERR,ERR,ERR,ERR,ERR,ERR,ERR,ERR,ERR,ERR,ERR,ERR,ERR,ERR,ERR,ERR,ERR,ERR,ERR,ERR,ERR,ERR,ERR,0.0,0.0,2.6474835549302285e+23,0.0,0.0,1.3936040501711995e+18,7.805,0.0,0,0,4,0,7116,0.0,100,0.0,0.0,0.0,0.0,0.0,0,0,0,0,0.0,0,0,0,0,0,0,0,0,0,0,0,0,0,0,0,0,0,0,0,0,0,0,0,0,0,0,0,0,0,0,0,0,0,31,40,40,71,65476,0,300,0,0,8,21553,0.0,-107605600.0,0.0,0.0,0.0,0.0,0.0,0.0,0.0,0.0,0.0,0.0,0.0,0.0,0.0,0.0,0.0,0.0,0.0,0.0,0.0,0.0,-2.004,2.004,0.0,2.004,0.0,0.0,0.0,0.0,4499.0,0.0,6918.0,0.0,0.0,-107615152.0,0.0,0.0,0.0,0.0,0.0,69,-4.0668816144241325e+29,4.066845724438863e+29,0.0,0.0,0.0,0.0,0.0,0.0,0.0,0,0,0,0.0,0.0,0.0,0.0,0.0,0.0,0.0,0.0,0.0,0.0,0.0,0.0,0.0,0.0,0.0,0.0,0,-107875648.0,69,0.0,138,0.0,0.0,0,26215,17086,0,17102,39322,17081,0,0,0,70,68,100,2.7302399002429377e+23,82.3,-0.0,78.1,0.0,79.0,1,49,50,180,39322,26215,0,0,0.0,0.0,0.0,0.0,-0.0,67.0,0.0,162057.094,0.0,978,0,1007,0,0,0,952,0,1030,0,928,0,791,0,782,0,822,0,7520,0.032,1.2682136550675317e+20,0.0,0.0,784,16797,-0.0,162057.094,-114818.039,-0.0,0.133,6.909358625270745e+28,30.0,70.0,35,0.0,0.0,0.0,0.0,0.0,0.0,0.0,0.0,0.0,0.0,0.0,0.0,0.0,0.0,0.0,0.0,66.4,0,150,71,52,65476,0,300,0,0,8,20529,65476,0,0,44564,70.0,0.0,0.0,0.0,0.0,0.0
2026-09-10T21:26:09,ERR,ERR,ERR,ERR,ERR,ERR,ERR,ERR,ERR,ERR,ERR,ERR,ERR,ERR,ERR,ERR,ERR,ERR,ERR,ERR,ERR,ERR,ERR,ERR,ERR,ERR,ERR,ERR,ERR,ERR,ERR,ERR,ERR,ERR,ERR,ERR,ERR,ERR,ERR,ERR,ERR,ERR,ERR,ERR,ERR,ERR,ERR,ERR,ERR,ERR,ERR,ERR,ERR,ERR,ERR,ERR,ERR,ERR,ERR,ERR,ERR,ERR,ERR,ERR,ERR,ERR,ERR,ERR,ERR,ERR,ERR,ERR,ERR,ERR,ERR,ERR,ERR,ERR,ERR,ERR,ERR,ERR,ERR,ERR,ERR,ERR,ERR,ERR,ERR,ERR,ERR,ERR,ERR,ERR,ERR,ERR,ERR,ERR,ERR,ERR,ERR,ERR,ERR,ERR,ERR,ERR,ERR,ERR,ERR,ERR,ERR,ERR,ERR,ERR,ERR,ERR,ERR,ERR,ERR,ERR,ERR,ERR,ERR,ERR,ERR,0.0,0.0,2.6474835549302285e+23,0.0,0.0,1.3936040501711995e+18,7.805,0.0,0,0,4,0,7116,0.0,100,0.0,0.0,0.0,0.0,0.0,0,0,0,0,0.0,0,0,0,0,0,0,0,0,0,0,0,0,0,0,0,0,0,0,0,0,0,0,0,0,0,0,0,0,0,0,0,0,0,31,40,40,71,65476,0,300,0,0,8,21553,0.0,-107605600.0,0.0,0.0,0.0,0.0,0.0,0.0,0.0,0.0,0.0,0.0,0.0,0.0,0.0,0.0,0.0,0.0,0.0,0.0,0.0,0.0,-2.004,2.004,0.0,2.004,0.0,0.0,0.0,0.0,4499.0,0.0,6918.0,0.0,0.0,-107615152.0,0.0,0.0,0.0,0.0,0.0,69,-4.0668816144241325e+29,4.066845724438863e+29,0.0,0.0,0.0,0.0,0.0,0.0,0.0,0,0,0,0.0,0.0,0.0,0.0,0.0,0.0,0.0,0.0,0.0,0.0,0.0,0.0,0.0,0.0,0.0,0.0,0,-107875648.0,69,0.0,138,0.0,0.0,0,26215,17086,0,17102,39322,17081,0,0,0,70,68,100,2.7302399002429377e+23,82.3,-0.0,78.1,0.0,79.0,1,49,50,180,39322,26215,0,0,0.0,0.0,0.0,0.0,-0.0,67.0,0.0,162057.094,0.0,978,0,1007,0,0,0,952,0,1030,0,928,0,791,0,782,0,822,0,7520,0.032,1.2682136550675317e+20,0.0,0.0,784,16797,-0.0,162057.094,-114818.039,-0.0,0.133,6.909358625270745e+28,30.0,70.0,35,0.0,0.0,0.0,0.0,0.0,0.0,0.0,0.0,0.0,0.0,0.0,0.0,0.0,0.0,0.0,0.0,66.4,0,150,71,52,65476,0,300,0,0,8,20529,65476,0,0,44564,70.0,0.0,0.0,0.0,0.0,0.0
2026-09-10T21:26:10,ERR,ERR,ERR,ERR,ERR,ERR,ERR,ERR,ERR,ERR,ERR,ERR,ERR,ERR,ERR,ERR,ERR,ERR,ERR,ERR,ERR,ERR,ERR,ERR,ERR,ERR,ERR,ERR,ERR,ERR,ERR,ERR,ERR,ERR,ERR,ERR,ERR,ERR,ERR,ERR,ERR,ERR,ERR,ERR,ERR,ERR,ERR,ERR,ERR,ERR,ERR,ERR,ERR,ERR,ERR,ERR,ERR,ERR,ERR,ERR,ERR,ERR,ERR,ERR,ERR,ERR,ERR,ERR,ERR,ERR,ERR,ERR,ERR,ERR,ERR,ERR,ERR,ERR,ERR,ERR,ERR,ERR,ERR,ERR,ERR,ERR,ERR,ERR,ERR,ERR,ERR,ERR,ERR,ERR,ERR,ERR,ERR,ERR,ERR,ERR,ERR,ERR,ERR,ERR,ERR,ERR,ERR,ERR,ERR,ERR,ERR,ERR,ERR,ERR,ERR,ERR,ERR,ERR,ERR,ERR,ERR,ERR,ERR,ERR,ERR,0.0,0.0,2.6474835549302285e+23,0.0,0.0,1.3936040501711995e+18,7.805,0.0,0,0,4,0,7116,0.0,100,0.0,0.0,0.0,0.0,0.0,0,0,0,0,0.0,0,0,0,0,0,0,0,0,0,0,0,0,0,0,0,0,0,0,0,0,0,0,0,0,0,0,0,0,0,0,0,0,0,31,40,40,71,65476,0,300,0,0,8,21553,0.0,-107605600.0,0.0,0.0,0.0,0.0,0.0,0.0,0.0,0.0,0.0,0.0,0.0,0.0,0.0,0.0,0.0,0.0,0.0,0.0,0.0,0.0,-2.004,2.004,0.0,2.004,0.0,0.0,0.0,0.0,4499.0,0.0,6918.0,0.0,0.0,-107615152.0,0.0,0.0,0.0,0.0,0.0,69,-4.0668816144241325e+29,4.066845724438863e+29,0.0,0.0,0.0,0.0,0.0,0.0,0.0,0,0,0,0.0,0.0,0.0,0.0,0.0,0.0,0.0,0.0,0.0,0.0,0.0,0.0,0.0,0.0,0.0,0.0,0,-107875648.0,69,0.0,138,0.0,0.0,0,26215,17086,0,17102,39322,17081,0,0,0,70,68,100,2.7302399002429377e+23,82.3,-0.0,78.1,0.0,79.0,1,49,50,180,39322,26215,0,0,0.0,0.0,0.0,0.0,-0.0,67.0,0.0,162057.094,0.0,978,0,1007,0,0,0,952,0,1030,0,928,0,791,0,782,0,822,0,7520,0.032,1.2682136550675317e+20,0.0,0.0,784,16797,-0.0,162057.094,-114818.039,-0.0,0.133,6.909358625270745e+28,30.0,70.0,35,0.0,0.0,0.0,0.0,0.0,0.0,0.0,0.0,0.0,0.0,0.0,0.0,0.0,0.0,0.0,0.0,66.4,0,150,71,52,65476,0,300,0,0,8,20529,65476,0,0,44564,70.0,0.0,0.0,0.0,0.0,0.0
2026-09-10T21:26:11,ERR,ERR,ERR,ERR,ERR,ERR,ERR,ERR,ERR,ERR,ERR,ERR,ERR,ERR,ERR,ERR,ERR,ERR,ERR,ERR,ERR,ERR,ERR,ERR,ERR,ERR,ERR,ERR,ERR,ERR,ERR,ERR,ERR,ERR,ERR,ERR,ERR,ERR,ERR,ERR,ERR,ERR,ERR,ERR,ERR,ERR,ERR,ERR,ERR,ERR,ERR,ERR,ERR,ERR,ERR,ERR,ERR,ERR,ERR,ERR,ERR,ERR,ERR,ERR,ERR,ERR,ERR,ERR,ERR,ERR,ERR,ERR,ERR,ERR,ERR,ERR,ERR,ERR,ERR,ERR,ERR,ERR,ERR,ERR,ERR,ERR,ERR,ERR,ERR,ERR,ERR,ERR,ERR,ERR,ERR,ERR,ERR,ERR,ERR,ERR,ERR,ERR,ERR,ERR,ERR,ERR,ERR,ERR,ERR,ERR,ERR,ERR,ERR,ERR,ERR,ERR,ERR,ERR,ERR,ERR,ERR,ERR,ERR,ERR,ERR,0.0,0.0,2.6474835549302285e+23,0.0,0.0,1.3936040501711995e+18,7.805,0.0,0,0,4,0,7116,0.0,100,0.0,0.0,0.0,0.0,0.0,0,0,0,0,0.0,0,0,0,0,0,0,0,0,0,0,0,0,0,0,0,0,0,0,0,0,0,0,0,0,0,0,0,0,0,0,0,0,0,31,40,40,71,65476,0,300,0,0,8,21553,0.0,-107605600.0,0.0,0.0,0.0,0.0,0.0,0.0,0.0,0.0,0.0,0.0,0.0,0.0,0.0,0.0,0.0,0.0,0.0,0.0,0.0,0.0,-2.004,2.004,0.0,2.004,0.0,0.0,0.0,0.0,4499.0,0.0,6918.0,0.0,0.0,-107615152.0,0.0,0.0,0.0,0.0,0.0,69,-4.0668816144241325e+29,4.066845724438863e+29,0.0,0.0,0.0,0.0,0.0,0.0,0.0,0,0,0,0.0,0.0,0.0,0.0,0.0,0.0,0.0,0.0,0.0,0.0,0.0,0.0,0.0,0.0,0.0,0.0,0,-107875648.0,69,0.0,138,0.0,0.0,0,26215,17086,0,17102,39322,17081,0,0,0,70,68,100,2.7302399002429377e+23,82.3,-0.0,78.1,0.0,79.0,1,49,50,180,39322,26215,0,0,0.0,0.0,0.0,0.0,-0.0,67.0,0.0,162057.094,0.0,978,0,1007,0,0,0,952,0,1030,0,928,0,791,0,782,0,822,0,7520,0.032,1.2682136550675317e+20,0.0,0.0,784,16797,-0.0,162057.094,-114818.039,-0.0,0.133,6.909358625270745e+28,30.0,70.0,35,0.0,0.0,0.0,0.0,0.0,0.0,0.0,0.0,0.0,0.0,0.0,0.0,0.0,0.0,0.0,0.0,66.4,0,150,71,52,65476,0,300,0,0,8,20529,65476,0,0,44564,70.0,0.0,0.0,0.0,0.0,0.0
2026-09-10T21:26:12,ERR,ERR,ERR,ERR,ERR,ERR,ERR,ERR,ERR,ERR,ERR,ERR,ERR,ERR,ERR,ERR,ERR,ERR,ERR,ERR,ERR,ERR,ERR,ERR,ERR,ERR,ERR,ERR,ERR,ERR,ERR,ERR,ERR,ERR,ERR,ERR,ERR,ERR,ERR,ERR,ERR,ERR,ERR,ERR,ERR,ERR,ERR,ERR,ERR,ERR,ERR,ERR,ERR,ERR,ERR,ERR,ERR,ERR,ERR,ERR,ERR,ERR,ERR,ERR,ERR,ERR,ERR,ERR,ERR,ERR,ERR,ERR,ERR,ERR,ERR,ERR,ERR,ERR,ERR,ERR,ERR,ERR,ERR,ERR,ERR,ERR,ERR,ERR,ERR,ERR,ERR,ERR,ERR,ERR,ERR,ERR,ERR,ERR,ERR,ERR,ERR,ERR,ERR,ERR,ERR,ERR,ERR,ERR,ERR,ERR,ERR,ERR,ERR,ERR,ERR,ERR,ERR,ERR,ERR,ERR,ERR,ERR,ERR,ERR,ERR,0.0,0.0,2.6474835549302285e+23,0.0,0.0,1.3936040501711995e+18,7.805,0.0,0,0,4,0,7116,0.0,100,0.0,0.0,0.0,0.0,0.0,0,0,0,0,0.0,0,0,0,0,0,0,0,0,0,0,0,0,0,0,0,0,0,0,0,0,0,0,0,0,0,0,0,0,0,0,0,0,0,31,40,40,71,65476,0,300,0,0,8,21553,0.0,-107605600.0,0.0,0.0,0.0,0.0,0.0,0.0,0.0,0.0,0.0,0.0,0.0,0.0,0.0,0.0,0.0,0.0,0.0,0.0,0.0,0.0,-2.004,2.004,0.0,2.004,0.0,0.0,0.0,0.0,4499.0,0.0,6918.0,0.0,0.0,-107615152.0,0.0,0.0,0.0,0.0,0.0,69,-4.0668816144241325e+29,4.066845724438863e+29,0.0,0.0,0.0,0.0,0.0,0.0,0.0,0,0,0,0.0,0.0,0.0,0.0,0.0,0.0,0.0,0.0,0.0,0.0,0.0,0.0,0.0,0.0,0.0,0.0,0,-107875648.0,69,0.0,138,0.0,0.0,0,26215,17086,0,17102,39322,17081,0,0,0,70,68,100,2.7302399002429377e+23,82.3,-0.0,78.1,0.0,79.0,1,49,50,180,39322,26215,0,0,0.0,0.0,0.0,0.0,-0.0,67.0,0.0,162057.094,0.0,978,0,1007,0,0,0,952,0,1030,0,928,0,791,0,782,0,822,0,7520,0.032,1.2682136550675317e+20,0.0,0.0,784,16797,-0.0,162057.094,-114818.039,-0.0,0.133,6.909358625270745e+28,30.0,70.0,35,0.0,0.0,0.0,0.0,0.0,0.0,0.0,0.0,0.0,0.0,0.0,0.0,0.0,0.0,0.0,0.0,66.4,0,150,71,52,65476,0,300,0,0,8,20529,65476,0,0,44564,70.0,0.0,0.0,0.0,0.0,0.0
2026-09-10T21:26:13,ERR,ERR,ERR,ERR,ERR,ERR,ERR,ERR,ERR,ERR,ERR,ERR,ERR,ERR,ERR,ERR,ERR,ERR,ERR,ERR,ERR,ERR,ERR,ERR,ERR,ERR,ERR,ERR,ERR,ERR,ERR,ERR,ERR,ERR,ERR,ERR,ERR,ERR,ERR,ERR,ERR,ERR,ERR,ERR,ERR,ERR,ERR,ERR,ERR,ERR,ERR,ERR,ERR,ERR,ERR,ERR,ERR,ERR,ERR,ERR,ERR,ERR,ERR,ERR,ERR,ERR,ERR,ERR,ERR,ERR,ERR,ERR,ERR,ERR,ERR,ERR,ERR,ERR,ERR,ERR,ERR,ERR,ERR,ERR,ERR,ERR,ERR,ERR,ERR,ERR,ERR,ERR,ERR,ERR,ERR,ERR,ERR,ERR,ERR,ERR,ERR,ERR,ERR,ERR,ERR,ERR,ERR,ERR,ERR,ERR,ERR,ERR,ERR,ERR,ERR,ERR,ERR,ERR,ERR,ERR,ERR,ERR,ERR,ERR,ERR,0.0,0.0,2.6474835549302285e+23,0.0,0.0,1.3936040501711995e+18,7.805,0.0,0,0,4,0,7116,0.0,100,0.0,0.0,0.0,0.0,0.0,0,0,0,0,0.0,0,0,0,0,0,0,0,0,0,0,0,0,0,0,0,0,0,0,0,0,0,0,0,0,0,0,0,0,0,0,0,0,0,31,40,40,71,65476,0,300,0,0,8,21553,0.0,-107605600.0,0.0,0.0,0.0,0.0,0.0,0.0,0.0,0.0,0.0,0.0,0.0,0.0,0.0,0.0,0.0,0.0,0.0,0.0,0.0,0.0,-2.004,2.004,0.0,2.004,0.0,0.0,0.0,0.0,4499.0,0.0,6918.0,0.0,0.0,-107615152.0,0.0,0.0,0.0,0.0,0.0,69,-4.0668816144241325e+29,4.066845724438863e+29,0.0,0.0,0.0,0.0,0.0,0.0,0.0,0,0,0,0.0,0.0,0.0,0.0,0.0,0.0,0.0,0.0,0.0,0.0,0.0,0.0,0.0,0.0,0.0,0.0,0,-107875648.0,69,0.0,138,0.0,0.0,0,26215,17086,0,17102,39322,17081,0,0,0,70,68,100,2.7302399002429377e+23,82.3,-0.0,78.1,0.0,79.0,1,49,50,180,39322,26215,0,0,0.0,0.0,0.0,0.0,-0.0,67.0,0.0,162057.094,0.0,978,0,1007,0,0,0,952,0,1030,0,928,0,791,0,783,0,822,0,7520,0.032,1.2739782625905659e+20,0.0,0.0,784,16797,-0.0,162057.094,-114818.039,-0.0,0.133,6.909358625270745e+28,30.0,70.0,35,0.0,0.0,0.0,0.0,0.0,0.0,0.0,0.0,0.0,0.0,0.0,0.0,0.0,0.0,0.0,0.0,66.4,0,150,71,52,65476,0,300,0,0,8,20529,65476,0,0,44564,70.0,0.0,0.0,0.0,0.0,0.0
2026-09-10T21:26:14,ERR,ERR,ERR,ERR,ERR,ERR,ERR,ERR,ERR,ERR,ERR,ERR,ERR,ERR,ERR,ERR,ERR,ERR,ERR,ERR,ERR,ERR,ERR,ERR,ERR,ERR,ERR,ERR,ERR,ERR,ERR,ERR,ERR,ERR,ERR,ERR,ERR,ERR,ERR,ERR,ERR,ERR,ERR,ERR,ERR,ERR,ERR,ERR,ERR,ERR,ERR,ERR,ERR,ERR,ERR,ERR,ERR,ERR,ERR,ERR,ERR,ERR,ERR,ERR,ERR,ERR,ERR,ERR,ERR,ERR,ERR,ERR,ERR,ERR,ERR,ERR,ERR,ERR,ERR,ERR,ERR,ERR,ERR,ERR,ERR,ERR,ERR,ERR,ERR,ERR,ERR,ERR,ERR,ERR,ERR,ERR,ERR,ERR,ERR,ERR,ERR,ERR,ERR,ERR,ERR,ERR,ERR,ERR,ERR,ERR,ERR,ERR,ERR,ERR,ERR,ERR,ERR,ERR,ERR,ERR,ERR,ERR,ERR,ERR,ERR,0.0,0.0,2.6474835549302285e+23,0.0,0.0,1.3936040501711995e+18,7.805,0.0,0,0,4,0,7116,0.0,100,0.0,0.0,0.0,0.0,0.0,0,0,0,0,0.0,0,0,0,0,0,0,0,0,0,0,0,0,0,0,0,0,0,0,0,0,0,0,0,0,0,0,0,0,0,0,0,0,0,31,40,40,71,65476,0,300,0,0,8,21553,0.0,-107605600.0,0.0,0.0,0.0,0.0,0.0,0.0,0.0,0.0,0.0,0.0,0.0,0.0,0.0,0.0,0.0,0.0,0.0,0.0,0.0,0.0,-2.004,2.004,0.0,2.004,0.0,0.0,0.0,0.0,4496.0,2.004,6920.0,0.0,0.0,2.7184256974124493e+23,0.0,0.0,0.0,0.0,0.0,69,-126841143296.0,5.848047364202327e+35,0.0,0.0,0.0,0.0,0.0,0.0,0.0,0,0,0,0.0,0.0,0.0,0.0,0.0,0.0,0.0,0.0,0.0,0.0,0.0,0.0,0.0,0.0,0.0,0.0,0,-107875648.0,69,0.0,138,0.0,0.0,0,26215,17086,0,17102,39322,17081,0,0,0,70,68,100,2.7302399002429377e+23,82.3,-0.0,78.1,0.0,79.0,1,49,50,180,39322,26215,0,0,0.0,0.0,0.0,0.0,-0.0,67.0,0.0,162057.094,0.0,978,0,1007,0,0,0,952,0,1030,0,928,0,791,0,783,0,822,0,7520,0.032,1.2739782625905659e+20,0.0,0.0,784,16797,-0.0,162057.094,-114818.039,-0.0,0.133,6.909358625270745e+28,30.0,70.0,35,0.0,0.0,0.0,0.0,0.0,0.0,0.0,0.0,0.0,0.0,0.0,0.0,0.0,0.0,0.0,0.0,66.4,0,150,71,52,65476,0,300,0,0,8,20529,65476,0,0,44564,70.0,0.0,0.0,0.0,0.0,0.0
2026-09-10T21:26:15,ERR,ERR,ERR,ERR,ERR,ERR,ERR,ERR,ERR,ERR,ERR,ERR,ERR,ERR,ERR,ERR,ERR,ERR,ERR,ERR,ERR,ERR,ERR,ERR,ERR,ERR,ERR,ERR,ERR,ERR,ERR,ERR,ERR,ERR,ERR,ERR,ERR,ERR,ERR,ERR,ERR,ERR,ERR,ERR,ERR,ERR,ERR,ERR,ERR,ERR,ERR,ERR,ERR,ERR,ERR,ERR,ERR,ERR,ERR,ERR,ERR,ERR,ERR,ERR,ERR,ERR,ERR,ERR,ERR,ERR,ERR,ERR,ERR,ERR,ERR,ERR,ERR,ERR,ERR,ERR,ERR,ERR,ERR,ERR,ERR,ERR,ERR,ERR,ERR,ERR,ERR,ERR,ERR,ERR,ERR,ERR,ERR,ERR,ERR,ERR,ERR,ERR,ERR,ERR,ERR,ERR,ERR,ERR,ERR,ERR,ERR,ERR,ERR,ERR,ERR,ERR,ERR,ERR,ERR,ERR,ERR,ERR,ERR,ERR,ERR,0.0,0.0,2.6474835549302285e+23,0.0,0.0,1.3936040501711995e+18,7.805,0.0,0,0,4,0,7116,0.0,100,0.0,0.0,0.0,0.0,0.0,0,0,0,0,0.0,0,0,0,0,0,0,0,0,0,0,0,0,0,0,0,0,0,0,0,0,0,0,0,0,0,0,0,0,0,0,0,0,0,31,40,40,71,65476,0,300,0,0,8,21553,0.0,-107605600.0,0.0,0.0,0.0,0.0,0.0,0.0,0.0,0.0,0.0,0.0,0.0,0.0,0.0,0.0,0.0,0.0,0.0,0.0,0.0,0.0,-2.004,2.004,0.0,2.004,0.0,0.0,0.0,0.0,4496.0,2.004,6920.0,0.0,0.0,2.7184256974124493e+23,0.0,0.0,0.0,0.0,0.0,69,-126841143296.0,5.848047364202327e+35,0.0,0.0,0.0,0.0,0.0,0.0,0.0,0,0,0,0.0,0.0,0.0,0.0,0.0,0.0,0.0,0.0,0.0,0.0,0.0,0.0,0.0,0.0,0.0,0.0,0,-107875648.0,69,0.0,138,0.0,0.0,0,26215,17086,0,17102,39322,17081,0,0,0,70,68,100,2.7302399002429377e+23,82.3,-0.0,78.1,0.0,79.0,1,49,50,180,39322,26215,0,0,0.0,0.0,0.0,0.0,-0.0,67.0,0.0,162057.094,0.0,978,0,1007,0,0,0,952,0,1030,0,928,0,791,0,783,0,822,0,7520,0.032,1.2739782625905659e+20,0.0,0.0,784,16797,-0.0,162057.094,-114818.039,-0.0,0.133,6.909358625270745e+28,30.0,70.0,35,0.0,0.0,0.0,0.0,0.0,0.0,0.0,0.0,0.0,0.0,0.0,0.0,0.0,0.0,0.0,0.0,66.4,0,150,71,52,65476,0,300,0,0,8,20529,65476,0,0,44564,70.0,0.0,0.0,0.0,0.0,0.0
2026-09-10T21:26:16,ERR,ERR,ERR,ERR,ERR,ERR,ERR,ERR,ERR,ERR,ERR,ERR,ERR,ERR,ERR,ERR,ERR,ERR,ERR,ERR,ERR,ERR,ERR,ERR,ERR,ERR,ERR,ERR,ERR,ERR,ERR,ERR,ERR,ERR,ERR,ERR,ERR,ERR,ERR,ERR,ERR,ERR,ERR,ERR,ERR,ERR,ERR,ERR,ERR,ERR,ERR,ERR,ERR,ERR,ERR,ERR,ERR,ERR,ERR,ERR,ERR,ERR,ERR,ERR,ERR,ERR,ERR,ERR,ERR,ERR,ERR,ERR,ERR,ERR,ERR,ERR,ERR,ERR,ERR,ERR,ERR,ERR,ERR,ERR,ERR,ERR,ERR,ERR,ERR,ERR,ERR,ERR,ERR,ERR,ERR,ERR,ERR,ERR,ERR,ERR,ERR,ERR,ERR,ERR,ERR,ERR,ERR,ERR,ERR,ERR,ERR,ERR,ERR,ERR,ERR,ERR,ERR,ERR,ERR,ERR,ERR,ERR,ERR,ERR,ERR,0.0,0.0,2.6474835549302285e+23,0.0,0.0,1.3936040501711995e+18,7.805,0.0,0,0,4,0,7116,0.0,100,0.0,0.0,0.0,0.0,0.0,0,0,0,0,0.0,0,0,0,0,0,0,0,0,0,0,0,0,0,0,0,0,0,0,0,0,0,0,0,0,0,0,0,0,0,0,0,0,0,31,40,40,71,65476,0,300,0,0,8,21553,0.0,-107605600.0,0.0,0.0,0.0,0.0,0.0,0.0,0.0,0.0,0.0,0.0,0.0,0.0,0.0,0.0,0.0,0.0,0.0,0.0,0.0,0.0,-2.004,2.004,0.0,2.004,0.0,0.0,0.0,0.0,4496.0,2.004,6920.0,0.0,0.0,2.7184256974124493e+23,0.0,0.0,0.0,0.0,0.0,69,-126841143296.0,5.848047364202327e+35,0.0,0.0,0.0,0.0,0.0,0.0,0.0,0,0,0,0.0,0.0,0.0,0.0,0.0,0.0,0.0,0.0,0.0,0.0,0.0,0.0,0.0,0.0,0.0,0.0,0,-107875648.0,69,0.0,138,0.0,0.0,0,26215,17086,0,17102,39322,17081,0,0,0,70,68,100,2.7302399002429377e+23,82.3,-0.0,78.1,0.0,79.0,1,49,50,180,39322,26215,0,0,0.0,0.0,0.0,0.0,-0.0,67.0,0.0,162057.094,0.0,978,0,1007,0,0,0,952,0,1030,0,928,0,791,0,783,0,822,0,7520,0.032,1.2739782625905659e+20,0.0,0.0,784,16797,-0.0,162057.094,-114818.039,-0.0,0.133,6.909358625270745e+28,30.0,70.0,35,0.0,0.0,0.0,0.0,0.0,0.0,0.0,0.0,0.0,0.0,0.0,0.0,0.0,0.0,0.0,0.0,66.4,0,150,71,52,65476,0,300,0,0,8,20529,65476,0,0,44564,70.0,0.0,0.0,0.0,0.0,0.0
2026-09-10T21:26:17,ERR,ERR,ERR,ERR,ERR,ERR,ERR,ERR,ERR,ERR,ERR,ERR,ERR,ERR,ERR,ERR,ERR,ERR,ERR,ERR,ERR,ERR,ERR,ERR,ERR,ERR,ERR,ERR,ERR,ERR,ERR,ERR,ERR,ERR,ERR,ERR,ERR,ERR,ERR,ERR,ERR,ERR,ERR,ERR,ERR,ERR,ERR,ERR,ERR,ERR,ERR,ERR,ERR,ERR,ERR,ERR,ERR,ERR,ERR,ERR,ERR,ERR,ERR,ERR,ERR,ERR,ERR,ERR,ERR,ERR,ERR,ERR,ERR,ERR,ERR,ERR,ERR,ERR,ERR,ERR,ERR,ERR,ERR,ERR,ERR,ERR,ERR,ERR,ERR,ERR,ERR,ERR,ERR,ERR,ERR,ERR,ERR,ERR,ERR,ERR,ERR,ERR,ERR,ERR,ERR,ERR,ERR,ERR,ERR,ERR,ERR,ERR,ERR,ERR,ERR,ERR,ERR,ERR,ERR,ERR,ERR,ERR,ERR,ERR,ERR,0.0,0.0,2.6474835549302285e+23,0.0,0.0,1.3936040501711995e+18,7.805,0.0,0,0,4,0,7116,0.0,100,0.0,0.0,0.0,0.0,0.0,0,0,0,0,0.0,0,0,0,0,0,0,0,0,0,0,0,0,0,0,0,0,0,0,0,0,0,0,0,0,0,0,0,0,0,0,0,0,0,31,40,40,71,65476,0,300,0,0,8,21553,0.0,-107605600.0,0.0,0.0,0.0,0.0,0.0,0.0,0.0,0.0,0.0,0.0,0.0,0.0,0.0,0.0,0.0,0.0,0.0,0.0,0.0,0.0,-2.004,2.004,0.0,2.004,0.0,0.0,0.0,0.0,4496.0,2.004,6920.0,0.0,0.0,2.7184256974124493e+23,0.0,0.0,0.0,0.0,0.0,69,-126841143296.0,5.848047364202327e+35,0.0,0.0,0.0,0.0,0.0,0.0,0.0,0,0,0,0.0,0.0,0.0,0.0,0.0,0.0,0.0,0.0,0.0,0.0,0.0,0.0,0.0,0.0,0.0,0.0,0,-107875648.0,69,0.0,138,0.0,0.0,0,26215,17086,0,17102,39322,17081,0,0,0,70,68,100,2.7302399002429377e+23,82.3,-0.0,78.1,0.0,79.0,1,49,50,180,39322,26215,0,0,0.0,0.0,0.0,0.0,-0.0,67.0,0.0,162057.094,0.0,978,0,1007,0,0,0,952,0,1030,0,928,0,791,0,783,0,822,0,7520,0.032,1.2682136550675317e+20,0.0,0.0,784,16797,-0.0,162057.094,-114818.039,-0.0,0.133,6.909358625270745e+28,30.0,70.0,35,0.0,0.0,0.0,0.0,0.0,0.0,0.0,0.0,0.0,0.0,0.0,0.0,0.0,0.0,0.0,0.0,66.4,0,150,71,52,65476,0,300,0,0,8,20529,65476,0,0,44564,70.0,0.0,0.0,0.0,0.0,0.0
2026-09-10T21:26:18,ERR,ERR,ERR,ERR,ERR,ERR,ERR,ERR,ERR,ERR,ERR,ERR,ERR,ERR,ERR,ERR,ERR,ERR,ERR,ERR,ERR,ERR,ERR,ERR,ERR,ERR,ERR,ERR,ERR,ERR,ERR,ERR,ERR,ERR,ERR,ERR,ERR,ERR,ERR,ERR,ERR,ERR,ERR,ERR,ERR,ERR,ERR,ERR,ERR,ERR,ERR,ERR,ERR,ERR,ERR,ERR,ERR,ERR,ERR,ERR,ERR,ERR,ERR,ERR,ERR,ERR,ERR,ERR,ERR,ERR,ERR,ERR,ERR,ERR,ERR,ERR,ERR,ERR,ERR,ERR,ERR,ERR,ERR,ERR,ERR,ERR,ERR,ERR,ERR,ERR,ERR,ERR,ERR,ERR,ERR,ERR,ERR,ERR,ERR,ERR,ERR,ERR,ERR,ERR,ERR,ERR,ERR,ERR,ERR,ERR,ERR,ERR,ERR,ERR,ERR,ERR,ERR,ERR,ERR,ERR,ERR,ERR,ERR,ERR,ERR,0.0,0.0,2.6474835549302285e+23,0.0,0.0,1.3936040501711995e+18,7.805,0.0,0,0,4,0,7116,0.0,100,0.0,0.0,0.0,0.0,0.0,0,0,0,0,0.0,0,0,0,0,0,0,0,0,0,0,0,0,0,0,0,0,0,0,0,0,0,0,0,0,0,0,0,0,0,0,0,0,0,31,40,40,71,65476,0,300,0,0,8,21553,0.0,-107605600.0,0.0,0.0,0.0,0.0,0.0,0.0,0.0,0.0,0.0,0.0,0.0,0.0,0.0,0.0,0.0,0.0,0.0,0.0,0.0,0.0,-2.004,2.004,0.0,2.004,0.0,0.0,0.0,0.0,4496.0,2.004,6920.0,0.0,0.0,2.7184256974124493e+23,0.0,0.0,0.0,0.0,0.0,69,-126841143296.0,5.848047364202327e+35,0.0,0.0,0.0,0.0,0.0,0.0,0.0,0,0,0,0.0,0.0,0.0,0.0,0.0,0.0,0.0,0.0,0.0,0.0,0.0,0.0,0.0,0.0,0.0,0.0,0,-107875648.0,69,0.0,138,0.0,0.0,0,26215,17086,0,17102,39322,17081,0,0,0,70,68,100,2.7302399002429377e+23,82.3,-0.0,78.1,0.0,79.0,1,49,50,180,39322,26215,0,0,0.0,0.0,0.0,0.0,-0.0,67.0,0.0,162057.094,0.0,978,0,1007,0,0,0,952,0,1030,0,928,0,791,0,783,0,822,0,7520,0.032,1.2682136550675317e+20,0.0,0.0,784,16797,-0.0,162057.094,-114818.039,-0.0,0.133,6.909358625270745e+28,30.0,70.0,35,0.0,0.0,0.0,0.0,0.0,0.0,0.0,0.0,0.0,0.0,0.0,0.0,0.0,0.0,0.0,0.0,66.4,0,150,71,52,65476,0,300,0,0,8,20529,65476,0,0,44564,70.0,0.0,0.0,0.0,0.0,0.0
2026-09-10T21:26:19,ERR,ERR,ERR,ERR,ERR,ERR,ERR,ERR,ERR,ERR,ERR,ERR,ERR,ERR,ERR,ERR,ERR,ERR,ERR,ERR,ERR,ERR,ERR,ERR,ERR,ERR,ERR,ERR,ERR,ERR,ERR,ERR,ERR,ERR,ERR,ERR,ERR,ERR,ERR,ERR,ERR,ERR,ERR,ERR,ERR,ERR,ERR,ERR,ERR,ERR,ERR,ERR,ERR,ERR,ERR,ERR,ERR,ERR,ERR,ERR,ERR,ERR,ERR,ERR,ERR,ERR,ERR,ERR,ERR,ERR,ERR,ERR,ERR,ERR,ERR,ERR,ERR,ERR,ERR,ERR,ERR,ERR,ERR,ERR,ERR,ERR,ERR,ERR,ERR,ERR,ERR,ERR,ERR,ERR,ERR,ERR,ERR,ERR,ERR,ERR,ERR,ERR,ERR,ERR,ERR,ERR,ERR,ERR,ERR,ERR,ERR,ERR,ERR,ERR,ERR,ERR,ERR,ERR,ERR,ERR,ERR,ERR,ERR,ERR,ERR,0.0,0.0,2.6474835549302285e+23,0.0,0.0,1.3936040501711995e+18,7.805,0.0,0,0,4,0,7116,0.0,100,0.0,0.0,0.0,0.0,0.0,0,0,0,0,0.0,0,0,0,0,0,0,0,0,0,0,0,0,0,0,0,0,0,0,0,0,0,0,0,0,0,0,0,0,0,0,0,0,0,31,40,40,71,65476,0,300,0,0,8,21553,0.0,-107605600.0,0.0,0.0,0.0,0.0,0.0,0.0,0.0,0.0,0.0,0.0,0.0,0.0,0.0,0.0,0.0,0.0,0.0,0.0,0.0,0.0,-2.004,2.004,0.0,2.004,0.0,0.0,0.0,0.0,4496.0,2.004,6920.0,0.0,0.0,2.7184256974124493e+23,0.0,0.0,0.0,0.0,0.0,69,-126841143296.0,5.848047364202327e+35,0.0,0.0,0.0,0.0,0.0,0.0,0.0,0,0,0,0.0,0.0,0.0,0.0,0.0,0.0,0.0,0.0,0.0,0.0,0.0,0.0,0.0,0.0,0.0,0.0,0,-107875648.0,69,0.0,138,0.0,0.0,0,26215,17086,0,17102,39322,17081,0,0,0,70,68,100,2.7302399002429377e+23,82.3,-0.0,78.1,0.0,79.0,1,49,50,180,39322,26215,0,0,0.0,0.0,0.0,0.0,-0.0,67.0,0.0,162057.094,0.0,978,0,1007,0,0,0,952,0,1030,0,928,0,791,0,783,0,822,0,7520,0.032,1.2682136550675317e+20,0.0,0.0,784,16797,-0.0,162057.094,-114818.039,-0.0,0.133,6.909358625270745e+28,30.0,70.0,35,0.0,0.0,0.0,0.0,0.0,0.0,0.0,0.0,0.0,0.0,0.0,0.0,0.0,0.0,0.0,0.0,66.4,0,150,71,52,65476,0,300,0,0,8,20529,65476,0,0,44564,70.0,0.0,0.0,0.0,0.0,0.0
2026-09-10T21:26:20,ERR,ERR,ERR,ERR,ERR,ERR,ERR,ERR,ERR,ERR,ERR,ERR,ERR,ERR,ERR,ERR,ERR,ERR,ERR,ERR,ERR,ERR,ERR,ERR,ERR,ERR,ERR,ERR,ERR,ERR,ERR,ERR,ERR,ERR,ERR,ERR,ERR,ERR,ERR,ERR,ERR,ERR,ERR,ERR,ERR,ERR,ERR,ERR,ERR,ERR,ERR,ERR,ERR,ERR,ERR,ERR,ERR,ERR,ERR,ERR,ERR,ERR,ERR,ERR,ERR,ERR,ERR,ERR,ERR,ERR,ERR,ERR,ERR,ERR,ERR,ERR,ERR,ERR,ERR,ERR,ERR,ERR,ERR,ERR,ERR,ERR,ERR,ERR,ERR,ERR,ERR,ERR,ERR,ERR,ERR,ERR,ERR,ERR,ERR,ERR,ERR,ERR,ERR,ERR,ERR,ERR,ERR,ERR,ERR,ERR,ERR,ERR,ERR,ERR,ERR,ERR,ERR,ERR,ERR,ERR,ERR,ERR,ERR,ERR,ERR,0.0,0.0,2.6474835549302285e+23,0.0,0.0,1.3936040501711995e+18,7.805,0.0,0,0,4,0,7116,0.0,100,0.0,0.0,0.0,0.0,0.0,0,0,0,0,0.0,0,0,0,0,0,0,0,0,0,0,0,0,0,0,0,0,0,0,0,0,0,0,0,0,0,0,0,0,0,0,0,0,0,31,40,40,71,65476,0,300,0,0,8,21553,0.0,-107605600.0,0.0,0.0,0.0,0.0,0.0,0.0,0.0,0.0,0.0,0.0,0.0,0.0,0.0,0.0,0.0,0.0,0.0,0.0,0.0,0.0,-2.004,2.004,0.0,2.004,0.0,0.0,0.0,0.0,4496.0,2.004,6920.0,0.0,0.0,2.7184256974124493e+23,0.0,0.0,0.0,0.0,0.0,69,-126841143296.0,5.848047364202327e+35,0.0,0.0,0.0,0.0,0.0,0.0,0.0,0,0,0,0.0,0.0,0.0,0.0,0.0,0.0,0.0,0.0,0.0,0.0,0.0,0.0,0.0,0.0,0.0,0.0,0,-107875648.0,69,0.0,138,0.0,0.0,0,26215,17086,0,17102,39322,17081,0,0,0,70,68,100,2.7302399002429377e+23,82.3,-0.0,78.1,0.0,79.0,1,49,50,180,39322,26215,0,0,0.0,0.0,0.0,0.0,-0.0,67.0,0.0,162057.094,0.0,978,0,1007,0,0,0,952,0,1030,0,928,0,791,0,783,0,822,0,7520,0.032,1.2682136550675317e+20,0.0,0.0,784,16797,-0.0,162057.094,-114818.039,-0.0,0.133,6.909358625270745e+28,30.0,70.0,35,0.0,0.0,0.0,0.0,0.0,0.0,0.0,0.0,0.0,0.0,0.0,0.0,0.0,0.0,0.0,0.0,66.0,0,150,71,52,65476,0,300,0,0,8,20529,65476,0,0,44564,70.0,0.0,0.0,0.0,0.0,0.0
2026-09-10T21:26:21,ERR,ERR,ERR,ERR,ERR,ERR,ERR,ERR,ERR,ERR,ERR,ERR,ERR,ERR,ERR,ERR,ERR,ERR,ERR,ERR,ERR,ERR,ERR,ERR,ERR,ERR,ERR,ERR,ERR,ERR,ERR,ERR,ERR,ERR,ERR,ERR,ERR,ERR,ERR,ERR,ERR,ERR,ERR,ERR,ERR,ERR,ERR,ERR,ERR,ERR,ERR,ERR,ERR,ERR,ERR,ERR,ERR,ERR,ERR,ERR,ERR,ERR,ERR,ERR,ERR,ERR,ERR,ERR,ERR,ERR,ERR,ERR,ERR,ERR,ERR,ERR,ERR,ERR,ERR,ERR,ERR,ERR,ERR,ERR,ERR,ERR,ERR,ERR,ERR,ERR,ERR,ERR,ERR,ERR,ERR,ERR,ERR,ERR,ERR,ERR,ERR,ERR,ERR,ERR,ERR,ERR,ERR,ERR,ERR,ERR,ERR,ERR,ERR,ERR,ERR,ERR,ERR,ERR,ERR,ERR,ERR,ERR,ERR,ERR,ERR,0.0,0.0,2.6474835549302285e+23,0.0,0.0,1.3936040501711995e+18,7.805,0.0,0,0,4,0,7116,0.0,100,0.0,0.0,0.0,0.0,0.0,0,0,0,0,0.0,0,0,0,0,0,0,0,0,0,0,0,0,0,0,0,0,0,0,0,0,0,0,0,0,0,0,0,0,0,0,0,0,0,31,40,40,71,65476,0,300,0,0,8,21553,0.0,-107605600.0,0.0,0.0,0.0,0.0,0.0,0.0,0.0,0.0,0.0,0.0,0.0,0.0,0.0,0.0,0.0,0.0,0.0,0.0,0.0,0.0,-2.004,2.004,2.004,2.004,0.0,0.0,0.0,0.0,4493.0,0.0,6917.0,0.0,0.0,-107615152.0,0.0,0.0,0.0,0.0,0.0,69,-89221.141,4.066845724438863e+29,0.0,0.0,0.0,0.0,0.0,0.0,0.0,0,0,0,0.0,0.0,0.0,0.0,0.0,0.0,0.0,0.0,0.0,0.0,0.0,0.0,0.0,0.0,0.0,0.0,0,-107875648.0,69,0.0,138,0.0,0.0,0,26215,17086,0,17102,39322,17081,0,0,0,70,68,100,2.7302399002429377e+23,82.3,-0.0,78.1,0.0,79.0,1,49,50,180,39322,26215,0,0,0.0,0.0,0.0,0.0,-0.0,67.0,0.0,162057.094,0.0,978,0,1007,0,0,0,952,0,1030,0,928,0,791,0,783,0,822,0,7520,0.032,1.2682136550675317e+20,0.0,0.0,784,16797,-0.0,162057.094,-114818.039,-0.0,0.133,6.909358625270745e+28,30.0,70.0,35,0.0,0.0,0.0,0.0,0.0,0.0,0.0,0.0,0.0,0.0,0.0,0.0,0.0,0.0,0.0,0.0,66.0,0,150,71,52,65476,0,300,0,0,8,20529,65476,0,0,44564,70.0,0.0,0.0,0.0,0.0,0.0
2026-09-10T21:26:22,ERR,ERR,ERR,ERR,ERR,ERR,ERR,ERR,ERR,ERR,ERR,ERR,ERR,ERR,ERR,ERR,ERR,ERR,ERR,ERR,ERR,ERR,ERR,ERR,ERR,ERR,ERR,ERR,ERR,ERR,ERR,ERR,ERR,ERR,ERR,ERR,ERR,ERR,ERR,ERR,ERR,ERR,ERR,ERR,ERR,ERR,ERR,ERR,ERR,ERR,ERR,ERR,ERR,ERR,ERR,ERR,ERR,ERR,ERR,ERR,ERR,ERR,ERR,ERR,ERR,ERR,ERR,ERR,ERR,ERR,ERR,ERR,ERR,ERR,ERR,ERR,ERR,ERR,ERR,ERR,ERR,ERR,ERR,ERR,ERR,ERR,ERR,ERR,ERR,ERR,ERR,ERR,ERR,ERR,ERR,ERR,ERR,ERR,ERR,ERR,ERR,ERR,ERR,ERR,ERR,ERR,ERR,ERR,ERR,ERR,ERR,ERR,ERR,ERR,ERR,ERR,ERR,ERR,ERR,ERR,ERR,ERR,ERR,ERR,ERR,0.0,0.0,2.6474835549302285e+23,0.0,0.0,1.3936040501711995e+18,7.805,0.0,0,0,4,0,7116,0.0,100,0.0,0.0,0.0,0.0,0.0,0,0,0,0,0.0,0,0,0,0,0,0,0,0,0,0,0,0,0,0,0,0,0,0,0,0,0,0,0,0,0,0,0,0,0,0,0,0,0,31,40,40,71,65476,0,300,0,0,8,21553,0.0,-107605600.0,0.0,0.0,0.0,0.0,0.0,0.0,0.0,0.0,0.0,0.0,0.0,0.0,0.0,0.0,0.0,0.0,0.0,0.0,0.0,0.0,-2.004,2.004,2.004,2.004,0.0,0.0,0.0,0.0,4493.0,0.0,6917.0,0.0,0.0,-107615152.0,0.0,0.0,0.0,0.0,0.0,69,-89221.141,4.066845724438863e+29,0.0,0.0,0.0,0.0,0.0,0.0,0.0,0,0,0,0.0,0.0,0.0,0.0,0.0,0.0,0.0,0.0,0.0,0.0,0.0,0.0,0.0,0.0,0.0,0.0,0,-107875648.0,69,0.0,138,0.0,0.0,0,26215,17086,0,17102,39322,17081,0,0,0,70,68,100,2.7302399002429377e+23,82.3,-0.0,78.1,0.0,79.0,1,49,50,180,39322,26215,0,0,0.0,0.0,0.0,0.0,-0.0,67.0,0.0,162057.094,0.0,978,0,1007,0,0,0,952,0,1030,0,928,0,791,0,783,0,822,0,7520,0.032,1.2682136550675317e+20,0.0,0.0,784,16797,-0.0,162057.094,-114818.039,-0.0,0.133,6.909358625270745e+28,30.0,70.0,35,0.0,0.0,0.0,0.0,0.0,0.0,0.0,0.0,0.0,0.0,0.0,0.0,0.0,0.0,0.0,0.0,66.4,0,150,71,52,65476,0,300,0,0,8,20529,65476,0,0,44564,70.0,0.0,0.0,0.0,0.0,0.0
2026-09-10T21:26:23,ERR,ERR,ERR,ERR,ERR,ERR,ERR,ERR,ERR,ERR,ERR,ERR,ERR,ERR,ERR,ERR,ERR,ERR,ERR,ERR,ERR,ERR,ERR,ERR,ERR,ERR,ERR,ERR,ERR,ERR,ERR,ERR,ERR,ERR,ERR,ERR,ERR,ERR,ERR,ERR,ERR,ERR,ERR,ERR,ERR,ERR,ERR,ERR,ERR,ERR,ERR,ERR,ERR,ERR,ERR,ERR,ERR,ERR,ERR,ERR,ERR,ERR,ERR,ERR,ERR,ERR,ERR,ERR,ERR,ERR,ERR,ERR,ERR,ERR,ERR,ERR,ERR,ERR,ERR,ERR,ERR,ERR,ERR,ERR,ERR,ERR,ERR,ERR,ERR,ERR,ERR,ERR,ERR,ERR,ERR,ERR,ERR,ERR,ERR,ERR,ERR,ERR,ERR,ERR,ERR,ERR,ERR,ERR,ERR,ERR,ERR,ERR,ERR,ERR,ERR,ERR,ERR,ERR,ERR,ERR,ERR,ERR,ERR,ERR,ERR,0.0,0.0,2.6474835549302285e+23,0.0,0.0,1.3936040501711995e+18,7.805,0.0,0,0,4,0,7116,0.0,100,0.0,0.0,0.0,0.0,0.0,0,0,0,0,0.0,0,0,0,0,0,0,0,0,0,0,0,0,0,0,0,0,0,0,0,0,0,0,0,0,0,0,0,0,0,0,0,0,0,31,40,40,71,65476,0,300,0,0,8,21553,0.0,-107605600.0,0.0,0.0,0.0,0.0,0.0,0.0,0.0,0.0,0.0,0.0,0.0,0.0,0.0,0.0,0.0,0.0,0.0,0.0,0.0,0.0,-2.004,2.004,2.004,2.004,0.0,0.0,0.0,0.0,4493.0,0.0,6917.0,0.0,0.0,-107615152.0,0.0,0.0,0.0,0.0,0.0,69,-89221.141,4.066845724438863e+29,0.0,0.0,0.0,0.0,0.0,0.0,0.0,0,0,0,0.0,0.0,0.0,0.0,0.0,0.0,0.0,0.0,0.0,0.0,0.0,0.0,0.0,0.0,0.0,0.0,0,-107875648.0,69,0.0,138,0.0,0.0,0,26215,17086,0,17102,39322,17081,0,0,0,70,68,100,2.7302399002429377e+23,82.3,-0.0,78.1,0.0,79.0,1,49,50,180,39322,26215,0,0,0.0,0.0,0.0,0.0,-0.0,67.0,0.0,162057.094,0.0,978,0,1007,0,0,0,952,0,1030,0,928,0,791,0,783,0,822,0,7520,0.032,1.2682136550675317e+20,0.0,0.0,784,16797,-0.0,162057.094,-114818.039,-0.0,0.133,6.909358625270745e+28,30.0,70.0,35,0.0,0.0,0.0,0.0,0.0,0.0,0.0,0.0,0.0,0.0,0.0,0.0,0.0,0.0,0.0,0.0,66.4,0,150,71,52,65476,0,300,0,0,8,20529,65476,0,0,44564,70.0,0.0,0.0,0.0,0.0,0.0
2026-09-10T21:26:24,ERR,ERR,ERR,ERR,ERR,ERR,ERR,ERR,ERR,ERR,ERR,ERR,ERR,ERR,ERR,ERR,ERR,ERR,ERR,ERR,ERR,ERR,ERR,ERR,ERR,ERR,ERR,ERR,ERR,ERR,ERR,ERR,ERR,ERR,ERR,ERR,ERR,ERR,ERR,ERR,ERR,ERR,ERR,ERR,ERR,ERR,ERR,ERR,ERR,ERR,ERR,ERR,ERR,ERR,ERR,ERR,ERR,ERR,ERR,ERR,ERR,ERR,ERR,ERR,ERR,ERR,ERR,ERR,ERR,ERR,ERR,ERR,ERR,ERR,ERR,ERR,ERR,ERR,ERR,ERR,ERR,ERR,ERR,ERR,ERR,ERR,ERR,ERR,ERR,ERR,ERR,ERR,ERR,ERR,ERR,ERR,ERR,ERR,ERR,ERR,ERR,ERR,ERR,ERR,ERR,ERR,ERR,ERR,ERR,ERR,ERR,ERR,ERR,ERR,ERR,ERR,ERR,ERR,ERR,ERR,ERR,ERR,ERR,ERR,ERR,0.0,0.0,2.6474835549302285e+23,0.0,0.0,1.3936040501711995e+18,7.805,0.0,0,0,4,0,7116,0.0,100,0.0,0.0,0.0,0.0,0.0,0,0,0,0,0.0,0,0,0,0,0,0,0,0,0,0,0,0,0,0,0,0,0,0,0,0,0,0,0,0,0,0,0,0,0,0,0,0,0,31,40,40,71,65476,0,300,0,0,8,21553,0.0,-107605600.0,0.0,0.0,0.0,0.0,0.0,0.0,0.0,0.0,0.0,0.0,0.0,0.0,0.0,0.0,0.0,0.0,0.0,0.0,0.0,0.0,-2.004,2.004,2.004,2.004,0.0,0.0,0.0,0.0,4493.0,0.0,6917.0,0.0,0.0,-107615152.0,0.0,0.0,0.0,0.0,0.0,69,-89221.141,4.066845724438863e+29,0.0,0.0,0.0,0.0,0.0,0.0,0.0,0,0,0,0.0,0.0,0.0,0.0,0.0,0.0,0.0,0.0,0.0,0.0,0.0,0.0,0.0,0.0,0.0,0.0,0,-107875648.0,69,0.0,138,0.0,0.0,0,26215,17086,0,17102,39322,17081,0,0,0,70,68,100,2.7302399002429377e+23,82.3,-0.0,78.1,0.0,79.0,1,49,50,180,39322,26215,0,0,0.0,0.0,0.0,0.0,-0.0,67.0,0.0,162057.094,0.0,978,0,1007,0,0,0,952,0,1030,0,928,0,791,0,783,0,822,0,7520,0.032,1.2682136550675317e+20,0.0,0.0,784,16797,-0.0,162057.094,-114818.039,-0.0,0.133,6.909358625270745e+28,30.0,70.0,35,0.0,0.0,0.0,0.0,0.0,0.0,0.0,0.0,0.0,0.0,0.0,0.0,0.0,0.0,0.0,0.0,66.4,0,150,71,52,65476,0,300,0,0,8,20529,65476,0,0,44564,70.0,0.0,0.0,0.0,0.0,0.0
2026-09-10T21:26:25,ERR,ERR,ERR,ERR,ERR,ERR,ERR,ERR,ERR,ERR,ERR,ERR,ERR,ERR,ERR,ERR,ERR,ERR,ERR,ERR,ERR,ERR,ERR,ERR,ERR,ERR,ERR,ERR,ERR,ERR,ERR,ERR,ERR,ERR,ERR,ERR,ERR,ERR,ERR,ERR,ERR,ERR,ERR,ERR,ERR,ERR,ERR,ERR,ERR,ERR,ERR,ERR,ERR,ERR,ERR,ERR,ERR,ERR,ERR,ERR,ERR,ERR,ERR,ERR,ERR,ERR,ERR,ERR,ERR,ERR,ERR,ERR,ERR,ERR,ERR,ERR,ERR,ERR,ERR,ERR,ERR,ERR,ERR,ERR,ERR,ERR,ERR,ERR,ERR,ERR,ERR,ERR,ERR,ERR,ERR,ERR,ERR,ERR,ERR,ERR,ERR,ERR,ERR,ERR,ERR,ERR,ERR,ERR,ERR,ERR,ERR,ERR,ERR,ERR,ERR,ERR,ERR,ERR,ERR,ERR,ERR,ERR,ERR,ERR,ERR,0.0,0.0,2.6474835549302285e+23,0.0,0.0,1.3936040501711995e+18,7.805,0.0,0,0,4,0,7116,0.0,100,0.0,0.0,0.0,0.0,0.0,0,0,0,0,0.0,0,0,0,0,0,0,0,0,0,0,0,0,0,0,0,0,0,0,0,0,0,0,0,0,0,0,0,0,0,0,0,0,0,31,40,40,71,65476,0,300,0,0,8,21553,0.0,-107605600.0,0.0,0.0,0.0,0.0,0.0,0.0,0.0,0.0,0.0,0.0,0.0,0.0,0.0,0.0,0.0,0.0,0.0,0.0,0.0,0.0,-2.004,2.004,2.004,2.004,0.0,0.0,0.0,0.0,4493.0,0.0,6917.0,0.0,0.0,-107615152.0,0.0,0.0,0.0,0.0,0.0,69,-89221.141,4.066845724438863e+29,0.0,0.0,0.0,0.0,0.0,0.0,0.0,0,0,0,0.0,0.0,0.0,0.0,0.0,0.0,0.0,0.0,0.0,0.0,0.0,0.0,0.0,0.0,0.0,0.0,0,-107875648.0,69,0.0,138,0.0,0.0,0,26215,17086,0,17102,39322,17081,0,0,0,70,68,100,2.7302399002429377e+23,82.3,-0.0,78.1,0.0,79.0,1,49,50,180,39322,26215,0,0,0.0,0.0,0.0,0.0,-0.0,67.0,0.0,162057.094,0.0,978,0,1007,0,0,0,952,0,1030,0,928,0,791,0,783,0,822,0,7520,0.032,1.2624490475444974e+20,0.0,0.0,784,16797,-0.0,162057.094,-114818.039,-0.0,0.133,6.909358625270745e+28,30.0,70.0,35,0.0,0.0,0.0,0.0,0.0,0.0,0.0,0.0,0.0,0.0,0.0,0.0,0.0,0.0,0.0,0.0,66.4,0,150,71,52,65476,0,300,0,0,8,20529,65476,0,0,44564,70.0,0.0,0.0,0.0,0.0,0.0
2026-09-10T21:26:26,ERR,ERR,ERR,ERR,ERR,ERR,ERR,ERR,ERR,ERR,ERR,ERR,ERR,ERR,ERR,ERR,ERR,ERR,ERR,ERR,ERR,ERR,ERR,ERR,ERR,ERR,ERR,ERR,ERR,ERR,ERR,ERR,ERR,ERR,ERR,ERR,ERR,ERR,ERR,ERR,ERR,ERR,ERR,ERR,ERR,ERR,ERR,ERR,ERR,ERR,ERR,ERR,ERR,ERR,ERR,ERR,ERR,ERR,ERR,ERR,ERR,ERR,ERR,ERR,ERR,ERR,ERR,ERR,ERR,ERR,ERR,ERR,ERR,ERR,ERR,ERR,ERR,ERR,ERR,ERR,ERR,ERR,ERR,ERR,ERR,ERR,ERR,ERR,ERR,ERR,ERR,ERR,ERR,ERR,ERR,ERR,ERR,ERR,ERR,ERR,ERR,ERR,ERR,ERR,ERR,ERR,ERR,ERR,ERR,ERR,ERR,ERR,ERR,ERR,ERR,ERR,ERR,ERR,ERR,ERR,ERR,ERR,ERR,ERR,ERR,0.0,0.0,2.6474835549302285e+23,0.0,0.0,1.3936040501711995e+18,7.805,0.0,0,0,4,0,7116,0.0,100,0.0,0.0,0.0,0.0,0.0,0,0,0,0,0.0,0,0,0,0,0,0,0,0,0,0,0,0,0,0,0,0,0,0,0,0,0,0,0,0,0,0,0,0,0,0,0,0,0,31,40,40,71,65476,0,300,0,0,8,21553,0.0,-107605600.0,0.0,0.0,0.0,0.0,0.0,0.0,0.0,0.0,0.0,0.0,0.0,0.0,-2.596148429267414e+33,0.0,0.0,0.0,0.0,0.0,0.0,0.0,-2.004,2.004,2.004,2.004,0.0,0.0,0.0,0.0,4489.0,0.0,6914.0,0.0,0.0,-107615152.0,0.0,0.0,0.0,0.0,0.0,69,-0.059,89220.398,0.0,0.0,0.0,0.0,0.0,0.0,0.0,0,0,0,0.0,0.0,0.0,0.0,0.0,0.0,0.0,0.0,0.0,0.0,0.0,0.0,0.0,0.0,0.0,0.0,0,-107875648.0,69,0.0,138,0.0,0.0,0,26215,17086,0,17102,39322,17081,0,0,0,70,68,100,2.7302399002429377e+23,82.3,-0.0,78.1,0.0,79.0,1,49,50,180,39322,26215,0,0,0.0,0.0,0.0,0.0,-0.0,67.0,0.0,162057.094,0.0,978,0,1007,0,0,0,952,0,1030,0,928,0,791,0,783,0,822,0,7520,0.032,1.2624490475444974e+20,0.0,0.0,784,16797,-0.0,162057.094,-114818.039,-0.0,0.133,6.909358625270745e+28,30.0,70.0,35,0.0,0.0,0.0,0.0,0.0,0.0,0.0,0.0,0.0,0.0,0.0,0.0,0.0,0.0,0.0,0.0,66.4,0,150,71,52,65476,0,300,0,0,8,20529,65476,0,0,44564,70.0,0.0,0.0,0.0,0.0,0.0
2026-09-10T21:26:27,ERR,ERR,ERR,ERR,ERR,ERR,ERR,ERR,ERR,ERR,ERR,ERR,ERR,ERR,ERR,ERR,ERR,ERR,ERR,ERR,ERR,ERR,ERR,ERR,ERR,ERR,ERR,ERR,ERR,ERR,ERR,ERR,ERR,ERR,ERR,ERR,ERR,ERR,ERR,ERR,ERR,ERR,ERR,ERR,ERR,ERR,ERR,ERR,ERR,ERR,ERR,ERR,ERR,ERR,ERR,ERR,ERR,ERR,ERR,ERR,ERR,ERR,ERR,ERR,ERR,ERR,ERR,ERR,ERR,ERR,ERR,ERR,ERR,ERR,ERR,ERR,ERR,ERR,ERR,ERR,ERR,ERR,ERR,ERR,ERR,ERR,ERR,ERR,ERR,ERR,ERR,ERR,ERR,ERR,ERR,ERR,ERR,ERR,ERR,ERR,ERR,ERR,ERR,ERR,ERR,ERR,ERR,ERR,ERR,ERR,ERR,ERR,ERR,ERR,ERR,ERR,ERR,ERR,ERR,ERR,ERR,ERR,ERR,ERR,ERR,0.0,0.0,2.6474835549302285e+23,0.0,0.0,1.3936040501711995e+18,7.805,0.0,0,0,4,0,7116,0.0,100,0.0,0.0,0.0,0.0,0.0,0,0,0,0,0.0,0,0,0,0,0,0,0,0,0,0,0,0,0,0,0,0,0,0,0,0,0,0,0,0,0,0,0,0,0,0,0,0,0,31,40,40,71,65476,0,300,0,0,8,21553,0.0,-107605600.0,0.0,0.0,0.0,0.0,0.0,0.0,0.0,0.0,0.0,0.0,0.0,0.0,-2.596148429267414e+33,0.0,0.0,0.0,0.0,0.0,0.0,0.0,-2.004,2.004,2.004,2.004,0.0,0.0,0.0,0.0,4489.0,0.0,6914.0,0.0,0.0,-107615152.0,0.0,0.0,0.0,0.0,0.0,69,-0.059,89220.398,0.0,0.0,0.0,0.0,0.0,0.0,0.0,0,0,0,0.0,0.0,0.0,0.0,0.0,0.0,0.0,0.0,0.0,0.0,0.0,0.0,0.0,0.0,0.0,0.0,0,-107875648.0,69,0.0,138,0.0,0.0,0,26215,17086,0,17102,39322,17081,0,0,0,70,68,100,2.7302399002429377e+23,82.3,-0.0,78.1,0.0,79.0,1,49,50,180,39322,26215,0,0,0.0,0.0,0.0,0.0,-0.0,67.0,0.0,162057.094,0.0,978,0,1007,0,0,0,952,0,1030,0,928,0,791,0,783,0,822,0,7520,0.032,1.2624490475444974e+20,0.0,0.0,784,16797,-0.0,162057.094,-114818.039,-0.0,0.133,6.909358625270745e+28,30.0,70.0,35,0.0,0.0,0.0,0.0,0.0,0.0,0.0,0.0,0.0,0.0,0.0,0.0,0.0,0.0,0.0,0.0,66.4,0,150,71,52,65476,0,300,0,0,8,20529,65476,0,0,44564,70.0,0.0,0.0,0.0,0.0,0.0
2026-09-10T21:26:28,ERR,ERR,ERR,ERR,ERR,ERR,ERR,ERR,ERR,ERR,ERR,ERR,ERR,ERR,ERR,ERR,ERR,ERR,ERR,ERR,ERR,ERR,ERR,ERR,ERR,ERR,ERR,ERR,ERR,ERR,ERR,ERR,ERR,ERR,ERR,ERR,ERR,ERR,ERR,ERR,ERR,ERR,ERR,ERR,ERR,ERR,ERR,ERR,ERR,ERR,ERR,ERR,ERR,ERR,ERR,ERR,ERR,ERR,ERR,ERR,ERR,ERR,ERR,ERR,ERR,ERR,ERR,ERR,ERR,ERR,ERR,ERR,ERR,ERR,ERR,ERR,ERR,ERR,ERR,ERR,ERR,ERR,ERR,ERR,ERR,ERR,ERR,ERR,ERR,ERR,ERR,ERR,ERR,ERR,ERR,ERR,ERR,ERR,ERR,ERR,ERR,ERR,ERR,ERR,ERR,ERR,ERR,ERR,ERR,ERR,ERR,ERR,ERR,ERR,ERR,ERR,ERR,ERR,ERR,ERR,ERR,ERR,ERR,ERR,ERR,0.0,0.0,2.6474835549302285e+23,0.0,0.0,1.3936040501711995e+18,7.805,0.0,0,0,4,0,7116,0.0,100,0.0,0.0,0.0,0.0,0.0,0,0,0,0,0.0,0,0,0,0,0,0,0,0,0,0,0,0,0,0,0,0,0,0,0,0,0,0,0,0,0,0,0,0,0,0,0,0,0,31,40,40,71,65476,0,300,0,0,8,21553,0.0,-107605600.0,0.0,0.0,0.0,0.0,0.0,0.0,0.0,0.0,0.0,0.0,0.0,0.0,-2.596148429267414e+33,0.0,0.0,0.0,0.0,0.0,0.0,0.0,-2.004,2.004,2.004,2.004,0.0,0.0,0.0,0.0,4489.0,0.0,6914.0,0.0,0.0,-107615152.0,0.0,0.0,0.0,0.0,0.0,69,-0.059,89220.398,0.0,0.0,0.0,0.0,0.0,0.0,0.0,0,0,0,0.0,0.0,0.0,0.0,0.0,0.0,0.0,0.0,0.0,0.0,0.0,0.0,0.0,0.0,0.0,0.0,0,-107875648.0,69,0.0,138,0.0,0.0,0,26215,17086,0,17102,39322,17081,0,0,0,70,68,100,2.7302399002429377e+23,82.3,-0.0,78.1,0.0,79.0,1,49,50,180,39322,26215,0,0,0.0,0.0,0.0,0.0,-0.0,67.0,0.0,162057.094,0.0,978,0,1007,0,0,0,952,0,1030,0,928,0,791,0,783,0,822,0,7520,0.032,1.2624490475444974e+20,0.0,0.0,784,16797,-0.0,162057.094,-114818.039,-0.0,0.133,6.909358625270745e+28,30.0,70.0,35,0.0,0.0,0.0,0.0,0.0,0.0,0.0,0.0,0.0,0.0,0.0,0.0,0.0,0.0,0.0,0.0,66.4,0,150,71,52,65476,0,300,0,0,8,20529,65476,0,0,44564,70.0,0.0,0.0,0.0,0.0,0.0
2026-09-10T21:26:29,ERR,ERR,ERR,ERR,ERR,ERR,ERR,ERR,ERR,ERR,ERR,ERR,ERR,ERR,ERR,ERR,ERR,ERR,ERR,ERR,ERR,ERR,ERR,ERR,ERR,ERR,ERR,ERR,ERR,ERR,ERR,ERR,ERR,ERR,ERR,ERR,ERR,ERR,ERR,ERR,ERR,ERR,ERR,ERR,ERR,ERR,ERR,ERR,ERR,ERR,ERR,ERR,ERR,ERR,ERR,ERR,ERR,ERR,ERR,ERR,ERR,ERR,ERR,ERR,ERR,ERR,ERR,ERR,ERR,ERR,ERR,ERR,ERR,ERR,ERR,ERR,ERR,ERR,ERR,ERR,ERR,ERR,ERR,ERR,ERR,ERR,ERR,ERR,ERR,ERR,ERR,ERR,ERR,ERR,ERR,ERR,ERR,ERR,ERR,ERR,ERR,ERR,ERR,ERR,ERR,ERR,ERR,ERR,ERR,ERR,ERR,ERR,ERR,ERR,ERR,ERR,ERR,ERR,ERR,ERR,ERR,ERR,ERR,ERR,ERR,0.0,0.0,2.6474835549302285e+23,0.0,0.0,1.3936040501711995e+18,7.805,0.0,0,0,4,0,7116,0.0,100,0.0,0.0,0.0,0.0,0.0,0,0,0,0,0.0,0,0,0,0,0,0,0,0,0,0,0,0,0,0,0,0,0,0,0,0,0,0,0,0,0,0,0,0,0,0,0,0,0,31,40,40,71,65476,0,300,0,0,8,21553,0.0,-107605600.0,0.0,0.0,0.0,0.0,0.0,0.0,0.0,0.0,0.0,0.0,0.0,0.0,-2.596148429267414e+33,0.0,0.0,0.0,0.0,0.0,0.0,0.0,-2.004,2.004,2.004,2.004,0.0,0.0,0.0,0.0,4489.0,0.0,6914.0,0.0,0.0,-107615152.0,0.0,0.0,0.0,0.0,0.0,69,-0.059,89220.398,0.0,0.0,0.0,0.0,0.0,0.0,0.0,0,0,0,0.0,0.0,0.0,0.0,0.0,0.0,0.0,0.0,0.0,0.0,0.0,0.0,0.0,0.0,0.0,0.0,0,-107875648.0,69,0.0,138,0.0,0.0,0,26215,17086,0,17102,39322,17081,0,0,0,70,68,100,2.7302399002429377e+23,82.3,-0.0,78.1,0.0,79.0,1,49,50,180,39322,26215,0,0,0.0,0.0,0.0,0.0,-0.0,67.0,0.0,162057.094,0.0,978,0,1007,0,0,0,952,0,1030,0,928,0,791,0,783,0,822,0,7520,0.032,1.2624490475444974e+20,0.0,0.0,784,16797,-0.0,162057.094,-114818.039,-0.0,0.133,6.909358625270745e+28,30.0,70.0,35,0.0,0.0,0.0,0.0,0.0,0.0,0.0,0.0,0.0,0.0,0.0,0.0,0.0,0.0,0.0,0.0,66.4,0,150,71,52,65476,0,300,0,0,8,20529,65476,0,0,44564,70.0,0.0,0.0,0.0,0.0,0.0
2026-09-10T21:26:30,ERR,ERR,ERR,ERR,ERR,ERR,ERR,ERR,ERR,ERR,ERR,ERR,ERR,ERR,ERR,ERR,ERR,ERR,ERR,ERR,ERR,ERR,ERR,ERR,ERR,ERR,ERR,ERR,ERR,ERR,ERR,ERR,ERR,ERR,ERR,ERR,ERR,ERR,ERR,ERR,ERR,ERR,ERR,ERR,ERR,ERR,ERR,ERR,ERR,ERR,ERR,ERR,ERR,ERR,ERR,ERR,ERR,ERR,ERR,ERR,ERR,ERR,ERR,ERR,ERR,ERR,ERR,ERR,ERR,ERR,ERR,ERR,ERR,ERR,ERR,ERR,ERR,ERR,ERR,ERR,ERR,ERR,ERR,ERR,ERR,ERR,ERR,ERR,ERR,ERR,ERR,ERR,ERR,ERR,ERR,ERR,ERR,ERR,ERR,ERR,ERR,ERR,ERR,ERR,ERR,ERR,ERR,ERR,ERR,ERR,ERR,ERR,ERR,ERR,ERR,ERR,ERR,ERR,ERR,ERR,ERR,ERR,ERR,ERR,ERR,0.0,0.0,2.6474835549302285e+23,0.0,0.0,1.3936040501711995e+18,7.805,0.0,0,0,4,0,7116,0.0,100,0.0,0.0,0.0,0.0,0.0,0,0,0,0,0.0,0,0,0,0,0,0,0,0,0,0,0,0,0,0,0,0,0,0,0,0,0,0,0,0,0,0,0,0,0,0,0,0,0,31,40,40,71,65476,0,300,0,0,8,21553,0.0,-107605600.0,0.0,0.0,0.0,0.0,0.0,0.0,0.0,0.0,0.0,0.0,0.0,0.0,-2.596148429267414e+33,0.0,0.0,0.0,0.0,0.0,0.0,0.0,-2.004,2.004,2.004,2.004,0.0,0.0,0.0,0.0,4489.0,0.0,6914.0,0.0,0.0,-107615152.0,0.0,0.0,0.0,0.0,0.0,69,-0.059,89220.398,0.0,0.0,0.0,0.0,0.0,0.0,0.0,0,0,0,0.0,0.0,0.0,0.0,0.0,0.0,0.0,0.0,0.0,0.0,0.0,0.0,0.0,0.0,0.0,0.0,0,-107875648.0,69,0.0,138,0.0,0.0,0,26215,17086,0,17102,39322,17081,0,0,0,70,68,100,2.7302399002429377e+23,82.3,-0.0,78.1,0.0,79.0,1,49,50,180,39322,26215,0,0,0.0,0.0,0.0,0.0,-0.0,67.0,0.0,162057.094,0.0,978,0,1006,0,0,0,952,0,1030,0,928,0,791,0,782,0,822,0,7520,0.032,1.2682136550675317e+20,0.0,0.0,784,16797,-0.0,162057.094,-114818.039,-0.0,0.133,6.909358625270745e+28,30.0,70.0,35,0.0,0.0,0.0,0.0,0.0,0.0,0.0,0.0,0.0,0.0,0.0,0.0,0.0,0.0,0.0,0.0,66.4,0,150,71,52,65476,0,300,0,0,8,20529,65476,0,0,44564,70.0,0.0,0.0,0.0,0.0,0.0
2026-09-10T21:26:31,ERR,ERR,ERR,ERR,ERR,ERR,ERR,ERR,ERR,ERR,ERR,ERR,ERR,ERR,ERR,ERR,ERR,ERR,ERR,ERR,ERR,ERR,ERR,ERR,ERR,ERR,ERR,ERR,ERR,ERR,ERR,ERR,ERR,ERR,ERR,ERR,ERR,ERR,ERR,ERR,ERR,ERR,ERR,ERR,ERR,ERR,ERR,ERR,ERR,ERR,ERR,ERR,ERR,ERR,ERR,ERR,ERR,ERR,ERR,ERR,ERR,ERR,ERR,ERR,ERR,ERR,ERR,ERR,ERR,ERR,ERR,ERR,ERR,ERR,ERR,ERR,ERR,ERR,ERR,ERR,ERR,ERR,ERR,ERR,ERR,ERR,ERR,ERR,ERR,ERR,ERR,ERR,ERR,ERR,ERR,ERR,ERR,ERR,ERR,ERR,ERR,ERR,ERR,ERR,ERR,ERR,ERR,ERR,ERR,ERR,ERR,ERR,ERR,ERR,ERR,ERR,ERR,ERR,ERR,ERR,ERR,ERR,ERR,ERR,ERR,0.0,0.0,2.6474835549302285e+23,0.0,0.0,1.3936040501711995e+18,7.805,0.0,0,0,4,0,7116,0.0,100,0.0,0.0,0.0,0.0,0.0,0,0,0,0,0.0,0,0,0,0,0,0,0,0,0,0,0,0,0,0,0,0,0,0,0,0,0,0,0,0,0,0,0,0,0,0,0,0,0,31,40,40,71,65476,0,300,0,0,8,21553,0.0,-107605600.0,0.0,0.0,0.0,0.0,0.0,0.0,0.0,0.0,0.0,0.0,0.0,0.0,-2.596148429267414e+33,0.0,0.0,0.0,0.0,0.0,0.0,0.0,-2.004,2.004,2.004,2.004,0.0,0.0,0.0,0.0,4489.0,0.0,6914.0,0.0,0.0,-107615152.0,0.0,0.0,0.0,0.0,0.0,69,-0.059,89220.398,0.0,0.0,0.0,0.0,0.0,0.0,0.0,0,0,0,0.0,0.0,0.0,0.0,0.0,0.0,0.0,0.0,0.0,0.0,0.0,0.0,0.0,0.0,0.0,0.0,0,-107875648.0,69,0.0,138,0.0,0.0,0,26215,17086,0,17102,39322,17081,0,0,0,70,68,100,2.7302399002429377e+23,82.3,-0.0,78.1,0.0,79.0,1,49,50,180,39322,26215,0,0,0.0,0.0,0.0,0.0,-0.0,67.0,0.0,162057.094,0.0,978,0,1006,0,0,0,952,0,1030,0,928,0,791,0,782,0,822,0,7520,0.032,1.2682136550675317e+20,0.0,0.0,784,16797,-0.0,162057.094,-114818.039,-0.0,0.133,6.909358625270745e+28,30.0,70.0,35,0.0,0.0,0.0,0.0,0.0,0.0,0.0,0.0,0.0,0.0,0.0,0.0,0.0,0.0,0.0,0.0,66.4,0,150,71,52,65476,0,300,0,0,8,20529,65476,0,0,44564,70.0,0.0,0.0,0.0,0.0,0.0
2026-09-10T21:26:32,ERR,ERR,ERR,ERR,ERR,ERR,ERR,ERR,ERR,ERR,ERR,ERR,ERR,ERR,ERR,ERR,ERR,ERR,ERR,ERR,ERR,ERR,ERR,ERR,ERR,ERR,ERR,ERR,ERR,ERR,ERR,ERR,ERR,ERR,ERR,ERR,ERR,ERR,ERR,ERR,ERR,ERR,ERR,ERR,ERR,ERR,ERR,ERR,ERR,ERR,ERR,ERR,ERR,ERR,ERR,ERR,ERR,ERR,ERR,ERR,ERR,ERR,ERR,ERR,ERR,ERR,ERR,ERR,ERR,ERR,ERR,ERR,ERR,ERR,ERR,ERR,ERR,ERR,ERR,ERR,ERR,ERR,ERR,ERR,ERR,ERR,ERR,ERR,ERR,ERR,ERR,ERR,ERR,ERR,ERR,ERR,ERR,ERR,ERR,ERR,ERR,ERR,ERR,ERR,ERR,ERR,ERR,ERR,ERR,ERR,ERR,ERR,ERR,ERR,ERR,ERR,ERR,ERR,ERR,ERR,ERR,ERR,ERR,ERR,ERR,0.0,0.0,2.6474835549302285e+23,0.0,0.0,1.3936040501711995e+18,7.805,0.0,0,0,4,0,7116,0.0,100,0.0,0.0,0.0,0.0,0.0,0,0,0,0,0.0,0,0,0,0,0,0,0,0,0,0,0,0,0,0,0,0,0,0,0,0,0,0,0,0,0,0,0,0,0,0,0,0,0,31,40,40,71,65476,0,300,0,0,8,21553,0.0,-107605600.0,0.0,0.0,0.0,0.0,0.0,0.0,0.0,0.0,0.0,0.0,0.0,0.0,-2.596148429267414e+33,0.0,0.0,0.0,0.0,0.0,0.0,0.0,-2.004,2.004,2.004,2.004,0.0,0.0,0.0,0.0,4489.0,0.0,6914.0,0.0,0.0,-107615152.0,0.0,0.0,0.0,0.0,0.0,69,-0.059,89220.398,0.0,0.0,0.0,0.0,0.0,0.0,0.0,0,0,0,0.0,0.0,0.0,0.0,0.0,0.0,0.0,0.0,0.0,0.0,0.0,0.0,0.0,0.0,0.0,0.0,0,-107875648.0,69,0.0,138,0.0,0.0,0,26215,17086,0,17102,39322,17081,0,0,0,70,68,100,2.7302399002429377e+23,82.3,-0.0,78.1,0.0,79.0,1,49,50,180,39322,26215,0,0,0.0,0.0,0.0,0.0,-0.0,67.0,0.0,162057.094,0.0,978,0,1006,0,0,0,952,0,1030,0,928,0,791,0,782,0,822,0,7520,0.032,1.2682136550675317e+20,0.0,0.0,784,16797,-0.0,162057.094,-114818.039,-0.0,0.133,6.909358625270745e+28,30.0,70.0,35,0.0,0.0,0.0,0.0,0.0,0.0,0.0,0.0,0.0,0.0,0.0,0.0,0.0,0.0,0.0,0.0,66.4,0,150,71,52,65476,0,300,0,0,8,20529,65476,0,0,44564,70.0,0.0,0.0,0.0,0.0,0.0
2026-09-10T21:26:33,ERR,ERR,ERR,ERR,ERR,ERR,ERR,ERR,ERR,ERR,ERR,ERR,ERR,ERR,ERR,ERR,ERR,ERR,ERR,ERR,ERR,ERR,ERR,ERR,ERR,ERR,ERR,ERR,ERR,ERR,ERR,ERR,ERR,ERR,ERR,ERR,ERR,ERR,ERR,ERR,ERR,ERR,ERR,ERR,ERR,ERR,ERR,ERR,ERR,ERR,ERR,ERR,ERR,ERR,ERR,ERR,ERR,ERR,ERR,ERR,ERR,ERR,ERR,ERR,ERR,ERR,ERR,ERR,ERR,ERR,ERR,ERR,ERR,ERR,ERR,ERR,ERR,ERR,ERR,ERR,ERR,ERR,ERR,ERR,ERR,ERR,ERR,ERR,ERR,ERR,ERR,ERR,ERR,ERR,ERR,ERR,ERR,ERR,ERR,ERR,ERR,ERR,ERR,ERR,ERR,ERR,ERR,ERR,ERR,ERR,ERR,ERR,ERR,ERR,ERR,ERR,ERR,ERR,ERR,ERR,ERR,ERR,ERR,ERR,ERR,0.0,0.0,2.6474835549302285e+23,0.0,0.0,1.3936040501711995e+18,7.805,0.0,0,0,4,0,7116,0.0,100,0.0,0.0,0.0,0.0,0.0,0,0,0,0,0.0,0,0,0,0,0,0,0,0,0,0,0,0,0,0,0,0,0,0,0,0,0,0,0,0,0,0,0,0,0,0,0,0,0,31,40,40,71,65476,0,300,0,0,8,21553,0.0,-107605600.0,0.0,0.0,0.0,0.0,0.0,0.0,0.0,0.0,0.0,0.0,0.0,0.0,-2.596148429267414e+33,0.0,0.0,0.0,0.0,0.0,0.0,0.0,-2.004,2.004,2.004,2.004,0.0,0.0,0.0,0.0,4489.0,0.0,6914.0,0.0,0.0,-107615152.0,0.0,0.0,0.0,0.0,0.0,69,-0.059,89220.398,0.0,0.0,0.0,0.0,0.0,0.0,0.0,0,0,0,0.0,0.0,0.0,0.0,0.0,0.0,0.0,0.0,0.0,0.0,0.0,0.0,0.0,0.0,0.0,0.0,0,-107875648.0,69,0.0,138,0.0,0.0,0,26215,17086,0,17102,39322,17081,0,0,0,70,68,100,2.7302399002429377e+23,82.3,-0.0,78.1,0.0,79.0,1,49,50,180,39322,26215,0,0,0.0,0.0,0.0,0.0,-0.0,67.0,0.0,162057.094,0.0,978,0,1006,0,0,0,952,0,1030,0,928,0,791,0,782,0,822,0,7520,0.032,1.2682136550675317e+20,0.0,0.0,784,16797,-0.0,162057.094,-114818.039,-0.0,0.133,6.909358625270745e+28,30.0,70.0,35,0.0,0.0,0.0,0.0,0.0,0.0,0.0,0.0,0.0,0.0,0.0,0.0,0.0,0.0,0.0,0.0,66.4,0,150,71,52,65476,0,300,0,0,8,20529,65476,0,0,44564,70.0,0.0,0.0,0.0,0.0,0.0
2026-09-10T21:26:34,ERR,ERR,ERR,ERR,ERR,ERR,ERR,ERR,ERR,ERR,ERR,ERR,ERR,ERR,ERR,ERR,ERR,ERR,ERR,ERR,ERR,ERR,ERR,ERR,ERR,ERR,ERR,ERR,ERR,ERR,ERR,ERR,ERR,ERR,ERR,ERR,ERR,ERR,ERR,ERR,ERR,ERR,ERR,ERR,ERR,ERR,ERR,ERR,ERR,ERR,ERR,ERR,ERR,ERR,ERR,ERR,ERR,ERR,ERR,ERR,ERR,ERR,ERR,ERR,ERR,ERR,ERR,ERR,ERR,ERR,ERR,ERR,ERR,ERR,ERR,ERR,ERR,ERR,ERR,ERR,ERR,ERR,ERR,ERR,ERR,ERR,ERR,ERR,ERR,ERR,ERR,ERR,ERR,ERR,ERR,ERR,ERR,ERR,ERR,ERR,ERR,ERR,ERR,ERR,ERR,ERR,ERR,ERR,ERR,ERR,ERR,ERR,ERR,ERR,ERR,ERR,ERR,ERR,ERR,ERR,ERR,ERR,ERR,ERR,ERR,0.0,0.0,2.6474835549302285e+23,0.0,0.0,1.3936040501711995e+18,7.805,0.0,0,0,4,0,7116,0.0,100,0.0,0.0,0.0,0.0,0.0,0,0,0,0,0.0,0,0,0,0,0,0,0,0,0,0,0,0,0,0,0,0,0,0,0,0,0,0,0,0,0,0,0,0,0,0,0,0,0,31,40,40,71,65476,0,300,0,0,8,21553,0.0,-107605600.0,0.0,0.0,0.0,0.0,0.0,0.0,0.0,0.0,0.0,0.0,0.0,0.0,0.0,0.0,0.0,0.0,0.0,0.0,0.0,0.0,-2.004,2.004,2.004,-0.0,0.0,0.0,0.0,0.0,4496.0,564144759635968.0,6923.0,0.0,0.0,-107615152.0,0.0,0.0,0.0,0.0,0.0,69,-126841143296.0,-0.0,0.0,0.0,0.0,0.0,0.0,0.0,0.0,0,0,0,0.0,0.0,0.0,0.0,0.0,0.0,0.0,0.0,0.0,0.0,0.0,0.0,0.0,0.0,0.0,0.0,0,-107875648.0,69,0.0,138,0.0,0.0,0,26215,17086,0,17102,39322,17081,0,0,0,70,68,100,2.7302399002429377e+23,82.3,-0.0,78.1,0.0,79.0,1,49,50,180,39322,26215,0,0,0.0,0.0,0.0,0.0,-0.0,67.0,0.0,162057.094,0.0,978,0,1006,0,0,0,952,0,1030,0,928,0,791,0,782,0,822,0,7520,0.032,1.2682136550675317e+20,0.0,0.0,784,16797,-0.0,162057.094,-114818.039,-0.0,0.133,6.909358625270745e+28,30.0,70.0,35,0.0,0.0,0.0,0.0,0.0,0.0,0.0,0.0,0.0,0.0,0.0,0.0,0.0,0.0,0.0,0.0,66.4,0,150,71,52,65476,0,300,0,0,8,20529,65476,0,0,44564,70.0,0.0,0.0,0.0,0.0,0.0
2026-09-10T21:26:35,ERR,ERR,ERR,ERR,ERR,ERR,ERR,ERR,ERR,ERR,ERR,ERR,ERR,ERR,ERR,ERR,ERR,ERR,ERR,ERR,ERR,ERR,ERR,ERR,ERR,ERR,ERR,ERR,ERR,ERR,ERR,ERR,ERR,ERR,ERR,ERR,ERR,ERR,ERR,ERR,ERR,ERR,ERR,ERR,ERR,ERR,ERR,ERR,ERR,ERR,ERR,ERR,ERR,ERR,ERR,ERR,ERR,ERR,ERR,ERR,ERR,ERR,ERR,ERR,ERR,ERR,ERR,ERR,ERR,ERR,ERR,ERR,ERR,ERR,ERR,ERR,ERR,ERR,ERR,ERR,ERR,ERR,ERR,ERR,ERR,ERR,ERR,ERR,ERR,ERR,ERR,ERR,ERR,ERR,ERR,ERR,ERR,ERR,ERR,ERR,ERR,ERR,ERR,ERR,ERR,ERR,ERR,ERR,ERR,ERR,ERR,ERR,ERR,ERR,ERR,ERR,ERR,ERR,ERR,ERR,ERR,ERR,ERR,ERR,ERR,0.0,0.0,2.6474835549302285e+23,0.0,0.0,1.3936040501711995e+18,7.805,0.0,0,0,4,0,7116,0.0,100,0.0,0.0,0.0,0.0,0.0,0,0,0,0,0.0,0,0,0,0,0,0,0,0,0,0,0,0,0,0,0,0,0,0,0,0,0,0,0,0,0,0,0,0,0,0,0,0,0,31,40,40,71,65476,0,300,0,0,8,21553,0.0,-107605600.0,0.0,0.0,0.0,0.0,0.0,0.0,0.0,0.0,0.0,0.0,0.0,0.0,0.0,0.0,0.0,0.0,0.0,0.0,0.0,0.0,-2.004,2.004,2.004,-0.0,0.0,0.0,0.0,0.0,4496.0,564144759635968.0,6923.0,0.0,0.0,-107615152.0,0.0,0.0,0.0,0.0,0.0,69,-126841143296.0,-0.0,0.0,0.0,0.0,0.0,0.0,0.0,0.0,0,0,0,0.0,0.0,0.0,0.0,0.0,0.0,0.0,0.0,0.0,0.0,0.0,0.0,0.0,0.0,0.0,0.0,0,-107875648.0,69,0.0,138,0.0,0.0,0,26215,17086,0,17102,39322,17081,0,0,0,70,68,100,2.7302399002429377e+23,82.3,-0.0,78.1,0.0,79.0,1,49,50,180,39322,26215,0,0,0.0,0.0,0.0,0.0,-0.0,67.0,0.0,162057.094,0.0,978,0,1006,0,0,0,952,0,1030,0,928,0,791,0,782,0,822,0,7520,0.032,1.2682136550675317e+20,0.0,0.0,784,16797,-0.0,162057.094,-114818.039,-0.0,0.133,6.909358625270745e+28,30.0,70.0,35,0.0,0.0,0.0,0.0,0.0,0.0,0.0,0.0,0.0,0.0,0.0,0.0,0.0,0.0,0.0,0.0,66.4,0,150,71,52,65476,0,300,0,0,8,20529,65476,0,0,44564,70.0,0.0,0.0,0.0,0.0,0.0
2026-09-10T21:26:36,ERR,ERR,ERR,ERR,ERR,ERR,ERR,ERR,ERR,ERR,ERR,ERR,ERR,ERR,ERR,ERR,ERR,ERR,ERR,ERR,ERR,ERR,ERR,ERR,ERR,ERR,ERR,ERR,ERR,ERR,ERR,ERR,ERR,ERR,ERR,ERR,ERR,ERR,ERR,ERR,ERR,ERR,ERR,ERR,ERR,ERR,ERR,ERR,ERR,ERR,ERR,ERR,ERR,ERR,ERR,ERR,ERR,ERR,ERR,ERR,ERR,ERR,ERR,ERR,ERR,ERR,ERR,ERR,ERR,ERR,ERR,ERR,ERR,ERR,ERR,ERR,ERR,ERR,ERR,ERR,ERR,ERR,ERR,ERR,ERR,ERR,ERR,ERR,ERR,ERR,ERR,ERR,ERR,ERR,ERR,ERR,ERR,ERR,ERR,ERR,ERR,ERR,ERR,ERR,ERR,ERR,ERR,ERR,ERR,ERR,ERR,ERR,ERR,ERR,ERR,ERR,ERR,ERR,ERR,ERR,ERR,ERR,ERR,ERR,ERR,0.0,0.0,2.6474835549302285e+23,0.0,0.0,1.3936040501711995e+18,7.805,0.0,0,0,4,0,7116,0.0,100,0.0,0.0,0.0,0.0,0.0,0,0,0,0,0.0,0,0,0,0,0,0,0,0,0,0,0,0,0,0,0,0,0,0,0,0,0,0,0,0,0,0,0,0,0,0,0,0,0,31,40,40,71,65476,0,300,0,0,8,21553,0.0,-107605600.0,0.0,0.0,0.0,0.0,0.0,0.0,0.0,0.0,0.0,0.0,0.0,0.0,0.0,0.0,0.0,0.0,0.0,0.0,0.0,0.0,-2.004,2.004,2.004,-0.0,0.0,0.0,0.0,0.0,4496.0,564144759635968.0,6923.0,0.0,0.0,-107615152.0,0.0,0.0,0.0,0.0,0.0,69,-126841143296.0,-0.0,0.0,0.0,0.0,0.0,0.0,0.0,0.0,0,0,0,0.0,0.0,0.0,0.0,0.0,0.0,0.0,0.0,0.0,0.0,0.0,0.0,0.0,0.0,0.0,0.0,0,-107875648.0,69,0.0,138,0.0,0.0,0,26215,17086,0,17102,39322,17081,0,0,0,70,68,100,2.7302399002429377e+23,82.3,-0.0,78.1,0.0,79.0,1,49,50,180,26215,13107,0,0,0.0,0.0,0.0,0.0,-0.0,67.0,0.0,162057.094,0.0,977,0,1006,0,0,0,952,0,1030,0,928,0,791,0,782,0,822,0,7520,0.032,1.2739782625905659e+20,0.0,0.0,784,16797,-0.0,162057.094,-114818.039,-0.0,0.133,6.909358625270745e+28,30.0,70.0,35,0.0,0.0,0.0,0.0,0.0,0.0,0.0,0.0,0.0,0.0,0.0,0.0,0.0,0.0,0.0,0.0,66.4,0,150,71,52,65476,0,300,0,0,8,20529,65476,0,0,44564,70.0,0.0,0.0,0.0,0.0,0.0
2026-09-10T21:26:37,ERR,ERR,ERR,ERR,ERR,ERR,ERR,ERR,ERR,ERR,ERR,ERR,ERR,ERR,ERR,ERR,ERR,ERR,ERR,ERR,ERR,ERR,ERR,ERR,ERR,ERR,ERR,ERR,ERR,ERR,ERR,ERR,ERR,ERR,ERR,ERR,ERR,ERR,ERR,ERR,ERR,ERR,ERR,ERR,ERR,ERR,ERR,ERR,ERR,ERR,ERR,ERR,ERR,ERR,ERR,ERR,ERR,ERR,ERR,ERR,ERR,ERR,ERR,ERR,ERR,ERR,ERR,ERR,ERR,ERR,ERR,ERR,ERR,ERR,ERR,ERR,ERR,ERR,ERR,ERR,ERR,ERR,ERR,ERR,ERR,ERR,ERR,ERR,ERR,ERR,ERR,ERR,ERR,ERR,ERR,ERR,ERR,ERR,ERR,ERR,ERR,ERR,ERR,ERR,ERR,ERR,ERR,ERR,ERR,ERR,ERR,ERR,ERR,ERR,ERR,ERR,ERR,ERR,ERR,ERR,ERR,ERR,ERR,ERR,ERR,0.0,0.0,2.6474835549302285e+23,0.0,0.0,1.3936040501711995e+18,7.805,0.0,0,0,4,0,7116,0.0,100,0.0,0.0,0.0,0.0,0.0,0,0,0,0,0.0,0,0,0,0,0,0,0,0,0,0,0,0,0,0,0,0,0,0,0,0,0,0,0,0,0,0,0,0,0,0,0,0,0,31,40,40,71,65476,0,300,0,0,8,21553,0.0,-107605600.0,0.0,0.0,0.0,0.0,0.0,0.0,0.0,0.0,0.0,0.0,0.0,0.0,0.0,0.0,0.0,0.0,0.0,0.0,0.0,0.0,-2.004,2.004,2.004,-0.0,0.0,0.0,0.0,0.0,4496.0,564144759635968.0,6923.0,0.0,0.0,-107615152.0,0.0,0.0,0.0,0.0,0.0,69,-126841143296.0,-0.0,0.0,0.0,0.0,0.0,0.0,0.0,0.0,0,0,0,0.0,0.0,0.0,0.0,0.0,0.0,0.0,0.0,0.0,0.0,0.0,0.0,0.0,0.0,0.0,0.0,0,-107875648.0,69,0.0,138,0.0,0.0,0,26215,17086,0,17102,39322,17081,0,0,0,70,68,100,2.7302399002429377e+23,82.3,-0.0,78.1,0.0,79.0,1,49,50,180,26215,13107,0,0,0.0,0.0,0.0,0.0,-0.0,67.0,0.0,162057.094,0.0,977,0,1006,0,0,0,952,0,1030,0,928,0,791,0,782,0,822,0,7520,0.032,1.2739782625905659e+20,0.0,0.0,784,16797,-0.0,162057.094,-114818.039,-0.0,0.133,6.909358625270745e+28,30.0,70.0,35,0.0,0.0,0.0,0.0,0.0,0.0,0.0,0.0,0.0,0.0,0.0,0.0,0.0,0.0,0.0,0.0,66.4,0,150,71,52,65476,0,300,0,0,8,20529,65476,0,0,44564,70.0,0.0,0.0,0.0,0.0,0.0
2026-09-10T21:26:38,ERR,ERR,ERR,ERR,ERR,ERR,ERR,ERR,ERR,ERR,ERR,ERR,ERR,ERR,ERR,ERR,ERR,ERR,ERR,ERR,ERR,ERR,ERR,ERR,ERR,ERR,ERR,ERR,ERR,ERR,ERR,ERR,ERR,ERR,ERR,ERR,ERR,ERR,ERR,ERR,ERR,ERR,ERR,ERR,ERR,ERR,ERR,ERR,ERR,ERR,ERR,ERR,ERR,ERR,ERR,ERR,ERR,ERR,ERR,ERR,ERR,ERR,ERR,ERR,ERR,ERR,ERR,ERR,ERR,ERR,ERR,ERR,ERR,ERR,ERR,ERR,ERR,ERR,ERR,ERR,ERR,ERR,ERR,ERR,ERR,ERR,ERR,ERR,ERR,ERR,ERR,ERR,ERR,ERR,ERR,ERR,ERR,ERR,ERR,ERR,ERR,ERR,ERR,ERR,ERR,ERR,ERR,ERR,ERR,ERR,ERR,ERR,ERR,ERR,ERR,ERR,ERR,ERR,ERR,ERR,ERR,ERR,ERR,ERR,ERR,0.0,0.0,2.6474835549302285e+23,0.0,0.0,1.3936040501711995e+18,7.805,0.0,0,0,4,0,7116,0.0,100,0.0,0.0,0.0,0.0,0.0,0,0,0,0,0.0,0,0,0,0,0,0,0,0,0,0,0,0,0,0,0,0,0,0,0,0,0,0,0,0,0,0,0,0,0,0,0,0,0,31,40,40,71,65476,0,300,0,0,8,21553,0.0,-107605600.0,0.0,0.0,0.0,0.0,0.0,0.0,0.0,0.0,0.0,0.0,0.0,0.0,0.0,0.0,0.0,0.0,0.0,0.0,0.0,0.0,-2.004,2.004,2.004,-0.0,0.0,0.0,0.0,0.0,4496.0,564144759635968.0,6923.0,0.0,0.0,-107615152.0,0.0,0.0,0.0,0.0,0.0,69,-126841143296.0,-0.0,0.0,0.0,0.0,0.0,0.0,0.0,0.0,0,0,0,0.0,0.0,0.0,0.0,0.0,0.0,0.0,0.0,0.0,0.0,0.0,0.0,0.0,0.0,0.0,0.0,0,-107875648.0,69,0.0,138,0.0,0.0,0,26215,17086,0,17102,39322,17081,0,0,0,70,68,100,2.7302399002429377e+23,82.3,-0.0,78.1,0.0,79.0,1,49,50,180,26215,13107,0,0,0.0,0.0,0.0,0.0,-0.0,67.0,0.0,162057.094,0.0,977,0,1006,0,0,0,952,0,1030,0,928,0,791,0,782,0,822,0,7520,0.032,1.2739782625905659e+20,0.0,0.0,784,16797,-0.0,162057.094,-114818.039,-0.0,0.133,6.909358625270745e+28,30.0,70.0,35,0.0,0.0,0.0,0.0,0.0,0.0,0.0,0.0,0.0,0.0,0.0,0.0,0.0,0.0,0.0,0.0,66.4,0,150,71,52,65476,0,300,0,0,8,20529,65476,0,0,44564,70.0,0.0,0.0,0.0,0.0,0.0
2026-09-10T21:26:39,ERR,ERR,ERR,ERR,ERR,ERR,ERR,ERR,ERR,ERR,ERR,ERR,ERR,ERR,ERR,ERR,ERR,ERR,ERR,ERR,ERR,ERR,ERR,ERR,ERR,ERR,ERR,ERR,ERR,ERR,ERR,ERR,ERR,ERR,ERR,ERR,ERR,ERR,ERR,ERR,ERR,ERR,ERR,ERR,ERR,ERR,ERR,ERR,ERR,ERR,ERR,ERR,ERR,ERR,ERR,ERR,ERR,ERR,ERR,ERR,ERR,ERR,ERR,ERR,ERR,ERR,ERR,ERR,ERR,ERR,ERR,ERR,ERR,ERR,ERR,ERR,ERR,ERR,ERR,ERR,ERR,ERR,ERR,ERR,ERR,ERR,ERR,ERR,ERR,ERR,ERR,ERR,ERR,ERR,ERR,ERR,ERR,ERR,ERR,ERR,ERR,ERR,ERR,ERR,ERR,ERR,ERR,ERR,ERR,ERR,ERR,ERR,ERR,ERR,ERR,ERR,ERR,ERR,ERR,ERR,ERR,ERR,ERR,ERR,ERR,0.0,0.0,2.6474835549302285e+23,0.0,0.0,1.3936040501711995e+18,7.805,0.0,0,0,4,0,7116,0.0,100,0.0,0.0,0.0,0.0,0.0,0,0,0,0,0.0,0,0,0,0,0,0,0,0,0,0,0,0,0,0,0,0,0,0,0,0,0,0,0,0,0,0,0,0,0,0,0,0,0,31,40,40,71,65476,0,300,0,0,8,21553,0.0,-107605600.0,0.0,0.0,0.0,0.0,0.0,0.0,0.0,0.0,0.0,0.0,0.0,0.0,0.0,0.0,0.0,0.0,0.0,0.0,0.0,0.0,-2.004,2.004,2.004,-0.0,0.0,0.0,0.0,0.0,4496.0,564144759635968.0,6923.0,0.0,0.0,-107615152.0,0.0,0.0,0.0,0.0,0.0,69,-126841143296.0,-0.0,0.0,0.0,0.0,0.0,0.0,0.0,0.0,0,0,0,0.0,0.0,0.0,0.0,0.0,0.0,0.0,0.0,0.0,0.0,0.0,0.0,0.0,0.0,0.0,0.0,0,-107875648.0,69,0.0,138,0.0,0.0,0,26215,17086,0,17102,39322,17081,0,0,0,70,68,100,2.7302399002429377e+23,82.3,-0.0,78.1,0.0,79.0,1,49,50,180,26215,13107,0,0,0.0,0.0,0.0,0.0,-0.0,67.0,0.0,162057.094,0.0,977,0,1006,0,0,0,952,0,1030,0,928,0,791,0,782,0,822,0,7520,0.032,1.2739782625905659e+20,0.0,0.0,784,16797,-0.0,162057.094,-114818.039,-0.0,0.133,6.909358625270745e+28,30.0,70.0,35,0.0,0.0,0.0,0.0,0.0,0.0,0.0,0.0,0.0,0.0,0.0,0.0,0.0,0.0,0.0,0.0,66.4,0,150,71,52,65476,0,300,0,0,8,20529,65476,0,0,44564,70.0,0.0,0.0,0.0,0.0,0.0
2026-09-10T21:26:40,ERR,ERR,ERR,ERR,ERR,ERR,ERR,ERR,ERR,ERR,ERR,ERR,ERR,ERR,ERR,ERR,ERR,ERR,ERR,ERR,ERR,ERR,ERR,ERR,ERR,ERR,ERR,ERR,ERR,ERR,ERR,ERR,ERR,ERR,ERR,ERR,ERR,ERR,ERR,ERR,ERR,ERR,ERR,ERR,ERR,ERR,ERR,ERR,ERR,ERR,ERR,ERR,ERR,ERR,ERR,ERR,ERR,ERR,ERR,ERR,ERR,ERR,ERR,ERR,ERR,ERR,ERR,ERR,ERR,ERR,ERR,ERR,ERR,ERR,ERR,ERR,ERR,ERR,ERR,ERR,ERR,ERR,ERR,ERR,ERR,ERR,ERR,ERR,ERR,ERR,ERR,ERR,ERR,ERR,ERR,ERR,ERR,ERR,ERR,ERR,ERR,ERR,ERR,ERR,ERR,ERR,ERR,ERR,ERR,ERR,ERR,ERR,ERR,ERR,ERR,ERR,ERR,ERR,ERR,ERR,ERR,ERR,ERR,ERR,ERR,0.0,0.0,2.6474835549302285e+23,0.0,0.0,1.3936040501711995e+18,7.805,0.0,0,0,4,0,7116,0.0,100,0.0,0.0,0.0,0.0,0.0,0,0,0,0,0.0,0,0,0,0,0,0,0,0,0,0,0,0,0,0,0,0,0,0,0,0,0,0,0,0,0,0,0,0,0,0,0,0,0,31,40,40,71,65476,0,300,0,0,8,21553,0.0,-107605600.0,0.0,0.0,0.0,0.0,0.0,0.0,0.0,0.0,0.0,0.0,0.0,0.0,0.0,0.0,0.0,0.0,0.0,0.0,0.0,0.0,-2.004,2.004,2.004,-0.0,0.0,0.0,0.0,0.0,4496.0,564144759635968.0,6923.0,0.0,0.0,-107615152.0,0.0,0.0,0.0,0.0,0.0,69,-126841143296.0,-0.0,0.0,0.0,0.0,0.0,0.0,0.0,0.0,0,0,0,0.0,0.0,0.0,0.0,0.0,0.0,0.0,0.0,0.0,0.0,0.0,0.0,0.0,0.0,0.0,0.0,0,-107875648.0,69,0.0,138,0.0,0.0,0,26215,17086,0,17102,39322,17081,0,0,0,70,68,100,2.7302399002429377e+23,82.3,-0.0,78.1,0.0,79.0,1,49,50,180,26215,13107,0,0,0.0,0.0,0.0,0.0,-0.0,67.0,0.0,162057.094,0.0,977,0,1006,0,0,0,952,0,1030,0,928,0,791,0,782,0,822,0,7520,0.032,1.2739782625905659e+20,0.0,0.0,784,16797,-0.0,162057.094,-114818.039,-0.0,0.133,6.909358625270745e+28,30.0,70.0,35,0.0,0.0,0.0,0.0,0.0,0.0,0.0,0.0,0.0,0.0,0.0,0.0,0.0,0.0,0.0,0.0,66.4,0,150,71,52,65476,0,300,0,0,8,20529,65476,0,0,44564,70.0,0.0,0.0,0.0,0.0,0.0
2026-09-10T21:26:41,ERR,ERR,ERR,ERR,ERR,ERR,ERR,ERR,ERR,ERR,ERR,ERR,ERR,ERR,ERR,ERR,ERR,ERR,ERR,ERR,ERR,ERR,ERR,ERR,ERR,ERR,ERR,ERR,ERR,ERR,ERR,ERR,ERR,ERR,ERR,ERR,ERR,ERR,ERR,ERR,ERR,ERR,ERR,ERR,ERR,ERR,ERR,ERR,ERR,ERR,ERR,ERR,ERR,ERR,ERR,ERR,ERR,ERR,ERR,ERR,ERR,ERR,ERR,ERR,ERR,ERR,ERR,ERR,ERR,ERR,ERR,ERR,ERR,ERR,ERR,ERR,ERR,ERR,ERR,ERR,ERR,ERR,ERR,ERR,ERR,ERR,ERR,ERR,ERR,ERR,ERR,ERR,ERR,ERR,ERR,ERR,ERR,ERR,ERR,ERR,ERR,ERR,ERR,ERR,ERR,ERR,ERR,ERR,ERR,ERR,ERR,ERR,ERR,ERR,ERR,ERR,ERR,ERR,ERR,ERR,ERR,ERR,ERR,ERR,ERR,0.0,0.0,2.6474835549302285e+23,0.0,0.0,1.3936040501711995e+18,7.805,0.0,0,0,4,0,7116,0.0,100,0.0,0.0,0.0,0.0,0.0,0,0,0,0,0.0,0,0,0,0,0,0,0,0,0,0,0,0,0,0,0,0,0,0,0,0,0,0,0,0,0,0,0,0,0,0,0,0,0,31,40,40,71,65476,0,300,0,0,8,21553,0.0,-107605600.0,0.0,0.0,0.0,0.0,0.0,0.0,0.0,0.0,0.0,0.0,0.0,0.0,0.0,0.0,0.0,0.0,0.0,0.0,0.0,0.0,-2.004,2.004,2.004,-0.0,0.0,0.0,0.0,0.0,4494.0,0.0,6917.0,0.0,0.0,-107615152.0,0.0,0.0,0.0,0.0,0.0,69,-126841143296.0,126840365056.0,0.0,0.0,0.0,0.0,0.0,0.0,0.0,0,0,0,0.0,0.0,0.0,0.0,0.0,0.0,0.0,0.0,0.0,0.0,0.0,0.0,0.0,0.0,0.0,0.0,0,-107875648.0,69,0.0,138,0.0,0.0,0,26215,17086,0,17102,39322,17081,0,0,0,70,68,100,2.7302399002429377e+23,82.2,-0.0,78.1,0.0,79.0,1,49,50,180,26215,13107,0,0,0.0,0.0,0.0,0.0,-0.0,67.0,0.0,162057.094,0.0,977,0,1006,0,0,0,952,0,1030,0,928,0,791,0,783,0,822,0,7520,0.032,1.2739782625905659e+20,0.0,0.0,784,16797,-0.0,162057.094,-114818.039,-0.0,0.133,6.909358625270745e+28,30.0,70.0,35,0.0,0.0,0.0,0.0,0.0,0.0,0.0,0.0,0.0,0.0,0.0,0.0,0.0,0.0,0.0,0.0,66.4,0,150,71,52,65476,0,300,0,0,8,20529,65476,0,0,44564,70.0,0.0,0.0,0.0,0.0,0.0
2026-09-10T21:26:42,ERR,ERR,ERR,ERR,ERR,ERR,ERR,ERR,ERR,ERR,ERR,ERR,ERR,ERR,ERR,ERR,ERR,ERR,ERR,ERR,ERR,ERR,ERR,ERR,ERR,ERR,ERR,ERR,ERR,ERR,ERR,ERR,ERR,ERR,ERR,ERR,ERR,ERR,ERR,ERR,ERR,ERR,ERR,ERR,ERR,ERR,ERR,ERR,ERR,ERR,ERR,ERR,ERR,ERR,ERR,ERR,ERR,ERR,ERR,ERR,ERR,ERR,ERR,ERR,ERR,ERR,ERR,ERR,ERR,ERR,ERR,ERR,ERR,ERR,ERR,ERR,ERR,ERR,ERR,ERR,ERR,ERR,ERR,ERR,ERR,ERR,ERR,ERR,ERR,ERR,ERR,ERR,ERR,ERR,ERR,ERR,ERR,ERR,ERR,ERR,ERR,ERR,ERR,ERR,ERR,ERR,ERR,ERR,ERR,ERR,ERR,ERR,ERR,ERR,ERR,ERR,ERR,ERR,ERR,ERR,ERR,ERR,ERR,ERR,ERR,0.0,0.0,2.6474835549302285e+23,0.0,0.0,1.3936040501711995e+18,7.805,0.0,0,0,4,0,7116,0.0,100,0.0,0.0,0.0,0.0,0.0,0,0,0,0,0.0,0,0,0,0,0,0,0,0,0,0,0,0,0,0,0,0,0,0,0,0,0,0,0,0,0,0,0,0,0,0,0,0,0,31,40,40,71,65476,0,300,0,0,8,21553,0.0,-107605600.0,0.0,0.0,0.0,0.0,0.0,0.0,0.0,0.0,0.0,0.0,0.0,0.0,0.0,0.0,0.0,0.0,0.0,0.0,0.0,0.0,-2.004,2.004,2.004,-0.0,0.0,0.0,0.0,0.0,4494.0,0.0,6917.0,0.0,0.0,-107615152.0,0.0,0.0,0.0,0.0,0.0,69,-126841143296.0,126840365056.0,0.0,0.0,0.0,0.0,0.0,0.0,0.0,0,0,0,0.0,0.0,0.0,0.0,0.0,0.0,0.0,0.0,0.0,0.0,0.0,0.0,0.0,0.0,0.0,0.0,0,-107875648.0,69,0.0,138,0.0,0.0,0,26215,17086,0,17102,39322,17081,0,0,0,70,68,100,2.7302399002429377e+23,82.2,-0.0,78.1,0.0,79.0,1,49,50,180,26215,13107,0,0,0.0,0.0,0.0,0.0,-0.0,67.0,0.0,162057.094,0.0,977,0,1006,0,0,0,952,0,1030,0,928,0,791,0,783,0,822,0,7520,0.032,1.2739782625905659e+20,0.0,0.0,784,16797,-0.0,162057.094,-114818.039,-0.0,0.133,6.909358625270745e+28,30.0,70.0,35,0.0,0.0,0.0,0.0,0.0,0.0,0.0,0.0,0.0,0.0,0.0,0.0,0.0,0.0,0.0,0.0,66.4,0,150,71,52,65476,0,300,0,0,8,20529,65476,0,0,44564,70.0,0.0,0.0,0.0,0.0,0.0
2026-09-10T21:26:43,ERR,ERR,ERR,ERR,ERR,ERR,ERR,ERR,ERR,ERR,ERR,ERR,ERR,ERR,ERR,ERR,ERR,ERR,ERR,ERR,ERR,ERR,ERR,ERR,ERR,ERR,ERR,ERR,ERR,ERR,ERR,ERR,ERR,ERR,ERR,ERR,ERR,ERR,ERR,ERR,ERR,ERR,ERR,ERR,ERR,ERR,ERR,ERR,ERR,ERR,ERR,ERR,ERR,ERR,ERR,ERR,ERR,ERR,ERR,ERR,ERR,ERR,ERR,ERR,ERR,ERR,ERR,ERR,ERR,ERR,ERR,ERR,ERR,ERR,ERR,ERR,ERR,ERR,ERR,ERR,ERR,ERR,ERR,ERR,ERR,ERR,ERR,ERR,ERR,ERR,ERR,ERR,ERR,ERR,ERR,ERR,ERR,ERR,ERR,ERR,ERR,ERR,ERR,ERR,ERR,ERR,ERR,ERR,ERR,ERR,ERR,ERR,ERR,ERR,ERR,ERR,ERR,ERR,ERR,ERR,ERR,ERR,ERR,ERR,ERR,0.0,0.0,2.6474835549302285e+23,0.0,0.0,1.3936040501711995e+18,7.805,0.0,0,0,4,0,7116,0.0,100,0.0,0.0,0.0,0.0,0.0,0,0,0,0,0.0,0,0,0,0,0,0,0,0,0,0,0,0,0,0,0,0,0,0,0,0,0,0,0,0,0,0,0,0,0,0,0,0,0,31,40,40,71,65476,0,300,0,0,8,21553,0.0,-107605600.0,0.0,0.0,0.0,0.0,0.0,0.0,0.0,0.0,0.0,0.0,0.0,0.0,0.0,0.0,0.0,0.0,0.0,0.0,0.0,0.0,-2.004,2.004,2.004,-0.0,0.0,0.0,0.0,0.0,4494.0,0.0,6917.0,0.0,0.0,-107615152.0,0.0,0.0,0.0,0.0,0.0,69,-126841143296.0,126840365056.0,0.0,0.0,0.0,0.0,0.0,0.0,0.0,0,0,0,0.0,0.0,0.0,0.0,0.0,0.0,0.0,0.0,0.0,0.0,0.0,0.0,0.0,0.0,0.0,0.0,0,-107875648.0,69,0.0,138,0.0,0.0,0,26215,17086,0,17102,39322,17081,0,0,0,70,68,100,2.7302399002429377e+23,82.2,-0.0,78.1,0.0,79.0,1,49,50,180,26215,13107,0,0,0.0,0.0,0.0,0.0,-0.0,67.0,0.0,162057.094,0.0,977,0,1006,0,0,0,952,0,1030,0,928,0,791,0,783,0,822,0,7520,0.032,1.2739782625905659e+20,0.0,0.0,784,16797,-0.0,162057.094,-114818.039,-0.0,0.133,6.909358625270745e+28,30.0,70.0,35,0.0,0.0,0.0,0.0,0.0,0.0,0.0,0.0,0.0,0.0,0.0,0.0,0.0,0.0,0.0,0.0,66.4,0,150,71,52,65476,0,300,0,0,8,20529,65476,0,0,44564,70.0,0.0,0.0,0.0,0.0,0.0
2026-09-10T21:26:44,ERR,ERR,ERR,ERR,ERR,ERR,ERR,ERR,ERR,ERR,ERR,ERR,ERR,ERR,ERR,ERR,ERR,ERR,ERR,ERR,ERR,ERR,ERR,ERR,ERR,ERR,ERR,ERR,ERR,ERR,ERR,ERR,ERR,ERR,ERR,ERR,ERR,ERR,ERR,ERR,ERR,ERR,ERR,ERR,ERR,ERR,ERR,ERR,ERR,ERR,ERR,ERR,ERR,ERR,ERR,ERR,ERR,ERR,ERR,ERR,ERR,ERR,ERR,ERR,ERR,ERR,ERR,ERR,ERR,ERR,ERR,ERR,ERR,ERR,ERR,ERR,ERR,ERR,ERR,ERR,ERR,ERR,ERR,ERR,ERR,ERR,ERR,ERR,ERR,ERR,ERR,ERR,ERR,ERR,ERR,ERR,ERR,ERR,ERR,ERR,ERR,ERR,ERR,ERR,ERR,ERR,ERR,ERR,ERR,ERR,ERR,ERR,ERR,ERR,ERR,ERR,ERR,ERR,ERR,ERR,ERR,ERR,ERR,ERR,ERR,0.0,0.0,2.6474835549302285e+23,0.0,0.0,1.3936040501711995e+18,7.805,0.0,0,0,4,0,7116,0.0,100,0.0,0.0,0.0,0.0,0.0,0,0,0,0,0.0,0,0,0,0,0,0,0,0,0,0,0,0,0,0,0,0,0,0,0,0,0,0,0,0,0,0,0,0,0,0,0,0,0,31,40,40,71,65476,0,300,0,0,8,21553,0.0,-107605600.0,0.0,0.0,0.0,0.0,0.0,0.0,0.0,0.0,0.0,0.0,0.0,0.0,0.0,0.0,0.0,0.0,0.0,0.0,0.0,0.0,-2.004,2.004,2.004,-0.0,0.0,0.0,0.0,0.0,4494.0,0.0,6917.0,0.0,0.0,-107615152.0,0.0,0.0,0.0,0.0,0.0,69,-126841143296.0,126840365056.0,0.0,0.0,0.0,0.0,0.0,0.0,0.0,0,0,0,0.0,0.0,0.0,0.0,0.0,0.0,0.0,0.0,0.0,0.0,0.0,0.0,0.0,0.0,0.0,0.0,0,-107875648.0,69,0.0,138,0.0,0.0,0,26215,17086,0,17102,39322,17081,0,0,0,70,68,100,2.7302399002429377e+23,82.2,-0.0,78.1,0.0,79.0,1,49,50,180,26215,13107,0,0,0.0,0.0,0.0,0.0,-0.0,67.0,0.0,162057.094,0.0,977,0,1006,0,0,0,952,0,1030,0,928,0,791,0,783,0,822,0,7520,0.032,1.2739782625905659e+20,0.0,0.0,784,16797,-0.0,162057.094,-114818.039,-0.0,0.133,6.909358625270745e+28,30.0,70.0,35,0.0,0.0,0.0,0.0,0.0,0.0,0.0,0.0,0.0,0.0,0.0,0.0,0.0,0.0,0.0,0.0,66.4,0,150,71,52,65476,0,300,0,0,8,20529,65476,0,0,44564,70.0,0.0,0.0,0.0,0.0,0.0
2026-09-10T21:26:45,ERR,ERR,ERR,ERR,ERR,ERR,ERR,ERR,ERR,ERR,ERR,ERR,ERR,ERR,ERR,ERR,ERR,ERR,ERR,ERR,ERR,ERR,ERR,ERR,ERR,ERR,ERR,ERR,ERR,ERR,ERR,ERR,ERR,ERR,ERR,ERR,ERR,ERR,ERR,ERR,ERR,ERR,ERR,ERR,ERR,ERR,ERR,ERR,ERR,ERR,ERR,ERR,ERR,ERR,ERR,ERR,ERR,ERR,ERR,ERR,ERR,ERR,ERR,ERR,ERR,ERR,ERR,ERR,ERR,ERR,ERR,ERR,ERR,ERR,ERR,ERR,ERR,ERR,ERR,ERR,ERR,ERR,ERR,ERR,ERR,ERR,ERR,ERR,ERR,ERR,ERR,ERR,ERR,ERR,ERR,ERR,ERR,ERR,ERR,ERR,ERR,ERR,ERR,ERR,ERR,ERR,ERR,ERR,ERR,ERR,ERR,ERR,ERR,ERR,ERR,ERR,ERR,ERR,ERR,ERR,ERR,ERR,ERR,ERR,ERR,0.0,0.0,2.6474835549302285e+23,0.0,0.0,1.3936040501711995e+18,7.805,0.0,0,0,4,0,7116,0.0,100,0.0,0.0,0.0,0.0,0.0,0,0,0,0,0.0,0,0,0,0,0,0,0,0,0,0,0,0,0,0,0,0,0,0,0,0,0,0,0,0,0,0,0,0,0,0,0,0,0,31,40,40,71,65476,0,300,0,0,8,21553,0.0,-107605600.0,0.0,0.0,0.0,0.0,0.0,0.0,0.0,0.0,0.0,0.0,0.0,0.0,0.0,0.0,0.0,0.0,0.0,0.0,0.0,0.0,-2.004,2.004,2.004,-0.0,0.0,0.0,0.0,0.0,4494.0,0.0,6917.0,0.0,0.0,-107615152.0,0.0,0.0,0.0,0.0,0.0,69,-126841143296.0,126840365056.0,0.0,0.0,0.0,0.0,0.0,0.0,0.0,0,0,0,0.0,0.0,0.0,0.0,0.0,0.0,0.0,0.0,0.0,0.0,0.0,0.0,0.0,0.0,0.0,0.0,0,-107875648.0,69,0.0,138,0.0,0.0,0,26215,17086,0,17102,39322,17081,0,0,0,70,68,100,2.7302399002429377e+23,82.2,-0.0,78.1,0.0,79.0,1,49,50,180,26215,13107,0,0,0.0,0.0,0.0,0.0,-0.0,67.0,0.0,162057.094,0.0,977,0,1006,0,0,0,952,0,1030,0,928,0,791,0,783,0,822,0,7520,0.032,1.2739782625905659e+20,0.0,0.0,784,16797,-0.0,162057.094,-114818.039,-0.0,0.133,6.909358625270745e+28,30.0,70.0,35,0.0,0.0,0.0,0.0,0.0,0.0,0.0,0.0,0.0,0.0,0.0,0.0,0.0,0.0,0.0,0.0,66.4,0,150,71,52,65476,0,300,0,0,8,20529,65476,0,0,44564,70.0,0.0,0.0,0.0,0.0,0.0
2026-09-10T21:26:46,ERR,ERR,ERR,ERR,ERR,ERR,ERR,ERR,ERR,ERR,ERR,ERR,ERR,ERR,ERR,ERR,ERR,ERR,ERR,ERR,ERR,ERR,ERR,ERR,ERR,ERR,ERR,ERR,ERR,ERR,ERR,ERR,ERR,ERR,ERR,ERR,ERR,ERR,ERR,ERR,ERR,ERR,ERR,ERR,ERR,ERR,ERR,ERR,ERR,ERR,ERR,ERR,ERR,ERR,ERR,ERR,ERR,ERR,ERR,ERR,ERR,ERR,ERR,ERR,ERR,ERR,ERR,ERR,ERR,ERR,ERR,ERR,ERR,ERR,ERR,ERR,ERR,ERR,ERR,ERR,ERR,ERR,ERR,ERR,ERR,ERR,ERR,ERR,ERR,ERR,ERR,ERR,ERR,ERR,ERR,ERR,ERR,ERR,ERR,ERR,ERR,ERR,ERR,ERR,ERR,ERR,ERR,ERR,ERR,ERR,ERR,ERR,ERR,ERR,ERR,ERR,ERR,ERR,ERR,ERR,ERR,ERR,ERR,ERR,ERR,0.0,0.0,2.6474835549302285e+23,0.0,0.0,1.3936040501711995e+18,7.805,0.0,0,0,4,0,7116,0.0,100,0.0,0.0,0.0,0.0,0.0,0,0,0,0,0.0,0,0,0,0,0,0,0,0,0,0,0,0,0,0,0,0,0,0,0,0,0,0,0,0,0,0,0,0,0,0,0,0,0,31,40,40,71,65476,0,300,0,0,8,21553,0.0,-107605600.0,0.0,0.0,0.0,0.0,0.0,0.0,0.0,0.0,0.0,0.0,0.0,0.0,0.0,0.0,0.0,0.0,0.0,0.0,0.0,0.0,-2.004,2.004,2.004,-0.0,0.0,0.0,0.0,0.0,4494.0,0.0,6917.0,0.0,0.0,-107615152.0,0.0,0.0,0.0,0.0,0.0,69,-126841143296.0,126840365056.0,0.0,0.0,0.0,0.0,0.0,0.0,0.0,0,0,0,0.0,0.0,0.0,0.0,0.0,0.0,0.0,0.0,0.0,0.0,0.0,0.0,0.0,0.0,0.0,0.0,0,-107875648.0,69,0.0,138,0.0,0.0,0,26215,17086,0,17102,39322,17081,0,0,0,70,68,100,2.7302399002429377e+23,82.3,-0.0,78.1,0.0,79.0,1,49,50,180,26215,13107,0,0,0.0,0.0,0.0,0.0,-0.0,67.0,0.0,162057.094,0.0,977,0,1006,0,0,0,952,0,1030,0,928,0,791,0,783,0,822,0,7520,0.032,1.2739782625905659e+20,0.0,0.0,784,16797,-0.0,162057.094,-114818.039,-0.0,0.133,6.909358625270745e+28,30.0,70.0,35,0.0,0.0,0.0,0.0,0.0,0.0,0.0,0.0,0.0,0.0,0.0,0.0,0.0,0.0,0.0,0.0,66.4,0,150,71,52,65476,0,300,0,0,8,20529,65476,0,0,44564,70.0,0.0,0.0,0.0,0.0,0.0
2026-09-10T21:26:47,ERR,ERR,ERR,ERR,ERR,ERR,ERR,ERR,ERR,ERR,ERR,ERR,ERR,ERR,ERR,ERR,ERR,ERR,ERR,ERR,ERR,ERR,ERR,ERR,ERR,ERR,ERR,ERR,ERR,ERR,ERR,ERR,ERR,ERR,ERR,ERR,ERR,ERR,ERR,ERR,ERR,ERR,ERR,ERR,ERR,ERR,ERR,ERR,ERR,ERR,ERR,ERR,ERR,ERR,ERR,ERR,ERR,ERR,ERR,ERR,ERR,ERR,ERR,ERR,ERR,ERR,ERR,ERR,ERR,ERR,ERR,ERR,ERR,ERR,ERR,ERR,ERR,ERR,ERR,ERR,ERR,ERR,ERR,ERR,ERR,ERR,ERR,ERR,ERR,ERR,ERR,ERR,ERR,ERR,ERR,ERR,ERR,ERR,ERR,ERR,ERR,ERR,ERR,ERR,ERR,ERR,ERR,ERR,ERR,ERR,ERR,ERR,ERR,ERR,ERR,ERR,ERR,ERR,ERR,ERR,ERR,ERR,ERR,ERR,ERR,0.0,0.0,2.6474835549302285e+23,0.0,0.0,1.3936040501711995e+18,7.805,0.0,0,0,4,0,7116,0.0,100,0.0,0.0,0.0,0.0,0.0,0,0,0,0,0.0,0,0,0,0,0,0,0,0,0,0,0,0,0,0,0,0,0,0,0,0,0,0,0,0,0,0,0,0,0,0,0,0,0,31,40,40,71,65476,0,300,0,0,8,21553,0.0,-107605600.0,0.0,0.0,0.0,0.0,0.0,0.0,0.0,0.0,0.0,0.0,0.0,0.0,0.0,0.0,0.0,0.0,0.0,0.0,0.0,0.0,-2.004,2.004,2.004,-0.0,0.0,0.0,0.0,0.0,4494.0,0.0,6917.0,0.0,0.0,-107615152.0,0.0,0.0,0.0,0.0,0.0,69,-126841143296.0,126840365056.0,0.0,0.0,0.0,0.0,0.0,0.0,0.0,0,0,0,0.0,0.0,0.0,0.0,0.0,0.0,0.0,0.0,0.0,0.0,0.0,0.0,0.0,0.0,0.0,0.0,0,-107875648.0,69,0.0,138,0.0,0.0,0,26215,17086,0,17102,39322,17081,0,0,0,70,68,100,2.7302399002429377e+23,82.3,-0.0,78.1,0.0,79.0,1,49,50,180,26215,13107,0,0,0.0,0.0,0.0,0.0,-0.0,67.0,0.0,162057.094,0.0,977,0,1006,0,0,0,952,0,1030,0,928,0,791,0,783,0,822,0,7520,0.032,1.2739782625905659e+20,0.0,0.0,784,16797,-0.0,162057.094,-114818.039,-0.0,0.133,6.909358625270745e+28,30.0,70.0,35,0.0,0.0,0.0,0.0,0.0,0.0,0.0,0.0,0.0,0.0,0.0,0.0,0.0,0.0,0.0,0.0,66.4,0,150,71,52,65476,0,300,0,0,8,20529,65476,0,0,44564,70.0,0.0,0.0,0.0,0.0,0.0
2026-09-10T21:26:48,ERR,ERR,ERR,ERR,ERR,ERR,ERR,ERR,ERR,ERR,ERR,ERR,ERR,ERR,ERR,ERR,ERR,ERR,ERR,ERR,ERR,ERR,ERR,ERR,ERR,ERR,ERR,ERR,ERR,ERR,ERR,ERR,ERR,ERR,ERR,ERR,ERR,ERR,ERR,ERR,ERR,ERR,ERR,ERR,ERR,ERR,ERR,ERR,ERR,ERR,ERR,ERR,ERR,ERR,ERR,ERR,ERR,ERR,ERR,ERR,ERR,ERR,ERR,ERR,ERR,ERR,ERR,ERR,ERR,ERR,ERR,ERR,ERR,ERR,ERR,ERR,ERR,ERR,ERR,ERR,ERR,ERR,ERR,ERR,ERR,ERR,ERR,ERR,ERR,ERR,ERR,ERR,ERR,ERR,ERR,ERR,ERR,ERR,ERR,ERR,ERR,ERR,ERR,ERR,ERR,ERR,ERR,ERR,ERR,ERR,ERR,ERR,ERR,ERR,ERR,ERR,ERR,ERR,ERR,ERR,ERR,ERR,ERR,ERR,ERR,0.0,0.0,2.6474835549302285e+23,0.0,0.0,1.3936040501711995e+18,7.805,0.0,0,0,4,0,7116,0.0,100,0.0,0.0,0.0,0.0,0.0,0,0,0,0,0.0,0,0,0,0,0,0,0,0,0,0,0,0,0,0,0,0,0,0,0,0,0,0,0,0,0,0,0,0,0,0,0,0,0,31,40,40,71,65476,0,300,0,0,8,21553,0.0,-107605600.0,0.0,0.0,0.0,0.0,0.0,0.0,0.0,0.0,0.0,0.0,0.0,0.0,0.0,0.0,0.0,0.0,0.0,0.0,0.0,0.0,-2.004,2.004,2.004,-2.004,0.0,0.0,0.0,0.0,4490.0,0.0,6914.0,0.0,0.0,-107615152.0,2.718429120148166e+23,0.0,0.0,0.0,0.0,69,-71.63,89220.398,0.0,0.0,0.0,0.0,0.0,0.0,0.0,0,0,0,0.0,0.0,0.0,0.0,0.0,0.0,0.0,0.0,0.0,0.0,0.0,0.0,0.0,0.0,0.0,0.0,0,-107875648.0,69,0.0,138,0.0,0.0,0,26215,17086,0,17102,39322,17081,0,0,0,70,68,100,2.7302399002429377e+23,82.3,-0.0,78.1,0.0,79.0,1,49,50,180,26215,13107,0,0,0.0,0.0,0.0,0.0,-0.0,67.0,0.0,162057.094,0.0,977,0,1006,0,0,0,952,0,1030,0,928,0,791,0,783,0,822,0,7520,0.032,1.2739782625905659e+20,0.0,0.0,784,16797,-0.0,162057.094,-114818.039,-0.0,0.133,6.909358625270745e+28,30.0,70.0,35,0.0,0.0,0.0,0.0,0.0,0.0,0.0,0.0,0.0,0.0,0.0,0.0,0.0,0.0,0.0,0.0,66.4,0,150,71,52,65476,0,300,0,0,8,20529,65476,0,0,44564,70.0,0.0,0.0,0.0,0.0,0.0
2026-09-10T21:26:49,ERR,ERR,ERR,ERR,ERR,ERR,ERR,ERR,ERR,ERR,ERR,ERR,ERR,ERR,ERR,ERR,ERR,ERR,ERR,ERR,ERR,ERR,ERR,ERR,ERR,ERR,ERR,ERR,ERR,ERR,ERR,ERR,ERR,ERR,ERR,ERR,ERR,ERR,ERR,ERR,ERR,ERR,ERR,ERR,ERR,ERR,ERR,ERR,ERR,ERR,ERR,ERR,ERR,ERR,ERR,ERR,ERR,ERR,ERR,ERR,ERR,ERR,ERR,ERR,ERR,ERR,ERR,ERR,ERR,ERR,ERR,ERR,ERR,ERR,ERR,ERR,ERR,ERR,ERR,ERR,ERR,ERR,ERR,ERR,ERR,ERR,ERR,ERR,ERR,ERR,ERR,ERR,ERR,ERR,ERR,ERR,ERR,ERR,ERR,ERR,ERR,ERR,ERR,ERR,ERR,ERR,ERR,ERR,ERR,ERR,ERR,ERR,ERR,ERR,ERR,ERR,ERR,ERR,ERR,ERR,ERR,ERR,ERR,ERR,ERR,0.0,0.0,2.6474835549302285e+23,0.0,0.0,1.3936040501711995e+18,7.805,0.0,0,0,4,0,7116,0.0,100,0.0,0.0,0.0,0.0,0.0,0,0,0,0,0.0,0,0,0,0,0,0,0,0,0,0,0,0,0,0,0,0,0,0,0,0,0,0,0,0,0,0,0,0,0,0,0,0,0,31,40,40,71,65476,0,300,0,0,8,21553,0.0,-107605600.0,0.0,0.0,0.0,0.0,0.0,0.0,0.0,0.0,0.0,0.0,0.0,0.0,0.0,0.0,0.0,0.0,0.0,0.0,0.0,0.0,-2.004,2.004,2.004,-2.004,0.0,0.0,0.0,0.0,4490.0,0.0,6914.0,0.0,0.0,-107615152.0,2.718429120148166e+23,0.0,0.0,0.0,0.0,69,-71.63,89220.398,0.0,0.0,0.0,0.0,0.0,0.0,0.0,0,0,0,0.0,0.0,0.0,0.0,0.0,0.0,0.0,0.0,0.0,0.0,0.0,0.0,0.0,0.0,0.0,0.0,0,-107875648.0,69,0.0,138,0.0,0.0,0,26215,17086,0,17102,39322,17081,0,0,0,70,68,100,2.7302399002429377e+23,82.3,-0.0,78.1,0.0,79.0,1,49,50,180,26215,13107,0,0,0.0,0.0,0.0,0.0,-0.0,67.0,0.0,162057.094,0.0,977,0,1006,0,0,0,952,0,1030,0,928,0,791,0,783,0,822,0,7520,0.032,1.2739782625905659e+20,0.0,0.0,784,16797,-0.0,162057.094,-114818.039,-0.0,0.133,6.909358625270745e+28,30.0,70.0,35,0.0,0.0,0.0,0.0,0.0,0.0,0.0,0.0,0.0,0.0,0.0,0.0,0.0,0.0,0.0,0.0,66.4,0,150,71,52,65476,0,300,0,0,8,20529,65476,0,0,44564,70.0,0.0,0.0,0.0,0.0,0.0
2026-09-10T21:26:50,ERR,ERR,ERR,ERR,ERR,ERR,ERR,ERR,ERR,ERR,ERR,ERR,ERR,ERR,ERR,ERR,ERR,ERR,ERR,ERR,ERR,ERR,ERR,ERR,ERR,ERR,ERR,ERR,ERR,ERR,ERR,ERR,ERR,ERR,ERR,ERR,ERR,ERR,ERR,ERR,ERR,ERR,ERR,ERR,ERR,ERR,ERR,ERR,ERR,ERR,ERR,ERR,ERR,ERR,ERR,ERR,ERR,ERR,ERR,ERR,ERR,ERR,ERR,ERR,ERR,ERR,ERR,ERR,ERR,ERR,ERR,ERR,ERR,ERR,ERR,ERR,ERR,ERR,ERR,ERR,ERR,ERR,ERR,ERR,ERR,ERR,ERR,ERR,ERR,ERR,ERR,ERR,ERR,ERR,ERR,ERR,ERR,ERR,ERR,ERR,ERR,ERR,ERR,ERR,ERR,ERR,ERR,ERR,ERR,ERR,ERR,ERR,ERR,ERR,ERR,ERR,ERR,ERR,ERR,ERR,ERR,ERR,ERR,ERR,ERR,0.0,0.0,2.6474835549302285e+23,0.0,0.0,1.3936040501711995e+18,7.805,0.0,0,0,4,0,7116,0.0,100,0.0,0.0,0.0,0.0,0.0,0,0,0,0,0.0,0,0,0,0,0,0,0,0,0,0,0,0,0,0,0,0,0,0,0,0,0,0,0,0,0,0,0,0,0,0,0,0,0,31,40,40,71,65476,0,300,0,0,8,21553,0.0,-107605600.0,0.0,0.0,0.0,0.0,0.0,0.0,0.0,0.0,0.0,0.0,0.0,0.0,0.0,0.0,0.0,0.0,0.0,0.0,0.0,0.0,-2.004,2.004,2.004,-2.004,0.0,0.0,0.0,0.0,4490.0,0.0,6914.0,0.0,0.0,-107615152.0,2.718429120148166e+23,0.0,0.0,0.0,0.0,69,-71.63,89220.398,0.0,0.0,0.0,0.0,0.0,0.0,0.0,0,0,0,0.0,0.0,0.0,0.0,0.0,0.0,0.0,0.0,0.0,0.0,0.0,0.0,0.0,0.0,0.0,0.0,0,-107875648.0,69,0.0,138,0.0,0.0,0,26215,17086,0,17102,39322,17081,0,0,0,70,68,100,2.7302399002429377e+23,82.3,-0.0,78.1,0.0,79.0,1,49,50,180,26215,13107,0,0,0.0,0.0,0.0,0.0,-0.0,67.0,0.0,162057.094,0.0,977,0,1006,0,0,0,952,0,1030,0,928,0,791,0,783,0,822,0,7520,0.032,1.2739782625905659e+20,0.0,0.0,784,16797,-0.0,162057.094,-114818.039,-0.0,0.133,6.909358625270745e+28,30.0,70.0,35,0.0,0.0,0.0,0.0,0.0,0.0,0.0,0.0,0.0,0.0,0.0,0.0,0.0,0.0,0.0,0.0,66.4,0,150,71,52,65476,0,300,0,0,8,20529,65476,0,0,44564,70.0,0.0,0.0,0.0,0.0,0.0
2026-09-10T21:26:51,ERR,ERR,ERR,ERR,ERR,ERR,ERR,ERR,ERR,ERR,ERR,ERR,ERR,ERR,ERR,ERR,ERR,ERR,ERR,ERR,ERR,ERR,ERR,ERR,ERR,ERR,ERR,ERR,ERR,ERR,ERR,ERR,ERR,ERR,ERR,ERR,ERR,ERR,ERR,ERR,ERR,ERR,ERR,ERR,ERR,ERR,ERR,ERR,ERR,ERR,ERR,ERR,ERR,ERR,ERR,ERR,ERR,ERR,ERR,ERR,ERR,ERR,ERR,ERR,ERR,ERR,ERR,ERR,ERR,ERR,ERR,ERR,ERR,ERR,ERR,ERR,ERR,ERR,ERR,ERR,ERR,ERR,ERR,ERR,ERR,ERR,ERR,ERR,ERR,ERR,ERR,ERR,ERR,ERR,ERR,ERR,ERR,ERR,ERR,ERR,ERR,ERR,ERR,ERR,ERR,ERR,ERR,ERR,ERR,ERR,ERR,ERR,ERR,ERR,ERR,ERR,ERR,ERR,ERR,ERR,ERR,ERR,ERR,ERR,ERR,0.0,0.0,2.6474835549302285e+23,0.0,0.0,1.3936040501711995e+18,7.805,0.0,0,0,4,0,7116,0.0,100,0.0,0.0,0.0,0.0,0.0,0,0,0,0,0.0,0,0,0,0,0,0,0,0,0,0,0,0,0,0,0,0,0,0,0,0,0,0,0,0,0,0,0,0,0,0,0,0,0,31,40,40,71,65476,0,300,0,0,8,21553,0.0,-107605600.0,0.0,0.0,0.0,0.0,0.0,0.0,0.0,0.0,0.0,0.0,0.0,0.0,0.0,0.0,0.0,0.0,0.0,0.0,0.0,0.0,-2.004,2.004,2.004,-2.004,0.0,0.0,0.0,0.0,4490.0,0.0,6914.0,0.0,0.0,-107615152.0,2.718429120148166e+23,0.0,0.0,0.0,0.0,69,-71.63,89220.398,0.0,0.0,0.0,0.0,0.0,0.0,0.0,0,0,0,0.0,0.0,0.0,0.0,0.0,0.0,0.0,0.0,0.0,0.0,0.0,0.0,0.0,0.0,0.0,0.0,0,-107875648.0,69,0.0,138,0.0,0.0,0,26215,17086,0,17102,39322,17081,0,0,0,70,68,100,2.7302399002429377e+23,82.2,2.730238459091057e+23,78.1,0.0,79.0,1,49,50,180,26215,13107,0,0,0.0,0.0,0.0,0.0,-0.0,67.0,0.0,162057.094,0.0,977,0,1006,0,0,0,952,0,1030,0,928,0,791,0,782,0,822,0,7520,0.032,1.2682136550675317e+20,0.0,0.0,784,16797,-0.0,162057.094,-114818.039,-0.0,0.133,6.909358625270745e+28,30.0,70.0,35,0.0,0.0,0.0,0.0,0.0,0.0,0.0,0.0,0.0,0.0,0.0,0.0,0.0,0.0,0.0,0.0,66.4,0,150,71,52,65476,0,300,0,0,8,20529,65476,0,0,44564,70.0,0.0,0.0,0.0,0.0,0.0
2026-09-10T21:26:52,ERR,ERR,ERR,ERR,ERR,ERR,ERR,ERR,ERR,ERR,ERR,ERR,ERR,ERR,ERR,ERR,ERR,ERR,ERR,ERR,ERR,ERR,ERR,ERR,ERR,ERR,ERR,ERR,ERR,ERR,ERR,ERR,ERR,ERR,ERR,ERR,ERR,ERR,ERR,ERR,ERR,ERR,ERR,ERR,ERR,ERR,ERR,ERR,ERR,ERR,ERR,ERR,ERR,ERR,ERR,ERR,ERR,ERR,ERR,ERR,ERR,ERR,ERR,ERR,ERR,ERR,ERR,ERR,ERR,ERR,ERR,ERR,ERR,ERR,ERR,ERR,ERR,ERR,ERR,ERR,ERR,ERR,ERR,ERR,ERR,ERR,ERR,ERR,ERR,ERR,ERR,ERR,ERR,ERR,ERR,ERR,ERR,ERR,ERR,ERR,ERR,ERR,ERR,ERR,ERR,ERR,ERR,ERR,ERR,ERR,ERR,ERR,ERR,ERR,ERR,ERR,ERR,ERR,ERR,ERR,ERR,ERR,ERR,ERR,ERR,0.0,0.0,2.6474835549302285e+23,0.0,0.0,1.3936040501711995e+18,7.805,0.0,0,0,4,0,7116,0.0,100,0.0,0.0,0.0,0.0,0.0,0,0,0,0,0.0,0,0,0,0,0,0,0,0,0,0,0,0,0,0,0,0,0,0,0,0,0,0,0,0,0,0,0,0,0,0,0,0,0,31,40,40,71,65476,0,300,0,0,8,21553,0.0,-107605600.0,0.0,0.0,0.0,0.0,0.0,0.0,0.0,0.0,0.0,0.0,0.0,0.0,0.0,0.0,0.0,0.0,0.0,0.0,0.0,0.0,-2.004,2.004,2.004,-2.004,0.0,0.0,0.0,0.0,4490.0,0.0,6914.0,0.0,0.0,-107615152.0,2.718429120148166e+23,0.0,0.0,0.0,0.0,69,-71.63,89220.398,0.0,0.0,0.0,0.0,0.0,0.0,0.0,0,0,0,0.0,0.0,0.0,0.0,0.0,0.0,0.0,0.0,0.0,0.0,0.0,0.0,0.0,0.0,0.0,0.0,0,-107875648.0,69,0.0,138,0.0,0.0,0,26215,17086,0,17102,39322,17081,0,0,0,70,68,100,2.7302399002429377e+23,82.2,2.730238459091057e+23,78.1,0.0,79.0,1,49,50,180,26215,13107,0,0,0.0,0.0,0.0,0.0,-0.0,67.0,0.0,162057.094,0.0,977,0,1006,0,0,0,952,0,1030,0,928,0,791,0,782,0,822,0,7520,0.032,1.2682136550675317e+20,0.0,0.0,784,16797,-0.0,162057.094,-114818.039,-0.0,0.133,6.909358625270745e+28,30.0,70.0,35,0.0,0.0,0.0,0.0,0.0,0.0,0.0,0.0,0.0,0.0,0.0,0.0,0.0,0.0,0.0,0.0,66.4,0,150,71,52,65476,0,300,0,0,8,20529,65476,0,0,44564,70.0,0.0,0.0,0.0,0.0,0.0
2026-09-10T21:26:53,ERR,ERR,ERR,ERR,ERR,ERR,ERR,ERR,ERR,ERR,ERR,ERR,ERR,ERR,ERR,ERR,ERR,ERR,ERR,ERR,ERR,ERR,ERR,ERR,ERR,ERR,ERR,ERR,ERR,ERR,ERR,ERR,ERR,ERR,ERR,ERR,ERR,ERR,ERR,ERR,ERR,ERR,ERR,ERR,ERR,ERR,ERR,ERR,ERR,ERR,ERR,ERR,ERR,ERR,ERR,ERR,ERR,ERR,ERR,ERR,ERR,ERR,ERR,ERR,ERR,ERR,ERR,ERR,ERR,ERR,ERR,ERR,ERR,ERR,ERR,ERR,ERR,ERR,ERR,ERR,ERR,ERR,ERR,ERR,ERR,ERR,ERR,ERR,ERR,ERR,ERR,ERR,ERR,ERR,ERR,ERR,ERR,ERR,ERR,ERR,ERR,ERR,ERR,ERR,ERR,ERR,ERR,ERR,ERR,ERR,ERR,ERR,ERR,ERR,ERR,ERR,ERR,ERR,ERR,ERR,ERR,ERR,ERR,ERR,ERR,0.0,0.0,2.6474835549302285e+23,0.0,0.0,1.3936040501711995e+18,7.805,0.0,0,0,4,0,7116,0.0,100,0.0,0.0,0.0,0.0,0.0,0,0,0,0,0.0,0,0,0,0,0,0,0,0,0,0,0,0,0,0,0,0,0,0,0,0,0,0,0,0,0,0,0,0,0,0,0,0,0,31,40,40,71,65476,0,300,0,0,8,21553,0.0,-107605600.0,0.0,0.0,0.0,0.0,0.0,0.0,0.0,0.0,0.0,0.0,0.0,0.0,0.0,0.0,0.0,0.0,0.0,0.0,0.0,0.0,-2.004,2.004,2.004,-2.004,0.0,0.0,0.0,0.0,4490.0,0.0,6914.0,0.0,0.0,-107615152.0,2.718429120148166e+23,0.0,0.0,0.0,0.0,69,-71.63,89220.398,0.0,0.0,0.0,0.0,0.0,0.0,0.0,0,0,0,0.0,0.0,0.0,0.0,0.0,0.0,0.0,0.0,0.0,0.0,0.0,0.0,0.0,0.0,0.0,0.0,0,-107875648.0,69,0.0,138,0.0,0.0,0,26215,17086,0,17102,39322,17081,0,0,0,70,68,100,2.7302399002429377e+23,82.2,2.730238459091057e+23,78.1,0.0,79.0,1,49,50,180,26215,13107,0,0,0.0,0.0,0.0,0.0,-0.0,67.0,0.0,162057.094,0.0,977,0,1006,0,0,0,952,0,1030,0,928,0,791,0,782,0,822,0,7520,0.032,1.2682136550675317e+20,0.0,0.0,784,16797,-0.0,162057.094,-114818.039,-0.0,0.133,6.909358625270745e+28,30.0,70.0,35,0.0,0.0,0.0,0.0,0.0,0.0,0.0,0.0,0.0,0.0,0.0,0.0,0.0,0.0,0.0,0.0,66.4,0,150,71,52,65476,0,300,0,0,8,20529,65476,0,0,44564,70.0,0.0,0.0,0.0,0.0,0.0
2026-09-10T21:26:54,ERR,ERR,ERR,ERR,ERR,ERR,ERR,ERR,ERR,ERR,ERR,ERR,ERR,ERR,ERR,ERR,ERR,ERR,ERR,ERR,ERR,ERR,ERR,ERR,ERR,ERR,ERR,ERR,ERR,ERR,ERR,ERR,ERR,ERR,ERR,ERR,ERR,ERR,ERR,ERR,ERR,ERR,ERR,ERR,ERR,ERR,ERR,ERR,ERR,ERR,ERR,ERR,ERR,ERR,ERR,ERR,ERR,ERR,ERR,ERR,ERR,ERR,ERR,ERR,ERR,ERR,ERR,ERR,ERR,ERR,ERR,ERR,ERR,ERR,ERR,ERR,ERR,ERR,ERR,ERR,ERR,ERR,ERR,ERR,ERR,ERR,ERR,ERR,ERR,ERR,ERR,ERR,ERR,ERR,ERR,ERR,ERR,ERR,ERR,ERR,ERR,ERR,ERR,ERR,ERR,ERR,ERR,ERR,ERR,ERR,ERR,ERR,ERR,ERR,ERR,ERR,ERR,ERR,ERR,ERR,ERR,ERR,ERR,ERR,ERR,0.0,0.0,2.6474835549302285e+23,0.0,0.0,1.3936040501711995e+18,7.805,0.0,0,0,4,0,7116,0.0,100,0.0,0.0,0.0,0.0,0.0,0,0,0,0,0.0,0,0,0,0,0,0,0,0,0,0,0,0,0,0,0,0,0,0,0,0,0,0,0,0,0,0,0,0,0,0,0,0,0,31,40,40,71,65476,0,300,0,0,8,21553,0.0,-107605600.0,0.0,0.0,0.0,0.0,0.0,0.0,0.0,0.0,0.0,0.0,0.0,0.0,0.0,0.0,0.0,0.0,0.0,0.0,0.0,0.0,-2.004,2.004,2.004,-2.004,0.0,0.0,0.0,0.0,4490.0,0.0,6914.0,0.0,0.0,-107615152.0,2.718429120148166e+23,0.0,0.0,0.0,0.0,69,-71.63,89220.398,0.0,0.0,0.0,0.0,0.0,0.0,0.0,0,0,0,0.0,0.0,0.0,0.0,0.0,0.0,0.0,0.0,0.0,0.0,0.0,0.0,0.0,0.0,0.0,0.0,0,-107875648.0,69,0.0,138,0.0,0.0,0,26215,17086,0,17102,39322,17081,0,0,0,70,68,100,2.7302399002429377e+23,82.2,2.730238459091057e+23,78.1,0.0,79.0,1,49,50,180,26215,13107,0,0,0.0,0.0,0.0,0.0,-0.0,67.0,0.0,162057.094,0.0,977,0,1006,0,0,0,952,0,1030,0,928,0,791,0,782,0,822,0,7520,0.032,1.2682136550675317e+20,0.0,0.0,784,16797,-0.0,162057.094,-114818.039,-0.0,0.133,6.909358625270745e+28,30.0,70.0,35,0.0,0.0,0.0,0.0,0.0,0.0,0.0,0.0,0.0,0.0,0.0,0.0,0.0,0.0,0.0,0.0,66.4,0,150,71,52,65476,0,300,0,0,8,20529,65476,0,0,44564,70.0,0.0,0.0,0.0,0.0,0.0
2026-09-10T21:26:55,ERR,ERR,ERR,ERR,ERR,ERR,ERR,ERR,ERR,ERR,ERR,ERR,ERR,ERR,ERR,ERR,ERR,ERR,ERR,ERR,ERR,ERR,ERR,ERR,ERR,ERR,ERR,ERR,ERR,ERR,ERR,ERR,ERR,ERR,ERR,ERR,ERR,ERR,ERR,ERR,ERR,ERR,ERR,ERR,ERR,ERR,ERR,ERR,ERR,ERR,ERR,ERR,ERR,ERR,ERR,ERR,ERR,ERR,ERR,ERR,ERR,ERR,ERR,ERR,ERR,ERR,ERR,ERR,ERR,ERR,ERR,ERR,ERR,ERR,ERR,ERR,ERR,ERR,ERR,ERR,ERR,ERR,ERR,ERR,ERR,ERR,ERR,ERR,ERR,ERR,ERR,ERR,ERR,ERR,ERR,ERR,ERR,ERR,ERR,ERR,ERR,ERR,ERR,ERR,ERR,ERR,ERR,ERR,ERR,ERR,ERR,ERR,ERR,ERR,ERR,ERR,ERR,ERR,ERR,ERR,ERR,ERR,ERR,ERR,ERR,0.0,0.0,2.6474835549302285e+23,0.0,0.0,1.3936040501711995e+18,7.805,0.0,0,0,4,0,7116,0.0,100,0.0,0.0,0.0,0.0,0.0,0,0,0,0,0.0,0,0,0,0,0,0,0,0,0,0,0,0,0,0,0,0,0,0,0,0,0,0,0,0,0,0,0,0,0,0,0,0,0,31,40,40,71,65476,0,300,0,0,8,21553,0.0,-107605600.0,0.0,0.0,0.0,0.0,0.0,0.0,0.0,0.0,0.0,0.0,0.0,0.0,0.0,0.0,0.0,0.0,0.0,0.0,0.0,0.0,-2.004,2.004,2.004,-2.004,0.0,0.0,0.0,0.0,4490.0,0.0,6914.0,0.0,0.0,-107615152.0,2.718429120148166e+23,0.0,0.0,0.0,0.0,69,-71.63,89220.398,0.0,0.0,0.0,0.0,0.0,0.0,0.0,0,0,0,0.0,0.0,0.0,0.0,0.0,0.0,0.0,0.0,0.0,0.0,0.0,0.0,0.0,0.0,0.0,0.0,0,-107875648.0,69,0.0,138,0.0,0.0,0,26215,17086,0,17102,39322,17081,0,0,0,70,68,100,2.7302399002429377e+23,82.2,2.730238459091057e+23,78.1,0.0,79.0,1,49,50,180,26215,13107,0,0,0.0,0.0,0.0,0.0,-0.0,67.0,0.0,162057.094,0.0,977,0,1006,0,0,0,952,0,1030,0,928,0,791,0,782,0,822,0,7520,0.032,1.2682136550675317e+20,0.0,0.0,784,16797,-0.0,162057.094,-114818.039,-0.0,0.133,6.909358625270745e+28,30.0,70.0,35,0.0,0.0,0.0,0.0,0.0,0.0,0.0,0.0,0.0,0.0,0.0,0.0,0.0,0.0,0.0,0.0,66.4,0,150,71,52,65476,0,300,0,0,8,20529,65476,0,0,44564,70.0,0.0,0.0,0.0,0.0,0.0
2026-09-10T21:26:56,ERR,ERR,ERR,ERR,ERR,ERR,ERR,ERR,ERR,ERR,ERR,ERR,ERR,ERR,ERR,ERR,ERR,ERR,ERR,ERR,ERR,ERR,ERR,ERR,ERR,ERR,ERR,ERR,ERR,ERR,ERR,ERR,ERR,ERR,ERR,ERR,ERR,ERR,ERR,ERR,ERR,ERR,ERR,ERR,ERR,ERR,ERR,ERR,ERR,ERR,ERR,ERR,ERR,ERR,ERR,ERR,ERR,ERR,ERR,ERR,ERR,ERR,ERR,ERR,ERR,ERR,ERR,ERR,ERR,ERR,ERR,ERR,ERR,ERR,ERR,ERR,ERR,ERR,ERR,ERR,ERR,ERR,ERR,ERR,ERR,ERR,ERR,ERR,ERR,ERR,ERR,ERR,ERR,ERR,ERR,ERR,ERR,ERR,ERR,ERR,ERR,ERR,ERR,ERR,ERR,ERR,ERR,ERR,ERR,ERR,ERR,ERR,ERR,ERR,ERR,ERR,ERR,ERR,ERR,ERR,ERR,ERR,ERR,ERR,ERR,0.0,0.0,2.6474835549302285e+23,0.0,0.0,1.3936040501711995e+18,7.805,0.0,0,0,4,0,7116,0.0,100,0.0,0.0,0.0,0.0,0.0,0,0,0,0,0.0,0,0,0,0,0,0,0,0,0,0,0,0,0,0,0,0,0,0,0,0,0,0,0,0,0,0,0,0,0,0,0,0,0,31,40,40,71,65476,0,300,0,0,8,21553,0.0,-107605600.0,0.0,0.0,0.0,0.0,0.0,0.0,0.0,0.0,0.0,0.0,0.0,0.0,0.0,0.0,0.0,0.0,0.0,0.0,0.0,0.0,-2.004,2.004,2.004,-2.004,0.0,0.0,0.0,0.0,4490.0,131350.188,6921.0,0.0,0.0,-107615152.0,0.0,0.0,0.0,0.0,0.0,69,-0.059,-0.0,0.0,0.0,0.0,0.0,0.0,0.0,0.0,0,0,0,0.0,0.0,0.0,0.0,0.0,0.0,0.0,0.0,0.0,0.0,0.0,0.0,0.0,0.0,0.0,0.0,0,-107875648.0,69,0.0,138,0.0,0.0,0,26215,17086,0,17102,39322,17081,0,0,0,70,68,100,2.7302399002429377e+23,82.2,2.730238459091057e+23,78.1,0.0,79.0,1,49,50,180,26215,13107,0,0,0.0,0.0,0.0,0.0,-0.0,67.0,0.0,162057.094,0.0,977,0,1006,0,0,0,952,0,1030,0,928,0,791,0,782,0,822,0,7520,0.032,1.2682136550675317e+20,0.0,0.0,784,16797,-0.0,162057.094,-114818.039,-0.0,0.133,6.909358625270745e+28,30.0,70.0,35,0.0,0.0,0.0,0.0,0.0,0.0,0.0,0.0,0.0,0.0,0.0,0.0,0.0,0.0,0.0,0.0,66.4,0,150,71,52,65476,0,300,0,0,8,20529,65476,0,0,44564,70.0,0.0,0.0,0.0,0.0,0.0
2026-09-10T21:26:57,ERR,ERR,ERR,ERR,ERR,ERR,ERR,ERR,ERR,ERR,ERR,ERR,ERR,ERR,ERR,ERR,ERR,ERR,ERR,ERR,ERR,ERR,ERR,ERR,ERR,ERR,ERR,ERR,ERR,ERR,ERR,ERR,ERR,ERR,ERR,ERR,ERR,ERR,ERR,ERR,ERR,ERR,ERR,ERR,ERR,ERR,ERR,ERR,ERR,ERR,ERR,ERR,ERR,ERR,ERR,ERR,ERR,ERR,ERR,ERR,ERR,ERR,ERR,ERR,ERR,ERR,ERR,ERR,ERR,ERR,ERR,ERR,ERR,ERR,ERR,ERR,ERR,ERR,ERR,ERR,ERR,ERR,ERR,ERR,ERR,ERR,ERR,ERR,ERR,ERR,ERR,ERR,ERR,ERR,ERR,ERR,ERR,ERR,ERR,ERR,ERR,ERR,ERR,ERR,ERR,ERR,ERR,ERR,ERR,ERR,ERR,ERR,ERR,ERR,ERR,ERR,ERR,ERR,ERR,ERR,ERR,ERR,ERR,ERR,ERR,0.0,0.0,2.6474835549302285e+23,0.0,0.0,1.3936040501711995e+18,7.805,0.0,0,0,4,0,7116,0.0,100,0.0,0.0,0.0,0.0,0.0,0,0,0,0,0.0,0,0,0,0,0,0,0,0,0,0,0,0,0,0,0,0,0,0,0,0,0,0,0,0,0,0,0,0,0,0,0,0,0,31,40,40,71,65476,0,300,0,0,8,21553,0.0,-107605600.0,0.0,0.0,0.0,0.0,0.0,0.0,0.0,0.0,0.0,0.0,0.0,0.0,0.0,0.0,0.0,0.0,0.0,0.0,0.0,0.0,-2.004,2.004,2.004,-2.004,0.0,0.0,0.0,0.0,4490.0,131350.188,6921.0,0.0,0.0,-107615152.0,0.0,0.0,0.0,0.0,0.0,69,-0.059,-0.0,0.0,0.0,0.0,0.0,0.0,0.0,0.0,0,0,0,0.0,0.0,0.0,0.0,0.0,0.0,0.0,0.0,0.0,0.0,0.0,0.0,0.0,0.0,0.0,0.0,0,-107875648.0,69,0.0,138,0.0,0.0,0,26215,17086,0,17102,39322,17081,0,0,0,70,68,100,2.7302399002429377e+23,82.2,-0.0,78.1,0.0,79.0,1,49,50,180,26215,13107,0,0,0.0,0.0,0.0,0.0,-0.0,67.0,0.0,162057.094,0.0,977,0,1006,0,0,0,952,0,1030,0,928,0,791,0,782,0,822,0,7520,0.032,1.2682136550675317e+20,0.0,0.0,784,16797,-0.0,162057.094,-114818.039,-0.0,0.133,6.909358625270745e+28,30.0,70.0,35,0.0,0.0,0.0,0.0,0.0,0.0,0.0,0.0,0.0,0.0,0.0,0.0,0.0,0.0,0.0,0.0,66.4,0,150,71,52,65476,0,300,0,0,8,20529,65476,0,0,44564,70.0,0.0,0.0,0.0,0.0,0.0
2026-09-10T21:26:58,ERR,ERR,ERR,ERR,ERR,ERR,ERR,ERR,ERR,ERR,ERR,ERR,ERR,ERR,ERR,ERR,ERR,ERR,ERR,ERR,ERR,ERR,ERR,ERR,ERR,ERR,ERR,ERR,ERR,ERR,ERR,ERR,ERR,ERR,ERR,ERR,ERR,ERR,ERR,ERR,ERR,ERR,ERR,ERR,ERR,ERR,ERR,ERR,ERR,ERR,ERR,ERR,ERR,ERR,ERR,ERR,ERR,ERR,ERR,ERR,ERR,ERR,ERR,ERR,ERR,ERR,ERR,ERR,ERR,ERR,ERR,ERR,ERR,ERR,ERR,ERR,ERR,ERR,ERR,ERR,ERR,ERR,ERR,ERR,ERR,ERR,ERR,ERR,ERR,ERR,ERR,ERR,ERR,ERR,ERR,ERR,ERR,ERR,ERR,ERR,ERR,ERR,ERR,ERR,ERR,ERR,ERR,ERR,ERR,ERR,ERR,ERR,ERR,ERR,ERR,ERR,ERR,ERR,ERR,ERR,ERR,ERR,ERR,ERR,ERR,0.0,0.0,2.6474835549302285e+23,0.0,0.0,1.3936040501711995e+18,7.805,0.0,0,0,4,0,7116,0.0,100,0.0,0.0,0.0,0.0,0.0,0,0,0,0,0.0,0,0,0,0,0,0,0,0,0,0,0,0,0,0,0,0,0,0,0,0,0,0,0,0,0,0,0,0,0,0,0,0,0,31,40,40,71,65476,0,300,0,0,8,21553,0.0,-107605600.0,0.0,0.0,0.0,0.0,0.0,0.0,0.0,0.0,0.0,0.0,0.0,0.0,0.0,0.0,0.0,0.0,0.0,0.0,0.0,0.0,-2.004,2.004,2.004,-2.004,0.0,0.0,0.0,0.0,4490.0,131350.188,6921.0,0.0,0.0,-107615152.0,0.0,0.0,0.0,0.0,0.0,69,-0.059,-0.0,0.0,0.0,0.0,0.0,0.0,0.0,0.0,0,0,0,0.0,0.0,0.0,0.0,0.0,0.0,0.0,0.0,0.0,0.0,0.0,0.0,0.0,0.0,0.0,0.0,0,-107875648.0,69,0.0,138,0.0,0.0,0,26215,17086,0,17102,39322,17081,0,0,0,70,68,100,2.7302399002429377e+23,82.2,-0.0,78.1,0.0,79.0,1,49,50,180,26215,13107,0,0,0.0,0.0,0.0,0.0,-0.0,67.0,0.0,162057.094,0.0,977,0,1006,0,0,0,952,0,1030,0,928,0,791,0,782,0,822,0,7520,0.032,1.2682136550675317e+20,0.0,0.0,784,16797,-0.0,162057.094,-114818.039,-0.0,0.133,6.909358625270745e+28,30.0,70.0,35,0.0,0.0,0.0,0.0,0.0,0.0,0.0,0.0,0.0,0.0,0.0,0.0,0.0,0.0,0.0,0.0,66.8,0,150,71,52,65476,0,300,0,0,8,20529,65476,0,0,44564,70.0,0.0,0.0,0.0,0.0,0.0
2026-09-10T21:26:59,ERR,ERR,ERR,ERR,ERR,ERR,ERR,ERR,ERR,ERR,ERR,ERR,ERR,ERR,ERR,ERR,ERR,ERR,ERR,ERR,ERR,ERR,ERR,ERR,ERR,ERR,ERR,ERR,ERR,ERR,ERR,ERR,ERR,ERR,ERR,ERR,ERR,ERR,ERR,ERR,ERR,ERR,ERR,ERR,ERR,ERR,ERR,ERR,ERR,ERR,ERR,ERR,ERR,ERR,ERR,ERR,ERR,ERR,ERR,ERR,ERR,ERR,ERR,ERR,ERR,ERR,ERR,ERR,ERR,ERR,ERR,ERR,ERR,ERR,ERR,ERR,ERR,ERR,ERR,ERR,ERR,ERR,ERR,ERR,ERR,ERR,ERR,ERR,ERR,ERR,ERR,ERR,ERR,ERR,ERR,ERR,ERR,ERR,ERR,ERR,ERR,ERR,ERR,ERR,ERR,ERR,ERR,ERR,ERR,ERR,ERR,ERR,ERR,ERR,ERR,ERR,ERR,ERR,ERR,ERR,ERR,ERR,ERR,ERR,ERR,0.0,0.0,2.6474835549302285e+23,0.0,0.0,1.3936040501711995e+18,7.805,0.0,0,0,4,0,7116,0.0,100,0.0,0.0,0.0,0.0,0.0,0,0,0,0,0.0,0,0,0,0,0,0,0,0,0,0,0,0,0,0,0,0,0,0,0,0,0,0,0,0,0,0,0,0,0,0,0,0,0,31,40,40,71,65476,0,300,0,0,8,21553,0.0,-107605600.0,0.0,0.0,0.0,0.0,0.0,0.0,0.0,0.0,0.0,0.0,0.0,0.0,0.0,0.0,0.0,0.0,0.0,0.0,0.0,0.0,-2.004,2.004,2.004,-2.004,0.0,0.0,0.0,0.0,4490.0,131350.188,6921.0,0.0,0.0,-107615152.0,0.0,0.0,0.0,0.0,0.0,69,-0.059,-0.0,0.0,0.0,0.0,0.0,0.0,0.0,0.0,0,0,0,0.0,0.0,0.0,0.0,0.0,0.0,0.0,0.0,0.0,0.0,0.0,0.0,0.0,0.0,0.0,0.0,0,-107875648.0,69,0.0,138,0.0,0.0,0,26215,17086,0,17102,39322,17081,0,0,0,70,68,100,2.7302399002429377e+23,82.2,-0.0,78.1,0.0,79.0,1,49,50,180,26215,13107,0,0,0.0,0.0,0.0,0.0,-0.0,67.0,0.0,162057.094,0.0,977,0,1006,0,0,0,952,0,1030,0,928,0,791,0,782,0,822,0,7520,0.032,1.2682136550675317e+20,0.0,0.0,784,16797,-0.0,162057.094,-114818.039,-0.0,0.133,6.909358625270745e+28,30.0,70.0,35,0.0,0.0,0.0,0.0,0.0,0.0,0.0,0.0,0.0,0.0,0.0,0.0,0.0,0.0,0.0,0.0,66.8,0,150,71,52,65476,0,300,0,0,8,20529,65476,0,0,44564,70.0,0.0,0.0,0.0,0.0,0.0
2026-09-10T21:27:00,ERR,ERR,ERR,ERR,ERR,ERR,ERR,ERR,ERR,ERR,ERR,ERR,ERR,ERR,ERR,ERR,ERR,ERR,ERR,ERR,ERR,ERR,ERR,ERR,ERR,ERR,ERR,ERR,ERR,ERR,ERR,ERR,ERR,ERR,ERR,ERR,ERR,ERR,ERR,ERR,ERR,ERR,ERR,ERR,ERR,ERR,ERR,ERR,ERR,ERR,ERR,ERR,ERR,ERR,ERR,ERR,ERR,ERR,ERR,ERR,ERR,ERR,ERR,ERR,ERR,ERR,ERR,ERR,ERR,ERR,ERR,ERR,ERR,ERR,ERR,ERR,ERR,ERR,ERR,ERR,ERR,ERR,ERR,ERR,ERR,ERR,ERR,ERR,ERR,ERR,ERR,ERR,ERR,ERR,ERR,ERR,ERR,ERR,ERR,ERR,ERR,ERR,ERR,ERR,ERR,ERR,ERR,ERR,ERR,ERR,ERR,ERR,ERR,ERR,ERR,ERR,ERR,ERR,ERR,ERR,ERR,ERR,ERR,ERR,ERR,0.0,0.0,2.6474835549302285e+23,0.0,0.0,1.3936040501711995e+18,7.805,0.0,0,0,4,0,7116,0.0,100,0.0,0.0,0.0,0.0,0.0,0,0,0,0,0.0,0,0,0,0,0,0,0,0,0,0,0,0,0,0,0,0,0,0,0,0,0,0,0,0,0,0,0,0,0,0,0,0,0,31,40,40,71,65476,0,300,0,0,8,21553,0.0,-107605600.0,0.0,0.0,0.0,0.0,0.0,0.0,0.0,0.0,0.0,0.0,0.0,0.0,0.0,0.0,0.0,0.0,0.0,0.0,0.0,0.0,-2.004,2.004,2.004,-2.004,0.0,0.0,0.0,0.0,4490.0,131350.188,6921.0,0.0,0.0,-107615152.0,0.0,0.0,0.0,0.0,0.0,69,-0.059,-0.0,0.0,0.0,0.0,0.0,0.0,0.0,0.0,0,0,0,0.0,0.0,0.0,0.0,0.0,0.0,0.0,0.0,0.0,0.0,0.0,0.0,0.0,0.0,0.0,0.0,0,-107875648.0,69,0.0,138,0.0,0.0,0,26215,17086,0,17102,39322,17081,0,0,0,70,68,100,2.7302399002429377e+23,82.2,-0.0,78.1,0.0,79.0,1,49,50,180,26215,13107,0,0,0.0,0.0,0.0,0.0,-0.0,67.0,0.0,162057.094,0.0,977,0,1006,0,0,0,952,0,1030,0,928,0,791,0,782,0,822,0,7520,0.032,1.2682136550675317e+20,0.0,0.0,784,16797,-0.0,162057.094,-114818.039,-0.0,0.133,6.909358625270745e+28,30.0,70.0,35,0.0,0.0,0.0,0.0,0.0,0.0,0.0,0.0,0.0,0.0,0.0,0.0,0.0,0.0,0.0,0.0,66.8,0,150,71,52,65476,0,300,0,0,8,20529,65476,0,0,44564,70.0,0.0,0.0,0.0,0.0,0.0
2026-09-10T21:27:01,ERR,ERR,ERR,ERR,ERR,ERR,ERR,ERR,ERR,ERR,ERR,ERR,ERR,ERR,ERR,ERR,ERR,ERR,ERR,ERR,ERR,ERR,ERR,ERR,ERR,ERR,ERR,ERR,ERR,ERR,ERR,ERR,ERR,ERR,ERR,ERR,ERR,ERR,ERR,ERR,ERR,ERR,ERR,ERR,ERR,ERR,ERR,ERR,ERR,ERR,ERR,ERR,ERR,ERR,ERR,ERR,ERR,ERR,ERR,ERR,ERR,ERR,ERR,ERR,ERR,ERR,ERR,ERR,ERR,ERR,ERR,ERR,ERR,ERR,ERR,ERR,ERR,ERR,ERR,ERR,ERR,ERR,ERR,ERR,ERR,ERR,ERR,ERR,ERR,ERR,ERR,ERR,ERR,ERR,ERR,ERR,ERR,ERR,ERR,ERR,ERR,ERR,ERR,ERR,ERR,ERR,ERR,ERR,ERR,ERR,ERR,ERR,ERR,ERR,ERR,ERR,ERR,ERR,ERR,ERR,ERR,ERR,ERR,ERR,ERR,0.0,0.0,2.6474835549302285e+23,0.0,0.0,1.3936040501711995e+18,7.805,0.0,0,0,4,0,7116,0.0,100,0.0,0.0,0.0,0.0,0.0,0,0,0,0,0.0,0,0,0,0,0,0,0,0,0,0,0,0,0,0,0,0,0,0,0,0,0,0,0,0,0,0,0,0,0,0,0,0,0,31,40,40,71,65476,0,300,0,0,8,21553,0.0,-107605600.0,0.0,0.0,0.0,0.0,0.0,0.0,0.0,0.0,0.0,0.0,0.0,0.0,0.0,0.0,0.0,0.0,0.0,0.0,0.0,0.0,-2.004,2.004,2.004,-2.004,0.0,0.0,0.0,0.0,4490.0,131350.188,6921.0,0.0,0.0,-107615152.0,0.0,0.0,0.0,0.0,0.0,69,-0.059,-0.0,0.0,0.0,0.0,0.0,0.0,0.0,0.0,0,0,0,0.0,0.0,0.0,0.0,0.0,0.0,0.0,0.0,0.0,0.0,0.0,0.0,0.0,0.0,0.0,0.0,0,-107875648.0,69,0.0,138,0.0,0.0,0,26215,17086,0,17102,39322,17081,0,0,0,70,68,100,2.7302399002429377e+23,82.2,-0.0,78.1,0.0,79.0,1,49,50,180,26215,13107,0,0,0.0,0.0,0.0,0.0,-0.0,67.0,0.0,162057.094,0.0,977,0,1006,0,0,0,952,0,1030,0,928,0,791,0,782,0,822,0,7520,0.032,1.2682136550675317e+20,0.0,0.0,784,16797,-0.0,162057.094,-114818.039,-0.0,0.133,6.909358625270745e+28,30.0,70.0,35,0.0,0.0,0.0,0.0,0.0,0.0,0.0,0.0,0.0,0.0,0.0,0.0,0.0,0.0,0.0,0.0,66.4,0,150,71,52,65476,0,300,0,0,8,20529,65476,0,0,44564,70.0,0.0,0.0,0.0,0.0,0.0
2026-09-10T21:27:02,ERR,ERR,ERR,ERR,ERR,ERR,ERR,ERR,ERR,ERR,ERR,ERR,ERR,ERR,ERR,ERR,ERR,ERR,ERR,ERR,ERR,ERR,ERR,ERR,ERR,ERR,ERR,ERR,ERR,ERR,ERR,ERR,ERR,ERR,ERR,ERR,ERR,ERR,ERR,ERR,ERR,ERR,ERR,ERR,ERR,ERR,ERR,ERR,ERR,ERR,ERR,ERR,ERR,ERR,ERR,ERR,ERR,ERR,ERR,ERR,ERR,ERR,ERR,ERR,ERR,ERR,ERR,ERR,ERR,ERR,ERR,ERR,ERR,ERR,ERR,ERR,ERR,ERR,ERR,ERR,ERR,ERR,ERR,ERR,ERR,ERR,ERR,ERR,ERR,ERR,ERR,ERR,ERR,ERR,ERR,ERR,ERR,ERR,ERR,ERR,ERR,ERR,ERR,ERR,ERR,ERR,ERR,ERR,ERR,ERR,ERR,ERR,ERR,ERR,ERR,ERR,ERR,ERR,ERR,ERR,ERR,ERR,ERR,ERR,ERR,0.0,0.0,2.6474835549302285e+23,0.0,0.0,1.3936040501711995e+18,7.805,0.0,0,0,4,0,7116,0.0,100,0.0,0.0,0.0,0.0,0.0,0,0,0,0,0.0,0,0,0,0,0,0,0,0,0,0,0,0,0,0,0,0,0,0,0,0,0,0,0,0,0,0,0,0,0,0,0,0,0,31,40,40,71,65476,0,300,0,0,8,21553,0.0,-107605600.0,0.0,0.0,0.0,0.0,0.0,0.0,0.0,0.0,0.0,0.0,0.0,0.0,0.0,0.0,0.0,0.0,0.0,0.0,0.0,0.0,-2.004,2.004,2.004,-2.004,0.0,0.0,0.0,0.0,4490.0,131350.188,6921.0,0.0,0.0,-107615152.0,0.0,0.0,0.0,0.0,0.0,69,-0.059,-0.0,0.0,0.0,0.0,0.0,0.0,0.0,0.0,0,0,0,0.0,0.0,0.0,0.0,0.0,0.0,0.0,0.0,0.0,0.0,0.0,0.0,0.0,0.0,0.0,0.0,0,-107875648.0,69,0.0,138,0.0,0.0,0,26215,17086,0,17102,39322,17081,0,0,0,70,68,100,2.7302399002429377e+23,82.3,-0.0,78.1,0.0,79.0,1,49,50,180,26215,13107,0,0,0.0,0.0,0.0,0.0,-0.0,67.0,0.0,162057.094,0.0,977,0,1006,0,0,0,952,0,1030,0,928,0,791,0,782,0,822,0,7520,0.032,1.2682136550675317e+20,0.0,0.0,784,16797,-0.0,162057.094,-114818.039,-0.0,0.133,6.909358625270745e+28,30.0,70.0,35,0.0,0.0,0.0,0.0,0.0,0.0,0.0,0.0,0.0,0.0,0.0,0.0,0.0,0.0,0.0,0.0,66.4,0,150,71,52,65476,0,300,0,0,8,20529,65476,0,0,44564,70.0,0.0,0.0,0.0,0.0,0.0
2026-09-10T21:27:03,ERR,ERR,ERR,ERR,ERR,ERR,ERR,ERR,ERR,ERR,ERR,ERR,ERR,ERR,ERR,ERR,ERR,ERR,ERR,ERR,ERR,ERR,ERR,ERR,ERR,ERR,ERR,ERR,ERR,ERR,ERR,ERR,ERR,ERR,ERR,ERR,ERR,ERR,ERR,ERR,ERR,ERR,ERR,ERR,ERR,ERR,ERR,ERR,ERR,ERR,ERR,ERR,ERR,ERR,ERR,ERR,ERR,ERR,ERR,ERR,ERR,ERR,ERR,ERR,ERR,ERR,ERR,ERR,ERR,ERR,ERR,ERR,ERR,ERR,ERR,ERR,ERR,ERR,ERR,ERR,ERR,ERR,ERR,ERR,ERR,ERR,ERR,ERR,ERR,ERR,ERR,ERR,ERR,ERR,ERR,ERR,ERR,ERR,ERR,ERR,ERR,ERR,ERR,ERR,ERR,ERR,ERR,ERR,ERR,ERR,ERR,ERR,ERR,ERR,ERR,ERR,ERR,ERR,ERR,ERR,ERR,ERR,ERR,ERR,ERR,0.0,0.0,2.6474835549302285e+23,0.0,0.0,1.3936040501711995e+18,7.805,0.0,0,0,4,0,7116,0.0,100,0.0,0.0,0.0,0.0,0.0,0,0,0,0,0.0,0,0,0,0,0,0,0,0,0,0,0,0,0,0,0,0,0,0,0,0,0,0,0,0,0,0,0,0,0,0,0,0,0,31,40,40,71,65476,0,300,0,0,8,21553,0.0,-107605600.0,0.0,0.0,0.0,0.0,0.0,0.0,0.0,0.0,0.0,0.0,0.0,0.0,0.0,0.0,0.0,0.0,0.0,0.0,0.0,0.0,-2.004,2.004,2.004,-2.004,0.0,0.0,0.0,0.0,4494.0,8608165888.0,6922.0,0.0,0.0,-107615152.0,2.718429120148166e+23,0.0,0.0,0.0,0.0,69,-2.718430741444032e+23,-0.0,0.0,0.0,0.0,0.0,0.0,0.0,0.0,0,0,0,0.0,0.0,0.0,0.0,0.0,0.0,0.0,0.0,0.0,0.0,0.0,0.0,0.0,0.0,0.0,0.0,0,-107875648.0,69,0.0,138,0.0,0.0,0,26215,17086,0,17102,39322,17081,0,0,0,70,68,100,2.7302399002429377e+23,82.3,-0.0,78.1,0.0,79.0,1,49,50,180,26215,13107,0,0,0.0,0.0,0.0,0.0,-0.0,67.0,0.0,162057.094,0.0,977,0,1006,0,0,0,952,0,1030,0,928,0,791,0,782,0,822,0,7520,0.032,1.2682136550675317e+20,0.0,0.0,784,16797,-0.0,162057.094,-114818.039,-0.0,0.133,6.909358625270745e+28,30.0,70.0,35,0.0,0.0,0.0,0.0,0.0,0.0,0.0,0.0,0.0,0.0,0.0,0.0,0.0,0.0,0.0,0.0,66.8,0,150,71,52,65476,0,300,0,0,8,20529,65476,0,0,44564,70.0,0.0,0.0,0.0,0.0,0.0
2026-09-10T21:27:04,ERR,ERR,ERR,ERR,ERR,ERR,ERR,ERR,ERR,ERR,ERR,ERR,ERR,ERR,ERR,ERR,ERR,ERR,ERR,ERR,ERR,ERR,ERR,ERR,ERR,ERR,ERR,ERR,ERR,ERR,ERR,ERR,ERR,ERR,ERR,ERR,ERR,ERR,ERR,ERR,ERR,ERR,ERR,ERR,ERR,ERR,ERR,ERR,ERR,ERR,ERR,ERR,ERR,ERR,ERR,ERR,ERR,ERR,ERR,ERR,ERR,ERR,ERR,ERR,ERR,ERR,ERR,ERR,ERR,ERR,ERR,ERR,ERR,ERR,ERR,ERR,ERR,ERR,ERR,ERR,ERR,ERR,ERR,ERR,ERR,ERR,ERR,ERR,ERR,ERR,ERR,ERR,ERR,ERR,ERR,ERR,ERR,ERR,ERR,ERR,ERR,ERR,ERR,ERR,ERR,ERR,ERR,ERR,ERR,ERR,ERR,ERR,ERR,ERR,ERR,ERR,ERR,ERR,ERR,ERR,ERR,ERR,ERR,ERR,ERR,0.0,0.0,2.6474835549302285e+23,0.0,0.0,1.3936040501711995e+18,7.805,0.0,0,0,4,0,7116,0.0,100,0.0,0.0,0.0,0.0,0.0,0,0,0,0,0.0,0,0,0,0,0,0,0,0,0,0,0,0,0,0,0,0,0,0,0,0,0,0,0,0,0,0,0,0,0,0,0,0,0,31,40,40,71,65476,0,300,0,0,8,21553,0.0,-107605600.0,0.0,0.0,0.0,0.0,0.0,0.0,0.0,0.0,0.0,0.0,0.0,0.0,0.0,0.0,0.0,0.0,0.0,0.0,0.0,0.0,-2.004,2.004,2.004,-2.004,0.0,0.0,0.0,0.0,4494.0,8608165888.0,6922.0,0.0,0.0,-107615152.0,2.718429120148166e+23,0.0,0.0,0.0,0.0,69,-2.718430741444032e+23,-0.0,0.0,0.0,0.0,0.0,0.0,0.0,0.0,0,0,0,0.0,0.0,0.0,0.0,0.0,0.0,0.0,0.0,0.0,0.0,0.0,0.0,0.0,0.0,0.0,0.0,0,-107875648.0,69,0.0,138,0.0,0.0,0,26215,17086,0,17102,39322,17081,0,0,0,70,68,100,2.7302399002429377e+23,82.3,-0.0,78.1,0.0,79.0,1,49,50,180,26215,13107,0,0,0.0,0.0,0.0,0.0,-0.0,67.0,0.0,162057.094,0.0,977,0,1006,0,0,0,952,0,1030,0,928,0,791,0,782,0,822,0,7520,0.032,1.2682136550675317e+20,0.0,0.0,784,16797,-0.0,162057.094,-114818.039,-0.0,0.133,6.909358625270745e+28,30.0,70.0,35,0.0,0.0,0.0,0.0,0.0,0.0,0.0,0.0,0.0,0.0,0.0,0.0,0.0,0.0,0.0,0.0,66.8,0,150,71,52,65476,0,300,0,0,8,20529,65476,0,0,44564,70.0,0.0,0.0,0.0,0.0,0.0
2026-09-10T21:27:05,ERR,ERR,ERR,ERR,ERR,ERR,ERR,ERR,ERR,ERR,ERR,ERR,ERR,ERR,ERR,ERR,ERR,ERR,ERR,ERR,ERR,ERR,ERR,ERR,ERR,ERR,ERR,ERR,ERR,ERR,ERR,ERR,ERR,ERR,ERR,ERR,ERR,ERR,ERR,ERR,ERR,ERR,ERR,ERR,ERR,ERR,ERR,ERR,ERR,ERR,ERR,ERR,ERR,ERR,ERR,ERR,ERR,ERR,ERR,ERR,ERR,ERR,ERR,ERR,ERR,ERR,ERR,ERR,ERR,ERR,ERR,ERR,ERR,ERR,ERR,ERR,ERR,ERR,ERR,ERR,ERR,ERR,ERR,ERR,ERR,ERR,ERR,ERR,ERR,ERR,ERR,ERR,ERR,ERR,ERR,ERR,ERR,ERR,ERR,ERR,ERR,ERR,ERR,ERR,ERR,ERR,ERR,ERR,ERR,ERR,ERR,ERR,ERR,ERR,ERR,ERR,ERR,ERR,ERR,ERR,ERR,ERR,ERR,ERR,ERR,0.0,0.0,2.6474835549302285e+23,0.0,0.0,1.3936040501711995e+18,7.805,0.0,0,0,4,0,7116,0.0,100,0.0,0.0,0.0,0.0,0.0,0,0,0,0,0.0,0,0,0,0,0,0,0,0,0,0,0,0,0,0,0,0,0,0,0,0,0,0,0,0,0,0,0,0,0,0,0,0,0,31,40,40,71,65476,0,300,0,0,8,21553,0.0,-107605600.0,0.0,0.0,0.0,0.0,0.0,0.0,0.0,0.0,0.0,0.0,0.0,0.0,0.0,0.0,0.0,0.0,0.0,0.0,0.0,0.0,-2.004,2.004,2.004,-2.004,0.0,0.0,0.0,0.0,4494.0,8608165888.0,6922.0,0.0,0.0,-107615152.0,2.718429120148166e+23,0.0,0.0,0.0,0.0,69,-2.718430741444032e+23,-0.0,0.0,0.0,0.0,0.0,0.0,0.0,0.0,0,0,0,0.0,0.0,0.0,0.0,0.0,0.0,0.0,0.0,0.0,0.0,0.0,0.0,0.0,0.0,0.0,0.0,0,-107875648.0,69,0.0,138,0.0,0.0,0,26215,17086,0,17102,39322,17081,0,0,0,70,68,100,2.7302399002429377e+23,82.3,-0.0,78.1,0.0,79.0,1,49,50,180,26215,13107,0,0,0.0,0.0,0.0,0.0,-0.0,67.0,0.0,162057.094,0.0,977,0,1006,0,0,0,952,0,1030,0,928,0,791,0,782,0,822,0,7520,0.032,1.2682136550675317e+20,0.0,0.0,784,16797,-0.0,162057.094,-114818.039,-0.0,0.133,6.909358625270745e+28,30.0,70.0,35,0.0,0.0,0.0,0.0,0.0,0.0,0.0,0.0,0.0,0.0,0.0,0.0,0.0,0.0,0.0,0.0,66.8,0,150,71,52,65476,0,300,0,0,8,20529,65476,0,0,44564,70.0,0.0,0.0,0.0,0.0,0.0
2026-09-10T21:27:06,ERR,ERR,ERR,ERR,ERR,ERR,ERR,ERR,ERR,ERR,ERR,ERR,ERR,ERR,ERR,ERR,ERR,ERR,ERR,ERR,ERR,ERR,ERR,ERR,ERR,ERR,ERR,ERR,ERR,ERR,ERR,ERR,ERR,ERR,ERR,ERR,ERR,ERR,ERR,ERR,ERR,ERR,ERR,ERR,ERR,ERR,ERR,ERR,ERR,ERR,ERR,ERR,ERR,ERR,ERR,ERR,ERR,ERR,ERR,ERR,ERR,ERR,ERR,ERR,ERR,ERR,ERR,ERR,ERR,ERR,ERR,ERR,ERR,ERR,ERR,ERR,ERR,ERR,ERR,ERR,ERR,ERR,ERR,ERR,ERR,ERR,ERR,ERR,ERR,ERR,ERR,ERR,ERR,ERR,ERR,ERR,ERR,ERR,ERR,ERR,ERR,ERR,ERR,ERR,ERR,ERR,ERR,ERR,ERR,ERR,ERR,ERR,ERR,ERR,ERR,ERR,ERR,ERR,ERR,ERR,ERR,ERR,ERR,ERR,ERR,0.0,0.0,2.6474835549302285e+23,0.0,0.0,1.3936040501711995e+18,7.805,0.0,0,0,4,0,7116,0.0,100,0.0,0.0,0.0,0.0,0.0,0,0,0,0,0.0,0,0,0,0,0,0,0,0,0,0,0,0,0,0,0,0,0,0,0,0,0,0,0,0,0,0,0,0,0,0,0,0,0,31,40,40,71,65476,0,300,0,0,8,21553,0.0,-107605600.0,0.0,0.0,0.0,0.0,0.0,0.0,0.0,0.0,0.0,0.0,0.0,0.0,0.0,0.0,0.0,0.0,0.0,0.0,0.0,0.0,-2.004,2.004,2.004,-2.004,0.0,0.0,0.0,0.0,4494.0,8608165888.0,6922.0,0.0,0.0,-107615152.0,2.718429120148166e+23,0.0,0.0,0.0,0.0,69,-2.718430741444032e+23,-0.0,0.0,0.0,0.0,0.0,0.0,0.0,0.0,0,0,0,0.0,0.0,0.0,0.0,0.0,0.0,0.0,0.0,0.0,0.0,0.0,0.0,0.0,0.0,0.0,0.0,0,-107875648.0,69,0.0,138,0.0,0.0,0,26215,17086,0,17102,39322,17081,0,0,0,70,68,100,2.7302399002429377e+23,82.3,-0.0,78.1,0.0,79.0,1,49,50,180,26215,13107,0,0,0.0,0.0,0.0,0.0,-0.0,67.0,0.0,162057.094,0.0,977,0,1006,0,0,0,952,0,1030,0,928,0,791,0,782,0,822,0,7520,0.032,1.2682136550675317e+20,0.0,0.0,784,16797,-0.0,162057.094,-114818.039,-0.0,0.133,6.909358625270745e+28,30.0,70.0,35,0.0,0.0,0.0,0.0,0.0,0.0,0.0,0.0,0.0,0.0,0.0,0.0,0.0,0.0,0.0,0.0,66.8,0,150,71,52,65476,0,300,0,0,8,20529,65476,0,0,44564,70.0,0.0,0.0,0.0,0.0,0.0
2026-09-10T21:27:07,ERR,ERR,ERR,ERR,ERR,ERR,ERR,ERR,ERR,ERR,ERR,ERR,ERR,ERR,ERR,ERR,ERR,ERR,ERR,ERR,ERR,ERR,ERR,ERR,ERR,ERR,ERR,ERR,ERR,ERR,ERR,ERR,ERR,ERR,ERR,ERR,ERR,ERR,ERR,ERR,ERR,ERR,ERR,ERR,ERR,ERR,ERR,ERR,ERR,ERR,ERR,ERR,ERR,ERR,ERR,ERR,ERR,ERR,ERR,ERR,ERR,ERR,ERR,ERR,ERR,ERR,ERR,ERR,ERR,ERR,ERR,ERR,ERR,ERR,ERR,ERR,ERR,ERR,ERR,ERR,ERR,ERR,ERR,ERR,ERR,ERR,ERR,ERR,ERR,ERR,ERR,ERR,ERR,ERR,ERR,ERR,ERR,ERR,ERR,ERR,ERR,ERR,ERR,ERR,ERR,ERR,ERR,ERR,ERR,ERR,ERR,ERR,ERR,ERR,ERR,ERR,ERR,ERR,ERR,ERR,ERR,ERR,ERR,ERR,ERR,0.0,0.0,2.6474835549302285e+23,0.0,0.0,1.3936040501711995e+18,7.805,0.0,0,0,4,0,7116,0.0,100,0.0,0.0,0.0,0.0,0.0,0,0,0,0,0.0,0,0,0,0,0,0,0,0,0,0,0,0,0,0,0,0,0,0,0,0,0,0,0,0,0,0,0,0,0,0,0,0,0,31,40,40,71,65476,0,300,0,0,8,21553,0.0,-107605600.0,0.0,0.0,0.0,0.0,0.0,0.0,0.0,0.0,0.0,0.0,0.0,0.0,0.0,0.0,0.0,0.0,0.0,0.0,0.0,0.0,-2.004,2.004,2.004,-2.004,0.0,0.0,0.0,0.0,4494.0,8608165888.0,6922.0,0.0,0.0,-107615152.0,2.718429120148166e+23,0.0,0.0,0.0,0.0,69,-2.718430741444032e+23,-0.0,0.0,0.0,0.0,0.0,0.0,0.0,0.0,0,0,0,0.0,0.0,0.0,0.0,0.0,0.0,0.0,0.0,0.0,0.0,0.0,0.0,0.0,0.0,0.0,0.0,0,-107875648.0,69,0.0,138,0.0,0.0,0,26215,17086,0,17102,39322,17081,0,0,0,70,68,100,2.7302399002429377e+23,82.3,-0.0,78.1,0.0,79.0,1,49,50,180,26215,13107,0,0,0.0,0.0,0.0,0.0,-0.0,67.0,0.0,162057.094,0.0,977,0,1006,0,0,0,952,0,1030,0,928,0,791,0,782,0,822,0,7520,0.032,1.2624490475444974e+20,0.0,0.0,784,16797,-0.0,162057.094,-114818.039,-0.0,0.133,6.909358625270745e+28,30.0,70.0,35,0.0,0.0,0.0,0.0,0.0,0.0,0.0,0.0,0.0,0.0,0.0,0.0,0.0,0.0,0.0,0.0,66.4,0,150,71,52,65476,0,300,0,0,8,20529,65476,0,0,44564,70.0,0.0,0.0,0.0,0.0,0.0
2026-09-10T21:27:08,ERR,ERR,ERR,ERR,ERR,ERR,ERR,ERR,ERR,ERR,ERR,ERR,ERR,ERR,ERR,ERR,ERR,ERR,ERR,ERR,ERR,ERR,ERR,ERR,ERR,ERR,ERR,ERR,ERR,ERR,ERR,ERR,ERR,ERR,ERR,ERR,ERR,ERR,ERR,ERR,ERR,ERR,ERR,ERR,ERR,ERR,ERR,ERR,ERR,ERR,ERR,ERR,ERR,ERR,ERR,ERR,ERR,ERR,ERR,ERR,ERR,ERR,ERR,ERR,ERR,ERR,ERR,ERR,ERR,ERR,ERR,ERR,ERR,ERR,ERR,ERR,ERR,ERR,ERR,ERR,ERR,ERR,ERR,ERR,ERR,ERR,ERR,ERR,ERR,ERR,ERR,ERR,ERR,ERR,ERR,ERR,ERR,ERR,ERR,ERR,ERR,ERR,ERR,ERR,ERR,ERR,ERR,ERR,ERR,ERR,ERR,ERR,ERR,ERR,ERR,ERR,ERR,ERR,ERR,ERR,ERR,ERR,ERR,ERR,ERR,0.0,0.0,2.6474835549302285e+23,0.0,0.0,1.3936040501711995e+18,7.805,0.0,0,0,4,0,7116,0.0,100,0.0,0.0,0.0,0.0,0.0,0,0,0,0,0.0,0,0,0,0,0,0,0,0,0,0,0,0,0,0,0,0,0,0,0,0,0,0,0,0,0,0,0,0,0,0,0,0,0,31,40,40,71,65476,0,300,0,0,8,21553,0.0,-107605600.0,0.0,0.0,0.0,0.0,0.0,0.0,0.0,0.0,0.0,0.0,0.0,0.0,0.0,0.0,0.0,0.0,0.0,0.0,0.0,0.0,-2.004,2.004,2.004,-2.004,0.0,0.0,0.0,0.0,4494.0,8608165888.0,6922.0,0.0,0.0,-107615152.0,2.718429120148166e+23,0.0,0.0,0.0,0.0,69,-2.718430741444032e+23,-0.0,0.0,0.0,0.0,0.0,0.0,0.0,0.0,0,0,0,0.0,0.0,0.0,0.0,0.0,0.0,0.0,0.0,0.0,0.0,0.0,0.0,0.0,0.0,0.0,0.0,0,-107875648.0,69,0.0,138,0.0,0.0,0,26215,17086,0,17102,39322,17081,0,0,0,70,68,100,2.7302399002429377e+23,82.3,-0.0,78.1,0.0,79.0,1,49,50,180,26215,13107,0,0,0.0,0.0,0.0,0.0,-0.0,67.0,0.0,162057.094,0.0,977,0,1006,0,0,0,952,0,1030,0,928,0,791,0,782,0,822,0,7520,0.032,1.2624490475444974e+20,0.0,0.0,784,16797,-0.0,162057.094,-114818.039,-0.0,0.133,6.909358625270745e+28,30.0,70.0,35,0.0,0.0,0.0,0.0,0.0,0.0,0.0,0.0,0.0,0.0,0.0,0.0,0.0,0.0,0.0,0.0,66.4,0,150,71,52,65476,0,300,0,0,8,20529,65476,0,0,44564,70.0,0.0,0.0,0.0,0.0,0.0
2026-09-10T21:27:09,ERR,ERR,ERR,ERR,ERR,ERR,ERR,ERR,ERR,ERR,ERR,ERR,ERR,ERR,ERR,ERR,ERR,ERR,ERR,ERR,ERR,ERR,ERR,ERR,ERR,ERR,ERR,ERR,ERR,ERR,ERR,ERR,ERR,ERR,ERR,ERR,ERR,ERR,ERR,ERR,ERR,ERR,ERR,ERR,ERR,ERR,ERR,ERR,ERR,ERR,ERR,ERR,ERR,ERR,ERR,ERR,ERR,ERR,ERR,ERR,ERR,ERR,ERR,ERR,ERR,ERR,ERR,ERR,ERR,ERR,ERR,ERR,ERR,ERR,ERR,ERR,ERR,ERR,ERR,ERR,ERR,ERR,ERR,ERR,ERR,ERR,ERR,ERR,ERR,ERR,ERR,ERR,ERR,ERR,ERR,ERR,ERR,ERR,ERR,ERR,ERR,ERR,ERR,ERR,ERR,ERR,ERR,ERR,ERR,ERR,ERR,ERR,ERR,ERR,ERR,ERR,ERR,ERR,ERR,ERR,ERR,ERR,ERR,ERR,ERR,0.0,0.0,2.6474835549302285e+23,0.0,0.0,1.3936040501711995e+18,7.805,0.0,0,0,4,0,7116,0.0,100,0.0,0.0,0.0,0.0,0.0,0,0,0,0,0.0,0,0,0,0,0,0,0,0,0,0,0,0,0,0,0,0,0,0,0,0,0,0,0,0,0,0,0,0,0,0,0,0,0,31,40,40,71,65476,0,300,0,0,8,21553,0.0,-107605600.0,0.0,0.0,0.0,0.0,0.0,0.0,0.0,0.0,0.0,0.0,0.0,0.0,-2.596148429267414e+33,0.0,0.0,0.0,0.0,0.0,0.0,0.0,-2.004,2.004,2.004,-2.004,0.0,0.0,0.0,0.0,4497.0,2.004,6920.0,0.0,0.0,-107615152.0,2.718429120148166e+23,0.0,0.0,0.0,0.0,69,-3.222030068424997e+26,-0.0,0.0,0.0,0.0,0.0,0.0,0.0,0.0,0,0,0,0.0,0.0,0.0,0.0,0.0,0.0,0.0,0.0,0.0,0.0,0.0,0.0,0.0,0.0,0.0,0.0,0,-107875648.0,69,0.0,138,0.0,0.0,0,26215,17086,0,17102,39322,17081,0,0,0,70,68,100,2.7302399002429377e+23,82.3,-0.0,78.1,0.0,79.0,1,49,50,180,26215,13107,0,0,0.0,0.0,0.0,0.0,-0.0,67.0,0.0,162057.094,0.0,977,0,1006,0,0,0,952,0,1030,0,928,0,791,0,782,0,822,0,7520,0.032,1.2624490475444974e+20,0.0,0.0,784,16797,-0.0,162057.094,-114818.039,-0.0,0.133,6.909358625270745e+28,30.0,70.0,35,0.0,0.0,0.0,0.0,0.0,0.0,0.0,0.0,0.0,0.0,0.0,0.0,0.0,0.0,0.0,0.0,66.4,0,150,71,52,65476,0,300,0,0,8,20529,65476,0,0,44564,70.0,0.0,0.0,0.0,0.0,0.0
2026-09-10T21:27:10,ERR,ERR,ERR,ERR,ERR,ERR,ERR,ERR,ERR,ERR,ERR,ERR,ERR,ERR,ERR,ERR,ERR,ERR,ERR,ERR,ERR,ERR,ERR,ERR,ERR,ERR,ERR,ERR,ERR,ERR,ERR,ERR,ERR,ERR,ERR,ERR,ERR,ERR,ERR,ERR,ERR,ERR,ERR,ERR,ERR,ERR,ERR,ERR,ERR,ERR,ERR,ERR,ERR,ERR,ERR,ERR,ERR,ERR,ERR,ERR,ERR,ERR,ERR,ERR,ERR,ERR,ERR,ERR,ERR,ERR,ERR,ERR,ERR,ERR,ERR,ERR,ERR,ERR,ERR,ERR,ERR,ERR,ERR,ERR,ERR,ERR,ERR,ERR,ERR,ERR,ERR,ERR,ERR,ERR,ERR,ERR,ERR,ERR,ERR,ERR,ERR,ERR,ERR,ERR,ERR,ERR,ERR,ERR,ERR,ERR,ERR,ERR,ERR,ERR,ERR,ERR,ERR,ERR,ERR,ERR,ERR,ERR,ERR,ERR,ERR,0.0,0.0,2.6474835549302285e+23,0.0,0.0,1.3936040501711995e+18,7.805,0.0,0,0,4,0,7116,0.0,100,0.0,0.0,0.0,0.0,0.0,0,0,0,0,0.0,0,0,0,0,0,0,0,0,0,0,0,0,0,0,0,0,0,0,0,0,0,0,0,0,0,0,0,0,0,0,0,0,0,31,40,40,71,65476,0,300,0,0,8,21553,0.0,-107605600.0,0.0,0.0,0.0,0.0,0.0,0.0,0.0,0.0,0.0,0.0,0.0,0.0,-2.596148429267414e+33,0.0,0.0,0.0,0.0,0.0,0.0,0.0,-2.004,2.004,2.004,-2.004,0.0,0.0,0.0,0.0,4497.0,2.004,6920.0,0.0,0.0,-107615152.0,2.718429120148166e+23,0.0,0.0,0.0,0.0,69,-3.222030068424997e+26,-0.0,0.0,0.0,0.0,0.0,0.0,0.0,0.0,0,0,0,0.0,0.0,0.0,0.0,0.0,0.0,0.0,0.0,0.0,0.0,0.0,0.0,0.0,0.0,0.0,0.0,0,-107875648.0,69,0.0,138,0.0,0.0,0,26215,17086,0,17102,39322,17081,0,0,0,70,68,100,2.7302399002429377e+23,82.3,-0.0,78.1,0.0,79.0,1,49,50,180,26215,13107,0,0,0.0,0.0,0.0,0.0,-0.0,67.0,0.0,162057.094,0.0,977,0,1006,0,0,0,952,0,1030,0,928,0,791,0,782,0,822,0,7520,0.032,1.2624490475444974e+20,0.0,0.0,784,16797,-0.0,162057.094,-114818.039,-0.0,0.133,6.909358625270745e+28,30.0,70.0,35,0.0,0.0,0.0,0.0,0.0,0.0,0.0,0.0,0.0,0.0,0.0,0.0,0.0,0.0,0.0,0.0,66.4,0,150,71,52,65476,0,300,0,0,8,20529,65476,0,0,44564,70.0,0.0,0.0,0.0,0.0,0.0
2026-09-10T21:27:11,ERR,ERR,ERR,ERR,ERR,ERR,ERR,ERR,ERR,ERR,ERR,ERR,ERR,ERR,ERR,ERR,ERR,ERR,ERR,ERR,ERR,ERR,ERR,ERR,ERR,ERR,ERR,ERR,ERR,ERR,ERR,ERR,ERR,ERR,ERR,ERR,ERR,ERR,ERR,ERR,ERR,ERR,ERR,ERR,ERR,ERR,ERR,ERR,ERR,ERR,ERR,ERR,ERR,ERR,ERR,ERR,ERR,ERR,ERR,ERR,ERR,ERR,ERR,ERR,ERR,ERR,ERR,ERR,ERR,ERR,ERR,ERR,ERR,ERR,ERR,ERR,ERR,ERR,ERR,ERR,ERR,ERR,ERR,ERR,ERR,ERR,ERR,ERR,ERR,ERR,ERR,ERR,ERR,ERR,ERR,ERR,ERR,ERR,ERR,ERR,ERR,ERR,ERR,ERR,ERR,ERR,ERR,ERR,ERR,ERR,ERR,ERR,ERR,ERR,ERR,ERR,ERR,ERR,ERR,ERR,ERR,ERR,ERR,ERR,ERR,0.0,0.0,2.6474835549302285e+23,0.0,0.0,1.3936040501711995e+18,7.805,0.0,0,0,4,0,7116,0.0,100,0.0,0.0,0.0,0.0,0.0,0,0,0,0,0.0,0,0,0,0,0,0,0,0,0,0,0,0,0,0,0,0,0,0,0,0,0,0,0,0,0,0,0,0,0,0,0,0,0,31,40,40,71,65476,0,300,0,0,8,21553,0.0,-107605600.0,0.0,0.0,0.0,0.0,0.0,0.0,0.0,0.0,0.0,0.0,0.0,0.0,-2.596148429267414e+33,0.0,0.0,0.0,0.0,0.0,0.0,0.0,-2.004,2.004,2.004,-2.004,0.0,0.0,0.0,0.0,4497.0,2.004,6920.0,0.0,0.0,-107615152.0,2.718429120148166e+23,0.0,0.0,0.0,0.0,69,-3.222030068424997e+26,-0.0,0.0,0.0,0.0,0.0,0.0,0.0,0.0,0,0,0,0.0,0.0,0.0,0.0,0.0,0.0,0.0,0.0,0.0,0.0,0.0,0.0,0.0,0.0,0.0,0.0,0,-107875648.0,69,0.0,138,0.0,0.0,0,26215,17086,0,17102,39322,17081,0,0,0,70,68,100,2.7302399002429377e+23,82.3,-0.0,78.1,0.0,79.0,1,49,50,180,26215,13107,0,0,0.0,0.0,0.0,0.0,-0.0,67.0,0.0,162057.094,0.0,977,0,1006,0,0,0,952,0,1030,0,928,0,791,0,782,0,822,0,7520,0.032,1.2624490475444974e+20,0.0,0.0,784,16797,-0.0,162057.094,-114818.039,-0.0,0.133,6.909358625270745e+28,30.0,70.0,35,0.0,0.0,0.0,0.0,0.0,0.0,0.0,0.0,0.0,0.0,0.0,0.0,0.0,0.0,0.0,0.0,66.4,0,150,71,52,65476,0,300,0,0,8,20529,65476,0,0,44564,70.0,0.0,0.0,0.0,0.0,0.0
2026-09-10T21:27:12,ERR,ERR,ERR,ERR,ERR,ERR,ERR,ERR,ERR,ERR,ERR,ERR,ERR,ERR,ERR,ERR,ERR,ERR,ERR,ERR,ERR,ERR,ERR,ERR,ERR,ERR,ERR,ERR,ERR,ERR,ERR,ERR,ERR,ERR,ERR,ERR,ERR,ERR,ERR,ERR,ERR,ERR,ERR,ERR,ERR,ERR,ERR,ERR,ERR,ERR,ERR,ERR,ERR,ERR,ERR,ERR,ERR,ERR,ERR,ERR,ERR,ERR,ERR,ERR,ERR,ERR,ERR,ERR,ERR,ERR,ERR,ERR,ERR,ERR,ERR,ERR,ERR,ERR,ERR,ERR,ERR,ERR,ERR,ERR,ERR,ERR,ERR,ERR,ERR,ERR,ERR,ERR,ERR,ERR,ERR,ERR,ERR,ERR,ERR,ERR,ERR,ERR,ERR,ERR,ERR,ERR,ERR,ERR,ERR,ERR,ERR,ERR,ERR,ERR,ERR,ERR,ERR,ERR,ERR,ERR,ERR,ERR,ERR,ERR,ERR,0.0,0.0,2.6474835549302285e+23,0.0,0.0,1.3936040501711995e+18,7.805,0.0,0,0,4,0,7116,0.0,100,0.0,0.0,0.0,0.0,0.0,0,0,0,0,0.0,0,0,0,0,0,0,0,0,0,0,0,0,0,0,0,0,0,0,0,0,0,0,0,0,0,0,0,0,0,0,0,0,0,31,40,40,71,65476,0,300,0,0,8,21553,0.0,-107605600.0,0.0,0.0,0.0,0.0,0.0,0.0,0.0,0.0,0.0,0.0,0.0,0.0,-2.596148429267414e+33,0.0,0.0,0.0,0.0,0.0,0.0,0.0,-2.004,2.004,2.004,-2.004,0.0,0.0,0.0,0.0,4497.0,2.004,6920.0,0.0,0.0,-107615152.0,2.718429120148166e+23,0.0,0.0,0.0,0.0,69,-3.222030068424997e+26,-0.0,0.0,0.0,0.0,0.0,0.0,0.0,0.0,0,0,0,0.0,0.0,0.0,0.0,0.0,0.0,0.0,0.0,0.0,0.0,0.0,0.0,0.0,0.0,0.0,0.0,0,-107875648.0,69,0.0,138,0.0,0.0,0,26215,17086,0,17102,39322,17081,0,0,0,70,68,100,2.7302399002429377e+23,82.2,2.730238459091057e+23,78.1,0.0,79.0,1,49,50,180,26215,13107,0,0,0.0,0.0,0.0,0.0,-0.0,67.0,0.0,162057.094,0.0,977,0,1006,0,0,0,952,0,1030,0,927,0,791,0,782,0,822,0,7520,0.032,1.2682136550675317e+20,0.0,0.0,784,16797,-0.0,162057.094,-114818.039,-0.0,0.133,6.909358625270745e+28,30.0,70.0,35,0.0,0.0,0.0,0.0,0.0,0.0,0.0,0.0,0.0,0.0,0.0,0.0,0.0,0.0,0.0,0.0,66.4,0,150,71,52,65476,0,300,0,0,8,20529,65476,0,0,44564,70.0,0.0,0.0,0.0,0.0,0.0
2026-09-10T21:27:13,ERR,ERR,ERR,ERR,ERR,ERR,ERR,ERR,ERR,ERR,ERR,ERR,ERR,ERR,ERR,ERR,ERR,ERR,ERR,ERR,ERR,ERR,ERR,ERR,ERR,ERR,ERR,ERR,ERR,ERR,ERR,ERR,ERR,ERR,ERR,ERR,ERR,ERR,ERR,ERR,ERR,ERR,ERR,ERR,ERR,ERR,ERR,ERR,ERR,ERR,ERR,ERR,ERR,ERR,ERR,ERR,ERR,ERR,ERR,ERR,ERR,ERR,ERR,ERR,ERR,ERR,ERR,ERR,ERR,ERR,ERR,ERR,ERR,ERR,ERR,ERR,ERR,ERR,ERR,ERR,ERR,ERR,ERR,ERR,ERR,ERR,ERR,ERR,ERR,ERR,ERR,ERR,ERR,ERR,ERR,ERR,ERR,ERR,ERR,ERR,ERR,ERR,ERR,ERR,ERR,ERR,ERR,ERR,ERR,ERR,ERR,ERR,ERR,ERR,ERR,ERR,ERR,ERR,ERR,ERR,ERR,ERR,ERR,ERR,ERR,0.0,0.0,2.6474835549302285e+23,0.0,0.0,1.3936040501711995e+18,7.805,0.0,0,0,4,0,7116,0.0,100,0.0,0.0,0.0,0.0,0.0,0,0,0,0,0.0,0,0,0,0,0,0,0,0,0,0,0,0,0,0,0,0,0,0,0,0,0,0,0,0,0,0,0,0,0,0,0,0,0,31,40,40,71,65476,0,300,0,0,8,21553,0.0,-107605600.0,0.0,0.0,0.0,0.0,0.0,0.0,0.0,0.0,0.0,0.0,0.0,0.0,-2.596148429267414e+33,0.0,0.0,0.0,0.0,0.0,0.0,0.0,-2.004,2.004,2.004,-2.004,0.0,0.0,0.0,0.0,4497.0,2.004,6920.0,0.0,0.0,-107615152.0,2.718429120148166e+23,0.0,0.0,0.0,0.0,69,-3.222030068424997e+26,-0.0,0.0,0.0,0.0,0.0,0.0,0.0,0.0,0,0,0,0.0,0.0,0.0,0.0,0.0,0.0,0.0,0.0,0.0,0.0,0.0,0.0,0.0,0.0,0.0,0.0,0,-107875648.0,69,0.0,138,0.0,0.0,0,26215,17086,0,17102,39322,17081,0,0,0,70,68,100,2.7302399002429377e+23,82.2,2.730238459091057e+23,78.1,0.0,79.0,1,49,50,180,26215,13107,0,0,0.0,0.0,0.0,0.0,-0.0,67.0,0.0,162057.094,0.0,977,0,1006,0,0,0,952,0,1030,0,927,0,791,0,782,0,822,0,7520,0.032,1.2682136550675317e+20,0.0,0.0,784,16797,-0.0,162057.094,-114818.039,-0.0,0.133,6.909358625270745e+28,30.0,70.0,35,0.0,0.0,0.0,0.0,0.0,0.0,0.0,0.0,0.0,0.0,0.0,0.0,0.0,0.0,0.0,0.0,66.4,0,150,71,52,65476,0,300,0,0,8,20529,65476,0,0,44564,70.0,0.0,0.0,0.0,0.0,0.0
2026-09-10T21:27:14,ERR,ERR,ERR,ERR,ERR,ERR,ERR,ERR,ERR,ERR,ERR,ERR,ERR,ERR,ERR,ERR,ERR,ERR,ERR,ERR,ERR,ERR,ERR,ERR,ERR,ERR,ERR,ERR,ERR,ERR,ERR,ERR,ERR,ERR,ERR,ERR,ERR,ERR,ERR,ERR,ERR,ERR,ERR,ERR,ERR,ERR,ERR,ERR,ERR,ERR,ERR,ERR,ERR,ERR,ERR,ERR,ERR,ERR,ERR,ERR,ERR,ERR,ERR,ERR,ERR,ERR,ERR,ERR,ERR,ERR,ERR,ERR,ERR,ERR,ERR,ERR,ERR,ERR,ERR,ERR,ERR,ERR,ERR,ERR,ERR,ERR,ERR,ERR,ERR,ERR,ERR,ERR,ERR,ERR,ERR,ERR,ERR,ERR,ERR,ERR,ERR,ERR,ERR,ERR,ERR,ERR,ERR,ERR,ERR,ERR,ERR,ERR,ERR,ERR,ERR,ERR,ERR,ERR,ERR,ERR,ERR,ERR,ERR,ERR,ERR,0.0,0.0,2.6474835549302285e+23,0.0,0.0,1.3936040501711995e+18,7.805,0.0,0,0,4,0,7116,0.0,100,0.0,0.0,0.0,0.0,0.0,0,0,0,0,0.0,0,0,0,0,0,0,0,0,0,0,0,0,0,0,0,0,0,0,0,0,0,0,0,0,0,0,0,0,0,0,0,0,0,31,40,40,71,65476,0,300,0,0,8,21553,0.0,-107605600.0,0.0,0.0,0.0,0.0,0.0,0.0,0.0,0.0,0.0,0.0,0.0,0.0,-2.596148429267414e+33,0.0,0.0,0.0,0.0,0.0,0.0,0.0,-2.004,2.004,2.004,-2.004,0.0,0.0,0.0,0.0,4497.0,2.004,6920.0,0.0,0.0,-107615152.0,2.718429120148166e+23,0.0,0.0,0.0,0.0,69,-3.222030068424997e+26,-0.0,0.0,0.0,0.0,0.0,0.0,0.0,0.0,0,0,0,0.0,0.0,0.0,0.0,0.0,0.0,0.0,0.0,0.0,0.0,0.0,0.0,0.0,0.0,0.0,0.0,0,-107875648.0,69,0.0,138,0.0,0.0,0,26215,17086,0,17102,39322,17081,0,0,0,70,68,100,2.7302399002429377e+23,82.2,2.730238459091057e+23,78.1,0.0,79.0,1,49,50,180,26215,13107,0,0,0.0,0.0,0.0,0.0,-0.0,67.0,0.0,162057.094,0.0,977,0,1006,0,0,0,952,0,1030,0,927,0,791,0,782,0,822,0,7520,0.032,1.2682136550675317e+20,0.0,0.0,784,16797,-0.0,162057.094,-114818.039,-0.0,0.133,6.909358625270745e+28,30.0,70.0,35,0.0,0.0,0.0,0.0,0.0,0.0,0.0,0.0,0.0,0.0,0.0,0.0,0.0,0.0,0.0,0.0,66.4,0,150,71,52,65476,0,300,0,0,8,20529,65476,0,0,44564,70.0,0.0,0.0,0.0,0.0,0.0
2026-09-10T21:27:15,ERR,ERR,ERR,ERR,ERR,ERR,ERR,ERR,ERR,ERR,ERR,ERR,ERR,ERR,ERR,ERR,ERR,ERR,ERR,ERR,ERR,ERR,ERR,ERR,ERR,ERR,ERR,ERR,ERR,ERR,ERR,ERR,ERR,ERR,ERR,ERR,ERR,ERR,ERR,ERR,ERR,ERR,ERR,ERR,ERR,ERR,ERR,ERR,ERR,ERR,ERR,ERR,ERR,ERR,ERR,ERR,ERR,ERR,ERR,ERR,ERR,ERR,ERR,ERR,ERR,ERR,ERR,ERR,ERR,ERR,ERR,ERR,ERR,ERR,ERR,ERR,ERR,ERR,ERR,ERR,ERR,ERR,ERR,ERR,ERR,ERR,ERR,ERR,ERR,ERR,ERR,ERR,ERR,ERR,ERR,ERR,ERR,ERR,ERR,ERR,ERR,ERR,ERR,ERR,ERR,ERR,ERR,ERR,ERR,ERR,ERR,ERR,ERR,ERR,ERR,ERR,ERR,ERR,ERR,ERR,ERR,ERR,ERR,ERR,ERR,0.0,0.0,2.6474835549302285e+23,0.0,0.0,1.3936040501711995e+18,7.805,0.0,0,0,4,0,7116,0.0,100,0.0,0.0,0.0,0.0,0.0,0,0,0,0,0.0,0,0,0,0,0,0,0,0,0,0,0,0,0,0,0,0,0,0,0,0,0,0,0,0,0,0,0,0,0,0,0,0,0,31,40,40,71,65476,0,300,0,0,8,21553,0.0,-107605600.0,0.0,0.0,0.0,0.0,0.0,0.0,0.0,0.0,0.0,0.0,0.0,0.0,-2.596148429267414e+33,0.0,0.0,0.0,0.0,0.0,0.0,0.0,-2.004,2.004,2.004,-2.004,0.0,0.0,0.0,0.0,4497.0,2.004,6920.0,0.0,0.0,-107615152.0,2.718429120148166e+23,0.0,0.0,0.0,0.0,69,-3.222030068424997e+26,-0.0,0.0,0.0,0.0,0.0,0.0,0.0,0.0,0,0,0,0.0,0.0,0.0,0.0,0.0,0.0,0.0,0.0,0.0,0.0,0.0,0.0,0.0,0.0,0.0,0.0,0,-107875648.0,69,0.0,138,0.0,0.0,0,26215,17086,0,17102,39322,17081,0,0,0,70,68,100,2.7302399002429377e+23,82.2,2.730238459091057e+23,78.1,0.0,79.0,1,49,50,180,26215,13107,0,0,0.0,0.0,0.0,0.0,-0.0,67.0,0.0,162057.094,0.0,977,0,1006,0,0,0,952,0,1030,0,927,0,791,0,782,0,822,0,7520,0.032,1.2682136550675317e+20,0.0,0.0,784,16797,-0.0,162057.094,-114818.039,-0.0,0.133,6.909358625270745e+28,30.0,70.0,35,0.0,0.0,0.0,0.0,0.0,0.0,0.0,0.0,0.0,0.0,0.0,0.0,0.0,0.0,0.0,0.0,66.4,0,150,71,52,65476,0,300,0,0,8,20529,65476,0,0,44564,70.0,0.0,0.0,0.0,0.0,0.0
2026-09-10T21:27:16,ERR,ERR,ERR,ERR,ERR,ERR,ERR,ERR,ERR,ERR,ERR,ERR,ERR,ERR,ERR,ERR,ERR,ERR,ERR,ERR,ERR,ERR,ERR,ERR,ERR,ERR,ERR,ERR,ERR,ERR,ERR,ERR,ERR,ERR,ERR,ERR,ERR,ERR,ERR,ERR,ERR,ERR,ERR,ERR,ERR,ERR,ERR,ERR,ERR,ERR,ERR,ERR,ERR,ERR,ERR,ERR,ERR,ERR,ERR,ERR,ERR,ERR,ERR,ERR,ERR,ERR,ERR,ERR,ERR,ERR,ERR,ERR,ERR,ERR,ERR,ERR,ERR,ERR,ERR,ERR,ERR,ERR,ERR,ERR,ERR,ERR,ERR,ERR,ERR,ERR,ERR,ERR,ERR,ERR,ERR,ERR,ERR,ERR,ERR,ERR,ERR,ERR,ERR,ERR,ERR,ERR,ERR,ERR,ERR,ERR,ERR,ERR,ERR,ERR,ERR,ERR,ERR,ERR,ERR,ERR,ERR,ERR,ERR,ERR,ERR,0.0,0.0,2.6474835549302285e+23,0.0,0.0,1.3936040501711995e+18,7.805,0.0,0,0,4,0,7116,0.0,100,0.0,0.0,0.0,0.0,0.0,0,0,0,0,0.0,0,0,0,0,0,0,0,0,0,0,0,0,0,0,0,0,0,0,0,0,0,0,0,0,0,0,0,0,0,0,0,0,0,31,40,40,71,65476,0,300,0,0,8,21553,0.0,-107605600.0,0.0,0.0,0.0,0.0,0.0,0.0,0.0,0.0,0.0,0.0,0.0,0.0,0.0,0.0,0.0,0.0,0.0,0.0,0.0,0.0,-2.004,2.004,2.004,-2.004,0.0,0.0,0.0,0.0,4494.0,0.0,6919.0,0.0,0.0,-107615152.0,2.718429120148166e+23,0.0,0.0,0.0,0.0,69,-152018521948160.0,5.848047364202327e+35,0.0,0.0,0.0,0.0,0.0,0.0,0.0,0,0,0,0.0,0.0,0.0,0.0,0.0,0.0,0.0,0.0,0.0,0.0,0.0,0.0,0.0,0.0,0.0,0.0,0,-107875648.0,69,0.0,138,0.0,0.0,0,26215,17086,0,17102,26215,17081,0,0,0,70,68,100,2.7302399002429377e+23,82.2,2.730238459091057e+23,78.1,0.0,79.0,1,49,50,180,26215,13107,0,0,0.0,0.0,0.0,0.0,-0.0,67.0,0.0,162057.094,0.0,977,0,1005,0,0,0,952,0,1030,0,927,0,791,0,782,0,822,0,7520,0.032,1.2682136550675317e+20,0.0,0.0,784,16797,-0.0,162057.094,-114818.039,-0.0,0.133,6.909358625270745e+28,30.0,70.0,35,0.0,0.0,0.0,0.0,0.0,0.0,0.0,0.0,0.0,0.0,0.0,0.0,0.0,0.0,0.0,0.0,66.4,0,150,71,52,65476,0,300,0,0,8,20529,65476,0,0,44564,70.0,0.0,0.0,0.0,0.0,0.0
2026-09-10T21:27:17,ERR,ERR,ERR,ERR,ERR,ERR,ERR,ERR,ERR,ERR,ERR,ERR,ERR,ERR,ERR,ERR,ERR,ERR,ERR,ERR,ERR,ERR,ERR,ERR,ERR,ERR,ERR,ERR,ERR,ERR,ERR,ERR,ERR,ERR,ERR,ERR,ERR,ERR,ERR,ERR,ERR,ERR,ERR,ERR,ERR,ERR,ERR,ERR,ERR,ERR,ERR,ERR,ERR,ERR,ERR,ERR,ERR,ERR,ERR,ERR,ERR,ERR,ERR,ERR,ERR,ERR,ERR,ERR,ERR,ERR,ERR,ERR,ERR,ERR,ERR,ERR,ERR,ERR,ERR,ERR,ERR,ERR,ERR,ERR,ERR,ERR,ERR,ERR,ERR,ERR,ERR,ERR,ERR,ERR,ERR,ERR,ERR,ERR,ERR,ERR,ERR,ERR,ERR,ERR,ERR,ERR,ERR,ERR,ERR,ERR,ERR,ERR,ERR,ERR,ERR,ERR,ERR,ERR,ERR,ERR,ERR,ERR,ERR,ERR,ERR,0.0,0.0,2.6474835549302285e+23,0.0,0.0,1.3936040501711995e+18,7.805,0.0,0,0,4,0,7116,0.0,100,0.0,0.0,0.0,0.0,0.0,0,0,0,0,0.0,0,0,0,0,0,0,0,0,0,0,0,0,0,0,0,0,0,0,0,0,0,0,0,0,0,0,0,0,0,0,0,0,0,31,40,40,71,65476,0,300,0,0,8,21553,0.0,-107605600.0,0.0,0.0,0.0,0.0,0.0,0.0,0.0,0.0,0.0,0.0,0.0,0.0,0.0,0.0,0.0,0.0,0.0,0.0,0.0,0.0,-2.004,2.004,2.004,-2.004,0.0,0.0,0.0,0.0,4494.0,0.0,6919.0,0.0,0.0,-107615152.0,2.718429120148166e+23,0.0,0.0,0.0,0.0,69,-152018521948160.0,5.848047364202327e+35,0.0,0.0,0.0,0.0,0.0,0.0,0.0,0,0,0,0.0,0.0,0.0,0.0,0.0,0.0,0.0,0.0,0.0,0.0,0.0,0.0,0.0,0.0,0.0,0.0,0,-107875648.0,69,0.0,138,0.0,0.0,0,26215,17086,0,17102,26215,17081,0,0,0,70,68,100,2.7302399002429377e+23,82.2,2.730238459091057e+23,78.1,0.0,79.0,1,49,50,180,26215,13107,0,0,0.0,0.0,0.0,0.0,-0.0,67.0,0.0,162057.094,0.0,977,0,1005,0,0,0,952,0,1030,0,927,0,791,0,782,0,822,0,7520,0.032,1.2682136550675317e+20,0.0,0.0,784,16797,-0.0,162057.094,-114818.039,-0.0,0.133,6.909358625270745e+28,30.0,70.0,35,0.0,0.0,0.0,0.0,0.0,0.0,0.0,0.0,0.0,0.0,0.0,0.0,0.0,0.0,0.0,0.0,66.4,0,150,71,52,65476,0,300,0,0,8,20529,65476,0,0,44564,70.0,0.0,0.0,0.0,0.0,0.0
2026-09-10T21:27:18,ERR,ERR,ERR,ERR,ERR,ERR,ERR,ERR,ERR,ERR,ERR,ERR,ERR,ERR,ERR,ERR,ERR,ERR,ERR,ERR,ERR,ERR,ERR,ERR,ERR,ERR,ERR,ERR,ERR,ERR,ERR,ERR,ERR,ERR,ERR,ERR,ERR,ERR,ERR,ERR,ERR,ERR,ERR,ERR,ERR,ERR,ERR,ERR,ERR,ERR,ERR,ERR,ERR,ERR,ERR,ERR,ERR,ERR,ERR,ERR,ERR,ERR,ERR,ERR,ERR,ERR,ERR,ERR,ERR,ERR,ERR,ERR,ERR,ERR,ERR,ERR,ERR,ERR,ERR,ERR,ERR,ERR,ERR,ERR,ERR,ERR,ERR,ERR,ERR,ERR,ERR,ERR,ERR,ERR,ERR,ERR,ERR,ERR,ERR,ERR,ERR,ERR,ERR,ERR,ERR,ERR,ERR,ERR,ERR,ERR,ERR,ERR,ERR,ERR,ERR,ERR,ERR,ERR,ERR,ERR,ERR,ERR,ERR,ERR,ERR,0.0,0.0,2.6474835549302285e+23,0.0,0.0,1.3936040501711995e+18,7.805,0.0,0,0,4,0,7116,0.0,100,0.0,0.0,0.0,0.0,0.0,0,0,0,0,0.0,0,0,0,0,0,0,0,0,0,0,0,0,0,0,0,0,0,0,0,0,0,0,0,0,0,0,0,0,0,0,0,0,0,31,40,40,71,65476,0,300,0,0,8,21553,0.0,-107605600.0,0.0,0.0,0.0,0.0,0.0,0.0,0.0,0.0,0.0,0.0,0.0,0.0,0.0,0.0,0.0,0.0,0.0,0.0,0.0,0.0,-2.004,2.004,2.004,-2.004,0.0,0.0,0.0,0.0,4494.0,0.0,6919.0,0.0,0.0,-107615152.0,2.718429120148166e+23,0.0,0.0,0.0,0.0,69,-152018521948160.0,5.848047364202327e+35,0.0,0.0,0.0,0.0,0.0,0.0,0.0,0,0,0,0.0,0.0,0.0,0.0,0.0,0.0,0.0,0.0,0.0,0.0,0.0,0.0,0.0,0.0,0.0,0.0,0,-107875648.0,69,0.0,138,0.0,0.0,0,26215,17086,0,17102,26215,17081,0,0,0,70,68,100,2.7302399002429377e+23,82.2,2.730238459091057e+23,78.1,0.0,79.0,1,49,50,180,26215,13107,0,0,0.0,0.0,0.0,0.0,-0.0,67.0,0.0,162057.094,0.0,977,0,1005,0,0,0,952,0,1030,0,927,0,791,0,782,0,822,0,7520,0.032,1.2682136550675317e+20,0.0,0.0,784,16797,-0.0,162057.094,-114818.039,-0.0,0.133,6.909358625270745e+28,30.0,70.0,35,0.0,0.0,0.0,0.0,0.0,0.0,0.0,0.0,0.0,0.0,0.0,0.0,0.0,0.0,0.0,0.0,66.4,0,150,71,52,65476,0,300,0,0,8,20529,65476,0,0,44564,70.0,0.0,0.0,0.0,0.0,0.0
2026-09-10T21:27:19,ERR,ERR,ERR,ERR,ERR,ERR,ERR,ERR,ERR,ERR,ERR,ERR,ERR,ERR,ERR,ERR,ERR,ERR,ERR,ERR,ERR,ERR,ERR,ERR,ERR,ERR,ERR,ERR,ERR,ERR,ERR,ERR,ERR,ERR,ERR,ERR,ERR,ERR,ERR,ERR,ERR,ERR,ERR,ERR,ERR,ERR,ERR,ERR,ERR,ERR,ERR,ERR,ERR,ERR,ERR,ERR,ERR,ERR,ERR,ERR,ERR,ERR,ERR,ERR,ERR,ERR,ERR,ERR,ERR,ERR,ERR,ERR,ERR,ERR,ERR,ERR,ERR,ERR,ERR,ERR,ERR,ERR,ERR,ERR,ERR,ERR,ERR,ERR,ERR,ERR,ERR,ERR,ERR,ERR,ERR,ERR,ERR,ERR,ERR,ERR,ERR,ERR,ERR,ERR,ERR,ERR,ERR,ERR,ERR,ERR,ERR,ERR,ERR,ERR,ERR,ERR,ERR,ERR,ERR,ERR,ERR,ERR,ERR,ERR,ERR,0.0,0.0,2.6474835549302285e+23,0.0,0.0,1.3936040501711995e+18,7.805,0.0,0,0,4,0,7116,0.0,100,0.0,0.0,0.0,0.0,0.0,0,0,0,0,0.0,0,0,0,0,0,0,0,0,0,0,0,0,0,0,0,0,0,0,0,0,0,0,0,0,0,0,0,0,0,0,0,0,0,31,40,40,71,65476,0,300,0,0,8,21553,0.0,-107605600.0,0.0,0.0,0.0,0.0,0.0,0.0,0.0,0.0,0.0,0.0,0.0,0.0,0.0,0.0,0.0,0.0,0.0,0.0,0.0,0.0,-2.004,2.004,2.004,-2.004,0.0,0.0,0.0,0.0,4494.0,0.0,6919.0,0.0,0.0,-107615152.0,2.718429120148166e+23,0.0,0.0,0.0,0.0,69,-152018521948160.0,5.848047364202327e+35,0.0,0.0,0.0,0.0,0.0,0.0,0.0,0,0,0,0.0,0.0,0.0,0.0,0.0,0.0,0.0,0.0,0.0,0.0,0.0,0.0,0.0,0.0,0.0,0.0,0,-107875648.0,69,0.0,138,0.0,0.0,0,26215,17086,0,17102,26215,17081,0,0,0,70,68,100,2.7302399002429377e+23,82.2,2.730238459091057e+23,78.1,0.0,79.0,1,49,50,180,26215,13107,0,0,0.0,0.0,0.0,0.0,-0.0,67.0,0.0,162057.094,0.0,977,0,1005,0,0,0,952,0,1030,0,927,0,791,0,782,0,822,0,7520,0.032,1.2682136550675317e+20,0.0,0.0,784,16797,-0.0,162057.094,-114818.039,-0.0,0.133,6.909358625270745e+28,30.0,70.0,35,0.0,0.0,0.0,0.0,0.0,0.0,0.0,0.0,0.0,0.0,0.0,0.0,0.0,0.0,0.0,0.0,66.4,0,150,71,52,65476,0,300,0,0,8,20529,65476,0,0,44564,70.0,0.0,0.0,0.0,0.0,0.0
2026-09-10T21:27:20,ERR,ERR,ERR,ERR,ERR,ERR,ERR,ERR,ERR,ERR,ERR,ERR,ERR,ERR,ERR,ERR,ERR,ERR,ERR,ERR,ERR,ERR,ERR,ERR,ERR,ERR,ERR,ERR,ERR,ERR,ERR,ERR,ERR,ERR,ERR,ERR,ERR,ERR,ERR,ERR,ERR,ERR,ERR,ERR,ERR,ERR,ERR,ERR,ERR,ERR,ERR,ERR,ERR,ERR,ERR,ERR,ERR,ERR,ERR,ERR,ERR,ERR,ERR,ERR,ERR,ERR,ERR,ERR,ERR,ERR,ERR,ERR,ERR,ERR,ERR,ERR,ERR,ERR,ERR,ERR,ERR,ERR,ERR,ERR,ERR,ERR,ERR,ERR,ERR,ERR,ERR,ERR,ERR,ERR,ERR,ERR,ERR,ERR,ERR,ERR,ERR,ERR,ERR,ERR,ERR,ERR,ERR,ERR,ERR,ERR,ERR,ERR,ERR,ERR,ERR,ERR,ERR,ERR,ERR,ERR,ERR,ERR,ERR,ERR,ERR,0.0,0.0,2.6474835549302285e+23,0.0,0.0,1.3936040501711995e+18,7.805,0.0,0,0,4,0,7116,0.0,100,0.0,0.0,0.0,0.0,0.0,0,0,0,0,0.0,0,0,0,0,0,0,0,0,0,0,0,0,0,0,0,0,0,0,0,0,0,0,0,0,0,0,0,0,0,0,0,0,0,31,40,40,71,65476,0,300,0,0,8,21553,0.0,-107605600.0,0.0,0.0,0.0,0.0,0.0,0.0,0.0,0.0,0.0,0.0,0.0,0.0,0.0,0.0,0.0,0.0,0.0,0.0,0.0,0.0,-2.004,2.004,2.004,-2.004,0.0,0.0,0.0,0.0,4494.0,0.0,6919.0,0.0,0.0,-107615152.0,2.718429120148166e+23,0.0,0.0,0.0,0.0,69,-152018521948160.0,5.848047364202327e+35,0.0,0.0,0.0,0.0,0.0,0.0,0.0,0,0,0,0.0,0.0,0.0,0.0,0.0,0.0,0.0,0.0,0.0,0.0,0.0,0.0,0.0,0.0,0.0,0.0,0,-107875648.0,69,0.0,138,0.0,0.0,0,26215,17086,0,17102,26215,17081,0,0,0,70,68,100,2.7302399002429377e+23,82.2,2.730238459091057e+23,78.1,0.0,79.0,1,49,50,180,26215,13107,0,0,0.0,0.0,0.0,0.0,-0.0,67.0,0.0,162057.094,0.0,977,0,1005,0,0,0,952,0,1030,0,927,0,791,0,782,0,822,0,7520,0.032,1.2682136550675317e+20,0.0,0.0,784,16797,-0.0,162057.094,-114818.039,-0.0,0.133,6.909358625270745e+28,30.0,70.0,35,0.0,0.0,0.0,0.0,0.0,0.0,0.0,0.0,0.0,0.0,0.0,0.0,0.0,0.0,0.0,0.0,66.4,0,150,71,52,65476,0,300,0,0,8,20529,65476,0,0,44564,70.0,0.0,0.0,0.0,0.0,0.0
2026-09-10T21:27:21,ERR,ERR,ERR,ERR,ERR,ERR,ERR,ERR,ERR,ERR,ERR,ERR,ERR,ERR,ERR,ERR,ERR,ERR,ERR,ERR,ERR,ERR,ERR,ERR,ERR,ERR,ERR,ERR,ERR,ERR,ERR,ERR,ERR,ERR,ERR,ERR,ERR,ERR,ERR,ERR,ERR,ERR,ERR,ERR,ERR,ERR,ERR,ERR,ERR,ERR,ERR,ERR,ERR,ERR,ERR,ERR,ERR,ERR,ERR,ERR,ERR,ERR,ERR,ERR,ERR,ERR,ERR,ERR,ERR,ERR,ERR,ERR,ERR,ERR,ERR,ERR,ERR,ERR,ERR,ERR,ERR,ERR,ERR,ERR,ERR,ERR,ERR,ERR,ERR,ERR,ERR,ERR,ERR,ERR,ERR,ERR,ERR,ERR,ERR,ERR,ERR,ERR,ERR,ERR,ERR,ERR,ERR,ERR,ERR,ERR,ERR,ERR,ERR,ERR,ERR,ERR,ERR,ERR,ERR,ERR,ERR,ERR,ERR,ERR,ERR,0.0,0.0,2.6474835549302285e+23,0.0,0.0,1.3936040501711995e+18,7.805,0.0,0,0,4,0,7116,0.0,100,0.0,0.0,0.0,0.0,0.0,0,0,0,0,0.0,0,0,0,0,0,0,0,0,0,0,0,0,0,0,0,0,0,0,0,0,0,0,0,0,0,0,0,0,0,0,0,0,0,31,40,40,71,65476,0,300,0,0,8,21553,0.0,-107605600.0,0.0,0.0,0.0,0.0,0.0,0.0,0.0,0.0,0.0,0.0,0.0,0.0,0.0,0.0,0.0,0.0,0.0,0.0,0.0,0.0,-2.004,2.004,2.004,-2.004,0.0,0.0,0.0,0.0,4494.0,0.0,6919.0,0.0,0.0,-107615152.0,2.718429120148166e+23,0.0,0.0,0.0,0.0,69,-152018521948160.0,5.848047364202327e+35,0.0,0.0,0.0,0.0,0.0,0.0,0.0,0,0,0,0.0,0.0,0.0,0.0,0.0,0.0,0.0,0.0,0.0,0.0,0.0,0.0,0.0,0.0,0.0,0.0,0,-107875648.0,69,0.0,138,0.0,0.0,0,26215,17086,0,17102,26215,17081,0,0,0,70,68,100,2.7302399002429377e+23,82.2,2.730238459091057e+23,78.1,0.0,79.0,1,49,50,180,26215,13107,0,0,0.0,0.0,0.0,0.0,-0.0,67.0,0.0,162057.094,0.0,977,0,1005,0,0,0,952,0,1030,0,927,0,791,0,782,0,822,0,7520,0.032,1.2682136550675317e+20,0.0,0.0,784,16797,-0.0,162057.094,-114818.039,-0.0,0.133,6.909358625270745e+28,30.0,70.0,35,0.0,0.0,0.0,0.0,0.0,0.0,0.0,0.0,0.0,0.0,0.0,0.0,0.0,0.0,0.0,0.0,66.4,0,150,71,52,65476,0,300,0,0,8,20529,65476,0,0,44564,70.0,0.0,0.0,0.0,0.0,0.0
2026-09-10T21:27:22,ERR,ERR,ERR,ERR,ERR,ERR,ERR,ERR,ERR,ERR,ERR,ERR,ERR,ERR,ERR,ERR,ERR,ERR,ERR,ERR,ERR,ERR,ERR,ERR,ERR,ERR,ERR,ERR,ERR,ERR,ERR,ERR,ERR,ERR,ERR,ERR,ERR,ERR,ERR,ERR,ERR,ERR,ERR,ERR,ERR,ERR,ERR,ERR,ERR,ERR,ERR,ERR,ERR,ERR,ERR,ERR,ERR,ERR,ERR,ERR,ERR,ERR,ERR,ERR,ERR,ERR,ERR,ERR,ERR,ERR,ERR,ERR,ERR,ERR,ERR,ERR,ERR,ERR,ERR,ERR,ERR,ERR,ERR,ERR,ERR,ERR,ERR,ERR,ERR,ERR,ERR,ERR,ERR,ERR,ERR,ERR,ERR,ERR,ERR,ERR,ERR,ERR,ERR,ERR,ERR,ERR,ERR,ERR,ERR,ERR,ERR,ERR,ERR,ERR,ERR,ERR,ERR,ERR,ERR,ERR,ERR,ERR,ERR,ERR,ERR,0.0,0.0,2.6474835549302285e+23,0.0,0.0,1.3936040501711995e+18,7.805,0.0,0,0,4,0,7116,0.0,100,0.0,0.0,0.0,0.0,0.0,0,0,0,0,0.0,0,0,0,0,0,0,0,0,0,0,0,0,0,0,0,0,0,0,0,0,0,0,0,0,0,0,0,0,0,0,0,0,0,31,40,40,71,65476,0,300,0,0,8,21553,0.0,-107605600.0,0.0,0.0,0.0,0.0,0.0,0.0,0.0,0.0,0.0,0.0,0.0,0.0,0.0,0.0,0.0,0.0,0.0,0.0,0.0,0.0,-2.004,2.004,2.004,-2.004,0.0,0.0,0.0,0.0,4494.0,0.0,6919.0,0.0,0.0,-107615152.0,2.718429120148166e+23,0.0,0.0,0.0,0.0,69,-152018521948160.0,5.848047364202327e+35,0.0,0.0,0.0,0.0,0.0,0.0,0.0,0,0,0,0.0,0.0,0.0,0.0,0.0,0.0,0.0,0.0,0.0,0.0,0.0,0.0,0.0,0.0,0.0,0.0,0,-107875648.0,69,0.0,138,0.0,0.0,0,26215,17086,0,17102,26215,17081,0,0,0,70,68,100,2.7302399002429377e+23,82.2,2.730238459091057e+23,78.1,0.0,79.0,1,49,50,180,26215,0,0,0,0.0,0.0,0.0,0.0,-0.0,67.0,0.0,162057.094,0.0,977,0,1005,0,0,0,952,0,1030,0,927,0,791,0,782,0,822,0,7520,0.032,1.2682136550675317e+20,0.0,0.0,784,16797,-0.0,162057.094,-114818.039,-0.0,0.133,6.909358625270745e+28,30.0,70.0,35,0.0,0.0,0.0,0.0,0.0,0.0,0.0,0.0,0.0,0.0,0.0,0.0,0.0,0.0,0.0,0.0,66.4,0,150,71,52,65476,0,300,0,0,8,20529,65476,0,0,44564,70.0,0.0,0.0,0.0,0.0,0.0
2026-09-10T21:27:23,ERR,ERR,ERR,ERR,ERR,ERR,ERR,ERR,ERR,ERR,ERR,ERR,ERR,ERR,ERR,ERR,ERR,ERR,ERR,ERR,ERR,ERR,ERR,ERR,ERR,ERR,ERR,ERR,ERR,ERR,ERR,ERR,ERR,ERR,ERR,ERR,ERR,ERR,ERR,ERR,ERR,ERR,ERR,ERR,ERR,ERR,ERR,ERR,ERR,ERR,ERR,ERR,ERR,ERR,ERR,ERR,ERR,ERR,ERR,ERR,ERR,ERR,ERR,ERR,ERR,ERR,ERR,ERR,ERR,ERR,ERR,ERR,ERR,ERR,ERR,ERR,ERR,ERR,ERR,ERR,ERR,ERR,ERR,ERR,ERR,ERR,ERR,ERR,ERR,ERR,ERR,ERR,ERR,ERR,ERR,ERR,ERR,ERR,ERR,ERR,ERR,ERR,ERR,ERR,ERR,ERR,ERR,ERR,ERR,ERR,ERR,ERR,ERR,ERR,ERR,ERR,ERR,ERR,ERR,ERR,ERR,ERR,ERR,ERR,ERR,0.0,0.0,2.6474835549302285e+23,0.0,0.0,1.3936040501711995e+18,7.805,0.0,0,0,4,0,7116,0.0,100,0.0,0.0,0.0,0.0,0.0,0,0,0,0,0.0,0,0,0,0,0,0,0,0,0,0,0,0,0,0,0,0,0,0,0,0,0,0,0,0,0,0,0,0,0,0,0,0,0,31,40,40,71,65476,0,300,0,0,8,21553,0.0,-107605600.0,0.0,0.0,0.0,0.0,0.0,0.0,0.0,0.0,0.0,0.0,0.0,0.0,0.0,0.0,0.0,0.0,0.0,0.0,0.0,0.0,-2.004,2.004,2.004,-2.004,0.0,0.0,0.0,0.0,4494.0,0.0,6919.0,0.0,0.0,-107615152.0,2.718429120148166e+23,0.0,0.0,0.0,0.0,69,-152018521948160.0,5.848047364202327e+35,0.0,0.0,0.0,0.0,0.0,0.0,0.0,0,0,0,0.0,0.0,0.0,0.0,0.0,0.0,0.0,0.0,0.0,0.0,0.0,0.0,0.0,0.0,0.0,0.0,0,-107875648.0,69,0.0,138,0.0,0.0,0,26215,17086,0,17102,26215,17081,0,0,0,70,68,100,2.7302399002429377e+23,82.2,2.730238459091057e+23,78.1,0.0,79.0,1,49,50,180,26215,0,0,0,0.0,0.0,0.0,0.0,-0.0,67.0,0.0,162057.094,0.0,977,0,1005,0,0,0,952,0,1030,0,927,0,791,0,782,0,822,0,7520,0.032,1.2682136550675317e+20,0.0,0.0,784,16797,-0.0,162057.094,-114818.039,-0.0,0.133,6.909358625270745e+28,30.0,70.0,35,0.0,0.0,0.0,0.0,0.0,0.0,0.0,0.0,0.0,0.0,0.0,0.0,0.0,0.0,0.0,0.0,66.4,0,150,71,52,65476,0,300,0,0,8,20529,65476,0,0,44564,70.0,0.0,0.0,0.0,0.0,0.0
2026-09-10T21:27:24,ERR,ERR,ERR,ERR,ERR,ERR,ERR,ERR,ERR,ERR,ERR,ERR,ERR,ERR,ERR,ERR,ERR,ERR,ERR,ERR,ERR,ERR,ERR,ERR,ERR,ERR,ERR,ERR,ERR,ERR,ERR,ERR,ERR,ERR,ERR,ERR,ERR,ERR,ERR,ERR,ERR,ERR,ERR,ERR,ERR,ERR,ERR,ERR,ERR,ERR,ERR,ERR,ERR,ERR,ERR,ERR,ERR,ERR,ERR,ERR,ERR,ERR,ERR,ERR,ERR,ERR,ERR,ERR,ERR,ERR,ERR,ERR,ERR,ERR,ERR,ERR,ERR,ERR,ERR,ERR,ERR,ERR,ERR,ERR,ERR,ERR,ERR,ERR,ERR,ERR,ERR,ERR,ERR,ERR,ERR,ERR,ERR,ERR,ERR,ERR,ERR,ERR,ERR,ERR,ERR,ERR,ERR,ERR,ERR,ERR,ERR,ERR,ERR,ERR,ERR,ERR,ERR,ERR,ERR,ERR,ERR,ERR,ERR,ERR,ERR,0.0,0.0,2.6474835549302285e+23,0.0,0.0,1.3936040501711995e+18,7.805,0.0,0,0,4,0,7116,0.0,100,0.0,0.0,0.0,0.0,0.0,0,0,0,0,0.0,0,0,0,0,0,0,0,0,0,0,0,0,0,0,0,0,0,0,0,0,0,0,0,0,0,0,0,0,0,0,0,0,0,31,40,40,71,65476,0,300,0,0,8,21553,0.0,-107605600.0,0.0,0.0,0.0,0.0,0.0,0.0,0.0,0.0,0.0,0.0,0.0,0.0,0.0,0.0,0.0,0.0,0.0,0.0,0.0,0.0,-2.004,2.004,2.004,-2.004,0.0,0.0,0.0,0.0,4488.0,131350.188,6921.0,0.0,0.0,-107615152.0,2.718429120148166e+23,0.0,0.0,0.0,0.0,69,-0.0,-0.0,0.0,0.0,0.0,0.0,0.0,0.0,0.0,0,0,0,0.0,0.0,0.0,0.0,0.0,0.0,0.0,0.0,0.0,0.0,0.0,0.0,0.0,0.0,0.0,0.0,0,-107875648.0,69,0.0,138,0.0,0.0,0,26215,17086,0,17102,26215,17081,0,0,0,70,68,100,2.7302399002429377e+23,82.2,2.730238459091057e+23,78.1,0.0,79.0,1,49,50,180,26215,0,0,0,0.0,0.0,0.0,0.0,-0.0,67.0,0.0,162057.094,0.0,977,0,1005,0,0,0,952,0,1030,0,927,0,791,0,782,0,822,0,7520,0.032,1.2682136550675317e+20,0.0,0.0,784,16797,-0.0,162057.094,-114818.039,-0.0,0.133,6.909358625270745e+28,30.0,70.0,35,0.0,0.0,0.0,0.0,0.0,0.0,0.0,0.0,0.0,0.0,0.0,0.0,0.0,0.0,0.0,0.0,66.4,0,150,71,52,65476,0,300,0,0,8,20529,65476,0,0,44564,70.0,0.0,0.0,0.0,0.0,0.0
2026-09-10T21:27:25,ERR,ERR,ERR,ERR,ERR,ERR,ERR,ERR,ERR,ERR,ERR,ERR,ERR,ERR,ERR,ERR,ERR,ERR,ERR,ERR,ERR,ERR,ERR,ERR,ERR,ERR,ERR,ERR,ERR,ERR,ERR,ERR,ERR,ERR,ERR,ERR,ERR,ERR,ERR,ERR,ERR,ERR,ERR,ERR,ERR,ERR,ERR,ERR,ERR,ERR,ERR,ERR,ERR,ERR,ERR,ERR,ERR,ERR,ERR,ERR,ERR,ERR,ERR,ERR,ERR,ERR,ERR,ERR,ERR,ERR,ERR,ERR,ERR,ERR,ERR,ERR,ERR,ERR,ERR,ERR,ERR,ERR,ERR,ERR,ERR,ERR,ERR,ERR,ERR,ERR,ERR,ERR,ERR,ERR,ERR,ERR,ERR,ERR,ERR,ERR,ERR,ERR,ERR,ERR,ERR,ERR,ERR,ERR,ERR,ERR,ERR,ERR,ERR,ERR,ERR,ERR,ERR,ERR,ERR,ERR,ERR,ERR,ERR,ERR,ERR,0.0,0.0,2.6474835549302285e+23,0.0,0.0,1.3936040501711995e+18,7.805,0.0,0,0,4,0,7116,0.0,100,0.0,0.0,0.0,0.0,0.0,0,0,0,0,0.0,0,0,0,0,0,0,0,0,0,0,0,0,0,0,0,0,0,0,0,0,0,0,0,0,0,0,0,0,0,0,0,0,0,31,40,40,71,65476,0,300,0,0,8,21553,0.0,-107605600.0,0.0,0.0,0.0,0.0,0.0,0.0,0.0,0.0,0.0,0.0,0.0,0.0,0.0,0.0,0.0,0.0,0.0,0.0,0.0,0.0,-2.004,2.004,2.004,-2.004,0.0,0.0,0.0,0.0,4488.0,131350.188,6921.0,0.0,0.0,-107615152.0,2.718429120148166e+23,0.0,0.0,0.0,0.0,69,-0.0,-0.0,0.0,0.0,0.0,0.0,0.0,0.0,0.0,0,0,0,0.0,0.0,0.0,0.0,0.0,0.0,0.0,0.0,0.0,0.0,0.0,0.0,0.0,0.0,0.0,0.0,0,-107875648.0,69,0.0,138,0.0,0.0,0,26215,17086,0,17102,26215,17081,0,0,0,70,68,100,2.7302399002429377e+23,82.2,2.730238459091057e+23,78.1,0.0,79.0,1,49,50,180,26215,0,0,0,0.0,0.0,0.0,0.0,-0.0,67.0,0.0,162057.094,0.0,977,0,1005,0,0,0,952,0,1030,0,927,0,791,0,782,0,822,0,7520,0.032,1.2682136550675317e+20,0.0,0.0,784,16797,-0.0,162057.094,-114818.039,-0.0,0.133,6.909358625270745e+28,30.0,70.0,35,0.0,0.0,0.0,0.0,0.0,0.0,0.0,0.0,0.0,0.0,0.0,0.0,0.0,0.0,0.0,0.0,66.4,0,150,71,52,65476,0,300,0,0,8,20529,65476,0,0,44564,70.0,0.0,0.0,0.0,0.0,0.0
2026-09-10T21:27:26,ERR,ERR,ERR,ERR,ERR,ERR,ERR,ERR,ERR,ERR,ERR,ERR,ERR,ERR,ERR,ERR,ERR,ERR,ERR,ERR,ERR,ERR,ERR,ERR,ERR,ERR,ERR,ERR,ERR,ERR,ERR,ERR,ERR,ERR,ERR,ERR,ERR,ERR,ERR,ERR,ERR,ERR,ERR,ERR,ERR,ERR,ERR,ERR,ERR,ERR,ERR,ERR,ERR,ERR,ERR,ERR,ERR,ERR,ERR,ERR,ERR,ERR,ERR,ERR,ERR,ERR,ERR,ERR,ERR,ERR,ERR,ERR,ERR,ERR,ERR,ERR,ERR,ERR,ERR,ERR,ERR,ERR,ERR,ERR,ERR,ERR,ERR,ERR,ERR,ERR,ERR,ERR,ERR,ERR,ERR,ERR,ERR,ERR,ERR,ERR,ERR,ERR,ERR,ERR,ERR,ERR,ERR,ERR,ERR,ERR,ERR,ERR,ERR,ERR,ERR,ERR,ERR,ERR,ERR,ERR,ERR,ERR,ERR,ERR,ERR,0.0,0.0,2.6474835549302285e+23,0.0,0.0,1.3936040501711995e+18,7.805,0.0,0,0,4,0,7116,0.0,100,0.0,0.0,0.0,0.0,0.0,0,0,0,0,0.0,0,0,0,0,0,0,0,0,0,0,0,0,0,0,0,0,0,0,0,0,0,0,0,0,0,0,0,0,0,0,0,0,0,31,40,40,71,65476,0,300,0,0,8,21553,0.0,-107605600.0,0.0,0.0,0.0,0.0,0.0,0.0,0.0,0.0,0.0,0.0,0.0,0.0,0.0,0.0,0.0,0.0,0.0,0.0,0.0,0.0,-2.004,2.004,2.004,-2.004,0.0,0.0,0.0,0.0,4488.0,131350.188,6921.0,0.0,0.0,-107615152.0,2.718429120148166e+23,0.0,0.0,0.0,0.0,69,-0.0,-0.0,0.0,0.0,0.0,0.0,0.0,0.0,0.0,0,0,0,0.0,0.0,0.0,0.0,0.0,0.0,0.0,0.0,0.0,0.0,0.0,0.0,0.0,0.0,0.0,0.0,0,-107875648.0,69,0.0,138,0.0,0.0,0,26215,17086,0,17102,26215,17081,0,0,0,70,68,100,2.7302399002429377e+23,82.2,2.730238459091057e+23,78.1,0.0,79.0,1,49,50,180,26215,0,0,0,0.0,0.0,0.0,0.0,-0.0,67.0,0.0,162057.094,0.0,977,0,1005,0,0,0,952,0,1029,0,927,0,791,0,782,0,822,0,7520,0.032,1.2682136550675317e+20,0.0,0.0,784,16797,-0.0,162057.094,-114818.039,-0.0,0.133,6.909358625270745e+28,30.0,70.0,35,0.0,0.0,0.0,0.0,0.0,0.0,0.0,0.0,0.0,0.0,0.0,0.0,0.0,0.0,0.0,0.0,66.4,0,150,71,52,65476,0,300,0,0,8,20529,65476,0,0,44564,70.0,0.0,0.0,0.0,0.0,0.0
2026-09-10T21:27:27,ERR,ERR,ERR,ERR,ERR,ERR,ERR,ERR,ERR,ERR,ERR,ERR,ERR,ERR,ERR,ERR,ERR,ERR,ERR,ERR,ERR,ERR,ERR,ERR,ERR,ERR,ERR,ERR,ERR,ERR,ERR,ERR,ERR,ERR,ERR,ERR,ERR,ERR,ERR,ERR,ERR,ERR,ERR,ERR,ERR,ERR,ERR,ERR,ERR,ERR,ERR,ERR,ERR,ERR,ERR,ERR,ERR,ERR,ERR,ERR,ERR,ERR,ERR,ERR,ERR,ERR,ERR,ERR,ERR,ERR,ERR,ERR,ERR,ERR,ERR,ERR,ERR,ERR,ERR,ERR,ERR,ERR,ERR,ERR,ERR,ERR,ERR,ERR,ERR,ERR,ERR,ERR,ERR,ERR,ERR,ERR,ERR,ERR,ERR,ERR,ERR,ERR,ERR,ERR,ERR,ERR,ERR,ERR,ERR,ERR,ERR,ERR,ERR,ERR,ERR,ERR,ERR,ERR,ERR,ERR,ERR,ERR,ERR,ERR,ERR,0.0,0.0,2.6474835549302285e+23,0.0,0.0,1.3936040501711995e+18,7.805,0.0,0,0,4,0,7116,0.0,100,0.0,0.0,0.0,0.0,0.0,0,0,0,0,0.0,0,0,0,0,0,0,0,0,0,0,0,0,0,0,0,0,0,0,0,0,0,0,0,0,0,0,0,0,0,0,0,0,0,31,40,40,71,65476,0,300,0,0,8,21553,0.0,-107605600.0,0.0,0.0,0.0,0.0,0.0,0.0,0.0,0.0,0.0,0.0,0.0,0.0,0.0,0.0,0.0,0.0,0.0,0.0,0.0,0.0,-2.004,2.004,2.004,-2.004,0.0,0.0,0.0,0.0,4488.0,131350.188,6921.0,0.0,0.0,-107615152.0,2.718429120148166e+23,0.0,0.0,0.0,0.0,69,-0.0,-0.0,0.0,0.0,0.0,0.0,0.0,0.0,0.0,0,0,0,0.0,0.0,0.0,0.0,0.0,0.0,0.0,0.0,0.0,0.0,0.0,0.0,0.0,0.0,0.0,0.0,0,-107875648.0,69,0.0,138,0.0,0.0,0,26215,17086,0,17102,26215,17081,0,0,0,70,68,100,2.7302399002429377e+23,82.2,2.730238459091057e+23,78.1,0.0,79.0,1,49,50,180,26215,0,0,0,0.0,0.0,0.0,0.0,-0.0,67.0,0.0,162057.094,0.0,977,0,1005,0,0,0,952,0,1029,0,927,0,791,0,782,0,822,0,7520,0.032,1.2682136550675317e+20,0.0,0.0,784,16797,-0.0,162057.094,-114818.039,-0.0,0.133,6.909358625270745e+28,30.0,70.0,35,0.0,0.0,0.0,0.0,0.0,0.0,0.0,0.0,0.0,0.0,0.0,0.0,0.0,0.0,0.0,0.0,66.4,0,150,71,52,65476,0,300,0,0,8,20529,65476,0,0,44564,70.0,0.0,0.0,0.0,0.0,0.0
2026-09-10T21:27:28,ERR,ERR,ERR,ERR,ERR,ERR,ERR,ERR,ERR,ERR,ERR,ERR,ERR,ERR,ERR,ERR,ERR,ERR,ERR,ERR,ERR,ERR,ERR,ERR,ERR,ERR,ERR,ERR,ERR,ERR,ERR,ERR,ERR,ERR,ERR,ERR,ERR,ERR,ERR,ERR,ERR,ERR,ERR,ERR,ERR,ERR,ERR,ERR,ERR,ERR,ERR,ERR,ERR,ERR,ERR,ERR,ERR,ERR,ERR,ERR,ERR,ERR,ERR,ERR,ERR,ERR,ERR,ERR,ERR,ERR,ERR,ERR,ERR,ERR,ERR,ERR,ERR,ERR,ERR,ERR,ERR,ERR,ERR,ERR,ERR,ERR,ERR,ERR,ERR,ERR,ERR,ERR,ERR,ERR,ERR,ERR,ERR,ERR,ERR,ERR,ERR,ERR,ERR,ERR,ERR,ERR,ERR,ERR,ERR,ERR,ERR,ERR,ERR,ERR,ERR,ERR,ERR,ERR,ERR,ERR,ERR,ERR,ERR,ERR,ERR,0.0,0.0,2.6474835549302285e+23,0.0,0.0,1.3936040501711995e+18,7.805,0.0,0,0,4,0,7116,0.0,100,0.0,0.0,0.0,0.0,0.0,0,0,0,0,0.0,0,0,0,0,0,0,0,0,0,0,0,0,0,0,0,0,0,0,0,0,0,0,0,0,0,0,0,0,0,0,0,0,0,31,40,40,71,65476,0,300,0,0,8,21553,0.0,-107605600.0,0.0,0.0,0.0,0.0,0.0,0.0,0.0,0.0,0.0,0.0,0.0,0.0,0.0,0.0,0.0,0.0,0.0,0.0,0.0,0.0,-2.004,2.004,2.004,-2.004,0.0,0.0,0.0,0.0,4488.0,131350.188,6921.0,0.0,0.0,-107615152.0,2.718429120148166e+23,0.0,0.0,0.0,0.0,69,-0.0,-0.0,0.0,0.0,0.0,0.0,0.0,0.0,0.0,0,0,0,0.0,0.0,0.0,0.0,0.0,0.0,0.0,0.0,0.0,0.0,0.0,0.0,0.0,0.0,0.0,0.0,0,-107875648.0,69,0.0,138,0.0,0.0,0,26215,17086,0,17102,26215,17081,0,0,0,70,68,100,2.7302399002429377e+23,82.2,2.730238459091057e+23,78.1,0.0,79.0,1,49,50,180,26215,0,0,0,0.0,0.0,0.0,0.0,-0.0,67.0,0.0,162057.094,0.0,977,0,1005,0,0,0,952,0,1029,0,927,0,791,0,782,0,822,0,7520,0.032,1.2682136550675317e+20,0.0,0.0,784,16797,-0.0,162057.094,-114818.039,-0.0,0.133,6.909358625270745e+28,30.0,70.0,35,0.0,0.0,0.0,0.0,0.0,0.0,0.0,0.0,0.0,0.0,0.0,0.0,0.0,0.0,0.0,0.0,66.4,0,150,71,52,65476,0,300,0,0,8,20529,65476,0,0,44564,70.0,0.0,0.0,0.0,0.0,0.0
2026-09-10T21:27:29,ERR,ERR,ERR,ERR,ERR,ERR,ERR,ERR,ERR,ERR,ERR,ERR,ERR,ERR,ERR,ERR,ERR,ERR,ERR,ERR,ERR,ERR,ERR,ERR,ERR,ERR,ERR,ERR,ERR,ERR,ERR,ERR,ERR,ERR,ERR,ERR,ERR,ERR,ERR,ERR,ERR,ERR,ERR,ERR,ERR,ERR,ERR,ERR,ERR,ERR,ERR,ERR,ERR,ERR,ERR,ERR,ERR,ERR,ERR,ERR,ERR,ERR,ERR,ERR,ERR,ERR,ERR,ERR,ERR,ERR,ERR,ERR,ERR,ERR,ERR,ERR,ERR,ERR,ERR,ERR,ERR,ERR,ERR,ERR,ERR,ERR,ERR,ERR,ERR,ERR,ERR,ERR,ERR,ERR,ERR,ERR,ERR,ERR,ERR,ERR,ERR,ERR,ERR,ERR,ERR,ERR,ERR,ERR,ERR,ERR,ERR,ERR,ERR,ERR,ERR,ERR,ERR,ERR,ERR,ERR,ERR,ERR,ERR,ERR,ERR,0.0,0.0,2.6474835549302285e+23,0.0,0.0,1.3936040501711995e+18,7.805,0.0,0,0,4,0,7116,0.0,100,0.0,0.0,0.0,0.0,0.0,0,0,0,0,0.0,0,0,0,0,0,0,0,0,0,0,0,0,0,0,0,0,0,0,0,0,0,0,0,0,0,0,0,0,0,0,0,0,0,31,40,40,71,65476,0,300,0,0,8,21553,0.0,-107605600.0,0.0,0.0,0.0,0.0,0.0,0.0,0.0,0.0,0.0,0.0,0.0,0.0,0.0,0.0,0.0,0.0,0.0,0.0,0.0,0.0,-2.004,2.004,2.004,-2.004,0.0,0.0,0.0,0.0,4488.0,131350.188,6921.0,0.0,0.0,-107615152.0,2.718429120148166e+23,0.0,0.0,0.0,0.0,69,-0.0,-0.0,0.0,0.0,0.0,0.0,0.0,0.0,0.0,0,0,0,0.0,0.0,0.0,0.0,0.0,0.0,0.0,0.0,0.0,0.0,0.0,0.0,0.0,0.0,0.0,0.0,0,-107875648.0,69,0.0,138,0.0,0.0,0,26215,17086,0,17102,26215,17081,0,0,0,70,68,100,2.7302399002429377e+23,82.2,2.730238459091057e+23,78.1,0.0,79.0,1,49,50,180,26215,0,0,0,0.0,0.0,0.0,0.0,-0.0,67.0,0.0,162057.094,0.0,977,0,1005,0,0,0,952,0,1029,0,927,0,791,0,782,0,822,0,7520,0.032,1.2682136550675317e+20,0.0,0.0,784,16797,-0.0,162057.094,-114818.039,-0.0,0.133,6.909358625270745e+28,30.0,70.0,35,0.0,0.0,0.0,0.0,0.0,0.0,0.0,0.0,0.0,0.0,0.0,0.0,0.0,0.0,0.0,0.0,66.4,0,150,71,52,65476,0,300,0,0,8,20529,65476,0,0,44564,70.0,0.0,0.0,0.0,0.0,0.0
2026-09-10T21:27:30,ERR,ERR,ERR,ERR,ERR,ERR,ERR,ERR,ERR,ERR,ERR,ERR,ERR,ERR,ERR,ERR,ERR,ERR,ERR,ERR,ERR,ERR,ERR,ERR,ERR,ERR,ERR,ERR,ERR,ERR,ERR,ERR,ERR,ERR,ERR,ERR,ERR,ERR,ERR,ERR,ERR,ERR,ERR,ERR,ERR,ERR,ERR,ERR,ERR,ERR,ERR,ERR,ERR,ERR,ERR,ERR,ERR,ERR,ERR,ERR,ERR,ERR,ERR,ERR,ERR,ERR,ERR,ERR,ERR,ERR,ERR,ERR,ERR,ERR,ERR,ERR,ERR,ERR,ERR,ERR,ERR,ERR,ERR,ERR,ERR,ERR,ERR,ERR,ERR,ERR,ERR,ERR,ERR,ERR,ERR,ERR,ERR,ERR,ERR,ERR,ERR,ERR,ERR,ERR,ERR,ERR,ERR,ERR,ERR,ERR,ERR,ERR,ERR,ERR,ERR,ERR,ERR,ERR,ERR,ERR,ERR,ERR,ERR,ERR,ERR,0.0,0.0,2.6474835549302285e+23,0.0,0.0,1.3936040501711995e+18,7.805,0.0,0,0,4,0,7116,0.0,100,0.0,0.0,0.0,0.0,0.0,0,0,0,0,0.0,0,0,0,0,0,0,0,0,0,0,0,0,0,0,0,0,0,0,0,0,0,0,0,0,0,0,0,0,0,0,0,0,0,31,40,40,71,65476,0,300,0,0,8,21553,0.0,-107605600.0,0.0,0.0,0.0,0.0,0.0,0.0,0.0,0.0,0.0,0.0,0.0,0.0,0.0,0.0,0.0,0.0,0.0,0.0,0.0,0.0,-2.004,2.004,2.004,-2.004,0.0,0.0,0.0,0.0,4494.0,8608165888.0,6922.0,0.0,0.0,-107615152.0,0.0,0.0,0.0,0.0,0.0,69,-126841143296.0,-0.0,0.0,0.0,0.0,0.0,0.0,0.0,0.0,0,0,0,0.0,0.0,0.0,0.0,0.0,0.0,0.0,0.0,0.0,0.0,0.0,0.0,0.0,0.0,0.0,0.0,0,-107875648.0,69,0.0,138,0.0,0.0,0,26215,17086,0,17102,26215,17081,0,0,0,70,68,100,2.7302399002429377e+23,82.2,2.730238459091057e+23,78.1,0.0,79.0,1,49,50,180,26215,0,0,0,0.0,0.0,0.0,0.0,-0.0,67.0,0.0,162057.094,0.0,977,0,1005,0,0,0,952,0,1029,0,927,0,791,0,782,0,822,0,7520,0.032,1.2682136550675317e+20,0.0,0.0,784,16797,-0.0,162057.094,-114818.039,-0.0,0.133,6.909358625270745e+28,30.0,70.0,35,0.0,0.0,0.0,0.0,0.0,0.0,0.0,0.0,0.0,0.0,0.0,0.0,0.0,0.0,0.0,0.0,66.4,0,150,71,52,65476,0,300,0,0,8,20529,65476,0,0,44564,70.0,0.0,0.0,0.0,0.0,0.0
2026-09-10T21:27:31,ERR,ERR,ERR,ERR,ERR,ERR,ERR,ERR,ERR,ERR,ERR,ERR,ERR,ERR,ERR,ERR,ERR,ERR,ERR,ERR,ERR,ERR,ERR,ERR,ERR,ERR,ERR,ERR,ERR,ERR,ERR,ERR,ERR,ERR,ERR,ERR,ERR,ERR,ERR,ERR,ERR,ERR,ERR,ERR,ERR,ERR,ERR,ERR,ERR,ERR,ERR,ERR,ERR,ERR,ERR,ERR,ERR,ERR,ERR,ERR,ERR,ERR,ERR,ERR,ERR,ERR,ERR,ERR,ERR,ERR,ERR,ERR,ERR,ERR,ERR,ERR,ERR,ERR,ERR,ERR,ERR,ERR,ERR,ERR,ERR,ERR,ERR,ERR,ERR,ERR,ERR,ERR,ERR,ERR,ERR,ERR,ERR,ERR,ERR,ERR,ERR,ERR,ERR,ERR,ERR,ERR,ERR,ERR,ERR,ERR,ERR,ERR,ERR,ERR,ERR,ERR,ERR,ERR,ERR,ERR,ERR,ERR,ERR,ERR,ERR,0.0,0.0,2.6474835549302285e+23,0.0,0.0,1.3936040501711995e+18,7.805,0.0,0,0,4,0,7116,0.0,100,0.0,0.0,0.0,0.0,0.0,0,0,0,0,0.0,0,0,0,0,0,0,0,0,0,0,0,0,0,0,0,0,0,0,0,0,0,0,0,0,0,0,0,0,0,0,0,0,0,31,40,40,71,65476,0,300,0,0,8,21553,0.0,-107605600.0,0.0,0.0,0.0,0.0,0.0,0.0,0.0,0.0,0.0,0.0,0.0,0.0,0.0,0.0,0.0,0.0,0.0,0.0,0.0,0.0,-2.004,2.004,2.004,-2.004,0.0,0.0,0.0,0.0,4494.0,8608165888.0,6922.0,0.0,0.0,-107615152.0,0.0,0.0,0.0,0.0,0.0,69,-126841143296.0,-0.0,0.0,0.0,0.0,0.0,0.0,0.0,0.0,0,0,0,0.0,0.0,0.0,0.0,0.0,0.0,0.0,0.0,0.0,0.0,0.0,0.0,0.0,0.0,0.0,0.0,0,-107875648.0,69,0.0,138,0.0,0.0,0,26215,17086,52429,17101,26215,17081,0,0,0,70,68,100,2.7302399002429377e+23,82.2,2.730238459091057e+23,78.1,0.0,79.0,1,49,50,180,26215,0,0,0,0.0,0.0,0.0,0.0,-0.0,67.0,0.0,162057.094,0.0,977,0,1005,0,0,0,952,0,1029,0,927,0,791,0,782,0,822,0,7520,0.032,1.2682136550675317e+20,0.0,0.0,784,16797,-0.0,162057.094,-114818.039,-0.0,0.133,6.909358625270745e+28,30.0,70.0,35,0.0,0.0,0.0,0.0,0.0,0.0,0.0,0.0,0.0,0.0,0.0,0.0,0.0,0.0,0.0,0.0,66.4,0,150,71,52,65476,0,300,0,0,8,20529,65476,0,0,44564,70.0,0.0,0.0,0.0,0.0,0.0
2026-09-10T21:27:32,ERR,ERR,ERR,ERR,ERR,ERR,ERR,ERR,ERR,ERR,ERR,ERR,ERR,ERR,ERR,ERR,ERR,ERR,ERR,ERR,ERR,ERR,ERR,ERR,ERR,ERR,ERR,ERR,ERR,ERR,ERR,ERR,ERR,ERR,ERR,ERR,ERR,ERR,ERR,ERR,ERR,ERR,ERR,ERR,ERR,ERR,ERR,ERR,ERR,ERR,ERR,ERR,ERR,ERR,ERR,ERR,ERR,ERR,ERR,ERR,ERR,ERR,ERR,ERR,ERR,ERR,ERR,ERR,ERR,ERR,ERR,ERR,ERR,ERR,ERR,ERR,ERR,ERR,ERR,ERR,ERR,ERR,ERR,ERR,ERR,ERR,ERR,ERR,ERR,ERR,ERR,ERR,ERR,ERR,ERR,ERR,ERR,ERR,ERR,ERR,ERR,ERR,ERR,ERR,ERR,ERR,ERR,ERR,ERR,ERR,ERR,ERR,ERR,ERR,ERR,ERR,ERR,ERR,ERR,ERR,ERR,ERR,ERR,ERR,ERR,0.0,0.0,2.6474835549302285e+23,0.0,0.0,1.3936040501711995e+18,7.805,0.0,0,0,4,0,7116,0.0,100,0.0,0.0,0.0,0.0,0.0,0,0,0,0,0.0,0,0,0,0,0,0,0,0,0,0,0,0,0,0,0,0,0,0,0,0,0,0,0,0,0,0,0,0,0,0,0,0,0,31,40,40,71,65476,0,300,0,0,8,21553,0.0,-107605600.0,0.0,0.0,0.0,0.0,0.0,0.0,0.0,0.0,0.0,0.0,0.0,0.0,0.0,0.0,0.0,0.0,0.0,0.0,0.0,0.0,-2.004,2.004,2.004,-2.004,0.0,0.0,0.0,0.0,4494.0,8608165888.0,6922.0,0.0,0.0,-107615152.0,0.0,0.0,0.0,0.0,0.0,69,-126841143296.0,-0.0,0.0,0.0,0.0,0.0,0.0,0.0,0.0,0,0,0,0.0,0.0,0.0,0.0,0.0,0.0,0.0,0.0,0.0,0.0,0.0,0.0,0.0,0.0,0.0,0.0,0,-107875648.0,69,0.0,138,0.0,0.0,0,26215,17086,52429,17101,26215,17081,0,0,0,70,68,100,2.7302399002429377e+23,82.2,2.730238459091057e+23,78.1,0.0,79.0,1,49,50,180,26215,0,0,0,0.0,0.0,0.0,0.0,-0.0,67.0,0.0,162057.094,0.0,977,0,1005,0,0,0,952,0,1029,0,927,0,791,0,782,0,822,0,7520,0.032,1.2682136550675317e+20,0.0,0.0,784,16797,-0.0,162057.094,-114818.039,-0.0,0.133,6.909358625270745e+28,30.0,70.0,35,0.0,0.0,0.0,0.0,0.0,0.0,0.0,0.0,0.0,0.0,0.0,0.0,0.0,0.0,0.0,0.0,66.4,0,150,71,52,65476,0,300,0,0,8,20529,65476,0,0,44564,70.0,0.0,0.0,0.0,0.0,0.0
2026-09-10T21:27:33,ERR,ERR,ERR,ERR,ERR,ERR,ERR,ERR,ERR,ERR,ERR,ERR,ERR,ERR,ERR,ERR,ERR,ERR,ERR,ERR,ERR,ERR,ERR,ERR,ERR,ERR,ERR,ERR,ERR,ERR,ERR,ERR,ERR,ERR,ERR,ERR,ERR,ERR,ERR,ERR,ERR,ERR,ERR,ERR,ERR,ERR,ERR,ERR,ERR,ERR,ERR,ERR,ERR,ERR,ERR,ERR,ERR,ERR,ERR,ERR,ERR,ERR,ERR,ERR,ERR,ERR,ERR,ERR,ERR,ERR,ERR,ERR,ERR,ERR,ERR,ERR,ERR,ERR,ERR,ERR,ERR,ERR,ERR,ERR,ERR,ERR,ERR,ERR,ERR,ERR,ERR,ERR,ERR,ERR,ERR,ERR,ERR,ERR,ERR,ERR,ERR,ERR,ERR,ERR,ERR,ERR,ERR,ERR,ERR,ERR,ERR,ERR,ERR,ERR,ERR,ERR,ERR,ERR,ERR,ERR,ERR,ERR,ERR,ERR,ERR,0.0,0.0,2.6474835549302285e+23,0.0,0.0,1.3936040501711995e+18,7.805,0.0,0,0,4,0,7116,0.0,100,0.0,0.0,0.0,0.0,0.0,0,0,0,0,0.0,0,0,0,0,0,0,0,0,0,0,0,0,0,0,0,0,0,0,0,0,0,0,0,0,0,0,0,0,0,0,0,0,0,31,40,40,71,65476,0,300,0,0,8,21553,0.0,-107605600.0,0.0,0.0,0.0,0.0,0.0,0.0,0.0,0.0,0.0,0.0,0.0,0.0,0.0,0.0,0.0,0.0,0.0,0.0,0.0,0.0,-2.004,2.004,2.004,-2.004,0.0,0.0,0.0,0.0,4494.0,8608165888.0,6922.0,0.0,0.0,-107615152.0,0.0,0.0,0.0,0.0,0.0,69,-126841143296.0,-0.0,0.0,0.0,0.0,0.0,0.0,0.0,0.0,0,0,0,0.0,0.0,0.0,0.0,0.0,0.0,0.0,0.0,0.0,0.0,0.0,0.0,0.0,0.0,0.0,0.0,0,-107875648.0,69,0.0,138,0.0,0.0,0,26215,17086,52429,17101,26215,17081,0,0,0,70,68,100,2.7302399002429377e+23,82.2,2.730238459091057e+23,78.1,0.0,79.0,1,49,50,180,26215,0,0,0,0.0,0.0,0.0,0.0,-0.0,67.0,0.0,162057.094,0.0,977,0,1005,0,0,0,952,0,1029,0,927,0,791,0,782,0,822,0,7520,0.032,1.2682136550675317e+20,0.0,0.0,784,16797,-0.0,162057.094,-114818.039,-0.0,0.133,6.909358625270745e+28,30.0,70.0,35,0.0,0.0,0.0,0.0,0.0,0.0,0.0,0.0,0.0,0.0,0.0,0.0,0.0,0.0,0.0,0.0,66.4,0,150,71,52,65476,0,300,0,0,8,20529,65476,0,0,44564,70.0,0.0,0.0,0.0,0.0,0.0
2026-09-10T21:27:34,ERR,ERR,ERR,ERR,ERR,ERR,ERR,ERR,ERR,ERR,ERR,ERR,ERR,ERR,ERR,ERR,ERR,ERR,ERR,ERR,ERR,ERR,ERR,ERR,ERR,ERR,ERR,ERR,ERR,ERR,ERR,ERR,ERR,ERR,ERR,ERR,ERR,ERR,ERR,ERR,ERR,ERR,ERR,ERR,ERR,ERR,ERR,ERR,ERR,ERR,ERR,ERR,ERR,ERR,ERR,ERR,ERR,ERR,ERR,ERR,ERR,ERR,ERR,ERR,ERR,ERR,ERR,ERR,ERR,ERR,ERR,ERR,ERR,ERR,ERR,ERR,ERR,ERR,ERR,ERR,ERR,ERR,ERR,ERR,ERR,ERR,ERR,ERR,ERR,ERR,ERR,ERR,ERR,ERR,ERR,ERR,ERR,ERR,ERR,ERR,ERR,ERR,ERR,ERR,ERR,ERR,ERR,ERR,ERR,ERR,ERR,ERR,ERR,ERR,ERR,ERR,ERR,ERR,ERR,ERR,ERR,ERR,ERR,ERR,ERR,0.0,0.0,2.6474835549302285e+23,0.0,0.0,1.3936040501711995e+18,7.805,0.0,0,0,4,0,7116,0.0,100,0.0,0.0,0.0,0.0,0.0,0,0,0,0,0.0,0,0,0,0,0,0,0,0,0,0,0,0,0,0,0,0,0,0,0,0,0,0,0,0,0,0,0,0,0,0,0,0,0,31,40,40,71,65476,0,300,0,0,8,21553,0.0,-107605600.0,0.0,0.0,0.0,0.0,0.0,0.0,0.0,0.0,0.0,0.0,0.0,0.0,0.0,0.0,0.0,0.0,0.0,0.0,0.0,0.0,-2.004,2.004,2.004,-2.004,0.0,0.0,0.0,0.0,4494.0,8608165888.0,6922.0,0.0,0.0,-107615152.0,0.0,0.0,0.0,0.0,0.0,69,-126841143296.0,-0.0,0.0,0.0,0.0,0.0,0.0,0.0,0.0,0,0,0,0.0,0.0,0.0,0.0,0.0,0.0,0.0,0.0,0.0,0.0,0.0,0.0,0.0,0.0,0.0,0.0,0,-107875648.0,69,0.0,138,0.0,0.0,0,26215,17086,52429,17101,26215,17081,0,0,0,70,68,100,2.7302399002429377e+23,82.2,2.730238459091057e+23,78.1,0.0,79.0,1,49,50,180,26215,0,0,0,0.0,0.0,0.0,0.0,-0.0,67.0,0.0,162057.094,0.0,977,0,1005,0,0,0,952,0,1029,0,927,0,791,0,782,0,822,0,7520,0.032,1.2682136550675317e+20,0.0,0.0,784,16797,-0.0,162057.094,-114818.039,-0.0,0.133,6.909358625270745e+28,30.0,70.0,35,0.0,0.0,0.0,0.0,0.0,0.0,0.0,0.0,0.0,0.0,0.0,0.0,0.0,0.0,0.0,0.0,66.4,0,150,71,52,65476,0,300,0,0,8,20529,65476,0,0,44564,70.0,0.0,0.0,0.0,0.0,0.0
2026-09-10T21:27:35,ERR,ERR,ERR,ERR,ERR,ERR,ERR,ERR,ERR,ERR,ERR,ERR,ERR,ERR,ERR,ERR,ERR,ERR,ERR,ERR,ERR,ERR,ERR,ERR,ERR,ERR,ERR,ERR,ERR,ERR,ERR,ERR,ERR,ERR,ERR,ERR,ERR,ERR,ERR,ERR,ERR,ERR,ERR,ERR,ERR,ERR,ERR,ERR,ERR,ERR,ERR,ERR,ERR,ERR,ERR,ERR,ERR,ERR,ERR,ERR,ERR,ERR,ERR,ERR,ERR,ERR,ERR,ERR,ERR,ERR,ERR,ERR,ERR,ERR,ERR,ERR,ERR,ERR,ERR,ERR,ERR,ERR,ERR,ERR,ERR,ERR,ERR,ERR,ERR,ERR,ERR,ERR,ERR,ERR,ERR,ERR,ERR,ERR,ERR,ERR,ERR,ERR,ERR,ERR,ERR,ERR,ERR,ERR,ERR,ERR,ERR,ERR,ERR,ERR,ERR,ERR,ERR,ERR,ERR,ERR,ERR,ERR,ERR,ERR,ERR,0.0,0.0,2.6474835549302285e+23,0.0,0.0,1.3936040501711995e+18,7.805,0.0,0,0,4,0,7116,0.0,100,0.0,0.0,0.0,0.0,0.0,0,0,0,0,0.0,0,0,0,0,0,0,0,0,0,0,0,0,0,0,0,0,0,0,0,0,0,0,0,0,0,0,0,0,0,0,0,0,0,31,40,40,71,65476,0,300,0,0,8,21553,0.0,-107605600.0,0.0,0.0,0.0,0.0,0.0,0.0,0.0,0.0,0.0,0.0,0.0,0.0,0.0,0.0,0.0,0.0,0.0,0.0,0.0,0.0,-2.004,2.004,2.004,-2.004,0.0,0.0,0.0,0.0,4494.0,8608165888.0,6922.0,0.0,0.0,-107615152.0,0.0,0.0,0.0,0.0,0.0,69,-126841143296.0,-0.0,0.0,0.0,0.0,0.0,0.0,0.0,0.0,0,0,0,0.0,0.0,0.0,0.0,0.0,0.0,0.0,0.0,0.0,0.0,0.0,0.0,0.0,0.0,0.0,0.0,0,-107875648.0,69,0.0,138,0.0,0.0,0,26215,17086,52429,17101,26215,17081,0,0,0,70,68,100,2.7302399002429377e+23,82.2,2.730238459091057e+23,78.1,0.0,79.0,1,49,50,180,26215,0,0,0,0.0,0.0,0.0,0.0,-0.0,67.0,0.0,162057.094,0.0,977,0,1005,0,0,0,952,0,1029,0,927,0,791,0,782,0,822,0,7520,0.032,1.2682136550675317e+20,0.0,0.0,784,16797,-0.0,162057.094,-114818.039,-0.0,0.133,6.909358625270745e+28,30.0,70.0,35,0.0,0.0,0.0,0.0,0.0,0.0,0.0,0.0,0.0,0.0,0.0,0.0,0.0,0.0,0.0,0.0,66.4,0,150,71,52,65476,0,300,0,0,8,20529,65476,0,0,44564,70.0,0.0,0.0,0.0,0.0,0.0
2026-09-10T21:27:36,ERR,ERR,ERR,ERR,ERR,ERR,ERR,ERR,ERR,ERR,ERR,ERR,ERR,ERR,ERR,ERR,ERR,ERR,ERR,ERR,ERR,ERR,ERR,ERR,ERR,ERR,ERR,ERR,ERR,ERR,ERR,ERR,ERR,ERR,ERR,ERR,ERR,ERR,ERR,ERR,ERR,ERR,ERR,ERR,ERR,ERR,ERR,ERR,ERR,ERR,ERR,ERR,ERR,ERR,ERR,ERR,ERR,ERR,ERR,ERR,ERR,ERR,ERR,ERR,ERR,ERR,ERR,ERR,ERR,ERR,ERR,ERR,ERR,ERR,ERR,ERR,ERR,ERR,ERR,ERR,ERR,ERR,ERR,ERR,ERR,ERR,ERR,ERR,ERR,ERR,ERR,ERR,ERR,ERR,ERR,ERR,ERR,ERR,ERR,ERR,ERR,ERR,ERR,ERR,ERR,ERR,ERR,ERR,ERR,ERR,ERR,ERR,ERR,ERR,ERR,ERR,ERR,ERR,ERR,ERR,ERR,ERR,ERR,ERR,ERR,0.0,0.0,2.6474835549302285e+23,0.0,0.0,1.3936040501711995e+18,7.805,0.0,0,0,4,0,7116,0.0,100,0.0,0.0,0.0,0.0,0.0,0,0,0,0,0.0,0,0,0,0,0,0,0,0,0,0,0,0,0,0,0,0,0,0,0,0,0,0,0,0,0,0,0,0,0,0,0,0,0,31,40,40,71,65476,0,300,0,0,8,21553,0.0,-107605600.0,0.0,0.0,0.0,0.0,0.0,0.0,0.0,0.0,0.0,0.0,0.0,0.0,0.0,0.0,0.0,0.0,0.0,0.0,0.0,0.0,-2.004,2.004,2.004,-2.004,0.0,0.0,0.0,0.0,4494.0,8608165888.0,6922.0,0.0,0.0,-107615152.0,0.0,0.0,0.0,0.0,0.0,69,-126841143296.0,-0.0,0.0,0.0,0.0,0.0,0.0,0.0,0.0,0,0,0,0.0,0.0,0.0,0.0,0.0,0.0,0.0,0.0,0.0,0.0,0.0,0.0,0.0,0.0,0.0,0.0,0,-107875648.0,69,0.0,138,0.0,0.0,0,26215,17086,52429,17101,26215,17081,0,0,0,70,68,100,2.7302399002429377e+23,82.2,2.730238459091057e+23,78.1,0.0,79.0,1,49,50,180,26215,0,0,0,0.0,0.0,0.0,0.0,-0.0,67.0,0.0,162057.094,0.0,977,0,1005,0,0,0,952,0,1029,0,927,0,791,0,782,0,822,0,7520,0.032,1.2682136550675317e+20,0.0,0.0,784,16797,-0.0,162057.094,-114818.039,-0.0,0.133,6.909358625270745e+28,30.0,70.0,35,0.0,0.0,0.0,0.0,0.0,0.0,0.0,0.0,0.0,0.0,0.0,0.0,0.0,0.0,0.0,0.0,66.8,0,150,71,52,65476,0,300,0,0,8,20529,65476,0,0,44564,70.0,0.0,0.0,0.0,0.0,0.0
2026-09-10T21:27:37,ERR,ERR,ERR,ERR,ERR,ERR,ERR,ERR,ERR,ERR,ERR,ERR,ERR,ERR,ERR,ERR,ERR,ERR,ERR,ERR,ERR,ERR,ERR,ERR,ERR,ERR,ERR,ERR,ERR,ERR,ERR,ERR,ERR,ERR,ERR,ERR,ERR,ERR,ERR,ERR,ERR,ERR,ERR,ERR,ERR,ERR,ERR,ERR,ERR,ERR,ERR,ERR,ERR,ERR,ERR,ERR,ERR,ERR,ERR,ERR,ERR,ERR,ERR,ERR,ERR,ERR,ERR,ERR,ERR,ERR,ERR,ERR,ERR,ERR,ERR,ERR,ERR,ERR,ERR,ERR,ERR,ERR,ERR,ERR,ERR,ERR,ERR,ERR,ERR,ERR,ERR,ERR,ERR,ERR,ERR,ERR,ERR,ERR,ERR,ERR,ERR,ERR,ERR,ERR,ERR,ERR,ERR,ERR,ERR,ERR,ERR,ERR,ERR,ERR,ERR,ERR,ERR,ERR,ERR,ERR,ERR,ERR,ERR,ERR,ERR,0.0,0.0,2.6474835549302285e+23,0.0,0.0,1.3936040501711995e+18,7.805,0.0,0,0,4,0,7116,0.0,100,0.0,0.0,0.0,0.0,0.0,0,0,0,0,0.0,0,0,0,0,0,0,0,0,0,0,0,0,0,0,0,0,0,0,0,0,0,0,0,0,0,0,0,0,0,0,0,0,0,31,40,40,71,65476,0,300,0,0,8,21553,0.0,-107605600.0,0.0,0.0,0.0,0.0,0.0,0.0,0.0,0.0,0.0,0.0,0.0,0.0,0.0,0.0,0.0,0.0,0.0,0.0,0.0,0.0,-2.004,2.004,2.004,-2.004,0.0,0.0,0.0,0.0,4494.0,8608165888.0,6922.0,0.0,0.0,-107615152.0,0.0,0.0,0.0,0.0,0.0,69,-126841143296.0,-0.0,0.0,0.0,0.0,0.0,0.0,0.0,0.0,0,0,0,0.0,0.0,0.0,0.0,0.0,0.0,0.0,0.0,0.0,0.0,0.0,0.0,0.0,0.0,0.0,0.0,0,-107875648.0,69,0.0,138,0.0,0.0,0,26215,17086,52429,17101,26215,17081,0,0,0,70,68,100,2.7302399002429377e+23,82.2,2.730238459091057e+23,78.1,0.0,79.0,1,49,50,180,26215,0,0,0,0.0,0.0,0.0,0.0,-0.0,67.0,0.0,162057.094,0.0,977,0,1005,0,0,0,952,0,1029,0,927,0,791,0,782,0,822,0,7520,0.032,1.2682136550675317e+20,0.0,0.0,784,16797,-0.0,162057.094,-114818.039,-0.0,0.133,6.909358625270745e+28,30.0,70.0,35,0.0,0.0,0.0,0.0,0.0,0.0,0.0,0.0,0.0,0.0,0.0,0.0,0.0,0.0,0.0,0.0,66.8,0,150,71,52,65476,0,300,0,0,8,20529,65476,0,0,44564,70.0,0.0,0.0,0.0,0.0,0.0
2026-09-10T21:27:38,ERR,ERR,ERR,ERR,ERR,ERR,ERR,ERR,ERR,ERR,ERR,ERR,ERR,ERR,ERR,ERR,ERR,ERR,ERR,ERR,ERR,ERR,ERR,ERR,ERR,ERR,ERR,ERR,ERR,ERR,ERR,ERR,ERR,ERR,ERR,ERR,ERR,ERR,ERR,ERR,ERR,ERR,ERR,ERR,ERR,ERR,ERR,ERR,ERR,ERR,ERR,ERR,ERR,ERR,ERR,ERR,ERR,ERR,ERR,ERR,ERR,ERR,ERR,ERR,ERR,ERR,ERR,ERR,ERR,ERR,ERR,ERR,ERR,ERR,ERR,ERR,ERR,ERR,ERR,ERR,ERR,ERR,ERR,ERR,ERR,ERR,ERR,ERR,ERR,ERR,ERR,ERR,ERR,ERR,ERR,ERR,ERR,ERR,ERR,ERR,ERR,ERR,ERR,ERR,ERR,ERR,ERR,ERR,ERR,ERR,ERR,ERR,ERR,ERR,ERR,ERR,ERR,ERR,ERR,ERR,ERR,ERR,ERR,ERR,ERR,0.0,0.0,2.6474835549302285e+23,0.0,0.0,1.3936040501711995e+18,7.805,0.0,0,0,4,0,7116,0.0,100,0.0,0.0,0.0,0.0,0.0,0,0,0,0,0.0,0,0,0,0,0,0,0,0,0,0,0,0,0,0,0,0,0,0,0,0,0,0,0,0,0,0,0,0,0,0,0,0,0,31,40,40,71,65476,0,300,0,0,8,21553,0.0,-107605600.0,0.0,0.0,0.0,0.0,0.0,0.0,0.0,0.0,0.0,0.0,0.0,0.0,0.0,0.0,0.0,0.0,0.0,0.0,0.0,0.0,-2.004,2.004,2.004,-2.004,0.0,0.0,0.0,0.0,4498.0,2.4229832928462634e+24,6925.0,0.0,0.0,-107615152.0,0.0,0.0,0.0,0.0,0.0,69,-4.0668816144241325e+29,-0.0,0.0,0.0,0.0,0.0,0.0,0.0,0.0,0,0,0,0.0,0.0,0.0,0.0,0.0,0.0,0.0,0.0,0.0,0.0,0.0,0.0,0.0,0.0,0.0,0.0,0,-107875648.0,69,0.0,138,0.0,0.0,0,26215,17086,52429,17101,26215,17081,0,0,0,70,68,100,2.7302399002429377e+23,82.2,2.730238459091057e+23,78.1,0.0,79.0,1,49,50,180,26215,0,0,0,0.0,0.0,0.0,0.0,-0.0,67.0,0.0,162057.094,0.0,977,0,1005,0,0,0,952,0,1029,0,927,0,791,0,782,0,822,0,7520,0.032,1.2682136550675317e+20,0.0,0.0,784,16797,-0.0,162057.094,-114818.039,-0.0,0.133,6.909358625270745e+28,30.0,70.0,35,0.0,0.0,0.0,0.0,0.0,0.0,0.0,0.0,0.0,0.0,0.0,0.0,0.0,0.0,0.0,0.0,66.8,0,150,71,52,65476,0,300,0,0,8,20529,65476,0,0,44564,70.0,0.0,0.0,0.0,0.0,0.0
2026-09-10T21:27:39,ERR,ERR,ERR,ERR,ERR,ERR,ERR,ERR,ERR,ERR,ERR,ERR,ERR,ERR,ERR,ERR,ERR,ERR,ERR,ERR,ERR,ERR,ERR,ERR,ERR,ERR,ERR,ERR,ERR,ERR,ERR,ERR,ERR,ERR,ERR,ERR,ERR,ERR,ERR,ERR,ERR,ERR,ERR,ERR,ERR,ERR,ERR,ERR,ERR,ERR,ERR,ERR,ERR,ERR,ERR,ERR,ERR,ERR,ERR,ERR,ERR,ERR,ERR,ERR,ERR,ERR,ERR,ERR,ERR,ERR,ERR,ERR,ERR,ERR,ERR,ERR,ERR,ERR,ERR,ERR,ERR,ERR,ERR,ERR,ERR,ERR,ERR,ERR,ERR,ERR,ERR,ERR,ERR,ERR,ERR,ERR,ERR,ERR,ERR,ERR,ERR,ERR,ERR,ERR,ERR,ERR,ERR,ERR,ERR,ERR,ERR,ERR,ERR,ERR,ERR,ERR,ERR,ERR,ERR,ERR,ERR,ERR,ERR,ERR,ERR,0.0,0.0,2.6474835549302285e+23,0.0,0.0,1.3936040501711995e+18,7.805,0.0,0,0,4,0,7116,0.0,100,0.0,0.0,0.0,0.0,0.0,0,0,0,0,0.0,0,0,0,0,0,0,0,0,0,0,0,0,0,0,0,0,0,0,0,0,0,0,0,0,0,0,0,0,0,0,0,0,0,31,40,40,71,65476,0,300,0,0,8,21553,0.0,-107605600.0,0.0,0.0,0.0,0.0,0.0,0.0,0.0,0.0,0.0,0.0,0.0,0.0,0.0,0.0,0.0,0.0,0.0,0.0,0.0,0.0,-2.004,2.004,2.004,-2.004,0.0,0.0,0.0,0.0,4498.0,2.4229832928462634e+24,6925.0,0.0,0.0,-107615152.0,0.0,0.0,0.0,0.0,0.0,69,-4.0668816144241325e+29,-0.0,0.0,0.0,0.0,0.0,0.0,0.0,0.0,0,0,0,0.0,0.0,0.0,0.0,0.0,0.0,0.0,0.0,0.0,0.0,0.0,0.0,0.0,0.0,0.0,0.0,0,-107875648.0,69,0.0,138,0.0,0.0,0,26215,17086,52429,17101,26215,17081,0,0,0,70,68,100,2.7302399002429377e+23,82.2,2.730238459091057e+23,78.1,0.0,79.0,1,49,50,180,26215,0,0,0,0.0,0.0,0.0,0.0,-0.0,67.0,0.0,162057.094,0.0,977,0,1005,0,0,0,952,0,1029,0,927,0,791,0,782,0,822,0,7520,0.032,1.2682136550675317e+20,0.0,0.0,784,16797,-0.0,162057.094,-114818.039,-0.0,0.133,6.909358625270745e+28,30.0,70.0,35,0.0,0.0,0.0,0.0,0.0,0.0,0.0,0.0,0.0,0.0,0.0,0.0,0.0,0.0,0.0,0.0,66.4,0,150,71,52,65476,0,300,0,0,8,20529,65476,0,0,44564,70.0,0.0,0.0,0.0,0.0,0.0
2026-09-10T21:27:40,ERR,ERR,ERR,ERR,ERR,ERR,ERR,ERR,ERR,ERR,ERR,ERR,ERR,ERR,ERR,ERR,ERR,ERR,ERR,ERR,ERR,ERR,ERR,ERR,ERR,ERR,ERR,ERR,ERR,ERR,ERR,ERR,ERR,ERR,ERR,ERR,ERR,ERR,ERR,ERR,ERR,ERR,ERR,ERR,ERR,ERR,ERR,ERR,ERR,ERR,ERR,ERR,ERR,ERR,ERR,ERR,ERR,ERR,ERR,ERR,ERR,ERR,ERR,ERR,ERR,ERR,ERR,ERR,ERR,ERR,ERR,ERR,ERR,ERR,ERR,ERR,ERR,ERR,ERR,ERR,ERR,ERR,ERR,ERR,ERR,ERR,ERR,ERR,ERR,ERR,ERR,ERR,ERR,ERR,ERR,ERR,ERR,ERR,ERR,ERR,ERR,ERR,ERR,ERR,ERR,ERR,ERR,ERR,ERR,ERR,ERR,ERR,ERR,ERR,ERR,ERR,ERR,ERR,ERR,ERR,ERR,ERR,ERR,ERR,ERR,0.0,0.0,2.6474835549302285e+23,0.0,0.0,1.3936040501711995e+18,7.805,0.0,0,0,4,0,7116,0.0,100,0.0,0.0,0.0,0.0,0.0,0,0,0,0,0.0,0,0,0,0,0,0,0,0,0,0,0,0,0,0,0,0,0,0,0,0,0,0,0,0,0,0,0,0,0,0,0,0,0,31,40,40,71,65476,0,300,0,0,8,21553,0.0,-107605600.0,0.0,0.0,0.0,0.0,0.0,0.0,0.0,0.0,0.0,0.0,0.0,0.0,0.0,0.0,0.0,0.0,0.0,0.0,0.0,0.0,-2.004,2.004,2.004,-2.004,0.0,0.0,0.0,0.0,4498.0,2.4229832928462634e+24,6925.0,0.0,0.0,-107615152.0,0.0,0.0,0.0,0.0,0.0,69,-4.0668816144241325e+29,-0.0,0.0,0.0,0.0,0.0,0.0,0.0,0.0,0,0,0,0.0,0.0,0.0,0.0,0.0,0.0,0.0,0.0,0.0,0.0,0.0,0.0,0.0,0.0,0.0,0.0,0,-107875648.0,69,0.0,138,0.0,0.0,0,26215,17086,52429,17101,26215,17081,0,0,0,70,68,100,2.7302399002429377e+23,82.2,2.730238459091057e+23,78.1,0.0,79.0,1,49,50,180,26215,0,0,0,0.0,0.0,0.0,0.0,-0.0,67.0,0.0,162057.094,0.0,977,0,1005,0,0,0,952,0,1029,0,927,0,791,0,782,0,822,0,7520,0.032,1.2682136550675317e+20,0.0,0.0,784,16797,-0.0,162057.094,-114818.039,-0.0,0.133,6.909358625270745e+28,30.0,70.0,35,0.0,0.0,0.0,0.0,0.0,0.0,0.0,0.0,0.0,0.0,0.0,0.0,0.0,0.0,0.0,0.0,66.4,0,150,71,52,65476,0,300,0,0,8,20529,65476,0,0,44564,70.0,0.0,0.0,0.0,0.0,0.0
2026-09-10T21:27:41,ERR,ERR,ERR,ERR,ERR,ERR,ERR,ERR,ERR,ERR,ERR,ERR,ERR,ERR,ERR,ERR,ERR,ERR,ERR,ERR,ERR,ERR,ERR,ERR,ERR,ERR,ERR,ERR,ERR,ERR,ERR,ERR,ERR,ERR,ERR,ERR,ERR,ERR,ERR,ERR,ERR,ERR,ERR,ERR,ERR,ERR,ERR,ERR,ERR,ERR,ERR,ERR,ERR,ERR,ERR,ERR,ERR,ERR,ERR,ERR,ERR,ERR,ERR,ERR,ERR,ERR,ERR,ERR,ERR,ERR,ERR,ERR,ERR,ERR,ERR,ERR,ERR,ERR,ERR,ERR,ERR,ERR,ERR,ERR,ERR,ERR,ERR,ERR,ERR,ERR,ERR,ERR,ERR,ERR,ERR,ERR,ERR,ERR,ERR,ERR,ERR,ERR,ERR,ERR,ERR,ERR,ERR,ERR,ERR,ERR,ERR,ERR,ERR,ERR,ERR,ERR,ERR,ERR,ERR,ERR,ERR,ERR,ERR,ERR,ERR,0.0,0.0,2.6474835549302285e+23,0.0,0.0,1.3936040501711995e+18,7.805,0.0,0,0,4,0,7116,0.0,100,0.0,0.0,0.0,0.0,0.0,0,0,0,0,0.0,0,0,0,0,0,0,0,0,0,0,0,0,0,0,0,0,0,0,0,0,0,0,0,0,0,0,0,0,0,0,0,0,0,31,40,40,71,65476,0,300,0,0,8,21553,0.0,-107605600.0,0.0,0.0,0.0,0.0,0.0,0.0,0.0,0.0,0.0,0.0,0.0,0.0,0.0,0.0,0.0,0.0,0.0,0.0,0.0,0.0,-2.004,2.004,2.004,-2.004,0.0,0.0,0.0,0.0,4498.0,2.4229832928462634e+24,6925.0,0.0,0.0,-107615152.0,0.0,0.0,0.0,0.0,0.0,69,-4.0668816144241325e+29,-0.0,0.0,0.0,0.0,0.0,0.0,0.0,0.0,0,0,0,0.0,0.0,0.0,0.0,0.0,0.0,0.0,0.0,0.0,0.0,0.0,0.0,0.0,0.0,0.0,0.0,0,-107875648.0,69,0.0,138,0.0,0.0,0,26215,17086,52429,17101,26215,17081,0,0,0,70,68,100,2.7302399002429377e+23,82.2,2.730238459091057e+23,78.1,0.0,79.0,1,49,50,180,26215,0,0,0,0.0,0.0,0.0,0.0,-0.0,67.0,0.0,162057.094,0.0,977,0,1005,0,0,0,952,0,1029,0,927,0,791,0,782,0,822,0,7520,0.032,1.2682136550675317e+20,0.0,0.0,784,16797,-0.0,162057.094,-114818.039,-0.0,0.133,6.909358625270745e+28,30.0,70.0,35,0.0,0.0,0.0,0.0,0.0,0.0,0.0,0.0,0.0,0.0,0.0,0.0,0.0,0.0,0.0,0.0,66.4,0,150,71,52,65476,0,300,0,0,8,20529,65476,0,0,44564,70.0,0.0,0.0,0.0,0.0,0.0
2026-09-10T21:27:42,ERR,ERR,ERR,ERR,ERR,ERR,ERR,ERR,ERR,ERR,ERR,ERR,ERR,ERR,ERR,ERR,ERR,ERR,ERR,ERR,ERR,ERR,ERR,ERR,ERR,ERR,ERR,ERR,ERR,ERR,ERR,ERR,ERR,ERR,ERR,ERR,ERR,ERR,ERR,ERR,ERR,ERR,ERR,ERR,ERR,ERR,ERR,ERR,ERR,ERR,ERR,ERR,ERR,ERR,ERR,ERR,ERR,ERR,ERR,ERR,ERR,ERR,ERR,ERR,ERR,ERR,ERR,ERR,ERR,ERR,ERR,ERR,ERR,ERR,ERR,ERR,ERR,ERR,ERR,ERR,ERR,ERR,ERR,ERR,ERR,ERR,ERR,ERR,ERR,ERR,ERR,ERR,ERR,ERR,ERR,ERR,ERR,ERR,ERR,ERR,ERR,ERR,ERR,ERR,ERR,ERR,ERR,ERR,ERR,ERR,ERR,ERR,ERR,ERR,ERR,ERR,ERR,ERR,ERR,ERR,ERR,ERR,ERR,ERR,ERR,0.0,0.0,2.6474835549302285e+23,0.0,0.0,1.3936040501711995e+18,7.805,0.0,0,0,4,0,7116,0.0,100,0.0,0.0,0.0,0.0,0.0,0,0,0,0,0.0,0,0,0,0,0,0,0,0,0,0,0,0,0,0,0,0,0,0,0,0,0,0,0,0,0,0,0,0,0,0,0,0,0,31,40,40,71,65476,0,300,0,0,8,21553,0.0,-107605600.0,0.0,0.0,0.0,0.0,0.0,0.0,0.0,0.0,0.0,0.0,0.0,0.0,0.0,0.0,0.0,0.0,0.0,0.0,0.0,0.0,-2.004,2.004,2.004,-2.004,0.0,0.0,0.0,0.0,4498.0,2.4229832928462634e+24,6925.0,0.0,0.0,-107615152.0,0.0,0.0,0.0,0.0,0.0,69,-4.0668816144241325e+29,-0.0,0.0,0.0,0.0,0.0,0.0,0.0,0.0,0,0,0,0.0,0.0,0.0,0.0,0.0,0.0,0.0,0.0,0.0,0.0,0.0,0.0,0.0,0.0,0.0,0.0,0,-107875648.0,69,0.0,138,0.0,0.0,0,26215,17086,52429,17101,26215,17081,0,0,0,70,68,100,2.7302399002429377e+23,82.2,2.730238459091057e+23,78.1,0.0,79.0,1,49,50,180,26215,0,0,0,0.0,0.0,0.0,0.0,-0.0,67.0,0.0,162057.094,0.0,977,0,1005,0,0,0,952,0,1029,0,927,0,791,0,782,0,822,0,7520,0.032,1.2682136550675317e+20,0.0,0.0,784,16797,-0.0,162057.094,-114818.039,-0.0,0.133,6.909358625270745e+28,30.0,70.0,35,0.0,0.0,0.0,0.0,0.0,0.0,0.0,0.0,0.0,0.0,0.0,0.0,0.0,0.0,0.0,0.0,66.4,0,150,71,52,65476,0,300,0,0,8,20529,65476,0,0,44564,70.0,0.0,0.0,0.0,0.0,0.0
2026-09-10T21:27:43,ERR,ERR,ERR,ERR,ERR,ERR,ERR,ERR,ERR,ERR,ERR,ERR,ERR,ERR,ERR,ERR,ERR,ERR,ERR,ERR,ERR,ERR,ERR,ERR,ERR,ERR,ERR,ERR,ERR,ERR,ERR,ERR,ERR,ERR,ERR,ERR,ERR,ERR,ERR,ERR,ERR,ERR,ERR,ERR,ERR,ERR,ERR,ERR,ERR,ERR,ERR,ERR,ERR,ERR,ERR,ERR,ERR,ERR,ERR,ERR,ERR,ERR,ERR,ERR,ERR,ERR,ERR,ERR,ERR,ERR,ERR,ERR,ERR,ERR,ERR,ERR,ERR,ERR,ERR,ERR,ERR,ERR,ERR,ERR,ERR,ERR,ERR,ERR,ERR,ERR,ERR,ERR,ERR,ERR,ERR,ERR,ERR,ERR,ERR,ERR,ERR,ERR,ERR,ERR,ERR,ERR,ERR,ERR,ERR,ERR,ERR,ERR,ERR,ERR,ERR,ERR,ERR,ERR,ERR,ERR,ERR,ERR,ERR,ERR,ERR,0.0,0.0,2.6474835549302285e+23,0.0,0.0,1.3936040501711995e+18,7.805,0.0,0,0,4,0,7116,0.0,100,0.0,0.0,0.0,0.0,0.0,0,0,0,0,0.0,0,0,0,0,0,0,0,0,0,0,0,0,0,0,0,0,0,0,0,0,0,0,0,0,0,0,0,0,0,0,0,0,0,31,40,40,71,65476,0,300,0,0,8,21553,0.0,-107605600.0,0.0,0.0,0.0,0.0,0.0,0.0,0.0,0.0,0.0,0.0,0.0,0.0,0.0,0.0,0.0,0.0,0.0,0.0,0.0,0.0,-2.004,2.004,2.004,-2.004,0.0,0.0,0.0,0.0,4498.0,2.4229832928462634e+24,6925.0,0.0,0.0,-107615152.0,0.0,0.0,0.0,0.0,0.0,69,-4.0668816144241325e+29,-0.0,0.0,0.0,0.0,0.0,0.0,0.0,0.0,0,0,0,0.0,0.0,0.0,0.0,0.0,0.0,0.0,0.0,0.0,0.0,0.0,0.0,0.0,0.0,0.0,0.0,0,-107875648.0,69,0.0,138,0.0,0.0,0,26215,17086,52429,17101,13107,17081,0,0,0,70,68,100,2.7302399002429377e+23,82.2,2.730238459091057e+23,78.1,0.0,79.0,1,49,50,180,26215,0,0,0,0.0,0.0,0.0,0.0,-0.0,67.0,0.0,162057.094,0.0,977,0,1005,0,0,0,952,0,1029,0,927,0,791,0,782,0,822,0,7520,0.032,1.2682136550675317e+20,0.0,0.0,784,16797,-0.0,162057.094,-114818.039,-0.0,0.133,6.909358625270745e+28,30.0,70.0,35,0.0,0.0,0.0,0.0,0.0,0.0,0.0,0.0,0.0,0.0,0.0,0.0,0.0,0.0,0.0,0.0,66.4,0,150,71,52,65476,0,300,0,0,8,20529,65476,0,0,44564,70.0,0.0,0.0,0.0,0.0,0.0
2026-09-10T21:27:44,ERR,ERR,ERR,ERR,ERR,ERR,ERR,ERR,ERR,ERR,ERR,ERR,ERR,ERR,ERR,ERR,ERR,ERR,ERR,ERR,ERR,ERR,ERR,ERR,ERR,ERR,ERR,ERR,ERR,ERR,ERR,ERR,ERR,ERR,ERR,ERR,ERR,ERR,ERR,ERR,ERR,ERR,ERR,ERR,ERR,ERR,ERR,ERR,ERR,ERR,ERR,ERR,ERR,ERR,ERR,ERR,ERR,ERR,ERR,ERR,ERR,ERR,ERR,ERR,ERR,ERR,ERR,ERR,ERR,ERR,ERR,ERR,ERR,ERR,ERR,ERR,ERR,ERR,ERR,ERR,ERR,ERR,ERR,ERR,ERR,ERR,ERR,ERR,ERR,ERR,ERR,ERR,ERR,ERR,ERR,ERR,ERR,ERR,ERR,ERR,ERR,ERR,ERR,ERR,ERR,ERR,ERR,ERR,ERR,ERR,ERR,ERR,ERR,ERR,ERR,ERR,ERR,ERR,ERR,ERR,ERR,ERR,ERR,ERR,ERR,0.0,0.0,2.6474835549302285e+23,0.0,0.0,1.3936040501711995e+18,7.805,0.0,0,0,4,0,7116,0.0,100,0.0,0.0,0.0,0.0,0.0,0,0,0,0,0.0,0,0,0,0,0,0,0,0,0,0,0,0,0,0,0,0,0,0,0,0,0,0,0,0,0,0,0,0,0,0,0,0,0,31,40,40,71,65476,0,300,0,0,8,21553,0.0,-107605600.0,0.0,0.0,0.0,0.0,0.0,0.0,0.0,0.0,0.0,0.0,0.0,0.0,0.0,0.0,0.0,0.0,0.0,0.0,0.0,0.0,-2.004,2.004,2.004,-2.004,0.0,0.0,0.0,0.0,4498.0,2.4229832928462634e+24,6925.0,0.0,0.0,-107615152.0,0.0,0.0,0.0,0.0,0.0,69,-4.0668816144241325e+29,-0.0,0.0,0.0,0.0,0.0,0.0,0.0,0.0,0,0,0,0.0,0.0,0.0,0.0,0.0,0.0,0.0,0.0,0.0,0.0,0.0,0.0,0.0,0.0,0.0,0.0,0,-107875648.0,69,0.0,138,0.0,0.0,0,26215,17086,52429,17101,13107,17081,0,0,0,70,68,100,2.7302399002429377e+23,82.2,2.730238459091057e+23,78.1,0.0,79.0,1,49,50,180,26215,0,0,0,0.0,0.0,0.0,0.0,-0.0,67.0,0.0,162057.094,0.0,977,0,1005,0,0,0,952,0,1029,0,927,0,791,0,782,0,822,0,7520,0.032,1.2682136550675317e+20,0.0,0.0,784,16797,-0.0,162057.094,-114818.039,-0.0,0.133,6.909358625270745e+28,30.0,70.0,35,0.0,0.0,0.0,0.0,0.0,0.0,0.0,0.0,0.0,0.0,0.0,0.0,0.0,0.0,0.0,0.0,66.4,0,150,71,52,65476,0,300,0,0,8,20529,65476,0,0,44564,70.0,0.0,0.0,0.0,0.0,0.0
2026-09-10T21:27:45,ERR,ERR,ERR,ERR,ERR,ERR,ERR,ERR,ERR,ERR,ERR,ERR,ERR,ERR,ERR,ERR,ERR,ERR,ERR,ERR,ERR,ERR,ERR,ERR,ERR,ERR,ERR,ERR,ERR,ERR,ERR,ERR,ERR,ERR,ERR,ERR,ERR,ERR,ERR,ERR,ERR,ERR,ERR,ERR,ERR,ERR,ERR,ERR,ERR,ERR,ERR,ERR,ERR,ERR,ERR,ERR,ERR,ERR,ERR,ERR,ERR,ERR,ERR,ERR,ERR,ERR,ERR,ERR,ERR,ERR,ERR,ERR,ERR,ERR,ERR,ERR,ERR,ERR,ERR,ERR,ERR,ERR,ERR,ERR,ERR,ERR,ERR,ERR,ERR,ERR,ERR,ERR,ERR,ERR,ERR,ERR,ERR,ERR,ERR,ERR,ERR,ERR,ERR,ERR,ERR,ERR,ERR,ERR,ERR,ERR,ERR,ERR,ERR,ERR,ERR,ERR,ERR,ERR,ERR,ERR,ERR,ERR,ERR,ERR,ERR,0.0,0.0,2.6474835549302285e+23,0.0,0.0,1.3936040501711995e+18,7.805,0.0,0,0,4,0,7116,0.0,100,0.0,0.0,0.0,0.0,0.0,0,0,0,0,0.0,0,0,0,0,0,0,0,0,0,0,0,0,0,0,0,0,0,0,0,0,0,0,0,0,0,0,0,0,0,0,0,0,0,31,40,40,71,65476,0,300,0,0,8,21553,0.0,-107605600.0,0.0,0.0,0.0,0.0,0.0,0.0,0.0,0.0,0.0,0.0,0.0,0.0,0.0,0.0,0.0,0.0,0.0,0.0,0.0,0.0,-2.004,2.004,2.004,-0.0,0.0,0.0,0.0,0.0,4490.0,2.004,6918.0,0.0,0.0,-107615152.0,2.718429120148166e+23,0.0,0.0,0.0,0.0,69,-0.0,4.066845724438863e+29,0.0,0.0,0.0,0.0,0.0,0.0,0.0,0,0,0,0.0,0.0,0.0,0.0,0.0,0.0,0.0,0.0,0.0,0.0,0.0,0.0,0.0,0.0,0.0,0.0,0,-107875648.0,69,0.0,138,0.0,0.0,0,26215,17086,52429,17101,13107,17081,0,0,0,70,68,100,2.7302399002429377e+23,82.2,2.730238459091057e+23,78.1,0.0,79.0,1,49,50,180,26215,0,0,0,0.0,0.0,0.0,0.0,-0.0,67.0,0.0,162057.094,0.0,977,0,1005,0,0,0,952,0,1029,0,927,0,791,0,782,0,822,0,7520,0.032,1.2682136550675317e+20,0.0,0.0,784,16797,-0.0,162057.094,-114818.039,-0.0,0.133,6.909358625270745e+28,30.0,70.0,35,0.0,0.0,0.0,0.0,0.0,0.0,0.0,0.0,0.0,0.0,0.0,0.0,0.0,0.0,0.0,0.0,66.4,0,150,71,52,65476,0,300,0,0,8,20529,65476,0,0,44564,70.0,0.0,0.0,0.0,0.0,0.0
2026-09-10T21:27:46,ERR,ERR,ERR,ERR,ERR,ERR,ERR,ERR,ERR,ERR,ERR,ERR,ERR,ERR,ERR,ERR,ERR,ERR,ERR,ERR,ERR,ERR,ERR,ERR,ERR,ERR,ERR,ERR,ERR,ERR,ERR,ERR,ERR,ERR,ERR,ERR,ERR,ERR,ERR,ERR,ERR,ERR,ERR,ERR,ERR,ERR,ERR,ERR,ERR,ERR,ERR,ERR,ERR,ERR,ERR,ERR,ERR,ERR,ERR,ERR,ERR,ERR,ERR,ERR,ERR,ERR,ERR,ERR,ERR,ERR,ERR,ERR,ERR,ERR,ERR,ERR,ERR,ERR,ERR,ERR,ERR,ERR,ERR,ERR,ERR,ERR,ERR,ERR,ERR,ERR,ERR,ERR,ERR,ERR,ERR,ERR,ERR,ERR,ERR,ERR,ERR,ERR,ERR,ERR,ERR,ERR,ERR,ERR,ERR,ERR,ERR,ERR,ERR,ERR,ERR,ERR,ERR,ERR,ERR,ERR,ERR,ERR,ERR,ERR,ERR,0.0,0.0,2.6474835549302285e+23,0.0,0.0,1.3936040501711995e+18,7.805,0.0,0,0,4,0,7116,0.0,100,0.0,0.0,0.0,0.0,0.0,0,0,0,0,0.0,0,0,0,0,0,0,0,0,0,0,0,0,0,0,0,0,0,0,0,0,0,0,0,0,0,0,0,0,0,0,0,0,0,31,40,40,71,65476,0,300,0,0,8,21553,0.0,-107605600.0,0.0,0.0,0.0,0.0,0.0,0.0,0.0,0.0,0.0,0.0,0.0,0.0,0.0,0.0,0.0,0.0,0.0,0.0,0.0,0.0,-2.004,2.004,2.004,-0.0,0.0,0.0,0.0,0.0,4490.0,2.004,6918.0,0.0,0.0,-107615152.0,2.718429120148166e+23,0.0,0.0,0.0,0.0,69,-0.0,4.066845724438863e+29,0.0,0.0,0.0,0.0,0.0,0.0,0.0,0,0,0,0.0,0.0,0.0,0.0,0.0,0.0,0.0,0.0,0.0,0.0,0.0,0.0,0.0,0.0,0.0,0.0,0,-107875648.0,69,0.0,138,0.0,0.0,0,26215,17086,52429,17101,13107,17081,0,0,0,70,68,100,2.7302399002429377e+23,82.2,2.730238459091057e+23,78.1,0.0,79.0,1,49,50,180,26215,0,0,0,0.0,0.0,0.0,0.0,-0.0,67.0,0.0,162057.094,0.0,977,0,1005,0,0,0,952,0,1029,0,927,0,791,0,782,0,822,0,7520,0.032,1.2682136550675317e+20,0.0,0.0,784,16797,-0.0,162057.094,-114818.039,-0.0,0.133,6.909358625270745e+28,30.0,70.0,35,0.0,0.0,0.0,0.0,0.0,0.0,0.0,0.0,0.0,0.0,0.0,0.0,0.0,0.0,0.0,0.0,66.4,0,150,71,52,65476,0,300,0,0,8,20529,65476,0,0,44564,70.0,0.0,0.0,0.0,0.0,0.0
2026-09-10T21:27:47,ERR,ERR,ERR,ERR,ERR,ERR,ERR,ERR,ERR,ERR,ERR,ERR,ERR,ERR,ERR,ERR,ERR,ERR,ERR,ERR,ERR,ERR,ERR,ERR,ERR,ERR,ERR,ERR,ERR,ERR,ERR,ERR,ERR,ERR,ERR,ERR,ERR,ERR,ERR,ERR,ERR,ERR,ERR,ERR,ERR,ERR,ERR,ERR,ERR,ERR,ERR,ERR,ERR,ERR,ERR,ERR,ERR,ERR,ERR,ERR,ERR,ERR,ERR,ERR,ERR,ERR,ERR,ERR,ERR,ERR,ERR,ERR,ERR,ERR,ERR,ERR,ERR,ERR,ERR,ERR,ERR,ERR,ERR,ERR,ERR,ERR,ERR,ERR,ERR,ERR,ERR,ERR,ERR,ERR,ERR,ERR,ERR,ERR,ERR,ERR,ERR,ERR,ERR,ERR,ERR,ERR,ERR,ERR,ERR,ERR,ERR,ERR,ERR,ERR,ERR,ERR,ERR,ERR,ERR,ERR,ERR,ERR,ERR,ERR,ERR,0.0,0.0,2.6474835549302285e+23,0.0,0.0,1.3936040501711995e+18,7.805,0.0,0,0,4,0,7116,0.0,100,0.0,0.0,0.0,0.0,0.0,0,0,0,0,0.0,0,0,0,0,0,0,0,0,0,0,0,0,0,0,0,0,0,0,0,0,0,0,0,0,0,0,0,0,0,0,0,0,0,31,40,40,71,65476,0,300,0,0,8,21553,0.0,-107605600.0,0.0,0.0,0.0,0.0,0.0,0.0,0.0,0.0,0.0,0.0,0.0,0.0,0.0,0.0,0.0,0.0,0.0,0.0,0.0,0.0,-2.004,2.004,2.004,-0.0,0.0,0.0,0.0,0.0,4490.0,2.004,6918.0,0.0,0.0,-107615152.0,2.718429120148166e+23,0.0,0.0,0.0,0.0,69,-0.0,4.066845724438863e+29,0.0,0.0,0.0,0.0,0.0,0.0,0.0,0,0,0,0.0,0.0,0.0,0.0,0.0,0.0,0.0,0.0,0.0,0.0,0.0,0.0,0.0,0.0,0.0,0.0,0,-107875648.0,69,0.0,138,0.0,0.0,0,26215,17086,52429,17101,13107,17081,0,0,0,70,68,100,2.7302399002429377e+23,82.2,2.730238459091057e+23,78.1,0.0,79.0,1,49,50,180,26215,0,0,0,0.0,0.0,0.0,0.0,-0.0,67.0,0.0,162057.094,0.0,977,0,1005,0,0,0,952,0,1029,0,926,0,791,0,782,0,822,0,7520,0.032,1.2682136550675317e+20,0.0,0.0,784,16797,-0.0,162057.094,-114818.039,-0.0,0.133,6.909358625270745e+28,30.0,70.0,35,0.0,0.0,0.0,0.0,0.0,0.0,0.0,0.0,0.0,0.0,0.0,0.0,0.0,0.0,0.0,0.0,66.4,0,150,71,52,65476,0,300,0,0,8,20529,65476,0,0,44564,70.0,0.0,0.0,0.0,0.0,0.0
2026-09-10T21:27:48,ERR,ERR,ERR,ERR,ERR,ERR,ERR,ERR,ERR,ERR,ERR,ERR,ERR,ERR,ERR,ERR,ERR,ERR,ERR,ERR,ERR,ERR,ERR,ERR,ERR,ERR,ERR,ERR,ERR,ERR,ERR,ERR,ERR,ERR,ERR,ERR,ERR,ERR,ERR,ERR,ERR,ERR,ERR,ERR,ERR,ERR,ERR,ERR,ERR,ERR,ERR,ERR,ERR,ERR,ERR,ERR,ERR,ERR,ERR,ERR,ERR,ERR,ERR,ERR,ERR,ERR,ERR,ERR,ERR,ERR,ERR,ERR,ERR,ERR,ERR,ERR,ERR,ERR,ERR,ERR,ERR,ERR,ERR,ERR,ERR,ERR,ERR,ERR,ERR,ERR,ERR,ERR,ERR,ERR,ERR,ERR,ERR,ERR,ERR,ERR,ERR,ERR,ERR,ERR,ERR,ERR,ERR,ERR,ERR,ERR,ERR,ERR,ERR,ERR,ERR,ERR,ERR,ERR,ERR,ERR,ERR,ERR,ERR,ERR,ERR,0.0,0.0,2.6474835549302285e+23,0.0,0.0,1.3936040501711995e+18,7.805,0.0,0,0,4,0,7116,0.0,100,0.0,0.0,0.0,0.0,0.0,0,0,0,0,0.0,0,0,0,0,0,0,0,0,0,0,0,0,0,0,0,0,0,0,0,0,0,0,0,0,0,0,0,0,0,0,0,0,0,31,40,40,71,65476,0,300,0,0,8,21553,0.0,-107605600.0,0.0,0.0,0.0,0.0,0.0,0.0,0.0,0.0,0.0,0.0,0.0,0.0,0.0,0.0,0.0,0.0,0.0,0.0,0.0,0.0,-2.004,2.004,2.004,-0.0,0.0,0.0,0.0,0.0,4490.0,2.004,6918.0,0.0,0.0,-107615152.0,2.718429120148166e+23,0.0,0.0,0.0,0.0,69,-0.0,4.066845724438863e+29,0.0,0.0,0.0,0.0,0.0,0.0,0.0,0,0,0,0.0,0.0,0.0,0.0,0.0,0.0,0.0,0.0,0.0,0.0,0.0,0.0,0.0,0.0,0.0,0.0,0,-107875648.0,69,0.0,138,0.0,0.0,0,26215,17086,52429,17101,13107,17081,0,0,0,70,68,100,2.7302399002429377e+23,82.2,2.730238459091057e+23,78.1,0.0,79.0,1,49,50,180,26215,0,0,0,0.0,0.0,0.0,0.0,-0.0,67.0,0.0,162057.094,0.0,977,0,1005,0,0,0,952,0,1029,0,926,0,791,0,782,0,822,0,7520,0.032,1.2682136550675317e+20,0.0,0.0,784,16797,-0.0,162057.094,-114818.039,-0.0,0.133,6.909358625270745e+28,30.0,70.0,35,0.0,0.0,0.0,0.0,0.0,0.0,0.0,0.0,0.0,0.0,0.0,0.0,0.0,0.0,0.0,0.0,66.4,0,150,71,52,65476,0,300,0,0,8,20529,65476,0,0,44564,70.0,0.0,0.0,0.0,0.0,0.0
2026-09-10T21:27:49,ERR,ERR,ERR,ERR,ERR,ERR,ERR,ERR,ERR,ERR,ERR,ERR,ERR,ERR,ERR,ERR,ERR,ERR,ERR,ERR,ERR,ERR,ERR,ERR,ERR,ERR,ERR,ERR,ERR,ERR,ERR,ERR,ERR,ERR,ERR,ERR,ERR,ERR,ERR,ERR,ERR,ERR,ERR,ERR,ERR,ERR,ERR,ERR,ERR,ERR,ERR,ERR,ERR,ERR,ERR,ERR,ERR,ERR,ERR,ERR,ERR,ERR,ERR,ERR,ERR,ERR,ERR,ERR,ERR,ERR,ERR,ERR,ERR,ERR,ERR,ERR,ERR,ERR,ERR,ERR,ERR,ERR,ERR,ERR,ERR,ERR,ERR,ERR,ERR,ERR,ERR,ERR,ERR,ERR,ERR,ERR,ERR,ERR,ERR,ERR,ERR,ERR,ERR,ERR,ERR,ERR,ERR,ERR,ERR,ERR,ERR,ERR,ERR,ERR,ERR,ERR,ERR,ERR,ERR,ERR,ERR,ERR,ERR,ERR,ERR,0.0,0.0,2.6474835549302285e+23,0.0,0.0,1.3936040501711995e+18,7.805,0.0,0,0,4,0,7116,0.0,100,0.0,0.0,0.0,0.0,0.0,0,0,0,0,0.0,0,0,0,0,0,0,0,0,0,0,0,0,0,0,0,0,0,0,0,0,0,0,0,0,0,0,0,0,0,0,0,0,0,31,40,40,71,65476,0,300,0,0,8,21553,0.0,-107605600.0,0.0,0.0,0.0,0.0,0.0,0.0,0.0,0.0,0.0,0.0,0.0,0.0,0.0,0.0,0.0,0.0,0.0,0.0,0.0,0.0,-2.004,2.004,2.004,-0.0,0.0,0.0,0.0,0.0,4490.0,2.004,6918.0,0.0,0.0,-107615152.0,2.718429120148166e+23,0.0,0.0,0.0,0.0,69,-0.0,4.066845724438863e+29,0.0,0.0,0.0,0.0,0.0,0.0,0.0,0,0,0,0.0,0.0,0.0,0.0,0.0,0.0,0.0,0.0,0.0,0.0,0.0,0.0,0.0,0.0,0.0,0.0,0,-107875648.0,69,0.0,138,0.0,0.0,0,26215,17086,52429,17101,13107,17081,0,0,0,70,68,100,2.7302399002429377e+23,82.2,2.730238459091057e+23,78.1,0.0,79.0,1,49,50,180,26215,0,0,0,0.0,0.0,0.0,0.0,-0.0,67.0,0.0,162057.094,0.0,977,0,1005,0,0,0,952,0,1029,0,926,0,791,0,782,0,822,0,7520,0.032,1.2682136550675317e+20,0.0,0.0,784,16797,-0.0,162057.094,-114818.039,-0.0,0.133,6.909358625270745e+28,30.0,70.0,35,0.0,0.0,0.0,0.0,0.0,0.0,0.0,0.0,0.0,0.0,0.0,0.0,0.0,0.0,0.0,0.0,66.4,0,150,71,52,65476,0,300,0,0,8,20529,65476,0,0,44564,70.0,0.0,0.0,0.0,0.0,0.0
2026-09-10T21:27:50,ERR,ERR,ERR,ERR,ERR,ERR,ERR,ERR,ERR,ERR,ERR,ERR,ERR,ERR,ERR,ERR,ERR,ERR,ERR,ERR,ERR,ERR,ERR,ERR,ERR,ERR,ERR,ERR,ERR,ERR,ERR,ERR,ERR,ERR,ERR,ERR,ERR,ERR,ERR,ERR,ERR,ERR,ERR,ERR,ERR,ERR,ERR,ERR,ERR,ERR,ERR,ERR,ERR,ERR,ERR,ERR,ERR,ERR,ERR,ERR,ERR,ERR,ERR,ERR,ERR,ERR,ERR,ERR,ERR,ERR,ERR,ERR,ERR,ERR,ERR,ERR,ERR,ERR,ERR,ERR,ERR,ERR,ERR,ERR,ERR,ERR,ERR,ERR,ERR,ERR,ERR,ERR,ERR,ERR,ERR,ERR,ERR,ERR,ERR,ERR,ERR,ERR,ERR,ERR,ERR,ERR,ERR,ERR,ERR,ERR,ERR,ERR,ERR,ERR,ERR,ERR,ERR,ERR,ERR,ERR,ERR,ERR,ERR,ERR,ERR,0.0,0.0,2.6474835549302285e+23,0.0,0.0,1.3936040501711995e+18,7.805,0.0,0,0,4,0,7116,0.0,100,0.0,0.0,0.0,0.0,0.0,0,0,0,0,0.0,0,0,0,0,0,0,0,0,0,0,0,0,0,0,0,0,0,0,0,0,0,0,0,0,0,0,0,0,0,0,0,0,0,31,40,40,71,65476,0,300,0,0,8,21553,0.0,-107605600.0,0.0,0.0,0.0,0.0,0.0,0.0,0.0,0.0,0.0,0.0,0.0,0.0,0.0,0.0,0.0,0.0,0.0,0.0,0.0,0.0,-2.004,2.004,2.004,-0.0,0.0,0.0,0.0,0.0,4490.0,2.004,6918.0,0.0,0.0,-107615152.0,2.718429120148166e+23,0.0,0.0,0.0,0.0,69,-0.0,4.066845724438863e+29,0.0,0.0,0.0,0.0,0.0,0.0,0.0,0,0,0,0.0,0.0,0.0,0.0,0.0,0.0,0.0,0.0,0.0,0.0,0.0,0.0,0.0,0.0,0.0,0.0,0,-107875648.0,69,0.0,138,0.0,0.0,0,26215,17086,52429,17101,13107,17081,0,0,0,70,68,100,2.7302399002429377e+23,82.2,2.730238459091057e+23,78.1,0.0,79.0,1,49,50,180,26215,0,0,0,0.0,0.0,0.0,0.0,-0.0,67.0,0.0,162057.094,0.0,977,0,1005,0,0,0,952,0,1029,0,926,0,791,0,782,0,822,0,7520,0.032,1.2682136550675317e+20,0.0,0.0,784,16797,-0.0,162057.094,-114818.039,-0.0,0.133,6.909358625270745e+28,30.0,70.0,35,0.0,0.0,0.0,0.0,0.0,0.0,0.0,0.0,0.0,0.0,0.0,0.0,0.0,0.0,0.0,0.0,66.4,0,150,71,52,65476,0,300,0,0,8,20529,65476,0,0,44564,70.0,0.0,0.0,0.0,0.0,0.0
2026-09-10T21:27:51,ERR,ERR,ERR,ERR,ERR,ERR,ERR,ERR,ERR,ERR,ERR,ERR,ERR,ERR,ERR,ERR,ERR,ERR,ERR,ERR,ERR,ERR,ERR,ERR,ERR,ERR,ERR,ERR,ERR,ERR,ERR,ERR,ERR,ERR,ERR,ERR,ERR,ERR,ERR,ERR,ERR,ERR,ERR,ERR,ERR,ERR,ERR,ERR,ERR,ERR,ERR,ERR,ERR,ERR,ERR,ERR,ERR,ERR,ERR,ERR,ERR,ERR,ERR,ERR,ERR,ERR,ERR,ERR,ERR,ERR,ERR,ERR,ERR,ERR,ERR,ERR,ERR,ERR,ERR,ERR,ERR,ERR,ERR,ERR,ERR,ERR,ERR,ERR,ERR,ERR,ERR,ERR,ERR,ERR,ERR,ERR,ERR,ERR,ERR,ERR,ERR,ERR,ERR,ERR,ERR,ERR,ERR,ERR,ERR,ERR,ERR,ERR,ERR,ERR,ERR,ERR,ERR,ERR,ERR,ERR,ERR,ERR,ERR,ERR,ERR,0.0,0.0,2.6474835549302285e+23,0.0,0.0,1.3936040501711995e+18,7.805,0.0,0,0,4,0,7116,0.0,100,0.0,0.0,0.0,0.0,0.0,0,0,0,0,0.0,0,0,0,0,0,0,0,0,0,0,0,0,0,0,0,0,0,0,0,0,0,0,0,0,0,0,0,0,0,0,0,0,0,31,40,40,71,65476,0,300,0,0,8,21553,0.0,-107605600.0,0.0,0.0,0.0,0.0,0.0,0.0,0.0,0.0,0.0,0.0,0.0,0.0,0.0,0.0,0.0,0.0,0.0,0.0,0.0,0.0,-2.004,2.004,2.004,-0.0,0.0,0.0,0.0,0.0,4490.0,2.004,6918.0,0.0,0.0,-107615152.0,2.718429120148166e+23,0.0,0.0,0.0,0.0,69,-0.0,4.066845724438863e+29,0.0,0.0,0.0,0.0,0.0,0.0,0.0,0,0,0,0.0,0.0,0.0,0.0,0.0,0.0,0.0,0.0,0.0,0.0,0.0,0.0,0.0,0.0,0.0,0.0,0,-107875648.0,69,0.0,138,0.0,0.0,0,26215,17086,52429,17101,13107,17081,0,0,0,70,68,100,2.7302399002429377e+23,82.2,2.730238459091057e+23,78.1,0.0,79.0,1,49,50,180,26215,0,0,0,0.0,0.0,0.0,0.0,-0.0,67.0,0.0,162057.094,0.0,977,0,1005,0,0,0,952,0,1029,0,926,0,791,0,782,0,822,0,7520,0.032,1.2682136550675317e+20,0.0,0.0,784,16797,-0.0,162057.094,-114818.039,-0.0,0.133,6.909358625270745e+28,30.0,70.0,35,0.0,0.0,0.0,0.0,0.0,0.0,0.0,0.0,0.0,0.0,0.0,0.0,0.0,0.0,0.0,0.0,66.4,0,150,71,52,65476,0,300,0,0,8,20529,65476,0,0,44564,70.0,0.0,0.0,0.0,0.0,0.0
2026-09-10T21:27:52,ERR,ERR,ERR,ERR,ERR,ERR,ERR,ERR,ERR,ERR,ERR,ERR,ERR,ERR,ERR,ERR,ERR,ERR,ERR,ERR,ERR,ERR,ERR,ERR,ERR,ERR,ERR,ERR,ERR,ERR,ERR,ERR,ERR,ERR,ERR,ERR,ERR,ERR,ERR,ERR,ERR,ERR,ERR,ERR,ERR,ERR,ERR,ERR,ERR,ERR,ERR,ERR,ERR,ERR,ERR,ERR,ERR,ERR,ERR,ERR,ERR,ERR,ERR,ERR,ERR,ERR,ERR,ERR,ERR,ERR,ERR,ERR,ERR,ERR,ERR,ERR,ERR,ERR,ERR,ERR,ERR,ERR,ERR,ERR,ERR,ERR,ERR,ERR,ERR,ERR,ERR,ERR,ERR,ERR,ERR,ERR,ERR,ERR,ERR,ERR,ERR,ERR,ERR,ERR,ERR,ERR,ERR,ERR,ERR,ERR,ERR,ERR,ERR,ERR,ERR,ERR,ERR,ERR,ERR,ERR,ERR,ERR,ERR,ERR,ERR,0.0,0.0,2.6474835549302285e+23,0.0,0.0,1.3936040501711995e+18,7.805,0.0,0,0,4,0,7116,0.0,100,0.0,0.0,0.0,0.0,0.0,0,0,0,0,0.0,0,0,0,0,0,0,0,0,0,0,0,0,0,0,0,0,0,0,0,0,0,0,0,0,0,0,0,0,0,0,0,0,0,31,40,40,71,65476,0,300,0,0,8,21553,0.0,-107605600.0,0.0,0.0,0.0,0.0,0.0,0.0,0.0,0.0,0.0,0.0,0.0,0.0,0.0,0.0,0.0,0.0,0.0,0.0,0.0,0.0,-2.004,2.004,2.004,-0.0,0.0,0.0,0.0,0.0,4490.0,2.004,6918.0,0.0,0.0,-107615152.0,2.718429120148166e+23,0.0,0.0,0.0,0.0,69,-0.0,4.066845724438863e+29,0.0,0.0,0.0,0.0,0.0,0.0,0.0,0,0,0,0.0,0.0,0.0,0.0,0.0,0.0,0.0,0.0,0.0,0.0,0.0,0.0,0.0,0.0,0.0,0.0,0,-107875648.0,69,0.0,138,0.0,0.0,0,26215,17086,52429,17101,13107,17081,0,0,0,70,68,100,2.7302399002429377e+23,82.2,2.730238459091057e+23,78.1,0.0,79.0,1,49,50,180,26215,0,0,0,0.0,0.0,0.0,0.0,-0.0,67.0,0.0,162057.094,0.0,977,0,1005,0,0,0,952,0,1029,0,926,0,791,0,782,0,822,0,7520,0.032,1.2682136550675317e+20,0.0,0.0,784,16797,-0.0,162057.094,-114818.039,-0.0,0.133,6.909358625270745e+28,30.0,70.0,35,0.0,0.0,0.0,0.0,0.0,0.0,0.0,0.0,0.0,0.0,0.0,0.0,0.0,0.0,0.0,0.0,66.4,0,150,71,52,65476,0,300,0,0,8,20529,65476,0,0,44564,70.0,0.0,0.0,0.0,0.0,0.0
2026-09-10T21:27:53,ERR,ERR,ERR,ERR,ERR,ERR,ERR,ERR,ERR,ERR,ERR,ERR,ERR,ERR,ERR,ERR,ERR,ERR,ERR,ERR,ERR,ERR,ERR,ERR,ERR,ERR,ERR,ERR,ERR,ERR,ERR,ERR,ERR,ERR,ERR,ERR,ERR,ERR,ERR,ERR,ERR,ERR,ERR,ERR,ERR,ERR,ERR,ERR,ERR,ERR,ERR,ERR,ERR,ERR,ERR,ERR,ERR,ERR,ERR,ERR,ERR,ERR,ERR,ERR,ERR,ERR,ERR,ERR,ERR,ERR,ERR,ERR,ERR,ERR,ERR,ERR,ERR,ERR,ERR,ERR,ERR,ERR,ERR,ERR,ERR,ERR,ERR,ERR,ERR,ERR,ERR,ERR,ERR,ERR,ERR,ERR,ERR,ERR,ERR,ERR,ERR,ERR,ERR,ERR,ERR,ERR,ERR,ERR,ERR,ERR,ERR,ERR,ERR,ERR,ERR,ERR,ERR,ERR,ERR,ERR,ERR,ERR,ERR,ERR,ERR,0.0,0.0,2.6474835549302285e+23,0.0,0.0,1.3936040501711995e+18,7.805,0.0,0,0,4,0,7116,0.0,100,0.0,0.0,0.0,0.0,0.0,0,0,0,0,0.0,0,0,0,0,0,0,0,0,0,0,0,0,0,0,0,0,0,0,0,0,0,0,0,0,0,0,0,0,0,0,0,0,0,31,40,40,71,65476,0,300,0,0,8,21553,0.0,-107605600.0,0.0,0.0,0.0,0.0,0.0,0.0,0.0,0.0,0.0,0.0,0.0,0.0,0.0,0.0,0.0,0.0,0.0,0.0,0.0,0.0,-2.004,2.004,2.004,-0.0,0.0,0.0,0.0,0.0,4493.0,0.0,6918.0,0.0,0.0,-107615152.0,2.718429120148166e+23,0.0,0.0,0.0,0.0,69,-89221.141,2.718413627765448e+23,0.0,0.0,0.0,0.0,0.0,0.0,0.0,0,0,0,0.0,0.0,0.0,0.0,0.0,0.0,0.0,0.0,0.0,0.0,0.0,0.0,0.0,0.0,0.0,0.0,0,-107875648.0,69,0.0,138,0.0,0.0,0,26215,17086,52429,17101,13107,17081,0,0,0,70,68,100,2.7302399002429377e+23,82.2,2.730238459091057e+23,78.1,0.0,79.0,1,49,50,180,26215,0,0,0,0.0,0.0,0.0,0.0,-0.0,67.0,0.0,162057.094,0.0,977,0,1005,0,0,0,952,0,1029,0,926,0,791,0,782,0,822,0,7520,0.032,1.2682136550675317e+20,0.0,0.0,784,16797,-0.0,162057.094,-114818.039,-0.0,0.133,6.909358625270745e+28,30.0,70.0,35,0.0,0.0,0.0,0.0,0.0,0.0,0.0,0.0,0.0,0.0,0.0,0.0,0.0,0.0,0.0,0.0,66.4,0,150,71,52,65476,0,300,0,0,8,20529,65476,0,0,44564,70.0,0.0,0.0,0.0,0.0,0.0
2026-09-10T21:27:54,ERR,ERR,ERR,ERR,ERR,ERR,ERR,ERR,ERR,ERR,ERR,ERR,ERR,ERR,ERR,ERR,ERR,ERR,ERR,ERR,ERR,ERR,ERR,ERR,ERR,ERR,ERR,ERR,ERR,ERR,ERR,ERR,ERR,ERR,ERR,ERR,ERR,ERR,ERR,ERR,ERR,ERR,ERR,ERR,ERR,ERR,ERR,ERR,ERR,ERR,ERR,ERR,ERR,ERR,ERR,ERR,ERR,ERR,ERR,ERR,ERR,ERR,ERR,ERR,ERR,ERR,ERR,ERR,ERR,ERR,ERR,ERR,ERR,ERR,ERR,ERR,ERR,ERR,ERR,ERR,ERR,ERR,ERR,ERR,ERR,ERR,ERR,ERR,ERR,ERR,ERR,ERR,ERR,ERR,ERR,ERR,ERR,ERR,ERR,ERR,ERR,ERR,ERR,ERR,ERR,ERR,ERR,ERR,ERR,ERR,ERR,ERR,ERR,ERR,ERR,ERR,ERR,ERR,ERR,ERR,ERR,ERR,ERR,ERR,ERR,0.0,0.0,2.6474835549302285e+23,0.0,0.0,1.3936040501711995e+18,7.805,0.0,0,0,4,0,7116,0.0,100,0.0,0.0,0.0,0.0,0.0,0,0,0,0,0.0,0,0,0,0,0,0,0,0,0,0,0,0,0,0,0,0,0,0,0,0,0,0,0,0,0,0,0,0,0,0,0,0,0,31,40,40,71,65476,0,300,0,0,8,21553,0.0,-107605600.0,0.0,0.0,0.0,0.0,0.0,0.0,0.0,0.0,0.0,0.0,0.0,0.0,0.0,0.0,0.0,0.0,0.0,0.0,0.0,0.0,-2.004,2.004,2.004,-0.0,0.0,0.0,0.0,0.0,4493.0,0.0,6918.0,0.0,0.0,-107615152.0,2.718429120148166e+23,0.0,0.0,0.0,0.0,69,-89221.141,2.718413627765448e+23,0.0,0.0,0.0,0.0,0.0,0.0,0.0,0,0,0,0.0,0.0,0.0,0.0,0.0,0.0,0.0,0.0,0.0,0.0,0.0,0.0,0.0,0.0,0.0,0.0,0,-107875648.0,69,0.0,138,0.0,0.0,0,26215,17086,52429,17101,13107,17081,0,0,0,70,68,100,2.7302399002429377e+23,82.2,2.730238459091057e+23,78.1,0.0,79.0,1,49,50,180,26215,0,0,0,0.0,0.0,0.0,0.0,-0.0,67.0,0.0,162057.094,0.0,977,0,1005,0,0,0,952,0,1029,0,926,0,791,0,782,0,822,0,7520,0.032,1.2682136550675317e+20,0.0,0.0,784,16797,-0.0,162057.094,-114818.039,-0.0,0.133,6.909358625270745e+28,30.0,70.0,35,0.0,0.0,0.0,0.0,0.0,0.0,0.0,0.0,0.0,0.0,0.0,0.0,0.0,0.0,0.0,0.0,66.4,0,150,71,52,65476,0,300,0,0,8,20529,65476,0,0,44564,70.0,0.0,0.0,0.0,0.0,0.0
2026-09-10T21:27:55,ERR,ERR,ERR,ERR,ERR,ERR,ERR,ERR,ERR,ERR,ERR,ERR,ERR,ERR,ERR,ERR,ERR,ERR,ERR,ERR,ERR,ERR,ERR,ERR,ERR,ERR,ERR,ERR,ERR,ERR,ERR,ERR,ERR,ERR,ERR,ERR,ERR,ERR,ERR,ERR,ERR,ERR,ERR,ERR,ERR,ERR,ERR,ERR,ERR,ERR,ERR,ERR,ERR,ERR,ERR,ERR,ERR,ERR,ERR,ERR,ERR,ERR,ERR,ERR,ERR,ERR,ERR,ERR,ERR,ERR,ERR,ERR,ERR,ERR,ERR,ERR,ERR,ERR,ERR,ERR,ERR,ERR,ERR,ERR,ERR,ERR,ERR,ERR,ERR,ERR,ERR,ERR,ERR,ERR,ERR,ERR,ERR,ERR,ERR,ERR,ERR,ERR,ERR,ERR,ERR,ERR,ERR,ERR,ERR,ERR,ERR,ERR,ERR,ERR,ERR,ERR,ERR,ERR,ERR,ERR,ERR,ERR,ERR,ERR,ERR,0.0,0.0,2.6474835549302285e+23,0.0,0.0,1.3936040501711995e+18,7.805,0.0,0,0,4,0,7116,0.0,100,0.0,0.0,0.0,0.0,0.0,0,0,0,0,0.0,0,0,0,0,0,0,0,0,0,0,0,0,0,0,0,0,0,0,0,0,0,0,0,0,0,0,0,0,0,0,0,0,0,31,40,40,71,65476,0,300,0,0,8,21553,0.0,-107605600.0,0.0,0.0,0.0,0.0,0.0,0.0,0.0,0.0,0.0,0.0,0.0,0.0,0.0,0.0,0.0,0.0,0.0,0.0,0.0,0.0,-2.004,2.004,2.004,-0.0,0.0,0.0,0.0,0.0,4493.0,0.0,6918.0,0.0,0.0,-107615152.0,2.718429120148166e+23,0.0,0.0,0.0,0.0,69,-89221.141,2.718413627765448e+23,0.0,0.0,0.0,0.0,0.0,0.0,0.0,0,0,0,0.0,0.0,0.0,0.0,0.0,0.0,0.0,0.0,0.0,0.0,0.0,0.0,0.0,0.0,0.0,0.0,0,-107875648.0,69,0.0,138,0.0,0.0,0,26215,17086,52429,17101,13107,17081,0,0,0,70,68,100,2.7302399002429377e+23,82.2,2.730238459091057e+23,78.1,0.0,79.0,1,49,50,180,26215,0,0,0,0.0,0.0,0.0,0.0,-0.0,67.0,0.0,162057.094,0.0,977,0,1005,0,0,0,952,0,1029,0,926,0,791,0,782,0,822,0,7520,0.032,1.2682136550675317e+20,0.0,0.0,784,16797,-0.0,162057.094,-114818.039,-0.0,0.133,6.909358625270745e+28,30.0,70.0,35,0.0,0.0,0.0,0.0,0.0,0.0,0.0,0.0,0.0,0.0,0.0,0.0,0.0,0.0,0.0,0.0,66.4,0,150,71,52,65476,0,300,0,0,8,20529,65476,0,0,44564,70.0,0.0,0.0,0.0,0.0,0.0
2026-09-10T21:27:56,ERR,ERR,ERR,ERR,ERR,ERR,ERR,ERR,ERR,ERR,ERR,ERR,ERR,ERR,ERR,ERR,ERR,ERR,ERR,ERR,ERR,ERR,ERR,ERR,ERR,ERR,ERR,ERR,ERR,ERR,ERR,ERR,ERR,ERR,ERR,ERR,ERR,ERR,ERR,ERR,ERR,ERR,ERR,ERR,ERR,ERR,ERR,ERR,ERR,ERR,ERR,ERR,ERR,ERR,ERR,ERR,ERR,ERR,ERR,ERR,ERR,ERR,ERR,ERR,ERR,ERR,ERR,ERR,ERR,ERR,ERR,ERR,ERR,ERR,ERR,ERR,ERR,ERR,ERR,ERR,ERR,ERR,ERR,ERR,ERR,ERR,ERR,ERR,ERR,ERR,ERR,ERR,ERR,ERR,ERR,ERR,ERR,ERR,ERR,ERR,ERR,ERR,ERR,ERR,ERR,ERR,ERR,ERR,ERR,ERR,ERR,ERR,ERR,ERR,ERR,ERR,ERR,ERR,ERR,ERR,ERR,ERR,ERR,ERR,ERR,0.0,0.0,2.6474835549302285e+23,0.0,0.0,1.3936040501711995e+18,7.805,0.0,0,0,4,0,7116,0.0,100,0.0,0.0,0.0,0.0,0.0,0,0,0,0,0.0,0,0,0,0,0,0,0,0,0,0,0,0,0,0,0,0,0,0,0,0,0,0,0,0,0,0,0,0,0,0,0,0,0,31,40,40,71,65476,0,300,0,0,8,21553,0.0,-107605600.0,0.0,0.0,0.0,0.0,0.0,0.0,0.0,0.0,0.0,0.0,0.0,0.0,0.0,0.0,0.0,0.0,0.0,0.0,0.0,0.0,-2.004,2.004,2.004,-0.0,0.0,0.0,0.0,0.0,4493.0,0.0,6918.0,0.0,0.0,-107615152.0,2.718429120148166e+23,0.0,0.0,0.0,0.0,69,-89221.141,2.718413627765448e+23,0.0,0.0,0.0,0.0,0.0,0.0,0.0,0,0,0,0.0,0.0,0.0,0.0,0.0,0.0,0.0,0.0,0.0,0.0,0.0,0.0,0.0,0.0,0.0,0.0,0,-107875648.0,69,0.0,138,0.0,0.0,0,26215,17086,52429,17101,13107,17081,0,0,0,70,68,100,2.7302399002429377e+23,82.2,2.730238459091057e+23,78.1,0.0,79.0,1,49,50,180,26215,0,0,0,0.0,0.0,0.0,0.0,-0.0,67.0,0.0,162057.094,0.0,977,0,1005,0,0,0,952,0,1029,0,926,0,791,0,782,0,822,0,7520,0.032,1.2682136550675317e+20,0.0,0.0,784,16797,-0.0,162057.094,-114818.039,-0.0,0.133,6.909358625270745e+28,30.0,70.0,35,0.0,0.0,0.0,0.0,0.0,0.0,0.0,0.0,0.0,0.0,0.0,0.0,0.0,0.0,0.0,0.0,66.4,0,150,71,52,65476,0,300,0,0,8,20529,65476,0,0,44564,70.0,0.0,0.0,0.0,0.0,0.0
2026-09-10T21:27:57,ERR,ERR,ERR,ERR,ERR,ERR,ERR,ERR,ERR,ERR,ERR,ERR,ERR,ERR,ERR,ERR,ERR,ERR,ERR,ERR,ERR,ERR,ERR,ERR,ERR,ERR,ERR,ERR,ERR,ERR,ERR,ERR,ERR,ERR,ERR,ERR,ERR,ERR,ERR,ERR,ERR,ERR,ERR,ERR,ERR,ERR,ERR,ERR,ERR,ERR,ERR,ERR,ERR,ERR,ERR,ERR,ERR,ERR,ERR,ERR,ERR,ERR,ERR,ERR,ERR,ERR,ERR,ERR,ERR,ERR,ERR,ERR,ERR,ERR,ERR,ERR,ERR,ERR,ERR,ERR,ERR,ERR,ERR,ERR,ERR,ERR,ERR,ERR,ERR,ERR,ERR,ERR,ERR,ERR,ERR,ERR,ERR,ERR,ERR,ERR,ERR,ERR,ERR,ERR,ERR,ERR,ERR,ERR,ERR,ERR,ERR,ERR,ERR,ERR,ERR,ERR,ERR,ERR,ERR,ERR,ERR,ERR,ERR,ERR,ERR,0.0,0.0,2.6474835549302285e+23,0.0,0.0,1.3936040501711995e+18,7.805,0.0,0,0,4,0,7116,0.0,100,0.0,0.0,0.0,0.0,0.0,0,0,0,0,0.0,0,0,0,0,0,0,0,0,0,0,0,0,0,0,0,0,0,0,0,0,0,0,0,0,0,0,0,0,0,0,0,0,0,31,40,40,71,65476,0,300,0,0,8,21553,0.0,-107605600.0,0.0,0.0,0.0,0.0,0.0,0.0,0.0,0.0,0.0,0.0,0.0,0.0,0.0,0.0,0.0,0.0,0.0,0.0,0.0,0.0,-2.004,2.004,2.004,-0.0,0.0,0.0,0.0,0.0,4493.0,0.0,6918.0,0.0,0.0,-107615152.0,2.718429120148166e+23,0.0,0.0,0.0,0.0,69,-89221.141,2.718413627765448e+23,0.0,0.0,0.0,0.0,0.0,0.0,0.0,0,0,0,0.0,0.0,0.0,0.0,0.0,0.0,0.0,0.0,0.0,0.0,0.0,0.0,0.0,0.0,0.0,0.0,0,-107875648.0,69,0.0,138,0.0,0.0,0,26215,17086,52429,17101,13107,17081,0,0,0,70,68,100,2.7302399002429377e+23,82.2,2.730238459091057e+23,78.1,0.0,79.0,1,49,50,180,26215,0,0,0,0.0,0.0,0.0,0.0,-0.0,67.0,0.0,162057.094,0.0,977,0,1005,0,0,0,952,0,1029,0,926,0,791,0,782,0,822,0,7520,0.032,1.2682136550675317e+20,0.0,0.0,784,16797,-0.0,162057.094,-114818.039,-0.0,0.133,6.909358625270745e+28,30.0,70.0,35,0.0,0.0,0.0,0.0,0.0,0.0,0.0,0.0,0.0,0.0,0.0,0.0,0.0,0.0,0.0,0.0,66.4,0,150,71,52,65476,0,300,0,0,8,20529,65476,0,0,44564,70.0,0.0,0.0,0.0,0.0,0.0
2026-09-10T21:27:58,ERR,ERR,ERR,ERR,ERR,ERR,ERR,ERR,ERR,ERR,ERR,ERR,ERR,ERR,ERR,ERR,ERR,ERR,ERR,ERR,ERR,ERR,ERR,ERR,ERR,ERR,ERR,ERR,ERR,ERR,ERR,ERR,ERR,ERR,ERR,ERR,ERR,ERR,ERR,ERR,ERR,ERR,ERR,ERR,ERR,ERR,ERR,ERR,ERR,ERR,ERR,ERR,ERR,ERR,ERR,ERR,ERR,ERR,ERR,ERR,ERR,ERR,ERR,ERR,ERR,ERR,ERR,ERR,ERR,ERR,ERR,ERR,ERR,ERR,ERR,ERR,ERR,ERR,ERR,ERR,ERR,ERR,ERR,ERR,ERR,ERR,ERR,ERR,ERR,ERR,ERR,ERR,ERR,ERR,ERR,ERR,ERR,ERR,ERR,ERR,ERR,ERR,ERR,ERR,ERR,ERR,ERR,ERR,ERR,ERR,ERR,ERR,ERR,ERR,ERR,ERR,ERR,ERR,ERR,ERR,ERR,ERR,ERR,ERR,ERR,0.0,0.0,2.6474835549302285e+23,0.0,0.0,1.3936040501711995e+18,7.805,0.0,0,0,4,0,7116,0.0,100,0.0,0.0,0.0,0.0,0.0,0,0,0,0,0.0,0,0,0,0,0,0,0,0,0,0,0,0,0,0,0,0,0,0,0,0,0,0,0,0,0,0,0,0,0,0,0,0,0,31,40,40,71,65476,0,300,0,0,8,21553,0.0,-107605600.0,0.0,0.0,0.0,0.0,0.0,0.0,0.0,0.0,0.0,0.0,0.0,0.0,0.0,0.0,0.0,0.0,0.0,0.0,0.0,0.0,-2.004,2.004,2.004,-0.0,0.0,0.0,0.0,0.0,4493.0,0.0,6918.0,0.0,0.0,-107615152.0,2.718429120148166e+23,0.0,0.0,0.0,0.0,69,-89221.141,2.718413627765448e+23,0.0,0.0,0.0,0.0,0.0,0.0,0.0,0,0,0,0.0,0.0,0.0,0.0,0.0,0.0,0.0,0.0,0.0,0.0,0.0,0.0,0.0,0.0,0.0,0.0,0,-107875648.0,69,0.0,138,0.0,0.0,0,26215,17086,52429,17101,13107,17081,0,0,0,70,68,100,2.7302399002429377e+23,82.2,2.730238459091057e+23,78.1,0.0,79.0,1,49,50,180,26215,0,0,0,0.0,0.0,0.0,0.0,-0.0,67.0,0.0,162057.094,0.0,977,0,1005,0,0,0,952,0,1029,0,926,0,791,0,782,0,822,0,7520,0.032,1.2682136550675317e+20,0.0,0.0,784,16797,-0.0,162057.094,-114818.039,-0.0,0.133,6.909358625270745e+28,30.0,70.0,35,0.0,0.0,0.0,0.0,0.0,0.0,0.0,0.0,0.0,0.0,0.0,0.0,0.0,0.0,0.0,0.0,66.4,0,150,71,52,65476,0,300,0,0,8,20529,65476,0,0,44564,70.0,0.0,0.0,0.0,0.0,0.0
2026-09-10T21:27:59,ERR,ERR,ERR,ERR,ERR,ERR,ERR,ERR,ERR,ERR,ERR,ERR,ERR,ERR,ERR,ERR,ERR,ERR,ERR,ERR,ERR,ERR,ERR,ERR,ERR,ERR,ERR,ERR,ERR,ERR,ERR,ERR,ERR,ERR,ERR,ERR,ERR,ERR,ERR,ERR,ERR,ERR,ERR,ERR,ERR,ERR,ERR,ERR,ERR,ERR,ERR,ERR,ERR,ERR,ERR,ERR,ERR,ERR,ERR,ERR,ERR,ERR,ERR,ERR,ERR,ERR,ERR,ERR,ERR,ERR,ERR,ERR,ERR,ERR,ERR,ERR,ERR,ERR,ERR,ERR,ERR,ERR,ERR,ERR,ERR,ERR,ERR,ERR,ERR,ERR,ERR,ERR,ERR,ERR,ERR,ERR,ERR,ERR,ERR,ERR,ERR,ERR,ERR,ERR,ERR,ERR,ERR,ERR,ERR,ERR,ERR,ERR,ERR,ERR,ERR,ERR,ERR,ERR,ERR,ERR,ERR,ERR,ERR,ERR,ERR,0.0,0.0,2.6474835549302285e+23,0.0,0.0,1.3936040501711995e+18,7.805,0.0,0,0,4,0,7116,0.0,100,0.0,0.0,0.0,0.0,0.0,0,0,0,0,0.0,0,0,0,0,0,0,0,0,0,0,0,0,0,0,0,0,0,0,0,0,0,0,0,0,0,0,0,0,0,0,0,0,0,31,40,40,71,65476,0,300,0,0,8,21553,0.0,-107605600.0,0.0,0.0,0.0,0.0,0.0,0.0,0.0,0.0,0.0,0.0,0.0,0.0,0.0,0.0,0.0,0.0,0.0,0.0,0.0,0.0,-2.004,2.004,2.004,-2.004,0.0,0.0,0.0,0.0,4498.0,8608165888.0,6919.0,0.0,0.0,-107615152.0,2.718429120148166e+23,0.0,0.0,0.0,0.0,69,-152018521948160.0,5.848047364202327e+35,0.0,0.0,0.0,0.0,0.0,0.0,0.0,0,0,0,0.0,0.0,0.0,0.0,0.0,0.0,0.0,0.0,0.0,0.0,0.0,0.0,0.0,0.0,0.0,0.0,0,-107875648.0,69,0.0,138,0.0,0.0,0,26215,17086,52429,17101,13107,17081,0,0,0,70,68,100,2.7302399002429377e+23,82.2,2.730238459091057e+23,78.1,0.0,79.0,1,49,50,180,26215,0,0,0,0.0,0.0,0.0,0.0,-0.0,67.0,0.0,162057.094,0.0,977,0,1005,0,0,0,952,0,1029,0,926,0,791,0,782,0,822,0,7520,0.032,1.2682136550675317e+20,0.0,0.0,784,16797,-0.0,162057.094,-114818.039,-0.0,0.133,6.909358625270745e+28,30.0,70.0,35,0.0,0.0,0.0,0.0,0.0,0.0,0.0,0.0,0.0,0.0,0.0,0.0,0.0,0.0,0.0,0.0,66.4,0,150,71,52,65476,0,300,0,0,8,20529,65476,0,0,44564,70.0,0.0,0.0,0.0,0.0,0.0
2026-09-10T21:28:00,ERR,ERR,ERR,ERR,ERR,ERR,ERR,ERR,ERR,ERR,ERR,ERR,ERR,ERR,ERR,ERR,ERR,ERR,ERR,ERR,ERR,ERR,ERR,ERR,ERR,ERR,ERR,ERR,ERR,ERR,ERR,ERR,ERR,ERR,ERR,ERR,ERR,ERR,ERR,ERR,ERR,ERR,ERR,ERR,ERR,ERR,ERR,ERR,ERR,ERR,ERR,ERR,ERR,ERR,ERR,ERR,ERR,ERR,ERR,ERR,ERR,ERR,ERR,ERR,ERR,ERR,ERR,ERR,ERR,ERR,ERR,ERR,ERR,ERR,ERR,ERR,ERR,ERR,ERR,ERR,ERR,ERR,ERR,ERR,ERR,ERR,ERR,ERR,ERR,ERR,ERR,ERR,ERR,ERR,ERR,ERR,ERR,ERR,ERR,ERR,ERR,ERR,ERR,ERR,ERR,ERR,ERR,ERR,ERR,ERR,ERR,ERR,ERR,ERR,ERR,ERR,ERR,ERR,ERR,ERR,ERR,ERR,ERR,ERR,ERR,0.0,0.0,2.6474835549302285e+23,0.0,0.0,1.3936040501711995e+18,7.805,0.0,0,0,4,0,7116,0.0,100,0.0,0.0,0.0,0.0,0.0,0,0,0,0,0.0,0,0,0,0,0,0,0,0,0,0,0,0,0,0,0,0,0,0,0,0,0,0,0,0,0,0,0,0,0,0,0,0,0,31,40,40,71,65476,0,300,0,0,8,21553,0.0,-107605600.0,0.0,0.0,0.0,0.0,0.0,0.0,0.0,0.0,0.0,0.0,0.0,0.0,0.0,0.0,0.0,0.0,0.0,0.0,0.0,0.0,-2.004,2.004,2.004,-2.004,0.0,0.0,0.0,0.0,4498.0,8608165888.0,6919.0,0.0,0.0,-107615152.0,2.718429120148166e+23,0.0,0.0,0.0,0.0,69,-152018521948160.0,5.848047364202327e+35,0.0,0.0,0.0,0.0,0.0,0.0,0.0,0,0,0,0.0,0.0,0.0,0.0,0.0,0.0,0.0,0.0,0.0,0.0,0.0,0.0,0.0,0.0,0.0,0.0,0,-107875648.0,69,0.0,138,0.0,0.0,0,26215,17086,52429,17101,13107,17081,0,0,0,70,68,100,2.7302399002429377e+23,82.2,2.730238459091057e+23,78.1,0.0,79.0,1,49,50,180,26215,0,0,0,0.0,0.0,0.0,0.0,-0.0,67.0,0.0,162057.094,0.0,977,0,1005,0,0,0,952,0,1029,0,926,0,791,0,782,0,822,0,7520,0.032,1.2682136550675317e+20,0.0,0.0,784,16797,-0.0,162057.094,-114818.039,-0.0,0.133,6.909358625270745e+28,30.0,70.0,35,0.0,0.0,0.0,0.0,0.0,0.0,0.0,0.0,0.0,0.0,0.0,0.0,0.0,0.0,0.0,0.0,66.4,0,150,71,52,65476,0,300,0,0,8,20529,65476,0,0,44564,70.0,0.0,0.0,0.0,0.0,0.0
2026-09-10T21:28:01,ERR,ERR,ERR,ERR,ERR,ERR,ERR,ERR,ERR,ERR,ERR,ERR,ERR,ERR,ERR,ERR,ERR,ERR,ERR,ERR,ERR,ERR,ERR,ERR,ERR,ERR,ERR,ERR,ERR,ERR,ERR,ERR,ERR,ERR,ERR,ERR,ERR,ERR,ERR,ERR,ERR,ERR,ERR,ERR,ERR,ERR,ERR,ERR,ERR,ERR,ERR,ERR,ERR,ERR,ERR,ERR,ERR,ERR,ERR,ERR,ERR,ERR,ERR,ERR,ERR,ERR,ERR,ERR,ERR,ERR,ERR,ERR,ERR,ERR,ERR,ERR,ERR,ERR,ERR,ERR,ERR,ERR,ERR,ERR,ERR,ERR,ERR,ERR,ERR,ERR,ERR,ERR,ERR,ERR,ERR,ERR,ERR,ERR,ERR,ERR,ERR,ERR,ERR,ERR,ERR,ERR,ERR,ERR,ERR,ERR,ERR,ERR,ERR,ERR,ERR,ERR,ERR,ERR,ERR,ERR,ERR,ERR,ERR,ERR,ERR,0.0,0.0,2.6474835549302285e+23,0.0,0.0,1.3936040501711995e+18,7.805,0.0,0,0,4,0,7116,0.0,100,0.0,0.0,0.0,0.0,0.0,0,0,0,0,0.0,0,0,0,0,0,0,0,0,0,0,0,0,0,0,0,0,0,0,0,0,0,0,0,0,0,0,0,0,0,0,0,0,0,31,40,40,71,65476,0,300,0,0,8,21553,0.0,-107605600.0,0.0,0.0,0.0,0.0,0.0,0.0,0.0,0.0,0.0,0.0,0.0,0.0,0.0,0.0,0.0,0.0,0.0,0.0,0.0,0.0,-2.004,2.004,2.004,-2.004,0.0,0.0,0.0,0.0,4498.0,8608165888.0,6919.0,0.0,0.0,-107615152.0,2.718429120148166e+23,0.0,0.0,0.0,0.0,69,-152018521948160.0,5.848047364202327e+35,0.0,0.0,0.0,0.0,0.0,0.0,0.0,0,0,0,0.0,0.0,0.0,0.0,0.0,0.0,0.0,0.0,0.0,0.0,0.0,0.0,0.0,0.0,0.0,0.0,0,-107875648.0,69,0.0,138,0.0,0.0,0,26215,17086,52429,17101,13107,17081,0,0,0,70,68,100,2.7302399002429377e+23,82.2,2.730238459091057e+23,78.1,0.0,79.0,1,49,50,180,26215,0,0,0,0.0,0.0,0.0,0.0,-0.0,67.0,0.0,162057.094,0.0,977,0,1005,0,0,0,952,0,1029,0,926,0,791,0,782,0,822,0,7520,0.032,1.2682136550675317e+20,0.0,0.0,784,16797,-0.0,162057.094,-114818.039,-0.0,0.133,6.909358625270745e+28,30.0,70.0,35,0.0,0.0,0.0,0.0,0.0,0.0,0.0,0.0,0.0,0.0,0.0,0.0,0.0,0.0,0.0,0.0,66.4,0,150,71,52,65476,0,300,0,0,8,20529,65476,0,0,44564,70.0,0.0,0.0,0.0,0.0,0.0
2026-09-10T21:28:02,ERR,ERR,ERR,ERR,ERR,ERR,ERR,ERR,ERR,ERR,ERR,ERR,ERR,ERR,ERR,ERR,ERR,ERR,ERR,ERR,ERR,ERR,ERR,ERR,ERR,ERR,ERR,ERR,ERR,ERR,ERR,ERR,ERR,ERR,ERR,ERR,ERR,ERR,ERR,ERR,ERR,ERR,ERR,ERR,ERR,ERR,ERR,ERR,ERR,ERR,ERR,ERR,ERR,ERR,ERR,ERR,ERR,ERR,ERR,ERR,ERR,ERR,ERR,ERR,ERR,ERR,ERR,ERR,ERR,ERR,ERR,ERR,ERR,ERR,ERR,ERR,ERR,ERR,ERR,ERR,ERR,ERR,ERR,ERR,ERR,ERR,ERR,ERR,ERR,ERR,ERR,ERR,ERR,ERR,ERR,ERR,ERR,ERR,ERR,ERR,ERR,ERR,ERR,ERR,ERR,ERR,ERR,ERR,ERR,ERR,ERR,ERR,ERR,ERR,ERR,ERR,ERR,ERR,ERR,ERR,ERR,ERR,ERR,ERR,ERR,0.0,0.0,2.6474835549302285e+23,0.0,0.0,1.3936040501711995e+18,7.805,0.0,0,0,4,0,7116,0.0,100,0.0,0.0,0.0,0.0,0.0,0,0,0,0,0.0,0,0,0,0,0,0,0,0,0,0,0,0,0,0,0,0,0,0,0,0,0,0,0,0,0,0,0,0,0,0,0,0,0,31,40,40,71,65476,0,300,0,0,8,21553,0.0,-107605600.0,0.0,0.0,0.0,0.0,0.0,0.0,0.0,0.0,0.0,0.0,0.0,0.0,0.0,0.0,0.0,0.0,0.0,0.0,0.0,0.0,-2.004,2.004,2.004,-2.004,0.0,0.0,0.0,0.0,4498.0,8608165888.0,6919.0,0.0,0.0,-107615152.0,2.718429120148166e+23,0.0,0.0,0.0,0.0,69,-152018521948160.0,5.848047364202327e+35,0.0,0.0,0.0,0.0,0.0,0.0,0.0,0,0,0,0.0,0.0,0.0,0.0,0.0,0.0,0.0,0.0,0.0,0.0,0.0,0.0,0.0,0.0,0.0,0.0,0,-107875648.0,69,0.0,138,0.0,0.0,0,26215,17086,52429,17101,13107,17081,0,0,0,70,68,100,2.7302399002429377e+23,82.2,2.730238459091057e+23,78.1,0.0,79.0,1,49,50,180,26215,0,0,0,0.0,0.0,0.0,0.0,-0.0,67.0,0.0,162057.094,0.0,977,0,1005,0,0,0,952,0,1029,0,926,0,791,0,782,0,822,0,7520,0.032,1.2682136550675317e+20,0.0,0.0,784,16797,-0.0,162057.094,-114818.039,-0.0,0.133,6.909358625270745e+28,30.0,70.0,35,0.0,0.0,0.0,0.0,0.0,0.0,0.0,0.0,0.0,0.0,0.0,0.0,0.0,0.0,0.0,0.0,66.4,0,150,71,52,65476,0,300,0,0,8,20529,65476,0,0,44564,70.0,0.0,0.0,0.0,0.0,0.0
2026-09-10T21:28:03,ERR,ERR,ERR,ERR,ERR,ERR,ERR,ERR,ERR,ERR,ERR,ERR,ERR,ERR,ERR,ERR,ERR,ERR,ERR,ERR,ERR,ERR,ERR,ERR,ERR,ERR,ERR,ERR,ERR,ERR,ERR,ERR,ERR,ERR,ERR,ERR,ERR,ERR,ERR,ERR,ERR,ERR,ERR,ERR,ERR,ERR,ERR,ERR,ERR,ERR,ERR,ERR,ERR,ERR,ERR,ERR,ERR,ERR,ERR,ERR,ERR,ERR,ERR,ERR,ERR,ERR,ERR,ERR,ERR,ERR,ERR,ERR,ERR,ERR,ERR,ERR,ERR,ERR,ERR,ERR,ERR,ERR,ERR,ERR,ERR,ERR,ERR,ERR,ERR,ERR,ERR,ERR,ERR,ERR,ERR,ERR,ERR,ERR,ERR,ERR,ERR,ERR,ERR,ERR,ERR,ERR,ERR,ERR,ERR,ERR,ERR,ERR,ERR,ERR,ERR,ERR,ERR,ERR,ERR,ERR,ERR,ERR,ERR,ERR,ERR,0.0,0.0,2.6474835549302285e+23,0.0,0.0,1.3936040501711995e+18,7.805,0.0,0,0,4,0,7116,0.0,100,0.0,0.0,0.0,0.0,0.0,0,0,0,0,0.0,0,0,0,0,0,0,0,0,0,0,0,0,0,0,0,0,0,0,0,0,0,0,0,0,0,0,0,0,0,0,0,0,0,31,40,40,71,65476,0,300,0,0,8,21553,0.0,-107605600.0,0.0,0.0,0.0,0.0,0.0,0.0,0.0,0.0,0.0,0.0,0.0,0.0,0.0,0.0,0.0,0.0,0.0,0.0,0.0,0.0,-2.004,2.004,2.004,-2.004,0.0,0.0,0.0,0.0,4498.0,8608165888.0,6919.0,0.0,0.0,-107615152.0,2.718429120148166e+23,0.0,0.0,0.0,0.0,69,-152018521948160.0,5.848047364202327e+35,0.0,0.0,0.0,0.0,0.0,0.0,0.0,0,0,0,0.0,0.0,0.0,0.0,0.0,0.0,0.0,0.0,0.0,0.0,0.0,0.0,0.0,0.0,0.0,0.0,0,-107875648.0,69,0.0,138,0.0,0.0,0,26215,17086,52429,17101,13107,17081,0,0,0,70,68,100,2.7302399002429377e+23,82.2,2.730238459091057e+23,78.1,0.0,79.0,1,49,50,180,26215,0,0,0,0.0,0.0,0.0,0.0,-0.0,67.0,0.0,162057.094,0.0,977,0,1005,0,0,0,952,0,1029,0,926,0,791,0,782,0,822,0,7520,0.032,1.2682136550675317e+20,0.0,0.0,784,16797,-0.0,162057.094,-114818.039,-0.0,0.133,6.909358625270745e+28,30.0,70.0,35,0.0,0.0,0.0,0.0,0.0,0.0,0.0,0.0,0.0,0.0,0.0,0.0,0.0,0.0,0.0,0.0,66.4,0,150,71,52,65476,0,300,0,0,8,20529,65476,0,0,44564,70.0,0.0,0.0,0.0,0.0,0.0
2026-09-10T21:28:04,ERR,ERR,ERR,ERR,ERR,ERR,ERR,ERR,ERR,ERR,ERR,ERR,ERR,ERR,ERR,ERR,ERR,ERR,ERR,ERR,ERR,ERR,ERR,ERR,ERR,ERR,ERR,ERR,ERR,ERR,ERR,ERR,ERR,ERR,ERR,ERR,ERR,ERR,ERR,ERR,ERR,ERR,ERR,ERR,ERR,ERR,ERR,ERR,ERR,ERR,ERR,ERR,ERR,ERR,ERR,ERR,ERR,ERR,ERR,ERR,ERR,ERR,ERR,ERR,ERR,ERR,ERR,ERR,ERR,ERR,ERR,ERR,ERR,ERR,ERR,ERR,ERR,ERR,ERR,ERR,ERR,ERR,ERR,ERR,ERR,ERR,ERR,ERR,ERR,ERR,ERR,ERR,ERR,ERR,ERR,ERR,ERR,ERR,ERR,ERR,ERR,ERR,ERR,ERR,ERR,ERR,ERR,ERR,ERR,ERR,ERR,ERR,ERR,ERR,ERR,ERR,ERR,ERR,ERR,ERR,ERR,ERR,ERR,ERR,ERR,0.0,0.0,2.6474835549302285e+23,0.0,0.0,1.3936040501711995e+18,7.805,0.0,0,0,4,0,7116,0.0,100,0.0,0.0,0.0,0.0,0.0,0,0,0,0,0.0,0,0,0,0,0,0,0,0,0,0,0,0,0,0,0,0,0,0,0,0,0,0,0,0,0,0,0,0,0,0,0,0,0,31,40,40,71,65476,0,300,0,0,8,21553,0.0,-107605600.0,0.0,0.0,0.0,0.0,0.0,0.0,0.0,0.0,0.0,0.0,0.0,0.0,0.0,0.0,0.0,0.0,0.0,0.0,0.0,0.0,-2.004,2.004,2.004,-2.004,0.0,0.0,0.0,0.0,4498.0,8608165888.0,6919.0,0.0,0.0,-107615152.0,2.718429120148166e+23,0.0,0.0,0.0,0.0,69,-152018521948160.0,5.848047364202327e+35,0.0,0.0,0.0,0.0,0.0,0.0,0.0,0,0,0,0.0,0.0,0.0,0.0,0.0,0.0,0.0,0.0,0.0,0.0,0.0,0.0,0.0,0.0,0.0,0.0,0,-107875648.0,69,0.0,138,0.0,0.0,0,26215,17086,52429,17101,13107,17081,0,0,0,70,68,100,2.7302399002429377e+23,82.2,2.730238459091057e+23,78.1,0.0,79.0,1,49,50,180,26215,0,0,0,0.0,0.0,0.0,0.0,-0.0,67.0,0.0,162057.094,0.0,977,0,1005,0,0,0,952,0,1029,0,926,0,791,0,782,0,822,0,7520,0.032,1.2624490475444974e+20,0.0,0.0,784,16797,-0.0,162057.094,-114818.039,-0.0,0.133,6.909358625270745e+28,30.0,70.0,35,0.0,0.0,0.0,0.0,0.0,0.0,0.0,0.0,0.0,0.0,0.0,0.0,0.0,0.0,0.0,0.0,66.4,0,150,71,52,65476,0,300,0,0,8,20529,65476,0,0,44564,70.0,0.0,0.0,0.0,0.0,0.0
2026-09-10T21:28:05,ERR,ERR,ERR,ERR,ERR,ERR,ERR,ERR,ERR,ERR,ERR,ERR,ERR,ERR,ERR,ERR,ERR,ERR,ERR,ERR,ERR,ERR,ERR,ERR,ERR,ERR,ERR,ERR,ERR,ERR,ERR,ERR,ERR,ERR,ERR,ERR,ERR,ERR,ERR,ERR,ERR,ERR,ERR,ERR,ERR,ERR,ERR,ERR,ERR,ERR,ERR,ERR,ERR,ERR,ERR,ERR,ERR,ERR,ERR,ERR,ERR,ERR,ERR,ERR,ERR,ERR,ERR,ERR,ERR,ERR,ERR,ERR,ERR,ERR,ERR,ERR,ERR,ERR,ERR,ERR,ERR,ERR,ERR,ERR,ERR,ERR,ERR,ERR,ERR,ERR,ERR,ERR,ERR,ERR,ERR,ERR,ERR,ERR,ERR,ERR,ERR,ERR,ERR,ERR,ERR,ERR,ERR,ERR,ERR,ERR,ERR,ERR,ERR,ERR,ERR,ERR,ERR,ERR,ERR,ERR,ERR,ERR,ERR,ERR,ERR,0.0,0.0,2.6474835549302285e+23,0.0,0.0,1.3936040501711995e+18,7.805,0.0,0,0,4,0,7116,0.0,100,0.0,0.0,0.0,0.0,0.0,0,0,0,0,0.0,0,0,0,0,0,0,0,0,0,0,0,0,0,0,0,0,0,0,0,0,0,0,0,0,0,0,0,0,0,0,0,0,0,31,40,40,71,65476,0,300,0,0,8,21553,0.0,-107605600.0,0.0,0.0,0.0,0.0,0.0,0.0,0.0,0.0,0.0,0.0,0.0,0.0,0.0,0.0,0.0,0.0,0.0,0.0,0.0,0.0,-2.004,2.004,2.004,-2.004,0.0,0.0,0.0,0.0,4498.0,8608165888.0,6919.0,0.0,0.0,-107615152.0,2.718429120148166e+23,0.0,0.0,0.0,0.0,69,-152018521948160.0,5.848047364202327e+35,0.0,0.0,0.0,0.0,0.0,0.0,0.0,0,0,0,0.0,0.0,0.0,0.0,0.0,0.0,0.0,0.0,0.0,0.0,0.0,0.0,0.0,0.0,0.0,0.0,0,-107875648.0,69,0.0,138,0.0,0.0,0,26215,17086,52429,17101,13107,17081,0,0,0,70,68,100,2.7302399002429377e+23,82.2,2.730238459091057e+23,78.1,0.0,79.0,1,49,50,180,26215,0,0,0,0.0,0.0,0.0,0.0,-0.0,67.0,0.0,162057.094,0.0,977,0,1005,0,0,0,952,0,1029,0,926,0,791,0,782,0,822,0,7520,0.032,1.2624490475444974e+20,0.0,0.0,784,16797,-0.0,162057.094,-114818.039,-0.0,0.133,6.909358625270745e+28,30.0,70.0,35,0.0,0.0,0.0,0.0,0.0,0.0,0.0,0.0,0.0,0.0,0.0,0.0,0.0,0.0,0.0,0.0,66.4,0,150,71,52,65476,0,300,0,0,8,20529,65476,0,0,44564,70.0,0.0,0.0,0.0,0.0,0.0
2026-09-10T21:28:06,ERR,ERR,ERR,ERR,ERR,ERR,ERR,ERR,ERR,ERR,ERR,ERR,ERR,ERR,ERR,ERR,ERR,ERR,ERR,ERR,ERR,ERR,ERR,ERR,ERR,ERR,ERR,ERR,ERR,ERR,ERR,ERR,ERR,ERR,ERR,ERR,ERR,ERR,ERR,ERR,ERR,ERR,ERR,ERR,ERR,ERR,ERR,ERR,ERR,ERR,ERR,ERR,ERR,ERR,ERR,ERR,ERR,ERR,ERR,ERR,ERR,ERR,ERR,ERR,ERR,ERR,ERR,ERR,ERR,ERR,ERR,ERR,ERR,ERR,ERR,ERR,ERR,ERR,ERR,ERR,ERR,ERR,ERR,ERR,ERR,ERR,ERR,ERR,ERR,ERR,ERR,ERR,ERR,ERR,ERR,ERR,ERR,ERR,ERR,ERR,ERR,ERR,ERR,ERR,ERR,ERR,ERR,ERR,ERR,ERR,ERR,ERR,ERR,ERR,ERR,ERR,ERR,ERR,ERR,ERR,ERR,ERR,ERR,ERR,ERR,0.0,0.0,2.6474835549302285e+23,0.0,0.0,1.3936040501711995e+18,7.805,0.0,0,0,4,0,7116,0.0,100,0.0,0.0,0.0,0.0,0.0,0,0,0,0,0.0,0,0,0,0,0,0,0,0,0,0,0,0,0,0,0,0,0,0,0,0,0,0,0,0,0,0,0,0,0,0,0,0,0,31,40,40,71,65476,0,300,0,0,8,21553,0.0,-107605600.0,0.0,0.0,0.0,0.0,0.0,0.0,0.0,0.0,0.0,0.0,0.0,0.0,0.0,0.0,0.0,0.0,0.0,0.0,0.0,0.0,-2.004,2.004,2.004,-2.004,0.0,0.0,0.0,0.0,4498.0,8608165888.0,6919.0,0.0,0.0,-107615152.0,2.718429120148166e+23,0.0,0.0,0.0,0.0,69,-152018521948160.0,5.848047364202327e+35,0.0,0.0,0.0,0.0,0.0,0.0,0.0,0,0,0,0.0,0.0,0.0,0.0,0.0,0.0,0.0,0.0,0.0,0.0,0.0,0.0,0.0,0.0,0.0,0.0,0,-107875648.0,69,0.0,138,0.0,0.0,0,26215,17086,52429,17101,13107,17081,0,0,0,70,68,100,2.7302399002429377e+23,82.2,2.730238459091057e+23,78.1,0.0,79.0,1,49,50,180,26215,0,0,0,0.0,0.0,0.0,0.0,-0.0,67.0,0.0,162057.094,0.0,977,0,1005,0,0,0,952,0,1029,0,926,0,791,0,782,0,822,0,7520,0.032,1.2624490475444974e+20,0.0,0.0,784,16797,-0.0,162057.094,-114818.039,-0.0,0.133,6.909358625270745e+28,30.0,70.0,35,0.0,0.0,0.0,0.0,0.0,0.0,0.0,0.0,0.0,0.0,0.0,0.0,0.0,0.0,0.0,0.0,66.4,0,150,71,52,65476,0,300,0,0,8,20529,65476,0,0,44564,70.0,0.0,0.0,0.0,0.0,0.0
2026-09-10T21:28:07,ERR,ERR,ERR,ERR,ERR,ERR,ERR,ERR,ERR,ERR,ERR,ERR,ERR,ERR,ERR,ERR,ERR,ERR,ERR,ERR,ERR,ERR,ERR,ERR,ERR,ERR,ERR,ERR,ERR,ERR,ERR,ERR,ERR,ERR,ERR,ERR,ERR,ERR,ERR,ERR,ERR,ERR,ERR,ERR,ERR,ERR,ERR,ERR,ERR,ERR,ERR,ERR,ERR,ERR,ERR,ERR,ERR,ERR,ERR,ERR,ERR,ERR,ERR,ERR,ERR,ERR,ERR,ERR,ERR,ERR,ERR,ERR,ERR,ERR,ERR,ERR,ERR,ERR,ERR,ERR,ERR,ERR,ERR,ERR,ERR,ERR,ERR,ERR,ERR,ERR,ERR,ERR,ERR,ERR,ERR,ERR,ERR,ERR,ERR,ERR,ERR,ERR,ERR,ERR,ERR,ERR,ERR,ERR,ERR,ERR,ERR,ERR,ERR,ERR,ERR,ERR,ERR,ERR,ERR,ERR,ERR,ERR,ERR,ERR,ERR,0.0,0.0,2.6474835549302285e+23,0.0,0.0,1.3936040501711995e+18,7.805,0.0,0,0,4,0,7116,0.0,100,0.0,0.0,0.0,0.0,0.0,0,0,0,0,0.0,0,0,0,0,0,0,0,0,0,0,0,0,0,0,0,0,0,0,0,0,0,0,0,0,0,0,0,0,0,0,0,0,0,31,40,40,71,65476,0,300,0,0,8,21553,0.0,-107605600.0,0.0,0.0,0.0,0.0,0.0,0.0,0.0,0.0,0.0,0.0,0.0,0.0,0.0,0.0,0.0,0.0,0.0,0.0,0.0,0.0,-2.004,2.004,2.004,-2.004,0.0,0.0,0.0,0.0,4498.0,8608165888.0,6919.0,0.0,0.0,-107615152.0,2.718429120148166e+23,0.0,0.0,0.0,0.0,69,-152018521948160.0,5.848047364202327e+35,0.0,0.0,0.0,0.0,0.0,0.0,0.0,0,0,0,0.0,0.0,0.0,0.0,0.0,0.0,0.0,0.0,0.0,0.0,0.0,0.0,0.0,0.0,0.0,0.0,0,-107875648.0,69,0.0,138,0.0,0.0,0,26215,17086,52429,17101,13107,17081,0,0,0,70,68,100,2.7302399002429377e+23,82.2,2.730238459091057e+23,78.1,0.0,79.0,1,49,50,180,26215,0,0,0,0.0,0.0,0.0,0.0,-0.0,67.0,0.0,162057.094,0.0,977,0,1005,0,0,0,952,0,1029,0,926,0,791,0,782,0,822,0,7520,0.032,1.2624490475444974e+20,0.0,0.0,784,16797,-0.0,162057.094,-114818.039,-0.0,0.133,6.909358625270745e+28,30.0,70.0,35,0.0,0.0,0.0,0.0,0.0,0.0,0.0,0.0,0.0,0.0,0.0,0.0,0.0,0.0,0.0,0.0,66.4,0,150,71,52,65476,0,300,0,0,8,20529,65476,0,0,44564,70.0,0.0,0.0,0.0,0.0,0.0
2026-09-10T21:28:08,ERR,ERR,ERR,ERR,ERR,ERR,ERR,ERR,ERR,ERR,ERR,ERR,ERR,ERR,ERR,ERR,ERR,ERR,ERR,ERR,ERR,ERR,ERR,ERR,ERR,ERR,ERR,ERR,ERR,ERR,ERR,ERR,ERR,ERR,ERR,ERR,ERR,ERR,ERR,ERR,ERR,ERR,ERR,ERR,ERR,ERR,ERR,ERR,ERR,ERR,ERR,ERR,ERR,ERR,ERR,ERR,ERR,ERR,ERR,ERR,ERR,ERR,ERR,ERR,ERR,ERR,ERR,ERR,ERR,ERR,ERR,ERR,ERR,ERR,ERR,ERR,ERR,ERR,ERR,ERR,ERR,ERR,ERR,ERR,ERR,ERR,ERR,ERR,ERR,ERR,ERR,ERR,ERR,ERR,ERR,ERR,ERR,ERR,ERR,ERR,ERR,ERR,ERR,ERR,ERR,ERR,ERR,ERR,ERR,ERR,ERR,ERR,ERR,ERR,ERR,ERR,ERR,ERR,ERR,ERR,ERR,ERR,ERR,ERR,ERR,0.0,0.0,2.6474835549302285e+23,0.0,0.0,1.3936040501711995e+18,7.805,0.0,0,0,4,0,7116,0.0,100,0.0,0.0,0.0,0.0,0.0,0,0,0,0,0.0,0,0,0,0,0,0,0,0,0,0,0,0,0,0,0,0,0,0,0,0,0,0,0,0,0,0,0,0,0,0,0,0,0,31,40,40,71,65476,0,300,0,0,8,21553,0.0,-107605600.0,0.0,0.0,0.0,0.0,0.0,0.0,0.0,0.0,0.0,0.0,0.0,0.0,0.0,0.0,0.0,0.0,0.0,0.0,0.0,0.0,-2.004,2.004,2.004,-2.004,0.0,0.0,0.0,0.0,4489.0,2.004,6920.0,0.0,0.0,-107615152.0,2.718429120148166e+23,0.0,0.0,0.0,0.0,69,-0.059,-0.0,0.0,0.0,0.0,0.0,0.0,0.0,0.0,0,0,0,0.0,0.0,0.0,0.0,0.0,0.0,0.0,0.0,0.0,0.0,0.0,0.0,0.0,0.0,0.0,0.0,0,-107875648.0,69,0.0,138,0.0,0.0,0,26215,17086,52429,17101,13107,17081,0,0,0,70,68,100,2.7302399002429377e+23,82.2,2.730238459091057e+23,78.1,0.0,79.0,1,49,50,180,26215,0,0,0,0.0,0.0,0.0,0.0,-0.0,67.0,0.0,162057.094,0.0,977,0,1005,0,0,0,952,0,1029,0,926,0,791,0,782,0,822,0,7520,0.032,1.2624490475444974e+20,0.0,0.0,784,16797,-0.0,162057.094,-114818.039,-0.0,0.133,6.909358625270745e+28,30.0,70.0,35,0.0,0.0,0.0,0.0,0.0,0.0,0.0,0.0,0.0,0.0,0.0,0.0,0.0,0.0,0.0,0.0,66.4,0,150,71,52,65476,0,300,0,0,8,20529,65476,0,0,44564,70.0,0.0,0.0,0.0,0.0,0.0
2026-09-10T21:28:09,ERR,ERR,ERR,ERR,ERR,ERR,ERR,ERR,ERR,ERR,ERR,ERR,ERR,ERR,ERR,ERR,ERR,ERR,ERR,ERR,ERR,ERR,ERR,ERR,ERR,ERR,ERR,ERR,ERR,ERR,ERR,ERR,ERR,ERR,ERR,ERR,ERR,ERR,ERR,ERR,ERR,ERR,ERR,ERR,ERR,ERR,ERR,ERR,ERR,ERR,ERR,ERR,ERR,ERR,ERR,ERR,ERR,ERR,ERR,ERR,ERR,ERR,ERR,ERR,ERR,ERR,ERR,ERR,ERR,ERR,ERR,ERR,ERR,ERR,ERR,ERR,ERR,ERR,ERR,ERR,ERR,ERR,ERR,ERR,ERR,ERR,ERR,ERR,ERR,ERR,ERR,ERR,ERR,ERR,ERR,ERR,ERR,ERR,ERR,ERR,ERR,ERR,ERR,ERR,ERR,ERR,ERR,ERR,ERR,ERR,ERR,ERR,ERR,ERR,ERR,ERR,ERR,ERR,ERR,ERR,ERR,ERR,ERR,ERR,ERR,0.0,0.0,2.6474835549302285e+23,0.0,0.0,1.3936040501711995e+18,7.805,0.0,0,0,4,0,7116,0.0,100,0.0,0.0,0.0,0.0,0.0,0,0,0,0,0.0,0,0,0,0,0,0,0,0,0,0,0,0,0,0,0,0,0,0,0,0,0,0,0,0,0,0,0,0,0,0,0,0,0,31,40,40,71,65476,0,300,0,0,8,21553,0.0,-107605600.0,0.0,0.0,0.0,0.0,0.0,0.0,0.0,0.0,0.0,0.0,0.0,0.0,0.0,0.0,0.0,0.0,0.0,0.0,0.0,0.0,-2.004,2.004,2.004,-2.004,0.0,0.0,0.0,0.0,4489.0,2.004,6920.0,0.0,0.0,-107615152.0,2.718429120148166e+23,0.0,0.0,0.0,0.0,69,-0.059,-0.0,0.0,0.0,0.0,0.0,0.0,0.0,0.0,0,0,0,0.0,0.0,0.0,0.0,0.0,0.0,0.0,0.0,0.0,0.0,0.0,0.0,0.0,0.0,0.0,0.0,0,-107875648.0,69,0.0,138,0.0,0.0,0,26215,17086,52429,17101,13107,17081,0,0,0,70,68,100,2.7302399002429377e+23,82.2,2.730238459091057e+23,78.1,0.0,79.0,1,49,50,180,26215,0,0,0,0.0,0.0,0.0,0.0,-0.0,67.0,0.0,162057.094,0.0,977,0,1005,0,0,0,952,0,1029,0,926,0,791,0,782,0,822,0,7520,0.032,1.2624490475444974e+20,0.0,0.0,784,16797,-0.0,162057.094,-114818.039,-0.0,0.133,6.909358625270745e+28,30.0,70.0,35,0.0,0.0,0.0,0.0,0.0,0.0,0.0,0.0,0.0,0.0,0.0,0.0,0.0,0.0,0.0,0.0,66.4,0,150,71,52,65476,0,300,0,0,8,20529,65476,0,0,44564,70.0,0.0,0.0,0.0,0.0,0.0
2026-09-10T21:28:10,ERR,ERR,ERR,ERR,ERR,ERR,ERR,ERR,ERR,ERR,ERR,ERR,ERR,ERR,ERR,ERR,ERR,ERR,ERR,ERR,ERR,ERR,ERR,ERR,ERR,ERR,ERR,ERR,ERR,ERR,ERR,ERR,ERR,ERR,ERR,ERR,ERR,ERR,ERR,ERR,ERR,ERR,ERR,ERR,ERR,ERR,ERR,ERR,ERR,ERR,ERR,ERR,ERR,ERR,ERR,ERR,ERR,ERR,ERR,ERR,ERR,ERR,ERR,ERR,ERR,ERR,ERR,ERR,ERR,ERR,ERR,ERR,ERR,ERR,ERR,ERR,ERR,ERR,ERR,ERR,ERR,ERR,ERR,ERR,ERR,ERR,ERR,ERR,ERR,ERR,ERR,ERR,ERR,ERR,ERR,ERR,ERR,ERR,ERR,ERR,ERR,ERR,ERR,ERR,ERR,ERR,ERR,ERR,ERR,ERR,ERR,ERR,ERR,ERR,ERR,ERR,ERR,ERR,ERR,ERR,ERR,ERR,ERR,ERR,ERR,0.0,0.0,2.6474835549302285e+23,0.0,0.0,1.3936040501711995e+18,7.805,0.0,0,0,4,0,7116,0.0,100,0.0,0.0,0.0,0.0,0.0,0,0,0,0,0.0,0,0,0,0,0,0,0,0,0,0,0,0,0,0,0,0,0,0,0,0,0,0,0,0,0,0,0,0,0,0,0,0,0,31,40,40,71,65476,0,300,0,0,8,21553,0.0,-107605600.0,0.0,0.0,0.0,0.0,0.0,0.0,0.0,0.0,0.0,0.0,0.0,0.0,0.0,0.0,0.0,0.0,0.0,0.0,0.0,0.0,-2.004,2.004,2.004,-2.004,0.0,0.0,0.0,0.0,4489.0,2.004,6920.0,0.0,0.0,-107615152.0,2.718429120148166e+23,0.0,0.0,0.0,0.0,69,-0.059,-0.0,0.0,0.0,0.0,0.0,0.0,0.0,0.0,0,0,0,0.0,0.0,0.0,0.0,0.0,0.0,0.0,0.0,0.0,0.0,0.0,0.0,0.0,0.0,0.0,0.0,0,-107875648.0,69,0.0,138,0.0,0.0,0,26215,17086,52429,17101,13107,17081,0,0,0,70,68,100,2.7302399002429377e+23,82.2,2.730238459091057e+23,78.1,0.0,79.0,1,49,50,180,26215,0,0,0,0.0,0.0,0.0,0.0,-0.0,67.0,0.0,162057.094,0.0,977,0,1005,0,0,0,952,0,1029,0,927,0,791,0,782,0,822,0,7520,0.032,1.2682136550675317e+20,0.0,0.0,784,16797,-0.0,162057.094,-114818.039,-0.0,0.133,6.909358625270745e+28,30.0,70.0,35,0.0,0.0,0.0,0.0,0.0,0.0,0.0,0.0,0.0,0.0,0.0,0.0,0.0,0.0,0.0,0.0,66.4,0,150,71,52,65476,0,300,0,0,8,20529,65476,0,0,44564,70.0,0.0,0.0,0.0,0.0,0.0
2026-09-10T21:28:11,ERR,ERR,ERR,ERR,ERR,ERR,ERR,ERR,ERR,ERR,ERR,ERR,ERR,ERR,ERR,ERR,ERR,ERR,ERR,ERR,ERR,ERR,ERR,ERR,ERR,ERR,ERR,ERR,ERR,ERR,ERR,ERR,ERR,ERR,ERR,ERR,ERR,ERR,ERR,ERR,ERR,ERR,ERR,ERR,ERR,ERR,ERR,ERR,ERR,ERR,ERR,ERR,ERR,ERR,ERR,ERR,ERR,ERR,ERR,ERR,ERR,ERR,ERR,ERR,ERR,ERR,ERR,ERR,ERR,ERR,ERR,ERR,ERR,ERR,ERR,ERR,ERR,ERR,ERR,ERR,ERR,ERR,ERR,ERR,ERR,ERR,ERR,ERR,ERR,ERR,ERR,ERR,ERR,ERR,ERR,ERR,ERR,ERR,ERR,ERR,ERR,ERR,ERR,ERR,ERR,ERR,ERR,ERR,ERR,ERR,ERR,ERR,ERR,ERR,ERR,ERR,ERR,ERR,ERR,ERR,ERR,ERR,ERR,ERR,ERR,0.0,0.0,2.6474835549302285e+23,0.0,0.0,1.3936040501711995e+18,7.805,0.0,0,0,4,0,7116,0.0,100,0.0,0.0,0.0,0.0,0.0,0,0,0,0,0.0,0,0,0,0,0,0,0,0,0,0,0,0,0,0,0,0,0,0,0,0,0,0,0,0,0,0,0,0,0,0,0,0,0,31,40,40,71,65476,0,300,0,0,8,21553,0.0,-107605600.0,0.0,0.0,0.0,0.0,0.0,0.0,0.0,0.0,0.0,0.0,0.0,0.0,0.0,0.0,0.0,0.0,0.0,0.0,0.0,0.0,-2.004,2.004,2.004,-2.004,0.0,0.0,0.0,0.0,4489.0,2.004,6920.0,0.0,0.0,-107615152.0,2.718429120148166e+23,0.0,0.0,0.0,0.0,69,-0.059,-0.0,0.0,0.0,0.0,0.0,0.0,0.0,0.0,0,0,0,0.0,0.0,0.0,0.0,0.0,0.0,0.0,0.0,0.0,0.0,0.0,0.0,0.0,0.0,0.0,0.0,0,-107875648.0,69,0.0,138,0.0,0.0,0,26215,17086,52429,17101,13107,17081,0,0,0,70,68,100,2.7302399002429377e+23,82.2,2.730238459091057e+23,78.1,0.0,79.0,1,49,50,180,26215,0,0,0,0.0,0.0,0.0,0.0,-0.0,67.0,0.0,162057.094,0.0,977,0,1005,0,0,0,952,0,1029,0,927,0,791,0,782,0,822,0,7520,0.032,1.2682136550675317e+20,0.0,0.0,784,16797,-0.0,162057.094,-114818.039,-0.0,0.133,6.909358625270745e+28,30.0,70.0,35,0.0,0.0,0.0,0.0,0.0,0.0,0.0,0.0,0.0,0.0,0.0,0.0,0.0,0.0,0.0,0.0,66.4,0,150,71,52,65476,0,300,0,0,8,20529,65476,0,0,44564,70.0,0.0,0.0,0.0,0.0,0.0
2026-09-10T21:28:12,ERR,ERR,ERR,ERR,ERR,ERR,ERR,ERR,ERR,ERR,ERR,ERR,ERR,ERR,ERR,ERR,ERR,ERR,ERR,ERR,ERR,ERR,ERR,ERR,ERR,ERR,ERR,ERR,ERR,ERR,ERR,ERR,ERR,ERR,ERR,ERR,ERR,ERR,ERR,ERR,ERR,ERR,ERR,ERR,ERR,ERR,ERR,ERR,ERR,ERR,ERR,ERR,ERR,ERR,ERR,ERR,ERR,ERR,ERR,ERR,ERR,ERR,ERR,ERR,ERR,ERR,ERR,ERR,ERR,ERR,ERR,ERR,ERR,ERR,ERR,ERR,ERR,ERR,ERR,ERR,ERR,ERR,ERR,ERR,ERR,ERR,ERR,ERR,ERR,ERR,ERR,ERR,ERR,ERR,ERR,ERR,ERR,ERR,ERR,ERR,ERR,ERR,ERR,ERR,ERR,ERR,ERR,ERR,ERR,ERR,ERR,ERR,ERR,ERR,ERR,ERR,ERR,ERR,ERR,ERR,ERR,ERR,ERR,ERR,ERR,0.0,0.0,2.6474835549302285e+23,0.0,0.0,1.3936040501711995e+18,7.805,0.0,0,0,4,0,7116,0.0,100,0.0,0.0,0.0,0.0,0.0,0,0,0,0,0.0,0,0,0,0,0,0,0,0,0,0,0,0,0,0,0,0,0,0,0,0,0,0,0,0,0,0,0,0,0,0,0,0,0,31,40,40,71,65476,0,300,0,0,8,21553,0.0,-107605600.0,0.0,0.0,0.0,0.0,0.0,0.0,0.0,0.0,0.0,0.0,0.0,0.0,0.0,0.0,0.0,0.0,0.0,0.0,0.0,0.0,-2.004,2.004,2.004,-2.004,0.0,0.0,0.0,0.0,4489.0,2.004,6920.0,0.0,0.0,-107615152.0,2.718429120148166e+23,0.0,0.0,0.0,0.0,69,-0.059,-0.0,0.0,0.0,0.0,0.0,0.0,0.0,0.0,0,0,0,0.0,0.0,0.0,0.0,0.0,0.0,0.0,0.0,0.0,0.0,0.0,0.0,0.0,0.0,0.0,0.0,0,-107875648.0,69,0.0,138,0.0,0.0,0,26215,17086,52429,17101,13107,17081,0,0,0,70,68,100,2.7302399002429377e+23,82.2,2.730238459091057e+23,78.1,0.0,79.0,1,49,50,180,26215,0,0,0,0.0,0.0,0.0,0.0,-0.0,67.0,0.0,162057.094,0.0,977,0,1005,0,0,0,952,0,1029,0,927,0,791,0,782,0,822,0,7520,0.032,1.2682136550675317e+20,0.0,0.0,784,16797,-0.0,162057.094,-114818.039,-0.0,0.133,6.909358625270745e+28,30.0,70.0,35,0.0,0.0,0.0,0.0,0.0,0.0,0.0,0.0,0.0,0.0,0.0,0.0,0.0,0.0,0.0,0.0,66.4,0,150,71,52,65476,0,300,0,0,8,20529,65476,0,0,44564,70.0,0.0,0.0,0.0,0.0,0.0
2026-09-10T21:28:13,ERR,ERR,ERR,ERR,ERR,ERR,ERR,ERR,ERR,ERR,ERR,ERR,ERR,ERR,ERR,ERR,ERR,ERR,ERR,ERR,ERR,ERR,ERR,ERR,ERR,ERR,ERR,ERR,ERR,ERR,ERR,ERR,ERR,ERR,ERR,ERR,ERR,ERR,ERR,ERR,ERR,ERR,ERR,ERR,ERR,ERR,ERR,ERR,ERR,ERR,ERR,ERR,ERR,ERR,ERR,ERR,ERR,ERR,ERR,ERR,ERR,ERR,ERR,ERR,ERR,ERR,ERR,ERR,ERR,ERR,ERR,ERR,ERR,ERR,ERR,ERR,ERR,ERR,ERR,ERR,ERR,ERR,ERR,ERR,ERR,ERR,ERR,ERR,ERR,ERR,ERR,ERR,ERR,ERR,ERR,ERR,ERR,ERR,ERR,ERR,ERR,ERR,ERR,ERR,ERR,ERR,ERR,ERR,ERR,ERR,ERR,ERR,ERR,ERR,ERR,ERR,ERR,ERR,ERR,ERR,ERR,ERR,ERR,ERR,ERR,0.0,0.0,2.6474835549302285e+23,0.0,0.0,1.3936040501711995e+18,7.805,0.0,0,0,4,0,7116,0.0,100,0.0,0.0,0.0,0.0,0.0,0,0,0,0,0.0,0,0,0,0,0,0,0,0,0,0,0,0,0,0,0,0,0,0,0,0,0,0,0,0,0,0,0,0,0,0,0,0,0,31,40,40,71,65476,0,300,0,0,8,21553,0.0,-107605600.0,0.0,0.0,0.0,0.0,0.0,0.0,0.0,0.0,0.0,0.0,0.0,0.0,0.0,0.0,0.0,0.0,0.0,0.0,0.0,0.0,-2.004,2.004,2.004,-2.004,0.0,0.0,0.0,0.0,4489.0,2.004,6920.0,0.0,0.0,-107615152.0,2.718429120148166e+23,0.0,0.0,0.0,0.0,69,-0.059,-0.0,0.0,0.0,0.0,0.0,0.0,0.0,0.0,0,0,0,0.0,0.0,0.0,0.0,0.0,0.0,0.0,0.0,0.0,0.0,0.0,0.0,0.0,0.0,0.0,0.0,0,-107875648.0,69,0.0,138,0.0,0.0,0,26215,17086,52429,17101,13107,17081,0,0,0,70,68,100,2.7302399002429377e+23,82.2,2.730238459091057e+23,78.1,0.0,79.0,1,49,50,180,26215,0,0,0,0.0,0.0,0.0,0.0,-0.0,67.0,0.0,162057.094,0.0,977,0,1005,0,0,0,952,0,1029,0,927,0,791,0,782,0,822,0,7520,0.032,1.2682136550675317e+20,0.0,0.0,784,16797,-0.0,162057.094,-114818.039,-0.0,0.133,6.909358625270745e+28,30.0,70.0,35,0.0,0.0,0.0,0.0,0.0,0.0,0.0,0.0,0.0,0.0,0.0,0.0,0.0,0.0,0.0,0.0,66.4,0,150,71,52,65476,0,300,0,0,8,20529,65476,0,0,44564,70.0,0.0,0.0,0.0,0.0,0.0
2026-09-10T21:28:14,ERR,ERR,ERR,ERR,ERR,ERR,ERR,ERR,ERR,ERR,ERR,ERR,ERR,ERR,ERR,ERR,ERR,ERR,ERR,ERR,ERR,ERR,ERR,ERR,ERR,ERR,ERR,ERR,ERR,ERR,ERR,ERR,ERR,ERR,ERR,ERR,ERR,ERR,ERR,ERR,ERR,ERR,ERR,ERR,ERR,ERR,ERR,ERR,ERR,ERR,ERR,ERR,ERR,ERR,ERR,ERR,ERR,ERR,ERR,ERR,ERR,ERR,ERR,ERR,ERR,ERR,ERR,ERR,ERR,ERR,ERR,ERR,ERR,ERR,ERR,ERR,ERR,ERR,ERR,ERR,ERR,ERR,ERR,ERR,ERR,ERR,ERR,ERR,ERR,ERR,ERR,ERR,ERR,ERR,ERR,ERR,ERR,ERR,ERR,ERR,ERR,ERR,ERR,ERR,ERR,ERR,ERR,ERR,ERR,ERR,ERR,ERR,ERR,ERR,ERR,ERR,ERR,ERR,ERR,ERR,ERR,ERR,ERR,ERR,ERR,0.0,0.0,2.6474835549302285e+23,0.0,0.0,1.3936040501711995e+18,7.805,0.0,0,0,4,0,7116,0.0,100,0.0,0.0,0.0,0.0,0.0,0,0,0,0,0.0,0,0,0,0,0,0,0,0,0,0,0,0,0,0,0,0,0,0,0,0,0,0,0,0,0,0,0,0,0,0,0,0,0,31,40,40,71,65476,0,300,0,0,8,21553,0.0,-107605600.0,0.0,0.0,0.0,0.0,0.0,0.0,0.0,0.0,0.0,0.0,0.0,0.0,0.0,0.0,0.0,0.0,0.0,0.0,0.0,0.0,-2.004,2.004,2.004,-2.004,0.0,0.0,0.0,0.0,4489.0,2.004,6920.0,0.0,0.0,-107615152.0,2.718429120148166e+23,0.0,0.0,0.0,0.0,69,-0.059,-0.0,0.0,0.0,0.0,0.0,0.0,0.0,0.0,0,0,0,0.0,0.0,0.0,0.0,0.0,0.0,0.0,0.0,0.0,0.0,0.0,0.0,0.0,0.0,0.0,0.0,0,-107875648.0,69,0.0,138,0.0,0.0,0,26215,17086,52429,17101,13107,17081,0,0,0,70,68,100,2.7302399002429377e+23,82.2,2.730238459091057e+23,78.1,0.0,79.0,1,49,50,180,26215,0,0,0,0.0,0.0,0.0,0.0,-0.0,67.0,0.0,162057.094,0.0,977,0,1005,0,0,0,952,0,1029,0,927,0,791,0,782,0,822,0,7520,0.032,1.2682136550675317e+20,0.0,0.0,784,16797,-0.0,162057.094,-114818.039,-0.0,0.133,6.909358625270745e+28,30.0,70.0,35,0.0,0.0,0.0,0.0,0.0,0.0,0.0,0.0,0.0,0.0,0.0,0.0,0.0,0.0,0.0,0.0,66.4,0,150,71,52,65476,0,300,0,0,8,20529,65476,0,0,44564,70.0,0.0,0.0,0.0,0.0,0.0
2026-09-10T21:28:15,ERR,ERR,ERR,ERR,ERR,ERR,ERR,ERR,ERR,ERR,ERR,ERR,ERR,ERR,ERR,ERR,ERR,ERR,ERR,ERR,ERR,ERR,ERR,ERR,ERR,ERR,ERR,ERR,ERR,ERR,ERR,ERR,ERR,ERR,ERR,ERR,ERR,ERR,ERR,ERR,ERR,ERR,ERR,ERR,ERR,ERR,ERR,ERR,ERR,ERR,ERR,ERR,ERR,ERR,ERR,ERR,ERR,ERR,ERR,ERR,ERR,ERR,ERR,ERR,ERR,ERR,ERR,ERR,ERR,ERR,ERR,ERR,ERR,ERR,ERR,ERR,ERR,ERR,ERR,ERR,ERR,ERR,ERR,ERR,ERR,ERR,ERR,ERR,ERR,ERR,ERR,ERR,ERR,ERR,ERR,ERR,ERR,ERR,ERR,ERR,ERR,ERR,ERR,ERR,ERR,ERR,ERR,ERR,ERR,ERR,ERR,ERR,ERR,ERR,ERR,ERR,ERR,ERR,ERR,ERR,ERR,ERR,ERR,ERR,ERR,0.0,0.0,2.6474835549302285e+23,0.0,0.0,1.3936040501711995e+18,7.805,0.0,0,0,4,0,7116,0.0,100,0.0,0.0,0.0,0.0,0.0,0,0,0,0,0.0,0,0,0,0,0,0,0,0,0,0,0,0,0,0,0,0,0,0,0,0,0,0,0,0,0,0,0,0,0,0,0,0,0,31,40,40,71,65476,0,300,0,0,8,21553,0.0,-107605600.0,0.0,0.0,0.0,0.0,0.0,0.0,0.0,0.0,0.0,0.0,0.0,0.0,0.0,0.0,0.0,0.0,0.0,0.0,0.0,0.0,-2.004,2.004,2.004,-2.004,0.0,0.0,0.0,0.0,4489.0,2.004,6920.0,0.0,0.0,-107615152.0,2.718429120148166e+23,0.0,0.0,0.0,0.0,69,-0.059,-0.0,0.0,0.0,0.0,0.0,0.0,0.0,0.0,0,0,0,0.0,0.0,0.0,0.0,0.0,0.0,0.0,0.0,0.0,0.0,0.0,0.0,0.0,0.0,0.0,0.0,0,-107875648.0,69,0.0,138,0.0,0.0,0,26215,17086,52429,17101,26215,17081,0,0,0,70,68,100,2.7302399002429377e+23,82.2,2.730238459091057e+23,78.1,0.0,79.0,1,49,50,180,26215,0,0,0,0.0,0.0,0.0,0.0,-0.0,67.0,0.0,162057.094,0.0,977,0,1005,0,0,0,952,0,1029,0,927,0,791,0,782,0,822,0,7520,0.032,1.2682136550675317e+20,0.0,0.0,784,16797,-0.0,162057.094,-114818.039,-0.0,0.133,6.909358625270745e+28,30.0,70.0,35,0.0,0.0,0.0,0.0,0.0,0.0,0.0,0.0,0.0,0.0,0.0,0.0,0.0,0.0,0.0,0.0,66.4,0,150,71,52,65476,0,300,0,0,8,20529,65476,0,0,44564,70.0,0.0,0.0,0.0,0.0,0.0
2026-09-10T21:28:16,ERR,ERR,ERR,ERR,ERR,ERR,ERR,ERR,ERR,ERR,ERR,ERR,ERR,ERR,ERR,ERR,ERR,ERR,ERR,ERR,ERR,ERR,ERR,ERR,ERR,ERR,ERR,ERR,ERR,ERR,ERR,ERR,ERR,ERR,ERR,ERR,ERR,ERR,ERR,ERR,ERR,ERR,ERR,ERR,ERR,ERR,ERR,ERR,ERR,ERR,ERR,ERR,ERR,ERR,ERR,ERR,ERR,ERR,ERR,ERR,ERR,ERR,ERR,ERR,ERR,ERR,ERR,ERR,ERR,ERR,ERR,ERR,ERR,ERR,ERR,ERR,ERR,ERR,ERR,ERR,ERR,ERR,ERR,ERR,ERR,ERR,ERR,ERR,ERR,ERR,ERR,ERR,ERR,ERR,ERR,ERR,ERR,ERR,ERR,ERR,ERR,ERR,ERR,ERR,ERR,ERR,ERR,ERR,ERR,ERR,ERR,ERR,ERR,ERR,ERR,ERR,ERR,ERR,ERR,ERR,ERR,ERR,ERR,ERR,ERR,0.0,0.0,2.6474835549302285e+23,0.0,0.0,1.3936040501711995e+18,7.805,0.0,0,0,4,0,7116,0.0,100,0.0,0.0,0.0,0.0,0.0,0,0,0,0,0.0,0,0,0,0,0,0,0,0,0,0,0,0,0,0,0,0,0,0,0,0,0,0,0,0,0,0,0,0,0,0,0,0,0,31,40,40,71,65476,0,300,0,0,8,21553,0.0,-107605600.0,0.0,0.0,0.0,0.0,0.0,0.0,0.0,0.0,0.0,0.0,0.0,0.0,0.0,0.0,0.0,0.0,0.0,0.0,0.0,0.0,0.0,2.004,2.004,-0.0,0.0,0.0,0.0,0.0,4494.0,0.0,6919.0,0.0,0.0,-107615152.0,0.0,0.0,0.0,0.0,0.0,69,-107615376.0,-0.0,0.0,0.0,0.0,0.0,0.0,0.0,0.0,0,0,0,0.0,0.0,0.0,0.0,0.0,0.0,0.0,0.0,0.0,0.0,0.0,0.0,0.0,0.0,0.0,0.0,0,-107875648.0,69,0.0,138,0.0,0.0,0,26215,17086,52429,17101,26215,17081,0,0,0,70,68,100,2.7302399002429377e+23,82.2,2.730238459091057e+23,78.1,0.0,79.0,1,49,50,180,26215,0,0,0,0.0,0.0,0.0,0.0,-0.0,67.0,0.0,162057.094,0.0,977,0,1005,0,0,0,952,0,1029,0,927,0,791,0,782,0,822,0,7520,0.032,1.2682136550675317e+20,0.0,0.0,784,16797,-0.0,162057.094,-114818.039,-0.0,0.133,6.909358625270745e+28,30.0,70.0,35,0.0,0.0,0.0,0.0,0.0,0.0,0.0,0.0,0.0,0.0,0.0,0.0,0.0,0.0,0.0,0.0,66.4,0,150,71,52,65476,0,300,0,0,8,20529,65476,0,0,44564,70.0,0.0,0.0,0.0,0.0,0.0
2026-09-10T21:28:17,ERR,ERR,ERR,ERR,ERR,ERR,ERR,ERR,ERR,ERR,ERR,ERR,ERR,ERR,ERR,ERR,ERR,ERR,ERR,ERR,ERR,ERR,ERR,ERR,ERR,ERR,ERR,ERR,ERR,ERR,ERR,ERR,ERR,ERR,ERR,ERR,ERR,ERR,ERR,ERR,ERR,ERR,ERR,ERR,ERR,ERR,ERR,ERR,ERR,ERR,ERR,ERR,ERR,ERR,ERR,ERR,ERR,ERR,ERR,ERR,ERR,ERR,ERR,ERR,ERR,ERR,ERR,ERR,ERR,ERR,ERR,ERR,ERR,ERR,ERR,ERR,ERR,ERR,ERR,ERR,ERR,ERR,ERR,ERR,ERR,ERR,ERR,ERR,ERR,ERR,ERR,ERR,ERR,ERR,ERR,ERR,ERR,ERR,ERR,ERR,ERR,ERR,ERR,ERR,ERR,ERR,ERR,ERR,ERR,ERR,ERR,ERR,ERR,ERR,ERR,ERR,ERR,ERR,ERR,ERR,ERR,ERR,ERR,ERR,ERR,0.0,0.0,2.6474835549302285e+23,0.0,0.0,1.3936040501711995e+18,7.805,0.0,0,0,4,0,7116,0.0,100,0.0,0.0,0.0,0.0,0.0,0,0,0,0,0.0,0,0,0,0,0,0,0,0,0,0,0,0,0,0,0,0,0,0,0,0,0,0,0,0,0,0,0,0,0,0,0,0,0,31,40,40,71,65476,0,300,0,0,8,21553,0.0,-107605600.0,0.0,0.0,0.0,0.0,0.0,0.0,0.0,0.0,0.0,0.0,0.0,0.0,0.0,0.0,0.0,0.0,0.0,0.0,0.0,0.0,0.0,2.004,2.004,-0.0,0.0,0.0,0.0,0.0,4494.0,0.0,6919.0,0.0,0.0,-107615152.0,0.0,0.0,0.0,0.0,0.0,69,-107615376.0,-0.0,0.0,0.0,0.0,0.0,0.0,0.0,0.0,0,0,0,0.0,0.0,0.0,0.0,0.0,0.0,0.0,0.0,0.0,0.0,0.0,0.0,0.0,0.0,0.0,0.0,0,-107875648.0,69,0.0,138,0.0,0.0,0,26215,17086,52429,17101,26215,17081,0,0,0,70,68,100,2.7302399002429377e+23,82.2,2.730238459091057e+23,78.1,0.0,79.0,1,49,50,180,26215,0,0,0,0.0,0.0,0.0,0.0,-0.0,67.0,0.0,162057.094,0.0,977,0,1005,0,0,0,952,0,1029,0,927,0,791,0,782,0,822,0,7520,0.032,1.2682136550675317e+20,0.0,0.0,784,16797,-0.0,162057.094,-114818.039,-0.0,0.133,6.909358625270745e+28,30.0,70.0,35,0.0,0.0,0.0,0.0,0.0,0.0,0.0,0.0,0.0,0.0,0.0,0.0,0.0,0.0,0.0,0.0,66.4,0,150,71,52,65476,0,300,0,0,8,20529,65476,0,0,44564,70.0,0.0,0.0,0.0,0.0,0.0
2026-09-10T21:28:18,ERR,ERR,ERR,ERR,ERR,ERR,ERR,ERR,ERR,ERR,ERR,ERR,ERR,ERR,ERR,ERR,ERR,ERR,ERR,ERR,ERR,ERR,ERR,ERR,ERR,ERR,ERR,ERR,ERR,ERR,ERR,ERR,ERR,ERR,ERR,ERR,ERR,ERR,ERR,ERR,ERR,ERR,ERR,ERR,ERR,ERR,ERR,ERR,ERR,ERR,ERR,ERR,ERR,ERR,ERR,ERR,ERR,ERR,ERR,ERR,ERR,ERR,ERR,ERR,ERR,ERR,ERR,ERR,ERR,ERR,ERR,ERR,ERR,ERR,ERR,ERR,ERR,ERR,ERR,ERR,ERR,ERR,ERR,ERR,ERR,ERR,ERR,ERR,ERR,ERR,ERR,ERR,ERR,ERR,ERR,ERR,ERR,ERR,ERR,ERR,ERR,ERR,ERR,ERR,ERR,ERR,ERR,ERR,ERR,ERR,ERR,ERR,ERR,ERR,ERR,ERR,ERR,ERR,ERR,ERR,ERR,ERR,ERR,ERR,ERR,0.0,0.0,2.6474835549302285e+23,0.0,0.0,1.3936040501711995e+18,7.805,0.0,0,0,4,0,7116,0.0,100,0.0,0.0,0.0,0.0,0.0,0,0,0,0,0.0,0,0,0,0,0,0,0,0,0,0,0,0,0,0,0,0,0,0,0,0,0,0,0,0,0,0,0,0,0,0,0,0,0,31,40,40,71,65476,0,300,0,0,8,21553,0.0,-107605600.0,0.0,0.0,0.0,0.0,0.0,0.0,0.0,0.0,0.0,0.0,0.0,0.0,0.0,0.0,0.0,0.0,0.0,0.0,0.0,0.0,0.0,2.004,2.004,-0.0,0.0,0.0,0.0,0.0,4494.0,0.0,6919.0,0.0,0.0,-107615152.0,0.0,0.0,0.0,0.0,0.0,69,-107615376.0,-0.0,0.0,0.0,0.0,0.0,0.0,0.0,0.0,0,0,0,0.0,0.0,0.0,0.0,0.0,0.0,0.0,0.0,0.0,0.0,0.0,0.0,0.0,0.0,0.0,0.0,0,-107875648.0,69,0.0,138,0.0,0.0,0,26215,17086,52429,17101,26215,17081,0,0,0,70,68,100,2.7302399002429377e+23,82.2,2.730238459091057e+23,78.1,0.0,79.0,1,49,50,180,26215,0,0,0,0.0,0.0,0.0,0.0,-0.0,67.0,0.0,162057.094,0.0,977,0,1005,0,0,0,952,0,1029,0,927,0,791,0,782,0,822,0,7520,0.032,1.2682136550675317e+20,0.0,0.0,784,16797,-0.0,162057.094,-114818.039,-0.0,0.133,6.909358625270745e+28,30.0,70.0,35,0.0,0.0,0.0,0.0,0.0,0.0,0.0,0.0,0.0,0.0,0.0,0.0,0.0,0.0,0.0,0.0,66.4,0,150,71,52,65476,0,300,0,0,8,20529,65476,0,0,44564,70.0,0.0,0.0,0.0,0.0,0.0
2026-09-10T21:28:19,ERR,ERR,ERR,ERR,ERR,ERR,ERR,ERR,ERR,ERR,ERR,ERR,ERR,ERR,ERR,ERR,ERR,ERR,ERR,ERR,ERR,ERR,ERR,ERR,ERR,ERR,ERR,ERR,ERR,ERR,ERR,ERR,ERR,ERR,ERR,ERR,ERR,ERR,ERR,ERR,ERR,ERR,ERR,ERR,ERR,ERR,ERR,ERR,ERR,ERR,ERR,ERR,ERR,ERR,ERR,ERR,ERR,ERR,ERR,ERR,ERR,ERR,ERR,ERR,ERR,ERR,ERR,ERR,ERR,ERR,ERR,ERR,ERR,ERR,ERR,ERR,ERR,ERR,ERR,ERR,ERR,ERR,ERR,ERR,ERR,ERR,ERR,ERR,ERR,ERR,ERR,ERR,ERR,ERR,ERR,ERR,ERR,ERR,ERR,ERR,ERR,ERR,ERR,ERR,ERR,ERR,ERR,ERR,ERR,ERR,ERR,ERR,ERR,ERR,ERR,ERR,ERR,ERR,ERR,ERR,ERR,ERR,ERR,ERR,ERR,0.0,0.0,2.6474835549302285e+23,0.0,0.0,1.3936040501711995e+18,7.805,0.0,0,0,4,0,7116,0.0,100,0.0,0.0,0.0,0.0,0.0,0,0,0,0,0.0,0,0,0,0,0,0,0,0,0,0,0,0,0,0,0,0,0,0,0,0,0,0,0,0,0,0,0,0,0,0,0,0,0,31,40,40,71,65476,0,300,0,0,8,21553,0.0,-107605600.0,0.0,0.0,0.0,0.0,0.0,0.0,0.0,0.0,0.0,0.0,0.0,0.0,0.0,0.0,0.0,0.0,0.0,0.0,0.0,0.0,0.0,2.004,2.004,-0.0,0.0,0.0,0.0,0.0,4494.0,0.0,6919.0,0.0,0.0,-107615152.0,0.0,0.0,0.0,0.0,0.0,69,-107615376.0,-0.0,0.0,0.0,0.0,0.0,0.0,0.0,0.0,0,0,0,0.0,0.0,0.0,0.0,0.0,0.0,0.0,0.0,0.0,0.0,0.0,0.0,0.0,0.0,0.0,0.0,0,-107875648.0,69,0.0,138,0.0,0.0,0,26215,17086,52429,17101,26215,17081,0,0,0,70,68,100,2.7302399002429377e+23,82.2,2.730238459091057e+23,78.1,0.0,79.0,1,49,50,180,26215,0,0,0,0.0,0.0,0.0,0.0,-0.0,67.0,0.0,162057.094,0.0,977,0,1005,0,0,0,952,0,1029,0,927,0,791,0,782,0,822,0,7520,0.032,1.2682136550675317e+20,0.0,0.0,784,16797,-0.0,162057.094,-114818.039,-0.0,0.133,6.909358625270745e+28,30.0,70.0,35,0.0,0.0,0.0,0.0,0.0,0.0,0.0,0.0,0.0,0.0,0.0,0.0,0.0,0.0,0.0,0.0,66.4,0,150,71,52,65476,0,300,0,0,8,20529,65476,0,0,44564,70.0,0.0,0.0,0.0,0.0,0.0
2026-09-10T21:28:20,ERR,ERR,ERR,ERR,ERR,ERR,ERR,ERR,ERR,ERR,ERR,ERR,ERR,ERR,ERR,ERR,ERR,ERR,ERR,ERR,ERR,ERR,ERR,ERR,ERR,ERR,ERR,ERR,ERR,ERR,ERR,ERR,ERR,ERR,ERR,ERR,ERR,ERR,ERR,ERR,ERR,ERR,ERR,ERR,ERR,ERR,ERR,ERR,ERR,ERR,ERR,ERR,ERR,ERR,ERR,ERR,ERR,ERR,ERR,ERR,ERR,ERR,ERR,ERR,ERR,ERR,ERR,ERR,ERR,ERR,ERR,ERR,ERR,ERR,ERR,ERR,ERR,ERR,ERR,ERR,ERR,ERR,ERR,ERR,ERR,ERR,ERR,ERR,ERR,ERR,ERR,ERR,ERR,ERR,ERR,ERR,ERR,ERR,ERR,ERR,ERR,ERR,ERR,ERR,ERR,ERR,ERR,ERR,ERR,ERR,ERR,ERR,ERR,ERR,ERR,ERR,ERR,ERR,ERR,ERR,ERR,ERR,ERR,ERR,ERR,0.0,0.0,2.6474835549302285e+23,0.0,0.0,1.3936040501711995e+18,7.805,0.0,0,0,4,0,7116,0.0,100,0.0,0.0,0.0,0.0,0.0,0,0,0,0,0.0,0,0,0,0,0,0,0,0,0,0,0,0,0,0,0,0,0,0,0,0,0,0,0,0,0,0,0,0,0,0,0,0,0,31,40,40,71,65476,0,300,0,0,8,21553,0.0,-107605600.0,0.0,0.0,0.0,0.0,0.0,0.0,0.0,0.0,0.0,0.0,0.0,0.0,0.0,0.0,0.0,0.0,0.0,0.0,0.0,0.0,0.0,2.004,2.004,-0.0,0.0,0.0,0.0,0.0,4494.0,0.0,6919.0,0.0,0.0,-107615152.0,0.0,0.0,0.0,0.0,0.0,69,-107615376.0,-0.0,0.0,0.0,0.0,0.0,0.0,0.0,0.0,0,0,0,0.0,0.0,0.0,0.0,0.0,0.0,0.0,0.0,0.0,0.0,0.0,0.0,0.0,0.0,0.0,0.0,0,-107875648.0,69,0.0,138,0.0,0.0,0,26215,17086,52429,17101,26215,17081,0,0,0,70,68,100,2.7302399002429377e+23,82.2,2.730238459091057e+23,78.1,0.0,79.0,1,49,50,180,26215,0,0,0,0.0,0.0,0.0,0.0,-0.0,67.0,0.0,162057.094,0.0,977,0,1005,0,0,0,952,0,1029,0,927,0,791,0,782,0,822,0,7520,0.032,1.2682136550675317e+20,0.0,0.0,784,16797,-0.0,162057.094,-114818.039,-0.0,0.133,6.909358625270745e+28,30.0,70.0,35,0.0,0.0,0.0,0.0,0.0,0.0,0.0,0.0,0.0,0.0,0.0,0.0,0.0,0.0,0.0,0.0,66.4,0,150,71,52,65476,0,300,0,0,8,20529,65476,0,0,44564,70.0,0.0,0.0,0.0,0.0,0.0
2026-09-10T21:28:21,ERR,ERR,ERR,ERR,ERR,ERR,ERR,ERR,ERR,ERR,ERR,ERR,ERR,ERR,ERR,ERR,ERR,ERR,ERR,ERR,ERR,ERR,ERR,ERR,ERR,ERR,ERR,ERR,ERR,ERR,ERR,ERR,ERR,ERR,ERR,ERR,ERR,ERR,ERR,ERR,ERR,ERR,ERR,ERR,ERR,ERR,ERR,ERR,ERR,ERR,ERR,ERR,ERR,ERR,ERR,ERR,ERR,ERR,ERR,ERR,ERR,ERR,ERR,ERR,ERR,ERR,ERR,ERR,ERR,ERR,ERR,ERR,ERR,ERR,ERR,ERR,ERR,ERR,ERR,ERR,ERR,ERR,ERR,ERR,ERR,ERR,ERR,ERR,ERR,ERR,ERR,ERR,ERR,ERR,ERR,ERR,ERR,ERR,ERR,ERR,ERR,ERR,ERR,ERR,ERR,ERR,ERR,ERR,ERR,ERR,ERR,ERR,ERR,ERR,ERR,ERR,ERR,ERR,ERR,ERR,ERR,ERR,ERR,ERR,ERR,0.0,0.0,2.6474835549302285e+23,0.0,0.0,1.3936040501711995e+18,7.805,0.0,0,0,4,0,7116,0.0,100,0.0,0.0,0.0,0.0,0.0,0,0,0,0,0.0,0,0,0,0,0,0,0,0,0,0,0,0,0,0,0,0,0,0,0,0,0,0,0,0,0,0,0,0,0,0,0,0,0,31,40,40,71,65476,0,300,0,0,8,21553,0.0,-107605600.0,0.0,0.0,0.0,0.0,0.0,0.0,0.0,0.0,0.0,0.0,0.0,0.0,0.0,0.0,0.0,0.0,0.0,0.0,0.0,0.0,0.0,2.004,2.004,-0.0,0.0,0.0,0.0,0.0,4494.0,0.0,6919.0,0.0,0.0,-107615152.0,0.0,0.0,0.0,0.0,0.0,69,-107615376.0,-0.0,0.0,0.0,0.0,0.0,0.0,0.0,0.0,0,0,0,0.0,0.0,0.0,0.0,0.0,0.0,0.0,0.0,0.0,0.0,0.0,0.0,0.0,0.0,0.0,0.0,0,-107875648.0,69,0.0,138,0.0,0.0,0,26215,17086,39322,17101,39322,17081,0,0,0,70,68,100,2.7302399002429377e+23,82.2,2.730238459091057e+23,78.1,0.0,79.0,1,49,50,180,26215,0,0,0,0.0,0.0,0.0,0.0,-0.0,67.0,0.0,162057.094,0.0,977,0,1005,0,0,0,952,0,1028,0,928,0,790,0,782,0,822,0,7520,0.032,1.0491585691922307e+20,0.0,0.0,784,16797,-0.0,162057.094,-114818.039,-0.0,0.133,6.909358625270745e+28,30.0,70.0,35,0.0,0.0,0.0,0.0,0.0,0.0,0.0,0.0,0.0,0.0,0.0,0.0,0.0,0.0,0.0,0.0,66.4,0,150,71,52,65476,0,300,0,0,8,20529,65476,0,0,44564,70.0,0.0,0.0,0.0,0.0,0.0
2026-09-10T21:28:22,ERR,ERR,ERR,ERR,ERR,ERR,ERR,ERR,ERR,ERR,ERR,ERR,ERR,ERR,ERR,ERR,ERR,ERR,ERR,ERR,ERR,ERR,ERR,ERR,ERR,ERR,ERR,ERR,ERR,ERR,ERR,ERR,ERR,ERR,ERR,ERR,ERR,ERR,ERR,ERR,ERR,ERR,ERR,ERR,ERR,ERR,ERR,ERR,ERR,ERR,ERR,ERR,ERR,ERR,ERR,ERR,ERR,ERR,ERR,ERR,ERR,ERR,ERR,ERR,ERR,ERR,ERR,ERR,ERR,ERR,ERR,ERR,ERR,ERR,ERR,ERR,ERR,ERR,ERR,ERR,ERR,ERR,ERR,ERR,ERR,ERR,ERR,ERR,ERR,ERR,ERR,ERR,ERR,ERR,ERR,ERR,ERR,ERR,ERR,ERR,ERR,ERR,ERR,ERR,ERR,ERR,ERR,ERR,ERR,ERR,ERR,ERR,ERR,ERR,ERR,ERR,ERR,ERR,ERR,ERR,ERR,ERR,ERR,ERR,ERR,0.0,0.0,2.6474835549302285e+23,0.0,0.0,1.3936040501711995e+18,7.805,0.0,0,0,4,0,7116,0.0,100,0.0,0.0,0.0,0.0,0.0,0,0,0,0,0.0,0,0,0,0,0,0,0,0,0,0,0,0,0,0,0,0,0,0,0,0,0,0,0,0,0,0,0,0,0,0,0,0,0,31,40,40,71,65476,0,300,0,0,8,21553,0.0,-107605600.0,0.0,0.0,0.0,0.0,0.0,0.0,0.0,0.0,0.0,0.0,0.0,0.0,0.0,0.0,0.0,0.0,0.0,0.0,0.0,0.0,0.0,2.004,2.004,-0.0,0.0,0.0,0.0,0.0,4494.0,0.0,6919.0,0.0,0.0,-107615152.0,0.0,0.0,0.0,0.0,0.0,69,-107615376.0,-0.0,0.0,0.0,0.0,0.0,0.0,0.0,0.0,0,0,0,0.0,0.0,0.0,0.0,0.0,0.0,0.0,0.0,0.0,0.0,0.0,0.0,0.0,0.0,0.0,0.0,0,-107875648.0,69,0.0,138,0.0,0.0,0,26215,17086,39322,17101,39322,17081,0,0,0,70,68,100,2.7302399002429377e+23,82.2,2.730238459091057e+23,78.1,0.0,79.0,1,49,50,180,26215,0,0,0,0.0,0.0,0.0,0.0,-0.0,67.0,0.0,162057.094,0.0,977,0,1005,0,0,0,952,0,1028,0,928,0,790,0,782,0,822,0,7520,0.032,1.0491585691922307e+20,0.0,0.0,784,16797,-0.0,162057.094,-114818.039,-0.0,0.133,6.909358625270745e+28,30.0,70.0,35,0.0,0.0,0.0,0.0,0.0,0.0,0.0,0.0,0.0,0.0,0.0,0.0,0.0,0.0,0.0,0.0,66.4,0,150,71,52,65476,0,300,0,0,8,20529,65476,0,0,44564,70.0,0.0,0.0,0.0,0.0,0.0
2026-09-10T21:28:23,ERR,ERR,ERR,ERR,ERR,ERR,ERR,ERR,ERR,ERR,ERR,ERR,ERR,ERR,ERR,ERR,ERR,ERR,ERR,ERR,ERR,ERR,ERR,ERR,ERR,ERR,ERR,ERR,ERR,ERR,ERR,ERR,ERR,ERR,ERR,ERR,ERR,ERR,ERR,ERR,ERR,ERR,ERR,ERR,ERR,ERR,ERR,ERR,ERR,ERR,ERR,ERR,ERR,ERR,ERR,ERR,ERR,ERR,ERR,ERR,ERR,ERR,ERR,ERR,ERR,ERR,ERR,ERR,ERR,ERR,ERR,ERR,ERR,ERR,ERR,ERR,ERR,ERR,ERR,ERR,ERR,ERR,ERR,ERR,ERR,ERR,ERR,ERR,ERR,ERR,ERR,ERR,ERR,ERR,ERR,ERR,ERR,ERR,ERR,ERR,ERR,ERR,ERR,ERR,ERR,ERR,ERR,ERR,ERR,ERR,ERR,ERR,ERR,ERR,ERR,ERR,ERR,ERR,ERR,ERR,ERR,ERR,ERR,ERR,ERR,0.0,0.0,2.6474835549302285e+23,0.0,0.0,1.3936040501711995e+18,7.805,0.0,0,0,4,0,7116,0.0,100,0.0,0.0,0.0,0.0,0.0,0,0,0,0,0.0,0,0,0,0,0,0,0,0,0,0,0,0,0,0,0,0,0,0,0,0,0,0,0,0,0,0,0,0,0,0,0,0,0,31,40,40,71,65476,0,300,0,0,8,21553,0.0,-107605600.0,0.0,0.0,0.0,0.0,0.0,0.0,0.0,0.0,0.0,0.0,0.0,0.0,0.0,0.0,0.0,0.0,0.0,0.0,0.0,0.0,0.0,2.004,2.004,-0.0,0.0,0.0,0.0,0.0,4494.0,0.0,6919.0,0.0,0.0,-107615152.0,0.0,0.0,0.0,0.0,0.0,69,-107615376.0,-0.0,0.0,0.0,0.0,0.0,0.0,0.0,0.0,0,0,0,0.0,0.0,0.0,0.0,0.0,0.0,0.0,0.0,0.0,0.0,0.0,0.0,0.0,0.0,0.0,0.0,0,-107875648.0,69,0.0,138,0.0,0.0,0,26215,17086,39322,17101,39322,17081,0,0,0,70,68,100,2.7302399002429377e+23,82.2,2.730238459091057e+23,78.1,0.0,79.0,1,49,50,180,26215,0,0,0,0.0,0.0,0.0,0.0,-0.0,67.0,0.0,162057.094,0.0,977,0,1005,0,0,0,952,0,1028,0,928,0,790,0,782,0,822,0,7520,0.032,1.0491585691922307e+20,0.0,0.0,784,16797,-0.0,162057.094,-114818.039,-0.0,0.133,6.909358625270745e+28,30.0,70.0,35,0.0,0.0,0.0,0.0,0.0,0.0,0.0,0.0,0.0,0.0,0.0,0.0,0.0,0.0,0.0,0.0,66.4,0,150,71,52,65476,0,300,0,0,8,20529,65476,0,0,44564,70.0,0.0,0.0,0.0,0.0,0.0
2026-09-10T21:28:24,ERR,ERR,ERR,ERR,ERR,ERR,ERR,ERR,ERR,ERR,ERR,ERR,ERR,ERR,ERR,ERR,ERR,ERR,ERR,ERR,ERR,ERR,ERR,ERR,ERR,ERR,ERR,ERR,ERR,ERR,ERR,ERR,ERR,ERR,ERR,ERR,ERR,ERR,ERR,ERR,ERR,ERR,ERR,ERR,ERR,ERR,ERR,ERR,ERR,ERR,ERR,ERR,ERR,ERR,ERR,ERR,ERR,ERR,ERR,ERR,ERR,ERR,ERR,ERR,ERR,ERR,ERR,ERR,ERR,ERR,ERR,ERR,ERR,ERR,ERR,ERR,ERR,ERR,ERR,ERR,ERR,ERR,ERR,ERR,ERR,ERR,ERR,ERR,ERR,ERR,ERR,ERR,ERR,ERR,ERR,ERR,ERR,ERR,ERR,ERR,ERR,ERR,ERR,ERR,ERR,ERR,ERR,ERR,ERR,ERR,ERR,ERR,ERR,ERR,ERR,ERR,ERR,ERR,ERR,ERR,ERR,ERR,ERR,ERR,ERR,0.0,0.0,2.6474835549302285e+23,0.0,0.0,1.3936040501711995e+18,7.805,0.0,0,0,4,0,7116,0.0,100,0.0,0.0,0.0,0.0,0.0,0,0,0,0,0.0,0,0,0,0,0,0,0,0,0,0,0,0,0,0,0,0,0,0,0,0,0,0,0,0,0,0,0,0,0,0,0,0,0,31,40,40,71,65476,0,300,0,0,8,21553,0.0,-107605600.0,0.0,0.0,0.0,0.0,0.0,0.0,0.0,0.0,0.0,0.0,0.0,0.0,0.0,0.0,0.0,0.0,0.0,0.0,0.0,0.0,-2.004,2.004,2.004,-0.0,0.0,0.0,0.0,0.0,4491.0,2.004,6920.0,0.0,0.0,-107615152.0,0.0,0.0,0.0,0.0,0.0,69,-152018521948160.0,5.848047364202327e+35,0.0,0.0,0.0,0.0,0.0,0.0,0.0,0,0,0,0.0,0.0,0.0,0.0,0.0,0.0,0.0,0.0,0.0,0.0,0.0,0.0,0.0,0.0,0.0,0.0,0,-107875648.0,69,0.0,138,0.0,0.0,0,26215,17086,39322,17101,39322,17081,0,0,0,70,68,100,2.7302399002429377e+23,82.2,2.730238459091057e+23,78.1,0.0,79.0,1,49,50,180,26215,0,0,0,0.0,0.0,0.0,0.0,-0.0,67.0,0.0,162057.094,0.0,977,0,1005,0,0,0,952,0,1028,0,928,0,790,0,782,0,822,0,7520,0.032,1.0491585691922307e+20,0.0,0.0,784,16797,-0.0,162057.094,-114818.039,-0.0,0.133,6.909358625270745e+28,30.0,70.0,35,0.0,0.0,0.0,0.0,0.0,0.0,0.0,0.0,0.0,0.0,0.0,0.0,0.0,0.0,0.0,0.0,66.4,0,150,71,52,65476,0,300,0,0,8,20529,65476,0,0,44564,70.0,0.0,0.0,0.0,0.0,0.0
2026-09-10T21:28:25,ERR,ERR,ERR,ERR,ERR,ERR,ERR,ERR,ERR,ERR,ERR,ERR,ERR,ERR,ERR,ERR,ERR,ERR,ERR,ERR,ERR,ERR,ERR,ERR,ERR,ERR,ERR,ERR,ERR,ERR,ERR,ERR,ERR,ERR,ERR,ERR,ERR,ERR,ERR,ERR,ERR,ERR,ERR,ERR,ERR,ERR,ERR,ERR,ERR,ERR,ERR,ERR,ERR,ERR,ERR,ERR,ERR,ERR,ERR,ERR,ERR,ERR,ERR,ERR,ERR,ERR,ERR,ERR,ERR,ERR,ERR,ERR,ERR,ERR,ERR,ERR,ERR,ERR,ERR,ERR,ERR,ERR,ERR,ERR,ERR,ERR,ERR,ERR,ERR,ERR,ERR,ERR,ERR,ERR,ERR,ERR,ERR,ERR,ERR,ERR,ERR,ERR,ERR,ERR,ERR,ERR,ERR,ERR,ERR,ERR,ERR,ERR,ERR,ERR,ERR,ERR,ERR,ERR,ERR,ERR,ERR,ERR,ERR,ERR,ERR,0.0,0.0,2.6474835549302285e+23,0.0,0.0,1.3936040501711995e+18,7.805,0.0,0,0,4,0,7116,0.0,100,0.0,0.0,0.0,0.0,0.0,0,0,0,0,0.0,0,0,0,0,0,0,0,0,0,0,0,0,0,0,0,0,0,0,0,0,0,0,0,0,0,0,0,0,0,0,0,0,0,31,40,40,71,65476,0,300,0,0,8,21553,0.0,-107605600.0,0.0,0.0,0.0,0.0,0.0,0.0,0.0,0.0,0.0,0.0,0.0,0.0,0.0,0.0,0.0,0.0,0.0,0.0,0.0,0.0,-2.004,2.004,2.004,-0.0,0.0,0.0,0.0,0.0,4491.0,2.004,6920.0,0.0,0.0,-107615152.0,0.0,0.0,0.0,0.0,0.0,69,-152018521948160.0,5.848047364202327e+35,0.0,0.0,0.0,0.0,0.0,0.0,0.0,0,0,0,0.0,0.0,0.0,0.0,0.0,0.0,0.0,0.0,0.0,0.0,0.0,0.0,0.0,0.0,0.0,0.0,0,-107875648.0,69,0.0,138,0.0,0.0,0,26215,17086,39322,17101,39322,17081,0,0,0,70,68,100,2.7302399002429377e+23,82.2,2.730238459091057e+23,78.1,0.0,79.0,1,49,50,180,26215,0,0,0,0.0,0.0,0.0,0.0,-0.0,67.0,0.0,162057.094,0.0,977,0,1005,0,0,0,952,0,1028,0,928,0,790,0,782,0,822,0,7520,0.032,1.0491585691922307e+20,0.0,0.0,784,16797,-0.0,162057.094,-114818.039,-0.0,0.133,6.909358625270745e+28,30.0,70.0,35,0.0,0.0,0.0,0.0,0.0,0.0,0.0,0.0,0.0,0.0,0.0,0.0,0.0,0.0,0.0,0.0,66.4,0,150,71,52,65476,0,300,0,0,8,20529,65476,0,0,44564,70.0,0.0,0.0,0.0,0.0,0.0
2026-09-10T21:28:26,ERR,ERR,ERR,ERR,ERR,ERR,ERR,ERR,ERR,ERR,ERR,ERR,ERR,ERR,ERR,ERR,ERR,ERR,ERR,ERR,ERR,ERR,ERR,ERR,ERR,ERR,ERR,ERR,ERR,ERR,ERR,ERR,ERR,ERR,ERR,ERR,ERR,ERR,ERR,ERR,ERR,ERR,ERR,ERR,ERR,ERR,ERR,ERR,ERR,ERR,ERR,ERR,ERR,ERR,ERR,ERR,ERR,ERR,ERR,ERR,ERR,ERR,ERR,ERR,ERR,ERR,ERR,ERR,ERR,ERR,ERR,ERR,ERR,ERR,ERR,ERR,ERR,ERR,ERR,ERR,ERR,ERR,ERR,ERR,ERR,ERR,ERR,ERR,ERR,ERR,ERR,ERR,ERR,ERR,ERR,ERR,ERR,ERR,ERR,ERR,ERR,ERR,ERR,ERR,ERR,ERR,ERR,ERR,ERR,ERR,ERR,ERR,ERR,ERR,ERR,ERR,ERR,ERR,ERR,ERR,ERR,ERR,ERR,ERR,ERR,0.0,0.0,2.6474835549302285e+23,0.0,0.0,1.3936040501711995e+18,7.805,0.0,0,0,4,0,7116,0.0,100,0.0,0.0,0.0,0.0,0.0,0,0,0,0,0.0,0,0,0,0,0,0,0,0,0,0,0,0,0,0,0,0,0,0,0,0,0,0,0,0,0,0,0,0,0,0,0,0,0,31,40,40,71,65476,0,300,0,0,8,21553,0.0,-107605600.0,0.0,0.0,0.0,0.0,0.0,0.0,0.0,0.0,0.0,0.0,0.0,0.0,0.0,0.0,0.0,0.0,0.0,0.0,0.0,0.0,-2.004,2.004,2.004,-0.0,0.0,0.0,0.0,0.0,4491.0,2.004,6920.0,0.0,0.0,-107615152.0,0.0,0.0,0.0,0.0,0.0,69,-152018521948160.0,5.848047364202327e+35,0.0,0.0,0.0,0.0,0.0,0.0,0.0,0,0,0,0.0,0.0,0.0,0.0,0.0,0.0,0.0,0.0,0.0,0.0,0.0,0.0,0.0,0.0,0.0,0.0,0,-107875648.0,69,0.0,138,0.0,0.0,0,26215,17086,39322,17101,39322,17081,0,0,0,70,68,100,2.7302399002429377e+23,82.2,2.730238459091057e+23,78.1,0.0,79.0,1,49,50,180,26215,0,0,0,0.0,0.0,0.0,0.0,-0.0,67.0,0.0,162057.094,0.0,977,0,1005,0,0,0,952,0,1028,0,928,0,790,0,782,0,822,0,7520,0.032,1.0491585691922307e+20,0.0,0.0,784,16797,-0.0,162057.094,-114818.039,-0.0,0.133,6.909358625270745e+28,30.0,70.0,35,0.0,0.0,0.0,0.0,0.0,0.0,0.0,0.0,0.0,0.0,0.0,0.0,0.0,0.0,0.0,0.0,66.8,0,150,71,52,65476,0,300,0,0,8,20529,65476,0,0,44564,70.0,0.0,0.0,0.0,0.0,0.0
2026-09-10T21:28:27,ERR,ERR,ERR,ERR,ERR,ERR,ERR,ERR,ERR,ERR,ERR,ERR,ERR,ERR,ERR,ERR,ERR,ERR,ERR,ERR,ERR,ERR,ERR,ERR,ERR,ERR,ERR,ERR,ERR,ERR,ERR,ERR,ERR,ERR,ERR,ERR,ERR,ERR,ERR,ERR,ERR,ERR,ERR,ERR,ERR,ERR,ERR,ERR,ERR,ERR,ERR,ERR,ERR,ERR,ERR,ERR,ERR,ERR,ERR,ERR,ERR,ERR,ERR,ERR,ERR,ERR,ERR,ERR,ERR,ERR,ERR,ERR,ERR,ERR,ERR,ERR,ERR,ERR,ERR,ERR,ERR,ERR,ERR,ERR,ERR,ERR,ERR,ERR,ERR,ERR,ERR,ERR,ERR,ERR,ERR,ERR,ERR,ERR,ERR,ERR,ERR,ERR,ERR,ERR,ERR,ERR,ERR,ERR,ERR,ERR,ERR,ERR,ERR,ERR,ERR,ERR,ERR,ERR,ERR,ERR,ERR,ERR,ERR,ERR,ERR,0.0,0.0,2.6474835549302285e+23,0.0,0.0,1.3936040501711995e+18,7.805,0.0,0,0,4,0,7116,0.0,100,0.0,0.0,0.0,0.0,0.0,0,0,0,0,0.0,0,0,0,0,0,0,0,0,0,0,0,0,0,0,0,0,0,0,0,0,0,0,0,0,0,0,0,0,0,0,0,0,0,31,40,40,71,65476,0,300,0,0,8,21553,0.0,-107605600.0,0.0,0.0,0.0,0.0,0.0,0.0,0.0,0.0,0.0,0.0,0.0,0.0,0.0,0.0,0.0,0.0,0.0,0.0,0.0,0.0,-2.004,2.004,2.004,-0.0,0.0,0.0,0.0,0.0,4491.0,2.004,6920.0,0.0,0.0,-107615152.0,0.0,0.0,0.0,0.0,0.0,69,-152018521948160.0,5.848047364202327e+35,0.0,0.0,0.0,0.0,0.0,0.0,0.0,0,0,0,0.0,0.0,0.0,0.0,0.0,0.0,0.0,0.0,0.0,0.0,0.0,0.0,0.0,0.0,0.0,0.0,0,-107875648.0,69,0.0,138,0.0,0.0,0,26215,17086,39322,17101,39322,17081,0,0,0,70,68,100,2.7302399002429377e+23,82.2,2.730238459091057e+23,78.0,0.0,79.0,1,49,50,180,26215,0,0,0,0.0,0.0,0.0,0.0,-0.0,67.0,0.0,162057.094,0.0,977,0,1005,0,0,0,952,0,1028,0,928,0,791,0,782,0,822,0,7520,0.032,1.2624490475444974e+20,0.0,0.0,784,16797,-0.0,162057.094,-114818.039,-0.0,0.133,6.909358625270745e+28,30.0,70.0,35,0.0,0.0,0.0,0.0,0.0,0.0,0.0,0.0,0.0,0.0,0.0,0.0,0.0,0.0,0.0,0.0,66.8,0,150,71,52,65476,0,300,0,0,8,20529,65476,0,0,44564,70.0,0.0,0.0,0.0,0.0,0.0
2026-09-10T21:28:28,ERR,ERR,ERR,ERR,ERR,ERR,ERR,ERR,ERR,ERR,ERR,ERR,ERR,ERR,ERR,ERR,ERR,ERR,ERR,ERR,ERR,ERR,ERR,ERR,ERR,ERR,ERR,ERR,ERR,ERR,ERR,ERR,ERR,ERR,ERR,ERR,ERR,ERR,ERR,ERR,ERR,ERR,ERR,ERR,ERR,ERR,ERR,ERR,ERR,ERR,ERR,ERR,ERR,ERR,ERR,ERR,ERR,ERR,ERR,ERR,ERR,ERR,ERR,ERR,ERR,ERR,ERR,ERR,ERR,ERR,ERR,ERR,ERR,ERR,ERR,ERR,ERR,ERR,ERR,ERR,ERR,ERR,ERR,ERR,ERR,ERR,ERR,ERR,ERR,ERR,ERR,ERR,ERR,ERR,ERR,ERR,ERR,ERR,ERR,ERR,ERR,ERR,ERR,ERR,ERR,ERR,ERR,ERR,ERR,ERR,ERR,ERR,ERR,ERR,ERR,ERR,ERR,ERR,ERR,ERR,ERR,ERR,ERR,ERR,ERR,0.0,0.0,2.6474835549302285e+23,0.0,0.0,1.3936040501711995e+18,7.805,0.0,0,0,4,0,7116,0.0,100,0.0,0.0,0.0,0.0,0.0,0,0,0,0,0.0,0,0,0,0,0,0,0,0,0,0,0,0,0,0,0,0,0,0,0,0,0,0,0,0,0,0,0,0,0,0,0,0,0,31,40,40,71,65476,0,300,0,0,8,21553,0.0,-107605600.0,0.0,0.0,0.0,0.0,0.0,0.0,0.0,0.0,0.0,0.0,0.0,0.0,0.0,0.0,0.0,0.0,0.0,0.0,0.0,0.0,-2.004,2.004,2.004,-0.0,0.0,0.0,0.0,0.0,4491.0,2.004,6920.0,0.0,0.0,-107615152.0,0.0,0.0,0.0,0.0,0.0,69,-152018521948160.0,5.848047364202327e+35,0.0,0.0,0.0,0.0,0.0,0.0,0.0,0,0,0,0.0,0.0,0.0,0.0,0.0,0.0,0.0,0.0,0.0,0.0,0.0,0.0,0.0,0.0,0.0,0.0,0,-107875648.0,69,0.0,138,0.0,0.0,0,26215,17086,39322,17101,39322,17081,0,0,0,70,68,100,2.7302399002429377e+23,82.2,2.730238459091057e+23,78.0,0.0,79.0,1,49,50,180,26215,0,0,0,0.0,0.0,0.0,0.0,-0.0,67.0,0.0,162057.094,0.0,977,0,1005,0,0,0,952,0,1028,0,928,0,791,0,782,0,822,0,7520,0.032,1.2624490475444974e+20,0.0,0.0,784,16797,-0.0,162057.094,-114818.039,-0.0,0.133,6.909358625270745e+28,30.0,70.0,35,0.0,0.0,0.0,0.0,0.0,0.0,0.0,0.0,0.0,0.0,0.0,0.0,0.0,0.0,0.0,0.0,66.4,0,150,71,52,65476,0,300,0,0,8,20529,65476,0,0,44564,70.0,0.0,0.0,0.0,0.0,0.0
2026-09-10T21:28:29,ERR,ERR,ERR,ERR,ERR,ERR,ERR,ERR,ERR,ERR,ERR,ERR,ERR,ERR,ERR,ERR,ERR,ERR,ERR,ERR,ERR,ERR,ERR,ERR,ERR,ERR,ERR,ERR,ERR,ERR,ERR,ERR,ERR,ERR,ERR,ERR,ERR,ERR,ERR,ERR,ERR,ERR,ERR,ERR,ERR,ERR,ERR,ERR,ERR,ERR,ERR,ERR,ERR,ERR,ERR,ERR,ERR,ERR,ERR,ERR,ERR,ERR,ERR,ERR,ERR,ERR,ERR,ERR,ERR,ERR,ERR,ERR,ERR,ERR,ERR,ERR,ERR,ERR,ERR,ERR,ERR,ERR,ERR,ERR,ERR,ERR,ERR,ERR,ERR,ERR,ERR,ERR,ERR,ERR,ERR,ERR,ERR,ERR,ERR,ERR,ERR,ERR,ERR,ERR,ERR,ERR,ERR,ERR,ERR,ERR,ERR,ERR,ERR,ERR,ERR,ERR,ERR,ERR,ERR,ERR,ERR,ERR,ERR,ERR,ERR,0.0,0.0,2.6474835549302285e+23,0.0,0.0,1.3936040501711995e+18,7.805,0.0,0,0,4,0,7116,0.0,100,0.0,0.0,0.0,0.0,0.0,0,0,0,0,0.0,0,0,0,0,0,0,0,0,0,0,0,0,0,0,0,0,0,0,0,0,0,0,0,0,0,0,0,0,0,0,0,0,0,31,40,40,71,65476,0,300,0,0,8,21553,0.0,-107605600.0,0.0,0.0,0.0,0.0,0.0,0.0,0.0,0.0,0.0,0.0,0.0,0.0,0.0,0.0,0.0,0.0,0.0,0.0,0.0,0.0,-2.004,2.004,2.004,-0.0,0.0,0.0,0.0,0.0,4491.0,2.004,6920.0,0.0,0.0,-107615152.0,0.0,0.0,0.0,0.0,0.0,69,-152018521948160.0,5.848047364202327e+35,0.0,0.0,0.0,0.0,0.0,0.0,0.0,0,0,0,0.0,0.0,0.0,0.0,0.0,0.0,0.0,0.0,0.0,0.0,0.0,0.0,0.0,0.0,0.0,0.0,0,-107875648.0,69,0.0,138,0.0,0.0,0,26215,17086,39322,17101,39322,17081,0,0,0,70,68,100,2.7302399002429377e+23,82.2,2.730238459091057e+23,78.0,0.0,79.0,1,49,50,180,26215,0,0,0,0.0,0.0,0.0,0.0,-0.0,67.0,0.0,162057.094,0.0,977,0,1005,0,0,0,952,0,1028,0,928,0,791,0,782,0,822,0,7520,0.032,1.2624490475444974e+20,0.0,0.0,784,16797,-0.0,162057.094,-114818.039,-0.0,0.133,6.909358625270745e+28,30.0,70.0,35,0.0,0.0,0.0,0.0,0.0,0.0,0.0,0.0,0.0,0.0,0.0,0.0,0.0,0.0,0.0,0.0,66.4,0,150,71,52,65476,0,300,0,0,8,20529,65476,0,0,44564,70.0,0.0,0.0,0.0,0.0,0.0
2026-09-10T21:28:30,ERR,ERR,ERR,ERR,ERR,ERR,ERR,ERR,ERR,ERR,ERR,ERR,ERR,ERR,ERR,ERR,ERR,ERR,ERR,ERR,ERR,ERR,ERR,ERR,ERR,ERR,ERR,ERR,ERR,ERR,ERR,ERR,ERR,ERR,ERR,ERR,ERR,ERR,ERR,ERR,ERR,ERR,ERR,ERR,ERR,ERR,ERR,ERR,ERR,ERR,ERR,ERR,ERR,ERR,ERR,ERR,ERR,ERR,ERR,ERR,ERR,ERR,ERR,ERR,ERR,ERR,ERR,ERR,ERR,ERR,ERR,ERR,ERR,ERR,ERR,ERR,ERR,ERR,ERR,ERR,ERR,ERR,ERR,ERR,ERR,ERR,ERR,ERR,ERR,ERR,ERR,ERR,ERR,ERR,ERR,ERR,ERR,ERR,ERR,ERR,ERR,ERR,ERR,ERR,ERR,ERR,ERR,ERR,ERR,ERR,ERR,ERR,ERR,ERR,ERR,ERR,ERR,ERR,ERR,ERR,ERR,ERR,ERR,ERR,ERR,0.0,0.0,2.6474835549302285e+23,0.0,0.0,1.3936040501711995e+18,7.805,0.0,0,0,4,0,7116,0.0,100,0.0,0.0,0.0,0.0,0.0,0,0,0,0,0.0,0,0,0,0,0,0,0,0,0,0,0,0,0,0,0,0,0,0,0,0,0,0,0,0,0,0,0,0,0,0,0,0,0,31,40,40,71,65476,0,300,0,0,8,21553,0.0,-107605600.0,0.0,0.0,0.0,0.0,0.0,0.0,0.0,0.0,0.0,0.0,0.0,0.0,0.0,0.0,0.0,0.0,0.0,0.0,0.0,0.0,-2.004,2.004,2.004,-0.0,0.0,0.0,0.0,0.0,4491.0,2.004,6920.0,0.0,0.0,-107615152.0,0.0,0.0,0.0,0.0,0.0,69,-152018521948160.0,5.848047364202327e+35,0.0,0.0,0.0,0.0,0.0,0.0,0.0,0,0,0,0.0,0.0,0.0,0.0,0.0,0.0,0.0,0.0,0.0,0.0,0.0,0.0,0.0,0.0,0.0,0.0,0,-107875648.0,69,0.0,138,0.0,0.0,0,26215,17086,39322,17101,39322,17081,0,0,0,70,68,100,2.7302399002429377e+23,82.2,2.730238459091057e+23,78.0,0.0,79.0,1,49,50,180,26215,0,0,0,0.0,0.0,0.0,0.0,-0.0,67.0,0.0,162057.094,0.0,977,0,1005,0,0,0,952,0,1028,0,928,0,791,0,782,0,822,0,7520,0.032,1.2624490475444974e+20,0.0,0.0,784,16797,-0.0,162057.094,-114818.039,-0.0,0.133,6.909358625270745e+28,30.0,70.0,35,0.0,0.0,0.0,0.0,0.0,0.0,0.0,0.0,0.0,0.0,0.0,0.0,0.0,0.0,0.0,0.0,66.4,0,150,71,52,65476,0,300,0,0,8,20529,65476,0,0,44564,70.0,0.0,0.0,0.0,0.0,0.0
2026-09-10T21:28:31,ERR,ERR,ERR,ERR,ERR,ERR,ERR,ERR,ERR,ERR,ERR,ERR,ERR,ERR,ERR,ERR,ERR,ERR,ERR,ERR,ERR,ERR,ERR,ERR,ERR,ERR,ERR,ERR,ERR,ERR,ERR,ERR,ERR,ERR,ERR,ERR,ERR,ERR,ERR,ERR,ERR,ERR,ERR,ERR,ERR,ERR,ERR,ERR,ERR,ERR,ERR,ERR,ERR,ERR,ERR,ERR,ERR,ERR,ERR,ERR,ERR,ERR,ERR,ERR,ERR,ERR,ERR,ERR,ERR,ERR,ERR,ERR,ERR,ERR,ERR,ERR,ERR,ERR,ERR,ERR,ERR,ERR,ERR,ERR,ERR,ERR,ERR,ERR,ERR,ERR,ERR,ERR,ERR,ERR,ERR,ERR,ERR,ERR,ERR,ERR,ERR,ERR,ERR,ERR,ERR,ERR,ERR,ERR,ERR,ERR,ERR,ERR,ERR,ERR,ERR,ERR,ERR,ERR,ERR,ERR,ERR,ERR,ERR,ERR,ERR,0.0,0.0,2.6474835549302285e+23,0.0,0.0,1.3936040501711995e+18,7.805,0.0,0,0,4,0,7116,0.0,100,0.0,0.0,0.0,0.0,0.0,0,0,0,0,0.0,0,0,0,0,0,0,0,0,0,0,0,0,0,0,0,0,0,0,0,0,0,0,0,0,0,0,0,0,0,0,0,0,0,31,40,40,71,65476,0,300,0,0,8,21553,0.0,-107605600.0,0.0,0.0,0.0,0.0,0.0,0.0,0.0,0.0,0.0,0.0,0.0,0.0,0.0,0.0,0.0,0.0,0.0,0.0,0.0,0.0,-2.004,2.004,2.004,-0.0,0.0,0.0,0.0,0.0,4491.0,2.004,6920.0,0.0,0.0,-107615152.0,0.0,0.0,0.0,0.0,0.0,69,-89221.141,-0.0,0.0,0.0,0.0,0.0,0.0,0.0,0.0,0,0,0,0.0,0.0,0.0,0.0,0.0,0.0,0.0,0.0,0.0,0.0,0.0,0.0,0.0,0.0,0.0,0.0,0,-107875648.0,69,0.0,138,0.0,0.0,0,26215,17086,39322,17101,39322,17081,0,0,0,70,68,100,2.7302399002429377e+23,82.2,2.730238459091057e+23,78.0,0.0,79.0,1,49,50,180,26215,0,0,0,0.0,0.0,0.0,0.0,-0.0,67.0,0.0,162057.094,0.0,977,0,1005,0,0,0,952,0,1028,0,928,0,791,0,782,0,822,0,7520,0.032,1.2624490475444974e+20,0.0,0.0,784,16797,-0.0,162057.094,-114818.039,-0.0,0.133,6.909358625270745e+28,30.0,70.0,35,0.0,0.0,0.0,0.0,0.0,0.0,0.0,0.0,0.0,0.0,0.0,0.0,0.0,0.0,0.0,0.0,66.4,0,150,71,52,65476,0,300,0,0,8,20529,65476,0,0,44564,70.0,0.0,0.0,0.0,0.0,0.0
2026-09-10T21:28:32,ERR,ERR,ERR,ERR,ERR,ERR,ERR,ERR,ERR,ERR,ERR,ERR,ERR,ERR,ERR,ERR,ERR,ERR,ERR,ERR,ERR,ERR,ERR,ERR,ERR,ERR,ERR,ERR,ERR,ERR,ERR,ERR,ERR,ERR,ERR,ERR,ERR,ERR,ERR,ERR,ERR,ERR,ERR,ERR,ERR,ERR,ERR,ERR,ERR,ERR,ERR,ERR,ERR,ERR,ERR,ERR,ERR,ERR,ERR,ERR,ERR,ERR,ERR,ERR,ERR,ERR,ERR,ERR,ERR,ERR,ERR,ERR,ERR,ERR,ERR,ERR,ERR,ERR,ERR,ERR,ERR,ERR,ERR,ERR,ERR,ERR,ERR,ERR,ERR,ERR,ERR,ERR,ERR,ERR,ERR,ERR,ERR,ERR,ERR,ERR,ERR,ERR,ERR,ERR,ERR,ERR,ERR,ERR,ERR,ERR,ERR,ERR,ERR,ERR,ERR,ERR,ERR,ERR,ERR,ERR,ERR,ERR,ERR,ERR,ERR,0.0,0.0,2.6474835549302285e+23,0.0,0.0,1.3936040501711995e+18,7.805,0.0,0,0,4,0,7116,0.0,100,0.0,0.0,0.0,0.0,0.0,0,0,0,0,0.0,0,0,0,0,0,0,0,0,0,0,0,0,0,0,0,0,0,0,0,0,0,0,0,0,0,0,0,0,0,0,0,0,0,31,40,40,71,65476,0,300,0,0,8,21553,0.0,-107605600.0,0.0,0.0,0.0,0.0,0.0,0.0,0.0,0.0,0.0,0.0,0.0,0.0,0.0,0.0,0.0,0.0,0.0,0.0,0.0,0.0,-2.004,2.004,2.004,-0.0,0.0,0.0,0.0,0.0,4491.0,2.004,6920.0,0.0,0.0,-107615152.0,0.0,0.0,0.0,0.0,0.0,69,-89221.141,-0.0,0.0,0.0,0.0,0.0,0.0,0.0,0.0,0,0,0,0.0,0.0,0.0,0.0,0.0,0.0,0.0,0.0,0.0,0.0,0.0,0.0,0.0,0.0,0.0,0.0,0,-107875648.0,69,0.0,138,0.0,0.0,0,26215,17086,39322,17101,39322,17081,0,0,0,70,68,100,2.7302399002429377e+23,82.2,2.730238459091057e+23,78.0,0.0,79.0,1,49,50,180,26215,0,0,0,0.0,0.0,0.0,0.0,-0.0,67.0,0.0,162057.094,0.0,976,0,1005,0,0,0,952,0,1028,0,928,0,791,0,782,0,822,0,7520,0.032,1.2336260099293263e+20,0.0,0.0,784,16797,-0.0,162057.094,-114818.039,-0.0,0.133,6.909358625270745e+28,30.0,70.0,35,0.0,0.0,0.0,0.0,0.0,0.0,0.0,0.0,0.0,0.0,0.0,0.0,0.0,0.0,0.0,0.0,66.4,0,150,71,52,65476,0,300,0,0,8,20529,65476,0,0,44564,70.0,0.0,0.0,0.0,0.0,0.0
2026-09-10T21:28:33,ERR,ERR,ERR,ERR,ERR,ERR,ERR,ERR,ERR,ERR,ERR,ERR,ERR,ERR,ERR,ERR,ERR,ERR,ERR,ERR,ERR,ERR,ERR,ERR,ERR,ERR,ERR,ERR,ERR,ERR,ERR,ERR,ERR,ERR,ERR,ERR,ERR,ERR,ERR,ERR,ERR,ERR,ERR,ERR,ERR,ERR,ERR,ERR,ERR,ERR,ERR,ERR,ERR,ERR,ERR,ERR,ERR,ERR,ERR,ERR,ERR,ERR,ERR,ERR,ERR,ERR,ERR,ERR,ERR,ERR,ERR,ERR,ERR,ERR,ERR,ERR,ERR,ERR,ERR,ERR,ERR,ERR,ERR,ERR,ERR,ERR,ERR,ERR,ERR,ERR,ERR,ERR,ERR,ERR,ERR,ERR,ERR,ERR,ERR,ERR,ERR,ERR,ERR,ERR,ERR,ERR,ERR,ERR,ERR,ERR,ERR,ERR,ERR,ERR,ERR,ERR,ERR,ERR,ERR,ERR,ERR,ERR,ERR,ERR,ERR,0.0,0.0,2.6474835549302285e+23,0.0,0.0,1.3936040501711995e+18,7.805,0.0,0,0,4,0,7116,0.0,100,0.0,0.0,0.0,0.0,0.0,0,0,0,0,0.0,0,0,0,0,0,0,0,0,0,0,0,0,0,0,0,0,0,0,0,0,0,0,0,0,0,0,0,0,0,0,0,0,0,31,40,40,71,65476,0,300,0,0,8,21553,0.0,-107605600.0,0.0,0.0,0.0,0.0,0.0,0.0,0.0,0.0,0.0,0.0,0.0,0.0,0.0,0.0,0.0,0.0,0.0,0.0,0.0,0.0,-2.004,2.004,2.004,-0.0,0.0,0.0,0.0,0.0,4491.0,2.004,6920.0,0.0,0.0,-107615152.0,0.0,0.0,0.0,0.0,0.0,69,-89221.141,-0.0,0.0,0.0,0.0,0.0,0.0,0.0,0.0,0,0,0,0.0,0.0,0.0,0.0,0.0,0.0,0.0,0.0,0.0,0.0,0.0,0.0,0.0,0.0,0.0,0.0,0,-107875648.0,69,0.0,138,0.0,0.0,0,26215,17086,39322,17101,39322,17081,0,0,0,70,68,100,2.7302399002429377e+23,82.2,2.730238459091057e+23,78.0,0.0,79.0,1,49,50,180,26215,0,0,0,0.0,0.0,0.0,0.0,-0.0,67.0,0.0,162057.094,0.0,976,0,1005,0,0,0,952,0,1028,0,928,0,791,0,782,0,822,0,7520,0.032,1.2336260099293263e+20,0.0,0.0,784,16797,-0.0,162057.094,-114818.039,-0.0,0.133,6.909358625270745e+28,30.0,70.0,35,0.0,0.0,0.0,0.0,0.0,0.0,0.0,0.0,0.0,0.0,0.0,0.0,0.0,0.0,0.0,0.0,66.4,0,150,71,52,65476,0,300,0,0,8,20529,65476,0,0,44564,70.0,0.0,0.0,0.0,0.0,0.0
2026-09-10T21:28:34,ERR,ERR,ERR,ERR,ERR,ERR,ERR,ERR,ERR,ERR,ERR,ERR,ERR,ERR,ERR,ERR,ERR,ERR,ERR,ERR,ERR,ERR,ERR,ERR,ERR,ERR,ERR,ERR,ERR,ERR,ERR,ERR,ERR,ERR,ERR,ERR,ERR,ERR,ERR,ERR,ERR,ERR,ERR,ERR,ERR,ERR,ERR,ERR,ERR,ERR,ERR,ERR,ERR,ERR,ERR,ERR,ERR,ERR,ERR,ERR,ERR,ERR,ERR,ERR,ERR,ERR,ERR,ERR,ERR,ERR,ERR,ERR,ERR,ERR,ERR,ERR,ERR,ERR,ERR,ERR,ERR,ERR,ERR,ERR,ERR,ERR,ERR,ERR,ERR,ERR,ERR,ERR,ERR,ERR,ERR,ERR,ERR,ERR,ERR,ERR,ERR,ERR,ERR,ERR,ERR,ERR,ERR,ERR,ERR,ERR,ERR,ERR,ERR,ERR,ERR,ERR,ERR,ERR,ERR,ERR,ERR,ERR,ERR,ERR,ERR,0.0,0.0,2.6474835549302285e+23,0.0,0.0,1.3936040501711995e+18,7.805,0.0,0,0,4,0,7116,0.0,100,0.0,0.0,0.0,0.0,0.0,0,0,0,0,0.0,0,0,0,0,0,0,0,0,0,0,0,0,0,0,0,0,0,0,0,0,0,0,0,0,0,0,0,0,0,0,0,0,0,31,40,40,71,65476,0,300,0,0,8,21553,0.0,-107605600.0,0.0,0.0,0.0,0.0,0.0,0.0,0.0,0.0,0.0,0.0,0.0,0.0,0.0,0.0,0.0,0.0,0.0,0.0,0.0,0.0,-2.004,2.004,2.004,-0.0,0.0,0.0,0.0,0.0,4491.0,2.004,6920.0,0.0,0.0,-107615152.0,0.0,0.0,0.0,0.0,0.0,69,-89221.141,-0.0,0.0,0.0,0.0,0.0,0.0,0.0,0.0,0,0,0,0.0,0.0,0.0,0.0,0.0,0.0,0.0,0.0,0.0,0.0,0.0,0.0,0.0,0.0,0.0,0.0,0,-107875648.0,69,0.0,138,0.0,0.0,0,26215,17086,39322,17101,39322,17081,0,0,0,70,68,100,2.7302399002429377e+23,82.2,2.730238459091057e+23,78.0,0.0,79.0,1,49,50,180,26215,0,0,0,0.0,0.0,0.0,0.0,-0.0,67.0,0.0,162057.094,0.0,976,0,1005,0,0,0,952,0,1028,0,928,0,791,0,782,0,822,0,7520,0.032,1.2336260099293263e+20,0.0,0.0,784,16797,-0.0,162057.094,-114818.039,-0.0,0.133,6.909358625270745e+28,30.0,70.0,35,0.0,0.0,0.0,0.0,0.0,0.0,0.0,0.0,0.0,0.0,0.0,0.0,0.0,0.0,0.0,0.0,66.4,0,150,71,52,65476,0,300,0,0,8,20529,65476,0,0,44564,70.0,0.0,0.0,0.0,0.0,0.0
2026-09-10T21:28:35,ERR,ERR,ERR,ERR,ERR,ERR,ERR,ERR,ERR,ERR,ERR,ERR,ERR,ERR,ERR,ERR,ERR,ERR,ERR,ERR,ERR,ERR,ERR,ERR,ERR,ERR,ERR,ERR,ERR,ERR,ERR,ERR,ERR,ERR,ERR,ERR,ERR,ERR,ERR,ERR,ERR,ERR,ERR,ERR,ERR,ERR,ERR,ERR,ERR,ERR,ERR,ERR,ERR,ERR,ERR,ERR,ERR,ERR,ERR,ERR,ERR,ERR,ERR,ERR,ERR,ERR,ERR,ERR,ERR,ERR,ERR,ERR,ERR,ERR,ERR,ERR,ERR,ERR,ERR,ERR,ERR,ERR,ERR,ERR,ERR,ERR,ERR,ERR,ERR,ERR,ERR,ERR,ERR,ERR,ERR,ERR,ERR,ERR,ERR,ERR,ERR,ERR,ERR,ERR,ERR,ERR,ERR,ERR,ERR,ERR,ERR,ERR,ERR,ERR,ERR,ERR,ERR,ERR,ERR,ERR,ERR,ERR,ERR,ERR,ERR,0.0,0.0,2.6474835549302285e+23,0.0,0.0,1.3936040501711995e+18,7.805,0.0,0,0,4,0,7116,0.0,100,0.0,0.0,0.0,0.0,0.0,0,0,0,0,0.0,0,0,0,0,0,0,0,0,0,0,0,0,0,0,0,0,0,0,0,0,0,0,0,0,0,0,0,0,0,0,0,0,0,31,40,40,71,65476,0,300,0,0,8,21553,0.0,-107605600.0,0.0,0.0,0.0,0.0,0.0,0.0,0.0,0.0,0.0,0.0,0.0,0.0,0.0,0.0,0.0,0.0,0.0,0.0,0.0,0.0,-2.004,2.004,2.004,-0.0,0.0,0.0,0.0,0.0,4491.0,2.004,6920.0,0.0,0.0,-107615152.0,0.0,0.0,0.0,0.0,0.0,69,-89221.141,-0.0,0.0,0.0,0.0,0.0,0.0,0.0,0.0,0,0,0,0.0,0.0,0.0,0.0,0.0,0.0,0.0,0.0,0.0,0.0,0.0,0.0,0.0,0.0,0.0,0.0,0,-107875648.0,69,0.0,138,0.0,0.0,0,26215,17086,39322,17101,39322,17081,0,0,0,70,68,100,2.7302399002429377e+23,82.2,2.730238459091057e+23,78.0,0.0,79.0,1,49,50,180,26215,0,0,0,0.0,0.0,0.0,0.0,-0.0,67.0,0.0,162057.094,0.0,976,0,1005,0,0,0,952,0,1028,0,928,0,791,0,782,0,822,0,7520,0.032,1.2336260099293263e+20,0.0,0.0,784,16797,-0.0,162057.094,-114818.039,-0.0,0.133,6.909358625270745e+28,30.0,70.0,35,0.0,0.0,0.0,0.0,0.0,0.0,0.0,0.0,0.0,0.0,0.0,0.0,0.0,0.0,0.0,0.0,66.4,0,150,71,52,65476,0,300,0,0,8,20529,65476,0,0,44564,70.0,0.0,0.0,0.0,0.0,0.0
2026-09-10T21:28:36,ERR,ERR,ERR,ERR,ERR,ERR,ERR,ERR,ERR,ERR,ERR,ERR,ERR,ERR,ERR,ERR,ERR,ERR,ERR,ERR,ERR,ERR,ERR,ERR,ERR,ERR,ERR,ERR,ERR,ERR,ERR,ERR,ERR,ERR,ERR,ERR,ERR,ERR,ERR,ERR,ERR,ERR,ERR,ERR,ERR,ERR,ERR,ERR,ERR,ERR,ERR,ERR,ERR,ERR,ERR,ERR,ERR,ERR,ERR,ERR,ERR,ERR,ERR,ERR,ERR,ERR,ERR,ERR,ERR,ERR,ERR,ERR,ERR,ERR,ERR,ERR,ERR,ERR,ERR,ERR,ERR,ERR,ERR,ERR,ERR,ERR,ERR,ERR,ERR,ERR,ERR,ERR,ERR,ERR,ERR,ERR,ERR,ERR,ERR,ERR,ERR,ERR,ERR,ERR,ERR,ERR,ERR,ERR,ERR,ERR,ERR,ERR,ERR,ERR,ERR,ERR,ERR,ERR,ERR,ERR,ERR,ERR,ERR,ERR,ERR,0.0,0.0,2.6474835549302285e+23,0.0,0.0,1.3936040501711995e+18,7.805,0.0,0,0,4,0,7116,0.0,100,0.0,0.0,0.0,0.0,0.0,0,0,0,0,0.0,0,0,0,0,0,0,0,0,0,0,0,0,0,0,0,0,0,0,0,0,0,0,0,0,0,0,0,0,0,0,0,0,0,31,40,40,71,65476,0,300,0,0,8,21553,0.0,-107605600.0,0.0,0.0,0.0,0.0,0.0,0.0,0.0,0.0,0.0,0.0,0.0,0.0,0.0,0.0,0.0,0.0,0.0,0.0,0.0,0.0,-2.004,2.004,2.004,-0.0,0.0,0.0,0.0,0.0,4491.0,2.004,6920.0,0.0,0.0,-107615152.0,0.0,0.0,0.0,0.0,0.0,69,-89221.141,-0.0,0.0,0.0,0.0,0.0,0.0,0.0,0.0,0,0,0,0.0,0.0,0.0,0.0,0.0,0.0,0.0,0.0,0.0,0.0,0.0,0.0,0.0,0.0,0.0,0.0,0,-107875648.0,69,0.0,138,0.0,0.0,0,26215,17086,39322,17101,39322,17081,0,0,0,70,68,100,2.7302399002429377e+23,82.2,2.730238459091057e+23,78.0,0.0,79.0,1,49,50,180,26215,0,0,0,0.0,0.0,0.0,0.0,-0.0,67.0,0.0,162057.094,0.0,976,0,1005,0,0,0,952,0,1028,0,928,0,791,0,782,0,822,0,7520,0.032,1.2336260099293263e+20,0.0,0.0,784,16797,-0.0,162057.094,-114818.039,-0.0,0.133,6.909358625270745e+28,30.0,70.0,35,0.0,0.0,0.0,0.0,0.0,0.0,0.0,0.0,0.0,0.0,0.0,0.0,0.0,0.0,0.0,0.0,66.4,0,150,71,52,65476,0,300,0,0,8,20529,65476,0,0,44564,70.0,0.0,0.0,0.0,0.0,0.0
2026-09-10T21:28:37,ERR,ERR,ERR,ERR,ERR,ERR,ERR,ERR,ERR,ERR,ERR,ERR,ERR,ERR,ERR,ERR,ERR,ERR,ERR,ERR,ERR,ERR,ERR,ERR,ERR,ERR,ERR,ERR,ERR,ERR,ERR,ERR,ERR,ERR,ERR,ERR,ERR,ERR,ERR,ERR,ERR,ERR,ERR,ERR,ERR,ERR,ERR,ERR,ERR,ERR,ERR,ERR,ERR,ERR,ERR,ERR,ERR,ERR,ERR,ERR,ERR,ERR,ERR,ERR,ERR,ERR,ERR,ERR,ERR,ERR,ERR,ERR,ERR,ERR,ERR,ERR,ERR,ERR,ERR,ERR,ERR,ERR,ERR,ERR,ERR,ERR,ERR,ERR,ERR,ERR,ERR,ERR,ERR,ERR,ERR,ERR,ERR,ERR,ERR,ERR,ERR,ERR,ERR,ERR,ERR,ERR,ERR,ERR,ERR,ERR,ERR,ERR,ERR,ERR,ERR,ERR,ERR,ERR,ERR,ERR,ERR,ERR,ERR,ERR,ERR,0.0,0.0,2.6474835549302285e+23,0.0,0.0,1.3936040501711995e+18,7.805,0.0,0,0,4,0,7116,0.0,100,0.0,0.0,0.0,0.0,0.0,0,0,0,0,0.0,0,0,0,0,0,0,0,0,0,0,0,0,0,0,0,0,0,0,0,0,0,0,0,0,0,0,0,0,0,0,0,0,0,31,40,40,71,65476,0,300,0,0,8,21553,0.0,-107605600.0,0.0,0.0,0.0,0.0,0.0,0.0,0.0,0.0,0.0,0.0,0.0,0.0,0.0,0.0,0.0,0.0,0.0,0.0,0.0,0.0,-2.004,2.004,2.004,-0.0,0.0,0.0,0.0,0.0,4491.0,2.004,6920.0,0.0,0.0,-107615152.0,0.0,0.0,0.0,0.0,0.0,69,-89221.141,-0.0,0.0,0.0,0.0,0.0,0.0,0.0,0.0,0,0,0,0.0,0.0,0.0,0.0,0.0,0.0,0.0,0.0,0.0,0.0,0.0,0.0,0.0,0.0,0.0,0.0,0,-107875648.0,69,0.0,138,0.0,0.0,0,26215,17086,39322,17101,39322,17081,0,0,0,70,68,100,2.7302399002429377e+23,82.2,2.730238459091057e+23,78.0,0.0,79.0,1,49,50,180,26215,0,0,0,0.0,0.0,0.0,0.0,-0.0,67.0,0.0,162057.094,0.0,976,0,1005,0,0,0,952,0,1028,0,928,0,791,0,782,0,822,0,7520,0.032,1.2336260099293263e+20,0.0,0.0,784,16797,-0.0,162057.094,-114818.039,-0.0,0.133,6.909358625270745e+28,30.0,70.0,35,0.0,0.0,0.0,0.0,0.0,0.0,0.0,0.0,0.0,0.0,0.0,0.0,0.0,0.0,0.0,0.0,66.4,0,150,71,52,65476,0,300,0,0,8,20529,65476,0,0,44564,70.0,0.0,0.0,0.0,0.0,0.0
2026-09-10T21:28:38,ERR,ERR,ERR,ERR,ERR,ERR,ERR,ERR,ERR,ERR,ERR,ERR,ERR,ERR,ERR,ERR,ERR,ERR,ERR,ERR,ERR,ERR,ERR,ERR,ERR,ERR,ERR,ERR,ERR,ERR,ERR,ERR,ERR,ERR,ERR,ERR,ERR,ERR,ERR,ERR,ERR,ERR,ERR,ERR,ERR,ERR,ERR,ERR,ERR,ERR,ERR,ERR,ERR,ERR,ERR,ERR,ERR,ERR,ERR,ERR,ERR,ERR,ERR,ERR,ERR,ERR,ERR,ERR,ERR,ERR,ERR,ERR,ERR,ERR,ERR,ERR,ERR,ERR,ERR,ERR,ERR,ERR,ERR,ERR,ERR,ERR,ERR,ERR,ERR,ERR,ERR,ERR,ERR,ERR,ERR,ERR,ERR,ERR,ERR,ERR,ERR,ERR,ERR,ERR,ERR,ERR,ERR,ERR,ERR,ERR,ERR,ERR,ERR,ERR,ERR,ERR,ERR,ERR,ERR,ERR,ERR,ERR,ERR,ERR,ERR,0.0,0.0,2.6474835549302285e+23,0.0,0.0,1.3936040501711995e+18,7.805,0.0,0,0,4,0,7116,0.0,100,0.0,0.0,0.0,0.0,0.0,0,0,0,0,0.0,0,0,0,0,0,0,0,0,0,0,0,0,0,0,0,0,0,0,0,0,0,0,0,0,0,0,0,0,0,0,0,0,0,31,40,40,71,65476,0,300,0,0,8,21553,0.0,-107605600.0,0.0,0.0,0.0,0.0,0.0,0.0,0.0,0.0,0.0,0.0,0.0,0.0,0.0,0.0,0.0,0.0,0.0,0.0,0.0,0.0,-2.004,2.004,2.004,-0.0,0.0,0.0,0.0,0.0,4491.0,2.004,6920.0,0.0,0.0,-107615152.0,0.0,0.0,0.0,0.0,0.0,69,-89221.141,-0.0,0.0,0.0,0.0,0.0,0.0,0.0,0.0,0,0,0,0.0,0.0,0.0,0.0,0.0,0.0,0.0,0.0,0.0,0.0,0.0,0.0,0.0,0.0,0.0,0.0,0,-107875648.0,69,0.0,138,0.0,0.0,0,26215,17086,39322,17101,39322,17081,0,0,0,70,68,100,2.7302399002429377e+23,82.2,2.730238459091057e+23,78.0,0.0,79.0,1,49,50,180,26215,0,0,0,0.0,0.0,0.0,0.0,-0.0,67.0,0.0,162057.094,0.0,977,0,1005,0,0,0,952,0,1028,0,927,0,790,0,782,0,822,0,7520,0.032,1.0376293541461623e+20,0.0,0.0,784,16797,-0.0,162057.094,-114818.039,-0.0,0.133,6.909358625270745e+28,30.0,70.0,35,0.0,0.0,0.0,0.0,0.0,0.0,0.0,0.0,0.0,0.0,0.0,0.0,0.0,0.0,0.0,0.0,66.4,0,150,71,52,65476,0,300,0,0,8,20529,65476,0,0,44564,70.0,0.0,0.0,0.0,0.0,0.0
2026-09-10T21:28:39,ERR,ERR,ERR,ERR,ERR,ERR,ERR,ERR,ERR,ERR,ERR,ERR,ERR,ERR,ERR,ERR,ERR,ERR,ERR,ERR,ERR,ERR,ERR,ERR,ERR,ERR,ERR,ERR,ERR,ERR,ERR,ERR,ERR,ERR,ERR,ERR,ERR,ERR,ERR,ERR,ERR,ERR,ERR,ERR,ERR,ERR,ERR,ERR,ERR,ERR,ERR,ERR,ERR,ERR,ERR,ERR,ERR,ERR,ERR,ERR,ERR,ERR,ERR,ERR,ERR,ERR,ERR,ERR,ERR,ERR,ERR,ERR,ERR,ERR,ERR,ERR,ERR,ERR,ERR,ERR,ERR,ERR,ERR,ERR,ERR,ERR,ERR,ERR,ERR,ERR,ERR,ERR,ERR,ERR,ERR,ERR,ERR,ERR,ERR,ERR,ERR,ERR,ERR,ERR,ERR,ERR,ERR,ERR,ERR,ERR,ERR,ERR,ERR,ERR,ERR,ERR,ERR,ERR,ERR,ERR,ERR,ERR,ERR,ERR,ERR,0.0,0.0,2.6474835549302285e+23,0.0,0.0,1.3936040501711995e+18,7.805,0.0,0,0,4,0,7116,0.0,100,0.0,0.0,0.0,0.0,0.0,0,0,0,0,0.0,0,0,0,0,0,0,0,0,0,0,0,0,0,0,0,0,0,0,0,0,0,0,0,0,0,0,0,0,0,0,0,0,0,31,40,40,71,65476,0,300,0,0,8,21553,0.0,-107605600.0,0.0,0.0,0.0,0.0,0.0,0.0,0.0,0.0,0.0,0.0,0.0,0.0,0.0,0.0,0.0,0.0,0.0,0.0,0.0,0.0,-2.004,2.004,2.004,-2.004,0.0,0.0,0.0,0.0,4493.0,131350.188,6921.0,0.0,0.0,-107615152.0,2.718429120148166e+23,0.0,0.0,0.0,0.0,69,-71.63,-0.0,0.0,0.0,0.0,0.0,0.0,0.0,0.0,0,0,0,0.0,0.0,0.0,0.0,0.0,0.0,0.0,0.0,0.0,0.0,0.0,0.0,0.0,0.0,0.0,0.0,0,-107875648.0,69,0.0,138,0.0,0.0,0,26215,17086,39322,17101,39322,17081,0,0,0,70,68,100,2.7302399002429377e+23,82.2,2.730238459091057e+23,78.0,0.0,79.0,1,49,50,180,26215,0,0,0,0.0,0.0,0.0,0.0,-0.0,67.0,0.0,162057.094,0.0,977,0,1005,0,0,0,952,0,1028,0,927,0,790,0,782,0,822,0,7520,0.032,1.0376293541461623e+20,0.0,0.0,784,16797,-0.0,162057.094,-114818.039,-0.0,0.133,6.909358625270745e+28,30.0,70.0,35,0.0,0.0,0.0,0.0,0.0,0.0,0.0,0.0,0.0,0.0,0.0,0.0,0.0,0.0,0.0,0.0,66.4,0,150,71,52,65476,0,300,0,0,8,20529,65476,0,0,44564,70.0,0.0,0.0,0.0,0.0,0.0
2026-09-10T21:28:40,ERR,ERR,ERR,ERR,ERR,ERR,ERR,ERR,ERR,ERR,ERR,ERR,ERR,ERR,ERR,ERR,ERR,ERR,ERR,ERR,ERR,ERR,ERR,ERR,ERR,ERR,ERR,ERR,ERR,ERR,ERR,ERR,ERR,ERR,ERR,ERR,ERR,ERR,ERR,ERR,ERR,ERR,ERR,ERR,ERR,ERR,ERR,ERR,ERR,ERR,ERR,ERR,ERR,ERR,ERR,ERR,ERR,ERR,ERR,ERR,ERR,ERR,ERR,ERR,ERR,ERR,ERR,ERR,ERR,ERR,ERR,ERR,ERR,ERR,ERR,ERR,ERR,ERR,ERR,ERR,ERR,ERR,ERR,ERR,ERR,ERR,ERR,ERR,ERR,ERR,ERR,ERR,ERR,ERR,ERR,ERR,ERR,ERR,ERR,ERR,ERR,ERR,ERR,ERR,ERR,ERR,ERR,ERR,ERR,ERR,ERR,ERR,ERR,ERR,ERR,ERR,ERR,ERR,ERR,ERR,ERR,ERR,ERR,ERR,ERR,0.0,0.0,2.6474835549302285e+23,0.0,0.0,1.3936040501711995e+18,7.805,0.0,0,0,4,0,7116,0.0,100,0.0,0.0,0.0,0.0,0.0,0,0,0,0,0.0,0,0,0,0,0,0,0,0,0,0,0,0,0,0,0,0,0,0,0,0,0,0,0,0,0,0,0,0,0,0,0,0,0,31,40,40,71,65476,0,300,0,0,8,21553,0.0,-107605600.0,0.0,0.0,0.0,0.0,0.0,0.0,0.0,0.0,0.0,0.0,0.0,0.0,0.0,0.0,0.0,0.0,0.0,0.0,0.0,0.0,-2.004,2.004,2.004,-2.004,0.0,0.0,0.0,0.0,4493.0,131350.188,6921.0,0.0,0.0,-107615152.0,2.718429120148166e+23,0.0,0.0,0.0,0.0,69,-71.63,-0.0,0.0,0.0,0.0,0.0,0.0,0.0,0.0,0,0,0,0.0,0.0,0.0,0.0,0.0,0.0,0.0,0.0,0.0,0.0,0.0,0.0,0.0,0.0,0.0,0.0,0,-107875648.0,69,0.0,138,0.0,0.0,0,26215,17086,39322,17101,39322,17081,0,0,0,70,68,100,2.7302399002429377e+23,82.2,2.730238459091057e+23,78.0,0.0,79.0,1,49,50,180,26215,0,0,0,0.0,0.0,0.0,0.0,-0.0,67.0,0.0,162057.094,0.0,977,0,1005,0,0,0,952,0,1028,0,927,0,790,0,782,0,822,0,7520,0.032,1.0376293541461623e+20,0.0,0.0,784,16797,-0.0,162057.094,-114818.039,-0.0,0.133,6.909358625270745e+28,30.0,70.0,35,0.0,0.0,0.0,0.0,0.0,0.0,0.0,0.0,0.0,0.0,0.0,0.0,0.0,0.0,0.0,0.0,66.4,0,150,71,52,65476,0,300,0,0,8,20529,65476,0,0,44564,70.0,0.0,0.0,0.0,0.0,0.0
2026-09-10T21:28:41,ERR,ERR,ERR,ERR,ERR,ERR,ERR,ERR,ERR,ERR,ERR,ERR,ERR,ERR,ERR,ERR,ERR,ERR,ERR,ERR,ERR,ERR,ERR,ERR,ERR,ERR,ERR,ERR,ERR,ERR,ERR,ERR,ERR,ERR,ERR,ERR,ERR,ERR,ERR,ERR,ERR,ERR,ERR,ERR,ERR,ERR,ERR,ERR,ERR,ERR,ERR,ERR,ERR,ERR,ERR,ERR,ERR,ERR,ERR,ERR,ERR,ERR,ERR,ERR,ERR,ERR,ERR,ERR,ERR,ERR,ERR,ERR,ERR,ERR,ERR,ERR,ERR,ERR,ERR,ERR,ERR,ERR,ERR,ERR,ERR,ERR,ERR,ERR,ERR,ERR,ERR,ERR,ERR,ERR,ERR,ERR,ERR,ERR,ERR,ERR,ERR,ERR,ERR,ERR,ERR,ERR,ERR,ERR,ERR,ERR,ERR,ERR,ERR,ERR,ERR,ERR,ERR,ERR,ERR,ERR,ERR,ERR,ERR,ERR,ERR,0.0,0.0,2.6474835549302285e+23,0.0,0.0,1.3936040501711995e+18,7.805,0.0,0,0,4,0,7116,0.0,100,0.0,0.0,0.0,0.0,0.0,0,0,0,0,0.0,0,0,0,0,0,0,0,0,0,0,0,0,0,0,0,0,0,0,0,0,0,0,0,0,0,0,0,0,0,0,0,0,0,31,40,40,71,65476,0,300,0,0,8,21553,0.0,-107605600.0,0.0,0.0,0.0,0.0,0.0,0.0,0.0,0.0,0.0,0.0,0.0,0.0,0.0,0.0,0.0,0.0,0.0,0.0,0.0,0.0,-2.004,2.004,2.004,-2.004,0.0,0.0,0.0,0.0,4493.0,131350.188,6921.0,0.0,0.0,-107615152.0,2.718429120148166e+23,0.0,0.0,0.0,0.0,69,-71.63,-0.0,0.0,0.0,0.0,0.0,0.0,0.0,0.0,0,0,0,0.0,0.0,0.0,0.0,0.0,0.0,0.0,0.0,0.0,0.0,0.0,0.0,0.0,0.0,0.0,0.0,0,-107875648.0,69,0.0,138,0.0,0.0,0,26215,17086,39322,17101,39322,17081,0,0,0,70,68,100,2.7302399002429377e+23,82.2,2.730238459091057e+23,78.0,0.0,79.0,1,49,50,180,26215,0,0,0,0.0,0.0,0.0,0.0,-0.0,67.0,0.0,162057.094,0.0,977,0,1005,0,0,0,952,0,1028,0,927,0,790,0,782,0,822,0,7520,0.032,1.0376293541461623e+20,0.0,0.0,784,16797,-0.0,162057.094,-114818.039,-0.0,0.133,6.909358625270745e+28,30.0,70.0,35,0.0,0.0,0.0,0.0,0.0,0.0,0.0,0.0,0.0,0.0,0.0,0.0,0.0,0.0,0.0,0.0,66.4,0,150,71,52,65476,0,300,0,0,8,20529,65476,0,0,44564,70.0,0.0,0.0,0.0,0.0,0.0
2026-09-10T21:28:42,ERR,ERR,ERR,ERR,ERR,ERR,ERR,ERR,ERR,ERR,ERR,ERR,ERR,ERR,ERR,ERR,ERR,ERR,ERR,ERR,ERR,ERR,ERR,ERR,ERR,ERR,ERR,ERR,ERR,ERR,ERR,ERR,ERR,ERR,ERR,ERR,ERR,ERR,ERR,ERR,ERR,ERR,ERR,ERR,ERR,ERR,ERR,ERR,ERR,ERR,ERR,ERR,ERR,ERR,ERR,ERR,ERR,ERR,ERR,ERR,ERR,ERR,ERR,ERR,ERR,ERR,ERR,ERR,ERR,ERR,ERR,ERR,ERR,ERR,ERR,ERR,ERR,ERR,ERR,ERR,ERR,ERR,ERR,ERR,ERR,ERR,ERR,ERR,ERR,ERR,ERR,ERR,ERR,ERR,ERR,ERR,ERR,ERR,ERR,ERR,ERR,ERR,ERR,ERR,ERR,ERR,ERR,ERR,ERR,ERR,ERR,ERR,ERR,ERR,ERR,ERR,ERR,ERR,ERR,ERR,ERR,ERR,ERR,ERR,ERR,0.0,0.0,2.6474835549302285e+23,0.0,0.0,1.3936040501711995e+18,7.805,0.0,0,0,4,0,7116,0.0,100,0.0,0.0,0.0,0.0,0.0,0,0,0,0,0.0,0,0,0,0,0,0,0,0,0,0,0,0,0,0,0,0,0,0,0,0,0,0,0,0,0,0,0,0,0,0,0,0,0,31,40,40,71,65476,0,300,0,0,8,21553,0.0,-107605600.0,0.0,0.0,0.0,0.0,0.0,0.0,0.0,0.0,0.0,0.0,0.0,0.0,0.0,0.0,0.0,0.0,0.0,0.0,0.0,0.0,-2.004,2.004,2.004,-2.004,0.0,0.0,0.0,0.0,4493.0,131350.188,6921.0,0.0,0.0,-107615152.0,2.718429120148166e+23,0.0,0.0,0.0,0.0,69,-71.63,-0.0,0.0,0.0,0.0,0.0,0.0,0.0,0.0,0,0,0,0.0,0.0,0.0,0.0,0.0,0.0,0.0,0.0,0.0,0.0,0.0,0.0,0.0,0.0,0.0,0.0,0,-107875648.0,69,0.0,138,0.0,0.0,0,26215,17086,39322,17101,39322,17081,0,0,0,70,68,100,2.7302399002429377e+23,82.2,2.730238459091057e+23,78.0,0.0,79.0,1,49,50,180,26215,0,0,0,0.0,0.0,0.0,0.0,-0.0,67.0,0.0,162057.094,0.0,977,0,1005,0,0,0,952,0,1028,0,927,0,790,0,782,0,822,0,7520,0.032,1.0376293541461623e+20,0.0,0.0,784,16797,-0.0,162057.094,-114818.039,-0.0,0.133,6.909358625270745e+28,30.0,70.0,35,0.0,0.0,0.0,0.0,0.0,0.0,0.0,0.0,0.0,0.0,0.0,0.0,0.0,0.0,0.0,0.0,66.4,0,150,71,52,65476,0,300,0,0,8,20529,65476,0,0,44564,70.0,0.0,0.0,0.0,0.0,0.0
2026-09-10T21:28:43,ERR,ERR,ERR,ERR,ERR,ERR,ERR,ERR,ERR,ERR,ERR,ERR,ERR,ERR,ERR,ERR,ERR,ERR,ERR,ERR,ERR,ERR,ERR,ERR,ERR,ERR,ERR,ERR,ERR,ERR,ERR,ERR,ERR,ERR,ERR,ERR,ERR,ERR,ERR,ERR,ERR,ERR,ERR,ERR,ERR,ERR,ERR,ERR,ERR,ERR,ERR,ERR,ERR,ERR,ERR,ERR,ERR,ERR,ERR,ERR,ERR,ERR,ERR,ERR,ERR,ERR,ERR,ERR,ERR,ERR,ERR,ERR,ERR,ERR,ERR,ERR,ERR,ERR,ERR,ERR,ERR,ERR,ERR,ERR,ERR,ERR,ERR,ERR,ERR,ERR,ERR,ERR,ERR,ERR,ERR,ERR,ERR,ERR,ERR,ERR,ERR,ERR,ERR,ERR,ERR,ERR,ERR,ERR,ERR,ERR,ERR,ERR,ERR,ERR,ERR,ERR,ERR,ERR,ERR,ERR,ERR,ERR,ERR,ERR,ERR,0.0,0.0,2.6474835549302285e+23,0.0,0.0,1.3936040501711995e+18,7.805,0.0,0,0,4,0,7116,0.0,100,0.0,0.0,0.0,0.0,0.0,0,0,0,0,0.0,0,0,0,0,0,0,0,0,0,0,0,0,0,0,0,0,0,0,0,0,0,0,0,0,0,0,0,0,0,0,0,0,0,31,40,40,71,65476,0,300,0,0,8,21553,0.0,-107605600.0,0.0,0.0,0.0,0.0,0.0,0.0,0.0,0.0,0.0,0.0,0.0,0.0,0.0,0.0,0.0,0.0,0.0,0.0,0.0,0.0,-2.004,2.004,2.004,-2.004,0.0,0.0,0.0,0.0,4493.0,131350.188,6921.0,0.0,0.0,-107615152.0,2.718429120148166e+23,0.0,0.0,0.0,0.0,69,-71.63,-0.0,0.0,0.0,0.0,0.0,0.0,0.0,0.0,0,0,0,0.0,0.0,0.0,0.0,0.0,0.0,0.0,0.0,0.0,0.0,0.0,0.0,0.0,0.0,0.0,0.0,0,-107875648.0,69,0.0,138,0.0,0.0,0,26215,17086,39322,17101,39322,17081,0,0,0,70,68,100,2.7302399002429377e+23,82.2,2.730238459091057e+23,78.0,0.0,79.0,1,49,50,180,26215,0,0,0,0.0,0.0,0.0,0.0,-0.0,67.0,0.0,162057.094,0.0,977,0,1005,0,0,0,952,0,1028,0,927,0,790,0,782,0,822,0,7520,0.032,1.0376293541461623e+20,0.0,0.0,784,16797,-0.0,162057.094,-114818.039,-0.0,0.133,6.909358625270745e+28,30.0,70.0,35,0.0,0.0,0.0,0.0,0.0,0.0,0.0,0.0,0.0,0.0,0.0,0.0,0.0,0.0,0.0,0.0,66.4,0,150,71,52,65476,0,300,0,0,8,20529,65476,0,0,44564,70.0,0.0,0.0,0.0,0.0,0.0
2026-09-10T21:28:44,ERR,ERR,ERR,ERR,ERR,ERR,ERR,ERR,ERR,ERR,ERR,ERR,ERR,ERR,ERR,ERR,ERR,ERR,ERR,ERR,ERR,ERR,ERR,ERR,ERR,ERR,ERR,ERR,ERR,ERR,ERR,ERR,ERR,ERR,ERR,ERR,ERR,ERR,ERR,ERR,ERR,ERR,ERR,ERR,ERR,ERR,ERR,ERR,ERR,ERR,ERR,ERR,ERR,ERR,ERR,ERR,ERR,ERR,ERR,ERR,ERR,ERR,ERR,ERR,ERR,ERR,ERR,ERR,ERR,ERR,ERR,ERR,ERR,ERR,ERR,ERR,ERR,ERR,ERR,ERR,ERR,ERR,ERR,ERR,ERR,ERR,ERR,ERR,ERR,ERR,ERR,ERR,ERR,ERR,ERR,ERR,ERR,ERR,ERR,ERR,ERR,ERR,ERR,ERR,ERR,ERR,ERR,ERR,ERR,ERR,ERR,ERR,ERR,ERR,ERR,ERR,ERR,ERR,ERR,ERR,ERR,ERR,ERR,ERR,ERR,0.0,0.0,2.6474835549302285e+23,0.0,0.0,1.3936040501711995e+18,7.805,0.0,0,0,4,0,7116,0.0,100,0.0,0.0,0.0,0.0,0.0,0,0,0,0,0.0,0,0,0,0,0,0,0,0,0,0,0,0,0,0,0,0,0,0,0,0,0,0,0,0,0,0,0,0,0,0,0,0,0,31,40,40,71,65476,0,300,0,0,8,21553,0.0,-107605600.0,0.0,0.0,0.0,0.0,0.0,0.0,0.0,0.0,0.0,0.0,0.0,0.0,0.0,0.0,0.0,0.0,0.0,0.0,0.0,0.0,-2.004,2.004,2.004,-2.004,0.0,0.0,0.0,0.0,4493.0,131350.188,6921.0,0.0,0.0,-107615152.0,2.718429120148166e+23,0.0,0.0,0.0,0.0,69,-71.63,-0.0,0.0,0.0,0.0,0.0,0.0,0.0,0.0,0,0,0,0.0,0.0,0.0,0.0,0.0,0.0,0.0,0.0,0.0,0.0,0.0,0.0,0.0,0.0,0.0,0.0,0,-107875648.0,69,0.0,138,0.0,0.0,0,26215,17086,39322,17101,39322,17081,0,0,0,70,68,100,2.7302399002429377e+23,82.2,2.730238459091057e+23,78.1,0.0,79.0,1,49,50,180,26215,0,0,0,0.0,0.0,0.0,0.0,-0.0,67.0,0.0,162057.094,0.0,977,0,1005,0,0,0,952,0,1028,0,927,0,790,0,782,0,822,0,7520,0.032,1.2682136550675317e+20,0.0,0.0,784,16797,-0.0,162057.094,-114818.039,-0.0,0.133,6.909358625270745e+28,30.0,70.0,35,0.0,0.0,0.0,0.0,0.0,0.0,0.0,0.0,0.0,0.0,0.0,0.0,0.0,0.0,0.0,0.0,66.4,0,150,71,52,65476,0,300,0,0,8,20529,65476,0,0,44564,70.0,0.0,0.0,0.0,0.0,0.0
2026-09-10T21:28:45,ERR,ERR,ERR,ERR,ERR,ERR,ERR,ERR,ERR,ERR,ERR,ERR,ERR,ERR,ERR,ERR,ERR,ERR,ERR,ERR,ERR,ERR,ERR,ERR,ERR,ERR,ERR,ERR,ERR,ERR,ERR,ERR,ERR,ERR,ERR,ERR,ERR,ERR,ERR,ERR,ERR,ERR,ERR,ERR,ERR,ERR,ERR,ERR,ERR,ERR,ERR,ERR,ERR,ERR,ERR,ERR,ERR,ERR,ERR,ERR,ERR,ERR,ERR,ERR,ERR,ERR,ERR,ERR,ERR,ERR,ERR,ERR,ERR,ERR,ERR,ERR,ERR,ERR,ERR,ERR,ERR,ERR,ERR,ERR,ERR,ERR,ERR,ERR,ERR,ERR,ERR,ERR,ERR,ERR,ERR,ERR,ERR,ERR,ERR,ERR,ERR,ERR,ERR,ERR,ERR,ERR,ERR,ERR,ERR,ERR,ERR,ERR,ERR,ERR,ERR,ERR,ERR,ERR,ERR,ERR,ERR,ERR,ERR,ERR,ERR,0.0,0.0,2.6474835549302285e+23,0.0,0.0,1.3936040501711995e+18,7.805,0.0,0,0,4,0,7116,0.0,100,0.0,0.0,0.0,0.0,0.0,0,0,0,0,0.0,0,0,0,0,0,0,0,0,0,0,0,0,0,0,0,0,0,0,0,0,0,0,0,0,0,0,0,0,0,0,0,0,0,31,40,40,71,65476,0,300,0,0,8,21553,0.0,-107605600.0,0.0,0.0,0.0,0.0,0.0,0.0,0.0,0.0,0.0,0.0,0.0,0.0,0.0,0.0,0.0,0.0,0.0,0.0,0.0,0.0,-2.004,2.004,2.004,-2.004,0.0,0.0,0.0,0.0,4493.0,131350.188,6921.0,0.0,0.0,-107615152.0,2.718429120148166e+23,0.0,0.0,0.0,0.0,69,-71.63,-0.0,0.0,0.0,0.0,0.0,0.0,0.0,0.0,0,0,0,0.0,0.0,0.0,0.0,0.0,0.0,0.0,0.0,0.0,0.0,0.0,0.0,0.0,0.0,0.0,0.0,0,-107875648.0,69,0.0,138,0.0,0.0,0,26215,17086,39322,17101,39322,17081,0,0,0,70,68,100,2.7302399002429377e+23,82.2,2.730238459091057e+23,78.1,0.0,79.0,1,49,50,180,26215,0,0,0,0.0,0.0,0.0,0.0,-0.0,67.0,0.0,162057.094,0.0,977,0,1005,0,0,0,952,0,1028,0,927,0,790,0,782,0,822,0,7520,0.032,1.2682136550675317e+20,0.0,0.0,784,16797,-0.0,162057.094,-114818.039,-0.0,0.133,6.909358625270745e+28,30.0,70.0,35,0.0,0.0,0.0,0.0,0.0,0.0,0.0,0.0,0.0,0.0,0.0,0.0,0.0,0.0,0.0,0.0,66.4,0,150,71,52,65476,0,300,0,0,8,20529,65476,0,0,44564,70.0,0.0,0.0,0.0,0.0,0.0
2026-09-10T21:28:46,ERR,ERR,ERR,ERR,ERR,ERR,ERR,ERR,ERR,ERR,ERR,ERR,ERR,ERR,ERR,ERR,ERR,ERR,ERR,ERR,ERR,ERR,ERR,ERR,ERR,ERR,ERR,ERR,ERR,ERR,ERR,ERR,ERR,ERR,ERR,ERR,ERR,ERR,ERR,ERR,ERR,ERR,ERR,ERR,ERR,ERR,ERR,ERR,ERR,ERR,ERR,ERR,ERR,ERR,ERR,ERR,ERR,ERR,ERR,ERR,ERR,ERR,ERR,ERR,ERR,ERR,ERR,ERR,ERR,ERR,ERR,ERR,ERR,ERR,ERR,ERR,ERR,ERR,ERR,ERR,ERR,ERR,ERR,ERR,ERR,ERR,ERR,ERR,ERR,ERR,ERR,ERR,ERR,ERR,ERR,ERR,ERR,ERR,ERR,ERR,ERR,ERR,ERR,ERR,ERR,ERR,ERR,ERR,ERR,ERR,ERR,ERR,ERR,ERR,ERR,ERR,ERR,ERR,ERR,ERR,ERR,ERR,ERR,ERR,ERR,0.0,0.0,2.6474835549302285e+23,0.0,0.0,1.3936040501711995e+18,7.805,0.0,0,0,4,0,7116,0.0,100,0.0,0.0,0.0,0.0,0.0,0,0,0,0,0.0,0,0,0,0,0,0,0,0,0,0,0,0,0,0,0,0,0,0,0,0,0,0,0,0,0,0,0,0,0,0,0,0,0,31,40,40,71,65476,0,300,0,0,8,21553,0.0,-107605600.0,0.0,0.0,0.0,0.0,0.0,0.0,0.0,0.0,0.0,0.0,0.0,0.0,0.0,0.0,0.0,0.0,0.0,0.0,0.0,0.0,-2.004,2.004,2.004,-2.004,0.0,0.0,0.0,0.0,4493.0,131350.188,6921.0,0.0,0.0,-107615152.0,2.718429120148166e+23,0.0,0.0,0.0,0.0,69,-71.63,-0.0,0.0,0.0,0.0,0.0,0.0,0.0,0.0,0,0,0,0.0,0.0,0.0,0.0,0.0,0.0,0.0,0.0,0.0,0.0,0.0,0.0,0.0,0.0,0.0,0.0,0,-107875648.0,69,0.0,138,0.0,0.0,0,26215,17086,39322,17101,39322,17081,0,0,0,70,68,100,2.7302399002429377e+23,82.2,2.730238459091057e+23,78.1,0.0,79.0,1,49,50,180,26215,0,0,0,0.0,0.0,0.0,0.0,-0.0,67.0,0.0,162057.094,0.0,977,0,1005,0,0,0,952,0,1028,0,927,0,790,0,782,0,822,0,7520,0.032,1.2682136550675317e+20,0.0,0.0,784,16797,-0.0,162057.094,-114818.039,-0.0,0.133,6.909358625270745e+28,30.0,70.0,35,0.0,0.0,0.0,0.0,0.0,0.0,0.0,0.0,0.0,0.0,0.0,0.0,0.0,0.0,0.0,0.0,66.4,0,150,71,52,65476,0,300,0,0,8,20529,65476,0,0,44564,70.0,0.0,0.0,0.0,0.0,0.0
2026-09-10T21:28:47,ERR,ERR,ERR,ERR,ERR,ERR,ERR,ERR,ERR,ERR,ERR,ERR,ERR,ERR,ERR,ERR,ERR,ERR,ERR,ERR,ERR,ERR,ERR,ERR,ERR,ERR,ERR,ERR,ERR,ERR,ERR,ERR,ERR,ERR,ERR,ERR,ERR,ERR,ERR,ERR,ERR,ERR,ERR,ERR,ERR,ERR,ERR,ERR,ERR,ERR,ERR,ERR,ERR,ERR,ERR,ERR,ERR,ERR,ERR,ERR,ERR,ERR,ERR,ERR,ERR,ERR,ERR,ERR,ERR,ERR,ERR,ERR,ERR,ERR,ERR,ERR,ERR,ERR,ERR,ERR,ERR,ERR,ERR,ERR,ERR,ERR,ERR,ERR,ERR,ERR,ERR,ERR,ERR,ERR,ERR,ERR,ERR,ERR,ERR,ERR,ERR,ERR,ERR,ERR,ERR,ERR,ERR,ERR,ERR,ERR,ERR,ERR,ERR,ERR,ERR,ERR,ERR,ERR,ERR,ERR,ERR,ERR,ERR,ERR,ERR,0.0,0.0,2.6474835549302285e+23,0.0,0.0,1.3936040501711995e+18,7.805,0.0,0,0,4,0,7116,0.0,100,0.0,0.0,0.0,0.0,0.0,0,0,0,0,0.0,0,0,0,0,0,0,0,0,0,0,0,0,0,0,0,0,0,0,0,0,0,0,0,0,0,0,0,0,0,0,0,0,0,31,40,40,71,65476,0,300,0,0,8,21553,0.0,-107605600.0,0.0,0.0,0.0,0.0,0.0,0.0,0.0,0.0,0.0,0.0,0.0,0.0,0.0,0.0,0.0,0.0,0.0,0.0,0.0,0.0,-2.004,2.004,2.004,-2.004,0.0,0.0,0.0,0.0,4493.0,564144759635968.0,6923.0,0.0,0.0,-107615152.0,2.718429120148166e+23,0.0,0.0,0.0,0.0,69,-152018521948160.0,-107614616.0,0.0,0.0,0.0,0.0,0.0,0.0,0.0,0,0,0,0.0,0.0,0.0,0.0,0.0,0.0,0.0,0.0,0.0,0.0,0.0,0.0,0.0,0.0,0.0,0.0,0,-107875648.0,69,0.0,138,0.0,0.0,0,26215,17086,39322,17101,39322,17081,0,0,0,70,68,100,2.7302399002429377e+23,82.2,2.730238459091057e+23,78.1,0.0,79.0,1,49,50,180,26215,0,0,0,0.0,0.0,0.0,0.0,-0.0,67.0,0.0,162057.094,0.0,977,0,1005,0,0,0,952,0,1028,0,927,0,790,0,782,0,822,0,7520,0.032,1.2682136550675317e+20,0.0,0.0,784,16797,-0.0,162057.094,-114818.039,-0.0,0.133,6.909358625270745e+28,30.0,70.0,35,0.0,0.0,0.0,0.0,0.0,0.0,0.0,0.0,0.0,0.0,0.0,0.0,0.0,0.0,0.0,0.0,66.4,0,150,71,52,65476,0,300,0,0,8,20529,65476,0,0,44564,70.0,0.0,0.0,0.0,0.0,0.0
2026-09-10T21:28:48,ERR,ERR,ERR,ERR,ERR,ERR,ERR,ERR,ERR,ERR,ERR,ERR,ERR,ERR,ERR,ERR,ERR,ERR,ERR,ERR,ERR,ERR,ERR,ERR,ERR,ERR,ERR,ERR,ERR,ERR,ERR,ERR,ERR,ERR,ERR,ERR,ERR,ERR,ERR,ERR,ERR,ERR,ERR,ERR,ERR,ERR,ERR,ERR,ERR,ERR,ERR,ERR,ERR,ERR,ERR,ERR,ERR,ERR,ERR,ERR,ERR,ERR,ERR,ERR,ERR,ERR,ERR,ERR,ERR,ERR,ERR,ERR,ERR,ERR,ERR,ERR,ERR,ERR,ERR,ERR,ERR,ERR,ERR,ERR,ERR,ERR,ERR,ERR,ERR,ERR,ERR,ERR,ERR,ERR,ERR,ERR,ERR,ERR,ERR,ERR,ERR,ERR,ERR,ERR,ERR,ERR,ERR,ERR,ERR,ERR,ERR,ERR,ERR,ERR,ERR,ERR,ERR,ERR,ERR,ERR,ERR,ERR,ERR,ERR,ERR,0.0,0.0,2.6474835549302285e+23,0.0,0.0,1.3936040501711995e+18,7.805,0.0,0,0,4,0,7116,0.0,100,0.0,0.0,0.0,0.0,0.0,0,0,0,0,0.0,0,0,0,0,0,0,0,0,0,0,0,0,0,0,0,0,0,0,0,0,0,0,0,0,0,0,0,0,0,0,0,0,0,31,40,40,71,65476,0,300,0,0,8,21553,0.0,-107605600.0,0.0,0.0,0.0,0.0,0.0,0.0,0.0,0.0,0.0,0.0,0.0,0.0,0.0,0.0,0.0,0.0,0.0,0.0,0.0,0.0,-2.004,2.004,2.004,-2.004,0.0,0.0,0.0,0.0,4493.0,564144759635968.0,6923.0,0.0,0.0,-107615152.0,2.718429120148166e+23,0.0,0.0,0.0,0.0,69,-152018521948160.0,-107614616.0,0.0,0.0,0.0,0.0,0.0,0.0,0.0,0,0,0,0.0,0.0,0.0,0.0,0.0,0.0,0.0,0.0,0.0,0.0,0.0,0.0,0.0,0.0,0.0,0.0,0,-107875648.0,69,0.0,138,0.0,0.0,0,26215,17086,39322,17101,39322,17081,0,0,0,70,68,100,2.7302399002429377e+23,82.2,2.730238459091057e+23,78.1,0.0,79.0,1,49,50,180,26215,0,0,0,0.0,0.0,0.0,0.0,-0.0,67.0,0.0,162057.094,0.0,977,0,1005,0,0,0,952,0,1028,0,927,0,790,0,782,0,822,0,7520,0.032,1.2682136550675317e+20,0.0,0.0,784,16797,-0.0,162057.094,-114818.039,-0.0,0.133,6.909358625270745e+28,30.0,70.0,35,0.0,0.0,0.0,0.0,0.0,0.0,0.0,0.0,0.0,0.0,0.0,0.0,0.0,0.0,0.0,0.0,66.4,0,150,71,52,65476,0,300,0,0,8,20529,65476,0,0,44564,70.0,0.0,0.0,0.0,0.0,0.0
2026-09-10T21:28:49,ERR,ERR,ERR,ERR,ERR,ERR,ERR,ERR,ERR,ERR,ERR,ERR,ERR,ERR,ERR,ERR,ERR,ERR,ERR,ERR,ERR,ERR,ERR,ERR,ERR,ERR,ERR,ERR,ERR,ERR,ERR,ERR,ERR,ERR,ERR,ERR,ERR,ERR,ERR,ERR,ERR,ERR,ERR,ERR,ERR,ERR,ERR,ERR,ERR,ERR,ERR,ERR,ERR,ERR,ERR,ERR,ERR,ERR,ERR,ERR,ERR,ERR,ERR,ERR,ERR,ERR,ERR,ERR,ERR,ERR,ERR,ERR,ERR,ERR,ERR,ERR,ERR,ERR,ERR,ERR,ERR,ERR,ERR,ERR,ERR,ERR,ERR,ERR,ERR,ERR,ERR,ERR,ERR,ERR,ERR,ERR,ERR,ERR,ERR,ERR,ERR,ERR,ERR,ERR,ERR,ERR,ERR,ERR,ERR,ERR,ERR,ERR,ERR,ERR,ERR,ERR,ERR,ERR,ERR,ERR,ERR,ERR,ERR,ERR,ERR,0.0,0.0,2.6474835549302285e+23,0.0,0.0,1.3936040501711995e+18,7.805,0.0,0,0,4,0,7116,0.0,100,0.0,0.0,0.0,0.0,0.0,0,0,0,0,0.0,0,0,0,0,0,0,0,0,0,0,0,0,0,0,0,0,0,0,0,0,0,0,0,0,0,0,0,0,0,0,0,0,0,31,40,40,71,65476,0,300,0,0,8,21553,0.0,-107605600.0,0.0,0.0,0.0,0.0,0.0,0.0,0.0,0.0,0.0,0.0,0.0,0.0,0.0,0.0,0.0,0.0,0.0,0.0,0.0,0.0,-2.004,2.004,2.004,-2.004,0.0,0.0,0.0,0.0,4493.0,564144759635968.0,6923.0,0.0,0.0,-107615152.0,2.718429120148166e+23,0.0,0.0,0.0,0.0,69,-152018521948160.0,-107614616.0,0.0,0.0,0.0,0.0,0.0,0.0,0.0,0,0,0,0.0,0.0,0.0,0.0,0.0,0.0,0.0,0.0,0.0,0.0,0.0,0.0,0.0,0.0,0.0,0.0,0,-107875648.0,69,0.0,138,0.0,0.0,0,26215,17086,39322,17101,39322,17081,0,0,0,70,68,100,2.7302399002429377e+23,82.2,2.730238459091057e+23,78.1,0.0,79.0,1,49,50,180,26215,0,0,0,0.0,0.0,0.0,0.0,-0.0,67.0,0.0,162057.094,0.0,977,0,1005,0,0,0,952,0,1028,0,927,0,790,0,782,0,822,0,7520,0.032,1.2682136550675317e+20,0.0,0.0,784,16797,-0.0,162057.094,-114818.039,-0.0,0.133,6.909358625270745e+28,30.0,70.0,35,0.0,0.0,0.0,0.0,0.0,0.0,0.0,0.0,0.0,0.0,0.0,0.0,0.0,0.0,0.0,0.0,66.4,0,150,71,52,65476,0,300,0,0,8,20529,65476,0,0,44564,70.0,0.0,0.0,0.0,0.0,0.0
2026-09-10T21:28:50,ERR,ERR,ERR,ERR,ERR,ERR,ERR,ERR,ERR,ERR,ERR,ERR,ERR,ERR,ERR,ERR,ERR,ERR,ERR,ERR,ERR,ERR,ERR,ERR,ERR,ERR,ERR,ERR,ERR,ERR,ERR,ERR,ERR,ERR,ERR,ERR,ERR,ERR,ERR,ERR,ERR,ERR,ERR,ERR,ERR,ERR,ERR,ERR,ERR,ERR,ERR,ERR,ERR,ERR,ERR,ERR,ERR,ERR,ERR,ERR,ERR,ERR,ERR,ERR,ERR,ERR,ERR,ERR,ERR,ERR,ERR,ERR,ERR,ERR,ERR,ERR,ERR,ERR,ERR,ERR,ERR,ERR,ERR,ERR,ERR,ERR,ERR,ERR,ERR,ERR,ERR,ERR,ERR,ERR,ERR,ERR,ERR,ERR,ERR,ERR,ERR,ERR,ERR,ERR,ERR,ERR,ERR,ERR,ERR,ERR,ERR,ERR,ERR,ERR,ERR,ERR,ERR,ERR,ERR,ERR,ERR,ERR,ERR,ERR,ERR,0.0,0.0,2.6474835549302285e+23,0.0,0.0,1.3936040501711995e+18,7.805,0.0,0,0,4,0,7116,0.0,100,0.0,0.0,0.0,0.0,0.0,0,0,0,0,0.0,0,0,0,0,0,0,0,0,0,0,0,0,0,0,0,0,0,0,0,0,0,0,0,0,0,0,0,0,0,0,0,0,0,31,40,40,71,65476,0,300,0,0,8,21553,0.0,-107605600.0,0.0,0.0,0.0,0.0,0.0,0.0,0.0,0.0,0.0,0.0,0.0,0.0,0.0,0.0,0.0,0.0,0.0,0.0,0.0,0.0,-2.004,2.004,2.004,-2.004,0.0,0.0,0.0,0.0,4493.0,564144759635968.0,6923.0,0.0,0.0,-107615152.0,2.718429120148166e+23,0.0,0.0,0.0,0.0,69,-152018521948160.0,-107614616.0,0.0,0.0,0.0,0.0,0.0,0.0,0.0,0,0,0,0.0,0.0,0.0,0.0,0.0,0.0,0.0,0.0,0.0,0.0,0.0,0.0,0.0,0.0,0.0,0.0,0,-107875648.0,69,0.0,138,0.0,0.0,0,26215,17086,39322,17101,26215,17081,0,0,0,70,68,100,2.7302399002429377e+23,82.2,2.730238459091057e+23,78.0,0.0,79.0,1,49,50,180,26215,0,0,0,0.0,0.0,0.0,0.0,-0.0,67.0,0.0,162057.094,0.0,977,0,1005,0,0,0,952,0,1028,0,927,0,790,0,782,0,822,0,7520,0.032,1.1183338594686416e+20,0.0,0.0,784,16797,-0.0,162057.094,-114818.039,-0.0,0.133,6.909358625270745e+28,30.0,70.0,35,0.0,0.0,0.0,0.0,0.0,0.0,0.0,0.0,0.0,0.0,0.0,0.0,0.0,0.0,0.0,0.0,66.4,0,150,71,52,65476,0,300,0,0,8,20529,65476,0,0,44564,70.0,0.0,0.0,0.0,0.0,0.0
2026-09-10T21:28:51,ERR,ERR,ERR,ERR,ERR,ERR,ERR,ERR,ERR,ERR,ERR,ERR,ERR,ERR,ERR,ERR,ERR,ERR,ERR,ERR,ERR,ERR,ERR,ERR,ERR,ERR,ERR,ERR,ERR,ERR,ERR,ERR,ERR,ERR,ERR,ERR,ERR,ERR,ERR,ERR,ERR,ERR,ERR,ERR,ERR,ERR,ERR,ERR,ERR,ERR,ERR,ERR,ERR,ERR,ERR,ERR,ERR,ERR,ERR,ERR,ERR,ERR,ERR,ERR,ERR,ERR,ERR,ERR,ERR,ERR,ERR,ERR,ERR,ERR,ERR,ERR,ERR,ERR,ERR,ERR,ERR,ERR,ERR,ERR,ERR,ERR,ERR,ERR,ERR,ERR,ERR,ERR,ERR,ERR,ERR,ERR,ERR,ERR,ERR,ERR,ERR,ERR,ERR,ERR,ERR,ERR,ERR,ERR,ERR,ERR,ERR,ERR,ERR,ERR,ERR,ERR,ERR,ERR,ERR,ERR,ERR,ERR,ERR,ERR,ERR,0.0,0.0,2.6474835549302285e+23,0.0,0.0,1.3936040501711995e+18,7.805,0.0,0,0,4,0,7116,0.0,100,0.0,0.0,0.0,0.0,0.0,0,0,0,0,0.0,0,0,0,0,0,0,0,0,0,0,0,0,0,0,0,0,0,0,0,0,0,0,0,0,0,0,0,0,0,0,0,0,0,31,40,40,71,65476,0,300,0,0,8,21553,0.0,-107605600.0,0.0,0.0,0.0,0.0,0.0,0.0,0.0,0.0,0.0,0.0,0.0,0.0,0.0,0.0,0.0,0.0,0.0,0.0,0.0,0.0,-2.004,2.004,2.004,-2.004,0.0,0.0,0.0,0.0,4493.0,564144759635968.0,6923.0,0.0,0.0,-107615152.0,2.718429120148166e+23,0.0,0.0,0.0,0.0,69,-152018521948160.0,-107614616.0,0.0,0.0,0.0,0.0,0.0,0.0,0.0,0,0,0,0.0,0.0,0.0,0.0,0.0,0.0,0.0,0.0,0.0,0.0,0.0,0.0,0.0,0.0,0.0,0.0,0,-107875648.0,69,0.0,138,0.0,0.0,0,26215,17086,39322,17101,26215,17081,0,0,0,70,68,100,2.7302399002429377e+23,82.2,2.730238459091057e+23,78.0,0.0,79.0,1,49,50,180,26215,0,0,0,0.0,0.0,0.0,0.0,-0.0,67.0,0.0,162057.094,0.0,977,0,1005,0,0,0,952,0,1028,0,927,0,790,0,782,0,822,0,7520,0.032,1.1183338594686416e+20,0.0,0.0,784,16797,-0.0,162057.094,-114818.039,-0.0,0.133,6.909358625270745e+28,30.0,70.0,35,0.0,0.0,0.0,0.0,0.0,0.0,0.0,0.0,0.0,0.0,0.0,0.0,0.0,0.0,0.0,0.0,66.4,0,150,71,52,65476,0,300,0,0,8,20529,65476,0,0,44564,70.0,0.0,0.0,0.0,0.0,0.0
2026-09-10T21:28:52,ERR,ERR,ERR,ERR,ERR,ERR,ERR,ERR,ERR,ERR,ERR,ERR,ERR,ERR,ERR,ERR,ERR,ERR,ERR,ERR,ERR,ERR,ERR,ERR,ERR,ERR,ERR,ERR,ERR,ERR,ERR,ERR,ERR,ERR,ERR,ERR,ERR,ERR,ERR,ERR,ERR,ERR,ERR,ERR,ERR,ERR,ERR,ERR,ERR,ERR,ERR,ERR,ERR,ERR,ERR,ERR,ERR,ERR,ERR,ERR,ERR,ERR,ERR,ERR,ERR,ERR,ERR,ERR,ERR,ERR,ERR,ERR,ERR,ERR,ERR,ERR,ERR,ERR,ERR,ERR,ERR,ERR,ERR,ERR,ERR,ERR,ERR,ERR,ERR,ERR,ERR,ERR,ERR,ERR,ERR,ERR,ERR,ERR,ERR,ERR,ERR,ERR,ERR,ERR,ERR,ERR,ERR,ERR,ERR,ERR,ERR,ERR,ERR,ERR,ERR,ERR,ERR,ERR,ERR,ERR,ERR,ERR,ERR,ERR,ERR,0.0,0.0,2.6474835549302285e+23,0.0,0.0,1.3936040501711995e+18,7.805,0.0,0,0,4,0,7116,0.0,100,0.0,0.0,0.0,0.0,0.0,0,0,0,0,0.0,0,0,0,0,0,0,0,0,0,0,0,0,0,0,0,0,0,0,0,0,0,0,0,0,0,0,0,0,0,0,0,0,0,31,40,40,71,65476,0,300,0,0,8,21553,0.0,-107605600.0,0.0,0.0,0.0,0.0,0.0,0.0,0.0,0.0,0.0,0.0,0.0,0.0,0.0,0.0,0.0,0.0,0.0,0.0,0.0,0.0,-2.004,2.004,2.004,-2.004,0.0,0.0,0.0,0.0,4493.0,564144759635968.0,6923.0,0.0,0.0,-107615152.0,2.718429120148166e+23,0.0,0.0,0.0,0.0,69,-152018521948160.0,-107614616.0,0.0,0.0,0.0,0.0,0.0,0.0,0.0,0,0,0,0.0,0.0,0.0,0.0,0.0,0.0,0.0,0.0,0.0,0.0,0.0,0.0,0.0,0.0,0.0,0.0,0,-107875648.0,69,0.0,138,0.0,0.0,0,26215,17086,39322,17101,26215,17081,0,0,0,70,68,100,2.7302399002429377e+23,82.2,2.730238459091057e+23,78.0,0.0,79.0,1,49,50,180,26215,0,0,0,0.0,0.0,0.0,0.0,-0.0,67.0,0.0,162057.094,0.0,977,0,1005,0,0,0,952,0,1028,0,927,0,790,0,782,0,822,0,7520,0.032,1.1183338594686416e+20,0.0,0.0,784,16797,-0.0,162057.094,-114818.039,-0.0,0.133,6.909358625270745e+28,30.0,70.0,35,0.0,0.0,0.0,0.0,0.0,0.0,0.0,0.0,0.0,0.0,0.0,0.0,0.0,0.0,0.0,0.0,66.4,0,150,71,52,65476,0,300,0,0,8,20529,65476,0,0,44564,70.0,0.0,0.0,0.0,0.0,0.0
2026-09-10T21:28:53,ERR,ERR,ERR,ERR,ERR,ERR,ERR,ERR,ERR,ERR,ERR,ERR,ERR,ERR,ERR,ERR,ERR,ERR,ERR,ERR,ERR,ERR,ERR,ERR,ERR,ERR,ERR,ERR,ERR,ERR,ERR,ERR,ERR,ERR,ERR,ERR,ERR,ERR,ERR,ERR,ERR,ERR,ERR,ERR,ERR,ERR,ERR,ERR,ERR,ERR,ERR,ERR,ERR,ERR,ERR,ERR,ERR,ERR,ERR,ERR,ERR,ERR,ERR,ERR,ERR,ERR,ERR,ERR,ERR,ERR,ERR,ERR,ERR,ERR,ERR,ERR,ERR,ERR,ERR,ERR,ERR,ERR,ERR,ERR,ERR,ERR,ERR,ERR,ERR,ERR,ERR,ERR,ERR,ERR,ERR,ERR,ERR,ERR,ERR,ERR,ERR,ERR,ERR,ERR,ERR,ERR,ERR,ERR,ERR,ERR,ERR,ERR,ERR,ERR,ERR,ERR,ERR,ERR,ERR,ERR,ERR,ERR,ERR,ERR,ERR,0.0,0.0,2.6474835549302285e+23,0.0,0.0,1.3936040501711995e+18,7.805,0.0,0,0,4,0,7116,0.0,100,0.0,0.0,0.0,0.0,0.0,0,0,0,0,0.0,0,0,0,0,0,0,0,0,0,0,0,0,0,0,0,0,0,0,0,0,0,0,0,0,0,0,0,0,0,0,0,0,0,31,40,40,71,65476,0,300,0,0,8,21553,0.0,-107605600.0,0.0,0.0,0.0,0.0,0.0,0.0,0.0,0.0,0.0,0.0,0.0,0.0,0.0,0.0,0.0,0.0,0.0,0.0,0.0,0.0,-2.004,2.004,2.004,-2.004,0.0,0.0,0.0,0.0,4493.0,564144759635968.0,6923.0,0.0,0.0,-107615152.0,2.718429120148166e+23,0.0,0.0,0.0,0.0,69,-152018521948160.0,-107614616.0,0.0,0.0,0.0,0.0,0.0,0.0,0.0,0,0,0,0.0,0.0,0.0,0.0,0.0,0.0,0.0,0.0,0.0,0.0,0.0,0.0,0.0,0.0,0.0,0.0,0,-107875648.0,69,0.0,138,0.0,0.0,0,26215,17086,39322,17101,26215,17081,0,0,0,70,68,100,2.7302399002429377e+23,82.2,2.730238459091057e+23,78.0,0.0,79.0,1,49,50,180,26215,0,0,0,0.0,0.0,0.0,0.0,-0.0,67.0,0.0,162057.094,0.0,977,0,1005,0,0,0,952,0,1028,0,927,0,790,0,782,0,822,0,7520,0.032,1.1183338594686416e+20,0.0,0.0,784,16797,-0.0,162057.094,-114818.039,-0.0,0.133,6.909358625270745e+28,30.0,70.0,35,0.0,0.0,0.0,0.0,0.0,0.0,0.0,0.0,0.0,0.0,0.0,0.0,0.0,0.0,0.0,0.0,66.4,0,150,71,52,65476,0,300,0,0,8,20529,65476,0,0,44564,70.0,0.0,0.0,0.0,0.0,0.0
2026-09-10T21:28:54,ERR,ERR,ERR,ERR,ERR,ERR,ERR,ERR,ERR,ERR,ERR,ERR,ERR,ERR,ERR,ERR,ERR,ERR,ERR,ERR,ERR,ERR,ERR,ERR,ERR,ERR,ERR,ERR,ERR,ERR,ERR,ERR,ERR,ERR,ERR,ERR,ERR,ERR,ERR,ERR,ERR,ERR,ERR,ERR,ERR,ERR,ERR,ERR,ERR,ERR,ERR,ERR,ERR,ERR,ERR,ERR,ERR,ERR,ERR,ERR,ERR,ERR,ERR,ERR,ERR,ERR,ERR,ERR,ERR,ERR,ERR,ERR,ERR,ERR,ERR,ERR,ERR,ERR,ERR,ERR,ERR,ERR,ERR,ERR,ERR,ERR,ERR,ERR,ERR,ERR,ERR,ERR,ERR,ERR,ERR,ERR,ERR,ERR,ERR,ERR,ERR,ERR,ERR,ERR,ERR,ERR,ERR,ERR,ERR,ERR,ERR,ERR,ERR,ERR,ERR,ERR,ERR,ERR,ERR,ERR,ERR,ERR,ERR,ERR,ERR,0.0,0.0,2.6474835549302285e+23,0.0,0.0,1.3936040501711995e+18,7.805,0.0,0,0,4,0,7116,0.0,100,0.0,0.0,0.0,0.0,0.0,0,0,0,0,0.0,0,0,0,0,0,0,0,0,0,0,0,0,0,0,0,0,0,0,0,0,0,0,0,0,0,0,0,0,0,0,0,0,0,31,40,40,71,65476,0,300,0,0,8,21553,0.0,-107605600.0,0.0,0.0,0.0,0.0,0.0,0.0,0.0,0.0,0.0,0.0,0.0,0.0,0.0,0.0,0.0,0.0,0.0,0.0,0.0,0.0,-2.004,2.004,2.004,-2.004,0.0,0.0,0.0,0.0,4493.0,564144759635968.0,6923.0,0.0,0.0,-107615152.0,2.718429120148166e+23,0.0,0.0,0.0,0.0,69,-152018521948160.0,-107614616.0,0.0,0.0,0.0,0.0,0.0,0.0,0.0,0,0,0,0.0,0.0,0.0,0.0,0.0,0.0,0.0,0.0,0.0,0.0,0.0,0.0,0.0,0.0,0.0,0.0,0,-107875648.0,69,0.0,138,0.0,0.0,0,26215,17086,39322,17101,26215,17081,0,0,0,70,68,100,2.7302399002429377e+23,82.2,2.730238459091057e+23,78.0,0.0,79.0,1,49,50,180,26215,0,0,0,0.0,0.0,0.0,0.0,-0.0,67.0,0.0,162057.094,0.0,977,0,1005,0,0,0,952,0,1028,0,927,0,790,0,782,0,822,0,7520,0.032,1.1183338594686416e+20,0.0,0.0,784,16797,-0.0,162057.094,-114818.039,-0.0,0.133,6.909358625270745e+28,30.0,70.0,35,0.0,0.0,0.0,0.0,0.0,0.0,0.0,0.0,0.0,0.0,0.0,0.0,0.0,0.0,0.0,0.0,66.4,0,150,71,52,65476,0,300,0,0,8,20529,65476,0,0,44564,70.0,0.0,0.0,0.0,0.0,0.0
2026-09-10T21:28:55,ERR,ERR,ERR,ERR,ERR,ERR,ERR,ERR,ERR,ERR,ERR,ERR,ERR,ERR,ERR,ERR,ERR,ERR,ERR,ERR,ERR,ERR,ERR,ERR,ERR,ERR,ERR,ERR,ERR,ERR,ERR,ERR,ERR,ERR,ERR,ERR,ERR,ERR,ERR,ERR,ERR,ERR,ERR,ERR,ERR,ERR,ERR,ERR,ERR,ERR,ERR,ERR,ERR,ERR,ERR,ERR,ERR,ERR,ERR,ERR,ERR,ERR,ERR,ERR,ERR,ERR,ERR,ERR,ERR,ERR,ERR,ERR,ERR,ERR,ERR,ERR,ERR,ERR,ERR,ERR,ERR,ERR,ERR,ERR,ERR,ERR,ERR,ERR,ERR,ERR,ERR,ERR,ERR,ERR,ERR,ERR,ERR,ERR,ERR,ERR,ERR,ERR,ERR,ERR,ERR,ERR,ERR,ERR,ERR,ERR,ERR,ERR,ERR,ERR,ERR,ERR,ERR,ERR,ERR,ERR,ERR,ERR,ERR,ERR,ERR,0.0,0.0,2.6474835549302285e+23,0.0,0.0,1.3936040501711995e+18,7.805,0.0,0,0,4,0,7116,0.0,100,0.0,0.0,0.0,0.0,0.0,0,0,0,0,0.0,0,0,0,0,0,0,0,0,0,0,0,0,0,0,0,0,0,0,0,0,0,0,0,0,0,0,0,0,0,0,0,0,0,31,40,40,71,65476,0,300,0,0,8,21553,0.0,-107605600.0,0.0,0.0,0.0,0.0,0.0,0.0,0.0,0.0,0.0,0.0,0.0,0.0,0.0,0.0,0.0,0.0,0.0,0.0,0.0,0.0,-2.004,2.004,2.004,-2.004,0.0,0.0,0.0,0.0,4492.0,1.0406634001529092e+34,6927.0,0.0,0.0,0.0,2.718429120148166e+23,0.0,0.0,0.0,0.0,69,-152018521948160.0,-0.0,0.0,0.0,0.0,0.0,0.0,0.0,0.0,0,0,0,0.0,0.0,0.0,0.0,0.0,0.0,0.0,0.0,0.0,0.0,0.0,0.0,0.0,0.0,0.0,0.0,0,-107875648.0,69,0.0,138,0.0,-109183072.0,0,26215,17086,39322,17101,26215,17081,0,0,0,70,68,100,2.7302399002429377e+23,82.2,2.730238459091057e+23,78.0,0.0,79.0,1,49,50,180,26215,0,0,0,0.0,0.0,0.0,0.0,-0.0,67.0,0.0,162057.094,0.0,977,0,1005,0,0,0,952,0,1028,0,927,0,790,0,782,0,822,0,7520,0.032,1.1183338594686416e+20,0.0,0.0,784,16797,-0.0,162057.094,-114818.039,-0.0,0.133,6.909358625270745e+28,30.0,70.0,35,0.0,0.0,0.0,0.0,0.0,0.0,0.0,0.0,0.0,0.0,0.0,0.0,0.0,0.0,0.0,0.0,66.4,0,150,71,52,65476,0,300,0,0,8,20529,65476,0,0,44564,70.0,0.0,0.0,0.0,0.0,0.0
2026-09-10T21:28:56,ERR,ERR,ERR,ERR,ERR,ERR,ERR,ERR,ERR,ERR,ERR,ERR,ERR,ERR,ERR,ERR,ERR,ERR,ERR,ERR,ERR,ERR,ERR,ERR,ERR,ERR,ERR,ERR,ERR,ERR,ERR,ERR,ERR,ERR,ERR,ERR,ERR,ERR,ERR,ERR,ERR,ERR,ERR,ERR,ERR,ERR,ERR,ERR,ERR,ERR,ERR,ERR,ERR,ERR,ERR,ERR,ERR,ERR,ERR,ERR,ERR,ERR,ERR,ERR,ERR,ERR,ERR,ERR,ERR,ERR,ERR,ERR,ERR,ERR,ERR,ERR,ERR,ERR,ERR,ERR,ERR,ERR,ERR,ERR,ERR,ERR,ERR,ERR,ERR,ERR,ERR,ERR,ERR,ERR,ERR,ERR,ERR,ERR,ERR,ERR,ERR,ERR,ERR,ERR,ERR,ERR,ERR,ERR,ERR,ERR,ERR,ERR,ERR,ERR,ERR,ERR,ERR,ERR,ERR,ERR,ERR,ERR,ERR,ERR,ERR,0.0,0.0,2.6474835549302285e+23,0.0,0.0,1.3936040501711995e+18,7.805,0.0,0,0,4,0,7116,0.0,100,0.0,0.0,0.0,0.0,0.0,0,0,0,0,0.0,0,0,0,0,0,0,0,0,0,0,0,0,0,0,0,0,0,0,0,0,0,0,0,0,0,0,0,0,0,0,0,0,0,31,40,40,71,65476,0,300,0,0,8,21553,0.0,-107605600.0,0.0,0.0,0.0,0.0,0.0,0.0,0.0,0.0,0.0,0.0,0.0,0.0,0.0,0.0,0.0,0.0,0.0,0.0,0.0,0.0,-2.004,2.004,2.004,-2.004,0.0,0.0,0.0,0.0,4492.0,1.0406634001529092e+34,6927.0,0.0,0.0,0.0,2.718429120148166e+23,0.0,0.0,0.0,0.0,69,-152018521948160.0,-0.0,0.0,0.0,0.0,0.0,0.0,0.0,0.0,0,0,0,0.0,0.0,0.0,0.0,0.0,0.0,0.0,0.0,0.0,0.0,0.0,0.0,0.0,0.0,0.0,0.0,0,-107875648.0,69,0.0,138,0.0,-109183072.0,0,26215,17086,39322,17101,39322,17081,0,0,0,70,68,100,2.7302399002429377e+23,82.2,2.730238459091057e+23,78.0,0.0,79.0,1,49,50,180,26215,0,0,0,0.0,0.0,0.0,0.0,-0.0,67.0,0.0,162057.094,0.0,977,0,1005,0,0,0,952,0,1028,0,928,0,790,0,782,0,822,0,7520,0.032,9.511602413006488e+19,0.0,0.0,784,16797,-0.0,162057.094,-114818.039,-0.0,0.133,6.909358625270745e+28,30.0,70.0,35,0.0,0.0,0.0,0.0,0.0,0.0,0.0,0.0,0.0,0.0,0.0,0.0,0.0,0.0,0.0,0.0,66.4,0,150,71,52,65476,0,300,0,0,8,20529,65476,0,0,44564,70.0,0.0,0.0,0.0,0.0,0.0
2026-09-10T21:28:57,ERR,ERR,ERR,ERR,ERR,ERR,ERR,ERR,ERR,ERR,ERR,ERR,ERR,ERR,ERR,ERR,ERR,ERR,ERR,ERR,ERR,ERR,ERR,ERR,ERR,ERR,ERR,ERR,ERR,ERR,ERR,ERR,ERR,ERR,ERR,ERR,ERR,ERR,ERR,ERR,ERR,ERR,ERR,ERR,ERR,ERR,ERR,ERR,ERR,ERR,ERR,ERR,ERR,ERR,ERR,ERR,ERR,ERR,ERR,ERR,ERR,ERR,ERR,ERR,ERR,ERR,ERR,ERR,ERR,ERR,ERR,ERR,ERR,ERR,ERR,ERR,ERR,ERR,ERR,ERR,ERR,ERR,ERR,ERR,ERR,ERR,ERR,ERR,ERR,ERR,ERR,ERR,ERR,ERR,ERR,ERR,ERR,ERR,ERR,ERR,ERR,ERR,ERR,ERR,ERR,ERR,ERR,ERR,ERR,ERR,ERR,ERR,ERR,ERR,ERR,ERR,ERR,ERR,ERR,ERR,ERR,ERR,ERR,ERR,ERR,0.0,0.0,2.6474835549302285e+23,0.0,0.0,1.3936040501711995e+18,7.805,0.0,0,0,4,0,7116,0.0,100,0.0,0.0,0.0,0.0,0.0,0,0,0,0,0.0,0,0,0,0,0,0,0,0,0,0,0,0,0,0,0,0,0,0,0,0,0,0,0,0,0,0,0,0,0,0,0,0,0,31,40,40,71,65476,0,300,0,0,8,21553,0.0,-107605600.0,0.0,0.0,0.0,0.0,0.0,0.0,0.0,0.0,0.0,0.0,0.0,0.0,0.0,0.0,0.0,0.0,0.0,0.0,0.0,0.0,-2.004,2.004,2.004,-2.004,0.0,0.0,0.0,0.0,4492.0,1.0406634001529092e+34,6927.0,0.0,0.0,0.0,2.718429120148166e+23,0.0,0.0,0.0,0.0,69,-152018521948160.0,-0.0,0.0,0.0,0.0,0.0,0.0,0.0,0.0,0,0,0,0.0,0.0,0.0,0.0,0.0,0.0,0.0,0.0,0.0,0.0,0.0,0.0,0.0,0.0,0.0,0.0,0,-107875648.0,69,0.0,138,0.0,-109183072.0,0,26215,17086,39322,17101,39322,17081,0,0,0,70,68,100,2.7302399002429377e+23,82.2,2.730238459091057e+23,78.0,0.0,79.0,1,49,50,180,26215,0,0,0,0.0,0.0,0.0,0.0,-0.0,67.0,0.0,162057.094,0.0,977,0,1005,0,0,0,952,0,1028,0,928,0,790,0,782,0,822,0,7520,0.032,9.511602413006488e+19,0.0,0.0,784,16797,-0.0,162057.094,-114818.039,-0.0,0.133,6.909358625270745e+28,30.0,70.0,35,0.0,0.0,0.0,0.0,0.0,0.0,0.0,0.0,0.0,0.0,0.0,0.0,0.0,0.0,0.0,0.0,66.4,0,150,71,52,65476,0,300,0,0,8,20529,65476,0,0,44564,70.0,0.0,0.0,0.0,0.0,0.0
2026-09-10T21:28:58,ERR,ERR,ERR,ERR,ERR,ERR,ERR,ERR,ERR,ERR,ERR,ERR,ERR,ERR,ERR,ERR,ERR,ERR,ERR,ERR,ERR,ERR,ERR,ERR,ERR,ERR,ERR,ERR,ERR,ERR,ERR,ERR,ERR,ERR,ERR,ERR,ERR,ERR,ERR,ERR,ERR,ERR,ERR,ERR,ERR,ERR,ERR,ERR,ERR,ERR,ERR,ERR,ERR,ERR,ERR,ERR,ERR,ERR,ERR,ERR,ERR,ERR,ERR,ERR,ERR,ERR,ERR,ERR,ERR,ERR,ERR,ERR,ERR,ERR,ERR,ERR,ERR,ERR,ERR,ERR,ERR,ERR,ERR,ERR,ERR,ERR,ERR,ERR,ERR,ERR,ERR,ERR,ERR,ERR,ERR,ERR,ERR,ERR,ERR,ERR,ERR,ERR,ERR,ERR,ERR,ERR,ERR,ERR,ERR,ERR,ERR,ERR,ERR,ERR,ERR,ERR,ERR,ERR,ERR,ERR,ERR,ERR,ERR,ERR,ERR,0.0,0.0,2.6474835549302285e+23,0.0,0.0,1.3936040501711995e+18,7.805,0.0,0,0,4,0,7116,0.0,100,0.0,0.0,0.0,0.0,0.0,0,0,0,0,0.0,0,0,0,0,0,0,0,0,0,0,0,0,0,0,0,0,0,0,0,0,0,0,0,0,0,0,0,0,0,0,0,0,0,31,40,40,71,65476,0,300,0,0,8,21553,0.0,-107605600.0,0.0,0.0,0.0,0.0,0.0,0.0,0.0,0.0,0.0,0.0,0.0,0.0,0.0,0.0,0.0,0.0,0.0,0.0,0.0,0.0,-2.004,2.004,2.004,-2.004,0.0,0.0,0.0,0.0,4492.0,1.0406634001529092e+34,6927.0,0.0,0.0,0.0,2.718429120148166e+23,0.0,0.0,0.0,0.0,69,-152018521948160.0,-0.0,0.0,0.0,0.0,0.0,0.0,0.0,0.0,0,0,0,0.0,0.0,0.0,0.0,0.0,0.0,0.0,0.0,0.0,0.0,0.0,0.0,0.0,0.0,0.0,0.0,0,-107875648.0,69,0.0,138,0.0,-109183072.0,0,26215,17086,39322,17101,39322,17081,0,0,0,70,68,100,2.7302399002429377e+23,82.2,2.730238459091057e+23,78.0,0.0,79.0,1,49,50,180,26215,0,0,0,0.0,0.0,0.0,0.0,-0.0,67.0,0.0,162057.094,0.0,977,0,1005,0,0,0,952,0,1028,0,928,0,790,0,782,0,822,0,7520,0.032,9.511602413006488e+19,0.0,0.0,784,16797,-0.0,162057.094,-114818.039,-0.0,0.133,6.909358625270745e+28,30.0,70.0,35,0.0,0.0,0.0,0.0,0.0,0.0,0.0,0.0,0.0,0.0,0.0,0.0,0.0,0.0,0.0,0.0,66.4,0,150,71,52,65476,0,300,0,0,8,20529,65476,0,0,44564,70.0,0.0,0.0,0.0,0.0,0.0
2026-09-10T21:28:59,ERR,ERR,ERR,ERR,ERR,ERR,ERR,ERR,ERR,ERR,ERR,ERR,ERR,ERR,ERR,ERR,ERR,ERR,ERR,ERR,ERR,ERR,ERR,ERR,ERR,ERR,ERR,ERR,ERR,ERR,ERR,ERR,ERR,ERR,ERR,ERR,ERR,ERR,ERR,ERR,ERR,ERR,ERR,ERR,ERR,ERR,ERR,ERR,ERR,ERR,ERR,ERR,ERR,ERR,ERR,ERR,ERR,ERR,ERR,ERR,ERR,ERR,ERR,ERR,ERR,ERR,ERR,ERR,ERR,ERR,ERR,ERR,ERR,ERR,ERR,ERR,ERR,ERR,ERR,ERR,ERR,ERR,ERR,ERR,ERR,ERR,ERR,ERR,ERR,ERR,ERR,ERR,ERR,ERR,ERR,ERR,ERR,ERR,ERR,ERR,ERR,ERR,ERR,ERR,ERR,ERR,ERR,ERR,ERR,ERR,ERR,ERR,ERR,ERR,ERR,ERR,ERR,ERR,ERR,ERR,ERR,ERR,ERR,ERR,ERR,0.0,0.0,2.6474835549302285e+23,0.0,0.0,1.3936040501711995e+18,7.805,0.0,0,0,4,0,7116,0.0,100,0.0,0.0,0.0,0.0,0.0,0,0,0,0,0.0,0,0,0,0,0,0,0,0,0,0,0,0,0,0,0,0,0,0,0,0,0,0,0,0,0,0,0,0,0,0,0,0,0,31,40,40,71,65476,0,300,0,0,8,21553,0.0,-107605600.0,0.0,0.0,0.0,0.0,0.0,0.0,0.0,0.0,0.0,0.0,0.0,0.0,0.0,0.0,0.0,0.0,0.0,0.0,0.0,0.0,-2.004,2.004,2.004,-2.004,0.0,0.0,0.0,0.0,4492.0,1.0406634001529092e+34,6927.0,0.0,0.0,0.0,2.718429120148166e+23,0.0,0.0,0.0,0.0,69,-152018521948160.0,-0.0,0.0,0.0,0.0,0.0,0.0,0.0,0.0,0,0,0,0.0,0.0,0.0,0.0,0.0,0.0,0.0,0.0,0.0,0.0,0.0,0.0,0.0,0.0,0.0,0.0,0,-107875648.0,69,0.0,138,0.0,-109183072.0,0,26215,17086,39322,17101,39322,17081,0,0,0,70,68,100,2.7302399002429377e+23,82.2,2.730238459091057e+23,78.0,0.0,79.0,1,49,50,180,26215,0,0,0,0.0,0.0,0.0,0.0,-0.0,67.0,0.0,162057.094,0.0,977,0,1005,0,0,0,952,0,1028,0,928,0,790,0,782,0,822,0,7520,0.032,9.511602413006488e+19,0.0,0.0,784,16797,-0.0,162057.094,-114818.039,-0.0,0.133,6.909358625270745e+28,30.0,70.0,35,0.0,0.0,0.0,0.0,0.0,0.0,0.0,0.0,0.0,0.0,0.0,0.0,0.0,0.0,0.0,0.0,66.4,0,150,71,52,65476,0,300,0,0,8,20529,65476,0,0,44564,70.0,0.0,0.0,0.0,0.0,0.0
2026-09-10T21:29:00,ERR,ERR,ERR,ERR,ERR,ERR,ERR,ERR,ERR,ERR,ERR,ERR,ERR,ERR,ERR,ERR,ERR,ERR,ERR,ERR,ERR,ERR,ERR,ERR,ERR,ERR,ERR,ERR,ERR,ERR,ERR,ERR,ERR,ERR,ERR,ERR,ERR,ERR,ERR,ERR,ERR,ERR,ERR,ERR,ERR,ERR,ERR,ERR,ERR,ERR,ERR,ERR,ERR,ERR,ERR,ERR,ERR,ERR,ERR,ERR,ERR,ERR,ERR,ERR,ERR,ERR,ERR,ERR,ERR,ERR,ERR,ERR,ERR,ERR,ERR,ERR,ERR,ERR,ERR,ERR,ERR,ERR,ERR,ERR,ERR,ERR,ERR,ERR,ERR,ERR,ERR,ERR,ERR,ERR,ERR,ERR,ERR,ERR,ERR,ERR,ERR,ERR,ERR,ERR,ERR,ERR,ERR,ERR,ERR,ERR,ERR,ERR,ERR,ERR,ERR,ERR,ERR,ERR,ERR,ERR,ERR,ERR,ERR,ERR,ERR,0.0,0.0,2.6474835549302285e+23,0.0,0.0,1.3936040501711995e+18,7.805,0.0,0,0,4,0,7116,0.0,100,0.0,0.0,0.0,0.0,0.0,0,0,0,0,0.0,0,0,0,0,0,0,0,0,0,0,0,0,0,0,0,0,0,0,0,0,0,0,0,0,0,0,0,0,0,0,0,0,0,31,40,40,71,65476,0,300,0,0,8,21553,0.0,-107605600.0,0.0,0.0,0.0,0.0,0.0,0.0,0.0,0.0,0.0,0.0,0.0,0.0,0.0,0.0,0.0,0.0,0.0,0.0,0.0,0.0,-2.004,2.004,2.004,-2.004,0.0,0.0,0.0,0.0,4492.0,1.0406634001529092e+34,6927.0,0.0,0.0,0.0,2.718429120148166e+23,0.0,0.0,0.0,0.0,69,-152018521948160.0,-0.0,0.0,0.0,0.0,0.0,0.0,0.0,0.0,0,0,0,0.0,0.0,0.0,0.0,0.0,0.0,0.0,0.0,0.0,0.0,0.0,0.0,0.0,0.0,0.0,0.0,0,-107875648.0,69,0.0,138,0.0,-109183072.0,0,26215,17086,39322,17101,39322,17081,0,0,0,70,68,100,2.7302399002429377e+23,82.2,2.730238459091057e+23,78.0,0.0,79.0,1,49,50,180,26215,0,0,0,0.0,0.0,0.0,0.0,-0.0,67.0,0.0,162057.094,0.0,977,0,1005,0,0,0,952,0,1028,0,928,0,790,0,782,0,822,0,7520,0.032,9.511602413006488e+19,0.0,0.0,784,16797,-0.0,162057.094,-114818.039,-0.0,0.133,6.909358625270745e+28,30.0,70.0,35,0.0,0.0,0.0,0.0,0.0,0.0,0.0,0.0,0.0,0.0,0.0,0.0,0.0,0.0,0.0,0.0,66.4,0,150,71,52,65476,0,300,0,0,8,20529,65476,0,0,44564,70.0,0.0,0.0,0.0,0.0,0.0
2026-09-10T21:29:01,ERR,ERR,ERR,ERR,ERR,ERR,ERR,ERR,ERR,ERR,ERR,ERR,ERR,ERR,ERR,ERR,ERR,ERR,ERR,ERR,ERR,ERR,ERR,ERR,ERR,ERR,ERR,ERR,ERR,ERR,ERR,ERR,ERR,ERR,ERR,ERR,ERR,ERR,ERR,ERR,ERR,ERR,ERR,ERR,ERR,ERR,ERR,ERR,ERR,ERR,ERR,ERR,ERR,ERR,ERR,ERR,ERR,ERR,ERR,ERR,ERR,ERR,ERR,ERR,ERR,ERR,ERR,ERR,ERR,ERR,ERR,ERR,ERR,ERR,ERR,ERR,ERR,ERR,ERR,ERR,ERR,ERR,ERR,ERR,ERR,ERR,ERR,ERR,ERR,ERR,ERR,ERR,ERR,ERR,ERR,ERR,ERR,ERR,ERR,ERR,ERR,ERR,ERR,ERR,ERR,ERR,ERR,ERR,ERR,ERR,ERR,ERR,ERR,ERR,ERR,ERR,ERR,ERR,ERR,ERR,ERR,ERR,ERR,ERR,ERR,0.0,0.0,2.6474835549302285e+23,0.0,0.0,1.3936040501711995e+18,7.805,0.0,0,0,4,0,7116,0.0,100,0.0,0.0,0.0,0.0,0.0,0,0,0,0,0.0,0,0,0,0,0,0,0,0,0,0,0,0,0,0,0,0,0,0,0,0,0,0,0,0,0,0,0,0,0,0,0,0,0,31,40,40,71,65476,0,300,0,0,8,21553,0.0,-107605600.0,0.0,0.0,0.0,0.0,0.0,0.0,0.0,0.0,0.0,0.0,0.0,0.0,0.0,0.0,0.0,0.0,0.0,0.0,0.0,0.0,-2.004,2.004,2.004,-2.004,0.0,0.0,0.0,0.0,4492.0,1.0406634001529092e+34,6927.0,0.0,0.0,0.0,2.718429120148166e+23,0.0,0.0,0.0,0.0,69,-152018521948160.0,-0.0,0.0,0.0,0.0,0.0,0.0,0.0,0.0,0,0,0,0.0,0.0,0.0,0.0,0.0,0.0,0.0,0.0,0.0,0.0,0.0,0.0,0.0,0.0,0.0,0.0,0,-107875648.0,69,0.0,138,0.0,-109183072.0,0,26215,17086,39322,17101,39322,17081,0,0,0,70,68,100,2.7302399002429377e+23,82.2,2.730238459091057e+23,78.0,0.0,79.0,1,49,50,180,26215,0,0,0,0.0,0.0,0.0,0.0,-0.0,67.0,0.0,162057.094,0.0,977,0,1005,0,0,0,952,0,1028,0,928,0,790,0,782,0,822,0,7520,0.032,9.511602413006488e+19,0.0,0.0,784,16797,-0.0,162057.094,-114818.039,-0.0,0.133,6.909358625270745e+28,30.0,70.0,35,0.0,0.0,0.0,0.0,0.0,0.0,0.0,0.0,0.0,0.0,0.0,0.0,0.0,0.0,0.0,0.0,66.4,0,150,71,52,65476,0,300,0,0,8,20529,65476,0,0,44564,70.0,0.0,0.0,0.0,0.0,0.0
2026-09-10T21:29:02,ERR,ERR,ERR,ERR,ERR,ERR,ERR,ERR,ERR,ERR,ERR,ERR,ERR,ERR,ERR,ERR,ERR,ERR,ERR,ERR,ERR,ERR,ERR,ERR,ERR,ERR,ERR,ERR,ERR,ERR,ERR,ERR,ERR,ERR,ERR,ERR,ERR,ERR,ERR,ERR,ERR,ERR,ERR,ERR,ERR,ERR,ERR,ERR,ERR,ERR,ERR,ERR,ERR,ERR,ERR,ERR,ERR,ERR,ERR,ERR,ERR,ERR,ERR,ERR,ERR,ERR,ERR,ERR,ERR,ERR,ERR,ERR,ERR,ERR,ERR,ERR,ERR,ERR,ERR,ERR,ERR,ERR,ERR,ERR,ERR,ERR,ERR,ERR,ERR,ERR,ERR,ERR,ERR,ERR,ERR,ERR,ERR,ERR,ERR,ERR,ERR,ERR,ERR,ERR,ERR,ERR,ERR,ERR,ERR,ERR,ERR,ERR,ERR,ERR,ERR,ERR,ERR,ERR,ERR,ERR,ERR,ERR,ERR,ERR,ERR,0.0,0.0,2.6474835549302285e+23,0.0,0.0,1.3936040501711995e+18,7.805,0.0,0,0,4,0,7116,0.0,100,0.0,0.0,0.0,0.0,0.0,0,0,0,0,0.0,0,0,0,0,0,0,0,0,0,0,0,0,0,0,0,0,0,0,0,0,0,0,0,0,0,0,0,0,0,0,0,0,0,31,40,40,71,65476,0,300,0,0,8,21553,0.0,-107605600.0,0.0,0.0,0.0,0.0,0.0,0.0,0.0,0.0,0.0,0.0,0.0,0.0,0.0,0.0,0.0,0.0,0.0,0.0,0.0,0.0,-2.004,2.004,2.004,-2.004,0.0,0.0,0.0,0.0,4492.0,1.0406634001529092e+34,6927.0,0.0,0.0,0.0,2.718429120148166e+23,0.0,0.0,0.0,0.0,69,-152018521948160.0,-0.0,0.0,0.0,0.0,0.0,0.0,0.0,0.0,0,0,0,0.0,0.0,0.0,0.0,0.0,0.0,0.0,0.0,0.0,0.0,0.0,0.0,0.0,0.0,0.0,0.0,0,-107875648.0,69,0.0,138,0.0,-109183072.0,0,26215,17086,39322,17101,39322,17081,0,0,0,70,68,100,2.7302399002429377e+23,82.2,2.730238459091057e+23,78.0,0.0,79.0,1,49,50,180,26215,52429,0,0,0.0,0.0,0.0,0.0,-0.0,67.0,0.0,162057.094,0.0,977,0,1004,0,0,0,952,0,1028,0,928,0,790,0,782,0,822,0,7520,0.032,9.56924848823683e+19,0.0,0.0,784,16797,-0.0,162057.094,-114818.039,-0.0,0.133,6.909358625270745e+28,30.0,70.0,35,0.0,0.0,0.0,0.0,0.0,0.0,0.0,0.0,0.0,0.0,0.0,0.0,0.0,0.0,0.0,0.0,66.4,0,150,71,52,65476,0,300,0,0,8,20529,65476,0,0,44564,70.0,0.0,0.0,0.0,0.0,0.0
2026-09-10T21:29:03,ERR,ERR,ERR,ERR,ERR,ERR,ERR,ERR,ERR,ERR,ERR,ERR,ERR,ERR,ERR,ERR,ERR,ERR,ERR,ERR,ERR,ERR,ERR,ERR,ERR,ERR,ERR,ERR,ERR,ERR,ERR,ERR,ERR,ERR,ERR,ERR,ERR,ERR,ERR,ERR,ERR,ERR,ERR,ERR,ERR,ERR,ERR,ERR,ERR,ERR,ERR,ERR,ERR,ERR,ERR,ERR,ERR,ERR,ERR,ERR,ERR,ERR,ERR,ERR,ERR,ERR,ERR,ERR,ERR,ERR,ERR,ERR,ERR,ERR,ERR,ERR,ERR,ERR,ERR,ERR,ERR,ERR,ERR,ERR,ERR,ERR,ERR,ERR,ERR,ERR,ERR,ERR,ERR,ERR,ERR,ERR,ERR,ERR,ERR,ERR,ERR,ERR,ERR,ERR,ERR,ERR,ERR,ERR,ERR,ERR,ERR,ERR,ERR,ERR,ERR,ERR,ERR,ERR,ERR,ERR,ERR,ERR,ERR,ERR,ERR,0.0,0.0,2.6474835549302285e+23,0.0,0.0,1.3936040501711995e+18,7.805,0.0,0,0,4,0,7116,0.0,100,0.0,0.0,0.0,0.0,0.0,0,0,0,0,0.0,0,0,0,0,0,0,0,0,0,0,0,0,0,0,0,0,0,0,0,0,0,0,0,0,0,0,0,0,0,0,0,0,0,31,40,40,71,65476,0,300,0,0,8,21553,0.0,-107605600.0,0.0,0.0,0.0,0.0,0.0,0.0,0.0,0.0,0.0,0.0,0.0,0.0,0.0,0.0,0.0,0.0,0.0,0.0,0.0,0.0,-2.004,2.004,2.004,-2.004,0.0,0.0,0.0,0.0,4493.0,1.5879263307997272e+29,6926.0,0.0,0.0,0.0,2.718429120148166e+23,0.0,0.0,0.0,0.0,69,-2.3088410695593833e+20,-2.308824356982641e+20,0.0,0.0,0.0,0.0,0.0,0.0,0.0,0,0,0,0.0,0.0,0.0,0.0,0.0,0.0,0.0,0.0,0.0,0.0,0.0,0.0,0.0,0.0,0.0,0.0,0,-107875648.0,69,0.0,138,0.0,0.0,0,26215,17086,39322,17101,39322,17081,0,0,0,70,68,100,2.7302399002429377e+23,82.2,2.730238459091057e+23,78.0,0.0,79.0,1,49,50,180,26215,52429,0,0,0.0,0.0,0.0,0.0,-0.0,67.0,0.0,162057.094,0.0,977,0,1004,0,0,0,952,0,1028,0,928,0,790,0,782,0,822,0,7520,0.032,9.56924848823683e+19,0.0,0.0,784,16797,-0.0,162057.094,-114818.039,-0.0,0.133,6.909358625270745e+28,30.0,70.0,35,0.0,0.0,0.0,0.0,0.0,0.0,0.0,0.0,0.0,0.0,0.0,0.0,0.0,0.0,0.0,0.0,66.4,0,150,71,52,65476,0,300,0,0,8,20529,65476,0,0,44564,70.0,0.0,0.0,0.0,0.0,0.0
2026-09-10T21:29:04,ERR,ERR,ERR,ERR,ERR,ERR,ERR,ERR,ERR,ERR,ERR,ERR,ERR,ERR,ERR,ERR,ERR,ERR,ERR,ERR,ERR,ERR,ERR,ERR,ERR,ERR,ERR,ERR,ERR,ERR,ERR,ERR,ERR,ERR,ERR,ERR,ERR,ERR,ERR,ERR,ERR,ERR,ERR,ERR,ERR,ERR,ERR,ERR,ERR,ERR,ERR,ERR,ERR,ERR,ERR,ERR,ERR,ERR,ERR,ERR,ERR,ERR,ERR,ERR,ERR,ERR,ERR,ERR,ERR,ERR,ERR,ERR,ERR,ERR,ERR,ERR,ERR,ERR,ERR,ERR,ERR,ERR,ERR,ERR,ERR,ERR,ERR,ERR,ERR,ERR,ERR,ERR,ERR,ERR,ERR,ERR,ERR,ERR,ERR,ERR,ERR,ERR,ERR,ERR,ERR,ERR,ERR,ERR,ERR,ERR,ERR,ERR,ERR,ERR,ERR,ERR,ERR,ERR,ERR,ERR,ERR,ERR,ERR,ERR,ERR,0.0,0.0,2.6474835549302285e+23,0.0,0.0,1.3936040501711995e+18,7.805,0.0,0,0,4,0,7116,0.0,100,0.0,0.0,0.0,0.0,0.0,0,0,0,0,0.0,0,0,0,0,0,0,0,0,0,0,0,0,0,0,0,0,0,0,0,0,0,0,0,0,0,0,0,0,0,0,0,0,0,31,40,40,71,65476,0,300,0,0,8,21553,0.0,-107605600.0,0.0,0.0,0.0,0.0,0.0,0.0,0.0,0.0,0.0,0.0,0.0,0.0,0.0,0.0,0.0,0.0,0.0,0.0,0.0,0.0,-2.004,2.004,2.004,-2.004,0.0,0.0,0.0,0.0,4493.0,1.5879263307997272e+29,6926.0,0.0,0.0,0.0,2.718429120148166e+23,0.0,0.0,0.0,0.0,69,-2.3088410695593833e+20,-2.308824356982641e+20,0.0,0.0,0.0,0.0,0.0,0.0,0.0,0,0,0,0.0,0.0,0.0,0.0,0.0,0.0,0.0,0.0,0.0,0.0,0.0,0.0,0.0,0.0,0.0,0.0,0,-107875648.0,69,0.0,138,0.0,0.0,0,26215,17086,39322,17101,39322,17081,0,0,0,70,68,100,2.7302399002429377e+23,82.2,2.730238459091057e+23,78.0,0.0,79.0,1,49,50,180,26215,52429,0,0,0.0,0.0,0.0,0.0,-0.0,67.0,0.0,162057.094,0.0,977,0,1004,0,0,0,952,0,1028,0,928,0,790,0,782,0,822,0,7520,0.032,9.56924848823683e+19,0.0,0.0,784,16797,-0.0,162057.094,-114818.039,-0.0,0.133,6.909358625270745e+28,30.0,70.0,35,0.0,0.0,0.0,0.0,0.0,0.0,0.0,0.0,0.0,0.0,0.0,0.0,0.0,0.0,0.0,0.0,66.4,0,150,71,52,65476,0,300,0,0,8,20529,65476,0,0,44564,70.0,0.0,0.0,0.0,0.0,0.0
2026-09-10T21:29:05,ERR,ERR,ERR,ERR,ERR,ERR,ERR,ERR,ERR,ERR,ERR,ERR,ERR,ERR,ERR,ERR,ERR,ERR,ERR,ERR,ERR,ERR,ERR,ERR,ERR,ERR,ERR,ERR,ERR,ERR,ERR,ERR,ERR,ERR,ERR,ERR,ERR,ERR,ERR,ERR,ERR,ERR,ERR,ERR,ERR,ERR,ERR,ERR,ERR,ERR,ERR,ERR,ERR,ERR,ERR,ERR,ERR,ERR,ERR,ERR,ERR,ERR,ERR,ERR,ERR,ERR,ERR,ERR,ERR,ERR,ERR,ERR,ERR,ERR,ERR,ERR,ERR,ERR,ERR,ERR,ERR,ERR,ERR,ERR,ERR,ERR,ERR,ERR,ERR,ERR,ERR,ERR,ERR,ERR,ERR,ERR,ERR,ERR,ERR,ERR,ERR,ERR,ERR,ERR,ERR,ERR,ERR,ERR,ERR,ERR,ERR,ERR,ERR,ERR,ERR,ERR,ERR,ERR,ERR,ERR,ERR,ERR,ERR,ERR,ERR,0.0,0.0,2.6474835549302285e+23,0.0,0.0,1.3936040501711995e+18,7.805,0.0,0,0,4,0,7116,0.0,100,0.0,0.0,0.0,0.0,0.0,0,0,0,0,0.0,0,0,0,0,0,0,0,0,0,0,0,0,0,0,0,0,0,0,0,0,0,0,0,0,0,0,0,0,0,0,0,0,0,31,40,40,71,65476,0,300,0,0,8,21553,0.0,-107605600.0,0.0,0.0,0.0,0.0,0.0,0.0,0.0,0.0,0.0,0.0,0.0,0.0,0.0,0.0,0.0,0.0,0.0,0.0,0.0,0.0,-2.004,2.004,2.004,-2.004,0.0,0.0,0.0,0.0,4493.0,1.5879263307997272e+29,6926.0,0.0,0.0,0.0,2.718429120148166e+23,0.0,0.0,0.0,0.0,69,-2.3088410695593833e+20,-2.308824356982641e+20,0.0,0.0,0.0,0.0,0.0,0.0,0.0,0,0,0,0.0,0.0,0.0,0.0,0.0,0.0,0.0,0.0,0.0,0.0,0.0,0.0,0.0,0.0,0.0,0.0,0,-107875648.0,69,0.0,138,0.0,0.0,0,26215,17086,39322,17101,39322,17081,0,0,0,70,68,100,2.7302399002429377e+23,82.2,2.730238459091057e+23,78.0,0.0,79.0,1,49,50,180,26215,52429,0,0,0.0,0.0,0.0,0.0,-0.0,67.0,0.0,162057.094,0.0,977,0,1004,0,0,0,952,0,1028,0,928,0,790,0,782,0,822,0,7520,0.032,9.56924848823683e+19,0.0,0.0,784,16797,-0.0,162057.094,-114818.039,-0.0,0.133,6.909358625270745e+28,30.0,70.0,35,0.0,0.0,0.0,0.0,0.0,0.0,0.0,0.0,0.0,0.0,0.0,0.0,0.0,0.0,0.0,0.0,66.4,0,150,71,52,65476,0,300,0,0,8,20529,65476,0,0,44564,70.0,0.0,0.0,0.0,0.0,0.0
2026-09-10T21:29:06,ERR,ERR,ERR,ERR,ERR,ERR,ERR,ERR,ERR,ERR,ERR,ERR,ERR,ERR,ERR,ERR,ERR,ERR,ERR,ERR,ERR,ERR,ERR,ERR,ERR,ERR,ERR,ERR,ERR,ERR,ERR,ERR,ERR,ERR,ERR,ERR,ERR,ERR,ERR,ERR,ERR,ERR,ERR,ERR,ERR,ERR,ERR,ERR,ERR,ERR,ERR,ERR,ERR,ERR,ERR,ERR,ERR,ERR,ERR,ERR,ERR,ERR,ERR,ERR,ERR,ERR,ERR,ERR,ERR,ERR,ERR,ERR,ERR,ERR,ERR,ERR,ERR,ERR,ERR,ERR,ERR,ERR,ERR,ERR,ERR,ERR,ERR,ERR,ERR,ERR,ERR,ERR,ERR,ERR,ERR,ERR,ERR,ERR,ERR,ERR,ERR,ERR,ERR,ERR,ERR,ERR,ERR,ERR,ERR,ERR,ERR,ERR,ERR,ERR,ERR,ERR,ERR,ERR,ERR,ERR,ERR,ERR,ERR,ERR,ERR,0.0,0.0,2.6474835549302285e+23,0.0,0.0,1.3936040501711995e+18,7.805,0.0,0,0,4,0,7116,0.0,100,0.0,0.0,0.0,0.0,0.0,0,0,0,0,0.0,0,0,0,0,0,0,0,0,0,0,0,0,0,0,0,0,0,0,0,0,0,0,0,0,0,0,0,0,0,0,0,0,0,31,40,40,71,65476,0,300,0,0,8,21553,0.0,-107605600.0,0.0,0.0,0.0,0.0,0.0,0.0,0.0,0.0,0.0,0.0,0.0,0.0,0.0,0.0,0.0,0.0,0.0,0.0,0.0,0.0,-2.004,2.004,2.004,-2.004,0.0,0.0,0.0,0.0,4493.0,1.5879263307997272e+29,6926.0,0.0,0.0,0.0,2.718429120148166e+23,0.0,0.0,0.0,0.0,69,-2.3088410695593833e+20,-2.308824356982641e+20,0.0,0.0,0.0,0.0,0.0,0.0,0.0,0,0,0,0.0,0.0,0.0,0.0,0.0,0.0,0.0,0.0,0.0,0.0,0.0,0.0,0.0,0.0,0.0,0.0,0,-107875648.0,69,0.0,138,0.0,0.0,0,26215,17086,39322,17101,39322,17081,0,0,0,70,68,100,2.7302399002429377e+23,82.2,2.730238459091057e+23,78.0,0.0,79.0,1,49,50,180,26215,52429,0,0,0.0,0.0,0.0,0.0,-0.0,67.0,0.0,162057.094,0.0,977,0,1004,0,0,0,952,0,1028,0,928,0,790,0,782,0,822,0,7520,0.032,9.56924848823683e+19,0.0,0.0,784,16797,-0.0,162057.094,-114818.039,-0.0,0.133,6.909358625270745e+28,30.0,70.0,35,0.0,0.0,0.0,0.0,0.0,0.0,0.0,0.0,0.0,0.0,0.0,0.0,0.0,0.0,0.0,0.0,66.4,0,150,71,52,65476,0,300,0,0,8,20529,65476,0,0,44564,70.0,0.0,0.0,0.0,0.0,0.0
2026-09-10T21:29:07,ERR,ERR,ERR,ERR,ERR,ERR,ERR,ERR,ERR,ERR,ERR,ERR,ERR,ERR,ERR,ERR,ERR,ERR,ERR,ERR,ERR,ERR,ERR,ERR,ERR,ERR,ERR,ERR,ERR,ERR,ERR,ERR,ERR,ERR,ERR,ERR,ERR,ERR,ERR,ERR,ERR,ERR,ERR,ERR,ERR,ERR,ERR,ERR,ERR,ERR,ERR,ERR,ERR,ERR,ERR,ERR,ERR,ERR,ERR,ERR,ERR,ERR,ERR,ERR,ERR,ERR,ERR,ERR,ERR,ERR,ERR,ERR,ERR,ERR,ERR,ERR,ERR,ERR,ERR,ERR,ERR,ERR,ERR,ERR,ERR,ERR,ERR,ERR,ERR,ERR,ERR,ERR,ERR,ERR,ERR,ERR,ERR,ERR,ERR,ERR,ERR,ERR,ERR,ERR,ERR,ERR,ERR,ERR,ERR,ERR,ERR,ERR,ERR,ERR,ERR,ERR,ERR,ERR,ERR,ERR,ERR,ERR,ERR,ERR,ERR,0.0,0.0,2.6474835549302285e+23,0.0,0.0,1.3936040501711995e+18,7.805,0.0,0,0,4,0,7116,0.0,100,0.0,0.0,0.0,0.0,0.0,0,0,0,0,0.0,0,0,0,0,0,0,0,0,0,0,0,0,0,0,0,0,0,0,0,0,0,0,0,0,0,0,0,0,0,0,0,0,0,31,40,40,71,65476,0,300,0,0,8,21553,0.0,-107605600.0,0.0,0.0,0.0,0.0,0.0,0.0,0.0,0.0,0.0,0.0,0.0,0.0,0.0,0.0,0.0,0.0,0.0,0.0,0.0,0.0,-2.004,2.004,2.004,-2.004,0.0,0.0,0.0,0.0,4493.0,1.5879263307997272e+29,6926.0,0.0,0.0,0.0,2.718429120148166e+23,0.0,0.0,0.0,0.0,69,-2.3088410695593833e+20,-2.308824356982641e+20,0.0,0.0,0.0,0.0,0.0,0.0,0.0,0,0,0,0.0,0.0,0.0,0.0,0.0,0.0,0.0,0.0,0.0,0.0,0.0,0.0,0.0,0.0,0.0,0.0,0,-107875648.0,69,0.0,138,0.0,0.0,0,26215,17086,39322,17101,39322,17081,0,0,0,70,68,100,2.7302399002429377e+23,82.2,2.730238459091057e+23,78.0,0.0,79.0,1,49,50,180,26215,52429,0,0,0.0,0.0,0.0,0.0,-0.0,67.0,0.0,162057.094,0.0,977,0,1004,0,0,0,952,0,1028,0,928,0,790,0,782,0,822,0,7520,0.032,1.1125692519456073e+20,0.0,0.0,784,16797,-0.0,162057.094,-114818.039,-0.0,0.133,6.909358625270745e+28,30.0,70.0,35,0.0,0.0,0.0,0.0,0.0,0.0,0.0,0.0,0.0,0.0,0.0,0.0,0.0,0.0,0.0,0.0,66.4,0,150,71,52,65476,0,300,0,0,8,20529,65476,0,0,44564,70.0,0.0,0.0,0.0,0.0,0.0
2026-09-10T21:29:09,ERR,ERR,ERR,ERR,ERR,ERR,ERR,ERR,ERR,ERR,ERR,ERR,ERR,ERR,ERR,ERR,ERR,ERR,ERR,ERR,ERR,ERR,ERR,ERR,ERR,ERR,ERR,ERR,ERR,ERR,ERR,ERR,ERR,ERR,ERR,ERR,ERR,ERR,ERR,ERR,ERR,ERR,ERR,ERR,ERR,ERR,ERR,ERR,ERR,ERR,ERR,ERR,ERR,ERR,ERR,ERR,ERR,ERR,ERR,ERR,ERR,ERR,ERR,ERR,ERR,ERR,ERR,ERR,ERR,ERR,ERR,ERR,ERR,ERR,ERR,ERR,ERR,ERR,ERR,ERR,ERR,ERR,ERR,ERR,ERR,ERR,ERR,ERR,ERR,ERR,ERR,ERR,ERR,ERR,ERR,ERR,ERR,ERR,ERR,ERR,ERR,ERR,ERR,ERR,ERR,ERR,ERR,ERR,ERR,ERR,ERR,ERR,ERR,ERR,ERR,ERR,ERR,ERR,ERR,ERR,ERR,ERR,ERR,ERR,ERR,0.0,0.0,2.6474835549302285e+23,0.0,0.0,1.3936040501711995e+18,7.805,0.0,0,0,4,0,7116,0.0,100,0.0,0.0,0.0,0.0,0.0,0,0,0,0,0.0,0,0,0,0,0,0,0,0,0,0,0,0,0,0,0,0,0,0,0,0,0,0,0,0,0,0,0,0,0,0,0,0,0,31,40,40,71,65476,0,300,0,0,8,21553,0.0,-107605600.0,0.0,0.0,0.0,0.0,0.0,0.0,0.0,0.0,0.0,0.0,0.0,0.0,0.0,0.0,0.0,0.0,0.0,0.0,0.0,0.0,-2.004,2.004,2.004,-2.004,0.0,0.0,0.0,0.0,4493.0,1.5879263307997272e+29,6926.0,0.0,0.0,0.0,2.718429120148166e+23,0.0,0.0,0.0,0.0,69,-2.3088410695593833e+20,-2.308824356982641e+20,0.0,0.0,0.0,0.0,0.0,0.0,0.0,0,0,0,0.0,0.0,0.0,0.0,0.0,0.0,0.0,0.0,0.0,0.0,0.0,0.0,0.0,0.0,0.0,0.0,0,-107875648.0,69,0.0,138,0.0,0.0,0,26215,17086,39322,17101,39322,17081,0,0,0,70,68,100,2.7302399002429377e+23,82.2,2.730238459091057e+23,78.0,0.0,79.0,1,49,50,180,26215,52429,0,0,0.0,0.0,0.0,0.0,-0.0,67.0,0.0,162057.094,0.0,977,0,1004,0,0,0,952,0,1028,0,928,0,790,0,782,0,822,0,7520,0.032,1.1125692519456073e+20,0.0,0.0,784,16797,-0.0,162057.094,-114818.039,-0.0,0.133,6.909358625270745e+28,30.0,70.0,35,0.0,0.0,0.0,0.0,0.0,0.0,0.0,0.0,0.0,0.0,0.0,0.0,0.0,0.0,0.0,0.0,66.4,0,150,71,52,65476,0,300,0,0,8,20529,65476,0,0,44564,70.0,0.0,0.0,0.0,0.0,0.0
2026-09-10T21:29:10,ERR,ERR,ERR,ERR,ERR,ERR,ERR,ERR,ERR,ERR,ERR,ERR,ERR,ERR,ERR,ERR,ERR,ERR,ERR,ERR,ERR,ERR,ERR,ERR,ERR,ERR,ERR,ERR,ERR,ERR,ERR,ERR,ERR,ERR,ERR,ERR,ERR,ERR,ERR,ERR,ERR,ERR,ERR,ERR,ERR,ERR,ERR,ERR,ERR,ERR,ERR,ERR,ERR,ERR,ERR,ERR,ERR,ERR,ERR,ERR,ERR,ERR,ERR,ERR,ERR,ERR,ERR,ERR,ERR,ERR,ERR,ERR,ERR,ERR,ERR,ERR,ERR,ERR,ERR,ERR,ERR,ERR,ERR,ERR,ERR,ERR,ERR,ERR,ERR,ERR,ERR,ERR,ERR,ERR,ERR,ERR,ERR,ERR,ERR,ERR,ERR,ERR,ERR,ERR,ERR,ERR,ERR,ERR,ERR,ERR,ERR,ERR,ERR,ERR,ERR,ERR,ERR,ERR,ERR,ERR,ERR,ERR,ERR,ERR,ERR,0.0,0.0,2.6474835549302285e+23,0.0,0.0,1.3936040501711995e+18,7.805,0.0,0,0,4,0,7116,0.0,100,0.0,0.0,0.0,0.0,0.0,0,0,0,0,0.0,0,0,0,0,0,0,0,0,0,0,0,0,0,0,0,0,0,0,0,0,0,0,0,0,0,0,0,0,0,0,0,0,0,31,40,40,71,65476,0,300,0,0,8,21553,0.0,-107605600.0,0.0,0.0,0.0,0.0,0.0,0.0,0.0,0.0,0.0,0.0,0.0,0.0,0.0,0.0,0.0,0.0,0.0,0.0,0.0,0.0,-2.004,2.004,2.004,-2.004,0.0,0.0,0.0,0.0,4493.0,1.5879263307997272e+29,6926.0,0.0,0.0,0.0,2.718429120148166e+23,0.0,0.0,0.0,0.0,69,-2.3088410695593833e+20,-2.308824356982641e+20,0.0,0.0,0.0,0.0,0.0,0.0,0.0,0,0,0,0.0,0.0,0.0,0.0,0.0,0.0,0.0,0.0,0.0,0.0,0.0,0.0,0.0,0.0,0.0,0.0,0,-107875648.0,69,0.0,138,0.0,0.0,0,26215,17086,39322,17101,39322,17081,0,0,0,70,68,100,2.7302399002429377e+23,82.2,2.730238459091057e+23,78.0,0.0,79.0,1,49,50,180,26215,52429,0,0,0.0,0.0,0.0,0.0,-0.0,67.0,0.0,162057.094,0.0,977,0,1004,0,0,0,952,0,1028,0,928,0,790,0,782,0,822,0,7520,0.032,1.1125692519456073e+20,0.0,0.0,784,16797,-0.0,162057.094,-114818.039,-0.0,0.133,6.909358625270745e+28,30.0,70.0,35,0.0,0.0,0.0,0.0,0.0,0.0,0.0,0.0,0.0,0.0,0.0,0.0,0.0,0.0,0.0,0.0,66.4,0,150,71,52,65476,0,300,0,0,8,20529,65476,0,0,44564,70.0,0.0,0.0,0.0,0.0,0.0
2026-09-10T21:29:11,ERR,ERR,ERR,ERR,ERR,ERR,ERR,ERR,ERR,ERR,ERR,ERR,ERR,ERR,ERR,ERR,ERR,ERR,ERR,ERR,ERR,ERR,ERR,ERR,ERR,ERR,ERR,ERR,ERR,ERR,ERR,ERR,ERR,ERR,ERR,ERR,ERR,ERR,ERR,ERR,ERR,ERR,ERR,ERR,ERR,ERR,ERR,ERR,ERR,ERR,ERR,ERR,ERR,ERR,ERR,ERR,ERR,ERR,ERR,ERR,ERR,ERR,ERR,ERR,ERR,ERR,ERR,ERR,ERR,ERR,ERR,ERR,ERR,ERR,ERR,ERR,ERR,ERR,ERR,ERR,ERR,ERR,ERR,ERR,ERR,ERR,ERR,ERR,ERR,ERR,ERR,ERR,ERR,ERR,ERR,ERR,ERR,ERR,ERR,ERR,ERR,ERR,ERR,ERR,ERR,ERR,ERR,ERR,ERR,ERR,ERR,ERR,ERR,ERR,ERR,ERR,ERR,ERR,ERR,ERR,ERR,ERR,ERR,ERR,ERR,0.0,0.0,2.6474835549302285e+23,0.0,0.0,1.3936040501711995e+18,7.805,0.0,0,0,4,0,7116,0.0,100,0.0,0.0,0.0,0.0,0.0,0,0,0,0,0.0,0,0,0,0,0,0,0,0,0,0,0,0,0,0,0,0,0,0,0,0,0,0,0,0,0,0,0,0,0,0,0,0,0,31,40,40,71,65476,0,300,0,0,8,21553,0.0,-107605600.0,0.0,0.0,0.0,0.0,0.0,0.0,0.0,0.0,0.0,0.0,0.0,0.0,0.0,0.0,0.0,0.0,0.0,0.0,0.0,0.0,-2.004,2.004,2.004,-2.004,0.0,0.0,0.0,0.0,4493.0,1.5879263307997272e+29,6926.0,0.0,0.0,0.0,2.718429120148166e+23,0.0,0.0,0.0,0.0,69,-2.3088410695593833e+20,-2.308824356982641e+20,0.0,0.0,0.0,0.0,0.0,0.0,0.0,0,0,0,0.0,0.0,0.0,0.0,0.0,0.0,0.0,0.0,0.0,0.0,0.0,0.0,0.0,0.0,0.0,0.0,0,-107875648.0,69,0.0,138,0.0,0.0,0,26215,17086,39322,17101,39322,17081,0,0,0,70,68,100,2.7302399002429377e+23,82.2,2.730238459091057e+23,78.0,0.0,79.0,1,49,50,180,26215,52429,0,0,0.0,0.0,0.0,0.0,-0.0,67.0,0.0,162057.094,0.0,977,0,1004,0,0,0,952,0,1028,0,928,0,790,0,782,0,822,0,7520,0.032,1.1125692519456073e+20,0.0,0.0,784,16797,-0.0,162057.094,-114818.039,-0.0,0.133,6.909358625270745e+28,30.0,70.0,35,0.0,0.0,0.0,0.0,0.0,0.0,0.0,0.0,0.0,0.0,0.0,0.0,0.0,0.0,0.0,0.0,66.4,0,150,71,52,65476,0,300,0,0,8,20529,65476,0,0,44564,70.0,0.0,0.0,0.0,0.0,0.0
2026-09-10T21:29:12,ERR,ERR,ERR,ERR,ERR,ERR,ERR,ERR,ERR,ERR,ERR,ERR,ERR,ERR,ERR,ERR,ERR,ERR,ERR,ERR,ERR,ERR,ERR,ERR,ERR,ERR,ERR,ERR,ERR,ERR,ERR,ERR,ERR,ERR,ERR,ERR,ERR,ERR,ERR,ERR,ERR,ERR,ERR,ERR,ERR,ERR,ERR,ERR,ERR,ERR,ERR,ERR,ERR,ERR,ERR,ERR,ERR,ERR,ERR,ERR,ERR,ERR,ERR,ERR,ERR,ERR,ERR,ERR,ERR,ERR,ERR,ERR,ERR,ERR,ERR,ERR,ERR,ERR,ERR,ERR,ERR,ERR,ERR,ERR,ERR,ERR,ERR,ERR,ERR,ERR,ERR,ERR,ERR,ERR,ERR,ERR,ERR,ERR,ERR,ERR,ERR,ERR,ERR,ERR,ERR,ERR,ERR,ERR,ERR,ERR,ERR,ERR,ERR,ERR,ERR,ERR,ERR,ERR,ERR,ERR,ERR,ERR,ERR,ERR,ERR,0.0,0.0,2.6474835549302285e+23,0.0,0.0,1.3936040501711995e+18,7.805,0.0,0,0,4,0,7116,0.0,100,0.0,0.0,0.0,0.0,0.0,0,0,0,0,0.0,0,0,0,0,0,0,0,0,0,0,0,0,0,0,0,0,0,0,0,0,0,0,0,0,0,0,0,0,0,0,0,0,0,31,40,40,71,65476,0,300,0,0,8,21553,0.0,-107605600.0,0.0,0.0,0.0,0.0,0.0,0.0,0.0,0.0,0.0,0.0,0.0,0.0,0.0,0.0,0.0,0.0,0.0,0.0,0.0,0.0,-2.004,2.004,-0.0,-2.004,0.0,0.0,0.0,0.0,4491.0,3.69717909675028e+19,6924.0,0.0,0.0,0.0,2.718429120148166e+23,0.0,0.0,0.0,0.0,69,-71.63,-71.629,0.0,0.0,0.0,0.0,0.0,0.0,0.0,0,0,0,0.0,0.0,0.0,0.0,0.0,0.0,0.0,0.0,0.0,0.0,0.0,0.0,0.0,0.0,0.0,0.0,0,-107875648.0,69,0.0,138,0.0,-109183072.0,0,26215,17086,39322,17101,39322,17081,0,0,0,70,68,100,2.7302399002429377e+23,82.2,2.730238459091057e+23,78.0,0.0,79.0,1,49,50,180,26215,52429,0,0,0.0,0.0,0.0,0.0,-0.0,67.0,0.0,162057.094,0.0,977,0,1004,0,0,0,952,0,1028,0,928,0,790,0,782,0,822,0,7520,0.032,1.1125692519456073e+20,0.0,0.0,784,16797,-0.0,162057.094,-114818.039,-0.0,0.133,6.909358625270745e+28,30.0,70.0,35,0.0,0.0,0.0,0.0,0.0,0.0,0.0,0.0,0.0,0.0,0.0,0.0,0.0,0.0,0.0,0.0,66.4,0,150,71,52,65476,0,300,0,0,8,20529,65476,0,0,44564,70.0,0.0,0.0,0.0,0.0,0.0
2026-09-10T21:29:13,ERR,ERR,ERR,ERR,ERR,ERR,ERR,ERR,ERR,ERR,ERR,ERR,ERR,ERR,ERR,ERR,ERR,ERR,ERR,ERR,ERR,ERR,ERR,ERR,ERR,ERR,ERR,ERR,ERR,ERR,ERR,ERR,ERR,ERR,ERR,ERR,ERR,ERR,ERR,ERR,ERR,ERR,ERR,ERR,ERR,ERR,ERR,ERR,ERR,ERR,ERR,ERR,ERR,ERR,ERR,ERR,ERR,ERR,ERR,ERR,ERR,ERR,ERR,ERR,ERR,ERR,ERR,ERR,ERR,ERR,ERR,ERR,ERR,ERR,ERR,ERR,ERR,ERR,ERR,ERR,ERR,ERR,ERR,ERR,ERR,ERR,ERR,ERR,ERR,ERR,ERR,ERR,ERR,ERR,ERR,ERR,ERR,ERR,ERR,ERR,ERR,ERR,ERR,ERR,ERR,ERR,ERR,ERR,ERR,ERR,ERR,ERR,ERR,ERR,ERR,ERR,ERR,ERR,ERR,ERR,ERR,ERR,ERR,ERR,ERR,0.0,0.0,2.6474835549302285e+23,0.0,0.0,1.3936040501711995e+18,7.805,0.0,0,0,4,0,7116,0.0,100,0.0,0.0,0.0,0.0,0.0,0,0,0,0,0.0,0,0,0,0,0,0,0,0,0,0,0,0,0,0,0,0,0,0,0,0,0,0,0,0,0,0,0,0,0,0,0,0,0,31,40,40,71,65476,0,300,0,0,8,21553,0.0,-107605600.0,0.0,0.0,0.0,0.0,0.0,0.0,0.0,0.0,0.0,0.0,0.0,0.0,0.0,0.0,0.0,0.0,0.0,0.0,0.0,0.0,-2.004,2.004,-0.0,-2.004,0.0,0.0,0.0,0.0,4491.0,3.69717909675028e+19,6924.0,0.0,0.0,0.0,2.718429120148166e+23,0.0,0.0,0.0,0.0,69,-71.63,-71.629,0.0,0.0,0.0,0.0,0.0,0.0,0.0,0,0,0,0.0,0.0,0.0,0.0,0.0,0.0,0.0,0.0,0.0,0.0,0.0,0.0,0.0,0.0,0.0,0.0,0,-107875648.0,69,0.0,138,0.0,-109183072.0,0,26215,17086,26215,17101,39322,17081,0,0,0,70,68,100,2.7302399002429377e+23,82.2,2.730238459091057e+23,78.0,0.0,79.0,1,49,50,180,26215,52429,0,0,0.0,0.0,0.0,0.0,-0.0,67.0,0.0,162057.094,0.0,977,0,1004,0,0,0,952,0,1028,0,928,0,790,0,782,0,822,0,7520,0.032,9.626894563467172e+19,0.0,0.0,784,16797,-0.0,162057.094,-114818.039,-0.0,0.133,6.909358625270745e+28,30.0,70.0,35,0.0,0.0,0.0,0.0,0.0,0.0,0.0,0.0,0.0,0.0,0.0,0.0,0.0,0.0,0.0,0.0,66.4,0,150,71,52,65476,0,300,0,0,8,20529,65476,0,0,44564,70.0,0.0,0.0,0.0,0.0,0.0
2026-09-10T21:29:14,ERR,ERR,ERR,ERR,ERR,ERR,ERR,ERR,ERR,ERR,ERR,ERR,ERR,ERR,ERR,ERR,ERR,ERR,ERR,ERR,ERR,ERR,ERR,ERR,ERR,ERR,ERR,ERR,ERR,ERR,ERR,ERR,ERR,ERR,ERR,ERR,ERR,ERR,ERR,ERR,ERR,ERR,ERR,ERR,ERR,ERR,ERR,ERR,ERR,ERR,ERR,ERR,ERR,ERR,ERR,ERR,ERR,ERR,ERR,ERR,ERR,ERR,ERR,ERR,ERR,ERR,ERR,ERR,ERR,ERR,ERR,ERR,ERR,ERR,ERR,ERR,ERR,ERR,ERR,ERR,ERR,ERR,ERR,ERR,ERR,ERR,ERR,ERR,ERR,ERR,ERR,ERR,ERR,ERR,ERR,ERR,ERR,ERR,ERR,ERR,ERR,ERR,ERR,ERR,ERR,ERR,ERR,ERR,ERR,ERR,ERR,ERR,ERR,ERR,ERR,ERR,ERR,ERR,ERR,ERR,ERR,ERR,ERR,ERR,ERR,0.0,0.0,2.6474835549302285e+23,0.0,0.0,1.3936040501711995e+18,7.805,0.0,0,0,4,0,7116,0.0,100,0.0,0.0,0.0,0.0,0.0,0,0,0,0,0.0,0,0,0,0,0,0,0,0,0,0,0,0,0,0,0,0,0,0,0,0,0,0,0,0,0,0,0,0,0,0,0,0,0,31,40,40,71,65476,0,300,0,0,8,21553,0.0,-107605600.0,0.0,0.0,0.0,0.0,0.0,0.0,0.0,0.0,0.0,0.0,0.0,0.0,0.0,0.0,0.0,0.0,0.0,0.0,0.0,0.0,-2.004,2.004,-0.0,-2.004,0.0,0.0,0.0,0.0,4491.0,3.69717909675028e+19,6924.0,0.0,0.0,0.0,2.718429120148166e+23,0.0,0.0,0.0,0.0,69,-71.63,-71.629,0.0,0.0,0.0,0.0,0.0,0.0,0.0,0,0,0,0.0,0.0,0.0,0.0,0.0,0.0,0.0,0.0,0.0,0.0,0.0,0.0,0.0,0.0,0.0,0.0,0,-107875648.0,69,0.0,138,0.0,-109183072.0,0,26215,17086,26215,17101,39322,17081,0,0,0,70,68,100,2.7302399002429377e+23,82.2,2.730238459091057e+23,78.0,0.0,79.0,1,49,50,180,26215,52429,0,0,0.0,0.0,0.0,0.0,-0.0,67.0,0.0,162057.094,0.0,977,0,1004,0,0,0,952,0,1028,0,928,0,790,0,782,0,822,0,7520,0.032,9.626894563467172e+19,0.0,0.0,784,16797,-0.0,162057.094,-114818.039,-0.0,0.133,6.909358625270745e+28,30.0,70.0,35,0.0,0.0,0.0,0.0,0.0,0.0,0.0,0.0,0.0,0.0,0.0,0.0,0.0,0.0,0.0,0.0,66.4,0,150,71,52,65476,0,300,0,0,8,20529,65476,0,0,44564,70.0,0.0,0.0,0.0,0.0,0.0
2026-09-10T21:29:15,ERR,ERR,ERR,ERR,ERR,ERR,ERR,ERR,ERR,ERR,ERR,ERR,ERR,ERR,ERR,ERR,ERR,ERR,ERR,ERR,ERR,ERR,ERR,ERR,ERR,ERR,ERR,ERR,ERR,ERR,ERR,ERR,ERR,ERR,ERR,ERR,ERR,ERR,ERR,ERR,ERR,ERR,ERR,ERR,ERR,ERR,ERR,ERR,ERR,ERR,ERR,ERR,ERR,ERR,ERR,ERR,ERR,ERR,ERR,ERR,ERR,ERR,ERR,ERR,ERR,ERR,ERR,ERR,ERR,ERR,ERR,ERR,ERR,ERR,ERR,ERR,ERR,ERR,ERR,ERR,ERR,ERR,ERR,ERR,ERR,ERR,ERR,ERR,ERR,ERR,ERR,ERR,ERR,ERR,ERR,ERR,ERR,ERR,ERR,ERR,ERR,ERR,ERR,ERR,ERR,ERR,ERR,ERR,ERR,ERR,ERR,ERR,ERR,ERR,ERR,ERR,ERR,ERR,ERR,ERR,ERR,ERR,ERR,ERR,ERR,0.0,0.0,2.6474835549302285e+23,0.0,0.0,1.3936040501711995e+18,7.805,0.0,0,0,4,0,7116,0.0,100,0.0,0.0,0.0,0.0,0.0,0,0,0,0,0.0,0,0,0,0,0,0,0,0,0,0,0,0,0,0,0,0,0,0,0,0,0,0,0,0,0,0,0,0,0,0,0,0,0,31,40,40,71,65476,0,300,0,0,8,21553,0.0,-107605600.0,0.0,0.0,0.0,0.0,0.0,0.0,0.0,0.0,0.0,0.0,0.0,0.0,0.0,0.0,0.0,0.0,0.0,0.0,0.0,0.0,-2.004,2.004,-0.0,-2.004,0.0,0.0,0.0,0.0,4491.0,3.69717909675028e+19,6924.0,0.0,0.0,0.0,2.718429120148166e+23,0.0,0.0,0.0,0.0,69,-71.63,-71.629,0.0,0.0,0.0,0.0,0.0,0.0,0.0,0,0,0,0.0,0.0,0.0,0.0,0.0,0.0,0.0,0.0,0.0,0.0,0.0,0.0,0.0,0.0,0.0,0.0,0,-107875648.0,69,0.0,138,0.0,-109183072.0,0,26215,17086,26215,17101,39322,17081,0,0,0,70,68,100,2.7302399002429377e+23,82.2,2.730238459091057e+23,78.0,0.0,79.0,1,49,50,180,26215,52429,0,0,0.0,0.0,0.0,0.0,-0.0,67.0,0.0,162057.094,0.0,977,0,1004,0,0,0,952,0,1028,0,928,0,790,0,782,0,822,0,7520,0.032,9.626894563467172e+19,0.0,0.0,784,16797,-0.0,162057.094,-114818.039,-0.0,0.133,6.909358625270745e+28,30.0,70.0,35,0.0,0.0,0.0,0.0,0.0,0.0,0.0,0.0,0.0,0.0,0.0,0.0,0.0,0.0,0.0,0.0,66.4,0,150,71,52,65476,0,300,0,0,8,20529,65476,0,0,44564,70.0,0.0,0.0,0.0,0.0,0.0
2026-09-10T21:29:16,ERR,ERR,ERR,ERR,ERR,ERR,ERR,ERR,ERR,ERR,ERR,ERR,ERR,ERR,ERR,ERR,ERR,ERR,ERR,ERR,ERR,ERR,ERR,ERR,ERR,ERR,ERR,ERR,ERR,ERR,ERR,ERR,ERR,ERR,ERR,ERR,ERR,ERR,ERR,ERR,ERR,ERR,ERR,ERR,ERR,ERR,ERR,ERR,ERR,ERR,ERR,ERR,ERR,ERR,ERR,ERR,ERR,ERR,ERR,ERR,ERR,ERR,ERR,ERR,ERR,ERR,ERR,ERR,ERR,ERR,ERR,ERR,ERR,ERR,ERR,ERR,ERR,ERR,ERR,ERR,ERR,ERR,ERR,ERR,ERR,ERR,ERR,ERR,ERR,ERR,ERR,ERR,ERR,ERR,ERR,ERR,ERR,ERR,ERR,ERR,ERR,ERR,ERR,ERR,ERR,ERR,ERR,ERR,ERR,ERR,ERR,ERR,ERR,ERR,ERR,ERR,ERR,ERR,ERR,ERR,ERR,ERR,ERR,ERR,ERR,0.0,0.0,2.6474835549302285e+23,0.0,0.0,1.3936040501711995e+18,7.805,0.0,0,0,4,0,7116,0.0,100,0.0,0.0,0.0,0.0,0.0,0,0,0,0,0.0,0,0,0,0,0,0,0,0,0,0,0,0,0,0,0,0,0,0,0,0,0,0,0,0,0,0,0,0,0,0,0,0,0,31,40,40,71,65476,0,300,0,0,8,21553,0.0,-107605600.0,0.0,0.0,0.0,0.0,0.0,0.0,0.0,0.0,0.0,0.0,0.0,0.0,0.0,0.0,0.0,0.0,0.0,0.0,0.0,0.0,-2.004,2.004,-0.0,-2.004,0.0,0.0,0.0,0.0,4491.0,3.69717909675028e+19,6924.0,0.0,0.0,0.0,2.718429120148166e+23,0.0,0.0,0.0,0.0,69,-71.63,-71.629,0.0,0.0,0.0,0.0,0.0,0.0,0.0,0,0,0,0.0,0.0,0.0,0.0,0.0,0.0,0.0,0.0,0.0,0.0,0.0,0.0,0.0,0.0,0.0,0.0,0,-107875648.0,69,0.0,138,0.0,-109183072.0,0,26215,17086,26215,17101,39322,17081,0,0,0,70,68,100,2.7302399002429377e+23,82.2,2.730238459091057e+23,78.0,0.0,79.0,1,49,50,180,26215,52429,0,0,0.0,0.0,0.0,0.0,-0.0,67.0,0.0,162057.094,0.0,977,0,1004,0,0,0,952,0,1028,0,928,0,790,0,782,0,822,0,7520,0.032,9.626894563467172e+19,0.0,0.0,784,16797,-0.0,162057.094,-114818.039,-0.0,0.133,6.909358625270745e+28,30.0,70.0,35,0.0,0.0,0.0,0.0,0.0,0.0,0.0,0.0,0.0,0.0,0.0,0.0,0.0,0.0,0.0,0.0,66.4,0,150,71,52,65476,0,300,0,0,8,20529,65476,0,0,44564,70.0,0.0,0.0,0.0,0.0,0.0
2026-09-10T21:29:17,ERR,ERR,ERR,ERR,ERR,ERR,ERR,ERR,ERR,ERR,ERR,ERR,ERR,ERR,ERR,ERR,ERR,ERR,ERR,ERR,ERR,ERR,ERR,ERR,ERR,ERR,ERR,ERR,ERR,ERR,ERR,ERR,ERR,ERR,ERR,ERR,ERR,ERR,ERR,ERR,ERR,ERR,ERR,ERR,ERR,ERR,ERR,ERR,ERR,ERR,ERR,ERR,ERR,ERR,ERR,ERR,ERR,ERR,ERR,ERR,ERR,ERR,ERR,ERR,ERR,ERR,ERR,ERR,ERR,ERR,ERR,ERR,ERR,ERR,ERR,ERR,ERR,ERR,ERR,ERR,ERR,ERR,ERR,ERR,ERR,ERR,ERR,ERR,ERR,ERR,ERR,ERR,ERR,ERR,ERR,ERR,ERR,ERR,ERR,ERR,ERR,ERR,ERR,ERR,ERR,ERR,ERR,ERR,ERR,ERR,ERR,ERR,ERR,ERR,ERR,ERR,ERR,ERR,ERR,ERR,ERR,ERR,ERR,ERR,ERR,0.0,0.0,2.6474835549302285e+23,0.0,0.0,1.3936040501711995e+18,7.805,0.0,0,0,4,0,7116,0.0,100,0.0,0.0,0.0,0.0,0.0,0,0,0,0,0.0,0,0,0,0,0,0,0,0,0,0,0,0,0,0,0,0,0,0,0,0,0,0,0,0,0,0,0,0,0,0,0,0,0,31,40,40,71,65476,0,300,0,0,8,21553,0.0,-107605600.0,0.0,0.0,0.0,0.0,0.0,0.0,0.0,0.0,0.0,0.0,0.0,0.0,0.0,0.0,0.0,0.0,0.0,0.0,0.0,0.0,-2.004,2.004,-0.0,-2.004,0.0,0.0,0.0,0.0,4491.0,3.69717909675028e+19,6924.0,0.0,0.0,0.0,2.718429120148166e+23,0.0,0.0,0.0,0.0,69,-71.63,-71.629,0.0,0.0,0.0,0.0,0.0,0.0,0.0,0,0,0,0.0,0.0,0.0,0.0,0.0,0.0,0.0,0.0,0.0,0.0,0.0,0.0,0.0,0.0,0.0,0.0,0,-107875648.0,69,0.0,138,0.0,-109183072.0,0,26215,17086,26215,17101,39322,17081,0,0,0,70,68,100,2.7302399002429377e+23,82.2,2.730238459091057e+23,78.0,0.0,79.0,1,49,50,180,26215,52429,0,0,0.0,0.0,0.0,0.0,-0.0,67.0,0.0,162057.094,0.0,977,0,1004,0,0,0,952,0,1028,0,928,0,790,0,782,0,822,0,7520,0.032,9.626894563467172e+19,0.0,0.0,784,16797,-0.0,162057.094,-114818.039,-0.0,0.133,6.909358625270745e+28,30.0,70.0,35,0.0,0.0,0.0,0.0,0.0,0.0,0.0,0.0,0.0,0.0,0.0,0.0,0.0,0.0,0.0,0.0,66.4,0,150,71,52,65476,0,300,0,0,8,20529,65476,0,0,44564,70.0,0.0,0.0,0.0,0.0,0.0
2026-09-10T21:29:18,ERR,ERR,ERR,ERR,ERR,ERR,ERR,ERR,ERR,ERR,ERR,ERR,ERR,ERR,ERR,ERR,ERR,ERR,ERR,ERR,ERR,ERR,ERR,ERR,ERR,ERR,ERR,ERR,ERR,ERR,ERR,ERR,ERR,ERR,ERR,ERR,ERR,ERR,ERR,ERR,ERR,ERR,ERR,ERR,ERR,ERR,ERR,ERR,ERR,ERR,ERR,ERR,ERR,ERR,ERR,ERR,ERR,ERR,ERR,ERR,ERR,ERR,ERR,ERR,ERR,ERR,ERR,ERR,ERR,ERR,ERR,ERR,ERR,ERR,ERR,ERR,ERR,ERR,ERR,ERR,ERR,ERR,ERR,ERR,ERR,ERR,ERR,ERR,ERR,ERR,ERR,ERR,ERR,ERR,ERR,ERR,ERR,ERR,ERR,ERR,ERR,ERR,ERR,ERR,ERR,ERR,ERR,ERR,ERR,ERR,ERR,ERR,ERR,ERR,ERR,ERR,ERR,ERR,ERR,ERR,ERR,ERR,ERR,ERR,ERR,0.0,0.0,2.6474835549302285e+23,0.0,0.0,1.3936040501711995e+18,7.805,0.0,0,0,4,0,7116,0.0,100,0.0,0.0,0.0,0.0,0.0,0,0,0,0,0.0,0,0,0,0,0,0,0,0,0,0,0,0,0,0,0,0,0,0,0,0,0,0,0,0,0,0,0,0,0,0,0,0,0,31,40,40,71,65476,0,300,0,0,8,21553,0.0,-107605600.0,0.0,0.0,0.0,0.0,0.0,0.0,0.0,0.0,0.0,0.0,0.0,0.0,0.0,0.0,0.0,0.0,0.0,0.0,0.0,0.0,-2.004,2.004,-0.0,-2.004,0.0,0.0,0.0,0.0,4491.0,3.69717909675028e+19,6924.0,0.0,0.0,0.0,2.718429120148166e+23,0.0,0.0,0.0,0.0,69,-71.63,-71.629,0.0,0.0,0.0,0.0,0.0,0.0,0.0,0,0,0,0.0,0.0,0.0,0.0,0.0,0.0,0.0,0.0,0.0,0.0,0.0,0.0,0.0,0.0,0.0,0.0,0,-107875648.0,69,0.0,138,0.0,-109183072.0,0,26215,17086,26215,17101,39322,17081,0,0,0,70,68,100,2.7302399002429377e+23,82.2,2.730238459091057e+23,78.0,0.0,79.0,1,49,50,180,26215,52429,0,0,0.0,0.0,0.0,0.0,-0.0,67.0,0.0,162057.094,0.0,977,0,1004,0,0,0,952,0,1028,0,928,0,790,0,782,0,822,0,7520,0.032,9.626894563467172e+19,0.0,0.0,784,16797,-0.0,162057.094,-114818.039,-0.0,0.133,6.909358625270745e+28,30.0,70.0,35,0.0,0.0,0.0,0.0,0.0,0.0,0.0,0.0,0.0,0.0,0.0,0.0,0.0,0.0,0.0,0.0,66.4,0,150,71,52,65476,0,300,0,0,8,20529,65476,0,0,44564,70.0,0.0,0.0,0.0,0.0,0.0
2026-09-10T21:29:19,ERR,ERR,ERR,ERR,ERR,ERR,ERR,ERR,ERR,ERR,ERR,ERR,ERR,ERR,ERR,ERR,ERR,ERR,ERR,ERR,ERR,ERR,ERR,ERR,ERR,ERR,ERR,ERR,ERR,ERR,ERR,ERR,ERR,ERR,ERR,ERR,ERR,ERR,ERR,ERR,ERR,ERR,ERR,ERR,ERR,ERR,ERR,ERR,ERR,ERR,ERR,ERR,ERR,ERR,ERR,ERR,ERR,ERR,ERR,ERR,ERR,ERR,ERR,ERR,ERR,ERR,ERR,ERR,ERR,ERR,ERR,ERR,ERR,ERR,ERR,ERR,ERR,ERR,ERR,ERR,ERR,ERR,ERR,ERR,ERR,ERR,ERR,ERR,ERR,ERR,ERR,ERR,ERR,ERR,ERR,ERR,ERR,ERR,ERR,ERR,ERR,ERR,ERR,ERR,ERR,ERR,ERR,ERR,ERR,ERR,ERR,ERR,ERR,ERR,ERR,ERR,ERR,ERR,ERR,ERR,ERR,ERR,ERR,ERR,ERR,0.0,0.0,2.6474835549302285e+23,0.0,0.0,1.3936040501711995e+18,7.805,0.0,0,0,4,0,7116,0.0,100,0.0,0.0,0.0,0.0,0.0,0,0,0,0,0.0,0,0,0,0,0,0,0,0,0,0,0,0,0,0,0,0,0,0,0,0,0,0,0,0,0,0,0,0,0,0,0,0,0,31,40,40,71,65476,0,300,0,0,8,21553,0.0,-107605600.0,0.0,0.0,0.0,0.0,0.0,0.0,0.0,0.0,0.0,0.0,0.0,0.0,0.0,0.0,0.0,0.0,0.0,0.0,0.0,0.0,-2.004,2.004,-0.0,-2.004,0.0,0.0,0.0,0.0,4491.0,3.69717909675028e+19,6924.0,0.0,0.0,0.0,2.718429120148166e+23,0.0,0.0,0.0,0.0,69,-71.63,-71.629,0.0,0.0,0.0,0.0,0.0,0.0,0.0,0,0,0,0.0,0.0,0.0,0.0,0.0,0.0,0.0,0.0,0.0,0.0,0.0,0.0,0.0,0.0,0.0,0.0,0,-107875648.0,69,0.0,138,0.0,-109183072.0,0,26215,17086,26215,17101,39322,17081,0,0,0,70,68,100,2.7302399002429377e+23,82.2,2.730238459091057e+23,78.0,0.0,79.0,1,49,50,180,26215,52429,0,0,0.0,0.0,0.0,0.0,-0.0,67.0,0.0,162057.094,0.0,977,0,1004,0,0,0,952,0,1027,0,928,0,790,0,782,0,822,0,7520,0.032,9.56924848823683e+19,0.0,0.0,784,16797,-0.0,162057.094,-114818.039,-0.0,0.133,6.909358625270745e+28,30.0,70.0,35,0.0,0.0,0.0,0.0,0.0,0.0,0.0,0.0,0.0,0.0,0.0,0.0,0.0,0.0,0.0,0.0,66.4,0,150,71,52,65476,0,300,0,0,8,20529,65476,0,0,44564,70.0,0.0,0.0,0.0,0.0,0.0
2026-09-10T21:29:20,ERR,ERR,ERR,ERR,ERR,ERR,ERR,ERR,ERR,ERR,ERR,ERR,ERR,ERR,ERR,ERR,ERR,ERR,ERR,ERR,ERR,ERR,ERR,ERR,ERR,ERR,ERR,ERR,ERR,ERR,ERR,ERR,ERR,ERR,ERR,ERR,ERR,ERR,ERR,ERR,ERR,ERR,ERR,ERR,ERR,ERR,ERR,ERR,ERR,ERR,ERR,ERR,ERR,ERR,ERR,ERR,ERR,ERR,ERR,ERR,ERR,ERR,ERR,ERR,ERR,ERR,ERR,ERR,ERR,ERR,ERR,ERR,ERR,ERR,ERR,ERR,ERR,ERR,ERR,ERR,ERR,ERR,ERR,ERR,ERR,ERR,ERR,ERR,ERR,ERR,ERR,ERR,ERR,ERR,ERR,ERR,ERR,ERR,ERR,ERR,ERR,ERR,ERR,ERR,ERR,ERR,ERR,ERR,ERR,ERR,ERR,ERR,ERR,ERR,ERR,ERR,ERR,ERR,ERR,ERR,ERR,ERR,ERR,ERR,ERR,0.0,0.0,2.6474835549302285e+23,0.0,0.0,1.3936040501711995e+18,7.805,0.0,0,0,4,0,7116,0.0,100,0.0,0.0,0.0,0.0,0.0,0,0,0,0,0.0,0,0,0,0,0,0,0,0,0,0,0,0,0,0,0,0,0,0,0,0,0,0,0,0,0,0,0,0,0,0,0,0,0,31,40,40,71,65476,0,300,0,0,8,21553,0.0,-107605600.0,0.0,0.0,0.0,0.0,0.0,0.0,0.0,0.0,0.0,0.0,0.0,0.0,0.0,0.0,0.0,0.0,0.0,0.0,0.0,0.0,ERR,ERR,ERR,ERR,ERR,ERR,ERR,ERR,4488.0,0.0,6918.0,0.0,0.0,0.0,2.718429120148166e+23,0.0,0.0,0.0,0.0,69,-0.0,4.066845724438863e+29,0.0,0.0,0.0,0.0,0.0,0.0,0.0,0,0,0,0.0,0.0,0.0,0.0,0.0,0.0,0.0,0.0,0.0,0.0,0.0,0.0,0.0,0.0,0.0,0.0,0,-107875648.0,69,0.0,138,0.0,-109183072.0,0,26215,17086,26215,17101,39322,17081,0,0,0,70,68,100,2.7302399002429377e+23,82.2,2.730238459091057e+23,78.0,0.0,79.0,1,49,50,180,26215,52429,0,0,0.0,0.0,0.0,0.0,-0.0,67.0,0.0,162057.094,0.0,977,0,1004,0,0,0,952,0,1027,0,928,0,790,0,782,0,822,0,7520,0.032,9.56924848823683e+19,0.0,0.0,784,16797,-0.0,162057.094,-114818.039,-0.0,0.133,6.909358625270745e+28,30.0,70.0,35,0.0,0.0,0.0,0.0,0.0,0.0,0.0,0.0,0.0,0.0,0.0,0.0,0.0,0.0,0.0,0.0,66.4,0,150,71,52,65476,0,300,0,0,8,20529,65476,0,0,44564,70.0,0.0,0.0,0.0,0.0,0.0
2026-09-10T21:29:21,ERR,ERR,ERR,ERR,ERR,ERR,ERR,ERR,ERR,ERR,ERR,ERR,ERR,ERR,ERR,ERR,ERR,ERR,ERR,ERR,ERR,ERR,ERR,ERR,ERR,ERR,ERR,ERR,ERR,ERR,ERR,ERR,ERR,ERR,ERR,ERR,ERR,ERR,ERR,ERR,ERR,ERR,ERR,ERR,ERR,ERR,ERR,ERR,ERR,ERR,ERR,ERR,ERR,ERR,ERR,ERR,ERR,ERR,ERR,ERR,ERR,ERR,ERR,ERR,ERR,ERR,ERR,ERR,ERR,ERR,ERR,ERR,ERR,ERR,ERR,ERR,ERR,ERR,ERR,ERR,ERR,ERR,ERR,ERR,ERR,ERR,ERR,ERR,ERR,ERR,ERR,ERR,ERR,ERR,ERR,ERR,ERR,ERR,ERR,ERR,ERR,ERR,ERR,ERR,ERR,ERR,ERR,ERR,ERR,ERR,ERR,ERR,ERR,ERR,ERR,ERR,ERR,ERR,ERR,ERR,ERR,ERR,ERR,ERR,ERR,0.0,0.0,2.6474835549302285e+23,0.0,0.0,1.3936040501711995e+18,7.805,0.0,0,0,4,0,7116,0.0,100,0.0,0.0,0.0,0.0,0.0,0,0,0,0,0.0,0,0,0,0,0,0,0,0,0,0,0,0,0,0,0,0,0,0,0,0,0,0,0,0,0,0,0,0,0,0,0,0,0,31,40,40,71,65476,0,300,0,0,8,21553,0.0,-107605600.0,0.0,0.0,0.0,0.0,0.0,0.0,0.0,0.0,0.0,0.0,0.0,0.0,0.0,0.0,0.0,0.0,0.0,0.0,0.0,0.0,ERR,ERR,ERR,ERR,ERR,ERR,ERR,ERR,4488.0,0.0,6918.0,0.0,0.0,0.0,2.718429120148166e+23,0.0,0.0,0.0,0.0,69,-0.0,4.066845724438863e+29,0.0,0.0,0.0,0.0,0.0,0.0,0.0,0,0,0,0.0,0.0,0.0,0.0,0.0,0.0,0.0,0.0,0.0,0.0,0.0,0.0,0.0,0.0,0.0,0.0,0,-107875648.0,69,0.0,138,0.0,-109183072.0,0,26215,17086,26215,17101,39322,17081,0,0,0,70,68,100,2.7302399002429377e+23,82.2,2.730238459091057e+23,78.0,0.0,79.0,1,49,50,180,26215,52429,0,0,0.0,0.0,0.0,0.0,-0.0,67.0,0.0,162057.094,0.0,977,0,1004,0,0,0,952,0,1027,0,928,0,790,0,782,0,822,0,7520,0.032,9.56924848823683e+19,0.0,0.0,784,16797,-0.0,162057.094,-114818.039,-0.0,0.133,6.909358625270745e+28,30.0,70.0,35,0.0,0.0,0.0,0.0,0.0,0.0,0.0,0.0,0.0,0.0,0.0,0.0,0.0,0.0,0.0,0.0,66.4,0,150,71,52,65476,0,300,0,0,8,20529,65476,0,0,44564,70.0,0.0,0.0,0.0,0.0,0.0
2026-09-10T21:29:22,ERR,ERR,ERR,ERR,ERR,ERR,ERR,ERR,ERR,ERR,ERR,ERR,ERR,ERR,ERR,ERR,ERR,ERR,ERR,ERR,ERR,ERR,ERR,ERR,ERR,ERR,ERR,ERR,ERR,ERR,ERR,ERR,ERR,ERR,ERR,ERR,ERR,ERR,ERR,ERR,ERR,ERR,ERR,ERR,ERR,ERR,ERR,ERR,ERR,ERR,ERR,ERR,ERR,ERR,ERR,ERR,ERR,ERR,ERR,ERR,ERR,ERR,ERR,ERR,ERR,ERR,ERR,ERR,ERR,ERR,ERR,ERR,ERR,ERR,ERR,ERR,ERR,ERR,ERR,ERR,ERR,ERR,ERR,ERR,ERR,ERR,ERR,ERR,ERR,ERR,ERR,ERR,ERR,ERR,ERR,ERR,ERR,ERR,ERR,ERR,ERR,ERR,ERR,ERR,ERR,ERR,ERR,ERR,ERR,ERR,ERR,ERR,ERR,ERR,ERR,ERR,ERR,ERR,ERR,ERR,ERR,ERR,ERR,ERR,ERR,0.0,0.0,2.6474835549302285e+23,0.0,0.0,1.3936040501711995e+18,7.805,0.0,0,0,4,0,7116,0.0,100,0.0,0.0,0.0,0.0,0.0,0,0,0,0,0.0,0,0,0,0,0,0,0,0,0,0,0,0,0,0,0,0,0,0,0,0,0,0,0,0,0,0,0,0,0,0,0,0,0,31,40,40,71,65476,0,300,0,0,8,21553,0.0,-107605600.0,0.0,0.0,0.0,0.0,0.0,0.0,0.0,0.0,0.0,0.0,0.0,0.0,0.0,0.0,0.0,0.0,0.0,0.0,0.0,0.0,ERR,ERR,ERR,ERR,ERR,ERR,ERR,ERR,4488.0,0.0,6918.0,0.0,0.0,0.0,2.718429120148166e+23,0.0,0.0,0.0,0.0,69,-0.0,4.066845724438863e+29,0.0,0.0,0.0,0.0,0.0,0.0,0.0,0,0,0,0.0,0.0,0.0,0.0,0.0,0.0,0.0,0.0,0.0,0.0,0.0,0.0,0.0,0.0,0.0,0.0,0,-107875648.0,69,0.0,138,0.0,-109183072.0,0,26215,17086,26215,17101,39322,17081,0,0,0,70,68,100,2.7302399002429377e+23,82.2,2.730238459091057e+23,78.0,0.0,79.0,1,49,50,180,26215,52429,0,0,0.0,0.0,0.0,0.0,-0.0,67.0,0.0,162057.094,0.0,977,0,1004,0,0,0,952,0,1027,0,928,0,790,0,782,0,822,0,7520,0.032,9.56924848823683e+19,0.0,0.0,784,16797,-0.0,162057.094,-114818.039,-0.0,0.133,6.909358625270745e+28,30.0,70.0,35,0.0,0.0,0.0,0.0,0.0,0.0,0.0,0.0,0.0,0.0,0.0,0.0,0.0,0.0,0.0,0.0,66.4,0,150,71,52,65476,0,300,0,0,8,20529,65476,0,0,44564,70.0,0.0,0.0,0.0,0.0,0.0
2026-09-10T21:29:23,ERR,ERR,ERR,ERR,ERR,ERR,ERR,ERR,ERR,ERR,ERR,ERR,ERR,ERR,ERR,ERR,ERR,ERR,ERR,ERR,ERR,ERR,ERR,ERR,ERR,ERR,ERR,ERR,ERR,ERR,ERR,ERR,ERR,ERR,ERR,ERR,ERR,ERR,ERR,ERR,ERR,ERR,ERR,ERR,ERR,ERR,ERR,ERR,ERR,ERR,ERR,ERR,ERR,ERR,ERR,ERR,ERR,ERR,ERR,ERR,ERR,ERR,ERR,ERR,ERR,ERR,ERR,ERR,ERR,ERR,ERR,ERR,ERR,ERR,ERR,ERR,ERR,ERR,ERR,ERR,ERR,ERR,ERR,ERR,ERR,ERR,ERR,ERR,ERR,ERR,ERR,ERR,ERR,ERR,ERR,ERR,ERR,ERR,ERR,ERR,ERR,ERR,ERR,ERR,ERR,ERR,ERR,ERR,ERR,ERR,ERR,ERR,ERR,ERR,ERR,ERR,ERR,ERR,ERR,ERR,ERR,ERR,ERR,ERR,ERR,0.0,0.0,2.6474835549302285e+23,0.0,0.0,1.3936040501711995e+18,7.805,0.0,0,0,4,0,7116,0.0,100,0.0,0.0,0.0,0.0,0.0,0,0,0,0,0.0,0,0,0,0,0,0,0,0,0,0,0,0,0,0,0,0,0,0,0,0,0,0,0,0,0,0,0,0,0,0,0,0,0,31,40,40,71,65476,0,300,0,0,8,21553,0.0,-107605600.0,0.0,0.0,0.0,0.0,0.0,0.0,0.0,0.0,0.0,0.0,0.0,0.0,0.0,0.0,0.0,0.0,0.0,0.0,0.0,0.0,ERR,ERR,ERR,ERR,ERR,ERR,ERR,ERR,4488.0,0.0,6918.0,0.0,0.0,0.0,2.718429120148166e+23,0.0,0.0,0.0,0.0,69,-0.0,4.066845724438863e+29,0.0,0.0,0.0,0.0,0.0,0.0,0.0,0,0,0,0.0,0.0,0.0,0.0,0.0,0.0,0.0,0.0,0.0,0.0,0.0,0.0,0.0,0.0,0.0,0.0,0,-107875648.0,69,0.0,138,0.0,-109183072.0,0,26215,17086,26215,17101,39322,17081,0,0,0,70,68,100,2.7302399002429377e+23,82.2,2.730238459091057e+23,78.0,0.0,79.0,1,49,50,180,26215,52429,0,0,0.0,0.0,0.0,0.0,-0.0,67.0,0.0,162057.094,0.0,977,0,1004,0,0,0,952,0,1027,0,928,0,790,0,782,0,822,0,7520,0.032,9.684540638697515e+19,0.0,0.0,784,16797,-0.0,162057.094,-114818.039,-0.0,0.133,6.909358625270745e+28,30.0,70.0,35,0.0,0.0,0.0,0.0,0.0,0.0,0.0,0.0,0.0,0.0,0.0,0.0,0.0,0.0,0.0,0.0,66.4,0,150,71,52,65476,0,300,0,0,8,20529,65476,0,0,44564,70.0,0.0,0.0,0.0,0.0,0.0
2026-09-10T21:29:24,ERR,ERR,ERR,ERR,ERR,ERR,ERR,ERR,ERR,ERR,ERR,ERR,ERR,ERR,ERR,ERR,ERR,ERR,ERR,ERR,ERR,ERR,ERR,ERR,ERR,ERR,ERR,ERR,ERR,ERR,ERR,ERR,ERR,ERR,ERR,ERR,ERR,ERR,ERR,ERR,ERR,ERR,ERR,ERR,ERR,ERR,ERR,ERR,ERR,ERR,ERR,ERR,ERR,ERR,ERR,ERR,ERR,ERR,ERR,ERR,ERR,ERR,ERR,ERR,ERR,ERR,ERR,ERR,ERR,ERR,ERR,ERR,ERR,ERR,ERR,ERR,ERR,ERR,ERR,ERR,ERR,ERR,ERR,ERR,ERR,ERR,ERR,ERR,ERR,ERR,ERR,ERR,ERR,ERR,ERR,ERR,ERR,ERR,ERR,ERR,ERR,ERR,ERR,ERR,ERR,ERR,ERR,ERR,ERR,ERR,ERR,ERR,ERR,ERR,ERR,ERR,ERR,ERR,ERR,ERR,ERR,ERR,ERR,ERR,ERR,0.0,0.0,2.6474835549302285e+23,0.0,0.0,1.3936040501711995e+18,7.805,0.0,0,0,4,0,7116,0.0,100,0.0,0.0,0.0,0.0,0.0,0,0,0,0,0.0,0,0,0,0,0,0,0,0,0,0,0,0,0,0,0,0,0,0,0,0,0,0,0,0,0,0,0,0,0,0,0,0,0,31,40,40,71,65476,0,300,0,0,8,21553,0.0,-107605600.0,0.0,0.0,0.0,0.0,0.0,0.0,0.0,0.0,0.0,0.0,0.0,0.0,0.0,0.0,0.0,0.0,0.0,0.0,0.0,0.0,ERR,ERR,ERR,ERR,ERR,ERR,ERR,ERR,4488.0,0.0,6918.0,0.0,0.0,0.0,2.718429120148166e+23,0.0,0.0,0.0,0.0,69,-0.0,4.066845724438863e+29,0.0,0.0,0.0,0.0,0.0,0.0,0.0,0,0,0,0.0,0.0,0.0,0.0,0.0,0.0,0.0,0.0,0.0,0.0,0.0,0.0,0.0,0.0,0.0,0.0,0,-107875648.0,69,0.0,138,0.0,-109183072.0,0,26215,17086,26215,17101,39322,17081,0,0,0,70,68,100,2.7302399002429377e+23,82.2,2.730238459091057e+23,78.0,0.0,79.0,1,49,50,180,26215,52429,0,0,0.0,0.0,0.0,0.0,-0.0,67.0,0.0,162057.094,0.0,977,0,1004,0,0,0,952,0,1027,0,928,0,790,0,782,0,822,0,7520,0.032,9.684540638697515e+19,0.0,0.0,784,16797,-0.0,162057.094,-114818.039,-0.0,0.133,6.909358625270745e+28,30.0,70.0,35,0.0,0.0,0.0,0.0,0.0,0.0,0.0,0.0,0.0,0.0,0.0,0.0,0.0,0.0,0.0,0.0,66.4,0,150,71,52,65476,0,300,0,0,8,20529,65476,0,0,44564,70.0,0.0,0.0,0.0,0.0,0.0
2026-09-10T21:29:25,ERR,ERR,ERR,ERR,ERR,ERR,ERR,ERR,ERR,ERR,ERR,ERR,ERR,ERR,ERR,ERR,ERR,ERR,ERR,ERR,ERR,ERR,ERR,ERR,ERR,ERR,ERR,ERR,ERR,ERR,ERR,ERR,ERR,ERR,ERR,ERR,ERR,ERR,ERR,ERR,ERR,ERR,ERR,ERR,ERR,ERR,ERR,ERR,ERR,ERR,ERR,ERR,ERR,ERR,ERR,ERR,ERR,ERR,ERR,ERR,ERR,ERR,ERR,ERR,ERR,ERR,ERR,ERR,ERR,ERR,ERR,ERR,ERR,ERR,ERR,ERR,ERR,ERR,ERR,ERR,ERR,ERR,ERR,ERR,ERR,ERR,ERR,ERR,ERR,ERR,ERR,ERR,ERR,ERR,ERR,ERR,ERR,ERR,ERR,ERR,ERR,ERR,ERR,ERR,ERR,ERR,ERR,ERR,ERR,ERR,ERR,ERR,ERR,ERR,ERR,ERR,ERR,ERR,ERR,ERR,ERR,ERR,ERR,ERR,ERR,0.0,0.0,2.6474835549302285e+23,0.0,0.0,1.3936040501711995e+18,7.805,0.0,0,0,4,0,7116,0.0,100,0.0,0.0,0.0,0.0,0.0,0,0,0,0,0.0,0,0,0,0,0,0,0,0,0,0,0,0,0,0,0,0,0,0,0,0,0,0,0,0,0,0,0,0,0,0,0,0,0,31,40,40,71,65476,0,300,0,0,8,21553,0.0,-107605600.0,0.0,0.0,0.0,0.0,0.0,0.0,0.0,0.0,0.0,0.0,0.0,0.0,0.0,0.0,0.0,0.0,0.0,0.0,0.0,0.0,ERR,ERR,ERR,ERR,ERR,ERR,ERR,ERR,4488.0,0.0,6918.0,0.0,0.0,0.0,2.718429120148166e+23,0.0,0.0,0.0,0.0,69,-0.0,4.066845724438863e+29,0.0,0.0,0.0,0.0,0.0,0.0,0.0,0,0,0,0.0,0.0,0.0,0.0,0.0,0.0,0.0,0.0,0.0,0.0,0.0,0.0,0.0,0.0,0.0,0.0,0,-107875648.0,69,0.0,138,0.0,-109183072.0,0,26215,17086,26215,17101,39322,17081,0,0,0,70,68,100,2.7302399002429377e+23,82.2,2.730238459091057e+23,78.0,0.0,79.0,1,49,50,180,26215,52429,0,0,0.0,0.0,0.0,0.0,-0.0,67.0,0.0,162057.094,0.0,977,0,1004,0,0,0,952,0,1027,0,928,0,790,0,782,0,822,0,7520,0.032,9.684540638697515e+19,0.0,0.0,784,16797,-0.0,162057.094,-114818.039,-0.0,0.133,6.909358625270745e+28,30.0,70.0,35,0.0,0.0,0.0,0.0,0.0,0.0,0.0,0.0,0.0,0.0,0.0,0.0,0.0,0.0,0.0,0.0,66.4,0,150,71,52,65476,0,300,0,0,8,20529,65476,0,0,44564,70.0,0.0,0.0,0.0,0.0,0.0
2026-09-10T21:29:26,ERR,ERR,ERR,ERR,ERR,ERR,ERR,ERR,ERR,ERR,ERR,ERR,ERR,ERR,ERR,ERR,ERR,ERR,ERR,ERR,ERR,ERR,ERR,ERR,ERR,ERR,ERR,ERR,ERR,ERR,ERR,ERR,ERR,ERR,ERR,ERR,ERR,ERR,ERR,ERR,ERR,ERR,ERR,ERR,ERR,ERR,ERR,ERR,ERR,ERR,ERR,ERR,ERR,ERR,ERR,ERR,ERR,ERR,ERR,ERR,ERR,ERR,ERR,ERR,ERR,ERR,ERR,ERR,ERR,ERR,ERR,ERR,ERR,ERR,ERR,ERR,ERR,ERR,ERR,ERR,ERR,ERR,ERR,ERR,ERR,ERR,ERR,ERR,ERR,ERR,ERR,ERR,ERR,ERR,ERR,ERR,ERR,ERR,ERR,ERR,ERR,ERR,ERR,ERR,ERR,ERR,ERR,ERR,ERR,ERR,ERR,ERR,ERR,ERR,ERR,ERR,ERR,ERR,ERR,ERR,ERR,ERR,ERR,ERR,ERR,0.0,0.0,2.6474835549302285e+23,0.0,0.0,1.3936040501711995e+18,7.805,0.0,0,0,4,0,7116,0.0,100,0.0,0.0,0.0,0.0,0.0,0,0,0,0,0.0,0,0,0,0,0,0,0,0,0,0,0,0,0,0,0,0,0,0,0,0,0,0,0,0,0,0,0,0,0,0,0,0,0,31,40,40,71,65476,0,300,0,0,8,21553,0.0,-107605600.0,0.0,0.0,0.0,0.0,0.0,0.0,0.0,0.0,0.0,0.0,0.0,0.0,0.0,0.0,0.0,0.0,0.0,0.0,0.0,0.0,ERR,ERR,ERR,ERR,ERR,ERR,ERR,ERR,4488.0,0.0,6918.0,0.0,0.0,0.0,2.718429120148166e+23,0.0,0.0,0.0,0.0,69,-0.0,4.066845724438863e+29,0.0,0.0,0.0,0.0,0.0,0.0,0.0,0,0,0,0.0,0.0,0.0,0.0,0.0,0.0,0.0,0.0,0.0,0.0,0.0,0.0,0.0,0.0,0.0,0.0,0,-107875648.0,69,0.0,138,0.0,-109183072.0,0,26215,17086,26215,17101,39322,17081,0,0,0,70,68,100,2.7302399002429377e+23,82.2,2.730238459091057e+23,78.0,0.0,79.0,1,49,50,180,26215,52429,0,0,0.0,0.0,0.0,0.0,-0.0,67.0,0.0,162057.094,0.0,977,0,1004,0,0,0,952,0,1027,0,928,0,790,0,782,0,822,0,7520,0.032,9.684540638697515e+19,0.0,0.0,784,16797,-0.0,162057.094,-114818.039,-0.0,0.133,6.909358625270745e+28,30.0,70.0,35,0.0,0.0,0.0,0.0,0.0,0.0,0.0,0.0,0.0,0.0,0.0,0.0,0.0,0.0,0.0,0.0,66.4,0,150,71,52,65476,0,300,0,0,8,20529,65476,0,0,44564,70.0,0.0,0.0,0.0,0.0,0.0
2026-09-10T21:29:27,ERR,ERR,ERR,ERR,ERR,ERR,ERR,ERR,ERR,ERR,ERR,ERR,ERR,ERR,ERR,ERR,ERR,ERR,ERR,ERR,ERR,ERR,ERR,ERR,ERR,ERR,ERR,ERR,ERR,ERR,ERR,ERR,ERR,ERR,ERR,ERR,ERR,ERR,ERR,ERR,ERR,ERR,ERR,ERR,ERR,ERR,ERR,ERR,ERR,ERR,ERR,ERR,ERR,ERR,ERR,ERR,ERR,ERR,ERR,ERR,ERR,ERR,ERR,ERR,ERR,ERR,ERR,ERR,ERR,ERR,ERR,ERR,ERR,ERR,ERR,ERR,ERR,ERR,ERR,ERR,ERR,ERR,ERR,ERR,ERR,ERR,ERR,ERR,ERR,ERR,ERR,ERR,ERR,ERR,ERR,ERR,ERR,ERR,ERR,ERR,ERR,ERR,ERR,ERR,ERR,ERR,ERR,ERR,ERR,ERR,ERR,ERR,ERR,ERR,ERR,ERR,ERR,ERR,ERR,ERR,ERR,ERR,ERR,ERR,ERR,0.0,0.0,2.6474835549302285e+23,0.0,0.0,1.3936040501711995e+18,7.805,0.0,0,0,4,0,7116,0.0,100,0.0,0.0,0.0,0.0,0.0,0,0,0,0,0.0,0,0,0,0,0,0,0,0,0,0,0,0,0,0,0,0,0,0,0,0,0,0,0,0,0,0,0,0,0,0,0,0,0,31,40,40,71,65476,0,300,0,0,8,21553,0.0,-107605600.0,0.0,0.0,0.0,0.0,0.0,0.0,0.0,0.0,0.0,0.0,0.0,0.0,0.0,0.0,0.0,0.0,0.0,0.0,0.0,0.0,-2.004,2.004,-0.0,-2.004,0.0,0.0,0.0,0.0,4491.0,131350.188,6924.0,0.0,0.0,0.0,2.718429120148166e+23,0.0,0.0,0.0,0.0,69,-152018521948160.0,-0.0,0.0,0.0,0.0,0.0,0.0,0.0,0.0,0,0,0,0.0,0.0,0.0,0.0,0.0,0.0,0.0,0.0,0.0,0.0,0.0,0.0,0.0,0.0,0.0,0.0,0,-107875648.0,69,0.0,138,0.0,-109183072.0,0,26215,17086,26215,17101,39322,17081,0,0,0,70,68,100,2.7302399002429377e+23,82.2,2.730238459091057e+23,78.0,0.0,79.0,1,49,50,180,26215,52429,0,0,0.0,0.0,0.0,0.0,-0.0,67.0,0.0,162057.094,0.0,977,0,1004,0,0,0,952,0,1027,0,928,0,790,0,782,0,822,0,7520,0.032,9.684540638697515e+19,0.0,0.0,784,16797,-0.0,162057.094,-114818.039,-0.0,0.133,6.909358625270745e+28,30.0,70.0,35,0.0,0.0,0.0,0.0,0.0,0.0,0.0,0.0,0.0,0.0,0.0,0.0,0.0,0.0,0.0,0.0,66.4,0,150,71,52,65476,0,300,0,0,8,20529,65476,0,0,44564,70.0,0.0,0.0,0.0,0.0,0.0
2026-09-10T21:29:28,ERR,ERR,ERR,ERR,ERR,ERR,ERR,ERR,ERR,ERR,ERR,ERR,ERR,ERR,ERR,ERR,ERR,ERR,ERR,ERR,ERR,ERR,ERR,ERR,ERR,ERR,ERR,ERR,ERR,ERR,ERR,ERR,ERR,ERR,ERR,ERR,ERR,ERR,ERR,ERR,ERR,ERR,ERR,ERR,ERR,ERR,ERR,ERR,ERR,ERR,ERR,ERR,ERR,ERR,ERR,ERR,ERR,ERR,ERR,ERR,ERR,ERR,ERR,ERR,ERR,ERR,ERR,ERR,ERR,ERR,ERR,ERR,ERR,ERR,ERR,ERR,ERR,ERR,ERR,ERR,ERR,ERR,ERR,ERR,ERR,ERR,ERR,ERR,ERR,ERR,ERR,ERR,ERR,ERR,ERR,ERR,ERR,ERR,ERR,ERR,ERR,ERR,ERR,ERR,ERR,ERR,ERR,ERR,ERR,ERR,ERR,ERR,ERR,ERR,ERR,ERR,ERR,ERR,ERR,ERR,ERR,ERR,ERR,ERR,ERR,0.0,0.0,2.6474835549302285e+23,0.0,0.0,1.3936040501711995e+18,7.805,0.0,0,0,4,0,7116,0.0,100,0.0,0.0,0.0,0.0,0.0,0,0,0,0,0.0,0,0,0,0,0,0,0,0,0,0,0,0,0,0,0,0,0,0,0,0,0,0,0,0,0,0,0,0,0,0,0,0,0,31,40,40,71,65476,0,300,0,0,8,21553,0.0,-107605600.0,0.0,0.0,0.0,0.0,0.0,0.0,0.0,0.0,0.0,0.0,0.0,0.0,0.0,0.0,0.0,0.0,0.0,0.0,0.0,0.0,-2.004,2.004,-0.0,-2.004,0.0,0.0,0.0,0.0,4491.0,131350.188,6924.0,0.0,0.0,0.0,2.718429120148166e+23,0.0,0.0,0.0,0.0,69,-152018521948160.0,-0.0,0.0,0.0,0.0,0.0,0.0,0.0,0.0,0,0,0,0.0,0.0,0.0,0.0,0.0,0.0,0.0,0.0,0.0,0.0,0.0,0.0,0.0,0.0,0.0,0.0,0,-107875648.0,69,0.0,138,0.0,-109183072.0,0,26215,17086,26215,17101,39322,17081,0,0,0,70,68,100,2.7302399002429377e+23,82.2,2.730238459091057e+23,78.0,0.0,79.0,1,49,50,180,26215,52429,0,0,0.0,0.0,0.0,0.0,-0.0,67.0,0.0,162057.094,0.0,977,0,1004,0,0,0,952,0,1027,0,928,0,790,0,782,0,822,0,7520,0.032,9.684540638697515e+19,0.0,0.0,784,16797,-0.0,162057.094,-114818.039,-0.0,0.133,6.909358625270745e+28,30.0,70.0,35,0.0,0.0,0.0,0.0,0.0,0.0,0.0,0.0,0.0,0.0,0.0,0.0,0.0,0.0,0.0,0.0,66.4,0,150,71,52,65476,0,300,0,0,8,20529,65476,0,0,44564,70.0,0.0,0.0,0.0,0.0,0.0
2026-09-10T21:29:29,ERR,ERR,ERR,ERR,ERR,ERR,ERR,ERR,ERR,ERR,ERR,ERR,ERR,ERR,ERR,ERR,ERR,ERR,ERR,ERR,ERR,ERR,ERR,ERR,ERR,ERR,ERR,ERR,ERR,ERR,ERR,ERR,ERR,ERR,ERR,ERR,ERR,ERR,ERR,ERR,ERR,ERR,ERR,ERR,ERR,ERR,ERR,ERR,ERR,ERR,ERR,ERR,ERR,ERR,ERR,ERR,ERR,ERR,ERR,ERR,ERR,ERR,ERR,ERR,ERR,ERR,ERR,ERR,ERR,ERR,ERR,ERR,ERR,ERR,ERR,ERR,ERR,ERR,ERR,ERR,ERR,ERR,ERR,ERR,ERR,ERR,ERR,ERR,ERR,ERR,ERR,ERR,ERR,ERR,ERR,ERR,ERR,ERR,ERR,ERR,ERR,ERR,ERR,ERR,ERR,ERR,ERR,ERR,ERR,ERR,ERR,ERR,ERR,ERR,ERR,ERR,ERR,ERR,ERR,ERR,ERR,ERR,ERR,ERR,ERR,0.0,0.0,2.6474835549302285e+23,0.0,0.0,1.3936040501711995e+18,7.805,0.0,0,0,4,0,7116,0.0,100,0.0,0.0,0.0,0.0,0.0,0,0,0,0,0.0,0,0,0,0,0,0,0,0,0,0,0,0,0,0,0,0,0,0,0,0,0,0,0,0,0,0,0,0,0,0,0,0,0,31,40,40,71,65476,0,300,0,0,8,21553,0.0,-107605600.0,0.0,0.0,0.0,0.0,0.0,0.0,0.0,0.0,0.0,0.0,0.0,0.0,0.0,0.0,0.0,0.0,0.0,0.0,0.0,0.0,-2.004,2.004,-0.0,-2.004,0.0,0.0,0.0,0.0,4491.0,131350.188,6924.0,0.0,0.0,0.0,2.718429120148166e+23,0.0,0.0,0.0,0.0,69,-152018521948160.0,-0.0,0.0,0.0,0.0,0.0,0.0,0.0,0.0,0,0,0,0.0,0.0,0.0,0.0,0.0,0.0,0.0,0.0,0.0,0.0,0.0,0.0,0.0,0.0,0.0,0.0,0,-107875648.0,69,0.0,138,0.0,-109183072.0,0,26215,17086,26215,17101,39322,17081,0,0,0,70,68,100,2.7302399002429377e+23,82.2,2.730238459091057e+23,78.0,0.0,79.0,1,49,50,180,26215,52429,0,0,0.0,0.0,0.0,0.0,-0.0,67.0,0.0,162057.094,0.0,977,0,1004,0,0,0,952,0,1027,0,928,0,790,0,782,0,822,0,7520,0.032,9.56924848823683e+19,0.0,0.0,784,16797,-0.0,162057.094,-114818.039,-0.0,0.133,6.909358625270745e+28,30.0,70.0,35,0.0,0.0,0.0,0.0,0.0,0.0,0.0,0.0,0.0,0.0,0.0,0.0,0.0,0.0,0.0,0.0,66.4,0,150,71,52,65476,0,300,0,0,8,20529,65476,0,0,44564,70.0,0.0,0.0,0.0,0.0,0.0
2026-09-10T21:29:30,ERR,ERR,ERR,ERR,ERR,ERR,ERR,ERR,ERR,ERR,ERR,ERR,ERR,ERR,ERR,ERR,ERR,ERR,ERR,ERR,ERR,ERR,ERR,ERR,ERR,ERR,ERR,ERR,ERR,ERR,ERR,ERR,ERR,ERR,ERR,ERR,ERR,ERR,ERR,ERR,ERR,ERR,ERR,ERR,ERR,ERR,ERR,ERR,ERR,ERR,ERR,ERR,ERR,ERR,ERR,ERR,ERR,ERR,ERR,ERR,ERR,ERR,ERR,ERR,ERR,ERR,ERR,ERR,ERR,ERR,ERR,ERR,ERR,ERR,ERR,ERR,ERR,ERR,ERR,ERR,ERR,ERR,ERR,ERR,ERR,ERR,ERR,ERR,ERR,ERR,ERR,ERR,ERR,ERR,ERR,ERR,ERR,ERR,ERR,ERR,ERR,ERR,ERR,ERR,ERR,ERR,ERR,ERR,ERR,ERR,ERR,ERR,ERR,ERR,ERR,ERR,ERR,ERR,ERR,ERR,ERR,ERR,ERR,ERR,ERR,0.0,0.0,2.6474835549302285e+23,0.0,0.0,1.3936040501711995e+18,7.805,0.0,0,0,4,0,7116,0.0,100,0.0,0.0,0.0,0.0,0.0,0,0,0,0,0.0,0,0,0,0,0,0,0,0,0,0,0,0,0,0,0,0,0,0,0,0,0,0,0,0,0,0,0,0,0,0,0,0,0,31,40,40,71,65476,0,300,0,0,8,21553,0.0,-107605600.0,0.0,0.0,0.0,0.0,0.0,0.0,0.0,0.0,0.0,0.0,0.0,0.0,0.0,0.0,0.0,0.0,0.0,0.0,0.0,0.0,-2.004,2.004,-0.0,-2.004,0.0,0.0,0.0,0.0,4491.0,131350.188,6924.0,0.0,0.0,0.0,2.718429120148166e+23,0.0,0.0,0.0,0.0,69,-152018521948160.0,-0.0,0.0,0.0,0.0,0.0,0.0,0.0,0.0,0,0,0,0.0,0.0,0.0,0.0,0.0,0.0,0.0,0.0,0.0,0.0,0.0,0.0,0.0,0.0,0.0,0.0,0,-107875648.0,69,0.0,138,0.0,-109183072.0,0,26215,17086,26215,17101,39322,17081,0,0,0,70,68,100,2.7302399002429377e+23,82.2,2.730238459091057e+23,78.0,0.0,79.0,1,49,50,180,26215,52429,0,0,0.0,0.0,0.0,0.0,-0.0,67.0,0.0,162057.094,0.0,977,0,1004,0,0,0,952,0,1027,0,928,0,790,0,782,0,822,0,7520,0.032,9.56924848823683e+19,0.0,0.0,784,16797,-0.0,162057.094,-114818.039,-0.0,0.133,6.909358625270745e+28,30.0,70.0,35,0.0,0.0,0.0,0.0,0.0,0.0,0.0,0.0,0.0,0.0,0.0,0.0,0.0,0.0,0.0,0.0,66.4,0,150,71,52,65476,0,300,0,0,8,20529,65476,0,0,44564,70.0,0.0,0.0,0.0,0.0,0.0
2026-09-10T21:29:31,ERR,ERR,ERR,ERR,ERR,ERR,ERR,ERR,ERR,ERR,ERR,ERR,ERR,ERR,ERR,ERR,ERR,ERR,ERR,ERR,ERR,ERR,ERR,ERR,ERR,ERR,ERR,ERR,ERR,ERR,ERR,ERR,ERR,ERR,ERR,ERR,ERR,ERR,ERR,ERR,ERR,ERR,ERR,ERR,ERR,ERR,ERR,ERR,ERR,ERR,ERR,ERR,ERR,ERR,ERR,ERR,ERR,ERR,ERR,ERR,ERR,ERR,ERR,ERR,ERR,ERR,ERR,ERR,ERR,ERR,ERR,ERR,ERR,ERR,ERR,ERR,ERR,ERR,ERR,ERR,ERR,ERR,ERR,ERR,ERR,ERR,ERR,ERR,ERR,ERR,ERR,ERR,ERR,ERR,ERR,ERR,ERR,ERR,ERR,ERR,ERR,ERR,ERR,ERR,ERR,ERR,ERR,ERR,ERR,ERR,ERR,ERR,ERR,ERR,ERR,ERR,ERR,ERR,ERR,ERR,ERR,ERR,ERR,ERR,ERR,0.0,0.0,2.6474835549302285e+23,0.0,0.0,1.3936040501711995e+18,7.805,0.0,0,0,4,0,7116,0.0,100,0.0,0.0,0.0,0.0,0.0,0,0,0,0,0.0,0,0,0,0,0,0,0,0,0,0,0,0,0,0,0,0,0,0,0,0,0,0,0,0,0,0,0,0,0,0,0,0,0,31,40,40,71,65476,0,300,0,0,8,21553,0.0,-107605600.0,0.0,0.0,0.0,0.0,0.0,0.0,0.0,0.0,0.0,0.0,0.0,0.0,0.0,0.0,0.0,0.0,0.0,0.0,0.0,0.0,-2.004,2.004,-0.0,-2.004,0.0,0.0,0.0,0.0,4491.0,131350.188,6924.0,0.0,0.0,0.0,2.718429120148166e+23,0.0,0.0,0.0,0.0,69,-152018521948160.0,-0.0,0.0,0.0,0.0,0.0,0.0,0.0,0.0,0,0,0,0.0,0.0,0.0,0.0,0.0,0.0,0.0,0.0,0.0,0.0,0.0,0.0,0.0,0.0,0.0,0.0,0,-107875648.0,69,0.0,138,0.0,-109183072.0,0,26215,17086,26215,17101,39322,17081,0,0,0,70,68,100,2.7302399002429377e+23,82.2,2.730238459091057e+23,78.0,0.0,79.0,1,49,50,180,26215,52429,0,0,0.0,0.0,0.0,0.0,-0.0,67.0,0.0,162057.094,0.0,977,0,1004,0,0,0,952,0,1027,0,928,0,790,0,782,0,822,0,7520,0.032,9.56924848823683e+19,0.0,0.0,784,16797,-0.0,162057.094,-114818.039,-0.0,0.133,6.909358625270745e+28,30.0,70.0,35,0.0,0.0,0.0,0.0,0.0,0.0,0.0,0.0,0.0,0.0,0.0,0.0,0.0,0.0,0.0,0.0,66.4,0,150,71,52,65476,0,300,0,0,8,20529,65476,0,0,44564,70.0,0.0,0.0,0.0,0.0,0.0
2026-09-10T21:29:32,ERR,ERR,ERR,ERR,ERR,ERR,ERR,ERR,ERR,ERR,ERR,ERR,ERR,ERR,ERR,ERR,ERR,ERR,ERR,ERR,ERR,ERR,ERR,ERR,ERR,ERR,ERR,ERR,ERR,ERR,ERR,ERR,ERR,ERR,ERR,ERR,ERR,ERR,ERR,ERR,ERR,ERR,ERR,ERR,ERR,ERR,ERR,ERR,ERR,ERR,ERR,ERR,ERR,ERR,ERR,ERR,ERR,ERR,ERR,ERR,ERR,ERR,ERR,ERR,ERR,ERR,ERR,ERR,ERR,ERR,ERR,ERR,ERR,ERR,ERR,ERR,ERR,ERR,ERR,ERR,ERR,ERR,ERR,ERR,ERR,ERR,ERR,ERR,ERR,ERR,ERR,ERR,ERR,ERR,ERR,ERR,ERR,ERR,ERR,ERR,ERR,ERR,ERR,ERR,ERR,ERR,ERR,ERR,ERR,ERR,ERR,ERR,ERR,ERR,ERR,ERR,ERR,ERR,ERR,ERR,ERR,ERR,ERR,ERR,ERR,0.0,0.0,2.6474835549302285e+23,0.0,0.0,1.3936040501711995e+18,7.805,0.0,0,0,4,0,7116,0.0,100,0.0,0.0,0.0,0.0,0.0,0,0,0,0,0.0,0,0,0,0,0,0,0,0,0,0,0,0,0,0,0,0,0,0,0,0,0,0,0,0,0,0,0,0,0,0,0,0,0,31,40,40,71,65476,0,300,0,0,8,21553,0.0,-107605600.0,0.0,0.0,0.0,0.0,0.0,0.0,0.0,0.0,0.0,0.0,0.0,0.0,0.0,0.0,0.0,0.0,0.0,0.0,0.0,0.0,-2.004,2.004,-0.0,-2.004,0.0,0.0,0.0,0.0,4491.0,131350.188,6924.0,0.0,0.0,0.0,2.718429120148166e+23,0.0,0.0,0.0,0.0,69,-152018521948160.0,-0.0,0.0,0.0,0.0,0.0,0.0,0.0,0.0,0,0,0,0.0,0.0,0.0,0.0,0.0,0.0,0.0,0.0,0.0,0.0,0.0,0.0,0.0,0.0,0.0,0.0,0,-107875648.0,69,0.0,138,0.0,-109183072.0,0,26215,17086,26215,17101,39322,17081,0,0,0,70,68,100,2.7302399002429377e+23,82.2,2.730238459091057e+23,78.0,0.0,79.0,1,49,50,180,26215,52429,0,0,0.0,0.0,0.0,0.0,-0.0,67.0,0.0,162057.094,0.0,977,0,1004,0,0,0,952,0,1027,0,928,0,790,0,782,0,822,0,7520,0.032,9.56924848823683e+19,0.0,0.0,784,16797,-0.0,162057.094,-114818.039,-0.0,0.133,6.909358625270745e+28,30.0,70.0,35,0.0,0.0,0.0,0.0,0.0,0.0,0.0,0.0,0.0,0.0,0.0,0.0,0.0,0.0,0.0,0.0,66.4,0,150,71,52,65476,0,300,0,0,8,20529,65476,0,0,44564,70.0,0.0,0.0,0.0,0.0,0.0
2026-09-10T21:29:33,ERR,ERR,ERR,ERR,ERR,ERR,ERR,ERR,ERR,ERR,ERR,ERR,ERR,ERR,ERR,ERR,ERR,ERR,ERR,ERR,ERR,ERR,ERR,ERR,ERR,ERR,ERR,ERR,ERR,ERR,ERR,ERR,ERR,ERR,ERR,ERR,ERR,ERR,ERR,ERR,ERR,ERR,ERR,ERR,ERR,ERR,ERR,ERR,ERR,ERR,ERR,ERR,ERR,ERR,ERR,ERR,ERR,ERR,ERR,ERR,ERR,ERR,ERR,ERR,ERR,ERR,ERR,ERR,ERR,ERR,ERR,ERR,ERR,ERR,ERR,ERR,ERR,ERR,ERR,ERR,ERR,ERR,ERR,ERR,ERR,ERR,ERR,ERR,ERR,ERR,ERR,ERR,ERR,ERR,ERR,ERR,ERR,ERR,ERR,ERR,ERR,ERR,ERR,ERR,ERR,ERR,ERR,ERR,ERR,ERR,ERR,ERR,ERR,ERR,ERR,ERR,ERR,ERR,ERR,ERR,ERR,ERR,ERR,ERR,ERR,0.0,0.0,2.6474835549302285e+23,0.0,0.0,1.3936040501711995e+18,7.805,0.0,0,0,4,0,7116,0.0,100,0.0,0.0,0.0,0.0,0.0,0,0,0,0,0.0,0,0,0,0,0,0,0,0,0,0,0,0,0,0,0,0,0,0,0,0,0,0,0,0,0,0,0,0,0,0,0,0,0,31,40,40,71,65476,0,300,0,0,8,21553,0.0,-107605600.0,0.0,0.0,0.0,0.0,0.0,0.0,0.0,0.0,0.0,0.0,0.0,0.0,0.0,0.0,0.0,0.0,0.0,0.0,0.0,0.0,-2.004,2.004,-0.0,-2.004,0.0,0.0,0.0,0.0,4491.0,131350.188,6924.0,0.0,0.0,0.0,2.718429120148166e+23,0.0,0.0,0.0,0.0,69,-152018521948160.0,-0.0,0.0,0.0,0.0,0.0,0.0,0.0,0.0,0,0,0,0.0,0.0,0.0,0.0,0.0,0.0,0.0,0.0,0.0,0.0,0.0,0.0,0.0,0.0,0.0,0.0,0,-107875648.0,69,0.0,138,0.0,-109183072.0,0,26215,17086,26215,17101,39322,17081,0,0,0,70,68,100,2.7302399002429377e+23,82.2,2.730238459091057e+23,78.0,0.0,79.0,1,49,50,180,26215,52429,0,0,0.0,0.0,0.0,0.0,-0.0,67.0,0.0,162057.094,0.0,977,0,1004,0,0,0,952,0,1027,0,928,0,790,0,782,0,822,0,7520,0.032,9.56924848823683e+19,0.0,0.0,784,16797,-0.0,162057.094,-114818.039,-0.0,0.133,6.909358625270745e+28,30.0,70.0,35,0.0,0.0,0.0,0.0,0.0,0.0,0.0,0.0,0.0,0.0,0.0,0.0,0.0,0.0,0.0,0.0,66.4,0,150,71,52,65476,0,300,0,0,8,20529,65476,0,0,44564,70.0,0.0,0.0,0.0,0.0,0.0
2026-09-10T21:29:34,ERR,ERR,ERR,ERR,ERR,ERR,ERR,ERR,ERR,ERR,ERR,ERR,ERR,ERR,ERR,ERR,ERR,ERR,ERR,ERR,ERR,ERR,ERR,ERR,ERR,ERR,ERR,ERR,ERR,ERR,ERR,ERR,ERR,ERR,ERR,ERR,ERR,ERR,ERR,ERR,ERR,ERR,ERR,ERR,ERR,ERR,ERR,ERR,ERR,ERR,ERR,ERR,ERR,ERR,ERR,ERR,ERR,ERR,ERR,ERR,ERR,ERR,ERR,ERR,ERR,ERR,ERR,ERR,ERR,ERR,ERR,ERR,ERR,ERR,ERR,ERR,ERR,ERR,ERR,ERR,ERR,ERR,ERR,ERR,ERR,ERR,ERR,ERR,ERR,ERR,ERR,ERR,ERR,ERR,ERR,ERR,ERR,ERR,ERR,ERR,ERR,ERR,ERR,ERR,ERR,ERR,ERR,ERR,ERR,ERR,ERR,ERR,ERR,ERR,ERR,ERR,ERR,ERR,ERR,ERR,ERR,ERR,ERR,ERR,ERR,0.0,0.0,2.6474835549302285e+23,0.0,0.0,1.3936040501711995e+18,7.805,0.0,0,0,4,0,7116,0.0,100,0.0,0.0,0.0,0.0,0.0,0,0,0,0,0.0,0,0,0,0,0,0,0,0,0,0,0,0,0,0,0,0,0,0,0,0,0,0,0,0,0,0,0,0,0,0,0,0,0,31,40,40,71,65476,0,300,0,0,8,21553,0.0,-107605600.0,0.0,0.0,0.0,0.0,0.0,0.0,0.0,0.0,0.0,0.0,0.0,0.0,0.0,0.0,0.0,0.0,0.0,0.0,0.0,0.0,-2.004,2.004,-0.0,-2.004,0.0,0.0,0.0,0.0,4491.0,131350.188,6924.0,0.0,0.0,0.0,2.718429120148166e+23,0.0,0.0,0.0,0.0,69,-152018521948160.0,-0.0,0.0,0.0,0.0,0.0,0.0,0.0,0.0,0,0,0,0.0,0.0,0.0,0.0,0.0,0.0,0.0,0.0,0.0,0.0,0.0,0.0,0.0,0.0,0.0,0.0,0,-107875648.0,69,0.0,138,0.0,-109183072.0,0,26215,17086,26215,17101,39322,17081,0,0,0,70,68,100,2.7302399002429377e+23,82.2,2.730238459091057e+23,78.0,0.0,79.0,1,49,50,180,26215,52429,0,0,0.0,0.0,0.0,0.0,-0.0,67.0,0.0,162057.094,0.0,977,0,1004,0,0,0,952,0,1027,0,928,0,790,0,782,0,822,0,7520,0.032,9.56924848823683e+19,0.0,0.0,784,16797,-0.0,162057.094,-114818.039,-0.0,0.133,6.909358625270745e+28,30.0,70.0,35,0.0,0.0,0.0,0.0,0.0,0.0,0.0,0.0,0.0,0.0,0.0,0.0,0.0,0.0,0.0,0.0,66.4,0,150,71,52,65476,0,300,0,0,8,20529,65476,0,0,44564,70.0,0.0,0.0,0.0,0.0,0.0
2026-09-10T21:29:35,ERR,ERR,ERR,ERR,ERR,ERR,ERR,ERR,ERR,ERR,ERR,ERR,ERR,ERR,ERR,ERR,ERR,ERR,ERR,ERR,ERR,ERR,ERR,ERR,ERR,ERR,ERR,ERR,ERR,ERR,ERR,ERR,ERR,ERR,ERR,ERR,ERR,ERR,ERR,ERR,ERR,ERR,ERR,ERR,ERR,ERR,ERR,ERR,ERR,ERR,ERR,ERR,ERR,ERR,ERR,ERR,ERR,ERR,ERR,ERR,ERR,ERR,ERR,ERR,ERR,ERR,ERR,ERR,ERR,ERR,ERR,ERR,ERR,ERR,ERR,ERR,ERR,ERR,ERR,ERR,ERR,ERR,ERR,ERR,ERR,ERR,ERR,ERR,ERR,ERR,ERR,ERR,ERR,ERR,ERR,ERR,ERR,ERR,ERR,ERR,ERR,ERR,ERR,ERR,ERR,ERR,ERR,ERR,ERR,ERR,ERR,ERR,ERR,ERR,ERR,ERR,ERR,ERR,ERR,ERR,ERR,ERR,ERR,ERR,ERR,0.0,0.0,2.6474835549302285e+23,0.0,0.0,1.3936040501711995e+18,7.805,0.0,0,0,4,0,7116,0.0,100,0.0,0.0,0.0,0.0,0.0,0,0,0,0,0.0,0,0,0,0,0,0,0,0,0,0,0,0,0,0,0,0,0,0,0,0,0,0,0,0,0,0,0,0,0,0,0,0,0,31,40,40,71,65476,0,300,0,0,8,21553,0.0,-107605600.0,0.0,0.0,0.0,0.0,0.0,0.0,0.0,0.0,0.0,0.0,0.0,0.0,0.0,0.0,0.0,0.0,0.0,0.0,0.0,0.0,-2.004,2.004,-0.0,-2.004,0.0,0.0,0.0,0.0,4492.0,8608165888.0,6922.0,0.0,0.0,0.0,2.718429120148166e+23,0.0,0.0,0.0,0.0,69,-1.905698635870372e+17,-0.0,0.0,0.0,0.0,0.0,0.0,0.0,0.0,0,0,0,0.0,0.0,0.0,0.0,0.0,0.0,0.0,0.0,0.0,0.0,0.0,0.0,0.0,0.0,0.0,0.0,0,-107875648.0,69,0.0,138,0.0,-109183072.0,0,26215,17086,26215,17101,39322,17081,0,0,0,70,68,100,2.7302399002429377e+23,82.2,2.730238459091057e+23,78.0,0.0,79.0,1,49,50,180,26215,52429,0,0,0.0,0.0,0.0,0.0,-0.0,67.0,0.0,162057.094,0.0,977,0,1004,0,0,0,952,0,1027,0,928,0,790,0,782,0,822,0,7520,0.032,9.684540638697515e+19,0.0,0.0,784,16797,-0.0,162057.094,-114818.039,-0.0,0.133,6.909358625270745e+28,30.0,70.0,35,0.0,0.0,0.0,0.0,0.0,0.0,0.0,0.0,0.0,0.0,0.0,0.0,0.0,0.0,0.0,0.0,66.4,0,150,71,52,65476,0,300,0,0,8,20529,65476,0,0,44564,70.0,0.0,0.0,0.0,0.0,0.0
2026-09-10T21:29:36,ERR,ERR,ERR,ERR,ERR,ERR,ERR,ERR,ERR,ERR,ERR,ERR,ERR,ERR,ERR,ERR,ERR,ERR,ERR,ERR,ERR,ERR,ERR,ERR,ERR,ERR,ERR,ERR,ERR,ERR,ERR,ERR,ERR,ERR,ERR,ERR,ERR,ERR,ERR,ERR,ERR,ERR,ERR,ERR,ERR,ERR,ERR,ERR,ERR,ERR,ERR,ERR,ERR,ERR,ERR,ERR,ERR,ERR,ERR,ERR,ERR,ERR,ERR,ERR,ERR,ERR,ERR,ERR,ERR,ERR,ERR,ERR,ERR,ERR,ERR,ERR,ERR,ERR,ERR,ERR,ERR,ERR,ERR,ERR,ERR,ERR,ERR,ERR,ERR,ERR,ERR,ERR,ERR,ERR,ERR,ERR,ERR,ERR,ERR,ERR,ERR,ERR,ERR,ERR,ERR,ERR,ERR,ERR,ERR,ERR,ERR,ERR,ERR,ERR,ERR,ERR,ERR,ERR,ERR,ERR,ERR,ERR,ERR,ERR,ERR,0.0,0.0,2.6474835549302285e+23,0.0,0.0,1.3936040501711995e+18,7.805,0.0,0,0,4,0,7116,0.0,100,0.0,0.0,0.0,0.0,0.0,0,0,0,0,0.0,0,0,0,0,0,0,0,0,0,0,0,0,0,0,0,0,0,0,0,0,0,0,0,0,0,0,0,0,0,0,0,0,0,31,40,40,71,65476,0,300,0,0,8,21553,0.0,-107605600.0,0.0,0.0,0.0,0.0,0.0,0.0,0.0,0.0,0.0,0.0,0.0,0.0,0.0,0.0,0.0,0.0,0.0,0.0,0.0,0.0,-2.004,2.004,-0.0,-2.004,0.0,0.0,0.0,0.0,4492.0,8608165888.0,6922.0,0.0,0.0,0.0,2.718429120148166e+23,0.0,0.0,0.0,0.0,69,-1.905698635870372e+17,-0.0,0.0,0.0,0.0,0.0,0.0,0.0,0.0,0,0,0,0.0,0.0,0.0,0.0,0.0,0.0,0.0,0.0,0.0,0.0,0.0,0.0,0.0,0.0,0.0,0.0,0,-107875648.0,69,0.0,138,0.0,-109183072.0,0,26215,17086,26215,17101,39322,17081,0,0,0,70,68,100,2.7302399002429377e+23,82.2,2.730238459091057e+23,78.0,0.0,79.0,1,49,50,180,26215,52429,0,0,0.0,0.0,0.0,0.0,-0.0,67.0,0.0,162057.094,0.0,977,0,1004,0,0,0,952,0,1027,0,928,0,790,0,782,0,822,0,7520,0.032,9.684540638697515e+19,0.0,0.0,784,16797,-0.0,162057.094,-114818.039,-0.0,0.133,6.909358625270745e+28,30.0,70.0,35,0.0,0.0,0.0,0.0,0.0,0.0,0.0,0.0,0.0,0.0,0.0,0.0,0.0,0.0,0.0,0.0,66.4,0,150,71,52,65476,0,300,0,0,8,20529,65476,0,0,44564,70.0,0.0,0.0,0.0,0.0,0.0
2026-09-10T21:29:37,ERR,ERR,ERR,ERR,ERR,ERR,ERR,ERR,ERR,ERR,ERR,ERR,ERR,ERR,ERR,ERR,ERR,ERR,ERR,ERR,ERR,ERR,ERR,ERR,ERR,ERR,ERR,ERR,ERR,ERR,ERR,ERR,ERR,ERR,ERR,ERR,ERR,ERR,ERR,ERR,ERR,ERR,ERR,ERR,ERR,ERR,ERR,ERR,ERR,ERR,ERR,ERR,ERR,ERR,ERR,ERR,ERR,ERR,ERR,ERR,ERR,ERR,ERR,ERR,ERR,ERR,ERR,ERR,ERR,ERR,ERR,ERR,ERR,ERR,ERR,ERR,ERR,ERR,ERR,ERR,ERR,ERR,ERR,ERR,ERR,ERR,ERR,ERR,ERR,ERR,ERR,ERR,ERR,ERR,ERR,ERR,ERR,ERR,ERR,ERR,ERR,ERR,ERR,ERR,ERR,ERR,ERR,ERR,ERR,ERR,ERR,ERR,ERR,ERR,ERR,ERR,ERR,ERR,ERR,ERR,ERR,ERR,ERR,ERR,ERR,0.0,0.0,2.6474835549302285e+23,0.0,0.0,1.3936040501711995e+18,7.805,0.0,0,0,4,0,7116,0.0,100,0.0,0.0,0.0,0.0,0.0,0,0,0,0,0.0,0,0,0,0,0,0,0,0,0,0,0,0,0,0,0,0,0,0,0,0,0,0,0,0,0,0,0,0,0,0,0,0,0,31,40,40,71,65476,0,300,0,0,8,21553,0.0,-107605600.0,0.0,0.0,0.0,0.0,0.0,0.0,0.0,0.0,0.0,0.0,0.0,0.0,0.0,0.0,0.0,0.0,0.0,0.0,0.0,0.0,-2.004,2.004,-0.0,-2.004,0.0,0.0,0.0,0.0,4492.0,8608165888.0,6922.0,0.0,0.0,0.0,2.718429120148166e+23,0.0,0.0,0.0,0.0,69,-1.905698635870372e+17,-0.0,0.0,0.0,0.0,0.0,0.0,0.0,0.0,0,0,0,0.0,0.0,0.0,0.0,0.0,0.0,0.0,0.0,0.0,0.0,0.0,0.0,0.0,0.0,0.0,0.0,0,-107875648.0,69,0.0,138,0.0,-109183072.0,0,26215,17086,26215,17101,39322,17081,0,0,0,70,68,100,2.7302399002429377e+23,82.2,2.730238459091057e+23,78.0,0.0,79.0,1,49,50,180,26215,52429,0,0,0.0,0.0,0.0,0.0,-0.0,67.0,0.0,162057.094,0.0,977,0,1004,0,0,0,952,0,1027,0,928,0,790,0,782,0,822,0,7520,0.032,9.684540638697515e+19,0.0,0.0,784,16797,-0.0,162057.094,-114818.039,-0.0,0.133,6.909358625270745e+28,30.0,70.0,35,0.0,0.0,0.0,0.0,0.0,0.0,0.0,0.0,0.0,0.0,0.0,0.0,0.0,0.0,0.0,0.0,66.4,0,150,71,52,65476,0,300,0,0,8,20529,65476,0,0,44564,70.0,0.0,0.0,0.0,0.0,0.0
2026-09-10T21:29:38,ERR,ERR,ERR,ERR,ERR,ERR,ERR,ERR,ERR,ERR,ERR,ERR,ERR,ERR,ERR,ERR,ERR,ERR,ERR,ERR,ERR,ERR,ERR,ERR,ERR,ERR,ERR,ERR,ERR,ERR,ERR,ERR,ERR,ERR,ERR,ERR,ERR,ERR,ERR,ERR,ERR,ERR,ERR,ERR,ERR,ERR,ERR,ERR,ERR,ERR,ERR,ERR,ERR,ERR,ERR,ERR,ERR,ERR,ERR,ERR,ERR,ERR,ERR,ERR,ERR,ERR,ERR,ERR,ERR,ERR,ERR,ERR,ERR,ERR,ERR,ERR,ERR,ERR,ERR,ERR,ERR,ERR,ERR,ERR,ERR,ERR,ERR,ERR,ERR,ERR,ERR,ERR,ERR,ERR,ERR,ERR,ERR,ERR,ERR,ERR,ERR,ERR,ERR,ERR,ERR,ERR,ERR,ERR,ERR,ERR,ERR,ERR,ERR,ERR,ERR,ERR,ERR,ERR,ERR,ERR,ERR,ERR,ERR,ERR,ERR,0.0,0.0,2.6474835549302285e+23,0.0,0.0,1.3936040501711995e+18,7.805,0.0,0,0,4,0,7116,0.0,100,0.0,0.0,0.0,0.0,0.0,0,0,0,0,0.0,0,0,0,0,0,0,0,0,0,0,0,0,0,0,0,0,0,0,0,0,0,0,0,0,0,0,0,0,0,0,0,0,0,31,40,40,71,65476,0,300,0,0,8,21553,0.0,-107605600.0,0.0,0.0,0.0,0.0,0.0,0.0,0.0,0.0,0.0,0.0,0.0,0.0,0.0,0.0,0.0,0.0,0.0,0.0,0.0,0.0,-2.004,2.004,-0.0,-2.004,0.0,0.0,0.0,0.0,4492.0,8608165888.0,6922.0,0.0,0.0,0.0,2.718429120148166e+23,0.0,0.0,0.0,0.0,69,-1.905698635870372e+17,-0.0,0.0,0.0,0.0,0.0,0.0,0.0,0.0,0,0,0,0.0,0.0,0.0,0.0,0.0,0.0,0.0,0.0,0.0,0.0,0.0,0.0,0.0,0.0,0.0,0.0,0,-107875648.0,69,0.0,138,0.0,-109183072.0,0,26215,17086,26215,17101,39322,17081,0,0,0,70,68,100,2.7302399002429377e+23,82.2,2.730238459091057e+23,78.0,0.0,79.0,1,49,50,180,26215,52429,0,0,0.0,0.0,0.0,0.0,-0.0,67.0,0.0,162057.094,0.0,977,0,1004,0,0,0,952,0,1027,0,928,0,790,0,782,0,822,0,7520,0.032,9.684540638697515e+19,0.0,0.0,784,16797,-0.0,162057.094,-114818.039,-0.0,0.133,6.909358625270745e+28,30.0,70.0,35,0.0,0.0,0.0,0.0,0.0,0.0,0.0,0.0,0.0,0.0,0.0,0.0,0.0,0.0,0.0,0.0,66.4,0,150,71,52,65476,0,300,0,0,8,20529,65476,0,0,44564,70.0,0.0,0.0,0.0,0.0,0.0
2026-09-10T21:29:39,ERR,ERR,ERR,ERR,ERR,ERR,ERR,ERR,ERR,ERR,ERR,ERR,ERR,ERR,ERR,ERR,ERR,ERR,ERR,ERR,ERR,ERR,ERR,ERR,ERR,ERR,ERR,ERR,ERR,ERR,ERR,ERR,ERR,ERR,ERR,ERR,ERR,ERR,ERR,ERR,ERR,ERR,ERR,ERR,ERR,ERR,ERR,ERR,ERR,ERR,ERR,ERR,ERR,ERR,ERR,ERR,ERR,ERR,ERR,ERR,ERR,ERR,ERR,ERR,ERR,ERR,ERR,ERR,ERR,ERR,ERR,ERR,ERR,ERR,ERR,ERR,ERR,ERR,ERR,ERR,ERR,ERR,ERR,ERR,ERR,ERR,ERR,ERR,ERR,ERR,ERR,ERR,ERR,ERR,ERR,ERR,ERR,ERR,ERR,ERR,ERR,ERR,ERR,ERR,ERR,ERR,ERR,ERR,ERR,ERR,ERR,ERR,ERR,ERR,ERR,ERR,ERR,ERR,ERR,ERR,ERR,ERR,ERR,ERR,ERR,0.0,0.0,2.6474835549302285e+23,0.0,0.0,1.3936040501711995e+18,7.805,0.0,0,0,4,0,7116,0.0,100,0.0,0.0,0.0,0.0,0.0,0,0,0,0,0.0,0,0,0,0,0,0,0,0,0,0,0,0,0,0,0,0,0,0,0,0,0,0,0,0,0,0,0,0,0,0,0,0,0,31,40,40,71,65476,0,300,0,0,8,21553,0.0,-107605600.0,0.0,0.0,0.0,0.0,0.0,0.0,0.0,0.0,0.0,0.0,0.0,0.0,0.0,0.0,0.0,0.0,0.0,0.0,0.0,0.0,-2.004,2.004,-0.0,-2.004,0.0,0.0,0.0,0.0,4492.0,8608165888.0,6922.0,0.0,0.0,0.0,2.718429120148166e+23,0.0,0.0,0.0,0.0,69,-1.905698635870372e+17,-0.0,0.0,0.0,0.0,0.0,0.0,0.0,0.0,0,0,0,0.0,0.0,0.0,0.0,0.0,0.0,0.0,0.0,0.0,0.0,0.0,0.0,0.0,0.0,0.0,0.0,0,-107875648.0,69,0.0,138,0.0,-109183072.0,0,26215,17086,26215,17101,39322,17081,0,0,0,70,68,100,2.7302399002429377e+23,82.2,2.730238459091057e+23,78.0,0.0,79.0,1,49,50,180,26215,52429,0,0,0.0,0.0,0.0,0.0,-0.0,67.0,0.0,162057.094,0.0,977,0,1004,0,0,0,952,0,1027,0,928,0,790,0,782,0,822,0,7520,0.032,9.684540638697515e+19,0.0,0.0,784,16797,-0.0,162057.094,-114818.039,-0.0,0.133,6.909358625270745e+28,30.0,70.0,35,0.0,0.0,0.0,0.0,0.0,0.0,0.0,0.0,0.0,0.0,0.0,0.0,0.0,0.0,0.0,0.0,66.4,0,150,71,52,65476,0,300,0,0,8,20529,65476,0,0,44564,70.0,0.0,0.0,0.0,0.0,0.0
2026-09-10T21:29:40,ERR,ERR,ERR,ERR,ERR,ERR,ERR,ERR,ERR,ERR,ERR,ERR,ERR,ERR,ERR,ERR,ERR,ERR,ERR,ERR,ERR,ERR,ERR,ERR,ERR,ERR,ERR,ERR,ERR,ERR,ERR,ERR,ERR,ERR,ERR,ERR,ERR,ERR,ERR,ERR,ERR,ERR,ERR,ERR,ERR,ERR,ERR,ERR,ERR,ERR,ERR,ERR,ERR,ERR,ERR,ERR,ERR,ERR,ERR,ERR,ERR,ERR,ERR,ERR,ERR,ERR,ERR,ERR,ERR,ERR,ERR,ERR,ERR,ERR,ERR,ERR,ERR,ERR,ERR,ERR,ERR,ERR,ERR,ERR,ERR,ERR,ERR,ERR,ERR,ERR,ERR,ERR,ERR,ERR,ERR,ERR,ERR,ERR,ERR,ERR,ERR,ERR,ERR,ERR,ERR,ERR,ERR,ERR,ERR,ERR,ERR,ERR,ERR,ERR,ERR,ERR,ERR,ERR,ERR,ERR,ERR,ERR,ERR,ERR,ERR,0.0,0.0,2.6474835549302285e+23,0.0,0.0,1.3936040501711995e+18,7.805,0.0,0,0,4,0,7116,0.0,100,0.0,0.0,0.0,0.0,0.0,0,0,0,0,0.0,0,0,0,0,0,0,0,0,0,0,0,0,0,0,0,0,0,0,0,0,0,0,0,0,0,0,0,0,0,0,0,0,0,31,40,40,71,65476,0,300,0,0,8,21553,0.0,-107605600.0,0.0,0.0,0.0,0.0,0.0,0.0,0.0,0.0,0.0,0.0,0.0,0.0,0.0,0.0,0.0,0.0,0.0,0.0,0.0,0.0,-2.004,2.004,-0.0,-2.004,0.0,0.0,0.0,0.0,4492.0,8608165888.0,6922.0,0.0,0.0,0.0,2.718429120148166e+23,0.0,0.0,0.0,0.0,69,-1.905698635870372e+17,-0.0,0.0,0.0,0.0,0.0,0.0,0.0,0.0,0,0,0,0.0,0.0,0.0,0.0,0.0,0.0,0.0,0.0,0.0,0.0,0.0,0.0,0.0,0.0,0.0,0.0,0,-107875648.0,69,0.0,138,0.0,-109183072.0,0,13107,17086,26215,17101,39322,17081,0,0,0,70,68,100,2.7302399002429377e+23,82.2,2.730238459091057e+23,78.0,0.0,79.0,1,49,50,180,26215,52429,0,0,0.0,0.0,0.0,0.0,-0.0,67.0,0.0,162057.094,0.0,976,0,1004,0,0,0,951,0,1027,0,928,0,790,0,782,0,822,0,7520,0.032,9.56924848823683e+19,0.0,0.0,784,16797,-0.0,162057.094,-114818.039,-0.0,0.133,6.909358625270745e+28,30.0,70.0,35,0.0,0.0,0.0,0.0,0.0,0.0,0.0,0.0,0.0,0.0,0.0,0.0,0.0,0.0,0.0,0.0,66.4,0,150,71,52,65476,0,300,0,0,8,20529,65476,0,0,44564,70.0,0.0,0.0,0.0,0.0,0.0
2026-09-10T21:29:41,ERR,ERR,ERR,ERR,ERR,ERR,ERR,ERR,ERR,ERR,ERR,ERR,ERR,ERR,ERR,ERR,ERR,ERR,ERR,ERR,ERR,ERR,ERR,ERR,ERR,ERR,ERR,ERR,ERR,ERR,ERR,ERR,ERR,ERR,ERR,ERR,ERR,ERR,ERR,ERR,ERR,ERR,ERR,ERR,ERR,ERR,ERR,ERR,ERR,ERR,ERR,ERR,ERR,ERR,ERR,ERR,ERR,ERR,ERR,ERR,ERR,ERR,ERR,ERR,ERR,ERR,ERR,ERR,ERR,ERR,ERR,ERR,ERR,ERR,ERR,ERR,ERR,ERR,ERR,ERR,ERR,ERR,ERR,ERR,ERR,ERR,ERR,ERR,ERR,ERR,ERR,ERR,ERR,ERR,ERR,ERR,ERR,ERR,ERR,ERR,ERR,ERR,ERR,ERR,ERR,ERR,ERR,ERR,ERR,ERR,ERR,ERR,ERR,ERR,ERR,ERR,ERR,ERR,ERR,ERR,ERR,ERR,ERR,ERR,ERR,0.0,0.0,2.6474835549302285e+23,0.0,0.0,1.3936040501711995e+18,7.805,0.0,0,0,4,0,7116,0.0,100,0.0,0.0,0.0,0.0,0.0,0,0,0,0,0.0,0,0,0,0,0,0,0,0,0,0,0,0,0,0,0,0,0,0,0,0,0,0,0,0,0,0,0,0,0,0,0,0,0,31,40,40,71,65476,0,300,0,0,8,21553,0.0,-107605600.0,0.0,0.0,0.0,0.0,0.0,0.0,0.0,0.0,0.0,0.0,0.0,0.0,0.0,0.0,0.0,0.0,0.0,0.0,0.0,0.0,-2.004,2.004,-0.0,-2.004,0.0,0.0,0.0,0.0,4492.0,8608165888.0,6922.0,0.0,0.0,0.0,2.718429120148166e+23,0.0,0.0,0.0,0.0,69,-1.905698635870372e+17,-0.0,0.0,0.0,0.0,0.0,0.0,0.0,0.0,0,0,0,0.0,0.0,0.0,0.0,0.0,0.0,0.0,0.0,0.0,0.0,0.0,0.0,0.0,0.0,0.0,0.0,0,-107875648.0,69,0.0,138,0.0,-109183072.0,0,13107,17086,26215,17101,39322,17081,0,0,0,70,68,100,2.7302399002429377e+23,82.2,2.730238459091057e+23,78.0,0.0,79.0,1,49,50,180,26215,52429,0,0,0.0,0.0,0.0,0.0,-0.0,67.0,0.0,162057.094,0.0,976,0,1004,0,0,0,951,0,1027,0,928,0,790,0,782,0,822,0,7520,0.032,9.56924848823683e+19,0.0,0.0,784,16797,-0.0,162057.094,-114818.039,-0.0,0.133,6.909358625270745e+28,30.0,70.0,35,0.0,0.0,0.0,0.0,0.0,0.0,0.0,0.0,0.0,0.0,0.0,0.0,0.0,0.0,0.0,0.0,66.4,0,150,71,52,65476,0,300,0,0,8,20529,65476,0,0,44564,70.0,0.0,0.0,0.0,0.0,0.0
2026-09-10T21:29:42,ERR,ERR,ERR,ERR,ERR,ERR,ERR,ERR,ERR,ERR,ERR,ERR,ERR,ERR,ERR,ERR,ERR,ERR,ERR,ERR,ERR,ERR,ERR,ERR,ERR,ERR,ERR,ERR,ERR,ERR,ERR,ERR,ERR,ERR,ERR,ERR,ERR,ERR,ERR,ERR,ERR,ERR,ERR,ERR,ERR,ERR,ERR,ERR,ERR,ERR,ERR,ERR,ERR,ERR,ERR,ERR,ERR,ERR,ERR,ERR,ERR,ERR,ERR,ERR,ERR,ERR,ERR,ERR,ERR,ERR,ERR,ERR,ERR,ERR,ERR,ERR,ERR,ERR,ERR,ERR,ERR,ERR,ERR,ERR,ERR,ERR,ERR,ERR,ERR,ERR,ERR,ERR,ERR,ERR,ERR,ERR,ERR,ERR,ERR,ERR,ERR,ERR,ERR,ERR,ERR,ERR,ERR,ERR,ERR,ERR,ERR,ERR,ERR,ERR,ERR,ERR,ERR,ERR,ERR,ERR,ERR,ERR,ERR,ERR,ERR,0.0,0.0,0.0,0.0,0.0,1.3936040501711995e+18,7.805,0.0,0,0,4,0,7116,0.0,100,0.0,0.0,0.0,0.0,0.0,0,0,0,0,0.0,0,0,0,0,0,0,0,0,0,0,0,0,0,0,0,0,0,0,0,0,0,0,0,0,0,0,0,0,0,0,0,0,0,31,40,40,71,65476,0,300,0,0,8,21553,0.0,-107605600.0,0.0,0.0,0.0,0.0,0.0,0.0,0.0,0.0,0.0,0.0,0.0,0.0,0.0,0.0,0.0,0.0,0.0,0.0,0.0,0.0,-2.004,2.004,-0.0,-2.004,0.0,0.0,0.0,0.0,4490.0,131350.188,6921.0,0.0,0.0,0.0,2.718429120148166e+23,0.0,0.0,0.0,0.0,69,-0.059,-0.0,0.0,0.0,0.0,0.0,0.0,0.0,0.0,0,0,0,0.0,0.0,0.0,0.0,0.0,0.0,0.0,0.0,0.0,0.0,0.0,0.0,0.0,0.0,0.0,0.0,0,-107875648.0,69,0.0,138,0.0,-109183072.0,0,13107,17086,26215,17101,39322,17081,0,0,0,70,68,100,2.7302399002429377e+23,82.2,2.730238459091057e+23,78.0,0.0,79.0,1,49,50,180,26215,52429,0,0,0.0,0.0,0.0,0.0,-0.0,67.0,0.0,162057.094,0.0,976,0,1004,0,0,0,951,0,1027,0,928,0,790,0,782,0,822,0,7520,0.032,9.56924848823683e+19,0.0,0.0,784,16797,-0.0,162057.094,-114818.039,-0.0,0.133,6.909358625270745e+28,30.0,70.0,35,0.0,0.0,0.0,0.0,0.0,0.0,0.0,0.0,0.0,0.0,0.0,0.0,0.0,0.0,0.0,0.0,66.4,0,150,71,52,65476,0,300,0,0,8,20529,65476,0,0,44564,70.0,0.0,0.0,0.0,0.0,0.0
2026-09-10T21:29:43,ERR,ERR,ERR,ERR,ERR,ERR,ERR,ERR,ERR,ERR,ERR,ERR,ERR,ERR,ERR,ERR,ERR,ERR,ERR,ERR,ERR,ERR,ERR,ERR,ERR,ERR,ERR,ERR,ERR,ERR,ERR,ERR,ERR,ERR,ERR,ERR,ERR,ERR,ERR,ERR,ERR,ERR,ERR,ERR,ERR,ERR,ERR,ERR,ERR,ERR,ERR,ERR,ERR,ERR,ERR,ERR,ERR,ERR,ERR,ERR,ERR,ERR,ERR,ERR,ERR,ERR,ERR,ERR,ERR,ERR,ERR,ERR,ERR,ERR,ERR,ERR,ERR,ERR,ERR,ERR,ERR,ERR,ERR,ERR,ERR,ERR,ERR,ERR,ERR,ERR,ERR,ERR,ERR,ERR,ERR,ERR,ERR,ERR,ERR,ERR,ERR,ERR,ERR,ERR,ERR,ERR,ERR,ERR,ERR,ERR,ERR,ERR,ERR,ERR,ERR,ERR,ERR,ERR,ERR,ERR,ERR,ERR,ERR,ERR,ERR,0.0,0.0,0.0,0.0,0.0,1.3936040501711995e+18,7.805,0.0,0,0,4,0,7116,0.0,100,0.0,0.0,0.0,0.0,0.0,0,0,0,0,0.0,0,0,0,0,0,0,0,0,0,0,0,0,0,0,0,0,0,0,0,0,0,0,0,0,0,0,0,0,0,0,0,0,0,31,40,40,71,65476,0,300,0,0,8,21553,0.0,-107605600.0,0.0,0.0,0.0,0.0,0.0,0.0,0.0,0.0,0.0,0.0,0.0,0.0,0.0,0.0,0.0,0.0,0.0,0.0,0.0,0.0,-2.004,2.004,-0.0,-2.004,0.0,0.0,0.0,0.0,4490.0,131350.188,6921.0,0.0,0.0,0.0,2.718429120148166e+23,0.0,0.0,0.0,0.0,69,-0.059,-0.0,0.0,0.0,0.0,0.0,0.0,0.0,0.0,0,0,0,0.0,0.0,0.0,0.0,0.0,0.0,0.0,0.0,0.0,0.0,0.0,0.0,0.0,0.0,0.0,0.0,0,-107875648.0,69,0.0,138,0.0,-109183072.0,0,13107,17086,26215,17101,39322,17081,0,0,0,70,68,100,2.7302399002429377e+23,82.2,2.730238459091057e+23,78.0,0.0,79.0,1,49,50,180,26215,52429,0,0,0.0,0.0,0.0,0.0,-0.0,67.0,0.0,162057.094,0.0,976,0,1004,0,0,0,951,0,1027,0,928,0,790,0,782,0,822,0,7520,0.032,9.56924848823683e+19,0.0,0.0,784,16797,-0.0,162057.094,-114818.039,-0.0,0.133,6.909358625270745e+28,30.0,70.0,35,0.0,0.0,0.0,0.0,0.0,0.0,0.0,0.0,0.0,0.0,0.0,0.0,0.0,0.0,0.0,0.0,66.4,0,150,71,52,65476,0,300,0,0,8,20529,65476,0,0,44564,70.0,0.0,0.0,0.0,0.0,0.0
2026-09-10T21:29:44,ERR,ERR,ERR,ERR,ERR,ERR,ERR,ERR,ERR,ERR,ERR,ERR,ERR,ERR,ERR,ERR,ERR,ERR,ERR,ERR,ERR,ERR,ERR,ERR,ERR,ERR,ERR,ERR,ERR,ERR,ERR,ERR,ERR,ERR,ERR,ERR,ERR,ERR,ERR,ERR,ERR,ERR,ERR,ERR,ERR,ERR,ERR,ERR,ERR,ERR,ERR,ERR,ERR,ERR,ERR,ERR,ERR,ERR,ERR,ERR,ERR,ERR,ERR,ERR,ERR,ERR,ERR,ERR,ERR,ERR,ERR,ERR,ERR,ERR,ERR,ERR,ERR,ERR,ERR,ERR,ERR,ERR,ERR,ERR,ERR,ERR,ERR,ERR,ERR,ERR,ERR,ERR,ERR,ERR,ERR,ERR,ERR,ERR,ERR,ERR,ERR,ERR,ERR,ERR,ERR,ERR,ERR,ERR,ERR,ERR,ERR,ERR,ERR,ERR,ERR,ERR,ERR,ERR,ERR,ERR,ERR,ERR,ERR,ERR,ERR,0.0,0.0,0.0,0.0,0.0,1.3936040501711995e+18,7.805,0.0,0,0,4,0,7116,0.0,100,0.0,0.0,0.0,0.0,0.0,0,0,0,0,0.0,0,0,0,0,0,0,0,0,0,0,0,0,0,0,0,0,0,0,0,0,0,0,0,0,0,0,0,0,0,0,0,0,0,31,40,40,71,65476,0,300,0,0,8,21553,0.0,-107605600.0,0.0,0.0,0.0,0.0,0.0,0.0,0.0,0.0,0.0,0.0,0.0,0.0,0.0,0.0,0.0,0.0,0.0,0.0,0.0,0.0,-2.004,2.004,-0.0,-2.004,0.0,0.0,0.0,0.0,4490.0,131350.188,6921.0,0.0,0.0,0.0,2.718429120148166e+23,0.0,0.0,0.0,0.0,69,-0.059,-0.0,0.0,0.0,0.0,0.0,0.0,0.0,0.0,0,0,0,0.0,0.0,0.0,0.0,0.0,0.0,0.0,0.0,0.0,0.0,0.0,0.0,0.0,0.0,0.0,0.0,0,-107875648.0,69,0.0,138,0.0,-109183072.0,0,13107,17086,26215,17101,39322,17081,0,0,0,70,68,100,2.7302399002429377e+23,82.2,2.730238459091057e+23,78.0,0.0,79.0,1,49,50,180,26215,52429,0,0,0.0,0.0,0.0,0.0,-0.0,67.0,0.0,162057.094,0.0,976,0,1004,0,0,0,951,0,1027,0,928,0,790,0,782,0,822,0,7520,0.032,9.56924848823683e+19,0.0,0.0,784,16797,-0.0,162057.094,-114818.039,-0.0,0.133,6.909358625270745e+28,30.0,70.0,35,0.0,0.0,0.0,0.0,0.0,0.0,0.0,0.0,0.0,0.0,0.0,0.0,0.0,0.0,0.0,0.0,66.4,0,150,71,52,65476,0,300,0,0,8,20529,65476,0,0,44564,70.0,0.0,0.0,0.0,0.0,0.0
2026-09-10T21:29:45,ERR,ERR,ERR,ERR,ERR,ERR,ERR,ERR,ERR,ERR,ERR,ERR,ERR,ERR,ERR,ERR,ERR,ERR,ERR,ERR,ERR,ERR,ERR,ERR,ERR,ERR,ERR,ERR,ERR,ERR,ERR,ERR,ERR,ERR,ERR,ERR,ERR,ERR,ERR,ERR,ERR,ERR,ERR,ERR,ERR,ERR,ERR,ERR,ERR,ERR,ERR,ERR,ERR,ERR,ERR,ERR,ERR,ERR,ERR,ERR,ERR,ERR,ERR,ERR,ERR,ERR,ERR,ERR,ERR,ERR,ERR,ERR,ERR,ERR,ERR,ERR,ERR,ERR,ERR,ERR,ERR,ERR,ERR,ERR,ERR,ERR,ERR,ERR,ERR,ERR,ERR,ERR,ERR,ERR,ERR,ERR,ERR,ERR,ERR,ERR,ERR,ERR,ERR,ERR,ERR,ERR,ERR,ERR,ERR,ERR,ERR,ERR,ERR,ERR,ERR,ERR,ERR,ERR,ERR,ERR,ERR,ERR,ERR,ERR,ERR,0.0,0.0,0.0,0.0,0.0,1.3936040501711995e+18,7.805,0.0,0,0,4,0,7116,0.0,100,0.0,0.0,0.0,0.0,0.0,0,0,0,0,0.0,0,0,0,0,0,0,0,0,0,0,0,0,0,0,0,0,0,0,0,0,0,0,0,0,0,0,0,0,0,0,0,0,0,31,40,40,71,65476,0,300,0,0,8,21553,0.0,-107605600.0,0.0,0.0,0.0,0.0,0.0,0.0,0.0,0.0,0.0,0.0,0.0,0.0,0.0,0.0,0.0,0.0,0.0,0.0,0.0,0.0,-2.004,2.004,-0.0,-2.004,0.0,0.0,0.0,0.0,4490.0,131350.188,6921.0,0.0,0.0,0.0,2.718429120148166e+23,0.0,0.0,0.0,0.0,69,-0.059,-0.0,0.0,0.0,0.0,0.0,0.0,0.0,0.0,0,0,0,0.0,0.0,0.0,0.0,0.0,0.0,0.0,0.0,0.0,0.0,0.0,0.0,0.0,0.0,0.0,0.0,0,-107875648.0,69,0.0,138,0.0,-109183072.0,0,13107,17086,26215,17101,39322,17081,0,0,0,70,68,100,2.7302399002429377e+23,82.2,2.730238459091057e+23,78.0,0.0,79.0,1,49,50,180,26215,52429,0,0,0.0,0.0,0.0,0.0,-0.0,67.0,0.0,162057.094,0.0,976,0,1004,0,0,0,951,0,1027,0,928,0,790,0,782,0,822,0,7520,0.032,9.56924848823683e+19,0.0,0.0,784,16797,-0.0,162057.094,-114818.039,-0.0,0.133,6.909358625270745e+28,30.0,70.0,35,0.0,0.0,0.0,0.0,0.0,0.0,0.0,0.0,0.0,0.0,0.0,0.0,0.0,0.0,0.0,0.0,66.4,0,150,71,52,65476,0,300,0,0,8,20529,65476,0,0,44564,70.0,0.0,0.0,0.0,0.0,0.0
2026-09-10T21:29:46,ERR,ERR,ERR,ERR,ERR,ERR,ERR,ERR,ERR,ERR,ERR,ERR,ERR,ERR,ERR,ERR,ERR,ERR,ERR,ERR,ERR,ERR,ERR,ERR,ERR,ERR,ERR,ERR,ERR,ERR,ERR,ERR,ERR,ERR,ERR,ERR,ERR,ERR,ERR,ERR,ERR,ERR,ERR,ERR,ERR,ERR,ERR,ERR,ERR,ERR,ERR,ERR,ERR,ERR,ERR,ERR,ERR,ERR,ERR,ERR,ERR,ERR,ERR,ERR,ERR,ERR,ERR,ERR,ERR,ERR,ERR,ERR,ERR,ERR,ERR,ERR,ERR,ERR,ERR,ERR,ERR,ERR,ERR,ERR,ERR,ERR,ERR,ERR,ERR,ERR,ERR,ERR,ERR,ERR,ERR,ERR,ERR,ERR,ERR,ERR,ERR,ERR,ERR,ERR,ERR,ERR,ERR,ERR,ERR,ERR,ERR,ERR,ERR,ERR,ERR,ERR,ERR,ERR,ERR,ERR,ERR,ERR,ERR,ERR,ERR,0.0,0.0,0.0,0.0,0.0,1.3936040501711995e+18,7.805,0.0,0,0,4,0,7116,0.0,100,0.0,0.0,0.0,0.0,0.0,0,0,0,0,0.0,0,0,0,0,0,0,0,0,0,0,0,0,0,0,0,0,0,0,0,0,0,0,0,0,0,0,0,0,0,0,0,0,0,31,40,40,71,65476,0,300,0,0,8,21553,0.0,-107605600.0,0.0,0.0,0.0,0.0,0.0,0.0,0.0,0.0,0.0,0.0,0.0,0.0,0.0,0.0,0.0,0.0,0.0,0.0,0.0,0.0,-2.004,2.004,-0.0,-2.004,0.0,0.0,0.0,0.0,4490.0,131350.188,6921.0,0.0,0.0,0.0,2.718429120148166e+23,0.0,0.0,0.0,0.0,69,-0.059,-0.0,0.0,0.0,0.0,0.0,0.0,0.0,0.0,0,0,0,0.0,0.0,0.0,0.0,0.0,0.0,0.0,0.0,0.0,0.0,0.0,0.0,0.0,0.0,0.0,0.0,0,-107875648.0,69,0.0,138,0.0,-109183072.0,0,26215,17086,26215,17101,39322,17081,0,0,0,70,68,100,2.7302399002429377e+23,82.2,2.730238459091057e+23,78.0,0.0,79.0,1,49,50,180,13107,52429,0,0,0.0,0.0,0.0,0.0,-0.0,67.0,0.0,162057.094,0.0,976,0,1004,0,0,0,951,0,1027,0,928,0,790,0,782,0,822,0,7520,0.032,9.56924848823683e+19,0.0,0.0,784,16797,-0.0,162057.094,-114818.039,-0.0,0.133,6.909358625270745e+28,30.0,70.0,35,0.0,0.0,0.0,0.0,0.0,0.0,0.0,0.0,0.0,0.0,0.0,0.0,0.0,0.0,0.0,0.0,66.4,0,150,71,52,65476,0,300,0,0,8,20529,65476,0,0,44564,70.0,0.0,0.0,0.0,0.0,0.0
2026-09-10T21:29:47,ERR,ERR,ERR,ERR,ERR,ERR,ERR,ERR,ERR,ERR,ERR,ERR,ERR,ERR,ERR,ERR,ERR,ERR,ERR,ERR,ERR,ERR,ERR,ERR,ERR,ERR,ERR,ERR,ERR,ERR,ERR,ERR,ERR,ERR,ERR,ERR,ERR,ERR,ERR,ERR,ERR,ERR,ERR,ERR,ERR,ERR,ERR,ERR,ERR,ERR,ERR,ERR,ERR,ERR,ERR,ERR,ERR,ERR,ERR,ERR,ERR,ERR,ERR,ERR,ERR,ERR,ERR,ERR,ERR,ERR,ERR,ERR,ERR,ERR,ERR,ERR,ERR,ERR,ERR,ERR,ERR,ERR,ERR,ERR,ERR,ERR,ERR,ERR,ERR,ERR,ERR,ERR,ERR,ERR,ERR,ERR,ERR,ERR,ERR,ERR,ERR,ERR,ERR,ERR,ERR,ERR,ERR,ERR,ERR,ERR,ERR,ERR,ERR,ERR,ERR,ERR,ERR,ERR,ERR,ERR,ERR,ERR,ERR,ERR,ERR,0.0,0.0,0.0,0.0,0.0,1.3936040501711995e+18,7.805,0.0,0,0,4,0,7116,0.0,100,0.0,0.0,0.0,0.0,0.0,0,0,0,0,0.0,0,0,0,0,0,0,0,0,0,0,0,0,0,0,0,0,0,0,0,0,0,0,0,0,0,0,0,0,0,0,0,0,0,31,40,40,71,65476,0,300,0,0,8,21553,0.0,-107605600.0,0.0,0.0,0.0,0.0,0.0,0.0,0.0,0.0,0.0,0.0,0.0,0.0,0.0,0.0,0.0,0.0,0.0,0.0,0.0,0.0,-2.004,2.004,-0.0,-2.004,0.0,0.0,0.0,0.0,4490.0,131350.188,6921.0,0.0,0.0,0.0,2.718429120148166e+23,0.0,0.0,0.0,0.0,69,-0.059,-0.0,0.0,0.0,0.0,0.0,0.0,0.0,0.0,0,0,0,0.0,0.0,0.0,0.0,0.0,0.0,0.0,0.0,0.0,0.0,0.0,0.0,0.0,0.0,0.0,0.0,0,-107875648.0,69,0.0,138,0.0,-109183072.0,0,26215,17086,26215,17101,39322,17081,0,0,0,70,68,100,2.7302399002429377e+23,82.2,2.730238459091057e+23,78.0,0.0,79.0,1,49,50,180,13107,52429,0,0,0.0,0.0,0.0,0.0,-0.0,67.0,0.0,162057.094,0.0,976,0,1004,0,0,0,951,0,1027,0,928,0,790,0,782,0,822,0,7520,0.032,9.56924848823683e+19,0.0,0.0,784,16797,-0.0,162057.094,-114818.039,-0.0,0.133,6.909358625270745e+28,30.0,70.0,35,0.0,0.0,0.0,0.0,0.0,0.0,0.0,0.0,0.0,0.0,0.0,0.0,0.0,0.0,0.0,0.0,66.4,0,150,71,52,65476,0,300,0,0,8,20529,65476,0,0,44564,70.0,0.0,0.0,0.0,0.0,0.0
2026-09-10T21:29:48,ERR,ERR,ERR,ERR,ERR,ERR,ERR,ERR,ERR,ERR,ERR,ERR,ERR,ERR,ERR,ERR,ERR,ERR,ERR,ERR,ERR,ERR,ERR,ERR,ERR,ERR,ERR,ERR,ERR,ERR,ERR,ERR,ERR,ERR,ERR,ERR,ERR,ERR,ERR,ERR,ERR,ERR,ERR,ERR,ERR,ERR,ERR,ERR,ERR,ERR,ERR,ERR,ERR,ERR,ERR,ERR,ERR,ERR,ERR,ERR,ERR,ERR,ERR,ERR,ERR,ERR,ERR,ERR,ERR,ERR,ERR,ERR,ERR,ERR,ERR,ERR,ERR,ERR,ERR,ERR,ERR,ERR,ERR,ERR,ERR,ERR,ERR,ERR,ERR,ERR,ERR,ERR,ERR,ERR,ERR,ERR,ERR,ERR,ERR,ERR,ERR,ERR,ERR,ERR,ERR,ERR,ERR,ERR,ERR,ERR,ERR,ERR,ERR,ERR,ERR,ERR,ERR,ERR,ERR,ERR,ERR,ERR,ERR,ERR,ERR,0.0,0.0,0.0,0.0,0.0,1.3936040501711995e+18,7.805,0.0,0,0,4,0,7116,0.0,100,0.0,0.0,0.0,0.0,0.0,0,0,0,0,0.0,0,0,0,0,0,0,0,0,0,0,0,0,0,0,0,0,0,0,0,0,0,0,0,0,0,0,0,0,0,0,0,0,0,31,40,40,71,65476,0,300,0,0,8,21553,0.0,-107605600.0,0.0,0.0,0.0,0.0,0.0,0.0,0.0,0.0,0.0,0.0,0.0,0.0,0.0,0.0,0.0,0.0,0.0,0.0,0.0,0.0,-2.004,2.004,-0.0,-2.004,0.0,0.0,0.0,0.0,4490.0,131350.188,6921.0,0.0,0.0,0.0,2.718429120148166e+23,0.0,0.0,0.0,0.0,69,-0.059,-0.0,0.0,0.0,0.0,0.0,0.0,0.0,0.0,0,0,0,0.0,0.0,0.0,0.0,0.0,0.0,0.0,0.0,0.0,0.0,0.0,0.0,0.0,0.0,0.0,0.0,0,-107875648.0,69,0.0,138,0.0,-109183072.0,0,26215,17086,26215,17101,39322,17081,0,0,0,70,68,100,2.7302399002429377e+23,82.2,2.730238459091057e+23,78.0,0.0,79.0,1,49,50,180,13107,52429,0,0,0.0,0.0,0.0,0.0,-0.0,67.0,0.0,162057.094,0.0,976,0,1004,0,0,0,951,0,1027,0,928,0,790,0,782,0,822,0,7520,0.032,9.56924848823683e+19,0.0,0.0,784,16797,-0.0,162057.094,-114818.039,-0.0,0.133,6.909358625270745e+28,30.0,70.0,35,0.0,0.0,0.0,0.0,0.0,0.0,0.0,0.0,0.0,0.0,0.0,0.0,0.0,0.0,0.0,0.0,66.4,0,150,71,52,65476,0,300,0,0,8,20529,65476,0,0,44564,70.0,0.0,0.0,0.0,0.0,0.0
2026-09-10T21:29:49,ERR,ERR,ERR,ERR,ERR,ERR,ERR,ERR,ERR,ERR,ERR,ERR,ERR,ERR,ERR,ERR,ERR,ERR,ERR,ERR,ERR,ERR,ERR,ERR,ERR,ERR,ERR,ERR,ERR,ERR,ERR,ERR,ERR,ERR,ERR,ERR,ERR,ERR,ERR,ERR,ERR,ERR,ERR,ERR,ERR,ERR,ERR,ERR,ERR,ERR,ERR,ERR,ERR,ERR,ERR,ERR,ERR,ERR,ERR,ERR,ERR,ERR,ERR,ERR,ERR,ERR,ERR,ERR,ERR,ERR,ERR,ERR,ERR,ERR,ERR,ERR,ERR,ERR,ERR,ERR,ERR,ERR,ERR,ERR,ERR,ERR,ERR,ERR,ERR,ERR,ERR,ERR,ERR,ERR,ERR,ERR,ERR,ERR,ERR,ERR,ERR,ERR,ERR,ERR,ERR,ERR,ERR,ERR,ERR,ERR,ERR,ERR,ERR,ERR,ERR,ERR,ERR,ERR,ERR,ERR,ERR,ERR,ERR,ERR,ERR,0.0,0.0,2.6474835549302285e+23,0.0,0.0,1.3936040501711995e+18,7.805,0.0,0,0,4,0,7116,0.0,100,0.0,0.0,0.0,0.0,0.0,0,0,0,0,0.0,0,0,0,0,0,0,0,0,0,0,0,0,0,0,0,0,0,0,0,0,0,0,0,0,0,0,0,0,0,0,0,0,0,31,40,40,71,65476,0,300,0,0,8,21553,0.0,-107605600.0,0.0,0.0,0.0,0.0,0.0,0.0,0.0,0.0,0.0,0.0,0.0,0.0,0.0,0.0,0.0,0.0,0.0,0.0,0.0,0.0,-2.004,2.004,-0.0,-2.004,0.0,0.0,0.0,0.0,4488.0,0.0,6921.0,0.0,0.0,0.0,0.0,0.0,0.0,0.0,0.0,69,-0.0,-0.0,0.0,0.0,0.0,0.0,0.0,0.0,0.0,0,0,0,0.0,0.0,0.0,0.0,0.0,0.0,0.0,0.0,0.0,0.0,0.0,0.0,0.0,0.0,0.0,0.0,0,-107875648.0,69,0.0,138,0.0,-109183072.0,0,26215,17086,26215,17101,39322,17081,0,0,0,70,68,100,2.7302399002429377e+23,82.2,2.730238459091057e+23,78.0,0.0,79.0,1,49,50,180,13107,52429,0,0,0.0,0.0,0.0,0.0,-0.0,67.0,0.0,162057.094,0.0,976,0,1004,0,0,0,951,0,1027,0,928,0,790,0,782,0,822,0,7520,0.032,9.56924848823683e+19,0.0,0.0,784,16797,-0.0,162057.094,-114818.039,-0.0,0.133,6.909358625270745e+28,30.0,70.0,35,0.0,0.0,0.0,0.0,0.0,0.0,0.0,0.0,0.0,0.0,0.0,0.0,0.0,0.0,0.0,0.0,66.4,0,150,71,52,65476,0,300,0,0,8,20529,65476,0,0,44564,70.0,0.0,0.0,0.0,0.0,0.0
2026-09-10T21:29:50,ERR,ERR,ERR,ERR,ERR,ERR,ERR,ERR,ERR,ERR,ERR,ERR,ERR,ERR,ERR,ERR,ERR,ERR,ERR,ERR,ERR,ERR,ERR,ERR,ERR,ERR,ERR,ERR,ERR,ERR,ERR,ERR,ERR,ERR,ERR,ERR,ERR,ERR,ERR,ERR,ERR,ERR,ERR,ERR,ERR,ERR,ERR,ERR,ERR,ERR,ERR,ERR,ERR,ERR,ERR,ERR,ERR,ERR,ERR,ERR,ERR,ERR,ERR,ERR,ERR,ERR,ERR,ERR,ERR,ERR,ERR,ERR,ERR,ERR,ERR,ERR,ERR,ERR,ERR,ERR,ERR,ERR,ERR,ERR,ERR,ERR,ERR,ERR,ERR,ERR,ERR,ERR,ERR,ERR,ERR,ERR,ERR,ERR,ERR,ERR,ERR,ERR,ERR,ERR,ERR,ERR,ERR,ERR,ERR,ERR,ERR,ERR,ERR,ERR,ERR,ERR,ERR,ERR,ERR,ERR,ERR,ERR,ERR,ERR,ERR,0.0,0.0,2.6474835549302285e+23,0.0,0.0,1.3936040501711995e+18,7.805,0.0,0,0,4,0,7116,0.0,100,0.0,0.0,0.0,0.0,0.0,0,0,0,0,0.0,0,0,0,0,0,0,0,0,0,0,0,0,0,0,0,0,0,0,0,0,0,0,0,0,0,0,0,0,0,0,0,0,0,31,40,40,71,65476,0,300,0,0,8,21553,0.0,-107605600.0,0.0,0.0,0.0,0.0,0.0,0.0,0.0,0.0,0.0,0.0,0.0,0.0,0.0,0.0,0.0,0.0,0.0,0.0,0.0,0.0,-2.004,2.004,-0.0,-2.004,0.0,0.0,0.0,0.0,4488.0,0.0,6921.0,0.0,0.0,0.0,0.0,0.0,0.0,0.0,0.0,69,-0.0,-0.0,0.0,0.0,0.0,0.0,0.0,0.0,0.0,0,0,0,0.0,0.0,0.0,0.0,0.0,0.0,0.0,0.0,0.0,0.0,0.0,0.0,0.0,0.0,0.0,0.0,0,-107875648.0,69,0.0,138,0.0,-109183072.0,0,13107,17086,26215,17101,39322,17081,0,0,0,70,68,100,2.7302399002429377e+23,82.2,2.730238459091057e+23,78.0,0.0,79.0,1,49,50,180,13107,52429,0,0,0.0,0.0,0.0,0.0,-0.0,67.0,0.0,162057.094,0.0,976,0,1004,0,0,0,952,0,1027,0,928,0,790,0,782,0,822,0,7520,0.032,9.56924848823683e+19,0.0,0.0,784,16797,-0.0,162057.094,-114818.039,-0.0,0.133,6.909358625270745e+28,30.0,70.0,35,0.0,0.0,0.0,0.0,0.0,0.0,0.0,0.0,0.0,0.0,0.0,0.0,0.0,0.0,0.0,0.0,66.4,0,150,71,52,65476,0,300,0,0,8,20529,65476,0,0,44564,70.0,0.0,0.0,0.0,0.0,0.0
2026-09-10T21:29:51,ERR,ERR,ERR,ERR,ERR,ERR,ERR,ERR,ERR,ERR,ERR,ERR,ERR,ERR,ERR,ERR,ERR,ERR,ERR,ERR,ERR,ERR,ERR,ERR,ERR,ERR,ERR,ERR,ERR,ERR,ERR,ERR,ERR,ERR,ERR,ERR,ERR,ERR,ERR,ERR,ERR,ERR,ERR,ERR,ERR,ERR,ERR,ERR,ERR,ERR,ERR,ERR,ERR,ERR,ERR,ERR,ERR,ERR,ERR,ERR,ERR,ERR,ERR,ERR,ERR,ERR,ERR,ERR,ERR,ERR,ERR,ERR,ERR,ERR,ERR,ERR,ERR,ERR,ERR,ERR,ERR,ERR,ERR,ERR,ERR,ERR,ERR,ERR,ERR,ERR,ERR,ERR,ERR,ERR,ERR,ERR,ERR,ERR,ERR,ERR,ERR,ERR,ERR,ERR,ERR,ERR,ERR,ERR,ERR,ERR,ERR,ERR,ERR,ERR,ERR,ERR,ERR,ERR,ERR,ERR,ERR,ERR,ERR,ERR,ERR,0.0,0.0,2.6474835549302285e+23,0.0,0.0,1.3936040501711995e+18,7.805,0.0,0,0,4,0,7116,0.0,100,0.0,0.0,0.0,0.0,0.0,0,0,0,0,0.0,0,0,0,0,0,0,0,0,0,0,0,0,0,0,0,0,0,0,0,0,0,0,0,0,0,0,0,0,0,0,0,0,0,31,40,40,71,65476,0,300,0,0,8,21553,0.0,-107605600.0,0.0,0.0,0.0,0.0,0.0,0.0,0.0,0.0,0.0,0.0,0.0,0.0,0.0,0.0,0.0,0.0,0.0,0.0,0.0,0.0,-2.004,2.004,-0.0,-2.004,0.0,0.0,0.0,0.0,4488.0,0.0,6921.0,0.0,0.0,0.0,0.0,0.0,0.0,0.0,0.0,69,-0.0,-0.0,0.0,0.0,0.0,0.0,0.0,0.0,0.0,0,0,0,0.0,0.0,0.0,0.0,0.0,0.0,0.0,0.0,0.0,0.0,0.0,0.0,0.0,0.0,0.0,0.0,0,-107875648.0,69,0.0,138,0.0,-109183072.0,0,13107,17086,26215,17101,39322,17081,0,0,0,70,68,100,2.7302399002429377e+23,82.2,2.730238459091057e+23,78.0,0.0,79.0,1,49,50,180,13107,52429,0,0,0.0,0.0,0.0,0.0,-0.0,67.0,0.0,162057.094,0.0,976,0,1004,0,0,0,952,0,1027,0,928,0,790,0,782,0,822,0,7520,0.032,9.56924848823683e+19,0.0,0.0,784,16797,-0.0,162057.094,-114818.039,-0.0,0.133,6.909358625270745e+28,30.0,70.0,35,0.0,0.0,0.0,0.0,0.0,0.0,0.0,0.0,0.0,0.0,0.0,0.0,0.0,0.0,0.0,0.0,66.4,0,150,71,52,65476,0,300,0,0,8,20529,65476,0,0,44564,70.0,0.0,0.0,0.0,0.0,0.0
2026-09-10T21:29:52,ERR,ERR,ERR,ERR,ERR,ERR,ERR,ERR,ERR,ERR,ERR,ERR,ERR,ERR,ERR,ERR,ERR,ERR,ERR,ERR,ERR,ERR,ERR,ERR,ERR,ERR,ERR,ERR,ERR,ERR,ERR,ERR,ERR,ERR,ERR,ERR,ERR,ERR,ERR,ERR,ERR,ERR,ERR,ERR,ERR,ERR,ERR,ERR,ERR,ERR,ERR,ERR,ERR,ERR,ERR,ERR,ERR,ERR,ERR,ERR,ERR,ERR,ERR,ERR,ERR,ERR,ERR,ERR,ERR,ERR,ERR,ERR,ERR,ERR,ERR,ERR,ERR,ERR,ERR,ERR,ERR,ERR,ERR,ERR,ERR,ERR,ERR,ERR,ERR,ERR,ERR,ERR,ERR,ERR,ERR,ERR,ERR,ERR,ERR,ERR,ERR,ERR,ERR,ERR,ERR,ERR,ERR,ERR,ERR,ERR,ERR,ERR,ERR,ERR,ERR,ERR,ERR,ERR,ERR,ERR,ERR,ERR,ERR,ERR,ERR,0.0,0.0,2.6474835549302285e+23,0.0,0.0,1.3936040501711995e+18,7.805,0.0,0,0,4,0,7116,0.0,100,0.0,0.0,0.0,0.0,0.0,0,0,0,0,0.0,0,0,0,0,0,0,0,0,0,0,0,0,0,0,0,0,0,0,0,0,0,0,0,0,0,0,0,0,0,0,0,0,0,31,40,40,71,65476,0,300,0,0,8,21553,0.0,-107605600.0,0.0,0.0,0.0,0.0,0.0,0.0,0.0,0.0,0.0,0.0,0.0,0.0,0.0,0.0,0.0,0.0,0.0,0.0,0.0,0.0,-2.004,2.004,-0.0,-2.004,0.0,0.0,0.0,0.0,4488.0,0.0,6921.0,0.0,0.0,0.0,0.0,0.0,0.0,0.0,0.0,69,-0.0,-0.0,0.0,0.0,0.0,0.0,0.0,0.0,0.0,0,0,0,0.0,0.0,0.0,0.0,0.0,0.0,0.0,0.0,0.0,0.0,0.0,0.0,0.0,0.0,0.0,0.0,0,-107875648.0,69,0.0,138,0.0,-109183072.0,0,13107,17086,26215,17101,39322,17081,0,0,0,70,68,100,2.7302399002429377e+23,82.2,2.730238459091057e+23,78.0,0.0,79.0,1,49,50,180,13107,52429,0,0,0.0,0.0,0.0,0.0,-0.0,67.0,0.0,162057.094,0.0,976,0,1004,0,0,0,952,0,1027,0,928,0,790,0,782,0,822,0,7520,0.032,9.56924848823683e+19,0.0,0.0,784,16797,-0.0,162057.094,-114818.039,-0.0,0.133,6.909358625270745e+28,30.0,70.0,35,0.0,0.0,0.0,0.0,0.0,0.0,0.0,0.0,0.0,0.0,0.0,0.0,0.0,0.0,0.0,0.0,66.4,0,150,71,52,65476,0,300,0,0,8,20529,65476,0,0,44564,70.0,0.0,0.0,0.0,0.0,0.0
2026-09-10T21:29:53,ERR,ERR,ERR,ERR,ERR,ERR,ERR,ERR,ERR,ERR,ERR,ERR,ERR,ERR,ERR,ERR,ERR,ERR,ERR,ERR,ERR,ERR,ERR,ERR,ERR,ERR,ERR,ERR,ERR,ERR,ERR,ERR,ERR,ERR,ERR,ERR,ERR,ERR,ERR,ERR,ERR,ERR,ERR,ERR,ERR,ERR,ERR,ERR,ERR,ERR,ERR,ERR,ERR,ERR,ERR,ERR,ERR,ERR,ERR,ERR,ERR,ERR,ERR,ERR,ERR,ERR,ERR,ERR,ERR,ERR,ERR,ERR,ERR,ERR,ERR,ERR,ERR,ERR,ERR,ERR,ERR,ERR,ERR,ERR,ERR,ERR,ERR,ERR,ERR,ERR,ERR,ERR,ERR,ERR,ERR,ERR,ERR,ERR,ERR,ERR,ERR,ERR,ERR,ERR,ERR,ERR,ERR,ERR,ERR,ERR,ERR,ERR,ERR,ERR,ERR,ERR,ERR,ERR,ERR,ERR,ERR,ERR,ERR,ERR,ERR,0.0,0.0,2.6474835549302285e+23,0.0,0.0,1.3936040501711995e+18,7.805,0.0,0,0,4,0,7116,0.0,100,0.0,0.0,0.0,0.0,0.0,0,0,0,0,0.0,0,0,0,0,0,0,0,0,0,0,0,0,0,0,0,0,0,0,0,0,0,0,0,0,0,0,0,0,0,0,0,0,0,31,40,40,71,65476,0,300,0,0,8,21553,0.0,-107605600.0,0.0,0.0,0.0,0.0,0.0,0.0,0.0,0.0,0.0,0.0,0.0,0.0,0.0,0.0,0.0,0.0,0.0,0.0,0.0,0.0,-2.004,2.004,-0.0,-2.004,0.0,0.0,0.0,0.0,4488.0,0.0,6921.0,0.0,0.0,0.0,0.0,0.0,0.0,0.0,0.0,69,-0.0,-0.0,0.0,0.0,0.0,0.0,0.0,0.0,0.0,0,0,0,0.0,0.0,0.0,0.0,0.0,0.0,0.0,0.0,0.0,0.0,0.0,0.0,0.0,0.0,0.0,0.0,0,-107875648.0,69,0.0,138,0.0,-109183072.0,0,13107,17086,26215,17101,39322,17081,0,0,0,70,68,100,2.7302399002429377e+23,82.2,2.730238459091057e+23,78.0,0.0,79.0,1,49,50,180,13107,52429,0,0,0.0,0.0,0.0,0.0,-0.0,67.0,0.0,162057.094,0.0,976,0,1004,0,0,0,952,0,1027,0,928,0,790,0,782,0,822,0,7520,0.032,9.56924848823683e+19,0.0,0.0,784,16797,-0.0,162057.094,-114818.039,-0.0,0.133,6.909358625270745e+28,30.0,70.0,35,0.0,0.0,0.0,0.0,0.0,0.0,0.0,0.0,0.0,0.0,0.0,0.0,0.0,0.0,0.0,0.0,66.4,0,150,71,52,65476,0,300,0,0,8,20529,65476,0,0,44564,70.0,0.0,0.0,0.0,0.0,0.0
2026-09-10T21:29:54,ERR,ERR,ERR,ERR,ERR,ERR,ERR,ERR,ERR,ERR,ERR,ERR,ERR,ERR,ERR,ERR,ERR,ERR,ERR,ERR,ERR,ERR,ERR,ERR,ERR,ERR,ERR,ERR,ERR,ERR,ERR,ERR,ERR,ERR,ERR,ERR,ERR,ERR,ERR,ERR,ERR,ERR,ERR,ERR,ERR,ERR,ERR,ERR,ERR,ERR,ERR,ERR,ERR,ERR,ERR,ERR,ERR,ERR,ERR,ERR,ERR,ERR,ERR,ERR,ERR,ERR,ERR,ERR,ERR,ERR,ERR,ERR,ERR,ERR,ERR,ERR,ERR,ERR,ERR,ERR,ERR,ERR,ERR,ERR,ERR,ERR,ERR,ERR,ERR,ERR,ERR,ERR,ERR,ERR,ERR,ERR,ERR,ERR,ERR,ERR,ERR,ERR,ERR,ERR,ERR,ERR,ERR,ERR,ERR,ERR,ERR,ERR,ERR,ERR,ERR,ERR,ERR,ERR,ERR,ERR,ERR,ERR,ERR,ERR,ERR,0.0,0.0,2.6474835549302285e+23,0.0,0.0,1.3936040501711995e+18,7.805,0.0,0,0,4,0,7116,0.0,100,0.0,0.0,0.0,0.0,0.0,0,0,0,0,0.0,0,0,0,0,0,0,0,0,0,0,0,0,0,0,0,0,0,0,0,0,0,0,0,0,0,0,0,0,0,0,0,0,0,31,40,40,71,65476,0,300,0,0,8,21553,0.0,-107605600.0,0.0,0.0,0.0,0.0,0.0,0.0,0.0,0.0,0.0,0.0,0.0,0.0,0.0,0.0,0.0,0.0,0.0,0.0,0.0,0.0,-2.004,2.004,-0.0,-2.004,0.0,0.0,0.0,0.0,4488.0,0.0,6921.0,0.0,0.0,0.0,0.0,0.0,0.0,0.0,0.0,69,-0.0,-0.0,0.0,0.0,0.0,0.0,0.0,0.0,0.0,0,0,0,0.0,0.0,0.0,0.0,0.0,0.0,0.0,0.0,0.0,0.0,0.0,0.0,0.0,0.0,0.0,0.0,0,-107875648.0,69,0.0,138,0.0,-109183072.0,0,13107,17086,26215,17101,39322,17081,0,0,0,70,68,100,2.7302399002429377e+23,82.2,2.730238459091057e+23,78.0,0.0,79.0,1,49,50,180,13107,52429,0,0,0.0,0.0,0.0,0.0,-0.0,67.0,0.0,162057.094,0.0,976,0,1004,0,0,0,952,0,1027,0,928,0,790,0,782,0,822,0,7520,0.032,9.56924848823683e+19,0.0,0.0,784,16797,-0.0,162057.094,-114818.039,-0.0,0.133,6.909358625270745e+28,30.0,70.0,35,0.0,0.0,0.0,0.0,0.0,0.0,0.0,0.0,0.0,0.0,0.0,0.0,0.0,0.0,0.0,0.0,66.4,0,150,71,52,65476,0,300,0,0,8,20529,65476,0,0,44564,70.0,0.0,0.0,0.0,0.0,0.0
2026-09-10T21:29:55,ERR,ERR,ERR,ERR,ERR,ERR,ERR,ERR,ERR,ERR,ERR,ERR,ERR,ERR,ERR,ERR,ERR,ERR,ERR,ERR,ERR,ERR,ERR,ERR,ERR,ERR,ERR,ERR,ERR,ERR,ERR,ERR,ERR,ERR,ERR,ERR,ERR,ERR,ERR,ERR,ERR,ERR,ERR,ERR,ERR,ERR,ERR,ERR,ERR,ERR,ERR,ERR,ERR,ERR,ERR,ERR,ERR,ERR,ERR,ERR,ERR,ERR,ERR,ERR,ERR,ERR,ERR,ERR,ERR,ERR,ERR,ERR,ERR,ERR,ERR,ERR,ERR,ERR,ERR,ERR,ERR,ERR,ERR,ERR,ERR,ERR,ERR,ERR,ERR,ERR,ERR,ERR,ERR,ERR,ERR,ERR,ERR,ERR,ERR,ERR,ERR,ERR,ERR,ERR,ERR,ERR,ERR,ERR,ERR,ERR,ERR,ERR,ERR,ERR,ERR,ERR,ERR,ERR,ERR,ERR,ERR,ERR,ERR,ERR,ERR,0.0,0.0,2.6474835549302285e+23,0.0,0.0,1.3936040501711995e+18,7.805,0.0,0,0,4,0,7116,0.0,100,0.0,0.0,0.0,0.0,0.0,0,0,0,0,0.0,0,0,0,0,0,0,0,0,0,0,0,0,0,0,0,0,0,0,0,0,0,0,0,0,0,0,0,0,0,0,0,0,0,31,40,40,71,65476,0,300,0,0,8,21553,0.0,-107605600.0,0.0,0.0,0.0,0.0,0.0,0.0,0.0,0.0,0.0,0.0,0.0,0.0,0.0,0.0,0.0,0.0,0.0,0.0,0.0,0.0,-2.004,2.004,-0.0,-2.004,0.0,0.0,0.0,0.0,4488.0,0.0,6921.0,0.0,0.0,0.0,0.0,0.0,0.0,0.0,0.0,69,-0.0,-0.0,0.0,0.0,0.0,0.0,0.0,0.0,0.0,0,0,0,0.0,0.0,0.0,0.0,0.0,0.0,0.0,0.0,0.0,0.0,0.0,0.0,0.0,0.0,0.0,0.0,0,-107875648.0,69,0.0,138,0.0,-109183072.0,0,13107,17086,26215,17101,39322,17081,0,0,0,70,68,100,2.7302399002429377e+23,82.2,2.730238459091057e+23,78.0,0.0,79.0,1,49,50,180,13107,52429,0,0,0.0,0.0,0.0,0.0,-0.0,67.0,0.0,162057.094,0.0,976,0,1004,0,0,0,952,0,1027,0,928,0,790,0,782,0,822,0,7520,0.032,9.56924848823683e+19,0.0,0.0,784,16797,-0.0,162057.094,-114818.039,-0.0,0.133,6.909358625270745e+28,30.0,70.0,35,0.0,0.0,0.0,0.0,0.0,0.0,0.0,0.0,0.0,0.0,0.0,0.0,0.0,0.0,0.0,0.0,66.4,0,150,71,52,65476,0,300,0,0,8,20529,65476,0,0,44564,70.0,0.0,0.0,0.0,0.0,0.0
2026-09-10T21:29:56,ERR,ERR,ERR,ERR,ERR,ERR,ERR,ERR,ERR,ERR,ERR,ERR,ERR,ERR,ERR,ERR,ERR,ERR,ERR,ERR,ERR,ERR,ERR,ERR,ERR,ERR,ERR,ERR,ERR,ERR,ERR,ERR,ERR,ERR,ERR,ERR,ERR,ERR,ERR,ERR,ERR,ERR,ERR,ERR,ERR,ERR,ERR,ERR,ERR,ERR,ERR,ERR,ERR,ERR,ERR,ERR,ERR,ERR,ERR,ERR,ERR,ERR,ERR,ERR,ERR,ERR,ERR,ERR,ERR,ERR,ERR,ERR,ERR,ERR,ERR,ERR,ERR,ERR,ERR,ERR,ERR,ERR,ERR,ERR,ERR,ERR,ERR,ERR,ERR,ERR,ERR,ERR,ERR,ERR,ERR,ERR,ERR,ERR,ERR,ERR,ERR,ERR,ERR,ERR,ERR,ERR,ERR,ERR,ERR,ERR,ERR,ERR,ERR,ERR,ERR,ERR,ERR,ERR,ERR,ERR,ERR,ERR,ERR,ERR,ERR,0.0,0.0,2.6474835549302285e+23,0.0,0.0,1.3936040501711995e+18,7.805,0.0,0,0,4,0,7116,0.0,100,0.0,0.0,0.0,0.0,0.0,0,0,0,0,0.0,0,0,0,0,0,0,0,0,0,0,0,0,0,0,0,0,0,0,0,0,0,0,0,0,0,0,0,0,0,0,0,0,0,31,40,40,71,65476,0,300,0,0,8,21553,0.0,-107605600.0,0.0,0.0,0.0,0.0,0.0,0.0,0.0,0.0,0.0,0.0,0.0,0.0,0.0,0.0,0.0,0.0,0.0,0.0,0.0,0.0,-2.004,2.004,-0.0,-2.004,0.0,0.0,0.0,0.0,4488.0,0.0,6921.0,0.0,0.0,0.0,0.0,0.0,0.0,0.0,0.0,69,-0.0,-0.0,0.0,0.0,0.0,0.0,0.0,0.0,0.0,0,0,0,0.0,0.0,0.0,0.0,0.0,0.0,0.0,0.0,0.0,0.0,0.0,0.0,0.0,0.0,0.0,0.0,0,-107875648.0,69,0.0,138,0.0,-109183072.0,0,13107,17086,26215,17101,39322,17081,0,0,0,70,68,100,2.7302399002429377e+23,82.2,2.730238459091057e+23,78.0,0.0,79.0,1,49,50,180,13107,52429,0,0,0.0,0.0,0.0,0.0,-0.0,67.0,0.0,162057.094,0.0,976,0,1004,0,0,0,952,0,1027,0,928,0,790,0,782,0,822,0,7520,0.032,9.626894563467172e+19,0.0,0.0,784,16797,-0.0,162057.094,-114818.039,-0.0,0.133,6.909358625270745e+28,30.0,70.0,35,0.0,0.0,0.0,0.0,0.0,0.0,0.0,0.0,0.0,0.0,0.0,0.0,0.0,0.0,0.0,0.0,66.4,0,150,71,52,65476,0,300,0,0,8,20529,65476,0,0,44564,70.0,0.0,0.0,0.0,0.0,0.0
2026-09-10T21:29:57,ERR,ERR,ERR,ERR,ERR,ERR,ERR,ERR,ERR,ERR,ERR,ERR,ERR,ERR,ERR,ERR,ERR,ERR,ERR,ERR,ERR,ERR,ERR,ERR,ERR,ERR,ERR,ERR,ERR,ERR,ERR,ERR,ERR,ERR,ERR,ERR,ERR,ERR,ERR,ERR,ERR,ERR,ERR,ERR,ERR,ERR,ERR,ERR,ERR,ERR,ERR,ERR,ERR,ERR,ERR,ERR,ERR,ERR,ERR,ERR,ERR,ERR,ERR,ERR,ERR,ERR,ERR,ERR,ERR,ERR,ERR,ERR,ERR,ERR,ERR,ERR,ERR,ERR,ERR,ERR,ERR,ERR,ERR,ERR,ERR,ERR,ERR,ERR,ERR,ERR,ERR,ERR,ERR,ERR,ERR,ERR,ERR,ERR,ERR,ERR,ERR,ERR,ERR,ERR,ERR,ERR,ERR,ERR,ERR,ERR,ERR,ERR,ERR,ERR,ERR,ERR,ERR,ERR,ERR,ERR,ERR,ERR,ERR,ERR,ERR,0.0,0.0,2.6474835549302285e+23,0.0,0.0,1.3936040501711995e+18,7.805,0.0,0,0,4,0,7116,0.0,100,0.0,0.0,0.0,0.0,0.0,0,0,0,0,0.0,0,0,0,0,0,0,0,0,0,0,0,0,0,0,0,0,0,0,0,0,0,0,0,0,0,0,0,0,0,0,0,0,0,31,40,40,71,65476,0,300,0,0,8,21553,0.0,-107605600.0,0.0,0.0,0.0,0.0,0.0,0.0,0.0,0.0,0.0,0.0,0.0,0.0,0.0,0.0,0.0,0.0,0.0,0.0,0.0,0.0,-2.004,2.004,-0.0,-0.0,0.0,0.0,0.0,0.0,4494.0,564144759635968.0,6923.0,0.0,0.0,0.0,0.0,0.0,0.0,0.0,0.0,69,-2.718430741444032e+23,-0.0,0.0,0.0,0.0,0.0,0.0,0.0,0.0,0,0,0,0.0,0.0,0.0,0.0,0.0,0.0,0.0,0.0,0.0,0.0,0.0,0.0,0.0,0.0,0.0,0.0,0,-107875648.0,69,0.0,138,0.0,-109183072.0,0,13107,17086,26215,17101,39322,17081,0,0,0,70,68,100,2.7302399002429377e+23,82.2,2.730238459091057e+23,78.0,0.0,79.0,1,49,50,180,13107,52429,0,0,0.0,0.0,0.0,0.0,-0.0,67.0,0.0,162057.094,0.0,976,0,1004,0,0,0,952,0,1027,0,928,0,790,0,782,0,822,0,7520,0.032,9.626894563467172e+19,0.0,0.0,784,16797,-0.0,162057.094,-114818.039,-0.0,0.133,6.909358625270745e+28,30.0,70.0,35,0.0,0.0,0.0,0.0,0.0,0.0,0.0,0.0,0.0,0.0,0.0,0.0,0.0,0.0,0.0,0.0,66.4,0,150,71,52,65476,0,300,0,0,8,20529,65476,0,0,44564,70.0,0.0,0.0,0.0,0.0,0.0
2026-09-10T21:29:58,ERR,ERR,ERR,ERR,ERR,ERR,ERR,ERR,ERR,ERR,ERR,ERR,ERR,ERR,ERR,ERR,ERR,ERR,ERR,ERR,ERR,ERR,ERR,ERR,ERR,ERR,ERR,ERR,ERR,ERR,ERR,ERR,ERR,ERR,ERR,ERR,ERR,ERR,ERR,ERR,ERR,ERR,ERR,ERR,ERR,ERR,ERR,ERR,ERR,ERR,ERR,ERR,ERR,ERR,ERR,ERR,ERR,ERR,ERR,ERR,ERR,ERR,ERR,ERR,ERR,ERR,ERR,ERR,ERR,ERR,ERR,ERR,ERR,ERR,ERR,ERR,ERR,ERR,ERR,ERR,ERR,ERR,ERR,ERR,ERR,ERR,ERR,ERR,ERR,ERR,ERR,ERR,ERR,ERR,ERR,ERR,ERR,ERR,ERR,ERR,ERR,ERR,ERR,ERR,ERR,ERR,ERR,ERR,ERR,ERR,ERR,ERR,ERR,ERR,ERR,ERR,ERR,ERR,ERR,ERR,ERR,ERR,ERR,ERR,ERR,0.0,0.0,2.6474835549302285e+23,0.0,0.0,1.3936040501711995e+18,7.805,0.0,0,0,4,0,7116,0.0,100,0.0,0.0,0.0,0.0,0.0,0,0,0,0,0.0,0,0,0,0,0,0,0,0,0,0,0,0,0,0,0,0,0,0,0,0,0,0,0,0,0,0,0,0,0,0,0,0,0,31,40,40,71,65476,0,300,0,0,8,21553,0.0,-107605600.0,0.0,0.0,0.0,0.0,0.0,0.0,0.0,0.0,0.0,0.0,0.0,0.0,0.0,0.0,0.0,0.0,0.0,0.0,0.0,0.0,-2.004,2.004,-0.0,-0.0,0.0,0.0,0.0,0.0,4494.0,564144759635968.0,6923.0,0.0,0.0,0.0,0.0,0.0,0.0,0.0,0.0,69,-2.718430741444032e+23,-0.0,0.0,0.0,0.0,0.0,0.0,0.0,0.0,0,0,0,0.0,0.0,0.0,0.0,0.0,0.0,0.0,0.0,0.0,0.0,0.0,0.0,0.0,0.0,0.0,0.0,0,-107875648.0,69,0.0,138,0.0,-109183072.0,0,13107,17086,26215,17101,39322,17081,0,0,0,70,68,100,2.7302399002429377e+23,82.2,2.730238459091057e+23,78.0,0.0,79.0,1,49,50,180,13107,52429,0,0,0.0,0.0,0.0,0.0,-0.0,67.0,0.0,162057.094,0.0,976,0,1004,0,0,0,952,0,1027,0,928,0,790,0,782,0,822,0,7520,0.032,9.626894563467172e+19,0.0,0.0,784,16797,-0.0,162057.094,-114818.039,-0.0,0.133,6.909358625270745e+28,30.0,70.0,35,0.0,0.0,0.0,0.0,0.0,0.0,0.0,0.0,0.0,0.0,0.0,0.0,0.0,0.0,0.0,0.0,66.4,0,150,71,52,65476,0,300,0,0,8,20529,65476,0,0,44564,70.0,0.0,0.0,0.0,0.0,0.0
2026-09-10T21:29:59,ERR,ERR,ERR,ERR,ERR,ERR,ERR,ERR,ERR,ERR,ERR,ERR,ERR,ERR,ERR,ERR,ERR,ERR,ERR,ERR,ERR,ERR,ERR,ERR,ERR,ERR,ERR,ERR,ERR,ERR,ERR,ERR,ERR,ERR,ERR,ERR,ERR,ERR,ERR,ERR,ERR,ERR,ERR,ERR,ERR,ERR,ERR,ERR,ERR,ERR,ERR,ERR,ERR,ERR,ERR,ERR,ERR,ERR,ERR,ERR,ERR,ERR,ERR,ERR,ERR,ERR,ERR,ERR,ERR,ERR,ERR,ERR,ERR,ERR,ERR,ERR,ERR,ERR,ERR,ERR,ERR,ERR,ERR,ERR,ERR,ERR,ERR,ERR,ERR,ERR,ERR,ERR,ERR,ERR,ERR,ERR,ERR,ERR,ERR,ERR,ERR,ERR,ERR,ERR,ERR,ERR,ERR,ERR,ERR,ERR,ERR,ERR,ERR,ERR,ERR,ERR,ERR,ERR,ERR,ERR,ERR,ERR,ERR,ERR,ERR,0.0,0.0,2.6474835549302285e+23,0.0,0.0,1.3936040501711995e+18,7.805,0.0,0,0,4,0,7116,0.0,100,0.0,0.0,0.0,0.0,0.0,0,0,0,0,0.0,0,0,0,0,0,0,0,0,0,0,0,0,0,0,0,0,0,0,0,0,0,0,0,0,0,0,0,0,0,0,0,0,0,31,40,40,71,65476,0,300,0,0,8,21553,0.0,-107605600.0,0.0,0.0,0.0,0.0,0.0,0.0,0.0,0.0,0.0,0.0,0.0,0.0,0.0,0.0,0.0,0.0,0.0,0.0,0.0,0.0,-2.004,2.004,-0.0,-0.0,0.0,0.0,0.0,0.0,4494.0,564144759635968.0,6923.0,0.0,0.0,0.0,0.0,0.0,0.0,0.0,0.0,69,-2.718430741444032e+23,-0.0,0.0,0.0,0.0,0.0,0.0,0.0,0.0,0,0,0,0.0,0.0,0.0,0.0,0.0,0.0,0.0,0.0,0.0,0.0,0.0,0.0,0.0,0.0,0.0,0.0,0,-107875648.0,69,0.0,138,0.0,-109183072.0,0,13107,17086,26215,17101,39322,17081,0,0,0,70,68,100,2.7302399002429377e+23,82.2,2.730238459091057e+23,78.0,0.0,79.0,1,49,50,180,13107,52429,0,0,0.0,0.0,0.0,0.0,-0.0,67.0,0.0,162057.094,0.0,976,0,1004,0,0,0,952,0,1027,0,928,0,790,0,782,0,822,0,7520,0.032,9.626894563467172e+19,0.0,0.0,784,16797,-0.0,162057.094,-114818.039,-0.0,0.133,6.909358625270745e+28,30.0,70.0,35,0.0,0.0,0.0,0.0,0.0,0.0,0.0,0.0,0.0,0.0,0.0,0.0,0.0,0.0,0.0,0.0,66.8,0,150,71,52,65476,0,300,0,0,8,20529,65476,0,0,44564,70.0,0.0,0.0,0.0,0.0,0.0
2026-09-10T21:30:00,ERR,ERR,ERR,ERR,ERR,ERR,ERR,ERR,ERR,ERR,ERR,ERR,ERR,ERR,ERR,ERR,ERR,ERR,ERR,ERR,ERR,ERR,ERR,ERR,ERR,ERR,ERR,ERR,ERR,ERR,ERR,ERR,ERR,ERR,ERR,ERR,ERR,ERR,ERR,ERR,ERR,ERR,ERR,ERR,ERR,ERR,ERR,ERR,ERR,ERR,ERR,ERR,ERR,ERR,ERR,ERR,ERR,ERR,ERR,ERR,ERR,ERR,ERR,ERR,ERR,ERR,ERR,ERR,ERR,ERR,ERR,ERR,ERR,ERR,ERR,ERR,ERR,ERR,ERR,ERR,ERR,ERR,ERR,ERR,ERR,ERR,ERR,ERR,ERR,ERR,ERR,ERR,ERR,ERR,ERR,ERR,ERR,ERR,ERR,ERR,ERR,ERR,ERR,ERR,ERR,ERR,ERR,ERR,ERR,ERR,ERR,ERR,ERR,ERR,ERR,ERR,ERR,ERR,ERR,ERR,ERR,ERR,ERR,ERR,ERR,0.0,0.0,2.6474835549302285e+23,0.0,0.0,1.3936040501711995e+18,7.805,0.0,0,0,4,0,7116,0.0,100,0.0,0.0,0.0,0.0,0.0,0,0,0,0,0.0,0,0,0,0,0,0,0,0,0,0,0,0,0,0,0,0,0,0,0,0,0,0,0,0,0,0,0,0,0,0,0,0,0,31,40,40,71,65476,0,300,0,0,8,21553,0.0,-107605600.0,0.0,0.0,0.0,0.0,0.0,0.0,0.0,0.0,0.0,0.0,0.0,0.0,0.0,0.0,0.0,0.0,0.0,0.0,0.0,0.0,-2.004,2.004,-0.0,-0.0,0.0,0.0,0.0,0.0,4494.0,564144759635968.0,6923.0,0.0,0.0,0.0,0.0,0.0,0.0,0.0,0.0,69,-2.718430741444032e+23,-0.0,0.0,0.0,0.0,0.0,0.0,0.0,0.0,0,0,0,0.0,0.0,0.0,0.0,0.0,0.0,0.0,0.0,0.0,0.0,0.0,0.0,0.0,0.0,0.0,0.0,0,-107875648.0,69,0.0,138,0.0,-109183072.0,0,13107,17086,26215,17101,39322,17081,0,0,0,70,68,100,2.7302399002429377e+23,82.2,2.730238459091057e+23,78.0,0.0,79.0,1,49,50,180,13107,52429,0,0,0.0,0.0,0.0,0.0,-0.0,67.0,0.0,162057.094,0.0,976,0,1004,0,0,0,952,0,1027,0,928,0,790,0,782,0,822,0,7520,0.032,9.626894563467172e+19,0.0,0.0,784,16797,-0.0,162057.094,-114818.039,-0.0,0.133,6.909358625270745e+28,30.0,70.0,35,0.0,0.0,0.0,0.0,0.0,0.0,0.0,0.0,0.0,0.0,0.0,0.0,0.0,0.0,0.0,0.0,66.8,0,150,71,52,65476,0,300,0,0,8,20529,65476,0,0,44564,70.0,0.0,0.0,0.0,0.0,0.0
2026-09-10T21:30:01,ERR,ERR,ERR,ERR,ERR,ERR,ERR,ERR,ERR,ERR,ERR,ERR,ERR,ERR,ERR,ERR,ERR,ERR,ERR,ERR,ERR,ERR,ERR,ERR,ERR,ERR,ERR,ERR,ERR,ERR,ERR,ERR,ERR,ERR,ERR,ERR,ERR,ERR,ERR,ERR,ERR,ERR,ERR,ERR,ERR,ERR,ERR,ERR,ERR,ERR,ERR,ERR,ERR,ERR,ERR,ERR,ERR,ERR,ERR,ERR,ERR,ERR,ERR,ERR,ERR,ERR,ERR,ERR,ERR,ERR,ERR,ERR,ERR,ERR,ERR,ERR,ERR,ERR,ERR,ERR,ERR,ERR,ERR,ERR,ERR,ERR,ERR,ERR,ERR,ERR,ERR,ERR,ERR,ERR,ERR,ERR,ERR,ERR,ERR,ERR,ERR,ERR,ERR,ERR,ERR,ERR,ERR,ERR,ERR,ERR,ERR,ERR,ERR,ERR,ERR,ERR,ERR,ERR,ERR,ERR,ERR,ERR,ERR,ERR,ERR,0.0,0.0,2.6474835549302285e+23,0.0,0.0,1.3936040501711995e+18,7.805,0.0,0,0,4,0,7116,0.0,100,0.0,0.0,0.0,0.0,0.0,0,0,0,0,0.0,0,0,0,0,0,0,0,0,0,0,0,0,0,0,0,0,0,0,0,0,0,0,0,0,0,0,0,0,0,0,0,0,0,31,40,40,71,65476,0,300,0,0,8,21553,0.0,-107605600.0,0.0,0.0,0.0,0.0,0.0,0.0,0.0,0.0,0.0,0.0,0.0,0.0,0.0,0.0,0.0,0.0,0.0,0.0,0.0,0.0,-2.004,2.004,-0.0,-0.0,0.0,0.0,0.0,0.0,4494.0,564144759635968.0,6923.0,0.0,0.0,0.0,0.0,0.0,0.0,0.0,0.0,69,-2.718430741444032e+23,-0.0,0.0,0.0,0.0,0.0,0.0,0.0,0.0,0,0,0,0.0,0.0,0.0,0.0,0.0,0.0,0.0,0.0,0.0,0.0,0.0,0.0,0.0,0.0,0.0,0.0,0,-107875648.0,69,0.0,138,0.0,-109183072.0,0,13107,17086,26215,17101,39322,17081,0,0,0,70,68,100,2.7302399002429377e+23,82.2,2.730238459091057e+23,78.0,0.0,79.0,1,49,50,180,13107,52429,0,0,0.0,0.0,0.0,0.0,-0.0,67.0,0.0,162057.094,0.0,976,0,1004,0,0,0,952,0,1027,0,928,0,790,0,782,0,822,0,7520,0.032,9.626894563467172e+19,0.0,0.0,784,16797,-0.0,162057.094,-114818.039,-0.0,0.133,6.909358625270745e+28,30.0,70.0,35,0.0,0.0,0.0,0.0,0.0,0.0,0.0,0.0,0.0,0.0,0.0,0.0,0.0,0.0,0.0,0.0,66.4,0,150,71,52,65476,0,300,0,0,8,20529,65476,0,0,44564,70.0,0.0,0.0,0.0,0.0,0.0
2026-09-10T21:30:02,ERR,ERR,ERR,ERR,ERR,ERR,ERR,ERR,ERR,ERR,ERR,ERR,ERR,ERR,ERR,ERR,ERR,ERR,ERR,ERR,ERR,ERR,ERR,ERR,ERR,ERR,ERR,ERR,ERR,ERR,ERR,ERR,ERR,ERR,ERR,ERR,ERR,ERR,ERR,ERR,ERR,ERR,ERR,ERR,ERR,ERR,ERR,ERR,ERR,ERR,ERR,ERR,ERR,ERR,ERR,ERR,ERR,ERR,ERR,ERR,ERR,ERR,ERR,ERR,ERR,ERR,ERR,ERR,ERR,ERR,ERR,ERR,ERR,ERR,ERR,ERR,ERR,ERR,ERR,ERR,ERR,ERR,ERR,ERR,ERR,ERR,ERR,ERR,ERR,ERR,ERR,ERR,ERR,ERR,ERR,ERR,ERR,ERR,ERR,ERR,ERR,ERR,ERR,ERR,ERR,ERR,ERR,ERR,ERR,ERR,ERR,ERR,ERR,ERR,ERR,ERR,ERR,ERR,ERR,ERR,ERR,ERR,ERR,ERR,ERR,0.0,0.0,2.6474835549302285e+23,0.0,0.0,1.3936040501711995e+18,7.805,0.0,0,0,4,0,7116,0.0,100,0.0,0.0,0.0,0.0,0.0,0,0,0,0,0.0,0,0,0,0,0,0,0,0,0,0,0,0,0,0,0,0,0,0,0,0,0,0,0,0,0,0,0,0,0,0,0,0,0,31,40,40,71,65476,0,300,0,0,8,21553,0.0,-107605600.0,0.0,0.0,0.0,0.0,0.0,0.0,0.0,0.0,0.0,0.0,0.0,0.0,0.0,0.0,0.0,0.0,0.0,0.0,0.0,0.0,-2.004,2.004,-0.0,-0.0,0.0,0.0,0.0,0.0,4494.0,564144759635968.0,6923.0,0.0,0.0,0.0,0.0,0.0,0.0,0.0,0.0,69,-2.718430741444032e+23,-0.0,0.0,0.0,0.0,0.0,0.0,0.0,0.0,0,0,0,0.0,0.0,0.0,0.0,0.0,0.0,0.0,0.0,0.0,0.0,0.0,0.0,0.0,0.0,0.0,0.0,0,-107875648.0,69,0.0,138,0.0,-109183072.0,0,13107,17086,26215,17101,39322,17081,0,0,0,70,68,100,2.7302399002429377e+23,82.2,2.730238459091057e+23,78.0,0.0,79.0,1,49,50,180,13107,52429,0,0,0.0,0.0,0.0,0.0,-0.0,67.0,0.0,162057.094,0.0,976,0,1004,0,0,0,951,0,1027,0,928,0,790,0,781,0,822,0,7520,0.032,9.626894563467172e+19,0.0,0.0,784,16797,-0.0,162057.094,-114818.039,-0.0,0.133,6.909358625270745e+28,30.0,70.0,35,0.0,0.0,0.0,0.0,0.0,0.0,0.0,0.0,0.0,0.0,0.0,0.0,0.0,0.0,0.0,0.0,66.4,0,150,71,52,65476,0,300,0,0,8,20529,65476,0,0,44564,70.0,0.0,0.0,0.0,0.0,0.0
2026-09-10T21:30:03,ERR,ERR,ERR,ERR,ERR,ERR,ERR,ERR,ERR,ERR,ERR,ERR,ERR,ERR,ERR,ERR,ERR,ERR,ERR,ERR,ERR,ERR,ERR,ERR,ERR,ERR,ERR,ERR,ERR,ERR,ERR,ERR,ERR,ERR,ERR,ERR,ERR,ERR,ERR,ERR,ERR,ERR,ERR,ERR,ERR,ERR,ERR,ERR,ERR,ERR,ERR,ERR,ERR,ERR,ERR,ERR,ERR,ERR,ERR,ERR,ERR,ERR,ERR,ERR,ERR,ERR,ERR,ERR,ERR,ERR,ERR,ERR,ERR,ERR,ERR,ERR,ERR,ERR,ERR,ERR,ERR,ERR,ERR,ERR,ERR,ERR,ERR,ERR,ERR,ERR,ERR,ERR,ERR,ERR,ERR,ERR,ERR,ERR,ERR,ERR,ERR,ERR,ERR,ERR,ERR,ERR,ERR,ERR,ERR,ERR,ERR,ERR,ERR,ERR,ERR,ERR,ERR,ERR,ERR,ERR,ERR,ERR,ERR,ERR,ERR,0.0,0.0,2.6474835549302285e+23,0.0,0.0,1.3936040501711995e+18,7.805,0.0,0,0,4,0,7116,0.0,100,0.0,0.0,0.0,0.0,0.0,0,0,0,0,0.0,0,0,0,0,0,0,0,0,0,0,0,0,0,0,0,0,0,0,0,0,0,0,0,0,0,0,0,0,0,0,0,0,0,31,40,40,71,65476,0,300,0,0,8,21553,0.0,-107605600.0,0.0,0.0,0.0,0.0,0.0,0.0,0.0,0.0,0.0,0.0,0.0,0.0,0.0,0.0,0.0,0.0,0.0,0.0,0.0,0.0,-2.004,2.004,-0.0,-0.0,0.0,0.0,0.0,0.0,4494.0,564144759635968.0,6923.0,0.0,0.0,0.0,0.0,0.0,0.0,0.0,0.0,69,-2.718430741444032e+23,-0.0,0.0,0.0,0.0,0.0,0.0,0.0,0.0,0,0,0,0.0,0.0,0.0,0.0,0.0,0.0,0.0,0.0,0.0,0.0,0.0,0.0,0.0,0.0,0.0,0.0,0,-107875648.0,69,0.0,138,0.0,-109183072.0,0,13107,17086,26215,17101,39322,17081,0,0,0,70,68,100,2.7302399002429377e+23,82.2,2.730238459091057e+23,78.0,0.0,79.0,1,49,50,180,13107,52429,0,0,0.0,0.0,0.0,0.0,-0.0,67.0,0.0,162057.094,0.0,976,0,1004,0,0,0,951,0,1027,0,928,0,790,0,781,0,822,0,7520,0.032,9.626894563467172e+19,0.0,0.0,784,16797,-0.0,162057.094,-114818.039,-0.0,0.133,6.909358625270745e+28,30.0,70.0,35,0.0,0.0,0.0,0.0,0.0,0.0,0.0,0.0,0.0,0.0,0.0,0.0,0.0,0.0,0.0,0.0,66.4,0,150,71,52,65476,0,300,0,0,8,20529,65476,0,0,44564,70.0,0.0,0.0,0.0,0.0,0.0
2026-09-10T21:30:04,ERR,ERR,ERR,ERR,ERR,ERR,ERR,ERR,ERR,ERR,ERR,ERR,ERR,ERR,ERR,ERR,ERR,ERR,ERR,ERR,ERR,ERR,ERR,ERR,ERR,ERR,ERR,ERR,ERR,ERR,ERR,ERR,ERR,ERR,ERR,ERR,ERR,ERR,ERR,ERR,ERR,ERR,ERR,ERR,ERR,ERR,ERR,ERR,ERR,ERR,ERR,ERR,ERR,ERR,ERR,ERR,ERR,ERR,ERR,ERR,ERR,ERR,ERR,ERR,ERR,ERR,ERR,ERR,ERR,ERR,ERR,ERR,ERR,ERR,ERR,ERR,ERR,ERR,ERR,ERR,ERR,ERR,ERR,ERR,ERR,ERR,ERR,ERR,ERR,ERR,ERR,ERR,ERR,ERR,ERR,ERR,ERR,ERR,ERR,ERR,ERR,ERR,ERR,ERR,ERR,ERR,ERR,ERR,ERR,ERR,ERR,ERR,ERR,ERR,ERR,ERR,ERR,ERR,ERR,ERR,ERR,ERR,ERR,ERR,ERR,0.0,0.0,2.6474835549302285e+23,0.0,0.0,1.3936040501711995e+18,7.805,0.0,0,0,4,0,7116,0.0,100,0.0,0.0,0.0,0.0,0.0,0,0,0,0,0.0,0,0,0,0,0,0,0,0,0,0,0,0,0,0,0,0,0,0,0,0,0,0,0,0,0,0,0,0,0,0,0,0,0,31,40,40,71,65476,0,300,0,0,8,21553,0.0,-107605600.0,0.0,0.0,0.0,0.0,0.0,0.0,0.0,0.0,0.0,0.0,0.0,0.0,0.0,0.0,0.0,0.0,0.0,0.0,0.0,0.0,-2.004,2.004,-0.0,-0.0,0.0,0.0,0.0,0.0,4494.0,564144759635968.0,6923.0,0.0,0.0,0.0,0.0,0.0,0.0,0.0,0.0,69,-2.718430741444032e+23,-0.0,0.0,0.0,0.0,0.0,0.0,0.0,0.0,0,0,0,0.0,0.0,0.0,0.0,0.0,0.0,0.0,0.0,0.0,0.0,0.0,0.0,0.0,0.0,0.0,0.0,0,-107875648.0,69,0.0,138,0.0,-109183072.0,0,13107,17086,26215,17101,39322,17081,0,0,0,70,68,100,2.7302399002429377e+23,82.2,2.730238459091057e+23,78.0,0.0,79.0,1,49,50,180,13107,52429,0,0,0.0,0.0,0.0,0.0,-0.0,67.0,0.0,162057.094,0.0,976,0,1004,0,0,0,951,0,1027,0,928,0,790,0,781,0,822,0,7520,0.032,9.626894563467172e+19,0.0,0.0,784,16797,-0.0,162057.094,-114818.039,-0.0,0.133,6.909358625270745e+28,30.0,70.0,35,0.0,0.0,0.0,0.0,0.0,0.0,0.0,0.0,0.0,0.0,0.0,0.0,0.0,0.0,0.0,0.0,66.4,0,150,71,52,65476,0,300,0,0,8,20529,65476,0,0,44564,70.0,0.0,0.0,0.0,0.0,0.0
2026-09-10T21:30:05,ERR,ERR,ERR,ERR,ERR,ERR,ERR,ERR,ERR,ERR,ERR,ERR,ERR,ERR,ERR,ERR,ERR,ERR,ERR,ERR,ERR,ERR,ERR,ERR,ERR,ERR,ERR,ERR,ERR,ERR,ERR,ERR,ERR,ERR,ERR,ERR,ERR,ERR,ERR,ERR,ERR,ERR,ERR,ERR,ERR,ERR,ERR,ERR,ERR,ERR,ERR,ERR,ERR,ERR,ERR,ERR,ERR,ERR,ERR,ERR,ERR,ERR,ERR,ERR,ERR,ERR,ERR,ERR,ERR,ERR,ERR,ERR,ERR,ERR,ERR,ERR,ERR,ERR,ERR,ERR,ERR,ERR,ERR,ERR,ERR,ERR,ERR,ERR,ERR,ERR,ERR,ERR,ERR,ERR,ERR,ERR,ERR,ERR,ERR,ERR,ERR,ERR,ERR,ERR,ERR,ERR,ERR,ERR,ERR,ERR,ERR,ERR,ERR,ERR,ERR,ERR,ERR,ERR,ERR,ERR,ERR,ERR,ERR,ERR,ERR,0.0,0.0,2.6474835549302285e+23,0.0,0.0,1.3936040501711995e+18,7.805,0.0,0,0,4,0,7116,0.0,100,0.0,0.0,0.0,0.0,0.0,0,0,0,0,0.0,0,0,0,0,0,0,0,0,0,0,0,0,0,0,0,0,0,0,0,0,0,0,0,0,0,0,0,0,0,0,0,0,0,31,40,40,71,65476,0,300,0,0,8,21553,0.0,-107605600.0,0.0,0.0,0.0,0.0,0.0,0.0,0.0,0.0,0.0,0.0,0.0,0.0,0.0,0.0,0.0,0.0,0.0,0.0,0.0,0.0,-2.004,2.004,-0.0,-0.0,0.0,0.0,0.0,0.0,4488.0,131350.188,6921.0,0.0,0.0,0.0,0.0,0.0,0.0,0.0,0.0,69,-0.0,-0.0,0.0,0.0,0.0,0.0,0.0,0.0,0.0,0,0,0,0.0,0.0,0.0,0.0,0.0,0.0,0.0,0.0,0.0,0.0,0.0,0.0,0.0,0.0,0.0,0.0,0,-107875648.0,69,0.0,138,0.0,-109183072.0,0,13107,17086,26215,17101,39322,17081,0,0,0,70,68,100,2.7302399002429377e+23,82.2,2.730238459091057e+23,78.0,0.0,79.0,1,49,50,180,13107,52429,0,0,0.0,0.0,0.0,0.0,-0.0,67.0,0.0,162057.094,0.0,976,0,1004,0,0,0,951,0,1027,0,928,0,790,0,781,0,822,0,7520,0.032,9.626894563467172e+19,0.0,0.0,784,16797,-0.0,162057.094,-114818.039,-0.0,0.133,6.909358625270745e+28,30.0,70.0,35,0.0,0.0,0.0,0.0,0.0,0.0,0.0,0.0,0.0,0.0,0.0,0.0,0.0,0.0,0.0,0.0,66.4,0,150,71,52,65476,0,300,0,0,8,20529,65476,0,0,44564,70.0,0.0,0.0,0.0,0.0,0.0
2026-09-10T21:30:06,ERR,ERR,ERR,ERR,ERR,ERR,ERR,ERR,ERR,ERR,ERR,ERR,ERR,ERR,ERR,ERR,ERR,ERR,ERR,ERR,ERR,ERR,ERR,ERR,ERR,ERR,ERR,ERR,ERR,ERR,ERR,ERR,ERR,ERR,ERR,ERR,ERR,ERR,ERR,ERR,ERR,ERR,ERR,ERR,ERR,ERR,ERR,ERR,ERR,ERR,ERR,ERR,ERR,ERR,ERR,ERR,ERR,ERR,ERR,ERR,ERR,ERR,ERR,ERR,ERR,ERR,ERR,ERR,ERR,ERR,ERR,ERR,ERR,ERR,ERR,ERR,ERR,ERR,ERR,ERR,ERR,ERR,ERR,ERR,ERR,ERR,ERR,ERR,ERR,ERR,ERR,ERR,ERR,ERR,ERR,ERR,ERR,ERR,ERR,ERR,ERR,ERR,ERR,ERR,ERR,ERR,ERR,ERR,ERR,ERR,ERR,ERR,ERR,ERR,ERR,ERR,ERR,ERR,ERR,ERR,ERR,ERR,ERR,ERR,ERR,0.0,0.0,2.6474835549302285e+23,0.0,0.0,1.3936040501711995e+18,7.805,0.0,0,0,4,0,7116,0.0,100,0.0,0.0,0.0,0.0,0.0,0,0,0,0,0.0,0,0,0,0,0,0,0,0,0,0,0,0,0,0,0,0,0,0,0,0,0,0,0,0,0,0,0,0,0,0,0,0,0,31,40,40,71,65476,0,300,0,0,8,21553,0.0,-107605600.0,0.0,0.0,0.0,0.0,0.0,0.0,0.0,0.0,0.0,0.0,0.0,0.0,0.0,0.0,0.0,0.0,0.0,0.0,0.0,0.0,-2.004,2.004,-0.0,-0.0,0.0,0.0,0.0,0.0,4488.0,131350.188,6921.0,0.0,0.0,0.0,0.0,0.0,0.0,0.0,0.0,69,-0.0,-0.0,0.0,0.0,0.0,0.0,0.0,0.0,0.0,0,0,0,0.0,0.0,0.0,0.0,0.0,0.0,0.0,0.0,0.0,0.0,0.0,0.0,0.0,0.0,0.0,0.0,0,-107875648.0,69,0.0,138,0.0,-109183072.0,0,13107,17086,26215,17101,39322,17081,0,0,0,70,68,100,2.7302399002429377e+23,82.2,2.730238459091057e+23,78.0,0.0,79.0,1,49,50,180,13107,52429,0,0,0.0,0.0,0.0,0.0,-0.0,67.0,0.0,162057.094,0.0,976,0,1004,0,0,0,951,0,1027,0,928,0,790,0,781,0,822,0,7520,0.032,9.626894563467172e+19,0.0,0.0,784,16797,-0.0,162057.094,-114818.039,-0.0,0.133,6.909358625270745e+28,30.0,70.0,35,0.0,0.0,0.0,0.0,0.0,0.0,0.0,0.0,0.0,0.0,0.0,0.0,0.0,0.0,0.0,0.0,66.4,0,150,71,52,65476,0,300,0,0,8,20529,65476,0,0,44564,70.0,0.0,0.0,0.0,0.0,0.0
2026-09-10T21:30:07,ERR,ERR,ERR,ERR,ERR,ERR,ERR,ERR,ERR,ERR,ERR,ERR,ERR,ERR,ERR,ERR,ERR,ERR,ERR,ERR,ERR,ERR,ERR,ERR,ERR,ERR,ERR,ERR,ERR,ERR,ERR,ERR,ERR,ERR,ERR,ERR,ERR,ERR,ERR,ERR,ERR,ERR,ERR,ERR,ERR,ERR,ERR,ERR,ERR,ERR,ERR,ERR,ERR,ERR,ERR,ERR,ERR,ERR,ERR,ERR,ERR,ERR,ERR,ERR,ERR,ERR,ERR,ERR,ERR,ERR,ERR,ERR,ERR,ERR,ERR,ERR,ERR,ERR,ERR,ERR,ERR,ERR,ERR,ERR,ERR,ERR,ERR,ERR,ERR,ERR,ERR,ERR,ERR,ERR,ERR,ERR,ERR,ERR,ERR,ERR,ERR,ERR,ERR,ERR,ERR,ERR,ERR,ERR,ERR,ERR,ERR,ERR,ERR,ERR,ERR,ERR,ERR,ERR,ERR,ERR,ERR,ERR,ERR,ERR,ERR,0.0,0.0,2.6474835549302285e+23,0.0,0.0,1.3936040501711995e+18,7.805,0.0,0,0,4,0,7116,0.0,100,0.0,0.0,0.0,0.0,0.0,0,0,0,0,0.0,0,0,0,0,0,0,0,0,0,0,0,0,0,0,0,0,0,0,0,0,0,0,0,0,0,0,0,0,0,0,0,0,0,31,40,40,71,65476,0,300,0,0,8,21553,0.0,-107605600.0,0.0,0.0,0.0,0.0,0.0,0.0,0.0,0.0,0.0,0.0,0.0,0.0,0.0,0.0,0.0,0.0,0.0,0.0,0.0,0.0,-2.004,2.004,-0.0,-0.0,0.0,0.0,0.0,0.0,4488.0,131350.188,6921.0,0.0,0.0,0.0,0.0,0.0,0.0,0.0,0.0,69,-0.0,-0.0,0.0,0.0,0.0,0.0,0.0,0.0,0.0,0,0,0,0.0,0.0,0.0,0.0,0.0,0.0,0.0,0.0,0.0,0.0,0.0,0.0,0.0,0.0,0.0,0.0,0,-107875648.0,69,0.0,138,0.0,-109183072.0,0,13107,17086,26215,17101,39322,17081,0,0,0,70,68,100,2.7302399002429377e+23,82.2,2.730238459091057e+23,78.0,0.0,79.0,1,49,50,180,13107,52429,0,0,0.0,0.0,0.0,0.0,-0.0,67.0,0.0,162057.094,0.0,976,0,1004,0,0,0,951,0,1027,0,928,0,790,0,781,0,822,0,7520,0.032,9.626894563467172e+19,0.0,0.0,784,16797,-0.0,162057.094,-114818.039,-0.0,0.133,6.909358625270745e+28,30.0,70.0,35,0.0,0.0,0.0,0.0,0.0,0.0,0.0,0.0,0.0,0.0,0.0,0.0,0.0,0.0,0.0,0.0,66.4,0,150,71,52,65476,0,300,0,0,8,20529,65476,0,0,44564,70.0,0.0,0.0,0.0,0.0,0.0
2026-09-10T21:30:08,ERR,ERR,ERR,ERR,ERR,ERR,ERR,ERR,ERR,ERR,ERR,ERR,ERR,ERR,ERR,ERR,ERR,ERR,ERR,ERR,ERR,ERR,ERR,ERR,ERR,ERR,ERR,ERR,ERR,ERR,ERR,ERR,ERR,ERR,ERR,ERR,ERR,ERR,ERR,ERR,ERR,ERR,ERR,ERR,ERR,ERR,ERR,ERR,ERR,ERR,ERR,ERR,ERR,ERR,ERR,ERR,ERR,ERR,ERR,ERR,ERR,ERR,ERR,ERR,ERR,ERR,ERR,ERR,ERR,ERR,ERR,ERR,ERR,ERR,ERR,ERR,ERR,ERR,ERR,ERR,ERR,ERR,ERR,ERR,ERR,ERR,ERR,ERR,ERR,ERR,ERR,ERR,ERR,ERR,ERR,ERR,ERR,ERR,ERR,ERR,ERR,ERR,ERR,ERR,ERR,ERR,ERR,ERR,ERR,ERR,ERR,ERR,ERR,ERR,ERR,ERR,ERR,ERR,ERR,ERR,ERR,ERR,ERR,ERR,ERR,0.0,0.0,2.6474835549302285e+23,0.0,0.0,1.3936040501711995e+18,7.805,0.0,0,0,4,0,7116,0.0,100,0.0,0.0,0.0,0.0,0.0,0,0,0,0,0.0,0,0,0,0,0,0,0,0,0,0,0,0,0,0,0,0,0,0,0,0,0,0,0,0,0,0,0,0,0,0,0,0,0,31,40,40,71,65476,0,300,0,0,8,21553,0.0,-107605600.0,0.0,0.0,0.0,0.0,0.0,0.0,0.0,0.0,0.0,0.0,0.0,0.0,0.0,0.0,0.0,0.0,0.0,0.0,0.0,0.0,-2.004,2.004,-0.0,-0.0,0.0,0.0,0.0,0.0,4488.0,131350.188,6921.0,0.0,0.0,0.0,0.0,0.0,0.0,0.0,0.0,69,-0.0,-0.0,0.0,0.0,0.0,0.0,0.0,0.0,0.0,0,0,0,0.0,0.0,0.0,0.0,0.0,0.0,0.0,0.0,0.0,0.0,0.0,0.0,0.0,0.0,0.0,0.0,0,-107875648.0,69,0.0,138,0.0,-109183072.0,0,13107,17086,26215,17101,39322,17081,0,0,0,70,68,100,2.7302399002429377e+23,82.1,2.730238459091057e+23,78.0,0.0,79.0,1,49,50,180,13107,52429,0,0,0.0,0.0,0.0,0.0,-0.0,67.0,0.0,162057.094,0.0,976,0,1004,0,0,0,951,0,1027,0,928,0,790,0,782,0,822,0,7520,0.032,9.56924848823683e+19,0.0,0.0,784,16797,-0.0,162057.094,-114818.039,-0.0,0.133,6.909358625270745e+28,30.0,70.0,35,0.0,0.0,0.0,0.0,0.0,0.0,0.0,0.0,0.0,0.0,0.0,0.0,0.0,0.0,0.0,0.0,66.4,0,150,71,52,65476,0,300,0,0,8,20529,65476,0,0,44564,70.0,0.0,0.0,0.0,0.0,0.0
2026-09-10T21:30:09,ERR,ERR,ERR,ERR,ERR,ERR,ERR,ERR,ERR,ERR,ERR,ERR,ERR,ERR,ERR,ERR,ERR,ERR,ERR,ERR,ERR,ERR,ERR,ERR,ERR,ERR,ERR,ERR,ERR,ERR,ERR,ERR,ERR,ERR,ERR,ERR,ERR,ERR,ERR,ERR,ERR,ERR,ERR,ERR,ERR,ERR,ERR,ERR,ERR,ERR,ERR,ERR,ERR,ERR,ERR,ERR,ERR,ERR,ERR,ERR,ERR,ERR,ERR,ERR,ERR,ERR,ERR,ERR,ERR,ERR,ERR,ERR,ERR,ERR,ERR,ERR,ERR,ERR,ERR,ERR,ERR,ERR,ERR,ERR,ERR,ERR,ERR,ERR,ERR,ERR,ERR,ERR,ERR,ERR,ERR,ERR,ERR,ERR,ERR,ERR,ERR,ERR,ERR,ERR,ERR,ERR,ERR,ERR,ERR,ERR,ERR,ERR,ERR,ERR,ERR,ERR,ERR,ERR,ERR,ERR,ERR,ERR,ERR,ERR,ERR,0.0,0.0,2.6474835549302285e+23,0.0,0.0,1.3936040501711995e+18,7.805,0.0,0,0,4,0,7116,0.0,100,0.0,0.0,0.0,0.0,0.0,0,0,0,0,0.0,0,0,0,0,0,0,0,0,0,0,0,0,0,0,0,0,0,0,0,0,0,0,0,0,0,0,0,0,0,0,0,0,0,31,40,40,71,65476,0,300,0,0,8,21553,0.0,-107605600.0,0.0,0.0,0.0,0.0,0.0,0.0,0.0,0.0,0.0,0.0,0.0,0.0,0.0,0.0,0.0,0.0,0.0,0.0,0.0,0.0,-2.004,2.004,-0.0,-0.0,0.0,0.0,0.0,0.0,4488.0,131350.188,6921.0,0.0,0.0,0.0,0.0,0.0,0.0,0.0,0.0,69,-0.0,-0.0,0.0,0.0,0.0,0.0,0.0,0.0,0.0,0,0,0,0.0,0.0,0.0,0.0,0.0,0.0,0.0,0.0,0.0,0.0,0.0,0.0,0.0,0.0,0.0,0.0,0,-107875648.0,69,0.0,138,0.0,-109183072.0,0,13107,17086,26215,17101,39322,17081,0,0,0,70,68,100,2.7302399002429377e+23,82.1,2.730238459091057e+23,78.0,0.0,79.0,1,49,50,180,13107,52429,0,0,0.0,0.0,0.0,0.0,-0.0,67.0,0.0,162057.094,0.0,976,0,1004,0,0,0,951,0,1027,0,928,0,790,0,782,0,822,0,7520,0.032,9.56924848823683e+19,0.0,0.0,784,16797,-0.0,162057.094,-114818.039,-0.0,0.133,6.909358625270745e+28,30.0,70.0,35,0.0,0.0,0.0,0.0,0.0,0.0,0.0,0.0,0.0,0.0,0.0,0.0,0.0,0.0,0.0,0.0,66.4,0,150,71,52,65476,0,300,0,0,8,20529,65476,0,0,44564,70.0,0.0,0.0,0.0,0.0,0.0
2026-09-10T21:30:10,ERR,ERR,ERR,ERR,ERR,ERR,ERR,ERR,ERR,ERR,ERR,ERR,ERR,ERR,ERR,ERR,ERR,ERR,ERR,ERR,ERR,ERR,ERR,ERR,ERR,ERR,ERR,ERR,ERR,ERR,ERR,ERR,ERR,ERR,ERR,ERR,ERR,ERR,ERR,ERR,ERR,ERR,ERR,ERR,ERR,ERR,ERR,ERR,ERR,ERR,ERR,ERR,ERR,ERR,ERR,ERR,ERR,ERR,ERR,ERR,ERR,ERR,ERR,ERR,ERR,ERR,ERR,ERR,ERR,ERR,ERR,ERR,ERR,ERR,ERR,ERR,ERR,ERR,ERR,ERR,ERR,ERR,ERR,ERR,ERR,ERR,ERR,ERR,ERR,ERR,ERR,ERR,ERR,ERR,ERR,ERR,ERR,ERR,ERR,ERR,ERR,ERR,ERR,ERR,ERR,ERR,ERR,ERR,ERR,ERR,ERR,ERR,ERR,ERR,ERR,ERR,ERR,ERR,ERR,ERR,ERR,ERR,ERR,ERR,ERR,0.0,0.0,2.6474835549302285e+23,0.0,0.0,1.3936040501711995e+18,7.805,0.0,0,0,4,0,7116,0.0,100,0.0,0.0,0.0,0.0,0.0,0,0,0,0,0.0,0,0,0,0,0,0,0,0,0,0,0,0,0,0,0,0,0,0,0,0,0,0,0,0,0,0,0,0,0,0,0,0,0,31,40,40,71,65476,0,300,0,0,8,21553,0.0,-107605600.0,0.0,0.0,0.0,0.0,0.0,0.0,0.0,0.0,0.0,0.0,0.0,0.0,0.0,0.0,0.0,0.0,0.0,0.0,0.0,0.0,-2.004,2.004,-0.0,-0.0,0.0,0.0,0.0,0.0,4488.0,131350.188,6921.0,0.0,0.0,0.0,0.0,0.0,0.0,0.0,0.0,69,-0.0,-0.0,0.0,0.0,0.0,0.0,0.0,0.0,0.0,0,0,0,0.0,0.0,0.0,0.0,0.0,0.0,0.0,0.0,0.0,0.0,0.0,0.0,0.0,0.0,0.0,0.0,0,-107875648.0,69,0.0,138,0.0,-109183072.0,0,13107,17086,26215,17101,39322,17081,0,0,0,70,68,100,2.7302399002429377e+23,82.1,2.730238459091057e+23,78.0,0.0,79.0,1,49,50,180,13107,52429,0,0,0.0,0.0,0.0,0.0,-0.0,67.0,0.0,162057.094,0.0,976,0,1004,0,0,0,951,0,1027,0,928,0,790,0,782,0,822,0,7520,0.032,9.56924848823683e+19,0.0,0.0,784,16797,-0.0,162057.094,-114818.039,-0.0,0.133,6.909358625270745e+28,30.0,70.0,35,0.0,0.0,0.0,0.0,0.0,0.0,0.0,0.0,0.0,0.0,0.0,0.0,0.0,0.0,0.0,0.0,66.8,0,150,71,52,65476,0,300,0,0,8,20529,65476,0,0,44564,70.0,0.0,0.0,0.0,0.0,0.0
2026-09-10T21:30:11,ERR,ERR,ERR,ERR,ERR,ERR,ERR,ERR,ERR,ERR,ERR,ERR,ERR,ERR,ERR,ERR,ERR,ERR,ERR,ERR,ERR,ERR,ERR,ERR,ERR,ERR,ERR,ERR,ERR,ERR,ERR,ERR,ERR,ERR,ERR,ERR,ERR,ERR,ERR,ERR,ERR,ERR,ERR,ERR,ERR,ERR,ERR,ERR,ERR,ERR,ERR,ERR,ERR,ERR,ERR,ERR,ERR,ERR,ERR,ERR,ERR,ERR,ERR,ERR,ERR,ERR,ERR,ERR,ERR,ERR,ERR,ERR,ERR,ERR,ERR,ERR,ERR,ERR,ERR,ERR,ERR,ERR,ERR,ERR,ERR,ERR,ERR,ERR,ERR,ERR,ERR,ERR,ERR,ERR,ERR,ERR,ERR,ERR,ERR,ERR,ERR,ERR,ERR,ERR,ERR,ERR,ERR,ERR,ERR,ERR,ERR,ERR,ERR,ERR,ERR,ERR,ERR,ERR,ERR,ERR,ERR,ERR,ERR,ERR,ERR,0.0,0.0,2.6474835549302285e+23,0.0,0.0,1.3936040501711995e+18,7.805,0.0,0,0,4,0,7116,0.0,100,0.0,0.0,0.0,0.0,0.0,0,0,0,0,0.0,0,0,0,0,0,0,0,0,0,0,0,0,0,0,0,0,0,0,0,0,0,0,0,0,0,0,0,0,0,0,0,0,0,31,40,40,71,65476,0,300,0,0,8,21553,0.0,-107605600.0,0.0,0.0,0.0,0.0,0.0,0.0,0.0,0.0,0.0,0.0,0.0,0.0,0.0,0.0,0.0,0.0,0.0,0.0,0.0,0.0,-2.004,2.004,-0.0,-0.0,0.0,0.0,0.0,0.0,4488.0,131350.188,6921.0,0.0,0.0,0.0,0.0,0.0,0.0,0.0,0.0,69,-0.0,-0.0,0.0,0.0,0.0,0.0,0.0,0.0,0.0,0,0,0,0.0,0.0,0.0,0.0,0.0,0.0,0.0,0.0,0.0,0.0,0.0,0.0,0.0,0.0,0.0,0.0,0,-107875648.0,69,0.0,138,0.0,-109183072.0,0,13107,17086,26215,17101,39322,17081,0,0,0,70,68,100,2.7302399002429377e+23,82.1,2.730238459091057e+23,78.0,0.0,79.0,1,49,50,180,13107,52429,0,0,0.0,0.0,0.0,0.0,-0.0,67.0,0.0,162057.094,0.0,976,0,1004,0,0,0,951,0,1027,0,928,0,790,0,782,0,822,0,7520,0.032,9.56924848823683e+19,0.0,0.0,784,16797,-0.0,162057.094,-114818.039,-0.0,0.133,6.909358625270745e+28,30.0,70.0,35,0.0,0.0,0.0,0.0,0.0,0.0,0.0,0.0,0.0,0.0,0.0,0.0,0.0,0.0,0.0,0.0,66.8,0,150,71,52,65476,0,300,0,0,8,20529,65476,0,0,44564,70.0,0.0,0.0,0.0,0.0,0.0
2026-09-10T21:30:12,ERR,ERR,ERR,ERR,ERR,ERR,ERR,ERR,ERR,ERR,ERR,ERR,ERR,ERR,ERR,ERR,ERR,ERR,ERR,ERR,ERR,ERR,ERR,ERR,ERR,ERR,ERR,ERR,ERR,ERR,ERR,ERR,ERR,ERR,ERR,ERR,ERR,ERR,ERR,ERR,ERR,ERR,ERR,ERR,ERR,ERR,ERR,ERR,ERR,ERR,ERR,ERR,ERR,ERR,ERR,ERR,ERR,ERR,ERR,ERR,ERR,ERR,ERR,ERR,ERR,ERR,ERR,ERR,ERR,ERR,ERR,ERR,ERR,ERR,ERR,ERR,ERR,ERR,ERR,ERR,ERR,ERR,ERR,ERR,ERR,ERR,ERR,ERR,ERR,ERR,ERR,ERR,ERR,ERR,ERR,ERR,ERR,ERR,ERR,ERR,ERR,ERR,ERR,ERR,ERR,ERR,ERR,ERR,ERR,ERR,ERR,ERR,ERR,ERR,ERR,ERR,ERR,ERR,ERR,ERR,ERR,ERR,ERR,ERR,ERR,0.0,0.0,2.6474835549302285e+23,0.0,0.0,1.3936040501711995e+18,7.805,0.0,0,0,4,0,7116,0.0,100,0.0,0.0,0.0,0.0,0.0,0,0,0,0,0.0,0,0,0,0,0,0,0,0,0,0,0,0,0,0,0,0,0,0,0,0,0,0,0,0,0,0,0,0,0,0,0,0,0,31,40,40,71,65476,0,300,0,0,8,21553,0.0,-107605600.0,0.0,0.0,0.0,0.0,0.0,0.0,0.0,0.0,0.0,0.0,0.0,0.0,0.0,0.0,0.0,0.0,0.0,0.0,0.0,0.0,-2.004,2.004,-0.0,-0.0,0.0,0.0,0.0,0.0,4488.0,131350.188,6921.0,0.0,0.0,0.0,0.0,0.0,0.0,0.0,0.0,69,-0.0,-0.0,0.0,0.0,0.0,0.0,0.0,0.0,0.0,0,0,0,0.0,0.0,0.0,0.0,0.0,0.0,0.0,0.0,0.0,0.0,0.0,0.0,0.0,0.0,0.0,0.0,0,-107875648.0,69,0.0,138,0.0,-109183072.0,0,13107,17086,26215,17101,39322,17081,0,0,0,70,68,100,2.7302399002429377e+23,82.1,2.730238459091057e+23,78.0,0.0,79.0,1,49,50,180,13107,52429,0,0,0.0,0.0,0.0,0.0,-0.0,67.0,0.0,162057.094,0.0,976,0,1004,0,0,0,951,0,1027,0,928,0,790,0,782,0,822,0,7520,0.032,9.56924848823683e+19,0.0,0.0,784,16797,-0.0,162057.094,-114818.039,-0.0,0.133,6.909358625270745e+28,30.0,70.0,35,0.0,0.0,0.0,0.0,0.0,0.0,0.0,0.0,0.0,0.0,0.0,0.0,0.0,0.0,0.0,0.0,66.4,0,150,71,52,65476,0,300,0,0,8,20529,65476,0,0,44564,70.0,0.0,0.0,0.0,0.0,0.0
2026-09-10T21:30:13,ERR,ERR,ERR,ERR,ERR,ERR,ERR,ERR,ERR,ERR,ERR,ERR,ERR,ERR,ERR,ERR,ERR,ERR,ERR,ERR,ERR,ERR,ERR,ERR,ERR,ERR,ERR,ERR,ERR,ERR,ERR,ERR,ERR,ERR,ERR,ERR,ERR,ERR,ERR,ERR,ERR,ERR,ERR,ERR,ERR,ERR,ERR,ERR,ERR,ERR,ERR,ERR,ERR,ERR,ERR,ERR,ERR,ERR,ERR,ERR,ERR,ERR,ERR,ERR,ERR,ERR,ERR,ERR,ERR,ERR,ERR,ERR,ERR,ERR,ERR,ERR,ERR,ERR,ERR,ERR,ERR,ERR,ERR,ERR,ERR,ERR,ERR,ERR,ERR,ERR,ERR,ERR,ERR,ERR,ERR,ERR,ERR,ERR,ERR,ERR,ERR,ERR,ERR,ERR,ERR,ERR,ERR,ERR,ERR,ERR,ERR,ERR,ERR,ERR,ERR,ERR,ERR,ERR,ERR,ERR,ERR,ERR,ERR,ERR,ERR,0.0,0.0,2.6474835549302285e+23,0.0,0.0,1.3936040501711995e+18,7.805,0.0,0,0,4,0,7116,0.0,100,0.0,0.0,0.0,0.0,0.0,0,0,0,0,0.0,0,0,0,0,0,0,0,0,0,0,0,0,0,0,0,0,0,0,0,0,0,0,0,0,0,0,0,0,0,0,0,0,0,31,40,40,71,65476,0,300,0,0,8,21553,0.0,-107605600.0,0.0,0.0,0.0,0.0,0.0,0.0,0.0,0.0,0.0,0.0,0.0,0.0,0.0,0.0,0.0,0.0,0.0,0.0,0.0,0.0,-2.004,2.004,-0.0,-0.0,0.0,0.0,0.0,0.0,4491.0,2.004,6921.0,0.0,0.0,0.0,0.0,0.0,0.0,0.0,0.0,69,-89221.141,-0.0,0.0,0.0,0.0,0.0,0.0,0.0,0.0,0,0,0,0.0,0.0,0.0,0.0,0.0,0.0,0.0,0.0,0.0,0.0,0.0,0.0,0.0,0.0,0.0,0.0,0,-107875648.0,69,0.0,138,0.0,-109183072.0,0,13107,17086,26215,17101,39322,17081,0,0,0,70,68,100,2.7302399002429377e+23,82.1,2.730238459091057e+23,78.0,0.0,79.0,1,49,50,180,13107,52429,0,0,0.0,0.0,0.0,0.0,-0.0,67.0,0.0,162057.094,0.0,976,0,1004,0,0,0,951,0,1027,0,928,0,790,0,782,0,822,0,7520,0.032,9.56924848823683e+19,0.0,0.0,784,16797,-0.0,162057.094,-114818.039,-0.0,0.133,6.909358625270745e+28,30.0,70.0,35,0.0,0.0,0.0,0.0,0.0,0.0,0.0,0.0,0.0,0.0,0.0,0.0,0.0,0.0,0.0,0.0,66.4,0,150,71,52,65476,0,300,0,0,8,20529,65476,0,0,44564,70.0,0.0,0.0,0.0,0.0,0.0
2026-09-10T21:30:14,ERR,ERR,ERR,ERR,ERR,ERR,ERR,ERR,ERR,ERR,ERR,ERR,ERR,ERR,ERR,ERR,ERR,ERR,ERR,ERR,ERR,ERR,ERR,ERR,ERR,ERR,ERR,ERR,ERR,ERR,ERR,ERR,ERR,ERR,ERR,ERR,ERR,ERR,ERR,ERR,ERR,ERR,ERR,ERR,ERR,ERR,ERR,ERR,ERR,ERR,ERR,ERR,ERR,ERR,ERR,ERR,ERR,ERR,ERR,ERR,ERR,ERR,ERR,ERR,ERR,ERR,ERR,ERR,ERR,ERR,ERR,ERR,ERR,ERR,ERR,ERR,ERR,ERR,ERR,ERR,ERR,ERR,ERR,ERR,ERR,ERR,ERR,ERR,ERR,ERR,ERR,ERR,ERR,ERR,ERR,ERR,ERR,ERR,ERR,ERR,ERR,ERR,ERR,ERR,ERR,ERR,ERR,ERR,ERR,ERR,ERR,ERR,ERR,ERR,ERR,ERR,ERR,ERR,ERR,ERR,ERR,ERR,ERR,ERR,ERR,0.0,0.0,2.6474835549302285e+23,0.0,0.0,1.3936040501711995e+18,7.805,0.0,0,0,4,0,7116,0.0,100,0.0,0.0,0.0,0.0,0.0,0,0,0,0,0.0,0,0,0,0,0,0,0,0,0,0,0,0,0,0,0,0,0,0,0,0,0,0,0,0,0,0,0,0,0,0,0,0,0,31,40,40,71,65476,0,300,0,0,8,21553,0.0,-107605600.0,0.0,0.0,0.0,0.0,0.0,0.0,0.0,0.0,0.0,0.0,0.0,0.0,0.0,0.0,0.0,0.0,0.0,0.0,0.0,0.0,-2.004,2.004,-0.0,-0.0,0.0,0.0,0.0,0.0,4491.0,2.004,6921.0,0.0,0.0,0.0,0.0,0.0,0.0,0.0,0.0,69,-89221.141,-0.0,0.0,0.0,0.0,0.0,0.0,0.0,0.0,0,0,0,0.0,0.0,0.0,0.0,0.0,0.0,0.0,0.0,0.0,0.0,0.0,0.0,0.0,0.0,0.0,0.0,0,-107875648.0,69,0.0,138,0.0,-109183072.0,0,13107,17086,26215,17101,39322,17081,0,0,0,70,68,100,2.7302399002429377e+23,82.1,0.0,78.0,0.0,79.0,1,49,50,180,13107,52429,0,0,0.0,0.0,0.0,0.0,-0.0,67.0,0.0,162057.094,0.0,976,0,1004,0,0,0,951,0,1027,0,928,0,790,0,781,0,822,0,7520,0.032,9.56924848823683e+19,0.0,0.0,784,16797,-0.0,162057.094,-114818.039,-0.0,0.133,6.909358625270745e+28,30.0,70.0,35,0.0,0.0,0.0,0.0,0.0,0.0,0.0,0.0,0.0,0.0,0.0,0.0,0.0,0.0,0.0,0.0,66.4,0,150,71,52,65476,0,300,0,0,8,20529,65476,0,0,44564,70.0,0.0,0.0,0.0,0.0,0.0
2026-09-10T21:30:15,ERR,ERR,ERR,ERR,ERR,ERR,ERR,ERR,ERR,ERR,ERR,ERR,ERR,ERR,ERR,ERR,ERR,ERR,ERR,ERR,ERR,ERR,ERR,ERR,ERR,ERR,ERR,ERR,ERR,ERR,ERR,ERR,ERR,ERR,ERR,ERR,ERR,ERR,ERR,ERR,ERR,ERR,ERR,ERR,ERR,ERR,ERR,ERR,ERR,ERR,ERR,ERR,ERR,ERR,ERR,ERR,ERR,ERR,ERR,ERR,ERR,ERR,ERR,ERR,ERR,ERR,ERR,ERR,ERR,ERR,ERR,ERR,ERR,ERR,ERR,ERR,ERR,ERR,ERR,ERR,ERR,ERR,ERR,ERR,ERR,ERR,ERR,ERR,ERR,ERR,ERR,ERR,ERR,ERR,ERR,ERR,ERR,ERR,ERR,ERR,ERR,ERR,ERR,ERR,ERR,ERR,ERR,ERR,ERR,ERR,ERR,ERR,ERR,ERR,ERR,ERR,ERR,ERR,ERR,ERR,ERR,ERR,ERR,ERR,ERR,0.0,0.0,2.6474835549302285e+23,0.0,0.0,1.3936040501711995e+18,7.805,0.0,0,0,4,0,7116,0.0,100,0.0,0.0,0.0,0.0,0.0,0,0,0,0,0.0,0,0,0,0,0,0,0,0,0,0,0,0,0,0,0,0,0,0,0,0,0,0,0,0,0,0,0,0,0,0,0,0,0,31,40,40,71,65476,0,300,0,0,8,21553,0.0,-107605600.0,0.0,0.0,0.0,0.0,0.0,0.0,0.0,0.0,0.0,0.0,0.0,0.0,0.0,0.0,0.0,0.0,0.0,0.0,0.0,0.0,-2.004,2.004,-0.0,-0.0,0.0,0.0,0.0,0.0,4491.0,2.004,6921.0,0.0,0.0,0.0,0.0,0.0,0.0,0.0,0.0,69,-89221.141,-0.0,0.0,0.0,0.0,0.0,0.0,0.0,0.0,0,0,0,0.0,0.0,0.0,0.0,0.0,0.0,0.0,0.0,0.0,0.0,0.0,0.0,0.0,0.0,0.0,0.0,0,-107875648.0,69,0.0,138,0.0,-109183072.0,0,13107,17086,26215,17101,39322,17081,0,0,0,70,68,100,2.7302399002429377e+23,82.1,0.0,78.0,0.0,79.0,1,49,50,180,13107,52429,0,0,0.0,0.0,0.0,0.0,-0.0,67.0,0.0,162057.094,0.0,976,0,1004,0,0,0,951,0,1027,0,928,0,790,0,781,0,822,0,7520,0.032,9.56924848823683e+19,0.0,0.0,784,16797,-0.0,162057.094,-114818.039,-0.0,0.133,6.909358625270745e+28,30.0,70.0,35,0.0,0.0,0.0,0.0,0.0,0.0,0.0,0.0,0.0,0.0,0.0,0.0,0.0,0.0,0.0,0.0,66.8,0,150,71,52,65476,0,300,0,0,8,20529,65476,0,0,44564,70.0,0.0,0.0,0.0,0.0,0.0
2026-09-10T21:30:16,ERR,ERR,ERR,ERR,ERR,ERR,ERR,ERR,ERR,ERR,ERR,ERR,ERR,ERR,ERR,ERR,ERR,ERR,ERR,ERR,ERR,ERR,ERR,ERR,ERR,ERR,ERR,ERR,ERR,ERR,ERR,ERR,ERR,ERR,ERR,ERR,ERR,ERR,ERR,ERR,ERR,ERR,ERR,ERR,ERR,ERR,ERR,ERR,ERR,ERR,ERR,ERR,ERR,ERR,ERR,ERR,ERR,ERR,ERR,ERR,ERR,ERR,ERR,ERR,ERR,ERR,ERR,ERR,ERR,ERR,ERR,ERR,ERR,ERR,ERR,ERR,ERR,ERR,ERR,ERR,ERR,ERR,ERR,ERR,ERR,ERR,ERR,ERR,ERR,ERR,ERR,ERR,ERR,ERR,ERR,ERR,ERR,ERR,ERR,ERR,ERR,ERR,ERR,ERR,ERR,ERR,ERR,ERR,ERR,ERR,ERR,ERR,ERR,ERR,ERR,ERR,ERR,ERR,ERR,ERR,ERR,ERR,ERR,ERR,ERR,0.0,0.0,2.6474835549302285e+23,0.0,0.0,1.3936040501711995e+18,7.805,0.0,0,0,4,0,7116,0.0,100,0.0,0.0,0.0,0.0,0.0,0,0,0,0,0.0,0,0,0,0,0,0,0,0,0,0,0,0,0,0,0,0,0,0,0,0,0,0,0,0,0,0,0,0,0,0,0,0,0,31,40,40,71,65476,0,300,0,0,8,21553,0.0,-107605600.0,0.0,0.0,0.0,0.0,0.0,0.0,0.0,0.0,0.0,0.0,0.0,0.0,0.0,0.0,0.0,0.0,0.0,0.0,0.0,0.0,-2.004,2.004,-0.0,-0.0,0.0,0.0,0.0,0.0,4491.0,2.004,6921.0,0.0,0.0,0.0,0.0,0.0,0.0,0.0,0.0,69,-89221.141,-0.0,0.0,0.0,0.0,0.0,0.0,0.0,0.0,0,0,0,0.0,0.0,0.0,0.0,0.0,0.0,0.0,0.0,0.0,0.0,0.0,0.0,0.0,0.0,0.0,0.0,0,-107875648.0,69,0.0,138,0.0,-109183072.0,0,13107,17086,26215,17101,39322,17081,0,0,0,70,68,100,2.7302399002429377e+23,82.1,0.0,78.0,0.0,79.0,1,49,50,180,13107,52429,0,0,0.0,0.0,0.0,0.0,-0.0,67.0,0.0,162057.094,0.0,976,0,1004,0,0,0,951,0,1027,0,928,0,790,0,781,0,822,0,7520,0.032,9.56924848823683e+19,0.0,0.0,784,16797,-0.0,162057.094,-114818.039,-0.0,0.133,6.909358625270745e+28,30.0,70.0,35,0.0,0.0,0.0,0.0,0.0,0.0,0.0,0.0,0.0,0.0,0.0,0.0,0.0,0.0,0.0,0.0,66.8,0,150,71,52,65476,0,300,0,0,8,20529,65476,0,0,44564,70.0,0.0,0.0,0.0,0.0,0.0
2026-09-10T21:30:17,ERR,ERR,ERR,ERR,ERR,ERR,ERR,ERR,ERR,ERR,ERR,ERR,ERR,ERR,ERR,ERR,ERR,ERR,ERR,ERR,ERR,ERR,ERR,ERR,ERR,ERR,ERR,ERR,ERR,ERR,ERR,ERR,ERR,ERR,ERR,ERR,ERR,ERR,ERR,ERR,ERR,ERR,ERR,ERR,ERR,ERR,ERR,ERR,ERR,ERR,ERR,ERR,ERR,ERR,ERR,ERR,ERR,ERR,ERR,ERR,ERR,ERR,ERR,ERR,ERR,ERR,ERR,ERR,ERR,ERR,ERR,ERR,ERR,ERR,ERR,ERR,ERR,ERR,ERR,ERR,ERR,ERR,ERR,ERR,ERR,ERR,ERR,ERR,ERR,ERR,ERR,ERR,ERR,ERR,ERR,ERR,ERR,ERR,ERR,ERR,ERR,ERR,ERR,ERR,ERR,ERR,ERR,ERR,ERR,ERR,ERR,ERR,ERR,ERR,ERR,ERR,ERR,ERR,ERR,ERR,ERR,ERR,ERR,ERR,ERR,0.0,0.0,2.6474835549302285e+23,0.0,0.0,1.3936040501711995e+18,7.805,0.0,0,0,4,0,7116,0.0,100,0.0,0.0,0.0,0.0,0.0,0,0,0,0,0.0,0,0,0,0,0,0,0,0,0,0,0,0,0,0,0,0,0,0,0,0,0,0,0,0,0,0,0,0,0,0,0,0,0,31,40,40,71,65476,0,300,0,0,8,21553,0.0,-107605600.0,0.0,0.0,0.0,0.0,0.0,0.0,0.0,0.0,0.0,0.0,0.0,0.0,0.0,0.0,0.0,0.0,0.0,0.0,0.0,0.0,-2.004,2.004,-0.0,-0.0,0.0,0.0,0.0,0.0,4491.0,2.004,6921.0,0.0,0.0,0.0,0.0,0.0,0.0,0.0,0.0,69,-89221.141,-0.0,0.0,0.0,0.0,0.0,0.0,0.0,0.0,0,0,0,0.0,0.0,0.0,0.0,0.0,0.0,0.0,0.0,0.0,0.0,0.0,0.0,0.0,0.0,0.0,0.0,0,-107875648.0,69,0.0,138,0.0,-109183072.0,0,13107,17086,26215,17101,39322,17081,0,0,0,70,68,100,2.7302399002429377e+23,82.1,0.0,78.0,0.0,79.0,1,49,50,180,13107,52429,0,0,0.0,0.0,0.0,0.0,-0.0,67.0,0.0,162057.094,0.0,976,0,1004,0,0,0,951,0,1027,0,928,0,790,0,781,0,822,0,7520,0.032,9.56924848823683e+19,0.0,0.0,784,16797,-0.0,162057.094,-114818.039,-0.0,0.133,6.909358625270745e+28,30.0,70.0,35,0.0,0.0,0.0,0.0,0.0,0.0,0.0,0.0,0.0,0.0,0.0,0.0,0.0,0.0,0.0,0.0,66.8,0,150,71,52,65476,0,300,0,0,8,20529,65476,0,0,44564,70.0,0.0,0.0,0.0,0.0,0.0
2026-09-10T21:30:18,ERR,ERR,ERR,ERR,ERR,ERR,ERR,ERR,ERR,ERR,ERR,ERR,ERR,ERR,ERR,ERR,ERR,ERR,ERR,ERR,ERR,ERR,ERR,ERR,ERR,ERR,ERR,ERR,ERR,ERR,ERR,ERR,ERR,ERR,ERR,ERR,ERR,ERR,ERR,ERR,ERR,ERR,ERR,ERR,ERR,ERR,ERR,ERR,ERR,ERR,ERR,ERR,ERR,ERR,ERR,ERR,ERR,ERR,ERR,ERR,ERR,ERR,ERR,ERR,ERR,ERR,ERR,ERR,ERR,ERR,ERR,ERR,ERR,ERR,ERR,ERR,ERR,ERR,ERR,ERR,ERR,ERR,ERR,ERR,ERR,ERR,ERR,ERR,ERR,ERR,ERR,ERR,ERR,ERR,ERR,ERR,ERR,ERR,ERR,ERR,ERR,ERR,ERR,ERR,ERR,ERR,ERR,ERR,ERR,ERR,ERR,ERR,ERR,ERR,ERR,ERR,ERR,ERR,ERR,ERR,ERR,ERR,ERR,ERR,ERR,0.0,0.0,2.6474835549302285e+23,0.0,0.0,1.3936040501711995e+18,7.805,0.0,0,0,4,0,7116,0.0,100,0.0,0.0,0.0,0.0,0.0,0,0,0,0,0.0,0,0,0,0,0,0,0,0,0,0,0,0,0,0,0,0,0,0,0,0,0,0,0,0,0,0,0,0,0,0,0,0,0,31,40,40,71,65476,0,300,0,0,8,21553,0.0,-107605600.0,0.0,0.0,0.0,0.0,0.0,0.0,0.0,0.0,0.0,0.0,0.0,0.0,0.0,0.0,0.0,0.0,0.0,0.0,0.0,0.0,-2.004,2.004,-0.0,-0.0,0.0,0.0,0.0,0.0,4491.0,2.004,6921.0,0.0,0.0,0.0,0.0,0.0,0.0,0.0,0.0,69,-89221.141,-0.0,0.0,0.0,0.0,0.0,0.0,0.0,0.0,0,0,0,0.0,0.0,0.0,0.0,0.0,0.0,0.0,0.0,0.0,0.0,0.0,0.0,0.0,0.0,0.0,0.0,0,-107875648.0,69,0.0,138,0.0,-109183072.0,0,13107,17086,26215,17101,39322,17081,0,0,0,70,68,100,2.7302399002429377e+23,82.1,0.0,78.0,0.0,79.0,1,49,50,180,13107,52429,0,0,0.0,0.0,0.0,0.0,-0.0,67.0,0.0,162057.094,0.0,976,0,1004,0,0,0,951,0,1027,0,928,0,790,0,781,0,822,0,7520,0.032,9.56924848823683e+19,0.0,0.0,784,16797,-0.0,162057.094,-114818.039,-0.0,0.133,6.909358625270745e+28,30.0,70.0,35,0.0,0.0,0.0,0.0,0.0,0.0,0.0,0.0,0.0,0.0,0.0,0.0,0.0,0.0,0.0,0.0,66.4,0,150,71,52,65476,0,300,0,0,8,20529,65476,0,0,44564,70.0,0.0,0.0,0.0,0.0,0.0
2026-09-10T21:30:19,ERR,ERR,ERR,ERR,ERR,ERR,ERR,ERR,ERR,ERR,ERR,ERR,ERR,ERR,ERR,ERR,ERR,ERR,ERR,ERR,ERR,ERR,ERR,ERR,ERR,ERR,ERR,ERR,ERR,ERR,ERR,ERR,ERR,ERR,ERR,ERR,ERR,ERR,ERR,ERR,ERR,ERR,ERR,ERR,ERR,ERR,ERR,ERR,ERR,ERR,ERR,ERR,ERR,ERR,ERR,ERR,ERR,ERR,ERR,ERR,ERR,ERR,ERR,ERR,ERR,ERR,ERR,ERR,ERR,ERR,ERR,ERR,ERR,ERR,ERR,ERR,ERR,ERR,ERR,ERR,ERR,ERR,ERR,ERR,ERR,ERR,ERR,ERR,ERR,ERR,ERR,ERR,ERR,ERR,ERR,ERR,ERR,ERR,ERR,ERR,ERR,ERR,ERR,ERR,ERR,ERR,ERR,ERR,ERR,ERR,ERR,ERR,ERR,ERR,ERR,ERR,ERR,ERR,ERR,ERR,ERR,ERR,ERR,ERR,ERR,0.0,0.0,2.6474835549302285e+23,0.0,0.0,1.3936040501711995e+18,7.805,0.0,0,0,4,0,7116,0.0,100,0.0,0.0,0.0,0.0,0.0,0,0,0,0,0.0,0,0,0,0,0,0,0,0,0,0,0,0,0,0,0,0,0,0,0,0,0,0,0,0,0,0,0,0,0,0,0,0,0,31,40,40,71,65476,0,300,0,0,8,21553,0.0,-107605600.0,0.0,0.0,0.0,0.0,0.0,0.0,0.0,0.0,0.0,0.0,0.0,0.0,0.0,0.0,0.0,0.0,0.0,0.0,0.0,0.0,-2.004,2.004,-0.0,-0.0,0.0,0.0,0.0,0.0,4491.0,2.004,6921.0,0.0,0.0,0.0,0.0,0.0,0.0,0.0,0.0,69,-89221.141,-0.0,0.0,0.0,0.0,0.0,0.0,0.0,0.0,0,0,0,0.0,0.0,0.0,0.0,0.0,0.0,0.0,0.0,0.0,0.0,0.0,0.0,0.0,0.0,0.0,0.0,0,-107875648.0,69,0.0,138,0.0,-109183072.0,0,13107,17086,26215,17101,39322,17081,0,0,0,70,68,100,2.7302399002429377e+23,82.1,0.0,78.0,0.0,79.0,1,49,50,180,13107,52429,0,0,0.0,0.0,0.0,0.0,-0.0,67.0,0.0,162057.094,0.0,976,0,1004,0,0,0,951,0,1027,0,928,0,790,0,781,0,822,0,7520,0.032,9.56924848823683e+19,0.0,0.0,784,16797,-0.0,162057.094,-114818.039,-0.0,0.133,6.909358625270745e+28,30.0,70.0,35,0.0,0.0,0.0,0.0,0.0,0.0,0.0,0.0,0.0,0.0,0.0,0.0,0.0,0.0,0.0,0.0,66.4,0,150,71,52,65476,0,300,0,0,8,20529,65476,0,0,44564,70.0,0.0,0.0,0.0,0.0,0.0
2026-09-10T21:30:20,ERR,ERR,ERR,ERR,ERR,ERR,ERR,ERR,ERR,ERR,ERR,ERR,ERR,ERR,ERR,ERR,ERR,ERR,ERR,ERR,ERR,ERR,ERR,ERR,ERR,ERR,ERR,ERR,ERR,ERR,ERR,ERR,ERR,ERR,ERR,ERR,ERR,ERR,ERR,ERR,ERR,ERR,ERR,ERR,ERR,ERR,ERR,ERR,ERR,ERR,ERR,ERR,ERR,ERR,ERR,ERR,ERR,ERR,ERR,ERR,ERR,ERR,ERR,ERR,ERR,ERR,ERR,ERR,ERR,ERR,ERR,ERR,ERR,ERR,ERR,ERR,ERR,ERR,ERR,ERR,ERR,ERR,ERR,ERR,ERR,ERR,ERR,ERR,ERR,ERR,ERR,ERR,ERR,ERR,ERR,ERR,ERR,ERR,ERR,ERR,ERR,ERR,ERR,ERR,ERR,ERR,ERR,ERR,ERR,ERR,ERR,ERR,ERR,ERR,ERR,ERR,ERR,ERR,ERR,ERR,ERR,ERR,ERR,ERR,ERR,0.0,0.0,2.6474835549302285e+23,0.0,0.0,1.3936040501711995e+18,7.805,0.0,0,0,4,0,7116,0.0,100,0.0,0.0,0.0,0.0,0.0,0,0,0,0,0.0,0,0,0,0,0,0,0,0,0,0,0,0,0,0,0,0,0,0,0,0,0,0,0,0,0,0,0,0,0,0,0,0,0,31,40,40,71,65476,0,300,0,0,8,21553,0.0,-107605600.0,0.0,0.0,0.0,0.0,0.0,0.0,0.0,0.0,0.0,0.0,0.0,0.0,0.0,0.0,0.0,0.0,0.0,0.0,0.0,0.0,-2.004,2.004,-0.0,-0.0,0.0,0.0,0.0,0.0,4491.0,2.004,6921.0,0.0,0.0,0.0,0.0,0.0,0.0,0.0,0.0,69,-89221.141,-0.0,0.0,0.0,0.0,0.0,0.0,0.0,0.0,0,0,0,0.0,0.0,0.0,0.0,0.0,0.0,0.0,0.0,0.0,0.0,0.0,0.0,0.0,0.0,0.0,0.0,0,-107875648.0,69,0.0,138,0.0,-109183072.0,0,13107,17086,26215,17101,39322,17081,0,0,0,70,68,100,2.7302399002429377e+23,82.2,2.730238459091057e+23,78.0,0.0,79.0,1,49,50,180,13107,52429,0,0,0.0,0.0,0.0,0.0,-0.0,67.0,0.0,162057.094,0.0,976,0,1004,0,0,0,951,0,1027,0,928,0,790,0,781,0,822,0,7520,0.032,9.56924848823683e+19,0.0,0.0,784,16797,-0.0,162057.094,-114818.039,-0.0,0.133,6.909358625270745e+28,30.0,70.0,35,0.0,0.0,0.0,0.0,0.0,0.0,0.0,0.0,0.0,0.0,0.0,0.0,0.0,0.0,0.0,0.0,66.4,0,150,71,52,65476,0,300,0,0,8,20529,65476,0,0,44564,70.0,0.0,0.0,0.0,0.0,0.0
2026-09-10T21:30:21,ERR,ERR,ERR,ERR,ERR,ERR,ERR,ERR,ERR,ERR,ERR,ERR,ERR,ERR,ERR,ERR,ERR,ERR,ERR,ERR,ERR,ERR,ERR,ERR,ERR,ERR,ERR,ERR,ERR,ERR,ERR,ERR,ERR,ERR,ERR,ERR,ERR,ERR,ERR,ERR,ERR,ERR,ERR,ERR,ERR,ERR,ERR,ERR,ERR,ERR,ERR,ERR,ERR,ERR,ERR,ERR,ERR,ERR,ERR,ERR,ERR,ERR,ERR,ERR,ERR,ERR,ERR,ERR,ERR,ERR,ERR,ERR,ERR,ERR,ERR,ERR,ERR,ERR,ERR,ERR,ERR,ERR,ERR,ERR,ERR,ERR,ERR,ERR,ERR,ERR,ERR,ERR,ERR,ERR,ERR,ERR,ERR,ERR,ERR,ERR,ERR,ERR,ERR,ERR,ERR,ERR,ERR,ERR,ERR,ERR,ERR,ERR,ERR,ERR,ERR,ERR,ERR,ERR,ERR,ERR,ERR,ERR,ERR,ERR,ERR,0.0,0.0,2.6474835549302285e+23,0.0,0.0,1.3936040501711995e+18,7.805,0.0,0,0,4,0,7116,0.0,100,0.0,0.0,0.0,0.0,0.0,0,0,0,0,0.0,0,0,0,0,0,0,0,0,0,0,0,0,0,0,0,0,0,0,0,0,0,0,0,0,0,0,0,0,0,0,0,0,0,31,40,40,71,65476,0,300,0,0,8,21553,0.0,-107605600.0,0.0,0.0,0.0,0.0,0.0,0.0,0.0,0.0,0.0,0.0,0.0,0.0,0.0,0.0,0.0,0.0,0.0,0.0,0.0,0.0,-2.004,2.004,-0.0,-0.0,0.0,0.0,0.0,0.0,4491.0,2.004,6921.0,0.0,0.0,0.0,0.0,0.0,0.0,0.0,0.0,69,-89221.141,-0.0,0.0,0.0,0.0,0.0,0.0,0.0,0.0,0,0,0,0.0,0.0,0.0,0.0,0.0,0.0,0.0,0.0,0.0,0.0,0.0,0.0,0.0,0.0,0.0,0.0,0,-107875648.0,69,0.0,138,0.0,-109183072.0,0,13107,17086,26215,17101,39322,17081,0,0,0,70,68,100,2.7302399002429377e+23,82.2,2.730238459091057e+23,78.0,0.0,79.0,1,49,50,180,13107,52429,0,0,0.0,0.0,0.0,0.0,-0.0,67.0,0.0,162057.094,0.0,976,0,1004,0,0,0,951,0,1027,0,928,0,790,0,781,0,822,0,7520,0.032,9.56924848823683e+19,0.0,0.0,784,16797,-0.0,162057.094,-114818.039,-0.0,0.133,6.909358625270745e+28,30.0,70.0,35,0.0,0.0,0.0,0.0,0.0,0.0,0.0,0.0,0.0,0.0,0.0,0.0,0.0,0.0,0.0,0.0,66.4,0,150,71,52,65476,0,300,0,0,8,20529,65476,0,0,44564,70.0,0.0,0.0,0.0,0.0,0.0
2026-09-10T21:30:22,ERR,ERR,ERR,ERR,ERR,ERR,ERR,ERR,ERR,ERR,ERR,ERR,ERR,ERR,ERR,ERR,ERR,ERR,ERR,ERR,ERR,ERR,ERR,ERR,ERR,ERR,ERR,ERR,ERR,ERR,ERR,ERR,ERR,ERR,ERR,ERR,ERR,ERR,ERR,ERR,ERR,ERR,ERR,ERR,ERR,ERR,ERR,ERR,ERR,ERR,ERR,ERR,ERR,ERR,ERR,ERR,ERR,ERR,ERR,ERR,ERR,ERR,ERR,ERR,ERR,ERR,ERR,ERR,ERR,ERR,ERR,ERR,ERR,ERR,ERR,ERR,ERR,ERR,ERR,ERR,ERR,ERR,ERR,ERR,ERR,ERR,ERR,ERR,ERR,ERR,ERR,ERR,ERR,ERR,ERR,ERR,ERR,ERR,ERR,ERR,ERR,ERR,ERR,ERR,ERR,ERR,ERR,ERR,ERR,ERR,ERR,ERR,ERR,ERR,ERR,ERR,ERR,ERR,ERR,ERR,ERR,ERR,ERR,ERR,ERR,0.0,0.0,2.6474835549302285e+23,0.0,0.0,1.3936040501711995e+18,7.805,0.0,0,0,4,0,7116,0.0,100,0.0,0.0,0.0,0.0,0.0,0,0,0,0,0.0,0,0,0,0,0,0,0,0,0,0,0,0,0,0,0,0,0,0,0,0,0,0,0,0,0,0,0,0,0,0,0,0,0,31,40,40,71,65476,0,300,0,0,8,21553,0.0,-107605600.0,0.0,0.0,0.0,0.0,0.0,0.0,0.0,0.0,0.0,0.0,0.0,0.0,0.0,0.0,0.0,0.0,0.0,0.0,0.0,0.0,-2.004,2.004,-0.0,-2.004,0.0,0.0,0.0,0.0,4495.0,8608165888.0,6924.0,0.0,0.0,0.0,2.718429120148166e+23,0.0,0.0,0.0,0.0,69,-107615376.0,-0.0,0.0,0.0,0.0,0.0,0.0,0.0,0.0,0,0,0,0.0,0.0,0.0,0.0,0.0,0.0,0.0,0.0,0.0,0.0,0.0,0.0,0.0,0.0,0.0,0.0,0,-107875648.0,69,0.0,138,0.0,-109183072.0,0,13107,17086,26215,17101,39322,17081,0,0,0,70,68,100,2.7302399002429377e+23,82.2,2.730238459091057e+23,78.0,0.0,79.0,1,49,50,180,13107,52429,0,0,0.0,0.0,0.0,0.0,-0.0,67.0,0.0,162057.094,0.0,976,0,1004,0,0,0,951,0,1027,0,928,0,790,0,781,0,822,0,7520,0.032,9.56924848823683e+19,0.0,0.0,784,16797,-0.0,162057.094,-114818.039,-0.0,0.133,6.909358625270745e+28,30.0,70.0,35,0.0,0.0,0.0,0.0,0.0,0.0,0.0,0.0,0.0,0.0,0.0,0.0,0.0,0.0,0.0,0.0,66.4,0,150,71,52,65476,0,300,0,0,8,20529,65476,0,0,44564,70.0,0.0,0.0,0.0,0.0,0.0
2026-09-10T21:30:23,ERR,ERR,ERR,ERR,ERR,ERR,ERR,ERR,ERR,ERR,ERR,ERR,ERR,ERR,ERR,ERR,ERR,ERR,ERR,ERR,ERR,ERR,ERR,ERR,ERR,ERR,ERR,ERR,ERR,ERR,ERR,ERR,ERR,ERR,ERR,ERR,ERR,ERR,ERR,ERR,ERR,ERR,ERR,ERR,ERR,ERR,ERR,ERR,ERR,ERR,ERR,ERR,ERR,ERR,ERR,ERR,ERR,ERR,ERR,ERR,ERR,ERR,ERR,ERR,ERR,ERR,ERR,ERR,ERR,ERR,ERR,ERR,ERR,ERR,ERR,ERR,ERR,ERR,ERR,ERR,ERR,ERR,ERR,ERR,ERR,ERR,ERR,ERR,ERR,ERR,ERR,ERR,ERR,ERR,ERR,ERR,ERR,ERR,ERR,ERR,ERR,ERR,ERR,ERR,ERR,ERR,ERR,ERR,ERR,ERR,ERR,ERR,ERR,ERR,ERR,ERR,ERR,ERR,ERR,ERR,ERR,ERR,ERR,ERR,ERR,0.0,0.0,2.6474835549302285e+23,0.0,0.0,1.3936040501711995e+18,7.805,0.0,0,0,4,0,7116,0.0,100,0.0,0.0,0.0,0.0,0.0,0,0,0,0,0.0,0,0,0,0,0,0,0,0,0,0,0,0,0,0,0,0,0,0,0,0,0,0,0,0,0,0,0,0,0,0,0,0,0,31,40,40,71,65476,0,300,0,0,8,21553,0.0,-107605600.0,0.0,0.0,0.0,0.0,0.0,0.0,0.0,0.0,0.0,0.0,0.0,0.0,0.0,0.0,0.0,0.0,0.0,0.0,0.0,0.0,-2.004,2.004,-0.0,-2.004,0.0,0.0,0.0,0.0,4495.0,8608165888.0,6924.0,0.0,0.0,0.0,2.718429120148166e+23,0.0,0.0,0.0,0.0,69,-107615376.0,-0.0,0.0,0.0,0.0,0.0,0.0,0.0,0.0,0,0,0,0.0,0.0,0.0,0.0,0.0,0.0,0.0,0.0,0.0,0.0,0.0,0.0,0.0,0.0,0.0,0.0,0,-107875648.0,69,0.0,138,0.0,-109183072.0,0,13107,17086,26215,17101,39322,17081,0,0,0,70,68,100,2.7302399002429377e+23,82.2,2.730238459091057e+23,78.0,0.0,79.0,1,49,50,180,13107,52429,0,0,0.0,0.0,0.0,0.0,-0.0,67.0,0.0,162057.094,0.0,976,0,1004,0,0,0,951,0,1027,0,928,0,790,0,781,0,822,0,7520,0.032,9.56924848823683e+19,0.0,0.0,784,16797,-0.0,162057.094,-114818.039,-0.0,0.133,6.909358625270745e+28,30.0,70.0,35,0.0,0.0,0.0,0.0,0.0,0.0,0.0,0.0,0.0,0.0,0.0,0.0,0.0,0.0,0.0,0.0,66.4,0,150,71,52,65476,0,300,0,0,8,20529,65476,0,0,44564,70.0,0.0,0.0,0.0,0.0,0.0
2026-09-10T21:30:24,ERR,ERR,ERR,ERR,ERR,ERR,ERR,ERR,ERR,ERR,ERR,ERR,ERR,ERR,ERR,ERR,ERR,ERR,ERR,ERR,ERR,ERR,ERR,ERR,ERR,ERR,ERR,ERR,ERR,ERR,ERR,ERR,ERR,ERR,ERR,ERR,ERR,ERR,ERR,ERR,ERR,ERR,ERR,ERR,ERR,ERR,ERR,ERR,ERR,ERR,ERR,ERR,ERR,ERR,ERR,ERR,ERR,ERR,ERR,ERR,ERR,ERR,ERR,ERR,ERR,ERR,ERR,ERR,ERR,ERR,ERR,ERR,ERR,ERR,ERR,ERR,ERR,ERR,ERR,ERR,ERR,ERR,ERR,ERR,ERR,ERR,ERR,ERR,ERR,ERR,ERR,ERR,ERR,ERR,ERR,ERR,ERR,ERR,ERR,ERR,ERR,ERR,ERR,ERR,ERR,ERR,ERR,ERR,ERR,ERR,ERR,ERR,ERR,ERR,ERR,ERR,ERR,ERR,ERR,ERR,ERR,ERR,ERR,ERR,ERR,0.0,0.0,2.6474835549302285e+23,0.0,0.0,1.3936040501711995e+18,7.805,0.0,0,0,4,0,7116,0.0,100,0.0,0.0,0.0,0.0,0.0,0,0,0,0,0.0,0,0,0,0,0,0,0,0,0,0,0,0,0,0,0,0,0,0,0,0,0,0,0,0,0,0,0,0,0,0,0,0,0,31,40,40,71,65476,0,300,0,0,8,21553,0.0,-107605600.0,0.0,0.0,0.0,0.0,0.0,0.0,0.0,0.0,0.0,0.0,0.0,0.0,0.0,0.0,0.0,0.0,0.0,0.0,0.0,0.0,-2.004,2.004,-0.0,-2.004,0.0,0.0,0.0,0.0,4495.0,8608165888.0,6924.0,0.0,0.0,0.0,2.718429120148166e+23,0.0,0.0,0.0,0.0,69,-107615376.0,-0.0,0.0,0.0,0.0,0.0,0.0,0.0,0.0,0,0,0,0.0,0.0,0.0,0.0,0.0,0.0,0.0,0.0,0.0,0.0,0.0,0.0,0.0,0.0,0.0,0.0,0,-107875648.0,69,0.0,138,0.0,-109183072.0,0,13107,17086,26215,17101,39322,17081,0,0,0,70,68,100,2.7302399002429377e+23,82.2,2.730238459091057e+23,78.0,0.0,79.0,1,49,50,180,13107,52429,0,0,0.0,0.0,0.0,0.0,-0.0,67.0,0.0,162057.094,0.0,976,0,1004,0,0,0,951,0,1027,0,928,0,790,0,781,0,822,0,7520,0.032,9.56924848823683e+19,0.0,0.0,784,16797,-0.0,162057.094,-114818.039,-0.0,0.133,6.909358625270745e+28,30.0,70.0,35,0.0,0.0,0.0,0.0,0.0,0.0,0.0,0.0,0.0,0.0,0.0,0.0,0.0,0.0,0.0,0.0,66.8,0,150,71,52,65476,0,300,0,0,8,20529,65476,0,0,44564,70.0,0.0,0.0,0.0,0.0,0.0
2026-09-10T21:30:25,ERR,ERR,ERR,ERR,ERR,ERR,ERR,ERR,ERR,ERR,ERR,ERR,ERR,ERR,ERR,ERR,ERR,ERR,ERR,ERR,ERR,ERR,ERR,ERR,ERR,ERR,ERR,ERR,ERR,ERR,ERR,ERR,ERR,ERR,ERR,ERR,ERR,ERR,ERR,ERR,ERR,ERR,ERR,ERR,ERR,ERR,ERR,ERR,ERR,ERR,ERR,ERR,ERR,ERR,ERR,ERR,ERR,ERR,ERR,ERR,ERR,ERR,ERR,ERR,ERR,ERR,ERR,ERR,ERR,ERR,ERR,ERR,ERR,ERR,ERR,ERR,ERR,ERR,ERR,ERR,ERR,ERR,ERR,ERR,ERR,ERR,ERR,ERR,ERR,ERR,ERR,ERR,ERR,ERR,ERR,ERR,ERR,ERR,ERR,ERR,ERR,ERR,ERR,ERR,ERR,ERR,ERR,ERR,ERR,ERR,ERR,ERR,ERR,ERR,ERR,ERR,ERR,ERR,ERR,ERR,ERR,ERR,ERR,ERR,ERR,0.0,0.0,2.6474835549302285e+23,0.0,0.0,1.3936040501711995e+18,7.805,0.0,0,0,4,0,7116,0.0,100,0.0,0.0,0.0,0.0,0.0,0,0,0,0,0.0,0,0,0,0,0,0,0,0,0,0,0,0,0,0,0,0,0,0,0,0,0,0,0,0,0,0,0,0,0,0,0,0,0,31,40,40,71,65476,0,300,0,0,8,21553,0.0,-107605600.0,0.0,0.0,0.0,0.0,0.0,0.0,0.0,0.0,0.0,0.0,0.0,0.0,0.0,0.0,0.0,0.0,0.0,0.0,0.0,0.0,-2.004,2.004,-0.0,-2.004,0.0,0.0,0.0,0.0,4495.0,8608165888.0,6924.0,0.0,0.0,0.0,2.718429120148166e+23,0.0,0.0,0.0,0.0,69,-107615376.0,-0.0,0.0,0.0,0.0,0.0,0.0,0.0,0.0,0,0,0,0.0,0.0,0.0,0.0,0.0,0.0,0.0,0.0,0.0,0.0,0.0,0.0,0.0,0.0,0.0,0.0,0,-107875648.0,69,0.0,138,0.0,-109183072.0,0,13107,17086,26215,17101,39322,17081,0,0,0,70,68,100,2.7302399002429377e+23,82.2,2.730238459091057e+23,78.0,0.0,79.0,1,49,50,180,13107,52429,0,0,0.0,0.0,0.0,0.0,-0.0,67.0,0.0,162057.094,0.0,976,0,1004,0,0,0,951,0,1027,0,928,0,790,0,781,0,822,0,7520,0.032,9.56924848823683e+19,0.0,0.0,784,16797,-0.0,162057.094,-114818.039,-0.0,0.133,6.909358625270745e+28,30.0,70.0,35,0.0,0.0,0.0,0.0,0.0,0.0,0.0,0.0,0.0,0.0,0.0,0.0,0.0,0.0,0.0,0.0,66.8,0,150,71,52,65476,0,300,0,0,8,20529,65476,0,0,44564,70.0,0.0,0.0,0.0,0.0,0.0
2026-09-10T21:30:26,ERR,ERR,ERR,ERR,ERR,ERR,ERR,ERR,ERR,ERR,ERR,ERR,ERR,ERR,ERR,ERR,ERR,ERR,ERR,ERR,ERR,ERR,ERR,ERR,ERR,ERR,ERR,ERR,ERR,ERR,ERR,ERR,ERR,ERR,ERR,ERR,ERR,ERR,ERR,ERR,ERR,ERR,ERR,ERR,ERR,ERR,ERR,ERR,ERR,ERR,ERR,ERR,ERR,ERR,ERR,ERR,ERR,ERR,ERR,ERR,ERR,ERR,ERR,ERR,ERR,ERR,ERR,ERR,ERR,ERR,ERR,ERR,ERR,ERR,ERR,ERR,ERR,ERR,ERR,ERR,ERR,ERR,ERR,ERR,ERR,ERR,ERR,ERR,ERR,ERR,ERR,ERR,ERR,ERR,ERR,ERR,ERR,ERR,ERR,ERR,ERR,ERR,ERR,ERR,ERR,ERR,ERR,ERR,ERR,ERR,ERR,ERR,ERR,ERR,ERR,ERR,ERR,ERR,ERR,ERR,ERR,ERR,ERR,ERR,ERR,0.0,0.0,2.6474835549302285e+23,0.0,0.0,1.3936040501711995e+18,7.805,0.0,0,0,4,0,7116,0.0,100,0.0,0.0,0.0,0.0,0.0,0,0,0,0,0.0,0,0,0,0,0,0,0,0,0,0,0,0,0,0,0,0,0,0,0,0,0,0,0,0,0,0,0,0,0,0,0,0,0,31,40,40,71,65476,0,300,0,0,8,21553,0.0,-107605600.0,0.0,0.0,0.0,0.0,0.0,0.0,0.0,0.0,0.0,0.0,0.0,0.0,0.0,0.0,0.0,0.0,0.0,0.0,0.0,0.0,-2.004,2.004,-0.0,-2.004,0.0,0.0,0.0,0.0,4495.0,8608165888.0,6924.0,0.0,0.0,0.0,2.718429120148166e+23,0.0,0.0,0.0,0.0,69,-107615376.0,-0.0,0.0,0.0,0.0,0.0,0.0,0.0,0.0,0,0,0,0.0,0.0,0.0,0.0,0.0,0.0,0.0,0.0,0.0,0.0,0.0,0.0,0.0,0.0,0.0,0.0,0,-107875648.0,69,0.0,138,0.0,-109183072.0,0,13107,17086,26215,17101,39322,17081,0,0,0,70,68,100,2.7302399002429377e+23,82.1,2.730238459091057e+23,78.0,0.0,79.0,1,49,50,180,13107,52429,0,0,0.0,0.0,0.0,0.0,-0.0,67.0,0.0,162057.094,0.0,976,0,1004,0,0,0,951,0,1027,0,928,0,790,0,781,0,822,0,7520,0.032,9.626894563467172e+19,0.0,0.0,784,16797,-0.0,162057.094,-114818.039,-0.0,0.133,6.909358625270745e+28,30.0,70.0,35,0.0,0.0,0.0,0.0,0.0,0.0,0.0,0.0,0.0,0.0,0.0,0.0,0.0,0.0,0.0,0.0,66.4,0,150,71,52,65476,0,300,0,0,8,20529,65476,0,0,44564,70.0,0.0,0.0,0.0,0.0,0.0
2026-09-10T21:30:27,ERR,ERR,ERR,ERR,ERR,ERR,ERR,ERR,ERR,ERR,ERR,ERR,ERR,ERR,ERR,ERR,ERR,ERR,ERR,ERR,ERR,ERR,ERR,ERR,ERR,ERR,ERR,ERR,ERR,ERR,ERR,ERR,ERR,ERR,ERR,ERR,ERR,ERR,ERR,ERR,ERR,ERR,ERR,ERR,ERR,ERR,ERR,ERR,ERR,ERR,ERR,ERR,ERR,ERR,ERR,ERR,ERR,ERR,ERR,ERR,ERR,ERR,ERR,ERR,ERR,ERR,ERR,ERR,ERR,ERR,ERR,ERR,ERR,ERR,ERR,ERR,ERR,ERR,ERR,ERR,ERR,ERR,ERR,ERR,ERR,ERR,ERR,ERR,ERR,ERR,ERR,ERR,ERR,ERR,ERR,ERR,ERR,ERR,ERR,ERR,ERR,ERR,ERR,ERR,ERR,ERR,ERR,ERR,ERR,ERR,ERR,ERR,ERR,ERR,ERR,ERR,ERR,ERR,ERR,ERR,ERR,ERR,ERR,ERR,ERR,0.0,0.0,2.6474835549302285e+23,0.0,0.0,1.3936040501711995e+18,7.805,0.0,0,0,4,0,7116,0.0,100,0.0,0.0,0.0,0.0,0.0,0,0,0,0,0.0,0,0,0,0,0,0,0,0,0,0,0,0,0,0,0,0,0,0,0,0,0,0,0,0,0,0,0,0,0,0,0,0,0,31,40,40,71,65476,0,300,0,0,8,21553,0.0,-107605600.0,0.0,0.0,0.0,0.0,0.0,0.0,0.0,0.0,0.0,0.0,0.0,0.0,0.0,0.0,0.0,0.0,0.0,0.0,0.0,0.0,-2.004,2.004,-0.0,-2.004,0.0,0.0,0.0,0.0,4495.0,8608165888.0,6924.0,0.0,0.0,0.0,2.718429120148166e+23,0.0,0.0,0.0,0.0,69,-107615376.0,-0.0,0.0,0.0,0.0,0.0,0.0,0.0,0.0,0,0,0,0.0,0.0,0.0,0.0,0.0,0.0,0.0,0.0,0.0,0.0,0.0,0.0,0.0,0.0,0.0,0.0,0,-107875648.0,69,0.0,138,0.0,-109183072.0,0,13107,17086,26215,17101,39322,17081,0,0,0,70,68,100,2.7302399002429377e+23,82.1,2.730238459091057e+23,78.0,0.0,79.0,1,49,50,180,13107,52429,0,0,0.0,0.0,0.0,0.0,-0.0,67.0,0.0,162057.094,0.0,976,0,1004,0,0,0,951,0,1027,0,928,0,790,0,781,0,822,0,7520,0.032,9.626894563467172e+19,0.0,0.0,784,16797,-0.0,162057.094,-114818.039,-0.0,0.133,6.909358625270745e+28,30.0,70.0,35,0.0,0.0,0.0,0.0,0.0,0.0,0.0,0.0,0.0,0.0,0.0,0.0,0.0,0.0,0.0,0.0,66.4,0,150,71,52,65476,0,300,0,0,8,20529,65476,0,0,44564,70.0,0.0,0.0,0.0,0.0,0.0
2026-09-10T21:30:28,ERR,ERR,ERR,ERR,ERR,ERR,ERR,ERR,ERR,ERR,ERR,ERR,ERR,ERR,ERR,ERR,ERR,ERR,ERR,ERR,ERR,ERR,ERR,ERR,ERR,ERR,ERR,ERR,ERR,ERR,ERR,ERR,ERR,ERR,ERR,ERR,ERR,ERR,ERR,ERR,ERR,ERR,ERR,ERR,ERR,ERR,ERR,ERR,ERR,ERR,ERR,ERR,ERR,ERR,ERR,ERR,ERR,ERR,ERR,ERR,ERR,ERR,ERR,ERR,ERR,ERR,ERR,ERR,ERR,ERR,ERR,ERR,ERR,ERR,ERR,ERR,ERR,ERR,ERR,ERR,ERR,ERR,ERR,ERR,ERR,ERR,ERR,ERR,ERR,ERR,ERR,ERR,ERR,ERR,ERR,ERR,ERR,ERR,ERR,ERR,ERR,ERR,ERR,ERR,ERR,ERR,ERR,ERR,ERR,ERR,ERR,ERR,ERR,ERR,ERR,ERR,ERR,ERR,ERR,ERR,ERR,ERR,ERR,ERR,ERR,0.0,0.0,2.6474835549302285e+23,0.0,0.0,1.3936040501711995e+18,7.805,0.0,0,0,4,0,7116,0.0,100,0.0,0.0,0.0,0.0,0.0,0,0,0,0,0.0,0,0,0,0,0,0,0,0,0,0,0,0,0,0,0,0,0,0,0,0,0,0,0,0,0,0,0,0,0,0,0,0,0,31,40,40,71,65476,0,300,0,0,8,21553,0.0,-107605600.0,0.0,0.0,0.0,0.0,0.0,0.0,0.0,0.0,0.0,0.0,0.0,0.0,0.0,0.0,0.0,0.0,0.0,0.0,0.0,0.0,-2.004,2.004,-0.0,-2.004,0.0,0.0,0.0,0.0,4495.0,8608165888.0,6924.0,0.0,0.0,0.0,2.718429120148166e+23,0.0,0.0,0.0,0.0,69,-107615376.0,-0.0,0.0,0.0,0.0,0.0,0.0,0.0,0.0,0,0,0,0.0,0.0,0.0,0.0,0.0,0.0,0.0,0.0,0.0,0.0,0.0,0.0,0.0,0.0,0.0,0.0,0,-107875648.0,69,0.0,138,0.0,-109183072.0,0,13107,17086,26215,17101,39322,17081,0,0,0,70,68,100,2.7302399002429377e+23,82.1,2.730238459091057e+23,78.0,0.0,79.0,1,49,50,180,13107,52429,0,0,0.0,0.0,0.0,0.0,-0.0,67.0,0.0,162057.094,0.0,976,0,1004,0,0,0,951,0,1027,0,928,0,790,0,781,0,822,0,7520,0.032,9.626894563467172e+19,0.0,0.0,784,16797,-0.0,162057.094,-114818.039,-0.0,0.133,6.909358625270745e+28,30.0,70.0,35,0.0,0.0,0.0,0.0,0.0,0.0,0.0,0.0,0.0,0.0,0.0,0.0,0.0,0.0,0.0,0.0,66.4,0,150,71,52,65476,0,300,0,0,8,20529,65476,0,0,44564,70.0,0.0,0.0,0.0,0.0,0.0
2026-09-10T21:30:29,ERR,ERR,ERR,ERR,ERR,ERR,ERR,ERR,ERR,ERR,ERR,ERR,ERR,ERR,ERR,ERR,ERR,ERR,ERR,ERR,ERR,ERR,ERR,ERR,ERR,ERR,ERR,ERR,ERR,ERR,ERR,ERR,ERR,ERR,ERR,ERR,ERR,ERR,ERR,ERR,ERR,ERR,ERR,ERR,ERR,ERR,ERR,ERR,ERR,ERR,ERR,ERR,ERR,ERR,ERR,ERR,ERR,ERR,ERR,ERR,ERR,ERR,ERR,ERR,ERR,ERR,ERR,ERR,ERR,ERR,ERR,ERR,ERR,ERR,ERR,ERR,ERR,ERR,ERR,ERR,ERR,ERR,ERR,ERR,ERR,ERR,ERR,ERR,ERR,ERR,ERR,ERR,ERR,ERR,ERR,ERR,ERR,ERR,ERR,ERR,ERR,ERR,ERR,ERR,ERR,ERR,ERR,ERR,ERR,ERR,ERR,ERR,ERR,ERR,ERR,ERR,ERR,ERR,ERR,ERR,ERR,ERR,ERR,ERR,ERR,0.0,0.0,2.6474835549302285e+23,0.0,0.0,1.3936040501711995e+18,7.805,0.0,0,0,4,0,7116,0.0,100,0.0,0.0,0.0,0.0,0.0,0,0,0,0,0.0,0,0,0,0,0,0,0,0,0,0,0,0,0,0,0,0,0,0,0,0,0,0,0,0,0,0,0,0,0,0,0,0,0,31,40,40,71,65476,0,300,0,0,8,21553,0.0,-107605600.0,0.0,0.0,0.0,0.0,0.0,0.0,0.0,0.0,0.0,0.0,0.0,0.0,0.0,0.0,0.0,0.0,0.0,0.0,0.0,0.0,-2.004,2.004,-0.0,-2.004,0.0,0.0,0.0,0.0,4495.0,8608165888.0,6924.0,0.0,0.0,0.0,2.718429120148166e+23,0.0,0.0,0.0,0.0,69,-107615376.0,-0.0,0.0,0.0,0.0,0.0,0.0,0.0,0.0,0,0,0,0.0,0.0,0.0,0.0,0.0,0.0,0.0,0.0,0.0,0.0,0.0,0.0,0.0,0.0,0.0,0.0,0,-107875648.0,69,0.0,138,0.0,-109183072.0,0,13107,17086,26215,17101,39322,17081,0,0,0,70,68,100,2.7302399002429377e+23,82.1,2.730238459091057e+23,78.0,0.0,79.0,1,49,50,180,13107,52429,0,0,0.0,0.0,0.0,0.0,-0.0,67.0,0.0,162057.094,0.0,976,0,1004,0,0,0,951,0,1027,0,928,0,790,0,781,0,822,0,7520,0.032,9.626894563467172e+19,0.0,0.0,784,16797,-0.0,162057.094,-114818.039,-0.0,0.133,6.909358625270745e+28,30.0,70.0,35,0.0,0.0,0.0,0.0,0.0,0.0,0.0,0.0,0.0,0.0,0.0,0.0,0.0,0.0,0.0,0.0,66.8,0,150,71,52,65476,0,300,0,0,8,20529,65476,0,0,44564,70.0,0.0,0.0,0.0,0.0,0.0
2026-09-10T21:30:30,ERR,ERR,ERR,ERR,ERR,ERR,ERR,ERR,ERR,ERR,ERR,ERR,ERR,ERR,ERR,ERR,ERR,ERR,ERR,ERR,ERR,ERR,ERR,ERR,ERR,ERR,ERR,ERR,ERR,ERR,ERR,ERR,ERR,ERR,ERR,ERR,ERR,ERR,ERR,ERR,ERR,ERR,ERR,ERR,ERR,ERR,ERR,ERR,ERR,ERR,ERR,ERR,ERR,ERR,ERR,ERR,ERR,ERR,ERR,ERR,ERR,ERR,ERR,ERR,ERR,ERR,ERR,ERR,ERR,ERR,ERR,ERR,ERR,ERR,ERR,ERR,ERR,ERR,ERR,ERR,ERR,ERR,ERR,ERR,ERR,ERR,ERR,ERR,ERR,ERR,ERR,ERR,ERR,ERR,ERR,ERR,ERR,ERR,ERR,ERR,ERR,ERR,ERR,ERR,ERR,ERR,ERR,ERR,ERR,ERR,ERR,ERR,ERR,ERR,ERR,ERR,ERR,ERR,ERR,ERR,ERR,ERR,ERR,ERR,ERR,0.0,0.0,2.6474835549302285e+23,0.0,0.0,1.3936040501711995e+18,7.805,0.0,0,0,4,0,7116,0.0,100,0.0,0.0,0.0,0.0,0.0,0,0,0,0,0.0,0,0,0,0,0,0,0,0,0,0,0,0,0,0,0,0,0,0,0,0,0,0,0,0,0,0,0,0,0,0,0,0,0,31,40,40,71,65476,0,300,0,0,8,21553,0.0,-107605600.0,0.0,0.0,0.0,0.0,0.0,0.0,0.0,0.0,0.0,0.0,0.0,0.0,0.0,0.0,0.0,0.0,0.0,0.0,0.0,0.0,-2.004,2.004,-0.0,-2.004,0.0,0.0,0.0,0.0,4490.0,3.69717909675028e+19,6924.0,0.0,0.0,0.0,2.718429120148166e+23,0.0,0.0,0.0,0.0,69,-71.63,-0.0,0.0,0.0,0.0,0.0,0.0,0.0,0.0,0,0,0,0.0,0.0,0.0,0.0,0.0,0.0,0.0,0.0,0.0,0.0,0.0,0.0,0.0,0.0,0.0,0.0,0,-107875648.0,69,0.0,138,0.0,-109183072.0,0,13107,17086,26215,17101,39322,17081,0,0,0,70,68,100,2.7302399002429377e+23,82.1,2.730238459091057e+23,78.0,0.0,79.0,1,49,50,180,13107,52429,0,0,0.0,0.0,0.0,0.0,-0.0,67.0,0.0,162057.094,0.0,976,0,1004,0,0,0,951,0,1027,0,928,0,790,0,781,0,822,0,7520,0.032,9.626894563467172e+19,0.0,0.0,784,16797,-0.0,162057.094,-114818.039,-0.0,0.133,6.909358625270745e+28,30.0,70.0,35,0.0,0.0,0.0,0.0,0.0,0.0,0.0,0.0,0.0,0.0,0.0,0.0,0.0,0.0,0.0,0.0,66.8,0,150,71,52,65476,0,300,0,0,8,20529,65476,0,0,44564,70.0,0.0,0.0,0.0,0.0,0.0
2026-09-10T21:30:31,ERR,ERR,ERR,ERR,ERR,ERR,ERR,ERR,ERR,ERR,ERR,ERR,ERR,ERR,ERR,ERR,ERR,ERR,ERR,ERR,ERR,ERR,ERR,ERR,ERR,ERR,ERR,ERR,ERR,ERR,ERR,ERR,ERR,ERR,ERR,ERR,ERR,ERR,ERR,ERR,ERR,ERR,ERR,ERR,ERR,ERR,ERR,ERR,ERR,ERR,ERR,ERR,ERR,ERR,ERR,ERR,ERR,ERR,ERR,ERR,ERR,ERR,ERR,ERR,ERR,ERR,ERR,ERR,ERR,ERR,ERR,ERR,ERR,ERR,ERR,ERR,ERR,ERR,ERR,ERR,ERR,ERR,ERR,ERR,ERR,ERR,ERR,ERR,ERR,ERR,ERR,ERR,ERR,ERR,ERR,ERR,ERR,ERR,ERR,ERR,ERR,ERR,ERR,ERR,ERR,ERR,ERR,ERR,ERR,ERR,ERR,ERR,ERR,ERR,ERR,ERR,ERR,ERR,ERR,ERR,ERR,ERR,ERR,ERR,ERR,0.0,0.0,2.6474835549302285e+23,0.0,0.0,1.3936040501711995e+18,7.805,0.0,0,0,4,0,7116,0.0,100,0.0,0.0,0.0,0.0,0.0,0,0,0,0,0.0,0,0,0,0,0,0,0,0,0,0,0,0,0,0,0,0,0,0,0,0,0,0,0,0,0,0,0,0,0,0,0,0,0,31,40,40,71,65476,0,300,0,0,8,21553,0.0,-107605600.0,0.0,0.0,0.0,0.0,0.0,0.0,0.0,0.0,0.0,0.0,0.0,0.0,0.0,0.0,0.0,0.0,0.0,0.0,0.0,0.0,-2.004,2.004,-0.0,-2.004,0.0,0.0,0.0,0.0,4490.0,3.69717909675028e+19,6924.0,0.0,0.0,0.0,2.718429120148166e+23,0.0,0.0,0.0,0.0,69,-71.63,-0.0,0.0,0.0,0.0,0.0,0.0,0.0,0.0,0,0,0,0.0,0.0,0.0,0.0,0.0,0.0,0.0,0.0,0.0,0.0,0.0,0.0,0.0,0.0,0.0,0.0,0,-107875648.0,69,0.0,138,0.0,-109183072.0,0,13107,17086,26215,17101,39322,17081,0,0,0,70,68,100,2.7302399002429377e+23,82.1,2.730238459091057e+23,78.0,0.0,79.0,1,49,50,180,13107,52429,0,0,0.0,0.0,0.0,0.0,-0.0,67.0,0.0,162057.094,0.0,976,0,1004,0,0,0,951,0,1027,0,928,0,790,0,781,0,822,0,7520,0.032,9.626894563467172e+19,0.0,0.0,784,16797,-0.0,162057.094,-114818.039,-0.0,0.133,6.909358625270745e+28,30.0,70.0,35,0.0,0.0,0.0,0.0,0.0,0.0,0.0,0.0,0.0,0.0,0.0,0.0,0.0,0.0,0.0,0.0,66.8,0,150,71,52,65476,0,300,0,0,8,20529,65476,0,0,44564,70.0,0.0,0.0,0.0,0.0,0.0
2026-09-10T21:30:32,ERR,ERR,ERR,ERR,ERR,ERR,ERR,ERR,ERR,ERR,ERR,ERR,ERR,ERR,ERR,ERR,ERR,ERR,ERR,ERR,ERR,ERR,ERR,ERR,ERR,ERR,ERR,ERR,ERR,ERR,ERR,ERR,ERR,ERR,ERR,ERR,ERR,ERR,ERR,ERR,ERR,ERR,ERR,ERR,ERR,ERR,ERR,ERR,ERR,ERR,ERR,ERR,ERR,ERR,ERR,ERR,ERR,ERR,ERR,ERR,ERR,ERR,ERR,ERR,ERR,ERR,ERR,ERR,ERR,ERR,ERR,ERR,ERR,ERR,ERR,ERR,ERR,ERR,ERR,ERR,ERR,ERR,ERR,ERR,ERR,ERR,ERR,ERR,ERR,ERR,ERR,ERR,ERR,ERR,ERR,ERR,ERR,ERR,ERR,ERR,ERR,ERR,ERR,ERR,ERR,ERR,ERR,ERR,ERR,ERR,ERR,ERR,ERR,ERR,ERR,ERR,ERR,ERR,ERR,ERR,ERR,ERR,ERR,ERR,ERR,0.0,0.0,2.6474835549302285e+23,0.0,0.0,1.3936040501711995e+18,7.805,0.0,0,0,4,0,7116,0.0,100,0.0,0.0,0.0,0.0,0.0,0,0,0,0,0.0,0,0,0,0,0,0,0,0,0,0,0,0,0,0,0,0,0,0,0,0,0,0,0,0,0,0,0,0,0,0,0,0,0,31,40,40,71,65476,0,300,0,0,8,21553,0.0,-107605600.0,0.0,0.0,0.0,0.0,0.0,0.0,0.0,0.0,0.0,0.0,0.0,0.0,0.0,0.0,0.0,0.0,0.0,0.0,0.0,0.0,-2.004,2.004,-0.0,-2.004,0.0,0.0,0.0,0.0,4490.0,3.69717909675028e+19,6924.0,0.0,0.0,0.0,2.718429120148166e+23,0.0,0.0,0.0,0.0,69,-71.63,-0.0,0.0,0.0,0.0,0.0,0.0,0.0,0.0,0,0,0,0.0,0.0,0.0,0.0,0.0,0.0,0.0,0.0,0.0,0.0,0.0,0.0,0.0,0.0,0.0,0.0,0,-107875648.0,69,0.0,138,0.0,-109183072.0,0,13107,17086,26215,17101,39322,17081,0,0,0,70,68,100,2.7302399002429377e+23,82.2,2.730238459091057e+23,78.0,0.0,79.0,1,49,50,180,13107,52429,0,0,0.0,0.0,0.0,0.0,-0.0,67.0,0.0,162057.094,0.0,975,0,1004,0,0,0,951,0,1027,0,928,0,790,0,781,0,822,0,7520,0.032,9.56924848823683e+19,0.0,0.0,784,16797,-0.0,162057.094,-114818.039,-0.0,0.133,6.909358625270745e+28,30.0,70.0,35,0.0,0.0,0.0,0.0,0.0,0.0,0.0,0.0,0.0,0.0,0.0,0.0,0.0,0.0,0.0,0.0,66.4,0,150,71,52,65476,0,300,0,0,8,20529,65476,0,0,44564,70.0,0.0,0.0,0.0,0.0,0.0
2026-09-10T21:30:33,ERR,ERR,ERR,ERR,ERR,ERR,ERR,ERR,ERR,ERR,ERR,ERR,ERR,ERR,ERR,ERR,ERR,ERR,ERR,ERR,ERR,ERR,ERR,ERR,ERR,ERR,ERR,ERR,ERR,ERR,ERR,ERR,ERR,ERR,ERR,ERR,ERR,ERR,ERR,ERR,ERR,ERR,ERR,ERR,ERR,ERR,ERR,ERR,ERR,ERR,ERR,ERR,ERR,ERR,ERR,ERR,ERR,ERR,ERR,ERR,ERR,ERR,ERR,ERR,ERR,ERR,ERR,ERR,ERR,ERR,ERR,ERR,ERR,ERR,ERR,ERR,ERR,ERR,ERR,ERR,ERR,ERR,ERR,ERR,ERR,ERR,ERR,ERR,ERR,ERR,ERR,ERR,ERR,ERR,ERR,ERR,ERR,ERR,ERR,ERR,ERR,ERR,ERR,ERR,ERR,ERR,ERR,ERR,ERR,ERR,ERR,ERR,ERR,ERR,ERR,ERR,ERR,ERR,ERR,ERR,ERR,ERR,ERR,ERR,ERR,0.0,0.0,2.6474835549302285e+23,0.0,0.0,1.3936040501711995e+18,7.805,0.0,0,0,4,0,7116,0.0,100,0.0,0.0,0.0,0.0,0.0,0,0,0,0,0.0,0,0,0,0,0,0,0,0,0,0,0,0,0,0,0,0,0,0,0,0,0,0,0,0,0,0,0,0,0,0,0,0,0,31,40,40,71,65476,0,300,0,0,8,21553,0.0,-107605600.0,0.0,0.0,0.0,0.0,0.0,0.0,0.0,0.0,0.0,0.0,0.0,0.0,0.0,0.0,0.0,0.0,0.0,0.0,0.0,0.0,-2.004,2.004,-0.0,-2.004,0.0,0.0,0.0,0.0,4490.0,3.69717909675028e+19,6924.0,0.0,0.0,0.0,2.718429120148166e+23,0.0,0.0,0.0,0.0,69,-71.63,-0.0,0.0,0.0,0.0,0.0,0.0,0.0,0.0,0,0,0,0.0,0.0,0.0,0.0,0.0,0.0,0.0,0.0,0.0,0.0,0.0,0.0,0.0,0.0,0.0,0.0,0,-107875648.0,69,0.0,138,0.0,-109183072.0,0,13107,17086,26215,17101,39322,17081,0,0,0,70,68,100,2.7302399002429377e+23,82.2,2.730238459091057e+23,78.0,0.0,79.0,1,49,50,180,13107,52429,0,0,0.0,0.0,0.0,0.0,-0.0,67.0,0.0,162057.094,0.0,975,0,1004,0,0,0,951,0,1027,0,928,0,790,0,781,0,822,0,7520,0.032,9.56924848823683e+19,0.0,0.0,784,16797,-0.0,162057.094,-114818.039,-0.0,0.133,6.909358625270745e+28,30.0,70.0,35,0.0,0.0,0.0,0.0,0.0,0.0,0.0,0.0,0.0,0.0,0.0,0.0,0.0,0.0,0.0,0.0,66.4,0,150,71,52,65476,0,300,0,0,8,20529,65476,0,0,44564,70.0,0.0,0.0,0.0,0.0,0.0
2026-09-10T21:30:34,ERR,ERR,ERR,ERR,ERR,ERR,ERR,ERR,ERR,ERR,ERR,ERR,ERR,ERR,ERR,ERR,ERR,ERR,ERR,ERR,ERR,ERR,ERR,ERR,ERR,ERR,ERR,ERR,ERR,ERR,ERR,ERR,ERR,ERR,ERR,ERR,ERR,ERR,ERR,ERR,ERR,ERR,ERR,ERR,ERR,ERR,ERR,ERR,ERR,ERR,ERR,ERR,ERR,ERR,ERR,ERR,ERR,ERR,ERR,ERR,ERR,ERR,ERR,ERR,ERR,ERR,ERR,ERR,ERR,ERR,ERR,ERR,ERR,ERR,ERR,ERR,ERR,ERR,ERR,ERR,ERR,ERR,ERR,ERR,ERR,ERR,ERR,ERR,ERR,ERR,ERR,ERR,ERR,ERR,ERR,ERR,ERR,ERR,ERR,ERR,ERR,ERR,ERR,ERR,ERR,ERR,ERR,ERR,ERR,ERR,ERR,ERR,ERR,ERR,ERR,ERR,ERR,ERR,ERR,ERR,ERR,ERR,ERR,ERR,ERR,0.0,0.0,2.6474835549302285e+23,0.0,0.0,1.3936040501711995e+18,7.805,0.0,0,0,4,0,7116,0.0,100,0.0,0.0,0.0,0.0,0.0,0,0,0,0,0.0,0,0,0,0,0,0,0,0,0,0,0,0,0,0,0,0,0,0,0,0,0,0,0,0,0,0,0,0,0,0,0,0,0,31,40,40,71,65476,0,300,0,0,8,21553,0.0,-107605600.0,0.0,0.0,0.0,0.0,0.0,0.0,0.0,0.0,0.0,0.0,0.0,0.0,0.0,0.0,0.0,0.0,0.0,0.0,0.0,0.0,-2.004,2.004,-0.0,-2.004,0.0,0.0,0.0,0.0,4490.0,3.69717909675028e+19,6924.0,0.0,0.0,0.0,2.718429120148166e+23,0.0,0.0,0.0,0.0,69,-71.63,-0.0,0.0,0.0,0.0,0.0,0.0,0.0,0.0,0,0,0,0.0,0.0,0.0,0.0,0.0,0.0,0.0,0.0,0.0,0.0,0.0,0.0,0.0,0.0,0.0,0.0,0,-107875648.0,69,0.0,138,0.0,-109183072.0,0,13107,17086,26215,17101,39322,17081,0,0,0,70,68,100,2.7302399002429377e+23,82.2,2.730238459091057e+23,78.0,0.0,79.0,1,49,50,180,13107,52429,0,0,0.0,0.0,0.0,0.0,-0.0,67.0,0.0,162057.094,0.0,975,0,1004,0,0,0,951,0,1027,0,928,0,790,0,781,0,822,0,7520,0.032,9.56924848823683e+19,0.0,0.0,784,16797,-0.0,162057.094,-114818.039,-0.0,0.133,6.909358625270745e+28,30.0,70.0,35,0.0,0.0,0.0,0.0,0.0,0.0,0.0,0.0,0.0,0.0,0.0,0.0,0.0,0.0,0.0,0.0,66.4,0,150,71,52,65476,0,300,0,0,8,20529,65476,0,0,44564,70.0,0.0,0.0,0.0,0.0,0.0
2026-09-10T21:30:35,ERR,ERR,ERR,ERR,ERR,ERR,ERR,ERR,ERR,ERR,ERR,ERR,ERR,ERR,ERR,ERR,ERR,ERR,ERR,ERR,ERR,ERR,ERR,ERR,ERR,ERR,ERR,ERR,ERR,ERR,ERR,ERR,ERR,ERR,ERR,ERR,ERR,ERR,ERR,ERR,ERR,ERR,ERR,ERR,ERR,ERR,ERR,ERR,ERR,ERR,ERR,ERR,ERR,ERR,ERR,ERR,ERR,ERR,ERR,ERR,ERR,ERR,ERR,ERR,ERR,ERR,ERR,ERR,ERR,ERR,ERR,ERR,ERR,ERR,ERR,ERR,ERR,ERR,ERR,ERR,ERR,ERR,ERR,ERR,ERR,ERR,ERR,ERR,ERR,ERR,ERR,ERR,ERR,ERR,ERR,ERR,ERR,ERR,ERR,ERR,ERR,ERR,ERR,ERR,ERR,ERR,ERR,ERR,ERR,ERR,ERR,ERR,ERR,ERR,ERR,ERR,ERR,ERR,ERR,ERR,ERR,ERR,ERR,ERR,ERR,0.0,0.0,2.6474835549302285e+23,0.0,0.0,1.3936040501711995e+18,7.805,0.0,0,0,4,0,7116,0.0,100,0.0,0.0,0.0,0.0,0.0,0,0,0,0,0.0,0,0,0,0,0,0,0,0,0,0,0,0,0,0,0,0,0,0,0,0,0,0,0,0,0,0,0,0,0,0,0,0,0,31,40,40,71,65476,0,300,0,0,8,21553,0.0,-107605600.0,0.0,0.0,0.0,0.0,0.0,0.0,0.0,0.0,0.0,0.0,0.0,0.0,0.0,0.0,0.0,0.0,0.0,0.0,0.0,0.0,-2.004,2.004,-0.0,-2.004,0.0,0.0,0.0,0.0,4490.0,3.69717909675028e+19,6924.0,0.0,0.0,0.0,2.718429120148166e+23,0.0,0.0,0.0,0.0,69,-71.63,-0.0,0.0,0.0,0.0,0.0,0.0,0.0,0.0,0,0,0,0.0,0.0,0.0,0.0,0.0,0.0,0.0,0.0,0.0,0.0,0.0,0.0,0.0,0.0,0.0,0.0,0,-107875648.0,69,0.0,138,0.0,-109183072.0,0,13107,17086,26215,17101,39322,17081,0,0,0,70,68,100,2.7302399002429377e+23,82.2,2.730238459091057e+23,78.0,0.0,79.0,1,49,50,180,13107,52429,0,0,0.0,0.0,0.0,0.0,-0.0,67.0,0.0,162057.094,0.0,975,0,1004,0,0,0,951,0,1027,0,928,0,790,0,781,0,822,0,7520,0.032,9.56924848823683e+19,0.0,0.0,784,16797,-0.0,162057.094,-114818.039,-0.0,0.133,6.909358625270745e+28,30.0,70.0,35,0.0,0.0,0.0,0.0,0.0,0.0,0.0,0.0,0.0,0.0,0.0,0.0,0.0,0.0,0.0,0.0,66.4,0,150,71,52,65476,0,300,0,0,8,20529,65476,0,0,44564,70.0,0.0,0.0,0.0,0.0,0.0
2026-09-10T21:30:36,ERR,ERR,ERR,ERR,ERR,ERR,ERR,ERR,ERR,ERR,ERR,ERR,ERR,ERR,ERR,ERR,ERR,ERR,ERR,ERR,ERR,ERR,ERR,ERR,ERR,ERR,ERR,ERR,ERR,ERR,ERR,ERR,ERR,ERR,ERR,ERR,ERR,ERR,ERR,ERR,ERR,ERR,ERR,ERR,ERR,ERR,ERR,ERR,ERR,ERR,ERR,ERR,ERR,ERR,ERR,ERR,ERR,ERR,ERR,ERR,ERR,ERR,ERR,ERR,ERR,ERR,ERR,ERR,ERR,ERR,ERR,ERR,ERR,ERR,ERR,ERR,ERR,ERR,ERR,ERR,ERR,ERR,ERR,ERR,ERR,ERR,ERR,ERR,ERR,ERR,ERR,ERR,ERR,ERR,ERR,ERR,ERR,ERR,ERR,ERR,ERR,ERR,ERR,ERR,ERR,ERR,ERR,ERR,ERR,ERR,ERR,ERR,ERR,ERR,ERR,ERR,ERR,ERR,ERR,ERR,ERR,ERR,ERR,ERR,ERR,0.0,0.0,2.6474835549302285e+23,0.0,0.0,1.3936040501711995e+18,7.805,0.0,0,0,4,0,7116,0.0,100,0.0,0.0,0.0,0.0,0.0,0,0,0,0,0.0,0,0,0,0,0,0,0,0,0,0,0,0,0,0,0,0,0,0,0,0,0,0,0,0,0,0,0,0,0,0,0,0,0,31,40,40,71,65476,0,300,0,0,8,21553,0.0,-107605600.0,0.0,0.0,0.0,0.0,0.0,0.0,0.0,0.0,0.0,0.0,0.0,0.0,0.0,0.0,0.0,0.0,0.0,0.0,0.0,0.0,-2.004,2.004,-0.0,-2.004,0.0,0.0,0.0,0.0,4490.0,3.69717909675028e+19,6924.0,0.0,0.0,0.0,2.718429120148166e+23,0.0,0.0,0.0,0.0,69,-71.63,-0.0,0.0,0.0,0.0,0.0,0.0,0.0,0.0,0,0,0,0.0,0.0,0.0,0.0,0.0,0.0,0.0,0.0,0.0,0.0,0.0,0.0,0.0,0.0,0.0,0.0,0,-107875648.0,69,0.0,138,0.0,-109183072.0,0,13107,17086,26215,17101,39322,17081,0,0,0,70,68,100,2.7302399002429377e+23,82.2,2.730238459091057e+23,78.0,0.0,79.0,1,49,50,180,13107,52429,0,0,0.0,0.0,0.0,0.0,-0.0,67.0,0.0,162057.094,0.0,975,0,1004,0,0,0,951,0,1027,0,928,0,790,0,781,0,822,0,7520,0.032,9.56924848823683e+19,0.0,0.0,784,16797,-0.0,162057.094,-114818.039,-0.0,0.133,6.909358625270745e+28,30.0,70.0,35,0.0,0.0,0.0,0.0,0.0,0.0,0.0,0.0,0.0,0.0,0.0,0.0,0.0,0.0,0.0,0.0,66.4,0,150,71,52,65476,0,300,0,0,8,20529,65476,0,0,44564,70.0,0.0,0.0,0.0,0.0,0.0
2026-09-10T21:30:37,ERR,ERR,ERR,ERR,ERR,ERR,ERR,ERR,ERR,ERR,ERR,ERR,ERR,ERR,ERR,ERR,ERR,ERR,ERR,ERR,ERR,ERR,ERR,ERR,ERR,ERR,ERR,ERR,ERR,ERR,ERR,ERR,ERR,ERR,ERR,ERR,ERR,ERR,ERR,ERR,ERR,ERR,ERR,ERR,ERR,ERR,ERR,ERR,ERR,ERR,ERR,ERR,ERR,ERR,ERR,ERR,ERR,ERR,ERR,ERR,ERR,ERR,ERR,ERR,ERR,ERR,ERR,ERR,ERR,ERR,ERR,ERR,ERR,ERR,ERR,ERR,ERR,ERR,ERR,ERR,ERR,ERR,ERR,ERR,ERR,ERR,ERR,ERR,ERR,ERR,ERR,ERR,ERR,ERR,ERR,ERR,ERR,ERR,ERR,ERR,ERR,ERR,ERR,ERR,ERR,ERR,ERR,ERR,ERR,ERR,ERR,ERR,ERR,ERR,ERR,ERR,ERR,ERR,ERR,ERR,ERR,ERR,ERR,ERR,ERR,0.0,0.0,2.6474835549302285e+23,0.0,0.0,1.3936040501711995e+18,7.805,0.0,0,0,4,0,7116,0.0,100,0.0,0.0,0.0,0.0,0.0,0,0,0,0,0.0,0,0,0,0,0,0,0,0,0,0,0,0,0,0,0,0,0,0,0,0,0,0,0,0,0,0,0,0,0,0,0,0,0,31,40,40,71,65476,0,300,0,0,8,21553,0.0,-107605600.0,0.0,0.0,0.0,0.0,0.0,0.0,0.0,0.0,0.0,0.0,0.0,0.0,0.0,0.0,0.0,0.0,0.0,0.0,0.0,0.0,-2.004,2.004,-0.0,-2.004,0.0,0.0,0.0,0.0,4490.0,3.69717909675028e+19,6924.0,0.0,0.0,0.0,2.718429120148166e+23,0.0,0.0,0.0,0.0,69,-71.63,-0.0,0.0,0.0,0.0,0.0,0.0,0.0,0.0,0,0,0,0.0,0.0,0.0,0.0,0.0,0.0,0.0,0.0,0.0,0.0,0.0,0.0,0.0,0.0,0.0,0.0,0,-107875648.0,69,0.0,138,0.0,-109183072.0,0,13107,17086,26215,17101,39322,17081,0,0,0,70,68,100,2.7302399002429377e+23,82.2,2.730238459091057e+23,78.0,0.0,79.0,1,49,50,180,13107,52429,0,0,0.0,0.0,0.0,0.0,-0.0,67.0,0.0,162057.094,0.0,975,0,1004,0,0,0,951,0,1027,0,928,0,790,0,781,0,822,0,7520,0.032,9.56924848823683e+19,0.0,0.0,784,16797,-0.0,162057.094,-114818.039,-0.0,0.133,6.909358625270745e+28,30.0,70.0,35,0.0,0.0,0.0,0.0,0.0,0.0,0.0,0.0,0.0,0.0,0.0,0.0,0.0,0.0,0.0,0.0,66.4,0,150,71,52,65476,0,300,0,0,8,20529,65476,0,0,44564,70.0,0.0,0.0,0.0,0.0,0.0
2026-09-10T21:30:38,ERR,ERR,ERR,ERR,ERR,ERR,ERR,ERR,ERR,ERR,ERR,ERR,ERR,ERR,ERR,ERR,ERR,ERR,ERR,ERR,ERR,ERR,ERR,ERR,ERR,ERR,ERR,ERR,ERR,ERR,ERR,ERR,ERR,ERR,ERR,ERR,ERR,ERR,ERR,ERR,ERR,ERR,ERR,ERR,ERR,ERR,ERR,ERR,ERR,ERR,ERR,ERR,ERR,ERR,ERR,ERR,ERR,ERR,ERR,ERR,ERR,ERR,ERR,ERR,ERR,ERR,ERR,ERR,ERR,ERR,ERR,ERR,ERR,ERR,ERR,ERR,ERR,ERR,ERR,ERR,ERR,ERR,ERR,ERR,ERR,ERR,ERR,ERR,ERR,ERR,ERR,ERR,ERR,ERR,ERR,ERR,ERR,ERR,ERR,ERR,ERR,ERR,ERR,ERR,ERR,ERR,ERR,ERR,ERR,ERR,ERR,ERR,ERR,ERR,ERR,ERR,ERR,ERR,ERR,ERR,ERR,ERR,ERR,ERR,ERR,0.0,0.0,2.6474835549302285e+23,0.0,0.0,1.3936040501711995e+18,7.805,0.0,0,0,4,0,7116,0.0,100,0.0,0.0,0.0,0.0,0.0,0,0,0,0,0.0,0,0,0,0,0,0,0,0,0,0,0,0,0,0,0,0,0,0,0,0,0,0,0,0,0,0,0,0,0,0,0,0,0,31,40,40,71,65476,0,300,0,0,8,21553,0.0,-107605600.0,0.0,0.0,0.0,0.0,0.0,0.0,0.0,0.0,0.0,0.0,0.0,0.0,0.0,0.0,0.0,0.0,0.0,0.0,0.0,0.0,-2.004,2.004,-0.0,-2.004,0.0,0.0,0.0,0.0,4494.0,131350.188,6921.0,0.0,0.0,0.0,2.718429120148166e+23,0.0,0.0,0.0,0.0,69,-89221.141,-0.0,0.0,0.0,0.0,0.0,0.0,0.0,0.0,0,0,0,0.0,0.0,0.0,0.0,0.0,0.0,0.0,0.0,0.0,0.0,0.0,0.0,0.0,0.0,0.0,0.0,0,-107875648.0,69,0.0,138,0.0,-109183072.0,0,13107,17086,26215,17101,39322,17081,0,0,0,70,68,100,2.7302399002429377e+23,82.1,0.0,78.0,0.0,79.0,1,49,50,180,0,52429,0,0,0.0,0.0,0.0,0.0,-0.0,67.0,0.0,162057.094,0.0,975,0,1004,0,0,0,951,0,1027,0,928,0,790,0,781,0,822,0,7520,0.032,9.56924848823683e+19,0.0,0.0,784,16797,-0.0,162057.094,-114818.039,-0.0,0.133,6.909358625270745e+28,30.0,70.0,35,0.0,0.0,0.0,0.0,0.0,0.0,0.0,0.0,0.0,0.0,0.0,0.0,0.0,0.0,0.0,0.0,66.4,0,150,71,52,65476,0,300,0,0,8,20529,65476,0,0,44564,70.0,0.0,0.0,0.0,0.0,0.0
2026-09-10T21:30:39,ERR,ERR,ERR,ERR,ERR,ERR,ERR,ERR,ERR,ERR,ERR,ERR,ERR,ERR,ERR,ERR,ERR,ERR,ERR,ERR,ERR,ERR,ERR,ERR,ERR,ERR,ERR,ERR,ERR,ERR,ERR,ERR,ERR,ERR,ERR,ERR,ERR,ERR,ERR,ERR,ERR,ERR,ERR,ERR,ERR,ERR,ERR,ERR,ERR,ERR,ERR,ERR,ERR,ERR,ERR,ERR,ERR,ERR,ERR,ERR,ERR,ERR,ERR,ERR,ERR,ERR,ERR,ERR,ERR,ERR,ERR,ERR,ERR,ERR,ERR,ERR,ERR,ERR,ERR,ERR,ERR,ERR,ERR,ERR,ERR,ERR,ERR,ERR,ERR,ERR,ERR,ERR,ERR,ERR,ERR,ERR,ERR,ERR,ERR,ERR,ERR,ERR,ERR,ERR,ERR,ERR,ERR,ERR,ERR,ERR,ERR,ERR,ERR,ERR,ERR,ERR,ERR,ERR,ERR,ERR,ERR,ERR,ERR,ERR,ERR,0.0,0.0,2.6474835549302285e+23,0.0,0.0,1.3936040501711995e+18,7.805,0.0,0,0,4,0,7116,0.0,100,0.0,0.0,0.0,0.0,0.0,0,0,0,0,0.0,0,0,0,0,0,0,0,0,0,0,0,0,0,0,0,0,0,0,0,0,0,0,0,0,0,0,0,0,0,0,0,0,0,31,40,40,71,65476,0,300,0,0,8,21553,0.0,-107605600.0,0.0,0.0,0.0,0.0,0.0,0.0,0.0,0.0,0.0,0.0,0.0,0.0,0.0,0.0,0.0,0.0,0.0,0.0,0.0,0.0,-2.004,2.004,-0.0,-2.004,0.0,0.0,0.0,0.0,4494.0,131350.188,6921.0,0.0,0.0,0.0,2.718429120148166e+23,0.0,0.0,0.0,0.0,69,-89221.141,-0.0,0.0,0.0,0.0,0.0,0.0,0.0,0.0,0,0,0,0.0,0.0,0.0,0.0,0.0,0.0,0.0,0.0,0.0,0.0,0.0,0.0,0.0,0.0,0.0,0.0,0,-107875648.0,69,0.0,138,0.0,-109183072.0,0,13107,17086,26215,17101,39322,17081,0,0,0,70,68,100,2.7302399002429377e+23,82.1,0.0,78.0,0.0,79.0,1,49,50,180,0,52429,0,0,0.0,0.0,0.0,0.0,-0.0,67.0,0.0,162057.094,0.0,975,0,1004,0,0,0,951,0,1027,0,928,0,790,0,781,0,822,0,7520,0.032,9.56924848823683e+19,0.0,0.0,784,16797,-0.0,162057.094,-114818.039,-0.0,0.133,6.909358625270745e+28,30.0,70.0,35,0.0,0.0,0.0,0.0,0.0,0.0,0.0,0.0,0.0,0.0,0.0,0.0,0.0,0.0,0.0,0.0,66.4,0,150,71,52,65476,0,300,0,0,8,20529,65476,0,0,44564,70.0,0.0,0.0,0.0,0.0,0.0
2026-09-10T21:30:40,ERR,ERR,ERR,ERR,ERR,ERR,ERR,ERR,ERR,ERR,ERR,ERR,ERR,ERR,ERR,ERR,ERR,ERR,ERR,ERR,ERR,ERR,ERR,ERR,ERR,ERR,ERR,ERR,ERR,ERR,ERR,ERR,ERR,ERR,ERR,ERR,ERR,ERR,ERR,ERR,ERR,ERR,ERR,ERR,ERR,ERR,ERR,ERR,ERR,ERR,ERR,ERR,ERR,ERR,ERR,ERR,ERR,ERR,ERR,ERR,ERR,ERR,ERR,ERR,ERR,ERR,ERR,ERR,ERR,ERR,ERR,ERR,ERR,ERR,ERR,ERR,ERR,ERR,ERR,ERR,ERR,ERR,ERR,ERR,ERR,ERR,ERR,ERR,ERR,ERR,ERR,ERR,ERR,ERR,ERR,ERR,ERR,ERR,ERR,ERR,ERR,ERR,ERR,ERR,ERR,ERR,ERR,ERR,ERR,ERR,ERR,ERR,ERR,ERR,ERR,ERR,ERR,ERR,ERR,ERR,ERR,ERR,ERR,ERR,ERR,0.0,0.0,2.6474835549302285e+23,0.0,0.0,1.3936040501711995e+18,7.805,0.0,0,0,4,0,7116,0.0,100,0.0,0.0,0.0,0.0,0.0,0,0,0,0,0.0,0,0,0,0,0,0,0,0,0,0,0,0,0,0,0,0,0,0,0,0,0,0,0,0,0,0,0,0,0,0,0,0,0,31,40,40,71,65476,0,300,0,0,8,21553,0.0,-107605600.0,0.0,0.0,0.0,0.0,0.0,0.0,0.0,0.0,0.0,0.0,0.0,0.0,0.0,0.0,0.0,0.0,0.0,0.0,0.0,0.0,-2.004,2.004,-0.0,-2.004,0.0,0.0,0.0,0.0,4494.0,131350.188,6921.0,0.0,0.0,0.0,2.718429120148166e+23,0.0,0.0,0.0,0.0,69,-89221.141,-0.0,0.0,0.0,0.0,0.0,0.0,0.0,0.0,0,0,0,0.0,0.0,0.0,0.0,0.0,0.0,0.0,0.0,0.0,0.0,0.0,0.0,0.0,0.0,0.0,0.0,0,-107875648.0,69,0.0,138,0.0,-109183072.0,0,13107,17086,26215,17101,39322,17081,0,0,0,70,68,100,2.7302399002429377e+23,82.1,0.0,78.0,0.0,79.0,1,49,50,180,0,52429,0,0,0.0,0.0,0.0,0.0,-0.0,67.0,0.0,162057.094,0.0,975,0,1004,0,0,0,951,0,1027,0,928,0,790,0,781,0,822,0,7520,0.032,9.56924848823683e+19,0.0,0.0,784,16797,-0.0,162057.094,-114818.039,-0.0,0.133,6.909358625270745e+28,30.0,70.0,35,0.0,0.0,0.0,0.0,0.0,0.0,0.0,0.0,0.0,0.0,0.0,0.0,0.0,0.0,0.0,0.0,66.4,0,150,71,52,65476,0,300,0,0,8,20529,65476,0,0,44564,70.0,0.0,0.0,0.0,0.0,0.0
2026-09-10T21:30:41,ERR,ERR,ERR,ERR,ERR,ERR,ERR,ERR,ERR,ERR,ERR,ERR,ERR,ERR,ERR,ERR,ERR,ERR,ERR,ERR,ERR,ERR,ERR,ERR,ERR,ERR,ERR,ERR,ERR,ERR,ERR,ERR,ERR,ERR,ERR,ERR,ERR,ERR,ERR,ERR,ERR,ERR,ERR,ERR,ERR,ERR,ERR,ERR,ERR,ERR,ERR,ERR,ERR,ERR,ERR,ERR,ERR,ERR,ERR,ERR,ERR,ERR,ERR,ERR,ERR,ERR,ERR,ERR,ERR,ERR,ERR,ERR,ERR,ERR,ERR,ERR,ERR,ERR,ERR,ERR,ERR,ERR,ERR,ERR,ERR,ERR,ERR,ERR,ERR,ERR,ERR,ERR,ERR,ERR,ERR,ERR,ERR,ERR,ERR,ERR,ERR,ERR,ERR,ERR,ERR,ERR,ERR,ERR,ERR,ERR,ERR,ERR,ERR,ERR,ERR,ERR,ERR,ERR,ERR,ERR,ERR,ERR,ERR,ERR,ERR,0.0,0.0,2.6474835549302285e+23,0.0,0.0,1.3936040501711995e+18,7.805,0.0,0,0,4,0,7116,0.0,100,0.0,0.0,0.0,0.0,0.0,0,0,0,0,0.0,0,0,0,0,0,0,0,0,0,0,0,0,0,0,0,0,0,0,0,0,0,0,0,0,0,0,0,0,0,0,0,0,0,31,40,40,71,65476,0,300,0,0,8,21553,0.0,-107605600.0,0.0,0.0,0.0,0.0,0.0,0.0,0.0,0.0,0.0,0.0,0.0,0.0,0.0,0.0,0.0,0.0,0.0,0.0,0.0,0.0,-2.004,2.004,-0.0,-2.004,0.0,0.0,0.0,0.0,4494.0,131350.188,6921.0,0.0,0.0,0.0,2.718429120148166e+23,0.0,0.0,0.0,0.0,69,-89221.141,-0.0,0.0,0.0,0.0,0.0,0.0,0.0,0.0,0,0,0,0.0,0.0,0.0,0.0,0.0,0.0,0.0,0.0,0.0,0.0,0.0,0.0,0.0,0.0,0.0,0.0,0,-107875648.0,69,0.0,138,0.0,-109183072.0,0,13107,17086,26215,17101,39322,17081,0,0,0,70,68,100,2.7302399002429377e+23,82.1,0.0,78.0,0.0,79.0,1,49,50,180,0,52429,0,0,0.0,0.0,0.0,0.0,-0.0,67.0,0.0,162057.094,0.0,975,0,1004,0,0,0,951,0,1027,0,928,0,790,0,781,0,822,0,7520,0.032,9.56924848823683e+19,0.0,0.0,784,16797,-0.0,162057.094,-114818.039,-0.0,0.133,6.909358625270745e+28,30.0,70.0,35,0.0,0.0,0.0,0.0,0.0,0.0,0.0,0.0,0.0,0.0,0.0,0.0,0.0,0.0,0.0,0.0,66.4,0,150,71,52,65476,0,300,0,0,8,20529,65476,0,0,44564,70.0,0.0,0.0,0.0,0.0,0.0
2026-09-10T21:30:42,ERR,ERR,ERR,ERR,ERR,ERR,ERR,ERR,ERR,ERR,ERR,ERR,ERR,ERR,ERR,ERR,ERR,ERR,ERR,ERR,ERR,ERR,ERR,ERR,ERR,ERR,ERR,ERR,ERR,ERR,ERR,ERR,ERR,ERR,ERR,ERR,ERR,ERR,ERR,ERR,ERR,ERR,ERR,ERR,ERR,ERR,ERR,ERR,ERR,ERR,ERR,ERR,ERR,ERR,ERR,ERR,ERR,ERR,ERR,ERR,ERR,ERR,ERR,ERR,ERR,ERR,ERR,ERR,ERR,ERR,ERR,ERR,ERR,ERR,ERR,ERR,ERR,ERR,ERR,ERR,ERR,ERR,ERR,ERR,ERR,ERR,ERR,ERR,ERR,ERR,ERR,ERR,ERR,ERR,ERR,ERR,ERR,ERR,ERR,ERR,ERR,ERR,ERR,ERR,ERR,ERR,ERR,ERR,ERR,ERR,ERR,ERR,ERR,ERR,ERR,ERR,ERR,ERR,ERR,ERR,ERR,ERR,ERR,ERR,ERR,0.0,0.0,2.6474835549302285e+23,0.0,0.0,1.3936040501711995e+18,7.805,0.0,0,0,4,0,7116,0.0,100,0.0,0.0,0.0,0.0,0.0,0,0,0,0,0.0,0,0,0,0,0,0,0,0,0,0,0,0,0,0,0,0,0,0,0,0,0,0,0,0,0,0,0,0,0,0,0,0,0,31,40,40,71,65476,0,300,0,0,8,21553,0.0,-107605600.0,0.0,0.0,0.0,0.0,0.0,0.0,0.0,0.0,0.0,0.0,0.0,0.0,0.0,0.0,0.0,0.0,0.0,0.0,0.0,0.0,-2.004,2.004,-0.0,-2.004,0.0,0.0,0.0,0.0,4494.0,131350.188,6921.0,0.0,0.0,0.0,2.718429120148166e+23,0.0,0.0,0.0,0.0,69,-89221.141,-0.0,0.0,0.0,0.0,0.0,0.0,0.0,0.0,0,0,0,0.0,0.0,0.0,0.0,0.0,0.0,0.0,0.0,0.0,0.0,0.0,0.0,0.0,0.0,0.0,0.0,0,-107875648.0,69,0.0,138,0.0,-109183072.0,0,13107,17086,26215,17101,39322,17081,0,0,0,70,68,100,2.7302399002429377e+23,82.1,0.0,78.0,0.0,79.0,1,49,50,180,0,52429,0,0,0.0,0.0,0.0,0.0,-0.0,67.0,0.0,162057.094,0.0,975,0,1004,0,0,0,951,0,1027,0,928,0,790,0,781,0,822,0,7520,0.032,9.56924848823683e+19,0.0,0.0,784,16797,-0.0,162057.094,-114818.039,-0.0,0.133,6.909358625270745e+28,30.0,70.0,35,0.0,0.0,0.0,0.0,0.0,0.0,0.0,0.0,0.0,0.0,0.0,0.0,0.0,0.0,0.0,0.0,66.4,0,150,71,52,65476,0,300,0,0,8,20529,65476,0,0,44564,70.0,0.0,0.0,0.0,0.0,0.0
2026-09-10T21:30:43,ERR,ERR,ERR,ERR,ERR,ERR,ERR,ERR,ERR,ERR,ERR,ERR,ERR,ERR,ERR,ERR,ERR,ERR,ERR,ERR,ERR,ERR,ERR,ERR,ERR,ERR,ERR,ERR,ERR,ERR,ERR,ERR,ERR,ERR,ERR,ERR,ERR,ERR,ERR,ERR,ERR,ERR,ERR,ERR,ERR,ERR,ERR,ERR,ERR,ERR,ERR,ERR,ERR,ERR,ERR,ERR,ERR,ERR,ERR,ERR,ERR,ERR,ERR,ERR,ERR,ERR,ERR,ERR,ERR,ERR,ERR,ERR,ERR,ERR,ERR,ERR,ERR,ERR,ERR,ERR,ERR,ERR,ERR,ERR,ERR,ERR,ERR,ERR,ERR,ERR,ERR,ERR,ERR,ERR,ERR,ERR,ERR,ERR,ERR,ERR,ERR,ERR,ERR,ERR,ERR,ERR,ERR,ERR,ERR,ERR,ERR,ERR,ERR,ERR,ERR,ERR,ERR,ERR,ERR,ERR,ERR,ERR,ERR,ERR,ERR,0.0,0.0,2.6474835549302285e+23,0.0,0.0,1.3936040501711995e+18,7.805,0.0,0,0,4,0,7116,0.0,100,0.0,0.0,0.0,0.0,0.0,0,0,0,0,0.0,0,0,0,0,0,0,0,0,0,0,0,0,0,0,0,0,0,0,0,0,0,0,0,0,0,0,0,0,0,0,0,0,0,31,40,40,71,65476,0,300,0,0,8,21553,0.0,-107605600.0,0.0,0.0,0.0,0.0,0.0,0.0,0.0,0.0,0.0,0.0,0.0,0.0,0.0,0.0,0.0,0.0,0.0,0.0,0.0,0.0,-2.004,2.004,-0.0,-2.004,0.0,0.0,0.0,0.0,4494.0,131350.188,6921.0,0.0,0.0,0.0,2.718429120148166e+23,0.0,0.0,0.0,0.0,69,-89221.141,-0.0,0.0,0.0,0.0,0.0,0.0,0.0,0.0,0,0,0,0.0,0.0,0.0,0.0,0.0,0.0,0.0,0.0,0.0,0.0,0.0,0.0,0.0,0.0,0.0,0.0,0,-107875648.0,69,0.0,138,0.0,-109183072.0,0,13107,17086,26215,17101,39322,17081,0,0,0,70,68,100,2.7302399002429377e+23,82.2,0.0,78.0,0.0,79.0,1,49,50,180,13107,52429,0,0,0.0,0.0,0.0,0.0,-0.0,67.0,0.0,162057.094,0.0,975,0,1004,0,0,0,951,0,1027,0,928,0,790,0,781,0,822,0,7520,0.032,9.56924848823683e+19,0.0,0.0,784,16797,-0.0,162057.094,-114818.039,-0.0,0.133,6.909358625270745e+28,30.0,70.0,35,0.0,0.0,0.0,0.0,0.0,0.0,0.0,0.0,0.0,0.0,0.0,0.0,0.0,0.0,0.0,0.0,66.4,0,150,71,52,65476,0,300,0,0,8,20529,65476,0,0,44564,70.0,0.0,0.0,0.0,0.0,0.0
2026-09-10T21:30:44,ERR,ERR,ERR,ERR,ERR,ERR,ERR,ERR,ERR,ERR,ERR,ERR,ERR,ERR,ERR,ERR,ERR,ERR,ERR,ERR,ERR,ERR,ERR,ERR,ERR,ERR,ERR,ERR,ERR,ERR,ERR,ERR,ERR,ERR,ERR,ERR,ERR,ERR,ERR,ERR,ERR,ERR,ERR,ERR,ERR,ERR,ERR,ERR,ERR,ERR,ERR,ERR,ERR,ERR,ERR,ERR,ERR,ERR,ERR,ERR,ERR,ERR,ERR,ERR,ERR,ERR,ERR,ERR,ERR,ERR,ERR,ERR,ERR,ERR,ERR,ERR,ERR,ERR,ERR,ERR,ERR,ERR,ERR,ERR,ERR,ERR,ERR,ERR,ERR,ERR,ERR,ERR,ERR,ERR,ERR,ERR,ERR,ERR,ERR,ERR,ERR,ERR,ERR,ERR,ERR,ERR,ERR,ERR,ERR,ERR,ERR,ERR,ERR,ERR,ERR,ERR,ERR,ERR,ERR,ERR,ERR,ERR,ERR,ERR,ERR,0.0,0.0,2.6474835549302285e+23,0.0,0.0,1.3936040501711995e+18,7.805,0.0,0,0,4,0,7116,0.0,100,0.0,0.0,0.0,0.0,0.0,0,0,0,0,0.0,0,0,0,0,0,0,0,0,0,0,0,0,0,0,0,0,0,0,0,0,0,0,0,0,0,0,0,0,0,0,0,0,0,31,40,40,71,65476,0,300,0,0,8,21553,0.0,-107605600.0,0.0,0.0,0.0,0.0,0.0,0.0,0.0,0.0,0.0,0.0,0.0,0.0,0.0,0.0,0.0,0.0,0.0,0.0,0.0,0.0,-2.004,2.004,-0.0,-2.004,0.0,0.0,0.0,0.0,4494.0,131350.188,6921.0,0.0,0.0,0.0,2.718429120148166e+23,0.0,0.0,0.0,0.0,69,-89221.141,-0.0,0.0,0.0,0.0,0.0,0.0,0.0,0.0,0,0,0,0.0,0.0,0.0,0.0,0.0,0.0,0.0,0.0,0.0,0.0,0.0,0.0,0.0,0.0,0.0,0.0,0,-107875648.0,69,0.0,138,0.0,-109183072.0,0,13107,17086,26215,17101,39322,17081,0,0,0,70,68,100,2.7302399002429377e+23,82.2,0.0,78.0,0.0,79.0,1,49,50,180,13107,52429,0,0,0.0,0.0,0.0,0.0,-0.0,67.0,0.0,162057.094,0.0,975,0,1004,0,0,0,951,0,1027,0,928,0,790,0,781,0,822,0,7520,0.032,9.56924848823683e+19,0.0,0.0,784,16797,-0.0,162057.094,-114818.039,-0.0,0.133,6.909358625270745e+28,30.0,70.0,35,0.0,0.0,0.0,0.0,0.0,0.0,0.0,0.0,0.0,0.0,0.0,0.0,0.0,0.0,0.0,0.0,66.4,0,150,71,52,65476,0,300,0,0,8,20529,65476,0,0,44564,70.0,0.0,0.0,0.0,0.0,0.0
2026-09-10T21:30:45,ERR,ERR,ERR,ERR,ERR,ERR,ERR,ERR,ERR,ERR,ERR,ERR,ERR,ERR,ERR,ERR,ERR,ERR,ERR,ERR,ERR,ERR,ERR,ERR,ERR,ERR,ERR,ERR,ERR,ERR,ERR,ERR,ERR,ERR,ERR,ERR,ERR,ERR,ERR,ERR,ERR,ERR,ERR,ERR,ERR,ERR,ERR,ERR,ERR,ERR,ERR,ERR,ERR,ERR,ERR,ERR,ERR,ERR,ERR,ERR,ERR,ERR,ERR,ERR,ERR,ERR,ERR,ERR,ERR,ERR,ERR,ERR,ERR,ERR,ERR,ERR,ERR,ERR,ERR,ERR,ERR,ERR,ERR,ERR,ERR,ERR,ERR,ERR,ERR,ERR,ERR,ERR,ERR,ERR,ERR,ERR,ERR,ERR,ERR,ERR,ERR,ERR,ERR,ERR,ERR,ERR,ERR,ERR,ERR,ERR,ERR,ERR,ERR,ERR,ERR,ERR,ERR,ERR,ERR,ERR,ERR,ERR,ERR,ERR,ERR,0.0,0.0,2.6474835549302285e+23,0.0,0.0,1.3936040501711995e+18,7.805,0.0,0,0,4,0,7116,0.0,100,0.0,0.0,0.0,0.0,0.0,0,0,0,0,0.0,0,0,0,0,0,0,0,0,0,0,0,0,0,0,0,0,0,0,0,0,0,0,0,0,0,0,0,0,0,0,0,0,0,31,40,40,71,65476,0,300,0,0,8,21553,0.0,-107605600.0,0.0,0.0,0.0,0.0,0.0,0.0,0.0,0.0,0.0,0.0,0.0,0.0,0.0,0.0,0.0,0.0,0.0,0.0,0.0,0.0,-2.004,2.004,-0.0,-2.004,0.0,0.0,0.0,0.0,4495.0,0.0,6916.0,0.0,0.0,0.0,2.718429120148166e+23,0.0,0.0,0.0,0.0,69,-1.905698635870372e+17,1.905682314994647e+17,0.0,0.0,0.0,0.0,0.0,0.0,0.0,0,0,0,0.0,0.0,0.0,0.0,0.0,0.0,0.0,0.0,0.0,0.0,0.0,0.0,0.0,0.0,0.0,0.0,0,-107875648.0,69,0.0,138,0.0,-109183072.0,0,13107,17086,26215,17101,39322,17081,0,0,0,70,68,100,2.7302399002429377e+23,82.2,0.0,78.0,0.0,79.0,1,49,50,180,13107,52429,0,0,0.0,0.0,0.0,0.0,-0.0,67.0,0.0,162057.094,0.0,975,0,1004,0,0,0,951,0,1027,0,928,0,790,0,781,0,822,0,7520,0.032,9.56924848823683e+19,0.0,0.0,784,16797,-0.0,162057.094,-114818.039,-0.0,0.133,6.909358625270745e+28,30.0,70.0,35,0.0,0.0,0.0,0.0,0.0,0.0,0.0,0.0,0.0,0.0,0.0,0.0,0.0,0.0,0.0,0.0,66.8,0,150,71,52,65476,0,300,0,0,8,20529,65476,0,0,44564,70.0,0.0,0.0,0.0,0.0,0.0
2026-09-10T21:30:46,ERR,ERR,ERR,ERR,ERR,ERR,ERR,ERR,ERR,ERR,ERR,ERR,ERR,ERR,ERR,ERR,ERR,ERR,ERR,ERR,ERR,ERR,ERR,ERR,ERR,ERR,ERR,ERR,ERR,ERR,ERR,ERR,ERR,ERR,ERR,ERR,ERR,ERR,ERR,ERR,ERR,ERR,ERR,ERR,ERR,ERR,ERR,ERR,ERR,ERR,ERR,ERR,ERR,ERR,ERR,ERR,ERR,ERR,ERR,ERR,ERR,ERR,ERR,ERR,ERR,ERR,ERR,ERR,ERR,ERR,ERR,ERR,ERR,ERR,ERR,ERR,ERR,ERR,ERR,ERR,ERR,ERR,ERR,ERR,ERR,ERR,ERR,ERR,ERR,ERR,ERR,ERR,ERR,ERR,ERR,ERR,ERR,ERR,ERR,ERR,ERR,ERR,ERR,ERR,ERR,ERR,ERR,ERR,ERR,ERR,ERR,ERR,ERR,ERR,ERR,ERR,ERR,ERR,ERR,ERR,ERR,ERR,ERR,ERR,ERR,0.0,0.0,2.6474835549302285e+23,0.0,0.0,1.3936040501711995e+18,7.805,0.0,0,0,4,0,7116,0.0,100,0.0,0.0,0.0,0.0,0.0,0,0,0,0,0.0,0,0,0,0,0,0,0,0,0,0,0,0,0,0,0,0,0,0,0,0,0,0,0,0,0,0,0,0,0,0,0,0,0,31,40,40,71,65476,0,300,0,0,8,21553,0.0,-107605600.0,0.0,0.0,0.0,0.0,0.0,0.0,0.0,0.0,0.0,0.0,0.0,0.0,0.0,0.0,0.0,0.0,0.0,0.0,0.0,0.0,-2.004,2.004,-0.0,-2.004,0.0,0.0,0.0,0.0,4495.0,0.0,6916.0,0.0,0.0,0.0,2.718429120148166e+23,0.0,0.0,0.0,0.0,69,-1.905698635870372e+17,1.905682314994647e+17,0.0,0.0,0.0,0.0,0.0,0.0,0.0,0,0,0,0.0,0.0,0.0,0.0,0.0,0.0,0.0,0.0,0.0,0.0,0.0,0.0,0.0,0.0,0.0,0.0,0,-107875648.0,69,0.0,138,0.0,-109183072.0,0,13107,17086,26215,17101,39322,17081,0,0,0,70,68,100,2.7302399002429377e+23,82.2,0.0,78.0,0.0,79.0,1,49,50,180,13107,52429,0,0,0.0,0.0,0.0,0.0,-0.0,67.0,0.0,162057.094,0.0,975,0,1004,0,0,0,951,0,1027,0,928,0,790,0,781,0,822,0,7520,0.032,9.56924848823683e+19,0.0,0.0,784,16797,-0.0,162057.094,-114818.039,-0.0,0.133,6.909358625270745e+28,30.0,70.0,35,0.0,0.0,0.0,0.0,0.0,0.0,0.0,0.0,0.0,0.0,0.0,0.0,0.0,0.0,0.0,0.0,66.8,0,150,71,52,65476,0,300,0,0,8,20529,65476,0,0,44564,70.0,0.0,0.0,0.0,0.0,0.0
2026-09-10T21:30:47,ERR,ERR,ERR,ERR,ERR,ERR,ERR,ERR,ERR,ERR,ERR,ERR,ERR,ERR,ERR,ERR,ERR,ERR,ERR,ERR,ERR,ERR,ERR,ERR,ERR,ERR,ERR,ERR,ERR,ERR,ERR,ERR,ERR,ERR,ERR,ERR,ERR,ERR,ERR,ERR,ERR,ERR,ERR,ERR,ERR,ERR,ERR,ERR,ERR,ERR,ERR,ERR,ERR,ERR,ERR,ERR,ERR,ERR,ERR,ERR,ERR,ERR,ERR,ERR,ERR,ERR,ERR,ERR,ERR,ERR,ERR,ERR,ERR,ERR,ERR,ERR,ERR,ERR,ERR,ERR,ERR,ERR,ERR,ERR,ERR,ERR,ERR,ERR,ERR,ERR,ERR,ERR,ERR,ERR,ERR,ERR,ERR,ERR,ERR,ERR,ERR,ERR,ERR,ERR,ERR,ERR,ERR,ERR,ERR,ERR,ERR,ERR,ERR,ERR,ERR,ERR,ERR,ERR,ERR,ERR,ERR,ERR,ERR,ERR,ERR,0.0,0.0,2.6474835549302285e+23,0.0,0.0,1.3936040501711995e+18,7.805,0.0,0,0,4,0,7116,0.0,100,0.0,0.0,0.0,0.0,0.0,0,0,0,0,0.0,0,0,0,0,0,0,0,0,0,0,0,0,0,0,0,0,0,0,0,0,0,0,0,0,0,0,0,0,0,0,0,0,0,31,40,40,71,65476,0,300,0,0,8,21553,0.0,-107605600.0,0.0,0.0,0.0,0.0,0.0,0.0,0.0,0.0,0.0,0.0,0.0,0.0,0.0,0.0,0.0,0.0,0.0,0.0,0.0,0.0,-2.004,2.004,-0.0,-2.004,0.0,0.0,0.0,0.0,4495.0,0.0,6916.0,0.0,0.0,0.0,2.718429120148166e+23,0.0,0.0,0.0,0.0,69,-1.905698635870372e+17,1.905682314994647e+17,0.0,0.0,0.0,0.0,0.0,0.0,0.0,0,0,0,0.0,0.0,0.0,0.0,0.0,0.0,0.0,0.0,0.0,0.0,0.0,0.0,0.0,0.0,0.0,0.0,0,-107875648.0,69,0.0,138,0.0,-109183072.0,0,13107,17086,26215,17101,39322,17081,0,0,0,70,68,100,2.7302399002429377e+23,82.2,0.0,78.0,0.0,79.0,1,49,50,180,13107,52429,0,0,0.0,0.0,0.0,0.0,-0.0,67.0,0.0,162057.094,0.0,975,0,1004,0,0,0,951,0,1027,0,928,0,790,0,781,0,822,0,7520,0.032,9.56924848823683e+19,0.0,0.0,784,16797,-0.0,162057.094,-114818.039,-0.0,0.133,6.909358625270745e+28,30.0,70.0,35,0.0,0.0,0.0,0.0,0.0,0.0,0.0,0.0,0.0,0.0,0.0,0.0,0.0,0.0,0.0,0.0,66.8,0,150,71,52,65476,0,300,0,0,8,20529,65476,0,0,44564,70.0,0.0,0.0,0.0,0.0,0.0
2026-09-10T21:30:48,ERR,ERR,ERR,ERR,ERR,ERR,ERR,ERR,ERR,ERR,ERR,ERR,ERR,ERR,ERR,ERR,ERR,ERR,ERR,ERR,ERR,ERR,ERR,ERR,ERR,ERR,ERR,ERR,ERR,ERR,ERR,ERR,ERR,ERR,ERR,ERR,ERR,ERR,ERR,ERR,ERR,ERR,ERR,ERR,ERR,ERR,ERR,ERR,ERR,ERR,ERR,ERR,ERR,ERR,ERR,ERR,ERR,ERR,ERR,ERR,ERR,ERR,ERR,ERR,ERR,ERR,ERR,ERR,ERR,ERR,ERR,ERR,ERR,ERR,ERR,ERR,ERR,ERR,ERR,ERR,ERR,ERR,ERR,ERR,ERR,ERR,ERR,ERR,ERR,ERR,ERR,ERR,ERR,ERR,ERR,ERR,ERR,ERR,ERR,ERR,ERR,ERR,ERR,ERR,ERR,ERR,ERR,ERR,ERR,ERR,ERR,ERR,ERR,ERR,ERR,ERR,ERR,ERR,ERR,ERR,ERR,ERR,ERR,ERR,ERR,0.0,0.0,2.6474835549302285e+23,0.0,0.0,1.3936040501711995e+18,7.805,0.0,0,0,4,0,7116,0.0,100,0.0,0.0,0.0,0.0,0.0,0,0,0,0,0.0,0,0,0,0,0,0,0,0,0,0,0,0,0,0,0,0,0,0,0,0,0,0,0,0,0,0,0,0,0,0,0,0,0,31,40,40,71,65476,0,300,0,0,8,21553,0.0,-107605600.0,0.0,0.0,0.0,0.0,0.0,0.0,0.0,0.0,0.0,0.0,0.0,0.0,0.0,0.0,0.0,0.0,0.0,0.0,0.0,0.0,-2.004,2.004,-0.0,-2.004,0.0,0.0,0.0,0.0,4495.0,0.0,6916.0,0.0,0.0,0.0,2.718429120148166e+23,0.0,0.0,0.0,0.0,69,-1.905698635870372e+17,1.905682314994647e+17,0.0,0.0,0.0,0.0,0.0,0.0,0.0,0,0,0,0.0,0.0,0.0,0.0,0.0,0.0,0.0,0.0,0.0,0.0,0.0,0.0,0.0,0.0,0.0,0.0,0,-107875648.0,69,0.0,138,0.0,-109183072.0,0,13107,17086,26215,17101,39322,17081,0,0,0,70,68,100,2.7302399002429377e+23,82.2,0.0,78.0,0.0,79.0,1,49,50,180,13107,52429,0,0,0.0,0.0,0.0,0.0,-0.0,67.0,0.0,162057.094,0.0,975,0,1004,0,0,0,951,0,1027,0,928,0,790,0,781,0,822,0,7520,0.032,9.56924848823683e+19,0.0,0.0,784,16797,-0.0,162057.094,-114818.039,-0.0,0.133,6.909358625270745e+28,30.0,70.0,35,0.0,0.0,0.0,0.0,0.0,0.0,0.0,0.0,0.0,0.0,0.0,0.0,0.0,0.0,0.0,0.0,66.8,0,150,71,52,65476,0,300,0,0,8,20529,65476,0,0,44564,70.0,0.0,0.0,0.0,0.0,0.0
2026-09-10T21:30:49,ERR,ERR,ERR,ERR,ERR,ERR,ERR,ERR,ERR,ERR,ERR,ERR,ERR,ERR,ERR,ERR,ERR,ERR,ERR,ERR,ERR,ERR,ERR,ERR,ERR,ERR,ERR,ERR,ERR,ERR,ERR,ERR,ERR,ERR,ERR,ERR,ERR,ERR,ERR,ERR,ERR,ERR,ERR,ERR,ERR,ERR,ERR,ERR,ERR,ERR,ERR,ERR,ERR,ERR,ERR,ERR,ERR,ERR,ERR,ERR,ERR,ERR,ERR,ERR,ERR,ERR,ERR,ERR,ERR,ERR,ERR,ERR,ERR,ERR,ERR,ERR,ERR,ERR,ERR,ERR,ERR,ERR,ERR,ERR,ERR,ERR,ERR,ERR,ERR,ERR,ERR,ERR,ERR,ERR,ERR,ERR,ERR,ERR,ERR,ERR,ERR,ERR,ERR,ERR,ERR,ERR,ERR,ERR,ERR,ERR,ERR,ERR,ERR,ERR,ERR,ERR,ERR,ERR,ERR,ERR,ERR,ERR,ERR,ERR,ERR,0.0,0.0,2.6474835549302285e+23,0.0,0.0,1.3936040501711995e+18,7.805,0.0,0,0,4,0,7116,0.0,100,0.0,0.0,0.0,0.0,0.0,0,0,0,0,0.0,0,0,0,0,0,0,0,0,0,0,0,0,0,0,0,0,0,0,0,0,0,0,0,0,0,0,0,0,0,0,0,0,0,31,40,40,71,65476,0,300,0,0,8,21553,0.0,-107605600.0,0.0,0.0,0.0,0.0,0.0,0.0,0.0,0.0,0.0,0.0,0.0,0.0,0.0,0.0,0.0,0.0,0.0,0.0,0.0,0.0,-2.004,2.004,-0.0,-2.004,0.0,0.0,0.0,0.0,4495.0,0.0,6916.0,0.0,0.0,0.0,2.718429120148166e+23,0.0,0.0,0.0,0.0,69,-1.905698635870372e+17,1.905682314994647e+17,0.0,0.0,0.0,0.0,0.0,0.0,0.0,0,0,0,0.0,0.0,0.0,0.0,0.0,0.0,0.0,0.0,0.0,0.0,0.0,0.0,0.0,0.0,0.0,0.0,0,-107875648.0,69,0.0,138,0.0,-109183072.0,0,13107,17086,26215,17101,39322,17081,0,0,0,70,68,100,2.7302399002429377e+23,82.1,2.730238459091057e+23,78.0,0.0,79.0,1,49,50,180,0,52429,0,0,0.0,0.0,0.0,0.0,-0.0,67.0,0.0,162057.094,0.0,976,0,1003,0,0,0,951,0,1027,0,928,0,790,0,782,0,822,0,7520,0.032,9.56924848823683e+19,0.0,0.0,784,16797,-0.0,162057.094,-114818.039,-0.0,0.133,6.909358625270745e+28,30.0,70.0,35,0.0,0.0,0.0,0.0,0.0,0.0,0.0,0.0,0.0,0.0,0.0,0.0,0.0,0.0,0.0,0.0,66.4,0,150,71,52,65476,0,300,0,0,8,20529,65476,0,0,44564,70.0,0.0,0.0,0.0,0.0,0.0
2026-09-10T21:30:50,ERR,ERR,ERR,ERR,ERR,ERR,ERR,ERR,ERR,ERR,ERR,ERR,ERR,ERR,ERR,ERR,ERR,ERR,ERR,ERR,ERR,ERR,ERR,ERR,ERR,ERR,ERR,ERR,ERR,ERR,ERR,ERR,ERR,ERR,ERR,ERR,ERR,ERR,ERR,ERR,ERR,ERR,ERR,ERR,ERR,ERR,ERR,ERR,ERR,ERR,ERR,ERR,ERR,ERR,ERR,ERR,ERR,ERR,ERR,ERR,ERR,ERR,ERR,ERR,ERR,ERR,ERR,ERR,ERR,ERR,ERR,ERR,ERR,ERR,ERR,ERR,ERR,ERR,ERR,ERR,ERR,ERR,ERR,ERR,ERR,ERR,ERR,ERR,ERR,ERR,ERR,ERR,ERR,ERR,ERR,ERR,ERR,ERR,ERR,ERR,ERR,ERR,ERR,ERR,ERR,ERR,ERR,ERR,ERR,ERR,ERR,ERR,ERR,ERR,ERR,ERR,ERR,ERR,ERR,ERR,ERR,ERR,ERR,ERR,ERR,0.0,0.0,2.6474835549302285e+23,0.0,0.0,1.3936040501711995e+18,7.805,0.0,0,0,4,0,7116,0.0,100,0.0,0.0,0.0,0.0,0.0,0,0,0,0,0.0,0,0,0,0,0,0,0,0,0,0,0,0,0,0,0,0,0,0,0,0,0,0,0,0,0,0,0,0,0,0,0,0,0,31,40,40,71,65476,0,300,0,0,8,21553,0.0,-107605600.0,0.0,0.0,0.0,0.0,0.0,0.0,0.0,0.0,0.0,0.0,0.0,0.0,0.0,0.0,0.0,0.0,0.0,0.0,0.0,0.0,-2.004,2.004,-0.0,-2.004,0.0,0.0,0.0,0.0,4495.0,0.0,6916.0,0.0,0.0,0.0,2.718429120148166e+23,0.0,0.0,0.0,0.0,69,-1.905698635870372e+17,1.905682314994647e+17,0.0,0.0,0.0,0.0,0.0,0.0,0.0,0,0,0,0.0,0.0,0.0,0.0,0.0,0.0,0.0,0.0,0.0,0.0,0.0,0.0,0.0,0.0,0.0,0.0,0,-107875648.0,69,0.0,138,0.0,-109183072.0,0,13107,17086,26215,17101,39322,17081,0,0,0,70,68,100,2.7302399002429377e+23,82.1,2.730238459091057e+23,78.0,0.0,79.0,1,49,50,180,0,52429,0,0,0.0,0.0,0.0,0.0,-0.0,67.0,0.0,162057.094,0.0,976,0,1003,0,0,0,951,0,1027,0,928,0,790,0,782,0,822,0,7520,0.032,9.56924848823683e+19,0.0,0.0,784,16797,-0.0,162057.094,-114818.039,-0.0,0.133,6.909358625270745e+28,30.0,70.0,35,0.0,0.0,0.0,0.0,0.0,0.0,0.0,0.0,0.0,0.0,0.0,0.0,0.0,0.0,0.0,0.0,66.4,0,150,71,52,65476,0,300,0,0,8,20529,65476,0,0,44564,70.0,0.0,0.0,0.0,0.0,0.0
2026-09-10T21:30:51,ERR,ERR,ERR,ERR,ERR,ERR,ERR,ERR,ERR,ERR,ERR,ERR,ERR,ERR,ERR,ERR,ERR,ERR,ERR,ERR,ERR,ERR,ERR,ERR,ERR,ERR,ERR,ERR,ERR,ERR,ERR,ERR,ERR,ERR,ERR,ERR,ERR,ERR,ERR,ERR,ERR,ERR,ERR,ERR,ERR,ERR,ERR,ERR,ERR,ERR,ERR,ERR,ERR,ERR,ERR,ERR,ERR,ERR,ERR,ERR,ERR,ERR,ERR,ERR,ERR,ERR,ERR,ERR,ERR,ERR,ERR,ERR,ERR,ERR,ERR,ERR,ERR,ERR,ERR,ERR,ERR,ERR,ERR,ERR,ERR,ERR,ERR,ERR,ERR,ERR,ERR,ERR,ERR,ERR,ERR,ERR,ERR,ERR,ERR,ERR,ERR,ERR,ERR,ERR,ERR,ERR,ERR,ERR,ERR,ERR,ERR,ERR,ERR,ERR,ERR,ERR,ERR,ERR,ERR,ERR,ERR,ERR,ERR,ERR,ERR,0.0,0.0,2.6474835549302285e+23,0.0,0.0,1.3936040501711995e+18,7.805,0.0,0,0,4,0,7116,0.0,100,0.0,0.0,0.0,0.0,0.0,0,0,0,0,0.0,0,0,0,0,0,0,0,0,0,0,0,0,0,0,0,0,0,0,0,0,0,0,0,0,0,0,0,0,0,0,0,0,0,31,40,40,71,65476,0,300,0,0,8,21553,0.0,-107605600.0,0.0,0.0,0.0,0.0,0.0,0.0,0.0,0.0,0.0,0.0,0.0,0.0,0.0,0.0,0.0,0.0,0.0,0.0,0.0,0.0,-2.004,2.004,-0.0,-2.004,0.0,0.0,0.0,0.0,4495.0,0.0,6916.0,0.0,0.0,0.0,2.718429120148166e+23,0.0,0.0,0.0,0.0,69,-1.905698635870372e+17,1.905682314994647e+17,0.0,0.0,0.0,0.0,0.0,0.0,0.0,0,0,0,0.0,0.0,0.0,0.0,0.0,0.0,0.0,0.0,0.0,0.0,0.0,0.0,0.0,0.0,0.0,0.0,0,-107875648.0,69,0.0,138,0.0,-109183072.0,0,13107,17086,26215,17101,39322,17081,0,0,0,70,68,100,2.7302399002429377e+23,82.1,2.730238459091057e+23,78.0,0.0,79.0,1,49,50,180,0,52429,0,0,0.0,0.0,0.0,0.0,-0.0,67.0,0.0,162057.094,0.0,976,0,1003,0,0,0,951,0,1027,0,928,0,790,0,782,0,822,0,7520,0.032,9.56924848823683e+19,0.0,0.0,784,16797,-0.0,162057.094,-114818.039,-0.0,0.133,6.909358625270745e+28,30.0,70.0,35,0.0,0.0,0.0,0.0,0.0,0.0,0.0,0.0,0.0,0.0,0.0,0.0,0.0,0.0,0.0,0.0,66.4,0,150,71,52,65476,0,300,0,0,8,20529,65476,0,0,44564,70.0,0.0,0.0,0.0,0.0,0.0
2026-09-10T21:30:52,ERR,ERR,ERR,ERR,ERR,ERR,ERR,ERR,ERR,ERR,ERR,ERR,ERR,ERR,ERR,ERR,ERR,ERR,ERR,ERR,ERR,ERR,ERR,ERR,ERR,ERR,ERR,ERR,ERR,ERR,ERR,ERR,ERR,ERR,ERR,ERR,ERR,ERR,ERR,ERR,ERR,ERR,ERR,ERR,ERR,ERR,ERR,ERR,ERR,ERR,ERR,ERR,ERR,ERR,ERR,ERR,ERR,ERR,ERR,ERR,ERR,ERR,ERR,ERR,ERR,ERR,ERR,ERR,ERR,ERR,ERR,ERR,ERR,ERR,ERR,ERR,ERR,ERR,ERR,ERR,ERR,ERR,ERR,ERR,ERR,ERR,ERR,ERR,ERR,ERR,ERR,ERR,ERR,ERR,ERR,ERR,ERR,ERR,ERR,ERR,ERR,ERR,ERR,ERR,ERR,ERR,ERR,ERR,ERR,ERR,ERR,ERR,ERR,ERR,ERR,ERR,ERR,ERR,ERR,ERR,ERR,ERR,ERR,ERR,ERR,0.0,0.0,2.6474835549302285e+23,0.0,0.0,1.3936040501711995e+18,7.805,0.0,0,0,4,0,7116,0.0,100,0.0,0.0,0.0,0.0,0.0,0,0,0,0,0.0,0,0,0,0,0,0,0,0,0,0,0,0,0,0,0,0,0,0,0,0,0,0,0,0,0,0,0,0,0,0,0,0,0,31,40,40,71,65476,0,300,0,0,8,21553,0.0,-107605600.0,0.0,0.0,0.0,0.0,0.0,0.0,0.0,0.0,0.0,0.0,0.0,0.0,0.0,0.0,0.0,0.0,0.0,0.0,0.0,0.0,-2.004,2.004,-0.0,-2.004,0.0,0.0,0.0,0.0,4493.0,2.004,6920.0,0.0,0.0,0.0,2.718429120148166e+23,0.0,0.0,0.0,0.0,69,-126841143296.0,-0.0,0.0,0.0,0.0,0.0,0.0,0.0,0.0,0,0,0,0.0,0.0,0.0,0.0,0.0,0.0,0.0,0.0,0.0,0.0,0.0,0.0,0.0,0.0,0.0,0.0,0,-107875648.0,69,0.0,138,0.0,-109183072.0,0,13107,17086,26215,17101,39322,17081,0,0,0,70,68,100,2.7302399002429377e+23,82.1,2.730238459091057e+23,78.0,0.0,79.0,1,49,50,180,0,52429,0,0,0.0,0.0,0.0,0.0,-0.0,67.0,0.0,162057.094,0.0,976,0,1003,0,0,0,951,0,1027,0,928,0,790,0,782,0,822,0,7520,0.032,9.56924848823683e+19,0.0,0.0,784,16797,-0.0,162057.094,-114818.039,-0.0,0.133,6.909358625270745e+28,30.0,70.0,35,0.0,0.0,0.0,0.0,0.0,0.0,0.0,0.0,0.0,0.0,0.0,0.0,0.0,0.0,0.0,0.0,66.4,0,150,71,52,65476,0,300,0,0,8,20529,65476,0,0,44564,70.0,0.0,0.0,0.0,0.0,0.0
2026-09-10T21:30:53,ERR,ERR,ERR,ERR,ERR,ERR,ERR,ERR,ERR,ERR,ERR,ERR,ERR,ERR,ERR,ERR,ERR,ERR,ERR,ERR,ERR,ERR,ERR,ERR,ERR,ERR,ERR,ERR,ERR,ERR,ERR,ERR,ERR,ERR,ERR,ERR,ERR,ERR,ERR,ERR,ERR,ERR,ERR,ERR,ERR,ERR,ERR,ERR,ERR,ERR,ERR,ERR,ERR,ERR,ERR,ERR,ERR,ERR,ERR,ERR,ERR,ERR,ERR,ERR,ERR,ERR,ERR,ERR,ERR,ERR,ERR,ERR,ERR,ERR,ERR,ERR,ERR,ERR,ERR,ERR,ERR,ERR,ERR,ERR,ERR,ERR,ERR,ERR,ERR,ERR,ERR,ERR,ERR,ERR,ERR,ERR,ERR,ERR,ERR,ERR,ERR,ERR,ERR,ERR,ERR,ERR,ERR,ERR,ERR,ERR,ERR,ERR,ERR,ERR,ERR,ERR,ERR,ERR,ERR,ERR,ERR,ERR,ERR,ERR,ERR,0.0,0.0,2.6474835549302285e+23,0.0,0.0,1.3936040501711995e+18,7.805,0.0,0,0,4,0,7116,0.0,100,0.0,0.0,0.0,0.0,0.0,0,0,0,0,0.0,0,0,0,0,0,0,0,0,0,0,0,0,0,0,0,0,0,0,0,0,0,0,0,0,0,0,0,0,0,0,0,0,0,31,40,40,71,65476,0,300,0,0,8,21553,0.0,-107605600.0,0.0,0.0,0.0,0.0,0.0,0.0,0.0,0.0,0.0,0.0,0.0,0.0,0.0,0.0,0.0,0.0,0.0,0.0,0.0,0.0,-2.004,2.004,-0.0,-2.004,0.0,0.0,0.0,0.0,4493.0,2.004,6920.0,0.0,0.0,0.0,2.718429120148166e+23,0.0,0.0,0.0,0.0,69,-126841143296.0,-0.0,0.0,0.0,0.0,0.0,0.0,0.0,0.0,0,0,0,0.0,0.0,0.0,0.0,0.0,0.0,0.0,0.0,0.0,0.0,0.0,0.0,0.0,0.0,0.0,0.0,0,-107875648.0,69,0.0,138,0.0,-109183072.0,0,13107,17086,26215,17101,39322,17081,0,0,0,70,68,100,2.7302399002429377e+23,82.1,2.730238459091057e+23,78.0,0.0,79.0,1,49,50,180,0,52429,0,0,0.0,0.0,0.0,0.0,-0.0,67.0,0.0,162057.094,0.0,976,0,1003,0,0,0,951,0,1027,0,928,0,790,0,782,0,822,0,7520,0.032,9.56924848823683e+19,0.0,0.0,784,16797,-0.0,162057.094,-114818.039,-0.0,0.133,6.909358625270745e+28,30.0,70.0,35,0.0,0.0,0.0,0.0,0.0,0.0,0.0,0.0,0.0,0.0,0.0,0.0,0.0,0.0,0.0,0.0,66.4,0,150,71,52,65476,0,300,0,0,8,20529,65476,0,0,44564,70.0,0.0,0.0,0.0,0.0,0.0
2026-09-10T21:30:54,ERR,ERR,ERR,ERR,ERR,ERR,ERR,ERR,ERR,ERR,ERR,ERR,ERR,ERR,ERR,ERR,ERR,ERR,ERR,ERR,ERR,ERR,ERR,ERR,ERR,ERR,ERR,ERR,ERR,ERR,ERR,ERR,ERR,ERR,ERR,ERR,ERR,ERR,ERR,ERR,ERR,ERR,ERR,ERR,ERR,ERR,ERR,ERR,ERR,ERR,ERR,ERR,ERR,ERR,ERR,ERR,ERR,ERR,ERR,ERR,ERR,ERR,ERR,ERR,ERR,ERR,ERR,ERR,ERR,ERR,ERR,ERR,ERR,ERR,ERR,ERR,ERR,ERR,ERR,ERR,ERR,ERR,ERR,ERR,ERR,ERR,ERR,ERR,ERR,ERR,ERR,ERR,ERR,ERR,ERR,ERR,ERR,ERR,ERR,ERR,ERR,ERR,ERR,ERR,ERR,ERR,ERR,ERR,ERR,ERR,ERR,ERR,ERR,ERR,ERR,ERR,ERR,ERR,ERR,ERR,ERR,ERR,ERR,ERR,ERR,0.0,0.0,2.6474835549302285e+23,0.0,0.0,1.3936040501711995e+18,7.805,0.0,0,0,4,0,7116,0.0,100,0.0,0.0,0.0,0.0,0.0,0,0,0,0,0.0,0,0,0,0,0,0,0,0,0,0,0,0,0,0,0,0,0,0,0,0,0,0,0,0,0,0,0,0,0,0,0,0,0,31,40,40,71,65476,0,300,0,0,8,21553,0.0,-107605600.0,0.0,0.0,0.0,0.0,0.0,0.0,0.0,0.0,0.0,0.0,0.0,0.0,0.0,0.0,0.0,0.0,0.0,0.0,0.0,0.0,-2.004,2.004,-0.0,-2.004,0.0,0.0,0.0,0.0,4493.0,2.004,6920.0,0.0,0.0,0.0,2.718429120148166e+23,0.0,0.0,0.0,0.0,69,-126841143296.0,-0.0,0.0,0.0,0.0,0.0,0.0,0.0,0.0,0,0,0,0.0,0.0,0.0,0.0,0.0,0.0,0.0,0.0,0.0,0.0,0.0,0.0,0.0,0.0,0.0,0.0,0,-107875648.0,69,0.0,138,0.0,-109183072.0,0,13107,17086,26215,17101,39322,17081,0,0,0,70,68,100,2.7302399002429377e+23,82.2,2.730238459091057e+23,78.0,0.0,79.0,1,49,50,180,0,52429,0,0,0.0,0.0,0.0,0.0,-0.0,67.0,0.0,162057.094,0.0,976,0,1004,0,0,0,951,0,1027,0,928,0,790,0,781,0,822,0,7520,0.032,9.56924848823683e+19,0.0,0.0,784,16797,-0.0,162057.094,-114818.039,-0.0,0.133,6.909358625270745e+28,30.0,70.0,35,0.0,0.0,0.0,0.0,0.0,0.0,0.0,0.0,0.0,0.0,0.0,0.0,0.0,0.0,0.0,0.0,66.4,0,150,71,52,65476,0,300,0,0,8,20529,65476,0,0,44564,70.0,0.0,0.0,0.0,0.0,0.0
2026-09-10T21:30:55,ERR,ERR,ERR,ERR,ERR,ERR,ERR,ERR,ERR,ERR,ERR,ERR,ERR,ERR,ERR,ERR,ERR,ERR,ERR,ERR,ERR,ERR,ERR,ERR,ERR,ERR,ERR,ERR,ERR,ERR,ERR,ERR,ERR,ERR,ERR,ERR,ERR,ERR,ERR,ERR,ERR,ERR,ERR,ERR,ERR,ERR,ERR,ERR,ERR,ERR,ERR,ERR,ERR,ERR,ERR,ERR,ERR,ERR,ERR,ERR,ERR,ERR,ERR,ERR,ERR,ERR,ERR,ERR,ERR,ERR,ERR,ERR,ERR,ERR,ERR,ERR,ERR,ERR,ERR,ERR,ERR,ERR,ERR,ERR,ERR,ERR,ERR,ERR,ERR,ERR,ERR,ERR,ERR,ERR,ERR,ERR,ERR,ERR,ERR,ERR,ERR,ERR,ERR,ERR,ERR,ERR,ERR,ERR,ERR,ERR,ERR,ERR,ERR,ERR,ERR,ERR,ERR,ERR,ERR,ERR,ERR,ERR,ERR,ERR,ERR,0.0,0.0,2.6474835549302285e+23,0.0,0.0,1.3936040501711995e+18,7.805,0.0,0,0,4,0,7116,0.0,100,0.0,0.0,0.0,0.0,0.0,0,0,0,0,0.0,0,0,0,0,0,0,0,0,0,0,0,0,0,0,0,0,0,0,0,0,0,0,0,0,0,0,0,0,0,0,0,0,0,31,40,40,71,65476,0,300,0,0,8,21553,0.0,-107605600.0,0.0,0.0,0.0,0.0,0.0,0.0,0.0,0.0,0.0,0.0,0.0,0.0,0.0,0.0,0.0,0.0,0.0,0.0,0.0,0.0,-2.004,2.004,-0.0,-2.004,0.0,0.0,0.0,0.0,4493.0,2.004,6920.0,0.0,0.0,0.0,2.718429120148166e+23,0.0,0.0,0.0,0.0,69,-126841143296.0,-0.0,0.0,0.0,0.0,0.0,0.0,0.0,0.0,0,0,0,0.0,0.0,0.0,0.0,0.0,0.0,0.0,0.0,0.0,0.0,0.0,0.0,0.0,0.0,0.0,0.0,0,-107875648.0,69,0.0,138,0.0,-109183072.0,0,13107,17086,26215,17101,39322,17081,0,0,0,70,68,100,2.7302399002429377e+23,82.2,2.730238459091057e+23,78.0,0.0,79.0,1,49,50,180,0,52429,0,0,0.0,0.0,0.0,0.0,-0.0,67.0,0.0,162057.094,0.0,976,0,1004,0,0,0,951,0,1027,0,928,0,790,0,781,0,822,0,7520,0.032,9.56924848823683e+19,0.0,0.0,784,16797,-0.0,162057.094,-114818.039,-0.0,0.133,6.909358625270745e+28,30.0,70.0,35,0.0,0.0,0.0,0.0,0.0,0.0,0.0,0.0,0.0,0.0,0.0,0.0,0.0,0.0,0.0,0.0,66.4,0,150,71,52,65476,0,300,0,0,8,20529,65476,0,0,44564,70.0,0.0,0.0,0.0,0.0,0.0
2026-09-10T21:30:56,ERR,ERR,ERR,ERR,ERR,ERR,ERR,ERR,ERR,ERR,ERR,ERR,ERR,ERR,ERR,ERR,ERR,ERR,ERR,ERR,ERR,ERR,ERR,ERR,ERR,ERR,ERR,ERR,ERR,ERR,ERR,ERR,ERR,ERR,ERR,ERR,ERR,ERR,ERR,ERR,ERR,ERR,ERR,ERR,ERR,ERR,ERR,ERR,ERR,ERR,ERR,ERR,ERR,ERR,ERR,ERR,ERR,ERR,ERR,ERR,ERR,ERR,ERR,ERR,ERR,ERR,ERR,ERR,ERR,ERR,ERR,ERR,ERR,ERR,ERR,ERR,ERR,ERR,ERR,ERR,ERR,ERR,ERR,ERR,ERR,ERR,ERR,ERR,ERR,ERR,ERR,ERR,ERR,ERR,ERR,ERR,ERR,ERR,ERR,ERR,ERR,ERR,ERR,ERR,ERR,ERR,ERR,ERR,ERR,ERR,ERR,ERR,ERR,ERR,ERR,ERR,ERR,ERR,ERR,ERR,ERR,ERR,ERR,ERR,ERR,0.0,0.0,2.6474835549302285e+23,0.0,0.0,1.3936040501711995e+18,7.805,0.0,0,0,4,0,7116,0.0,100,0.0,0.0,0.0,0.0,0.0,0,0,0,0,0.0,0,0,0,0,0,0,0,0,0,0,0,0,0,0,0,0,0,0,0,0,0,0,0,0,0,0,0,0,0,0,0,0,0,31,40,40,71,65476,0,300,0,0,8,21553,0.0,-107605600.0,0.0,0.0,0.0,0.0,0.0,0.0,0.0,0.0,0.0,0.0,0.0,0.0,0.0,0.0,0.0,0.0,0.0,0.0,0.0,0.0,-2.004,2.004,-0.0,-2.004,0.0,0.0,0.0,0.0,4493.0,2.004,6920.0,0.0,0.0,0.0,2.718429120148166e+23,0.0,0.0,0.0,0.0,69,-126841143296.0,-0.0,0.0,0.0,0.0,0.0,0.0,0.0,0.0,0,0,0,0.0,0.0,0.0,0.0,0.0,0.0,0.0,0.0,0.0,0.0,0.0,0.0,0.0,0.0,0.0,0.0,0,-107875648.0,69,0.0,138,0.0,-109183072.0,0,13107,17086,26215,17101,39322,17081,0,0,0,70,68,100,2.7302399002429377e+23,82.2,2.730238459091057e+23,78.0,0.0,79.0,1,49,50,180,0,52429,0,0,0.0,0.0,0.0,0.0,-0.0,67.0,0.0,162057.094,0.0,976,0,1004,0,0,0,951,0,1027,0,928,0,790,0,781,0,822,0,7520,0.032,9.56924848823683e+19,0.0,0.0,784,16797,-0.0,162057.094,-114818.039,-0.0,0.133,6.909358625270745e+28,30.0,70.0,35,0.0,0.0,0.0,0.0,0.0,0.0,0.0,0.0,0.0,0.0,0.0,0.0,0.0,0.0,0.0,0.0,66.4,0,150,71,52,65476,0,300,0,0,8,20529,65476,0,0,44564,70.0,0.0,0.0,0.0,0.0,0.0
2026-09-10T21:30:57,ERR,ERR,ERR,ERR,ERR,ERR,ERR,ERR,ERR,ERR,ERR,ERR,ERR,ERR,ERR,ERR,ERR,ERR,ERR,ERR,ERR,ERR,ERR,ERR,ERR,ERR,ERR,ERR,ERR,ERR,ERR,ERR,ERR,ERR,ERR,ERR,ERR,ERR,ERR,ERR,ERR,ERR,ERR,ERR,ERR,ERR,ERR,ERR,ERR,ERR,ERR,ERR,ERR,ERR,ERR,ERR,ERR,ERR,ERR,ERR,ERR,ERR,ERR,ERR,ERR,ERR,ERR,ERR,ERR,ERR,ERR,ERR,ERR,ERR,ERR,ERR,ERR,ERR,ERR,ERR,ERR,ERR,ERR,ERR,ERR,ERR,ERR,ERR,ERR,ERR,ERR,ERR,ERR,ERR,ERR,ERR,ERR,ERR,ERR,ERR,ERR,ERR,ERR,ERR,ERR,ERR,ERR,ERR,ERR,ERR,ERR,ERR,ERR,ERR,ERR,ERR,ERR,ERR,ERR,ERR,ERR,ERR,ERR,ERR,ERR,0.0,0.0,2.6474835549302285e+23,0.0,0.0,1.3936040501711995e+18,7.805,0.0,0,0,4,0,7116,0.0,100,0.0,0.0,0.0,0.0,0.0,0,0,0,0,0.0,0,0,0,0,0,0,0,0,0,0,0,0,0,0,0,0,0,0,0,0,0,0,0,0,0,0,0,0,0,0,0,0,0,31,40,40,71,65476,0,300,0,0,8,21553,0.0,-107605600.0,0.0,0.0,0.0,0.0,0.0,0.0,0.0,0.0,0.0,0.0,0.0,0.0,0.0,0.0,0.0,0.0,0.0,0.0,0.0,0.0,-2.004,2.004,-0.0,-2.004,0.0,0.0,0.0,0.0,4493.0,2.004,6920.0,0.0,0.0,0.0,2.718429120148166e+23,0.0,0.0,0.0,0.0,69,-126841143296.0,-0.0,0.0,0.0,0.0,0.0,0.0,0.0,0.0,0,0,0,0.0,0.0,0.0,0.0,0.0,0.0,0.0,0.0,0.0,0.0,0.0,0.0,0.0,0.0,0.0,0.0,0,-107875648.0,69,0.0,138,0.0,-109183072.0,0,13107,17086,26215,17101,39322,17081,0,0,0,70,68,100,2.7302399002429377e+23,82.2,2.730238459091057e+23,78.0,0.0,79.0,1,49,50,180,0,52429,0,0,0.0,0.0,0.0,0.0,-0.0,67.0,0.0,162057.094,0.0,976,0,1004,0,0,0,951,0,1027,0,928,0,790,0,781,0,822,0,7520,0.032,9.56924848823683e+19,0.0,0.0,784,16797,-0.0,162057.094,-114818.039,-0.0,0.133,6.909358625270745e+28,30.0,70.0,35,0.0,0.0,0.0,0.0,0.0,0.0,0.0,0.0,0.0,0.0,0.0,0.0,0.0,0.0,0.0,0.0,66.4,0,150,71,52,65476,0,300,0,0,8,20529,65476,0,0,44564,70.0,0.0,0.0,0.0,0.0,0.0
2026-09-10T21:30:58,ERR,ERR,ERR,ERR,ERR,ERR,ERR,ERR,ERR,ERR,ERR,ERR,ERR,ERR,ERR,ERR,ERR,ERR,ERR,ERR,ERR,ERR,ERR,ERR,ERR,ERR,ERR,ERR,ERR,ERR,ERR,ERR,ERR,ERR,ERR,ERR,ERR,ERR,ERR,ERR,ERR,ERR,ERR,ERR,ERR,ERR,ERR,ERR,ERR,ERR,ERR,ERR,ERR,ERR,ERR,ERR,ERR,ERR,ERR,ERR,ERR,ERR,ERR,ERR,ERR,ERR,ERR,ERR,ERR,ERR,ERR,ERR,ERR,ERR,ERR,ERR,ERR,ERR,ERR,ERR,ERR,ERR,ERR,ERR,ERR,ERR,ERR,ERR,ERR,ERR,ERR,ERR,ERR,ERR,ERR,ERR,ERR,ERR,ERR,ERR,ERR,ERR,ERR,ERR,ERR,ERR,ERR,ERR,ERR,ERR,ERR,ERR,ERR,ERR,ERR,ERR,ERR,ERR,ERR,ERR,ERR,ERR,ERR,ERR,ERR,0.0,0.0,2.6474835549302285e+23,0.0,0.0,1.3936040501711995e+18,7.805,0.0,0,0,4,0,7116,0.0,100,0.0,0.0,0.0,0.0,0.0,0,0,0,0,0.0,0,0,0,0,0,0,0,0,0,0,0,0,0,0,0,0,0,0,0,0,0,0,0,0,0,0,0,0,0,0,0,0,0,31,40,40,71,65476,0,300,0,0,8,21553,0.0,-107605600.0,0.0,0.0,0.0,0.0,0.0,0.0,0.0,0.0,0.0,0.0,0.0,0.0,0.0,0.0,0.0,0.0,0.0,0.0,0.0,0.0,-2.004,2.004,-0.0,-2.004,0.0,0.0,0.0,0.0,4493.0,2.004,6920.0,0.0,0.0,0.0,2.718429120148166e+23,0.0,0.0,0.0,0.0,69,-126841143296.0,-0.0,0.0,0.0,0.0,0.0,0.0,0.0,0.0,0,0,0,0.0,0.0,0.0,0.0,0.0,0.0,0.0,0.0,0.0,0.0,0.0,0.0,0.0,0.0,0.0,0.0,0,-107875648.0,69,0.0,138,0.0,-109183072.0,0,13107,17086,26215,17101,39322,17081,0,0,0,70,68,100,2.7302399002429377e+23,82.2,2.730238459091057e+23,78.0,0.0,79.0,1,49,50,180,0,52429,0,0,0.0,0.0,0.0,0.0,-0.0,67.0,0.0,162057.094,0.0,976,0,1004,0,0,0,951,0,1027,0,928,0,790,0,781,0,822,0,7520,0.032,9.56924848823683e+19,0.0,0.0,784,16797,-0.0,162057.094,-114818.039,-0.0,0.133,6.909358625270745e+28,30.0,70.0,35,0.0,0.0,0.0,0.0,0.0,0.0,0.0,0.0,0.0,0.0,0.0,0.0,0.0,0.0,0.0,0.0,66.4,0,150,71,52,65476,0,300,0,0,8,20529,65476,0,0,44564,70.0,0.0,0.0,0.0,0.0,0.0
2026-09-10T21:30:59,ERR,ERR,ERR,ERR,ERR,ERR,ERR,ERR,ERR,ERR,ERR,ERR,ERR,ERR,ERR,ERR,ERR,ERR,ERR,ERR,ERR,ERR,ERR,ERR,ERR,ERR,ERR,ERR,ERR,ERR,ERR,ERR,ERR,ERR,ERR,ERR,ERR,ERR,ERR,ERR,ERR,ERR,ERR,ERR,ERR,ERR,ERR,ERR,ERR,ERR,ERR,ERR,ERR,ERR,ERR,ERR,ERR,ERR,ERR,ERR,ERR,ERR,ERR,ERR,ERR,ERR,ERR,ERR,ERR,ERR,ERR,ERR,ERR,ERR,ERR,ERR,ERR,ERR,ERR,ERR,ERR,ERR,ERR,ERR,ERR,ERR,ERR,ERR,ERR,ERR,ERR,ERR,ERR,ERR,ERR,ERR,ERR,ERR,ERR,ERR,ERR,ERR,ERR,ERR,ERR,ERR,ERR,ERR,ERR,ERR,ERR,ERR,ERR,ERR,ERR,ERR,ERR,ERR,ERR,ERR,ERR,ERR,ERR,ERR,ERR,0.0,0.0,2.6474835549302285e+23,0.0,0.0,1.3936040501711995e+18,7.805,0.0,0,0,4,0,7116,0.0,100,0.0,0.0,0.0,0.0,0.0,0,0,0,0,0.0,0,0,0,0,0,0,0,0,0,0,0,0,0,0,0,0,0,0,0,0,0,0,0,0,0,0,0,0,0,0,0,0,0,31,40,40,71,65476,0,300,0,0,8,21553,0.0,-107605600.0,0.0,0.0,0.0,0.0,0.0,0.0,0.0,0.0,0.0,0.0,0.0,0.0,0.0,0.0,0.0,0.0,0.0,0.0,0.0,0.0,-2.004,2.004,-0.0,-2.004,0.0,0.0,0.0,0.0,4493.0,2.004,6920.0,0.0,0.0,0.0,2.718429120148166e+23,0.0,0.0,0.0,0.0,69,-126841143296.0,-0.0,0.0,0.0,0.0,0.0,0.0,0.0,0.0,0,0,0,0.0,0.0,0.0,0.0,0.0,0.0,0.0,0.0,0.0,0.0,0.0,0.0,0.0,0.0,0.0,0.0,0,-107875648.0,69,0.0,138,0.0,-109183072.0,0,13107,17086,26215,17101,26215,17081,0,0,0,70,68,100,2.7302399002429377e+23,82.1,0.0,78.0,0.0,79.0,1,49,50,180,13107,39322,0,0,0.0,0.0,0.0,0.0,-0.0,67.0,0.0,162057.094,0.0,976,0,1004,0,0,0,951,0,1027,0,927,0,790,0,781,0,822,0,7520,0.032,9.56924848823683e+19,0.0,0.0,784,16797,-0.0,162057.094,-114818.039,-0.0,0.133,6.909358625270745e+28,30.0,70.0,35,0.0,0.0,0.0,0.0,0.0,0.0,0.0,0.0,0.0,0.0,0.0,0.0,0.0,0.0,0.0,0.0,66.4,0,150,71,52,65476,0,300,0,0,8,20529,65476,0,0,44564,70.0,0.0,0.0,0.0,0.0,0.0
2026-09-10T21:31:00,ERR,ERR,ERR,ERR,ERR,ERR,ERR,ERR,ERR,ERR,ERR,ERR,ERR,ERR,ERR,ERR,ERR,ERR,ERR,ERR,ERR,ERR,ERR,ERR,ERR,ERR,ERR,ERR,ERR,ERR,ERR,ERR,ERR,ERR,ERR,ERR,ERR,ERR,ERR,ERR,ERR,ERR,ERR,ERR,ERR,ERR,ERR,ERR,ERR,ERR,ERR,ERR,ERR,ERR,ERR,ERR,ERR,ERR,ERR,ERR,ERR,ERR,ERR,ERR,ERR,ERR,ERR,ERR,ERR,ERR,ERR,ERR,ERR,ERR,ERR,ERR,ERR,ERR,ERR,ERR,ERR,ERR,ERR,ERR,ERR,ERR,ERR,ERR,ERR,ERR,ERR,ERR,ERR,ERR,ERR,ERR,ERR,ERR,ERR,ERR,ERR,ERR,ERR,ERR,ERR,ERR,ERR,ERR,ERR,ERR,ERR,ERR,ERR,ERR,ERR,ERR,ERR,ERR,ERR,ERR,ERR,ERR,ERR,ERR,ERR,0.0,0.0,2.6474835549302285e+23,0.0,0.0,1.3936040501711995e+18,7.805,0.0,0,0,4,0,7116,0.0,100,0.0,0.0,0.0,0.0,0.0,0,0,0,0,0.0,0,0,0,0,0,0,0,0,0,0,0,0,0,0,0,0,0,0,0,0,0,0,0,0,0,0,0,0,0,0,0,0,0,31,40,40,71,65476,0,300,0,0,8,21553,0.0,-107605600.0,0.0,0.0,0.0,0.0,0.0,0.0,0.0,0.0,0.0,0.0,0.0,0.0,0.0,0.0,0.0,0.0,0.0,0.0,0.0,0.0,-2.004,2.004,-0.0,0.0,0.0,0.0,0.0,0.0,4492.0,8608165888.0,6922.0,0.0,0.0,0.0,-0.0,0.0,0.0,0.0,0.0,69,-107615376.0,-0.0,0.0,0.0,0.0,0.0,0.0,0.0,0.0,0,0,0,0.0,0.0,0.0,0.0,0.0,0.0,0.0,0.0,0.0,0.0,0.0,0.0,0.0,0.0,0.0,0.0,0,-107875648.0,69,0.0,138,0.0,-109183072.0,0,13107,17086,26215,17101,26215,17081,0,0,0,70,68,100,2.7302399002429377e+23,82.1,0.0,78.0,0.0,79.0,1,49,50,180,13107,39322,0,0,0.0,0.0,0.0,0.0,-0.0,67.0,0.0,162057.094,0.0,976,0,1004,0,0,0,951,0,1027,0,927,0,790,0,781,0,822,0,7520,0.032,9.56924848823683e+19,0.0,0.0,784,16797,-0.0,162057.094,-114818.039,-0.0,0.133,6.909358625270745e+28,30.0,70.0,35,0.0,0.0,0.0,0.0,0.0,0.0,0.0,0.0,0.0,0.0,0.0,0.0,0.0,0.0,0.0,0.0,66.4,0,150,71,52,65476,0,300,0,0,8,20529,65476,0,0,44564,70.0,0.0,0.0,0.0,0.0,0.0
2026-09-10T21:31:01,ERR,ERR,ERR,ERR,ERR,ERR,ERR,ERR,ERR,ERR,ERR,ERR,ERR,ERR,ERR,ERR,ERR,ERR,ERR,ERR,ERR,ERR,ERR,ERR,ERR,ERR,ERR,ERR,ERR,ERR,ERR,ERR,ERR,ERR,ERR,ERR,ERR,ERR,ERR,ERR,ERR,ERR,ERR,ERR,ERR,ERR,ERR,ERR,ERR,ERR,ERR,ERR,ERR,ERR,ERR,ERR,ERR,ERR,ERR,ERR,ERR,ERR,ERR,ERR,ERR,ERR,ERR,ERR,ERR,ERR,ERR,ERR,ERR,ERR,ERR,ERR,ERR,ERR,ERR,ERR,ERR,ERR,ERR,ERR,ERR,ERR,ERR,ERR,ERR,ERR,ERR,ERR,ERR,ERR,ERR,ERR,ERR,ERR,ERR,ERR,ERR,ERR,ERR,ERR,ERR,ERR,ERR,ERR,ERR,ERR,ERR,ERR,ERR,ERR,ERR,ERR,ERR,ERR,ERR,ERR,ERR,ERR,ERR,ERR,ERR,0.0,0.0,2.6474835549302285e+23,0.0,0.0,1.3936040501711995e+18,7.805,0.0,0,0,4,0,7116,0.0,100,0.0,0.0,0.0,0.0,0.0,0,0,0,0,0.0,0,0,0,0,0,0,0,0,0,0,0,0,0,0,0,0,0,0,0,0,0,0,0,0,0,0,0,0,0,0,0,0,0,31,40,40,71,65476,0,300,0,0,8,21553,0.0,-107605600.0,0.0,0.0,0.0,0.0,0.0,0.0,0.0,0.0,0.0,0.0,0.0,0.0,0.0,0.0,0.0,0.0,0.0,0.0,0.0,0.0,-2.004,2.004,-0.0,0.0,0.0,0.0,0.0,0.0,4492.0,8608165888.0,6922.0,0.0,0.0,0.0,-0.0,0.0,0.0,0.0,0.0,69,-107615376.0,-0.0,0.0,0.0,0.0,0.0,0.0,0.0,0.0,0,0,0,0.0,0.0,0.0,0.0,0.0,0.0,0.0,0.0,0.0,0.0,0.0,0.0,0.0,0.0,0.0,0.0,0,-107875648.0,69,0.0,138,0.0,-109183072.0,0,13107,17086,26215,17101,26215,17081,0,0,0,70,68,100,2.7302399002429377e+23,82.1,0.0,78.0,0.0,79.0,1,49,50,180,13107,39322,0,0,0.0,0.0,0.0,0.0,-0.0,67.0,0.0,162057.094,0.0,976,0,1004,0,0,0,951,0,1027,0,927,0,790,0,781,0,822,0,7520,0.032,9.56924848823683e+19,0.0,0.0,784,16797,-0.0,162057.094,-114818.039,-0.0,0.133,6.909358625270745e+28,30.0,70.0,35,0.0,0.0,0.0,0.0,0.0,0.0,0.0,0.0,0.0,0.0,0.0,0.0,0.0,0.0,0.0,0.0,66.4,0,150,71,52,65476,0,300,0,0,8,20529,65476,0,0,44564,70.0,0.0,0.0,0.0,0.0,0.0
2026-09-10T21:31:02,ERR,ERR,ERR,ERR,ERR,ERR,ERR,ERR,ERR,ERR,ERR,ERR,ERR,ERR,ERR,ERR,ERR,ERR,ERR,ERR,ERR,ERR,ERR,ERR,ERR,ERR,ERR,ERR,ERR,ERR,ERR,ERR,ERR,ERR,ERR,ERR,ERR,ERR,ERR,ERR,ERR,ERR,ERR,ERR,ERR,ERR,ERR,ERR,ERR,ERR,ERR,ERR,ERR,ERR,ERR,ERR,ERR,ERR,ERR,ERR,ERR,ERR,ERR,ERR,ERR,ERR,ERR,ERR,ERR,ERR,ERR,ERR,ERR,ERR,ERR,ERR,ERR,ERR,ERR,ERR,ERR,ERR,ERR,ERR,ERR,ERR,ERR,ERR,ERR,ERR,ERR,ERR,ERR,ERR,ERR,ERR,ERR,ERR,ERR,ERR,ERR,ERR,ERR,ERR,ERR,ERR,ERR,ERR,ERR,ERR,ERR,ERR,ERR,ERR,ERR,ERR,ERR,ERR,ERR,ERR,ERR,ERR,ERR,ERR,ERR,0.0,0.0,2.6474835549302285e+23,0.0,0.0,1.3936040501711995e+18,7.805,0.0,0,0,4,0,7116,0.0,100,0.0,0.0,0.0,0.0,0.0,0,0,0,0,0.0,0,0,0,0,0,0,0,0,0,0,0,0,0,0,0,0,0,0,0,0,0,0,0,0,0,0,0,0,0,0,0,0,0,31,40,40,71,65476,0,300,0,0,8,21553,0.0,-107605600.0,0.0,0.0,0.0,0.0,0.0,0.0,0.0,0.0,0.0,0.0,0.0,0.0,0.0,0.0,0.0,0.0,0.0,0.0,0.0,0.0,-2.004,2.004,-0.0,0.0,0.0,0.0,0.0,0.0,4492.0,8608165888.0,6922.0,0.0,0.0,0.0,-0.0,0.0,0.0,0.0,0.0,69,-107615376.0,-0.0,0.0,0.0,0.0,0.0,0.0,0.0,0.0,0,0,0,0.0,0.0,0.0,0.0,0.0,0.0,0.0,0.0,0.0,0.0,0.0,0.0,0.0,0.0,0.0,0.0,0,-107875648.0,69,0.0,138,0.0,-109183072.0,0,13107,17086,26215,17101,26215,17081,0,0,0,70,68,100,2.7302399002429377e+23,82.1,0.0,78.0,0.0,79.0,1,49,50,180,13107,39322,0,0,0.0,0.0,0.0,0.0,-0.0,67.0,0.0,162057.094,0.0,976,0,1004,0,0,0,951,0,1027,0,927,0,790,0,781,0,822,0,7520,0.032,9.56924848823683e+19,0.0,0.0,784,16797,-0.0,162057.094,-114818.039,-0.0,0.133,6.909358625270745e+28,30.0,70.0,35,0.0,0.0,0.0,0.0,0.0,0.0,0.0,0.0,0.0,0.0,0.0,0.0,0.0,0.0,0.0,0.0,66.4,0,150,71,52,65476,0,300,0,0,8,20529,65476,0,0,44564,70.0,0.0,0.0,0.0,0.0,0.0
2026-09-10T21:31:03,ERR,ERR,ERR,ERR,ERR,ERR,ERR,ERR,ERR,ERR,ERR,ERR,ERR,ERR,ERR,ERR,ERR,ERR,ERR,ERR,ERR,ERR,ERR,ERR,ERR,ERR,ERR,ERR,ERR,ERR,ERR,ERR,ERR,ERR,ERR,ERR,ERR,ERR,ERR,ERR,ERR,ERR,ERR,ERR,ERR,ERR,ERR,ERR,ERR,ERR,ERR,ERR,ERR,ERR,ERR,ERR,ERR,ERR,ERR,ERR,ERR,ERR,ERR,ERR,ERR,ERR,ERR,ERR,ERR,ERR,ERR,ERR,ERR,ERR,ERR,ERR,ERR,ERR,ERR,ERR,ERR,ERR,ERR,ERR,ERR,ERR,ERR,ERR,ERR,ERR,ERR,ERR,ERR,ERR,ERR,ERR,ERR,ERR,ERR,ERR,ERR,ERR,ERR,ERR,ERR,ERR,ERR,ERR,ERR,ERR,ERR,ERR,ERR,ERR,ERR,ERR,ERR,ERR,ERR,ERR,ERR,ERR,ERR,ERR,ERR,0.0,0.0,2.6474835549302285e+23,0.0,0.0,1.3936040501711995e+18,7.805,0.0,0,0,4,0,7116,0.0,100,0.0,0.0,0.0,0.0,0.0,0,0,0,0,0.0,0,0,0,0,0,0,0,0,0,0,0,0,0,0,0,0,0,0,0,0,0,0,0,0,0,0,0,0,0,0,0,0,0,31,40,40,71,65476,0,300,0,0,8,21553,0.0,-107605600.0,0.0,0.0,0.0,0.0,0.0,0.0,0.0,0.0,0.0,0.0,0.0,0.0,0.0,0.0,0.0,0.0,0.0,0.0,0.0,0.0,-2.004,2.004,-0.0,0.0,0.0,0.0,0.0,0.0,4492.0,8608165888.0,6922.0,0.0,0.0,0.0,-0.0,0.0,0.0,0.0,0.0,69,-107615376.0,-0.0,0.0,0.0,0.0,0.0,0.0,0.0,0.0,0,0,0,0.0,0.0,0.0,0.0,0.0,0.0,0.0,0.0,0.0,0.0,0.0,0.0,0.0,0.0,0.0,0.0,0,-107875648.0,69,0.0,138,0.0,-109183072.0,0,13107,17086,26215,17101,26215,17081,0,0,0,70,68,100,2.7302399002429377e+23,82.1,0.0,78.0,0.0,79.0,1,49,50,180,13107,39322,0,0,0.0,0.0,0.0,0.0,-0.0,67.0,0.0,162057.094,0.0,976,0,1004,0,0,0,951,0,1027,0,927,0,790,0,781,0,822,0,7520,0.032,9.56924848823683e+19,0.0,0.0,784,16797,-0.0,162057.094,-114818.039,-0.0,0.133,6.909358625270745e+28,30.0,70.0,35,0.0,0.0,0.0,0.0,0.0,0.0,0.0,0.0,0.0,0.0,0.0,0.0,0.0,0.0,0.0,0.0,66.4,0,150,71,52,65476,0,300,0,0,8,20529,65476,0,0,44564,70.0,0.0,0.0,0.0,0.0,0.0
2026-09-10T21:31:04,ERR,ERR,ERR,ERR,ERR,ERR,ERR,ERR,ERR,ERR,ERR,ERR,ERR,ERR,ERR,ERR,ERR,ERR,ERR,ERR,ERR,ERR,ERR,ERR,ERR,ERR,ERR,ERR,ERR,ERR,ERR,ERR,ERR,ERR,ERR,ERR,ERR,ERR,ERR,ERR,ERR,ERR,ERR,ERR,ERR,ERR,ERR,ERR,ERR,ERR,ERR,ERR,ERR,ERR,ERR,ERR,ERR,ERR,ERR,ERR,ERR,ERR,ERR,ERR,ERR,ERR,ERR,ERR,ERR,ERR,ERR,ERR,ERR,ERR,ERR,ERR,ERR,ERR,ERR,ERR,ERR,ERR,ERR,ERR,ERR,ERR,ERR,ERR,ERR,ERR,ERR,ERR,ERR,ERR,ERR,ERR,ERR,ERR,ERR,ERR,ERR,ERR,ERR,ERR,ERR,ERR,ERR,ERR,ERR,ERR,ERR,ERR,ERR,ERR,ERR,ERR,ERR,ERR,ERR,ERR,ERR,ERR,ERR,ERR,ERR,0.0,0.0,2.6474835549302285e+23,0.0,0.0,1.3936040501711995e+18,7.805,0.0,0,0,4,0,7116,0.0,100,0.0,0.0,0.0,0.0,0.0,0,0,0,0,0.0,0,0,0,0,0,0,0,0,0,0,0,0,0,0,0,0,0,0,0,0,0,0,0,0,0,0,0,0,0,0,0,0,0,31,40,40,71,65476,0,300,0,0,8,21553,0.0,-107605600.0,0.0,0.0,0.0,0.0,0.0,0.0,0.0,0.0,0.0,0.0,0.0,0.0,0.0,0.0,0.0,0.0,0.0,0.0,0.0,0.0,-2.004,2.004,-0.0,0.0,0.0,0.0,0.0,0.0,4492.0,8608165888.0,6922.0,0.0,0.0,0.0,-0.0,0.0,0.0,0.0,0.0,69,-107615376.0,-0.0,0.0,0.0,0.0,0.0,0.0,0.0,0.0,0,0,0,0.0,0.0,0.0,0.0,0.0,0.0,0.0,0.0,0.0,0.0,0.0,0.0,0.0,0.0,0.0,0.0,0,-107875648.0,69,0.0,138,0.0,-109183072.0,0,13107,17086,26215,17101,26215,17081,0,0,0,70,68,100,2.7302399002429377e+23,82.1,0.0,78.0,0.0,79.0,1,49,50,180,13107,39322,0,0,0.0,0.0,0.0,0.0,-0.0,67.0,0.0,162057.094,0.0,976,0,1004,0,0,0,951,0,1027,0,927,0,790,0,781,0,822,0,7520,0.032,9.56924848823683e+19,0.0,0.0,784,16797,-0.0,162057.094,-114818.039,-0.0,0.133,6.909358625270745e+28,30.0,70.0,35,0.0,0.0,0.0,0.0,0.0,0.0,0.0,0.0,0.0,0.0,0.0,0.0,0.0,0.0,0.0,0.0,66.4,0,150,71,52,65476,0,300,0,0,8,20529,65476,0,0,44564,70.0,0.0,0.0,0.0,0.0,0.0
2026-09-10T21:31:05,ERR,ERR,ERR,ERR,ERR,ERR,ERR,ERR,ERR,ERR,ERR,ERR,ERR,ERR,ERR,ERR,ERR,ERR,ERR,ERR,ERR,ERR,ERR,ERR,ERR,ERR,ERR,ERR,ERR,ERR,ERR,ERR,ERR,ERR,ERR,ERR,ERR,ERR,ERR,ERR,ERR,ERR,ERR,ERR,ERR,ERR,ERR,ERR,ERR,ERR,ERR,ERR,ERR,ERR,ERR,ERR,ERR,ERR,ERR,ERR,ERR,ERR,ERR,ERR,ERR,ERR,ERR,ERR,ERR,ERR,ERR,ERR,ERR,ERR,ERR,ERR,ERR,ERR,ERR,ERR,ERR,ERR,ERR,ERR,ERR,ERR,ERR,ERR,ERR,ERR,ERR,ERR,ERR,ERR,ERR,ERR,ERR,ERR,ERR,ERR,ERR,ERR,ERR,ERR,ERR,ERR,ERR,ERR,ERR,ERR,ERR,ERR,ERR,ERR,ERR,ERR,ERR,ERR,ERR,ERR,ERR,ERR,ERR,ERR,ERR,0.0,0.0,2.6474835549302285e+23,0.0,0.0,1.3936040501711995e+18,7.805,0.0,0,0,4,0,7116,0.0,100,0.0,0.0,0.0,0.0,0.0,0,0,0,0,0.0,0,0,0,0,0,0,0,0,0,0,0,0,0,0,0,0,0,0,0,0,0,0,0,0,0,0,0,0,0,0,0,0,0,31,40,40,71,65476,0,300,0,0,8,21553,0.0,-107605600.0,0.0,0.0,0.0,0.0,0.0,0.0,0.0,0.0,0.0,0.0,0.0,0.0,0.0,0.0,0.0,0.0,0.0,0.0,0.0,0.0,-2.004,2.004,-0.0,0.0,0.0,0.0,0.0,0.0,4492.0,8608165888.0,6922.0,0.0,0.0,0.0,-0.0,0.0,0.0,0.0,0.0,69,-107615376.0,-0.0,0.0,0.0,0.0,0.0,0.0,0.0,0.0,0,0,0,0.0,0.0,0.0,0.0,0.0,0.0,0.0,0.0,0.0,0.0,0.0,0.0,0.0,0.0,0.0,0.0,0,-107875648.0,69,0.0,138,0.0,-109183072.0,0,13107,17086,26215,17101,26215,17081,0,0,0,70,68,100,2.7302399002429377e+23,82.1,0.0,78.0,0.0,79.0,1,49,50,180,13107,39322,0,0,0.0,0.0,0.0,0.0,-0.0,67.0,0.0,162057.094,0.0,976,0,1003,0,0,0,951,0,1027,0,927,0,790,0,781,0,822,0,7520,0.032,9.56924848823683e+19,0.0,0.0,784,16797,-0.0,162057.094,-114818.039,-0.0,0.133,6.909358625270745e+28,30.0,70.0,35,0.0,0.0,0.0,0.0,0.0,0.0,0.0,0.0,0.0,0.0,0.0,0.0,0.0,0.0,0.0,0.0,66.4,0,150,71,52,65476,0,300,0,0,8,20529,65476,0,0,44564,70.0,0.0,0.0,0.0,0.0,0.0
2026-09-10T21:31:06,ERR,ERR,ERR,ERR,ERR,ERR,ERR,ERR,ERR,ERR,ERR,ERR,ERR,ERR,ERR,ERR,ERR,ERR,ERR,ERR,ERR,ERR,ERR,ERR,ERR,ERR,ERR,ERR,ERR,ERR,ERR,ERR,ERR,ERR,ERR,ERR,ERR,ERR,ERR,ERR,ERR,ERR,ERR,ERR,ERR,ERR,ERR,ERR,ERR,ERR,ERR,ERR,ERR,ERR,ERR,ERR,ERR,ERR,ERR,ERR,ERR,ERR,ERR,ERR,ERR,ERR,ERR,ERR,ERR,ERR,ERR,ERR,ERR,ERR,ERR,ERR,ERR,ERR,ERR,ERR,ERR,ERR,ERR,ERR,ERR,ERR,ERR,ERR,ERR,ERR,ERR,ERR,ERR,ERR,ERR,ERR,ERR,ERR,ERR,ERR,ERR,ERR,ERR,ERR,ERR,ERR,ERR,ERR,ERR,ERR,ERR,ERR,ERR,ERR,ERR,ERR,ERR,ERR,ERR,ERR,ERR,ERR,ERR,ERR,ERR,0.0,0.0,2.6474835549302285e+23,0.0,0.0,1.3936040501711995e+18,7.805,0.0,0,0,4,0,7116,0.0,100,0.0,0.0,0.0,0.0,0.0,0,0,0,0,0.0,0,0,0,0,0,0,0,0,0,0,0,0,0,0,0,0,0,0,0,0,0,0,0,0,0,0,0,0,0,0,0,0,0,31,40,40,71,65476,0,300,0,0,8,21553,0.0,-107605600.0,0.0,0.0,0.0,0.0,0.0,0.0,0.0,0.0,0.0,0.0,0.0,0.0,0.0,0.0,0.0,0.0,0.0,0.0,0.0,0.0,-2.004,2.004,-0.0,0.0,0.0,0.0,0.0,0.0,4492.0,8608165888.0,6922.0,0.0,0.0,0.0,-0.0,0.0,0.0,0.0,0.0,69,-107615376.0,-0.0,0.0,0.0,0.0,0.0,0.0,0.0,0.0,0,0,0,0.0,0.0,0.0,0.0,0.0,0.0,0.0,0.0,0.0,0.0,0.0,0.0,0.0,0.0,0.0,0.0,0,-107875648.0,69,0.0,138,0.0,-109183072.0,0,13107,17086,26215,17101,26215,17081,0,0,0,70,68,100,2.7302399002429377e+23,82.1,0.0,78.0,0.0,79.0,1,49,50,180,13107,39322,0,0,0.0,0.0,0.0,0.0,-0.0,67.0,0.0,162057.094,0.0,976,0,1003,0,0,0,951,0,1027,0,927,0,790,0,781,0,822,0,7520,0.032,9.56924848823683e+19,0.0,0.0,784,16797,-0.0,162057.094,-114818.039,-0.0,0.133,6.909358625270745e+28,30.0,70.0,35,0.0,0.0,0.0,0.0,0.0,0.0,0.0,0.0,0.0,0.0,0.0,0.0,0.0,0.0,0.0,0.0,66.4,0,150,71,52,65476,0,300,0,0,8,20529,65476,0,0,44564,70.0,0.0,0.0,0.0,0.0,0.0
2026-09-10T21:31:07,ERR,ERR,ERR,ERR,ERR,ERR,ERR,ERR,ERR,ERR,ERR,ERR,ERR,ERR,ERR,ERR,ERR,ERR,ERR,ERR,ERR,ERR,ERR,ERR,ERR,ERR,ERR,ERR,ERR,ERR,ERR,ERR,ERR,ERR,ERR,ERR,ERR,ERR,ERR,ERR,ERR,ERR,ERR,ERR,ERR,ERR,ERR,ERR,ERR,ERR,ERR,ERR,ERR,ERR,ERR,ERR,ERR,ERR,ERR,ERR,ERR,ERR,ERR,ERR,ERR,ERR,ERR,ERR,ERR,ERR,ERR,ERR,ERR,ERR,ERR,ERR,ERR,ERR,ERR,ERR,ERR,ERR,ERR,ERR,ERR,ERR,ERR,ERR,ERR,ERR,ERR,ERR,ERR,ERR,ERR,ERR,ERR,ERR,ERR,ERR,ERR,ERR,ERR,ERR,ERR,ERR,ERR,ERR,ERR,ERR,ERR,ERR,ERR,ERR,ERR,ERR,ERR,ERR,ERR,ERR,ERR,ERR,ERR,ERR,ERR,0.0,0.0,2.6474835549302285e+23,0.0,0.0,1.3936040501711995e+18,7.805,0.0,0,0,4,0,7116,0.0,100,0.0,0.0,0.0,0.0,0.0,0,0,0,0,0.0,0,0,0,0,0,0,0,0,0,0,0,0,0,0,0,0,0,0,0,0,0,0,0,0,0,0,0,0,0,0,0,0,0,31,40,40,71,65476,0,300,0,0,8,21553,0.0,-107605600.0,0.0,0.0,0.0,0.0,0.0,0.0,0.0,0.0,0.0,0.0,0.0,0.0,0.0,0.0,0.0,0.0,0.0,0.0,0.0,0.0,-2.004,2.004,-0.0,0.0,0.0,0.0,0.0,0.0,4492.0,8608165888.0,6922.0,0.0,0.0,0.0,-0.0,0.0,0.0,0.0,0.0,69,-107615376.0,-0.0,0.0,0.0,0.0,0.0,0.0,0.0,0.0,0,0,0,0.0,0.0,0.0,0.0,0.0,0.0,0.0,0.0,0.0,0.0,0.0,0.0,0.0,0.0,0.0,0.0,0,-107875648.0,69,0.0,138,0.0,-109183072.0,0,13107,17086,26215,17101,26215,17081,0,0,0,70,68,100,2.7302399002429377e+23,82.1,0.0,78.0,0.0,79.0,1,49,50,180,13107,39322,0,0,0.0,0.0,0.0,0.0,-0.0,67.0,0.0,162057.094,0.0,976,0,1003,0,0,0,951,0,1027,0,927,0,790,0,781,0,822,0,7520,0.032,9.56924848823683e+19,0.0,0.0,784,16797,-0.0,162057.094,-114818.039,-0.0,0.133,6.909358625270745e+28,30.0,70.0,35,0.0,0.0,0.0,0.0,0.0,0.0,0.0,0.0,0.0,0.0,0.0,0.0,0.0,0.0,0.0,0.0,66.4,0,150,71,52,65476,0,300,0,0,8,20529,65476,0,0,44564,70.0,0.0,0.0,0.0,0.0,0.0
2026-09-10T21:31:08,ERR,ERR,ERR,ERR,ERR,ERR,ERR,ERR,ERR,ERR,ERR,ERR,ERR,ERR,ERR,ERR,ERR,ERR,ERR,ERR,ERR,ERR,ERR,ERR,ERR,ERR,ERR,ERR,ERR,ERR,ERR,ERR,ERR,ERR,ERR,ERR,ERR,ERR,ERR,ERR,ERR,ERR,ERR,ERR,ERR,ERR,ERR,ERR,ERR,ERR,ERR,ERR,ERR,ERR,ERR,ERR,ERR,ERR,ERR,ERR,ERR,ERR,ERR,ERR,ERR,ERR,ERR,ERR,ERR,ERR,ERR,ERR,ERR,ERR,ERR,ERR,ERR,ERR,ERR,ERR,ERR,ERR,ERR,ERR,ERR,ERR,ERR,ERR,ERR,ERR,ERR,ERR,ERR,ERR,ERR,ERR,ERR,ERR,ERR,ERR,ERR,ERR,ERR,ERR,ERR,ERR,ERR,ERR,ERR,ERR,ERR,ERR,ERR,ERR,ERR,ERR,ERR,ERR,ERR,ERR,ERR,ERR,ERR,ERR,ERR,0.0,0.0,2.6474835549302285e+23,0.0,0.0,1.3936040501711995e+18,7.805,0.0,0,0,4,0,7116,0.0,100,0.0,0.0,0.0,0.0,0.0,0,0,0,0,0.0,0,0,0,0,0,0,0,0,0,0,0,0,0,0,0,0,0,0,0,0,0,0,0,0,0,0,0,0,0,0,0,0,0,31,40,40,71,65476,0,300,0,0,8,21553,0.0,-107605600.0,0.0,0.0,0.0,0.0,0.0,0.0,0.0,0.0,0.0,0.0,0.0,0.0,0.0,0.0,0.0,0.0,0.0,0.0,0.0,0.0,-2.004,2.004,-0.0,0.0,0.0,0.0,0.0,0.0,4494.0,564144759635968.0,6923.0,0.0,0.0,0.0,-0.0,0.0,0.0,0.0,0.0,69,-152018521948160.0,-0.0,0.0,0.0,0.0,0.0,0.0,0.0,0.0,0,0,0,0.0,0.0,0.0,0.0,0.0,0.0,0.0,0.0,0.0,0.0,0.0,0.0,0.0,0.0,0.0,0.0,0,-107875648.0,69,0.0,138,0.0,-109183072.0,0,13107,17086,26215,17101,26215,17081,0,0,0,70,68,100,2.7302399002429377e+23,82.1,0.0,78.0,0.0,79.0,1,49,50,180,13107,39322,0,0,0.0,0.0,0.0,0.0,-0.0,67.0,0.0,162057.094,0.0,976,0,1003,0,0,0,951,0,1027,0,927,0,790,0,781,0,822,0,7520,0.032,9.56924848823683e+19,0.0,0.0,784,16797,-0.0,162057.094,-114818.039,-0.0,0.133,6.909358625270745e+28,30.0,70.0,35,0.0,0.0,0.0,0.0,0.0,0.0,0.0,0.0,0.0,0.0,0.0,0.0,0.0,0.0,0.0,0.0,66.4,0,150,71,52,65476,0,300,0,0,8,20529,65476,0,0,44564,70.0,0.0,0.0,0.0,0.0,0.0
2026-09-10T21:31:09,ERR,ERR,ERR,ERR,ERR,ERR,ERR,ERR,ERR,ERR,ERR,ERR,ERR,ERR,ERR,ERR,ERR,ERR,ERR,ERR,ERR,ERR,ERR,ERR,ERR,ERR,ERR,ERR,ERR,ERR,ERR,ERR,ERR,ERR,ERR,ERR,ERR,ERR,ERR,ERR,ERR,ERR,ERR,ERR,ERR,ERR,ERR,ERR,ERR,ERR,ERR,ERR,ERR,ERR,ERR,ERR,ERR,ERR,ERR,ERR,ERR,ERR,ERR,ERR,ERR,ERR,ERR,ERR,ERR,ERR,ERR,ERR,ERR,ERR,ERR,ERR,ERR,ERR,ERR,ERR,ERR,ERR,ERR,ERR,ERR,ERR,ERR,ERR,ERR,ERR,ERR,ERR,ERR,ERR,ERR,ERR,ERR,ERR,ERR,ERR,ERR,ERR,ERR,ERR,ERR,ERR,ERR,ERR,ERR,ERR,ERR,ERR,ERR,ERR,ERR,ERR,ERR,ERR,ERR,ERR,ERR,ERR,ERR,ERR,ERR,0.0,0.0,2.6474835549302285e+23,0.0,0.0,1.3936040501711995e+18,7.805,0.0,0,0,4,0,7116,0.0,100,0.0,0.0,0.0,0.0,0.0,0,0,0,0,0.0,0,0,0,0,0,0,0,0,0,0,0,0,0,0,0,0,0,0,0,0,0,0,0,0,0,0,0,0,0,0,0,0,0,31,40,40,71,65476,0,300,0,0,8,21553,0.0,-107605600.0,0.0,0.0,0.0,0.0,0.0,0.0,0.0,0.0,0.0,0.0,0.0,0.0,0.0,0.0,0.0,0.0,0.0,0.0,0.0,0.0,-2.004,2.004,-0.0,0.0,0.0,0.0,0.0,0.0,4494.0,564144759635968.0,6923.0,0.0,0.0,0.0,-0.0,0.0,0.0,0.0,0.0,69,-152018521948160.0,-0.0,0.0,0.0,0.0,0.0,0.0,0.0,0.0,0,0,0,0.0,0.0,0.0,0.0,0.0,0.0,0.0,0.0,0.0,0.0,0.0,0.0,0.0,0.0,0.0,0.0,0,-107875648.0,69,0.0,138,0.0,-109183072.0,0,13107,17086,26215,17101,26215,17081,0,0,0,70,68,100,2.7302399002429377e+23,82.1,0.0,78.0,0.0,79.0,1,49,50,180,13107,39322,0,0,0.0,0.0,0.0,0.0,-0.0,67.0,0.0,162057.094,0.0,976,0,1003,0,0,0,951,0,1027,0,927,0,790,0,781,0,822,0,7520,0.032,9.56924848823683e+19,0.0,0.0,784,16797,-0.0,162057.094,-114818.039,-0.0,0.133,6.909358625270745e+28,30.0,70.0,35,0.0,0.0,0.0,0.0,0.0,0.0,0.0,0.0,0.0,0.0,0.0,0.0,0.0,0.0,0.0,0.0,66.4,0,150,71,52,65476,0,300,0,0,8,20529,65476,0,0,44564,70.0,0.0,0.0,0.0,0.0,0.0
2026-09-10T21:31:10,ERR,ERR,ERR,ERR,ERR,ERR,ERR,ERR,ERR,ERR,ERR,ERR,ERR,ERR,ERR,ERR,ERR,ERR,ERR,ERR,ERR,ERR,ERR,ERR,ERR,ERR,ERR,ERR,ERR,ERR,ERR,ERR,ERR,ERR,ERR,ERR,ERR,ERR,ERR,ERR,ERR,ERR,ERR,ERR,ERR,ERR,ERR,ERR,ERR,ERR,ERR,ERR,ERR,ERR,ERR,ERR,ERR,ERR,ERR,ERR,ERR,ERR,ERR,ERR,ERR,ERR,ERR,ERR,ERR,ERR,ERR,ERR,ERR,ERR,ERR,ERR,ERR,ERR,ERR,ERR,ERR,ERR,ERR,ERR,ERR,ERR,ERR,ERR,ERR,ERR,ERR,ERR,ERR,ERR,ERR,ERR,ERR,ERR,ERR,ERR,ERR,ERR,ERR,ERR,ERR,ERR,ERR,ERR,ERR,ERR,ERR,ERR,ERR,ERR,ERR,ERR,ERR,ERR,ERR,ERR,ERR,ERR,ERR,ERR,ERR,0.0,0.0,2.6474835549302285e+23,0.0,0.0,1.3936040501711995e+18,7.805,0.0,0,0,4,0,7116,0.0,100,0.0,0.0,0.0,0.0,0.0,0,0,0,0,0.0,0,0,0,0,0,0,0,0,0,0,0,0,0,0,0,0,0,0,0,0,0,0,0,0,0,0,0,0,0,0,0,0,0,31,40,40,71,65476,0,300,0,0,8,21553,0.0,-107605600.0,0.0,0.0,0.0,0.0,0.0,0.0,0.0,0.0,0.0,0.0,0.0,0.0,0.0,0.0,0.0,0.0,0.0,0.0,0.0,0.0,-2.004,2.004,-0.0,0.0,0.0,0.0,0.0,0.0,4494.0,564144759635968.0,6923.0,0.0,0.0,0.0,-0.0,0.0,0.0,0.0,0.0,69,-152018521948160.0,-0.0,0.0,0.0,0.0,0.0,0.0,0.0,0.0,0,0,0,0.0,0.0,0.0,0.0,0.0,0.0,0.0,0.0,0.0,0.0,0.0,0.0,0.0,0.0,0.0,0.0,0,-107875648.0,69,0.0,138,0.0,-109183072.0,0,13107,17086,26215,17101,26215,17081,0,0,0,70,68,100,2.7302399002429377e+23,82.1,0.0,78.0,0.0,79.0,1,49,50,180,13107,39322,0,0,0.0,0.0,0.0,0.0,-0.0,67.0,0.0,162057.094,0.0,976,0,1003,0,0,0,951,0,1027,0,927,0,790,0,781,0,822,0,7520,0.032,9.56924848823683e+19,0.0,0.0,784,16797,-0.0,162057.094,-114818.039,-0.0,0.133,6.909358625270745e+28,30.0,70.0,35,0.0,0.0,0.0,0.0,0.0,0.0,0.0,0.0,0.0,0.0,0.0,0.0,0.0,0.0,0.0,0.0,66.4,0,150,71,52,65476,0,300,0,0,8,20529,65476,0,0,44564,70.0,0.0,0.0,0.0,0.0,0.0
2026-09-10T21:31:11,ERR,ERR,ERR,ERR,ERR,ERR,ERR,ERR,ERR,ERR,ERR,ERR,ERR,ERR,ERR,ERR,ERR,ERR,ERR,ERR,ERR,ERR,ERR,ERR,ERR,ERR,ERR,ERR,ERR,ERR,ERR,ERR,ERR,ERR,ERR,ERR,ERR,ERR,ERR,ERR,ERR,ERR,ERR,ERR,ERR,ERR,ERR,ERR,ERR,ERR,ERR,ERR,ERR,ERR,ERR,ERR,ERR,ERR,ERR,ERR,ERR,ERR,ERR,ERR,ERR,ERR,ERR,ERR,ERR,ERR,ERR,ERR,ERR,ERR,ERR,ERR,ERR,ERR,ERR,ERR,ERR,ERR,ERR,ERR,ERR,ERR,ERR,ERR,ERR,ERR,ERR,ERR,ERR,ERR,ERR,ERR,ERR,ERR,ERR,ERR,ERR,ERR,ERR,ERR,ERR,ERR,ERR,ERR,ERR,ERR,ERR,ERR,ERR,ERR,ERR,ERR,ERR,ERR,ERR,ERR,ERR,ERR,ERR,ERR,ERR,0.0,0.0,2.6474835549302285e+23,0.0,0.0,1.3936040501711995e+18,7.805,0.0,0,0,4,0,7116,0.0,100,0.0,0.0,0.0,0.0,0.0,0,0,0,0,0.0,0,0,0,0,0,0,0,0,0,0,0,0,0,0,0,0,0,0,0,0,0,0,0,0,0,0,0,0,0,0,0,0,0,31,40,40,71,65476,0,300,0,0,8,21553,0.0,-107605600.0,0.0,0.0,0.0,0.0,0.0,0.0,0.0,0.0,0.0,0.0,0.0,0.0,0.0,0.0,0.0,0.0,0.0,0.0,0.0,0.0,-2.004,2.004,-0.0,0.0,0.0,0.0,0.0,0.0,4494.0,564144759635968.0,6923.0,0.0,0.0,0.0,-0.0,0.0,0.0,0.0,0.0,69,-152018521948160.0,-0.0,0.0,0.0,0.0,0.0,0.0,0.0,0.0,0,0,0,0.0,0.0,0.0,0.0,0.0,0.0,0.0,0.0,0.0,0.0,0.0,0.0,0.0,0.0,0.0,0.0,0,-107875648.0,69,0.0,138,0.0,-109183072.0,0,13107,17086,26215,17101,26215,17081,0,0,0,70,68,100,2.7302399002429377e+23,82.1,0.0,78.0,0.0,79.0,1,49,50,180,0,39322,0,0,0.0,0.0,0.0,0.0,-0.0,67.0,0.0,162057.094,0.0,975,0,1003,0,0,0,951,0,1027,0,927,0,790,0,781,0,822,0,7520,0.032,9.56924848823683e+19,0.0,0.0,784,16797,-0.0,162057.094,-114818.039,-0.0,0.133,6.909358625270745e+28,30.0,70.0,35,0.0,0.0,0.0,0.0,0.0,0.0,0.0,0.0,0.0,0.0,0.0,0.0,0.0,0.0,0.0,0.0,66.4,0,150,71,52,65476,0,300,0,0,8,20529,65476,0,0,44564,70.0,0.0,0.0,0.0,0.0,0.0
2026-09-10T21:31:12,ERR,ERR,ERR,ERR,ERR,ERR,ERR,ERR,ERR,ERR,ERR,ERR,ERR,ERR,ERR,ERR,ERR,ERR,ERR,ERR,ERR,ERR,ERR,ERR,ERR,ERR,ERR,ERR,ERR,ERR,ERR,ERR,ERR,ERR,ERR,ERR,ERR,ERR,ERR,ERR,ERR,ERR,ERR,ERR,ERR,ERR,ERR,ERR,ERR,ERR,ERR,ERR,ERR,ERR,ERR,ERR,ERR,ERR,ERR,ERR,ERR,ERR,ERR,ERR,ERR,ERR,ERR,ERR,ERR,ERR,ERR,ERR,ERR,ERR,ERR,ERR,ERR,ERR,ERR,ERR,ERR,ERR,ERR,ERR,ERR,ERR,ERR,ERR,ERR,ERR,ERR,ERR,ERR,ERR,ERR,ERR,ERR,ERR,ERR,ERR,ERR,ERR,ERR,ERR,ERR,ERR,ERR,ERR,ERR,ERR,ERR,ERR,ERR,ERR,ERR,ERR,ERR,ERR,ERR,ERR,ERR,ERR,ERR,ERR,ERR,0.0,0.0,2.6474835549302285e+23,0.0,0.0,1.3936040501711995e+18,7.805,0.0,0,0,4,0,7116,0.0,100,0.0,0.0,0.0,0.0,0.0,0,0,0,0,0.0,0,0,0,0,0,0,0,0,0,0,0,0,0,0,0,0,0,0,0,0,0,0,0,0,0,0,0,0,0,0,0,0,0,31,40,40,71,65476,0,300,0,0,8,21553,0.0,-107605600.0,0.0,0.0,0.0,0.0,0.0,0.0,0.0,0.0,0.0,0.0,0.0,0.0,0.0,0.0,0.0,0.0,0.0,0.0,0.0,0.0,-2.004,2.004,-0.0,0.0,0.0,0.0,0.0,0.0,4494.0,564144759635968.0,6923.0,0.0,0.0,0.0,-0.0,0.0,0.0,0.0,0.0,69,-152018521948160.0,-0.0,0.0,0.0,0.0,0.0,0.0,0.0,0.0,0,0,0,0.0,0.0,0.0,0.0,0.0,0.0,0.0,0.0,0.0,0.0,0.0,0.0,0.0,0.0,0.0,0.0,0,-107875648.0,69,0.0,138,0.0,-109183072.0,0,13107,17086,26215,17101,26215,17081,0,0,0,70,68,100,2.7302399002429377e+23,82.1,0.0,78.0,0.0,79.0,1,49,50,180,0,39322,0,0,0.0,0.0,0.0,0.0,-0.0,67.0,0.0,162057.094,0.0,975,0,1003,0,0,0,951,0,1027,0,927,0,790,0,781,0,822,0,7520,0.032,9.56924848823683e+19,0.0,0.0,784,16797,-0.0,162057.094,-114818.039,-0.0,0.133,6.909358625270745e+28,30.0,70.0,35,0.0,0.0,0.0,0.0,0.0,0.0,0.0,0.0,0.0,0.0,0.0,0.0,0.0,0.0,0.0,0.0,66.4,0,150,71,52,65476,0,300,0,0,8,20529,65476,0,0,44564,70.0,0.0,0.0,0.0,0.0,0.0
2026-09-10T21:31:13,ERR,ERR,ERR,ERR,ERR,ERR,ERR,ERR,ERR,ERR,ERR,ERR,ERR,ERR,ERR,ERR,ERR,ERR,ERR,ERR,ERR,ERR,ERR,ERR,ERR,ERR,ERR,ERR,ERR,ERR,ERR,ERR,ERR,ERR,ERR,ERR,ERR,ERR,ERR,ERR,ERR,ERR,ERR,ERR,ERR,ERR,ERR,ERR,ERR,ERR,ERR,ERR,ERR,ERR,ERR,ERR,ERR,ERR,ERR,ERR,ERR,ERR,ERR,ERR,ERR,ERR,ERR,ERR,ERR,ERR,ERR,ERR,ERR,ERR,ERR,ERR,ERR,ERR,ERR,ERR,ERR,ERR,ERR,ERR,ERR,ERR,ERR,ERR,ERR,ERR,ERR,ERR,ERR,ERR,ERR,ERR,ERR,ERR,ERR,ERR,ERR,ERR,ERR,ERR,ERR,ERR,ERR,ERR,ERR,ERR,ERR,ERR,ERR,ERR,ERR,ERR,ERR,ERR,ERR,ERR,ERR,ERR,ERR,ERR,ERR,0.0,0.0,2.6474835549302285e+23,0.0,0.0,1.3936040501711995e+18,7.805,0.0,0,0,4,0,7116,0.0,100,0.0,0.0,0.0,0.0,0.0,0,0,0,0,0.0,0,0,0,0,0,0,0,0,0,0,0,0,0,0,0,0,0,0,0,0,0,0,0,0,0,0,0,0,0,0,0,0,0,31,40,40,71,65476,0,300,0,0,8,21553,0.0,-107605600.0,0.0,0.0,0.0,0.0,0.0,0.0,0.0,0.0,0.0,0.0,0.0,0.0,0.0,0.0,0.0,0.0,0.0,0.0,0.0,0.0,-2.004,2.004,-0.0,0.0,0.0,0.0,0.0,0.0,4494.0,564144759635968.0,6923.0,0.0,0.0,0.0,-0.0,0.0,0.0,0.0,0.0,69,-152018521948160.0,-0.0,0.0,0.0,0.0,0.0,0.0,0.0,0.0,0,0,0,0.0,0.0,0.0,0.0,0.0,0.0,0.0,0.0,0.0,0.0,0.0,0.0,0.0,0.0,0.0,0.0,0,-107875648.0,69,0.0,138,0.0,-109183072.0,0,13107,17086,26215,17101,26215,17081,0,0,0,70,68,100,2.7302399002429377e+23,82.1,0.0,78.0,0.0,79.0,1,49,50,180,0,39322,0,0,0.0,0.0,0.0,0.0,-0.0,67.0,0.0,162057.094,0.0,975,0,1003,0,0,0,951,0,1027,0,927,0,790,0,781,0,822,0,7520,0.032,9.56924848823683e+19,0.0,0.0,784,16797,-0.0,162057.094,-114818.039,-0.0,0.133,6.909358625270745e+28,30.0,70.0,35,0.0,0.0,0.0,0.0,0.0,0.0,0.0,0.0,0.0,0.0,0.0,0.0,0.0,0.0,0.0,0.0,66.4,0,150,71,52,65476,0,300,0,0,8,20529,65476,0,0,44564,70.0,0.0,0.0,0.0,0.0,0.0
2026-09-10T21:31:14,ERR,ERR,ERR,ERR,ERR,ERR,ERR,ERR,ERR,ERR,ERR,ERR,ERR,ERR,ERR,ERR,ERR,ERR,ERR,ERR,ERR,ERR,ERR,ERR,ERR,ERR,ERR,ERR,ERR,ERR,ERR,ERR,ERR,ERR,ERR,ERR,ERR,ERR,ERR,ERR,ERR,ERR,ERR,ERR,ERR,ERR,ERR,ERR,ERR,ERR,ERR,ERR,ERR,ERR,ERR,ERR,ERR,ERR,ERR,ERR,ERR,ERR,ERR,ERR,ERR,ERR,ERR,ERR,ERR,ERR,ERR,ERR,ERR,ERR,ERR,ERR,ERR,ERR,ERR,ERR,ERR,ERR,ERR,ERR,ERR,ERR,ERR,ERR,ERR,ERR,ERR,ERR,ERR,ERR,ERR,ERR,ERR,ERR,ERR,ERR,ERR,ERR,ERR,ERR,ERR,ERR,ERR,ERR,ERR,ERR,ERR,ERR,ERR,ERR,ERR,ERR,ERR,ERR,ERR,ERR,ERR,ERR,ERR,ERR,ERR,0.0,0.0,2.6474835549302285e+23,0.0,0.0,1.3936040501711995e+18,7.805,0.0,0,0,4,0,7116,0.0,100,0.0,0.0,0.0,0.0,0.0,0,0,0,0,0.0,0,0,0,0,0,0,0,0,0,0,0,0,0,0,0,0,0,0,0,0,0,0,0,0,0,0,0,0,0,0,0,0,0,31,40,40,71,65476,0,300,0,0,8,21553,0.0,-107605600.0,0.0,0.0,0.0,0.0,0.0,0.0,0.0,0.0,0.0,0.0,0.0,0.0,0.0,0.0,0.0,0.0,0.0,0.0,0.0,0.0,-2.004,2.004,-0.0,0.0,0.0,0.0,0.0,0.0,4494.0,564144759635968.0,6923.0,0.0,0.0,0.0,-0.0,0.0,0.0,0.0,0.0,69,-152018521948160.0,-0.0,0.0,0.0,0.0,0.0,0.0,0.0,0.0,0,0,0,0.0,0.0,0.0,0.0,0.0,0.0,0.0,0.0,0.0,0.0,0.0,0.0,0.0,0.0,0.0,0.0,0,-107875648.0,69,0.0,138,0.0,-109183072.0,0,13107,17086,26215,17101,26215,17081,0,0,0,70,68,100,2.7302399002429377e+23,82.1,0.0,78.0,0.0,79.0,1,49,50,180,0,39322,0,0,0.0,0.0,0.0,0.0,-0.0,67.0,0.0,162057.094,0.0,975,0,1003,0,0,0,951,0,1027,0,927,0,790,0,781,0,822,0,7520,0.032,9.56924848823683e+19,0.0,0.0,784,16797,-0.0,162057.094,-114818.039,-0.0,0.133,6.909358625270745e+28,30.0,70.0,35,0.0,0.0,0.0,0.0,0.0,0.0,0.0,0.0,0.0,0.0,0.0,0.0,0.0,0.0,0.0,0.0,66.8,0,150,71,52,65476,0,300,0,0,8,20529,65476,0,0,44564,70.0,0.0,0.0,0.0,0.0,0.0
2026-09-10T21:31:15,ERR,ERR,ERR,ERR,ERR,ERR,ERR,ERR,ERR,ERR,ERR,ERR,ERR,ERR,ERR,ERR,ERR,ERR,ERR,ERR,ERR,ERR,ERR,ERR,ERR,ERR,ERR,ERR,ERR,ERR,ERR,ERR,ERR,ERR,ERR,ERR,ERR,ERR,ERR,ERR,ERR,ERR,ERR,ERR,ERR,ERR,ERR,ERR,ERR,ERR,ERR,ERR,ERR,ERR,ERR,ERR,ERR,ERR,ERR,ERR,ERR,ERR,ERR,ERR,ERR,ERR,ERR,ERR,ERR,ERR,ERR,ERR,ERR,ERR,ERR,ERR,ERR,ERR,ERR,ERR,ERR,ERR,ERR,ERR,ERR,ERR,ERR,ERR,ERR,ERR,ERR,ERR,ERR,ERR,ERR,ERR,ERR,ERR,ERR,ERR,ERR,ERR,ERR,ERR,ERR,ERR,ERR,ERR,ERR,ERR,ERR,ERR,ERR,ERR,ERR,ERR,ERR,ERR,ERR,ERR,ERR,ERR,ERR,ERR,ERR,0.0,0.0,2.6474835549302285e+23,0.0,0.0,1.3936040501711995e+18,7.805,0.0,0,0,4,0,7116,0.0,100,0.0,0.0,0.0,0.0,0.0,0,0,0,0,0.0,0,0,0,0,0,0,0,0,0,0,0,0,0,0,0,0,0,0,0,0,0,0,0,0,0,0,0,0,0,0,0,0,0,31,40,40,71,65476,0,300,0,0,8,21553,0.0,-107605600.0,0.0,0.0,0.0,0.0,0.0,0.0,0.0,0.0,0.0,0.0,0.0,0.0,0.0,0.0,0.0,0.0,0.0,0.0,0.0,0.0,-2.004,2.004,-0.0,0.0,0.0,0.0,0.0,0.0,4494.0,564144759635968.0,6923.0,0.0,0.0,0.0,-0.0,0.0,0.0,0.0,0.0,69,-152018521948160.0,-0.0,0.0,0.0,0.0,0.0,0.0,0.0,0.0,0,0,0,0.0,0.0,0.0,0.0,0.0,0.0,0.0,0.0,0.0,0.0,0.0,0.0,0.0,0.0,0.0,0.0,0,-107875648.0,69,0.0,138,0.0,-109183072.0,0,13107,17086,26215,17101,26215,17081,0,0,0,70,68,100,2.7302399002429377e+23,82.1,0.0,78.0,0.0,79.0,1,49,50,180,0,39322,0,0,0.0,0.0,0.0,0.0,-0.0,67.0,0.0,162057.094,0.0,975,0,1003,0,0,0,951,0,1027,0,927,0,790,0,781,0,822,0,7520,0.032,9.56924848823683e+19,0.0,0.0,784,16797,-0.0,162057.094,-114818.039,-0.0,0.133,6.909358625270745e+28,30.0,70.0,35,0.0,0.0,0.0,0.0,0.0,0.0,0.0,0.0,0.0,0.0,0.0,0.0,0.0,0.0,0.0,0.0,66.8,0,150,71,52,65476,0,300,0,0,8,20529,65476,0,0,44564,70.0,0.0,0.0,0.0,0.0,0.0
2026-09-10T21:31:16,ERR,ERR,ERR,ERR,ERR,ERR,ERR,ERR,ERR,ERR,ERR,ERR,ERR,ERR,ERR,ERR,ERR,ERR,ERR,ERR,ERR,ERR,ERR,ERR,ERR,ERR,ERR,ERR,ERR,ERR,ERR,ERR,ERR,ERR,ERR,ERR,ERR,ERR,ERR,ERR,ERR,ERR,ERR,ERR,ERR,ERR,ERR,ERR,ERR,ERR,ERR,ERR,ERR,ERR,ERR,ERR,ERR,ERR,ERR,ERR,ERR,ERR,ERR,ERR,ERR,ERR,ERR,ERR,ERR,ERR,ERR,ERR,ERR,ERR,ERR,ERR,ERR,ERR,ERR,ERR,ERR,ERR,ERR,ERR,ERR,ERR,ERR,ERR,ERR,ERR,ERR,ERR,ERR,ERR,ERR,ERR,ERR,ERR,ERR,ERR,ERR,ERR,ERR,ERR,ERR,ERR,ERR,ERR,ERR,ERR,ERR,ERR,ERR,ERR,ERR,ERR,ERR,ERR,ERR,ERR,ERR,ERR,ERR,ERR,ERR,0.0,0.0,2.6474835549302285e+23,0.0,0.0,1.3936040501711995e+18,7.805,0.0,0,0,4,0,7116,0.0,100,0.0,0.0,0.0,0.0,0.0,0,0,0,0,0.0,0,0,0,0,0,0,0,0,0,0,0,0,0,0,0,0,0,0,0,0,0,0,0,0,0,0,0,0,0,0,0,0,0,31,40,40,71,65476,0,300,0,0,8,21553,0.0,-107605600.0,0.0,0.0,0.0,0.0,0.0,0.0,0.0,0.0,0.0,0.0,0.0,0.0,0.0,0.0,0.0,0.0,0.0,0.0,0.0,0.0,-2.004,2.004,-0.0,-2.004,0.0,0.0,0.0,0.0,4490.0,2.4229832928462634e+24,6925.0,0.0,0.0,0.0,-0.0,0.0,0.0,0.0,0.0,69,-71.63,-0.0,0.0,0.0,0.0,0.0,0.0,0.0,0.0,0,0,0,0.0,0.0,0.0,0.0,0.0,0.0,0.0,0.0,0.0,0.0,0.0,0.0,0.0,0.0,0.0,0.0,0,-107875648.0,69,0.0,138,0.0,-109183072.0,0,13107,17086,26215,17101,26215,17081,0,0,0,70,68,100,2.7302399002429377e+23,82.1,0.0,78.0,0.0,79.0,1,49,50,180,0,39322,0,0,0.0,0.0,0.0,0.0,-0.0,67.0,0.0,162057.094,0.0,975,0,1003,0,0,0,951,0,1027,0,927,0,790,0,781,0,822,0,7520,0.032,9.56924848823683e+19,0.0,0.0,784,16797,-0.0,162057.094,-114818.039,-0.0,0.133,6.909358625270745e+28,30.0,70.0,35,0.0,0.0,0.0,0.0,0.0,0.0,0.0,0.0,0.0,0.0,0.0,0.0,0.0,0.0,0.0,0.0,66.8,0,150,71,52,65476,0,300,0,0,8,20529,65476,0,0,44564,70.0,0.0,0.0,0.0,0.0,0.0
2026-09-10T21:31:17,ERR,ERR,ERR,ERR,ERR,ERR,ERR,ERR,ERR,ERR,ERR,ERR,ERR,ERR,ERR,ERR,ERR,ERR,ERR,ERR,ERR,ERR,ERR,ERR,ERR,ERR,ERR,ERR,ERR,ERR,ERR,ERR,ERR,ERR,ERR,ERR,ERR,ERR,ERR,ERR,ERR,ERR,ERR,ERR,ERR,ERR,ERR,ERR,ERR,ERR,ERR,ERR,ERR,ERR,ERR,ERR,ERR,ERR,ERR,ERR,ERR,ERR,ERR,ERR,ERR,ERR,ERR,ERR,ERR,ERR,ERR,ERR,ERR,ERR,ERR,ERR,ERR,ERR,ERR,ERR,ERR,ERR,ERR,ERR,ERR,ERR,ERR,ERR,ERR,ERR,ERR,ERR,ERR,ERR,ERR,ERR,ERR,ERR,ERR,ERR,ERR,ERR,ERR,ERR,ERR,ERR,ERR,ERR,ERR,ERR,ERR,ERR,ERR,ERR,ERR,ERR,ERR,ERR,ERR,ERR,ERR,ERR,ERR,ERR,ERR,0.0,0.0,2.6474835549302285e+23,0.0,0.0,1.3936040501711995e+18,7.805,0.0,0,0,4,0,7116,0.0,100,0.0,0.0,0.0,0.0,0.0,0,0,0,0,0.0,0,0,0,0,0,0,0,0,0,0,0,0,0,0,0,0,0,0,0,0,0,0,0,0,0,0,0,0,0,0,0,0,0,31,40,40,71,65476,0,300,0,0,8,21553,0.0,-107605600.0,0.0,0.0,0.0,0.0,0.0,0.0,0.0,0.0,0.0,0.0,0.0,0.0,0.0,0.0,0.0,0.0,0.0,0.0,0.0,0.0,-2.004,2.004,-0.0,-2.004,0.0,0.0,0.0,0.0,4490.0,2.4229832928462634e+24,6925.0,0.0,0.0,0.0,-0.0,0.0,0.0,0.0,0.0,69,-71.63,-0.0,0.0,0.0,0.0,0.0,0.0,0.0,0.0,0,0,0,0.0,0.0,0.0,0.0,0.0,0.0,0.0,0.0,0.0,0.0,0.0,0.0,0.0,0.0,0.0,0.0,0,-107875648.0,69,0.0,138,0.0,-109183072.0,0,13107,17086,26215,17101,13107,17081,0,0,0,70,68,100,2.7302399002429377e+23,82.1,0.0,78.0,0.0,79.0,1,49,50,180,13107,39322,0,0,0.0,0.0,0.0,0.0,-0.0,67.0,0.0,162057.094,0.0,975,0,1003,0,0,0,951,0,1027,0,926,0,790,0,781,0,822,0,7520,0.032,9.56924848823683e+19,0.0,0.0,784,16797,-0.0,162057.094,-114818.039,-0.0,0.133,6.909358625270745e+28,30.0,70.0,35,0.0,0.0,0.0,0.0,0.0,0.0,0.0,0.0,0.0,0.0,0.0,0.0,0.0,0.0,0.0,0.0,66.4,0,150,71,52,65476,0,300,0,0,8,20529,65476,0,0,44564,70.0,0.0,0.0,0.0,0.0,0.0
2026-09-10T21:31:18,ERR,ERR,ERR,ERR,ERR,ERR,ERR,ERR,ERR,ERR,ERR,ERR,ERR,ERR,ERR,ERR,ERR,ERR,ERR,ERR,ERR,ERR,ERR,ERR,ERR,ERR,ERR,ERR,ERR,ERR,ERR,ERR,ERR,ERR,ERR,ERR,ERR,ERR,ERR,ERR,ERR,ERR,ERR,ERR,ERR,ERR,ERR,ERR,ERR,ERR,ERR,ERR,ERR,ERR,ERR,ERR,ERR,ERR,ERR,ERR,ERR,ERR,ERR,ERR,ERR,ERR,ERR,ERR,ERR,ERR,ERR,ERR,ERR,ERR,ERR,ERR,ERR,ERR,ERR,ERR,ERR,ERR,ERR,ERR,ERR,ERR,ERR,ERR,ERR,ERR,ERR,ERR,ERR,ERR,ERR,ERR,ERR,ERR,ERR,ERR,ERR,ERR,ERR,ERR,ERR,ERR,ERR,ERR,ERR,ERR,ERR,ERR,ERR,ERR,ERR,ERR,ERR,ERR,ERR,ERR,ERR,ERR,ERR,ERR,ERR,0.0,0.0,2.6474835549302285e+23,0.0,0.0,1.3936040501711995e+18,7.805,0.0,0,0,4,0,7116,0.0,100,0.0,0.0,0.0,0.0,0.0,0,0,0,0,0.0,0,0,0,0,0,0,0,0,0,0,0,0,0,0,0,0,0,0,0,0,0,0,0,0,0,0,0,0,0,0,0,0,0,31,40,40,71,65476,0,300,0,0,8,21553,0.0,-107605600.0,0.0,0.0,0.0,0.0,0.0,0.0,0.0,0.0,0.0,0.0,0.0,0.0,0.0,0.0,0.0,0.0,0.0,0.0,0.0,0.0,-2.004,2.004,-0.0,-2.004,0.0,0.0,0.0,0.0,4490.0,2.4229832928462634e+24,6925.0,0.0,0.0,0.0,-0.0,0.0,0.0,0.0,0.0,69,-71.63,-0.0,0.0,0.0,0.0,0.0,0.0,0.0,0.0,0,0,0,0.0,0.0,0.0,0.0,0.0,0.0,0.0,0.0,0.0,0.0,0.0,0.0,0.0,0.0,0.0,0.0,0,-107875648.0,69,0.0,138,0.0,-109183072.0,0,13107,17086,26215,17101,13107,17081,0,0,0,70,68,100,2.7302399002429377e+23,82.1,0.0,78.0,0.0,79.0,1,49,50,180,13107,39322,0,0,0.0,0.0,0.0,0.0,-0.0,67.0,0.0,162057.094,0.0,975,0,1003,0,0,0,951,0,1027,0,926,0,790,0,781,0,822,0,7520,0.032,9.56924848823683e+19,0.0,0.0,784,16797,-0.0,162057.094,-114818.039,-0.0,0.133,6.909358625270745e+28,30.0,70.0,35,0.0,0.0,0.0,0.0,0.0,0.0,0.0,0.0,0.0,0.0,0.0,0.0,0.0,0.0,0.0,0.0,66.4,0,150,71,52,65476,0,300,0,0,8,20529,65476,0,0,44564,70.0,0.0,0.0,0.0,0.0,0.0
2026-09-10T21:31:19,ERR,ERR,ERR,ERR,ERR,ERR,ERR,ERR,ERR,ERR,ERR,ERR,ERR,ERR,ERR,ERR,ERR,ERR,ERR,ERR,ERR,ERR,ERR,ERR,ERR,ERR,ERR,ERR,ERR,ERR,ERR,ERR,ERR,ERR,ERR,ERR,ERR,ERR,ERR,ERR,ERR,ERR,ERR,ERR,ERR,ERR,ERR,ERR,ERR,ERR,ERR,ERR,ERR,ERR,ERR,ERR,ERR,ERR,ERR,ERR,ERR,ERR,ERR,ERR,ERR,ERR,ERR,ERR,ERR,ERR,ERR,ERR,ERR,ERR,ERR,ERR,ERR,ERR,ERR,ERR,ERR,ERR,ERR,ERR,ERR,ERR,ERR,ERR,ERR,ERR,ERR,ERR,ERR,ERR,ERR,ERR,ERR,ERR,ERR,ERR,ERR,ERR,ERR,ERR,ERR,ERR,ERR,ERR,ERR,ERR,ERR,ERR,ERR,ERR,ERR,ERR,ERR,ERR,ERR,ERR,ERR,ERR,ERR,ERR,ERR,0.0,0.0,2.6474835549302285e+23,0.0,0.0,1.3936040501711995e+18,7.805,0.0,0,0,4,0,7116,0.0,100,0.0,0.0,0.0,0.0,0.0,0,0,0,0,0.0,0,0,0,0,0,0,0,0,0,0,0,0,0,0,0,0,0,0,0,0,0,0,0,0,0,0,0,0,0,0,0,0,0,31,40,40,71,65476,0,300,0,0,8,21553,0.0,-107605600.0,0.0,0.0,0.0,0.0,0.0,0.0,0.0,0.0,0.0,0.0,0.0,0.0,0.0,0.0,0.0,0.0,0.0,0.0,0.0,0.0,-2.004,2.004,-0.0,-2.004,0.0,0.0,0.0,0.0,4490.0,2.4229832928462634e+24,6925.0,0.0,0.0,0.0,-0.0,0.0,0.0,0.0,0.0,69,-71.63,-0.0,0.0,0.0,0.0,0.0,0.0,0.0,0.0,0,0,0,0.0,0.0,0.0,0.0,0.0,0.0,0.0,0.0,0.0,0.0,0.0,0.0,0.0,0.0,0.0,0.0,0,-107875648.0,69,0.0,138,0.0,-109183072.0,0,13107,17086,26215,17101,13107,17081,0,0,0,70,68,100,2.7302399002429377e+23,82.1,0.0,78.0,0.0,79.0,1,49,50,180,13107,39322,0,0,0.0,0.0,0.0,0.0,-0.0,67.0,0.0,162057.094,0.0,975,0,1003,0,0,0,951,0,1027,0,926,0,790,0,781,0,822,0,7520,0.032,9.56924848823683e+19,0.0,0.0,784,16797,-0.0,162057.094,-114818.039,-0.0,0.133,6.909358625270745e+28,30.0,70.0,35,0.0,0.0,0.0,0.0,0.0,0.0,0.0,0.0,0.0,0.0,0.0,0.0,0.0,0.0,0.0,0.0,66.4,0,150,71,52,65476,0,300,0,0,8,20529,65476,0,0,44564,70.0,0.0,0.0,0.0,0.0,0.0
2026-09-10T21:31:20,ERR,ERR,ERR,ERR,ERR,ERR,ERR,ERR,ERR,ERR,ERR,ERR,ERR,ERR,ERR,ERR,ERR,ERR,ERR,ERR,ERR,ERR,ERR,ERR,ERR,ERR,ERR,ERR,ERR,ERR,ERR,ERR,ERR,ERR,ERR,ERR,ERR,ERR,ERR,ERR,ERR,ERR,ERR,ERR,ERR,ERR,ERR,ERR,ERR,ERR,ERR,ERR,ERR,ERR,ERR,ERR,ERR,ERR,ERR,ERR,ERR,ERR,ERR,ERR,ERR,ERR,ERR,ERR,ERR,ERR,ERR,ERR,ERR,ERR,ERR,ERR,ERR,ERR,ERR,ERR,ERR,ERR,ERR,ERR,ERR,ERR,ERR,ERR,ERR,ERR,ERR,ERR,ERR,ERR,ERR,ERR,ERR,ERR,ERR,ERR,ERR,ERR,ERR,ERR,ERR,ERR,ERR,ERR,ERR,ERR,ERR,ERR,ERR,ERR,ERR,ERR,ERR,ERR,ERR,ERR,ERR,ERR,ERR,ERR,ERR,0.0,0.0,2.6474835549302285e+23,0.0,0.0,1.3936040501711995e+18,7.805,0.0,0,0,4,0,7116,0.0,100,0.0,0.0,0.0,0.0,0.0,0,0,0,0,0.0,0,0,0,0,0,0,0,0,0,0,0,0,0,0,0,0,0,0,0,0,0,0,0,0,0,0,0,0,0,0,0,0,0,31,40,40,71,65476,0,300,0,0,8,21553,0.0,-107605600.0,0.0,0.0,0.0,0.0,0.0,0.0,0.0,0.0,0.0,0.0,0.0,0.0,0.0,0.0,0.0,0.0,0.0,0.0,0.0,0.0,-2.004,2.004,-0.0,-2.004,0.0,0.0,0.0,0.0,4490.0,2.4229832928462634e+24,6925.0,0.0,0.0,0.0,-0.0,0.0,0.0,0.0,0.0,69,-71.63,-0.0,0.0,0.0,0.0,0.0,0.0,0.0,0.0,0,0,0,0.0,0.0,0.0,0.0,0.0,0.0,0.0,0.0,0.0,0.0,0.0,0.0,0.0,0.0,0.0,0.0,0,-107875648.0,69,0.0,138,0.0,-109183072.0,0,13107,17086,26215,17101,13107,17081,0,0,0,70,68,100,2.7302399002429377e+23,82.1,0.0,78.0,0.0,79.0,1,49,50,180,13107,39322,0,0,0.0,0.0,0.0,0.0,-0.0,67.0,0.0,162057.094,0.0,975,0,1003,0,0,0,951,0,1027,0,926,0,790,0,781,0,822,0,7520,0.032,9.56924848823683e+19,0.0,0.0,784,16797,-0.0,162057.094,-114818.039,-0.0,0.133,6.909358625270745e+28,30.0,70.0,35,0.0,0.0,0.0,0.0,0.0,0.0,0.0,0.0,0.0,0.0,0.0,0.0,0.0,0.0,0.0,0.0,66.8,0,150,71,52,65476,0,300,0,0,8,20529,65476,0,0,44564,70.0,0.0,0.0,0.0,0.0,0.0
2026-09-10T21:31:21,ERR,ERR,ERR,ERR,ERR,ERR,ERR,ERR,ERR,ERR,ERR,ERR,ERR,ERR,ERR,ERR,ERR,ERR,ERR,ERR,ERR,ERR,ERR,ERR,ERR,ERR,ERR,ERR,ERR,ERR,ERR,ERR,ERR,ERR,ERR,ERR,ERR,ERR,ERR,ERR,ERR,ERR,ERR,ERR,ERR,ERR,ERR,ERR,ERR,ERR,ERR,ERR,ERR,ERR,ERR,ERR,ERR,ERR,ERR,ERR,ERR,ERR,ERR,ERR,ERR,ERR,ERR,ERR,ERR,ERR,ERR,ERR,ERR,ERR,ERR,ERR,ERR,ERR,ERR,ERR,ERR,ERR,ERR,ERR,ERR,ERR,ERR,ERR,ERR,ERR,ERR,ERR,ERR,ERR,ERR,ERR,ERR,ERR,ERR,ERR,ERR,ERR,ERR,ERR,ERR,ERR,ERR,ERR,ERR,ERR,ERR,ERR,ERR,ERR,ERR,ERR,ERR,ERR,ERR,ERR,ERR,ERR,ERR,ERR,ERR,0.0,0.0,2.6474835549302285e+23,0.0,0.0,1.3936040501711995e+18,7.805,0.0,0,0,4,0,7116,0.0,100,0.0,0.0,0.0,0.0,0.0,0,0,0,0,0.0,0,0,0,0,0,0,0,0,0,0,0,0,0,0,0,0,0,0,0,0,0,0,0,0,0,0,0,0,0,0,0,0,0,31,40,40,71,65476,0,300,0,0,8,21553,0.0,-107605600.0,0.0,0.0,0.0,0.0,0.0,0.0,0.0,0.0,0.0,0.0,0.0,0.0,0.0,0.0,0.0,0.0,0.0,0.0,0.0,0.0,-2.004,2.004,-0.0,-2.004,0.0,0.0,0.0,0.0,4490.0,2.4229832928462634e+24,6925.0,0.0,0.0,0.0,-0.0,0.0,0.0,0.0,0.0,69,-71.63,-0.0,0.0,0.0,0.0,0.0,0.0,0.0,0.0,0,0,0,0.0,0.0,0.0,0.0,0.0,0.0,0.0,0.0,0.0,0.0,0.0,0.0,0.0,0.0,0.0,0.0,0,-107875648.0,69,0.0,138,0.0,-109183072.0,0,13107,17086,26215,17101,13107,17081,0,0,0,70,68,100,2.7302399002429377e+23,82.1,0.0,78.0,0.0,79.0,1,49,50,180,13107,39322,0,0,0.0,0.0,0.0,0.0,-0.0,67.0,0.0,162057.094,0.0,975,0,1003,0,0,0,951,0,1027,0,926,0,790,0,781,0,822,0,7520,0.032,9.56924848823683e+19,0.0,0.0,784,16797,-0.0,162057.094,-114818.039,-0.0,0.133,6.909358625270745e+28,30.0,70.0,35,0.0,0.0,0.0,0.0,0.0,0.0,0.0,0.0,0.0,0.0,0.0,0.0,0.0,0.0,0.0,0.0,66.8,0,150,71,52,65476,0,300,0,0,8,20529,65476,0,0,44564,70.0,0.0,0.0,0.0,0.0,0.0
2026-09-10T21:31:22,ERR,ERR,ERR,ERR,ERR,ERR,ERR,ERR,ERR,ERR,ERR,ERR,ERR,ERR,ERR,ERR,ERR,ERR,ERR,ERR,ERR,ERR,ERR,ERR,ERR,ERR,ERR,ERR,ERR,ERR,ERR,ERR,ERR,ERR,ERR,ERR,ERR,ERR,ERR,ERR,ERR,ERR,ERR,ERR,ERR,ERR,ERR,ERR,ERR,ERR,ERR,ERR,ERR,ERR,ERR,ERR,ERR,ERR,ERR,ERR,ERR,ERR,ERR,ERR,ERR,ERR,ERR,ERR,ERR,ERR,ERR,ERR,ERR,ERR,ERR,ERR,ERR,ERR,ERR,ERR,ERR,ERR,ERR,ERR,ERR,ERR,ERR,ERR,ERR,ERR,ERR,ERR,ERR,ERR,ERR,ERR,ERR,ERR,ERR,ERR,ERR,ERR,ERR,ERR,ERR,ERR,ERR,ERR,ERR,ERR,ERR,ERR,ERR,ERR,ERR,ERR,ERR,ERR,ERR,ERR,ERR,ERR,ERR,ERR,ERR,0.0,0.0,2.6474835549302285e+23,0.0,0.0,1.3936040501711995e+18,7.805,0.0,0,0,4,0,7116,0.0,100,0.0,0.0,0.0,0.0,0.0,0,0,0,0,0.0,0,0,0,0,0,0,0,0,0,0,0,0,0,0,0,0,0,0,0,0,0,0,0,0,0,0,0,0,0,0,0,0,0,31,40,40,71,65476,0,300,0,0,8,21553,0.0,-107605600.0,0.0,0.0,0.0,0.0,0.0,0.0,0.0,0.0,0.0,0.0,0.0,0.0,0.0,0.0,0.0,0.0,0.0,0.0,0.0,0.0,-2.004,2.004,-0.0,-2.004,0.0,0.0,0.0,0.0,4490.0,2.4229832928462634e+24,6925.0,0.0,0.0,0.0,-0.0,0.0,0.0,0.0,0.0,69,-71.63,-0.0,0.0,0.0,0.0,0.0,0.0,0.0,0.0,0,0,0,0.0,0.0,0.0,0.0,0.0,0.0,0.0,0.0,0.0,0.0,0.0,0.0,0.0,0.0,0.0,0.0,0,-107875648.0,69,0.0,138,0.0,-109183072.0,0,13107,17086,26215,17101,13107,17081,0,0,0,70,68,100,2.7302399002429377e+23,82.1,0.0,78.0,0.0,79.0,1,49,50,180,13107,39322,0,0,0.0,0.0,0.0,0.0,-0.0,67.0,0.0,162057.094,0.0,975,0,1003,0,0,0,951,0,1027,0,926,0,790,0,781,0,822,0,7520,0.032,9.56924848823683e+19,0.0,0.0,784,16797,-0.0,162057.094,-114818.039,-0.0,0.133,6.909358625270745e+28,30.0,70.0,35,0.0,0.0,0.0,0.0,0.0,0.0,0.0,0.0,0.0,0.0,0.0,0.0,0.0,0.0,0.0,0.0,66.4,0,150,71,52,65476,0,300,0,0,8,20529,65476,0,0,44564,70.0,0.0,0.0,0.0,0.0,0.0
2026-09-10T21:31:23,ERR,ERR,ERR,ERR,ERR,ERR,ERR,ERR,ERR,ERR,ERR,ERR,ERR,ERR,ERR,ERR,ERR,ERR,ERR,ERR,ERR,ERR,ERR,ERR,ERR,ERR,ERR,ERR,ERR,ERR,ERR,ERR,ERR,ERR,ERR,ERR,ERR,ERR,ERR,ERR,ERR,ERR,ERR,ERR,ERR,ERR,ERR,ERR,ERR,ERR,ERR,ERR,ERR,ERR,ERR,ERR,ERR,ERR,ERR,ERR,ERR,ERR,ERR,ERR,ERR,ERR,ERR,ERR,ERR,ERR,ERR,ERR,ERR,ERR,ERR,ERR,ERR,ERR,ERR,ERR,ERR,ERR,ERR,ERR,ERR,ERR,ERR,ERR,ERR,ERR,ERR,ERR,ERR,ERR,ERR,ERR,ERR,ERR,ERR,ERR,ERR,ERR,ERR,ERR,ERR,ERR,ERR,ERR,ERR,ERR,ERR,ERR,ERR,ERR,ERR,ERR,ERR,ERR,ERR,ERR,ERR,ERR,ERR,ERR,ERR,0.0,0.0,2.6474835549302285e+23,0.0,0.0,1.3936040501711995e+18,7.805,0.0,0,0,4,0,7116,0.0,100,0.0,0.0,0.0,0.0,0.0,0,0,0,0,0.0,0,0,0,0,0,0,0,0,0,0,0,0,0,0,0,0,0,0,0,0,0,0,0,0,0,0,0,0,0,0,0,0,0,31,40,40,71,65476,0,300,0,0,8,21553,0.0,-107605600.0,0.0,0.0,0.0,0.0,0.0,0.0,0.0,0.0,0.0,0.0,0.0,0.0,0.0,0.0,0.0,0.0,0.0,0.0,0.0,0.0,-2.004,2.004,-0.0,-2.004,0.0,0.0,0.0,0.0,4490.0,2.4229832928462634e+24,6925.0,0.0,0.0,0.0,-0.0,0.0,0.0,0.0,0.0,69,-71.63,-0.0,0.0,0.0,0.0,0.0,0.0,0.0,0.0,0,0,0,0.0,0.0,0.0,0.0,0.0,0.0,0.0,0.0,0.0,0.0,0.0,0.0,0.0,0.0,0.0,0.0,0,-107875648.0,69,0.0,138,0.0,-109183072.0,0,13107,17086,26215,17101,26215,17081,0,0,0,70,68,100,2.7302399002429377e+23,82.1,0.0,78.0,0.0,79.0,1,49,50,180,0,26215,0,0,0.0,0.0,0.0,0.0,-0.0,67.0,0.0,162057.094,0.0,975,0,1002,0,0,0,951,0,1027,0,927,0,790,0,781,0,822,0,7520,0.032,9.626894563467172e+19,0.0,0.0,784,16797,-0.0,162057.094,-114818.039,-0.0,0.133,6.909358625270745e+28,30.0,70.0,35,0.0,0.0,0.0,0.0,0.0,0.0,0.0,0.0,0.0,0.0,0.0,0.0,0.0,0.0,0.0,0.0,66.4,0,150,71,52,65476,0,300,0,0,8,20529,65476,0,0,44564,70.0,0.0,0.0,0.0,0.0,0.0
2026-09-10T21:31:24,ERR,ERR,ERR,ERR,ERR,ERR,ERR,ERR,ERR,ERR,ERR,ERR,ERR,ERR,ERR,ERR,ERR,ERR,ERR,ERR,ERR,ERR,ERR,ERR,ERR,ERR,ERR,ERR,ERR,ERR,ERR,ERR,ERR,ERR,ERR,ERR,ERR,ERR,ERR,ERR,ERR,ERR,ERR,ERR,ERR,ERR,ERR,ERR,ERR,ERR,ERR,ERR,ERR,ERR,ERR,ERR,ERR,ERR,ERR,ERR,ERR,ERR,ERR,ERR,ERR,ERR,ERR,ERR,ERR,ERR,ERR,ERR,ERR,ERR,ERR,ERR,ERR,ERR,ERR,ERR,ERR,ERR,ERR,ERR,ERR,ERR,ERR,ERR,ERR,ERR,ERR,ERR,ERR,ERR,ERR,ERR,ERR,ERR,ERR,ERR,ERR,ERR,ERR,ERR,ERR,ERR,ERR,ERR,ERR,ERR,ERR,ERR,ERR,ERR,ERR,ERR,ERR,ERR,ERR,ERR,ERR,ERR,ERR,ERR,ERR,0.0,0.0,0.0,0.0,0.0,1.3936040501711995e+18,7.805,0.0,0,0,4,0,7116,0.0,100,0.0,0.0,0.0,0.0,0.0,0,0,0,0,0.0,0,0,0,0,0,0,0,0,0,0,0,0,0,0,0,0,0,0,0,0,0,0,0,0,0,0,0,0,0,0,0,0,0,31,40,40,71,65476,0,300,0,0,8,21553,0.0,-107605600.0,0.0,0.0,0.0,0.0,0.0,0.0,0.0,0.0,0.0,0.0,0.0,0.0,0.0,0.0,0.0,0.0,0.0,0.0,0.0,0.0,-2.004,2.004,-2.004,-2.004,0.0,0.0,0.0,0.0,4497.0,564144759635968.0,6923.0,0.0,0.0,-0.0,2.718429120148166e+23,0.0,0.0,0.0,0.0,69,-1.905698635870372e+17,-0.0,0.0,0.0,0.0,0.0,0.0,0.0,0.0,0,0,0,0.0,0.0,0.0,0.0,0.0,0.0,0.0,0.0,0.0,0.0,0.0,0.0,0.0,0.0,0.0,0.0,0,-107875648.0,69,0.0,138,0.0,2.6474777903227054e+23,0,13107,17086,26215,17101,26215,17081,0,0,0,70,68,100,2.7302399002429377e+23,82.1,0.0,78.0,0.0,79.0,1,49,50,180,0,26215,0,0,0.0,0.0,0.0,0.0,-0.0,67.0,0.0,162057.094,0.0,975,0,1002,0,0,0,951,0,1027,0,927,0,790,0,781,0,822,0,7520,0.032,9.626894563467172e+19,0.0,0.0,784,16797,-0.0,162057.094,-114818.039,-0.0,0.133,6.909358625270745e+28,30.0,70.0,35,0.0,0.0,0.0,0.0,0.0,0.0,0.0,0.0,0.0,0.0,0.0,0.0,0.0,0.0,0.0,0.0,66.4,0,150,71,52,65476,0,300,0,0,8,20529,65476,0,0,44564,70.0,0.0,0.0,0.0,0.0,0.0
2026-09-10T21:31:25,ERR,ERR,ERR,ERR,ERR,ERR,ERR,ERR,ERR,ERR,ERR,ERR,ERR,ERR,ERR,ERR,ERR,ERR,ERR,ERR,ERR,ERR,ERR,ERR,ERR,ERR,ERR,ERR,ERR,ERR,ERR,ERR,ERR,ERR,ERR,ERR,ERR,ERR,ERR,ERR,ERR,ERR,ERR,ERR,ERR,ERR,ERR,ERR,ERR,ERR,ERR,ERR,ERR,ERR,ERR,ERR,ERR,ERR,ERR,ERR,ERR,ERR,ERR,ERR,ERR,ERR,ERR,ERR,ERR,ERR,ERR,ERR,ERR,ERR,ERR,ERR,ERR,ERR,ERR,ERR,ERR,ERR,ERR,ERR,ERR,ERR,ERR,ERR,ERR,ERR,ERR,ERR,ERR,ERR,ERR,ERR,ERR,ERR,ERR,ERR,ERR,ERR,ERR,ERR,ERR,ERR,ERR,ERR,ERR,ERR,ERR,ERR,ERR,ERR,ERR,ERR,ERR,ERR,ERR,ERR,ERR,ERR,ERR,ERR,ERR,0.0,0.0,0.0,0.0,0.0,1.3936040501711995e+18,7.805,0.0,0,0,4,0,7116,0.0,100,0.0,0.0,0.0,0.0,0.0,0,0,0,0,0.0,0,0,0,0,0,0,0,0,0,0,0,0,0,0,0,0,0,0,0,0,0,0,0,0,0,0,0,0,0,0,0,0,0,31,40,40,71,65476,0,300,0,0,8,21553,0.0,-107605600.0,0.0,0.0,0.0,0.0,0.0,0.0,0.0,0.0,0.0,0.0,0.0,0.0,0.0,0.0,0.0,0.0,0.0,0.0,0.0,0.0,-2.004,2.004,-2.004,-2.004,0.0,0.0,0.0,0.0,4497.0,564144759635968.0,6923.0,0.0,0.0,-0.0,2.718429120148166e+23,0.0,0.0,0.0,0.0,69,-1.905698635870372e+17,-0.0,0.0,0.0,0.0,0.0,0.0,0.0,0.0,0,0,0,0.0,0.0,0.0,0.0,0.0,0.0,0.0,0.0,0.0,0.0,0.0,0.0,0.0,0.0,0.0,0.0,0,-107875648.0,69,0.0,138,0.0,2.6474777903227054e+23,0,13107,17086,26215,17101,26215,17081,0,0,0,70,68,100,2.7302399002429377e+23,82.1,0.0,78.0,0.0,79.0,1,49,50,180,0,26215,0,0,0.0,0.0,0.0,0.0,-0.0,67.0,0.0,162057.094,0.0,975,0,1002,0,0,0,951,0,1027,0,927,0,790,0,781,0,822,0,7520,0.032,9.626894563467172e+19,0.0,0.0,784,16797,-0.0,162057.094,-114818.039,-0.0,0.133,6.909358625270745e+28,30.0,70.0,35,0.0,0.0,0.0,0.0,0.0,0.0,0.0,0.0,0.0,0.0,0.0,0.0,0.0,0.0,0.0,0.0,66.4,0,150,71,52,65476,0,300,0,0,8,20529,65476,0,0,44564,70.0,0.0,0.0,0.0,0.0,0.0
2026-09-10T21:31:26,ERR,ERR,ERR,ERR,ERR,ERR,ERR,ERR,ERR,ERR,ERR,ERR,ERR,ERR,ERR,ERR,ERR,ERR,ERR,ERR,ERR,ERR,ERR,ERR,ERR,ERR,ERR,ERR,ERR,ERR,ERR,ERR,ERR,ERR,ERR,ERR,ERR,ERR,ERR,ERR,ERR,ERR,ERR,ERR,ERR,ERR,ERR,ERR,ERR,ERR,ERR,ERR,ERR,ERR,ERR,ERR,ERR,ERR,ERR,ERR,ERR,ERR,ERR,ERR,ERR,ERR,ERR,ERR,ERR,ERR,ERR,ERR,ERR,ERR,ERR,ERR,ERR,ERR,ERR,ERR,ERR,ERR,ERR,ERR,ERR,ERR,ERR,ERR,ERR,ERR,ERR,ERR,ERR,ERR,ERR,ERR,ERR,ERR,ERR,ERR,ERR,ERR,ERR,ERR,ERR,ERR,ERR,ERR,ERR,ERR,ERR,ERR,ERR,ERR,ERR,ERR,ERR,ERR,ERR,ERR,ERR,ERR,ERR,ERR,ERR,0.0,0.0,0.0,0.0,0.0,1.3936040501711995e+18,7.805,0.0,0,0,4,0,7116,0.0,100,0.0,0.0,0.0,0.0,0.0,0,0,0,0,0.0,0,0,0,0,0,0,0,0,0,0,0,0,0,0,0,0,0,0,0,0,0,0,0,0,0,0,0,0,0,0,0,0,0,31,40,40,71,65476,0,300,0,0,8,21553,0.0,-107605600.0,0.0,0.0,0.0,0.0,0.0,0.0,0.0,0.0,0.0,0.0,0.0,0.0,0.0,0.0,0.0,0.0,0.0,0.0,0.0,0.0,-2.004,2.004,-2.004,-2.004,0.0,0.0,0.0,0.0,4497.0,564144759635968.0,6923.0,0.0,0.0,-0.0,2.718429120148166e+23,0.0,0.0,0.0,0.0,69,-1.905698635870372e+17,-0.0,0.0,0.0,0.0,0.0,0.0,0.0,0.0,0,0,0,0.0,0.0,0.0,0.0,0.0,0.0,0.0,0.0,0.0,0.0,0.0,0.0,0.0,0.0,0.0,0.0,0,-107875648.0,69,0.0,138,0.0,2.6474777903227054e+23,0,13107,17086,26215,17101,26215,17081,0,0,0,70,68,100,2.7302399002429377e+23,82.1,0.0,78.0,0.0,79.0,1,49,50,180,0,26215,0,0,0.0,0.0,0.0,0.0,-0.0,67.0,0.0,162057.094,0.0,975,0,1002,0,0,0,951,0,1027,0,927,0,790,0,781,0,822,0,7520,0.032,9.626894563467172e+19,0.0,0.0,784,16797,-0.0,162057.094,-114818.039,-0.0,0.133,6.909358625270745e+28,30.0,70.0,35,0.0,0.0,0.0,0.0,0.0,0.0,0.0,0.0,0.0,0.0,0.0,0.0,0.0,0.0,0.0,0.0,66.4,0,150,71,52,65476,0,300,0,0,8,20529,65476,0,0,44564,70.0,0.0,0.0,0.0,0.0,0.0
2026-09-10T21:31:27,ERR,ERR,ERR,ERR,ERR,ERR,ERR,ERR,ERR,ERR,ERR,ERR,ERR,ERR,ERR,ERR,ERR,ERR,ERR,ERR,ERR,ERR,ERR,ERR,ERR,ERR,ERR,ERR,ERR,ERR,ERR,ERR,ERR,ERR,ERR,ERR,ERR,ERR,ERR,ERR,ERR,ERR,ERR,ERR,ERR,ERR,ERR,ERR,ERR,ERR,ERR,ERR,ERR,ERR,ERR,ERR,ERR,ERR,ERR,ERR,ERR,ERR,ERR,ERR,ERR,ERR,ERR,ERR,ERR,ERR,ERR,ERR,ERR,ERR,ERR,ERR,ERR,ERR,ERR,ERR,ERR,ERR,ERR,ERR,ERR,ERR,ERR,ERR,ERR,ERR,ERR,ERR,ERR,ERR,ERR,ERR,ERR,ERR,ERR,ERR,ERR,ERR,ERR,ERR,ERR,ERR,ERR,ERR,ERR,ERR,ERR,ERR,ERR,ERR,ERR,ERR,ERR,ERR,ERR,ERR,ERR,ERR,ERR,ERR,ERR,0.0,0.0,0.0,0.0,0.0,1.3936040501711995e+18,7.805,0.0,0,0,4,0,7116,0.0,100,0.0,0.0,0.0,0.0,0.0,0,0,0,0,0.0,0,0,0,0,0,0,0,0,0,0,0,0,0,0,0,0,0,0,0,0,0,0,0,0,0,0,0,0,0,0,0,0,0,31,40,40,71,65476,0,300,0,0,8,21553,0.0,-107605600.0,0.0,0.0,0.0,0.0,0.0,0.0,0.0,0.0,0.0,0.0,0.0,0.0,0.0,0.0,0.0,0.0,0.0,0.0,0.0,0.0,-2.004,2.004,-2.004,-2.004,0.0,0.0,0.0,0.0,4497.0,564144759635968.0,6923.0,0.0,0.0,-0.0,2.718429120148166e+23,0.0,0.0,0.0,0.0,69,-1.905698635870372e+17,-0.0,0.0,0.0,0.0,0.0,0.0,0.0,0.0,0,0,0,0.0,0.0,0.0,0.0,0.0,0.0,0.0,0.0,0.0,0.0,0.0,0.0,0.0,0.0,0.0,0.0,0,-107875648.0,69,0.0,138,0.0,2.6474777903227054e+23,0,13107,17086,26215,17101,26215,17081,0,0,0,70,68,100,2.7302399002429377e+23,82.1,0.0,78.0,0.0,79.0,1,49,50,180,0,26215,0,0,0.0,0.0,0.0,0.0,-0.0,67.0,0.0,162057.094,0.0,975,0,1002,0,0,0,951,0,1027,0,927,0,790,0,781,0,822,0,7520,0.032,9.626894563467172e+19,0.0,0.0,784,16797,-0.0,162057.094,-114818.039,-0.0,0.133,6.909358625270745e+28,30.0,70.0,35,0.0,0.0,0.0,0.0,0.0,0.0,0.0,0.0,0.0,0.0,0.0,0.0,0.0,0.0,0.0,0.0,66.4,0,150,71,52,65476,0,300,0,0,8,20529,65476,0,0,44564,70.0,0.0,0.0,0.0,0.0,0.0
2026-09-10T21:31:28,ERR,ERR,ERR,ERR,ERR,ERR,ERR,ERR,ERR,ERR,ERR,ERR,ERR,ERR,ERR,ERR,ERR,ERR,ERR,ERR,ERR,ERR,ERR,ERR,ERR,ERR,ERR,ERR,ERR,ERR,ERR,ERR,ERR,ERR,ERR,ERR,ERR,ERR,ERR,ERR,ERR,ERR,ERR,ERR,ERR,ERR,ERR,ERR,ERR,ERR,ERR,ERR,ERR,ERR,ERR,ERR,ERR,ERR,ERR,ERR,ERR,ERR,ERR,ERR,ERR,ERR,ERR,ERR,ERR,ERR,ERR,ERR,ERR,ERR,ERR,ERR,ERR,ERR,ERR,ERR,ERR,ERR,ERR,ERR,ERR,ERR,ERR,ERR,ERR,ERR,ERR,ERR,ERR,ERR,ERR,ERR,ERR,ERR,ERR,ERR,ERR,ERR,ERR,ERR,ERR,ERR,ERR,ERR,ERR,ERR,ERR,ERR,ERR,ERR,ERR,ERR,ERR,ERR,ERR,ERR,ERR,ERR,ERR,ERR,ERR,0.0,0.0,0.0,0.0,0.0,1.3936040501711995e+18,7.805,0.0,0,0,4,0,7116,0.0,100,0.0,0.0,0.0,0.0,0.0,0,0,0,0,0.0,0,0,0,0,0,0,0,0,0,0,0,0,0,0,0,0,0,0,0,0,0,0,0,0,0,0,0,0,0,0,0,0,0,31,40,40,71,65476,0,300,0,0,8,21553,0.0,-107605600.0,0.0,0.0,0.0,0.0,0.0,0.0,0.0,0.0,0.0,0.0,0.0,0.0,0.0,0.0,0.0,0.0,0.0,0.0,0.0,0.0,-2.004,2.004,-2.004,-2.004,0.0,0.0,0.0,0.0,4497.0,564144759635968.0,6923.0,0.0,0.0,-0.0,2.718429120148166e+23,0.0,0.0,0.0,0.0,69,-1.905698635870372e+17,-0.0,0.0,0.0,0.0,0.0,0.0,0.0,0.0,0,0,0,0.0,0.0,0.0,0.0,0.0,0.0,0.0,0.0,0.0,0.0,0.0,0.0,0.0,0.0,0.0,0.0,0,-107875648.0,69,0.0,138,0.0,2.6474777903227054e+23,0,13107,17086,26215,17101,26215,17081,0,0,0,70,68,100,2.7302399002429377e+23,82.1,0.0,78.0,0.0,79.0,1,49,50,180,0,26215,0,0,0.0,0.0,0.0,0.0,-0.0,67.0,0.0,162057.094,0.0,975,0,1002,0,0,0,951,0,1027,0,927,0,790,0,781,0,822,0,7520,0.032,9.56924848823683e+19,0.0,0.0,784,16797,-0.0,162057.094,-114818.039,-0.0,0.133,6.909358625270745e+28,30.0,70.0,35,0.0,0.0,0.0,0.0,0.0,0.0,0.0,0.0,0.0,0.0,0.0,0.0,0.0,0.0,0.0,0.0,66.4,0,150,71,52,65476,0,300,0,0,8,20529,65476,0,0,44564,70.0,0.0,0.0,0.0,0.0,0.0
2026-09-10T21:31:29,ERR,ERR,ERR,ERR,ERR,ERR,ERR,ERR,ERR,ERR,ERR,ERR,ERR,ERR,ERR,ERR,ERR,ERR,ERR,ERR,ERR,ERR,ERR,ERR,ERR,ERR,ERR,ERR,ERR,ERR,ERR,ERR,ERR,ERR,ERR,ERR,ERR,ERR,ERR,ERR,ERR,ERR,ERR,ERR,ERR,ERR,ERR,ERR,ERR,ERR,ERR,ERR,ERR,ERR,ERR,ERR,ERR,ERR,ERR,ERR,ERR,ERR,ERR,ERR,ERR,ERR,ERR,ERR,ERR,ERR,ERR,ERR,ERR,ERR,ERR,ERR,ERR,ERR,ERR,ERR,ERR,ERR,ERR,ERR,ERR,ERR,ERR,ERR,ERR,ERR,ERR,ERR,ERR,ERR,ERR,ERR,ERR,ERR,ERR,ERR,ERR,ERR,ERR,ERR,ERR,ERR,ERR,ERR,ERR,ERR,ERR,ERR,ERR,ERR,ERR,ERR,ERR,ERR,ERR,ERR,ERR,ERR,ERR,ERR,ERR,0.0,0.0,0.0,0.0,0.0,1.3936040501711995e+18,7.805,0.0,0,0,4,0,7116,0.0,100,0.0,0.0,0.0,0.0,0.0,0,0,0,0,0.0,0,0,0,0,0,0,0,0,0,0,0,0,0,0,0,0,0,0,0,0,0,0,0,0,0,0,0,0,0,0,0,0,0,31,40,40,71,65476,0,300,0,0,8,21553,0.0,-107605600.0,0.0,0.0,0.0,0.0,0.0,0.0,0.0,0.0,0.0,0.0,0.0,0.0,0.0,0.0,0.0,0.0,0.0,0.0,0.0,0.0,-2.004,2.004,-2.004,-2.004,0.0,0.0,0.0,0.0,4497.0,564144759635968.0,6923.0,0.0,0.0,-0.0,2.718429120148166e+23,0.0,0.0,0.0,0.0,69,-1.905698635870372e+17,-0.0,0.0,0.0,0.0,0.0,0.0,0.0,0.0,0,0,0,0.0,0.0,0.0,0.0,0.0,0.0,0.0,0.0,0.0,0.0,0.0,0.0,0.0,0.0,0.0,0.0,0,-107875648.0,69,0.0,138,0.0,2.6474777903227054e+23,0,13107,17086,26215,17101,26215,17081,0,0,0,70,68,100,2.7302399002429377e+23,82.1,0.0,78.0,0.0,79.0,1,49,50,180,0,26215,0,0,0.0,0.0,0.0,0.0,-0.0,67.0,0.0,162057.094,0.0,975,0,1002,0,0,0,951,0,1027,0,927,0,790,0,781,0,822,0,7520,0.032,9.56924848823683e+19,0.0,0.0,784,16797,-0.0,162057.094,-114818.039,-0.0,0.133,6.909358625270745e+28,30.0,70.0,35,0.0,0.0,0.0,0.0,0.0,0.0,0.0,0.0,0.0,0.0,0.0,0.0,0.0,0.0,0.0,0.0,66.4,0,150,71,52,65476,0,300,0,0,8,20529,65476,0,0,44564,70.0,0.0,0.0,0.0,0.0,0.0
2026-09-10T21:31:30,ERR,ERR,ERR,ERR,ERR,ERR,ERR,ERR,ERR,ERR,ERR,ERR,ERR,ERR,ERR,ERR,ERR,ERR,ERR,ERR,ERR,ERR,ERR,ERR,ERR,ERR,ERR,ERR,ERR,ERR,ERR,ERR,ERR,ERR,ERR,ERR,ERR,ERR,ERR,ERR,ERR,ERR,ERR,ERR,ERR,ERR,ERR,ERR,ERR,ERR,ERR,ERR,ERR,ERR,ERR,ERR,ERR,ERR,ERR,ERR,ERR,ERR,ERR,ERR,ERR,ERR,ERR,ERR,ERR,ERR,ERR,ERR,ERR,ERR,ERR,ERR,ERR,ERR,ERR,ERR,ERR,ERR,ERR,ERR,ERR,ERR,ERR,ERR,ERR,ERR,ERR,ERR,ERR,ERR,ERR,ERR,ERR,ERR,ERR,ERR,ERR,ERR,ERR,ERR,ERR,ERR,ERR,ERR,ERR,ERR,ERR,ERR,ERR,ERR,ERR,ERR,ERR,ERR,ERR,ERR,ERR,ERR,ERR,ERR,ERR,0.0,0.0,0.0,0.0,0.0,1.3936040501711995e+18,7.805,0.0,0,0,4,0,7116,0.0,100,0.0,0.0,0.0,0.0,0.0,0,0,0,0,0.0,0,0,0,0,0,0,0,0,0,0,0,0,0,0,0,0,0,0,0,0,0,0,0,0,0,0,0,0,0,0,0,0,0,31,40,40,71,65476,0,300,0,0,8,21553,0.0,-107605600.0,0.0,0.0,0.0,0.0,0.0,0.0,0.0,0.0,0.0,0.0,0.0,0.0,0.0,0.0,0.0,0.0,0.0,0.0,0.0,0.0,-2.004,2.004,-2.004,-2.004,0.0,0.0,0.0,0.0,4497.0,564144759635968.0,6923.0,0.0,0.0,-0.0,2.718429120148166e+23,0.0,0.0,0.0,0.0,69,-1.905698635870372e+17,-0.0,0.0,0.0,0.0,0.0,0.0,0.0,0.0,0,0,0,0.0,0.0,0.0,0.0,0.0,0.0,0.0,0.0,0.0,0.0,0.0,0.0,0.0,0.0,0.0,0.0,0,-107875648.0,69,0.0,138,0.0,2.6474777903227054e+23,0,13107,17086,26215,17101,26215,17081,0,0,0,70,68,100,2.7302399002429377e+23,82.1,0.0,78.0,0.0,79.0,1,49,50,180,0,26215,0,0,0.0,0.0,0.0,0.0,-0.0,67.0,0.0,162057.094,0.0,975,0,1002,0,0,0,951,0,1027,0,927,0,790,0,781,0,822,0,7520,0.032,9.56924848823683e+19,0.0,0.0,784,16797,-0.0,162057.094,-114818.039,-0.0,0.133,6.909358625270745e+28,30.0,70.0,35,0.0,0.0,0.0,0.0,0.0,0.0,0.0,0.0,0.0,0.0,0.0,0.0,0.0,0.0,0.0,0.0,66.4,0,150,71,52,65476,0,300,0,0,8,20529,65476,0,0,44564,70.0,0.0,0.0,0.0,0.0,0.0
2026-09-10T21:31:31,ERR,ERR,ERR,ERR,ERR,ERR,ERR,ERR,ERR,ERR,ERR,ERR,ERR,ERR,ERR,ERR,ERR,ERR,ERR,ERR,ERR,ERR,ERR,ERR,ERR,ERR,ERR,ERR,ERR,ERR,ERR,ERR,ERR,ERR,ERR,ERR,ERR,ERR,ERR,ERR,ERR,ERR,ERR,ERR,ERR,ERR,ERR,ERR,ERR,ERR,ERR,ERR,ERR,ERR,ERR,ERR,ERR,ERR,ERR,ERR,ERR,ERR,ERR,ERR,ERR,ERR,ERR,ERR,ERR,ERR,ERR,ERR,ERR,ERR,ERR,ERR,ERR,ERR,ERR,ERR,ERR,ERR,ERR,ERR,ERR,ERR,ERR,ERR,ERR,ERR,ERR,ERR,ERR,ERR,ERR,ERR,ERR,ERR,ERR,ERR,ERR,ERR,ERR,ERR,ERR,ERR,ERR,ERR,ERR,ERR,ERR,ERR,ERR,ERR,ERR,ERR,ERR,ERR,ERR,ERR,ERR,ERR,ERR,ERR,ERR,0.0,0.0,2.6474835549302285e+23,0.0,0.0,1.3936040501711995e+18,7.805,0.0,0,0,4,0,7116,0.0,100,0.0,0.0,0.0,0.0,0.0,0,0,0,0,0.0,0,0,0,0,0,0,0,0,0,0,0,0,0,0,0,0,0,0,0,0,0,0,0,0,0,0,0,0,0,0,0,0,0,31,40,40,71,65476,0,300,0,0,8,21553,0.0,-107605600.0,0.0,0.0,0.0,0.0,0.0,0.0,0.0,0.0,0.0,0.0,0.0,0.0,0.0,0.0,0.0,0.0,0.0,0.0,0.0,0.0,-2.004,2.004,-2.004,-2.004,0.0,0.0,0.0,0.0,4494.0,8608165888.0,6922.0,-0.0,0.0,-0.0,2.718429120148166e+23,0.0,0.0,0.0,0.0,69,-152018521948160.0,-0.0,0.0,0.0,0.0,0.0,0.0,0.0,0.0,0,0,0,0.0,0.0,0.0,0.0,0.0,0.0,0.0,0.0,0.0,0.0,0.0,0.0,0.0,0.0,0.0,0.0,0,-107875648.0,69,0.0,138,0.0,-109183072.0,0,13107,17086,26215,17101,26215,17081,0,0,0,70,68,100,2.7302399002429377e+23,82.1,0.0,78.0,0.0,79.0,1,49,50,180,0,26215,0,0,0.0,0.0,0.0,0.0,-0.0,67.0,0.0,162057.094,0.0,975,0,1002,0,0,0,951,0,1027,0,927,0,790,0,781,0,822,0,7520,0.032,9.56924848823683e+19,0.0,0.0,784,16797,-0.0,162057.094,-114818.039,-0.0,0.133,6.909358625270745e+28,30.0,70.0,35,0.0,0.0,0.0,0.0,0.0,0.0,0.0,0.0,0.0,0.0,0.0,0.0,0.0,0.0,0.0,0.0,66.4,0,150,71,52,65476,0,300,0,0,8,20529,65476,0,0,44564,70.0,0.0,0.0,0.0,0.0,0.0
2026-09-10T21:31:32,ERR,ERR,ERR,ERR,ERR,ERR,ERR,ERR,ERR,ERR,ERR,ERR,ERR,ERR,ERR,ERR,ERR,ERR,ERR,ERR,ERR,ERR,ERR,ERR,ERR,ERR,ERR,ERR,ERR,ERR,ERR,ERR,ERR,ERR,ERR,ERR,ERR,ERR,ERR,ERR,ERR,ERR,ERR,ERR,ERR,ERR,ERR,ERR,ERR,ERR,ERR,ERR,ERR,ERR,ERR,ERR,ERR,ERR,ERR,ERR,ERR,ERR,ERR,ERR,ERR,ERR,ERR,ERR,ERR,ERR,ERR,ERR,ERR,ERR,ERR,ERR,ERR,ERR,ERR,ERR,ERR,ERR,ERR,ERR,ERR,ERR,ERR,ERR,ERR,ERR,ERR,ERR,ERR,ERR,ERR,ERR,ERR,ERR,ERR,ERR,ERR,ERR,ERR,ERR,ERR,ERR,ERR,ERR,ERR,ERR,ERR,ERR,ERR,ERR,ERR,ERR,ERR,ERR,ERR,ERR,ERR,ERR,ERR,ERR,ERR,0.0,0.0,2.6474835549302285e+23,0.0,0.0,1.3936040501711995e+18,7.805,0.0,0,0,4,0,7116,0.0,100,0.0,0.0,0.0,0.0,0.0,0,0,0,0,0.0,0,0,0,0,0,0,0,0,0,0,0,0,0,0,0,0,0,0,0,0,0,0,0,0,0,0,0,0,0,0,0,0,0,31,40,40,71,65476,0,300,0,0,8,21553,0.0,-107605600.0,0.0,0.0,0.0,0.0,0.0,0.0,0.0,0.0,0.0,0.0,0.0,0.0,0.0,0.0,0.0,0.0,0.0,0.0,0.0,0.0,-2.004,2.004,-2.004,-2.004,0.0,0.0,0.0,0.0,4494.0,8608165888.0,6922.0,-0.0,0.0,-0.0,2.718429120148166e+23,0.0,0.0,0.0,0.0,69,-152018521948160.0,-0.0,0.0,0.0,0.0,0.0,0.0,0.0,0.0,0,0,0,0.0,0.0,0.0,0.0,0.0,0.0,0.0,0.0,0.0,0.0,0.0,0.0,0.0,0.0,0.0,0.0,0,-107875648.0,69,0.0,138,0.0,-109183072.0,0,13107,17086,26215,17101,26215,17081,0,0,0,70,68,100,2.7302399002429377e+23,82.1,0.0,78.0,0.0,79.0,1,49,50,180,0,26215,0,0,0.0,0.0,0.0,0.0,-0.0,67.0,0.0,162057.094,0.0,975,0,1002,0,0,0,951,0,1027,0,927,0,790,0,781,0,822,0,7520,0.032,9.56924848823683e+19,0.0,0.0,784,16797,-0.0,162057.094,-114818.039,-0.0,0.133,6.909358625270745e+28,30.0,70.0,35,0.0,0.0,0.0,0.0,0.0,0.0,0.0,0.0,0.0,0.0,0.0,0.0,0.0,0.0,0.0,0.0,66.4,0,150,71,52,65476,0,300,0,0,8,20529,65476,0,0,44564,70.0,0.0,0.0,0.0,0.0,0.0
2026-09-10T21:31:33,ERR,ERR,ERR,ERR,ERR,ERR,ERR,ERR,ERR,ERR,ERR,ERR,ERR,ERR,ERR,ERR,ERR,ERR,ERR,ERR,ERR,ERR,ERR,ERR,ERR,ERR,ERR,ERR,ERR,ERR,ERR,ERR,ERR,ERR,ERR,ERR,ERR,ERR,ERR,ERR,ERR,ERR,ERR,ERR,ERR,ERR,ERR,ERR,ERR,ERR,ERR,ERR,ERR,ERR,ERR,ERR,ERR,ERR,ERR,ERR,ERR,ERR,ERR,ERR,ERR,ERR,ERR,ERR,ERR,ERR,ERR,ERR,ERR,ERR,ERR,ERR,ERR,ERR,ERR,ERR,ERR,ERR,ERR,ERR,ERR,ERR,ERR,ERR,ERR,ERR,ERR,ERR,ERR,ERR,ERR,ERR,ERR,ERR,ERR,ERR,ERR,ERR,ERR,ERR,ERR,ERR,ERR,ERR,ERR,ERR,ERR,ERR,ERR,ERR,ERR,ERR,ERR,ERR,ERR,ERR,ERR,ERR,ERR,ERR,ERR,0.0,0.0,2.6474835549302285e+23,0.0,0.0,1.3936040501711995e+18,7.805,0.0,0,0,4,0,7116,0.0,100,0.0,0.0,0.0,0.0,0.0,0,0,0,0,0.0,0,0,0,0,0,0,0,0,0,0,0,0,0,0,0,0,0,0,0,0,0,0,0,0,0,0,0,0,0,0,0,0,0,31,40,40,71,65476,0,300,0,0,8,21553,0.0,-107605600.0,0.0,0.0,0.0,0.0,0.0,0.0,0.0,0.0,0.0,0.0,0.0,0.0,0.0,0.0,0.0,0.0,0.0,0.0,0.0,0.0,-2.004,2.004,-2.004,-2.004,0.0,0.0,0.0,0.0,4494.0,8608165888.0,6922.0,-0.0,0.0,-0.0,2.718429120148166e+23,0.0,0.0,0.0,0.0,69,-152018521948160.0,-0.0,0.0,0.0,0.0,0.0,0.0,0.0,0.0,0,0,0,0.0,0.0,0.0,0.0,0.0,0.0,0.0,0.0,0.0,0.0,0.0,0.0,0.0,0.0,0.0,0.0,0,-107875648.0,69,0.0,138,0.0,-109183072.0,0,13107,17086,26215,17101,26215,17081,0,0,0,70,68,100,2.7302399002429377e+23,82.1,0.0,78.0,0.0,79.0,1,49,50,180,0,26215,0,0,0.0,0.0,0.0,0.0,-0.0,67.0,0.0,162057.094,0.0,975,0,1002,0,0,0,951,0,1027,0,927,0,790,0,781,0,822,0,7520,0.032,9.56924848823683e+19,0.0,0.0,784,16797,-0.0,162057.094,-114818.039,-0.0,0.133,6.909358625270745e+28,30.0,70.0,35,0.0,0.0,0.0,0.0,0.0,0.0,0.0,0.0,0.0,0.0,0.0,0.0,0.0,0.0,0.0,0.0,66.4,0,150,71,52,65476,0,300,0,0,8,20529,65476,0,0,44564,70.0,0.0,0.0,0.0,0.0,0.0
2026-09-10T21:31:34,ERR,ERR,ERR,ERR,ERR,ERR,ERR,ERR,ERR,ERR,ERR,ERR,ERR,ERR,ERR,ERR,ERR,ERR,ERR,ERR,ERR,ERR,ERR,ERR,ERR,ERR,ERR,ERR,ERR,ERR,ERR,ERR,ERR,ERR,ERR,ERR,ERR,ERR,ERR,ERR,ERR,ERR,ERR,ERR,ERR,ERR,ERR,ERR,ERR,ERR,ERR,ERR,ERR,ERR,ERR,ERR,ERR,ERR,ERR,ERR,ERR,ERR,ERR,ERR,ERR,ERR,ERR,ERR,ERR,ERR,ERR,ERR,ERR,ERR,ERR,ERR,ERR,ERR,ERR,ERR,ERR,ERR,ERR,ERR,ERR,ERR,ERR,ERR,ERR,ERR,ERR,ERR,ERR,ERR,ERR,ERR,ERR,ERR,ERR,ERR,ERR,ERR,ERR,ERR,ERR,ERR,ERR,ERR,ERR,ERR,ERR,ERR,ERR,ERR,ERR,ERR,ERR,ERR,ERR,ERR,ERR,ERR,ERR,ERR,ERR,0.0,0.0,2.6474835549302285e+23,0.0,0.0,1.3936040501711995e+18,7.805,0.0,0,0,4,0,7116,0.0,100,0.0,0.0,0.0,0.0,0.0,0,0,0,0,0.0,0,0,0,0,0,0,0,0,0,0,0,0,0,0,0,0,0,0,0,0,0,0,0,0,0,0,0,0,0,0,0,0,0,31,40,40,71,65476,0,300,0,0,8,21553,0.0,-107605600.0,0.0,0.0,0.0,0.0,0.0,0.0,0.0,0.0,0.0,0.0,0.0,0.0,0.0,0.0,0.0,0.0,0.0,0.0,0.0,0.0,-2.004,2.004,-2.004,-2.004,0.0,0.0,0.0,0.0,4494.0,8608165888.0,6922.0,-0.0,0.0,-0.0,2.718429120148166e+23,0.0,0.0,0.0,0.0,69,-152018521948160.0,-0.0,0.0,0.0,0.0,0.0,0.0,0.0,0.0,0,0,0,0.0,0.0,0.0,0.0,0.0,0.0,0.0,0.0,0.0,0.0,0.0,0.0,0.0,0.0,0.0,0.0,0,-107875648.0,69,0.0,138,0.0,-109183072.0,0,13107,17086,26215,17101,26215,17081,0,0,0,70,68,100,2.7302399002429377e+23,82.1,0.0,78.0,0.0,79.0,1,49,50,180,0,26215,0,0,0.0,0.0,0.0,0.0,-0.0,67.0,0.0,162057.094,0.0,975,0,1002,0,0,0,951,0,1027,0,927,0,790,0,781,0,822,0,7520,0.032,9.56924848823683e+19,0.0,0.0,784,16797,-0.0,162057.094,-114818.039,-0.0,0.133,6.909358625270745e+28,30.0,70.0,35,0.0,0.0,0.0,0.0,0.0,0.0,0.0,0.0,0.0,0.0,0.0,0.0,0.0,0.0,0.0,0.0,66.4,0,150,71,52,65476,0,300,0,0,8,20529,65476,0,0,44564,70.0,0.0,0.0,0.0,0.0,0.0
2026-09-10T21:31:35,ERR,ERR,ERR,ERR,ERR,ERR,ERR,ERR,ERR,ERR,ERR,ERR,ERR,ERR,ERR,ERR,ERR,ERR,ERR,ERR,ERR,ERR,ERR,ERR,ERR,ERR,ERR,ERR,ERR,ERR,ERR,ERR,ERR,ERR,ERR,ERR,ERR,ERR,ERR,ERR,ERR,ERR,ERR,ERR,ERR,ERR,ERR,ERR,ERR,ERR,ERR,ERR,ERR,ERR,ERR,ERR,ERR,ERR,ERR,ERR,ERR,ERR,ERR,ERR,ERR,ERR,ERR,ERR,ERR,ERR,ERR,ERR,ERR,ERR,ERR,ERR,ERR,ERR,ERR,ERR,ERR,ERR,ERR,ERR,ERR,ERR,ERR,ERR,ERR,ERR,ERR,ERR,ERR,ERR,ERR,ERR,ERR,ERR,ERR,ERR,ERR,ERR,ERR,ERR,ERR,ERR,ERR,ERR,ERR,ERR,ERR,ERR,ERR,ERR,ERR,ERR,ERR,ERR,ERR,ERR,ERR,ERR,ERR,ERR,ERR,0.0,0.0,2.6474835549302285e+23,0.0,0.0,1.3936040501711995e+18,7.805,0.0,0,0,4,0,7116,0.0,100,0.0,0.0,0.0,0.0,0.0,0,0,0,0,0.0,0,0,0,0,0,0,0,0,0,0,0,0,0,0,0,0,0,0,0,0,0,0,0,0,0,0,0,0,0,0,0,0,0,31,40,40,71,65476,0,300,0,0,8,21553,0.0,-107605600.0,0.0,0.0,0.0,0.0,0.0,0.0,0.0,0.0,0.0,0.0,0.0,0.0,0.0,0.0,0.0,0.0,0.0,0.0,0.0,0.0,-2.004,2.004,-2.004,-2.004,0.0,0.0,0.0,0.0,4494.0,8608165888.0,6922.0,-0.0,0.0,-0.0,2.718429120148166e+23,0.0,0.0,0.0,0.0,69,-152018521948160.0,-0.0,0.0,0.0,0.0,0.0,0.0,0.0,0.0,0,0,0,0.0,0.0,0.0,0.0,0.0,0.0,0.0,0.0,0.0,0.0,0.0,0.0,0.0,0.0,0.0,0.0,0,-107875648.0,69,0.0,138,0.0,-109183072.0,0,13107,17086,26215,17101,26215,17081,0,0,0,70,68,100,2.7302399002429377e+23,82.1,0.0,78.0,0.0,79.0,1,49,50,180,0,26215,0,0,0.0,0.0,0.0,0.0,-0.0,67.0,0.0,162057.094,0.0,975,0,1002,0,0,0,951,0,1027,0,927,0,790,0,781,0,822,0,7520,0.032,9.56924848823683e+19,0.0,0.0,784,16797,-0.0,162057.094,-114818.039,-0.0,0.133,6.909358625270745e+28,30.0,70.0,35,0.0,0.0,0.0,0.0,0.0,0.0,0.0,0.0,0.0,0.0,0.0,0.0,0.0,0.0,0.0,0.0,66.4,0,150,71,52,65476,0,300,0,0,8,20529,65476,0,0,44564,70.0,0.0,0.0,0.0,0.0,0.0
2026-09-10T21:31:36,ERR,ERR,ERR,ERR,ERR,ERR,ERR,ERR,ERR,ERR,ERR,ERR,ERR,ERR,ERR,ERR,ERR,ERR,ERR,ERR,ERR,ERR,ERR,ERR,ERR,ERR,ERR,ERR,ERR,ERR,ERR,ERR,ERR,ERR,ERR,ERR,ERR,ERR,ERR,ERR,ERR,ERR,ERR,ERR,ERR,ERR,ERR,ERR,ERR,ERR,ERR,ERR,ERR,ERR,ERR,ERR,ERR,ERR,ERR,ERR,ERR,ERR,ERR,ERR,ERR,ERR,ERR,ERR,ERR,ERR,ERR,ERR,ERR,ERR,ERR,ERR,ERR,ERR,ERR,ERR,ERR,ERR,ERR,ERR,ERR,ERR,ERR,ERR,ERR,ERR,ERR,ERR,ERR,ERR,ERR,ERR,ERR,ERR,ERR,ERR,ERR,ERR,ERR,ERR,ERR,ERR,ERR,ERR,ERR,ERR,ERR,ERR,ERR,ERR,ERR,ERR,ERR,ERR,ERR,ERR,ERR,ERR,ERR,ERR,ERR,0.0,0.0,2.6474835549302285e+23,0.0,0.0,1.3936040501711995e+18,7.805,0.0,0,0,4,0,7116,0.0,100,0.0,0.0,0.0,0.0,0.0,0,0,0,0,0.0,0,0,0,0,0,0,0,0,0,0,0,0,0,0,0,0,0,0,0,0,0,0,0,0,0,0,0,0,0,0,0,0,0,31,40,40,71,65476,0,300,0,0,8,21553,0.0,-107605600.0,0.0,0.0,0.0,0.0,0.0,0.0,0.0,0.0,0.0,0.0,0.0,0.0,0.0,0.0,0.0,0.0,0.0,0.0,0.0,0.0,-2.004,2.004,-2.004,-2.004,0.0,0.0,0.0,0.0,4494.0,8608165888.0,6922.0,-0.0,0.0,-0.0,2.718429120148166e+23,0.0,0.0,0.0,0.0,69,-152018521948160.0,-0.0,0.0,0.0,0.0,0.0,0.0,0.0,0.0,0,0,0,0.0,0.0,0.0,0.0,0.0,0.0,0.0,0.0,0.0,0.0,0.0,0.0,0.0,0.0,0.0,0.0,0,-107875648.0,69,0.0,138,0.0,-109183072.0,0,13107,17086,26215,17101,26215,17081,0,0,0,70,68,100,2.7302399002429377e+23,82.1,0.0,78.0,0.0,79.0,1,49,50,180,0,26215,0,0,0.0,0.0,0.0,0.0,-0.0,67.0,0.0,162057.094,0.0,975,0,1002,0,0,0,951,0,1027,0,927,0,790,0,781,0,822,0,7520,0.032,9.56924848823683e+19,0.0,0.0,784,16797,-0.0,162057.094,-114818.039,-0.0,0.133,6.909358625270745e+28,30.0,70.0,35,0.0,0.0,0.0,0.0,0.0,0.0,0.0,0.0,0.0,0.0,0.0,0.0,0.0,0.0,0.0,0.0,66.4,0,150,71,52,65476,0,300,0,0,8,20529,65476,0,0,44564,70.0,0.0,0.0,0.0,0.0,0.0
2026-09-10T21:31:37,ERR,ERR,ERR,ERR,ERR,ERR,ERR,ERR,ERR,ERR,ERR,ERR,ERR,ERR,ERR,ERR,ERR,ERR,ERR,ERR,ERR,ERR,ERR,ERR,ERR,ERR,ERR,ERR,ERR,ERR,ERR,ERR,ERR,ERR,ERR,ERR,ERR,ERR,ERR,ERR,ERR,ERR,ERR,ERR,ERR,ERR,ERR,ERR,ERR,ERR,ERR,ERR,ERR,ERR,ERR,ERR,ERR,ERR,ERR,ERR,ERR,ERR,ERR,ERR,ERR,ERR,ERR,ERR,ERR,ERR,ERR,ERR,ERR,ERR,ERR,ERR,ERR,ERR,ERR,ERR,ERR,ERR,ERR,ERR,ERR,ERR,ERR,ERR,ERR,ERR,ERR,ERR,ERR,ERR,ERR,ERR,ERR,ERR,ERR,ERR,ERR,ERR,ERR,ERR,ERR,ERR,ERR,ERR,ERR,ERR,ERR,ERR,ERR,ERR,ERR,ERR,ERR,ERR,ERR,ERR,ERR,ERR,ERR,ERR,ERR,0.0,0.0,2.6474835549302285e+23,0.0,0.0,1.3936040501711995e+18,7.805,0.0,0,0,4,0,7116,0.0,100,0.0,0.0,0.0,0.0,0.0,0,0,0,0,0.0,0,0,0,0,0,0,0,0,0,0,0,0,0,0,0,0,0,0,0,0,0,0,0,0,0,0,0,0,0,0,0,0,0,31,40,40,71,65476,0,300,0,0,8,21553,0.0,-107605600.0,0.0,0.0,0.0,0.0,0.0,0.0,0.0,0.0,0.0,0.0,0.0,0.0,0.0,0.0,0.0,0.0,0.0,0.0,0.0,0.0,-2.004,2.004,-2.004,-2.004,0.0,0.0,0.0,0.0,4494.0,8608165888.0,6922.0,-0.0,0.0,-0.0,2.718429120148166e+23,0.0,0.0,0.0,0.0,69,-152018521948160.0,-0.0,0.0,0.0,0.0,0.0,0.0,0.0,0.0,0,0,0,0.0,0.0,0.0,0.0,0.0,0.0,0.0,0.0,0.0,0.0,0.0,0.0,0.0,0.0,0.0,0.0,0,-107875648.0,69,0.0,138,0.0,-109183072.0,0,13107,17086,26215,17101,26215,17081,0,0,0,70,68,100,2.7302399002429377e+23,82.1,0.0,78.0,0.0,79.0,1,49,50,180,0,26215,0,0,0.0,0.0,0.0,0.0,-0.0,67.0,0.0,162057.094,0.0,975,0,1002,0,0,0,951,0,1027,0,927,0,790,0,781,0,822,0,7520,0.032,9.56924848823683e+19,0.0,0.0,784,16797,-0.0,162057.094,-114818.039,-0.0,0.133,6.909358625270745e+28,30.0,70.0,35,0.0,0.0,0.0,0.0,0.0,0.0,0.0,0.0,0.0,0.0,0.0,0.0,0.0,0.0,0.0,0.0,66.4,0,150,71,52,65476,0,300,0,0,8,20529,65476,0,0,44564,70.0,0.0,0.0,0.0,0.0,0.0
2026-09-10T21:31:38,ERR,ERR,ERR,ERR,ERR,ERR,ERR,ERR,ERR,ERR,ERR,ERR,ERR,ERR,ERR,ERR,ERR,ERR,ERR,ERR,ERR,ERR,ERR,ERR,ERR,ERR,ERR,ERR,ERR,ERR,ERR,ERR,ERR,ERR,ERR,ERR,ERR,ERR,ERR,ERR,ERR,ERR,ERR,ERR,ERR,ERR,ERR,ERR,ERR,ERR,ERR,ERR,ERR,ERR,ERR,ERR,ERR,ERR,ERR,ERR,ERR,ERR,ERR,ERR,ERR,ERR,ERR,ERR,ERR,ERR,ERR,ERR,ERR,ERR,ERR,ERR,ERR,ERR,ERR,ERR,ERR,ERR,ERR,ERR,ERR,ERR,ERR,ERR,ERR,ERR,ERR,ERR,ERR,ERR,ERR,ERR,ERR,ERR,ERR,ERR,ERR,ERR,ERR,ERR,ERR,ERR,ERR,ERR,ERR,ERR,ERR,ERR,ERR,ERR,ERR,ERR,ERR,ERR,ERR,ERR,ERR,ERR,ERR,ERR,ERR,0.0,0.0,2.6474835549302285e+23,0.0,0.0,1.3936040501711995e+18,7.805,0.0,0,0,4,0,7116,0.0,100,0.0,0.0,0.0,0.0,0.0,0,0,0,0,0.0,0,0,0,0,0,0,0,0,0,0,0,0,0,0,0,0,0,0,0,0,0,0,0,0,0,0,0,0,0,0,0,0,0,31,40,40,71,65476,0,300,0,0,8,21553,0.0,-107605600.0,0.0,0.0,0.0,0.0,0.0,0.0,0.0,0.0,0.0,0.0,0.0,0.0,0.0,0.0,0.0,0.0,0.0,0.0,0.0,0.0,-2.004,2.004,-2.004,-2.004,0.0,0.0,0.0,0.0,4494.0,8608165888.0,6922.0,-0.0,0.0,-0.0,2.718429120148166e+23,0.0,0.0,0.0,0.0,69,-152018521948160.0,-0.0,0.0,0.0,0.0,0.0,0.0,0.0,0.0,0,0,0,0.0,0.0,0.0,0.0,0.0,0.0,0.0,0.0,0.0,0.0,0.0,0.0,0.0,0.0,0.0,0.0,0,-107875648.0,69,0.0,138,0.0,-109183072.0,0,13107,17086,26215,17101,26215,17081,0,0,0,70,68,100,2.7302399002429377e+23,82.1,0.0,78.0,0.0,79.0,1,49,50,180,0,26215,0,0,0.0,0.0,0.0,0.0,-0.0,67.0,0.0,162057.094,0.0,975,0,1002,0,0,0,951,0,1027,0,927,0,790,0,781,0,822,0,7520,0.032,9.56924848823683e+19,0.0,0.0,784,16797,-0.0,162057.094,-114818.039,-0.0,0.133,6.909358625270745e+28,30.0,70.0,35,0.0,0.0,0.0,0.0,0.0,0.0,0.0,0.0,0.0,0.0,0.0,0.0,0.0,0.0,0.0,0.0,66.4,0,150,71,52,65476,0,300,0,0,8,20529,65476,0,0,44564,70.0,0.0,0.0,0.0,0.0,0.0
2026-09-10T21:31:39,ERR,ERR,ERR,ERR,ERR,ERR,ERR,ERR,ERR,ERR,ERR,ERR,ERR,ERR,ERR,ERR,ERR,ERR,ERR,ERR,ERR,ERR,ERR,ERR,ERR,ERR,ERR,ERR,ERR,ERR,ERR,ERR,ERR,ERR,ERR,ERR,ERR,ERR,ERR,ERR,ERR,ERR,ERR,ERR,ERR,ERR,ERR,ERR,ERR,ERR,ERR,ERR,ERR,ERR,ERR,ERR,ERR,ERR,ERR,ERR,ERR,ERR,ERR,ERR,ERR,ERR,ERR,ERR,ERR,ERR,ERR,ERR,ERR,ERR,ERR,ERR,ERR,ERR,ERR,ERR,ERR,ERR,ERR,ERR,ERR,ERR,ERR,ERR,ERR,ERR,ERR,ERR,ERR,ERR,ERR,ERR,ERR,ERR,ERR,ERR,ERR,ERR,ERR,ERR,ERR,ERR,ERR,ERR,ERR,ERR,ERR,ERR,ERR,ERR,ERR,ERR,ERR,ERR,ERR,ERR,ERR,ERR,ERR,ERR,ERR,0.0,0.0,2.6474835549302285e+23,0.0,0.0,1.3936040501711995e+18,7.805,0.0,0,0,4,0,7116,0.0,100,0.0,0.0,0.0,0.0,0.0,0,0,0,0,0.0,0,0,0,0,0,0,0,0,0,0,0,0,0,0,0,0,0,0,0,0,0,0,0,0,0,0,0,0,0,0,0,0,0,31,40,40,71,65476,0,300,0,0,8,21553,0.0,-107605600.0,0.0,0.0,0.0,0.0,0.0,0.0,0.0,0.0,0.0,0.0,0.0,0.0,0.0,0.0,0.0,0.0,0.0,0.0,0.0,0.0,-2.004,2.004,-2.004,-2.004,0.0,0.0,0.0,0.0,4491.0,2.004,6920.0,0.0,0.0,0.0,2.718429120148166e+23,0.0,0.0,0.0,0.0,69,-0.059,-0.0,0.0,0.0,0.0,0.0,0.0,0.0,0.0,0,0,0,0.0,0.0,0.0,0.0,0.0,0.0,0.0,0.0,0.0,0.0,0.0,0.0,0.0,0.0,0.0,0.0,0,-107875648.0,69,0.0,138,0.0,2.6474777903227054e+23,0,13107,17086,26215,17101,26215,17081,0,0,0,70,68,100,2.7302399002429377e+23,82.1,0.0,78.0,0.0,79.0,1,49,50,180,0,26215,0,0,0.0,0.0,0.0,0.0,-0.0,67.0,0.0,162057.094,0.0,975,0,1002,0,0,0,951,0,1027,0,927,0,790,0,781,0,822,0,7520,0.032,9.56924848823683e+19,0.0,0.0,784,16797,-0.0,162057.094,-114818.039,-0.0,0.133,6.909358625270745e+28,30.0,70.0,35,0.0,0.0,0.0,0.0,0.0,0.0,0.0,0.0,0.0,0.0,0.0,0.0,0.0,0.0,0.0,0.0,66.4,0,150,71,52,65476,0,300,0,0,8,20529,65476,0,0,44564,70.0,0.0,0.0,0.0,0.0,0.0
2026-09-10T21:31:40,ERR,ERR,ERR,ERR,ERR,ERR,ERR,ERR,ERR,ERR,ERR,ERR,ERR,ERR,ERR,ERR,ERR,ERR,ERR,ERR,ERR,ERR,ERR,ERR,ERR,ERR,ERR,ERR,ERR,ERR,ERR,ERR,ERR,ERR,ERR,ERR,ERR,ERR,ERR,ERR,ERR,ERR,ERR,ERR,ERR,ERR,ERR,ERR,ERR,ERR,ERR,ERR,ERR,ERR,ERR,ERR,ERR,ERR,ERR,ERR,ERR,ERR,ERR,ERR,ERR,ERR,ERR,ERR,ERR,ERR,ERR,ERR,ERR,ERR,ERR,ERR,ERR,ERR,ERR,ERR,ERR,ERR,ERR,ERR,ERR,ERR,ERR,ERR,ERR,ERR,ERR,ERR,ERR,ERR,ERR,ERR,ERR,ERR,ERR,ERR,ERR,ERR,ERR,ERR,ERR,ERR,ERR,ERR,ERR,ERR,ERR,ERR,ERR,ERR,ERR,ERR,ERR,ERR,ERR,ERR,ERR,ERR,ERR,ERR,ERR,0.0,0.0,2.6474835549302285e+23,0.0,0.0,1.3936040501711995e+18,7.805,0.0,0,0,4,0,7116,0.0,100,0.0,0.0,0.0,0.0,0.0,0,0,0,0,0.0,0,0,0,0,0,0,0,0,0,0,0,0,0,0,0,0,0,0,0,0,0,0,0,0,0,0,0,0,0,0,0,0,0,31,40,40,71,65476,0,300,0,0,8,21553,0.0,-107605600.0,0.0,0.0,0.0,0.0,0.0,0.0,0.0,0.0,0.0,0.0,0.0,0.0,0.0,0.0,0.0,0.0,0.0,0.0,0.0,0.0,-2.004,2.004,-2.004,-2.004,0.0,0.0,0.0,0.0,4491.0,2.004,6920.0,0.0,0.0,0.0,2.718429120148166e+23,0.0,0.0,0.0,0.0,69,-0.059,-0.0,0.0,0.0,0.0,0.0,0.0,0.0,0.0,0,0,0,0.0,0.0,0.0,0.0,0.0,0.0,0.0,0.0,0.0,0.0,0.0,0.0,0.0,0.0,0.0,0.0,0,-107875648.0,69,0.0,138,0.0,2.6474777903227054e+23,0,13107,17086,26215,17101,26215,17081,0,0,0,70,68,100,2.7302399002429377e+23,82.1,0.0,78.0,0.0,79.0,1,49,50,180,0,26215,0,0,0.0,0.0,0.0,0.0,-0.0,67.0,0.0,162057.094,0.0,975,0,1002,0,0,0,951,0,1027,0,927,0,790,0,781,0,822,0,7520,0.032,9.56924848823683e+19,0.0,0.0,784,16797,-0.0,162057.094,-114818.039,-0.0,0.133,6.909358625270745e+28,30.0,70.0,35,0.0,0.0,0.0,0.0,0.0,0.0,0.0,0.0,0.0,0.0,0.0,0.0,0.0,0.0,0.0,0.0,66.8,0,150,71,52,65476,0,300,0,0,8,20529,65476,0,0,44564,70.0,0.0,0.0,0.0,0.0,0.0
2026-09-10T21:31:41,ERR,ERR,ERR,ERR,ERR,ERR,ERR,ERR,ERR,ERR,ERR,ERR,ERR,ERR,ERR,ERR,ERR,ERR,ERR,ERR,ERR,ERR,ERR,ERR,ERR,ERR,ERR,ERR,ERR,ERR,ERR,ERR,ERR,ERR,ERR,ERR,ERR,ERR,ERR,ERR,ERR,ERR,ERR,ERR,ERR,ERR,ERR,ERR,ERR,ERR,ERR,ERR,ERR,ERR,ERR,ERR,ERR,ERR,ERR,ERR,ERR,ERR,ERR,ERR,ERR,ERR,ERR,ERR,ERR,ERR,ERR,ERR,ERR,ERR,ERR,ERR,ERR,ERR,ERR,ERR,ERR,ERR,ERR,ERR,ERR,ERR,ERR,ERR,ERR,ERR,ERR,ERR,ERR,ERR,ERR,ERR,ERR,ERR,ERR,ERR,ERR,ERR,ERR,ERR,ERR,ERR,ERR,ERR,ERR,ERR,ERR,ERR,ERR,ERR,ERR,ERR,ERR,ERR,ERR,ERR,ERR,ERR,ERR,ERR,ERR,0.0,0.0,2.6474835549302285e+23,0.0,0.0,1.3936040501711995e+18,7.805,0.0,0,0,4,0,7116,0.0,100,0.0,0.0,0.0,0.0,0.0,0,0,0,0,0.0,0,0,0,0,0,0,0,0,0,0,0,0,0,0,0,0,0,0,0,0,0,0,0,0,0,0,0,0,0,0,0,0,0,31,40,40,71,65476,0,300,0,0,8,21553,0.0,-107605600.0,0.0,0.0,0.0,0.0,0.0,0.0,0.0,0.0,0.0,0.0,0.0,0.0,0.0,0.0,0.0,0.0,0.0,0.0,0.0,0.0,-2.004,2.004,-2.004,-2.004,0.0,0.0,0.0,0.0,4491.0,2.004,6920.0,0.0,0.0,0.0,2.718429120148166e+23,0.0,0.0,0.0,0.0,69,-0.059,-0.0,0.0,0.0,0.0,0.0,0.0,0.0,0.0,0,0,0,0.0,0.0,0.0,0.0,0.0,0.0,0.0,0.0,0.0,0.0,0.0,0.0,0.0,0.0,0.0,0.0,0,-107875648.0,69,0.0,138,0.0,2.6474777903227054e+23,0,13107,17086,26215,17101,26215,17081,0,0,0,70,68,100,2.7302399002429377e+23,82.1,0.0,78.0,0.0,79.0,1,49,50,180,0,26215,0,0,0.0,0.0,0.0,0.0,-0.0,67.0,0.0,162057.094,0.0,975,0,1002,0,0,0,951,0,1027,0,927,0,790,0,781,0,822,0,7520,0.032,9.56924848823683e+19,0.0,0.0,784,16797,-0.0,162057.094,-114818.039,-0.0,0.133,6.909358625270745e+28,30.0,70.0,35,0.0,0.0,0.0,0.0,0.0,0.0,0.0,0.0,0.0,0.0,0.0,0.0,0.0,0.0,0.0,0.0,66.8,0,150,71,52,65476,0,300,0,0,8,20529,65476,0,0,44564,70.0,0.0,0.0,0.0,0.0,0.0
2026-09-10T21:31:42,ERR,ERR,ERR,ERR,ERR,ERR,ERR,ERR,ERR,ERR,ERR,ERR,ERR,ERR,ERR,ERR,ERR,ERR,ERR,ERR,ERR,ERR,ERR,ERR,ERR,ERR,ERR,ERR,ERR,ERR,ERR,ERR,ERR,ERR,ERR,ERR,ERR,ERR,ERR,ERR,ERR,ERR,ERR,ERR,ERR,ERR,ERR,ERR,ERR,ERR,ERR,ERR,ERR,ERR,ERR,ERR,ERR,ERR,ERR,ERR,ERR,ERR,ERR,ERR,ERR,ERR,ERR,ERR,ERR,ERR,ERR,ERR,ERR,ERR,ERR,ERR,ERR,ERR,ERR,ERR,ERR,ERR,ERR,ERR,ERR,ERR,ERR,ERR,ERR,ERR,ERR,ERR,ERR,ERR,ERR,ERR,ERR,ERR,ERR,ERR,ERR,ERR,ERR,ERR,ERR,ERR,ERR,ERR,ERR,ERR,ERR,ERR,ERR,ERR,ERR,ERR,ERR,ERR,ERR,ERR,ERR,ERR,ERR,ERR,ERR,0.0,0.0,2.6474835549302285e+23,0.0,0.0,1.3936040501711995e+18,7.805,0.0,0,0,4,0,7116,0.0,100,0.0,0.0,0.0,0.0,0.0,0,0,0,0,0.0,0,0,0,0,0,0,0,0,0,0,0,0,0,0,0,0,0,0,0,0,0,0,0,0,0,0,0,0,0,0,0,0,0,31,40,40,71,65476,0,300,0,0,8,21553,0.0,-107605600.0,0.0,0.0,0.0,0.0,0.0,0.0,0.0,0.0,0.0,0.0,0.0,0.0,0.0,0.0,0.0,0.0,0.0,0.0,0.0,0.0,-2.004,2.004,-2.004,-2.004,0.0,0.0,0.0,0.0,4491.0,2.004,6920.0,0.0,0.0,0.0,2.718429120148166e+23,0.0,0.0,0.0,0.0,69,-0.059,-0.0,0.0,0.0,0.0,0.0,0.0,0.0,0.0,0,0,0,0.0,0.0,0.0,0.0,0.0,0.0,0.0,0.0,0.0,0.0,0.0,0.0,0.0,0.0,0.0,0.0,0,-107875648.0,69,0.0,138,0.0,2.6474777903227054e+23,0,13107,17086,26215,17101,26215,17081,0,0,0,70,68,100,2.7302399002429377e+23,82.1,0.0,78.0,0.0,79.0,1,49,50,180,0,26215,0,0,0.0,0.0,0.0,0.0,-0.0,67.0,0.0,162057.094,0.0,975,0,1002,0,0,0,951,0,1027,0,927,0,790,0,781,0,822,0,7520,0.032,9.56924848823683e+19,0.0,0.0,784,16797,-0.0,162057.094,-114818.039,-0.0,0.133,6.909358625270745e+28,30.0,70.0,35,0.0,0.0,0.0,0.0,0.0,0.0,0.0,0.0,0.0,0.0,0.0,0.0,0.0,0.0,0.0,0.0,66.8,0,150,71,52,65476,0,300,0,0,8,20529,65476,0,0,44564,70.0,0.0,0.0,0.0,0.0,0.0
2026-09-10T21:31:43,ERR,ERR,ERR,ERR,ERR,ERR,ERR,ERR,ERR,ERR,ERR,ERR,ERR,ERR,ERR,ERR,ERR,ERR,ERR,ERR,ERR,ERR,ERR,ERR,ERR,ERR,ERR,ERR,ERR,ERR,ERR,ERR,ERR,ERR,ERR,ERR,ERR,ERR,ERR,ERR,ERR,ERR,ERR,ERR,ERR,ERR,ERR,ERR,ERR,ERR,ERR,ERR,ERR,ERR,ERR,ERR,ERR,ERR,ERR,ERR,ERR,ERR,ERR,ERR,ERR,ERR,ERR,ERR,ERR,ERR,ERR,ERR,ERR,ERR,ERR,ERR,ERR,ERR,ERR,ERR,ERR,ERR,ERR,ERR,ERR,ERR,ERR,ERR,ERR,ERR,ERR,ERR,ERR,ERR,ERR,ERR,ERR,ERR,ERR,ERR,ERR,ERR,ERR,ERR,ERR,ERR,ERR,ERR,ERR,ERR,ERR,ERR,ERR,ERR,ERR,ERR,ERR,ERR,ERR,ERR,ERR,ERR,ERR,ERR,ERR,0.0,0.0,2.6474835549302285e+23,0.0,0.0,1.3936040501711995e+18,7.805,0.0,0,0,4,0,7116,0.0,100,0.0,0.0,0.0,0.0,0.0,0,0,0,0,0.0,0,0,0,0,0,0,0,0,0,0,0,0,0,0,0,0,0,0,0,0,0,0,0,0,0,0,0,0,0,0,0,0,0,31,40,40,71,65476,0,300,0,0,8,21553,0.0,-107605600.0,0.0,0.0,0.0,0.0,0.0,0.0,0.0,0.0,0.0,0.0,0.0,0.0,0.0,0.0,0.0,0.0,0.0,0.0,0.0,0.0,-2.004,2.004,-2.004,-2.004,0.0,0.0,0.0,0.0,4491.0,2.004,6920.0,0.0,0.0,0.0,2.718429120148166e+23,0.0,0.0,0.0,0.0,69,-0.059,-0.0,0.0,0.0,0.0,0.0,0.0,0.0,0.0,0,0,0,0.0,0.0,0.0,0.0,0.0,0.0,0.0,0.0,0.0,0.0,0.0,0.0,0.0,0.0,0.0,0.0,0,-107875648.0,69,0.0,138,0.0,2.6474777903227054e+23,0,13107,17086,26215,17101,26215,17081,0,0,0,70,68,100,2.7302399002429377e+23,82.1,0.0,78.0,0.0,79.0,1,49,50,180,0,26215,0,0,0.0,0.0,0.0,0.0,-0.0,67.0,0.0,162057.094,0.0,975,0,1002,0,0,0,951,0,1027,0,927,0,790,0,781,0,822,0,7520,0.032,9.56924848823683e+19,0.0,0.0,784,16797,-0.0,162057.094,-114818.039,-0.0,0.133,6.909358625270745e+28,30.0,70.0,35,0.0,0.0,0.0,0.0,0.0,0.0,0.0,0.0,0.0,0.0,0.0,0.0,0.0,0.0,0.0,0.0,66.4,0,150,71,52,65476,0,300,0,0,8,20529,65476,0,0,44564,70.0,0.0,0.0,0.0,0.0,0.0
2026-09-10T21:31:44,ERR,ERR,ERR,ERR,ERR,ERR,ERR,ERR,ERR,ERR,ERR,ERR,ERR,ERR,ERR,ERR,ERR,ERR,ERR,ERR,ERR,ERR,ERR,ERR,ERR,ERR,ERR,ERR,ERR,ERR,ERR,ERR,ERR,ERR,ERR,ERR,ERR,ERR,ERR,ERR,ERR,ERR,ERR,ERR,ERR,ERR,ERR,ERR,ERR,ERR,ERR,ERR,ERR,ERR,ERR,ERR,ERR,ERR,ERR,ERR,ERR,ERR,ERR,ERR,ERR,ERR,ERR,ERR,ERR,ERR,ERR,ERR,ERR,ERR,ERR,ERR,ERR,ERR,ERR,ERR,ERR,ERR,ERR,ERR,ERR,ERR,ERR,ERR,ERR,ERR,ERR,ERR,ERR,ERR,ERR,ERR,ERR,ERR,ERR,ERR,ERR,ERR,ERR,ERR,ERR,ERR,ERR,ERR,ERR,ERR,ERR,ERR,ERR,ERR,ERR,ERR,ERR,ERR,ERR,ERR,ERR,ERR,ERR,ERR,ERR,0.0,0.0,2.6474835549302285e+23,0.0,0.0,1.3936040501711995e+18,7.805,0.0,0,0,4,0,7116,0.0,100,0.0,0.0,0.0,0.0,0.0,0,0,0,0,0.0,0,0,0,0,0,0,0,0,0,0,0,0,0,0,0,0,0,0,0,0,0,0,0,0,0,0,0,0,0,0,0,0,0,31,40,40,71,65476,0,300,0,0,8,21553,0.0,-107605600.0,0.0,0.0,0.0,0.0,0.0,0.0,0.0,0.0,0.0,0.0,0.0,0.0,0.0,0.0,0.0,0.0,0.0,0.0,0.0,0.0,-2.004,2.004,-2.004,-2.004,0.0,0.0,0.0,0.0,4491.0,2.004,6920.0,0.0,0.0,0.0,2.718429120148166e+23,0.0,0.0,0.0,0.0,69,-0.059,-0.0,0.0,0.0,0.0,0.0,0.0,0.0,0.0,0,0,0,0.0,0.0,0.0,0.0,0.0,0.0,0.0,0.0,0.0,0.0,0.0,0.0,0.0,0.0,0.0,0.0,0,-107875648.0,69,0.0,138,0.0,2.6474777903227054e+23,0,13107,17086,26215,17101,26215,17081,0,0,0,70,68,100,2.7302399002429377e+23,82.1,0.0,78.0,0.0,79.0,1,49,50,180,0,26215,0,0,0.0,0.0,0.0,0.0,-0.0,67.0,0.0,162057.094,0.0,975,0,1002,0,0,0,951,0,1027,0,927,0,790,0,781,0,822,0,7520,0.032,9.56924848823683e+19,0.0,0.0,784,16797,-0.0,162057.094,-114818.039,-0.0,0.133,6.909358625270745e+28,30.0,70.0,35,0.0,0.0,0.0,0.0,0.0,0.0,0.0,0.0,0.0,0.0,0.0,0.0,0.0,0.0,0.0,0.0,66.4,0,150,71,52,65476,0,300,0,0,8,20529,65476,0,0,44564,70.0,0.0,0.0,0.0,0.0,0.0
2026-09-10T21:31:45,ERR,ERR,ERR,ERR,ERR,ERR,ERR,ERR,ERR,ERR,ERR,ERR,ERR,ERR,ERR,ERR,ERR,ERR,ERR,ERR,ERR,ERR,ERR,ERR,ERR,ERR,ERR,ERR,ERR,ERR,ERR,ERR,ERR,ERR,ERR,ERR,ERR,ERR,ERR,ERR,ERR,ERR,ERR,ERR,ERR,ERR,ERR,ERR,ERR,ERR,ERR,ERR,ERR,ERR,ERR,ERR,ERR,ERR,ERR,ERR,ERR,ERR,ERR,ERR,ERR,ERR,ERR,ERR,ERR,ERR,ERR,ERR,ERR,ERR,ERR,ERR,ERR,ERR,ERR,ERR,ERR,ERR,ERR,ERR,ERR,ERR,ERR,ERR,ERR,ERR,ERR,ERR,ERR,ERR,ERR,ERR,ERR,ERR,ERR,ERR,ERR,ERR,ERR,ERR,ERR,ERR,ERR,ERR,ERR,ERR,ERR,ERR,ERR,ERR,ERR,ERR,ERR,ERR,ERR,ERR,ERR,ERR,ERR,ERR,ERR,0.0,0.0,2.6474835549302285e+23,0.0,0.0,1.3936040501711995e+18,7.805,0.0,0,0,4,0,7116,0.0,100,0.0,0.0,0.0,0.0,0.0,0,0,0,0,0.0,0,0,0,0,0,0,0,0,0,0,0,0,0,0,0,0,0,0,0,0,0,0,0,0,0,0,0,0,0,0,0,0,0,31,40,40,71,65476,0,300,0,0,8,21553,0.0,-107605600.0,0.0,0.0,0.0,0.0,0.0,0.0,0.0,0.0,0.0,0.0,0.0,0.0,0.0,0.0,0.0,0.0,0.0,0.0,0.0,0.0,-2.004,2.004,-2.004,-2.004,0.0,0.0,0.0,0.0,4491.0,2.004,6920.0,0.0,0.0,0.0,2.718429120148166e+23,0.0,0.0,0.0,0.0,69,-0.059,-0.0,0.0,0.0,0.0,0.0,0.0,0.0,0.0,0,0,0,0.0,0.0,0.0,0.0,0.0,0.0,0.0,0.0,0.0,0.0,0.0,0.0,0.0,0.0,0.0,0.0,0,-107875648.0,69,0.0,138,0.0,2.6474777903227054e+23,0,13107,17086,26215,17101,26215,17081,0,0,0,70,68,100,2.7302399002429377e+23,82.1,0.0,78.0,0.0,79.0,1,49,50,180,0,26215,0,0,0.0,0.0,0.0,0.0,-0.0,67.0,0.0,162057.094,0.0,975,0,1002,0,0,0,951,0,1027,0,927,0,790,0,781,0,822,0,7520,0.032,9.511602413006488e+19,0.0,0.0,784,16797,-0.0,162057.094,-114818.039,-0.0,0.133,6.909358625270745e+28,30.0,70.0,35,0.0,0.0,0.0,0.0,0.0,0.0,0.0,0.0,0.0,0.0,0.0,0.0,0.0,0.0,0.0,0.0,66.4,0,150,71,52,65476,0,300,0,0,8,20529,65476,0,0,44564,70.0,0.0,0.0,0.0,0.0,0.0
2026-09-10T21:31:46,ERR,ERR,ERR,ERR,ERR,ERR,ERR,ERR,ERR,ERR,ERR,ERR,ERR,ERR,ERR,ERR,ERR,ERR,ERR,ERR,ERR,ERR,ERR,ERR,ERR,ERR,ERR,ERR,ERR,ERR,ERR,ERR,ERR,ERR,ERR,ERR,ERR,ERR,ERR,ERR,ERR,ERR,ERR,ERR,ERR,ERR,ERR,ERR,ERR,ERR,ERR,ERR,ERR,ERR,ERR,ERR,ERR,ERR,ERR,ERR,ERR,ERR,ERR,ERR,ERR,ERR,ERR,ERR,ERR,ERR,ERR,ERR,ERR,ERR,ERR,ERR,ERR,ERR,ERR,ERR,ERR,ERR,ERR,ERR,ERR,ERR,ERR,ERR,ERR,ERR,ERR,ERR,ERR,ERR,ERR,ERR,ERR,ERR,ERR,ERR,ERR,ERR,ERR,ERR,ERR,ERR,ERR,ERR,ERR,ERR,ERR,ERR,ERR,ERR,ERR,ERR,ERR,ERR,ERR,ERR,ERR,ERR,ERR,ERR,ERR,0.0,0.0,2.6474835549302285e+23,0.0,0.0,1.3936040501711995e+18,7.805,0.0,0,0,4,0,7116,0.0,100,0.0,0.0,0.0,0.0,0.0,0,0,0,0,0.0,0,0,0,0,0,0,0,0,0,0,0,0,0,0,0,0,0,0,0,0,0,0,0,0,0,0,0,0,0,0,0,0,0,31,40,40,71,65476,0,300,0,0,8,21553,0.0,-107605600.0,0.0,0.0,0.0,0.0,0.0,0.0,0.0,0.0,0.0,0.0,0.0,0.0,0.0,0.0,0.0,0.0,0.0,0.0,0.0,0.0,-2.004,2.004,-2.004,-2.004,0.0,0.0,0.0,0.0,4491.0,2.004,6920.0,0.0,0.0,0.0,2.718429120148166e+23,0.0,0.0,0.0,0.0,69,-0.059,-0.0,0.0,0.0,0.0,0.0,0.0,0.0,0.0,0,0,0,0.0,0.0,0.0,0.0,0.0,0.0,0.0,0.0,0.0,0.0,0.0,0.0,0.0,0.0,0.0,0.0,0,-107875648.0,69,0.0,138,0.0,2.6474777903227054e+23,0,13107,17086,26215,17101,26215,17081,0,0,0,70,68,100,2.7302399002429377e+23,82.1,0.0,78.0,0.0,79.0,1,49,50,180,0,26215,0,0,0.0,0.0,0.0,0.0,-0.0,67.0,0.0,162057.094,0.0,975,0,1002,0,0,0,951,0,1027,0,927,0,790,0,781,0,822,0,7520,0.032,9.511602413006488e+19,0.0,0.0,784,16797,-0.0,162057.094,-114818.039,-0.0,0.133,6.909358625270745e+28,30.0,70.0,35,0.0,0.0,0.0,0.0,0.0,0.0,0.0,0.0,0.0,0.0,0.0,0.0,0.0,0.0,0.0,0.0,66.4,0,150,71,52,65476,0,300,0,0,8,20529,65476,0,0,44564,70.0,0.0,0.0,0.0,0.0,0.0
2026-09-10T21:31:47,ERR,ERR,ERR,ERR,ERR,ERR,ERR,ERR,ERR,ERR,ERR,ERR,ERR,ERR,ERR,ERR,ERR,ERR,ERR,ERR,ERR,ERR,ERR,ERR,ERR,ERR,ERR,ERR,ERR,ERR,ERR,ERR,ERR,ERR,ERR,ERR,ERR,ERR,ERR,ERR,ERR,ERR,ERR,ERR,ERR,ERR,ERR,ERR,ERR,ERR,ERR,ERR,ERR,ERR,ERR,ERR,ERR,ERR,ERR,ERR,ERR,ERR,ERR,ERR,ERR,ERR,ERR,ERR,ERR,ERR,ERR,ERR,ERR,ERR,ERR,ERR,ERR,ERR,ERR,ERR,ERR,ERR,ERR,ERR,ERR,ERR,ERR,ERR,ERR,ERR,ERR,ERR,ERR,ERR,ERR,ERR,ERR,ERR,ERR,ERR,ERR,ERR,ERR,ERR,ERR,ERR,ERR,ERR,ERR,ERR,ERR,ERR,ERR,ERR,ERR,ERR,ERR,ERR,ERR,ERR,ERR,ERR,ERR,ERR,ERR,0.0,0.0,2.6474835549302285e+23,0.0,0.0,1.3936040501711995e+18,7.805,0.0,0,0,4,0,7116,0.0,100,0.0,0.0,0.0,0.0,0.0,0,0,0,0,0.0,0,0,0,0,0,0,0,0,0,0,0,0,0,0,0,0,0,0,0,0,0,0,0,0,0,0,0,0,0,0,0,0,0,31,40,40,71,65476,0,300,0,0,8,21553,0.0,-107605600.0,0.0,0.0,0.0,0.0,0.0,0.0,0.0,0.0,0.0,0.0,0.0,0.0,0.0,0.0,0.0,0.0,0.0,0.0,0.0,0.0,-2.004,2.004,-2.004,-2.004,0.0,0.0,0.0,0.0,4491.0,1.5879263307997272e+29,6926.0,0.0,0.0,-0.0,2.718429120148166e+23,0.0,0.0,0.0,0.0,69,-1.905698635870372e+17,-71.629,0.0,0.0,0.0,0.0,0.0,0.0,0.0,0,0,0,0.0,0.0,0.0,0.0,0.0,0.0,0.0,0.0,0.0,0.0,0.0,0.0,0.0,0.0,0.0,0.0,0,-107875648.0,69,0.0,138,0.0,2.6474777903227054e+23,0,13107,17086,26215,17101,26215,17081,0,0,0,70,68,100,2.7302399002429377e+23,82.1,0.0,78.0,0.0,79.0,1,49,50,180,0,26215,0,0,0.0,0.0,0.0,0.0,-0.0,67.0,0.0,162057.094,0.0,975,0,1002,0,0,0,951,0,1027,0,927,0,790,0,781,0,822,0,7520,0.032,9.511602413006488e+19,0.0,0.0,784,16797,-0.0,162057.094,-114818.039,-0.0,0.133,6.909358625270745e+28,30.0,70.0,35,0.0,0.0,0.0,0.0,0.0,0.0,0.0,0.0,0.0,0.0,0.0,0.0,0.0,0.0,0.0,0.0,66.4,0,150,71,52,65476,0,300,0,0,8,20529,65476,0,0,44564,70.0,0.0,0.0,0.0,0.0,0.0
2026-09-10T21:31:48,ERR,ERR,ERR,ERR,ERR,ERR,ERR,ERR,ERR,ERR,ERR,ERR,ERR,ERR,ERR,ERR,ERR,ERR,ERR,ERR,ERR,ERR,ERR,ERR,ERR,ERR,ERR,ERR,ERR,ERR,ERR,ERR,ERR,ERR,ERR,ERR,ERR,ERR,ERR,ERR,ERR,ERR,ERR,ERR,ERR,ERR,ERR,ERR,ERR,ERR,ERR,ERR,ERR,ERR,ERR,ERR,ERR,ERR,ERR,ERR,ERR,ERR,ERR,ERR,ERR,ERR,ERR,ERR,ERR,ERR,ERR,ERR,ERR,ERR,ERR,ERR,ERR,ERR,ERR,ERR,ERR,ERR,ERR,ERR,ERR,ERR,ERR,ERR,ERR,ERR,ERR,ERR,ERR,ERR,ERR,ERR,ERR,ERR,ERR,ERR,ERR,ERR,ERR,ERR,ERR,ERR,ERR,ERR,ERR,ERR,ERR,ERR,ERR,ERR,ERR,ERR,ERR,ERR,ERR,ERR,ERR,ERR,ERR,ERR,ERR,0.0,0.0,2.6474835549302285e+23,0.0,0.0,1.3936040501711995e+18,7.805,0.0,0,0,4,0,7116,0.0,100,0.0,0.0,0.0,0.0,0.0,0,0,0,0,0.0,0,0,0,0,0,0,0,0,0,0,0,0,0,0,0,0,0,0,0,0,0,0,0,0,0,0,0,0,0,0,0,0,0,31,40,40,71,65476,0,300,0,0,8,21553,0.0,-107605600.0,0.0,0.0,0.0,0.0,0.0,0.0,0.0,0.0,0.0,0.0,0.0,0.0,0.0,0.0,0.0,0.0,0.0,0.0,0.0,0.0,-2.004,2.004,-2.004,-2.004,0.0,0.0,0.0,0.0,4491.0,1.5879263307997272e+29,6926.0,0.0,0.0,-0.0,2.718429120148166e+23,0.0,0.0,0.0,0.0,69,-1.905698635870372e+17,-71.629,0.0,0.0,0.0,0.0,0.0,0.0,0.0,0,0,0,0.0,0.0,0.0,0.0,0.0,0.0,0.0,0.0,0.0,0.0,0.0,0.0,0.0,0.0,0.0,0.0,0,-107875648.0,69,0.0,138,0.0,2.6474777903227054e+23,0,13107,17086,26215,17101,26215,17081,0,0,0,70,68,100,2.7302399002429377e+23,82.1,0.0,78.0,0.0,79.0,1,49,50,180,0,26215,0,0,0.0,0.0,0.0,0.0,-0.0,67.0,0.0,162057.094,0.0,975,0,1002,0,0,0,951,0,1027,0,927,0,790,0,781,0,822,0,7520,0.032,9.511602413006488e+19,0.0,0.0,784,16797,-0.0,162057.094,-114818.039,-0.0,0.133,6.909358625270745e+28,30.0,70.0,35,0.0,0.0,0.0,0.0,0.0,0.0,0.0,0.0,0.0,0.0,0.0,0.0,0.0,0.0,0.0,0.0,66.4,0,150,71,52,65476,0,300,0,0,8,20529,65476,0,0,44564,70.0,0.0,0.0,0.0,0.0,0.0
2026-09-10T21:31:49,ERR,ERR,ERR,ERR,ERR,ERR,ERR,ERR,ERR,ERR,ERR,ERR,ERR,ERR,ERR,ERR,ERR,ERR,ERR,ERR,ERR,ERR,ERR,ERR,ERR,ERR,ERR,ERR,ERR,ERR,ERR,ERR,ERR,ERR,ERR,ERR,ERR,ERR,ERR,ERR,ERR,ERR,ERR,ERR,ERR,ERR,ERR,ERR,ERR,ERR,ERR,ERR,ERR,ERR,ERR,ERR,ERR,ERR,ERR,ERR,ERR,ERR,ERR,ERR,ERR,ERR,ERR,ERR,ERR,ERR,ERR,ERR,ERR,ERR,ERR,ERR,ERR,ERR,ERR,ERR,ERR,ERR,ERR,ERR,ERR,ERR,ERR,ERR,ERR,ERR,ERR,ERR,ERR,ERR,ERR,ERR,ERR,ERR,ERR,ERR,ERR,ERR,ERR,ERR,ERR,ERR,ERR,ERR,ERR,ERR,ERR,ERR,ERR,ERR,ERR,ERR,ERR,ERR,ERR,ERR,ERR,ERR,ERR,ERR,ERR,0.0,0.0,2.6474835549302285e+23,0.0,0.0,1.3936040501711995e+18,7.805,0.0,0,0,4,0,7116,0.0,100,0.0,0.0,0.0,0.0,0.0,0,0,0,0,0.0,0,0,0,0,0,0,0,0,0,0,0,0,0,0,0,0,0,0,0,0,0,0,0,0,0,0,0,0,0,0,0,0,0,31,40,40,71,65476,0,300,0,0,8,21553,0.0,-107605600.0,0.0,0.0,0.0,0.0,0.0,0.0,0.0,0.0,0.0,0.0,0.0,0.0,0.0,0.0,0.0,0.0,0.0,0.0,0.0,0.0,-2.004,2.004,-2.004,-2.004,0.0,0.0,0.0,0.0,4491.0,1.5879263307997272e+29,6926.0,0.0,0.0,-0.0,2.718429120148166e+23,0.0,0.0,0.0,0.0,69,-1.905698635870372e+17,-71.629,0.0,0.0,0.0,0.0,0.0,0.0,0.0,0,0,0,0.0,0.0,0.0,0.0,0.0,0.0,0.0,0.0,0.0,0.0,0.0,0.0,0.0,0.0,0.0,0.0,0,-107875648.0,69,0.0,138,0.0,2.6474777903227054e+23,0,13107,17086,26215,17101,26215,17081,0,0,0,70,68,100,2.7302399002429377e+23,82.1,0.0,78.0,0.0,79.0,1,49,50,180,0,26215,0,0,0.0,0.0,0.0,0.0,-0.0,67.0,0.0,162057.094,0.0,975,0,1002,0,0,0,951,0,1027,0,927,0,790,0,781,0,822,0,7520,0.032,9.511602413006488e+19,0.0,0.0,784,16797,-0.0,162057.094,-114818.039,-0.0,0.133,6.909358625270745e+28,30.0,70.0,35,0.0,0.0,0.0,0.0,0.0,0.0,0.0,0.0,0.0,0.0,0.0,0.0,0.0,0.0,0.0,0.0,66.4,0,150,71,52,65476,0,300,0,0,8,20529,65476,0,0,44564,70.0,0.0,0.0,0.0,0.0,0.0
2026-09-10T21:31:50,ERR,ERR,ERR,ERR,ERR,ERR,ERR,ERR,ERR,ERR,ERR,ERR,ERR,ERR,ERR,ERR,ERR,ERR,ERR,ERR,ERR,ERR,ERR,ERR,ERR,ERR,ERR,ERR,ERR,ERR,ERR,ERR,ERR,ERR,ERR,ERR,ERR,ERR,ERR,ERR,ERR,ERR,ERR,ERR,ERR,ERR,ERR,ERR,ERR,ERR,ERR,ERR,ERR,ERR,ERR,ERR,ERR,ERR,ERR,ERR,ERR,ERR,ERR,ERR,ERR,ERR,ERR,ERR,ERR,ERR,ERR,ERR,ERR,ERR,ERR,ERR,ERR,ERR,ERR,ERR,ERR,ERR,ERR,ERR,ERR,ERR,ERR,ERR,ERR,ERR,ERR,ERR,ERR,ERR,ERR,ERR,ERR,ERR,ERR,ERR,ERR,ERR,ERR,ERR,ERR,ERR,ERR,ERR,ERR,ERR,ERR,ERR,ERR,ERR,ERR,ERR,ERR,ERR,ERR,ERR,ERR,ERR,ERR,ERR,ERR,0.0,0.0,2.6474835549302285e+23,0.0,0.0,1.3936040501711995e+18,7.805,0.0,0,0,4,0,7116,0.0,100,0.0,0.0,0.0,0.0,0.0,0,0,0,0,0.0,0,0,0,0,0,0,0,0,0,0,0,0,0,0,0,0,0,0,0,0,0,0,0,0,0,0,0,0,0,0,0,0,0,31,40,40,71,65476,0,300,0,0,8,21553,0.0,-107605600.0,0.0,0.0,0.0,0.0,0.0,0.0,0.0,0.0,0.0,0.0,0.0,0.0,0.0,0.0,0.0,0.0,0.0,0.0,0.0,0.0,-2.004,2.004,-2.004,-2.004,0.0,0.0,0.0,0.0,4491.0,1.5879263307997272e+29,6926.0,0.0,0.0,-0.0,2.718429120148166e+23,0.0,0.0,0.0,0.0,69,-1.905698635870372e+17,-71.629,0.0,0.0,0.0,0.0,0.0,0.0,0.0,0,0,0,0.0,0.0,0.0,0.0,0.0,0.0,0.0,0.0,0.0,0.0,0.0,0.0,0.0,0.0,0.0,0.0,0,-107875648.0,69,0.0,138,0.0,2.6474777903227054e+23,0,13107,17086,26215,17101,26215,17081,0,0,0,70,68,100,2.7302399002429377e+23,82.1,0.0,78.0,0.0,79.0,1,49,50,180,0,26215,0,0,0.0,0.0,0.0,0.0,-0.0,67.0,0.0,162057.094,0.0,975,0,1002,0,0,0,951,0,1027,0,927,0,790,0,781,0,822,0,7520,0.032,9.511602413006488e+19,0.0,0.0,784,16797,-0.0,162057.094,-114818.039,-0.0,0.133,6.909358625270745e+28,30.0,70.0,35,0.0,0.0,0.0,0.0,0.0,0.0,0.0,0.0,0.0,0.0,0.0,0.0,0.0,0.0,0.0,0.0,66.4,0,150,71,52,65476,0,300,0,0,8,20529,65476,0,0,44564,70.0,0.0,0.0,0.0,0.0,0.0
2026-09-10T21:31:51,ERR,ERR,ERR,ERR,ERR,ERR,ERR,ERR,ERR,ERR,ERR,ERR,ERR,ERR,ERR,ERR,ERR,ERR,ERR,ERR,ERR,ERR,ERR,ERR,ERR,ERR,ERR,ERR,ERR,ERR,ERR,ERR,ERR,ERR,ERR,ERR,ERR,ERR,ERR,ERR,ERR,ERR,ERR,ERR,ERR,ERR,ERR,ERR,ERR,ERR,ERR,ERR,ERR,ERR,ERR,ERR,ERR,ERR,ERR,ERR,ERR,ERR,ERR,ERR,ERR,ERR,ERR,ERR,ERR,ERR,ERR,ERR,ERR,ERR,ERR,ERR,ERR,ERR,ERR,ERR,ERR,ERR,ERR,ERR,ERR,ERR,ERR,ERR,ERR,ERR,ERR,ERR,ERR,ERR,ERR,ERR,ERR,ERR,ERR,ERR,ERR,ERR,ERR,ERR,ERR,ERR,ERR,ERR,ERR,ERR,ERR,ERR,ERR,ERR,ERR,ERR,ERR,ERR,ERR,ERR,ERR,ERR,ERR,ERR,ERR,0.0,0.0,2.6474835549302285e+23,0.0,0.0,1.3936040501711995e+18,7.805,0.0,0,0,4,0,7116,0.0,100,0.0,0.0,0.0,0.0,0.0,0,0,0,0,0.0,0,0,0,0,0,0,0,0,0,0,0,0,0,0,0,0,0,0,0,0,0,0,0,0,0,0,0,0,0,0,0,0,0,31,40,40,71,65476,0,300,0,0,8,21553,0.0,-107605600.0,0.0,0.0,0.0,0.0,0.0,0.0,0.0,0.0,0.0,0.0,0.0,0.0,0.0,0.0,0.0,0.0,0.0,0.0,0.0,0.0,-2.004,2.004,-2.004,-2.004,0.0,0.0,0.0,0.0,4491.0,1.5879263307997272e+29,6926.0,0.0,0.0,-0.0,2.718429120148166e+23,0.0,0.0,0.0,0.0,69,-1.905698635870372e+17,-71.629,0.0,0.0,0.0,0.0,0.0,0.0,0.0,0,0,0,0.0,0.0,0.0,0.0,0.0,0.0,0.0,0.0,0.0,0.0,0.0,0.0,0.0,0.0,0.0,0.0,0,-107875648.0,69,0.0,138,0.0,2.6474777903227054e+23,0,13107,17086,26215,17101,26215,17081,0,0,0,70,68,100,2.7302399002429377e+23,82.1,0.0,78.0,0.0,79.0,1,49,50,180,0,26215,0,0,0.0,0.0,0.0,0.0,-0.0,67.0,0.0,162057.094,0.0,975,0,1002,0,0,0,951,0,1027,0,927,0,790,0,781,0,822,0,7520,0.032,9.684540638697515e+19,0.0,0.0,784,16797,-0.0,162057.094,-114818.039,-0.0,0.133,6.909358625270745e+28,30.0,70.0,35,0.0,0.0,0.0,0.0,0.0,0.0,0.0,0.0,0.0,0.0,0.0,0.0,0.0,0.0,0.0,0.0,66.4,0,150,71,52,65476,0,300,0,0,8,20529,65476,0,0,44564,70.0,0.0,0.0,0.0,0.0,0.0
2026-09-10T21:31:52,ERR,ERR,ERR,ERR,ERR,ERR,ERR,ERR,ERR,ERR,ERR,ERR,ERR,ERR,ERR,ERR,ERR,ERR,ERR,ERR,ERR,ERR,ERR,ERR,ERR,ERR,ERR,ERR,ERR,ERR,ERR,ERR,ERR,ERR,ERR,ERR,ERR,ERR,ERR,ERR,ERR,ERR,ERR,ERR,ERR,ERR,ERR,ERR,ERR,ERR,ERR,ERR,ERR,ERR,ERR,ERR,ERR,ERR,ERR,ERR,ERR,ERR,ERR,ERR,ERR,ERR,ERR,ERR,ERR,ERR,ERR,ERR,ERR,ERR,ERR,ERR,ERR,ERR,ERR,ERR,ERR,ERR,ERR,ERR,ERR,ERR,ERR,ERR,ERR,ERR,ERR,ERR,ERR,ERR,ERR,ERR,ERR,ERR,ERR,ERR,ERR,ERR,ERR,ERR,ERR,ERR,ERR,ERR,ERR,ERR,ERR,ERR,ERR,ERR,ERR,ERR,ERR,ERR,ERR,ERR,ERR,ERR,ERR,ERR,ERR,0.0,0.0,2.6474835549302285e+23,0.0,0.0,1.3936040501711995e+18,7.805,0.0,0,0,4,0,7116,0.0,100,0.0,0.0,0.0,0.0,0.0,0,0,0,0,0.0,0,0,0,0,0,0,0,0,0,0,0,0,0,0,0,0,0,0,0,0,0,0,0,0,0,0,0,0,0,0,0,0,0,31,40,40,71,65476,0,300,0,0,8,21553,0.0,-107605600.0,0.0,0.0,0.0,0.0,0.0,0.0,0.0,0.0,0.0,0.0,0.0,0.0,0.0,0.0,0.0,0.0,0.0,0.0,0.0,0.0,-2.004,2.004,-2.004,-2.004,0.0,0.0,0.0,0.0,4491.0,1.5879263307997272e+29,6926.0,0.0,0.0,-0.0,2.718429120148166e+23,0.0,0.0,0.0,0.0,69,-1.905698635870372e+17,-71.629,0.0,0.0,0.0,0.0,0.0,0.0,0.0,0,0,0,0.0,0.0,0.0,0.0,0.0,0.0,0.0,0.0,0.0,0.0,0.0,0.0,0.0,0.0,0.0,0.0,0,-107875648.0,69,0.0,138,0.0,2.6474777903227054e+23,0,13107,17086,26215,17101,26215,17081,0,0,0,70,68,100,2.7302399002429377e+23,82.1,0.0,78.0,0.0,79.0,1,49,50,180,0,26215,0,0,0.0,0.0,0.0,0.0,-0.0,67.0,0.0,162057.094,0.0,975,0,1002,0,0,0,951,0,1027,0,927,0,790,0,781,0,822,0,7520,0.032,9.684540638697515e+19,0.0,0.0,784,16797,-0.0,162057.094,-114818.039,-0.0,0.133,6.909358625270745e+28,30.0,70.0,35,0.0,0.0,0.0,0.0,0.0,0.0,0.0,0.0,0.0,0.0,0.0,0.0,0.0,0.0,0.0,0.0,66.4,0,150,71,52,65476,0,300,0,0,8,20529,65476,0,0,44564,70.0,0.0,0.0,0.0,0.0,0.0
2026-09-10T21:31:53,ERR,ERR,ERR,ERR,ERR,ERR,ERR,ERR,ERR,ERR,ERR,ERR,ERR,ERR,ERR,ERR,ERR,ERR,ERR,ERR,ERR,ERR,ERR,ERR,ERR,ERR,ERR,ERR,ERR,ERR,ERR,ERR,ERR,ERR,ERR,ERR,ERR,ERR,ERR,ERR,ERR,ERR,ERR,ERR,ERR,ERR,ERR,ERR,ERR,ERR,ERR,ERR,ERR,ERR,ERR,ERR,ERR,ERR,ERR,ERR,ERR,ERR,ERR,ERR,ERR,ERR,ERR,ERR,ERR,ERR,ERR,ERR,ERR,ERR,ERR,ERR,ERR,ERR,ERR,ERR,ERR,ERR,ERR,ERR,ERR,ERR,ERR,ERR,ERR,ERR,ERR,ERR,ERR,ERR,ERR,ERR,ERR,ERR,ERR,ERR,ERR,ERR,ERR,ERR,ERR,ERR,ERR,ERR,ERR,ERR,ERR,ERR,ERR,ERR,ERR,ERR,ERR,ERR,ERR,ERR,ERR,ERR,ERR,ERR,ERR,0.0,0.0,2.6474835549302285e+23,0.0,0.0,1.3936040501711995e+18,7.805,0.0,0,0,4,0,7116,0.0,100,0.0,0.0,0.0,0.0,0.0,0,0,0,0,0.0,0,0,0,0,0,0,0,0,0,0,0,0,0,0,0,0,0,0,0,0,0,0,0,0,0,0,0,0,0,0,0,0,0,31,40,40,71,65476,0,300,0,0,8,21553,0.0,-107605600.0,0.0,0.0,0.0,0.0,0.0,0.0,0.0,0.0,0.0,0.0,0.0,0.0,0.0,0.0,0.0,0.0,0.0,0.0,0.0,0.0,-2.004,2.004,-2.004,-2.004,0.0,0.0,0.0,0.0,4491.0,1.5879263307997272e+29,6926.0,0.0,0.0,-0.0,2.718429120148166e+23,0.0,0.0,0.0,0.0,69,-1.905698635870372e+17,-71.629,0.0,0.0,0.0,0.0,0.0,0.0,0.0,0,0,0,0.0,0.0,0.0,0.0,0.0,0.0,0.0,0.0,0.0,0.0,0.0,0.0,0.0,0.0,0.0,0.0,0,-107875648.0,69,0.0,138,0.0,2.6474777903227054e+23,0,13107,17086,26215,17101,26215,17081,0,0,0,70,68,100,2.7302399002429377e+23,82.1,0.0,78.0,0.0,79.0,1,49,50,180,0,26215,0,0,0.0,0.0,0.0,0.0,-0.0,67.0,0.0,162057.094,0.0,975,0,1002,0,0,0,951,0,1027,0,927,0,790,0,781,0,822,0,7520,0.032,9.684540638697515e+19,0.0,0.0,784,16797,-0.0,162057.094,-114818.039,-0.0,0.133,6.909358625270745e+28,30.0,70.0,35,0.0,0.0,0.0,0.0,0.0,0.0,0.0,0.0,0.0,0.0,0.0,0.0,0.0,0.0,0.0,0.0,66.4,0,150,71,52,65476,0,300,0,0,8,20529,65476,0,0,44564,70.0,0.0,0.0,0.0,0.0,0.0
2026-09-10T21:31:54,ERR,ERR,ERR,ERR,ERR,ERR,ERR,ERR,ERR,ERR,ERR,ERR,ERR,ERR,ERR,ERR,ERR,ERR,ERR,ERR,ERR,ERR,ERR,ERR,ERR,ERR,ERR,ERR,ERR,ERR,ERR,ERR,ERR,ERR,ERR,ERR,ERR,ERR,ERR,ERR,ERR,ERR,ERR,ERR,ERR,ERR,ERR,ERR,ERR,ERR,ERR,ERR,ERR,ERR,ERR,ERR,ERR,ERR,ERR,ERR,ERR,ERR,ERR,ERR,ERR,ERR,ERR,ERR,ERR,ERR,ERR,ERR,ERR,ERR,ERR,ERR,ERR,ERR,ERR,ERR,ERR,ERR,ERR,ERR,ERR,ERR,ERR,ERR,ERR,ERR,ERR,ERR,ERR,ERR,ERR,ERR,ERR,ERR,ERR,ERR,ERR,ERR,ERR,ERR,ERR,ERR,ERR,ERR,ERR,ERR,ERR,ERR,ERR,ERR,ERR,ERR,ERR,ERR,ERR,ERR,ERR,ERR,ERR,ERR,ERR,0.0,0.0,2.6474835549302285e+23,0.0,0.0,1.3936040501711995e+18,7.805,0.0,0,0,4,0,7116,0.0,100,0.0,0.0,0.0,0.0,0.0,0,0,0,0,0.0,0,0,0,0,0,0,0,0,0,0,0,0,0,0,0,0,0,0,0,0,0,0,0,0,0,0,0,0,0,0,0,0,0,31,40,40,71,65476,0,300,0,0,8,21553,0.0,-107605600.0,0.0,0.0,0.0,0.0,0.0,0.0,0.0,0.0,0.0,0.0,0.0,0.0,0.0,0.0,0.0,0.0,0.0,0.0,0.0,0.0,-2.004,2.004,-2.004,-2.004,0.0,0.0,0.0,0.0,4491.0,1.5879263307997272e+29,6926.0,0.0,0.0,-0.0,2.718429120148166e+23,0.0,0.0,0.0,0.0,69,-1.905698635870372e+17,-71.629,0.0,0.0,0.0,0.0,0.0,0.0,0.0,0,0,0,0.0,0.0,0.0,0.0,0.0,0.0,0.0,0.0,0.0,0.0,0.0,0.0,0.0,0.0,0.0,0.0,0,-107875648.0,69,0.0,138,0.0,2.6474777903227054e+23,0,13107,17086,26215,17101,26215,17081,0,0,0,70,68,100,2.7302399002429377e+23,82.1,0.0,78.0,0.0,79.0,1,49,50,180,0,26215,0,0,0.0,0.0,0.0,0.0,-0.0,67.0,0.0,162057.094,0.0,975,0,1002,0,0,0,951,0,1027,0,927,0,790,0,781,0,822,0,7520,0.032,9.684540638697515e+19,0.0,0.0,784,16797,-0.0,162057.094,-114818.039,-0.0,0.133,6.909358625270745e+28,30.0,70.0,35,0.0,0.0,0.0,0.0,0.0,0.0,0.0,0.0,0.0,0.0,0.0,0.0,0.0,0.0,0.0,0.0,66.4,0,150,71,52,65476,0,300,0,0,8,20529,65476,0,0,44564,70.0,0.0,0.0,0.0,0.0,0.0
2026-09-10T21:31:55,ERR,ERR,ERR,ERR,ERR,ERR,ERR,ERR,ERR,ERR,ERR,ERR,ERR,ERR,ERR,ERR,ERR,ERR,ERR,ERR,ERR,ERR,ERR,ERR,ERR,ERR,ERR,ERR,ERR,ERR,ERR,ERR,ERR,ERR,ERR,ERR,ERR,ERR,ERR,ERR,ERR,ERR,ERR,ERR,ERR,ERR,ERR,ERR,ERR,ERR,ERR,ERR,ERR,ERR,ERR,ERR,ERR,ERR,ERR,ERR,ERR,ERR,ERR,ERR,ERR,ERR,ERR,ERR,ERR,ERR,ERR,ERR,ERR,ERR,ERR,ERR,ERR,ERR,ERR,ERR,ERR,ERR,ERR,ERR,ERR,ERR,ERR,ERR,ERR,ERR,ERR,ERR,ERR,ERR,ERR,ERR,ERR,ERR,ERR,ERR,ERR,ERR,ERR,ERR,ERR,ERR,ERR,ERR,ERR,ERR,ERR,ERR,ERR,ERR,ERR,ERR,ERR,ERR,ERR,ERR,ERR,ERR,ERR,ERR,ERR,-107615312.0,0.0,-100794720.0,0.0,0.0,1.3936040501711995e+18,7.805,0.0,0,0,4,0,7116,0.0,100,0.0,0.0,0.0,0.0,0.0,0,0,0,0,0.0,0,0,0,0,0,0,0,0,0,0,0,0,0,0,0,0,0,0,0,0,0,0,0,0,0,0,0,0,0,0,0,0,0,31,40,40,71,65476,0,300,0,0,8,21553,0.0,-107605600.0,0.0,0.0,0.0,0.0,0.0,0.0,0.0,0.0,0.0,0.0,0.0,0.0,0.0,0.0,0.0,0.0,0.0,0.0,0.0,0.0,-2.004,2.004,-2.004,-2.004,0.0,0.0,0.0,0.0,4491.0,564144759635968.0,6923.0,0.0,0.0,-0.0,2.718429120148166e+23,0.0,0.0,0.0,0.0,69,-89221.141,-0.0,0.0,0.0,0.0,0.0,0.0,0.0,0.0,0,0,0,0.0,0.0,0.0,0.0,0.0,0.0,0.0,0.0,0.0,0.0,0.0,0.0,0.0,0.0,0.0,0.0,0,-107875648.0,69,0.0,138,0.0,2.6474777903227054e+23,0,13107,17086,26215,17101,26215,17081,0,0,0,70,68,100,2.7302399002429377e+23,82.1,0.0,78.0,0.0,79.0,1,49,50,180,0,26215,0,0,0.0,0.0,0.0,0.0,-0.0,67.0,0.0,162057.094,0.0,975,0,1002,0,0,0,951,0,1027,0,927,0,790,0,781,0,822,0,7520,0.032,9.684540638697515e+19,0.0,0.0,784,16797,-0.0,162057.094,-114818.039,-0.0,0.133,6.909358625270745e+28,30.0,70.0,35,0.0,0.0,0.0,0.0,0.0,0.0,0.0,0.0,0.0,0.0,0.0,0.0,0.0,0.0,0.0,0.0,66.4,0,150,71,52,65476,0,300,0,0,8,20529,65476,0,0,44564,70.0,0.0,0.0,0.0,0.0,0.0
2026-09-10T21:31:56,ERR,ERR,ERR,ERR,ERR,ERR,ERR,ERR,ERR,ERR,ERR,ERR,ERR,ERR,ERR,ERR,ERR,ERR,ERR,ERR,ERR,ERR,ERR,ERR,ERR,ERR,ERR,ERR,ERR,ERR,ERR,ERR,ERR,ERR,ERR,ERR,ERR,ERR,ERR,ERR,ERR,ERR,ERR,ERR,ERR,ERR,ERR,ERR,ERR,ERR,ERR,ERR,ERR,ERR,ERR,ERR,ERR,ERR,ERR,ERR,ERR,ERR,ERR,ERR,ERR,ERR,ERR,ERR,ERR,ERR,ERR,ERR,ERR,ERR,ERR,ERR,ERR,ERR,ERR,ERR,ERR,ERR,ERR,ERR,ERR,ERR,ERR,ERR,ERR,ERR,ERR,ERR,ERR,ERR,ERR,ERR,ERR,ERR,ERR,ERR,ERR,ERR,ERR,ERR,ERR,ERR,ERR,ERR,ERR,ERR,ERR,ERR,ERR,ERR,ERR,ERR,ERR,ERR,ERR,ERR,ERR,ERR,ERR,ERR,ERR,-107615312.0,0.0,-100794720.0,0.0,0.0,1.3936040501711995e+18,7.805,0.0,0,0,4,0,7116,0.0,100,0.0,0.0,0.0,0.0,0.0,0,0,0,0,0.0,0,0,0,0,0,0,0,0,0,0,0,0,0,0,0,0,0,0,0,0,0,0,0,0,0,0,0,0,0,0,0,0,0,31,40,40,71,65476,0,300,0,0,8,21553,0.0,-107605600.0,0.0,0.0,0.0,0.0,0.0,0.0,0.0,0.0,0.0,0.0,0.0,0.0,0.0,0.0,0.0,0.0,0.0,0.0,0.0,0.0,-2.004,2.004,-2.004,-2.004,0.0,0.0,0.0,0.0,4491.0,564144759635968.0,6923.0,0.0,0.0,-0.0,2.718429120148166e+23,0.0,0.0,0.0,0.0,69,-89221.141,-0.0,0.0,0.0,0.0,0.0,0.0,0.0,0.0,0,0,0,0.0,0.0,0.0,0.0,0.0,0.0,0.0,0.0,0.0,0.0,0.0,0.0,0.0,0.0,0.0,0.0,0,-107875648.0,69,0.0,138,0.0,2.6474777903227054e+23,0,13107,17086,26215,17101,26215,17081,0,0,0,70,68,100,2.7302399002429377e+23,82.1,0.0,78.0,0.0,79.0,1,49,50,180,0,26215,0,0,0.0,0.0,0.0,0.0,-0.0,67.0,0.0,162057.094,0.0,975,0,1002,0,0,0,951,0,1027,0,927,0,790,0,781,0,822,0,7520,0.032,9.684540638697515e+19,0.0,0.0,784,16797,-0.0,162057.094,-114818.039,-0.0,0.133,6.909358625270745e+28,30.0,70.0,35,0.0,0.0,0.0,0.0,0.0,0.0,0.0,0.0,0.0,0.0,0.0,0.0,0.0,0.0,0.0,0.0,66.4,0,150,71,52,65476,0,300,0,0,8,20529,65476,0,0,44564,70.0,0.0,0.0,0.0,0.0,0.0
2026-09-10T21:31:57,ERR,ERR,ERR,ERR,ERR,ERR,ERR,ERR,ERR,ERR,ERR,ERR,ERR,ERR,ERR,ERR,ERR,ERR,ERR,ERR,ERR,ERR,ERR,ERR,ERR,ERR,ERR,ERR,ERR,ERR,ERR,ERR,ERR,ERR,ERR,ERR,ERR,ERR,ERR,ERR,ERR,ERR,ERR,ERR,ERR,ERR,ERR,ERR,ERR,ERR,ERR,ERR,ERR,ERR,ERR,ERR,ERR,ERR,ERR,ERR,ERR,ERR,ERR,ERR,ERR,ERR,ERR,ERR,ERR,ERR,ERR,ERR,ERR,ERR,ERR,ERR,ERR,ERR,ERR,ERR,ERR,ERR,ERR,ERR,ERR,ERR,ERR,ERR,ERR,ERR,ERR,ERR,ERR,ERR,ERR,ERR,ERR,ERR,ERR,ERR,ERR,ERR,ERR,ERR,ERR,ERR,ERR,ERR,ERR,ERR,ERR,ERR,ERR,ERR,ERR,ERR,ERR,ERR,ERR,ERR,ERR,ERR,ERR,ERR,ERR,-107615312.0,0.0,-100794720.0,0.0,0.0,1.3936040501711995e+18,7.805,0.0,0,0,4,0,7116,0.0,100,0.0,0.0,0.0,0.0,0.0,0,0,0,0,0.0,0,0,0,0,0,0,0,0,0,0,0,0,0,0,0,0,0,0,0,0,0,0,0,0,0,0,0,0,0,0,0,0,0,31,40,40,71,65476,0,300,0,0,8,21553,0.0,-107605600.0,0.0,0.0,0.0,0.0,0.0,0.0,0.0,0.0,0.0,0.0,0.0,0.0,0.0,0.0,0.0,0.0,0.0,0.0,0.0,0.0,-2.004,2.004,-2.004,-2.004,0.0,0.0,0.0,0.0,4491.0,564144759635968.0,6923.0,0.0,0.0,-0.0,2.718429120148166e+23,0.0,0.0,0.0,0.0,69,-89221.141,-0.0,0.0,0.0,0.0,0.0,0.0,0.0,0.0,0,0,0,0.0,0.0,0.0,0.0,0.0,0.0,0.0,0.0,0.0,0.0,0.0,0.0,0.0,0.0,0.0,0.0,0,-107875648.0,69,0.0,138,0.0,2.6474777903227054e+23,0,13107,17086,26215,17101,26215,17081,0,0,0,70,68,100,2.7302399002429377e+23,82.1,0.0,78.0,0.0,79.0,1,49,50,180,0,26215,0,0,0.0,0.0,0.0,0.0,-0.0,67.0,0.0,162057.094,0.0,975,0,1002,0,0,0,951,0,1027,0,926,0,790,0,781,0,822,0,7520,0.032,9.626894563467172e+19,0.0,0.0,784,16797,-0.0,162057.094,-114818.039,-0.0,0.133,6.909358625270745e+28,30.0,70.0,35,0.0,0.0,0.0,0.0,0.0,0.0,0.0,0.0,0.0,0.0,0.0,0.0,0.0,0.0,0.0,0.0,66.4,0,150,71,52,65476,0,300,0,0,8,20529,65476,0,0,44564,70.0,0.0,0.0,0.0,0.0,0.0
2026-09-10T21:31:58,ERR,ERR,ERR,ERR,ERR,ERR,ERR,ERR,ERR,ERR,ERR,ERR,ERR,ERR,ERR,ERR,ERR,ERR,ERR,ERR,ERR,ERR,ERR,ERR,ERR,ERR,ERR,ERR,ERR,ERR,ERR,ERR,ERR,ERR,ERR,ERR,ERR,ERR,ERR,ERR,ERR,ERR,ERR,ERR,ERR,ERR,ERR,ERR,ERR,ERR,ERR,ERR,ERR,ERR,ERR,ERR,ERR,ERR,ERR,ERR,ERR,ERR,ERR,ERR,ERR,ERR,ERR,ERR,ERR,ERR,ERR,ERR,ERR,ERR,ERR,ERR,ERR,ERR,ERR,ERR,ERR,ERR,ERR,ERR,ERR,ERR,ERR,ERR,ERR,ERR,ERR,ERR,ERR,ERR,ERR,ERR,ERR,ERR,ERR,ERR,ERR,ERR,ERR,ERR,ERR,ERR,ERR,ERR,ERR,ERR,ERR,ERR,ERR,ERR,ERR,ERR,ERR,ERR,ERR,ERR,ERR,ERR,ERR,ERR,ERR,-107615312.0,0.0,-100794720.0,0.0,0.0,1.3936040501711995e+18,7.805,0.0,0,0,4,0,7116,0.0,100,0.0,0.0,0.0,0.0,0.0,0,0,0,0,0.0,0,0,0,0,0,0,0,0,0,0,0,0,0,0,0,0,0,0,0,0,0,0,0,0,0,0,0,0,0,0,0,0,0,31,40,40,71,65476,0,300,0,0,8,21553,0.0,-107605600.0,0.0,0.0,0.0,0.0,0.0,0.0,0.0,0.0,0.0,0.0,0.0,0.0,0.0,0.0,0.0,0.0,0.0,0.0,0.0,0.0,-2.004,2.004,-2.004,-2.004,0.0,0.0,0.0,0.0,4491.0,564144759635968.0,6923.0,0.0,0.0,-0.0,2.718429120148166e+23,0.0,0.0,0.0,0.0,69,-89221.141,-0.0,0.0,0.0,0.0,0.0,0.0,0.0,0.0,0,0,0,0.0,0.0,0.0,0.0,0.0,0.0,0.0,0.0,0.0,0.0,0.0,0.0,0.0,0.0,0.0,0.0,0,-107875648.0,69,0.0,138,0.0,2.6474777903227054e+23,0,13107,17086,26215,17101,26215,17081,0,0,0,70,68,100,2.7302399002429377e+23,82.1,0.0,78.0,0.0,79.0,1,49,50,180,0,26215,0,0,0.0,0.0,0.0,0.0,-0.0,67.0,0.0,162057.094,0.0,975,0,1002,0,0,0,951,0,1027,0,926,0,790,0,781,0,822,0,7520,0.032,9.626894563467172e+19,0.0,0.0,784,16797,-0.0,162057.094,-114818.039,-0.0,0.133,6.909358625270745e+28,30.0,70.0,35,0.0,0.0,0.0,0.0,0.0,0.0,0.0,0.0,0.0,0.0,0.0,0.0,0.0,0.0,0.0,0.0,66.4,0,150,71,52,65476,0,300,0,0,8,20529,65476,0,0,44564,70.0,0.0,0.0,0.0,0.0,0.0
2026-09-10T21:31:59,ERR,ERR,ERR,ERR,ERR,ERR,ERR,ERR,ERR,ERR,ERR,ERR,ERR,ERR,ERR,ERR,ERR,ERR,ERR,ERR,ERR,ERR,ERR,ERR,ERR,ERR,ERR,ERR,ERR,ERR,ERR,ERR,ERR,ERR,ERR,ERR,ERR,ERR,ERR,ERR,ERR,ERR,ERR,ERR,ERR,ERR,ERR,ERR,ERR,ERR,ERR,ERR,ERR,ERR,ERR,ERR,ERR,ERR,ERR,ERR,ERR,ERR,ERR,ERR,ERR,ERR,ERR,ERR,ERR,ERR,ERR,ERR,ERR,ERR,ERR,ERR,ERR,ERR,ERR,ERR,ERR,ERR,ERR,ERR,ERR,ERR,ERR,ERR,ERR,ERR,ERR,ERR,ERR,ERR,ERR,ERR,ERR,ERR,ERR,ERR,ERR,ERR,ERR,ERR,ERR,ERR,ERR,ERR,ERR,ERR,ERR,ERR,ERR,ERR,ERR,ERR,ERR,ERR,ERR,ERR,ERR,ERR,ERR,ERR,ERR,-107615312.0,0.0,-100794720.0,0.0,0.0,1.3936040501711995e+18,7.805,0.0,0,0,4,0,7116,0.0,100,0.0,0.0,0.0,0.0,0.0,0,0,0,0,0.0,0,0,0,0,0,0,0,0,0,0,0,0,0,0,0,0,0,0,0,0,0,0,0,0,0,0,0,0,0,0,0,0,0,31,40,40,71,65476,0,300,0,0,8,21553,0.0,-107605600.0,0.0,0.0,0.0,0.0,0.0,0.0,0.0,0.0,0.0,0.0,0.0,0.0,0.0,0.0,0.0,0.0,0.0,0.0,0.0,0.0,-2.004,2.004,-2.004,-2.004,0.0,0.0,0.0,0.0,4491.0,564144759635968.0,6923.0,0.0,0.0,-0.0,2.718429120148166e+23,0.0,0.0,0.0,0.0,69,-89221.141,-0.0,0.0,0.0,0.0,0.0,0.0,0.0,0.0,0,0,0,0.0,0.0,0.0,0.0,0.0,0.0,0.0,0.0,0.0,0.0,0.0,0.0,0.0,0.0,0.0,0.0,0,-107875648.0,69,0.0,138,0.0,2.6474777903227054e+23,0,13107,17086,26215,17101,26215,17081,0,0,0,70,68,100,2.7302399002429377e+23,82.1,0.0,78.0,0.0,79.0,1,49,50,180,0,26215,0,0,0.0,0.0,0.0,0.0,-0.0,67.0,0.0,162057.094,0.0,975,0,1002,0,0,0,951,0,1027,0,926,0,790,0,781,0,822,0,7520,0.032,9.626894563467172e+19,0.0,0.0,784,16797,-0.0,162057.094,-114818.039,-0.0,0.133,6.909358625270745e+28,30.0,70.0,35,0.0,0.0,0.0,0.0,0.0,0.0,0.0,0.0,0.0,0.0,0.0,0.0,0.0,0.0,0.0,0.0,66.4,0,150,71,52,65476,0,300,0,0,8,20529,65476,0,0,44564,70.0,0.0,0.0,0.0,0.0,0.0
2026-09-10T21:32:00,ERR,ERR,ERR,ERR,ERR,ERR,ERR,ERR,ERR,ERR,ERR,ERR,ERR,ERR,ERR,ERR,ERR,ERR,ERR,ERR,ERR,ERR,ERR,ERR,ERR,ERR,ERR,ERR,ERR,ERR,ERR,ERR,ERR,ERR,ERR,ERR,ERR,ERR,ERR,ERR,ERR,ERR,ERR,ERR,ERR,ERR,ERR,ERR,ERR,ERR,ERR,ERR,ERR,ERR,ERR,ERR,ERR,ERR,ERR,ERR,ERR,ERR,ERR,ERR,ERR,ERR,ERR,ERR,ERR,ERR,ERR,ERR,ERR,ERR,ERR,ERR,ERR,ERR,ERR,ERR,ERR,ERR,ERR,ERR,ERR,ERR,ERR,ERR,ERR,ERR,ERR,ERR,ERR,ERR,ERR,ERR,ERR,ERR,ERR,ERR,ERR,ERR,ERR,ERR,ERR,ERR,ERR,ERR,ERR,ERR,ERR,ERR,ERR,ERR,ERR,ERR,ERR,ERR,ERR,ERR,ERR,ERR,ERR,ERR,ERR,-107615312.0,0.0,-100794720.0,0.0,0.0,1.3936040501711995e+18,7.805,0.0,0,0,4,0,7116,0.0,100,0.0,0.0,0.0,0.0,0.0,0,0,0,0,0.0,0,0,0,0,0,0,0,0,0,0,0,0,0,0,0,0,0,0,0,0,0,0,0,0,0,0,0,0,0,0,0,0,0,31,40,40,71,65476,0,300,0,0,8,21553,0.0,-107605600.0,0.0,0.0,0.0,0.0,0.0,0.0,0.0,0.0,0.0,0.0,0.0,0.0,0.0,0.0,0.0,0.0,0.0,0.0,0.0,0.0,-2.004,2.004,-2.004,-2.004,0.0,0.0,0.0,0.0,4491.0,564144759635968.0,6923.0,0.0,0.0,-0.0,2.718429120148166e+23,0.0,0.0,0.0,0.0,69,-89221.141,-0.0,0.0,0.0,0.0,0.0,0.0,0.0,0.0,0,0,0,0.0,0.0,0.0,0.0,0.0,0.0,0.0,0.0,0.0,0.0,0.0,0.0,0.0,0.0,0.0,0.0,0,-107875648.0,69,0.0,138,0.0,2.6474777903227054e+23,0,13107,17086,26215,17101,26215,17081,0,0,0,70,68,100,2.7302399002429377e+23,82.1,0.0,78.0,0.0,79.0,1,49,50,180,0,26215,0,0,0.0,0.0,0.0,0.0,-0.0,67.0,0.0,162057.094,0.0,975,0,1002,0,0,0,951,0,1027,0,926,0,790,0,781,0,822,0,7520,0.032,9.626894563467172e+19,0.0,0.0,784,16797,-0.0,162057.094,-114818.039,-0.0,0.133,6.909358625270745e+28,30.0,70.0,35,0.0,0.0,0.0,0.0,0.0,0.0,0.0,0.0,0.0,0.0,0.0,0.0,0.0,0.0,0.0,0.0,66.4,0,150,71,52,65476,0,300,0,0,8,20529,65476,0,0,44564,70.0,0.0,0.0,0.0,0.0,0.0
2026-09-10T21:32:01,ERR,ERR,ERR,ERR,ERR,ERR,ERR,ERR,ERR,ERR,ERR,ERR,ERR,ERR,ERR,ERR,ERR,ERR,ERR,ERR,ERR,ERR,ERR,ERR,ERR,ERR,ERR,ERR,ERR,ERR,ERR,ERR,ERR,ERR,ERR,ERR,ERR,ERR,ERR,ERR,ERR,ERR,ERR,ERR,ERR,ERR,ERR,ERR,ERR,ERR,ERR,ERR,ERR,ERR,ERR,ERR,ERR,ERR,ERR,ERR,ERR,ERR,ERR,ERR,ERR,ERR,ERR,ERR,ERR,ERR,ERR,ERR,ERR,ERR,ERR,ERR,ERR,ERR,ERR,ERR,ERR,ERR,ERR,ERR,ERR,ERR,ERR,ERR,ERR,ERR,ERR,ERR,ERR,ERR,ERR,ERR,ERR,ERR,ERR,ERR,ERR,ERR,ERR,ERR,ERR,ERR,ERR,ERR,ERR,ERR,ERR,ERR,ERR,ERR,ERR,ERR,ERR,ERR,ERR,ERR,ERR,ERR,ERR,ERR,ERR,-107615312.0,0.0,-100794720.0,0.0,0.0,1.3936040501711995e+18,7.805,0.0,0,0,4,0,7116,0.0,100,0.0,0.0,0.0,0.0,0.0,0,0,0,0,0.0,0,0,0,0,0,0,0,0,0,0,0,0,0,0,0,0,0,0,0,0,0,0,0,0,0,0,0,0,0,0,0,0,0,31,40,40,71,65476,0,300,0,0,8,21553,0.0,-107605600.0,0.0,0.0,0.0,0.0,0.0,0.0,0.0,0.0,0.0,0.0,0.0,0.0,0.0,0.0,0.0,0.0,0.0,0.0,0.0,0.0,-2.004,2.004,-2.004,-2.004,0.0,0.0,0.0,0.0,4491.0,564144759635968.0,6923.0,0.0,0.0,-0.0,2.718429120148166e+23,0.0,0.0,0.0,0.0,69,-89221.141,-0.0,0.0,0.0,0.0,0.0,0.0,0.0,0.0,0,0,0,0.0,0.0,0.0,0.0,0.0,0.0,0.0,0.0,0.0,0.0,0.0,0.0,0.0,0.0,0.0,0.0,0,-107875648.0,69,0.0,138,0.0,2.6474777903227054e+23,0,13107,17086,26215,17101,26215,17081,0,0,0,70,68,100,2.7302399002429377e+23,82.1,0.0,78.0,0.0,79.0,1,49,50,180,0,26215,0,0,0.0,0.0,0.0,0.0,-0.0,67.0,0.0,162057.094,0.0,975,0,1002,0,0,0,951,0,1027,0,926,0,790,0,781,0,822,0,7520,0.032,9.626894563467172e+19,0.0,0.0,784,16797,-0.0,162057.094,-114818.039,-0.0,0.133,6.909358625270745e+28,30.0,70.0,35,0.0,0.0,0.0,0.0,0.0,0.0,0.0,0.0,0.0,0.0,0.0,0.0,0.0,0.0,0.0,0.0,66.4,0,150,71,52,65476,0,300,0,0,8,20529,65476,0,0,44564,70.0,0.0,0.0,0.0,0.0,0.0
2026-09-10T21:32:02,ERR,ERR,ERR,ERR,ERR,ERR,ERR,ERR,ERR,ERR,ERR,ERR,ERR,ERR,ERR,ERR,ERR,ERR,ERR,ERR,ERR,ERR,ERR,ERR,ERR,ERR,ERR,ERR,ERR,ERR,ERR,ERR,ERR,ERR,ERR,ERR,ERR,ERR,ERR,ERR,ERR,ERR,ERR,ERR,ERR,ERR,ERR,ERR,ERR,ERR,ERR,ERR,ERR,ERR,ERR,ERR,ERR,ERR,ERR,ERR,ERR,ERR,ERR,ERR,ERR,ERR,ERR,ERR,ERR,ERR,ERR,ERR,ERR,ERR,ERR,ERR,ERR,ERR,ERR,ERR,ERR,ERR,ERR,ERR,ERR,ERR,ERR,ERR,ERR,ERR,ERR,ERR,ERR,ERR,ERR,ERR,ERR,ERR,ERR,ERR,ERR,ERR,ERR,ERR,ERR,ERR,ERR,ERR,ERR,ERR,ERR,ERR,ERR,ERR,ERR,ERR,ERR,ERR,ERR,ERR,ERR,ERR,ERR,ERR,ERR,-107615312.0,0.0,-100794720.0,0.0,0.0,1.3936040501711995e+18,7.805,0.0,0,0,4,0,7116,0.0,100,0.0,0.0,0.0,0.0,0.0,0,0,0,0,0.0,0,0,0,0,0,0,0,0,0,0,0,0,0,0,0,0,0,0,0,0,0,0,0,0,0,0,0,0,0,0,0,0,0,31,40,40,71,65476,0,300,0,0,8,21553,0.0,-107605600.0,0.0,0.0,0.0,0.0,0.0,0.0,0.0,0.0,0.0,0.0,0.0,0.0,0.0,0.0,0.0,0.0,0.0,0.0,0.0,0.0,-2.004,2.004,-2.004,-2.004,0.0,0.0,0.0,0.0,4491.0,564144759635968.0,6923.0,0.0,0.0,-0.0,2.718429120148166e+23,0.0,0.0,0.0,0.0,69,-89221.141,-0.0,0.0,0.0,0.0,0.0,0.0,0.0,0.0,0,0,0,0.0,0.0,0.0,0.0,0.0,0.0,0.0,0.0,0.0,0.0,0.0,0.0,0.0,0.0,0.0,0.0,0,-107875648.0,69,0.0,138,0.0,2.6474777903227054e+23,0,13107,17086,26215,17101,13107,17081,0,0,0,70,68,100,2.7302399002429377e+23,82.1,0.0,78.0,0.0,79.0,1,49,50,180,0,39322,0,0,0.0,0.0,0.0,0.0,-0.0,67.0,0.0,162057.094,0.0,975,0,1002,0,0,0,951,0,1027,0,926,0,790,0,781,0,822,0,7520,0.032,9.56924848823683e+19,0.0,0.0,784,16797,-0.0,162057.094,-114818.039,-0.0,0.133,6.909358625270745e+28,30.0,70.0,35,0.0,0.0,0.0,0.0,0.0,0.0,0.0,0.0,0.0,0.0,0.0,0.0,0.0,0.0,0.0,0.0,66.8,0,150,71,52,65476,0,300,0,0,8,20529,65476,0,0,44564,70.0,0.0,0.0,0.0,0.0,0.0
2026-09-10T21:32:03,ERR,ERR,ERR,ERR,ERR,ERR,ERR,ERR,ERR,ERR,ERR,ERR,ERR,ERR,ERR,ERR,ERR,ERR,ERR,ERR,ERR,ERR,ERR,ERR,ERR,ERR,ERR,ERR,ERR,ERR,ERR,ERR,ERR,ERR,ERR,ERR,ERR,ERR,ERR,ERR,ERR,ERR,ERR,ERR,ERR,ERR,ERR,ERR,ERR,ERR,ERR,ERR,ERR,ERR,ERR,ERR,ERR,ERR,ERR,ERR,ERR,ERR,ERR,ERR,ERR,ERR,ERR,ERR,ERR,ERR,ERR,ERR,ERR,ERR,ERR,ERR,ERR,ERR,ERR,ERR,ERR,ERR,ERR,ERR,ERR,ERR,ERR,ERR,ERR,ERR,ERR,ERR,ERR,ERR,ERR,ERR,ERR,ERR,ERR,ERR,ERR,ERR,ERR,ERR,ERR,ERR,ERR,ERR,ERR,ERR,ERR,ERR,ERR,ERR,ERR,ERR,ERR,ERR,ERR,ERR,ERR,ERR,ERR,ERR,ERR,0.0,0.0,2.6474835549302285e+23,0.0,0.0,1.3936040501711995e+18,7.805,0.0,0,0,4,0,7116,0.0,100,0.0,0.0,0.0,0.0,0.0,0,0,0,0,0.0,0,0,0,0,0,0,0,0,0,0,0,0,0,0,0,0,0,0,0,0,0,0,0,0,0,0,0,0,0,0,0,0,0,31,40,40,71,65476,0,300,0,0,8,21553,0.0,-107605600.0,0.0,0.0,0.0,0.0,0.0,0.0,0.0,0.0,0.0,0.0,0.0,0.0,0.0,0.0,0.0,0.0,0.0,0.0,0.0,0.0,-2.004,2.004,-2.004,-2.004,0.0,0.0,0.0,0.0,4490.0,3.69717909675028e+19,6924.0,0.0,0.0,-0.0,2.718429120148166e+23,0.0,0.0,0.0,0.0,69,-71.63,-0.0,0.0,0.0,0.0,0.0,0.0,0.0,0.0,0,0,0,0.0,0.0,0.0,0.0,0.0,0.0,0.0,0.0,0.0,0.0,0.0,0.0,0.0,0.0,0.0,0.0,0,-107875648.0,69,0.0,138,0.0,2.6474777903227054e+23,0,13107,17086,26215,17101,13107,17081,0,0,0,70,68,100,2.7302399002429377e+23,82.1,0.0,78.0,0.0,79.0,1,49,50,180,0,39322,0,0,0.0,0.0,0.0,0.0,-0.0,67.0,0.0,162057.094,0.0,975,0,1002,0,0,0,951,0,1027,0,926,0,790,0,781,0,822,0,7520,0.032,9.56924848823683e+19,0.0,0.0,784,16797,-0.0,162057.094,-114818.039,-0.0,0.133,6.909358625270745e+28,30.0,70.0,35,0.0,0.0,0.0,0.0,0.0,0.0,0.0,0.0,0.0,0.0,0.0,0.0,0.0,0.0,0.0,0.0,66.8,0,150,71,52,65476,0,300,0,0,8,20529,65476,0,0,44564,70.0,0.0,0.0,0.0,0.0,0.0
2026-09-10T21:32:04,ERR,ERR,ERR,ERR,ERR,ERR,ERR,ERR,ERR,ERR,ERR,ERR,ERR,ERR,ERR,ERR,ERR,ERR,ERR,ERR,ERR,ERR,ERR,ERR,ERR,ERR,ERR,ERR,ERR,ERR,ERR,ERR,ERR,ERR,ERR,ERR,ERR,ERR,ERR,ERR,ERR,ERR,ERR,ERR,ERR,ERR,ERR,ERR,ERR,ERR,ERR,ERR,ERR,ERR,ERR,ERR,ERR,ERR,ERR,ERR,ERR,ERR,ERR,ERR,ERR,ERR,ERR,ERR,ERR,ERR,ERR,ERR,ERR,ERR,ERR,ERR,ERR,ERR,ERR,ERR,ERR,ERR,ERR,ERR,ERR,ERR,ERR,ERR,ERR,ERR,ERR,ERR,ERR,ERR,ERR,ERR,ERR,ERR,ERR,ERR,ERR,ERR,ERR,ERR,ERR,ERR,ERR,ERR,ERR,ERR,ERR,ERR,ERR,ERR,ERR,ERR,ERR,ERR,ERR,ERR,ERR,ERR,ERR,ERR,ERR,0.0,0.0,2.6474835549302285e+23,0.0,0.0,1.3936040501711995e+18,7.805,0.0,0,0,4,0,7116,0.0,100,0.0,0.0,0.0,0.0,0.0,0,0,0,0,0.0,0,0,0,0,0,0,0,0,0,0,0,0,0,0,0,0,0,0,0,0,0,0,0,0,0,0,0,0,0,0,0,0,0,31,40,40,71,65476,0,300,0,0,8,21553,0.0,-107605600.0,0.0,0.0,0.0,0.0,0.0,0.0,0.0,0.0,0.0,0.0,0.0,0.0,0.0,0.0,0.0,0.0,0.0,0.0,0.0,0.0,-2.004,2.004,-2.004,-2.004,0.0,0.0,0.0,0.0,4490.0,3.69717909675028e+19,6924.0,0.0,0.0,-0.0,2.718429120148166e+23,0.0,0.0,0.0,0.0,69,-71.63,-0.0,0.0,0.0,0.0,0.0,0.0,0.0,0.0,0,0,0,0.0,0.0,0.0,0.0,0.0,0.0,0.0,0.0,0.0,0.0,0.0,0.0,0.0,0.0,0.0,0.0,0,-107875648.0,69,0.0,138,0.0,2.6474777903227054e+23,0,13107,17086,26215,17101,13107,17081,0,0,0,70,68,100,2.7302399002429377e+23,82.1,0.0,78.0,0.0,79.0,1,49,50,180,0,39322,0,0,0.0,0.0,0.0,0.0,-0.0,67.0,0.0,162057.094,0.0,975,0,1002,0,0,0,951,0,1027,0,926,0,790,0,781,0,822,0,7520,0.032,9.56924848823683e+19,0.0,0.0,784,16797,-0.0,162057.094,-114818.039,-0.0,0.133,6.909358625270745e+28,30.0,70.0,35,0.0,0.0,0.0,0.0,0.0,0.0,0.0,0.0,0.0,0.0,0.0,0.0,0.0,0.0,0.0,0.0,66.4,0,150,71,52,65476,0,300,0,0,8,20529,65476,0,0,44564,70.0,0.0,0.0,0.0,0.0,0.0
2026-09-10T21:32:05,ERR,ERR,ERR,ERR,ERR,ERR,ERR,ERR,ERR,ERR,ERR,ERR,ERR,ERR,ERR,ERR,ERR,ERR,ERR,ERR,ERR,ERR,ERR,ERR,ERR,ERR,ERR,ERR,ERR,ERR,ERR,ERR,ERR,ERR,ERR,ERR,ERR,ERR,ERR,ERR,ERR,ERR,ERR,ERR,ERR,ERR,ERR,ERR,ERR,ERR,ERR,ERR,ERR,ERR,ERR,ERR,ERR,ERR,ERR,ERR,ERR,ERR,ERR,ERR,ERR,ERR,ERR,ERR,ERR,ERR,ERR,ERR,ERR,ERR,ERR,ERR,ERR,ERR,ERR,ERR,ERR,ERR,ERR,ERR,ERR,ERR,ERR,ERR,ERR,ERR,ERR,ERR,ERR,ERR,ERR,ERR,ERR,ERR,ERR,ERR,ERR,ERR,ERR,ERR,ERR,ERR,ERR,ERR,ERR,ERR,ERR,ERR,ERR,ERR,ERR,ERR,ERR,ERR,ERR,ERR,ERR,ERR,ERR,ERR,ERR,0.0,0.0,2.6474835549302285e+23,0.0,0.0,1.3936040501711995e+18,7.805,0.0,0,0,4,0,7116,0.0,100,0.0,0.0,0.0,0.0,0.0,0,0,0,0,0.0,0,0,0,0,0,0,0,0,0,0,0,0,0,0,0,0,0,0,0,0,0,0,0,0,0,0,0,0,0,0,0,0,0,31,40,40,71,65476,0,300,0,0,8,21553,0.0,-107605600.0,0.0,0.0,0.0,0.0,0.0,0.0,0.0,0.0,0.0,0.0,0.0,0.0,0.0,0.0,0.0,0.0,0.0,0.0,0.0,0.0,-2.004,2.004,-2.004,-2.004,0.0,0.0,0.0,0.0,4490.0,3.69717909675028e+19,6924.0,0.0,0.0,-0.0,2.718429120148166e+23,0.0,0.0,0.0,0.0,69,-71.63,-0.0,0.0,0.0,0.0,0.0,0.0,0.0,0.0,0,0,0,0.0,0.0,0.0,0.0,0.0,0.0,0.0,0.0,0.0,0.0,0.0,0.0,0.0,0.0,0.0,0.0,0,-107875648.0,69,0.0,138,0.0,2.6474777903227054e+23,0,13107,17086,26215,17101,13107,17081,0,0,0,70,68,100,2.7302399002429377e+23,82.1,0.0,78.0,0.0,79.0,1,49,50,180,0,39322,0,0,0.0,0.0,0.0,0.0,-0.0,67.0,0.0,162057.094,0.0,975,0,1002,0,0,0,951,0,1027,0,926,0,790,0,781,0,822,0,7520,0.032,9.56924848823683e+19,0.0,0.0,784,16797,-0.0,162057.094,-114818.039,-0.0,0.133,6.909358625270745e+28,30.0,70.0,35,0.0,0.0,0.0,0.0,0.0,0.0,0.0,0.0,0.0,0.0,0.0,0.0,0.0,0.0,0.0,0.0,66.4,0,150,71,52,65476,0,300,0,0,8,20529,65476,0,0,44564,70.0,0.0,0.0,0.0,0.0,0.0
2026-09-10T21:32:06,ERR,ERR,ERR,ERR,ERR,ERR,ERR,ERR,ERR,ERR,ERR,ERR,ERR,ERR,ERR,ERR,ERR,ERR,ERR,ERR,ERR,ERR,ERR,ERR,ERR,ERR,ERR,ERR,ERR,ERR,ERR,ERR,ERR,ERR,ERR,ERR,ERR,ERR,ERR,ERR,ERR,ERR,ERR,ERR,ERR,ERR,ERR,ERR,ERR,ERR,ERR,ERR,ERR,ERR,ERR,ERR,ERR,ERR,ERR,ERR,ERR,ERR,ERR,ERR,ERR,ERR,ERR,ERR,ERR,ERR,ERR,ERR,ERR,ERR,ERR,ERR,ERR,ERR,ERR,ERR,ERR,ERR,ERR,ERR,ERR,ERR,ERR,ERR,ERR,ERR,ERR,ERR,ERR,ERR,ERR,ERR,ERR,ERR,ERR,ERR,ERR,ERR,ERR,ERR,ERR,ERR,ERR,ERR,ERR,ERR,ERR,ERR,ERR,ERR,ERR,ERR,ERR,ERR,ERR,ERR,ERR,ERR,ERR,ERR,ERR,0.0,0.0,2.6474835549302285e+23,0.0,0.0,1.3936040501711995e+18,7.805,0.0,0,0,4,0,7116,0.0,100,0.0,0.0,0.0,0.0,0.0,0,0,0,0,0.0,0,0,0,0,0,0,0,0,0,0,0,0,0,0,0,0,0,0,0,0,0,0,0,0,0,0,0,0,0,0,0,0,0,31,40,40,71,65476,0,300,0,0,8,21553,0.0,-107605600.0,0.0,0.0,0.0,0.0,0.0,0.0,0.0,0.0,0.0,0.0,0.0,0.0,0.0,0.0,0.0,0.0,0.0,0.0,0.0,0.0,-2.004,2.004,-2.004,-2.004,0.0,0.0,0.0,0.0,4490.0,3.69717909675028e+19,6924.0,0.0,0.0,-0.0,2.718429120148166e+23,0.0,0.0,0.0,0.0,69,-71.63,-0.0,0.0,0.0,0.0,0.0,0.0,0.0,0.0,0,0,0,0.0,0.0,0.0,0.0,0.0,0.0,0.0,0.0,0.0,0.0,0.0,0.0,0.0,0.0,0.0,0.0,0,-107875648.0,69,0.0,138,0.0,2.6474777903227054e+23,0,13107,17086,26215,17101,13107,17081,0,0,0,70,68,100,2.7302399002429377e+23,82.1,0.0,78.0,0.0,79.0,1,49,50,180,0,39322,0,0,0.0,0.0,0.0,0.0,-0.0,67.0,0.0,162057.094,0.0,975,0,1002,0,0,0,951,0,1027,0,926,0,790,0,781,0,822,0,7520,0.032,9.56924848823683e+19,0.0,0.0,784,16797,-0.0,162057.094,-114818.039,-0.0,0.133,6.909358625270745e+28,30.0,70.0,35,0.0,0.0,0.0,0.0,0.0,0.0,0.0,0.0,0.0,0.0,0.0,0.0,0.0,0.0,0.0,0.0,66.4,0,150,71,52,65476,0,300,0,0,8,20529,65476,0,0,44564,70.0,0.0,0.0,0.0,0.0,0.0
2026-09-10T21:32:07,ERR,ERR,ERR,ERR,ERR,ERR,ERR,ERR,ERR,ERR,ERR,ERR,ERR,ERR,ERR,ERR,ERR,ERR,ERR,ERR,ERR,ERR,ERR,ERR,ERR,ERR,ERR,ERR,ERR,ERR,ERR,ERR,ERR,ERR,ERR,ERR,ERR,ERR,ERR,ERR,ERR,ERR,ERR,ERR,ERR,ERR,ERR,ERR,ERR,ERR,ERR,ERR,ERR,ERR,ERR,ERR,ERR,ERR,ERR,ERR,ERR,ERR,ERR,ERR,ERR,ERR,ERR,ERR,ERR,ERR,ERR,ERR,ERR,ERR,ERR,ERR,ERR,ERR,ERR,ERR,ERR,ERR,ERR,ERR,ERR,ERR,ERR,ERR,ERR,ERR,ERR,ERR,ERR,ERR,ERR,ERR,ERR,ERR,ERR,ERR,ERR,ERR,ERR,ERR,ERR,ERR,ERR,ERR,ERR,ERR,ERR,ERR,ERR,ERR,ERR,ERR,ERR,ERR,ERR,ERR,ERR,ERR,ERR,ERR,ERR,0.0,0.0,2.6474835549302285e+23,0.0,0.0,1.3936040501711995e+18,7.805,0.0,0,0,4,0,7116,0.0,100,0.0,0.0,0.0,0.0,0.0,0,0,0,0,0.0,0,0,0,0,0,0,0,0,0,0,0,0,0,0,0,0,0,0,0,0,0,0,0,0,0,0,0,0,0,0,0,0,0,31,40,40,71,65476,0,300,0,0,8,21553,0.0,-107605600.0,0.0,0.0,0.0,0.0,0.0,0.0,0.0,0.0,0.0,0.0,0.0,0.0,0.0,0.0,0.0,0.0,0.0,0.0,0.0,0.0,-2.004,2.004,-2.004,-2.004,0.0,0.0,0.0,0.0,4490.0,3.69717909675028e+19,6924.0,0.0,0.0,-0.0,2.718429120148166e+23,0.0,0.0,0.0,0.0,69,-71.63,-0.0,0.0,0.0,0.0,0.0,0.0,0.0,0.0,0,0,0,0.0,0.0,0.0,0.0,0.0,0.0,0.0,0.0,0.0,0.0,0.0,0.0,0.0,0.0,0.0,0.0,0,-107875648.0,69,0.0,138,0.0,2.6474777903227054e+23,0,13107,17086,13107,17101,13107,17081,0,0,0,70,68,100,2.7302399002429377e+23,82.1,0.0,78.0,0.0,79.0,1,49,50,180,0,26215,0,0,0.0,0.0,0.0,0.0,-0.0,67.0,0.0,162057.094,0.0,975,0,1002,0,0,0,951,0,1027,0,926,0,790,0,781,0,822,0,7520,0.032,9.56924848823683e+19,0.0,0.0,784,16797,-0.0,162057.094,-114818.039,-0.0,0.133,6.909358625270745e+28,30.0,70.0,35,0.0,0.0,0.0,0.0,0.0,0.0,0.0,0.0,0.0,0.0,0.0,0.0,0.0,0.0,0.0,0.0,66.8,0,150,71,52,65476,0,300,0,0,8,20529,65476,0,0,44564,70.0,0.0,0.0,0.0,0.0,0.0
2026-09-10T21:32:08,ERR,ERR,ERR,ERR,ERR,ERR,ERR,ERR,ERR,ERR,ERR,ERR,ERR,ERR,ERR,ERR,ERR,ERR,ERR,ERR,ERR,ERR,ERR,ERR,ERR,ERR,ERR,ERR,ERR,ERR,ERR,ERR,ERR,ERR,ERR,ERR,ERR,ERR,ERR,ERR,ERR,ERR,ERR,ERR,ERR,ERR,ERR,ERR,ERR,ERR,ERR,ERR,ERR,ERR,ERR,ERR,ERR,ERR,ERR,ERR,ERR,ERR,ERR,ERR,ERR,ERR,ERR,ERR,ERR,ERR,ERR,ERR,ERR,ERR,ERR,ERR,ERR,ERR,ERR,ERR,ERR,ERR,ERR,ERR,ERR,ERR,ERR,ERR,ERR,ERR,ERR,ERR,ERR,ERR,ERR,ERR,ERR,ERR,ERR,ERR,ERR,ERR,ERR,ERR,ERR,ERR,ERR,ERR,ERR,ERR,ERR,ERR,ERR,ERR,ERR,ERR,ERR,ERR,ERR,ERR,ERR,ERR,ERR,ERR,ERR,0.0,0.0,2.6474835549302285e+23,0.0,0.0,1.3936040501711995e+18,7.805,0.0,0,0,4,0,7116,0.0,100,0.0,0.0,0.0,0.0,0.0,0,0,0,0,0.0,0,0,0,0,0,0,0,0,0,0,0,0,0,0,0,0,0,0,0,0,0,0,0,0,0,0,0,0,0,0,0,0,0,31,40,40,71,65476,0,300,0,0,8,21553,0.0,-107605600.0,0.0,0.0,0.0,0.0,0.0,0.0,0.0,0.0,0.0,0.0,0.0,0.0,0.0,0.0,0.0,0.0,0.0,0.0,0.0,0.0,-2.004,2.004,-2.004,-2.004,0.0,0.0,0.0,0.0,4490.0,3.69717909675028e+19,6924.0,0.0,0.0,-0.0,2.718429120148166e+23,0.0,0.0,0.0,0.0,69,-71.63,-0.0,0.0,0.0,0.0,0.0,0.0,0.0,0.0,0,0,0,0.0,0.0,0.0,0.0,0.0,0.0,0.0,0.0,0.0,0.0,0.0,0.0,0.0,0.0,0.0,0.0,0,-107875648.0,69,0.0,138,0.0,2.6474777903227054e+23,0,13107,17086,13107,17101,13107,17081,0,0,0,70,68,100,2.7302399002429377e+23,82.1,0.0,78.0,0.0,79.0,1,49,50,180,0,26215,0,0,0.0,0.0,0.0,0.0,-0.0,67.0,0.0,162057.094,0.0,975,0,1002,0,0,0,951,0,1027,0,926,0,790,0,781,0,822,0,7520,0.032,9.56924848823683e+19,0.0,0.0,784,16797,-0.0,162057.094,-114818.039,-0.0,0.133,6.909358625270745e+28,30.0,70.0,35,0.0,0.0,0.0,0.0,0.0,0.0,0.0,0.0,0.0,0.0,0.0,0.0,0.0,0.0,0.0,0.0,66.8,0,150,71,52,65476,0,300,0,0,8,20529,65476,0,0,44564,70.0,0.0,0.0,0.0,0.0,0.0
2026-09-10T21:32:09,ERR,ERR,ERR,ERR,ERR,ERR,ERR,ERR,ERR,ERR,ERR,ERR,ERR,ERR,ERR,ERR,ERR,ERR,ERR,ERR,ERR,ERR,ERR,ERR,ERR,ERR,ERR,ERR,ERR,ERR,ERR,ERR,ERR,ERR,ERR,ERR,ERR,ERR,ERR,ERR,ERR,ERR,ERR,ERR,ERR,ERR,ERR,ERR,ERR,ERR,ERR,ERR,ERR,ERR,ERR,ERR,ERR,ERR,ERR,ERR,ERR,ERR,ERR,ERR,ERR,ERR,ERR,ERR,ERR,ERR,ERR,ERR,ERR,ERR,ERR,ERR,ERR,ERR,ERR,ERR,ERR,ERR,ERR,ERR,ERR,ERR,ERR,ERR,ERR,ERR,ERR,ERR,ERR,ERR,ERR,ERR,ERR,ERR,ERR,ERR,ERR,ERR,ERR,ERR,ERR,ERR,ERR,ERR,ERR,ERR,ERR,ERR,ERR,ERR,ERR,ERR,ERR,ERR,ERR,ERR,ERR,ERR,ERR,ERR,ERR,0.0,0.0,2.6474835549302285e+23,0.0,0.0,1.3936040501711995e+18,7.805,0.0,0,0,4,0,7116,0.0,100,0.0,0.0,0.0,0.0,0.0,0,0,0,0,0.0,0,0,0,0,0,0,0,0,0,0,0,0,0,0,0,0,0,0,0,0,0,0,0,0,0,0,0,0,0,0,0,0,0,31,40,40,71,65476,0,300,0,0,8,21553,0.0,-107605600.0,0.0,0.0,0.0,0.0,0.0,0.0,0.0,0.0,0.0,0.0,0.0,0.0,0.0,0.0,0.0,0.0,0.0,0.0,0.0,0.0,-2.004,2.004,-2.004,-2.004,0.0,0.0,0.0,0.0,4490.0,3.69717909675028e+19,6924.0,0.0,0.0,-0.0,2.718429120148166e+23,0.0,0.0,0.0,0.0,69,-71.63,-0.0,0.0,0.0,0.0,0.0,0.0,0.0,0.0,0,0,0,0.0,0.0,0.0,0.0,0.0,0.0,0.0,0.0,0.0,0.0,0.0,0.0,0.0,0.0,0.0,0.0,0,-107875648.0,69,0.0,138,0.0,2.6474777903227054e+23,0,13107,17086,13107,17101,13107,17081,0,0,0,70,68,100,2.7302399002429377e+23,82.1,0.0,78.0,0.0,79.0,1,49,50,180,0,26215,0,0,0.0,0.0,0.0,0.0,-0.0,67.0,0.0,162057.094,0.0,975,0,1002,0,0,0,951,0,1027,0,926,0,790,0,781,0,822,0,7520,0.032,9.56924848823683e+19,0.0,0.0,784,16797,-0.0,162057.094,-114818.039,-0.0,0.133,6.909358625270745e+28,30.0,70.0,35,0.0,0.0,0.0,0.0,0.0,0.0,0.0,0.0,0.0,0.0,0.0,0.0,0.0,0.0,0.0,0.0,66.4,0,150,71,52,65476,0,300,0,0,8,20529,65476,0,0,44564,70.0,0.0,0.0,0.0,0.0,0.0
2026-09-10T21:32:10,ERR,ERR,ERR,ERR,ERR,ERR,ERR,ERR,ERR,ERR,ERR,ERR,ERR,ERR,ERR,ERR,ERR,ERR,ERR,ERR,ERR,ERR,ERR,ERR,ERR,ERR,ERR,ERR,ERR,ERR,ERR,ERR,ERR,ERR,ERR,ERR,ERR,ERR,ERR,ERR,ERR,ERR,ERR,ERR,ERR,ERR,ERR,ERR,ERR,ERR,ERR,ERR,ERR,ERR,ERR,ERR,ERR,ERR,ERR,ERR,ERR,ERR,ERR,ERR,ERR,ERR,ERR,ERR,ERR,ERR,ERR,ERR,ERR,ERR,ERR,ERR,ERR,ERR,ERR,ERR,ERR,ERR,ERR,ERR,ERR,ERR,ERR,ERR,ERR,ERR,ERR,ERR,ERR,ERR,ERR,ERR,ERR,ERR,ERR,ERR,ERR,ERR,ERR,ERR,ERR,ERR,ERR,ERR,ERR,ERR,ERR,ERR,ERR,ERR,ERR,ERR,ERR,ERR,ERR,ERR,ERR,ERR,ERR,ERR,ERR,0.0,0.0,2.6474835549302285e+23,0.0,0.0,1.3936040501711995e+18,7.805,0.0,0,0,4,0,7116,0.0,100,0.0,0.0,0.0,0.0,0.0,0,0,0,0,0.0,0,0,0,0,0,0,0,0,0,0,0,0,0,0,0,0,0,0,0,0,0,0,0,0,0,0,0,0,0,0,0,0,0,31,40,40,71,65476,0,300,0,0,8,21553,0.0,-107605600.0,0.0,0.0,0.0,0.0,0.0,0.0,0.0,0.0,0.0,0.0,0.0,0.0,0.0,0.0,0.0,0.0,0.0,0.0,0.0,0.0,-2.004,2.004,-2.004,-2.004,0.0,0.0,0.0,0.0,4487.0,0.0,6917.0,0.0,0.0,-0.0,0.0,0.0,0.0,0.0,0.0,69,-0.0,2.718413627765448e+23,0.0,0.0,0.0,0.0,0.0,0.0,0.0,0,0,0,0.0,0.0,0.0,0.0,0.0,0.0,0.0,0.0,0.0,0.0,0.0,0.0,0.0,0.0,0.0,0.0,0,-107875648.0,69,0.0,138,0.0,2.6474777903227054e+23,0,13107,17086,13107,17101,13107,17081,0,0,0,70,68,100,2.7302399002429377e+23,82.1,0.0,78.0,0.0,79.0,1,49,50,180,0,26215,0,0,0.0,0.0,0.0,0.0,-0.0,67.0,0.0,162057.094,0.0,975,0,1002,0,0,0,951,0,1027,0,926,0,790,0,781,0,822,0,7520,0.032,9.56924848823683e+19,0.0,0.0,784,16797,-0.0,162057.094,-114818.039,-0.0,0.133,6.909358625270745e+28,30.0,70.0,35,0.0,0.0,0.0,0.0,0.0,0.0,0.0,0.0,0.0,0.0,0.0,0.0,0.0,0.0,0.0,0.0,66.4,0,150,71,52,65476,0,300,0,0,8,20529,65476,0,0,44564,70.0,0.0,0.0,0.0,0.0,0.0
2026-09-10T21:32:11,ERR,ERR,ERR,ERR,ERR,ERR,ERR,ERR,ERR,ERR,ERR,ERR,ERR,ERR,ERR,ERR,ERR,ERR,ERR,ERR,ERR,ERR,ERR,ERR,ERR,ERR,ERR,ERR,ERR,ERR,ERR,ERR,ERR,ERR,ERR,ERR,ERR,ERR,ERR,ERR,ERR,ERR,ERR,ERR,ERR,ERR,ERR,ERR,ERR,ERR,ERR,ERR,ERR,ERR,ERR,ERR,ERR,ERR,ERR,ERR,ERR,ERR,ERR,ERR,ERR,ERR,ERR,ERR,ERR,ERR,ERR,ERR,ERR,ERR,ERR,ERR,ERR,ERR,ERR,ERR,ERR,ERR,ERR,ERR,ERR,ERR,ERR,ERR,ERR,ERR,ERR,ERR,ERR,ERR,ERR,ERR,ERR,ERR,ERR,ERR,ERR,ERR,ERR,ERR,ERR,ERR,ERR,ERR,ERR,ERR,ERR,ERR,ERR,ERR,ERR,ERR,ERR,ERR,ERR,ERR,ERR,ERR,ERR,ERR,ERR,0.0,0.0,2.6474835549302285e+23,0.0,0.0,1.3936040501711995e+18,7.805,0.0,0,0,4,0,7116,0.0,100,0.0,0.0,0.0,0.0,0.0,0,0,0,0,0.0,0,0,0,0,0,0,0,0,0,0,0,0,0,0,0,0,0,0,0,0,0,0,0,0,0,0,0,0,0,0,0,0,0,31,40,40,71,65476,0,300,0,0,8,21553,0.0,-107605600.0,0.0,0.0,0.0,0.0,0.0,0.0,0.0,0.0,0.0,0.0,0.0,0.0,0.0,0.0,0.0,0.0,0.0,0.0,0.0,0.0,-2.004,2.004,-2.004,-2.004,0.0,0.0,0.0,0.0,4487.0,0.0,6917.0,0.0,0.0,-0.0,0.0,0.0,0.0,0.0,0.0,69,-0.0,2.718413627765448e+23,0.0,0.0,0.0,0.0,0.0,0.0,0.0,0,0,0,0.0,0.0,0.0,0.0,0.0,0.0,0.0,0.0,0.0,0.0,0.0,0.0,0.0,0.0,0.0,0.0,0,-107875648.0,69,0.0,138,0.0,2.6474777903227054e+23,0,13107,17086,13107,17101,13107,17081,0,0,0,70,68,100,2.7302399002429377e+23,82.1,0.0,78.0,0.0,79.0,1,49,50,180,0,26215,0,0,0.0,0.0,0.0,0.0,-0.0,67.0,0.0,162057.094,0.0,975,0,1002,0,0,0,951,0,1027,0,926,0,790,0,781,0,822,0,7520,0.032,9.56924848823683e+19,0.0,0.0,784,16797,-0.0,162057.094,-114818.039,-0.0,0.133,6.909358625270745e+28,30.0,70.0,35,0.0,0.0,0.0,0.0,0.0,0.0,0.0,0.0,0.0,0.0,0.0,0.0,0.0,0.0,0.0,0.0,66.4,0,150,71,52,65476,0,300,0,0,8,20529,65476,0,0,44564,70.0,0.0,0.0,0.0,0.0,0.0
2026-09-10T21:32:12,ERR,ERR,ERR,ERR,ERR,ERR,ERR,ERR,ERR,ERR,ERR,ERR,ERR,ERR,ERR,ERR,ERR,ERR,ERR,ERR,ERR,ERR,ERR,ERR,ERR,ERR,ERR,ERR,ERR,ERR,ERR,ERR,ERR,ERR,ERR,ERR,ERR,ERR,ERR,ERR,ERR,ERR,ERR,ERR,ERR,ERR,ERR,ERR,ERR,ERR,ERR,ERR,ERR,ERR,ERR,ERR,ERR,ERR,ERR,ERR,ERR,ERR,ERR,ERR,ERR,ERR,ERR,ERR,ERR,ERR,ERR,ERR,ERR,ERR,ERR,ERR,ERR,ERR,ERR,ERR,ERR,ERR,ERR,ERR,ERR,ERR,ERR,ERR,ERR,ERR,ERR,ERR,ERR,ERR,ERR,ERR,ERR,ERR,ERR,ERR,ERR,ERR,ERR,ERR,ERR,ERR,ERR,ERR,ERR,ERR,ERR,ERR,ERR,ERR,ERR,ERR,ERR,ERR,ERR,ERR,ERR,ERR,ERR,ERR,ERR,0.0,0.0,2.6474835549302285e+23,0.0,0.0,1.3936040501711995e+18,7.805,0.0,0,0,4,0,7116,0.0,100,0.0,0.0,0.0,0.0,0.0,0,0,0,0,0.0,0,0,0,0,0,0,0,0,0,0,0,0,0,0,0,0,0,0,0,0,0,0,0,0,0,0,0,0,0,0,0,0,0,31,40,40,71,65476,0,300,0,0,8,21553,0.0,-107605600.0,0.0,0.0,0.0,0.0,0.0,0.0,0.0,0.0,0.0,0.0,0.0,0.0,0.0,0.0,0.0,0.0,0.0,0.0,0.0,0.0,-2.004,2.004,-2.004,-2.004,0.0,0.0,0.0,0.0,4487.0,0.0,6917.0,0.0,0.0,-0.0,0.0,0.0,0.0,0.0,0.0,69,-0.0,2.718413627765448e+23,0.0,0.0,0.0,0.0,0.0,0.0,0.0,0,0,0,0.0,0.0,0.0,0.0,0.0,0.0,0.0,0.0,0.0,0.0,0.0,0.0,0.0,0.0,0.0,0.0,0,-107875648.0,69,0.0,138,0.0,2.6474777903227054e+23,0,13107,17086,13107,17101,13107,17081,0,0,0,70,68,100,2.7302399002429377e+23,82.1,0.0,78.0,0.0,79.0,1,49,50,180,0,26215,0,0,0.0,0.0,0.0,0.0,-0.0,67.0,0.0,162057.094,0.0,975,0,1002,0,0,0,951,0,1026,0,926,0,790,0,781,0,822,0,7520,0.032,9.56924848823683e+19,0.0,0.0,784,16797,-0.0,162057.094,-114818.039,-0.0,0.133,6.909358625270745e+28,30.0,70.0,35,0.0,0.0,0.0,0.0,0.0,0.0,0.0,0.0,0.0,0.0,0.0,0.0,0.0,0.0,0.0,0.0,66.8,0,150,71,52,65476,0,300,0,0,8,20529,65476,0,0,44564,70.0,0.0,0.0,0.0,0.0,0.0
2026-09-10T21:32:13,ERR,ERR,ERR,ERR,ERR,ERR,ERR,ERR,ERR,ERR,ERR,ERR,ERR,ERR,ERR,ERR,ERR,ERR,ERR,ERR,ERR,ERR,ERR,ERR,ERR,ERR,ERR,ERR,ERR,ERR,ERR,ERR,ERR,ERR,ERR,ERR,ERR,ERR,ERR,ERR,ERR,ERR,ERR,ERR,ERR,ERR,ERR,ERR,ERR,ERR,ERR,ERR,ERR,ERR,ERR,ERR,ERR,ERR,ERR,ERR,ERR,ERR,ERR,ERR,ERR,ERR,ERR,ERR,ERR,ERR,ERR,ERR,ERR,ERR,ERR,ERR,ERR,ERR,ERR,ERR,ERR,ERR,ERR,ERR,ERR,ERR,ERR,ERR,ERR,ERR,ERR,ERR,ERR,ERR,ERR,ERR,ERR,ERR,ERR,ERR,ERR,ERR,ERR,ERR,ERR,ERR,ERR,ERR,ERR,ERR,ERR,ERR,ERR,ERR,ERR,ERR,ERR,ERR,ERR,ERR,ERR,ERR,ERR,ERR,ERR,0.0,0.0,2.6474835549302285e+23,0.0,0.0,1.3936040501711995e+18,7.805,0.0,0,0,4,0,7116,0.0,100,0.0,0.0,0.0,0.0,0.0,0,0,0,0,0.0,0,0,0,0,0,0,0,0,0,0,0,0,0,0,0,0,0,0,0,0,0,0,0,0,0,0,0,0,0,0,0,0,0,31,40,40,71,65476,0,300,0,0,8,21553,0.0,-107605600.0,0.0,0.0,0.0,0.0,0.0,0.0,0.0,0.0,0.0,0.0,0.0,0.0,0.0,0.0,0.0,0.0,0.0,0.0,0.0,0.0,-2.004,2.004,-2.004,-2.004,0.0,0.0,0.0,0.0,4487.0,0.0,6917.0,0.0,0.0,-0.0,0.0,0.0,0.0,0.0,0.0,69,-0.0,2.718413627765448e+23,0.0,0.0,0.0,0.0,0.0,0.0,0.0,0,0,0,0.0,0.0,0.0,0.0,0.0,0.0,0.0,0.0,0.0,0.0,0.0,0.0,0.0,0.0,0.0,0.0,0,-107875648.0,69,0.0,138,0.0,2.6474777903227054e+23,0,13107,17086,13107,17101,13107,17081,0,0,0,70,68,100,2.7302399002429377e+23,82.1,0.0,78.0,0.0,79.0,1,49,50,180,0,26215,0,0,0.0,0.0,0.0,0.0,-0.0,67.0,0.0,162057.094,0.0,975,0,1002,0,0,0,951,0,1026,0,926,0,790,0,781,0,822,0,7520,0.032,9.56924848823683e+19,0.0,0.0,784,16797,-0.0,162057.094,-114818.039,-0.0,0.133,6.909358625270745e+28,30.0,70.0,35,0.0,0.0,0.0,0.0,0.0,0.0,0.0,0.0,0.0,0.0,0.0,0.0,0.0,0.0,0.0,0.0,66.8,0,150,71,52,65476,0,300,0,0,8,20529,65476,0,0,44564,70.0,0.0,0.0,0.0,0.0,0.0
2026-09-10T21:32:14,ERR,ERR,ERR,ERR,ERR,ERR,ERR,ERR,ERR,ERR,ERR,ERR,ERR,ERR,ERR,ERR,ERR,ERR,ERR,ERR,ERR,ERR,ERR,ERR,ERR,ERR,ERR,ERR,ERR,ERR,ERR,ERR,ERR,ERR,ERR,ERR,ERR,ERR,ERR,ERR,ERR,ERR,ERR,ERR,ERR,ERR,ERR,ERR,ERR,ERR,ERR,ERR,ERR,ERR,ERR,ERR,ERR,ERR,ERR,ERR,ERR,ERR,ERR,ERR,ERR,ERR,ERR,ERR,ERR,ERR,ERR,ERR,ERR,ERR,ERR,ERR,ERR,ERR,ERR,ERR,ERR,ERR,ERR,ERR,ERR,ERR,ERR,ERR,ERR,ERR,ERR,ERR,ERR,ERR,ERR,ERR,ERR,ERR,ERR,ERR,ERR,ERR,ERR,ERR,ERR,ERR,ERR,ERR,ERR,ERR,ERR,ERR,ERR,ERR,ERR,ERR,ERR,ERR,ERR,ERR,ERR,ERR,ERR,ERR,ERR,0.0,0.0,2.6474835549302285e+23,0.0,0.0,1.3936040501711995e+18,7.805,0.0,0,0,4,0,7116,0.0,100,0.0,0.0,0.0,0.0,0.0,0,0,0,0,0.0,0,0,0,0,0,0,0,0,0,0,0,0,0,0,0,0,0,0,0,0,0,0,0,0,0,0,0,0,0,0,0,0,0,31,40,40,71,65476,0,300,0,0,8,21553,0.0,-107605600.0,0.0,0.0,0.0,0.0,0.0,0.0,0.0,0.0,0.0,0.0,0.0,0.0,0.0,0.0,0.0,0.0,0.0,0.0,0.0,0.0,-2.004,2.004,-2.004,-2.004,0.0,0.0,0.0,0.0,4487.0,0.0,6917.0,0.0,0.0,-0.0,0.0,0.0,0.0,0.0,0.0,69,-0.0,2.718413627765448e+23,0.0,0.0,0.0,0.0,0.0,0.0,0.0,0,0,0,0.0,0.0,0.0,0.0,0.0,0.0,0.0,0.0,0.0,0.0,0.0,0.0,0.0,0.0,0.0,0.0,0,-107875648.0,69,0.0,138,0.0,2.6474777903227054e+23,0,13107,17086,13107,17101,13107,17081,0,0,0,70,68,100,2.7302399002429377e+23,82.1,0.0,78.0,0.0,79.0,1,49,50,180,0,26215,0,0,0.0,0.0,0.0,0.0,-0.0,67.0,0.0,162057.094,0.0,975,0,1002,0,0,0,951,0,1026,0,926,0,790,0,781,0,822,0,7520,0.032,9.56924848823683e+19,0.0,0.0,784,16797,-0.0,162057.094,-114818.039,-0.0,0.133,6.909358625270745e+28,30.0,70.0,35,0.0,0.0,0.0,0.0,0.0,0.0,0.0,0.0,0.0,0.0,0.0,0.0,0.0,0.0,0.0,0.0,66.4,0,150,71,52,65476,0,300,0,0,8,20529,65476,0,0,44564,70.0,0.0,0.0,0.0,0.0,0.0
2026-09-10T21:32:15,ERR,ERR,ERR,ERR,ERR,ERR,ERR,ERR,ERR,ERR,ERR,ERR,ERR,ERR,ERR,ERR,ERR,ERR,ERR,ERR,ERR,ERR,ERR,ERR,ERR,ERR,ERR,ERR,ERR,ERR,ERR,ERR,ERR,ERR,ERR,ERR,ERR,ERR,ERR,ERR,ERR,ERR,ERR,ERR,ERR,ERR,ERR,ERR,ERR,ERR,ERR,ERR,ERR,ERR,ERR,ERR,ERR,ERR,ERR,ERR,ERR,ERR,ERR,ERR,ERR,ERR,ERR,ERR,ERR,ERR,ERR,ERR,ERR,ERR,ERR,ERR,ERR,ERR,ERR,ERR,ERR,ERR,ERR,ERR,ERR,ERR,ERR,ERR,ERR,ERR,ERR,ERR,ERR,ERR,ERR,ERR,ERR,ERR,ERR,ERR,ERR,ERR,ERR,ERR,ERR,ERR,ERR,ERR,ERR,ERR,ERR,ERR,ERR,ERR,ERR,ERR,ERR,ERR,ERR,ERR,ERR,ERR,ERR,ERR,ERR,0.0,0.0,2.6474835549302285e+23,0.0,0.0,1.3936040501711995e+18,7.805,0.0,0,0,4,0,7116,0.0,100,0.0,0.0,0.0,0.0,0.0,0,0,0,0,0.0,0,0,0,0,0,0,0,0,0,0,0,0,0,0,0,0,0,0,0,0,0,0,0,0,0,0,0,0,0,0,0,0,0,31,40,40,71,65476,0,300,0,0,8,21553,0.0,-107605600.0,0.0,0.0,0.0,0.0,0.0,0.0,0.0,0.0,0.0,0.0,0.0,0.0,0.0,0.0,0.0,0.0,0.0,0.0,0.0,0.0,-2.004,2.004,-2.004,-2.004,0.0,0.0,0.0,0.0,4487.0,0.0,6917.0,0.0,0.0,-0.0,0.0,0.0,0.0,0.0,0.0,69,-0.0,2.718413627765448e+23,0.0,0.0,0.0,0.0,0.0,0.0,0.0,0,0,0,0.0,0.0,0.0,0.0,0.0,0.0,0.0,0.0,0.0,0.0,0.0,0.0,0.0,0.0,0.0,0.0,0,-107875648.0,69,0.0,138,0.0,2.6474777903227054e+23,0,13107,17086,13107,17101,13107,17081,0,0,0,70,68,100,2.7302399002429377e+23,82.1,0.0,78.0,0.0,79.0,1,49,50,180,0,26215,0,0,0.0,0.0,0.0,0.0,-0.0,67.0,0.0,162057.094,0.0,975,0,1002,0,0,0,951,0,1026,0,926,0,790,0,781,0,822,0,7520,0.032,9.56924848823683e+19,0.0,0.0,784,16797,-0.0,162057.094,-114818.039,-0.0,0.133,6.909358625270745e+28,30.0,70.0,35,0.0,0.0,0.0,0.0,0.0,0.0,0.0,0.0,0.0,0.0,0.0,0.0,0.0,0.0,0.0,0.0,66.4,0,150,71,52,65476,0,300,0,0,8,20529,65476,0,0,44564,70.0,0.0,0.0,0.0,0.0,0.0
2026-09-10T21:32:16,ERR,ERR,ERR,ERR,ERR,ERR,ERR,ERR,ERR,ERR,ERR,ERR,ERR,ERR,ERR,ERR,ERR,ERR,ERR,ERR,ERR,ERR,ERR,ERR,ERR,ERR,ERR,ERR,ERR,ERR,ERR,ERR,ERR,ERR,ERR,ERR,ERR,ERR,ERR,ERR,ERR,ERR,ERR,ERR,ERR,ERR,ERR,ERR,ERR,ERR,ERR,ERR,ERR,ERR,ERR,ERR,ERR,ERR,ERR,ERR,ERR,ERR,ERR,ERR,ERR,ERR,ERR,ERR,ERR,ERR,ERR,ERR,ERR,ERR,ERR,ERR,ERR,ERR,ERR,ERR,ERR,ERR,ERR,ERR,ERR,ERR,ERR,ERR,ERR,ERR,ERR,ERR,ERR,ERR,ERR,ERR,ERR,ERR,ERR,ERR,ERR,ERR,ERR,ERR,ERR,ERR,ERR,ERR,ERR,ERR,ERR,ERR,ERR,ERR,ERR,ERR,ERR,ERR,ERR,ERR,ERR,ERR,ERR,ERR,ERR,0.0,0.0,2.6474835549302285e+23,0.0,0.0,1.3936040501711995e+18,7.805,0.0,0,0,4,0,7116,0.0,100,0.0,0.0,0.0,0.0,0.0,0,0,0,0,0.0,0,0,0,0,0,0,0,0,0,0,0,0,0,0,0,0,0,0,0,0,0,0,0,0,0,0,0,0,0,0,0,0,0,31,40,40,71,65476,0,300,0,0,8,21553,0.0,-107605600.0,0.0,0.0,0.0,0.0,0.0,0.0,0.0,0.0,0.0,0.0,0.0,0.0,0.0,0.0,0.0,0.0,0.0,0.0,0.0,0.0,-2.004,2.004,-2.004,-2.004,0.0,0.0,0.0,0.0,4487.0,0.0,6917.0,0.0,0.0,-0.0,0.0,0.0,0.0,0.0,0.0,69,-0.0,2.718413627765448e+23,0.0,0.0,0.0,0.0,0.0,0.0,0.0,0,0,0,0.0,0.0,0.0,0.0,0.0,0.0,0.0,0.0,0.0,0.0,0.0,0.0,0.0,0.0,0.0,0.0,0,-107875648.0,69,0.0,138,0.0,2.6474777903227054e+23,0,13107,17086,13107,17101,13107,17081,0,0,0,70,68,100,2.7302399002429377e+23,82.1,0.0,78.0,0.0,79.0,1,49,50,180,0,26215,0,0,0.0,0.0,0.0,0.0,-0.0,67.0,0.0,162057.094,0.0,975,0,1002,0,0,0,951,0,1026,0,926,0,790,0,781,0,822,0,7520,0.032,9.56924848823683e+19,0.0,0.0,784,16797,-0.0,162057.094,-114818.039,-0.0,0.133,6.909358625270745e+28,30.0,70.0,35,0.0,0.0,0.0,0.0,0.0,0.0,0.0,0.0,0.0,0.0,0.0,0.0,0.0,0.0,0.0,0.0,66.4,0,150,71,52,65476,0,300,0,0,8,20529,65476,0,0,44564,70.0,0.0,0.0,0.0,0.0,0.0
2026-09-10T21:32:17,ERR,ERR,ERR,ERR,ERR,ERR,ERR,ERR,ERR,ERR,ERR,ERR,ERR,ERR,ERR,ERR,ERR,ERR,ERR,ERR,ERR,ERR,ERR,ERR,ERR,ERR,ERR,ERR,ERR,ERR,ERR,ERR,ERR,ERR,ERR,ERR,ERR,ERR,ERR,ERR,ERR,ERR,ERR,ERR,ERR,ERR,ERR,ERR,ERR,ERR,ERR,ERR,ERR,ERR,ERR,ERR,ERR,ERR,ERR,ERR,ERR,ERR,ERR,ERR,ERR,ERR,ERR,ERR,ERR,ERR,ERR,ERR,ERR,ERR,ERR,ERR,ERR,ERR,ERR,ERR,ERR,ERR,ERR,ERR,ERR,ERR,ERR,ERR,ERR,ERR,ERR,ERR,ERR,ERR,ERR,ERR,ERR,ERR,ERR,ERR,ERR,ERR,ERR,ERR,ERR,ERR,ERR,ERR,ERR,ERR,ERR,ERR,ERR,ERR,ERR,ERR,ERR,ERR,ERR,ERR,ERR,ERR,ERR,ERR,ERR,0.0,0.0,2.6474835549302285e+23,0.0,0.0,1.3936040501711995e+18,7.805,0.0,0,0,4,0,7116,0.0,100,0.0,0.0,0.0,0.0,0.0,0,0,0,0,0.0,0,0,0,0,0,0,0,0,0,0,0,0,0,0,0,0,0,0,0,0,0,0,0,0,0,0,0,0,0,0,0,0,0,31,40,40,71,65476,0,300,0,0,8,21553,0.0,-107605600.0,0.0,0.0,0.0,0.0,0.0,0.0,0.0,0.0,0.0,0.0,0.0,0.0,0.0,0.0,0.0,0.0,0.0,0.0,0.0,0.0,-2.004,2.004,-2.004,-0.0,0.0,0.0,0.0,0.0,4490.0,0.0,6919.0,0.0,0.0,-0.0,0.0,0.0,0.0,0.0,0.0,69,-0.059,-0.0,0.0,0.0,0.0,0.0,0.0,0.0,0.0,0,0,0,0.0,0.0,0.0,0.0,0.0,0.0,0.0,0.0,0.0,0.0,0.0,0.0,0.0,0.0,0.0,0.0,0,-107875648.0,69,0.0,138,0.0,2.6474777903227054e+23,0,13107,17086,13107,17101,13107,17081,0,0,0,70,68,100,2.7302399002429377e+23,82.1,0.0,78.0,0.0,79.0,1,49,50,180,0,26215,0,0,0.0,0.0,0.0,0.0,-0.0,67.0,0.0,162057.094,0.0,975,0,1002,0,0,0,951,0,1026,0,926,0,790,0,781,0,822,0,7520,0.032,9.56924848823683e+19,0.0,0.0,784,16797,-0.0,162057.094,-114818.039,-0.0,0.133,6.909358625270745e+28,30.0,70.0,35,0.0,0.0,0.0,0.0,0.0,0.0,0.0,0.0,0.0,0.0,0.0,0.0,0.0,0.0,0.0,0.0,66.4,0,150,71,52,65476,0,300,0,0,8,20529,65476,0,0,44564,70.0,0.0,0.0,0.0,0.0,0.0
2026-09-10T21:32:18,ERR,ERR,ERR,ERR,ERR,ERR,ERR,ERR,ERR,ERR,ERR,ERR,ERR,ERR,ERR,ERR,ERR,ERR,ERR,ERR,ERR,ERR,ERR,ERR,ERR,ERR,ERR,ERR,ERR,ERR,ERR,ERR,ERR,ERR,ERR,ERR,ERR,ERR,ERR,ERR,ERR,ERR,ERR,ERR,ERR,ERR,ERR,ERR,ERR,ERR,ERR,ERR,ERR,ERR,ERR,ERR,ERR,ERR,ERR,ERR,ERR,ERR,ERR,ERR,ERR,ERR,ERR,ERR,ERR,ERR,ERR,ERR,ERR,ERR,ERR,ERR,ERR,ERR,ERR,ERR,ERR,ERR,ERR,ERR,ERR,ERR,ERR,ERR,ERR,ERR,ERR,ERR,ERR,ERR,ERR,ERR,ERR,ERR,ERR,ERR,ERR,ERR,ERR,ERR,ERR,ERR,ERR,ERR,ERR,ERR,ERR,ERR,ERR,ERR,ERR,ERR,ERR,ERR,ERR,ERR,ERR,ERR,ERR,ERR,ERR,0.0,0.0,2.6474835549302285e+23,0.0,0.0,1.3936040501711995e+18,7.805,0.0,0,0,4,0,7116,0.0,100,0.0,0.0,0.0,0.0,0.0,0,0,0,0,0.0,0,0,0,0,0,0,0,0,0,0,0,0,0,0,0,0,0,0,0,0,0,0,0,0,0,0,0,0,0,0,0,0,0,31,40,40,71,65476,0,300,0,0,8,21553,0.0,-107605600.0,0.0,0.0,0.0,0.0,0.0,0.0,0.0,0.0,0.0,0.0,0.0,0.0,0.0,0.0,0.0,0.0,0.0,0.0,0.0,0.0,-2.004,2.004,-2.004,-0.0,0.0,0.0,0.0,0.0,4490.0,0.0,6919.0,0.0,0.0,-0.0,0.0,0.0,0.0,0.0,0.0,69,-0.059,-0.0,0.0,0.0,0.0,0.0,0.0,0.0,0.0,0,0,0,0.0,0.0,0.0,0.0,0.0,0.0,0.0,0.0,0.0,0.0,0.0,0.0,0.0,0.0,0.0,0.0,0,-107875648.0,69,0.0,138,0.0,2.6474777903227054e+23,0,0,17086,26215,17101,13107,17081,0,0,0,70,68,100,2.7302399002429377e+23,82.1,0.0,78.0,0.0,79.0,1,49,50,180,0,26215,0,0,0.0,0.0,0.0,0.0,-0.0,67.0,0.0,162057.094,0.0,975,0,1002,0,0,0,951,0,1027,0,925,0,790,0,781,0,822,0,7520,0.032,9.626894563467172e+19,0.0,0.0,784,16797,-0.0,162057.094,-114818.039,-0.0,0.133,6.909358625270745e+28,30.0,70.0,35,0.0,0.0,0.0,0.0,0.0,0.0,0.0,0.0,0.0,0.0,0.0,0.0,0.0,0.0,0.0,0.0,66.4,0,150,71,52,65476,0,300,0,0,8,20529,65476,0,0,44564,70.0,0.0,0.0,0.0,0.0,0.0
2026-09-10T21:32:19,ERR,ERR,ERR,ERR,ERR,ERR,ERR,ERR,ERR,ERR,ERR,ERR,ERR,ERR,ERR,ERR,ERR,ERR,ERR,ERR,ERR,ERR,ERR,ERR,ERR,ERR,ERR,ERR,ERR,ERR,ERR,ERR,ERR,ERR,ERR,ERR,ERR,ERR,ERR,ERR,ERR,ERR,ERR,ERR,ERR,ERR,ERR,ERR,ERR,ERR,ERR,ERR,ERR,ERR,ERR,ERR,ERR,ERR,ERR,ERR,ERR,ERR,ERR,ERR,ERR,ERR,ERR,ERR,ERR,ERR,ERR,ERR,ERR,ERR,ERR,ERR,ERR,ERR,ERR,ERR,ERR,ERR,ERR,ERR,ERR,ERR,ERR,ERR,ERR,ERR,ERR,ERR,ERR,ERR,ERR,ERR,ERR,ERR,ERR,ERR,ERR,ERR,ERR,ERR,ERR,ERR,ERR,ERR,ERR,ERR,ERR,ERR,ERR,ERR,ERR,ERR,ERR,ERR,ERR,ERR,ERR,ERR,ERR,ERR,ERR,0.0,0.0,2.6474835549302285e+23,0.0,0.0,1.3936040501711995e+18,7.805,0.0,0,0,4,0,7116,0.0,100,0.0,0.0,0.0,0.0,0.0,0,0,0,0,0.0,0,0,0,0,0,0,0,0,0,0,0,0,0,0,0,0,0,0,0,0,0,0,0,0,0,0,0,0,0,0,0,0,0,31,40,40,71,65476,0,300,0,0,8,21553,0.0,-107605600.0,0.0,0.0,0.0,0.0,0.0,0.0,0.0,0.0,0.0,0.0,0.0,0.0,0.0,0.0,0.0,0.0,0.0,0.0,0.0,0.0,-2.004,2.004,-2.004,-0.0,0.0,0.0,0.0,0.0,4490.0,0.0,6919.0,0.0,0.0,-0.0,0.0,0.0,0.0,0.0,0.0,69,-0.059,-0.0,0.0,0.0,0.0,0.0,0.0,0.0,0.0,0,0,0,0.0,0.0,0.0,0.0,0.0,0.0,0.0,0.0,0.0,0.0,0.0,0.0,0.0,0.0,0.0,0.0,0,-107875648.0,69,0.0,138,0.0,2.6474777903227054e+23,0,0,17086,26215,17101,13107,17081,0,0,0,70,68,100,2.7302399002429377e+23,82.1,0.0,78.0,0.0,79.0,1,49,50,180,0,26215,0,0,0.0,0.0,0.0,0.0,-0.0,67.0,0.0,162057.094,0.0,975,0,1002,0,0,0,951,0,1027,0,925,0,790,0,781,0,822,0,7520,0.032,9.626894563467172e+19,0.0,0.0,784,16797,-0.0,162057.094,-114818.039,-0.0,0.133,6.909358625270745e+28,30.0,70.0,35,0.0,0.0,0.0,0.0,0.0,0.0,0.0,0.0,0.0,0.0,0.0,0.0,0.0,0.0,0.0,0.0,66.8,0,150,71,52,65476,0,300,0,0,8,20529,65476,0,0,44564,70.0,0.0,0.0,0.0,0.0,0.0
2026-09-10T21:32:20,ERR,ERR,ERR,ERR,ERR,ERR,ERR,ERR,ERR,ERR,ERR,ERR,ERR,ERR,ERR,ERR,ERR,ERR,ERR,ERR,ERR,ERR,ERR,ERR,ERR,ERR,ERR,ERR,ERR,ERR,ERR,ERR,ERR,ERR,ERR,ERR,ERR,ERR,ERR,ERR,ERR,ERR,ERR,ERR,ERR,ERR,ERR,ERR,ERR,ERR,ERR,ERR,ERR,ERR,ERR,ERR,ERR,ERR,ERR,ERR,ERR,ERR,ERR,ERR,ERR,ERR,ERR,ERR,ERR,ERR,ERR,ERR,ERR,ERR,ERR,ERR,ERR,ERR,ERR,ERR,ERR,ERR,ERR,ERR,ERR,ERR,ERR,ERR,ERR,ERR,ERR,ERR,ERR,ERR,ERR,ERR,ERR,ERR,ERR,ERR,ERR,ERR,ERR,ERR,ERR,ERR,ERR,ERR,ERR,ERR,ERR,ERR,ERR,ERR,ERR,ERR,ERR,ERR,ERR,ERR,ERR,ERR,ERR,ERR,ERR,0.0,0.0,2.6474835549302285e+23,0.0,0.0,1.3936040501711995e+18,7.805,0.0,0,0,4,0,7116,0.0,100,0.0,0.0,0.0,0.0,0.0,0,0,0,0,0.0,0,0,0,0,0,0,0,0,0,0,0,0,0,0,0,0,0,0,0,0,0,0,0,0,0,0,0,0,0,0,0,0,0,31,40,40,71,65476,0,300,0,0,8,21553,0.0,-107605600.0,0.0,0.0,0.0,0.0,0.0,0.0,0.0,0.0,0.0,0.0,0.0,0.0,0.0,0.0,0.0,0.0,0.0,0.0,0.0,0.0,-2.004,2.004,-2.004,-0.0,0.0,0.0,0.0,0.0,4490.0,0.0,6919.0,0.0,0.0,-0.0,0.0,0.0,0.0,0.0,0.0,69,-0.059,-0.0,0.0,0.0,0.0,0.0,0.0,0.0,0.0,0,0,0,0.0,0.0,0.0,0.0,0.0,0.0,0.0,0.0,0.0,0.0,0.0,0.0,0.0,0.0,0.0,0.0,0,-107875648.0,69,0.0,138,0.0,2.6474777903227054e+23,0,0,17086,26215,17101,13107,17081,0,0,0,70,68,100,2.7302399002429377e+23,82.1,0.0,78.0,0.0,79.0,1,49,50,180,0,26215,0,0,0.0,0.0,0.0,0.0,-0.0,67.0,0.0,162057.094,0.0,975,0,1002,0,0,0,951,0,1027,0,925,0,790,0,781,0,822,0,7520,0.032,9.626894563467172e+19,0.0,0.0,784,16797,-0.0,162057.094,-114818.039,-0.0,0.133,6.909358625270745e+28,30.0,70.0,35,0.0,0.0,0.0,0.0,0.0,0.0,0.0,0.0,0.0,0.0,0.0,0.0,0.0,0.0,0.0,0.0,66.8,0,150,71,52,65476,0,300,0,0,8,20529,65476,0,0,44564,70.0,0.0,0.0,0.0,0.0,0.0
2026-09-10T21:32:21,ERR,ERR,ERR,ERR,ERR,ERR,ERR,ERR,ERR,ERR,ERR,ERR,ERR,ERR,ERR,ERR,ERR,ERR,ERR,ERR,ERR,ERR,ERR,ERR,ERR,ERR,ERR,ERR,ERR,ERR,ERR,ERR,ERR,ERR,ERR,ERR,ERR,ERR,ERR,ERR,ERR,ERR,ERR,ERR,ERR,ERR,ERR,ERR,ERR,ERR,ERR,ERR,ERR,ERR,ERR,ERR,ERR,ERR,ERR,ERR,ERR,ERR,ERR,ERR,ERR,ERR,ERR,ERR,ERR,ERR,ERR,ERR,ERR,ERR,ERR,ERR,ERR,ERR,ERR,ERR,ERR,ERR,ERR,ERR,ERR,ERR,ERR,ERR,ERR,ERR,ERR,ERR,ERR,ERR,ERR,ERR,ERR,ERR,ERR,ERR,ERR,ERR,ERR,ERR,ERR,ERR,ERR,ERR,ERR,ERR,ERR,ERR,ERR,ERR,ERR,ERR,ERR,ERR,ERR,ERR,ERR,ERR,ERR,ERR,ERR,0.0,0.0,2.6474835549302285e+23,0.0,0.0,1.3936040501711995e+18,7.805,0.0,0,0,4,0,7116,0.0,100,0.0,0.0,0.0,0.0,0.0,0,0,0,0,0.0,0,0,0,0,0,0,0,0,0,0,0,0,0,0,0,0,0,0,0,0,0,0,0,0,0,0,0,0,0,0,0,0,0,31,40,40,71,65476,0,300,0,0,8,21553,0.0,-107605600.0,0.0,0.0,0.0,0.0,0.0,0.0,0.0,0.0,0.0,0.0,0.0,0.0,0.0,0.0,0.0,0.0,0.0,0.0,0.0,0.0,-2.004,2.004,-2.004,-0.0,0.0,0.0,0.0,0.0,4490.0,0.0,6919.0,0.0,0.0,-0.0,0.0,0.0,0.0,0.0,0.0,69,-0.059,-0.0,0.0,0.0,0.0,0.0,0.0,0.0,0.0,0,0,0,0.0,0.0,0.0,0.0,0.0,0.0,0.0,0.0,0.0,0.0,0.0,0.0,0.0,0.0,0.0,0.0,0,-107875648.0,69,0.0,138,0.0,2.6474777903227054e+23,0,0,17086,26215,17101,13107,17081,0,0,0,70,68,100,2.7302399002429377e+23,82.1,0.0,78.0,0.0,79.0,1,49,50,180,0,26215,0,0,0.0,0.0,0.0,0.0,-0.0,67.0,0.0,162057.094,0.0,975,0,1002,0,0,0,951,0,1027,0,925,0,790,0,781,0,822,0,7520,0.032,9.626894563467172e+19,0.0,0.0,784,16797,-0.0,162057.094,-114818.039,-0.0,0.133,6.909358625270745e+28,30.0,70.0,35,0.0,0.0,0.0,0.0,0.0,0.0,0.0,0.0,0.0,0.0,0.0,0.0,0.0,0.0,0.0,0.0,66.8,0,150,71,52,65476,0,300,0,0,8,20529,65476,0,0,44564,70.0,0.0,0.0,0.0,0.0,0.0
2026-09-10T21:32:22,ERR,ERR,ERR,ERR,ERR,ERR,ERR,ERR,ERR,ERR,ERR,ERR,ERR,ERR,ERR,ERR,ERR,ERR,ERR,ERR,ERR,ERR,ERR,ERR,ERR,ERR,ERR,ERR,ERR,ERR,ERR,ERR,ERR,ERR,ERR,ERR,ERR,ERR,ERR,ERR,ERR,ERR,ERR,ERR,ERR,ERR,ERR,ERR,ERR,ERR,ERR,ERR,ERR,ERR,ERR,ERR,ERR,ERR,ERR,ERR,ERR,ERR,ERR,ERR,ERR,ERR,ERR,ERR,ERR,ERR,ERR,ERR,ERR,ERR,ERR,ERR,ERR,ERR,ERR,ERR,ERR,ERR,ERR,ERR,ERR,ERR,ERR,ERR,ERR,ERR,ERR,ERR,ERR,ERR,ERR,ERR,ERR,ERR,ERR,ERR,ERR,ERR,ERR,ERR,ERR,ERR,ERR,ERR,ERR,ERR,ERR,ERR,ERR,ERR,ERR,ERR,ERR,ERR,ERR,ERR,ERR,ERR,ERR,ERR,ERR,0.0,0.0,2.6474835549302285e+23,0.0,0.0,1.3936040501711995e+18,7.805,0.0,0,0,4,0,7116,0.0,100,0.0,0.0,0.0,0.0,0.0,0,0,0,0,0.0,0,0,0,0,0,0,0,0,0,0,0,0,0,0,0,0,0,0,0,0,0,0,0,0,0,0,0,0,0,0,0,0,0,31,40,40,71,65476,0,300,0,0,8,21553,0.0,-107605600.0,0.0,0.0,0.0,0.0,0.0,0.0,0.0,0.0,0.0,0.0,0.0,0.0,0.0,0.0,0.0,0.0,0.0,0.0,0.0,0.0,-2.004,2.004,-2.004,-0.0,0.0,0.0,0.0,0.0,4490.0,0.0,6919.0,0.0,0.0,-0.0,0.0,0.0,0.0,0.0,0.0,69,-0.059,-0.0,0.0,0.0,0.0,0.0,0.0,0.0,0.0,0,0,0,0.0,0.0,0.0,0.0,0.0,0.0,0.0,0.0,0.0,0.0,0.0,0.0,0.0,0.0,0.0,0.0,0,-107875648.0,69,0.0,138,0.0,2.6474777903227054e+23,0,13107,17086,13107,17101,0,17081,0,0,0,70,68,100,2.7302399002429377e+23,82.1,0.0,78.0,0.0,79.0,1,49,50,180,0,26215,0,0,0.0,0.0,0.0,0.0,-0.0,67.0,0.0,162057.094,0.0,975,0,1002,0,0,0,950,0,1026,0,925,0,790,0,781,0,822,0,7520,0.032,9.56924848823683e+19,0.0,0.0,784,16797,-0.0,162057.094,-114818.039,-0.0,0.133,6.909358625270745e+28,30.0,70.0,35,0.0,0.0,0.0,0.0,0.0,0.0,0.0,0.0,0.0,0.0,0.0,0.0,0.0,0.0,0.0,0.0,66.8,0,150,71,52,65476,0,300,0,0,8,20529,65476,0,0,44564,70.0,0.0,0.0,0.0,0.0,0.0
2026-09-10T21:32:23,ERR,ERR,ERR,ERR,ERR,ERR,ERR,ERR,ERR,ERR,ERR,ERR,ERR,ERR,ERR,ERR,ERR,ERR,ERR,ERR,ERR,ERR,ERR,ERR,ERR,ERR,ERR,ERR,ERR,ERR,ERR,ERR,ERR,ERR,ERR,ERR,ERR,ERR,ERR,ERR,ERR,ERR,ERR,ERR,ERR,ERR,ERR,ERR,ERR,ERR,ERR,ERR,ERR,ERR,ERR,ERR,ERR,ERR,ERR,ERR,ERR,ERR,ERR,ERR,ERR,ERR,ERR,ERR,ERR,ERR,ERR,ERR,ERR,ERR,ERR,ERR,ERR,ERR,ERR,ERR,ERR,ERR,ERR,ERR,ERR,ERR,ERR,ERR,ERR,ERR,ERR,ERR,ERR,ERR,ERR,ERR,ERR,ERR,ERR,ERR,ERR,ERR,ERR,ERR,ERR,ERR,ERR,ERR,ERR,ERR,ERR,ERR,ERR,ERR,ERR,ERR,ERR,ERR,ERR,ERR,ERR,ERR,ERR,ERR,ERR,0.0,0.0,2.6474835549302285e+23,0.0,0.0,1.3936040501711995e+18,7.805,0.0,0,0,4,0,7116,0.0,100,0.0,0.0,0.0,0.0,0.0,0,0,0,0,0.0,0,0,0,0,0,0,0,0,0,0,0,0,0,0,0,0,0,0,0,0,0,0,0,0,0,0,0,0,0,0,0,0,0,31,40,40,71,65476,0,300,0,0,8,21553,0.0,-107605600.0,0.0,0.0,0.0,0.0,0.0,0.0,0.0,0.0,0.0,0.0,0.0,0.0,0.0,0.0,0.0,0.0,0.0,0.0,0.0,0.0,-2.004,2.004,-2.004,-0.0,0.0,0.0,0.0,0.0,4495.0,131350.188,6920.0,0.0,0.0,-0.0,0.0,0.0,0.0,0.0,0.0,69,-2.718430741444032e+23,-0.0,0.0,0.0,0.0,0.0,0.0,0.0,0.0,0,0,0,0.0,0.0,0.0,0.0,0.0,0.0,0.0,0.0,0.0,0.0,0.0,0.0,0.0,0.0,0.0,0.0,0,-107875648.0,69,0.0,138,0.0,2.6474777903227054e+23,0,13107,17086,13107,17101,0,17081,0,0,0,70,68,100,2.7302399002429377e+23,82.1,0.0,78.0,0.0,79.0,1,49,50,180,0,26215,0,0,0.0,0.0,0.0,0.0,-0.0,67.0,0.0,162057.094,0.0,975,0,1002,0,0,0,950,0,1026,0,925,0,790,0,781,0,822,0,7520,0.032,9.56924848823683e+19,0.0,0.0,784,16797,-0.0,162057.094,-114818.039,-0.0,0.133,6.909358625270745e+28,30.0,70.0,35,0.0,0.0,0.0,0.0,0.0,0.0,0.0,0.0,0.0,0.0,0.0,0.0,0.0,0.0,0.0,0.0,66.8,0,150,71,52,65476,0,300,0,0,8,20529,65476,0,0,44564,70.0,0.0,0.0,0.0,0.0,0.0
2026-09-10T21:32:24,ERR,ERR,ERR,ERR,ERR,ERR,ERR,ERR,ERR,ERR,ERR,ERR,ERR,ERR,ERR,ERR,ERR,ERR,ERR,ERR,ERR,ERR,ERR,ERR,ERR,ERR,ERR,ERR,ERR,ERR,ERR,ERR,ERR,ERR,ERR,ERR,ERR,ERR,ERR,ERR,ERR,ERR,ERR,ERR,ERR,ERR,ERR,ERR,ERR,ERR,ERR,ERR,ERR,ERR,ERR,ERR,ERR,ERR,ERR,ERR,ERR,ERR,ERR,ERR,ERR,ERR,ERR,ERR,ERR,ERR,ERR,ERR,ERR,ERR,ERR,ERR,ERR,ERR,ERR,ERR,ERR,ERR,ERR,ERR,ERR,ERR,ERR,ERR,ERR,ERR,ERR,ERR,ERR,ERR,ERR,ERR,ERR,ERR,ERR,ERR,ERR,ERR,ERR,ERR,ERR,ERR,ERR,ERR,ERR,ERR,ERR,ERR,ERR,ERR,ERR,ERR,ERR,ERR,ERR,ERR,ERR,ERR,ERR,ERR,ERR,0.0,0.0,2.6474835549302285e+23,0.0,0.0,1.3936040501711995e+18,7.805,0.0,0,0,4,0,7116,0.0,100,0.0,0.0,0.0,0.0,0.0,0,0,0,0,0.0,0,0,0,0,0,0,0,0,0,0,0,0,0,0,0,0,0,0,0,0,0,0,0,0,0,0,0,0,0,0,0,0,0,31,40,40,71,65476,0,300,0,0,8,21553,0.0,-107605600.0,0.0,0.0,0.0,0.0,0.0,0.0,0.0,0.0,0.0,0.0,0.0,0.0,0.0,0.0,0.0,0.0,0.0,0.0,0.0,0.0,-2.004,2.004,-2.004,-0.0,0.0,0.0,0.0,0.0,4495.0,131350.188,6920.0,0.0,0.0,-0.0,0.0,0.0,0.0,0.0,0.0,69,-2.718430741444032e+23,-0.0,0.0,0.0,0.0,0.0,0.0,0.0,0.0,0,0,0,0.0,0.0,0.0,0.0,0.0,0.0,0.0,0.0,0.0,0.0,0.0,0.0,0.0,0.0,0.0,0.0,0,-107875648.0,69,0.0,138,0.0,2.6474777903227054e+23,0,13107,17086,13107,17101,0,17081,0,0,0,70,68,100,2.7302399002429377e+23,82.1,0.0,78.0,0.0,79.0,1,49,50,180,0,26215,0,0,0.0,0.0,0.0,0.0,-0.0,67.0,0.0,162057.094,0.0,975,0,1002,0,0,0,950,0,1026,0,925,0,790,0,781,0,822,0,7520,0.032,9.56924848823683e+19,0.0,0.0,784,16797,-0.0,162057.094,-114818.039,-0.0,0.133,6.909358625270745e+28,30.0,70.0,35,0.0,0.0,0.0,0.0,0.0,0.0,0.0,0.0,0.0,0.0,0.0,0.0,0.0,0.0,0.0,0.0,66.8,0,150,71,52,65476,0,300,0,0,8,20529,65476,0,0,44564,70.0,0.0,0.0,0.0,0.0,0.0
2026-09-10T21:32:25,ERR,ERR,ERR,ERR,ERR,ERR,ERR,ERR,ERR,ERR,ERR,ERR,ERR,ERR,ERR,ERR,ERR,ERR,ERR,ERR,ERR,ERR,ERR,ERR,ERR,ERR,ERR,ERR,ERR,ERR,ERR,ERR,ERR,ERR,ERR,ERR,ERR,ERR,ERR,ERR,ERR,ERR,ERR,ERR,ERR,ERR,ERR,ERR,ERR,ERR,ERR,ERR,ERR,ERR,ERR,ERR,ERR,ERR,ERR,ERR,ERR,ERR,ERR,ERR,ERR,ERR,ERR,ERR,ERR,ERR,ERR,ERR,ERR,ERR,ERR,ERR,ERR,ERR,ERR,ERR,ERR,ERR,ERR,ERR,ERR,ERR,ERR,ERR,ERR,ERR,ERR,ERR,ERR,ERR,ERR,ERR,ERR,ERR,ERR,ERR,ERR,ERR,ERR,ERR,ERR,ERR,ERR,ERR,ERR,ERR,ERR,ERR,ERR,ERR,ERR,ERR,ERR,ERR,ERR,ERR,ERR,ERR,ERR,ERR,ERR,0.0,0.0,2.6474835549302285e+23,0.0,0.0,1.3936040501711995e+18,7.805,0.0,0,0,4,0,7116,0.0,100,0.0,0.0,0.0,0.0,0.0,0,0,0,0,0.0,0,0,0,0,0,0,0,0,0,0,0,0,0,0,0,0,0,0,0,0,0,0,0,0,0,0,0,0,0,0,0,0,0,31,40,40,71,65476,0,300,0,0,8,21553,0.0,-107605600.0,0.0,0.0,0.0,0.0,0.0,0.0,0.0,0.0,0.0,0.0,0.0,0.0,0.0,0.0,0.0,0.0,0.0,0.0,0.0,0.0,-2.004,2.004,-2.004,-0.0,0.0,0.0,0.0,0.0,4495.0,131350.188,6920.0,0.0,0.0,-0.0,0.0,0.0,0.0,0.0,0.0,69,-2.718430741444032e+23,-0.0,0.0,0.0,0.0,0.0,0.0,0.0,0.0,0,0,0,0.0,0.0,0.0,0.0,0.0,0.0,0.0,0.0,0.0,0.0,0.0,0.0,0.0,0.0,0.0,0.0,0,-107875648.0,69,0.0,138,0.0,2.6474777903227054e+23,0,13107,17086,13107,17101,0,17081,0,0,0,70,68,100,2.7302399002429377e+23,82.1,0.0,78.0,0.0,79.0,1,49,50,180,0,26215,0,0,0.0,0.0,0.0,0.0,-0.0,67.0,0.0,162057.094,0.0,975,0,1002,0,0,0,950,0,1026,0,925,0,790,0,781,0,822,0,7520,0.032,9.56924848823683e+19,0.0,0.0,784,16797,-0.0,162057.094,-114818.039,-0.0,0.133,6.909358625270745e+28,30.0,70.0,35,0.0,0.0,0.0,0.0,0.0,0.0,0.0,0.0,0.0,0.0,0.0,0.0,0.0,0.0,0.0,0.0,66.4,0,150,71,52,65476,0,300,0,0,8,20529,65476,0,0,44564,70.0,0.0,0.0,0.0,0.0,0.0
2026-09-10T21:32:26,ERR,ERR,ERR,ERR,ERR,ERR,ERR,ERR,ERR,ERR,ERR,ERR,ERR,ERR,ERR,ERR,ERR,ERR,ERR,ERR,ERR,ERR,ERR,ERR,ERR,ERR,ERR,ERR,ERR,ERR,ERR,ERR,ERR,ERR,ERR,ERR,ERR,ERR,ERR,ERR,ERR,ERR,ERR,ERR,ERR,ERR,ERR,ERR,ERR,ERR,ERR,ERR,ERR,ERR,ERR,ERR,ERR,ERR,ERR,ERR,ERR,ERR,ERR,ERR,ERR,ERR,ERR,ERR,ERR,ERR,ERR,ERR,ERR,ERR,ERR,ERR,ERR,ERR,ERR,ERR,ERR,ERR,ERR,ERR,ERR,ERR,ERR,ERR,ERR,ERR,ERR,ERR,ERR,ERR,ERR,ERR,ERR,ERR,ERR,ERR,ERR,ERR,ERR,ERR,ERR,ERR,ERR,ERR,ERR,ERR,ERR,ERR,ERR,ERR,ERR,ERR,ERR,ERR,ERR,ERR,ERR,ERR,ERR,ERR,ERR,0.0,0.0,2.6474835549302285e+23,0.0,0.0,1.3936040501711995e+18,7.805,0.0,0,0,4,0,7116,0.0,100,0.0,0.0,0.0,0.0,0.0,0,0,0,0,0.0,0,0,0,0,0,0,0,0,0,0,0,0,0,0,0,0,0,0,0,0,0,0,0,0,0,0,0,0,0,0,0,0,0,31,40,40,71,65476,0,300,0,0,8,21553,0.0,-107605600.0,0.0,0.0,0.0,0.0,0.0,0.0,0.0,0.0,0.0,0.0,0.0,0.0,0.0,0.0,0.0,0.0,0.0,0.0,0.0,0.0,-2.004,2.004,-2.004,-0.0,0.0,0.0,0.0,0.0,4495.0,131350.188,6920.0,0.0,0.0,-0.0,0.0,0.0,0.0,0.0,0.0,69,-2.718430741444032e+23,-0.0,0.0,0.0,0.0,0.0,0.0,0.0,0.0,0,0,0,0.0,0.0,0.0,0.0,0.0,0.0,0.0,0.0,0.0,0.0,0.0,0.0,0.0,0.0,0.0,0.0,0,-107875648.0,69,0.0,138,0.0,2.6474777903227054e+23,0,13107,17086,13107,17101,0,17081,0,0,0,70,68,100,2.7302399002429377e+23,82.1,0.0,78.0,0.0,79.0,1,49,50,180,0,26215,0,0,0.0,0.0,0.0,0.0,-0.0,67.0,0.0,162057.094,0.0,975,0,1002,0,0,0,950,0,1026,0,925,0,790,0,781,0,822,0,7520,0.032,9.56924848823683e+19,0.0,0.0,784,16797,-0.0,162057.094,-114818.039,-0.0,0.133,6.909358625270745e+28,30.0,70.0,35,0.0,0.0,0.0,0.0,0.0,0.0,0.0,0.0,0.0,0.0,0.0,0.0,0.0,0.0,0.0,0.0,66.4,0,150,71,52,65476,0,300,0,0,8,20529,65476,0,0,44564,70.0,0.0,0.0,0.0,0.0,0.0
2026-09-10T21:32:27,ERR,ERR,ERR,ERR,ERR,ERR,ERR,ERR,ERR,ERR,ERR,ERR,ERR,ERR,ERR,ERR,ERR,ERR,ERR,ERR,ERR,ERR,ERR,ERR,ERR,ERR,ERR,ERR,ERR,ERR,ERR,ERR,ERR,ERR,ERR,ERR,ERR,ERR,ERR,ERR,ERR,ERR,ERR,ERR,ERR,ERR,ERR,ERR,ERR,ERR,ERR,ERR,ERR,ERR,ERR,ERR,ERR,ERR,ERR,ERR,ERR,ERR,ERR,ERR,ERR,ERR,ERR,ERR,ERR,ERR,ERR,ERR,ERR,ERR,ERR,ERR,ERR,ERR,ERR,ERR,ERR,ERR,ERR,ERR,ERR,ERR,ERR,ERR,ERR,ERR,ERR,ERR,ERR,ERR,ERR,ERR,ERR,ERR,ERR,ERR,ERR,ERR,ERR,ERR,ERR,ERR,ERR,ERR,ERR,ERR,ERR,ERR,ERR,ERR,ERR,ERR,ERR,ERR,ERR,ERR,ERR,ERR,ERR,ERR,ERR,0.0,0.0,2.6474835549302285e+23,0.0,0.0,1.3936040501711995e+18,7.805,0.0,0,0,4,0,7116,0.0,100,0.0,0.0,0.0,0.0,0.0,0,0,0,0,0.0,0,0,0,0,0,0,0,0,0,0,0,0,0,0,0,0,0,0,0,0,0,0,0,0,0,0,0,0,0,0,0,0,0,31,40,40,71,65476,0,300,0,0,8,21553,0.0,-107605600.0,0.0,0.0,0.0,0.0,0.0,0.0,0.0,0.0,0.0,0.0,0.0,0.0,0.0,0.0,0.0,0.0,0.0,0.0,0.0,0.0,-2.004,2.004,-2.004,-0.0,0.0,0.0,0.0,0.0,4495.0,131350.188,6920.0,0.0,0.0,-0.0,0.0,0.0,0.0,0.0,0.0,69,-2.718430741444032e+23,-0.0,0.0,0.0,0.0,0.0,0.0,0.0,0.0,0,0,0,0.0,0.0,0.0,0.0,0.0,0.0,0.0,0.0,0.0,0.0,0.0,0.0,0.0,0.0,0.0,0.0,0,-107875648.0,69,0.0,138,0.0,2.6474777903227054e+23,0,0,17086,26215,17101,0,17081,0,0,0,70,68,100,2.7302399002429377e+23,82.1,0.0,78.0,0.0,79.0,1,49,50,180,0,26215,0,0,0.0,0.0,0.0,0.0,-0.0,67.0,0.0,162057.094,0.0,975,0,1002,0,0,0,951,0,1027,0,925,0,790,0,781,0,822,0,7520,0.032,9.56924848823683e+19,0.0,0.0,784,16797,-0.0,162057.094,-114818.039,-0.0,0.133,6.909358625270745e+28,30.0,70.0,35,0.0,0.0,0.0,0.0,0.0,0.0,0.0,0.0,0.0,0.0,0.0,0.0,0.0,0.0,0.0,0.0,66.4,0,150,71,52,65476,0,300,0,0,8,20529,65476,0,0,44564,70.0,0.0,0.0,0.0,0.0,0.0
2026-09-10T21:32:28,ERR,ERR,ERR,ERR,ERR,ERR,ERR,ERR,ERR,ERR,ERR,ERR,ERR,ERR,ERR,ERR,ERR,ERR,ERR,ERR,ERR,ERR,ERR,ERR,ERR,ERR,ERR,ERR,ERR,ERR,ERR,ERR,ERR,ERR,ERR,ERR,ERR,ERR,ERR,ERR,ERR,ERR,ERR,ERR,ERR,ERR,ERR,ERR,ERR,ERR,ERR,ERR,ERR,ERR,ERR,ERR,ERR,ERR,ERR,ERR,ERR,ERR,ERR,ERR,ERR,ERR,ERR,ERR,ERR,ERR,ERR,ERR,ERR,ERR,ERR,ERR,ERR,ERR,ERR,ERR,ERR,ERR,ERR,ERR,ERR,ERR,ERR,ERR,ERR,ERR,ERR,ERR,ERR,ERR,ERR,ERR,ERR,ERR,ERR,ERR,ERR,ERR,ERR,ERR,ERR,ERR,ERR,ERR,ERR,ERR,ERR,ERR,ERR,ERR,ERR,ERR,ERR,ERR,ERR,ERR,ERR,ERR,ERR,ERR,ERR,0.0,0.0,2.6474835549302285e+23,0.0,0.0,1.3936040501711995e+18,7.805,0.0,0,0,4,0,7116,0.0,100,0.0,0.0,0.0,0.0,0.0,0,0,0,0,0.0,0,0,0,0,0,0,0,0,0,0,0,0,0,0,0,0,0,0,0,0,0,0,0,0,0,0,0,0,0,0,0,0,0,31,40,40,71,65476,0,300,0,0,8,21553,0.0,-107605600.0,0.0,0.0,0.0,0.0,0.0,0.0,0.0,0.0,0.0,0.0,0.0,0.0,0.0,0.0,0.0,0.0,0.0,0.0,0.0,0.0,-2.004,2.004,-2.004,-0.0,0.0,0.0,0.0,0.0,4495.0,131350.188,6920.0,0.0,0.0,-0.0,0.0,0.0,0.0,0.0,0.0,69,-2.718430741444032e+23,-0.0,0.0,0.0,0.0,0.0,0.0,0.0,0.0,0,0,0,0.0,0.0,0.0,0.0,0.0,0.0,0.0,0.0,0.0,0.0,0.0,0.0,0.0,0.0,0.0,0.0,0,-107875648.0,69,0.0,138,0.0,2.6474777903227054e+23,0,0,17086,26215,17101,0,17081,0,0,0,70,68,100,2.7302399002429377e+23,82.1,0.0,78.0,0.0,79.0,1,49,50,180,0,26215,0,0,0.0,0.0,0.0,0.0,-0.0,67.0,0.0,162057.094,0.0,975,0,1002,0,0,0,951,0,1027,0,925,0,790,0,781,0,822,0,7520,0.032,9.56924848823683e+19,0.0,0.0,784,16797,-0.0,162057.094,-114818.039,-0.0,0.133,6.909358625270745e+28,30.0,70.0,35,0.0,0.0,0.0,0.0,0.0,0.0,0.0,0.0,0.0,0.0,0.0,0.0,0.0,0.0,0.0,0.0,66.4,0,150,71,52,65476,0,300,0,0,8,20529,65476,0,0,44564,70.0,0.0,0.0,0.0,0.0,0.0
2026-09-10T21:32:29,ERR,ERR,ERR,ERR,ERR,ERR,ERR,ERR,ERR,ERR,ERR,ERR,ERR,ERR,ERR,ERR,ERR,ERR,ERR,ERR,ERR,ERR,ERR,ERR,ERR,ERR,ERR,ERR,ERR,ERR,ERR,ERR,ERR,ERR,ERR,ERR,ERR,ERR,ERR,ERR,ERR,ERR,ERR,ERR,ERR,ERR,ERR,ERR,ERR,ERR,ERR,ERR,ERR,ERR,ERR,ERR,ERR,ERR,ERR,ERR,ERR,ERR,ERR,ERR,ERR,ERR,ERR,ERR,ERR,ERR,ERR,ERR,ERR,ERR,ERR,ERR,ERR,ERR,ERR,ERR,ERR,ERR,ERR,ERR,ERR,ERR,ERR,ERR,ERR,ERR,ERR,ERR,ERR,ERR,ERR,ERR,ERR,ERR,ERR,ERR,ERR,ERR,ERR,ERR,ERR,ERR,ERR,ERR,ERR,ERR,ERR,ERR,ERR,ERR,ERR,ERR,ERR,ERR,ERR,ERR,ERR,ERR,ERR,ERR,ERR,0.0,0.0,2.6474835549302285e+23,0.0,0.0,1.3936040501711995e+18,7.805,0.0,0,0,4,0,7116,0.0,100,0.0,0.0,0.0,0.0,0.0,0,0,0,0,0.0,0,0,0,0,0,0,0,0,0,0,0,0,0,0,0,0,0,0,0,0,0,0,0,0,0,0,0,0,0,0,0,0,0,31,40,40,71,65476,0,300,0,0,8,21553,0.0,-107605600.0,0.0,0.0,0.0,0.0,0.0,0.0,0.0,0.0,0.0,0.0,0.0,0.0,0.0,0.0,0.0,0.0,0.0,0.0,0.0,0.0,-2.004,2.004,-2.004,-0.0,0.0,0.0,0.0,0.0,4495.0,131350.188,6920.0,0.0,0.0,-0.0,0.0,0.0,0.0,0.0,0.0,69,-2.718430741444032e+23,-0.0,0.0,0.0,0.0,0.0,0.0,0.0,0.0,0,0,0,0.0,0.0,0.0,0.0,0.0,0.0,0.0,0.0,0.0,0.0,0.0,0.0,0.0,0.0,0.0,0.0,0,-107875648.0,69,0.0,138,0.0,2.6474777903227054e+23,0,0,17086,26215,17101,0,17081,0,0,0,70,68,100,2.7302399002429377e+23,82.1,0.0,78.0,0.0,79.0,1,49,50,180,0,26215,0,0,0.0,0.0,0.0,0.0,-0.0,67.0,0.0,162057.094,0.0,975,0,1002,0,0,0,951,0,1027,0,925,0,790,0,781,0,822,0,7520,0.032,9.56924848823683e+19,0.0,0.0,784,16797,-0.0,162057.094,-114818.039,-0.0,0.133,6.909358625270745e+28,30.0,70.0,35,0.0,0.0,0.0,0.0,0.0,0.0,0.0,0.0,0.0,0.0,0.0,0.0,0.0,0.0,0.0,0.0,66.4,0,150,71,52,65476,0,300,0,0,8,20529,65476,0,0,44564,70.0,0.0,0.0,0.0,0.0,0.0
2026-09-10T21:32:30,ERR,ERR,ERR,ERR,ERR,ERR,ERR,ERR,ERR,ERR,ERR,ERR,ERR,ERR,ERR,ERR,ERR,ERR,ERR,ERR,ERR,ERR,ERR,ERR,ERR,ERR,ERR,ERR,ERR,ERR,ERR,ERR,ERR,ERR,ERR,ERR,ERR,ERR,ERR,ERR,ERR,ERR,ERR,ERR,ERR,ERR,ERR,ERR,ERR,ERR,ERR,ERR,ERR,ERR,ERR,ERR,ERR,ERR,ERR,ERR,ERR,ERR,ERR,ERR,ERR,ERR,ERR,ERR,ERR,ERR,ERR,ERR,ERR,ERR,ERR,ERR,ERR,ERR,ERR,ERR,ERR,ERR,ERR,ERR,ERR,ERR,ERR,ERR,ERR,ERR,ERR,ERR,ERR,ERR,ERR,ERR,ERR,ERR,ERR,ERR,ERR,ERR,ERR,ERR,ERR,ERR,ERR,ERR,ERR,ERR,ERR,ERR,ERR,ERR,ERR,ERR,ERR,ERR,ERR,ERR,ERR,ERR,ERR,ERR,ERR,0.0,0.0,2.6474835549302285e+23,0.0,0.0,1.3936040501711995e+18,7.805,0.0,0,0,4,0,7116,0.0,100,0.0,0.0,0.0,0.0,0.0,0,0,0,0,0.0,0,0,0,0,0,0,0,0,0,0,0,0,0,0,0,0,0,0,0,0,0,0,0,0,0,0,0,0,0,0,0,0,0,31,40,40,71,65476,0,300,0,0,8,21553,0.0,-107605600.0,0.0,0.0,0.0,0.0,0.0,0.0,0.0,0.0,0.0,0.0,0.0,0.0,0.0,0.0,0.0,0.0,0.0,0.0,0.0,0.0,-2.004,2.004,-2.004,-0.0,0.0,0.0,0.0,0.0,4490.0,8608165888.0,6922.0,0.0,0.0,-0.0,0.0,0.0,0.0,0.0,0.0,69,-107615376.0,-0.0,0.0,0.0,0.0,0.0,0.0,0.0,0.0,0,0,0,0.0,0.0,0.0,0.0,0.0,0.0,0.0,0.0,0.0,0.0,0.0,0.0,0.0,0.0,0.0,0.0,0,-107875648.0,69,0.0,138,0.0,2.6474777903227054e+23,0,0,17086,26215,17101,0,17081,0,0,0,70,68,100,2.7302399002429377e+23,82.1,0.0,78.0,0.0,79.0,1,49,50,180,0,26215,0,0,0.0,0.0,0.0,0.0,-0.0,67.0,0.0,162057.094,0.0,975,0,1002,0,0,0,951,0,1027,0,925,0,790,0,781,0,822,0,7520,0.032,9.56924848823683e+19,0.0,0.0,784,16797,-0.0,162057.094,-114818.039,-0.0,0.133,6.909358625270745e+28,30.0,70.0,35,0.0,0.0,0.0,0.0,0.0,0.0,0.0,0.0,0.0,0.0,0.0,0.0,0.0,0.0,0.0,0.0,66.4,0,150,71,52,65476,0,300,0,0,8,20529,65476,0,0,44564,70.0,0.0,0.0,0.0,0.0,0.0
2026-09-10T21:32:31,ERR,ERR,ERR,ERR,ERR,ERR,ERR,ERR,ERR,ERR,ERR,ERR,ERR,ERR,ERR,ERR,ERR,ERR,ERR,ERR,ERR,ERR,ERR,ERR,ERR,ERR,ERR,ERR,ERR,ERR,ERR,ERR,ERR,ERR,ERR,ERR,ERR,ERR,ERR,ERR,ERR,ERR,ERR,ERR,ERR,ERR,ERR,ERR,ERR,ERR,ERR,ERR,ERR,ERR,ERR,ERR,ERR,ERR,ERR,ERR,ERR,ERR,ERR,ERR,ERR,ERR,ERR,ERR,ERR,ERR,ERR,ERR,ERR,ERR,ERR,ERR,ERR,ERR,ERR,ERR,ERR,ERR,ERR,ERR,ERR,ERR,ERR,ERR,ERR,ERR,ERR,ERR,ERR,ERR,ERR,ERR,ERR,ERR,ERR,ERR,ERR,ERR,ERR,ERR,ERR,ERR,ERR,ERR,ERR,ERR,ERR,ERR,ERR,ERR,ERR,ERR,ERR,ERR,ERR,ERR,ERR,ERR,ERR,ERR,ERR,0.0,0.0,2.6474835549302285e+23,0.0,0.0,1.3936040501711995e+18,7.805,0.0,0,0,4,0,7116,0.0,100,0.0,0.0,0.0,0.0,0.0,0,0,0,0,0.0,0,0,0,0,0,0,0,0,0,0,0,0,0,0,0,0,0,0,0,0,0,0,0,0,0,0,0,0,0,0,0,0,0,31,40,40,71,65476,0,300,0,0,8,21553,0.0,-107605600.0,0.0,0.0,0.0,0.0,0.0,0.0,0.0,0.0,0.0,0.0,0.0,0.0,0.0,0.0,0.0,0.0,0.0,0.0,0.0,0.0,-2.004,2.004,-2.004,-0.0,0.0,0.0,0.0,0.0,4490.0,8608165888.0,6922.0,0.0,0.0,-0.0,0.0,0.0,0.0,0.0,0.0,69,-107615376.0,-0.0,0.0,0.0,0.0,0.0,0.0,0.0,0.0,0,0,0,0.0,0.0,0.0,0.0,0.0,0.0,0.0,0.0,0.0,0.0,0.0,0.0,0.0,0.0,0.0,0.0,0,-107875648.0,69,0.0,138,0.0,2.6474777903227054e+23,0,0,17086,26215,17101,0,17081,0,0,0,70,68,100,2.7302399002429377e+23,82.1,0.0,78.0,0.0,79.0,1,49,50,180,0,26215,0,0,0.0,0.0,0.0,0.0,-0.0,67.0,0.0,162057.094,0.0,975,0,1002,0,0,0,951,0,1027,0,925,0,790,0,781,0,822,0,7520,0.032,9.56924848823683e+19,0.0,0.0,784,16797,-0.0,162057.094,-114818.039,-0.0,0.133,6.909358625270745e+28,30.0,70.0,35,0.0,0.0,0.0,0.0,0.0,0.0,0.0,0.0,0.0,0.0,0.0,0.0,0.0,0.0,0.0,0.0,66.4,0,150,71,52,65476,0,300,0,0,8,20529,65476,0,0,44564,70.0,0.0,0.0,0.0,0.0,0.0
2026-09-10T21:32:32,ERR,ERR,ERR,ERR,ERR,ERR,ERR,ERR,ERR,ERR,ERR,ERR,ERR,ERR,ERR,ERR,ERR,ERR,ERR,ERR,ERR,ERR,ERR,ERR,ERR,ERR,ERR,ERR,ERR,ERR,ERR,ERR,ERR,ERR,ERR,ERR,ERR,ERR,ERR,ERR,ERR,ERR,ERR,ERR,ERR,ERR,ERR,ERR,ERR,ERR,ERR,ERR,ERR,ERR,ERR,ERR,ERR,ERR,ERR,ERR,ERR,ERR,ERR,ERR,ERR,ERR,ERR,ERR,ERR,ERR,ERR,ERR,ERR,ERR,ERR,ERR,ERR,ERR,ERR,ERR,ERR,ERR,ERR,ERR,ERR,ERR,ERR,ERR,ERR,ERR,ERR,ERR,ERR,ERR,ERR,ERR,ERR,ERR,ERR,ERR,ERR,ERR,ERR,ERR,ERR,ERR,ERR,ERR,ERR,ERR,ERR,ERR,ERR,ERR,ERR,ERR,ERR,ERR,ERR,ERR,ERR,ERR,ERR,ERR,ERR,0.0,0.0,2.6474835549302285e+23,0.0,0.0,1.3936040501711995e+18,7.805,0.0,0,0,4,0,7116,0.0,100,0.0,0.0,0.0,0.0,0.0,0,0,0,0,0.0,0,0,0,0,0,0,0,0,0,0,0,0,0,0,0,0,0,0,0,0,0,0,0,0,0,0,0,0,0,0,0,0,0,31,40,40,71,65476,0,300,0,0,8,21553,0.0,-107605600.0,0.0,0.0,0.0,0.0,0.0,0.0,0.0,0.0,0.0,0.0,0.0,0.0,0.0,0.0,0.0,0.0,0.0,0.0,0.0,0.0,-2.004,2.004,-2.004,-0.0,0.0,0.0,0.0,0.0,4490.0,8608165888.0,6922.0,0.0,0.0,-0.0,0.0,0.0,0.0,0.0,0.0,69,-107615376.0,-0.0,0.0,0.0,0.0,0.0,0.0,0.0,0.0,0,0,0,0.0,0.0,0.0,0.0,0.0,0.0,0.0,0.0,0.0,0.0,0.0,0.0,0.0,0.0,0.0,0.0,0,-107875648.0,69,0.0,138,0.0,2.6474777903227054e+23,0,13107,17086,13107,17101,0,17081,0,0,0,70,68,100,2.7302399002429377e+23,82.1,0.0,78.0,0.0,79.0,1,49,50,180,0,26215,0,0,0.0,0.0,0.0,0.0,-0.0,67.0,0.0,162057.094,0.0,975,0,1002,0,0,0,950,0,1026,0,925,0,790,0,781,0,822,0,7520,0.032,9.56924848823683e+19,0.0,0.0,784,16797,-0.0,162057.094,-114818.039,-0.0,0.133,6.909358625270745e+28,30.0,70.0,35,0.0,0.0,0.0,0.0,0.0,0.0,0.0,0.0,0.0,0.0,0.0,0.0,0.0,0.0,0.0,0.0,66.4,0,150,71,52,65476,0,300,0,0,8,20529,65476,0,0,44564,70.0,0.0,0.0,0.0,0.0,0.0
2026-09-10T21:32:33,ERR,ERR,ERR,ERR,ERR,ERR,ERR,ERR,ERR,ERR,ERR,ERR,ERR,ERR,ERR,ERR,ERR,ERR,ERR,ERR,ERR,ERR,ERR,ERR,ERR,ERR,ERR,ERR,ERR,ERR,ERR,ERR,ERR,ERR,ERR,ERR,ERR,ERR,ERR,ERR,ERR,ERR,ERR,ERR,ERR,ERR,ERR,ERR,ERR,ERR,ERR,ERR,ERR,ERR,ERR,ERR,ERR,ERR,ERR,ERR,ERR,ERR,ERR,ERR,ERR,ERR,ERR,ERR,ERR,ERR,ERR,ERR,ERR,ERR,ERR,ERR,ERR,ERR,ERR,ERR,ERR,ERR,ERR,ERR,ERR,ERR,ERR,ERR,ERR,ERR,ERR,ERR,ERR,ERR,ERR,ERR,ERR,ERR,ERR,ERR,ERR,ERR,ERR,ERR,ERR,ERR,ERR,ERR,ERR,ERR,ERR,ERR,ERR,ERR,ERR,ERR,ERR,ERR,ERR,ERR,ERR,ERR,ERR,ERR,ERR,0.0,0.0,2.6474835549302285e+23,0.0,0.0,1.3936040501711995e+18,7.805,0.0,0,0,4,0,7116,0.0,100,0.0,0.0,0.0,0.0,0.0,0,0,0,0,0.0,0,0,0,0,0,0,0,0,0,0,0,0,0,0,0,0,0,0,0,0,0,0,0,0,0,0,0,0,0,0,0,0,0,31,40,40,71,65476,0,300,0,0,8,21553,0.0,-107605600.0,0.0,0.0,0.0,0.0,0.0,0.0,0.0,0.0,0.0,0.0,0.0,0.0,0.0,0.0,0.0,0.0,0.0,0.0,0.0,0.0,-2.004,2.004,-2.004,-0.0,0.0,0.0,0.0,0.0,4490.0,8608165888.0,6922.0,0.0,0.0,-0.0,0.0,0.0,0.0,0.0,0.0,69,-107615376.0,-0.0,0.0,0.0,0.0,0.0,0.0,0.0,0.0,0,0,0,0.0,0.0,0.0,0.0,0.0,0.0,0.0,0.0,0.0,0.0,0.0,0.0,0.0,0.0,0.0,0.0,0,-107875648.0,69,0.0,138,0.0,2.6474777903227054e+23,0,13107,17086,13107,17101,0,17081,0,0,0,70,68,100,2.7302399002429377e+23,82.1,0.0,78.0,0.0,79.0,1,49,50,180,0,26215,0,0,0.0,0.0,0.0,0.0,-0.0,67.0,0.0,162057.094,0.0,975,0,1002,0,0,0,950,0,1026,0,925,0,790,0,781,0,822,0,7520,0.032,9.56924848823683e+19,0.0,0.0,784,16797,-0.0,162057.094,-114818.039,-0.0,0.133,6.909358625270745e+28,30.0,70.0,35,0.0,0.0,0.0,0.0,0.0,0.0,0.0,0.0,0.0,0.0,0.0,0.0,0.0,0.0,0.0,0.0,66.4,0,150,71,52,65476,0,300,0,0,8,20529,65476,0,0,44564,70.0,0.0,0.0,0.0,0.0,0.0
2026-09-10T21:32:34,ERR,ERR,ERR,ERR,ERR,ERR,ERR,ERR,ERR,ERR,ERR,ERR,ERR,ERR,ERR,ERR,ERR,ERR,ERR,ERR,ERR,ERR,ERR,ERR,ERR,ERR,ERR,ERR,ERR,ERR,ERR,ERR,ERR,ERR,ERR,ERR,ERR,ERR,ERR,ERR,ERR,ERR,ERR,ERR,ERR,ERR,ERR,ERR,ERR,ERR,ERR,ERR,ERR,ERR,ERR,ERR,ERR,ERR,ERR,ERR,ERR,ERR,ERR,ERR,ERR,ERR,ERR,ERR,ERR,ERR,ERR,ERR,ERR,ERR,ERR,ERR,ERR,ERR,ERR,ERR,ERR,ERR,ERR,ERR,ERR,ERR,ERR,ERR,ERR,ERR,ERR,ERR,ERR,ERR,ERR,ERR,ERR,ERR,ERR,ERR,ERR,ERR,ERR,ERR,ERR,ERR,ERR,ERR,ERR,ERR,ERR,ERR,ERR,ERR,ERR,ERR,ERR,ERR,ERR,ERR,ERR,ERR,ERR,ERR,ERR,0.0,0.0,2.6474835549302285e+23,0.0,0.0,1.3936040501711995e+18,7.805,0.0,0,0,4,0,7116,0.0,100,0.0,0.0,0.0,0.0,0.0,0,0,0,0,0.0,0,0,0,0,0,0,0,0,0,0,0,0,0,0,0,0,0,0,0,0,0,0,0,0,0,0,0,0,0,0,0,0,0,31,40,40,71,65476,0,300,0,0,8,21553,0.0,-107605600.0,0.0,0.0,0.0,0.0,0.0,0.0,0.0,0.0,0.0,0.0,0.0,0.0,0.0,0.0,0.0,0.0,0.0,0.0,0.0,0.0,-2.004,2.004,-2.004,-0.0,0.0,0.0,0.0,0.0,4490.0,8608165888.0,6922.0,0.0,0.0,-0.0,0.0,0.0,0.0,0.0,0.0,69,-107615376.0,-0.0,0.0,0.0,0.0,0.0,0.0,0.0,0.0,0,0,0,0.0,0.0,0.0,0.0,0.0,0.0,0.0,0.0,0.0,0.0,0.0,0.0,0.0,0.0,0.0,0.0,0,-107875648.0,69,0.0,138,0.0,2.6474777903227054e+23,0,13107,17086,13107,17101,0,17081,0,0,0,70,68,100,2.7302399002429377e+23,82.1,0.0,78.0,0.0,79.0,1,49,50,180,0,26215,0,0,0.0,0.0,0.0,0.0,-0.0,67.0,0.0,162057.094,0.0,975,0,1002,0,0,0,950,0,1026,0,925,0,790,0,781,0,822,0,7520,0.032,9.56924848823683e+19,0.0,0.0,784,16797,-0.0,162057.094,-114818.039,-0.0,0.133,6.909358625270745e+28,30.0,70.0,35,0.0,0.0,0.0,0.0,0.0,0.0,0.0,0.0,0.0,0.0,0.0,0.0,0.0,0.0,0.0,0.0,66.4,0,150,71,52,65476,0,300,0,0,8,20529,65476,0,0,44564,70.0,0.0,0.0,0.0,0.0,0.0
2026-09-10T21:32:35,ERR,ERR,ERR,ERR,ERR,ERR,ERR,ERR,ERR,ERR,ERR,ERR,ERR,ERR,ERR,ERR,ERR,ERR,ERR,ERR,ERR,ERR,ERR,ERR,ERR,ERR,ERR,ERR,ERR,ERR,ERR,ERR,ERR,ERR,ERR,ERR,ERR,ERR,ERR,ERR,ERR,ERR,ERR,ERR,ERR,ERR,ERR,ERR,ERR,ERR,ERR,ERR,ERR,ERR,ERR,ERR,ERR,ERR,ERR,ERR,ERR,ERR,ERR,ERR,ERR,ERR,ERR,ERR,ERR,ERR,ERR,ERR,ERR,ERR,ERR,ERR,ERR,ERR,ERR,ERR,ERR,ERR,ERR,ERR,ERR,ERR,ERR,ERR,ERR,ERR,ERR,ERR,ERR,ERR,ERR,ERR,ERR,ERR,ERR,ERR,ERR,ERR,ERR,ERR,ERR,ERR,ERR,ERR,ERR,ERR,ERR,ERR,ERR,ERR,ERR,ERR,ERR,ERR,ERR,ERR,ERR,ERR,ERR,ERR,ERR,0.0,0.0,2.6474835549302285e+23,0.0,0.0,1.3936040501711995e+18,7.805,0.0,0,0,4,0,7116,0.0,100,0.0,0.0,0.0,0.0,0.0,0,0,0,0,0.0,0,0,0,0,0,0,0,0,0,0,0,0,0,0,0,0,0,0,0,0,0,0,0,0,0,0,0,0,0,0,0,0,0,31,40,40,71,65476,0,300,0,0,8,21553,0.0,-107605600.0,0.0,0.0,0.0,0.0,0.0,0.0,0.0,0.0,0.0,0.0,0.0,0.0,0.0,0.0,0.0,0.0,0.0,0.0,0.0,0.0,-2.004,2.004,-2.004,-0.0,0.0,0.0,0.0,0.0,4490.0,8608165888.0,6922.0,0.0,0.0,-0.0,0.0,0.0,0.0,0.0,0.0,69,-107615376.0,-0.0,0.0,0.0,0.0,0.0,0.0,0.0,0.0,0,0,0,0.0,0.0,0.0,0.0,0.0,0.0,0.0,0.0,0.0,0.0,0.0,0.0,0.0,0.0,0.0,0.0,0,-107875648.0,69,0.0,138,0.0,2.6474777903227054e+23,0,13107,17086,13107,17101,0,17081,0,0,0,70,68,100,2.7302399002429377e+23,82.1,0.0,78.0,0.0,79.0,1,49,50,180,0,26215,0,0,0.0,0.0,0.0,0.0,-0.0,67.0,0.0,162057.094,0.0,975,0,1002,0,0,0,950,0,1026,0,925,0,790,0,781,0,822,0,7520,0.032,9.56924848823683e+19,0.0,0.0,784,16797,-0.0,162057.094,-114818.039,-0.0,0.133,6.909358625270745e+28,30.0,70.0,35,0.0,0.0,0.0,0.0,0.0,0.0,0.0,0.0,0.0,0.0,0.0,0.0,0.0,0.0,0.0,0.0,66.4,0,150,71,52,65476,0,300,0,0,8,20529,65476,0,0,44564,70.0,0.0,0.0,0.0,0.0,0.0
2026-09-10T21:32:36,ERR,ERR,ERR,ERR,ERR,ERR,ERR,ERR,ERR,ERR,ERR,ERR,ERR,ERR,ERR,ERR,ERR,ERR,ERR,ERR,ERR,ERR,ERR,ERR,ERR,ERR,ERR,ERR,ERR,ERR,ERR,ERR,ERR,ERR,ERR,ERR,ERR,ERR,ERR,ERR,ERR,ERR,ERR,ERR,ERR,ERR,ERR,ERR,ERR,ERR,ERR,ERR,ERR,ERR,ERR,ERR,ERR,ERR,ERR,ERR,ERR,ERR,ERR,ERR,ERR,ERR,ERR,ERR,ERR,ERR,ERR,ERR,ERR,ERR,ERR,ERR,ERR,ERR,ERR,ERR,ERR,ERR,ERR,ERR,ERR,ERR,ERR,ERR,ERR,ERR,ERR,ERR,ERR,ERR,ERR,ERR,ERR,ERR,ERR,ERR,ERR,ERR,ERR,ERR,ERR,ERR,ERR,ERR,ERR,ERR,ERR,ERR,ERR,ERR,ERR,ERR,ERR,ERR,ERR,ERR,ERR,ERR,ERR,ERR,ERR,0.0,0.0,2.6474835549302285e+23,0.0,0.0,1.3936040501711995e+18,7.805,0.0,0,0,4,0,7116,0.0,100,0.0,0.0,0.0,0.0,0.0,0,0,0,0,0.0,0,0,0,0,0,0,0,0,0,0,0,0,0,0,0,0,0,0,0,0,0,0,0,0,0,0,0,0,0,0,0,0,0,31,40,40,71,65476,0,300,0,0,8,21553,0.0,-107605600.0,0.0,0.0,0.0,0.0,0.0,0.0,0.0,0.0,0.0,0.0,0.0,0.0,0.0,0.0,0.0,0.0,0.0,0.0,0.0,0.0,-2.004,2.004,-2.004,-0.0,0.0,0.0,0.0,0.0,4490.0,8608165888.0,6922.0,0.0,0.0,-0.0,0.0,0.0,0.0,0.0,0.0,69,-107615376.0,-0.0,0.0,0.0,0.0,0.0,0.0,0.0,0.0,0,0,0,0.0,0.0,0.0,0.0,0.0,0.0,0.0,0.0,0.0,0.0,0.0,0.0,0.0,0.0,0.0,0.0,0,-107875648.0,69,0.0,138,0.0,2.6474777903227054e+23,0,13107,17086,13107,17101,0,17081,0,0,0,70,68,100,2.7302399002429377e+23,82.1,0.0,78.0,0.0,79.0,1,49,50,180,0,26215,0,0,0.0,0.0,0.0,0.0,-0.0,67.0,0.0,162057.094,0.0,975,0,1002,0,0,0,950,0,1026,0,925,0,790,0,781,0,822,0,7520,0.032,9.56924848823683e+19,0.0,0.0,784,16797,-0.0,162057.094,-114818.039,-0.0,0.133,6.909358625270745e+28,30.0,70.0,35,0.0,0.0,0.0,0.0,0.0,0.0,0.0,0.0,0.0,0.0,0.0,0.0,0.0,0.0,0.0,0.0,66.4,0,150,71,52,65476,0,300,0,0,8,20529,65476,0,0,44564,70.0,0.0,0.0,0.0,0.0,0.0
2026-09-10T21:32:37,ERR,ERR,ERR,ERR,ERR,ERR,ERR,ERR,ERR,ERR,ERR,ERR,ERR,ERR,ERR,ERR,ERR,ERR,ERR,ERR,ERR,ERR,ERR,ERR,ERR,ERR,ERR,ERR,ERR,ERR,ERR,ERR,ERR,ERR,ERR,ERR,ERR,ERR,ERR,ERR,ERR,ERR,ERR,ERR,ERR,ERR,ERR,ERR,ERR,ERR,ERR,ERR,ERR,ERR,ERR,ERR,ERR,ERR,ERR,ERR,ERR,ERR,ERR,ERR,ERR,ERR,ERR,ERR,ERR,ERR,ERR,ERR,ERR,ERR,ERR,ERR,ERR,ERR,ERR,ERR,ERR,ERR,ERR,ERR,ERR,ERR,ERR,ERR,ERR,ERR,ERR,ERR,ERR,ERR,ERR,ERR,ERR,ERR,ERR,ERR,ERR,ERR,ERR,ERR,ERR,ERR,ERR,ERR,ERR,ERR,ERR,ERR,ERR,ERR,ERR,ERR,ERR,ERR,ERR,ERR,ERR,ERR,ERR,ERR,ERR,0.0,0.0,2.6474835549302285e+23,0.0,0.0,1.3936040501711995e+18,7.805,0.0,0,0,4,0,7116,0.0,100,0.0,0.0,0.0,0.0,0.0,0,0,0,0,0.0,0,0,0,0,0,0,0,0,0,0,0,0,0,0,0,0,0,0,0,0,0,0,0,0,0,0,0,0,0,0,0,0,0,31,40,40,71,65476,0,300,0,0,8,21553,0.0,-107605600.0,0.0,0.0,0.0,0.0,0.0,0.0,0.0,0.0,0.0,0.0,0.0,0.0,0.0,0.0,0.0,0.0,0.0,0.0,0.0,0.0,-2.004,2.004,-2.004,-0.0,0.0,0.0,0.0,0.0,4490.0,8608165888.0,6922.0,0.0,0.0,-0.0,0.0,0.0,0.0,0.0,0.0,69,-107615376.0,-0.0,0.0,0.0,0.0,0.0,0.0,0.0,0.0,0,0,0,0.0,0.0,0.0,0.0,0.0,0.0,0.0,0.0,0.0,0.0,0.0,0.0,0.0,0.0,0.0,0.0,0,-107875648.0,69,0.0,138,0.0,2.6474777903227054e+23,0,0,17086,13107,17101,0,17081,0,0,0,70,68,100,2.7302399002429377e+23,82.1,0.0,78.0,0.0,79.0,1,49,50,180,0,26215,0,0,0.0,0.0,0.0,0.0,-0.0,67.0,0.0,162057.094,0.0,975,0,1002,0,0,0,950,0,1026,0,925,0,790,0,781,0,822,0,7520,0.032,9.56924848823683e+19,0.0,0.0,784,16797,-0.0,162057.094,-114818.039,-0.0,0.133,6.909358625270745e+28,30.0,70.0,35,0.0,0.0,0.0,0.0,0.0,0.0,0.0,0.0,0.0,0.0,0.0,0.0,0.0,0.0,0.0,0.0,66.4,0,150,71,52,65476,0,300,0,0,8,20529,65476,0,0,44564,70.0,0.0,0.0,0.0,0.0,0.0
2026-09-10T21:32:38,ERR,ERR,ERR,ERR,ERR,ERR,ERR,ERR,ERR,ERR,ERR,ERR,ERR,ERR,ERR,ERR,ERR,ERR,ERR,ERR,ERR,ERR,ERR,ERR,ERR,ERR,ERR,ERR,ERR,ERR,ERR,ERR,ERR,ERR,ERR,ERR,ERR,ERR,ERR,ERR,ERR,ERR,ERR,ERR,ERR,ERR,ERR,ERR,ERR,ERR,ERR,ERR,ERR,ERR,ERR,ERR,ERR,ERR,ERR,ERR,ERR,ERR,ERR,ERR,ERR,ERR,ERR,ERR,ERR,ERR,ERR,ERR,ERR,ERR,ERR,ERR,ERR,ERR,ERR,ERR,ERR,ERR,ERR,ERR,ERR,ERR,ERR,ERR,ERR,ERR,ERR,ERR,ERR,ERR,ERR,ERR,ERR,ERR,ERR,ERR,ERR,ERR,ERR,ERR,ERR,ERR,ERR,ERR,ERR,ERR,ERR,ERR,ERR,ERR,ERR,ERR,ERR,ERR,ERR,ERR,ERR,ERR,ERR,ERR,ERR,0.0,0.0,2.6474835549302285e+23,0.0,0.0,1.3936040501711995e+18,7.805,0.0,0,0,4,0,7116,0.0,100,0.0,0.0,0.0,0.0,0.0,0,0,0,0,0.0,0,0,0,0,0,0,0,0,0,0,0,0,0,0,0,0,0,0,0,0,0,0,0,0,0,0,0,0,0,0,0,0,0,31,40,40,71,65476,0,300,0,0,8,21553,0.0,-107605600.0,0.0,0.0,0.0,0.0,0.0,0.0,0.0,0.0,0.0,0.0,0.0,0.0,0.0,0.0,0.0,0.0,0.0,0.0,0.0,0.0,-2.004,2.004,-2.004,-0.0,0.0,0.0,0.0,0.0,4496.0,1.0406634001529092e+34,6927.0,0.0,0.0,-0.0,0.0,0.0,0.0,0.0,0.0,69,-2.3088410695593833e+20,-107614616.0,0.0,0.0,0.0,0.0,0.0,0.0,0.0,0,0,0,0.0,0.0,0.0,0.0,0.0,0.0,0.0,0.0,0.0,0.0,0.0,0.0,0.0,0.0,0.0,0.0,0,-107875648.0,69,0.0,138,0.0,2.6474777903227054e+23,0,0,17086,13107,17101,0,17081,0,0,0,70,68,100,2.7302399002429377e+23,82.1,0.0,78.0,0.0,79.0,1,49,50,180,0,26215,0,0,0.0,0.0,0.0,0.0,-0.0,67.0,0.0,162057.094,0.0,975,0,1002,0,0,0,950,0,1026,0,925,0,790,0,781,0,822,0,7520,0.032,9.56924848823683e+19,0.0,0.0,784,16797,-0.0,162057.094,-114818.039,-0.0,0.133,6.909358625270745e+28,30.0,70.0,35,0.0,0.0,0.0,0.0,0.0,0.0,0.0,0.0,0.0,0.0,0.0,0.0,0.0,0.0,0.0,0.0,66.8,0,150,71,52,65476,0,300,0,0,8,20529,65476,0,0,44564,70.0,0.0,0.0,0.0,0.0,0.0
2026-09-10T21:32:39,ERR,ERR,ERR,ERR,ERR,ERR,ERR,ERR,ERR,ERR,ERR,ERR,ERR,ERR,ERR,ERR,ERR,ERR,ERR,ERR,ERR,ERR,ERR,ERR,ERR,ERR,ERR,ERR,ERR,ERR,ERR,ERR,ERR,ERR,ERR,ERR,ERR,ERR,ERR,ERR,ERR,ERR,ERR,ERR,ERR,ERR,ERR,ERR,ERR,ERR,ERR,ERR,ERR,ERR,ERR,ERR,ERR,ERR,ERR,ERR,ERR,ERR,ERR,ERR,ERR,ERR,ERR,ERR,ERR,ERR,ERR,ERR,ERR,ERR,ERR,ERR,ERR,ERR,ERR,ERR,ERR,ERR,ERR,ERR,ERR,ERR,ERR,ERR,ERR,ERR,ERR,ERR,ERR,ERR,ERR,ERR,ERR,ERR,ERR,ERR,ERR,ERR,ERR,ERR,ERR,ERR,ERR,ERR,ERR,ERR,ERR,ERR,ERR,ERR,ERR,ERR,ERR,ERR,ERR,ERR,ERR,ERR,ERR,ERR,ERR,0.0,0.0,2.6474835549302285e+23,0.0,0.0,1.3936040501711995e+18,7.805,0.0,0,0,4,0,7116,0.0,100,0.0,0.0,0.0,0.0,0.0,0,0,0,0,0.0,0,0,0,0,0,0,0,0,0,0,0,0,0,0,0,0,0,0,0,0,0,0,0,0,0,0,0,0,0,0,0,0,0,31,40,40,71,65476,0,300,0,0,8,21553,0.0,-107605600.0,0.0,0.0,0.0,0.0,0.0,0.0,0.0,0.0,0.0,0.0,0.0,0.0,0.0,0.0,0.0,0.0,0.0,0.0,0.0,0.0,-2.004,2.004,-2.004,-0.0,0.0,0.0,0.0,0.0,4496.0,1.0406634001529092e+34,6927.0,0.0,0.0,-0.0,0.0,0.0,0.0,0.0,0.0,69,-2.3088410695593833e+20,-107614616.0,0.0,0.0,0.0,0.0,0.0,0.0,0.0,0,0,0,0.0,0.0,0.0,0.0,0.0,0.0,0.0,0.0,0.0,0.0,0.0,0.0,0.0,0.0,0.0,0.0,0,-107875648.0,69,0.0,138,0.0,2.6474777903227054e+23,0,0,17086,13107,17101,0,17081,0,0,0,70,68,100,2.7302399002429377e+23,82.1,0.0,78.0,0.0,79.0,1,49,50,180,0,26215,0,0,0.0,0.0,0.0,0.0,-0.0,67.0,0.0,162057.094,0.0,975,0,1002,0,0,0,950,0,1026,0,925,0,790,0,781,0,822,0,7520,0.032,9.56924848823683e+19,0.0,0.0,784,16797,-0.0,162057.094,-114818.039,-0.0,0.133,6.909358625270745e+28,30.0,70.0,35,0.0,0.0,0.0,0.0,0.0,0.0,0.0,0.0,0.0,0.0,0.0,0.0,0.0,0.0,0.0,0.0,66.8,0,150,71,52,65476,0,300,0,0,8,20529,65476,0,0,44564,70.0,0.0,0.0,0.0,0.0,0.0
2026-09-10T21:32:40,ERR,ERR,ERR,ERR,ERR,ERR,ERR,ERR,ERR,ERR,ERR,ERR,ERR,ERR,ERR,ERR,ERR,ERR,ERR,ERR,ERR,ERR,ERR,ERR,ERR,ERR,ERR,ERR,ERR,ERR,ERR,ERR,ERR,ERR,ERR,ERR,ERR,ERR,ERR,ERR,ERR,ERR,ERR,ERR,ERR,ERR,ERR,ERR,ERR,ERR,ERR,ERR,ERR,ERR,ERR,ERR,ERR,ERR,ERR,ERR,ERR,ERR,ERR,ERR,ERR,ERR,ERR,ERR,ERR,ERR,ERR,ERR,ERR,ERR,ERR,ERR,ERR,ERR,ERR,ERR,ERR,ERR,ERR,ERR,ERR,ERR,ERR,ERR,ERR,ERR,ERR,ERR,ERR,ERR,ERR,ERR,ERR,ERR,ERR,ERR,ERR,ERR,ERR,ERR,ERR,ERR,ERR,ERR,ERR,ERR,ERR,ERR,ERR,ERR,ERR,ERR,ERR,ERR,ERR,ERR,ERR,ERR,ERR,ERR,ERR,0.0,0.0,2.6474835549302285e+23,0.0,0.0,1.3936040501711995e+18,7.805,0.0,0,0,4,0,7116,0.0,100,0.0,0.0,0.0,0.0,0.0,0,0,0,0,0.0,0,0,0,0,0,0,0,0,0,0,0,0,0,0,0,0,0,0,0,0,0,0,0,0,0,0,0,0,0,0,0,0,0,31,40,40,71,65476,0,300,0,0,8,21553,0.0,-107605600.0,0.0,0.0,0.0,0.0,0.0,0.0,0.0,0.0,0.0,0.0,0.0,0.0,0.0,0.0,0.0,0.0,0.0,0.0,0.0,0.0,-2.004,2.004,-2.004,-0.0,0.0,0.0,0.0,0.0,4496.0,1.0406634001529092e+34,6927.0,0.0,0.0,-0.0,0.0,0.0,0.0,0.0,0.0,69,-2.3088410695593833e+20,-107614616.0,0.0,0.0,0.0,0.0,0.0,0.0,0.0,0,0,0,0.0,0.0,0.0,0.0,0.0,0.0,0.0,0.0,0.0,0.0,0.0,0.0,0.0,0.0,0.0,0.0,0,-107875648.0,69,0.0,138,0.0,2.6474777903227054e+23,0,0,17086,13107,17101,0,17081,0,0,0,70,68,100,2.7302399002429377e+23,82.1,0.0,78.0,0.0,79.0,1,49,50,180,0,26215,0,0,0.0,0.0,0.0,0.0,-0.0,67.0,0.0,162057.094,0.0,975,0,1002,0,0,0,950,0,1026,0,925,0,790,0,781,0,822,0,7520,0.032,9.56924848823683e+19,0.0,0.0,784,16797,-0.0,162057.094,-114818.039,-0.0,0.133,6.909358625270745e+28,30.0,70.0,35,0.0,0.0,0.0,0.0,0.0,0.0,0.0,0.0,0.0,0.0,0.0,0.0,0.0,0.0,0.0,0.0,66.8,0,150,71,52,65476,0,300,0,0,8,20529,65476,0,0,44564,70.0,0.0,0.0,0.0,0.0,0.0
2026-09-10T21:32:41,ERR,ERR,ERR,ERR,ERR,ERR,ERR,ERR,ERR,ERR,ERR,ERR,ERR,ERR,ERR,ERR,ERR,ERR,ERR,ERR,ERR,ERR,ERR,ERR,ERR,ERR,ERR,ERR,ERR,ERR,ERR,ERR,ERR,ERR,ERR,ERR,ERR,ERR,ERR,ERR,ERR,ERR,ERR,ERR,ERR,ERR,ERR,ERR,ERR,ERR,ERR,ERR,ERR,ERR,ERR,ERR,ERR,ERR,ERR,ERR,ERR,ERR,ERR,ERR,ERR,ERR,ERR,ERR,ERR,ERR,ERR,ERR,ERR,ERR,ERR,ERR,ERR,ERR,ERR,ERR,ERR,ERR,ERR,ERR,ERR,ERR,ERR,ERR,ERR,ERR,ERR,ERR,ERR,ERR,ERR,ERR,ERR,ERR,ERR,ERR,ERR,ERR,ERR,ERR,ERR,ERR,ERR,ERR,ERR,ERR,ERR,ERR,ERR,ERR,ERR,ERR,ERR,ERR,ERR,ERR,ERR,ERR,ERR,ERR,ERR,0.0,0.0,2.6474835549302285e+23,0.0,0.0,1.3936040501711995e+18,7.805,0.0,0,0,4,0,7116,0.0,100,0.0,0.0,0.0,0.0,0.0,0,0,0,0,0.0,0,0,0,0,0,0,0,0,0,0,0,0,0,0,0,0,0,0,0,0,0,0,0,0,0,0,0,0,0,0,0,0,0,31,40,40,71,65476,0,300,0,0,8,21553,0.0,-107605600.0,0.0,0.0,0.0,0.0,0.0,0.0,0.0,0.0,0.0,0.0,0.0,0.0,0.0,0.0,0.0,0.0,0.0,0.0,0.0,0.0,-2.004,2.004,-2.004,-0.0,0.0,0.0,0.0,0.0,4496.0,1.0406634001529092e+34,6927.0,0.0,0.0,-0.0,0.0,0.0,0.0,0.0,0.0,69,-2.3088410695593833e+20,-107614616.0,0.0,0.0,0.0,0.0,0.0,0.0,0.0,0,0,0,0.0,0.0,0.0,0.0,0.0,0.0,0.0,0.0,0.0,0.0,0.0,0.0,0.0,0.0,0.0,0.0,0,-107875648.0,69,0.0,138,0.0,2.6474777903227054e+23,0,0,17086,13107,17101,0,17081,0,0,0,70,68,100,2.7302399002429377e+23,82.1,0.0,78.0,0.0,79.0,1,49,50,180,0,26215,0,0,0.0,0.0,0.0,0.0,-0.0,67.0,0.0,162057.094,0.0,975,0,1002,0,0,0,950,0,1026,0,925,0,790,0,781,0,822,0,7520,0.032,9.56924848823683e+19,0.0,0.0,784,16797,-0.0,162057.094,-114818.039,-0.0,0.133,6.909358625270745e+28,30.0,70.0,35,0.0,0.0,0.0,0.0,0.0,0.0,0.0,0.0,0.0,0.0,0.0,0.0,0.0,0.0,0.0,0.0,66.4,0,150,71,52,65476,0,300,0,0,8,20529,65476,0,0,44564,70.0,0.0,0.0,0.0,0.0,0.0
2026-09-10T21:32:42,ERR,ERR,ERR,ERR,ERR,ERR,ERR,ERR,ERR,ERR,ERR,ERR,ERR,ERR,ERR,ERR,ERR,ERR,ERR,ERR,ERR,ERR,ERR,ERR,ERR,ERR,ERR,ERR,ERR,ERR,ERR,ERR,ERR,ERR,ERR,ERR,ERR,ERR,ERR,ERR,ERR,ERR,ERR,ERR,ERR,ERR,ERR,ERR,ERR,ERR,ERR,ERR,ERR,ERR,ERR,ERR,ERR,ERR,ERR,ERR,ERR,ERR,ERR,ERR,ERR,ERR,ERR,ERR,ERR,ERR,ERR,ERR,ERR,ERR,ERR,ERR,ERR,ERR,ERR,ERR,ERR,ERR,ERR,ERR,ERR,ERR,ERR,ERR,ERR,ERR,ERR,ERR,ERR,ERR,ERR,ERR,ERR,ERR,ERR,ERR,ERR,ERR,ERR,ERR,ERR,ERR,ERR,ERR,ERR,ERR,ERR,ERR,ERR,ERR,ERR,ERR,ERR,ERR,ERR,ERR,ERR,ERR,ERR,ERR,ERR,0.0,0.0,2.6474835549302285e+23,0.0,0.0,1.3936040501711995e+18,7.805,0.0,0,0,4,0,7116,0.0,100,0.0,0.0,0.0,0.0,0.0,0,0,0,0,0.0,0,0,0,0,0,0,0,0,0,0,0,0,0,0,0,0,0,0,0,0,0,0,0,0,0,0,0,0,0,0,0,0,0,31,40,40,71,65476,0,300,0,0,8,21553,0.0,-107605600.0,0.0,0.0,0.0,0.0,0.0,0.0,0.0,0.0,0.0,0.0,0.0,0.0,0.0,0.0,0.0,0.0,0.0,0.0,0.0,0.0,-2.004,2.004,-2.004,-0.0,0.0,0.0,0.0,0.0,4496.0,1.0406634001529092e+34,6927.0,0.0,0.0,-0.0,0.0,0.0,0.0,0.0,0.0,69,-2.3088410695593833e+20,-107614616.0,0.0,0.0,0.0,0.0,0.0,0.0,0.0,0,0,0,0.0,0.0,0.0,0.0,0.0,0.0,0.0,0.0,0.0,0.0,0.0,0.0,0.0,0.0,0.0,0.0,0,-107875648.0,69,0.0,138,0.0,2.6474777903227054e+23,0,0,17086,13107,17101,0,17081,0,0,0,70,68,100,2.7302399002429377e+23,82.1,0.0,78.0,0.0,79.0,1,49,50,180,0,26215,0,0,0.0,0.0,0.0,0.0,-0.0,67.0,0.0,162057.094,0.0,975,0,1002,0,0,0,950,0,1026,0,925,0,790,0,781,0,822,0,7520,0.032,9.56924848823683e+19,0.0,0.0,784,16797,-0.0,162057.094,-114818.039,-0.0,0.133,6.909358625270745e+28,30.0,70.0,35,0.0,0.0,0.0,0.0,0.0,0.0,0.0,0.0,0.0,0.0,0.0,0.0,0.0,0.0,0.0,0.0,66.4,0,150,71,52,65476,0,300,0,0,8,20529,65476,0,0,44564,70.0,0.0,0.0,0.0,0.0,0.0
2026-09-10T21:32:43,ERR,ERR,ERR,ERR,ERR,ERR,ERR,ERR,ERR,ERR,ERR,ERR,ERR,ERR,ERR,ERR,ERR,ERR,ERR,ERR,ERR,ERR,ERR,ERR,ERR,ERR,ERR,ERR,ERR,ERR,ERR,ERR,ERR,ERR,ERR,ERR,ERR,ERR,ERR,ERR,ERR,ERR,ERR,ERR,ERR,ERR,ERR,ERR,ERR,ERR,ERR,ERR,ERR,ERR,ERR,ERR,ERR,ERR,ERR,ERR,ERR,ERR,ERR,ERR,ERR,ERR,ERR,ERR,ERR,ERR,ERR,ERR,ERR,ERR,ERR,ERR,ERR,ERR,ERR,ERR,ERR,ERR,ERR,ERR,ERR,ERR,ERR,ERR,ERR,ERR,ERR,ERR,ERR,ERR,ERR,ERR,ERR,ERR,ERR,ERR,ERR,ERR,ERR,ERR,ERR,ERR,ERR,ERR,ERR,ERR,ERR,ERR,ERR,ERR,ERR,ERR,ERR,ERR,ERR,ERR,ERR,ERR,ERR,ERR,ERR,0.0,0.0,2.6474835549302285e+23,0.0,0.0,1.3936040501711995e+18,7.805,0.0,0,0,4,0,7116,0.0,100,0.0,0.0,0.0,0.0,0.0,0,0,0,0,0.0,0,0,0,0,0,0,0,0,0,0,0,0,0,0,0,0,0,0,0,0,0,0,0,0,0,0,0,0,0,0,0,0,0,31,40,40,71,65476,0,300,0,0,8,21553,0.0,-107605600.0,0.0,0.0,0.0,0.0,0.0,0.0,0.0,0.0,0.0,0.0,0.0,0.0,0.0,0.0,0.0,0.0,0.0,0.0,0.0,0.0,-2.004,2.004,-2.004,-0.0,0.0,0.0,0.0,0.0,4496.0,1.0406634001529092e+34,6927.0,0.0,0.0,-0.0,0.0,0.0,0.0,0.0,0.0,69,-2.3088410695593833e+20,-107614616.0,0.0,0.0,0.0,0.0,0.0,0.0,0.0,0,0,0,0.0,0.0,0.0,0.0,0.0,0.0,0.0,0.0,0.0,0.0,0.0,0.0,0.0,0.0,0.0,0.0,0,-107875648.0,69,0.0,138,0.0,2.6474777903227054e+23,0,0,17086,13107,17101,0,17081,0,0,0,70,68,100,2.7302399002429377e+23,82.1,0.0,78.0,0.0,79.0,1,49,50,180,0,26215,0,0,0.0,0.0,0.0,0.0,-0.0,67.0,0.0,162057.094,0.0,975,0,1002,0,0,0,950,0,1026,0,925,0,790,0,781,0,822,0,7520,0.032,9.626894563467172e+19,0.0,0.0,784,16797,-0.0,162057.094,-114818.039,-0.0,0.133,6.909358625270745e+28,30.0,70.0,35,0.0,0.0,0.0,0.0,0.0,0.0,0.0,0.0,0.0,0.0,0.0,0.0,0.0,0.0,0.0,0.0,66.4,0,150,71,52,65476,0,300,0,0,8,20529,65476,0,0,44564,70.0,0.0,0.0,0.0,0.0,0.0
2026-09-10T21:32:44,ERR,ERR,ERR,ERR,ERR,ERR,ERR,ERR,ERR,ERR,ERR,ERR,ERR,ERR,ERR,ERR,ERR,ERR,ERR,ERR,ERR,ERR,ERR,ERR,ERR,ERR,ERR,ERR,ERR,ERR,ERR,ERR,ERR,ERR,ERR,ERR,ERR,ERR,ERR,ERR,ERR,ERR,ERR,ERR,ERR,ERR,ERR,ERR,ERR,ERR,ERR,ERR,ERR,ERR,ERR,ERR,ERR,ERR,ERR,ERR,ERR,ERR,ERR,ERR,ERR,ERR,ERR,ERR,ERR,ERR,ERR,ERR,ERR,ERR,ERR,ERR,ERR,ERR,ERR,ERR,ERR,ERR,ERR,ERR,ERR,ERR,ERR,ERR,ERR,ERR,ERR,ERR,ERR,ERR,ERR,ERR,ERR,ERR,ERR,ERR,ERR,ERR,ERR,ERR,ERR,ERR,ERR,ERR,ERR,ERR,ERR,ERR,ERR,ERR,ERR,ERR,ERR,ERR,ERR,ERR,ERR,ERR,ERR,ERR,ERR,0.0,0.0,2.6474835549302285e+23,0.0,0.0,1.3936040501711995e+18,7.805,0.0,0,0,4,0,7116,0.0,100,0.0,0.0,0.0,0.0,0.0,0,0,0,0,0.0,0,0,0,0,0,0,0,0,0,0,0,0,0,0,0,0,0,0,0,0,0,0,0,0,0,0,0,0,0,0,0,0,0,31,40,40,71,65476,0,300,0,0,8,21553,0.0,-107605600.0,0.0,0.0,0.0,0.0,0.0,0.0,0.0,0.0,0.0,0.0,0.0,0.0,0.0,0.0,0.0,0.0,0.0,0.0,0.0,0.0,-2.004,2.004,-2.004,-0.0,0.0,0.0,0.0,0.0,4496.0,1.0406634001529092e+34,6927.0,0.0,0.0,-0.0,0.0,0.0,0.0,0.0,0.0,69,-2.3088410695593833e+20,-107614616.0,0.0,0.0,0.0,0.0,0.0,0.0,0.0,0,0,0,0.0,0.0,0.0,0.0,0.0,0.0,0.0,0.0,0.0,0.0,0.0,0.0,0.0,0.0,0.0,0.0,0,-107875648.0,69,0.0,138,0.0,2.6474777903227054e+23,0,0,17086,13107,17101,0,17081,0,0,0,70,68,100,2.7302399002429377e+23,82.1,0.0,78.0,0.0,79.0,1,49,50,180,0,26215,0,0,0.0,0.0,0.0,0.0,-0.0,67.0,0.0,162057.094,0.0,975,0,1002,0,0,0,950,0,1026,0,925,0,790,0,781,0,822,0,7520,0.032,9.626894563467172e+19,0.0,0.0,784,16797,-0.0,162057.094,-114818.039,-0.0,0.133,6.909358625270745e+28,30.0,70.0,35,0.0,0.0,0.0,0.0,0.0,0.0,0.0,0.0,0.0,0.0,0.0,0.0,0.0,0.0,0.0,0.0,66.4,0,150,71,52,65476,0,300,0,0,8,20529,65476,0,0,44564,70.0,0.0,0.0,0.0,0.0,0.0
2026-09-10T21:32:45,ERR,ERR,ERR,ERR,ERR,ERR,ERR,ERR,ERR,ERR,ERR,ERR,ERR,ERR,ERR,ERR,ERR,ERR,ERR,ERR,ERR,ERR,ERR,ERR,ERR,ERR,ERR,ERR,ERR,ERR,ERR,ERR,ERR,ERR,ERR,ERR,ERR,ERR,ERR,ERR,ERR,ERR,ERR,ERR,ERR,ERR,ERR,ERR,ERR,ERR,ERR,ERR,ERR,ERR,ERR,ERR,ERR,ERR,ERR,ERR,ERR,ERR,ERR,ERR,ERR,ERR,ERR,ERR,ERR,ERR,ERR,ERR,ERR,ERR,ERR,ERR,ERR,ERR,ERR,ERR,ERR,ERR,ERR,ERR,ERR,ERR,ERR,ERR,ERR,ERR,ERR,ERR,ERR,ERR,ERR,ERR,ERR,ERR,ERR,ERR,ERR,ERR,ERR,ERR,ERR,ERR,ERR,ERR,ERR,ERR,ERR,ERR,ERR,ERR,ERR,ERR,ERR,ERR,ERR,ERR,ERR,ERR,ERR,ERR,ERR,0.0,0.0,2.6474835549302285e+23,0.0,0.0,1.3936040501711995e+18,7.805,0.0,0,0,4,0,7116,0.0,100,0.0,0.0,0.0,0.0,0.0,0,0,0,0,0.0,0,0,0,0,0,0,0,0,0,0,0,0,0,0,0,0,0,0,0,0,0,0,0,0,0,0,0,0,0,0,0,0,0,31,40,40,71,65476,0,300,0,0,8,21553,0.0,-107605600.0,0.0,0.0,0.0,0.0,0.0,0.0,0.0,0.0,0.0,0.0,0.0,0.0,0.0,0.0,0.0,0.0,0.0,0.0,0.0,0.0,-2.004,2.004,-2.004,-0.0,0.0,0.0,0.0,0.0,4497.0,1.0406634001529092e+34,6927.0,0.0,0.0,-0.0,0.0,0.0,0.0,0.0,0.0,69,-2.718430741444032e+23,-107614616.0,0.0,0.0,0.0,0.0,0.0,0.0,0.0,0,0,0,0.0,0.0,0.0,0.0,0.0,0.0,0.0,0.0,0.0,0.0,0.0,0.0,0.0,0.0,0.0,0.0,0,-107875648.0,69,0.0,138,0.0,2.6474777903227054e+23,0,0,17086,13107,17101,0,17081,0,0,0,70,68,100,2.7302399002429377e+23,82.1,0.0,78.0,0.0,79.0,1,49,50,180,0,26215,0,0,0.0,0.0,0.0,0.0,-0.0,67.0,0.0,162057.094,0.0,975,0,1002,0,0,0,950,0,1026,0,925,0,790,0,781,0,822,0,7520,0.032,9.626894563467172e+19,0.0,0.0,784,16797,-0.0,162057.094,-114818.039,-0.0,0.133,6.909358625270745e+28,30.0,70.0,35,0.0,0.0,0.0,0.0,0.0,0.0,0.0,0.0,0.0,0.0,0.0,0.0,0.0,0.0,0.0,0.0,66.4,0,150,71,52,65476,0,300,0,0,8,20529,65476,0,0,44564,70.0,0.0,0.0,0.0,0.0,0.0
2026-09-10T21:32:46,ERR,ERR,ERR,ERR,ERR,ERR,ERR,ERR,ERR,ERR,ERR,ERR,ERR,ERR,ERR,ERR,ERR,ERR,ERR,ERR,ERR,ERR,ERR,ERR,ERR,ERR,ERR,ERR,ERR,ERR,ERR,ERR,ERR,ERR,ERR,ERR,ERR,ERR,ERR,ERR,ERR,ERR,ERR,ERR,ERR,ERR,ERR,ERR,ERR,ERR,ERR,ERR,ERR,ERR,ERR,ERR,ERR,ERR,ERR,ERR,ERR,ERR,ERR,ERR,ERR,ERR,ERR,ERR,ERR,ERR,ERR,ERR,ERR,ERR,ERR,ERR,ERR,ERR,ERR,ERR,ERR,ERR,ERR,ERR,ERR,ERR,ERR,ERR,ERR,ERR,ERR,ERR,ERR,ERR,ERR,ERR,ERR,ERR,ERR,ERR,ERR,ERR,ERR,ERR,ERR,ERR,ERR,ERR,ERR,ERR,ERR,ERR,ERR,ERR,ERR,ERR,ERR,ERR,ERR,ERR,ERR,ERR,ERR,ERR,ERR,0.0,0.0,2.6474835549302285e+23,0.0,0.0,1.3936040501711995e+18,7.805,0.0,0,0,4,0,7116,0.0,100,0.0,0.0,0.0,0.0,0.0,0,0,0,0,0.0,0,0,0,0,0,0,0,0,0,0,0,0,0,0,0,0,0,0,0,0,0,0,0,0,0,0,0,0,0,0,0,0,0,31,40,40,71,65476,0,300,0,0,8,21553,0.0,-107605600.0,0.0,0.0,0.0,0.0,0.0,0.0,0.0,0.0,0.0,0.0,0.0,0.0,0.0,0.0,0.0,0.0,0.0,0.0,0.0,0.0,-2.004,2.004,-2.004,-0.0,0.0,0.0,0.0,0.0,4497.0,1.0406634001529092e+34,6927.0,0.0,0.0,-0.0,0.0,0.0,0.0,0.0,0.0,69,-2.718430741444032e+23,-107614616.0,0.0,0.0,0.0,0.0,0.0,0.0,0.0,0,0,0,0.0,0.0,0.0,0.0,0.0,0.0,0.0,0.0,0.0,0.0,0.0,0.0,0.0,0.0,0.0,0.0,0,-107875648.0,69,0.0,138,0.0,2.6474777903227054e+23,0,0,17086,13107,17101,0,17081,0,0,0,70,68,100,2.7302399002429377e+23,82.1,0.0,78.0,0.0,79.0,1,49,50,180,0,26215,0,0,0.0,0.0,0.0,0.0,-0.0,67.0,0.0,162057.094,0.0,975,0,1002,0,0,0,950,0,1026,0,925,0,790,0,781,0,822,0,7520,0.032,9.626894563467172e+19,0.0,0.0,784,16797,-0.0,162057.094,-114818.039,-0.0,0.133,6.909358625270745e+28,30.0,70.0,35,0.0,0.0,0.0,0.0,0.0,0.0,0.0,0.0,0.0,0.0,0.0,0.0,0.0,0.0,0.0,0.0,66.4,0,150,71,52,65476,0,300,0,0,8,20529,65476,0,0,44564,70.0,0.0,0.0,0.0,0.0,0.0
2026-09-10T21:32:47,ERR,ERR,ERR,ERR,ERR,ERR,ERR,ERR,ERR,ERR,ERR,ERR,ERR,ERR,ERR,ERR,ERR,ERR,ERR,ERR,ERR,ERR,ERR,ERR,ERR,ERR,ERR,ERR,ERR,ERR,ERR,ERR,ERR,ERR,ERR,ERR,ERR,ERR,ERR,ERR,ERR,ERR,ERR,ERR,ERR,ERR,ERR,ERR,ERR,ERR,ERR,ERR,ERR,ERR,ERR,ERR,ERR,ERR,ERR,ERR,ERR,ERR,ERR,ERR,ERR,ERR,ERR,ERR,ERR,ERR,ERR,ERR,ERR,ERR,ERR,ERR,ERR,ERR,ERR,ERR,ERR,ERR,ERR,ERR,ERR,ERR,ERR,ERR,ERR,ERR,ERR,ERR,ERR,ERR,ERR,ERR,ERR,ERR,ERR,ERR,ERR,ERR,ERR,ERR,ERR,ERR,ERR,ERR,ERR,ERR,ERR,ERR,ERR,ERR,ERR,ERR,ERR,ERR,ERR,ERR,ERR,ERR,ERR,ERR,ERR,0.0,0.0,2.6474835549302285e+23,0.0,0.0,1.3936040501711995e+18,7.805,0.0,0,0,4,0,7116,0.0,100,0.0,0.0,0.0,0.0,0.0,0,0,0,0,0.0,0,0,0,0,0,0,0,0,0,0,0,0,0,0,0,0,0,0,0,0,0,0,0,0,0,0,0,0,0,0,0,0,0,31,40,40,71,65476,0,300,0,0,8,21553,0.0,-107605600.0,0.0,0.0,0.0,0.0,0.0,0.0,0.0,0.0,0.0,0.0,0.0,0.0,0.0,0.0,0.0,0.0,0.0,0.0,0.0,0.0,-2.004,2.004,-2.004,-0.0,0.0,0.0,0.0,0.0,4497.0,1.0406634001529092e+34,6927.0,0.0,0.0,-0.0,0.0,0.0,0.0,0.0,0.0,69,-2.718430741444032e+23,-107614616.0,0.0,0.0,0.0,0.0,0.0,0.0,0.0,0,0,0,0.0,0.0,0.0,0.0,0.0,0.0,0.0,0.0,0.0,0.0,0.0,0.0,0.0,0.0,0.0,0.0,0,-107875648.0,69,0.0,138,0.0,2.6474777903227054e+23,0,0,17086,13107,17101,0,17081,0,0,0,70,68,100,2.7302399002429377e+23,82.1,0.0,78.0,0.0,79.0,1,49,50,180,0,26215,0,0,0.0,0.0,0.0,0.0,-0.0,67.0,0.0,162057.094,0.0,975,0,1002,0,0,0,950,0,1026,0,925,0,790,0,781,0,822,0,7520,0.032,9.626894563467172e+19,0.0,0.0,784,16797,-0.0,162057.094,-114818.039,-0.0,0.133,6.909358625270745e+28,30.0,70.0,35,0.0,0.0,0.0,0.0,0.0,0.0,0.0,0.0,0.0,0.0,0.0,0.0,0.0,0.0,0.0,0.0,66.4,0,150,71,52,65476,0,300,0,0,8,20529,65476,0,0,44564,70.0,0.0,0.0,0.0,0.0,0.0
2026-09-10T21:32:48,ERR,ERR,ERR,ERR,ERR,ERR,ERR,ERR,ERR,ERR,ERR,ERR,ERR,ERR,ERR,ERR,ERR,ERR,ERR,ERR,ERR,ERR,ERR,ERR,ERR,ERR,ERR,ERR,ERR,ERR,ERR,ERR,ERR,ERR,ERR,ERR,ERR,ERR,ERR,ERR,ERR,ERR,ERR,ERR,ERR,ERR,ERR,ERR,ERR,ERR,ERR,ERR,ERR,ERR,ERR,ERR,ERR,ERR,ERR,ERR,ERR,ERR,ERR,ERR,ERR,ERR,ERR,ERR,ERR,ERR,ERR,ERR,ERR,ERR,ERR,ERR,ERR,ERR,ERR,ERR,ERR,ERR,ERR,ERR,ERR,ERR,ERR,ERR,ERR,ERR,ERR,ERR,ERR,ERR,ERR,ERR,ERR,ERR,ERR,ERR,ERR,ERR,ERR,ERR,ERR,ERR,ERR,ERR,ERR,ERR,ERR,ERR,ERR,ERR,ERR,ERR,ERR,ERR,ERR,ERR,ERR,ERR,ERR,ERR,ERR,0.0,0.0,2.6474835549302285e+23,0.0,0.0,1.3936040501711995e+18,7.805,0.0,0,0,4,0,7116,0.0,100,0.0,0.0,0.0,0.0,0.0,0,0,0,0,0.0,0,0,0,0,0,0,0,0,0,0,0,0,0,0,0,0,0,0,0,0,0,0,0,0,0,0,0,0,0,0,0,0,0,31,40,40,71,65476,0,300,0,0,8,21553,0.0,-107605600.0,0.0,0.0,0.0,0.0,0.0,0.0,0.0,0.0,0.0,0.0,0.0,0.0,0.0,0.0,0.0,0.0,0.0,0.0,0.0,0.0,-2.004,2.004,-2.004,-0.0,0.0,0.0,0.0,0.0,4497.0,1.0406634001529092e+34,6927.0,0.0,0.0,-0.0,0.0,0.0,0.0,0.0,0.0,69,-2.718430741444032e+23,-107614616.0,0.0,0.0,0.0,0.0,0.0,0.0,0.0,0,0,0,0.0,0.0,0.0,0.0,0.0,0.0,0.0,0.0,0.0,0.0,0.0,0.0,0.0,0.0,0.0,0.0,0,-107875648.0,69,0.0,138,0.0,2.6474777903227054e+23,0,0,17086,13107,17101,0,17081,0,0,0,70,68,100,2.7302399002429377e+23,82.1,0.0,78.0,0.0,79.0,1,49,50,180,0,26215,0,0,0.0,0.0,0.0,0.0,-0.0,67.0,0.0,162057.094,0.0,975,0,1002,0,0,0,950,0,1026,0,925,0,790,0,781,0,822,0,7520,0.032,9.626894563467172e+19,0.0,0.0,784,16797,-0.0,162057.094,-114818.039,-0.0,0.133,6.909358625270745e+28,30.0,70.0,35,0.0,0.0,0.0,0.0,0.0,0.0,0.0,0.0,0.0,0.0,0.0,0.0,0.0,0.0,0.0,0.0,66.4,0,150,71,52,65476,0,300,0,0,8,20529,65476,0,0,44564,70.0,0.0,0.0,0.0,0.0,0.0
2026-09-10T21:32:49,ERR,ERR,ERR,ERR,ERR,ERR,ERR,ERR,ERR,ERR,ERR,ERR,ERR,ERR,ERR,ERR,ERR,ERR,ERR,ERR,ERR,ERR,ERR,ERR,ERR,ERR,ERR,ERR,ERR,ERR,ERR,ERR,ERR,ERR,ERR,ERR,ERR,ERR,ERR,ERR,ERR,ERR,ERR,ERR,ERR,ERR,ERR,ERR,ERR,ERR,ERR,ERR,ERR,ERR,ERR,ERR,ERR,ERR,ERR,ERR,ERR,ERR,ERR,ERR,ERR,ERR,ERR,ERR,ERR,ERR,ERR,ERR,ERR,ERR,ERR,ERR,ERR,ERR,ERR,ERR,ERR,ERR,ERR,ERR,ERR,ERR,ERR,ERR,ERR,ERR,ERR,ERR,ERR,ERR,ERR,ERR,ERR,ERR,ERR,ERR,ERR,ERR,ERR,ERR,ERR,ERR,ERR,ERR,ERR,ERR,ERR,ERR,ERR,ERR,ERR,ERR,ERR,ERR,ERR,ERR,ERR,ERR,ERR,ERR,ERR,0.0,0.0,2.6474835549302285e+23,0.0,0.0,1.3936040501711995e+18,7.805,0.0,0,0,4,0,7116,0.0,100,0.0,0.0,0.0,0.0,0.0,0,0,0,0,0.0,0,0,0,0,0,0,0,0,0,0,0,0,0,0,0,0,0,0,0,0,0,0,0,0,0,0,0,0,0,0,0,0,0,31,40,40,71,65476,0,300,0,0,8,21553,0.0,-107605600.0,0.0,0.0,0.0,0.0,0.0,0.0,0.0,0.0,0.0,0.0,0.0,0.0,0.0,0.0,0.0,0.0,0.0,0.0,0.0,0.0,-2.004,2.004,-2.004,-0.0,0.0,0.0,0.0,0.0,4497.0,1.0406634001529092e+34,6927.0,0.0,0.0,-0.0,0.0,0.0,0.0,0.0,0.0,69,-2.718430741444032e+23,-107614616.0,0.0,0.0,0.0,0.0,0.0,0.0,0.0,0,0,0,0.0,0.0,0.0,0.0,0.0,0.0,0.0,0.0,0.0,0.0,0.0,0.0,0.0,0.0,0.0,0.0,0,-107875648.0,69,0.0,138,0.0,2.6474777903227054e+23,0,0,17086,13107,17101,0,17081,0,0,0,70,68,100,2.7302399002429377e+23,82.1,0.0,78.0,0.0,79.0,1,49,50,180,0,26215,0,0,0.0,0.0,0.0,0.0,-0.0,67.0,0.0,162057.094,0.0,975,0,1002,0,0,0,950,0,1026,0,925,0,790,0,781,0,822,0,7520,0.032,9.56924848823683e+19,0.0,0.0,784,16797,-0.0,162057.094,-114818.039,-0.0,0.133,6.909358625270745e+28,30.0,70.0,35,0.0,0.0,0.0,0.0,0.0,0.0,0.0,0.0,0.0,0.0,0.0,0.0,0.0,0.0,0.0,0.0,66.4,0,150,71,52,65476,0,300,0,0,8,20529,65476,0,0,44564,70.0,0.0,0.0,0.0,0.0,0.0
2026-09-10T21:32:50,ERR,ERR,ERR,ERR,ERR,ERR,ERR,ERR,ERR,ERR,ERR,ERR,ERR,ERR,ERR,ERR,ERR,ERR,ERR,ERR,ERR,ERR,ERR,ERR,ERR,ERR,ERR,ERR,ERR,ERR,ERR,ERR,ERR,ERR,ERR,ERR,ERR,ERR,ERR,ERR,ERR,ERR,ERR,ERR,ERR,ERR,ERR,ERR,ERR,ERR,ERR,ERR,ERR,ERR,ERR,ERR,ERR,ERR,ERR,ERR,ERR,ERR,ERR,ERR,ERR,ERR,ERR,ERR,ERR,ERR,ERR,ERR,ERR,ERR,ERR,ERR,ERR,ERR,ERR,ERR,ERR,ERR,ERR,ERR,ERR,ERR,ERR,ERR,ERR,ERR,ERR,ERR,ERR,ERR,ERR,ERR,ERR,ERR,ERR,ERR,ERR,ERR,ERR,ERR,ERR,ERR,ERR,ERR,ERR,ERR,ERR,ERR,ERR,ERR,ERR,ERR,ERR,ERR,ERR,ERR,ERR,ERR,ERR,ERR,ERR,0.0,0.0,2.6474835549302285e+23,0.0,0.0,1.3936040501711995e+18,7.805,0.0,0,0,4,0,7116,0.0,100,0.0,0.0,0.0,0.0,0.0,0,0,0,0,0.0,0,0,0,0,0,0,0,0,0,0,0,0,0,0,0,0,0,0,0,0,0,0,0,0,0,0,0,0,0,0,0,0,0,31,40,40,71,65476,0,300,0,0,8,21553,0.0,-107605600.0,0.0,0.0,0.0,0.0,0.0,0.0,0.0,0.0,0.0,0.0,0.0,0.0,0.0,0.0,0.0,0.0,0.0,0.0,0.0,0.0,-2.004,2.004,-2.004,-0.0,0.0,0.0,0.0,0.0,4497.0,1.0406634001529092e+34,6927.0,0.0,0.0,-0.0,0.0,0.0,0.0,0.0,0.0,69,-2.718430741444032e+23,-107614616.0,0.0,0.0,0.0,0.0,0.0,0.0,0.0,0,0,0,0.0,0.0,0.0,0.0,0.0,0.0,0.0,0.0,0.0,0.0,0.0,0.0,0.0,0.0,0.0,0.0,0,-107875648.0,69,0.0,138,0.0,2.6474777903227054e+23,0,0,17086,13107,17101,0,17081,0,0,0,70,68,100,2.7302399002429377e+23,82.1,0.0,78.0,0.0,79.0,1,49,50,180,0,26215,0,0,0.0,0.0,0.0,0.0,-0.0,67.0,0.0,162057.094,0.0,975,0,1002,0,0,0,950,0,1026,0,925,0,790,0,781,0,822,0,7520,0.032,9.56924848823683e+19,0.0,0.0,784,16797,-0.0,162057.094,-114818.039,-0.0,0.133,6.909358625270745e+28,30.0,70.0,35,0.0,0.0,0.0,0.0,0.0,0.0,0.0,0.0,0.0,0.0,0.0,0.0,0.0,0.0,0.0,0.0,66.4,0,150,71,52,65476,0,300,0,0,8,20529,65476,0,0,44564,70.0,0.0,0.0,0.0,0.0,0.0
2026-09-10T21:32:51,ERR,ERR,ERR,ERR,ERR,ERR,ERR,ERR,ERR,ERR,ERR,ERR,ERR,ERR,ERR,ERR,ERR,ERR,ERR,ERR,ERR,ERR,ERR,ERR,ERR,ERR,ERR,ERR,ERR,ERR,ERR,ERR,ERR,ERR,ERR,ERR,ERR,ERR,ERR,ERR,ERR,ERR,ERR,ERR,ERR,ERR,ERR,ERR,ERR,ERR,ERR,ERR,ERR,ERR,ERR,ERR,ERR,ERR,ERR,ERR,ERR,ERR,ERR,ERR,ERR,ERR,ERR,ERR,ERR,ERR,ERR,ERR,ERR,ERR,ERR,ERR,ERR,ERR,ERR,ERR,ERR,ERR,ERR,ERR,ERR,ERR,ERR,ERR,ERR,ERR,ERR,ERR,ERR,ERR,ERR,ERR,ERR,ERR,ERR,ERR,ERR,ERR,ERR,ERR,ERR,ERR,ERR,ERR,ERR,ERR,ERR,ERR,ERR,ERR,ERR,ERR,ERR,ERR,ERR,ERR,ERR,ERR,ERR,ERR,ERR,0.0,0.0,2.6474835549302285e+23,0.0,0.0,1.3936040501711995e+18,7.805,0.0,0,0,4,0,7116,0.0,100,0.0,0.0,0.0,0.0,0.0,0,0,0,0,0.0,0,0,0,0,0,0,0,0,0,0,0,0,0,0,0,0,0,0,0,0,0,0,0,0,0,0,0,0,0,0,0,0,0,31,40,40,71,65476,0,300,0,0,8,21553,0.0,-107605600.0,0.0,0.0,0.0,0.0,0.0,0.0,0.0,0.0,0.0,0.0,0.0,0.0,0.0,0.0,0.0,0.0,0.0,0.0,0.0,0.0,-2.004,2.004,-2.004,-0.0,0.0,0.0,0.0,0.0,4497.0,1.0406634001529092e+34,6927.0,0.0,0.0,-0.0,0.0,0.0,0.0,0.0,0.0,69,-2.718430741444032e+23,-107614616.0,0.0,0.0,0.0,0.0,0.0,0.0,0.0,0,0,0,0.0,0.0,0.0,0.0,0.0,0.0,0.0,0.0,0.0,0.0,0.0,0.0,0.0,0.0,0.0,0.0,0,-107875648.0,69,0.0,138,0.0,2.6474777903227054e+23,0,0,17086,13107,17101,0,17081,0,0,0,70,68,100,2.7302399002429377e+23,82.1,0.0,78.0,0.0,79.0,1,49,50,180,0,26215,0,0,0.0,0.0,0.0,0.0,-0.0,67.0,0.0,162057.094,0.0,975,0,1002,0,0,0,950,0,1026,0,925,0,790,0,781,0,822,0,7520,0.032,9.56924848823683e+19,0.0,0.0,784,16797,-0.0,162057.094,-114818.039,-0.0,0.133,6.909358625270745e+28,30.0,70.0,35,0.0,0.0,0.0,0.0,0.0,0.0,0.0,0.0,0.0,0.0,0.0,0.0,0.0,0.0,0.0,0.0,66.4,0,150,71,52,65476,0,300,0,0,8,20529,65476,0,0,44564,70.0,0.0,0.0,0.0,0.0,0.0
2026-09-10T21:32:52,ERR,ERR,ERR,ERR,ERR,ERR,ERR,ERR,ERR,ERR,ERR,ERR,ERR,ERR,ERR,ERR,ERR,ERR,ERR,ERR,ERR,ERR,ERR,ERR,ERR,ERR,ERR,ERR,ERR,ERR,ERR,ERR,ERR,ERR,ERR,ERR,ERR,ERR,ERR,ERR,ERR,ERR,ERR,ERR,ERR,ERR,ERR,ERR,ERR,ERR,ERR,ERR,ERR,ERR,ERR,ERR,ERR,ERR,ERR,ERR,ERR,ERR,ERR,ERR,ERR,ERR,ERR,ERR,ERR,ERR,ERR,ERR,ERR,ERR,ERR,ERR,ERR,ERR,ERR,ERR,ERR,ERR,ERR,ERR,ERR,ERR,ERR,ERR,ERR,ERR,ERR,ERR,ERR,ERR,ERR,ERR,ERR,ERR,ERR,ERR,ERR,ERR,ERR,ERR,ERR,ERR,ERR,ERR,ERR,ERR,ERR,ERR,ERR,ERR,ERR,ERR,ERR,ERR,ERR,ERR,ERR,ERR,ERR,ERR,ERR,0.0,0.0,2.6474835549302285e+23,0.0,0.0,1.3936040501711995e+18,7.805,0.0,0,0,4,0,7116,0.0,100,0.0,0.0,0.0,0.0,0.0,0,0,0,0,0.0,0,0,0,0,0,0,0,0,0,0,0,0,0,0,0,0,0,0,0,0,0,0,0,0,0,0,0,0,0,0,0,0,0,31,40,40,71,65476,0,300,0,0,8,21553,0.0,-107605600.0,0.0,0.0,0.0,0.0,0.0,0.0,0.0,0.0,0.0,0.0,0.0,0.0,0.0,0.0,0.0,0.0,0.0,0.0,0.0,0.0,-2.004,2.004,-2.004,-0.0,0.0,0.0,0.0,0.0,4497.0,1.0406634001529092e+34,6927.0,0.0,0.0,-0.0,0.0,0.0,0.0,0.0,0.0,69,-2.718430741444032e+23,-107614616.0,0.0,0.0,0.0,0.0,0.0,0.0,0.0,0,0,0,0.0,0.0,0.0,0.0,0.0,0.0,0.0,0.0,0.0,0.0,0.0,0.0,0.0,0.0,0.0,0.0,0,-107875648.0,69,0.0,138,0.0,2.6474777903227054e+23,0,0,17086,13107,17101,0,17081,0,0,0,70,68,100,2.7302399002429377e+23,82.1,0.0,78.0,0.0,79.0,1,49,50,180,0,26215,0,0,0.0,0.0,0.0,0.0,-0.0,67.0,0.0,162057.094,0.0,975,0,1002,0,0,0,950,0,1026,0,925,0,790,0,781,0,822,0,7520,0.032,9.56924848823683e+19,0.0,0.0,784,16797,-0.0,162057.094,-114818.039,-0.0,0.133,6.909358625270745e+28,30.0,70.0,35,0.0,0.0,0.0,0.0,0.0,0.0,0.0,0.0,0.0,0.0,0.0,0.0,0.0,0.0,0.0,0.0,66.8,0,150,71,52,65476,0,300,0,0,8,20529,65476,0,0,44564,70.0,0.0,0.0,0.0,0.0,0.0
2026-09-10T21:32:53,ERR,ERR,ERR,ERR,ERR,ERR,ERR,ERR,ERR,ERR,ERR,ERR,ERR,ERR,ERR,ERR,ERR,ERR,ERR,ERR,ERR,ERR,ERR,ERR,ERR,ERR,ERR,ERR,ERR,ERR,ERR,ERR,ERR,ERR,ERR,ERR,ERR,ERR,ERR,ERR,ERR,ERR,ERR,ERR,ERR,ERR,ERR,ERR,ERR,ERR,ERR,ERR,ERR,ERR,ERR,ERR,ERR,ERR,ERR,ERR,ERR,ERR,ERR,ERR,ERR,ERR,ERR,ERR,ERR,ERR,ERR,ERR,ERR,ERR,ERR,ERR,ERR,ERR,ERR,ERR,ERR,ERR,ERR,ERR,ERR,ERR,ERR,ERR,ERR,ERR,ERR,ERR,ERR,ERR,ERR,ERR,ERR,ERR,ERR,ERR,ERR,ERR,ERR,ERR,ERR,ERR,ERR,ERR,ERR,ERR,ERR,ERR,ERR,ERR,ERR,ERR,ERR,ERR,ERR,ERR,ERR,ERR,ERR,ERR,ERR,0.0,0.0,0.0,0.0,0.0,1.3936040501711995e+18,7.805,0.0,0,0,4,0,7116,0.0,100,0.0,0.0,0.0,0.0,0.0,0,0,0,0,0.0,0,0,0,0,0,0,0,0,0,0,0,0,0,0,0,0,0,0,0,0,0,0,0,0,0,0,0,0,0,0,0,0,0,31,40,40,71,65476,0,300,0,0,8,21553,0.0,-107605600.0,0.0,0.0,0.0,0.0,0.0,0.0,0.0,0.0,0.0,0.0,0.0,0.0,0.0,0.0,0.0,0.0,0.0,0.0,0.0,0.0,-2.004,2.004,-2.004,-0.0,0.0,0.0,0.0,0.0,4494.0,131350.188,6921.0,0.0,0.0,-0.0,0.0,0.0,0.0,0.0,0.0,69,-152018521948160.0,-0.0,0.0,0.0,0.0,0.0,0.0,0.0,0.0,0,0,0,0.0,0.0,0.0,0.0,0.0,0.0,0.0,0.0,0.0,0.0,0.0,0.0,0.0,0.0,0.0,0.0,0,-107875648.0,69,0.0,138,0.0,2.6474777903227054e+23,0,0,17086,13107,17101,0,17081,0,0,0,70,68,100,2.7302399002429377e+23,82.1,0.0,78.0,0.0,79.0,1,49,50,180,0,26215,0,0,0.0,0.0,0.0,0.0,-0.0,67.0,0.0,162057.094,0.0,975,0,1002,0,0,0,950,0,1026,0,925,0,790,0,781,0,822,0,7520,0.032,9.56924848823683e+19,0.0,0.0,784,16797,-0.0,162057.094,-114818.039,-0.0,0.133,6.909358625270745e+28,30.0,70.0,35,0.0,0.0,0.0,0.0,0.0,0.0,0.0,0.0,0.0,0.0,0.0,0.0,0.0,0.0,0.0,0.0,66.8,0,150,71,52,65476,0,300,0,0,8,20529,65476,0,0,44564,70.0,0.0,0.0,0.0,0.0,0.0
2026-09-10T21:32:54,ERR,ERR,ERR,ERR,ERR,ERR,ERR,ERR,ERR,ERR,ERR,ERR,ERR,ERR,ERR,ERR,ERR,ERR,ERR,ERR,ERR,ERR,ERR,ERR,ERR,ERR,ERR,ERR,ERR,ERR,ERR,ERR,ERR,ERR,ERR,ERR,ERR,ERR,ERR,ERR,ERR,ERR,ERR,ERR,ERR,ERR,ERR,ERR,ERR,ERR,ERR,ERR,ERR,ERR,ERR,ERR,ERR,ERR,ERR,ERR,ERR,ERR,ERR,ERR,ERR,ERR,ERR,ERR,ERR,ERR,ERR,ERR,ERR,ERR,ERR,ERR,ERR,ERR,ERR,ERR,ERR,ERR,ERR,ERR,ERR,ERR,ERR,ERR,ERR,ERR,ERR,ERR,ERR,ERR,ERR,ERR,ERR,ERR,ERR,ERR,ERR,ERR,ERR,ERR,ERR,ERR,ERR,ERR,ERR,ERR,ERR,ERR,ERR,ERR,ERR,ERR,ERR,ERR,ERR,ERR,ERR,ERR,ERR,ERR,ERR,0.0,0.0,0.0,0.0,0.0,1.3936040501711995e+18,7.805,0.0,0,0,4,0,7116,0.0,100,0.0,0.0,0.0,0.0,0.0,0,0,0,0,0.0,0,0,0,0,0,0,0,0,0,0,0,0,0,0,0,0,0,0,0,0,0,0,0,0,0,0,0,0,0,0,0,0,0,31,40,40,71,65476,0,300,0,0,8,21553,0.0,-107605600.0,0.0,0.0,0.0,0.0,0.0,0.0,0.0,0.0,0.0,0.0,0.0,0.0,0.0,0.0,0.0,0.0,0.0,0.0,0.0,0.0,-2.004,2.004,-2.004,-0.0,0.0,0.0,0.0,0.0,4494.0,131350.188,6921.0,0.0,0.0,-0.0,0.0,0.0,0.0,0.0,0.0,69,-152018521948160.0,-0.0,0.0,0.0,0.0,0.0,0.0,0.0,0.0,0,0,0,0.0,0.0,0.0,0.0,0.0,0.0,0.0,0.0,0.0,0.0,0.0,0.0,0.0,0.0,0.0,0.0,0,-107875648.0,69,0.0,138,0.0,2.6474777903227054e+23,0,0,17086,13107,17101,0,17081,0,0,0,70,68,100,2.7302399002429377e+23,82.1,0.0,78.0,0.0,79.0,1,49,50,180,0,26215,0,0,0.0,0.0,0.0,0.0,-0.0,67.0,0.0,162057.094,0.0,975,0,1002,0,0,0,950,0,1026,0,925,0,790,0,781,0,822,0,7520,0.032,9.56924848823683e+19,0.0,0.0,784,16797,-0.0,162057.094,-114818.039,-0.0,0.133,6.909358625270745e+28,30.0,70.0,35,0.0,0.0,0.0,0.0,0.0,0.0,0.0,0.0,0.0,0.0,0.0,0.0,0.0,0.0,0.0,0.0,66.4,0,150,71,51,65476,0,300,0,0,8,20529,65476,0,0,44564,70.0,0.0,0.0,0.0,0.0,0.0
2026-09-10T21:32:55,ERR,ERR,ERR,ERR,ERR,ERR,ERR,ERR,ERR,ERR,ERR,ERR,ERR,ERR,ERR,ERR,ERR,ERR,ERR,ERR,ERR,ERR,ERR,ERR,ERR,ERR,ERR,ERR,ERR,ERR,ERR,ERR,ERR,ERR,ERR,ERR,ERR,ERR,ERR,ERR,ERR,ERR,ERR,ERR,ERR,ERR,ERR,ERR,ERR,ERR,ERR,ERR,ERR,ERR,ERR,ERR,ERR,ERR,ERR,ERR,ERR,ERR,ERR,ERR,ERR,ERR,ERR,ERR,ERR,ERR,ERR,ERR,ERR,ERR,ERR,ERR,ERR,ERR,ERR,ERR,ERR,ERR,ERR,ERR,ERR,ERR,ERR,ERR,ERR,ERR,ERR,ERR,ERR,ERR,ERR,ERR,ERR,ERR,ERR,ERR,ERR,ERR,ERR,ERR,ERR,ERR,ERR,ERR,ERR,ERR,ERR,ERR,ERR,ERR,ERR,ERR,ERR,ERR,ERR,ERR,ERR,ERR,ERR,ERR,ERR,0.0,0.0,0.0,0.0,0.0,1.3936040501711995e+18,7.805,0.0,0,0,4,0,7116,0.0,100,0.0,0.0,0.0,0.0,0.0,0,0,0,0,0.0,0,0,0,0,0,0,0,0,0,0,0,0,0,0,0,0,0,0,0,0,0,0,0,0,0,0,0,0,0,0,0,0,0,31,40,40,71,65476,0,300,0,0,8,21553,0.0,-107605600.0,0.0,0.0,0.0,0.0,0.0,0.0,0.0,0.0,0.0,0.0,0.0,0.0,0.0,0.0,0.0,0.0,0.0,0.0,0.0,0.0,-2.004,2.004,-2.004,-0.0,0.0,0.0,0.0,0.0,4494.0,131350.188,6921.0,0.0,0.0,-0.0,0.0,0.0,0.0,0.0,0.0,69,-152018521948160.0,-0.0,0.0,0.0,0.0,0.0,0.0,0.0,0.0,0,0,0,0.0,0.0,0.0,0.0,0.0,0.0,0.0,0.0,0.0,0.0,0.0,0.0,0.0,0.0,0.0,0.0,0,-107875648.0,69,0.0,138,0.0,2.6474777903227054e+23,0,0,17086,13107,17101,0,17081,0,0,0,70,68,100,2.7302399002429377e+23,82.1,0.0,78.0,0.0,79.0,1,49,50,180,0,26215,0,0,0.0,0.0,0.0,0.0,-0.0,67.0,0.0,162057.094,0.0,975,0,1002,0,0,0,950,0,1026,0,925,0,790,0,781,0,822,0,7520,0.032,9.56924848823683e+19,0.0,0.0,784,16797,-0.0,162057.094,-114818.039,-0.0,0.133,6.909358625270745e+28,30.0,70.0,35,0.0,0.0,0.0,0.0,0.0,0.0,0.0,0.0,0.0,0.0,0.0,0.0,0.0,0.0,0.0,0.0,66.4,0,150,71,51,65476,0,300,0,0,8,20529,65476,0,0,44564,70.0,0.0,0.0,0.0,0.0,0.0
2026-09-10T21:32:56,ERR,ERR,ERR,ERR,ERR,ERR,ERR,ERR,ERR,ERR,ERR,ERR,ERR,ERR,ERR,ERR,ERR,ERR,ERR,ERR,ERR,ERR,ERR,ERR,ERR,ERR,ERR,ERR,ERR,ERR,ERR,ERR,ERR,ERR,ERR,ERR,ERR,ERR,ERR,ERR,ERR,ERR,ERR,ERR,ERR,ERR,ERR,ERR,ERR,ERR,ERR,ERR,ERR,ERR,ERR,ERR,ERR,ERR,ERR,ERR,ERR,ERR,ERR,ERR,ERR,ERR,ERR,ERR,ERR,ERR,ERR,ERR,ERR,ERR,ERR,ERR,ERR,ERR,ERR,ERR,ERR,ERR,ERR,ERR,ERR,ERR,ERR,ERR,ERR,ERR,ERR,ERR,ERR,ERR,ERR,ERR,ERR,ERR,ERR,ERR,ERR,ERR,ERR,ERR,ERR,ERR,ERR,ERR,ERR,ERR,ERR,ERR,ERR,ERR,ERR,ERR,ERR,ERR,ERR,ERR,ERR,ERR,ERR,ERR,ERR,0.0,0.0,0.0,0.0,0.0,1.3936040501711995e+18,7.805,0.0,0,0,4,0,7116,0.0,100,0.0,0.0,0.0,0.0,0.0,0,0,0,0,0.0,0,0,0,0,0,0,0,0,0,0,0,0,0,0,0,0,0,0,0,0,0,0,0,0,0,0,0,0,0,0,0,0,0,31,40,40,71,65476,0,300,0,0,8,21553,0.0,-107605600.0,0.0,0.0,0.0,0.0,0.0,0.0,0.0,0.0,0.0,0.0,0.0,0.0,0.0,0.0,0.0,0.0,0.0,0.0,0.0,0.0,-2.004,2.004,-2.004,-0.0,0.0,0.0,0.0,0.0,4494.0,131350.188,6921.0,0.0,0.0,-0.0,0.0,0.0,0.0,0.0,0.0,69,-152018521948160.0,-0.0,0.0,0.0,0.0,0.0,0.0,0.0,0.0,0,0,0,0.0,0.0,0.0,0.0,0.0,0.0,0.0,0.0,0.0,0.0,0.0,0.0,0.0,0.0,0.0,0.0,0,-107875648.0,69,0.0,138,0.0,2.6474777903227054e+23,0,0,17086,13107,17101,0,17081,0,0,0,70,68,100,2.7302399002429377e+23,82.1,0.0,78.0,0.0,79.0,1,49,50,180,0,26215,0,0,0.0,0.0,0.0,0.0,-0.0,67.0,0.0,162057.094,0.0,975,0,1002,0,0,0,950,0,1026,0,925,0,790,0,781,0,822,0,7520,0.032,9.56924848823683e+19,0.0,0.0,784,16797,-0.0,162057.094,-114818.039,-0.0,0.133,6.909358625270745e+28,30.0,70.0,35,0.0,0.0,0.0,0.0,0.0,0.0,0.0,0.0,0.0,0.0,0.0,0.0,0.0,0.0,0.0,0.0,66.4,0,150,71,51,65476,0,300,0,0,8,20529,65476,0,0,44564,70.0,0.0,0.0,0.0,0.0,0.0
2026-09-10T21:32:57,ERR,ERR,ERR,ERR,ERR,ERR,ERR,ERR,ERR,ERR,ERR,ERR,ERR,ERR,ERR,ERR,ERR,ERR,ERR,ERR,ERR,ERR,ERR,ERR,ERR,ERR,ERR,ERR,ERR,ERR,ERR,ERR,ERR,ERR,ERR,ERR,ERR,ERR,ERR,ERR,ERR,ERR,ERR,ERR,ERR,ERR,ERR,ERR,ERR,ERR,ERR,ERR,ERR,ERR,ERR,ERR,ERR,ERR,ERR,ERR,ERR,ERR,ERR,ERR,ERR,ERR,ERR,ERR,ERR,ERR,ERR,ERR,ERR,ERR,ERR,ERR,ERR,ERR,ERR,ERR,ERR,ERR,ERR,ERR,ERR,ERR,ERR,ERR,ERR,ERR,ERR,ERR,ERR,ERR,ERR,ERR,ERR,ERR,ERR,ERR,ERR,ERR,ERR,ERR,ERR,ERR,ERR,ERR,ERR,ERR,ERR,ERR,ERR,ERR,ERR,ERR,ERR,ERR,ERR,ERR,ERR,ERR,ERR,ERR,ERR,0.0,0.0,0.0,0.0,0.0,1.3936040501711995e+18,7.805,0.0,0,0,4,0,7116,0.0,100,0.0,0.0,0.0,0.0,0.0,0,0,0,0,0.0,0,0,0,0,0,0,0,0,0,0,0,0,0,0,0,0,0,0,0,0,0,0,0,0,0,0,0,0,0,0,0,0,0,31,40,40,71,65476,0,300,0,0,8,21553,0.0,-107605600.0,0.0,0.0,0.0,0.0,0.0,0.0,0.0,0.0,0.0,0.0,0.0,0.0,0.0,0.0,0.0,0.0,0.0,0.0,0.0,0.0,-2.004,2.004,-2.004,-0.0,0.0,0.0,0.0,0.0,4494.0,131350.188,6921.0,0.0,0.0,-0.0,0.0,0.0,0.0,0.0,0.0,69,-152018521948160.0,-0.0,0.0,0.0,0.0,0.0,0.0,0.0,0.0,0,0,0,0.0,0.0,0.0,0.0,0.0,0.0,0.0,0.0,0.0,0.0,0.0,0.0,0.0,0.0,0.0,0.0,0,-107875648.0,69,0.0,138,0.0,2.6474777903227054e+23,0,0,17086,13107,17101,0,17081,0,0,0,70,68,100,2.7302399002429377e+23,82.1,0.0,78.0,0.0,79.0,1,49,50,180,0,26215,0,0,0.0,0.0,0.0,0.0,-0.0,67.0,0.0,162057.094,0.0,975,0,1002,0,0,0,950,0,1026,0,925,0,790,0,781,0,822,0,7520,0.032,9.56924848823683e+19,0.0,0.0,784,16797,-0.0,162057.094,-114818.039,-0.0,0.133,6.909358625270745e+28,30.0,70.0,35,0.0,0.0,0.0,0.0,0.0,0.0,0.0,0.0,0.0,0.0,0.0,0.0,0.0,0.0,0.0,0.0,66.4,0,150,71,52,65476,0,300,0,0,8,20529,65476,0,0,44564,70.0,0.0,0.0,0.0,0.0,0.0
2026-09-10T21:32:58,ERR,ERR,ERR,ERR,ERR,ERR,ERR,ERR,ERR,ERR,ERR,ERR,ERR,ERR,ERR,ERR,ERR,ERR,ERR,ERR,ERR,ERR,ERR,ERR,ERR,ERR,ERR,ERR,ERR,ERR,ERR,ERR,ERR,ERR,ERR,ERR,ERR,ERR,ERR,ERR,ERR,ERR,ERR,ERR,ERR,ERR,ERR,ERR,ERR,ERR,ERR,ERR,ERR,ERR,ERR,ERR,ERR,ERR,ERR,ERR,ERR,ERR,ERR,ERR,ERR,ERR,ERR,ERR,ERR,ERR,ERR,ERR,ERR,ERR,ERR,ERR,ERR,ERR,ERR,ERR,ERR,ERR,ERR,ERR,ERR,ERR,ERR,ERR,ERR,ERR,ERR,ERR,ERR,ERR,ERR,ERR,ERR,ERR,ERR,ERR,ERR,ERR,ERR,ERR,ERR,ERR,ERR,ERR,ERR,ERR,ERR,ERR,ERR,ERR,ERR,ERR,ERR,ERR,ERR,ERR,ERR,ERR,ERR,ERR,ERR,0.0,0.0,0.0,0.0,0.0,1.3936040501711995e+18,7.805,0.0,0,0,4,0,7116,0.0,100,0.0,0.0,0.0,0.0,0.0,0,0,0,0,0.0,0,0,0,0,0,0,0,0,0,0,0,0,0,0,0,0,0,0,0,0,0,0,0,0,0,0,0,0,0,0,0,0,0,31,40,40,71,65476,0,300,0,0,8,21553,0.0,-107605600.0,0.0,0.0,0.0,0.0,0.0,0.0,0.0,0.0,0.0,0.0,0.0,0.0,0.0,0.0,0.0,0.0,0.0,0.0,0.0,0.0,-2.004,2.004,-2.004,-0.0,0.0,0.0,0.0,0.0,4494.0,131350.188,6921.0,0.0,0.0,-0.0,0.0,0.0,0.0,0.0,0.0,69,-152018521948160.0,-0.0,0.0,0.0,0.0,0.0,0.0,0.0,0.0,0,0,0,0.0,0.0,0.0,0.0,0.0,0.0,0.0,0.0,0.0,0.0,0.0,0.0,0.0,0.0,0.0,0.0,0,-107875648.0,69,0.0,138,0.0,2.6474777903227054e+23,0,0,17086,13107,17101,0,17081,0,0,0,70,68,100,2.7302399002429377e+23,82.1,0.0,78.0,0.0,79.0,1,49,50,180,0,26215,0,0,0.0,0.0,0.0,0.0,-0.0,67.0,0.0,162057.094,0.0,975,0,1002,0,0,0,950,0,1026,0,925,0,790,0,781,0,822,0,7520,0.032,9.56924848823683e+19,0.0,0.0,784,16797,-0.0,162057.094,-114818.039,-0.0,0.133,6.909358625270745e+28,30.0,70.0,35,0.0,0.0,0.0,0.0,0.0,0.0,0.0,0.0,0.0,0.0,0.0,0.0,0.0,0.0,0.0,0.0,66.4,0,150,71,52,65476,0,300,0,0,8,20529,65476,0,0,44564,70.0,0.0,0.0,0.0,0.0,0.0
2026-09-10T21:32:59,ERR,ERR,ERR,ERR,ERR,ERR,ERR,ERR,ERR,ERR,ERR,ERR,ERR,ERR,ERR,ERR,ERR,ERR,ERR,ERR,ERR,ERR,ERR,ERR,ERR,ERR,ERR,ERR,ERR,ERR,ERR,ERR,ERR,ERR,ERR,ERR,ERR,ERR,ERR,ERR,ERR,ERR,ERR,ERR,ERR,ERR,ERR,ERR,ERR,ERR,ERR,ERR,ERR,ERR,ERR,ERR,ERR,ERR,ERR,ERR,ERR,ERR,ERR,ERR,ERR,ERR,ERR,ERR,ERR,ERR,ERR,ERR,ERR,ERR,ERR,ERR,ERR,ERR,ERR,ERR,ERR,ERR,ERR,ERR,ERR,ERR,ERR,ERR,ERR,ERR,ERR,ERR,ERR,ERR,ERR,ERR,ERR,ERR,ERR,ERR,ERR,ERR,ERR,ERR,ERR,ERR,ERR,ERR,ERR,ERR,ERR,ERR,ERR,ERR,ERR,ERR,ERR,ERR,ERR,ERR,ERR,ERR,ERR,ERR,ERR,0.0,0.0,0.0,0.0,0.0,1.3936040501711995e+18,7.805,0.0,0,0,4,0,7116,0.0,100,0.0,0.0,0.0,0.0,0.0,0,0,0,0,0.0,0,0,0,0,0,0,0,0,0,0,0,0,0,0,0,0,0,0,0,0,0,0,0,0,0,0,0,0,0,0,0,0,0,31,40,40,71,65476,0,300,0,0,8,21553,0.0,-107605600.0,0.0,0.0,0.0,0.0,0.0,0.0,0.0,0.0,0.0,0.0,0.0,0.0,0.0,0.0,0.0,0.0,0.0,0.0,0.0,0.0,-2.004,2.004,-2.004,-0.0,0.0,0.0,0.0,0.0,4494.0,131350.188,6921.0,0.0,0.0,-0.0,0.0,0.0,0.0,0.0,0.0,69,-152018521948160.0,-0.0,0.0,0.0,0.0,0.0,0.0,0.0,0.0,0,0,0,0.0,0.0,0.0,0.0,0.0,0.0,0.0,0.0,0.0,0.0,0.0,0.0,0.0,0.0,0.0,0.0,0,-107875648.0,69,0.0,138,0.0,2.6474777903227054e+23,0,0,17086,13107,17101,0,17081,0,0,0,70,68,100,2.7302399002429377e+23,82.1,0.0,78.0,0.0,79.0,1,49,50,180,0,26215,0,0,0.0,0.0,0.0,0.0,-0.0,67.0,0.0,162057.094,0.0,975,0,1002,0,0,0,950,0,1026,0,925,0,790,0,781,0,822,0,7520,0.032,9.56924848823683e+19,0.0,0.0,784,16797,-0.0,162057.094,-114818.039,-0.0,0.133,6.909358625270745e+28,30.0,70.0,35,0.0,0.0,0.0,0.0,0.0,0.0,0.0,0.0,0.0,0.0,0.0,0.0,0.0,0.0,0.0,0.0,66.4,0,150,71,52,65476,0,300,0,0,8,20529,65476,0,0,44564,70.0,0.0,0.0,0.0,0.0,0.0
2026-09-10T21:33:00,ERR,ERR,ERR,ERR,ERR,ERR,ERR,ERR,ERR,ERR,ERR,ERR,ERR,ERR,ERR,ERR,ERR,ERR,ERR,ERR,ERR,ERR,ERR,ERR,ERR,ERR,ERR,ERR,ERR,ERR,ERR,ERR,ERR,ERR,ERR,ERR,ERR,ERR,ERR,ERR,ERR,ERR,ERR,ERR,ERR,ERR,ERR,ERR,ERR,ERR,ERR,ERR,ERR,ERR,ERR,ERR,ERR,ERR,ERR,ERR,ERR,ERR,ERR,ERR,ERR,ERR,ERR,ERR,ERR,ERR,ERR,ERR,ERR,ERR,ERR,ERR,ERR,ERR,ERR,ERR,ERR,ERR,ERR,ERR,ERR,ERR,ERR,ERR,ERR,ERR,ERR,ERR,ERR,ERR,ERR,ERR,ERR,ERR,ERR,ERR,ERR,ERR,ERR,ERR,ERR,ERR,ERR,ERR,ERR,ERR,ERR,ERR,ERR,ERR,ERR,ERR,ERR,ERR,ERR,ERR,ERR,ERR,ERR,ERR,ERR,0.0,0.0,0.0,0.0,0.0,1.3936040501711995e+18,7.805,0.0,0,0,4,0,7116,0.0,100,0.0,0.0,0.0,0.0,0.0,0,0,0,0,0.0,0,0,0,0,0,0,0,0,0,0,0,0,0,0,0,0,0,0,0,0,0,0,0,0,0,0,0,0,0,0,0,0,0,31,40,40,71,65476,0,300,0,0,8,21553,0.0,-107605600.0,0.0,0.0,0.0,0.0,0.0,0.0,0.0,0.0,0.0,0.0,0.0,0.0,0.0,0.0,0.0,0.0,0.0,0.0,0.0,0.0,-2.004,2.004,-2.004,-0.0,0.0,0.0,0.0,0.0,4494.0,131350.188,6921.0,0.0,0.0,-0.0,0.0,0.0,0.0,0.0,0.0,69,-152018521948160.0,-0.0,0.0,0.0,0.0,0.0,0.0,0.0,0.0,0,0,0,0.0,0.0,0.0,0.0,0.0,0.0,0.0,0.0,0.0,0.0,0.0,0.0,0.0,0.0,0.0,0.0,0,-107875648.0,69,0.0,138,0.0,2.6474777903227054e+23,0,0,17086,13107,17101,0,17081,0,0,0,70,68,100,2.7302399002429377e+23,82.1,0.0,78.0,0.0,79.0,1,49,50,180,0,26215,0,0,0.0,0.0,0.0,0.0,-0.0,67.0,0.0,162057.094,0.0,975,0,1002,0,0,0,950,0,1026,0,925,0,790,0,781,0,822,0,7520,0.032,9.56924848823683e+19,0.0,0.0,784,16797,-0.0,162057.094,-114818.039,-0.0,0.133,6.909358625270745e+28,30.0,70.0,35,0.0,0.0,0.0,0.0,0.0,0.0,0.0,0.0,0.0,0.0,0.0,0.0,0.0,0.0,0.0,0.0,66.8,0,150,71,52,65476,0,300,0,0,8,20529,65476,0,0,44564,70.0,0.0,0.0,0.0,0.0,0.0
2026-09-10T21:33:01,ERR,ERR,ERR,ERR,ERR,ERR,ERR,ERR,ERR,ERR,ERR,ERR,ERR,ERR,ERR,ERR,ERR,ERR,ERR,ERR,ERR,ERR,ERR,ERR,ERR,ERR,ERR,ERR,ERR,ERR,ERR,ERR,ERR,ERR,ERR,ERR,ERR,ERR,ERR,ERR,ERR,ERR,ERR,ERR,ERR,ERR,ERR,ERR,ERR,ERR,ERR,ERR,ERR,ERR,ERR,ERR,ERR,ERR,ERR,ERR,ERR,ERR,ERR,ERR,ERR,ERR,ERR,ERR,ERR,ERR,ERR,ERR,ERR,ERR,ERR,ERR,ERR,ERR,ERR,ERR,ERR,ERR,ERR,ERR,ERR,ERR,ERR,ERR,ERR,ERR,ERR,ERR,ERR,ERR,ERR,ERR,ERR,ERR,ERR,ERR,ERR,ERR,ERR,ERR,ERR,ERR,ERR,ERR,ERR,ERR,ERR,ERR,ERR,ERR,ERR,ERR,ERR,ERR,ERR,ERR,ERR,ERR,ERR,ERR,ERR,0.0,0.0,0.0,0.0,0.0,1.3936040501711995e+18,7.805,0.0,0,0,4,0,7116,0.0,100,0.0,0.0,0.0,0.0,0.0,0,0,0,0,0.0,0,0,0,0,0,0,0,0,0,0,0,0,0,0,0,0,0,0,0,0,0,0,0,0,0,0,0,0,0,0,0,0,0,31,40,40,71,65476,0,300,0,0,8,21553,0.0,-107605600.0,0.0,0.0,0.0,0.0,0.0,0.0,0.0,0.0,0.0,0.0,0.0,0.0,0.0,0.0,0.0,0.0,0.0,0.0,0.0,0.0,-2.004,2.004,-2.004,-0.0,0.0,0.0,0.0,0.0,4494.0,131350.188,6921.0,0.0,0.0,-0.0,0.0,0.0,0.0,0.0,0.0,69,-152018521948160.0,-0.0,0.0,0.0,0.0,0.0,0.0,0.0,0.0,0,0,0,0.0,0.0,0.0,0.0,0.0,0.0,0.0,0.0,0.0,0.0,0.0,0.0,0.0,0.0,0.0,0.0,0,-107875648.0,69,0.0,138,0.0,2.6474777903227054e+23,0,0,17086,0,17101,0,17081,0,0,0,70,68,100,2.7302399002429377e+23,82.1,0.0,78.0,0.0,79.0,1,49,50,180,0,26215,0,0,0.0,0.0,0.0,0.0,-0.0,67.0,0.0,162057.094,0.0,975,0,1002,0,0,0,950,0,1026,0,925,0,790,0,781,0,822,0,7520,0.032,9.626894563467172e+19,0.0,0.0,784,16797,-0.0,162057.094,-114818.039,-0.0,0.133,6.909358625270745e+28,30.0,70.0,35,0.0,0.0,0.0,0.0,0.0,0.0,0.0,0.0,0.0,0.0,0.0,0.0,0.0,0.0,0.0,0.0,66.8,0,150,71,52,65476,0,300,0,0,8,20529,65476,0,0,44564,70.0,0.0,0.0,0.0,0.0,0.0
2026-09-10T21:33:02,ERR,ERR,ERR,ERR,ERR,ERR,ERR,ERR,ERR,ERR,ERR,ERR,ERR,ERR,ERR,ERR,ERR,ERR,ERR,ERR,ERR,ERR,ERR,ERR,ERR,ERR,ERR,ERR,ERR,ERR,ERR,ERR,ERR,ERR,ERR,ERR,ERR,ERR,ERR,ERR,ERR,ERR,ERR,ERR,ERR,ERR,ERR,ERR,ERR,ERR,ERR,ERR,ERR,ERR,ERR,ERR,ERR,ERR,ERR,ERR,ERR,ERR,ERR,ERR,ERR,ERR,ERR,ERR,ERR,ERR,ERR,ERR,ERR,ERR,ERR,ERR,ERR,ERR,ERR,ERR,ERR,ERR,ERR,ERR,ERR,ERR,ERR,ERR,ERR,ERR,ERR,ERR,ERR,ERR,ERR,ERR,ERR,ERR,ERR,ERR,ERR,ERR,ERR,ERR,ERR,ERR,ERR,ERR,ERR,ERR,ERR,ERR,ERR,ERR,ERR,ERR,ERR,ERR,ERR,ERR,ERR,ERR,ERR,ERR,ERR,0.0,0.0,2.6474835549302285e+23,0.0,0.0,1.3936040501711995e+18,7.805,0.0,0,0,4,0,7116,0.0,100,0.0,0.0,0.0,0.0,0.0,0,0,0,0,0.0,0,0,0,0,0,0,0,0,0,0,0,0,0,0,0,0,0,0,0,0,0,0,0,0,0,0,0,0,0,0,0,0,0,31,40,40,71,65476,0,300,0,0,8,21553,0.0,-107605600.0,0.0,0.0,0.0,0.0,0.0,0.0,0.0,0.0,0.0,0.0,0.0,0.0,0.0,0.0,0.0,0.0,0.0,0.0,0.0,0.0,-2.004,2.004,-2.004,-0.0,0.0,0.0,0.0,0.0,4487.0,0.0,6918.0,0.0,0.0,-0.0,0.0,0.0,0.0,0.0,0.0,69,-0.0,4.066845724438863e+29,0.0,0.0,0.0,0.0,0.0,0.0,0.0,0,0,0,0.0,0.0,0.0,0.0,0.0,0.0,0.0,0.0,0.0,0.0,0.0,0.0,0.0,0.0,0.0,0.0,0,-107875648.0,69,0.0,138,0.0,2.6474777903227054e+23,0,0,17086,0,17101,0,17081,0,0,0,70,68,100,2.7302399002429377e+23,82.1,0.0,78.0,0.0,79.0,1,49,50,180,0,26215,0,0,0.0,0.0,0.0,0.0,-0.0,67.0,0.0,162057.094,0.0,975,0,1002,0,0,0,950,0,1026,0,925,0,790,0,781,0,822,0,7520,0.032,9.626894563467172e+19,0.0,0.0,784,16797,-0.0,162057.094,-114818.039,-0.0,0.133,6.909358625270745e+28,30.0,70.0,35,0.0,0.0,0.0,0.0,0.0,0.0,0.0,0.0,0.0,0.0,0.0,0.0,0.0,0.0,0.0,0.0,66.8,0,150,71,52,65476,0,300,0,0,8,20529,65476,0,0,44564,70.0,0.0,0.0,0.0,0.0,0.0
2026-09-10T21:33:03,ERR,ERR,ERR,ERR,ERR,ERR,ERR,ERR,ERR,ERR,ERR,ERR,ERR,ERR,ERR,ERR,ERR,ERR,ERR,ERR,ERR,ERR,ERR,ERR,ERR,ERR,ERR,ERR,ERR,ERR,ERR,ERR,ERR,ERR,ERR,ERR,ERR,ERR,ERR,ERR,ERR,ERR,ERR,ERR,ERR,ERR,ERR,ERR,ERR,ERR,ERR,ERR,ERR,ERR,ERR,ERR,ERR,ERR,ERR,ERR,ERR,ERR,ERR,ERR,ERR,ERR,ERR,ERR,ERR,ERR,ERR,ERR,ERR,ERR,ERR,ERR,ERR,ERR,ERR,ERR,ERR,ERR,ERR,ERR,ERR,ERR,ERR,ERR,ERR,ERR,ERR,ERR,ERR,ERR,ERR,ERR,ERR,ERR,ERR,ERR,ERR,ERR,ERR,ERR,ERR,ERR,ERR,ERR,ERR,ERR,ERR,ERR,ERR,ERR,ERR,ERR,ERR,ERR,ERR,ERR,ERR,ERR,ERR,ERR,ERR,0.0,0.0,2.6474835549302285e+23,0.0,0.0,1.3936040501711995e+18,7.805,0.0,0,0,4,0,7116,0.0,100,0.0,0.0,0.0,0.0,0.0,0,0,0,0,0.0,0,0,0,0,0,0,0,0,0,0,0,0,0,0,0,0,0,0,0,0,0,0,0,0,0,0,0,0,0,0,0,0,0,31,40,40,71,65476,0,300,0,0,8,21553,0.0,-107605600.0,0.0,0.0,0.0,0.0,0.0,0.0,0.0,0.0,0.0,0.0,0.0,0.0,0.0,0.0,0.0,0.0,0.0,0.0,0.0,0.0,-2.004,2.004,-2.004,-0.0,0.0,0.0,0.0,0.0,4487.0,0.0,6918.0,0.0,0.0,-0.0,0.0,0.0,0.0,0.0,0.0,69,-0.0,4.066845724438863e+29,0.0,0.0,0.0,0.0,0.0,0.0,0.0,0,0,0,0.0,0.0,0.0,0.0,0.0,0.0,0.0,0.0,0.0,0.0,0.0,0.0,0.0,0.0,0.0,0.0,0,-107875648.0,69,0.0,138,0.0,2.6474777903227054e+23,0,0,17086,0,17101,0,17081,0,0,0,70,68,100,2.7302399002429377e+23,82.1,0.0,78.0,0.0,79.0,1,49,50,180,0,26215,0,0,0.0,0.0,0.0,0.0,-0.0,67.0,0.0,162057.094,0.0,975,0,1002,0,0,0,950,0,1026,0,925,0,790,0,781,0,822,0,7520,0.032,9.626894563467172e+19,0.0,0.0,784,16797,-0.0,162057.094,-114818.039,-0.0,0.133,6.909358625270745e+28,30.0,70.0,35,0.0,0.0,0.0,0.0,0.0,0.0,0.0,0.0,0.0,0.0,0.0,0.0,0.0,0.0,0.0,0.0,66.4,0,150,71,51,65476,0,300,0,0,8,20529,65476,0,0,44564,70.0,0.0,0.0,0.0,0.0,0.0
2026-09-10T21:33:04,ERR,ERR,ERR,ERR,ERR,ERR,ERR,ERR,ERR,ERR,ERR,ERR,ERR,ERR,ERR,ERR,ERR,ERR,ERR,ERR,ERR,ERR,ERR,ERR,ERR,ERR,ERR,ERR,ERR,ERR,ERR,ERR,ERR,ERR,ERR,ERR,ERR,ERR,ERR,ERR,ERR,ERR,ERR,ERR,ERR,ERR,ERR,ERR,ERR,ERR,ERR,ERR,ERR,ERR,ERR,ERR,ERR,ERR,ERR,ERR,ERR,ERR,ERR,ERR,ERR,ERR,ERR,ERR,ERR,ERR,ERR,ERR,ERR,ERR,ERR,ERR,ERR,ERR,ERR,ERR,ERR,ERR,ERR,ERR,ERR,ERR,ERR,ERR,ERR,ERR,ERR,ERR,ERR,ERR,ERR,ERR,ERR,ERR,ERR,ERR,ERR,ERR,ERR,ERR,ERR,ERR,ERR,ERR,ERR,ERR,ERR,ERR,ERR,ERR,ERR,ERR,ERR,ERR,ERR,ERR,ERR,ERR,ERR,ERR,ERR,0.0,0.0,2.6474835549302285e+23,0.0,0.0,1.3936040501711995e+18,7.805,0.0,0,0,4,0,7116,0.0,100,0.0,0.0,0.0,0.0,0.0,0,0,0,0,0.0,0,0,0,0,0,0,0,0,0,0,0,0,0,0,0,0,0,0,0,0,0,0,0,0,0,0,0,0,0,0,0,0,0,31,40,40,71,65476,0,300,0,0,8,21553,0.0,-107605600.0,0.0,0.0,0.0,0.0,0.0,0.0,0.0,0.0,0.0,0.0,0.0,0.0,0.0,0.0,0.0,0.0,0.0,0.0,0.0,0.0,-2.004,2.004,-2.004,-0.0,0.0,0.0,0.0,0.0,4487.0,0.0,6918.0,0.0,0.0,-0.0,0.0,0.0,0.0,0.0,0.0,69,-0.0,4.066845724438863e+29,0.0,0.0,0.0,0.0,0.0,0.0,0.0,0,0,0,0.0,0.0,0.0,0.0,0.0,0.0,0.0,0.0,0.0,0.0,0.0,0.0,0.0,0.0,0.0,0.0,0,-107875648.0,69,0.0,138,0.0,2.6474777903227054e+23,0,0,17086,0,17101,0,17081,0,0,0,70,68,100,2.7302399002429377e+23,82.1,0.0,78.0,0.0,79.0,1,49,50,180,0,26215,0,0,0.0,0.0,0.0,0.0,-0.0,67.0,0.0,162057.094,0.0,975,0,1002,0,0,0,950,0,1026,0,925,0,790,0,781,0,822,0,7520,0.032,9.626894563467172e+19,0.0,0.0,784,16797,-0.0,162057.094,-114818.039,-0.0,0.133,6.909358625270745e+28,30.0,70.0,35,0.0,0.0,0.0,0.0,0.0,0.0,0.0,0.0,0.0,0.0,0.0,0.0,0.0,0.0,0.0,0.0,66.4,0,150,71,51,65476,0,300,0,0,8,20529,65476,0,0,44564,70.0,0.0,0.0,0.0,0.0,0.0
2026-09-10T21:33:05,ERR,ERR,ERR,ERR,ERR,ERR,ERR,ERR,ERR,ERR,ERR,ERR,ERR,ERR,ERR,ERR,ERR,ERR,ERR,ERR,ERR,ERR,ERR,ERR,ERR,ERR,ERR,ERR,ERR,ERR,ERR,ERR,ERR,ERR,ERR,ERR,ERR,ERR,ERR,ERR,ERR,ERR,ERR,ERR,ERR,ERR,ERR,ERR,ERR,ERR,ERR,ERR,ERR,ERR,ERR,ERR,ERR,ERR,ERR,ERR,ERR,ERR,ERR,ERR,ERR,ERR,ERR,ERR,ERR,ERR,ERR,ERR,ERR,ERR,ERR,ERR,ERR,ERR,ERR,ERR,ERR,ERR,ERR,ERR,ERR,ERR,ERR,ERR,ERR,ERR,ERR,ERR,ERR,ERR,ERR,ERR,ERR,ERR,ERR,ERR,ERR,ERR,ERR,ERR,ERR,ERR,ERR,ERR,ERR,ERR,ERR,ERR,ERR,ERR,ERR,ERR,ERR,ERR,ERR,ERR,ERR,ERR,ERR,ERR,ERR,0.0,0.0,2.6474835549302285e+23,0.0,0.0,1.3936040501711995e+18,7.805,0.0,0,0,4,0,7116,0.0,100,0.0,0.0,0.0,0.0,0.0,0,0,0,0,0.0,0,0,0,0,0,0,0,0,0,0,0,0,0,0,0,0,0,0,0,0,0,0,0,0,0,0,0,0,0,0,0,0,0,31,40,40,71,65476,0,300,0,0,8,21553,0.0,-107605600.0,0.0,0.0,0.0,0.0,0.0,0.0,0.0,0.0,0.0,0.0,0.0,0.0,0.0,0.0,0.0,0.0,0.0,0.0,0.0,0.0,-2.004,2.004,-2.004,-0.0,0.0,0.0,0.0,0.0,4487.0,0.0,6918.0,0.0,0.0,-0.0,0.0,0.0,0.0,0.0,0.0,69,-0.0,4.066845724438863e+29,0.0,0.0,0.0,0.0,0.0,0.0,0.0,0,0,0,0.0,0.0,0.0,0.0,0.0,0.0,0.0,0.0,0.0,0.0,0.0,0.0,0.0,0.0,0.0,0.0,0,-107875648.0,69,0.0,138,0.0,2.6474777903227054e+23,0,0,17086,0,17101,0,17081,0,0,0,70,68,100,2.7302399002429377e+23,82.1,0.0,78.0,0.0,79.0,1,49,50,180,0,26215,0,0,0.0,0.0,0.0,0.0,-0.0,67.0,0.0,162057.094,0.0,975,0,1002,0,0,0,950,0,1026,0,925,0,790,0,781,0,822,0,7520,0.032,9.626894563467172e+19,0.0,0.0,784,16797,-0.0,162057.094,-114818.039,-0.0,0.133,6.909358625270745e+28,30.0,70.0,35,0.0,0.0,0.0,0.0,0.0,0.0,0.0,0.0,0.0,0.0,0.0,0.0,0.0,0.0,0.0,0.0,66.4,0,150,71,52,65476,0,300,0,0,8,20529,65476,0,0,44564,70.0,0.0,0.0,0.0,0.0,0.0
2026-09-10T21:33:06,ERR,ERR,ERR,ERR,ERR,ERR,ERR,ERR,ERR,ERR,ERR,ERR,ERR,ERR,ERR,ERR,ERR,ERR,ERR,ERR,ERR,ERR,ERR,ERR,ERR,ERR,ERR,ERR,ERR,ERR,ERR,ERR,ERR,ERR,ERR,ERR,ERR,ERR,ERR,ERR,ERR,ERR,ERR,ERR,ERR,ERR,ERR,ERR,ERR,ERR,ERR,ERR,ERR,ERR,ERR,ERR,ERR,ERR,ERR,ERR,ERR,ERR,ERR,ERR,ERR,ERR,ERR,ERR,ERR,ERR,ERR,ERR,ERR,ERR,ERR,ERR,ERR,ERR,ERR,ERR,ERR,ERR,ERR,ERR,ERR,ERR,ERR,ERR,ERR,ERR,ERR,ERR,ERR,ERR,ERR,ERR,ERR,ERR,ERR,ERR,ERR,ERR,ERR,ERR,ERR,ERR,ERR,ERR,ERR,ERR,ERR,ERR,ERR,ERR,ERR,ERR,ERR,ERR,ERR,ERR,ERR,ERR,ERR,ERR,ERR,0.0,0.0,2.6474835549302285e+23,0.0,0.0,1.3936040501711995e+18,7.805,0.0,0,0,4,0,7116,0.0,100,0.0,0.0,0.0,0.0,0.0,0,0,0,0,0.0,0,0,0,0,0,0,0,0,0,0,0,0,0,0,0,0,0,0,0,0,0,0,0,0,0,0,0,0,0,0,0,0,0,31,40,40,71,65476,0,300,0,0,8,21553,0.0,-107605600.0,0.0,0.0,0.0,0.0,0.0,0.0,0.0,0.0,0.0,0.0,0.0,0.0,0.0,0.0,0.0,0.0,0.0,0.0,0.0,0.0,-2.004,2.004,-2.004,-0.0,0.0,0.0,0.0,0.0,4487.0,0.0,6918.0,0.0,0.0,-0.0,0.0,0.0,0.0,0.0,0.0,69,-0.0,4.066845724438863e+29,0.0,0.0,0.0,0.0,0.0,0.0,0.0,0,0,0,0.0,0.0,0.0,0.0,0.0,0.0,0.0,0.0,0.0,0.0,0.0,0.0,0.0,0.0,0.0,0.0,0,-107875648.0,69,0.0,138,0.0,2.6474777903227054e+23,0,0,17086,0,17101,0,17081,0,0,0,70,68,100,2.7302399002429377e+23,82.1,0.0,78.0,0.0,79.0,1,49,50,180,0,26215,0,0,0.0,0.0,0.0,0.0,-0.0,67.0,0.0,162057.094,0.0,975,0,1002,0,0,0,950,0,1026,0,925,0,790,0,781,0,822,0,7520,0.032,9.626894563467172e+19,0.0,0.0,784,16797,-0.0,162057.094,-114818.039,-0.0,0.133,6.909358625270745e+28,30.0,70.0,35,0.0,0.0,0.0,0.0,0.0,0.0,0.0,0.0,0.0,0.0,0.0,0.0,0.0,0.0,0.0,0.0,66.4,0,150,71,52,65476,0,300,0,0,8,20529,65476,0,0,44564,70.0,0.0,0.0,0.0,0.0,0.0
2026-09-10T21:33:07,ERR,ERR,ERR,ERR,ERR,ERR,ERR,ERR,ERR,ERR,ERR,ERR,ERR,ERR,ERR,ERR,ERR,ERR,ERR,ERR,ERR,ERR,ERR,ERR,ERR,ERR,ERR,ERR,ERR,ERR,ERR,ERR,ERR,ERR,ERR,ERR,ERR,ERR,ERR,ERR,ERR,ERR,ERR,ERR,ERR,ERR,ERR,ERR,ERR,ERR,ERR,ERR,ERR,ERR,ERR,ERR,ERR,ERR,ERR,ERR,ERR,ERR,ERR,ERR,ERR,ERR,ERR,ERR,ERR,ERR,ERR,ERR,ERR,ERR,ERR,ERR,ERR,ERR,ERR,ERR,ERR,ERR,ERR,ERR,ERR,ERR,ERR,ERR,ERR,ERR,ERR,ERR,ERR,ERR,ERR,ERR,ERR,ERR,ERR,ERR,ERR,ERR,ERR,ERR,ERR,ERR,ERR,ERR,ERR,ERR,ERR,ERR,ERR,ERR,ERR,ERR,ERR,ERR,ERR,ERR,ERR,ERR,ERR,ERR,ERR,0.0,0.0,2.6474835549302285e+23,0.0,0.0,1.3936040501711995e+18,7.805,0.0,0,0,4,0,7116,0.0,100,0.0,0.0,0.0,0.0,0.0,0,0,0,0,0.0,0,0,0,0,0,0,0,0,0,0,0,0,0,0,0,0,0,0,0,0,0,0,0,0,0,0,0,0,0,0,0,0,0,31,40,40,71,65476,0,300,0,0,8,21553,0.0,-107605600.0,0.0,0.0,0.0,0.0,0.0,0.0,0.0,0.0,0.0,0.0,0.0,0.0,0.0,0.0,0.0,0.0,0.0,0.0,0.0,0.0,-2.004,2.004,-2.004,-0.0,0.0,0.0,0.0,0.0,4487.0,0.0,6918.0,0.0,0.0,-0.0,0.0,0.0,0.0,0.0,0.0,69,-0.0,4.066845724438863e+29,0.0,0.0,0.0,0.0,0.0,0.0,0.0,0,0,0,0.0,0.0,0.0,0.0,0.0,0.0,0.0,0.0,0.0,0.0,0.0,0.0,0.0,0.0,0.0,0.0,0,-107875648.0,69,0.0,138,0.0,2.6474777903227054e+23,0,0,17086,13107,17101,0,17081,0,0,0,70,68,100,2.7302399002429377e+23,82.1,0.0,78.0,0.0,79.0,1,49,50,180,0,26215,0,0,0.0,0.0,0.0,0.0,-0.0,67.0,0.0,162057.094,0.0,975,0,1002,0,0,0,950,0,1026,0,926,0,790,0,781,0,822,0,7520,0.032,9.56924848823683e+19,0.0,0.0,784,16797,-0.0,162057.094,-114818.039,-0.0,0.133,6.909358625270745e+28,30.0,70.0,35,0.0,0.0,0.0,0.0,0.0,0.0,0.0,0.0,0.0,0.0,0.0,0.0,0.0,0.0,0.0,0.0,66.4,0,150,71,52,65476,0,300,0,0,8,20529,65476,0,0,44564,70.0,0.0,0.0,0.0,0.0,0.0
2026-09-10T21:33:08,ERR,ERR,ERR,ERR,ERR,ERR,ERR,ERR,ERR,ERR,ERR,ERR,ERR,ERR,ERR,ERR,ERR,ERR,ERR,ERR,ERR,ERR,ERR,ERR,ERR,ERR,ERR,ERR,ERR,ERR,ERR,ERR,ERR,ERR,ERR,ERR,ERR,ERR,ERR,ERR,ERR,ERR,ERR,ERR,ERR,ERR,ERR,ERR,ERR,ERR,ERR,ERR,ERR,ERR,ERR,ERR,ERR,ERR,ERR,ERR,ERR,ERR,ERR,ERR,ERR,ERR,ERR,ERR,ERR,ERR,ERR,ERR,ERR,ERR,ERR,ERR,ERR,ERR,ERR,ERR,ERR,ERR,ERR,ERR,ERR,ERR,ERR,ERR,ERR,ERR,ERR,ERR,ERR,ERR,ERR,ERR,ERR,ERR,ERR,ERR,ERR,ERR,ERR,ERR,ERR,ERR,ERR,ERR,ERR,ERR,ERR,ERR,ERR,ERR,ERR,ERR,ERR,ERR,ERR,ERR,ERR,ERR,ERR,ERR,ERR,0.0,0.0,2.6474835549302285e+23,0.0,0.0,1.3936040501711995e+18,7.805,0.0,0,0,4,0,7116,0.0,100,0.0,0.0,0.0,0.0,0.0,0,0,0,0,0.0,0,0,0,0,0,0,0,0,0,0,0,0,0,0,0,0,0,0,0,0,0,0,0,0,0,0,0,0,0,0,0,0,0,31,40,40,71,65476,0,300,0,0,8,21553,0.0,-107605600.0,0.0,0.0,0.0,0.0,0.0,0.0,0.0,0.0,0.0,0.0,0.0,0.0,0.0,0.0,0.0,0.0,0.0,0.0,0.0,0.0,-2.004,2.004,-2.004,-0.0,0.0,0.0,0.0,0.0,4487.0,0.0,6918.0,0.0,0.0,-0.0,0.0,0.0,0.0,0.0,0.0,69,-0.0,4.066845724438863e+29,0.0,0.0,0.0,0.0,0.0,0.0,0.0,0,0,0,0.0,0.0,0.0,0.0,0.0,0.0,0.0,0.0,0.0,0.0,0.0,0.0,0.0,0.0,0.0,0.0,0,-107875648.0,69,0.0,138,0.0,2.6474777903227054e+23,0,0,17086,13107,17101,0,17081,0,0,0,70,68,100,2.7302399002429377e+23,82.1,0.0,78.0,0.0,79.0,1,49,50,180,0,26215,0,0,0.0,0.0,0.0,0.0,-0.0,67.0,0.0,162057.094,0.0,975,0,1002,0,0,0,950,0,1026,0,926,0,790,0,781,0,822,0,7520,0.032,9.56924848823683e+19,0.0,0.0,784,16797,-0.0,162057.094,-114818.039,-0.0,0.133,6.909358625270745e+28,30.0,70.0,35,0.0,0.0,0.0,0.0,0.0,0.0,0.0,0.0,0.0,0.0,0.0,0.0,0.0,0.0,0.0,0.0,66.4,0,150,71,51,65476,0,300,0,0,8,20529,65476,0,0,44564,70.0,0.0,0.0,0.0,0.0,0.0
2026-09-10T21:33:09,ERR,ERR,ERR,ERR,ERR,ERR,ERR,ERR,ERR,ERR,ERR,ERR,ERR,ERR,ERR,ERR,ERR,ERR,ERR,ERR,ERR,ERR,ERR,ERR,ERR,ERR,ERR,ERR,ERR,ERR,ERR,ERR,ERR,ERR,ERR,ERR,ERR,ERR,ERR,ERR,ERR,ERR,ERR,ERR,ERR,ERR,ERR,ERR,ERR,ERR,ERR,ERR,ERR,ERR,ERR,ERR,ERR,ERR,ERR,ERR,ERR,ERR,ERR,ERR,ERR,ERR,ERR,ERR,ERR,ERR,ERR,ERR,ERR,ERR,ERR,ERR,ERR,ERR,ERR,ERR,ERR,ERR,ERR,ERR,ERR,ERR,ERR,ERR,ERR,ERR,ERR,ERR,ERR,ERR,ERR,ERR,ERR,ERR,ERR,ERR,ERR,ERR,ERR,ERR,ERR,ERR,ERR,ERR,ERR,ERR,ERR,ERR,ERR,ERR,ERR,ERR,ERR,ERR,ERR,ERR,ERR,ERR,ERR,ERR,ERR,0.0,0.0,2.6474835549302285e+23,0.0,0.0,1.3936040501711995e+18,7.805,0.0,0,0,4,0,7116,0.0,100,0.0,0.0,0.0,0.0,0.0,0,0,0,0,0.0,0,0,0,0,0,0,0,0,0,0,0,0,0,0,0,0,0,0,0,0,0,0,0,0,0,0,0,0,0,0,0,0,0,31,40,40,71,65476,0,300,0,0,8,21553,0.0,-107605600.0,0.0,0.0,0.0,0.0,0.0,0.0,0.0,0.0,0.0,0.0,0.0,0.0,0.0,0.0,0.0,0.0,0.0,0.0,0.0,0.0,-2.004,2.004,-2.004,-0.0,0.0,0.0,0.0,0.0,4487.0,0.0,6918.0,0.0,0.0,-0.0,0.0,0.0,0.0,0.0,0.0,69,-0.0,4.066845724438863e+29,0.0,0.0,0.0,0.0,0.0,0.0,0.0,0,0,0,0.0,0.0,0.0,0.0,0.0,0.0,0.0,0.0,0.0,0.0,0.0,0.0,0.0,0.0,0.0,0.0,0,-107875648.0,69,0.0,138,0.0,2.6474777903227054e+23,0,0,17086,13107,17101,0,17081,0,0,0,70,68,100,2.7302399002429377e+23,82.1,0.0,78.0,0.0,79.0,1,49,50,180,0,26215,0,0,0.0,0.0,0.0,0.0,-0.0,67.0,0.0,162057.094,0.0,975,0,1002,0,0,0,950,0,1026,0,926,0,790,0,781,0,822,0,7520,0.032,9.56924848823683e+19,0.0,0.0,784,16797,-0.0,162057.094,-114818.039,-0.0,0.133,6.909358625270745e+28,30.0,70.0,35,0.0,0.0,0.0,0.0,0.0,0.0,0.0,0.0,0.0,0.0,0.0,0.0,0.0,0.0,0.0,0.0,66.4,0,150,71,51,65476,0,300,0,0,8,20529,65476,0,0,44564,70.0,0.0,0.0,0.0,0.0,0.0
2026-09-10T21:33:10,ERR,ERR,ERR,ERR,ERR,ERR,ERR,ERR,ERR,ERR,ERR,ERR,ERR,ERR,ERR,ERR,ERR,ERR,ERR,ERR,ERR,ERR,ERR,ERR,ERR,ERR,ERR,ERR,ERR,ERR,ERR,ERR,ERR,ERR,ERR,ERR,ERR,ERR,ERR,ERR,ERR,ERR,ERR,ERR,ERR,ERR,ERR,ERR,ERR,ERR,ERR,ERR,ERR,ERR,ERR,ERR,ERR,ERR,ERR,ERR,ERR,ERR,ERR,ERR,ERR,ERR,ERR,ERR,ERR,ERR,ERR,ERR,ERR,ERR,ERR,ERR,ERR,ERR,ERR,ERR,ERR,ERR,ERR,ERR,ERR,ERR,ERR,ERR,ERR,ERR,ERR,ERR,ERR,ERR,ERR,ERR,ERR,ERR,ERR,ERR,ERR,ERR,ERR,ERR,ERR,ERR,ERR,ERR,ERR,ERR,ERR,ERR,ERR,ERR,ERR,ERR,ERR,ERR,ERR,ERR,ERR,ERR,ERR,ERR,ERR,0.0,0.0,2.6474835549302285e+23,0.0,0.0,1.3936040501711995e+18,7.805,0.0,0,0,4,0,7116,0.0,100,0.0,0.0,0.0,0.0,0.0,0,0,0,0,0.0,0,0,0,0,0,0,0,0,0,0,0,0,0,0,0,0,0,0,0,0,0,0,0,0,0,0,0,0,0,0,0,0,0,31,40,40,71,65476,0,300,0,0,8,21553,0.0,-107605600.0,0.0,0.0,0.0,0.0,0.0,0.0,0.0,0.0,0.0,0.0,0.0,0.0,0.0,0.0,0.0,0.0,0.0,0.0,0.0,0.0,-2.004,2.004,-2.004,-0.0,0.0,0.0,0.0,0.0,4498.0,564144759635968.0,6923.0,0.0,0.0,-0.0,0.0,0.0,0.0,0.0,0.0,69,-152018521948160.0,-0.0,0.0,0.0,0.0,0.0,0.0,0.0,0.0,0,0,0,0.0,0.0,0.0,0.0,0.0,0.0,0.0,0.0,0.0,0.0,0.0,0.0,0.0,0.0,0.0,0.0,0,-107875648.0,69,0.0,138,0.0,2.6474777903227054e+23,0,0,17086,13107,17101,0,17081,0,0,0,70,68,100,2.7302399002429377e+23,82.1,0.0,78.0,0.0,79.0,1,49,50,180,0,26215,0,0,0.0,0.0,0.0,0.0,-0.0,67.0,0.0,162057.094,0.0,975,0,1002,0,0,0,950,0,1026,0,926,0,790,0,781,0,822,0,7520,0.032,9.56924848823683e+19,0.0,0.0,784,16797,-0.0,162057.094,-114818.039,-0.0,0.133,6.909358625270745e+28,30.0,70.0,35,0.0,0.0,0.0,0.0,0.0,0.0,0.0,0.0,0.0,0.0,0.0,0.0,0.0,0.0,0.0,0.0,66.4,0,150,71,51,65476,0,300,0,0,8,20529,65476,0,0,44564,70.0,0.0,0.0,0.0,0.0,0.0
2026-09-10T21:33:11,ERR,ERR,ERR,ERR,ERR,ERR,ERR,ERR,ERR,ERR,ERR,ERR,ERR,ERR,ERR,ERR,ERR,ERR,ERR,ERR,ERR,ERR,ERR,ERR,ERR,ERR,ERR,ERR,ERR,ERR,ERR,ERR,ERR,ERR,ERR,ERR,ERR,ERR,ERR,ERR,ERR,ERR,ERR,ERR,ERR,ERR,ERR,ERR,ERR,ERR,ERR,ERR,ERR,ERR,ERR,ERR,ERR,ERR,ERR,ERR,ERR,ERR,ERR,ERR,ERR,ERR,ERR,ERR,ERR,ERR,ERR,ERR,ERR,ERR,ERR,ERR,ERR,ERR,ERR,ERR,ERR,ERR,ERR,ERR,ERR,ERR,ERR,ERR,ERR,ERR,ERR,ERR,ERR,ERR,ERR,ERR,ERR,ERR,ERR,ERR,ERR,ERR,ERR,ERR,ERR,ERR,ERR,ERR,ERR,ERR,ERR,ERR,ERR,ERR,ERR,ERR,ERR,ERR,ERR,ERR,ERR,ERR,ERR,ERR,ERR,0.0,0.0,2.6474835549302285e+23,0.0,0.0,1.3936040501711995e+18,7.805,0.0,0,0,4,0,7116,0.0,100,0.0,0.0,0.0,0.0,0.0,0,0,0,0,0.0,0,0,0,0,0,0,0,0,0,0,0,0,0,0,0,0,0,0,0,0,0,0,0,0,0,0,0,0,0,0,0,0,0,31,40,40,71,65476,0,300,0,0,8,21553,0.0,-107605600.0,0.0,0.0,0.0,0.0,0.0,0.0,0.0,0.0,0.0,0.0,0.0,0.0,0.0,0.0,0.0,0.0,0.0,0.0,0.0,0.0,-2.004,2.004,-2.004,-0.0,0.0,0.0,0.0,0.0,4498.0,564144759635968.0,6923.0,0.0,0.0,-0.0,0.0,0.0,0.0,0.0,0.0,69,-152018521948160.0,-0.0,0.0,0.0,0.0,0.0,0.0,0.0,0.0,0,0,0,0.0,0.0,0.0,0.0,0.0,0.0,0.0,0.0,0.0,0.0,0.0,0.0,0.0,0.0,0.0,0.0,0,-107875648.0,69,0.0,138,0.0,2.6474777903227054e+23,0,0,17086,13107,17101,0,17081,0,0,0,70,68,100,2.7302399002429377e+23,82.1,0.0,78.0,0.0,79.0,1,49,50,180,0,26215,0,0,0.0,0.0,0.0,0.0,-0.0,67.0,0.0,162057.094,0.0,975,0,1002,0,0,0,950,0,1026,0,926,0,790,0,781,0,822,0,7520,0.032,9.56924848823683e+19,0.0,0.0,784,16797,-0.0,162057.094,-114818.039,-0.0,0.133,6.909358625270745e+28,30.0,70.0,35,0.0,0.0,0.0,0.0,0.0,0.0,0.0,0.0,0.0,0.0,0.0,0.0,0.0,0.0,0.0,0.0,66.4,0,150,71,51,65476,0,300,0,0,8,20529,65476,0,0,44564,70.0,0.0,0.0,0.0,0.0,0.0
2026-09-10T21:33:12,ERR,ERR,ERR,ERR,ERR,ERR,ERR,ERR,ERR,ERR,ERR,ERR,ERR,ERR,ERR,ERR,ERR,ERR,ERR,ERR,ERR,ERR,ERR,ERR,ERR,ERR,ERR,ERR,ERR,ERR,ERR,ERR,ERR,ERR,ERR,ERR,ERR,ERR,ERR,ERR,ERR,ERR,ERR,ERR,ERR,ERR,ERR,ERR,ERR,ERR,ERR,ERR,ERR,ERR,ERR,ERR,ERR,ERR,ERR,ERR,ERR,ERR,ERR,ERR,ERR,ERR,ERR,ERR,ERR,ERR,ERR,ERR,ERR,ERR,ERR,ERR,ERR,ERR,ERR,ERR,ERR,ERR,ERR,ERR,ERR,ERR,ERR,ERR,ERR,ERR,ERR,ERR,ERR,ERR,ERR,ERR,ERR,ERR,ERR,ERR,ERR,ERR,ERR,ERR,ERR,ERR,ERR,ERR,ERR,ERR,ERR,ERR,ERR,ERR,ERR,ERR,ERR,ERR,ERR,ERR,ERR,ERR,ERR,ERR,ERR,0.0,0.0,2.6474835549302285e+23,0.0,0.0,1.3936040501711995e+18,7.805,0.0,0,0,4,0,7116,0.0,100,0.0,0.0,0.0,0.0,0.0,0,0,0,0,0.0,0,0,0,0,0,0,0,0,0,0,0,0,0,0,0,0,0,0,0,0,0,0,0,0,0,0,0,0,0,0,0,0,0,31,40,40,71,65476,0,300,0,0,8,21553,0.0,-107605600.0,0.0,0.0,0.0,0.0,0.0,0.0,0.0,0.0,0.0,0.0,0.0,0.0,0.0,0.0,0.0,0.0,0.0,0.0,0.0,0.0,-2.004,2.004,-2.004,-0.0,0.0,0.0,0.0,0.0,4498.0,564144759635968.0,6923.0,0.0,0.0,-0.0,0.0,0.0,0.0,0.0,0.0,69,-152018521948160.0,-0.0,0.0,0.0,0.0,0.0,0.0,0.0,0.0,0,0,0,0.0,0.0,0.0,0.0,0.0,0.0,0.0,0.0,0.0,0.0,0.0,0.0,0.0,0.0,0.0,0.0,0,-107875648.0,69,0.0,138,0.0,2.6474777903227054e+23,0,0,17086,13107,17101,0,17081,0,0,0,70,68,100,2.7302399002429377e+23,82.1,0.0,78.0,0.0,79.0,1,49,50,180,0,26215,0,0,0.0,0.0,0.0,0.0,-0.0,67.0,0.0,162057.094,0.0,975,0,1002,0,0,0,950,0,1026,0,926,0,790,0,781,0,822,0,7520,0.032,9.56924848823683e+19,0.0,0.0,784,16797,-0.0,162057.094,-114818.039,-0.0,0.133,6.909358625270745e+28,30.0,70.0,35,0.0,0.0,0.0,0.0,0.0,0.0,0.0,0.0,0.0,0.0,0.0,0.0,0.0,0.0,0.0,0.0,66.4,0,150,71,51,65476,0,300,0,0,8,20529,65476,0,0,44564,70.0,0.0,0.0,0.0,0.0,0.0
2026-09-10T21:33:13,ERR,ERR,ERR,ERR,ERR,ERR,ERR,ERR,ERR,ERR,ERR,ERR,ERR,ERR,ERR,ERR,ERR,ERR,ERR,ERR,ERR,ERR,ERR,ERR,ERR,ERR,ERR,ERR,ERR,ERR,ERR,ERR,ERR,ERR,ERR,ERR,ERR,ERR,ERR,ERR,ERR,ERR,ERR,ERR,ERR,ERR,ERR,ERR,ERR,ERR,ERR,ERR,ERR,ERR,ERR,ERR,ERR,ERR,ERR,ERR,ERR,ERR,ERR,ERR,ERR,ERR,ERR,ERR,ERR,ERR,ERR,ERR,ERR,ERR,ERR,ERR,ERR,ERR,ERR,ERR,ERR,ERR,ERR,ERR,ERR,ERR,ERR,ERR,ERR,ERR,ERR,ERR,ERR,ERR,ERR,ERR,ERR,ERR,ERR,ERR,ERR,ERR,ERR,ERR,ERR,ERR,ERR,ERR,ERR,ERR,ERR,ERR,ERR,ERR,ERR,ERR,ERR,ERR,ERR,ERR,ERR,ERR,ERR,ERR,ERR,0.0,0.0,2.6474835549302285e+23,0.0,0.0,1.3936040501711995e+18,7.805,0.0,0,0,4,0,7116,0.0,100,0.0,0.0,0.0,0.0,0.0,0,0,0,0,0.0,0,0,0,0,0,0,0,0,0,0,0,0,0,0,0,0,0,0,0,0,0,0,0,0,0,0,0,0,0,0,0,0,0,31,40,40,71,65476,0,300,0,0,8,21553,0.0,-107605600.0,0.0,0.0,0.0,0.0,0.0,0.0,0.0,0.0,0.0,0.0,0.0,0.0,0.0,0.0,0.0,0.0,0.0,0.0,0.0,0.0,-2.004,2.004,-2.004,-0.0,0.0,0.0,0.0,0.0,4498.0,564144759635968.0,6923.0,0.0,0.0,-0.0,0.0,0.0,0.0,0.0,0.0,69,-152018521948160.0,-0.0,0.0,0.0,0.0,0.0,0.0,0.0,0.0,0,0,0,0.0,0.0,0.0,0.0,0.0,0.0,0.0,0.0,0.0,0.0,0.0,0.0,0.0,0.0,0.0,0.0,0,-107875648.0,69,0.0,138,0.0,2.6474777903227054e+23,0,0,17086,0,17101,13107,17081,0,0,0,70,68,100,2.7302399002429377e+23,82.1,0.0,78.0,0.0,79.0,1,49,50,180,0,26215,0,0,0.0,0.0,0.0,0.0,-0.0,67.0,0.0,162057.094,0.0,975,0,1002,0,0,0,950,0,1025,0,926,0,790,0,781,0,822,0,7520,0.032,9.626894563467172e+19,0.0,0.0,784,16797,-0.0,162057.094,-114818.039,-0.0,0.133,6.909358625270745e+28,30.0,70.0,35,0.0,0.0,0.0,0.0,0.0,0.0,0.0,0.0,0.0,0.0,0.0,0.0,0.0,0.0,0.0,0.0,66.4,0,150,71,51,65476,0,300,0,0,8,20529,65476,0,0,44564,70.0,0.0,0.0,0.0,0.0,0.0
2026-09-10T21:33:14,ERR,ERR,ERR,ERR,ERR,ERR,ERR,ERR,ERR,ERR,ERR,ERR,ERR,ERR,ERR,ERR,ERR,ERR,ERR,ERR,ERR,ERR,ERR,ERR,ERR,ERR,ERR,ERR,ERR,ERR,ERR,ERR,ERR,ERR,ERR,ERR,ERR,ERR,ERR,ERR,ERR,ERR,ERR,ERR,ERR,ERR,ERR,ERR,ERR,ERR,ERR,ERR,ERR,ERR,ERR,ERR,ERR,ERR,ERR,ERR,ERR,ERR,ERR,ERR,ERR,ERR,ERR,ERR,ERR,ERR,ERR,ERR,ERR,ERR,ERR,ERR,ERR,ERR,ERR,ERR,ERR,ERR,ERR,ERR,ERR,ERR,ERR,ERR,ERR,ERR,ERR,ERR,ERR,ERR,ERR,ERR,ERR,ERR,ERR,ERR,ERR,ERR,ERR,ERR,ERR,ERR,ERR,ERR,ERR,ERR,ERR,ERR,ERR,ERR,ERR,ERR,ERR,ERR,ERR,ERR,ERR,ERR,ERR,ERR,ERR,0.0,0.0,2.6474835549302285e+23,0.0,0.0,1.3936040501711995e+18,7.805,0.0,0,0,4,0,7116,0.0,100,0.0,0.0,0.0,0.0,0.0,0,0,0,0,0.0,0,0,0,0,0,0,0,0,0,0,0,0,0,0,0,0,0,0,0,0,0,0,0,0,0,0,0,0,0,0,0,0,0,31,40,40,71,65476,0,300,0,0,8,21553,0.0,-107605600.0,0.0,0.0,0.0,0.0,0.0,0.0,0.0,0.0,0.0,0.0,0.0,0.0,0.0,0.0,0.0,0.0,0.0,0.0,0.0,0.0,-2.004,2.004,-2.004,-0.0,0.0,0.0,0.0,0.0,4498.0,564144759635968.0,6923.0,0.0,0.0,-0.0,0.0,0.0,0.0,0.0,0.0,69,-152018521948160.0,-0.0,0.0,0.0,0.0,0.0,0.0,0.0,0.0,0,0,0,0.0,0.0,0.0,0.0,0.0,0.0,0.0,0.0,0.0,0.0,0.0,0.0,0.0,0.0,0.0,0.0,0,-107875648.0,69,0.0,138,0.0,2.6474777903227054e+23,0,0,17086,0,17101,13107,17081,0,0,0,70,68,100,2.7302399002429377e+23,82.1,0.0,78.0,0.0,79.0,1,49,50,180,0,26215,0,0,0.0,0.0,0.0,0.0,-0.0,67.0,0.0,162057.094,0.0,975,0,1002,0,0,0,950,0,1025,0,926,0,790,0,781,0,822,0,7520,0.032,9.626894563467172e+19,0.0,0.0,784,16797,-0.0,162057.094,-114818.039,-0.0,0.133,6.909358625270745e+28,30.0,70.0,35,0.0,0.0,0.0,0.0,0.0,0.0,0.0,0.0,0.0,0.0,0.0,0.0,0.0,0.0,0.0,0.0,66.8,0,150,71,51,65476,0,300,0,0,8,20529,65476,0,0,44564,70.0,0.0,0.0,0.0,0.0,0.0
2026-09-10T21:33:15,ERR,ERR,ERR,ERR,ERR,ERR,ERR,ERR,ERR,ERR,ERR,ERR,ERR,ERR,ERR,ERR,ERR,ERR,ERR,ERR,ERR,ERR,ERR,ERR,ERR,ERR,ERR,ERR,ERR,ERR,ERR,ERR,ERR,ERR,ERR,ERR,ERR,ERR,ERR,ERR,ERR,ERR,ERR,ERR,ERR,ERR,ERR,ERR,ERR,ERR,ERR,ERR,ERR,ERR,ERR,ERR,ERR,ERR,ERR,ERR,ERR,ERR,ERR,ERR,ERR,ERR,ERR,ERR,ERR,ERR,ERR,ERR,ERR,ERR,ERR,ERR,ERR,ERR,ERR,ERR,ERR,ERR,ERR,ERR,ERR,ERR,ERR,ERR,ERR,ERR,ERR,ERR,ERR,ERR,ERR,ERR,ERR,ERR,ERR,ERR,ERR,ERR,ERR,ERR,ERR,ERR,ERR,ERR,ERR,ERR,ERR,ERR,ERR,ERR,ERR,ERR,ERR,ERR,ERR,ERR,ERR,ERR,ERR,ERR,ERR,0.0,0.0,2.6474835549302285e+23,0.0,0.0,1.3936040501711995e+18,7.805,0.0,0,0,4,0,7116,0.0,100,0.0,0.0,0.0,0.0,0.0,0,0,0,0,0.0,0,0,0,0,0,0,0,0,0,0,0,0,0,0,0,0,0,0,0,0,0,0,0,0,0,0,0,0,0,0,0,0,0,31,40,40,71,65476,0,300,0,0,8,21553,0.0,-107605600.0,0.0,0.0,0.0,0.0,0.0,0.0,0.0,0.0,0.0,0.0,0.0,0.0,0.0,0.0,0.0,0.0,0.0,0.0,0.0,0.0,-2.004,2.004,-2.004,-0.0,0.0,0.0,0.0,0.0,4498.0,564144759635968.0,6923.0,0.0,0.0,-0.0,0.0,0.0,0.0,0.0,0.0,69,-152018521948160.0,-0.0,0.0,0.0,0.0,0.0,0.0,0.0,0.0,0,0,0,0.0,0.0,0.0,0.0,0.0,0.0,0.0,0.0,0.0,0.0,0.0,0.0,0.0,0.0,0.0,0.0,0,-107875648.0,69,0.0,138,0.0,2.6474777903227054e+23,0,0,17086,0,17101,13107,17081,0,0,0,70,68,100,2.7302399002429377e+23,82.1,0.0,78.0,0.0,79.0,1,49,50,180,0,26215,0,0,0.0,0.0,0.0,0.0,-0.0,67.0,0.0,162057.094,0.0,975,0,1002,0,0,0,950,0,1025,0,926,0,790,0,781,0,822,0,7520,0.032,9.626894563467172e+19,0.0,0.0,784,16797,-0.0,162057.094,-114818.039,-0.0,0.133,6.909358625270745e+28,30.0,70.0,35,0.0,0.0,0.0,0.0,0.0,0.0,0.0,0.0,0.0,0.0,0.0,0.0,0.0,0.0,0.0,0.0,66.8,0,150,71,51,65476,0,300,0,0,8,20529,65476,0,0,44564,70.0,0.0,0.0,0.0,0.0,0.0
2026-09-10T21:33:16,ERR,ERR,ERR,ERR,ERR,ERR,ERR,ERR,ERR,ERR,ERR,ERR,ERR,ERR,ERR,ERR,ERR,ERR,ERR,ERR,ERR,ERR,ERR,ERR,ERR,ERR,ERR,ERR,ERR,ERR,ERR,ERR,ERR,ERR,ERR,ERR,ERR,ERR,ERR,ERR,ERR,ERR,ERR,ERR,ERR,ERR,ERR,ERR,ERR,ERR,ERR,ERR,ERR,ERR,ERR,ERR,ERR,ERR,ERR,ERR,ERR,ERR,ERR,ERR,ERR,ERR,ERR,ERR,ERR,ERR,ERR,ERR,ERR,ERR,ERR,ERR,ERR,ERR,ERR,ERR,ERR,ERR,ERR,ERR,ERR,ERR,ERR,ERR,ERR,ERR,ERR,ERR,ERR,ERR,ERR,ERR,ERR,ERR,ERR,ERR,ERR,ERR,ERR,ERR,ERR,ERR,ERR,ERR,ERR,ERR,ERR,ERR,ERR,ERR,ERR,ERR,ERR,ERR,ERR,ERR,ERR,ERR,ERR,ERR,ERR,0.0,0.0,2.6474835549302285e+23,0.0,0.0,1.3936040501711995e+18,7.805,0.0,0,0,4,0,7116,0.0,100,0.0,0.0,0.0,0.0,0.0,0,0,0,0,0.0,0,0,0,0,0,0,0,0,0,0,0,0,0,0,0,0,0,0,0,0,0,0,0,0,0,0,0,0,0,0,0,0,0,31,40,40,71,65476,0,300,0,0,8,21553,0.0,-107605600.0,0.0,0.0,0.0,0.0,0.0,0.0,0.0,0.0,0.0,0.0,0.0,0.0,0.0,0.0,0.0,0.0,0.0,0.0,0.0,0.0,-2.004,2.004,-2.004,-0.0,0.0,0.0,0.0,0.0,4498.0,564144759635968.0,6923.0,0.0,0.0,-0.0,0.0,0.0,0.0,0.0,0.0,69,-152018521948160.0,-0.0,0.0,0.0,0.0,0.0,0.0,0.0,0.0,0,0,0,0.0,0.0,0.0,0.0,0.0,0.0,0.0,0.0,0.0,0.0,0.0,0.0,0.0,0.0,0.0,0.0,0,-107875648.0,69,0.0,138,0.0,2.6474777903227054e+23,0,0,17086,0,17101,13107,17081,0,0,0,70,68,100,2.7302399002429377e+23,82.1,0.0,78.0,0.0,79.0,1,49,50,180,0,26215,0,0,0.0,0.0,0.0,0.0,-0.0,67.0,0.0,162057.094,0.0,975,0,1002,0,0,0,950,0,1025,0,926,0,790,0,781,0,822,0,7520,0.032,9.626894563467172e+19,0.0,0.0,784,16797,-0.0,162057.094,-114818.039,-0.0,0.133,6.909358625270745e+28,30.0,70.0,35,0.0,0.0,0.0,0.0,0.0,0.0,0.0,0.0,0.0,0.0,0.0,0.0,0.0,0.0,0.0,0.0,66.4,0,150,71,51,65476,0,300,0,0,8,20529,65476,0,0,44564,70.0,0.0,0.0,0.0,0.0,0.0
2026-09-10T21:33:17,ERR,ERR,ERR,ERR,ERR,ERR,ERR,ERR,ERR,ERR,ERR,ERR,ERR,ERR,ERR,ERR,ERR,ERR,ERR,ERR,ERR,ERR,ERR,ERR,ERR,ERR,ERR,ERR,ERR,ERR,ERR,ERR,ERR,ERR,ERR,ERR,ERR,ERR,ERR,ERR,ERR,ERR,ERR,ERR,ERR,ERR,ERR,ERR,ERR,ERR,ERR,ERR,ERR,ERR,ERR,ERR,ERR,ERR,ERR,ERR,ERR,ERR,ERR,ERR,ERR,ERR,ERR,ERR,ERR,ERR,ERR,ERR,ERR,ERR,ERR,ERR,ERR,ERR,ERR,ERR,ERR,ERR,ERR,ERR,ERR,ERR,ERR,ERR,ERR,ERR,ERR,ERR,ERR,ERR,ERR,ERR,ERR,ERR,ERR,ERR,ERR,ERR,ERR,ERR,ERR,ERR,ERR,ERR,ERR,ERR,ERR,ERR,ERR,ERR,ERR,ERR,ERR,ERR,ERR,ERR,ERR,ERR,ERR,ERR,ERR,0.0,0.0,2.6474835549302285e+23,0.0,0.0,1.3936040501711995e+18,7.805,0.0,0,0,4,0,7116,0.0,100,0.0,0.0,0.0,0.0,0.0,0,0,0,0,0.0,0,0,0,0,0,0,0,0,0,0,0,0,0,0,0,0,0,0,0,0,0,0,0,0,0,0,0,0,0,0,0,0,0,31,40,40,71,65476,0,300,0,0,8,21553,0.0,-107605600.0,0.0,0.0,0.0,0.0,0.0,0.0,0.0,0.0,0.0,0.0,0.0,0.0,0.0,0.0,0.0,0.0,0.0,0.0,0.0,0.0,-2.004,2.004,-2.004,-0.0,0.0,0.0,0.0,0.0,4498.0,564144759635968.0,6923.0,0.0,0.0,-0.0,0.0,0.0,0.0,0.0,0.0,69,-152018521948160.0,-0.0,0.0,0.0,0.0,0.0,0.0,0.0,0.0,0,0,0,0.0,0.0,0.0,0.0,0.0,0.0,0.0,0.0,0.0,0.0,0.0,0.0,0.0,0.0,0.0,0.0,0,-107875648.0,69,0.0,138,0.0,2.6474777903227054e+23,0,0,17086,0,17101,13107,17081,0,0,0,70,68,100,2.7302399002429377e+23,82.1,0.0,78.0,0.0,79.0,1,49,50,180,0,26215,0,0,0.0,0.0,0.0,0.0,-0.0,67.0,0.0,162057.094,0.0,975,0,1002,0,0,0,950,0,1025,0,926,0,790,0,781,0,822,0,7520,0.032,9.626894563467172e+19,0.0,0.0,784,16797,-0.0,162057.094,-114818.039,-0.0,0.133,6.909358625270745e+28,30.0,70.0,35,0.0,0.0,0.0,0.0,0.0,0.0,0.0,0.0,0.0,0.0,0.0,0.0,0.0,0.0,0.0,0.0,66.4,0,150,71,51,65476,0,300,0,0,8,20529,65476,0,0,44564,70.0,0.0,0.0,0.0,0.0,0.0
2026-09-10T21:33:18,ERR,ERR,ERR,ERR,ERR,ERR,ERR,ERR,ERR,ERR,ERR,ERR,ERR,ERR,ERR,ERR,ERR,ERR,ERR,ERR,ERR,ERR,ERR,ERR,ERR,ERR,ERR,ERR,ERR,ERR,ERR,ERR,ERR,ERR,ERR,ERR,ERR,ERR,ERR,ERR,ERR,ERR,ERR,ERR,ERR,ERR,ERR,ERR,ERR,ERR,ERR,ERR,ERR,ERR,ERR,ERR,ERR,ERR,ERR,ERR,ERR,ERR,ERR,ERR,ERR,ERR,ERR,ERR,ERR,ERR,ERR,ERR,ERR,ERR,ERR,ERR,ERR,ERR,ERR,ERR,ERR,ERR,ERR,ERR,ERR,ERR,ERR,ERR,ERR,ERR,ERR,ERR,ERR,ERR,ERR,ERR,ERR,ERR,ERR,ERR,ERR,ERR,ERR,ERR,ERR,ERR,ERR,ERR,ERR,ERR,ERR,ERR,ERR,ERR,ERR,ERR,ERR,ERR,ERR,ERR,ERR,ERR,ERR,ERR,ERR,0.0,0.0,2.6474835549302285e+23,0.0,0.0,1.3936040501711995e+18,7.805,0.0,0,0,4,0,7116,0.0,100,0.0,0.0,0.0,0.0,0.0,0,0,0,0,0.0,0,0,0,0,0,0,0,0,0,0,0,0,0,0,0,0,0,0,0,0,0,0,0,0,0,0,0,0,0,0,0,0,0,31,40,40,71,65476,0,300,0,0,8,21553,0.0,-107605600.0,0.0,0.0,0.0,0.0,0.0,0.0,0.0,0.0,0.0,0.0,0.0,0.0,0.0,0.0,0.0,0.0,0.0,0.0,0.0,0.0,-2.004,2.004,-2.004,-2.004,0.0,0.0,0.0,0.0,4490.0,8608165888.0,6922.0,0.0,0.0,-0.0,0.0,0.0,0.0,0.0,0.0,69,-126841143296.0,-0.0,0.0,0.0,0.0,0.0,0.0,0.0,0.0,0,0,0,0.0,0.0,0.0,0.0,0.0,0.0,0.0,0.0,0.0,0.0,0.0,0.0,0.0,0.0,0.0,0.0,0,-107875648.0,69,0.0,138,0.0,2.6474777903227054e+23,0,0,17086,0,17101,13107,17081,0,0,0,70,68,100,2.7302399002429377e+23,82.1,0.0,78.0,0.0,79.0,1,49,50,180,0,26215,0,0,0.0,0.0,0.0,0.0,-0.0,67.0,0.0,162057.094,0.0,975,0,1002,0,0,0,950,0,1025,0,926,0,790,0,781,0,822,0,7520,0.032,9.626894563467172e+19,0.0,0.0,784,16797,-0.0,162057.094,-114818.039,-0.0,0.133,6.909358625270745e+28,30.0,70.0,35,0.0,0.0,0.0,0.0,0.0,0.0,0.0,0.0,0.0,0.0,0.0,0.0,0.0,0.0,0.0,0.0,66.4,0,150,71,51,65476,0,300,0,0,8,20529,65476,0,0,44564,70.0,0.0,0.0,0.0,0.0,0.0
2026-09-10T21:33:19,ERR,ERR,ERR,ERR,ERR,ERR,ERR,ERR,ERR,ERR,ERR,ERR,ERR,ERR,ERR,ERR,ERR,ERR,ERR,ERR,ERR,ERR,ERR,ERR,ERR,ERR,ERR,ERR,ERR,ERR,ERR,ERR,ERR,ERR,ERR,ERR,ERR,ERR,ERR,ERR,ERR,ERR,ERR,ERR,ERR,ERR,ERR,ERR,ERR,ERR,ERR,ERR,ERR,ERR,ERR,ERR,ERR,ERR,ERR,ERR,ERR,ERR,ERR,ERR,ERR,ERR,ERR,ERR,ERR,ERR,ERR,ERR,ERR,ERR,ERR,ERR,ERR,ERR,ERR,ERR,ERR,ERR,ERR,ERR,ERR,ERR,ERR,ERR,ERR,ERR,ERR,ERR,ERR,ERR,ERR,ERR,ERR,ERR,ERR,ERR,ERR,ERR,ERR,ERR,ERR,ERR,ERR,ERR,ERR,ERR,ERR,ERR,ERR,ERR,ERR,ERR,ERR,ERR,ERR,ERR,ERR,ERR,ERR,ERR,ERR,0.0,0.0,2.6474835549302285e+23,0.0,0.0,1.3936040501711995e+18,7.805,0.0,0,0,4,0,7116,0.0,100,0.0,0.0,0.0,0.0,0.0,0,0,0,0,0.0,0,0,0,0,0,0,0,0,0,0,0,0,0,0,0,0,0,0,0,0,0,0,0,0,0,0,0,0,0,0,0,0,0,31,40,40,71,65476,0,300,0,0,8,21553,0.0,-107605600.0,0.0,0.0,0.0,0.0,0.0,0.0,0.0,0.0,0.0,0.0,0.0,0.0,0.0,0.0,0.0,0.0,0.0,0.0,0.0,0.0,-2.004,2.004,-2.004,-2.004,0.0,0.0,0.0,0.0,4490.0,8608165888.0,6922.0,0.0,0.0,-0.0,0.0,0.0,0.0,0.0,0.0,69,-126841143296.0,-0.0,0.0,0.0,0.0,0.0,0.0,0.0,0.0,0,0,0,0.0,0.0,0.0,0.0,0.0,0.0,0.0,0.0,0.0,0.0,0.0,0.0,0.0,0.0,0.0,0.0,0,-107875648.0,69,0.0,138,0.0,2.6474777903227054e+23,0,0,17086,0,17101,13107,17081,0,0,0,70,68,100,2.7302399002429377e+23,82.1,0.0,78.0,0.0,79.0,1,49,50,180,0,26215,0,0,0.0,0.0,0.0,0.0,-0.0,67.0,0.0,162057.094,0.0,975,0,1002,0,0,0,950,0,1025,0,926,0,790,0,781,0,822,0,7520,0.032,9.56924848823683e+19,0.0,0.0,784,16797,-0.0,162057.094,-114818.039,-0.0,0.133,6.909358625270745e+28,30.0,70.0,35,0.0,0.0,0.0,0.0,0.0,0.0,0.0,0.0,0.0,0.0,0.0,0.0,0.0,0.0,0.0,0.0,66.8,0,150,71,51,65476,0,300,0,0,8,20529,65476,0,0,44564,70.0,0.0,0.0,0.0,0.0,0.0
2026-09-10T21:33:20,ERR,ERR,ERR,ERR,ERR,ERR,ERR,ERR,ERR,ERR,ERR,ERR,ERR,ERR,ERR,ERR,ERR,ERR,ERR,ERR,ERR,ERR,ERR,ERR,ERR,ERR,ERR,ERR,ERR,ERR,ERR,ERR,ERR,ERR,ERR,ERR,ERR,ERR,ERR,ERR,ERR,ERR,ERR,ERR,ERR,ERR,ERR,ERR,ERR,ERR,ERR,ERR,ERR,ERR,ERR,ERR,ERR,ERR,ERR,ERR,ERR,ERR,ERR,ERR,ERR,ERR,ERR,ERR,ERR,ERR,ERR,ERR,ERR,ERR,ERR,ERR,ERR,ERR,ERR,ERR,ERR,ERR,ERR,ERR,ERR,ERR,ERR,ERR,ERR,ERR,ERR,ERR,ERR,ERR,ERR,ERR,ERR,ERR,ERR,ERR,ERR,ERR,ERR,ERR,ERR,ERR,ERR,ERR,ERR,ERR,ERR,ERR,ERR,ERR,ERR,ERR,ERR,ERR,ERR,ERR,ERR,ERR,ERR,ERR,ERR,0.0,0.0,2.6474835549302285e+23,0.0,0.0,1.3936040501711995e+18,7.805,0.0,0,0,4,0,7116,0.0,100,0.0,0.0,0.0,0.0,0.0,0,0,0,0,0.0,0,0,0,0,0,0,0,0,0,0,0,0,0,0,0,0,0,0,0,0,0,0,0,0,0,0,0,0,0,0,0,0,0,31,40,40,71,65476,0,300,0,0,8,21553,0.0,-107605600.0,0.0,0.0,0.0,0.0,0.0,0.0,0.0,0.0,0.0,0.0,0.0,0.0,0.0,0.0,0.0,0.0,0.0,0.0,0.0,0.0,-2.004,2.004,-2.004,-2.004,0.0,0.0,0.0,0.0,4490.0,8608165888.0,6922.0,0.0,0.0,-0.0,0.0,0.0,0.0,0.0,0.0,69,-126841143296.0,-0.0,0.0,0.0,0.0,0.0,0.0,0.0,0.0,0,0,0,0.0,0.0,0.0,0.0,0.0,0.0,0.0,0.0,0.0,0.0,0.0,0.0,0.0,0.0,0.0,0.0,0,-107875648.0,69,0.0,138,0.0,2.6474777903227054e+23,0,0,17086,0,17101,13107,17081,0,0,0,70,68,100,2.7302399002429377e+23,82.1,0.0,78.0,0.0,79.0,1,49,50,180,0,26215,0,0,0.0,0.0,0.0,0.0,-0.0,67.0,0.0,162057.094,0.0,975,0,1002,0,0,0,950,0,1025,0,926,0,790,0,781,0,822,0,7520,0.032,9.56924848823683e+19,0.0,0.0,784,16797,-0.0,162057.094,-114818.039,-0.0,0.133,6.909358625270745e+28,30.0,70.0,35,0.0,0.0,0.0,0.0,0.0,0.0,0.0,0.0,0.0,0.0,0.0,0.0,0.0,0.0,0.0,0.0,66.8,0,150,71,51,65476,0,300,0,0,8,20529,65476,0,0,44564,70.0,0.0,0.0,0.0,0.0,0.0
2026-09-10T21:33:21,ERR,ERR,ERR,ERR,ERR,ERR,ERR,ERR,ERR,ERR,ERR,ERR,ERR,ERR,ERR,ERR,ERR,ERR,ERR,ERR,ERR,ERR,ERR,ERR,ERR,ERR,ERR,ERR,ERR,ERR,ERR,ERR,ERR,ERR,ERR,ERR,ERR,ERR,ERR,ERR,ERR,ERR,ERR,ERR,ERR,ERR,ERR,ERR,ERR,ERR,ERR,ERR,ERR,ERR,ERR,ERR,ERR,ERR,ERR,ERR,ERR,ERR,ERR,ERR,ERR,ERR,ERR,ERR,ERR,ERR,ERR,ERR,ERR,ERR,ERR,ERR,ERR,ERR,ERR,ERR,ERR,ERR,ERR,ERR,ERR,ERR,ERR,ERR,ERR,ERR,ERR,ERR,ERR,ERR,ERR,ERR,ERR,ERR,ERR,ERR,ERR,ERR,ERR,ERR,ERR,ERR,ERR,ERR,ERR,ERR,ERR,ERR,ERR,ERR,ERR,ERR,ERR,ERR,ERR,ERR,ERR,ERR,ERR,ERR,ERR,0.0,0.0,2.6474835549302285e+23,0.0,0.0,1.3936040501711995e+18,7.805,0.0,0,0,4,0,7116,0.0,100,0.0,0.0,0.0,0.0,0.0,0,0,0,0,0.0,0,0,0,0,0,0,0,0,0,0,0,0,0,0,0,0,0,0,0,0,0,0,0,0,0,0,0,0,0,0,0,0,0,31,40,40,71,65476,0,300,0,0,8,21553,0.0,-107605600.0,0.0,0.0,0.0,0.0,0.0,0.0,0.0,0.0,0.0,0.0,0.0,0.0,0.0,0.0,0.0,0.0,0.0,0.0,0.0,0.0,-2.004,2.004,-2.004,-2.004,0.0,0.0,0.0,0.0,4490.0,8608165888.0,6922.0,0.0,0.0,-0.0,0.0,0.0,0.0,0.0,0.0,69,-126841143296.0,-0.0,0.0,0.0,0.0,0.0,0.0,0.0,0.0,0,0,0,0.0,0.0,0.0,0.0,0.0,0.0,0.0,0.0,0.0,0.0,0.0,0.0,0.0,0.0,0.0,0.0,0,-107875648.0,69,0.0,138,0.0,2.6474777903227054e+23,0,0,17086,0,17101,13107,17081,0,0,0,70,68,100,2.7302399002429377e+23,82.1,0.0,78.0,0.0,79.0,1,49,50,180,0,26215,0,0,0.0,0.0,0.0,0.0,-0.0,67.0,0.0,162057.094,0.0,975,0,1002,0,0,0,950,0,1025,0,926,0,790,0,781,0,822,0,7520,0.032,9.56924848823683e+19,0.0,0.0,784,16797,-0.0,162057.094,-114818.039,-0.0,0.133,6.909358625270745e+28,30.0,70.0,35,0.0,0.0,0.0,0.0,0.0,0.0,0.0,0.0,0.0,0.0,0.0,0.0,0.0,0.0,0.0,0.0,66.8,0,150,71,51,65476,0,300,0,0,8,20529,65476,0,0,44564,70.0,0.0,0.0,0.0,0.0,0.0
2026-09-10T21:33:22,ERR,ERR,ERR,ERR,ERR,ERR,ERR,ERR,ERR,ERR,ERR,ERR,ERR,ERR,ERR,ERR,ERR,ERR,ERR,ERR,ERR,ERR,ERR,ERR,ERR,ERR,ERR,ERR,ERR,ERR,ERR,ERR,ERR,ERR,ERR,ERR,ERR,ERR,ERR,ERR,ERR,ERR,ERR,ERR,ERR,ERR,ERR,ERR,ERR,ERR,ERR,ERR,ERR,ERR,ERR,ERR,ERR,ERR,ERR,ERR,ERR,ERR,ERR,ERR,ERR,ERR,ERR,ERR,ERR,ERR,ERR,ERR,ERR,ERR,ERR,ERR,ERR,ERR,ERR,ERR,ERR,ERR,ERR,ERR,ERR,ERR,ERR,ERR,ERR,ERR,ERR,ERR,ERR,ERR,ERR,ERR,ERR,ERR,ERR,ERR,ERR,ERR,ERR,ERR,ERR,ERR,ERR,ERR,ERR,ERR,ERR,ERR,ERR,ERR,ERR,ERR,ERR,ERR,ERR,ERR,ERR,ERR,ERR,ERR,ERR,0.0,0.0,2.6474835549302285e+23,0.0,0.0,1.3936040501711995e+18,7.805,0.0,0,0,4,0,7116,0.0,100,0.0,0.0,0.0,0.0,0.0,0,0,0,0,0.0,0,0,0,0,0,0,0,0,0,0,0,0,0,0,0,0,0,0,0,0,0,0,0,0,0,0,0,0,0,0,0,0,0,31,40,40,71,65476,0,300,0,0,8,21553,0.0,-107605600.0,0.0,0.0,0.0,0.0,0.0,0.0,0.0,0.0,0.0,0.0,0.0,0.0,0.0,0.0,0.0,0.0,0.0,0.0,0.0,0.0,-2.004,2.004,-2.004,-2.004,0.0,0.0,0.0,0.0,4490.0,8608165888.0,6922.0,0.0,0.0,-0.0,0.0,0.0,0.0,0.0,0.0,69,-126841143296.0,-0.0,0.0,0.0,0.0,0.0,0.0,0.0,0.0,0,0,0,0.0,0.0,0.0,0.0,0.0,0.0,0.0,0.0,0.0,0.0,0.0,0.0,0.0,0.0,0.0,0.0,0,-107875648.0,69,0.0,138,0.0,2.6474777903227054e+23,0,0,17086,0,17101,13107,17081,0,0,0,70,68,100,2.7302399002429377e+23,82.1,0.0,78.0,0.0,79.0,1,49,50,180,0,26215,0,0,0.0,0.0,0.0,0.0,-0.0,67.0,0.0,162057.094,0.0,975,0,1002,0,0,0,950,0,1025,0,926,0,790,0,781,0,822,0,7520,0.032,9.56924848823683e+19,0.0,0.0,784,16797,-0.0,162057.094,-114818.039,-0.0,0.133,6.909358625270745e+28,30.0,70.0,35,0.0,0.0,0.0,0.0,0.0,0.0,0.0,0.0,0.0,0.0,0.0,0.0,0.0,0.0,0.0,0.0,66.4,0,150,71,51,65476,0,300,0,0,8,20529,65476,0,0,44564,70.0,0.0,0.0,0.0,0.0,0.0
2026-09-10T21:33:23,ERR,ERR,ERR,ERR,ERR,ERR,ERR,ERR,ERR,ERR,ERR,ERR,ERR,ERR,ERR,ERR,ERR,ERR,ERR,ERR,ERR,ERR,ERR,ERR,ERR,ERR,ERR,ERR,ERR,ERR,ERR,ERR,ERR,ERR,ERR,ERR,ERR,ERR,ERR,ERR,ERR,ERR,ERR,ERR,ERR,ERR,ERR,ERR,ERR,ERR,ERR,ERR,ERR,ERR,ERR,ERR,ERR,ERR,ERR,ERR,ERR,ERR,ERR,ERR,ERR,ERR,ERR,ERR,ERR,ERR,ERR,ERR,ERR,ERR,ERR,ERR,ERR,ERR,ERR,ERR,ERR,ERR,ERR,ERR,ERR,ERR,ERR,ERR,ERR,ERR,ERR,ERR,ERR,ERR,ERR,ERR,ERR,ERR,ERR,ERR,ERR,ERR,ERR,ERR,ERR,ERR,ERR,ERR,ERR,ERR,ERR,ERR,ERR,ERR,ERR,ERR,ERR,ERR,ERR,ERR,ERR,ERR,ERR,ERR,ERR,0.0,0.0,2.6474835549302285e+23,0.0,0.0,1.3936040501711995e+18,7.805,0.0,0,0,4,0,7116,0.0,100,0.0,0.0,0.0,0.0,0.0,0,0,0,0,0.0,0,0,0,0,0,0,0,0,0,0,0,0,0,0,0,0,0,0,0,0,0,0,0,0,0,0,0,0,0,0,0,0,0,31,40,40,71,65476,0,300,0,0,8,21553,0.0,-107605600.0,0.0,0.0,0.0,0.0,0.0,0.0,0.0,0.0,0.0,0.0,0.0,0.0,0.0,0.0,0.0,0.0,0.0,0.0,0.0,0.0,-2.004,2.004,-2.004,-2.004,0.0,0.0,0.0,0.0,4490.0,8608165888.0,6922.0,0.0,0.0,-0.0,0.0,0.0,0.0,0.0,0.0,69,-126841143296.0,-0.0,0.0,0.0,0.0,0.0,0.0,0.0,0.0,0,0,0,0.0,0.0,0.0,0.0,0.0,0.0,0.0,0.0,0.0,0.0,0.0,0.0,0.0,0.0,0.0,0.0,0,-107875648.0,69,0.0,138,0.0,2.6474777903227054e+23,0,0,17086,0,17101,13107,17081,0,0,0,70,68,100,2.7302399002429377e+23,82.1,0.0,78.0,0.0,79.0,1,49,50,180,0,26215,0,0,0.0,0.0,0.0,0.0,-0.0,67.0,0.0,162057.094,0.0,975,0,1002,0,0,0,950,0,1025,0,926,0,790,0,781,0,822,0,7520,0.032,9.56924848823683e+19,0.0,0.0,784,16797,-0.0,162057.094,-114818.039,-0.0,0.133,6.909358625270745e+28,30.0,70.0,35,0.0,0.0,0.0,0.0,0.0,0.0,0.0,0.0,0.0,0.0,0.0,0.0,0.0,0.0,0.0,0.0,66.4,0,150,71,51,65476,0,300,0,0,8,20529,65476,0,0,44564,70.0,0.0,0.0,0.0,0.0,0.0
2026-09-10T21:33:24,ERR,ERR,ERR,ERR,ERR,ERR,ERR,ERR,ERR,ERR,ERR,ERR,ERR,ERR,ERR,ERR,ERR,ERR,ERR,ERR,ERR,ERR,ERR,ERR,ERR,ERR,ERR,ERR,ERR,ERR,ERR,ERR,ERR,ERR,ERR,ERR,ERR,ERR,ERR,ERR,ERR,ERR,ERR,ERR,ERR,ERR,ERR,ERR,ERR,ERR,ERR,ERR,ERR,ERR,ERR,ERR,ERR,ERR,ERR,ERR,ERR,ERR,ERR,ERR,ERR,ERR,ERR,ERR,ERR,ERR,ERR,ERR,ERR,ERR,ERR,ERR,ERR,ERR,ERR,ERR,ERR,ERR,ERR,ERR,ERR,ERR,ERR,ERR,ERR,ERR,ERR,ERR,ERR,ERR,ERR,ERR,ERR,ERR,ERR,ERR,ERR,ERR,ERR,ERR,ERR,ERR,ERR,ERR,ERR,ERR,ERR,ERR,ERR,ERR,ERR,ERR,ERR,ERR,ERR,ERR,ERR,ERR,ERR,ERR,ERR,0.0,0.0,2.6474835549302285e+23,0.0,0.0,1.3936040501711995e+18,7.805,0.0,0,0,4,0,7116,0.0,100,0.0,0.0,0.0,0.0,0.0,0,0,0,0,0.0,0,0,0,0,0,0,0,0,0,0,0,0,0,0,0,0,0,0,0,0,0,0,0,0,0,0,0,0,0,0,0,0,0,31,40,40,71,65476,0,300,0,0,8,21553,0.0,-107605600.0,0.0,0.0,0.0,0.0,0.0,0.0,0.0,0.0,0.0,0.0,0.0,0.0,0.0,0.0,0.0,0.0,0.0,0.0,0.0,0.0,-2.004,2.004,-2.004,-2.004,0.0,0.0,0.0,0.0,4490.0,8608165888.0,6922.0,0.0,0.0,-0.0,0.0,0.0,0.0,0.0,0.0,69,-126841143296.0,-0.0,0.0,0.0,0.0,0.0,0.0,0.0,0.0,0,0,0,0.0,0.0,0.0,0.0,0.0,0.0,0.0,0.0,0.0,0.0,0.0,0.0,0.0,0.0,0.0,0.0,0,-107875648.0,69,0.0,138,0.0,2.6474777903227054e+23,0,0,17086,0,17101,13107,17081,0,0,0,70,68,100,2.7302399002429377e+23,82.1,0.0,78.0,0.0,79.0,1,49,50,180,0,26215,0,0,0.0,0.0,0.0,0.0,-0.0,67.0,0.0,162057.094,0.0,975,0,1002,0,0,0,950,0,1025,0,925,0,790,0,781,0,822,0,7520,0.032,9.56924848823683e+19,0.0,0.0,784,16797,-0.0,162057.094,-114818.039,-0.0,0.133,6.909358625270745e+28,30.0,70.0,35,0.0,0.0,0.0,0.0,0.0,0.0,0.0,0.0,0.0,0.0,0.0,0.0,0.0,0.0,0.0,0.0,66.4,0,150,71,51,65476,0,300,0,0,8,20529,65476,0,0,44564,70.0,0.0,0.0,0.0,0.0,0.0
2026-09-10T21:33:25,ERR,ERR,ERR,ERR,ERR,ERR,ERR,ERR,ERR,ERR,ERR,ERR,ERR,ERR,ERR,ERR,ERR,ERR,ERR,ERR,ERR,ERR,ERR,ERR,ERR,ERR,ERR,ERR,ERR,ERR,ERR,ERR,ERR,ERR,ERR,ERR,ERR,ERR,ERR,ERR,ERR,ERR,ERR,ERR,ERR,ERR,ERR,ERR,ERR,ERR,ERR,ERR,ERR,ERR,ERR,ERR,ERR,ERR,ERR,ERR,ERR,ERR,ERR,ERR,ERR,ERR,ERR,ERR,ERR,ERR,ERR,ERR,ERR,ERR,ERR,ERR,ERR,ERR,ERR,ERR,ERR,ERR,ERR,ERR,ERR,ERR,ERR,ERR,ERR,ERR,ERR,ERR,ERR,ERR,ERR,ERR,ERR,ERR,ERR,ERR,ERR,ERR,ERR,ERR,ERR,ERR,ERR,ERR,ERR,ERR,ERR,ERR,ERR,ERR,ERR,ERR,ERR,ERR,ERR,ERR,ERR,ERR,ERR,ERR,ERR,0.0,0.0,2.6474835549302285e+23,0.0,0.0,1.3936040501711995e+18,7.805,0.0,0,0,4,0,7116,0.0,100,0.0,0.0,0.0,0.0,0.0,0,0,0,0,0.0,0,0,0,0,0,0,0,0,0,0,0,0,0,0,0,0,0,0,0,0,0,0,0,0,0,0,0,0,0,0,0,0,0,31,40,40,71,65476,0,300,0,0,8,21553,0.0,-107605600.0,0.0,0.0,0.0,0.0,0.0,0.0,0.0,0.0,0.0,0.0,0.0,0.0,0.0,0.0,0.0,0.0,0.0,0.0,0.0,0.0,-2.004,2.004,-2.004,-2.004,0.0,0.0,0.0,0.0,4490.0,8608165888.0,6922.0,0.0,0.0,-0.0,0.0,0.0,0.0,0.0,0.0,69,-126841143296.0,-0.0,0.0,0.0,0.0,0.0,0.0,0.0,0.0,0,0,0,0.0,0.0,0.0,0.0,0.0,0.0,0.0,0.0,0.0,0.0,0.0,0.0,0.0,0.0,0.0,0.0,0,-107875648.0,69,0.0,138,0.0,2.6474777903227054e+23,0,0,17086,0,17101,13107,17081,0,0,0,70,68,100,2.7302399002429377e+23,82.1,0.0,78.0,0.0,79.0,1,49,50,180,0,26215,0,0,0.0,0.0,0.0,0.0,-0.0,67.0,0.0,162057.094,0.0,975,0,1002,0,0,0,950,0,1025,0,925,0,790,0,781,0,822,0,7520,0.032,9.56924848823683e+19,0.0,0.0,784,16797,-0.0,162057.094,-114818.039,-0.0,0.133,6.909358625270745e+28,30.0,70.0,35,0.0,0.0,0.0,0.0,0.0,0.0,0.0,0.0,0.0,0.0,0.0,0.0,0.0,0.0,0.0,0.0,66.4,0,150,71,51,65476,0,300,0,0,8,20529,65476,0,0,44564,70.0,0.0,0.0,0.0,0.0,0.0
2026-09-10T21:33:26,ERR,ERR,ERR,ERR,ERR,ERR,ERR,ERR,ERR,ERR,ERR,ERR,ERR,ERR,ERR,ERR,ERR,ERR,ERR,ERR,ERR,ERR,ERR,ERR,ERR,ERR,ERR,ERR,ERR,ERR,ERR,ERR,ERR,ERR,ERR,ERR,ERR,ERR,ERR,ERR,ERR,ERR,ERR,ERR,ERR,ERR,ERR,ERR,ERR,ERR,ERR,ERR,ERR,ERR,ERR,ERR,ERR,ERR,ERR,ERR,ERR,ERR,ERR,ERR,ERR,ERR,ERR,ERR,ERR,ERR,ERR,ERR,ERR,ERR,ERR,ERR,ERR,ERR,ERR,ERR,ERR,ERR,ERR,ERR,ERR,ERR,ERR,ERR,ERR,ERR,ERR,ERR,ERR,ERR,ERR,ERR,ERR,ERR,ERR,ERR,ERR,ERR,ERR,ERR,ERR,ERR,ERR,ERR,ERR,ERR,ERR,ERR,ERR,ERR,ERR,ERR,ERR,ERR,ERR,ERR,ERR,ERR,ERR,ERR,ERR,0.0,0.0,2.6474835549302285e+23,0.0,0.0,1.3936040501711995e+18,7.805,0.0,0,0,4,0,7116,0.0,100,0.0,0.0,0.0,0.0,0.0,0,0,0,0,0.0,0,0,0,0,0,0,0,0,0,0,0,0,0,0,0,0,0,0,0,0,0,0,0,0,0,0,0,0,0,0,0,0,0,31,40,40,71,65476,0,300,0,0,8,21553,0.0,-107605600.0,0.0,0.0,0.0,0.0,0.0,0.0,0.0,0.0,0.0,0.0,0.0,0.0,0.0,0.0,0.0,0.0,0.0,0.0,0.0,0.0,-2.004,2.004,-2.004,-2.004,0.0,0.0,0.0,0.0,4497.0,0.0,6919.0,0.0,0.0,-0.0,2.718429120148166e+23,0.0,0.0,0.0,0.0,69,-126841143296.0,-0.0,0.0,0.0,0.0,0.0,0.0,0.0,0.0,0,0,0,0.0,0.0,0.0,0.0,0.0,0.0,0.0,0.0,0.0,0.0,0.0,0.0,0.0,0.0,0.0,0.0,0,-107875648.0,69,0.0,138,0.0,2.6474777903227054e+23,0,0,17086,0,17101,13107,17081,0,0,0,70,68,100,2.7302399002429377e+23,82.1,0.0,78.0,0.0,79.0,1,49,50,180,0,26215,0,0,0.0,0.0,0.0,0.0,-0.0,67.0,0.0,162057.094,0.0,975,0,1002,0,0,0,950,0,1025,0,925,0,790,0,781,0,822,0,7520,0.032,9.56924848823683e+19,0.0,0.0,784,16797,-0.0,162057.094,-114818.039,-0.0,0.133,6.909358625270745e+28,30.0,70.0,35,0.0,0.0,0.0,0.0,0.0,0.0,0.0,0.0,0.0,0.0,0.0,0.0,0.0,0.0,0.0,0.0,66.4,0,150,71,51,65476,0,300,0,0,8,20529,65476,0,0,44564,70.0,0.0,0.0,0.0,0.0,0.0
2026-09-10T21:33:27,ERR,ERR,ERR,ERR,ERR,ERR,ERR,ERR,ERR,ERR,ERR,ERR,ERR,ERR,ERR,ERR,ERR,ERR,ERR,ERR,ERR,ERR,ERR,ERR,ERR,ERR,ERR,ERR,ERR,ERR,ERR,ERR,ERR,ERR,ERR,ERR,ERR,ERR,ERR,ERR,ERR,ERR,ERR,ERR,ERR,ERR,ERR,ERR,ERR,ERR,ERR,ERR,ERR,ERR,ERR,ERR,ERR,ERR,ERR,ERR,ERR,ERR,ERR,ERR,ERR,ERR,ERR,ERR,ERR,ERR,ERR,ERR,ERR,ERR,ERR,ERR,ERR,ERR,ERR,ERR,ERR,ERR,ERR,ERR,ERR,ERR,ERR,ERR,ERR,ERR,ERR,ERR,ERR,ERR,ERR,ERR,ERR,ERR,ERR,ERR,ERR,ERR,ERR,ERR,ERR,ERR,ERR,ERR,ERR,ERR,ERR,ERR,ERR,ERR,ERR,ERR,ERR,ERR,ERR,ERR,ERR,ERR,ERR,ERR,ERR,0.0,0.0,2.6474835549302285e+23,0.0,0.0,1.3936040501711995e+18,7.805,0.0,0,0,4,0,7116,0.0,100,0.0,0.0,0.0,0.0,0.0,0,0,0,0,0.0,0,0,0,0,0,0,0,0,0,0,0,0,0,0,0,0,0,0,0,0,0,0,0,0,0,0,0,0,0,0,0,0,0,31,40,40,71,65476,0,300,0,0,8,21553,0.0,-107605600.0,0.0,0.0,0.0,0.0,0.0,0.0,0.0,0.0,0.0,0.0,0.0,0.0,0.0,0.0,0.0,0.0,0.0,0.0,0.0,0.0,-2.004,2.004,-2.004,-2.004,0.0,0.0,0.0,0.0,4497.0,0.0,6919.0,0.0,0.0,-0.0,2.718429120148166e+23,0.0,0.0,0.0,0.0,69,-126841143296.0,-0.0,0.0,0.0,0.0,0.0,0.0,0.0,0.0,0,0,0,0.0,0.0,0.0,0.0,0.0,0.0,0.0,0.0,0.0,0.0,0.0,0.0,0.0,0.0,0.0,0.0,0,-107875648.0,69,0.0,138,0.0,2.6474777903227054e+23,0,0,17086,0,17101,13107,17081,0,0,0,70,68,100,2.7302399002429377e+23,82.1,0.0,78.0,0.0,79.0,1,49,50,180,0,26215,0,0,0.0,0.0,0.0,0.0,-0.0,67.0,0.0,162057.094,0.0,975,0,1002,0,0,0,950,0,1025,0,925,0,790,0,781,0,822,0,7520,0.032,9.56924848823683e+19,0.0,0.0,784,16797,-0.0,162057.094,-114818.039,-0.0,0.133,6.909358625270745e+28,30.0,70.0,35,0.0,0.0,0.0,0.0,0.0,0.0,0.0,0.0,0.0,0.0,0.0,0.0,0.0,0.0,0.0,0.0,66.4,0,150,71,51,65476,0,300,0,0,8,20529,65476,0,0,44564,70.0,0.0,0.0,0.0,0.0,0.0
2026-09-10T21:33:28,ERR,ERR,ERR,ERR,ERR,ERR,ERR,ERR,ERR,ERR,ERR,ERR,ERR,ERR,ERR,ERR,ERR,ERR,ERR,ERR,ERR,ERR,ERR,ERR,ERR,ERR,ERR,ERR,ERR,ERR,ERR,ERR,ERR,ERR,ERR,ERR,ERR,ERR,ERR,ERR,ERR,ERR,ERR,ERR,ERR,ERR,ERR,ERR,ERR,ERR,ERR,ERR,ERR,ERR,ERR,ERR,ERR,ERR,ERR,ERR,ERR,ERR,ERR,ERR,ERR,ERR,ERR,ERR,ERR,ERR,ERR,ERR,ERR,ERR,ERR,ERR,ERR,ERR,ERR,ERR,ERR,ERR,ERR,ERR,ERR,ERR,ERR,ERR,ERR,ERR,ERR,ERR,ERR,ERR,ERR,ERR,ERR,ERR,ERR,ERR,ERR,ERR,ERR,ERR,ERR,ERR,ERR,ERR,ERR,ERR,ERR,ERR,ERR,ERR,ERR,ERR,ERR,ERR,ERR,ERR,ERR,ERR,ERR,ERR,ERR,0.0,0.0,2.6474835549302285e+23,0.0,0.0,1.3936040501711995e+18,7.805,0.0,0,0,4,0,7116,0.0,100,0.0,0.0,0.0,0.0,0.0,0,0,0,0,0.0,0,0,0,0,0,0,0,0,0,0,0,0,0,0,0,0,0,0,0,0,0,0,0,0,0,0,0,0,0,0,0,0,0,31,40,40,71,65476,0,300,0,0,8,21553,0.0,-107605600.0,0.0,0.0,0.0,0.0,0.0,0.0,0.0,0.0,0.0,0.0,0.0,0.0,0.0,0.0,0.0,0.0,0.0,0.0,0.0,0.0,-2.004,2.004,-2.004,-2.004,0.0,0.0,0.0,0.0,4497.0,0.0,6919.0,0.0,0.0,-0.0,2.718429120148166e+23,0.0,0.0,0.0,0.0,69,-126841143296.0,-0.0,0.0,0.0,0.0,0.0,0.0,0.0,0.0,0,0,0,0.0,0.0,0.0,0.0,0.0,0.0,0.0,0.0,0.0,0.0,0.0,0.0,0.0,0.0,0.0,0.0,0,-107875648.0,69,0.0,138,0.0,2.6474777903227054e+23,0,0,17086,0,17101,13107,17081,0,0,0,70,68,100,2.7302399002429377e+23,82.1,0.0,78.0,0.0,79.0,1,49,50,180,0,26215,0,0,0.0,0.0,0.0,0.0,-0.0,67.0,0.0,162057.094,0.0,975,0,1002,0,0,0,950,0,1025,0,925,0,790,0,781,0,822,0,7520,0.032,9.56924848823683e+19,0.0,0.0,784,16797,-0.0,162057.094,-114818.039,-0.0,0.133,6.909358625270745e+28,30.0,70.0,35,0.0,0.0,0.0,0.0,0.0,0.0,0.0,0.0,0.0,0.0,0.0,0.0,0.0,0.0,0.0,0.0,66.4,0,150,71,51,65476,0,300,0,0,8,20529,65476,0,0,44564,70.0,0.0,0.0,0.0,0.0,0.0
2026-09-10T21:33:29,ERR,ERR,ERR,ERR,ERR,ERR,ERR,ERR,ERR,ERR,ERR,ERR,ERR,ERR,ERR,ERR,ERR,ERR,ERR,ERR,ERR,ERR,ERR,ERR,ERR,ERR,ERR,ERR,ERR,ERR,ERR,ERR,ERR,ERR,ERR,ERR,ERR,ERR,ERR,ERR,ERR,ERR,ERR,ERR,ERR,ERR,ERR,ERR,ERR,ERR,ERR,ERR,ERR,ERR,ERR,ERR,ERR,ERR,ERR,ERR,ERR,ERR,ERR,ERR,ERR,ERR,ERR,ERR,ERR,ERR,ERR,ERR,ERR,ERR,ERR,ERR,ERR,ERR,ERR,ERR,ERR,ERR,ERR,ERR,ERR,ERR,ERR,ERR,ERR,ERR,ERR,ERR,ERR,ERR,ERR,ERR,ERR,ERR,ERR,ERR,ERR,ERR,ERR,ERR,ERR,ERR,ERR,ERR,ERR,ERR,ERR,ERR,ERR,ERR,ERR,ERR,ERR,ERR,ERR,ERR,ERR,ERR,ERR,ERR,ERR,0.0,0.0,2.6474835549302285e+23,0.0,0.0,1.3936040501711995e+18,7.805,0.0,0,0,4,0,7116,0.0,100,0.0,0.0,0.0,0.0,0.0,0,0,0,0,0.0,0,0,0,0,0,0,0,0,0,0,0,0,0,0,0,0,0,0,0,0,0,0,0,0,0,0,0,0,0,0,0,0,0,31,40,40,71,65476,0,300,0,0,8,21553,0.0,-107605600.0,0.0,0.0,0.0,0.0,0.0,0.0,0.0,0.0,0.0,0.0,0.0,0.0,0.0,0.0,0.0,0.0,0.0,0.0,0.0,0.0,-2.004,2.004,-2.004,-2.004,0.0,0.0,0.0,0.0,4497.0,0.0,6919.0,0.0,0.0,-0.0,2.718429120148166e+23,0.0,0.0,0.0,0.0,69,-126841143296.0,-0.0,0.0,0.0,0.0,0.0,0.0,0.0,0.0,0,0,0,0.0,0.0,0.0,0.0,0.0,0.0,0.0,0.0,0.0,0.0,0.0,0.0,0.0,0.0,0.0,0.0,0,-107875648.0,69,0.0,138,0.0,2.6474777903227054e+23,0,0,17086,0,17101,13107,17081,0,0,0,70,68,100,2.7302399002429377e+23,82.1,0.0,78.0,0.0,79.0,1,49,50,180,0,26215,0,0,0.0,0.0,0.0,0.0,-0.0,67.0,0.0,162057.094,0.0,975,0,1002,0,0,0,950,0,1025,0,925,0,790,0,781,0,822,0,7520,0.032,9.56924848823683e+19,0.0,0.0,784,16797,-0.0,162057.094,-114818.039,-0.0,0.133,6.909358625270745e+28,30.0,70.0,35,0.0,0.0,0.0,0.0,0.0,0.0,0.0,0.0,0.0,0.0,0.0,0.0,0.0,0.0,0.0,0.0,66.4,0,150,71,51,65476,0,300,0,0,8,20529,65476,0,0,44564,70.0,0.0,0.0,0.0,0.0,0.0
2026-09-10T21:33:30,ERR,ERR,ERR,ERR,ERR,ERR,ERR,ERR,ERR,ERR,ERR,ERR,ERR,ERR,ERR,ERR,ERR,ERR,ERR,ERR,ERR,ERR,ERR,ERR,ERR,ERR,ERR,ERR,ERR,ERR,ERR,ERR,ERR,ERR,ERR,ERR,ERR,ERR,ERR,ERR,ERR,ERR,ERR,ERR,ERR,ERR,ERR,ERR,ERR,ERR,ERR,ERR,ERR,ERR,ERR,ERR,ERR,ERR,ERR,ERR,ERR,ERR,ERR,ERR,ERR,ERR,ERR,ERR,ERR,ERR,ERR,ERR,ERR,ERR,ERR,ERR,ERR,ERR,ERR,ERR,ERR,ERR,ERR,ERR,ERR,ERR,ERR,ERR,ERR,ERR,ERR,ERR,ERR,ERR,ERR,ERR,ERR,ERR,ERR,ERR,ERR,ERR,ERR,ERR,ERR,ERR,ERR,ERR,ERR,ERR,ERR,ERR,ERR,ERR,ERR,ERR,ERR,ERR,ERR,ERR,ERR,ERR,ERR,ERR,ERR,0.0,0.0,2.6474835549302285e+23,0.0,0.0,1.3936040501711995e+18,7.805,0.0,0,0,4,0,7116,0.0,100,0.0,0.0,0.0,0.0,0.0,0,0,0,0,0.0,0,0,0,0,0,0,0,0,0,0,0,0,0,0,0,0,0,0,0,0,0,0,0,0,0,0,0,0,0,0,0,0,0,31,40,40,71,65476,0,300,0,0,8,21553,0.0,-107605600.0,0.0,0.0,0.0,0.0,0.0,0.0,0.0,0.0,0.0,0.0,0.0,0.0,0.0,0.0,0.0,0.0,0.0,0.0,0.0,0.0,-2.004,2.004,-2.004,-2.004,0.0,0.0,0.0,0.0,4497.0,0.0,6919.0,0.0,0.0,-0.0,2.718429120148166e+23,0.0,0.0,0.0,0.0,69,-126841143296.0,-0.0,0.0,0.0,0.0,0.0,0.0,0.0,0.0,0,0,0,0.0,0.0,0.0,0.0,0.0,0.0,0.0,0.0,0.0,0.0,0.0,0.0,0.0,0.0,0.0,0.0,0,-107875648.0,69,0.0,138,0.0,2.6474777903227054e+23,0,0,17086,0,17101,0,17081,0,0,0,70,68,100,2.7302399002429377e+23,82.1,0.0,78.0,0.0,79.0,1,49,50,180,0,26215,0,0,0.0,0.0,0.0,0.0,-0.0,67.0,0.0,162057.094,0.0,975,0,1002,0,0,0,950,0,1025,0,925,0,789,0,781,0,822,0,7520,0.032,9.56924848823683e+19,0.0,0.0,784,16797,-0.0,162057.094,-114818.039,-0.0,0.133,6.909358625270745e+28,30.0,70.0,35,0.0,0.0,0.0,0.0,0.0,0.0,0.0,0.0,0.0,0.0,0.0,0.0,0.0,0.0,0.0,0.0,66.4,0,150,71,51,65476,0,300,0,0,8,20529,65476,0,0,44564,70.0,0.0,0.0,0.0,0.0,0.0
2026-09-10T21:33:31,ERR,ERR,ERR,ERR,ERR,ERR,ERR,ERR,ERR,ERR,ERR,ERR,ERR,ERR,ERR,ERR,ERR,ERR,ERR,ERR,ERR,ERR,ERR,ERR,ERR,ERR,ERR,ERR,ERR,ERR,ERR,ERR,ERR,ERR,ERR,ERR,ERR,ERR,ERR,ERR,ERR,ERR,ERR,ERR,ERR,ERR,ERR,ERR,ERR,ERR,ERR,ERR,ERR,ERR,ERR,ERR,ERR,ERR,ERR,ERR,ERR,ERR,ERR,ERR,ERR,ERR,ERR,ERR,ERR,ERR,ERR,ERR,ERR,ERR,ERR,ERR,ERR,ERR,ERR,ERR,ERR,ERR,ERR,ERR,ERR,ERR,ERR,ERR,ERR,ERR,ERR,ERR,ERR,ERR,ERR,ERR,ERR,ERR,ERR,ERR,ERR,ERR,ERR,ERR,ERR,ERR,ERR,ERR,ERR,ERR,ERR,ERR,ERR,ERR,ERR,ERR,ERR,ERR,ERR,ERR,ERR,ERR,ERR,ERR,ERR,0.0,0.0,2.6474835549302285e+23,0.0,0.0,1.3936040501711995e+18,7.805,0.0,0,0,4,0,7116,0.0,100,0.0,0.0,0.0,0.0,0.0,0,0,0,0,0.0,0,0,0,0,0,0,0,0,0,0,0,0,0,0,0,0,0,0,0,0,0,0,0,0,0,0,0,0,0,0,0,0,0,31,40,40,71,65476,0,300,0,0,8,21553,0.0,-107605600.0,0.0,0.0,0.0,0.0,0.0,0.0,0.0,0.0,0.0,0.0,0.0,0.0,0.0,0.0,0.0,0.0,0.0,0.0,0.0,0.0,-2.004,2.004,-2.004,-2.004,0.0,0.0,0.0,0.0,4497.0,0.0,6919.0,0.0,0.0,-0.0,2.718429120148166e+23,0.0,0.0,0.0,0.0,69,-126841143296.0,-0.0,0.0,0.0,0.0,0.0,0.0,0.0,0.0,0,0,0,0.0,0.0,0.0,0.0,0.0,0.0,0.0,0.0,0.0,0.0,0.0,0.0,0.0,0.0,0.0,0.0,0,-107875648.0,69,0.0,138,0.0,2.6474777903227054e+23,0,0,17086,0,17101,0,17081,0,0,0,70,68,100,2.7302399002429377e+23,82.1,0.0,78.0,0.0,79.0,1,49,50,180,0,26215,0,0,0.0,0.0,0.0,0.0,-0.0,67.0,0.0,162057.094,0.0,975,0,1002,0,0,0,950,0,1025,0,925,0,789,0,781,0,822,0,7520,0.032,9.56924848823683e+19,0.0,0.0,784,16797,-0.0,162057.094,-114818.039,-0.0,0.133,6.909358625270745e+28,30.0,70.0,35,0.0,0.0,0.0,0.0,0.0,0.0,0.0,0.0,0.0,0.0,0.0,0.0,0.0,0.0,0.0,0.0,66.4,0,150,71,51,65476,0,300,0,0,8,20529,65476,0,0,44564,70.0,0.0,0.0,0.0,0.0,0.0
2026-09-10T21:33:32,ERR,ERR,ERR,ERR,ERR,ERR,ERR,ERR,ERR,ERR,ERR,ERR,ERR,ERR,ERR,ERR,ERR,ERR,ERR,ERR,ERR,ERR,ERR,ERR,ERR,ERR,ERR,ERR,ERR,ERR,ERR,ERR,ERR,ERR,ERR,ERR,ERR,ERR,ERR,ERR,ERR,ERR,ERR,ERR,ERR,ERR,ERR,ERR,ERR,ERR,ERR,ERR,ERR,ERR,ERR,ERR,ERR,ERR,ERR,ERR,ERR,ERR,ERR,ERR,ERR,ERR,ERR,ERR,ERR,ERR,ERR,ERR,ERR,ERR,ERR,ERR,ERR,ERR,ERR,ERR,ERR,ERR,ERR,ERR,ERR,ERR,ERR,ERR,ERR,ERR,ERR,ERR,ERR,ERR,ERR,ERR,ERR,ERR,ERR,ERR,ERR,ERR,ERR,ERR,ERR,ERR,ERR,ERR,ERR,ERR,ERR,ERR,ERR,ERR,ERR,ERR,ERR,ERR,ERR,ERR,ERR,ERR,ERR,ERR,ERR,0.0,0.0,2.6474835549302285e+23,0.0,0.0,1.3936040501711995e+18,7.805,0.0,0,0,4,0,7116,0.0,100,0.0,0.0,0.0,0.0,0.0,0,0,0,0,0.0,0,0,0,0,0,0,0,0,0,0,0,0,0,0,0,0,0,0,0,0,0,0,0,0,0,0,0,0,0,0,0,0,0,31,40,40,71,65476,0,300,0,0,8,21553,0.0,-107605600.0,0.0,0.0,0.0,0.0,0.0,0.0,0.0,0.0,0.0,0.0,0.0,0.0,0.0,0.0,0.0,0.0,0.0,0.0,0.0,0.0,-2.004,2.004,-2.004,-2.004,0.0,0.0,0.0,0.0,4497.0,0.0,6919.0,0.0,0.0,-0.0,2.718429120148166e+23,0.0,0.0,0.0,0.0,69,-126841143296.0,-0.0,0.0,0.0,0.0,0.0,0.0,0.0,0.0,0,0,0,0.0,0.0,0.0,0.0,0.0,0.0,0.0,0.0,0.0,0.0,0.0,0.0,0.0,0.0,0.0,0.0,0,-107875648.0,69,0.0,138,0.0,2.6474777903227054e+23,0,0,17086,0,17101,0,17081,0,0,0,70,68,100,2.7302399002429377e+23,82.1,0.0,78.0,0.0,79.0,1,49,50,180,0,26215,0,0,0.0,0.0,0.0,0.0,-0.0,67.0,0.0,162057.094,0.0,975,0,1002,0,0,0,950,0,1025,0,925,0,789,0,781,0,822,0,7520,0.032,9.56924848823683e+19,0.0,0.0,784,16797,-0.0,162057.094,-114818.039,-0.0,0.133,6.909358625270745e+28,30.0,70.0,35,0.0,0.0,0.0,0.0,0.0,0.0,0.0,0.0,0.0,0.0,0.0,0.0,0.0,0.0,0.0,0.0,66.4,0,150,71,51,65476,0,300,0,0,8,20529,65476,0,0,44564,70.0,0.0,0.0,0.0,0.0,0.0
2026-09-10T21:33:33,ERR,ERR,ERR,ERR,ERR,ERR,ERR,ERR,ERR,ERR,ERR,ERR,ERR,ERR,ERR,ERR,ERR,ERR,ERR,ERR,ERR,ERR,ERR,ERR,ERR,ERR,ERR,ERR,ERR,ERR,ERR,ERR,ERR,ERR,ERR,ERR,ERR,ERR,ERR,ERR,ERR,ERR,ERR,ERR,ERR,ERR,ERR,ERR,ERR,ERR,ERR,ERR,ERR,ERR,ERR,ERR,ERR,ERR,ERR,ERR,ERR,ERR,ERR,ERR,ERR,ERR,ERR,ERR,ERR,ERR,ERR,ERR,ERR,ERR,ERR,ERR,ERR,ERR,ERR,ERR,ERR,ERR,ERR,ERR,ERR,ERR,ERR,ERR,ERR,ERR,ERR,ERR,ERR,ERR,ERR,ERR,ERR,ERR,ERR,ERR,ERR,ERR,ERR,ERR,ERR,ERR,ERR,ERR,ERR,ERR,ERR,ERR,ERR,ERR,ERR,ERR,ERR,ERR,ERR,ERR,ERR,ERR,ERR,ERR,ERR,0.0,0.0,2.6474835549302285e+23,0.0,0.0,1.3936040501711995e+18,7.805,0.0,0,0,4,0,7116,0.0,100,0.0,0.0,0.0,0.0,0.0,0,0,0,0,0.0,0,0,0,0,0,0,0,0,0,0,0,0,0,0,0,0,0,0,0,0,0,0,0,0,0,0,0,0,0,0,0,0,0,31,40,40,71,65476,0,300,0,0,8,21553,0.0,-107605600.0,0.0,0.0,0.0,0.0,0.0,0.0,0.0,0.0,0.0,0.0,0.0,0.0,0.0,0.0,0.0,0.0,0.0,0.0,0.0,0.0,-2.004,2.004,-2.004,-2.004,0.0,0.0,0.0,0.0,4497.0,0.0,6919.0,0.0,0.0,-0.0,2.718429120148166e+23,0.0,0.0,0.0,0.0,69,-126841143296.0,-0.0,0.0,0.0,0.0,0.0,0.0,0.0,0.0,0,0,0,0.0,0.0,0.0,0.0,0.0,0.0,0.0,0.0,0.0,0.0,0.0,0.0,0.0,0.0,0.0,0.0,0,-107875648.0,69,0.0,138,0.0,2.6474777903227054e+23,0,0,17086,0,17101,0,17081,0,0,0,70,68,100,2.7302399002429377e+23,82.1,0.0,78.0,0.0,79.0,1,49,50,180,0,26215,0,0,0.0,0.0,0.0,0.0,-0.0,67.0,0.0,162057.094,0.0,975,0,1002,0,0,0,950,0,1025,0,925,0,789,0,781,0,822,0,7520,0.032,9.56924848823683e+19,0.0,0.0,784,16797,-0.0,162057.094,-114818.039,-0.0,0.133,6.909358625270745e+28,30.0,70.0,35,0.0,0.0,0.0,0.0,0.0,0.0,0.0,0.0,0.0,0.0,0.0,0.0,0.0,0.0,0.0,0.0,66.4,0,150,71,51,65476,0,300,0,0,8,20529,65476,0,0,44564,70.0,0.0,0.0,0.0,0.0,0.0
2026-09-10T21:33:34,ERR,ERR,ERR,ERR,ERR,ERR,ERR,ERR,ERR,ERR,ERR,ERR,ERR,ERR,ERR,ERR,ERR,ERR,ERR,ERR,ERR,ERR,ERR,ERR,ERR,ERR,ERR,ERR,ERR,ERR,ERR,ERR,ERR,ERR,ERR,ERR,ERR,ERR,ERR,ERR,ERR,ERR,ERR,ERR,ERR,ERR,ERR,ERR,ERR,ERR,ERR,ERR,ERR,ERR,ERR,ERR,ERR,ERR,ERR,ERR,ERR,ERR,ERR,ERR,ERR,ERR,ERR,ERR,ERR,ERR,ERR,ERR,ERR,ERR,ERR,ERR,ERR,ERR,ERR,ERR,ERR,ERR,ERR,ERR,ERR,ERR,ERR,ERR,ERR,ERR,ERR,ERR,ERR,ERR,ERR,ERR,ERR,ERR,ERR,ERR,ERR,ERR,ERR,ERR,ERR,ERR,ERR,ERR,ERR,ERR,ERR,ERR,ERR,ERR,ERR,ERR,ERR,ERR,ERR,ERR,ERR,ERR,ERR,ERR,ERR,0.0,0.0,2.6474835549302285e+23,0.0,0.0,1.3936040501711995e+18,7.805,0.0,0,0,4,0,7116,0.0,100,0.0,0.0,0.0,0.0,0.0,0,0,0,0,0.0,0,0,0,0,0,0,0,0,0,0,0,0,0,0,0,0,0,0,0,0,0,0,0,0,0,0,0,0,0,0,0,0,0,31,40,40,71,65476,0,300,0,0,8,21553,0.0,-107605600.0,0.0,0.0,0.0,0.0,0.0,0.0,0.0,0.0,0.0,0.0,0.0,0.0,0.0,0.0,0.0,0.0,0.0,0.0,0.0,0.0,-2.004,2.004,-2.004,-2.004,0.0,0.0,0.0,0.0,4492.0,8608165888.0,6922.0,0.0,0.0,-0.0,2.718429120148166e+23,0.0,0.0,0.0,0.0,69,-152018521948160.0,-0.0,0.0,0.0,0.0,0.0,0.0,0.0,0.0,0,0,0,0.0,0.0,0.0,0.0,0.0,0.0,0.0,0.0,0.0,0.0,0.0,0.0,0.0,0.0,0.0,0.0,0,-107875648.0,69,0.0,138,0.0,2.6474777903227054e+23,0,0,17086,0,17101,0,17081,0,0,0,70,68,100,2.7302399002429377e+23,82.1,0.0,78.0,0.0,79.0,1,49,50,180,0,26215,0,0,0.0,0.0,0.0,0.0,-0.0,67.0,0.0,162057.094,0.0,975,0,1002,0,0,0,950,0,1025,0,925,0,789,0,781,0,822,0,7520,0.032,9.56924848823683e+19,0.0,0.0,784,16797,-0.0,162057.094,-114818.039,-0.0,0.133,6.909358625270745e+28,30.0,70.0,35,0.0,0.0,0.0,0.0,0.0,0.0,0.0,0.0,0.0,0.0,0.0,0.0,0.0,0.0,0.0,0.0,66.4,0,150,71,51,65476,0,300,0,0,8,20529,65476,0,0,44564,70.0,0.0,0.0,0.0,0.0,0.0
2026-09-10T21:33:35,ERR,ERR,ERR,ERR,ERR,ERR,ERR,ERR,ERR,ERR,ERR,ERR,ERR,ERR,ERR,ERR,ERR,ERR,ERR,ERR,ERR,ERR,ERR,ERR,ERR,ERR,ERR,ERR,ERR,ERR,ERR,ERR,ERR,ERR,ERR,ERR,ERR,ERR,ERR,ERR,ERR,ERR,ERR,ERR,ERR,ERR,ERR,ERR,ERR,ERR,ERR,ERR,ERR,ERR,ERR,ERR,ERR,ERR,ERR,ERR,ERR,ERR,ERR,ERR,ERR,ERR,ERR,ERR,ERR,ERR,ERR,ERR,ERR,ERR,ERR,ERR,ERR,ERR,ERR,ERR,ERR,ERR,ERR,ERR,ERR,ERR,ERR,ERR,ERR,ERR,ERR,ERR,ERR,ERR,ERR,ERR,ERR,ERR,ERR,ERR,ERR,ERR,ERR,ERR,ERR,ERR,ERR,ERR,ERR,ERR,ERR,ERR,ERR,ERR,ERR,ERR,ERR,ERR,ERR,ERR,ERR,ERR,ERR,ERR,ERR,0.0,0.0,2.6474835549302285e+23,0.0,0.0,1.3936040501711995e+18,7.805,0.0,0,0,4,0,7116,0.0,100,0.0,0.0,0.0,0.0,0.0,0,0,0,0,0.0,0,0,0,0,0,0,0,0,0,0,0,0,0,0,0,0,0,0,0,0,0,0,0,0,0,0,0,0,0,0,0,0,0,31,40,40,71,65476,0,300,0,0,8,21553,0.0,-107605600.0,0.0,0.0,0.0,0.0,0.0,0.0,0.0,0.0,0.0,0.0,0.0,0.0,0.0,0.0,0.0,0.0,0.0,0.0,0.0,0.0,-2.004,2.004,-2.004,-2.004,0.0,0.0,0.0,0.0,4492.0,8608165888.0,6922.0,0.0,0.0,-0.0,2.718429120148166e+23,0.0,0.0,0.0,0.0,69,-152018521948160.0,-0.0,0.0,0.0,0.0,0.0,0.0,0.0,0.0,0,0,0,0.0,0.0,0.0,0.0,0.0,0.0,0.0,0.0,0.0,0.0,0.0,0.0,0.0,0.0,0.0,0.0,0,-107875648.0,69,0.0,138,0.0,2.6474777903227054e+23,0,0,17086,0,17101,0,17081,0,0,0,70,68,100,2.7302399002429377e+23,82.1,0.0,78.0,0.0,79.0,1,49,50,180,0,26215,0,0,0.0,0.0,0.0,0.0,-0.0,67.0,0.0,162057.094,0.0,975,0,1002,0,0,0,950,0,1025,0,925,0,789,0,781,0,822,0,7520,0.032,9.56924848823683e+19,0.0,0.0,784,16797,-0.0,162057.094,-114818.039,-0.0,0.133,6.909358625270745e+28,30.0,70.0,35,0.0,0.0,0.0,0.0,0.0,0.0,0.0,0.0,0.0,0.0,0.0,0.0,0.0,0.0,0.0,0.0,66.4,0,150,71,51,65476,0,300,0,0,8,20529,65476,0,0,44564,70.0,0.0,0.0,0.0,0.0,0.0
2026-09-10T21:33:36,ERR,ERR,ERR,ERR,ERR,ERR,ERR,ERR,ERR,ERR,ERR,ERR,ERR,ERR,ERR,ERR,ERR,ERR,ERR,ERR,ERR,ERR,ERR,ERR,ERR,ERR,ERR,ERR,ERR,ERR,ERR,ERR,ERR,ERR,ERR,ERR,ERR,ERR,ERR,ERR,ERR,ERR,ERR,ERR,ERR,ERR,ERR,ERR,ERR,ERR,ERR,ERR,ERR,ERR,ERR,ERR,ERR,ERR,ERR,ERR,ERR,ERR,ERR,ERR,ERR,ERR,ERR,ERR,ERR,ERR,ERR,ERR,ERR,ERR,ERR,ERR,ERR,ERR,ERR,ERR,ERR,ERR,ERR,ERR,ERR,ERR,ERR,ERR,ERR,ERR,ERR,ERR,ERR,ERR,ERR,ERR,ERR,ERR,ERR,ERR,ERR,ERR,ERR,ERR,ERR,ERR,ERR,ERR,ERR,ERR,ERR,ERR,ERR,ERR,ERR,ERR,ERR,ERR,ERR,ERR,ERR,ERR,ERR,ERR,ERR,0.0,0.0,2.6474835549302285e+23,0.0,0.0,1.3936040501711995e+18,7.805,0.0,0,0,4,0,7116,0.0,100,0.0,0.0,0.0,0.0,0.0,0,0,0,0,0.0,0,0,0,0,0,0,0,0,0,0,0,0,0,0,0,0,0,0,0,0,0,0,0,0,0,0,0,0,0,0,0,0,0,31,40,40,71,65476,0,300,0,0,8,21553,0.0,-107605600.0,0.0,0.0,0.0,0.0,0.0,0.0,0.0,0.0,0.0,0.0,0.0,0.0,0.0,0.0,0.0,0.0,0.0,0.0,0.0,0.0,-2.004,2.004,-2.004,-2.004,0.0,0.0,0.0,0.0,4492.0,8608165888.0,6922.0,0.0,0.0,-0.0,2.718429120148166e+23,0.0,0.0,0.0,0.0,69,-152018521948160.0,-0.0,0.0,0.0,0.0,0.0,0.0,0.0,0.0,0,0,0,0.0,0.0,0.0,0.0,0.0,0.0,0.0,0.0,0.0,0.0,0.0,0.0,0.0,0.0,0.0,0.0,0,-107875648.0,69,0.0,138,0.0,2.6474777903227054e+23,0,0,17086,0,17101,0,17081,0,0,0,70,68,100,2.7302399002429377e+23,82.1,0.0,78.4,-107615464.0,79.0,1,49,50,180,0,26215,0,0,0.0,0.0,0.0,0.0,-0.0,67.0,0.0,162057.094,0.0,975,0,1002,0,0,0,950,0,1025,0,925,0,790,0,781,0,822,0,7520,0.032,9.56924848823683e+19,0.0,0.0,784,16797,-0.0,162057.094,-114818.039,-0.0,0.133,6.909358625270745e+28,30.0,70.0,35,0.0,0.0,0.0,0.0,0.0,0.0,0.0,0.0,0.0,0.0,0.0,0.0,0.0,0.0,0.0,0.0,66.4,0,150,71,51,65476,0,300,0,0,8,20529,65476,0,0,44564,70.0,0.0,0.0,0.0,0.0,0.0
2026-09-10T21:33:37,ERR,ERR,ERR,ERR,ERR,ERR,ERR,ERR,ERR,ERR,ERR,ERR,ERR,ERR,ERR,ERR,ERR,ERR,ERR,ERR,ERR,ERR,ERR,ERR,ERR,ERR,ERR,ERR,ERR,ERR,ERR,ERR,ERR,ERR,ERR,ERR,ERR,ERR,ERR,ERR,ERR,ERR,ERR,ERR,ERR,ERR,ERR,ERR,ERR,ERR,ERR,ERR,ERR,ERR,ERR,ERR,ERR,ERR,ERR,ERR,ERR,ERR,ERR,ERR,ERR,ERR,ERR,ERR,ERR,ERR,ERR,ERR,ERR,ERR,ERR,ERR,ERR,ERR,ERR,ERR,ERR,ERR,ERR,ERR,ERR,ERR,ERR,ERR,ERR,ERR,ERR,ERR,ERR,ERR,ERR,ERR,ERR,ERR,ERR,ERR,ERR,ERR,ERR,ERR,ERR,ERR,ERR,ERR,ERR,ERR,ERR,ERR,ERR,ERR,ERR,ERR,ERR,ERR,ERR,ERR,ERR,ERR,ERR,ERR,ERR,0.0,0.0,2.6474835549302285e+23,0.0,0.0,1.3936040501711995e+18,7.805,0.0,0,0,4,0,7116,0.0,100,0.0,0.0,0.0,0.0,0.0,0,0,0,0,0.0,0,0,0,0,0,0,0,0,0,0,0,0,0,0,0,0,0,0,0,0,0,0,0,0,0,0,0,0,0,0,0,0,0,31,40,40,71,65476,0,300,0,0,8,21553,0.0,-107605600.0,0.0,0.0,0.0,0.0,0.0,0.0,0.0,0.0,0.0,0.0,0.0,0.0,0.0,0.0,0.0,0.0,0.0,0.0,0.0,0.0,-2.004,2.004,-2.004,-2.004,0.0,0.0,0.0,0.0,4492.0,8608165888.0,6922.0,0.0,0.0,-0.0,2.718429120148166e+23,0.0,0.0,0.0,0.0,69,-152018521948160.0,-0.0,0.0,0.0,0.0,0.0,0.0,0.0,0.0,0,0,0,0.0,0.0,0.0,0.0,0.0,0.0,0.0,0.0,0.0,0.0,0.0,0.0,0.0,0.0,0.0,0.0,0,-107875648.0,69,0.0,138,0.0,2.6474777903227054e+23,0,0,17086,0,17101,0,17081,0,0,0,70,68,100,2.7302399002429377e+23,82.1,0.0,78.4,-107615464.0,79.0,1,49,50,180,0,26215,0,0,0.0,0.0,0.0,0.0,-0.0,67.0,0.0,162057.094,0.0,975,0,1002,0,0,0,950,0,1025,0,925,0,790,0,781,0,822,0,7520,0.032,9.56924848823683e+19,0.0,0.0,784,16797,-0.0,162057.094,-114818.039,-0.0,0.133,6.909358625270745e+28,30.0,70.0,35,0.0,0.0,0.0,0.0,0.0,0.0,0.0,0.0,0.0,0.0,0.0,0.0,0.0,0.0,0.0,0.0,66.4,0,150,71,51,65476,0,300,0,0,8,20529,65476,0,0,44564,70.0,0.0,0.0,0.0,0.0,0.0
2026-09-10T21:33:38,ERR,ERR,ERR,ERR,ERR,ERR,ERR,ERR,ERR,ERR,ERR,ERR,ERR,ERR,ERR,ERR,ERR,ERR,ERR,ERR,ERR,ERR,ERR,ERR,ERR,ERR,ERR,ERR,ERR,ERR,ERR,ERR,ERR,ERR,ERR,ERR,ERR,ERR,ERR,ERR,ERR,ERR,ERR,ERR,ERR,ERR,ERR,ERR,ERR,ERR,ERR,ERR,ERR,ERR,ERR,ERR,ERR,ERR,ERR,ERR,ERR,ERR,ERR,ERR,ERR,ERR,ERR,ERR,ERR,ERR,ERR,ERR,ERR,ERR,ERR,ERR,ERR,ERR,ERR,ERR,ERR,ERR,ERR,ERR,ERR,ERR,ERR,ERR,ERR,ERR,ERR,ERR,ERR,ERR,ERR,ERR,ERR,ERR,ERR,ERR,ERR,ERR,ERR,ERR,ERR,ERR,ERR,ERR,ERR,ERR,ERR,ERR,ERR,ERR,ERR,ERR,ERR,ERR,ERR,ERR,ERR,ERR,ERR,ERR,ERR,0.0,0.0,2.6474835549302285e+23,0.0,0.0,1.3936040501711995e+18,7.805,0.0,0,0,4,0,7116,0.0,100,0.0,0.0,0.0,0.0,0.0,0,0,0,0,0.0,0,0,0,0,0,0,0,0,0,0,0,0,0,0,0,0,0,0,0,0,0,0,0,0,0,0,0,0,0,0,0,0,0,31,40,40,71,65476,0,300,0,0,8,21553,0.0,-107605600.0,0.0,0.0,0.0,0.0,0.0,0.0,0.0,0.0,0.0,0.0,0.0,0.0,0.0,0.0,0.0,0.0,0.0,0.0,0.0,0.0,-2.004,2.004,-2.004,-2.004,0.0,0.0,0.0,0.0,4492.0,8608165888.0,6922.0,0.0,0.0,-0.0,2.718429120148166e+23,0.0,0.0,0.0,0.0,69,-152018521948160.0,-0.0,0.0,0.0,0.0,0.0,0.0,0.0,0.0,0,0,0,0.0,0.0,0.0,0.0,0.0,0.0,0.0,0.0,0.0,0.0,0.0,0.0,0.0,0.0,0.0,0.0,0,-107875648.0,69,0.0,138,0.0,2.6474777903227054e+23,0,0,17086,0,17101,0,17081,0,0,0,70,68,100,2.7302399002429377e+23,82.1,0.0,78.4,-107615464.0,79.0,1,49,50,180,0,26215,0,0,0.0,0.0,0.0,0.0,-0.0,67.0,0.0,162057.094,0.0,975,0,1002,0,0,0,950,0,1025,0,925,0,790,0,781,0,822,0,7520,0.032,9.56924848823683e+19,0.0,0.0,784,16797,-0.0,162057.094,-114818.039,-0.0,0.133,6.909358625270745e+28,30.0,70.0,35,0.0,0.0,0.0,0.0,0.0,0.0,0.0,0.0,0.0,0.0,0.0,0.0,0.0,0.0,0.0,0.0,66.4,0,150,71,51,65476,0,300,0,0,8,20529,65476,0,0,44564,70.0,0.0,0.0,0.0,0.0,0.0
2026-09-10T21:33:39,ERR,ERR,ERR,ERR,ERR,ERR,ERR,ERR,ERR,ERR,ERR,ERR,ERR,ERR,ERR,ERR,ERR,ERR,ERR,ERR,ERR,ERR,ERR,ERR,ERR,ERR,ERR,ERR,ERR,ERR,ERR,ERR,ERR,ERR,ERR,ERR,ERR,ERR,ERR,ERR,ERR,ERR,ERR,ERR,ERR,ERR,ERR,ERR,ERR,ERR,ERR,ERR,ERR,ERR,ERR,ERR,ERR,ERR,ERR,ERR,ERR,ERR,ERR,ERR,ERR,ERR,ERR,ERR,ERR,ERR,ERR,ERR,ERR,ERR,ERR,ERR,ERR,ERR,ERR,ERR,ERR,ERR,ERR,ERR,ERR,ERR,ERR,ERR,ERR,ERR,ERR,ERR,ERR,ERR,ERR,ERR,ERR,ERR,ERR,ERR,ERR,ERR,ERR,ERR,ERR,ERR,ERR,ERR,ERR,ERR,ERR,ERR,ERR,ERR,ERR,ERR,ERR,ERR,ERR,ERR,ERR,ERR,ERR,ERR,ERR,0.0,0.0,2.6474835549302285e+23,0.0,0.0,1.3936040501711995e+18,7.805,0.0,0,0,4,0,7116,0.0,100,0.0,0.0,0.0,0.0,0.0,0,0,0,0,0.0,0,0,0,0,0,0,0,0,0,0,0,0,0,0,0,0,0,0,0,0,0,0,0,0,0,0,0,0,0,0,0,0,0,31,40,40,71,65476,0,300,0,0,8,21553,0.0,-107605600.0,0.0,0.0,0.0,0.0,0.0,0.0,0.0,0.0,0.0,0.0,0.0,0.0,0.0,0.0,0.0,0.0,0.0,0.0,0.0,0.0,-2.004,2.004,-2.004,-2.004,0.0,0.0,0.0,0.0,4492.0,8608165888.0,6922.0,0.0,0.0,-0.0,2.718429120148166e+23,0.0,0.0,0.0,0.0,69,-152018521948160.0,-0.0,0.0,0.0,0.0,0.0,0.0,0.0,0.0,0,0,0,0.0,0.0,0.0,0.0,0.0,0.0,0.0,0.0,0.0,0.0,0.0,0.0,0.0,0.0,0.0,0.0,0,-107875648.0,69,0.0,138,0.0,2.6474777903227054e+23,0,0,17086,0,17101,0,17081,0,0,0,70,68,100,2.7302399002429377e+23,82.1,0.0,78.4,-107615464.0,79.0,1,49,50,180,0,26215,0,0,0.0,0.0,0.0,0.0,-0.0,67.0,0.0,162057.094,0.0,975,0,1002,0,0,0,950,0,1025,0,925,0,790,0,781,0,822,0,7520,0.032,9.56924848823683e+19,0.0,0.0,784,16797,-0.0,162057.094,-114818.039,-0.0,0.133,6.909358625270745e+28,30.0,70.0,35,0.0,0.0,0.0,0.0,0.0,0.0,0.0,0.0,0.0,0.0,0.0,0.0,0.0,0.0,0.0,0.0,66.4,0,150,71,51,65476,0,300,0,0,8,20529,65476,0,0,44564,70.0,0.0,0.0,0.0,0.0,0.0
2026-09-10T21:33:40,ERR,ERR,ERR,ERR,ERR,ERR,ERR,ERR,ERR,ERR,ERR,ERR,ERR,ERR,ERR,ERR,ERR,ERR,ERR,ERR,ERR,ERR,ERR,ERR,ERR,ERR,ERR,ERR,ERR,ERR,ERR,ERR,ERR,ERR,ERR,ERR,ERR,ERR,ERR,ERR,ERR,ERR,ERR,ERR,ERR,ERR,ERR,ERR,ERR,ERR,ERR,ERR,ERR,ERR,ERR,ERR,ERR,ERR,ERR,ERR,ERR,ERR,ERR,ERR,ERR,ERR,ERR,ERR,ERR,ERR,ERR,ERR,ERR,ERR,ERR,ERR,ERR,ERR,ERR,ERR,ERR,ERR,ERR,ERR,ERR,ERR,ERR,ERR,ERR,ERR,ERR,ERR,ERR,ERR,ERR,ERR,ERR,ERR,ERR,ERR,ERR,ERR,ERR,ERR,ERR,ERR,ERR,ERR,ERR,ERR,ERR,ERR,ERR,ERR,ERR,ERR,ERR,ERR,ERR,ERR,ERR,ERR,ERR,ERR,ERR,0.0,0.0,2.6474835549302285e+23,0.0,0.0,1.3936040501711995e+18,7.805,0.0,0,0,4,0,7116,0.0,100,0.0,0.0,0.0,0.0,0.0,0,0,0,0,0.0,0,0,0,0,0,0,0,0,0,0,0,0,0,0,0,0,0,0,0,0,0,0,0,0,0,0,0,0,0,0,0,0,0,31,40,40,71,65476,0,300,0,0,8,21553,0.0,-107605600.0,0.0,0.0,0.0,0.0,0.0,0.0,0.0,0.0,0.0,0.0,0.0,0.0,0.0,0.0,0.0,0.0,0.0,0.0,0.0,0.0,-2.004,2.004,-2.004,-2.004,0.0,0.0,0.0,0.0,4492.0,8608165888.0,6922.0,0.0,0.0,-0.0,2.718429120148166e+23,0.0,0.0,0.0,0.0,69,-152018521948160.0,-0.0,0.0,0.0,0.0,0.0,0.0,0.0,0.0,0,0,0,0.0,0.0,0.0,0.0,0.0,0.0,0.0,0.0,0.0,0.0,0.0,0.0,0.0,0.0,0.0,0.0,0,-107875648.0,69,0.0,138,0.0,2.6474777903227054e+23,0,0,17086,0,17101,0,17081,0,0,0,70,68,100,2.7302399002429377e+23,82.1,0.0,78.4,-107615464.0,79.0,1,49,50,180,0,26215,0,0,0.0,0.0,0.0,0.0,-0.0,67.0,0.0,162057.094,0.0,975,0,1002,0,0,0,950,0,1025,0,925,0,790,0,781,0,822,0,7520,0.032,9.56924848823683e+19,0.0,0.0,784,16797,-0.0,162057.094,-114818.039,-0.0,0.133,6.909358625270745e+28,30.0,70.0,35,0.0,0.0,0.0,0.0,0.0,0.0,0.0,0.0,0.0,0.0,0.0,0.0,0.0,0.0,0.0,0.0,66.4,0,150,71,51,65476,0,300,0,0,8,20529,65476,0,0,44564,70.0,0.0,0.0,0.0,0.0,0.0
2026-09-10T21:33:41,ERR,ERR,ERR,ERR,ERR,ERR,ERR,ERR,ERR,ERR,ERR,ERR,ERR,ERR,ERR,ERR,ERR,ERR,ERR,ERR,ERR,ERR,ERR,ERR,ERR,ERR,ERR,ERR,ERR,ERR,ERR,ERR,ERR,ERR,ERR,ERR,ERR,ERR,ERR,ERR,ERR,ERR,ERR,ERR,ERR,ERR,ERR,ERR,ERR,ERR,ERR,ERR,ERR,ERR,ERR,ERR,ERR,ERR,ERR,ERR,ERR,ERR,ERR,ERR,ERR,ERR,ERR,ERR,ERR,ERR,ERR,ERR,ERR,ERR,ERR,ERR,ERR,ERR,ERR,ERR,ERR,ERR,ERR,ERR,ERR,ERR,ERR,ERR,ERR,ERR,ERR,ERR,ERR,ERR,ERR,ERR,ERR,ERR,ERR,ERR,ERR,ERR,ERR,ERR,ERR,ERR,ERR,ERR,ERR,ERR,ERR,ERR,ERR,ERR,ERR,ERR,ERR,ERR,ERR,ERR,ERR,ERR,ERR,ERR,ERR,0.0,0.0,2.6474835549302285e+23,0.0,0.0,1.3936040501711995e+18,7.805,0.0,0,0,4,0,7116,0.0,100,0.0,0.0,0.0,0.0,0.0,0,0,0,0,0.0,0,0,0,0,0,0,0,0,0,0,0,0,0,0,0,0,0,0,0,0,0,0,0,0,0,0,0,0,0,0,0,0,0,31,40,40,71,65476,0,300,0,0,8,21553,0.0,-107605600.0,0.0,0.0,0.0,0.0,0.0,0.0,0.0,0.0,0.0,0.0,0.0,0.0,0.0,0.0,0.0,0.0,0.0,0.0,0.0,0.0,-0.0,2.004,-2.004,-2.004,0.0,0.0,0.0,0.0,4498.0,3.69717909675028e+19,6923.0,0.0,0.0,-0.0,2.718429120148166e+23,0.0,0.0,0.0,0.0,69,-4.0668816144241325e+29,-0.0,0.0,0.0,0.0,0.0,0.0,0.0,0.0,0,0,0,0.0,0.0,0.0,0.0,0.0,0.0,0.0,0.0,0.0,0.0,0.0,0.0,0.0,0.0,0.0,0.0,0,-107875648.0,69,0.0,138,0.0,2.6474777903227054e+23,0,0,17086,0,17101,0,17081,0,0,0,70,68,100,2.7302399002429377e+23,82.1,0.0,78.4,0.0,79.0,1,49,50,180,0,26215,0,0,0.0,0.0,0.0,0.0,-0.0,67.0,0.0,162057.094,0.0,975,0,1002,0,0,0,950,0,1025,0,925,0,790,0,781,0,822,0,7520,0.032,9.626894563467172e+19,0.0,0.0,784,16797,-0.0,162057.094,-114818.039,-0.0,0.133,6.909358625270745e+28,30.0,70.0,35,0.0,0.0,0.0,0.0,0.0,0.0,0.0,0.0,0.0,0.0,0.0,0.0,0.0,0.0,0.0,0.0,66.4,0,150,71,51,65476,0,300,0,0,8,20529,65476,0,0,44564,70.0,0.0,0.0,0.0,0.0,0.0
2026-09-10T21:33:42,ERR,ERR,ERR,ERR,ERR,ERR,ERR,ERR,ERR,ERR,ERR,ERR,ERR,ERR,ERR,ERR,ERR,ERR,ERR,ERR,ERR,ERR,ERR,ERR,ERR,ERR,ERR,ERR,ERR,ERR,ERR,ERR,ERR,ERR,ERR,ERR,ERR,ERR,ERR,ERR,ERR,ERR,ERR,ERR,ERR,ERR,ERR,ERR,ERR,ERR,ERR,ERR,ERR,ERR,ERR,ERR,ERR,ERR,ERR,ERR,ERR,ERR,ERR,ERR,ERR,ERR,ERR,ERR,ERR,ERR,ERR,ERR,ERR,ERR,ERR,ERR,ERR,ERR,ERR,ERR,ERR,ERR,ERR,ERR,ERR,ERR,ERR,ERR,ERR,ERR,ERR,ERR,ERR,ERR,ERR,ERR,ERR,ERR,ERR,ERR,ERR,ERR,ERR,ERR,ERR,ERR,ERR,ERR,ERR,ERR,ERR,ERR,ERR,ERR,ERR,ERR,ERR,ERR,ERR,ERR,ERR,ERR,ERR,ERR,ERR,0.0,0.0,2.6474835549302285e+23,0.0,0.0,1.3936040501711995e+18,7.805,0.0,0,0,4,0,7116,0.0,100,0.0,0.0,0.0,0.0,0.0,0,0,0,0,0.0,0,0,0,0,0,0,0,0,0,0,0,0,0,0,0,0,0,0,0,0,0,0,0,0,0,0,0,0,0,0,0,0,0,31,40,40,71,65476,0,300,0,0,8,21553,0.0,-107605600.0,0.0,0.0,0.0,0.0,0.0,0.0,0.0,0.0,0.0,0.0,0.0,0.0,0.0,0.0,0.0,0.0,0.0,0.0,0.0,0.0,-0.0,2.004,-2.004,-2.004,0.0,0.0,0.0,0.0,4498.0,3.69717909675028e+19,6923.0,0.0,0.0,-0.0,2.718429120148166e+23,0.0,0.0,0.0,0.0,69,-4.0668816144241325e+29,-0.0,0.0,0.0,0.0,0.0,0.0,0.0,0.0,0,0,0,0.0,0.0,0.0,0.0,0.0,0.0,0.0,0.0,0.0,0.0,0.0,0.0,0.0,0.0,0.0,0.0,0,-107875648.0,69,0.0,138,0.0,2.6474777903227054e+23,0,0,17086,0,17101,0,17081,0,0,0,70,68,100,2.7302399002429377e+23,82.1,0.0,78.4,0.0,79.0,1,49,50,180,0,26215,0,0,0.0,0.0,0.0,0.0,-0.0,67.0,0.0,162057.094,0.0,975,0,1002,0,0,0,950,0,1025,0,925,0,790,0,781,0,822,0,7520,0.032,9.626894563467172e+19,0.0,0.0,784,16797,-0.0,162057.094,-114818.039,-0.0,0.133,6.909358625270745e+28,30.0,70.0,35,0.0,0.0,0.0,0.0,0.0,0.0,0.0,0.0,0.0,0.0,0.0,0.0,0.0,0.0,0.0,0.0,66.4,0,150,71,51,65476,0,300,0,0,8,20529,65476,0,0,44564,70.0,0.0,0.0,0.0,0.0,0.0
2026-09-10T21:33:43,ERR,ERR,ERR,ERR,ERR,ERR,ERR,ERR,ERR,ERR,ERR,ERR,ERR,ERR,ERR,ERR,ERR,ERR,ERR,ERR,ERR,ERR,ERR,ERR,ERR,ERR,ERR,ERR,ERR,ERR,ERR,ERR,ERR,ERR,ERR,ERR,ERR,ERR,ERR,ERR,ERR,ERR,ERR,ERR,ERR,ERR,ERR,ERR,ERR,ERR,ERR,ERR,ERR,ERR,ERR,ERR,ERR,ERR,ERR,ERR,ERR,ERR,ERR,ERR,ERR,ERR,ERR,ERR,ERR,ERR,ERR,ERR,ERR,ERR,ERR,ERR,ERR,ERR,ERR,ERR,ERR,ERR,ERR,ERR,ERR,ERR,ERR,ERR,ERR,ERR,ERR,ERR,ERR,ERR,ERR,ERR,ERR,ERR,ERR,ERR,ERR,ERR,ERR,ERR,ERR,ERR,ERR,ERR,ERR,ERR,ERR,ERR,ERR,ERR,ERR,ERR,ERR,ERR,ERR,ERR,ERR,ERR,ERR,ERR,ERR,0.0,0.0,2.6474835549302285e+23,0.0,0.0,1.3936040501711995e+18,7.805,0.0,0,0,4,0,7116,0.0,100,0.0,0.0,0.0,0.0,0.0,0,0,0,0,0.0,0,0,0,0,0,0,0,0,0,0,0,0,0,0,0,0,0,0,0,0,0,0,0,0,0,0,0,0,0,0,0,0,0,31,40,40,71,65476,0,300,0,0,8,21553,0.0,-107605600.0,0.0,0.0,0.0,0.0,0.0,0.0,0.0,0.0,0.0,0.0,0.0,0.0,0.0,0.0,0.0,0.0,0.0,0.0,0.0,0.0,-0.0,2.004,-2.004,-2.004,0.0,0.0,0.0,0.0,4498.0,3.69717909675028e+19,6923.0,0.0,0.0,-0.0,2.718429120148166e+23,0.0,0.0,0.0,0.0,69,-4.0668816144241325e+29,-0.0,0.0,0.0,0.0,0.0,0.0,0.0,0.0,0,0,0,0.0,0.0,0.0,0.0,0.0,0.0,0.0,0.0,0.0,0.0,0.0,0.0,0.0,0.0,0.0,0.0,0,-107875648.0,69,0.0,138,0.0,2.6474777903227054e+23,0,0,17086,0,17101,0,17081,0,0,0,70,68,100,2.7302399002429377e+23,82.1,0.0,78.4,0.0,79.0,1,49,50,180,0,26215,0,0,0.0,0.0,0.0,0.0,-0.0,67.0,0.0,162057.094,0.0,975,0,1002,0,0,0,950,0,1025,0,925,0,790,0,781,0,822,0,7520,0.032,9.626894563467172e+19,0.0,0.0,784,16797,-0.0,162057.094,-114818.039,-0.0,0.133,6.909358625270745e+28,30.0,70.0,35,0.0,0.0,0.0,0.0,0.0,0.0,0.0,0.0,0.0,0.0,0.0,0.0,0.0,0.0,0.0,0.0,66.8,0,150,71,51,65476,0,300,0,0,8,20529,65476,0,0,44564,70.0,0.0,0.0,0.0,0.0,0.0
2026-09-10T21:33:44,ERR,ERR,ERR,ERR,ERR,ERR,ERR,ERR,ERR,ERR,ERR,ERR,ERR,ERR,ERR,ERR,ERR,ERR,ERR,ERR,ERR,ERR,ERR,ERR,ERR,ERR,ERR,ERR,ERR,ERR,ERR,ERR,ERR,ERR,ERR,ERR,ERR,ERR,ERR,ERR,ERR,ERR,ERR,ERR,ERR,ERR,ERR,ERR,ERR,ERR,ERR,ERR,ERR,ERR,ERR,ERR,ERR,ERR,ERR,ERR,ERR,ERR,ERR,ERR,ERR,ERR,ERR,ERR,ERR,ERR,ERR,ERR,ERR,ERR,ERR,ERR,ERR,ERR,ERR,ERR,ERR,ERR,ERR,ERR,ERR,ERR,ERR,ERR,ERR,ERR,ERR,ERR,ERR,ERR,ERR,ERR,ERR,ERR,ERR,ERR,ERR,ERR,ERR,ERR,ERR,ERR,ERR,ERR,ERR,ERR,ERR,ERR,ERR,ERR,ERR,ERR,ERR,ERR,ERR,ERR,ERR,ERR,ERR,ERR,ERR,0.0,0.0,2.6474835549302285e+23,0.0,0.0,1.3936040501711995e+18,7.805,0.0,0,0,4,0,7116,0.0,100,0.0,0.0,0.0,0.0,0.0,0,0,0,0,0.0,0,0,0,0,0,0,0,0,0,0,0,0,0,0,0,0,0,0,0,0,0,0,0,0,0,0,0,0,0,0,0,0,0,31,40,40,71,65476,0,300,0,0,8,21553,0.0,-107605600.0,0.0,0.0,0.0,0.0,0.0,0.0,0.0,0.0,0.0,0.0,0.0,0.0,0.0,0.0,0.0,0.0,0.0,0.0,0.0,0.0,-0.0,2.004,-2.004,-2.004,0.0,0.0,0.0,0.0,4498.0,3.69717909675028e+19,6923.0,0.0,0.0,-0.0,2.718429120148166e+23,0.0,0.0,0.0,0.0,69,-4.0668816144241325e+29,-0.0,0.0,0.0,0.0,0.0,0.0,0.0,0.0,0,0,0,0.0,0.0,0.0,0.0,0.0,0.0,0.0,0.0,0.0,0.0,0.0,0.0,0.0,0.0,0.0,0.0,0,-107875648.0,69,0.0,138,0.0,2.6474777903227054e+23,0,0,17086,0,17101,0,17081,0,0,0,70,68,100,2.7302399002429377e+23,82.1,0.0,78.4,0.0,79.0,1,49,50,180,0,26215,0,0,0.0,0.0,0.0,0.0,-0.0,67.0,0.0,162057.094,0.0,975,0,1002,0,0,0,950,0,1025,0,925,0,790,0,781,0,822,0,7520,0.032,9.626894563467172e+19,0.0,0.0,784,16797,-0.0,162057.094,-114818.039,-0.0,0.133,6.909358625270745e+28,30.0,70.0,35,0.0,0.0,0.0,0.0,0.0,0.0,0.0,0.0,0.0,0.0,0.0,0.0,0.0,0.0,0.0,0.0,66.8,0,150,71,51,65476,0,300,0,0,8,20529,65476,0,0,44564,70.0,0.0,0.0,0.0,0.0,0.0
2026-09-10T21:33:45,ERR,ERR,ERR,ERR,ERR,ERR,ERR,ERR,ERR,ERR,ERR,ERR,ERR,ERR,ERR,ERR,ERR,ERR,ERR,ERR,ERR,ERR,ERR,ERR,ERR,ERR,ERR,ERR,ERR,ERR,ERR,ERR,ERR,ERR,ERR,ERR,ERR,ERR,ERR,ERR,ERR,ERR,ERR,ERR,ERR,ERR,ERR,ERR,ERR,ERR,ERR,ERR,ERR,ERR,ERR,ERR,ERR,ERR,ERR,ERR,ERR,ERR,ERR,ERR,ERR,ERR,ERR,ERR,ERR,ERR,ERR,ERR,ERR,ERR,ERR,ERR,ERR,ERR,ERR,ERR,ERR,ERR,ERR,ERR,ERR,ERR,ERR,ERR,ERR,ERR,ERR,ERR,ERR,ERR,ERR,ERR,ERR,ERR,ERR,ERR,ERR,ERR,ERR,ERR,ERR,ERR,ERR,ERR,ERR,ERR,ERR,ERR,ERR,ERR,ERR,ERR,ERR,ERR,ERR,ERR,ERR,ERR,ERR,ERR,ERR,0.0,0.0,2.6474835549302285e+23,0.0,0.0,1.3936040501711995e+18,7.805,0.0,0,0,4,0,7116,0.0,100,0.0,0.0,0.0,0.0,0.0,0,0,0,0,0.0,0,0,0,0,0,0,0,0,0,0,0,0,0,0,0,0,0,0,0,0,0,0,0,0,0,0,0,0,0,0,0,0,0,31,40,40,71,65476,0,300,0,0,8,21553,0.0,-107605600.0,0.0,0.0,0.0,0.0,0.0,0.0,0.0,0.0,0.0,0.0,0.0,0.0,0.0,0.0,0.0,0.0,0.0,0.0,0.0,0.0,-0.0,2.004,-2.004,-2.004,0.0,0.0,0.0,0.0,4498.0,3.69717909675028e+19,6923.0,0.0,0.0,-0.0,2.718429120148166e+23,0.0,0.0,0.0,0.0,69,-4.0668816144241325e+29,-0.0,0.0,0.0,0.0,0.0,0.0,0.0,0.0,0,0,0,0.0,0.0,0.0,0.0,0.0,0.0,0.0,0.0,0.0,0.0,0.0,0.0,0.0,0.0,0.0,0.0,0,-107875648.0,69,0.0,138,0.0,2.6474777903227054e+23,0,0,17086,0,17101,0,17081,0,0,0,70,68,100,2.7302399002429377e+23,82.1,0.0,78.4,0.0,79.0,1,49,50,180,0,26215,0,0,0.0,0.0,0.0,0.0,-0.0,67.0,0.0,162057.094,0.0,975,0,1002,0,0,0,950,0,1025,0,925,0,790,0,781,0,822,0,7520,0.032,9.626894563467172e+19,0.0,0.0,784,16797,-0.0,162057.094,-114818.039,-0.0,0.133,6.909358625270745e+28,30.0,70.0,35,0.0,0.0,0.0,0.0,0.0,0.0,0.0,0.0,0.0,0.0,0.0,0.0,0.0,0.0,0.0,0.0,66.4,0,150,71,51,65476,0,300,0,0,8,20529,65476,0,0,44564,70.0,0.0,0.0,0.0,0.0,0.0
2026-09-10T21:33:46,ERR,ERR,ERR,ERR,ERR,ERR,ERR,ERR,ERR,ERR,ERR,ERR,ERR,ERR,ERR,ERR,ERR,ERR,ERR,ERR,ERR,ERR,ERR,ERR,ERR,ERR,ERR,ERR,ERR,ERR,ERR,ERR,ERR,ERR,ERR,ERR,ERR,ERR,ERR,ERR,ERR,ERR,ERR,ERR,ERR,ERR,ERR,ERR,ERR,ERR,ERR,ERR,ERR,ERR,ERR,ERR,ERR,ERR,ERR,ERR,ERR,ERR,ERR,ERR,ERR,ERR,ERR,ERR,ERR,ERR,ERR,ERR,ERR,ERR,ERR,ERR,ERR,ERR,ERR,ERR,ERR,ERR,ERR,ERR,ERR,ERR,ERR,ERR,ERR,ERR,ERR,ERR,ERR,ERR,ERR,ERR,ERR,ERR,ERR,ERR,ERR,ERR,ERR,ERR,ERR,ERR,ERR,ERR,ERR,ERR,ERR,ERR,ERR,ERR,ERR,ERR,ERR,ERR,ERR,ERR,ERR,ERR,ERR,ERR,ERR,0.0,0.0,2.6474835549302285e+23,0.0,0.0,1.3936040501711995e+18,7.805,0.0,0,0,4,0,7116,0.0,100,0.0,0.0,0.0,0.0,0.0,0,0,0,0,0.0,0,0,0,0,0,0,0,0,0,0,0,0,0,0,0,0,0,0,0,0,0,0,0,0,0,0,0,0,0,0,0,0,0,31,40,40,71,65476,0,300,0,0,8,21553,0.0,-107605600.0,0.0,0.0,0.0,0.0,0.0,0.0,0.0,0.0,0.0,0.0,0.0,0.0,0.0,0.0,0.0,0.0,0.0,0.0,0.0,0.0,-0.0,2.004,-2.004,-2.004,0.0,0.0,0.0,0.0,4498.0,3.69717909675028e+19,6923.0,0.0,0.0,-0.0,2.718429120148166e+23,0.0,0.0,0.0,0.0,69,-4.0668816144241325e+29,-0.0,0.0,0.0,0.0,0.0,0.0,0.0,0.0,0,0,0,0.0,0.0,0.0,0.0,0.0,0.0,0.0,0.0,0.0,0.0,0.0,0.0,0.0,0.0,0.0,0.0,0,-107875648.0,69,0.0,138,0.0,2.6474777903227054e+23,0,0,17086,0,17101,0,17081,0,0,0,70,68,100,2.7302399002429377e+23,82.1,0.0,78.4,0.0,79.0,1,49,50,180,0,26215,0,0,0.0,0.0,0.0,0.0,-0.0,67.0,0.0,162057.094,0.0,975,0,1002,0,0,0,950,0,1025,0,925,0,790,0,781,0,822,0,7520,0.032,9.626894563467172e+19,0.0,0.0,784,16797,-0.0,162057.094,-114818.039,-0.0,0.133,6.909358625270745e+28,30.0,70.0,35,0.0,0.0,0.0,0.0,0.0,0.0,0.0,0.0,0.0,0.0,0.0,0.0,0.0,0.0,0.0,0.0,66.4,0,150,71,51,65476,0,300,0,0,8,20529,65476,0,0,44564,70.0,0.0,0.0,0.0,0.0,0.0
2026-09-10T21:33:47,ERR,ERR,ERR,ERR,ERR,ERR,ERR,ERR,ERR,ERR,ERR,ERR,ERR,ERR,ERR,ERR,ERR,ERR,ERR,ERR,ERR,ERR,ERR,ERR,ERR,ERR,ERR,ERR,ERR,ERR,ERR,ERR,ERR,ERR,ERR,ERR,ERR,ERR,ERR,ERR,ERR,ERR,ERR,ERR,ERR,ERR,ERR,ERR,ERR,ERR,ERR,ERR,ERR,ERR,ERR,ERR,ERR,ERR,ERR,ERR,ERR,ERR,ERR,ERR,ERR,ERR,ERR,ERR,ERR,ERR,ERR,ERR,ERR,ERR,ERR,ERR,ERR,ERR,ERR,ERR,ERR,ERR,ERR,ERR,ERR,ERR,ERR,ERR,ERR,ERR,ERR,ERR,ERR,ERR,ERR,ERR,ERR,ERR,ERR,ERR,ERR,ERR,ERR,ERR,ERR,ERR,ERR,ERR,ERR,ERR,ERR,ERR,ERR,ERR,ERR,ERR,ERR,ERR,ERR,ERR,ERR,ERR,ERR,ERR,ERR,0.0,0.0,2.6474835549302285e+23,0.0,0.0,1.3936040501711995e+18,7.805,0.0,0,0,4,0,7116,0.0,100,0.0,0.0,0.0,0.0,0.0,0,0,0,0,0.0,0,0,0,0,0,0,0,0,0,0,0,0,0,0,0,0,0,0,0,0,0,0,0,0,0,0,0,0,0,0,0,0,0,31,40,40,71,65476,0,300,0,0,8,21553,0.0,-107605600.0,0.0,0.0,0.0,0.0,0.0,0.0,0.0,0.0,0.0,0.0,0.0,0.0,0.0,0.0,0.0,0.0,0.0,0.0,0.0,0.0,-0.0,2.004,-2.004,-2.004,0.0,0.0,0.0,0.0,4498.0,3.69717909675028e+19,6923.0,0.0,0.0,-0.0,2.718429120148166e+23,0.0,0.0,0.0,0.0,69,-4.0668816144241325e+29,-0.0,0.0,0.0,0.0,0.0,0.0,0.0,0.0,0,0,0,0.0,0.0,0.0,0.0,0.0,0.0,0.0,0.0,0.0,0.0,0.0,0.0,0.0,0.0,0.0,0.0,0,-107875648.0,69,0.0,138,0.0,2.6474777903227054e+23,0,0,17086,0,17101,52429,17080,0,0,0,70,68,100,2.7302399002429377e+23,82.1,0.0,78.0,0.0,79.0,1,49,50,180,0,26215,0,0,0.0,0.0,0.0,0.0,-0.0,67.0,0.0,162057.094,0.0,975,0,1002,0,0,0,950,0,1025,0,924,0,790,0,781,0,822,0,7520,0.032,9.56924848823683e+19,0.0,0.0,784,16797,-0.0,162057.094,-114818.039,-0.0,0.133,6.909358625270745e+28,30.0,70.0,35,0.0,0.0,0.0,0.0,0.0,0.0,0.0,0.0,0.0,0.0,0.0,0.0,0.0,0.0,0.0,0.0,66.4,0,150,71,51,65476,0,300,0,0,8,20529,65476,0,0,44564,70.0,0.0,0.0,0.0,0.0,0.0
2026-09-10T21:33:48,ERR,ERR,ERR,ERR,ERR,ERR,ERR,ERR,ERR,ERR,ERR,ERR,ERR,ERR,ERR,ERR,ERR,ERR,ERR,ERR,ERR,ERR,ERR,ERR,ERR,ERR,ERR,ERR,ERR,ERR,ERR,ERR,ERR,ERR,ERR,ERR,ERR,ERR,ERR,ERR,ERR,ERR,ERR,ERR,ERR,ERR,ERR,ERR,ERR,ERR,ERR,ERR,ERR,ERR,ERR,ERR,ERR,ERR,ERR,ERR,ERR,ERR,ERR,ERR,ERR,ERR,ERR,ERR,ERR,ERR,ERR,ERR,ERR,ERR,ERR,ERR,ERR,ERR,ERR,ERR,ERR,ERR,ERR,ERR,ERR,ERR,ERR,ERR,ERR,ERR,ERR,ERR,ERR,ERR,ERR,ERR,ERR,ERR,ERR,ERR,ERR,ERR,ERR,ERR,ERR,ERR,ERR,ERR,ERR,ERR,ERR,ERR,ERR,ERR,ERR,ERR,ERR,ERR,ERR,ERR,ERR,ERR,ERR,ERR,ERR,0.0,0.0,2.6474835549302285e+23,0.0,0.0,1.3936040501711995e+18,7.805,0.0,0,0,4,0,7116,0.0,100,0.0,0.0,0.0,0.0,0.0,0,0,0,0,0.0,0,0,0,0,0,0,0,0,0,0,0,0,0,0,0,0,0,0,0,0,0,0,0,0,0,0,0,0,0,0,0,0,0,31,40,40,71,65476,0,300,0,0,8,21553,0.0,-107605600.0,0.0,0.0,0.0,0.0,0.0,0.0,0.0,0.0,0.0,0.0,0.0,0.0,0.0,0.0,0.0,0.0,0.0,0.0,0.0,0.0,-0.0,2.004,-2.004,-2.004,0.0,0.0,0.0,0.0,4498.0,3.69717909675028e+19,6923.0,0.0,0.0,-0.0,2.718429120148166e+23,0.0,0.0,0.0,0.0,69,-4.0668816144241325e+29,-0.0,0.0,0.0,0.0,0.0,0.0,0.0,0.0,0,0,0,0.0,0.0,0.0,0.0,0.0,0.0,0.0,0.0,0.0,0.0,0.0,0.0,0.0,0.0,0.0,0.0,0,-107875648.0,69,0.0,138,0.0,2.6474777903227054e+23,0,0,17086,0,17101,52429,17080,0,0,0,70,68,100,2.7302399002429377e+23,82.1,0.0,78.0,0.0,79.0,1,49,50,180,0,26215,0,0,0.0,0.0,0.0,0.0,-0.0,67.0,0.0,162057.094,0.0,975,0,1002,0,0,0,950,0,1025,0,924,0,790,0,781,0,822,0,7520,0.032,9.56924848823683e+19,0.0,0.0,784,16797,-0.0,162057.094,-114818.039,-0.0,0.133,6.909358625270745e+28,30.0,70.0,35,0.0,0.0,0.0,0.0,0.0,0.0,0.0,0.0,0.0,0.0,0.0,0.0,0.0,0.0,0.0,0.0,66.4,0,150,71,51,65476,0,300,0,0,8,20529,65476,0,0,44564,70.0,0.0,0.0,0.0,0.0,0.0
2026-09-10T21:33:49,ERR,ERR,ERR,ERR,ERR,ERR,ERR,ERR,ERR,ERR,ERR,ERR,ERR,ERR,ERR,ERR,ERR,ERR,ERR,ERR,ERR,ERR,ERR,ERR,ERR,ERR,ERR,ERR,ERR,ERR,ERR,ERR,ERR,ERR,ERR,ERR,ERR,ERR,ERR,ERR,ERR,ERR,ERR,ERR,ERR,ERR,ERR,ERR,ERR,ERR,ERR,ERR,ERR,ERR,ERR,ERR,ERR,ERR,ERR,ERR,ERR,ERR,ERR,ERR,ERR,ERR,ERR,ERR,ERR,ERR,ERR,ERR,ERR,ERR,ERR,ERR,ERR,ERR,ERR,ERR,ERR,ERR,ERR,ERR,ERR,ERR,ERR,ERR,ERR,ERR,ERR,ERR,ERR,ERR,ERR,ERR,ERR,ERR,ERR,ERR,ERR,ERR,ERR,ERR,ERR,ERR,ERR,ERR,ERR,ERR,ERR,ERR,ERR,ERR,ERR,ERR,ERR,ERR,ERR,ERR,ERR,ERR,ERR,ERR,ERR,0.0,0.0,0.0,0.0,0.0,1.3936040501711995e+18,7.805,0.0,0,0,4,0,7116,0.0,100,0.0,0.0,0.0,0.0,0.0,0,0,0,0,0.0,0,0,0,0,0,0,0,0,0,0,0,0,0,0,0,0,0,0,0,0,0,0,0,0,0,0,0,0,0,0,0,0,0,31,40,40,71,65476,0,300,0,0,8,21553,0.0,-107605600.0,0.0,0.0,0.0,0.0,0.0,0.0,0.0,0.0,0.0,0.0,0.0,0.0,0.0,0.0,0.0,0.0,0.0,0.0,0.0,0.0,-2.004,2.004,-2.004,-2.004,0.0,0.0,0.0,0.0,4493.0,2.4229832928462634e+24,6925.0,0.0,0.0,-0.0,2.718429120148166e+23,0.0,0.0,0.0,0.0,69,-1.905698635870372e+17,-0.0,0.0,0.0,0.0,0.0,0.0,0.0,0.0,0,0,0,0.0,0.0,0.0,0.0,0.0,0.0,0.0,0.0,0.0,0.0,0.0,0.0,0.0,0.0,0.0,0.0,0,-107875648.0,69,0.0,138,0.0,2.6474777903227054e+23,0,0,17086,0,17101,52429,17080,0,0,0,70,68,100,2.7302399002429377e+23,82.1,0.0,78.0,0.0,79.0,1,49,50,180,0,26215,0,0,0.0,0.0,0.0,0.0,-0.0,67.0,0.0,162057.094,0.0,975,0,1002,0,0,0,950,0,1025,0,924,0,790,0,781,0,822,0,7520,0.032,9.56924848823683e+19,0.0,0.0,784,16797,-0.0,162057.094,-114818.039,-0.0,0.133,6.909358625270745e+28,30.0,70.0,35,0.0,0.0,0.0,0.0,0.0,0.0,0.0,0.0,0.0,0.0,0.0,0.0,0.0,0.0,0.0,0.0,66.4,0,150,71,51,65476,0,300,0,0,8,20529,65476,0,0,44564,70.0,0.0,0.0,0.0,0.0,0.0
2026-09-10T21:33:50,ERR,ERR,ERR,ERR,ERR,ERR,ERR,ERR,ERR,ERR,ERR,ERR,ERR,ERR,ERR,ERR,ERR,ERR,ERR,ERR,ERR,ERR,ERR,ERR,ERR,ERR,ERR,ERR,ERR,ERR,ERR,ERR,ERR,ERR,ERR,ERR,ERR,ERR,ERR,ERR,ERR,ERR,ERR,ERR,ERR,ERR,ERR,ERR,ERR,ERR,ERR,ERR,ERR,ERR,ERR,ERR,ERR,ERR,ERR,ERR,ERR,ERR,ERR,ERR,ERR,ERR,ERR,ERR,ERR,ERR,ERR,ERR,ERR,ERR,ERR,ERR,ERR,ERR,ERR,ERR,ERR,ERR,ERR,ERR,ERR,ERR,ERR,ERR,ERR,ERR,ERR,ERR,ERR,ERR,ERR,ERR,ERR,ERR,ERR,ERR,ERR,ERR,ERR,ERR,ERR,ERR,ERR,ERR,ERR,ERR,ERR,ERR,ERR,ERR,ERR,ERR,ERR,ERR,ERR,ERR,ERR,ERR,ERR,ERR,ERR,0.0,0.0,0.0,0.0,0.0,1.3936040501711995e+18,7.805,0.0,0,0,4,0,7116,0.0,100,0.0,0.0,0.0,0.0,0.0,0,0,0,0,0.0,0,0,0,0,0,0,0,0,0,0,0,0,0,0,0,0,0,0,0,0,0,0,0,0,0,0,0,0,0,0,0,0,0,31,40,40,71,65476,0,300,0,0,8,21553,0.0,-107605600.0,0.0,0.0,0.0,0.0,0.0,0.0,0.0,0.0,0.0,0.0,0.0,0.0,0.0,0.0,0.0,0.0,0.0,0.0,0.0,0.0,-2.004,2.004,-2.004,-2.004,0.0,0.0,0.0,0.0,4493.0,2.4229832928462634e+24,6925.0,0.0,0.0,-0.0,2.718429120148166e+23,0.0,0.0,0.0,0.0,69,-1.905698635870372e+17,-0.0,0.0,0.0,0.0,0.0,0.0,0.0,0.0,0,0,0,0.0,0.0,0.0,0.0,0.0,0.0,0.0,0.0,0.0,0.0,0.0,0.0,0.0,0.0,0.0,0.0,0,-107875648.0,69,0.0,138,0.0,2.6474777903227054e+23,0,0,17086,0,17101,52429,17080,0,0,0,70,68,100,2.7302399002429377e+23,82.1,0.0,78.0,0.0,79.0,1,49,50,180,0,26215,0,0,0.0,0.0,0.0,0.0,-0.0,67.0,0.0,162057.094,0.0,975,0,1002,0,0,0,950,0,1025,0,924,0,790,0,781,0,822,0,7520,0.032,9.56924848823683e+19,0.0,0.0,784,16797,-0.0,162057.094,-114818.039,-0.0,0.133,6.909358625270745e+28,30.0,70.0,35,0.0,0.0,0.0,0.0,0.0,0.0,0.0,0.0,0.0,0.0,0.0,0.0,0.0,0.0,0.0,0.0,66.4,0,150,71,51,65476,0,300,0,0,8,20529,65476,0,0,44564,70.0,0.0,0.0,0.0,0.0,0.0
2026-09-10T21:33:51,ERR,ERR,ERR,ERR,ERR,ERR,ERR,ERR,ERR,ERR,ERR,ERR,ERR,ERR,ERR,ERR,ERR,ERR,ERR,ERR,ERR,ERR,ERR,ERR,ERR,ERR,ERR,ERR,ERR,ERR,ERR,ERR,ERR,ERR,ERR,ERR,ERR,ERR,ERR,ERR,ERR,ERR,ERR,ERR,ERR,ERR,ERR,ERR,ERR,ERR,ERR,ERR,ERR,ERR,ERR,ERR,ERR,ERR,ERR,ERR,ERR,ERR,ERR,ERR,ERR,ERR,ERR,ERR,ERR,ERR,ERR,ERR,ERR,ERR,ERR,ERR,ERR,ERR,ERR,ERR,ERR,ERR,ERR,ERR,ERR,ERR,ERR,ERR,ERR,ERR,ERR,ERR,ERR,ERR,ERR,ERR,ERR,ERR,ERR,ERR,ERR,ERR,ERR,ERR,ERR,ERR,ERR,ERR,ERR,ERR,ERR,ERR,ERR,ERR,ERR,ERR,ERR,ERR,ERR,ERR,ERR,ERR,ERR,ERR,ERR,0.0,0.0,0.0,0.0,0.0,1.3936040501711995e+18,7.805,0.0,0,0,4,0,7116,0.0,100,0.0,0.0,0.0,0.0,0.0,0,0,0,0,0.0,0,0,0,0,0,0,0,0,0,0,0,0,0,0,0,0,0,0,0,0,0,0,0,0,0,0,0,0,0,0,0,0,0,31,40,40,71,65476,0,300,0,0,8,21553,0.0,-107605600.0,0.0,0.0,0.0,0.0,0.0,0.0,0.0,0.0,0.0,0.0,0.0,0.0,0.0,0.0,0.0,0.0,0.0,0.0,0.0,0.0,-2.004,2.004,-2.004,-2.004,0.0,0.0,0.0,0.0,4493.0,2.4229832928462634e+24,6925.0,0.0,0.0,-0.0,2.718429120148166e+23,0.0,0.0,0.0,0.0,69,-1.905698635870372e+17,-0.0,0.0,0.0,0.0,0.0,0.0,0.0,0.0,0,0,0,0.0,0.0,0.0,0.0,0.0,0.0,0.0,0.0,0.0,0.0,0.0,0.0,0.0,0.0,0.0,0.0,0,-107875648.0,69,0.0,138,0.0,2.6474777903227054e+23,0,0,17086,0,17101,52429,17080,0,0,0,70,68,100,2.7302399002429377e+23,82.1,0.0,78.0,0.0,79.0,1,49,50,180,0,26215,0,0,0.0,0.0,0.0,0.0,-0.0,67.0,0.0,162057.094,0.0,975,0,1002,0,0,0,950,0,1025,0,924,0,790,0,781,0,822,0,7520,0.032,9.56924848823683e+19,0.0,0.0,784,16797,-0.0,162057.094,-114818.039,-0.0,0.133,6.909358625270745e+28,30.0,70.0,35,0.0,0.0,0.0,0.0,0.0,0.0,0.0,0.0,0.0,0.0,0.0,0.0,0.0,0.0,0.0,0.0,66.4,0,150,71,51,65476,0,300,0,0,8,20529,65476,0,0,44564,70.0,0.0,0.0,0.0,0.0,0.0
2026-09-10T21:33:52,ERR,ERR,ERR,ERR,ERR,ERR,ERR,ERR,ERR,ERR,ERR,ERR,ERR,ERR,ERR,ERR,ERR,ERR,ERR,ERR,ERR,ERR,ERR,ERR,ERR,ERR,ERR,ERR,ERR,ERR,ERR,ERR,ERR,ERR,ERR,ERR,ERR,ERR,ERR,ERR,ERR,ERR,ERR,ERR,ERR,ERR,ERR,ERR,ERR,ERR,ERR,ERR,ERR,ERR,ERR,ERR,ERR,ERR,ERR,ERR,ERR,ERR,ERR,ERR,ERR,ERR,ERR,ERR,ERR,ERR,ERR,ERR,ERR,ERR,ERR,ERR,ERR,ERR,ERR,ERR,ERR,ERR,ERR,ERR,ERR,ERR,ERR,ERR,ERR,ERR,ERR,ERR,ERR,ERR,ERR,ERR,ERR,ERR,ERR,ERR,ERR,ERR,ERR,ERR,ERR,ERR,ERR,ERR,ERR,ERR,ERR,ERR,ERR,ERR,ERR,ERR,ERR,ERR,ERR,ERR,ERR,ERR,ERR,ERR,ERR,0.0,0.0,0.0,0.0,0.0,1.3936040501711995e+18,7.805,0.0,0,0,4,0,7116,0.0,100,0.0,0.0,0.0,0.0,0.0,0,0,0,0,0.0,0,0,0,0,0,0,0,0,0,0,0,0,0,0,0,0,0,0,0,0,0,0,0,0,0,0,0,0,0,0,0,0,0,31,40,40,71,65476,0,300,0,0,8,21553,0.0,-107605600.0,0.0,0.0,0.0,0.0,0.0,0.0,0.0,0.0,0.0,0.0,0.0,0.0,0.0,0.0,0.0,0.0,0.0,0.0,0.0,0.0,-2.004,2.004,-2.004,-2.004,0.0,0.0,0.0,0.0,4493.0,2.4229832928462634e+24,6925.0,0.0,0.0,-0.0,2.718429120148166e+23,0.0,0.0,0.0,0.0,69,-1.905698635870372e+17,-0.0,0.0,0.0,0.0,0.0,0.0,0.0,0.0,0,0,0,0.0,0.0,0.0,0.0,0.0,0.0,0.0,0.0,0.0,0.0,0.0,0.0,0.0,0.0,0.0,0.0,0,-107875648.0,69,0.0,138,0.0,2.6474777903227054e+23,0,0,17086,0,17101,52429,17080,0,0,0,70,68,100,2.7302399002429377e+23,82.1,0.0,78.0,0.0,79.0,1,49,50,180,0,26215,0,0,0.0,0.0,0.0,0.0,-0.0,67.0,0.0,162057.094,0.0,975,0,1002,0,0,0,950,0,1025,0,924,0,790,0,781,0,822,0,7520,0.032,9.56924848823683e+19,0.0,0.0,784,16797,-0.0,162057.094,-114818.039,-0.0,0.133,6.909358625270745e+28,30.0,70.0,35,0.0,0.0,0.0,0.0,0.0,0.0,0.0,0.0,0.0,0.0,0.0,0.0,0.0,0.0,0.0,0.0,66.4,0,150,71,51,65476,0,300,0,0,8,20529,65476,0,0,44564,70.0,0.0,0.0,0.0,0.0,0.0
2026-09-10T21:33:53,ERR,ERR,ERR,ERR,ERR,ERR,ERR,ERR,ERR,ERR,ERR,ERR,ERR,ERR,ERR,ERR,ERR,ERR,ERR,ERR,ERR,ERR,ERR,ERR,ERR,ERR,ERR,ERR,ERR,ERR,ERR,ERR,ERR,ERR,ERR,ERR,ERR,ERR,ERR,ERR,ERR,ERR,ERR,ERR,ERR,ERR,ERR,ERR,ERR,ERR,ERR,ERR,ERR,ERR,ERR,ERR,ERR,ERR,ERR,ERR,ERR,ERR,ERR,ERR,ERR,ERR,ERR,ERR,ERR,ERR,ERR,ERR,ERR,ERR,ERR,ERR,ERR,ERR,ERR,ERR,ERR,ERR,ERR,ERR,ERR,ERR,ERR,ERR,ERR,ERR,ERR,ERR,ERR,ERR,ERR,ERR,ERR,ERR,ERR,ERR,ERR,ERR,ERR,ERR,ERR,ERR,ERR,ERR,ERR,ERR,ERR,ERR,ERR,ERR,ERR,ERR,ERR,ERR,ERR,ERR,ERR,ERR,ERR,ERR,ERR,0.0,0.0,0.0,0.0,0.0,1.3936040501711995e+18,7.805,0.0,0,0,4,0,7116,0.0,100,0.0,0.0,0.0,0.0,0.0,0,0,0,0,0.0,0,0,0,0,0,0,0,0,0,0,0,0,0,0,0,0,0,0,0,0,0,0,0,0,0,0,0,0,0,0,0,0,0,31,40,40,71,65476,0,300,0,0,8,21553,0.0,-107605600.0,0.0,0.0,0.0,0.0,0.0,0.0,0.0,0.0,0.0,0.0,0.0,0.0,0.0,0.0,0.0,0.0,0.0,0.0,0.0,0.0,-2.004,2.004,-2.004,-2.004,0.0,0.0,0.0,0.0,4493.0,2.4229832928462634e+24,6925.0,0.0,0.0,-0.0,2.718429120148166e+23,0.0,0.0,0.0,0.0,69,-1.905698635870372e+17,-0.0,0.0,0.0,0.0,0.0,0.0,0.0,0.0,0,0,0,0.0,0.0,0.0,0.0,0.0,0.0,0.0,0.0,0.0,0.0,0.0,0.0,0.0,0.0,0.0,0.0,0,-107875648.0,69,0.0,138,0.0,2.6474777903227054e+23,0,0,17086,0,17101,52429,17080,0,0,0,70,68,100,2.7302399002429377e+23,82.1,0.0,78.4,0.0,79.0,1,49,50,180,0,26215,0,0,0.0,0.0,0.0,0.0,-0.0,67.0,0.0,162057.094,0.0,975,0,1002,0,0,0,950,0,1025,0,924,0,790,0,781,0,822,0,7520,0.032,9.511602413006488e+19,0.0,0.0,784,16797,-0.0,162057.094,-114818.039,-0.0,0.133,6.909358625270745e+28,30.0,70.0,35,0.0,0.0,0.0,0.0,0.0,0.0,0.0,0.0,0.0,0.0,0.0,0.0,0.0,0.0,0.0,0.0,66.4,0,150,71,51,65476,0,300,0,0,8,20529,65476,0,0,44564,70.0,0.0,0.0,0.0,0.0,0.0
2026-09-10T21:33:54,ERR,ERR,ERR,ERR,ERR,ERR,ERR,ERR,ERR,ERR,ERR,ERR,ERR,ERR,ERR,ERR,ERR,ERR,ERR,ERR,ERR,ERR,ERR,ERR,ERR,ERR,ERR,ERR,ERR,ERR,ERR,ERR,ERR,ERR,ERR,ERR,ERR,ERR,ERR,ERR,ERR,ERR,ERR,ERR,ERR,ERR,ERR,ERR,ERR,ERR,ERR,ERR,ERR,ERR,ERR,ERR,ERR,ERR,ERR,ERR,ERR,ERR,ERR,ERR,ERR,ERR,ERR,ERR,ERR,ERR,ERR,ERR,ERR,ERR,ERR,ERR,ERR,ERR,ERR,ERR,ERR,ERR,ERR,ERR,ERR,ERR,ERR,ERR,ERR,ERR,ERR,ERR,ERR,ERR,ERR,ERR,ERR,ERR,ERR,ERR,ERR,ERR,ERR,ERR,ERR,ERR,ERR,ERR,ERR,ERR,ERR,ERR,ERR,ERR,ERR,ERR,ERR,ERR,ERR,ERR,ERR,ERR,ERR,ERR,ERR,0.0,0.0,0.0,0.0,0.0,1.3936040501711995e+18,7.805,0.0,0,0,4,0,7116,0.0,100,0.0,0.0,0.0,0.0,0.0,0,0,0,0,0.0,0,0,0,0,0,0,0,0,0,0,0,0,0,0,0,0,0,0,0,0,0,0,0,0,0,0,0,0,0,0,0,0,0,31,40,40,71,65476,0,300,0,0,8,21553,0.0,-107605600.0,0.0,0.0,0.0,0.0,0.0,0.0,0.0,0.0,0.0,0.0,0.0,0.0,0.0,0.0,0.0,0.0,0.0,0.0,0.0,0.0,-2.004,2.004,-2.004,-2.004,0.0,0.0,0.0,0.0,4493.0,2.4229832928462634e+24,6925.0,0.0,0.0,-0.0,2.718429120148166e+23,0.0,0.0,0.0,0.0,69,-1.905698635870372e+17,-0.0,0.0,0.0,0.0,0.0,0.0,0.0,0.0,0,0,0,0.0,0.0,0.0,0.0,0.0,0.0,0.0,0.0,0.0,0.0,0.0,0.0,0.0,0.0,0.0,0.0,0,-107875648.0,69,0.0,138,0.0,2.6474777903227054e+23,0,0,17086,0,17101,52429,17080,0,0,0,70,68,100,2.7302399002429377e+23,82.1,0.0,78.4,0.0,79.0,1,49,50,180,0,26215,0,0,0.0,0.0,0.0,0.0,-0.0,67.0,0.0,162057.094,0.0,975,0,1002,0,0,0,950,0,1025,0,924,0,790,0,781,0,822,0,7520,0.032,9.511602413006488e+19,0.0,0.0,784,16797,-0.0,162057.094,-114818.039,-0.0,0.133,6.909358625270745e+28,30.0,70.0,35,0.0,0.0,0.0,0.0,0.0,0.0,0.0,0.0,0.0,0.0,0.0,0.0,0.0,0.0,0.0,0.0,66.4,0,150,71,51,65476,0,300,0,0,8,20529,65476,0,0,44564,70.0,0.0,0.0,0.0,0.0,0.0
2026-09-10T21:33:55,ERR,ERR,ERR,ERR,ERR,ERR,ERR,ERR,ERR,ERR,ERR,ERR,ERR,ERR,ERR,ERR,ERR,ERR,ERR,ERR,ERR,ERR,ERR,ERR,ERR,ERR,ERR,ERR,ERR,ERR,ERR,ERR,ERR,ERR,ERR,ERR,ERR,ERR,ERR,ERR,ERR,ERR,ERR,ERR,ERR,ERR,ERR,ERR,ERR,ERR,ERR,ERR,ERR,ERR,ERR,ERR,ERR,ERR,ERR,ERR,ERR,ERR,ERR,ERR,ERR,ERR,ERR,ERR,ERR,ERR,ERR,ERR,ERR,ERR,ERR,ERR,ERR,ERR,ERR,ERR,ERR,ERR,ERR,ERR,ERR,ERR,ERR,ERR,ERR,ERR,ERR,ERR,ERR,ERR,ERR,ERR,ERR,ERR,ERR,ERR,ERR,ERR,ERR,ERR,ERR,ERR,ERR,ERR,ERR,ERR,ERR,ERR,ERR,ERR,ERR,ERR,ERR,ERR,ERR,ERR,ERR,ERR,ERR,ERR,ERR,0.0,0.0,0.0,0.0,0.0,1.3936040501711995e+18,7.805,0.0,0,0,4,0,7116,0.0,100,0.0,0.0,0.0,0.0,0.0,0,0,0,0,0.0,0,0,0,0,0,0,0,0,0,0,0,0,0,0,0,0,0,0,0,0,0,0,0,0,0,0,0,0,0,0,0,0,0,31,40,40,71,65476,0,300,0,0,8,21553,0.0,-107605600.0,0.0,0.0,0.0,0.0,0.0,0.0,0.0,0.0,0.0,0.0,0.0,0.0,0.0,0.0,0.0,0.0,0.0,0.0,0.0,0.0,-2.004,2.004,-2.004,-2.004,0.0,0.0,0.0,0.0,4493.0,2.4229832928462634e+24,6925.0,0.0,0.0,-0.0,2.718429120148166e+23,0.0,0.0,0.0,0.0,69,-1.905698635870372e+17,-0.0,0.0,0.0,0.0,0.0,0.0,0.0,0.0,0,0,0,0.0,0.0,0.0,0.0,0.0,0.0,0.0,0.0,0.0,0.0,0.0,0.0,0.0,0.0,0.0,0.0,0,-107875648.0,69,0.0,138,0.0,2.6474777903227054e+23,0,0,17086,0,17101,52429,17080,0,0,0,70,68,100,2.7302399002429377e+23,82.1,0.0,78.4,0.0,79.0,1,49,50,180,0,26215,0,0,0.0,0.0,0.0,0.0,-0.0,67.0,0.0,162057.094,0.0,975,0,1002,0,0,0,950,0,1025,0,924,0,790,0,781,0,822,0,7520,0.032,9.511602413006488e+19,0.0,0.0,784,16797,-0.0,162057.094,-114818.039,-0.0,0.133,6.909358625270745e+28,30.0,70.0,35,0.0,0.0,0.0,0.0,0.0,0.0,0.0,0.0,0.0,0.0,0.0,0.0,0.0,0.0,0.0,0.0,66.4,0,150,71,51,65476,0,300,0,0,8,20529,65476,0,0,44564,70.0,0.0,0.0,0.0,0.0,0.0
2026-09-10T21:33:56,ERR,ERR,ERR,ERR,ERR,ERR,ERR,ERR,ERR,ERR,ERR,ERR,ERR,ERR,ERR,ERR,ERR,ERR,ERR,ERR,ERR,ERR,ERR,ERR,ERR,ERR,ERR,ERR,ERR,ERR,ERR,ERR,ERR,ERR,ERR,ERR,ERR,ERR,ERR,ERR,ERR,ERR,ERR,ERR,ERR,ERR,ERR,ERR,ERR,ERR,ERR,ERR,ERR,ERR,ERR,ERR,ERR,ERR,ERR,ERR,ERR,ERR,ERR,ERR,ERR,ERR,ERR,ERR,ERR,ERR,ERR,ERR,ERR,ERR,ERR,ERR,ERR,ERR,ERR,ERR,ERR,ERR,ERR,ERR,ERR,ERR,ERR,ERR,ERR,ERR,ERR,ERR,ERR,ERR,ERR,ERR,ERR,ERR,ERR,ERR,ERR,ERR,ERR,ERR,ERR,ERR,ERR,ERR,ERR,ERR,ERR,ERR,ERR,ERR,ERR,ERR,ERR,ERR,ERR,ERR,ERR,ERR,ERR,ERR,ERR,0.0,0.0,0.0,0.0,0.0,1.3936040501711995e+18,7.805,0.0,0,0,4,0,7116,0.0,100,0.0,0.0,0.0,0.0,0.0,0,0,0,0,0.0,0,0,0,0,0,0,0,0,0,0,0,0,0,0,0,0,0,0,0,0,0,0,0,0,0,0,0,0,0,0,0,0,0,31,40,40,71,65476,0,300,0,0,8,21553,0.0,-107605600.0,0.0,0.0,0.0,0.0,0.0,0.0,0.0,0.0,0.0,0.0,0.0,0.0,0.0,0.0,0.0,0.0,0.0,0.0,0.0,0.0,-2.004,2.004,-2.004,-2.004,0.0,0.0,0.0,0.0,4493.0,2.4229832928462634e+24,6925.0,0.0,0.0,-0.0,2.718429120148166e+23,0.0,0.0,0.0,0.0,69,-1.905698635870372e+17,-0.0,0.0,0.0,0.0,0.0,0.0,0.0,0.0,0,0,0,0.0,0.0,0.0,0.0,0.0,0.0,0.0,0.0,0.0,0.0,0.0,0.0,0.0,0.0,0.0,0.0,0,-107875648.0,69,0.0,138,0.0,2.6474777903227054e+23,0,0,17086,0,17101,52429,17080,0,0,0,70,68,100,2.7302399002429377e+23,82.1,0.0,78.4,0.0,79.0,1,49,50,180,0,26215,0,0,0.0,0.0,0.0,0.0,-0.0,67.0,0.0,162057.094,0.0,975,0,1002,0,0,0,950,0,1025,0,924,0,790,0,781,0,822,0,7520,0.032,9.511602413006488e+19,0.0,0.0,784,16797,-0.0,162057.094,-114818.039,-0.0,0.133,6.909358625270745e+28,30.0,70.0,35,0.0,0.0,0.0,0.0,0.0,0.0,0.0,0.0,0.0,0.0,0.0,0.0,0.0,0.0,0.0,0.0,66.4,0,150,71,51,65476,0,300,0,0,8,20529,65476,0,0,44564,70.0,0.0,0.0,0.0,0.0,0.0
2026-09-10T21:33:57,ERR,ERR,ERR,ERR,ERR,ERR,ERR,ERR,ERR,ERR,ERR,ERR,ERR,ERR,ERR,ERR,ERR,ERR,ERR,ERR,ERR,ERR,ERR,ERR,ERR,ERR,ERR,ERR,ERR,ERR,ERR,ERR,ERR,ERR,ERR,ERR,ERR,ERR,ERR,ERR,ERR,ERR,ERR,ERR,ERR,ERR,ERR,ERR,ERR,ERR,ERR,ERR,ERR,ERR,ERR,ERR,ERR,ERR,ERR,ERR,ERR,ERR,ERR,ERR,ERR,ERR,ERR,ERR,ERR,ERR,ERR,ERR,ERR,ERR,ERR,ERR,ERR,ERR,ERR,ERR,ERR,ERR,ERR,ERR,ERR,ERR,ERR,ERR,ERR,ERR,ERR,ERR,ERR,ERR,ERR,ERR,ERR,ERR,ERR,ERR,ERR,ERR,ERR,ERR,ERR,ERR,ERR,ERR,ERR,ERR,ERR,ERR,ERR,ERR,ERR,ERR,ERR,ERR,ERR,ERR,ERR,ERR,ERR,ERR,ERR,0.0,0.0,2.6474835549302285e+23,0.0,0.0,1.3936040501711995e+18,7.805,0.0,0,0,4,0,7116,0.0,100,0.0,0.0,0.0,0.0,0.0,0,0,0,0,0.0,0,0,0,0,0,0,0,0,0,0,0,0,0,0,0,0,0,0,0,0,0,0,0,0,0,0,0,0,0,0,0,0,0,31,40,40,71,65476,0,300,0,0,8,21553,0.0,-107605600.0,0.0,0.0,0.0,0.0,0.0,0.0,0.0,0.0,0.0,0.0,0.0,0.0,0.0,0.0,0.0,0.0,0.0,0.0,0.0,0.0,-2.004,2.004,-2.004,-2.004,0.0,0.0,0.0,0.0,4488.0,0.0,6919.0,0.0,0.0,-0.0,2.718429120148166e+23,0.0,0.0,0.0,0.0,69,-89221.141,-0.0,0.0,0.0,0.0,0.0,0.0,0.0,0.0,0,0,0,0.0,0.0,0.0,0.0,0.0,0.0,0.0,0.0,0.0,0.0,0.0,0.0,0.0,0.0,0.0,0.0,0,-107875648.0,69,0.0,138,0.0,2.6474777903227054e+23,0,0,17086,0,17101,52429,17080,0,0,0,70,68,100,2.7302399002429377e+23,82.1,0.0,78.4,0.0,79.0,1,49,50,180,0,26215,0,0,0.0,0.0,0.0,0.0,-0.0,67.0,0.0,162057.094,0.0,975,0,1002,0,0,0,950,0,1025,0,924,0,790,0,781,0,822,0,7520,0.032,9.511602413006488e+19,0.0,0.0,784,16797,-0.0,162057.094,-114818.039,-0.0,0.133,6.909358625270745e+28,30.0,70.0,35,0.0,0.0,0.0,0.0,0.0,0.0,0.0,0.0,0.0,0.0,0.0,0.0,0.0,0.0,0.0,0.0,66.4,0,150,71,51,65476,0,300,0,0,8,20529,65476,0,0,44564,70.0,0.0,0.0,0.0,0.0,0.0
2026-09-10T21:33:58,ERR,ERR,ERR,ERR,ERR,ERR,ERR,ERR,ERR,ERR,ERR,ERR,ERR,ERR,ERR,ERR,ERR,ERR,ERR,ERR,ERR,ERR,ERR,ERR,ERR,ERR,ERR,ERR,ERR,ERR,ERR,ERR,ERR,ERR,ERR,ERR,ERR,ERR,ERR,ERR,ERR,ERR,ERR,ERR,ERR,ERR,ERR,ERR,ERR,ERR,ERR,ERR,ERR,ERR,ERR,ERR,ERR,ERR,ERR,ERR,ERR,ERR,ERR,ERR,ERR,ERR,ERR,ERR,ERR,ERR,ERR,ERR,ERR,ERR,ERR,ERR,ERR,ERR,ERR,ERR,ERR,ERR,ERR,ERR,ERR,ERR,ERR,ERR,ERR,ERR,ERR,ERR,ERR,ERR,ERR,ERR,ERR,ERR,ERR,ERR,ERR,ERR,ERR,ERR,ERR,ERR,ERR,ERR,ERR,ERR,ERR,ERR,ERR,ERR,ERR,ERR,ERR,ERR,ERR,ERR,ERR,ERR,ERR,ERR,ERR,0.0,0.0,2.6474835549302285e+23,0.0,0.0,1.3936040501711995e+18,7.805,0.0,0,0,4,0,7116,0.0,100,0.0,0.0,0.0,0.0,0.0,0,0,0,0,0.0,0,0,0,0,0,0,0,0,0,0,0,0,0,0,0,0,0,0,0,0,0,0,0,0,0,0,0,0,0,0,0,0,0,31,40,40,71,65476,0,300,0,0,8,21553,0.0,-107605600.0,0.0,0.0,0.0,0.0,0.0,0.0,0.0,0.0,0.0,0.0,0.0,0.0,0.0,0.0,0.0,0.0,0.0,0.0,0.0,0.0,-2.004,2.004,-2.004,-2.004,0.0,0.0,0.0,0.0,4488.0,0.0,6919.0,0.0,0.0,-0.0,2.718429120148166e+23,0.0,0.0,0.0,0.0,69,-89221.141,-0.0,0.0,0.0,0.0,0.0,0.0,0.0,0.0,0,0,0,0.0,0.0,0.0,0.0,0.0,0.0,0.0,0.0,0.0,0.0,0.0,0.0,0.0,0.0,0.0,0.0,0,-107875648.0,69,0.0,138,0.0,2.6474777903227054e+23,0,0,17086,0,17101,39322,17080,0,0,0,70,68,100,2.7302399002429377e+23,82.1,0.0,78.0,0.0,78.5,1,49,50,180,0,26215,0,0,0.0,0.0,0.0,0.0,-0.0,67.0,0.0,162057.094,0.0,975,0,1002,0,0,0,950,0,1025,0,923,0,789,0,781,0,822,0,7520,0.032,8.473973058860325e+19,0.0,0.0,784,16797,-0.0,162057.094,-114818.039,-0.0,0.133,6.909358625270745e+28,30.0,70.0,35,0.0,0.0,0.0,0.0,0.0,0.0,0.0,0.0,0.0,0.0,0.0,0.0,0.0,0.0,0.0,0.0,66.4,0,150,71,51,65476,0,300,0,0,8,20529,65476,0,0,44564,70.0,0.0,0.0,0.0,0.0,0.0
2026-09-10T21:33:59,ERR,ERR,ERR,ERR,ERR,ERR,ERR,ERR,ERR,ERR,ERR,ERR,ERR,ERR,ERR,ERR,ERR,ERR,ERR,ERR,ERR,ERR,ERR,ERR,ERR,ERR,ERR,ERR,ERR,ERR,ERR,ERR,ERR,ERR,ERR,ERR,ERR,ERR,ERR,ERR,ERR,ERR,ERR,ERR,ERR,ERR,ERR,ERR,ERR,ERR,ERR,ERR,ERR,ERR,ERR,ERR,ERR,ERR,ERR,ERR,ERR,ERR,ERR,ERR,ERR,ERR,ERR,ERR,ERR,ERR,ERR,ERR,ERR,ERR,ERR,ERR,ERR,ERR,ERR,ERR,ERR,ERR,ERR,ERR,ERR,ERR,ERR,ERR,ERR,ERR,ERR,ERR,ERR,ERR,ERR,ERR,ERR,ERR,ERR,ERR,ERR,ERR,ERR,ERR,ERR,ERR,ERR,ERR,ERR,ERR,ERR,ERR,ERR,ERR,ERR,ERR,ERR,ERR,ERR,ERR,ERR,ERR,ERR,ERR,ERR,0.0,0.0,2.6474835549302285e+23,0.0,0.0,1.3936040501711995e+18,7.805,0.0,0,0,4,0,7116,0.0,100,0.0,0.0,0.0,0.0,0.0,0,0,0,0,0.0,0,0,0,0,0,0,0,0,0,0,0,0,0,0,0,0,0,0,0,0,0,0,0,0,0,0,0,0,0,0,0,0,0,31,40,40,71,65476,0,300,0,0,8,21553,0.0,-107605600.0,0.0,0.0,0.0,0.0,0.0,0.0,0.0,0.0,0.0,0.0,0.0,0.0,0.0,0.0,0.0,0.0,0.0,0.0,0.0,0.0,-2.004,2.004,-2.004,-2.004,0.0,0.0,0.0,0.0,4488.0,0.0,6919.0,0.0,0.0,-0.0,2.718429120148166e+23,0.0,0.0,0.0,0.0,69,-89221.141,-0.0,0.0,0.0,0.0,0.0,0.0,0.0,0.0,0,0,0,0.0,0.0,0.0,0.0,0.0,0.0,0.0,0.0,0.0,0.0,0.0,0.0,0.0,0.0,0.0,0.0,0,-107875648.0,69,0.0,138,0.0,2.6474777903227054e+23,0,0,17086,0,17101,39322,17080,0,0,0,70,68,100,2.7302399002429377e+23,82.1,0.0,78.0,0.0,78.5,1,49,50,180,0,26215,0,0,0.0,0.0,0.0,0.0,-0.0,67.0,0.0,162057.094,0.0,975,0,1002,0,0,0,950,0,1025,0,923,0,789,0,781,0,822,0,7520,0.032,8.473973058860325e+19,0.0,0.0,784,16797,-0.0,162057.094,-114818.039,-0.0,0.133,6.909358625270745e+28,30.0,70.0,35,0.0,0.0,0.0,0.0,0.0,0.0,0.0,0.0,0.0,0.0,0.0,0.0,0.0,0.0,0.0,0.0,66.8,0,150,71,51,65476,0,300,0,0,8,20529,65476,0,0,44564,70.0,0.0,0.0,0.0,0.0,0.0
2026-09-10T21:34:00,ERR,ERR,ERR,ERR,ERR,ERR,ERR,ERR,ERR,ERR,ERR,ERR,ERR,ERR,ERR,ERR,ERR,ERR,ERR,ERR,ERR,ERR,ERR,ERR,ERR,ERR,ERR,ERR,ERR,ERR,ERR,ERR,ERR,ERR,ERR,ERR,ERR,ERR,ERR,ERR,ERR,ERR,ERR,ERR,ERR,ERR,ERR,ERR,ERR,ERR,ERR,ERR,ERR,ERR,ERR,ERR,ERR,ERR,ERR,ERR,ERR,ERR,ERR,ERR,ERR,ERR,ERR,ERR,ERR,ERR,ERR,ERR,ERR,ERR,ERR,ERR,ERR,ERR,ERR,ERR,ERR,ERR,ERR,ERR,ERR,ERR,ERR,ERR,ERR,ERR,ERR,ERR,ERR,ERR,ERR,ERR,ERR,ERR,ERR,ERR,ERR,ERR,ERR,ERR,ERR,ERR,ERR,ERR,ERR,ERR,ERR,ERR,ERR,ERR,ERR,ERR,ERR,ERR,ERR,ERR,ERR,ERR,ERR,ERR,ERR,0.0,0.0,2.6474835549302285e+23,0.0,0.0,1.3936040501711995e+18,7.805,0.0,0,0,4,0,7116,0.0,100,0.0,0.0,0.0,0.0,0.0,0,0,0,0,0.0,0,0,0,0,0,0,0,0,0,0,0,0,0,0,0,0,0,0,0,0,0,0,0,0,0,0,0,0,0,0,0,0,0,31,40,40,71,65476,0,300,0,0,8,21553,0.0,-107605600.0,0.0,0.0,0.0,0.0,0.0,0.0,0.0,0.0,0.0,0.0,0.0,0.0,0.0,0.0,0.0,0.0,0.0,0.0,0.0,0.0,-2.004,2.004,-2.004,-2.004,0.0,0.0,0.0,0.0,4488.0,0.0,6919.0,0.0,0.0,-0.0,2.718429120148166e+23,0.0,0.0,0.0,0.0,69,-89221.141,-0.0,0.0,0.0,0.0,0.0,0.0,0.0,0.0,0,0,0,0.0,0.0,0.0,0.0,0.0,0.0,0.0,0.0,0.0,0.0,0.0,0.0,0.0,0.0,0.0,0.0,0,-107875648.0,69,0.0,138,0.0,2.6474777903227054e+23,0,0,17086,0,17101,39322,17080,0,0,0,70,68,100,2.7302399002429377e+23,82.1,0.0,78.0,0.0,78.5,1,49,50,180,0,26215,0,0,0.0,0.0,0.0,0.0,-0.0,67.0,0.0,162057.094,0.0,975,0,1002,0,0,0,950,0,1025,0,923,0,789,0,781,0,822,0,7520,0.032,8.473973058860325e+19,0.0,0.0,784,16797,-0.0,162057.094,-114818.039,-0.0,0.133,6.909358625270745e+28,30.0,70.0,35,0.0,0.0,0.0,0.0,0.0,0.0,0.0,0.0,0.0,0.0,0.0,0.0,0.0,0.0,0.0,0.0,66.8,0,150,71,51,65476,0,300,0,0,8,20529,65476,0,0,44564,70.0,0.0,0.0,0.0,0.0,0.0
2026-09-10T21:34:01,ERR,ERR,ERR,ERR,ERR,ERR,ERR,ERR,ERR,ERR,ERR,ERR,ERR,ERR,ERR,ERR,ERR,ERR,ERR,ERR,ERR,ERR,ERR,ERR,ERR,ERR,ERR,ERR,ERR,ERR,ERR,ERR,ERR,ERR,ERR,ERR,ERR,ERR,ERR,ERR,ERR,ERR,ERR,ERR,ERR,ERR,ERR,ERR,ERR,ERR,ERR,ERR,ERR,ERR,ERR,ERR,ERR,ERR,ERR,ERR,ERR,ERR,ERR,ERR,ERR,ERR,ERR,ERR,ERR,ERR,ERR,ERR,ERR,ERR,ERR,ERR,ERR,ERR,ERR,ERR,ERR,ERR,ERR,ERR,ERR,ERR,ERR,ERR,ERR,ERR,ERR,ERR,ERR,ERR,ERR,ERR,ERR,ERR,ERR,ERR,ERR,ERR,ERR,ERR,ERR,ERR,ERR,ERR,ERR,ERR,ERR,ERR,ERR,ERR,ERR,ERR,ERR,ERR,ERR,ERR,ERR,ERR,ERR,ERR,ERR,0.0,0.0,2.6474835549302285e+23,0.0,0.0,1.3936040501711995e+18,7.805,0.0,0,0,4,0,7116,0.0,100,0.0,0.0,0.0,0.0,0.0,0,0,0,0,0.0,0,0,0,0,0,0,0,0,0,0,0,0,0,0,0,0,0,0,0,0,0,0,0,0,0,0,0,0,0,0,0,0,0,31,40,40,71,65476,0,300,0,0,8,21553,0.0,-107605600.0,0.0,0.0,0.0,0.0,0.0,0.0,0.0,0.0,0.0,0.0,0.0,0.0,0.0,0.0,0.0,0.0,0.0,0.0,0.0,0.0,-2.004,2.004,-2.004,-2.004,0.0,0.0,0.0,0.0,4488.0,0.0,6919.0,0.0,0.0,-0.0,2.718429120148166e+23,0.0,0.0,0.0,0.0,69,-89221.141,-0.0,0.0,0.0,0.0,0.0,0.0,0.0,0.0,0,0,0,0.0,0.0,0.0,0.0,0.0,0.0,0.0,0.0,0.0,0.0,0.0,0.0,0.0,0.0,0.0,0.0,0,-107875648.0,69,0.0,138,0.0,2.6474777903227054e+23,0,0,17086,0,17101,39322,17080,0,0,0,70,68,100,2.7302399002429377e+23,82.1,0.0,78.0,0.0,78.5,1,49,50,180,0,26215,0,0,0.0,0.0,0.0,0.0,-0.0,67.0,0.0,162057.094,0.0,975,0,1002,0,0,0,950,0,1025,0,923,0,789,0,781,0,822,0,7520,0.032,8.473973058860325e+19,0.0,0.0,784,16797,-0.0,162057.094,-114818.039,-0.0,0.133,6.909358625270745e+28,30.0,70.0,35,0.0,0.0,0.0,0.0,0.0,0.0,0.0,0.0,0.0,0.0,0.0,0.0,0.0,0.0,0.0,0.0,66.4,0,150,71,51,65476,0,300,0,0,8,20529,65476,0,0,44564,70.0,0.0,0.0,0.0,0.0,0.0
2026-09-10T21:34:02,ERR,ERR,ERR,ERR,ERR,ERR,ERR,ERR,ERR,ERR,ERR,ERR,ERR,ERR,ERR,ERR,ERR,ERR,ERR,ERR,ERR,ERR,ERR,ERR,ERR,ERR,ERR,ERR,ERR,ERR,ERR,ERR,ERR,ERR,ERR,ERR,ERR,ERR,ERR,ERR,ERR,ERR,ERR,ERR,ERR,ERR,ERR,ERR,ERR,ERR,ERR,ERR,ERR,ERR,ERR,ERR,ERR,ERR,ERR,ERR,ERR,ERR,ERR,ERR,ERR,ERR,ERR,ERR,ERR,ERR,ERR,ERR,ERR,ERR,ERR,ERR,ERR,ERR,ERR,ERR,ERR,ERR,ERR,ERR,ERR,ERR,ERR,ERR,ERR,ERR,ERR,ERR,ERR,ERR,ERR,ERR,ERR,ERR,ERR,ERR,ERR,ERR,ERR,ERR,ERR,ERR,ERR,ERR,ERR,ERR,ERR,ERR,ERR,ERR,ERR,ERR,ERR,ERR,ERR,ERR,ERR,ERR,ERR,ERR,ERR,0.0,0.0,2.6474835549302285e+23,0.0,0.0,1.3936040501711995e+18,7.805,0.0,0,0,4,0,7116,0.0,100,0.0,0.0,0.0,0.0,0.0,0,0,0,0,0.0,0,0,0,0,0,0,0,0,0,0,0,0,0,0,0,0,0,0,0,0,0,0,0,0,0,0,0,0,0,0,0,0,0,31,40,40,71,65476,0,300,0,0,8,21553,0.0,-107605600.0,0.0,0.0,0.0,0.0,0.0,0.0,0.0,0.0,0.0,0.0,0.0,0.0,0.0,0.0,0.0,0.0,0.0,0.0,0.0,0.0,-2.004,2.004,-2.004,-2.004,0.0,0.0,0.0,0.0,4488.0,0.0,6919.0,0.0,0.0,-0.0,2.718429120148166e+23,0.0,0.0,0.0,0.0,69,-89221.141,-0.0,0.0,0.0,0.0,0.0,0.0,0.0,0.0,0,0,0,0.0,0.0,0.0,0.0,0.0,0.0,0.0,0.0,0.0,0.0,0.0,0.0,0.0,0.0,0.0,0.0,0,-107875648.0,69,0.0,138,0.0,2.6474777903227054e+23,0,0,17086,0,17101,39322,17080,0,0,0,70,68,100,2.7302399002429377e+23,82.1,0.0,78.0,0.0,78.5,1,49,50,180,0,26215,0,0,0.0,0.0,0.0,0.0,-0.0,67.0,0.0,162057.094,0.0,975,0,1002,0,0,0,950,0,1025,0,923,0,789,0,781,0,822,0,7520,0.032,8.473973058860325e+19,0.0,0.0,784,16797,-0.0,162057.094,-114818.039,-0.0,0.133,6.909358625270745e+28,30.0,70.0,35,0.0,0.0,0.0,0.0,0.0,0.0,0.0,0.0,0.0,0.0,0.0,0.0,0.0,0.0,0.0,0.0,66.4,0,150,71,51,65476,0,300,0,0,8,20529,65476,0,0,44564,70.0,0.0,0.0,0.0,0.0,0.0
2026-09-10T21:34:03,ERR,ERR,ERR,ERR,ERR,ERR,ERR,ERR,ERR,ERR,ERR,ERR,ERR,ERR,ERR,ERR,ERR,ERR,ERR,ERR,ERR,ERR,ERR,ERR,ERR,ERR,ERR,ERR,ERR,ERR,ERR,ERR,ERR,ERR,ERR,ERR,ERR,ERR,ERR,ERR,ERR,ERR,ERR,ERR,ERR,ERR,ERR,ERR,ERR,ERR,ERR,ERR,ERR,ERR,ERR,ERR,ERR,ERR,ERR,ERR,ERR,ERR,ERR,ERR,ERR,ERR,ERR,ERR,ERR,ERR,ERR,ERR,ERR,ERR,ERR,ERR,ERR,ERR,ERR,ERR,ERR,ERR,ERR,ERR,ERR,ERR,ERR,ERR,ERR,ERR,ERR,ERR,ERR,ERR,ERR,ERR,ERR,ERR,ERR,ERR,ERR,ERR,ERR,ERR,ERR,ERR,ERR,ERR,ERR,ERR,ERR,ERR,ERR,ERR,ERR,ERR,ERR,ERR,ERR,ERR,ERR,ERR,ERR,ERR,ERR,0.0,0.0,2.6474835549302285e+23,0.0,0.0,1.3936040501711995e+18,7.805,0.0,0,0,4,0,7116,0.0,100,0.0,0.0,0.0,0.0,0.0,0,0,0,0,0.0,0,0,0,0,0,0,0,0,0,0,0,0,0,0,0,0,0,0,0,0,0,0,0,0,0,0,0,0,0,0,0,0,0,31,40,40,71,65476,0,300,0,0,8,21553,0.0,-107605600.0,0.0,0.0,0.0,0.0,0.0,0.0,0.0,0.0,0.0,0.0,0.0,0.0,0.0,0.0,0.0,0.0,0.0,0.0,0.0,0.0,-2.004,2.004,-2.004,-2.004,0.0,0.0,0.0,0.0,4488.0,0.0,6919.0,0.0,0.0,-0.0,2.718429120148166e+23,0.0,0.0,0.0,0.0,69,-89221.141,-0.0,0.0,0.0,0.0,0.0,0.0,0.0,0.0,0,0,0,0.0,0.0,0.0,0.0,0.0,0.0,0.0,0.0,0.0,0.0,0.0,0.0,0.0,0.0,0.0,0.0,0,-107875648.0,69,0.0,138,0.0,2.6474777903227054e+23,0,0,17086,0,17101,39322,17080,0,0,0,70,68,100,2.7302399002429377e+23,82.1,0.0,78.0,0.0,79.0,1,49,50,180,0,26215,0,0,0.0,0.0,0.0,0.0,-0.0,67.0,0.0,162057.094,0.0,975,0,1001,0,0,0,950,0,1025,0,923,0,789,0,781,0,822,0,7520,0.032,7.234582441407965e+19,0.0,0.0,784,16797,-0.0,162057.094,-114818.039,-0.0,0.133,6.909358625270745e+28,30.0,70.0,35,0.0,0.0,0.0,0.0,0.0,0.0,0.0,0.0,0.0,0.0,0.0,0.0,0.0,0.0,0.0,0.0,66.4,0,150,71,51,65476,0,300,0,0,8,20529,65476,0,0,44564,70.0,0.0,0.0,0.0,0.0,0.0
2026-09-10T21:34:04,ERR,ERR,ERR,ERR,ERR,ERR,ERR,ERR,ERR,ERR,ERR,ERR,ERR,ERR,ERR,ERR,ERR,ERR,ERR,ERR,ERR,ERR,ERR,ERR,ERR,ERR,ERR,ERR,ERR,ERR,ERR,ERR,ERR,ERR,ERR,ERR,ERR,ERR,ERR,ERR,ERR,ERR,ERR,ERR,ERR,ERR,ERR,ERR,ERR,ERR,ERR,ERR,ERR,ERR,ERR,ERR,ERR,ERR,ERR,ERR,ERR,ERR,ERR,ERR,ERR,ERR,ERR,ERR,ERR,ERR,ERR,ERR,ERR,ERR,ERR,ERR,ERR,ERR,ERR,ERR,ERR,ERR,ERR,ERR,ERR,ERR,ERR,ERR,ERR,ERR,ERR,ERR,ERR,ERR,ERR,ERR,ERR,ERR,ERR,ERR,ERR,ERR,ERR,ERR,ERR,ERR,ERR,ERR,ERR,ERR,ERR,ERR,ERR,ERR,ERR,ERR,ERR,ERR,ERR,ERR,ERR,ERR,ERR,ERR,ERR,0.0,0.0,2.6474835549302285e+23,0.0,0.0,1.3936040501711995e+18,7.805,0.0,0,0,4,0,7116,0.0,100,0.0,0.0,0.0,0.0,0.0,0,0,0,0,0.0,0,0,0,0,0,0,0,0,0,0,0,0,0,0,0,0,0,0,0,0,0,0,0,0,0,0,0,0,0,0,0,0,0,31,40,40,71,65476,0,300,0,0,8,21553,0.0,-107605600.0,0.0,0.0,0.0,0.0,0.0,0.0,0.0,0.0,0.0,0.0,0.0,0.0,0.0,0.0,0.0,0.0,0.0,0.0,0.0,0.0,-2.004,2.004,-2.004,0.0,0.0,0.0,0.0,0.0,4496.0,564144759635968.0,6924.0,0.0,0.0,-0.0,-0.0,0.0,0.0,0.0,0.0,69,-2.718430741444032e+23,-0.0,0.0,0.0,0.0,0.0,0.0,0.0,0.0,0,0,0,0.0,0.0,0.0,0.0,0.0,0.0,0.0,0.0,0.0,0.0,0.0,0.0,0.0,0.0,0.0,0.0,0,-107875648.0,69,0.0,138,0.0,2.6474777903227054e+23,0,0,17086,0,17101,39322,17080,0,0,0,70,68,100,2.7302399002429377e+23,82.1,0.0,78.0,0.0,79.0,1,49,50,180,0,26215,0,0,0.0,0.0,0.0,0.0,-0.0,67.0,0.0,162057.094,0.0,975,0,1001,0,0,0,950,0,1025,0,923,0,789,0,781,0,822,0,7520,0.032,7.234582441407965e+19,0.0,0.0,784,16797,-0.0,162057.094,-114818.039,-0.0,0.133,6.909358625270745e+28,30.0,70.0,35,0.0,0.0,0.0,0.0,0.0,0.0,0.0,0.0,0.0,0.0,0.0,0.0,0.0,0.0,0.0,0.0,66.4,0,150,71,51,65476,0,300,0,0,8,20529,65476,0,0,44564,70.0,0.0,0.0,0.0,0.0,0.0
2026-09-10T21:34:05,ERR,ERR,ERR,ERR,ERR,ERR,ERR,ERR,ERR,ERR,ERR,ERR,ERR,ERR,ERR,ERR,ERR,ERR,ERR,ERR,ERR,ERR,ERR,ERR,ERR,ERR,ERR,ERR,ERR,ERR,ERR,ERR,ERR,ERR,ERR,ERR,ERR,ERR,ERR,ERR,ERR,ERR,ERR,ERR,ERR,ERR,ERR,ERR,ERR,ERR,ERR,ERR,ERR,ERR,ERR,ERR,ERR,ERR,ERR,ERR,ERR,ERR,ERR,ERR,ERR,ERR,ERR,ERR,ERR,ERR,ERR,ERR,ERR,ERR,ERR,ERR,ERR,ERR,ERR,ERR,ERR,ERR,ERR,ERR,ERR,ERR,ERR,ERR,ERR,ERR,ERR,ERR,ERR,ERR,ERR,ERR,ERR,ERR,ERR,ERR,ERR,ERR,ERR,ERR,ERR,ERR,ERR,ERR,ERR,ERR,ERR,ERR,ERR,ERR,ERR,ERR,ERR,ERR,ERR,ERR,ERR,ERR,ERR,ERR,ERR,0.0,0.0,2.6474835549302285e+23,0.0,0.0,1.3936040501711995e+18,7.805,0.0,0,0,4,0,7116,0.0,100,0.0,0.0,0.0,0.0,0.0,0,0,0,0,0.0,0,0,0,0,0,0,0,0,0,0,0,0,0,0,0,0,0,0,0,0,0,0,0,0,0,0,0,0,0,0,0,0,0,31,40,40,71,65476,0,300,0,0,8,21553,0.0,-107605600.0,0.0,0.0,0.0,0.0,0.0,0.0,0.0,0.0,0.0,0.0,0.0,0.0,0.0,0.0,0.0,0.0,0.0,0.0,0.0,0.0,-2.004,2.004,-2.004,0.0,0.0,0.0,0.0,0.0,4496.0,564144759635968.0,6924.0,0.0,0.0,-0.0,-0.0,0.0,0.0,0.0,0.0,69,-2.718430741444032e+23,-0.0,0.0,0.0,0.0,0.0,0.0,0.0,0.0,0,0,0,0.0,0.0,0.0,0.0,0.0,0.0,0.0,0.0,0.0,0.0,0.0,0.0,0.0,0.0,0.0,0.0,0,-107875648.0,69,0.0,138,0.0,2.6474777903227054e+23,0,0,17086,0,17101,39322,17080,0,0,0,70,68,100,2.7302399002429377e+23,82.1,0.0,78.0,0.0,79.0,1,49,50,180,0,26215,0,0,0.0,0.0,0.0,0.0,-0.0,67.0,0.0,162057.094,0.0,975,0,1001,0,0,0,950,0,1025,0,923,0,789,0,781,0,822,0,7520,0.032,7.234582441407965e+19,0.0,0.0,784,16797,-0.0,162057.094,-114818.039,-0.0,0.133,6.909358625270745e+28,30.0,70.0,35,0.0,0.0,0.0,0.0,0.0,0.0,0.0,0.0,0.0,0.0,0.0,0.0,0.0,0.0,0.0,0.0,66.4,0,150,71,51,65476,0,300,0,0,8,20529,65476,0,0,44564,70.0,0.0,0.0,0.0,0.0,0.0
2026-09-10T21:34:06,ERR,ERR,ERR,ERR,ERR,ERR,ERR,ERR,ERR,ERR,ERR,ERR,ERR,ERR,ERR,ERR,ERR,ERR,ERR,ERR,ERR,ERR,ERR,ERR,ERR,ERR,ERR,ERR,ERR,ERR,ERR,ERR,ERR,ERR,ERR,ERR,ERR,ERR,ERR,ERR,ERR,ERR,ERR,ERR,ERR,ERR,ERR,ERR,ERR,ERR,ERR,ERR,ERR,ERR,ERR,ERR,ERR,ERR,ERR,ERR,ERR,ERR,ERR,ERR,ERR,ERR,ERR,ERR,ERR,ERR,ERR,ERR,ERR,ERR,ERR,ERR,ERR,ERR,ERR,ERR,ERR,ERR,ERR,ERR,ERR,ERR,ERR,ERR,ERR,ERR,ERR,ERR,ERR,ERR,ERR,ERR,ERR,ERR,ERR,ERR,ERR,ERR,ERR,ERR,ERR,ERR,ERR,ERR,ERR,ERR,ERR,ERR,ERR,ERR,ERR,ERR,ERR,ERR,ERR,ERR,ERR,ERR,ERR,ERR,ERR,0.0,0.0,2.6474835549302285e+23,0.0,0.0,1.3936040501711995e+18,7.805,0.0,0,0,4,0,7116,0.0,100,0.0,0.0,0.0,0.0,0.0,0,0,0,0,0.0,0,0,0,0,0,0,0,0,0,0,0,0,0,0,0,0,0,0,0,0,0,0,0,0,0,0,0,0,0,0,0,0,0,31,40,40,71,65476,0,300,0,0,8,21553,0.0,-107605600.0,0.0,0.0,0.0,0.0,0.0,0.0,0.0,0.0,0.0,0.0,0.0,0.0,0.0,0.0,0.0,0.0,0.0,0.0,0.0,0.0,-2.004,2.004,-2.004,0.0,0.0,0.0,0.0,0.0,4496.0,564144759635968.0,6924.0,0.0,0.0,-0.0,-0.0,0.0,0.0,0.0,0.0,69,-2.718430741444032e+23,-0.0,0.0,0.0,0.0,0.0,0.0,0.0,0.0,0,0,0,0.0,0.0,0.0,0.0,0.0,0.0,0.0,0.0,0.0,0.0,0.0,0.0,0.0,0.0,0.0,0.0,0,-107875648.0,69,0.0,138,0.0,2.6474777903227054e+23,0,0,17086,0,17101,39322,17080,0,0,0,70,68,100,2.7302399002429377e+23,82.1,0.0,78.0,0.0,79.0,1,49,50,180,0,26215,0,0,0.0,0.0,0.0,0.0,-0.0,67.0,0.0,162057.094,0.0,975,0,1001,0,0,0,950,0,1025,0,923,0,789,0,781,0,822,0,7520,0.032,7.234582441407965e+19,0.0,0.0,784,16797,-0.0,162057.094,-114818.039,-0.0,0.133,6.909358625270745e+28,30.0,70.0,35,0.0,0.0,0.0,0.0,0.0,0.0,0.0,0.0,0.0,0.0,0.0,0.0,0.0,0.0,0.0,0.0,66.4,0,150,71,51,65476,0,300,0,0,8,20529,65476,0,0,44564,70.0,0.0,0.0,0.0,0.0,0.0
2026-09-10T21:34:07,ERR,ERR,ERR,ERR,ERR,ERR,ERR,ERR,ERR,ERR,ERR,ERR,ERR,ERR,ERR,ERR,ERR,ERR,ERR,ERR,ERR,ERR,ERR,ERR,ERR,ERR,ERR,ERR,ERR,ERR,ERR,ERR,ERR,ERR,ERR,ERR,ERR,ERR,ERR,ERR,ERR,ERR,ERR,ERR,ERR,ERR,ERR,ERR,ERR,ERR,ERR,ERR,ERR,ERR,ERR,ERR,ERR,ERR,ERR,ERR,ERR,ERR,ERR,ERR,ERR,ERR,ERR,ERR,ERR,ERR,ERR,ERR,ERR,ERR,ERR,ERR,ERR,ERR,ERR,ERR,ERR,ERR,ERR,ERR,ERR,ERR,ERR,ERR,ERR,ERR,ERR,ERR,ERR,ERR,ERR,ERR,ERR,ERR,ERR,ERR,ERR,ERR,ERR,ERR,ERR,ERR,ERR,ERR,ERR,ERR,ERR,ERR,ERR,ERR,ERR,ERR,ERR,ERR,ERR,ERR,ERR,ERR,ERR,ERR,ERR,0.0,0.0,2.6474835549302285e+23,0.0,0.0,1.3936040501711995e+18,7.805,0.0,0,0,4,0,7116,0.0,100,0.0,0.0,0.0,0.0,0.0,0,0,0,0,0.0,0,0,0,0,0,0,0,0,0,0,0,0,0,0,0,0,0,0,0,0,0,0,0,0,0,0,0,0,0,0,0,0,0,31,40,40,71,65476,0,300,0,0,8,21553,0.0,-107605600.0,0.0,0.0,0.0,0.0,0.0,0.0,0.0,0.0,0.0,0.0,0.0,0.0,0.0,0.0,0.0,0.0,0.0,0.0,0.0,0.0,-2.004,2.004,-2.004,0.0,0.0,0.0,0.0,0.0,4496.0,564144759635968.0,6924.0,0.0,0.0,-0.0,-0.0,0.0,0.0,0.0,0.0,69,-2.718430741444032e+23,-0.0,0.0,0.0,0.0,0.0,0.0,0.0,0.0,0,0,0,0.0,0.0,0.0,0.0,0.0,0.0,0.0,0.0,0.0,0.0,0.0,0.0,0.0,0.0,0.0,0.0,0,-107875648.0,69,0.0,138,0.0,2.6474777903227054e+23,0,0,17086,0,17101,39322,17080,0,0,0,70,68,100,2.7302399002429377e+23,82.1,0.0,78.0,0.0,79.0,1,49,50,180,0,26215,0,0,0.0,0.0,0.0,0.0,-0.0,67.0,0.0,162057.094,0.0,975,0,1001,0,0,0,950,0,1025,0,923,0,789,0,781,0,822,0,7520,0.032,7.234582441407965e+19,0.0,0.0,784,16797,-0.0,162057.094,-114818.039,-0.0,0.133,6.909358625270745e+28,30.0,70.0,35,0.0,0.0,0.0,0.0,0.0,0.0,0.0,0.0,0.0,0.0,0.0,0.0,0.0,0.0,0.0,0.0,66.4,0,150,71,51,65476,0,300,0,0,8,20529,65476,0,0,44564,70.0,0.0,0.0,0.0,0.0,0.0
2026-09-10T21:34:08,ERR,ERR,ERR,ERR,ERR,ERR,ERR,ERR,ERR,ERR,ERR,ERR,ERR,ERR,ERR,ERR,ERR,ERR,ERR,ERR,ERR,ERR,ERR,ERR,ERR,ERR,ERR,ERR,ERR,ERR,ERR,ERR,ERR,ERR,ERR,ERR,ERR,ERR,ERR,ERR,ERR,ERR,ERR,ERR,ERR,ERR,ERR,ERR,ERR,ERR,ERR,ERR,ERR,ERR,ERR,ERR,ERR,ERR,ERR,ERR,ERR,ERR,ERR,ERR,ERR,ERR,ERR,ERR,ERR,ERR,ERR,ERR,ERR,ERR,ERR,ERR,ERR,ERR,ERR,ERR,ERR,ERR,ERR,ERR,ERR,ERR,ERR,ERR,ERR,ERR,ERR,ERR,ERR,ERR,ERR,ERR,ERR,ERR,ERR,ERR,ERR,ERR,ERR,ERR,ERR,ERR,ERR,ERR,ERR,ERR,ERR,ERR,ERR,ERR,ERR,ERR,ERR,ERR,ERR,ERR,ERR,ERR,ERR,ERR,ERR,0.0,0.0,2.6474835549302285e+23,0.0,0.0,1.3936040501711995e+18,7.805,0.0,0,0,4,0,7116,0.0,100,0.0,0.0,0.0,0.0,0.0,0,0,0,0,0.0,0,0,0,0,0,0,0,0,0,0,0,0,0,0,0,0,0,0,0,0,0,0,0,0,0,0,0,0,0,0,0,0,0,31,40,40,71,65476,0,300,0,0,8,21553,0.0,-107605600.0,0.0,0.0,0.0,0.0,0.0,0.0,0.0,0.0,0.0,0.0,0.0,0.0,0.0,0.0,0.0,0.0,0.0,0.0,0.0,0.0,-2.004,2.004,-2.004,0.0,0.0,0.0,0.0,0.0,4496.0,564144759635968.0,6924.0,0.0,0.0,-0.0,-0.0,0.0,0.0,0.0,0.0,69,-2.718430741444032e+23,-0.0,0.0,0.0,0.0,0.0,0.0,0.0,0.0,0,0,0,0.0,0.0,0.0,0.0,0.0,0.0,0.0,0.0,0.0,0.0,0.0,0.0,0.0,0.0,0.0,0.0,0,-107875648.0,69,0.0,138,0.0,2.6474777903227054e+23,0,0,17086,0,17101,39322,17080,0,0,0,70,68,100,2.7302399002429377e+23,82.1,0.0,78.0,0.0,79.0,1,49,50,180,0,26215,0,0,0.0,0.0,0.0,0.0,-0.0,67.0,0.0,162057.094,0.0,975,0,1001,0,0,0,950,0,1025,0,923,0,789,0,781,0,822,0,7520,0.032,7.234582441407965e+19,0.0,0.0,784,16797,-0.0,162057.094,-114818.039,-0.0,0.133,6.909358625270745e+28,30.0,70.0,35,0.0,0.0,0.0,0.0,0.0,0.0,0.0,0.0,0.0,0.0,0.0,0.0,0.0,0.0,0.0,0.0,66.4,0,150,71,51,65476,0,300,0,0,8,20529,65476,0,0,44564,70.0,0.0,0.0,0.0,0.0,0.0
2026-09-10T21:34:09,ERR,ERR,ERR,ERR,ERR,ERR,ERR,ERR,ERR,ERR,ERR,ERR,ERR,ERR,ERR,ERR,ERR,ERR,ERR,ERR,ERR,ERR,ERR,ERR,ERR,ERR,ERR,ERR,ERR,ERR,ERR,ERR,ERR,ERR,ERR,ERR,ERR,ERR,ERR,ERR,ERR,ERR,ERR,ERR,ERR,ERR,ERR,ERR,ERR,ERR,ERR,ERR,ERR,ERR,ERR,ERR,ERR,ERR,ERR,ERR,ERR,ERR,ERR,ERR,ERR,ERR,ERR,ERR,ERR,ERR,ERR,ERR,ERR,ERR,ERR,ERR,ERR,ERR,ERR,ERR,ERR,ERR,ERR,ERR,ERR,ERR,ERR,ERR,ERR,ERR,ERR,ERR,ERR,ERR,ERR,ERR,ERR,ERR,ERR,ERR,ERR,ERR,ERR,ERR,ERR,ERR,ERR,ERR,ERR,ERR,ERR,ERR,ERR,ERR,ERR,ERR,ERR,ERR,ERR,ERR,ERR,ERR,ERR,ERR,ERR,0.0,0.0,2.6474835549302285e+23,0.0,0.0,1.3936040501711995e+18,7.805,0.0,0,0,4,0,7116,0.0,100,0.0,0.0,0.0,0.0,0.0,0,0,0,0,0.0,0,0,0,0,0,0,0,0,0,0,0,0,0,0,0,0,0,0,0,0,0,0,0,0,0,0,0,0,0,0,0,0,0,31,40,40,71,65476,0,300,0,0,8,21553,0.0,-107605600.0,0.0,0.0,0.0,0.0,0.0,0.0,0.0,0.0,0.0,0.0,0.0,0.0,0.0,0.0,0.0,0.0,0.0,0.0,0.0,0.0,-2.004,2.004,-2.004,0.0,0.0,0.0,0.0,0.0,4496.0,564144759635968.0,6924.0,0.0,0.0,-0.0,-0.0,0.0,0.0,0.0,0.0,69,-2.718430741444032e+23,-0.0,0.0,0.0,0.0,0.0,0.0,0.0,0.0,0,0,0,0.0,0.0,0.0,0.0,0.0,0.0,0.0,0.0,0.0,0.0,0.0,0.0,0.0,0.0,0.0,0.0,0,-107875648.0,69,0.0,138,0.0,2.6474777903227054e+23,0,0,17086,0,17101,26215,17080,0,0,0,70,68,100,2.7302399002429377e+23,82.1,0.0,78.0,0.0,78.5,1,49,50,180,0,26215,0,0,0.0,0.0,0.0,0.0,-0.0,67.0,0.0,162057.094,0.0,975,0,1001,0,0,0,950,0,1025,0,922,0,789,0,781,0,822,0,7520,0.032,7.061644215716938e+19,0.0,0.0,784,16797,-0.0,162057.094,-114818.039,-0.0,0.133,6.909358625270745e+28,30.0,70.0,35,0.0,0.0,0.0,0.0,0.0,0.0,0.0,0.0,0.0,0.0,0.0,0.0,0.0,0.0,0.0,0.0,66.4,0,150,71,51,65476,0,300,0,0,8,20529,65476,0,0,44564,70.0,0.0,0.0,0.0,0.0,0.0
2026-09-10T21:34:10,ERR,ERR,ERR,ERR,ERR,ERR,ERR,ERR,ERR,ERR,ERR,ERR,ERR,ERR,ERR,ERR,ERR,ERR,ERR,ERR,ERR,ERR,ERR,ERR,ERR,ERR,ERR,ERR,ERR,ERR,ERR,ERR,ERR,ERR,ERR,ERR,ERR,ERR,ERR,ERR,ERR,ERR,ERR,ERR,ERR,ERR,ERR,ERR,ERR,ERR,ERR,ERR,ERR,ERR,ERR,ERR,ERR,ERR,ERR,ERR,ERR,ERR,ERR,ERR,ERR,ERR,ERR,ERR,ERR,ERR,ERR,ERR,ERR,ERR,ERR,ERR,ERR,ERR,ERR,ERR,ERR,ERR,ERR,ERR,ERR,ERR,ERR,ERR,ERR,ERR,ERR,ERR,ERR,ERR,ERR,ERR,ERR,ERR,ERR,ERR,ERR,ERR,ERR,ERR,ERR,ERR,ERR,ERR,ERR,ERR,ERR,ERR,ERR,ERR,ERR,ERR,ERR,ERR,ERR,ERR,ERR,ERR,ERR,ERR,ERR,0.0,0.0,2.6474835549302285e+23,0.0,0.0,1.3936040501711995e+18,7.805,0.0,0,0,4,0,7116,0.0,100,0.0,0.0,0.0,0.0,0.0,0,0,0,0,0.0,0,0,0,0,0,0,0,0,0,0,0,0,0,0,0,0,0,0,0,0,0,0,0,0,0,0,0,0,0,0,0,0,0,31,40,40,71,65476,0,300,0,0,8,21553,0.0,-107605600.0,0.0,0.0,0.0,0.0,0.0,0.0,0.0,0.0,0.0,0.0,0.0,0.0,0.0,0.0,0.0,0.0,0.0,0.0,0.0,0.0,-2.004,2.004,-2.004,0.0,0.0,0.0,0.0,0.0,4496.0,564144759635968.0,6924.0,0.0,0.0,-0.0,-0.0,0.0,0.0,0.0,0.0,69,-2.718430741444032e+23,-0.0,0.0,0.0,0.0,0.0,0.0,0.0,0.0,0,0,0,0.0,0.0,0.0,0.0,0.0,0.0,0.0,0.0,0.0,0.0,0.0,0.0,0.0,0.0,0.0,0.0,0,-107875648.0,69,0.0,138,0.0,2.6474777903227054e+23,0,0,17086,0,17101,26215,17080,0,0,0,70,68,100,2.7302399002429377e+23,82.1,0.0,78.0,0.0,78.5,1,49,50,180,0,26215,0,0,0.0,0.0,0.0,0.0,-0.0,67.0,0.0,162057.094,0.0,975,0,1001,0,0,0,950,0,1025,0,922,0,789,0,781,0,822,0,7520,0.032,7.061644215716938e+19,0.0,0.0,784,16797,-0.0,162057.094,-114818.039,-0.0,0.133,6.909358625270745e+28,30.0,70.0,35,0.0,0.0,0.0,0.0,0.0,0.0,0.0,0.0,0.0,0.0,0.0,0.0,0.0,0.0,0.0,0.0,66.4,0,150,71,51,65476,0,300,0,0,8,20529,65476,0,0,44564,70.0,0.0,0.0,0.0,0.0,0.0
2026-09-10T21:34:11,ERR,ERR,ERR,ERR,ERR,ERR,ERR,ERR,ERR,ERR,ERR,ERR,ERR,ERR,ERR,ERR,ERR,ERR,ERR,ERR,ERR,ERR,ERR,ERR,ERR,ERR,ERR,ERR,ERR,ERR,ERR,ERR,ERR,ERR,ERR,ERR,ERR,ERR,ERR,ERR,ERR,ERR,ERR,ERR,ERR,ERR,ERR,ERR,ERR,ERR,ERR,ERR,ERR,ERR,ERR,ERR,ERR,ERR,ERR,ERR,ERR,ERR,ERR,ERR,ERR,ERR,ERR,ERR,ERR,ERR,ERR,ERR,ERR,ERR,ERR,ERR,ERR,ERR,ERR,ERR,ERR,ERR,ERR,ERR,ERR,ERR,ERR,ERR,ERR,ERR,ERR,ERR,ERR,ERR,ERR,ERR,ERR,ERR,ERR,ERR,ERR,ERR,ERR,ERR,ERR,ERR,ERR,ERR,ERR,ERR,ERR,ERR,ERR,ERR,ERR,ERR,ERR,ERR,ERR,ERR,ERR,ERR,ERR,ERR,ERR,0.0,0.0,2.6474835549302285e+23,0.0,0.0,1.3936040501711995e+18,7.805,0.0,0,0,4,0,7116,0.0,100,0.0,0.0,0.0,0.0,0.0,0,0,0,0,0.0,0,0,0,0,0,0,0,0,0,0,0,0,0,0,0,0,0,0,0,0,0,0,0,0,0,0,0,0,0,0,0,0,0,31,40,40,71,65476,0,300,0,0,8,21553,0.0,-107605600.0,0.0,0.0,0.0,0.0,0.0,0.0,0.0,0.0,0.0,0.0,0.0,0.0,0.0,0.0,0.0,0.0,0.0,0.0,0.0,0.0,-2.004,2.004,-2.004,0.0,0.0,0.0,0.0,0.0,4496.0,564144759635968.0,6924.0,0.0,0.0,-0.0,-0.0,0.0,0.0,0.0,0.0,69,-2.718430741444032e+23,-0.0,0.0,0.0,0.0,0.0,0.0,0.0,0.0,0,0,0,0.0,0.0,0.0,0.0,0.0,0.0,0.0,0.0,0.0,0.0,0.0,0.0,0.0,0.0,0.0,0.0,0,-107875648.0,69,0.0,138,0.0,2.6474777903227054e+23,0,0,17086,0,17101,26215,17080,0,0,0,70,68,100,2.7302399002429377e+23,82.1,0.0,78.0,0.0,78.5,1,49,50,180,0,26215,0,0,0.0,0.0,0.0,0.0,-0.0,67.0,0.0,162057.094,0.0,975,0,1001,0,0,0,950,0,1025,0,922,0,789,0,781,0,822,0,7520,0.032,7.061644215716938e+19,0.0,0.0,784,16797,-0.0,162057.094,-114818.039,-0.0,0.133,6.909358625270745e+28,30.0,70.0,35,0.0,0.0,0.0,0.0,0.0,0.0,0.0,0.0,0.0,0.0,0.0,0.0,0.0,0.0,0.0,0.0,66.4,0,150,71,51,65476,0,300,0,0,8,20529,65476,0,0,44564,70.0,0.0,0.0,0.0,0.0,0.0
2026-09-10T21:34:12,ERR,ERR,ERR,ERR,ERR,ERR,ERR,ERR,ERR,ERR,ERR,ERR,ERR,ERR,ERR,ERR,ERR,ERR,ERR,ERR,ERR,ERR,ERR,ERR,ERR,ERR,ERR,ERR,ERR,ERR,ERR,ERR,ERR,ERR,ERR,ERR,ERR,ERR,ERR,ERR,ERR,ERR,ERR,ERR,ERR,ERR,ERR,ERR,ERR,ERR,ERR,ERR,ERR,ERR,ERR,ERR,ERR,ERR,ERR,ERR,ERR,ERR,ERR,ERR,ERR,ERR,ERR,ERR,ERR,ERR,ERR,ERR,ERR,ERR,ERR,ERR,ERR,ERR,ERR,ERR,ERR,ERR,ERR,ERR,ERR,ERR,ERR,ERR,ERR,ERR,ERR,ERR,ERR,ERR,ERR,ERR,ERR,ERR,ERR,ERR,ERR,ERR,ERR,ERR,ERR,ERR,ERR,ERR,ERR,ERR,ERR,ERR,ERR,ERR,ERR,ERR,ERR,ERR,ERR,ERR,ERR,ERR,ERR,ERR,ERR,0.0,0.0,2.6474835549302285e+23,0.0,0.0,1.3936040501711995e+18,7.805,0.0,0,0,4,0,7116,0.0,100,0.0,0.0,0.0,0.0,0.0,0,0,0,0,0.0,0,0,0,0,0,0,0,0,0,0,0,0,0,0,0,0,0,0,0,0,0,0,0,0,0,0,0,0,0,0,0,0,0,31,40,40,71,65476,0,300,0,0,8,21553,0.0,-107605600.0,0.0,0.0,0.0,0.0,0.0,0.0,0.0,0.0,0.0,0.0,0.0,0.0,0.0,0.0,0.0,0.0,0.0,0.0,0.0,0.0,-2.004,2.004,-2.004,0.0,0.0,0.0,0.0,0.0,4490.0,3.69717909675028e+19,6924.0,0.0,0.0,0.0,-0.0,0.0,0.0,0.0,0.0,69,-0.0,-0.0,0.0,0.0,0.0,0.0,0.0,0.0,0.0,0,0,0,0.0,0.0,0.0,0.0,0.0,0.0,0.0,0.0,0.0,0.0,0.0,0.0,0.0,0.0,0.0,0.0,0,-107875648.0,69,0.0,138,0.0,2.6474777903227054e+23,0,0,17086,0,17101,26215,17080,0,0,0,70,68,100,2.7302399002429377e+23,82.1,0.0,78.0,0.0,78.5,1,49,50,180,0,26215,0,0,0.0,0.0,0.0,0.0,-0.0,67.0,0.0,162057.094,0.0,975,0,1001,0,0,0,950,0,1025,0,922,0,789,0,781,0,822,0,7520,0.032,7.061644215716938e+19,0.0,0.0,784,16797,-0.0,162057.094,-114818.039,-0.0,0.133,6.909358625270745e+28,30.0,70.0,35,0.0,0.0,0.0,0.0,0.0,0.0,0.0,0.0,0.0,0.0,0.0,0.0,0.0,0.0,0.0,0.0,66.4,0,150,71,51,65476,0,300,0,0,8,20529,65476,0,0,44564,70.0,0.0,0.0,0.0,0.0,0.0
2026-09-10T21:34:13,ERR,ERR,ERR,ERR,ERR,ERR,ERR,ERR,ERR,ERR,ERR,ERR,ERR,ERR,ERR,ERR,ERR,ERR,ERR,ERR,ERR,ERR,ERR,ERR,ERR,ERR,ERR,ERR,ERR,ERR,ERR,ERR,ERR,ERR,ERR,ERR,ERR,ERR,ERR,ERR,ERR,ERR,ERR,ERR,ERR,ERR,ERR,ERR,ERR,ERR,ERR,ERR,ERR,ERR,ERR,ERR,ERR,ERR,ERR,ERR,ERR,ERR,ERR,ERR,ERR,ERR,ERR,ERR,ERR,ERR,ERR,ERR,ERR,ERR,ERR,ERR,ERR,ERR,ERR,ERR,ERR,ERR,ERR,ERR,ERR,ERR,ERR,ERR,ERR,ERR,ERR,ERR,ERR,ERR,ERR,ERR,ERR,ERR,ERR,ERR,ERR,ERR,ERR,ERR,ERR,ERR,ERR,ERR,ERR,ERR,ERR,ERR,ERR,ERR,ERR,ERR,ERR,ERR,ERR,ERR,ERR,ERR,ERR,ERR,ERR,0.0,0.0,2.6474835549302285e+23,0.0,0.0,1.3936040501711995e+18,7.805,0.0,0,0,4,0,7116,0.0,100,0.0,0.0,0.0,0.0,0.0,0,0,0,0,0.0,0,0,0,0,0,0,0,0,0,0,0,0,0,0,0,0,0,0,0,0,0,0,0,0,0,0,0,0,0,0,0,0,0,31,40,40,71,65476,0,300,0,0,8,21553,0.0,-107605600.0,0.0,0.0,0.0,0.0,0.0,0.0,0.0,0.0,0.0,0.0,0.0,0.0,0.0,0.0,0.0,0.0,0.0,0.0,0.0,0.0,-2.004,2.004,-2.004,0.0,0.0,0.0,0.0,0.0,4490.0,3.69717909675028e+19,6924.0,0.0,0.0,0.0,-0.0,0.0,0.0,0.0,0.0,69,-0.0,-0.0,0.0,0.0,0.0,0.0,0.0,0.0,0.0,0,0,0,0.0,0.0,0.0,0.0,0.0,0.0,0.0,0.0,0.0,0.0,0.0,0.0,0.0,0.0,0.0,0.0,0,-107875648.0,69,0.0,138,0.0,2.6474777903227054e+23,0,0,17086,0,17101,26215,17080,0,0,0,70,68,100,2.7302399002429377e+23,82.1,0.0,78.0,0.0,78.5,1,49,50,180,0,26215,0,0,0.0,0.0,0.0,0.0,-0.0,67.0,0.0,162057.094,0.0,975,0,1001,0,0,0,950,0,1025,0,922,0,789,0,781,0,822,0,7520,0.032,7.061644215716938e+19,0.0,0.0,784,16797,-0.0,162057.094,-114818.039,-0.0,0.133,6.909358625270745e+28,30.0,70.0,35,0.0,0.0,0.0,0.0,0.0,0.0,0.0,0.0,0.0,0.0,0.0,0.0,0.0,0.0,0.0,0.0,66.4,0,150,71,51,65476,0,300,0,0,8,20529,65476,0,0,44564,70.0,0.0,0.0,0.0,0.0,0.0
2026-09-10T21:34:14,ERR,ERR,ERR,ERR,ERR,ERR,ERR,ERR,ERR,ERR,ERR,ERR,ERR,ERR,ERR,ERR,ERR,ERR,ERR,ERR,ERR,ERR,ERR,ERR,ERR,ERR,ERR,ERR,ERR,ERR,ERR,ERR,ERR,ERR,ERR,ERR,ERR,ERR,ERR,ERR,ERR,ERR,ERR,ERR,ERR,ERR,ERR,ERR,ERR,ERR,ERR,ERR,ERR,ERR,ERR,ERR,ERR,ERR,ERR,ERR,ERR,ERR,ERR,ERR,ERR,ERR,ERR,ERR,ERR,ERR,ERR,ERR,ERR,ERR,ERR,ERR,ERR,ERR,ERR,ERR,ERR,ERR,ERR,ERR,ERR,ERR,ERR,ERR,ERR,ERR,ERR,ERR,ERR,ERR,ERR,ERR,ERR,ERR,ERR,ERR,ERR,ERR,ERR,ERR,ERR,ERR,ERR,ERR,ERR,ERR,ERR,ERR,ERR,ERR,ERR,ERR,ERR,ERR,ERR,ERR,ERR,ERR,ERR,ERR,ERR,0.0,0.0,2.6474835549302285e+23,0.0,0.0,1.3936040501711995e+18,7.805,0.0,0,0,4,0,7116,0.0,100,0.0,0.0,0.0,0.0,0.0,0,0,0,0,0.0,0,0,0,0,0,0,0,0,0,0,0,0,0,0,0,0,0,0,0,0,0,0,0,0,0,0,0,0,0,0,0,0,0,31,40,40,71,65476,0,300,0,0,8,21553,0.0,-107605600.0,0.0,0.0,0.0,0.0,0.0,0.0,0.0,0.0,0.0,0.0,0.0,0.0,0.0,0.0,0.0,0.0,0.0,0.0,0.0,0.0,-2.004,2.004,-2.004,0.0,0.0,0.0,0.0,0.0,4490.0,3.69717909675028e+19,6924.0,0.0,0.0,0.0,-0.0,0.0,0.0,0.0,0.0,69,-0.0,-0.0,0.0,0.0,0.0,0.0,0.0,0.0,0.0,0,0,0,0.0,0.0,0.0,0.0,0.0,0.0,0.0,0.0,0.0,0.0,0.0,0.0,0.0,0.0,0.0,0.0,0,-107875648.0,69,0.0,138,0.0,2.6474777903227054e+23,0,0,17086,0,17101,26215,17080,0,0,0,70,68,100,2.7302399002429377e+23,82.1,0.0,78.0,0.0,78.5,1,49,50,180,0,26215,0,0,0.0,0.0,0.0,0.0,-0.0,67.0,0.0,162057.094,0.0,975,0,1001,0,0,0,950,0,1025,0,922,0,789,0,781,0,822,0,7520,0.032,7.061644215716938e+19,0.0,0.0,784,16797,-0.0,162057.094,-114818.039,-0.0,0.133,6.909358625270745e+28,30.0,70.0,35,0.0,0.0,0.0,0.0,0.0,0.0,0.0,0.0,0.0,0.0,0.0,0.0,0.0,0.0,0.0,0.0,66.4,0,150,71,51,65476,0,300,0,0,8,20529,65476,0,0,44564,70.0,0.0,0.0,0.0,0.0,0.0
2026-09-10T21:34:15,ERR,ERR,ERR,ERR,ERR,ERR,ERR,ERR,ERR,ERR,ERR,ERR,ERR,ERR,ERR,ERR,ERR,ERR,ERR,ERR,ERR,ERR,ERR,ERR,ERR,ERR,ERR,ERR,ERR,ERR,ERR,ERR,ERR,ERR,ERR,ERR,ERR,ERR,ERR,ERR,ERR,ERR,ERR,ERR,ERR,ERR,ERR,ERR,ERR,ERR,ERR,ERR,ERR,ERR,ERR,ERR,ERR,ERR,ERR,ERR,ERR,ERR,ERR,ERR,ERR,ERR,ERR,ERR,ERR,ERR,ERR,ERR,ERR,ERR,ERR,ERR,ERR,ERR,ERR,ERR,ERR,ERR,ERR,ERR,ERR,ERR,ERR,ERR,ERR,ERR,ERR,ERR,ERR,ERR,ERR,ERR,ERR,ERR,ERR,ERR,ERR,ERR,ERR,ERR,ERR,ERR,ERR,ERR,ERR,ERR,ERR,ERR,ERR,ERR,ERR,ERR,ERR,ERR,ERR,ERR,ERR,ERR,ERR,ERR,ERR,0.0,0.0,2.6474835549302285e+23,0.0,0.0,1.3936040501711995e+18,7.805,0.0,0,0,4,0,7116,0.0,100,0.0,0.0,0.0,0.0,0.0,0,0,0,0,0.0,0,0,0,0,0,0,0,0,0,0,0,0,0,0,0,0,0,0,0,0,0,0,0,0,0,0,0,0,0,0,0,0,0,31,40,40,71,65476,0,300,0,0,8,21553,0.0,-107605600.0,0.0,0.0,0.0,0.0,0.0,0.0,0.0,0.0,0.0,0.0,0.0,0.0,0.0,0.0,0.0,0.0,0.0,0.0,0.0,0.0,-2.004,2.004,-2.004,0.0,0.0,0.0,0.0,0.0,4490.0,3.69717909675028e+19,6924.0,0.0,0.0,0.0,-0.0,0.0,0.0,0.0,0.0,69,-0.0,-0.0,0.0,0.0,0.0,0.0,0.0,0.0,0.0,0,0,0,0.0,0.0,0.0,0.0,0.0,0.0,0.0,0.0,0.0,0.0,0.0,0.0,0.0,0.0,0.0,0.0,0,-107875648.0,69,0.0,138,0.0,2.6474777903227054e+23,0,0,17086,0,17101,26215,17080,0,0,0,70,68,100,2.7302399002429377e+23,82.1,0.0,78.0,-107615464.0,78.5,1,49,50,180,0,13107,0,0,0.0,0.0,0.0,0.0,-0.0,67.0,0.0,162057.094,0.0,975,0,1001,0,0,0,950,0,1025,0,922,0,790,0,781,0,822,0,7520,0.032,7.090467253332109e+19,0.0,0.0,784,16797,-0.0,162057.094,-114818.039,-0.0,0.133,6.909358625270745e+28,30.0,70.0,35,0.0,0.0,0.0,0.0,0.0,0.0,0.0,0.0,0.0,0.0,0.0,0.0,0.0,0.0,0.0,0.0,66.4,0,150,71,51,65476,0,300,0,0,8,20529,65476,0,0,44564,70.0,0.0,0.0,0.0,0.0,0.0
2026-09-10T21:34:16,ERR,ERR,ERR,ERR,ERR,ERR,ERR,ERR,ERR,ERR,ERR,ERR,ERR,ERR,ERR,ERR,ERR,ERR,ERR,ERR,ERR,ERR,ERR,ERR,ERR,ERR,ERR,ERR,ERR,ERR,ERR,ERR,ERR,ERR,ERR,ERR,ERR,ERR,ERR,ERR,ERR,ERR,ERR,ERR,ERR,ERR,ERR,ERR,ERR,ERR,ERR,ERR,ERR,ERR,ERR,ERR,ERR,ERR,ERR,ERR,ERR,ERR,ERR,ERR,ERR,ERR,ERR,ERR,ERR,ERR,ERR,ERR,ERR,ERR,ERR,ERR,ERR,ERR,ERR,ERR,ERR,ERR,ERR,ERR,ERR,ERR,ERR,ERR,ERR,ERR,ERR,ERR,ERR,ERR,ERR,ERR,ERR,ERR,ERR,ERR,ERR,ERR,ERR,ERR,ERR,ERR,ERR,ERR,ERR,ERR,ERR,ERR,ERR,ERR,ERR,ERR,ERR,ERR,ERR,ERR,ERR,ERR,ERR,ERR,ERR,0.0,0.0,2.6474835549302285e+23,0.0,0.0,1.3936040501711995e+18,7.805,0.0,0,0,4,0,7116,0.0,100,0.0,0.0,0.0,0.0,0.0,0,0,0,0,0.0,0,0,0,0,0,0,0,0,0,0,0,0,0,0,0,0,0,0,0,0,0,0,0,0,0,0,0,0,0,0,0,0,0,31,40,40,71,65476,0,300,0,0,8,21553,0.0,-107605600.0,0.0,0.0,0.0,0.0,0.0,0.0,0.0,0.0,0.0,0.0,0.0,0.0,0.0,0.0,0.0,0.0,0.0,0.0,0.0,0.0,-2.004,2.004,-2.004,0.0,0.0,0.0,0.0,0.0,4490.0,3.69717909675028e+19,6924.0,0.0,0.0,0.0,-0.0,0.0,0.0,0.0,0.0,69,-0.0,-0.0,0.0,0.0,0.0,0.0,0.0,0.0,0.0,0,0,0,0.0,0.0,0.0,0.0,0.0,0.0,0.0,0.0,0.0,0.0,0.0,0.0,0.0,0.0,0.0,0.0,0,-107875648.0,69,0.0,138,0.0,2.6474777903227054e+23,0,0,17086,0,17101,26215,17080,0,0,0,70,68,100,2.7302399002429377e+23,82.1,0.0,78.0,-107615464.0,78.5,1,49,50,180,0,13107,0,0,0.0,0.0,0.0,0.0,-0.0,67.0,0.0,162057.094,0.0,975,0,1001,0,0,0,950,0,1025,0,922,0,790,0,781,0,822,0,7520,0.032,7.090467253332109e+19,0.0,0.0,784,16797,-0.0,162057.094,-114818.039,-0.0,0.133,6.909358625270745e+28,30.0,70.0,35,0.0,0.0,0.0,0.0,0.0,0.0,0.0,0.0,0.0,0.0,0.0,0.0,0.0,0.0,0.0,0.0,66.4,0,150,71,51,65476,0,300,0,0,8,20529,65476,0,0,44564,70.0,0.0,0.0,0.0,0.0,0.0
2026-09-10T21:34:17,ERR,ERR,ERR,ERR,ERR,ERR,ERR,ERR,ERR,ERR,ERR,ERR,ERR,ERR,ERR,ERR,ERR,ERR,ERR,ERR,ERR,ERR,ERR,ERR,ERR,ERR,ERR,ERR,ERR,ERR,ERR,ERR,ERR,ERR,ERR,ERR,ERR,ERR,ERR,ERR,ERR,ERR,ERR,ERR,ERR,ERR,ERR,ERR,ERR,ERR,ERR,ERR,ERR,ERR,ERR,ERR,ERR,ERR,ERR,ERR,ERR,ERR,ERR,ERR,ERR,ERR,ERR,ERR,ERR,ERR,ERR,ERR,ERR,ERR,ERR,ERR,ERR,ERR,ERR,ERR,ERR,ERR,ERR,ERR,ERR,ERR,ERR,ERR,ERR,ERR,ERR,ERR,ERR,ERR,ERR,ERR,ERR,ERR,ERR,ERR,ERR,ERR,ERR,ERR,ERR,ERR,ERR,ERR,ERR,ERR,ERR,ERR,ERR,ERR,ERR,ERR,ERR,ERR,ERR,ERR,ERR,ERR,ERR,ERR,ERR,0.0,0.0,2.6474835549302285e+23,0.0,0.0,1.3936040501711995e+18,7.805,0.0,0,0,4,0,7116,0.0,100,0.0,0.0,0.0,0.0,0.0,0,0,0,0,0.0,0,0,0,0,0,0,0,0,0,0,0,0,0,0,0,0,0,0,0,0,0,0,0,0,0,0,0,0,0,0,0,0,0,31,40,40,71,65476,0,300,0,0,8,21553,0.0,-107605600.0,0.0,0.0,0.0,0.0,0.0,0.0,0.0,0.0,0.0,0.0,0.0,0.0,0.0,0.0,0.0,0.0,0.0,0.0,0.0,0.0,-2.004,2.004,-2.004,0.0,0.0,0.0,0.0,0.0,4490.0,3.69717909675028e+19,6924.0,0.0,0.0,0.0,-0.0,0.0,0.0,0.0,0.0,69,-0.0,-0.0,0.0,0.0,0.0,0.0,0.0,0.0,0.0,0,0,0,0.0,0.0,0.0,0.0,0.0,0.0,0.0,0.0,0.0,0.0,0.0,0.0,0.0,0.0,0.0,0.0,0,-107875648.0,69,0.0,138,0.0,2.6474777903227054e+23,0,0,17086,0,17101,26215,17080,0,0,0,70,68,100,2.7302399002429377e+23,82.1,0.0,78.0,-107615464.0,78.5,1,49,50,180,0,13107,0,0,0.0,0.0,0.0,0.0,-0.0,67.0,0.0,162057.094,0.0,975,0,1001,0,0,0,950,0,1025,0,922,0,790,0,781,0,822,0,7520,0.032,7.090467253332109e+19,0.0,0.0,784,16797,-0.0,162057.094,-114818.039,-0.0,0.133,6.909358625270745e+28,30.0,70.0,35,0.0,0.0,0.0,0.0,0.0,0.0,0.0,0.0,0.0,0.0,0.0,0.0,0.0,0.0,0.0,0.0,66.4,0,150,71,51,65476,0,300,0,0,8,20529,65476,0,0,44564,70.0,0.0,0.0,0.0,0.0,0.0
2026-09-10T21:34:18,ERR,ERR,ERR,ERR,ERR,ERR,ERR,ERR,ERR,ERR,ERR,ERR,ERR,ERR,ERR,ERR,ERR,ERR,ERR,ERR,ERR,ERR,ERR,ERR,ERR,ERR,ERR,ERR,ERR,ERR,ERR,ERR,ERR,ERR,ERR,ERR,ERR,ERR,ERR,ERR,ERR,ERR,ERR,ERR,ERR,ERR,ERR,ERR,ERR,ERR,ERR,ERR,ERR,ERR,ERR,ERR,ERR,ERR,ERR,ERR,ERR,ERR,ERR,ERR,ERR,ERR,ERR,ERR,ERR,ERR,ERR,ERR,ERR,ERR,ERR,ERR,ERR,ERR,ERR,ERR,ERR,ERR,ERR,ERR,ERR,ERR,ERR,ERR,ERR,ERR,ERR,ERR,ERR,ERR,ERR,ERR,ERR,ERR,ERR,ERR,ERR,ERR,ERR,ERR,ERR,ERR,ERR,ERR,ERR,ERR,ERR,ERR,ERR,ERR,ERR,ERR,ERR,ERR,ERR,ERR,ERR,ERR,ERR,ERR,ERR,0.0,0.0,2.6474835549302285e+23,0.0,0.0,1.3936040501711995e+18,7.805,0.0,0,0,4,0,7116,0.0,100,0.0,0.0,0.0,0.0,0.0,0,0,0,0,0.0,0,0,0,0,0,0,0,0,0,0,0,0,0,0,0,0,0,0,0,0,0,0,0,0,0,0,0,0,0,0,0,0,0,31,40,40,71,65476,0,300,0,0,8,21553,0.0,-107605600.0,0.0,0.0,0.0,0.0,0.0,0.0,0.0,0.0,0.0,0.0,0.0,0.0,0.0,0.0,0.0,0.0,0.0,0.0,0.0,0.0,-2.004,2.004,-2.004,0.0,0.0,0.0,0.0,0.0,4490.0,3.69717909675028e+19,6924.0,0.0,0.0,0.0,-0.0,0.0,0.0,0.0,0.0,69,-0.0,-0.0,0.0,0.0,0.0,0.0,0.0,0.0,0.0,0,0,0,0.0,0.0,0.0,0.0,0.0,0.0,0.0,0.0,0.0,0.0,0.0,0.0,0.0,0.0,0.0,0.0,0,-107875648.0,69,0.0,138,0.0,2.6474777903227054e+23,0,0,17086,0,17101,26215,17080,0,0,0,70,68,100,2.7302399002429377e+23,82.1,0.0,78.0,-107615464.0,78.5,1,49,50,180,0,13107,0,0,0.0,0.0,0.0,0.0,-0.0,67.0,0.0,162057.094,0.0,975,0,1001,0,0,0,950,0,1025,0,922,0,790,0,781,0,822,0,7520,0.032,7.090467253332109e+19,0.0,0.0,784,16797,-0.0,162057.094,-114818.039,-0.0,0.133,6.909358625270745e+28,30.0,70.0,35,0.0,0.0,0.0,0.0,0.0,0.0,0.0,0.0,0.0,0.0,0.0,0.0,0.0,0.0,0.0,0.0,66.4,0,150,71,51,65476,0,300,0,0,8,20529,65476,0,0,44564,70.0,0.0,0.0,0.0,0.0,0.0
2026-09-10T21:34:19,ERR,ERR,ERR,ERR,ERR,ERR,ERR,ERR,ERR,ERR,ERR,ERR,ERR,ERR,ERR,ERR,ERR,ERR,ERR,ERR,ERR,ERR,ERR,ERR,ERR,ERR,ERR,ERR,ERR,ERR,ERR,ERR,ERR,ERR,ERR,ERR,ERR,ERR,ERR,ERR,ERR,ERR,ERR,ERR,ERR,ERR,ERR,ERR,ERR,ERR,ERR,ERR,ERR,ERR,ERR,ERR,ERR,ERR,ERR,ERR,ERR,ERR,ERR,ERR,ERR,ERR,ERR,ERR,ERR,ERR,ERR,ERR,ERR,ERR,ERR,ERR,ERR,ERR,ERR,ERR,ERR,ERR,ERR,ERR,ERR,ERR,ERR,ERR,ERR,ERR,ERR,ERR,ERR,ERR,ERR,ERR,ERR,ERR,ERR,ERR,ERR,ERR,ERR,ERR,ERR,ERR,ERR,ERR,ERR,ERR,ERR,ERR,ERR,ERR,ERR,ERR,ERR,ERR,ERR,ERR,ERR,ERR,ERR,ERR,ERR,0.0,0.0,2.6474835549302285e+23,0.0,0.0,1.3936040501711995e+18,7.805,0.0,0,0,4,0,7116,0.0,100,0.0,0.0,0.0,0.0,0.0,0,0,0,0,0.0,0,0,0,0,0,0,0,0,0,0,0,0,0,0,0,0,0,0,0,0,0,0,0,0,0,0,0,0,0,0,0,0,0,31,40,40,71,65476,0,300,0,0,8,21553,0.0,-107605600.0,0.0,0.0,0.0,0.0,0.0,0.0,0.0,0.0,0.0,0.0,0.0,0.0,0.0,0.0,0.0,0.0,0.0,0.0,0.0,0.0,-2.004,2.004,-2.004,0.0,0.0,0.0,0.0,0.0,4490.0,3.69717909675028e+19,6924.0,0.0,0.0,0.0,-0.0,0.0,0.0,0.0,0.0,69,-0.0,-0.0,0.0,0.0,0.0,0.0,0.0,0.0,0.0,0,0,0,0.0,0.0,0.0,0.0,0.0,0.0,0.0,0.0,0.0,0.0,0.0,0.0,0.0,0.0,0.0,0.0,0,-107875648.0,69,0.0,138,0.0,2.6474777903227054e+23,0,0,17086,0,17101,26215,17080,0,0,0,70,68,100,2.7302399002429377e+23,82.1,0.0,78.0,-107615464.0,78.5,1,49,50,180,0,13107,0,0,0.0,0.0,0.0,0.0,-0.0,67.0,0.0,162057.094,0.0,975,0,1001,0,0,0,950,0,1025,0,922,0,790,0,781,0,822,0,7520,0.032,7.090467253332109e+19,0.0,0.0,784,16797,-0.0,162057.094,-114818.039,-0.0,0.133,6.909358625270745e+28,30.0,70.0,35,0.0,0.0,0.0,0.0,0.0,0.0,0.0,0.0,0.0,0.0,0.0,0.0,0.0,0.0,0.0,0.0,66.4,0,150,71,51,65476,0,300,0,0,8,20529,65476,0,0,44564,70.0,0.0,0.0,0.0,0.0,0.0
2026-09-10T21:34:20,ERR,ERR,ERR,ERR,ERR,ERR,ERR,ERR,ERR,ERR,ERR,ERR,ERR,ERR,ERR,ERR,ERR,ERR,ERR,ERR,ERR,ERR,ERR,ERR,ERR,ERR,ERR,ERR,ERR,ERR,ERR,ERR,ERR,ERR,ERR,ERR,ERR,ERR,ERR,ERR,ERR,ERR,ERR,ERR,ERR,ERR,ERR,ERR,ERR,ERR,ERR,ERR,ERR,ERR,ERR,ERR,ERR,ERR,ERR,ERR,ERR,ERR,ERR,ERR,ERR,ERR,ERR,ERR,ERR,ERR,ERR,ERR,ERR,ERR,ERR,ERR,ERR,ERR,ERR,ERR,ERR,ERR,ERR,ERR,ERR,ERR,ERR,ERR,ERR,ERR,ERR,ERR,ERR,ERR,ERR,ERR,ERR,ERR,ERR,ERR,ERR,ERR,ERR,ERR,ERR,ERR,ERR,ERR,ERR,ERR,ERR,ERR,ERR,ERR,ERR,ERR,ERR,ERR,ERR,ERR,ERR,ERR,ERR,ERR,ERR,0.0,0.0,2.6474835549302285e+23,0.0,0.0,1.3936040501711995e+18,7.805,0.0,0,0,4,0,7116,0.0,100,0.0,0.0,0.0,0.0,0.0,0,0,0,0,0.0,0,0,0,0,0,0,0,0,0,0,0,0,0,0,0,0,0,0,0,0,0,0,0,0,0,0,0,0,0,0,0,0,0,31,40,40,71,65476,0,300,0,0,8,21553,0.0,-107605600.0,0.0,0.0,0.0,0.0,0.0,0.0,0.0,0.0,0.0,0.0,0.0,0.0,0.0,0.0,0.0,0.0,0.0,0.0,0.0,0.0,-2.004,2.004,-2.004,0.0,0.0,0.0,0.0,0.0,4497.0,564144759635968.0,6923.0,0.0,0.0,-0.0,-0.0,0.0,0.0,0.0,0.0,69,-126841143296.0,-0.0,0.0,0.0,0.0,0.0,0.0,0.0,0.0,0,0,0,0.0,0.0,0.0,0.0,0.0,0.0,0.0,0.0,0.0,0.0,0.0,0.0,0.0,0.0,0.0,0.0,0,-107875648.0,69,0.0,138,0.0,0.0,0,0,17086,0,17101,26215,17080,0,0,0,70,68,100,2.7302399002429377e+23,82.1,0.0,78.0,-107615464.0,78.5,1,49,50,180,0,13107,0,0,0.0,0.0,0.0,0.0,-0.0,67.0,0.0,162057.094,0.0,975,0,1001,0,0,0,950,0,1025,0,922,0,790,0,781,0,822,0,7520,0.032,7.090467253332109e+19,0.0,0.0,784,16797,-0.0,162057.094,-114818.039,-0.0,0.133,6.909358625270745e+28,30.0,70.0,35,0.0,0.0,0.0,0.0,0.0,0.0,0.0,0.0,0.0,0.0,0.0,0.0,0.0,0.0,0.0,0.0,66.4,0,150,71,51,65476,0,300,0,0,8,20529,65476,0,0,44564,70.0,0.0,0.0,0.0,0.0,0.0
2026-09-10T21:34:21,ERR,ERR,ERR,ERR,ERR,ERR,ERR,ERR,ERR,ERR,ERR,ERR,ERR,ERR,ERR,ERR,ERR,ERR,ERR,ERR,ERR,ERR,ERR,ERR,ERR,ERR,ERR,ERR,ERR,ERR,ERR,ERR,ERR,ERR,ERR,ERR,ERR,ERR,ERR,ERR,ERR,ERR,ERR,ERR,ERR,ERR,ERR,ERR,ERR,ERR,ERR,ERR,ERR,ERR,ERR,ERR,ERR,ERR,ERR,ERR,ERR,ERR,ERR,ERR,ERR,ERR,ERR,ERR,ERR,ERR,ERR,ERR,ERR,ERR,ERR,ERR,ERR,ERR,ERR,ERR,ERR,ERR,ERR,ERR,ERR,ERR,ERR,ERR,ERR,ERR,ERR,ERR,ERR,ERR,ERR,ERR,ERR,ERR,ERR,ERR,ERR,ERR,ERR,ERR,ERR,ERR,ERR,ERR,ERR,ERR,ERR,ERR,ERR,ERR,ERR,ERR,ERR,ERR,ERR,ERR,ERR,ERR,ERR,ERR,ERR,0.0,0.0,2.6474835549302285e+23,0.0,0.0,1.3936040501711995e+18,7.805,0.0,0,0,4,0,7116,0.0,100,0.0,0.0,0.0,0.0,0.0,0,0,0,0,0.0,0,0,0,0,0,0,0,0,0,0,0,0,0,0,0,0,0,0,0,0,0,0,0,0,0,0,0,0,0,0,0,0,0,31,40,40,71,65476,0,300,0,0,8,21553,0.0,-107605600.0,0.0,0.0,0.0,0.0,0.0,0.0,0.0,0.0,0.0,0.0,0.0,0.0,0.0,0.0,0.0,0.0,0.0,0.0,0.0,0.0,-2.004,2.004,-2.004,0.0,0.0,0.0,0.0,0.0,4497.0,564144759635968.0,6923.0,0.0,0.0,-0.0,-0.0,0.0,0.0,0.0,0.0,69,-126841143296.0,-0.0,0.0,0.0,0.0,0.0,0.0,0.0,0.0,0,0,0,0.0,0.0,0.0,0.0,0.0,0.0,0.0,0.0,0.0,0.0,0.0,0.0,0.0,0.0,0.0,0.0,0,-107875648.0,69,0.0,138,0.0,0.0,0,0,17086,0,17101,13107,17080,0,0,0,70,68,100,2.7302399002429377e+23,82.1,0.0,78.4,-107615464.0,78.5,1,49,50,180,0,13107,0,0,0.0,0.0,0.0,0.0,-0.0,67.0,0.0,162057.094,0.0,975,0,1001,0,0,0,950,0,1025,0,921,0,789,0,781,0,822,0,7520,0.032,7.090467253332109e+19,0.0,0.0,784,16797,-0.0,162057.094,-114818.039,-0.0,0.133,6.909358625270745e+28,30.0,70.0,35,0.0,0.0,0.0,0.0,0.0,0.0,0.0,0.0,0.0,0.0,0.0,0.0,0.0,0.0,0.0,0.0,66.4,0,150,71,51,65476,0,300,0,0,8,20529,65476,0,0,44564,70.0,0.0,0.0,0.0,0.0,0.0
2026-09-10T21:34:22,ERR,ERR,ERR,ERR,ERR,ERR,ERR,ERR,ERR,ERR,ERR,ERR,ERR,ERR,ERR,ERR,ERR,ERR,ERR,ERR,ERR,ERR,ERR,ERR,ERR,ERR,ERR,ERR,ERR,ERR,ERR,ERR,ERR,ERR,ERR,ERR,ERR,ERR,ERR,ERR,ERR,ERR,ERR,ERR,ERR,ERR,ERR,ERR,ERR,ERR,ERR,ERR,ERR,ERR,ERR,ERR,ERR,ERR,ERR,ERR,ERR,ERR,ERR,ERR,ERR,ERR,ERR,ERR,ERR,ERR,ERR,ERR,ERR,ERR,ERR,ERR,ERR,ERR,ERR,ERR,ERR,ERR,ERR,ERR,ERR,ERR,ERR,ERR,ERR,ERR,ERR,ERR,ERR,ERR,ERR,ERR,ERR,ERR,ERR,ERR,ERR,ERR,ERR,ERR,ERR,ERR,ERR,ERR,ERR,ERR,ERR,ERR,ERR,ERR,ERR,ERR,ERR,ERR,ERR,ERR,ERR,ERR,ERR,ERR,ERR,0.0,0.0,2.6474835549302285e+23,0.0,0.0,1.3936040501711995e+18,7.805,0.0,0,0,4,0,7116,0.0,100,0.0,0.0,0.0,0.0,0.0,0,0,0,0,0.0,0,0,0,0,0,0,0,0,0,0,0,0,0,0,0,0,0,0,0,0,0,0,0,0,0,0,0,0,0,0,0,0,0,31,40,40,71,65476,0,300,0,0,8,21553,0.0,-107605600.0,0.0,0.0,0.0,0.0,0.0,0.0,0.0,0.0,0.0,0.0,0.0,0.0,0.0,0.0,0.0,0.0,0.0,0.0,0.0,0.0,-2.004,2.004,-2.004,0.0,0.0,0.0,0.0,0.0,4497.0,564144759635968.0,6923.0,0.0,0.0,-0.0,-0.0,0.0,0.0,0.0,0.0,69,-126841143296.0,-0.0,0.0,0.0,0.0,0.0,0.0,0.0,0.0,0,0,0,0.0,0.0,0.0,0.0,0.0,0.0,0.0,0.0,0.0,0.0,0.0,0.0,0.0,0.0,0.0,0.0,0,-107875648.0,69,0.0,138,0.0,0.0,0,0,17086,0,17101,13107,17080,0,0,0,70,68,100,2.7302399002429377e+23,82.1,0.0,78.4,-107615464.0,78.5,1,49,50,180,0,13107,0,0,0.0,0.0,0.0,0.0,-0.0,67.0,0.0,162057.094,0.0,975,0,1001,0,0,0,950,0,1025,0,921,0,789,0,781,0,822,0,7520,0.032,7.090467253332109e+19,0.0,0.0,784,16797,-0.0,162057.094,-114818.039,-0.0,0.133,6.909358625270745e+28,30.0,70.0,35,0.0,0.0,0.0,0.0,0.0,0.0,0.0,0.0,0.0,0.0,0.0,0.0,0.0,0.0,0.0,0.0,66.4,0,150,71,51,65476,0,300,0,0,8,20529,65476,0,0,44564,70.0,0.0,0.0,0.0,0.0,0.0
2026-09-10T21:34:23,ERR,ERR,ERR,ERR,ERR,ERR,ERR,ERR,ERR,ERR,ERR,ERR,ERR,ERR,ERR,ERR,ERR,ERR,ERR,ERR,ERR,ERR,ERR,ERR,ERR,ERR,ERR,ERR,ERR,ERR,ERR,ERR,ERR,ERR,ERR,ERR,ERR,ERR,ERR,ERR,ERR,ERR,ERR,ERR,ERR,ERR,ERR,ERR,ERR,ERR,ERR,ERR,ERR,ERR,ERR,ERR,ERR,ERR,ERR,ERR,ERR,ERR,ERR,ERR,ERR,ERR,ERR,ERR,ERR,ERR,ERR,ERR,ERR,ERR,ERR,ERR,ERR,ERR,ERR,ERR,ERR,ERR,ERR,ERR,ERR,ERR,ERR,ERR,ERR,ERR,ERR,ERR,ERR,ERR,ERR,ERR,ERR,ERR,ERR,ERR,ERR,ERR,ERR,ERR,ERR,ERR,ERR,ERR,ERR,ERR,ERR,ERR,ERR,ERR,ERR,ERR,ERR,ERR,ERR,ERR,ERR,ERR,ERR,ERR,ERR,0.0,0.0,2.6474835549302285e+23,0.0,0.0,1.3936040501711995e+18,7.805,0.0,0,0,4,0,7116,0.0,100,0.0,0.0,0.0,0.0,0.0,0,0,0,0,0.0,0,0,0,0,0,0,0,0,0,0,0,0,0,0,0,0,0,0,0,0,0,0,0,0,0,0,0,0,0,0,0,0,0,31,40,40,71,65476,0,300,0,0,8,21553,0.0,-107605600.0,0.0,0.0,0.0,0.0,0.0,0.0,0.0,0.0,0.0,0.0,0.0,0.0,0.0,0.0,0.0,0.0,0.0,0.0,0.0,0.0,-2.004,2.004,-2.004,0.0,0.0,0.0,0.0,0.0,4497.0,564144759635968.0,6923.0,0.0,0.0,-0.0,-0.0,0.0,0.0,0.0,0.0,69,-126841143296.0,-0.0,0.0,0.0,0.0,0.0,0.0,0.0,0.0,0,0,0,0.0,0.0,0.0,0.0,0.0,0.0,0.0,0.0,0.0,0.0,0.0,0.0,0.0,0.0,0.0,0.0,0,-107875648.0,69,0.0,138,0.0,0.0,0,0,17086,0,17101,13107,17080,0,0,0,70,68,100,2.7302399002429377e+23,82.1,0.0,78.4,-107615464.0,78.5,1,49,50,180,0,13107,0,0,0.0,0.0,0.0,0.0,-0.0,67.0,0.0,162057.094,0.0,975,0,1001,0,0,0,950,0,1025,0,921,0,789,0,781,0,822,0,7520,0.032,7.090467253332109e+19,0.0,0.0,784,16797,-0.0,162057.094,-114818.039,-0.0,0.133,6.909358625270745e+28,30.0,70.0,35,0.0,0.0,0.0,0.0,0.0,0.0,0.0,0.0,0.0,0.0,0.0,0.0,0.0,0.0,0.0,0.0,66.4,0,150,71,51,65476,0,300,0,0,8,20529,65476,0,0,44564,70.0,0.0,0.0,0.0,0.0,0.0
2026-09-10T21:34:24,ERR,ERR,ERR,ERR,ERR,ERR,ERR,ERR,ERR,ERR,ERR,ERR,ERR,ERR,ERR,ERR,ERR,ERR,ERR,ERR,ERR,ERR,ERR,ERR,ERR,ERR,ERR,ERR,ERR,ERR,ERR,ERR,ERR,ERR,ERR,ERR,ERR,ERR,ERR,ERR,ERR,ERR,ERR,ERR,ERR,ERR,ERR,ERR,ERR,ERR,ERR,ERR,ERR,ERR,ERR,ERR,ERR,ERR,ERR,ERR,ERR,ERR,ERR,ERR,ERR,ERR,ERR,ERR,ERR,ERR,ERR,ERR,ERR,ERR,ERR,ERR,ERR,ERR,ERR,ERR,ERR,ERR,ERR,ERR,ERR,ERR,ERR,ERR,ERR,ERR,ERR,ERR,ERR,ERR,ERR,ERR,ERR,ERR,ERR,ERR,ERR,ERR,ERR,ERR,ERR,ERR,ERR,ERR,ERR,ERR,ERR,ERR,ERR,ERR,ERR,ERR,ERR,ERR,ERR,ERR,ERR,ERR,ERR,ERR,ERR,0.0,0.0,2.6474835549302285e+23,0.0,0.0,1.3936040501711995e+18,7.805,0.0,0,0,4,0,7116,0.0,100,0.0,0.0,0.0,0.0,0.0,0,0,0,0,0.0,0,0,0,0,0,0,0,0,0,0,0,0,0,0,0,0,0,0,0,0,0,0,0,0,0,0,0,0,0,0,0,0,0,31,40,40,71,65476,0,300,0,0,8,21553,0.0,-107605600.0,0.0,0.0,0.0,0.0,0.0,0.0,0.0,0.0,0.0,0.0,0.0,0.0,0.0,0.0,0.0,0.0,0.0,0.0,0.0,0.0,-2.004,2.004,-2.004,0.0,0.0,0.0,0.0,0.0,4497.0,564144759635968.0,6923.0,0.0,0.0,-0.0,-0.0,0.0,0.0,0.0,0.0,69,-126841143296.0,-0.0,0.0,0.0,0.0,0.0,0.0,0.0,0.0,0,0,0,0.0,0.0,0.0,0.0,0.0,0.0,0.0,0.0,0.0,0.0,0.0,0.0,0.0,0.0,0.0,0.0,0,-107875648.0,69,0.0,138,0.0,0.0,0,0,17086,0,17101,13107,17080,0,0,0,70,68,100,2.7302399002429377e+23,82.1,0.0,78.4,-107615464.0,78.5,1,49,50,180,0,13107,0,0,0.0,0.0,0.0,0.0,-0.0,67.0,0.0,162057.094,0.0,975,0,1001,0,0,0,950,0,1025,0,921,0,789,0,781,0,822,0,7520,0.032,7.090467253332109e+19,0.0,0.0,784,16797,-0.0,162057.094,-114818.039,-0.0,0.133,6.909358625270745e+28,30.0,70.0,35,0.0,0.0,0.0,0.0,0.0,0.0,0.0,0.0,0.0,0.0,0.0,0.0,0.0,0.0,0.0,0.0,66.4,0,150,71,51,65476,0,300,0,0,8,20529,65476,0,0,44564,70.0,0.0,0.0,0.0,0.0,0.0
2026-09-10T21:34:25,ERR,ERR,ERR,ERR,ERR,ERR,ERR,ERR,ERR,ERR,ERR,ERR,ERR,ERR,ERR,ERR,ERR,ERR,ERR,ERR,ERR,ERR,ERR,ERR,ERR,ERR,ERR,ERR,ERR,ERR,ERR,ERR,ERR,ERR,ERR,ERR,ERR,ERR,ERR,ERR,ERR,ERR,ERR,ERR,ERR,ERR,ERR,ERR,ERR,ERR,ERR,ERR,ERR,ERR,ERR,ERR,ERR,ERR,ERR,ERR,ERR,ERR,ERR,ERR,ERR,ERR,ERR,ERR,ERR,ERR,ERR,ERR,ERR,ERR,ERR,ERR,ERR,ERR,ERR,ERR,ERR,ERR,ERR,ERR,ERR,ERR,ERR,ERR,ERR,ERR,ERR,ERR,ERR,ERR,ERR,ERR,ERR,ERR,ERR,ERR,ERR,ERR,ERR,ERR,ERR,ERR,ERR,ERR,ERR,ERR,ERR,ERR,ERR,ERR,ERR,ERR,ERR,ERR,ERR,ERR,ERR,ERR,ERR,ERR,ERR,0.0,0.0,2.6474835549302285e+23,0.0,0.0,1.3936040501711995e+18,7.805,0.0,0,0,4,0,7116,0.0,100,0.0,0.0,0.0,0.0,0.0,0,0,0,0,0.0,0,0,0,0,0,0,0,0,0,0,0,0,0,0,0,0,0,0,0,0,0,0,0,0,0,0,0,0,0,0,0,0,0,31,40,40,71,65476,0,300,0,0,8,21553,0.0,-107605600.0,0.0,0.0,0.0,0.0,0.0,0.0,0.0,0.0,0.0,0.0,0.0,0.0,0.0,0.0,0.0,0.0,0.0,0.0,0.0,0.0,-2.004,2.004,-2.004,0.0,0.0,0.0,0.0,0.0,4497.0,564144759635968.0,6923.0,0.0,0.0,-0.0,-0.0,0.0,0.0,0.0,0.0,69,-126841143296.0,-0.0,0.0,0.0,0.0,0.0,0.0,0.0,0.0,0,0,0,0.0,0.0,0.0,0.0,0.0,0.0,0.0,0.0,0.0,0.0,0.0,0.0,0.0,0.0,0.0,0.0,0,-107875648.0,69,0.0,138,0.0,0.0,0,0,17086,0,17101,13107,17080,0,0,0,70,68,100,2.7302399002429377e+23,82.1,0.0,78.4,-107615464.0,78.5,1,49,50,180,0,13107,0,0,0.0,0.0,0.0,0.0,-0.0,67.0,0.0,162057.094,0.0,975,0,1001,0,0,0,950,0,1025,0,921,0,789,0,781,0,822,0,7520,0.032,7.090467253332109e+19,0.0,0.0,784,16797,-0.0,162057.094,-114818.039,-0.0,0.133,6.909358625270745e+28,30.0,70.0,35,0.0,0.0,0.0,0.0,0.0,0.0,0.0,0.0,0.0,0.0,0.0,0.0,0.0,0.0,0.0,0.0,66.4,0,150,71,51,65476,0,300,0,0,8,20529,65476,0,0,44564,70.0,0.0,0.0,0.0,0.0,0.0
2026-09-10T21:34:26,ERR,ERR,ERR,ERR,ERR,ERR,ERR,ERR,ERR,ERR,ERR,ERR,ERR,ERR,ERR,ERR,ERR,ERR,ERR,ERR,ERR,ERR,ERR,ERR,ERR,ERR,ERR,ERR,ERR,ERR,ERR,ERR,ERR,ERR,ERR,ERR,ERR,ERR,ERR,ERR,ERR,ERR,ERR,ERR,ERR,ERR,ERR,ERR,ERR,ERR,ERR,ERR,ERR,ERR,ERR,ERR,ERR,ERR,ERR,ERR,ERR,ERR,ERR,ERR,ERR,ERR,ERR,ERR,ERR,ERR,ERR,ERR,ERR,ERR,ERR,ERR,ERR,ERR,ERR,ERR,ERR,ERR,ERR,ERR,ERR,ERR,ERR,ERR,ERR,ERR,ERR,ERR,ERR,ERR,ERR,ERR,ERR,ERR,ERR,ERR,ERR,ERR,ERR,ERR,ERR,ERR,ERR,ERR,ERR,ERR,ERR,ERR,ERR,ERR,ERR,ERR,ERR,ERR,ERR,ERR,ERR,ERR,ERR,ERR,ERR,0.0,0.0,2.6474835549302285e+23,0.0,0.0,1.3936040501711995e+18,7.805,0.0,0,0,4,0,7116,0.0,100,0.0,0.0,0.0,0.0,0.0,0,0,0,0,0.0,0,0,0,0,0,0,0,0,0,0,0,0,0,0,0,0,0,0,0,0,0,0,0,0,0,0,0,0,0,0,0,0,0,31,40,40,71,65476,0,300,0,0,8,21553,0.0,-107605600.0,0.0,0.0,0.0,0.0,0.0,0.0,0.0,0.0,0.0,0.0,0.0,0.0,0.0,0.0,0.0,0.0,0.0,0.0,0.0,0.0,-2.004,2.004,-2.004,0.0,0.0,0.0,0.0,0.0,4497.0,564144759635968.0,6923.0,0.0,0.0,-0.0,-0.0,0.0,0.0,0.0,0.0,69,-126841143296.0,-0.0,0.0,0.0,0.0,0.0,0.0,0.0,0.0,0,0,0,0.0,0.0,0.0,0.0,0.0,0.0,0.0,0.0,0.0,0.0,0.0,0.0,0.0,0.0,0.0,0.0,0,-107875648.0,69,0.0,138,0.0,0.0,0,0,17086,0,17101,13107,17080,0,0,0,70,68,100,2.7302399002429377e+23,82.1,0.0,78.4,-107615464.0,78.5,1,49,50,180,0,13107,0,0,0.0,0.0,0.0,0.0,-0.0,67.0,0.0,162057.094,0.0,975,0,1001,0,0,0,950,0,1025,0,921,0,789,0,781,0,822,0,7520,0.032,7.090467253332109e+19,0.0,0.0,784,16797,-0.0,162057.094,-114818.039,-0.0,0.133,6.909358625270745e+28,30.0,70.0,35,0.0,0.0,0.0,0.0,0.0,0.0,0.0,0.0,0.0,0.0,0.0,0.0,0.0,0.0,0.0,0.0,66.8,0,150,71,51,65476,0,300,0,0,8,20529,65476,0,0,44564,70.0,0.0,0.0,0.0,0.0,0.0
2026-09-10T21:34:27,ERR,ERR,ERR,ERR,ERR,ERR,ERR,ERR,ERR,ERR,ERR,ERR,ERR,ERR,ERR,ERR,ERR,ERR,ERR,ERR,ERR,ERR,ERR,ERR,ERR,ERR,ERR,ERR,ERR,ERR,ERR,ERR,ERR,ERR,ERR,ERR,ERR,ERR,ERR,ERR,ERR,ERR,ERR,ERR,ERR,ERR,ERR,ERR,ERR,ERR,ERR,ERR,ERR,ERR,ERR,ERR,ERR,ERR,ERR,ERR,ERR,ERR,ERR,ERR,ERR,ERR,ERR,ERR,ERR,ERR,ERR,ERR,ERR,ERR,ERR,ERR,ERR,ERR,ERR,ERR,ERR,ERR,ERR,ERR,ERR,ERR,ERR,ERR,ERR,ERR,ERR,ERR,ERR,ERR,ERR,ERR,ERR,ERR,ERR,ERR,ERR,ERR,ERR,ERR,ERR,ERR,ERR,ERR,ERR,ERR,ERR,ERR,ERR,ERR,ERR,ERR,ERR,ERR,ERR,ERR,ERR,ERR,ERR,ERR,ERR,0.0,0.0,2.6474835549302285e+23,0.0,0.0,1.3936040501711995e+18,7.805,0.0,0,0,4,0,7116,0.0,100,0.0,0.0,0.0,0.0,0.0,0,0,0,0,0.0,0,0,0,0,0,0,0,0,0,0,0,0,0,0,0,0,0,0,0,0,0,0,0,0,0,0,0,0,0,0,0,0,0,31,40,40,71,65476,0,300,0,0,8,21553,0.0,-107605600.0,0.0,0.0,0.0,0.0,0.0,0.0,0.0,0.0,0.0,0.0,0.0,0.0,0.0,0.0,0.0,0.0,0.0,0.0,0.0,0.0,-2.004,2.004,-2.004,0.0,0.0,0.0,0.0,0.0,4497.0,564144759635968.0,6923.0,0.0,0.0,-0.0,-0.0,0.0,0.0,0.0,0.0,69,-126841143296.0,-0.0,0.0,0.0,0.0,0.0,0.0,0.0,0.0,0,0,0,0.0,0.0,0.0,0.0,0.0,0.0,0.0,0.0,0.0,0.0,0.0,0.0,0.0,0.0,0.0,0.0,0,-107875648.0,69,0.0,138,0.0,0.0,0,0,17086,52429,17100,13107,17080,0,0,0,70,68,100,2.7302399002429377e+23,82.1,0.0,78.4,-107615464.0,78.5,1,49,50,180,0,13107,0,0,0.0,0.0,0.0,0.0,-0.0,67.0,0.0,162057.094,0.0,975,0,1001,0,0,0,950,0,1024,0,921,0,789,0,781,0,822,0,7520,0.032,7.090467253332109e+19,0.0,0.0,784,16797,-0.0,162057.094,-114818.039,-0.0,0.133,6.909358625270745e+28,30.0,70.0,35,0.0,0.0,0.0,0.0,0.0,0.0,0.0,0.0,0.0,0.0,0.0,0.0,0.0,0.0,0.0,0.0,66.8,0,150,71,51,65476,0,300,0,0,8,20529,65476,0,0,44564,70.0,0.0,0.0,0.0,0.0,0.0
2026-09-10T21:34:28,ERR,ERR,ERR,ERR,ERR,ERR,ERR,ERR,ERR,ERR,ERR,ERR,ERR,ERR,ERR,ERR,ERR,ERR,ERR,ERR,ERR,ERR,ERR,ERR,ERR,ERR,ERR,ERR,ERR,ERR,ERR,ERR,ERR,ERR,ERR,ERR,ERR,ERR,ERR,ERR,ERR,ERR,ERR,ERR,ERR,ERR,ERR,ERR,ERR,ERR,ERR,ERR,ERR,ERR,ERR,ERR,ERR,ERR,ERR,ERR,ERR,ERR,ERR,ERR,ERR,ERR,ERR,ERR,ERR,ERR,ERR,ERR,ERR,ERR,ERR,ERR,ERR,ERR,ERR,ERR,ERR,ERR,ERR,ERR,ERR,ERR,ERR,ERR,ERR,ERR,ERR,ERR,ERR,ERR,ERR,ERR,ERR,ERR,ERR,ERR,ERR,ERR,ERR,ERR,ERR,ERR,ERR,ERR,ERR,ERR,ERR,ERR,ERR,ERR,ERR,ERR,ERR,ERR,ERR,ERR,ERR,ERR,ERR,ERR,ERR,0.0,0.0,2.6474835549302285e+23,0.0,0.0,1.3936040501711995e+18,7.805,0.0,0,0,4,0,7116,0.0,100,0.0,0.0,0.0,0.0,0.0,0,0,0,0,0.0,0,0,0,0,0,0,0,0,0,0,0,0,0,0,0,0,0,0,0,0,0,0,0,0,0,0,0,0,0,0,0,0,0,31,40,40,71,65476,0,300,0,0,8,21553,0.0,-107605600.0,0.0,0.0,0.0,0.0,0.0,0.0,0.0,0.0,0.0,0.0,0.0,0.0,0.0,0.0,0.0,0.0,0.0,0.0,0.0,0.0,-2.004,2.004,0.0,0.0,0.0,0.0,0.0,0.0,4488.0,3.69717909675028e+19,6923.0,0.0,0.0,0.0,-0.0,0.0,0.0,0.0,0.0,69,-71.63,-0.0,0.0,0.0,0.0,0.0,0.0,0.0,0.0,0,0,0,0.0,0.0,0.0,0.0,0.0,0.0,0.0,0.0,0.0,0.0,0.0,0.0,0.0,0.0,0.0,0.0,0,-107875648.0,69,0.0,138,0.0,0.0,0,0,17086,52429,17100,13107,17080,0,0,0,70,68,100,2.7302399002429377e+23,82.1,0.0,78.4,-107615464.0,78.5,1,49,50,180,0,13107,0,0,0.0,0.0,0.0,0.0,-0.0,67.0,0.0,162057.094,0.0,975,0,1001,0,0,0,950,0,1024,0,921,0,789,0,781,0,822,0,7520,0.032,7.090467253332109e+19,0.0,0.0,784,16797,-0.0,162057.094,-114818.039,-0.0,0.133,6.909358625270745e+28,30.0,70.0,35,0.0,0.0,0.0,0.0,0.0,0.0,0.0,0.0,0.0,0.0,0.0,0.0,0.0,0.0,0.0,0.0,66.8,0,150,71,51,65476,0,300,0,0,8,20529,65476,0,0,44564,70.0,0.0,0.0,0.0,0.0,0.0
2026-09-10T21:34:29,ERR,ERR,ERR,ERR,ERR,ERR,ERR,ERR,ERR,ERR,ERR,ERR,ERR,ERR,ERR,ERR,ERR,ERR,ERR,ERR,ERR,ERR,ERR,ERR,ERR,ERR,ERR,ERR,ERR,ERR,ERR,ERR,ERR,ERR,ERR,ERR,ERR,ERR,ERR,ERR,ERR,ERR,ERR,ERR,ERR,ERR,ERR,ERR,ERR,ERR,ERR,ERR,ERR,ERR,ERR,ERR,ERR,ERR,ERR,ERR,ERR,ERR,ERR,ERR,ERR,ERR,ERR,ERR,ERR,ERR,ERR,ERR,ERR,ERR,ERR,ERR,ERR,ERR,ERR,ERR,ERR,ERR,ERR,ERR,ERR,ERR,ERR,ERR,ERR,ERR,ERR,ERR,ERR,ERR,ERR,ERR,ERR,ERR,ERR,ERR,ERR,ERR,ERR,ERR,ERR,ERR,ERR,ERR,ERR,ERR,ERR,ERR,ERR,ERR,ERR,ERR,ERR,ERR,ERR,ERR,ERR,ERR,ERR,ERR,ERR,0.0,0.0,2.6474835549302285e+23,0.0,0.0,1.3936040501711995e+18,7.805,0.0,0,0,4,0,7116,0.0,100,0.0,0.0,0.0,0.0,0.0,0,0,0,0,0.0,0,0,0,0,0,0,0,0,0,0,0,0,0,0,0,0,0,0,0,0,0,0,0,0,0,0,0,0,0,0,0,0,0,31,40,40,71,65476,0,300,0,0,8,21553,0.0,-107605600.0,0.0,0.0,0.0,0.0,0.0,0.0,0.0,0.0,0.0,0.0,0.0,0.0,0.0,0.0,0.0,0.0,0.0,0.0,0.0,0.0,-2.004,2.004,0.0,0.0,0.0,0.0,0.0,0.0,4488.0,3.69717909675028e+19,6923.0,0.0,0.0,0.0,-0.0,0.0,0.0,0.0,0.0,69,-71.63,-0.0,0.0,0.0,0.0,0.0,0.0,0.0,0.0,0,0,0,0.0,0.0,0.0,0.0,0.0,0.0,0.0,0.0,0.0,0.0,0.0,0.0,0.0,0.0,0.0,0.0,0,-107875648.0,69,0.0,138,0.0,0.0,0,0,17086,52429,17100,13107,17080,0,0,0,70,68,100,2.7302399002429377e+23,82.1,0.0,78.4,-107615464.0,78.5,1,49,50,180,0,13107,0,0,0.0,0.0,0.0,0.0,-0.0,67.0,0.0,162057.094,0.0,975,0,1001,0,0,0,950,0,1024,0,921,0,789,0,781,0,822,0,7520,0.032,7.090467253332109e+19,0.0,0.0,784,16797,-0.0,162057.094,-114818.039,-0.0,0.133,6.909358625270745e+28,30.0,70.0,35,0.0,0.0,0.0,0.0,0.0,0.0,0.0,0.0,0.0,0.0,0.0,0.0,0.0,0.0,0.0,0.0,66.4,0,150,71,51,65476,0,300,0,0,8,20529,65476,0,0,44564,70.0,0.0,0.0,0.0,0.0,0.0
2026-09-10T21:34:30,ERR,ERR,ERR,ERR,ERR,ERR,ERR,ERR,ERR,ERR,ERR,ERR,ERR,ERR,ERR,ERR,ERR,ERR,ERR,ERR,ERR,ERR,ERR,ERR,ERR,ERR,ERR,ERR,ERR,ERR,ERR,ERR,ERR,ERR,ERR,ERR,ERR,ERR,ERR,ERR,ERR,ERR,ERR,ERR,ERR,ERR,ERR,ERR,ERR,ERR,ERR,ERR,ERR,ERR,ERR,ERR,ERR,ERR,ERR,ERR,ERR,ERR,ERR,ERR,ERR,ERR,ERR,ERR,ERR,ERR,ERR,ERR,ERR,ERR,ERR,ERR,ERR,ERR,ERR,ERR,ERR,ERR,ERR,ERR,ERR,ERR,ERR,ERR,ERR,ERR,ERR,ERR,ERR,ERR,ERR,ERR,ERR,ERR,ERR,ERR,ERR,ERR,ERR,ERR,ERR,ERR,ERR,ERR,ERR,ERR,ERR,ERR,ERR,ERR,ERR,ERR,ERR,ERR,ERR,ERR,ERR,ERR,ERR,ERR,ERR,0.0,0.0,2.6474835549302285e+23,0.0,0.0,1.3936040501711995e+18,7.805,0.0,0,0,4,0,7116,0.0,100,0.0,0.0,0.0,0.0,0.0,0,0,0,0,0.0,0,0,0,0,0,0,0,0,0,0,0,0,0,0,0,0,0,0,0,0,0,0,0,0,0,0,0,0,0,0,0,0,0,31,40,40,71,65476,0,300,0,0,8,21553,0.0,-107605600.0,0.0,0.0,0.0,0.0,0.0,0.0,0.0,0.0,0.0,0.0,0.0,0.0,0.0,0.0,0.0,0.0,0.0,0.0,0.0,0.0,-2.004,2.004,0.0,0.0,0.0,0.0,0.0,0.0,4488.0,3.69717909675028e+19,6923.0,0.0,0.0,0.0,-0.0,0.0,0.0,0.0,0.0,69,-71.63,-0.0,0.0,0.0,0.0,0.0,0.0,0.0,0.0,0,0,0,0.0,0.0,0.0,0.0,0.0,0.0,0.0,0.0,0.0,0.0,0.0,0.0,0.0,0.0,0.0,0.0,0,-107875648.0,69,0.0,138,0.0,0.0,0,0,17086,52429,17100,13107,17080,0,0,0,70,68,100,2.7302399002429377e+23,82.1,0.0,78.4,-107615464.0,78.5,1,49,50,180,0,13107,0,0,0.0,0.0,0.0,0.0,-0.0,67.0,0.0,162057.094,0.0,975,0,1001,0,0,0,950,0,1024,0,921,0,789,0,781,0,822,0,7520,0.032,7.090467253332109e+19,0.0,0.0,784,16797,-0.0,162057.094,-114818.039,-0.0,0.133,6.909358625270745e+28,30.0,70.0,35,0.0,0.0,0.0,0.0,0.0,0.0,0.0,0.0,0.0,0.0,0.0,0.0,0.0,0.0,0.0,0.0,66.4,0,150,71,51,65476,0,300,0,0,8,20529,65476,0,0,44564,70.0,0.0,0.0,0.0,0.0,0.0
2026-09-10T21:34:31,ERR,ERR,ERR,ERR,ERR,ERR,ERR,ERR,ERR,ERR,ERR,ERR,ERR,ERR,ERR,ERR,ERR,ERR,ERR,ERR,ERR,ERR,ERR,ERR,ERR,ERR,ERR,ERR,ERR,ERR,ERR,ERR,ERR,ERR,ERR,ERR,ERR,ERR,ERR,ERR,ERR,ERR,ERR,ERR,ERR,ERR,ERR,ERR,ERR,ERR,ERR,ERR,ERR,ERR,ERR,ERR,ERR,ERR,ERR,ERR,ERR,ERR,ERR,ERR,ERR,ERR,ERR,ERR,ERR,ERR,ERR,ERR,ERR,ERR,ERR,ERR,ERR,ERR,ERR,ERR,ERR,ERR,ERR,ERR,ERR,ERR,ERR,ERR,ERR,ERR,ERR,ERR,ERR,ERR,ERR,ERR,ERR,ERR,ERR,ERR,ERR,ERR,ERR,ERR,ERR,ERR,ERR,ERR,ERR,ERR,ERR,ERR,ERR,ERR,ERR,ERR,ERR,ERR,ERR,ERR,ERR,ERR,ERR,ERR,ERR,0.0,0.0,2.6474835549302285e+23,0.0,0.0,1.3936040501711995e+18,7.805,0.0,0,0,4,0,7116,0.0,100,0.0,0.0,0.0,0.0,0.0,0,0,0,0,0.0,0,0,0,0,0,0,0,0,0,0,0,0,0,0,0,0,0,0,0,0,0,0,0,0,0,0,0,0,0,0,0,0,0,31,40,40,71,65476,0,300,0,0,8,21553,0.0,-107605600.0,0.0,0.0,0.0,0.0,0.0,0.0,0.0,0.0,0.0,0.0,0.0,0.0,0.0,0.0,0.0,0.0,0.0,0.0,0.0,0.0,-2.004,2.004,0.0,0.0,0.0,0.0,0.0,0.0,4488.0,3.69717909675028e+19,6923.0,0.0,0.0,0.0,-0.0,0.0,0.0,0.0,0.0,69,-71.63,-0.0,0.0,0.0,0.0,0.0,0.0,0.0,0.0,0,0,0,0.0,0.0,0.0,0.0,0.0,0.0,0.0,0.0,0.0,0.0,0.0,0.0,0.0,0.0,0.0,0.0,0,-107875648.0,69,0.0,138,0.0,0.0,0,0,17086,52429,17100,13107,17080,0,0,0,70,68,100,2.7302399002429377e+23,82.1,0.0,78.4,-107615464.0,78.5,1,49,50,180,0,13107,0,0,0.0,0.0,0.0,0.0,-0.0,67.0,0.0,162057.094,0.0,975,0,1001,0,0,0,950,0,1024,0,921,0,789,0,781,0,822,0,7520,0.032,7.090467253332109e+19,0.0,0.0,784,16797,-0.0,162057.094,-114818.039,-0.0,0.133,6.909358625270745e+28,30.0,70.0,35,0.0,0.0,0.0,0.0,0.0,0.0,0.0,0.0,0.0,0.0,0.0,0.0,0.0,0.0,0.0,0.0,66.4,0,150,71,51,65476,0,300,0,0,8,20529,65476,0,0,44564,70.0,0.0,0.0,0.0,0.0,0.0
2026-09-10T21:34:32,ERR,ERR,ERR,ERR,ERR,ERR,ERR,ERR,ERR,ERR,ERR,ERR,ERR,ERR,ERR,ERR,ERR,ERR,ERR,ERR,ERR,ERR,ERR,ERR,ERR,ERR,ERR,ERR,ERR,ERR,ERR,ERR,ERR,ERR,ERR,ERR,ERR,ERR,ERR,ERR,ERR,ERR,ERR,ERR,ERR,ERR,ERR,ERR,ERR,ERR,ERR,ERR,ERR,ERR,ERR,ERR,ERR,ERR,ERR,ERR,ERR,ERR,ERR,ERR,ERR,ERR,ERR,ERR,ERR,ERR,ERR,ERR,ERR,ERR,ERR,ERR,ERR,ERR,ERR,ERR,ERR,ERR,ERR,ERR,ERR,ERR,ERR,ERR,ERR,ERR,ERR,ERR,ERR,ERR,ERR,ERR,ERR,ERR,ERR,ERR,ERR,ERR,ERR,ERR,ERR,ERR,ERR,ERR,ERR,ERR,ERR,ERR,ERR,ERR,ERR,ERR,ERR,ERR,ERR,ERR,ERR,ERR,ERR,ERR,ERR,0.0,0.0,2.6474835549302285e+23,0.0,0.0,1.3936040501711995e+18,7.805,0.0,0,0,4,0,7116,0.0,100,0.0,0.0,0.0,0.0,0.0,0,0,0,0,0.0,0,0,0,0,0,0,0,0,0,0,0,0,0,0,0,0,0,0,0,0,0,0,0,0,0,0,0,0,0,0,0,0,0,31,40,40,71,65476,0,300,0,0,8,21553,0.0,-107605600.0,0.0,0.0,0.0,0.0,0.0,0.0,0.0,0.0,0.0,0.0,0.0,0.0,0.0,0.0,0.0,0.0,0.0,0.0,0.0,0.0,-2.004,2.004,0.0,0.0,0.0,0.0,0.0,0.0,4488.0,3.69717909675028e+19,6923.0,0.0,0.0,0.0,-0.0,0.0,0.0,0.0,0.0,69,-71.63,-0.0,0.0,0.0,0.0,0.0,0.0,0.0,0.0,0,0,0,0.0,0.0,0.0,0.0,0.0,0.0,0.0,0.0,0.0,0.0,0.0,0.0,0.0,0.0,0.0,0.0,0,-107875648.0,69,0.0,138,0.0,0.0,0,0,17086,52429,17100,13107,17080,0,0,0,70,68,100,2.7302399002429377e+23,82.1,0.0,78.4,-107615464.0,78.5,1,49,50,180,0,13107,0,0,0.0,0.0,0.0,0.0,-0.0,67.0,0.0,162057.094,0.0,975,0,1001,0,0,0,950,0,1024,0,921,0,789,0,781,0,822,0,7520,0.032,7.090467253332109e+19,0.0,0.0,784,16797,-0.0,162057.094,-114818.039,-0.0,0.133,6.909358625270745e+28,30.0,70.0,35,0.0,0.0,0.0,0.0,0.0,0.0,0.0,0.0,0.0,0.0,0.0,0.0,0.0,0.0,0.0,0.0,66.4,0,150,71,51,65476,0,300,0,0,8,20529,65476,0,0,44564,70.0,0.0,0.0,0.0,0.0,0.0
2026-09-10T21:34:33,ERR,ERR,ERR,ERR,ERR,ERR,ERR,ERR,ERR,ERR,ERR,ERR,ERR,ERR,ERR,ERR,ERR,ERR,ERR,ERR,ERR,ERR,ERR,ERR,ERR,ERR,ERR,ERR,ERR,ERR,ERR,ERR,ERR,ERR,ERR,ERR,ERR,ERR,ERR,ERR,ERR,ERR,ERR,ERR,ERR,ERR,ERR,ERR,ERR,ERR,ERR,ERR,ERR,ERR,ERR,ERR,ERR,ERR,ERR,ERR,ERR,ERR,ERR,ERR,ERR,ERR,ERR,ERR,ERR,ERR,ERR,ERR,ERR,ERR,ERR,ERR,ERR,ERR,ERR,ERR,ERR,ERR,ERR,ERR,ERR,ERR,ERR,ERR,ERR,ERR,ERR,ERR,ERR,ERR,ERR,ERR,ERR,ERR,ERR,ERR,ERR,ERR,ERR,ERR,ERR,ERR,ERR,ERR,ERR,ERR,ERR,ERR,ERR,ERR,ERR,ERR,ERR,ERR,ERR,ERR,ERR,ERR,ERR,ERR,ERR,0.0,0.0,2.6474835549302285e+23,0.0,0.0,1.3936040501711995e+18,7.805,0.0,0,0,4,0,7116,0.0,100,0.0,0.0,0.0,0.0,0.0,0,0,0,0,0.0,0,0,0,0,0,0,0,0,0,0,0,0,0,0,0,0,0,0,0,0,0,0,0,0,0,0,0,0,0,0,0,0,0,31,40,40,71,65476,0,300,0,0,8,21553,0.0,-107605600.0,0.0,0.0,0.0,0.0,0.0,0.0,0.0,0.0,0.0,0.0,0.0,0.0,0.0,0.0,0.0,0.0,0.0,0.0,0.0,0.0,-2.004,2.004,0.0,0.0,0.0,0.0,0.0,0.0,4488.0,3.69717909675028e+19,6923.0,0.0,0.0,0.0,-0.0,0.0,0.0,0.0,0.0,69,-71.63,-0.0,0.0,0.0,0.0,0.0,0.0,0.0,0.0,0,0,0,0.0,0.0,0.0,0.0,0.0,0.0,0.0,0.0,0.0,0.0,0.0,0.0,0.0,0.0,0.0,0.0,0,-107875648.0,69,0.0,138,0.0,0.0,0,0,17086,52429,17100,0,17080,0,0,0,70,68,100,2.7302399002429377e+23,82.1,0.0,78.4,-107615464.0,79.0,1,49,50,180,0,13107,0,0,0.0,0.0,0.0,0.0,-0.0,67.0,0.0,162057.094,0.0,975,0,1001,0,0,0,950,0,1024,0,920,0,789,0,781,0,822,0,7520,0.032,7.090467253332109e+19,0.0,0.0,784,16797,-0.0,162057.094,-114818.039,-0.0,0.133,6.909358625270745e+28,30.0,70.0,35,0.0,0.0,0.0,0.0,0.0,0.0,0.0,0.0,0.0,0.0,0.0,0.0,0.0,0.0,0.0,0.0,66.4,0,150,71,51,65476,0,300,0,0,8,20529,65476,0,0,44564,70.0,0.0,0.0,0.0,0.0,0.0
2026-09-10T21:34:34,ERR,ERR,ERR,ERR,ERR,ERR,ERR,ERR,ERR,ERR,ERR,ERR,ERR,ERR,ERR,ERR,ERR,ERR,ERR,ERR,ERR,ERR,ERR,ERR,ERR,ERR,ERR,ERR,ERR,ERR,ERR,ERR,ERR,ERR,ERR,ERR,ERR,ERR,ERR,ERR,ERR,ERR,ERR,ERR,ERR,ERR,ERR,ERR,ERR,ERR,ERR,ERR,ERR,ERR,ERR,ERR,ERR,ERR,ERR,ERR,ERR,ERR,ERR,ERR,ERR,ERR,ERR,ERR,ERR,ERR,ERR,ERR,ERR,ERR,ERR,ERR,ERR,ERR,ERR,ERR,ERR,ERR,ERR,ERR,ERR,ERR,ERR,ERR,ERR,ERR,ERR,ERR,ERR,ERR,ERR,ERR,ERR,ERR,ERR,ERR,ERR,ERR,ERR,ERR,ERR,ERR,ERR,ERR,ERR,ERR,ERR,ERR,ERR,ERR,ERR,ERR,ERR,ERR,ERR,ERR,ERR,ERR,ERR,ERR,ERR,0.0,0.0,2.6474835549302285e+23,0.0,0.0,1.3936040501711995e+18,7.805,0.0,0,0,4,0,7116,0.0,100,0.0,0.0,0.0,0.0,0.0,0,0,0,0,0.0,0,0,0,0,0,0,0,0,0,0,0,0,0,0,0,0,0,0,0,0,0,0,0,0,0,0,0,0,0,0,0,0,0,31,40,40,71,65476,0,300,0,0,8,21553,0.0,-107605600.0,0.0,0.0,0.0,0.0,0.0,0.0,0.0,0.0,0.0,0.0,0.0,0.0,0.0,0.0,0.0,0.0,0.0,0.0,0.0,0.0,-2.004,2.004,0.0,0.0,0.0,0.0,0.0,0.0,4488.0,3.69717909675028e+19,6923.0,0.0,0.0,0.0,-0.0,0.0,0.0,0.0,0.0,69,-71.63,-0.0,0.0,0.0,0.0,0.0,0.0,0.0,0.0,0,0,0,0.0,0.0,0.0,0.0,0.0,0.0,0.0,0.0,0.0,0.0,0.0,0.0,0.0,0.0,0.0,0.0,0,-107875648.0,69,0.0,138,0.0,0.0,0,0,17086,52429,17100,0,17080,0,0,0,70,68,100,2.7302399002429377e+23,82.1,0.0,78.4,-107615464.0,79.0,1,49,50,180,0,13107,0,0,0.0,0.0,0.0,0.0,-0.0,67.0,0.0,162057.094,0.0,975,0,1001,0,0,0,950,0,1024,0,920,0,789,0,781,0,822,0,7520,0.032,7.090467253332109e+19,0.0,0.0,784,16797,-0.0,162057.094,-114818.039,-0.0,0.133,6.909358625270745e+28,30.0,70.0,35,0.0,0.0,0.0,0.0,0.0,0.0,0.0,0.0,0.0,0.0,0.0,0.0,0.0,0.0,0.0,0.0,66.4,0,150,71,51,65476,0,300,0,0,8,20529,65476,0,0,44564,70.0,0.0,0.0,0.0,0.0,0.0
2026-09-10T21:34:35,ERR,ERR,ERR,ERR,ERR,ERR,ERR,ERR,ERR,ERR,ERR,ERR,ERR,ERR,ERR,ERR,ERR,ERR,ERR,ERR,ERR,ERR,ERR,ERR,ERR,ERR,ERR,ERR,ERR,ERR,ERR,ERR,ERR,ERR,ERR,ERR,ERR,ERR,ERR,ERR,ERR,ERR,ERR,ERR,ERR,ERR,ERR,ERR,ERR,ERR,ERR,ERR,ERR,ERR,ERR,ERR,ERR,ERR,ERR,ERR,ERR,ERR,ERR,ERR,ERR,ERR,ERR,ERR,ERR,ERR,ERR,ERR,ERR,ERR,ERR,ERR,ERR,ERR,ERR,ERR,ERR,ERR,ERR,ERR,ERR,ERR,ERR,ERR,ERR,ERR,ERR,ERR,ERR,ERR,ERR,ERR,ERR,ERR,ERR,ERR,ERR,ERR,ERR,ERR,ERR,ERR,ERR,ERR,ERR,ERR,ERR,ERR,ERR,ERR,ERR,ERR,ERR,ERR,ERR,ERR,ERR,ERR,ERR,ERR,ERR,0.0,0.0,2.6474835549302285e+23,0.0,0.0,1.3936040501711995e+18,7.805,0.0,0,0,4,0,7116,0.0,100,0.0,0.0,0.0,0.0,0.0,0,0,0,0,0.0,0,0,0,0,0,0,0,0,0,0,0,0,0,0,0,0,0,0,0,0,0,0,0,0,0,0,0,0,0,0,0,0,0,31,40,40,71,65476,0,300,0,0,8,21553,0.0,-107605600.0,0.0,0.0,0.0,0.0,0.0,0.0,0.0,0.0,0.0,0.0,0.0,0.0,0.0,0.0,0.0,0.0,0.0,0.0,0.0,0.0,-2.004,2.004,0.0,0.0,0.0,0.0,0.0,0.0,4488.0,3.69717909675028e+19,6923.0,0.0,0.0,0.0,-0.0,0.0,0.0,0.0,0.0,69,-71.63,-0.0,0.0,0.0,0.0,0.0,0.0,0.0,0.0,0,0,0,0.0,0.0,0.0,0.0,0.0,0.0,0.0,0.0,0.0,0.0,0.0,0.0,0.0,0.0,0.0,0.0,0,-107875648.0,69,0.0,138,0.0,0.0,0,0,17086,52429,17100,0,17080,0,0,0,70,68,100,2.7302399002429377e+23,82.1,0.0,78.4,-107615464.0,79.0,1,49,50,180,0,13107,0,0,0.0,0.0,0.0,0.0,-0.0,67.0,0.0,162057.094,0.0,975,0,1001,0,0,0,950,0,1024,0,920,0,789,0,781,0,822,0,7520,0.032,7.090467253332109e+19,0.0,0.0,784,16797,-0.0,162057.094,-114818.039,-0.0,0.133,6.909358625270745e+28,30.0,70.0,35,0.0,0.0,0.0,0.0,0.0,0.0,0.0,0.0,0.0,0.0,0.0,0.0,0.0,0.0,0.0,0.0,66.4,0,150,71,51,65476,0,300,0,0,8,20529,65476,0,0,44564,70.0,0.0,0.0,0.0,0.0,0.0
2026-09-10T21:34:36,ERR,ERR,ERR,ERR,ERR,ERR,ERR,ERR,ERR,ERR,ERR,ERR,ERR,ERR,ERR,ERR,ERR,ERR,ERR,ERR,ERR,ERR,ERR,ERR,ERR,ERR,ERR,ERR,ERR,ERR,ERR,ERR,ERR,ERR,ERR,ERR,ERR,ERR,ERR,ERR,ERR,ERR,ERR,ERR,ERR,ERR,ERR,ERR,ERR,ERR,ERR,ERR,ERR,ERR,ERR,ERR,ERR,ERR,ERR,ERR,ERR,ERR,ERR,ERR,ERR,ERR,ERR,ERR,ERR,ERR,ERR,ERR,ERR,ERR,ERR,ERR,ERR,ERR,ERR,ERR,ERR,ERR,ERR,ERR,ERR,ERR,ERR,ERR,ERR,ERR,ERR,ERR,ERR,ERR,ERR,ERR,ERR,ERR,ERR,ERR,ERR,ERR,ERR,ERR,ERR,ERR,ERR,ERR,ERR,ERR,ERR,ERR,ERR,ERR,ERR,ERR,ERR,ERR,ERR,ERR,ERR,ERR,ERR,ERR,ERR,0.0,0.0,2.6474835549302285e+23,0.0,0.0,1.3936040501711995e+18,7.805,0.0,0,0,4,0,7116,0.0,100,0.0,0.0,0.0,0.0,0.0,0,0,0,0,0.0,0,0,0,0,0,0,0,0,0,0,0,0,0,0,0,0,0,0,0,0,0,0,0,0,0,0,0,0,0,0,0,0,0,31,40,40,71,65476,0,300,0,0,8,21553,0.0,-107605600.0,0.0,0.0,0.0,0.0,0.0,0.0,0.0,0.0,0.0,0.0,0.0,0.0,0.0,0.0,0.0,0.0,0.0,0.0,0.0,0.0,-2.004,2.004,0.0,0.0,0.0,0.0,0.0,0.0,4488.0,3.69717909675028e+19,6923.0,0.0,0.0,0.0,-0.0,0.0,0.0,0.0,0.0,69,-71.63,-0.0,0.0,0.0,0.0,0.0,0.0,0.0,0.0,0,0,0,0.0,0.0,0.0,0.0,0.0,0.0,0.0,0.0,0.0,0.0,0.0,0.0,0.0,0.0,0.0,0.0,0,-107875648.0,69,0.0,138,0.0,0.0,0,0,17086,52429,17100,0,17080,0,0,0,70,68,100,2.7302399002429377e+23,82.1,0.0,78.4,-107615464.0,79.0,1,49,50,180,0,13107,0,0,0.0,0.0,0.0,0.0,-0.0,67.0,0.0,162057.094,0.0,975,0,1001,0,0,0,950,0,1024,0,920,0,789,0,781,0,822,0,7520,0.032,7.090467253332109e+19,0.0,0.0,784,16797,-0.0,162057.094,-114818.039,-0.0,0.133,6.909358625270745e+28,30.0,70.0,35,0.0,0.0,0.0,0.0,0.0,0.0,0.0,0.0,0.0,0.0,0.0,0.0,0.0,0.0,0.0,0.0,66.4,0,150,71,51,65476,0,300,0,0,8,20529,65476,0,0,44564,70.0,0.0,0.0,0.0,0.0,0.0
2026-09-10T21:34:37,ERR,ERR,ERR,ERR,ERR,ERR,ERR,ERR,ERR,ERR,ERR,ERR,ERR,ERR,ERR,ERR,ERR,ERR,ERR,ERR,ERR,ERR,ERR,ERR,ERR,ERR,ERR,ERR,ERR,ERR,ERR,ERR,ERR,ERR,ERR,ERR,ERR,ERR,ERR,ERR,ERR,ERR,ERR,ERR,ERR,ERR,ERR,ERR,ERR,ERR,ERR,ERR,ERR,ERR,ERR,ERR,ERR,ERR,ERR,ERR,ERR,ERR,ERR,ERR,ERR,ERR,ERR,ERR,ERR,ERR,ERR,ERR,ERR,ERR,ERR,ERR,ERR,ERR,ERR,ERR,ERR,ERR,ERR,ERR,ERR,ERR,ERR,ERR,ERR,ERR,ERR,ERR,ERR,ERR,ERR,ERR,ERR,ERR,ERR,ERR,ERR,ERR,ERR,ERR,ERR,ERR,ERR,ERR,ERR,ERR,ERR,ERR,ERR,ERR,ERR,ERR,ERR,ERR,ERR,ERR,ERR,ERR,ERR,ERR,ERR,0.0,0.0,2.6474835549302285e+23,0.0,0.0,1.3936040501711995e+18,7.805,0.0,0,0,4,0,7116,0.0,100,0.0,0.0,0.0,0.0,0.0,0,0,0,0,0.0,0,0,0,0,0,0,0,0,0,0,0,0,0,0,0,0,0,0,0,0,0,0,0,0,0,0,0,0,0,0,0,0,0,31,40,40,71,65476,0,300,0,0,8,21553,0.0,-107605600.0,0.0,0.0,0.0,0.0,0.0,0.0,0.0,0.0,0.0,0.0,0.0,0.0,0.0,0.0,0.0,0.0,0.0,0.0,0.0,0.0,-2.004,2.004,0.0,0.0,0.0,0.0,0.0,0.0,4489.0,1.0406634001529092e+34,6927.0,0.0,0.0,0.0,-0.0,0.0,0.0,0.0,0.0,69,-107615376.0,-107614616.0,0.0,0.0,0.0,0.0,0.0,0.0,0.0,0,0,0,0.0,0.0,0.0,0.0,0.0,0.0,0.0,0.0,0.0,0.0,0.0,0.0,0.0,0.0,0.0,0.0,0,-107875648.0,69,0.0,138,0.0,0.0,0,0,17086,52429,17100,0,17080,0,0,0,70,68,100,2.7302399002429377e+23,82.1,0.0,78.4,-107615464.0,79.0,1,49,50,180,0,13107,0,0,0.0,0.0,0.0,0.0,-0.0,67.0,0.0,162057.094,0.0,975,0,1001,0,0,0,950,0,1024,0,920,0,789,0,781,0,822,0,7520,0.032,7.090467253332109e+19,0.0,0.0,784,16797,-0.0,162057.094,-114818.039,-0.0,0.133,6.909358625270745e+28,30.0,70.0,35,0.0,0.0,0.0,0.0,0.0,0.0,0.0,0.0,0.0,0.0,0.0,0.0,0.0,0.0,0.0,0.0,66.4,0,150,71,51,65476,0,300,0,0,8,20529,65476,0,0,44564,70.0,0.0,0.0,0.0,0.0,0.0
2026-09-10T21:34:38,ERR,ERR,ERR,ERR,ERR,ERR,ERR,ERR,ERR,ERR,ERR,ERR,ERR,ERR,ERR,ERR,ERR,ERR,ERR,ERR,ERR,ERR,ERR,ERR,ERR,ERR,ERR,ERR,ERR,ERR,ERR,ERR,ERR,ERR,ERR,ERR,ERR,ERR,ERR,ERR,ERR,ERR,ERR,ERR,ERR,ERR,ERR,ERR,ERR,ERR,ERR,ERR,ERR,ERR,ERR,ERR,ERR,ERR,ERR,ERR,ERR,ERR,ERR,ERR,ERR,ERR,ERR,ERR,ERR,ERR,ERR,ERR,ERR,ERR,ERR,ERR,ERR,ERR,ERR,ERR,ERR,ERR,ERR,ERR,ERR,ERR,ERR,ERR,ERR,ERR,ERR,ERR,ERR,ERR,ERR,ERR,ERR,ERR,ERR,ERR,ERR,ERR,ERR,ERR,ERR,ERR,ERR,ERR,ERR,ERR,ERR,ERR,ERR,ERR,ERR,ERR,ERR,ERR,ERR,ERR,ERR,ERR,ERR,ERR,ERR,0.0,0.0,2.6474835549302285e+23,0.0,0.0,1.3936040501711995e+18,7.805,0.0,0,0,4,0,7116,0.0,100,0.0,0.0,0.0,0.0,0.0,0,0,0,0,0.0,0,0,0,0,0,0,0,0,0,0,0,0,0,0,0,0,0,0,0,0,0,0,0,0,0,0,0,0,0,0,0,0,0,31,40,40,71,65476,0,300,0,0,8,21553,0.0,-107605600.0,0.0,0.0,0.0,0.0,0.0,0.0,0.0,0.0,0.0,0.0,0.0,0.0,0.0,0.0,0.0,0.0,0.0,0.0,0.0,0.0,-2.004,2.004,0.0,0.0,0.0,0.0,0.0,0.0,4489.0,1.0406634001529092e+34,6927.0,0.0,0.0,0.0,-0.0,0.0,0.0,0.0,0.0,69,-107615376.0,-107614616.0,0.0,0.0,0.0,0.0,0.0,0.0,0.0,0,0,0,0.0,0.0,0.0,0.0,0.0,0.0,0.0,0.0,0.0,0.0,0.0,0.0,0.0,0.0,0.0,0.0,0,-107875648.0,69,0.0,138,0.0,0.0,0,0,17086,52429,17100,0,17080,0,0,0,70,68,100,2.7302399002429377e+23,82.0,0.0,78.4,-107615464.0,78.5,1,49,50,180,0,13107,0,0,0.0,0.0,0.0,0.0,-0.0,67.0,0.0,162057.094,0.0,975,0,1001,0,0,0,950,0,1024,0,920,0,789,0,781,0,822,0,7520,0.032,7.061644215716938e+19,0.0,0.0,784,16797,-0.0,162057.094,-114818.039,-0.0,0.133,6.909358625270745e+28,30.0,70.0,35,0.0,0.0,0.0,0.0,0.0,0.0,0.0,0.0,0.0,0.0,0.0,0.0,0.0,0.0,0.0,0.0,66.4,0,150,71,51,65476,0,300,0,0,8,20529,65476,0,0,44564,70.0,0.0,0.0,0.0,0.0,0.0
2026-09-10T21:34:39,ERR,ERR,ERR,ERR,ERR,ERR,ERR,ERR,ERR,ERR,ERR,ERR,ERR,ERR,ERR,ERR,ERR,ERR,ERR,ERR,ERR,ERR,ERR,ERR,ERR,ERR,ERR,ERR,ERR,ERR,ERR,ERR,ERR,ERR,ERR,ERR,ERR,ERR,ERR,ERR,ERR,ERR,ERR,ERR,ERR,ERR,ERR,ERR,ERR,ERR,ERR,ERR,ERR,ERR,ERR,ERR,ERR,ERR,ERR,ERR,ERR,ERR,ERR,ERR,ERR,ERR,ERR,ERR,ERR,ERR,ERR,ERR,ERR,ERR,ERR,ERR,ERR,ERR,ERR,ERR,ERR,ERR,ERR,ERR,ERR,ERR,ERR,ERR,ERR,ERR,ERR,ERR,ERR,ERR,ERR,ERR,ERR,ERR,ERR,ERR,ERR,ERR,ERR,ERR,ERR,ERR,ERR,ERR,ERR,ERR,ERR,ERR,ERR,ERR,ERR,ERR,ERR,ERR,ERR,ERR,ERR,ERR,ERR,ERR,ERR,0.0,0.0,2.6474835549302285e+23,0.0,0.0,1.3936040501711995e+18,7.805,0.0,0,0,4,0,7116,0.0,100,0.0,0.0,0.0,0.0,0.0,0,0,0,0,0.0,0,0,0,0,0,0,0,0,0,0,0,0,0,0,0,0,0,0,0,0,0,0,0,0,0,0,0,0,0,0,0,0,0,31,40,40,71,65476,0,300,0,0,8,21553,0.0,-107605600.0,0.0,0.0,0.0,0.0,0.0,0.0,0.0,0.0,0.0,0.0,0.0,0.0,0.0,0.0,0.0,0.0,0.0,0.0,0.0,0.0,-2.004,2.004,0.0,0.0,0.0,0.0,0.0,0.0,4489.0,1.0406634001529092e+34,6927.0,0.0,0.0,0.0,-0.0,0.0,0.0,0.0,0.0,69,-107615376.0,-107614616.0,0.0,0.0,0.0,0.0,0.0,0.0,0.0,0,0,0,0.0,0.0,0.0,0.0,0.0,0.0,0.0,0.0,0.0,0.0,0.0,0.0,0.0,0.0,0.0,0.0,0,-107875648.0,69,0.0,138,0.0,0.0,0,0,17086,52429,17100,0,17080,0,0,0,70,68,100,2.7302399002429377e+23,82.0,0.0,78.4,-107615464.0,78.5,1,49,50,180,0,13107,0,0,0.0,0.0,0.0,0.0,-0.0,67.0,0.0,162057.094,0.0,975,0,1001,0,0,0,950,0,1024,0,920,0,789,0,781,0,822,0,7520,0.032,7.061644215716938e+19,0.0,0.0,784,16797,-0.0,162057.094,-114818.039,-0.0,0.133,6.909358625270745e+28,30.0,70.0,35,0.0,0.0,0.0,0.0,0.0,0.0,0.0,0.0,0.0,0.0,0.0,0.0,0.0,0.0,0.0,0.0,66.4,0,150,71,51,65476,0,300,0,0,8,20529,65476,0,0,44564,70.0,0.0,0.0,0.0,0.0,0.0
2026-09-10T21:34:40,ERR,ERR,ERR,ERR,ERR,ERR,ERR,ERR,ERR,ERR,ERR,ERR,ERR,ERR,ERR,ERR,ERR,ERR,ERR,ERR,ERR,ERR,ERR,ERR,ERR,ERR,ERR,ERR,ERR,ERR,ERR,ERR,ERR,ERR,ERR,ERR,ERR,ERR,ERR,ERR,ERR,ERR,ERR,ERR,ERR,ERR,ERR,ERR,ERR,ERR,ERR,ERR,ERR,ERR,ERR,ERR,ERR,ERR,ERR,ERR,ERR,ERR,ERR,ERR,ERR,ERR,ERR,ERR,ERR,ERR,ERR,ERR,ERR,ERR,ERR,ERR,ERR,ERR,ERR,ERR,ERR,ERR,ERR,ERR,ERR,ERR,ERR,ERR,ERR,ERR,ERR,ERR,ERR,ERR,ERR,ERR,ERR,ERR,ERR,ERR,ERR,ERR,ERR,ERR,ERR,ERR,ERR,ERR,ERR,ERR,ERR,ERR,ERR,ERR,ERR,ERR,ERR,ERR,ERR,ERR,ERR,ERR,ERR,ERR,ERR,0.0,0.0,2.6474835549302285e+23,0.0,0.0,1.3936040501711995e+18,7.805,0.0,0,0,4,0,7116,0.0,100,0.0,0.0,0.0,0.0,0.0,0,0,0,0,0.0,0,0,0,0,0,0,0,0,0,0,0,0,0,0,0,0,0,0,0,0,0,0,0,0,0,0,0,0,0,0,0,0,0,31,40,40,71,65476,0,300,0,0,8,21553,0.0,-107605600.0,0.0,0.0,0.0,0.0,0.0,0.0,0.0,0.0,0.0,0.0,0.0,0.0,0.0,0.0,0.0,0.0,0.0,0.0,0.0,0.0,-2.004,2.004,0.0,0.0,0.0,0.0,0.0,0.0,4489.0,1.0406634001529092e+34,6927.0,0.0,0.0,0.0,-0.0,0.0,0.0,0.0,0.0,69,-107615376.0,-107614616.0,0.0,0.0,0.0,0.0,0.0,0.0,0.0,0,0,0,0.0,0.0,0.0,0.0,0.0,0.0,0.0,0.0,0.0,0.0,0.0,0.0,0.0,0.0,0.0,0.0,0,-107875648.0,69,0.0,138,0.0,0.0,0,0,17086,52429,17100,0,17080,0,0,0,70,68,100,2.7302399002429377e+23,82.0,0.0,78.4,-107615464.0,78.5,1,49,50,180,0,13107,0,0,0.0,0.0,0.0,0.0,-0.0,67.0,0.0,162057.094,0.0,975,0,1001,0,0,0,950,0,1024,0,920,0,789,0,781,0,822,0,7520,0.032,7.061644215716938e+19,0.0,0.0,784,16797,-0.0,162057.094,-114818.039,-0.0,0.133,6.909358625270745e+28,30.0,70.0,35,0.0,0.0,0.0,0.0,0.0,0.0,0.0,0.0,0.0,0.0,0.0,0.0,0.0,0.0,0.0,0.0,66.4,0,150,71,51,65476,0,300,0,0,8,20529,65476,0,0,44564,70.0,0.0,0.0,0.0,0.0,0.0
2026-09-10T21:34:41,ERR,ERR,ERR,ERR,ERR,ERR,ERR,ERR,ERR,ERR,ERR,ERR,ERR,ERR,ERR,ERR,ERR,ERR,ERR,ERR,ERR,ERR,ERR,ERR,ERR,ERR,ERR,ERR,ERR,ERR,ERR,ERR,ERR,ERR,ERR,ERR,ERR,ERR,ERR,ERR,ERR,ERR,ERR,ERR,ERR,ERR,ERR,ERR,ERR,ERR,ERR,ERR,ERR,ERR,ERR,ERR,ERR,ERR,ERR,ERR,ERR,ERR,ERR,ERR,ERR,ERR,ERR,ERR,ERR,ERR,ERR,ERR,ERR,ERR,ERR,ERR,ERR,ERR,ERR,ERR,ERR,ERR,ERR,ERR,ERR,ERR,ERR,ERR,ERR,ERR,ERR,ERR,ERR,ERR,ERR,ERR,ERR,ERR,ERR,ERR,ERR,ERR,ERR,ERR,ERR,ERR,ERR,ERR,ERR,ERR,ERR,ERR,ERR,ERR,ERR,ERR,ERR,ERR,ERR,ERR,ERR,ERR,ERR,ERR,ERR,0.0,0.0,2.6474835549302285e+23,0.0,0.0,1.3936040501711995e+18,7.805,0.0,0,0,4,0,7116,0.0,100,0.0,0.0,0.0,0.0,0.0,0,0,0,0,0.0,0,0,0,0,0,0,0,0,0,0,0,0,0,0,0,0,0,0,0,0,0,0,0,0,0,0,0,0,0,0,0,0,0,31,40,40,71,65476,0,300,0,0,8,21553,0.0,-107605600.0,0.0,0.0,0.0,0.0,0.0,0.0,0.0,0.0,0.0,0.0,0.0,0.0,0.0,0.0,0.0,0.0,0.0,0.0,0.0,0.0,-2.004,2.004,0.0,0.0,0.0,0.0,0.0,0.0,4489.0,1.0406634001529092e+34,6927.0,0.0,0.0,0.0,-0.0,0.0,0.0,0.0,0.0,69,-107615376.0,-107614616.0,0.0,0.0,0.0,0.0,0.0,0.0,0.0,0,0,0,0.0,0.0,0.0,0.0,0.0,0.0,0.0,0.0,0.0,0.0,0.0,0.0,0.0,0.0,0.0,0.0,0,-107875648.0,69,0.0,138,0.0,0.0,0,0,17086,52429,17100,0,17080,0,0,0,70,68,100,2.7302399002429377e+23,82.1,0.0,78.4,0.0,78.5,1,49,50,180,0,13107,0,0,0.0,0.0,0.0,0.0,-0.0,67.0,0.0,162057.094,0.0,975,0,1001,0,0,0,950,0,1024,0,920,0,789,0,780,0,822,0,7520,0.032,7.090467253332109e+19,0.0,0.0,784,16797,-0.0,162057.094,-114818.039,-0.0,0.133,6.909358625270745e+28,30.0,70.0,35,0.0,0.0,0.0,0.0,0.0,0.0,0.0,0.0,0.0,0.0,0.0,0.0,0.0,0.0,0.0,0.0,66.4,0,150,71,51,65476,0,300,0,0,8,20529,65476,0,0,44564,70.0,0.0,0.0,0.0,0.0,0.0
2026-09-10T21:34:42,ERR,ERR,ERR,ERR,ERR,ERR,ERR,ERR,ERR,ERR,ERR,ERR,ERR,ERR,ERR,ERR,ERR,ERR,ERR,ERR,ERR,ERR,ERR,ERR,ERR,ERR,ERR,ERR,ERR,ERR,ERR,ERR,ERR,ERR,ERR,ERR,ERR,ERR,ERR,ERR,ERR,ERR,ERR,ERR,ERR,ERR,ERR,ERR,ERR,ERR,ERR,ERR,ERR,ERR,ERR,ERR,ERR,ERR,ERR,ERR,ERR,ERR,ERR,ERR,ERR,ERR,ERR,ERR,ERR,ERR,ERR,ERR,ERR,ERR,ERR,ERR,ERR,ERR,ERR,ERR,ERR,ERR,ERR,ERR,ERR,ERR,ERR,ERR,ERR,ERR,ERR,ERR,ERR,ERR,ERR,ERR,ERR,ERR,ERR,ERR,ERR,ERR,ERR,ERR,ERR,ERR,ERR,ERR,ERR,ERR,ERR,ERR,ERR,ERR,ERR,ERR,ERR,ERR,ERR,ERR,ERR,ERR,ERR,ERR,ERR,0.0,0.0,2.6474835549302285e+23,0.0,0.0,1.3936040501711995e+18,7.805,0.0,0,0,4,0,7116,0.0,100,0.0,0.0,0.0,0.0,0.0,0,0,0,0,0.0,0,0,0,0,0,0,0,0,0,0,0,0,0,0,0,0,0,0,0,0,0,0,0,0,0,0,0,0,0,0,0,0,0,31,40,40,71,65476,0,300,0,0,8,21553,0.0,-107605600.0,0.0,0.0,0.0,0.0,0.0,0.0,0.0,0.0,0.0,0.0,0.0,0.0,0.0,0.0,0.0,0.0,0.0,0.0,0.0,0.0,-2.004,2.004,0.0,0.0,0.0,0.0,0.0,0.0,4490.0,564144759635968.0,6923.0,0.0,0.0,0.0,-0.0,0.0,0.0,0.0,0.0,69,-71.63,-0.0,0.0,0.0,0.0,0.0,0.0,0.0,0.0,0,0,0,0.0,0.0,0.0,0.0,0.0,0.0,0.0,0.0,0.0,0.0,0.0,0.0,0.0,0.0,0.0,0.0,0,-107875648.0,69,0.0,138,0.0,0.0,0,0,17086,52429,17100,0,17080,0,0,0,70,68,100,2.7302399002429377e+23,82.1,0.0,78.4,0.0,78.5,1,49,50,180,0,13107,0,0,0.0,0.0,0.0,0.0,-0.0,67.0,0.0,162057.094,0.0,975,0,1001,0,0,0,950,0,1024,0,920,0,789,0,780,0,822,0,7520,0.032,7.090467253332109e+19,0.0,0.0,784,16797,-0.0,162057.094,-114818.039,-0.0,0.133,6.909358625270745e+28,30.0,70.0,35,0.0,0.0,0.0,0.0,0.0,0.0,0.0,0.0,0.0,0.0,0.0,0.0,0.0,0.0,0.0,0.0,66.4,0,150,71,51,65476,0,300,0,0,8,20529,65476,0,0,44564,70.0,0.0,0.0,0.0,0.0,0.0
2026-09-10T21:34:43,ERR,ERR,ERR,ERR,ERR,ERR,ERR,ERR,ERR,ERR,ERR,ERR,ERR,ERR,ERR,ERR,ERR,ERR,ERR,ERR,ERR,ERR,ERR,ERR,ERR,ERR,ERR,ERR,ERR,ERR,ERR,ERR,ERR,ERR,ERR,ERR,ERR,ERR,ERR,ERR,ERR,ERR,ERR,ERR,ERR,ERR,ERR,ERR,ERR,ERR,ERR,ERR,ERR,ERR,ERR,ERR,ERR,ERR,ERR,ERR,ERR,ERR,ERR,ERR,ERR,ERR,ERR,ERR,ERR,ERR,ERR,ERR,ERR,ERR,ERR,ERR,ERR,ERR,ERR,ERR,ERR,ERR,ERR,ERR,ERR,ERR,ERR,ERR,ERR,ERR,ERR,ERR,ERR,ERR,ERR,ERR,ERR,ERR,ERR,ERR,ERR,ERR,ERR,ERR,ERR,ERR,ERR,ERR,ERR,ERR,ERR,ERR,ERR,ERR,ERR,ERR,ERR,ERR,ERR,ERR,ERR,ERR,ERR,ERR,ERR,0.0,0.0,2.6474835549302285e+23,0.0,0.0,1.3936040501711995e+18,7.805,0.0,0,0,4,0,7116,0.0,100,0.0,0.0,0.0,0.0,0.0,0,0,0,0,0.0,0,0,0,0,0,0,0,0,0,0,0,0,0,0,0,0,0,0,0,0,0,0,0,0,0,0,0,0,0,0,0,0,0,31,40,40,71,65476,0,300,0,0,8,21553,0.0,-107605600.0,0.0,0.0,0.0,0.0,0.0,0.0,0.0,0.0,0.0,0.0,0.0,0.0,0.0,0.0,0.0,0.0,0.0,0.0,0.0,0.0,-2.004,2.004,0.0,0.0,0.0,0.0,0.0,0.0,4490.0,564144759635968.0,6923.0,0.0,0.0,0.0,-0.0,0.0,0.0,0.0,0.0,69,-71.63,-0.0,0.0,0.0,0.0,0.0,0.0,0.0,0.0,0,0,0,0.0,0.0,0.0,0.0,0.0,0.0,0.0,0.0,0.0,0.0,0.0,0.0,0.0,0.0,0.0,0.0,0,-107875648.0,69,0.0,138,0.0,0.0,0,0,17086,52429,17100,0,17080,0,0,0,70,68,100,2.7302399002429377e+23,82.1,0.0,78.4,0.0,78.5,1,49,50,180,0,13107,0,0,0.0,0.0,0.0,0.0,-0.0,67.0,0.0,162057.094,0.0,975,0,1001,0,0,0,950,0,1024,0,920,0,789,0,780,0,822,0,7520,0.032,7.090467253332109e+19,0.0,0.0,784,16797,-0.0,162057.094,-114818.039,-0.0,0.133,6.909358625270745e+28,30.0,70.0,35,0.0,0.0,0.0,0.0,0.0,0.0,0.0,0.0,0.0,0.0,0.0,0.0,0.0,0.0,0.0,0.0,66.4,0,150,71,51,65476,0,300,0,0,8,20529,65476,0,0,44564,70.0,0.0,0.0,0.0,0.0,0.0
2026-09-10T21:34:44,ERR,ERR,ERR,ERR,ERR,ERR,ERR,ERR,ERR,ERR,ERR,ERR,ERR,ERR,ERR,ERR,ERR,ERR,ERR,ERR,ERR,ERR,ERR,ERR,ERR,ERR,ERR,ERR,ERR,ERR,ERR,ERR,ERR,ERR,ERR,ERR,ERR,ERR,ERR,ERR,ERR,ERR,ERR,ERR,ERR,ERR,ERR,ERR,ERR,ERR,ERR,ERR,ERR,ERR,ERR,ERR,ERR,ERR,ERR,ERR,ERR,ERR,ERR,ERR,ERR,ERR,ERR,ERR,ERR,ERR,ERR,ERR,ERR,ERR,ERR,ERR,ERR,ERR,ERR,ERR,ERR,ERR,ERR,ERR,ERR,ERR,ERR,ERR,ERR,ERR,ERR,ERR,ERR,ERR,ERR,ERR,ERR,ERR,ERR,ERR,ERR,ERR,ERR,ERR,ERR,ERR,ERR,ERR,ERR,ERR,ERR,ERR,ERR,ERR,ERR,ERR,ERR,ERR,ERR,ERR,ERR,ERR,ERR,ERR,ERR,0.0,0.0,2.6474835549302285e+23,0.0,0.0,1.3936040501711995e+18,7.805,0.0,0,0,4,0,7116,0.0,100,0.0,0.0,0.0,0.0,0.0,0,0,0,0,0.0,0,0,0,0,0,0,0,0,0,0,0,0,0,0,0,0,0,0,0,0,0,0,0,0,0,0,0,0,0,0,0,0,0,31,40,40,71,65476,0,300,0,0,8,21553,0.0,-107605600.0,0.0,0.0,0.0,0.0,0.0,0.0,0.0,0.0,0.0,0.0,0.0,0.0,0.0,0.0,0.0,0.0,0.0,0.0,0.0,0.0,-2.004,2.004,0.0,0.0,0.0,0.0,0.0,0.0,4490.0,564144759635968.0,6923.0,0.0,0.0,0.0,-0.0,0.0,0.0,0.0,0.0,69,-71.63,-0.0,0.0,0.0,0.0,0.0,0.0,0.0,0.0,0,0,0,0.0,0.0,0.0,0.0,0.0,0.0,0.0,0.0,0.0,0.0,0.0,0.0,0.0,0.0,0.0,0.0,0,-107875648.0,69,0.0,138,0.0,0.0,0,0,17086,52429,17100,0,17080,0,0,0,70,68,100,2.7302399002429377e+23,82.1,0.0,78.4,0.0,78.5,1,49,50,180,0,13107,0,0,0.0,0.0,0.0,0.0,-0.0,67.0,0.0,162057.094,0.0,975,0,1001,0,0,0,950,0,1024,0,920,0,789,0,780,0,822,0,7520,0.032,7.090467253332109e+19,0.0,0.0,784,16797,-0.0,162057.094,-114818.039,-0.0,0.133,6.909358625270745e+28,30.0,70.0,35,0.0,0.0,0.0,0.0,0.0,0.0,0.0,0.0,0.0,0.0,0.0,0.0,0.0,0.0,0.0,0.0,66.4,0,150,71,51,65476,0,300,0,0,8,20529,65476,0,0,44564,70.0,0.0,0.0,0.0,0.0,0.0
2026-09-10T21:34:45,ERR,ERR,ERR,ERR,ERR,ERR,ERR,ERR,ERR,ERR,ERR,ERR,ERR,ERR,ERR,ERR,ERR,ERR,ERR,ERR,ERR,ERR,ERR,ERR,ERR,ERR,ERR,ERR,ERR,ERR,ERR,ERR,ERR,ERR,ERR,ERR,ERR,ERR,ERR,ERR,ERR,ERR,ERR,ERR,ERR,ERR,ERR,ERR,ERR,ERR,ERR,ERR,ERR,ERR,ERR,ERR,ERR,ERR,ERR,ERR,ERR,ERR,ERR,ERR,ERR,ERR,ERR,ERR,ERR,ERR,ERR,ERR,ERR,ERR,ERR,ERR,ERR,ERR,ERR,ERR,ERR,ERR,ERR,ERR,ERR,ERR,ERR,ERR,ERR,ERR,ERR,ERR,ERR,ERR,ERR,ERR,ERR,ERR,ERR,ERR,ERR,ERR,ERR,ERR,ERR,ERR,ERR,ERR,ERR,ERR,ERR,ERR,ERR,ERR,ERR,ERR,ERR,ERR,ERR,ERR,ERR,ERR,ERR,ERR,ERR,0.0,0.0,2.6474835549302285e+23,0.0,0.0,1.3936040501711995e+18,7.805,0.0,0,0,4,0,7116,0.0,100,0.0,0.0,0.0,0.0,0.0,0,0,0,0,0.0,0,0,0,0,0,0,0,0,0,0,0,0,0,0,0,0,0,0,0,0,0,0,0,0,0,0,0,0,0,0,0,0,0,31,40,40,71,65476,0,300,0,0,8,21553,0.0,-107605600.0,0.0,0.0,0.0,0.0,0.0,0.0,0.0,0.0,0.0,0.0,0.0,0.0,0.0,0.0,0.0,0.0,0.0,0.0,0.0,0.0,-2.004,2.004,0.0,0.0,0.0,0.0,0.0,0.0,4490.0,564144759635968.0,6923.0,0.0,0.0,0.0,-0.0,0.0,0.0,0.0,0.0,69,-71.63,-0.0,0.0,0.0,0.0,0.0,0.0,0.0,0.0,0,0,0,0.0,0.0,0.0,0.0,0.0,0.0,0.0,0.0,0.0,0.0,0.0,0.0,0.0,0.0,0.0,0.0,0,-107875648.0,69,0.0,138,0.0,0.0,0,0,17086,52429,17100,0,17080,0,0,0,70,68,100,2.7302399002429377e+23,82.1,0.0,78.4,0.0,78.5,1,49,50,180,0,13107,0,0,0.0,0.0,0.0,0.0,-0.0,67.0,0.0,162057.094,0.0,975,0,1001,0,0,0,950,0,1024,0,920,0,789,0,780,0,822,0,7520,0.032,7.090467253332109e+19,0.0,0.0,784,16797,-0.0,162057.094,-114818.039,-0.0,0.133,6.909358625270745e+28,30.0,70.0,35,0.0,0.0,0.0,0.0,0.0,0.0,0.0,0.0,0.0,0.0,0.0,0.0,0.0,0.0,0.0,0.0,66.4,0,150,71,51,65476,0,300,0,0,8,20529,65476,0,0,44564,70.0,0.0,0.0,0.0,0.0,0.0
2026-09-10T21:34:46,ERR,ERR,ERR,ERR,ERR,ERR,ERR,ERR,ERR,ERR,ERR,ERR,ERR,ERR,ERR,ERR,ERR,ERR,ERR,ERR,ERR,ERR,ERR,ERR,ERR,ERR,ERR,ERR,ERR,ERR,ERR,ERR,ERR,ERR,ERR,ERR,ERR,ERR,ERR,ERR,ERR,ERR,ERR,ERR,ERR,ERR,ERR,ERR,ERR,ERR,ERR,ERR,ERR,ERR,ERR,ERR,ERR,ERR,ERR,ERR,ERR,ERR,ERR,ERR,ERR,ERR,ERR,ERR,ERR,ERR,ERR,ERR,ERR,ERR,ERR,ERR,ERR,ERR,ERR,ERR,ERR,ERR,ERR,ERR,ERR,ERR,ERR,ERR,ERR,ERR,ERR,ERR,ERR,ERR,ERR,ERR,ERR,ERR,ERR,ERR,ERR,ERR,ERR,ERR,ERR,ERR,ERR,ERR,ERR,ERR,ERR,ERR,ERR,ERR,ERR,ERR,ERR,ERR,ERR,ERR,ERR,ERR,ERR,ERR,ERR,0.0,0.0,2.6474835549302285e+23,0.0,0.0,1.3936040501711995e+18,7.805,0.0,0,0,4,0,7116,0.0,100,0.0,0.0,0.0,0.0,0.0,0,0,0,0,0.0,0,0,0,0,0,0,0,0,0,0,0,0,0,0,0,0,0,0,0,0,0,0,0,0,0,0,0,0,0,0,0,0,0,31,40,40,71,65476,0,300,0,0,8,21553,0.0,-107605600.0,0.0,0.0,0.0,0.0,0.0,0.0,0.0,0.0,0.0,0.0,0.0,0.0,0.0,0.0,0.0,0.0,0.0,0.0,0.0,0.0,-2.004,2.004,0.0,0.0,0.0,0.0,0.0,0.0,4490.0,564144759635968.0,6923.0,0.0,0.0,0.0,-0.0,0.0,0.0,0.0,0.0,69,-71.63,-0.0,0.0,0.0,0.0,0.0,0.0,0.0,0.0,0,0,0,0.0,0.0,0.0,0.0,0.0,0.0,0.0,0.0,0.0,0.0,0.0,0.0,0.0,0.0,0.0,0.0,0,-107875648.0,69,0.0,138,0.0,0.0,0,0,17086,52429,17100,0,17080,0,0,0,70,68,100,2.7302399002429377e+23,82.1,0.0,78.4,-107615464.0,78.5,1,49,50,180,0,13107,0,0,0.0,0.0,0.0,0.0,-0.0,67.0,0.0,162057.094,0.0,975,0,1001,0,0,0,950,0,1024,0,920,0,789,0,781,0,822,0,7520,0.032,7.090467253332109e+19,0.0,0.0,784,16797,-0.0,162057.094,-114818.039,-0.0,0.133,6.909358625270745e+28,30.0,70.0,35,0.0,0.0,0.0,0.0,0.0,0.0,0.0,0.0,0.0,0.0,0.0,0.0,0.0,0.0,0.0,0.0,66.4,0,150,71,51,65476,0,300,0,0,8,20529,65476,0,0,44564,70.0,0.0,0.0,0.0,0.0,0.0
2026-09-10T21:34:47,ERR,ERR,ERR,ERR,ERR,ERR,ERR,ERR,ERR,ERR,ERR,ERR,ERR,ERR,ERR,ERR,ERR,ERR,ERR,ERR,ERR,ERR,ERR,ERR,ERR,ERR,ERR,ERR,ERR,ERR,ERR,ERR,ERR,ERR,ERR,ERR,ERR,ERR,ERR,ERR,ERR,ERR,ERR,ERR,ERR,ERR,ERR,ERR,ERR,ERR,ERR,ERR,ERR,ERR,ERR,ERR,ERR,ERR,ERR,ERR,ERR,ERR,ERR,ERR,ERR,ERR,ERR,ERR,ERR,ERR,ERR,ERR,ERR,ERR,ERR,ERR,ERR,ERR,ERR,ERR,ERR,ERR,ERR,ERR,ERR,ERR,ERR,ERR,ERR,ERR,ERR,ERR,ERR,ERR,ERR,ERR,ERR,ERR,ERR,ERR,ERR,ERR,ERR,ERR,ERR,ERR,ERR,ERR,ERR,ERR,ERR,ERR,ERR,ERR,ERR,ERR,ERR,ERR,ERR,ERR,ERR,ERR,ERR,ERR,ERR,0.0,0.0,2.6474835549302285e+23,0.0,0.0,1.3936040501711995e+18,7.805,0.0,0,0,4,0,7116,0.0,100,0.0,0.0,0.0,0.0,0.0,0,0,0,0,0.0,0,0,0,0,0,0,0,0,0,0,0,0,0,0,0,0,0,0,0,0,0,0,0,0,0,0,0,0,0,0,0,0,0,31,40,40,71,65476,0,300,0,0,8,21553,0.0,-107605600.0,0.0,0.0,0.0,0.0,0.0,0.0,0.0,0.0,0.0,0.0,0.0,0.0,0.0,0.0,0.0,0.0,0.0,0.0,0.0,0.0,-2.004,2.004,0.0,0.0,0.0,0.0,0.0,0.0,4490.0,564144759635968.0,6923.0,0.0,0.0,0.0,-0.0,0.0,0.0,0.0,0.0,69,-71.63,-0.0,0.0,0.0,0.0,0.0,0.0,0.0,0.0,0,0,0,0.0,0.0,0.0,0.0,0.0,0.0,0.0,0.0,0.0,0.0,0.0,0.0,0.0,0.0,0.0,0.0,0,-107875648.0,69,0.0,138,0.0,0.0,0,0,17086,52429,17100,0,17080,0,0,0,70,68,100,2.7302399002429377e+23,82.1,0.0,78.4,-107615464.0,78.5,1,49,50,180,0,13107,0,0,0.0,0.0,0.0,0.0,-0.0,67.0,0.0,162057.094,0.0,975,0,1001,0,0,0,950,0,1024,0,920,0,789,0,781,0,822,0,7520,0.032,7.090467253332109e+19,0.0,0.0,784,16797,-0.0,162057.094,-114818.039,-0.0,0.133,6.909358625270745e+28,30.0,70.0,35,0.0,0.0,0.0,0.0,0.0,0.0,0.0,0.0,0.0,0.0,0.0,0.0,0.0,0.0,0.0,0.0,66.4,0,150,71,51,65476,0,300,0,0,8,20529,65476,0,0,44564,70.0,0.0,0.0,0.0,0.0,0.0
2026-09-10T21:34:48,ERR,ERR,ERR,ERR,ERR,ERR,ERR,ERR,ERR,ERR,ERR,ERR,ERR,ERR,ERR,ERR,ERR,ERR,ERR,ERR,ERR,ERR,ERR,ERR,ERR,ERR,ERR,ERR,ERR,ERR,ERR,ERR,ERR,ERR,ERR,ERR,ERR,ERR,ERR,ERR,ERR,ERR,ERR,ERR,ERR,ERR,ERR,ERR,ERR,ERR,ERR,ERR,ERR,ERR,ERR,ERR,ERR,ERR,ERR,ERR,ERR,ERR,ERR,ERR,ERR,ERR,ERR,ERR,ERR,ERR,ERR,ERR,ERR,ERR,ERR,ERR,ERR,ERR,ERR,ERR,ERR,ERR,ERR,ERR,ERR,ERR,ERR,ERR,ERR,ERR,ERR,ERR,ERR,ERR,ERR,ERR,ERR,ERR,ERR,ERR,ERR,ERR,ERR,ERR,ERR,ERR,ERR,ERR,ERR,ERR,ERR,ERR,ERR,ERR,ERR,ERR,ERR,ERR,ERR,ERR,ERR,ERR,ERR,ERR,ERR,0.0,0.0,2.6474835549302285e+23,0.0,0.0,1.3936040501711995e+18,7.805,0.0,0,0,4,0,7116,0.0,100,0.0,0.0,0.0,0.0,0.0,0,0,0,0,0.0,0,0,0,0,0,0,0,0,0,0,0,0,0,0,0,0,0,0,0,0,0,0,0,0,0,0,0,0,0,0,0,0,0,31,40,40,71,65476,0,300,0,0,8,21553,0.0,-107605600.0,0.0,0.0,0.0,0.0,0.0,0.0,0.0,0.0,0.0,0.0,0.0,0.0,0.0,0.0,0.0,0.0,0.0,0.0,0.0,0.0,-2.004,2.004,0.0,0.0,0.0,0.0,0.0,0.0,4490.0,564144759635968.0,6923.0,0.0,0.0,0.0,-0.0,0.0,0.0,0.0,0.0,69,-71.63,-0.0,0.0,0.0,0.0,0.0,0.0,0.0,0.0,0,0,0,0.0,0.0,0.0,0.0,0.0,0.0,0.0,0.0,0.0,0.0,0.0,0.0,0.0,0.0,0.0,0.0,0,-107875648.0,69,0.0,138,0.0,0.0,0,0,17086,52429,17100,0,17080,0,0,0,70,68,100,2.7302399002429377e+23,82.1,0.0,78.4,-107615464.0,78.5,1,49,50,180,0,13107,0,0,0.0,0.0,0.0,0.0,-0.0,67.0,0.0,162057.094,0.0,975,0,1001,0,0,0,950,0,1024,0,920,0,789,0,781,0,822,0,7520,0.032,7.090467253332109e+19,0.0,0.0,784,16797,-0.0,162057.094,-114818.039,-0.0,0.133,6.909358625270745e+28,30.0,70.0,35,0.0,0.0,0.0,0.0,0.0,0.0,0.0,0.0,0.0,0.0,0.0,0.0,0.0,0.0,0.0,0.0,66.4,0,150,71,51,65476,0,300,0,0,8,20529,65476,0,0,44564,70.0,0.0,0.0,0.0,0.0,0.0
2026-09-10T21:34:49,ERR,ERR,ERR,ERR,ERR,ERR,ERR,ERR,ERR,ERR,ERR,ERR,ERR,ERR,ERR,ERR,ERR,ERR,ERR,ERR,ERR,ERR,ERR,ERR,ERR,ERR,ERR,ERR,ERR,ERR,ERR,ERR,ERR,ERR,ERR,ERR,ERR,ERR,ERR,ERR,ERR,ERR,ERR,ERR,ERR,ERR,ERR,ERR,ERR,ERR,ERR,ERR,ERR,ERR,ERR,ERR,ERR,ERR,ERR,ERR,ERR,ERR,ERR,ERR,ERR,ERR,ERR,ERR,ERR,ERR,ERR,ERR,ERR,ERR,ERR,ERR,ERR,ERR,ERR,ERR,ERR,ERR,ERR,ERR,ERR,ERR,ERR,ERR,ERR,ERR,ERR,ERR,ERR,ERR,ERR,ERR,ERR,ERR,ERR,ERR,ERR,ERR,ERR,ERR,ERR,ERR,ERR,ERR,ERR,ERR,ERR,ERR,ERR,ERR,ERR,ERR,ERR,ERR,ERR,ERR,ERR,ERR,ERR,ERR,ERR,0.0,0.0,2.6474835549302285e+23,0.0,0.0,1.3936040501711995e+18,7.805,0.0,0,0,4,0,7116,0.0,100,0.0,0.0,0.0,0.0,0.0,0,0,0,0,0.0,0,0,0,0,0,0,0,0,0,0,0,0,0,0,0,0,0,0,0,0,0,0,0,0,0,0,0,0,0,0,0,0,0,31,40,40,71,65476,0,300,0,0,8,21553,0.0,-107605600.0,0.0,0.0,0.0,0.0,0.0,0.0,0.0,0.0,0.0,0.0,0.0,0.0,0.0,0.0,0.0,0.0,0.0,0.0,0.0,0.0,-2.004,2.004,0.0,0.0,0.0,0.0,0.0,0.0,4484.0,2.004,6920.0,0.0,0.0,0.0,-0.0,0.0,0.0,0.0,0.0,69,-0.0,-0.0,0.0,0.0,0.0,0.0,0.0,0.0,0.0,0,0,0,0.0,0.0,0.0,0.0,0.0,0.0,0.0,0.0,0.0,0.0,0.0,0.0,0.0,0.0,0.0,0.0,0,-107875648.0,69,0.0,138,0.0,0.0,0,0,17086,52429,17100,0,17080,0,0,0,70,68,100,2.7302399002429377e+23,82.1,0.0,78.4,-107615464.0,78.5,1,49,50,180,0,13107,0,0,0.0,0.0,0.0,0.0,-0.0,67.0,0.0,162057.094,0.0,975,0,1001,0,0,0,950,0,1024,0,920,0,789,0,781,0,822,0,7520,0.032,7.090467253332109e+19,0.0,0.0,784,16797,-0.0,162057.094,-114818.039,-0.0,0.133,6.909358625270745e+28,30.0,70.0,35,0.0,0.0,0.0,0.0,0.0,0.0,0.0,0.0,0.0,0.0,0.0,0.0,0.0,0.0,0.0,0.0,66.4,0,150,71,51,65476,0,300,0,0,8,20529,65476,0,0,44564,70.0,0.0,0.0,0.0,0.0,0.0
2026-09-10T21:34:50,ERR,ERR,ERR,ERR,ERR,ERR,ERR,ERR,ERR,ERR,ERR,ERR,ERR,ERR,ERR,ERR,ERR,ERR,ERR,ERR,ERR,ERR,ERR,ERR,ERR,ERR,ERR,ERR,ERR,ERR,ERR,ERR,ERR,ERR,ERR,ERR,ERR,ERR,ERR,ERR,ERR,ERR,ERR,ERR,ERR,ERR,ERR,ERR,ERR,ERR,ERR,ERR,ERR,ERR,ERR,ERR,ERR,ERR,ERR,ERR,ERR,ERR,ERR,ERR,ERR,ERR,ERR,ERR,ERR,ERR,ERR,ERR,ERR,ERR,ERR,ERR,ERR,ERR,ERR,ERR,ERR,ERR,ERR,ERR,ERR,ERR,ERR,ERR,ERR,ERR,ERR,ERR,ERR,ERR,ERR,ERR,ERR,ERR,ERR,ERR,ERR,ERR,ERR,ERR,ERR,ERR,ERR,ERR,ERR,ERR,ERR,ERR,ERR,ERR,ERR,ERR,ERR,ERR,ERR,ERR,ERR,ERR,ERR,ERR,ERR,0.0,0.0,2.6474835549302285e+23,0.0,0.0,1.3936040501711995e+18,7.805,0.0,0,0,4,0,7116,0.0,100,0.0,0.0,0.0,0.0,0.0,0,0,0,0,0.0,0,0,0,0,0,0,0,0,0,0,0,0,0,0,0,0,0,0,0,0,0,0,0,0,0,0,0,0,0,0,0,0,0,31,40,40,71,65476,0,300,0,0,8,21553,0.0,-107605600.0,0.0,0.0,0.0,0.0,0.0,0.0,0.0,0.0,0.0,0.0,0.0,0.0,0.0,0.0,0.0,0.0,0.0,0.0,0.0,0.0,-2.004,2.004,0.0,0.0,0.0,0.0,0.0,0.0,4484.0,2.004,6920.0,0.0,0.0,0.0,-0.0,0.0,0.0,0.0,0.0,69,-0.0,-0.0,0.0,0.0,0.0,0.0,0.0,0.0,0.0,0,0,0,0.0,0.0,0.0,0.0,0.0,0.0,0.0,0.0,0.0,0.0,0.0,0.0,0.0,0.0,0.0,0.0,0,-107875648.0,69,0.0,138,0.0,0.0,0,0,17086,52429,17100,0,17080,0,0,0,70,68,100,2.7302399002429377e+23,82.1,0.0,78.4,-107615464.0,78.5,1,49,50,180,0,13107,0,0,0.0,0.0,0.0,0.0,-0.0,67.0,0.0,162057.094,0.0,975,0,1001,0,0,0,950,0,1024,0,920,0,789,0,781,0,822,0,7520,0.032,7.090467253332109e+19,0.0,0.0,784,16797,-0.0,162057.094,-114818.039,-0.0,0.133,6.909358625270745e+28,30.0,70.0,35,0.0,0.0,0.0,0.0,0.0,0.0,0.0,0.0,0.0,0.0,0.0,0.0,0.0,0.0,0.0,0.0,66.4,0,150,71,51,65476,0,300,0,0,8,20529,65476,0,0,44564,70.0,0.0,0.0,0.0,0.0,0.0
2026-09-10T21:34:51,ERR,ERR,ERR,ERR,ERR,ERR,ERR,ERR,ERR,ERR,ERR,ERR,ERR,ERR,ERR,ERR,ERR,ERR,ERR,ERR,ERR,ERR,ERR,ERR,ERR,ERR,ERR,ERR,ERR,ERR,ERR,ERR,ERR,ERR,ERR,ERR,ERR,ERR,ERR,ERR,ERR,ERR,ERR,ERR,ERR,ERR,ERR,ERR,ERR,ERR,ERR,ERR,ERR,ERR,ERR,ERR,ERR,ERR,ERR,ERR,ERR,ERR,ERR,ERR,ERR,ERR,ERR,ERR,ERR,ERR,ERR,ERR,ERR,ERR,ERR,ERR,ERR,ERR,ERR,ERR,ERR,ERR,ERR,ERR,ERR,ERR,ERR,ERR,ERR,ERR,ERR,ERR,ERR,ERR,ERR,ERR,ERR,ERR,ERR,ERR,ERR,ERR,ERR,ERR,ERR,ERR,ERR,ERR,ERR,ERR,ERR,ERR,ERR,ERR,ERR,ERR,ERR,ERR,ERR,ERR,ERR,ERR,ERR,ERR,ERR,0.0,0.0,2.6474835549302285e+23,0.0,0.0,1.3936040501711995e+18,7.805,0.0,0,0,4,0,7116,0.0,100,0.0,0.0,0.0,0.0,0.0,0,0,0,0,0.0,0,0,0,0,0,0,0,0,0,0,0,0,0,0,0,0,0,0,0,0,0,0,0,0,0,0,0,0,0,0,0,0,0,31,40,40,71,65476,0,300,0,0,8,21553,0.0,-107605600.0,0.0,0.0,0.0,0.0,0.0,0.0,0.0,0.0,0.0,0.0,0.0,0.0,0.0,0.0,0.0,0.0,0.0,0.0,0.0,0.0,-2.004,2.004,0.0,0.0,0.0,0.0,0.0,0.0,4484.0,2.004,6920.0,0.0,0.0,0.0,-0.0,0.0,0.0,0.0,0.0,69,-0.0,-0.0,0.0,0.0,0.0,0.0,0.0,0.0,0.0,0,0,0,0.0,0.0,0.0,0.0,0.0,0.0,0.0,0.0,0.0,0.0,0.0,0.0,0.0,0.0,0.0,0.0,0,-107875648.0,69,0.0,138,0.0,0.0,0,0,17086,52429,17100,0,17080,0,0,0,70,68,100,2.7302399002429377e+23,82.1,0.0,78.4,-107615464.0,78.5,1,49,50,180,0,13107,0,0,0.0,0.0,0.0,0.0,-0.0,67.0,0.0,162057.094,0.0,975,0,1001,0,0,0,950,0,1024,0,920,0,789,0,781,0,822,0,7520,0.032,7.090467253332109e+19,0.0,0.0,784,16797,-0.0,162057.094,-114818.039,-0.0,0.133,6.909358625270745e+28,30.0,70.0,35,0.0,0.0,0.0,0.0,0.0,0.0,0.0,0.0,0.0,0.0,0.0,0.0,0.0,0.0,0.0,0.0,66.4,0,150,71,51,65476,0,300,0,0,8,20529,65476,0,0,44564,70.0,0.0,0.0,0.0,0.0,0.0
2026-09-10T21:34:52,ERR,ERR,ERR,ERR,ERR,ERR,ERR,ERR,ERR,ERR,ERR,ERR,ERR,ERR,ERR,ERR,ERR,ERR,ERR,ERR,ERR,ERR,ERR,ERR,ERR,ERR,ERR,ERR,ERR,ERR,ERR,ERR,ERR,ERR,ERR,ERR,ERR,ERR,ERR,ERR,ERR,ERR,ERR,ERR,ERR,ERR,ERR,ERR,ERR,ERR,ERR,ERR,ERR,ERR,ERR,ERR,ERR,ERR,ERR,ERR,ERR,ERR,ERR,ERR,ERR,ERR,ERR,ERR,ERR,ERR,ERR,ERR,ERR,ERR,ERR,ERR,ERR,ERR,ERR,ERR,ERR,ERR,ERR,ERR,ERR,ERR,ERR,ERR,ERR,ERR,ERR,ERR,ERR,ERR,ERR,ERR,ERR,ERR,ERR,ERR,ERR,ERR,ERR,ERR,ERR,ERR,ERR,ERR,ERR,ERR,ERR,ERR,ERR,ERR,ERR,ERR,ERR,ERR,ERR,ERR,ERR,ERR,ERR,ERR,ERR,0.0,0.0,2.6474835549302285e+23,0.0,0.0,1.3936040501711995e+18,7.805,0.0,0,0,4,0,7116,0.0,100,0.0,0.0,0.0,0.0,0.0,0,0,0,0,0.0,0,0,0,0,0,0,0,0,0,0,0,0,0,0,0,0,0,0,0,0,0,0,0,0,0,0,0,0,0,0,0,0,0,31,40,40,71,65476,0,300,0,0,8,21553,0.0,-107605600.0,0.0,0.0,0.0,0.0,0.0,0.0,0.0,0.0,0.0,0.0,0.0,0.0,0.0,0.0,0.0,0.0,0.0,0.0,0.0,0.0,-2.004,2.004,0.0,0.0,0.0,0.0,0.0,0.0,4484.0,2.004,6920.0,0.0,0.0,0.0,-0.0,0.0,0.0,0.0,0.0,69,-0.0,-0.0,0.0,0.0,0.0,0.0,0.0,0.0,0.0,0,0,0,0.0,0.0,0.0,0.0,0.0,0.0,0.0,0.0,0.0,0.0,0.0,0.0,0.0,0.0,0.0,0.0,0,-107875648.0,69,0.0,138,0.0,0.0,0,0,17086,52429,17100,0,17080,0,0,0,70,68,100,2.7302399002429377e+23,82.1,0.0,78.4,-107615464.0,78.5,1,49,50,180,0,0,0,0,0.0,0.0,0.0,0.0,-0.0,67.0,0.0,162057.094,0.0,975,0,1000,0,0,0,950,0,1024,0,920,0,789,0,781,0,822,0,7520,0.032,7.11929029094728e+19,0.0,0.0,784,16797,-0.0,162057.094,-114818.039,-0.0,0.133,6.909358625270745e+28,30.0,70.0,35,0.0,0.0,0.0,0.0,0.0,0.0,0.0,0.0,0.0,0.0,0.0,0.0,0.0,0.0,0.0,0.0,66.4,0,150,71,51,65476,0,300,0,0,8,20529,65476,0,0,44564,70.0,0.0,0.0,0.0,0.0,0.0
2026-09-10T21:34:53,ERR,ERR,ERR,ERR,ERR,ERR,ERR,ERR,ERR,ERR,ERR,ERR,ERR,ERR,ERR,ERR,ERR,ERR,ERR,ERR,ERR,ERR,ERR,ERR,ERR,ERR,ERR,ERR,ERR,ERR,ERR,ERR,ERR,ERR,ERR,ERR,ERR,ERR,ERR,ERR,ERR,ERR,ERR,ERR,ERR,ERR,ERR,ERR,ERR,ERR,ERR,ERR,ERR,ERR,ERR,ERR,ERR,ERR,ERR,ERR,ERR,ERR,ERR,ERR,ERR,ERR,ERR,ERR,ERR,ERR,ERR,ERR,ERR,ERR,ERR,ERR,ERR,ERR,ERR,ERR,ERR,ERR,ERR,ERR,ERR,ERR,ERR,ERR,ERR,ERR,ERR,ERR,ERR,ERR,ERR,ERR,ERR,ERR,ERR,ERR,ERR,ERR,ERR,ERR,ERR,ERR,ERR,ERR,ERR,ERR,ERR,ERR,ERR,ERR,ERR,ERR,ERR,ERR,ERR,ERR,ERR,ERR,ERR,ERR,ERR,0.0,0.0,2.6474835549302285e+23,0.0,0.0,1.3936040501711995e+18,7.805,0.0,0,0,4,0,7116,0.0,100,0.0,0.0,0.0,0.0,0.0,0,0,0,0,0.0,0,0,0,0,0,0,0,0,0,0,0,0,0,0,0,0,0,0,0,0,0,0,0,0,0,0,0,0,0,0,0,0,0,31,40,40,71,65476,0,300,0,0,8,21553,0.0,-107605600.0,0.0,0.0,0.0,0.0,0.0,0.0,0.0,0.0,0.0,0.0,0.0,0.0,0.0,0.0,0.0,0.0,0.0,0.0,0.0,0.0,-2.004,2.004,0.0,0.0,0.0,0.0,0.0,0.0,4484.0,2.004,6920.0,0.0,0.0,0.0,-0.0,0.0,0.0,0.0,0.0,69,-0.0,-0.0,0.0,0.0,0.0,0.0,0.0,0.0,0.0,0,0,0,0.0,0.0,0.0,0.0,0.0,0.0,0.0,0.0,0.0,0.0,0.0,0.0,0.0,0.0,0.0,0.0,0,-107875648.0,69,0.0,138,0.0,0.0,0,0,17086,52429,17100,0,17080,0,0,0,70,68,100,2.7302399002429377e+23,82.1,0.0,78.4,-107615464.0,78.5,1,49,50,180,0,0,0,0,0.0,0.0,0.0,0.0,-0.0,67.0,0.0,162057.094,0.0,975,0,1000,0,0,0,950,0,1024,0,920,0,789,0,781,0,822,0,7520,0.032,7.11929029094728e+19,0.0,0.0,784,16797,-0.0,162057.094,-114818.039,-0.0,0.133,6.909358625270745e+28,30.0,70.0,35,0.0,0.0,0.0,0.0,0.0,0.0,0.0,0.0,0.0,0.0,0.0,0.0,0.0,0.0,0.0,0.0,66.4,0,150,71,51,65476,0,300,0,0,8,20529,65476,0,0,44564,70.0,0.0,0.0,0.0,0.0,0.0
2026-09-10T21:34:54,ERR,ERR,ERR,ERR,ERR,ERR,ERR,ERR,ERR,ERR,ERR,ERR,ERR,ERR,ERR,ERR,ERR,ERR,ERR,ERR,ERR,ERR,ERR,ERR,ERR,ERR,ERR,ERR,ERR,ERR,ERR,ERR,ERR,ERR,ERR,ERR,ERR,ERR,ERR,ERR,ERR,ERR,ERR,ERR,ERR,ERR,ERR,ERR,ERR,ERR,ERR,ERR,ERR,ERR,ERR,ERR,ERR,ERR,ERR,ERR,ERR,ERR,ERR,ERR,ERR,ERR,ERR,ERR,ERR,ERR,ERR,ERR,ERR,ERR,ERR,ERR,ERR,ERR,ERR,ERR,ERR,ERR,ERR,ERR,ERR,ERR,ERR,ERR,ERR,ERR,ERR,ERR,ERR,ERR,ERR,ERR,ERR,ERR,ERR,ERR,ERR,ERR,ERR,ERR,ERR,ERR,ERR,ERR,ERR,ERR,ERR,ERR,ERR,ERR,ERR,ERR,ERR,ERR,ERR,ERR,ERR,ERR,ERR,ERR,ERR,0.0,0.0,2.6474835549302285e+23,0.0,0.0,1.3936040501711995e+18,7.805,0.0,0,0,4,0,7116,0.0,100,0.0,0.0,0.0,0.0,0.0,0,0,0,0,0.0,0,0,0,0,0,0,0,0,0,0,0,0,0,0,0,0,0,0,0,0,0,0,0,0,0,0,0,0,0,0,0,0,0,31,40,40,71,65476,0,300,0,0,8,21553,0.0,-107605600.0,0.0,0.0,0.0,0.0,0.0,0.0,0.0,0.0,0.0,0.0,0.0,0.0,0.0,0.0,0.0,0.0,0.0,0.0,0.0,0.0,-2.004,2.004,0.0,0.0,0.0,0.0,0.0,0.0,4484.0,2.004,6920.0,0.0,0.0,0.0,-0.0,0.0,0.0,0.0,0.0,69,-0.0,-0.0,0.0,0.0,0.0,0.0,0.0,0.0,0.0,0,0,0,0.0,0.0,0.0,0.0,0.0,0.0,0.0,0.0,0.0,0.0,0.0,0.0,0.0,0.0,0.0,0.0,0,-107875648.0,69,0.0,138,0.0,0.0,0,0,17086,52429,17100,0,17080,0,0,0,70,68,100,2.7302399002429377e+23,82.1,0.0,78.4,-107615464.0,78.5,1,49,50,180,0,0,0,0,0.0,0.0,0.0,0.0,-0.0,67.0,0.0,162057.094,0.0,975,0,1000,0,0,0,950,0,1024,0,920,0,789,0,781,0,822,0,7520,0.032,7.11929029094728e+19,0.0,0.0,784,16797,-0.0,162057.094,-114818.039,-0.0,0.133,6.909358625270745e+28,30.0,70.0,35,0.0,0.0,0.0,0.0,0.0,0.0,0.0,0.0,0.0,0.0,0.0,0.0,0.0,0.0,0.0,0.0,66.4,0,150,71,51,65476,0,300,0,0,8,20529,65476,0,0,44564,70.0,0.0,0.0,0.0,0.0,0.0
2026-09-10T21:34:55,ERR,ERR,ERR,ERR,ERR,ERR,ERR,ERR,ERR,ERR,ERR,ERR,ERR,ERR,ERR,ERR,ERR,ERR,ERR,ERR,ERR,ERR,ERR,ERR,ERR,ERR,ERR,ERR,ERR,ERR,ERR,ERR,ERR,ERR,ERR,ERR,ERR,ERR,ERR,ERR,ERR,ERR,ERR,ERR,ERR,ERR,ERR,ERR,ERR,ERR,ERR,ERR,ERR,ERR,ERR,ERR,ERR,ERR,ERR,ERR,ERR,ERR,ERR,ERR,ERR,ERR,ERR,ERR,ERR,ERR,ERR,ERR,ERR,ERR,ERR,ERR,ERR,ERR,ERR,ERR,ERR,ERR,ERR,ERR,ERR,ERR,ERR,ERR,ERR,ERR,ERR,ERR,ERR,ERR,ERR,ERR,ERR,ERR,ERR,ERR,ERR,ERR,ERR,ERR,ERR,ERR,ERR,ERR,ERR,ERR,ERR,ERR,ERR,ERR,ERR,ERR,ERR,ERR,ERR,ERR,ERR,ERR,ERR,ERR,ERR,0.0,0.0,2.6474835549302285e+23,0.0,0.0,1.3936040501711995e+18,7.805,0.0,0,0,4,0,7116,0.0,100,0.0,0.0,0.0,0.0,0.0,0,0,0,0,0.0,0,0,0,0,0,0,0,0,0,0,0,0,0,0,0,0,0,0,0,0,0,0,0,0,0,0,0,0,0,0,0,0,0,31,40,40,71,65476,0,300,0,0,8,21553,0.0,-107605600.0,0.0,0.0,0.0,0.0,0.0,0.0,0.0,0.0,0.0,0.0,0.0,0.0,0.0,0.0,0.0,0.0,0.0,0.0,0.0,0.0,-2.004,2.004,0.0,0.0,0.0,0.0,0.0,0.0,4484.0,2.004,6920.0,0.0,0.0,0.0,-0.0,0.0,0.0,0.0,0.0,69,-0.0,-0.0,0.0,0.0,0.0,0.0,0.0,0.0,0.0,0,0,0,0.0,0.0,0.0,0.0,0.0,0.0,0.0,0.0,0.0,0.0,0.0,0.0,0.0,0.0,0.0,0.0,0,-107875648.0,69,0.0,138,0.0,0.0,0,0,17086,52429,17100,0,17080,0,0,0,70,68,100,2.7302399002429377e+23,82.1,0.0,78.4,-107615464.0,78.5,1,49,50,180,0,0,0,0,0.0,0.0,0.0,0.0,-0.0,67.0,0.0,162057.094,0.0,975,0,1000,0,0,0,950,0,1024,0,920,0,789,0,781,0,822,0,7520,0.032,7.11929029094728e+19,0.0,0.0,784,16797,-0.0,162057.094,-114818.039,-0.0,0.133,6.909358625270745e+28,30.0,70.0,35,0.0,0.0,0.0,0.0,0.0,0.0,0.0,0.0,0.0,0.0,0.0,0.0,0.0,0.0,0.0,0.0,66.4,0,150,71,51,65476,0,300,0,0,8,20529,65476,0,0,44564,70.0,0.0,0.0,0.0,0.0,0.0
2026-09-10T21:34:56,ERR,ERR,ERR,ERR,ERR,ERR,ERR,ERR,ERR,ERR,ERR,ERR,ERR,ERR,ERR,ERR,ERR,ERR,ERR,ERR,ERR,ERR,ERR,ERR,ERR,ERR,ERR,ERR,ERR,ERR,ERR,ERR,ERR,ERR,ERR,ERR,ERR,ERR,ERR,ERR,ERR,ERR,ERR,ERR,ERR,ERR,ERR,ERR,ERR,ERR,ERR,ERR,ERR,ERR,ERR,ERR,ERR,ERR,ERR,ERR,ERR,ERR,ERR,ERR,ERR,ERR,ERR,ERR,ERR,ERR,ERR,ERR,ERR,ERR,ERR,ERR,ERR,ERR,ERR,ERR,ERR,ERR,ERR,ERR,ERR,ERR,ERR,ERR,ERR,ERR,ERR,ERR,ERR,ERR,ERR,ERR,ERR,ERR,ERR,ERR,ERR,ERR,ERR,ERR,ERR,ERR,ERR,ERR,ERR,ERR,ERR,ERR,ERR,ERR,ERR,ERR,ERR,ERR,ERR,ERR,ERR,ERR,ERR,ERR,ERR,0.0,0.0,2.6474835549302285e+23,0.0,0.0,1.3936040501711995e+18,7.805,0.0,0,0,4,0,7116,0.0,100,0.0,0.0,0.0,0.0,0.0,0,0,0,0,0.0,0,0,0,0,0,0,0,0,0,0,0,0,0,0,0,0,0,0,0,0,0,0,0,0,0,0,0,0,0,0,0,0,0,31,40,40,71,65476,0,300,0,0,8,21553,0.0,-107605600.0,0.0,0.0,0.0,0.0,0.0,0.0,0.0,0.0,0.0,0.0,0.0,0.0,0.0,0.0,0.0,0.0,0.0,0.0,0.0,0.0,-2.004,2.004,0.0,0.0,0.0,0.0,0.0,0.0,4484.0,2.004,6920.0,0.0,0.0,0.0,-0.0,0.0,0.0,0.0,0.0,69,-0.0,-0.0,0.0,0.0,0.0,0.0,0.0,0.0,0.0,0,0,0,0.0,0.0,0.0,0.0,0.0,0.0,0.0,0.0,0.0,0.0,0.0,0.0,0.0,0.0,0.0,0.0,0,-107875648.0,69,0.0,138,0.0,0.0,0,0,17086,52429,17100,0,17080,0,0,0,70,68,100,2.7302399002429377e+23,82.1,0.0,78.4,-107615464.0,78.5,1,49,50,180,0,0,0,0,0.0,0.0,0.0,0.0,-0.0,67.0,0.0,162057.094,0.0,975,0,1000,0,0,0,950,0,1024,0,920,0,789,0,781,0,822,0,7520,0.032,7.11929029094728e+19,0.0,0.0,784,16797,-0.0,162057.094,-114818.039,-0.0,0.133,6.909358625270745e+28,30.0,70.0,35,0.0,0.0,0.0,0.0,0.0,0.0,0.0,0.0,0.0,0.0,0.0,0.0,0.0,0.0,0.0,0.0,66.4,0,150,71,51,65476,0,300,0,0,8,20529,65476,0,0,44564,70.0,0.0,0.0,0.0,0.0,0.0
2026-09-10T21:34:57,ERR,ERR,ERR,ERR,ERR,ERR,ERR,ERR,ERR,ERR,ERR,ERR,ERR,ERR,ERR,ERR,ERR,ERR,ERR,ERR,ERR,ERR,ERR,ERR,ERR,ERR,ERR,ERR,ERR,ERR,ERR,ERR,ERR,ERR,ERR,ERR,ERR,ERR,ERR,ERR,ERR,ERR,ERR,ERR,ERR,ERR,ERR,ERR,ERR,ERR,ERR,ERR,ERR,ERR,ERR,ERR,ERR,ERR,ERR,ERR,ERR,ERR,ERR,ERR,ERR,ERR,ERR,ERR,ERR,ERR,ERR,ERR,ERR,ERR,ERR,ERR,ERR,ERR,ERR,ERR,ERR,ERR,ERR,ERR,ERR,ERR,ERR,ERR,ERR,ERR,ERR,ERR,ERR,ERR,ERR,ERR,ERR,ERR,ERR,ERR,ERR,ERR,ERR,ERR,ERR,ERR,ERR,ERR,ERR,ERR,ERR,ERR,ERR,ERR,ERR,ERR,ERR,ERR,ERR,ERR,ERR,ERR,ERR,ERR,ERR,0.0,0.0,2.6474835549302285e+23,0.0,0.0,1.3936040501711995e+18,7.805,0.0,0,0,4,0,7116,0.0,100,0.0,0.0,0.0,0.0,0.0,0,0,0,0,0.0,0,0,0,0,0,0,0,0,0,0,0,0,0,0,0,0,0,0,0,0,0,0,0,0,0,0,0,0,0,0,0,0,0,31,40,40,71,65476,0,300,0,0,8,21553,0.0,-107605600.0,0.0,0.0,0.0,0.0,0.0,0.0,0.0,0.0,0.0,0.0,0.0,0.0,0.0,0.0,0.0,0.0,0.0,0.0,0.0,0.0,-2.004,2.004,0.0,-2.004,0.0,0.0,0.0,0.0,4491.0,1.0406634001529092e+34,6927.0,0.0,0.0,0.0,2.718429120148166e+23,0.0,0.0,0.0,0.0,69,-89221.141,-107614616.0,0.0,0.0,0.0,0.0,0.0,0.0,0.0,0,0,0,0.0,0.0,0.0,0.0,0.0,0.0,0.0,0.0,0.0,0.0,0.0,0.0,0.0,0.0,0.0,0.0,0,-107875648.0,69,0.0,138,0.0,0.0,0,0,17086,52429,17100,0,17080,0,0,0,70,68,100,2.7302399002429377e+23,82.1,0.0,78.4,-107615464.0,78.5,1,49,50,180,0,0,0,0,0.0,0.0,0.0,0.0,-0.0,67.0,0.0,162057.094,0.0,975,0,1000,0,0,0,950,0,1024,0,920,0,789,0,781,0,822,0,7520,0.032,7.11929029094728e+19,0.0,0.0,784,16797,-0.0,162057.094,-114818.039,-0.0,0.133,6.909358625270745e+28,30.0,70.0,35,0.0,0.0,0.0,0.0,0.0,0.0,0.0,0.0,0.0,0.0,0.0,0.0,0.0,0.0,0.0,0.0,66.4,0,150,71,51,65476,0,300,0,0,8,20529,65476,0,0,44564,70.0,0.0,0.0,0.0,0.0,0.0
2026-09-10T21:34:58,ERR,ERR,ERR,ERR,ERR,ERR,ERR,ERR,ERR,ERR,ERR,ERR,ERR,ERR,ERR,ERR,ERR,ERR,ERR,ERR,ERR,ERR,ERR,ERR,ERR,ERR,ERR,ERR,ERR,ERR,ERR,ERR,ERR,ERR,ERR,ERR,ERR,ERR,ERR,ERR,ERR,ERR,ERR,ERR,ERR,ERR,ERR,ERR,ERR,ERR,ERR,ERR,ERR,ERR,ERR,ERR,ERR,ERR,ERR,ERR,ERR,ERR,ERR,ERR,ERR,ERR,ERR,ERR,ERR,ERR,ERR,ERR,ERR,ERR,ERR,ERR,ERR,ERR,ERR,ERR,ERR,ERR,ERR,ERR,ERR,ERR,ERR,ERR,ERR,ERR,ERR,ERR,ERR,ERR,ERR,ERR,ERR,ERR,ERR,ERR,ERR,ERR,ERR,ERR,ERR,ERR,ERR,ERR,ERR,ERR,ERR,ERR,ERR,ERR,ERR,ERR,ERR,ERR,ERR,ERR,ERR,ERR,ERR,ERR,ERR,0.0,0.0,2.6474835549302285e+23,0.0,0.0,1.3936040501711995e+18,7.805,0.0,0,0,4,0,7116,0.0,100,0.0,0.0,0.0,0.0,0.0,0,0,0,0,0.0,0,0,0,0,0,0,0,0,0,0,0,0,0,0,0,0,0,0,0,0,0,0,0,0,0,0,0,0,0,0,0,0,0,31,40,40,71,65476,0,300,0,0,8,21553,0.0,-107605600.0,0.0,0.0,0.0,0.0,0.0,0.0,0.0,0.0,0.0,0.0,0.0,0.0,0.0,0.0,0.0,0.0,0.0,0.0,0.0,0.0,-2.004,2.004,0.0,-2.004,0.0,0.0,0.0,0.0,4491.0,1.0406634001529092e+34,6927.0,0.0,0.0,0.0,2.718429120148166e+23,0.0,0.0,0.0,0.0,69,-89221.141,-107614616.0,0.0,0.0,0.0,0.0,0.0,0.0,0.0,0,0,0,0.0,0.0,0.0,0.0,0.0,0.0,0.0,0.0,0.0,0.0,0.0,0.0,0.0,0.0,0.0,0.0,0,-107875648.0,69,0.0,138,0.0,0.0,0,0,17086,52429,17100,0,17080,0,0,0,70,68,100,2.7302399002429377e+23,82.1,0.0,78.4,-107615464.0,78.5,1,49,50,180,0,13107,0,0,0.0,0.0,0.0,0.0,-0.0,67.0,0.0,162057.094,0.0,974,0,1001,0,0,0,950,0,1024,0,920,0,789,0,780,0,822,0,7520,0.032,7.090467253332109e+19,0.0,0.0,784,16797,-0.0,162057.094,-114818.039,-0.0,0.133,6.909358625270745e+28,30.0,70.0,35,0.0,0.0,0.0,0.0,0.0,0.0,0.0,0.0,0.0,0.0,0.0,0.0,0.0,0.0,0.0,0.0,66.4,0,150,71,51,65476,0,300,0,0,8,20529,65476,0,0,44564,70.0,0.0,0.0,0.0,0.0,0.0
2026-09-10T21:34:59,ERR,ERR,ERR,ERR,ERR,ERR,ERR,ERR,ERR,ERR,ERR,ERR,ERR,ERR,ERR,ERR,ERR,ERR,ERR,ERR,ERR,ERR,ERR,ERR,ERR,ERR,ERR,ERR,ERR,ERR,ERR,ERR,ERR,ERR,ERR,ERR,ERR,ERR,ERR,ERR,ERR,ERR,ERR,ERR,ERR,ERR,ERR,ERR,ERR,ERR,ERR,ERR,ERR,ERR,ERR,ERR,ERR,ERR,ERR,ERR,ERR,ERR,ERR,ERR,ERR,ERR,ERR,ERR,ERR,ERR,ERR,ERR,ERR,ERR,ERR,ERR,ERR,ERR,ERR,ERR,ERR,ERR,ERR,ERR,ERR,ERR,ERR,ERR,ERR,ERR,ERR,ERR,ERR,ERR,ERR,ERR,ERR,ERR,ERR,ERR,ERR,ERR,ERR,ERR,ERR,ERR,ERR,ERR,ERR,ERR,ERR,ERR,ERR,ERR,ERR,ERR,ERR,ERR,ERR,ERR,ERR,ERR,ERR,ERR,ERR,0.0,0.0,2.6474835549302285e+23,0.0,0.0,1.3936040501711995e+18,7.805,0.0,0,0,4,0,7116,0.0,100,0.0,0.0,0.0,0.0,0.0,0,0,0,0,0.0,0,0,0,0,0,0,0,0,0,0,0,0,0,0,0,0,0,0,0,0,0,0,0,0,0,0,0,0,0,0,0,0,0,31,40,40,71,65476,0,300,0,0,8,21553,0.0,-107605600.0,0.0,0.0,0.0,0.0,0.0,0.0,0.0,0.0,0.0,0.0,0.0,0.0,0.0,0.0,0.0,0.0,0.0,0.0,0.0,0.0,-2.004,2.004,0.0,-2.004,0.0,0.0,0.0,0.0,4491.0,1.0406634001529092e+34,6927.0,0.0,0.0,0.0,2.718429120148166e+23,0.0,0.0,0.0,0.0,69,-89221.141,-107614616.0,0.0,0.0,0.0,0.0,0.0,0.0,0.0,0,0,0,0.0,0.0,0.0,0.0,0.0,0.0,0.0,0.0,0.0,0.0,0.0,0.0,0.0,0.0,0.0,0.0,0,-107875648.0,69,0.0,138,0.0,0.0,0,0,17086,52429,17100,0,17080,0,0,0,70,68,100,2.7302399002429377e+23,82.1,0.0,78.4,-107615464.0,78.5,1,49,50,180,0,13107,0,0,0.0,0.0,0.0,0.0,-0.0,67.0,0.0,162057.094,0.0,974,0,1001,0,0,0,950,0,1024,0,920,0,789,0,780,0,822,0,7520,0.032,7.090467253332109e+19,0.0,0.0,784,16797,-0.0,162057.094,-114818.039,-0.0,0.133,6.909358625270745e+28,30.0,70.0,35,0.0,0.0,0.0,0.0,0.0,0.0,0.0,0.0,0.0,0.0,0.0,0.0,0.0,0.0,0.0,0.0,66.4,0,150,71,51,65476,0,300,0,0,8,20529,65476,0,0,44564,70.0,0.0,0.0,0.0,0.0,0.0
2026-09-10T21:35:00,ERR,ERR,ERR,ERR,ERR,ERR,ERR,ERR,ERR,ERR,ERR,ERR,ERR,ERR,ERR,ERR,ERR,ERR,ERR,ERR,ERR,ERR,ERR,ERR,ERR,ERR,ERR,ERR,ERR,ERR,ERR,ERR,ERR,ERR,ERR,ERR,ERR,ERR,ERR,ERR,ERR,ERR,ERR,ERR,ERR,ERR,ERR,ERR,ERR,ERR,ERR,ERR,ERR,ERR,ERR,ERR,ERR,ERR,ERR,ERR,ERR,ERR,ERR,ERR,ERR,ERR,ERR,ERR,ERR,ERR,ERR,ERR,ERR,ERR,ERR,ERR,ERR,ERR,ERR,ERR,ERR,ERR,ERR,ERR,ERR,ERR,ERR,ERR,ERR,ERR,ERR,ERR,ERR,ERR,ERR,ERR,ERR,ERR,ERR,ERR,ERR,ERR,ERR,ERR,ERR,ERR,ERR,ERR,ERR,ERR,ERR,ERR,ERR,ERR,ERR,ERR,ERR,ERR,ERR,ERR,ERR,ERR,ERR,ERR,ERR,0.0,0.0,2.6474835549302285e+23,0.0,0.0,1.3936040501711995e+18,7.805,0.0,0,0,4,0,7116,0.0,100,0.0,0.0,0.0,0.0,0.0,0,0,0,0,0.0,0,0,0,0,0,0,0,0,0,0,0,0,0,0,0,0,0,0,0,0,0,0,0,0,0,0,0,0,0,0,0,0,0,31,40,40,71,65476,0,300,0,0,8,21553,0.0,-107605600.0,0.0,0.0,0.0,0.0,0.0,0.0,0.0,0.0,0.0,0.0,0.0,0.0,0.0,0.0,0.0,0.0,0.0,0.0,0.0,0.0,-2.004,2.004,0.0,-2.004,0.0,0.0,0.0,0.0,4491.0,1.0406634001529092e+34,6927.0,0.0,0.0,0.0,2.718429120148166e+23,0.0,0.0,0.0,0.0,69,-89221.141,-107614616.0,0.0,0.0,0.0,0.0,0.0,0.0,0.0,0,0,0,0.0,0.0,0.0,0.0,0.0,0.0,0.0,0.0,0.0,0.0,0.0,0.0,0.0,0.0,0.0,0.0,0,-107875648.0,69,0.0,138,0.0,0.0,0,0,17086,52429,17100,0,17080,0,0,0,70,68,100,2.7302399002429377e+23,82.1,0.0,78.4,-107615464.0,78.5,1,49,50,180,0,13107,0,0,0.0,0.0,0.0,0.0,-0.0,67.0,0.0,162057.094,0.0,974,0,1001,0,0,0,950,0,1024,0,920,0,789,0,780,0,822,0,7520,0.032,7.090467253332109e+19,0.0,0.0,784,16797,-0.0,162057.094,-114818.039,-0.0,0.133,6.909358625270745e+28,30.0,70.0,35,0.0,0.0,0.0,0.0,0.0,0.0,0.0,0.0,0.0,0.0,0.0,0.0,0.0,0.0,0.0,0.0,66.4,0,150,71,51,65476,0,300,0,0,8,20529,65476,0,0,44564,70.0,0.0,0.0,0.0,0.0,0.0
2026-09-10T21:35:01,ERR,ERR,ERR,ERR,ERR,ERR,ERR,ERR,ERR,ERR,ERR,ERR,ERR,ERR,ERR,ERR,ERR,ERR,ERR,ERR,ERR,ERR,ERR,ERR,ERR,ERR,ERR,ERR,ERR,ERR,ERR,ERR,ERR,ERR,ERR,ERR,ERR,ERR,ERR,ERR,ERR,ERR,ERR,ERR,ERR,ERR,ERR,ERR,ERR,ERR,ERR,ERR,ERR,ERR,ERR,ERR,ERR,ERR,ERR,ERR,ERR,ERR,ERR,ERR,ERR,ERR,ERR,ERR,ERR,ERR,ERR,ERR,ERR,ERR,ERR,ERR,ERR,ERR,ERR,ERR,ERR,ERR,ERR,ERR,ERR,ERR,ERR,ERR,ERR,ERR,ERR,ERR,ERR,ERR,ERR,ERR,ERR,ERR,ERR,ERR,ERR,ERR,ERR,ERR,ERR,ERR,ERR,ERR,ERR,ERR,ERR,ERR,ERR,ERR,ERR,ERR,ERR,ERR,ERR,ERR,ERR,ERR,ERR,ERR,ERR,0.0,0.0,2.6474835549302285e+23,0.0,0.0,1.3936040501711995e+18,7.805,0.0,0,0,4,0,7116,0.0,100,0.0,0.0,0.0,0.0,0.0,0,0,0,0,0.0,0,0,0,0,0,0,0,0,0,0,0,0,0,0,0,0,0,0,0,0,0,0,0,0,0,0,0,0,0,0,0,0,0,31,40,40,71,65476,0,300,0,0,8,21553,0.0,-107605600.0,0.0,0.0,0.0,0.0,0.0,0.0,0.0,0.0,0.0,0.0,0.0,0.0,0.0,0.0,0.0,0.0,0.0,0.0,0.0,0.0,-2.004,2.004,0.0,-2.004,0.0,0.0,0.0,0.0,4491.0,1.0406634001529092e+34,6927.0,0.0,0.0,0.0,2.718429120148166e+23,0.0,0.0,0.0,0.0,69,-89221.141,-107614616.0,0.0,0.0,0.0,0.0,0.0,0.0,0.0,0,0,0,0.0,0.0,0.0,0.0,0.0,0.0,0.0,0.0,0.0,0.0,0.0,0.0,0.0,0.0,0.0,0.0,0,-107875648.0,69,0.0,138,0.0,0.0,0,0,17086,52429,17100,0,17080,0,0,0,70,68,100,2.7302399002429377e+23,82.1,0.0,78.4,-107615464.0,78.5,1,49,50,180,0,13107,0,0,0.0,0.0,0.0,0.0,-0.0,67.0,0.0,162057.094,0.0,974,0,1001,0,0,0,950,0,1024,0,920,0,789,0,780,0,822,0,7520,0.032,7.090467253332109e+19,0.0,0.0,784,16797,-0.0,162057.094,-114818.039,-0.0,0.133,6.909358625270745e+28,30.0,70.0,35,0.0,0.0,0.0,0.0,0.0,0.0,0.0,0.0,0.0,0.0,0.0,0.0,0.0,0.0,0.0,0.0,66.4,0,150,71,51,65476,0,300,0,0,8,20529,65476,0,0,44564,70.0,0.0,0.0,0.0,0.0,0.0
2026-09-10T21:35:02,ERR,ERR,ERR,ERR,ERR,ERR,ERR,ERR,ERR,ERR,ERR,ERR,ERR,ERR,ERR,ERR,ERR,ERR,ERR,ERR,ERR,ERR,ERR,ERR,ERR,ERR,ERR,ERR,ERR,ERR,ERR,ERR,ERR,ERR,ERR,ERR,ERR,ERR,ERR,ERR,ERR,ERR,ERR,ERR,ERR,ERR,ERR,ERR,ERR,ERR,ERR,ERR,ERR,ERR,ERR,ERR,ERR,ERR,ERR,ERR,ERR,ERR,ERR,ERR,ERR,ERR,ERR,ERR,ERR,ERR,ERR,ERR,ERR,ERR,ERR,ERR,ERR,ERR,ERR,ERR,ERR,ERR,ERR,ERR,ERR,ERR,ERR,ERR,ERR,ERR,ERR,ERR,ERR,ERR,ERR,ERR,ERR,ERR,ERR,ERR,ERR,ERR,ERR,ERR,ERR,ERR,ERR,ERR,ERR,ERR,ERR,ERR,ERR,ERR,ERR,ERR,ERR,ERR,ERR,ERR,ERR,ERR,ERR,ERR,ERR,0.0,0.0,2.6474835549302285e+23,0.0,0.0,1.3936040501711995e+18,7.805,0.0,0,0,4,0,7116,0.0,100,0.0,0.0,0.0,0.0,0.0,0,0,0,0,0.0,0,0,0,0,0,0,0,0,0,0,0,0,0,0,0,0,0,0,0,0,0,0,0,0,0,0,0,0,0,0,0,0,0,31,40,40,71,65476,0,300,0,0,8,21553,0.0,-107605600.0,0.0,0.0,0.0,0.0,0.0,0.0,0.0,0.0,0.0,0.0,0.0,0.0,0.0,0.0,0.0,0.0,0.0,0.0,0.0,0.0,-2.004,2.004,0.0,-2.004,0.0,0.0,0.0,0.0,4491.0,1.0406634001529092e+34,6927.0,0.0,0.0,0.0,2.718429120148166e+23,0.0,0.0,0.0,0.0,69,-89221.141,-107614616.0,0.0,0.0,0.0,0.0,0.0,0.0,0.0,0,0,0,0.0,0.0,0.0,0.0,0.0,0.0,0.0,0.0,0.0,0.0,0.0,0.0,0.0,0.0,0.0,0.0,0,-107875648.0,69,0.0,138,0.0,0.0,0,0,17086,52429,17100,0,17080,0,0,0,70,68,100,2.7302399002429377e+23,82.1,0.0,78.4,-107615464.0,78.5,1,49,50,180,0,13107,0,0,0.0,0.0,0.0,0.0,-0.0,67.0,0.0,162057.094,0.0,974,0,1001,0,0,0,950,0,1024,0,920,0,789,0,780,0,822,0,7520,0.032,7.090467253332109e+19,0.0,0.0,784,16797,-0.0,162057.094,-114818.039,-0.0,0.133,6.909358625270745e+28,30.0,70.0,35,0.0,0.0,0.0,0.0,0.0,0.0,0.0,0.0,0.0,0.0,0.0,0.0,0.0,0.0,0.0,0.0,66.4,0,150,71,51,65476,0,300,0,0,8,20529,65476,0,0,44564,70.0,0.0,0.0,0.0,0.0,0.0
2026-09-10T21:35:03,ERR,ERR,ERR,ERR,ERR,ERR,ERR,ERR,ERR,ERR,ERR,ERR,ERR,ERR,ERR,ERR,ERR,ERR,ERR,ERR,ERR,ERR,ERR,ERR,ERR,ERR,ERR,ERR,ERR,ERR,ERR,ERR,ERR,ERR,ERR,ERR,ERR,ERR,ERR,ERR,ERR,ERR,ERR,ERR,ERR,ERR,ERR,ERR,ERR,ERR,ERR,ERR,ERR,ERR,ERR,ERR,ERR,ERR,ERR,ERR,ERR,ERR,ERR,ERR,ERR,ERR,ERR,ERR,ERR,ERR,ERR,ERR,ERR,ERR,ERR,ERR,ERR,ERR,ERR,ERR,ERR,ERR,ERR,ERR,ERR,ERR,ERR,ERR,ERR,ERR,ERR,ERR,ERR,ERR,ERR,ERR,ERR,ERR,ERR,ERR,ERR,ERR,ERR,ERR,ERR,ERR,ERR,ERR,ERR,ERR,ERR,ERR,ERR,ERR,ERR,ERR,ERR,ERR,ERR,ERR,ERR,ERR,ERR,ERR,ERR,0.0,0.0,2.6474835549302285e+23,0.0,0.0,1.3936040501711995e+18,7.805,0.0,0,0,4,0,7116,0.0,100,0.0,0.0,0.0,0.0,0.0,0,0,0,0,0.0,0,0,0,0,0,0,0,0,0,0,0,0,0,0,0,0,0,0,0,0,0,0,0,0,0,0,0,0,0,0,0,0,0,31,40,40,71,65476,0,300,0,0,8,21553,0.0,-107605600.0,0.0,0.0,0.0,0.0,0.0,0.0,0.0,0.0,0.0,0.0,0.0,0.0,0.0,0.0,0.0,0.0,0.0,0.0,0.0,0.0,-2.004,2.004,0.0,-2.004,0.0,0.0,0.0,0.0,4491.0,1.0406634001529092e+34,6927.0,0.0,0.0,0.0,2.718429120148166e+23,0.0,0.0,0.0,0.0,69,-89221.141,-107614616.0,0.0,0.0,0.0,0.0,0.0,0.0,0.0,0,0,0,0.0,0.0,0.0,0.0,0.0,0.0,0.0,0.0,0.0,0.0,0.0,0.0,0.0,0.0,0.0,0.0,0,-107875648.0,69,0.0,138,0.0,0.0,0,0,17086,52429,17100,0,17080,0,0,0,70,68,100,2.7302399002429377e+23,82.0,0.0,78.4,-107615464.0,78.5,1,49,50,180,52429,13107,0,0,0.0,0.0,0.0,0.0,-0.0,67.0,0.0,162057.094,0.0,974,0,1001,0,0,0,950,0,1024,0,920,0,789,0,781,0,822,0,7520,0.032,7.090467253332109e+19,0.0,0.0,784,16797,-0.0,162057.094,-114818.039,-0.0,0.133,6.909358625270745e+28,30.0,70.0,35,0.0,0.0,0.0,0.0,0.0,0.0,0.0,0.0,0.0,0.0,0.0,0.0,0.0,0.0,0.0,0.0,66.8,0,150,71,51,65476,0,300,0,0,8,20529,65476,0,0,44564,70.0,0.0,0.0,0.0,0.0,0.0
2026-09-10T21:35:04,ERR,ERR,ERR,ERR,ERR,ERR,ERR,ERR,ERR,ERR,ERR,ERR,ERR,ERR,ERR,ERR,ERR,ERR,ERR,ERR,ERR,ERR,ERR,ERR,ERR,ERR,ERR,ERR,ERR,ERR,ERR,ERR,ERR,ERR,ERR,ERR,ERR,ERR,ERR,ERR,ERR,ERR,ERR,ERR,ERR,ERR,ERR,ERR,ERR,ERR,ERR,ERR,ERR,ERR,ERR,ERR,ERR,ERR,ERR,ERR,ERR,ERR,ERR,ERR,ERR,ERR,ERR,ERR,ERR,ERR,ERR,ERR,ERR,ERR,ERR,ERR,ERR,ERR,ERR,ERR,ERR,ERR,ERR,ERR,ERR,ERR,ERR,ERR,ERR,ERR,ERR,ERR,ERR,ERR,ERR,ERR,ERR,ERR,ERR,ERR,ERR,ERR,ERR,ERR,ERR,ERR,ERR,ERR,ERR,ERR,ERR,ERR,ERR,ERR,ERR,ERR,ERR,ERR,ERR,ERR,ERR,ERR,ERR,ERR,ERR,0.0,0.0,2.6474835549302285e+23,0.0,0.0,1.3936040501711995e+18,7.805,0.0,0,0,4,0,7116,0.0,100,0.0,0.0,0.0,0.0,0.0,0,0,0,0,0.0,0,0,0,0,0,0,0,0,0,0,0,0,0,0,0,0,0,0,0,0,0,0,0,0,0,0,0,0,0,0,0,0,0,31,40,40,71,65476,0,300,0,0,8,21553,0.0,-107605600.0,0.0,0.0,0.0,0.0,0.0,0.0,0.0,0.0,0.0,0.0,0.0,0.0,0.0,0.0,0.0,0.0,0.0,0.0,0.0,0.0,-2.004,2.004,0.0,-2.004,0.0,0.0,0.0,0.0,4493.0,1.0406634001529092e+34,6927.0,0.0,0.0,0.0,2.718429120148166e+23,0.0,0.0,0.0,0.0,69,-126841143296.0,-107614616.0,0.0,0.0,0.0,0.0,0.0,0.0,0.0,0,0,0,0.0,0.0,0.0,0.0,0.0,0.0,0.0,0.0,0.0,0.0,0.0,0.0,0.0,0.0,0.0,0.0,0,-107875648.0,69,0.0,138,0.0,0.0,0,0,17086,52429,17100,0,17080,0,0,0,70,68,100,2.7302399002429377e+23,82.0,0.0,78.4,-107615464.0,78.5,1,49,50,180,52429,13107,0,0,0.0,0.0,0.0,0.0,-0.0,67.0,0.0,162057.094,0.0,974,0,1001,0,0,0,950,0,1024,0,920,0,789,0,781,0,822,0,7520,0.032,7.090467253332109e+19,0.0,0.0,784,16797,-0.0,162057.094,-114818.039,-0.0,0.133,6.909358625270745e+28,30.0,70.0,35,0.0,0.0,0.0,0.0,0.0,0.0,0.0,0.0,0.0,0.0,0.0,0.0,0.0,0.0,0.0,0.0,66.8,0,150,71,51,65476,0,300,0,0,8,20529,65476,0,0,44564,70.0,0.0,0.0,0.0,0.0,0.0
2026-09-10T21:35:05,ERR,ERR,ERR,ERR,ERR,ERR,ERR,ERR,ERR,ERR,ERR,ERR,ERR,ERR,ERR,ERR,ERR,ERR,ERR,ERR,ERR,ERR,ERR,ERR,ERR,ERR,ERR,ERR,ERR,ERR,ERR,ERR,ERR,ERR,ERR,ERR,ERR,ERR,ERR,ERR,ERR,ERR,ERR,ERR,ERR,ERR,ERR,ERR,ERR,ERR,ERR,ERR,ERR,ERR,ERR,ERR,ERR,ERR,ERR,ERR,ERR,ERR,ERR,ERR,ERR,ERR,ERR,ERR,ERR,ERR,ERR,ERR,ERR,ERR,ERR,ERR,ERR,ERR,ERR,ERR,ERR,ERR,ERR,ERR,ERR,ERR,ERR,ERR,ERR,ERR,ERR,ERR,ERR,ERR,ERR,ERR,ERR,ERR,ERR,ERR,ERR,ERR,ERR,ERR,ERR,ERR,ERR,ERR,ERR,ERR,ERR,ERR,ERR,ERR,ERR,ERR,ERR,ERR,ERR,ERR,ERR,ERR,ERR,ERR,ERR,0.0,0.0,2.6474835549302285e+23,0.0,0.0,1.3936040501711995e+18,7.805,0.0,0,0,4,0,7116,0.0,100,0.0,0.0,0.0,0.0,0.0,0,0,0,0,0.0,0,0,0,0,0,0,0,0,0,0,0,0,0,0,0,0,0,0,0,0,0,0,0,0,0,0,0,0,0,0,0,0,0,31,40,40,71,65476,0,300,0,0,8,21553,0.0,-107605600.0,0.0,0.0,0.0,0.0,0.0,0.0,0.0,0.0,0.0,0.0,0.0,0.0,0.0,0.0,0.0,0.0,0.0,0.0,0.0,0.0,-2.004,2.004,0.0,-2.004,0.0,0.0,0.0,0.0,4493.0,1.0406634001529092e+34,6927.0,0.0,0.0,0.0,2.718429120148166e+23,0.0,0.0,0.0,0.0,69,-126841143296.0,-107614616.0,0.0,0.0,0.0,0.0,0.0,0.0,0.0,0,0,0,0.0,0.0,0.0,0.0,0.0,0.0,0.0,0.0,0.0,0.0,0.0,0.0,0.0,0.0,0.0,0.0,0,-107875648.0,69,0.0,138,0.0,0.0,0,0,17086,52429,17100,0,17080,0,0,0,70,68,100,2.7302399002429377e+23,82.0,0.0,78.4,-107615464.0,78.5,1,49,50,180,52429,13107,0,0,0.0,0.0,0.0,0.0,-0.0,67.0,0.0,162057.094,0.0,974,0,1001,0,0,0,950,0,1024,0,920,0,789,0,781,0,822,0,7520,0.032,7.090467253332109e+19,0.0,0.0,784,16797,-0.0,162057.094,-114818.039,-0.0,0.133,6.909358625270745e+28,30.0,70.0,35,0.0,0.0,0.0,0.0,0.0,0.0,0.0,0.0,0.0,0.0,0.0,0.0,0.0,0.0,0.0,0.0,66.4,0,150,71,51,65476,0,300,0,0,8,20529,65476,0,0,44564,70.0,0.0,0.0,0.0,0.0,0.0
2026-09-10T21:35:06,ERR,ERR,ERR,ERR,ERR,ERR,ERR,ERR,ERR,ERR,ERR,ERR,ERR,ERR,ERR,ERR,ERR,ERR,ERR,ERR,ERR,ERR,ERR,ERR,ERR,ERR,ERR,ERR,ERR,ERR,ERR,ERR,ERR,ERR,ERR,ERR,ERR,ERR,ERR,ERR,ERR,ERR,ERR,ERR,ERR,ERR,ERR,ERR,ERR,ERR,ERR,ERR,ERR,ERR,ERR,ERR,ERR,ERR,ERR,ERR,ERR,ERR,ERR,ERR,ERR,ERR,ERR,ERR,ERR,ERR,ERR,ERR,ERR,ERR,ERR,ERR,ERR,ERR,ERR,ERR,ERR,ERR,ERR,ERR,ERR,ERR,ERR,ERR,ERR,ERR,ERR,ERR,ERR,ERR,ERR,ERR,ERR,ERR,ERR,ERR,ERR,ERR,ERR,ERR,ERR,ERR,ERR,ERR,ERR,ERR,ERR,ERR,ERR,ERR,ERR,ERR,ERR,ERR,ERR,ERR,ERR,ERR,ERR,ERR,ERR,0.0,0.0,2.6474835549302285e+23,0.0,0.0,1.3936040501711995e+18,7.805,0.0,0,0,4,0,7116,0.0,100,0.0,0.0,0.0,0.0,0.0,0,0,0,0,0.0,0,0,0,0,0,0,0,0,0,0,0,0,0,0,0,0,0,0,0,0,0,0,0,0,0,0,0,0,0,0,0,0,0,31,40,40,71,65476,0,300,0,0,8,21553,0.0,-107605600.0,0.0,0.0,0.0,0.0,0.0,0.0,0.0,0.0,0.0,0.0,0.0,0.0,0.0,0.0,0.0,0.0,0.0,0.0,0.0,0.0,-2.004,2.004,0.0,-2.004,0.0,0.0,0.0,0.0,4493.0,1.0406634001529092e+34,6927.0,0.0,0.0,0.0,2.718429120148166e+23,0.0,0.0,0.0,0.0,69,-126841143296.0,-107614616.0,0.0,0.0,0.0,0.0,0.0,0.0,0.0,0,0,0,0.0,0.0,0.0,0.0,0.0,0.0,0.0,0.0,0.0,0.0,0.0,0.0,0.0,0.0,0.0,0.0,0,-107875648.0,69,0.0,138,0.0,0.0,0,0,17086,52429,17100,0,17080,0,0,0,70,68,100,2.7302399002429377e+23,82.0,0.0,78.4,-107615464.0,78.5,1,49,50,180,52429,13107,0,0,0.0,0.0,0.0,0.0,-0.0,67.0,0.0,162057.094,0.0,974,0,1001,0,0,0,950,0,1024,0,920,0,789,0,781,0,822,0,7520,0.032,7.090467253332109e+19,0.0,0.0,784,16797,-0.0,162057.094,-114818.039,-0.0,0.133,6.909358625270745e+28,30.0,70.0,35,0.0,0.0,0.0,0.0,0.0,0.0,0.0,0.0,0.0,0.0,0.0,0.0,0.0,0.0,0.0,0.0,66.4,0,150,71,51,65476,0,300,0,0,8,20529,65476,0,0,44564,70.0,0.0,0.0,0.0,0.0,0.0
2026-09-10T21:35:07,ERR,ERR,ERR,ERR,ERR,ERR,ERR,ERR,ERR,ERR,ERR,ERR,ERR,ERR,ERR,ERR,ERR,ERR,ERR,ERR,ERR,ERR,ERR,ERR,ERR,ERR,ERR,ERR,ERR,ERR,ERR,ERR,ERR,ERR,ERR,ERR,ERR,ERR,ERR,ERR,ERR,ERR,ERR,ERR,ERR,ERR,ERR,ERR,ERR,ERR,ERR,ERR,ERR,ERR,ERR,ERR,ERR,ERR,ERR,ERR,ERR,ERR,ERR,ERR,ERR,ERR,ERR,ERR,ERR,ERR,ERR,ERR,ERR,ERR,ERR,ERR,ERR,ERR,ERR,ERR,ERR,ERR,ERR,ERR,ERR,ERR,ERR,ERR,ERR,ERR,ERR,ERR,ERR,ERR,ERR,ERR,ERR,ERR,ERR,ERR,ERR,ERR,ERR,ERR,ERR,ERR,ERR,ERR,ERR,ERR,ERR,ERR,ERR,ERR,ERR,ERR,ERR,ERR,ERR,ERR,ERR,ERR,ERR,ERR,ERR,0.0,0.0,2.6474835549302285e+23,0.0,0.0,1.3936040501711995e+18,7.805,0.0,0,0,4,0,7116,0.0,100,0.0,0.0,0.0,0.0,0.0,0,0,0,0,0.0,0,0,0,0,0,0,0,0,0,0,0,0,0,0,0,0,0,0,0,0,0,0,0,0,0,0,0,0,0,0,0,0,0,31,40,40,71,65476,0,300,0,0,8,21553,0.0,-107605600.0,0.0,0.0,0.0,0.0,0.0,0.0,0.0,0.0,0.0,0.0,0.0,0.0,0.0,0.0,0.0,0.0,0.0,0.0,0.0,0.0,-2.004,2.004,0.0,-2.004,0.0,0.0,0.0,0.0,4493.0,1.0406634001529092e+34,6927.0,0.0,0.0,0.0,2.718429120148166e+23,0.0,0.0,0.0,0.0,69,-126841143296.0,-107614616.0,0.0,0.0,0.0,0.0,0.0,0.0,0.0,0,0,0,0.0,0.0,0.0,0.0,0.0,0.0,0.0,0.0,0.0,0.0,0.0,0.0,0.0,0.0,0.0,0.0,0,-107875648.0,69,0.0,138,0.0,0.0,0,0,17086,52429,17100,0,17080,0,0,0,70,68,100,2.7302399002429377e+23,82.0,0.0,78.4,-107615464.0,78.5,1,49,50,180,52429,13107,0,0,0.0,0.0,0.0,0.0,-0.0,67.0,0.0,162057.094,0.0,974,0,1001,0,0,0,950,0,1024,0,920,0,789,0,781,0,822,0,7520,0.032,7.090467253332109e+19,0.0,0.0,784,16797,-0.0,162057.094,-114818.039,-0.0,0.133,6.909358625270745e+28,30.0,70.0,35,0.0,0.0,0.0,0.0,0.0,0.0,0.0,0.0,0.0,0.0,0.0,0.0,0.0,0.0,0.0,0.0,66.4,0,150,71,51,65476,0,300,0,0,8,20529,65476,0,0,44564,70.0,0.0,0.0,0.0,0.0,0.0
2026-09-10T21:35:08,ERR,ERR,ERR,ERR,ERR,ERR,ERR,ERR,ERR,ERR,ERR,ERR,ERR,ERR,ERR,ERR,ERR,ERR,ERR,ERR,ERR,ERR,ERR,ERR,ERR,ERR,ERR,ERR,ERR,ERR,ERR,ERR,ERR,ERR,ERR,ERR,ERR,ERR,ERR,ERR,ERR,ERR,ERR,ERR,ERR,ERR,ERR,ERR,ERR,ERR,ERR,ERR,ERR,ERR,ERR,ERR,ERR,ERR,ERR,ERR,ERR,ERR,ERR,ERR,ERR,ERR,ERR,ERR,ERR,ERR,ERR,ERR,ERR,ERR,ERR,ERR,ERR,ERR,ERR,ERR,ERR,ERR,ERR,ERR,ERR,ERR,ERR,ERR,ERR,ERR,ERR,ERR,ERR,ERR,ERR,ERR,ERR,ERR,ERR,ERR,ERR,ERR,ERR,ERR,ERR,ERR,ERR,ERR,ERR,ERR,ERR,ERR,ERR,ERR,ERR,ERR,ERR,ERR,ERR,ERR,ERR,ERR,ERR,ERR,ERR,0.0,0.0,2.6474835549302285e+23,0.0,0.0,1.3936040501711995e+18,7.805,0.0,0,0,4,0,7116,0.0,100,0.0,0.0,0.0,0.0,0.0,0,0,0,0,0.0,0,0,0,0,0,0,0,0,0,0,0,0,0,0,0,0,0,0,0,0,0,0,0,0,0,0,0,0,0,0,0,0,0,31,40,40,71,65476,0,300,0,0,8,21553,0.0,-107605600.0,0.0,0.0,0.0,0.0,0.0,0.0,0.0,0.0,0.0,0.0,0.0,0.0,0.0,0.0,0.0,0.0,0.0,0.0,0.0,0.0,-2.004,2.004,0.0,-2.004,0.0,0.0,0.0,0.0,4493.0,1.0406634001529092e+34,6927.0,0.0,0.0,0.0,2.718429120148166e+23,0.0,0.0,0.0,0.0,69,-126841143296.0,-107614616.0,0.0,0.0,0.0,0.0,0.0,0.0,0.0,0,0,0,0.0,0.0,0.0,0.0,0.0,0.0,0.0,0.0,0.0,0.0,0.0,0.0,0.0,0.0,0.0,0.0,0,-107875648.0,69,0.0,138,0.0,0.0,0,0,17086,52429,17100,0,17080,0,0,0,70,68,100,2.7302399002429377e+23,82.0,0.0,78.4,-107615464.0,78.5,1,49,50,180,52429,13107,0,0,0.0,0.0,0.0,0.0,-0.0,67.0,0.0,162057.094,0.0,974,0,1001,0,0,0,950,0,1024,0,920,0,789,0,781,0,822,0,7520,0.032,7.090467253332109e+19,0.0,0.0,784,16797,-0.0,162057.094,-114818.039,-0.0,0.133,6.909358625270745e+28,30.0,70.0,35,0.0,0.0,0.0,0.0,0.0,0.0,0.0,0.0,0.0,0.0,0.0,0.0,0.0,0.0,0.0,0.0,66.4,0,150,71,51,65476,0,300,0,0,8,20529,65476,0,0,44564,70.0,0.0,0.0,0.0,0.0,0.0
2026-09-10T21:35:09,ERR,ERR,ERR,ERR,ERR,ERR,ERR,ERR,ERR,ERR,ERR,ERR,ERR,ERR,ERR,ERR,ERR,ERR,ERR,ERR,ERR,ERR,ERR,ERR,ERR,ERR,ERR,ERR,ERR,ERR,ERR,ERR,ERR,ERR,ERR,ERR,ERR,ERR,ERR,ERR,ERR,ERR,ERR,ERR,ERR,ERR,ERR,ERR,ERR,ERR,ERR,ERR,ERR,ERR,ERR,ERR,ERR,ERR,ERR,ERR,ERR,ERR,ERR,ERR,ERR,ERR,ERR,ERR,ERR,ERR,ERR,ERR,ERR,ERR,ERR,ERR,ERR,ERR,ERR,ERR,ERR,ERR,ERR,ERR,ERR,ERR,ERR,ERR,ERR,ERR,ERR,ERR,ERR,ERR,ERR,ERR,ERR,ERR,ERR,ERR,ERR,ERR,ERR,ERR,ERR,ERR,ERR,ERR,ERR,ERR,ERR,ERR,ERR,ERR,ERR,ERR,ERR,ERR,ERR,ERR,ERR,ERR,ERR,ERR,ERR,0.0,0.0,2.6474835549302285e+23,0.0,0.0,1.3936040501711995e+18,7.805,0.0,0,0,4,0,7116,0.0,100,0.0,0.0,0.0,0.0,0.0,0,0,0,0,0.0,0,0,0,0,0,0,0,0,0,0,0,0,0,0,0,0,0,0,0,0,0,0,0,0,0,0,0,0,0,0,0,0,0,31,40,40,71,65476,0,300,0,0,8,21553,0.0,-107605600.0,0.0,0.0,0.0,0.0,0.0,0.0,0.0,0.0,0.0,0.0,0.0,0.0,0.0,0.0,0.0,0.0,0.0,0.0,0.0,0.0,-2.004,2.004,0.0,-2.004,0.0,0.0,0.0,0.0,4493.0,1.0406634001529092e+34,6927.0,0.0,0.0,0.0,2.718429120148166e+23,0.0,0.0,0.0,0.0,69,-126841143296.0,-107614616.0,0.0,0.0,0.0,0.0,0.0,0.0,0.0,0,0,0,0.0,0.0,0.0,0.0,0.0,0.0,0.0,0.0,0.0,0.0,0.0,0.0,0.0,0.0,0.0,0.0,0,-107875648.0,69,0.0,138,0.0,0.0,0,0,17086,52429,17100,0,17080,0,0,0,70,68,100,2.7302399002429377e+23,82.1,0.0,78.4,-107615464.0,78.5,1,49,50,180,52429,0,0,0,0.0,0.0,0.0,0.0,-0.0,67.0,0.0,162057.094,0.0,974,0,1000,0,0,0,950,0,1024,0,920,0,789,0,780,0,822,0,7520,0.032,7.090467253332109e+19,0.0,0.0,784,16797,-0.0,162057.094,-114818.039,-0.0,0.133,6.909358625270745e+28,30.0,70.0,35,0.0,0.0,0.0,0.0,0.0,0.0,0.0,0.0,0.0,0.0,0.0,0.0,0.0,0.0,0.0,0.0,66.4,0,150,71,51,65476,0,300,0,0,8,20529,65476,0,0,44564,70.0,0.0,0.0,0.0,0.0,0.0
2026-09-10T21:35:10,ERR,ERR,ERR,ERR,ERR,ERR,ERR,ERR,ERR,ERR,ERR,ERR,ERR,ERR,ERR,ERR,ERR,ERR,ERR,ERR,ERR,ERR,ERR,ERR,ERR,ERR,ERR,ERR,ERR,ERR,ERR,ERR,ERR,ERR,ERR,ERR,ERR,ERR,ERR,ERR,ERR,ERR,ERR,ERR,ERR,ERR,ERR,ERR,ERR,ERR,ERR,ERR,ERR,ERR,ERR,ERR,ERR,ERR,ERR,ERR,ERR,ERR,ERR,ERR,ERR,ERR,ERR,ERR,ERR,ERR,ERR,ERR,ERR,ERR,ERR,ERR,ERR,ERR,ERR,ERR,ERR,ERR,ERR,ERR,ERR,ERR,ERR,ERR,ERR,ERR,ERR,ERR,ERR,ERR,ERR,ERR,ERR,ERR,ERR,ERR,ERR,ERR,ERR,ERR,ERR,ERR,ERR,ERR,ERR,ERR,ERR,ERR,ERR,ERR,ERR,ERR,ERR,ERR,ERR,ERR,ERR,ERR,ERR,ERR,ERR,0.0,0.0,2.6474835549302285e+23,0.0,0.0,1.3936040501711995e+18,7.805,0.0,0,0,4,0,7116,0.0,100,0.0,0.0,0.0,0.0,0.0,0,0,0,0,0.0,0,0,0,0,0,0,0,0,0,0,0,0,0,0,0,0,0,0,0,0,0,0,0,0,0,0,0,0,0,0,0,0,0,31,40,40,71,65476,0,300,0,0,8,21553,0.0,-107605600.0,0.0,0.0,0.0,0.0,0.0,0.0,0.0,0.0,0.0,0.0,0.0,0.0,0.0,0.0,0.0,0.0,0.0,0.0,0.0,0.0,-2.004,2.004,0.0,-2.004,0.0,0.0,0.0,0.0,4493.0,1.0406634001529092e+34,6927.0,0.0,0.0,0.0,2.718429120148166e+23,0.0,0.0,0.0,0.0,69,-126841143296.0,-107614616.0,0.0,0.0,0.0,0.0,0.0,0.0,0.0,0,0,0,0.0,0.0,0.0,0.0,0.0,0.0,0.0,0.0,0.0,0.0,0.0,0.0,0.0,0.0,0.0,0.0,0,-107875648.0,69,0.0,138,0.0,0.0,0,0,17086,52429,17100,0,17080,0,0,0,70,68,100,2.7302399002429377e+23,82.1,0.0,78.4,-107615464.0,78.5,1,49,50,180,52429,0,0,0,0.0,0.0,0.0,0.0,-0.0,67.0,0.0,162057.094,0.0,974,0,1000,0,0,0,950,0,1024,0,920,0,789,0,780,0,822,0,7520,0.032,7.090467253332109e+19,0.0,0.0,784,16797,-0.0,162057.094,-114818.039,-0.0,0.133,6.909358625270745e+28,30.0,70.0,35,0.0,0.0,0.0,0.0,0.0,0.0,0.0,0.0,0.0,0.0,0.0,0.0,0.0,0.0,0.0,0.0,66.4,0,150,71,51,65476,0,300,0,0,8,20529,65476,0,0,44564,70.0,0.0,0.0,0.0,0.0,0.0
2026-09-10T21:35:11,ERR,ERR,ERR,ERR,ERR,ERR,ERR,ERR,ERR,ERR,ERR,ERR,ERR,ERR,ERR,ERR,ERR,ERR,ERR,ERR,ERR,ERR,ERR,ERR,ERR,ERR,ERR,ERR,ERR,ERR,ERR,ERR,ERR,ERR,ERR,ERR,ERR,ERR,ERR,ERR,ERR,ERR,ERR,ERR,ERR,ERR,ERR,ERR,ERR,ERR,ERR,ERR,ERR,ERR,ERR,ERR,ERR,ERR,ERR,ERR,ERR,ERR,ERR,ERR,ERR,ERR,ERR,ERR,ERR,ERR,ERR,ERR,ERR,ERR,ERR,ERR,ERR,ERR,ERR,ERR,ERR,ERR,ERR,ERR,ERR,ERR,ERR,ERR,ERR,ERR,ERR,ERR,ERR,ERR,ERR,ERR,ERR,ERR,ERR,ERR,ERR,ERR,ERR,ERR,ERR,ERR,ERR,ERR,ERR,ERR,ERR,ERR,ERR,ERR,ERR,ERR,ERR,ERR,ERR,ERR,ERR,ERR,ERR,ERR,ERR,0.0,0.0,2.6474835549302285e+23,0.0,0.0,1.3936040501711995e+18,7.805,0.0,0,0,4,0,7116,0.0,100,0.0,0.0,0.0,0.0,0.0,0,0,0,0,0.0,0,0,0,0,0,0,0,0,0,0,0,0,0,0,0,0,0,0,0,0,0,0,0,0,0,0,0,0,0,0,0,0,0,31,40,40,71,65476,0,300,0,0,8,21553,0.0,-107605600.0,0.0,0.0,0.0,0.0,0.0,0.0,0.0,0.0,0.0,0.0,0.0,0.0,0.0,0.0,0.0,0.0,0.0,0.0,0.0,0.0,-2.004,2.004,0.0,-2.004,0.0,0.0,0.0,0.0,4493.0,1.0406634001529092e+34,6927.0,0.0,0.0,0.0,2.718429120148166e+23,0.0,0.0,0.0,0.0,69,-126841143296.0,-107614616.0,0.0,0.0,0.0,0.0,0.0,0.0,0.0,0,0,0,0.0,0.0,0.0,0.0,0.0,0.0,0.0,0.0,0.0,0.0,0.0,0.0,0.0,0.0,0.0,0.0,0,-107875648.0,69,0.0,138,0.0,0.0,0,0,17086,52429,17100,0,17080,0,0,0,70,68,100,2.7302399002429377e+23,82.1,0.0,78.4,-107615464.0,78.5,1,49,50,180,52429,0,0,0,0.0,0.0,0.0,0.0,-0.0,67.0,0.0,162057.094,0.0,974,0,1000,0,0,0,950,0,1024,0,920,0,789,0,780,0,822,0,7520,0.032,7.090467253332109e+19,0.0,0.0,784,16797,-0.0,162057.094,-114818.039,-0.0,0.133,6.909358625270745e+28,30.0,70.0,35,0.0,0.0,0.0,0.0,0.0,0.0,0.0,0.0,0.0,0.0,0.0,0.0,0.0,0.0,0.0,0.0,66.4,0,150,71,51,65476,0,300,0,0,8,20529,65476,0,0,44564,70.0,0.0,0.0,0.0,0.0,0.0
2026-09-10T21:35:12,ERR,ERR,ERR,ERR,ERR,ERR,ERR,ERR,ERR,ERR,ERR,ERR,ERR,ERR,ERR,ERR,ERR,ERR,ERR,ERR,ERR,ERR,ERR,ERR,ERR,ERR,ERR,ERR,ERR,ERR,ERR,ERR,ERR,ERR,ERR,ERR,ERR,ERR,ERR,ERR,ERR,ERR,ERR,ERR,ERR,ERR,ERR,ERR,ERR,ERR,ERR,ERR,ERR,ERR,ERR,ERR,ERR,ERR,ERR,ERR,ERR,ERR,ERR,ERR,ERR,ERR,ERR,ERR,ERR,ERR,ERR,ERR,ERR,ERR,ERR,ERR,ERR,ERR,ERR,ERR,ERR,ERR,ERR,ERR,ERR,ERR,ERR,ERR,ERR,ERR,ERR,ERR,ERR,ERR,ERR,ERR,ERR,ERR,ERR,ERR,ERR,ERR,ERR,ERR,ERR,ERR,ERR,ERR,ERR,ERR,ERR,ERR,ERR,ERR,ERR,ERR,ERR,ERR,ERR,ERR,ERR,ERR,ERR,ERR,ERR,0.0,0.0,2.6474835549302285e+23,0.0,0.0,1.3936040501711995e+18,7.805,0.0,0,0,4,0,7116,0.0,100,0.0,0.0,0.0,0.0,0.0,0,0,0,0,0.0,0,0,0,0,0,0,0,0,0,0,0,0,0,0,0,0,0,0,0,0,0,0,0,0,0,0,0,0,0,0,0,0,0,31,40,40,71,65476,0,300,0,0,8,21553,0.0,-107605600.0,0.0,0.0,0.0,0.0,0.0,0.0,0.0,0.0,0.0,0.0,0.0,0.0,0.0,0.0,0.0,0.0,0.0,0.0,0.0,0.0,-2.004,2.004,0.0,-2.004,0.0,0.0,0.0,0.0,4485.0,3.69717909675028e+19,6924.0,0.0,0.0,0.0,2.718429120148166e+23,0.0,0.0,0.0,0.0,69,-0.0,-71.629,0.0,0.0,0.0,0.0,0.0,0.0,0.0,0,0,0,0.0,0.0,0.0,0.0,0.0,0.0,0.0,0.0,0.0,0.0,0.0,0.0,0.0,0.0,0.0,0.0,0,-107875648.0,69,0.0,138,0.0,0.0,0,0,17086,52429,17100,0,17080,0,0,0,70,68,100,2.7302399002429377e+23,82.1,0.0,78.4,-107615464.0,78.5,1,49,50,180,52429,0,0,0,0.0,0.0,0.0,0.0,-0.0,67.0,0.0,162057.094,0.0,974,0,1000,0,0,0,950,0,1024,0,920,0,789,0,780,0,822,0,7520,0.032,7.090467253332109e+19,0.0,0.0,784,16797,-0.0,162057.094,-114818.039,-0.0,0.133,6.909358625270745e+28,30.0,70.0,35,0.0,0.0,0.0,0.0,0.0,0.0,0.0,0.0,0.0,0.0,0.0,0.0,0.0,0.0,0.0,0.0,66.4,0,150,71,51,65476,0,300,0,0,8,20529,65476,0,0,44564,70.0,0.0,0.0,0.0,0.0,0.0
2026-09-10T21:35:13,ERR,ERR,ERR,ERR,ERR,ERR,ERR,ERR,ERR,ERR,ERR,ERR,ERR,ERR,ERR,ERR,ERR,ERR,ERR,ERR,ERR,ERR,ERR,ERR,ERR,ERR,ERR,ERR,ERR,ERR,ERR,ERR,ERR,ERR,ERR,ERR,ERR,ERR,ERR,ERR,ERR,ERR,ERR,ERR,ERR,ERR,ERR,ERR,ERR,ERR,ERR,ERR,ERR,ERR,ERR,ERR,ERR,ERR,ERR,ERR,ERR,ERR,ERR,ERR,ERR,ERR,ERR,ERR,ERR,ERR,ERR,ERR,ERR,ERR,ERR,ERR,ERR,ERR,ERR,ERR,ERR,ERR,ERR,ERR,ERR,ERR,ERR,ERR,ERR,ERR,ERR,ERR,ERR,ERR,ERR,ERR,ERR,ERR,ERR,ERR,ERR,ERR,ERR,ERR,ERR,ERR,ERR,ERR,ERR,ERR,ERR,ERR,ERR,ERR,ERR,ERR,ERR,ERR,ERR,ERR,ERR,ERR,ERR,ERR,ERR,0.0,0.0,2.6474835549302285e+23,0.0,0.0,1.3936040501711995e+18,7.805,0.0,0,0,4,0,7116,0.0,100,0.0,0.0,0.0,0.0,0.0,0,0,0,0,0.0,0,0,0,0,0,0,0,0,0,0,0,0,0,0,0,0,0,0,0,0,0,0,0,0,0,0,0,0,0,0,0,0,0,31,40,40,71,65476,0,300,0,0,8,21553,0.0,-107605600.0,0.0,0.0,0.0,0.0,0.0,0.0,0.0,0.0,0.0,0.0,0.0,0.0,0.0,0.0,0.0,0.0,0.0,0.0,0.0,0.0,-2.004,2.004,0.0,-2.004,0.0,0.0,0.0,0.0,4485.0,3.69717909675028e+19,6924.0,0.0,0.0,0.0,2.718429120148166e+23,0.0,0.0,0.0,0.0,69,-0.0,-71.629,0.0,0.0,0.0,0.0,0.0,0.0,0.0,0,0,0,0.0,0.0,0.0,0.0,0.0,0.0,0.0,0.0,0.0,0.0,0.0,0.0,0.0,0.0,0.0,0.0,0,-107875648.0,69,0.0,138,0.0,0.0,0,0,17086,52429,17100,0,17080,0,0,0,70,68,100,2.7302399002429377e+23,82.1,0.0,78.4,-107615464.0,78.5,1,49,50,180,52429,0,0,0,0.0,0.0,0.0,0.0,-0.0,67.0,0.0,162057.094,0.0,974,0,1000,0,0,0,950,0,1024,0,920,0,789,0,780,0,822,0,7520,0.032,7.090467253332109e+19,0.0,0.0,784,16797,-0.0,162057.094,-114818.039,-0.0,0.133,6.909358625270745e+28,30.0,70.0,35,0.0,0.0,0.0,0.0,0.0,0.0,0.0,0.0,0.0,0.0,0.0,0.0,0.0,0.0,0.0,0.0,66.4,0,150,71,51,65476,0,300,0,0,8,20529,65476,0,0,44564,70.0,0.0,0.0,0.0,0.0,0.0
2026-09-10T21:35:14,ERR,ERR,ERR,ERR,ERR,ERR,ERR,ERR,ERR,ERR,ERR,ERR,ERR,ERR,ERR,ERR,ERR,ERR,ERR,ERR,ERR,ERR,ERR,ERR,ERR,ERR,ERR,ERR,ERR,ERR,ERR,ERR,ERR,ERR,ERR,ERR,ERR,ERR,ERR,ERR,ERR,ERR,ERR,ERR,ERR,ERR,ERR,ERR,ERR,ERR,ERR,ERR,ERR,ERR,ERR,ERR,ERR,ERR,ERR,ERR,ERR,ERR,ERR,ERR,ERR,ERR,ERR,ERR,ERR,ERR,ERR,ERR,ERR,ERR,ERR,ERR,ERR,ERR,ERR,ERR,ERR,ERR,ERR,ERR,ERR,ERR,ERR,ERR,ERR,ERR,ERR,ERR,ERR,ERR,ERR,ERR,ERR,ERR,ERR,ERR,ERR,ERR,ERR,ERR,ERR,ERR,ERR,ERR,ERR,ERR,ERR,ERR,ERR,ERR,ERR,ERR,ERR,ERR,ERR,ERR,ERR,ERR,ERR,ERR,ERR,0.0,0.0,2.6474835549302285e+23,0.0,0.0,1.3936040501711995e+18,7.805,0.0,0,0,4,0,7116,0.0,100,0.0,0.0,0.0,0.0,0.0,0,0,0,0,0.0,0,0,0,0,0,0,0,0,0,0,0,0,0,0,0,0,0,0,0,0,0,0,0,0,0,0,0,0,0,0,0,0,0,31,40,40,71,65476,0,300,0,0,8,21553,0.0,-107605600.0,0.0,0.0,0.0,0.0,0.0,0.0,0.0,0.0,0.0,0.0,0.0,0.0,0.0,0.0,0.0,0.0,0.0,0.0,0.0,0.0,-2.004,2.004,0.0,-2.004,0.0,0.0,0.0,0.0,4485.0,3.69717909675028e+19,6924.0,0.0,0.0,0.0,2.718429120148166e+23,0.0,0.0,0.0,0.0,69,-0.0,-71.629,0.0,0.0,0.0,0.0,0.0,0.0,0.0,0,0,0,0.0,0.0,0.0,0.0,0.0,0.0,0.0,0.0,0.0,0.0,0.0,0.0,0.0,0.0,0.0,0.0,0,-107875648.0,69,0.0,138,0.0,0.0,0,0,17086,52429,17100,0,17080,0,0,0,70,68,100,2.7302399002429377e+23,82.1,0.0,78.4,-107615464.0,78.5,1,49,50,180,52429,0,0,0,0.0,0.0,0.0,0.0,-0.0,67.0,0.0,162057.094,0.0,974,0,1000,0,0,0,950,0,1024,0,920,0,789,0,780,0,822,0,7520,0.032,7.090467253332109e+19,0.0,0.0,784,16797,-0.0,162057.094,-114818.039,-0.0,0.133,6.909358625270745e+28,30.0,70.0,35,0.0,0.0,0.0,0.0,0.0,0.0,0.0,0.0,0.0,0.0,0.0,0.0,0.0,0.0,0.0,0.0,66.4,0,150,71,51,65476,0,300,0,0,8,20529,65476,0,0,44564,70.0,0.0,0.0,0.0,0.0,0.0
2026-09-10T21:35:15,ERR,ERR,ERR,ERR,ERR,ERR,ERR,ERR,ERR,ERR,ERR,ERR,ERR,ERR,ERR,ERR,ERR,ERR,ERR,ERR,ERR,ERR,ERR,ERR,ERR,ERR,ERR,ERR,ERR,ERR,ERR,ERR,ERR,ERR,ERR,ERR,ERR,ERR,ERR,ERR,ERR,ERR,ERR,ERR,ERR,ERR,ERR,ERR,ERR,ERR,ERR,ERR,ERR,ERR,ERR,ERR,ERR,ERR,ERR,ERR,ERR,ERR,ERR,ERR,ERR,ERR,ERR,ERR,ERR,ERR,ERR,ERR,ERR,ERR,ERR,ERR,ERR,ERR,ERR,ERR,ERR,ERR,ERR,ERR,ERR,ERR,ERR,ERR,ERR,ERR,ERR,ERR,ERR,ERR,ERR,ERR,ERR,ERR,ERR,ERR,ERR,ERR,ERR,ERR,ERR,ERR,ERR,ERR,ERR,ERR,ERR,ERR,ERR,ERR,ERR,ERR,ERR,ERR,ERR,ERR,ERR,ERR,ERR,ERR,ERR,0.0,0.0,2.6474835549302285e+23,0.0,0.0,1.3936040501711995e+18,7.805,0.0,0,0,4,0,7116,0.0,100,0.0,0.0,0.0,0.0,0.0,0,0,0,0,0.0,0,0,0,0,0,0,0,0,0,0,0,0,0,0,0,0,0,0,0,0,0,0,0,0,0,0,0,0,0,0,0,0,0,31,40,40,71,65476,0,300,0,0,8,21553,0.0,-107605600.0,0.0,0.0,0.0,0.0,0.0,0.0,0.0,0.0,0.0,0.0,0.0,0.0,0.0,0.0,0.0,0.0,0.0,0.0,0.0,0.0,-2.004,2.004,0.0,-2.004,0.0,0.0,0.0,0.0,4485.0,3.69717909675028e+19,6924.0,0.0,0.0,0.0,2.718429120148166e+23,0.0,0.0,0.0,0.0,69,-0.0,-71.629,0.0,0.0,0.0,0.0,0.0,0.0,0.0,0,0,0,0.0,0.0,0.0,0.0,0.0,0.0,0.0,0.0,0.0,0.0,0.0,0.0,0.0,0.0,0.0,0.0,0,-107875648.0,69,0.0,138,0.0,0.0,0,0,17086,52429,17100,0,17080,0,0,0,70,68,100,2.7302399002429377e+23,82.1,0.0,78.4,-107615464.0,78.5,1,49,50,180,52429,0,0,0,0.0,0.0,0.0,0.0,-0.0,67.0,0.0,162057.094,0.0,974,0,1000,0,0,0,950,0,1024,0,920,0,789,0,781,0,822,0,7520,0.032,7.090467253332109e+19,0.0,0.0,784,16797,-0.0,162057.094,-114818.039,-0.0,0.133,6.909358625270745e+28,30.0,70.0,35,0.0,0.0,0.0,0.0,0.0,0.0,0.0,0.0,0.0,0.0,0.0,0.0,0.0,0.0,0.0,0.0,66.4,0,150,71,51,65476,0,300,0,0,8,20529,65476,0,0,44564,70.0,0.0,0.0,0.0,0.0,0.0
2026-09-10T21:35:16,ERR,ERR,ERR,ERR,ERR,ERR,ERR,ERR,ERR,ERR,ERR,ERR,ERR,ERR,ERR,ERR,ERR,ERR,ERR,ERR,ERR,ERR,ERR,ERR,ERR,ERR,ERR,ERR,ERR,ERR,ERR,ERR,ERR,ERR,ERR,ERR,ERR,ERR,ERR,ERR,ERR,ERR,ERR,ERR,ERR,ERR,ERR,ERR,ERR,ERR,ERR,ERR,ERR,ERR,ERR,ERR,ERR,ERR,ERR,ERR,ERR,ERR,ERR,ERR,ERR,ERR,ERR,ERR,ERR,ERR,ERR,ERR,ERR,ERR,ERR,ERR,ERR,ERR,ERR,ERR,ERR,ERR,ERR,ERR,ERR,ERR,ERR,ERR,ERR,ERR,ERR,ERR,ERR,ERR,ERR,ERR,ERR,ERR,ERR,ERR,ERR,ERR,ERR,ERR,ERR,ERR,ERR,ERR,ERR,ERR,ERR,ERR,ERR,ERR,ERR,ERR,ERR,ERR,ERR,ERR,ERR,ERR,ERR,ERR,ERR,0.0,0.0,2.6474835549302285e+23,0.0,0.0,1.3936040501711995e+18,7.805,0.0,0,0,4,0,7116,0.0,100,0.0,0.0,0.0,0.0,0.0,0,0,0,0,0.0,0,0,0,0,0,0,0,0,0,0,0,0,0,0,0,0,0,0,0,0,0,0,0,0,0,0,0,0,0,0,0,0,0,31,40,40,71,65476,0,300,0,0,8,21553,0.0,-107605600.0,0.0,0.0,0.0,0.0,0.0,0.0,0.0,0.0,0.0,0.0,0.0,0.0,0.0,0.0,0.0,0.0,0.0,0.0,0.0,0.0,-2.004,2.004,0.0,-2.004,0.0,0.0,0.0,0.0,4485.0,3.69717909675028e+19,6924.0,0.0,0.0,0.0,2.718429120148166e+23,0.0,0.0,0.0,0.0,69,-0.0,-71.629,0.0,0.0,0.0,0.0,0.0,0.0,0.0,0,0,0,0.0,0.0,0.0,0.0,0.0,0.0,0.0,0.0,0.0,0.0,0.0,0.0,0.0,0.0,0.0,0.0,0,-107875648.0,69,0.0,138,0.0,0.0,0,0,17086,52429,17100,0,17080,0,0,0,70,68,100,2.7302399002429377e+23,82.1,0.0,78.4,-107615464.0,78.5,1,49,50,180,52429,0,0,0,0.0,0.0,0.0,0.0,-0.0,67.0,0.0,162057.094,0.0,974,0,1000,0,0,0,950,0,1024,0,920,0,789,0,781,0,822,0,7520,0.032,7.090467253332109e+19,0.0,0.0,784,16797,-0.0,162057.094,-114818.039,-0.0,0.133,6.909358625270745e+28,30.0,70.0,35,0.0,0.0,0.0,0.0,0.0,0.0,0.0,0.0,0.0,0.0,0.0,0.0,0.0,0.0,0.0,0.0,66.4,0,150,71,51,65476,0,300,0,0,8,20529,65476,0,0,44564,70.0,0.0,0.0,0.0,0.0,0.0
2026-09-10T21:35:17,ERR,ERR,ERR,ERR,ERR,ERR,ERR,ERR,ERR,ERR,ERR,ERR,ERR,ERR,ERR,ERR,ERR,ERR,ERR,ERR,ERR,ERR,ERR,ERR,ERR,ERR,ERR,ERR,ERR,ERR,ERR,ERR,ERR,ERR,ERR,ERR,ERR,ERR,ERR,ERR,ERR,ERR,ERR,ERR,ERR,ERR,ERR,ERR,ERR,ERR,ERR,ERR,ERR,ERR,ERR,ERR,ERR,ERR,ERR,ERR,ERR,ERR,ERR,ERR,ERR,ERR,ERR,ERR,ERR,ERR,ERR,ERR,ERR,ERR,ERR,ERR,ERR,ERR,ERR,ERR,ERR,ERR,ERR,ERR,ERR,ERR,ERR,ERR,ERR,ERR,ERR,ERR,ERR,ERR,ERR,ERR,ERR,ERR,ERR,ERR,ERR,ERR,ERR,ERR,ERR,ERR,ERR,ERR,ERR,ERR,ERR,ERR,ERR,ERR,ERR,ERR,ERR,ERR,ERR,ERR,ERR,ERR,ERR,ERR,ERR,0.0,0.0,2.6474835549302285e+23,0.0,0.0,1.3936040501711995e+18,7.805,0.0,0,0,4,0,7116,0.0,100,0.0,0.0,0.0,0.0,0.0,0,0,0,0,0.0,0,0,0,0,0,0,0,0,0,0,0,0,0,0,0,0,0,0,0,0,0,0,0,0,0,0,0,0,0,0,0,0,0,31,40,40,71,65476,0,300,0,0,8,21553,0.0,-107605600.0,0.0,0.0,0.0,0.0,0.0,0.0,0.0,0.0,0.0,0.0,0.0,0.0,0.0,0.0,0.0,0.0,0.0,0.0,0.0,0.0,-2.004,2.004,0.0,-2.004,0.0,0.0,0.0,0.0,4485.0,3.69717909675028e+19,6924.0,0.0,0.0,0.0,2.718429120148166e+23,0.0,0.0,0.0,0.0,69,-0.0,-71.629,0.0,0.0,0.0,0.0,0.0,0.0,0.0,0,0,0,0.0,0.0,0.0,0.0,0.0,0.0,0.0,0.0,0.0,0.0,0.0,0.0,0.0,0.0,0.0,0.0,0,-107875648.0,69,0.0,138,0.0,0.0,0,0,17086,52429,17100,0,17080,0,0,0,70,68,100,2.7302399002429377e+23,82.1,0.0,78.4,-107615464.0,78.5,1,49,50,180,52429,0,0,0,0.0,0.0,0.0,0.0,-0.0,67.0,0.0,162057.094,0.0,974,0,1000,0,0,0,950,0,1024,0,920,0,789,0,781,0,822,0,7520,0.032,7.090467253332109e+19,0.0,0.0,784,16797,-0.0,162057.094,-114818.039,-0.0,0.133,6.909358625270745e+28,30.0,70.0,35,0.0,0.0,0.0,0.0,0.0,0.0,0.0,0.0,0.0,0.0,0.0,0.0,0.0,0.0,0.0,0.0,66.4,0,150,71,51,65476,0,300,0,0,8,20529,65476,0,0,44564,70.0,0.0,0.0,0.0,0.0,0.0
2026-09-10T21:35:18,ERR,ERR,ERR,ERR,ERR,ERR,ERR,ERR,ERR,ERR,ERR,ERR,ERR,ERR,ERR,ERR,ERR,ERR,ERR,ERR,ERR,ERR,ERR,ERR,ERR,ERR,ERR,ERR,ERR,ERR,ERR,ERR,ERR,ERR,ERR,ERR,ERR,ERR,ERR,ERR,ERR,ERR,ERR,ERR,ERR,ERR,ERR,ERR,ERR,ERR,ERR,ERR,ERR,ERR,ERR,ERR,ERR,ERR,ERR,ERR,ERR,ERR,ERR,ERR,ERR,ERR,ERR,ERR,ERR,ERR,ERR,ERR,ERR,ERR,ERR,ERR,ERR,ERR,ERR,ERR,ERR,ERR,ERR,ERR,ERR,ERR,ERR,ERR,ERR,ERR,ERR,ERR,ERR,ERR,ERR,ERR,ERR,ERR,ERR,ERR,ERR,ERR,ERR,ERR,ERR,ERR,ERR,ERR,ERR,ERR,ERR,ERR,ERR,ERR,ERR,ERR,ERR,ERR,ERR,ERR,ERR,ERR,ERR,ERR,ERR,0.0,0.0,2.6474835549302285e+23,0.0,0.0,1.3936040501711995e+18,7.805,0.0,0,0,4,0,7116,0.0,100,0.0,0.0,0.0,0.0,0.0,0,0,0,0,0.0,0,0,0,0,0,0,0,0,0,0,0,0,0,0,0,0,0,0,0,0,0,0,0,0,0,0,0,0,0,0,0,0,0,31,40,40,71,65476,0,300,0,0,8,21553,0.0,-107605600.0,0.0,0.0,0.0,0.0,0.0,0.0,0.0,0.0,0.0,0.0,0.0,0.0,0.0,0.0,0.0,0.0,0.0,0.0,0.0,0.0,-2.004,2.004,0.0,-2.004,0.0,0.0,0.0,0.0,4485.0,3.69717909675028e+19,6924.0,0.0,0.0,0.0,2.718429120148166e+23,0.0,0.0,0.0,0.0,69,-0.0,-71.629,0.0,0.0,0.0,0.0,0.0,0.0,0.0,0,0,0,0.0,0.0,0.0,0.0,0.0,0.0,0.0,0.0,0.0,0.0,0.0,0.0,0.0,0.0,0.0,0.0,0,-107875648.0,69,0.0,138,0.0,0.0,0,0,17086,52429,17100,0,17080,0,0,0,70,68,100,2.7302399002429377e+23,82.1,0.0,78.4,-107615464.0,78.5,1,49,50,180,52429,0,0,0,0.0,0.0,0.0,0.0,-0.0,67.0,0.0,162057.094,0.0,974,0,1000,0,0,0,950,0,1024,0,920,0,789,0,781,0,822,0,7520,0.032,7.090467253332109e+19,0.0,0.0,784,16797,-0.0,162057.094,-114818.039,-0.0,0.133,6.909358625270745e+28,30.0,70.0,35,0.0,0.0,0.0,0.0,0.0,0.0,0.0,0.0,0.0,0.0,0.0,0.0,0.0,0.0,0.0,0.0,66.4,0,150,71,51,65476,0,300,0,0,8,20529,65476,0,0,44564,70.0,0.0,0.0,0.0,0.0,0.0
2026-09-10T21:35:19,ERR,ERR,ERR,ERR,ERR,ERR,ERR,ERR,ERR,ERR,ERR,ERR,ERR,ERR,ERR,ERR,ERR,ERR,ERR,ERR,ERR,ERR,ERR,ERR,ERR,ERR,ERR,ERR,ERR,ERR,ERR,ERR,ERR,ERR,ERR,ERR,ERR,ERR,ERR,ERR,ERR,ERR,ERR,ERR,ERR,ERR,ERR,ERR,ERR,ERR,ERR,ERR,ERR,ERR,ERR,ERR,ERR,ERR,ERR,ERR,ERR,ERR,ERR,ERR,ERR,ERR,ERR,ERR,ERR,ERR,ERR,ERR,ERR,ERR,ERR,ERR,ERR,ERR,ERR,ERR,ERR,ERR,ERR,ERR,ERR,ERR,ERR,ERR,ERR,ERR,ERR,ERR,ERR,ERR,ERR,ERR,ERR,ERR,ERR,ERR,ERR,ERR,ERR,ERR,ERR,ERR,ERR,ERR,ERR,ERR,ERR,ERR,ERR,ERR,ERR,ERR,ERR,ERR,ERR,ERR,ERR,ERR,ERR,ERR,ERR,0.0,0.0,2.6474835549302285e+23,0.0,0.0,1.3936040501711995e+18,7.805,0.0,0,0,4,0,7116,0.0,100,0.0,0.0,0.0,0.0,0.0,0,0,0,0,0.0,0,0,0,0,0,0,0,0,0,0,0,0,0,0,0,0,0,0,0,0,0,0,0,0,0,0,0,0,0,0,0,0,0,31,40,40,71,65476,0,300,0,0,8,21553,0.0,-107605600.0,0.0,0.0,0.0,0.0,0.0,0.0,0.0,0.0,0.0,0.0,0.0,0.0,0.0,0.0,0.0,0.0,0.0,0.0,0.0,0.0,-2.004,2.004,0.0,-2.004,0.0,0.0,0.0,0.0,4485.0,3.69717909675028e+19,6924.0,0.0,0.0,0.0,2.718429120148166e+23,0.0,0.0,0.0,0.0,69,-0.0,-71.629,0.0,0.0,0.0,0.0,0.0,0.0,0.0,0,0,0,0.0,0.0,0.0,0.0,0.0,0.0,0.0,0.0,0.0,0.0,0.0,0.0,0.0,0.0,0.0,0.0,0,-107875648.0,69,0.0,138,0.0,0.0,0,0,17086,52429,17100,0,17080,0,0,0,70,68,100,2.7302399002429377e+23,82.1,0.0,78.4,-107615464.0,78.5,1,49,50,180,52429,0,0,0,0.0,0.0,0.0,0.0,-0.0,67.0,0.0,162057.094,0.0,974,0,1000,0,0,0,950,0,1024,0,920,0,789,0,781,0,822,0,7520,0.032,7.090467253332109e+19,0.0,0.0,784,16797,-0.0,162057.094,-114818.039,-0.0,0.133,6.909358625270745e+28,30.0,70.0,35,0.0,0.0,0.0,0.0,0.0,0.0,0.0,0.0,0.0,0.0,0.0,0.0,0.0,0.0,0.0,0.0,66.4,0,150,71,51,65476,0,300,0,0,8,20529,65476,0,0,44564,70.0,0.0,0.0,0.0,0.0,0.0
2026-09-10T21:35:20,ERR,ERR,ERR,ERR,ERR,ERR,ERR,ERR,ERR,ERR,ERR,ERR,ERR,ERR,ERR,ERR,ERR,ERR,ERR,ERR,ERR,ERR,ERR,ERR,ERR,ERR,ERR,ERR,ERR,ERR,ERR,ERR,ERR,ERR,ERR,ERR,ERR,ERR,ERR,ERR,ERR,ERR,ERR,ERR,ERR,ERR,ERR,ERR,ERR,ERR,ERR,ERR,ERR,ERR,ERR,ERR,ERR,ERR,ERR,ERR,ERR,ERR,ERR,ERR,ERR,ERR,ERR,ERR,ERR,ERR,ERR,ERR,ERR,ERR,ERR,ERR,ERR,ERR,ERR,ERR,ERR,ERR,ERR,ERR,ERR,ERR,ERR,ERR,ERR,ERR,ERR,ERR,ERR,ERR,ERR,ERR,ERR,ERR,ERR,ERR,ERR,ERR,ERR,ERR,ERR,ERR,ERR,ERR,ERR,ERR,ERR,ERR,ERR,ERR,ERR,ERR,ERR,ERR,ERR,ERR,ERR,ERR,ERR,ERR,ERR,0.0,0.0,2.6474835549302285e+23,0.0,0.0,1.3936040501711995e+18,7.805,0.0,0,0,4,0,7116,0.0,100,0.0,0.0,0.0,0.0,0.0,0,0,0,0,0.0,0,0,0,0,0,0,0,0,0,0,0,0,0,0,0,0,0,0,0,0,0,0,0,0,0,0,0,0,0,0,0,0,0,31,40,40,71,65476,0,300,0,0,8,21553,0.0,-107605600.0,0.0,0.0,0.0,0.0,0.0,0.0,0.0,0.0,0.0,0.0,0.0,0.0,0.0,0.0,0.0,0.0,0.0,0.0,0.0,0.0,-2.004,2.004,0.0,-2.004,0.0,0.0,0.0,0.0,4484.0,1.5879263307997272e+29,6922.0,0.0,0.0,0.0,2.718429120148166e+23,0.0,0.0,0.0,0.0,69,-0.0,-0.0,0.0,0.0,0.0,0.0,0.0,0.0,0.0,0,0,0,0.0,0.0,0.0,0.0,0.0,0.0,0.0,0.0,0.0,0.0,0.0,0.0,0.0,0.0,0.0,0.0,0,-107875648.0,69,0.0,138,0.0,0.0,0,0,17086,52429,17100,0,17080,0,0,0,70,68,100,2.7302399002429377e+23,82.0,0.0,78.4,-107615464.0,78.5,1,49,50,180,52429,0,0,0,0.0,0.0,0.0,0.0,-0.0,67.0,0.0,162057.094,0.0,974,0,1001,0,0,0,950,0,1024,0,920,0,789,0,780,0,822,0,7520,0.032,7.061644215716938e+19,0.0,0.0,784,16797,-0.0,162057.094,-114818.039,-0.0,0.133,6.909358625270745e+28,30.0,70.0,35,0.0,0.0,0.0,0.0,0.0,0.0,0.0,0.0,0.0,0.0,0.0,0.0,0.0,0.0,0.0,0.0,66.4,0,150,71,51,65476,0,300,0,0,8,20529,65476,0,0,44564,70.0,0.0,0.0,0.0,0.0,0.0
2026-09-10T21:35:21,ERR,ERR,ERR,ERR,ERR,ERR,ERR,ERR,ERR,ERR,ERR,ERR,ERR,ERR,ERR,ERR,ERR,ERR,ERR,ERR,ERR,ERR,ERR,ERR,ERR,ERR,ERR,ERR,ERR,ERR,ERR,ERR,ERR,ERR,ERR,ERR,ERR,ERR,ERR,ERR,ERR,ERR,ERR,ERR,ERR,ERR,ERR,ERR,ERR,ERR,ERR,ERR,ERR,ERR,ERR,ERR,ERR,ERR,ERR,ERR,ERR,ERR,ERR,ERR,ERR,ERR,ERR,ERR,ERR,ERR,ERR,ERR,ERR,ERR,ERR,ERR,ERR,ERR,ERR,ERR,ERR,ERR,ERR,ERR,ERR,ERR,ERR,ERR,ERR,ERR,ERR,ERR,ERR,ERR,ERR,ERR,ERR,ERR,ERR,ERR,ERR,ERR,ERR,ERR,ERR,ERR,ERR,ERR,ERR,ERR,ERR,ERR,ERR,ERR,ERR,ERR,ERR,ERR,ERR,ERR,ERR,ERR,ERR,ERR,ERR,0.0,0.0,2.6474835549302285e+23,0.0,0.0,1.3936040501711995e+18,7.805,0.0,0,0,4,0,7116,0.0,100,0.0,0.0,0.0,0.0,0.0,0,0,0,0,0.0,0,0,0,0,0,0,0,0,0,0,0,0,0,0,0,0,0,0,0,0,0,0,0,0,0,0,0,0,0,0,0,0,0,31,40,40,71,65476,0,300,0,0,8,21553,0.0,-107605600.0,0.0,0.0,0.0,0.0,0.0,0.0,0.0,0.0,0.0,0.0,0.0,0.0,0.0,0.0,0.0,0.0,0.0,0.0,0.0,0.0,-2.004,2.004,0.0,-2.004,0.0,0.0,0.0,0.0,4484.0,1.5879263307997272e+29,6922.0,0.0,0.0,0.0,2.718429120148166e+23,0.0,0.0,0.0,0.0,69,-0.0,-0.0,0.0,0.0,0.0,0.0,0.0,0.0,0.0,0,0,0,0.0,0.0,0.0,0.0,0.0,0.0,0.0,0.0,0.0,0.0,0.0,0.0,0.0,0.0,0.0,0.0,0,-107875648.0,69,0.0,138,0.0,0.0,0,0,17086,52429,17100,0,17080,0,0,0,70,68,100,2.7302399002429377e+23,82.0,0.0,78.4,-107615464.0,78.5,1,49,50,180,52429,0,0,0,0.0,0.0,0.0,0.0,-0.0,67.0,0.0,162057.094,0.0,974,0,1001,0,0,0,950,0,1024,0,920,0,789,0,780,0,822,0,7520,0.032,7.061644215716938e+19,0.0,0.0,784,16797,-0.0,162057.094,-114818.039,-0.0,0.133,6.909358625270745e+28,30.0,70.0,35,0.0,0.0,0.0,0.0,0.0,0.0,0.0,0.0,0.0,0.0,0.0,0.0,0.0,0.0,0.0,0.0,66.8,0,150,71,51,65476,0,300,0,0,8,20529,65476,0,0,44564,70.0,0.0,0.0,0.0,0.0,0.0
2026-09-10T21:35:22,ERR,ERR,ERR,ERR,ERR,ERR,ERR,ERR,ERR,ERR,ERR,ERR,ERR,ERR,ERR,ERR,ERR,ERR,ERR,ERR,ERR,ERR,ERR,ERR,ERR,ERR,ERR,ERR,ERR,ERR,ERR,ERR,ERR,ERR,ERR,ERR,ERR,ERR,ERR,ERR,ERR,ERR,ERR,ERR,ERR,ERR,ERR,ERR,ERR,ERR,ERR,ERR,ERR,ERR,ERR,ERR,ERR,ERR,ERR,ERR,ERR,ERR,ERR,ERR,ERR,ERR,ERR,ERR,ERR,ERR,ERR,ERR,ERR,ERR,ERR,ERR,ERR,ERR,ERR,ERR,ERR,ERR,ERR,ERR,ERR,ERR,ERR,ERR,ERR,ERR,ERR,ERR,ERR,ERR,ERR,ERR,ERR,ERR,ERR,ERR,ERR,ERR,ERR,ERR,ERR,ERR,ERR,ERR,ERR,ERR,ERR,ERR,ERR,ERR,ERR,ERR,ERR,ERR,ERR,ERR,ERR,ERR,ERR,ERR,ERR,0.0,0.0,2.6474835549302285e+23,0.0,0.0,1.3936040501711995e+18,7.805,0.0,0,0,4,0,7116,0.0,100,0.0,0.0,0.0,0.0,0.0,0,0,0,0,0.0,0,0,0,0,0,0,0,0,0,0,0,0,0,0,0,0,0,0,0,0,0,0,0,0,0,0,0,0,0,0,0,0,0,31,40,40,71,65476,0,300,0,0,8,21553,0.0,-107605600.0,0.0,0.0,0.0,0.0,0.0,0.0,0.0,0.0,0.0,0.0,0.0,0.0,0.0,0.0,0.0,0.0,0.0,0.0,0.0,0.0,-2.004,2.004,0.0,-2.004,0.0,0.0,0.0,0.0,4484.0,1.5879263307997272e+29,6922.0,0.0,0.0,0.0,2.718429120148166e+23,0.0,0.0,0.0,0.0,69,-0.0,-0.0,0.0,0.0,0.0,0.0,0.0,0.0,0.0,0,0,0,0.0,0.0,0.0,0.0,0.0,0.0,0.0,0.0,0.0,0.0,0.0,0.0,0.0,0.0,0.0,0.0,0,-107875648.0,69,0.0,138,0.0,0.0,0,0,17086,52429,17100,0,17080,0,0,0,70,68,100,2.7302399002429377e+23,82.0,0.0,78.4,-107615464.0,78.5,1,49,50,180,52429,0,0,0,0.0,0.0,0.0,0.0,-0.0,67.0,0.0,162057.094,0.0,974,0,1001,0,0,0,950,0,1024,0,920,0,789,0,780,0,822,0,7520,0.032,7.061644215716938e+19,0.0,0.0,784,16797,-0.0,162057.094,-114818.039,-0.0,0.133,6.909358625270745e+28,30.0,70.0,35,0.0,0.0,0.0,0.0,0.0,0.0,0.0,0.0,0.0,0.0,0.0,0.0,0.0,0.0,0.0,0.0,66.8,0,150,71,51,65476,0,300,0,0,8,20529,65476,0,0,44564,70.0,0.0,0.0,0.0,0.0,0.0
2026-09-10T21:35:23,ERR,ERR,ERR,ERR,ERR,ERR,ERR,ERR,ERR,ERR,ERR,ERR,ERR,ERR,ERR,ERR,ERR,ERR,ERR,ERR,ERR,ERR,ERR,ERR,ERR,ERR,ERR,ERR,ERR,ERR,ERR,ERR,ERR,ERR,ERR,ERR,ERR,ERR,ERR,ERR,ERR,ERR,ERR,ERR,ERR,ERR,ERR,ERR,ERR,ERR,ERR,ERR,ERR,ERR,ERR,ERR,ERR,ERR,ERR,ERR,ERR,ERR,ERR,ERR,ERR,ERR,ERR,ERR,ERR,ERR,ERR,ERR,ERR,ERR,ERR,ERR,ERR,ERR,ERR,ERR,ERR,ERR,ERR,ERR,ERR,ERR,ERR,ERR,ERR,ERR,ERR,ERR,ERR,ERR,ERR,ERR,ERR,ERR,ERR,ERR,ERR,ERR,ERR,ERR,ERR,ERR,ERR,ERR,ERR,ERR,ERR,ERR,ERR,ERR,ERR,ERR,ERR,ERR,ERR,ERR,ERR,ERR,ERR,ERR,ERR,0.0,0.0,2.6474835549302285e+23,0.0,0.0,1.3936040501711995e+18,7.805,0.0,0,0,4,0,7116,0.0,100,0.0,0.0,0.0,0.0,0.0,0,0,0,0,0.0,0,0,0,0,0,0,0,0,0,0,0,0,0,0,0,0,0,0,0,0,0,0,0,0,0,0,0,0,0,0,0,0,0,31,40,40,71,65476,0,300,0,0,8,21553,0.0,-107605600.0,0.0,0.0,0.0,0.0,0.0,0.0,0.0,0.0,0.0,0.0,0.0,0.0,0.0,0.0,0.0,0.0,0.0,0.0,0.0,0.0,-2.004,2.004,0.0,-2.004,0.0,0.0,0.0,0.0,4484.0,1.5879263307997272e+29,6922.0,0.0,0.0,0.0,2.718429120148166e+23,0.0,0.0,0.0,0.0,69,-0.0,-0.0,0.0,0.0,0.0,0.0,0.0,0.0,0.0,0,0,0,0.0,0.0,0.0,0.0,0.0,0.0,0.0,0.0,0.0,0.0,0.0,0.0,0.0,0.0,0.0,0.0,0,-107875648.0,69,0.0,138,0.0,0.0,0,0,17086,52429,17100,0,17080,0,0,0,70,68,100,2.7302399002429377e+23,82.0,0.0,78.4,-107615464.0,78.5,1,49,50,180,52429,0,0,0,0.0,0.0,0.0,0.0,-0.0,67.0,0.0,162057.094,0.0,974,0,1001,0,0,0,950,0,1024,0,920,0,789,0,780,0,822,0,7520,0.032,7.061644215716938e+19,0.0,0.0,784,16797,-0.0,162057.094,-114818.039,-0.0,0.133,6.909358625270745e+28,30.0,70.0,35,0.0,0.0,0.0,0.0,0.0,0.0,0.0,0.0,0.0,0.0,0.0,0.0,0.0,0.0,0.0,0.0,66.8,0,150,71,51,65476,0,300,0,0,8,20529,65476,0,0,44564,70.0,0.0,0.0,0.0,0.0,0.0
2026-09-10T21:35:24,ERR,ERR,ERR,ERR,ERR,ERR,ERR,ERR,ERR,ERR,ERR,ERR,ERR,ERR,ERR,ERR,ERR,ERR,ERR,ERR,ERR,ERR,ERR,ERR,ERR,ERR,ERR,ERR,ERR,ERR,ERR,ERR,ERR,ERR,ERR,ERR,ERR,ERR,ERR,ERR,ERR,ERR,ERR,ERR,ERR,ERR,ERR,ERR,ERR,ERR,ERR,ERR,ERR,ERR,ERR,ERR,ERR,ERR,ERR,ERR,ERR,ERR,ERR,ERR,ERR,ERR,ERR,ERR,ERR,ERR,ERR,ERR,ERR,ERR,ERR,ERR,ERR,ERR,ERR,ERR,ERR,ERR,ERR,ERR,ERR,ERR,ERR,ERR,ERR,ERR,ERR,ERR,ERR,ERR,ERR,ERR,ERR,ERR,ERR,ERR,ERR,ERR,ERR,ERR,ERR,ERR,ERR,ERR,ERR,ERR,ERR,ERR,ERR,ERR,ERR,ERR,ERR,ERR,ERR,ERR,ERR,ERR,ERR,ERR,ERR,0.0,0.0,2.6474835549302285e+23,0.0,0.0,1.3936040501711995e+18,7.805,0.0,0,0,4,0,7116,0.0,100,0.0,0.0,0.0,0.0,0.0,0,0,0,0,0.0,0,0,0,0,0,0,0,0,0,0,0,0,0,0,0,0,0,0,0,0,0,0,0,0,0,0,0,0,0,0,0,0,0,31,40,40,71,65476,0,300,0,0,8,21553,0.0,-107605600.0,0.0,0.0,0.0,0.0,0.0,0.0,0.0,0.0,0.0,0.0,0.0,0.0,0.0,0.0,0.0,0.0,0.0,0.0,0.0,0.0,-2.004,2.004,0.0,-2.004,0.0,0.0,0.0,0.0,4484.0,1.5879263307997272e+29,6922.0,0.0,0.0,0.0,2.718429120148166e+23,0.0,0.0,0.0,0.0,69,-0.0,-0.0,0.0,0.0,0.0,0.0,0.0,0.0,0.0,0,0,0,0.0,0.0,0.0,0.0,0.0,0.0,0.0,0.0,0.0,0.0,0.0,0.0,0.0,0.0,0.0,0.0,0,-107875648.0,69,0.0,138,0.0,0.0,0,0,17086,52429,17100,0,17080,0,0,0,70,68,100,2.7302399002429377e+23,82.0,0.0,78.4,-107615464.0,78.5,1,49,50,180,52429,0,0,0,0.0,0.0,0.0,0.0,-0.0,67.0,0.0,162057.094,0.0,974,0,1001,0,0,0,950,0,1024,0,920,0,789,0,780,0,822,0,7520,0.032,7.061644215716938e+19,0.0,0.0,784,16797,-0.0,162057.094,-114818.039,-0.0,0.133,6.909358625270745e+28,30.0,70.0,35,0.0,0.0,0.0,0.0,0.0,0.0,0.0,0.0,0.0,0.0,0.0,0.0,0.0,0.0,0.0,0.0,66.4,0,150,71,51,65476,0,300,0,0,8,20529,65476,0,0,44564,70.0,0.0,0.0,0.0,0.0,0.0
2026-09-10T21:35:25,ERR,ERR,ERR,ERR,ERR,ERR,ERR,ERR,ERR,ERR,ERR,ERR,ERR,ERR,ERR,ERR,ERR,ERR,ERR,ERR,ERR,ERR,ERR,ERR,ERR,ERR,ERR,ERR,ERR,ERR,ERR,ERR,ERR,ERR,ERR,ERR,ERR,ERR,ERR,ERR,ERR,ERR,ERR,ERR,ERR,ERR,ERR,ERR,ERR,ERR,ERR,ERR,ERR,ERR,ERR,ERR,ERR,ERR,ERR,ERR,ERR,ERR,ERR,ERR,ERR,ERR,ERR,ERR,ERR,ERR,ERR,ERR,ERR,ERR,ERR,ERR,ERR,ERR,ERR,ERR,ERR,ERR,ERR,ERR,ERR,ERR,ERR,ERR,ERR,ERR,ERR,ERR,ERR,ERR,ERR,ERR,ERR,ERR,ERR,ERR,ERR,ERR,ERR,ERR,ERR,ERR,ERR,ERR,ERR,ERR,ERR,ERR,ERR,ERR,ERR,ERR,ERR,ERR,ERR,ERR,ERR,ERR,ERR,ERR,ERR,0.0,0.0,2.6474835549302285e+23,0.0,0.0,1.3936040501711995e+18,7.805,0.0,0,0,4,0,7116,0.0,100,0.0,0.0,0.0,0.0,0.0,0,0,0,0,0.0,0,0,0,0,0,0,0,0,0,0,0,0,0,0,0,0,0,0,0,0,0,0,0,0,0,0,0,0,0,0,0,0,0,31,40,40,71,65476,0,300,0,0,8,21553,0.0,-107605600.0,0.0,0.0,0.0,0.0,0.0,0.0,0.0,0.0,0.0,0.0,0.0,0.0,0.0,0.0,0.0,0.0,0.0,0.0,0.0,0.0,-2.004,2.004,0.0,-2.004,0.0,0.0,0.0,0.0,4484.0,1.5879263307997272e+29,6922.0,0.0,0.0,0.0,2.718429120148166e+23,0.0,0.0,0.0,0.0,69,-0.0,-0.0,0.0,0.0,0.0,0.0,0.0,0.0,0.0,0,0,0,0.0,0.0,0.0,0.0,0.0,0.0,0.0,0.0,0.0,0.0,0.0,0.0,0.0,0.0,0.0,0.0,0,-107875648.0,69,0.0,138,0.0,0.0,0,0,17086,52429,17100,0,17080,0,0,0,70,68,100,2.7302399002429377e+23,82.0,0.0,78.4,-107615464.0,78.5,1,49,50,180,52429,0,0,0,0.0,0.0,0.0,0.0,-0.0,67.0,0.0,162057.094,0.0,974,0,1001,0,0,0,950,0,1024,0,920,0,789,0,780,0,822,0,7520,0.032,7.061644215716938e+19,0.0,0.0,784,16797,-0.0,162057.094,-114818.039,-0.0,0.133,6.909358625270745e+28,30.0,70.0,35,0.0,0.0,0.0,0.0,0.0,0.0,0.0,0.0,0.0,0.0,0.0,0.0,0.0,0.0,0.0,0.0,66.4,0,150,71,51,65476,0,300,0,0,8,20529,65476,0,0,44564,70.0,0.0,0.0,0.0,0.0,0.0
2026-09-10T21:35:26,ERR,ERR,ERR,ERR,ERR,ERR,ERR,ERR,ERR,ERR,ERR,ERR,ERR,ERR,ERR,ERR,ERR,ERR,ERR,ERR,ERR,ERR,ERR,ERR,ERR,ERR,ERR,ERR,ERR,ERR,ERR,ERR,ERR,ERR,ERR,ERR,ERR,ERR,ERR,ERR,ERR,ERR,ERR,ERR,ERR,ERR,ERR,ERR,ERR,ERR,ERR,ERR,ERR,ERR,ERR,ERR,ERR,ERR,ERR,ERR,ERR,ERR,ERR,ERR,ERR,ERR,ERR,ERR,ERR,ERR,ERR,ERR,ERR,ERR,ERR,ERR,ERR,ERR,ERR,ERR,ERR,ERR,ERR,ERR,ERR,ERR,ERR,ERR,ERR,ERR,ERR,ERR,ERR,ERR,ERR,ERR,ERR,ERR,ERR,ERR,ERR,ERR,ERR,ERR,ERR,ERR,ERR,ERR,ERR,ERR,ERR,ERR,ERR,ERR,ERR,ERR,ERR,ERR,ERR,ERR,ERR,ERR,ERR,ERR,ERR,0.0,0.0,2.6474835549302285e+23,0.0,0.0,1.3936040501711995e+18,7.805,0.0,0,0,4,0,7116,0.0,100,0.0,0.0,0.0,0.0,0.0,0,0,0,0,0.0,0,0,0,0,0,0,0,0,0,0,0,0,0,0,0,0,0,0,0,0,0,0,0,0,0,0,0,0,0,0,0,0,0,31,40,40,71,65476,0,300,0,0,8,21553,0.0,-107605600.0,0.0,0.0,0.0,0.0,0.0,0.0,0.0,0.0,0.0,0.0,0.0,0.0,0.0,0.0,0.0,0.0,0.0,0.0,0.0,0.0,-2.004,2.004,0.0,-2.004,0.0,0.0,0.0,0.0,4484.0,1.5879263307997272e+29,6922.0,0.0,0.0,0.0,2.718429120148166e+23,0.0,0.0,0.0,0.0,69,-0.0,-0.0,0.0,0.0,0.0,0.0,0.0,0.0,0.0,0,0,0,0.0,0.0,0.0,0.0,0.0,0.0,0.0,0.0,0.0,0.0,0.0,0.0,0.0,0.0,0.0,0.0,0,-107875648.0,69,0.0,138,0.0,0.0,0,0,17086,52429,17100,0,17080,0,0,0,70,68,100,2.7302399002429377e+23,82.0,0.0,78.4,-107615464.0,78.5,1,49,50,180,52429,0,0,0,0.0,0.0,0.0,0.0,-0.0,67.0,0.0,162057.094,0.0,974,0,1000,0,0,0,950,0,1024,0,920,0,789,0,780,0,822,0,7520,0.032,7.061644215716938e+19,0.0,0.0,784,16797,-0.0,162057.094,-114818.039,-0.0,0.133,6.909358625270745e+28,30.0,70.0,35,0.0,0.0,0.0,0.0,0.0,0.0,0.0,0.0,0.0,0.0,0.0,0.0,0.0,0.0,0.0,0.0,66.4,0,150,71,51,65476,0,300,0,0,8,20529,65476,0,0,44564,70.0,0.0,0.0,0.0,0.0,0.0
2026-09-10T21:35:27,ERR,ERR,ERR,ERR,ERR,ERR,ERR,ERR,ERR,ERR,ERR,ERR,ERR,ERR,ERR,ERR,ERR,ERR,ERR,ERR,ERR,ERR,ERR,ERR,ERR,ERR,ERR,ERR,ERR,ERR,ERR,ERR,ERR,ERR,ERR,ERR,ERR,ERR,ERR,ERR,ERR,ERR,ERR,ERR,ERR,ERR,ERR,ERR,ERR,ERR,ERR,ERR,ERR,ERR,ERR,ERR,ERR,ERR,ERR,ERR,ERR,ERR,ERR,ERR,ERR,ERR,ERR,ERR,ERR,ERR,ERR,ERR,ERR,ERR,ERR,ERR,ERR,ERR,ERR,ERR,ERR,ERR,ERR,ERR,ERR,ERR,ERR,ERR,ERR,ERR,ERR,ERR,ERR,ERR,ERR,ERR,ERR,ERR,ERR,ERR,ERR,ERR,ERR,ERR,ERR,ERR,ERR,ERR,ERR,ERR,ERR,ERR,ERR,ERR,ERR,ERR,ERR,ERR,ERR,ERR,ERR,ERR,ERR,ERR,ERR,0.0,0.0,2.6474835549302285e+23,0.0,0.0,1.3936040501711995e+18,7.805,0.0,0,0,4,0,7116,0.0,100,0.0,0.0,0.0,0.0,0.0,0,0,0,0,0.0,0,0,0,0,0,0,0,0,0,0,0,0,0,0,0,0,0,0,0,0,0,0,0,0,0,0,0,0,0,0,0,0,0,31,40,40,71,65476,0,300,0,0,8,21553,0.0,-107605600.0,0.0,0.0,0.0,0.0,0.0,0.0,0.0,0.0,0.0,0.0,0.0,0.0,0.0,0.0,0.0,0.0,0.0,0.0,0.0,0.0,-2.004,2.004,0.0,-2.004,0.0,0.0,0.0,0.0,4484.0,1.5879263307997272e+29,6922.0,0.0,0.0,0.0,2.718429120148166e+23,0.0,0.0,0.0,0.0,69,-0.0,-0.0,0.0,0.0,0.0,0.0,0.0,0.0,0.0,0,0,0,0.0,0.0,0.0,0.0,0.0,0.0,0.0,0.0,0.0,0.0,0.0,0.0,0.0,0.0,0.0,0.0,0,-107875648.0,69,0.0,138,0.0,0.0,0,0,17086,52429,17100,0,17080,0,0,0,70,68,100,2.7302399002429377e+23,82.0,0.0,78.4,-107615464.0,78.5,1,49,50,180,52429,0,0,0,0.0,0.0,0.0,0.0,-0.0,67.0,0.0,162057.094,0.0,974,0,1000,0,0,0,950,0,1024,0,920,0,789,0,780,0,822,0,7520,0.032,7.061644215716938e+19,0.0,0.0,784,16797,-0.0,162057.094,-114818.039,-0.0,0.133,6.909358625270745e+28,30.0,70.0,35,0.0,0.0,0.0,0.0,0.0,0.0,0.0,0.0,0.0,0.0,0.0,0.0,0.0,0.0,0.0,0.0,66.8,0,150,71,51,65476,0,300,0,0,8,20529,65476,0,0,44564,70.0,0.0,0.0,0.0,0.0,0.0
2026-09-10T21:35:28,ERR,ERR,ERR,ERR,ERR,ERR,ERR,ERR,ERR,ERR,ERR,ERR,ERR,ERR,ERR,ERR,ERR,ERR,ERR,ERR,ERR,ERR,ERR,ERR,ERR,ERR,ERR,ERR,ERR,ERR,ERR,ERR,ERR,ERR,ERR,ERR,ERR,ERR,ERR,ERR,ERR,ERR,ERR,ERR,ERR,ERR,ERR,ERR,ERR,ERR,ERR,ERR,ERR,ERR,ERR,ERR,ERR,ERR,ERR,ERR,ERR,ERR,ERR,ERR,ERR,ERR,ERR,ERR,ERR,ERR,ERR,ERR,ERR,ERR,ERR,ERR,ERR,ERR,ERR,ERR,ERR,ERR,ERR,ERR,ERR,ERR,ERR,ERR,ERR,ERR,ERR,ERR,ERR,ERR,ERR,ERR,ERR,ERR,ERR,ERR,ERR,ERR,ERR,ERR,ERR,ERR,ERR,ERR,ERR,ERR,ERR,ERR,ERR,ERR,ERR,ERR,ERR,ERR,ERR,ERR,ERR,ERR,ERR,ERR,ERR,0.0,0.0,2.6474835549302285e+23,0.0,0.0,1.3936040501711995e+18,7.805,0.0,0,0,4,0,7116,0.0,100,0.0,0.0,0.0,0.0,0.0,0,0,0,0,0.0,0,0,0,0,0,0,0,0,0,0,0,0,0,0,0,0,0,0,0,0,0,0,0,0,0,0,0,0,0,0,0,0,0,31,40,40,71,65476,0,300,0,0,8,21553,0.0,-107605600.0,0.0,0.0,0.0,0.0,0.0,0.0,0.0,0.0,0.0,0.0,0.0,0.0,0.0,0.0,0.0,0.0,0.0,0.0,0.0,0.0,-2.004,2.004,0.0,-2.004,0.0,0.0,0.0,0.0,4491.0,1.5879263307997272e+29,6926.0,0.0,0.0,0.0,2.718429120148166e+23,0.0,0.0,0.0,0.0,69,-89221.141,-71.629,0.0,0.0,0.0,0.0,0.0,0.0,0.0,0,0,0,0.0,0.0,0.0,0.0,0.0,0.0,0.0,0.0,0.0,0.0,0.0,0.0,0.0,0.0,0.0,0.0,0,-107875648.0,69,0.0,138,0.0,0.0,0,0,17086,52429,17100,0,17080,0,0,0,70,68,100,2.7302399002429377e+23,82.0,0.0,78.4,-107615464.0,78.5,1,49,50,180,52429,0,0,0,0.0,0.0,0.0,0.0,-0.0,67.0,0.0,162057.094,0.0,974,0,1000,0,0,0,950,0,1024,0,920,0,789,0,780,0,822,0,7520,0.032,7.061644215716938e+19,0.0,0.0,784,16797,-0.0,162057.094,-114818.039,-0.0,0.133,6.909358625270745e+28,30.0,70.0,35,0.0,0.0,0.0,0.0,0.0,0.0,0.0,0.0,0.0,0.0,0.0,0.0,0.0,0.0,0.0,0.0,66.8,0,150,71,51,65476,0,300,0,0,8,20529,65476,0,0,44564,70.0,0.0,0.0,0.0,0.0,0.0
2026-09-10T21:35:29,ERR,ERR,ERR,ERR,ERR,ERR,ERR,ERR,ERR,ERR,ERR,ERR,ERR,ERR,ERR,ERR,ERR,ERR,ERR,ERR,ERR,ERR,ERR,ERR,ERR,ERR,ERR,ERR,ERR,ERR,ERR,ERR,ERR,ERR,ERR,ERR,ERR,ERR,ERR,ERR,ERR,ERR,ERR,ERR,ERR,ERR,ERR,ERR,ERR,ERR,ERR,ERR,ERR,ERR,ERR,ERR,ERR,ERR,ERR,ERR,ERR,ERR,ERR,ERR,ERR,ERR,ERR,ERR,ERR,ERR,ERR,ERR,ERR,ERR,ERR,ERR,ERR,ERR,ERR,ERR,ERR,ERR,ERR,ERR,ERR,ERR,ERR,ERR,ERR,ERR,ERR,ERR,ERR,ERR,ERR,ERR,ERR,ERR,ERR,ERR,ERR,ERR,ERR,ERR,ERR,ERR,ERR,ERR,ERR,ERR,ERR,ERR,ERR,ERR,ERR,ERR,ERR,ERR,ERR,ERR,ERR,ERR,ERR,ERR,ERR,0.0,0.0,2.6474835549302285e+23,0.0,0.0,1.3936040501711995e+18,7.805,0.0,0,0,4,0,7116,0.0,100,0.0,0.0,0.0,0.0,0.0,0,0,0,0,0.0,0,0,0,0,0,0,0,0,0,0,0,0,0,0,0,0,0,0,0,0,0,0,0,0,0,0,0,0,0,0,0,0,0,31,40,40,71,65476,0,300,0,0,8,21553,0.0,-107605600.0,0.0,0.0,0.0,0.0,0.0,0.0,0.0,0.0,0.0,0.0,0.0,0.0,0.0,0.0,0.0,0.0,0.0,0.0,0.0,0.0,-2.004,2.004,0.0,-2.004,0.0,0.0,0.0,0.0,4491.0,1.5879263307997272e+29,6926.0,0.0,0.0,0.0,2.718429120148166e+23,0.0,0.0,0.0,0.0,69,-89221.141,-71.629,0.0,0.0,0.0,0.0,0.0,0.0,0.0,0,0,0,0.0,0.0,0.0,0.0,0.0,0.0,0.0,0.0,0.0,0.0,0.0,0.0,0.0,0.0,0.0,0.0,0,-107875648.0,69,0.0,138,0.0,0.0,0,0,17086,52429,17100,0,17080,0,0,0,70,68,100,2.7302399002429377e+23,82.0,0.0,78.4,-107615464.0,78.5,1,49,50,180,52429,0,0,0,0.0,0.0,0.0,0.0,-0.0,67.0,0.0,162057.094,0.0,974,0,1000,0,0,0,950,0,1024,0,920,0,789,0,780,0,822,0,7520,0.032,7.061644215716938e+19,0.0,0.0,784,16797,-0.0,162057.094,-114818.039,-0.0,0.133,6.909358625270745e+28,30.0,70.0,35,0.0,0.0,0.0,0.0,0.0,0.0,0.0,0.0,0.0,0.0,0.0,0.0,0.0,0.0,0.0,0.0,66.8,0,150,71,51,65476,0,300,0,0,8,20529,65476,0,0,44564,70.0,0.0,0.0,0.0,0.0,0.0
2026-09-10T21:35:30,ERR,ERR,ERR,ERR,ERR,ERR,ERR,ERR,ERR,ERR,ERR,ERR,ERR,ERR,ERR,ERR,ERR,ERR,ERR,ERR,ERR,ERR,ERR,ERR,ERR,ERR,ERR,ERR,ERR,ERR,ERR,ERR,ERR,ERR,ERR,ERR,ERR,ERR,ERR,ERR,ERR,ERR,ERR,ERR,ERR,ERR,ERR,ERR,ERR,ERR,ERR,ERR,ERR,ERR,ERR,ERR,ERR,ERR,ERR,ERR,ERR,ERR,ERR,ERR,ERR,ERR,ERR,ERR,ERR,ERR,ERR,ERR,ERR,ERR,ERR,ERR,ERR,ERR,ERR,ERR,ERR,ERR,ERR,ERR,ERR,ERR,ERR,ERR,ERR,ERR,ERR,ERR,ERR,ERR,ERR,ERR,ERR,ERR,ERR,ERR,ERR,ERR,ERR,ERR,ERR,ERR,ERR,ERR,ERR,ERR,ERR,ERR,ERR,ERR,ERR,ERR,ERR,ERR,ERR,ERR,ERR,ERR,ERR,ERR,ERR,0.0,0.0,2.6474835549302285e+23,0.0,0.0,1.3936040501711995e+18,7.805,0.0,0,0,4,0,7116,0.0,100,0.0,0.0,0.0,0.0,0.0,0,0,0,0,0.0,0,0,0,0,0,0,0,0,0,0,0,0,0,0,0,0,0,0,0,0,0,0,0,0,0,0,0,0,0,0,0,0,0,31,40,40,71,65476,0,300,0,0,8,21553,0.0,-107605600.0,0.0,0.0,0.0,0.0,0.0,0.0,0.0,0.0,0.0,0.0,0.0,0.0,0.0,0.0,0.0,0.0,0.0,0.0,0.0,0.0,-2.004,2.004,0.0,-2.004,0.0,0.0,0.0,0.0,4491.0,1.5879263307997272e+29,6926.0,0.0,0.0,0.0,2.718429120148166e+23,0.0,0.0,0.0,0.0,69,-89221.141,-71.629,0.0,0.0,0.0,0.0,0.0,0.0,0.0,0,0,0,0.0,0.0,0.0,0.0,0.0,0.0,0.0,0.0,0.0,0.0,0.0,0.0,0.0,0.0,0.0,0.0,0,-107875648.0,69,0.0,138,0.0,0.0,0,0,17086,52429,17100,0,17080,0,0,0,70,68,100,2.7302399002429377e+23,82.0,0.0,78.4,-107615464.0,78.5,1,49,50,180,52429,0,0,0,0.0,0.0,0.0,0.0,-0.0,67.0,0.0,162057.094,0.0,974,0,1000,0,0,0,950,0,1024,0,920,0,789,0,780,0,822,0,7520,0.032,7.061644215716938e+19,0.0,0.0,784,16797,-0.0,162057.094,-114818.039,-0.0,0.133,6.909358625270745e+28,30.0,70.0,35,0.0,0.0,0.0,0.0,0.0,0.0,0.0,0.0,0.0,0.0,0.0,0.0,0.0,0.0,0.0,0.0,66.4,0,150,71,51,65476,0,300,0,0,8,20529,65476,0,0,44564,70.0,0.0,0.0,0.0,0.0,0.0
2026-09-10T21:35:31,ERR,ERR,ERR,ERR,ERR,ERR,ERR,ERR,ERR,ERR,ERR,ERR,ERR,ERR,ERR,ERR,ERR,ERR,ERR,ERR,ERR,ERR,ERR,ERR,ERR,ERR,ERR,ERR,ERR,ERR,ERR,ERR,ERR,ERR,ERR,ERR,ERR,ERR,ERR,ERR,ERR,ERR,ERR,ERR,ERR,ERR,ERR,ERR,ERR,ERR,ERR,ERR,ERR,ERR,ERR,ERR,ERR,ERR,ERR,ERR,ERR,ERR,ERR,ERR,ERR,ERR,ERR,ERR,ERR,ERR,ERR,ERR,ERR,ERR,ERR,ERR,ERR,ERR,ERR,ERR,ERR,ERR,ERR,ERR,ERR,ERR,ERR,ERR,ERR,ERR,ERR,ERR,ERR,ERR,ERR,ERR,ERR,ERR,ERR,ERR,ERR,ERR,ERR,ERR,ERR,ERR,ERR,ERR,ERR,ERR,ERR,ERR,ERR,ERR,ERR,ERR,ERR,ERR,ERR,ERR,ERR,ERR,ERR,ERR,ERR,0.0,0.0,2.6474835549302285e+23,0.0,0.0,1.3936040501711995e+18,7.805,0.0,0,0,4,0,7116,0.0,100,0.0,0.0,0.0,0.0,0.0,0,0,0,0,0.0,0,0,0,0,0,0,0,0,0,0,0,0,0,0,0,0,0,0,0,0,0,0,0,0,0,0,0,0,0,0,0,0,0,31,40,40,71,65476,0,300,0,0,8,21553,0.0,-107605600.0,0.0,0.0,0.0,0.0,0.0,0.0,0.0,0.0,0.0,0.0,0.0,0.0,0.0,0.0,0.0,0.0,0.0,0.0,0.0,0.0,-2.004,2.004,0.0,-2.004,0.0,0.0,0.0,0.0,4491.0,1.5879263307997272e+29,6926.0,0.0,0.0,0.0,2.718429120148166e+23,0.0,0.0,0.0,0.0,69,-89221.141,-71.629,0.0,0.0,0.0,0.0,0.0,0.0,0.0,0,0,0,0.0,0.0,0.0,0.0,0.0,0.0,0.0,0.0,0.0,0.0,0.0,0.0,0.0,0.0,0.0,0.0,0,-107875648.0,69,0.0,138,0.0,0.0,0,0,17086,52429,17100,0,17080,0,0,0,70,68,100,2.7302399002429377e+23,82.0,0.0,78.4,-107615464.0,78.5,1,49,50,180,52429,0,0,0,0.0,0.0,0.0,0.0,-0.0,67.0,0.0,162057.094,0.0,974,0,1000,0,0,0,950,0,1024,0,920,0,789,0,780,0,822,0,7520,0.032,7.061644215716938e+19,0.0,0.0,784,16797,-0.0,162057.094,-114818.039,-0.0,0.133,6.909358625270745e+28,30.0,70.0,35,0.0,0.0,0.0,0.0,0.0,0.0,0.0,0.0,0.0,0.0,0.0,0.0,0.0,0.0,0.0,0.0,66.4,0,150,71,51,65476,0,300,0,0,8,20529,65476,0,0,44564,70.0,0.0,0.0,0.0,0.0,0.0
2026-09-10T21:35:32,ERR,ERR,ERR,ERR,ERR,ERR,ERR,ERR,ERR,ERR,ERR,ERR,ERR,ERR,ERR,ERR,ERR,ERR,ERR,ERR,ERR,ERR,ERR,ERR,ERR,ERR,ERR,ERR,ERR,ERR,ERR,ERR,ERR,ERR,ERR,ERR,ERR,ERR,ERR,ERR,ERR,ERR,ERR,ERR,ERR,ERR,ERR,ERR,ERR,ERR,ERR,ERR,ERR,ERR,ERR,ERR,ERR,ERR,ERR,ERR,ERR,ERR,ERR,ERR,ERR,ERR,ERR,ERR,ERR,ERR,ERR,ERR,ERR,ERR,ERR,ERR,ERR,ERR,ERR,ERR,ERR,ERR,ERR,ERR,ERR,ERR,ERR,ERR,ERR,ERR,ERR,ERR,ERR,ERR,ERR,ERR,ERR,ERR,ERR,ERR,ERR,ERR,ERR,ERR,ERR,ERR,ERR,ERR,ERR,ERR,ERR,ERR,ERR,ERR,ERR,ERR,ERR,ERR,ERR,ERR,ERR,ERR,ERR,ERR,ERR,0.0,0.0,2.6474835549302285e+23,0.0,0.0,1.3936040501711995e+18,7.805,0.0,0,0,4,0,7116,0.0,100,0.0,0.0,0.0,0.0,0.0,0,0,0,0,0.0,0,0,0,0,0,0,0,0,0,0,0,0,0,0,0,0,0,0,0,0,0,0,0,0,0,0,0,0,0,0,0,0,0,31,40,40,71,65476,0,300,0,0,8,21553,0.0,-107605600.0,0.0,0.0,0.0,0.0,0.0,0.0,0.0,0.0,0.0,0.0,0.0,0.0,0.0,0.0,0.0,0.0,0.0,0.0,0.0,0.0,-2.004,2.004,0.0,-2.004,0.0,0.0,0.0,0.0,4491.0,1.5879263307997272e+29,6926.0,0.0,0.0,0.0,2.718429120148166e+23,0.0,0.0,0.0,0.0,69,-89221.141,-71.629,0.0,0.0,0.0,0.0,0.0,0.0,0.0,0,0,0,0.0,0.0,0.0,0.0,0.0,0.0,0.0,0.0,0.0,0.0,0.0,0.0,0.0,0.0,0.0,0.0,0,-107875648.0,69,0.0,138,0.0,0.0,0,0,17086,52429,17100,0,17080,0,0,0,70,68,100,2.7302399002429377e+23,82.0,0.0,78.4,-107615464.0,78.5,1,49,50,180,52429,0,0,0,0.0,0.0,0.0,0.0,-0.0,67.0,0.0,162057.094,0.0,974,0,1001,0,0,0,950,0,1024,0,920,0,789,0,780,0,822,0,7520,0.032,7.061644215716938e+19,0.0,0.0,784,16797,-0.0,162057.094,-114818.039,-0.0,0.133,6.909358625270745e+28,30.0,70.0,35,0.0,0.0,0.0,0.0,0.0,0.0,0.0,0.0,0.0,0.0,0.0,0.0,0.0,0.0,0.0,0.0,66.8,0,150,71,51,65476,0,300,0,0,8,20529,65476,0,0,44564,70.0,0.0,0.0,0.0,0.0,0.0
2026-09-10T21:35:33,ERR,ERR,ERR,ERR,ERR,ERR,ERR,ERR,ERR,ERR,ERR,ERR,ERR,ERR,ERR,ERR,ERR,ERR,ERR,ERR,ERR,ERR,ERR,ERR,ERR,ERR,ERR,ERR,ERR,ERR,ERR,ERR,ERR,ERR,ERR,ERR,ERR,ERR,ERR,ERR,ERR,ERR,ERR,ERR,ERR,ERR,ERR,ERR,ERR,ERR,ERR,ERR,ERR,ERR,ERR,ERR,ERR,ERR,ERR,ERR,ERR,ERR,ERR,ERR,ERR,ERR,ERR,ERR,ERR,ERR,ERR,ERR,ERR,ERR,ERR,ERR,ERR,ERR,ERR,ERR,ERR,ERR,ERR,ERR,ERR,ERR,ERR,ERR,ERR,ERR,ERR,ERR,ERR,ERR,ERR,ERR,ERR,ERR,ERR,ERR,ERR,ERR,ERR,ERR,ERR,ERR,ERR,ERR,ERR,ERR,ERR,ERR,ERR,ERR,ERR,ERR,ERR,ERR,ERR,ERR,ERR,ERR,ERR,ERR,ERR,0.0,0.0,2.6474835549302285e+23,0.0,0.0,1.3936040501711995e+18,7.805,0.0,0,0,4,0,7116,0.0,100,0.0,0.0,0.0,0.0,0.0,0,0,0,0,0.0,0,0,0,0,0,0,0,0,0,0,0,0,0,0,0,0,0,0,0,0,0,0,0,0,0,0,0,0,0,0,0,0,0,31,40,40,71,65476,0,300,0,0,8,21553,0.0,-107605600.0,0.0,0.0,0.0,0.0,0.0,0.0,0.0,0.0,0.0,0.0,0.0,0.0,0.0,0.0,0.0,0.0,0.0,0.0,0.0,0.0,-2.004,2.004,0.0,-2.004,0.0,0.0,0.0,0.0,4491.0,1.5879263307997272e+29,6926.0,0.0,0.0,0.0,2.718429120148166e+23,0.0,0.0,0.0,0.0,69,-89221.141,-71.629,0.0,0.0,0.0,0.0,0.0,0.0,0.0,0,0,0,0.0,0.0,0.0,0.0,0.0,0.0,0.0,0.0,0.0,0.0,0.0,0.0,0.0,0.0,0.0,0.0,0,-107875648.0,69,0.0,138,0.0,0.0,0,0,17086,52429,17100,0,17080,0,0,0,70,68,100,2.7302399002429377e+23,82.0,0.0,78.4,-107615464.0,78.5,1,49,50,180,52429,0,0,0,0.0,0.0,0.0,0.0,-0.0,67.0,0.0,162057.094,0.0,974,0,1001,0,0,0,950,0,1024,0,920,0,789,0,780,0,822,0,7520,0.032,7.061644215716938e+19,0.0,0.0,784,16797,-0.0,162057.094,-114818.039,-0.0,0.133,6.909358625270745e+28,30.0,70.0,35,0.0,0.0,0.0,0.0,0.0,0.0,0.0,0.0,0.0,0.0,0.0,0.0,0.0,0.0,0.0,0.0,66.8,0,150,71,51,65476,0,300,0,0,8,20529,65476,0,0,44564,70.0,0.0,0.0,0.0,0.0,0.0
2026-09-10T21:35:34,ERR,ERR,ERR,ERR,ERR,ERR,ERR,ERR,ERR,ERR,ERR,ERR,ERR,ERR,ERR,ERR,ERR,ERR,ERR,ERR,ERR,ERR,ERR,ERR,ERR,ERR,ERR,ERR,ERR,ERR,ERR,ERR,ERR,ERR,ERR,ERR,ERR,ERR,ERR,ERR,ERR,ERR,ERR,ERR,ERR,ERR,ERR,ERR,ERR,ERR,ERR,ERR,ERR,ERR,ERR,ERR,ERR,ERR,ERR,ERR,ERR,ERR,ERR,ERR,ERR,ERR,ERR,ERR,ERR,ERR,ERR,ERR,ERR,ERR,ERR,ERR,ERR,ERR,ERR,ERR,ERR,ERR,ERR,ERR,ERR,ERR,ERR,ERR,ERR,ERR,ERR,ERR,ERR,ERR,ERR,ERR,ERR,ERR,ERR,ERR,ERR,ERR,ERR,ERR,ERR,ERR,ERR,ERR,ERR,ERR,ERR,ERR,ERR,ERR,ERR,ERR,ERR,ERR,ERR,ERR,ERR,ERR,ERR,ERR,ERR,0.0,0.0,2.6474835549302285e+23,0.0,0.0,1.3936040501711995e+18,7.805,0.0,0,0,4,0,7116,0.0,100,0.0,0.0,0.0,0.0,0.0,0,0,0,0,0.0,0,0,0,0,0,0,0,0,0,0,0,0,0,0,0,0,0,0,0,0,0,0,0,0,0,0,0,0,0,0,0,0,0,31,40,40,71,65476,0,300,0,0,8,21553,0.0,-107605600.0,0.0,0.0,0.0,0.0,0.0,0.0,0.0,0.0,0.0,0.0,0.0,0.0,0.0,0.0,0.0,0.0,0.0,0.0,0.0,0.0,-2.004,2.004,0.0,-2.004,0.0,0.0,0.0,0.0,4491.0,1.5879263307997272e+29,6926.0,0.0,0.0,0.0,2.718429120148166e+23,0.0,0.0,0.0,0.0,69,-89221.141,-71.629,0.0,0.0,0.0,0.0,0.0,0.0,0.0,0,0,0,0.0,0.0,0.0,0.0,0.0,0.0,0.0,0.0,0.0,0.0,0.0,0.0,0.0,0.0,0.0,0.0,0,-107875648.0,69,0.0,138,0.0,0.0,0,0,17086,52429,17100,0,17080,0,0,0,70,68,100,2.7302399002429377e+23,82.0,0.0,78.4,-107615464.0,78.5,1,49,50,180,52429,0,0,0,0.0,0.0,0.0,0.0,-0.0,67.0,0.0,162057.094,0.0,974,0,1001,0,0,0,950,0,1024,0,920,0,789,0,780,0,822,0,7520,0.032,7.061644215716938e+19,0.0,0.0,784,16797,-0.0,162057.094,-114818.039,-0.0,0.133,6.909358625270745e+28,30.0,70.0,35,0.0,0.0,0.0,0.0,0.0,0.0,0.0,0.0,0.0,0.0,0.0,0.0,0.0,0.0,0.0,0.0,66.8,0,150,71,51,65476,0,300,0,0,8,20529,65476,0,0,44564,70.0,0.0,0.0,0.0,0.0,0.0
2026-09-10T21:35:35,ERR,ERR,ERR,ERR,ERR,ERR,ERR,ERR,ERR,ERR,ERR,ERR,ERR,ERR,ERR,ERR,ERR,ERR,ERR,ERR,ERR,ERR,ERR,ERR,ERR,ERR,ERR,ERR,ERR,ERR,ERR,ERR,ERR,ERR,ERR,ERR,ERR,ERR,ERR,ERR,ERR,ERR,ERR,ERR,ERR,ERR,ERR,ERR,ERR,ERR,ERR,ERR,ERR,ERR,ERR,ERR,ERR,ERR,ERR,ERR,ERR,ERR,ERR,ERR,ERR,ERR,ERR,ERR,ERR,ERR,ERR,ERR,ERR,ERR,ERR,ERR,ERR,ERR,ERR,ERR,ERR,ERR,ERR,ERR,ERR,ERR,ERR,ERR,ERR,ERR,ERR,ERR,ERR,ERR,ERR,ERR,ERR,ERR,ERR,ERR,ERR,ERR,ERR,ERR,ERR,ERR,ERR,ERR,ERR,ERR,ERR,ERR,ERR,ERR,ERR,ERR,ERR,ERR,ERR,ERR,ERR,ERR,ERR,ERR,ERR,0.0,0.0,2.6474835549302285e+23,0.0,0.0,1.3936040501711995e+18,7.805,0.0,0,0,4,0,7116,0.0,100,0.0,0.0,0.0,0.0,0.0,0,0,0,0,0.0,0,0,0,0,0,0,0,0,0,0,0,0,0,0,0,0,0,0,0,0,0,0,0,0,0,0,0,0,0,0,0,0,0,31,40,40,71,65476,0,300,0,0,8,21553,0.0,-107605600.0,0.0,0.0,0.0,0.0,0.0,0.0,0.0,0.0,0.0,0.0,0.0,0.0,0.0,0.0,0.0,0.0,0.0,0.0,0.0,0.0,-2.004,2.004,0.0,-2.004,0.0,0.0,0.0,0.0,4491.0,1.5879263307997272e+29,6926.0,0.0,0.0,0.0,2.718429120148166e+23,0.0,0.0,0.0,0.0,69,-89221.141,-71.629,0.0,0.0,0.0,0.0,0.0,0.0,0.0,0,0,0,0.0,0.0,0.0,0.0,0.0,0.0,0.0,0.0,0.0,0.0,0.0,0.0,0.0,0.0,0.0,0.0,0,-107875648.0,69,0.0,138,0.0,0.0,0,0,17086,52429,17100,0,17080,0,0,0,70,68,100,2.7302399002429377e+23,82.0,0.0,78.4,-107615464.0,78.5,1,49,50,180,52429,0,0,0,0.0,0.0,0.0,0.0,-0.0,67.0,0.0,162057.094,0.0,974,0,1001,0,0,0,950,0,1024,0,920,0,789,0,780,0,822,0,7520,0.032,7.061644215716938e+19,0.0,0.0,784,16797,-0.0,162057.094,-114818.039,-0.0,0.133,6.909358625270745e+28,30.0,70.0,35,0.0,0.0,0.0,0.0,0.0,0.0,0.0,0.0,0.0,0.0,0.0,0.0,0.0,0.0,0.0,0.0,66.4,0,150,71,51,65476,0,300,0,0,8,20529,65476,0,0,44564,70.0,0.0,0.0,0.0,0.0,0.0
2026-09-10T21:35:36,ERR,ERR,ERR,ERR,ERR,ERR,ERR,ERR,ERR,ERR,ERR,ERR,ERR,ERR,ERR,ERR,ERR,ERR,ERR,ERR,ERR,ERR,ERR,ERR,ERR,ERR,ERR,ERR,ERR,ERR,ERR,ERR,ERR,ERR,ERR,ERR,ERR,ERR,ERR,ERR,ERR,ERR,ERR,ERR,ERR,ERR,ERR,ERR,ERR,ERR,ERR,ERR,ERR,ERR,ERR,ERR,ERR,ERR,ERR,ERR,ERR,ERR,ERR,ERR,ERR,ERR,ERR,ERR,ERR,ERR,ERR,ERR,ERR,ERR,ERR,ERR,ERR,ERR,ERR,ERR,ERR,ERR,ERR,ERR,ERR,ERR,ERR,ERR,ERR,ERR,ERR,ERR,ERR,ERR,ERR,ERR,ERR,ERR,ERR,ERR,ERR,ERR,ERR,ERR,ERR,ERR,ERR,ERR,ERR,ERR,ERR,ERR,ERR,ERR,ERR,ERR,ERR,ERR,ERR,ERR,ERR,ERR,ERR,ERR,ERR,0.0,0.0,2.6474835549302285e+23,0.0,0.0,1.3936040501711995e+18,7.805,0.0,0,0,4,0,7116,0.0,100,0.0,0.0,0.0,0.0,0.0,0,0,0,0,0.0,0,0,0,0,0,0,0,0,0,0,0,0,0,0,0,0,0,0,0,0,0,0,0,0,0,0,0,0,0,0,0,0,0,31,40,40,71,65476,0,300,0,0,8,21553,0.0,-107605600.0,0.0,0.0,0.0,0.0,0.0,0.0,0.0,0.0,0.0,0.0,0.0,0.0,0.0,0.0,0.0,0.0,0.0,0.0,0.0,0.0,0.0,2.004,0.0,-2.004,0.0,0.0,0.0,0.0,4485.0,-0.0,6933.0,0.0,0.0,0.0,2.718429120148166e+23,0.0,0.0,0.0,0.0,69,-0.0,0.0,0.0,0.0,0.0,0.0,0.0,0.0,0.0,0,0,0,0.0,0.0,0.0,0.0,0.0,0.0,0.0,0.0,0.0,0.0,0.0,0.0,0.0,0.0,0.0,0.0,0,-107875648.0,69,0.0,138,0.0,0.0,0,0,17086,52429,17100,0,17080,0,0,0,70,68,100,2.7302399002429377e+23,82.0,0.0,78.4,-107615464.0,78.5,1,49,50,180,52429,0,0,0,0.0,0.0,0.0,0.0,-0.0,67.0,0.0,162057.094,0.0,974,0,1001,0,0,0,950,0,1024,0,920,0,789,0,780,0,822,0,7520,0.032,7.061644215716938e+19,0.0,0.0,784,16797,-0.0,162057.094,-114818.039,-0.0,0.133,6.909358625270745e+28,30.0,70.0,35,0.0,0.0,0.0,0.0,0.0,0.0,0.0,0.0,0.0,0.0,0.0,0.0,0.0,0.0,0.0,0.0,66.4,0,150,71,51,65476,0,300,0,0,8,20529,65476,0,0,44564,70.0,0.0,0.0,0.0,0.0,0.0
2026-09-10T21:35:37,ERR,ERR,ERR,ERR,ERR,ERR,ERR,ERR,ERR,ERR,ERR,ERR,ERR,ERR,ERR,ERR,ERR,ERR,ERR,ERR,ERR,ERR,ERR,ERR,ERR,ERR,ERR,ERR,ERR,ERR,ERR,ERR,ERR,ERR,ERR,ERR,ERR,ERR,ERR,ERR,ERR,ERR,ERR,ERR,ERR,ERR,ERR,ERR,ERR,ERR,ERR,ERR,ERR,ERR,ERR,ERR,ERR,ERR,ERR,ERR,ERR,ERR,ERR,ERR,ERR,ERR,ERR,ERR,ERR,ERR,ERR,ERR,ERR,ERR,ERR,ERR,ERR,ERR,ERR,ERR,ERR,ERR,ERR,ERR,ERR,ERR,ERR,ERR,ERR,ERR,ERR,ERR,ERR,ERR,ERR,ERR,ERR,ERR,ERR,ERR,ERR,ERR,ERR,ERR,ERR,ERR,ERR,ERR,ERR,ERR,ERR,ERR,ERR,ERR,ERR,ERR,ERR,ERR,ERR,ERR,ERR,ERR,ERR,ERR,ERR,0.0,0.0,2.6474835549302285e+23,0.0,0.0,1.3936040501711995e+18,7.805,0.0,0,0,4,0,7116,0.0,100,0.0,0.0,0.0,0.0,0.0,0,0,0,0,0.0,0,0,0,0,0,0,0,0,0,0,0,0,0,0,0,0,0,0,0,0,0,0,0,0,0,0,0,0,0,0,0,0,0,31,40,40,71,65476,0,300,0,0,8,21553,0.0,-107605600.0,0.0,0.0,0.0,0.0,0.0,0.0,0.0,0.0,0.0,0.0,0.0,0.0,0.0,0.0,0.0,0.0,0.0,0.0,0.0,0.0,0.0,2.004,0.0,-2.004,0.0,0.0,0.0,0.0,4485.0,-0.0,6933.0,0.0,0.0,0.0,2.718429120148166e+23,0.0,0.0,0.0,0.0,69,-0.0,0.0,0.0,0.0,0.0,0.0,0.0,0.0,0.0,0,0,0,0.0,0.0,0.0,0.0,0.0,0.0,0.0,0.0,0.0,0.0,0.0,0.0,0.0,0.0,0.0,0.0,0,-107875648.0,69,0.0,138,0.0,0.0,0,0,17086,52429,17100,0,17080,0,0,0,70,68,100,2.7302399002429377e+23,82.0,0.0,78.4,-107615464.0,78.5,1,49,50,180,52429,0,0,0,0.0,0.0,0.0,0.0,-0.0,67.0,0.0,162057.094,0.0,974,0,1001,0,0,0,950,0,1024,0,920,0,789,0,780,0,822,0,7520,0.032,7.061644215716938e+19,0.0,0.0,784,16797,-0.0,162057.094,-114818.039,-0.0,0.133,6.909358625270745e+28,30.0,70.0,35,0.0,0.0,0.0,0.0,0.0,0.0,0.0,0.0,0.0,0.0,0.0,0.0,0.0,0.0,0.0,0.0,66.4,0,150,71,51,65476,0,300,0,0,8,20529,65476,0,0,44564,70.0,0.0,0.0,0.0,0.0,0.0
2026-09-10T21:35:38,ERR,ERR,ERR,ERR,ERR,ERR,ERR,ERR,ERR,ERR,ERR,ERR,ERR,ERR,ERR,ERR,ERR,ERR,ERR,ERR,ERR,ERR,ERR,ERR,ERR,ERR,ERR,ERR,ERR,ERR,ERR,ERR,ERR,ERR,ERR,ERR,ERR,ERR,ERR,ERR,ERR,ERR,ERR,ERR,ERR,ERR,ERR,ERR,ERR,ERR,ERR,ERR,ERR,ERR,ERR,ERR,ERR,ERR,ERR,ERR,ERR,ERR,ERR,ERR,ERR,ERR,ERR,ERR,ERR,ERR,ERR,ERR,ERR,ERR,ERR,ERR,ERR,ERR,ERR,ERR,ERR,ERR,ERR,ERR,ERR,ERR,ERR,ERR,ERR,ERR,ERR,ERR,ERR,ERR,ERR,ERR,ERR,ERR,ERR,ERR,ERR,ERR,ERR,ERR,ERR,ERR,ERR,ERR,ERR,ERR,ERR,ERR,ERR,ERR,ERR,ERR,ERR,ERR,ERR,ERR,ERR,ERR,ERR,ERR,ERR,0.0,0.0,2.6474835549302285e+23,0.0,0.0,1.3936040501711995e+18,7.805,0.0,0,0,4,0,7116,0.0,100,0.0,0.0,0.0,0.0,0.0,0,0,0,0,0.0,0,0,0,0,0,0,0,0,0,0,0,0,0,0,0,0,0,0,0,0,0,0,0,0,0,0,0,0,0,0,0,0,0,31,40,40,71,65476,0,300,0,0,8,21553,0.0,-107605600.0,0.0,0.0,0.0,0.0,0.0,0.0,0.0,0.0,0.0,0.0,0.0,0.0,0.0,0.0,0.0,0.0,0.0,0.0,0.0,0.0,0.0,2.004,0.0,-2.004,0.0,0.0,0.0,0.0,4485.0,-0.0,6933.0,0.0,0.0,0.0,2.718429120148166e+23,0.0,0.0,0.0,0.0,69,-0.0,0.0,0.0,0.0,0.0,0.0,0.0,0.0,0.0,0,0,0,0.0,0.0,0.0,0.0,0.0,0.0,0.0,0.0,0.0,0.0,0.0,0.0,0.0,0.0,0.0,0.0,0,-107875648.0,69,0.0,138,0.0,0.0,0,0,17086,52429,17100,0,17080,0,0,0,70,68,100,2.7302399002429377e+23,82.0,0.0,78.4,-107615464.0,78.5,1,49,50,180,52429,13107,0,0,0.0,0.0,0.0,0.0,-0.0,67.0,0.0,162057.094,0.0,974,0,1001,0,0,0,950,0,1024,0,920,0,789,0,780,0,822,0,7520,0.032,7.061644215716938e+19,0.0,0.0,784,16797,-0.0,162057.094,-114818.039,-0.0,0.133,6.909358625270745e+28,30.0,70.0,35,0.0,0.0,0.0,0.0,0.0,0.0,0.0,0.0,0.0,0.0,0.0,0.0,0.0,0.0,0.0,0.0,66.4,0,150,71,51,65476,0,300,0,0,8,20529,65476,0,0,44564,70.0,0.0,0.0,0.0,0.0,0.0
2026-09-10T21:35:39,ERR,ERR,ERR,ERR,ERR,ERR,ERR,ERR,ERR,ERR,ERR,ERR,ERR,ERR,ERR,ERR,ERR,ERR,ERR,ERR,ERR,ERR,ERR,ERR,ERR,ERR,ERR,ERR,ERR,ERR,ERR,ERR,ERR,ERR,ERR,ERR,ERR,ERR,ERR,ERR,ERR,ERR,ERR,ERR,ERR,ERR,ERR,ERR,ERR,ERR,ERR,ERR,ERR,ERR,ERR,ERR,ERR,ERR,ERR,ERR,ERR,ERR,ERR,ERR,ERR,ERR,ERR,ERR,ERR,ERR,ERR,ERR,ERR,ERR,ERR,ERR,ERR,ERR,ERR,ERR,ERR,ERR,ERR,ERR,ERR,ERR,ERR,ERR,ERR,ERR,ERR,ERR,ERR,ERR,ERR,ERR,ERR,ERR,ERR,ERR,ERR,ERR,ERR,ERR,ERR,ERR,ERR,ERR,ERR,ERR,ERR,ERR,ERR,ERR,ERR,ERR,ERR,ERR,ERR,ERR,ERR,ERR,ERR,ERR,ERR,0.0,0.0,2.6474835549302285e+23,0.0,0.0,1.3936040501711995e+18,7.805,0.0,0,0,4,0,7116,0.0,100,0.0,0.0,0.0,0.0,0.0,0,0,0,0,0.0,0,0,0,0,0,0,0,0,0,0,0,0,0,0,0,0,0,0,0,0,0,0,0,0,0,0,0,0,0,0,0,0,0,31,40,40,71,65476,0,300,0,0,8,21553,0.0,-107605600.0,0.0,0.0,0.0,0.0,0.0,0.0,0.0,0.0,0.0,0.0,0.0,0.0,0.0,0.0,0.0,0.0,0.0,0.0,0.0,0.0,0.0,2.004,0.0,-2.004,0.0,0.0,0.0,0.0,4485.0,-0.0,6933.0,0.0,0.0,0.0,2.718429120148166e+23,0.0,0.0,0.0,0.0,69,-0.0,0.0,0.0,0.0,0.0,0.0,0.0,0.0,0.0,0,0,0,0.0,0.0,0.0,0.0,0.0,0.0,0.0,0.0,0.0,0.0,0.0,0.0,0.0,0.0,0.0,0.0,0,-107875648.0,69,0.0,138,0.0,0.0,0,0,17086,52429,17100,0,17080,0,0,0,70,68,100,2.7302399002429377e+23,82.0,0.0,78.4,-107615464.0,78.5,1,49,50,180,52429,13107,0,0,0.0,0.0,0.0,0.0,-0.0,67.0,0.0,162057.094,0.0,974,0,1001,0,0,0,950,0,1024,0,920,0,789,0,780,0,822,0,7520,0.032,7.061644215716938e+19,0.0,0.0,784,16797,-0.0,162057.094,-114818.039,-0.0,0.133,6.909358625270745e+28,30.0,70.0,35,0.0,0.0,0.0,0.0,0.0,0.0,0.0,0.0,0.0,0.0,0.0,0.0,0.0,0.0,0.0,0.0,66.4,0,150,71,51,65476,0,300,0,0,8,20529,65476,0,0,44564,70.0,0.0,0.0,0.0,0.0,0.0
2026-09-10T21:35:40,ERR,ERR,ERR,ERR,ERR,ERR,ERR,ERR,ERR,ERR,ERR,ERR,ERR,ERR,ERR,ERR,ERR,ERR,ERR,ERR,ERR,ERR,ERR,ERR,ERR,ERR,ERR,ERR,ERR,ERR,ERR,ERR,ERR,ERR,ERR,ERR,ERR,ERR,ERR,ERR,ERR,ERR,ERR,ERR,ERR,ERR,ERR,ERR,ERR,ERR,ERR,ERR,ERR,ERR,ERR,ERR,ERR,ERR,ERR,ERR,ERR,ERR,ERR,ERR,ERR,ERR,ERR,ERR,ERR,ERR,ERR,ERR,ERR,ERR,ERR,ERR,ERR,ERR,ERR,ERR,ERR,ERR,ERR,ERR,ERR,ERR,ERR,ERR,ERR,ERR,ERR,ERR,ERR,ERR,ERR,ERR,ERR,ERR,ERR,ERR,ERR,ERR,ERR,ERR,ERR,ERR,ERR,ERR,ERR,ERR,ERR,ERR,ERR,ERR,ERR,ERR,ERR,ERR,ERR,ERR,ERR,ERR,ERR,ERR,ERR,0.0,0.0,2.6474835549302285e+23,0.0,0.0,1.3936040501711995e+18,7.805,0.0,0,0,4,0,7116,0.0,100,0.0,0.0,0.0,0.0,0.0,0,0,0,0,0.0,0,0,0,0,0,0,0,0,0,0,0,0,0,0,0,0,0,0,0,0,0,0,0,0,0,0,0,0,0,0,0,0,0,31,40,40,71,65476,0,300,0,0,8,21553,0.0,-107605600.0,0.0,0.0,0.0,0.0,0.0,0.0,0.0,0.0,0.0,0.0,0.0,0.0,0.0,0.0,0.0,0.0,0.0,0.0,0.0,0.0,0.0,2.004,0.0,-2.004,0.0,0.0,0.0,0.0,4485.0,-0.0,6933.0,0.0,0.0,0.0,2.718429120148166e+23,0.0,0.0,0.0,0.0,69,-0.0,0.0,0.0,0.0,0.0,0.0,0.0,0.0,0.0,0,0,0,0.0,0.0,0.0,0.0,0.0,0.0,0.0,0.0,0.0,0.0,0.0,0.0,0.0,0.0,0.0,0.0,0,-107875648.0,69,0.0,138,0.0,0.0,0,0,17086,52429,17100,0,17080,0,0,0,70,68,100,2.7302399002429377e+23,82.0,0.0,78.4,-107615464.0,78.5,1,49,50,180,52429,13107,0,0,0.0,0.0,0.0,0.0,-0.0,67.0,0.0,162057.094,0.0,974,0,1001,0,0,0,950,0,1024,0,920,0,789,0,780,0,822,0,7520,0.032,7.061644215716938e+19,0.0,0.0,784,16797,-0.0,162057.094,-114818.039,-0.0,0.133,6.909358625270745e+28,30.0,70.0,35,0.0,0.0,0.0,0.0,0.0,0.0,0.0,0.0,0.0,0.0,0.0,0.0,0.0,0.0,0.0,0.0,66.4,0,150,71,51,65476,0,300,0,0,8,20529,65476,0,0,44564,70.0,0.0,0.0,0.0,0.0,0.0
2026-09-10T21:35:41,ERR,ERR,ERR,ERR,ERR,ERR,ERR,ERR,ERR,ERR,ERR,ERR,ERR,ERR,ERR,ERR,ERR,ERR,ERR,ERR,ERR,ERR,ERR,ERR,ERR,ERR,ERR,ERR,ERR,ERR,ERR,ERR,ERR,ERR,ERR,ERR,ERR,ERR,ERR,ERR,ERR,ERR,ERR,ERR,ERR,ERR,ERR,ERR,ERR,ERR,ERR,ERR,ERR,ERR,ERR,ERR,ERR,ERR,ERR,ERR,ERR,ERR,ERR,ERR,ERR,ERR,ERR,ERR,ERR,ERR,ERR,ERR,ERR,ERR,ERR,ERR,ERR,ERR,ERR,ERR,ERR,ERR,ERR,ERR,ERR,ERR,ERR,ERR,ERR,ERR,ERR,ERR,ERR,ERR,ERR,ERR,ERR,ERR,ERR,ERR,ERR,ERR,ERR,ERR,ERR,ERR,ERR,ERR,ERR,ERR,ERR,ERR,ERR,ERR,ERR,ERR,ERR,ERR,ERR,ERR,ERR,ERR,ERR,ERR,ERR,0.0,0.0,2.6474835549302285e+23,0.0,0.0,1.3936040501711995e+18,7.805,0.0,0,0,4,0,7116,0.0,100,0.0,0.0,0.0,0.0,0.0,0,0,0,0,0.0,0,0,0,0,0,0,0,0,0,0,0,0,0,0,0,0,0,0,0,0,0,0,0,0,0,0,0,0,0,0,0,0,0,31,40,40,71,65476,0,300,0,0,8,21553,0.0,-107605600.0,0.0,0.0,0.0,0.0,0.0,0.0,0.0,0.0,0.0,0.0,0.0,0.0,0.0,0.0,0.0,0.0,0.0,0.0,0.0,0.0,0.0,2.004,0.0,-2.004,0.0,0.0,0.0,0.0,4485.0,-0.0,6933.0,0.0,0.0,0.0,2.718429120148166e+23,0.0,0.0,0.0,0.0,69,-0.0,0.0,0.0,0.0,0.0,0.0,0.0,0.0,0.0,0,0,0,0.0,0.0,0.0,0.0,0.0,0.0,0.0,0.0,0.0,0.0,0.0,0.0,0.0,0.0,0.0,0.0,0,-107875648.0,69,0.0,138,0.0,0.0,0,0,17086,52429,17100,0,17080,0,0,0,70,68,100,2.7302399002429377e+23,82.0,0.0,78.4,-107615464.0,78.5,1,49,50,180,52429,13107,0,0,0.0,0.0,0.0,0.0,-0.0,67.0,0.0,162057.094,0.0,974,0,1001,0,0,0,950,0,1024,0,920,0,789,0,780,0,822,0,7520,0.032,7.061644215716938e+19,0.0,0.0,784,16797,-0.0,162057.094,-114818.039,-0.0,0.133,6.909358625270745e+28,30.0,70.0,35,0.0,0.0,0.0,0.0,0.0,0.0,0.0,0.0,0.0,0.0,0.0,0.0,0.0,0.0,0.0,0.0,66.8,0,150,71,51,65476,0,300,0,0,8,20529,65476,0,0,44564,70.0,0.0,0.0,0.0,0.0,0.0
2026-09-10T21:35:42,ERR,ERR,ERR,ERR,ERR,ERR,ERR,ERR,ERR,ERR,ERR,ERR,ERR,ERR,ERR,ERR,ERR,ERR,ERR,ERR,ERR,ERR,ERR,ERR,ERR,ERR,ERR,ERR,ERR,ERR,ERR,ERR,ERR,ERR,ERR,ERR,ERR,ERR,ERR,ERR,ERR,ERR,ERR,ERR,ERR,ERR,ERR,ERR,ERR,ERR,ERR,ERR,ERR,ERR,ERR,ERR,ERR,ERR,ERR,ERR,ERR,ERR,ERR,ERR,ERR,ERR,ERR,ERR,ERR,ERR,ERR,ERR,ERR,ERR,ERR,ERR,ERR,ERR,ERR,ERR,ERR,ERR,ERR,ERR,ERR,ERR,ERR,ERR,ERR,ERR,ERR,ERR,ERR,ERR,ERR,ERR,ERR,ERR,ERR,ERR,ERR,ERR,ERR,ERR,ERR,ERR,ERR,ERR,ERR,ERR,ERR,ERR,ERR,ERR,ERR,ERR,ERR,ERR,ERR,ERR,ERR,ERR,ERR,ERR,ERR,0.0,0.0,2.6474835549302285e+23,0.0,0.0,1.3936040501711995e+18,7.805,0.0,0,0,4,0,7116,0.0,100,0.0,0.0,0.0,0.0,0.0,0,0,0,0,0.0,0,0,0,0,0,0,0,0,0,0,0,0,0,0,0,0,0,0,0,0,0,0,0,0,0,0,0,0,0,0,0,0,0,31,40,40,71,65476,0,300,0,0,8,21553,0.0,-107605600.0,0.0,0.0,0.0,0.0,0.0,0.0,0.0,0.0,0.0,0.0,0.0,0.0,0.0,0.0,0.0,0.0,0.0,0.0,0.0,0.0,0.0,2.004,0.0,-2.004,0.0,0.0,0.0,0.0,4485.0,-0.0,6933.0,0.0,0.0,0.0,2.718429120148166e+23,0.0,0.0,0.0,0.0,69,-0.0,0.0,0.0,0.0,0.0,0.0,0.0,0.0,0.0,0,0,0,0.0,0.0,0.0,0.0,0.0,0.0,0.0,0.0,0.0,0.0,0.0,0.0,0.0,0.0,0.0,0.0,0,-107875648.0,69,0.0,138,0.0,0.0,0,0,17086,52429,17100,0,17080,0,0,0,70,68,100,2.7302399002429377e+23,82.0,0.0,78.4,-107615464.0,78.5,1,49,50,180,52429,13107,0,0,0.0,0.0,0.0,0.0,-0.0,67.0,0.0,162057.094,0.0,974,0,1001,0,0,0,950,0,1024,0,920,0,789,0,780,0,822,0,7520,0.032,7.061644215716938e+19,0.0,0.0,784,16797,-0.0,162057.094,-114818.039,-0.0,0.133,6.909358625270745e+28,30.0,70.0,35,0.0,0.0,0.0,0.0,0.0,0.0,0.0,0.0,0.0,0.0,0.0,0.0,0.0,0.0,0.0,0.0,66.8,0,150,71,51,65476,0,300,0,0,8,20529,65476,0,0,44564,70.0,0.0,0.0,0.0,0.0,0.0
2026-09-10T21:35:43,ERR,ERR,ERR,ERR,ERR,ERR,ERR,ERR,ERR,ERR,ERR,ERR,ERR,ERR,ERR,ERR,ERR,ERR,ERR,ERR,ERR,ERR,ERR,ERR,ERR,ERR,ERR,ERR,ERR,ERR,ERR,ERR,ERR,ERR,ERR,ERR,ERR,ERR,ERR,ERR,ERR,ERR,ERR,ERR,ERR,ERR,ERR,ERR,ERR,ERR,ERR,ERR,ERR,ERR,ERR,ERR,ERR,ERR,ERR,ERR,ERR,ERR,ERR,ERR,ERR,ERR,ERR,ERR,ERR,ERR,ERR,ERR,ERR,ERR,ERR,ERR,ERR,ERR,ERR,ERR,ERR,ERR,ERR,ERR,ERR,ERR,ERR,ERR,ERR,ERR,ERR,ERR,ERR,ERR,ERR,ERR,ERR,ERR,ERR,ERR,ERR,ERR,ERR,ERR,ERR,ERR,ERR,ERR,ERR,ERR,ERR,ERR,ERR,ERR,ERR,ERR,ERR,ERR,ERR,ERR,ERR,ERR,ERR,ERR,ERR,0.0,0.0,2.6474835549302285e+23,0.0,0.0,1.3936040501711995e+18,7.805,0.0,0,0,4,0,7116,0.0,100,0.0,0.0,0.0,0.0,0.0,0,0,0,0,0.0,0,0,0,0,0,0,0,0,0,0,0,0,0,0,0,0,0,0,0,0,0,0,0,0,0,0,0,0,0,0,0,0,0,31,40,40,71,65476,0,300,0,0,8,21553,0.0,-107605600.0,0.0,0.0,0.0,0.0,0.0,0.0,0.0,0.0,0.0,0.0,0.0,0.0,0.0,0.0,0.0,0.0,0.0,0.0,0.0,0.0,0.0,2.004,0.0,-2.004,0.0,0.0,0.0,0.0,4485.0,-0.0,6933.0,0.0,0.0,0.0,2.718429120148166e+23,0.0,0.0,0.0,0.0,69,-0.0,0.0,0.0,0.0,0.0,0.0,0.0,0.0,0.0,0,0,0,0.0,0.0,0.0,0.0,0.0,0.0,0.0,0.0,0.0,0.0,0.0,0.0,0.0,0.0,0.0,0.0,0,-107875648.0,69,0.0,138,0.0,0.0,0,0,17086,52429,17100,0,17080,0,0,0,70,68,100,2.7302399002429377e+23,82.0,0.0,78.4,-107615464.0,78.5,1,49,50,180,52429,13107,0,0,0.0,0.0,0.0,0.0,-0.0,67.0,0.0,162057.094,0.0,974,0,1001,0,0,0,950,0,1024,0,920,0,789,0,780,0,822,0,7520,0.032,7.061644215716938e+19,0.0,0.0,784,16797,-0.0,162057.094,-114818.039,-0.0,0.133,6.909358625270745e+28,30.0,70.0,35,0.0,0.0,0.0,0.0,0.0,0.0,0.0,0.0,0.0,0.0,0.0,0.0,0.0,0.0,0.0,0.0,66.8,0,150,71,51,65476,0,300,0,0,8,20529,65476,0,0,44564,70.0,0.0,0.0,0.0,0.0,0.0
2026-09-10T21:35:44,ERR,ERR,ERR,ERR,ERR,ERR,ERR,ERR,ERR,ERR,ERR,ERR,ERR,ERR,ERR,ERR,ERR,ERR,ERR,ERR,ERR,ERR,ERR,ERR,ERR,ERR,ERR,ERR,ERR,ERR,ERR,ERR,ERR,ERR,ERR,ERR,ERR,ERR,ERR,ERR,ERR,ERR,ERR,ERR,ERR,ERR,ERR,ERR,ERR,ERR,ERR,ERR,ERR,ERR,ERR,ERR,ERR,ERR,ERR,ERR,ERR,ERR,ERR,ERR,ERR,ERR,ERR,ERR,ERR,ERR,ERR,ERR,ERR,ERR,ERR,ERR,ERR,ERR,ERR,ERR,ERR,ERR,ERR,ERR,ERR,ERR,ERR,ERR,ERR,ERR,ERR,ERR,ERR,ERR,ERR,ERR,ERR,ERR,ERR,ERR,ERR,ERR,ERR,ERR,ERR,ERR,ERR,ERR,ERR,ERR,ERR,ERR,ERR,ERR,ERR,ERR,ERR,ERR,ERR,ERR,ERR,ERR,ERR,ERR,ERR,0.0,0.0,0.0,0.0,0.0,1.3936040501711995e+18,7.805,0.0,0,0,4,0,7116,0.0,100,0.0,0.0,0.0,0.0,0.0,0,0,0,0,0.0,0,0,0,0,0,0,0,0,0,0,0,0,0,0,0,0,0,0,0,0,0,0,0,0,0,0,0,0,0,0,0,0,0,31,40,40,71,65476,0,300,0,0,8,21553,0.0,-107605600.0,0.0,0.0,0.0,0.0,0.0,0.0,0.0,0.0,0.0,0.0,0.0,0.0,0.0,0.0,0.0,0.0,0.0,0.0,0.0,0.0,-2.004,2.004,0.0,0.0,0.0,0.0,0.0,0.0,4491.0,-2.004,6936.0,0.0,0.0,0.0,-0.0,0.0,0.0,0.0,0.0,69,-0.0,0.0,0.0,0.0,0.0,0.0,0.0,0.0,0.0,0,0,0,0.0,0.0,0.0,0.0,0.0,0.0,0.0,0.0,0.0,0.0,0.0,0.0,0.0,0.0,0.0,0.0,0,-107875648.0,69,0.0,138,0.0,0.0,0,0,17086,52429,17100,0,17080,0,0,0,70,68,100,2.7302399002429377e+23,82.0,0.0,78.4,-107615464.0,78.5,1,49,50,180,52429,13107,0,0,0.0,0.0,0.0,0.0,-0.0,67.0,0.0,162057.094,0.0,974,0,1001,0,0,0,950,0,1024,0,920,0,789,0,780,0,822,0,7520,0.032,7.090467253332109e+19,0.0,0.0,784,16797,-0.0,162057.094,-114818.039,-0.0,0.133,6.909358625270745e+28,30.0,70.0,35,0.0,0.0,0.0,0.0,0.0,0.0,0.0,0.0,0.0,0.0,0.0,0.0,0.0,0.0,0.0,0.0,66.4,0,150,71,51,65476,0,300,0,0,8,20529,65476,0,0,44564,70.0,0.0,0.0,0.0,0.0,0.0
2026-09-10T21:35:45,ERR,ERR,ERR,ERR,ERR,ERR,ERR,ERR,ERR,ERR,ERR,ERR,ERR,ERR,ERR,ERR,ERR,ERR,ERR,ERR,ERR,ERR,ERR,ERR,ERR,ERR,ERR,ERR,ERR,ERR,ERR,ERR,ERR,ERR,ERR,ERR,ERR,ERR,ERR,ERR,ERR,ERR,ERR,ERR,ERR,ERR,ERR,ERR,ERR,ERR,ERR,ERR,ERR,ERR,ERR,ERR,ERR,ERR,ERR,ERR,ERR,ERR,ERR,ERR,ERR,ERR,ERR,ERR,ERR,ERR,ERR,ERR,ERR,ERR,ERR,ERR,ERR,ERR,ERR,ERR,ERR,ERR,ERR,ERR,ERR,ERR,ERR,ERR,ERR,ERR,ERR,ERR,ERR,ERR,ERR,ERR,ERR,ERR,ERR,ERR,ERR,ERR,ERR,ERR,ERR,ERR,ERR,ERR,ERR,ERR,ERR,ERR,ERR,ERR,ERR,ERR,ERR,ERR,ERR,ERR,ERR,ERR,ERR,ERR,ERR,0.0,0.0,0.0,0.0,0.0,1.3936040501711995e+18,7.805,0.0,0,0,4,0,7116,0.0,100,0.0,0.0,0.0,0.0,0.0,0,0,0,0,0.0,0,0,0,0,0,0,0,0,0,0,0,0,0,0,0,0,0,0,0,0,0,0,0,0,0,0,0,0,0,0,0,0,0,31,40,40,71,65476,0,300,0,0,8,21553,0.0,-107605600.0,0.0,0.0,0.0,0.0,0.0,0.0,0.0,0.0,0.0,0.0,0.0,0.0,0.0,0.0,0.0,0.0,0.0,0.0,0.0,0.0,-2.004,2.004,0.0,0.0,0.0,0.0,0.0,0.0,4491.0,-2.004,6936.0,0.0,0.0,0.0,-0.0,0.0,0.0,0.0,0.0,69,-0.0,0.0,0.0,0.0,0.0,0.0,0.0,0.0,0.0,0,0,0,0.0,0.0,0.0,0.0,0.0,0.0,0.0,0.0,0.0,0.0,0.0,0.0,0.0,0.0,0.0,0.0,0,-107875648.0,69,0.0,138,0.0,0.0,0,0,17086,52429,17100,0,17080,0,0,0,70,68,100,2.7302399002429377e+23,82.0,0.0,78.4,-107615464.0,78.5,1,49,50,180,52429,13107,0,0,0.0,0.0,0.0,0.0,-0.0,67.0,0.0,162057.094,0.0,974,0,1001,0,0,0,950,0,1024,0,920,0,789,0,780,0,822,0,7520,0.032,7.090467253332109e+19,0.0,0.0,784,16797,-0.0,162057.094,-114818.039,-0.0,0.133,6.909358625270745e+28,30.0,70.0,35,0.0,0.0,0.0,0.0,0.0,0.0,0.0,0.0,0.0,0.0,0.0,0.0,0.0,0.0,0.0,0.0,66.4,0,150,71,51,65476,0,300,0,0,8,20529,65476,0,0,44564,70.0,0.0,0.0,0.0,0.0,0.0
2026-09-10T21:35:46,ERR,ERR,ERR,ERR,ERR,ERR,ERR,ERR,ERR,ERR,ERR,ERR,ERR,ERR,ERR,ERR,ERR,ERR,ERR,ERR,ERR,ERR,ERR,ERR,ERR,ERR,ERR,ERR,ERR,ERR,ERR,ERR,ERR,ERR,ERR,ERR,ERR,ERR,ERR,ERR,ERR,ERR,ERR,ERR,ERR,ERR,ERR,ERR,ERR,ERR,ERR,ERR,ERR,ERR,ERR,ERR,ERR,ERR,ERR,ERR,ERR,ERR,ERR,ERR,ERR,ERR,ERR,ERR,ERR,ERR,ERR,ERR,ERR,ERR,ERR,ERR,ERR,ERR,ERR,ERR,ERR,ERR,ERR,ERR,ERR,ERR,ERR,ERR,ERR,ERR,ERR,ERR,ERR,ERR,ERR,ERR,ERR,ERR,ERR,ERR,ERR,ERR,ERR,ERR,ERR,ERR,ERR,ERR,ERR,ERR,ERR,ERR,ERR,ERR,ERR,ERR,ERR,ERR,ERR,ERR,ERR,ERR,ERR,ERR,ERR,0.0,0.0,0.0,0.0,0.0,1.3936040501711995e+18,7.805,0.0,0,0,4,0,7116,0.0,100,0.0,0.0,0.0,0.0,0.0,0,0,0,0,0.0,0,0,0,0,0,0,0,0,0,0,0,0,0,0,0,0,0,0,0,0,0,0,0,0,0,0,0,0,0,0,0,0,0,31,40,40,71,65476,0,300,0,0,8,21553,0.0,-107605600.0,0.0,0.0,0.0,0.0,0.0,0.0,0.0,0.0,0.0,0.0,0.0,0.0,0.0,0.0,0.0,0.0,0.0,0.0,0.0,0.0,-2.004,2.004,0.0,0.0,0.0,0.0,0.0,0.0,4491.0,-2.004,6936.0,0.0,0.0,0.0,-0.0,0.0,0.0,0.0,0.0,69,-0.0,0.0,0.0,0.0,0.0,0.0,0.0,0.0,0.0,0,0,0,0.0,0.0,0.0,0.0,0.0,0.0,0.0,0.0,0.0,0.0,0.0,0.0,0.0,0.0,0.0,0.0,0,-107875648.0,69,0.0,138,0.0,0.0,0,0,17086,52429,17100,0,17080,0,0,0,70,68,100,2.7302399002429377e+23,82.0,0.0,78.4,-107615464.0,78.5,1,49,50,180,52429,13107,0,0,0.0,0.0,0.0,0.0,-0.0,67.0,0.0,162057.094,0.0,974,0,1001,0,0,0,950,0,1024,0,920,0,789,0,780,0,822,0,7520,0.032,7.090467253332109e+19,0.0,0.0,784,16797,-0.0,162057.094,-114818.039,-0.0,0.133,6.909358625270745e+28,30.0,70.0,35,0.0,0.0,0.0,0.0,0.0,0.0,0.0,0.0,0.0,0.0,0.0,0.0,0.0,0.0,0.0,0.0,66.4,0,150,71,51,65476,0,300,0,0,8,20529,65476,0,0,44564,70.0,0.0,0.0,0.0,0.0,0.0
2026-09-10T21:35:47,ERR,ERR,ERR,ERR,ERR,ERR,ERR,ERR,ERR,ERR,ERR,ERR,ERR,ERR,ERR,ERR,ERR,ERR,ERR,ERR,ERR,ERR,ERR,ERR,ERR,ERR,ERR,ERR,ERR,ERR,ERR,ERR,ERR,ERR,ERR,ERR,ERR,ERR,ERR,ERR,ERR,ERR,ERR,ERR,ERR,ERR,ERR,ERR,ERR,ERR,ERR,ERR,ERR,ERR,ERR,ERR,ERR,ERR,ERR,ERR,ERR,ERR,ERR,ERR,ERR,ERR,ERR,ERR,ERR,ERR,ERR,ERR,ERR,ERR,ERR,ERR,ERR,ERR,ERR,ERR,ERR,ERR,ERR,ERR,ERR,ERR,ERR,ERR,ERR,ERR,ERR,ERR,ERR,ERR,ERR,ERR,ERR,ERR,ERR,ERR,ERR,ERR,ERR,ERR,ERR,ERR,ERR,ERR,ERR,ERR,ERR,ERR,ERR,ERR,ERR,ERR,ERR,ERR,ERR,ERR,ERR,ERR,ERR,ERR,ERR,0.0,0.0,0.0,0.0,0.0,1.3936040501711995e+18,7.805,0.0,0,0,4,0,7116,0.0,100,0.0,0.0,0.0,0.0,0.0,0,0,0,0,0.0,0,0,0,0,0,0,0,0,0,0,0,0,0,0,0,0,0,0,0,0,0,0,0,0,0,0,0,0,0,0,0,0,0,31,40,40,71,65476,0,300,0,0,8,21553,0.0,-107605600.0,0.0,0.0,0.0,0.0,0.0,0.0,0.0,0.0,0.0,0.0,0.0,0.0,0.0,0.0,0.0,0.0,0.0,0.0,0.0,0.0,-2.004,2.004,0.0,0.0,0.0,0.0,0.0,0.0,4491.0,-2.004,6936.0,0.0,0.0,0.0,-0.0,0.0,0.0,0.0,0.0,69,-0.0,0.0,0.0,0.0,0.0,0.0,0.0,0.0,0.0,0,0,0,0.0,0.0,0.0,0.0,0.0,0.0,0.0,0.0,0.0,0.0,0.0,0.0,0.0,0.0,0.0,0.0,0,-107875648.0,69,0.0,138,0.0,0.0,0,0,17086,52429,17100,0,17080,0,0,0,70,68,100,2.7302399002429377e+23,82.0,0.0,78.4,-107615464.0,78.5,1,49,50,180,52429,13107,0,0,0.0,0.0,0.0,0.0,-0.0,67.0,0.0,162057.094,0.0,974,0,1001,0,0,0,950,0,1024,0,920,0,789,0,780,0,822,0,7520,0.032,7.090467253332109e+19,0.0,0.0,784,16797,-0.0,162057.094,-114818.039,-0.0,0.133,6.909358625270745e+28,30.0,70.0,35,0.0,0.0,0.0,0.0,0.0,0.0,0.0,0.0,0.0,0.0,0.0,0.0,0.0,0.0,0.0,0.0,66.4,0,150,71,51,65476,0,300,0,0,8,20529,65476,0,0,44564,70.0,0.0,0.0,0.0,0.0,0.0
2026-09-10T21:35:48,ERR,ERR,ERR,ERR,ERR,ERR,ERR,ERR,ERR,ERR,ERR,ERR,ERR,ERR,ERR,ERR,ERR,ERR,ERR,ERR,ERR,ERR,ERR,ERR,ERR,ERR,ERR,ERR,ERR,ERR,ERR,ERR,ERR,ERR,ERR,ERR,ERR,ERR,ERR,ERR,ERR,ERR,ERR,ERR,ERR,ERR,ERR,ERR,ERR,ERR,ERR,ERR,ERR,ERR,ERR,ERR,ERR,ERR,ERR,ERR,ERR,ERR,ERR,ERR,ERR,ERR,ERR,ERR,ERR,ERR,ERR,ERR,ERR,ERR,ERR,ERR,ERR,ERR,ERR,ERR,ERR,ERR,ERR,ERR,ERR,ERR,ERR,ERR,ERR,ERR,ERR,ERR,ERR,ERR,ERR,ERR,ERR,ERR,ERR,ERR,ERR,ERR,ERR,ERR,ERR,ERR,ERR,ERR,ERR,ERR,ERR,ERR,ERR,ERR,ERR,ERR,ERR,ERR,ERR,ERR,ERR,ERR,ERR,ERR,ERR,0.0,0.0,0.0,0.0,0.0,1.3936040501711995e+18,7.805,0.0,0,0,4,0,7116,0.0,100,0.0,0.0,0.0,0.0,0.0,0,0,0,0,0.0,0,0,0,0,0,0,0,0,0,0,0,0,0,0,0,0,0,0,0,0,0,0,0,0,0,0,0,0,0,0,0,0,0,31,40,40,71,65476,0,300,0,0,8,21553,0.0,-107605600.0,0.0,0.0,0.0,0.0,0.0,0.0,0.0,0.0,0.0,0.0,0.0,0.0,0.0,0.0,0.0,0.0,0.0,0.0,0.0,0.0,-2.004,2.004,0.0,0.0,0.0,0.0,0.0,0.0,4491.0,-2.004,6936.0,0.0,0.0,0.0,-0.0,0.0,0.0,0.0,0.0,69,-0.0,0.0,0.0,0.0,0.0,0.0,0.0,0.0,0.0,0,0,0,0.0,0.0,0.0,0.0,0.0,0.0,0.0,0.0,0.0,0.0,0.0,0.0,0.0,0.0,0.0,0.0,0,-107875648.0,69,0.0,138,0.0,0.0,0,0,17086,52429,17100,0,17080,0,0,0,70,68,100,2.7302399002429377e+23,82.0,0.0,78.4,-107615464.0,78.5,1,49,50,180,52429,13107,0,0,0.0,0.0,0.0,0.0,-0.0,67.0,0.0,162057.094,0.0,974,0,1000,0,0,0,950,0,1023,0,920,0,789,0,780,0,822,0,7520,0.032,7.061644215716938e+19,0.0,0.0,784,16797,-0.0,162057.094,-114818.039,-0.0,0.133,6.909358625270745e+28,30.0,70.0,35,0.0,0.0,0.0,0.0,0.0,0.0,0.0,0.0,0.0,0.0,0.0,0.0,0.0,0.0,0.0,0.0,66.4,0,150,71,51,65476,0,300,0,0,8,20529,65476,0,0,44564,70.0,0.0,0.0,0.0,0.0,0.0
2026-09-10T21:35:49,ERR,ERR,ERR,ERR,ERR,ERR,ERR,ERR,ERR,ERR,ERR,ERR,ERR,ERR,ERR,ERR,ERR,ERR,ERR,ERR,ERR,ERR,ERR,ERR,ERR,ERR,ERR,ERR,ERR,ERR,ERR,ERR,ERR,ERR,ERR,ERR,ERR,ERR,ERR,ERR,ERR,ERR,ERR,ERR,ERR,ERR,ERR,ERR,ERR,ERR,ERR,ERR,ERR,ERR,ERR,ERR,ERR,ERR,ERR,ERR,ERR,ERR,ERR,ERR,ERR,ERR,ERR,ERR,ERR,ERR,ERR,ERR,ERR,ERR,ERR,ERR,ERR,ERR,ERR,ERR,ERR,ERR,ERR,ERR,ERR,ERR,ERR,ERR,ERR,ERR,ERR,ERR,ERR,ERR,ERR,ERR,ERR,ERR,ERR,ERR,ERR,ERR,ERR,ERR,ERR,ERR,ERR,ERR,ERR,ERR,ERR,ERR,ERR,ERR,ERR,ERR,ERR,ERR,ERR,ERR,ERR,ERR,ERR,ERR,ERR,0.0,0.0,0.0,0.0,0.0,1.3936040501711995e+18,7.805,0.0,0,0,4,0,7116,0.0,100,0.0,0.0,0.0,0.0,0.0,0,0,0,0,0.0,0,0,0,0,0,0,0,0,0,0,0,0,0,0,0,0,0,0,0,0,0,0,0,0,0,0,0,0,0,0,0,0,0,31,40,40,71,65476,0,300,0,0,8,21553,0.0,-107605600.0,0.0,0.0,0.0,0.0,0.0,0.0,0.0,0.0,0.0,0.0,0.0,0.0,0.0,0.0,0.0,0.0,0.0,0.0,0.0,0.0,-2.004,2.004,0.0,0.0,0.0,0.0,0.0,0.0,4491.0,-2.004,6936.0,0.0,0.0,0.0,-0.0,0.0,0.0,0.0,0.0,69,-0.0,0.0,0.0,0.0,0.0,0.0,0.0,0.0,0.0,0,0,0,0.0,0.0,0.0,0.0,0.0,0.0,0.0,0.0,0.0,0.0,0.0,0.0,0.0,0.0,0.0,0.0,0,-107875648.0,69,0.0,138,0.0,0.0,0,0,17086,52429,17100,0,17080,0,0,0,70,68,100,2.7302399002429377e+23,82.0,0.0,78.4,-107615464.0,78.5,1,49,50,180,52429,13107,0,0,0.0,0.0,0.0,0.0,-0.0,67.0,0.0,162057.094,0.0,974,0,1000,0,0,0,950,0,1023,0,920,0,789,0,780,0,822,0,7520,0.032,7.061644215716938e+19,0.0,0.0,784,16797,-0.0,162057.094,-114818.039,-0.0,0.133,6.909358625270745e+28,30.0,70.0,35,0.0,0.0,0.0,0.0,0.0,0.0,0.0,0.0,0.0,0.0,0.0,0.0,0.0,0.0,0.0,0.0,66.4,0,150,71,51,65476,0,300,0,0,8,20529,65476,0,0,44564,70.0,0.0,0.0,0.0,0.0,0.0
2026-09-10T21:35:50,ERR,ERR,ERR,ERR,ERR,ERR,ERR,ERR,ERR,ERR,ERR,ERR,ERR,ERR,ERR,ERR,ERR,ERR,ERR,ERR,ERR,ERR,ERR,ERR,ERR,ERR,ERR,ERR,ERR,ERR,ERR,ERR,ERR,ERR,ERR,ERR,ERR,ERR,ERR,ERR,ERR,ERR,ERR,ERR,ERR,ERR,ERR,ERR,ERR,ERR,ERR,ERR,ERR,ERR,ERR,ERR,ERR,ERR,ERR,ERR,ERR,ERR,ERR,ERR,ERR,ERR,ERR,ERR,ERR,ERR,ERR,ERR,ERR,ERR,ERR,ERR,ERR,ERR,ERR,ERR,ERR,ERR,ERR,ERR,ERR,ERR,ERR,ERR,ERR,ERR,ERR,ERR,ERR,ERR,ERR,ERR,ERR,ERR,ERR,ERR,ERR,ERR,ERR,ERR,ERR,ERR,ERR,ERR,ERR,ERR,ERR,ERR,ERR,ERR,ERR,ERR,ERR,ERR,ERR,ERR,ERR,ERR,ERR,ERR,ERR,0.0,0.0,0.0,0.0,0.0,1.3936040501711995e+18,7.805,0.0,0,0,4,0,7116,0.0,100,0.0,0.0,0.0,0.0,0.0,0,0,0,0,0.0,0,0,0,0,0,0,0,0,0,0,0,0,0,0,0,0,0,0,0,0,0,0,0,0,0,0,0,0,0,0,0,0,0,31,40,40,71,65476,0,300,0,0,8,21553,0.0,-107605600.0,0.0,0.0,0.0,0.0,0.0,0.0,0.0,0.0,0.0,0.0,0.0,0.0,0.0,0.0,0.0,0.0,0.0,0.0,0.0,0.0,-2.004,2.004,0.0,0.0,0.0,0.0,0.0,0.0,4491.0,-2.004,6936.0,0.0,0.0,0.0,-0.0,0.0,0.0,0.0,0.0,69,-0.0,0.0,0.0,0.0,0.0,0.0,0.0,0.0,0.0,0,0,0,0.0,0.0,0.0,0.0,0.0,0.0,0.0,0.0,0.0,0.0,0.0,0.0,0.0,0.0,0.0,0.0,0,-107875648.0,69,0.0,138,0.0,0.0,0,0,17086,52429,17100,0,17080,0,0,0,70,68,100,2.7302399002429377e+23,82.0,0.0,78.4,-107615464.0,78.5,1,49,50,180,52429,13107,0,0,0.0,0.0,0.0,0.0,-0.0,67.0,0.0,162057.094,0.0,974,0,1000,0,0,0,950,0,1023,0,920,0,789,0,780,0,822,0,7520,0.032,7.061644215716938e+19,0.0,0.0,784,16797,-0.0,162057.094,-114818.039,-0.0,0.133,6.909358625270745e+28,30.0,70.0,35,0.0,0.0,0.0,0.0,0.0,0.0,0.0,0.0,0.0,0.0,0.0,0.0,0.0,0.0,0.0,0.0,66.4,0,150,71,51,65476,0,300,0,0,8,20529,65476,0,0,44564,70.0,0.0,0.0,0.0,0.0,0.0
2026-09-10T21:35:51,ERR,ERR,ERR,ERR,ERR,ERR,ERR,ERR,ERR,ERR,ERR,ERR,ERR,ERR,ERR,ERR,ERR,ERR,ERR,ERR,ERR,ERR,ERR,ERR,ERR,ERR,ERR,ERR,ERR,ERR,ERR,ERR,ERR,ERR,ERR,ERR,ERR,ERR,ERR,ERR,ERR,ERR,ERR,ERR,ERR,ERR,ERR,ERR,ERR,ERR,ERR,ERR,ERR,ERR,ERR,ERR,ERR,ERR,ERR,ERR,ERR,ERR,ERR,ERR,ERR,ERR,ERR,ERR,ERR,ERR,ERR,ERR,ERR,ERR,ERR,ERR,ERR,ERR,ERR,ERR,ERR,ERR,ERR,ERR,ERR,ERR,ERR,ERR,ERR,ERR,ERR,ERR,ERR,ERR,ERR,ERR,ERR,ERR,ERR,ERR,ERR,ERR,ERR,ERR,ERR,ERR,ERR,ERR,ERR,ERR,ERR,ERR,ERR,ERR,ERR,ERR,ERR,ERR,ERR,ERR,ERR,ERR,ERR,ERR,ERR,0.0,0.0,2.6474835549302285e+23,0.0,0.0,1.3936040501711995e+18,7.805,0.0,0,0,4,0,7116,0.0,100,0.0,0.0,0.0,0.0,0.0,0,0,0,0,0.0,0,0,0,0,0,0,0,0,0,0,0,0,0,0,0,0,0,0,0,0,0,0,0,0,0,0,0,0,0,0,0,0,0,31,40,40,71,65476,0,300,0,0,8,21553,0.0,-107605600.0,0.0,0.0,0.0,0.0,0.0,0.0,0.0,0.0,0.0,0.0,0.0,0.0,0.0,0.0,0.0,0.0,0.0,0.0,0.0,0.0,-2.004,2.004,0.0,0.0,0.0,0.0,0.0,0.0,4489.0,-0.0,6932.0,0.0,0.0,0.0,-0.0,0.0,0.0,0.0,0.0,69,-89221.141,-152016928112640.0,0.0,0.0,0.0,0.0,0.0,0.0,0.0,0,0,0,0.0,0.0,0.0,0.0,0.0,0.0,0.0,0.0,0.0,0.0,0.0,0.0,0.0,0.0,0.0,0.0,0,-107875648.0,69,0.0,138,0.0,0.0,0,0,17086,52429,17100,0,17080,0,0,0,70,68,100,2.7302399002429377e+23,82.0,0.0,78.4,-107615464.0,78.5,1,49,50,180,52429,13107,0,0,0.0,0.0,0.0,0.0,-0.0,67.0,0.0,162057.094,0.0,974,0,1000,0,0,0,950,0,1023,0,920,0,789,0,780,0,822,0,7520,0.032,7.061644215716938e+19,0.0,0.0,784,16797,-0.0,162057.094,-114818.039,-0.0,0.133,6.909358625270745e+28,30.0,70.0,35,0.0,0.0,0.0,0.0,0.0,0.0,0.0,0.0,0.0,0.0,0.0,0.0,0.0,0.0,0.0,0.0,66.4,0,150,71,51,65476,0,300,0,0,8,20529,65476,0,0,44564,70.0,0.0,0.0,0.0,0.0,0.0
2026-09-10T21:35:52,ERR,ERR,ERR,ERR,ERR,ERR,ERR,ERR,ERR,ERR,ERR,ERR,ERR,ERR,ERR,ERR,ERR,ERR,ERR,ERR,ERR,ERR,ERR,ERR,ERR,ERR,ERR,ERR,ERR,ERR,ERR,ERR,ERR,ERR,ERR,ERR,ERR,ERR,ERR,ERR,ERR,ERR,ERR,ERR,ERR,ERR,ERR,ERR,ERR,ERR,ERR,ERR,ERR,ERR,ERR,ERR,ERR,ERR,ERR,ERR,ERR,ERR,ERR,ERR,ERR,ERR,ERR,ERR,ERR,ERR,ERR,ERR,ERR,ERR,ERR,ERR,ERR,ERR,ERR,ERR,ERR,ERR,ERR,ERR,ERR,ERR,ERR,ERR,ERR,ERR,ERR,ERR,ERR,ERR,ERR,ERR,ERR,ERR,ERR,ERR,ERR,ERR,ERR,ERR,ERR,ERR,ERR,ERR,ERR,ERR,ERR,ERR,ERR,ERR,ERR,ERR,ERR,ERR,ERR,ERR,ERR,ERR,ERR,ERR,ERR,0.0,0.0,2.6474835549302285e+23,0.0,0.0,1.3936040501711995e+18,7.805,0.0,0,0,4,0,7116,0.0,100,0.0,0.0,0.0,0.0,0.0,0,0,0,0,0.0,0,0,0,0,0,0,0,0,0,0,0,0,0,0,0,0,0,0,0,0,0,0,0,0,0,0,0,0,0,0,0,0,0,31,40,40,71,65476,0,300,0,0,8,21553,0.0,-107605600.0,0.0,0.0,0.0,0.0,0.0,0.0,0.0,0.0,0.0,0.0,0.0,0.0,0.0,0.0,0.0,0.0,0.0,0.0,0.0,0.0,-2.004,2.004,0.0,0.0,0.0,0.0,0.0,0.0,4489.0,-0.0,6932.0,0.0,0.0,0.0,-0.0,0.0,0.0,0.0,0.0,69,-89221.141,-152016928112640.0,0.0,0.0,0.0,0.0,0.0,0.0,0.0,0,0,0,0.0,0.0,0.0,0.0,0.0,0.0,0.0,0.0,0.0,0.0,0.0,0.0,0.0,0.0,0.0,0.0,0,-107875648.0,69,0.0,138,0.0,0.0,0,0,17086,52429,17100,0,17080,0,0,0,70,68,100,2.7302399002429377e+23,82.0,0.0,78.4,-107615464.0,78.5,1,49,50,180,52429,13107,0,0,0.0,0.0,0.0,0.0,-0.0,67.0,0.0,162057.094,0.0,974,0,1000,0,0,0,950,0,1023,0,920,0,789,0,780,0,822,0,7520,0.032,7.061644215716938e+19,0.0,0.0,784,16797,-0.0,162057.094,-114818.039,-0.0,0.133,6.909358625270745e+28,30.0,70.0,35,0.0,0.0,0.0,0.0,0.0,0.0,0.0,0.0,0.0,0.0,0.0,0.0,0.0,0.0,0.0,0.0,66.4,0,150,71,51,65476,0,300,0,0,8,20529,65476,0,0,44564,70.0,0.0,0.0,0.0,0.0,0.0
2026-09-10T21:35:53,ERR,ERR,ERR,ERR,ERR,ERR,ERR,ERR,ERR,ERR,ERR,ERR,ERR,ERR,ERR,ERR,ERR,ERR,ERR,ERR,ERR,ERR,ERR,ERR,ERR,ERR,ERR,ERR,ERR,ERR,ERR,ERR,ERR,ERR,ERR,ERR,ERR,ERR,ERR,ERR,ERR,ERR,ERR,ERR,ERR,ERR,ERR,ERR,ERR,ERR,ERR,ERR,ERR,ERR,ERR,ERR,ERR,ERR,ERR,ERR,ERR,ERR,ERR,ERR,ERR,ERR,ERR,ERR,ERR,ERR,ERR,ERR,ERR,ERR,ERR,ERR,ERR,ERR,ERR,ERR,ERR,ERR,ERR,ERR,ERR,ERR,ERR,ERR,ERR,ERR,ERR,ERR,ERR,ERR,ERR,ERR,ERR,ERR,ERR,ERR,ERR,ERR,ERR,ERR,ERR,ERR,ERR,ERR,ERR,ERR,ERR,ERR,ERR,ERR,ERR,ERR,ERR,ERR,ERR,ERR,ERR,ERR,ERR,ERR,ERR,0.0,0.0,2.6474835549302285e+23,0.0,0.0,1.3936040501711995e+18,7.805,0.0,0,0,4,0,7116,0.0,100,0.0,0.0,0.0,0.0,0.0,0,0,0,0,0.0,0,0,0,0,0,0,0,0,0,0,0,0,0,0,0,0,0,0,0,0,0,0,0,0,0,0,0,0,0,0,0,0,0,31,40,40,71,65476,0,300,0,0,8,21553,0.0,-107605600.0,0.0,0.0,0.0,0.0,0.0,0.0,0.0,0.0,0.0,0.0,0.0,0.0,0.0,0.0,0.0,0.0,0.0,0.0,0.0,0.0,-2.004,2.004,0.0,0.0,0.0,0.0,0.0,0.0,4489.0,-0.0,6932.0,0.0,0.0,0.0,-0.0,0.0,0.0,0.0,0.0,69,-89221.141,-152016928112640.0,0.0,0.0,0.0,0.0,0.0,0.0,0.0,0,0,0,0.0,0.0,0.0,0.0,0.0,0.0,0.0,0.0,0.0,0.0,0.0,0.0,0.0,0.0,0.0,0.0,0,-107875648.0,69,0.0,138,0.0,0.0,0,0,17086,52429,17100,0,17080,0,0,0,70,68,100,2.7302399002429377e+23,82.0,0.0,78.4,-107615464.0,78.5,1,49,50,180,52429,13107,0,0,0.0,0.0,0.0,0.0,-0.0,67.0,0.0,162057.094,0.0,974,0,1000,0,0,0,950,0,1023,0,920,0,789,0,780,0,822,0,7520,0.032,7.061644215716938e+19,0.0,0.0,784,16797,-0.0,162057.094,-114818.039,-0.0,0.133,6.909358625270745e+28,30.0,70.0,35,0.0,0.0,0.0,0.0,0.0,0.0,0.0,0.0,0.0,0.0,0.0,0.0,0.0,0.0,0.0,0.0,66.4,0,150,71,51,65476,0,300,0,0,8,20529,65476,0,0,44564,70.0,0.0,0.0,0.0,0.0,0.0
2026-09-10T21:35:54,ERR,ERR,ERR,ERR,ERR,ERR,ERR,ERR,ERR,ERR,ERR,ERR,ERR,ERR,ERR,ERR,ERR,ERR,ERR,ERR,ERR,ERR,ERR,ERR,ERR,ERR,ERR,ERR,ERR,ERR,ERR,ERR,ERR,ERR,ERR,ERR,ERR,ERR,ERR,ERR,ERR,ERR,ERR,ERR,ERR,ERR,ERR,ERR,ERR,ERR,ERR,ERR,ERR,ERR,ERR,ERR,ERR,ERR,ERR,ERR,ERR,ERR,ERR,ERR,ERR,ERR,ERR,ERR,ERR,ERR,ERR,ERR,ERR,ERR,ERR,ERR,ERR,ERR,ERR,ERR,ERR,ERR,ERR,ERR,ERR,ERR,ERR,ERR,ERR,ERR,ERR,ERR,ERR,ERR,ERR,ERR,ERR,ERR,ERR,ERR,ERR,ERR,ERR,ERR,ERR,ERR,ERR,ERR,ERR,ERR,ERR,ERR,ERR,ERR,ERR,ERR,ERR,ERR,ERR,ERR,ERR,ERR,ERR,ERR,ERR,0.0,0.0,2.6474835549302285e+23,0.0,0.0,1.3936040501711995e+18,7.805,0.0,0,0,4,0,7116,0.0,100,0.0,0.0,0.0,0.0,0.0,0,0,0,0,0.0,0,0,0,0,0,0,0,0,0,0,0,0,0,0,0,0,0,0,0,0,0,0,0,0,0,0,0,0,0,0,0,0,0,31,40,40,71,65476,0,300,0,0,8,21553,0.0,-107605600.0,0.0,0.0,0.0,0.0,0.0,0.0,0.0,0.0,0.0,0.0,0.0,0.0,0.0,0.0,0.0,0.0,0.0,0.0,0.0,0.0,-2.004,2.004,0.0,0.0,0.0,0.0,0.0,0.0,4489.0,-0.0,6932.0,0.0,0.0,0.0,-0.0,0.0,0.0,0.0,0.0,69,-89221.141,-152016928112640.0,0.0,0.0,0.0,0.0,0.0,0.0,0.0,0,0,0,0.0,0.0,0.0,0.0,0.0,0.0,0.0,0.0,0.0,0.0,0.0,0.0,0.0,0.0,0.0,0.0,0,-107875648.0,69,0.0,138,0.0,0.0,0,0,17086,52429,17100,0,17080,0,0,0,70,68,100,2.7302399002429377e+23,82.0,0.0,78.4,-107615464.0,78.5,1,49,50,180,52429,0,0,0,0.0,0.0,0.0,0.0,-0.0,67.0,0.0,162057.094,0.0,974,0,1000,0,0,0,950,0,1023,0,920,0,789,0,780,0,822,0,7520,0.032,7.061644215716938e+19,0.0,0.0,784,16797,-0.0,162057.094,-114818.039,-0.0,0.133,6.909358625270745e+28,30.0,70.0,35,0.0,0.0,0.0,0.0,0.0,0.0,0.0,0.0,0.0,0.0,0.0,0.0,0.0,0.0,0.0,0.0,66.4,0,150,71,51,65476,0,300,0,0,8,20529,65476,0,0,44564,70.0,0.0,0.0,0.0,0.0,0.0
2026-09-10T21:35:55,ERR,ERR,ERR,ERR,ERR,ERR,ERR,ERR,ERR,ERR,ERR,ERR,ERR,ERR,ERR,ERR,ERR,ERR,ERR,ERR,ERR,ERR,ERR,ERR,ERR,ERR,ERR,ERR,ERR,ERR,ERR,ERR,ERR,ERR,ERR,ERR,ERR,ERR,ERR,ERR,ERR,ERR,ERR,ERR,ERR,ERR,ERR,ERR,ERR,ERR,ERR,ERR,ERR,ERR,ERR,ERR,ERR,ERR,ERR,ERR,ERR,ERR,ERR,ERR,ERR,ERR,ERR,ERR,ERR,ERR,ERR,ERR,ERR,ERR,ERR,ERR,ERR,ERR,ERR,ERR,ERR,ERR,ERR,ERR,ERR,ERR,ERR,ERR,ERR,ERR,ERR,ERR,ERR,ERR,ERR,ERR,ERR,ERR,ERR,ERR,ERR,ERR,ERR,ERR,ERR,ERR,ERR,ERR,ERR,ERR,ERR,ERR,ERR,ERR,ERR,ERR,ERR,ERR,ERR,ERR,ERR,ERR,ERR,ERR,ERR,0.0,0.0,2.6474835549302285e+23,0.0,0.0,1.3936040501711995e+18,7.805,0.0,0,0,4,0,7116,0.0,100,0.0,0.0,0.0,0.0,0.0,0,0,0,0,0.0,0,0,0,0,0,0,0,0,0,0,0,0,0,0,0,0,0,0,0,0,0,0,0,0,0,0,0,0,0,0,0,0,0,31,40,40,71,65476,0,300,0,0,8,21553,0.0,-107605600.0,0.0,0.0,0.0,0.0,0.0,0.0,0.0,0.0,0.0,0.0,0.0,0.0,0.0,0.0,0.0,0.0,0.0,0.0,0.0,0.0,-2.004,2.004,0.0,0.0,0.0,0.0,0.0,0.0,4489.0,-0.0,6932.0,0.0,0.0,0.0,-0.0,0.0,0.0,0.0,0.0,69,-89221.141,-152016928112640.0,0.0,0.0,0.0,0.0,0.0,0.0,0.0,0,0,0,0.0,0.0,0.0,0.0,0.0,0.0,0.0,0.0,0.0,0.0,0.0,0.0,0.0,0.0,0.0,0.0,0,-107875648.0,69,0.0,138,0.0,0.0,0,0,17086,52429,17100,0,17080,0,0,0,70,68,100,2.7302399002429377e+23,82.0,0.0,78.4,-107615464.0,78.5,1,49,50,180,52429,0,0,0,0.0,0.0,0.0,0.0,-0.0,67.0,0.0,162057.094,0.0,974,0,1000,0,0,0,950,0,1023,0,920,0,789,0,780,0,822,0,7520,0.032,7.061644215716938e+19,0.0,0.0,784,16797,-0.0,162057.094,-114818.039,-0.0,0.133,6.909358625270745e+28,30.0,70.0,35,0.0,0.0,0.0,0.0,0.0,0.0,0.0,0.0,0.0,0.0,0.0,0.0,0.0,0.0,0.0,0.0,66.4,0,150,71,51,65476,0,300,0,0,8,20529,65476,0,0,44564,70.0,0.0,0.0,0.0,0.0,0.0
2026-09-10T21:35:56,ERR,ERR,ERR,ERR,ERR,ERR,ERR,ERR,ERR,ERR,ERR,ERR,ERR,ERR,ERR,ERR,ERR,ERR,ERR,ERR,ERR,ERR,ERR,ERR,ERR,ERR,ERR,ERR,ERR,ERR,ERR,ERR,ERR,ERR,ERR,ERR,ERR,ERR,ERR,ERR,ERR,ERR,ERR,ERR,ERR,ERR,ERR,ERR,ERR,ERR,ERR,ERR,ERR,ERR,ERR,ERR,ERR,ERR,ERR,ERR,ERR,ERR,ERR,ERR,ERR,ERR,ERR,ERR,ERR,ERR,ERR,ERR,ERR,ERR,ERR,ERR,ERR,ERR,ERR,ERR,ERR,ERR,ERR,ERR,ERR,ERR,ERR,ERR,ERR,ERR,ERR,ERR,ERR,ERR,ERR,ERR,ERR,ERR,ERR,ERR,ERR,ERR,ERR,ERR,ERR,ERR,ERR,ERR,ERR,ERR,ERR,ERR,ERR,ERR,ERR,ERR,ERR,ERR,ERR,ERR,ERR,ERR,ERR,ERR,ERR,0.0,0.0,2.6474835549302285e+23,0.0,0.0,1.3936040501711995e+18,7.805,0.0,0,0,4,0,7116,0.0,100,0.0,0.0,0.0,0.0,0.0,0,0,0,0,0.0,0,0,0,0,0,0,0,0,0,0,0,0,0,0,0,0,0,0,0,0,0,0,0,0,0,0,0,0,0,0,0,0,0,31,40,40,71,65476,0,300,0,0,8,21553,0.0,-107605600.0,0.0,0.0,0.0,0.0,0.0,0.0,0.0,0.0,0.0,0.0,0.0,0.0,0.0,0.0,0.0,0.0,0.0,0.0,0.0,0.0,-2.004,2.004,0.0,0.0,0.0,0.0,0.0,0.0,4489.0,-0.0,6932.0,0.0,0.0,0.0,-0.0,0.0,0.0,0.0,0.0,69,-89221.141,-152016928112640.0,0.0,0.0,0.0,0.0,0.0,0.0,0.0,0,0,0,0.0,0.0,0.0,0.0,0.0,0.0,0.0,0.0,0.0,0.0,0.0,0.0,0.0,0.0,0.0,0.0,0,-107875648.0,69,0.0,138,0.0,0.0,0,0,17086,52429,17100,0,17080,0,0,0,70,68,100,2.7302399002429377e+23,82.0,0.0,78.4,-107615464.0,78.5,1,49,50,180,52429,0,0,0,0.0,0.0,0.0,0.0,-0.0,67.0,0.0,162057.094,0.0,974,0,1000,0,0,0,950,0,1023,0,920,0,789,0,780,0,822,0,7520,0.032,7.061644215716938e+19,0.0,0.0,784,16797,-0.0,162057.094,-114818.039,-0.0,0.133,6.909358625270745e+28,30.0,70.0,35,0.0,0.0,0.0,0.0,0.0,0.0,0.0,0.0,0.0,0.0,0.0,0.0,0.0,0.0,0.0,0.0,66.4,0,150,71,51,65476,0,300,0,0,8,20529,65476,0,0,44564,70.0,0.0,0.0,0.0,0.0,0.0
2026-09-10T21:35:57,ERR,ERR,ERR,ERR,ERR,ERR,ERR,ERR,ERR,ERR,ERR,ERR,ERR,ERR,ERR,ERR,ERR,ERR,ERR,ERR,ERR,ERR,ERR,ERR,ERR,ERR,ERR,ERR,ERR,ERR,ERR,ERR,ERR,ERR,ERR,ERR,ERR,ERR,ERR,ERR,ERR,ERR,ERR,ERR,ERR,ERR,ERR,ERR,ERR,ERR,ERR,ERR,ERR,ERR,ERR,ERR,ERR,ERR,ERR,ERR,ERR,ERR,ERR,ERR,ERR,ERR,ERR,ERR,ERR,ERR,ERR,ERR,ERR,ERR,ERR,ERR,ERR,ERR,ERR,ERR,ERR,ERR,ERR,ERR,ERR,ERR,ERR,ERR,ERR,ERR,ERR,ERR,ERR,ERR,ERR,ERR,ERR,ERR,ERR,ERR,ERR,ERR,ERR,ERR,ERR,ERR,ERR,ERR,ERR,ERR,ERR,ERR,ERR,ERR,ERR,ERR,ERR,ERR,ERR,ERR,ERR,ERR,ERR,ERR,ERR,0.0,0.0,2.6474835549302285e+23,0.0,0.0,1.3936040501711995e+18,7.805,0.0,0,0,4,0,7116,0.0,100,0.0,0.0,0.0,0.0,0.0,0,0,0,0,0.0,0,0,0,0,0,0,0,0,0,0,0,0,0,0,0,0,0,0,0,0,0,0,0,0,0,0,0,0,0,0,0,0,0,31,40,40,71,65476,0,300,0,0,8,21553,0.0,-107605600.0,0.0,0.0,0.0,0.0,0.0,0.0,0.0,0.0,0.0,0.0,0.0,0.0,0.0,0.0,0.0,0.0,0.0,0.0,0.0,0.0,-2.004,2.004,0.0,0.0,0.0,0.0,0.0,0.0,4489.0,-0.0,6932.0,0.0,0.0,0.0,-0.0,0.0,0.0,0.0,0.0,69,-89221.141,-152016928112640.0,0.0,0.0,0.0,0.0,0.0,0.0,0.0,0,0,0,0.0,0.0,0.0,0.0,0.0,0.0,0.0,0.0,0.0,0.0,0.0,0.0,0.0,0.0,0.0,0.0,0,-107875648.0,69,0.0,138,0.0,0.0,0,0,17086,52429,17100,0,17080,0,0,0,70,68,100,2.7302399002429377e+23,82.0,0.0,78.4,-107615464.0,78.5,1,49,50,180,52429,0,0,0,0.0,0.0,0.0,0.0,-0.0,67.0,0.0,162057.094,0.0,974,0,1000,0,0,0,950,0,1023,0,920,0,789,0,780,0,822,0,7520,0.032,7.061644215716938e+19,0.0,0.0,784,16797,-0.0,162057.094,-114818.039,-0.0,0.133,6.909358625270745e+28,30.0,70.0,35,0.0,0.0,0.0,0.0,0.0,0.0,0.0,0.0,0.0,0.0,0.0,0.0,0.0,0.0,0.0,0.0,66.4,0,150,71,51,65476,0,300,0,0,8,20529,65476,0,0,44564,70.0,0.0,0.0,0.0,0.0,0.0
2026-09-10T21:35:58,ERR,ERR,ERR,ERR,ERR,ERR,ERR,ERR,ERR,ERR,ERR,ERR,ERR,ERR,ERR,ERR,ERR,ERR,ERR,ERR,ERR,ERR,ERR,ERR,ERR,ERR,ERR,ERR,ERR,ERR,ERR,ERR,ERR,ERR,ERR,ERR,ERR,ERR,ERR,ERR,ERR,ERR,ERR,ERR,ERR,ERR,ERR,ERR,ERR,ERR,ERR,ERR,ERR,ERR,ERR,ERR,ERR,ERR,ERR,ERR,ERR,ERR,ERR,ERR,ERR,ERR,ERR,ERR,ERR,ERR,ERR,ERR,ERR,ERR,ERR,ERR,ERR,ERR,ERR,ERR,ERR,ERR,ERR,ERR,ERR,ERR,ERR,ERR,ERR,ERR,ERR,ERR,ERR,ERR,ERR,ERR,ERR,ERR,ERR,ERR,ERR,ERR,ERR,ERR,ERR,ERR,ERR,ERR,ERR,ERR,ERR,ERR,ERR,ERR,ERR,ERR,ERR,ERR,ERR,ERR,ERR,ERR,ERR,ERR,ERR,0.0,0.0,2.6474835549302285e+23,0.0,0.0,1.3936040501711995e+18,7.805,0.0,0,0,4,0,7116,0.0,100,0.0,0.0,0.0,0.0,0.0,0,0,0,0,0.0,0,0,0,0,0,0,0,0,0,0,0,0,0,0,0,0,0,0,0,0,0,0,0,0,0,0,0,0,0,0,0,0,0,31,40,40,71,65476,0,300,0,0,8,21553,0.0,-107605600.0,0.0,0.0,0.0,0.0,0.0,0.0,0.0,0.0,0.0,0.0,0.0,0.0,0.0,0.0,0.0,0.0,0.0,0.0,0.0,0.0,-2.004,2.004,0.0,0.0,0.0,0.0,0.0,0.0,4489.0,-0.0,6932.0,0.0,0.0,0.0,-0.0,0.0,0.0,0.0,0.0,69,-89221.141,-152016928112640.0,0.0,0.0,0.0,0.0,0.0,0.0,0.0,0,0,0,0.0,0.0,0.0,0.0,0.0,0.0,0.0,0.0,0.0,0.0,0.0,0.0,0.0,0.0,0.0,0.0,0,-107875648.0,69,0.0,138,0.0,0.0,0,0,17086,52429,17100,0,17080,0,0,0,70,68,100,2.7302399002429377e+23,82.0,0.0,78.4,-107615464.0,78.5,1,49,50,180,52429,0,0,0,0.0,0.0,0.0,0.0,-0.0,67.0,0.0,162057.094,0.0,974,0,1000,0,0,0,950,0,1023,0,920,0,789,0,780,0,822,0,7520,0.032,7.061644215716938e+19,0.0,0.0,784,16797,-0.0,162057.094,-114818.039,-0.0,0.133,6.909358625270745e+28,30.0,70.0,35,0.0,0.0,0.0,0.0,0.0,0.0,0.0,0.0,0.0,0.0,0.0,0.0,0.0,0.0,0.0,0.0,66.4,0,150,71,51,65476,0,300,0,0,8,20529,65476,0,0,44564,70.0,0.0,0.0,0.0,0.0,0.0
2026-09-10T21:35:59,ERR,ERR,ERR,ERR,ERR,ERR,ERR,ERR,ERR,ERR,ERR,ERR,ERR,ERR,ERR,ERR,ERR,ERR,ERR,ERR,ERR,ERR,ERR,ERR,ERR,ERR,ERR,ERR,ERR,ERR,ERR,ERR,ERR,ERR,ERR,ERR,ERR,ERR,ERR,ERR,ERR,ERR,ERR,ERR,ERR,ERR,ERR,ERR,ERR,ERR,ERR,ERR,ERR,ERR,ERR,ERR,ERR,ERR,ERR,ERR,ERR,ERR,ERR,ERR,ERR,ERR,ERR,ERR,ERR,ERR,ERR,ERR,ERR,ERR,ERR,ERR,ERR,ERR,ERR,ERR,ERR,ERR,ERR,ERR,ERR,ERR,ERR,ERR,ERR,ERR,ERR,ERR,ERR,ERR,ERR,ERR,ERR,ERR,ERR,ERR,ERR,ERR,ERR,ERR,ERR,ERR,ERR,ERR,ERR,ERR,ERR,ERR,ERR,ERR,ERR,ERR,ERR,ERR,ERR,ERR,ERR,ERR,ERR,ERR,ERR,0.0,0.0,2.6474835549302285e+23,0.0,0.0,1.3936040501711995e+18,7.805,0.0,0,0,4,0,7116,0.0,100,0.0,0.0,0.0,0.0,0.0,0,0,0,0,0.0,0,0,0,0,0,0,0,0,0,0,0,0,0,0,0,0,0,0,0,0,0,0,0,0,0,0,0,0,0,0,0,0,0,31,40,40,71,65476,0,300,0,0,8,21553,0.0,-107605600.0,0.0,0.0,0.0,0.0,0.0,0.0,0.0,0.0,0.0,0.0,0.0,0.0,0.0,0.0,0.0,0.0,0.0,0.0,0.0,0.0,-2.004,2.004,0.0,0.0,0.0,0.0,0.0,0.0,4486.0,-0.0,6929.0,0.0,0.0,0.0,-0.0,0.0,0.0,0.0,0.0,69,-0.059,-2.308824356982641e+20,0.0,0.0,0.0,0.0,0.0,0.0,0.0,0,0,0,0.0,0.0,0.0,0.0,0.0,0.0,0.0,0.0,0.0,0.0,0.0,0.0,0.0,0.0,0.0,0.0,0,-107875648.0,69,0.0,138,0.0,0.0,0,0,17086,52429,17100,0,17080,0,0,0,70,68,100,2.7302399002429377e+23,82.0,0.0,78.4,-107615464.0,78.5,1,49,50,180,52429,0,0,0,0.0,0.0,0.0,0.0,-0.0,67.0,0.0,162057.094,0.0,974,0,1000,0,0,0,950,0,1023,0,920,0,789,0,780,0,822,0,7520,0.032,7.061644215716938e+19,0.0,0.0,784,16797,-0.0,162057.094,-114818.039,-0.0,0.133,6.909358625270745e+28,30.0,70.0,35,0.0,0.0,0.0,0.0,0.0,0.0,0.0,0.0,0.0,0.0,0.0,0.0,0.0,0.0,0.0,0.0,66.4,0,150,71,51,65476,0,300,0,0,8,20529,65476,0,0,44564,70.0,0.0,0.0,0.0,0.0,0.0
2026-09-10T21:36:00,ERR,ERR,ERR,ERR,ERR,ERR,ERR,ERR,ERR,ERR,ERR,ERR,ERR,ERR,ERR,ERR,ERR,ERR,ERR,ERR,ERR,ERR,ERR,ERR,ERR,ERR,ERR,ERR,ERR,ERR,ERR,ERR,ERR,ERR,ERR,ERR,ERR,ERR,ERR,ERR,ERR,ERR,ERR,ERR,ERR,ERR,ERR,ERR,ERR,ERR,ERR,ERR,ERR,ERR,ERR,ERR,ERR,ERR,ERR,ERR,ERR,ERR,ERR,ERR,ERR,ERR,ERR,ERR,ERR,ERR,ERR,ERR,ERR,ERR,ERR,ERR,ERR,ERR,ERR,ERR,ERR,ERR,ERR,ERR,ERR,ERR,ERR,ERR,ERR,ERR,ERR,ERR,ERR,ERR,ERR,ERR,ERR,ERR,ERR,ERR,ERR,ERR,ERR,ERR,ERR,ERR,ERR,ERR,ERR,ERR,ERR,ERR,ERR,ERR,ERR,ERR,ERR,ERR,ERR,ERR,ERR,ERR,ERR,ERR,ERR,0.0,0.0,2.6474835549302285e+23,0.0,0.0,1.3936040501711995e+18,7.805,0.0,0,0,4,0,7116,0.0,100,0.0,0.0,0.0,0.0,0.0,0,0,0,0,0.0,0,0,0,0,0,0,0,0,0,0,0,0,0,0,0,0,0,0,0,0,0,0,0,0,0,0,0,0,0,0,0,0,0,31,40,40,71,65476,0,300,0,0,8,21553,0.0,-107605600.0,0.0,0.0,0.0,0.0,0.0,0.0,0.0,0.0,0.0,0.0,0.0,0.0,0.0,0.0,0.0,0.0,0.0,0.0,0.0,0.0,-2.004,2.004,0.0,0.0,0.0,0.0,0.0,0.0,4486.0,-0.0,6929.0,0.0,0.0,0.0,-0.0,0.0,0.0,0.0,0.0,69,-0.059,-2.308824356982641e+20,0.0,0.0,0.0,0.0,0.0,0.0,0.0,0,0,0,0.0,0.0,0.0,0.0,0.0,0.0,0.0,0.0,0.0,0.0,0.0,0.0,0.0,0.0,0.0,0.0,0,-107875648.0,69,0.0,138,0.0,0.0,0,0,17086,39322,17100,0,17080,0,0,0,70,68,100,2.7302399002429377e+23,82.0,0.0,78.4,-107615464.0,78.5,1,49,50,180,52429,0,0,0,0.0,0.0,0.0,0.0,-0.0,67.0,0.0,162057.094,0.0,974,0,1000,0,0,0,950,0,1023,0,919,0,789,0,780,0,821,0,7520,0.032,7.090467253332109e+19,0.0,0.0,784,16797,-0.0,162057.094,-114818.039,-0.0,0.133,6.909358625270745e+28,30.0,70.0,35,0.0,0.0,0.0,0.0,0.0,0.0,0.0,0.0,0.0,0.0,0.0,0.0,0.0,0.0,0.0,0.0,66.4,0,150,71,51,65476,0,300,0,0,8,20529,65476,0,0,44564,70.0,0.0,0.0,0.0,0.0,0.0
2026-09-10T21:36:01,ERR,ERR,ERR,ERR,ERR,ERR,ERR,ERR,ERR,ERR,ERR,ERR,ERR,ERR,ERR,ERR,ERR,ERR,ERR,ERR,ERR,ERR,ERR,ERR,ERR,ERR,ERR,ERR,ERR,ERR,ERR,ERR,ERR,ERR,ERR,ERR,ERR,ERR,ERR,ERR,ERR,ERR,ERR,ERR,ERR,ERR,ERR,ERR,ERR,ERR,ERR,ERR,ERR,ERR,ERR,ERR,ERR,ERR,ERR,ERR,ERR,ERR,ERR,ERR,ERR,ERR,ERR,ERR,ERR,ERR,ERR,ERR,ERR,ERR,ERR,ERR,ERR,ERR,ERR,ERR,ERR,ERR,ERR,ERR,ERR,ERR,ERR,ERR,ERR,ERR,ERR,ERR,ERR,ERR,ERR,ERR,ERR,ERR,ERR,ERR,ERR,ERR,ERR,ERR,ERR,ERR,ERR,ERR,ERR,ERR,ERR,ERR,ERR,ERR,ERR,ERR,ERR,ERR,ERR,ERR,ERR,ERR,ERR,ERR,ERR,0.0,0.0,2.6474835549302285e+23,0.0,0.0,1.3936040501711995e+18,7.805,0.0,0,0,4,0,7116,0.0,100,0.0,0.0,0.0,0.0,0.0,0,0,0,0,0.0,0,0,0,0,0,0,0,0,0,0,0,0,0,0,0,0,0,0,0,0,0,0,0,0,0,0,0,0,0,0,0,0,0,31,40,40,71,65476,0,300,0,0,8,21553,0.0,-107605600.0,0.0,0.0,0.0,0.0,0.0,0.0,0.0,0.0,0.0,0.0,0.0,0.0,0.0,0.0,0.0,0.0,0.0,0.0,0.0,0.0,-2.004,2.004,0.0,0.0,0.0,0.0,0.0,0.0,4486.0,-0.0,6929.0,0.0,0.0,0.0,-0.0,0.0,0.0,0.0,0.0,69,-0.059,-2.308824356982641e+20,0.0,0.0,0.0,0.0,0.0,0.0,0.0,0,0,0,0.0,0.0,0.0,0.0,0.0,0.0,0.0,0.0,0.0,0.0,0.0,0.0,0.0,0.0,0.0,0.0,0,-107875648.0,69,0.0,138,0.0,0.0,0,0,17086,39322,17100,0,17080,0,0,0,70,68,100,2.7302399002429377e+23,82.0,0.0,78.4,-107615464.0,78.5,1,49,50,180,52429,0,0,0,0.0,0.0,0.0,0.0,-0.0,67.0,0.0,162057.094,0.0,974,0,1000,0,0,0,950,0,1023,0,919,0,789,0,780,0,821,0,7520,0.032,7.090467253332109e+19,0.0,0.0,784,16797,-0.0,162057.094,-114818.039,-0.0,0.133,6.909358625270745e+28,30.0,70.0,35,0.0,0.0,0.0,0.0,0.0,0.0,0.0,0.0,0.0,0.0,0.0,0.0,0.0,0.0,0.0,0.0,66.4,0,150,71,51,65476,0,300,0,0,8,20529,65476,0,0,44564,70.0,0.0,0.0,0.0,0.0,0.0
2026-09-10T21:36:02,ERR,ERR,ERR,ERR,ERR,ERR,ERR,ERR,ERR,ERR,ERR,ERR,ERR,ERR,ERR,ERR,ERR,ERR,ERR,ERR,ERR,ERR,ERR,ERR,ERR,ERR,ERR,ERR,ERR,ERR,ERR,ERR,ERR,ERR,ERR,ERR,ERR,ERR,ERR,ERR,ERR,ERR,ERR,ERR,ERR,ERR,ERR,ERR,ERR,ERR,ERR,ERR,ERR,ERR,ERR,ERR,ERR,ERR,ERR,ERR,ERR,ERR,ERR,ERR,ERR,ERR,ERR,ERR,ERR,ERR,ERR,ERR,ERR,ERR,ERR,ERR,ERR,ERR,ERR,ERR,ERR,ERR,ERR,ERR,ERR,ERR,ERR,ERR,ERR,ERR,ERR,ERR,ERR,ERR,ERR,ERR,ERR,ERR,ERR,ERR,ERR,ERR,ERR,ERR,ERR,ERR,ERR,ERR,ERR,ERR,ERR,ERR,ERR,ERR,ERR,ERR,ERR,ERR,ERR,ERR,ERR,ERR,ERR,ERR,ERR,0.0,0.0,2.6474835549302285e+23,0.0,0.0,1.3936040501711995e+18,7.805,0.0,0,0,4,0,7116,0.0,100,0.0,0.0,0.0,0.0,0.0,0,0,0,0,0.0,0,0,0,0,0,0,0,0,0,0,0,0,0,0,0,0,0,0,0,0,0,0,0,0,0,0,0,0,0,0,0,0,0,31,40,40,71,65476,0,300,0,0,8,21553,0.0,-107605600.0,0.0,0.0,0.0,0.0,0.0,0.0,0.0,0.0,0.0,0.0,0.0,0.0,0.0,0.0,0.0,0.0,0.0,0.0,0.0,0.0,-2.004,2.004,0.0,0.0,0.0,0.0,0.0,0.0,4486.0,-0.0,6929.0,0.0,0.0,0.0,-0.0,0.0,0.0,0.0,0.0,69,-0.059,-2.308824356982641e+20,0.0,0.0,0.0,0.0,0.0,0.0,0.0,0,0,0,0.0,0.0,0.0,0.0,0.0,0.0,0.0,0.0,0.0,0.0,0.0,0.0,0.0,0.0,0.0,0.0,0,-107875648.0,69,0.0,138,0.0,0.0,0,0,17086,39322,17100,0,17080,0,0,0,70,68,100,2.7302399002429377e+23,82.0,0.0,78.4,-107615464.0,78.5,1,49,50,180,52429,0,0,0,0.0,0.0,0.0,0.0,-0.0,67.0,0.0,162057.094,0.0,974,0,1000,0,0,0,950,0,1023,0,919,0,789,0,780,0,821,0,7520,0.032,7.090467253332109e+19,0.0,0.0,784,16797,-0.0,162057.094,-114818.039,-0.0,0.133,6.909358625270745e+28,30.0,70.0,35,0.0,0.0,0.0,0.0,0.0,0.0,0.0,0.0,0.0,0.0,0.0,0.0,0.0,0.0,0.0,0.0,66.4,0,150,71,51,65476,0,300,0,0,8,20529,65476,0,0,44564,70.0,0.0,0.0,0.0,0.0,0.0
2026-09-10T21:36:03,ERR,ERR,ERR,ERR,ERR,ERR,ERR,ERR,ERR,ERR,ERR,ERR,ERR,ERR,ERR,ERR,ERR,ERR,ERR,ERR,ERR,ERR,ERR,ERR,ERR,ERR,ERR,ERR,ERR,ERR,ERR,ERR,ERR,ERR,ERR,ERR,ERR,ERR,ERR,ERR,ERR,ERR,ERR,ERR,ERR,ERR,ERR,ERR,ERR,ERR,ERR,ERR,ERR,ERR,ERR,ERR,ERR,ERR,ERR,ERR,ERR,ERR,ERR,ERR,ERR,ERR,ERR,ERR,ERR,ERR,ERR,ERR,ERR,ERR,ERR,ERR,ERR,ERR,ERR,ERR,ERR,ERR,ERR,ERR,ERR,ERR,ERR,ERR,ERR,ERR,ERR,ERR,ERR,ERR,ERR,ERR,ERR,ERR,ERR,ERR,ERR,ERR,ERR,ERR,ERR,ERR,ERR,ERR,ERR,ERR,ERR,ERR,ERR,ERR,ERR,ERR,ERR,ERR,ERR,ERR,ERR,ERR,ERR,ERR,ERR,0.0,0.0,2.6474835549302285e+23,0.0,0.0,1.3936040501711995e+18,7.805,0.0,0,0,4,0,7116,0.0,100,0.0,0.0,0.0,0.0,0.0,0,0,0,0,0.0,0,0,0,0,0,0,0,0,0,0,0,0,0,0,0,0,0,0,0,0,0,0,0,0,0,0,0,0,0,0,0,0,0,31,40,40,71,65476,0,300,0,0,8,21553,0.0,-107605600.0,0.0,0.0,0.0,0.0,0.0,0.0,0.0,0.0,0.0,0.0,0.0,0.0,0.0,0.0,0.0,0.0,0.0,0.0,0.0,0.0,-2.004,2.004,0.0,0.0,0.0,0.0,0.0,0.0,4486.0,-0.0,6929.0,0.0,0.0,0.0,-0.0,0.0,0.0,0.0,0.0,69,-0.059,-2.308824356982641e+20,0.0,0.0,0.0,0.0,0.0,0.0,0.0,0,0,0,0.0,0.0,0.0,0.0,0.0,0.0,0.0,0.0,0.0,0.0,0.0,0.0,0.0,0.0,0.0,0.0,0,-107875648.0,69,0.0,138,0.0,0.0,0,0,17086,39322,17100,0,17080,0,0,0,70,68,100,2.7302399002429377e+23,82.0,0.0,78.4,-107615464.0,78.5,1,49,50,180,52429,0,0,0,0.0,0.0,0.0,0.0,-0.0,67.0,0.0,162057.094,0.0,974,0,1000,0,0,0,950,0,1023,0,919,0,789,0,780,0,821,0,7520,0.032,7.090467253332109e+19,0.0,0.0,784,16797,-0.0,162057.094,-114818.039,-0.0,0.133,6.909358625270745e+28,30.0,70.0,35,0.0,0.0,0.0,0.0,0.0,0.0,0.0,0.0,0.0,0.0,0.0,0.0,0.0,0.0,0.0,0.0,66.4,0,150,71,51,65476,0,300,0,0,8,20529,65476,0,0,44564,70.0,0.0,0.0,0.0,0.0,0.0
2026-09-10T21:36:04,ERR,ERR,ERR,ERR,ERR,ERR,ERR,ERR,ERR,ERR,ERR,ERR,ERR,ERR,ERR,ERR,ERR,ERR,ERR,ERR,ERR,ERR,ERR,ERR,ERR,ERR,ERR,ERR,ERR,ERR,ERR,ERR,ERR,ERR,ERR,ERR,ERR,ERR,ERR,ERR,ERR,ERR,ERR,ERR,ERR,ERR,ERR,ERR,ERR,ERR,ERR,ERR,ERR,ERR,ERR,ERR,ERR,ERR,ERR,ERR,ERR,ERR,ERR,ERR,ERR,ERR,ERR,ERR,ERR,ERR,ERR,ERR,ERR,ERR,ERR,ERR,ERR,ERR,ERR,ERR,ERR,ERR,ERR,ERR,ERR,ERR,ERR,ERR,ERR,ERR,ERR,ERR,ERR,ERR,ERR,ERR,ERR,ERR,ERR,ERR,ERR,ERR,ERR,ERR,ERR,ERR,ERR,ERR,ERR,ERR,ERR,ERR,ERR,ERR,ERR,ERR,ERR,ERR,ERR,ERR,ERR,ERR,ERR,ERR,ERR,0.0,0.0,2.6474835549302285e+23,0.0,0.0,1.3936040501711995e+18,7.805,0.0,0,0,4,0,7116,0.0,100,0.0,0.0,0.0,0.0,0.0,0,0,0,0,0.0,0,0,0,0,0,0,0,0,0,0,0,0,0,0,0,0,0,0,0,0,0,0,0,0,0,0,0,0,0,0,0,0,0,31,40,40,71,65476,0,300,0,0,8,21553,0.0,-107605600.0,0.0,0.0,0.0,0.0,0.0,0.0,0.0,0.0,0.0,0.0,0.0,0.0,0.0,0.0,0.0,0.0,0.0,0.0,0.0,0.0,-2.004,2.004,0.0,0.0,0.0,0.0,0.0,0.0,4486.0,-0.0,6929.0,0.0,0.0,0.0,-0.0,0.0,0.0,0.0,0.0,69,-0.059,-2.308824356982641e+20,0.0,0.0,0.0,0.0,0.0,0.0,0.0,0,0,0,0.0,0.0,0.0,0.0,0.0,0.0,0.0,0.0,0.0,0.0,0.0,0.0,0.0,0.0,0.0,0.0,0,-107875648.0,69,0.0,138,0.0,0.0,0,0,17086,39322,17100,0,17080,0,0,0,70,68,100,2.7302399002429377e+23,82.0,0.0,78.4,-107615464.0,78.5,1,49,50,180,52429,0,0,0,0.0,0.0,0.0,0.0,-0.0,67.0,0.0,162057.094,0.0,974,0,1000,0,0,0,950,0,1023,0,919,0,789,0,780,0,821,0,7520,0.032,7.090467253332109e+19,0.0,0.0,784,16797,-0.0,162057.094,-114818.039,-0.0,0.133,6.909358625270745e+28,30.0,70.0,35,0.0,0.0,0.0,0.0,0.0,0.0,0.0,0.0,0.0,0.0,0.0,0.0,0.0,0.0,0.0,0.0,66.8,0,150,71,51,65476,0,300,0,0,8,20529,65476,0,0,44564,70.0,0.0,0.0,0.0,0.0,0.0
2026-09-10T21:36:05,ERR,ERR,ERR,ERR,ERR,ERR,ERR,ERR,ERR,ERR,ERR,ERR,ERR,ERR,ERR,ERR,ERR,ERR,ERR,ERR,ERR,ERR,ERR,ERR,ERR,ERR,ERR,ERR,ERR,ERR,ERR,ERR,ERR,ERR,ERR,ERR,ERR,ERR,ERR,ERR,ERR,ERR,ERR,ERR,ERR,ERR,ERR,ERR,ERR,ERR,ERR,ERR,ERR,ERR,ERR,ERR,ERR,ERR,ERR,ERR,ERR,ERR,ERR,ERR,ERR,ERR,ERR,ERR,ERR,ERR,ERR,ERR,ERR,ERR,ERR,ERR,ERR,ERR,ERR,ERR,ERR,ERR,ERR,ERR,ERR,ERR,ERR,ERR,ERR,ERR,ERR,ERR,ERR,ERR,ERR,ERR,ERR,ERR,ERR,ERR,ERR,ERR,ERR,ERR,ERR,ERR,ERR,ERR,ERR,ERR,ERR,ERR,ERR,ERR,ERR,ERR,ERR,ERR,ERR,ERR,ERR,ERR,ERR,ERR,ERR,0.0,0.0,2.6474835549302285e+23,0.0,0.0,1.3936040501711995e+18,7.805,0.0,0,0,4,0,7116,0.0,100,0.0,0.0,0.0,0.0,0.0,0,0,0,0,0.0,0,0,0,0,0,0,0,0,0,0,0,0,0,0,0,0,0,0,0,0,0,0,0,0,0,0,0,0,0,0,0,0,0,31,40,40,71,65476,0,300,0,0,8,21553,0.0,-107605600.0,0.0,0.0,0.0,0.0,0.0,0.0,0.0,0.0,0.0,0.0,0.0,0.0,0.0,0.0,0.0,0.0,0.0,0.0,0.0,0.0,-2.004,2.004,0.0,0.0,0.0,0.0,0.0,0.0,4486.0,-0.0,6929.0,0.0,0.0,0.0,-0.0,0.0,0.0,0.0,0.0,69,-0.059,-2.308824356982641e+20,0.0,0.0,0.0,0.0,0.0,0.0,0.0,0,0,0,0.0,0.0,0.0,0.0,0.0,0.0,0.0,0.0,0.0,0.0,0.0,0.0,0.0,0.0,0.0,0.0,0,-107875648.0,69,0.0,138,0.0,0.0,0,0,17086,39322,17100,0,17080,0,0,0,70,68,100,2.7302399002429377e+23,82.0,0.0,78.4,-107615464.0,78.5,1,49,50,180,52429,0,0,0,0.0,0.0,0.0,0.0,-0.0,67.0,0.0,162057.094,0.0,974,0,1000,0,0,0,950,0,1023,0,919,0,789,0,780,0,821,0,7520,0.032,7.090467253332109e+19,0.0,0.0,784,16797,-0.0,162057.094,-114818.039,-0.0,0.133,6.909358625270745e+28,30.0,70.0,35,0.0,0.0,0.0,0.0,0.0,0.0,0.0,0.0,0.0,0.0,0.0,0.0,0.0,0.0,0.0,0.0,66.8,0,150,71,51,65476,0,300,0,0,8,20529,65476,0,0,44564,70.0,0.0,0.0,0.0,0.0,0.0
2026-09-10T21:36:06,ERR,ERR,ERR,ERR,ERR,ERR,ERR,ERR,ERR,ERR,ERR,ERR,ERR,ERR,ERR,ERR,ERR,ERR,ERR,ERR,ERR,ERR,ERR,ERR,ERR,ERR,ERR,ERR,ERR,ERR,ERR,ERR,ERR,ERR,ERR,ERR,ERR,ERR,ERR,ERR,ERR,ERR,ERR,ERR,ERR,ERR,ERR,ERR,ERR,ERR,ERR,ERR,ERR,ERR,ERR,ERR,ERR,ERR,ERR,ERR,ERR,ERR,ERR,ERR,ERR,ERR,ERR,ERR,ERR,ERR,ERR,ERR,ERR,ERR,ERR,ERR,ERR,ERR,ERR,ERR,ERR,ERR,ERR,ERR,ERR,ERR,ERR,ERR,ERR,ERR,ERR,ERR,ERR,ERR,ERR,ERR,ERR,ERR,ERR,ERR,ERR,ERR,ERR,ERR,ERR,ERR,ERR,ERR,ERR,ERR,ERR,ERR,ERR,ERR,ERR,ERR,ERR,ERR,ERR,ERR,ERR,ERR,ERR,ERR,ERR,0.0,0.0,2.6474835549302285e+23,0.0,0.0,1.3936040501711995e+18,7.805,0.0,0,0,4,0,7116,0.0,100,0.0,0.0,0.0,0.0,0.0,0,0,0,0,0.0,0,0,0,0,0,0,0,0,0,0,0,0,0,0,0,0,0,0,0,0,0,0,0,0,0,0,0,0,0,0,0,0,0,31,40,40,71,65476,0,300,0,0,8,21553,0.0,-107605600.0,0.0,0.0,0.0,0.0,0.0,0.0,0.0,0.0,0.0,0.0,0.0,0.0,0.0,0.0,0.0,0.0,0.0,0.0,0.0,0.0,-2.004,2.004,0.0,0.0,0.0,0.0,0.0,0.0,4486.0,-0.0,6929.0,0.0,0.0,0.0,-0.0,0.0,0.0,0.0,0.0,69,-0.059,-2.308824356982641e+20,0.0,0.0,0.0,0.0,0.0,0.0,0.0,0,0,0,0.0,0.0,0.0,0.0,0.0,0.0,0.0,0.0,0.0,0.0,0.0,0.0,0.0,0.0,0.0,0.0,0,-107875648.0,69,0.0,138,0.0,0.0,0,0,17086,39322,17100,52429,17079,0,0,0,70,68,100,2.7302399002429377e+23,82.0,0.0,78.4,-107615464.0,78.5,1,49,50,180,52429,0,0,0,0.0,0.0,0.0,0.0,-0.0,67.0,0.0,162057.094,0.0,974,0,1000,0,0,0,950,0,1023,0,919,0,789,0,780,0,822,0,7520,0.032,7.061644215716938e+19,0.0,0.0,784,16797,-0.0,162057.094,-114818.039,-0.0,0.133,6.909358625270745e+28,30.0,70.0,35,0.0,0.0,0.0,0.0,0.0,0.0,0.0,0.0,0.0,0.0,0.0,0.0,0.0,0.0,0.0,0.0,66.8,0,150,71,51,65476,0,300,0,0,8,20529,65476,0,0,44564,70.0,0.0,0.0,0.0,0.0,0.0
2026-09-10T21:36:07,ERR,ERR,ERR,ERR,ERR,ERR,ERR,ERR,ERR,ERR,ERR,ERR,ERR,ERR,ERR,ERR,ERR,ERR,ERR,ERR,ERR,ERR,ERR,ERR,ERR,ERR,ERR,ERR,ERR,ERR,ERR,ERR,ERR,ERR,ERR,ERR,ERR,ERR,ERR,ERR,ERR,ERR,ERR,ERR,ERR,ERR,ERR,ERR,ERR,ERR,ERR,ERR,ERR,ERR,ERR,ERR,ERR,ERR,ERR,ERR,ERR,ERR,ERR,ERR,ERR,ERR,ERR,ERR,ERR,ERR,ERR,ERR,ERR,ERR,ERR,ERR,ERR,ERR,ERR,ERR,ERR,ERR,ERR,ERR,ERR,ERR,ERR,ERR,ERR,ERR,ERR,ERR,ERR,ERR,ERR,ERR,ERR,ERR,ERR,ERR,ERR,ERR,ERR,ERR,ERR,ERR,ERR,ERR,ERR,ERR,ERR,ERR,ERR,ERR,ERR,ERR,ERR,ERR,ERR,ERR,ERR,ERR,ERR,ERR,ERR,0.0,0.0,2.6474835549302285e+23,0.0,0.0,1.3936040501711995e+18,7.805,0.0,0,0,4,0,7116,0.0,100,0.0,0.0,0.0,0.0,0.0,0,0,0,0,0.0,0,0,0,0,0,0,0,0,0,0,0,0,0,0,0,0,0,0,0,0,0,0,0,0,0,0,0,0,0,0,0,0,0,31,40,40,71,65476,0,300,0,0,8,21553,0.0,-107605600.0,0.0,0.0,0.0,0.0,0.0,0.0,0.0,0.0,0.0,0.0,0.0,0.0,0.0,0.0,0.0,0.0,0.0,0.0,0.0,0.0,-2.004,2.004,0.0,0.0,0.0,0.0,0.0,0.0,4485.0,-0.0,6928.0,0.0,0.0,0.0,-0.0,0.0,0.0,0.0,0.0,69,-0.0,-152016928112640.0,0.0,0.0,0.0,0.0,0.0,0.0,0.0,0,0,0,0.0,0.0,0.0,0.0,0.0,0.0,0.0,0.0,0.0,0.0,0.0,0.0,0.0,0.0,0.0,0.0,0,-107875648.0,69,0.0,138,0.0,0.0,0,0,17086,39322,17100,52429,17079,0,0,0,70,68,100,2.7302399002429377e+23,82.0,0.0,78.4,-107615464.0,78.5,1,49,50,180,52429,0,0,0,0.0,0.0,0.0,0.0,-0.0,67.0,0.0,162057.094,0.0,974,0,1000,0,0,0,950,0,1023,0,919,0,789,0,780,0,822,0,7520,0.032,7.061644215716938e+19,0.0,0.0,784,16797,-0.0,162057.094,-114818.039,-0.0,0.133,6.909358625270745e+28,30.0,70.0,35,0.0,0.0,0.0,0.0,0.0,0.0,0.0,0.0,0.0,0.0,0.0,0.0,0.0,0.0,0.0,0.0,66.4,0,150,71,51,65476,0,300,0,0,8,20529,65476,0,0,44564,70.0,0.0,0.0,0.0,0.0,0.0
2026-09-10T21:36:08,ERR,ERR,ERR,ERR,ERR,ERR,ERR,ERR,ERR,ERR,ERR,ERR,ERR,ERR,ERR,ERR,ERR,ERR,ERR,ERR,ERR,ERR,ERR,ERR,ERR,ERR,ERR,ERR,ERR,ERR,ERR,ERR,ERR,ERR,ERR,ERR,ERR,ERR,ERR,ERR,ERR,ERR,ERR,ERR,ERR,ERR,ERR,ERR,ERR,ERR,ERR,ERR,ERR,ERR,ERR,ERR,ERR,ERR,ERR,ERR,ERR,ERR,ERR,ERR,ERR,ERR,ERR,ERR,ERR,ERR,ERR,ERR,ERR,ERR,ERR,ERR,ERR,ERR,ERR,ERR,ERR,ERR,ERR,ERR,ERR,ERR,ERR,ERR,ERR,ERR,ERR,ERR,ERR,ERR,ERR,ERR,ERR,ERR,ERR,ERR,ERR,ERR,ERR,ERR,ERR,ERR,ERR,ERR,ERR,ERR,ERR,ERR,ERR,ERR,ERR,ERR,ERR,ERR,ERR,ERR,ERR,ERR,ERR,ERR,ERR,0.0,0.0,2.6474835549302285e+23,0.0,0.0,1.3936040501711995e+18,7.805,0.0,0,0,4,0,7116,0.0,100,0.0,0.0,0.0,0.0,0.0,0,0,0,0,0.0,0,0,0,0,0,0,0,0,0,0,0,0,0,0,0,0,0,0,0,0,0,0,0,0,0,0,0,0,0,0,0,0,0,31,40,40,71,65476,0,300,0,0,8,21553,0.0,-107605600.0,0.0,0.0,0.0,0.0,0.0,0.0,0.0,0.0,0.0,0.0,0.0,0.0,0.0,0.0,0.0,0.0,0.0,0.0,0.0,0.0,-2.004,2.004,0.0,0.0,0.0,0.0,0.0,0.0,4485.0,-0.0,6928.0,0.0,0.0,0.0,-0.0,0.0,0.0,0.0,0.0,69,-0.0,-152016928112640.0,0.0,0.0,0.0,0.0,0.0,0.0,0.0,0,0,0,0.0,0.0,0.0,0.0,0.0,0.0,0.0,0.0,0.0,0.0,0.0,0.0,0.0,0.0,0.0,0.0,0,-107875648.0,69,0.0,138,0.0,0.0,0,0,17086,39322,17100,52429,17079,0,0,0,70,68,100,2.7302399002429377e+23,82.0,0.0,78.4,-107615464.0,78.5,1,49,50,180,52429,0,0,0,0.0,0.0,0.0,0.0,-0.0,67.0,0.0,162057.094,0.0,974,0,1000,0,0,0,950,0,1023,0,919,0,789,0,780,0,822,0,7520,0.032,7.061644215716938e+19,0.0,0.0,784,16797,-0.0,162057.094,-114818.039,-0.0,0.133,6.909358625270745e+28,30.0,70.0,35,0.0,0.0,0.0,0.0,0.0,0.0,0.0,0.0,0.0,0.0,0.0,0.0,0.0,0.0,0.0,0.0,66.4,0,150,71,51,65476,0,300,0,0,8,20529,65476,0,0,44564,70.0,0.0,0.0,0.0,0.0,0.0
2026-09-10T21:36:09,ERR,ERR,ERR,ERR,ERR,ERR,ERR,ERR,ERR,ERR,ERR,ERR,ERR,ERR,ERR,ERR,ERR,ERR,ERR,ERR,ERR,ERR,ERR,ERR,ERR,ERR,ERR,ERR,ERR,ERR,ERR,ERR,ERR,ERR,ERR,ERR,ERR,ERR,ERR,ERR,ERR,ERR,ERR,ERR,ERR,ERR,ERR,ERR,ERR,ERR,ERR,ERR,ERR,ERR,ERR,ERR,ERR,ERR,ERR,ERR,ERR,ERR,ERR,ERR,ERR,ERR,ERR,ERR,ERR,ERR,ERR,ERR,ERR,ERR,ERR,ERR,ERR,ERR,ERR,ERR,ERR,ERR,ERR,ERR,ERR,ERR,ERR,ERR,ERR,ERR,ERR,ERR,ERR,ERR,ERR,ERR,ERR,ERR,ERR,ERR,ERR,ERR,ERR,ERR,ERR,ERR,ERR,ERR,ERR,ERR,ERR,ERR,ERR,ERR,ERR,ERR,ERR,ERR,ERR,ERR,ERR,ERR,ERR,ERR,ERR,0.0,0.0,2.6474835549302285e+23,0.0,0.0,1.3936040501711995e+18,7.805,0.0,0,0,4,0,7116,0.0,100,0.0,0.0,0.0,0.0,0.0,0,0,0,0,0.0,0,0,0,0,0,0,0,0,0,0,0,0,0,0,0,0,0,0,0,0,0,0,0,0,0,0,0,0,0,0,0,0,0,31,40,40,71,65476,0,300,0,0,8,21553,0.0,-107605600.0,0.0,0.0,0.0,0.0,0.0,0.0,0.0,0.0,0.0,0.0,0.0,0.0,0.0,0.0,0.0,0.0,0.0,0.0,0.0,0.0,-2.004,2.004,0.0,0.0,0.0,0.0,0.0,0.0,4485.0,-0.0,6928.0,0.0,0.0,0.0,-0.0,0.0,0.0,0.0,0.0,69,-0.0,-152016928112640.0,0.0,0.0,0.0,0.0,0.0,0.0,0.0,0,0,0,0.0,0.0,0.0,0.0,0.0,0.0,0.0,0.0,0.0,0.0,0.0,0.0,0.0,0.0,0.0,0.0,0,-107875648.0,69,0.0,138,0.0,0.0,0,0,17086,39322,17100,52429,17079,0,0,0,70,68,100,2.7302399002429377e+23,82.0,0.0,78.4,-107615464.0,78.5,1,49,50,180,52429,0,0,0,0.0,0.0,0.0,0.0,-0.0,67.0,0.0,162057.094,0.0,974,0,1000,0,0,0,950,0,1023,0,919,0,789,0,780,0,822,0,7520,0.032,7.061644215716938e+19,0.0,0.0,784,16797,-0.0,162057.094,-114818.039,-0.0,0.133,6.909358625270745e+28,30.0,70.0,35,0.0,0.0,0.0,0.0,0.0,0.0,0.0,0.0,0.0,0.0,0.0,0.0,0.0,0.0,0.0,0.0,66.8,0,150,71,51,65476,0,300,0,0,8,20529,65476,0,0,44564,70.0,0.0,0.0,0.0,0.0,0.0
2026-09-10T21:36:10,ERR,ERR,ERR,ERR,ERR,ERR,ERR,ERR,ERR,ERR,ERR,ERR,ERR,ERR,ERR,ERR,ERR,ERR,ERR,ERR,ERR,ERR,ERR,ERR,ERR,ERR,ERR,ERR,ERR,ERR,ERR,ERR,ERR,ERR,ERR,ERR,ERR,ERR,ERR,ERR,ERR,ERR,ERR,ERR,ERR,ERR,ERR,ERR,ERR,ERR,ERR,ERR,ERR,ERR,ERR,ERR,ERR,ERR,ERR,ERR,ERR,ERR,ERR,ERR,ERR,ERR,ERR,ERR,ERR,ERR,ERR,ERR,ERR,ERR,ERR,ERR,ERR,ERR,ERR,ERR,ERR,ERR,ERR,ERR,ERR,ERR,ERR,ERR,ERR,ERR,ERR,ERR,ERR,ERR,ERR,ERR,ERR,ERR,ERR,ERR,ERR,ERR,ERR,ERR,ERR,ERR,ERR,ERR,ERR,ERR,ERR,ERR,ERR,ERR,ERR,ERR,ERR,ERR,ERR,ERR,ERR,ERR,ERR,ERR,ERR,0.0,0.0,2.6474835549302285e+23,0.0,0.0,1.3936040501711995e+18,7.805,0.0,0,0,4,0,7116,0.0,100,0.0,0.0,0.0,0.0,0.0,0,0,0,0,0.0,0,0,0,0,0,0,0,0,0,0,0,0,0,0,0,0,0,0,0,0,0,0,0,0,0,0,0,0,0,0,0,0,0,31,40,40,71,65476,0,300,0,0,8,21553,0.0,-107605600.0,0.0,0.0,0.0,0.0,0.0,0.0,0.0,0.0,0.0,0.0,0.0,0.0,0.0,0.0,0.0,0.0,0.0,0.0,0.0,0.0,-2.004,2.004,0.0,0.0,0.0,0.0,0.0,0.0,4485.0,-0.0,6928.0,0.0,0.0,0.0,-0.0,0.0,0.0,0.0,0.0,69,-0.0,-152016928112640.0,0.0,0.0,0.0,0.0,0.0,0.0,0.0,0,0,0,0.0,0.0,0.0,0.0,0.0,0.0,0.0,0.0,0.0,0.0,0.0,0.0,0.0,0.0,0.0,0.0,0,-107875648.0,69,0.0,138,0.0,0.0,0,0,17086,39322,17100,52429,17079,0,0,0,70,68,100,0.0,82.0,0.0,78.4,-107615464.0,78.5,1,49,50,180,52429,0,0,0,0.0,0.0,0.0,0.0,-0.0,67.0,0.0,162057.094,0.0,974,0,1000,0,0,0,950,0,1023,0,919,0,789,0,780,0,822,0,7520,0.032,7.090467253332109e+19,0.0,0.0,784,16797,-0.0,162057.094,-114818.039,-0.0,0.133,6.909358625270745e+28,30.0,70.0,35,0.0,0.0,0.0,0.0,0.0,0.0,0.0,0.0,0.0,0.0,0.0,0.0,0.0,0.0,0.0,0.0,66.8,0,150,71,51,65476,0,300,0,0,8,20529,65476,0,0,44564,70.0,0.0,0.0,0.0,0.0,0.0
2026-09-10T21:36:11,ERR,ERR,ERR,ERR,ERR,ERR,ERR,ERR,ERR,ERR,ERR,ERR,ERR,ERR,ERR,ERR,ERR,ERR,ERR,ERR,ERR,ERR,ERR,ERR,ERR,ERR,ERR,ERR,ERR,ERR,ERR,ERR,ERR,ERR,ERR,ERR,ERR,ERR,ERR,ERR,ERR,ERR,ERR,ERR,ERR,ERR,ERR,ERR,ERR,ERR,ERR,ERR,ERR,ERR,ERR,ERR,ERR,ERR,ERR,ERR,ERR,ERR,ERR,ERR,ERR,ERR,ERR,ERR,ERR,ERR,ERR,ERR,ERR,ERR,ERR,ERR,ERR,ERR,ERR,ERR,ERR,ERR,ERR,ERR,ERR,ERR,ERR,ERR,ERR,ERR,ERR,ERR,ERR,ERR,ERR,ERR,ERR,ERR,ERR,ERR,ERR,ERR,ERR,ERR,ERR,ERR,ERR,ERR,ERR,ERR,ERR,ERR,ERR,ERR,ERR,ERR,ERR,ERR,ERR,ERR,ERR,ERR,ERR,ERR,ERR,0.0,0.0,2.6474835549302285e+23,0.0,0.0,1.3936040501711995e+18,7.805,0.0,0,0,4,0,7116,0.0,100,0.0,0.0,0.0,0.0,0.0,0,0,0,0,0.0,0,0,0,0,0,0,0,0,0,0,0,0,0,0,0,0,0,0,0,0,0,0,0,0,0,0,0,0,0,0,0,0,0,31,40,40,71,65476,0,300,0,0,8,21553,0.0,-107605600.0,0.0,0.0,0.0,0.0,0.0,0.0,0.0,0.0,0.0,0.0,0.0,0.0,0.0,0.0,0.0,0.0,0.0,0.0,0.0,0.0,-2.004,2.004,0.0,0.0,0.0,0.0,0.0,0.0,4485.0,-0.0,6928.0,0.0,0.0,0.0,-0.0,0.0,0.0,0.0,0.0,69,-0.0,-152016928112640.0,0.0,0.0,0.0,0.0,0.0,0.0,0.0,0,0,0,0.0,0.0,0.0,0.0,0.0,0.0,0.0,0.0,0.0,0.0,0.0,0.0,0.0,0.0,0.0,0.0,0,-107875648.0,69,0.0,138,0.0,0.0,0,0,17086,39322,17100,52429,17079,0,0,0,70,68,100,0.0,82.0,0.0,78.4,-107615464.0,78.5,1,49,50,180,52429,0,0,0,0.0,0.0,0.0,0.0,-0.0,67.0,0.0,162057.094,0.0,974,0,1000,0,0,0,950,0,1023,0,919,0,789,0,780,0,822,0,7520,0.032,7.090467253332109e+19,0.0,0.0,784,16797,-0.0,162057.094,-114818.039,-0.0,0.133,6.909358625270745e+28,30.0,70.0,35,0.0,0.0,0.0,0.0,0.0,0.0,0.0,0.0,0.0,0.0,0.0,0.0,0.0,0.0,0.0,0.0,66.4,0,150,71,51,65476,0,300,0,0,8,20529,65476,0,0,44564,70.0,0.0,0.0,0.0,0.0,0.0
2026-09-10T21:36:12,ERR,ERR,ERR,ERR,ERR,ERR,ERR,ERR,ERR,ERR,ERR,ERR,ERR,ERR,ERR,ERR,ERR,ERR,ERR,ERR,ERR,ERR,ERR,ERR,ERR,ERR,ERR,ERR,ERR,ERR,ERR,ERR,ERR,ERR,ERR,ERR,ERR,ERR,ERR,ERR,ERR,ERR,ERR,ERR,ERR,ERR,ERR,ERR,ERR,ERR,ERR,ERR,ERR,ERR,ERR,ERR,ERR,ERR,ERR,ERR,ERR,ERR,ERR,ERR,ERR,ERR,ERR,ERR,ERR,ERR,ERR,ERR,ERR,ERR,ERR,ERR,ERR,ERR,ERR,ERR,ERR,ERR,ERR,ERR,ERR,ERR,ERR,ERR,ERR,ERR,ERR,ERR,ERR,ERR,ERR,ERR,ERR,ERR,ERR,ERR,ERR,ERR,ERR,ERR,ERR,ERR,ERR,ERR,ERR,ERR,ERR,ERR,ERR,ERR,ERR,ERR,ERR,ERR,ERR,ERR,ERR,ERR,ERR,ERR,ERR,0.0,0.0,2.6474835549302285e+23,0.0,0.0,1.3936040501711995e+18,7.805,0.0,0,0,4,0,7116,0.0,100,0.0,0.0,0.0,0.0,0.0,0,0,0,0,0.0,0,0,0,0,0,0,0,0,0,0,0,0,0,0,0,0,0,0,0,0,0,0,0,0,0,0,0,0,0,0,0,0,0,31,40,40,71,65476,0,300,0,0,8,21553,0.0,-107605600.0,0.0,0.0,0.0,0.0,0.0,0.0,0.0,0.0,0.0,0.0,0.0,0.0,0.0,0.0,0.0,0.0,0.0,0.0,0.0,0.0,-2.004,2.004,0.0,0.0,0.0,0.0,0.0,0.0,4491.0,-0.0,6931.0,0.0,0.0,0.0,-0.0,0.0,0.0,0.0,0.0,69,-89221.141,-4.9503933939668976e+32,0.0,0.0,0.0,0.0,0.0,0.0,0.0,0,0,0,0.0,0.0,0.0,0.0,0.0,0.0,0.0,0.0,0.0,0.0,0.0,0.0,0.0,0.0,0.0,0.0,0,-107875648.0,69,0.0,138,0.0,0.0,0,0,17086,39322,17100,52429,17079,0,0,0,70,68,100,0.0,82.0,0.0,78.4,-107615464.0,78.5,1,49,50,180,52429,0,0,0,0.0,0.0,0.0,0.0,-0.0,67.0,0.0,162057.094,0.0,974,0,1000,0,0,0,950,0,1023,0,919,0,789,0,780,0,822,0,7520,0.032,7.090467253332109e+19,0.0,0.0,784,16797,-0.0,162057.094,-114818.039,-0.0,0.133,6.909358625270745e+28,30.0,70.0,35,0.0,0.0,0.0,0.0,0.0,0.0,0.0,0.0,0.0,0.0,0.0,0.0,0.0,0.0,0.0,0.0,66.4,0,150,71,51,65476,0,300,0,0,8,20529,65476,0,0,44564,70.0,0.0,0.0,0.0,0.0,0.0
2026-09-10T21:36:13,ERR,ERR,ERR,ERR,ERR,ERR,ERR,ERR,ERR,ERR,ERR,ERR,ERR,ERR,ERR,ERR,ERR,ERR,ERR,ERR,ERR,ERR,ERR,ERR,ERR,ERR,ERR,ERR,ERR,ERR,ERR,ERR,ERR,ERR,ERR,ERR,ERR,ERR,ERR,ERR,ERR,ERR,ERR,ERR,ERR,ERR,ERR,ERR,ERR,ERR,ERR,ERR,ERR,ERR,ERR,ERR,ERR,ERR,ERR,ERR,ERR,ERR,ERR,ERR,ERR,ERR,ERR,ERR,ERR,ERR,ERR,ERR,ERR,ERR,ERR,ERR,ERR,ERR,ERR,ERR,ERR,ERR,ERR,ERR,ERR,ERR,ERR,ERR,ERR,ERR,ERR,ERR,ERR,ERR,ERR,ERR,ERR,ERR,ERR,ERR,ERR,ERR,ERR,ERR,ERR,ERR,ERR,ERR,ERR,ERR,ERR,ERR,ERR,ERR,ERR,ERR,ERR,ERR,ERR,ERR,ERR,ERR,ERR,ERR,ERR,0.0,0.0,2.6474835549302285e+23,0.0,0.0,1.3936040501711995e+18,7.805,0.0,0,0,4,0,7116,0.0,100,0.0,0.0,0.0,0.0,0.0,0,0,0,0,0.0,0,0,0,0,0,0,0,0,0,0,0,0,0,0,0,0,0,0,0,0,0,0,0,0,0,0,0,0,0,0,0,0,0,31,40,40,71,65476,0,300,0,0,8,21553,0.0,-107605600.0,0.0,0.0,0.0,0.0,0.0,0.0,0.0,0.0,0.0,0.0,0.0,0.0,0.0,0.0,0.0,0.0,0.0,0.0,0.0,0.0,-2.004,2.004,0.0,0.0,0.0,0.0,0.0,0.0,4491.0,-0.0,6931.0,0.0,0.0,0.0,-0.0,0.0,0.0,0.0,0.0,69,-89221.141,-4.9503933939668976e+32,0.0,0.0,0.0,0.0,0.0,0.0,0.0,0,0,0,0.0,0.0,0.0,0.0,0.0,0.0,0.0,0.0,0.0,0.0,0.0,0.0,0.0,0.0,0.0,0.0,0,-107875648.0,69,0.0,138,0.0,0.0,0,0,17086,39322,17100,52429,17079,0,0,0,70,68,100,0.0,82.0,0.0,78.4,-107615464.0,78.5,1,49,50,180,52429,0,0,0,0.0,0.0,0.0,0.0,-0.0,67.0,0.0,162057.094,0.0,974,0,1000,0,0,0,950,0,1023,0,919,0,789,0,780,0,822,0,7520,0.032,7.090467253332109e+19,0.0,0.0,784,16797,-0.0,162057.094,-114818.039,-0.0,0.133,6.909358625270745e+28,30.0,70.0,35,0.0,0.0,0.0,0.0,0.0,0.0,0.0,0.0,0.0,0.0,0.0,0.0,0.0,0.0,0.0,0.0,66.4,0,150,71,51,65476,0,300,0,0,8,20529,65476,0,0,44564,70.0,0.0,0.0,0.0,0.0,0.0
2026-09-10T21:36:14,ERR,ERR,ERR,ERR,ERR,ERR,ERR,ERR,ERR,ERR,ERR,ERR,ERR,ERR,ERR,ERR,ERR,ERR,ERR,ERR,ERR,ERR,ERR,ERR,ERR,ERR,ERR,ERR,ERR,ERR,ERR,ERR,ERR,ERR,ERR,ERR,ERR,ERR,ERR,ERR,ERR,ERR,ERR,ERR,ERR,ERR,ERR,ERR,ERR,ERR,ERR,ERR,ERR,ERR,ERR,ERR,ERR,ERR,ERR,ERR,ERR,ERR,ERR,ERR,ERR,ERR,ERR,ERR,ERR,ERR,ERR,ERR,ERR,ERR,ERR,ERR,ERR,ERR,ERR,ERR,ERR,ERR,ERR,ERR,ERR,ERR,ERR,ERR,ERR,ERR,ERR,ERR,ERR,ERR,ERR,ERR,ERR,ERR,ERR,ERR,ERR,ERR,ERR,ERR,ERR,ERR,ERR,ERR,ERR,ERR,ERR,ERR,ERR,ERR,ERR,ERR,ERR,ERR,ERR,ERR,ERR,ERR,ERR,ERR,ERR,0.0,0.0,2.6474835549302285e+23,0.0,0.0,1.3936040501711995e+18,7.805,0.0,0,0,4,0,7116,0.0,100,0.0,0.0,0.0,0.0,0.0,0,0,0,0,0.0,0,0,0,0,0,0,0,0,0,0,0,0,0,0,0,0,0,0,0,0,0,0,0,0,0,0,0,0,0,0,0,0,0,31,40,40,71,65476,0,300,0,0,8,21553,0.0,-107605600.0,0.0,0.0,0.0,0.0,0.0,0.0,0.0,0.0,0.0,0.0,0.0,0.0,0.0,0.0,0.0,0.0,0.0,0.0,0.0,0.0,-2.004,2.004,0.0,0.0,0.0,0.0,0.0,0.0,4491.0,-0.0,6931.0,0.0,0.0,0.0,-0.0,0.0,0.0,0.0,0.0,69,-89221.141,-4.9503933939668976e+32,0.0,0.0,0.0,0.0,0.0,0.0,0.0,0,0,0,0.0,0.0,0.0,0.0,0.0,0.0,0.0,0.0,0.0,0.0,0.0,0.0,0.0,0.0,0.0,0.0,0,-107875648.0,69,0.0,138,0.0,0.0,0,0,17086,39322,17100,52429,17079,0,0,0,70,68,100,2.7302399002429377e+23,82.0,0.0,78.4,-107615464.0,78.5,1,49,50,180,52429,0,0,0,0.0,0.0,0.0,0.0,-0.0,67.0,0.0,162057.094,0.0,974,0,1000,0,0,0,950,0,1023,0,919,0,789,0,780,0,822,0,7520,0.032,7.061644215716938e+19,0.0,0.0,784,16797,-0.0,162057.094,-114818.039,-0.0,0.133,6.909358625270745e+28,30.0,70.0,35,0.0,0.0,0.0,0.0,0.0,0.0,0.0,0.0,0.0,0.0,0.0,0.0,0.0,0.0,0.0,0.0,66.4,0,150,71,51,65476,0,300,0,0,8,20529,65476,0,0,44564,70.0,0.0,0.0,0.0,0.0,0.0
2026-09-10T21:36:15,ERR,ERR,ERR,ERR,ERR,ERR,ERR,ERR,ERR,ERR,ERR,ERR,ERR,ERR,ERR,ERR,ERR,ERR,ERR,ERR,ERR,ERR,ERR,ERR,ERR,ERR,ERR,ERR,ERR,ERR,ERR,ERR,ERR,ERR,ERR,ERR,ERR,ERR,ERR,ERR,ERR,ERR,ERR,ERR,ERR,ERR,ERR,ERR,ERR,ERR,ERR,ERR,ERR,ERR,ERR,ERR,ERR,ERR,ERR,ERR,ERR,ERR,ERR,ERR,ERR,ERR,ERR,ERR,ERR,ERR,ERR,ERR,ERR,ERR,ERR,ERR,ERR,ERR,ERR,ERR,ERR,ERR,ERR,ERR,ERR,ERR,ERR,ERR,ERR,ERR,ERR,ERR,ERR,ERR,ERR,ERR,ERR,ERR,ERR,ERR,ERR,ERR,ERR,ERR,ERR,ERR,ERR,ERR,ERR,ERR,ERR,ERR,ERR,ERR,ERR,ERR,ERR,ERR,ERR,ERR,ERR,ERR,ERR,ERR,ERR,0.0,0.0,2.6474835549302285e+23,0.0,0.0,1.3936040501711995e+18,7.805,0.0,0,0,4,0,7116,0.0,100,0.0,0.0,0.0,0.0,0.0,0,0,0,0,0.0,0,0,0,0,0,0,0,0,0,0,0,0,0,0,0,0,0,0,0,0,0,0,0,0,0,0,0,0,0,0,0,0,0,31,40,40,71,65476,0,300,0,0,8,21553,0.0,-107605600.0,0.0,0.0,0.0,0.0,0.0,0.0,0.0,0.0,0.0,0.0,0.0,0.0,0.0,0.0,0.0,0.0,0.0,0.0,0.0,0.0,-2.004,2.004,0.0,0.0,0.0,0.0,0.0,0.0,4491.0,-0.0,6931.0,0.0,0.0,0.0,-0.0,0.0,0.0,0.0,0.0,69,-89221.141,-4.9503933939668976e+32,0.0,0.0,0.0,0.0,0.0,0.0,0.0,0,0,0,0.0,0.0,0.0,0.0,0.0,0.0,0.0,0.0,0.0,0.0,0.0,0.0,0.0,0.0,0.0,0.0,0,-107875648.0,69,0.0,138,0.0,0.0,0,0,17086,39322,17100,52429,17079,0,0,0,70,68,100,2.7302399002429377e+23,82.0,0.0,78.4,-107615464.0,78.5,1,49,50,180,52429,0,0,0,0.0,0.0,0.0,0.0,-0.0,67.0,0.0,162057.094,0.0,974,0,1000,0,0,0,950,0,1023,0,919,0,789,0,780,0,822,0,7520,0.032,7.061644215716938e+19,0.0,0.0,784,16797,-0.0,162057.094,-114818.039,-0.0,0.133,6.909358625270745e+28,30.0,70.0,35,0.0,0.0,0.0,0.0,0.0,0.0,0.0,0.0,0.0,0.0,0.0,0.0,0.0,0.0,0.0,0.0,66.4,0,150,71,51,65476,0,300,0,0,8,20529,65476,0,0,44564,70.0,0.0,0.0,0.0,0.0,0.0
2026-09-10T21:36:16,ERR,ERR,ERR,ERR,ERR,ERR,ERR,ERR,ERR,ERR,ERR,ERR,ERR,ERR,ERR,ERR,ERR,ERR,ERR,ERR,ERR,ERR,ERR,ERR,ERR,ERR,ERR,ERR,ERR,ERR,ERR,ERR,ERR,ERR,ERR,ERR,ERR,ERR,ERR,ERR,ERR,ERR,ERR,ERR,ERR,ERR,ERR,ERR,ERR,ERR,ERR,ERR,ERR,ERR,ERR,ERR,ERR,ERR,ERR,ERR,ERR,ERR,ERR,ERR,ERR,ERR,ERR,ERR,ERR,ERR,ERR,ERR,ERR,ERR,ERR,ERR,ERR,ERR,ERR,ERR,ERR,ERR,ERR,ERR,ERR,ERR,ERR,ERR,ERR,ERR,ERR,ERR,ERR,ERR,ERR,ERR,ERR,ERR,ERR,ERR,ERR,ERR,ERR,ERR,ERR,ERR,ERR,ERR,ERR,ERR,ERR,ERR,ERR,ERR,ERR,ERR,ERR,ERR,ERR,ERR,ERR,ERR,ERR,ERR,ERR,0.0,0.0,2.6474835549302285e+23,0.0,0.0,1.3936040501711995e+18,7.805,0.0,0,0,4,0,7116,0.0,100,0.0,0.0,0.0,0.0,0.0,0,0,0,0,0.0,0,0,0,0,0,0,0,0,0,0,0,0,0,0,0,0,0,0,0,0,0,0,0,0,0,0,0,0,0,0,0,0,0,31,40,40,71,65476,0,300,0,0,8,21553,0.0,-107605600.0,0.0,0.0,0.0,0.0,0.0,0.0,0.0,0.0,0.0,0.0,0.0,0.0,0.0,0.0,0.0,0.0,0.0,0.0,0.0,0.0,-2.004,2.004,0.0,0.0,0.0,0.0,0.0,0.0,4491.0,-0.0,6931.0,0.0,0.0,0.0,-0.0,0.0,0.0,0.0,0.0,69,-89221.141,-4.9503933939668976e+32,0.0,0.0,0.0,0.0,0.0,0.0,0.0,0,0,0,0.0,0.0,0.0,0.0,0.0,0.0,0.0,0.0,0.0,0.0,0.0,0.0,0.0,0.0,0.0,0.0,0,-107875648.0,69,0.0,138,0.0,0.0,0,0,17086,39322,17100,52429,17079,0,0,0,70,68,100,2.7302399002429377e+23,82.0,0.0,78.4,-107615464.0,78.5,1,49,50,180,52429,0,0,0,0.0,0.0,0.0,0.0,-0.0,67.0,0.0,162057.094,0.0,974,0,1000,0,0,0,950,0,1023,0,919,0,789,0,780,0,822,0,7520,0.032,7.061644215716938e+19,0.0,0.0,784,16797,-0.0,162057.094,-114818.039,-0.0,0.133,6.909358625270745e+28,30.0,70.0,35,0.0,0.0,0.0,0.0,0.0,0.0,0.0,0.0,0.0,0.0,0.0,0.0,0.0,0.0,0.0,0.0,66.4,0,150,71,51,65476,0,300,0,0,8,20529,65476,0,0,44564,70.0,0.0,0.0,0.0,0.0,0.0
2026-09-10T21:36:17,ERR,ERR,ERR,ERR,ERR,ERR,ERR,ERR,ERR,ERR,ERR,ERR,ERR,ERR,ERR,ERR,ERR,ERR,ERR,ERR,ERR,ERR,ERR,ERR,ERR,ERR,ERR,ERR,ERR,ERR,ERR,ERR,ERR,ERR,ERR,ERR,ERR,ERR,ERR,ERR,ERR,ERR,ERR,ERR,ERR,ERR,ERR,ERR,ERR,ERR,ERR,ERR,ERR,ERR,ERR,ERR,ERR,ERR,ERR,ERR,ERR,ERR,ERR,ERR,ERR,ERR,ERR,ERR,ERR,ERR,ERR,ERR,ERR,ERR,ERR,ERR,ERR,ERR,ERR,ERR,ERR,ERR,ERR,ERR,ERR,ERR,ERR,ERR,ERR,ERR,ERR,ERR,ERR,ERR,ERR,ERR,ERR,ERR,ERR,ERR,ERR,ERR,ERR,ERR,ERR,ERR,ERR,ERR,ERR,ERR,ERR,ERR,ERR,ERR,ERR,ERR,ERR,ERR,ERR,ERR,ERR,ERR,ERR,ERR,ERR,0.0,0.0,2.6474835549302285e+23,0.0,0.0,1.3936040501711995e+18,7.805,0.0,0,0,4,0,7116,0.0,100,0.0,0.0,0.0,0.0,0.0,0,0,0,0,0.0,0,0,0,0,0,0,0,0,0,0,0,0,0,0,0,0,0,0,0,0,0,0,0,0,0,0,0,0,0,0,0,0,0,31,40,40,71,65476,0,300,0,0,8,21553,0.0,-107605600.0,0.0,0.0,0.0,0.0,0.0,0.0,0.0,0.0,0.0,0.0,0.0,0.0,0.0,0.0,0.0,0.0,0.0,0.0,0.0,0.0,-2.004,2.004,0.0,0.0,0.0,0.0,0.0,0.0,4491.0,-0.0,6931.0,0.0,0.0,0.0,-0.0,0.0,0.0,0.0,0.0,69,-89221.141,-4.9503933939668976e+32,0.0,0.0,0.0,0.0,0.0,0.0,0.0,0,0,0,0.0,0.0,0.0,0.0,0.0,0.0,0.0,0.0,0.0,0.0,0.0,0.0,0.0,0.0,0.0,0.0,0,-107875648.0,69,0.0,138,0.0,0.0,0,0,17086,39322,17100,52429,17079,0,0,0,70,68,100,2.7302399002429377e+23,82.0,0.0,78.4,-107615464.0,78.5,1,49,50,180,52429,0,0,0,0.0,0.0,0.0,0.0,-0.0,67.0,0.0,162057.094,0.0,974,0,1000,0,0,0,950,0,1023,0,919,0,789,0,780,0,822,0,7520,0.032,7.061644215716938e+19,0.0,0.0,784,16797,-0.0,162057.094,-114818.039,-0.0,0.133,6.909358625270745e+28,30.0,70.0,35,0.0,0.0,0.0,0.0,0.0,0.0,0.0,0.0,0.0,0.0,0.0,0.0,0.0,0.0,0.0,0.0,66.4,0,150,71,51,65476,0,300,0,0,8,20529,65476,0,0,44564,70.0,0.0,0.0,0.0,0.0,0.0
2026-09-10T21:36:18,ERR,ERR,ERR,ERR,ERR,ERR,ERR,ERR,ERR,ERR,ERR,ERR,ERR,ERR,ERR,ERR,ERR,ERR,ERR,ERR,ERR,ERR,ERR,ERR,ERR,ERR,ERR,ERR,ERR,ERR,ERR,ERR,ERR,ERR,ERR,ERR,ERR,ERR,ERR,ERR,ERR,ERR,ERR,ERR,ERR,ERR,ERR,ERR,ERR,ERR,ERR,ERR,ERR,ERR,ERR,ERR,ERR,ERR,ERR,ERR,ERR,ERR,ERR,ERR,ERR,ERR,ERR,ERR,ERR,ERR,ERR,ERR,ERR,ERR,ERR,ERR,ERR,ERR,ERR,ERR,ERR,ERR,ERR,ERR,ERR,ERR,ERR,ERR,ERR,ERR,ERR,ERR,ERR,ERR,ERR,ERR,ERR,ERR,ERR,ERR,ERR,ERR,ERR,ERR,ERR,ERR,ERR,ERR,ERR,ERR,ERR,ERR,ERR,ERR,ERR,ERR,ERR,ERR,ERR,ERR,ERR,ERR,ERR,ERR,ERR,0.0,0.0,2.6474835549302285e+23,0.0,0.0,1.3936040501711995e+18,7.805,0.0,0,0,4,0,7116,0.0,100,0.0,0.0,0.0,0.0,0.0,0,0,0,0,0.0,0,0,0,0,0,0,0,0,0,0,0,0,0,0,0,0,0,0,0,0,0,0,0,0,0,0,0,0,0,0,0,0,0,31,40,40,71,65476,0,300,0,0,8,21553,0.0,-107605600.0,0.0,0.0,0.0,0.0,0.0,0.0,0.0,0.0,0.0,0.0,0.0,0.0,0.0,0.0,0.0,0.0,0.0,0.0,0.0,0.0,-2.004,2.004,0.0,0.0,0.0,0.0,0.0,0.0,4493.0,-0.0,6935.0,0.0,0.0,0.0,-0.0,0.0,0.0,0.0,0.0,69,-1.905698635870372e+17,0.0,0.0,0.0,0.0,0.0,0.0,0.0,0.0,0,0,0,0.0,0.0,0.0,0.0,0.0,0.0,0.0,0.0,0.0,0.0,0.0,0.0,0.0,0.0,0.0,0.0,0,-107875648.0,69,0.0,138,0.0,0.0,0,0,17086,39322,17100,52429,17079,0,0,0,70,68,100,2.7302399002429377e+23,82.0,0.0,78.4,-107615464.0,78.5,1,49,50,180,52429,0,0,0,0.0,0.0,0.0,0.0,-0.0,67.0,0.0,162057.094,0.0,974,0,1000,0,0,0,950,0,1023,0,919,0,789,0,780,0,822,0,7520,0.032,7.061644215716938e+19,0.0,0.0,784,16797,-0.0,162057.094,-114818.039,-0.0,0.133,6.909358625270745e+28,30.0,70.0,35,0.0,0.0,0.0,0.0,0.0,0.0,0.0,0.0,0.0,0.0,0.0,0.0,0.0,0.0,0.0,0.0,66.4,0,150,71,51,65476,0,300,0,0,8,20529,65476,0,0,44564,70.0,0.0,0.0,0.0,0.0,0.0
2026-09-10T21:36:19,ERR,ERR,ERR,ERR,ERR,ERR,ERR,ERR,ERR,ERR,ERR,ERR,ERR,ERR,ERR,ERR,ERR,ERR,ERR,ERR,ERR,ERR,ERR,ERR,ERR,ERR,ERR,ERR,ERR,ERR,ERR,ERR,ERR,ERR,ERR,ERR,ERR,ERR,ERR,ERR,ERR,ERR,ERR,ERR,ERR,ERR,ERR,ERR,ERR,ERR,ERR,ERR,ERR,ERR,ERR,ERR,ERR,ERR,ERR,ERR,ERR,ERR,ERR,ERR,ERR,ERR,ERR,ERR,ERR,ERR,ERR,ERR,ERR,ERR,ERR,ERR,ERR,ERR,ERR,ERR,ERR,ERR,ERR,ERR,ERR,ERR,ERR,ERR,ERR,ERR,ERR,ERR,ERR,ERR,ERR,ERR,ERR,ERR,ERR,ERR,ERR,ERR,ERR,ERR,ERR,ERR,ERR,ERR,ERR,ERR,ERR,ERR,ERR,ERR,ERR,ERR,ERR,ERR,ERR,ERR,ERR,ERR,ERR,ERR,ERR,0.0,0.0,2.6474835549302285e+23,0.0,0.0,1.3936040501711995e+18,7.805,0.0,0,0,4,0,7116,0.0,100,0.0,0.0,0.0,0.0,0.0,0,0,0,0,0.0,0,0,0,0,0,0,0,0,0,0,0,0,0,0,0,0,0,0,0,0,0,0,0,0,0,0,0,0,0,0,0,0,0,31,40,40,71,65476,0,300,0,0,8,21553,0.0,-107605600.0,0.0,0.0,0.0,0.0,0.0,0.0,0.0,0.0,0.0,0.0,0.0,0.0,0.0,0.0,0.0,0.0,0.0,0.0,0.0,0.0,-2.004,2.004,0.0,0.0,0.0,0.0,0.0,0.0,4493.0,-0.0,6935.0,0.0,0.0,0.0,-0.0,0.0,0.0,0.0,0.0,69,-1.905698635870372e+17,0.0,0.0,0.0,0.0,0.0,0.0,0.0,0.0,0,0,0,0.0,0.0,0.0,0.0,0.0,0.0,0.0,0.0,0.0,0.0,0.0,0.0,0.0,0.0,0.0,0.0,0,-107875648.0,69,0.0,138,0.0,0.0,0,0,17086,39322,17100,52429,17079,0,0,0,70,68,100,2.7302399002429377e+23,82.0,0.0,78.4,-107615464.0,78.5,1,49,50,180,52429,0,0,0,0.0,0.0,0.0,0.0,-0.0,67.0,0.0,162057.094,0.0,974,0,1000,0,0,0,950,0,1023,0,919,0,789,0,780,0,822,0,7520,0.032,7.061644215716938e+19,0.0,0.0,784,16797,-0.0,162057.094,-114818.039,-0.0,0.133,6.909358625270745e+28,30.0,70.0,35,0.0,0.0,0.0,0.0,0.0,0.0,0.0,0.0,0.0,0.0,0.0,0.0,0.0,0.0,0.0,0.0,66.4,0,150,71,51,65476,0,300,0,0,8,20529,65476,0,0,44564,70.0,0.0,0.0,0.0,0.0,0.0
2026-09-10T21:36:20,ERR,ERR,ERR,ERR,ERR,ERR,ERR,ERR,ERR,ERR,ERR,ERR,ERR,ERR,ERR,ERR,ERR,ERR,ERR,ERR,ERR,ERR,ERR,ERR,ERR,ERR,ERR,ERR,ERR,ERR,ERR,ERR,ERR,ERR,ERR,ERR,ERR,ERR,ERR,ERR,ERR,ERR,ERR,ERR,ERR,ERR,ERR,ERR,ERR,ERR,ERR,ERR,ERR,ERR,ERR,ERR,ERR,ERR,ERR,ERR,ERR,ERR,ERR,ERR,ERR,ERR,ERR,ERR,ERR,ERR,ERR,ERR,ERR,ERR,ERR,ERR,ERR,ERR,ERR,ERR,ERR,ERR,ERR,ERR,ERR,ERR,ERR,ERR,ERR,ERR,ERR,ERR,ERR,ERR,ERR,ERR,ERR,ERR,ERR,ERR,ERR,ERR,ERR,ERR,ERR,ERR,ERR,ERR,ERR,ERR,ERR,ERR,ERR,ERR,ERR,ERR,ERR,ERR,ERR,ERR,ERR,ERR,ERR,ERR,ERR,0.0,0.0,2.6474835549302285e+23,0.0,0.0,1.3936040501711995e+18,7.805,0.0,0,0,4,0,7116,0.0,100,0.0,0.0,0.0,0.0,0.0,0,0,0,0,0.0,0,0,0,0,0,0,0,0,0,0,0,0,0,0,0,0,0,0,0,0,0,0,0,0,0,0,0,0,0,0,0,0,0,31,40,40,71,65476,0,300,0,0,8,21553,0.0,-107605600.0,0.0,0.0,0.0,0.0,0.0,0.0,0.0,0.0,0.0,0.0,0.0,0.0,0.0,0.0,0.0,0.0,0.0,0.0,0.0,0.0,-2.004,2.004,0.0,0.0,0.0,0.0,0.0,0.0,4493.0,-0.0,6935.0,0.0,0.0,0.0,-0.0,0.0,0.0,0.0,0.0,69,-1.905698635870372e+17,0.0,0.0,0.0,0.0,0.0,0.0,0.0,0.0,0,0,0,0.0,0.0,0.0,0.0,0.0,0.0,0.0,0.0,0.0,0.0,0.0,0.0,0.0,0.0,0.0,0.0,0,-107875648.0,69,0.0,138,0.0,0.0,0,0,17086,39322,17100,52429,17079,0,0,0,70,68,100,2.7302399002429377e+23,82.0,0.0,78.4,-107615464.0,78.5,1,49,50,180,52429,0,0,0,0.0,0.0,0.0,0.0,-0.0,67.0,0.0,162057.094,0.0,974,0,1000,0,0,0,950,0,1023,0,919,0,789,0,780,0,822,0,7520,0.032,7.061644215716938e+19,0.0,0.0,784,16797,-0.0,162057.094,-114818.039,-0.0,0.133,6.909358625270745e+28,30.0,70.0,35,0.0,0.0,0.0,0.0,0.0,0.0,0.0,0.0,0.0,0.0,0.0,0.0,0.0,0.0,0.0,0.0,66.4,0,150,71,51,65476,0,300,0,0,8,20529,65476,0,0,44564,70.0,0.0,0.0,0.0,0.0,0.0
2026-09-10T21:36:21,ERR,ERR,ERR,ERR,ERR,ERR,ERR,ERR,ERR,ERR,ERR,ERR,ERR,ERR,ERR,ERR,ERR,ERR,ERR,ERR,ERR,ERR,ERR,ERR,ERR,ERR,ERR,ERR,ERR,ERR,ERR,ERR,ERR,ERR,ERR,ERR,ERR,ERR,ERR,ERR,ERR,ERR,ERR,ERR,ERR,ERR,ERR,ERR,ERR,ERR,ERR,ERR,ERR,ERR,ERR,ERR,ERR,ERR,ERR,ERR,ERR,ERR,ERR,ERR,ERR,ERR,ERR,ERR,ERR,ERR,ERR,ERR,ERR,ERR,ERR,ERR,ERR,ERR,ERR,ERR,ERR,ERR,ERR,ERR,ERR,ERR,ERR,ERR,ERR,ERR,ERR,ERR,ERR,ERR,ERR,ERR,ERR,ERR,ERR,ERR,ERR,ERR,ERR,ERR,ERR,ERR,ERR,ERR,ERR,ERR,ERR,ERR,ERR,ERR,ERR,ERR,ERR,ERR,ERR,ERR,ERR,ERR,ERR,ERR,ERR,0.0,0.0,2.6474835549302285e+23,0.0,0.0,1.3936040501711995e+18,7.805,0.0,0,0,4,0,7116,0.0,100,0.0,0.0,0.0,0.0,0.0,0,0,0,0,0.0,0,0,0,0,0,0,0,0,0,0,0,0,0,0,0,0,0,0,0,0,0,0,0,0,0,0,0,0,0,0,0,0,0,31,40,40,71,65476,0,300,0,0,8,21553,0.0,-107605600.0,0.0,0.0,0.0,0.0,0.0,0.0,0.0,0.0,0.0,0.0,0.0,0.0,0.0,0.0,0.0,0.0,0.0,0.0,0.0,0.0,-2.004,2.004,0.0,0.0,0.0,0.0,0.0,0.0,4493.0,-0.0,6935.0,0.0,0.0,0.0,-0.0,0.0,0.0,0.0,0.0,69,-1.905698635870372e+17,0.0,0.0,0.0,0.0,0.0,0.0,0.0,0.0,0,0,0,0.0,0.0,0.0,0.0,0.0,0.0,0.0,0.0,0.0,0.0,0.0,0.0,0.0,0.0,0.0,0.0,0,-107875648.0,69,0.0,138,0.0,0.0,0,0,17086,39322,17100,52429,17079,0,0,0,70,68,100,2.7302399002429377e+23,82.0,0.0,78.4,-107615464.0,78.5,1,49,50,180,52429,0,0,0,0.0,0.0,0.0,0.0,-0.0,67.0,0.0,162057.094,0.0,974,0,1000,0,0,0,950,0,1023,0,919,0,789,0,780,0,822,0,7520,0.032,7.061644215716938e+19,0.0,0.0,784,16797,-0.0,162057.094,-114818.039,-0.0,0.133,6.909358625270745e+28,30.0,70.0,35,0.0,0.0,0.0,0.0,0.0,0.0,0.0,0.0,0.0,0.0,0.0,0.0,0.0,0.0,0.0,0.0,66.4,0,150,71,51,65476,0,300,0,0,8,20529,65476,0,0,44564,70.0,0.0,0.0,0.0,0.0,0.0
2026-09-10T21:36:22,ERR,ERR,ERR,ERR,ERR,ERR,ERR,ERR,ERR,ERR,ERR,ERR,ERR,ERR,ERR,ERR,ERR,ERR,ERR,ERR,ERR,ERR,ERR,ERR,ERR,ERR,ERR,ERR,ERR,ERR,ERR,ERR,ERR,ERR,ERR,ERR,ERR,ERR,ERR,ERR,ERR,ERR,ERR,ERR,ERR,ERR,ERR,ERR,ERR,ERR,ERR,ERR,ERR,ERR,ERR,ERR,ERR,ERR,ERR,ERR,ERR,ERR,ERR,ERR,ERR,ERR,ERR,ERR,ERR,ERR,ERR,ERR,ERR,ERR,ERR,ERR,ERR,ERR,ERR,ERR,ERR,ERR,ERR,ERR,ERR,ERR,ERR,ERR,ERR,ERR,ERR,ERR,ERR,ERR,ERR,ERR,ERR,ERR,ERR,ERR,ERR,ERR,ERR,ERR,ERR,ERR,ERR,ERR,ERR,ERR,ERR,ERR,ERR,ERR,ERR,ERR,ERR,ERR,ERR,ERR,ERR,ERR,ERR,ERR,ERR,0.0,0.0,2.6474835549302285e+23,0.0,0.0,1.3936040501711995e+18,7.805,0.0,0,0,4,0,7116,0.0,100,0.0,0.0,0.0,0.0,0.0,0,0,0,0,0.0,0,0,0,0,0,0,0,0,0,0,0,0,0,0,0,0,0,0,0,0,0,0,0,0,0,0,0,0,0,0,0,0,0,31,40,40,71,65476,0,300,0,0,8,21553,0.0,-107605600.0,0.0,0.0,0.0,0.0,0.0,0.0,0.0,0.0,0.0,0.0,0.0,0.0,0.0,0.0,0.0,0.0,0.0,0.0,0.0,0.0,-2.004,2.004,0.0,0.0,0.0,0.0,0.0,0.0,4493.0,-0.0,6935.0,0.0,0.0,0.0,-0.0,0.0,0.0,0.0,0.0,69,-1.905698635870372e+17,0.0,0.0,0.0,0.0,0.0,0.0,0.0,0.0,0,0,0,0.0,0.0,0.0,0.0,0.0,0.0,0.0,0.0,0.0,0.0,0.0,0.0,0.0,0.0,0.0,0.0,0,-107875648.0,69,0.0,138,0.0,0.0,0,0,17086,39322,17100,52429,17079,0,0,0,70,68,100,2.7302399002429377e+23,82.0,0.0,78.4,-107615464.0,78.5,1,49,50,180,52429,0,0,0,0.0,0.0,0.0,0.0,-0.0,67.0,0.0,162057.094,0.0,974,0,1000,0,0,0,950,0,1023,0,919,0,789,0,780,0,822,0,7520,0.032,7.061644215716938e+19,0.0,0.0,784,16797,-0.0,162057.094,-114818.039,-0.0,0.133,6.909358625270745e+28,30.0,70.0,35,0.0,0.0,0.0,0.0,0.0,0.0,0.0,0.0,0.0,0.0,0.0,0.0,0.0,0.0,0.0,0.0,66.4,0,150,71,51,65476,0,300,0,0,8,20529,65476,0,0,44564,70.0,0.0,0.0,0.0,0.0,0.0
2026-09-10T21:36:23,ERR,ERR,ERR,ERR,ERR,ERR,ERR,ERR,ERR,ERR,ERR,ERR,ERR,ERR,ERR,ERR,ERR,ERR,ERR,ERR,ERR,ERR,ERR,ERR,ERR,ERR,ERR,ERR,ERR,ERR,ERR,ERR,ERR,ERR,ERR,ERR,ERR,ERR,ERR,ERR,ERR,ERR,ERR,ERR,ERR,ERR,ERR,ERR,ERR,ERR,ERR,ERR,ERR,ERR,ERR,ERR,ERR,ERR,ERR,ERR,ERR,ERR,ERR,ERR,ERR,ERR,ERR,ERR,ERR,ERR,ERR,ERR,ERR,ERR,ERR,ERR,ERR,ERR,ERR,ERR,ERR,ERR,ERR,ERR,ERR,ERR,ERR,ERR,ERR,ERR,ERR,ERR,ERR,ERR,ERR,ERR,ERR,ERR,ERR,ERR,ERR,ERR,ERR,ERR,ERR,ERR,ERR,ERR,ERR,ERR,ERR,ERR,ERR,ERR,ERR,ERR,ERR,ERR,ERR,ERR,ERR,ERR,ERR,ERR,ERR,0.0,0.0,2.6474835549302285e+23,0.0,0.0,1.3936040501711995e+18,7.805,0.0,0,0,4,0,7116,0.0,100,0.0,0.0,0.0,0.0,0.0,0,0,0,0,0.0,0,0,0,0,0,0,0,0,0,0,0,0,0,0,0,0,0,0,0,0,0,0,0,0,0,0,0,0,0,0,0,0,0,31,40,40,71,65476,0,300,0,0,8,21553,0.0,-107605600.0,0.0,0.0,0.0,0.0,0.0,0.0,0.0,0.0,0.0,0.0,0.0,0.0,0.0,0.0,0.0,0.0,0.0,0.0,0.0,0.0,-2.004,2.004,0.0,0.0,0.0,0.0,0.0,0.0,4493.0,-0.0,6935.0,0.0,0.0,0.0,-0.0,0.0,0.0,0.0,0.0,69,-1.905698635870372e+17,0.0,0.0,0.0,0.0,0.0,0.0,0.0,0.0,0,0,0,0.0,0.0,0.0,0.0,0.0,0.0,0.0,0.0,0.0,0.0,0.0,0.0,0.0,0.0,0.0,0.0,0,-107875648.0,69,0.0,138,0.0,0.0,0,0,17086,39322,17100,52429,17079,0,0,0,70,68,100,2.7302399002429377e+23,82.0,0.0,78.4,-107615464.0,78.5,1,49,50,180,52429,0,0,0,0.0,0.0,0.0,0.0,-0.0,67.0,0.0,162057.094,0.0,974,0,1000,0,0,0,950,0,1023,0,919,0,789,0,780,0,822,0,7520,0.032,7.061644215716938e+19,0.0,0.0,784,16797,-0.0,162057.094,-114818.039,-0.0,0.133,6.909358625270745e+28,30.0,70.0,35,0.0,0.0,0.0,0.0,0.0,0.0,0.0,0.0,0.0,0.0,0.0,0.0,0.0,0.0,0.0,0.0,66.8,0,150,71,51,65476,0,300,0,0,8,20529,65476,0,0,44564,70.0,0.0,0.0,0.0,0.0,0.0
2026-09-10T21:36:24,ERR,ERR,ERR,ERR,ERR,ERR,ERR,ERR,ERR,ERR,ERR,ERR,ERR,ERR,ERR,ERR,ERR,ERR,ERR,ERR,ERR,ERR,ERR,ERR,ERR,ERR,ERR,ERR,ERR,ERR,ERR,ERR,ERR,ERR,ERR,ERR,ERR,ERR,ERR,ERR,ERR,ERR,ERR,ERR,ERR,ERR,ERR,ERR,ERR,ERR,ERR,ERR,ERR,ERR,ERR,ERR,ERR,ERR,ERR,ERR,ERR,ERR,ERR,ERR,ERR,ERR,ERR,ERR,ERR,ERR,ERR,ERR,ERR,ERR,ERR,ERR,ERR,ERR,ERR,ERR,ERR,ERR,ERR,ERR,ERR,ERR,ERR,ERR,ERR,ERR,ERR,ERR,ERR,ERR,ERR,ERR,ERR,ERR,ERR,ERR,ERR,ERR,ERR,ERR,ERR,ERR,ERR,ERR,ERR,ERR,ERR,ERR,ERR,ERR,ERR,ERR,ERR,ERR,ERR,ERR,ERR,ERR,ERR,ERR,ERR,0.0,0.0,2.6474835549302285e+23,0.0,0.0,1.3936040501711995e+18,7.805,0.0,0,0,4,0,7116,0.0,100,0.0,0.0,0.0,0.0,0.0,0,0,0,0,0.0,0,0,0,0,0,0,0,0,0,0,0,0,0,0,0,0,0,0,0,0,0,0,0,0,0,0,0,0,0,0,0,0,0,31,40,40,71,65476,0,300,0,0,8,21553,0.0,-107605600.0,0.0,0.0,0.0,0.0,0.0,0.0,0.0,0.0,0.0,0.0,0.0,0.0,0.0,0.0,0.0,0.0,0.0,0.0,0.0,0.0,-2.004,2.004,0.0,0.0,0.0,0.0,0.0,0.0,4493.0,-0.0,6935.0,0.0,0.0,0.0,-0.0,0.0,0.0,0.0,0.0,69,-1.905698635870372e+17,0.0,0.0,0.0,0.0,0.0,0.0,0.0,0.0,0,0,0,0.0,0.0,0.0,0.0,0.0,0.0,0.0,0.0,0.0,0.0,0.0,0.0,0.0,0.0,0.0,0.0,0,-107875648.0,69,0.0,138,0.0,0.0,0,0,17086,39322,17100,52429,17079,0,0,0,70,68,100,2.7302399002429377e+23,82.0,0.0,78.4,-107615464.0,78.5,1,49,50,180,52429,0,0,0,0.0,0.0,0.0,0.0,-0.0,67.0,0.0,162057.094,0.0,974,0,1000,0,0,0,950,0,1023,0,919,0,789,0,780,0,822,0,7520,0.032,7.061644215716938e+19,0.0,0.0,784,16797,-0.0,162057.094,-114818.039,-0.0,0.133,6.909358625270745e+28,30.0,70.0,35,0.0,0.0,0.0,0.0,0.0,0.0,0.0,0.0,0.0,0.0,0.0,0.0,0.0,0.0,0.0,0.0,66.8,0,150,71,51,65476,0,300,0,0,8,20529,65476,0,0,44564,70.0,0.0,0.0,0.0,0.0,0.0
2026-09-10T21:36:25,ERR,ERR,ERR,ERR,ERR,ERR,ERR,ERR,ERR,ERR,ERR,ERR,ERR,ERR,ERR,ERR,ERR,ERR,ERR,ERR,ERR,ERR,ERR,ERR,ERR,ERR,ERR,ERR,ERR,ERR,ERR,ERR,ERR,ERR,ERR,ERR,ERR,ERR,ERR,ERR,ERR,ERR,ERR,ERR,ERR,ERR,ERR,ERR,ERR,ERR,ERR,ERR,ERR,ERR,ERR,ERR,ERR,ERR,ERR,ERR,ERR,ERR,ERR,ERR,ERR,ERR,ERR,ERR,ERR,ERR,ERR,ERR,ERR,ERR,ERR,ERR,ERR,ERR,ERR,ERR,ERR,ERR,ERR,ERR,ERR,ERR,ERR,ERR,ERR,ERR,ERR,ERR,ERR,ERR,ERR,ERR,ERR,ERR,ERR,ERR,ERR,ERR,ERR,ERR,ERR,ERR,ERR,ERR,ERR,ERR,ERR,ERR,ERR,ERR,ERR,ERR,ERR,ERR,ERR,ERR,ERR,ERR,ERR,ERR,ERR,0.0,0.0,2.6474835549302285e+23,0.0,0.0,1.3936040501711995e+18,7.805,0.0,0,0,4,0,7116,0.0,100,0.0,0.0,0.0,0.0,0.0,0,0,0,0,0.0,0,0,0,0,0,0,0,0,0,0,0,0,0,0,0,0,0,0,0,0,0,0,0,0,0,0,0,0,0,0,0,0,0,31,40,40,71,65476,0,300,0,0,8,21553,0.0,-107605600.0,0.0,0.0,0.0,0.0,0.0,0.0,0.0,0.0,0.0,0.0,0.0,0.0,0.0,0.0,0.0,0.0,0.0,0.0,0.0,0.0,-2.004,2.004,0.0,0.0,0.0,0.0,0.0,0.0,4498.0,-0.0,6935.0,0.0,0.0,0.0,-0.0,0.0,0.0,0.0,0.0,69,-3.222030068424997e+26,0.0,0.0,0.0,0.0,0.0,0.0,0.0,0.0,0,0,0,0.0,0.0,0.0,0.0,0.0,0.0,0.0,0.0,0.0,0.0,0.0,0.0,0.0,0.0,0.0,0.0,0,-107875648.0,69,0.0,138,0.0,0.0,0,0,17086,39322,17100,52429,17079,0,0,0,70,68,100,2.7302399002429377e+23,82.0,0.0,78.4,-107615464.0,78.5,1,49,50,180,52429,0,0,0,0.0,0.0,0.0,0.0,-0.0,67.0,0.0,162057.094,0.0,974,0,1000,0,0,0,950,0,1023,0,919,0,789,0,780,0,822,0,7520,0.032,7.061644215716938e+19,0.0,0.0,784,16797,-0.0,162057.094,-114818.039,-0.0,0.133,6.909358625270745e+28,30.0,70.0,35,0.0,0.0,0.0,0.0,0.0,0.0,0.0,0.0,0.0,0.0,0.0,0.0,0.0,0.0,0.0,0.0,66.8,0,150,71,51,65476,0,300,0,0,8,20529,65476,0,0,44564,70.0,0.0,0.0,0.0,0.0,0.0
2026-09-10T21:36:26,ERR,ERR,ERR,ERR,ERR,ERR,ERR,ERR,ERR,ERR,ERR,ERR,ERR,ERR,ERR,ERR,ERR,ERR,ERR,ERR,ERR,ERR,ERR,ERR,ERR,ERR,ERR,ERR,ERR,ERR,ERR,ERR,ERR,ERR,ERR,ERR,ERR,ERR,ERR,ERR,ERR,ERR,ERR,ERR,ERR,ERR,ERR,ERR,ERR,ERR,ERR,ERR,ERR,ERR,ERR,ERR,ERR,ERR,ERR,ERR,ERR,ERR,ERR,ERR,ERR,ERR,ERR,ERR,ERR,ERR,ERR,ERR,ERR,ERR,ERR,ERR,ERR,ERR,ERR,ERR,ERR,ERR,ERR,ERR,ERR,ERR,ERR,ERR,ERR,ERR,ERR,ERR,ERR,ERR,ERR,ERR,ERR,ERR,ERR,ERR,ERR,ERR,ERR,ERR,ERR,ERR,ERR,ERR,ERR,ERR,ERR,ERR,ERR,ERR,ERR,ERR,ERR,ERR,ERR,ERR,ERR,ERR,ERR,ERR,ERR,0.0,0.0,2.6474835549302285e+23,0.0,0.0,1.3936040501711995e+18,7.805,0.0,0,0,4,0,7116,0.0,100,0.0,0.0,0.0,0.0,0.0,0,0,0,0,0.0,0,0,0,0,0,0,0,0,0,0,0,0,0,0,0,0,0,0,0,0,0,0,0,0,0,0,0,0,0,0,0,0,0,31,40,40,71,65476,0,300,0,0,8,21553,0.0,-107605600.0,0.0,0.0,0.0,0.0,0.0,0.0,0.0,0.0,0.0,0.0,0.0,0.0,0.0,0.0,0.0,0.0,0.0,0.0,0.0,0.0,-2.004,2.004,0.0,0.0,0.0,0.0,0.0,0.0,4498.0,-0.0,6935.0,0.0,0.0,0.0,-0.0,0.0,0.0,0.0,0.0,69,-3.222030068424997e+26,0.0,0.0,0.0,0.0,0.0,0.0,0.0,0.0,0,0,0,0.0,0.0,0.0,0.0,0.0,0.0,0.0,0.0,0.0,0.0,0.0,0.0,0.0,0.0,0.0,0.0,0,-107875648.0,69,0.0,138,0.0,0.0,0,0,17086,39322,17100,52429,17079,0,0,0,70,68,100,2.7302399002429377e+23,82.0,0.0,78.4,-107615464.0,78.5,1,49,50,180,52429,0,0,0,0.0,0.0,0.0,0.0,-0.0,67.0,0.0,162057.094,0.0,974,0,1000,0,0,0,950,0,1023,0,919,0,789,0,780,0,822,0,7520,0.032,7.061644215716938e+19,0.0,0.0,784,16797,-0.0,162057.094,-114818.039,-0.0,0.133,6.909358625270745e+28,30.0,70.0,35,0.0,0.0,0.0,0.0,0.0,0.0,0.0,0.0,0.0,0.0,0.0,0.0,0.0,0.0,0.0,0.0,66.8,0,150,71,51,65476,0,300,0,0,8,20529,65476,0,0,44564,70.0,0.0,0.0,0.0,0.0,0.0
2026-09-10T21:36:27,ERR,ERR,ERR,ERR,ERR,ERR,ERR,ERR,ERR,ERR,ERR,ERR,ERR,ERR,ERR,ERR,ERR,ERR,ERR,ERR,ERR,ERR,ERR,ERR,ERR,ERR,ERR,ERR,ERR,ERR,ERR,ERR,ERR,ERR,ERR,ERR,ERR,ERR,ERR,ERR,ERR,ERR,ERR,ERR,ERR,ERR,ERR,ERR,ERR,ERR,ERR,ERR,ERR,ERR,ERR,ERR,ERR,ERR,ERR,ERR,ERR,ERR,ERR,ERR,ERR,ERR,ERR,ERR,ERR,ERR,ERR,ERR,ERR,ERR,ERR,ERR,ERR,ERR,ERR,ERR,ERR,ERR,ERR,ERR,ERR,ERR,ERR,ERR,ERR,ERR,ERR,ERR,ERR,ERR,ERR,ERR,ERR,ERR,ERR,ERR,ERR,ERR,ERR,ERR,ERR,ERR,ERR,ERR,ERR,ERR,ERR,ERR,ERR,ERR,ERR,ERR,ERR,ERR,ERR,ERR,ERR,ERR,ERR,ERR,ERR,0.0,0.0,2.6474835549302285e+23,0.0,0.0,1.3936040501711995e+18,7.805,0.0,0,0,4,0,7116,0.0,100,0.0,0.0,0.0,0.0,0.0,0,0,0,0,0.0,0,0,0,0,0,0,0,0,0,0,0,0,0,0,0,0,0,0,0,0,0,0,0,0,0,0,0,0,0,0,0,0,0,31,40,40,71,65476,0,300,0,0,8,21553,0.0,-107605600.0,0.0,0.0,0.0,0.0,0.0,0.0,0.0,0.0,0.0,0.0,0.0,0.0,0.0,0.0,0.0,0.0,0.0,0.0,0.0,0.0,-2.004,2.004,0.0,0.0,0.0,0.0,0.0,0.0,4498.0,-0.0,6935.0,0.0,0.0,0.0,-0.0,0.0,0.0,0.0,0.0,69,-3.222030068424997e+26,0.0,0.0,0.0,0.0,0.0,0.0,0.0,0.0,0,0,0,0.0,0.0,0.0,0.0,0.0,0.0,0.0,0.0,0.0,0.0,0.0,0.0,0.0,0.0,0.0,0.0,0,-107875648.0,69,0.0,138,0.0,0.0,0,0,17086,39322,17100,52429,17079,0,0,0,70,68,100,2.7302399002429377e+23,82.0,0.0,78.4,-107615464.0,78.5,1,49,50,180,52429,0,0,0,0.0,0.0,0.0,0.0,-0.0,67.0,0.0,162057.094,0.0,974,0,1000,0,0,0,950,0,1023,0,919,0,789,0,780,0,822,0,7520,0.032,7.090467253332109e+19,0.0,0.0,784,16797,-0.0,162057.094,-114818.039,-0.0,0.133,6.909358625270745e+28,30.0,70.0,35,0.0,0.0,0.0,0.0,0.0,0.0,0.0,0.0,0.0,0.0,0.0,0.0,0.0,0.0,0.0,0.0,66.8,0,150,71,51,65476,0,300,0,0,8,20529,65476,0,0,44564,70.0,0.0,0.0,0.0,0.0,0.0
2026-09-10T21:36:28,ERR,ERR,ERR,ERR,ERR,ERR,ERR,ERR,ERR,ERR,ERR,ERR,ERR,ERR,ERR,ERR,ERR,ERR,ERR,ERR,ERR,ERR,ERR,ERR,ERR,ERR,ERR,ERR,ERR,ERR,ERR,ERR,ERR,ERR,ERR,ERR,ERR,ERR,ERR,ERR,ERR,ERR,ERR,ERR,ERR,ERR,ERR,ERR,ERR,ERR,ERR,ERR,ERR,ERR,ERR,ERR,ERR,ERR,ERR,ERR,ERR,ERR,ERR,ERR,ERR,ERR,ERR,ERR,ERR,ERR,ERR,ERR,ERR,ERR,ERR,ERR,ERR,ERR,ERR,ERR,ERR,ERR,ERR,ERR,ERR,ERR,ERR,ERR,ERR,ERR,ERR,ERR,ERR,ERR,ERR,ERR,ERR,ERR,ERR,ERR,ERR,ERR,ERR,ERR,ERR,ERR,ERR,ERR,ERR,ERR,ERR,ERR,ERR,ERR,ERR,ERR,ERR,ERR,ERR,ERR,ERR,ERR,ERR,ERR,ERR,0.0,0.0,2.6474835549302285e+23,0.0,0.0,1.3936040501711995e+18,7.805,0.0,0,0,4,0,7116,0.0,100,0.0,0.0,0.0,0.0,0.0,0,0,0,0,0.0,0,0,0,0,0,0,0,0,0,0,0,0,0,0,0,0,0,0,0,0,0,0,0,0,0,0,0,0,0,0,0,0,0,31,40,40,71,65476,0,300,0,0,8,21553,0.0,-107605600.0,0.0,0.0,0.0,0.0,0.0,0.0,0.0,0.0,0.0,0.0,0.0,0.0,0.0,0.0,0.0,0.0,0.0,0.0,0.0,0.0,-2.004,2.004,0.0,0.0,0.0,0.0,0.0,0.0,4498.0,-0.0,6935.0,0.0,0.0,0.0,-0.0,0.0,0.0,0.0,0.0,69,-3.222030068424997e+26,0.0,0.0,0.0,0.0,0.0,0.0,0.0,0.0,0,0,0,0.0,0.0,0.0,0.0,0.0,0.0,0.0,0.0,0.0,0.0,0.0,0.0,0.0,0.0,0.0,0.0,0,-107875648.0,69,0.0,138,0.0,0.0,0,0,17086,39322,17100,52429,17079,0,0,0,70,68,100,2.7302399002429377e+23,82.0,0.0,78.4,-107615464.0,78.5,1,49,50,180,52429,0,0,0,0.0,0.0,0.0,0.0,-0.0,67.0,0.0,162057.094,0.0,974,0,1000,0,0,0,950,0,1023,0,919,0,789,0,780,0,822,0,7520,0.032,7.090467253332109e+19,0.0,0.0,784,16797,-0.0,162057.094,-114818.039,-0.0,0.133,6.909358625270745e+28,30.0,70.0,35,0.0,0.0,0.0,0.0,0.0,0.0,0.0,0.0,0.0,0.0,0.0,0.0,0.0,0.0,0.0,0.0,66.4,0,150,71,51,65476,0,300,0,0,8,20529,65476,0,0,44564,70.0,0.0,0.0,0.0,0.0,0.0
2026-09-10T21:36:29,ERR,ERR,ERR,ERR,ERR,ERR,ERR,ERR,ERR,ERR,ERR,ERR,ERR,ERR,ERR,ERR,ERR,ERR,ERR,ERR,ERR,ERR,ERR,ERR,ERR,ERR,ERR,ERR,ERR,ERR,ERR,ERR,ERR,ERR,ERR,ERR,ERR,ERR,ERR,ERR,ERR,ERR,ERR,ERR,ERR,ERR,ERR,ERR,ERR,ERR,ERR,ERR,ERR,ERR,ERR,ERR,ERR,ERR,ERR,ERR,ERR,ERR,ERR,ERR,ERR,ERR,ERR,ERR,ERR,ERR,ERR,ERR,ERR,ERR,ERR,ERR,ERR,ERR,ERR,ERR,ERR,ERR,ERR,ERR,ERR,ERR,ERR,ERR,ERR,ERR,ERR,ERR,ERR,ERR,ERR,ERR,ERR,ERR,ERR,ERR,ERR,ERR,ERR,ERR,ERR,ERR,ERR,ERR,ERR,ERR,ERR,ERR,ERR,ERR,ERR,ERR,ERR,ERR,ERR,ERR,ERR,ERR,ERR,ERR,ERR,0.0,0.0,2.6474835549302285e+23,0.0,0.0,1.3936040501711995e+18,7.805,0.0,0,0,4,0,7116,0.0,100,0.0,0.0,0.0,0.0,0.0,0,0,0,0,0.0,0,0,0,0,0,0,0,0,0,0,0,0,0,0,0,0,0,0,0,0,0,0,0,0,0,0,0,0,0,0,0,0,0,31,40,40,71,65476,0,300,0,0,8,21553,0.0,-107605600.0,0.0,0.0,0.0,0.0,0.0,0.0,0.0,0.0,0.0,0.0,0.0,0.0,0.0,0.0,0.0,0.0,0.0,0.0,0.0,0.0,-2.004,2.004,0.0,0.0,0.0,0.0,0.0,0.0,4498.0,-0.0,6935.0,0.0,0.0,0.0,-0.0,0.0,0.0,0.0,0.0,69,-3.222030068424997e+26,0.0,0.0,0.0,0.0,0.0,0.0,0.0,0.0,0,0,0,0.0,0.0,0.0,0.0,0.0,0.0,0.0,0.0,0.0,0.0,0.0,0.0,0.0,0.0,0.0,0.0,0,-107875648.0,69,0.0,138,0.0,0.0,0,0,17086,39322,17100,52429,17079,0,0,0,70,68,100,2.7302399002429377e+23,82.0,0.0,78.4,-107615464.0,78.5,1,49,50,180,52429,0,0,0,0.0,0.0,0.0,0.0,-0.0,67.0,0.0,162057.094,0.0,974,0,1000,0,0,0,950,0,1023,0,919,0,789,0,780,0,822,0,7520,0.032,7.090467253332109e+19,0.0,0.0,784,16797,-0.0,162057.094,-114818.039,-0.0,0.133,6.909358625270745e+28,30.0,70.0,35,0.0,0.0,0.0,0.0,0.0,0.0,0.0,0.0,0.0,0.0,0.0,0.0,0.0,0.0,0.0,0.0,66.4,0,150,71,51,65476,0,300,0,0,8,20529,65476,0,0,44564,70.0,0.0,0.0,0.0,0.0,0.0
2026-09-10T21:36:30,ERR,ERR,ERR,ERR,ERR,ERR,ERR,ERR,ERR,ERR,ERR,ERR,ERR,ERR,ERR,ERR,ERR,ERR,ERR,ERR,ERR,ERR,ERR,ERR,ERR,ERR,ERR,ERR,ERR,ERR,ERR,ERR,ERR,ERR,ERR,ERR,ERR,ERR,ERR,ERR,ERR,ERR,ERR,ERR,ERR,ERR,ERR,ERR,ERR,ERR,ERR,ERR,ERR,ERR,ERR,ERR,ERR,ERR,ERR,ERR,ERR,ERR,ERR,ERR,ERR,ERR,ERR,ERR,ERR,ERR,ERR,ERR,ERR,ERR,ERR,ERR,ERR,ERR,ERR,ERR,ERR,ERR,ERR,ERR,ERR,ERR,ERR,ERR,ERR,ERR,ERR,ERR,ERR,ERR,ERR,ERR,ERR,ERR,ERR,ERR,ERR,ERR,ERR,ERR,ERR,ERR,ERR,ERR,ERR,ERR,ERR,ERR,ERR,ERR,ERR,ERR,ERR,ERR,ERR,ERR,ERR,ERR,ERR,ERR,ERR,0.0,0.0,2.6474835549302285e+23,0.0,0.0,1.3936040501711995e+18,7.805,0.0,0,0,4,0,7116,0.0,100,0.0,0.0,0.0,0.0,0.0,0,0,0,0,0.0,0,0,0,0,0,0,0,0,0,0,0,0,0,0,0,0,0,0,0,0,0,0,0,0,0,0,0,0,0,0,0,0,0,31,40,40,71,65476,0,300,0,0,8,21553,0.0,-107605600.0,0.0,0.0,0.0,0.0,0.0,0.0,0.0,0.0,0.0,0.0,0.0,0.0,0.0,0.0,0.0,0.0,0.0,0.0,0.0,0.0,-2.004,2.004,0.0,0.0,0.0,0.0,0.0,0.0,4498.0,-0.0,6935.0,0.0,0.0,0.0,-0.0,0.0,0.0,0.0,0.0,69,-3.222030068424997e+26,0.0,0.0,0.0,0.0,0.0,0.0,0.0,0.0,0,0,0,0.0,0.0,0.0,0.0,0.0,0.0,0.0,0.0,0.0,0.0,0.0,0.0,0.0,0.0,0.0,0.0,0,-107875648.0,69,0.0,138,0.0,0.0,0,0,17086,39322,17100,52429,17079,0,0,0,70,68,100,2.7302399002429377e+23,82.0,0.0,78.4,-107615464.0,78.5,1,49,50,180,52429,0,0,0,0.0,0.0,0.0,0.0,-0.0,67.0,0.0,162057.094,0.0,974,0,1000,0,0,0,950,0,1023,0,919,0,789,0,780,0,822,0,7520,0.032,7.090467253332109e+19,0.0,0.0,784,16797,-0.0,162057.094,-114818.039,-0.0,0.133,6.909358625270745e+28,30.0,70.0,35,0.0,0.0,0.0,0.0,0.0,0.0,0.0,0.0,0.0,0.0,0.0,0.0,0.0,0.0,0.0,0.0,66.4,0,150,71,51,65476,0,300,0,0,8,20529,65476,0,0,44564,70.0,0.0,0.0,0.0,0.0,0.0
2026-09-10T21:36:31,ERR,ERR,ERR,ERR,ERR,ERR,ERR,ERR,ERR,ERR,ERR,ERR,ERR,ERR,ERR,ERR,ERR,ERR,ERR,ERR,ERR,ERR,ERR,ERR,ERR,ERR,ERR,ERR,ERR,ERR,ERR,ERR,ERR,ERR,ERR,ERR,ERR,ERR,ERR,ERR,ERR,ERR,ERR,ERR,ERR,ERR,ERR,ERR,ERR,ERR,ERR,ERR,ERR,ERR,ERR,ERR,ERR,ERR,ERR,ERR,ERR,ERR,ERR,ERR,ERR,ERR,ERR,ERR,ERR,ERR,ERR,ERR,ERR,ERR,ERR,ERR,ERR,ERR,ERR,ERR,ERR,ERR,ERR,ERR,ERR,ERR,ERR,ERR,ERR,ERR,ERR,ERR,ERR,ERR,ERR,ERR,ERR,ERR,ERR,ERR,ERR,ERR,ERR,ERR,ERR,ERR,ERR,ERR,ERR,ERR,ERR,ERR,ERR,ERR,ERR,ERR,ERR,ERR,ERR,ERR,ERR,ERR,ERR,ERR,ERR,0.0,0.0,2.6474835549302285e+23,0.0,0.0,1.3936040501711995e+18,7.805,0.0,0,0,4,0,7116,0.0,100,0.0,0.0,0.0,0.0,0.0,0,0,0,0,0.0,0,0,0,0,0,0,0,0,0,0,0,0,0,0,0,0,0,0,0,0,0,0,0,0,0,0,0,0,0,0,0,0,0,31,40,40,71,65476,0,300,0,0,8,21553,0.0,-107605600.0,0.0,0.0,0.0,0.0,0.0,0.0,0.0,0.0,0.0,0.0,0.0,0.0,0.0,0.0,0.0,0.0,0.0,0.0,0.0,0.0,-2.004,2.004,0.0,0.0,0.0,0.0,0.0,0.0,4498.0,-0.0,6935.0,0.0,0.0,0.0,-0.0,0.0,0.0,0.0,0.0,69,-3.222030068424997e+26,0.0,0.0,0.0,0.0,0.0,0.0,0.0,0.0,0,0,0,0.0,0.0,0.0,0.0,0.0,0.0,0.0,0.0,0.0,0.0,0.0,0.0,0.0,0.0,0.0,0.0,0,-107875648.0,69,0.0,138,0.0,0.0,0,0,17086,39322,17100,52429,17079,0,0,0,70,68,100,2.7302399002429377e+23,82.0,0.0,78.4,-107615464.0,78.5,1,49,50,180,52429,0,0,0,0.0,0.0,0.0,0.0,-0.0,67.0,0.0,162057.094,0.0,974,0,1000,0,0,0,950,0,1023,0,919,0,789,0,780,0,822,0,7520,0.032,7.090467253332109e+19,0.0,0.0,784,16797,-0.0,162057.094,-114818.039,-0.0,0.133,6.909358625270745e+28,30.0,70.0,35,0.0,0.0,0.0,0.0,0.0,0.0,0.0,0.0,0.0,0.0,0.0,0.0,0.0,0.0,0.0,0.0,66.4,0,150,71,51,65476,0,300,0,0,8,20529,65476,0,0,44564,70.0,0.0,0.0,0.0,0.0,0.0
2026-09-10T21:36:32,ERR,ERR,ERR,ERR,ERR,ERR,ERR,ERR,ERR,ERR,ERR,ERR,ERR,ERR,ERR,ERR,ERR,ERR,ERR,ERR,ERR,ERR,ERR,ERR,ERR,ERR,ERR,ERR,ERR,ERR,ERR,ERR,ERR,ERR,ERR,ERR,ERR,ERR,ERR,ERR,ERR,ERR,ERR,ERR,ERR,ERR,ERR,ERR,ERR,ERR,ERR,ERR,ERR,ERR,ERR,ERR,ERR,ERR,ERR,ERR,ERR,ERR,ERR,ERR,ERR,ERR,ERR,ERR,ERR,ERR,ERR,ERR,ERR,ERR,ERR,ERR,ERR,ERR,ERR,ERR,ERR,ERR,ERR,ERR,ERR,ERR,ERR,ERR,ERR,ERR,ERR,ERR,ERR,ERR,ERR,ERR,ERR,ERR,ERR,ERR,ERR,ERR,ERR,ERR,ERR,ERR,ERR,ERR,ERR,ERR,ERR,ERR,ERR,ERR,ERR,ERR,ERR,ERR,ERR,ERR,ERR,ERR,ERR,ERR,ERR,0.0,0.0,2.6474835549302285e+23,0.0,0.0,1.3936040501711995e+18,7.805,0.0,0,0,4,0,7116,0.0,100,0.0,0.0,0.0,0.0,0.0,0,0,0,0,0.0,0,0,0,0,0,0,0,0,0,0,0,0,0,0,0,0,0,0,0,0,0,0,0,0,0,0,0,0,0,0,0,0,0,31,40,40,71,65476,0,300,0,0,8,21553,0.0,-107605600.0,0.0,0.0,0.0,0.0,0.0,0.0,0.0,0.0,0.0,0.0,0.0,0.0,0.0,0.0,0.0,0.0,0.0,0.0,0.0,0.0,-2.004,2.004,0.0,0.0,0.0,0.0,0.0,0.0,4487.0,-0.0,6934.0,0.0,0.0,0.0,-0.0,0.0,0.0,0.0,0.0,69,-0.0,0.0,0.0,0.0,0.0,0.0,0.0,0.0,0.0,0,0,0,0.0,0.0,0.0,0.0,0.0,0.0,0.0,0.0,0.0,0.0,0.0,0.0,0.0,0.0,0.0,0.0,0,-107875648.0,69,0.0,138,0.0,0.0,0,0,17086,39322,17100,52429,17079,0,0,0,70,68,100,2.7302399002429377e+23,82.0,0.0,78.4,-107615464.0,78.5,1,49,50,180,52429,0,0,0,0.0,0.0,0.0,0.0,-0.0,67.0,0.0,162057.094,0.0,974,0,1000,0,0,0,950,0,1023,0,919,0,789,0,780,0,822,0,7520,0.032,7.090467253332109e+19,0.0,0.0,784,16797,-0.0,162057.094,-114818.039,-0.0,0.133,6.909358625270745e+28,30.0,70.0,35,0.0,0.0,0.0,0.0,0.0,0.0,0.0,0.0,0.0,0.0,0.0,0.0,0.0,0.0,0.0,0.0,66.4,0,150,71,51,65476,0,300,0,0,8,20529,65476,0,0,44564,70.0,0.0,0.0,0.0,0.0,0.0
2026-09-10T21:36:33,ERR,ERR,ERR,ERR,ERR,ERR,ERR,ERR,ERR,ERR,ERR,ERR,ERR,ERR,ERR,ERR,ERR,ERR,ERR,ERR,ERR,ERR,ERR,ERR,ERR,ERR,ERR,ERR,ERR,ERR,ERR,ERR,ERR,ERR,ERR,ERR,ERR,ERR,ERR,ERR,ERR,ERR,ERR,ERR,ERR,ERR,ERR,ERR,ERR,ERR,ERR,ERR,ERR,ERR,ERR,ERR,ERR,ERR,ERR,ERR,ERR,ERR,ERR,ERR,ERR,ERR,ERR,ERR,ERR,ERR,ERR,ERR,ERR,ERR,ERR,ERR,ERR,ERR,ERR,ERR,ERR,ERR,ERR,ERR,ERR,ERR,ERR,ERR,ERR,ERR,ERR,ERR,ERR,ERR,ERR,ERR,ERR,ERR,ERR,ERR,ERR,ERR,ERR,ERR,ERR,ERR,ERR,ERR,ERR,ERR,ERR,ERR,ERR,ERR,ERR,ERR,ERR,ERR,ERR,ERR,ERR,ERR,ERR,ERR,ERR,0.0,0.0,2.6474835549302285e+23,0.0,0.0,1.3936040501711995e+18,7.805,0.0,0,0,4,0,7116,0.0,100,0.0,0.0,0.0,0.0,0.0,0,0,0,0,0.0,0,0,0,0,0,0,0,0,0,0,0,0,0,0,0,0,0,0,0,0,0,0,0,0,0,0,0,0,0,0,0,0,0,31,40,40,71,65476,0,300,0,0,8,21553,0.0,-107605600.0,0.0,0.0,0.0,0.0,0.0,0.0,0.0,0.0,0.0,0.0,0.0,0.0,0.0,0.0,0.0,0.0,0.0,0.0,0.0,0.0,-2.004,2.004,0.0,0.0,0.0,0.0,0.0,0.0,4487.0,-0.0,6934.0,0.0,0.0,0.0,-0.0,0.0,0.0,0.0,0.0,69,-0.0,0.0,0.0,0.0,0.0,0.0,0.0,0.0,0.0,0,0,0,0.0,0.0,0.0,0.0,0.0,0.0,0.0,0.0,0.0,0.0,0.0,0.0,0.0,0.0,0.0,0.0,0,-107875648.0,69,0.0,138,0.0,0.0,0,52429,17085,39322,17100,52429,17079,0,0,0,70,68,100,0.0,82.0,0.0,78.4,-107615464.0,78.5,1,49,50,180,52429,0,0,0,0.0,0.0,0.0,0.0,-0.0,67.0,0.0,162057.094,0.0,974,0,1000,0,0,0,950,0,1023,0,919,0,789,0,780,0,822,0,7520,0.032,7.061644215716938e+19,0.0,0.0,784,16797,-0.0,162057.094,-114818.039,-0.0,0.133,6.909358625270745e+28,30.0,70.0,35,0.0,0.0,0.0,0.0,0.0,0.0,0.0,0.0,0.0,0.0,0.0,0.0,0.0,0.0,0.0,0.0,66.8,0,150,71,51,65476,0,300,0,0,8,20529,65476,0,0,44564,70.0,0.0,0.0,0.0,0.0,0.0
2026-09-10T21:36:34,ERR,ERR,ERR,ERR,ERR,ERR,ERR,ERR,ERR,ERR,ERR,ERR,ERR,ERR,ERR,ERR,ERR,ERR,ERR,ERR,ERR,ERR,ERR,ERR,ERR,ERR,ERR,ERR,ERR,ERR,ERR,ERR,ERR,ERR,ERR,ERR,ERR,ERR,ERR,ERR,ERR,ERR,ERR,ERR,ERR,ERR,ERR,ERR,ERR,ERR,ERR,ERR,ERR,ERR,ERR,ERR,ERR,ERR,ERR,ERR,ERR,ERR,ERR,ERR,ERR,ERR,ERR,ERR,ERR,ERR,ERR,ERR,ERR,ERR,ERR,ERR,ERR,ERR,ERR,ERR,ERR,ERR,ERR,ERR,ERR,ERR,ERR,ERR,ERR,ERR,ERR,ERR,ERR,ERR,ERR,ERR,ERR,ERR,ERR,ERR,ERR,ERR,ERR,ERR,ERR,ERR,ERR,ERR,ERR,ERR,ERR,ERR,ERR,ERR,ERR,ERR,ERR,ERR,ERR,ERR,ERR,ERR,ERR,ERR,ERR,0.0,0.0,2.6474835549302285e+23,0.0,0.0,1.3936040501711995e+18,7.805,0.0,0,0,4,0,7116,0.0,100,0.0,0.0,0.0,0.0,0.0,0,0,0,0,0.0,0,0,0,0,0,0,0,0,0,0,0,0,0,0,0,0,0,0,0,0,0,0,0,0,0,0,0,0,0,0,0,0,0,31,40,40,71,65476,0,300,0,0,8,21553,0.0,-107605600.0,0.0,0.0,0.0,0.0,0.0,0.0,0.0,0.0,0.0,0.0,0.0,0.0,0.0,0.0,0.0,0.0,0.0,0.0,0.0,0.0,-2.004,2.004,0.0,0.0,0.0,0.0,0.0,0.0,4487.0,-0.0,6934.0,0.0,0.0,0.0,-0.0,0.0,0.0,0.0,0.0,69,-0.0,0.0,0.0,0.0,0.0,0.0,0.0,0.0,0.0,0,0,0,0.0,0.0,0.0,0.0,0.0,0.0,0.0,0.0,0.0,0.0,0.0,0.0,0.0,0.0,0.0,0.0,0,-107875648.0,69,0.0,138,0.0,0.0,0,52429,17085,39322,17100,52429,17079,0,0,0,70,68,100,0.0,82.0,0.0,78.4,-107615464.0,78.5,1,49,50,180,52429,0,0,0,0.0,0.0,0.0,0.0,-0.0,67.0,0.0,162057.094,0.0,974,0,1000,0,0,0,950,0,1023,0,919,0,789,0,780,0,822,0,7520,0.032,7.061644215716938e+19,0.0,0.0,784,16797,-0.0,162057.094,-114818.039,-0.0,0.133,6.909358625270745e+28,30.0,70.0,35,0.0,0.0,0.0,0.0,0.0,0.0,0.0,0.0,0.0,0.0,0.0,0.0,0.0,0.0,0.0,0.0,66.8,0,150,71,51,65476,0,300,0,0,8,20529,65476,0,0,44564,70.0,0.0,0.0,0.0,0.0,0.0
2026-09-10T21:36:35,ERR,ERR,ERR,ERR,ERR,ERR,ERR,ERR,ERR,ERR,ERR,ERR,ERR,ERR,ERR,ERR,ERR,ERR,ERR,ERR,ERR,ERR,ERR,ERR,ERR,ERR,ERR,ERR,ERR,ERR,ERR,ERR,ERR,ERR,ERR,ERR,ERR,ERR,ERR,ERR,ERR,ERR,ERR,ERR,ERR,ERR,ERR,ERR,ERR,ERR,ERR,ERR,ERR,ERR,ERR,ERR,ERR,ERR,ERR,ERR,ERR,ERR,ERR,ERR,ERR,ERR,ERR,ERR,ERR,ERR,ERR,ERR,ERR,ERR,ERR,ERR,ERR,ERR,ERR,ERR,ERR,ERR,ERR,ERR,ERR,ERR,ERR,ERR,ERR,ERR,ERR,ERR,ERR,ERR,ERR,ERR,ERR,ERR,ERR,ERR,ERR,ERR,ERR,ERR,ERR,ERR,ERR,ERR,ERR,ERR,ERR,ERR,ERR,ERR,ERR,ERR,ERR,ERR,ERR,ERR,ERR,ERR,ERR,ERR,ERR,0.0,0.0,2.6474835549302285e+23,0.0,0.0,1.3936040501711995e+18,7.805,0.0,0,0,4,0,7116,0.0,100,0.0,0.0,0.0,0.0,0.0,0,0,0,0,0.0,0,0,0,0,0,0,0,0,0,0,0,0,0,0,0,0,0,0,0,0,0,0,0,0,0,0,0,0,0,0,0,0,0,31,40,40,71,65476,0,300,0,0,8,21553,0.0,-107605600.0,0.0,0.0,0.0,0.0,0.0,0.0,0.0,0.0,0.0,0.0,0.0,0.0,0.0,0.0,0.0,0.0,0.0,0.0,0.0,0.0,-2.004,2.004,0.0,0.0,0.0,0.0,0.0,0.0,4487.0,-0.0,6934.0,0.0,0.0,0.0,-0.0,0.0,0.0,0.0,0.0,69,-0.0,0.0,0.0,0.0,0.0,0.0,0.0,0.0,0.0,0,0,0,0.0,0.0,0.0,0.0,0.0,0.0,0.0,0.0,0.0,0.0,0.0,0.0,0.0,0.0,0.0,0.0,0,-107875648.0,69,0.0,138,0.0,0.0,0,52429,17085,39322,17100,52429,17079,0,0,0,70,68,100,0.0,82.0,0.0,78.4,-107615464.0,78.5,1,49,50,180,52429,0,0,0,0.0,0.0,0.0,0.0,-0.0,67.0,0.0,162057.094,0.0,974,0,1000,0,0,0,950,0,1023,0,919,0,789,0,780,0,822,0,7520,0.032,7.061644215716938e+19,0.0,0.0,784,16797,-0.0,162057.094,-114818.039,-0.0,0.133,6.909358625270745e+28,30.0,70.0,35,0.0,0.0,0.0,0.0,0.0,0.0,0.0,0.0,0.0,0.0,0.0,0.0,0.0,0.0,0.0,0.0,66.4,0,150,71,51,65476,0,300,0,0,8,20529,65476,0,0,44564,70.0,0.0,0.0,0.0,0.0,0.0
2026-09-10T21:36:36,ERR,ERR,ERR,ERR,ERR,ERR,ERR,ERR,ERR,ERR,ERR,ERR,ERR,ERR,ERR,ERR,ERR,ERR,ERR,ERR,ERR,ERR,ERR,ERR,ERR,ERR,ERR,ERR,ERR,ERR,ERR,ERR,ERR,ERR,ERR,ERR,ERR,ERR,ERR,ERR,ERR,ERR,ERR,ERR,ERR,ERR,ERR,ERR,ERR,ERR,ERR,ERR,ERR,ERR,ERR,ERR,ERR,ERR,ERR,ERR,ERR,ERR,ERR,ERR,ERR,ERR,ERR,ERR,ERR,ERR,ERR,ERR,ERR,ERR,ERR,ERR,ERR,ERR,ERR,ERR,ERR,ERR,ERR,ERR,ERR,ERR,ERR,ERR,ERR,ERR,ERR,ERR,ERR,ERR,ERR,ERR,ERR,ERR,ERR,ERR,ERR,ERR,ERR,ERR,ERR,ERR,ERR,ERR,ERR,ERR,ERR,ERR,ERR,ERR,ERR,ERR,ERR,ERR,ERR,ERR,ERR,ERR,ERR,ERR,ERR,0.0,0.0,2.6474835549302285e+23,0.0,0.0,1.3936040501711995e+18,7.805,0.0,0,0,4,0,7116,0.0,100,0.0,0.0,0.0,0.0,0.0,0,0,0,0,0.0,0,0,0,0,0,0,0,0,0,0,0,0,0,0,0,0,0,0,0,0,0,0,0,0,0,0,0,0,0,0,0,0,0,31,40,40,71,65476,0,300,0,0,8,21553,0.0,-107605600.0,0.0,0.0,0.0,0.0,0.0,0.0,0.0,0.0,0.0,0.0,0.0,0.0,0.0,0.0,0.0,0.0,0.0,0.0,0.0,0.0,-2.004,2.004,0.0,0.0,0.0,0.0,0.0,0.0,4487.0,-0.0,6934.0,0.0,0.0,0.0,-0.0,0.0,0.0,0.0,0.0,69,-0.0,0.0,0.0,0.0,0.0,0.0,0.0,0.0,0.0,0,0,0,0.0,0.0,0.0,0.0,0.0,0.0,0.0,0.0,0.0,0.0,0.0,0.0,0.0,0.0,0.0,0.0,0,-107875648.0,69,0.0,138,0.0,0.0,0,52429,17085,39322,17100,52429,17079,0,0,0,70,68,100,0.0,82.0,0.0,78.4,-107615464.0,78.5,1,49,50,180,52429,0,0,0,0.0,0.0,0.0,0.0,-0.0,67.0,0.0,162057.094,0.0,974,0,1000,0,0,0,950,0,1023,0,919,0,789,0,780,0,822,0,7520,0.032,7.061644215716938e+19,0.0,0.0,784,16797,-0.0,162057.094,-114818.039,-0.0,0.133,6.909358625270745e+28,30.0,70.0,35,0.0,0.0,0.0,0.0,0.0,0.0,0.0,0.0,0.0,0.0,0.0,0.0,0.0,0.0,0.0,0.0,66.4,0,150,71,51,65476,0,300,0,0,8,20529,65476,0,0,44564,70.0,0.0,0.0,0.0,0.0,0.0
2026-09-10T21:36:37,ERR,ERR,ERR,ERR,ERR,ERR,ERR,ERR,ERR,ERR,ERR,ERR,ERR,ERR,ERR,ERR,ERR,ERR,ERR,ERR,ERR,ERR,ERR,ERR,ERR,ERR,ERR,ERR,ERR,ERR,ERR,ERR,ERR,ERR,ERR,ERR,ERR,ERR,ERR,ERR,ERR,ERR,ERR,ERR,ERR,ERR,ERR,ERR,ERR,ERR,ERR,ERR,ERR,ERR,ERR,ERR,ERR,ERR,ERR,ERR,ERR,ERR,ERR,ERR,ERR,ERR,ERR,ERR,ERR,ERR,ERR,ERR,ERR,ERR,ERR,ERR,ERR,ERR,ERR,ERR,ERR,ERR,ERR,ERR,ERR,ERR,ERR,ERR,ERR,ERR,ERR,ERR,ERR,ERR,ERR,ERR,ERR,ERR,ERR,ERR,ERR,ERR,ERR,ERR,ERR,ERR,ERR,ERR,ERR,ERR,ERR,ERR,ERR,ERR,ERR,ERR,ERR,ERR,ERR,ERR,ERR,ERR,ERR,ERR,ERR,0.0,0.0,2.6474835549302285e+23,0.0,0.0,1.3936040501711995e+18,7.805,0.0,0,0,4,0,7116,0.0,100,0.0,0.0,0.0,0.0,0.0,0,0,0,0,0.0,0,0,0,0,0,0,0,0,0,0,0,0,0,0,0,0,0,0,0,0,0,0,0,0,0,0,0,0,0,0,0,0,0,31,40,40,71,65476,0,300,0,0,8,21553,0.0,-107605600.0,0.0,0.0,0.0,0.0,0.0,0.0,0.0,0.0,0.0,0.0,0.0,0.0,0.0,0.0,0.0,0.0,0.0,0.0,0.0,0.0,-2.004,2.004,0.0,0.0,0.0,0.0,0.0,0.0,4487.0,-0.0,6934.0,0.0,0.0,0.0,-0.0,0.0,0.0,0.0,0.0,69,-0.0,0.0,0.0,0.0,0.0,0.0,0.0,0.0,0.0,0,0,0,0.0,0.0,0.0,0.0,0.0,0.0,0.0,0.0,0.0,0.0,0.0,0.0,0.0,0.0,0.0,0.0,0,-107875648.0,69,0.0,138,0.0,0.0,0,52429,17085,39322,17100,52429,17079,0,0,0,70,68,100,0.0,82.0,0.0,78.4,-107615464.0,78.5,1,49,50,180,52429,0,0,0,0.0,0.0,0.0,0.0,-0.0,67.0,0.0,162057.094,0.0,974,0,1000,0,0,0,950,0,1023,0,919,0,789,0,780,0,822,0,7520,0.032,7.061644215716938e+19,0.0,0.0,784,16797,-0.0,162057.094,-114818.039,-0.0,0.133,6.909358625270745e+28,30.0,70.0,35,0.0,0.0,0.0,0.0,0.0,0.0,0.0,0.0,0.0,0.0,0.0,0.0,0.0,0.0,0.0,0.0,66.4,0,150,71,51,65476,0,300,0,0,8,20529,65476,0,0,44564,70.0,0.0,0.0,0.0,0.0,0.0
2026-09-10T21:36:38,ERR,ERR,ERR,ERR,ERR,ERR,ERR,ERR,ERR,ERR,ERR,ERR,ERR,ERR,ERR,ERR,ERR,ERR,ERR,ERR,ERR,ERR,ERR,ERR,ERR,ERR,ERR,ERR,ERR,ERR,ERR,ERR,ERR,ERR,ERR,ERR,ERR,ERR,ERR,ERR,ERR,ERR,ERR,ERR,ERR,ERR,ERR,ERR,ERR,ERR,ERR,ERR,ERR,ERR,ERR,ERR,ERR,ERR,ERR,ERR,ERR,ERR,ERR,ERR,ERR,ERR,ERR,ERR,ERR,ERR,ERR,ERR,ERR,ERR,ERR,ERR,ERR,ERR,ERR,ERR,ERR,ERR,ERR,ERR,ERR,ERR,ERR,ERR,ERR,ERR,ERR,ERR,ERR,ERR,ERR,ERR,ERR,ERR,ERR,ERR,ERR,ERR,ERR,ERR,ERR,ERR,ERR,ERR,ERR,ERR,ERR,ERR,ERR,ERR,ERR,ERR,ERR,ERR,ERR,ERR,ERR,ERR,ERR,ERR,ERR,0.0,0.0,2.6474835549302285e+23,0.0,0.0,1.3936040501711995e+18,7.805,0.0,0,0,4,0,7116,0.0,100,0.0,0.0,0.0,0.0,0.0,0,0,0,0,0.0,0,0,0,0,0,0,0,0,0,0,0,0,0,0,0,0,0,0,0,0,0,0,0,0,0,0,0,0,0,0,0,0,0,31,40,40,71,65476,0,300,0,0,8,21553,0.0,-107605600.0,0.0,0.0,0.0,0.0,0.0,0.0,0.0,0.0,0.0,0.0,0.0,0.0,0.0,0.0,0.0,0.0,0.0,0.0,0.0,0.0,-2.004,2.004,0.0,0.0,0.0,0.0,0.0,0.0,4487.0,-0.0,6934.0,0.0,0.0,0.0,-0.0,0.0,0.0,0.0,0.0,69,-0.0,0.0,0.0,0.0,0.0,0.0,0.0,0.0,0.0,0,0,0,0.0,0.0,0.0,0.0,0.0,0.0,0.0,0.0,0.0,0.0,0.0,0.0,0.0,0.0,0.0,0.0,0,-107875648.0,69,0.0,138,0.0,0.0,0,52429,17085,39322,17100,52429,17079,0,0,0,70,68,100,0.0,82.0,0.0,78.4,-107615464.0,78.5,1,49,50,180,52429,0,0,0,0.0,0.0,0.0,0.0,-0.0,67.0,0.0,162057.094,0.0,974,0,1000,0,0,0,950,0,1023,0,919,0,789,0,780,0,822,0,7520,0.032,7.061644215716938e+19,0.0,0.0,784,16797,-0.0,162057.094,-114818.039,-0.0,0.133,6.909358625270745e+28,30.0,70.0,35,0.0,0.0,0.0,0.0,0.0,0.0,0.0,0.0,0.0,0.0,0.0,0.0,0.0,0.0,0.0,0.0,66.4,0,150,71,51,65476,0,300,0,0,8,20529,65476,0,0,44564,70.0,0.0,0.0,0.0,0.0,0.0
2026-09-10T21:36:39,ERR,ERR,ERR,ERR,ERR,ERR,ERR,ERR,ERR,ERR,ERR,ERR,ERR,ERR,ERR,ERR,ERR,ERR,ERR,ERR,ERR,ERR,ERR,ERR,ERR,ERR,ERR,ERR,ERR,ERR,ERR,ERR,ERR,ERR,ERR,ERR,ERR,ERR,ERR,ERR,ERR,ERR,ERR,ERR,ERR,ERR,ERR,ERR,ERR,ERR,ERR,ERR,ERR,ERR,ERR,ERR,ERR,ERR,ERR,ERR,ERR,ERR,ERR,ERR,ERR,ERR,ERR,ERR,ERR,ERR,ERR,ERR,ERR,ERR,ERR,ERR,ERR,ERR,ERR,ERR,ERR,ERR,ERR,ERR,ERR,ERR,ERR,ERR,ERR,ERR,ERR,ERR,ERR,ERR,ERR,ERR,ERR,ERR,ERR,ERR,ERR,ERR,ERR,ERR,ERR,ERR,ERR,ERR,ERR,ERR,ERR,ERR,ERR,ERR,ERR,ERR,ERR,ERR,ERR,ERR,ERR,ERR,ERR,ERR,ERR,0.0,0.0,2.6474835549302285e+23,0.0,0.0,1.3936040501711995e+18,7.805,0.0,0,0,4,0,7116,0.0,100,0.0,0.0,0.0,0.0,0.0,0,0,0,0,0.0,0,0,0,0,0,0,0,0,0,0,0,0,0,0,0,0,0,0,0,0,0,0,0,0,0,0,0,0,0,0,0,0,0,31,40,40,71,65476,0,300,0,0,8,21553,0.0,-107605600.0,0.0,0.0,0.0,0.0,0.0,0.0,0.0,0.0,0.0,0.0,0.0,0.0,0.0,0.0,0.0,0.0,0.0,0.0,0.0,0.0,-2.004,2.004,0.0,0.0,0.0,0.0,0.0,0.0,4487.0,-0.0,6934.0,0.0,0.0,0.0,-0.0,0.0,0.0,0.0,0.0,69,-0.0,0.0,0.0,0.0,0.0,0.0,0.0,0.0,0.0,0,0,0,0.0,0.0,0.0,0.0,0.0,0.0,0.0,0.0,0.0,0.0,0.0,0.0,0.0,0.0,0.0,0.0,0,-107875648.0,69,0.0,138,0.0,0.0,0,0,17086,39322,17100,52429,17079,0,0,0,70,68,100,2.7302399002429377e+23,82.0,0.0,78.4,-107615464.0,78.5,1,49,50,180,52429,0,0,0,0.0,0.0,0.0,0.0,-0.0,67.0,0.0,162057.094,0.0,974,0,1000,0,0,0,949,0,1023,0,919,0,789,0,780,0,822,0,7520,0.032,7.061644215716938e+19,0.0,0.0,784,16797,-0.0,162057.094,-114818.039,-0.0,0.133,6.909358625270745e+28,30.0,70.0,35,0.0,0.0,0.0,0.0,0.0,0.0,0.0,0.0,0.0,0.0,0.0,0.0,0.0,0.0,0.0,0.0,66.4,0,150,71,51,65476,0,300,0,0,8,20529,65476,0,0,44564,70.0,0.0,0.0,0.0,0.0,0.0
2026-09-10T21:36:40,ERR,ERR,ERR,ERR,ERR,ERR,ERR,ERR,ERR,ERR,ERR,ERR,ERR,ERR,ERR,ERR,ERR,ERR,ERR,ERR,ERR,ERR,ERR,ERR,ERR,ERR,ERR,ERR,ERR,ERR,ERR,ERR,ERR,ERR,ERR,ERR,ERR,ERR,ERR,ERR,ERR,ERR,ERR,ERR,ERR,ERR,ERR,ERR,ERR,ERR,ERR,ERR,ERR,ERR,ERR,ERR,ERR,ERR,ERR,ERR,ERR,ERR,ERR,ERR,ERR,ERR,ERR,ERR,ERR,ERR,ERR,ERR,ERR,ERR,ERR,ERR,ERR,ERR,ERR,ERR,ERR,ERR,ERR,ERR,ERR,ERR,ERR,ERR,ERR,ERR,ERR,ERR,ERR,ERR,ERR,ERR,ERR,ERR,ERR,ERR,ERR,ERR,ERR,ERR,ERR,ERR,ERR,ERR,ERR,ERR,ERR,ERR,ERR,ERR,ERR,ERR,ERR,ERR,ERR,ERR,ERR,ERR,ERR,ERR,ERR,0.0,0.0,0.0,0.0,0.0,1.3936040501711995e+18,7.805,0.0,0,0,4,0,7116,0.0,100,0.0,0.0,0.0,0.0,0.0,0,0,0,0,0.0,0,0,0,0,0,0,0,0,0,0,0,0,0,0,0,0,0,0,0,0,0,0,0,0,0,0,0,0,0,0,0,0,0,31,40,40,71,65476,0,300,0,0,8,21553,0.0,-107605600.0,0.0,0.0,0.0,0.0,0.0,0.0,0.0,0.0,0.0,0.0,0.0,0.0,0.0,0.0,0.0,0.0,0.0,0.0,0.0,0.0,-2.004,2.004,0.0,0.0,0.0,0.0,0.0,0.0,4489.0,-0.0,6934.0,0.0,0.0,0.0,-0.0,0.0,0.0,0.0,0.0,69,-107615376.0,0.0,0.0,0.0,0.0,0.0,0.0,0.0,0.0,0,0,0,0.0,0.0,0.0,0.0,0.0,0.0,0.0,0.0,0.0,0.0,0.0,0.0,0.0,0.0,0.0,0.0,0,-107875648.0,69,0.0,138,0.0,0.0,0,0,17086,39322,17100,52429,17079,0,0,0,70,68,100,2.7302399002429377e+23,82.0,0.0,78.4,-107615464.0,78.5,1,49,50,180,52429,0,0,0,0.0,0.0,0.0,0.0,-0.0,67.0,0.0,162057.094,0.0,974,0,1000,0,0,0,949,0,1023,0,919,0,789,0,780,0,822,0,7520,0.032,7.061644215716938e+19,0.0,0.0,784,16797,-0.0,162057.094,-114818.039,-0.0,0.133,6.909358625270745e+28,30.0,70.0,35,0.0,0.0,0.0,0.0,0.0,0.0,0.0,0.0,0.0,0.0,0.0,0.0,0.0,0.0,0.0,0.0,66.4,0,150,71,51,65476,0,300,0,0,8,20529,65476,0,0,44564,70.0,0.0,0.0,0.0,0.0,0.0
2026-09-10T21:36:41,ERR,ERR,ERR,ERR,ERR,ERR,ERR,ERR,ERR,ERR,ERR,ERR,ERR,ERR,ERR,ERR,ERR,ERR,ERR,ERR,ERR,ERR,ERR,ERR,ERR,ERR,ERR,ERR,ERR,ERR,ERR,ERR,ERR,ERR,ERR,ERR,ERR,ERR,ERR,ERR,ERR,ERR,ERR,ERR,ERR,ERR,ERR,ERR,ERR,ERR,ERR,ERR,ERR,ERR,ERR,ERR,ERR,ERR,ERR,ERR,ERR,ERR,ERR,ERR,ERR,ERR,ERR,ERR,ERR,ERR,ERR,ERR,ERR,ERR,ERR,ERR,ERR,ERR,ERR,ERR,ERR,ERR,ERR,ERR,ERR,ERR,ERR,ERR,ERR,ERR,ERR,ERR,ERR,ERR,ERR,ERR,ERR,ERR,ERR,ERR,ERR,ERR,ERR,ERR,ERR,ERR,ERR,ERR,ERR,ERR,ERR,ERR,ERR,ERR,ERR,ERR,ERR,ERR,ERR,ERR,ERR,ERR,ERR,ERR,ERR,0.0,0.0,0.0,0.0,0.0,1.3936040501711995e+18,7.805,0.0,0,0,4,0,7116,0.0,100,0.0,0.0,0.0,0.0,0.0,0,0,0,0,0.0,0,0,0,0,0,0,0,0,0,0,0,0,0,0,0,0,0,0,0,0,0,0,0,0,0,0,0,0,0,0,0,0,0,31,40,40,71,65476,0,300,0,0,8,21553,0.0,-107605600.0,0.0,0.0,0.0,0.0,0.0,0.0,0.0,0.0,0.0,0.0,0.0,0.0,0.0,0.0,0.0,0.0,0.0,0.0,0.0,0.0,-2.004,2.004,0.0,0.0,0.0,0.0,0.0,0.0,4489.0,-0.0,6934.0,0.0,0.0,0.0,-0.0,0.0,0.0,0.0,0.0,69,-107615376.0,0.0,0.0,0.0,0.0,0.0,0.0,0.0,0.0,0,0,0,0.0,0.0,0.0,0.0,0.0,0.0,0.0,0.0,0.0,0.0,0.0,0.0,0.0,0.0,0.0,0.0,0,-107875648.0,69,0.0,138,0.0,0.0,0,0,17086,39322,17100,52429,17079,0,0,0,70,68,100,2.7302399002429377e+23,82.0,0.0,78.4,-107615464.0,78.5,1,49,50,180,52429,0,0,0,0.0,0.0,0.0,0.0,-0.0,67.0,0.0,162057.094,0.0,974,0,1000,0,0,0,949,0,1023,0,919,0,789,0,780,0,822,0,7520,0.032,7.061644215716938e+19,0.0,0.0,784,16797,-0.0,162057.094,-114818.039,-0.0,0.133,6.909358625270745e+28,30.0,70.0,35,0.0,0.0,0.0,0.0,0.0,0.0,0.0,0.0,0.0,0.0,0.0,0.0,0.0,0.0,0.0,0.0,66.4,0,150,71,51,65476,0,300,0,0,8,20529,65476,0,0,44564,70.0,0.0,0.0,0.0,0.0,0.0
2026-09-10T21:36:42,ERR,ERR,ERR,ERR,ERR,ERR,ERR,ERR,ERR,ERR,ERR,ERR,ERR,ERR,ERR,ERR,ERR,ERR,ERR,ERR,ERR,ERR,ERR,ERR,ERR,ERR,ERR,ERR,ERR,ERR,ERR,ERR,ERR,ERR,ERR,ERR,ERR,ERR,ERR,ERR,ERR,ERR,ERR,ERR,ERR,ERR,ERR,ERR,ERR,ERR,ERR,ERR,ERR,ERR,ERR,ERR,ERR,ERR,ERR,ERR,ERR,ERR,ERR,ERR,ERR,ERR,ERR,ERR,ERR,ERR,ERR,ERR,ERR,ERR,ERR,ERR,ERR,ERR,ERR,ERR,ERR,ERR,ERR,ERR,ERR,ERR,ERR,ERR,ERR,ERR,ERR,ERR,ERR,ERR,ERR,ERR,ERR,ERR,ERR,ERR,ERR,ERR,ERR,ERR,ERR,ERR,ERR,ERR,ERR,ERR,ERR,ERR,ERR,ERR,ERR,ERR,ERR,ERR,ERR,ERR,ERR,ERR,ERR,ERR,ERR,0.0,0.0,0.0,0.0,0.0,1.3936040501711995e+18,7.805,0.0,0,0,4,0,7116,0.0,100,0.0,0.0,0.0,0.0,0.0,0,0,0,0,0.0,0,0,0,0,0,0,0,0,0,0,0,0,0,0,0,0,0,0,0,0,0,0,0,0,0,0,0,0,0,0,0,0,0,31,40,40,71,65476,0,300,0,0,8,21553,0.0,-107605600.0,0.0,0.0,0.0,0.0,0.0,0.0,0.0,0.0,0.0,0.0,0.0,0.0,0.0,0.0,0.0,0.0,0.0,0.0,0.0,0.0,-2.004,2.004,0.0,0.0,0.0,0.0,0.0,0.0,4489.0,-0.0,6934.0,0.0,0.0,0.0,-0.0,0.0,0.0,0.0,0.0,69,-107615376.0,0.0,0.0,0.0,0.0,0.0,0.0,0.0,0.0,0,0,0,0.0,0.0,0.0,0.0,0.0,0.0,0.0,0.0,0.0,0.0,0.0,0.0,0.0,0.0,0.0,0.0,0,-107875648.0,69,0.0,138,0.0,0.0,0,0,17086,39322,17100,52429,17079,0,0,0,70,68,100,2.7302399002429377e+23,82.0,0.0,78.4,-107615464.0,78.5,1,49,50,180,52429,0,0,0,0.0,0.0,0.0,0.0,-0.0,67.0,0.0,162057.094,0.0,974,0,1000,0,0,0,949,0,1023,0,919,0,789,0,780,0,822,0,7520,0.032,7.061644215716938e+19,0.0,0.0,784,16797,-0.0,162057.094,-114818.039,-0.0,0.133,6.909358625270745e+28,30.0,70.0,35,0.0,0.0,0.0,0.0,0.0,0.0,0.0,0.0,0.0,0.0,0.0,0.0,0.0,0.0,0.0,0.0,66.4,0,150,71,51,65476,0,300,0,0,8,20529,65476,0,0,44564,70.0,0.0,0.0,0.0,0.0,0.0
2026-09-10T21:36:43,ERR,ERR,ERR,ERR,ERR,ERR,ERR,ERR,ERR,ERR,ERR,ERR,ERR,ERR,ERR,ERR,ERR,ERR,ERR,ERR,ERR,ERR,ERR,ERR,ERR,ERR,ERR,ERR,ERR,ERR,ERR,ERR,ERR,ERR,ERR,ERR,ERR,ERR,ERR,ERR,ERR,ERR,ERR,ERR,ERR,ERR,ERR,ERR,ERR,ERR,ERR,ERR,ERR,ERR,ERR,ERR,ERR,ERR,ERR,ERR,ERR,ERR,ERR,ERR,ERR,ERR,ERR,ERR,ERR,ERR,ERR,ERR,ERR,ERR,ERR,ERR,ERR,ERR,ERR,ERR,ERR,ERR,ERR,ERR,ERR,ERR,ERR,ERR,ERR,ERR,ERR,ERR,ERR,ERR,ERR,ERR,ERR,ERR,ERR,ERR,ERR,ERR,ERR,ERR,ERR,ERR,ERR,ERR,ERR,ERR,ERR,ERR,ERR,ERR,ERR,ERR,ERR,ERR,ERR,ERR,ERR,ERR,ERR,ERR,ERR,0.0,0.0,0.0,0.0,0.0,1.3936040501711995e+18,7.805,0.0,0,0,4,0,7116,0.0,100,0.0,0.0,0.0,0.0,0.0,0,0,0,0,0.0,0,0,0,0,0,0,0,0,0,0,0,0,0,0,0,0,0,0,0,0,0,0,0,0,0,0,0,0,0,0,0,0,0,31,40,40,71,65476,0,300,0,0,8,21553,0.0,-107605600.0,0.0,0.0,0.0,0.0,0.0,0.0,0.0,0.0,0.0,0.0,0.0,0.0,0.0,0.0,0.0,0.0,0.0,0.0,0.0,0.0,-2.004,2.004,0.0,0.0,0.0,0.0,0.0,0.0,4489.0,-0.0,6934.0,0.0,0.0,0.0,-0.0,0.0,0.0,0.0,0.0,69,-107615376.0,0.0,0.0,0.0,0.0,0.0,0.0,0.0,0.0,0,0,0,0.0,0.0,0.0,0.0,0.0,0.0,0.0,0.0,0.0,0.0,0.0,0.0,0.0,0.0,0.0,0.0,0,-107875648.0,69,0.0,138,0.0,0.0,0,0,17086,39322,17100,52429,17079,0,0,0,70,68,100,2.7302399002429377e+23,82.0,0.0,78.4,-107615464.0,78.5,1,49,50,180,52429,0,0,0,0.0,0.0,0.0,0.0,-0.0,67.0,0.0,162057.094,0.0,974,0,1000,0,0,0,949,0,1023,0,919,0,789,0,780,0,822,0,7520,0.032,7.061644215716938e+19,0.0,0.0,784,16797,-0.0,162057.094,-114818.039,-0.0,0.133,6.909358625270745e+28,30.0,70.0,35,0.0,0.0,0.0,0.0,0.0,0.0,0.0,0.0,0.0,0.0,0.0,0.0,0.0,0.0,0.0,0.0,66.4,0,150,71,51,65476,0,300,0,0,8,20529,65476,0,0,44564,70.0,0.0,0.0,0.0,0.0,0.0
2026-09-10T21:36:44,ERR,ERR,ERR,ERR,ERR,ERR,ERR,ERR,ERR,ERR,ERR,ERR,ERR,ERR,ERR,ERR,ERR,ERR,ERR,ERR,ERR,ERR,ERR,ERR,ERR,ERR,ERR,ERR,ERR,ERR,ERR,ERR,ERR,ERR,ERR,ERR,ERR,ERR,ERR,ERR,ERR,ERR,ERR,ERR,ERR,ERR,ERR,ERR,ERR,ERR,ERR,ERR,ERR,ERR,ERR,ERR,ERR,ERR,ERR,ERR,ERR,ERR,ERR,ERR,ERR,ERR,ERR,ERR,ERR,ERR,ERR,ERR,ERR,ERR,ERR,ERR,ERR,ERR,ERR,ERR,ERR,ERR,ERR,ERR,ERR,ERR,ERR,ERR,ERR,ERR,ERR,ERR,ERR,ERR,ERR,ERR,ERR,ERR,ERR,ERR,ERR,ERR,ERR,ERR,ERR,ERR,ERR,ERR,ERR,ERR,ERR,ERR,ERR,ERR,ERR,ERR,ERR,ERR,ERR,ERR,ERR,ERR,ERR,ERR,ERR,0.0,0.0,0.0,0.0,0.0,1.3936040501711995e+18,7.805,0.0,0,0,4,0,7116,0.0,100,0.0,0.0,0.0,0.0,0.0,0,0,0,0,0.0,0,0,0,0,0,0,0,0,0,0,0,0,0,0,0,0,0,0,0,0,0,0,0,0,0,0,0,0,0,0,0,0,0,31,40,40,71,65476,0,300,0,0,8,21553,0.0,-107605600.0,0.0,0.0,0.0,0.0,0.0,0.0,0.0,0.0,0.0,0.0,0.0,0.0,0.0,0.0,0.0,0.0,0.0,0.0,0.0,0.0,-2.004,2.004,0.0,0.0,0.0,0.0,0.0,0.0,4489.0,-0.0,6934.0,0.0,0.0,0.0,-0.0,0.0,0.0,0.0,0.0,69,-107615376.0,0.0,0.0,0.0,0.0,0.0,0.0,0.0,0.0,0,0,0,0.0,0.0,0.0,0.0,0.0,0.0,0.0,0.0,0.0,0.0,0.0,0.0,0.0,0.0,0.0,0.0,0,-107875648.0,69,0.0,138,0.0,0.0,0,0,17086,39322,17100,52429,17079,0,0,0,70,68,100,2.7302399002429377e+23,82.0,0.0,78.4,-107615464.0,78.5,1,49,50,180,52429,0,0,0,0.0,0.0,0.0,0.0,-0.0,67.0,0.0,162057.094,0.0,974,0,1000,0,0,0,949,0,1023,0,919,0,789,0,780,0,822,0,7520,0.032,7.061644215716938e+19,0.0,0.0,784,16797,-0.0,162057.094,-114818.039,-0.0,0.133,6.909358625270745e+28,30.0,70.0,35,0.0,0.0,0.0,0.0,0.0,0.0,0.0,0.0,0.0,0.0,0.0,0.0,0.0,0.0,0.0,0.0,66.8,0,150,71,51,65476,0,300,0,0,8,20529,65476,0,0,44564,70.0,0.0,0.0,0.0,0.0,0.0
2026-09-10T21:36:45,ERR,ERR,ERR,ERR,ERR,ERR,ERR,ERR,ERR,ERR,ERR,ERR,ERR,ERR,ERR,ERR,ERR,ERR,ERR,ERR,ERR,ERR,ERR,ERR,ERR,ERR,ERR,ERR,ERR,ERR,ERR,ERR,ERR,ERR,ERR,ERR,ERR,ERR,ERR,ERR,ERR,ERR,ERR,ERR,ERR,ERR,ERR,ERR,ERR,ERR,ERR,ERR,ERR,ERR,ERR,ERR,ERR,ERR,ERR,ERR,ERR,ERR,ERR,ERR,ERR,ERR,ERR,ERR,ERR,ERR,ERR,ERR,ERR,ERR,ERR,ERR,ERR,ERR,ERR,ERR,ERR,ERR,ERR,ERR,ERR,ERR,ERR,ERR,ERR,ERR,ERR,ERR,ERR,ERR,ERR,ERR,ERR,ERR,ERR,ERR,ERR,ERR,ERR,ERR,ERR,ERR,ERR,ERR,ERR,ERR,ERR,ERR,ERR,ERR,ERR,ERR,ERR,ERR,ERR,ERR,ERR,ERR,ERR,ERR,ERR,0.0,0.0,0.0,0.0,0.0,1.3936040501711995e+18,7.805,0.0,0,0,4,0,7116,0.0,100,0.0,0.0,0.0,0.0,0.0,0,0,0,0,0.0,0,0,0,0,0,0,0,0,0,0,0,0,0,0,0,0,0,0,0,0,0,0,0,0,0,0,0,0,0,0,0,0,0,31,40,40,71,65476,0,300,0,0,8,21553,0.0,-107605600.0,0.0,0.0,0.0,0.0,0.0,0.0,0.0,0.0,0.0,0.0,0.0,0.0,0.0,0.0,0.0,0.0,0.0,0.0,0.0,0.0,-2.004,2.004,0.0,0.0,0.0,0.0,0.0,0.0,4489.0,-0.0,6934.0,0.0,0.0,0.0,-0.0,0.0,0.0,0.0,0.0,69,-107615376.0,0.0,0.0,0.0,0.0,0.0,0.0,0.0,0.0,0,0,0,0.0,0.0,0.0,0.0,0.0,0.0,0.0,0.0,0.0,0.0,0.0,0.0,0.0,0.0,0.0,0.0,0,-107875648.0,69,0.0,138,0.0,0.0,0,52429,17085,39322,17100,52429,17079,0,0,0,70,68,100,2.7302399002429377e+23,82.0,0.0,78.4,-107615464.0,78.5,1,49,50,180,52429,0,0,0,0.0,0.0,0.0,0.0,-0.0,67.0,0.0,162057.094,0.0,974,0,1000,0,0,0,949,0,1023,0,919,0,789,0,780,0,821,0,7520,0.032,7.061644215716938e+19,0.0,0.0,784,16797,-0.0,162057.094,-114818.039,-0.0,0.133,6.909358625270745e+28,30.0,70.0,35,0.0,0.0,0.0,0.0,0.0,0.0,0.0,0.0,0.0,0.0,0.0,0.0,0.0,0.0,0.0,0.0,66.8,0,150,71,51,65476,0,300,0,0,8,20529,65476,0,0,44564,70.0,0.0,0.0,0.0,0.0,0.0
2026-09-10T21:36:46,ERR,ERR,ERR,ERR,ERR,ERR,ERR,ERR,ERR,ERR,ERR,ERR,ERR,ERR,ERR,ERR,ERR,ERR,ERR,ERR,ERR,ERR,ERR,ERR,ERR,ERR,ERR,ERR,ERR,ERR,ERR,ERR,ERR,ERR,ERR,ERR,ERR,ERR,ERR,ERR,ERR,ERR,ERR,ERR,ERR,ERR,ERR,ERR,ERR,ERR,ERR,ERR,ERR,ERR,ERR,ERR,ERR,ERR,ERR,ERR,ERR,ERR,ERR,ERR,ERR,ERR,ERR,ERR,ERR,ERR,ERR,ERR,ERR,ERR,ERR,ERR,ERR,ERR,ERR,ERR,ERR,ERR,ERR,ERR,ERR,ERR,ERR,ERR,ERR,ERR,ERR,ERR,ERR,ERR,ERR,ERR,ERR,ERR,ERR,ERR,ERR,ERR,ERR,ERR,ERR,ERR,ERR,ERR,ERR,ERR,ERR,ERR,ERR,ERR,ERR,ERR,ERR,ERR,ERR,ERR,ERR,ERR,ERR,ERR,ERR,0.0,0.0,0.0,0.0,0.0,1.3936040501711995e+18,7.805,0.0,0,0,4,0,7116,0.0,100,0.0,0.0,0.0,0.0,0.0,0,0,0,0,0.0,0,0,0,0,0,0,0,0,0,0,0,0,0,0,0,0,0,0,0,0,0,0,0,0,0,0,0,0,0,0,0,0,0,31,40,40,71,65476,0,300,0,0,8,21553,0.0,-107605600.0,0.0,0.0,0.0,0.0,0.0,0.0,0.0,0.0,0.0,0.0,0.0,0.0,0.0,0.0,0.0,0.0,0.0,0.0,0.0,0.0,-2.004,2.004,0.0,0.0,0.0,0.0,0.0,0.0,4489.0,-0.0,6934.0,0.0,0.0,0.0,-0.0,0.0,0.0,0.0,0.0,69,-107615376.0,0.0,0.0,0.0,0.0,0.0,0.0,0.0,0.0,0,0,0,0.0,0.0,0.0,0.0,0.0,0.0,0.0,0.0,0.0,0.0,0.0,0.0,0.0,0.0,0.0,0.0,0,-107875648.0,69,0.0,138,0.0,0.0,0,52429,17085,39322,17100,52429,17079,0,0,0,70,68,100,2.7302399002429377e+23,82.0,0.0,78.4,-107615464.0,78.5,1,49,50,180,52429,0,0,0,0.0,0.0,0.0,0.0,-0.0,67.0,0.0,162057.094,0.0,974,0,1000,0,0,0,949,0,1023,0,919,0,789,0,780,0,821,0,7520,0.032,7.061644215716938e+19,0.0,0.0,784,16797,-0.0,162057.094,-114818.039,-0.0,0.133,6.909358625270745e+28,30.0,70.0,35,0.0,0.0,0.0,0.0,0.0,0.0,0.0,0.0,0.0,0.0,0.0,0.0,0.0,0.0,0.0,0.0,66.4,0,150,71,51,65476,0,300,0,0,8,20529,65476,0,0,44564,70.0,0.0,0.0,0.0,0.0,0.0
2026-09-10T21:36:47,ERR,ERR,ERR,ERR,ERR,ERR,ERR,ERR,ERR,ERR,ERR,ERR,ERR,ERR,ERR,ERR,ERR,ERR,ERR,ERR,ERR,ERR,ERR,ERR,ERR,ERR,ERR,ERR,ERR,ERR,ERR,ERR,ERR,ERR,ERR,ERR,ERR,ERR,ERR,ERR,ERR,ERR,ERR,ERR,ERR,ERR,ERR,ERR,ERR,ERR,ERR,ERR,ERR,ERR,ERR,ERR,ERR,ERR,ERR,ERR,ERR,ERR,ERR,ERR,ERR,ERR,ERR,ERR,ERR,ERR,ERR,ERR,ERR,ERR,ERR,ERR,ERR,ERR,ERR,ERR,ERR,ERR,ERR,ERR,ERR,ERR,ERR,ERR,ERR,ERR,ERR,ERR,ERR,ERR,ERR,ERR,ERR,ERR,ERR,ERR,ERR,ERR,ERR,ERR,ERR,ERR,ERR,ERR,ERR,ERR,ERR,ERR,ERR,ERR,ERR,ERR,ERR,ERR,ERR,ERR,ERR,ERR,ERR,ERR,ERR,0.0,0.0,0.0,0.0,0.0,1.3936040501711995e+18,7.805,0.0,0,0,4,0,7116,0.0,100,0.0,0.0,0.0,0.0,0.0,0,0,0,0,0.0,0,0,0,0,0,0,0,0,0,0,0,0,0,0,0,0,0,0,0,0,0,0,0,0,0,0,0,0,0,0,0,0,0,31,40,40,71,65476,0,300,0,0,8,21553,0.0,-107605600.0,0.0,0.0,0.0,0.0,0.0,0.0,0.0,0.0,0.0,0.0,0.0,0.0,0.0,0.0,0.0,0.0,0.0,0.0,0.0,0.0,-2.004,2.004,0.0,0.0,0.0,0.0,0.0,0.0,4489.0,-0.0,6934.0,0.0,0.0,0.0,-0.0,0.0,0.0,0.0,0.0,69,-107615376.0,0.0,0.0,0.0,0.0,0.0,0.0,0.0,0.0,0,0,0,0.0,0.0,0.0,0.0,0.0,0.0,0.0,0.0,0.0,0.0,0.0,0.0,0.0,0.0,0.0,0.0,0,-107875648.0,69,0.0,138,0.0,0.0,0,52429,17085,39322,17100,52429,17079,0,0,0,70,68,100,2.7302399002429377e+23,82.0,0.0,78.4,-107615464.0,78.5,1,49,50,180,52429,0,0,0,0.0,0.0,0.0,0.0,-0.0,67.0,0.0,162057.094,0.0,974,0,1000,0,0,0,949,0,1023,0,919,0,789,0,780,0,821,0,7520,0.032,7.061644215716938e+19,0.0,0.0,784,16797,-0.0,162057.094,-114818.039,-0.0,0.133,6.909358625270745e+28,30.0,70.0,35,0.0,0.0,0.0,0.0,0.0,0.0,0.0,0.0,0.0,0.0,0.0,0.0,0.0,0.0,0.0,0.0,66.4,0,150,71,51,65476,0,300,0,0,8,20529,65476,0,0,44564,70.0,0.0,0.0,0.0,0.0,0.0
2026-09-10T21:36:48,ERR,ERR,ERR,ERR,ERR,ERR,ERR,ERR,ERR,ERR,ERR,ERR,ERR,ERR,ERR,ERR,ERR,ERR,ERR,ERR,ERR,ERR,ERR,ERR,ERR,ERR,ERR,ERR,ERR,ERR,ERR,ERR,ERR,ERR,ERR,ERR,ERR,ERR,ERR,ERR,ERR,ERR,ERR,ERR,ERR,ERR,ERR,ERR,ERR,ERR,ERR,ERR,ERR,ERR,ERR,ERR,ERR,ERR,ERR,ERR,ERR,ERR,ERR,ERR,ERR,ERR,ERR,ERR,ERR,ERR,ERR,ERR,ERR,ERR,ERR,ERR,ERR,ERR,ERR,ERR,ERR,ERR,ERR,ERR,ERR,ERR,ERR,ERR,ERR,ERR,ERR,ERR,ERR,ERR,ERR,ERR,ERR,ERR,ERR,ERR,ERR,ERR,ERR,ERR,ERR,ERR,ERR,ERR,ERR,ERR,ERR,ERR,ERR,ERR,ERR,ERR,ERR,ERR,ERR,ERR,ERR,ERR,ERR,ERR,ERR,0.0,0.0,2.6474835549302285e+23,0.0,0.0,1.3936040501711995e+18,7.805,0.0,0,0,4,0,7116,0.0,100,0.0,0.0,0.0,0.0,0.0,0,0,0,0,0.0,0,0,0,0,0,0,0,0,0,0,0,0,0,0,0,0,0,0,0,0,0,0,0,0,0,0,0,0,0,0,0,0,0,31,40,40,71,65476,0,300,0,0,8,21553,0.0,-107605600.0,0.0,0.0,0.0,0.0,0.0,0.0,0.0,0.0,0.0,0.0,0.0,0.0,0.0,0.0,0.0,0.0,0.0,0.0,0.0,0.0,-2.004,2.004,0.0,0.0,0.0,0.0,0.0,0.0,4492.0,-0.0,6934.0,0.0,0.0,0.0,-0.0,0.0,0.0,0.0,0.0,69,-0.059,0.0,0.0,0.0,0.0,0.0,0.0,0.0,0.0,0,0,0,0.0,0.0,0.0,0.0,0.0,0.0,0.0,0.0,0.0,0.0,0.0,0.0,0.0,0.0,0.0,0.0,0,-107875648.0,69,0.0,138,0.0,0.0,0,52429,17085,39322,17100,52429,17079,0,0,0,70,68,100,2.7302399002429377e+23,82.0,0.0,78.4,-107615464.0,78.5,1,49,50,180,52429,0,0,0,0.0,0.0,0.0,0.0,-0.0,67.0,0.0,162057.094,0.0,974,0,1000,0,0,0,949,0,1023,0,919,0,789,0,780,0,821,0,7520,0.032,7.061644215716938e+19,0.0,0.0,784,16797,-0.0,162057.094,-114818.039,-0.0,0.133,6.909358625270745e+28,30.0,70.0,35,0.0,0.0,0.0,0.0,0.0,0.0,0.0,0.0,0.0,0.0,0.0,0.0,0.0,0.0,0.0,0.0,66.4,0,150,71,51,65476,0,300,0,0,8,20529,65476,0,0,44564,70.0,0.0,0.0,0.0,0.0,0.0
2026-09-10T21:36:49,ERR,ERR,ERR,ERR,ERR,ERR,ERR,ERR,ERR,ERR,ERR,ERR,ERR,ERR,ERR,ERR,ERR,ERR,ERR,ERR,ERR,ERR,ERR,ERR,ERR,ERR,ERR,ERR,ERR,ERR,ERR,ERR,ERR,ERR,ERR,ERR,ERR,ERR,ERR,ERR,ERR,ERR,ERR,ERR,ERR,ERR,ERR,ERR,ERR,ERR,ERR,ERR,ERR,ERR,ERR,ERR,ERR,ERR,ERR,ERR,ERR,ERR,ERR,ERR,ERR,ERR,ERR,ERR,ERR,ERR,ERR,ERR,ERR,ERR,ERR,ERR,ERR,ERR,ERR,ERR,ERR,ERR,ERR,ERR,ERR,ERR,ERR,ERR,ERR,ERR,ERR,ERR,ERR,ERR,ERR,ERR,ERR,ERR,ERR,ERR,ERR,ERR,ERR,ERR,ERR,ERR,ERR,ERR,ERR,ERR,ERR,ERR,ERR,ERR,ERR,ERR,ERR,ERR,ERR,ERR,ERR,ERR,ERR,ERR,ERR,0.0,0.0,2.6474835549302285e+23,0.0,0.0,1.3936040501711995e+18,7.805,0.0,0,0,4,0,7116,0.0,100,0.0,0.0,0.0,0.0,0.0,0,0,0,0,0.0,0,0,0,0,0,0,0,0,0,0,0,0,0,0,0,0,0,0,0,0,0,0,0,0,0,0,0,0,0,0,0,0,0,31,40,40,71,65476,0,300,0,0,8,21553,0.0,-107605600.0,0.0,0.0,0.0,0.0,0.0,0.0,0.0,0.0,0.0,0.0,0.0,0.0,0.0,0.0,0.0,0.0,0.0,0.0,0.0,0.0,-2.004,2.004,0.0,0.0,0.0,0.0,0.0,0.0,4492.0,-0.0,6934.0,0.0,0.0,0.0,-0.0,0.0,0.0,0.0,0.0,69,-0.059,0.0,0.0,0.0,0.0,0.0,0.0,0.0,0.0,0,0,0,0.0,0.0,0.0,0.0,0.0,0.0,0.0,0.0,0.0,0.0,0.0,0.0,0.0,0.0,0.0,0.0,0,-107875648.0,69,0.0,138,0.0,0.0,0,52429,17085,39322,17100,52429,17079,0,0,0,70,68,100,2.7302399002429377e+23,82.0,0.0,78.4,-107615464.0,78.5,1,49,50,180,52429,0,0,0,0.0,0.0,0.0,0.0,-0.0,67.0,0.0,162057.094,0.0,974,0,1000,0,0,0,949,0,1023,0,919,0,789,0,780,0,821,0,7520,0.032,7.061644215716938e+19,0.0,0.0,784,16797,-0.0,162057.094,-114818.039,-0.0,0.133,6.909358625270745e+28,30.0,70.0,35,0.0,0.0,0.0,0.0,0.0,0.0,0.0,0.0,0.0,0.0,0.0,0.0,0.0,0.0,0.0,0.0,66.4,0,150,71,51,65476,0,300,0,0,8,20529,65476,0,0,44564,70.0,0.0,0.0,0.0,0.0,0.0
2026-09-10T21:36:50,ERR,ERR,ERR,ERR,ERR,ERR,ERR,ERR,ERR,ERR,ERR,ERR,ERR,ERR,ERR,ERR,ERR,ERR,ERR,ERR,ERR,ERR,ERR,ERR,ERR,ERR,ERR,ERR,ERR,ERR,ERR,ERR,ERR,ERR,ERR,ERR,ERR,ERR,ERR,ERR,ERR,ERR,ERR,ERR,ERR,ERR,ERR,ERR,ERR,ERR,ERR,ERR,ERR,ERR,ERR,ERR,ERR,ERR,ERR,ERR,ERR,ERR,ERR,ERR,ERR,ERR,ERR,ERR,ERR,ERR,ERR,ERR,ERR,ERR,ERR,ERR,ERR,ERR,ERR,ERR,ERR,ERR,ERR,ERR,ERR,ERR,ERR,ERR,ERR,ERR,ERR,ERR,ERR,ERR,ERR,ERR,ERR,ERR,ERR,ERR,ERR,ERR,ERR,ERR,ERR,ERR,ERR,ERR,ERR,ERR,ERR,ERR,ERR,ERR,ERR,ERR,ERR,ERR,ERR,ERR,ERR,ERR,ERR,ERR,ERR,0.0,0.0,2.6474835549302285e+23,0.0,0.0,1.3936040501711995e+18,7.805,0.0,0,0,4,0,7116,0.0,100,0.0,0.0,0.0,0.0,0.0,0,0,0,0,0.0,0,0,0,0,0,0,0,0,0,0,0,0,0,0,0,0,0,0,0,0,0,0,0,0,0,0,0,0,0,0,0,0,0,31,40,40,71,65476,0,300,0,0,8,21553,0.0,-107605600.0,0.0,0.0,0.0,0.0,0.0,0.0,0.0,0.0,0.0,0.0,0.0,0.0,0.0,0.0,0.0,0.0,0.0,0.0,0.0,0.0,-2.004,2.004,0.0,0.0,0.0,0.0,0.0,0.0,4492.0,-0.0,6934.0,0.0,0.0,0.0,-0.0,0.0,0.0,0.0,0.0,69,-0.059,0.0,0.0,0.0,0.0,0.0,0.0,0.0,0.0,0,0,0,0.0,0.0,0.0,0.0,0.0,0.0,0.0,0.0,0.0,0.0,0.0,0.0,0.0,0.0,0.0,0.0,0,-107875648.0,69,0.0,138,0.0,0.0,0,0,17086,39322,17100,0,17080,0,0,0,70,68,100,2.7302399002429377e+23,82.0,0.0,78.4,-107615464.0,78.5,1,49,50,180,52429,0,0,0,0.0,0.0,0.0,0.0,-0.0,67.0,0.0,162057.094,0.0,974,0,1000,0,0,0,949,0,1023,0,920,0,789,0,780,0,821,0,7520,0.032,7.090467253332109e+19,0.0,0.0,784,16797,-0.0,162057.094,-114818.039,-0.0,0.133,6.909358625270745e+28,30.0,70.0,35,0.0,0.0,0.0,0.0,0.0,0.0,0.0,0.0,0.0,0.0,0.0,0.0,0.0,0.0,0.0,0.0,66.4,0,150,71,51,65476,0,300,0,0,8,20529,65476,0,0,44564,70.0,0.0,0.0,0.0,0.0,0.0
2026-09-10T21:36:51,ERR,ERR,ERR,ERR,ERR,ERR,ERR,ERR,ERR,ERR,ERR,ERR,ERR,ERR,ERR,ERR,ERR,ERR,ERR,ERR,ERR,ERR,ERR,ERR,ERR,ERR,ERR,ERR,ERR,ERR,ERR,ERR,ERR,ERR,ERR,ERR,ERR,ERR,ERR,ERR,ERR,ERR,ERR,ERR,ERR,ERR,ERR,ERR,ERR,ERR,ERR,ERR,ERR,ERR,ERR,ERR,ERR,ERR,ERR,ERR,ERR,ERR,ERR,ERR,ERR,ERR,ERR,ERR,ERR,ERR,ERR,ERR,ERR,ERR,ERR,ERR,ERR,ERR,ERR,ERR,ERR,ERR,ERR,ERR,ERR,ERR,ERR,ERR,ERR,ERR,ERR,ERR,ERR,ERR,ERR,ERR,ERR,ERR,ERR,ERR,ERR,ERR,ERR,ERR,ERR,ERR,ERR,ERR,ERR,ERR,ERR,ERR,ERR,ERR,ERR,ERR,ERR,ERR,ERR,ERR,ERR,ERR,ERR,ERR,ERR,0.0,0.0,2.6474835549302285e+23,0.0,0.0,1.3936040501711995e+18,7.805,0.0,0,0,4,0,7116,0.0,100,0.0,0.0,0.0,0.0,0.0,0,0,0,0,0.0,0,0,0,0,0,0,0,0,0,0,0,0,0,0,0,0,0,0,0,0,0,0,0,0,0,0,0,0,0,0,0,0,0,31,40,40,71,65476,0,300,0,0,8,21553,0.0,-107605600.0,0.0,0.0,0.0,0.0,0.0,0.0,0.0,0.0,0.0,0.0,0.0,0.0,0.0,0.0,0.0,0.0,0.0,0.0,0.0,0.0,-2.004,2.004,0.0,0.0,0.0,0.0,0.0,0.0,4492.0,-0.0,6934.0,0.0,0.0,0.0,-0.0,0.0,0.0,0.0,0.0,69,-0.059,0.0,0.0,0.0,0.0,0.0,0.0,0.0,0.0,0,0,0,0.0,0.0,0.0,0.0,0.0,0.0,0.0,0.0,0.0,0.0,0.0,0.0,0.0,0.0,0.0,0.0,0,-107875648.0,69,0.0,138,0.0,0.0,0,0,17086,39322,17100,0,17080,0,0,0,70,68,100,2.7302399002429377e+23,82.0,0.0,78.4,-107615464.0,78.5,1,49,50,180,52429,0,0,0,0.0,0.0,0.0,0.0,-0.0,67.0,0.0,162057.094,0.0,974,0,1000,0,0,0,949,0,1023,0,920,0,789,0,780,0,821,0,7520,0.032,7.090467253332109e+19,0.0,0.0,784,16797,-0.0,162057.094,-114818.039,-0.0,0.133,6.909358625270745e+28,30.0,70.0,35,0.0,0.0,0.0,0.0,0.0,0.0,0.0,0.0,0.0,0.0,0.0,0.0,0.0,0.0,0.0,0.0,66.4,0,150,71,51,65476,0,300,0,0,8,20529,65476,0,0,44564,70.0,0.0,0.0,0.0,0.0,0.0
2026-09-10T21:36:52,ERR,ERR,ERR,ERR,ERR,ERR,ERR,ERR,ERR,ERR,ERR,ERR,ERR,ERR,ERR,ERR,ERR,ERR,ERR,ERR,ERR,ERR,ERR,ERR,ERR,ERR,ERR,ERR,ERR,ERR,ERR,ERR,ERR,ERR,ERR,ERR,ERR,ERR,ERR,ERR,ERR,ERR,ERR,ERR,ERR,ERR,ERR,ERR,ERR,ERR,ERR,ERR,ERR,ERR,ERR,ERR,ERR,ERR,ERR,ERR,ERR,ERR,ERR,ERR,ERR,ERR,ERR,ERR,ERR,ERR,ERR,ERR,ERR,ERR,ERR,ERR,ERR,ERR,ERR,ERR,ERR,ERR,ERR,ERR,ERR,ERR,ERR,ERR,ERR,ERR,ERR,ERR,ERR,ERR,ERR,ERR,ERR,ERR,ERR,ERR,ERR,ERR,ERR,ERR,ERR,ERR,ERR,ERR,ERR,ERR,ERR,ERR,ERR,ERR,ERR,ERR,ERR,ERR,ERR,ERR,ERR,ERR,ERR,ERR,ERR,0.0,0.0,2.6474835549302285e+23,0.0,0.0,1.3936040501711995e+18,7.805,0.0,0,0,4,0,7116,0.0,100,0.0,0.0,0.0,0.0,0.0,0,0,0,0,0.0,0,0,0,0,0,0,0,0,0,0,0,0,0,0,0,0,0,0,0,0,0,0,0,0,0,0,0,0,0,0,0,0,0,31,40,40,71,65476,0,300,0,0,8,21553,0.0,-107605600.0,0.0,0.0,0.0,0.0,0.0,0.0,0.0,0.0,0.0,0.0,0.0,0.0,0.0,0.0,0.0,0.0,0.0,0.0,0.0,0.0,-2.004,2.004,0.0,0.0,0.0,0.0,0.0,0.0,4492.0,-0.0,6934.0,0.0,0.0,0.0,-0.0,0.0,0.0,0.0,0.0,69,-0.059,0.0,0.0,0.0,0.0,0.0,0.0,0.0,0.0,0,0,0,0.0,0.0,0.0,0.0,0.0,0.0,0.0,0.0,0.0,0.0,0.0,0.0,0.0,0.0,0.0,0.0,0,-107875648.0,69,0.0,138,0.0,0.0,0,0,17086,39322,17100,0,17080,0,0,0,70,68,100,2.7302399002429377e+23,82.0,0.0,78.4,-107615464.0,78.5,1,49,50,180,52429,0,0,0,0.0,0.0,0.0,0.0,-0.0,67.0,0.0,162057.094,0.0,974,0,1000,0,0,0,949,0,1023,0,920,0,789,0,780,0,821,0,7520,0.032,7.090467253332109e+19,0.0,0.0,784,16797,-0.0,162057.094,-114818.039,-0.0,0.133,6.909358625270745e+28,30.0,70.0,35,0.0,0.0,0.0,0.0,0.0,0.0,0.0,0.0,0.0,0.0,0.0,0.0,0.0,0.0,0.0,0.0,66.4,0,150,71,51,65476,0,300,0,0,8,20529,65476,0,0,44564,70.0,0.0,0.0,0.0,0.0,0.0
2026-09-10T21:36:53,ERR,ERR,ERR,ERR,ERR,ERR,ERR,ERR,ERR,ERR,ERR,ERR,ERR,ERR,ERR,ERR,ERR,ERR,ERR,ERR,ERR,ERR,ERR,ERR,ERR,ERR,ERR,ERR,ERR,ERR,ERR,ERR,ERR,ERR,ERR,ERR,ERR,ERR,ERR,ERR,ERR,ERR,ERR,ERR,ERR,ERR,ERR,ERR,ERR,ERR,ERR,ERR,ERR,ERR,ERR,ERR,ERR,ERR,ERR,ERR,ERR,ERR,ERR,ERR,ERR,ERR,ERR,ERR,ERR,ERR,ERR,ERR,ERR,ERR,ERR,ERR,ERR,ERR,ERR,ERR,ERR,ERR,ERR,ERR,ERR,ERR,ERR,ERR,ERR,ERR,ERR,ERR,ERR,ERR,ERR,ERR,ERR,ERR,ERR,ERR,ERR,ERR,ERR,ERR,ERR,ERR,ERR,ERR,ERR,ERR,ERR,ERR,ERR,ERR,ERR,ERR,ERR,ERR,ERR,ERR,ERR,ERR,ERR,ERR,ERR,0.0,0.0,2.6474835549302285e+23,0.0,0.0,1.3936040501711995e+18,7.805,0.0,0,0,4,0,7116,0.0,100,0.0,0.0,0.0,0.0,0.0,0,0,0,0,0.0,0,0,0,0,0,0,0,0,0,0,0,0,0,0,0,0,0,0,0,0,0,0,0,0,0,0,0,0,0,0,0,0,0,31,40,40,71,65476,0,300,0,0,8,21553,0.0,-107605600.0,0.0,0.0,0.0,0.0,0.0,0.0,0.0,0.0,0.0,0.0,0.0,0.0,0.0,0.0,0.0,0.0,0.0,0.0,0.0,0.0,-2.004,2.004,0.0,0.0,0.0,0.0,0.0,0.0,4492.0,-0.0,6934.0,0.0,0.0,0.0,-0.0,0.0,0.0,0.0,0.0,69,-0.059,0.0,0.0,0.0,0.0,0.0,0.0,0.0,0.0,0,0,0,0.0,0.0,0.0,0.0,0.0,0.0,0.0,0.0,0.0,0.0,0.0,0.0,0.0,0.0,0.0,0.0,0,-107875648.0,69,0.0,138,0.0,0.0,0,0,17086,39322,17100,0,17080,0,0,0,70,68,100,2.7302399002429377e+23,82.0,0.0,78.4,-107615464.0,78.5,1,49,50,180,52429,0,0,0,0.0,0.0,0.0,0.0,-0.0,67.0,0.0,162057.094,0.0,974,0,1000,0,0,0,949,0,1023,0,920,0,789,0,780,0,821,0,7520,0.032,7.090467253332109e+19,0.0,0.0,784,16797,-0.0,162057.094,-114818.039,-0.0,0.133,6.909358625270745e+28,30.0,70.0,35,0.0,0.0,0.0,0.0,0.0,0.0,0.0,0.0,0.0,0.0,0.0,0.0,0.0,0.0,0.0,0.0,66.4,0,150,71,51,65476,0,300,0,0,8,20529,65476,0,0,44564,70.0,0.0,0.0,0.0,0.0,0.0
2026-09-10T21:36:54,ERR,ERR,ERR,ERR,ERR,ERR,ERR,ERR,ERR,ERR,ERR,ERR,ERR,ERR,ERR,ERR,ERR,ERR,ERR,ERR,ERR,ERR,ERR,ERR,ERR,ERR,ERR,ERR,ERR,ERR,ERR,ERR,ERR,ERR,ERR,ERR,ERR,ERR,ERR,ERR,ERR,ERR,ERR,ERR,ERR,ERR,ERR,ERR,ERR,ERR,ERR,ERR,ERR,ERR,ERR,ERR,ERR,ERR,ERR,ERR,ERR,ERR,ERR,ERR,ERR,ERR,ERR,ERR,ERR,ERR,ERR,ERR,ERR,ERR,ERR,ERR,ERR,ERR,ERR,ERR,ERR,ERR,ERR,ERR,ERR,ERR,ERR,ERR,ERR,ERR,ERR,ERR,ERR,ERR,ERR,ERR,ERR,ERR,ERR,ERR,ERR,ERR,ERR,ERR,ERR,ERR,ERR,ERR,ERR,ERR,ERR,ERR,ERR,ERR,ERR,ERR,ERR,ERR,ERR,ERR,ERR,ERR,ERR,ERR,ERR,0.0,0.0,2.6474835549302285e+23,0.0,0.0,1.3936040501711995e+18,7.805,0.0,0,0,4,0,7116,0.0,100,0.0,0.0,0.0,0.0,0.0,0,0,0,0,0.0,0,0,0,0,0,0,0,0,0,0,0,0,0,0,0,0,0,0,0,0,0,0,0,0,0,0,0,0,0,0,0,0,0,31,40,40,71,65476,0,300,0,0,8,21553,0.0,-107605600.0,0.0,0.0,0.0,0.0,0.0,0.0,0.0,0.0,0.0,0.0,0.0,0.0,0.0,0.0,0.0,0.0,0.0,0.0,0.0,0.0,-2.004,2.004,0.0,0.0,0.0,0.0,0.0,0.0,4495.0,-0.0,6930.0,0.0,0.0,0.0,-0.0,0.0,0.0,0.0,0.0,69,-1.905698635870372e+17,-3.221995019611257e+26,0.0,0.0,0.0,0.0,0.0,0.0,0.0,0,0,0,0.0,0.0,0.0,0.0,0.0,0.0,0.0,0.0,0.0,0.0,0.0,0.0,0.0,0.0,0.0,0.0,0,-107875648.0,69,0.0,138,0.0,0.0,0,52429,17085,39322,17100,0,17080,0,0,0,70,68,100,0.0,82.0,0.0,78.4,-107615464.0,78.5,1,49,50,180,52429,0,0,0,0.0,0.0,0.0,0.0,-0.0,67.0,0.0,162057.094,0.0,974,0,1000,0,0,0,949,0,1023,0,920,0,789,0,780,0,822,0,7520,0.032,6.888705990025911e+19,0.0,0.0,784,16797,-0.0,162057.094,-114818.039,-0.0,0.133,6.909358625270745e+28,30.0,70.0,35,0.0,0.0,0.0,0.0,0.0,0.0,0.0,0.0,0.0,0.0,0.0,0.0,0.0,0.0,0.0,0.0,66.4,0,150,71,51,65476,0,300,0,0,8,20529,65476,0,0,44564,70.0,0.0,0.0,0.0,0.0,0.0
2026-09-10T21:36:55,ERR,ERR,ERR,ERR,ERR,ERR,ERR,ERR,ERR,ERR,ERR,ERR,ERR,ERR,ERR,ERR,ERR,ERR,ERR,ERR,ERR,ERR,ERR,ERR,ERR,ERR,ERR,ERR,ERR,ERR,ERR,ERR,ERR,ERR,ERR,ERR,ERR,ERR,ERR,ERR,ERR,ERR,ERR,ERR,ERR,ERR,ERR,ERR,ERR,ERR,ERR,ERR,ERR,ERR,ERR,ERR,ERR,ERR,ERR,ERR,ERR,ERR,ERR,ERR,ERR,ERR,ERR,ERR,ERR,ERR,ERR,ERR,ERR,ERR,ERR,ERR,ERR,ERR,ERR,ERR,ERR,ERR,ERR,ERR,ERR,ERR,ERR,ERR,ERR,ERR,ERR,ERR,ERR,ERR,ERR,ERR,ERR,ERR,ERR,ERR,ERR,ERR,ERR,ERR,ERR,ERR,ERR,ERR,ERR,ERR,ERR,ERR,ERR,ERR,ERR,ERR,ERR,ERR,ERR,ERR,ERR,ERR,ERR,ERR,ERR,0.0,0.0,2.6474835549302285e+23,0.0,0.0,1.3936040501711995e+18,7.805,0.0,0,0,4,0,7116,0.0,100,0.0,0.0,0.0,0.0,0.0,0,0,0,0,0.0,0,0,0,0,0,0,0,0,0,0,0,0,0,0,0,0,0,0,0,0,0,0,0,0,0,0,0,0,0,0,0,0,0,31,40,40,71,65476,0,300,0,0,8,21553,0.0,-107605600.0,0.0,0.0,0.0,0.0,0.0,0.0,0.0,0.0,0.0,0.0,0.0,0.0,0.0,0.0,0.0,0.0,0.0,0.0,0.0,0.0,-2.004,2.004,0.0,0.0,0.0,0.0,0.0,0.0,4495.0,-0.0,6930.0,0.0,0.0,0.0,-0.0,0.0,0.0,0.0,0.0,69,-1.905698635870372e+17,-3.221995019611257e+26,0.0,0.0,0.0,0.0,0.0,0.0,0.0,0,0,0,0.0,0.0,0.0,0.0,0.0,0.0,0.0,0.0,0.0,0.0,0.0,0.0,0.0,0.0,0.0,0.0,0,-107875648.0,69,0.0,138,0.0,0.0,0,52429,17085,39322,17100,0,17080,0,0,0,70,68,100,0.0,82.0,0.0,78.4,-107615464.0,78.5,1,49,50,180,52429,0,0,0,0.0,0.0,0.0,0.0,-0.0,67.0,0.0,162057.094,0.0,974,0,1000,0,0,0,949,0,1023,0,920,0,789,0,780,0,822,0,7520,0.032,6.888705990025911e+19,0.0,0.0,784,16797,-0.0,162057.094,-114818.039,-0.0,0.133,6.909358625270745e+28,30.0,70.0,35,0.0,0.0,0.0,0.0,0.0,0.0,0.0,0.0,0.0,0.0,0.0,0.0,0.0,0.0,0.0,0.0,66.4,0,150,71,51,65476,0,300,0,0,8,20529,65476,0,0,44564,70.0,0.0,0.0,0.0,0.0,0.0
2026-09-10T21:36:56,ERR,ERR,ERR,ERR,ERR,ERR,ERR,ERR,ERR,ERR,ERR,ERR,ERR,ERR,ERR,ERR,ERR,ERR,ERR,ERR,ERR,ERR,ERR,ERR,ERR,ERR,ERR,ERR,ERR,ERR,ERR,ERR,ERR,ERR,ERR,ERR,ERR,ERR,ERR,ERR,ERR,ERR,ERR,ERR,ERR,ERR,ERR,ERR,ERR,ERR,ERR,ERR,ERR,ERR,ERR,ERR,ERR,ERR,ERR,ERR,ERR,ERR,ERR,ERR,ERR,ERR,ERR,ERR,ERR,ERR,ERR,ERR,ERR,ERR,ERR,ERR,ERR,ERR,ERR,ERR,ERR,ERR,ERR,ERR,ERR,ERR,ERR,ERR,ERR,ERR,ERR,ERR,ERR,ERR,ERR,ERR,ERR,ERR,ERR,ERR,ERR,ERR,ERR,ERR,ERR,ERR,ERR,ERR,ERR,ERR,ERR,ERR,ERR,ERR,ERR,ERR,ERR,ERR,ERR,ERR,ERR,ERR,ERR,ERR,ERR,0.0,0.0,2.6474835549302285e+23,0.0,0.0,1.3936040501711995e+18,7.805,0.0,0,0,4,0,7116,0.0,100,0.0,0.0,0.0,0.0,0.0,0,0,0,0,0.0,0,0,0,0,0,0,0,0,0,0,0,0,0,0,0,0,0,0,0,0,0,0,0,0,0,0,0,0,0,0,0,0,0,31,40,40,71,65476,0,300,0,0,8,21553,0.0,-107605600.0,0.0,0.0,0.0,0.0,0.0,0.0,0.0,0.0,0.0,0.0,0.0,0.0,0.0,0.0,0.0,0.0,0.0,0.0,0.0,0.0,-2.004,2.004,0.0,0.0,0.0,0.0,0.0,0.0,4495.0,-0.0,6930.0,0.0,0.0,0.0,-0.0,0.0,0.0,0.0,0.0,69,-1.905698635870372e+17,-3.221995019611257e+26,0.0,0.0,0.0,0.0,0.0,0.0,0.0,0,0,0,0.0,0.0,0.0,0.0,0.0,0.0,0.0,0.0,0.0,0.0,0.0,0.0,0.0,0.0,0.0,0.0,0,-107875648.0,69,0.0,138,0.0,0.0,0,52429,17085,39322,17100,0,17080,0,0,0,70,68,100,0.0,82.0,0.0,78.4,-107615464.0,78.5,1,49,50,180,52429,0,0,0,0.0,0.0,0.0,0.0,-0.0,67.0,0.0,162057.094,0.0,974,0,1000,0,0,0,949,0,1023,0,920,0,789,0,780,0,822,0,7520,0.032,6.888705990025911e+19,0.0,0.0,784,16797,-0.0,162057.094,-114818.039,-0.0,0.133,6.909358625270745e+28,30.0,70.0,35,0.0,0.0,0.0,0.0,0.0,0.0,0.0,0.0,0.0,0.0,0.0,0.0,0.0,0.0,0.0,0.0,66.4,0,150,71,51,65476,0,300,0,0,8,20529,65476,0,0,44564,70.0,0.0,0.0,0.0,0.0,0.0
2026-09-10T21:36:57,ERR,ERR,ERR,ERR,ERR,ERR,ERR,ERR,ERR,ERR,ERR,ERR,ERR,ERR,ERR,ERR,ERR,ERR,ERR,ERR,ERR,ERR,ERR,ERR,ERR,ERR,ERR,ERR,ERR,ERR,ERR,ERR,ERR,ERR,ERR,ERR,ERR,ERR,ERR,ERR,ERR,ERR,ERR,ERR,ERR,ERR,ERR,ERR,ERR,ERR,ERR,ERR,ERR,ERR,ERR,ERR,ERR,ERR,ERR,ERR,ERR,ERR,ERR,ERR,ERR,ERR,ERR,ERR,ERR,ERR,ERR,ERR,ERR,ERR,ERR,ERR,ERR,ERR,ERR,ERR,ERR,ERR,ERR,ERR,ERR,ERR,ERR,ERR,ERR,ERR,ERR,ERR,ERR,ERR,ERR,ERR,ERR,ERR,ERR,ERR,ERR,ERR,ERR,ERR,ERR,ERR,ERR,ERR,ERR,ERR,ERR,ERR,ERR,ERR,ERR,ERR,ERR,ERR,ERR,ERR,ERR,ERR,ERR,ERR,ERR,0.0,0.0,2.6474835549302285e+23,0.0,0.0,1.3936040501711995e+18,7.805,0.0,0,0,4,0,7116,0.0,100,0.0,0.0,0.0,0.0,0.0,0,0,0,0,0.0,0,0,0,0,0,0,0,0,0,0,0,0,0,0,0,0,0,0,0,0,0,0,0,0,0,0,0,0,0,0,0,0,0,31,40,40,71,65476,0,300,0,0,8,21553,0.0,-107605600.0,0.0,0.0,0.0,0.0,0.0,0.0,0.0,0.0,0.0,0.0,0.0,0.0,0.0,0.0,0.0,0.0,0.0,0.0,0.0,0.0,-2.004,2.004,0.0,0.0,0.0,0.0,0.0,0.0,4495.0,-0.0,6930.0,0.0,0.0,0.0,-0.0,0.0,0.0,0.0,0.0,69,-1.905698635870372e+17,-3.221995019611257e+26,0.0,0.0,0.0,0.0,0.0,0.0,0.0,0,0,0,0.0,0.0,0.0,0.0,0.0,0.0,0.0,0.0,0.0,0.0,0.0,0.0,0.0,0.0,0.0,0.0,0,-107875648.0,69,0.0,138,0.0,0.0,0,52429,17085,39322,17100,0,17080,0,0,0,70,68,100,0.0,82.0,0.0,78.4,-107615464.0,78.5,1,49,50,180,52429,0,0,0,0.0,0.0,0.0,0.0,-0.0,67.0,0.0,162057.094,0.0,974,0,1000,0,0,0,949,0,1023,0,920,0,789,0,780,0,822,0,7520,0.032,6.888705990025911e+19,0.0,0.0,784,16797,-0.0,162057.094,-114818.039,-0.0,0.133,6.909358625270745e+28,30.0,70.0,35,0.0,0.0,0.0,0.0,0.0,0.0,0.0,0.0,0.0,0.0,0.0,0.0,0.0,0.0,0.0,0.0,66.4,0,150,71,51,65476,0,300,0,0,8,20529,65476,0,0,44564,70.0,0.0,0.0,0.0,0.0,0.0
2026-09-10T21:36:58,ERR,ERR,ERR,ERR,ERR,ERR,ERR,ERR,ERR,ERR,ERR,ERR,ERR,ERR,ERR,ERR,ERR,ERR,ERR,ERR,ERR,ERR,ERR,ERR,ERR,ERR,ERR,ERR,ERR,ERR,ERR,ERR,ERR,ERR,ERR,ERR,ERR,ERR,ERR,ERR,ERR,ERR,ERR,ERR,ERR,ERR,ERR,ERR,ERR,ERR,ERR,ERR,ERR,ERR,ERR,ERR,ERR,ERR,ERR,ERR,ERR,ERR,ERR,ERR,ERR,ERR,ERR,ERR,ERR,ERR,ERR,ERR,ERR,ERR,ERR,ERR,ERR,ERR,ERR,ERR,ERR,ERR,ERR,ERR,ERR,ERR,ERR,ERR,ERR,ERR,ERR,ERR,ERR,ERR,ERR,ERR,ERR,ERR,ERR,ERR,ERR,ERR,ERR,ERR,ERR,ERR,ERR,ERR,ERR,ERR,ERR,ERR,ERR,ERR,ERR,ERR,ERR,ERR,ERR,ERR,ERR,ERR,ERR,ERR,ERR,0.0,0.0,2.6474835549302285e+23,0.0,0.0,1.3936040501711995e+18,7.805,0.0,0,0,4,0,7116,0.0,100,0.0,0.0,0.0,0.0,0.0,0,0,0,0,0.0,0,0,0,0,0,0,0,0,0,0,0,0,0,0,0,0,0,0,0,0,0,0,0,0,0,0,0,0,0,0,0,0,0,31,40,40,71,65476,0,300,0,0,8,21553,0.0,-107605600.0,0.0,0.0,0.0,0.0,0.0,0.0,0.0,0.0,0.0,0.0,0.0,0.0,0.0,0.0,0.0,0.0,0.0,0.0,0.0,0.0,-2.004,2.004,0.0,0.0,0.0,0.0,0.0,0.0,4495.0,-0.0,6930.0,0.0,0.0,0.0,-0.0,0.0,0.0,0.0,0.0,69,-1.905698635870372e+17,-3.221995019611257e+26,0.0,0.0,0.0,0.0,0.0,0.0,0.0,0,0,0,0.0,0.0,0.0,0.0,0.0,0.0,0.0,0.0,0.0,0.0,0.0,0.0,0.0,0.0,0.0,0.0,0,-107875648.0,69,0.0,138,0.0,0.0,0,52429,17085,39322,17100,0,17080,0,0,0,70,68,100,0.0,82.0,0.0,78.4,-107615464.0,78.5,1,49,50,180,52429,0,0,0,0.0,0.0,0.0,0.0,-0.0,67.0,0.0,162057.094,0.0,974,0,1000,0,0,0,949,0,1023,0,920,0,789,0,780,0,822,0,7520,0.032,6.888705990025911e+19,0.0,0.0,784,16797,-0.0,162057.094,-114818.039,-0.0,0.133,6.909358625270745e+28,30.0,70.0,35,0.0,0.0,0.0,0.0,0.0,0.0,0.0,0.0,0.0,0.0,0.0,0.0,0.0,0.0,0.0,0.0,66.4,0,150,71,51,65476,0,300,0,0,8,20529,65476,0,0,44564,70.0,0.0,0.0,0.0,0.0,0.0
2026-09-10T21:36:59,ERR,ERR,ERR,ERR,ERR,ERR,ERR,ERR,ERR,ERR,ERR,ERR,ERR,ERR,ERR,ERR,ERR,ERR,ERR,ERR,ERR,ERR,ERR,ERR,ERR,ERR,ERR,ERR,ERR,ERR,ERR,ERR,ERR,ERR,ERR,ERR,ERR,ERR,ERR,ERR,ERR,ERR,ERR,ERR,ERR,ERR,ERR,ERR,ERR,ERR,ERR,ERR,ERR,ERR,ERR,ERR,ERR,ERR,ERR,ERR,ERR,ERR,ERR,ERR,ERR,ERR,ERR,ERR,ERR,ERR,ERR,ERR,ERR,ERR,ERR,ERR,ERR,ERR,ERR,ERR,ERR,ERR,ERR,ERR,ERR,ERR,ERR,ERR,ERR,ERR,ERR,ERR,ERR,ERR,ERR,ERR,ERR,ERR,ERR,ERR,ERR,ERR,ERR,ERR,ERR,ERR,ERR,ERR,ERR,ERR,ERR,ERR,ERR,ERR,ERR,ERR,ERR,ERR,ERR,ERR,ERR,ERR,ERR,ERR,ERR,0.0,0.0,2.6474835549302285e+23,0.0,0.0,1.3936040501711995e+18,7.805,0.0,0,0,4,0,7116,0.0,100,0.0,0.0,0.0,0.0,0.0,0,0,0,0,0.0,0,0,0,0,0,0,0,0,0,0,0,0,0,0,0,0,0,0,0,0,0,0,0,0,0,0,0,0,0,0,0,0,0,31,40,40,71,65476,0,300,0,0,8,21553,0.0,-107605600.0,0.0,0.0,0.0,0.0,0.0,0.0,0.0,0.0,0.0,0.0,0.0,0.0,0.0,0.0,0.0,0.0,0.0,0.0,0.0,0.0,-2.004,2.004,0.0,0.0,0.0,0.0,0.0,0.0,4495.0,-0.0,6930.0,0.0,0.0,0.0,-0.0,0.0,0.0,0.0,0.0,69,-1.905698635870372e+17,-3.221995019611257e+26,0.0,0.0,0.0,0.0,0.0,0.0,0.0,0,0,0,0.0,0.0,0.0,0.0,0.0,0.0,0.0,0.0,0.0,0.0,0.0,0.0,0.0,0.0,0.0,0.0,0,-107875648.0,69,0.0,138,0.0,0.0,0,52429,17085,39322,17100,0,17080,0,0,0,70,68,100,0.0,82.0,0.0,78.4,-107615464.0,78.5,1,49,50,180,52429,0,0,0,0.0,0.0,0.0,0.0,-0.0,67.0,0.0,162057.094,0.0,974,0,1000,0,0,0,949,0,1023,0,920,0,789,0,780,0,822,0,7520,0.032,6.888705990025911e+19,0.0,0.0,784,16797,-0.0,162057.094,-114818.039,-0.0,0.133,6.909358625270745e+28,30.0,70.0,35,0.0,0.0,0.0,0.0,0.0,0.0,0.0,0.0,0.0,0.0,0.0,0.0,0.0,0.0,0.0,0.0,66.4,0,150,71,51,65476,0,300,0,0,8,20529,65476,0,0,44564,70.0,0.0,0.0,0.0,0.0,0.0
2026-09-10T21:37:00,ERR,ERR,ERR,ERR,ERR,ERR,ERR,ERR,ERR,ERR,ERR,ERR,ERR,ERR,ERR,ERR,ERR,ERR,ERR,ERR,ERR,ERR,ERR,ERR,ERR,ERR,ERR,ERR,ERR,ERR,ERR,ERR,ERR,ERR,ERR,ERR,ERR,ERR,ERR,ERR,ERR,ERR,ERR,ERR,ERR,ERR,ERR,ERR,ERR,ERR,ERR,ERR,ERR,ERR,ERR,ERR,ERR,ERR,ERR,ERR,ERR,ERR,ERR,ERR,ERR,ERR,ERR,ERR,ERR,ERR,ERR,ERR,ERR,ERR,ERR,ERR,ERR,ERR,ERR,ERR,ERR,ERR,ERR,ERR,ERR,ERR,ERR,ERR,ERR,ERR,ERR,ERR,ERR,ERR,ERR,ERR,ERR,ERR,ERR,ERR,ERR,ERR,ERR,ERR,ERR,ERR,ERR,ERR,ERR,ERR,ERR,ERR,ERR,ERR,ERR,ERR,ERR,ERR,ERR,ERR,ERR,ERR,ERR,ERR,ERR,0.0,0.0,2.6474835549302285e+23,0.0,0.0,1.3936040501711995e+18,7.805,0.0,0,0,4,0,7116,0.0,100,0.0,0.0,0.0,0.0,0.0,0,0,0,0,0.0,0,0,0,0,0,0,0,0,0,0,0,0,0,0,0,0,0,0,0,0,0,0,0,0,0,0,0,0,0,0,0,0,0,31,40,40,71,65476,0,300,0,0,8,21553,0.0,-107605600.0,0.0,0.0,0.0,0.0,0.0,0.0,0.0,0.0,0.0,0.0,0.0,0.0,0.0,0.0,0.0,0.0,0.0,0.0,0.0,0.0,-2.004,2.004,0.0,0.0,0.0,0.0,0.0,0.0,4495.0,-0.0,6930.0,0.0,0.0,0.0,-0.0,0.0,0.0,0.0,0.0,69,-1.905698635870372e+17,-3.221995019611257e+26,0.0,0.0,0.0,0.0,0.0,0.0,0.0,0,0,0,0.0,0.0,0.0,0.0,0.0,0.0,0.0,0.0,0.0,0.0,0.0,0.0,0.0,0.0,0.0,0.0,0,-107875648.0,69,0.0,138,0.0,0.0,0,52429,17085,39322,17100,0,17080,0,0,0,70,68,100,2.7302399002429377e+23,82.0,0.0,78.4,-107615464.0,78.5,1,49,50,180,52429,0,0,0,0.0,0.0,0.0,0.0,-0.0,67.0,0.0,162057.094,0.0,974,0,1000,0,0,0,949,0,1023,0,920,0,789,0,780,0,822,0,7520,0.032,5.505200184497694e+19,0.0,0.0,784,16797,-0.0,162057.094,-114818.039,-0.0,0.133,6.909358625270745e+28,30.0,70.0,35,0.0,0.0,0.0,0.0,0.0,0.0,0.0,0.0,0.0,0.0,0.0,0.0,0.0,0.0,0.0,0.0,66.4,0,150,71,51,65476,0,300,0,0,8,20529,65476,0,0,44564,70.0,0.0,0.0,0.0,0.0,0.0
2026-09-10T21:37:01,ERR,ERR,ERR,ERR,ERR,ERR,ERR,ERR,ERR,ERR,ERR,ERR,ERR,ERR,ERR,ERR,ERR,ERR,ERR,ERR,ERR,ERR,ERR,ERR,ERR,ERR,ERR,ERR,ERR,ERR,ERR,ERR,ERR,ERR,ERR,ERR,ERR,ERR,ERR,ERR,ERR,ERR,ERR,ERR,ERR,ERR,ERR,ERR,ERR,ERR,ERR,ERR,ERR,ERR,ERR,ERR,ERR,ERR,ERR,ERR,ERR,ERR,ERR,ERR,ERR,ERR,ERR,ERR,ERR,ERR,ERR,ERR,ERR,ERR,ERR,ERR,ERR,ERR,ERR,ERR,ERR,ERR,ERR,ERR,ERR,ERR,ERR,ERR,ERR,ERR,ERR,ERR,ERR,ERR,ERR,ERR,ERR,ERR,ERR,ERR,ERR,ERR,ERR,ERR,ERR,ERR,ERR,ERR,ERR,ERR,ERR,ERR,ERR,ERR,ERR,ERR,ERR,ERR,ERR,ERR,ERR,ERR,ERR,ERR,ERR,0.0,0.0,2.6474835549302285e+23,0.0,0.0,1.3936040501711995e+18,7.805,0.0,0,0,4,0,7116,0.0,100,0.0,0.0,0.0,0.0,0.0,0,0,0,0,0.0,0,0,0,0,0,0,0,0,0,0,0,0,0,0,0,0,0,0,0,0,0,0,0,0,0,0,0,0,0,0,0,0,0,31,40,40,71,65476,0,300,0,0,8,21553,0.0,-107605600.0,0.0,0.0,0.0,0.0,0.0,0.0,0.0,0.0,0.0,0.0,0.0,0.0,0.0,0.0,0.0,0.0,0.0,0.0,0.0,0.0,-2.004,2.004,0.0,0.0,0.0,0.0,0.0,0.0,4495.0,-0.0,6930.0,0.0,0.0,0.0,-0.0,0.0,0.0,0.0,0.0,69,-1.905698635870372e+17,-3.221995019611257e+26,0.0,0.0,0.0,0.0,0.0,0.0,0.0,0,0,0,0.0,0.0,0.0,0.0,0.0,0.0,0.0,0.0,0.0,0.0,0.0,0.0,0.0,0.0,0.0,0.0,0,-107875648.0,69,0.0,138,0.0,0.0,0,52429,17085,39322,17100,0,17080,0,0,0,70,68,100,2.7302399002429377e+23,82.0,0.0,78.4,-107615464.0,78.5,1,49,50,180,52429,0,0,0,0.0,0.0,0.0,0.0,-0.0,67.0,0.0,162057.094,0.0,974,0,1000,0,0,0,949,0,1023,0,920,0,789,0,780,0,822,0,7520,0.032,5.505200184497694e+19,0.0,0.0,784,16797,-0.0,162057.094,-114818.039,-0.0,0.133,6.909358625270745e+28,30.0,70.0,35,0.0,0.0,0.0,0.0,0.0,0.0,0.0,0.0,0.0,0.0,0.0,0.0,0.0,0.0,0.0,0.0,66.4,0,150,71,51,65476,0,300,0,0,8,20529,65476,0,0,44564,70.0,0.0,0.0,0.0,0.0,0.0
2026-09-10T21:37:02,ERR,ERR,ERR,ERR,ERR,ERR,ERR,ERR,ERR,ERR,ERR,ERR,ERR,ERR,ERR,ERR,ERR,ERR,ERR,ERR,ERR,ERR,ERR,ERR,ERR,ERR,ERR,ERR,ERR,ERR,ERR,ERR,ERR,ERR,ERR,ERR,ERR,ERR,ERR,ERR,ERR,ERR,ERR,ERR,ERR,ERR,ERR,ERR,ERR,ERR,ERR,ERR,ERR,ERR,ERR,ERR,ERR,ERR,ERR,ERR,ERR,ERR,ERR,ERR,ERR,ERR,ERR,ERR,ERR,ERR,ERR,ERR,ERR,ERR,ERR,ERR,ERR,ERR,ERR,ERR,ERR,ERR,ERR,ERR,ERR,ERR,ERR,ERR,ERR,ERR,ERR,ERR,ERR,ERR,ERR,ERR,ERR,ERR,ERR,ERR,ERR,ERR,ERR,ERR,ERR,ERR,ERR,ERR,ERR,ERR,ERR,ERR,ERR,ERR,ERR,ERR,ERR,ERR,ERR,ERR,ERR,ERR,ERR,ERR,ERR,0.0,0.0,2.6474835549302285e+23,0.0,0.0,1.3936040501711995e+18,7.805,0.0,0,0,4,0,7116,0.0,100,0.0,0.0,0.0,0.0,0.0,0,0,0,0,0.0,0,0,0,0,0,0,0,0,0,0,0,0,0,0,0,0,0,0,0,0,0,0,0,0,0,0,0,0,0,0,0,0,0,31,40,40,71,65476,0,300,0,0,8,21553,0.0,-107605600.0,0.0,0.0,0.0,0.0,0.0,0.0,0.0,0.0,0.0,0.0,0.0,0.0,0.0,0.0,0.0,0.0,0.0,0.0,0.0,0.0,-2.004,2.004,0.0,0.0,0.0,0.0,0.0,0.0,4493.0,2.4229832928462634e+24,6924.0,0.0,0.0,0.0,-0.0,0.0,0.0,0.0,0.0,69,-126841143296.0,-0.0,0.0,0.0,0.0,0.0,0.0,0.0,0.0,0,0,0,0.0,0.0,0.0,0.0,0.0,0.0,0.0,0.0,0.0,0.0,0.0,0.0,0.0,0.0,0.0,0.0,0,-107875648.0,69,0.0,138,0.0,0.0,0,52429,17085,39322,17100,0,17080,0,0,0,70,68,100,2.7302399002429377e+23,82.0,0.0,78.4,-107615464.0,78.5,1,49,50,180,52429,0,0,0,0.0,0.0,0.0,0.0,-0.0,67.0,0.0,162057.094,0.0,974,0,1000,0,0,0,949,0,1023,0,920,0,789,0,780,0,822,0,7520,0.032,5.505200184497694e+19,0.0,0.0,784,16797,-0.0,162057.094,-114818.039,-0.0,0.133,6.909358625270745e+28,30.0,70.0,35,0.0,0.0,0.0,0.0,0.0,0.0,0.0,0.0,0.0,0.0,0.0,0.0,0.0,0.0,0.0,0.0,66.4,0,150,71,51,65476,0,300,0,0,8,20529,65476,0,0,44564,70.0,0.0,0.0,0.0,0.0,0.0
2026-09-10T21:37:03,ERR,ERR,ERR,ERR,ERR,ERR,ERR,ERR,ERR,ERR,ERR,ERR,ERR,ERR,ERR,ERR,ERR,ERR,ERR,ERR,ERR,ERR,ERR,ERR,ERR,ERR,ERR,ERR,ERR,ERR,ERR,ERR,ERR,ERR,ERR,ERR,ERR,ERR,ERR,ERR,ERR,ERR,ERR,ERR,ERR,ERR,ERR,ERR,ERR,ERR,ERR,ERR,ERR,ERR,ERR,ERR,ERR,ERR,ERR,ERR,ERR,ERR,ERR,ERR,ERR,ERR,ERR,ERR,ERR,ERR,ERR,ERR,ERR,ERR,ERR,ERR,ERR,ERR,ERR,ERR,ERR,ERR,ERR,ERR,ERR,ERR,ERR,ERR,ERR,ERR,ERR,ERR,ERR,ERR,ERR,ERR,ERR,ERR,ERR,ERR,ERR,ERR,ERR,ERR,ERR,ERR,ERR,ERR,ERR,ERR,ERR,ERR,ERR,ERR,ERR,ERR,ERR,ERR,ERR,ERR,ERR,ERR,ERR,ERR,ERR,0.0,0.0,2.6474835549302285e+23,0.0,0.0,1.3936040501711995e+18,7.805,0.0,0,0,4,0,7116,0.0,100,0.0,0.0,0.0,0.0,0.0,0,0,0,0,0.0,0,0,0,0,0,0,0,0,0,0,0,0,0,0,0,0,0,0,0,0,0,0,0,0,0,0,0,0,0,0,0,0,0,31,40,40,71,65476,0,300,0,0,8,21553,0.0,-107605600.0,0.0,0.0,0.0,0.0,0.0,0.0,0.0,0.0,0.0,0.0,0.0,0.0,0.0,0.0,0.0,0.0,0.0,0.0,0.0,0.0,-2.004,2.004,0.0,0.0,0.0,0.0,0.0,0.0,4493.0,2.4229832928462634e+24,6924.0,0.0,0.0,0.0,-0.0,0.0,0.0,0.0,0.0,69,-126841143296.0,-0.0,0.0,0.0,0.0,0.0,0.0,0.0,0.0,0,0,0,0.0,0.0,0.0,0.0,0.0,0.0,0.0,0.0,0.0,0.0,0.0,0.0,0.0,0.0,0.0,0.0,0,-107875648.0,69,0.0,138,0.0,0.0,0,52429,17085,39322,17100,0,17080,0,0,0,70,68,100,2.7302399002429377e+23,82.0,0.0,78.4,-107615464.0,78.5,1,49,50,180,52429,0,0,0,0.0,0.0,0.0,0.0,-0.0,67.0,0.0,162057.094,0.0,974,0,1000,0,0,0,949,0,1023,0,920,0,789,0,780,0,822,0,7520,0.032,5.505200184497694e+19,0.0,0.0,784,16797,-0.0,162057.094,-114818.039,-0.0,0.133,6.909358625270745e+28,30.0,70.0,35,0.0,0.0,0.0,0.0,0.0,0.0,0.0,0.0,0.0,0.0,0.0,0.0,0.0,0.0,0.0,0.0,66.4,0,150,71,51,65476,0,300,0,0,8,20529,65476,0,0,44564,70.0,0.0,0.0,0.0,0.0,0.0
2026-09-10T21:37:04,ERR,ERR,ERR,ERR,ERR,ERR,ERR,ERR,ERR,ERR,ERR,ERR,ERR,ERR,ERR,ERR,ERR,ERR,ERR,ERR,ERR,ERR,ERR,ERR,ERR,ERR,ERR,ERR,ERR,ERR,ERR,ERR,ERR,ERR,ERR,ERR,ERR,ERR,ERR,ERR,ERR,ERR,ERR,ERR,ERR,ERR,ERR,ERR,ERR,ERR,ERR,ERR,ERR,ERR,ERR,ERR,ERR,ERR,ERR,ERR,ERR,ERR,ERR,ERR,ERR,ERR,ERR,ERR,ERR,ERR,ERR,ERR,ERR,ERR,ERR,ERR,ERR,ERR,ERR,ERR,ERR,ERR,ERR,ERR,ERR,ERR,ERR,ERR,ERR,ERR,ERR,ERR,ERR,ERR,ERR,ERR,ERR,ERR,ERR,ERR,ERR,ERR,ERR,ERR,ERR,ERR,ERR,ERR,ERR,ERR,ERR,ERR,ERR,ERR,ERR,ERR,ERR,ERR,ERR,ERR,ERR,ERR,ERR,ERR,ERR,0.0,0.0,2.6474835549302285e+23,0.0,0.0,1.3936040501711995e+18,7.805,0.0,0,0,4,0,7116,0.0,100,0.0,0.0,0.0,0.0,0.0,0,0,0,0,0.0,0,0,0,0,0,0,0,0,0,0,0,0,0,0,0,0,0,0,0,0,0,0,0,0,0,0,0,0,0,0,0,0,0,31,40,40,71,65476,0,300,0,0,8,21553,0.0,-107605600.0,0.0,0.0,0.0,0.0,0.0,0.0,0.0,0.0,0.0,0.0,0.0,0.0,0.0,0.0,0.0,0.0,0.0,0.0,0.0,0.0,-2.004,2.004,0.0,0.0,0.0,0.0,0.0,0.0,4493.0,2.4229832928462634e+24,6924.0,0.0,0.0,0.0,-0.0,0.0,0.0,0.0,0.0,69,-126841143296.0,-0.0,0.0,0.0,0.0,0.0,0.0,0.0,0.0,0,0,0,0.0,0.0,0.0,0.0,0.0,0.0,0.0,0.0,0.0,0.0,0.0,0.0,0.0,0.0,0.0,0.0,0,-107875648.0,69,0.0,138,0.0,0.0,0,52429,17085,39322,17100,0,17080,0,0,0,70,68,100,2.7302399002429377e+23,82.0,0.0,78.4,-107615464.0,78.5,1,49,50,180,52429,0,0,0,0.0,0.0,0.0,0.0,-0.0,67.0,0.0,162057.094,0.0,974,0,1000,0,0,0,949,0,1023,0,920,0,789,0,780,0,822,0,7520,0.032,5.505200184497694e+19,0.0,0.0,784,16797,-0.0,162057.094,-114818.039,-0.0,0.133,6.909358625270745e+28,30.0,70.0,35,0.0,0.0,0.0,0.0,0.0,0.0,0.0,0.0,0.0,0.0,0.0,0.0,0.0,0.0,0.0,0.0,66.4,0,150,71,51,65476,0,300,0,0,8,20529,65476,0,0,44564,70.0,0.0,0.0,0.0,0.0,0.0
2026-09-10T21:37:05,ERR,ERR,ERR,ERR,ERR,ERR,ERR,ERR,ERR,ERR,ERR,ERR,ERR,ERR,ERR,ERR,ERR,ERR,ERR,ERR,ERR,ERR,ERR,ERR,ERR,ERR,ERR,ERR,ERR,ERR,ERR,ERR,ERR,ERR,ERR,ERR,ERR,ERR,ERR,ERR,ERR,ERR,ERR,ERR,ERR,ERR,ERR,ERR,ERR,ERR,ERR,ERR,ERR,ERR,ERR,ERR,ERR,ERR,ERR,ERR,ERR,ERR,ERR,ERR,ERR,ERR,ERR,ERR,ERR,ERR,ERR,ERR,ERR,ERR,ERR,ERR,ERR,ERR,ERR,ERR,ERR,ERR,ERR,ERR,ERR,ERR,ERR,ERR,ERR,ERR,ERR,ERR,ERR,ERR,ERR,ERR,ERR,ERR,ERR,ERR,ERR,ERR,ERR,ERR,ERR,ERR,ERR,ERR,ERR,ERR,ERR,ERR,ERR,ERR,ERR,ERR,ERR,ERR,ERR,ERR,ERR,ERR,ERR,ERR,ERR,0.0,0.0,2.6474835549302285e+23,0.0,0.0,1.3936040501711995e+18,7.805,0.0,0,0,4,0,7116,0.0,100,0.0,0.0,0.0,0.0,0.0,0,0,0,0,0.0,0,0,0,0,0,0,0,0,0,0,0,0,0,0,0,0,0,0,0,0,0,0,0,0,0,0,0,0,0,0,0,0,0,31,40,40,71,65476,0,300,0,0,8,21553,0.0,-107605600.0,0.0,0.0,0.0,0.0,0.0,0.0,0.0,0.0,0.0,0.0,0.0,0.0,0.0,0.0,0.0,0.0,0.0,0.0,0.0,0.0,-2.004,2.004,0.0,0.0,0.0,0.0,0.0,0.0,4493.0,2.4229832928462634e+24,6924.0,0.0,0.0,0.0,-0.0,0.0,0.0,0.0,0.0,69,-126841143296.0,-0.0,0.0,0.0,0.0,0.0,0.0,0.0,0.0,0,0,0,0.0,0.0,0.0,0.0,0.0,0.0,0.0,0.0,0.0,0.0,0.0,0.0,0.0,0.0,0.0,0.0,0,-107875648.0,69,0.0,138,0.0,0.0,0,52429,17085,39322,17100,0,17080,0,0,0,70,68,100,2.7302399002429377e+23,82.0,0.0,78.4,-107615464.0,78.5,1,49,50,180,52429,0,0,0,0.0,0.0,0.0,0.0,-0.0,67.0,0.0,162057.094,0.0,974,0,1000,0,0,0,949,0,1023,0,920,0,789,0,780,0,822,0,7520,0.032,5.822253598264577e+19,0.0,0.0,784,16797,-0.0,162057.094,-114818.039,-0.0,0.133,6.909358625270745e+28,30.0,70.0,35,0.0,0.0,0.0,0.0,0.0,0.0,0.0,0.0,0.0,0.0,0.0,0.0,0.0,0.0,0.0,0.0,66.4,0,150,71,51,65476,0,300,0,0,8,20529,65476,0,0,44564,70.0,0.0,0.0,0.0,0.0,0.0
2026-09-10T21:37:06,ERR,ERR,ERR,ERR,ERR,ERR,ERR,ERR,ERR,ERR,ERR,ERR,ERR,ERR,ERR,ERR,ERR,ERR,ERR,ERR,ERR,ERR,ERR,ERR,ERR,ERR,ERR,ERR,ERR,ERR,ERR,ERR,ERR,ERR,ERR,ERR,ERR,ERR,ERR,ERR,ERR,ERR,ERR,ERR,ERR,ERR,ERR,ERR,ERR,ERR,ERR,ERR,ERR,ERR,ERR,ERR,ERR,ERR,ERR,ERR,ERR,ERR,ERR,ERR,ERR,ERR,ERR,ERR,ERR,ERR,ERR,ERR,ERR,ERR,ERR,ERR,ERR,ERR,ERR,ERR,ERR,ERR,ERR,ERR,ERR,ERR,ERR,ERR,ERR,ERR,ERR,ERR,ERR,ERR,ERR,ERR,ERR,ERR,ERR,ERR,ERR,ERR,ERR,ERR,ERR,ERR,ERR,ERR,ERR,ERR,ERR,ERR,ERR,ERR,ERR,ERR,ERR,ERR,ERR,ERR,ERR,ERR,ERR,ERR,ERR,0.0,0.0,2.6474835549302285e+23,0.0,0.0,1.3936040501711995e+18,7.805,0.0,0,0,4,0,7116,0.0,100,0.0,0.0,0.0,0.0,0.0,0,0,0,0,0.0,0,0,0,0,0,0,0,0,0,0,0,0,0,0,0,0,0,0,0,0,0,0,0,0,0,0,0,0,0,0,0,0,0,31,40,40,71,65476,0,300,0,0,8,21553,0.0,-107605600.0,0.0,0.0,0.0,0.0,0.0,0.0,0.0,0.0,0.0,0.0,0.0,0.0,0.0,0.0,0.0,0.0,0.0,0.0,0.0,0.0,-2.004,2.004,0.0,0.0,0.0,0.0,0.0,0.0,4493.0,2.4229832928462634e+24,6924.0,0.0,0.0,0.0,-0.0,0.0,0.0,0.0,0.0,69,-126841143296.0,-0.0,0.0,0.0,0.0,0.0,0.0,0.0,0.0,0,0,0,0.0,0.0,0.0,0.0,0.0,0.0,0.0,0.0,0.0,0.0,0.0,0.0,0.0,0.0,0.0,0.0,0,-107875648.0,69,0.0,138,0.0,0.0,0,52429,17085,39322,17100,0,17080,0,0,0,70,68,100,2.7302399002429377e+23,82.0,0.0,78.4,-107615464.0,78.5,1,49,50,180,52429,0,0,0,0.0,0.0,0.0,0.0,-0.0,67.0,0.0,162057.094,0.0,974,0,1000,0,0,0,949,0,1023,0,920,0,789,0,780,0,822,0,7520,0.032,5.822253598264577e+19,0.0,0.0,784,16797,-0.0,162057.094,-114818.039,-0.0,0.133,6.909358625270745e+28,30.0,70.0,35,0.0,0.0,0.0,0.0,0.0,0.0,0.0,0.0,0.0,0.0,0.0,0.0,0.0,0.0,0.0,0.0,66.8,0,150,71,51,65476,0,300,0,0,8,20529,65476,0,0,44564,70.0,0.0,0.0,0.0,0.0,0.0
2026-09-10T21:37:07,ERR,ERR,ERR,ERR,ERR,ERR,ERR,ERR,ERR,ERR,ERR,ERR,ERR,ERR,ERR,ERR,ERR,ERR,ERR,ERR,ERR,ERR,ERR,ERR,ERR,ERR,ERR,ERR,ERR,ERR,ERR,ERR,ERR,ERR,ERR,ERR,ERR,ERR,ERR,ERR,ERR,ERR,ERR,ERR,ERR,ERR,ERR,ERR,ERR,ERR,ERR,ERR,ERR,ERR,ERR,ERR,ERR,ERR,ERR,ERR,ERR,ERR,ERR,ERR,ERR,ERR,ERR,ERR,ERR,ERR,ERR,ERR,ERR,ERR,ERR,ERR,ERR,ERR,ERR,ERR,ERR,ERR,ERR,ERR,ERR,ERR,ERR,ERR,ERR,ERR,ERR,ERR,ERR,ERR,ERR,ERR,ERR,ERR,ERR,ERR,ERR,ERR,ERR,ERR,ERR,ERR,ERR,ERR,ERR,ERR,ERR,ERR,ERR,ERR,ERR,ERR,ERR,ERR,ERR,ERR,ERR,ERR,ERR,ERR,ERR,0.0,0.0,2.6474835549302285e+23,0.0,0.0,1.3936040501711995e+18,7.805,0.0,0,0,4,0,7116,0.0,100,0.0,0.0,0.0,0.0,0.0,0,0,0,0,0.0,0,0,0,0,0,0,0,0,0,0,0,0,0,0,0,0,0,0,0,0,0,0,0,0,0,0,0,0,0,0,0,0,0,31,40,40,71,65476,0,300,0,0,8,21553,0.0,-107605600.0,0.0,0.0,0.0,0.0,0.0,0.0,0.0,0.0,0.0,0.0,0.0,0.0,0.0,0.0,0.0,0.0,0.0,0.0,0.0,0.0,-2.004,2.004,0.0,0.0,0.0,0.0,0.0,0.0,4493.0,2.4229832928462634e+24,6924.0,0.0,0.0,0.0,-0.0,0.0,0.0,0.0,0.0,69,-126841143296.0,-0.0,0.0,0.0,0.0,0.0,0.0,0.0,0.0,0,0,0,0.0,0.0,0.0,0.0,0.0,0.0,0.0,0.0,0.0,0.0,0.0,0.0,0.0,0.0,0.0,0.0,0,-107875648.0,69,0.0,138,0.0,0.0,0,52429,17085,39322,17100,0,17080,0,0,0,70,68,100,2.7302399002429377e+23,82.0,0.0,78.4,-107615464.0,78.5,1,49,50,180,52429,0,0,0,0.0,0.0,0.0,0.0,-0.0,67.0,0.0,162057.094,0.0,974,0,1000,0,0,0,949,0,1023,0,920,0,789,0,780,0,822,0,7520,0.032,5.822253598264577e+19,0.0,0.0,784,16797,-0.0,162057.094,-114818.039,-0.0,0.133,6.909358625270745e+28,30.0,70.0,35,0.0,0.0,0.0,0.0,0.0,0.0,0.0,0.0,0.0,0.0,0.0,0.0,0.0,0.0,0.0,0.0,66.4,0,150,71,51,65476,0,300,0,0,8,20529,65476,0,0,44564,70.0,0.0,0.0,0.0,0.0,0.0
2026-09-10T21:37:08,ERR,ERR,ERR,ERR,ERR,ERR,ERR,ERR,ERR,ERR,ERR,ERR,ERR,ERR,ERR,ERR,ERR,ERR,ERR,ERR,ERR,ERR,ERR,ERR,ERR,ERR,ERR,ERR,ERR,ERR,ERR,ERR,ERR,ERR,ERR,ERR,ERR,ERR,ERR,ERR,ERR,ERR,ERR,ERR,ERR,ERR,ERR,ERR,ERR,ERR,ERR,ERR,ERR,ERR,ERR,ERR,ERR,ERR,ERR,ERR,ERR,ERR,ERR,ERR,ERR,ERR,ERR,ERR,ERR,ERR,ERR,ERR,ERR,ERR,ERR,ERR,ERR,ERR,ERR,ERR,ERR,ERR,ERR,ERR,ERR,ERR,ERR,ERR,ERR,ERR,ERR,ERR,ERR,ERR,ERR,ERR,ERR,ERR,ERR,ERR,ERR,ERR,ERR,ERR,ERR,ERR,ERR,ERR,ERR,ERR,ERR,ERR,ERR,ERR,ERR,ERR,ERR,ERR,ERR,ERR,ERR,ERR,ERR,ERR,ERR,0.0,0.0,2.6474835549302285e+23,0.0,0.0,1.3936040501711995e+18,7.805,0.0,0,0,4,0,7116,0.0,100,0.0,0.0,0.0,0.0,0.0,0,0,0,0,0.0,0,0,0,0,0,0,0,0,0,0,0,0,0,0,0,0,0,0,0,0,0,0,0,0,0,0,0,0,0,0,0,0,0,31,40,40,71,65476,0,300,0,0,8,21553,0.0,-107605600.0,0.0,0.0,0.0,0.0,0.0,0.0,0.0,0.0,0.0,0.0,0.0,0.0,0.0,0.0,0.0,0.0,0.0,0.0,0.0,0.0,-2.004,2.004,0.0,0.0,0.0,0.0,0.0,0.0,4496.0,-0.0,6933.0,0.0,0.0,0.0,-0.0,0.0,0.0,0.0,0.0,69,-2.3088410695593833e+20,0.0,0.0,0.0,0.0,0.0,0.0,0.0,0.0,0,0,0,0.0,0.0,0.0,0.0,0.0,0.0,0.0,0.0,0.0,0.0,0.0,0.0,0.0,0.0,0.0,0.0,0,-107875648.0,69,0.0,138,0.0,0.0,0,52429,17085,39322,17100,0,17080,0,0,0,70,68,100,2.7302399002429377e+23,82.0,0.0,78.4,-107615464.0,78.5,1,49,50,180,52429,0,0,0,0.0,0.0,0.0,0.0,-0.0,67.0,0.0,162057.094,0.0,974,0,1000,0,0,0,949,0,1023,0,920,0,789,0,780,0,822,0,7520,0.032,5.822253598264577e+19,0.0,0.0,784,16797,-0.0,162057.094,-114818.039,-0.0,0.133,6.909358625270745e+28,30.0,70.0,35,0.0,0.0,0.0,0.0,0.0,0.0,0.0,0.0,0.0,0.0,0.0,0.0,0.0,0.0,0.0,0.0,66.4,0,150,71,51,65476,0,300,0,0,8,20529,65476,0,0,44564,70.0,0.0,0.0,0.0,0.0,0.0
2026-09-10T21:37:09,ERR,ERR,ERR,ERR,ERR,ERR,ERR,ERR,ERR,ERR,ERR,ERR,ERR,ERR,ERR,ERR,ERR,ERR,ERR,ERR,ERR,ERR,ERR,ERR,ERR,ERR,ERR,ERR,ERR,ERR,ERR,ERR,ERR,ERR,ERR,ERR,ERR,ERR,ERR,ERR,ERR,ERR,ERR,ERR,ERR,ERR,ERR,ERR,ERR,ERR,ERR,ERR,ERR,ERR,ERR,ERR,ERR,ERR,ERR,ERR,ERR,ERR,ERR,ERR,ERR,ERR,ERR,ERR,ERR,ERR,ERR,ERR,ERR,ERR,ERR,ERR,ERR,ERR,ERR,ERR,ERR,ERR,ERR,ERR,ERR,ERR,ERR,ERR,ERR,ERR,ERR,ERR,ERR,ERR,ERR,ERR,ERR,ERR,ERR,ERR,ERR,ERR,ERR,ERR,ERR,ERR,ERR,ERR,ERR,ERR,ERR,ERR,ERR,ERR,ERR,ERR,ERR,ERR,ERR,ERR,ERR,ERR,ERR,ERR,ERR,0.0,0.0,2.6474835549302285e+23,0.0,0.0,1.3936040501711995e+18,7.805,0.0,0,0,4,0,7116,0.0,100,0.0,0.0,0.0,0.0,0.0,0,0,0,0,0.0,0,0,0,0,0,0,0,0,0,0,0,0,0,0,0,0,0,0,0,0,0,0,0,0,0,0,0,0,0,0,0,0,0,31,40,40,71,65476,0,300,0,0,8,21553,0.0,-107605600.0,0.0,0.0,0.0,0.0,0.0,0.0,0.0,0.0,0.0,0.0,0.0,0.0,0.0,0.0,0.0,0.0,0.0,0.0,0.0,0.0,-2.004,2.004,0.0,0.0,0.0,0.0,0.0,0.0,4496.0,-0.0,6933.0,0.0,0.0,0.0,-0.0,0.0,0.0,0.0,0.0,69,-2.3088410695593833e+20,0.0,0.0,0.0,0.0,0.0,0.0,0.0,0.0,0,0,0,0.0,0.0,0.0,0.0,0.0,0.0,0.0,0.0,0.0,0.0,0.0,0.0,0.0,0.0,0.0,0.0,0,-107875648.0,69,0.0,138,0.0,0.0,0,52429,17085,39322,17100,0,17080,0,0,0,70,68,100,2.7302399002429377e+23,82.0,0.0,78.4,-107615464.0,78.5,1,49,50,180,52429,0,0,0,0.0,0.0,0.0,0.0,-0.0,67.0,0.0,162057.094,0.0,974,0,1000,0,0,0,949,0,1023,0,920,0,789,0,780,0,822,0,7520,0.032,5.822253598264577e+19,0.0,0.0,784,16797,-0.0,162057.094,-114818.039,-0.0,0.133,6.909358625270745e+28,30.0,70.0,35,0.0,0.0,0.0,0.0,0.0,0.0,0.0,0.0,0.0,0.0,0.0,0.0,0.0,0.0,0.0,0.0,66.4,0,150,71,51,65476,0,300,0,0,8,20529,65476,0,0,44564,70.0,0.0,0.0,0.0,0.0,0.0
2026-09-10T21:37:10,ERR,ERR,ERR,ERR,ERR,ERR,ERR,ERR,ERR,ERR,ERR,ERR,ERR,ERR,ERR,ERR,ERR,ERR,ERR,ERR,ERR,ERR,ERR,ERR,ERR,ERR,ERR,ERR,ERR,ERR,ERR,ERR,ERR,ERR,ERR,ERR,ERR,ERR,ERR,ERR,ERR,ERR,ERR,ERR,ERR,ERR,ERR,ERR,ERR,ERR,ERR,ERR,ERR,ERR,ERR,ERR,ERR,ERR,ERR,ERR,ERR,ERR,ERR,ERR,ERR,ERR,ERR,ERR,ERR,ERR,ERR,ERR,ERR,ERR,ERR,ERR,ERR,ERR,ERR,ERR,ERR,ERR,ERR,ERR,ERR,ERR,ERR,ERR,ERR,ERR,ERR,ERR,ERR,ERR,ERR,ERR,ERR,ERR,ERR,ERR,ERR,ERR,ERR,ERR,ERR,ERR,ERR,ERR,ERR,ERR,ERR,ERR,ERR,ERR,ERR,ERR,ERR,ERR,ERR,ERR,ERR,ERR,ERR,ERR,ERR,0.0,0.0,2.6474835549302285e+23,0.0,0.0,1.3936040501711995e+18,7.805,0.0,0,0,4,0,7116,0.0,100,0.0,0.0,0.0,0.0,0.0,0,0,0,0,0.0,0,0,0,0,0,0,0,0,0,0,0,0,0,0,0,0,0,0,0,0,0,0,0,0,0,0,0,0,0,0,0,0,0,31,40,40,71,65476,0,300,0,0,8,21553,0.0,-107605600.0,0.0,0.0,0.0,0.0,0.0,0.0,0.0,0.0,0.0,0.0,0.0,0.0,0.0,0.0,0.0,0.0,0.0,0.0,0.0,0.0,-2.004,2.004,0.0,0.0,0.0,0.0,0.0,0.0,4496.0,-0.0,6933.0,0.0,0.0,0.0,-0.0,0.0,0.0,0.0,0.0,69,-2.3088410695593833e+20,0.0,0.0,0.0,0.0,0.0,0.0,0.0,0.0,0,0,0,0.0,0.0,0.0,0.0,0.0,0.0,0.0,0.0,0.0,0.0,0.0,0.0,0.0,0.0,0.0,0.0,0,-107875648.0,69,0.0,138,0.0,0.0,0,52429,17085,39322,17100,0,17080,0,0,0,70,68,100,2.7302399002429377e+23,82.0,0.0,78.4,-107615464.0,78.5,1,49,50,180,52429,0,0,0,0.0,0.0,0.0,0.0,-0.0,67.0,0.0,162057.094,0.0,974,0,1000,0,0,0,949,0,1023,0,920,0,789,0,780,0,822,0,7520,0.032,6.975175102871424e+19,0.0,0.0,784,16797,-0.0,162057.094,-114818.039,-0.0,0.133,6.909358625270745e+28,30.0,70.0,35,0.0,0.0,0.0,0.0,0.0,0.0,0.0,0.0,0.0,0.0,0.0,0.0,0.0,0.0,0.0,0.0,66.4,0,150,71,51,65476,0,300,0,0,8,20529,65476,0,0,44564,70.0,0.0,0.0,0.0,0.0,0.0
2026-09-10T21:37:11,ERR,ERR,ERR,ERR,ERR,ERR,ERR,ERR,ERR,ERR,ERR,ERR,ERR,ERR,ERR,ERR,ERR,ERR,ERR,ERR,ERR,ERR,ERR,ERR,ERR,ERR,ERR,ERR,ERR,ERR,ERR,ERR,ERR,ERR,ERR,ERR,ERR,ERR,ERR,ERR,ERR,ERR,ERR,ERR,ERR,ERR,ERR,ERR,ERR,ERR,ERR,ERR,ERR,ERR,ERR,ERR,ERR,ERR,ERR,ERR,ERR,ERR,ERR,ERR,ERR,ERR,ERR,ERR,ERR,ERR,ERR,ERR,ERR,ERR,ERR,ERR,ERR,ERR,ERR,ERR,ERR,ERR,ERR,ERR,ERR,ERR,ERR,ERR,ERR,ERR,ERR,ERR,ERR,ERR,ERR,ERR,ERR,ERR,ERR,ERR,ERR,ERR,ERR,ERR,ERR,ERR,ERR,ERR,ERR,ERR,ERR,ERR,ERR,ERR,ERR,ERR,ERR,ERR,ERR,ERR,ERR,ERR,ERR,ERR,ERR,0.0,0.0,2.6474835549302285e+23,0.0,0.0,1.3936040501711995e+18,7.805,0.0,0,0,4,0,7116,0.0,100,0.0,0.0,0.0,0.0,0.0,0,0,0,0,0.0,0,0,0,0,0,0,0,0,0,0,0,0,0,0,0,0,0,0,0,0,0,0,0,0,0,0,0,0,0,0,0,0,0,31,40,40,71,65476,0,300,0,0,8,21553,0.0,-107605600.0,0.0,0.0,0.0,0.0,0.0,0.0,0.0,0.0,0.0,0.0,0.0,0.0,0.0,0.0,0.0,0.0,0.0,0.0,0.0,0.0,-2.004,2.004,0.0,0.0,0.0,0.0,0.0,0.0,4496.0,-0.0,6933.0,0.0,0.0,0.0,-0.0,0.0,0.0,0.0,0.0,69,-2.3088410695593833e+20,0.0,0.0,0.0,0.0,0.0,0.0,0.0,0.0,0,0,0,0.0,0.0,0.0,0.0,0.0,0.0,0.0,0.0,0.0,0.0,0.0,0.0,0.0,0.0,0.0,0.0,0,-107875648.0,69,0.0,138,0.0,0.0,0,52429,17085,39322,17100,0,17080,0,0,0,70,68,100,2.7302399002429377e+23,82.0,0.0,78.4,-107615464.0,78.5,1,49,50,180,52429,0,0,0,0.0,0.0,0.0,0.0,-0.0,67.0,0.0,162057.094,0.0,974,0,1000,0,0,0,949,0,1023,0,920,0,789,0,780,0,822,0,7520,0.032,6.975175102871424e+19,0.0,0.0,784,16797,-0.0,162057.094,-114818.039,-0.0,0.133,6.909358625270745e+28,30.0,70.0,35,0.0,0.0,0.0,0.0,0.0,0.0,0.0,0.0,0.0,0.0,0.0,0.0,0.0,0.0,0.0,0.0,66.4,0,150,71,51,65476,0,300,0,0,8,20529,65476,0,0,44564,70.0,0.0,0.0,0.0,0.0,0.0
2026-09-10T21:37:12,ERR,ERR,ERR,ERR,ERR,ERR,ERR,ERR,ERR,ERR,ERR,ERR,ERR,ERR,ERR,ERR,ERR,ERR,ERR,ERR,ERR,ERR,ERR,ERR,ERR,ERR,ERR,ERR,ERR,ERR,ERR,ERR,ERR,ERR,ERR,ERR,ERR,ERR,ERR,ERR,ERR,ERR,ERR,ERR,ERR,ERR,ERR,ERR,ERR,ERR,ERR,ERR,ERR,ERR,ERR,ERR,ERR,ERR,ERR,ERR,ERR,ERR,ERR,ERR,ERR,ERR,ERR,ERR,ERR,ERR,ERR,ERR,ERR,ERR,ERR,ERR,ERR,ERR,ERR,ERR,ERR,ERR,ERR,ERR,ERR,ERR,ERR,ERR,ERR,ERR,ERR,ERR,ERR,ERR,ERR,ERR,ERR,ERR,ERR,ERR,ERR,ERR,ERR,ERR,ERR,ERR,ERR,ERR,ERR,ERR,ERR,ERR,ERR,ERR,ERR,ERR,ERR,ERR,ERR,ERR,ERR,ERR,ERR,ERR,ERR,0.0,0.0,2.6474835549302285e+23,0.0,0.0,1.3936040501711995e+18,7.805,0.0,0,0,4,0,7116,0.0,100,0.0,0.0,0.0,0.0,0.0,0,0,0,0,0.0,0,0,0,0,0,0,0,0,0,0,0,0,0,0,0,0,0,0,0,0,0,0,0,0,0,0,0,0,0,0,0,0,0,31,40,40,71,65476,0,300,0,0,8,21553,0.0,-107605600.0,0.0,0.0,0.0,0.0,0.0,0.0,0.0,0.0,0.0,0.0,0.0,0.0,0.0,0.0,0.0,0.0,0.0,0.0,0.0,0.0,-2.004,2.004,0.0,0.0,0.0,0.0,0.0,0.0,4496.0,-0.0,6933.0,0.0,0.0,0.0,-0.0,0.0,0.0,0.0,0.0,69,-2.3088410695593833e+20,0.0,0.0,0.0,0.0,0.0,0.0,0.0,0.0,0,0,0,0.0,0.0,0.0,0.0,0.0,0.0,0.0,0.0,0.0,0.0,0.0,0.0,0.0,0.0,0.0,0.0,0,-107875648.0,69,0.0,138,0.0,0.0,0,52429,17085,39322,17100,0,17080,0,0,0,70,68,100,2.7302399002429377e+23,82.0,0.0,78.4,-107615464.0,78.5,1,49,50,180,52429,0,0,0,0.0,0.0,0.0,0.0,-0.0,67.0,0.0,162057.094,0.0,974,0,1000,0,0,0,949,0,1023,0,920,0,789,0,780,0,822,0,7520,0.032,6.975175102871424e+19,0.0,0.0,784,16797,-0.0,162057.094,-114818.039,-0.0,0.133,6.909358625270745e+28,30.0,70.0,35,0.0,0.0,0.0,0.0,0.0,0.0,0.0,0.0,0.0,0.0,0.0,0.0,0.0,0.0,0.0,0.0,66.4,0,150,71,51,65476,0,300,0,0,8,20529,65476,0,0,44564,70.0,0.0,0.0,0.0,0.0,0.0
2026-09-10T21:37:13,ERR,ERR,ERR,ERR,ERR,ERR,ERR,ERR,ERR,ERR,ERR,ERR,ERR,ERR,ERR,ERR,ERR,ERR,ERR,ERR,ERR,ERR,ERR,ERR,ERR,ERR,ERR,ERR,ERR,ERR,ERR,ERR,ERR,ERR,ERR,ERR,ERR,ERR,ERR,ERR,ERR,ERR,ERR,ERR,ERR,ERR,ERR,ERR,ERR,ERR,ERR,ERR,ERR,ERR,ERR,ERR,ERR,ERR,ERR,ERR,ERR,ERR,ERR,ERR,ERR,ERR,ERR,ERR,ERR,ERR,ERR,ERR,ERR,ERR,ERR,ERR,ERR,ERR,ERR,ERR,ERR,ERR,ERR,ERR,ERR,ERR,ERR,ERR,ERR,ERR,ERR,ERR,ERR,ERR,ERR,ERR,ERR,ERR,ERR,ERR,ERR,ERR,ERR,ERR,ERR,ERR,ERR,ERR,ERR,ERR,ERR,ERR,ERR,ERR,ERR,ERR,ERR,ERR,ERR,ERR,ERR,ERR,ERR,ERR,ERR,0.0,0.0,2.6474835549302285e+23,0.0,0.0,1.3936040501711995e+18,7.805,0.0,0,0,4,0,7116,0.0,100,0.0,0.0,0.0,0.0,0.0,0,0,0,0,0.0,0,0,0,0,0,0,0,0,0,0,0,0,0,0,0,0,0,0,0,0,0,0,0,0,0,0,0,0,0,0,0,0,0,31,40,40,71,65476,0,300,0,0,8,21553,0.0,-107605600.0,0.0,0.0,0.0,0.0,0.0,0.0,0.0,0.0,0.0,0.0,0.0,0.0,0.0,0.0,0.0,0.0,0.0,0.0,0.0,0.0,-2.004,2.004,0.0,0.0,0.0,0.0,0.0,0.0,4496.0,-0.0,6933.0,0.0,0.0,0.0,-0.0,0.0,0.0,0.0,0.0,69,-2.3088410695593833e+20,0.0,0.0,0.0,0.0,0.0,0.0,0.0,0.0,0,0,0,0.0,0.0,0.0,0.0,0.0,0.0,0.0,0.0,0.0,0.0,0.0,0.0,0.0,0.0,0.0,0.0,0,-107875648.0,69,0.0,138,0.0,0.0,0,52429,17085,39322,17100,0,17080,0,0,0,70,68,100,2.7302399002429377e+23,82.0,0.0,78.4,-107615464.0,78.5,1,49,50,180,52429,0,0,0,0.0,0.0,0.0,0.0,-0.0,67.0,0.0,162057.094,0.0,974,0,1000,0,0,0,949,0,1023,0,920,0,789,0,780,0,822,0,7520,0.032,6.975175102871424e+19,0.0,0.0,784,16797,-0.0,162057.094,-114818.039,-0.0,0.133,6.909358625270745e+28,30.0,70.0,35,0.0,0.0,0.0,0.0,0.0,0.0,0.0,0.0,0.0,0.0,0.0,0.0,0.0,0.0,0.0,0.0,66.4,0,150,71,51,65476,0,300,0,0,8,20529,65476,0,0,44564,70.0,0.0,0.0,0.0,0.0,0.0
2026-09-10T21:37:14,ERR,ERR,ERR,ERR,ERR,ERR,ERR,ERR,ERR,ERR,ERR,ERR,ERR,ERR,ERR,ERR,ERR,ERR,ERR,ERR,ERR,ERR,ERR,ERR,ERR,ERR,ERR,ERR,ERR,ERR,ERR,ERR,ERR,ERR,ERR,ERR,ERR,ERR,ERR,ERR,ERR,ERR,ERR,ERR,ERR,ERR,ERR,ERR,ERR,ERR,ERR,ERR,ERR,ERR,ERR,ERR,ERR,ERR,ERR,ERR,ERR,ERR,ERR,ERR,ERR,ERR,ERR,ERR,ERR,ERR,ERR,ERR,ERR,ERR,ERR,ERR,ERR,ERR,ERR,ERR,ERR,ERR,ERR,ERR,ERR,ERR,ERR,ERR,ERR,ERR,ERR,ERR,ERR,ERR,ERR,ERR,ERR,ERR,ERR,ERR,ERR,ERR,ERR,ERR,ERR,ERR,ERR,ERR,ERR,ERR,ERR,ERR,ERR,ERR,ERR,ERR,ERR,ERR,ERR,ERR,ERR,ERR,ERR,ERR,ERR,0.0,0.0,2.6474835549302285e+23,0.0,0.0,1.3936040501711995e+18,7.805,0.0,0,0,4,0,7116,0.0,100,0.0,0.0,0.0,0.0,0.0,0,0,0,0,0.0,0,0,0,0,0,0,0,0,0,0,0,0,0,0,0,0,0,0,0,0,0,0,0,0,0,0,0,0,0,0,0,0,0,31,40,40,71,65476,0,300,0,0,8,21553,0.0,-107605600.0,0.0,0.0,0.0,0.0,0.0,0.0,0.0,0.0,0.0,0.0,0.0,0.0,0.0,0.0,0.0,0.0,0.0,0.0,0.0,0.0,-2.004,2.004,0.0,0.0,0.0,0.0,0.0,0.0,4496.0,-0.0,6933.0,0.0,0.0,0.0,-0.0,0.0,0.0,0.0,0.0,69,-2.3088410695593833e+20,0.0,0.0,0.0,0.0,0.0,0.0,0.0,0.0,0,0,0,0.0,0.0,0.0,0.0,0.0,0.0,0.0,0.0,0.0,0.0,0.0,0.0,0.0,0.0,0.0,0.0,0,-107875648.0,69,0.0,138,0.0,0.0,0,52429,17085,39322,17100,0,17080,0,0,0,70,68,100,2.7302399002429377e+23,82.0,0.0,78.4,-107615464.0,78.5,1,49,50,180,52429,0,0,0,0.0,0.0,0.0,0.0,-0.0,67.0,0.0,162057.094,0.0,974,0,1000,0,0,0,949,0,1023,0,920,0,789,0,780,0,822,0,7520,0.032,6.975175102871424e+19,0.0,0.0,784,16797,-0.0,162057.094,-114818.039,-0.0,0.133,6.909358625270745e+28,30.0,70.0,35,0.0,0.0,0.0,0.0,0.0,0.0,0.0,0.0,0.0,0.0,0.0,0.0,0.0,0.0,0.0,0.0,66.4,0,150,71,51,65476,0,300,0,0,8,20529,65476,0,0,44564,70.0,0.0,0.0,0.0,0.0,0.0
2026-09-10T21:37:15,ERR,ERR,ERR,ERR,ERR,ERR,ERR,ERR,ERR,ERR,ERR,ERR,ERR,ERR,ERR,ERR,ERR,ERR,ERR,ERR,ERR,ERR,ERR,ERR,ERR,ERR,ERR,ERR,ERR,ERR,ERR,ERR,ERR,ERR,ERR,ERR,ERR,ERR,ERR,ERR,ERR,ERR,ERR,ERR,ERR,ERR,ERR,ERR,ERR,ERR,ERR,ERR,ERR,ERR,ERR,ERR,ERR,ERR,ERR,ERR,ERR,ERR,ERR,ERR,ERR,ERR,ERR,ERR,ERR,ERR,ERR,ERR,ERR,ERR,ERR,ERR,ERR,ERR,ERR,ERR,ERR,ERR,ERR,ERR,ERR,ERR,ERR,ERR,ERR,ERR,ERR,ERR,ERR,ERR,ERR,ERR,ERR,ERR,ERR,ERR,ERR,ERR,ERR,ERR,ERR,ERR,ERR,ERR,ERR,ERR,ERR,ERR,ERR,ERR,ERR,ERR,ERR,ERR,ERR,ERR,ERR,ERR,ERR,ERR,ERR,0.0,0.0,2.6474835549302285e+23,0.0,0.0,1.3936040501711995e+18,7.805,0.0,0,0,4,0,7116,0.0,100,0.0,0.0,0.0,0.0,0.0,0,0,0,0,0.0,0,0,0,0,0,0,0,0,0,0,0,0,0,0,0,0,0,0,0,0,0,0,0,0,0,0,0,0,0,0,0,0,0,31,40,40,71,65476,0,300,0,0,8,21553,0.0,-107605600.0,0.0,0.0,0.0,0.0,0.0,0.0,0.0,0.0,0.0,0.0,0.0,0.0,0.0,0.0,0.0,0.0,0.0,0.0,0.0,0.0,-2.004,2.004,0.0,0.0,0.0,0.0,0.0,0.0,4496.0,-0.0,6933.0,0.0,0.0,0.0,-0.0,0.0,0.0,0.0,0.0,69,-2.3088410695593833e+20,0.0,0.0,0.0,0.0,0.0,0.0,0.0,0.0,0,0,0,0.0,0.0,0.0,0.0,0.0,0.0,0.0,0.0,0.0,0.0,0.0,0.0,0.0,0.0,0.0,0.0,0,-107875648.0,69,0.0,138,0.0,0.0,0,52429,17085,39322,17100,0,17080,0,0,0,70,68,100,2.7302399002429377e+23,82.0,0.0,78.4,-107615464.0,78.5,1,49,50,180,52429,0,0,0,0.0,0.0,0.0,0.0,-0.0,67.0,0.0,162057.094,0.0,974,0,1000,0,0,0,949,0,1023,0,920,0,789,0,780,0,822,0,7520,0.032,6.975175102871424e+19,0.0,0.0,784,16797,-0.0,162057.094,-114818.039,-0.0,0.133,6.909358625270745e+28,30.0,70.0,35,0.0,0.0,0.0,0.0,0.0,0.0,0.0,0.0,0.0,0.0,0.0,0.0,0.0,0.0,0.0,0.0,66.4,0,150,71,51,65476,0,300,0,0,8,20529,65476,0,0,44564,70.0,0.0,0.0,0.0,0.0,0.0
2026-09-10T21:37:16,ERR,ERR,ERR,ERR,ERR,ERR,ERR,ERR,ERR,ERR,ERR,ERR,ERR,ERR,ERR,ERR,ERR,ERR,ERR,ERR,ERR,ERR,ERR,ERR,ERR,ERR,ERR,ERR,ERR,ERR,ERR,ERR,ERR,ERR,ERR,ERR,ERR,ERR,ERR,ERR,ERR,ERR,ERR,ERR,ERR,ERR,ERR,ERR,ERR,ERR,ERR,ERR,ERR,ERR,ERR,ERR,ERR,ERR,ERR,ERR,ERR,ERR,ERR,ERR,ERR,ERR,ERR,ERR,ERR,ERR,ERR,ERR,ERR,ERR,ERR,ERR,ERR,ERR,ERR,ERR,ERR,ERR,ERR,ERR,ERR,ERR,ERR,ERR,ERR,ERR,ERR,ERR,ERR,ERR,ERR,ERR,ERR,ERR,ERR,ERR,ERR,ERR,ERR,ERR,ERR,ERR,ERR,ERR,ERR,ERR,ERR,ERR,ERR,ERR,ERR,ERR,ERR,ERR,ERR,ERR,ERR,ERR,ERR,ERR,ERR,0.0,0.0,2.6474835549302285e+23,0.0,0.0,1.3936040501711995e+18,7.805,0.0,0,0,4,0,7116,0.0,100,0.0,0.0,0.0,0.0,0.0,0,0,0,0,0.0,0,0,0,0,0,0,0,0,0,0,0,0,0,0,0,0,0,0,0,0,0,0,0,0,0,0,0,0,0,0,0,0,0,31,40,40,71,65476,0,300,0,0,8,21553,0.0,-107605600.0,0.0,0.0,0.0,0.0,0.0,0.0,0.0,0.0,0.0,0.0,0.0,0.0,0.0,0.0,0.0,0.0,0.0,0.0,0.0,0.0,-2.004,2.004,0.0,0.0,0.0,0.0,0.0,0.0,4492.0,-0.0,6935.0,0.0,0.0,0.0,-0.0,0.0,0.0,0.0,0.0,69,-152018521948160.0,0.0,0.0,0.0,0.0,0.0,0.0,0.0,0.0,0,0,0,0.0,0.0,0.0,0.0,0.0,0.0,0.0,0.0,0.0,0.0,0.0,0.0,0.0,0.0,0.0,0.0,0,-107875648.0,69,0.0,138,0.0,0.0,0,52429,17085,26215,17100,0,17080,0,0,0,70,68,100,2.7302399002429377e+23,82.0,0.0,78.4,-107615464.0,78.5,1,49,50,180,52429,0,0,0,0.0,0.0,0.0,0.0,-0.0,67.0,0.0,162057.094,0.0,974,0,1000,0,0,0,949,0,1022,0,920,0,789,0,780,0,822,0,7520,0.032,5.505200184497694e+19,0.0,0.0,784,16797,-0.0,162057.094,-114818.039,-0.0,0.133,6.909358625270745e+28,30.0,70.0,35,0.0,0.0,0.0,0.0,0.0,0.0,0.0,0.0,0.0,0.0,0.0,0.0,0.0,0.0,0.0,0.0,66.4,0,150,71,51,65476,0,300,0,0,8,20529,65476,0,0,44564,70.0,0.0,0.0,0.0,0.0,0.0
2026-09-10T21:37:17,ERR,ERR,ERR,ERR,ERR,ERR,ERR,ERR,ERR,ERR,ERR,ERR,ERR,ERR,ERR,ERR,ERR,ERR,ERR,ERR,ERR,ERR,ERR,ERR,ERR,ERR,ERR,ERR,ERR,ERR,ERR,ERR,ERR,ERR,ERR,ERR,ERR,ERR,ERR,ERR,ERR,ERR,ERR,ERR,ERR,ERR,ERR,ERR,ERR,ERR,ERR,ERR,ERR,ERR,ERR,ERR,ERR,ERR,ERR,ERR,ERR,ERR,ERR,ERR,ERR,ERR,ERR,ERR,ERR,ERR,ERR,ERR,ERR,ERR,ERR,ERR,ERR,ERR,ERR,ERR,ERR,ERR,ERR,ERR,ERR,ERR,ERR,ERR,ERR,ERR,ERR,ERR,ERR,ERR,ERR,ERR,ERR,ERR,ERR,ERR,ERR,ERR,ERR,ERR,ERR,ERR,ERR,ERR,ERR,ERR,ERR,ERR,ERR,ERR,ERR,ERR,ERR,ERR,ERR,ERR,ERR,ERR,ERR,ERR,ERR,0.0,0.0,2.6474835549302285e+23,0.0,0.0,1.3936040501711995e+18,7.805,0.0,0,0,4,0,7116,0.0,100,0.0,0.0,0.0,0.0,0.0,0,0,0,0,0.0,0,0,0,0,0,0,0,0,0,0,0,0,0,0,0,0,0,0,0,0,0,0,0,0,0,0,0,0,0,0,0,0,0,31,40,40,71,65476,0,300,0,0,8,21553,0.0,-107605600.0,0.0,0.0,0.0,0.0,0.0,0.0,0.0,0.0,0.0,0.0,0.0,0.0,0.0,0.0,0.0,0.0,0.0,0.0,0.0,0.0,-2.004,2.004,0.0,0.0,0.0,0.0,0.0,0.0,4492.0,-0.0,6935.0,0.0,0.0,0.0,-0.0,0.0,0.0,0.0,0.0,69,-152018521948160.0,0.0,0.0,0.0,0.0,0.0,0.0,0.0,0.0,0,0,0,0.0,0.0,0.0,0.0,0.0,0.0,0.0,0.0,0.0,0.0,0.0,0.0,0.0,0.0,0.0,0.0,0,-107875648.0,69,0.0,138,0.0,0.0,0,52429,17085,26215,17100,0,17080,0,0,0,70,68,100,2.7302399002429377e+23,82.0,0.0,78.4,-107615464.0,78.5,1,49,50,180,52429,0,0,0,0.0,0.0,0.0,0.0,-0.0,67.0,0.0,162057.094,0.0,974,0,1000,0,0,0,949,0,1022,0,920,0,789,0,780,0,822,0,7520,0.032,5.505200184497694e+19,0.0,0.0,784,16797,-0.0,162057.094,-114818.039,-0.0,0.133,6.909358625270745e+28,30.0,70.0,35,0.0,0.0,0.0,0.0,0.0,0.0,0.0,0.0,0.0,0.0,0.0,0.0,0.0,0.0,0.0,0.0,66.4,0,150,71,51,65476,0,300,0,0,8,20529,65476,0,0,44564,70.0,0.0,0.0,0.0,0.0,0.0
2026-09-10T21:37:18,ERR,ERR,ERR,ERR,ERR,ERR,ERR,ERR,ERR,ERR,ERR,ERR,ERR,ERR,ERR,ERR,ERR,ERR,ERR,ERR,ERR,ERR,ERR,ERR,ERR,ERR,ERR,ERR,ERR,ERR,ERR,ERR,ERR,ERR,ERR,ERR,ERR,ERR,ERR,ERR,ERR,ERR,ERR,ERR,ERR,ERR,ERR,ERR,ERR,ERR,ERR,ERR,ERR,ERR,ERR,ERR,ERR,ERR,ERR,ERR,ERR,ERR,ERR,ERR,ERR,ERR,ERR,ERR,ERR,ERR,ERR,ERR,ERR,ERR,ERR,ERR,ERR,ERR,ERR,ERR,ERR,ERR,ERR,ERR,ERR,ERR,ERR,ERR,ERR,ERR,ERR,ERR,ERR,ERR,ERR,ERR,ERR,ERR,ERR,ERR,ERR,ERR,ERR,ERR,ERR,ERR,ERR,ERR,ERR,ERR,ERR,ERR,ERR,ERR,ERR,ERR,ERR,ERR,ERR,ERR,ERR,ERR,ERR,ERR,ERR,0.0,0.0,2.6474835549302285e+23,0.0,0.0,1.3936040501711995e+18,7.805,0.0,0,0,4,0,7116,0.0,100,0.0,0.0,0.0,0.0,0.0,0,0,0,0,0.0,0,0,0,0,0,0,0,0,0,0,0,0,0,0,0,0,0,0,0,0,0,0,0,0,0,0,0,0,0,0,0,0,0,31,40,40,71,65476,0,300,0,0,8,21553,0.0,-107605600.0,0.0,0.0,0.0,0.0,0.0,0.0,0.0,0.0,0.0,0.0,0.0,0.0,0.0,0.0,0.0,0.0,0.0,0.0,0.0,0.0,-2.004,2.004,0.0,0.0,0.0,0.0,0.0,0.0,4492.0,-0.0,6935.0,0.0,0.0,0.0,-0.0,0.0,0.0,0.0,0.0,69,-152018521948160.0,0.0,0.0,0.0,0.0,0.0,0.0,0.0,0.0,0,0,0,0.0,0.0,0.0,0.0,0.0,0.0,0.0,0.0,0.0,0.0,0.0,0.0,0.0,0.0,0.0,0.0,0,-107875648.0,69,0.0,138,0.0,0.0,0,52429,17085,26215,17100,0,17080,0,0,0,70,68,100,2.7302399002429377e+23,82.0,0.0,78.4,-107615464.0,78.5,1,49,50,180,52429,0,0,0,0.0,0.0,0.0,0.0,-0.0,67.0,0.0,162057.094,0.0,974,0,1000,0,0,0,949,0,1022,0,920,0,789,0,780,0,822,0,7520,0.032,5.505200184497694e+19,0.0,0.0,784,16797,-0.0,162057.094,-114818.039,-0.0,0.133,6.909358625270745e+28,30.0,70.0,35,0.0,0.0,0.0,0.0,0.0,0.0,0.0,0.0,0.0,0.0,0.0,0.0,0.0,0.0,0.0,0.0,66.4,0,150,71,51,65476,0,300,0,0,8,20529,65476,0,0,44564,70.0,0.0,0.0,0.0,0.0,0.0
2026-09-10T21:37:19,ERR,ERR,ERR,ERR,ERR,ERR,ERR,ERR,ERR,ERR,ERR,ERR,ERR,ERR,ERR,ERR,ERR,ERR,ERR,ERR,ERR,ERR,ERR,ERR,ERR,ERR,ERR,ERR,ERR,ERR,ERR,ERR,ERR,ERR,ERR,ERR,ERR,ERR,ERR,ERR,ERR,ERR,ERR,ERR,ERR,ERR,ERR,ERR,ERR,ERR,ERR,ERR,ERR,ERR,ERR,ERR,ERR,ERR,ERR,ERR,ERR,ERR,ERR,ERR,ERR,ERR,ERR,ERR,ERR,ERR,ERR,ERR,ERR,ERR,ERR,ERR,ERR,ERR,ERR,ERR,ERR,ERR,ERR,ERR,ERR,ERR,ERR,ERR,ERR,ERR,ERR,ERR,ERR,ERR,ERR,ERR,ERR,ERR,ERR,ERR,ERR,ERR,ERR,ERR,ERR,ERR,ERR,ERR,ERR,ERR,ERR,ERR,ERR,ERR,ERR,ERR,ERR,ERR,ERR,ERR,ERR,ERR,ERR,ERR,ERR,0.0,0.0,2.6474835549302285e+23,0.0,0.0,1.3936040501711995e+18,7.805,0.0,0,0,4,0,7116,0.0,100,0.0,0.0,0.0,0.0,0.0,0,0,0,0,0.0,0,0,0,0,0,0,0,0,0,0,0,0,0,0,0,0,0,0,0,0,0,0,0,0,0,0,0,0,0,0,0,0,0,31,40,40,71,65476,0,300,0,0,8,21553,0.0,-107605600.0,0.0,0.0,0.0,0.0,0.0,0.0,0.0,0.0,0.0,0.0,0.0,0.0,0.0,0.0,0.0,0.0,0.0,0.0,0.0,0.0,-2.004,2.004,0.0,0.0,0.0,0.0,0.0,0.0,4492.0,-0.0,6935.0,0.0,0.0,0.0,-0.0,0.0,0.0,0.0,0.0,69,-152018521948160.0,0.0,0.0,0.0,0.0,0.0,0.0,0.0,0.0,0,0,0,0.0,0.0,0.0,0.0,0.0,0.0,0.0,0.0,0.0,0.0,0.0,0.0,0.0,0.0,0.0,0.0,0,-107875648.0,69,0.0,138,0.0,0.0,0,52429,17085,26215,17100,0,17080,0,0,0,70,68,100,2.7302399002429377e+23,82.0,0.0,78.4,-107615464.0,78.5,1,49,50,180,52429,0,0,0,0.0,0.0,0.0,0.0,-0.0,67.0,0.0,162057.094,0.0,974,0,1000,0,0,0,949,0,1022,0,920,0,789,0,780,0,822,0,7520,0.032,5.505200184497694e+19,0.0,0.0,784,16797,-0.0,162057.094,-114818.039,-0.0,0.133,6.909358625270745e+28,30.0,70.0,35,0.0,0.0,0.0,0.0,0.0,0.0,0.0,0.0,0.0,0.0,0.0,0.0,0.0,0.0,0.0,0.0,66.8,0,150,71,51,65476,0,300,0,0,8,20529,65476,0,0,44564,70.0,0.0,0.0,0.0,0.0,0.0
2026-09-10T21:37:20,ERR,ERR,ERR,ERR,ERR,ERR,ERR,ERR,ERR,ERR,ERR,ERR,ERR,ERR,ERR,ERR,ERR,ERR,ERR,ERR,ERR,ERR,ERR,ERR,ERR,ERR,ERR,ERR,ERR,ERR,ERR,ERR,ERR,ERR,ERR,ERR,ERR,ERR,ERR,ERR,ERR,ERR,ERR,ERR,ERR,ERR,ERR,ERR,ERR,ERR,ERR,ERR,ERR,ERR,ERR,ERR,ERR,ERR,ERR,ERR,ERR,ERR,ERR,ERR,ERR,ERR,ERR,ERR,ERR,ERR,ERR,ERR,ERR,ERR,ERR,ERR,ERR,ERR,ERR,ERR,ERR,ERR,ERR,ERR,ERR,ERR,ERR,ERR,ERR,ERR,ERR,ERR,ERR,ERR,ERR,ERR,ERR,ERR,ERR,ERR,ERR,ERR,ERR,ERR,ERR,ERR,ERR,ERR,ERR,ERR,ERR,ERR,ERR,ERR,ERR,ERR,ERR,ERR,ERR,ERR,ERR,ERR,ERR,ERR,ERR,0.0,0.0,2.6474835549302285e+23,0.0,0.0,1.3936040501711995e+18,7.805,0.0,0,0,4,0,7116,0.0,100,0.0,0.0,0.0,0.0,0.0,0,0,0,0,0.0,0,0,0,0,0,0,0,0,0,0,0,0,0,0,0,0,0,0,0,0,0,0,0,0,0,0,0,0,0,0,0,0,0,31,40,40,71,65476,0,300,0,0,8,21553,0.0,-107605600.0,0.0,0.0,0.0,0.0,0.0,0.0,0.0,0.0,0.0,0.0,0.0,0.0,0.0,0.0,0.0,0.0,0.0,0.0,0.0,0.0,-2.004,2.004,0.0,0.0,0.0,0.0,0.0,0.0,4492.0,-0.0,6935.0,0.0,0.0,0.0,-0.0,0.0,0.0,0.0,0.0,69,-152018521948160.0,0.0,0.0,0.0,0.0,0.0,0.0,0.0,0.0,0,0,0,0.0,0.0,0.0,0.0,0.0,0.0,0.0,0.0,0.0,0.0,0.0,0.0,0.0,0.0,0.0,0.0,0,-107875648.0,69,0.0,138,0.0,0.0,0,52429,17085,26215,17100,0,17080,0,0,0,70,68,100,2.7302399002429377e+23,82.0,0.0,78.4,-107615464.0,78.5,1,49,50,180,52429,0,0,0,0.0,0.0,0.0,0.0,-0.0,67.0,0.0,162057.094,0.0,974,0,1000,0,0,0,949,0,1022,0,920,0,789,0,780,0,822,0,7520,0.032,5.505200184497694e+19,0.0,0.0,784,16797,-0.0,162057.094,-114818.039,-0.0,0.133,6.909358625270745e+28,30.0,70.0,35,0.0,0.0,0.0,0.0,0.0,0.0,0.0,0.0,0.0,0.0,0.0,0.0,0.0,0.0,0.0,0.0,66.8,0,150,71,51,65476,0,300,0,0,8,20529,65476,0,0,44564,70.0,0.0,0.0,0.0,0.0,0.0
2026-09-10T21:37:21,ERR,ERR,ERR,ERR,ERR,ERR,ERR,ERR,ERR,ERR,ERR,ERR,ERR,ERR,ERR,ERR,ERR,ERR,ERR,ERR,ERR,ERR,ERR,ERR,ERR,ERR,ERR,ERR,ERR,ERR,ERR,ERR,ERR,ERR,ERR,ERR,ERR,ERR,ERR,ERR,ERR,ERR,ERR,ERR,ERR,ERR,ERR,ERR,ERR,ERR,ERR,ERR,ERR,ERR,ERR,ERR,ERR,ERR,ERR,ERR,ERR,ERR,ERR,ERR,ERR,ERR,ERR,ERR,ERR,ERR,ERR,ERR,ERR,ERR,ERR,ERR,ERR,ERR,ERR,ERR,ERR,ERR,ERR,ERR,ERR,ERR,ERR,ERR,ERR,ERR,ERR,ERR,ERR,ERR,ERR,ERR,ERR,ERR,ERR,ERR,ERR,ERR,ERR,ERR,ERR,ERR,ERR,ERR,ERR,ERR,ERR,ERR,ERR,ERR,ERR,ERR,ERR,ERR,ERR,ERR,ERR,ERR,ERR,ERR,ERR,0.0,0.0,2.6474835549302285e+23,0.0,0.0,1.3936040501711995e+18,7.805,0.0,0,0,4,0,7116,0.0,100,0.0,0.0,0.0,0.0,0.0,0,0,0,0,0.0,0,0,0,0,0,0,0,0,0,0,0,0,0,0,0,0,0,0,0,0,0,0,0,0,0,0,0,0,0,0,0,0,0,31,40,40,71,65476,0,300,0,0,8,21553,0.0,-107605600.0,0.0,0.0,0.0,0.0,0.0,0.0,0.0,0.0,0.0,0.0,0.0,0.0,0.0,0.0,0.0,0.0,0.0,0.0,0.0,0.0,-2.004,2.004,0.0,0.0,0.0,0.0,0.0,0.0,4492.0,-0.0,6935.0,0.0,0.0,0.0,-0.0,0.0,0.0,0.0,0.0,69,-152018521948160.0,0.0,0.0,0.0,0.0,0.0,0.0,0.0,0.0,0,0,0,0.0,0.0,0.0,0.0,0.0,0.0,0.0,0.0,0.0,0.0,0.0,0.0,0.0,0.0,0.0,0.0,0,-107875648.0,69,0.0,138,0.0,0.0,0,52429,17085,26215,17100,0,17080,0,0,0,70,68,100,2.7302399002429377e+23,82.0,0.0,78.4,-107615464.0,78.5,1,49,50,180,52429,0,0,0,0.0,0.0,0.0,0.0,-0.0,67.0,0.0,162057.094,0.0,974,0,1000,0,0,0,949,0,1022,0,920,0,789,0,780,0,822,0,7520,0.032,5.505200184497694e+19,0.0,0.0,784,16797,-0.0,162057.094,-114818.039,-0.0,0.133,6.909358625270745e+28,30.0,70.0,35,0.0,0.0,0.0,0.0,0.0,0.0,0.0,0.0,0.0,0.0,0.0,0.0,0.0,0.0,0.0,0.0,66.4,0,150,71,51,65476,0,300,0,0,8,20529,65476,0,0,44564,70.0,0.0,0.0,0.0,0.0,0.0
2026-09-10T21:37:22,ERR,ERR,ERR,ERR,ERR,ERR,ERR,ERR,ERR,ERR,ERR,ERR,ERR,ERR,ERR,ERR,ERR,ERR,ERR,ERR,ERR,ERR,ERR,ERR,ERR,ERR,ERR,ERR,ERR,ERR,ERR,ERR,ERR,ERR,ERR,ERR,ERR,ERR,ERR,ERR,ERR,ERR,ERR,ERR,ERR,ERR,ERR,ERR,ERR,ERR,ERR,ERR,ERR,ERR,ERR,ERR,ERR,ERR,ERR,ERR,ERR,ERR,ERR,ERR,ERR,ERR,ERR,ERR,ERR,ERR,ERR,ERR,ERR,ERR,ERR,ERR,ERR,ERR,ERR,ERR,ERR,ERR,ERR,ERR,ERR,ERR,ERR,ERR,ERR,ERR,ERR,ERR,ERR,ERR,ERR,ERR,ERR,ERR,ERR,ERR,ERR,ERR,ERR,ERR,ERR,ERR,ERR,ERR,ERR,ERR,ERR,ERR,ERR,ERR,ERR,ERR,ERR,ERR,ERR,ERR,ERR,ERR,ERR,ERR,ERR,0.0,0.0,2.6474835549302285e+23,0.0,0.0,1.3936040501711995e+18,7.805,0.0,0,0,4,0,7116,0.0,100,0.0,0.0,0.0,0.0,0.0,0,0,0,0,0.0,0,0,0,0,0,0,0,0,0,0,0,0,0,0,0,0,0,0,0,0,0,0,0,0,0,0,0,0,0,0,0,0,0,31,40,40,71,65476,0,300,0,0,8,21553,0.0,-107605600.0,0.0,0.0,0.0,0.0,0.0,0.0,0.0,0.0,0.0,0.0,0.0,0.0,0.0,0.0,0.0,0.0,0.0,0.0,0.0,0.0,-2.004,2.004,0.0,0.0,0.0,0.0,0.0,0.0,4492.0,-0.0,6935.0,0.0,0.0,0.0,-0.0,0.0,0.0,0.0,0.0,69,-152018521948160.0,0.0,0.0,0.0,0.0,0.0,0.0,0.0,0.0,0,0,0,0.0,0.0,0.0,0.0,0.0,0.0,0.0,0.0,0.0,0.0,0.0,0.0,0.0,0.0,0.0,0.0,0,-107875648.0,69,0.0,138,0.0,0.0,0,52429,17085,26215,17100,0,17080,0,0,0,70,68,100,2.7302399002429377e+23,82.0,0.0,78.4,-107615464.0,78.5,1,49,50,180,52429,0,0,0,0.0,0.0,0.0,0.0,-0.0,67.0,0.0,162057.094,0.0,974,0,1000,0,0,0,949,0,1022,0,920,0,789,0,780,0,822,0,7520,0.032,7.11929029094728e+19,0.0,0.0,784,16797,-0.0,162057.094,-114818.039,-0.0,0.133,6.909358625270745e+28,30.0,70.0,35,0.0,0.0,0.0,0.0,0.0,0.0,0.0,0.0,0.0,0.0,0.0,0.0,0.0,0.0,0.0,0.0,66.4,0,150,71,51,65476,0,300,0,0,8,20529,65476,0,0,44564,70.0,0.0,0.0,0.0,0.0,0.0
2026-09-10T21:37:23,ERR,ERR,ERR,ERR,ERR,ERR,ERR,ERR,ERR,ERR,ERR,ERR,ERR,ERR,ERR,ERR,ERR,ERR,ERR,ERR,ERR,ERR,ERR,ERR,ERR,ERR,ERR,ERR,ERR,ERR,ERR,ERR,ERR,ERR,ERR,ERR,ERR,ERR,ERR,ERR,ERR,ERR,ERR,ERR,ERR,ERR,ERR,ERR,ERR,ERR,ERR,ERR,ERR,ERR,ERR,ERR,ERR,ERR,ERR,ERR,ERR,ERR,ERR,ERR,ERR,ERR,ERR,ERR,ERR,ERR,ERR,ERR,ERR,ERR,ERR,ERR,ERR,ERR,ERR,ERR,ERR,ERR,ERR,ERR,ERR,ERR,ERR,ERR,ERR,ERR,ERR,ERR,ERR,ERR,ERR,ERR,ERR,ERR,ERR,ERR,ERR,ERR,ERR,ERR,ERR,ERR,ERR,ERR,ERR,ERR,ERR,ERR,ERR,ERR,ERR,ERR,ERR,ERR,ERR,ERR,ERR,ERR,ERR,ERR,ERR,0.0,0.0,2.6474835549302285e+23,0.0,0.0,1.3936040501711995e+18,7.805,0.0,0,0,4,0,7116,0.0,100,0.0,0.0,0.0,0.0,0.0,0,0,0,0,0.0,0,0,0,0,0,0,0,0,0,0,0,0,0,0,0,0,0,0,0,0,0,0,0,0,0,0,0,0,0,0,0,0,0,31,40,40,71,65476,0,300,0,0,8,21553,0.0,-107605600.0,0.0,0.0,0.0,0.0,0.0,0.0,0.0,0.0,0.0,0.0,0.0,0.0,0.0,0.0,0.0,0.0,0.0,0.0,0.0,0.0,-2.004,2.004,0.0,0.0,0.0,0.0,0.0,0.0,4492.0,-0.0,6935.0,0.0,0.0,0.0,-0.0,0.0,0.0,0.0,0.0,69,-152018521948160.0,0.0,0.0,0.0,0.0,0.0,0.0,0.0,0.0,0,0,0,0.0,0.0,0.0,0.0,0.0,0.0,0.0,0.0,0.0,0.0,0.0,0.0,0.0,0.0,0.0,0.0,0,-107875648.0,69,0.0,138,0.0,0.0,0,52429,17085,26215,17100,0,17080,0,0,0,70,68,100,2.7302399002429377e+23,82.0,0.0,78.4,-107615464.0,78.5,1,49,50,180,52429,0,0,0,0.0,0.0,0.0,0.0,-0.0,67.0,0.0,162057.094,0.0,974,0,1000,0,0,0,949,0,1022,0,920,0,789,0,780,0,822,0,7520,0.032,7.11929029094728e+19,0.0,0.0,784,16797,-0.0,162057.094,-114818.039,-0.0,0.133,6.909358625270745e+28,30.0,70.0,35,0.0,0.0,0.0,0.0,0.0,0.0,0.0,0.0,0.0,0.0,0.0,0.0,0.0,0.0,0.0,0.0,66.4,0,150,71,51,65476,0,300,0,0,8,20529,65476,0,0,44564,70.0,0.0,0.0,0.0,0.0,0.0
2026-09-10T21:37:24,ERR,ERR,ERR,ERR,ERR,ERR,ERR,ERR,ERR,ERR,ERR,ERR,ERR,ERR,ERR,ERR,ERR,ERR,ERR,ERR,ERR,ERR,ERR,ERR,ERR,ERR,ERR,ERR,ERR,ERR,ERR,ERR,ERR,ERR,ERR,ERR,ERR,ERR,ERR,ERR,ERR,ERR,ERR,ERR,ERR,ERR,ERR,ERR,ERR,ERR,ERR,ERR,ERR,ERR,ERR,ERR,ERR,ERR,ERR,ERR,ERR,ERR,ERR,ERR,ERR,ERR,ERR,ERR,ERR,ERR,ERR,ERR,ERR,ERR,ERR,ERR,ERR,ERR,ERR,ERR,ERR,ERR,ERR,ERR,ERR,ERR,ERR,ERR,ERR,ERR,ERR,ERR,ERR,ERR,ERR,ERR,ERR,ERR,ERR,ERR,ERR,ERR,ERR,ERR,ERR,ERR,ERR,ERR,ERR,ERR,ERR,ERR,ERR,ERR,ERR,ERR,ERR,ERR,ERR,ERR,ERR,ERR,ERR,ERR,ERR,0.0,0.0,0.0,0.0,0.0,1.3936040501711995e+18,7.805,0.0,0,0,4,0,7116,0.0,100,0.0,0.0,0.0,0.0,0.0,0,0,0,0,0.0,0,0,0,0,0,0,0,0,0,0,0,0,0,0,0,0,0,0,0,0,0,0,0,0,0,0,0,0,0,0,0,0,0,31,40,40,71,65476,0,300,0,0,8,21553,0.0,-107605600.0,0.0,0.0,0.0,0.0,0.0,0.0,0.0,0.0,0.0,0.0,0.0,0.0,0.0,0.0,0.0,0.0,0.0,0.0,0.0,0.0,-2.004,2.004,0.0,0.0,0.0,0.0,0.0,0.0,4486.0,-0.0,6929.0,0.0,0.0,0.0,-0.0,0.0,0.0,0.0,0.0,69,-0.0,-2.308824356982641e+20,0.0,0.0,0.0,0.0,0.0,0.0,0.0,0,0,0,0.0,0.0,0.0,0.0,0.0,0.0,0.0,0.0,0.0,0.0,0.0,0.0,0.0,0.0,0.0,0.0,0,-107875648.0,69,0.0,138,0.0,0.0,0,52429,17085,26215,17100,0,17080,0,0,0,70,68,100,2.7302399002429377e+23,82.0,0.0,78.4,-107615464.0,78.5,1,49,50,180,52429,0,0,0,0.0,0.0,0.0,0.0,-0.0,67.0,0.0,162057.094,0.0,974,0,1000,0,0,0,949,0,1022,0,920,0,789,0,780,0,822,0,7520,0.032,7.11929029094728e+19,0.0,0.0,784,16797,-0.0,162057.094,-114818.039,-0.0,0.133,6.909358625270745e+28,30.0,70.0,35,0.0,0.0,0.0,0.0,0.0,0.0,0.0,0.0,0.0,0.0,0.0,0.0,0.0,0.0,0.0,0.0,66.4,0,150,71,51,65476,0,300,0,0,8,20529,65476,0,0,44564,70.0,0.0,0.0,0.0,0.0,0.0
2026-09-10T21:37:25,ERR,ERR,ERR,ERR,ERR,ERR,ERR,ERR,ERR,ERR,ERR,ERR,ERR,ERR,ERR,ERR,ERR,ERR,ERR,ERR,ERR,ERR,ERR,ERR,ERR,ERR,ERR,ERR,ERR,ERR,ERR,ERR,ERR,ERR,ERR,ERR,ERR,ERR,ERR,ERR,ERR,ERR,ERR,ERR,ERR,ERR,ERR,ERR,ERR,ERR,ERR,ERR,ERR,ERR,ERR,ERR,ERR,ERR,ERR,ERR,ERR,ERR,ERR,ERR,ERR,ERR,ERR,ERR,ERR,ERR,ERR,ERR,ERR,ERR,ERR,ERR,ERR,ERR,ERR,ERR,ERR,ERR,ERR,ERR,ERR,ERR,ERR,ERR,ERR,ERR,ERR,ERR,ERR,ERR,ERR,ERR,ERR,ERR,ERR,ERR,ERR,ERR,ERR,ERR,ERR,ERR,ERR,ERR,ERR,ERR,ERR,ERR,ERR,ERR,ERR,ERR,ERR,ERR,ERR,ERR,ERR,ERR,ERR,ERR,ERR,0.0,0.0,0.0,0.0,0.0,1.3936040501711995e+18,7.805,0.0,0,0,4,0,7116,0.0,100,0.0,0.0,0.0,0.0,0.0,0,0,0,0,0.0,0,0,0,0,0,0,0,0,0,0,0,0,0,0,0,0,0,0,0,0,0,0,0,0,0,0,0,0,0,0,0,0,0,31,40,40,71,65476,0,300,0,0,8,21553,0.0,-107605600.0,0.0,0.0,0.0,0.0,0.0,0.0,0.0,0.0,0.0,0.0,0.0,0.0,0.0,0.0,0.0,0.0,0.0,0.0,0.0,0.0,-2.004,2.004,0.0,0.0,0.0,0.0,0.0,0.0,4486.0,-0.0,6929.0,0.0,0.0,0.0,-0.0,0.0,0.0,0.0,0.0,69,-0.0,-2.308824356982641e+20,0.0,0.0,0.0,0.0,0.0,0.0,0.0,0,0,0,0.0,0.0,0.0,0.0,0.0,0.0,0.0,0.0,0.0,0.0,0.0,0.0,0.0,0.0,0.0,0.0,0,-107875648.0,69,0.0,138,0.0,0.0,0,52429,17085,26215,17100,0,17080,0,0,0,70,68,100,2.7302399002429377e+23,82.0,0.0,78.4,-107615464.0,78.5,1,49,50,180,52429,0,0,0,0.0,0.0,0.0,0.0,-0.0,67.0,0.0,162057.094,0.0,974,0,1000,0,0,0,949,0,1022,0,920,0,789,0,780,0,822,0,7520,0.032,7.11929029094728e+19,0.0,0.0,784,16797,-0.0,162057.094,-114818.039,-0.0,0.133,6.909358625270745e+28,30.0,70.0,35,0.0,0.0,0.0,0.0,0.0,0.0,0.0,0.0,0.0,0.0,0.0,0.0,0.0,0.0,0.0,0.0,66.4,0,150,71,51,65476,0,300,0,0,8,20529,65476,0,0,44564,70.0,0.0,0.0,0.0,0.0,0.0
2026-09-10T21:37:26,ERR,ERR,ERR,ERR,ERR,ERR,ERR,ERR,ERR,ERR,ERR,ERR,ERR,ERR,ERR,ERR,ERR,ERR,ERR,ERR,ERR,ERR,ERR,ERR,ERR,ERR,ERR,ERR,ERR,ERR,ERR,ERR,ERR,ERR,ERR,ERR,ERR,ERR,ERR,ERR,ERR,ERR,ERR,ERR,ERR,ERR,ERR,ERR,ERR,ERR,ERR,ERR,ERR,ERR,ERR,ERR,ERR,ERR,ERR,ERR,ERR,ERR,ERR,ERR,ERR,ERR,ERR,ERR,ERR,ERR,ERR,ERR,ERR,ERR,ERR,ERR,ERR,ERR,ERR,ERR,ERR,ERR,ERR,ERR,ERR,ERR,ERR,ERR,ERR,ERR,ERR,ERR,ERR,ERR,ERR,ERR,ERR,ERR,ERR,ERR,ERR,ERR,ERR,ERR,ERR,ERR,ERR,ERR,ERR,ERR,ERR,ERR,ERR,ERR,ERR,ERR,ERR,ERR,ERR,ERR,ERR,ERR,ERR,ERR,ERR,0.0,0.0,0.0,0.0,0.0,1.3936040501711995e+18,7.805,0.0,0,0,4,0,7116,0.0,100,0.0,0.0,0.0,0.0,0.0,0,0,0,0,0.0,0,0,0,0,0,0,0,0,0,0,0,0,0,0,0,0,0,0,0,0,0,0,0,0,0,0,0,0,0,0,0,0,0,31,40,40,71,65476,0,300,0,0,8,21553,0.0,-107605600.0,0.0,0.0,0.0,0.0,0.0,0.0,0.0,0.0,0.0,0.0,0.0,0.0,0.0,0.0,0.0,0.0,0.0,0.0,0.0,0.0,-2.004,2.004,0.0,0.0,0.0,0.0,0.0,0.0,4486.0,-0.0,6929.0,0.0,0.0,0.0,-0.0,0.0,0.0,0.0,0.0,69,-0.0,-2.308824356982641e+20,0.0,0.0,0.0,0.0,0.0,0.0,0.0,0,0,0,0.0,0.0,0.0,0.0,0.0,0.0,0.0,0.0,0.0,0.0,0.0,0.0,0.0,0.0,0.0,0.0,0,-107875648.0,69,0.0,138,0.0,0.0,0,52429,17085,26215,17100,0,17080,0,0,0,70,68,100,2.7302399002429377e+23,82.0,0.0,78.4,-107615464.0,78.5,1,49,50,180,52429,0,0,0,0.0,0.0,0.0,0.0,-0.0,67.0,0.0,162057.094,0.0,974,0,1000,0,0,0,949,0,1022,0,920,0,789,0,780,0,822,0,7520,0.032,7.11929029094728e+19,0.0,0.0,784,16797,-0.0,162057.094,-114818.039,-0.0,0.133,6.909358625270745e+28,30.0,70.0,35,0.0,0.0,0.0,0.0,0.0,0.0,0.0,0.0,0.0,0.0,0.0,0.0,0.0,0.0,0.0,0.0,66.4,0,150,71,51,65476,0,300,0,0,8,20529,65476,0,0,44564,70.0,0.0,0.0,0.0,0.0,0.0
2026-09-10T21:37:27,ERR,ERR,ERR,ERR,ERR,ERR,ERR,ERR,ERR,ERR,ERR,ERR,ERR,ERR,ERR,ERR,ERR,ERR,ERR,ERR,ERR,ERR,ERR,ERR,ERR,ERR,ERR,ERR,ERR,ERR,ERR,ERR,ERR,ERR,ERR,ERR,ERR,ERR,ERR,ERR,ERR,ERR,ERR,ERR,ERR,ERR,ERR,ERR,ERR,ERR,ERR,ERR,ERR,ERR,ERR,ERR,ERR,ERR,ERR,ERR,ERR,ERR,ERR,ERR,ERR,ERR,ERR,ERR,ERR,ERR,ERR,ERR,ERR,ERR,ERR,ERR,ERR,ERR,ERR,ERR,ERR,ERR,ERR,ERR,ERR,ERR,ERR,ERR,ERR,ERR,ERR,ERR,ERR,ERR,ERR,ERR,ERR,ERR,ERR,ERR,ERR,ERR,ERR,ERR,ERR,ERR,ERR,ERR,ERR,ERR,ERR,ERR,ERR,ERR,ERR,ERR,ERR,ERR,ERR,ERR,ERR,ERR,ERR,ERR,ERR,0.0,0.0,0.0,0.0,0.0,1.3936040501711995e+18,7.805,0.0,0,0,4,0,7116,0.0,100,0.0,0.0,0.0,0.0,0.0,0,0,0,0,0.0,0,0,0,0,0,0,0,0,0,0,0,0,0,0,0,0,0,0,0,0,0,0,0,0,0,0,0,0,0,0,0,0,0,31,40,40,71,65476,0,300,0,0,8,21553,0.0,-107605600.0,0.0,0.0,0.0,0.0,0.0,0.0,0.0,0.0,0.0,0.0,0.0,0.0,0.0,0.0,0.0,0.0,0.0,0.0,0.0,0.0,-2.004,2.004,0.0,0.0,0.0,0.0,0.0,0.0,4486.0,-0.0,6929.0,0.0,0.0,0.0,-0.0,0.0,0.0,0.0,0.0,69,-0.0,-2.308824356982641e+20,0.0,0.0,0.0,0.0,0.0,0.0,0.0,0,0,0,0.0,0.0,0.0,0.0,0.0,0.0,0.0,0.0,0.0,0.0,0.0,0.0,0.0,0.0,0.0,0.0,0,-107875648.0,69,0.0,138,0.0,0.0,0,52429,17085,26215,17100,0,17080,0,0,0,70,68,100,2.7302399002429377e+23,82.0,0.0,78.4,-107615464.0,78.5,1,49,50,180,52429,0,0,0,0.0,0.0,0.0,0.0,-0.0,67.0,0.0,162057.094,0.0,974,0,1000,0,0,0,949,0,1022,0,920,0,789,0,780,0,822,0,7520,0.032,7.11929029094728e+19,0.0,0.0,784,16797,-0.0,162057.094,-114818.039,-0.0,0.133,6.909358625270745e+28,30.0,70.0,35,0.0,0.0,0.0,0.0,0.0,0.0,0.0,0.0,0.0,0.0,0.0,0.0,0.0,0.0,0.0,0.0,66.4,0,150,71,51,65476,0,300,0,0,8,20529,65476,0,0,44564,70.0,0.0,0.0,0.0,0.0,0.0
2026-09-10T21:37:28,ERR,ERR,ERR,ERR,ERR,ERR,ERR,ERR,ERR,ERR,ERR,ERR,ERR,ERR,ERR,ERR,ERR,ERR,ERR,ERR,ERR,ERR,ERR,ERR,ERR,ERR,ERR,ERR,ERR,ERR,ERR,ERR,ERR,ERR,ERR,ERR,ERR,ERR,ERR,ERR,ERR,ERR,ERR,ERR,ERR,ERR,ERR,ERR,ERR,ERR,ERR,ERR,ERR,ERR,ERR,ERR,ERR,ERR,ERR,ERR,ERR,ERR,ERR,ERR,ERR,ERR,ERR,ERR,ERR,ERR,ERR,ERR,ERR,ERR,ERR,ERR,ERR,ERR,ERR,ERR,ERR,ERR,ERR,ERR,ERR,ERR,ERR,ERR,ERR,ERR,ERR,ERR,ERR,ERR,ERR,ERR,ERR,ERR,ERR,ERR,ERR,ERR,ERR,ERR,ERR,ERR,ERR,ERR,ERR,ERR,ERR,ERR,ERR,ERR,ERR,ERR,ERR,ERR,ERR,ERR,ERR,ERR,ERR,ERR,ERR,0.0,0.0,0.0,0.0,0.0,1.3936040501711995e+18,7.805,0.0,0,0,4,0,7116,0.0,100,0.0,0.0,0.0,0.0,0.0,0,0,0,0,0.0,0,0,0,0,0,0,0,0,0,0,0,0,0,0,0,0,0,0,0,0,0,0,0,0,0,0,0,0,0,0,0,0,0,31,40,40,71,65476,0,300,0,0,8,21553,0.0,-107605600.0,0.0,0.0,0.0,0.0,0.0,0.0,0.0,0.0,0.0,0.0,0.0,0.0,0.0,0.0,0.0,0.0,0.0,0.0,0.0,0.0,-2.004,2.004,0.0,0.0,0.0,0.0,0.0,0.0,4486.0,-0.0,6929.0,0.0,0.0,0.0,-0.0,0.0,0.0,0.0,0.0,69,-0.0,-2.308824356982641e+20,0.0,0.0,0.0,0.0,0.0,0.0,0.0,0,0,0,0.0,0.0,0.0,0.0,0.0,0.0,0.0,0.0,0.0,0.0,0.0,0.0,0.0,0.0,0.0,0.0,0,-107875648.0,69,0.0,138,0.0,0.0,0,52429,17085,26215,17100,0,17080,0,0,0,70,68,100,2.7302399002429377e+23,82.0,0.0,78.4,-107615464.0,78.5,1,49,50,180,52429,0,0,0,0.0,0.0,0.0,0.0,-0.0,67.0,0.0,162057.094,0.0,974,0,1000,0,0,0,949,0,1022,0,920,0,789,0,780,0,822,0,7520,0.032,5.5340232221128655e+19,0.0,0.0,784,16797,-0.0,162057.094,-114818.039,-0.0,0.133,6.909358625270745e+28,30.0,70.0,35,0.0,0.0,0.0,0.0,0.0,0.0,0.0,0.0,0.0,0.0,0.0,0.0,0.0,0.0,0.0,0.0,66.4,0,150,71,51,65476,0,300,0,0,8,20529,65476,0,0,44564,70.0,0.0,0.0,0.0,0.0,0.0
2026-09-10T21:37:29,ERR,ERR,ERR,ERR,ERR,ERR,ERR,ERR,ERR,ERR,ERR,ERR,ERR,ERR,ERR,ERR,ERR,ERR,ERR,ERR,ERR,ERR,ERR,ERR,ERR,ERR,ERR,ERR,ERR,ERR,ERR,ERR,ERR,ERR,ERR,ERR,ERR,ERR,ERR,ERR,ERR,ERR,ERR,ERR,ERR,ERR,ERR,ERR,ERR,ERR,ERR,ERR,ERR,ERR,ERR,ERR,ERR,ERR,ERR,ERR,ERR,ERR,ERR,ERR,ERR,ERR,ERR,ERR,ERR,ERR,ERR,ERR,ERR,ERR,ERR,ERR,ERR,ERR,ERR,ERR,ERR,ERR,ERR,ERR,ERR,ERR,ERR,ERR,ERR,ERR,ERR,ERR,ERR,ERR,ERR,ERR,ERR,ERR,ERR,ERR,ERR,ERR,ERR,ERR,ERR,ERR,ERR,ERR,ERR,ERR,ERR,ERR,ERR,ERR,ERR,ERR,ERR,ERR,ERR,ERR,ERR,ERR,ERR,ERR,ERR,0.0,0.0,0.0,0.0,0.0,1.3936040501711995e+18,7.805,0.0,0,0,4,0,7116,0.0,100,0.0,0.0,0.0,0.0,0.0,0,0,0,0,0.0,0,0,0,0,0,0,0,0,0,0,0,0,0,0,0,0,0,0,0,0,0,0,0,0,0,0,0,0,0,0,0,0,0,31,40,40,71,65476,0,300,0,0,8,21553,0.0,-107605600.0,0.0,0.0,0.0,0.0,0.0,0.0,0.0,0.0,0.0,0.0,0.0,0.0,0.0,0.0,0.0,0.0,0.0,0.0,0.0,0.0,-2.004,2.004,0.0,0.0,0.0,0.0,0.0,0.0,4486.0,-0.0,6929.0,0.0,0.0,0.0,-0.0,0.0,0.0,0.0,0.0,69,-0.0,-2.308824356982641e+20,0.0,0.0,0.0,0.0,0.0,0.0,0.0,0,0,0,0.0,0.0,0.0,0.0,0.0,0.0,0.0,0.0,0.0,0.0,0.0,0.0,0.0,0.0,0.0,0.0,0,-107875648.0,69,0.0,138,0.0,0.0,0,52429,17085,26215,17100,0,17080,0,0,0,70,68,100,2.7302399002429377e+23,82.0,0.0,78.4,-107615464.0,78.5,1,49,50,180,52429,0,0,0,0.0,0.0,0.0,0.0,-0.0,67.0,0.0,162057.094,0.0,974,0,1000,0,0,0,949,0,1022,0,920,0,789,0,780,0,822,0,7520,0.032,5.5340232221128655e+19,0.0,0.0,784,16797,-0.0,162057.094,-114818.039,-0.0,0.133,6.909358625270745e+28,30.0,70.0,35,0.0,0.0,0.0,0.0,0.0,0.0,0.0,0.0,0.0,0.0,0.0,0.0,0.0,0.0,0.0,0.0,66.4,0,150,71,51,65476,0,300,0,0,8,20529,65476,0,0,44564,70.0,0.0,0.0,0.0,0.0,0.0
2026-09-10T21:37:30,ERR,ERR,ERR,ERR,ERR,ERR,ERR,ERR,ERR,ERR,ERR,ERR,ERR,ERR,ERR,ERR,ERR,ERR,ERR,ERR,ERR,ERR,ERR,ERR,ERR,ERR,ERR,ERR,ERR,ERR,ERR,ERR,ERR,ERR,ERR,ERR,ERR,ERR,ERR,ERR,ERR,ERR,ERR,ERR,ERR,ERR,ERR,ERR,ERR,ERR,ERR,ERR,ERR,ERR,ERR,ERR,ERR,ERR,ERR,ERR,ERR,ERR,ERR,ERR,ERR,ERR,ERR,ERR,ERR,ERR,ERR,ERR,ERR,ERR,ERR,ERR,ERR,ERR,ERR,ERR,ERR,ERR,ERR,ERR,ERR,ERR,ERR,ERR,ERR,ERR,ERR,ERR,ERR,ERR,ERR,ERR,ERR,ERR,ERR,ERR,ERR,ERR,ERR,ERR,ERR,ERR,ERR,ERR,ERR,ERR,ERR,ERR,ERR,ERR,ERR,ERR,ERR,ERR,ERR,ERR,ERR,ERR,ERR,ERR,ERR,0.0,0.0,0.0,0.0,0.0,1.3936040501711995e+18,7.805,0.0,0,0,4,0,7116,0.0,100,0.0,0.0,0.0,0.0,0.0,0,0,0,0,0.0,0,0,0,0,0,0,0,0,0,0,0,0,0,0,0,0,0,0,0,0,0,0,0,0,0,0,0,0,0,0,0,0,0,31,40,40,71,65476,0,300,0,0,8,21553,0.0,-107605600.0,0.0,0.0,0.0,0.0,0.0,0.0,0.0,0.0,0.0,0.0,0.0,0.0,0.0,0.0,0.0,0.0,0.0,0.0,0.0,0.0,-2.004,2.004,0.0,0.0,0.0,0.0,0.0,0.0,4486.0,-0.0,6929.0,0.0,0.0,0.0,-0.0,0.0,0.0,0.0,0.0,69,-0.0,-2.308824356982641e+20,0.0,0.0,0.0,0.0,0.0,0.0,0.0,0,0,0,0.0,0.0,0.0,0.0,0.0,0.0,0.0,0.0,0.0,0.0,0.0,0.0,0.0,0.0,0.0,0.0,0,-107875648.0,69,0.0,138,0.0,0.0,0,52429,17085,26215,17100,0,17080,0,0,0,70,68,100,2.7302399002429377e+23,82.0,0.0,78.4,-107615464.0,78.5,1,49,50,180,52429,0,0,0,0.0,0.0,0.0,0.0,-0.0,67.0,0.0,162057.094,0.0,974,0,1000,0,0,0,949,0,1022,0,920,0,789,0,780,0,822,0,7520,0.032,5.5340232221128655e+19,0.0,0.0,784,16797,-0.0,162057.094,-114818.039,-0.0,0.133,6.909358625270745e+28,30.0,70.0,35,0.0,0.0,0.0,0.0,0.0,0.0,0.0,0.0,0.0,0.0,0.0,0.0,0.0,0.0,0.0,0.0,66.4,0,150,71,51,65476,0,300,0,0,8,20529,65476,0,0,44564,70.0,0.0,0.0,0.0,0.0,0.0
2026-09-10T21:37:31,ERR,ERR,ERR,ERR,ERR,ERR,ERR,ERR,ERR,ERR,ERR,ERR,ERR,ERR,ERR,ERR,ERR,ERR,ERR,ERR,ERR,ERR,ERR,ERR,ERR,ERR,ERR,ERR,ERR,ERR,ERR,ERR,ERR,ERR,ERR,ERR,ERR,ERR,ERR,ERR,ERR,ERR,ERR,ERR,ERR,ERR,ERR,ERR,ERR,ERR,ERR,ERR,ERR,ERR,ERR,ERR,ERR,ERR,ERR,ERR,ERR,ERR,ERR,ERR,ERR,ERR,ERR,ERR,ERR,ERR,ERR,ERR,ERR,ERR,ERR,ERR,ERR,ERR,ERR,ERR,ERR,ERR,ERR,ERR,ERR,ERR,ERR,ERR,ERR,ERR,ERR,ERR,ERR,ERR,ERR,ERR,ERR,ERR,ERR,ERR,ERR,ERR,ERR,ERR,ERR,ERR,ERR,ERR,ERR,ERR,ERR,ERR,ERR,ERR,ERR,ERR,ERR,ERR,ERR,ERR,ERR,ERR,ERR,ERR,ERR,0.0,0.0,0.0,0.0,0.0,1.3936040501711995e+18,7.805,0.0,0,0,4,0,7116,0.0,100,0.0,0.0,0.0,0.0,0.0,0,0,0,0,0.0,0,0,0,0,0,0,0,0,0,0,0,0,0,0,0,0,0,0,0,0,0,0,0,0,0,0,0,0,0,0,0,0,0,31,40,40,71,65476,0,300,0,0,8,21553,0.0,-107605600.0,0.0,0.0,0.0,0.0,0.0,0.0,0.0,0.0,0.0,0.0,0.0,0.0,0.0,0.0,0.0,0.0,0.0,0.0,0.0,0.0,-2.004,2.004,0.0,0.0,0.0,0.0,0.0,0.0,4486.0,-0.0,6929.0,0.0,0.0,0.0,-0.0,0.0,0.0,0.0,0.0,69,-0.0,-2.308824356982641e+20,0.0,0.0,0.0,0.0,0.0,0.0,0.0,0,0,0,0.0,0.0,0.0,0.0,0.0,0.0,0.0,0.0,0.0,0.0,0.0,0.0,0.0,0.0,0.0,0.0,0,-107875648.0,69,0.0,138,0.0,0.0,0,52429,17085,26215,17100,0,17080,0,0,0,70,68,100,2.7302399002429377e+23,82.0,0.0,78.4,-107615464.0,78.5,1,49,50,180,52429,0,0,0,0.0,0.0,0.0,0.0,-0.0,67.0,0.0,162057.094,0.0,974,0,1000,0,0,0,949,0,1022,0,920,0,789,0,780,0,822,0,7520,0.032,5.5340232221128655e+19,0.0,0.0,784,16797,-0.0,162057.094,-114818.039,-0.0,0.133,6.909358625270745e+28,30.0,70.0,35,0.0,0.0,0.0,0.0,0.0,0.0,0.0,0.0,0.0,0.0,0.0,0.0,0.0,0.0,0.0,0.0,66.4,0,150,71,51,65476,0,300,0,0,8,20529,65476,0,0,44564,70.0,0.0,0.0,0.0,0.0,0.0
2026-09-10T21:37:32,ERR,ERR,ERR,ERR,ERR,ERR,ERR,ERR,ERR,ERR,ERR,ERR,ERR,ERR,ERR,ERR,ERR,ERR,ERR,ERR,ERR,ERR,ERR,ERR,ERR,ERR,ERR,ERR,ERR,ERR,ERR,ERR,ERR,ERR,ERR,ERR,ERR,ERR,ERR,ERR,ERR,ERR,ERR,ERR,ERR,ERR,ERR,ERR,ERR,ERR,ERR,ERR,ERR,ERR,ERR,ERR,ERR,ERR,ERR,ERR,ERR,ERR,ERR,ERR,ERR,ERR,ERR,ERR,ERR,ERR,ERR,ERR,ERR,ERR,ERR,ERR,ERR,ERR,ERR,ERR,ERR,ERR,ERR,ERR,ERR,ERR,ERR,ERR,ERR,ERR,ERR,ERR,ERR,ERR,ERR,ERR,ERR,ERR,ERR,ERR,ERR,ERR,ERR,ERR,ERR,ERR,ERR,ERR,ERR,ERR,ERR,ERR,ERR,ERR,ERR,ERR,ERR,ERR,ERR,ERR,ERR,ERR,ERR,ERR,ERR,0.0,0.0,0.0,0.0,0.0,1.3936040501711995e+18,7.805,0.0,0,0,4,0,7116,0.0,100,0.0,0.0,0.0,0.0,0.0,0,0,0,0,0.0,0,0,0,0,0,0,0,0,0,0,0,0,0,0,0,0,0,0,0,0,0,0,0,0,0,0,0,0,0,0,0,0,0,31,40,40,71,65476,0,300,0,0,8,21553,0.0,-107605600.0,0.0,0.0,0.0,0.0,0.0,0.0,0.0,0.0,0.0,0.0,0.0,0.0,0.0,0.0,0.0,0.0,0.0,0.0,0.0,0.0,-2.004,2.004,0.0,0.0,0.0,0.0,0.0,0.0,4486.0,-0.0,6929.0,0.0,0.0,0.0,-0.0,0.0,0.0,0.0,0.0,69,-0.0,-2.308824356982641e+20,0.0,0.0,0.0,0.0,0.0,0.0,0.0,0,0,0,0.0,0.0,0.0,0.0,0.0,0.0,0.0,0.0,0.0,0.0,0.0,0.0,0.0,0.0,0.0,0.0,0,-107875648.0,69,0.0,138,0.0,0.0,0,52429,17085,26215,17100,0,17080,0,0,0,70,68,100,2.7302399002429377e+23,82.0,0.0,78.4,-107615464.0,78.5,1,49,50,180,52429,0,0,0,0.0,0.0,0.0,0.0,-0.0,67.0,0.0,162057.094,0.0,974,0,1000,0,0,0,949,0,1022,0,920,0,789,0,780,0,822,0,7520,0.032,5.5340232221128655e+19,0.0,0.0,784,16797,-0.0,162057.094,-114818.039,-0.0,0.133,6.909358625270745e+28,30.0,70.0,35,0.0,0.0,0.0,0.0,0.0,0.0,0.0,0.0,0.0,0.0,0.0,0.0,0.0,0.0,0.0,0.0,66.4,0,150,71,51,65476,0,300,0,0,8,20529,65476,0,0,44564,70.0,0.0,0.0,0.0,0.0,0.0
2026-09-10T21:37:33,ERR,ERR,ERR,ERR,ERR,ERR,ERR,ERR,ERR,ERR,ERR,ERR,ERR,ERR,ERR,ERR,ERR,ERR,ERR,ERR,ERR,ERR,ERR,ERR,ERR,ERR,ERR,ERR,ERR,ERR,ERR,ERR,ERR,ERR,ERR,ERR,ERR,ERR,ERR,ERR,ERR,ERR,ERR,ERR,ERR,ERR,ERR,ERR,ERR,ERR,ERR,ERR,ERR,ERR,ERR,ERR,ERR,ERR,ERR,ERR,ERR,ERR,ERR,ERR,ERR,ERR,ERR,ERR,ERR,ERR,ERR,ERR,ERR,ERR,ERR,ERR,ERR,ERR,ERR,ERR,ERR,ERR,ERR,ERR,ERR,ERR,ERR,ERR,ERR,ERR,ERR,ERR,ERR,ERR,ERR,ERR,ERR,ERR,ERR,ERR,ERR,ERR,ERR,ERR,ERR,ERR,ERR,ERR,ERR,ERR,ERR,ERR,ERR,ERR,ERR,ERR,ERR,ERR,ERR,ERR,ERR,ERR,ERR,ERR,ERR,0.0,0.0,2.6474835549302285e+23,0.0,0.0,1.3936040501711995e+18,7.805,0.0,0,0,4,0,7116,0.0,100,0.0,0.0,0.0,0.0,0.0,0,0,0,0,0.0,0,0,0,0,0,0,0,0,0,0,0,0,0,0,0,0,0,0,0,0,0,0,0,0,0,0,0,0,0,0,0,0,0,31,40,40,71,65476,0,300,0,0,8,21553,0.0,-107605600.0,0.0,0.0,0.0,0.0,0.0,0.0,0.0,0.0,0.0,0.0,0.0,0.0,0.0,0.0,0.0,0.0,0.0,0.0,0.0,0.0,-2.004,2.004,0.0,0.0,0.0,0.0,0.0,0.0,4483.0,-0.0,6934.0,0.0,0.0,0.0,-0.0,0.0,0.0,0.0,0.0,69,-0.0,0.0,0.0,0.0,0.0,0.0,0.0,0.0,0.0,0,0,0,0.0,0.0,0.0,0.0,0.0,0.0,0.0,0.0,0.0,0.0,0.0,0.0,0.0,0.0,0.0,0.0,0,-107875648.0,69,0.0,138,0.0,0.0,0,52429,17085,26215,17100,0,17080,0,0,0,70,68,100,2.7302399002429377e+23,82.0,0.0,78.4,-107615464.0,78.5,1,49,50,180,52429,0,0,0,0.0,0.0,0.0,0.0,-0.0,67.0,0.0,162057.094,0.0,974,0,1000,0,0,0,949,0,1022,0,920,0,789,0,780,0,822,0,7520,0.032,5.5340232221128655e+19,0.0,0.0,784,16797,-0.0,162057.094,-114818.039,-0.0,0.133,6.909358625270745e+28,30.0,70.0,35,0.0,0.0,0.0,0.0,0.0,0.0,0.0,0.0,0.0,0.0,0.0,0.0,0.0,0.0,0.0,0.0,66.4,0,150,71,51,65476,0,300,0,0,8,20529,65476,0,0,44564,70.0,0.0,0.0,0.0,0.0,0.0
2026-09-10T21:37:34,ERR,ERR,ERR,ERR,ERR,ERR,ERR,ERR,ERR,ERR,ERR,ERR,ERR,ERR,ERR,ERR,ERR,ERR,ERR,ERR,ERR,ERR,ERR,ERR,ERR,ERR,ERR,ERR,ERR,ERR,ERR,ERR,ERR,ERR,ERR,ERR,ERR,ERR,ERR,ERR,ERR,ERR,ERR,ERR,ERR,ERR,ERR,ERR,ERR,ERR,ERR,ERR,ERR,ERR,ERR,ERR,ERR,ERR,ERR,ERR,ERR,ERR,ERR,ERR,ERR,ERR,ERR,ERR,ERR,ERR,ERR,ERR,ERR,ERR,ERR,ERR,ERR,ERR,ERR,ERR,ERR,ERR,ERR,ERR,ERR,ERR,ERR,ERR,ERR,ERR,ERR,ERR,ERR,ERR,ERR,ERR,ERR,ERR,ERR,ERR,ERR,ERR,ERR,ERR,ERR,ERR,ERR,ERR,ERR,ERR,ERR,ERR,ERR,ERR,ERR,ERR,ERR,ERR,ERR,ERR,ERR,ERR,ERR,ERR,ERR,0.0,0.0,2.6474835549302285e+23,0.0,0.0,1.3936040501711995e+18,7.805,0.0,0,0,4,0,7116,0.0,100,0.0,0.0,0.0,0.0,0.0,0,0,0,0,0.0,0,0,0,0,0,0,0,0,0,0,0,0,0,0,0,0,0,0,0,0,0,0,0,0,0,0,0,0,0,0,0,0,0,31,40,40,71,65476,0,300,0,0,8,21553,0.0,-107605600.0,0.0,0.0,0.0,0.0,0.0,0.0,0.0,0.0,0.0,0.0,0.0,0.0,0.0,0.0,0.0,0.0,0.0,0.0,0.0,0.0,-2.004,2.004,0.0,0.0,0.0,0.0,0.0,0.0,4483.0,-0.0,6934.0,0.0,0.0,0.0,-0.0,0.0,0.0,0.0,0.0,69,-0.0,0.0,0.0,0.0,0.0,0.0,0.0,0.0,0.0,0,0,0,0.0,0.0,0.0,0.0,0.0,0.0,0.0,0.0,0.0,0.0,0.0,0.0,0.0,0.0,0.0,0.0,0,-107875648.0,69,0.0,138,0.0,0.0,0,52429,17085,26215,17100,52429,17079,0,0,0,70,68,100,2.7302399002429377e+23,82.0,0.0,78.4,-107615464.0,78.5,1,49,50,180,52429,0,0,0,0.0,0.0,0.0,0.0,-0.0,67.0,0.0,162057.094,0.0,974,0,1000,0,0,0,949,0,1022,0,919,0,789,0,780,0,822,0,7520,0.032,5.505200184497694e+19,0.0,0.0,784,16797,-0.0,162057.094,-114818.039,-0.0,0.133,6.909358625270745e+28,30.0,70.0,35,0.0,0.0,0.0,0.0,0.0,0.0,0.0,0.0,0.0,0.0,0.0,0.0,0.0,0.0,0.0,0.0,66.4,0,150,71,51,65476,0,300,0,0,8,20529,65476,0,0,44564,70.0,0.0,0.0,0.0,0.0,0.0
2026-09-10T21:37:35,ERR,ERR,ERR,ERR,ERR,ERR,ERR,ERR,ERR,ERR,ERR,ERR,ERR,ERR,ERR,ERR,ERR,ERR,ERR,ERR,ERR,ERR,ERR,ERR,ERR,ERR,ERR,ERR,ERR,ERR,ERR,ERR,ERR,ERR,ERR,ERR,ERR,ERR,ERR,ERR,ERR,ERR,ERR,ERR,ERR,ERR,ERR,ERR,ERR,ERR,ERR,ERR,ERR,ERR,ERR,ERR,ERR,ERR,ERR,ERR,ERR,ERR,ERR,ERR,ERR,ERR,ERR,ERR,ERR,ERR,ERR,ERR,ERR,ERR,ERR,ERR,ERR,ERR,ERR,ERR,ERR,ERR,ERR,ERR,ERR,ERR,ERR,ERR,ERR,ERR,ERR,ERR,ERR,ERR,ERR,ERR,ERR,ERR,ERR,ERR,ERR,ERR,ERR,ERR,ERR,ERR,ERR,ERR,ERR,ERR,ERR,ERR,ERR,ERR,ERR,ERR,ERR,ERR,ERR,ERR,ERR,ERR,ERR,ERR,ERR,0.0,0.0,2.6474835549302285e+23,0.0,0.0,1.3936040501711995e+18,7.805,0.0,0,0,4,0,7116,0.0,100,0.0,0.0,0.0,0.0,0.0,0,0,0,0,0.0,0,0,0,0,0,0,0,0,0,0,0,0,0,0,0,0,0,0,0,0,0,0,0,0,0,0,0,0,0,0,0,0,0,31,40,40,71,65476,0,300,0,0,8,21553,0.0,-107605600.0,0.0,0.0,0.0,0.0,0.0,0.0,0.0,0.0,0.0,0.0,0.0,0.0,0.0,0.0,0.0,0.0,0.0,0.0,0.0,0.0,-2.004,2.004,0.0,0.0,0.0,0.0,0.0,0.0,4483.0,-0.0,6934.0,0.0,0.0,0.0,-0.0,0.0,0.0,0.0,0.0,69,-0.0,0.0,0.0,0.0,0.0,0.0,0.0,0.0,0.0,0,0,0,0.0,0.0,0.0,0.0,0.0,0.0,0.0,0.0,0.0,0.0,0.0,0.0,0.0,0.0,0.0,0.0,0,-107875648.0,69,0.0,138,0.0,0.0,0,52429,17085,26215,17100,52429,17079,0,0,0,70,68,100,2.7302399002429377e+23,82.0,0.0,78.4,-107615464.0,78.5,1,49,50,180,52429,0,0,0,0.0,0.0,0.0,0.0,-0.0,67.0,0.0,162057.094,0.0,974,0,1000,0,0,0,949,0,1022,0,919,0,789,0,780,0,822,0,7520,0.032,5.505200184497694e+19,0.0,0.0,784,16797,-0.0,162057.094,-114818.039,-0.0,0.133,6.909358625270745e+28,30.0,70.0,35,0.0,0.0,0.0,0.0,0.0,0.0,0.0,0.0,0.0,0.0,0.0,0.0,0.0,0.0,0.0,0.0,66.4,0,150,71,51,65476,0,300,0,0,8,20529,65476,0,0,44564,70.0,0.0,0.0,0.0,0.0,0.0
2026-09-10T21:37:36,ERR,ERR,ERR,ERR,ERR,ERR,ERR,ERR,ERR,ERR,ERR,ERR,ERR,ERR,ERR,ERR,ERR,ERR,ERR,ERR,ERR,ERR,ERR,ERR,ERR,ERR,ERR,ERR,ERR,ERR,ERR,ERR,ERR,ERR,ERR,ERR,ERR,ERR,ERR,ERR,ERR,ERR,ERR,ERR,ERR,ERR,ERR,ERR,ERR,ERR,ERR,ERR,ERR,ERR,ERR,ERR,ERR,ERR,ERR,ERR,ERR,ERR,ERR,ERR,ERR,ERR,ERR,ERR,ERR,ERR,ERR,ERR,ERR,ERR,ERR,ERR,ERR,ERR,ERR,ERR,ERR,ERR,ERR,ERR,ERR,ERR,ERR,ERR,ERR,ERR,ERR,ERR,ERR,ERR,ERR,ERR,ERR,ERR,ERR,ERR,ERR,ERR,ERR,ERR,ERR,ERR,ERR,ERR,ERR,ERR,ERR,ERR,ERR,ERR,ERR,ERR,ERR,ERR,ERR,ERR,ERR,ERR,ERR,ERR,ERR,0.0,0.0,2.6474835549302285e+23,0.0,0.0,1.3936040501711995e+18,7.805,0.0,0,0,4,0,7116,0.0,100,0.0,0.0,0.0,0.0,0.0,0,0,0,0,0.0,0,0,0,0,0,0,0,0,0,0,0,0,0,0,0,0,0,0,0,0,0,0,0,0,0,0,0,0,0,0,0,0,0,31,40,40,71,65476,0,300,0,0,8,21553,0.0,-107605600.0,0.0,0.0,0.0,0.0,0.0,0.0,0.0,0.0,0.0,0.0,0.0,0.0,0.0,0.0,0.0,0.0,0.0,0.0,0.0,0.0,-2.004,2.004,0.0,0.0,0.0,0.0,0.0,0.0,4483.0,-0.0,6934.0,0.0,0.0,0.0,-0.0,0.0,0.0,0.0,0.0,69,-0.0,0.0,0.0,0.0,0.0,0.0,0.0,0.0,0.0,0,0,0,0.0,0.0,0.0,0.0,0.0,0.0,0.0,0.0,0.0,0.0,0.0,0.0,0.0,0.0,0.0,0.0,0,-107875648.0,69,0.0,138,0.0,0.0,0,52429,17085,26215,17100,52429,17079,0,0,0,70,68,100,2.7302399002429377e+23,82.0,0.0,78.4,-107615464.0,78.5,1,49,50,180,52429,0,0,0,0.0,0.0,0.0,0.0,-0.0,67.0,0.0,162057.094,0.0,974,0,1000,0,0,0,949,0,1022,0,919,0,789,0,780,0,822,0,7520,0.032,5.505200184497694e+19,0.0,0.0,784,16797,-0.0,162057.094,-114818.039,-0.0,0.133,6.909358625270745e+28,30.0,70.0,35,0.0,0.0,0.0,0.0,0.0,0.0,0.0,0.0,0.0,0.0,0.0,0.0,0.0,0.0,0.0,0.0,66.4,0,150,71,51,65476,0,300,0,0,8,20529,65476,0,0,44564,70.0,0.0,0.0,0.0,0.0,0.0
2026-09-10T21:37:37,ERR,ERR,ERR,ERR,ERR,ERR,ERR,ERR,ERR,ERR,ERR,ERR,ERR,ERR,ERR,ERR,ERR,ERR,ERR,ERR,ERR,ERR,ERR,ERR,ERR,ERR,ERR,ERR,ERR,ERR,ERR,ERR,ERR,ERR,ERR,ERR,ERR,ERR,ERR,ERR,ERR,ERR,ERR,ERR,ERR,ERR,ERR,ERR,ERR,ERR,ERR,ERR,ERR,ERR,ERR,ERR,ERR,ERR,ERR,ERR,ERR,ERR,ERR,ERR,ERR,ERR,ERR,ERR,ERR,ERR,ERR,ERR,ERR,ERR,ERR,ERR,ERR,ERR,ERR,ERR,ERR,ERR,ERR,ERR,ERR,ERR,ERR,ERR,ERR,ERR,ERR,ERR,ERR,ERR,ERR,ERR,ERR,ERR,ERR,ERR,ERR,ERR,ERR,ERR,ERR,ERR,ERR,ERR,ERR,ERR,ERR,ERR,ERR,ERR,ERR,ERR,ERR,ERR,ERR,ERR,ERR,ERR,ERR,ERR,ERR,0.0,0.0,2.6474835549302285e+23,0.0,0.0,1.3936040501711995e+18,7.805,0.0,0,0,4,0,7116,0.0,100,0.0,0.0,0.0,0.0,0.0,0,0,0,0,0.0,0,0,0,0,0,0,0,0,0,0,0,0,0,0,0,0,0,0,0,0,0,0,0,0,0,0,0,0,0,0,0,0,0,31,40,40,71,65476,0,300,0,0,8,21553,0.0,-107605600.0,0.0,0.0,0.0,0.0,0.0,0.0,0.0,0.0,0.0,0.0,0.0,0.0,0.0,0.0,0.0,0.0,0.0,0.0,0.0,0.0,-2.004,2.004,0.0,0.0,0.0,0.0,0.0,0.0,4483.0,-0.0,6934.0,0.0,0.0,0.0,-0.0,0.0,0.0,0.0,0.0,69,-0.0,0.0,0.0,0.0,0.0,0.0,0.0,0.0,0.0,0,0,0,0.0,0.0,0.0,0.0,0.0,0.0,0.0,0.0,0.0,0.0,0.0,0.0,0.0,0.0,0.0,0.0,0,-107875648.0,69,0.0,138,0.0,0.0,0,52429,17085,26215,17100,52429,17079,0,0,0,70,68,100,2.7302399002429377e+23,82.0,0.0,78.4,-107615464.0,78.5,1,49,50,180,52429,0,0,0,0.0,0.0,0.0,0.0,-0.0,67.0,0.0,162057.094,0.0,974,0,1000,0,0,0,949,0,1022,0,919,0,789,0,780,0,822,0,7520,0.032,5.505200184497694e+19,0.0,0.0,784,16797,-0.0,162057.094,-114818.039,-0.0,0.133,6.909358625270745e+28,30.0,70.0,35,0.0,0.0,0.0,0.0,0.0,0.0,0.0,0.0,0.0,0.0,0.0,0.0,0.0,0.0,0.0,0.0,66.4,0,150,71,51,65476,0,300,0,0,8,20529,65476,0,0,44564,70.0,0.0,0.0,0.0,0.0,0.0
2026-09-10T21:37:38,ERR,ERR,ERR,ERR,ERR,ERR,ERR,ERR,ERR,ERR,ERR,ERR,ERR,ERR,ERR,ERR,ERR,ERR,ERR,ERR,ERR,ERR,ERR,ERR,ERR,ERR,ERR,ERR,ERR,ERR,ERR,ERR,ERR,ERR,ERR,ERR,ERR,ERR,ERR,ERR,ERR,ERR,ERR,ERR,ERR,ERR,ERR,ERR,ERR,ERR,ERR,ERR,ERR,ERR,ERR,ERR,ERR,ERR,ERR,ERR,ERR,ERR,ERR,ERR,ERR,ERR,ERR,ERR,ERR,ERR,ERR,ERR,ERR,ERR,ERR,ERR,ERR,ERR,ERR,ERR,ERR,ERR,ERR,ERR,ERR,ERR,ERR,ERR,ERR,ERR,ERR,ERR,ERR,ERR,ERR,ERR,ERR,ERR,ERR,ERR,ERR,ERR,ERR,ERR,ERR,ERR,ERR,ERR,ERR,ERR,ERR,ERR,ERR,ERR,ERR,ERR,ERR,ERR,ERR,ERR,ERR,ERR,ERR,ERR,ERR,0.0,0.0,2.6474835549302285e+23,0.0,0.0,1.3936040501711995e+18,7.805,0.0,0,0,4,0,7116,0.0,100,0.0,0.0,0.0,0.0,0.0,0,0,0,0,0.0,0,0,0,0,0,0,0,0,0,0,0,0,0,0,0,0,0,0,0,0,0,0,0,0,0,0,0,0,0,0,0,0,0,31,40,40,71,65476,0,300,0,0,8,21553,0.0,-107605600.0,0.0,0.0,0.0,0.0,0.0,0.0,0.0,0.0,0.0,0.0,0.0,0.0,0.0,0.0,0.0,0.0,0.0,0.0,0.0,0.0,-2.004,2.004,0.0,0.0,0.0,0.0,0.0,0.0,4483.0,-0.0,6934.0,0.0,0.0,0.0,-0.0,0.0,0.0,0.0,0.0,69,-0.0,0.0,0.0,0.0,0.0,0.0,0.0,0.0,0.0,0,0,0,0.0,0.0,0.0,0.0,0.0,0.0,0.0,0.0,0.0,0.0,0.0,0.0,0.0,0.0,0.0,0.0,0,-107875648.0,69,0.0,138,0.0,0.0,0,52429,17085,26215,17100,52429,17079,0,0,0,70,68,100,2.7302399002429377e+23,82.0,0.0,78.4,-107615464.0,78.5,1,49,50,180,52429,0,0,0,0.0,0.0,0.0,0.0,-0.0,67.0,0.0,162057.094,0.0,974,0,1000,0,0,0,949,0,1022,0,919,0,789,0,780,0,822,0,7520,0.032,5.505200184497694e+19,0.0,0.0,784,16797,-0.0,162057.094,-114818.039,-0.0,0.133,6.909358625270745e+28,30.0,70.0,35,0.0,0.0,0.0,0.0,0.0,0.0,0.0,0.0,0.0,0.0,0.0,0.0,0.0,0.0,0.0,0.0,66.4,0,150,71,51,65476,0,300,0,0,8,20529,65476,0,0,44564,70.0,0.0,0.0,0.0,0.0,0.0
2026-09-10T21:37:39,ERR,ERR,ERR,ERR,ERR,ERR,ERR,ERR,ERR,ERR,ERR,ERR,ERR,ERR,ERR,ERR,ERR,ERR,ERR,ERR,ERR,ERR,ERR,ERR,ERR,ERR,ERR,ERR,ERR,ERR,ERR,ERR,ERR,ERR,ERR,ERR,ERR,ERR,ERR,ERR,ERR,ERR,ERR,ERR,ERR,ERR,ERR,ERR,ERR,ERR,ERR,ERR,ERR,ERR,ERR,ERR,ERR,ERR,ERR,ERR,ERR,ERR,ERR,ERR,ERR,ERR,ERR,ERR,ERR,ERR,ERR,ERR,ERR,ERR,ERR,ERR,ERR,ERR,ERR,ERR,ERR,ERR,ERR,ERR,ERR,ERR,ERR,ERR,ERR,ERR,ERR,ERR,ERR,ERR,ERR,ERR,ERR,ERR,ERR,ERR,ERR,ERR,ERR,ERR,ERR,ERR,ERR,ERR,ERR,ERR,ERR,ERR,ERR,ERR,ERR,ERR,ERR,ERR,ERR,ERR,ERR,ERR,ERR,ERR,ERR,0.0,0.0,2.6474835549302285e+23,0.0,0.0,1.3936040501711995e+18,7.805,0.0,0,0,4,0,7116,0.0,100,0.0,0.0,0.0,0.0,0.0,0,0,0,0,0.0,0,0,0,0,0,0,0,0,0,0,0,0,0,0,0,0,0,0,0,0,0,0,0,0,0,0,0,0,0,0,0,0,0,31,40,40,71,65476,0,300,0,0,8,21553,0.0,-107605600.0,0.0,0.0,0.0,0.0,0.0,0.0,0.0,0.0,0.0,0.0,0.0,0.0,0.0,0.0,0.0,0.0,0.0,0.0,0.0,0.0,-2.004,2.004,0.0,0.0,0.0,0.0,0.0,0.0,4483.0,-0.0,6934.0,0.0,0.0,0.0,-0.0,0.0,0.0,0.0,0.0,69,-0.0,0.0,0.0,0.0,0.0,0.0,0.0,0.0,0.0,0,0,0,0.0,0.0,0.0,0.0,0.0,0.0,0.0,0.0,0.0,0.0,0.0,0.0,0.0,0.0,0.0,0.0,0,-107875648.0,69,0.0,138,0.0,0.0,0,52429,17085,26215,17100,52429,17079,0,0,0,70,68,100,2.7302399002429377e+23,82.0,0.0,78.4,-107615464.0,78.5,1,49,50,180,52429,0,0,0,0.0,0.0,0.0,0.0,-0.0,67.0,0.0,162057.094,0.0,974,0,999,0,0,0,949,0,1022,0,919,0,789,0,780,0,822,0,7520,0.032,5.505200184497694e+19,0.0,0.0,784,16797,-0.0,162057.094,-114818.039,-0.0,0.133,6.909358625270745e+28,30.0,70.0,35,0.0,0.0,0.0,0.0,0.0,0.0,0.0,0.0,0.0,0.0,0.0,0.0,0.0,0.0,0.0,0.0,66.4,0,150,71,51,65476,0,300,0,0,8,20529,65476,0,0,44564,70.0,0.0,0.0,0.0,0.0,0.0
2026-09-10T21:37:40,ERR,ERR,ERR,ERR,ERR,ERR,ERR,ERR,ERR,ERR,ERR,ERR,ERR,ERR,ERR,ERR,ERR,ERR,ERR,ERR,ERR,ERR,ERR,ERR,ERR,ERR,ERR,ERR,ERR,ERR,ERR,ERR,ERR,ERR,ERR,ERR,ERR,ERR,ERR,ERR,ERR,ERR,ERR,ERR,ERR,ERR,ERR,ERR,ERR,ERR,ERR,ERR,ERR,ERR,ERR,ERR,ERR,ERR,ERR,ERR,ERR,ERR,ERR,ERR,ERR,ERR,ERR,ERR,ERR,ERR,ERR,ERR,ERR,ERR,ERR,ERR,ERR,ERR,ERR,ERR,ERR,ERR,ERR,ERR,ERR,ERR,ERR,ERR,ERR,ERR,ERR,ERR,ERR,ERR,ERR,ERR,ERR,ERR,ERR,ERR,ERR,ERR,ERR,ERR,ERR,ERR,ERR,ERR,ERR,ERR,ERR,ERR,ERR,ERR,ERR,ERR,ERR,ERR,ERR,ERR,ERR,ERR,ERR,ERR,ERR,0.0,0.0,2.6474835549302285e+23,0.0,0.0,1.3936040501711995e+18,7.805,0.0,0,0,4,0,7116,0.0,100,0.0,0.0,0.0,0.0,0.0,0,0,0,0,0.0,0,0,0,0,0,0,0,0,0,0,0,0,0,0,0,0,0,0,0,0,0,0,0,0,0,0,0,0,0,0,0,0,0,31,40,40,71,65476,0,300,0,0,8,21553,0.0,-107605600.0,0.0,0.0,0.0,0.0,0.0,0.0,0.0,0.0,0.0,0.0,0.0,0.0,0.0,0.0,0.0,0.0,0.0,0.0,0.0,0.0,-2.004,2.004,0.0,0.0,0.0,0.0,0.0,0.0,4494.0,-0.0,6934.0,0.0,0.0,2.7184260577004195e+23,-107615304.0,0.0,0.0,0.0,0.0,69,-89221.141,0.0,0.0,0.0,0.0,0.0,0.0,0.0,0.0,0,0,0,0.0,0.0,0.0,0.0,0.0,0.0,0.0,0.0,0.0,0.0,0.0,0.0,0.0,0.0,0.0,0.0,0,-107875648.0,69,0.0,138,0.0,0.0,0,52429,17085,26215,17100,52429,17079,0,0,0,70,68,100,2.7302399002429377e+23,82.0,0.0,78.4,-107615464.0,78.5,1,49,50,180,52429,0,0,0,0.0,0.0,0.0,0.0,-0.0,67.0,0.0,162057.094,0.0,974,0,999,0,0,0,949,0,1022,0,919,0,789,0,780,0,822,0,7520,0.032,5.505200184497694e+19,0.0,0.0,784,16797,-0.0,162057.094,-114818.039,-0.0,0.133,6.909358625270745e+28,30.0,70.0,35,0.0,0.0,0.0,0.0,0.0,0.0,0.0,0.0,0.0,0.0,0.0,0.0,0.0,0.0,0.0,0.0,66.4,0,150,71,51,65476,0,300,0,0,8,20529,65476,0,0,44564,70.0,0.0,0.0,0.0,0.0,0.0
2026-09-10T21:37:41,ERR,ERR,ERR,ERR,ERR,ERR,ERR,ERR,ERR,ERR,ERR,ERR,ERR,ERR,ERR,ERR,ERR,ERR,ERR,ERR,ERR,ERR,ERR,ERR,ERR,ERR,ERR,ERR,ERR,ERR,ERR,ERR,ERR,ERR,ERR,ERR,ERR,ERR,ERR,ERR,ERR,ERR,ERR,ERR,ERR,ERR,ERR,ERR,ERR,ERR,ERR,ERR,ERR,ERR,ERR,ERR,ERR,ERR,ERR,ERR,ERR,ERR,ERR,ERR,ERR,ERR,ERR,ERR,ERR,ERR,ERR,ERR,ERR,ERR,ERR,ERR,ERR,ERR,ERR,ERR,ERR,ERR,ERR,ERR,ERR,ERR,ERR,ERR,ERR,ERR,ERR,ERR,ERR,ERR,ERR,ERR,ERR,ERR,ERR,ERR,ERR,ERR,ERR,ERR,ERR,ERR,ERR,ERR,ERR,ERR,ERR,ERR,ERR,ERR,ERR,ERR,ERR,ERR,ERR,ERR,ERR,ERR,ERR,ERR,ERR,0.0,0.0,2.6474835549302285e+23,0.0,0.0,1.3936040501711995e+18,7.805,0.0,0,0,4,0,7116,0.0,100,0.0,0.0,0.0,0.0,0.0,0,0,0,0,0.0,0,0,0,0,0,0,0,0,0,0,0,0,0,0,0,0,0,0,0,0,0,0,0,0,0,0,0,0,0,0,0,0,0,31,40,40,71,65476,0,300,0,0,8,21553,0.0,-107605600.0,0.0,0.0,0.0,0.0,0.0,0.0,0.0,0.0,0.0,0.0,0.0,0.0,0.0,0.0,0.0,0.0,0.0,0.0,0.0,0.0,-2.004,2.004,0.0,0.0,0.0,0.0,0.0,0.0,4494.0,-0.0,6934.0,0.0,0.0,2.7184260577004195e+23,-107615304.0,0.0,0.0,0.0,0.0,69,-89221.141,0.0,0.0,0.0,0.0,0.0,0.0,0.0,0.0,0,0,0,0.0,0.0,0.0,0.0,0.0,0.0,0.0,0.0,0.0,0.0,0.0,0.0,0.0,0.0,0.0,0.0,0,-107875648.0,69,0.0,138,0.0,0.0,0,52429,17085,26215,17100,52429,17079,0,0,0,70,68,100,2.7302399002429377e+23,82.0,0.0,78.4,-107615464.0,78.5,1,49,50,180,52429,0,0,0,0.0,0.0,0.0,0.0,-0.0,67.0,0.0,162057.094,0.0,974,0,999,0,0,0,949,0,1022,0,919,0,789,0,780,0,822,0,7520,0.032,5.505200184497694e+19,0.0,0.0,784,16797,-0.0,162057.094,-114818.039,-0.0,0.133,6.909358625270745e+28,30.0,70.0,35,0.0,0.0,0.0,0.0,0.0,0.0,0.0,0.0,0.0,0.0,0.0,0.0,0.0,0.0,0.0,0.0,66.4,0,150,71,51,65476,0,300,0,0,8,20529,65476,0,0,44564,70.0,0.0,0.0,0.0,0.0,0.0
2026-09-10T21:37:42,ERR,ERR,ERR,ERR,ERR,ERR,ERR,ERR,ERR,ERR,ERR,ERR,ERR,ERR,ERR,ERR,ERR,ERR,ERR,ERR,ERR,ERR,ERR,ERR,ERR,ERR,ERR,ERR,ERR,ERR,ERR,ERR,ERR,ERR,ERR,ERR,ERR,ERR,ERR,ERR,ERR,ERR,ERR,ERR,ERR,ERR,ERR,ERR,ERR,ERR,ERR,ERR,ERR,ERR,ERR,ERR,ERR,ERR,ERR,ERR,ERR,ERR,ERR,ERR,ERR,ERR,ERR,ERR,ERR,ERR,ERR,ERR,ERR,ERR,ERR,ERR,ERR,ERR,ERR,ERR,ERR,ERR,ERR,ERR,ERR,ERR,ERR,ERR,ERR,ERR,ERR,ERR,ERR,ERR,ERR,ERR,ERR,ERR,ERR,ERR,ERR,ERR,ERR,ERR,ERR,ERR,ERR,ERR,ERR,ERR,ERR,ERR,ERR,ERR,ERR,ERR,ERR,ERR,ERR,ERR,ERR,ERR,ERR,ERR,ERR,0.0,0.0,2.6474835549302285e+23,0.0,0.0,1.3936040501711995e+18,7.805,0.0,0,0,4,0,7116,0.0,100,0.0,0.0,0.0,0.0,0.0,0,0,0,0,0.0,0,0,0,0,0,0,0,0,0,0,0,0,0,0,0,0,0,0,0,0,0,0,0,0,0,0,0,0,0,0,0,0,0,31,40,40,71,65476,0,300,0,0,8,21553,0.0,-107605600.0,0.0,0.0,0.0,0.0,0.0,0.0,0.0,0.0,0.0,0.0,0.0,0.0,0.0,0.0,0.0,0.0,0.0,0.0,0.0,0.0,-2.004,2.004,0.0,0.0,0.0,0.0,0.0,0.0,4494.0,-0.0,6934.0,0.0,0.0,2.7184260577004195e+23,-107615304.0,0.0,0.0,0.0,0.0,69,-89221.141,0.0,0.0,0.0,0.0,0.0,0.0,0.0,0.0,0,0,0,0.0,0.0,0.0,0.0,0.0,0.0,0.0,0.0,0.0,0.0,0.0,0.0,0.0,0.0,0.0,0.0,0,-107875648.0,69,0.0,138,0.0,0.0,0,52429,17085,26215,17100,52429,17079,0,0,0,70,68,100,2.7302399002429377e+23,82.0,0.0,78.4,-107615464.0,78.5,1,49,50,180,52429,0,0,0,0.0,0.0,0.0,0.0,-0.0,67.0,0.0,162057.094,0.0,974,0,999,0,0,0,949,0,1022,0,919,0,789,0,780,0,822,0,7520,0.032,5.505200184497694e+19,0.0,0.0,784,16797,-0.0,162057.094,-114818.039,-0.0,0.133,6.909358625270745e+28,30.0,70.0,35,0.0,0.0,0.0,0.0,0.0,0.0,0.0,0.0,0.0,0.0,0.0,0.0,0.0,0.0,0.0,0.0,66.4,0,150,71,51,65476,0,300,0,0,8,20529,65476,0,0,44564,70.0,0.0,0.0,0.0,0.0,0.0
2026-09-10T21:37:43,ERR,ERR,ERR,ERR,ERR,ERR,ERR,ERR,ERR,ERR,ERR,ERR,ERR,ERR,ERR,ERR,ERR,ERR,ERR,ERR,ERR,ERR,ERR,ERR,ERR,ERR,ERR,ERR,ERR,ERR,ERR,ERR,ERR,ERR,ERR,ERR,ERR,ERR,ERR,ERR,ERR,ERR,ERR,ERR,ERR,ERR,ERR,ERR,ERR,ERR,ERR,ERR,ERR,ERR,ERR,ERR,ERR,ERR,ERR,ERR,ERR,ERR,ERR,ERR,ERR,ERR,ERR,ERR,ERR,ERR,ERR,ERR,ERR,ERR,ERR,ERR,ERR,ERR,ERR,ERR,ERR,ERR,ERR,ERR,ERR,ERR,ERR,ERR,ERR,ERR,ERR,ERR,ERR,ERR,ERR,ERR,ERR,ERR,ERR,ERR,ERR,ERR,ERR,ERR,ERR,ERR,ERR,ERR,ERR,ERR,ERR,ERR,ERR,ERR,ERR,ERR,ERR,ERR,ERR,ERR,ERR,ERR,ERR,ERR,ERR,0.0,0.0,2.6474835549302285e+23,0.0,0.0,1.3936040501711995e+18,7.805,0.0,0,0,4,0,7116,0.0,100,0.0,0.0,0.0,0.0,0.0,0,0,0,0,0.0,0,0,0,0,0,0,0,0,0,0,0,0,0,0,0,0,0,0,0,0,0,0,0,0,0,0,0,0,0,0,0,0,0,31,40,40,71,65476,0,300,0,0,8,21553,0.0,-107605600.0,0.0,0.0,0.0,0.0,0.0,0.0,0.0,0.0,0.0,0.0,0.0,0.0,0.0,0.0,0.0,0.0,0.0,0.0,0.0,0.0,-2.004,2.004,0.0,0.0,0.0,0.0,0.0,0.0,4494.0,-0.0,6934.0,0.0,0.0,2.7184260577004195e+23,-107615304.0,0.0,0.0,0.0,0.0,69,-89221.141,0.0,0.0,0.0,0.0,0.0,0.0,0.0,0.0,0,0,0,0.0,0.0,0.0,0.0,0.0,0.0,0.0,0.0,0.0,0.0,0.0,0.0,0.0,0.0,0.0,0.0,0,-107875648.0,69,0.0,138,0.0,0.0,0,52429,17085,26215,17100,52429,17079,0,0,0,70,68,100,2.7302399002429377e+23,82.0,0.0,78.4,-107615464.0,78.5,1,49,50,180,52429,0,0,0,0.0,0.0,0.0,0.0,-0.0,67.0,0.0,162057.094,0.0,974,0,999,0,0,0,949,0,1022,0,919,0,789,0,780,0,822,0,7520,0.032,5.505200184497694e+19,0.0,0.0,784,16797,-0.0,162057.094,-114818.039,-0.0,0.133,6.909358625270745e+28,30.0,70.0,35,0.0,0.0,0.0,0.0,0.0,0.0,0.0,0.0,0.0,0.0,0.0,0.0,0.0,0.0,0.0,0.0,66.4,0,150,71,51,65476,0,300,0,0,8,20529,65476,0,0,44564,70.0,0.0,0.0,0.0,0.0,0.0
2026-09-10T21:37:44,ERR,ERR,ERR,ERR,ERR,ERR,ERR,ERR,ERR,ERR,ERR,ERR,ERR,ERR,ERR,ERR,ERR,ERR,ERR,ERR,ERR,ERR,ERR,ERR,ERR,ERR,ERR,ERR,ERR,ERR,ERR,ERR,ERR,ERR,ERR,ERR,ERR,ERR,ERR,ERR,ERR,ERR,ERR,ERR,ERR,ERR,ERR,ERR,ERR,ERR,ERR,ERR,ERR,ERR,ERR,ERR,ERR,ERR,ERR,ERR,ERR,ERR,ERR,ERR,ERR,ERR,ERR,ERR,ERR,ERR,ERR,ERR,ERR,ERR,ERR,ERR,ERR,ERR,ERR,ERR,ERR,ERR,ERR,ERR,ERR,ERR,ERR,ERR,ERR,ERR,ERR,ERR,ERR,ERR,ERR,ERR,ERR,ERR,ERR,ERR,ERR,ERR,ERR,ERR,ERR,ERR,ERR,ERR,ERR,ERR,ERR,ERR,ERR,ERR,ERR,ERR,ERR,ERR,ERR,ERR,ERR,ERR,ERR,ERR,ERR,0.0,0.0,2.6474835549302285e+23,0.0,0.0,1.3936040501711995e+18,7.805,0.0,0,0,4,0,7116,0.0,100,0.0,0.0,0.0,0.0,0.0,0,0,0,0,0.0,0,0,0,0,0,0,0,0,0,0,0,0,0,0,0,0,0,0,0,0,0,0,0,0,0,0,0,0,0,0,0,0,0,31,40,40,71,65476,0,300,0,0,8,21553,0.0,-107605600.0,0.0,0.0,0.0,0.0,0.0,0.0,0.0,0.0,0.0,0.0,0.0,0.0,0.0,0.0,0.0,0.0,0.0,0.0,0.0,0.0,-2.004,2.004,0.0,0.0,0.0,0.0,0.0,0.0,4494.0,-0.0,6934.0,0.0,0.0,2.7184260577004195e+23,-107615304.0,0.0,0.0,0.0,0.0,69,-89221.141,0.0,0.0,0.0,0.0,0.0,0.0,0.0,0.0,0,0,0,0.0,0.0,0.0,0.0,0.0,0.0,0.0,0.0,0.0,0.0,0.0,0.0,0.0,0.0,0.0,0.0,0,-107875648.0,69,0.0,138,0.0,0.0,0,52429,17085,26215,17100,52429,17079,0,0,0,70,68,100,2.7302399002429377e+23,82.0,0.0,78.4,-107615464.0,78.5,1,49,50,180,52429,0,0,0,0.0,0.0,0.0,0.0,-0.0,67.0,0.0,162057.094,0.0,974,0,999,0,0,0,949,0,1022,0,919,0,789,0,780,0,822,0,7520,0.032,5.505200184497694e+19,0.0,0.0,784,16797,-0.0,162057.094,-114818.039,-0.0,0.133,6.909358625270745e+28,30.0,70.0,35,0.0,0.0,0.0,0.0,0.0,0.0,0.0,0.0,0.0,0.0,0.0,0.0,0.0,0.0,0.0,0.0,66.4,0,150,71,51,65476,0,300,0,0,8,20529,65476,0,0,44564,70.0,0.0,0.0,0.0,0.0,0.0
2026-09-10T21:37:45,ERR,ERR,ERR,ERR,ERR,ERR,ERR,ERR,ERR,ERR,ERR,ERR,ERR,ERR,ERR,ERR,ERR,ERR,ERR,ERR,ERR,ERR,ERR,ERR,ERR,ERR,ERR,ERR,ERR,ERR,ERR,ERR,ERR,ERR,ERR,ERR,ERR,ERR,ERR,ERR,ERR,ERR,ERR,ERR,ERR,ERR,ERR,ERR,ERR,ERR,ERR,ERR,ERR,ERR,ERR,ERR,ERR,ERR,ERR,ERR,ERR,ERR,ERR,ERR,ERR,ERR,ERR,ERR,ERR,ERR,ERR,ERR,ERR,ERR,ERR,ERR,ERR,ERR,ERR,ERR,ERR,ERR,ERR,ERR,ERR,ERR,ERR,ERR,ERR,ERR,ERR,ERR,ERR,ERR,ERR,ERR,ERR,ERR,ERR,ERR,ERR,ERR,ERR,ERR,ERR,ERR,ERR,ERR,ERR,ERR,ERR,ERR,ERR,ERR,ERR,ERR,ERR,ERR,ERR,ERR,ERR,ERR,ERR,ERR,ERR,0.0,0.0,2.6474835549302285e+23,0.0,0.0,1.3936040501711995e+18,7.805,0.0,0,0,4,0,7116,0.0,100,0.0,0.0,0.0,0.0,0.0,0,0,0,0,0.0,0,0,0,0,0,0,0,0,0,0,0,0,0,0,0,0,0,0,0,0,0,0,0,0,0,0,0,0,0,0,0,0,0,31,40,40,71,65476,0,300,0,0,8,21553,0.0,-107605600.0,0.0,0.0,0.0,0.0,0.0,0.0,0.0,0.0,0.0,0.0,0.0,0.0,0.0,0.0,0.0,0.0,0.0,0.0,0.0,0.0,-2.004,2.004,0.0,0.0,0.0,0.0,0.0,0.0,4494.0,-0.0,6934.0,0.0,0.0,2.7184260577004195e+23,-107615304.0,0.0,0.0,0.0,0.0,69,-89221.141,0.0,0.0,0.0,0.0,0.0,0.0,0.0,0.0,0,0,0,0.0,0.0,0.0,0.0,0.0,0.0,0.0,0.0,0.0,0.0,0.0,0.0,0.0,0.0,0.0,0.0,0,-107875648.0,69,0.0,138,0.0,0.0,0,52429,17085,26215,17100,52429,17079,0,0,0,70,68,100,2.7302399002429377e+23,82.0,0.0,78.4,-107615464.0,78.5,1,49,50,180,52429,0,0,0,0.0,0.0,0.0,0.0,-0.0,67.0,0.0,162057.094,0.0,974,0,1000,0,0,0,949,0,1022,0,919,0,789,0,780,0,822,0,7520,0.032,5.505200184497694e+19,0.0,0.0,784,16797,-0.0,162057.094,-114818.039,-0.0,0.133,6.909358625270745e+28,30.0,70.0,35,0.0,0.0,0.0,0.0,0.0,0.0,0.0,0.0,0.0,0.0,0.0,0.0,0.0,0.0,0.0,0.0,66.4,0,150,71,51,65476,0,300,0,0,8,20529,65476,0,0,44564,70.0,0.0,0.0,0.0,0.0,0.0
2026-09-10T21:37:46,ERR,ERR,ERR,ERR,ERR,ERR,ERR,ERR,ERR,ERR,ERR,ERR,ERR,ERR,ERR,ERR,ERR,ERR,ERR,ERR,ERR,ERR,ERR,ERR,ERR,ERR,ERR,ERR,ERR,ERR,ERR,ERR,ERR,ERR,ERR,ERR,ERR,ERR,ERR,ERR,ERR,ERR,ERR,ERR,ERR,ERR,ERR,ERR,ERR,ERR,ERR,ERR,ERR,ERR,ERR,ERR,ERR,ERR,ERR,ERR,ERR,ERR,ERR,ERR,ERR,ERR,ERR,ERR,ERR,ERR,ERR,ERR,ERR,ERR,ERR,ERR,ERR,ERR,ERR,ERR,ERR,ERR,ERR,ERR,ERR,ERR,ERR,ERR,ERR,ERR,ERR,ERR,ERR,ERR,ERR,ERR,ERR,ERR,ERR,ERR,ERR,ERR,ERR,ERR,ERR,ERR,ERR,ERR,ERR,ERR,ERR,ERR,ERR,ERR,ERR,ERR,ERR,ERR,ERR,ERR,ERR,ERR,ERR,ERR,ERR,0.0,0.0,2.6474835549302285e+23,0.0,0.0,1.3936040501711995e+18,7.805,0.0,0,0,4,0,7116,0.0,100,0.0,0.0,0.0,0.0,0.0,0,0,0,0,0.0,0,0,0,0,0,0,0,0,0,0,0,0,0,0,0,0,0,0,0,0,0,0,0,0,0,0,0,0,0,0,0,0,0,31,40,40,71,65476,0,300,0,0,8,21553,0.0,-107605600.0,0.0,0.0,0.0,0.0,0.0,0.0,0.0,0.0,0.0,0.0,0.0,0.0,0.0,0.0,0.0,0.0,0.0,0.0,0.0,0.0,-2.004,2.004,0.0,0.0,0.0,0.0,0.0,0.0,4494.0,-0.0,6934.0,0.0,0.0,2.7184260577004195e+23,-107615304.0,0.0,0.0,0.0,0.0,69,-89221.141,0.0,0.0,0.0,0.0,0.0,0.0,0.0,0.0,0,0,0,0.0,0.0,0.0,0.0,0.0,0.0,0.0,0.0,0.0,0.0,0.0,0.0,0.0,0.0,0.0,0.0,0,-107875648.0,69,0.0,138,0.0,0.0,0,52429,17085,26215,17100,52429,17079,0,0,0,70,68,100,2.7302399002429377e+23,82.0,0.0,78.4,-107615464.0,78.5,1,49,50,180,52429,0,0,0,0.0,0.0,0.0,0.0,-0.0,67.0,0.0,162057.094,0.0,974,0,1000,0,0,0,949,0,1022,0,919,0,789,0,780,0,822,0,7520,0.032,5.505200184497694e+19,0.0,0.0,784,16797,-0.0,162057.094,-114818.039,-0.0,0.133,6.909358625270745e+28,30.0,70.0,35,0.0,0.0,0.0,0.0,0.0,0.0,0.0,0.0,0.0,0.0,0.0,0.0,0.0,0.0,0.0,0.0,66.4,0,150,71,51,65476,0,300,0,0,8,20529,65476,0,0,44564,70.0,0.0,0.0,0.0,0.0,0.0
2026-09-10T21:37:47,ERR,ERR,ERR,ERR,ERR,ERR,ERR,ERR,ERR,ERR,ERR,ERR,ERR,ERR,ERR,ERR,ERR,ERR,ERR,ERR,ERR,ERR,ERR,ERR,ERR,ERR,ERR,ERR,ERR,ERR,ERR,ERR,ERR,ERR,ERR,ERR,ERR,ERR,ERR,ERR,ERR,ERR,ERR,ERR,ERR,ERR,ERR,ERR,ERR,ERR,ERR,ERR,ERR,ERR,ERR,ERR,ERR,ERR,ERR,ERR,ERR,ERR,ERR,ERR,ERR,ERR,ERR,ERR,ERR,ERR,ERR,ERR,ERR,ERR,ERR,ERR,ERR,ERR,ERR,ERR,ERR,ERR,ERR,ERR,ERR,ERR,ERR,ERR,ERR,ERR,ERR,ERR,ERR,ERR,ERR,ERR,ERR,ERR,ERR,ERR,ERR,ERR,ERR,ERR,ERR,ERR,ERR,ERR,ERR,ERR,ERR,ERR,ERR,ERR,ERR,ERR,ERR,ERR,ERR,ERR,ERR,ERR,ERR,ERR,ERR,0.0,0.0,2.6474835549302285e+23,0.0,0.0,1.3936040501711995e+18,7.805,0.0,0,0,4,0,7116,0.0,100,0.0,0.0,0.0,0.0,0.0,0,0,0,0,0.0,0,0,0,0,0,0,0,0,0,0,0,0,0,0,0,0,0,0,0,0,0,0,0,0,0,0,0,0,0,0,0,0,0,31,40,40,71,65476,0,300,0,0,8,21553,0.0,-107605600.0,0.0,0.0,0.0,0.0,0.0,0.0,0.0,0.0,0.0,0.0,0.0,0.0,0.0,0.0,0.0,0.0,0.0,0.0,0.0,0.0,-2.004,2.004,0.0,0.0,0.0,0.0,0.0,0.0,4494.0,-0.0,6934.0,0.0,0.0,2.7184260577004195e+23,-107615304.0,0.0,0.0,0.0,0.0,69,-89221.141,0.0,0.0,0.0,0.0,0.0,0.0,0.0,0.0,0,0,0,0.0,0.0,0.0,0.0,0.0,0.0,0.0,0.0,0.0,0.0,0.0,0.0,0.0,0.0,0.0,0.0,0,-107875648.0,69,0.0,138,0.0,0.0,0,52429,17085,26215,17100,52429,17079,0,0,0,70,68,100,2.7302399002429377e+23,82.0,0.0,78.4,-107615464.0,78.5,1,49,50,180,52429,0,0,0,0.0,0.0,0.0,0.0,-0.0,67.0,0.0,162057.094,0.0,974,0,1000,0,0,0,949,0,1022,0,919,0,789,0,780,0,822,0,7520,0.032,5.505200184497694e+19,0.0,0.0,784,16797,-0.0,162057.094,-114818.039,-0.0,0.133,6.909358625270745e+28,30.0,70.0,35,0.0,0.0,0.0,0.0,0.0,0.0,0.0,0.0,0.0,0.0,0.0,0.0,0.0,0.0,0.0,0.0,66.4,0,150,71,51,65476,0,300,0,0,8,20529,65476,0,0,44564,70.0,0.0,0.0,0.0,0.0,0.0
2026-09-10T21:37:48,ERR,ERR,ERR,ERR,ERR,ERR,ERR,ERR,ERR,ERR,ERR,ERR,ERR,ERR,ERR,ERR,ERR,ERR,ERR,ERR,ERR,ERR,ERR,ERR,ERR,ERR,ERR,ERR,ERR,ERR,ERR,ERR,ERR,ERR,ERR,ERR,ERR,ERR,ERR,ERR,ERR,ERR,ERR,ERR,ERR,ERR,ERR,ERR,ERR,ERR,ERR,ERR,ERR,ERR,ERR,ERR,ERR,ERR,ERR,ERR,ERR,ERR,ERR,ERR,ERR,ERR,ERR,ERR,ERR,ERR,ERR,ERR,ERR,ERR,ERR,ERR,ERR,ERR,ERR,ERR,ERR,ERR,ERR,ERR,ERR,ERR,ERR,ERR,ERR,ERR,ERR,ERR,ERR,ERR,ERR,ERR,ERR,ERR,ERR,ERR,ERR,ERR,ERR,ERR,ERR,ERR,ERR,ERR,ERR,ERR,ERR,ERR,ERR,ERR,ERR,ERR,ERR,ERR,ERR,ERR,ERR,ERR,ERR,ERR,ERR,0.0,0.0,2.6474835549302285e+23,0.0,0.0,1.3936040501711995e+18,7.805,0.0,0,0,4,0,7116,0.0,100,0.0,0.0,0.0,0.0,0.0,0,0,0,0,0.0,0,0,0,0,0,0,0,0,0,0,0,0,0,0,0,0,0,0,0,0,0,0,0,0,0,0,0,0,0,0,0,0,0,31,40,40,71,65476,0,300,0,0,8,21553,0.0,-107605600.0,0.0,0.0,0.0,0.0,0.0,0.0,0.0,0.0,0.0,0.0,0.0,0.0,0.0,0.0,0.0,0.0,0.0,0.0,0.0,0.0,-2.004,2.004,0.0,0.0,0.0,0.0,0.0,0.0,4491.0,1.0406634001529092e+34,6927.0,0.0,0.0,0.0,-0.0,0.0,0.0,0.0,0.0,69,-0.0,-107614616.0,0.0,0.0,0.0,0.0,0.0,0.0,0.0,0,0,0,0.0,0.0,0.0,0.0,0.0,0.0,0.0,0.0,0.0,0.0,0.0,0.0,0.0,0.0,0.0,0.0,0,-107875648.0,69,0.0,138,0.0,0.0,0,52429,17085,26215,17100,52429,17079,0,0,0,70,68,100,2.7302399002429377e+23,82.0,0.0,78.4,-107615464.0,78.5,1,49,50,180,52429,0,0,0,0.0,0.0,0.0,0.0,-0.0,67.0,0.0,162057.094,0.0,974,0,1000,0,0,0,949,0,1022,0,919,0,789,0,780,0,822,0,7520,0.032,5.505200184497694e+19,0.0,0.0,784,16797,-0.0,162057.094,-114818.039,-0.0,0.133,6.909358625270745e+28,30.0,70.0,35,0.0,0.0,0.0,0.0,0.0,0.0,0.0,0.0,0.0,0.0,0.0,0.0,0.0,0.0,0.0,0.0,66.4,0,150,71,51,65476,0,300,0,0,8,20529,65476,0,0,44564,70.0,0.0,0.0,0.0,0.0,0.0
2026-09-10T21:37:49,ERR,ERR,ERR,ERR,ERR,ERR,ERR,ERR,ERR,ERR,ERR,ERR,ERR,ERR,ERR,ERR,ERR,ERR,ERR,ERR,ERR,ERR,ERR,ERR,ERR,ERR,ERR,ERR,ERR,ERR,ERR,ERR,ERR,ERR,ERR,ERR,ERR,ERR,ERR,ERR,ERR,ERR,ERR,ERR,ERR,ERR,ERR,ERR,ERR,ERR,ERR,ERR,ERR,ERR,ERR,ERR,ERR,ERR,ERR,ERR,ERR,ERR,ERR,ERR,ERR,ERR,ERR,ERR,ERR,ERR,ERR,ERR,ERR,ERR,ERR,ERR,ERR,ERR,ERR,ERR,ERR,ERR,ERR,ERR,ERR,ERR,ERR,ERR,ERR,ERR,ERR,ERR,ERR,ERR,ERR,ERR,ERR,ERR,ERR,ERR,ERR,ERR,ERR,ERR,ERR,ERR,ERR,ERR,ERR,ERR,ERR,ERR,ERR,ERR,ERR,ERR,ERR,ERR,ERR,ERR,ERR,ERR,ERR,ERR,ERR,0.0,0.0,2.6474835549302285e+23,0.0,0.0,1.3936040501711995e+18,7.805,0.0,0,0,4,0,7116,0.0,100,0.0,0.0,0.0,0.0,0.0,0,0,0,0,0.0,0,0,0,0,0,0,0,0,0,0,0,0,0,0,0,0,0,0,0,0,0,0,0,0,0,0,0,0,0,0,0,0,0,31,40,40,71,65476,0,300,0,0,8,21553,0.0,-107605600.0,0.0,0.0,0.0,0.0,0.0,0.0,0.0,0.0,0.0,0.0,0.0,0.0,0.0,0.0,0.0,0.0,0.0,0.0,0.0,0.0,-2.004,2.004,0.0,0.0,0.0,0.0,0.0,0.0,4491.0,1.0406634001529092e+34,6927.0,0.0,0.0,0.0,-0.0,0.0,0.0,0.0,0.0,69,-0.0,-107614616.0,0.0,0.0,0.0,0.0,0.0,0.0,0.0,0,0,0,0.0,0.0,0.0,0.0,0.0,0.0,0.0,0.0,0.0,0.0,0.0,0.0,0.0,0.0,0.0,0.0,0,-107875648.0,69,0.0,138,0.0,0.0,0,52429,17085,26215,17100,52429,17079,0,0,0,70,68,100,2.7302399002429377e+23,82.0,0.0,78.4,-107615464.0,78.5,1,49,50,180,52429,0,0,0,0.0,0.0,0.0,0.0,-0.0,67.0,0.0,162057.094,0.0,974,0,1000,0,0,0,949,0,1022,0,919,0,789,0,780,0,822,0,7520,0.032,5.505200184497694e+19,0.0,0.0,784,16797,-0.0,162057.094,-114818.039,-0.0,0.133,6.909358625270745e+28,30.0,70.0,35,0.0,0.0,0.0,0.0,0.0,0.0,0.0,0.0,0.0,0.0,0.0,0.0,0.0,0.0,0.0,0.0,66.4,0,150,71,51,65476,0,300,0,0,8,20529,65476,0,0,44564,70.0,0.0,0.0,0.0,0.0,0.0
2026-09-10T21:37:50,ERR,ERR,ERR,ERR,ERR,ERR,ERR,ERR,ERR,ERR,ERR,ERR,ERR,ERR,ERR,ERR,ERR,ERR,ERR,ERR,ERR,ERR,ERR,ERR,ERR,ERR,ERR,ERR,ERR,ERR,ERR,ERR,ERR,ERR,ERR,ERR,ERR,ERR,ERR,ERR,ERR,ERR,ERR,ERR,ERR,ERR,ERR,ERR,ERR,ERR,ERR,ERR,ERR,ERR,ERR,ERR,ERR,ERR,ERR,ERR,ERR,ERR,ERR,ERR,ERR,ERR,ERR,ERR,ERR,ERR,ERR,ERR,ERR,ERR,ERR,ERR,ERR,ERR,ERR,ERR,ERR,ERR,ERR,ERR,ERR,ERR,ERR,ERR,ERR,ERR,ERR,ERR,ERR,ERR,ERR,ERR,ERR,ERR,ERR,ERR,ERR,ERR,ERR,ERR,ERR,ERR,ERR,ERR,ERR,ERR,ERR,ERR,ERR,ERR,ERR,ERR,ERR,ERR,ERR,ERR,ERR,ERR,ERR,ERR,ERR,0.0,0.0,2.6474835549302285e+23,0.0,0.0,1.3936040501711995e+18,7.805,0.0,0,0,4,0,7116,0.0,100,0.0,0.0,0.0,0.0,0.0,0,0,0,0,0.0,0,0,0,0,0,0,0,0,0,0,0,0,0,0,0,0,0,0,0,0,0,0,0,0,0,0,0,0,0,0,0,0,0,31,40,40,71,65476,0,300,0,0,8,21553,0.0,-107605600.0,0.0,0.0,0.0,0.0,0.0,0.0,0.0,0.0,0.0,0.0,0.0,0.0,0.0,0.0,0.0,0.0,0.0,0.0,0.0,0.0,-2.004,2.004,0.0,0.0,0.0,0.0,0.0,0.0,4491.0,1.0406634001529092e+34,6927.0,0.0,0.0,0.0,-0.0,0.0,0.0,0.0,0.0,69,-0.0,-107614616.0,0.0,0.0,0.0,0.0,0.0,0.0,0.0,0,0,0,0.0,0.0,0.0,0.0,0.0,0.0,0.0,0.0,0.0,0.0,0.0,0.0,0.0,0.0,0.0,0.0,0,-107875648.0,69,0.0,138,0.0,0.0,0,52429,17085,26215,17100,52429,17079,0,0,0,70,68,100,2.7302399002429377e+23,82.0,0.0,78.4,-107615464.0,78.5,1,49,50,180,52429,0,0,0,0.0,0.0,0.0,0.0,-0.0,67.0,0.0,162057.094,0.0,974,0,1000,0,0,0,949,0,1022,0,919,0,789,0,780,0,822,0,7520,0.032,5.505200184497694e+19,0.0,0.0,784,16797,-0.0,162057.094,-114818.039,-0.0,0.133,6.909358625270745e+28,30.0,70.0,35,0.0,0.0,0.0,0.0,0.0,0.0,0.0,0.0,0.0,0.0,0.0,0.0,0.0,0.0,0.0,0.0,66.4,0,150,71,51,65476,0,300,0,0,8,20529,65476,0,0,44564,70.0,0.0,0.0,0.0,0.0,0.0
2026-09-10T21:37:51,ERR,ERR,ERR,ERR,ERR,ERR,ERR,ERR,ERR,ERR,ERR,ERR,ERR,ERR,ERR,ERR,ERR,ERR,ERR,ERR,ERR,ERR,ERR,ERR,ERR,ERR,ERR,ERR,ERR,ERR,ERR,ERR,ERR,ERR,ERR,ERR,ERR,ERR,ERR,ERR,ERR,ERR,ERR,ERR,ERR,ERR,ERR,ERR,ERR,ERR,ERR,ERR,ERR,ERR,ERR,ERR,ERR,ERR,ERR,ERR,ERR,ERR,ERR,ERR,ERR,ERR,ERR,ERR,ERR,ERR,ERR,ERR,ERR,ERR,ERR,ERR,ERR,ERR,ERR,ERR,ERR,ERR,ERR,ERR,ERR,ERR,ERR,ERR,ERR,ERR,ERR,ERR,ERR,ERR,ERR,ERR,ERR,ERR,ERR,ERR,ERR,ERR,ERR,ERR,ERR,ERR,ERR,ERR,ERR,ERR,ERR,ERR,ERR,ERR,ERR,ERR,ERR,ERR,ERR,ERR,ERR,ERR,ERR,ERR,ERR,0.0,0.0,2.6474835549302285e+23,0.0,0.0,1.3936040501711995e+18,7.805,0.0,0,0,4,0,7116,0.0,100,0.0,0.0,0.0,0.0,0.0,0,0,0,0,0.0,0,0,0,0,0,0,0,0,0,0,0,0,0,0,0,0,0,0,0,0,0,0,0,0,0,0,0,0,0,0,0,0,0,31,40,40,71,65476,0,300,0,0,8,21553,0.0,-107605600.0,0.0,0.0,0.0,0.0,0.0,0.0,0.0,0.0,0.0,0.0,0.0,0.0,0.0,0.0,0.0,0.0,0.0,0.0,0.0,0.0,-2.004,2.004,0.0,0.0,0.0,0.0,0.0,0.0,4491.0,1.0406634001529092e+34,6927.0,0.0,0.0,0.0,-0.0,0.0,0.0,0.0,0.0,69,-0.0,-107614616.0,0.0,0.0,0.0,0.0,0.0,0.0,0.0,0,0,0,0.0,0.0,0.0,0.0,0.0,0.0,0.0,0.0,0.0,0.0,0.0,0.0,0.0,0.0,0.0,0.0,0,-107875648.0,69,0.0,138,0.0,0.0,0,52429,17085,26215,17100,52429,17079,0,0,0,70,68,100,2.7302399002429377e+23,82.0,0.0,77.9,-107615464.0,78.5,1,49,50,180,39322,0,0,0,0.0,0.0,0.0,0.0,-0.0,67.0,0.0,162057.094,0.0,973,0,1000,0,0,0,949,0,1022,0,919,0,789,0,780,0,822,0,7520,0.032,5.505200184497694e+19,0.0,0.0,784,16797,-0.0,162057.094,-114818.039,-0.0,0.133,6.909358625270745e+28,30.0,70.0,35,0.0,0.0,0.0,0.0,0.0,0.0,0.0,0.0,0.0,0.0,0.0,0.0,0.0,0.0,0.0,0.0,66.8,0,150,71,51,65476,0,300,0,0,8,20529,65476,0,0,44564,70.0,0.0,0.0,0.0,0.0,0.0
2026-09-10T21:37:52,ERR,ERR,ERR,ERR,ERR,ERR,ERR,ERR,ERR,ERR,ERR,ERR,ERR,ERR,ERR,ERR,ERR,ERR,ERR,ERR,ERR,ERR,ERR,ERR,ERR,ERR,ERR,ERR,ERR,ERR,ERR,ERR,ERR,ERR,ERR,ERR,ERR,ERR,ERR,ERR,ERR,ERR,ERR,ERR,ERR,ERR,ERR,ERR,ERR,ERR,ERR,ERR,ERR,ERR,ERR,ERR,ERR,ERR,ERR,ERR,ERR,ERR,ERR,ERR,ERR,ERR,ERR,ERR,ERR,ERR,ERR,ERR,ERR,ERR,ERR,ERR,ERR,ERR,ERR,ERR,ERR,ERR,ERR,ERR,ERR,ERR,ERR,ERR,ERR,ERR,ERR,ERR,ERR,ERR,ERR,ERR,ERR,ERR,ERR,ERR,ERR,ERR,ERR,ERR,ERR,ERR,ERR,ERR,ERR,ERR,ERR,ERR,ERR,ERR,ERR,ERR,ERR,ERR,ERR,ERR,ERR,ERR,ERR,ERR,ERR,0.0,0.0,2.6474835549302285e+23,0.0,0.0,1.3936040501711995e+18,7.805,0.0,0,0,4,0,7116,0.0,100,0.0,0.0,0.0,0.0,0.0,0,0,0,0,0.0,0,0,0,0,0,0,0,0,0,0,0,0,0,0,0,0,0,0,0,0,0,0,0,0,0,0,0,0,0,0,0,0,0,31,40,40,71,65476,0,300,0,0,8,21553,0.0,-107605600.0,0.0,0.0,0.0,0.0,0.0,0.0,0.0,0.0,0.0,0.0,0.0,0.0,0.0,0.0,0.0,0.0,0.0,0.0,0.0,0.0,-2.004,2.004,0.0,0.0,0.0,0.0,0.0,0.0,4491.0,1.0406634001529092e+34,6927.0,0.0,0.0,0.0,-0.0,0.0,0.0,0.0,0.0,69,-0.0,-107614616.0,0.0,0.0,0.0,0.0,0.0,0.0,0.0,0,0,0,0.0,0.0,0.0,0.0,0.0,0.0,0.0,0.0,0.0,0.0,0.0,0.0,0.0,0.0,0.0,0.0,0,-107875648.0,69,0.0,138,0.0,0.0,0,52429,17085,26215,17100,52429,17079,0,0,0,70,68,100,2.7302399002429377e+23,82.0,0.0,77.9,-107615464.0,78.5,1,49,50,180,39322,0,0,0,0.0,0.0,0.0,0.0,-0.0,67.0,0.0,162057.094,0.0,973,0,1000,0,0,0,949,0,1022,0,919,0,789,0,780,0,822,0,7520,0.032,5.505200184497694e+19,0.0,0.0,784,16797,-0.0,162057.094,-114818.039,-0.0,0.133,6.909358625270745e+28,30.0,70.0,35,0.0,0.0,0.0,0.0,0.0,0.0,0.0,0.0,0.0,0.0,0.0,0.0,0.0,0.0,0.0,0.0,66.8,0,150,71,51,65476,0,300,0,0,8,20529,65476,0,0,44564,70.0,0.0,0.0,0.0,0.0,0.0
2026-09-10T21:37:53,ERR,ERR,ERR,ERR,ERR,ERR,ERR,ERR,ERR,ERR,ERR,ERR,ERR,ERR,ERR,ERR,ERR,ERR,ERR,ERR,ERR,ERR,ERR,ERR,ERR,ERR,ERR,ERR,ERR,ERR,ERR,ERR,ERR,ERR,ERR,ERR,ERR,ERR,ERR,ERR,ERR,ERR,ERR,ERR,ERR,ERR,ERR,ERR,ERR,ERR,ERR,ERR,ERR,ERR,ERR,ERR,ERR,ERR,ERR,ERR,ERR,ERR,ERR,ERR,ERR,ERR,ERR,ERR,ERR,ERR,ERR,ERR,ERR,ERR,ERR,ERR,ERR,ERR,ERR,ERR,ERR,ERR,ERR,ERR,ERR,ERR,ERR,ERR,ERR,ERR,ERR,ERR,ERR,ERR,ERR,ERR,ERR,ERR,ERR,ERR,ERR,ERR,ERR,ERR,ERR,ERR,ERR,ERR,ERR,ERR,ERR,ERR,ERR,ERR,ERR,ERR,ERR,ERR,ERR,ERR,ERR,ERR,ERR,ERR,ERR,0.0,0.0,2.6474835549302285e+23,0.0,0.0,1.3936040501711995e+18,7.805,0.0,0,0,4,0,7116,0.0,100,0.0,0.0,0.0,0.0,0.0,0,0,0,0,0.0,0,0,0,0,0,0,0,0,0,0,0,0,0,0,0,0,0,0,0,0,0,0,0,0,0,0,0,0,0,0,0,0,0,31,40,40,71,65476,0,300,0,0,8,21553,0.0,-107605600.0,0.0,0.0,0.0,0.0,0.0,0.0,0.0,0.0,0.0,0.0,0.0,0.0,0.0,0.0,0.0,0.0,0.0,0.0,0.0,0.0,-2.004,2.004,0.0,0.0,0.0,0.0,0.0,0.0,4491.0,1.0406634001529092e+34,6927.0,0.0,0.0,0.0,-0.0,0.0,0.0,0.0,0.0,69,-0.0,-107614616.0,0.0,0.0,0.0,0.0,0.0,0.0,0.0,0,0,0,0.0,0.0,0.0,0.0,0.0,0.0,0.0,0.0,0.0,0.0,0.0,0.0,0.0,0.0,0.0,0.0,0,-107875648.0,69,0.0,138,0.0,0.0,0,52429,17085,26215,17100,52429,17079,0,0,0,70,68,100,2.7302399002429377e+23,82.0,0.0,77.9,-107615464.0,78.5,1,49,50,180,39322,0,0,0,0.0,0.0,0.0,0.0,-0.0,67.0,0.0,162057.094,0.0,973,0,1000,0,0,0,949,0,1022,0,919,0,789,0,780,0,822,0,7520,0.032,5.505200184497694e+19,0.0,0.0,784,16797,-0.0,162057.094,-114818.039,-0.0,0.133,6.909358625270745e+28,30.0,70.0,35,0.0,0.0,0.0,0.0,0.0,0.0,0.0,0.0,0.0,0.0,0.0,0.0,0.0,0.0,0.0,0.0,66.8,0,150,71,51,65476,0,300,0,0,8,20529,65476,0,0,44564,70.0,0.0,0.0,0.0,0.0,0.0
2026-09-10T21:37:54,ERR,ERR,ERR,ERR,ERR,ERR,ERR,ERR,ERR,ERR,ERR,ERR,ERR,ERR,ERR,ERR,ERR,ERR,ERR,ERR,ERR,ERR,ERR,ERR,ERR,ERR,ERR,ERR,ERR,ERR,ERR,ERR,ERR,ERR,ERR,ERR,ERR,ERR,ERR,ERR,ERR,ERR,ERR,ERR,ERR,ERR,ERR,ERR,ERR,ERR,ERR,ERR,ERR,ERR,ERR,ERR,ERR,ERR,ERR,ERR,ERR,ERR,ERR,ERR,ERR,ERR,ERR,ERR,ERR,ERR,ERR,ERR,ERR,ERR,ERR,ERR,ERR,ERR,ERR,ERR,ERR,ERR,ERR,ERR,ERR,ERR,ERR,ERR,ERR,ERR,ERR,ERR,ERR,ERR,ERR,ERR,ERR,ERR,ERR,ERR,ERR,ERR,ERR,ERR,ERR,ERR,ERR,ERR,ERR,ERR,ERR,ERR,ERR,ERR,ERR,ERR,ERR,ERR,ERR,ERR,ERR,ERR,ERR,ERR,ERR,0.0,0.0,2.6474835549302285e+23,0.0,0.0,1.3936040501711995e+18,7.805,0.0,0,0,4,0,7116,0.0,100,0.0,0.0,0.0,0.0,0.0,0,0,0,0,0.0,0,0,0,0,0,0,0,0,0,0,0,0,0,0,0,0,0,0,0,0,0,0,0,0,0,0,0,0,0,0,0,0,0,31,40,40,71,65476,0,300,0,0,8,21553,0.0,-107605600.0,0.0,0.0,0.0,0.0,0.0,0.0,0.0,0.0,0.0,0.0,0.0,0.0,0.0,0.0,0.0,0.0,0.0,0.0,0.0,0.0,-2.004,2.004,0.0,0.0,0.0,0.0,0.0,0.0,4491.0,1.0406634001529092e+34,6927.0,0.0,0.0,0.0,-0.0,0.0,0.0,0.0,0.0,69,-0.0,-107614616.0,0.0,0.0,0.0,0.0,0.0,0.0,0.0,0,0,0,0.0,0.0,0.0,0.0,0.0,0.0,0.0,0.0,0.0,0.0,0.0,0.0,0.0,0.0,0.0,0.0,0,-107875648.0,69,0.0,138,0.0,0.0,0,52429,17085,26215,17100,52429,17079,0,0,0,70,68,100,2.7302399002429377e+23,82.0,0.0,77.9,-107615464.0,78.5,1,49,50,180,39322,0,0,0,0.0,0.0,0.0,0.0,-0.0,67.0,0.0,162057.094,0.0,973,0,1000,0,0,0,949,0,1022,0,919,0,789,0,780,0,822,0,7520,0.032,5.505200184497694e+19,0.0,0.0,784,16797,-0.0,162057.094,-114818.039,-0.0,0.133,6.909358625270745e+28,30.0,70.0,35,0.0,0.0,0.0,0.0,0.0,0.0,0.0,0.0,0.0,0.0,0.0,0.0,0.0,0.0,0.0,0.0,66.4,0,150,71,51,65476,0,300,0,0,8,20529,65476,0,0,44564,70.0,0.0,0.0,0.0,0.0,0.0
2026-09-10T21:37:55,ERR,ERR,ERR,ERR,ERR,ERR,ERR,ERR,ERR,ERR,ERR,ERR,ERR,ERR,ERR,ERR,ERR,ERR,ERR,ERR,ERR,ERR,ERR,ERR,ERR,ERR,ERR,ERR,ERR,ERR,ERR,ERR,ERR,ERR,ERR,ERR,ERR,ERR,ERR,ERR,ERR,ERR,ERR,ERR,ERR,ERR,ERR,ERR,ERR,ERR,ERR,ERR,ERR,ERR,ERR,ERR,ERR,ERR,ERR,ERR,ERR,ERR,ERR,ERR,ERR,ERR,ERR,ERR,ERR,ERR,ERR,ERR,ERR,ERR,ERR,ERR,ERR,ERR,ERR,ERR,ERR,ERR,ERR,ERR,ERR,ERR,ERR,ERR,ERR,ERR,ERR,ERR,ERR,ERR,ERR,ERR,ERR,ERR,ERR,ERR,ERR,ERR,ERR,ERR,ERR,ERR,ERR,ERR,ERR,ERR,ERR,ERR,ERR,ERR,ERR,ERR,ERR,ERR,ERR,ERR,ERR,ERR,ERR,ERR,ERR,0.0,0.0,2.6474835549302285e+23,0.0,0.0,1.3936040501711995e+18,7.805,0.0,0,0,4,0,7116,0.0,100,0.0,0.0,0.0,0.0,0.0,0,0,0,0,0.0,0,0,0,0,0,0,0,0,0,0,0,0,0,0,0,0,0,0,0,0,0,0,0,0,0,0,0,0,0,0,0,0,0,31,40,40,71,65476,0,300,0,0,8,21553,0.0,-107605600.0,0.0,0.0,0.0,0.0,0.0,0.0,0.0,0.0,0.0,0.0,0.0,0.0,0.0,0.0,0.0,0.0,0.0,0.0,0.0,0.0,-2.004,2.004,0.0,0.0,0.0,0.0,0.0,0.0,4491.0,1.0406634001529092e+34,6927.0,0.0,0.0,0.0,-0.0,0.0,0.0,0.0,0.0,69,-0.0,-107614616.0,0.0,0.0,0.0,0.0,0.0,0.0,0.0,0,0,0,0.0,0.0,0.0,0.0,0.0,0.0,0.0,0.0,0.0,0.0,0.0,0.0,0.0,0.0,0.0,0.0,0,-107875648.0,69,0.0,138,0.0,0.0,0,52429,17085,26215,17100,52429,17079,0,0,0,70,68,100,2.7302399002429377e+23,82.0,0.0,77.9,-107615464.0,78.5,1,49,50,180,39322,0,0,0,0.0,0.0,0.0,0.0,-0.0,67.0,0.0,162057.094,0.0,973,0,1000,0,0,0,949,0,1022,0,919,0,789,0,780,0,822,0,7520,0.032,5.505200184497694e+19,0.0,0.0,784,16797,-0.0,162057.094,-114818.039,-0.0,0.133,6.909358625270745e+28,30.0,70.0,35,0.0,0.0,0.0,0.0,0.0,0.0,0.0,0.0,0.0,0.0,0.0,0.0,0.0,0.0,0.0,0.0,66.4,0,150,71,51,65476,0,300,0,0,8,20529,65476,0,0,44564,70.0,0.0,0.0,0.0,0.0,0.0
2026-09-10T21:37:56,ERR,ERR,ERR,ERR,ERR,ERR,ERR,ERR,ERR,ERR,ERR,ERR,ERR,ERR,ERR,ERR,ERR,ERR,ERR,ERR,ERR,ERR,ERR,ERR,ERR,ERR,ERR,ERR,ERR,ERR,ERR,ERR,ERR,ERR,ERR,ERR,ERR,ERR,ERR,ERR,ERR,ERR,ERR,ERR,ERR,ERR,ERR,ERR,ERR,ERR,ERR,ERR,ERR,ERR,ERR,ERR,ERR,ERR,ERR,ERR,ERR,ERR,ERR,ERR,ERR,ERR,ERR,ERR,ERR,ERR,ERR,ERR,ERR,ERR,ERR,ERR,ERR,ERR,ERR,ERR,ERR,ERR,ERR,ERR,ERR,ERR,ERR,ERR,ERR,ERR,ERR,ERR,ERR,ERR,ERR,ERR,ERR,ERR,ERR,ERR,ERR,ERR,ERR,ERR,ERR,ERR,ERR,ERR,ERR,ERR,ERR,ERR,ERR,ERR,ERR,ERR,ERR,ERR,ERR,ERR,ERR,ERR,ERR,ERR,ERR,0.0,0.0,2.6474835549302285e+23,0.0,0.0,1.3936040501711995e+18,7.805,0.0,0,0,4,0,7116,0.0,100,0.0,0.0,0.0,0.0,0.0,0,0,0,0,0.0,0,0,0,0,0,0,0,0,0,0,0,0,0,0,0,0,0,0,0,0,0,0,0,0,0,0,0,0,0,0,0,0,0,31,40,40,71,65476,0,300,0,0,8,21553,0.0,-107605600.0,0.0,0.0,0.0,0.0,0.0,0.0,0.0,0.0,0.0,0.0,0.0,0.0,0.0,0.0,0.0,0.0,0.0,0.0,0.0,0.0,-2.004,2.004,0.0,0.0,0.0,0.0,0.0,0.0,4489.0,1.5879263307997272e+29,6926.0,0.0,0.0,2.7184260577004195e+23,-0.0,0.0,0.0,0.0,0.0,69,-89221.141,-71.629,0.0,0.0,0.0,0.0,0.0,0.0,0.0,0,0,0,0.0,0.0,0.0,0.0,0.0,0.0,0.0,0.0,0.0,0.0,0.0,0.0,0.0,0.0,0.0,0.0,0,-107875648.0,69,0.0,138,0.0,0.0,0,52429,17085,26215,17100,52429,17079,0,0,0,70,68,100,2.7302399002429377e+23,82.0,0.0,77.9,-107615464.0,78.5,1,49,50,180,39322,0,0,0,0.0,0.0,0.0,0.0,-0.0,67.0,0.0,162057.094,0.0,973,0,1000,0,0,0,949,0,1022,0,919,0,789,0,780,0,822,0,7520,0.032,5.505200184497694e+19,0.0,0.0,784,16797,-0.0,162057.094,-114818.039,-0.0,0.133,6.909358625270745e+28,30.0,70.0,35,0.0,0.0,0.0,0.0,0.0,0.0,0.0,0.0,0.0,0.0,0.0,0.0,0.0,0.0,0.0,0.0,66.4,0,150,71,51,65476,0,300,0,0,8,20529,65476,0,0,44564,70.0,0.0,0.0,0.0,0.0,0.0
2026-09-10T21:37:57,ERR,ERR,ERR,ERR,ERR,ERR,ERR,ERR,ERR,ERR,ERR,ERR,ERR,ERR,ERR,ERR,ERR,ERR,ERR,ERR,ERR,ERR,ERR,ERR,ERR,ERR,ERR,ERR,ERR,ERR,ERR,ERR,ERR,ERR,ERR,ERR,ERR,ERR,ERR,ERR,ERR,ERR,ERR,ERR,ERR,ERR,ERR,ERR,ERR,ERR,ERR,ERR,ERR,ERR,ERR,ERR,ERR,ERR,ERR,ERR,ERR,ERR,ERR,ERR,ERR,ERR,ERR,ERR,ERR,ERR,ERR,ERR,ERR,ERR,ERR,ERR,ERR,ERR,ERR,ERR,ERR,ERR,ERR,ERR,ERR,ERR,ERR,ERR,ERR,ERR,ERR,ERR,ERR,ERR,ERR,ERR,ERR,ERR,ERR,ERR,ERR,ERR,ERR,ERR,ERR,ERR,ERR,ERR,ERR,ERR,ERR,ERR,ERR,ERR,ERR,ERR,ERR,ERR,ERR,ERR,ERR,ERR,ERR,ERR,ERR,0.0,0.0,2.6474835549302285e+23,0.0,0.0,1.3936040501711995e+18,7.805,0.0,0,0,4,0,7116,0.0,100,0.0,0.0,0.0,0.0,0.0,0,0,0,0,0.0,0,0,0,0,0,0,0,0,0,0,0,0,0,0,0,0,0,0,0,0,0,0,0,0,0,0,0,0,0,0,0,0,0,31,40,40,71,65476,0,300,0,0,8,21553,0.0,-107605600.0,0.0,0.0,0.0,0.0,0.0,0.0,0.0,0.0,0.0,0.0,0.0,0.0,0.0,0.0,0.0,0.0,0.0,0.0,0.0,0.0,-2.004,2.004,0.0,0.0,0.0,0.0,0.0,0.0,4489.0,1.5879263307997272e+29,6926.0,0.0,0.0,2.7184260577004195e+23,-0.0,0.0,0.0,0.0,0.0,69,-89221.141,-71.629,0.0,0.0,0.0,0.0,0.0,0.0,0.0,0,0,0,0.0,0.0,0.0,0.0,0.0,0.0,0.0,0.0,0.0,0.0,0.0,0.0,0.0,0.0,0.0,0.0,0,-107875648.0,69,0.0,138,0.0,0.0,0,52429,17085,26215,17100,52429,17079,0,0,0,70,68,100,2.7302399002429377e+23,82.4,0.0,78.4,-107615464.0,78.5,1,49,50,180,39322,52429,0,0,0.0,0.0,0.0,0.0,-0.0,67.0,0.0,162057.094,0.0,973,0,1000,0,0,0,949,0,1022,0,919,0,789,0,780,0,822,0,7520,0.032,5.476377146882523e+19,0.0,0.0,784,16797,-0.0,162057.094,-114818.039,-0.0,0.133,6.909358625270745e+28,30.0,70.0,35,0.0,0.0,0.0,0.0,0.0,0.0,0.0,0.0,0.0,0.0,0.0,0.0,0.0,0.0,0.0,0.0,66.4,0,150,71,51,65476,0,300,0,0,8,20529,65476,0,0,44564,70.0,0.0,0.0,0.0,0.0,0.0
2026-09-10T21:37:58,ERR,ERR,ERR,ERR,ERR,ERR,ERR,ERR,ERR,ERR,ERR,ERR,ERR,ERR,ERR,ERR,ERR,ERR,ERR,ERR,ERR,ERR,ERR,ERR,ERR,ERR,ERR,ERR,ERR,ERR,ERR,ERR,ERR,ERR,ERR,ERR,ERR,ERR,ERR,ERR,ERR,ERR,ERR,ERR,ERR,ERR,ERR,ERR,ERR,ERR,ERR,ERR,ERR,ERR,ERR,ERR,ERR,ERR,ERR,ERR,ERR,ERR,ERR,ERR,ERR,ERR,ERR,ERR,ERR,ERR,ERR,ERR,ERR,ERR,ERR,ERR,ERR,ERR,ERR,ERR,ERR,ERR,ERR,ERR,ERR,ERR,ERR,ERR,ERR,ERR,ERR,ERR,ERR,ERR,ERR,ERR,ERR,ERR,ERR,ERR,ERR,ERR,ERR,ERR,ERR,ERR,ERR,ERR,ERR,ERR,ERR,ERR,ERR,ERR,ERR,ERR,ERR,ERR,ERR,ERR,ERR,ERR,ERR,ERR,ERR,0.0,0.0,2.6474835549302285e+23,0.0,0.0,1.3936040501711995e+18,7.805,0.0,0,0,4,0,7116,0.0,100,0.0,0.0,0.0,0.0,0.0,0,0,0,0,0.0,0,0,0,0,0,0,0,0,0,0,0,0,0,0,0,0,0,0,0,0,0,0,0,0,0,0,0,0,0,0,0,0,0,31,40,40,71,65476,0,300,0,0,8,21553,0.0,-107605600.0,0.0,0.0,0.0,0.0,0.0,0.0,0.0,0.0,0.0,0.0,0.0,0.0,0.0,0.0,0.0,0.0,0.0,0.0,0.0,0.0,-2.004,2.004,0.0,0.0,0.0,0.0,0.0,0.0,4489.0,1.5879263307997272e+29,6926.0,0.0,0.0,2.7184260577004195e+23,-0.0,0.0,0.0,0.0,0.0,69,-89221.141,-71.629,0.0,0.0,0.0,0.0,0.0,0.0,0.0,0,0,0,0.0,0.0,0.0,0.0,0.0,0.0,0.0,0.0,0.0,0.0,0.0,0.0,0.0,0.0,0.0,0.0,0,-107875648.0,69,0.0,138,0.0,0.0,0,52429,17085,26215,17100,52429,17079,0,0,0,70,68,100,2.7302399002429377e+23,82.4,0.0,78.4,-107615464.0,78.5,1,49,50,180,39322,52429,0,0,0.0,0.0,0.0,0.0,-0.0,67.0,0.0,162057.094,0.0,973,0,1000,0,0,0,949,0,1022,0,919,0,789,0,780,0,822,0,7520,0.032,5.476377146882523e+19,0.0,0.0,784,16797,-0.0,162057.094,-114818.039,-0.0,0.133,6.909358625270745e+28,30.0,70.0,35,0.0,0.0,0.0,0.0,0.0,0.0,0.0,0.0,0.0,0.0,0.0,0.0,0.0,0.0,0.0,0.0,66.4,0,150,71,51,65476,0,300,0,0,8,20529,65476,0,0,44564,70.0,0.0,0.0,0.0,0.0,0.0
2026-09-10T21:37:59,ERR,ERR,ERR,ERR,ERR,ERR,ERR,ERR,ERR,ERR,ERR,ERR,ERR,ERR,ERR,ERR,ERR,ERR,ERR,ERR,ERR,ERR,ERR,ERR,ERR,ERR,ERR,ERR,ERR,ERR,ERR,ERR,ERR,ERR,ERR,ERR,ERR,ERR,ERR,ERR,ERR,ERR,ERR,ERR,ERR,ERR,ERR,ERR,ERR,ERR,ERR,ERR,ERR,ERR,ERR,ERR,ERR,ERR,ERR,ERR,ERR,ERR,ERR,ERR,ERR,ERR,ERR,ERR,ERR,ERR,ERR,ERR,ERR,ERR,ERR,ERR,ERR,ERR,ERR,ERR,ERR,ERR,ERR,ERR,ERR,ERR,ERR,ERR,ERR,ERR,ERR,ERR,ERR,ERR,ERR,ERR,ERR,ERR,ERR,ERR,ERR,ERR,ERR,ERR,ERR,ERR,ERR,ERR,ERR,ERR,ERR,ERR,ERR,ERR,ERR,ERR,ERR,ERR,ERR,ERR,ERR,ERR,ERR,ERR,ERR,0.0,0.0,2.6474835549302285e+23,0.0,0.0,1.3936040501711995e+18,7.805,0.0,0,0,4,0,7116,0.0,100,0.0,0.0,0.0,0.0,0.0,0,0,0,0,0.0,0,0,0,0,0,0,0,0,0,0,0,0,0,0,0,0,0,0,0,0,0,0,0,0,0,0,0,0,0,0,0,0,0,31,40,40,71,65476,0,300,0,0,8,21553,0.0,-107605600.0,0.0,0.0,0.0,0.0,0.0,0.0,0.0,0.0,0.0,0.0,0.0,0.0,0.0,0.0,0.0,0.0,0.0,0.0,0.0,0.0,-2.004,2.004,0.0,0.0,0.0,0.0,0.0,0.0,4489.0,1.5879263307997272e+29,6926.0,0.0,0.0,2.7184260577004195e+23,-0.0,0.0,0.0,0.0,0.0,69,-89221.141,-71.629,0.0,0.0,0.0,0.0,0.0,0.0,0.0,0,0,0,0.0,0.0,0.0,0.0,0.0,0.0,0.0,0.0,0.0,0.0,0.0,0.0,0.0,0.0,0.0,0.0,0,-107875648.0,69,0.0,138,0.0,0.0,0,52429,17085,26215,17100,52429,17079,0,0,0,70,68,100,2.7302399002429377e+23,82.4,0.0,78.4,-107615464.0,78.5,1,49,50,180,39322,52429,0,0,0.0,0.0,0.0,0.0,-0.0,67.0,0.0,162057.094,0.0,973,0,1000,0,0,0,949,0,1022,0,919,0,789,0,780,0,822,0,7520,0.032,5.476377146882523e+19,0.0,0.0,784,16797,-0.0,162057.094,-114818.039,-0.0,0.133,6.909358625270745e+28,30.0,70.0,35,0.0,0.0,0.0,0.0,0.0,0.0,0.0,0.0,0.0,0.0,0.0,0.0,0.0,0.0,0.0,0.0,66.4,0,150,71,51,65476,0,300,0,0,8,20529,65476,0,0,44564,70.0,0.0,0.0,0.0,0.0,0.0
2026-09-10T21:38:00,ERR,ERR,ERR,ERR,ERR,ERR,ERR,ERR,ERR,ERR,ERR,ERR,ERR,ERR,ERR,ERR,ERR,ERR,ERR,ERR,ERR,ERR,ERR,ERR,ERR,ERR,ERR,ERR,ERR,ERR,ERR,ERR,ERR,ERR,ERR,ERR,ERR,ERR,ERR,ERR,ERR,ERR,ERR,ERR,ERR,ERR,ERR,ERR,ERR,ERR,ERR,ERR,ERR,ERR,ERR,ERR,ERR,ERR,ERR,ERR,ERR,ERR,ERR,ERR,ERR,ERR,ERR,ERR,ERR,ERR,ERR,ERR,ERR,ERR,ERR,ERR,ERR,ERR,ERR,ERR,ERR,ERR,ERR,ERR,ERR,ERR,ERR,ERR,ERR,ERR,ERR,ERR,ERR,ERR,ERR,ERR,ERR,ERR,ERR,ERR,ERR,ERR,ERR,ERR,ERR,ERR,ERR,ERR,ERR,ERR,ERR,ERR,ERR,ERR,ERR,ERR,ERR,ERR,ERR,ERR,ERR,ERR,ERR,ERR,ERR,0.0,0.0,2.6474835549302285e+23,0.0,0.0,1.3936040501711995e+18,7.805,0.0,0,0,4,0,7116,0.0,100,0.0,0.0,0.0,0.0,0.0,0,0,0,0,0.0,0,0,0,0,0,0,0,0,0,0,0,0,0,0,0,0,0,0,0,0,0,0,0,0,0,0,0,0,0,0,0,0,0,31,40,40,71,65476,0,300,0,0,8,21553,0.0,-107605600.0,0.0,0.0,0.0,0.0,0.0,0.0,0.0,0.0,0.0,0.0,0.0,0.0,0.0,0.0,0.0,0.0,0.0,0.0,0.0,0.0,-2.004,2.004,0.0,0.0,0.0,0.0,0.0,0.0,4489.0,1.5879263307997272e+29,6926.0,0.0,0.0,2.7184260577004195e+23,-0.0,0.0,0.0,0.0,0.0,69,-89221.141,-71.629,0.0,0.0,0.0,0.0,0.0,0.0,0.0,0,0,0,0.0,0.0,0.0,0.0,0.0,0.0,0.0,0.0,0.0,0.0,0.0,0.0,0.0,0.0,0.0,0.0,0,-107875648.0,69,0.0,138,0.0,0.0,0,52429,17085,26215,17100,52429,17079,0,0,0,70,68,100,2.7302399002429377e+23,82.4,0.0,78.4,-107615464.0,78.5,1,49,50,180,39322,52429,0,0,0.0,0.0,0.0,0.0,-0.0,67.0,0.0,162057.094,0.0,973,0,1000,0,0,0,949,0,1022,0,919,0,789,0,780,0,822,0,7520,0.032,5.476377146882523e+19,0.0,0.0,784,16797,-0.0,162057.094,-114818.039,-0.0,0.133,6.909358625270745e+28,30.0,70.0,35,0.0,0.0,0.0,0.0,0.0,0.0,0.0,0.0,0.0,0.0,0.0,0.0,0.0,0.0,0.0,0.0,66.4,0,150,71,51,65476,0,300,0,0,8,20529,65476,0,0,44564,70.0,0.0,0.0,0.0,0.0,0.0
2026-09-10T21:38:01,ERR,ERR,ERR,ERR,ERR,ERR,ERR,ERR,ERR,ERR,ERR,ERR,ERR,ERR,ERR,ERR,ERR,ERR,ERR,ERR,ERR,ERR,ERR,ERR,ERR,ERR,ERR,ERR,ERR,ERR,ERR,ERR,ERR,ERR,ERR,ERR,ERR,ERR,ERR,ERR,ERR,ERR,ERR,ERR,ERR,ERR,ERR,ERR,ERR,ERR,ERR,ERR,ERR,ERR,ERR,ERR,ERR,ERR,ERR,ERR,ERR,ERR,ERR,ERR,ERR,ERR,ERR,ERR,ERR,ERR,ERR,ERR,ERR,ERR,ERR,ERR,ERR,ERR,ERR,ERR,ERR,ERR,ERR,ERR,ERR,ERR,ERR,ERR,ERR,ERR,ERR,ERR,ERR,ERR,ERR,ERR,ERR,ERR,ERR,ERR,ERR,ERR,ERR,ERR,ERR,ERR,ERR,ERR,ERR,ERR,ERR,ERR,ERR,ERR,ERR,ERR,ERR,ERR,ERR,ERR,ERR,ERR,ERR,ERR,ERR,0.0,0.0,2.6474835549302285e+23,0.0,0.0,1.3936040501711995e+18,7.805,0.0,0,0,4,0,7116,0.0,100,0.0,0.0,0.0,0.0,0.0,0,0,0,0,0.0,0,0,0,0,0,0,0,0,0,0,0,0,0,0,0,0,0,0,0,0,0,0,0,0,0,0,0,0,0,0,0,0,0,31,40,40,71,65476,0,300,0,0,8,21553,0.0,-107605600.0,0.0,0.0,0.0,0.0,0.0,0.0,0.0,0.0,0.0,0.0,0.0,0.0,0.0,0.0,0.0,0.0,0.0,0.0,0.0,0.0,-2.004,2.004,0.0,0.0,0.0,0.0,0.0,0.0,4489.0,1.5879263307997272e+29,6926.0,0.0,0.0,2.7184260577004195e+23,-0.0,0.0,0.0,0.0,0.0,69,-89221.141,-71.629,0.0,0.0,0.0,0.0,0.0,0.0,0.0,0,0,0,0.0,0.0,0.0,0.0,0.0,0.0,0.0,0.0,0.0,0.0,0.0,0.0,0.0,0.0,0.0,0.0,0,-107875648.0,69,0.0,138,0.0,0.0,0,52429,17085,26215,17100,52429,17079,0,0,0,70,68,100,2.7302399002429377e+23,82.4,0.0,78.4,-107615464.0,78.5,1,49,50,180,39322,52429,0,0,0.0,0.0,0.0,0.0,-0.0,67.0,0.0,162057.094,0.0,973,0,1000,0,0,0,949,0,1022,0,919,0,789,0,780,0,822,0,7520,0.032,5.476377146882523e+19,0.0,0.0,784,16797,-0.0,162057.094,-114818.039,-0.0,0.133,6.909358625270745e+28,30.0,70.0,35,0.0,0.0,0.0,0.0,0.0,0.0,0.0,0.0,0.0,0.0,0.0,0.0,0.0,0.0,0.0,0.0,66.4,0,150,71,51,65476,0,300,0,0,8,20529,65476,0,0,44564,70.0,0.0,0.0,0.0,0.0,0.0
2026-09-10T21:38:02,ERR,ERR,ERR,ERR,ERR,ERR,ERR,ERR,ERR,ERR,ERR,ERR,ERR,ERR,ERR,ERR,ERR,ERR,ERR,ERR,ERR,ERR,ERR,ERR,ERR,ERR,ERR,ERR,ERR,ERR,ERR,ERR,ERR,ERR,ERR,ERR,ERR,ERR,ERR,ERR,ERR,ERR,ERR,ERR,ERR,ERR,ERR,ERR,ERR,ERR,ERR,ERR,ERR,ERR,ERR,ERR,ERR,ERR,ERR,ERR,ERR,ERR,ERR,ERR,ERR,ERR,ERR,ERR,ERR,ERR,ERR,ERR,ERR,ERR,ERR,ERR,ERR,ERR,ERR,ERR,ERR,ERR,ERR,ERR,ERR,ERR,ERR,ERR,ERR,ERR,ERR,ERR,ERR,ERR,ERR,ERR,ERR,ERR,ERR,ERR,ERR,ERR,ERR,ERR,ERR,ERR,ERR,ERR,ERR,ERR,ERR,ERR,ERR,ERR,ERR,ERR,ERR,ERR,ERR,ERR,ERR,ERR,ERR,ERR,ERR,0.0,0.0,2.6474835549302285e+23,0.0,0.0,1.3936040501711995e+18,7.805,0.0,0,0,4,0,7116,0.0,100,0.0,0.0,0.0,0.0,0.0,0,0,0,0,0.0,0,0,0,0,0,0,0,0,0,0,0,0,0,0,0,0,0,0,0,0,0,0,0,0,0,0,0,0,0,0,0,0,0,31,40,40,71,65476,0,300,0,0,8,21553,0.0,-107605600.0,0.0,0.0,0.0,0.0,0.0,0.0,0.0,0.0,0.0,0.0,0.0,0.0,0.0,0.0,0.0,0.0,0.0,0.0,0.0,0.0,-2.004,2.004,0.0,0.0,0.0,0.0,0.0,0.0,4489.0,1.5879263307997272e+29,6926.0,0.0,0.0,2.7184260577004195e+23,-0.0,0.0,0.0,0.0,0.0,69,-89221.141,-71.629,0.0,0.0,0.0,0.0,0.0,0.0,0.0,0,0,0,0.0,0.0,0.0,0.0,0.0,0.0,0.0,0.0,0.0,0.0,0.0,0.0,0.0,0.0,0.0,0.0,0,-107875648.0,69,0.0,138,0.0,0.0,0,52429,17085,26215,17100,52429,17079,0,0,0,70,68,100,2.7302399002429377e+23,82.0,0.0,78.4,-107615464.0,78.5,1,49,50,180,39322,52429,0,0,0.0,0.0,0.0,0.0,-0.0,67.0,0.0,162057.094,0.0,973,0,1000,0,0,0,949,0,1022,0,919,0,789,0,780,0,821,0,7520,0.032,5.505200184497694e+19,0.0,0.0,784,16797,-0.0,162057.094,-114818.039,-0.0,0.133,6.909358625270745e+28,30.0,70.0,35,0.0,0.0,0.0,0.0,0.0,0.0,0.0,0.0,0.0,0.0,0.0,0.0,0.0,0.0,0.0,0.0,66.8,0,150,71,51,65476,0,300,0,0,8,20529,65476,0,0,44564,70.0,0.0,0.0,0.0,0.0,0.0
2026-09-10T21:38:03,ERR,ERR,ERR,ERR,ERR,ERR,ERR,ERR,ERR,ERR,ERR,ERR,ERR,ERR,ERR,ERR,ERR,ERR,ERR,ERR,ERR,ERR,ERR,ERR,ERR,ERR,ERR,ERR,ERR,ERR,ERR,ERR,ERR,ERR,ERR,ERR,ERR,ERR,ERR,ERR,ERR,ERR,ERR,ERR,ERR,ERR,ERR,ERR,ERR,ERR,ERR,ERR,ERR,ERR,ERR,ERR,ERR,ERR,ERR,ERR,ERR,ERR,ERR,ERR,ERR,ERR,ERR,ERR,ERR,ERR,ERR,ERR,ERR,ERR,ERR,ERR,ERR,ERR,ERR,ERR,ERR,ERR,ERR,ERR,ERR,ERR,ERR,ERR,ERR,ERR,ERR,ERR,ERR,ERR,ERR,ERR,ERR,ERR,ERR,ERR,ERR,ERR,ERR,ERR,ERR,ERR,ERR,ERR,ERR,ERR,ERR,ERR,ERR,ERR,ERR,ERR,ERR,ERR,ERR,ERR,ERR,ERR,ERR,ERR,ERR,0.0,0.0,2.6474835549302285e+23,0.0,0.0,1.3936040501711995e+18,7.805,0.0,0,0,4,0,7116,0.0,100,0.0,0.0,0.0,0.0,0.0,0,0,0,0,0.0,0,0,0,0,0,0,0,0,0,0,0,0,0,0,0,0,0,0,0,0,0,0,0,0,0,0,0,0,0,0,0,0,0,31,40,40,71,65476,0,300,0,0,8,21553,0.0,-107605600.0,0.0,0.0,0.0,0.0,0.0,0.0,0.0,0.0,0.0,0.0,0.0,0.0,0.0,0.0,0.0,0.0,0.0,0.0,0.0,0.0,-2.004,2.004,0.0,0.0,0.0,0.0,0.0,0.0,4489.0,1.5879263307997272e+29,6926.0,0.0,0.0,2.7184260577004195e+23,-0.0,0.0,0.0,0.0,0.0,69,-89221.141,-71.629,0.0,0.0,0.0,0.0,0.0,0.0,0.0,0,0,0,0.0,0.0,0.0,0.0,0.0,0.0,0.0,0.0,0.0,0.0,0.0,0.0,0.0,0.0,0.0,0.0,0,-107875648.0,69,0.0,138,0.0,0.0,0,52429,17085,26215,17100,52429,17079,0,0,0,70,68,100,2.7302399002429377e+23,82.0,0.0,78.4,-107615464.0,78.5,1,49,50,180,39322,52429,0,0,0.0,0.0,0.0,0.0,-0.0,67.0,0.0,162057.094,0.0,973,0,1000,0,0,0,949,0,1022,0,919,0,789,0,780,0,821,0,7520,0.032,5.505200184497694e+19,0.0,0.0,784,16797,-0.0,162057.094,-114818.039,-0.0,0.133,6.909358625270745e+28,30.0,70.0,35,0.0,0.0,0.0,0.0,0.0,0.0,0.0,0.0,0.0,0.0,0.0,0.0,0.0,0.0,0.0,0.0,66.8,0,150,71,51,65476,0,300,0,0,8,20529,65476,0,0,44564,70.0,0.0,0.0,0.0,0.0,0.0
2026-09-10T21:38:04,ERR,ERR,ERR,ERR,ERR,ERR,ERR,ERR,ERR,ERR,ERR,ERR,ERR,ERR,ERR,ERR,ERR,ERR,ERR,ERR,ERR,ERR,ERR,ERR,ERR,ERR,ERR,ERR,ERR,ERR,ERR,ERR,ERR,ERR,ERR,ERR,ERR,ERR,ERR,ERR,ERR,ERR,ERR,ERR,ERR,ERR,ERR,ERR,ERR,ERR,ERR,ERR,ERR,ERR,ERR,ERR,ERR,ERR,ERR,ERR,ERR,ERR,ERR,ERR,ERR,ERR,ERR,ERR,ERR,ERR,ERR,ERR,ERR,ERR,ERR,ERR,ERR,ERR,ERR,ERR,ERR,ERR,ERR,ERR,ERR,ERR,ERR,ERR,ERR,ERR,ERR,ERR,ERR,ERR,ERR,ERR,ERR,ERR,ERR,ERR,ERR,ERR,ERR,ERR,ERR,ERR,ERR,ERR,ERR,ERR,ERR,ERR,ERR,ERR,ERR,ERR,ERR,ERR,ERR,ERR,ERR,ERR,ERR,ERR,ERR,0.0,0.0,2.6474835549302285e+23,0.0,0.0,1.3936040501711995e+18,7.805,0.0,0,0,4,0,7116,0.0,100,0.0,0.0,0.0,0.0,0.0,0,0,0,0,0.0,0,0,0,0,0,0,0,0,0,0,0,0,0,0,0,0,0,0,0,0,0,0,0,0,0,0,0,0,0,0,0,0,0,31,40,40,71,65476,0,300,0,0,8,21553,0.0,-107605600.0,0.0,0.0,0.0,0.0,0.0,0.0,0.0,0.0,0.0,0.0,0.0,0.0,0.0,0.0,0.0,0.0,0.0,0.0,0.0,0.0,-2.004,2.004,2.004,0.0,0.0,0.0,0.0,0.0,4496.0,-0.0,6933.0,0.0,0.0,2.7184260577004195e+23,-0.0,0.0,0.0,0.0,0.0,69,-2.718430741444032e+23,0.0,0.0,0.0,0.0,0.0,0.0,0.0,0.0,0,0,0,0.0,0.0,0.0,0.0,0.0,0.0,0.0,0.0,0.0,0.0,0.0,0.0,0.0,0.0,0.0,0.0,0,-107875648.0,69,0.0,138,0.0,0.0,0,52429,17085,26215,17100,52429,17079,0,0,0,70,68,100,2.7302399002429377e+23,82.0,0.0,78.4,-107615464.0,78.5,1,49,50,180,39322,52429,0,0,0.0,0.0,0.0,0.0,-0.0,67.0,0.0,162057.094,0.0,973,0,1000,0,0,0,949,0,1022,0,919,0,789,0,780,0,821,0,7520,0.032,5.505200184497694e+19,0.0,0.0,784,16797,-0.0,162057.094,-114818.039,-0.0,0.133,6.909358625270745e+28,30.0,70.0,35,0.0,0.0,0.0,0.0,0.0,0.0,0.0,0.0,0.0,0.0,0.0,0.0,0.0,0.0,0.0,0.0,66.8,0,150,71,51,65476,0,300,0,0,8,20529,65476,0,0,44564,70.0,0.0,0.0,0.0,0.0,0.0
2026-09-10T21:38:05,ERR,ERR,ERR,ERR,ERR,ERR,ERR,ERR,ERR,ERR,ERR,ERR,ERR,ERR,ERR,ERR,ERR,ERR,ERR,ERR,ERR,ERR,ERR,ERR,ERR,ERR,ERR,ERR,ERR,ERR,ERR,ERR,ERR,ERR,ERR,ERR,ERR,ERR,ERR,ERR,ERR,ERR,ERR,ERR,ERR,ERR,ERR,ERR,ERR,ERR,ERR,ERR,ERR,ERR,ERR,ERR,ERR,ERR,ERR,ERR,ERR,ERR,ERR,ERR,ERR,ERR,ERR,ERR,ERR,ERR,ERR,ERR,ERR,ERR,ERR,ERR,ERR,ERR,ERR,ERR,ERR,ERR,ERR,ERR,ERR,ERR,ERR,ERR,ERR,ERR,ERR,ERR,ERR,ERR,ERR,ERR,ERR,ERR,ERR,ERR,ERR,ERR,ERR,ERR,ERR,ERR,ERR,ERR,ERR,ERR,ERR,ERR,ERR,ERR,ERR,ERR,ERR,ERR,ERR,ERR,ERR,ERR,ERR,ERR,ERR,0.0,0.0,2.6474835549302285e+23,0.0,0.0,1.3936040501711995e+18,7.805,0.0,0,0,4,0,7116,0.0,100,0.0,0.0,0.0,0.0,0.0,0,0,0,0,0.0,0,0,0,0,0,0,0,0,0,0,0,0,0,0,0,0,0,0,0,0,0,0,0,0,0,0,0,0,0,0,0,0,0,31,40,40,71,65476,0,300,0,0,8,21553,0.0,-107605600.0,0.0,0.0,0.0,0.0,0.0,0.0,0.0,0.0,0.0,0.0,0.0,0.0,0.0,0.0,0.0,0.0,0.0,0.0,0.0,0.0,-2.004,2.004,2.004,0.0,0.0,0.0,0.0,0.0,4496.0,-0.0,6933.0,0.0,0.0,2.7184260577004195e+23,-0.0,0.0,0.0,0.0,0.0,69,-2.718430741444032e+23,0.0,0.0,0.0,0.0,0.0,0.0,0.0,0.0,0,0,0,0.0,0.0,0.0,0.0,0.0,0.0,0.0,0.0,0.0,0.0,0.0,0.0,0.0,0.0,0.0,0.0,0,-107875648.0,69,0.0,138,0.0,0.0,0,52429,17085,26215,17100,52429,17079,0,0,0,70,68,100,2.7302399002429377e+23,82.0,0.0,78.4,-107615464.0,78.5,1,49,50,180,39322,52429,0,0,0.0,0.0,0.0,0.0,-0.0,67.0,0.0,162057.094,0.0,973,0,1000,0,0,0,949,0,1022,0,919,0,789,0,780,0,821,0,7520,0.032,5.505200184497694e+19,0.0,0.0,784,16797,-0.0,162057.094,-114818.039,-0.0,0.133,6.909358625270745e+28,30.0,70.0,35,0.0,0.0,0.0,0.0,0.0,0.0,0.0,0.0,0.0,0.0,0.0,0.0,0.0,0.0,0.0,0.0,66.8,0,150,71,51,65476,0,300,0,0,8,20529,65476,0,0,44564,70.0,0.0,0.0,0.0,0.0,0.0
2026-09-10T21:38:06,ERR,ERR,ERR,ERR,ERR,ERR,ERR,ERR,ERR,ERR,ERR,ERR,ERR,ERR,ERR,ERR,ERR,ERR,ERR,ERR,ERR,ERR,ERR,ERR,ERR,ERR,ERR,ERR,ERR,ERR,ERR,ERR,ERR,ERR,ERR,ERR,ERR,ERR,ERR,ERR,ERR,ERR,ERR,ERR,ERR,ERR,ERR,ERR,ERR,ERR,ERR,ERR,ERR,ERR,ERR,ERR,ERR,ERR,ERR,ERR,ERR,ERR,ERR,ERR,ERR,ERR,ERR,ERR,ERR,ERR,ERR,ERR,ERR,ERR,ERR,ERR,ERR,ERR,ERR,ERR,ERR,ERR,ERR,ERR,ERR,ERR,ERR,ERR,ERR,ERR,ERR,ERR,ERR,ERR,ERR,ERR,ERR,ERR,ERR,ERR,ERR,ERR,ERR,ERR,ERR,ERR,ERR,ERR,ERR,ERR,ERR,ERR,ERR,ERR,ERR,ERR,ERR,ERR,ERR,ERR,ERR,ERR,ERR,ERR,ERR,0.0,0.0,2.6474835549302285e+23,0.0,0.0,1.3936040501711995e+18,7.805,0.0,0,0,4,0,7116,0.0,100,0.0,0.0,0.0,0.0,0.0,0,0,0,0,0.0,0,0,0,0,0,0,0,0,0,0,0,0,0,0,0,0,0,0,0,0,0,0,0,0,0,0,0,0,0,0,0,0,0,31,40,40,71,65476,0,300,0,0,8,21553,0.0,-107605600.0,0.0,0.0,0.0,0.0,0.0,0.0,0.0,0.0,0.0,0.0,0.0,0.0,0.0,0.0,0.0,0.0,0.0,0.0,0.0,0.0,-2.004,2.004,2.004,0.0,0.0,0.0,0.0,0.0,4496.0,-0.0,6933.0,0.0,0.0,2.7184260577004195e+23,-0.0,0.0,0.0,0.0,0.0,69,-2.718430741444032e+23,0.0,0.0,0.0,0.0,0.0,0.0,0.0,0.0,0,0,0,0.0,0.0,0.0,0.0,0.0,0.0,0.0,0.0,0.0,0.0,0.0,0.0,0.0,0.0,0.0,0.0,0,-107875648.0,69,0.0,138,0.0,0.0,0,52429,17085,26215,17100,52429,17079,0,0,0,70,68,100,2.7302399002429377e+23,82.0,0.0,78.4,-107615464.0,78.5,1,49,50,180,39322,52429,0,0,0.0,0.0,0.0,0.0,-0.0,67.0,0.0,162057.094,0.0,973,0,1000,0,0,0,949,0,1022,0,919,0,789,0,780,0,821,0,7520,0.032,5.505200184497694e+19,0.0,0.0,784,16797,-0.0,162057.094,-114818.039,-0.0,0.133,6.909358625270745e+28,30.0,70.0,35,0.0,0.0,0.0,0.0,0.0,0.0,0.0,0.0,0.0,0.0,0.0,0.0,0.0,0.0,0.0,0.0,66.8,0,150,71,51,65476,0,300,0,0,8,20529,65476,0,0,44564,70.0,0.0,0.0,0.0,0.0,0.0
2026-09-10T21:38:07,ERR,ERR,ERR,ERR,ERR,ERR,ERR,ERR,ERR,ERR,ERR,ERR,ERR,ERR,ERR,ERR,ERR,ERR,ERR,ERR,ERR,ERR,ERR,ERR,ERR,ERR,ERR,ERR,ERR,ERR,ERR,ERR,ERR,ERR,ERR,ERR,ERR,ERR,ERR,ERR,ERR,ERR,ERR,ERR,ERR,ERR,ERR,ERR,ERR,ERR,ERR,ERR,ERR,ERR,ERR,ERR,ERR,ERR,ERR,ERR,ERR,ERR,ERR,ERR,ERR,ERR,ERR,ERR,ERR,ERR,ERR,ERR,ERR,ERR,ERR,ERR,ERR,ERR,ERR,ERR,ERR,ERR,ERR,ERR,ERR,ERR,ERR,ERR,ERR,ERR,ERR,ERR,ERR,ERR,ERR,ERR,ERR,ERR,ERR,ERR,ERR,ERR,ERR,ERR,ERR,ERR,ERR,ERR,ERR,ERR,ERR,ERR,ERR,ERR,ERR,ERR,ERR,ERR,ERR,ERR,ERR,ERR,ERR,ERR,ERR,0.0,0.0,2.6474835549302285e+23,0.0,0.0,1.3936040501711995e+18,7.805,0.0,0,0,4,0,7116,0.0,100,0.0,0.0,0.0,0.0,0.0,0,0,0,0,0.0,0,0,0,0,0,0,0,0,0,0,0,0,0,0,0,0,0,0,0,0,0,0,0,0,0,0,0,0,0,0,0,0,0,31,40,40,71,65476,0,300,0,0,8,21553,0.0,-107605600.0,0.0,0.0,0.0,0.0,0.0,0.0,0.0,0.0,0.0,0.0,0.0,0.0,0.0,0.0,0.0,0.0,0.0,0.0,0.0,0.0,-2.004,2.004,2.004,0.0,0.0,0.0,0.0,0.0,4496.0,-0.0,6933.0,0.0,0.0,2.7184260577004195e+23,-0.0,0.0,0.0,0.0,0.0,69,-2.718430741444032e+23,0.0,0.0,0.0,0.0,0.0,0.0,0.0,0.0,0,0,0,0.0,0.0,0.0,0.0,0.0,0.0,0.0,0.0,0.0,0.0,0.0,0.0,0.0,0.0,0.0,0.0,0,-107875648.0,69,0.0,138,0.0,0.0,0,52429,17085,26215,17100,52429,17079,0,0,0,70,68,100,2.7302399002429377e+23,82.0,0.0,78.4,-107615464.0,78.5,1,49,50,180,39322,52429,0,0,0.0,0.0,0.0,0.0,-0.0,67.0,0.0,162057.094,0.0,973,0,1000,0,0,0,949,0,1022,0,919,0,789,0,780,0,821,0,7520,0.032,5.505200184497694e+19,0.0,0.0,784,16797,-0.0,162057.094,-114818.039,-0.0,0.133,6.909358625270745e+28,30.0,70.0,35,0.0,0.0,0.0,0.0,0.0,0.0,0.0,0.0,0.0,0.0,0.0,0.0,0.0,0.0,0.0,0.0,66.4,0,150,71,51,65476,0,300,0,0,8,20529,65476,0,0,44564,70.0,0.0,0.0,0.0,0.0,0.0
2026-09-10T21:38:08,ERR,ERR,ERR,ERR,ERR,ERR,ERR,ERR,ERR,ERR,ERR,ERR,ERR,ERR,ERR,ERR,ERR,ERR,ERR,ERR,ERR,ERR,ERR,ERR,ERR,ERR,ERR,ERR,ERR,ERR,ERR,ERR,ERR,ERR,ERR,ERR,ERR,ERR,ERR,ERR,ERR,ERR,ERR,ERR,ERR,ERR,ERR,ERR,ERR,ERR,ERR,ERR,ERR,ERR,ERR,ERR,ERR,ERR,ERR,ERR,ERR,ERR,ERR,ERR,ERR,ERR,ERR,ERR,ERR,ERR,ERR,ERR,ERR,ERR,ERR,ERR,ERR,ERR,ERR,ERR,ERR,ERR,ERR,ERR,ERR,ERR,ERR,ERR,ERR,ERR,ERR,ERR,ERR,ERR,ERR,ERR,ERR,ERR,ERR,ERR,ERR,ERR,ERR,ERR,ERR,ERR,ERR,ERR,ERR,ERR,ERR,ERR,ERR,ERR,ERR,ERR,ERR,ERR,ERR,ERR,ERR,ERR,ERR,ERR,ERR,0.0,0.0,2.6474835549302285e+23,0.0,0.0,1.3936040501711995e+18,7.805,0.0,0,0,4,0,7116,0.0,100,0.0,0.0,0.0,0.0,0.0,0,0,0,0,0.0,0,0,0,0,0,0,0,0,0,0,0,0,0,0,0,0,0,0,0,0,0,0,0,0,0,0,0,0,0,0,0,0,0,31,40,40,71,65476,0,300,0,0,8,21553,0.0,-107605600.0,0.0,0.0,0.0,0.0,0.0,0.0,0.0,0.0,0.0,0.0,0.0,0.0,0.0,0.0,0.0,0.0,0.0,0.0,0.0,0.0,-2.004,2.004,2.004,0.0,0.0,0.0,0.0,0.0,4496.0,-0.0,6933.0,0.0,0.0,2.7184260577004195e+23,-0.0,0.0,0.0,0.0,0.0,69,-2.718430741444032e+23,0.0,0.0,0.0,0.0,0.0,0.0,0.0,0.0,0,0,0,0.0,0.0,0.0,0.0,0.0,0.0,0.0,0.0,0.0,0.0,0.0,0.0,0.0,0.0,0.0,0.0,0,-107875648.0,69,0.0,138,0.0,0.0,0,52429,17085,26215,17100,52429,17079,0,0,0,70,68,100,2.7302399002429377e+23,82.0,0.0,78.4,-107615464.0,78.5,1,49,50,180,39322,0,0,0,0.0,0.0,0.0,0.0,-0.0,67.0,0.0,162057.094,0.0,973,0,1000,0,0,0,949,0,1022,0,919,0,789,0,780,0,822,0,7520,0.032,5.505200184497694e+19,0.0,0.0,784,16797,-0.0,162057.094,-114818.039,-0.0,0.133,6.909358625270745e+28,30.0,70.0,35,0.0,0.0,0.0,0.0,0.0,0.0,0.0,0.0,0.0,0.0,0.0,0.0,0.0,0.0,0.0,0.0,66.4,0,150,71,51,65476,0,300,0,0,8,20529,65476,0,0,44564,70.0,0.0,0.0,0.0,0.0,0.0
2026-09-10T21:38:09,ERR,ERR,ERR,ERR,ERR,ERR,ERR,ERR,ERR,ERR,ERR,ERR,ERR,ERR,ERR,ERR,ERR,ERR,ERR,ERR,ERR,ERR,ERR,ERR,ERR,ERR,ERR,ERR,ERR,ERR,ERR,ERR,ERR,ERR,ERR,ERR,ERR,ERR,ERR,ERR,ERR,ERR,ERR,ERR,ERR,ERR,ERR,ERR,ERR,ERR,ERR,ERR,ERR,ERR,ERR,ERR,ERR,ERR,ERR,ERR,ERR,ERR,ERR,ERR,ERR,ERR,ERR,ERR,ERR,ERR,ERR,ERR,ERR,ERR,ERR,ERR,ERR,ERR,ERR,ERR,ERR,ERR,ERR,ERR,ERR,ERR,ERR,ERR,ERR,ERR,ERR,ERR,ERR,ERR,ERR,ERR,ERR,ERR,ERR,ERR,ERR,ERR,ERR,ERR,ERR,ERR,ERR,ERR,ERR,ERR,ERR,ERR,ERR,ERR,ERR,ERR,ERR,ERR,ERR,ERR,ERR,ERR,ERR,ERR,ERR,0.0,0.0,2.6474835549302285e+23,0.0,0.0,1.3936040501711995e+18,7.805,0.0,0,0,4,0,7116,0.0,100,0.0,0.0,0.0,0.0,0.0,0,0,0,0,0.0,0,0,0,0,0,0,0,0,0,0,0,0,0,0,0,0,0,0,0,0,0,0,0,0,0,0,0,0,0,0,0,0,0,31,40,40,71,65476,0,300,0,0,8,21553,0.0,-107605600.0,0.0,0.0,0.0,0.0,0.0,0.0,0.0,0.0,0.0,0.0,0.0,0.0,0.0,0.0,0.0,0.0,0.0,0.0,0.0,0.0,-2.004,2.004,2.004,0.0,0.0,0.0,0.0,0.0,4496.0,-0.0,6933.0,0.0,0.0,2.7184260577004195e+23,-0.0,0.0,0.0,0.0,0.0,69,-2.718430741444032e+23,0.0,0.0,0.0,0.0,0.0,0.0,0.0,0.0,0,0,0,0.0,0.0,0.0,0.0,0.0,0.0,0.0,0.0,0.0,0.0,0.0,0.0,0.0,0.0,0.0,0.0,0,-107875648.0,69,0.0,138,0.0,0.0,0,52429,17085,26215,17100,52429,17079,0,0,0,70,68,100,2.7302399002429377e+23,82.0,0.0,78.4,-107615464.0,78.5,1,49,50,180,39322,0,0,0,0.0,0.0,0.0,0.0,-0.0,67.0,0.0,162057.094,0.0,973,0,1000,0,0,0,949,0,1022,0,919,0,789,0,780,0,822,0,7520,0.032,5.505200184497694e+19,0.0,0.0,784,16797,-0.0,162057.094,-114818.039,-0.0,0.133,6.909358625270745e+28,30.0,70.0,35,0.0,0.0,0.0,0.0,0.0,0.0,0.0,0.0,0.0,0.0,0.0,0.0,0.0,0.0,0.0,0.0,66.4,0,150,71,51,65476,0,300,0,0,8,20529,65476,0,0,44564,70.0,0.0,0.0,0.0,0.0,0.0
2026-09-10T21:38:10,ERR,ERR,ERR,ERR,ERR,ERR,ERR,ERR,ERR,ERR,ERR,ERR,ERR,ERR,ERR,ERR,ERR,ERR,ERR,ERR,ERR,ERR,ERR,ERR,ERR,ERR,ERR,ERR,ERR,ERR,ERR,ERR,ERR,ERR,ERR,ERR,ERR,ERR,ERR,ERR,ERR,ERR,ERR,ERR,ERR,ERR,ERR,ERR,ERR,ERR,ERR,ERR,ERR,ERR,ERR,ERR,ERR,ERR,ERR,ERR,ERR,ERR,ERR,ERR,ERR,ERR,ERR,ERR,ERR,ERR,ERR,ERR,ERR,ERR,ERR,ERR,ERR,ERR,ERR,ERR,ERR,ERR,ERR,ERR,ERR,ERR,ERR,ERR,ERR,ERR,ERR,ERR,ERR,ERR,ERR,ERR,ERR,ERR,ERR,ERR,ERR,ERR,ERR,ERR,ERR,ERR,ERR,ERR,ERR,ERR,ERR,ERR,ERR,ERR,ERR,ERR,ERR,ERR,ERR,ERR,ERR,ERR,ERR,ERR,ERR,0.0,0.0,2.6474835549302285e+23,0.0,0.0,1.3936040501711995e+18,7.805,0.0,0,0,4,0,7116,0.0,100,0.0,0.0,0.0,0.0,0.0,0,0,0,0,0.0,0,0,0,0,0,0,0,0,0,0,0,0,0,0,0,0,0,0,0,0,0,0,0,0,0,0,0,0,0,0,0,0,0,31,40,40,71,65476,0,300,0,0,8,21553,0.0,-107605600.0,0.0,0.0,0.0,0.0,0.0,0.0,0.0,0.0,0.0,0.0,0.0,0.0,0.0,0.0,0.0,0.0,0.0,0.0,0.0,0.0,-2.004,2.004,2.004,0.0,0.0,0.0,0.0,0.0,4496.0,-0.0,6933.0,0.0,0.0,2.7184260577004195e+23,-0.0,0.0,0.0,0.0,0.0,69,-2.718430741444032e+23,0.0,0.0,0.0,0.0,0.0,0.0,0.0,0.0,0,0,0,0.0,0.0,0.0,0.0,0.0,0.0,0.0,0.0,0.0,0.0,0.0,0.0,0.0,0.0,0.0,0.0,0,-107875648.0,69,0.0,138,0.0,0.0,0,52429,17085,26215,17100,52429,17079,0,0,0,70,68,100,2.7302399002429377e+23,82.0,0.0,78.4,-107615464.0,78.5,1,49,50,180,39322,0,0,0,0.0,0.0,0.0,0.0,-0.0,67.0,0.0,162057.094,0.0,973,0,1000,0,0,0,949,0,1022,0,919,0,789,0,780,0,822,0,7520,0.032,5.505200184497694e+19,0.0,0.0,784,16797,-0.0,162057.094,-114818.039,-0.0,0.133,6.909358625270745e+28,30.0,70.0,35,0.0,0.0,0.0,0.0,0.0,0.0,0.0,0.0,0.0,0.0,0.0,0.0,0.0,0.0,0.0,0.0,66.8,0,150,71,51,65476,0,300,0,0,8,20529,65476,0,0,44564,70.0,0.0,0.0,0.0,0.0,0.0
2026-09-10T21:38:11,ERR,ERR,ERR,ERR,ERR,ERR,ERR,ERR,ERR,ERR,ERR,ERR,ERR,ERR,ERR,ERR,ERR,ERR,ERR,ERR,ERR,ERR,ERR,ERR,ERR,ERR,ERR,ERR,ERR,ERR,ERR,ERR,ERR,ERR,ERR,ERR,ERR,ERR,ERR,ERR,ERR,ERR,ERR,ERR,ERR,ERR,ERR,ERR,ERR,ERR,ERR,ERR,ERR,ERR,ERR,ERR,ERR,ERR,ERR,ERR,ERR,ERR,ERR,ERR,ERR,ERR,ERR,ERR,ERR,ERR,ERR,ERR,ERR,ERR,ERR,ERR,ERR,ERR,ERR,ERR,ERR,ERR,ERR,ERR,ERR,ERR,ERR,ERR,ERR,ERR,ERR,ERR,ERR,ERR,ERR,ERR,ERR,ERR,ERR,ERR,ERR,ERR,ERR,ERR,ERR,ERR,ERR,ERR,ERR,ERR,ERR,ERR,ERR,ERR,ERR,ERR,ERR,ERR,ERR,ERR,ERR,ERR,ERR,ERR,ERR,0.0,0.0,2.6474835549302285e+23,0.0,0.0,1.3936040501711995e+18,7.805,0.0,0,0,4,0,7116,0.0,100,0.0,0.0,0.0,0.0,0.0,0,0,0,0,0.0,0,0,0,0,0,0,0,0,0,0,0,0,0,0,0,0,0,0,0,0,0,0,0,0,0,0,0,0,0,0,0,0,0,31,40,40,71,65476,0,300,0,0,8,21553,0.0,-107605600.0,0.0,0.0,0.0,0.0,0.0,0.0,0.0,0.0,0.0,0.0,0.0,0.0,0.0,0.0,0.0,0.0,0.0,0.0,0.0,0.0,-2.004,2.004,2.004,0.0,0.0,0.0,0.0,0.0,4496.0,-0.0,6933.0,0.0,0.0,2.7184260577004195e+23,-0.0,0.0,0.0,0.0,0.0,69,-2.718430741444032e+23,0.0,0.0,0.0,0.0,0.0,0.0,0.0,0.0,0,0,0,0.0,0.0,0.0,0.0,0.0,0.0,0.0,0.0,0.0,0.0,0.0,0.0,0.0,0.0,0.0,0.0,0,-107875648.0,69,0.0,138,0.0,0.0,0,52429,17085,26215,17100,52429,17079,0,0,0,70,68,100,2.7302399002429377e+23,82.0,0.0,78.4,-107615464.0,78.5,1,49,50,180,39322,0,0,0,0.0,0.0,0.0,0.0,-0.0,67.0,0.0,162057.094,0.0,973,0,1000,0,0,0,949,0,1022,0,919,0,789,0,780,0,822,0,7520,0.032,5.505200184497694e+19,0.0,0.0,784,16797,-0.0,162057.094,-114818.039,-0.0,0.133,6.909358625270745e+28,30.0,70.0,35,0.0,0.0,0.0,0.0,0.0,0.0,0.0,0.0,0.0,0.0,0.0,0.0,0.0,0.0,0.0,0.0,66.8,0,150,71,51,65476,0,300,0,0,8,20529,65476,0,0,44564,70.0,0.0,0.0,0.0,0.0,0.0
2026-09-10T21:38:12,ERR,ERR,ERR,ERR,ERR,ERR,ERR,ERR,ERR,ERR,ERR,ERR,ERR,ERR,ERR,ERR,ERR,ERR,ERR,ERR,ERR,ERR,ERR,ERR,ERR,ERR,ERR,ERR,ERR,ERR,ERR,ERR,ERR,ERR,ERR,ERR,ERR,ERR,ERR,ERR,ERR,ERR,ERR,ERR,ERR,ERR,ERR,ERR,ERR,ERR,ERR,ERR,ERR,ERR,ERR,ERR,ERR,ERR,ERR,ERR,ERR,ERR,ERR,ERR,ERR,ERR,ERR,ERR,ERR,ERR,ERR,ERR,ERR,ERR,ERR,ERR,ERR,ERR,ERR,ERR,ERR,ERR,ERR,ERR,ERR,ERR,ERR,ERR,ERR,ERR,ERR,ERR,ERR,ERR,ERR,ERR,ERR,ERR,ERR,ERR,ERR,ERR,ERR,ERR,ERR,ERR,ERR,ERR,ERR,ERR,ERR,ERR,ERR,ERR,ERR,ERR,ERR,ERR,ERR,ERR,ERR,ERR,ERR,ERR,ERR,0.0,0.0,0.0,0.0,0.0,1.3936040501711995e+18,7.805,0.0,0,0,4,0,7116,0.0,100,0.0,0.0,0.0,0.0,0.0,0,0,0,0,0.0,0,0,0,0,0,0,0,0,0,0,0,0,0,0,0,0,0,0,0,0,0,0,0,0,0,0,0,0,0,0,0,0,0,31,40,40,71,65476,0,300,0,0,8,21553,0.0,-107605600.0,0.0,0.0,0.0,0.0,0.0,0.0,0.0,0.0,0.0,0.0,0.0,0.0,0.0,0.0,0.0,0.0,0.0,0.0,0.0,0.0,-2.004,2.004,2.004,0.0,0.0,0.0,0.0,0.0,4487.0,-0.0,6934.0,0.0,0.0,2.7184260577004195e+23,2.718429120148166e+23,0.0,0.0,0.0,0.0,69,-0.0,0.0,0.0,0.0,0.0,0.0,0.0,0.0,0.0,0,0,0,0.0,0.0,0.0,0.0,0.0,0.0,0.0,0.0,0.0,0.0,0.0,0.0,0.0,0.0,0.0,0.0,0,-107875648.0,69,0.0,138,0.0,0.0,0,52429,17085,26215,17100,52429,17079,0,0,0,70,68,100,2.7302399002429377e+23,82.0,0.0,78.4,-107615464.0,78.5,1,49,50,180,39322,0,0,0,0.0,0.0,0.0,0.0,-0.0,67.0,0.0,162057.094,0.0,973,0,1000,0,0,0,949,0,1022,0,919,0,789,0,780,0,822,0,7520,0.032,5.505200184497694e+19,0.0,0.0,784,16797,-0.0,162057.094,-114818.039,-0.0,0.133,6.909358625270745e+28,30.0,70.0,35,0.0,0.0,0.0,0.0,0.0,0.0,0.0,0.0,0.0,0.0,0.0,0.0,0.0,0.0,0.0,0.0,66.8,0,150,71,51,65476,0,300,0,0,8,20529,65476,0,0,44564,70.0,0.0,0.0,0.0,0.0,0.0
2026-09-10T21:38:13,ERR,ERR,ERR,ERR,ERR,ERR,ERR,ERR,ERR,ERR,ERR,ERR,ERR,ERR,ERR,ERR,ERR,ERR,ERR,ERR,ERR,ERR,ERR,ERR,ERR,ERR,ERR,ERR,ERR,ERR,ERR,ERR,ERR,ERR,ERR,ERR,ERR,ERR,ERR,ERR,ERR,ERR,ERR,ERR,ERR,ERR,ERR,ERR,ERR,ERR,ERR,ERR,ERR,ERR,ERR,ERR,ERR,ERR,ERR,ERR,ERR,ERR,ERR,ERR,ERR,ERR,ERR,ERR,ERR,ERR,ERR,ERR,ERR,ERR,ERR,ERR,ERR,ERR,ERR,ERR,ERR,ERR,ERR,ERR,ERR,ERR,ERR,ERR,ERR,ERR,ERR,ERR,ERR,ERR,ERR,ERR,ERR,ERR,ERR,ERR,ERR,ERR,ERR,ERR,ERR,ERR,ERR,ERR,ERR,ERR,ERR,ERR,ERR,ERR,ERR,ERR,ERR,ERR,ERR,ERR,ERR,ERR,ERR,ERR,ERR,0.0,0.0,0.0,0.0,0.0,1.3936040501711995e+18,7.805,0.0,0,0,4,0,7116,0.0,100,0.0,0.0,0.0,0.0,0.0,0,0,0,0,0.0,0,0,0,0,0,0,0,0,0,0,0,0,0,0,0,0,0,0,0,0,0,0,0,0,0,0,0,0,0,0,0,0,0,31,40,40,71,65476,0,300,0,0,8,21553,0.0,-107605600.0,0.0,0.0,0.0,0.0,0.0,0.0,0.0,0.0,0.0,0.0,0.0,0.0,0.0,0.0,0.0,0.0,0.0,0.0,0.0,0.0,-2.004,2.004,2.004,0.0,0.0,0.0,0.0,0.0,4487.0,-0.0,6934.0,0.0,0.0,2.7184260577004195e+23,2.718429120148166e+23,0.0,0.0,0.0,0.0,69,-0.0,0.0,0.0,0.0,0.0,0.0,0.0,0.0,0.0,0,0,0,0.0,0.0,0.0,0.0,0.0,0.0,0.0,0.0,0.0,0.0,0.0,0.0,0.0,0.0,0.0,0.0,0,-107875648.0,69,0.0,138,0.0,0.0,0,52429,17085,26215,17100,52429,17079,0,0,0,70,68,100,2.7302399002429377e+23,82.0,0.0,78.4,-107615464.0,78.5,1,49,50,180,39322,0,0,0,0.0,0.0,0.0,0.0,-0.0,67.0,0.0,162057.094,0.0,973,0,1000,0,0,0,949,0,1022,0,919,0,789,0,780,0,822,0,7520,0.032,5.505200184497694e+19,0.0,0.0,784,16797,-0.0,162057.094,-114818.039,-0.0,0.133,6.909358625270745e+28,30.0,70.0,35,0.0,0.0,0.0,0.0,0.0,0.0,0.0,0.0,0.0,0.0,0.0,0.0,0.0,0.0,0.0,0.0,66.4,0,150,71,51,65476,0,300,0,0,8,20529,65476,0,0,44564,70.0,0.0,0.0,0.0,0.0,0.0
2026-09-10T21:38:14,ERR,ERR,ERR,ERR,ERR,ERR,ERR,ERR,ERR,ERR,ERR,ERR,ERR,ERR,ERR,ERR,ERR,ERR,ERR,ERR,ERR,ERR,ERR,ERR,ERR,ERR,ERR,ERR,ERR,ERR,ERR,ERR,ERR,ERR,ERR,ERR,ERR,ERR,ERR,ERR,ERR,ERR,ERR,ERR,ERR,ERR,ERR,ERR,ERR,ERR,ERR,ERR,ERR,ERR,ERR,ERR,ERR,ERR,ERR,ERR,ERR,ERR,ERR,ERR,ERR,ERR,ERR,ERR,ERR,ERR,ERR,ERR,ERR,ERR,ERR,ERR,ERR,ERR,ERR,ERR,ERR,ERR,ERR,ERR,ERR,ERR,ERR,ERR,ERR,ERR,ERR,ERR,ERR,ERR,ERR,ERR,ERR,ERR,ERR,ERR,ERR,ERR,ERR,ERR,ERR,ERR,ERR,ERR,ERR,ERR,ERR,ERR,ERR,ERR,ERR,ERR,ERR,ERR,ERR,ERR,ERR,ERR,ERR,ERR,ERR,0.0,0.0,0.0,0.0,0.0,1.3936040501711995e+18,7.805,0.0,0,0,4,0,7116,0.0,100,0.0,0.0,0.0,0.0,0.0,0,0,0,0,0.0,0,0,0,0,0,0,0,0,0,0,0,0,0,0,0,0,0,0,0,0,0,0,0,0,0,0,0,0,0,0,0,0,0,31,40,40,71,65476,0,300,0,0,8,21553,0.0,-107605600.0,0.0,0.0,0.0,0.0,0.0,0.0,0.0,0.0,0.0,0.0,0.0,0.0,0.0,0.0,0.0,0.0,0.0,0.0,0.0,0.0,-2.004,2.004,2.004,0.0,0.0,0.0,0.0,0.0,4487.0,-0.0,6934.0,0.0,0.0,2.7184260577004195e+23,2.718429120148166e+23,0.0,0.0,0.0,0.0,69,-0.0,0.0,0.0,0.0,0.0,0.0,0.0,0.0,0.0,0,0,0,0.0,0.0,0.0,0.0,0.0,0.0,0.0,0.0,0.0,0.0,0.0,0.0,0.0,0.0,0.0,0.0,0,-107875648.0,69,0.0,138,0.0,0.0,0,52429,17085,26215,17100,52429,17079,0,0,0,70,68,100,2.7302399002429377e+23,82.0,0.0,78.4,-107615464.0,78.5,1,49,50,180,39322,52429,0,0,0.0,0.0,0.0,0.0,-0.0,67.0,0.0,162057.094,0.0,973,0,1000,0,0,0,949,0,1021,0,919,0,789,0,780,0,822,0,7520,0.032,5.5340232221128655e+19,0.0,0.0,784,16797,-0.0,162057.094,-114818.039,-0.0,0.133,6.909358625270745e+28,30.0,70.0,35,0.0,0.0,0.0,0.0,0.0,0.0,0.0,0.0,0.0,0.0,0.0,0.0,0.0,0.0,0.0,0.0,66.4,0,150,71,51,65476,0,300,0,0,8,20529,65476,0,0,44564,70.0,0.0,0.0,0.0,0.0,0.0
2026-09-10T21:38:15,ERR,ERR,ERR,ERR,ERR,ERR,ERR,ERR,ERR,ERR,ERR,ERR,ERR,ERR,ERR,ERR,ERR,ERR,ERR,ERR,ERR,ERR,ERR,ERR,ERR,ERR,ERR,ERR,ERR,ERR,ERR,ERR,ERR,ERR,ERR,ERR,ERR,ERR,ERR,ERR,ERR,ERR,ERR,ERR,ERR,ERR,ERR,ERR,ERR,ERR,ERR,ERR,ERR,ERR,ERR,ERR,ERR,ERR,ERR,ERR,ERR,ERR,ERR,ERR,ERR,ERR,ERR,ERR,ERR,ERR,ERR,ERR,ERR,ERR,ERR,ERR,ERR,ERR,ERR,ERR,ERR,ERR,ERR,ERR,ERR,ERR,ERR,ERR,ERR,ERR,ERR,ERR,ERR,ERR,ERR,ERR,ERR,ERR,ERR,ERR,ERR,ERR,ERR,ERR,ERR,ERR,ERR,ERR,ERR,ERR,ERR,ERR,ERR,ERR,ERR,ERR,ERR,ERR,ERR,ERR,ERR,ERR,ERR,ERR,ERR,0.0,0.0,0.0,0.0,0.0,1.3936040501711995e+18,7.805,0.0,0,0,4,0,7116,0.0,100,0.0,0.0,0.0,0.0,0.0,0,0,0,0,0.0,0,0,0,0,0,0,0,0,0,0,0,0,0,0,0,0,0,0,0,0,0,0,0,0,0,0,0,0,0,0,0,0,0,31,40,40,71,65476,0,300,0,0,8,21553,0.0,-107605600.0,0.0,0.0,0.0,0.0,0.0,0.0,0.0,0.0,0.0,0.0,0.0,0.0,0.0,0.0,0.0,0.0,0.0,0.0,0.0,0.0,-2.004,2.004,2.004,0.0,0.0,0.0,0.0,0.0,4487.0,-0.0,6934.0,0.0,0.0,2.7184260577004195e+23,2.718429120148166e+23,0.0,0.0,0.0,0.0,69,-0.0,0.0,0.0,0.0,0.0,0.0,0.0,0.0,0.0,0,0,0,0.0,0.0,0.0,0.0,0.0,0.0,0.0,0.0,0.0,0.0,0.0,0.0,0.0,0.0,0.0,0.0,0,-107875648.0,69,0.0,138,0.0,0.0,0,52429,17085,26215,17100,52429,17079,0,0,0,70,68,100,2.7302399002429377e+23,82.0,0.0,78.4,-107615464.0,78.5,1,49,50,180,39322,52429,0,0,0.0,0.0,0.0,0.0,-0.0,67.0,0.0,162057.094,0.0,973,0,1000,0,0,0,949,0,1021,0,919,0,789,0,780,0,822,0,7520,0.032,5.5340232221128655e+19,0.0,0.0,784,16797,-0.0,162057.094,-114818.039,-0.0,0.133,6.909358625270745e+28,30.0,70.0,35,0.0,0.0,0.0,0.0,0.0,0.0,0.0,0.0,0.0,0.0,0.0,0.0,0.0,0.0,0.0,0.0,66.4,0,150,71,51,65476,0,300,0,0,8,20529,65476,0,0,44564,70.0,0.0,0.0,0.0,0.0,0.0
2026-09-10T21:38:16,ERR,ERR,ERR,ERR,ERR,ERR,ERR,ERR,ERR,ERR,ERR,ERR,ERR,ERR,ERR,ERR,ERR,ERR,ERR,ERR,ERR,ERR,ERR,ERR,ERR,ERR,ERR,ERR,ERR,ERR,ERR,ERR,ERR,ERR,ERR,ERR,ERR,ERR,ERR,ERR,ERR,ERR,ERR,ERR,ERR,ERR,ERR,ERR,ERR,ERR,ERR,ERR,ERR,ERR,ERR,ERR,ERR,ERR,ERR,ERR,ERR,ERR,ERR,ERR,ERR,ERR,ERR,ERR,ERR,ERR,ERR,ERR,ERR,ERR,ERR,ERR,ERR,ERR,ERR,ERR,ERR,ERR,ERR,ERR,ERR,ERR,ERR,ERR,ERR,ERR,ERR,ERR,ERR,ERR,ERR,ERR,ERR,ERR,ERR,ERR,ERR,ERR,ERR,ERR,ERR,ERR,ERR,ERR,ERR,ERR,ERR,ERR,ERR,ERR,ERR,ERR,ERR,ERR,ERR,ERR,ERR,ERR,ERR,ERR,ERR,0.0,0.0,0.0,0.0,0.0,1.3936040501711995e+18,7.805,0.0,0,0,4,0,7116,0.0,100,0.0,0.0,0.0,0.0,0.0,0,0,0,0,0.0,0,0,0,0,0,0,0,0,0,0,0,0,0,0,0,0,0,0,0,0,0,0,0,0,0,0,0,0,0,0,0,0,0,31,40,40,71,65476,0,300,0,0,8,21553,0.0,-107605600.0,0.0,0.0,0.0,0.0,0.0,0.0,0.0,0.0,0.0,0.0,0.0,0.0,0.0,0.0,0.0,0.0,0.0,0.0,0.0,0.0,-2.004,2.004,2.004,0.0,0.0,0.0,0.0,0.0,4487.0,-0.0,6934.0,0.0,0.0,2.7184260577004195e+23,2.718429120148166e+23,0.0,0.0,0.0,0.0,69,-0.0,0.0,0.0,0.0,0.0,0.0,0.0,0.0,0.0,0,0,0,0.0,0.0,0.0,0.0,0.0,0.0,0.0,0.0,0.0,0.0,0.0,0.0,0.0,0.0,0.0,0.0,0,-107875648.0,69,0.0,138,0.0,0.0,0,52429,17085,26215,17100,52429,17079,0,0,0,70,68,100,2.7302399002429377e+23,82.0,0.0,78.4,-107615464.0,78.5,1,49,50,180,39322,52429,0,0,0.0,0.0,0.0,0.0,-0.0,67.0,0.0,162057.094,0.0,973,0,1000,0,0,0,949,0,1021,0,919,0,789,0,780,0,822,0,7520,0.032,5.5340232221128655e+19,0.0,0.0,784,16797,-0.0,162057.094,-114818.039,-0.0,0.133,6.909358625270745e+28,30.0,70.0,35,0.0,0.0,0.0,0.0,0.0,0.0,0.0,0.0,0.0,0.0,0.0,0.0,0.0,0.0,0.0,0.0,66.4,0,150,71,51,65476,0,300,0,0,8,20529,65476,0,0,44564,70.0,0.0,0.0,0.0,0.0,0.0
2026-09-10T21:38:17,ERR,ERR,ERR,ERR,ERR,ERR,ERR,ERR,ERR,ERR,ERR,ERR,ERR,ERR,ERR,ERR,ERR,ERR,ERR,ERR,ERR,ERR,ERR,ERR,ERR,ERR,ERR,ERR,ERR,ERR,ERR,ERR,ERR,ERR,ERR,ERR,ERR,ERR,ERR,ERR,ERR,ERR,ERR,ERR,ERR,ERR,ERR,ERR,ERR,ERR,ERR,ERR,ERR,ERR,ERR,ERR,ERR,ERR,ERR,ERR,ERR,ERR,ERR,ERR,ERR,ERR,ERR,ERR,ERR,ERR,ERR,ERR,ERR,ERR,ERR,ERR,ERR,ERR,ERR,ERR,ERR,ERR,ERR,ERR,ERR,ERR,ERR,ERR,ERR,ERR,ERR,ERR,ERR,ERR,ERR,ERR,ERR,ERR,ERR,ERR,ERR,ERR,ERR,ERR,ERR,ERR,ERR,ERR,ERR,ERR,ERR,ERR,ERR,ERR,ERR,ERR,ERR,ERR,ERR,ERR,ERR,ERR,ERR,ERR,ERR,0.0,0.0,0.0,0.0,0.0,1.3936040501711995e+18,7.805,0.0,0,0,4,0,7116,0.0,100,0.0,0.0,0.0,0.0,0.0,0,0,0,0,0.0,0,0,0,0,0,0,0,0,0,0,0,0,0,0,0,0,0,0,0,0,0,0,0,0,0,0,0,0,0,0,0,0,0,31,40,40,71,65476,0,300,0,0,8,21553,0.0,-107605600.0,0.0,0.0,0.0,0.0,0.0,0.0,0.0,0.0,0.0,0.0,0.0,0.0,0.0,0.0,0.0,0.0,0.0,0.0,0.0,0.0,-2.004,2.004,2.004,0.0,0.0,0.0,0.0,0.0,4487.0,-0.0,6934.0,0.0,0.0,2.7184260577004195e+23,2.718429120148166e+23,0.0,0.0,0.0,0.0,69,-0.0,0.0,0.0,0.0,0.0,0.0,0.0,0.0,0.0,0,0,0,0.0,0.0,0.0,0.0,0.0,0.0,0.0,0.0,0.0,0.0,0.0,0.0,0.0,0.0,0.0,0.0,0,-107875648.0,69,0.0,138,0.0,0.0,0,52429,17085,26215,17100,52429,17079,0,0,0,70,68,100,2.7302399002429377e+23,82.0,0.0,78.4,-107615464.0,78.5,1,49,50,180,39322,52429,0,0,0.0,0.0,0.0,0.0,-0.0,67.0,0.0,162057.094,0.0,973,0,1000,0,0,0,949,0,1021,0,919,0,789,0,780,0,822,0,7520,0.032,5.5340232221128655e+19,0.0,0.0,784,16797,-0.0,162057.094,-114818.039,-0.0,0.133,6.909358625270745e+28,30.0,70.0,35,0.0,0.0,0.0,0.0,0.0,0.0,0.0,0.0,0.0,0.0,0.0,0.0,0.0,0.0,0.0,0.0,66.4,0,150,71,51,65476,0,300,0,0,8,20529,65476,0,0,44564,70.0,0.0,0.0,0.0,0.0,0.0
2026-09-10T21:38:18,ERR,ERR,ERR,ERR,ERR,ERR,ERR,ERR,ERR,ERR,ERR,ERR,ERR,ERR,ERR,ERR,ERR,ERR,ERR,ERR,ERR,ERR,ERR,ERR,ERR,ERR,ERR,ERR,ERR,ERR,ERR,ERR,ERR,ERR,ERR,ERR,ERR,ERR,ERR,ERR,ERR,ERR,ERR,ERR,ERR,ERR,ERR,ERR,ERR,ERR,ERR,ERR,ERR,ERR,ERR,ERR,ERR,ERR,ERR,ERR,ERR,ERR,ERR,ERR,ERR,ERR,ERR,ERR,ERR,ERR,ERR,ERR,ERR,ERR,ERR,ERR,ERR,ERR,ERR,ERR,ERR,ERR,ERR,ERR,ERR,ERR,ERR,ERR,ERR,ERR,ERR,ERR,ERR,ERR,ERR,ERR,ERR,ERR,ERR,ERR,ERR,ERR,ERR,ERR,ERR,ERR,ERR,ERR,ERR,ERR,ERR,ERR,ERR,ERR,ERR,ERR,ERR,ERR,ERR,ERR,ERR,ERR,ERR,ERR,ERR,0.0,0.0,0.0,0.0,0.0,1.3936040501711995e+18,7.805,0.0,0,0,4,0,7116,0.0,100,0.0,0.0,0.0,0.0,0.0,0,0,0,0,0.0,0,0,0,0,0,0,0,0,0,0,0,0,0,0,0,0,0,0,0,0,0,0,0,0,0,0,0,0,0,0,0,0,0,31,40,40,71,65476,0,300,0,0,8,21553,0.0,-107605600.0,0.0,0.0,0.0,0.0,0.0,0.0,0.0,0.0,0.0,0.0,0.0,0.0,0.0,0.0,0.0,0.0,0.0,0.0,0.0,0.0,-2.004,2.004,2.004,0.0,0.0,0.0,0.0,0.0,4487.0,-0.0,6934.0,0.0,0.0,2.7184260577004195e+23,2.718429120148166e+23,0.0,0.0,0.0,0.0,69,-0.0,0.0,0.0,0.0,0.0,0.0,0.0,0.0,0.0,0,0,0,0.0,0.0,0.0,0.0,0.0,0.0,0.0,0.0,0.0,0.0,0.0,0.0,0.0,0.0,0.0,0.0,0,-107875648.0,69,0.0,138,0.0,0.0,0,52429,17085,26215,17100,52429,17079,0,0,0,70,68,100,2.7302399002429377e+23,82.0,0.0,78.4,-107615464.0,78.5,1,49,50,180,39322,52429,0,0,0.0,0.0,0.0,0.0,-0.0,67.0,0.0,162057.094,0.0,973,0,1000,0,0,0,949,0,1021,0,919,0,789,0,780,0,822,0,7520,0.032,5.5340232221128655e+19,0.0,0.0,784,16797,-0.0,162057.094,-114818.039,-0.0,0.133,6.909358625270745e+28,30.0,70.0,35,0.0,0.0,0.0,0.0,0.0,0.0,0.0,0.0,0.0,0.0,0.0,0.0,0.0,0.0,0.0,0.0,66.4,0,150,71,51,65476,0,300,0,0,8,20529,65476,0,0,44564,70.0,0.0,0.0,0.0,0.0,0.0
2026-09-10T21:38:19,ERR,ERR,ERR,ERR,ERR,ERR,ERR,ERR,ERR,ERR,ERR,ERR,ERR,ERR,ERR,ERR,ERR,ERR,ERR,ERR,ERR,ERR,ERR,ERR,ERR,ERR,ERR,ERR,ERR,ERR,ERR,ERR,ERR,ERR,ERR,ERR,ERR,ERR,ERR,ERR,ERR,ERR,ERR,ERR,ERR,ERR,ERR,ERR,ERR,ERR,ERR,ERR,ERR,ERR,ERR,ERR,ERR,ERR,ERR,ERR,ERR,ERR,ERR,ERR,ERR,ERR,ERR,ERR,ERR,ERR,ERR,ERR,ERR,ERR,ERR,ERR,ERR,ERR,ERR,ERR,ERR,ERR,ERR,ERR,ERR,ERR,ERR,ERR,ERR,ERR,ERR,ERR,ERR,ERR,ERR,ERR,ERR,ERR,ERR,ERR,ERR,ERR,ERR,ERR,ERR,ERR,ERR,ERR,ERR,ERR,ERR,ERR,ERR,ERR,ERR,ERR,ERR,ERR,ERR,ERR,ERR,ERR,ERR,ERR,ERR,0.0,0.0,0.0,0.0,0.0,1.3936040501711995e+18,7.805,0.0,0,0,4,0,7116,0.0,100,0.0,0.0,0.0,0.0,0.0,0,0,0,0,0.0,0,0,0,0,0,0,0,0,0,0,0,0,0,0,0,0,0,0,0,0,0,0,0,0,0,0,0,0,0,0,0,0,0,31,40,40,71,65476,0,300,0,0,8,21553,0.0,-107605600.0,0.0,0.0,0.0,0.0,0.0,0.0,0.0,0.0,0.0,0.0,0.0,0.0,0.0,0.0,0.0,0.0,0.0,0.0,0.0,0.0,-2.004,2.004,2.004,0.0,0.0,0.0,0.0,0.0,4487.0,-0.0,6934.0,0.0,0.0,2.7184260577004195e+23,2.718429120148166e+23,0.0,0.0,0.0,0.0,69,-0.0,0.0,0.0,0.0,0.0,0.0,0.0,0.0,0.0,0,0,0,0.0,0.0,0.0,0.0,0.0,0.0,0.0,0.0,0.0,0.0,0.0,0.0,0.0,0.0,0.0,0.0,0,-107875648.0,69,0.0,138,0.0,0.0,0,52429,17085,26215,17100,52429,17079,0,0,0,70,68,100,2.7302399002429377e+23,82.0,0.0,78.4,-107615464.0,78.5,1,49,50,180,39322,52429,0,0,0.0,0.0,0.0,0.0,-0.0,67.0,0.0,162057.094,0.0,973,0,1000,0,0,0,949,0,1021,0,919,0,789,0,780,0,822,0,7520,0.032,5.5340232221128655e+19,0.0,0.0,784,16797,-0.0,162057.094,-114818.039,-0.0,0.133,6.909358625270745e+28,30.0,70.0,35,0.0,0.0,0.0,0.0,0.0,0.0,0.0,0.0,0.0,0.0,0.0,0.0,0.0,0.0,0.0,0.0,66.4,0,150,71,51,65476,0,300,0,0,8,20529,65476,0,0,44564,70.0,0.0,0.0,0.0,0.0,0.0
2026-09-10T21:38:20,ERR,ERR,ERR,ERR,ERR,ERR,ERR,ERR,ERR,ERR,ERR,ERR,ERR,ERR,ERR,ERR,ERR,ERR,ERR,ERR,ERR,ERR,ERR,ERR,ERR,ERR,ERR,ERR,ERR,ERR,ERR,ERR,ERR,ERR,ERR,ERR,ERR,ERR,ERR,ERR,ERR,ERR,ERR,ERR,ERR,ERR,ERR,ERR,ERR,ERR,ERR,ERR,ERR,ERR,ERR,ERR,ERR,ERR,ERR,ERR,ERR,ERR,ERR,ERR,ERR,ERR,ERR,ERR,ERR,ERR,ERR,ERR,ERR,ERR,ERR,ERR,ERR,ERR,ERR,ERR,ERR,ERR,ERR,ERR,ERR,ERR,ERR,ERR,ERR,ERR,ERR,ERR,ERR,ERR,ERR,ERR,ERR,ERR,ERR,ERR,ERR,ERR,ERR,ERR,ERR,ERR,ERR,ERR,ERR,ERR,ERR,ERR,ERR,ERR,ERR,ERR,ERR,ERR,ERR,ERR,ERR,ERR,ERR,ERR,ERR,0.0,0.0,2.6474835549302285e+23,0.0,0.0,1.3936040501711995e+18,7.805,0.0,0,0,4,0,7116,0.0,100,0.0,0.0,0.0,0.0,0.0,0,0,0,0,0.0,0,0,0,0,0,0,0,0,0,0,0,0,0,0,0,0,0,0,0,0,0,0,0,0,0,0,0,0,0,0,0,0,0,31,40,40,71,65476,0,300,0,0,8,21553,0.0,-107605600.0,0.0,0.0,0.0,0.0,0.0,0.0,0.0,0.0,0.0,0.0,0.0,0.0,0.0,0.0,0.0,0.0,0.0,0.0,0.0,0.0,-2.004,2.004,2.004,0.0,0.0,0.0,0.0,0.0,4492.0,-0.0,6934.0,0.0,0.0,2.7184260577004195e+23,2.718429120148166e+23,0.0,0.0,0.0,0.0,69,-126841143296.0,0.0,0.0,0.0,0.0,0.0,0.0,0.0,0.0,0,0,0,0.0,0.0,0.0,0.0,0.0,0.0,0.0,0.0,0.0,0.0,0.0,0.0,0.0,0.0,0.0,0.0,0,-107875648.0,69,0.0,138,0.0,0.0,0,52429,17085,26215,17100,52429,17079,0,0,0,70,68,100,0.0,82.0,0.0,78.4,-107615464.0,78.5,1,49,50,180,39322,0,0,0,0.0,0.0,0.0,0.0,-0.0,67.0,0.0,162057.094,0.0,973,0,1000,0,0,0,949,0,1021,0,919,0,789,0,779,0,822,0,7520,0.032,5.505200184497694e+19,0.0,0.0,784,16797,-0.0,162057.094,-114818.039,-0.0,0.133,6.909358625270745e+28,30.0,70.0,35,0.0,0.0,0.0,0.0,0.0,0.0,0.0,0.0,0.0,0.0,0.0,0.0,0.0,0.0,0.0,0.0,66.4,0,150,71,51,65476,0,300,0,0,8,20529,65476,0,0,44564,70.0,0.0,0.0,0.0,0.0,0.0
2026-09-10T21:38:21,ERR,ERR,ERR,ERR,ERR,ERR,ERR,ERR,ERR,ERR,ERR,ERR,ERR,ERR,ERR,ERR,ERR,ERR,ERR,ERR,ERR,ERR,ERR,ERR,ERR,ERR,ERR,ERR,ERR,ERR,ERR,ERR,ERR,ERR,ERR,ERR,ERR,ERR,ERR,ERR,ERR,ERR,ERR,ERR,ERR,ERR,ERR,ERR,ERR,ERR,ERR,ERR,ERR,ERR,ERR,ERR,ERR,ERR,ERR,ERR,ERR,ERR,ERR,ERR,ERR,ERR,ERR,ERR,ERR,ERR,ERR,ERR,ERR,ERR,ERR,ERR,ERR,ERR,ERR,ERR,ERR,ERR,ERR,ERR,ERR,ERR,ERR,ERR,ERR,ERR,ERR,ERR,ERR,ERR,ERR,ERR,ERR,ERR,ERR,ERR,ERR,ERR,ERR,ERR,ERR,ERR,ERR,ERR,ERR,ERR,ERR,ERR,ERR,ERR,ERR,ERR,ERR,ERR,ERR,ERR,ERR,ERR,ERR,ERR,ERR,0.0,0.0,2.6474835549302285e+23,0.0,0.0,1.3936040501711995e+18,7.805,0.0,0,0,4,0,7116,0.0,100,0.0,0.0,0.0,0.0,0.0,0,0,0,0,0.0,0,0,0,0,0,0,0,0,0,0,0,0,0,0,0,0,0,0,0,0,0,0,0,0,0,0,0,0,0,0,0,0,0,31,40,40,71,65476,0,300,0,0,8,21553,0.0,-107605600.0,0.0,0.0,0.0,0.0,0.0,0.0,0.0,0.0,0.0,0.0,0.0,0.0,0.0,0.0,0.0,0.0,0.0,0.0,0.0,0.0,-2.004,2.004,2.004,0.0,0.0,0.0,0.0,0.0,4492.0,-0.0,6934.0,0.0,0.0,2.7184260577004195e+23,2.718429120148166e+23,0.0,0.0,0.0,0.0,69,-126841143296.0,0.0,0.0,0.0,0.0,0.0,0.0,0.0,0.0,0,0,0,0.0,0.0,0.0,0.0,0.0,0.0,0.0,0.0,0.0,0.0,0.0,0.0,0.0,0.0,0.0,0.0,0,-107875648.0,69,0.0,138,0.0,0.0,0,52429,17085,26215,17100,52429,17079,0,0,0,70,68,100,0.0,82.0,0.0,78.4,-107615464.0,78.5,1,49,50,180,39322,0,0,0,0.0,0.0,0.0,0.0,-0.0,67.0,0.0,162057.094,0.0,973,0,1000,0,0,0,949,0,1021,0,919,0,789,0,779,0,822,0,7520,0.032,5.505200184497694e+19,0.0,0.0,784,16797,-0.0,162057.094,-114818.039,-0.0,0.133,6.909358625270745e+28,30.0,70.0,35,0.0,0.0,0.0,0.0,0.0,0.0,0.0,0.0,0.0,0.0,0.0,0.0,0.0,0.0,0.0,0.0,66.4,0,150,71,51,65476,0,300,0,0,8,20529,65476,0,0,44564,70.0,0.0,0.0,0.0,0.0,0.0
2026-09-10T21:38:22,ERR,ERR,ERR,ERR,ERR,ERR,ERR,ERR,ERR,ERR,ERR,ERR,ERR,ERR,ERR,ERR,ERR,ERR,ERR,ERR,ERR,ERR,ERR,ERR,ERR,ERR,ERR,ERR,ERR,ERR,ERR,ERR,ERR,ERR,ERR,ERR,ERR,ERR,ERR,ERR,ERR,ERR,ERR,ERR,ERR,ERR,ERR,ERR,ERR,ERR,ERR,ERR,ERR,ERR,ERR,ERR,ERR,ERR,ERR,ERR,ERR,ERR,ERR,ERR,ERR,ERR,ERR,ERR,ERR,ERR,ERR,ERR,ERR,ERR,ERR,ERR,ERR,ERR,ERR,ERR,ERR,ERR,ERR,ERR,ERR,ERR,ERR,ERR,ERR,ERR,ERR,ERR,ERR,ERR,ERR,ERR,ERR,ERR,ERR,ERR,ERR,ERR,ERR,ERR,ERR,ERR,ERR,ERR,ERR,ERR,ERR,ERR,ERR,ERR,ERR,ERR,ERR,ERR,ERR,ERR,ERR,ERR,ERR,ERR,ERR,0.0,0.0,2.6474835549302285e+23,0.0,0.0,1.3936040501711995e+18,7.805,0.0,0,0,4,0,7116,0.0,100,0.0,0.0,0.0,0.0,0.0,0,0,0,0,0.0,0,0,0,0,0,0,0,0,0,0,0,0,0,0,0,0,0,0,0,0,0,0,0,0,0,0,0,0,0,0,0,0,0,31,40,40,71,65476,0,300,0,0,8,21553,0.0,-107605600.0,0.0,0.0,0.0,0.0,0.0,0.0,0.0,0.0,0.0,0.0,0.0,0.0,0.0,0.0,0.0,0.0,0.0,0.0,0.0,0.0,-2.004,2.004,2.004,0.0,0.0,0.0,0.0,0.0,4492.0,-0.0,6934.0,0.0,0.0,2.7184260577004195e+23,2.718429120148166e+23,0.0,0.0,0.0,0.0,69,-126841143296.0,0.0,0.0,0.0,0.0,0.0,0.0,0.0,0.0,0,0,0,0.0,0.0,0.0,0.0,0.0,0.0,0.0,0.0,0.0,0.0,0.0,0.0,0.0,0.0,0.0,0.0,0,-107875648.0,69,0.0,138,0.0,0.0,0,52429,17085,26215,17100,52429,17079,0,0,0,70,68,100,0.0,82.0,0.0,78.4,-107615464.0,78.5,1,49,50,180,39322,0,0,0,0.0,0.0,0.0,0.0,-0.0,67.0,0.0,162057.094,0.0,973,0,1000,0,0,0,949,0,1021,0,919,0,789,0,779,0,822,0,7520,0.032,5.505200184497694e+19,0.0,0.0,784,16797,-0.0,162057.094,-114818.039,-0.0,0.133,6.909358625270745e+28,30.0,70.0,35,0.0,0.0,0.0,0.0,0.0,0.0,0.0,0.0,0.0,0.0,0.0,0.0,0.0,0.0,0.0,0.0,66.4,0,150,71,51,65476,0,300,0,0,8,20529,65476,0,0,44564,70.0,0.0,0.0,0.0,0.0,0.0
2026-09-10T21:38:23,ERR,ERR,ERR,ERR,ERR,ERR,ERR,ERR,ERR,ERR,ERR,ERR,ERR,ERR,ERR,ERR,ERR,ERR,ERR,ERR,ERR,ERR,ERR,ERR,ERR,ERR,ERR,ERR,ERR,ERR,ERR,ERR,ERR,ERR,ERR,ERR,ERR,ERR,ERR,ERR,ERR,ERR,ERR,ERR,ERR,ERR,ERR,ERR,ERR,ERR,ERR,ERR,ERR,ERR,ERR,ERR,ERR,ERR,ERR,ERR,ERR,ERR,ERR,ERR,ERR,ERR,ERR,ERR,ERR,ERR,ERR,ERR,ERR,ERR,ERR,ERR,ERR,ERR,ERR,ERR,ERR,ERR,ERR,ERR,ERR,ERR,ERR,ERR,ERR,ERR,ERR,ERR,ERR,ERR,ERR,ERR,ERR,ERR,ERR,ERR,ERR,ERR,ERR,ERR,ERR,ERR,ERR,ERR,ERR,ERR,ERR,ERR,ERR,ERR,ERR,ERR,ERR,ERR,ERR,ERR,ERR,ERR,ERR,ERR,ERR,0.0,0.0,2.6474835549302285e+23,0.0,0.0,1.3936040501711995e+18,7.805,0.0,0,0,4,0,7116,0.0,100,0.0,0.0,0.0,0.0,0.0,0,0,0,0,0.0,0,0,0,0,0,0,0,0,0,0,0,0,0,0,0,0,0,0,0,0,0,0,0,0,0,0,0,0,0,0,0,0,0,31,40,40,71,65476,0,300,0,0,8,21553,0.0,-107605600.0,0.0,0.0,0.0,0.0,0.0,0.0,0.0,0.0,0.0,0.0,0.0,0.0,0.0,0.0,0.0,0.0,0.0,0.0,0.0,0.0,-2.004,2.004,2.004,0.0,0.0,0.0,0.0,0.0,4492.0,-0.0,6934.0,0.0,0.0,2.7184260577004195e+23,2.718429120148166e+23,0.0,0.0,0.0,0.0,69,-126841143296.0,0.0,0.0,0.0,0.0,0.0,0.0,0.0,0.0,0,0,0,0.0,0.0,0.0,0.0,0.0,0.0,0.0,0.0,0.0,0.0,0.0,0.0,0.0,0.0,0.0,0.0,0,-107875648.0,69,0.0,138,0.0,0.0,0,52429,17085,26215,17100,52429,17079,0,0,0,70,68,100,0.0,82.0,0.0,78.4,-107615464.0,78.5,1,49,50,180,39322,0,0,0,0.0,0.0,0.0,0.0,-0.0,67.0,0.0,162057.094,0.0,973,0,1000,0,0,0,949,0,1021,0,919,0,789,0,779,0,822,0,7520,0.032,5.505200184497694e+19,0.0,0.0,784,16797,-0.0,162057.094,-114818.039,-0.0,0.133,6.909358625270745e+28,30.0,70.0,35,0.0,0.0,0.0,0.0,0.0,0.0,0.0,0.0,0.0,0.0,0.0,0.0,0.0,0.0,0.0,0.0,66.4,0,150,71,51,65476,0,300,0,0,8,20529,65476,0,0,44564,70.0,0.0,0.0,0.0,0.0,0.0
2026-09-10T21:38:24,ERR,ERR,ERR,ERR,ERR,ERR,ERR,ERR,ERR,ERR,ERR,ERR,ERR,ERR,ERR,ERR,ERR,ERR,ERR,ERR,ERR,ERR,ERR,ERR,ERR,ERR,ERR,ERR,ERR,ERR,ERR,ERR,ERR,ERR,ERR,ERR,ERR,ERR,ERR,ERR,ERR,ERR,ERR,ERR,ERR,ERR,ERR,ERR,ERR,ERR,ERR,ERR,ERR,ERR,ERR,ERR,ERR,ERR,ERR,ERR,ERR,ERR,ERR,ERR,ERR,ERR,ERR,ERR,ERR,ERR,ERR,ERR,ERR,ERR,ERR,ERR,ERR,ERR,ERR,ERR,ERR,ERR,ERR,ERR,ERR,ERR,ERR,ERR,ERR,ERR,ERR,ERR,ERR,ERR,ERR,ERR,ERR,ERR,ERR,ERR,ERR,ERR,ERR,ERR,ERR,ERR,ERR,ERR,ERR,ERR,ERR,ERR,ERR,ERR,ERR,ERR,ERR,ERR,ERR,ERR,ERR,ERR,ERR,ERR,ERR,0.0,0.0,2.6474835549302285e+23,0.0,0.0,1.3936040501711995e+18,7.805,0.0,0,0,4,0,7116,0.0,100,0.0,0.0,0.0,0.0,0.0,0,0,0,0,0.0,0,0,0,0,0,0,0,0,0,0,0,0,0,0,0,0,0,0,0,0,0,0,0,0,0,0,0,0,0,0,0,0,0,31,40,40,71,65476,0,300,0,0,8,21553,0.0,-107605600.0,0.0,0.0,0.0,0.0,0.0,0.0,0.0,0.0,0.0,0.0,0.0,0.0,0.0,0.0,0.0,0.0,0.0,0.0,0.0,0.0,-2.004,2.004,2.004,0.0,0.0,0.0,0.0,0.0,4492.0,-0.0,6934.0,0.0,0.0,2.7184260577004195e+23,2.718429120148166e+23,0.0,0.0,0.0,0.0,69,-126841143296.0,0.0,0.0,0.0,0.0,0.0,0.0,0.0,0.0,0,0,0,0.0,0.0,0.0,0.0,0.0,0.0,0.0,0.0,0.0,0.0,0.0,0.0,0.0,0.0,0.0,0.0,0,-107875648.0,69,0.0,138,0.0,0.0,0,52429,17085,13107,17100,52429,17079,0,0,0,70,68,100,2.7302399002429377e+23,82.0,0.0,78.4,-107615464.0,78.5,1,49,50,180,39322,0,0,0,0.0,0.0,0.0,0.0,-0.0,67.0,0.0,162057.094,0.0,973,0,1000,0,0,0,949,0,1022,0,919,0,789,0,779,0,822,0,7520,0.032,5.505200184497694e+19,0.0,0.0,784,16797,-0.0,162057.094,-114818.039,-0.0,0.133,6.909358625270745e+28,30.0,70.0,35,0.0,0.0,0.0,0.0,0.0,0.0,0.0,0.0,0.0,0.0,0.0,0.0,0.0,0.0,0.0,0.0,66.4,0,150,71,51,65476,0,300,0,0,8,20529,65476,0,0,44564,70.0,0.0,0.0,0.0,0.0,0.0
2026-09-10T21:38:25,ERR,ERR,ERR,ERR,ERR,ERR,ERR,ERR,ERR,ERR,ERR,ERR,ERR,ERR,ERR,ERR,ERR,ERR,ERR,ERR,ERR,ERR,ERR,ERR,ERR,ERR,ERR,ERR,ERR,ERR,ERR,ERR,ERR,ERR,ERR,ERR,ERR,ERR,ERR,ERR,ERR,ERR,ERR,ERR,ERR,ERR,ERR,ERR,ERR,ERR,ERR,ERR,ERR,ERR,ERR,ERR,ERR,ERR,ERR,ERR,ERR,ERR,ERR,ERR,ERR,ERR,ERR,ERR,ERR,ERR,ERR,ERR,ERR,ERR,ERR,ERR,ERR,ERR,ERR,ERR,ERR,ERR,ERR,ERR,ERR,ERR,ERR,ERR,ERR,ERR,ERR,ERR,ERR,ERR,ERR,ERR,ERR,ERR,ERR,ERR,ERR,ERR,ERR,ERR,ERR,ERR,ERR,ERR,ERR,ERR,ERR,ERR,ERR,ERR,ERR,ERR,ERR,ERR,ERR,ERR,ERR,ERR,ERR,ERR,ERR,0.0,0.0,2.6474835549302285e+23,0.0,0.0,1.3936040501711995e+18,7.805,0.0,0,0,4,0,7116,0.0,100,0.0,0.0,0.0,0.0,0.0,0,0,0,0,0.0,0,0,0,0,0,0,0,0,0,0,0,0,0,0,0,0,0,0,0,0,0,0,0,0,0,0,0,0,0,0,0,0,0,31,40,40,71,65476,0,300,0,0,8,21553,0.0,-107605600.0,0.0,0.0,0.0,0.0,0.0,0.0,0.0,0.0,0.0,0.0,0.0,0.0,0.0,0.0,0.0,0.0,0.0,0.0,0.0,0.0,-2.004,2.004,2.004,0.0,0.0,0.0,0.0,0.0,4492.0,-0.0,6934.0,0.0,0.0,2.7184260577004195e+23,2.718429120148166e+23,0.0,0.0,0.0,0.0,69,-126841143296.0,0.0,0.0,0.0,0.0,0.0,0.0,0.0,0.0,0,0,0,0.0,0.0,0.0,0.0,0.0,0.0,0.0,0.0,0.0,0.0,0.0,0.0,0.0,0.0,0.0,0.0,0,-107875648.0,69,0.0,138,0.0,0.0,0,52429,17085,13107,17100,52429,17079,0,0,0,70,68,100,2.7302399002429377e+23,82.0,0.0,78.4,-107615464.0,78.5,1,49,50,180,39322,0,0,0,0.0,0.0,0.0,0.0,-0.0,67.0,0.0,162057.094,0.0,973,0,1000,0,0,0,949,0,1022,0,919,0,789,0,779,0,822,0,7520,0.032,5.505200184497694e+19,0.0,0.0,784,16797,-0.0,162057.094,-114818.039,-0.0,0.133,6.909358625270745e+28,30.0,70.0,35,0.0,0.0,0.0,0.0,0.0,0.0,0.0,0.0,0.0,0.0,0.0,0.0,0.0,0.0,0.0,0.0,66.8,0,150,71,51,65476,0,300,0,0,8,20529,65476,0,0,44564,70.0,0.0,0.0,0.0,0.0,0.0
2026-09-10T21:38:26,ERR,ERR,ERR,ERR,ERR,ERR,ERR,ERR,ERR,ERR,ERR,ERR,ERR,ERR,ERR,ERR,ERR,ERR,ERR,ERR,ERR,ERR,ERR,ERR,ERR,ERR,ERR,ERR,ERR,ERR,ERR,ERR,ERR,ERR,ERR,ERR,ERR,ERR,ERR,ERR,ERR,ERR,ERR,ERR,ERR,ERR,ERR,ERR,ERR,ERR,ERR,ERR,ERR,ERR,ERR,ERR,ERR,ERR,ERR,ERR,ERR,ERR,ERR,ERR,ERR,ERR,ERR,ERR,ERR,ERR,ERR,ERR,ERR,ERR,ERR,ERR,ERR,ERR,ERR,ERR,ERR,ERR,ERR,ERR,ERR,ERR,ERR,ERR,ERR,ERR,ERR,ERR,ERR,ERR,ERR,ERR,ERR,ERR,ERR,ERR,ERR,ERR,ERR,ERR,ERR,ERR,ERR,ERR,ERR,ERR,ERR,ERR,ERR,ERR,ERR,ERR,ERR,ERR,ERR,ERR,ERR,ERR,ERR,ERR,ERR,0.0,0.0,2.6474835549302285e+23,0.0,0.0,1.3936040501711995e+18,7.805,0.0,0,0,4,0,7116,0.0,100,0.0,0.0,0.0,0.0,0.0,0,0,0,0,0.0,0,0,0,0,0,0,0,0,0,0,0,0,0,0,0,0,0,0,0,0,0,0,0,0,0,0,0,0,0,0,0,0,0,31,40,40,71,65476,0,300,0,0,8,21553,0.0,-107605600.0,0.0,0.0,0.0,0.0,0.0,0.0,0.0,0.0,0.0,0.0,0.0,0.0,0.0,0.0,0.0,0.0,0.0,0.0,0.0,0.0,-2.004,2.004,2.004,0.0,0.0,0.0,0.0,0.0,4487.0,-0.0,6935.0,0.0,0.0,2.7184260577004195e+23,-0.0,0.0,0.0,0.0,0.0,69,-0.0,0.0,0.0,0.0,0.0,0.0,0.0,0.0,0.0,0,0,0,0.0,0.0,0.0,0.0,0.0,0.0,0.0,0.0,0.0,0.0,0.0,0.0,0.0,0.0,0.0,0.0,0,-107875648.0,69,0.0,138,0.0,0.0,0,52429,17085,13107,17100,52429,17079,0,0,0,70,68,100,2.7302399002429377e+23,82.0,0.0,78.4,-107615464.0,78.5,1,49,50,180,39322,0,0,0,0.0,0.0,0.0,0.0,-0.0,67.0,0.0,162057.094,0.0,973,0,1000,0,0,0,949,0,1022,0,919,0,789,0,779,0,822,0,7520,0.032,5.505200184497694e+19,0.0,0.0,784,16797,-0.0,162057.094,-114818.039,-0.0,0.133,6.909358625270745e+28,30.0,70.0,35,0.0,0.0,0.0,0.0,0.0,0.0,0.0,0.0,0.0,0.0,0.0,0.0,0.0,0.0,0.0,0.0,66.8,0,150,71,51,65476,0,300,0,0,8,20529,65476,0,0,44564,70.0,0.0,0.0,0.0,0.0,0.0
2026-09-10T21:38:27,ERR,ERR,ERR,ERR,ERR,ERR,ERR,ERR,ERR,ERR,ERR,ERR,ERR,ERR,ERR,ERR,ERR,ERR,ERR,ERR,ERR,ERR,ERR,ERR,ERR,ERR,ERR,ERR,ERR,ERR,ERR,ERR,ERR,ERR,ERR,ERR,ERR,ERR,ERR,ERR,ERR,ERR,ERR,ERR,ERR,ERR,ERR,ERR,ERR,ERR,ERR,ERR,ERR,ERR,ERR,ERR,ERR,ERR,ERR,ERR,ERR,ERR,ERR,ERR,ERR,ERR,ERR,ERR,ERR,ERR,ERR,ERR,ERR,ERR,ERR,ERR,ERR,ERR,ERR,ERR,ERR,ERR,ERR,ERR,ERR,ERR,ERR,ERR,ERR,ERR,ERR,ERR,ERR,ERR,ERR,ERR,ERR,ERR,ERR,ERR,ERR,ERR,ERR,ERR,ERR,ERR,ERR,ERR,ERR,ERR,ERR,ERR,ERR,ERR,ERR,ERR,ERR,ERR,ERR,ERR,ERR,ERR,ERR,ERR,ERR,0.0,0.0,2.6474835549302285e+23,0.0,0.0,1.3936040501711995e+18,7.805,0.0,0,0,4,0,7116,0.0,100,0.0,0.0,0.0,0.0,0.0,0,0,0,0,0.0,0,0,0,0,0,0,0,0,0,0,0,0,0,0,0,0,0,0,0,0,0,0,0,0,0,0,0,0,0,0,0,0,0,31,40,40,71,65476,0,300,0,0,8,21553,0.0,-107605600.0,0.0,0.0,0.0,0.0,0.0,0.0,0.0,0.0,0.0,0.0,0.0,0.0,0.0,0.0,0.0,0.0,0.0,0.0,0.0,0.0,-2.004,2.004,2.004,0.0,0.0,0.0,0.0,0.0,4487.0,-0.0,6935.0,0.0,0.0,2.7184260577004195e+23,-0.0,0.0,0.0,0.0,0.0,69,-0.0,0.0,0.0,0.0,0.0,0.0,0.0,0.0,0.0,0,0,0,0.0,0.0,0.0,0.0,0.0,0.0,0.0,0.0,0.0,0.0,0.0,0.0,0.0,0.0,0.0,0.0,0,-107875648.0,69,0.0,138,0.0,0.0,0,52429,17085,13107,17100,52429,17079,0,0,0,70,68,100,2.7302399002429377e+23,82.0,0.0,78.4,-107615464.0,78.5,1,49,50,180,39322,0,0,0,0.0,0.0,0.0,0.0,-0.0,67.0,0.0,162057.094,0.0,973,0,1000,0,0,0,949,0,1022,0,919,0,789,0,779,0,822,0,7520,0.032,5.505200184497694e+19,0.0,0.0,784,16797,-0.0,162057.094,-114818.039,-0.0,0.133,6.909358625270745e+28,30.0,70.0,35,0.0,0.0,0.0,0.0,0.0,0.0,0.0,0.0,0.0,0.0,0.0,0.0,0.0,0.0,0.0,0.0,66.8,0,150,71,51,65476,0,300,0,0,8,20529,65476,0,0,44564,70.0,0.0,0.0,0.0,0.0,0.0
2026-09-10T21:38:28,ERR,ERR,ERR,ERR,ERR,ERR,ERR,ERR,ERR,ERR,ERR,ERR,ERR,ERR,ERR,ERR,ERR,ERR,ERR,ERR,ERR,ERR,ERR,ERR,ERR,ERR,ERR,ERR,ERR,ERR,ERR,ERR,ERR,ERR,ERR,ERR,ERR,ERR,ERR,ERR,ERR,ERR,ERR,ERR,ERR,ERR,ERR,ERR,ERR,ERR,ERR,ERR,ERR,ERR,ERR,ERR,ERR,ERR,ERR,ERR,ERR,ERR,ERR,ERR,ERR,ERR,ERR,ERR,ERR,ERR,ERR,ERR,ERR,ERR,ERR,ERR,ERR,ERR,ERR,ERR,ERR,ERR,ERR,ERR,ERR,ERR,ERR,ERR,ERR,ERR,ERR,ERR,ERR,ERR,ERR,ERR,ERR,ERR,ERR,ERR,ERR,ERR,ERR,ERR,ERR,ERR,ERR,ERR,ERR,ERR,ERR,ERR,ERR,ERR,ERR,ERR,ERR,ERR,ERR,ERR,ERR,ERR,ERR,ERR,ERR,0.0,0.0,2.6474835549302285e+23,0.0,0.0,1.3936040501711995e+18,7.805,0.0,0,0,4,0,7116,0.0,100,0.0,0.0,0.0,0.0,0.0,0,0,0,0,0.0,0,0,0,0,0,0,0,0,0,0,0,0,0,0,0,0,0,0,0,0,0,0,0,0,0,0,0,0,0,0,0,0,0,31,40,40,71,65476,0,300,0,0,8,21553,0.0,-107605600.0,0.0,0.0,0.0,0.0,0.0,0.0,0.0,0.0,0.0,0.0,0.0,0.0,0.0,0.0,0.0,0.0,0.0,0.0,0.0,0.0,-2.004,2.004,2.004,0.0,0.0,0.0,0.0,0.0,4487.0,-0.0,6935.0,0.0,0.0,2.7184260577004195e+23,-0.0,0.0,0.0,0.0,0.0,69,-0.0,0.0,0.0,0.0,0.0,0.0,0.0,0.0,0.0,0,0,0,0.0,0.0,0.0,0.0,0.0,0.0,0.0,0.0,0.0,0.0,0.0,0.0,0.0,0.0,0.0,0.0,0,-107875648.0,69,0.0,138,0.0,0.0,0,52429,17085,13107,17100,52429,17079,0,0,0,70,68,100,2.7302399002429377e+23,82.0,0.0,78.4,-107615464.0,78.5,1,49,50,180,39322,0,0,0,0.0,0.0,0.0,0.0,-0.0,67.0,0.0,162057.094,0.0,973,0,1000,0,0,0,949,0,1022,0,919,0,789,0,779,0,822,0,7520,0.032,5.505200184497694e+19,0.0,0.0,784,16797,-0.0,162057.094,-114818.039,-0.0,0.133,6.909358625270745e+28,30.0,70.0,35,0.0,0.0,0.0,0.0,0.0,0.0,0.0,0.0,0.0,0.0,0.0,0.0,0.0,0.0,0.0,0.0,66.4,0,150,71,51,65476,0,300,0,0,8,20529,65476,0,0,44564,70.0,0.0,0.0,0.0,0.0,0.0
2026-09-10T21:38:29,ERR,ERR,ERR,ERR,ERR,ERR,ERR,ERR,ERR,ERR,ERR,ERR,ERR,ERR,ERR,ERR,ERR,ERR,ERR,ERR,ERR,ERR,ERR,ERR,ERR,ERR,ERR,ERR,ERR,ERR,ERR,ERR,ERR,ERR,ERR,ERR,ERR,ERR,ERR,ERR,ERR,ERR,ERR,ERR,ERR,ERR,ERR,ERR,ERR,ERR,ERR,ERR,ERR,ERR,ERR,ERR,ERR,ERR,ERR,ERR,ERR,ERR,ERR,ERR,ERR,ERR,ERR,ERR,ERR,ERR,ERR,ERR,ERR,ERR,ERR,ERR,ERR,ERR,ERR,ERR,ERR,ERR,ERR,ERR,ERR,ERR,ERR,ERR,ERR,ERR,ERR,ERR,ERR,ERR,ERR,ERR,ERR,ERR,ERR,ERR,ERR,ERR,ERR,ERR,ERR,ERR,ERR,ERR,ERR,ERR,ERR,ERR,ERR,ERR,ERR,ERR,ERR,ERR,ERR,ERR,ERR,ERR,ERR,ERR,ERR,0.0,0.0,2.6474835549302285e+23,0.0,0.0,1.3936040501711995e+18,7.805,0.0,0,0,4,0,7116,0.0,100,0.0,0.0,0.0,0.0,0.0,0,0,0,0,0.0,0,0,0,0,0,0,0,0,0,0,0,0,0,0,0,0,0,0,0,0,0,0,0,0,0,0,0,0,0,0,0,0,0,31,40,40,71,65476,0,300,0,0,8,21553,0.0,-107605600.0,0.0,0.0,0.0,0.0,0.0,0.0,0.0,0.0,0.0,0.0,0.0,0.0,0.0,0.0,0.0,0.0,0.0,0.0,0.0,0.0,-2.004,2.004,2.004,0.0,0.0,0.0,0.0,0.0,4487.0,-0.0,6935.0,0.0,0.0,2.7184260577004195e+23,-0.0,0.0,0.0,0.0,0.0,69,-0.0,0.0,0.0,0.0,0.0,0.0,0.0,0.0,0.0,0,0,0,0.0,0.0,0.0,0.0,0.0,0.0,0.0,0.0,0.0,0.0,0.0,0.0,0.0,0.0,0.0,0.0,0,-107875648.0,69,0.0,138,0.0,0.0,0,52429,17085,13107,17100,52429,17079,0,0,0,70,68,100,2.7302399002429377e+23,82.0,0.0,78.4,-107615464.0,78.5,1,49,50,180,39322,0,0,0,0.0,0.0,0.0,0.0,-0.0,67.0,0.0,162057.094,0.0,973,0,1000,0,0,0,949,0,1022,0,919,0,789,0,779,0,822,0,7520,0.032,5.505200184497694e+19,0.0,0.0,784,16797,-0.0,162057.094,-114818.039,-0.0,0.133,6.909358625270745e+28,30.0,70.0,35,0.0,0.0,0.0,0.0,0.0,0.0,0.0,0.0,0.0,0.0,0.0,0.0,0.0,0.0,0.0,0.0,66.4,0,150,71,51,65476,0,300,0,0,8,20529,65476,0,0,44564,70.0,0.0,0.0,0.0,0.0,0.0
2026-09-10T21:38:30,ERR,ERR,ERR,ERR,ERR,ERR,ERR,ERR,ERR,ERR,ERR,ERR,ERR,ERR,ERR,ERR,ERR,ERR,ERR,ERR,ERR,ERR,ERR,ERR,ERR,ERR,ERR,ERR,ERR,ERR,ERR,ERR,ERR,ERR,ERR,ERR,ERR,ERR,ERR,ERR,ERR,ERR,ERR,ERR,ERR,ERR,ERR,ERR,ERR,ERR,ERR,ERR,ERR,ERR,ERR,ERR,ERR,ERR,ERR,ERR,ERR,ERR,ERR,ERR,ERR,ERR,ERR,ERR,ERR,ERR,ERR,ERR,ERR,ERR,ERR,ERR,ERR,ERR,ERR,ERR,ERR,ERR,ERR,ERR,ERR,ERR,ERR,ERR,ERR,ERR,ERR,ERR,ERR,ERR,ERR,ERR,ERR,ERR,ERR,ERR,ERR,ERR,ERR,ERR,ERR,ERR,ERR,ERR,ERR,ERR,ERR,ERR,ERR,ERR,ERR,ERR,ERR,ERR,ERR,ERR,ERR,ERR,ERR,ERR,ERR,0.0,0.0,2.6474835549302285e+23,0.0,0.0,1.3936040501711995e+18,7.805,0.0,0,0,4,0,7116,0.0,100,0.0,0.0,0.0,0.0,0.0,0,0,0,0,0.0,0,0,0,0,0,0,0,0,0,0,0,0,0,0,0,0,0,0,0,0,0,0,0,0,0,0,0,0,0,0,0,0,0,31,40,40,71,65476,0,300,0,0,8,21553,0.0,-107605600.0,0.0,0.0,0.0,0.0,0.0,0.0,0.0,0.0,0.0,0.0,0.0,0.0,0.0,0.0,0.0,0.0,0.0,0.0,0.0,0.0,-2.004,2.004,2.004,0.0,0.0,0.0,0.0,0.0,4487.0,-0.0,6935.0,0.0,0.0,2.7184260577004195e+23,-0.0,0.0,0.0,0.0,0.0,69,-0.0,0.0,0.0,0.0,0.0,0.0,0.0,0.0,0.0,0,0,0,0.0,0.0,0.0,0.0,0.0,0.0,0.0,0.0,0.0,0.0,0.0,0.0,0.0,0.0,0.0,0.0,0,-107875648.0,69,0.0,138,0.0,0.0,0,52429,17085,13107,17100,0,17080,0,0,0,70,68,100,2.7302399002429377e+23,82.0,0.0,78.4,-107615464.0,78.5,1,49,50,180,39322,0,0,0,0.0,0.0,0.0,0.0,-0.0,67.0,0.0,162057.094,0.0,973,0,1000,0,0,0,949,0,1021,0,920,0,789,0,780,0,822,0,7520,0.032,5.505200184497694e+19,0.0,0.0,784,16797,-0.0,162057.094,-114818.039,-0.0,0.133,6.909358625270745e+28,30.0,70.0,35,0.0,0.0,0.0,0.0,0.0,0.0,0.0,0.0,0.0,0.0,0.0,0.0,0.0,0.0,0.0,0.0,66.4,0,150,71,51,65476,0,300,0,0,8,20529,65476,0,0,44564,70.0,0.0,0.0,0.0,0.0,0.0
2026-09-10T21:38:31,ERR,ERR,ERR,ERR,ERR,ERR,ERR,ERR,ERR,ERR,ERR,ERR,ERR,ERR,ERR,ERR,ERR,ERR,ERR,ERR,ERR,ERR,ERR,ERR,ERR,ERR,ERR,ERR,ERR,ERR,ERR,ERR,ERR,ERR,ERR,ERR,ERR,ERR,ERR,ERR,ERR,ERR,ERR,ERR,ERR,ERR,ERR,ERR,ERR,ERR,ERR,ERR,ERR,ERR,ERR,ERR,ERR,ERR,ERR,ERR,ERR,ERR,ERR,ERR,ERR,ERR,ERR,ERR,ERR,ERR,ERR,ERR,ERR,ERR,ERR,ERR,ERR,ERR,ERR,ERR,ERR,ERR,ERR,ERR,ERR,ERR,ERR,ERR,ERR,ERR,ERR,ERR,ERR,ERR,ERR,ERR,ERR,ERR,ERR,ERR,ERR,ERR,ERR,ERR,ERR,ERR,ERR,ERR,ERR,ERR,ERR,ERR,ERR,ERR,ERR,ERR,ERR,ERR,ERR,ERR,ERR,ERR,ERR,ERR,ERR,0.0,0.0,2.6474835549302285e+23,0.0,0.0,1.3936040501711995e+18,7.805,0.0,0,0,4,0,7116,0.0,100,0.0,0.0,0.0,0.0,0.0,0,0,0,0,0.0,0,0,0,0,0,0,0,0,0,0,0,0,0,0,0,0,0,0,0,0,0,0,0,0,0,0,0,0,0,0,0,0,0,31,40,40,71,65476,0,300,0,0,8,21553,0.0,-107605600.0,0.0,0.0,0.0,0.0,0.0,0.0,0.0,0.0,0.0,0.0,0.0,0.0,0.0,0.0,0.0,0.0,0.0,0.0,0.0,0.0,-2.004,2.004,2.004,0.0,0.0,0.0,0.0,0.0,4487.0,-0.0,6935.0,0.0,0.0,2.7184260577004195e+23,-0.0,0.0,0.0,0.0,0.0,69,-0.0,0.0,0.0,0.0,0.0,0.0,0.0,0.0,0.0,0,0,0,0.0,0.0,0.0,0.0,0.0,0.0,0.0,0.0,0.0,0.0,0.0,0.0,0.0,0.0,0.0,0.0,0,-107875648.0,69,0.0,138,0.0,0.0,0,52429,17085,13107,17100,0,17080,0,0,0,70,68,100,2.7302399002429377e+23,82.0,0.0,78.4,-107615464.0,78.5,1,49,50,180,39322,0,0,0,0.0,0.0,0.0,0.0,-0.0,67.0,0.0,162057.094,0.0,973,0,1000,0,0,0,949,0,1021,0,920,0,789,0,780,0,822,0,7520,0.032,5.505200184497694e+19,0.0,0.0,784,16797,-0.0,162057.094,-114818.039,-0.0,0.133,6.909358625270745e+28,30.0,70.0,35,0.0,0.0,0.0,0.0,0.0,0.0,0.0,0.0,0.0,0.0,0.0,0.0,0.0,0.0,0.0,0.0,66.4,0,150,71,51,65476,0,300,0,0,8,20529,65476,0,0,44564,70.0,0.0,0.0,0.0,0.0,0.0
2026-09-10T21:38:32,ERR,ERR,ERR,ERR,ERR,ERR,ERR,ERR,ERR,ERR,ERR,ERR,ERR,ERR,ERR,ERR,ERR,ERR,ERR,ERR,ERR,ERR,ERR,ERR,ERR,ERR,ERR,ERR,ERR,ERR,ERR,ERR,ERR,ERR,ERR,ERR,ERR,ERR,ERR,ERR,ERR,ERR,ERR,ERR,ERR,ERR,ERR,ERR,ERR,ERR,ERR,ERR,ERR,ERR,ERR,ERR,ERR,ERR,ERR,ERR,ERR,ERR,ERR,ERR,ERR,ERR,ERR,ERR,ERR,ERR,ERR,ERR,ERR,ERR,ERR,ERR,ERR,ERR,ERR,ERR,ERR,ERR,ERR,ERR,ERR,ERR,ERR,ERR,ERR,ERR,ERR,ERR,ERR,ERR,ERR,ERR,ERR,ERR,ERR,ERR,ERR,ERR,ERR,ERR,ERR,ERR,ERR,ERR,ERR,ERR,ERR,ERR,ERR,ERR,ERR,ERR,ERR,ERR,ERR,ERR,ERR,ERR,ERR,ERR,ERR,0.0,0.0,2.6474835549302285e+23,0.0,0.0,1.3936040501711995e+18,7.805,0.0,0,0,4,0,7116,0.0,100,0.0,0.0,0.0,0.0,0.0,0,0,0,0,0.0,0,0,0,0,0,0,0,0,0,0,0,0,0,0,0,0,0,0,0,0,0,0,0,0,0,0,0,0,0,0,0,0,0,31,40,40,71,65476,0,300,0,0,8,21553,0.0,-107605600.0,0.0,0.0,0.0,0.0,0.0,0.0,0.0,0.0,0.0,0.0,0.0,0.0,0.0,0.0,0.0,0.0,0.0,0.0,0.0,0.0,-2.004,2.004,2.004,0.0,0.0,0.0,0.0,0.0,4487.0,-0.0,6935.0,0.0,0.0,2.7184260577004195e+23,-0.0,0.0,0.0,0.0,0.0,69,-0.0,0.0,0.0,0.0,0.0,0.0,0.0,0.0,0.0,0,0,0,0.0,0.0,0.0,0.0,0.0,0.0,0.0,0.0,0.0,0.0,0.0,0.0,0.0,0.0,0.0,0.0,0,-107875648.0,69,0.0,138,0.0,0.0,0,52429,17085,13107,17100,0,17080,0,0,0,70,68,100,2.7302399002429377e+23,82.0,0.0,78.4,-107615464.0,78.5,1,49,50,180,39322,0,0,0,0.0,0.0,0.0,0.0,-0.0,67.0,0.0,162057.094,0.0,973,0,1000,0,0,0,949,0,1021,0,920,0,789,0,780,0,822,0,7520,0.032,5.505200184497694e+19,0.0,0.0,784,16797,-0.0,162057.094,-114818.039,-0.0,0.133,6.909358625270745e+28,30.0,70.0,35,0.0,0.0,0.0,0.0,0.0,0.0,0.0,0.0,0.0,0.0,0.0,0.0,0.0,0.0,0.0,0.0,66.4,0,150,71,51,65476,0,300,0,0,8,20529,65476,0,0,44564,70.0,0.0,0.0,0.0,0.0,0.0
2026-09-10T21:38:33,ERR,ERR,ERR,ERR,ERR,ERR,ERR,ERR,ERR,ERR,ERR,ERR,ERR,ERR,ERR,ERR,ERR,ERR,ERR,ERR,ERR,ERR,ERR,ERR,ERR,ERR,ERR,ERR,ERR,ERR,ERR,ERR,ERR,ERR,ERR,ERR,ERR,ERR,ERR,ERR,ERR,ERR,ERR,ERR,ERR,ERR,ERR,ERR,ERR,ERR,ERR,ERR,ERR,ERR,ERR,ERR,ERR,ERR,ERR,ERR,ERR,ERR,ERR,ERR,ERR,ERR,ERR,ERR,ERR,ERR,ERR,ERR,ERR,ERR,ERR,ERR,ERR,ERR,ERR,ERR,ERR,ERR,ERR,ERR,ERR,ERR,ERR,ERR,ERR,ERR,ERR,ERR,ERR,ERR,ERR,ERR,ERR,ERR,ERR,ERR,ERR,ERR,ERR,ERR,ERR,ERR,ERR,ERR,ERR,ERR,ERR,ERR,ERR,ERR,ERR,ERR,ERR,ERR,ERR,ERR,ERR,ERR,ERR,ERR,ERR,0.0,0.0,2.6474835549302285e+23,0.0,0.0,1.3936040501711995e+18,7.805,0.0,0,0,4,0,7116,0.0,100,0.0,0.0,0.0,0.0,0.0,0,0,0,0,0.0,0,0,0,0,0,0,0,0,0,0,0,0,0,0,0,0,0,0,0,0,0,0,0,0,0,0,0,0,0,0,0,0,0,31,40,40,71,65476,0,300,0,0,8,21553,0.0,-107605600.0,0.0,0.0,0.0,0.0,0.0,0.0,0.0,0.0,0.0,0.0,0.0,0.0,0.0,0.0,0.0,0.0,0.0,0.0,0.0,0.0,-2.004,2.004,2.004,0.0,0.0,0.0,0.0,0.0,4487.0,-0.0,6935.0,0.0,0.0,2.7184260577004195e+23,-0.0,0.0,0.0,0.0,0.0,69,-0.0,0.0,0.0,0.0,0.0,0.0,0.0,0.0,0.0,0,0,0,0.0,0.0,0.0,0.0,0.0,0.0,0.0,0.0,0.0,0.0,0.0,0.0,0.0,0.0,0.0,0.0,0,-107875648.0,69,0.0,138,0.0,0.0,0,52429,17085,13107,17100,0,17080,0,0,0,70,68,100,2.7302399002429377e+23,82.0,0.0,78.4,-107615464.0,78.5,1,49,50,180,39322,0,0,0,0.0,0.0,0.0,0.0,-0.0,67.0,0.0,162057.094,0.0,973,0,1000,0,0,0,949,0,1021,0,920,0,789,0,780,0,822,0,7520,0.032,5.505200184497694e+19,0.0,0.0,784,16797,-0.0,162057.094,-114818.039,-0.0,0.133,6.909358625270745e+28,30.0,70.0,35,0.0,0.0,0.0,0.0,0.0,0.0,0.0,0.0,0.0,0.0,0.0,0.0,0.0,0.0,0.0,0.0,66.4,0,150,71,51,65476,0,300,0,0,8,20529,65476,0,0,44564,70.0,0.0,0.0,0.0,0.0,0.0
2026-09-10T21:38:34,ERR,ERR,ERR,ERR,ERR,ERR,ERR,ERR,ERR,ERR,ERR,ERR,ERR,ERR,ERR,ERR,ERR,ERR,ERR,ERR,ERR,ERR,ERR,ERR,ERR,ERR,ERR,ERR,ERR,ERR,ERR,ERR,ERR,ERR,ERR,ERR,ERR,ERR,ERR,ERR,ERR,ERR,ERR,ERR,ERR,ERR,ERR,ERR,ERR,ERR,ERR,ERR,ERR,ERR,ERR,ERR,ERR,ERR,ERR,ERR,ERR,ERR,ERR,ERR,ERR,ERR,ERR,ERR,ERR,ERR,ERR,ERR,ERR,ERR,ERR,ERR,ERR,ERR,ERR,ERR,ERR,ERR,ERR,ERR,ERR,ERR,ERR,ERR,ERR,ERR,ERR,ERR,ERR,ERR,ERR,ERR,ERR,ERR,ERR,ERR,ERR,ERR,ERR,ERR,ERR,ERR,ERR,ERR,ERR,ERR,ERR,ERR,ERR,ERR,ERR,ERR,ERR,ERR,ERR,ERR,ERR,ERR,ERR,ERR,ERR,0.0,0.0,2.6474835549302285e+23,0.0,0.0,1.3936040501711995e+18,7.805,0.0,0,0,4,0,7116,0.0,100,0.0,0.0,0.0,0.0,0.0,0,0,0,0,0.0,0,0,0,0,0,0,0,0,0,0,0,0,0,0,0,0,0,0,0,0,0,0,0,0,0,0,0,0,0,0,0,0,0,31,40,40,71,65476,0,300,0,0,8,21553,0.0,-107605600.0,0.0,0.0,0.0,0.0,0.0,0.0,0.0,0.0,0.0,0.0,0.0,0.0,0.0,0.0,0.0,0.0,0.0,0.0,0.0,0.0,-2.004,2.004,2.004,0.0,0.0,0.0,0.0,0.0,4487.0,-0.0,6935.0,0.0,0.0,2.7184260577004195e+23,-0.0,0.0,0.0,0.0,0.0,69,-0.0,0.0,0.0,0.0,0.0,0.0,0.0,0.0,0.0,0,0,0,0.0,0.0,0.0,0.0,0.0,0.0,0.0,0.0,0.0,0.0,0.0,0.0,0.0,0.0,0.0,0.0,0,-107875648.0,69,0.0,138,0.0,0.0,0,52429,17085,13107,17100,0,17080,0,0,0,70,68,100,2.7302399002429377e+23,82.0,0.0,78.4,-107615464.0,78.5,1,49,50,180,39322,0,0,0,0.0,0.0,0.0,0.0,-0.0,67.0,0.0,162057.094,0.0,973,0,1000,0,0,0,949,0,1021,0,920,0,789,0,780,0,822,0,7520,0.032,5.505200184497694e+19,0.0,0.0,784,16797,-0.0,162057.094,-114818.039,-0.0,0.133,6.909358625270745e+28,30.0,70.0,35,0.0,0.0,0.0,0.0,0.0,0.0,0.0,0.0,0.0,0.0,0.0,0.0,0.0,0.0,0.0,0.0,66.4,0,150,71,51,65476,0,300,0,0,8,20529,65476,0,0,44564,70.0,0.0,0.0,0.0,0.0,0.0
2026-09-10T21:38:35,ERR,ERR,ERR,ERR,ERR,ERR,ERR,ERR,ERR,ERR,ERR,ERR,ERR,ERR,ERR,ERR,ERR,ERR,ERR,ERR,ERR,ERR,ERR,ERR,ERR,ERR,ERR,ERR,ERR,ERR,ERR,ERR,ERR,ERR,ERR,ERR,ERR,ERR,ERR,ERR,ERR,ERR,ERR,ERR,ERR,ERR,ERR,ERR,ERR,ERR,ERR,ERR,ERR,ERR,ERR,ERR,ERR,ERR,ERR,ERR,ERR,ERR,ERR,ERR,ERR,ERR,ERR,ERR,ERR,ERR,ERR,ERR,ERR,ERR,ERR,ERR,ERR,ERR,ERR,ERR,ERR,ERR,ERR,ERR,ERR,ERR,ERR,ERR,ERR,ERR,ERR,ERR,ERR,ERR,ERR,ERR,ERR,ERR,ERR,ERR,ERR,ERR,ERR,ERR,ERR,ERR,ERR,ERR,ERR,ERR,ERR,ERR,ERR,ERR,ERR,ERR,ERR,ERR,ERR,ERR,ERR,ERR,ERR,ERR,ERR,0.0,0.0,2.6474835549302285e+23,0.0,0.0,1.3936040501711995e+18,7.805,0.0,0,0,4,0,7116,0.0,100,0.0,0.0,0.0,0.0,0.0,0,0,0,0,0.0,0,0,0,0,0,0,0,0,0,0,0,0,0,0,0,0,0,0,0,0,0,0,0,0,0,0,0,0,0,0,0,0,0,31,40,40,71,65476,0,300,0,0,8,21553,0.0,-107605600.0,0.0,0.0,0.0,0.0,0.0,0.0,0.0,0.0,0.0,0.0,0.0,0.0,0.0,0.0,0.0,0.0,0.0,0.0,0.0,0.0,-2.004,0.0,2.004,-2.004,0.0,0.0,0.0,0.0,4486.0,-0.0,6928.0,0.0,0.0,2.7184260577004195e+23,-0.0,0.0,0.0,0.0,0.0,69,-0.0,-152016928112640.0,0.0,0.0,0.0,0.0,0.0,0.0,0.0,0,0,0,0.0,0.0,0.0,0.0,0.0,0.0,0.0,0.0,0.0,0.0,0.0,0.0,0.0,0.0,0.0,0.0,0,-107875648.0,69,0.0,138,0.0,0.0,0,52429,17085,13107,17100,0,17080,0,0,0,70,68,100,2.7302399002429377e+23,82.0,0.0,78.4,-107615464.0,78.5,1,49,50,180,39322,0,0,0,0.0,0.0,0.0,0.0,-0.0,67.0,0.0,162057.094,0.0,973,0,1000,0,0,0,949,0,1021,0,920,0,789,0,780,0,822,0,7520,0.032,5.505200184497694e+19,0.0,0.0,784,16797,-0.0,162057.094,-114818.039,-0.0,0.133,6.909358625270745e+28,30.0,70.0,35,0.0,0.0,0.0,0.0,0.0,0.0,0.0,0.0,0.0,0.0,0.0,0.0,0.0,0.0,0.0,0.0,66.4,0,150,71,51,65476,0,300,0,0,8,20529,65476,0,0,44564,70.0,0.0,0.0,0.0,0.0,0.0
2026-09-10T21:38:36,ERR,ERR,ERR,ERR,ERR,ERR,ERR,ERR,ERR,ERR,ERR,ERR,ERR,ERR,ERR,ERR,ERR,ERR,ERR,ERR,ERR,ERR,ERR,ERR,ERR,ERR,ERR,ERR,ERR,ERR,ERR,ERR,ERR,ERR,ERR,ERR,ERR,ERR,ERR,ERR,ERR,ERR,ERR,ERR,ERR,ERR,ERR,ERR,ERR,ERR,ERR,ERR,ERR,ERR,ERR,ERR,ERR,ERR,ERR,ERR,ERR,ERR,ERR,ERR,ERR,ERR,ERR,ERR,ERR,ERR,ERR,ERR,ERR,ERR,ERR,ERR,ERR,ERR,ERR,ERR,ERR,ERR,ERR,ERR,ERR,ERR,ERR,ERR,ERR,ERR,ERR,ERR,ERR,ERR,ERR,ERR,ERR,ERR,ERR,ERR,ERR,ERR,ERR,ERR,ERR,ERR,ERR,ERR,ERR,ERR,ERR,ERR,ERR,ERR,ERR,ERR,ERR,ERR,ERR,ERR,ERR,ERR,ERR,ERR,ERR,0.0,0.0,2.6474835549302285e+23,0.0,0.0,1.3936040501711995e+18,7.805,0.0,0,0,4,0,7116,0.0,100,0.0,0.0,0.0,0.0,0.0,0,0,0,0,0.0,0,0,0,0,0,0,0,0,0,0,0,0,0,0,0,0,0,0,0,0,0,0,0,0,0,0,0,0,0,0,0,0,0,31,40,40,71,65476,0,300,0,0,8,21553,0.0,-107605600.0,0.0,0.0,0.0,0.0,0.0,0.0,0.0,0.0,0.0,0.0,0.0,0.0,0.0,0.0,0.0,0.0,0.0,0.0,0.0,0.0,-2.004,0.0,2.004,-2.004,0.0,0.0,0.0,0.0,4486.0,-0.0,6928.0,0.0,0.0,2.7184260577004195e+23,-0.0,0.0,0.0,0.0,0.0,69,-0.0,-152016928112640.0,0.0,0.0,0.0,0.0,0.0,0.0,0.0,0,0,0,0.0,0.0,0.0,0.0,0.0,0.0,0.0,0.0,0.0,0.0,0.0,0.0,0.0,0.0,0.0,0.0,0,-107875648.0,69,0.0,138,0.0,0.0,0,52429,17085,13107,17100,0,17080,0,0,0,70,68,100,2.7302399002429377e+23,82.4,-107615448.0,78.4,-107615464.0,78.5,1,49,50,180,39322,52429,0,0,0.0,0.0,0.0,0.0,-0.0,67.0,0.0,162057.094,0.0,973,0,999,0,0,0,949,0,1021,0,920,0,789,0,780,0,822,0,7520,0.032,5.5340232221128655e+19,0.0,0.0,784,16797,-0.0,162057.094,-114818.039,-0.0,0.133,6.909358625270745e+28,30.0,70.0,35,0.0,0.0,0.0,0.0,0.0,0.0,0.0,0.0,0.0,0.0,0.0,0.0,0.0,0.0,0.0,0.0,66.4,0,150,71,51,65476,0,300,0,0,8,20529,65476,0,0,44564,70.0,0.0,0.0,0.0,0.0,0.0
2026-09-10T21:38:37,ERR,ERR,ERR,ERR,ERR,ERR,ERR,ERR,ERR,ERR,ERR,ERR,ERR,ERR,ERR,ERR,ERR,ERR,ERR,ERR,ERR,ERR,ERR,ERR,ERR,ERR,ERR,ERR,ERR,ERR,ERR,ERR,ERR,ERR,ERR,ERR,ERR,ERR,ERR,ERR,ERR,ERR,ERR,ERR,ERR,ERR,ERR,ERR,ERR,ERR,ERR,ERR,ERR,ERR,ERR,ERR,ERR,ERR,ERR,ERR,ERR,ERR,ERR,ERR,ERR,ERR,ERR,ERR,ERR,ERR,ERR,ERR,ERR,ERR,ERR,ERR,ERR,ERR,ERR,ERR,ERR,ERR,ERR,ERR,ERR,ERR,ERR,ERR,ERR,ERR,ERR,ERR,ERR,ERR,ERR,ERR,ERR,ERR,ERR,ERR,ERR,ERR,ERR,ERR,ERR,ERR,ERR,ERR,ERR,ERR,ERR,ERR,ERR,ERR,ERR,ERR,ERR,ERR,ERR,ERR,ERR,ERR,ERR,ERR,ERR,0.0,0.0,2.6474835549302285e+23,0.0,0.0,1.3936040501711995e+18,7.805,0.0,0,0,4,0,7116,0.0,100,0.0,0.0,0.0,0.0,0.0,0,0,0,0,0.0,0,0,0,0,0,0,0,0,0,0,0,0,0,0,0,0,0,0,0,0,0,0,0,0,0,0,0,0,0,0,0,0,0,31,40,40,71,65476,0,300,0,0,8,21553,0.0,-107605600.0,0.0,0.0,0.0,0.0,0.0,0.0,0.0,0.0,0.0,0.0,0.0,0.0,0.0,0.0,0.0,0.0,0.0,0.0,0.0,0.0,-2.004,0.0,2.004,-2.004,0.0,0.0,0.0,0.0,4486.0,-0.0,6928.0,0.0,0.0,2.7184260577004195e+23,-0.0,0.0,0.0,0.0,0.0,69,-0.0,-152016928112640.0,0.0,0.0,0.0,0.0,0.0,0.0,0.0,0,0,0,0.0,0.0,0.0,0.0,0.0,0.0,0.0,0.0,0.0,0.0,0.0,0.0,0.0,0.0,0.0,0.0,0,-107875648.0,69,0.0,138,0.0,0.0,0,52429,17085,13107,17100,0,17080,0,0,0,70,68,100,2.7302399002429377e+23,82.4,-107615448.0,78.4,-107615464.0,78.5,1,49,50,180,39322,52429,0,0,0.0,0.0,0.0,0.0,-0.0,67.0,0.0,162057.094,0.0,973,0,999,0,0,0,949,0,1021,0,920,0,789,0,780,0,822,0,7520,0.032,5.5340232221128655e+19,0.0,0.0,784,16797,-0.0,162057.094,-114818.039,-0.0,0.133,6.909358625270745e+28,30.0,70.0,35,0.0,0.0,0.0,0.0,0.0,0.0,0.0,0.0,0.0,0.0,0.0,0.0,0.0,0.0,0.0,0.0,66.4,0,150,71,51,65476,0,300,0,0,8,20529,65476,0,0,44564,70.0,0.0,0.0,0.0,0.0,0.0
2026-09-10T21:38:38,ERR,ERR,ERR,ERR,ERR,ERR,ERR,ERR,ERR,ERR,ERR,ERR,ERR,ERR,ERR,ERR,ERR,ERR,ERR,ERR,ERR,ERR,ERR,ERR,ERR,ERR,ERR,ERR,ERR,ERR,ERR,ERR,ERR,ERR,ERR,ERR,ERR,ERR,ERR,ERR,ERR,ERR,ERR,ERR,ERR,ERR,ERR,ERR,ERR,ERR,ERR,ERR,ERR,ERR,ERR,ERR,ERR,ERR,ERR,ERR,ERR,ERR,ERR,ERR,ERR,ERR,ERR,ERR,ERR,ERR,ERR,ERR,ERR,ERR,ERR,ERR,ERR,ERR,ERR,ERR,ERR,ERR,ERR,ERR,ERR,ERR,ERR,ERR,ERR,ERR,ERR,ERR,ERR,ERR,ERR,ERR,ERR,ERR,ERR,ERR,ERR,ERR,ERR,ERR,ERR,ERR,ERR,ERR,ERR,ERR,ERR,ERR,ERR,ERR,ERR,ERR,ERR,ERR,ERR,ERR,ERR,ERR,ERR,ERR,ERR,0.0,0.0,2.6474835549302285e+23,0.0,0.0,1.3936040501711995e+18,7.805,0.0,0,0,4,0,7116,0.0,100,0.0,0.0,0.0,0.0,0.0,0,0,0,0,0.0,0,0,0,0,0,0,0,0,0,0,0,0,0,0,0,0,0,0,0,0,0,0,0,0,0,0,0,0,0,0,0,0,0,31,40,40,71,65476,0,300,0,0,8,21553,0.0,-107605600.0,0.0,0.0,0.0,0.0,0.0,0.0,0.0,0.0,0.0,0.0,0.0,0.0,0.0,0.0,0.0,0.0,0.0,0.0,0.0,0.0,-2.004,0.0,2.004,-2.004,0.0,0.0,0.0,0.0,4486.0,-0.0,6928.0,0.0,0.0,2.7184260577004195e+23,-0.0,0.0,0.0,0.0,0.0,69,-0.0,-152016928112640.0,0.0,0.0,0.0,0.0,0.0,0.0,0.0,0,0,0,0.0,0.0,0.0,0.0,0.0,0.0,0.0,0.0,0.0,0.0,0.0,0.0,0.0,0.0,0.0,0.0,0,-107875648.0,69,0.0,138,0.0,0.0,0,52429,17085,13107,17100,0,17080,0,0,0,70,68,100,2.7302399002429377e+23,82.4,-107615448.0,78.4,-107615464.0,78.5,1,49,50,180,39322,52429,0,0,0.0,0.0,0.0,0.0,-0.0,67.0,0.0,162057.094,0.0,973,0,999,0,0,0,949,0,1021,0,920,0,789,0,780,0,822,0,7520,0.032,5.5340232221128655e+19,0.0,0.0,784,16797,-0.0,162057.094,-114818.039,-0.0,0.133,6.909358625270745e+28,30.0,70.0,35,0.0,0.0,0.0,0.0,0.0,0.0,0.0,0.0,0.0,0.0,0.0,0.0,0.0,0.0,0.0,0.0,66.4,0,150,71,51,65476,0,300,0,0,8,20529,65476,0,0,44564,70.0,0.0,0.0,0.0,0.0,0.0
2026-09-10T21:38:39,ERR,ERR,ERR,ERR,ERR,ERR,ERR,ERR,ERR,ERR,ERR,ERR,ERR,ERR,ERR,ERR,ERR,ERR,ERR,ERR,ERR,ERR,ERR,ERR,ERR,ERR,ERR,ERR,ERR,ERR,ERR,ERR,ERR,ERR,ERR,ERR,ERR,ERR,ERR,ERR,ERR,ERR,ERR,ERR,ERR,ERR,ERR,ERR,ERR,ERR,ERR,ERR,ERR,ERR,ERR,ERR,ERR,ERR,ERR,ERR,ERR,ERR,ERR,ERR,ERR,ERR,ERR,ERR,ERR,ERR,ERR,ERR,ERR,ERR,ERR,ERR,ERR,ERR,ERR,ERR,ERR,ERR,ERR,ERR,ERR,ERR,ERR,ERR,ERR,ERR,ERR,ERR,ERR,ERR,ERR,ERR,ERR,ERR,ERR,ERR,ERR,ERR,ERR,ERR,ERR,ERR,ERR,ERR,ERR,ERR,ERR,ERR,ERR,ERR,ERR,ERR,ERR,ERR,ERR,ERR,ERR,ERR,ERR,ERR,ERR,0.0,0.0,2.6474835549302285e+23,0.0,0.0,1.3936040501711995e+18,7.805,0.0,0,0,4,0,7116,0.0,100,0.0,0.0,0.0,0.0,0.0,0,0,0,0,0.0,0,0,0,0,0,0,0,0,0,0,0,0,0,0,0,0,0,0,0,0,0,0,0,0,0,0,0,0,0,0,0,0,0,31,40,40,71,65476,0,300,0,0,8,21553,0.0,-107605600.0,0.0,0.0,0.0,0.0,0.0,0.0,0.0,0.0,0.0,0.0,0.0,0.0,0.0,0.0,0.0,0.0,0.0,0.0,0.0,0.0,-2.004,0.0,2.004,-2.004,0.0,0.0,0.0,0.0,4486.0,-0.0,6928.0,0.0,0.0,2.7184260577004195e+23,-0.0,0.0,0.0,0.0,0.0,69,-0.0,-152016928112640.0,0.0,0.0,0.0,0.0,0.0,0.0,0.0,0,0,0,0.0,0.0,0.0,0.0,0.0,0.0,0.0,0.0,0.0,0.0,0.0,0.0,0.0,0.0,0.0,0.0,0,-107875648.0,69,0.0,138,0.0,0.0,0,52429,17085,13107,17100,0,17080,0,0,0,70,68,100,2.7302399002429377e+23,82.4,-107615448.0,78.4,-107615464.0,78.5,1,49,50,180,39322,52429,0,0,0.0,0.0,0.0,0.0,-0.0,67.0,0.0,162057.094,0.0,973,0,999,0,0,0,949,0,1021,0,920,0,789,0,780,0,822,0,7520,0.032,5.5340232221128655e+19,0.0,0.0,784,16797,-0.0,162057.094,-114818.039,-0.0,0.133,6.909358625270745e+28,30.0,70.0,35,0.0,0.0,0.0,0.0,0.0,0.0,0.0,0.0,0.0,0.0,0.0,0.0,0.0,0.0,0.0,0.0,66.4,0,150,71,51,65476,0,300,0,0,8,20529,65476,0,0,44564,70.0,0.0,0.0,0.0,0.0,0.0
2026-09-10T21:38:40,ERR,ERR,ERR,ERR,ERR,ERR,ERR,ERR,ERR,ERR,ERR,ERR,ERR,ERR,ERR,ERR,ERR,ERR,ERR,ERR,ERR,ERR,ERR,ERR,ERR,ERR,ERR,ERR,ERR,ERR,ERR,ERR,ERR,ERR,ERR,ERR,ERR,ERR,ERR,ERR,ERR,ERR,ERR,ERR,ERR,ERR,ERR,ERR,ERR,ERR,ERR,ERR,ERR,ERR,ERR,ERR,ERR,ERR,ERR,ERR,ERR,ERR,ERR,ERR,ERR,ERR,ERR,ERR,ERR,ERR,ERR,ERR,ERR,ERR,ERR,ERR,ERR,ERR,ERR,ERR,ERR,ERR,ERR,ERR,ERR,ERR,ERR,ERR,ERR,ERR,ERR,ERR,ERR,ERR,ERR,ERR,ERR,ERR,ERR,ERR,ERR,ERR,ERR,ERR,ERR,ERR,ERR,ERR,ERR,ERR,ERR,ERR,ERR,ERR,ERR,ERR,ERR,ERR,ERR,ERR,ERR,ERR,ERR,ERR,ERR,0.0,0.0,2.6474835549302285e+23,0.0,0.0,1.3936040501711995e+18,7.805,0.0,0,0,4,0,7116,0.0,100,0.0,0.0,0.0,0.0,0.0,0,0,0,0,0.0,0,0,0,0,0,0,0,0,0,0,0,0,0,0,0,0,0,0,0,0,0,0,0,0,0,0,0,0,0,0,0,0,0,31,40,40,71,65476,0,300,0,0,8,21553,0.0,-107605600.0,0.0,0.0,0.0,0.0,0.0,0.0,0.0,0.0,0.0,0.0,0.0,0.0,0.0,0.0,0.0,0.0,0.0,0.0,0.0,0.0,-2.004,0.0,2.004,-2.004,0.0,0.0,0.0,0.0,4486.0,-0.0,6928.0,0.0,0.0,2.7184260577004195e+23,-0.0,0.0,0.0,0.0,0.0,69,-0.0,-152016928112640.0,0.0,0.0,0.0,0.0,0.0,0.0,0.0,0,0,0,0.0,0.0,0.0,0.0,0.0,0.0,0.0,0.0,0.0,0.0,0.0,0.0,0.0,0.0,0.0,0.0,0,-107875648.0,69,0.0,138,0.0,0.0,0,52429,17085,13107,17100,0,17080,0,0,0,70,68,100,2.7302399002429377e+23,82.4,-107615448.0,78.4,-107615464.0,78.5,1,49,50,180,39322,52429,0,0,0.0,0.0,0.0,0.0,-0.0,67.0,0.0,162057.094,0.0,973,0,999,0,0,0,949,0,1021,0,920,0,789,0,780,0,822,0,7520,0.032,5.5340232221128655e+19,0.0,0.0,784,16797,-0.0,162057.094,-114818.039,-0.0,0.133,6.909358625270745e+28,30.0,70.0,35,0.0,0.0,0.0,0.0,0.0,0.0,0.0,0.0,0.0,0.0,0.0,0.0,0.0,0.0,0.0,0.0,66.4,0,150,71,51,65476,0,300,0,0,8,20529,65476,0,0,44564,70.0,0.0,0.0,0.0,0.0,0.0
2026-09-10T21:38:41,ERR,ERR,ERR,ERR,ERR,ERR,ERR,ERR,ERR,ERR,ERR,ERR,ERR,ERR,ERR,ERR,ERR,ERR,ERR,ERR,ERR,ERR,ERR,ERR,ERR,ERR,ERR,ERR,ERR,ERR,ERR,ERR,ERR,ERR,ERR,ERR,ERR,ERR,ERR,ERR,ERR,ERR,ERR,ERR,ERR,ERR,ERR,ERR,ERR,ERR,ERR,ERR,ERR,ERR,ERR,ERR,ERR,ERR,ERR,ERR,ERR,ERR,ERR,ERR,ERR,ERR,ERR,ERR,ERR,ERR,ERR,ERR,ERR,ERR,ERR,ERR,ERR,ERR,ERR,ERR,ERR,ERR,ERR,ERR,ERR,ERR,ERR,ERR,ERR,ERR,ERR,ERR,ERR,ERR,ERR,ERR,ERR,ERR,ERR,ERR,ERR,ERR,ERR,ERR,ERR,ERR,ERR,ERR,ERR,ERR,ERR,ERR,ERR,ERR,ERR,ERR,ERR,ERR,ERR,ERR,ERR,ERR,ERR,ERR,ERR,0.0,0.0,2.6474835549302285e+23,0.0,0.0,1.3936040501711995e+18,7.805,0.0,0,0,4,0,7116,0.0,100,0.0,0.0,0.0,0.0,0.0,0,0,0,0,0.0,0,0,0,0,0,0,0,0,0,0,0,0,0,0,0,0,0,0,0,0,0,0,0,0,0,0,0,0,0,0,0,0,0,31,40,40,71,65476,0,300,0,0,8,21553,0.0,-107605600.0,0.0,0.0,0.0,0.0,0.0,0.0,0.0,0.0,0.0,0.0,0.0,0.0,0.0,0.0,0.0,0.0,0.0,0.0,0.0,0.0,-2.004,0.0,2.004,-2.004,0.0,0.0,0.0,0.0,4486.0,-0.0,6928.0,0.0,0.0,2.7184260577004195e+23,-0.0,0.0,0.0,0.0,0.0,69,-0.0,-152016928112640.0,0.0,0.0,0.0,0.0,0.0,0.0,0.0,0,0,0,0.0,0.0,0.0,0.0,0.0,0.0,0.0,0.0,0.0,0.0,0.0,0.0,0.0,0.0,0.0,0.0,0,-107875648.0,69,0.0,138,0.0,0.0,0,52429,17085,13107,17100,0,17080,0,0,0,70,68,100,2.7302399002429377e+23,82.4,-107615448.0,78.4,-107615464.0,78.5,1,49,50,180,39322,52429,0,0,0.0,0.0,0.0,0.0,-0.0,67.0,0.0,162057.094,0.0,973,0,999,0,0,0,949,0,1021,0,920,0,789,0,780,0,822,0,7520,0.032,5.5340232221128655e+19,0.0,0.0,784,16797,-0.0,162057.094,-114818.039,-0.0,0.133,6.909358625270745e+28,30.0,70.0,35,0.0,0.0,0.0,0.0,0.0,0.0,0.0,0.0,0.0,0.0,0.0,0.0,0.0,0.0,0.0,0.0,66.4,0,150,71,51,65476,0,300,0,0,8,20529,65476,0,0,44564,70.0,0.0,0.0,0.0,0.0,0.0
2026-09-10T21:38:42,ERR,ERR,ERR,ERR,ERR,ERR,ERR,ERR,ERR,ERR,ERR,ERR,ERR,ERR,ERR,ERR,ERR,ERR,ERR,ERR,ERR,ERR,ERR,ERR,ERR,ERR,ERR,ERR,ERR,ERR,ERR,ERR,ERR,ERR,ERR,ERR,ERR,ERR,ERR,ERR,ERR,ERR,ERR,ERR,ERR,ERR,ERR,ERR,ERR,ERR,ERR,ERR,ERR,ERR,ERR,ERR,ERR,ERR,ERR,ERR,ERR,ERR,ERR,ERR,ERR,ERR,ERR,ERR,ERR,ERR,ERR,ERR,ERR,ERR,ERR,ERR,ERR,ERR,ERR,ERR,ERR,ERR,ERR,ERR,ERR,ERR,ERR,ERR,ERR,ERR,ERR,ERR,ERR,ERR,ERR,ERR,ERR,ERR,ERR,ERR,ERR,ERR,ERR,ERR,ERR,ERR,ERR,ERR,ERR,ERR,ERR,ERR,ERR,ERR,ERR,ERR,ERR,ERR,ERR,ERR,ERR,ERR,ERR,ERR,ERR,0.0,0.0,2.6474835549302285e+23,0.0,0.0,1.3936040501711995e+18,7.805,0.0,0,0,4,0,7116,0.0,100,0.0,0.0,0.0,0.0,0.0,0,0,0,0,0.0,0,0,0,0,0,0,0,0,0,0,0,0,0,0,0,0,0,0,0,0,0,0,0,0,0,0,0,0,0,0,0,0,0,31,40,40,71,65476,0,300,0,0,8,21553,0.0,-107605600.0,0.0,0.0,0.0,0.0,0.0,0.0,0.0,0.0,0.0,0.0,0.0,0.0,0.0,0.0,0.0,0.0,0.0,0.0,0.0,0.0,-2.004,0.0,2.004,-2.004,0.0,0.0,0.0,0.0,4486.0,-0.0,6928.0,0.0,0.0,2.7184260577004195e+23,-0.0,0.0,0.0,0.0,0.0,69,-0.0,-152016928112640.0,0.0,0.0,0.0,0.0,0.0,0.0,0.0,0,0,0,0.0,0.0,0.0,0.0,0.0,0.0,0.0,0.0,0.0,0.0,0.0,0.0,0.0,0.0,0.0,0.0,0,-107875648.0,69,0.0,138,0.0,0.0,0,52429,17085,13107,17100,0,17080,0,0,0,70,68,100,2.7302399002429377e+23,82.4,0.0,78.4,-107615464.0,78.5,1,49,50,180,39322,52429,0,0,0.0,0.0,0.0,0.0,-0.0,67.0,0.0,162057.094,0.0,973,0,999,0,0,0,949,0,1021,0,920,0,789,0,780,0,822,0,7520,0.032,5.5340232221128655e+19,0.0,0.0,784,16797,-0.0,162057.094,-114818.039,-0.0,0.133,6.909358625270745e+28,30.0,70.0,35,0.0,0.0,0.0,0.0,0.0,0.0,0.0,0.0,0.0,0.0,0.0,0.0,0.0,0.0,0.0,0.0,66.4,0,150,71,51,65476,0,300,0,0,8,20529,65476,0,0,44564,70.0,0.0,0.0,0.0,0.0,0.0
2026-09-10T21:38:43,ERR,ERR,ERR,ERR,ERR,ERR,ERR,ERR,ERR,ERR,ERR,ERR,ERR,ERR,ERR,ERR,ERR,ERR,ERR,ERR,ERR,ERR,ERR,ERR,ERR,ERR,ERR,ERR,ERR,ERR,ERR,ERR,ERR,ERR,ERR,ERR,ERR,ERR,ERR,ERR,ERR,ERR,ERR,ERR,ERR,ERR,ERR,ERR,ERR,ERR,ERR,ERR,ERR,ERR,ERR,ERR,ERR,ERR,ERR,ERR,ERR,ERR,ERR,ERR,ERR,ERR,ERR,ERR,ERR,ERR,ERR,ERR,ERR,ERR,ERR,ERR,ERR,ERR,ERR,ERR,ERR,ERR,ERR,ERR,ERR,ERR,ERR,ERR,ERR,ERR,ERR,ERR,ERR,ERR,ERR,ERR,ERR,ERR,ERR,ERR,ERR,ERR,ERR,ERR,ERR,ERR,ERR,ERR,ERR,ERR,ERR,ERR,ERR,ERR,ERR,ERR,ERR,ERR,ERR,ERR,ERR,ERR,ERR,ERR,ERR,0.0,0.0,2.6474835549302285e+23,0.0,0.0,1.3936040501711995e+18,7.805,0.0,0,0,4,0,7116,0.0,100,0.0,0.0,0.0,0.0,0.0,0,0,0,0,0.0,0,0,0,0,0,0,0,0,0,0,0,0,0,0,0,0,0,0,0,0,0,0,0,0,0,0,0,0,0,0,0,0,0,31,40,40,71,65476,0,300,0,0,8,21553,0.0,-107605600.0,0.0,0.0,0.0,0.0,0.0,0.0,0.0,0.0,0.0,0.0,0.0,0.0,0.0,0.0,0.0,0.0,0.0,0.0,0.0,0.0,-2.004,2.004,2.004,0.0,0.0,0.0,0.0,0.0,4486.0,-0.0,6929.0,0.0,0.0,2.7184260577004195e+23,-0.0,0.0,0.0,0.0,0.0,69,-0.0,-2.308824356982641e+20,0.0,0.0,0.0,0.0,0.0,0.0,0.0,0,0,0,0.0,0.0,0.0,0.0,0.0,0.0,0.0,0.0,0.0,0.0,0.0,0.0,0.0,0.0,0.0,0.0,0,-107875648.0,69,0.0,138,0.0,0.0,0,52429,17085,13107,17100,0,17080,0,0,0,70,68,100,2.7302399002429377e+23,82.4,0.0,78.4,-107615464.0,78.5,1,49,50,180,39322,52429,0,0,0.0,0.0,0.0,0.0,-0.0,67.0,0.0,162057.094,0.0,973,0,999,0,0,0,949,0,1021,0,920,0,789,0,780,0,822,0,7520,0.032,5.5340232221128655e+19,0.0,0.0,784,16797,-0.0,162057.094,-114818.039,-0.0,0.133,6.909358625270745e+28,30.0,70.0,35,0.0,0.0,0.0,0.0,0.0,0.0,0.0,0.0,0.0,0.0,0.0,0.0,0.0,0.0,0.0,0.0,66.4,0,150,71,51,65476,0,300,0,0,8,20529,65476,0,0,44564,70.0,0.0,0.0,0.0,0.0,0.0
2026-09-10T21:38:44,ERR,ERR,ERR,ERR,ERR,ERR,ERR,ERR,ERR,ERR,ERR,ERR,ERR,ERR,ERR,ERR,ERR,ERR,ERR,ERR,ERR,ERR,ERR,ERR,ERR,ERR,ERR,ERR,ERR,ERR,ERR,ERR,ERR,ERR,ERR,ERR,ERR,ERR,ERR,ERR,ERR,ERR,ERR,ERR,ERR,ERR,ERR,ERR,ERR,ERR,ERR,ERR,ERR,ERR,ERR,ERR,ERR,ERR,ERR,ERR,ERR,ERR,ERR,ERR,ERR,ERR,ERR,ERR,ERR,ERR,ERR,ERR,ERR,ERR,ERR,ERR,ERR,ERR,ERR,ERR,ERR,ERR,ERR,ERR,ERR,ERR,ERR,ERR,ERR,ERR,ERR,ERR,ERR,ERR,ERR,ERR,ERR,ERR,ERR,ERR,ERR,ERR,ERR,ERR,ERR,ERR,ERR,ERR,ERR,ERR,ERR,ERR,ERR,ERR,ERR,ERR,ERR,ERR,ERR,ERR,ERR,ERR,ERR,ERR,ERR,0.0,0.0,2.6474835549302285e+23,0.0,0.0,1.3936040501711995e+18,7.805,0.0,0,0,4,0,7116,0.0,100,0.0,0.0,0.0,0.0,0.0,0,0,0,0,0.0,0,0,0,0,0,0,0,0,0,0,0,0,0,0,0,0,0,0,0,0,0,0,0,0,0,0,0,0,0,0,0,0,0,31,40,40,71,65476,0,300,0,0,8,21553,0.0,-107605600.0,0.0,0.0,0.0,0.0,0.0,0.0,0.0,0.0,0.0,0.0,0.0,0.0,0.0,0.0,0.0,0.0,0.0,0.0,0.0,0.0,-2.004,2.004,2.004,0.0,0.0,0.0,0.0,0.0,4486.0,-0.0,6929.0,0.0,0.0,2.7184260577004195e+23,-0.0,0.0,0.0,0.0,0.0,69,-0.0,-2.308824356982641e+20,0.0,0.0,0.0,0.0,0.0,0.0,0.0,0,0,0,0.0,0.0,0.0,0.0,0.0,0.0,0.0,0.0,0.0,0.0,0.0,0.0,0.0,0.0,0.0,0.0,0,-107875648.0,69,0.0,138,0.0,0.0,0,52429,17085,13107,17100,0,17080,0,0,0,70,68,100,2.7302399002429377e+23,82.4,0.0,78.4,-107615464.0,78.5,1,49,50,180,39322,52429,0,0,0.0,0.0,0.0,0.0,-0.0,67.0,0.0,162057.094,0.0,973,0,999,0,0,0,949,0,1021,0,920,0,789,0,780,0,822,0,7520,0.032,5.5340232221128655e+19,0.0,0.0,784,16797,-0.0,162057.094,-114818.039,-0.0,0.133,6.909358625270745e+28,30.0,70.0,35,0.0,0.0,0.0,0.0,0.0,0.0,0.0,0.0,0.0,0.0,0.0,0.0,0.0,0.0,0.0,0.0,66.4,0,150,71,51,65476,0,300,0,0,8,20529,65476,0,0,44564,70.0,0.0,0.0,0.0,0.0,0.0
2026-09-10T21:38:45,ERR,ERR,ERR,ERR,ERR,ERR,ERR,ERR,ERR,ERR,ERR,ERR,ERR,ERR,ERR,ERR,ERR,ERR,ERR,ERR,ERR,ERR,ERR,ERR,ERR,ERR,ERR,ERR,ERR,ERR,ERR,ERR,ERR,ERR,ERR,ERR,ERR,ERR,ERR,ERR,ERR,ERR,ERR,ERR,ERR,ERR,ERR,ERR,ERR,ERR,ERR,ERR,ERR,ERR,ERR,ERR,ERR,ERR,ERR,ERR,ERR,ERR,ERR,ERR,ERR,ERR,ERR,ERR,ERR,ERR,ERR,ERR,ERR,ERR,ERR,ERR,ERR,ERR,ERR,ERR,ERR,ERR,ERR,ERR,ERR,ERR,ERR,ERR,ERR,ERR,ERR,ERR,ERR,ERR,ERR,ERR,ERR,ERR,ERR,ERR,ERR,ERR,ERR,ERR,ERR,ERR,ERR,ERR,ERR,ERR,ERR,ERR,ERR,ERR,ERR,ERR,ERR,ERR,ERR,ERR,ERR,ERR,ERR,ERR,ERR,0.0,0.0,2.6474835549302285e+23,0.0,0.0,1.3936040501711995e+18,7.805,0.0,0,0,4,0,7116,0.0,100,0.0,0.0,0.0,0.0,0.0,0,0,0,0,0.0,0,0,0,0,0,0,0,0,0,0,0,0,0,0,0,0,0,0,0,0,0,0,0,0,0,0,0,0,0,0,0,0,0,31,40,40,71,65476,0,300,0,0,8,21553,0.0,-107605600.0,0.0,0.0,0.0,0.0,0.0,0.0,0.0,0.0,0.0,0.0,0.0,0.0,0.0,0.0,0.0,0.0,0.0,0.0,0.0,0.0,-2.004,2.004,2.004,0.0,0.0,0.0,0.0,0.0,4486.0,-0.0,6929.0,0.0,0.0,2.7184260577004195e+23,-0.0,0.0,0.0,0.0,0.0,69,-0.0,-2.308824356982641e+20,0.0,0.0,0.0,0.0,0.0,0.0,0.0,0,0,0,0.0,0.0,0.0,0.0,0.0,0.0,0.0,0.0,0.0,0.0,0.0,0.0,0.0,0.0,0.0,0.0,0,-107875648.0,69,0.0,138,0.0,0.0,0,52429,17085,13107,17100,0,17080,0,0,0,70,68,100,2.7302399002429377e+23,82.4,0.0,78.4,-107615464.0,78.5,1,49,50,180,39322,52429,0,0,0.0,0.0,0.0,0.0,-0.0,67.0,0.0,162057.094,0.0,973,0,999,0,0,0,949,0,1021,0,920,0,789,0,780,0,822,0,7520,0.032,5.5340232221128655e+19,0.0,0.0,784,16797,-0.0,162057.094,-114818.039,-0.0,0.133,6.909358625270745e+28,30.0,70.0,35,0.0,0.0,0.0,0.0,0.0,0.0,0.0,0.0,0.0,0.0,0.0,0.0,0.0,0.0,0.0,0.0,66.8,0,150,71,51,65476,0,300,0,0,8,20529,65476,0,0,44564,70.0,0.0,0.0,0.0,0.0,0.0
2026-09-10T21:38:46,ERR,ERR,ERR,ERR,ERR,ERR,ERR,ERR,ERR,ERR,ERR,ERR,ERR,ERR,ERR,ERR,ERR,ERR,ERR,ERR,ERR,ERR,ERR,ERR,ERR,ERR,ERR,ERR,ERR,ERR,ERR,ERR,ERR,ERR,ERR,ERR,ERR,ERR,ERR,ERR,ERR,ERR,ERR,ERR,ERR,ERR,ERR,ERR,ERR,ERR,ERR,ERR,ERR,ERR,ERR,ERR,ERR,ERR,ERR,ERR,ERR,ERR,ERR,ERR,ERR,ERR,ERR,ERR,ERR,ERR,ERR,ERR,ERR,ERR,ERR,ERR,ERR,ERR,ERR,ERR,ERR,ERR,ERR,ERR,ERR,ERR,ERR,ERR,ERR,ERR,ERR,ERR,ERR,ERR,ERR,ERR,ERR,ERR,ERR,ERR,ERR,ERR,ERR,ERR,ERR,ERR,ERR,ERR,ERR,ERR,ERR,ERR,ERR,ERR,ERR,ERR,ERR,ERR,ERR,ERR,ERR,ERR,ERR,ERR,ERR,0.0,0.0,2.6474835549302285e+23,0.0,0.0,1.3936040501711995e+18,7.805,0.0,0,0,4,0,7116,0.0,100,0.0,0.0,0.0,0.0,0.0,0,0,0,0,0.0,0,0,0,0,0,0,0,0,0,0,0,0,0,0,0,0,0,0,0,0,0,0,0,0,0,0,0,0,0,0,0,0,0,31,40,40,71,65476,0,300,0,0,8,21553,0.0,-107605600.0,0.0,0.0,0.0,0.0,0.0,0.0,0.0,0.0,0.0,0.0,0.0,0.0,0.0,0.0,0.0,0.0,0.0,0.0,0.0,0.0,-2.004,2.004,2.004,0.0,0.0,0.0,0.0,0.0,4486.0,-0.0,6929.0,0.0,0.0,2.7184260577004195e+23,-0.0,0.0,0.0,0.0,0.0,69,-0.0,-2.308824356982641e+20,0.0,0.0,0.0,0.0,0.0,0.0,0.0,0,0,0,0.0,0.0,0.0,0.0,0.0,0.0,0.0,0.0,0.0,0.0,0.0,0.0,0.0,0.0,0.0,0.0,0,-107875648.0,69,0.0,138,0.0,0.0,0,52429,17085,13107,17100,0,17080,0,0,0,70,68,100,2.7302399002429377e+23,82.4,-107615448.0,77.9,-107615464.0,78.5,1,49,50,180,39322,52429,0,0,0.0,0.0,0.0,0.0,-0.0,67.0,0.0,162057.094,0.0,973,0,999,0,0,0,949,0,1021,0,920,0,789,0,779,0,822,0,7520,0.032,5.505200184497694e+19,0.0,0.0,784,16797,-0.0,162057.094,-114818.039,-0.0,0.133,6.909358625270745e+28,30.0,70.0,35,0.0,0.0,0.0,0.0,0.0,0.0,0.0,0.0,0.0,0.0,0.0,0.0,0.0,0.0,0.0,0.0,66.8,0,150,71,51,65476,0,300,0,0,8,20529,65476,0,0,44564,70.0,0.0,0.0,0.0,0.0,0.0
2026-09-10T21:38:47,ERR,ERR,ERR,ERR,ERR,ERR,ERR,ERR,ERR,ERR,ERR,ERR,ERR,ERR,ERR,ERR,ERR,ERR,ERR,ERR,ERR,ERR,ERR,ERR,ERR,ERR,ERR,ERR,ERR,ERR,ERR,ERR,ERR,ERR,ERR,ERR,ERR,ERR,ERR,ERR,ERR,ERR,ERR,ERR,ERR,ERR,ERR,ERR,ERR,ERR,ERR,ERR,ERR,ERR,ERR,ERR,ERR,ERR,ERR,ERR,ERR,ERR,ERR,ERR,ERR,ERR,ERR,ERR,ERR,ERR,ERR,ERR,ERR,ERR,ERR,ERR,ERR,ERR,ERR,ERR,ERR,ERR,ERR,ERR,ERR,ERR,ERR,ERR,ERR,ERR,ERR,ERR,ERR,ERR,ERR,ERR,ERR,ERR,ERR,ERR,ERR,ERR,ERR,ERR,ERR,ERR,ERR,ERR,ERR,ERR,ERR,ERR,ERR,ERR,ERR,ERR,ERR,ERR,ERR,ERR,ERR,ERR,ERR,ERR,ERR,0.0,0.0,2.6474835549302285e+23,0.0,0.0,1.3936040501711995e+18,7.805,0.0,0,0,4,0,7116,0.0,100,0.0,0.0,0.0,0.0,0.0,0,0,0,0,0.0,0,0,0,0,0,0,0,0,0,0,0,0,0,0,0,0,0,0,0,0,0,0,0,0,0,0,0,0,0,0,0,0,0,31,40,40,71,65476,0,300,0,0,8,21553,0.0,-107605600.0,0.0,0.0,0.0,0.0,0.0,0.0,0.0,0.0,0.0,0.0,0.0,0.0,0.0,0.0,0.0,0.0,0.0,0.0,0.0,0.0,-2.004,2.004,2.004,0.0,0.0,0.0,0.0,0.0,4486.0,-0.0,6929.0,0.0,0.0,2.7184260577004195e+23,-0.0,0.0,0.0,0.0,0.0,69,-0.0,-2.308824356982641e+20,0.0,0.0,0.0,0.0,0.0,0.0,0.0,0,0,0,0.0,0.0,0.0,0.0,0.0,0.0,0.0,0.0,0.0,0.0,0.0,0.0,0.0,0.0,0.0,0.0,0,-107875648.0,69,0.0,138,0.0,0.0,0,52429,17085,13107,17100,0,17080,0,0,0,70,68,100,2.7302399002429377e+23,82.4,-107615448.0,77.9,-107615464.0,78.5,1,49,50,180,39322,52429,0,0,0.0,0.0,0.0,0.0,-0.0,67.0,0.0,162057.094,0.0,973,0,999,0,0,0,949,0,1021,0,920,0,789,0,779,0,822,0,7520,0.032,5.505200184497694e+19,0.0,0.0,784,16797,-0.0,162057.094,-114818.039,-0.0,0.133,6.909358625270745e+28,30.0,70.0,35,0.0,0.0,0.0,0.0,0.0,0.0,0.0,0.0,0.0,0.0,0.0,0.0,0.0,0.0,0.0,0.0,66.8,0,150,71,51,65476,0,300,0,0,8,20529,65476,0,0,44564,70.0,0.0,0.0,0.0,0.0,0.0
2026-09-10T21:38:48,ERR,ERR,ERR,ERR,ERR,ERR,ERR,ERR,ERR,ERR,ERR,ERR,ERR,ERR,ERR,ERR,ERR,ERR,ERR,ERR,ERR,ERR,ERR,ERR,ERR,ERR,ERR,ERR,ERR,ERR,ERR,ERR,ERR,ERR,ERR,ERR,ERR,ERR,ERR,ERR,ERR,ERR,ERR,ERR,ERR,ERR,ERR,ERR,ERR,ERR,ERR,ERR,ERR,ERR,ERR,ERR,ERR,ERR,ERR,ERR,ERR,ERR,ERR,ERR,ERR,ERR,ERR,ERR,ERR,ERR,ERR,ERR,ERR,ERR,ERR,ERR,ERR,ERR,ERR,ERR,ERR,ERR,ERR,ERR,ERR,ERR,ERR,ERR,ERR,ERR,ERR,ERR,ERR,ERR,ERR,ERR,ERR,ERR,ERR,ERR,ERR,ERR,ERR,ERR,ERR,ERR,ERR,ERR,ERR,ERR,ERR,ERR,ERR,ERR,ERR,ERR,ERR,ERR,ERR,ERR,ERR,ERR,ERR,ERR,ERR,0.0,0.0,2.6474835549302285e+23,0.0,0.0,1.3936040501711995e+18,7.805,0.0,0,0,4,0,7116,0.0,100,0.0,0.0,0.0,0.0,0.0,0,0,0,0,0.0,0,0,0,0,0,0,0,0,0,0,0,0,0,0,0,0,0,0,0,0,0,0,0,0,0,0,0,0,0,0,0,0,0,31,40,40,71,65476,0,300,0,0,8,21553,0.0,-107605600.0,0.0,0.0,0.0,0.0,0.0,0.0,0.0,0.0,0.0,0.0,0.0,0.0,0.0,0.0,0.0,0.0,0.0,0.0,0.0,0.0,-2.004,2.004,2.004,0.0,0.0,0.0,0.0,0.0,4486.0,-0.0,6929.0,0.0,0.0,2.7184260577004195e+23,-0.0,0.0,0.0,0.0,0.0,69,-0.0,-2.308824356982641e+20,0.0,0.0,0.0,0.0,0.0,0.0,0.0,0,0,0,0.0,0.0,0.0,0.0,0.0,0.0,0.0,0.0,0.0,0.0,0.0,0.0,0.0,0.0,0.0,0.0,0,-107875648.0,69,0.0,138,0.0,0.0,0,52429,17085,13107,17100,0,17080,0,0,0,70,68,100,2.7302399002429377e+23,82.4,-107615448.0,77.9,-107615464.0,78.5,1,49,50,180,39322,52429,0,0,0.0,0.0,0.0,0.0,-0.0,67.0,0.0,162057.094,0.0,973,0,999,0,0,0,949,0,1021,0,920,0,789,0,779,0,822,0,7520,0.032,5.505200184497694e+19,0.0,0.0,784,16797,-0.0,162057.094,-114818.039,-0.0,0.133,6.909358625270745e+28,30.0,70.0,35,0.0,0.0,0.0,0.0,0.0,0.0,0.0,0.0,0.0,0.0,0.0,0.0,0.0,0.0,0.0,0.0,66.4,0,150,71,51,65476,0,300,0,0,8,20529,65476,0,0,44564,70.0,0.0,0.0,0.0,0.0,0.0
2026-09-10T21:38:49,ERR,ERR,ERR,ERR,ERR,ERR,ERR,ERR,ERR,ERR,ERR,ERR,ERR,ERR,ERR,ERR,ERR,ERR,ERR,ERR,ERR,ERR,ERR,ERR,ERR,ERR,ERR,ERR,ERR,ERR,ERR,ERR,ERR,ERR,ERR,ERR,ERR,ERR,ERR,ERR,ERR,ERR,ERR,ERR,ERR,ERR,ERR,ERR,ERR,ERR,ERR,ERR,ERR,ERR,ERR,ERR,ERR,ERR,ERR,ERR,ERR,ERR,ERR,ERR,ERR,ERR,ERR,ERR,ERR,ERR,ERR,ERR,ERR,ERR,ERR,ERR,ERR,ERR,ERR,ERR,ERR,ERR,ERR,ERR,ERR,ERR,ERR,ERR,ERR,ERR,ERR,ERR,ERR,ERR,ERR,ERR,ERR,ERR,ERR,ERR,ERR,ERR,ERR,ERR,ERR,ERR,ERR,ERR,ERR,ERR,ERR,ERR,ERR,ERR,ERR,ERR,ERR,ERR,ERR,ERR,ERR,ERR,ERR,ERR,ERR,0.0,0.0,2.6474835549302285e+23,0.0,0.0,1.3936040501711995e+18,7.805,0.0,0,0,4,0,7116,0.0,100,0.0,0.0,0.0,0.0,0.0,0,0,0,0,0.0,0,0,0,0,0,0,0,0,0,0,0,0,0,0,0,0,0,0,0,0,0,0,0,0,0,0,0,0,0,0,0,0,0,31,40,40,71,65476,0,300,0,0,8,21553,0.0,-107605600.0,0.0,0.0,0.0,0.0,0.0,0.0,0.0,0.0,0.0,0.0,0.0,0.0,0.0,0.0,0.0,0.0,0.0,0.0,0.0,0.0,-2.004,2.004,2.004,0.0,0.0,0.0,0.0,0.0,4487.0,-0.0,6928.0,0.0,0.0,2.7184260577004195e+23,2.718429120148166e+23,0.0,0.0,0.0,0.0,69,-0.0,-152016928112640.0,0.0,0.0,0.0,0.0,0.0,0.0,0.0,0,0,0,0.0,0.0,0.0,0.0,0.0,0.0,0.0,0.0,0.0,0.0,0.0,0.0,0.0,0.0,0.0,0.0,0,-107875648.0,69,0.0,138,0.0,0.0,0,52429,17085,13107,17100,0,17080,0,0,0,70,68,100,2.7302399002429377e+23,82.4,-107615448.0,77.9,-107615464.0,78.5,1,49,50,180,39322,52429,0,0,0.0,0.0,0.0,0.0,-0.0,67.0,0.0,162057.094,0.0,973,0,999,0,0,0,949,0,1021,0,920,0,789,0,779,0,822,0,7520,0.032,5.505200184497694e+19,0.0,0.0,784,16797,-0.0,162057.094,-114818.039,-0.0,0.133,6.909358625270745e+28,30.0,70.0,35,0.0,0.0,0.0,0.0,0.0,0.0,0.0,0.0,0.0,0.0,0.0,0.0,0.0,0.0,0.0,0.0,66.4,0,150,71,51,65476,0,300,0,0,8,20529,65476,0,0,44564,70.0,0.0,0.0,0.0,0.0,0.0
2026-09-10T21:38:50,ERR,ERR,ERR,ERR,ERR,ERR,ERR,ERR,ERR,ERR,ERR,ERR,ERR,ERR,ERR,ERR,ERR,ERR,ERR,ERR,ERR,ERR,ERR,ERR,ERR,ERR,ERR,ERR,ERR,ERR,ERR,ERR,ERR,ERR,ERR,ERR,ERR,ERR,ERR,ERR,ERR,ERR,ERR,ERR,ERR,ERR,ERR,ERR,ERR,ERR,ERR,ERR,ERR,ERR,ERR,ERR,ERR,ERR,ERR,ERR,ERR,ERR,ERR,ERR,ERR,ERR,ERR,ERR,ERR,ERR,ERR,ERR,ERR,ERR,ERR,ERR,ERR,ERR,ERR,ERR,ERR,ERR,ERR,ERR,ERR,ERR,ERR,ERR,ERR,ERR,ERR,ERR,ERR,ERR,ERR,ERR,ERR,ERR,ERR,ERR,ERR,ERR,ERR,ERR,ERR,ERR,ERR,ERR,ERR,ERR,ERR,ERR,ERR,ERR,ERR,ERR,ERR,ERR,ERR,ERR,ERR,ERR,ERR,ERR,ERR,0.0,0.0,2.6474835549302285e+23,0.0,0.0,1.3936040501711995e+18,7.805,0.0,0,0,4,0,7116,0.0,100,0.0,0.0,0.0,0.0,0.0,0,0,0,0,0.0,0,0,0,0,0,0,0,0,0,0,0,0,0,0,0,0,0,0,0,0,0,0,0,0,0,0,0,0,0,0,0,0,0,31,40,40,71,65476,0,300,0,0,8,21553,0.0,-107605600.0,0.0,0.0,0.0,0.0,0.0,0.0,0.0,0.0,0.0,0.0,0.0,0.0,0.0,0.0,0.0,0.0,0.0,0.0,0.0,0.0,-2.004,2.004,2.004,0.0,0.0,0.0,0.0,0.0,4487.0,-0.0,6928.0,0.0,0.0,2.7184260577004195e+23,2.718429120148166e+23,0.0,0.0,0.0,0.0,69,-0.0,-152016928112640.0,0.0,0.0,0.0,0.0,0.0,0.0,0.0,0,0,0,0.0,0.0,0.0,0.0,0.0,0.0,0.0,0.0,0.0,0.0,0.0,0.0,0.0,0.0,0.0,0.0,0,-107875648.0,69,0.0,138,0.0,0.0,0,52429,17085,13107,17100,0,17080,0,0,0,70,68,100,2.7302399002429377e+23,82.4,-107615448.0,77.9,-107615464.0,78.5,1,49,50,180,39322,52429,0,0,0.0,0.0,0.0,0.0,-0.0,67.0,0.0,162057.094,0.0,973,0,999,0,0,0,949,0,1021,0,920,0,789,0,779,0,822,0,7520,0.032,5.505200184497694e+19,0.0,0.0,784,16797,-0.0,162057.094,-114818.039,-0.0,0.133,6.909358625270745e+28,30.0,70.0,35,0.0,0.0,0.0,0.0,0.0,0.0,0.0,0.0,0.0,0.0,0.0,0.0,0.0,0.0,0.0,0.0,66.4,0,150,71,51,65476,0,300,0,0,8,20529,65476,0,0,44564,70.0,0.0,0.0,0.0,0.0,0.0
2026-09-10T21:38:51,ERR,ERR,ERR,ERR,ERR,ERR,ERR,ERR,ERR,ERR,ERR,ERR,ERR,ERR,ERR,ERR,ERR,ERR,ERR,ERR,ERR,ERR,ERR,ERR,ERR,ERR,ERR,ERR,ERR,ERR,ERR,ERR,ERR,ERR,ERR,ERR,ERR,ERR,ERR,ERR,ERR,ERR,ERR,ERR,ERR,ERR,ERR,ERR,ERR,ERR,ERR,ERR,ERR,ERR,ERR,ERR,ERR,ERR,ERR,ERR,ERR,ERR,ERR,ERR,ERR,ERR,ERR,ERR,ERR,ERR,ERR,ERR,ERR,ERR,ERR,ERR,ERR,ERR,ERR,ERR,ERR,ERR,ERR,ERR,ERR,ERR,ERR,ERR,ERR,ERR,ERR,ERR,ERR,ERR,ERR,ERR,ERR,ERR,ERR,ERR,ERR,ERR,ERR,ERR,ERR,ERR,ERR,ERR,ERR,ERR,ERR,ERR,ERR,ERR,ERR,ERR,ERR,ERR,ERR,ERR,ERR,ERR,ERR,ERR,ERR,0.0,0.0,2.6474835549302285e+23,0.0,0.0,1.3936040501711995e+18,7.805,0.0,0,0,4,0,7116,0.0,100,0.0,0.0,0.0,0.0,0.0,0,0,0,0,0.0,0,0,0,0,0,0,0,0,0,0,0,0,0,0,0,0,0,0,0,0,0,0,0,0,0,0,0,0,0,0,0,0,0,31,40,40,71,65476,0,300,0,0,8,21553,0.0,-107605600.0,0.0,0.0,0.0,0.0,0.0,0.0,0.0,0.0,0.0,0.0,0.0,0.0,0.0,0.0,0.0,0.0,0.0,0.0,0.0,0.0,-2.004,2.004,2.004,0.0,0.0,0.0,0.0,0.0,4487.0,-0.0,6928.0,0.0,0.0,2.7184260577004195e+23,2.718429120148166e+23,0.0,0.0,0.0,0.0,69,-0.0,-152016928112640.0,0.0,0.0,0.0,0.0,0.0,0.0,0.0,0,0,0,0.0,0.0,0.0,0.0,0.0,0.0,0.0,0.0,0.0,0.0,0.0,0.0,0.0,0.0,0.0,0.0,0,-107875648.0,69,0.0,138,0.0,0.0,0,52429,17085,13107,17100,0,17080,0,0,0,70,68,100,2.7302399002429377e+23,82.0,0.0,78.4,-107615464.0,78.5,1,49,50,180,39322,52429,0,0,0.0,0.0,0.0,0.0,-0.0,67.0,0.0,162057.094,0.0,973,0,999,0,0,0,949,0,1021,0,920,0,789,0,779,0,821,0,7520,0.032,5.505200184497694e+19,0.0,0.0,784,16797,-0.0,162057.094,-114818.039,-0.0,0.133,6.909358625270745e+28,30.0,70.0,35,0.0,0.0,0.0,0.0,0.0,0.0,0.0,0.0,0.0,0.0,0.0,0.0,0.0,0.0,0.0,0.0,66.4,0,150,71,51,65476,0,300,0,0,8,20529,65476,0,0,44564,70.0,0.0,0.0,0.0,0.0,0.0
2026-09-10T21:38:52,ERR,ERR,ERR,ERR,ERR,ERR,ERR,ERR,ERR,ERR,ERR,ERR,ERR,ERR,ERR,ERR,ERR,ERR,ERR,ERR,ERR,ERR,ERR,ERR,ERR,ERR,ERR,ERR,ERR,ERR,ERR,ERR,ERR,ERR,ERR,ERR,ERR,ERR,ERR,ERR,ERR,ERR,ERR,ERR,ERR,ERR,ERR,ERR,ERR,ERR,ERR,ERR,ERR,ERR,ERR,ERR,ERR,ERR,ERR,ERR,ERR,ERR,ERR,ERR,ERR,ERR,ERR,ERR,ERR,ERR,ERR,ERR,ERR,ERR,ERR,ERR,ERR,ERR,ERR,ERR,ERR,ERR,ERR,ERR,ERR,ERR,ERR,ERR,ERR,ERR,ERR,ERR,ERR,ERR,ERR,ERR,ERR,ERR,ERR,ERR,ERR,ERR,ERR,ERR,ERR,ERR,ERR,ERR,ERR,ERR,ERR,ERR,ERR,ERR,ERR,ERR,ERR,ERR,ERR,ERR,ERR,ERR,ERR,ERR,ERR,0.0,0.0,2.6474835549302285e+23,0.0,0.0,1.3936040501711995e+18,7.805,0.0,0,0,4,0,7116,0.0,100,0.0,0.0,0.0,0.0,0.0,0,0,0,0,0.0,0,0,0,0,0,0,0,0,0,0,0,0,0,0,0,0,0,0,0,0,0,0,0,0,0,0,0,0,0,0,0,0,0,31,40,40,71,65476,0,300,0,0,8,21553,0.0,-107605600.0,0.0,0.0,0.0,0.0,0.0,0.0,0.0,0.0,0.0,0.0,0.0,0.0,0.0,0.0,0.0,0.0,0.0,0.0,0.0,0.0,-2.004,2.004,2.004,0.0,0.0,0.0,0.0,0.0,4487.0,-0.0,6928.0,0.0,0.0,2.7184260577004195e+23,2.718429120148166e+23,0.0,0.0,0.0,0.0,69,-0.0,-152016928112640.0,0.0,0.0,0.0,0.0,0.0,0.0,0.0,0,0,0,0.0,0.0,0.0,0.0,0.0,0.0,0.0,0.0,0.0,0.0,0.0,0.0,0.0,0.0,0.0,0.0,0,-107875648.0,69,0.0,138,0.0,0.0,0,52429,17085,13107,17100,0,17080,0,0,0,70,68,100,2.7302399002429377e+23,82.0,0.0,78.4,-107615464.0,78.5,1,49,50,180,39322,52429,0,0,0.0,0.0,0.0,0.0,-0.0,67.0,0.0,162057.094,0.0,973,0,999,0,0,0,949,0,1021,0,920,0,789,0,779,0,821,0,7520,0.032,5.505200184497694e+19,0.0,0.0,784,16797,-0.0,162057.094,-114818.039,-0.0,0.133,6.909358625270745e+28,30.0,70.0,35,0.0,0.0,0.0,0.0,0.0,0.0,0.0,0.0,0.0,0.0,0.0,0.0,0.0,0.0,0.0,0.0,66.4,0,150,71,51,65476,0,300,0,0,8,20529,65476,0,0,44564,70.0,0.0,0.0,0.0,0.0,0.0
2026-09-10T21:38:53,ERR,ERR,ERR,ERR,ERR,ERR,ERR,ERR,ERR,ERR,ERR,ERR,ERR,ERR,ERR,ERR,ERR,ERR,ERR,ERR,ERR,ERR,ERR,ERR,ERR,ERR,ERR,ERR,ERR,ERR,ERR,ERR,ERR,ERR,ERR,ERR,ERR,ERR,ERR,ERR,ERR,ERR,ERR,ERR,ERR,ERR,ERR,ERR,ERR,ERR,ERR,ERR,ERR,ERR,ERR,ERR,ERR,ERR,ERR,ERR,ERR,ERR,ERR,ERR,ERR,ERR,ERR,ERR,ERR,ERR,ERR,ERR,ERR,ERR,ERR,ERR,ERR,ERR,ERR,ERR,ERR,ERR,ERR,ERR,ERR,ERR,ERR,ERR,ERR,ERR,ERR,ERR,ERR,ERR,ERR,ERR,ERR,ERR,ERR,ERR,ERR,ERR,ERR,ERR,ERR,ERR,ERR,ERR,ERR,ERR,ERR,ERR,ERR,ERR,ERR,ERR,ERR,ERR,ERR,ERR,ERR,ERR,ERR,ERR,ERR,0.0,0.0,2.6474835549302285e+23,0.0,0.0,1.3936040501711995e+18,7.805,0.0,0,0,4,0,7116,0.0,100,0.0,0.0,0.0,0.0,0.0,0,0,0,0,0.0,0,0,0,0,0,0,0,0,0,0,0,0,0,0,0,0,0,0,0,0,0,0,0,0,0,0,0,0,0,0,0,0,0,31,40,40,71,65476,0,300,0,0,8,21553,0.0,-107605600.0,0.0,0.0,0.0,0.0,0.0,0.0,0.0,0.0,0.0,0.0,0.0,0.0,0.0,0.0,0.0,0.0,0.0,0.0,0.0,0.0,-2.004,2.004,2.004,0.0,0.0,0.0,0.0,0.0,4487.0,-0.0,6928.0,0.0,0.0,2.7184260577004195e+23,2.718429120148166e+23,0.0,0.0,0.0,0.0,69,-0.0,-152016928112640.0,0.0,0.0,0.0,0.0,0.0,0.0,0.0,0,0,0,0.0,0.0,0.0,0.0,0.0,0.0,0.0,0.0,0.0,0.0,0.0,0.0,0.0,0.0,0.0,0.0,0,-107875648.0,69,0.0,138,0.0,0.0,0,52429,17085,13107,17100,0,17080,0,0,0,70,68,100,2.7302399002429377e+23,82.0,0.0,78.4,-107615464.0,78.5,1,49,50,180,39322,52429,0,0,0.0,0.0,0.0,0.0,-0.0,67.0,0.0,162057.094,0.0,973,0,999,0,0,0,949,0,1021,0,920,0,789,0,779,0,821,0,7520,0.032,5.505200184497694e+19,0.0,0.0,784,16797,-0.0,162057.094,-114818.039,-0.0,0.133,6.909358625270745e+28,30.0,70.0,35,0.0,0.0,0.0,0.0,0.0,0.0,0.0,0.0,0.0,0.0,0.0,0.0,0.0,0.0,0.0,0.0,66.4,0,150,71,51,65476,0,300,0,0,8,20529,65476,0,0,44564,70.0,0.0,0.0,0.0,0.0,0.0
2026-09-10T21:38:54,ERR,ERR,ERR,ERR,ERR,ERR,ERR,ERR,ERR,ERR,ERR,ERR,ERR,ERR,ERR,ERR,ERR,ERR,ERR,ERR,ERR,ERR,ERR,ERR,ERR,ERR,ERR,ERR,ERR,ERR,ERR,ERR,ERR,ERR,ERR,ERR,ERR,ERR,ERR,ERR,ERR,ERR,ERR,ERR,ERR,ERR,ERR,ERR,ERR,ERR,ERR,ERR,ERR,ERR,ERR,ERR,ERR,ERR,ERR,ERR,ERR,ERR,ERR,ERR,ERR,ERR,ERR,ERR,ERR,ERR,ERR,ERR,ERR,ERR,ERR,ERR,ERR,ERR,ERR,ERR,ERR,ERR,ERR,ERR,ERR,ERR,ERR,ERR,ERR,ERR,ERR,ERR,ERR,ERR,ERR,ERR,ERR,ERR,ERR,ERR,ERR,ERR,ERR,ERR,ERR,ERR,ERR,ERR,ERR,ERR,ERR,ERR,ERR,ERR,ERR,ERR,ERR,ERR,ERR,ERR,ERR,ERR,ERR,ERR,ERR,0.0,0.0,2.6474835549302285e+23,0.0,0.0,1.3936040501711995e+18,7.805,0.0,0,0,4,0,7116,0.0,100,0.0,0.0,0.0,0.0,0.0,0,0,0,0,0.0,0,0,0,0,0,0,0,0,0,0,0,0,0,0,0,0,0,0,0,0,0,0,0,0,0,0,0,0,0,0,0,0,0,31,40,40,71,65476,0,300,0,0,8,21553,0.0,-107605600.0,0.0,0.0,0.0,0.0,0.0,0.0,0.0,0.0,0.0,0.0,0.0,0.0,0.0,0.0,0.0,0.0,0.0,0.0,0.0,0.0,-2.004,2.004,2.004,0.0,0.0,0.0,0.0,0.0,4487.0,-0.0,6928.0,0.0,0.0,2.7184260577004195e+23,2.718429120148166e+23,0.0,0.0,0.0,0.0,69,-0.0,-152016928112640.0,0.0,0.0,0.0,0.0,0.0,0.0,0.0,0,0,0,0.0,0.0,0.0,0.0,0.0,0.0,0.0,0.0,0.0,0.0,0.0,0.0,0.0,0.0,0.0,0.0,0,-107875648.0,69,0.0,138,0.0,0.0,0,52429,17085,13107,17100,0,17080,0,0,0,70,68,100,2.7302399002429377e+23,82.0,0.0,78.4,-107615464.0,78.5,1,49,50,180,39322,52429,0,0,0.0,0.0,0.0,0.0,-0.0,67.0,0.0,162057.094,0.0,973,0,999,0,0,0,949,0,1021,0,920,0,789,0,779,0,821,0,7520,0.032,5.505200184497694e+19,0.0,0.0,784,16797,-0.0,162057.094,-114818.039,-0.0,0.133,6.909358625270745e+28,30.0,70.0,35,0.0,0.0,0.0,0.0,0.0,0.0,0.0,0.0,0.0,0.0,0.0,0.0,0.0,0.0,0.0,0.0,66.4,0,150,71,51,65476,0,300,0,0,8,20529,65476,0,0,44564,70.0,0.0,0.0,0.0,0.0,0.0
2026-09-10T21:38:55,ERR,ERR,ERR,ERR,ERR,ERR,ERR,ERR,ERR,ERR,ERR,ERR,ERR,ERR,ERR,ERR,ERR,ERR,ERR,ERR,ERR,ERR,ERR,ERR,ERR,ERR,ERR,ERR,ERR,ERR,ERR,ERR,ERR,ERR,ERR,ERR,ERR,ERR,ERR,ERR,ERR,ERR,ERR,ERR,ERR,ERR,ERR,ERR,ERR,ERR,ERR,ERR,ERR,ERR,ERR,ERR,ERR,ERR,ERR,ERR,ERR,ERR,ERR,ERR,ERR,ERR,ERR,ERR,ERR,ERR,ERR,ERR,ERR,ERR,ERR,ERR,ERR,ERR,ERR,ERR,ERR,ERR,ERR,ERR,ERR,ERR,ERR,ERR,ERR,ERR,ERR,ERR,ERR,ERR,ERR,ERR,ERR,ERR,ERR,ERR,ERR,ERR,ERR,ERR,ERR,ERR,ERR,ERR,ERR,ERR,ERR,ERR,ERR,ERR,ERR,ERR,ERR,ERR,ERR,ERR,ERR,ERR,ERR,ERR,ERR,0.0,0.0,2.6474835549302285e+23,0.0,0.0,1.3936040501711995e+18,7.805,0.0,0,0,4,0,7116,0.0,100,0.0,0.0,0.0,0.0,0.0,0,0,0,0,0.0,0,0,0,0,0,0,0,0,0,0,0,0,0,0,0,0,0,0,0,0,0,0,0,0,0,0,0,0,0,0,0,0,0,31,40,40,71,65476,0,300,0,0,8,21553,0.0,-107605600.0,0.0,0.0,0.0,0.0,0.0,0.0,0.0,0.0,0.0,0.0,0.0,0.0,0.0,0.0,0.0,0.0,0.0,0.0,0.0,0.0,-2.004,2.004,2.004,0.0,0.0,0.0,0.0,0.0,4487.0,-0.0,6928.0,0.0,0.0,2.7184260577004195e+23,2.718429120148166e+23,0.0,0.0,0.0,0.0,69,-0.0,-152016928112640.0,0.0,0.0,0.0,0.0,0.0,0.0,0.0,0,0,0,0.0,0.0,0.0,0.0,0.0,0.0,0.0,0.0,0.0,0.0,0.0,0.0,0.0,0.0,0.0,0.0,0,-107875648.0,69,0.0,138,0.0,0.0,0,52429,17085,13107,17100,0,17080,0,0,0,70,68,100,2.7302399002429377e+23,82.0,0.0,78.4,-107615464.0,78.5,1,49,50,180,39322,52429,0,0,0.0,0.0,0.0,0.0,-0.0,67.0,0.0,162057.094,0.0,973,0,999,0,0,0,949,0,1021,0,920,0,789,0,779,0,821,0,7520,0.032,5.505200184497694e+19,0.0,0.0,784,16797,-0.0,162057.094,-114818.039,-0.0,0.133,6.909358625270745e+28,30.0,70.0,35,0.0,0.0,0.0,0.0,0.0,0.0,0.0,0.0,0.0,0.0,0.0,0.0,0.0,0.0,0.0,0.0,66.4,0,150,71,51,65476,0,300,0,0,8,20529,65476,0,0,44564,70.0,0.0,0.0,0.0,0.0,0.0
2026-09-10T21:38:56,ERR,ERR,ERR,ERR,ERR,ERR,ERR,ERR,ERR,ERR,ERR,ERR,ERR,ERR,ERR,ERR,ERR,ERR,ERR,ERR,ERR,ERR,ERR,ERR,ERR,ERR,ERR,ERR,ERR,ERR,ERR,ERR,ERR,ERR,ERR,ERR,ERR,ERR,ERR,ERR,ERR,ERR,ERR,ERR,ERR,ERR,ERR,ERR,ERR,ERR,ERR,ERR,ERR,ERR,ERR,ERR,ERR,ERR,ERR,ERR,ERR,ERR,ERR,ERR,ERR,ERR,ERR,ERR,ERR,ERR,ERR,ERR,ERR,ERR,ERR,ERR,ERR,ERR,ERR,ERR,ERR,ERR,ERR,ERR,ERR,ERR,ERR,ERR,ERR,ERR,ERR,ERR,ERR,ERR,ERR,ERR,ERR,ERR,ERR,ERR,ERR,ERR,ERR,ERR,ERR,ERR,ERR,ERR,ERR,ERR,ERR,ERR,ERR,ERR,ERR,ERR,ERR,ERR,ERR,ERR,ERR,ERR,ERR,ERR,ERR,0.0,0.0,2.6474835549302285e+23,0.0,0.0,1.3936040501711995e+18,7.805,0.0,0,0,4,0,7116,0.0,100,0.0,0.0,0.0,0.0,0.0,0,0,0,0,0.0,0,0,0,0,0,0,0,0,0,0,0,0,0,0,0,0,0,0,0,0,0,0,0,0,0,0,0,0,0,0,0,0,0,31,40,40,71,65476,0,300,0,0,8,21553,0.0,-107605600.0,0.0,0.0,0.0,0.0,0.0,0.0,0.0,0.0,0.0,0.0,0.0,0.0,0.0,0.0,0.0,0.0,0.0,0.0,0.0,0.0,-2.004,2.004,2.004,0.0,0.0,0.0,0.0,0.0,4489.0,-0.0,6928.0,0.0,0.0,2.7184260577004195e+23,-0.0,0.0,0.0,0.0,0.0,69,-0.0,-152016928112640.0,0.0,0.0,0.0,0.0,0.0,0.0,0.0,0,0,0,0.0,0.0,0.0,0.0,0.0,0.0,0.0,0.0,0.0,0.0,0.0,0.0,0.0,0.0,0.0,0.0,0,-107875648.0,69,0.0,138,0.0,0.0,0,52429,17085,13107,17100,52429,17079,0,0,0,70,68,100,2.7302399002429377e+23,82.4,-107615448.0,77.9,-107615464.0,78.5,1,49,50,180,39322,52429,0,0,0.0,0.0,0.0,0.0,-0.0,67.0,0.0,162057.094,0.0,973,0,999,0,0,0,949,0,1021,0,919,0,789,0,779,0,822,0,7520,0.032,5.505200184497694e+19,0.0,0.0,784,16797,-0.0,162057.094,-114818.039,-0.0,0.133,6.909358625270745e+28,30.0,70.0,35,0.0,0.0,0.0,0.0,0.0,0.0,0.0,0.0,0.0,0.0,0.0,0.0,0.0,0.0,0.0,0.0,66.4,0,150,71,51,65476,0,300,0,0,8,20529,65476,0,0,44564,70.0,0.0,0.0,0.0,0.0,0.0
2026-09-10T21:38:57,ERR,ERR,ERR,ERR,ERR,ERR,ERR,ERR,ERR,ERR,ERR,ERR,ERR,ERR,ERR,ERR,ERR,ERR,ERR,ERR,ERR,ERR,ERR,ERR,ERR,ERR,ERR,ERR,ERR,ERR,ERR,ERR,ERR,ERR,ERR,ERR,ERR,ERR,ERR,ERR,ERR,ERR,ERR,ERR,ERR,ERR,ERR,ERR,ERR,ERR,ERR,ERR,ERR,ERR,ERR,ERR,ERR,ERR,ERR,ERR,ERR,ERR,ERR,ERR,ERR,ERR,ERR,ERR,ERR,ERR,ERR,ERR,ERR,ERR,ERR,ERR,ERR,ERR,ERR,ERR,ERR,ERR,ERR,ERR,ERR,ERR,ERR,ERR,ERR,ERR,ERR,ERR,ERR,ERR,ERR,ERR,ERR,ERR,ERR,ERR,ERR,ERR,ERR,ERR,ERR,ERR,ERR,ERR,ERR,ERR,ERR,ERR,ERR,ERR,ERR,ERR,ERR,ERR,ERR,ERR,ERR,ERR,ERR,ERR,ERR,0.0,0.0,2.6474835549302285e+23,0.0,0.0,1.3936040501711995e+18,7.805,0.0,0,0,4,0,7116,0.0,100,0.0,0.0,0.0,0.0,0.0,0,0,0,0,0.0,0,0,0,0,0,0,0,0,0,0,0,0,0,0,0,0,0,0,0,0,0,0,0,0,0,0,0,0,0,0,0,0,0,31,40,40,71,65476,0,300,0,0,8,21553,0.0,-107605600.0,0.0,0.0,0.0,0.0,0.0,0.0,0.0,0.0,0.0,0.0,0.0,0.0,0.0,0.0,0.0,0.0,0.0,0.0,0.0,0.0,-2.004,2.004,2.004,0.0,0.0,0.0,0.0,0.0,4489.0,-0.0,6928.0,0.0,0.0,2.7184260577004195e+23,-0.0,0.0,0.0,0.0,0.0,69,-0.0,-152016928112640.0,0.0,0.0,0.0,0.0,0.0,0.0,0.0,0,0,0,0.0,0.0,0.0,0.0,0.0,0.0,0.0,0.0,0.0,0.0,0.0,0.0,0.0,0.0,0.0,0.0,0,-107875648.0,69,0.0,138,0.0,0.0,0,52429,17085,13107,17100,52429,17079,0,0,0,70,68,100,2.7302399002429377e+23,82.4,-107615448.0,77.9,-107615464.0,78.5,1,49,50,180,39322,52429,0,0,0.0,0.0,0.0,0.0,-0.0,67.0,0.0,162057.094,0.0,973,0,999,0,0,0,949,0,1021,0,919,0,789,0,779,0,822,0,7520,0.032,5.505200184497694e+19,0.0,0.0,784,16797,-0.0,162057.094,-114818.039,-0.0,0.133,6.909358625270745e+28,30.0,70.0,35,0.0,0.0,0.0,0.0,0.0,0.0,0.0,0.0,0.0,0.0,0.0,0.0,0.0,0.0,0.0,0.0,66.4,0,150,71,51,65476,0,300,0,0,8,20529,65476,0,0,44564,70.0,0.0,0.0,0.0,0.0,0.0
2026-09-10T21:38:58,ERR,ERR,ERR,ERR,ERR,ERR,ERR,ERR,ERR,ERR,ERR,ERR,ERR,ERR,ERR,ERR,ERR,ERR,ERR,ERR,ERR,ERR,ERR,ERR,ERR,ERR,ERR,ERR,ERR,ERR,ERR,ERR,ERR,ERR,ERR,ERR,ERR,ERR,ERR,ERR,ERR,ERR,ERR,ERR,ERR,ERR,ERR,ERR,ERR,ERR,ERR,ERR,ERR,ERR,ERR,ERR,ERR,ERR,ERR,ERR,ERR,ERR,ERR,ERR,ERR,ERR,ERR,ERR,ERR,ERR,ERR,ERR,ERR,ERR,ERR,ERR,ERR,ERR,ERR,ERR,ERR,ERR,ERR,ERR,ERR,ERR,ERR,ERR,ERR,ERR,ERR,ERR,ERR,ERR,ERR,ERR,ERR,ERR,ERR,ERR,ERR,ERR,ERR,ERR,ERR,ERR,ERR,ERR,ERR,ERR,ERR,ERR,ERR,ERR,ERR,ERR,ERR,ERR,ERR,ERR,ERR,ERR,ERR,ERR,ERR,0.0,0.0,2.6474835549302285e+23,0.0,0.0,1.3936040501711995e+18,7.805,0.0,0,0,4,0,7116,0.0,100,0.0,0.0,0.0,0.0,0.0,0,0,0,0,0.0,0,0,0,0,0,0,0,0,0,0,0,0,0,0,0,0,0,0,0,0,0,0,0,0,0,0,0,0,0,0,0,0,0,31,40,40,71,65476,0,300,0,0,8,21553,0.0,-107605600.0,0.0,0.0,0.0,0.0,0.0,0.0,0.0,0.0,0.0,0.0,0.0,0.0,0.0,0.0,0.0,0.0,0.0,0.0,0.0,0.0,-2.004,2.004,2.004,0.0,0.0,0.0,0.0,0.0,4489.0,-0.0,6928.0,0.0,0.0,2.7184260577004195e+23,-0.0,0.0,0.0,0.0,0.0,69,-0.0,-152016928112640.0,0.0,0.0,0.0,0.0,0.0,0.0,0.0,0,0,0,0.0,0.0,0.0,0.0,0.0,0.0,0.0,0.0,0.0,0.0,0.0,0.0,0.0,0.0,0.0,0.0,0,-107875648.0,69,0.0,138,0.0,0.0,0,52429,17085,13107,17100,52429,17079,0,0,0,70,68,100,2.7302399002429377e+23,82.4,-107615448.0,77.9,-107615464.0,78.5,1,49,50,180,39322,52429,0,0,0.0,0.0,0.0,0.0,-0.0,67.0,0.0,162057.094,0.0,973,0,999,0,0,0,949,0,1021,0,919,0,789,0,779,0,822,0,7520,0.032,5.505200184497694e+19,0.0,0.0,784,16797,-0.0,162057.094,-114818.039,-0.0,0.133,6.909358625270745e+28,30.0,70.0,35,0.0,0.0,0.0,0.0,0.0,0.0,0.0,0.0,0.0,0.0,0.0,0.0,0.0,0.0,0.0,0.0,66.4,0,150,71,51,65476,0,300,0,0,8,20529,65476,0,0,44564,70.0,0.0,0.0,0.0,0.0,0.0
2026-09-10T21:38:59,ERR,ERR,ERR,ERR,ERR,ERR,ERR,ERR,ERR,ERR,ERR,ERR,ERR,ERR,ERR,ERR,ERR,ERR,ERR,ERR,ERR,ERR,ERR,ERR,ERR,ERR,ERR,ERR,ERR,ERR,ERR,ERR,ERR,ERR,ERR,ERR,ERR,ERR,ERR,ERR,ERR,ERR,ERR,ERR,ERR,ERR,ERR,ERR,ERR,ERR,ERR,ERR,ERR,ERR,ERR,ERR,ERR,ERR,ERR,ERR,ERR,ERR,ERR,ERR,ERR,ERR,ERR,ERR,ERR,ERR,ERR,ERR,ERR,ERR,ERR,ERR,ERR,ERR,ERR,ERR,ERR,ERR,ERR,ERR,ERR,ERR,ERR,ERR,ERR,ERR,ERR,ERR,ERR,ERR,ERR,ERR,ERR,ERR,ERR,ERR,ERR,ERR,ERR,ERR,ERR,ERR,ERR,ERR,ERR,ERR,ERR,ERR,ERR,ERR,ERR,ERR,ERR,ERR,ERR,ERR,ERR,ERR,ERR,ERR,ERR,0.0,0.0,2.6474835549302285e+23,0.0,0.0,1.3936040501711995e+18,7.805,0.0,0,0,4,0,7116,0.0,100,0.0,0.0,0.0,0.0,0.0,0,0,0,0,0.0,0,0,0,0,0,0,0,0,0,0,0,0,0,0,0,0,0,0,0,0,0,0,0,0,0,0,0,0,0,0,0,0,0,31,40,40,71,65476,0,300,0,0,8,21553,0.0,-107605600.0,0.0,0.0,0.0,0.0,0.0,0.0,0.0,0.0,0.0,0.0,0.0,0.0,0.0,0.0,0.0,0.0,0.0,0.0,0.0,0.0,-2.004,2.004,2.004,0.0,0.0,0.0,0.0,0.0,4489.0,-0.0,6928.0,0.0,0.0,2.7184260577004195e+23,-0.0,0.0,0.0,0.0,0.0,69,-0.0,-152016928112640.0,0.0,0.0,0.0,0.0,0.0,0.0,0.0,0,0,0,0.0,0.0,0.0,0.0,0.0,0.0,0.0,0.0,0.0,0.0,0.0,0.0,0.0,0.0,0.0,0.0,0,-107875648.0,69,0.0,138,0.0,0.0,0,52429,17085,13107,17100,52429,17079,0,0,0,70,68,100,2.7302399002429377e+23,82.4,-107615448.0,77.9,-107615464.0,78.5,1,49,50,180,39322,52429,0,0,0.0,0.0,0.0,0.0,-0.0,67.0,0.0,162057.094,0.0,973,0,999,0,0,0,949,0,1021,0,919,0,789,0,779,0,822,0,7520,0.032,5.505200184497694e+19,0.0,0.0,784,16797,-0.0,162057.094,-114818.039,-0.0,0.133,6.909358625270745e+28,30.0,70.0,35,0.0,0.0,0.0,0.0,0.0,0.0,0.0,0.0,0.0,0.0,0.0,0.0,0.0,0.0,0.0,0.0,66.4,0,150,71,51,65476,0,300,0,0,8,20529,65476,0,0,44564,70.0,0.0,0.0,0.0,0.0,0.0
2026-09-10T21:39:00,ERR,ERR,ERR,ERR,ERR,ERR,ERR,ERR,ERR,ERR,ERR,ERR,ERR,ERR,ERR,ERR,ERR,ERR,ERR,ERR,ERR,ERR,ERR,ERR,ERR,ERR,ERR,ERR,ERR,ERR,ERR,ERR,ERR,ERR,ERR,ERR,ERR,ERR,ERR,ERR,ERR,ERR,ERR,ERR,ERR,ERR,ERR,ERR,ERR,ERR,ERR,ERR,ERR,ERR,ERR,ERR,ERR,ERR,ERR,ERR,ERR,ERR,ERR,ERR,ERR,ERR,ERR,ERR,ERR,ERR,ERR,ERR,ERR,ERR,ERR,ERR,ERR,ERR,ERR,ERR,ERR,ERR,ERR,ERR,ERR,ERR,ERR,ERR,ERR,ERR,ERR,ERR,ERR,ERR,ERR,ERR,ERR,ERR,ERR,ERR,ERR,ERR,ERR,ERR,ERR,ERR,ERR,ERR,ERR,ERR,ERR,ERR,ERR,ERR,ERR,ERR,ERR,ERR,ERR,ERR,ERR,ERR,ERR,ERR,ERR,0.0,0.0,2.6474835549302285e+23,0.0,0.0,1.3936040501711995e+18,7.805,0.0,0,0,4,0,7116,0.0,100,0.0,0.0,0.0,0.0,0.0,0,0,0,0,0.0,0,0,0,0,0,0,0,0,0,0,0,0,0,0,0,0,0,0,0,0,0,0,0,0,0,0,0,0,0,0,0,0,0,31,40,40,71,65476,0,300,0,0,8,21553,0.0,-107605600.0,0.0,0.0,0.0,0.0,0.0,0.0,0.0,0.0,0.0,0.0,0.0,0.0,0.0,0.0,0.0,0.0,0.0,0.0,0.0,0.0,-2.004,2.004,2.004,0.0,0.0,0.0,0.0,0.0,4489.0,-0.0,6928.0,0.0,0.0,2.7184260577004195e+23,-0.0,0.0,0.0,0.0,0.0,69,-0.0,-152016928112640.0,0.0,0.0,0.0,0.0,0.0,0.0,0.0,0,0,0,0.0,0.0,0.0,0.0,0.0,0.0,0.0,0.0,0.0,0.0,0.0,0.0,0.0,0.0,0.0,0.0,0,-107875648.0,69,0.0,138,0.0,0.0,0,52429,17085,13107,17100,52429,17079,0,0,0,70,68,100,2.7302399002429377e+23,82.4,-107615448.0,77.9,-107615464.0,78.5,1,49,50,180,39322,52429,0,0,0.0,0.0,0.0,0.0,-0.0,67.0,0.0,162057.094,0.0,973,0,999,0,0,0,949,0,1021,0,919,0,789,0,780,0,822,0,7520,0.032,5.505200184497694e+19,0.0,0.0,784,16797,-0.0,162057.094,-114818.039,-0.0,0.133,6.909358625270745e+28,30.0,70.0,35,0.0,0.0,0.0,0.0,0.0,0.0,0.0,0.0,0.0,0.0,0.0,0.0,0.0,0.0,0.0,0.0,66.4,0,150,71,51,65476,0,300,0,0,8,20529,65476,0,0,44564,70.0,0.0,0.0,0.0,0.0,0.0
2026-09-10T21:39:01,ERR,ERR,ERR,ERR,ERR,ERR,ERR,ERR,ERR,ERR,ERR,ERR,ERR,ERR,ERR,ERR,ERR,ERR,ERR,ERR,ERR,ERR,ERR,ERR,ERR,ERR,ERR,ERR,ERR,ERR,ERR,ERR,ERR,ERR,ERR,ERR,ERR,ERR,ERR,ERR,ERR,ERR,ERR,ERR,ERR,ERR,ERR,ERR,ERR,ERR,ERR,ERR,ERR,ERR,ERR,ERR,ERR,ERR,ERR,ERR,ERR,ERR,ERR,ERR,ERR,ERR,ERR,ERR,ERR,ERR,ERR,ERR,ERR,ERR,ERR,ERR,ERR,ERR,ERR,ERR,ERR,ERR,ERR,ERR,ERR,ERR,ERR,ERR,ERR,ERR,ERR,ERR,ERR,ERR,ERR,ERR,ERR,ERR,ERR,ERR,ERR,ERR,ERR,ERR,ERR,ERR,ERR,ERR,ERR,ERR,ERR,ERR,ERR,ERR,ERR,ERR,ERR,ERR,ERR,ERR,ERR,ERR,ERR,ERR,ERR,0.0,0.0,2.6474835549302285e+23,0.0,0.0,1.3936040501711995e+18,7.805,0.0,0,0,4,0,7116,0.0,100,0.0,0.0,0.0,0.0,0.0,0,0,0,0,0.0,0,0,0,0,0,0,0,0,0,0,0,0,0,0,0,0,0,0,0,0,0,0,0,0,0,0,0,0,0,0,0,0,0,31,40,40,71,65476,0,300,0,0,8,21553,0.0,-107605600.0,0.0,0.0,0.0,0.0,0.0,0.0,0.0,0.0,0.0,0.0,0.0,0.0,0.0,0.0,0.0,0.0,0.0,0.0,0.0,0.0,-2.004,2.004,2.004,0.0,0.0,0.0,0.0,0.0,4489.0,-0.0,6928.0,0.0,0.0,2.7184260577004195e+23,-0.0,0.0,0.0,0.0,0.0,69,-0.0,-152016928112640.0,0.0,0.0,0.0,0.0,0.0,0.0,0.0,0,0,0,0.0,0.0,0.0,0.0,0.0,0.0,0.0,0.0,0.0,0.0,0.0,0.0,0.0,0.0,0.0,0.0,0,-107875648.0,69,0.0,138,0.0,0.0,0,52429,17085,13107,17100,52429,17079,0,0,0,70,68,100,2.7302399002429377e+23,82.4,-107615448.0,77.9,-107615464.0,78.5,1,49,50,180,39322,52429,0,0,0.0,0.0,0.0,0.0,-0.0,67.0,0.0,162057.094,0.0,973,0,999,0,0,0,949,0,1021,0,919,0,789,0,780,0,822,0,7520,0.032,5.505200184497694e+19,0.0,0.0,784,16797,-0.0,162057.094,-114818.039,-0.0,0.133,6.909358625270745e+28,30.0,70.0,35,0.0,0.0,0.0,0.0,0.0,0.0,0.0,0.0,0.0,0.0,0.0,0.0,0.0,0.0,0.0,0.0,66.4,0,150,71,51,65476,0,300,0,0,8,20529,65476,0,0,44564,70.0,0.0,0.0,0.0,0.0,0.0
2026-09-10T21:39:02,ERR,ERR,ERR,ERR,ERR,ERR,ERR,ERR,ERR,ERR,ERR,ERR,ERR,ERR,ERR,ERR,ERR,ERR,ERR,ERR,ERR,ERR,ERR,ERR,ERR,ERR,ERR,ERR,ERR,ERR,ERR,ERR,ERR,ERR,ERR,ERR,ERR,ERR,ERR,ERR,ERR,ERR,ERR,ERR,ERR,ERR,ERR,ERR,ERR,ERR,ERR,ERR,ERR,ERR,ERR,ERR,ERR,ERR,ERR,ERR,ERR,ERR,ERR,ERR,ERR,ERR,ERR,ERR,ERR,ERR,ERR,ERR,ERR,ERR,ERR,ERR,ERR,ERR,ERR,ERR,ERR,ERR,ERR,ERR,ERR,ERR,ERR,ERR,ERR,ERR,ERR,ERR,ERR,ERR,ERR,ERR,ERR,ERR,ERR,ERR,ERR,ERR,ERR,ERR,ERR,ERR,ERR,ERR,ERR,ERR,ERR,ERR,ERR,ERR,ERR,ERR,ERR,ERR,ERR,ERR,ERR,ERR,ERR,ERR,ERR,0.0,0.0,2.6474835549302285e+23,0.0,0.0,1.3936040501711995e+18,7.805,0.0,0,0,4,0,7116,0.0,100,0.0,0.0,0.0,0.0,0.0,0,0,0,0,0.0,0,0,0,0,0,0,0,0,0,0,0,0,0,0,0,0,0,0,0,0,0,0,0,0,0,0,0,0,0,0,0,0,0,31,40,40,71,65476,0,300,0,0,8,21553,0.0,-107605600.0,0.0,0.0,0.0,0.0,0.0,0.0,0.0,0.0,0.0,0.0,0.0,0.0,0.0,0.0,0.0,0.0,0.0,0.0,0.0,0.0,-2.004,2.004,2.004,0.0,0.0,0.0,0.0,0.0,4496.0,-0.0,6935.0,0.0,0.0,2.7184260577004195e+23,-0.0,0.0,0.0,0.0,0.0,69,-107615376.0,0.059,0.0,0.0,0.0,0.0,0.0,0.0,0.0,0,0,0,0.0,0.0,0.0,0.0,0.0,0.0,0.0,0.0,0.0,0.0,0.0,0.0,0.0,0.0,0.0,0.0,0,-107875648.0,69,0.0,138,0.0,0.0,0,52429,17085,13107,17100,52429,17079,0,0,0,70,68,100,2.7302399002429377e+23,82.4,-107615448.0,77.9,-107615464.0,78.5,1,49,50,180,39322,52429,0,0,0.0,0.0,0.0,0.0,-0.0,67.0,0.0,162057.094,0.0,973,0,999,0,0,0,949,0,1021,0,919,0,789,0,780,0,822,0,7520,0.032,5.505200184497694e+19,0.0,0.0,784,16797,-0.0,162057.094,-114818.039,-0.0,0.133,6.909358625270745e+28,30.0,70.0,35,0.0,0.0,0.0,0.0,0.0,0.0,0.0,0.0,0.0,0.0,0.0,0.0,0.0,0.0,0.0,0.0,66.4,0,150,71,51,65476,0,300,0,0,8,20529,65476,0,0,44564,70.0,0.0,0.0,0.0,0.0,0.0
2026-09-10T21:39:03,ERR,ERR,ERR,ERR,ERR,ERR,ERR,ERR,ERR,ERR,ERR,ERR,ERR,ERR,ERR,ERR,ERR,ERR,ERR,ERR,ERR,ERR,ERR,ERR,ERR,ERR,ERR,ERR,ERR,ERR,ERR,ERR,ERR,ERR,ERR,ERR,ERR,ERR,ERR,ERR,ERR,ERR,ERR,ERR,ERR,ERR,ERR,ERR,ERR,ERR,ERR,ERR,ERR,ERR,ERR,ERR,ERR,ERR,ERR,ERR,ERR,ERR,ERR,ERR,ERR,ERR,ERR,ERR,ERR,ERR,ERR,ERR,ERR,ERR,ERR,ERR,ERR,ERR,ERR,ERR,ERR,ERR,ERR,ERR,ERR,ERR,ERR,ERR,ERR,ERR,ERR,ERR,ERR,ERR,ERR,ERR,ERR,ERR,ERR,ERR,ERR,ERR,ERR,ERR,ERR,ERR,ERR,ERR,ERR,ERR,ERR,ERR,ERR,ERR,ERR,ERR,ERR,ERR,ERR,ERR,ERR,ERR,ERR,ERR,ERR,0.0,0.0,2.6474835549302285e+23,0.0,0.0,1.3936040501711995e+18,7.805,0.0,0,0,4,0,7116,0.0,100,0.0,0.0,0.0,0.0,0.0,0,0,0,0,0.0,0,0,0,0,0,0,0,0,0,0,0,0,0,0,0,0,0,0,0,0,0,0,0,0,0,0,0,0,0,0,0,0,0,31,40,40,71,65476,0,300,0,0,8,21553,0.0,-107605600.0,0.0,0.0,0.0,0.0,0.0,0.0,0.0,0.0,0.0,0.0,0.0,0.0,0.0,0.0,0.0,0.0,0.0,0.0,0.0,0.0,-2.004,2.004,2.004,0.0,0.0,0.0,0.0,0.0,4496.0,-0.0,6935.0,0.0,0.0,2.7184260577004195e+23,-0.0,0.0,0.0,0.0,0.0,69,-107615376.0,0.059,0.0,0.0,0.0,0.0,0.0,0.0,0.0,0,0,0,0.0,0.0,0.0,0.0,0.0,0.0,0.0,0.0,0.0,0.0,0.0,0.0,0.0,0.0,0.0,0.0,0,-107875648.0,69,0.0,138,0.0,0.0,0,52429,17085,13107,17100,52429,17079,0,0,0,70,68,100,2.7302399002429377e+23,82.4,-107615448.0,77.9,-107615464.0,78.5,1,49,50,180,39322,52429,0,0,0.0,0.0,0.0,0.0,-0.0,67.0,0.0,162057.094,0.0,973,0,999,0,0,0,949,0,1021,0,919,0,789,0,780,0,822,0,7520,0.032,5.505200184497694e+19,0.0,0.0,784,16797,-0.0,162057.094,-114818.039,-0.0,0.133,6.909358625270745e+28,30.0,70.0,35,0.0,0.0,0.0,0.0,0.0,0.0,0.0,0.0,0.0,0.0,0.0,0.0,0.0,0.0,0.0,0.0,66.4,0,150,71,51,65476,0,300,0,0,8,20529,65476,0,0,44564,70.0,0.0,0.0,0.0,0.0,0.0
2026-09-10T21:39:04,ERR,ERR,ERR,ERR,ERR,ERR,ERR,ERR,ERR,ERR,ERR,ERR,ERR,ERR,ERR,ERR,ERR,ERR,ERR,ERR,ERR,ERR,ERR,ERR,ERR,ERR,ERR,ERR,ERR,ERR,ERR,ERR,ERR,ERR,ERR,ERR,ERR,ERR,ERR,ERR,ERR,ERR,ERR,ERR,ERR,ERR,ERR,ERR,ERR,ERR,ERR,ERR,ERR,ERR,ERR,ERR,ERR,ERR,ERR,ERR,ERR,ERR,ERR,ERR,ERR,ERR,ERR,ERR,ERR,ERR,ERR,ERR,ERR,ERR,ERR,ERR,ERR,ERR,ERR,ERR,ERR,ERR,ERR,ERR,ERR,ERR,ERR,ERR,ERR,ERR,ERR,ERR,ERR,ERR,ERR,ERR,ERR,ERR,ERR,ERR,ERR,ERR,ERR,ERR,ERR,ERR,ERR,ERR,ERR,ERR,ERR,ERR,ERR,ERR,ERR,ERR,ERR,ERR,ERR,ERR,ERR,ERR,ERR,ERR,ERR,0.0,0.0,2.6474835549302285e+23,0.0,0.0,1.3936040501711995e+18,7.805,0.0,0,0,4,0,7116,0.0,100,0.0,0.0,0.0,0.0,0.0,0,0,0,0,0.0,0,0,0,0,0,0,0,0,0,0,0,0,0,0,0,0,0,0,0,0,0,0,0,0,0,0,0,0,0,0,0,0,0,31,40,40,71,65476,0,300,0,0,8,21553,0.0,-107605600.0,0.0,0.0,0.0,0.0,0.0,0.0,0.0,0.0,0.0,0.0,0.0,0.0,0.0,0.0,0.0,0.0,0.0,0.0,0.0,0.0,-2.004,2.004,2.004,0.0,0.0,0.0,0.0,0.0,4496.0,-0.0,6935.0,0.0,0.0,2.7184260577004195e+23,-0.0,0.0,0.0,0.0,0.0,69,-107615376.0,0.059,0.0,0.0,0.0,0.0,0.0,0.0,0.0,0,0,0,0.0,0.0,0.0,0.0,0.0,0.0,0.0,0.0,0.0,0.0,0.0,0.0,0.0,0.0,0.0,0.0,0,-107875648.0,69,0.0,138,0.0,0.0,0,52429,17085,13107,17100,52429,17079,0,0,0,70,68,100,2.7302399002429377e+23,82.4,-107615448.0,77.9,-107615464.0,78.5,1,49,50,180,39322,52429,0,0,0.0,0.0,0.0,0.0,-0.0,67.0,0.0,162057.094,0.0,973,0,999,0,0,0,949,0,1021,0,919,0,789,0,780,0,822,0,7520,0.032,5.505200184497694e+19,0.0,0.0,784,16797,-0.0,162057.094,-114818.039,-0.0,0.133,6.909358625270745e+28,30.0,70.0,35,0.0,0.0,0.0,0.0,0.0,0.0,0.0,0.0,0.0,0.0,0.0,0.0,0.0,0.0,0.0,0.0,66.4,0,150,71,51,65476,0,300,0,0,8,20529,65476,0,0,44564,70.0,0.0,0.0,0.0,0.0,0.0
2026-09-10T21:39:05,ERR,ERR,ERR,ERR,ERR,ERR,ERR,ERR,ERR,ERR,ERR,ERR,ERR,ERR,ERR,ERR,ERR,ERR,ERR,ERR,ERR,ERR,ERR,ERR,ERR,ERR,ERR,ERR,ERR,ERR,ERR,ERR,ERR,ERR,ERR,ERR,ERR,ERR,ERR,ERR,ERR,ERR,ERR,ERR,ERR,ERR,ERR,ERR,ERR,ERR,ERR,ERR,ERR,ERR,ERR,ERR,ERR,ERR,ERR,ERR,ERR,ERR,ERR,ERR,ERR,ERR,ERR,ERR,ERR,ERR,ERR,ERR,ERR,ERR,ERR,ERR,ERR,ERR,ERR,ERR,ERR,ERR,ERR,ERR,ERR,ERR,ERR,ERR,ERR,ERR,ERR,ERR,ERR,ERR,ERR,ERR,ERR,ERR,ERR,ERR,ERR,ERR,ERR,ERR,ERR,ERR,ERR,ERR,ERR,ERR,ERR,ERR,ERR,ERR,ERR,ERR,ERR,ERR,ERR,ERR,ERR,ERR,ERR,ERR,ERR,0.0,0.0,2.6474835549302285e+23,0.0,0.0,1.3936040501711995e+18,7.805,0.0,0,0,4,0,7116,0.0,100,0.0,0.0,0.0,0.0,0.0,0,0,0,0,0.0,0,0,0,0,0,0,0,0,0,0,0,0,0,0,0,0,0,0,0,0,0,0,0,0,0,0,0,0,0,0,0,0,0,31,40,40,71,65476,0,300,0,0,8,21553,0.0,-107605600.0,0.0,0.0,0.0,0.0,0.0,0.0,0.0,0.0,0.0,0.0,0.0,0.0,0.0,0.0,0.0,0.0,0.0,0.0,0.0,0.0,-2.004,2.004,2.004,0.0,0.0,0.0,0.0,0.0,4496.0,-0.0,6935.0,0.0,0.0,2.7184260577004195e+23,-0.0,0.0,0.0,0.0,0.0,69,-107615376.0,0.059,0.0,0.0,0.0,0.0,0.0,0.0,0.0,0,0,0,0.0,0.0,0.0,0.0,0.0,0.0,0.0,0.0,0.0,0.0,0.0,0.0,0.0,0.0,0.0,0.0,0,-107875648.0,69,0.0,138,0.0,0.0,0,52429,17085,13107,17100,0,17080,0,0,0,70,68,100,0.0,82.4,-107615448.0,77.9,-107615464.0,78.5,1,49,50,180,39322,52429,0,0,0.0,0.0,0.0,0.0,-0.0,67.0,0.0,162057.094,0.0,973,0,998,0,0,0,949,0,1021,0,920,0,789,0,779,0,822,0,7520,0.032,5.505200184497694e+19,0.0,0.0,784,16797,-0.0,162057.094,-114818.039,-0.0,0.133,6.909358625270745e+28,30.0,70.0,35,0.0,0.0,0.0,0.0,0.0,0.0,0.0,0.0,0.0,0.0,0.0,0.0,0.0,0.0,0.0,0.0,66.4,0,150,71,51,65476,0,300,0,0,8,20529,65476,0,0,44564,70.0,0.0,0.0,0.0,0.0,0.0
2026-09-10T21:39:06,ERR,ERR,ERR,ERR,ERR,ERR,ERR,ERR,ERR,ERR,ERR,ERR,ERR,ERR,ERR,ERR,ERR,ERR,ERR,ERR,ERR,ERR,ERR,ERR,ERR,ERR,ERR,ERR,ERR,ERR,ERR,ERR,ERR,ERR,ERR,ERR,ERR,ERR,ERR,ERR,ERR,ERR,ERR,ERR,ERR,ERR,ERR,ERR,ERR,ERR,ERR,ERR,ERR,ERR,ERR,ERR,ERR,ERR,ERR,ERR,ERR,ERR,ERR,ERR,ERR,ERR,ERR,ERR,ERR,ERR,ERR,ERR,ERR,ERR,ERR,ERR,ERR,ERR,ERR,ERR,ERR,ERR,ERR,ERR,ERR,ERR,ERR,ERR,ERR,ERR,ERR,ERR,ERR,ERR,ERR,ERR,ERR,ERR,ERR,ERR,ERR,ERR,ERR,ERR,ERR,ERR,ERR,ERR,ERR,ERR,ERR,ERR,ERR,ERR,ERR,ERR,ERR,ERR,ERR,ERR,ERR,ERR,ERR,ERR,ERR,0.0,0.0,2.6474835549302285e+23,0.0,0.0,1.3936040501711995e+18,7.805,0.0,0,0,4,0,7116,0.0,100,0.0,0.0,0.0,0.0,0.0,0,0,0,0,0.0,0,0,0,0,0,0,0,0,0,0,0,0,0,0,0,0,0,0,0,0,0,0,0,0,0,0,0,0,0,0,0,0,0,31,40,40,71,65476,0,300,0,0,8,21553,0.0,-107605600.0,0.0,0.0,0.0,0.0,0.0,0.0,0.0,0.0,0.0,0.0,0.0,0.0,0.0,0.0,0.0,0.0,0.0,0.0,0.0,0.0,-2.004,2.004,2.004,0.0,0.0,0.0,0.0,0.0,4496.0,-0.0,6935.0,0.0,0.0,2.7184260577004195e+23,-0.0,0.0,0.0,0.0,0.0,69,-107615376.0,0.059,0.0,0.0,0.0,0.0,0.0,0.0,0.0,0,0,0,0.0,0.0,0.0,0.0,0.0,0.0,0.0,0.0,0.0,0.0,0.0,0.0,0.0,0.0,0.0,0.0,0,-107875648.0,69,0.0,138,0.0,0.0,0,52429,17085,13107,17100,0,17080,0,0,0,70,68,100,0.0,82.4,-107615448.0,77.9,-107615464.0,78.5,1,49,50,180,39322,52429,0,0,0.0,0.0,0.0,0.0,-0.0,67.0,0.0,162057.094,0.0,973,0,998,0,0,0,949,0,1021,0,920,0,789,0,779,0,822,0,7520,0.032,5.505200184497694e+19,0.0,0.0,784,16797,-0.0,162057.094,-114818.039,-0.0,0.133,6.909358625270745e+28,30.0,70.0,35,0.0,0.0,0.0,0.0,0.0,0.0,0.0,0.0,0.0,0.0,0.0,0.0,0.0,0.0,0.0,0.0,66.4,0,150,71,51,65476,0,300,0,0,8,20529,65476,0,0,44564,70.0,0.0,0.0,0.0,0.0,0.0
2026-09-10T21:39:07,ERR,ERR,ERR,ERR,ERR,ERR,ERR,ERR,ERR,ERR,ERR,ERR,ERR,ERR,ERR,ERR,ERR,ERR,ERR,ERR,ERR,ERR,ERR,ERR,ERR,ERR,ERR,ERR,ERR,ERR,ERR,ERR,ERR,ERR,ERR,ERR,ERR,ERR,ERR,ERR,ERR,ERR,ERR,ERR,ERR,ERR,ERR,ERR,ERR,ERR,ERR,ERR,ERR,ERR,ERR,ERR,ERR,ERR,ERR,ERR,ERR,ERR,ERR,ERR,ERR,ERR,ERR,ERR,ERR,ERR,ERR,ERR,ERR,ERR,ERR,ERR,ERR,ERR,ERR,ERR,ERR,ERR,ERR,ERR,ERR,ERR,ERR,ERR,ERR,ERR,ERR,ERR,ERR,ERR,ERR,ERR,ERR,ERR,ERR,ERR,ERR,ERR,ERR,ERR,ERR,ERR,ERR,ERR,ERR,ERR,ERR,ERR,ERR,ERR,ERR,ERR,ERR,ERR,ERR,ERR,ERR,ERR,ERR,ERR,ERR,0.0,0.0,2.6474835549302285e+23,0.0,0.0,1.3936040501711995e+18,7.805,0.0,0,0,4,0,7116,0.0,100,0.0,0.0,0.0,0.0,0.0,0,0,0,0,0.0,0,0,0,0,0,0,0,0,0,0,0,0,0,0,0,0,0,0,0,0,0,0,0,0,0,0,0,0,0,0,0,0,0,31,40,40,71,65476,0,300,0,0,8,21553,0.0,-107605600.0,0.0,0.0,0.0,0.0,0.0,0.0,0.0,0.0,0.0,0.0,0.0,0.0,0.0,0.0,0.0,0.0,0.0,0.0,0.0,0.0,-2.004,2.004,2.004,0.0,0.0,0.0,0.0,0.0,4496.0,-0.0,6935.0,0.0,0.0,2.7184260577004195e+23,-0.0,0.0,0.0,0.0,0.0,69,-107615376.0,0.059,0.0,0.0,0.0,0.0,0.0,0.0,0.0,0,0,0,0.0,0.0,0.0,0.0,0.0,0.0,0.0,0.0,0.0,0.0,0.0,0.0,0.0,0.0,0.0,0.0,0,-107875648.0,69,0.0,138,0.0,0.0,0,52429,17085,13107,17100,0,17080,0,0,0,70,68,100,0.0,82.4,-107615448.0,77.9,-107615464.0,78.5,1,49,50,180,39322,52429,0,0,0.0,0.0,0.0,0.0,-0.0,67.0,0.0,162057.094,0.0,973,0,998,0,0,0,949,0,1021,0,920,0,789,0,779,0,822,0,7520,0.032,5.505200184497694e+19,0.0,0.0,784,16797,-0.0,162057.094,-114818.039,-0.0,0.133,6.909358625270745e+28,30.0,70.0,35,0.0,0.0,0.0,0.0,0.0,0.0,0.0,0.0,0.0,0.0,0.0,0.0,0.0,0.0,0.0,0.0,66.4,0,150,71,51,65476,0,300,0,0,8,20529,65476,0,0,44564,70.0,0.0,0.0,0.0,0.0,0.0
2026-09-10T21:39:08,ERR,ERR,ERR,ERR,ERR,ERR,ERR,ERR,ERR,ERR,ERR,ERR,ERR,ERR,ERR,ERR,ERR,ERR,ERR,ERR,ERR,ERR,ERR,ERR,ERR,ERR,ERR,ERR,ERR,ERR,ERR,ERR,ERR,ERR,ERR,ERR,ERR,ERR,ERR,ERR,ERR,ERR,ERR,ERR,ERR,ERR,ERR,ERR,ERR,ERR,ERR,ERR,ERR,ERR,ERR,ERR,ERR,ERR,ERR,ERR,ERR,ERR,ERR,ERR,ERR,ERR,ERR,ERR,ERR,ERR,ERR,ERR,ERR,ERR,ERR,ERR,ERR,ERR,ERR,ERR,ERR,ERR,ERR,ERR,ERR,ERR,ERR,ERR,ERR,ERR,ERR,ERR,ERR,ERR,ERR,ERR,ERR,ERR,ERR,ERR,ERR,ERR,ERR,ERR,ERR,ERR,ERR,ERR,ERR,ERR,ERR,ERR,ERR,ERR,ERR,ERR,ERR,ERR,ERR,ERR,ERR,ERR,ERR,ERR,ERR,0.0,0.0,2.6474835549302285e+23,0.0,0.0,1.3936040501711995e+18,7.805,0.0,0,0,4,0,7116,0.0,100,0.0,0.0,0.0,0.0,0.0,0,0,0,0,0.0,0,0,0,0,0,0,0,0,0,0,0,0,0,0,0,0,0,0,0,0,0,0,0,0,0,0,0,0,0,0,0,0,0,31,40,40,71,65476,0,300,0,0,8,21553,0.0,-107605600.0,0.0,0.0,0.0,0.0,0.0,0.0,0.0,0.0,0.0,0.0,0.0,0.0,0.0,0.0,0.0,0.0,0.0,0.0,0.0,0.0,-2.004,2.004,2.004,0.0,0.0,0.0,0.0,0.0,4496.0,-0.0,6935.0,0.0,0.0,2.7184260577004195e+23,-0.0,0.0,0.0,0.0,0.0,69,-107615376.0,0.059,0.0,0.0,0.0,0.0,0.0,0.0,0.0,0,0,0,0.0,0.0,0.0,0.0,0.0,0.0,0.0,0.0,0.0,0.0,0.0,0.0,0.0,0.0,0.0,0.0,0,-107875648.0,69,0.0,138,0.0,0.0,0,52429,17085,13107,17100,0,17080,0,0,0,70,68,100,0.0,82.4,-107615448.0,77.9,-107615464.0,78.5,1,49,50,180,39322,52429,0,0,0.0,0.0,0.0,0.0,-0.0,67.0,0.0,162057.094,0.0,973,0,998,0,0,0,949,0,1021,0,920,0,789,0,779,0,822,0,7520,0.032,5.505200184497694e+19,0.0,0.0,784,16797,-0.0,162057.094,-114818.039,-0.0,0.133,6.909358625270745e+28,30.0,70.0,35,0.0,0.0,0.0,0.0,0.0,0.0,0.0,0.0,0.0,0.0,0.0,0.0,0.0,0.0,0.0,0.0,66.4,0,150,71,51,65476,0,300,0,0,8,20529,65476,0,0,44564,70.0,0.0,0.0,0.0,0.0,0.0
2026-09-10T21:39:09,ERR,ERR,ERR,ERR,ERR,ERR,ERR,ERR,ERR,ERR,ERR,ERR,ERR,ERR,ERR,ERR,ERR,ERR,ERR,ERR,ERR,ERR,ERR,ERR,ERR,ERR,ERR,ERR,ERR,ERR,ERR,ERR,ERR,ERR,ERR,ERR,ERR,ERR,ERR,ERR,ERR,ERR,ERR,ERR,ERR,ERR,ERR,ERR,ERR,ERR,ERR,ERR,ERR,ERR,ERR,ERR,ERR,ERR,ERR,ERR,ERR,ERR,ERR,ERR,ERR,ERR,ERR,ERR,ERR,ERR,ERR,ERR,ERR,ERR,ERR,ERR,ERR,ERR,ERR,ERR,ERR,ERR,ERR,ERR,ERR,ERR,ERR,ERR,ERR,ERR,ERR,ERR,ERR,ERR,ERR,ERR,ERR,ERR,ERR,ERR,ERR,ERR,ERR,ERR,ERR,ERR,ERR,ERR,ERR,ERR,ERR,ERR,ERR,ERR,ERR,ERR,ERR,ERR,ERR,ERR,ERR,ERR,ERR,ERR,ERR,0.0,0.0,2.6474835549302285e+23,0.0,0.0,1.3936040501711995e+18,7.805,0.0,0,0,4,0,7116,0.0,100,0.0,0.0,0.0,0.0,0.0,0,0,0,0,0.0,0,0,0,0,0,0,0,0,0,0,0,0,0,0,0,0,0,0,0,0,0,0,0,0,0,0,0,0,0,0,0,0,0,31,40,40,71,65476,0,300,0,0,8,21553,0.0,-107605600.0,0.0,0.0,0.0,0.0,0.0,0.0,0.0,0.0,0.0,0.0,0.0,0.0,0.0,0.0,0.0,0.0,0.0,0.0,0.0,0.0,-2.004,2.004,2.004,0.0,0.0,0.0,0.0,0.0,4496.0,-0.0,6935.0,0.0,0.0,2.7184260577004195e+23,-0.0,0.0,0.0,0.0,0.0,69,-107615376.0,0.059,0.0,0.0,0.0,0.0,0.0,0.0,0.0,0,0,0,0.0,0.0,0.0,0.0,0.0,0.0,0.0,0.0,0.0,0.0,0.0,0.0,0.0,0.0,0.0,0.0,0,-107875648.0,69,0.0,138,0.0,0.0,0,52429,17085,13107,17100,0,17080,0,0,0,70,68,100,0.0,82.4,-107615448.0,77.9,-107615464.0,78.5,1,49,50,180,39322,52429,0,0,0.0,0.0,0.0,0.0,-0.0,67.0,0.0,162057.094,0.0,973,0,998,0,0,0,949,0,1021,0,920,0,789,0,779,0,822,0,7520,0.032,5.505200184497694e+19,0.0,0.0,784,16797,-0.0,162057.094,-114818.039,-0.0,0.133,6.909358625270745e+28,30.0,70.0,35,0.0,0.0,0.0,0.0,0.0,0.0,0.0,0.0,0.0,0.0,0.0,0.0,0.0,0.0,0.0,0.0,66.4,0,150,71,51,65476,0,300,0,0,8,20529,65476,0,0,44564,70.0,0.0,0.0,0.0,0.0,0.0
2026-09-10T21:39:10,ERR,ERR,ERR,ERR,ERR,ERR,ERR,ERR,ERR,ERR,ERR,ERR,ERR,ERR,ERR,ERR,ERR,ERR,ERR,ERR,ERR,ERR,ERR,ERR,ERR,ERR,ERR,ERR,ERR,ERR,ERR,ERR,ERR,ERR,ERR,ERR,ERR,ERR,ERR,ERR,ERR,ERR,ERR,ERR,ERR,ERR,ERR,ERR,ERR,ERR,ERR,ERR,ERR,ERR,ERR,ERR,ERR,ERR,ERR,ERR,ERR,ERR,ERR,ERR,ERR,ERR,ERR,ERR,ERR,ERR,ERR,ERR,ERR,ERR,ERR,ERR,ERR,ERR,ERR,ERR,ERR,ERR,ERR,ERR,ERR,ERR,ERR,ERR,ERR,ERR,ERR,ERR,ERR,ERR,ERR,ERR,ERR,ERR,ERR,ERR,ERR,ERR,ERR,ERR,ERR,ERR,ERR,ERR,ERR,ERR,ERR,ERR,ERR,ERR,ERR,ERR,ERR,ERR,ERR,ERR,ERR,ERR,ERR,ERR,ERR,0.0,0.0,2.6474835549302285e+23,0.0,0.0,1.3936040501711995e+18,7.805,0.0,0,0,4,0,7116,0.0,100,0.0,0.0,0.0,0.0,0.0,0,0,0,0,0.0,0,0,0,0,0,0,0,0,0,0,0,0,0,0,0,0,0,0,0,0,0,0,0,0,0,0,0,0,0,0,0,0,0,31,40,40,71,65476,0,300,0,0,8,21553,0.0,-107605600.0,0.0,0.0,0.0,0.0,0.0,0.0,0.0,0.0,0.0,0.0,0.0,0.0,0.0,0.0,0.0,0.0,0.0,0.0,0.0,0.0,-2.004,2.004,2.004,0.0,0.0,0.0,0.0,0.0,4486.0,-0.0,6932.0,0.0,0.0,2.7184260577004195e+23,-0.0,0.0,0.0,0.0,0.0,69,-0.059,0.0,0.0,0.0,0.0,0.0,0.0,0.0,0.0,0,0,0,0.0,0.0,0.0,0.0,0.0,0.0,0.0,0.0,0.0,0.0,0.0,0.0,0.0,0.0,0.0,0.0,0,-107875648.0,69,0.0,138,0.0,0.0,0,52429,17085,13107,17100,0,17080,0,0,0,70,68,100,0.0,82.4,-107615448.0,77.9,-107615464.0,78.5,1,49,50,180,39322,52429,0,0,0.0,0.0,0.0,0.0,-0.0,67.0,0.0,162057.094,0.0,973,0,998,0,0,0,949,0,1021,0,920,0,789,0,779,0,822,0,7520,0.032,5.505200184497694e+19,0.0,0.0,784,16797,-0.0,162057.094,-114818.039,-0.0,0.133,6.909358625270745e+28,30.0,70.0,35,0.0,0.0,0.0,0.0,0.0,0.0,0.0,0.0,0.0,0.0,0.0,0.0,0.0,0.0,0.0,0.0,66.4,0,150,71,51,65476,0,300,0,0,8,20529,65476,0,0,44564,70.0,0.0,0.0,0.0,0.0,0.0
2026-09-10T21:39:11,ERR,ERR,ERR,ERR,ERR,ERR,ERR,ERR,ERR,ERR,ERR,ERR,ERR,ERR,ERR,ERR,ERR,ERR,ERR,ERR,ERR,ERR,ERR,ERR,ERR,ERR,ERR,ERR,ERR,ERR,ERR,ERR,ERR,ERR,ERR,ERR,ERR,ERR,ERR,ERR,ERR,ERR,ERR,ERR,ERR,ERR,ERR,ERR,ERR,ERR,ERR,ERR,ERR,ERR,ERR,ERR,ERR,ERR,ERR,ERR,ERR,ERR,ERR,ERR,ERR,ERR,ERR,ERR,ERR,ERR,ERR,ERR,ERR,ERR,ERR,ERR,ERR,ERR,ERR,ERR,ERR,ERR,ERR,ERR,ERR,ERR,ERR,ERR,ERR,ERR,ERR,ERR,ERR,ERR,ERR,ERR,ERR,ERR,ERR,ERR,ERR,ERR,ERR,ERR,ERR,ERR,ERR,ERR,ERR,ERR,ERR,ERR,ERR,ERR,ERR,ERR,ERR,ERR,ERR,ERR,ERR,ERR,ERR,ERR,ERR,0.0,0.0,2.6474835549302285e+23,0.0,0.0,1.3936040501711995e+18,7.805,0.0,0,0,4,0,7116,0.0,100,0.0,0.0,0.0,0.0,0.0,0,0,0,0,0.0,0,0,0,0,0,0,0,0,0,0,0,0,0,0,0,0,0,0,0,0,0,0,0,0,0,0,0,0,0,0,0,0,0,31,40,40,71,65476,0,300,0,0,8,21553,0.0,-107605600.0,0.0,0.0,0.0,0.0,0.0,0.0,0.0,0.0,0.0,0.0,0.0,0.0,0.0,0.0,0.0,0.0,0.0,0.0,0.0,0.0,-2.004,2.004,2.004,0.0,0.0,0.0,0.0,0.0,4486.0,-0.0,6932.0,0.0,0.0,2.7184260577004195e+23,-0.0,0.0,0.0,0.0,0.0,69,-0.059,0.0,0.0,0.0,0.0,0.0,0.0,0.0,0.0,0,0,0,0.0,0.0,0.0,0.0,0.0,0.0,0.0,0.0,0.0,0.0,0.0,0.0,0.0,0.0,0.0,0.0,0,-107875648.0,69,0.0,138,0.0,0.0,0,52429,17085,0,17100,0,17080,0,0,0,70,68,100,2.7302399002429377e+23,82.4,-107615448.0,77.9,-107615464.0,78.5,1,49,50,180,39322,39322,0,0,0.0,0.0,0.0,0.0,-0.0,67.0,0.0,162057.094,0.0,973,0,998,0,0,0,949,0,1020,0,920,0,789,0,779,0,821,0,7520,0.032,5.505200184497694e+19,0.0,0.0,784,16797,-0.0,162057.094,-114818.039,-0.0,0.133,6.909358625270745e+28,30.0,70.0,35,0.0,0.0,0.0,0.0,0.0,0.0,0.0,0.0,0.0,0.0,0.0,0.0,0.0,0.0,0.0,0.0,66.4,0,150,71,51,65476,0,300,0,0,8,20529,65476,0,0,44564,70.0,0.0,0.0,0.0,0.0,0.0
2026-09-10T21:39:12,ERR,ERR,ERR,ERR,ERR,ERR,ERR,ERR,ERR,ERR,ERR,ERR,ERR,ERR,ERR,ERR,ERR,ERR,ERR,ERR,ERR,ERR,ERR,ERR,ERR,ERR,ERR,ERR,ERR,ERR,ERR,ERR,ERR,ERR,ERR,ERR,ERR,ERR,ERR,ERR,ERR,ERR,ERR,ERR,ERR,ERR,ERR,ERR,ERR,ERR,ERR,ERR,ERR,ERR,ERR,ERR,ERR,ERR,ERR,ERR,ERR,ERR,ERR,ERR,ERR,ERR,ERR,ERR,ERR,ERR,ERR,ERR,ERR,ERR,ERR,ERR,ERR,ERR,ERR,ERR,ERR,ERR,ERR,ERR,ERR,ERR,ERR,ERR,ERR,ERR,ERR,ERR,ERR,ERR,ERR,ERR,ERR,ERR,ERR,ERR,ERR,ERR,ERR,ERR,ERR,ERR,ERR,ERR,ERR,ERR,ERR,ERR,ERR,ERR,ERR,ERR,ERR,ERR,ERR,ERR,ERR,ERR,ERR,ERR,ERR,0.0,0.0,2.6474835549302285e+23,0.0,0.0,1.3936040501711995e+18,7.805,0.0,0,0,4,0,7116,0.0,100,0.0,0.0,0.0,0.0,0.0,0,0,0,0,0.0,0,0,0,0,0,0,0,0,0,0,0,0,0,0,0,0,0,0,0,0,0,0,0,0,0,0,0,0,0,0,0,0,0,31,40,40,71,65476,0,300,0,0,8,21553,0.0,-107605600.0,0.0,0.0,0.0,0.0,0.0,0.0,0.0,0.0,0.0,0.0,0.0,0.0,0.0,0.0,0.0,0.0,0.0,0.0,0.0,0.0,-2.004,2.004,2.004,0.0,0.0,0.0,0.0,0.0,4486.0,-0.0,6932.0,0.0,0.0,2.7184260577004195e+23,-0.0,0.0,0.0,0.0,0.0,69,-0.059,0.0,0.0,0.0,0.0,0.0,0.0,0.0,0.0,0,0,0,0.0,0.0,0.0,0.0,0.0,0.0,0.0,0.0,0.0,0.0,0.0,0.0,0.0,0.0,0.0,0.0,0,-107875648.0,69,0.0,138,0.0,0.0,0,52429,17085,0,17100,0,17080,0,0,0,70,68,100,2.7302399002429377e+23,82.4,-107615448.0,77.9,-107615464.0,78.5,1,49,50,180,39322,39322,0,0,0.0,0.0,0.0,0.0,-0.0,67.0,0.0,162057.094,0.0,973,0,998,0,0,0,949,0,1020,0,920,0,789,0,779,0,821,0,7520,0.032,5.505200184497694e+19,0.0,0.0,784,16797,-0.0,162057.094,-114818.039,-0.0,0.133,6.909358625270745e+28,30.0,70.0,35,0.0,0.0,0.0,0.0,0.0,0.0,0.0,0.0,0.0,0.0,0.0,0.0,0.0,0.0,0.0,0.0,66.8,0,150,71,51,65476,0,300,0,0,8,20529,65476,0,0,44564,70.0,0.0,0.0,0.0,0.0,0.0
2026-09-10T21:39:13,ERR,ERR,ERR,ERR,ERR,ERR,ERR,ERR,ERR,ERR,ERR,ERR,ERR,ERR,ERR,ERR,ERR,ERR,ERR,ERR,ERR,ERR,ERR,ERR,ERR,ERR,ERR,ERR,ERR,ERR,ERR,ERR,ERR,ERR,ERR,ERR,ERR,ERR,ERR,ERR,ERR,ERR,ERR,ERR,ERR,ERR,ERR,ERR,ERR,ERR,ERR,ERR,ERR,ERR,ERR,ERR,ERR,ERR,ERR,ERR,ERR,ERR,ERR,ERR,ERR,ERR,ERR,ERR,ERR,ERR,ERR,ERR,ERR,ERR,ERR,ERR,ERR,ERR,ERR,ERR,ERR,ERR,ERR,ERR,ERR,ERR,ERR,ERR,ERR,ERR,ERR,ERR,ERR,ERR,ERR,ERR,ERR,ERR,ERR,ERR,ERR,ERR,ERR,ERR,ERR,ERR,ERR,ERR,ERR,ERR,ERR,ERR,ERR,ERR,ERR,ERR,ERR,ERR,ERR,ERR,ERR,ERR,ERR,ERR,ERR,0.0,0.0,2.6474835549302285e+23,0.0,0.0,1.3936040501711995e+18,7.805,0.0,0,0,4,0,7116,0.0,100,0.0,0.0,0.0,0.0,0.0,0,0,0,0,0.0,0,0,0,0,0,0,0,0,0,0,0,0,0,0,0,0,0,0,0,0,0,0,0,0,0,0,0,0,0,0,0,0,0,31,40,40,71,65476,0,300,0,0,8,21553,0.0,-107605600.0,0.0,0.0,0.0,0.0,0.0,0.0,0.0,0.0,0.0,0.0,0.0,0.0,0.0,0.0,0.0,0.0,0.0,0.0,0.0,0.0,-2.004,2.004,2.004,0.0,0.0,0.0,0.0,0.0,4486.0,-0.0,6932.0,0.0,0.0,2.7184260577004195e+23,-0.0,0.0,0.0,0.0,0.0,69,-0.059,0.0,0.0,0.0,0.0,0.0,0.0,0.0,0.0,0,0,0,0.0,0.0,0.0,0.0,0.0,0.0,0.0,0.0,0.0,0.0,0.0,0.0,0.0,0.0,0.0,0.0,0,-107875648.0,69,0.0,138,0.0,0.0,0,52429,17085,0,17100,0,17080,0,0,0,70,68,100,2.7302399002429377e+23,82.4,-107615448.0,77.9,-107615464.0,78.5,1,49,50,180,39322,39322,0,0,0.0,0.0,0.0,0.0,-0.0,67.0,0.0,162057.094,0.0,973,0,998,0,0,0,949,0,1020,0,920,0,789,0,779,0,821,0,7520,0.032,5.505200184497694e+19,0.0,0.0,784,16797,-0.0,162057.094,-114818.039,-0.0,0.133,6.909358625270745e+28,30.0,70.0,35,0.0,0.0,0.0,0.0,0.0,0.0,0.0,0.0,0.0,0.0,0.0,0.0,0.0,0.0,0.0,0.0,66.8,0,150,71,51,65476,0,300,0,0,8,20529,65476,0,0,44564,70.0,0.0,0.0,0.0,0.0,0.0
2026-09-10T21:39:14,ERR,ERR,ERR,ERR,ERR,ERR,ERR,ERR,ERR,ERR,ERR,ERR,ERR,ERR,ERR,ERR,ERR,ERR,ERR,ERR,ERR,ERR,ERR,ERR,ERR,ERR,ERR,ERR,ERR,ERR,ERR,ERR,ERR,ERR,ERR,ERR,ERR,ERR,ERR,ERR,ERR,ERR,ERR,ERR,ERR,ERR,ERR,ERR,ERR,ERR,ERR,ERR,ERR,ERR,ERR,ERR,ERR,ERR,ERR,ERR,ERR,ERR,ERR,ERR,ERR,ERR,ERR,ERR,ERR,ERR,ERR,ERR,ERR,ERR,ERR,ERR,ERR,ERR,ERR,ERR,ERR,ERR,ERR,ERR,ERR,ERR,ERR,ERR,ERR,ERR,ERR,ERR,ERR,ERR,ERR,ERR,ERR,ERR,ERR,ERR,ERR,ERR,ERR,ERR,ERR,ERR,ERR,ERR,ERR,ERR,ERR,ERR,ERR,ERR,ERR,ERR,ERR,ERR,ERR,ERR,ERR,ERR,ERR,ERR,ERR,0.0,0.0,2.6474835549302285e+23,0.0,0.0,1.3936040501711995e+18,7.805,0.0,0,0,4,0,7116,0.0,100,0.0,0.0,0.0,0.0,0.0,0,0,0,0,0.0,0,0,0,0,0,0,0,0,0,0,0,0,0,0,0,0,0,0,0,0,0,0,0,0,0,0,0,0,0,0,0,0,0,31,40,40,71,65476,0,300,0,0,8,21553,0.0,-107605600.0,0.0,0.0,0.0,0.0,0.0,0.0,0.0,0.0,0.0,0.0,0.0,0.0,0.0,0.0,0.0,0.0,0.0,0.0,0.0,0.0,-2.004,2.004,2.004,0.0,0.0,0.0,0.0,0.0,4486.0,-0.0,6932.0,0.0,0.0,2.7184260577004195e+23,-0.0,0.0,0.0,0.0,0.0,69,-0.059,0.0,0.0,0.0,0.0,0.0,0.0,0.0,0.0,0,0,0,0.0,0.0,0.0,0.0,0.0,0.0,0.0,0.0,0.0,0.0,0.0,0.0,0.0,0.0,0.0,0.0,0,-107875648.0,69,0.0,138,0.0,0.0,0,52429,17085,0,17100,0,17080,0,0,0,70,68,100,2.7302399002429377e+23,82.4,-107615448.0,77.9,-107615464.0,78.5,1,49,50,180,39322,39322,0,0,0.0,0.0,0.0,0.0,-0.0,67.0,0.0,162057.094,0.0,973,0,998,0,0,0,949,0,1020,0,920,0,789,0,779,0,821,0,7520,0.032,5.505200184497694e+19,0.0,0.0,784,16797,-0.0,162057.094,-114818.039,-0.0,0.133,6.909358625270745e+28,30.0,70.0,35,0.0,0.0,0.0,0.0,0.0,0.0,0.0,0.0,0.0,0.0,0.0,0.0,0.0,0.0,0.0,0.0,66.8,0,150,71,51,65476,0,300,0,0,8,20529,65476,0,0,44564,70.0,0.0,0.0,0.0,0.0,0.0
2026-09-10T21:39:15,ERR,ERR,ERR,ERR,ERR,ERR,ERR,ERR,ERR,ERR,ERR,ERR,ERR,ERR,ERR,ERR,ERR,ERR,ERR,ERR,ERR,ERR,ERR,ERR,ERR,ERR,ERR,ERR,ERR,ERR,ERR,ERR,ERR,ERR,ERR,ERR,ERR,ERR,ERR,ERR,ERR,ERR,ERR,ERR,ERR,ERR,ERR,ERR,ERR,ERR,ERR,ERR,ERR,ERR,ERR,ERR,ERR,ERR,ERR,ERR,ERR,ERR,ERR,ERR,ERR,ERR,ERR,ERR,ERR,ERR,ERR,ERR,ERR,ERR,ERR,ERR,ERR,ERR,ERR,ERR,ERR,ERR,ERR,ERR,ERR,ERR,ERR,ERR,ERR,ERR,ERR,ERR,ERR,ERR,ERR,ERR,ERR,ERR,ERR,ERR,ERR,ERR,ERR,ERR,ERR,ERR,ERR,ERR,ERR,ERR,ERR,ERR,ERR,ERR,ERR,ERR,ERR,ERR,ERR,ERR,ERR,ERR,ERR,ERR,ERR,0.0,0.0,2.6474835549302285e+23,0.0,0.0,1.3936040501711995e+18,7.805,0.0,0,0,4,0,7116,0.0,100,0.0,0.0,0.0,0.0,0.0,0,0,0,0,0.0,0,0,0,0,0,0,0,0,0,0,0,0,0,0,0,0,0,0,0,0,0,0,0,0,0,0,0,0,0,0,0,0,0,31,40,40,71,65476,0,300,0,0,8,21553,0.0,-107605600.0,0.0,0.0,0.0,0.0,0.0,0.0,0.0,0.0,0.0,0.0,0.0,0.0,0.0,0.0,0.0,0.0,0.0,0.0,0.0,0.0,-2.004,2.004,2.004,0.0,0.0,0.0,0.0,0.0,4486.0,-0.0,6932.0,0.0,0.0,2.7184260577004195e+23,-0.0,0.0,0.0,0.0,0.0,69,-0.059,0.0,0.0,0.0,0.0,0.0,0.0,0.0,0.0,0,0,0,0.0,0.0,0.0,0.0,0.0,0.0,0.0,0.0,0.0,0.0,0.0,0.0,0.0,0.0,0.0,0.0,0,-107875648.0,69,0.0,138,0.0,0.0,0,52429,17085,0,17100,0,17080,0,0,0,70,68,100,2.7302399002429377e+23,82.4,-107615448.0,77.9,-107615464.0,78.5,1,49,50,180,39322,39322,0,0,0.0,0.0,0.0,0.0,-0.0,67.0,0.0,162057.094,0.0,973,0,998,0,0,0,949,0,1020,0,920,0,789,0,779,0,821,0,7520,0.032,5.505200184497694e+19,0.0,0.0,784,16797,-0.0,162057.094,-114818.039,-0.0,0.133,6.909358625270745e+28,30.0,70.0,35,0.0,0.0,0.0,0.0,0.0,0.0,0.0,0.0,0.0,0.0,0.0,0.0,0.0,0.0,0.0,0.0,66.4,0,150,71,51,65476,0,300,0,0,8,20529,65476,0,0,44564,70.0,0.0,0.0,0.0,0.0,0.0
2026-09-10T21:39:16,ERR,ERR,ERR,ERR,ERR,ERR,ERR,ERR,ERR,ERR,ERR,ERR,ERR,ERR,ERR,ERR,ERR,ERR,ERR,ERR,ERR,ERR,ERR,ERR,ERR,ERR,ERR,ERR,ERR,ERR,ERR,ERR,ERR,ERR,ERR,ERR,ERR,ERR,ERR,ERR,ERR,ERR,ERR,ERR,ERR,ERR,ERR,ERR,ERR,ERR,ERR,ERR,ERR,ERR,ERR,ERR,ERR,ERR,ERR,ERR,ERR,ERR,ERR,ERR,ERR,ERR,ERR,ERR,ERR,ERR,ERR,ERR,ERR,ERR,ERR,ERR,ERR,ERR,ERR,ERR,ERR,ERR,ERR,ERR,ERR,ERR,ERR,ERR,ERR,ERR,ERR,ERR,ERR,ERR,ERR,ERR,ERR,ERR,ERR,ERR,ERR,ERR,ERR,ERR,ERR,ERR,ERR,ERR,ERR,ERR,ERR,ERR,ERR,ERR,ERR,ERR,ERR,ERR,ERR,ERR,ERR,ERR,ERR,ERR,ERR,0.0,0.0,2.6474835549302285e+23,0.0,0.0,1.3936040501711995e+18,7.805,0.0,0,0,4,0,7116,0.0,100,0.0,0.0,0.0,0.0,0.0,0,0,0,0,0.0,0,0,0,0,0,0,0,0,0,0,0,0,0,0,0,0,0,0,0,0,0,0,0,0,0,0,0,0,0,0,0,0,0,31,40,40,71,65476,0,300,0,0,8,21553,0.0,-107605600.0,0.0,0.0,0.0,0.0,0.0,0.0,0.0,0.0,0.0,0.0,0.0,0.0,0.0,0.0,0.0,0.0,0.0,0.0,0.0,0.0,-2.004,2.004,2.004,0.0,0.0,0.0,0.0,0.0,4486.0,-0.0,6932.0,0.0,0.0,2.7184260577004195e+23,-0.0,0.0,0.0,0.0,0.0,69,-0.059,0.0,0.0,0.0,0.0,0.0,0.0,0.0,0.0,0,0,0,0.0,0.0,0.0,0.0,0.0,0.0,0.0,0.0,0.0,0.0,0.0,0.0,0.0,0.0,0.0,0.0,0,-107875648.0,69,0.0,138,0.0,0.0,0,52429,17085,0,17100,0,17080,0,0,0,70,68,100,2.7302399002429377e+23,82.4,-107615448.0,77.9,-107615464.0,78.5,1,49,50,180,39322,39322,0,0,0.0,0.0,0.0,0.0,-0.0,67.0,0.0,162057.094,0.0,973,0,998,0,0,0,949,0,1020,0,920,0,789,0,779,0,821,0,7520,0.032,5.505200184497694e+19,0.0,0.0,784,16797,-0.0,162057.094,-114818.039,-0.0,0.133,6.909358625270745e+28,30.0,70.0,35,0.0,0.0,0.0,0.0,0.0,0.0,0.0,0.0,0.0,0.0,0.0,0.0,0.0,0.0,0.0,0.0,66.4,0,150,71,51,65476,0,300,0,0,8,20529,65476,0,0,44564,70.0,0.0,0.0,0.0,0.0,0.0
2026-09-10T21:39:17,ERR,ERR,ERR,ERR,ERR,ERR,ERR,ERR,ERR,ERR,ERR,ERR,ERR,ERR,ERR,ERR,ERR,ERR,ERR,ERR,ERR,ERR,ERR,ERR,ERR,ERR,ERR,ERR,ERR,ERR,ERR,ERR,ERR,ERR,ERR,ERR,ERR,ERR,ERR,ERR,ERR,ERR,ERR,ERR,ERR,ERR,ERR,ERR,ERR,ERR,ERR,ERR,ERR,ERR,ERR,ERR,ERR,ERR,ERR,ERR,ERR,ERR,ERR,ERR,ERR,ERR,ERR,ERR,ERR,ERR,ERR,ERR,ERR,ERR,ERR,ERR,ERR,ERR,ERR,ERR,ERR,ERR,ERR,ERR,ERR,ERR,ERR,ERR,ERR,ERR,ERR,ERR,ERR,ERR,ERR,ERR,ERR,ERR,ERR,ERR,ERR,ERR,ERR,ERR,ERR,ERR,ERR,ERR,ERR,ERR,ERR,ERR,ERR,ERR,ERR,ERR,ERR,ERR,ERR,ERR,ERR,ERR,ERR,ERR,ERR,0.0,0.0,2.6474835549302285e+23,0.0,0.0,1.3936040501711995e+18,7.805,0.0,0,0,4,0,7116,0.0,100,0.0,0.0,0.0,0.0,0.0,0,0,0,0,0.0,0,0,0,0,0,0,0,0,0,0,0,0,0,0,0,0,0,0,0,0,0,0,0,0,0,0,0,0,0,0,0,0,0,31,40,40,71,65476,0,300,0,0,8,21553,0.0,-107605600.0,0.0,0.0,0.0,0.0,0.0,0.0,0.0,0.0,0.0,0.0,0.0,0.0,0.0,0.0,0.0,0.0,0.0,0.0,0.0,0.0,-2.004,2.004,2.004,0.0,0.0,0.0,0.0,0.0,4486.0,-0.0,6932.0,0.0,0.0,2.7184260577004195e+23,-0.0,0.0,0.0,0.0,0.0,69,-0.059,0.0,0.0,0.0,0.0,0.0,0.0,0.0,0.0,0,0,0,0.0,0.0,0.0,0.0,0.0,0.0,0.0,0.0,0.0,0.0,0.0,0.0,0.0,0.0,0.0,0.0,0,-107875648.0,69,0.0,138,0.0,0.0,0,52429,17085,0,17100,0,17080,0,0,0,70,68,100,2.7302399002429377e+23,82.4,-107615448.0,77.9,-107615464.0,78.5,1,49,50,180,39322,39322,0,0,0.0,0.0,0.0,0.0,-0.0,67.0,0.0,162057.094,0.0,973,0,998,0,0,0,949,0,1020,0,920,0,789,0,779,0,822,0,7520,0.032,5.505200184497694e+19,0.0,0.0,784,16797,-0.0,162057.094,-114818.039,-0.0,0.133,6.909358625270745e+28,30.0,70.0,35,0.0,0.0,0.0,0.0,0.0,0.0,0.0,0.0,0.0,0.0,0.0,0.0,0.0,0.0,0.0,0.0,66.4,0,150,71,51,65476,0,300,0,0,8,20529,65476,0,0,44564,70.0,0.0,0.0,0.0,0.0,0.0
2026-09-10T21:39:18,ERR,ERR,ERR,ERR,ERR,ERR,ERR,ERR,ERR,ERR,ERR,ERR,ERR,ERR,ERR,ERR,ERR,ERR,ERR,ERR,ERR,ERR,ERR,ERR,ERR,ERR,ERR,ERR,ERR,ERR,ERR,ERR,ERR,ERR,ERR,ERR,ERR,ERR,ERR,ERR,ERR,ERR,ERR,ERR,ERR,ERR,ERR,ERR,ERR,ERR,ERR,ERR,ERR,ERR,ERR,ERR,ERR,ERR,ERR,ERR,ERR,ERR,ERR,ERR,ERR,ERR,ERR,ERR,ERR,ERR,ERR,ERR,ERR,ERR,ERR,ERR,ERR,ERR,ERR,ERR,ERR,ERR,ERR,ERR,ERR,ERR,ERR,ERR,ERR,ERR,ERR,ERR,ERR,ERR,ERR,ERR,ERR,ERR,ERR,ERR,ERR,ERR,ERR,ERR,ERR,ERR,ERR,ERR,ERR,ERR,ERR,ERR,ERR,ERR,ERR,ERR,ERR,ERR,ERR,ERR,ERR,ERR,ERR,ERR,ERR,0.0,0.0,0.0,0.0,0.0,1.3936040501711995e+18,7.805,0.0,0,0,4,0,7116,0.0,100,0.0,0.0,0.0,0.0,0.0,0,0,0,0,0.0,0,0,0,0,0,0,0,0,0,0,0,0,0,0,0,0,0,0,0,0,0,0,0,0,0,0,0,0,0,0,0,0,0,31,40,40,71,65476,0,300,0,0,8,21553,0.0,-107605600.0,0.0,0.0,0.0,0.0,0.0,0.0,0.0,0.0,0.0,0.0,0.0,0.0,0.0,0.0,0.0,0.0,0.0,0.0,0.0,0.0,-2.004,2.004,2.004,0.0,0.0,0.0,0.0,0.0,4487.0,-0.0,6935.0,0.0,0.0,2.7184260577004195e+23,-0.0,0.0,0.0,0.0,0.0,69,-0.0,0.0,0.0,0.0,0.0,0.0,0.0,0.0,0.0,0,0,0,0.0,0.0,0.0,0.0,0.0,0.0,0.0,0.0,0.0,0.0,0.0,0.0,0.0,0.0,0.0,0.0,0,-107875648.0,69,0.0,138,0.0,2.6474720257151824e+23,0,52429,17085,0,17100,0,17080,0,0,0,70,68,100,2.7302399002429377e+23,82.4,-107615448.0,77.9,-107615464.0,78.5,1,49,50,180,39322,39322,0,0,0.0,0.0,0.0,0.0,-0.0,67.0,0.0,162057.094,0.0,973,0,998,0,0,0,949,0,1020,0,920,0,789,0,779,0,822,0,7520,0.032,5.505200184497694e+19,0.0,0.0,784,16797,-0.0,162057.094,-114818.039,-0.0,0.133,6.909358625270745e+28,30.0,70.0,35,0.0,0.0,0.0,0.0,0.0,0.0,0.0,0.0,0.0,0.0,0.0,0.0,0.0,0.0,0.0,0.0,66.4,0,150,71,51,65476,0,300,0,0,8,20529,65476,0,0,44564,70.0,0.0,0.0,0.0,0.0,0.0
2026-09-10T21:39:19,ERR,ERR,ERR,ERR,ERR,ERR,ERR,ERR,ERR,ERR,ERR,ERR,ERR,ERR,ERR,ERR,ERR,ERR,ERR,ERR,ERR,ERR,ERR,ERR,ERR,ERR,ERR,ERR,ERR,ERR,ERR,ERR,ERR,ERR,ERR,ERR,ERR,ERR,ERR,ERR,ERR,ERR,ERR,ERR,ERR,ERR,ERR,ERR,ERR,ERR,ERR,ERR,ERR,ERR,ERR,ERR,ERR,ERR,ERR,ERR,ERR,ERR,ERR,ERR,ERR,ERR,ERR,ERR,ERR,ERR,ERR,ERR,ERR,ERR,ERR,ERR,ERR,ERR,ERR,ERR,ERR,ERR,ERR,ERR,ERR,ERR,ERR,ERR,ERR,ERR,ERR,ERR,ERR,ERR,ERR,ERR,ERR,ERR,ERR,ERR,ERR,ERR,ERR,ERR,ERR,ERR,ERR,ERR,ERR,ERR,ERR,ERR,ERR,ERR,ERR,ERR,ERR,ERR,ERR,ERR,ERR,ERR,ERR,ERR,ERR,0.0,0.0,0.0,0.0,0.0,1.3936040501711995e+18,7.805,0.0,0,0,4,0,7116,0.0,100,0.0,0.0,0.0,0.0,0.0,0,0,0,0,0.0,0,0,0,0,0,0,0,0,0,0,0,0,0,0,0,0,0,0,0,0,0,0,0,0,0,0,0,0,0,0,0,0,0,31,40,40,71,65476,0,300,0,0,8,21553,0.0,-107605600.0,0.0,0.0,0.0,0.0,0.0,0.0,0.0,0.0,0.0,0.0,0.0,0.0,0.0,0.0,0.0,0.0,0.0,0.0,0.0,0.0,-2.004,2.004,2.004,0.0,0.0,0.0,0.0,0.0,4487.0,-0.0,6935.0,0.0,0.0,2.7184260577004195e+23,-0.0,0.0,0.0,0.0,0.0,69,-0.0,0.0,0.0,0.0,0.0,0.0,0.0,0.0,0.0,0,0,0,0.0,0.0,0.0,0.0,0.0,0.0,0.0,0.0,0.0,0.0,0.0,0.0,0.0,0.0,0.0,0.0,0,-107875648.0,69,0.0,138,0.0,2.6474720257151824e+23,0,52429,17085,0,17100,0,17080,0,0,0,70,68,100,2.7302399002429377e+23,82.4,-107615448.0,77.9,-107615464.0,78.5,1,49,50,180,39322,39322,0,0,0.0,0.0,0.0,0.0,-0.0,67.0,0.0,162057.094,0.0,973,0,998,0,0,0,949,0,1020,0,920,0,789,0,779,0,822,0,7520,0.032,5.505200184497694e+19,0.0,0.0,784,16797,-0.0,162057.094,-114818.039,-0.0,0.133,6.909358625270745e+28,30.0,70.0,35,0.0,0.0,0.0,0.0,0.0,0.0,0.0,0.0,0.0,0.0,0.0,0.0,0.0,0.0,0.0,0.0,66.4,0,150,71,51,65476,0,300,0,0,8,20529,65476,0,0,44564,70.0,0.0,0.0,0.0,0.0,0.0
2026-09-10T21:39:20,ERR,ERR,ERR,ERR,ERR,ERR,ERR,ERR,ERR,ERR,ERR,ERR,ERR,ERR,ERR,ERR,ERR,ERR,ERR,ERR,ERR,ERR,ERR,ERR,ERR,ERR,ERR,ERR,ERR,ERR,ERR,ERR,ERR,ERR,ERR,ERR,ERR,ERR,ERR,ERR,ERR,ERR,ERR,ERR,ERR,ERR,ERR,ERR,ERR,ERR,ERR,ERR,ERR,ERR,ERR,ERR,ERR,ERR,ERR,ERR,ERR,ERR,ERR,ERR,ERR,ERR,ERR,ERR,ERR,ERR,ERR,ERR,ERR,ERR,ERR,ERR,ERR,ERR,ERR,ERR,ERR,ERR,ERR,ERR,ERR,ERR,ERR,ERR,ERR,ERR,ERR,ERR,ERR,ERR,ERR,ERR,ERR,ERR,ERR,ERR,ERR,ERR,ERR,ERR,ERR,ERR,ERR,ERR,ERR,ERR,ERR,ERR,ERR,ERR,ERR,ERR,ERR,ERR,ERR,ERR,ERR,ERR,ERR,ERR,ERR,0.0,0.0,0.0,0.0,0.0,1.3936040501711995e+18,7.805,0.0,0,0,4,0,7116,0.0,100,0.0,0.0,0.0,0.0,0.0,0,0,0,0,0.0,0,0,0,0,0,0,0,0,0,0,0,0,0,0,0,0,0,0,0,0,0,0,0,0,0,0,0,0,0,0,0,0,0,31,40,40,71,65476,0,300,0,0,8,21553,0.0,-107605600.0,0.0,0.0,0.0,0.0,0.0,0.0,0.0,0.0,0.0,0.0,0.0,0.0,0.0,0.0,0.0,0.0,0.0,0.0,0.0,0.0,-2.004,2.004,2.004,0.0,0.0,0.0,0.0,0.0,4487.0,-0.0,6935.0,0.0,0.0,2.7184260577004195e+23,-0.0,0.0,0.0,0.0,0.0,69,-0.0,0.0,0.0,0.0,0.0,0.0,0.0,0.0,0.0,0,0,0,0.0,0.0,0.0,0.0,0.0,0.0,0.0,0.0,0.0,0.0,0.0,0.0,0.0,0.0,0.0,0.0,0,-107875648.0,69,0.0,138,0.0,2.6474720257151824e+23,0,52429,17085,0,17100,0,17080,0,0,0,70,68,100,2.7302399002429377e+23,82.4,-107615448.0,77.9,-107615464.0,78.5,1,49,50,180,39322,39322,0,0,0.0,0.0,0.0,0.0,-0.0,67.0,0.0,162057.094,0.0,973,0,998,0,0,0,949,0,1020,0,920,0,789,0,779,0,822,0,7520,0.032,5.505200184497694e+19,0.0,0.0,784,16797,-0.0,162057.094,-114818.039,-0.0,0.133,6.909358625270745e+28,30.0,70.0,35,0.0,0.0,0.0,0.0,0.0,0.0,0.0,0.0,0.0,0.0,0.0,0.0,0.0,0.0,0.0,0.0,66.8,0,150,71,51,65476,0,300,0,0,8,20529,65476,0,0,44564,70.0,0.0,0.0,0.0,0.0,0.0
2026-09-10T21:39:21,ERR,ERR,ERR,ERR,ERR,ERR,ERR,ERR,ERR,ERR,ERR,ERR,ERR,ERR,ERR,ERR,ERR,ERR,ERR,ERR,ERR,ERR,ERR,ERR,ERR,ERR,ERR,ERR,ERR,ERR,ERR,ERR,ERR,ERR,ERR,ERR,ERR,ERR,ERR,ERR,ERR,ERR,ERR,ERR,ERR,ERR,ERR,ERR,ERR,ERR,ERR,ERR,ERR,ERR,ERR,ERR,ERR,ERR,ERR,ERR,ERR,ERR,ERR,ERR,ERR,ERR,ERR,ERR,ERR,ERR,ERR,ERR,ERR,ERR,ERR,ERR,ERR,ERR,ERR,ERR,ERR,ERR,ERR,ERR,ERR,ERR,ERR,ERR,ERR,ERR,ERR,ERR,ERR,ERR,ERR,ERR,ERR,ERR,ERR,ERR,ERR,ERR,ERR,ERR,ERR,ERR,ERR,ERR,ERR,ERR,ERR,ERR,ERR,ERR,ERR,ERR,ERR,ERR,ERR,ERR,ERR,ERR,ERR,ERR,ERR,0.0,0.0,0.0,0.0,0.0,1.3936040501711995e+18,7.805,0.0,0,0,4,0,7116,0.0,100,0.0,0.0,0.0,0.0,0.0,0,0,0,0,0.0,0,0,0,0,0,0,0,0,0,0,0,0,0,0,0,0,0,0,0,0,0,0,0,0,0,0,0,0,0,0,0,0,0,31,40,40,71,65476,0,300,0,0,8,21553,0.0,-107605600.0,0.0,0.0,0.0,0.0,0.0,0.0,0.0,0.0,0.0,0.0,0.0,0.0,0.0,0.0,0.0,0.0,0.0,0.0,0.0,0.0,-2.004,2.004,2.004,0.0,0.0,0.0,0.0,0.0,4487.0,-0.0,6935.0,0.0,0.0,2.7184260577004195e+23,-0.0,0.0,0.0,0.0,0.0,69,-0.0,0.0,0.0,0.0,0.0,0.0,0.0,0.0,0.0,0,0,0,0.0,0.0,0.0,0.0,0.0,0.0,0.0,0.0,0.0,0.0,0.0,0.0,0.0,0.0,0.0,0.0,0,-107875648.0,69,0.0,138,0.0,2.6474720257151824e+23,0,52429,17085,0,17100,0,17080,0,0,0,70,68,100,2.7302399002429377e+23,82.4,-107615448.0,77.9,-107615464.0,78.5,1,49,50,180,39322,39322,0,0,0.0,0.0,0.0,0.0,-0.0,67.0,0.0,162057.094,0.0,973,0,998,0,0,0,949,0,1020,0,920,0,789,0,779,0,822,0,7520,0.032,5.505200184497694e+19,0.0,0.0,784,16797,-0.0,162057.094,-114818.039,-0.0,0.133,6.909358625270745e+28,30.0,70.0,35,0.0,0.0,0.0,0.0,0.0,0.0,0.0,0.0,0.0,0.0,0.0,0.0,0.0,0.0,0.0,0.0,66.8,0,150,71,51,65476,0,300,0,0,8,20529,65476,0,0,44564,70.0,0.0,0.0,0.0,0.0,0.0
2026-09-10T21:39:22,ERR,ERR,ERR,ERR,ERR,ERR,ERR,ERR,ERR,ERR,ERR,ERR,ERR,ERR,ERR,ERR,ERR,ERR,ERR,ERR,ERR,ERR,ERR,ERR,ERR,ERR,ERR,ERR,ERR,ERR,ERR,ERR,ERR,ERR,ERR,ERR,ERR,ERR,ERR,ERR,ERR,ERR,ERR,ERR,ERR,ERR,ERR,ERR,ERR,ERR,ERR,ERR,ERR,ERR,ERR,ERR,ERR,ERR,ERR,ERR,ERR,ERR,ERR,ERR,ERR,ERR,ERR,ERR,ERR,ERR,ERR,ERR,ERR,ERR,ERR,ERR,ERR,ERR,ERR,ERR,ERR,ERR,ERR,ERR,ERR,ERR,ERR,ERR,ERR,ERR,ERR,ERR,ERR,ERR,ERR,ERR,ERR,ERR,ERR,ERR,ERR,ERR,ERR,ERR,ERR,ERR,ERR,ERR,ERR,ERR,ERR,ERR,ERR,ERR,ERR,ERR,ERR,ERR,ERR,ERR,ERR,ERR,ERR,ERR,ERR,0.0,0.0,0.0,0.0,0.0,1.3936040501711995e+18,7.805,0.0,0,0,4,0,7116,0.0,100,0.0,0.0,0.0,0.0,0.0,0,0,0,0,0.0,0,0,0,0,0,0,0,0,0,0,0,0,0,0,0,0,0,0,0,0,0,0,0,0,0,0,0,0,0,0,0,0,0,31,40,40,71,65476,0,300,0,0,8,21553,0.0,-107605600.0,0.0,0.0,0.0,0.0,0.0,0.0,0.0,0.0,0.0,0.0,0.0,0.0,0.0,0.0,0.0,0.0,0.0,0.0,0.0,0.0,-2.004,2.004,2.004,0.0,0.0,0.0,0.0,0.0,4487.0,-0.0,6935.0,0.0,0.0,2.7184260577004195e+23,-0.0,0.0,0.0,0.0,0.0,69,-0.0,0.0,0.0,0.0,0.0,0.0,0.0,0.0,0.0,0,0,0,0.0,0.0,0.0,0.0,0.0,0.0,0.0,0.0,0.0,0.0,0.0,0.0,0.0,0.0,0.0,0.0,0,-107875648.0,69,0.0,138,0.0,2.6474720257151824e+23,0,52429,17085,0,17100,0,17080,0,0,0,70,68,100,2.7302399002429377e+23,82.4,-107615448.0,77.9,-107615464.0,78.5,1,49,50,180,39322,39322,0,0,0.0,0.0,0.0,0.0,-0.0,67.0,0.0,162057.094,0.0,973,0,998,0,0,0,949,0,1020,0,920,0,789,0,779,0,822,0,7520,0.032,5.505200184497694e+19,0.0,0.0,784,16797,-0.0,162057.094,-114818.039,-0.0,0.133,6.909358625270745e+28,30.0,70.0,35,0.0,0.0,0.0,0.0,0.0,0.0,0.0,0.0,0.0,0.0,0.0,0.0,0.0,0.0,0.0,0.0,66.8,0,150,71,51,65476,0,300,0,0,8,20529,65476,0,0,44564,70.0,0.0,0.0,0.0,0.0,0.0
2026-09-10T21:39:23,ERR,ERR,ERR,ERR,ERR,ERR,ERR,ERR,ERR,ERR,ERR,ERR,ERR,ERR,ERR,ERR,ERR,ERR,ERR,ERR,ERR,ERR,ERR,ERR,ERR,ERR,ERR,ERR,ERR,ERR,ERR,ERR,ERR,ERR,ERR,ERR,ERR,ERR,ERR,ERR,ERR,ERR,ERR,ERR,ERR,ERR,ERR,ERR,ERR,ERR,ERR,ERR,ERR,ERR,ERR,ERR,ERR,ERR,ERR,ERR,ERR,ERR,ERR,ERR,ERR,ERR,ERR,ERR,ERR,ERR,ERR,ERR,ERR,ERR,ERR,ERR,ERR,ERR,ERR,ERR,ERR,ERR,ERR,ERR,ERR,ERR,ERR,ERR,ERR,ERR,ERR,ERR,ERR,ERR,ERR,ERR,ERR,ERR,ERR,ERR,ERR,ERR,ERR,ERR,ERR,ERR,ERR,ERR,ERR,ERR,ERR,ERR,ERR,ERR,ERR,ERR,ERR,ERR,ERR,ERR,ERR,ERR,ERR,ERR,ERR,0.0,0.0,0.0,0.0,0.0,1.3936040501711995e+18,7.805,0.0,0,0,4,0,7116,0.0,100,0.0,0.0,0.0,0.0,0.0,0,0,0,0,0.0,0,0,0,0,0,0,0,0,0,0,0,0,0,0,0,0,0,0,0,0,0,0,0,0,0,0,0,0,0,0,0,0,0,31,40,40,71,65476,0,300,0,0,8,21553,0.0,-107605600.0,0.0,0.0,0.0,0.0,0.0,0.0,0.0,0.0,0.0,0.0,0.0,0.0,0.0,0.0,0.0,0.0,0.0,0.0,0.0,0.0,-2.004,2.004,2.004,0.0,0.0,0.0,0.0,0.0,4487.0,-0.0,6935.0,0.0,0.0,2.7184260577004195e+23,-0.0,0.0,0.0,0.0,0.0,69,-0.0,0.0,0.0,0.0,0.0,0.0,0.0,0.0,0.0,0,0,0,0.0,0.0,0.0,0.0,0.0,0.0,0.0,0.0,0.0,0.0,0.0,0.0,0.0,0.0,0.0,0.0,0,-107875648.0,69,0.0,138,0.0,2.6474720257151824e+23,0,52429,17085,0,17100,0,17080,0,0,0,70,68,100,2.7302399002429377e+23,82.4,-107615448.0,77.9,-107615464.0,78.5,1,49,50,180,39322,39322,0,0,0.0,0.0,0.0,0.0,-0.0,67.0,0.0,162057.094,0.0,973,0,998,0,0,0,949,0,1021,0,920,0,789,0,779,0,821,0,7520,0.032,5.5340232221128655e+19,0.0,0.0,784,16797,-0.0,162057.094,-114818.039,-0.0,0.133,6.909358625270745e+28,30.0,70.0,35,0.0,0.0,0.0,0.0,0.0,0.0,0.0,0.0,0.0,0.0,0.0,0.0,0.0,0.0,0.0,0.0,66.8,0,150,71,51,65476,0,300,0,0,8,20529,65476,0,0,44564,70.0,0.0,0.0,0.0,0.0,0.0
2026-09-10T21:39:24,ERR,ERR,ERR,ERR,ERR,ERR,ERR,ERR,ERR,ERR,ERR,ERR,ERR,ERR,ERR,ERR,ERR,ERR,ERR,ERR,ERR,ERR,ERR,ERR,ERR,ERR,ERR,ERR,ERR,ERR,ERR,ERR,ERR,ERR,ERR,ERR,ERR,ERR,ERR,ERR,ERR,ERR,ERR,ERR,ERR,ERR,ERR,ERR,ERR,ERR,ERR,ERR,ERR,ERR,ERR,ERR,ERR,ERR,ERR,ERR,ERR,ERR,ERR,ERR,ERR,ERR,ERR,ERR,ERR,ERR,ERR,ERR,ERR,ERR,ERR,ERR,ERR,ERR,ERR,ERR,ERR,ERR,ERR,ERR,ERR,ERR,ERR,ERR,ERR,ERR,ERR,ERR,ERR,ERR,ERR,ERR,ERR,ERR,ERR,ERR,ERR,ERR,ERR,ERR,ERR,ERR,ERR,ERR,ERR,ERR,ERR,ERR,ERR,ERR,ERR,ERR,ERR,ERR,ERR,ERR,ERR,ERR,ERR,ERR,ERR,0.0,0.0,0.0,0.0,0.0,1.3936040501711995e+18,7.805,0.0,0,0,4,0,7116,0.0,100,0.0,0.0,0.0,0.0,0.0,0,0,0,0,0.0,0,0,0,0,0,0,0,0,0,0,0,0,0,0,0,0,0,0,0,0,0,0,0,0,0,0,0,0,0,0,0,0,0,31,40,40,71,65476,0,300,0,0,8,21553,0.0,-107605600.0,0.0,0.0,0.0,0.0,0.0,0.0,0.0,0.0,0.0,0.0,0.0,0.0,0.0,0.0,0.0,0.0,0.0,0.0,0.0,0.0,-2.004,2.004,2.004,0.0,0.0,0.0,0.0,0.0,4487.0,-0.0,6935.0,0.0,0.0,2.7184260577004195e+23,-0.0,0.0,0.0,0.0,0.0,69,-0.0,0.0,0.0,0.0,0.0,0.0,0.0,0.0,0.0,0,0,0,0.0,0.0,0.0,0.0,0.0,0.0,0.0,0.0,0.0,0.0,0.0,0.0,0.0,0.0,0.0,0.0,0,-107875648.0,69,0.0,138,0.0,2.6474720257151824e+23,0,52429,17085,0,17100,0,17080,0,0,0,70,68,100,2.7302399002429377e+23,82.4,-107615448.0,77.9,-107615464.0,78.5,1,49,50,180,39322,39322,0,0,0.0,0.0,0.0,0.0,-0.0,67.0,0.0,162057.094,0.0,973,0,998,0,0,0,949,0,1021,0,920,0,789,0,779,0,821,0,7520,0.032,5.5340232221128655e+19,0.0,0.0,784,16797,-0.0,162057.094,-114818.039,-0.0,0.133,6.909358625270745e+28,30.0,70.0,35,0.0,0.0,0.0,0.0,0.0,0.0,0.0,0.0,0.0,0.0,0.0,0.0,0.0,0.0,0.0,0.0,66.8,0,150,71,51,65476,0,300,0,0,8,20529,65476,0,0,44564,70.0,0.0,0.0,0.0,0.0,0.0
2026-09-10T21:39:25,ERR,ERR,ERR,ERR,ERR,ERR,ERR,ERR,ERR,ERR,ERR,ERR,ERR,ERR,ERR,ERR,ERR,ERR,ERR,ERR,ERR,ERR,ERR,ERR,ERR,ERR,ERR,ERR,ERR,ERR,ERR,ERR,ERR,ERR,ERR,ERR,ERR,ERR,ERR,ERR,ERR,ERR,ERR,ERR,ERR,ERR,ERR,ERR,ERR,ERR,ERR,ERR,ERR,ERR,ERR,ERR,ERR,ERR,ERR,ERR,ERR,ERR,ERR,ERR,ERR,ERR,ERR,ERR,ERR,ERR,ERR,ERR,ERR,ERR,ERR,ERR,ERR,ERR,ERR,ERR,ERR,ERR,ERR,ERR,ERR,ERR,ERR,ERR,ERR,ERR,ERR,ERR,ERR,ERR,ERR,ERR,ERR,ERR,ERR,ERR,ERR,ERR,ERR,ERR,ERR,ERR,ERR,ERR,ERR,ERR,ERR,ERR,ERR,ERR,ERR,ERR,ERR,ERR,ERR,ERR,ERR,ERR,ERR,ERR,ERR,0.0,0.0,0.0,0.0,0.0,1.3936040501711995e+18,7.805,0.0,0,0,4,0,7116,0.0,100,0.0,0.0,0.0,0.0,0.0,0,0,0,0,0.0,0,0,0,0,0,0,0,0,0,0,0,0,0,0,0,0,0,0,0,0,0,0,0,0,0,0,0,0,0,0,0,0,0,31,40,40,71,65476,0,300,0,0,8,21553,0.0,-107605600.0,0.0,0.0,0.0,0.0,0.0,0.0,0.0,0.0,0.0,0.0,0.0,0.0,0.0,0.0,0.0,0.0,0.0,0.0,0.0,0.0,-2.004,2.004,2.004,0.0,0.0,0.0,0.0,0.0,4487.0,-0.0,6935.0,0.0,0.0,2.7184260577004195e+23,-0.0,0.0,0.0,0.0,0.0,69,-0.0,0.0,0.0,0.0,0.0,0.0,0.0,0.0,0.0,0,0,0,0.0,0.0,0.0,0.0,0.0,0.0,0.0,0.0,0.0,0.0,0.0,0.0,0.0,0.0,0.0,0.0,0,-107875648.0,69,0.0,138,0.0,2.6474720257151824e+23,0,52429,17085,0,17100,0,17080,0,0,0,70,68,100,2.7302399002429377e+23,82.4,-107615448.0,77.9,-107615464.0,78.5,1,49,50,180,39322,39322,0,0,0.0,0.0,0.0,0.0,-0.0,67.0,0.0,162057.094,0.0,973,0,998,0,0,0,949,0,1021,0,920,0,789,0,779,0,821,0,7520,0.032,5.5340232221128655e+19,0.0,0.0,784,16797,-0.0,162057.094,-114818.039,-0.0,0.133,6.909358625270745e+28,30.0,70.0,35,0.0,0.0,0.0,0.0,0.0,0.0,0.0,0.0,0.0,0.0,0.0,0.0,0.0,0.0,0.0,0.0,66.8,0,150,71,51,65476,0,300,0,0,8,20529,65476,0,0,44564,70.0,0.0,0.0,0.0,0.0,0.0
2026-09-10T21:39:26,ERR,ERR,ERR,ERR,ERR,ERR,ERR,ERR,ERR,ERR,ERR,ERR,ERR,ERR,ERR,ERR,ERR,ERR,ERR,ERR,ERR,ERR,ERR,ERR,ERR,ERR,ERR,ERR,ERR,ERR,ERR,ERR,ERR,ERR,ERR,ERR,ERR,ERR,ERR,ERR,ERR,ERR,ERR,ERR,ERR,ERR,ERR,ERR,ERR,ERR,ERR,ERR,ERR,ERR,ERR,ERR,ERR,ERR,ERR,ERR,ERR,ERR,ERR,ERR,ERR,ERR,ERR,ERR,ERR,ERR,ERR,ERR,ERR,ERR,ERR,ERR,ERR,ERR,ERR,ERR,ERR,ERR,ERR,ERR,ERR,ERR,ERR,ERR,ERR,ERR,ERR,ERR,ERR,ERR,ERR,ERR,ERR,ERR,ERR,ERR,ERR,ERR,ERR,ERR,ERR,ERR,ERR,ERR,ERR,ERR,ERR,ERR,ERR,ERR,ERR,ERR,ERR,ERR,ERR,ERR,ERR,ERR,ERR,ERR,ERR,0.0,0.0,2.6474835549302285e+23,0.0,0.0,1.3936040501711995e+18,7.805,0.0,0,0,4,0,7116,0.0,100,0.0,0.0,0.0,0.0,0.0,0,0,0,0,0.0,0,0,0,0,0,0,0,0,0,0,0,0,0,0,0,0,0,0,0,0,0,0,0,0,0,0,0,0,0,0,0,0,0,31,40,40,71,65476,0,300,0,0,8,21553,0.0,-107605600.0,0.0,0.0,0.0,0.0,0.0,0.0,0.0,0.0,0.0,0.0,0.0,0.0,0.0,0.0,0.0,0.0,0.0,0.0,0.0,0.0,-2.004,2.004,2.004,-2.004,0.0,0.0,0.0,0.0,4491.0,-2.004,6936.0,0.0,0.0,2.7184260577004195e+23,2.718429120148166e+23,0.0,0.0,0.0,0.0,69,-71.63,0.0,0.0,0.0,0.0,0.0,0.0,0.0,0.0,0,0,0,0.0,0.0,0.0,0.0,0.0,0.0,0.0,0.0,0.0,0.0,0.0,0.0,0.0,0.0,0.0,0.0,0,-107875648.0,69,0.0,138,0.0,0.0,0,52429,17085,0,17100,0,17080,0,0,0,70,68,100,2.7302399002429377e+23,82.4,-107615448.0,77.9,-107615464.0,78.5,1,49,50,180,39322,39322,0,0,0.0,0.0,0.0,0.0,-0.0,67.0,0.0,162057.094,0.0,973,0,998,0,0,0,949,0,1021,0,920,0,789,0,779,0,821,0,7520,0.032,5.5340232221128655e+19,0.0,0.0,784,16797,-0.0,162057.094,-114818.039,-0.0,0.133,6.909358625270745e+28,30.0,70.0,35,0.0,0.0,0.0,0.0,0.0,0.0,0.0,0.0,0.0,0.0,0.0,0.0,0.0,0.0,0.0,0.0,66.4,0,150,71,51,65476,0,300,0,0,8,20529,65476,0,0,44564,70.0,0.0,0.0,0.0,0.0,0.0
2026-09-10T21:39:27,ERR,ERR,ERR,ERR,ERR,ERR,ERR,ERR,ERR,ERR,ERR,ERR,ERR,ERR,ERR,ERR,ERR,ERR,ERR,ERR,ERR,ERR,ERR,ERR,ERR,ERR,ERR,ERR,ERR,ERR,ERR,ERR,ERR,ERR,ERR,ERR,ERR,ERR,ERR,ERR,ERR,ERR,ERR,ERR,ERR,ERR,ERR,ERR,ERR,ERR,ERR,ERR,ERR,ERR,ERR,ERR,ERR,ERR,ERR,ERR,ERR,ERR,ERR,ERR,ERR,ERR,ERR,ERR,ERR,ERR,ERR,ERR,ERR,ERR,ERR,ERR,ERR,ERR,ERR,ERR,ERR,ERR,ERR,ERR,ERR,ERR,ERR,ERR,ERR,ERR,ERR,ERR,ERR,ERR,ERR,ERR,ERR,ERR,ERR,ERR,ERR,ERR,ERR,ERR,ERR,ERR,ERR,ERR,ERR,ERR,ERR,ERR,ERR,ERR,ERR,ERR,ERR,ERR,ERR,ERR,ERR,ERR,ERR,ERR,ERR,0.0,0.0,2.6474835549302285e+23,0.0,0.0,1.3936040501711995e+18,7.805,0.0,0,0,4,0,7116,0.0,100,0.0,0.0,0.0,0.0,0.0,0,0,0,0,0.0,0,0,0,0,0,0,0,0,0,0,0,0,0,0,0,0,0,0,0,0,0,0,0,0,0,0,0,0,0,0,0,0,0,31,40,40,71,65476,0,300,0,0,8,21553,0.0,-107605600.0,0.0,0.0,0.0,0.0,0.0,0.0,0.0,0.0,0.0,0.0,0.0,0.0,0.0,0.0,0.0,0.0,0.0,0.0,0.0,0.0,-2.004,2.004,2.004,-2.004,0.0,0.0,0.0,0.0,4491.0,-2.004,6936.0,0.0,0.0,2.7184260577004195e+23,2.718429120148166e+23,0.0,0.0,0.0,0.0,69,-71.63,0.0,0.0,0.0,0.0,0.0,0.0,0.0,0.0,0,0,0,0.0,0.0,0.0,0.0,0.0,0.0,0.0,0.0,0.0,0.0,0.0,0.0,0.0,0.0,0.0,0.0,0,-107875648.0,69,0.0,138,0.0,0.0,0,52429,17085,0,17100,0,17080,0,0,0,70,68,100,2.7302399002429377e+23,82.4,-107615448.0,77.9,-107615464.0,78.5,1,49,50,180,39322,39322,0,0,0.0,0.0,0.0,0.0,-0.0,67.0,0.0,162057.094,0.0,973,0,998,0,0,0,949,0,1021,0,920,0,789,0,779,0,821,0,7520,0.032,5.5340232221128655e+19,0.0,0.0,784,16797,-0.0,162057.094,-114818.039,-0.0,0.133,6.909358625270745e+28,30.0,70.0,35,0.0,0.0,0.0,0.0,0.0,0.0,0.0,0.0,0.0,0.0,0.0,0.0,0.0,0.0,0.0,0.0,66.4,0,150,71,51,65476,0,300,0,0,8,20529,65476,0,0,44564,70.0,0.0,0.0,0.0,0.0,0.0
2026-09-10T21:39:28,ERR,ERR,ERR,ERR,ERR,ERR,ERR,ERR,ERR,ERR,ERR,ERR,ERR,ERR,ERR,ERR,ERR,ERR,ERR,ERR,ERR,ERR,ERR,ERR,ERR,ERR,ERR,ERR,ERR,ERR,ERR,ERR,ERR,ERR,ERR,ERR,ERR,ERR,ERR,ERR,ERR,ERR,ERR,ERR,ERR,ERR,ERR,ERR,ERR,ERR,ERR,ERR,ERR,ERR,ERR,ERR,ERR,ERR,ERR,ERR,ERR,ERR,ERR,ERR,ERR,ERR,ERR,ERR,ERR,ERR,ERR,ERR,ERR,ERR,ERR,ERR,ERR,ERR,ERR,ERR,ERR,ERR,ERR,ERR,ERR,ERR,ERR,ERR,ERR,ERR,ERR,ERR,ERR,ERR,ERR,ERR,ERR,ERR,ERR,ERR,ERR,ERR,ERR,ERR,ERR,ERR,ERR,ERR,ERR,ERR,ERR,ERR,ERR,ERR,ERR,ERR,ERR,ERR,ERR,ERR,ERR,ERR,ERR,ERR,ERR,0.0,0.0,2.6474835549302285e+23,0.0,0.0,1.3936040501711995e+18,7.805,0.0,0,0,4,0,7116,0.0,100,0.0,0.0,0.0,0.0,0.0,0,0,0,0,0.0,0,0,0,0,0,0,0,0,0,0,0,0,0,0,0,0,0,0,0,0,0,0,0,0,0,0,0,0,0,0,0,0,0,31,40,40,71,65476,0,300,0,0,8,21553,0.0,-107605600.0,0.0,0.0,0.0,0.0,0.0,0.0,0.0,0.0,0.0,0.0,0.0,0.0,0.0,0.0,0.0,0.0,0.0,0.0,0.0,0.0,-2.004,2.004,2.004,-2.004,0.0,0.0,0.0,0.0,4491.0,-2.004,6936.0,0.0,0.0,2.7184260577004195e+23,2.718429120148166e+23,0.0,0.0,0.0,0.0,69,-71.63,0.0,0.0,0.0,0.0,0.0,0.0,0.0,0.0,0,0,0,0.0,0.0,0.0,0.0,0.0,0.0,0.0,0.0,0.0,0.0,0.0,0.0,0.0,0.0,0.0,0.0,0,-107875648.0,69,0.0,138,0.0,0.0,0,52429,17085,0,17100,0,17080,0,0,0,70,68,100,2.7302399002429377e+23,82.4,-107615448.0,77.9,-107615464.0,78.5,1,49,50,180,39322,39322,0,0,0.0,0.0,0.0,0.0,-0.0,67.0,0.0,162057.094,0.0,973,0,998,0,0,0,949,0,1020,0,920,0,789,0,779,0,822,0,7520,0.032,5.5340232221128655e+19,0.0,0.0,784,16797,-0.0,162057.094,-114818.039,-0.0,0.133,6.909358625270745e+28,30.0,70.0,35,0.0,0.0,0.0,0.0,0.0,0.0,0.0,0.0,0.0,0.0,0.0,0.0,0.0,0.0,0.0,0.0,66.4,0,150,71,51,65476,0,300,0,0,8,20529,65476,0,0,44564,70.0,0.0,0.0,0.0,0.0,0.0
2026-09-10T21:39:29,ERR,ERR,ERR,ERR,ERR,ERR,ERR,ERR,ERR,ERR,ERR,ERR,ERR,ERR,ERR,ERR,ERR,ERR,ERR,ERR,ERR,ERR,ERR,ERR,ERR,ERR,ERR,ERR,ERR,ERR,ERR,ERR,ERR,ERR,ERR,ERR,ERR,ERR,ERR,ERR,ERR,ERR,ERR,ERR,ERR,ERR,ERR,ERR,ERR,ERR,ERR,ERR,ERR,ERR,ERR,ERR,ERR,ERR,ERR,ERR,ERR,ERR,ERR,ERR,ERR,ERR,ERR,ERR,ERR,ERR,ERR,ERR,ERR,ERR,ERR,ERR,ERR,ERR,ERR,ERR,ERR,ERR,ERR,ERR,ERR,ERR,ERR,ERR,ERR,ERR,ERR,ERR,ERR,ERR,ERR,ERR,ERR,ERR,ERR,ERR,ERR,ERR,ERR,ERR,ERR,ERR,ERR,ERR,ERR,ERR,ERR,ERR,ERR,ERR,ERR,ERR,ERR,ERR,ERR,ERR,ERR,ERR,ERR,ERR,ERR,0.0,0.0,2.6474835549302285e+23,0.0,0.0,1.3936040501711995e+18,7.805,0.0,0,0,4,0,7116,0.0,100,0.0,0.0,0.0,0.0,0.0,0,0,0,0,0.0,0,0,0,0,0,0,0,0,0,0,0,0,0,0,0,0,0,0,0,0,0,0,0,0,0,0,0,0,0,0,0,0,0,31,40,40,71,65476,0,300,0,0,8,21553,0.0,-107605600.0,0.0,0.0,0.0,0.0,0.0,0.0,0.0,0.0,0.0,0.0,0.0,0.0,0.0,0.0,0.0,0.0,0.0,0.0,0.0,0.0,-2.004,2.004,2.004,-2.004,0.0,0.0,0.0,0.0,4491.0,-2.004,6936.0,0.0,0.0,2.7184260577004195e+23,2.718429120148166e+23,0.0,0.0,0.0,0.0,69,-71.63,0.0,0.0,0.0,0.0,0.0,0.0,0.0,0.0,0,0,0,0.0,0.0,0.0,0.0,0.0,0.0,0.0,0.0,0.0,0.0,0.0,0.0,0.0,0.0,0.0,0.0,0,-107875648.0,69,0.0,138,0.0,0.0,0,52429,17085,0,17100,0,17080,0,0,0,70,68,100,2.7302399002429377e+23,82.4,-107615448.0,77.9,-107615464.0,78.5,1,49,50,180,39322,39322,0,0,0.0,0.0,0.0,0.0,-0.0,67.0,0.0,162057.094,0.0,973,0,998,0,0,0,949,0,1020,0,920,0,789,0,779,0,822,0,7520,0.032,5.5340232221128655e+19,0.0,0.0,784,16797,-0.0,162057.094,-114818.039,-0.0,0.133,6.909358625270745e+28,30.0,70.0,35,0.0,0.0,0.0,0.0,0.0,0.0,0.0,0.0,0.0,0.0,0.0,0.0,0.0,0.0,0.0,0.0,66.4,0,150,71,51,65476,0,300,0,0,8,20529,65476,0,0,44564,70.0,0.0,0.0,0.0,0.0,0.0
2026-09-10T21:39:30,ERR,ERR,ERR,ERR,ERR,ERR,ERR,ERR,ERR,ERR,ERR,ERR,ERR,ERR,ERR,ERR,ERR,ERR,ERR,ERR,ERR,ERR,ERR,ERR,ERR,ERR,ERR,ERR,ERR,ERR,ERR,ERR,ERR,ERR,ERR,ERR,ERR,ERR,ERR,ERR,ERR,ERR,ERR,ERR,ERR,ERR,ERR,ERR,ERR,ERR,ERR,ERR,ERR,ERR,ERR,ERR,ERR,ERR,ERR,ERR,ERR,ERR,ERR,ERR,ERR,ERR,ERR,ERR,ERR,ERR,ERR,ERR,ERR,ERR,ERR,ERR,ERR,ERR,ERR,ERR,ERR,ERR,ERR,ERR,ERR,ERR,ERR,ERR,ERR,ERR,ERR,ERR,ERR,ERR,ERR,ERR,ERR,ERR,ERR,ERR,ERR,ERR,ERR,ERR,ERR,ERR,ERR,ERR,ERR,ERR,ERR,ERR,ERR,ERR,ERR,ERR,ERR,ERR,ERR,ERR,ERR,ERR,ERR,ERR,ERR,0.0,0.0,2.6474835549302285e+23,0.0,0.0,1.3936040501711995e+18,7.805,0.0,0,0,4,0,7116,0.0,100,0.0,0.0,0.0,0.0,0.0,0,0,0,0,0.0,0,0,0,0,0,0,0,0,0,0,0,0,0,0,0,0,0,0,0,0,0,0,0,0,0,0,0,0,0,0,0,0,0,31,40,40,71,65476,0,300,0,0,8,21553,0.0,-107605600.0,0.0,0.0,0.0,0.0,0.0,0.0,0.0,0.0,0.0,0.0,0.0,0.0,0.0,0.0,0.0,0.0,0.0,0.0,0.0,0.0,-2.004,2.004,2.004,-2.004,0.0,0.0,0.0,0.0,4491.0,-2.004,6936.0,0.0,0.0,2.7184260577004195e+23,2.718429120148166e+23,0.0,0.0,0.0,0.0,69,-71.63,0.0,0.0,0.0,0.0,0.0,0.0,0.0,0.0,0,0,0,0.0,0.0,0.0,0.0,0.0,0.0,0.0,0.0,0.0,0.0,0.0,0.0,0.0,0.0,0.0,0.0,0,-107875648.0,69,0.0,138,0.0,0.0,0,52429,17085,0,17100,0,17080,0,0,0,70,68,100,2.7302399002429377e+23,82.4,-107615448.0,77.9,-107615464.0,78.5,1,49,50,180,39322,39322,0,0,0.0,0.0,0.0,0.0,-0.0,67.0,0.0,162057.094,0.0,973,0,998,0,0,0,949,0,1020,0,920,0,789,0,779,0,822,0,7520,0.032,5.5340232221128655e+19,0.0,0.0,784,16797,-0.0,162057.094,-114818.039,-0.0,0.133,6.909358625270745e+28,30.0,70.0,35,0.0,0.0,0.0,0.0,0.0,0.0,0.0,0.0,0.0,0.0,0.0,0.0,0.0,0.0,0.0,0.0,66.8,0,150,71,51,65476,0,300,0,0,8,20529,65476,0,0,44564,70.0,0.0,0.0,0.0,0.0,0.0
2026-09-10T21:39:31,ERR,ERR,ERR,ERR,ERR,ERR,ERR,ERR,ERR,ERR,ERR,ERR,ERR,ERR,ERR,ERR,ERR,ERR,ERR,ERR,ERR,ERR,ERR,ERR,ERR,ERR,ERR,ERR,ERR,ERR,ERR,ERR,ERR,ERR,ERR,ERR,ERR,ERR,ERR,ERR,ERR,ERR,ERR,ERR,ERR,ERR,ERR,ERR,ERR,ERR,ERR,ERR,ERR,ERR,ERR,ERR,ERR,ERR,ERR,ERR,ERR,ERR,ERR,ERR,ERR,ERR,ERR,ERR,ERR,ERR,ERR,ERR,ERR,ERR,ERR,ERR,ERR,ERR,ERR,ERR,ERR,ERR,ERR,ERR,ERR,ERR,ERR,ERR,ERR,ERR,ERR,ERR,ERR,ERR,ERR,ERR,ERR,ERR,ERR,ERR,ERR,ERR,ERR,ERR,ERR,ERR,ERR,ERR,ERR,ERR,ERR,ERR,ERR,ERR,ERR,ERR,ERR,ERR,ERR,ERR,ERR,ERR,ERR,ERR,ERR,0.0,0.0,2.6474835549302285e+23,0.0,0.0,1.3936040501711995e+18,7.805,0.0,0,0,4,0,7116,0.0,100,0.0,0.0,0.0,0.0,0.0,0,0,0,0,0.0,0,0,0,0,0,0,0,0,0,0,0,0,0,0,0,0,0,0,0,0,0,0,0,0,0,0,0,0,0,0,0,0,0,31,40,40,71,65476,0,300,0,0,8,21553,0.0,-107605600.0,0.0,0.0,0.0,0.0,0.0,0.0,0.0,0.0,0.0,0.0,0.0,0.0,0.0,0.0,0.0,0.0,0.0,0.0,0.0,0.0,-2.004,2.004,2.004,-2.004,0.0,0.0,0.0,0.0,4491.0,-2.004,6936.0,0.0,0.0,2.7184260577004195e+23,2.718429120148166e+23,0.0,0.0,0.0,0.0,69,-71.63,0.0,0.0,0.0,0.0,0.0,0.0,0.0,0.0,0,0,0,0.0,0.0,0.0,0.0,0.0,0.0,0.0,0.0,0.0,0.0,0.0,0.0,0.0,0.0,0.0,0.0,0,-107875648.0,69,0.0,138,0.0,0.0,0,52429,17085,0,17100,0,17080,0,0,0,70,68,100,2.7302399002429377e+23,82.4,-107615448.0,77.9,-107615464.0,78.5,1,49,50,180,39322,39322,0,0,0.0,0.0,0.0,0.0,-0.0,67.0,0.0,162057.094,0.0,973,0,998,0,0,0,949,0,1020,0,920,0,789,0,779,0,822,0,7520,0.032,5.5340232221128655e+19,0.0,0.0,784,16797,-0.0,162057.094,-114818.039,-0.0,0.133,6.909358625270745e+28,30.0,70.0,35,0.0,0.0,0.0,0.0,0.0,0.0,0.0,0.0,0.0,0.0,0.0,0.0,0.0,0.0,0.0,0.0,66.8,0,150,71,51,65476,0,300,0,0,8,20529,65476,0,0,44564,70.0,0.0,0.0,0.0,0.0,0.0
2026-09-10T21:39:32,ERR,ERR,ERR,ERR,ERR,ERR,ERR,ERR,ERR,ERR,ERR,ERR,ERR,ERR,ERR,ERR,ERR,ERR,ERR,ERR,ERR,ERR,ERR,ERR,ERR,ERR,ERR,ERR,ERR,ERR,ERR,ERR,ERR,ERR,ERR,ERR,ERR,ERR,ERR,ERR,ERR,ERR,ERR,ERR,ERR,ERR,ERR,ERR,ERR,ERR,ERR,ERR,ERR,ERR,ERR,ERR,ERR,ERR,ERR,ERR,ERR,ERR,ERR,ERR,ERR,ERR,ERR,ERR,ERR,ERR,ERR,ERR,ERR,ERR,ERR,ERR,ERR,ERR,ERR,ERR,ERR,ERR,ERR,ERR,ERR,ERR,ERR,ERR,ERR,ERR,ERR,ERR,ERR,ERR,ERR,ERR,ERR,ERR,ERR,ERR,ERR,ERR,ERR,ERR,ERR,ERR,ERR,ERR,ERR,ERR,ERR,ERR,ERR,ERR,ERR,ERR,ERR,ERR,ERR,ERR,ERR,ERR,ERR,ERR,ERR,0.0,0.0,2.6474835549302285e+23,0.0,0.0,1.3936040501711995e+18,7.805,0.0,0,0,4,0,7116,0.0,100,0.0,0.0,0.0,0.0,0.0,0,0,0,0,0.0,0,0,0,0,0,0,0,0,0,0,0,0,0,0,0,0,0,0,0,0,0,0,0,0,0,0,0,0,0,0,0,0,0,31,40,40,71,65476,0,300,0,0,8,21553,0.0,-107605600.0,0.0,0.0,0.0,0.0,0.0,0.0,0.0,0.0,0.0,0.0,0.0,0.0,0.0,0.0,0.0,0.0,0.0,0.0,0.0,0.0,-2.004,2.004,2.004,-2.004,0.0,0.0,0.0,0.0,4491.0,-2.004,6936.0,0.0,0.0,2.7184260577004195e+23,2.718429120148166e+23,0.0,0.0,0.0,0.0,69,-71.63,0.0,0.0,0.0,0.0,0.0,0.0,0.0,0.0,0,0,0,0.0,0.0,0.0,0.0,0.0,0.0,0.0,0.0,0.0,0.0,0.0,0.0,0.0,0.0,0.0,0.0,0,-107875648.0,69,0.0,138,0.0,0.0,0,52429,17085,0,17100,0,17080,0,0,0,70,68,100,2.7302399002429377e+23,82.4,-107615448.0,77.9,-107615464.0,78.5,1,49,50,180,39322,39322,0,0,0.0,0.0,0.0,0.0,-0.0,67.0,0.0,162057.094,0.0,973,0,998,0,0,0,949,0,1020,0,920,0,789,0,779,0,822,0,7520,0.032,5.5340232221128655e+19,0.0,0.0,784,16797,-0.0,162057.094,-114818.039,-0.0,0.133,6.909358625270745e+28,30.0,70.0,35,0.0,0.0,0.0,0.0,0.0,0.0,0.0,0.0,0.0,0.0,0.0,0.0,0.0,0.0,0.0,0.0,66.8,0,150,71,51,65476,0,300,0,0,8,20529,65476,0,0,44564,70.0,0.0,0.0,0.0,0.0,0.0
2026-09-10T21:39:33,ERR,ERR,ERR,ERR,ERR,ERR,ERR,ERR,ERR,ERR,ERR,ERR,ERR,ERR,ERR,ERR,ERR,ERR,ERR,ERR,ERR,ERR,ERR,ERR,ERR,ERR,ERR,ERR,ERR,ERR,ERR,ERR,ERR,ERR,ERR,ERR,ERR,ERR,ERR,ERR,ERR,ERR,ERR,ERR,ERR,ERR,ERR,ERR,ERR,ERR,ERR,ERR,ERR,ERR,ERR,ERR,ERR,ERR,ERR,ERR,ERR,ERR,ERR,ERR,ERR,ERR,ERR,ERR,ERR,ERR,ERR,ERR,ERR,ERR,ERR,ERR,ERR,ERR,ERR,ERR,ERR,ERR,ERR,ERR,ERR,ERR,ERR,ERR,ERR,ERR,ERR,ERR,ERR,ERR,ERR,ERR,ERR,ERR,ERR,ERR,ERR,ERR,ERR,ERR,ERR,ERR,ERR,ERR,ERR,ERR,ERR,ERR,ERR,ERR,ERR,ERR,ERR,ERR,ERR,ERR,ERR,ERR,ERR,ERR,ERR,0.0,0.0,2.6474835549302285e+23,0.0,0.0,1.3936040501711995e+18,7.805,0.0,0,0,4,0,7116,0.0,100,0.0,0.0,0.0,0.0,0.0,0,0,0,0,0.0,0,0,0,0,0,0,0,0,0,0,0,0,0,0,0,0,0,0,0,0,0,0,0,0,0,0,0,0,0,0,0,0,0,31,40,40,71,65476,0,300,0,0,8,21553,0.0,-107605600.0,0.0,0.0,0.0,0.0,0.0,0.0,0.0,0.0,0.0,0.0,0.0,0.0,0.0,0.0,0.0,0.0,0.0,0.0,0.0,0.0,-2.004,0.0,2.004,0.0,0.0,0.0,0.0,0.0,4491.0,-0.0,6933.0,0.0,0.0,-107615168.0,-0.0,0.0,0.0,0.0,0.0,69,-0.0,0.0,0.0,0.0,0.0,0.0,0.0,0.0,0.0,0,0,0,0.0,0.0,0.0,0.0,0.0,0.0,0.0,0.0,0.0,0.0,0.0,0.0,0.0,0.0,0.0,0.0,0,-107875648.0,69,0.0,138,0.0,2.6474720257151824e+23,0,52429,17085,0,17100,0,17080,0,0,0,70,68,100,2.7302399002429377e+23,82.4,-107615448.0,78.4,-107615464.0,78.5,1,49,50,180,39322,39322,0,0,0.0,0.0,0.0,0.0,-0.0,67.0,0.0,162057.094,0.0,973,0,998,0,0,0,949,0,1020,0,920,0,789,0,779,0,822,0,7520,0.032,5.505200184497694e+19,0.0,0.0,784,16797,-0.0,162057.094,-114818.039,-0.0,0.133,6.909358625270745e+28,30.0,70.0,35,0.0,0.0,0.0,0.0,0.0,0.0,0.0,0.0,0.0,0.0,0.0,0.0,0.0,0.0,0.0,0.0,66.4,0,150,71,51,65476,0,300,0,0,8,20529,65476,0,0,44564,70.0,0.0,0.0,0.0,0.0,0.0
2026-09-10T21:39:34,ERR,ERR,ERR,ERR,ERR,ERR,ERR,ERR,ERR,ERR,ERR,ERR,ERR,ERR,ERR,ERR,ERR,ERR,ERR,ERR,ERR,ERR,ERR,ERR,ERR,ERR,ERR,ERR,ERR,ERR,ERR,ERR,ERR,ERR,ERR,ERR,ERR,ERR,ERR,ERR,ERR,ERR,ERR,ERR,ERR,ERR,ERR,ERR,ERR,ERR,ERR,ERR,ERR,ERR,ERR,ERR,ERR,ERR,ERR,ERR,ERR,ERR,ERR,ERR,ERR,ERR,ERR,ERR,ERR,ERR,ERR,ERR,ERR,ERR,ERR,ERR,ERR,ERR,ERR,ERR,ERR,ERR,ERR,ERR,ERR,ERR,ERR,ERR,ERR,ERR,ERR,ERR,ERR,ERR,ERR,ERR,ERR,ERR,ERR,ERR,ERR,ERR,ERR,ERR,ERR,ERR,ERR,ERR,ERR,ERR,ERR,ERR,ERR,ERR,ERR,ERR,ERR,ERR,ERR,ERR,ERR,ERR,ERR,ERR,ERR,0.0,0.0,2.6474835549302285e+23,0.0,0.0,1.3936040501711995e+18,7.805,0.0,0,0,4,0,7116,0.0,100,0.0,0.0,0.0,0.0,0.0,0,0,0,0,0.0,0,0,0,0,0,0,0,0,0,0,0,0,0,0,0,0,0,0,0,0,0,0,0,0,0,0,0,0,0,0,0,0,0,31,40,40,71,65476,0,300,0,0,8,21553,0.0,-107605600.0,0.0,0.0,0.0,0.0,0.0,0.0,0.0,0.0,0.0,0.0,0.0,0.0,0.0,0.0,0.0,0.0,0.0,0.0,0.0,0.0,-2.004,0.0,2.004,0.0,0.0,0.0,0.0,0.0,4491.0,-0.0,6933.0,0.0,0.0,-107615168.0,-0.0,0.0,0.0,0.0,0.0,69,-0.0,0.0,0.0,0.0,0.0,0.0,0.0,0.0,0.0,0,0,0,0.0,0.0,0.0,0.0,0.0,0.0,0.0,0.0,0.0,0.0,0.0,0.0,0.0,0.0,0.0,0.0,0,-107875648.0,69,0.0,138,0.0,2.6474720257151824e+23,0,52429,17085,0,17100,0,17080,0,0,0,70,68,100,2.7302399002429377e+23,82.4,-107615448.0,78.4,-107615464.0,78.5,1,49,50,180,39322,39322,0,0,0.0,0.0,0.0,0.0,-0.0,67.0,0.0,162057.094,0.0,973,0,998,0,0,0,949,0,1020,0,920,0,789,0,779,0,822,0,7520,0.032,5.505200184497694e+19,0.0,0.0,784,16797,-0.0,162057.094,-114818.039,-0.0,0.133,6.909358625270745e+28,30.0,70.0,35,0.0,0.0,0.0,0.0,0.0,0.0,0.0,0.0,0.0,0.0,0.0,0.0,0.0,0.0,0.0,0.0,66.4,0,150,71,51,65476,0,300,0,0,8,20529,65476,0,0,44564,70.0,0.0,0.0,0.0,0.0,0.0
2026-09-10T21:39:35,ERR,ERR,ERR,ERR,ERR,ERR,ERR,ERR,ERR,ERR,ERR,ERR,ERR,ERR,ERR,ERR,ERR,ERR,ERR,ERR,ERR,ERR,ERR,ERR,ERR,ERR,ERR,ERR,ERR,ERR,ERR,ERR,ERR,ERR,ERR,ERR,ERR,ERR,ERR,ERR,ERR,ERR,ERR,ERR,ERR,ERR,ERR,ERR,ERR,ERR,ERR,ERR,ERR,ERR,ERR,ERR,ERR,ERR,ERR,ERR,ERR,ERR,ERR,ERR,ERR,ERR,ERR,ERR,ERR,ERR,ERR,ERR,ERR,ERR,ERR,ERR,ERR,ERR,ERR,ERR,ERR,ERR,ERR,ERR,ERR,ERR,ERR,ERR,ERR,ERR,ERR,ERR,ERR,ERR,ERR,ERR,ERR,ERR,ERR,ERR,ERR,ERR,ERR,ERR,ERR,ERR,ERR,ERR,ERR,ERR,ERR,ERR,ERR,ERR,ERR,ERR,ERR,ERR,ERR,ERR,ERR,ERR,ERR,ERR,ERR,0.0,0.0,2.6474835549302285e+23,0.0,0.0,1.3936040501711995e+18,7.805,0.0,0,0,4,0,7116,0.0,100,0.0,0.0,0.0,0.0,0.0,0,0,0,0,0.0,0,0,0,0,0,0,0,0,0,0,0,0,0,0,0,0,0,0,0,0,0,0,0,0,0,0,0,0,0,0,0,0,0,31,40,40,71,65476,0,300,0,0,8,21553,0.0,-107605600.0,0.0,0.0,0.0,0.0,0.0,0.0,0.0,0.0,0.0,0.0,0.0,0.0,0.0,0.0,0.0,0.0,0.0,0.0,0.0,0.0,-2.004,0.0,2.004,0.0,0.0,0.0,0.0,0.0,4491.0,-0.0,6933.0,0.0,0.0,-107615168.0,-0.0,0.0,0.0,0.0,0.0,69,-0.0,0.0,0.0,0.0,0.0,0.0,0.0,0.0,0.0,0,0,0,0.0,0.0,0.0,0.0,0.0,0.0,0.0,0.0,0.0,0.0,0.0,0.0,0.0,0.0,0.0,0.0,0,-107875648.0,69,0.0,138,0.0,2.6474720257151824e+23,0,52429,17085,0,17100,0,17080,0,0,0,70,68,100,2.7302399002429377e+23,82.4,-107615448.0,78.4,-107615464.0,78.5,1,49,50,180,39322,39322,0,0,0.0,0.0,0.0,0.0,-0.0,67.0,0.0,162057.094,0.0,973,0,998,0,0,0,949,0,1020,0,920,0,789,0,779,0,822,0,7520,0.032,5.505200184497694e+19,0.0,0.0,784,16797,-0.0,162057.094,-114818.039,-0.0,0.133,6.909358625270745e+28,30.0,70.0,35,0.0,0.0,0.0,0.0,0.0,0.0,0.0,0.0,0.0,0.0,0.0,0.0,0.0,0.0,0.0,0.0,66.4,0,150,71,51,65476,0,300,0,0,8,20529,65476,0,0,44564,70.0,0.0,0.0,0.0,0.0,0.0
2026-09-10T21:39:36,ERR,ERR,ERR,ERR,ERR,ERR,ERR,ERR,ERR,ERR,ERR,ERR,ERR,ERR,ERR,ERR,ERR,ERR,ERR,ERR,ERR,ERR,ERR,ERR,ERR,ERR,ERR,ERR,ERR,ERR,ERR,ERR,ERR,ERR,ERR,ERR,ERR,ERR,ERR,ERR,ERR,ERR,ERR,ERR,ERR,ERR,ERR,ERR,ERR,ERR,ERR,ERR,ERR,ERR,ERR,ERR,ERR,ERR,ERR,ERR,ERR,ERR,ERR,ERR,ERR,ERR,ERR,ERR,ERR,ERR,ERR,ERR,ERR,ERR,ERR,ERR,ERR,ERR,ERR,ERR,ERR,ERR,ERR,ERR,ERR,ERR,ERR,ERR,ERR,ERR,ERR,ERR,ERR,ERR,ERR,ERR,ERR,ERR,ERR,ERR,ERR,ERR,ERR,ERR,ERR,ERR,ERR,ERR,ERR,ERR,ERR,ERR,ERR,ERR,ERR,ERR,ERR,ERR,ERR,ERR,ERR,ERR,ERR,ERR,ERR,0.0,0.0,2.6474835549302285e+23,0.0,0.0,1.3936040501711995e+18,7.805,0.0,0,0,4,0,7116,0.0,100,0.0,0.0,0.0,0.0,0.0,0,0,0,0,0.0,0,0,0,0,0,0,0,0,0,0,0,0,0,0,0,0,0,0,0,0,0,0,0,0,0,0,0,0,0,0,0,0,0,31,40,40,71,65476,0,300,0,0,8,21553,0.0,-107605600.0,0.0,0.0,0.0,0.0,0.0,0.0,0.0,0.0,0.0,0.0,0.0,0.0,0.0,0.0,0.0,0.0,0.0,0.0,0.0,0.0,-2.004,0.0,2.004,0.0,0.0,0.0,0.0,0.0,4491.0,-0.0,6933.0,0.0,0.0,-107615168.0,-0.0,0.0,0.0,0.0,0.0,69,-0.0,0.0,0.0,0.0,0.0,0.0,0.0,0.0,0.0,0,0,0,0.0,0.0,0.0,0.0,0.0,0.0,0.0,0.0,0.0,0.0,0.0,0.0,0.0,0.0,0.0,0.0,0,-107875648.0,69,0.0,138,0.0,2.6474720257151824e+23,0,52429,17085,0,17100,0,17080,0,0,0,70,68,100,2.7302399002429377e+23,82.4,-107615448.0,78.4,-107615464.0,78.5,1,49,50,180,39322,39322,0,0,0.0,0.0,0.0,0.0,-0.0,67.0,0.0,162057.094,0.0,973,0,998,0,0,0,949,0,1020,0,920,0,789,0,779,0,822,0,7520,0.032,5.505200184497694e+19,0.0,0.0,784,16797,-0.0,162057.094,-114818.039,-0.0,0.133,6.909358625270745e+28,30.0,70.0,35,0.0,0.0,0.0,0.0,0.0,0.0,0.0,0.0,0.0,0.0,0.0,0.0,0.0,0.0,0.0,0.0,66.4,0,150,71,51,65476,0,300,0,0,8,20529,65476,0,0,44564,70.0,0.0,0.0,0.0,0.0,0.0
2026-09-10T21:39:37,ERR,ERR,ERR,ERR,ERR,ERR,ERR,ERR,ERR,ERR,ERR,ERR,ERR,ERR,ERR,ERR,ERR,ERR,ERR,ERR,ERR,ERR,ERR,ERR,ERR,ERR,ERR,ERR,ERR,ERR,ERR,ERR,ERR,ERR,ERR,ERR,ERR,ERR,ERR,ERR,ERR,ERR,ERR,ERR,ERR,ERR,ERR,ERR,ERR,ERR,ERR,ERR,ERR,ERR,ERR,ERR,ERR,ERR,ERR,ERR,ERR,ERR,ERR,ERR,ERR,ERR,ERR,ERR,ERR,ERR,ERR,ERR,ERR,ERR,ERR,ERR,ERR,ERR,ERR,ERR,ERR,ERR,ERR,ERR,ERR,ERR,ERR,ERR,ERR,ERR,ERR,ERR,ERR,ERR,ERR,ERR,ERR,ERR,ERR,ERR,ERR,ERR,ERR,ERR,ERR,ERR,ERR,ERR,ERR,ERR,ERR,ERR,ERR,ERR,ERR,ERR,ERR,ERR,ERR,ERR,ERR,ERR,ERR,ERR,ERR,0.0,0.0,2.6474835549302285e+23,0.0,0.0,1.3936040501711995e+18,7.805,0.0,0,0,4,0,7116,0.0,100,0.0,0.0,0.0,0.0,0.0,0,0,0,0,0.0,0,0,0,0,0,0,0,0,0,0,0,0,0,0,0,0,0,0,0,0,0,0,0,0,0,0,0,0,0,0,0,0,0,31,40,40,71,65476,0,300,0,0,8,21553,0.0,-107605600.0,0.0,0.0,0.0,0.0,0.0,0.0,0.0,0.0,0.0,0.0,0.0,0.0,0.0,0.0,0.0,0.0,0.0,0.0,0.0,0.0,-2.004,0.0,2.004,0.0,0.0,0.0,0.0,0.0,4491.0,-0.0,6933.0,0.0,0.0,-107615168.0,-0.0,0.0,0.0,0.0,0.0,69,-0.0,0.0,0.0,0.0,0.0,0.0,0.0,0.0,0.0,0,0,0,0.0,0.0,0.0,0.0,0.0,0.0,0.0,0.0,0.0,0.0,0.0,0.0,0.0,0.0,0.0,0.0,0,-107875648.0,69,0.0,138,0.0,2.6474720257151824e+23,0,52429,17085,0,17100,0,17080,0,0,0,70,68,100,2.7302399002429377e+23,82.4,-107615448.0,78.4,-107615464.0,78.5,1,49,50,180,39322,39322,0,0,0.0,0.0,0.0,0.0,-0.0,67.0,0.0,162057.094,0.0,973,0,998,0,0,0,949,0,1020,0,920,0,789,0,779,0,822,0,7520,0.032,5.505200184497694e+19,0.0,0.0,784,16797,-0.0,162057.094,-114818.039,-0.0,0.133,6.909358625270745e+28,30.0,70.0,35,0.0,0.0,0.0,0.0,0.0,0.0,0.0,0.0,0.0,0.0,0.0,0.0,0.0,0.0,0.0,0.0,66.4,0,150,71,51,65476,0,300,0,0,8,20529,65476,0,0,44564,70.0,0.0,0.0,0.0,0.0,0.0
2026-09-10T21:39:38,ERR,ERR,ERR,ERR,ERR,ERR,ERR,ERR,ERR,ERR,ERR,ERR,ERR,ERR,ERR,ERR,ERR,ERR,ERR,ERR,ERR,ERR,ERR,ERR,ERR,ERR,ERR,ERR,ERR,ERR,ERR,ERR,ERR,ERR,ERR,ERR,ERR,ERR,ERR,ERR,ERR,ERR,ERR,ERR,ERR,ERR,ERR,ERR,ERR,ERR,ERR,ERR,ERR,ERR,ERR,ERR,ERR,ERR,ERR,ERR,ERR,ERR,ERR,ERR,ERR,ERR,ERR,ERR,ERR,ERR,ERR,ERR,ERR,ERR,ERR,ERR,ERR,ERR,ERR,ERR,ERR,ERR,ERR,ERR,ERR,ERR,ERR,ERR,ERR,ERR,ERR,ERR,ERR,ERR,ERR,ERR,ERR,ERR,ERR,ERR,ERR,ERR,ERR,ERR,ERR,ERR,ERR,ERR,ERR,ERR,ERR,ERR,ERR,ERR,ERR,ERR,ERR,ERR,ERR,ERR,ERR,ERR,ERR,ERR,ERR,0.0,0.0,2.6474835549302285e+23,0.0,0.0,1.3936040501711995e+18,7.805,0.0,0,0,4,0,7116,0.0,100,0.0,0.0,0.0,0.0,0.0,0,0,0,0,0.0,0,0,0,0,0,0,0,0,0,0,0,0,0,0,0,0,0,0,0,0,0,0,0,0,0,0,0,0,0,0,0,0,0,31,40,40,71,65476,0,300,0,0,8,21553,0.0,-107605600.0,0.0,0.0,0.0,0.0,0.0,0.0,0.0,0.0,0.0,0.0,0.0,0.0,0.0,0.0,0.0,0.0,0.0,0.0,0.0,0.0,-2.004,0.0,2.004,0.0,0.0,0.0,0.0,0.0,4491.0,-0.0,6933.0,0.0,0.0,-107615168.0,-0.0,0.0,0.0,0.0,0.0,69,-0.0,0.0,0.0,0.0,0.0,0.0,0.0,0.0,0.0,0,0,0,0.0,0.0,0.0,0.0,0.0,0.0,0.0,0.0,0.0,0.0,0.0,0.0,0.0,0.0,0.0,0.0,0,-107875648.0,69,0.0,138,0.0,2.6474720257151824e+23,0,52429,17085,0,17100,0,17080,0,0,0,70,68,100,2.7302399002429377e+23,82.4,-107615448.0,78.4,-107615464.0,78.5,1,49,50,180,39322,39322,0,0,0.0,0.0,0.0,0.0,-0.0,67.0,0.0,162057.094,0.0,973,0,998,0,0,0,949,0,1020,0,920,0,789,0,779,0,822,0,7520,0.032,5.505200184497694e+19,0.0,0.0,784,16797,-0.0,162057.094,-114818.039,-0.0,0.133,6.909358625270745e+28,30.0,70.0,35,0.0,0.0,0.0,0.0,0.0,0.0,0.0,0.0,0.0,0.0,0.0,0.0,0.0,0.0,0.0,0.0,66.4,0,150,71,51,65476,0,300,0,0,8,20529,65476,0,0,44564,70.0,0.0,0.0,0.0,0.0,0.0
2026-09-10T21:39:39,ERR,ERR,ERR,ERR,ERR,ERR,ERR,ERR,ERR,ERR,ERR,ERR,ERR,ERR,ERR,ERR,ERR,ERR,ERR,ERR,ERR,ERR,ERR,ERR,ERR,ERR,ERR,ERR,ERR,ERR,ERR,ERR,ERR,ERR,ERR,ERR,ERR,ERR,ERR,ERR,ERR,ERR,ERR,ERR,ERR,ERR,ERR,ERR,ERR,ERR,ERR,ERR,ERR,ERR,ERR,ERR,ERR,ERR,ERR,ERR,ERR,ERR,ERR,ERR,ERR,ERR,ERR,ERR,ERR,ERR,ERR,ERR,ERR,ERR,ERR,ERR,ERR,ERR,ERR,ERR,ERR,ERR,ERR,ERR,ERR,ERR,ERR,ERR,ERR,ERR,ERR,ERR,ERR,ERR,ERR,ERR,ERR,ERR,ERR,ERR,ERR,ERR,ERR,ERR,ERR,ERR,ERR,ERR,ERR,ERR,ERR,ERR,ERR,ERR,ERR,ERR,ERR,ERR,ERR,ERR,ERR,ERR,ERR,ERR,ERR,0.0,0.0,2.6474835549302285e+23,0.0,0.0,1.3936040501711995e+18,7.805,0.0,0,0,4,0,7116,0.0,100,0.0,0.0,0.0,0.0,0.0,0,0,0,0,0.0,0,0,0,0,0,0,0,0,0,0,0,0,0,0,0,0,0,0,0,0,0,0,0,0,0,0,0,0,0,0,0,0,0,31,40,40,71,65476,0,300,0,0,8,21553,0.0,-107605600.0,0.0,0.0,0.0,0.0,0.0,0.0,0.0,0.0,0.0,0.0,0.0,0.0,0.0,0.0,0.0,0.0,0.0,0.0,0.0,0.0,-2.004,0.0,2.004,0.0,0.0,0.0,0.0,0.0,4491.0,-0.0,6933.0,0.0,0.0,-107615168.0,-0.0,0.0,0.0,0.0,0.0,69,-0.0,0.0,0.0,0.0,0.0,0.0,0.0,0.0,0.0,0,0,0,0.0,0.0,0.0,0.0,0.0,0.0,0.0,0.0,0.0,0.0,0.0,0.0,0.0,0.0,0.0,0.0,0,-107875648.0,69,0.0,138,0.0,2.6474720257151824e+23,0,52429,17085,0,17100,13107,17080,0,0,0,70,68,100,2.7302399002429377e+23,82.4,-107615448.0,77.9,-107615464.0,78.5,1,49,50,180,39322,39322,0,0,0.0,0.0,0.0,0.0,-0.0,67.0,0.0,162057.094,0.0,973,0,998,0,0,0,949,0,1020,0,921,0,789,0,779,0,822,0,7520,0.032,5.505200184497694e+19,0.0,0.0,784,16797,-0.0,162057.094,-114818.039,-0.0,0.133,6.909358625270745e+28,30.0,70.0,35,0.0,0.0,0.0,0.0,0.0,0.0,0.0,0.0,0.0,0.0,0.0,0.0,0.0,0.0,0.0,0.0,66.4,0,150,71,51,65476,0,300,0,0,8,20529,65476,0,0,44564,70.0,0.0,0.0,0.0,0.0,0.0
2026-09-10T21:39:40,ERR,ERR,ERR,ERR,ERR,ERR,ERR,ERR,ERR,ERR,ERR,ERR,ERR,ERR,ERR,ERR,ERR,ERR,ERR,ERR,ERR,ERR,ERR,ERR,ERR,ERR,ERR,ERR,ERR,ERR,ERR,ERR,ERR,ERR,ERR,ERR,ERR,ERR,ERR,ERR,ERR,ERR,ERR,ERR,ERR,ERR,ERR,ERR,ERR,ERR,ERR,ERR,ERR,ERR,ERR,ERR,ERR,ERR,ERR,ERR,ERR,ERR,ERR,ERR,ERR,ERR,ERR,ERR,ERR,ERR,ERR,ERR,ERR,ERR,ERR,ERR,ERR,ERR,ERR,ERR,ERR,ERR,ERR,ERR,ERR,ERR,ERR,ERR,ERR,ERR,ERR,ERR,ERR,ERR,ERR,ERR,ERR,ERR,ERR,ERR,ERR,ERR,ERR,ERR,ERR,ERR,ERR,ERR,ERR,ERR,ERR,ERR,ERR,ERR,ERR,ERR,ERR,ERR,ERR,ERR,ERR,ERR,ERR,ERR,ERR,0.0,0.0,2.6474835549302285e+23,0.0,0.0,1.3936040501711995e+18,7.805,0.0,0,0,4,0,7116,0.0,100,0.0,0.0,0.0,0.0,0.0,0,0,0,0,0.0,0,0,0,0,0,0,0,0,0,0,0,0,0,0,0,0,0,0,0,0,0,0,0,0,0,0,0,0,0,0,0,0,0,31,40,40,71,65476,0,300,0,0,8,21553,0.0,-107605600.0,0.0,0.0,0.0,0.0,0.0,0.0,0.0,0.0,0.0,0.0,0.0,0.0,0.0,0.0,0.0,0.0,0.0,0.0,0.0,0.0,-2.004,0.0,2.004,0.0,0.0,0.0,0.0,0.0,4491.0,-0.0,6933.0,0.0,0.0,-107615168.0,-0.0,0.0,0.0,0.0,0.0,69,-0.0,0.0,0.0,0.0,0.0,0.0,0.0,0.0,0.0,0,0,0,0.0,0.0,0.0,0.0,0.0,0.0,0.0,0.0,0.0,0.0,0.0,0.0,0.0,0.0,0.0,0.0,0,-107875648.0,69,0.0,138,0.0,2.6474720257151824e+23,0,52429,17085,0,17100,13107,17080,0,0,0,70,68,100,2.7302399002429377e+23,82.4,-107615448.0,77.9,-107615464.0,78.5,1,49,50,180,39322,39322,0,0,0.0,0.0,0.0,0.0,-0.0,67.0,0.0,162057.094,0.0,973,0,998,0,0,0,949,0,1020,0,921,0,789,0,779,0,822,0,7520,0.032,5.505200184497694e+19,0.0,0.0,784,16797,-0.0,162057.094,-114818.039,-0.0,0.133,6.909358625270745e+28,30.0,70.0,35,0.0,0.0,0.0,0.0,0.0,0.0,0.0,0.0,0.0,0.0,0.0,0.0,0.0,0.0,0.0,0.0,66.4,0,150,71,51,65476,0,300,0,0,8,20529,65476,0,0,44564,70.0,0.0,0.0,0.0,0.0,0.0
2026-09-10T21:39:41,ERR,ERR,ERR,ERR,ERR,ERR,ERR,ERR,ERR,ERR,ERR,ERR,ERR,ERR,ERR,ERR,ERR,ERR,ERR,ERR,ERR,ERR,ERR,ERR,ERR,ERR,ERR,ERR,ERR,ERR,ERR,ERR,ERR,ERR,ERR,ERR,ERR,ERR,ERR,ERR,ERR,ERR,ERR,ERR,ERR,ERR,ERR,ERR,ERR,ERR,ERR,ERR,ERR,ERR,ERR,ERR,ERR,ERR,ERR,ERR,ERR,ERR,ERR,ERR,ERR,ERR,ERR,ERR,ERR,ERR,ERR,ERR,ERR,ERR,ERR,ERR,ERR,ERR,ERR,ERR,ERR,ERR,ERR,ERR,ERR,ERR,ERR,ERR,ERR,ERR,ERR,ERR,ERR,ERR,ERR,ERR,ERR,ERR,ERR,ERR,ERR,ERR,ERR,ERR,ERR,ERR,ERR,ERR,ERR,ERR,ERR,ERR,ERR,ERR,ERR,ERR,ERR,ERR,ERR,ERR,ERR,ERR,ERR,ERR,ERR,0.0,0.0,2.6474835549302285e+23,0.0,0.0,1.3936040501711995e+18,7.805,0.0,0,0,4,0,7116,0.0,100,0.0,0.0,0.0,0.0,0.0,0,0,0,0,0.0,0,0,0,0,0,0,0,0,0,0,0,0,0,0,0,0,0,0,0,0,0,0,0,0,0,0,0,0,0,0,0,0,0,31,40,40,71,65476,0,300,0,0,8,21553,0.0,-107605600.0,0.0,0.0,0.0,0.0,0.0,0.0,0.0,0.0,0.0,0.0,0.0,0.0,0.0,0.0,0.0,0.0,0.0,0.0,0.0,0.0,-2.004,0.0,-0.0,-2.004,0.0,0.0,0.0,0.0,4488.0,-3.69717909675028e+19,6940.0,0.0,0.0,2.7184260577004195e+23,2.718429120148166e+23,0.0,0.0,0.0,0.0,69,-0.0,1.905682486793339e+17,0.0,0.0,0.0,0.0,0.0,0.0,0.0,0,0,0,0.0,0.0,0.0,0.0,0.0,0.0,0.0,0.0,0.0,0.0,0.0,0.0,0.0,0.0,0.0,0.0,0,-107875648.0,69,0.0,138,0.0,2.6474720257151824e+23,0,52429,17085,0,17100,13107,17080,0,0,0,70,68,100,2.7302399002429377e+23,82.4,-107615448.0,77.9,-107615464.0,78.5,1,49,50,180,39322,39322,0,0,0.0,0.0,0.0,0.0,-0.0,67.0,0.0,162057.094,0.0,973,0,998,0,0,0,949,0,1020,0,921,0,789,0,779,0,822,0,7520,0.032,5.505200184497694e+19,0.0,0.0,784,16797,-0.0,162057.094,-114818.039,-0.0,0.133,6.909358625270745e+28,30.0,70.0,35,0.0,0.0,0.0,0.0,0.0,0.0,0.0,0.0,0.0,0.0,0.0,0.0,0.0,0.0,0.0,0.0,66.4,0,150,71,51,65476,0,300,0,0,8,20529,65476,0,0,44564,70.0,0.0,0.0,0.0,0.0,0.0
2026-09-10T21:39:42,ERR,ERR,ERR,ERR,ERR,ERR,ERR,ERR,ERR,ERR,ERR,ERR,ERR,ERR,ERR,ERR,ERR,ERR,ERR,ERR,ERR,ERR,ERR,ERR,ERR,ERR,ERR,ERR,ERR,ERR,ERR,ERR,ERR,ERR,ERR,ERR,ERR,ERR,ERR,ERR,ERR,ERR,ERR,ERR,ERR,ERR,ERR,ERR,ERR,ERR,ERR,ERR,ERR,ERR,ERR,ERR,ERR,ERR,ERR,ERR,ERR,ERR,ERR,ERR,ERR,ERR,ERR,ERR,ERR,ERR,ERR,ERR,ERR,ERR,ERR,ERR,ERR,ERR,ERR,ERR,ERR,ERR,ERR,ERR,ERR,ERR,ERR,ERR,ERR,ERR,ERR,ERR,ERR,ERR,ERR,ERR,ERR,ERR,ERR,ERR,ERR,ERR,ERR,ERR,ERR,ERR,ERR,ERR,ERR,ERR,ERR,ERR,ERR,ERR,ERR,ERR,ERR,ERR,ERR,ERR,ERR,ERR,ERR,ERR,ERR,0.0,0.0,2.6474835549302285e+23,0.0,0.0,1.3936040501711995e+18,7.805,0.0,0,0,4,0,7116,0.0,100,0.0,0.0,0.0,0.0,0.0,0,0,0,0,0.0,0,0,0,0,0,0,0,0,0,0,0,0,0,0,0,0,0,0,0,0,0,0,0,0,0,0,0,0,0,0,0,0,0,31,40,40,71,65476,0,300,0,0,8,21553,0.0,-107605600.0,0.0,0.0,0.0,0.0,0.0,0.0,0.0,0.0,0.0,0.0,0.0,0.0,0.0,0.0,0.0,0.0,0.0,0.0,0.0,0.0,-2.004,0.0,-0.0,-2.004,0.0,0.0,0.0,0.0,4488.0,-3.69717909675028e+19,6940.0,0.0,0.0,2.7184260577004195e+23,2.718429120148166e+23,0.0,0.0,0.0,0.0,69,-0.0,1.905682486793339e+17,0.0,0.0,0.0,0.0,0.0,0.0,0.0,0,0,0,0.0,0.0,0.0,0.0,0.0,0.0,0.0,0.0,0.0,0.0,0.0,0.0,0.0,0.0,0.0,0.0,0,-107875648.0,69,0.0,138,0.0,2.6474720257151824e+23,0,52429,17085,0,17100,13107,17080,0,0,0,70,68,100,2.7302399002429377e+23,82.4,-107615448.0,77.9,-107615464.0,78.5,1,49,50,180,39322,39322,0,0,0.0,0.0,0.0,0.0,-0.0,67.0,0.0,162057.094,0.0,973,0,998,0,0,0,949,0,1020,0,921,0,789,0,779,0,822,0,7520,0.032,5.505200184497694e+19,0.0,0.0,784,16797,-0.0,162057.094,-114818.039,-0.0,0.133,6.909358625270745e+28,30.0,70.0,35,0.0,0.0,0.0,0.0,0.0,0.0,0.0,0.0,0.0,0.0,0.0,0.0,0.0,0.0,0.0,0.0,66.4,0,150,71,51,65476,0,300,0,0,8,20529,65476,0,0,44564,70.0,0.0,0.0,0.0,0.0,0.0
2026-09-10T21:39:43,ERR,ERR,ERR,ERR,ERR,ERR,ERR,ERR,ERR,ERR,ERR,ERR,ERR,ERR,ERR,ERR,ERR,ERR,ERR,ERR,ERR,ERR,ERR,ERR,ERR,ERR,ERR,ERR,ERR,ERR,ERR,ERR,ERR,ERR,ERR,ERR,ERR,ERR,ERR,ERR,ERR,ERR,ERR,ERR,ERR,ERR,ERR,ERR,ERR,ERR,ERR,ERR,ERR,ERR,ERR,ERR,ERR,ERR,ERR,ERR,ERR,ERR,ERR,ERR,ERR,ERR,ERR,ERR,ERR,ERR,ERR,ERR,ERR,ERR,ERR,ERR,ERR,ERR,ERR,ERR,ERR,ERR,ERR,ERR,ERR,ERR,ERR,ERR,ERR,ERR,ERR,ERR,ERR,ERR,ERR,ERR,ERR,ERR,ERR,ERR,ERR,ERR,ERR,ERR,ERR,ERR,ERR,ERR,ERR,ERR,ERR,ERR,ERR,ERR,ERR,ERR,ERR,ERR,ERR,ERR,ERR,ERR,ERR,ERR,ERR,0.0,0.0,2.6474835549302285e+23,0.0,0.0,1.3936040501711995e+18,7.805,0.0,0,0,4,0,7116,0.0,100,0.0,0.0,0.0,0.0,0.0,0,0,0,0,0.0,0,0,0,0,0,0,0,0,0,0,0,0,0,0,0,0,0,0,0,0,0,0,0,0,0,0,0,0,0,0,0,0,0,31,40,40,71,65476,0,300,0,0,8,21553,0.0,-107605600.0,0.0,0.0,0.0,0.0,0.0,0.0,0.0,0.0,0.0,0.0,0.0,0.0,0.0,0.0,0.0,0.0,0.0,0.0,0.0,0.0,-2.004,0.0,-0.0,-2.004,0.0,0.0,0.0,0.0,4488.0,-3.69717909675028e+19,6940.0,0.0,0.0,2.7184260577004195e+23,2.718429120148166e+23,0.0,0.0,0.0,0.0,69,-0.0,1.905682486793339e+17,0.0,0.0,0.0,0.0,0.0,0.0,0.0,0,0,0,0.0,0.0,0.0,0.0,0.0,0.0,0.0,0.0,0.0,0.0,0.0,0.0,0.0,0.0,0.0,0.0,0,-107875648.0,69,0.0,138,0.0,2.6474720257151824e+23,0,52429,17085,0,17100,13107,17080,0,0,0,70,68,100,2.7302399002429377e+23,82.4,-107615448.0,77.9,-107615464.0,78.5,1,49,50,180,39322,39322,0,0,0.0,0.0,0.0,0.0,-0.0,67.0,0.0,162057.094,0.0,973,0,998,0,0,0,949,0,1020,0,921,0,789,0,779,0,822,0,7520,0.032,5.505200184497694e+19,0.0,0.0,784,16797,-0.0,162057.094,-114818.039,-0.0,0.133,6.909358625270745e+28,30.0,70.0,35,0.0,0.0,0.0,0.0,0.0,0.0,0.0,0.0,0.0,0.0,0.0,0.0,0.0,0.0,0.0,0.0,66.4,0,150,71,51,65476,0,300,0,0,8,20529,65476,0,0,44564,70.0,0.0,0.0,0.0,0.0,0.0
2026-09-10T21:39:44,ERR,ERR,ERR,ERR,ERR,ERR,ERR,ERR,ERR,ERR,ERR,ERR,ERR,ERR,ERR,ERR,ERR,ERR,ERR,ERR,ERR,ERR,ERR,ERR,ERR,ERR,ERR,ERR,ERR,ERR,ERR,ERR,ERR,ERR,ERR,ERR,ERR,ERR,ERR,ERR,ERR,ERR,ERR,ERR,ERR,ERR,ERR,ERR,ERR,ERR,ERR,ERR,ERR,ERR,ERR,ERR,ERR,ERR,ERR,ERR,ERR,ERR,ERR,ERR,ERR,ERR,ERR,ERR,ERR,ERR,ERR,ERR,ERR,ERR,ERR,ERR,ERR,ERR,ERR,ERR,ERR,ERR,ERR,ERR,ERR,ERR,ERR,ERR,ERR,ERR,ERR,ERR,ERR,ERR,ERR,ERR,ERR,ERR,ERR,ERR,ERR,ERR,ERR,ERR,ERR,ERR,ERR,ERR,ERR,ERR,ERR,ERR,ERR,ERR,ERR,ERR,ERR,ERR,ERR,ERR,ERR,ERR,ERR,ERR,ERR,0.0,0.0,2.6474835549302285e+23,0.0,0.0,1.3936040501711995e+18,7.805,0.0,0,0,4,0,7116,0.0,100,0.0,0.0,0.0,0.0,0.0,0,0,0,0,0.0,0,0,0,0,0,0,0,0,0,0,0,0,0,0,0,0,0,0,0,0,0,0,0,0,0,0,0,0,0,0,0,0,0,31,40,40,71,65476,0,300,0,0,8,21553,0.0,-107605600.0,0.0,0.0,0.0,0.0,0.0,0.0,0.0,0.0,0.0,0.0,0.0,0.0,0.0,0.0,0.0,0.0,0.0,0.0,0.0,0.0,-2.004,0.0,-0.0,-2.004,0.0,0.0,0.0,0.0,4488.0,-3.69717909675028e+19,6940.0,0.0,0.0,2.7184260577004195e+23,2.718429120148166e+23,0.0,0.0,0.0,0.0,69,-0.0,1.905682486793339e+17,0.0,0.0,0.0,0.0,0.0,0.0,0.0,0,0,0,0.0,0.0,0.0,0.0,0.0,0.0,0.0,0.0,0.0,0.0,0.0,0.0,0.0,0.0,0.0,0.0,0,-107875648.0,69,0.0,138,0.0,2.6474720257151824e+23,0,52429,17085,0,17100,13107,17080,0,0,0,70,68,100,2.7302399002429377e+23,82.4,-107615448.0,77.9,-107615464.0,78.5,1,49,50,180,39322,39322,0,0,0.0,0.0,0.0,0.0,-0.0,67.0,0.0,162057.094,0.0,973,0,998,0,0,0,949,0,1020,0,921,0,789,0,779,0,822,0,7520,0.032,5.505200184497694e+19,0.0,0.0,784,16797,-0.0,162057.094,-114818.039,-0.0,0.133,6.909358625270745e+28,30.0,70.0,35,0.0,0.0,0.0,0.0,0.0,0.0,0.0,0.0,0.0,0.0,0.0,0.0,0.0,0.0,0.0,0.0,66.4,0,150,71,51,65476,0,300,0,0,8,20529,65476,0,0,44564,70.0,0.0,0.0,0.0,0.0,0.0
2026-09-10T21:39:45,ERR,ERR,ERR,ERR,ERR,ERR,ERR,ERR,ERR,ERR,ERR,ERR,ERR,ERR,ERR,ERR,ERR,ERR,ERR,ERR,ERR,ERR,ERR,ERR,ERR,ERR,ERR,ERR,ERR,ERR,ERR,ERR,ERR,ERR,ERR,ERR,ERR,ERR,ERR,ERR,ERR,ERR,ERR,ERR,ERR,ERR,ERR,ERR,ERR,ERR,ERR,ERR,ERR,ERR,ERR,ERR,ERR,ERR,ERR,ERR,ERR,ERR,ERR,ERR,ERR,ERR,ERR,ERR,ERR,ERR,ERR,ERR,ERR,ERR,ERR,ERR,ERR,ERR,ERR,ERR,ERR,ERR,ERR,ERR,ERR,ERR,ERR,ERR,ERR,ERR,ERR,ERR,ERR,ERR,ERR,ERR,ERR,ERR,ERR,ERR,ERR,ERR,ERR,ERR,ERR,ERR,ERR,ERR,ERR,ERR,ERR,ERR,ERR,ERR,ERR,ERR,ERR,ERR,ERR,ERR,ERR,ERR,ERR,ERR,ERR,0.0,0.0,2.6474835549302285e+23,0.0,0.0,1.3936040501711995e+18,7.805,0.0,0,0,4,0,7116,0.0,100,0.0,0.0,0.0,0.0,0.0,0,0,0,0,0.0,0,0,0,0,0,0,0,0,0,0,0,0,0,0,0,0,0,0,0,0,0,0,0,0,0,0,0,0,0,0,0,0,0,31,40,40,71,65476,0,300,0,0,8,21553,0.0,-107605600.0,0.0,0.0,0.0,0.0,0.0,0.0,0.0,0.0,0.0,0.0,0.0,0.0,0.0,0.0,0.0,0.0,0.0,0.0,0.0,0.0,-2.004,0.0,-0.0,-2.004,0.0,0.0,0.0,0.0,4488.0,-3.69717909675028e+19,6940.0,0.0,0.0,2.7184260577004195e+23,2.718429120148166e+23,0.0,0.0,0.0,0.0,69,-0.0,1.905682486793339e+17,0.0,0.0,0.0,0.0,0.0,0.0,0.0,0,0,0,0.0,0.0,0.0,0.0,0.0,0.0,0.0,0.0,0.0,0.0,0.0,0.0,0.0,0.0,0.0,0.0,0,-107875648.0,69,0.0,138,0.0,2.6474720257151824e+23,0,52429,17085,0,17100,26215,17080,0,0,0,70,68,100,2.7302399002429377e+23,82.4,-107615448.0,77.9,-107615464.0,78.5,1,49,50,180,39322,39322,0,0,0.0,0.0,0.0,0.0,-0.0,67.0,0.0,162057.094,0.0,973,0,998,0,0,0,949,0,1020,0,922,0,789,0,779,0,822,0,7520,0.032,5.5340232221128655e+19,0.0,0.0,784,16797,-0.0,162057.094,-114818.039,-0.0,0.133,6.909358625270745e+28,30.0,70.0,35,0.0,0.0,0.0,0.0,0.0,0.0,0.0,0.0,0.0,0.0,0.0,0.0,0.0,0.0,0.0,0.0,66.4,0,150,71,51,65476,0,300,0,0,8,20529,65476,0,0,44564,70.0,0.0,0.0,0.0,0.0,0.0
2026-09-10T21:39:46,ERR,ERR,ERR,ERR,ERR,ERR,ERR,ERR,ERR,ERR,ERR,ERR,ERR,ERR,ERR,ERR,ERR,ERR,ERR,ERR,ERR,ERR,ERR,ERR,ERR,ERR,ERR,ERR,ERR,ERR,ERR,ERR,ERR,ERR,ERR,ERR,ERR,ERR,ERR,ERR,ERR,ERR,ERR,ERR,ERR,ERR,ERR,ERR,ERR,ERR,ERR,ERR,ERR,ERR,ERR,ERR,ERR,ERR,ERR,ERR,ERR,ERR,ERR,ERR,ERR,ERR,ERR,ERR,ERR,ERR,ERR,ERR,ERR,ERR,ERR,ERR,ERR,ERR,ERR,ERR,ERR,ERR,ERR,ERR,ERR,ERR,ERR,ERR,ERR,ERR,ERR,ERR,ERR,ERR,ERR,ERR,ERR,ERR,ERR,ERR,ERR,ERR,ERR,ERR,ERR,ERR,ERR,ERR,ERR,ERR,ERR,ERR,ERR,ERR,ERR,ERR,ERR,ERR,ERR,ERR,ERR,ERR,ERR,ERR,ERR,0.0,0.0,2.6474835549302285e+23,0.0,0.0,1.3936040501711995e+18,7.805,0.0,0,0,4,0,7116,0.0,100,0.0,0.0,0.0,0.0,0.0,0,0,0,0,0.0,0,0,0,0,0,0,0,0,0,0,0,0,0,0,0,0,0,0,0,0,0,0,0,0,0,0,0,0,0,0,0,0,0,31,40,40,71,65476,0,300,0,0,8,21553,0.0,-107605600.0,0.0,0.0,0.0,0.0,0.0,0.0,0.0,0.0,0.0,0.0,0.0,0.0,0.0,0.0,0.0,0.0,0.0,0.0,0.0,0.0,-2.004,0.0,-0.0,-2.004,0.0,0.0,0.0,0.0,4488.0,-3.69717909675028e+19,6940.0,0.0,0.0,2.7184260577004195e+23,2.718429120148166e+23,0.0,0.0,0.0,0.0,69,-0.0,1.905682486793339e+17,0.0,0.0,0.0,0.0,0.0,0.0,0.0,0,0,0,0.0,0.0,0.0,0.0,0.0,0.0,0.0,0.0,0.0,0.0,0.0,0.0,0.0,0.0,0.0,0.0,0,-107875648.0,69,0.0,138,0.0,2.6474720257151824e+23,0,52429,17085,0,17100,26215,17080,0,0,0,70,68,100,2.7302399002429377e+23,82.4,-107615448.0,77.9,-107615464.0,78.5,1,49,50,180,39322,39322,0,0,0.0,0.0,0.0,0.0,-0.0,67.0,0.0,162057.094,0.0,973,0,998,0,0,0,949,0,1020,0,922,0,789,0,779,0,822,0,7520,0.032,5.5340232221128655e+19,0.0,0.0,784,16797,-0.0,162057.094,-114818.039,-0.0,0.133,6.909358625270745e+28,30.0,70.0,35,0.0,0.0,0.0,0.0,0.0,0.0,0.0,0.0,0.0,0.0,0.0,0.0,0.0,0.0,0.0,0.0,66.4,0,150,71,51,65476,0,300,0,0,8,20529,65476,0,0,44564,70.0,0.0,0.0,0.0,0.0,0.0
2026-09-10T21:39:47,ERR,ERR,ERR,ERR,ERR,ERR,ERR,ERR,ERR,ERR,ERR,ERR,ERR,ERR,ERR,ERR,ERR,ERR,ERR,ERR,ERR,ERR,ERR,ERR,ERR,ERR,ERR,ERR,ERR,ERR,ERR,ERR,ERR,ERR,ERR,ERR,ERR,ERR,ERR,ERR,ERR,ERR,ERR,ERR,ERR,ERR,ERR,ERR,ERR,ERR,ERR,ERR,ERR,ERR,ERR,ERR,ERR,ERR,ERR,ERR,ERR,ERR,ERR,ERR,ERR,ERR,ERR,ERR,ERR,ERR,ERR,ERR,ERR,ERR,ERR,ERR,ERR,ERR,ERR,ERR,ERR,ERR,ERR,ERR,ERR,ERR,ERR,ERR,ERR,ERR,ERR,ERR,ERR,ERR,ERR,ERR,ERR,ERR,ERR,ERR,ERR,ERR,ERR,ERR,ERR,ERR,ERR,ERR,ERR,ERR,ERR,ERR,ERR,ERR,ERR,ERR,ERR,ERR,ERR,ERR,ERR,ERR,ERR,ERR,ERR,0.0,0.0,2.6474835549302285e+23,0.0,0.0,1.3936040501711995e+18,7.805,0.0,0,0,4,0,7116,0.0,100,0.0,0.0,0.0,0.0,0.0,0,0,0,0,0.0,0,0,0,0,0,0,0,0,0,0,0,0,0,0,0,0,0,0,0,0,0,0,0,0,0,0,0,0,0,0,0,0,0,31,40,40,71,65476,0,300,0,0,8,21553,0.0,-107605600.0,0.0,0.0,0.0,0.0,0.0,0.0,0.0,0.0,0.0,0.0,0.0,0.0,0.0,0.0,0.0,0.0,0.0,0.0,0.0,0.0,-2.004,0.0,-0.0,-2.004,0.0,0.0,0.0,0.0,4488.0,-3.69717909675028e+19,6940.0,0.0,0.0,2.7184260577004195e+23,2.718429120148166e+23,0.0,0.0,0.0,0.0,69,-0.0,1.905682486793339e+17,0.0,0.0,0.0,0.0,0.0,0.0,0.0,0,0,0,0.0,0.0,0.0,0.0,0.0,0.0,0.0,0.0,0.0,0.0,0.0,0.0,0.0,0.0,0.0,0.0,0,-107875648.0,69,0.0,138,0.0,2.6474720257151824e+23,0,52429,17085,0,17100,26215,17080,0,0,0,70,68,100,2.7302399002429377e+23,82.4,-107615448.0,77.9,-107615464.0,78.5,1,49,50,180,39322,39322,0,0,0.0,0.0,0.0,0.0,-0.0,67.0,0.0,162057.094,0.0,973,0,998,0,0,0,949,0,1020,0,922,0,789,0,779,0,822,0,7520,0.032,5.5340232221128655e+19,0.0,0.0,784,16797,-0.0,162057.094,-114818.039,-0.0,0.133,6.909358625270745e+28,30.0,70.0,35,0.0,0.0,0.0,0.0,0.0,0.0,0.0,0.0,0.0,0.0,0.0,0.0,0.0,0.0,0.0,0.0,66.4,0,150,71,51,65476,0,300,0,0,8,20529,65476,0,0,44564,70.0,0.0,0.0,0.0,0.0,0.0
2026-09-10T21:39:48,ERR,ERR,ERR,ERR,ERR,ERR,ERR,ERR,ERR,ERR,ERR,ERR,ERR,ERR,ERR,ERR,ERR,ERR,ERR,ERR,ERR,ERR,ERR,ERR,ERR,ERR,ERR,ERR,ERR,ERR,ERR,ERR,ERR,ERR,ERR,ERR,ERR,ERR,ERR,ERR,ERR,ERR,ERR,ERR,ERR,ERR,ERR,ERR,ERR,ERR,ERR,ERR,ERR,ERR,ERR,ERR,ERR,ERR,ERR,ERR,ERR,ERR,ERR,ERR,ERR,ERR,ERR,ERR,ERR,ERR,ERR,ERR,ERR,ERR,ERR,ERR,ERR,ERR,ERR,ERR,ERR,ERR,ERR,ERR,ERR,ERR,ERR,ERR,ERR,ERR,ERR,ERR,ERR,ERR,ERR,ERR,ERR,ERR,ERR,ERR,ERR,ERR,ERR,ERR,ERR,ERR,ERR,ERR,ERR,ERR,ERR,ERR,ERR,ERR,ERR,ERR,ERR,ERR,ERR,ERR,ERR,ERR,ERR,ERR,ERR,0.0,0.0,2.6474835549302285e+23,0.0,0.0,1.3936040501711995e+18,7.805,0.0,0,0,4,0,7116,0.0,100,0.0,0.0,0.0,0.0,0.0,0,0,0,0,0.0,0,0,0,0,0,0,0,0,0,0,0,0,0,0,0,0,0,0,0,0,0,0,0,0,0,0,0,0,0,0,0,0,0,31,40,40,71,65476,0,300,0,0,8,21553,0.0,-107605600.0,0.0,0.0,0.0,0.0,0.0,0.0,0.0,0.0,0.0,0.0,0.0,0.0,0.0,0.0,0.0,0.0,0.0,0.0,0.0,0.0,-2.004,2.004,-0.0,0.0,0.0,0.0,0.0,0.0,4490.0,-0.0,6935.0,0.0,0.0,-107615168.0,-0.0,0.0,0.0,0.0,0.0,69,-126841143296.0,0.0,0.0,0.0,0.0,0.0,0.0,0.0,0.0,0,0,0,0.0,0.0,0.0,0.0,0.0,0.0,0.0,0.0,0.0,0.0,0.0,0.0,0.0,0.0,0.0,0.0,0,-107875648.0,69,0.0,138,0.0,0.0,0,52429,17085,0,17100,26215,17080,0,0,0,70,68,100,2.7302399002429377e+23,82.4,-107615448.0,77.9,-107615464.0,78.5,1,49,50,180,39322,39322,0,0,0.0,0.0,0.0,0.0,-0.0,67.0,0.0,162057.094,0.0,973,0,998,0,0,0,949,0,1020,0,922,0,789,0,779,0,822,0,7520,0.032,5.5340232221128655e+19,0.0,0.0,784,16797,-0.0,162057.094,-114818.039,-0.0,0.133,6.909358625270745e+28,30.0,70.0,35,0.0,0.0,0.0,0.0,0.0,0.0,0.0,0.0,0.0,0.0,0.0,0.0,0.0,0.0,0.0,0.0,66.8,0,150,71,51,65476,0,300,0,0,8,20529,65476,0,0,44564,70.0,0.0,0.0,0.0,0.0,0.0
2026-09-10T21:39:49,ERR,ERR,ERR,ERR,ERR,ERR,ERR,ERR,ERR,ERR,ERR,ERR,ERR,ERR,ERR,ERR,ERR,ERR,ERR,ERR,ERR,ERR,ERR,ERR,ERR,ERR,ERR,ERR,ERR,ERR,ERR,ERR,ERR,ERR,ERR,ERR,ERR,ERR,ERR,ERR,ERR,ERR,ERR,ERR,ERR,ERR,ERR,ERR,ERR,ERR,ERR,ERR,ERR,ERR,ERR,ERR,ERR,ERR,ERR,ERR,ERR,ERR,ERR,ERR,ERR,ERR,ERR,ERR,ERR,ERR,ERR,ERR,ERR,ERR,ERR,ERR,ERR,ERR,ERR,ERR,ERR,ERR,ERR,ERR,ERR,ERR,ERR,ERR,ERR,ERR,ERR,ERR,ERR,ERR,ERR,ERR,ERR,ERR,ERR,ERR,ERR,ERR,ERR,ERR,ERR,ERR,ERR,ERR,ERR,ERR,ERR,ERR,ERR,ERR,ERR,ERR,ERR,ERR,ERR,ERR,ERR,ERR,ERR,ERR,ERR,0.0,0.0,2.6474835549302285e+23,0.0,0.0,1.3936040501711995e+18,7.805,0.0,0,0,4,0,7116,0.0,100,0.0,0.0,0.0,0.0,0.0,0,0,0,0,0.0,0,0,0,0,0,0,0,0,0,0,0,0,0,0,0,0,0,0,0,0,0,0,0,0,0,0,0,0,0,0,0,0,0,31,40,40,71,65476,0,300,0,0,8,21553,0.0,-107605600.0,0.0,0.0,0.0,0.0,0.0,0.0,0.0,0.0,0.0,0.0,0.0,0.0,0.0,0.0,0.0,0.0,0.0,0.0,0.0,0.0,-2.004,2.004,-0.0,0.0,0.0,0.0,0.0,0.0,4490.0,-0.0,6935.0,0.0,0.0,-107615168.0,-0.0,0.0,0.0,0.0,0.0,69,-126841143296.0,0.0,0.0,0.0,0.0,0.0,0.0,0.0,0.0,0,0,0,0.0,0.0,0.0,0.0,0.0,0.0,0.0,0.0,0.0,0.0,0.0,0.0,0.0,0.0,0.0,0.0,0,-107875648.0,69,0.0,138,0.0,0.0,0,52429,17085,0,17100,26215,17080,0,0,0,70,68,100,2.7302399002429377e+23,82.4,-107615448.0,77.9,-107615464.0,78.5,1,49,50,180,39322,39322,0,0,0.0,0.0,0.0,0.0,-0.0,67.0,0.0,162057.094,0.0,973,0,998,0,0,0,949,0,1020,0,922,0,789,0,779,0,822,0,7520,0.032,5.5340232221128655e+19,0.0,0.0,784,16797,-0.0,162057.094,-114818.039,-0.0,0.133,6.909358625270745e+28,30.0,70.0,35,0.0,0.0,0.0,0.0,0.0,0.0,0.0,0.0,0.0,0.0,0.0,0.0,0.0,0.0,0.0,0.0,66.8,0,150,71,51,65476,0,300,0,0,8,20529,65476,0,0,44564,70.0,0.0,0.0,0.0,0.0,0.0
2026-09-10T21:39:50,ERR,ERR,ERR,ERR,ERR,ERR,ERR,ERR,ERR,ERR,ERR,ERR,ERR,ERR,ERR,ERR,ERR,ERR,ERR,ERR,ERR,ERR,ERR,ERR,ERR,ERR,ERR,ERR,ERR,ERR,ERR,ERR,ERR,ERR,ERR,ERR,ERR,ERR,ERR,ERR,ERR,ERR,ERR,ERR,ERR,ERR,ERR,ERR,ERR,ERR,ERR,ERR,ERR,ERR,ERR,ERR,ERR,ERR,ERR,ERR,ERR,ERR,ERR,ERR,ERR,ERR,ERR,ERR,ERR,ERR,ERR,ERR,ERR,ERR,ERR,ERR,ERR,ERR,ERR,ERR,ERR,ERR,ERR,ERR,ERR,ERR,ERR,ERR,ERR,ERR,ERR,ERR,ERR,ERR,ERR,ERR,ERR,ERR,ERR,ERR,ERR,ERR,ERR,ERR,ERR,ERR,ERR,ERR,ERR,ERR,ERR,ERR,ERR,ERR,ERR,ERR,ERR,ERR,ERR,ERR,ERR,ERR,ERR,ERR,ERR,0.0,0.0,2.6474835549302285e+23,0.0,0.0,1.3936040501711995e+18,7.805,0.0,0,0,4,0,7116,0.0,100,0.0,0.0,0.0,0.0,0.0,0,0,0,0,0.0,0,0,0,0,0,0,0,0,0,0,0,0,0,0,0,0,0,0,0,0,0,0,0,0,0,0,0,0,0,0,0,0,0,31,40,40,71,65476,0,300,0,0,8,21553,0.0,-107605600.0,0.0,0.0,0.0,0.0,0.0,0.0,0.0,0.0,0.0,0.0,0.0,0.0,0.0,0.0,0.0,0.0,0.0,0.0,0.0,0.0,-2.004,2.004,-0.0,0.0,0.0,0.0,0.0,0.0,4490.0,-0.0,6935.0,0.0,0.0,-107615168.0,-0.0,0.0,0.0,0.0,0.0,69,-126841143296.0,0.0,0.0,0.0,0.0,0.0,0.0,0.0,0.0,0,0,0,0.0,0.0,0.0,0.0,0.0,0.0,0.0,0.0,0.0,0.0,0.0,0.0,0.0,0.0,0.0,0.0,0,-107875648.0,69,0.0,138,0.0,0.0,0,52429,17085,0,17100,26215,17080,0,0,0,70,68,100,2.7302399002429377e+23,82.4,-107615448.0,77.9,-107615464.0,78.5,1,49,50,180,39322,39322,0,0,0.0,0.0,0.0,0.0,-0.0,67.0,0.0,162057.094,0.0,973,0,998,0,0,0,949,0,1020,0,922,0,789,0,779,0,822,0,7520,0.032,5.5340232221128655e+19,0.0,0.0,784,16797,-0.0,162057.094,-114818.039,-0.0,0.133,6.909358625270745e+28,30.0,70.0,35,0.0,0.0,0.0,0.0,0.0,0.0,0.0,0.0,0.0,0.0,0.0,0.0,0.0,0.0,0.0,0.0,66.4,0,150,71,51,65476,0,300,0,0,8,20529,65476,0,0,44564,70.0,0.0,0.0,0.0,0.0,0.0
2026-09-10T21:39:51,ERR,ERR,ERR,ERR,ERR,ERR,ERR,ERR,ERR,ERR,ERR,ERR,ERR,ERR,ERR,ERR,ERR,ERR,ERR,ERR,ERR,ERR,ERR,ERR,ERR,ERR,ERR,ERR,ERR,ERR,ERR,ERR,ERR,ERR,ERR,ERR,ERR,ERR,ERR,ERR,ERR,ERR,ERR,ERR,ERR,ERR,ERR,ERR,ERR,ERR,ERR,ERR,ERR,ERR,ERR,ERR,ERR,ERR,ERR,ERR,ERR,ERR,ERR,ERR,ERR,ERR,ERR,ERR,ERR,ERR,ERR,ERR,ERR,ERR,ERR,ERR,ERR,ERR,ERR,ERR,ERR,ERR,ERR,ERR,ERR,ERR,ERR,ERR,ERR,ERR,ERR,ERR,ERR,ERR,ERR,ERR,ERR,ERR,ERR,ERR,ERR,ERR,ERR,ERR,ERR,ERR,ERR,ERR,ERR,ERR,ERR,ERR,ERR,ERR,ERR,ERR,ERR,ERR,ERR,ERR,ERR,ERR,ERR,ERR,ERR,0.0,0.0,2.6474835549302285e+23,0.0,0.0,1.3936040501711995e+18,7.805,0.0,0,0,4,0,7116,0.0,100,0.0,0.0,0.0,0.0,0.0,0,0,0,0,0.0,0,0,0,0,0,0,0,0,0,0,0,0,0,0,0,0,0,0,0,0,0,0,0,0,0,0,0,0,0,0,0,0,0,31,40,40,71,65476,0,300,0,0,8,21553,0.0,-107605600.0,0.0,0.0,0.0,0.0,0.0,0.0,0.0,0.0,0.0,0.0,0.0,0.0,0.0,0.0,0.0,0.0,0.0,0.0,0.0,0.0,-2.004,2.004,-0.0,0.0,0.0,0.0,0.0,0.0,4490.0,-0.0,6935.0,0.0,0.0,-107615168.0,-0.0,0.0,0.0,0.0,0.0,69,-126841143296.0,0.0,0.0,0.0,0.0,0.0,0.0,0.0,0.0,0,0,0,0.0,0.0,0.0,0.0,0.0,0.0,0.0,0.0,0.0,0.0,0.0,0.0,0.0,0.0,0.0,0.0,0,-107875648.0,69,0.0,138,0.0,0.0,0,52429,17085,0,17100,26215,17080,0,0,0,70,68,100,2.7302399002429377e+23,82.4,-107615448.0,77.9,-107615464.0,78.5,1,49,50,180,39322,39322,0,0,0.0,0.0,0.0,0.0,-0.0,67.0,0.0,162057.094,0.0,973,0,998,0,0,0,949,0,1020,0,922,0,789,0,779,0,822,0,7520,0.032,5.5340232221128655e+19,0.0,0.0,784,16797,-0.0,162057.094,-114818.039,-0.0,0.133,6.909358625270745e+28,30.0,70.0,35,0.0,0.0,0.0,0.0,0.0,0.0,0.0,0.0,0.0,0.0,0.0,0.0,0.0,0.0,0.0,0.0,66.4,0,150,71,51,65476,0,300,0,0,8,20529,65476,0,0,44564,70.0,0.0,0.0,0.0,0.0,0.0
2026-09-10T21:39:52,ERR,ERR,ERR,ERR,ERR,ERR,ERR,ERR,ERR,ERR,ERR,ERR,ERR,ERR,ERR,ERR,ERR,ERR,ERR,ERR,ERR,ERR,ERR,ERR,ERR,ERR,ERR,ERR,ERR,ERR,ERR,ERR,ERR,ERR,ERR,ERR,ERR,ERR,ERR,ERR,ERR,ERR,ERR,ERR,ERR,ERR,ERR,ERR,ERR,ERR,ERR,ERR,ERR,ERR,ERR,ERR,ERR,ERR,ERR,ERR,ERR,ERR,ERR,ERR,ERR,ERR,ERR,ERR,ERR,ERR,ERR,ERR,ERR,ERR,ERR,ERR,ERR,ERR,ERR,ERR,ERR,ERR,ERR,ERR,ERR,ERR,ERR,ERR,ERR,ERR,ERR,ERR,ERR,ERR,ERR,ERR,ERR,ERR,ERR,ERR,ERR,ERR,ERR,ERR,ERR,ERR,ERR,ERR,ERR,ERR,ERR,ERR,ERR,ERR,ERR,ERR,ERR,ERR,ERR,ERR,ERR,ERR,ERR,ERR,ERR,0.0,0.0,2.6474835549302285e+23,0.0,0.0,1.3936040501711995e+18,7.805,0.0,0,0,4,0,7116,0.0,100,0.0,0.0,0.0,0.0,0.0,0,0,0,0,0.0,0,0,0,0,0,0,0,0,0,0,0,0,0,0,0,0,0,0,0,0,0,0,0,0,0,0,0,0,0,0,0,0,0,31,40,40,71,65476,0,300,0,0,8,21553,0.0,-107605600.0,0.0,0.0,0.0,0.0,0.0,0.0,0.0,0.0,0.0,0.0,0.0,0.0,0.0,0.0,0.0,0.0,0.0,0.0,0.0,0.0,-2.004,2.004,-0.0,0.0,0.0,0.0,0.0,0.0,4490.0,-0.0,6935.0,0.0,0.0,-107615168.0,-0.0,0.0,0.0,0.0,0.0,69,-126841143296.0,0.0,0.0,0.0,0.0,0.0,0.0,0.0,0.0,0,0,0,0.0,0.0,0.0,0.0,0.0,0.0,0.0,0.0,0.0,0.0,0.0,0.0,0.0,0.0,0.0,0.0,0,-107875648.0,69,0.0,138,0.0,0.0,0,52429,17085,0,17100,26215,17080,0,0,0,70,68,100,2.7302399002429377e+23,82.4,-107615448.0,77.9,-107615464.0,78.5,1,49,50,180,39322,39322,0,0,0.0,0.0,0.0,0.0,-0.0,67.0,0.0,162057.094,0.0,973,0,998,0,0,0,949,0,1020,0,922,0,789,0,779,0,822,0,7520,0.032,5.5340232221128655e+19,0.0,0.0,784,16797,-0.0,162057.094,-114818.039,-0.0,0.133,6.909358625270745e+28,30.0,70.0,35,0.0,0.0,0.0,0.0,0.0,0.0,0.0,0.0,0.0,0.0,0.0,0.0,0.0,0.0,0.0,0.0,66.4,0,150,71,51,65476,0,300,0,0,8,20529,65476,0,0,44564,70.0,0.0,0.0,0.0,0.0,0.0
2026-09-10T21:39:53,ERR,ERR,ERR,ERR,ERR,ERR,ERR,ERR,ERR,ERR,ERR,ERR,ERR,ERR,ERR,ERR,ERR,ERR,ERR,ERR,ERR,ERR,ERR,ERR,ERR,ERR,ERR,ERR,ERR,ERR,ERR,ERR,ERR,ERR,ERR,ERR,ERR,ERR,ERR,ERR,ERR,ERR,ERR,ERR,ERR,ERR,ERR,ERR,ERR,ERR,ERR,ERR,ERR,ERR,ERR,ERR,ERR,ERR,ERR,ERR,ERR,ERR,ERR,ERR,ERR,ERR,ERR,ERR,ERR,ERR,ERR,ERR,ERR,ERR,ERR,ERR,ERR,ERR,ERR,ERR,ERR,ERR,ERR,ERR,ERR,ERR,ERR,ERR,ERR,ERR,ERR,ERR,ERR,ERR,ERR,ERR,ERR,ERR,ERR,ERR,ERR,ERR,ERR,ERR,ERR,ERR,ERR,ERR,ERR,ERR,ERR,ERR,ERR,ERR,ERR,ERR,ERR,ERR,ERR,ERR,ERR,ERR,ERR,ERR,ERR,0.0,0.0,2.6474835549302285e+23,0.0,0.0,1.3936040501711995e+18,7.805,0.0,0,0,4,0,7116,0.0,100,0.0,0.0,0.0,0.0,0.0,0,0,0,0,0.0,0,0,0,0,0,0,0,0,0,0,0,0,0,0,0,0,0,0,0,0,0,0,0,0,0,0,0,0,0,0,0,0,0,31,40,40,71,65476,0,300,0,0,8,21553,0.0,-107605600.0,0.0,0.0,0.0,0.0,0.0,0.0,0.0,0.0,0.0,0.0,0.0,0.0,0.0,0.0,0.0,0.0,0.0,0.0,0.0,0.0,-2.004,2.004,-0.0,0.0,0.0,0.0,0.0,0.0,4488.0,-2.004,6936.0,0.0,0.0,-107615168.0,-0.0,0.0,0.0,0.0,0.0,69,-0.0,0.0,0.0,0.0,0.0,0.0,0.0,0.0,0.0,0,0,0,0.0,0.0,0.0,0.0,0.0,0.0,0.0,0.0,0.0,0.0,0.0,0.0,0.0,0.0,0.0,0.0,0,-107875648.0,69,0.0,138,0.0,2.6474720257151824e+23,0,52429,17085,0,17100,26215,17080,0,0,0,70,68,100,2.7302399002429377e+23,82.4,-107615448.0,77.9,-107615464.0,78.5,1,49,50,180,39322,39322,0,0,0.0,0.0,0.0,0.0,-0.0,67.0,0.0,162057.094,0.0,973,0,998,0,0,0,949,0,1020,0,922,0,789,0,779,0,822,0,7520,0.032,5.5340232221128655e+19,0.0,0.0,784,16797,-0.0,162057.094,-114818.039,-0.0,0.133,6.909358625270745e+28,30.0,70.0,35,0.0,0.0,0.0,0.0,0.0,0.0,0.0,0.0,0.0,0.0,0.0,0.0,0.0,0.0,0.0,0.0,66.8,0,150,71,51,65476,0,300,0,0,8,20529,65476,0,0,44564,70.0,0.0,0.0,0.0,0.0,0.0
2026-09-10T21:39:54,ERR,ERR,ERR,ERR,ERR,ERR,ERR,ERR,ERR,ERR,ERR,ERR,ERR,ERR,ERR,ERR,ERR,ERR,ERR,ERR,ERR,ERR,ERR,ERR,ERR,ERR,ERR,ERR,ERR,ERR,ERR,ERR,ERR,ERR,ERR,ERR,ERR,ERR,ERR,ERR,ERR,ERR,ERR,ERR,ERR,ERR,ERR,ERR,ERR,ERR,ERR,ERR,ERR,ERR,ERR,ERR,ERR,ERR,ERR,ERR,ERR,ERR,ERR,ERR,ERR,ERR,ERR,ERR,ERR,ERR,ERR,ERR,ERR,ERR,ERR,ERR,ERR,ERR,ERR,ERR,ERR,ERR,ERR,ERR,ERR,ERR,ERR,ERR,ERR,ERR,ERR,ERR,ERR,ERR,ERR,ERR,ERR,ERR,ERR,ERR,ERR,ERR,ERR,ERR,ERR,ERR,ERR,ERR,ERR,ERR,ERR,ERR,ERR,ERR,ERR,ERR,ERR,ERR,ERR,ERR,ERR,ERR,ERR,ERR,ERR,0.0,0.0,2.6474835549302285e+23,0.0,0.0,1.3936040501711995e+18,7.805,0.0,0,0,4,0,7116,0.0,100,0.0,0.0,0.0,0.0,0.0,0,0,0,0,0.0,0,0,0,0,0,0,0,0,0,0,0,0,0,0,0,0,0,0,0,0,0,0,0,0,0,0,0,0,0,0,0,0,0,31,40,40,71,65476,0,300,0,0,8,21553,0.0,-107605600.0,0.0,0.0,0.0,0.0,0.0,0.0,0.0,0.0,0.0,0.0,0.0,0.0,0.0,0.0,0.0,0.0,0.0,0.0,0.0,0.0,-2.004,2.004,-0.0,0.0,0.0,0.0,0.0,0.0,4488.0,-2.004,6936.0,0.0,0.0,-107615168.0,-0.0,0.0,0.0,0.0,0.0,69,-0.0,0.0,0.0,0.0,0.0,0.0,0.0,0.0,0.0,0,0,0,0.0,0.0,0.0,0.0,0.0,0.0,0.0,0.0,0.0,0.0,0.0,0.0,0.0,0.0,0.0,0.0,0,-107875648.0,69,0.0,138,0.0,2.6474720257151824e+23,0,52429,17085,0,17100,26215,17080,0,0,0,70,68,100,2.7302399002429377e+23,82.4,-107615448.0,77.9,-107615464.0,78.5,1,49,50,180,39322,39322,0,0,0.0,0.0,0.0,0.0,-0.0,67.0,0.0,162057.094,0.0,973,0,998,0,0,0,949,0,1020,0,922,0,789,0,779,0,822,0,7520,0.032,5.5340232221128655e+19,0.0,0.0,784,16797,-0.0,162057.094,-114818.039,-0.0,0.133,6.909358625270745e+28,30.0,70.0,35,0.0,0.0,0.0,0.0,0.0,0.0,0.0,0.0,0.0,0.0,0.0,0.0,0.0,0.0,0.0,0.0,66.8,0,150,71,51,65476,0,300,0,0,8,20529,65476,0,0,44564,70.0,0.0,0.0,0.0,0.0,0.0
2026-09-10T21:39:55,ERR,ERR,ERR,ERR,ERR,ERR,ERR,ERR,ERR,ERR,ERR,ERR,ERR,ERR,ERR,ERR,ERR,ERR,ERR,ERR,ERR,ERR,ERR,ERR,ERR,ERR,ERR,ERR,ERR,ERR,ERR,ERR,ERR,ERR,ERR,ERR,ERR,ERR,ERR,ERR,ERR,ERR,ERR,ERR,ERR,ERR,ERR,ERR,ERR,ERR,ERR,ERR,ERR,ERR,ERR,ERR,ERR,ERR,ERR,ERR,ERR,ERR,ERR,ERR,ERR,ERR,ERR,ERR,ERR,ERR,ERR,ERR,ERR,ERR,ERR,ERR,ERR,ERR,ERR,ERR,ERR,ERR,ERR,ERR,ERR,ERR,ERR,ERR,ERR,ERR,ERR,ERR,ERR,ERR,ERR,ERR,ERR,ERR,ERR,ERR,ERR,ERR,ERR,ERR,ERR,ERR,ERR,ERR,ERR,ERR,ERR,ERR,ERR,ERR,ERR,ERR,ERR,ERR,ERR,ERR,ERR,ERR,ERR,ERR,ERR,0.0,0.0,2.6474835549302285e+23,0.0,0.0,1.3936040501711995e+18,7.805,0.0,0,0,4,0,7116,0.0,100,0.0,0.0,0.0,0.0,0.0,0,0,0,0,0.0,0,0,0,0,0,0,0,0,0,0,0,0,0,0,0,0,0,0,0,0,0,0,0,0,0,0,0,0,0,0,0,0,0,31,40,40,71,65476,0,300,0,0,8,21553,0.0,-107605600.0,0.0,0.0,0.0,0.0,0.0,0.0,0.0,0.0,0.0,0.0,0.0,0.0,0.0,0.0,0.0,0.0,0.0,0.0,0.0,0.0,-2.004,2.004,-0.0,0.0,0.0,0.0,0.0,0.0,4488.0,-2.004,6936.0,0.0,0.0,-107615168.0,-0.0,0.0,0.0,0.0,0.0,69,-0.0,0.0,0.0,0.0,0.0,0.0,0.0,0.0,0.0,0,0,0,0.0,0.0,0.0,0.0,0.0,0.0,0.0,0.0,0.0,0.0,0.0,0.0,0.0,0.0,0.0,0.0,0,-107875648.0,69,0.0,138,0.0,2.6474720257151824e+23,0,52429,17085,0,17100,26215,17080,0,0,0,70,68,100,2.7302399002429377e+23,82.4,-107615448.0,77.9,-107615464.0,78.5,1,49,50,180,39322,39322,0,0,0.0,0.0,0.0,0.0,-0.0,67.0,0.0,162057.094,0.0,973,0,998,0,0,0,949,0,1020,0,922,0,789,0,779,0,822,0,7520,0.032,5.5340232221128655e+19,0.0,0.0,784,16797,-0.0,162057.094,-114818.039,-0.0,0.133,6.909358625270745e+28,30.0,70.0,35,0.0,0.0,0.0,0.0,0.0,0.0,0.0,0.0,0.0,0.0,0.0,0.0,0.0,0.0,0.0,0.0,66.4,0,150,71,51,65476,0,300,0,0,8,20529,65476,0,0,44564,70.0,0.0,0.0,0.0,0.0,0.0
2026-09-10T21:39:56,ERR,ERR,ERR,ERR,ERR,ERR,ERR,ERR,ERR,ERR,ERR,ERR,ERR,ERR,ERR,ERR,ERR,ERR,ERR,ERR,ERR,ERR,ERR,ERR,ERR,ERR,ERR,ERR,ERR,ERR,ERR,ERR,ERR,ERR,ERR,ERR,ERR,ERR,ERR,ERR,ERR,ERR,ERR,ERR,ERR,ERR,ERR,ERR,ERR,ERR,ERR,ERR,ERR,ERR,ERR,ERR,ERR,ERR,ERR,ERR,ERR,ERR,ERR,ERR,ERR,ERR,ERR,ERR,ERR,ERR,ERR,ERR,ERR,ERR,ERR,ERR,ERR,ERR,ERR,ERR,ERR,ERR,ERR,ERR,ERR,ERR,ERR,ERR,ERR,ERR,ERR,ERR,ERR,ERR,ERR,ERR,ERR,ERR,ERR,ERR,ERR,ERR,ERR,ERR,ERR,ERR,ERR,ERR,ERR,ERR,ERR,ERR,ERR,ERR,ERR,ERR,ERR,ERR,ERR,ERR,ERR,ERR,ERR,ERR,ERR,0.0,0.0,2.6474835549302285e+23,0.0,0.0,1.3936040501711995e+18,7.805,0.0,0,0,4,0,7116,0.0,100,0.0,0.0,0.0,0.0,0.0,0,0,0,0,0.0,0,0,0,0,0,0,0,0,0,0,0,0,0,0,0,0,0,0,0,0,0,0,0,0,0,0,0,0,0,0,0,0,0,31,40,40,71,65476,0,300,0,0,8,21553,0.0,-107605600.0,0.0,0.0,0.0,0.0,0.0,0.0,0.0,0.0,0.0,0.0,0.0,0.0,0.0,0.0,0.0,0.0,0.0,0.0,0.0,0.0,-2.004,2.004,-0.0,0.0,0.0,0.0,0.0,0.0,4488.0,-2.004,6936.0,0.0,0.0,-107615168.0,-0.0,0.0,0.0,0.0,0.0,69,-0.0,0.0,0.0,0.0,0.0,0.0,0.0,0.0,0.0,0,0,0,0.0,0.0,0.0,0.0,0.0,0.0,0.0,0.0,0.0,0.0,0.0,0.0,0.0,0.0,0.0,0.0,0,-107875648.0,69,0.0,138,0.0,2.6474720257151824e+23,0,52429,17085,0,17100,26215,17080,0,0,0,70,68,100,2.7302399002429377e+23,82.4,-107615448.0,77.9,-107615464.0,78.5,1,49,50,180,39322,39322,0,0,0.0,0.0,0.0,0.0,-0.0,67.0,0.0,162057.094,0.0,973,0,998,0,0,0,949,0,1020,0,922,0,789,0,779,0,822,0,7520,0.032,5.5340232221128655e+19,0.0,0.0,784,16797,-0.0,162057.094,-114818.039,-0.0,0.133,6.909358625270745e+28,30.0,70.0,35,0.0,0.0,0.0,0.0,0.0,0.0,0.0,0.0,0.0,0.0,0.0,0.0,0.0,0.0,0.0,0.0,66.4,0,150,71,51,65476,0,300,0,0,8,20529,65476,0,0,44564,70.0,0.0,0.0,0.0,0.0,0.0
2026-09-10T21:39:57,ERR,ERR,ERR,ERR,ERR,ERR,ERR,ERR,ERR,ERR,ERR,ERR,ERR,ERR,ERR,ERR,ERR,ERR,ERR,ERR,ERR,ERR,ERR,ERR,ERR,ERR,ERR,ERR,ERR,ERR,ERR,ERR,ERR,ERR,ERR,ERR,ERR,ERR,ERR,ERR,ERR,ERR,ERR,ERR,ERR,ERR,ERR,ERR,ERR,ERR,ERR,ERR,ERR,ERR,ERR,ERR,ERR,ERR,ERR,ERR,ERR,ERR,ERR,ERR,ERR,ERR,ERR,ERR,ERR,ERR,ERR,ERR,ERR,ERR,ERR,ERR,ERR,ERR,ERR,ERR,ERR,ERR,ERR,ERR,ERR,ERR,ERR,ERR,ERR,ERR,ERR,ERR,ERR,ERR,ERR,ERR,ERR,ERR,ERR,ERR,ERR,ERR,ERR,ERR,ERR,ERR,ERR,ERR,ERR,ERR,ERR,ERR,ERR,ERR,ERR,ERR,ERR,ERR,ERR,ERR,ERR,ERR,ERR,ERR,ERR,0.0,0.0,2.6474835549302285e+23,0.0,0.0,1.3936040501711995e+18,7.805,0.0,0,0,4,0,7116,0.0,100,0.0,0.0,0.0,0.0,0.0,0,0,0,0,0.0,0,0,0,0,0,0,0,0,0,0,0,0,0,0,0,0,0,0,0,0,0,0,0,0,0,0,0,0,0,0,0,0,0,31,40,40,71,65476,0,300,0,0,8,21553,0.0,-107605600.0,0.0,0.0,0.0,0.0,0.0,0.0,0.0,0.0,0.0,0.0,0.0,0.0,0.0,0.0,0.0,0.0,0.0,0.0,0.0,0.0,-2.004,2.004,-0.0,0.0,0.0,0.0,0.0,0.0,4488.0,-2.004,6936.0,0.0,0.0,-107615168.0,-0.0,0.0,0.0,0.0,0.0,69,-0.0,0.0,0.0,0.0,0.0,0.0,0.0,0.0,0.0,0,0,0,0.0,0.0,0.0,0.0,0.0,0.0,0.0,0.0,0.0,0.0,0.0,0.0,0.0,0.0,0.0,0.0,0,-107875648.0,69,0.0,138,0.0,2.6474720257151824e+23,0,52429,17085,0,17100,26215,17080,0,0,0,70,68,100,2.7302399002429377e+23,82.4,-107615448.0,77.9,-107615464.0,78.5,1,49,50,180,39322,39322,0,0,0.0,0.0,0.0,0.0,-0.0,67.0,0.0,162057.094,0.0,973,0,998,0,0,0,949,0,1020,0,922,0,789,0,779,0,822,0,7520,0.032,5.505200184497694e+19,0.0,0.0,784,16797,-0.0,162057.094,-114818.039,-0.0,0.133,6.909358625270745e+28,30.0,70.0,35,0.0,0.0,0.0,0.0,0.0,0.0,0.0,0.0,0.0,0.0,0.0,0.0,0.0,0.0,0.0,0.0,66.4,0,150,71,51,65476,0,300,0,0,8,20529,65476,0,0,44564,70.0,0.0,0.0,0.0,0.0,0.0
2026-09-10T21:39:58,ERR,ERR,ERR,ERR,ERR,ERR,ERR,ERR,ERR,ERR,ERR,ERR,ERR,ERR,ERR,ERR,ERR,ERR,ERR,ERR,ERR,ERR,ERR,ERR,ERR,ERR,ERR,ERR,ERR,ERR,ERR,ERR,ERR,ERR,ERR,ERR,ERR,ERR,ERR,ERR,ERR,ERR,ERR,ERR,ERR,ERR,ERR,ERR,ERR,ERR,ERR,ERR,ERR,ERR,ERR,ERR,ERR,ERR,ERR,ERR,ERR,ERR,ERR,ERR,ERR,ERR,ERR,ERR,ERR,ERR,ERR,ERR,ERR,ERR,ERR,ERR,ERR,ERR,ERR,ERR,ERR,ERR,ERR,ERR,ERR,ERR,ERR,ERR,ERR,ERR,ERR,ERR,ERR,ERR,ERR,ERR,ERR,ERR,ERR,ERR,ERR,ERR,ERR,ERR,ERR,ERR,ERR,ERR,ERR,ERR,ERR,ERR,ERR,ERR,ERR,ERR,ERR,ERR,ERR,ERR,ERR,ERR,ERR,ERR,ERR,0.0,0.0,2.6474835549302285e+23,0.0,0.0,1.3936040501711995e+18,7.805,0.0,0,0,4,0,7116,0.0,100,0.0,0.0,0.0,0.0,0.0,0,0,0,0,0.0,0,0,0,0,0,0,0,0,0,0,0,0,0,0,0,0,0,0,0,0,0,0,0,0,0,0,0,0,0,0,0,0,0,31,40,40,71,65476,0,300,0,0,8,21553,0.0,-107605600.0,0.0,0.0,0.0,0.0,0.0,0.0,0.0,0.0,0.0,0.0,0.0,0.0,0.0,0.0,0.0,0.0,0.0,0.0,0.0,0.0,-2.004,2.004,-0.0,0.0,0.0,0.0,0.0,0.0,4488.0,-2.004,6936.0,0.0,0.0,-107615168.0,-0.0,0.0,0.0,0.0,0.0,69,-0.0,0.0,0.0,0.0,0.0,0.0,0.0,0.0,0.0,0,0,0,0.0,0.0,0.0,0.0,0.0,0.0,0.0,0.0,0.0,0.0,0.0,0.0,0.0,0.0,0.0,0.0,0,-107875648.0,69,0.0,138,0.0,2.6474720257151824e+23,0,52429,17085,0,17100,26215,17080,0,0,0,70,68,100,2.7302399002429377e+23,82.4,-107615448.0,77.9,-107615464.0,78.5,1,49,50,180,39322,39322,0,0,0.0,0.0,0.0,0.0,-0.0,67.0,0.0,162057.094,0.0,973,0,998,0,0,0,949,0,1020,0,922,0,789,0,779,0,822,0,7520,0.032,5.505200184497694e+19,0.0,0.0,784,16797,-0.0,162057.094,-114818.039,-0.0,0.133,6.909358625270745e+28,30.0,70.0,35,0.0,0.0,0.0,0.0,0.0,0.0,0.0,0.0,0.0,0.0,0.0,0.0,0.0,0.0,0.0,0.0,66.8,0,150,71,51,65476,0,300,0,0,8,20529,65476,0,0,44564,70.0,0.0,0.0,0.0,0.0,0.0
2026-09-10T21:39:59,ERR,ERR,ERR,ERR,ERR,ERR,ERR,ERR,ERR,ERR,ERR,ERR,ERR,ERR,ERR,ERR,ERR,ERR,ERR,ERR,ERR,ERR,ERR,ERR,ERR,ERR,ERR,ERR,ERR,ERR,ERR,ERR,ERR,ERR,ERR,ERR,ERR,ERR,ERR,ERR,ERR,ERR,ERR,ERR,ERR,ERR,ERR,ERR,ERR,ERR,ERR,ERR,ERR,ERR,ERR,ERR,ERR,ERR,ERR,ERR,ERR,ERR,ERR,ERR,ERR,ERR,ERR,ERR,ERR,ERR,ERR,ERR,ERR,ERR,ERR,ERR,ERR,ERR,ERR,ERR,ERR,ERR,ERR,ERR,ERR,ERR,ERR,ERR,ERR,ERR,ERR,ERR,ERR,ERR,ERR,ERR,ERR,ERR,ERR,ERR,ERR,ERR,ERR,ERR,ERR,ERR,ERR,ERR,ERR,ERR,ERR,ERR,ERR,ERR,ERR,ERR,ERR,ERR,ERR,ERR,ERR,ERR,ERR,ERR,ERR,0.0,0.0,2.6474835549302285e+23,0.0,0.0,1.3936040501711995e+18,7.805,0.0,0,0,4,0,7116,0.0,100,0.0,0.0,0.0,0.0,0.0,0,0,0,0,0.0,0,0,0,0,0,0,0,0,0,0,0,0,0,0,0,0,0,0,0,0,0,0,0,0,0,0,0,0,0,0,0,0,0,31,40,40,71,65476,0,300,0,0,8,21553,0.0,-107605600.0,0.0,0.0,0.0,0.0,0.0,0.0,0.0,0.0,0.0,0.0,0.0,0.0,0.0,0.0,0.0,0.0,0.0,0.0,0.0,0.0,-2.004,2.004,-0.0,0.0,0.0,0.0,0.0,0.0,4488.0,-2.004,6936.0,0.0,0.0,-107615168.0,-0.0,0.0,0.0,0.0,0.0,69,-0.0,0.0,0.0,0.0,0.0,0.0,0.0,0.0,0.0,0,0,0,0.0,0.0,0.0,0.0,0.0,0.0,0.0,0.0,0.0,0.0,0.0,0.0,0.0,0.0,0.0,0.0,0,-107875648.0,69,0.0,138,0.0,2.6474720257151824e+23,0,52429,17085,0,17100,26215,17080,0,0,0,70,68,100,2.7302399002429377e+23,82.4,-107615448.0,77.9,-107615464.0,78.5,1,49,50,180,39322,39322,0,0,0.0,0.0,0.0,0.0,-0.0,67.0,0.0,162057.094,0.0,973,0,998,0,0,0,949,0,1020,0,922,0,789,0,779,0,822,0,7520,0.032,5.505200184497694e+19,0.0,0.0,784,16797,-0.0,162057.094,-114818.039,-0.0,0.133,6.909358625270745e+28,30.0,70.0,35,0.0,0.0,0.0,0.0,0.0,0.0,0.0,0.0,0.0,0.0,0.0,0.0,0.0,0.0,0.0,0.0,66.8,0,150,71,51,65476,0,300,0,0,8,20529,65476,0,0,44564,70.0,0.0,0.0,0.0,0.0,0.0
2026-09-10T21:40:00,ERR,ERR,ERR,ERR,ERR,ERR,ERR,ERR,ERR,ERR,ERR,ERR,ERR,ERR,ERR,ERR,ERR,ERR,ERR,ERR,ERR,ERR,ERR,ERR,ERR,ERR,ERR,ERR,ERR,ERR,ERR,ERR,ERR,ERR,ERR,ERR,ERR,ERR,ERR,ERR,ERR,ERR,ERR,ERR,ERR,ERR,ERR,ERR,ERR,ERR,ERR,ERR,ERR,ERR,ERR,ERR,ERR,ERR,ERR,ERR,ERR,ERR,ERR,ERR,ERR,ERR,ERR,ERR,ERR,ERR,ERR,ERR,ERR,ERR,ERR,ERR,ERR,ERR,ERR,ERR,ERR,ERR,ERR,ERR,ERR,ERR,ERR,ERR,ERR,ERR,ERR,ERR,ERR,ERR,ERR,ERR,ERR,ERR,ERR,ERR,ERR,ERR,ERR,ERR,ERR,ERR,ERR,ERR,ERR,ERR,ERR,ERR,ERR,ERR,ERR,ERR,ERR,ERR,ERR,ERR,ERR,ERR,ERR,ERR,ERR,0.0,0.0,2.6474835549302285e+23,0.0,0.0,1.3936040501711995e+18,7.805,0.0,0,0,4,0,7116,0.0,100,0.0,0.0,0.0,0.0,0.0,0,0,0,0,0.0,0,0,0,0,0,0,0,0,0,0,0,0,0,0,0,0,0,0,0,0,0,0,0,0,0,0,0,0,0,0,0,0,0,31,40,40,71,65476,0,300,0,0,8,21553,0.0,-107605600.0,0.0,0.0,0.0,0.0,0.0,0.0,0.0,0.0,0.0,0.0,0.0,0.0,0.0,0.0,0.0,0.0,0.0,0.0,0.0,0.0,-2.004,0.0,-0.0,0.0,0.0,0.0,0.0,0.0,4495.0,-8608165888.0,6938.0,0.0,0.0,-107615168.0,-0.0,0.0,0.0,0.0,0.0,69,-1.905698635870372e+17,0.059,0.0,0.0,0.0,0.0,0.0,0.0,0.0,0,0,0,0.0,0.0,0.0,0.0,0.0,0.0,0.0,0.0,0.0,0.0,0.0,0.0,0.0,0.0,0.0,0.0,0,-107875648.0,69,0.0,138,0.0,2.6474720257151824e+23,0,52429,17085,0,17100,26215,17080,0,0,0,70,68,100,2.7302399002429377e+23,82.4,-107615448.0,77.9,-107615464.0,78.5,1,49,50,180,39322,39322,0,0,0.0,0.0,0.0,0.0,-0.0,67.0,0.0,162057.094,0.0,973,0,998,0,0,0,949,0,1020,0,922,0,789,0,779,0,822,0,7520,0.032,5.505200184497694e+19,0.0,0.0,784,16797,-0.0,162057.094,-114818.039,-0.0,0.133,6.909358625270745e+28,30.0,70.0,35,0.0,0.0,0.0,0.0,0.0,0.0,0.0,0.0,0.0,0.0,0.0,0.0,0.0,0.0,0.0,0.0,66.8,0,150,71,51,65476,0,300,0,0,8,20529,65476,0,0,44564,70.0,0.0,0.0,0.0,0.0,0.0
2026-09-10T21:40:01,ERR,ERR,ERR,ERR,ERR,ERR,ERR,ERR,ERR,ERR,ERR,ERR,ERR,ERR,ERR,ERR,ERR,ERR,ERR,ERR,ERR,ERR,ERR,ERR,ERR,ERR,ERR,ERR,ERR,ERR,ERR,ERR,ERR,ERR,ERR,ERR,ERR,ERR,ERR,ERR,ERR,ERR,ERR,ERR,ERR,ERR,ERR,ERR,ERR,ERR,ERR,ERR,ERR,ERR,ERR,ERR,ERR,ERR,ERR,ERR,ERR,ERR,ERR,ERR,ERR,ERR,ERR,ERR,ERR,ERR,ERR,ERR,ERR,ERR,ERR,ERR,ERR,ERR,ERR,ERR,ERR,ERR,ERR,ERR,ERR,ERR,ERR,ERR,ERR,ERR,ERR,ERR,ERR,ERR,ERR,ERR,ERR,ERR,ERR,ERR,ERR,ERR,ERR,ERR,ERR,ERR,ERR,ERR,ERR,ERR,ERR,ERR,ERR,ERR,ERR,ERR,ERR,ERR,ERR,ERR,ERR,ERR,ERR,ERR,ERR,0.0,0.0,2.6474835549302285e+23,0.0,0.0,1.3936040501711995e+18,7.805,0.0,0,0,4,0,7116,0.0,100,0.0,0.0,0.0,0.0,0.0,0,0,0,0,0.0,0,0,0,0,0,0,0,0,0,0,0,0,0,0,0,0,0,0,0,0,0,0,0,0,0,0,0,0,0,0,0,0,0,31,40,40,71,65476,0,300,0,0,8,21553,0.0,-107605600.0,0.0,0.0,0.0,0.0,0.0,0.0,0.0,0.0,0.0,0.0,0.0,0.0,0.0,0.0,0.0,0.0,0.0,0.0,0.0,0.0,-2.004,0.0,-0.0,0.0,0.0,0.0,0.0,0.0,4495.0,-8608165888.0,6938.0,0.0,0.0,-107615168.0,-0.0,0.0,0.0,0.0,0.0,69,-1.905698635870372e+17,0.059,0.0,0.0,0.0,0.0,0.0,0.0,0.0,0,0,0,0.0,0.0,0.0,0.0,0.0,0.0,0.0,0.0,0.0,0.0,0.0,0.0,0.0,0.0,0.0,0.0,0,-107875648.0,69,0.0,138,0.0,2.6474720257151824e+23,0,52429,17085,0,17100,26215,17080,0,0,0,70,68,100,2.7302399002429377e+23,82.4,-107615448.0,77.9,-107615464.0,78.5,1,49,50,180,39322,39322,0,0,0.0,0.0,0.0,0.0,-0.0,67.0,0.0,162057.094,0.0,973,0,998,0,0,0,949,0,1020,0,922,0,789,0,779,0,822,0,7520,0.032,5.505200184497694e+19,0.0,0.0,784,16797,-0.0,162057.094,-114818.039,-0.0,0.133,6.909358625270745e+28,30.0,70.0,35,0.0,0.0,0.0,0.0,0.0,0.0,0.0,0.0,0.0,0.0,0.0,0.0,0.0,0.0,0.0,0.0,66.4,0,150,71,51,65476,0,300,0,0,8,20529,65476,0,0,44564,70.0,0.0,0.0,0.0,0.0,0.0
2026-09-10T21:40:02,ERR,ERR,ERR,ERR,ERR,ERR,ERR,ERR,ERR,ERR,ERR,ERR,ERR,ERR,ERR,ERR,ERR,ERR,ERR,ERR,ERR,ERR,ERR,ERR,ERR,ERR,ERR,ERR,ERR,ERR,ERR,ERR,ERR,ERR,ERR,ERR,ERR,ERR,ERR,ERR,ERR,ERR,ERR,ERR,ERR,ERR,ERR,ERR,ERR,ERR,ERR,ERR,ERR,ERR,ERR,ERR,ERR,ERR,ERR,ERR,ERR,ERR,ERR,ERR,ERR,ERR,ERR,ERR,ERR,ERR,ERR,ERR,ERR,ERR,ERR,ERR,ERR,ERR,ERR,ERR,ERR,ERR,ERR,ERR,ERR,ERR,ERR,ERR,ERR,ERR,ERR,ERR,ERR,ERR,ERR,ERR,ERR,ERR,ERR,ERR,ERR,ERR,ERR,ERR,ERR,ERR,ERR,ERR,ERR,ERR,ERR,ERR,ERR,ERR,ERR,ERR,ERR,ERR,ERR,ERR,ERR,ERR,ERR,ERR,ERR,0.0,0.0,2.6474835549302285e+23,0.0,0.0,1.3936040501711995e+18,7.805,0.0,0,0,4,0,7116,0.0,100,0.0,0.0,0.0,0.0,0.0,0,0,0,0,0.0,0,0,0,0,0,0,0,0,0,0,0,0,0,0,0,0,0,0,0,0,0,0,0,0,0,0,0,0,0,0,0,0,0,31,40,40,71,65476,0,300,0,0,8,21553,0.0,-107605600.0,0.0,0.0,0.0,0.0,0.0,0.0,0.0,0.0,0.0,0.0,0.0,0.0,0.0,0.0,0.0,0.0,0.0,0.0,0.0,0.0,-2.004,0.0,-0.0,0.0,0.0,0.0,0.0,0.0,4495.0,-8608165888.0,6938.0,0.0,0.0,-107615168.0,-0.0,0.0,0.0,0.0,0.0,69,-1.905698635870372e+17,0.059,0.0,0.0,0.0,0.0,0.0,0.0,0.0,0,0,0,0.0,0.0,0.0,0.0,0.0,0.0,0.0,0.0,0.0,0.0,0.0,0.0,0.0,0.0,0.0,0.0,0,-107875648.0,69,0.0,138,0.0,2.6474720257151824e+23,0,52429,17085,0,17100,26215,17080,0,0,0,70,68,100,2.7302399002429377e+23,82.4,-107615448.0,77.9,-107615464.0,78.5,1,49,50,180,39322,39322,0,0,0.0,0.0,0.0,0.0,-0.0,67.0,0.0,162057.094,0.0,973,0,998,0,0,0,949,0,1020,0,922,0,789,0,779,0,822,0,7520,0.032,5.505200184497694e+19,0.0,0.0,784,16797,-0.0,162057.094,-114818.039,-0.0,0.133,6.909358625270745e+28,30.0,70.0,35,0.0,0.0,0.0,0.0,0.0,0.0,0.0,0.0,0.0,0.0,0.0,0.0,0.0,0.0,0.0,0.0,66.4,0,150,71,51,65476,0,300,0,0,8,20529,65476,0,0,44564,70.0,0.0,0.0,0.0,0.0,0.0
2026-09-10T21:40:03,ERR,ERR,ERR,ERR,ERR,ERR,ERR,ERR,ERR,ERR,ERR,ERR,ERR,ERR,ERR,ERR,ERR,ERR,ERR,ERR,ERR,ERR,ERR,ERR,ERR,ERR,ERR,ERR,ERR,ERR,ERR,ERR,ERR,ERR,ERR,ERR,ERR,ERR,ERR,ERR,ERR,ERR,ERR,ERR,ERR,ERR,ERR,ERR,ERR,ERR,ERR,ERR,ERR,ERR,ERR,ERR,ERR,ERR,ERR,ERR,ERR,ERR,ERR,ERR,ERR,ERR,ERR,ERR,ERR,ERR,ERR,ERR,ERR,ERR,ERR,ERR,ERR,ERR,ERR,ERR,ERR,ERR,ERR,ERR,ERR,ERR,ERR,ERR,ERR,ERR,ERR,ERR,ERR,ERR,ERR,ERR,ERR,ERR,ERR,ERR,ERR,ERR,ERR,ERR,ERR,ERR,ERR,ERR,ERR,ERR,ERR,ERR,ERR,ERR,ERR,ERR,ERR,ERR,ERR,ERR,ERR,ERR,ERR,ERR,ERR,0.0,0.0,2.6474835549302285e+23,0.0,0.0,1.3936040501711995e+18,7.805,0.0,0,0,4,0,7116,0.0,100,0.0,0.0,0.0,0.0,0.0,0,0,0,0,0.0,0,0,0,0,0,0,0,0,0,0,0,0,0,0,0,0,0,0,0,0,0,0,0,0,0,0,0,0,0,0,0,0,0,31,40,40,71,65476,0,300,0,0,8,21553,0.0,-107605600.0,0.0,0.0,0.0,0.0,0.0,0.0,0.0,0.0,0.0,0.0,0.0,0.0,0.0,0.0,0.0,0.0,0.0,0.0,0.0,0.0,-2.004,0.0,-0.0,0.0,0.0,0.0,0.0,0.0,4495.0,-8608165888.0,6938.0,0.0,0.0,-107615168.0,-0.0,0.0,0.0,0.0,0.0,69,-1.905698635870372e+17,0.059,0.0,0.0,0.0,0.0,0.0,0.0,0.0,0,0,0,0.0,0.0,0.0,0.0,0.0,0.0,0.0,0.0,0.0,0.0,0.0,0.0,0.0,0.0,0.0,0.0,0,-107875648.0,69,0.0,138,0.0,2.6474720257151824e+23,0,52429,17085,0,17100,26215,17080,0,0,0,70,68,100,2.7302399002429377e+23,82.4,-107615448.0,77.9,-107615464.0,78.5,1,49,50,180,39322,39322,0,0,0.0,0.0,0.0,0.0,-0.0,67.0,0.0,162057.094,0.0,973,0,998,0,0,0,949,0,1020,0,922,0,789,0,779,0,822,0,7520,0.032,5.505200184497694e+19,0.0,0.0,784,16797,-0.0,162057.094,-114818.039,-0.0,0.133,6.909358625270745e+28,30.0,70.0,35,0.0,0.0,0.0,0.0,0.0,0.0,0.0,0.0,0.0,0.0,0.0,0.0,0.0,0.0,0.0,0.0,66.4,0,150,71,51,65476,0,300,0,0,8,20529,65476,0,0,44564,70.0,0.0,0.0,0.0,0.0,0.0
2026-09-10T21:40:04,ERR,ERR,ERR,ERR,ERR,ERR,ERR,ERR,ERR,ERR,ERR,ERR,ERR,ERR,ERR,ERR,ERR,ERR,ERR,ERR,ERR,ERR,ERR,ERR,ERR,ERR,ERR,ERR,ERR,ERR,ERR,ERR,ERR,ERR,ERR,ERR,ERR,ERR,ERR,ERR,ERR,ERR,ERR,ERR,ERR,ERR,ERR,ERR,ERR,ERR,ERR,ERR,ERR,ERR,ERR,ERR,ERR,ERR,ERR,ERR,ERR,ERR,ERR,ERR,ERR,ERR,ERR,ERR,ERR,ERR,ERR,ERR,ERR,ERR,ERR,ERR,ERR,ERR,ERR,ERR,ERR,ERR,ERR,ERR,ERR,ERR,ERR,ERR,ERR,ERR,ERR,ERR,ERR,ERR,ERR,ERR,ERR,ERR,ERR,ERR,ERR,ERR,ERR,ERR,ERR,ERR,ERR,ERR,ERR,ERR,ERR,ERR,ERR,ERR,ERR,ERR,ERR,ERR,ERR,ERR,ERR,ERR,ERR,ERR,ERR,0.0,0.0,2.6474835549302285e+23,0.0,0.0,1.3936040501711995e+18,7.805,0.0,0,0,4,0,7116,0.0,100,0.0,0.0,0.0,0.0,0.0,0,0,0,0,0.0,0,0,0,0,0,0,0,0,0,0,0,0,0,0,0,0,0,0,0,0,0,0,0,0,0,0,0,0,0,0,0,0,0,31,40,40,71,65476,0,300,0,0,8,21553,0.0,-107605600.0,0.0,0.0,0.0,0.0,0.0,0.0,0.0,0.0,0.0,0.0,0.0,0.0,0.0,0.0,0.0,0.0,0.0,0.0,0.0,0.0,-2.004,0.0,-0.0,0.0,0.0,0.0,0.0,0.0,4495.0,-8608165888.0,6938.0,0.0,0.0,-107615168.0,-0.0,0.0,0.0,0.0,0.0,69,-1.905698635870372e+17,0.059,0.0,0.0,0.0,0.0,0.0,0.0,0.0,0,0,0,0.0,0.0,0.0,0.0,0.0,0.0,0.0,0.0,0.0,0.0,0.0,0.0,0.0,0.0,0.0,0.0,0,-107875648.0,69,0.0,138,0.0,2.6474720257151824e+23,0,52429,17085,0,17100,26215,17080,0,0,0,70,68,100,2.7302399002429377e+23,82.4,-107615448.0,77.9,-107615464.0,78.5,1,49,50,180,39322,39322,0,0,0.0,0.0,0.0,0.0,-0.0,67.0,0.0,162057.094,0.0,973,0,998,0,0,0,949,0,1020,0,922,0,789,0,779,0,822,0,7520,0.032,5.505200184497694e+19,0.0,0.0,784,16797,-0.0,162057.094,-114818.039,-0.0,0.133,6.909358625270745e+28,30.0,70.0,35,0.0,0.0,0.0,0.0,0.0,0.0,0.0,0.0,0.0,0.0,0.0,0.0,0.0,0.0,0.0,0.0,66.4,0,150,71,51,65476,0,300,0,0,8,20529,65476,0,0,44564,70.0,0.0,0.0,0.0,0.0,0.0
2026-09-10T21:40:05,ERR,ERR,ERR,ERR,ERR,ERR,ERR,ERR,ERR,ERR,ERR,ERR,ERR,ERR,ERR,ERR,ERR,ERR,ERR,ERR,ERR,ERR,ERR,ERR,ERR,ERR,ERR,ERR,ERR,ERR,ERR,ERR,ERR,ERR,ERR,ERR,ERR,ERR,ERR,ERR,ERR,ERR,ERR,ERR,ERR,ERR,ERR,ERR,ERR,ERR,ERR,ERR,ERR,ERR,ERR,ERR,ERR,ERR,ERR,ERR,ERR,ERR,ERR,ERR,ERR,ERR,ERR,ERR,ERR,ERR,ERR,ERR,ERR,ERR,ERR,ERR,ERR,ERR,ERR,ERR,ERR,ERR,ERR,ERR,ERR,ERR,ERR,ERR,ERR,ERR,ERR,ERR,ERR,ERR,ERR,ERR,ERR,ERR,ERR,ERR,ERR,ERR,ERR,ERR,ERR,ERR,ERR,ERR,ERR,ERR,ERR,ERR,ERR,ERR,ERR,ERR,ERR,ERR,ERR,ERR,ERR,ERR,ERR,ERR,ERR,0.0,0.0,2.6474835549302285e+23,0.0,0.0,1.3936040501711995e+18,7.805,0.0,0,0,4,0,7116,0.0,100,0.0,0.0,0.0,0.0,0.0,0,0,0,0,0.0,0,0,0,0,0,0,0,0,0,0,0,0,0,0,0,0,0,0,0,0,0,0,0,0,0,0,0,0,0,0,0,0,0,31,40,40,71,65476,0,300,0,0,8,21553,0.0,-107605600.0,0.0,0.0,0.0,0.0,0.0,0.0,0.0,0.0,0.0,0.0,0.0,0.0,0.0,0.0,0.0,0.0,0.0,0.0,0.0,0.0,-2.004,0.0,-0.0,0.0,0.0,0.0,0.0,0.0,4495.0,-8608165888.0,6938.0,0.0,0.0,-107615168.0,-0.0,0.0,0.0,0.0,0.0,69,-1.905698635870372e+17,0.059,0.0,0.0,0.0,0.0,0.0,0.0,0.0,0,0,0,0.0,0.0,0.0,0.0,0.0,0.0,0.0,0.0,0.0,0.0,0.0,0.0,0.0,0.0,0.0,0.0,0,-107875648.0,69,0.0,138,0.0,2.6474720257151824e+23,0,52429,17085,0,17100,26215,17080,0,0,0,70,68,100,2.7302399002429377e+23,82.4,-107615448.0,77.9,-107615464.0,78.5,1,49,50,180,39322,39322,0,0,0.0,0.0,0.0,0.0,-0.0,67.0,0.0,162057.094,0.0,973,0,998,0,0,0,949,0,1020,0,922,0,789,0,779,0,822,0,7520,0.032,5.505200184497694e+19,0.0,0.0,784,16797,-0.0,162057.094,-114818.039,-0.0,0.133,6.909358625270745e+28,30.0,70.0,35,0.0,0.0,0.0,0.0,0.0,0.0,0.0,0.0,0.0,0.0,0.0,0.0,0.0,0.0,0.0,0.0,66.4,0,150,71,51,65476,0,300,0,0,8,20529,65476,0,0,44564,70.0,0.0,0.0,0.0,0.0,0.0
2026-09-10T21:40:06,ERR,ERR,ERR,ERR,ERR,ERR,ERR,ERR,ERR,ERR,ERR,ERR,ERR,ERR,ERR,ERR,ERR,ERR,ERR,ERR,ERR,ERR,ERR,ERR,ERR,ERR,ERR,ERR,ERR,ERR,ERR,ERR,ERR,ERR,ERR,ERR,ERR,ERR,ERR,ERR,ERR,ERR,ERR,ERR,ERR,ERR,ERR,ERR,ERR,ERR,ERR,ERR,ERR,ERR,ERR,ERR,ERR,ERR,ERR,ERR,ERR,ERR,ERR,ERR,ERR,ERR,ERR,ERR,ERR,ERR,ERR,ERR,ERR,ERR,ERR,ERR,ERR,ERR,ERR,ERR,ERR,ERR,ERR,ERR,ERR,ERR,ERR,ERR,ERR,ERR,ERR,ERR,ERR,ERR,ERR,ERR,ERR,ERR,ERR,ERR,ERR,ERR,ERR,ERR,ERR,ERR,ERR,ERR,ERR,ERR,ERR,ERR,ERR,ERR,ERR,ERR,ERR,ERR,ERR,ERR,ERR,ERR,ERR,ERR,ERR,0.0,0.0,2.6474835549302285e+23,0.0,0.0,1.3936040501711995e+18,7.805,0.0,0,0,4,0,7116,0.0,100,0.0,0.0,0.0,0.0,0.0,0,0,0,0,0.0,0,0,0,0,0,0,0,0,0,0,0,0,0,0,0,0,0,0,0,0,0,0,0,0,0,0,0,0,0,0,0,0,0,31,40,40,71,65476,0,300,0,0,8,21553,0.0,-107605600.0,0.0,0.0,0.0,0.0,0.0,0.0,0.0,0.0,0.0,0.0,0.0,0.0,0.0,0.0,0.0,0.0,0.0,0.0,0.0,0.0,-2.004,0.0,-0.0,0.0,0.0,0.0,0.0,0.0,4495.0,-8608165888.0,6938.0,0.0,0.0,-107615168.0,-0.0,0.0,0.0,0.0,0.0,69,-1.905698635870372e+17,0.059,0.0,0.0,0.0,0.0,0.0,0.0,0.0,0,0,0,0.0,0.0,0.0,0.0,0.0,0.0,0.0,0.0,0.0,0.0,0.0,0.0,0.0,0.0,0.0,0.0,0,-107875648.0,69,0.0,138,0.0,2.6474720257151824e+23,0,52429,17085,0,17100,26215,17080,0,0,0,70,68,100,2.7302399002429377e+23,82.4,-107615448.0,77.9,-107615464.0,78.5,1,49,50,180,39322,39322,0,0,0.0,0.0,0.0,0.0,-0.0,67.0,0.0,162057.094,0.0,973,0,998,0,0,0,949,0,1020,0,922,0,789,0,779,0,822,0,7520,0.032,5.505200184497694e+19,0.0,0.0,784,16797,-0.0,162057.094,-114818.039,-0.0,0.133,6.909358625270745e+28,30.0,70.0,35,0.0,0.0,0.0,0.0,0.0,0.0,0.0,0.0,0.0,0.0,0.0,0.0,0.0,0.0,0.0,0.0,66.4,0,150,71,51,65476,0,300,0,0,8,20529,65476,0,0,44564,70.0,0.0,0.0,0.0,0.0,0.0
2026-09-10T21:40:07,ERR,ERR,ERR,ERR,ERR,ERR,ERR,ERR,ERR,ERR,ERR,ERR,ERR,ERR,ERR,ERR,ERR,ERR,ERR,ERR,ERR,ERR,ERR,ERR,ERR,ERR,ERR,ERR,ERR,ERR,ERR,ERR,ERR,ERR,ERR,ERR,ERR,ERR,ERR,ERR,ERR,ERR,ERR,ERR,ERR,ERR,ERR,ERR,ERR,ERR,ERR,ERR,ERR,ERR,ERR,ERR,ERR,ERR,ERR,ERR,ERR,ERR,ERR,ERR,ERR,ERR,ERR,ERR,ERR,ERR,ERR,ERR,ERR,ERR,ERR,ERR,ERR,ERR,ERR,ERR,ERR,ERR,ERR,ERR,ERR,ERR,ERR,ERR,ERR,ERR,ERR,ERR,ERR,ERR,ERR,ERR,ERR,ERR,ERR,ERR,ERR,ERR,ERR,ERR,ERR,ERR,ERR,ERR,ERR,ERR,ERR,ERR,ERR,ERR,ERR,ERR,ERR,ERR,ERR,ERR,ERR,ERR,ERR,ERR,ERR,0.0,0.0,2.6474835549302285e+23,0.0,0.0,1.3936040501711995e+18,7.805,0.0,0,0,4,0,7116,0.0,100,0.0,0.0,0.0,0.0,0.0,0,0,0,0,0.0,0,0,0,0,0,0,0,0,0,0,0,0,0,0,0,0,0,0,0,0,0,0,0,0,0,0,0,0,0,0,0,0,0,31,40,40,71,65476,0,300,0,0,8,21553,0.0,-107605600.0,0.0,0.0,0.0,0.0,0.0,0.0,0.0,0.0,0.0,0.0,0.0,0.0,0.0,0.0,0.0,0.0,0.0,0.0,0.0,0.0,-2.004,0.0,-0.0,0.0,0.0,0.0,0.0,0.0,4495.0,-8608165888.0,6938.0,0.0,0.0,-107615168.0,-0.0,0.0,0.0,0.0,0.0,69,-1.905698635870372e+17,0.059,0.0,0.0,0.0,0.0,0.0,0.0,0.0,0,0,0,0.0,0.0,0.0,0.0,0.0,0.0,0.0,0.0,0.0,0.0,0.0,0.0,0.0,0.0,0.0,0.0,0,-107875648.0,69,0.0,138,0.0,2.6474720257151824e+23,0,52429,17085,0,17100,26215,17080,0,0,0,70,68,100,2.7302399002429377e+23,82.4,-107615448.0,77.9,-107615464.0,78.5,1,49,50,180,39322,39322,0,0,0.0,0.0,0.0,0.0,-0.0,67.0,0.0,162057.094,0.0,973,0,998,0,0,0,949,0,1020,0,922,0,789,0,779,0,822,0,7520,0.032,5.505200184497694e+19,0.0,0.0,784,16797,-0.0,162057.094,-114818.039,-0.0,0.133,6.909358625270745e+28,30.0,70.0,35,0.0,0.0,0.0,0.0,0.0,0.0,0.0,0.0,0.0,0.0,0.0,0.0,0.0,0.0,0.0,0.0,66.4,0,150,71,51,65476,0,300,0,0,8,20529,65476,0,0,44564,70.0,0.0,0.0,0.0,0.0,0.0
2026-09-10T21:40:08,ERR,ERR,ERR,ERR,ERR,ERR,ERR,ERR,ERR,ERR,ERR,ERR,ERR,ERR,ERR,ERR,ERR,ERR,ERR,ERR,ERR,ERR,ERR,ERR,ERR,ERR,ERR,ERR,ERR,ERR,ERR,ERR,ERR,ERR,ERR,ERR,ERR,ERR,ERR,ERR,ERR,ERR,ERR,ERR,ERR,ERR,ERR,ERR,ERR,ERR,ERR,ERR,ERR,ERR,ERR,ERR,ERR,ERR,ERR,ERR,ERR,ERR,ERR,ERR,ERR,ERR,ERR,ERR,ERR,ERR,ERR,ERR,ERR,ERR,ERR,ERR,ERR,ERR,ERR,ERR,ERR,ERR,ERR,ERR,ERR,ERR,ERR,ERR,ERR,ERR,ERR,ERR,ERR,ERR,ERR,ERR,ERR,ERR,ERR,ERR,ERR,ERR,ERR,ERR,ERR,ERR,ERR,ERR,ERR,ERR,ERR,ERR,ERR,ERR,ERR,ERR,ERR,ERR,ERR,ERR,ERR,ERR,ERR,ERR,ERR,0.0,0.0,0.0,0.0,0.0,1.3936040501711995e+18,7.805,0.0,0,0,4,0,7116,0.0,100,0.0,0.0,0.0,0.0,0.0,0,0,0,0,0.0,0,0,0,0,0,0,0,0,0,0,0,0,0,0,0,0,0,0,0,0,0,0,0,0,0,0,0,0,0,0,0,0,0,31,40,40,71,65476,0,300,0,0,8,21553,0.0,-107605600.0,0.0,0.0,0.0,0.0,0.0,0.0,0.0,0.0,0.0,0.0,0.0,0.0,0.0,0.0,0.0,0.0,0.0,0.0,0.0,0.0,-2.004,2.004,-0.0,0.0,0.0,0.0,0.0,0.0,4491.0,-8608165888.0,6938.0,0.0,0.0,-107615168.0,-0.0,0.0,0.0,0.0,0.0,69,-126841143296.0,0.059,0.0,0.0,0.0,0.0,0.0,0.0,0.0,0,0,0,0.0,0.0,0.0,0.0,0.0,0.0,0.0,0.0,0.0,0.0,0.0,0.0,0.0,0.0,0.0,0.0,0,-107875648.0,69,0.0,138,0.0,2.6474720257151824e+23,0,52429,17085,0,17100,26215,17080,0,0,0,70,68,100,2.7302399002429377e+23,82.4,-107615448.0,77.9,-107615464.0,78.5,1,49,50,180,39322,39322,0,0,0.0,0.0,0.0,0.0,-0.0,67.0,0.0,162057.094,0.0,973,0,998,0,0,0,949,0,1020,0,922,0,789,0,779,0,822,0,7520,0.032,5.5340232221128655e+19,0.0,0.0,784,16797,-0.0,162057.094,-114818.039,-0.0,0.133,6.909358625270745e+28,30.0,70.0,35,0.0,0.0,0.0,0.0,0.0,0.0,0.0,0.0,0.0,0.0,0.0,0.0,0.0,0.0,0.0,0.0,66.4,0,150,71,51,65476,0,300,0,0,8,20529,65476,0,0,44564,70.0,0.0,0.0,0.0,0.0,0.0
2026-09-10T21:40:09,ERR,ERR,ERR,ERR,ERR,ERR,ERR,ERR,ERR,ERR,ERR,ERR,ERR,ERR,ERR,ERR,ERR,ERR,ERR,ERR,ERR,ERR,ERR,ERR,ERR,ERR,ERR,ERR,ERR,ERR,ERR,ERR,ERR,ERR,ERR,ERR,ERR,ERR,ERR,ERR,ERR,ERR,ERR,ERR,ERR,ERR,ERR,ERR,ERR,ERR,ERR,ERR,ERR,ERR,ERR,ERR,ERR,ERR,ERR,ERR,ERR,ERR,ERR,ERR,ERR,ERR,ERR,ERR,ERR,ERR,ERR,ERR,ERR,ERR,ERR,ERR,ERR,ERR,ERR,ERR,ERR,ERR,ERR,ERR,ERR,ERR,ERR,ERR,ERR,ERR,ERR,ERR,ERR,ERR,ERR,ERR,ERR,ERR,ERR,ERR,ERR,ERR,ERR,ERR,ERR,ERR,ERR,ERR,ERR,ERR,ERR,ERR,ERR,ERR,ERR,ERR,ERR,ERR,ERR,ERR,ERR,ERR,ERR,ERR,ERR,0.0,0.0,0.0,0.0,0.0,1.3936040501711995e+18,7.805,0.0,0,0,4,0,7116,0.0,100,0.0,0.0,0.0,0.0,0.0,0,0,0,0,0.0,0,0,0,0,0,0,0,0,0,0,0,0,0,0,0,0,0,0,0,0,0,0,0,0,0,0,0,0,0,0,0,0,0,31,40,40,71,65476,0,300,0,0,8,21553,0.0,-107605600.0,0.0,0.0,0.0,0.0,0.0,0.0,0.0,0.0,0.0,0.0,0.0,0.0,0.0,0.0,0.0,0.0,0.0,0.0,0.0,0.0,-2.004,2.004,-0.0,0.0,0.0,0.0,0.0,0.0,4491.0,-8608165888.0,6938.0,0.0,0.0,-107615168.0,-0.0,0.0,0.0,0.0,0.0,69,-126841143296.0,0.059,0.0,0.0,0.0,0.0,0.0,0.0,0.0,0,0,0,0.0,0.0,0.0,0.0,0.0,0.0,0.0,0.0,0.0,0.0,0.0,0.0,0.0,0.0,0.0,0.0,0,-107875648.0,69,0.0,138,0.0,2.6474720257151824e+23,0,52429,17085,0,17100,26215,17080,0,0,0,70,68,100,2.7302399002429377e+23,82.4,-107615448.0,77.9,-107615464.0,78.5,1,49,50,180,39322,39322,0,0,0.0,0.0,0.0,0.0,-0.0,67.0,0.0,162057.094,0.0,973,0,998,0,0,0,949,0,1020,0,922,0,789,0,779,0,822,0,7520,0.032,5.5340232221128655e+19,0.0,0.0,784,16797,-0.0,162057.094,-114818.039,-0.0,0.133,6.909358625270745e+28,30.0,70.0,35,0.0,0.0,0.0,0.0,0.0,0.0,0.0,0.0,0.0,0.0,0.0,0.0,0.0,0.0,0.0,0.0,66.4,0,150,71,51,65476,0,300,0,0,8,20529,65476,0,0,44564,70.0,0.0,0.0,0.0,0.0,0.0
2026-09-10T21:40:10,ERR,ERR,ERR,ERR,ERR,ERR,ERR,ERR,ERR,ERR,ERR,ERR,ERR,ERR,ERR,ERR,ERR,ERR,ERR,ERR,ERR,ERR,ERR,ERR,ERR,ERR,ERR,ERR,ERR,ERR,ERR,ERR,ERR,ERR,ERR,ERR,ERR,ERR,ERR,ERR,ERR,ERR,ERR,ERR,ERR,ERR,ERR,ERR,ERR,ERR,ERR,ERR,ERR,ERR,ERR,ERR,ERR,ERR,ERR,ERR,ERR,ERR,ERR,ERR,ERR,ERR,ERR,ERR,ERR,ERR,ERR,ERR,ERR,ERR,ERR,ERR,ERR,ERR,ERR,ERR,ERR,ERR,ERR,ERR,ERR,ERR,ERR,ERR,ERR,ERR,ERR,ERR,ERR,ERR,ERR,ERR,ERR,ERR,ERR,ERR,ERR,ERR,ERR,ERR,ERR,ERR,ERR,ERR,ERR,ERR,ERR,ERR,ERR,ERR,ERR,ERR,ERR,ERR,ERR,ERR,ERR,ERR,ERR,ERR,ERR,0.0,0.0,0.0,0.0,0.0,1.3936040501711995e+18,7.805,0.0,0,0,4,0,7116,0.0,100,0.0,0.0,0.0,0.0,0.0,0,0,0,0,0.0,0,0,0,0,0,0,0,0,0,0,0,0,0,0,0,0,0,0,0,0,0,0,0,0,0,0,0,0,0,0,0,0,0,31,40,40,71,65476,0,300,0,0,8,21553,0.0,-107605600.0,0.0,0.0,0.0,0.0,0.0,0.0,0.0,0.0,0.0,0.0,0.0,0.0,0.0,0.0,0.0,0.0,0.0,0.0,0.0,0.0,-2.004,2.004,-0.0,0.0,0.0,0.0,0.0,0.0,4491.0,-8608165888.0,6938.0,0.0,0.0,-107615168.0,-0.0,0.0,0.0,0.0,0.0,69,-126841143296.0,0.059,0.0,0.0,0.0,0.0,0.0,0.0,0.0,0,0,0,0.0,0.0,0.0,0.0,0.0,0.0,0.0,0.0,0.0,0.0,0.0,0.0,0.0,0.0,0.0,0.0,0,-107875648.0,69,0.0,138,0.0,2.6474720257151824e+23,0,52429,17085,0,17100,26215,17080,0,0,0,70,68,100,2.7302399002429377e+23,82.4,-107615448.0,77.9,-107615464.0,78.5,1,49,50,180,39322,39322,0,0,0.0,0.0,0.0,0.0,-0.0,67.0,0.0,162057.094,0.0,973,0,998,0,0,0,949,0,1020,0,922,0,789,0,779,0,822,0,7520,0.032,5.5340232221128655e+19,0.0,0.0,784,16797,-0.0,162057.094,-114818.039,-0.0,0.133,6.909358625270745e+28,30.0,70.0,35,0.0,0.0,0.0,0.0,0.0,0.0,0.0,0.0,0.0,0.0,0.0,0.0,0.0,0.0,0.0,0.0,66.4,0,150,71,51,65476,0,300,0,0,8,20529,65476,0,0,44564,70.0,0.0,0.0,0.0,0.0,0.0
2026-09-10T21:40:11,ERR,ERR,ERR,ERR,ERR,ERR,ERR,ERR,ERR,ERR,ERR,ERR,ERR,ERR,ERR,ERR,ERR,ERR,ERR,ERR,ERR,ERR,ERR,ERR,ERR,ERR,ERR,ERR,ERR,ERR,ERR,ERR,ERR,ERR,ERR,ERR,ERR,ERR,ERR,ERR,ERR,ERR,ERR,ERR,ERR,ERR,ERR,ERR,ERR,ERR,ERR,ERR,ERR,ERR,ERR,ERR,ERR,ERR,ERR,ERR,ERR,ERR,ERR,ERR,ERR,ERR,ERR,ERR,ERR,ERR,ERR,ERR,ERR,ERR,ERR,ERR,ERR,ERR,ERR,ERR,ERR,ERR,ERR,ERR,ERR,ERR,ERR,ERR,ERR,ERR,ERR,ERR,ERR,ERR,ERR,ERR,ERR,ERR,ERR,ERR,ERR,ERR,ERR,ERR,ERR,ERR,ERR,ERR,ERR,ERR,ERR,ERR,ERR,ERR,ERR,ERR,ERR,ERR,ERR,ERR,ERR,ERR,ERR,ERR,ERR,0.0,0.0,0.0,0.0,0.0,1.3936040501711995e+18,7.805,0.0,0,0,4,0,7116,0.0,100,0.0,0.0,0.0,0.0,0.0,0,0,0,0,0.0,0,0,0,0,0,0,0,0,0,0,0,0,0,0,0,0,0,0,0,0,0,0,0,0,0,0,0,0,0,0,0,0,0,31,40,40,71,65476,0,300,0,0,8,21553,0.0,-107605600.0,0.0,0.0,0.0,0.0,0.0,0.0,0.0,0.0,0.0,0.0,0.0,0.0,0.0,0.0,0.0,0.0,0.0,0.0,0.0,0.0,-2.004,2.004,-0.0,0.0,0.0,0.0,0.0,0.0,4491.0,-8608165888.0,6938.0,0.0,0.0,-107615168.0,-0.0,0.0,0.0,0.0,0.0,69,-126841143296.0,0.059,0.0,0.0,0.0,0.0,0.0,0.0,0.0,0,0,0,0.0,0.0,0.0,0.0,0.0,0.0,0.0,0.0,0.0,0.0,0.0,0.0,0.0,0.0,0.0,0.0,0,-107875648.0,69,0.0,138,0.0,2.6474720257151824e+23,0,52429,17085,0,17100,26215,17080,0,0,0,70,68,100,2.7302399002429377e+23,82.4,-107615448.0,77.9,-107615464.0,78.5,1,49,50,180,39322,39322,0,0,0.0,0.0,0.0,0.0,-0.0,67.0,0.0,162057.094,0.0,973,0,998,0,0,0,949,0,1020,0,922,0,789,0,779,0,822,0,7520,0.032,5.5340232221128655e+19,0.0,0.0,784,16797,-0.0,162057.094,-114818.039,-0.0,0.133,6.909358625270745e+28,30.0,70.0,35,0.0,0.0,0.0,0.0,0.0,0.0,0.0,0.0,0.0,0.0,0.0,0.0,0.0,0.0,0.0,0.0,66.4,0,150,71,51,65476,0,300,0,0,8,20529,65476,0,0,44564,70.0,0.0,0.0,0.0,0.0,0.0
2026-09-10T21:40:12,ERR,ERR,ERR,ERR,ERR,ERR,ERR,ERR,ERR,ERR,ERR,ERR,ERR,ERR,ERR,ERR,ERR,ERR,ERR,ERR,ERR,ERR,ERR,ERR,ERR,ERR,ERR,ERR,ERR,ERR,ERR,ERR,ERR,ERR,ERR,ERR,ERR,ERR,ERR,ERR,ERR,ERR,ERR,ERR,ERR,ERR,ERR,ERR,ERR,ERR,ERR,ERR,ERR,ERR,ERR,ERR,ERR,ERR,ERR,ERR,ERR,ERR,ERR,ERR,ERR,ERR,ERR,ERR,ERR,ERR,ERR,ERR,ERR,ERR,ERR,ERR,ERR,ERR,ERR,ERR,ERR,ERR,ERR,ERR,ERR,ERR,ERR,ERR,ERR,ERR,ERR,ERR,ERR,ERR,ERR,ERR,ERR,ERR,ERR,ERR,ERR,ERR,ERR,ERR,ERR,ERR,ERR,ERR,ERR,ERR,ERR,ERR,ERR,ERR,ERR,ERR,ERR,ERR,ERR,ERR,ERR,ERR,ERR,ERR,ERR,0.0,0.0,0.0,0.0,0.0,1.3936040501711995e+18,7.805,0.0,0,0,4,0,7116,0.0,100,0.0,0.0,0.0,0.0,0.0,0,0,0,0,0.0,0,0,0,0,0,0,0,0,0,0,0,0,0,0,0,0,0,0,0,0,0,0,0,0,0,0,0,0,0,0,0,0,0,31,40,40,71,65476,0,300,0,0,8,21553,0.0,-107605600.0,0.0,0.0,0.0,0.0,0.0,0.0,0.0,0.0,0.0,0.0,0.0,0.0,0.0,0.0,0.0,0.0,0.0,0.0,0.0,0.0,-2.004,2.004,-0.0,0.0,0.0,0.0,0.0,0.0,4491.0,-8608165888.0,6938.0,0.0,0.0,-107615168.0,-0.0,0.0,0.0,0.0,0.0,69,-126841143296.0,0.059,0.0,0.0,0.0,0.0,0.0,0.0,0.0,0,0,0,0.0,0.0,0.0,0.0,0.0,0.0,0.0,0.0,0.0,0.0,0.0,0.0,0.0,0.0,0.0,0.0,0,-107875648.0,69,0.0,138,0.0,2.6474720257151824e+23,0,52429,17085,0,17100,26215,17080,0,0,0,70,68,100,2.7302399002429377e+23,82.4,-107615448.0,77.9,-107615464.0,78.5,1,49,50,180,39322,39322,0,0,0.0,0.0,0.0,0.0,-0.0,67.0,0.0,162057.094,0.0,973,0,998,0,0,0,949,0,1020,0,922,0,789,0,779,0,822,0,7520,0.032,5.5340232221128655e+19,0.0,0.0,784,16797,-0.0,162057.094,-114818.039,-0.0,0.133,6.909358625270745e+28,30.0,70.0,35,0.0,0.0,0.0,0.0,0.0,0.0,0.0,0.0,0.0,0.0,0.0,0.0,0.0,0.0,0.0,0.0,66.4,0,150,71,51,65476,0,300,0,0,8,20529,65476,0,0,44564,70.0,0.0,0.0,0.0,0.0,0.0
2026-09-10T21:40:13,ERR,ERR,ERR,ERR,ERR,ERR,ERR,ERR,ERR,ERR,ERR,ERR,ERR,ERR,ERR,ERR,ERR,ERR,ERR,ERR,ERR,ERR,ERR,ERR,ERR,ERR,ERR,ERR,ERR,ERR,ERR,ERR,ERR,ERR,ERR,ERR,ERR,ERR,ERR,ERR,ERR,ERR,ERR,ERR,ERR,ERR,ERR,ERR,ERR,ERR,ERR,ERR,ERR,ERR,ERR,ERR,ERR,ERR,ERR,ERR,ERR,ERR,ERR,ERR,ERR,ERR,ERR,ERR,ERR,ERR,ERR,ERR,ERR,ERR,ERR,ERR,ERR,ERR,ERR,ERR,ERR,ERR,ERR,ERR,ERR,ERR,ERR,ERR,ERR,ERR,ERR,ERR,ERR,ERR,ERR,ERR,ERR,ERR,ERR,ERR,ERR,ERR,ERR,ERR,ERR,ERR,ERR,ERR,ERR,ERR,ERR,ERR,ERR,ERR,ERR,ERR,ERR,ERR,ERR,ERR,ERR,ERR,ERR,ERR,ERR,0.0,0.0,0.0,0.0,0.0,1.3936040501711995e+18,7.805,0.0,0,0,4,0,7116,0.0,100,0.0,0.0,0.0,0.0,0.0,0,0,0,0,0.0,0,0,0,0,0,0,0,0,0,0,0,0,0,0,0,0,0,0,0,0,0,0,0,0,0,0,0,0,0,0,0,0,0,31,40,40,71,65476,0,300,0,0,8,21553,0.0,-107605600.0,0.0,0.0,0.0,0.0,0.0,0.0,0.0,0.0,0.0,0.0,0.0,0.0,0.0,0.0,0.0,0.0,0.0,0.0,0.0,0.0,-2.004,2.004,-0.0,0.0,0.0,0.0,0.0,0.0,4491.0,-8608165888.0,6938.0,0.0,0.0,-107615168.0,-0.0,0.0,0.0,0.0,0.0,69,-126841143296.0,0.059,0.0,0.0,0.0,0.0,0.0,0.0,0.0,0,0,0,0.0,0.0,0.0,0.0,0.0,0.0,0.0,0.0,0.0,0.0,0.0,0.0,0.0,0.0,0.0,0.0,0,-107875648.0,69,0.0,138,0.0,2.6474720257151824e+23,0,52429,17085,0,17100,26215,17080,0,0,0,70,68,100,2.7302399002429377e+23,82.4,-107615448.0,77.9,-107615464.0,78.5,1,49,50,180,39322,39322,0,0,0.0,0.0,0.0,0.0,-0.0,67.0,0.0,162057.094,0.0,973,0,998,0,0,0,949,0,1020,0,922,0,789,0,779,0,822,0,7520,0.032,5.5340232221128655e+19,0.0,0.0,784,16797,-0.0,162057.094,-114818.039,-0.0,0.133,6.909358625270745e+28,30.0,70.0,35,0.0,0.0,0.0,0.0,0.0,0.0,0.0,0.0,0.0,0.0,0.0,0.0,0.0,0.0,0.0,0.0,66.8,0,150,71,51,65476,0,300,0,0,8,20529,65476,0,0,44564,70.0,0.0,0.0,0.0,0.0,0.0
2026-09-10T21:40:14,ERR,ERR,ERR,ERR,ERR,ERR,ERR,ERR,ERR,ERR,ERR,ERR,ERR,ERR,ERR,ERR,ERR,ERR,ERR,ERR,ERR,ERR,ERR,ERR,ERR,ERR,ERR,ERR,ERR,ERR,ERR,ERR,ERR,ERR,ERR,ERR,ERR,ERR,ERR,ERR,ERR,ERR,ERR,ERR,ERR,ERR,ERR,ERR,ERR,ERR,ERR,ERR,ERR,ERR,ERR,ERR,ERR,ERR,ERR,ERR,ERR,ERR,ERR,ERR,ERR,ERR,ERR,ERR,ERR,ERR,ERR,ERR,ERR,ERR,ERR,ERR,ERR,ERR,ERR,ERR,ERR,ERR,ERR,ERR,ERR,ERR,ERR,ERR,ERR,ERR,ERR,ERR,ERR,ERR,ERR,ERR,ERR,ERR,ERR,ERR,ERR,ERR,ERR,ERR,ERR,ERR,ERR,ERR,ERR,ERR,ERR,ERR,ERR,ERR,ERR,ERR,ERR,ERR,ERR,ERR,ERR,ERR,ERR,ERR,ERR,0.0,0.0,0.0,0.0,0.0,1.3936040501711995e+18,7.805,0.0,0,0,4,0,7116,0.0,100,0.0,0.0,0.0,0.0,0.0,0,0,0,0,0.0,0,0,0,0,0,0,0,0,0,0,0,0,0,0,0,0,0,0,0,0,0,0,0,0,0,0,0,0,0,0,0,0,0,31,40,40,71,65476,0,300,0,0,8,21553,0.0,-107605600.0,0.0,0.0,0.0,0.0,0.0,0.0,0.0,0.0,0.0,0.0,0.0,0.0,0.0,0.0,0.0,0.0,0.0,0.0,0.0,0.0,-2.004,2.004,-0.0,0.0,0.0,0.0,0.0,0.0,4491.0,-8608165888.0,6938.0,0.0,0.0,-107615168.0,-0.0,0.0,0.0,0.0,0.0,69,-126841143296.0,0.059,0.0,0.0,0.0,0.0,0.0,0.0,0.0,0,0,0,0.0,0.0,0.0,0.0,0.0,0.0,0.0,0.0,0.0,0.0,0.0,0.0,0.0,0.0,0.0,0.0,0,-107875648.0,69,0.0,138,0.0,2.6474720257151824e+23,0,52429,17085,0,17100,26215,17080,0,0,0,70,68,100,0.0,82.4,-107615448.0,77.9,-107615464.0,78.5,1,49,50,180,39322,39322,0,0,0.0,0.0,0.0,0.0,-0.0,67.0,0.0,162057.094,0.0,973,0,998,0,0,0,949,0,1020,0,922,0,789,0,779,0,822,0,7520,0.032,4.150517416584649e+19,0.0,0.0,784,16797,-0.0,162057.094,-114818.039,-0.0,0.133,6.909358625270745e+28,30.0,70.0,35,0.0,0.0,0.0,0.0,0.0,0.0,0.0,0.0,0.0,0.0,0.0,0.0,0.0,0.0,0.0,0.0,66.8,0,150,71,51,65476,0,300,0,0,8,20529,65476,0,0,44564,70.0,0.0,0.0,0.0,0.0,0.0
2026-09-10T21:40:15,ERR,ERR,ERR,ERR,ERR,ERR,ERR,ERR,ERR,ERR,ERR,ERR,ERR,ERR,ERR,ERR,ERR,ERR,ERR,ERR,ERR,ERR,ERR,ERR,ERR,ERR,ERR,ERR,ERR,ERR,ERR,ERR,ERR,ERR,ERR,ERR,ERR,ERR,ERR,ERR,ERR,ERR,ERR,ERR,ERR,ERR,ERR,ERR,ERR,ERR,ERR,ERR,ERR,ERR,ERR,ERR,ERR,ERR,ERR,ERR,ERR,ERR,ERR,ERR,ERR,ERR,ERR,ERR,ERR,ERR,ERR,ERR,ERR,ERR,ERR,ERR,ERR,ERR,ERR,ERR,ERR,ERR,ERR,ERR,ERR,ERR,ERR,ERR,ERR,ERR,ERR,ERR,ERR,ERR,ERR,ERR,ERR,ERR,ERR,ERR,ERR,ERR,ERR,ERR,ERR,ERR,ERR,ERR,ERR,ERR,ERR,ERR,ERR,ERR,ERR,ERR,ERR,ERR,ERR,ERR,ERR,ERR,ERR,ERR,ERR,0.0,0.0,2.6474835549302285e+23,0.0,0.0,1.3936040501711995e+18,7.805,0.0,0,0,4,0,7116,0.0,100,0.0,0.0,0.0,0.0,0.0,0,0,0,0,0.0,0,0,0,0,0,0,0,0,0,0,0,0,0,0,0,0,0,0,0,0,0,0,0,0,0,0,0,0,0,0,0,0,0,31,40,40,71,65476,0,300,0,0,8,21553,0.0,-107605600.0,0.0,0.0,0.0,0.0,0.0,0.0,0.0,0.0,0.0,0.0,0.0,0.0,0.0,0.0,0.0,0.0,0.0,0.0,0.0,0.0,-2.004,2.004,-0.0,0.0,0.0,0.0,0.0,0.0,4486.0,-131350.188,6937.0,0.0,0.0,-107615168.0,-0.0,0.0,0.0,0.0,0.0,69,-0.0,0.0,0.0,0.0,0.0,0.0,0.0,0.0,0.0,0,0,0,0.0,0.0,0.0,0.0,0.0,0.0,0.0,0.0,0.0,0.0,0.0,0.0,0.0,0.0,0.0,0.0,0,-107875648.0,69,0.0,138,0.0,2.6474720257151824e+23,0,52429,17085,0,17100,26215,17080,0,0,0,70,68,100,0.0,82.4,-107615448.0,77.9,-107615464.0,78.5,1,49,50,180,39322,39322,0,0,0.0,0.0,0.0,0.0,-0.0,67.0,0.0,162057.094,0.0,973,0,998,0,0,0,949,0,1020,0,922,0,789,0,779,0,822,0,7520,0.032,4.150517416584649e+19,0.0,0.0,784,16797,-0.0,162057.094,-114818.039,-0.0,0.133,6.909358625270745e+28,30.0,70.0,35,0.0,0.0,0.0,0.0,0.0,0.0,0.0,0.0,0.0,0.0,0.0,0.0,0.0,0.0,0.0,0.0,66.8,0,150,71,51,65476,0,300,0,0,8,20529,65476,0,0,44564,70.0,0.0,0.0,0.0,0.0,0.0
2026-09-10T21:40:16,ERR,ERR,ERR,ERR,ERR,ERR,ERR,ERR,ERR,ERR,ERR,ERR,ERR,ERR,ERR,ERR,ERR,ERR,ERR,ERR,ERR,ERR,ERR,ERR,ERR,ERR,ERR,ERR,ERR,ERR,ERR,ERR,ERR,ERR,ERR,ERR,ERR,ERR,ERR,ERR,ERR,ERR,ERR,ERR,ERR,ERR,ERR,ERR,ERR,ERR,ERR,ERR,ERR,ERR,ERR,ERR,ERR,ERR,ERR,ERR,ERR,ERR,ERR,ERR,ERR,ERR,ERR,ERR,ERR,ERR,ERR,ERR,ERR,ERR,ERR,ERR,ERR,ERR,ERR,ERR,ERR,ERR,ERR,ERR,ERR,ERR,ERR,ERR,ERR,ERR,ERR,ERR,ERR,ERR,ERR,ERR,ERR,ERR,ERR,ERR,ERR,ERR,ERR,ERR,ERR,ERR,ERR,ERR,ERR,ERR,ERR,ERR,ERR,ERR,ERR,ERR,ERR,ERR,ERR,ERR,ERR,ERR,ERR,ERR,ERR,0.0,0.0,2.6474835549302285e+23,0.0,0.0,1.3936040501711995e+18,7.805,0.0,0,0,4,0,7116,0.0,100,0.0,0.0,0.0,0.0,0.0,0,0,0,0,0.0,0,0,0,0,0,0,0,0,0,0,0,0,0,0,0,0,0,0,0,0,0,0,0,0,0,0,0,0,0,0,0,0,0,31,40,40,71,65476,0,300,0,0,8,21553,0.0,-107605600.0,0.0,0.0,0.0,0.0,0.0,0.0,0.0,0.0,0.0,0.0,0.0,0.0,0.0,0.0,0.0,0.0,0.0,0.0,0.0,0.0,-2.004,2.004,-0.0,0.0,0.0,0.0,0.0,0.0,4486.0,-131350.188,6937.0,0.0,0.0,-107615168.0,-0.0,0.0,0.0,0.0,0.0,69,-0.0,0.0,0.0,0.0,0.0,0.0,0.0,0.0,0.0,0,0,0,0.0,0.0,0.0,0.0,0.0,0.0,0.0,0.0,0.0,0.0,0.0,0.0,0.0,0.0,0.0,0.0,0,-107875648.0,69,0.0,138,0.0,2.6474720257151824e+23,0,52429,17085,0,17100,26215,17080,0,0,0,70,68,100,0.0,82.4,-107615448.0,77.9,-107615464.0,78.5,1,49,50,180,39322,39322,0,0,0.0,0.0,0.0,0.0,-0.0,67.0,0.0,162057.094,0.0,973,0,998,0,0,0,949,0,1020,0,922,0,789,0,779,0,822,0,7520,0.032,4.150517416584649e+19,0.0,0.0,784,16797,-0.0,162057.094,-114818.039,-0.0,0.133,6.909358625270745e+28,30.0,70.0,35,0.0,0.0,0.0,0.0,0.0,0.0,0.0,0.0,0.0,0.0,0.0,0.0,0.0,0.0,0.0,0.0,66.4,0,150,71,51,65476,0,300,0,0,8,20529,65476,0,0,44564,70.0,0.0,0.0,0.0,0.0,0.0
2026-09-10T21:40:17,ERR,ERR,ERR,ERR,ERR,ERR,ERR,ERR,ERR,ERR,ERR,ERR,ERR,ERR,ERR,ERR,ERR,ERR,ERR,ERR,ERR,ERR,ERR,ERR,ERR,ERR,ERR,ERR,ERR,ERR,ERR,ERR,ERR,ERR,ERR,ERR,ERR,ERR,ERR,ERR,ERR,ERR,ERR,ERR,ERR,ERR,ERR,ERR,ERR,ERR,ERR,ERR,ERR,ERR,ERR,ERR,ERR,ERR,ERR,ERR,ERR,ERR,ERR,ERR,ERR,ERR,ERR,ERR,ERR,ERR,ERR,ERR,ERR,ERR,ERR,ERR,ERR,ERR,ERR,ERR,ERR,ERR,ERR,ERR,ERR,ERR,ERR,ERR,ERR,ERR,ERR,ERR,ERR,ERR,ERR,ERR,ERR,ERR,ERR,ERR,ERR,ERR,ERR,ERR,ERR,ERR,ERR,ERR,ERR,ERR,ERR,ERR,ERR,ERR,ERR,ERR,ERR,ERR,ERR,ERR,ERR,ERR,ERR,ERR,ERR,0.0,0.0,2.6474835549302285e+23,0.0,0.0,1.3936040501711995e+18,7.805,0.0,0,0,4,0,7116,0.0,100,0.0,0.0,0.0,0.0,0.0,0,0,0,0,0.0,0,0,0,0,0,0,0,0,0,0,0,0,0,0,0,0,0,0,0,0,0,0,0,0,0,0,0,0,0,0,0,0,0,31,40,40,71,65476,0,300,0,0,8,21553,0.0,-107605600.0,0.0,0.0,0.0,0.0,0.0,0.0,0.0,0.0,0.0,0.0,0.0,0.0,0.0,0.0,0.0,0.0,0.0,0.0,0.0,0.0,-2.004,2.004,-0.0,0.0,0.0,0.0,0.0,0.0,4486.0,-131350.188,6937.0,0.0,0.0,-107615168.0,-0.0,0.0,0.0,0.0,0.0,69,-0.0,0.0,0.0,0.0,0.0,0.0,0.0,0.0,0.0,0,0,0,0.0,0.0,0.0,0.0,0.0,0.0,0.0,0.0,0.0,0.0,0.0,0.0,0.0,0.0,0.0,0.0,0,-107875648.0,69,0.0,138,0.0,2.6474720257151824e+23,0,52429,17085,0,17100,26215,17080,0,0,0,70,68,100,0.0,82.4,-107615448.0,77.9,-107615464.0,78.5,1,49,50,180,39322,39322,0,0,0.0,0.0,0.0,0.0,-0.0,67.0,0.0,162057.094,0.0,973,0,998,0,0,0,949,0,1020,0,922,0,789,0,779,0,822,0,7520,0.032,4.150517416584649e+19,0.0,0.0,784,16797,-0.0,162057.094,-114818.039,-0.0,0.133,6.909358625270745e+28,30.0,70.0,35,0.0,0.0,0.0,0.0,0.0,0.0,0.0,0.0,0.0,0.0,0.0,0.0,0.0,0.0,0.0,0.0,66.4,0,150,71,51,65476,0,300,0,0,8,20529,65476,0,0,44564,70.0,0.0,0.0,0.0,0.0,0.0
2026-09-10T21:40:18,ERR,ERR,ERR,ERR,ERR,ERR,ERR,ERR,ERR,ERR,ERR,ERR,ERR,ERR,ERR,ERR,ERR,ERR,ERR,ERR,ERR,ERR,ERR,ERR,ERR,ERR,ERR,ERR,ERR,ERR,ERR,ERR,ERR,ERR,ERR,ERR,ERR,ERR,ERR,ERR,ERR,ERR,ERR,ERR,ERR,ERR,ERR,ERR,ERR,ERR,ERR,ERR,ERR,ERR,ERR,ERR,ERR,ERR,ERR,ERR,ERR,ERR,ERR,ERR,ERR,ERR,ERR,ERR,ERR,ERR,ERR,ERR,ERR,ERR,ERR,ERR,ERR,ERR,ERR,ERR,ERR,ERR,ERR,ERR,ERR,ERR,ERR,ERR,ERR,ERR,ERR,ERR,ERR,ERR,ERR,ERR,ERR,ERR,ERR,ERR,ERR,ERR,ERR,ERR,ERR,ERR,ERR,ERR,ERR,ERR,ERR,ERR,ERR,ERR,ERR,ERR,ERR,ERR,ERR,ERR,ERR,ERR,ERR,ERR,ERR,0.0,0.0,2.6474835549302285e+23,0.0,0.0,1.3936040501711995e+18,7.805,0.0,0,0,4,0,7116,0.0,100,0.0,0.0,0.0,0.0,0.0,0,0,0,0,0.0,0,0,0,0,0,0,0,0,0,0,0,0,0,0,0,0,0,0,0,0,0,0,0,0,0,0,0,0,0,0,0,0,0,31,40,40,71,65476,0,300,0,0,8,21553,0.0,-107605600.0,0.0,0.0,0.0,0.0,0.0,0.0,0.0,0.0,0.0,0.0,0.0,0.0,0.0,0.0,0.0,0.0,0.0,0.0,0.0,0.0,-2.004,2.004,-0.0,0.0,0.0,0.0,0.0,0.0,4486.0,-131350.188,6937.0,0.0,0.0,-107615168.0,-0.0,0.0,0.0,0.0,0.0,69,-0.0,0.0,0.0,0.0,0.0,0.0,0.0,0.0,0.0,0,0,0,0.0,0.0,0.0,0.0,0.0,0.0,0.0,0.0,0.0,0.0,0.0,0.0,0.0,0.0,0.0,0.0,0,-107875648.0,69,0.0,138,0.0,2.6474720257151824e+23,0,52429,17085,0,17100,26215,17080,0,0,0,70,68,100,0.0,82.4,-107615448.0,77.9,-107615464.0,78.5,1,49,50,180,39322,39322,0,0,0.0,0.0,0.0,0.0,-0.0,67.0,0.0,162057.094,0.0,973,0,998,0,0,0,949,0,1020,0,922,0,789,0,779,0,822,0,7520,0.032,4.150517416584649e+19,0.0,0.0,784,16797,-0.0,162057.094,-114818.039,-0.0,0.133,6.909358625270745e+28,30.0,70.0,35,0.0,0.0,0.0,0.0,0.0,0.0,0.0,0.0,0.0,0.0,0.0,0.0,0.0,0.0,0.0,0.0,66.4,0,150,71,51,65476,0,300,0,0,8,20529,65476,0,0,44564,70.0,0.0,0.0,0.0,0.0,0.0
2026-09-10T21:40:19,ERR,ERR,ERR,ERR,ERR,ERR,ERR,ERR,ERR,ERR,ERR,ERR,ERR,ERR,ERR,ERR,ERR,ERR,ERR,ERR,ERR,ERR,ERR,ERR,ERR,ERR,ERR,ERR,ERR,ERR,ERR,ERR,ERR,ERR,ERR,ERR,ERR,ERR,ERR,ERR,ERR,ERR,ERR,ERR,ERR,ERR,ERR,ERR,ERR,ERR,ERR,ERR,ERR,ERR,ERR,ERR,ERR,ERR,ERR,ERR,ERR,ERR,ERR,ERR,ERR,ERR,ERR,ERR,ERR,ERR,ERR,ERR,ERR,ERR,ERR,ERR,ERR,ERR,ERR,ERR,ERR,ERR,ERR,ERR,ERR,ERR,ERR,ERR,ERR,ERR,ERR,ERR,ERR,ERR,ERR,ERR,ERR,ERR,ERR,ERR,ERR,ERR,ERR,ERR,ERR,ERR,ERR,ERR,ERR,ERR,ERR,ERR,ERR,ERR,ERR,ERR,ERR,ERR,ERR,ERR,ERR,ERR,ERR,ERR,ERR,0.0,0.0,2.6474835549302285e+23,0.0,0.0,1.3936040501711995e+18,7.805,0.0,0,0,4,0,7116,0.0,100,0.0,0.0,0.0,0.0,0.0,0,0,0,0,0.0,0,0,0,0,0,0,0,0,0,0,0,0,0,0,0,0,0,0,0,0,0,0,0,0,0,0,0,0,0,0,0,0,0,31,40,40,71,65476,0,300,0,0,8,21553,0.0,-107605600.0,0.0,0.0,0.0,0.0,0.0,0.0,0.0,0.0,0.0,0.0,0.0,0.0,0.0,0.0,0.0,0.0,0.0,0.0,0.0,0.0,-2.004,2.004,-0.0,0.0,0.0,0.0,0.0,0.0,4486.0,-131350.188,6937.0,0.0,0.0,-107615168.0,-0.0,0.0,0.0,0.0,0.0,69,-0.0,0.0,0.0,0.0,0.0,0.0,0.0,0.0,0.0,0,0,0,0.0,0.0,0.0,0.0,0.0,0.0,0.0,0.0,0.0,0.0,0.0,0.0,0.0,0.0,0.0,0.0,0,-107875648.0,69,0.0,138,0.0,2.6474720257151824e+23,0,52429,17085,0,17100,26215,17080,0,0,0,70,68,100,0.0,82.4,-107615448.0,77.9,-107615464.0,78.5,1,49,50,180,39322,39322,0,0,0.0,0.0,0.0,0.0,-0.0,67.0,0.0,162057.094,0.0,973,0,998,0,0,0,949,0,1020,0,922,0,789,0,779,0,822,0,7520,0.032,4.150517416584649e+19,0.0,0.0,784,16797,-0.0,162057.094,-114818.039,-0.0,0.133,6.909358625270745e+28,30.0,70.0,35,0.0,0.0,0.0,0.0,0.0,0.0,0.0,0.0,0.0,0.0,0.0,0.0,0.0,0.0,0.0,0.0,66.4,0,150,71,51,65476,0,300,0,0,8,20529,65476,0,0,44564,70.0,0.0,0.0,0.0,0.0,0.0
2026-09-10T21:40:20,ERR,ERR,ERR,ERR,ERR,ERR,ERR,ERR,ERR,ERR,ERR,ERR,ERR,ERR,ERR,ERR,ERR,ERR,ERR,ERR,ERR,ERR,ERR,ERR,ERR,ERR,ERR,ERR,ERR,ERR,ERR,ERR,ERR,ERR,ERR,ERR,ERR,ERR,ERR,ERR,ERR,ERR,ERR,ERR,ERR,ERR,ERR,ERR,ERR,ERR,ERR,ERR,ERR,ERR,ERR,ERR,ERR,ERR,ERR,ERR,ERR,ERR,ERR,ERR,ERR,ERR,ERR,ERR,ERR,ERR,ERR,ERR,ERR,ERR,ERR,ERR,ERR,ERR,ERR,ERR,ERR,ERR,ERR,ERR,ERR,ERR,ERR,ERR,ERR,ERR,ERR,ERR,ERR,ERR,ERR,ERR,ERR,ERR,ERR,ERR,ERR,ERR,ERR,ERR,ERR,ERR,ERR,ERR,ERR,ERR,ERR,ERR,ERR,ERR,ERR,ERR,ERR,ERR,ERR,ERR,ERR,ERR,ERR,ERR,ERR,0.0,0.0,2.6474835549302285e+23,0.0,0.0,1.3936040501711995e+18,7.805,0.0,0,0,4,0,7116,0.0,100,0.0,0.0,0.0,0.0,0.0,0,0,0,0,0.0,0,0,0,0,0,0,0,0,0,0,0,0,0,0,0,0,0,0,0,0,0,0,0,0,0,0,0,0,0,0,0,0,0,31,40,40,71,65476,0,300,0,0,8,21553,0.0,-107605600.0,0.0,0.0,0.0,0.0,0.0,0.0,0.0,0.0,0.0,0.0,0.0,0.0,0.0,0.0,0.0,0.0,0.0,0.0,0.0,0.0,-2.004,2.004,-0.0,0.0,0.0,0.0,0.0,0.0,4486.0,-131350.188,6937.0,0.0,0.0,-107615168.0,-0.0,0.0,0.0,0.0,0.0,69,-0.0,0.0,0.0,0.0,0.0,0.0,0.0,0.0,0.0,0,0,0,0.0,0.0,0.0,0.0,0.0,0.0,0.0,0.0,0.0,0.0,0.0,0.0,0.0,0.0,0.0,0.0,0,-107875648.0,69,0.0,138,0.0,2.6474720257151824e+23,0,52429,17085,0,17100,39322,17080,0,0,0,70,68,100,0.0,82.4,-107615448.0,77.9,-107615464.0,78.5,1,49,50,180,39322,39322,0,0,0.0,0.0,0.0,0.0,-0.0,67.0,0.0,162057.094,0.0,973,0,998,0,0,0,949,0,1020,0,923,0,789,0,779,0,822,0,7520,0.032,5.5340232221128655e+19,0.0,0.0,784,16797,-0.0,162057.094,-114818.039,-0.0,0.133,6.909358625270745e+28,30.0,70.0,35,0.0,0.0,0.0,0.0,0.0,0.0,0.0,0.0,0.0,0.0,0.0,0.0,0.0,0.0,0.0,0.0,66.4,0,150,71,51,65476,0,300,0,0,8,20529,65476,0,0,44564,70.0,0.0,0.0,0.0,0.0,0.0
2026-09-10T21:40:21,ERR,ERR,ERR,ERR,ERR,ERR,ERR,ERR,ERR,ERR,ERR,ERR,ERR,ERR,ERR,ERR,ERR,ERR,ERR,ERR,ERR,ERR,ERR,ERR,ERR,ERR,ERR,ERR,ERR,ERR,ERR,ERR,ERR,ERR,ERR,ERR,ERR,ERR,ERR,ERR,ERR,ERR,ERR,ERR,ERR,ERR,ERR,ERR,ERR,ERR,ERR,ERR,ERR,ERR,ERR,ERR,ERR,ERR,ERR,ERR,ERR,ERR,ERR,ERR,ERR,ERR,ERR,ERR,ERR,ERR,ERR,ERR,ERR,ERR,ERR,ERR,ERR,ERR,ERR,ERR,ERR,ERR,ERR,ERR,ERR,ERR,ERR,ERR,ERR,ERR,ERR,ERR,ERR,ERR,ERR,ERR,ERR,ERR,ERR,ERR,ERR,ERR,ERR,ERR,ERR,ERR,ERR,ERR,ERR,ERR,ERR,ERR,ERR,ERR,ERR,ERR,ERR,ERR,ERR,ERR,ERR,ERR,ERR,ERR,ERR,0.0,0.0,2.6474835549302285e+23,0.0,0.0,1.3936040501711995e+18,7.805,0.0,0,0,4,0,7116,0.0,100,0.0,0.0,0.0,0.0,0.0,0,0,0,0,0.0,0,0,0,0,0,0,0,0,0,0,0,0,0,0,0,0,0,0,0,0,0,0,0,0,0,0,0,0,0,0,0,0,0,31,40,40,71,65476,0,300,0,0,8,21553,0.0,-107605600.0,0.0,0.0,0.0,0.0,0.0,0.0,0.0,0.0,0.0,0.0,0.0,0.0,0.0,0.0,0.0,0.0,0.0,0.0,0.0,0.0,-2.004,2.004,-0.0,0.0,0.0,0.0,0.0,0.0,4486.0,-131350.188,6937.0,0.0,0.0,-107615168.0,-0.0,0.0,0.0,0.0,0.0,69,-0.0,0.0,0.0,0.0,0.0,0.0,0.0,0.0,0.0,0,0,0,0.0,0.0,0.0,0.0,0.0,0.0,0.0,0.0,0.0,0.0,0.0,0.0,0.0,0.0,0.0,0.0,0,-107875648.0,69,0.0,138,0.0,2.6474720257151824e+23,0,52429,17085,0,17100,39322,17080,0,0,0,70,68,100,0.0,82.4,-107615448.0,77.9,-107615464.0,78.5,1,49,50,180,39322,39322,0,0,0.0,0.0,0.0,0.0,-0.0,67.0,0.0,162057.094,0.0,973,0,998,0,0,0,949,0,1020,0,923,0,789,0,779,0,822,0,7520,0.032,5.5340232221128655e+19,0.0,0.0,784,16797,-0.0,162057.094,-114818.039,-0.0,0.133,6.909358625270745e+28,30.0,70.0,35,0.0,0.0,0.0,0.0,0.0,0.0,0.0,0.0,0.0,0.0,0.0,0.0,0.0,0.0,0.0,0.0,66.4,0,150,71,51,65476,0,300,0,0,8,20529,65476,0,0,44564,70.0,0.0,0.0,0.0,0.0,0.0
2026-09-10T21:40:22,ERR,ERR,ERR,ERR,ERR,ERR,ERR,ERR,ERR,ERR,ERR,ERR,ERR,ERR,ERR,ERR,ERR,ERR,ERR,ERR,ERR,ERR,ERR,ERR,ERR,ERR,ERR,ERR,ERR,ERR,ERR,ERR,ERR,ERR,ERR,ERR,ERR,ERR,ERR,ERR,ERR,ERR,ERR,ERR,ERR,ERR,ERR,ERR,ERR,ERR,ERR,ERR,ERR,ERR,ERR,ERR,ERR,ERR,ERR,ERR,ERR,ERR,ERR,ERR,ERR,ERR,ERR,ERR,ERR,ERR,ERR,ERR,ERR,ERR,ERR,ERR,ERR,ERR,ERR,ERR,ERR,ERR,ERR,ERR,ERR,ERR,ERR,ERR,ERR,ERR,ERR,ERR,ERR,ERR,ERR,ERR,ERR,ERR,ERR,ERR,ERR,ERR,ERR,ERR,ERR,ERR,ERR,ERR,ERR,ERR,ERR,ERR,ERR,ERR,ERR,ERR,ERR,ERR,ERR,ERR,ERR,ERR,ERR,ERR,ERR,0.0,0.0,2.6474835549302285e+23,0.0,0.0,1.3936040501711995e+18,7.805,0.0,0,0,4,0,7116,0.0,100,0.0,0.0,0.0,0.0,0.0,0,0,0,0,0.0,0,0,0,0,0,0,0,0,0,0,0,0,0,0,0,0,0,0,0,0,0,0,0,0,0,0,0,0,0,0,0,0,0,31,40,40,71,65476,0,300,0,0,8,21553,0.0,-107605600.0,0.0,0.0,0.0,0.0,0.0,0.0,0.0,0.0,0.0,0.0,0.0,0.0,0.0,0.0,0.0,0.0,0.0,0.0,0.0,0.0,-2.004,2.004,-0.0,0.0,0.0,0.0,0.0,0.0,4486.0,-131350.188,6937.0,0.0,0.0,-107615168.0,-0.0,0.0,0.0,0.0,0.0,69,-0.0,0.0,0.0,0.0,0.0,0.0,0.0,0.0,0.0,0,0,0,0.0,0.0,0.0,0.0,0.0,0.0,0.0,0.0,0.0,0.0,0.0,0.0,0.0,0.0,0.0,0.0,0,-107875648.0,69,0.0,138,0.0,2.6474720257151824e+23,0,52429,17085,0,17100,39322,17080,0,0,0,70,68,100,0.0,82.4,-107615448.0,77.9,-107615464.0,78.5,1,49,50,180,39322,39322,0,0,0.0,0.0,0.0,0.0,-0.0,67.0,0.0,162057.094,0.0,973,0,998,0,0,0,949,0,1020,0,923,0,789,0,779,0,822,0,7520,0.032,5.5340232221128655e+19,0.0,0.0,784,16797,-0.0,162057.094,-114818.039,-0.0,0.133,6.909358625270745e+28,30.0,70.0,35,0.0,0.0,0.0,0.0,0.0,0.0,0.0,0.0,0.0,0.0,0.0,0.0,0.0,0.0,0.0,0.0,66.8,0,150,71,51,65476,0,300,0,0,8,20529,65476,0,0,44564,70.0,0.0,0.0,0.0,0.0,0.0
2026-09-10T21:40:23,ERR,ERR,ERR,ERR,ERR,ERR,ERR,ERR,ERR,ERR,ERR,ERR,ERR,ERR,ERR,ERR,ERR,ERR,ERR,ERR,ERR,ERR,ERR,ERR,ERR,ERR,ERR,ERR,ERR,ERR,ERR,ERR,ERR,ERR,ERR,ERR,ERR,ERR,ERR,ERR,ERR,ERR,ERR,ERR,ERR,ERR,ERR,ERR,ERR,ERR,ERR,ERR,ERR,ERR,ERR,ERR,ERR,ERR,ERR,ERR,ERR,ERR,ERR,ERR,ERR,ERR,ERR,ERR,ERR,ERR,ERR,ERR,ERR,ERR,ERR,ERR,ERR,ERR,ERR,ERR,ERR,ERR,ERR,ERR,ERR,ERR,ERR,ERR,ERR,ERR,ERR,ERR,ERR,ERR,ERR,ERR,ERR,ERR,ERR,ERR,ERR,ERR,ERR,ERR,ERR,ERR,ERR,ERR,ERR,ERR,ERR,ERR,ERR,ERR,ERR,ERR,ERR,ERR,ERR,ERR,ERR,ERR,ERR,ERR,ERR,0.0,0.0,2.6474835549302285e+23,0.0,0.0,1.3936040501711995e+18,7.805,0.0,0,0,4,0,7116,0.0,100,0.0,0.0,0.0,0.0,0.0,0,0,0,0,0.0,0,0,0,0,0,0,0,0,0,0,0,0,0,0,0,0,0,0,0,0,0,0,0,0,0,0,0,0,0,0,0,0,0,31,40,40,71,65476,0,300,0,0,8,21553,0.0,-107605600.0,0.0,0.0,0.0,0.0,0.0,0.0,0.0,0.0,0.0,0.0,0.0,0.0,0.0,0.0,0.0,0.0,0.0,0.0,0.0,0.0,-2.004,2.004,-0.0,0.0,0.0,0.0,0.0,0.0,4495.0,-0.0,6934.0,0.0,0.0,-107615168.0,-0.0,0.0,0.0,0.0,0.0,69,-89221.141,0.0,0.0,0.0,0.0,0.0,0.0,0.0,0.0,0,0,0,0.0,0.0,0.0,0.0,0.0,0.0,0.0,0.0,0.0,0.0,0.0,0.0,0.0,0.0,0.0,0.0,0,-107875648.0,69,0.0,138,0.0,2.6474720257151824e+23,0,52429,17085,0,17100,39322,17080,0,0,0,70,68,100,0.0,82.4,-107615448.0,77.9,-107615464.0,78.5,1,49,50,180,39322,39322,0,0,0.0,0.0,0.0,0.0,-0.0,67.0,0.0,162057.094,0.0,973,0,998,0,0,0,949,0,1020,0,923,0,789,0,779,0,822,0,7520,0.032,5.5340232221128655e+19,0.0,0.0,784,16797,-0.0,162057.094,-114818.039,-0.0,0.133,6.909358625270745e+28,30.0,70.0,35,0.0,0.0,0.0,0.0,0.0,0.0,0.0,0.0,0.0,0.0,0.0,0.0,0.0,0.0,0.0,0.0,66.8,0,150,71,51,65476,0,300,0,0,8,20529,65476,0,0,44564,70.0,0.0,0.0,0.0,0.0,0.0
2026-09-10T21:40:24,ERR,ERR,ERR,ERR,ERR,ERR,ERR,ERR,ERR,ERR,ERR,ERR,ERR,ERR,ERR,ERR,ERR,ERR,ERR,ERR,ERR,ERR,ERR,ERR,ERR,ERR,ERR,ERR,ERR,ERR,ERR,ERR,ERR,ERR,ERR,ERR,ERR,ERR,ERR,ERR,ERR,ERR,ERR,ERR,ERR,ERR,ERR,ERR,ERR,ERR,ERR,ERR,ERR,ERR,ERR,ERR,ERR,ERR,ERR,ERR,ERR,ERR,ERR,ERR,ERR,ERR,ERR,ERR,ERR,ERR,ERR,ERR,ERR,ERR,ERR,ERR,ERR,ERR,ERR,ERR,ERR,ERR,ERR,ERR,ERR,ERR,ERR,ERR,ERR,ERR,ERR,ERR,ERR,ERR,ERR,ERR,ERR,ERR,ERR,ERR,ERR,ERR,ERR,ERR,ERR,ERR,ERR,ERR,ERR,ERR,ERR,ERR,ERR,ERR,ERR,ERR,ERR,ERR,ERR,ERR,ERR,ERR,ERR,ERR,ERR,0.0,0.0,2.6474835549302285e+23,0.0,0.0,1.3936040501711995e+18,7.805,0.0,0,0,4,0,7116,0.0,100,0.0,0.0,0.0,0.0,0.0,0,0,0,0,0.0,0,0,0,0,0,0,0,0,0,0,0,0,0,0,0,0,0,0,0,0,0,0,0,0,0,0,0,0,0,0,0,0,0,31,40,40,71,65476,0,300,0,0,8,21553,0.0,-107605600.0,0.0,0.0,0.0,0.0,0.0,0.0,0.0,0.0,0.0,0.0,0.0,0.0,0.0,0.0,0.0,0.0,0.0,0.0,0.0,0.0,-2.004,2.004,-0.0,0.0,0.0,0.0,0.0,0.0,4495.0,-0.0,6934.0,0.0,0.0,-107615168.0,-0.0,0.0,0.0,0.0,0.0,69,-89221.141,0.0,0.0,0.0,0.0,0.0,0.0,0.0,0.0,0,0,0,0.0,0.0,0.0,0.0,0.0,0.0,0.0,0.0,0.0,0.0,0.0,0.0,0.0,0.0,0.0,0.0,0,-107875648.0,69,0.0,138,0.0,2.6474720257151824e+23,0,52429,17085,0,17100,39322,17080,0,0,0,70,68,100,0.0,82.4,-107615448.0,77.9,-107615464.0,78.5,1,49,50,180,39322,39322,0,0,0.0,0.0,0.0,0.0,-0.0,67.0,0.0,162057.094,0.0,973,0,998,0,0,0,949,0,1020,0,923,0,789,0,779,0,822,0,7520,0.032,5.5340232221128655e+19,0.0,0.0,784,16797,-0.0,162057.094,-114818.039,-0.0,0.133,6.909358625270745e+28,30.0,70.0,35,0.0,0.0,0.0,0.0,0.0,0.0,0.0,0.0,0.0,0.0,0.0,0.0,0.0,0.0,0.0,0.0,66.8,0,150,71,51,65476,0,300,0,0,8,20529,65476,0,0,44564,70.0,0.0,0.0,0.0,0.0,0.0
2026-09-10T21:40:25,ERR,ERR,ERR,ERR,ERR,ERR,ERR,ERR,ERR,ERR,ERR,ERR,ERR,ERR,ERR,ERR,ERR,ERR,ERR,ERR,ERR,ERR,ERR,ERR,ERR,ERR,ERR,ERR,ERR,ERR,ERR,ERR,ERR,ERR,ERR,ERR,ERR,ERR,ERR,ERR,ERR,ERR,ERR,ERR,ERR,ERR,ERR,ERR,ERR,ERR,ERR,ERR,ERR,ERR,ERR,ERR,ERR,ERR,ERR,ERR,ERR,ERR,ERR,ERR,ERR,ERR,ERR,ERR,ERR,ERR,ERR,ERR,ERR,ERR,ERR,ERR,ERR,ERR,ERR,ERR,ERR,ERR,ERR,ERR,ERR,ERR,ERR,ERR,ERR,ERR,ERR,ERR,ERR,ERR,ERR,ERR,ERR,ERR,ERR,ERR,ERR,ERR,ERR,ERR,ERR,ERR,ERR,ERR,ERR,ERR,ERR,ERR,ERR,ERR,ERR,ERR,ERR,ERR,ERR,ERR,ERR,ERR,ERR,ERR,ERR,0.0,0.0,2.6474835549302285e+23,0.0,0.0,1.3936040501711995e+18,7.805,0.0,0,0,4,0,7116,0.0,100,0.0,0.0,0.0,0.0,0.0,0,0,0,0,0.0,0,0,0,0,0,0,0,0,0,0,0,0,0,0,0,0,0,0,0,0,0,0,0,0,0,0,0,0,0,0,0,0,0,31,40,40,71,65476,0,300,0,0,8,21553,0.0,-107605600.0,0.0,0.0,0.0,0.0,0.0,0.0,0.0,0.0,0.0,0.0,0.0,0.0,0.0,0.0,0.0,0.0,0.0,0.0,0.0,0.0,-2.004,2.004,-0.0,0.0,0.0,0.0,0.0,0.0,4495.0,-0.0,6934.0,0.0,0.0,-107615168.0,-0.0,0.0,0.0,0.0,0.0,69,-89221.141,0.0,0.0,0.0,0.0,0.0,0.0,0.0,0.0,0,0,0,0.0,0.0,0.0,0.0,0.0,0.0,0.0,0.0,0.0,0.0,0.0,0.0,0.0,0.0,0.0,0.0,0,-107875648.0,69,0.0,138,0.0,2.6474720257151824e+23,0,52429,17085,0,17100,39322,17080,0,0,0,70,68,100,0.0,82.4,-107615448.0,77.9,-107615464.0,78.5,1,49,50,180,39322,39322,0,0,0.0,0.0,0.0,0.0,-0.0,67.0,0.0,162057.094,0.0,973,0,998,0,0,0,949,0,1020,0,923,0,789,0,779,0,822,0,7520,0.032,5.5340232221128655e+19,0.0,0.0,784,16797,-0.0,162057.094,-114818.039,-0.0,0.133,6.909358625270745e+28,30.0,70.0,35,0.0,0.0,0.0,0.0,0.0,0.0,0.0,0.0,0.0,0.0,0.0,0.0,0.0,0.0,0.0,0.0,66.4,0,150,71,51,65476,0,300,0,0,8,20529,65476,0,0,44564,70.0,0.0,0.0,0.0,0.0,0.0
2026-09-10T21:40:26,ERR,ERR,ERR,ERR,ERR,ERR,ERR,ERR,ERR,ERR,ERR,ERR,ERR,ERR,ERR,ERR,ERR,ERR,ERR,ERR,ERR,ERR,ERR,ERR,ERR,ERR,ERR,ERR,ERR,ERR,ERR,ERR,ERR,ERR,ERR,ERR,ERR,ERR,ERR,ERR,ERR,ERR,ERR,ERR,ERR,ERR,ERR,ERR,ERR,ERR,ERR,ERR,ERR,ERR,ERR,ERR,ERR,ERR,ERR,ERR,ERR,ERR,ERR,ERR,ERR,ERR,ERR,ERR,ERR,ERR,ERR,ERR,ERR,ERR,ERR,ERR,ERR,ERR,ERR,ERR,ERR,ERR,ERR,ERR,ERR,ERR,ERR,ERR,ERR,ERR,ERR,ERR,ERR,ERR,ERR,ERR,ERR,ERR,ERR,ERR,ERR,ERR,ERR,ERR,ERR,ERR,ERR,ERR,ERR,ERR,ERR,ERR,ERR,ERR,ERR,ERR,ERR,ERR,ERR,ERR,ERR,ERR,ERR,ERR,ERR,0.0,0.0,2.6474835549302285e+23,0.0,0.0,1.3936040501711995e+18,7.805,0.0,0,0,4,0,7116,0.0,100,0.0,0.0,0.0,0.0,0.0,0,0,0,0,0.0,0,0,0,0,0,0,0,0,0,0,0,0,0,0,0,0,0,0,0,0,0,0,0,0,0,0,0,0,0,0,0,0,0,31,40,40,71,65476,0,300,0,0,8,21553,0.0,-107605600.0,0.0,0.0,0.0,0.0,0.0,0.0,0.0,0.0,0.0,0.0,0.0,0.0,0.0,0.0,0.0,0.0,0.0,0.0,0.0,0.0,-2.004,2.004,-0.0,0.0,0.0,0.0,0.0,0.0,4495.0,-0.0,6934.0,0.0,0.0,-107615168.0,-0.0,0.0,0.0,0.0,0.0,69,-89221.141,0.0,0.0,0.0,0.0,0.0,0.0,0.0,0.0,0,0,0,0.0,0.0,0.0,0.0,0.0,0.0,0.0,0.0,0.0,0.0,0.0,0.0,0.0,0.0,0.0,0.0,0,-107875648.0,69,0.0,138,0.0,2.6474720257151824e+23,0,52429,17085,0,17100,39322,17080,0,0,0,70,68,100,0.0,82.4,-107615448.0,77.9,-107615464.0,78.5,1,49,50,180,39322,26215,0,0,0.0,0.0,0.0,0.0,-0.0,67.0,0.0,162057.094,0.0,973,0,998,0,0,0,949,0,1020,0,923,0,789,0,779,0,822,0,7520,0.032,4.438747792736361e+19,0.0,0.0,784,16797,-0.0,162057.094,-114818.039,-0.0,0.133,6.909358625270745e+28,30.0,70.0,35,0.0,0.0,0.0,0.0,0.0,0.0,0.0,0.0,0.0,0.0,0.0,0.0,0.0,0.0,0.0,0.0,66.4,0,150,71,51,65476,0,300,0,0,8,20529,65476,0,0,44564,70.0,0.0,0.0,0.0,0.0,0.0
2026-09-10T21:40:27,ERR,ERR,ERR,ERR,ERR,ERR,ERR,ERR,ERR,ERR,ERR,ERR,ERR,ERR,ERR,ERR,ERR,ERR,ERR,ERR,ERR,ERR,ERR,ERR,ERR,ERR,ERR,ERR,ERR,ERR,ERR,ERR,ERR,ERR,ERR,ERR,ERR,ERR,ERR,ERR,ERR,ERR,ERR,ERR,ERR,ERR,ERR,ERR,ERR,ERR,ERR,ERR,ERR,ERR,ERR,ERR,ERR,ERR,ERR,ERR,ERR,ERR,ERR,ERR,ERR,ERR,ERR,ERR,ERR,ERR,ERR,ERR,ERR,ERR,ERR,ERR,ERR,ERR,ERR,ERR,ERR,ERR,ERR,ERR,ERR,ERR,ERR,ERR,ERR,ERR,ERR,ERR,ERR,ERR,ERR,ERR,ERR,ERR,ERR,ERR,ERR,ERR,ERR,ERR,ERR,ERR,ERR,ERR,ERR,ERR,ERR,ERR,ERR,ERR,ERR,ERR,ERR,ERR,ERR,ERR,ERR,ERR,ERR,ERR,ERR,0.0,0.0,2.6474835549302285e+23,0.0,0.0,1.3936040501711995e+18,7.805,0.0,0,0,4,0,7116,0.0,100,0.0,0.0,0.0,0.0,0.0,0,0,0,0,0.0,0,0,0,0,0,0,0,0,0,0,0,0,0,0,0,0,0,0,0,0,0,0,0,0,0,0,0,0,0,0,0,0,0,31,40,40,71,65476,0,300,0,0,8,21553,0.0,-107605600.0,0.0,0.0,0.0,0.0,0.0,0.0,0.0,0.0,0.0,0.0,0.0,0.0,0.0,0.0,0.0,0.0,0.0,0.0,0.0,0.0,-2.004,2.004,-0.0,0.0,0.0,0.0,0.0,0.0,4495.0,-0.0,6934.0,0.0,0.0,-107615168.0,-0.0,0.0,0.0,0.0,0.0,69,-89221.141,0.0,0.0,0.0,0.0,0.0,0.0,0.0,0.0,0,0,0,0.0,0.0,0.0,0.0,0.0,0.0,0.0,0.0,0.0,0.0,0.0,0.0,0.0,0.0,0.0,0.0,0,-107875648.0,69,0.0,138,0.0,2.6474720257151824e+23,0,52429,17085,0,17100,39322,17080,0,0,0,70,68,100,0.0,82.4,-107615448.0,77.9,-107615464.0,78.5,1,49,50,180,39322,26215,0,0,0.0,0.0,0.0,0.0,-0.0,67.0,0.0,162057.094,0.0,973,0,998,0,0,0,949,0,1020,0,923,0,789,0,779,0,822,0,7520,0.032,4.438747792736361e+19,0.0,0.0,784,16797,-0.0,162057.094,-114818.039,-0.0,0.133,6.909358625270745e+28,30.0,70.0,35,0.0,0.0,0.0,0.0,0.0,0.0,0.0,0.0,0.0,0.0,0.0,0.0,0.0,0.0,0.0,0.0,66.8,0,150,71,51,65476,0,300,0,0,8,20529,65476,0,0,44564,70.0,0.0,0.0,0.0,0.0,0.0
2026-09-10T21:40:28,ERR,ERR,ERR,ERR,ERR,ERR,ERR,ERR,ERR,ERR,ERR,ERR,ERR,ERR,ERR,ERR,ERR,ERR,ERR,ERR,ERR,ERR,ERR,ERR,ERR,ERR,ERR,ERR,ERR,ERR,ERR,ERR,ERR,ERR,ERR,ERR,ERR,ERR,ERR,ERR,ERR,ERR,ERR,ERR,ERR,ERR,ERR,ERR,ERR,ERR,ERR,ERR,ERR,ERR,ERR,ERR,ERR,ERR,ERR,ERR,ERR,ERR,ERR,ERR,ERR,ERR,ERR,ERR,ERR,ERR,ERR,ERR,ERR,ERR,ERR,ERR,ERR,ERR,ERR,ERR,ERR,ERR,ERR,ERR,ERR,ERR,ERR,ERR,ERR,ERR,ERR,ERR,ERR,ERR,ERR,ERR,ERR,ERR,ERR,ERR,ERR,ERR,ERR,ERR,ERR,ERR,ERR,ERR,ERR,ERR,ERR,ERR,ERR,ERR,ERR,ERR,ERR,ERR,ERR,ERR,ERR,ERR,ERR,ERR,ERR,0.0,0.0,2.6474835549302285e+23,0.0,0.0,1.3936040501711995e+18,7.805,0.0,0,0,4,0,7116,0.0,100,0.0,0.0,0.0,0.0,0.0,0,0,0,0,0.0,0,0,0,0,0,0,0,0,0,0,0,0,0,0,0,0,0,0,0,0,0,0,0,0,0,0,0,0,0,0,0,0,0,31,40,40,71,65476,0,300,0,0,8,21553,0.0,-107605600.0,0.0,0.0,0.0,0.0,0.0,0.0,0.0,0.0,0.0,0.0,0.0,0.0,0.0,0.0,0.0,0.0,0.0,0.0,0.0,0.0,-2.004,2.004,-0.0,0.0,0.0,0.0,0.0,0.0,4495.0,-0.0,6934.0,0.0,0.0,-107615168.0,-0.0,0.0,0.0,0.0,0.0,69,-89221.141,0.0,0.0,0.0,0.0,0.0,0.0,0.0,0.0,0,0,0,0.0,0.0,0.0,0.0,0.0,0.0,0.0,0.0,0.0,0.0,0.0,0.0,0.0,0.0,0.0,0.0,0,-107875648.0,69,0.0,138,0.0,2.6474720257151824e+23,0,52429,17085,0,17100,39322,17080,0,0,0,70,68,100,0.0,82.4,-107615448.0,77.9,-107615464.0,78.5,1,49,50,180,39322,26215,0,0,0.0,0.0,0.0,0.0,-0.0,67.0,0.0,162057.094,0.0,973,0,998,0,0,0,949,0,1020,0,923,0,789,0,779,0,822,0,7520,0.032,4.438747792736361e+19,0.0,0.0,784,16797,-0.0,162057.094,-114818.039,-0.0,0.133,6.909358625270745e+28,30.0,70.0,35,0.0,0.0,0.0,0.0,0.0,0.0,0.0,0.0,0.0,0.0,0.0,0.0,0.0,0.0,0.0,0.0,66.8,0,150,71,51,65476,0,300,0,0,8,20529,65476,0,0,44564,70.0,0.0,0.0,0.0,0.0,0.0
2026-09-10T21:40:29,ERR,ERR,ERR,ERR,ERR,ERR,ERR,ERR,ERR,ERR,ERR,ERR,ERR,ERR,ERR,ERR,ERR,ERR,ERR,ERR,ERR,ERR,ERR,ERR,ERR,ERR,ERR,ERR,ERR,ERR,ERR,ERR,ERR,ERR,ERR,ERR,ERR,ERR,ERR,ERR,ERR,ERR,ERR,ERR,ERR,ERR,ERR,ERR,ERR,ERR,ERR,ERR,ERR,ERR,ERR,ERR,ERR,ERR,ERR,ERR,ERR,ERR,ERR,ERR,ERR,ERR,ERR,ERR,ERR,ERR,ERR,ERR,ERR,ERR,ERR,ERR,ERR,ERR,ERR,ERR,ERR,ERR,ERR,ERR,ERR,ERR,ERR,ERR,ERR,ERR,ERR,ERR,ERR,ERR,ERR,ERR,ERR,ERR,ERR,ERR,ERR,ERR,ERR,ERR,ERR,ERR,ERR,ERR,ERR,ERR,ERR,ERR,ERR,ERR,ERR,ERR,ERR,ERR,ERR,ERR,ERR,ERR,ERR,ERR,ERR,0.0,0.0,2.6474835549302285e+23,0.0,0.0,1.3936040501711995e+18,7.805,0.0,0,0,4,0,7116,0.0,100,0.0,0.0,0.0,0.0,0.0,0,0,0,0,0.0,0,0,0,0,0,0,0,0,0,0,0,0,0,0,0,0,0,0,0,0,0,0,0,0,0,0,0,0,0,0,0,0,0,31,40,40,71,65476,0,300,0,0,8,21553,0.0,-107605600.0,0.0,0.0,0.0,0.0,0.0,0.0,0.0,0.0,0.0,0.0,0.0,0.0,0.0,0.0,0.0,0.0,0.0,0.0,0.0,0.0,-2.004,2.004,-0.0,0.0,0.0,0.0,0.0,0.0,4495.0,-0.0,6934.0,0.0,0.0,-107615168.0,-0.0,0.0,0.0,0.0,0.0,69,-89221.141,0.0,0.0,0.0,0.0,0.0,0.0,0.0,0.0,0,0,0,0.0,0.0,0.0,0.0,0.0,0.0,0.0,0.0,0.0,0.0,0.0,0.0,0.0,0.0,0.0,0.0,0,-107875648.0,69,0.0,138,0.0,2.6474720257151824e+23,0,52429,17085,0,17100,39322,17080,0,0,0,70,68,100,0.0,82.4,-107615448.0,77.9,-107615464.0,78.5,1,49,50,180,39322,26215,0,0,0.0,0.0,0.0,0.0,-0.0,67.0,0.0,162057.094,0.0,973,0,998,0,0,0,949,0,1020,0,923,0,789,0,779,0,822,0,7520,0.032,4.438747792736361e+19,0.0,0.0,784,16797,-0.0,162057.094,-114818.039,-0.0,0.133,6.909358625270745e+28,30.0,70.0,35,0.0,0.0,0.0,0.0,0.0,0.0,0.0,0.0,0.0,0.0,0.0,0.0,0.0,0.0,0.0,0.0,66.4,0,150,71,51,65476,0,300,0,0,8,20529,65476,0,0,44564,70.0,0.0,0.0,0.0,0.0,0.0
2026-09-10T21:40:30,ERR,ERR,ERR,ERR,ERR,ERR,ERR,ERR,ERR,ERR,ERR,ERR,ERR,ERR,ERR,ERR,ERR,ERR,ERR,ERR,ERR,ERR,ERR,ERR,ERR,ERR,ERR,ERR,ERR,ERR,ERR,ERR,ERR,ERR,ERR,ERR,ERR,ERR,ERR,ERR,ERR,ERR,ERR,ERR,ERR,ERR,ERR,ERR,ERR,ERR,ERR,ERR,ERR,ERR,ERR,ERR,ERR,ERR,ERR,ERR,ERR,ERR,ERR,ERR,ERR,ERR,ERR,ERR,ERR,ERR,ERR,ERR,ERR,ERR,ERR,ERR,ERR,ERR,ERR,ERR,ERR,ERR,ERR,ERR,ERR,ERR,ERR,ERR,ERR,ERR,ERR,ERR,ERR,ERR,ERR,ERR,ERR,ERR,ERR,ERR,ERR,ERR,ERR,ERR,ERR,ERR,ERR,ERR,ERR,ERR,ERR,ERR,ERR,ERR,ERR,ERR,ERR,ERR,ERR,ERR,ERR,ERR,ERR,ERR,ERR,0.0,0.0,2.6474835549302285e+23,0.0,0.0,1.3936040501711995e+18,7.805,0.0,0,0,4,0,7116,0.0,100,0.0,0.0,0.0,0.0,0.0,0,0,0,0,0.0,0,0,0,0,0,0,0,0,0,0,0,0,0,0,0,0,0,0,0,0,0,0,0,0,0,0,0,0,0,0,0,0,0,31,40,40,71,65476,0,300,0,0,8,21553,0.0,-107605600.0,0.0,0.0,0.0,0.0,0.0,0.0,0.0,0.0,0.0,0.0,0.0,0.0,0.0,0.0,0.0,0.0,0.0,0.0,0.0,0.0,-2.004,2.004,-0.0,0.0,0.0,0.0,0.0,0.0,4493.0,-8608165888.0,6938.0,0.0,0.0,-107615168.0,2.718429120148166e+23,0.0,0.0,0.0,0.0,69,-1.905698635870372e+17,89220.406,0.0,0.0,0.0,0.0,0.0,0.0,0.0,0,0,0,0.0,0.0,0.0,0.0,0.0,0.0,0.0,0.0,0.0,0.0,0.0,0.0,0.0,0.0,0.0,0.0,0,-107875648.0,69,0.0,138,0.0,2.6474720257151824e+23,0,52429,17085,0,17100,39322,17080,0,0,0,70,68,100,0.0,82.4,-107615448.0,77.9,-107615464.0,78.5,1,49,50,180,39322,39322,0,0,0.0,0.0,0.0,0.0,-0.0,67.0,0.0,162057.094,0.0,973,0,998,0,0,0,949,0,1020,0,923,0,789,0,779,0,822,0,7520,0.032,4.121694378969478e+19,0.0,0.0,784,16797,-0.0,162057.094,-114818.039,-0.0,0.133,6.909358625270745e+28,30.0,70.0,35,0.0,0.0,0.0,0.0,0.0,0.0,0.0,0.0,0.0,0.0,0.0,0.0,0.0,0.0,0.0,0.0,66.4,0,150,71,51,65476,0,300,0,0,8,20529,65476,0,0,44564,70.0,0.0,0.0,0.0,0.0,0.0
2026-09-10T21:40:31,ERR,ERR,ERR,ERR,ERR,ERR,ERR,ERR,ERR,ERR,ERR,ERR,ERR,ERR,ERR,ERR,ERR,ERR,ERR,ERR,ERR,ERR,ERR,ERR,ERR,ERR,ERR,ERR,ERR,ERR,ERR,ERR,ERR,ERR,ERR,ERR,ERR,ERR,ERR,ERR,ERR,ERR,ERR,ERR,ERR,ERR,ERR,ERR,ERR,ERR,ERR,ERR,ERR,ERR,ERR,ERR,ERR,ERR,ERR,ERR,ERR,ERR,ERR,ERR,ERR,ERR,ERR,ERR,ERR,ERR,ERR,ERR,ERR,ERR,ERR,ERR,ERR,ERR,ERR,ERR,ERR,ERR,ERR,ERR,ERR,ERR,ERR,ERR,ERR,ERR,ERR,ERR,ERR,ERR,ERR,ERR,ERR,ERR,ERR,ERR,ERR,ERR,ERR,ERR,ERR,ERR,ERR,ERR,ERR,ERR,ERR,ERR,ERR,ERR,ERR,ERR,ERR,ERR,ERR,ERR,ERR,ERR,ERR,ERR,ERR,0.0,0.0,2.6474835549302285e+23,0.0,0.0,1.3936040501711995e+18,7.805,0.0,0,0,4,0,7116,0.0,100,0.0,0.0,0.0,0.0,0.0,0,0,0,0,0.0,0,0,0,0,0,0,0,0,0,0,0,0,0,0,0,0,0,0,0,0,0,0,0,0,0,0,0,0,0,0,0,0,0,31,40,40,71,65476,0,300,0,0,8,21553,0.0,-107605600.0,0.0,0.0,0.0,0.0,0.0,0.0,0.0,0.0,0.0,0.0,0.0,0.0,0.0,0.0,0.0,0.0,0.0,0.0,0.0,0.0,-2.004,2.004,-0.0,0.0,0.0,0.0,0.0,0.0,4493.0,-8608165888.0,6938.0,0.0,0.0,-107615168.0,2.718429120148166e+23,0.0,0.0,0.0,0.0,69,-1.905698635870372e+17,89220.406,0.0,0.0,0.0,0.0,0.0,0.0,0.0,0,0,0,0.0,0.0,0.0,0.0,0.0,0.0,0.0,0.0,0.0,0.0,0.0,0.0,0.0,0.0,0.0,0.0,0,-107875648.0,69,0.0,138,0.0,2.6474720257151824e+23,0,52429,17085,0,17100,39322,17080,0,0,0,70,68,100,0.0,82.4,-107615448.0,77.9,-107615464.0,78.5,1,49,50,180,39322,39322,0,0,0.0,0.0,0.0,0.0,-0.0,67.0,0.0,162057.094,0.0,973,0,998,0,0,0,949,0,1020,0,923,0,789,0,779,0,822,0,7520,0.032,4.121694378969478e+19,0.0,0.0,784,16797,-0.0,162057.094,-114818.039,-0.0,0.133,6.909358625270745e+28,30.0,70.0,35,0.0,0.0,0.0,0.0,0.0,0.0,0.0,0.0,0.0,0.0,0.0,0.0,0.0,0.0,0.0,0.0,66.4,0,150,71,51,65476,0,300,0,0,8,20529,65476,0,0,44564,70.0,0.0,0.0,0.0,0.0,0.0
2026-09-10T21:40:32,ERR,ERR,ERR,ERR,ERR,ERR,ERR,ERR,ERR,ERR,ERR,ERR,ERR,ERR,ERR,ERR,ERR,ERR,ERR,ERR,ERR,ERR,ERR,ERR,ERR,ERR,ERR,ERR,ERR,ERR,ERR,ERR,ERR,ERR,ERR,ERR,ERR,ERR,ERR,ERR,ERR,ERR,ERR,ERR,ERR,ERR,ERR,ERR,ERR,ERR,ERR,ERR,ERR,ERR,ERR,ERR,ERR,ERR,ERR,ERR,ERR,ERR,ERR,ERR,ERR,ERR,ERR,ERR,ERR,ERR,ERR,ERR,ERR,ERR,ERR,ERR,ERR,ERR,ERR,ERR,ERR,ERR,ERR,ERR,ERR,ERR,ERR,ERR,ERR,ERR,ERR,ERR,ERR,ERR,ERR,ERR,ERR,ERR,ERR,ERR,ERR,ERR,ERR,ERR,ERR,ERR,ERR,ERR,ERR,ERR,ERR,ERR,ERR,ERR,ERR,ERR,ERR,ERR,ERR,ERR,ERR,ERR,ERR,ERR,ERR,0.0,0.0,2.6474835549302285e+23,0.0,0.0,1.3936040501711995e+18,7.805,0.0,0,0,4,0,7116,0.0,100,0.0,0.0,0.0,0.0,0.0,0,0,0,0,0.0,0,0,0,0,0,0,0,0,0,0,0,0,0,0,0,0,0,0,0,0,0,0,0,0,0,0,0,0,0,0,0,0,0,31,40,40,71,65476,0,300,0,0,8,21553,0.0,-107605600.0,0.0,0.0,0.0,0.0,0.0,0.0,0.0,0.0,0.0,0.0,0.0,0.0,0.0,0.0,0.0,0.0,0.0,0.0,0.0,0.0,-2.004,2.004,-0.0,0.0,0.0,0.0,0.0,0.0,4493.0,-8608165888.0,6938.0,0.0,0.0,-107615168.0,2.718429120148166e+23,0.0,0.0,0.0,0.0,69,-1.905698635870372e+17,89220.406,0.0,0.0,0.0,0.0,0.0,0.0,0.0,0,0,0,0.0,0.0,0.0,0.0,0.0,0.0,0.0,0.0,0.0,0.0,0.0,0.0,0.0,0.0,0.0,0.0,0,-107875648.0,69,0.0,138,0.0,2.6474720257151824e+23,0,52429,17085,0,17100,39322,17080,0,0,0,70,68,100,0.0,82.4,-107615448.0,77.9,-107615464.0,78.5,1,49,50,180,39322,39322,0,0,0.0,0.0,0.0,0.0,-0.0,67.0,0.0,162057.094,0.0,973,0,998,0,0,0,949,0,1020,0,923,0,789,0,779,0,822,0,7520,0.032,4.121694378969478e+19,0.0,0.0,784,16797,-0.0,162057.094,-114818.039,-0.0,0.133,6.909358625270745e+28,30.0,70.0,35,0.0,0.0,0.0,0.0,0.0,0.0,0.0,0.0,0.0,0.0,0.0,0.0,0.0,0.0,0.0,0.0,66.4,0,150,71,51,65476,0,300,0,0,8,20529,65476,0,0,44564,70.0,0.0,0.0,0.0,0.0,0.0
2026-09-10T21:40:33,ERR,ERR,ERR,ERR,ERR,ERR,ERR,ERR,ERR,ERR,ERR,ERR,ERR,ERR,ERR,ERR,ERR,ERR,ERR,ERR,ERR,ERR,ERR,ERR,ERR,ERR,ERR,ERR,ERR,ERR,ERR,ERR,ERR,ERR,ERR,ERR,ERR,ERR,ERR,ERR,ERR,ERR,ERR,ERR,ERR,ERR,ERR,ERR,ERR,ERR,ERR,ERR,ERR,ERR,ERR,ERR,ERR,ERR,ERR,ERR,ERR,ERR,ERR,ERR,ERR,ERR,ERR,ERR,ERR,ERR,ERR,ERR,ERR,ERR,ERR,ERR,ERR,ERR,ERR,ERR,ERR,ERR,ERR,ERR,ERR,ERR,ERR,ERR,ERR,ERR,ERR,ERR,ERR,ERR,ERR,ERR,ERR,ERR,ERR,ERR,ERR,ERR,ERR,ERR,ERR,ERR,ERR,ERR,ERR,ERR,ERR,ERR,ERR,ERR,ERR,ERR,ERR,ERR,ERR,ERR,ERR,ERR,ERR,ERR,ERR,0.0,0.0,2.6474835549302285e+23,0.0,0.0,1.3936040501711995e+18,7.805,0.0,0,0,4,0,7116,0.0,100,0.0,0.0,0.0,0.0,0.0,0,0,0,0,0.0,0,0,0,0,0,0,0,0,0,0,0,0,0,0,0,0,0,0,0,0,0,0,0,0,0,0,0,0,0,0,0,0,0,31,40,40,71,65476,0,300,0,0,8,21553,0.0,-107605600.0,0.0,0.0,0.0,0.0,0.0,0.0,0.0,0.0,0.0,0.0,0.0,0.0,0.0,0.0,0.0,0.0,0.0,0.0,0.0,0.0,-2.004,2.004,-0.0,0.0,0.0,0.0,0.0,0.0,4493.0,-8608165888.0,6938.0,0.0,0.0,-107615168.0,2.718429120148166e+23,0.0,0.0,0.0,0.0,69,-1.905698635870372e+17,89220.406,0.0,0.0,0.0,0.0,0.0,0.0,0.0,0,0,0,0.0,0.0,0.0,0.0,0.0,0.0,0.0,0.0,0.0,0.0,0.0,0.0,0.0,0.0,0.0,0.0,0,-107875648.0,69,0.0,138,0.0,2.6474720257151824e+23,0,52429,17085,0,17100,39322,17080,0,0,0,70,68,100,0.0,82.4,-107615448.0,77.9,-107615464.0,78.5,1,49,50,180,39322,39322,0,0,0.0,0.0,0.0,0.0,-0.0,67.0,0.0,162057.094,0.0,973,0,998,0,0,0,949,0,1020,0,923,0,789,0,779,0,822,0,7520,0.032,4.121694378969478e+19,0.0,0.0,784,16797,-0.0,162057.094,-114818.039,-0.0,0.133,6.909358625270745e+28,30.0,70.0,35,0.0,0.0,0.0,0.0,0.0,0.0,0.0,0.0,0.0,0.0,0.0,0.0,0.0,0.0,0.0,0.0,66.4,0,150,71,51,65476,0,300,0,0,8,20529,65476,0,0,44564,70.0,0.0,0.0,0.0,0.0,0.0
2026-09-10T21:40:34,ERR,ERR,ERR,ERR,ERR,ERR,ERR,ERR,ERR,ERR,ERR,ERR,ERR,ERR,ERR,ERR,ERR,ERR,ERR,ERR,ERR,ERR,ERR,ERR,ERR,ERR,ERR,ERR,ERR,ERR,ERR,ERR,ERR,ERR,ERR,ERR,ERR,ERR,ERR,ERR,ERR,ERR,ERR,ERR,ERR,ERR,ERR,ERR,ERR,ERR,ERR,ERR,ERR,ERR,ERR,ERR,ERR,ERR,ERR,ERR,ERR,ERR,ERR,ERR,ERR,ERR,ERR,ERR,ERR,ERR,ERR,ERR,ERR,ERR,ERR,ERR,ERR,ERR,ERR,ERR,ERR,ERR,ERR,ERR,ERR,ERR,ERR,ERR,ERR,ERR,ERR,ERR,ERR,ERR,ERR,ERR,ERR,ERR,ERR,ERR,ERR,ERR,ERR,ERR,ERR,ERR,ERR,ERR,ERR,ERR,ERR,ERR,ERR,ERR,ERR,ERR,ERR,ERR,ERR,ERR,ERR,ERR,ERR,ERR,ERR,0.0,0.0,2.6474835549302285e+23,0.0,0.0,1.3936040501711995e+18,7.805,0.0,0,0,4,0,7116,0.0,100,0.0,0.0,0.0,0.0,0.0,0,0,0,0,0.0,0,0,0,0,0,0,0,0,0,0,0,0,0,0,0,0,0,0,0,0,0,0,0,0,0,0,0,0,0,0,0,0,0,31,40,40,71,65476,0,300,0,0,8,21553,0.0,-107605600.0,0.0,0.0,0.0,0.0,0.0,0.0,0.0,0.0,0.0,0.0,0.0,0.0,0.0,0.0,0.0,0.0,0.0,0.0,0.0,0.0,-2.004,2.004,-0.0,0.0,0.0,0.0,0.0,0.0,4493.0,-8608165888.0,6938.0,0.0,0.0,-107615168.0,2.718429120148166e+23,0.0,0.0,0.0,0.0,69,-1.905698635870372e+17,89220.406,0.0,0.0,0.0,0.0,0.0,0.0,0.0,0,0,0,0.0,0.0,0.0,0.0,0.0,0.0,0.0,0.0,0.0,0.0,0.0,0.0,0.0,0.0,0.0,0.0,0,-107875648.0,69,0.0,138,0.0,2.6474720257151824e+23,0,52429,17085,0,17100,39322,17080,0,0,0,70,68,100,0.0,82.4,-107615448.0,77.9,-107615464.0,78.5,1,49,50,180,39322,39322,0,0,0.0,0.0,0.0,0.0,-0.0,67.0,0.0,162057.094,0.0,973,0,998,0,0,0,949,0,1020,0,923,0,789,0,779,0,822,0,7520,0.032,4.121694378969478e+19,0.0,0.0,784,16797,-0.0,162057.094,-114818.039,-0.0,0.133,6.909358625270745e+28,30.0,70.0,35,0.0,0.0,0.0,0.0,0.0,0.0,0.0,0.0,0.0,0.0,0.0,0.0,0.0,0.0,0.0,0.0,66.4,0,150,71,51,65476,0,300,0,0,8,20529,65476,0,0,44564,70.0,0.0,0.0,0.0,0.0,0.0
2026-09-10T21:40:35,ERR,ERR,ERR,ERR,ERR,ERR,ERR,ERR,ERR,ERR,ERR,ERR,ERR,ERR,ERR,ERR,ERR,ERR,ERR,ERR,ERR,ERR,ERR,ERR,ERR,ERR,ERR,ERR,ERR,ERR,ERR,ERR,ERR,ERR,ERR,ERR,ERR,ERR,ERR,ERR,ERR,ERR,ERR,ERR,ERR,ERR,ERR,ERR,ERR,ERR,ERR,ERR,ERR,ERR,ERR,ERR,ERR,ERR,ERR,ERR,ERR,ERR,ERR,ERR,ERR,ERR,ERR,ERR,ERR,ERR,ERR,ERR,ERR,ERR,ERR,ERR,ERR,ERR,ERR,ERR,ERR,ERR,ERR,ERR,ERR,ERR,ERR,ERR,ERR,ERR,ERR,ERR,ERR,ERR,ERR,ERR,ERR,ERR,ERR,ERR,ERR,ERR,ERR,ERR,ERR,ERR,ERR,ERR,ERR,ERR,ERR,ERR,ERR,ERR,ERR,ERR,ERR,ERR,ERR,ERR,ERR,ERR,ERR,ERR,ERR,0.0,0.0,2.6474835549302285e+23,0.0,0.0,1.3936040501711995e+18,7.805,0.0,0,0,4,0,7116,0.0,100,0.0,0.0,0.0,0.0,0.0,0,0,0,0,0.0,0,0,0,0,0,0,0,0,0,0,0,0,0,0,0,0,0,0,0,0,0,0,0,0,0,0,0,0,0,0,0,0,0,31,40,40,71,65476,0,300,0,0,8,21553,0.0,-107605600.0,0.0,0.0,0.0,0.0,0.0,0.0,0.0,0.0,0.0,0.0,0.0,0.0,0.0,0.0,0.0,0.0,0.0,0.0,0.0,0.0,-2.004,2.004,-0.0,0.0,0.0,0.0,0.0,0.0,4493.0,-8608165888.0,6938.0,0.0,0.0,-107615168.0,2.718429120148166e+23,0.0,0.0,0.0,0.0,69,-1.905698635870372e+17,89220.406,0.0,0.0,0.0,0.0,0.0,0.0,0.0,0,0,0,0.0,0.0,0.0,0.0,0.0,0.0,0.0,0.0,0.0,0.0,0.0,0.0,0.0,0.0,0.0,0.0,0,-107875648.0,69,0.0,138,0.0,2.6474720257151824e+23,0,39322,17085,52429,17099,39322,17080,0,0,0,70,68,100,2.7302399002429377e+23,82.4,-107615448.0,77.9,-107615464.0,78.5,1,49,50,180,39322,39322,0,0,0.0,0.0,0.0,0.0,-0.0,67.0,0.0,162057.094,0.0,973,0,997,0,0,0,949,0,1020,0,923,0,789,0,779,0,822,0,7520,0.032,4.121694378969478e+19,0.0,0.0,784,16797,-0.0,162057.094,-114818.039,-0.0,0.133,6.909358625270745e+28,30.0,70.0,35,0.0,0.0,0.0,0.0,0.0,0.0,0.0,0.0,0.0,0.0,0.0,0.0,0.0,0.0,0.0,0.0,66.4,0,150,71,51,65476,0,300,0,0,8,20529,65476,0,0,44564,70.0,0.0,0.0,0.0,0.0,0.0
2026-09-10T21:40:36,ERR,ERR,ERR,ERR,ERR,ERR,ERR,ERR,ERR,ERR,ERR,ERR,ERR,ERR,ERR,ERR,ERR,ERR,ERR,ERR,ERR,ERR,ERR,ERR,ERR,ERR,ERR,ERR,ERR,ERR,ERR,ERR,ERR,ERR,ERR,ERR,ERR,ERR,ERR,ERR,ERR,ERR,ERR,ERR,ERR,ERR,ERR,ERR,ERR,ERR,ERR,ERR,ERR,ERR,ERR,ERR,ERR,ERR,ERR,ERR,ERR,ERR,ERR,ERR,ERR,ERR,ERR,ERR,ERR,ERR,ERR,ERR,ERR,ERR,ERR,ERR,ERR,ERR,ERR,ERR,ERR,ERR,ERR,ERR,ERR,ERR,ERR,ERR,ERR,ERR,ERR,ERR,ERR,ERR,ERR,ERR,ERR,ERR,ERR,ERR,ERR,ERR,ERR,ERR,ERR,ERR,ERR,ERR,ERR,ERR,ERR,ERR,ERR,ERR,ERR,ERR,ERR,ERR,ERR,ERR,ERR,ERR,ERR,ERR,ERR,0.0,0.0,2.6474835549302285e+23,0.0,0.0,1.3936040501711995e+18,7.805,0.0,0,0,4,0,7116,0.0,100,0.0,0.0,0.0,0.0,0.0,0,0,0,0,0.0,0,0,0,0,0,0,0,0,0,0,0,0,0,0,0,0,0,0,0,0,0,0,0,0,0,0,0,0,0,0,0,0,0,31,40,40,71,65476,0,300,0,0,8,21553,0.0,-107605600.0,0.0,0.0,0.0,0.0,0.0,0.0,0.0,0.0,0.0,0.0,0.0,0.0,0.0,0.0,0.0,0.0,0.0,0.0,0.0,0.0,-2.004,2.004,-0.0,0.0,0.0,0.0,0.0,0.0,4493.0,-8608165888.0,6938.0,0.0,0.0,-107615168.0,2.718429120148166e+23,0.0,0.0,0.0,0.0,69,-1.905698635870372e+17,89220.406,0.0,0.0,0.0,0.0,0.0,0.0,0.0,0,0,0,0.0,0.0,0.0,0.0,0.0,0.0,0.0,0.0,0.0,0.0,0.0,0.0,0.0,0.0,0.0,0.0,0,-107875648.0,69,0.0,138,0.0,2.6474720257151824e+23,0,39322,17085,52429,17099,39322,17080,0,0,0,70,68,100,2.7302399002429377e+23,82.4,-107615448.0,77.9,-107615464.0,78.5,1,49,50,180,39322,39322,0,0,0.0,0.0,0.0,0.0,-0.0,67.0,0.0,162057.094,0.0,973,0,997,0,0,0,949,0,1020,0,923,0,789,0,779,0,822,0,7520,0.032,4.121694378969478e+19,0.0,0.0,784,16797,-0.0,162057.094,-114818.039,-0.0,0.133,6.909358625270745e+28,30.0,70.0,35,0.0,0.0,0.0,0.0,0.0,0.0,0.0,0.0,0.0,0.0,0.0,0.0,0.0,0.0,0.0,0.0,66.4,0,150,71,51,65476,0,300,0,0,8,20529,65476,0,0,44564,70.0,0.0,0.0,0.0,0.0,0.0
2026-09-10T21:40:37,ERR,ERR,ERR,ERR,ERR,ERR,ERR,ERR,ERR,ERR,ERR,ERR,ERR,ERR,ERR,ERR,ERR,ERR,ERR,ERR,ERR,ERR,ERR,ERR,ERR,ERR,ERR,ERR,ERR,ERR,ERR,ERR,ERR,ERR,ERR,ERR,ERR,ERR,ERR,ERR,ERR,ERR,ERR,ERR,ERR,ERR,ERR,ERR,ERR,ERR,ERR,ERR,ERR,ERR,ERR,ERR,ERR,ERR,ERR,ERR,ERR,ERR,ERR,ERR,ERR,ERR,ERR,ERR,ERR,ERR,ERR,ERR,ERR,ERR,ERR,ERR,ERR,ERR,ERR,ERR,ERR,ERR,ERR,ERR,ERR,ERR,ERR,ERR,ERR,ERR,ERR,ERR,ERR,ERR,ERR,ERR,ERR,ERR,ERR,ERR,ERR,ERR,ERR,ERR,ERR,ERR,ERR,ERR,ERR,ERR,ERR,ERR,ERR,ERR,ERR,ERR,ERR,ERR,ERR,ERR,ERR,ERR,ERR,ERR,ERR,0.0,0.0,2.6474835549302285e+23,0.0,0.0,1.3936040501711995e+18,7.805,0.0,0,0,4,0,7116,0.0,100,0.0,0.0,0.0,0.0,0.0,0,0,0,0,0.0,0,0,0,0,0,0,0,0,0,0,0,0,0,0,0,0,0,0,0,0,0,0,0,0,0,0,0,0,0,0,0,0,0,31,40,40,71,65476,0,300,0,0,8,21553,0.0,-107605600.0,0.0,0.0,0.0,0.0,0.0,0.0,0.0,0.0,0.0,0.0,0.0,0.0,0.0,0.0,0.0,0.0,0.0,0.0,0.0,0.0,-2.004,0.0,-0.0,0.0,0.0,0.0,0.0,0.0,4484.0,-1.0406634001529092e+34,6943.0,0.0,0.0,-107615168.0,2.718429120148166e+23,0.0,0.0,0.0,0.0,69,-0.0,4.066846102228181e+29,0.0,0.0,0.0,0.0,0.0,0.0,0.0,0,0,0,0.0,0.0,0.0,0.0,0.0,0.0,0.0,0.0,0.0,0.0,0.0,0.0,0.0,0.0,0.0,0.0,0,-107875648.0,69,0.0,138,0.0,2.6474720257151824e+23,0,39322,17085,52429,17099,39322,17080,0,0,0,70,68,100,2.7302399002429377e+23,82.4,-107615448.0,77.9,-107615464.0,78.5,1,49,50,180,39322,39322,0,0,0.0,0.0,0.0,0.0,-0.0,67.0,0.0,162057.094,0.0,973,0,997,0,0,0,949,0,1020,0,923,0,789,0,779,0,822,0,7520,0.032,4.121694378969478e+19,0.0,0.0,784,16797,-0.0,162057.094,-114818.039,-0.0,0.133,6.909358625270745e+28,30.0,70.0,35,0.0,0.0,0.0,0.0,0.0,0.0,0.0,0.0,0.0,0.0,0.0,0.0,0.0,0.0,0.0,0.0,66.4,0,150,71,51,65476,0,300,0,0,8,20529,65476,0,0,44564,70.0,0.0,0.0,0.0,0.0,0.0
2026-09-10T21:40:38,ERR,ERR,ERR,ERR,ERR,ERR,ERR,ERR,ERR,ERR,ERR,ERR,ERR,ERR,ERR,ERR,ERR,ERR,ERR,ERR,ERR,ERR,ERR,ERR,ERR,ERR,ERR,ERR,ERR,ERR,ERR,ERR,ERR,ERR,ERR,ERR,ERR,ERR,ERR,ERR,ERR,ERR,ERR,ERR,ERR,ERR,ERR,ERR,ERR,ERR,ERR,ERR,ERR,ERR,ERR,ERR,ERR,ERR,ERR,ERR,ERR,ERR,ERR,ERR,ERR,ERR,ERR,ERR,ERR,ERR,ERR,ERR,ERR,ERR,ERR,ERR,ERR,ERR,ERR,ERR,ERR,ERR,ERR,ERR,ERR,ERR,ERR,ERR,ERR,ERR,ERR,ERR,ERR,ERR,ERR,ERR,ERR,ERR,ERR,ERR,ERR,ERR,ERR,ERR,ERR,ERR,ERR,ERR,ERR,ERR,ERR,ERR,ERR,ERR,ERR,ERR,ERR,ERR,ERR,ERR,ERR,ERR,ERR,ERR,ERR,0.0,0.0,2.6474835549302285e+23,0.0,0.0,1.3936040501711995e+18,7.805,0.0,0,0,4,0,7116,0.0,100,0.0,0.0,0.0,0.0,0.0,0,0,0,0,0.0,0,0,0,0,0,0,0,0,0,0,0,0,0,0,0,0,0,0,0,0,0,0,0,0,0,0,0,0,0,0,0,0,0,31,40,40,71,65476,0,300,0,0,8,21553,0.0,-107605600.0,0.0,0.0,0.0,0.0,0.0,0.0,0.0,0.0,0.0,0.0,0.0,0.0,0.0,0.0,0.0,0.0,0.0,0.0,0.0,0.0,-2.004,0.0,-0.0,0.0,0.0,0.0,0.0,0.0,4484.0,-1.0406634001529092e+34,6943.0,0.0,0.0,-107615168.0,2.718429120148166e+23,0.0,0.0,0.0,0.0,69,-0.0,4.066846102228181e+29,0.0,0.0,0.0,0.0,0.0,0.0,0.0,0,0,0,0.0,0.0,0.0,0.0,0.0,0.0,0.0,0.0,0.0,0.0,0.0,0.0,0.0,0.0,0.0,0.0,0,-107875648.0,69,0.0,138,0.0,2.6474720257151824e+23,0,39322,17085,52429,17099,39322,17080,0,0,0,70,68,100,2.7302399002429377e+23,82.4,-107615448.0,77.9,-107615464.0,78.5,1,49,50,180,39322,39322,0,0,0.0,0.0,0.0,0.0,-0.0,67.0,0.0,162057.094,0.0,973,0,997,0,0,0,949,0,1020,0,923,0,789,0,779,0,822,0,7520,0.032,4.121694378969478e+19,0.0,0.0,784,16797,-0.0,162057.094,-114818.039,-0.0,0.133,6.909358625270745e+28,30.0,70.0,35,0.0,0.0,0.0,0.0,0.0,0.0,0.0,0.0,0.0,0.0,0.0,0.0,0.0,0.0,0.0,0.0,66.4,0,150,71,51,65476,0,300,0,0,8,20529,65476,0,0,44564,70.0,0.0,0.0,0.0,0.0,0.0
2026-09-10T21:40:39,ERR,ERR,ERR,ERR,ERR,ERR,ERR,ERR,ERR,ERR,ERR,ERR,ERR,ERR,ERR,ERR,ERR,ERR,ERR,ERR,ERR,ERR,ERR,ERR,ERR,ERR,ERR,ERR,ERR,ERR,ERR,ERR,ERR,ERR,ERR,ERR,ERR,ERR,ERR,ERR,ERR,ERR,ERR,ERR,ERR,ERR,ERR,ERR,ERR,ERR,ERR,ERR,ERR,ERR,ERR,ERR,ERR,ERR,ERR,ERR,ERR,ERR,ERR,ERR,ERR,ERR,ERR,ERR,ERR,ERR,ERR,ERR,ERR,ERR,ERR,ERR,ERR,ERR,ERR,ERR,ERR,ERR,ERR,ERR,ERR,ERR,ERR,ERR,ERR,ERR,ERR,ERR,ERR,ERR,ERR,ERR,ERR,ERR,ERR,ERR,ERR,ERR,ERR,ERR,ERR,ERR,ERR,ERR,ERR,ERR,ERR,ERR,ERR,ERR,ERR,ERR,ERR,ERR,ERR,ERR,ERR,ERR,ERR,ERR,ERR,0.0,0.0,2.6474835549302285e+23,0.0,0.0,1.3936040501711995e+18,7.805,0.0,0,0,4,0,7116,0.0,100,0.0,0.0,0.0,0.0,0.0,0,0,0,0,0.0,0,0,0,0,0,0,0,0,0,0,0,0,0,0,0,0,0,0,0,0,0,0,0,0,0,0,0,0,0,0,0,0,0,31,40,40,71,65476,0,300,0,0,8,21553,0.0,-107605600.0,0.0,0.0,0.0,0.0,0.0,0.0,0.0,0.0,0.0,0.0,0.0,0.0,0.0,0.0,0.0,0.0,0.0,0.0,0.0,0.0,-2.004,0.0,-0.0,0.0,0.0,0.0,0.0,0.0,4484.0,-1.0406634001529092e+34,6943.0,0.0,0.0,-107615168.0,2.718429120148166e+23,0.0,0.0,0.0,0.0,69,-0.0,4.066846102228181e+29,0.0,0.0,0.0,0.0,0.0,0.0,0.0,0,0,0,0.0,0.0,0.0,0.0,0.0,0.0,0.0,0.0,0.0,0.0,0.0,0.0,0.0,0.0,0.0,0.0,0,-107875648.0,69,0.0,138,0.0,2.6474720257151824e+23,0,39322,17085,52429,17099,39322,17080,0,0,0,70,68,100,2.7302399002429377e+23,82.4,-107615448.0,77.9,-107615464.0,78.5,1,49,50,180,39322,39322,0,0,0.0,0.0,0.0,0.0,-0.0,67.0,0.0,162057.094,0.0,973,0,997,0,0,0,949,0,1020,0,923,0,789,0,779,0,822,0,7520,0.032,4.121694378969478e+19,0.0,0.0,784,16797,-0.0,162057.094,-114818.039,-0.0,0.133,6.909358625270745e+28,30.0,70.0,35,0.0,0.0,0.0,0.0,0.0,0.0,0.0,0.0,0.0,0.0,0.0,0.0,0.0,0.0,0.0,0.0,66.4,0,150,71,51,65476,0,300,0,0,8,20529,65476,0,0,44564,70.0,0.0,0.0,0.0,0.0,0.0
2026-09-10T21:40:40,ERR,ERR,ERR,ERR,ERR,ERR,ERR,ERR,ERR,ERR,ERR,ERR,ERR,ERR,ERR,ERR,ERR,ERR,ERR,ERR,ERR,ERR,ERR,ERR,ERR,ERR,ERR,ERR,ERR,ERR,ERR,ERR,ERR,ERR,ERR,ERR,ERR,ERR,ERR,ERR,ERR,ERR,ERR,ERR,ERR,ERR,ERR,ERR,ERR,ERR,ERR,ERR,ERR,ERR,ERR,ERR,ERR,ERR,ERR,ERR,ERR,ERR,ERR,ERR,ERR,ERR,ERR,ERR,ERR,ERR,ERR,ERR,ERR,ERR,ERR,ERR,ERR,ERR,ERR,ERR,ERR,ERR,ERR,ERR,ERR,ERR,ERR,ERR,ERR,ERR,ERR,ERR,ERR,ERR,ERR,ERR,ERR,ERR,ERR,ERR,ERR,ERR,ERR,ERR,ERR,ERR,ERR,ERR,ERR,ERR,ERR,ERR,ERR,ERR,ERR,ERR,ERR,ERR,ERR,ERR,ERR,ERR,ERR,ERR,ERR,0.0,0.0,2.6474835549302285e+23,0.0,0.0,1.3936040501711995e+18,7.805,0.0,0,0,4,0,7116,0.0,100,0.0,0.0,0.0,0.0,0.0,0,0,0,0,0.0,0,0,0,0,0,0,0,0,0,0,0,0,0,0,0,0,0,0,0,0,0,0,0,0,0,0,0,0,0,0,0,0,0,31,40,40,71,65476,0,300,0,0,8,21553,0.0,-107605600.0,0.0,0.0,0.0,0.0,0.0,0.0,0.0,0.0,0.0,0.0,0.0,0.0,0.0,0.0,0.0,0.0,0.0,0.0,0.0,0.0,-2.004,0.0,-0.0,0.0,0.0,0.0,0.0,0.0,4484.0,-1.0406634001529092e+34,6943.0,0.0,0.0,-107615168.0,2.718429120148166e+23,0.0,0.0,0.0,0.0,69,-0.0,4.066846102228181e+29,0.0,0.0,0.0,0.0,0.0,0.0,0.0,0,0,0,0.0,0.0,0.0,0.0,0.0,0.0,0.0,0.0,0.0,0.0,0.0,0.0,0.0,0.0,0.0,0.0,0,-107875648.0,69,0.0,138,0.0,2.6474720257151824e+23,0,39322,17085,52429,17099,39322,17080,0,0,0,70,68,100,2.7302399002429377e+23,82.4,-107615448.0,77.9,-107615464.0,78.5,1,49,50,180,39322,39322,0,0,0.0,0.0,0.0,0.0,-0.0,67.0,0.0,162057.094,0.0,973,0,997,0,0,0,949,0,1020,0,923,0,789,0,779,0,822,0,7520,0.032,4.121694378969478e+19,0.0,0.0,784,16797,-0.0,162057.094,-114818.039,-0.0,0.133,6.909358625270745e+28,30.0,70.0,35,0.0,0.0,0.0,0.0,0.0,0.0,0.0,0.0,0.0,0.0,0.0,0.0,0.0,0.0,0.0,0.0,66.4,0,150,71,51,65476,0,300,0,0,8,20529,65476,0,0,44564,70.0,0.0,0.0,0.0,0.0,0.0
2026-09-10T21:40:41,ERR,ERR,ERR,ERR,ERR,ERR,ERR,ERR,ERR,ERR,ERR,ERR,ERR,ERR,ERR,ERR,ERR,ERR,ERR,ERR,ERR,ERR,ERR,ERR,ERR,ERR,ERR,ERR,ERR,ERR,ERR,ERR,ERR,ERR,ERR,ERR,ERR,ERR,ERR,ERR,ERR,ERR,ERR,ERR,ERR,ERR,ERR,ERR,ERR,ERR,ERR,ERR,ERR,ERR,ERR,ERR,ERR,ERR,ERR,ERR,ERR,ERR,ERR,ERR,ERR,ERR,ERR,ERR,ERR,ERR,ERR,ERR,ERR,ERR,ERR,ERR,ERR,ERR,ERR,ERR,ERR,ERR,ERR,ERR,ERR,ERR,ERR,ERR,ERR,ERR,ERR,ERR,ERR,ERR,ERR,ERR,ERR,ERR,ERR,ERR,ERR,ERR,ERR,ERR,ERR,ERR,ERR,ERR,ERR,ERR,ERR,ERR,ERR,ERR,ERR,ERR,ERR,ERR,ERR,ERR,ERR,ERR,ERR,ERR,ERR,0.0,0.0,2.6474835549302285e+23,0.0,0.0,1.3936040501711995e+18,7.805,0.0,0,0,4,0,7116,0.0,100,0.0,0.0,0.0,0.0,0.0,0,0,0,0,0.0,0,0,0,0,0,0,0,0,0,0,0,0,0,0,0,0,0,0,0,0,0,0,0,0,0,0,0,0,0,0,0,0,0,31,40,40,71,65476,0,300,0,0,8,21553,0.0,-107605600.0,0.0,0.0,0.0,0.0,0.0,0.0,0.0,0.0,0.0,0.0,0.0,0.0,0.0,0.0,0.0,0.0,0.0,0.0,0.0,0.0,-2.004,0.0,-0.0,0.0,0.0,0.0,0.0,0.0,4484.0,-1.0406634001529092e+34,6943.0,0.0,0.0,-107615168.0,2.718429120148166e+23,0.0,0.0,0.0,0.0,69,-0.0,4.066846102228181e+29,0.0,0.0,0.0,0.0,0.0,0.0,0.0,0,0,0,0.0,0.0,0.0,0.0,0.0,0.0,0.0,0.0,0.0,0.0,0.0,0.0,0.0,0.0,0.0,0.0,0,-107875648.0,69,0.0,138,0.0,2.6474720257151824e+23,0,52429,17085,0,17100,39322,17080,0,0,0,70,68,100,2.7302399002429377e+23,82.4,-107615448.0,77.9,-107615464.0,78.5,1,49,50,180,39322,26215,0,0,0.0,0.0,0.0,0.0,-0.0,67.0,0.0,162057.094,0.0,973,0,997,0,0,0,949,0,1019,0,923,0,789,0,779,0,822,0,7520,0.032,4.928739432194271e+19,0.0,0.0,784,16797,-0.0,162057.094,-114818.039,-0.0,0.133,6.909358625270745e+28,30.0,70.0,35,0.0,0.0,0.0,0.0,0.0,0.0,0.0,0.0,0.0,0.0,0.0,0.0,0.0,0.0,0.0,0.0,66.4,0,150,71,51,65476,0,300,0,0,8,20529,65476,0,0,44564,70.0,0.0,0.0,0.0,0.0,0.0
2026-09-10T21:40:42,ERR,ERR,ERR,ERR,ERR,ERR,ERR,ERR,ERR,ERR,ERR,ERR,ERR,ERR,ERR,ERR,ERR,ERR,ERR,ERR,ERR,ERR,ERR,ERR,ERR,ERR,ERR,ERR,ERR,ERR,ERR,ERR,ERR,ERR,ERR,ERR,ERR,ERR,ERR,ERR,ERR,ERR,ERR,ERR,ERR,ERR,ERR,ERR,ERR,ERR,ERR,ERR,ERR,ERR,ERR,ERR,ERR,ERR,ERR,ERR,ERR,ERR,ERR,ERR,ERR,ERR,ERR,ERR,ERR,ERR,ERR,ERR,ERR,ERR,ERR,ERR,ERR,ERR,ERR,ERR,ERR,ERR,ERR,ERR,ERR,ERR,ERR,ERR,ERR,ERR,ERR,ERR,ERR,ERR,ERR,ERR,ERR,ERR,ERR,ERR,ERR,ERR,ERR,ERR,ERR,ERR,ERR,ERR,ERR,ERR,ERR,ERR,ERR,ERR,ERR,ERR,ERR,ERR,ERR,ERR,ERR,ERR,ERR,ERR,ERR,0.0,0.0,2.6474835549302285e+23,0.0,0.0,1.3936040501711995e+18,7.805,0.0,0,0,4,0,7116,0.0,100,0.0,0.0,0.0,0.0,0.0,0,0,0,0,0.0,0,0,0,0,0,0,0,0,0,0,0,0,0,0,0,0,0,0,0,0,0,0,0,0,0,0,0,0,0,0,0,0,0,31,40,40,71,65476,0,300,0,0,8,21553,0.0,-107605600.0,0.0,0.0,0.0,0.0,0.0,0.0,0.0,0.0,0.0,0.0,0.0,0.0,0.0,0.0,0.0,0.0,0.0,0.0,0.0,0.0,-2.004,0.0,-0.0,0.0,0.0,0.0,0.0,0.0,4484.0,-1.0406634001529092e+34,6943.0,0.0,0.0,-107615168.0,2.718429120148166e+23,0.0,0.0,0.0,0.0,69,-0.0,4.066846102228181e+29,0.0,0.0,0.0,0.0,0.0,0.0,0.0,0,0,0,0.0,0.0,0.0,0.0,0.0,0.0,0.0,0.0,0.0,0.0,0.0,0.0,0.0,0.0,0.0,0.0,0,-107875648.0,69,0.0,138,0.0,2.6474720257151824e+23,0,52429,17085,0,17100,39322,17080,0,0,0,70,68,100,2.7302399002429377e+23,82.4,-107615448.0,77.9,-107615464.0,78.5,1,49,50,180,39322,26215,0,0,0.0,0.0,0.0,0.0,-0.0,67.0,0.0,162057.094,0.0,973,0,997,0,0,0,949,0,1019,0,923,0,789,0,779,0,822,0,7520,0.032,4.928739432194271e+19,0.0,0.0,784,16797,-0.0,162057.094,-114818.039,-0.0,0.133,6.909358625270745e+28,30.0,70.0,35,0.0,0.0,0.0,0.0,0.0,0.0,0.0,0.0,0.0,0.0,0.0,0.0,0.0,0.0,0.0,0.0,66.8,0,150,71,51,65476,0,300,0,0,8,20529,65476,0,0,44564,70.0,0.0,0.0,0.0,0.0,0.0
2026-09-10T21:40:43,ERR,ERR,ERR,ERR,ERR,ERR,ERR,ERR,ERR,ERR,ERR,ERR,ERR,ERR,ERR,ERR,ERR,ERR,ERR,ERR,ERR,ERR,ERR,ERR,ERR,ERR,ERR,ERR,ERR,ERR,ERR,ERR,ERR,ERR,ERR,ERR,ERR,ERR,ERR,ERR,ERR,ERR,ERR,ERR,ERR,ERR,ERR,ERR,ERR,ERR,ERR,ERR,ERR,ERR,ERR,ERR,ERR,ERR,ERR,ERR,ERR,ERR,ERR,ERR,ERR,ERR,ERR,ERR,ERR,ERR,ERR,ERR,ERR,ERR,ERR,ERR,ERR,ERR,ERR,ERR,ERR,ERR,ERR,ERR,ERR,ERR,ERR,ERR,ERR,ERR,ERR,ERR,ERR,ERR,ERR,ERR,ERR,ERR,ERR,ERR,ERR,ERR,ERR,ERR,ERR,ERR,ERR,ERR,ERR,ERR,ERR,ERR,ERR,ERR,ERR,ERR,ERR,ERR,ERR,ERR,ERR,ERR,ERR,ERR,ERR,0.0,0.0,2.6474835549302285e+23,0.0,0.0,1.3936040501711995e+18,7.805,0.0,0,0,4,0,7116,0.0,100,0.0,0.0,0.0,0.0,0.0,0,0,0,0,0.0,0,0,0,0,0,0,0,0,0,0,0,0,0,0,0,0,0,0,0,0,0,0,0,0,0,0,0,0,0,0,0,0,0,31,40,40,71,65476,0,300,0,0,8,21553,0.0,-107605600.0,0.0,0.0,0.0,0.0,0.0,0.0,0.0,0.0,0.0,0.0,0.0,0.0,0.0,0.0,0.0,0.0,0.0,0.0,0.0,0.0,-2.004,0.0,-0.0,0.0,0.0,0.0,0.0,0.0,4484.0,-1.0406634001529092e+34,6943.0,0.0,0.0,-107615168.0,2.718429120148166e+23,0.0,0.0,0.0,0.0,69,-0.0,4.066846102228181e+29,0.0,0.0,0.0,0.0,0.0,0.0,0.0,0,0,0,0.0,0.0,0.0,0.0,0.0,0.0,0.0,0.0,0.0,0.0,0.0,0.0,0.0,0.0,0.0,0.0,0,-107875648.0,69,0.0,138,0.0,2.6474720257151824e+23,0,52429,17085,0,17100,39322,17080,0,0,0,70,68,100,2.7302399002429377e+23,82.4,-107615448.0,77.9,-107615464.0,78.5,1,49,50,180,39322,26215,0,0,0.0,0.0,0.0,0.0,-0.0,67.0,0.0,162057.094,0.0,973,0,997,0,0,0,949,0,1019,0,923,0,789,0,779,0,822,0,7520,0.032,4.928739432194271e+19,0.0,0.0,784,16797,-0.0,162057.094,-114818.039,-0.0,0.133,6.909358625270745e+28,30.0,70.0,35,0.0,0.0,0.0,0.0,0.0,0.0,0.0,0.0,0.0,0.0,0.0,0.0,0.0,0.0,0.0,0.0,66.8,0,150,71,51,65476,0,300,0,0,8,20529,65476,0,0,44564,70.0,0.0,0.0,0.0,0.0,0.0
2026-09-10T21:40:44,ERR,ERR,ERR,ERR,ERR,ERR,ERR,ERR,ERR,ERR,ERR,ERR,ERR,ERR,ERR,ERR,ERR,ERR,ERR,ERR,ERR,ERR,ERR,ERR,ERR,ERR,ERR,ERR,ERR,ERR,ERR,ERR,ERR,ERR,ERR,ERR,ERR,ERR,ERR,ERR,ERR,ERR,ERR,ERR,ERR,ERR,ERR,ERR,ERR,ERR,ERR,ERR,ERR,ERR,ERR,ERR,ERR,ERR,ERR,ERR,ERR,ERR,ERR,ERR,ERR,ERR,ERR,ERR,ERR,ERR,ERR,ERR,ERR,ERR,ERR,ERR,ERR,ERR,ERR,ERR,ERR,ERR,ERR,ERR,ERR,ERR,ERR,ERR,ERR,ERR,ERR,ERR,ERR,ERR,ERR,ERR,ERR,ERR,ERR,ERR,ERR,ERR,ERR,ERR,ERR,ERR,ERR,ERR,ERR,ERR,ERR,ERR,ERR,ERR,ERR,ERR,ERR,ERR,ERR,ERR,ERR,ERR,ERR,ERR,ERR,0.0,0.0,2.6474835549302285e+23,0.0,0.0,1.3936040501711995e+18,7.805,0.0,0,0,4,0,7116,0.0,100,0.0,0.0,0.0,0.0,0.0,0,0,0,0,0.0,0,0,0,0,0,0,0,0,0,0,0,0,0,0,0,0,0,0,0,0,0,0,0,0,0,0,0,0,0,0,0,0,0,31,40,40,71,65476,0,300,0,0,8,21553,0.0,-107605600.0,0.0,0.0,0.0,0.0,0.0,0.0,0.0,0.0,0.0,0.0,0.0,0.0,0.0,0.0,0.0,0.0,0.0,0.0,0.0,0.0,-2.004,0.0,-0.0,0.0,0.0,0.0,0.0,0.0,4484.0,-1.0406634001529092e+34,6943.0,0.0,0.0,-107615168.0,2.718429120148166e+23,0.0,0.0,0.0,0.0,69,-0.0,4.066846102228181e+29,0.0,0.0,0.0,0.0,0.0,0.0,0.0,0,0,0,0.0,0.0,0.0,0.0,0.0,0.0,0.0,0.0,0.0,0.0,0.0,0.0,0.0,0.0,0.0,0.0,0,-107875648.0,69,0.0,138,0.0,2.6474720257151824e+23,0,52429,17085,0,17100,39322,17080,0,0,0,70,68,100,2.7302399002429377e+23,82.4,-107615448.0,77.9,-107615464.0,78.5,1,49,50,180,39322,26215,0,0,0.0,0.0,0.0,0.0,-0.0,67.0,0.0,162057.094,0.0,973,0,997,0,0,0,949,0,1019,0,923,0,789,0,779,0,822,0,7520,0.032,4.928739432194271e+19,0.0,0.0,784,16797,-0.0,162057.094,-114818.039,-0.0,0.133,6.909358625270745e+28,30.0,70.0,35,0.0,0.0,0.0,0.0,0.0,0.0,0.0,0.0,0.0,0.0,0.0,0.0,0.0,0.0,0.0,0.0,66.8,0,150,71,51,65476,0,300,0,0,8,20529,65476,0,0,44564,70.0,0.0,0.0,0.0,0.0,0.0
2026-09-10T21:40:45,ERR,ERR,ERR,ERR,ERR,ERR,ERR,ERR,ERR,ERR,ERR,ERR,ERR,ERR,ERR,ERR,ERR,ERR,ERR,ERR,ERR,ERR,ERR,ERR,ERR,ERR,ERR,ERR,ERR,ERR,ERR,ERR,ERR,ERR,ERR,ERR,ERR,ERR,ERR,ERR,ERR,ERR,ERR,ERR,ERR,ERR,ERR,ERR,ERR,ERR,ERR,ERR,ERR,ERR,ERR,ERR,ERR,ERR,ERR,ERR,ERR,ERR,ERR,ERR,ERR,ERR,ERR,ERR,ERR,ERR,ERR,ERR,ERR,ERR,ERR,ERR,ERR,ERR,ERR,ERR,ERR,ERR,ERR,ERR,ERR,ERR,ERR,ERR,ERR,ERR,ERR,ERR,ERR,ERR,ERR,ERR,ERR,ERR,ERR,ERR,ERR,ERR,ERR,ERR,ERR,ERR,ERR,ERR,ERR,ERR,ERR,ERR,ERR,ERR,ERR,ERR,ERR,ERR,ERR,ERR,ERR,ERR,ERR,ERR,ERR,0.0,0.0,0.0,0.0,0.0,1.3936040501711995e+18,7.805,0.0,0,0,4,0,7116,0.0,100,0.0,0.0,0.0,0.0,0.0,0,0,0,0,0.0,0,0,0,0,0,0,0,0,0,0,0,0,0,0,0,0,0,0,0,0,0,0,0,0,0,0,0,0,0,0,0,0,0,31,40,40,71,65476,0,300,0,0,8,21553,0.0,-107605600.0,0.0,0.0,0.0,0.0,0.0,0.0,0.0,0.0,0.0,0.0,0.0,0.0,0.0,0.0,0.0,0.0,0.0,0.0,0.0,0.0,-2.004,0.0,-0.0,-2.004,0.0,0.0,0.0,0.0,4526.0,0.0,6915.0,0.0,0.0,-107615168.0,2.718429120148166e+23,0.0,0.0,0.0,0.0,69,-152018521948160.0,-0.0,0.0,0.0,0.0,0.0,0.0,0.0,0.0,0,0,0,0.0,0.0,0.0,0.0,0.0,0.0,0.0,0.0,0.0,0.0,0.0,0.0,0.0,0.0,0.0,0.0,0,-107875648.0,69,0.0,138,0.0,2.6474720257151824e+23,0,52429,17085,0,17100,39322,17080,0,0,0,70,68,100,2.7302399002429377e+23,82.4,-107615448.0,77.9,-107615464.0,78.5,1,49,50,180,39322,26215,0,0,0.0,0.0,0.0,0.0,-0.0,67.0,0.0,162057.094,0.0,973,0,997,0,0,0,949,0,1019,0,923,0,789,0,779,0,822,0,7520,0.032,4.928739432194271e+19,0.0,0.0,784,16797,-0.0,162057.094,-114818.039,-0.0,0.133,6.909358625270745e+28,30.0,70.0,35,0.0,0.0,0.0,0.0,0.0,0.0,0.0,0.0,0.0,0.0,0.0,0.0,0.0,0.0,0.0,0.0,66.4,0,150,71,51,65476,0,300,0,0,8,20529,65476,0,0,44564,70.0,0.0,0.0,0.0,0.0,0.0
2026-09-10T21:40:46,ERR,ERR,ERR,ERR,ERR,ERR,ERR,ERR,ERR,ERR,ERR,ERR,ERR,ERR,ERR,ERR,ERR,ERR,ERR,ERR,ERR,ERR,ERR,ERR,ERR,ERR,ERR,ERR,ERR,ERR,ERR,ERR,ERR,ERR,ERR,ERR,ERR,ERR,ERR,ERR,ERR,ERR,ERR,ERR,ERR,ERR,ERR,ERR,ERR,ERR,ERR,ERR,ERR,ERR,ERR,ERR,ERR,ERR,ERR,ERR,ERR,ERR,ERR,ERR,ERR,ERR,ERR,ERR,ERR,ERR,ERR,ERR,ERR,ERR,ERR,ERR,ERR,ERR,ERR,ERR,ERR,ERR,ERR,ERR,ERR,ERR,ERR,ERR,ERR,ERR,ERR,ERR,ERR,ERR,ERR,ERR,ERR,ERR,ERR,ERR,ERR,ERR,ERR,ERR,ERR,ERR,ERR,ERR,ERR,ERR,ERR,ERR,ERR,ERR,ERR,ERR,ERR,ERR,ERR,ERR,ERR,ERR,ERR,ERR,ERR,0.0,0.0,0.0,0.0,0.0,1.3936040501711995e+18,7.805,0.0,0,0,4,0,7116,0.0,100,0.0,0.0,0.0,0.0,0.0,0,0,0,0,0.0,0,0,0,0,0,0,0,0,0,0,0,0,0,0,0,0,0,0,0,0,0,0,0,0,0,0,0,0,0,0,0,0,0,31,40,40,71,65476,0,300,0,0,8,21553,0.0,-107605600.0,0.0,0.0,0.0,0.0,0.0,0.0,0.0,0.0,0.0,0.0,0.0,0.0,0.0,0.0,0.0,0.0,0.0,0.0,0.0,0.0,-2.004,0.0,-0.0,-2.004,0.0,0.0,0.0,0.0,4526.0,0.0,6915.0,0.0,0.0,-107615168.0,2.718429120148166e+23,0.0,0.0,0.0,0.0,69,-152018521948160.0,-0.0,0.0,0.0,0.0,0.0,0.0,0.0,0.0,0,0,0,0.0,0.0,0.0,0.0,0.0,0.0,0.0,0.0,0.0,0.0,0.0,0.0,0.0,0.0,0.0,0.0,0,-107875648.0,69,0.0,138,0.0,2.6474720257151824e+23,0,52429,17085,0,17100,39322,17080,0,0,0,70,68,100,2.7302399002429377e+23,82.4,-107615448.0,77.9,-107615464.0,78.5,1,49,50,180,39322,26215,0,0,0.0,0.0,0.0,0.0,-0.0,67.0,0.0,162057.094,0.0,973,0,997,0,0,0,949,0,1019,0,923,0,789,0,779,0,822,0,7520,0.032,4.928739432194271e+19,0.0,0.0,784,16797,-0.0,162057.094,-114818.039,-0.0,0.133,6.909358625270745e+28,30.0,70.0,35,0.0,0.0,0.0,0.0,0.0,0.0,0.0,0.0,0.0,0.0,0.0,0.0,0.0,0.0,0.0,0.0,66.4,0,150,71,51,65476,0,300,0,0,8,20529,65476,0,0,44564,70.0,0.0,0.0,0.0,0.0,0.0
2026-09-10T21:40:47,ERR,ERR,ERR,ERR,ERR,ERR,ERR,ERR,ERR,ERR,ERR,ERR,ERR,ERR,ERR,ERR,ERR,ERR,ERR,ERR,ERR,ERR,ERR,ERR,ERR,ERR,ERR,ERR,ERR,ERR,ERR,ERR,ERR,ERR,ERR,ERR,ERR,ERR,ERR,ERR,ERR,ERR,ERR,ERR,ERR,ERR,ERR,ERR,ERR,ERR,ERR,ERR,ERR,ERR,ERR,ERR,ERR,ERR,ERR,ERR,ERR,ERR,ERR,ERR,ERR,ERR,ERR,ERR,ERR,ERR,ERR,ERR,ERR,ERR,ERR,ERR,ERR,ERR,ERR,ERR,ERR,ERR,ERR,ERR,ERR,ERR,ERR,ERR,ERR,ERR,ERR,ERR,ERR,ERR,ERR,ERR,ERR,ERR,ERR,ERR,ERR,ERR,ERR,ERR,ERR,ERR,ERR,ERR,ERR,ERR,ERR,ERR,ERR,ERR,ERR,ERR,ERR,ERR,ERR,ERR,ERR,ERR,ERR,ERR,ERR,0.0,0.0,0.0,0.0,0.0,1.3936040501711995e+18,7.805,0.0,0,0,4,0,7116,0.0,100,0.0,0.0,0.0,0.0,0.0,0,0,0,0,0.0,0,0,0,0,0,0,0,0,0,0,0,0,0,0,0,0,0,0,0,0,0,0,0,0,0,0,0,0,0,0,0,0,0,31,40,40,71,65476,0,300,0,0,8,21553,0.0,-107605600.0,0.0,0.0,0.0,0.0,0.0,0.0,0.0,0.0,0.0,0.0,0.0,0.0,0.0,0.0,0.0,0.0,0.0,0.0,0.0,0.0,-2.004,0.0,-0.0,-2.004,0.0,0.0,0.0,0.0,4526.0,0.0,6915.0,0.0,0.0,-107615168.0,2.718429120148166e+23,0.0,0.0,0.0,0.0,69,-152018521948160.0,-0.0,0.0,0.0,0.0,0.0,0.0,0.0,0.0,0,0,0,0.0,0.0,0.0,0.0,0.0,0.0,0.0,0.0,0.0,0.0,0.0,0.0,0.0,0.0,0.0,0.0,0,-107875648.0,69,0.0,138,0.0,2.6474720257151824e+23,0,52429,17085,52429,17099,26215,17080,0,0,0,70,68,100,2.7302399002429377e+23,82.4,-107615448.0,77.9,-107615464.0,78.5,1,49,50,180,39322,26215,0,0,0.0,0.0,0.0,0.0,-0.0,67.0,0.0,162057.094,0.0,973,0,997,0,0,0,949,0,1019,0,922,0,789,0,779,0,822,0,7520,0.032,4.40992475512119e+19,0.0,0.0,784,16797,-0.0,162057.094,-114818.039,-0.0,0.133,6.909358625270745e+28,30.0,70.0,35,0.0,0.0,0.0,0.0,0.0,0.0,0.0,0.0,0.0,0.0,0.0,0.0,0.0,0.0,0.0,0.0,66.4,0,150,71,51,65476,0,300,0,0,8,20529,65476,0,0,44564,70.0,0.0,0.0,0.0,0.0,0.0
2026-09-10T21:40:48,ERR,ERR,ERR,ERR,ERR,ERR,ERR,ERR,ERR,ERR,ERR,ERR,ERR,ERR,ERR,ERR,ERR,ERR,ERR,ERR,ERR,ERR,ERR,ERR,ERR,ERR,ERR,ERR,ERR,ERR,ERR,ERR,ERR,ERR,ERR,ERR,ERR,ERR,ERR,ERR,ERR,ERR,ERR,ERR,ERR,ERR,ERR,ERR,ERR,ERR,ERR,ERR,ERR,ERR,ERR,ERR,ERR,ERR,ERR,ERR,ERR,ERR,ERR,ERR,ERR,ERR,ERR,ERR,ERR,ERR,ERR,ERR,ERR,ERR,ERR,ERR,ERR,ERR,ERR,ERR,ERR,ERR,ERR,ERR,ERR,ERR,ERR,ERR,ERR,ERR,ERR,ERR,ERR,ERR,ERR,ERR,ERR,ERR,ERR,ERR,ERR,ERR,ERR,ERR,ERR,ERR,ERR,ERR,ERR,ERR,ERR,ERR,ERR,ERR,ERR,ERR,ERR,ERR,ERR,ERR,ERR,ERR,ERR,ERR,ERR,0.0,0.0,0.0,0.0,0.0,1.3936040501711995e+18,7.805,0.0,0,0,4,0,7116,0.0,100,0.0,0.0,0.0,0.0,0.0,0,0,0,0,0.0,0,0,0,0,0,0,0,0,0,0,0,0,0,0,0,0,0,0,0,0,0,0,0,0,0,0,0,0,0,0,0,0,0,31,40,40,71,65476,0,300,0,0,8,21553,0.0,-107605600.0,0.0,0.0,0.0,0.0,0.0,0.0,0.0,0.0,0.0,0.0,0.0,0.0,0.0,0.0,0.0,0.0,0.0,0.0,0.0,0.0,-2.004,0.0,-0.0,-2.004,0.0,0.0,0.0,0.0,4526.0,0.0,6915.0,0.0,0.0,-107615168.0,2.718429120148166e+23,0.0,0.0,0.0,0.0,69,-152018521948160.0,-0.0,0.0,0.0,0.0,0.0,0.0,0.0,0.0,0,0,0,0.0,0.0,0.0,0.0,0.0,0.0,0.0,0.0,0.0,0.0,0.0,0.0,0.0,0.0,0.0,0.0,0,-107875648.0,69,0.0,138,0.0,2.6474720257151824e+23,0,52429,17085,52429,17099,26215,17080,0,0,0,70,68,100,2.7302399002429377e+23,82.4,-107615448.0,77.9,-107615464.0,78.5,1,49,50,180,39322,26215,0,0,0.0,0.0,0.0,0.0,-0.0,67.0,0.0,162057.094,0.0,973,0,997,0,0,0,949,0,1019,0,922,0,789,0,779,0,822,0,7520,0.032,4.40992475512119e+19,0.0,0.0,784,16797,-0.0,162057.094,-114818.039,-0.0,0.133,6.909358625270745e+28,30.0,70.0,35,0.0,0.0,0.0,0.0,0.0,0.0,0.0,0.0,0.0,0.0,0.0,0.0,0.0,0.0,0.0,0.0,66.4,0,150,71,51,65476,0,300,0,0,8,20529,65476,0,0,44564,70.0,0.0,0.0,0.0,0.0,0.0
2026-09-10T21:40:49,ERR,ERR,ERR,ERR,ERR,ERR,ERR,ERR,ERR,ERR,ERR,ERR,ERR,ERR,ERR,ERR,ERR,ERR,ERR,ERR,ERR,ERR,ERR,ERR,ERR,ERR,ERR,ERR,ERR,ERR,ERR,ERR,ERR,ERR,ERR,ERR,ERR,ERR,ERR,ERR,ERR,ERR,ERR,ERR,ERR,ERR,ERR,ERR,ERR,ERR,ERR,ERR,ERR,ERR,ERR,ERR,ERR,ERR,ERR,ERR,ERR,ERR,ERR,ERR,ERR,ERR,ERR,ERR,ERR,ERR,ERR,ERR,ERR,ERR,ERR,ERR,ERR,ERR,ERR,ERR,ERR,ERR,ERR,ERR,ERR,ERR,ERR,ERR,ERR,ERR,ERR,ERR,ERR,ERR,ERR,ERR,ERR,ERR,ERR,ERR,ERR,ERR,ERR,ERR,ERR,ERR,ERR,ERR,ERR,ERR,ERR,ERR,ERR,ERR,ERR,ERR,ERR,ERR,ERR,ERR,ERR,ERR,ERR,ERR,ERR,0.0,0.0,0.0,0.0,0.0,1.3936040501711995e+18,7.805,0.0,0,0,4,0,7116,0.0,100,0.0,0.0,0.0,0.0,0.0,0,0,0,0,0.0,0,0,0,0,0,0,0,0,0,0,0,0,0,0,0,0,0,0,0,0,0,0,0,0,0,0,0,0,0,0,0,0,0,31,40,40,71,65476,0,300,0,0,8,21553,0.0,-107605600.0,0.0,0.0,0.0,0.0,0.0,0.0,0.0,0.0,0.0,0.0,0.0,0.0,0.0,0.0,0.0,0.0,0.0,0.0,0.0,0.0,-2.004,0.0,-0.0,-2.004,0.0,0.0,0.0,0.0,4526.0,0.0,6915.0,0.0,0.0,-107615168.0,2.718429120148166e+23,0.0,0.0,0.0,0.0,69,-152018521948160.0,-0.0,0.0,0.0,0.0,0.0,0.0,0.0,0.0,0,0,0,0.0,0.0,0.0,0.0,0.0,0.0,0.0,0.0,0.0,0.0,0.0,0.0,0.0,0.0,0.0,0.0,0,-107875648.0,69,0.0,138,0.0,2.6474720257151824e+23,0,52429,17085,52429,17099,26215,17080,0,0,0,70,68,100,2.7302399002429377e+23,82.4,-107615448.0,77.9,-107615464.0,78.5,1,49,50,180,39322,26215,0,0,0.0,0.0,0.0,0.0,-0.0,67.0,0.0,162057.094,0.0,973,0,997,0,0,0,949,0,1019,0,922,0,789,0,779,0,822,0,7520,0.032,4.40992475512119e+19,0.0,0.0,784,16797,-0.0,162057.094,-114818.039,-0.0,0.133,6.909358625270745e+28,30.0,70.0,35,0.0,0.0,0.0,0.0,0.0,0.0,0.0,0.0,0.0,0.0,0.0,0.0,0.0,0.0,0.0,0.0,66.4,0,150,71,51,65476,0,300,0,0,8,20529,65476,0,0,44564,70.0,0.0,0.0,0.0,0.0,0.0
2026-09-10T21:40:50,ERR,ERR,ERR,ERR,ERR,ERR,ERR,ERR,ERR,ERR,ERR,ERR,ERR,ERR,ERR,ERR,ERR,ERR,ERR,ERR,ERR,ERR,ERR,ERR,ERR,ERR,ERR,ERR,ERR,ERR,ERR,ERR,ERR,ERR,ERR,ERR,ERR,ERR,ERR,ERR,ERR,ERR,ERR,ERR,ERR,ERR,ERR,ERR,ERR,ERR,ERR,ERR,ERR,ERR,ERR,ERR,ERR,ERR,ERR,ERR,ERR,ERR,ERR,ERR,ERR,ERR,ERR,ERR,ERR,ERR,ERR,ERR,ERR,ERR,ERR,ERR,ERR,ERR,ERR,ERR,ERR,ERR,ERR,ERR,ERR,ERR,ERR,ERR,ERR,ERR,ERR,ERR,ERR,ERR,ERR,ERR,ERR,ERR,ERR,ERR,ERR,ERR,ERR,ERR,ERR,ERR,ERR,ERR,ERR,ERR,ERR,ERR,ERR,ERR,ERR,ERR,ERR,ERR,ERR,ERR,ERR,ERR,ERR,ERR,ERR,0.0,0.0,0.0,0.0,0.0,1.3936040501711995e+18,7.805,0.0,0,0,4,0,7116,0.0,100,0.0,0.0,0.0,0.0,0.0,0,0,0,0,0.0,0,0,0,0,0,0,0,0,0,0,0,0,0,0,0,0,0,0,0,0,0,0,0,0,0,0,0,0,0,0,0,0,0,31,40,40,71,65476,0,300,0,0,8,21553,0.0,-107605600.0,0.0,0.0,0.0,0.0,0.0,0.0,0.0,0.0,0.0,0.0,0.0,0.0,0.0,0.0,0.0,0.0,0.0,0.0,0.0,0.0,-2.004,0.0,-0.0,-2.004,0.0,0.0,0.0,0.0,4526.0,0.0,6915.0,0.0,0.0,-107615168.0,2.718429120148166e+23,0.0,0.0,0.0,0.0,69,-152018521948160.0,-0.0,0.0,0.0,0.0,0.0,0.0,0.0,0.0,0,0,0,0.0,0.0,0.0,0.0,0.0,0.0,0.0,0.0,0.0,0.0,0.0,0.0,0.0,0.0,0.0,0.0,0,-107875648.0,69,0.0,138,0.0,2.6474720257151824e+23,0,52429,17085,52429,17099,26215,17080,0,0,0,70,68,100,2.7302399002429377e+23,82.4,-107615448.0,77.9,-107615464.0,78.5,1,49,50,180,39322,26215,0,0,0.0,0.0,0.0,0.0,-0.0,67.0,0.0,162057.094,0.0,973,0,997,0,0,0,949,0,1019,0,922,0,789,0,779,0,822,0,7520,0.032,4.40992475512119e+19,0.0,0.0,784,16797,-0.0,162057.094,-114818.039,-0.0,0.133,6.909358625270745e+28,30.0,70.0,35,0.0,0.0,0.0,0.0,0.0,0.0,0.0,0.0,0.0,0.0,0.0,0.0,0.0,0.0,0.0,0.0,66.4,0,150,71,51,65476,0,300,0,0,8,20529,65476,0,0,44564,70.0,0.0,0.0,0.0,0.0,0.0
2026-09-10T21:40:51,ERR,ERR,ERR,ERR,ERR,ERR,ERR,ERR,ERR,ERR,ERR,ERR,ERR,ERR,ERR,ERR,ERR,ERR,ERR,ERR,ERR,ERR,ERR,ERR,ERR,ERR,ERR,ERR,ERR,ERR,ERR,ERR,ERR,ERR,ERR,ERR,ERR,ERR,ERR,ERR,ERR,ERR,ERR,ERR,ERR,ERR,ERR,ERR,ERR,ERR,ERR,ERR,ERR,ERR,ERR,ERR,ERR,ERR,ERR,ERR,ERR,ERR,ERR,ERR,ERR,ERR,ERR,ERR,ERR,ERR,ERR,ERR,ERR,ERR,ERR,ERR,ERR,ERR,ERR,ERR,ERR,ERR,ERR,ERR,ERR,ERR,ERR,ERR,ERR,ERR,ERR,ERR,ERR,ERR,ERR,ERR,ERR,ERR,ERR,ERR,ERR,ERR,ERR,ERR,ERR,ERR,ERR,ERR,ERR,ERR,ERR,ERR,ERR,ERR,ERR,ERR,ERR,ERR,ERR,ERR,ERR,ERR,ERR,ERR,ERR,0.0,0.0,0.0,0.0,0.0,1.3936040501711995e+18,7.805,0.0,0,0,4,0,7116,0.0,100,0.0,0.0,0.0,0.0,0.0,0,0,0,0,0.0,0,0,0,0,0,0,0,0,0,0,0,0,0,0,0,0,0,0,0,0,0,0,0,0,0,0,0,0,0,0,0,0,0,31,40,40,71,65476,0,300,0,0,8,21553,0.0,-107605600.0,0.0,0.0,0.0,0.0,0.0,0.0,0.0,0.0,0.0,0.0,0.0,0.0,0.0,0.0,0.0,0.0,0.0,0.0,0.0,0.0,-2.004,0.0,-0.0,-2.004,0.0,0.0,0.0,0.0,4526.0,0.0,6915.0,0.0,0.0,-107615168.0,2.718429120148166e+23,0.0,0.0,0.0,0.0,69,-152018521948160.0,-0.0,0.0,0.0,0.0,0.0,0.0,0.0,0.0,0,0,0,0.0,0.0,0.0,0.0,0.0,0.0,0.0,0.0,0.0,0.0,0.0,0.0,0.0,0.0,0.0,0.0,0,-107875648.0,69,0.0,138,0.0,2.6474720257151824e+23,0,52429,17085,52429,17099,26215,17080,0,0,0,70,68,100,2.7302399002429377e+23,82.4,-107615448.0,77.9,-107615464.0,78.5,1,49,50,180,39322,26215,0,0,0.0,0.0,0.0,0.0,-0.0,67.0,0.0,162057.094,0.0,973,0,997,0,0,0,949,0,1019,0,922,0,789,0,779,0,822,0,7520,0.032,4.40992475512119e+19,0.0,0.0,784,16797,-0.0,162057.094,-114818.039,-0.0,0.133,6.909358625270745e+28,30.0,70.0,35,0.0,0.0,0.0,0.0,0.0,0.0,0.0,0.0,0.0,0.0,0.0,0.0,0.0,0.0,0.0,0.0,66.4,0,150,71,51,65476,0,300,0,0,8,20529,65476,0,0,44564,70.0,0.0,0.0,0.0,0.0,0.0
2026-09-10T21:40:52,ERR,ERR,ERR,ERR,ERR,ERR,ERR,ERR,ERR,ERR,ERR,ERR,ERR,ERR,ERR,ERR,ERR,ERR,ERR,ERR,ERR,ERR,ERR,ERR,ERR,ERR,ERR,ERR,ERR,ERR,ERR,ERR,ERR,ERR,ERR,ERR,ERR,ERR,ERR,ERR,ERR,ERR,ERR,ERR,ERR,ERR,ERR,ERR,ERR,ERR,ERR,ERR,ERR,ERR,ERR,ERR,ERR,ERR,ERR,ERR,ERR,ERR,ERR,ERR,ERR,ERR,ERR,ERR,ERR,ERR,ERR,ERR,ERR,ERR,ERR,ERR,ERR,ERR,ERR,ERR,ERR,ERR,ERR,ERR,ERR,ERR,ERR,ERR,ERR,ERR,ERR,ERR,ERR,ERR,ERR,ERR,ERR,ERR,ERR,ERR,ERR,ERR,ERR,ERR,ERR,ERR,ERR,ERR,ERR,ERR,ERR,ERR,ERR,ERR,ERR,ERR,ERR,ERR,ERR,ERR,ERR,ERR,ERR,ERR,ERR,0.0,0.0,0.0,0.0,0.0,1.3936040501711995e+18,7.805,0.0,0,0,4,0,7116,0.0,100,0.0,0.0,0.0,0.0,0.0,0,0,0,0,0.0,0,0,0,0,0,0,0,0,0,0,0,0,0,0,0,0,0,0,0,0,0,0,0,0,0,0,0,0,0,0,0,0,0,31,40,40,71,65476,0,300,0,0,8,21553,0.0,-107605600.0,0.0,0.0,0.0,0.0,0.0,0.0,0.0,0.0,0.0,0.0,0.0,0.0,0.0,0.0,0.0,0.0,0.0,0.0,0.0,0.0,-2.004,0.0,-0.0,-2.004,0.0,0.0,0.0,0.0,4526.0,0.0,6915.0,0.0,0.0,-107615168.0,2.718429120148166e+23,0.0,0.0,0.0,0.0,69,-152018521948160.0,-0.0,0.0,0.0,0.0,0.0,0.0,0.0,0.0,0,0,0,0.0,0.0,0.0,0.0,0.0,0.0,0.0,0.0,0.0,0.0,0.0,0.0,0.0,0.0,0.0,0.0,0,-107875648.0,69,0.0,138,0.0,2.6474720257151824e+23,0,39322,17085,52429,17099,26215,17080,0,0,0,70,68,100,2.7302399002429377e+23,82.4,-107615448.0,77.9,-107615464.0,78.5,1,49,50,180,39322,26215,0,0,0.0,0.0,0.0,0.0,-0.0,67.0,0.0,162057.094,0.0,973,0,997,0,0,0,948,0,1019,0,921,0,789,0,779,0,822,0,7520,0.032,4.150517416584649e+19,0.0,0.0,784,16797,-0.0,162057.094,-114818.039,-0.0,0.133,6.909358625270745e+28,30.0,70.0,35,0.0,0.0,0.0,0.0,0.0,0.0,0.0,0.0,0.0,0.0,0.0,0.0,0.0,0.0,0.0,0.0,66.4,0,150,71,51,65476,0,300,0,0,8,20529,65476,0,0,44564,70.0,0.0,0.0,0.0,0.0,0.0
2026-09-10T21:40:53,ERR,ERR,ERR,ERR,ERR,ERR,ERR,ERR,ERR,ERR,ERR,ERR,ERR,ERR,ERR,ERR,ERR,ERR,ERR,ERR,ERR,ERR,ERR,ERR,ERR,ERR,ERR,ERR,ERR,ERR,ERR,ERR,ERR,ERR,ERR,ERR,ERR,ERR,ERR,ERR,ERR,ERR,ERR,ERR,ERR,ERR,ERR,ERR,ERR,ERR,ERR,ERR,ERR,ERR,ERR,ERR,ERR,ERR,ERR,ERR,ERR,ERR,ERR,ERR,ERR,ERR,ERR,ERR,ERR,ERR,ERR,ERR,ERR,ERR,ERR,ERR,ERR,ERR,ERR,ERR,ERR,ERR,ERR,ERR,ERR,ERR,ERR,ERR,ERR,ERR,ERR,ERR,ERR,ERR,ERR,ERR,ERR,ERR,ERR,ERR,ERR,ERR,ERR,ERR,ERR,ERR,ERR,ERR,ERR,ERR,ERR,ERR,ERR,ERR,ERR,ERR,ERR,ERR,ERR,ERR,ERR,ERR,ERR,ERR,ERR,0.0,0.0,2.6474835549302285e+23,0.0,0.0,1.3936040501711995e+18,7.805,0.0,0,0,4,0,7116,0.0,100,0.0,0.0,0.0,0.0,0.0,0,0,0,0,0.0,0,0,0,0,0,0,0,0,0,0,0,0,0,0,0,0,0,0,0,0,0,0,0,0,0,0,0,0,0,0,0,0,0,31,40,40,71,65476,0,300,0,0,8,21553,0.0,-107605600.0,0.0,0.0,0.0,0.0,0.0,0.0,0.0,0.0,0.0,0.0,0.0,0.0,0.0,0.0,0.0,0.0,0.0,0.0,0.0,0.0,-2.004,0.0,-0.0,-2.004,0.0,0.0,0.0,0.0,4513.0,0.0,6916.0,0.0,0.0,-107615168.0,-0.0,0.0,0.0,0.0,0.0,69,-0.0,-0.0,0.0,0.0,0.0,0.0,0.0,0.0,0.0,0,0,0,0.0,0.0,0.0,0.0,0.0,0.0,0.0,0.0,0.0,0.0,0.0,0.0,0.0,0.0,0.0,0.0,0,-107875648.0,69,0.0,138,0.0,2.6474720257151824e+23,0,39322,17085,52429,17099,26215,17080,0,0,0,70,68,100,2.7302399002429377e+23,82.4,-107615448.0,77.9,-107615464.0,78.5,1,49,50,180,39322,26215,0,0,0.0,0.0,0.0,0.0,-0.0,67.0,0.0,162057.094,0.0,973,0,997,0,0,0,948,0,1019,0,921,0,789,0,779,0,822,0,7520,0.032,4.150517416584649e+19,0.0,0.0,784,16797,-0.0,162057.094,-114818.039,-0.0,0.133,6.909358625270745e+28,30.0,70.0,35,0.0,0.0,0.0,0.0,0.0,0.0,0.0,0.0,0.0,0.0,0.0,0.0,0.0,0.0,0.0,0.0,66.4,0,150,71,51,65476,0,300,0,0,8,20529,65476,0,0,44564,70.0,0.0,0.0,0.0,0.0,0.0
2026-09-10T21:40:54,ERR,ERR,ERR,ERR,ERR,ERR,ERR,ERR,ERR,ERR,ERR,ERR,ERR,ERR,ERR,ERR,ERR,ERR,ERR,ERR,ERR,ERR,ERR,ERR,ERR,ERR,ERR,ERR,ERR,ERR,ERR,ERR,ERR,ERR,ERR,ERR,ERR,ERR,ERR,ERR,ERR,ERR,ERR,ERR,ERR,ERR,ERR,ERR,ERR,ERR,ERR,ERR,ERR,ERR,ERR,ERR,ERR,ERR,ERR,ERR,ERR,ERR,ERR,ERR,ERR,ERR,ERR,ERR,ERR,ERR,ERR,ERR,ERR,ERR,ERR,ERR,ERR,ERR,ERR,ERR,ERR,ERR,ERR,ERR,ERR,ERR,ERR,ERR,ERR,ERR,ERR,ERR,ERR,ERR,ERR,ERR,ERR,ERR,ERR,ERR,ERR,ERR,ERR,ERR,ERR,ERR,ERR,ERR,ERR,ERR,ERR,ERR,ERR,ERR,ERR,ERR,ERR,ERR,ERR,ERR,ERR,ERR,ERR,ERR,ERR,0.0,0.0,2.6474835549302285e+23,0.0,0.0,1.3936040501711995e+18,7.805,0.0,0,0,4,0,7116,0.0,100,0.0,0.0,0.0,0.0,0.0,0,0,0,0,0.0,0,0,0,0,0,0,0,0,0,0,0,0,0,0,0,0,0,0,0,0,0,0,0,0,0,0,0,0,0,0,0,0,0,31,40,40,71,65476,0,300,0,0,8,21553,0.0,-107605600.0,0.0,0.0,0.0,0.0,0.0,0.0,0.0,0.0,0.0,0.0,0.0,0.0,0.0,0.0,0.0,0.0,0.0,0.0,0.0,0.0,-2.004,0.0,-0.0,-2.004,0.0,0.0,0.0,0.0,4513.0,0.0,6916.0,0.0,0.0,-107615168.0,-0.0,0.0,0.0,0.0,0.0,69,-0.0,-0.0,0.0,0.0,0.0,0.0,0.0,0.0,0.0,0,0,0,0.0,0.0,0.0,0.0,0.0,0.0,0.0,0.0,0.0,0.0,0.0,0.0,0.0,0.0,0.0,0.0,0,-107875648.0,69,0.0,138,0.0,2.6474720257151824e+23,0,39322,17085,52429,17099,26215,17080,0,0,0,70,68,100,2.7302399002429377e+23,82.4,-107615448.0,77.9,-107615464.0,78.5,1,49,50,180,39322,26215,0,0,0.0,0.0,0.0,0.0,-0.0,67.0,0.0,162057.094,0.0,973,0,997,0,0,0,948,0,1019,0,921,0,789,0,779,0,822,0,7520,0.032,4.150517416584649e+19,0.0,0.0,784,16797,-0.0,162057.094,-114818.039,-0.0,0.133,6.909358625270745e+28,30.0,70.0,35,0.0,0.0,0.0,0.0,0.0,0.0,0.0,0.0,0.0,0.0,0.0,0.0,0.0,0.0,0.0,0.0,66.4,0,150,71,51,65476,0,300,0,0,8,20529,65476,0,0,44564,70.0,0.0,0.0,0.0,0.0,0.0
2026-09-10T21:40:55,ERR,ERR,ERR,ERR,ERR,ERR,ERR,ERR,ERR,ERR,ERR,ERR,ERR,ERR,ERR,ERR,ERR,ERR,ERR,ERR,ERR,ERR,ERR,ERR,ERR,ERR,ERR,ERR,ERR,ERR,ERR,ERR,ERR,ERR,ERR,ERR,ERR,ERR,ERR,ERR,ERR,ERR,ERR,ERR,ERR,ERR,ERR,ERR,ERR,ERR,ERR,ERR,ERR,ERR,ERR,ERR,ERR,ERR,ERR,ERR,ERR,ERR,ERR,ERR,ERR,ERR,ERR,ERR,ERR,ERR,ERR,ERR,ERR,ERR,ERR,ERR,ERR,ERR,ERR,ERR,ERR,ERR,ERR,ERR,ERR,ERR,ERR,ERR,ERR,ERR,ERR,ERR,ERR,ERR,ERR,ERR,ERR,ERR,ERR,ERR,ERR,ERR,ERR,ERR,ERR,ERR,ERR,ERR,ERR,ERR,ERR,ERR,ERR,ERR,ERR,ERR,ERR,ERR,ERR,ERR,ERR,ERR,ERR,ERR,ERR,0.0,0.0,2.6474835549302285e+23,0.0,0.0,1.3936040501711995e+18,7.805,0.0,0,0,4,0,7116,0.0,100,0.0,0.0,0.0,0.0,0.0,0,0,0,0,0.0,0,0,0,0,0,0,0,0,0,0,0,0,0,0,0,0,0,0,0,0,0,0,0,0,0,0,0,0,0,0,0,0,0,31,40,40,71,65476,0,300,0,0,8,21553,0.0,-107605600.0,0.0,0.0,0.0,0.0,0.0,0.0,0.0,0.0,0.0,0.0,0.0,0.0,0.0,0.0,0.0,0.0,0.0,0.0,0.0,0.0,-2.004,0.0,-0.0,-2.004,0.0,0.0,0.0,0.0,4513.0,0.0,6916.0,0.0,0.0,-107615168.0,-0.0,0.0,0.0,0.0,0.0,69,-0.0,-0.0,0.0,0.0,0.0,0.0,0.0,0.0,0.0,0,0,0,0.0,0.0,0.0,0.0,0.0,0.0,0.0,0.0,0.0,0.0,0.0,0.0,0.0,0.0,0.0,0.0,0,-107875648.0,69,0.0,138,0.0,2.6474720257151824e+23,0,39322,17085,52429,17099,26215,17080,0,0,0,70,68,100,2.7302399002429377e+23,82.4,-107615448.0,77.9,-107615464.0,78.5,1,49,50,180,39322,26215,0,0,0.0,0.0,0.0,0.0,-0.0,67.0,0.0,162057.094,0.0,973,0,997,0,0,0,948,0,1019,0,921,0,789,0,779,0,822,0,7520,0.032,4.150517416584649e+19,0.0,0.0,784,16797,-0.0,162057.094,-114818.039,-0.0,0.133,6.909358625270745e+28,30.0,70.0,35,0.0,0.0,0.0,0.0,0.0,0.0,0.0,0.0,0.0,0.0,0.0,0.0,0.0,0.0,0.0,0.0,66.8,0,150,71,51,65476,0,300,0,0,8,20529,65476,0,0,44564,70.0,0.0,0.0,0.0,0.0,0.0
2026-09-10T21:40:56,ERR,ERR,ERR,ERR,ERR,ERR,ERR,ERR,ERR,ERR,ERR,ERR,ERR,ERR,ERR,ERR,ERR,ERR,ERR,ERR,ERR,ERR,ERR,ERR,ERR,ERR,ERR,ERR,ERR,ERR,ERR,ERR,ERR,ERR,ERR,ERR,ERR,ERR,ERR,ERR,ERR,ERR,ERR,ERR,ERR,ERR,ERR,ERR,ERR,ERR,ERR,ERR,ERR,ERR,ERR,ERR,ERR,ERR,ERR,ERR,ERR,ERR,ERR,ERR,ERR,ERR,ERR,ERR,ERR,ERR,ERR,ERR,ERR,ERR,ERR,ERR,ERR,ERR,ERR,ERR,ERR,ERR,ERR,ERR,ERR,ERR,ERR,ERR,ERR,ERR,ERR,ERR,ERR,ERR,ERR,ERR,ERR,ERR,ERR,ERR,ERR,ERR,ERR,ERR,ERR,ERR,ERR,ERR,ERR,ERR,ERR,ERR,ERR,ERR,ERR,ERR,ERR,ERR,ERR,ERR,ERR,ERR,ERR,ERR,ERR,0.0,0.0,2.6474835549302285e+23,0.0,0.0,1.3936040501711995e+18,7.805,0.0,0,0,4,0,7116,0.0,100,0.0,0.0,0.0,0.0,0.0,0,0,0,0,0.0,0,0,0,0,0,0,0,0,0,0,0,0,0,0,0,0,0,0,0,0,0,0,0,0,0,0,0,0,0,0,0,0,0,31,40,40,71,65476,0,300,0,0,8,21553,0.0,-107605600.0,0.0,0.0,0.0,0.0,0.0,0.0,0.0,0.0,0.0,0.0,0.0,0.0,0.0,0.0,0.0,0.0,0.0,0.0,0.0,0.0,-2.004,0.0,-0.0,-2.004,0.0,0.0,0.0,0.0,4513.0,0.0,6916.0,0.0,0.0,-107615168.0,-0.0,0.0,0.0,0.0,0.0,69,-0.0,-0.0,0.0,0.0,0.0,0.0,0.0,0.0,0.0,0,0,0,0.0,0.0,0.0,0.0,0.0,0.0,0.0,0.0,0.0,0.0,0.0,0.0,0.0,0.0,0.0,0.0,0,-107875648.0,69,0.0,138,0.0,2.6474720257151824e+23,0,39322,17085,52429,17099,26215,17080,0,0,0,70,68,100,2.7302399002429377e+23,82.4,-107615448.0,77.9,-107615464.0,78.5,1,49,50,180,39322,26215,0,0,0.0,0.0,0.0,0.0,-0.0,67.0,0.0,162057.094,0.0,973,0,997,0,0,0,948,0,1019,0,921,0,789,0,779,0,822,0,7520,0.032,4.150517416584649e+19,0.0,0.0,784,16797,-0.0,162057.094,-114818.039,-0.0,0.133,6.909358625270745e+28,30.0,70.0,35,0.0,0.0,0.0,0.0,0.0,0.0,0.0,0.0,0.0,0.0,0.0,0.0,0.0,0.0,0.0,0.0,66.8,0,150,71,51,65476,0,300,0,0,8,20529,65476,0,0,44564,70.0,0.0,0.0,0.0,0.0,0.0
2026-09-10T21:40:57,ERR,ERR,ERR,ERR,ERR,ERR,ERR,ERR,ERR,ERR,ERR,ERR,ERR,ERR,ERR,ERR,ERR,ERR,ERR,ERR,ERR,ERR,ERR,ERR,ERR,ERR,ERR,ERR,ERR,ERR,ERR,ERR,ERR,ERR,ERR,ERR,ERR,ERR,ERR,ERR,ERR,ERR,ERR,ERR,ERR,ERR,ERR,ERR,ERR,ERR,ERR,ERR,ERR,ERR,ERR,ERR,ERR,ERR,ERR,ERR,ERR,ERR,ERR,ERR,ERR,ERR,ERR,ERR,ERR,ERR,ERR,ERR,ERR,ERR,ERR,ERR,ERR,ERR,ERR,ERR,ERR,ERR,ERR,ERR,ERR,ERR,ERR,ERR,ERR,ERR,ERR,ERR,ERR,ERR,ERR,ERR,ERR,ERR,ERR,ERR,ERR,ERR,ERR,ERR,ERR,ERR,ERR,ERR,ERR,ERR,ERR,ERR,ERR,ERR,ERR,ERR,ERR,ERR,ERR,ERR,ERR,ERR,ERR,ERR,ERR,0.0,0.0,2.6474835549302285e+23,0.0,0.0,1.3936040501711995e+18,7.805,0.0,0,0,4,0,7116,0.0,100,0.0,0.0,0.0,0.0,0.0,0,0,0,0,0.0,0,0,0,0,0,0,0,0,0,0,0,0,0,0,0,0,0,0,0,0,0,0,0,0,0,0,0,0,0,0,0,0,0,31,40,40,71,65476,0,300,0,0,8,21553,0.0,-107605600.0,0.0,0.0,0.0,0.0,0.0,0.0,0.0,0.0,0.0,0.0,0.0,0.0,0.0,0.0,0.0,0.0,0.0,0.0,0.0,0.0,-2.004,0.0,-0.0,-2.004,0.0,0.0,0.0,0.0,4513.0,0.0,6916.0,0.0,0.0,-107615168.0,-0.0,0.0,0.0,0.0,0.0,69,-0.0,-0.0,0.0,0.0,0.0,0.0,0.0,0.0,0.0,0,0,0,0.0,0.0,0.0,0.0,0.0,0.0,0.0,0.0,0.0,0.0,0.0,0.0,0.0,0.0,0.0,0.0,0,-107875648.0,69,0.0,138,0.0,2.6474720257151824e+23,0,39322,17085,52429,17099,26215,17080,0,0,0,70,68,100,2.7302399002429377e+23,82.4,-107615448.0,77.9,-107615464.0,78.5,1,49,50,180,39322,26215,0,0,0.0,0.0,0.0,0.0,-0.0,67.0,0.0,162057.094,0.0,973,0,997,0,0,0,948,0,1019,0,921,0,789,0,779,0,822,0,7520,0.032,4.150517416584649e+19,0.0,0.0,784,16797,-0.0,162057.094,-114818.039,-0.0,0.133,6.909358625270745e+28,30.0,70.0,35,0.0,0.0,0.0,0.0,0.0,0.0,0.0,0.0,0.0,0.0,0.0,0.0,0.0,0.0,0.0,0.0,66.8,0,150,71,51,65476,0,300,0,0,8,20529,65476,0,0,44564,70.0,0.0,0.0,0.0,0.0,0.0
2026-09-10T21:40:58,ERR,ERR,ERR,ERR,ERR,ERR,ERR,ERR,ERR,ERR,ERR,ERR,ERR,ERR,ERR,ERR,ERR,ERR,ERR,ERR,ERR,ERR,ERR,ERR,ERR,ERR,ERR,ERR,ERR,ERR,ERR,ERR,ERR,ERR,ERR,ERR,ERR,ERR,ERR,ERR,ERR,ERR,ERR,ERR,ERR,ERR,ERR,ERR,ERR,ERR,ERR,ERR,ERR,ERR,ERR,ERR,ERR,ERR,ERR,ERR,ERR,ERR,ERR,ERR,ERR,ERR,ERR,ERR,ERR,ERR,ERR,ERR,ERR,ERR,ERR,ERR,ERR,ERR,ERR,ERR,ERR,ERR,ERR,ERR,ERR,ERR,ERR,ERR,ERR,ERR,ERR,ERR,ERR,ERR,ERR,ERR,ERR,ERR,ERR,ERR,ERR,ERR,ERR,ERR,ERR,ERR,ERR,ERR,ERR,ERR,ERR,ERR,ERR,ERR,ERR,ERR,ERR,ERR,ERR,ERR,ERR,ERR,ERR,ERR,ERR,0.0,0.0,2.6474835549302285e+23,0.0,0.0,1.3936040501711995e+18,7.805,0.0,0,0,4,0,7116,0.0,100,0.0,0.0,0.0,0.0,0.0,0,0,0,0,0.0,0,0,0,0,0,0,0,0,0,0,0,0,0,0,0,0,0,0,0,0,0,0,0,0,0,0,0,0,0,0,0,0,0,31,40,40,71,65476,0,300,0,0,8,21553,0.0,-107605600.0,0.0,0.0,0.0,0.0,0.0,0.0,0.0,0.0,0.0,0.0,0.0,0.0,0.0,0.0,0.0,0.0,0.0,0.0,0.0,0.0,-2.004,0.0,-0.0,-2.004,0.0,0.0,0.0,0.0,4513.0,0.0,6916.0,0.0,0.0,-107615168.0,-0.0,0.0,0.0,0.0,0.0,69,-0.0,-0.0,0.0,0.0,0.0,0.0,0.0,0.0,0.0,0,0,0,0.0,0.0,0.0,0.0,0.0,0.0,0.0,0.0,0.0,0.0,0.0,0.0,0.0,0.0,0.0,0.0,0,-107875648.0,69,0.0,138,0.0,2.6474720257151824e+23,0,39322,17085,52429,17099,13107,17080,0,0,0,70,68,100,2.7302399002429377e+23,82.4,-107615448.0,77.9,-107615464.0,78.5,1,49,50,180,39322,26215,0,0,0.0,0.0,0.0,0.0,-0.0,67.0,0.0,162057.094,0.0,973,0,997,0,0,0,948,0,1019,0,921,0,789,0,779,0,822,0,7520,0.032,4.150517416584649e+19,0.0,0.0,784,16797,-0.0,162057.094,-114818.039,-0.0,0.133,6.909358625270745e+28,30.0,70.0,35,0.0,0.0,0.0,0.0,0.0,0.0,0.0,0.0,0.0,0.0,0.0,0.0,0.0,0.0,0.0,0.0,66.4,0,150,71,51,65476,0,300,0,0,8,20529,65476,0,0,44564,70.0,0.0,0.0,0.0,0.0,0.0
2026-09-10T21:40:59,ERR,ERR,ERR,ERR,ERR,ERR,ERR,ERR,ERR,ERR,ERR,ERR,ERR,ERR,ERR,ERR,ERR,ERR,ERR,ERR,ERR,ERR,ERR,ERR,ERR,ERR,ERR,ERR,ERR,ERR,ERR,ERR,ERR,ERR,ERR,ERR,ERR,ERR,ERR,ERR,ERR,ERR,ERR,ERR,ERR,ERR,ERR,ERR,ERR,ERR,ERR,ERR,ERR,ERR,ERR,ERR,ERR,ERR,ERR,ERR,ERR,ERR,ERR,ERR,ERR,ERR,ERR,ERR,ERR,ERR,ERR,ERR,ERR,ERR,ERR,ERR,ERR,ERR,ERR,ERR,ERR,ERR,ERR,ERR,ERR,ERR,ERR,ERR,ERR,ERR,ERR,ERR,ERR,ERR,ERR,ERR,ERR,ERR,ERR,ERR,ERR,ERR,ERR,ERR,ERR,ERR,ERR,ERR,ERR,ERR,ERR,ERR,ERR,ERR,ERR,ERR,ERR,ERR,ERR,ERR,ERR,ERR,ERR,ERR,ERR,0.0,0.0,2.6474835549302285e+23,0.0,0.0,1.3936040501711995e+18,7.805,0.0,0,0,4,0,7116,0.0,100,0.0,0.0,0.0,0.0,0.0,0,0,0,0,0.0,0,0,0,0,0,0,0,0,0,0,0,0,0,0,0,0,0,0,0,0,0,0,0,0,0,0,0,0,0,0,0,0,0,31,40,40,71,65476,0,300,0,0,8,21553,0.0,-107605600.0,0.0,0.0,0.0,0.0,0.0,0.0,0.0,0.0,0.0,0.0,0.0,0.0,0.0,0.0,0.0,0.0,0.0,0.0,0.0,0.0,-2.004,0.0,-0.0,-2.004,0.0,0.0,0.0,0.0,4513.0,0.0,6916.0,0.0,0.0,-107615168.0,-0.0,0.0,0.0,0.0,0.0,69,-0.0,-0.0,0.0,0.0,0.0,0.0,0.0,0.0,0.0,0,0,0,0.0,0.0,0.0,0.0,0.0,0.0,0.0,0.0,0.0,0.0,0.0,0.0,0.0,0.0,0.0,0.0,0,-107875648.0,69,0.0,138,0.0,2.6474720257151824e+23,0,39322,17085,52429,17099,13107,17080,0,0,0,70,68,100,2.7302399002429377e+23,82.4,-107615448.0,77.9,-107615464.0,78.5,1,49,50,180,39322,26215,0,0,0.0,0.0,0.0,0.0,-0.0,67.0,0.0,162057.094,0.0,973,0,997,0,0,0,948,0,1019,0,921,0,789,0,779,0,822,0,7520,0.032,4.150517416584649e+19,0.0,0.0,784,16797,-0.0,162057.094,-114818.039,-0.0,0.133,6.909358625270745e+28,30.0,70.0,35,0.0,0.0,0.0,0.0,0.0,0.0,0.0,0.0,0.0,0.0,0.0,0.0,0.0,0.0,0.0,0.0,66.4,0,150,71,51,65476,0,300,0,0,8,20529,65476,0,0,44564,70.0,0.0,0.0,0.0,0.0,0.0
2026-09-10T21:41:00,ERR,ERR,ERR,ERR,ERR,ERR,ERR,ERR,ERR,ERR,ERR,ERR,ERR,ERR,ERR,ERR,ERR,ERR,ERR,ERR,ERR,ERR,ERR,ERR,ERR,ERR,ERR,ERR,ERR,ERR,ERR,ERR,ERR,ERR,ERR,ERR,ERR,ERR,ERR,ERR,ERR,ERR,ERR,ERR,ERR,ERR,ERR,ERR,ERR,ERR,ERR,ERR,ERR,ERR,ERR,ERR,ERR,ERR,ERR,ERR,ERR,ERR,ERR,ERR,ERR,ERR,ERR,ERR,ERR,ERR,ERR,ERR,ERR,ERR,ERR,ERR,ERR,ERR,ERR,ERR,ERR,ERR,ERR,ERR,ERR,ERR,ERR,ERR,ERR,ERR,ERR,ERR,ERR,ERR,ERR,ERR,ERR,ERR,ERR,ERR,ERR,ERR,ERR,ERR,ERR,ERR,ERR,ERR,ERR,ERR,ERR,ERR,ERR,ERR,ERR,ERR,ERR,ERR,ERR,ERR,ERR,ERR,ERR,ERR,ERR,0.0,0.0,2.6474835549302285e+23,0.0,0.0,1.3936040501711995e+18,7.805,0.0,0,0,4,0,7116,0.0,100,0.0,0.0,0.0,0.0,0.0,0,0,0,0,0.0,0,0,0,0,0,0,0,0,0,0,0,0,0,0,0,0,0,0,0,0,0,0,0,0,0,0,0,0,0,0,0,0,0,31,40,40,71,65476,0,300,0,0,8,21553,0.0,-107605600.0,0.0,0.0,0.0,0.0,0.0,0.0,0.0,0.0,0.0,0.0,0.0,0.0,0.0,0.0,0.0,0.0,0.0,0.0,0.0,0.0,-2.004,0.0,-0.0,-2.004,0.0,0.0,0.0,0.0,4513.0,0.0,6916.0,0.0,0.0,-107615168.0,-0.0,0.0,0.0,0.0,0.0,69,-0.0,-0.0,0.0,0.0,0.0,0.0,0.0,0.0,0.0,0,0,0,0.0,0.0,0.0,0.0,0.0,0.0,0.0,0.0,0.0,0.0,0.0,0.0,0.0,0.0,0.0,0.0,0,-107875648.0,69,0.0,138,0.0,2.6474720257151824e+23,0,39322,17085,52429,17099,13107,17080,0,0,0,70,68,100,2.7302399002429377e+23,82.4,-107615448.0,77.9,-107615464.0,78.5,1,49,50,180,39322,26215,0,0,0.0,0.0,0.0,0.0,-0.0,67.0,0.0,162057.094,0.0,973,0,997,0,0,0,948,0,1019,0,921,0,789,0,779,0,822,0,7520,0.032,4.150517416584649e+19,0.0,0.0,784,16797,-0.0,162057.094,-114818.039,-0.0,0.133,6.909358625270745e+28,30.0,70.0,35,0.0,0.0,0.0,0.0,0.0,0.0,0.0,0.0,0.0,0.0,0.0,0.0,0.0,0.0,0.0,0.0,66.4,0,150,71,51,65476,0,300,0,0,8,20529,65476,0,0,44564,70.0,0.0,0.0,0.0,0.0,0.0
2026-09-10T21:41:01,ERR,ERR,ERR,ERR,ERR,ERR,ERR,ERR,ERR,ERR,ERR,ERR,ERR,ERR,ERR,ERR,ERR,ERR,ERR,ERR,ERR,ERR,ERR,ERR,ERR,ERR,ERR,ERR,ERR,ERR,ERR,ERR,ERR,ERR,ERR,ERR,ERR,ERR,ERR,ERR,ERR,ERR,ERR,ERR,ERR,ERR,ERR,ERR,ERR,ERR,ERR,ERR,ERR,ERR,ERR,ERR,ERR,ERR,ERR,ERR,ERR,ERR,ERR,ERR,ERR,ERR,ERR,ERR,ERR,ERR,ERR,ERR,ERR,ERR,ERR,ERR,ERR,ERR,ERR,ERR,ERR,ERR,ERR,ERR,ERR,ERR,ERR,ERR,ERR,ERR,ERR,ERR,ERR,ERR,ERR,ERR,ERR,ERR,ERR,ERR,ERR,ERR,ERR,ERR,ERR,ERR,ERR,ERR,ERR,ERR,ERR,ERR,ERR,ERR,ERR,ERR,ERR,ERR,ERR,ERR,ERR,ERR,ERR,ERR,ERR,0.0,0.0,2.6474835549302285e+23,0.0,0.0,1.3936040501711995e+18,7.805,0.0,0,0,4,0,7116,0.0,100,0.0,0.0,0.0,0.0,0.0,0,0,0,0,0.0,0,0,0,0,0,0,0,0,0,0,0,0,0,0,0,0,0,0,0,0,0,0,0,0,0,0,0,0,0,0,0,0,0,31,40,40,71,65476,0,300,0,0,8,21553,0.0,-107605600.0,0.0,0.0,0.0,0.0,0.0,0.0,0.0,0.0,0.0,0.0,0.0,0.0,0.0,0.0,0.0,0.0,0.0,0.0,0.0,0.0,-2.004,0.0,-0.0,-2.004,0.0,0.0,0.0,0.0,4517.0,0.0,6913.0,0.0,0.0,-107615168.0,2.718429120148166e+23,0.0,0.0,0.0,0.0,69,-0.0,-0.0,0.0,0.0,0.0,0.0,0.0,0.0,0.0,0,0,0,0.0,0.0,0.0,0.0,0.0,0.0,0.0,0.0,0.0,0.0,0.0,0.0,0.0,0.0,0.0,0.0,0,-107875648.0,69,0.0,138,0.0,2.6474720257151824e+23,0,39322,17085,52429,17099,13107,17080,0,0,0,70,68,100,2.7302399002429377e+23,82.4,-107615448.0,77.9,-107615464.0,78.5,1,49,50,180,39322,26215,0,0,0.0,0.0,0.0,0.0,-0.0,67.0,0.0,162057.094,0.0,973,0,997,0,0,0,948,0,1019,0,921,0,789,0,779,0,822,0,7520,0.032,4.150517416584649e+19,0.0,0.0,784,16797,-0.0,162057.094,-114818.039,-0.0,0.133,6.909358625270745e+28,30.0,70.0,35,0.0,0.0,0.0,0.0,0.0,0.0,0.0,0.0,0.0,0.0,0.0,0.0,0.0,0.0,0.0,0.0,66.4,0,150,71,51,65476,0,300,0,0,8,20529,65476,0,0,44564,70.0,0.0,0.0,0.0,0.0,0.0
2026-09-10T21:41:02,ERR,ERR,ERR,ERR,ERR,ERR,ERR,ERR,ERR,ERR,ERR,ERR,ERR,ERR,ERR,ERR,ERR,ERR,ERR,ERR,ERR,ERR,ERR,ERR,ERR,ERR,ERR,ERR,ERR,ERR,ERR,ERR,ERR,ERR,ERR,ERR,ERR,ERR,ERR,ERR,ERR,ERR,ERR,ERR,ERR,ERR,ERR,ERR,ERR,ERR,ERR,ERR,ERR,ERR,ERR,ERR,ERR,ERR,ERR,ERR,ERR,ERR,ERR,ERR,ERR,ERR,ERR,ERR,ERR,ERR,ERR,ERR,ERR,ERR,ERR,ERR,ERR,ERR,ERR,ERR,ERR,ERR,ERR,ERR,ERR,ERR,ERR,ERR,ERR,ERR,ERR,ERR,ERR,ERR,ERR,ERR,ERR,ERR,ERR,ERR,ERR,ERR,ERR,ERR,ERR,ERR,ERR,ERR,ERR,ERR,ERR,ERR,ERR,ERR,ERR,ERR,ERR,ERR,ERR,ERR,ERR,ERR,ERR,ERR,ERR,0.0,0.0,2.6474835549302285e+23,0.0,0.0,1.3936040501711995e+18,7.805,0.0,0,0,4,0,7116,0.0,100,0.0,0.0,0.0,0.0,0.0,0,0,0,0,0.0,0,0,0,0,0,0,0,0,0,0,0,0,0,0,0,0,0,0,0,0,0,0,0,0,0,0,0,0,0,0,0,0,0,31,40,40,71,65476,0,300,0,0,8,21553,0.0,-107605600.0,0.0,0.0,0.0,0.0,0.0,0.0,0.0,0.0,0.0,0.0,0.0,0.0,0.0,0.0,0.0,0.0,0.0,0.0,0.0,0.0,-2.004,0.0,-0.0,-2.004,0.0,0.0,0.0,0.0,4517.0,0.0,6913.0,0.0,0.0,-107615168.0,2.718429120148166e+23,0.0,0.0,0.0,0.0,69,-0.0,-0.0,0.0,0.0,0.0,0.0,0.0,0.0,0.0,0,0,0,0.0,0.0,0.0,0.0,0.0,0.0,0.0,0.0,0.0,0.0,0.0,0.0,0.0,0.0,0.0,0.0,0,-107875648.0,69,0.0,138,0.0,2.6474720257151824e+23,0,39322,17085,52429,17099,13107,17080,0,0,0,70,68,100,2.7302399002429377e+23,82.4,-107615448.0,77.9,-107615464.0,78.5,1,49,50,180,39322,26215,0,0,0.0,0.0,0.0,0.0,-0.0,67.0,0.0,162057.094,0.0,973,0,997,0,0,0,948,0,1019,0,921,0,789,0,779,0,822,0,7520,0.032,4.150517416584649e+19,0.0,0.0,784,16797,-0.0,162057.094,-114818.039,-0.0,0.133,6.909358625270745e+28,30.0,70.0,35,0.0,0.0,0.0,0.0,0.0,0.0,0.0,0.0,0.0,0.0,0.0,0.0,0.0,0.0,0.0,0.0,66.4,0,150,71,51,65476,0,300,0,0,8,20529,65476,0,0,44564,70.0,0.0,0.0,0.0,0.0,0.0
2026-09-10T21:41:03,ERR,ERR,ERR,ERR,ERR,ERR,ERR,ERR,ERR,ERR,ERR,ERR,ERR,ERR,ERR,ERR,ERR,ERR,ERR,ERR,ERR,ERR,ERR,ERR,ERR,ERR,ERR,ERR,ERR,ERR,ERR,ERR,ERR,ERR,ERR,ERR,ERR,ERR,ERR,ERR,ERR,ERR,ERR,ERR,ERR,ERR,ERR,ERR,ERR,ERR,ERR,ERR,ERR,ERR,ERR,ERR,ERR,ERR,ERR,ERR,ERR,ERR,ERR,ERR,ERR,ERR,ERR,ERR,ERR,ERR,ERR,ERR,ERR,ERR,ERR,ERR,ERR,ERR,ERR,ERR,ERR,ERR,ERR,ERR,ERR,ERR,ERR,ERR,ERR,ERR,ERR,ERR,ERR,ERR,ERR,ERR,ERR,ERR,ERR,ERR,ERR,ERR,ERR,ERR,ERR,ERR,ERR,ERR,ERR,ERR,ERR,ERR,ERR,ERR,ERR,ERR,ERR,ERR,ERR,ERR,ERR,ERR,ERR,ERR,ERR,0.0,0.0,2.6474835549302285e+23,0.0,0.0,1.3936040501711995e+18,7.805,0.0,0,0,4,0,7116,0.0,100,0.0,0.0,0.0,0.0,0.0,0,0,0,0,0.0,0,0,0,0,0,0,0,0,0,0,0,0,0,0,0,0,0,0,0,0,0,0,0,0,0,0,0,0,0,0,0,0,0,31,40,40,71,65476,0,300,0,0,8,21553,0.0,-107605600.0,0.0,0.0,0.0,0.0,0.0,0.0,0.0,0.0,0.0,0.0,0.0,0.0,0.0,0.0,0.0,0.0,0.0,0.0,0.0,0.0,-2.004,0.0,-0.0,-2.004,0.0,0.0,0.0,0.0,4517.0,0.0,6913.0,0.0,0.0,-107615168.0,2.718429120148166e+23,0.0,0.0,0.0,0.0,69,-0.0,-0.0,0.0,0.0,0.0,0.0,0.0,0.0,0.0,0,0,0,0.0,0.0,0.0,0.0,0.0,0.0,0.0,0.0,0.0,0.0,0.0,0.0,0.0,0.0,0.0,0.0,0,-107875648.0,69,0.0,138,0.0,2.6474720257151824e+23,0,39322,17085,52429,17099,13107,17080,0,0,0,70,68,100,2.7302399002429377e+23,82.4,-107615448.0,77.9,-107615464.0,78.5,1,49,50,180,39322,26215,0,0,0.0,0.0,0.0,0.0,-0.0,67.0,0.0,162057.094,0.0,973,0,997,0,0,0,948,0,1019,0,921,0,789,0,779,0,822,0,7520,0.032,4.150517416584649e+19,0.0,0.0,784,16797,-0.0,162057.094,-114818.039,-0.0,0.133,6.909358625270745e+28,30.0,70.0,35,0.0,0.0,0.0,0.0,0.0,0.0,0.0,0.0,0.0,0.0,0.0,0.0,0.0,0.0,0.0,0.0,66.4,0,150,71,51,65476,0,300,0,0,8,20529,65476,0,0,44564,70.0,0.0,0.0,0.0,0.0,0.0
2026-09-10T21:41:04,ERR,ERR,ERR,ERR,ERR,ERR,ERR,ERR,ERR,ERR,ERR,ERR,ERR,ERR,ERR,ERR,ERR,ERR,ERR,ERR,ERR,ERR,ERR,ERR,ERR,ERR,ERR,ERR,ERR,ERR,ERR,ERR,ERR,ERR,ERR,ERR,ERR,ERR,ERR,ERR,ERR,ERR,ERR,ERR,ERR,ERR,ERR,ERR,ERR,ERR,ERR,ERR,ERR,ERR,ERR,ERR,ERR,ERR,ERR,ERR,ERR,ERR,ERR,ERR,ERR,ERR,ERR,ERR,ERR,ERR,ERR,ERR,ERR,ERR,ERR,ERR,ERR,ERR,ERR,ERR,ERR,ERR,ERR,ERR,ERR,ERR,ERR,ERR,ERR,ERR,ERR,ERR,ERR,ERR,ERR,ERR,ERR,ERR,ERR,ERR,ERR,ERR,ERR,ERR,ERR,ERR,ERR,ERR,ERR,ERR,ERR,ERR,ERR,ERR,ERR,ERR,ERR,ERR,ERR,ERR,ERR,ERR,ERR,ERR,ERR,0.0,0.0,2.6474835549302285e+23,0.0,0.0,1.3936040501711995e+18,7.805,0.0,0,0,4,0,7116,0.0,100,0.0,0.0,0.0,0.0,0.0,0,0,0,0,0.0,0,0,0,0,0,0,0,0,0,0,0,0,0,0,0,0,0,0,0,0,0,0,0,0,0,0,0,0,0,0,0,0,0,31,40,40,71,65476,0,300,0,0,8,21553,0.0,-107605600.0,0.0,0.0,0.0,0.0,0.0,0.0,0.0,0.0,0.0,0.0,0.0,0.0,0.0,0.0,0.0,0.0,0.0,0.0,0.0,0.0,-2.004,0.0,-0.0,-2.004,0.0,0.0,0.0,0.0,4517.0,0.0,6913.0,0.0,0.0,-107615168.0,2.718429120148166e+23,0.0,0.0,0.0,0.0,69,-0.0,-0.0,0.0,0.0,0.0,0.0,0.0,0.0,0.0,0,0,0,0.0,0.0,0.0,0.0,0.0,0.0,0.0,0.0,0.0,0.0,0.0,0.0,0.0,0.0,0.0,0.0,0,-107875648.0,69,0.0,138,0.0,2.6474720257151824e+23,0,52429,17085,52429,17099,13107,17080,0,0,0,70,68,100,2.7302399002429377e+23,82.4,-107615448.0,77.9,-107615464.0,78.5,1,49,50,180,39322,26215,0,0,0.0,0.0,0.0,0.0,-0.0,67.0,0.0,162057.094,0.0,973,0,997,0,0,0,948,0,1019,0,921,0,789,0,779,0,822,0,7520,0.032,4.150517416584649e+19,0.0,0.0,784,16797,-0.0,162057.094,-114818.039,-0.0,0.133,6.909358625270745e+28,30.0,70.0,35,0.0,0.0,0.0,0.0,0.0,0.0,0.0,0.0,0.0,0.0,0.0,0.0,0.0,0.0,0.0,0.0,66.4,0,150,71,51,65476,0,300,0,0,8,20529,65476,0,0,44564,70.0,0.0,0.0,0.0,0.0,0.0
2026-09-10T21:41:05,ERR,ERR,ERR,ERR,ERR,ERR,ERR,ERR,ERR,ERR,ERR,ERR,ERR,ERR,ERR,ERR,ERR,ERR,ERR,ERR,ERR,ERR,ERR,ERR,ERR,ERR,ERR,ERR,ERR,ERR,ERR,ERR,ERR,ERR,ERR,ERR,ERR,ERR,ERR,ERR,ERR,ERR,ERR,ERR,ERR,ERR,ERR,ERR,ERR,ERR,ERR,ERR,ERR,ERR,ERR,ERR,ERR,ERR,ERR,ERR,ERR,ERR,ERR,ERR,ERR,ERR,ERR,ERR,ERR,ERR,ERR,ERR,ERR,ERR,ERR,ERR,ERR,ERR,ERR,ERR,ERR,ERR,ERR,ERR,ERR,ERR,ERR,ERR,ERR,ERR,ERR,ERR,ERR,ERR,ERR,ERR,ERR,ERR,ERR,ERR,ERR,ERR,ERR,ERR,ERR,ERR,ERR,ERR,ERR,ERR,ERR,ERR,ERR,ERR,ERR,ERR,ERR,ERR,ERR,ERR,ERR,ERR,ERR,ERR,ERR,0.0,0.0,2.6474835549302285e+23,0.0,0.0,1.3936040501711995e+18,7.805,0.0,0,0,4,0,7116,0.0,100,0.0,0.0,0.0,0.0,0.0,0,0,0,0,0.0,0,0,0,0,0,0,0,0,0,0,0,0,0,0,0,0,0,0,0,0,0,0,0,0,0,0,0,0,0,0,0,0,0,31,40,40,71,65476,0,300,0,0,8,21553,0.0,-107605600.0,0.0,0.0,0.0,0.0,0.0,0.0,0.0,0.0,0.0,0.0,0.0,0.0,0.0,0.0,0.0,0.0,0.0,0.0,0.0,0.0,-2.004,0.0,-0.0,-2.004,0.0,0.0,0.0,0.0,4517.0,0.0,6913.0,0.0,0.0,-107615168.0,2.718429120148166e+23,0.0,0.0,0.0,0.0,69,-0.0,-0.0,0.0,0.0,0.0,0.0,0.0,0.0,0.0,0,0,0,0.0,0.0,0.0,0.0,0.0,0.0,0.0,0.0,0.0,0.0,0.0,0.0,0.0,0.0,0.0,0.0,0,-107875648.0,69,0.0,138,0.0,2.6474720257151824e+23,0,52429,17085,52429,17099,13107,17080,0,0,0,70,68,100,2.7302399002429377e+23,82.4,-107615448.0,77.9,-107615464.0,78.5,1,49,50,180,39322,26215,0,0,0.0,0.0,0.0,0.0,-0.0,67.0,0.0,162057.094,0.0,973,0,997,0,0,0,948,0,1019,0,921,0,789,0,779,0,822,0,7520,0.032,4.150517416584649e+19,0.0,0.0,784,16797,-0.0,162057.094,-114818.039,-0.0,0.133,6.909358625270745e+28,30.0,70.0,35,0.0,0.0,0.0,0.0,0.0,0.0,0.0,0.0,0.0,0.0,0.0,0.0,0.0,0.0,0.0,0.0,66.4,0,150,71,51,65476,0,300,0,0,8,20529,65476,0,0,44564,70.0,0.0,0.0,0.0,0.0,0.0
2026-09-10T21:41:06,ERR,ERR,ERR,ERR,ERR,ERR,ERR,ERR,ERR,ERR,ERR,ERR,ERR,ERR,ERR,ERR,ERR,ERR,ERR,ERR,ERR,ERR,ERR,ERR,ERR,ERR,ERR,ERR,ERR,ERR,ERR,ERR,ERR,ERR,ERR,ERR,ERR,ERR,ERR,ERR,ERR,ERR,ERR,ERR,ERR,ERR,ERR,ERR,ERR,ERR,ERR,ERR,ERR,ERR,ERR,ERR,ERR,ERR,ERR,ERR,ERR,ERR,ERR,ERR,ERR,ERR,ERR,ERR,ERR,ERR,ERR,ERR,ERR,ERR,ERR,ERR,ERR,ERR,ERR,ERR,ERR,ERR,ERR,ERR,ERR,ERR,ERR,ERR,ERR,ERR,ERR,ERR,ERR,ERR,ERR,ERR,ERR,ERR,ERR,ERR,ERR,ERR,ERR,ERR,ERR,ERR,ERR,ERR,ERR,ERR,ERR,ERR,ERR,ERR,ERR,ERR,ERR,ERR,ERR,ERR,ERR,ERR,ERR,ERR,ERR,0.0,0.0,2.6474835549302285e+23,0.0,0.0,1.3936040501711995e+18,7.805,0.0,0,0,4,0,7116,0.0,100,0.0,0.0,0.0,0.0,0.0,0,0,0,0,0.0,0,0,0,0,0,0,0,0,0,0,0,0,0,0,0,0,0,0,0,0,0,0,0,0,0,0,0,0,0,0,0,0,0,31,40,40,71,65476,0,300,0,0,8,21553,0.0,-107605600.0,0.0,0.0,0.0,0.0,0.0,0.0,0.0,0.0,0.0,0.0,0.0,0.0,0.0,0.0,0.0,0.0,0.0,0.0,0.0,0.0,-2.004,0.0,-0.0,-2.004,0.0,0.0,0.0,0.0,4517.0,0.0,6913.0,0.0,0.0,-107615168.0,2.718429120148166e+23,0.0,0.0,0.0,0.0,69,-0.0,-0.0,0.0,0.0,0.0,0.0,0.0,0.0,0.0,0,0,0,0.0,0.0,0.0,0.0,0.0,0.0,0.0,0.0,0.0,0.0,0.0,0.0,0.0,0.0,0.0,0.0,0,-107875648.0,69,0.0,138,0.0,2.6474720257151824e+23,0,52429,17085,52429,17099,13107,17080,0,0,0,70,68,100,2.7302399002429377e+23,82.4,-107615448.0,77.9,-107615464.0,78.5,1,49,50,180,39322,26215,0,0,0.0,0.0,0.0,0.0,-0.0,67.0,0.0,162057.094,0.0,973,0,997,0,0,0,948,0,1019,0,921,0,789,0,779,0,822,0,7520,0.032,4.150517416584649e+19,0.0,0.0,784,16797,-0.0,162057.094,-114818.039,-0.0,0.133,6.909358625270745e+28,30.0,70.0,35,0.0,0.0,0.0,0.0,0.0,0.0,0.0,0.0,0.0,0.0,0.0,0.0,0.0,0.0,0.0,0.0,66.8,0,150,71,51,65476,0,300,0,0,8,20529,65476,0,0,44564,70.0,0.0,0.0,0.0,0.0,0.0
2026-09-10T21:41:07,ERR,ERR,ERR,ERR,ERR,ERR,ERR,ERR,ERR,ERR,ERR,ERR,ERR,ERR,ERR,ERR,ERR,ERR,ERR,ERR,ERR,ERR,ERR,ERR,ERR,ERR,ERR,ERR,ERR,ERR,ERR,ERR,ERR,ERR,ERR,ERR,ERR,ERR,ERR,ERR,ERR,ERR,ERR,ERR,ERR,ERR,ERR,ERR,ERR,ERR,ERR,ERR,ERR,ERR,ERR,ERR,ERR,ERR,ERR,ERR,ERR,ERR,ERR,ERR,ERR,ERR,ERR,ERR,ERR,ERR,ERR,ERR,ERR,ERR,ERR,ERR,ERR,ERR,ERR,ERR,ERR,ERR,ERR,ERR,ERR,ERR,ERR,ERR,ERR,ERR,ERR,ERR,ERR,ERR,ERR,ERR,ERR,ERR,ERR,ERR,ERR,ERR,ERR,ERR,ERR,ERR,ERR,ERR,ERR,ERR,ERR,ERR,ERR,ERR,ERR,ERR,ERR,ERR,ERR,ERR,ERR,ERR,ERR,ERR,ERR,0.0,0.0,2.6474835549302285e+23,0.0,0.0,1.3936040501711995e+18,7.805,0.0,0,0,4,0,7116,0.0,100,0.0,0.0,0.0,0.0,0.0,0,0,0,0,0.0,0,0,0,0,0,0,0,0,0,0,0,0,0,0,0,0,0,0,0,0,0,0,0,0,0,0,0,0,0,0,0,0,0,31,40,40,71,65476,0,300,0,0,8,21553,0.0,-107605600.0,0.0,0.0,0.0,0.0,0.0,0.0,0.0,0.0,0.0,0.0,0.0,0.0,0.0,0.0,0.0,0.0,0.0,0.0,0.0,0.0,-2.004,0.0,-0.0,-2.004,0.0,0.0,0.0,0.0,4517.0,0.0,6913.0,0.0,0.0,-107615168.0,2.718429120148166e+23,0.0,0.0,0.0,0.0,69,-0.0,-0.0,0.0,0.0,0.0,0.0,0.0,0.0,0.0,0,0,0,0.0,0.0,0.0,0.0,0.0,0.0,0.0,0.0,0.0,0.0,0.0,0.0,0.0,0.0,0.0,0.0,0,-107875648.0,69,0.0,138,0.0,2.6474720257151824e+23,0,52429,17085,52429,17099,13107,17080,0,0,0,70,68,100,2.7302399002429377e+23,82.4,-107615448.0,77.9,-107615464.0,78.5,1,49,50,180,39322,26215,0,0,0.0,0.0,0.0,0.0,-0.0,67.0,0.0,162057.094,0.0,973,0,997,0,0,0,948,0,1019,0,921,0,789,0,779,0,822,0,7520,0.032,4.150517416584649e+19,0.0,0.0,784,16797,-0.0,162057.094,-114818.039,-0.0,0.133,6.909358625270745e+28,30.0,70.0,35,0.0,0.0,0.0,0.0,0.0,0.0,0.0,0.0,0.0,0.0,0.0,0.0,0.0,0.0,0.0,0.0,66.8,0,150,71,51,65476,0,300,0,0,8,20529,65476,0,0,44564,70.0,0.0,0.0,0.0,0.0,0.0
2026-09-10T21:41:08,ERR,ERR,ERR,ERR,ERR,ERR,ERR,ERR,ERR,ERR,ERR,ERR,ERR,ERR,ERR,ERR,ERR,ERR,ERR,ERR,ERR,ERR,ERR,ERR,ERR,ERR,ERR,ERR,ERR,ERR,ERR,ERR,ERR,ERR,ERR,ERR,ERR,ERR,ERR,ERR,ERR,ERR,ERR,ERR,ERR,ERR,ERR,ERR,ERR,ERR,ERR,ERR,ERR,ERR,ERR,ERR,ERR,ERR,ERR,ERR,ERR,ERR,ERR,ERR,ERR,ERR,ERR,ERR,ERR,ERR,ERR,ERR,ERR,ERR,ERR,ERR,ERR,ERR,ERR,ERR,ERR,ERR,ERR,ERR,ERR,ERR,ERR,ERR,ERR,ERR,ERR,ERR,ERR,ERR,ERR,ERR,ERR,ERR,ERR,ERR,ERR,ERR,ERR,ERR,ERR,ERR,ERR,ERR,ERR,ERR,ERR,ERR,ERR,ERR,ERR,ERR,ERR,ERR,ERR,ERR,ERR,ERR,ERR,ERR,ERR,0.0,0.0,2.6474835549302285e+23,0.0,0.0,1.3936040501711995e+18,7.805,0.0,0,0,4,0,7116,0.0,100,0.0,0.0,0.0,0.0,0.0,0,0,0,0,0.0,0,0,0,0,0,0,0,0,0,0,0,0,0,0,0,0,0,0,0,0,0,0,0,0,0,0,0,0,0,0,0,0,0,31,40,40,71,65476,0,300,0,0,8,21553,0.0,-107605600.0,0.0,0.0,0.0,0.0,0.0,0.0,0.0,0.0,0.0,0.0,0.0,0.0,0.0,0.0,0.0,0.0,0.0,0.0,0.0,0.0,-2.004,0.0,-0.0,-2.004,0.0,0.0,0.0,0.0,4517.0,0.0,6913.0,0.0,0.0,-107615168.0,2.718429120148166e+23,0.0,0.0,0.0,0.0,69,-0.0,-0.0,0.0,0.0,0.0,0.0,0.0,0.0,0.0,0,0,0,0.0,0.0,0.0,0.0,0.0,0.0,0.0,0.0,0.0,0.0,0.0,0.0,0.0,0.0,0.0,0.0,0,-107875648.0,69,0.0,138,0.0,2.6474720257151824e+23,0,52429,17085,52429,17099,13107,17080,0,0,0,70,68,100,2.7302399002429377e+23,82.4,-107615448.0,77.9,-107615464.0,78.5,1,49,50,180,39322,26215,0,0,0.0,0.0,0.0,0.0,-0.0,67.0,0.0,162057.094,0.0,973,0,997,0,0,0,948,0,1019,0,921,0,789,0,779,0,822,0,7520,0.032,4.150517416584649e+19,0.0,0.0,784,16797,-0.0,162057.094,-114818.039,-0.0,0.133,6.909358625270745e+28,30.0,70.0,35,0.0,0.0,0.0,0.0,0.0,0.0,0.0,0.0,0.0,0.0,0.0,0.0,0.0,0.0,0.0,0.0,66.8,0,150,71,51,65476,0,300,0,0,8,20529,65476,0,0,44564,70.0,0.0,0.0,0.0,0.0,0.0
2026-09-10T21:41:09,ERR,ERR,ERR,ERR,ERR,ERR,ERR,ERR,ERR,ERR,ERR,ERR,ERR,ERR,ERR,ERR,ERR,ERR,ERR,ERR,ERR,ERR,ERR,ERR,ERR,ERR,ERR,ERR,ERR,ERR,ERR,ERR,ERR,ERR,ERR,ERR,ERR,ERR,ERR,ERR,ERR,ERR,ERR,ERR,ERR,ERR,ERR,ERR,ERR,ERR,ERR,ERR,ERR,ERR,ERR,ERR,ERR,ERR,ERR,ERR,ERR,ERR,ERR,ERR,ERR,ERR,ERR,ERR,ERR,ERR,ERR,ERR,ERR,ERR,ERR,ERR,ERR,ERR,ERR,ERR,ERR,ERR,ERR,ERR,ERR,ERR,ERR,ERR,ERR,ERR,ERR,ERR,ERR,ERR,ERR,ERR,ERR,ERR,ERR,ERR,ERR,ERR,ERR,ERR,ERR,ERR,ERR,ERR,ERR,ERR,ERR,ERR,ERR,ERR,ERR,ERR,ERR,ERR,ERR,ERR,ERR,ERR,ERR,ERR,ERR,0.0,0.0,0.0,0.0,0.0,1.3936040501711995e+18,7.805,0.0,0,0,4,0,7116,0.0,100,0.0,0.0,0.0,0.0,0.0,0,0,0,0,0.0,0,0,0,0,0,0,0,0,0,0,0,0,0,0,0,0,0,0,0,0,0,0,0,0,0,0,0,0,0,0,0,0,0,31,40,40,71,65476,0,300,0,0,8,21553,0.0,-107605600.0,0.0,0.0,0.0,0.0,0.0,0.0,0.0,0.0,0.0,0.0,0.0,0.0,0.0,0.0,0.0,0.0,0.0,0.0,0.0,0.0,-2.004,2.004,-0.0,-2.004,0.0,0.0,0.0,0.0,4486.0,-1.5879263307997272e+29,6942.0,0.0,0.0,-107615168.0,2.718429120148166e+23,0.0,0.0,0.0,0.0,69,-71.63,2.718413807909433e+23,0.0,0.0,0.0,0.0,0.0,0.0,0.0,0,0,0,0.0,0.0,0.0,0.0,0.0,0.0,0.0,0.0,0.0,0.0,0.0,0.0,0.0,0.0,0.0,0.0,0,-107875648.0,69,0.0,138,0.0,2.6474720257151824e+23,0,52429,17085,52429,17099,13107,17080,0,0,0,70,68,100,2.7302399002429377e+23,82.4,-107615448.0,77.9,-107615464.0,78.5,1,49,50,180,39322,26215,0,0,0.0,0.0,0.0,0.0,-0.0,67.0,0.0,162057.094,0.0,973,0,997,0,0,0,948,0,1019,0,921,0,789,0,779,0,822,0,7520,0.032,4.150517416584649e+19,0.0,0.0,784,16797,-0.0,162057.094,-114818.039,-0.0,0.133,6.909358625270745e+28,30.0,70.0,35,0.0,0.0,0.0,0.0,0.0,0.0,0.0,0.0,0.0,0.0,0.0,0.0,0.0,0.0,0.0,0.0,66.4,0,150,71,51,65476,0,300,0,0,8,20529,65476,0,0,44564,70.0,0.0,0.0,0.0,0.0,0.0
2026-09-10T21:41:10,ERR,ERR,ERR,ERR,ERR,ERR,ERR,ERR,ERR,ERR,ERR,ERR,ERR,ERR,ERR,ERR,ERR,ERR,ERR,ERR,ERR,ERR,ERR,ERR,ERR,ERR,ERR,ERR,ERR,ERR,ERR,ERR,ERR,ERR,ERR,ERR,ERR,ERR,ERR,ERR,ERR,ERR,ERR,ERR,ERR,ERR,ERR,ERR,ERR,ERR,ERR,ERR,ERR,ERR,ERR,ERR,ERR,ERR,ERR,ERR,ERR,ERR,ERR,ERR,ERR,ERR,ERR,ERR,ERR,ERR,ERR,ERR,ERR,ERR,ERR,ERR,ERR,ERR,ERR,ERR,ERR,ERR,ERR,ERR,ERR,ERR,ERR,ERR,ERR,ERR,ERR,ERR,ERR,ERR,ERR,ERR,ERR,ERR,ERR,ERR,ERR,ERR,ERR,ERR,ERR,ERR,ERR,ERR,ERR,ERR,ERR,ERR,ERR,ERR,ERR,ERR,ERR,ERR,ERR,ERR,ERR,ERR,ERR,ERR,ERR,0.0,0.0,0.0,0.0,0.0,1.3936040501711995e+18,7.805,0.0,0,0,4,0,7116,0.0,100,0.0,0.0,0.0,0.0,0.0,0,0,0,0,0.0,0,0,0,0,0,0,0,0,0,0,0,0,0,0,0,0,0,0,0,0,0,0,0,0,0,0,0,0,0,0,0,0,0,31,40,40,71,65476,0,300,0,0,8,21553,0.0,-107605600.0,0.0,0.0,0.0,0.0,0.0,0.0,0.0,0.0,0.0,0.0,0.0,0.0,0.0,0.0,0.0,0.0,0.0,0.0,0.0,0.0,-2.004,2.004,-0.0,-2.004,0.0,0.0,0.0,0.0,4486.0,-1.5879263307997272e+29,6942.0,0.0,0.0,-107615168.0,2.718429120148166e+23,0.0,0.0,0.0,0.0,69,-71.63,2.718413807909433e+23,0.0,0.0,0.0,0.0,0.0,0.0,0.0,0,0,0,0.0,0.0,0.0,0.0,0.0,0.0,0.0,0.0,0.0,0.0,0.0,0.0,0.0,0.0,0.0,0.0,0,-107875648.0,69,0.0,138,0.0,2.6474720257151824e+23,0,52429,17085,52429,17099,13107,17080,0,0,0,70,68,100,2.7302399002429377e+23,82.4,-107615448.0,77.9,-107615464.0,78.5,1,49,50,180,39322,26215,0,0,0.0,0.0,0.0,0.0,-0.0,67.0,0.0,162057.094,0.0,973,0,997,0,0,0,948,0,1019,0,920,0,789,0,779,0,822,0,7520,0.032,4.121694378969478e+19,0.0,0.0,784,16797,-0.0,162057.094,-114818.039,-0.0,0.133,6.909358625270745e+28,30.0,70.0,35,0.0,0.0,0.0,0.0,0.0,0.0,0.0,0.0,0.0,0.0,0.0,0.0,0.0,0.0,0.0,0.0,66.4,0,150,71,51,65476,0,300,0,0,8,20529,65476,0,0,44564,70.0,0.0,0.0,0.0,0.0,0.0
2026-09-10T21:41:11,ERR,ERR,ERR,ERR,ERR,ERR,ERR,ERR,ERR,ERR,ERR,ERR,ERR,ERR,ERR,ERR,ERR,ERR,ERR,ERR,ERR,ERR,ERR,ERR,ERR,ERR,ERR,ERR,ERR,ERR,ERR,ERR,ERR,ERR,ERR,ERR,ERR,ERR,ERR,ERR,ERR,ERR,ERR,ERR,ERR,ERR,ERR,ERR,ERR,ERR,ERR,ERR,ERR,ERR,ERR,ERR,ERR,ERR,ERR,ERR,ERR,ERR,ERR,ERR,ERR,ERR,ERR,ERR,ERR,ERR,ERR,ERR,ERR,ERR,ERR,ERR,ERR,ERR,ERR,ERR,ERR,ERR,ERR,ERR,ERR,ERR,ERR,ERR,ERR,ERR,ERR,ERR,ERR,ERR,ERR,ERR,ERR,ERR,ERR,ERR,ERR,ERR,ERR,ERR,ERR,ERR,ERR,ERR,ERR,ERR,ERR,ERR,ERR,ERR,ERR,ERR,ERR,ERR,ERR,ERR,ERR,ERR,ERR,ERR,ERR,0.0,0.0,0.0,0.0,0.0,1.3936040501711995e+18,7.805,0.0,0,0,4,0,7116,0.0,100,0.0,0.0,0.0,0.0,0.0,0,0,0,0,0.0,0,0,0,0,0,0,0,0,0,0,0,0,0,0,0,0,0,0,0,0,0,0,0,0,0,0,0,0,0,0,0,0,0,31,40,40,71,65476,0,300,0,0,8,21553,0.0,-107605600.0,0.0,0.0,0.0,0.0,0.0,0.0,0.0,0.0,0.0,0.0,0.0,0.0,0.0,0.0,0.0,0.0,0.0,0.0,0.0,0.0,-2.004,2.004,-0.0,-2.004,0.0,0.0,0.0,0.0,4486.0,-1.5879263307997272e+29,6942.0,0.0,0.0,-107615168.0,2.718429120148166e+23,0.0,0.0,0.0,0.0,69,-71.63,2.718413807909433e+23,0.0,0.0,0.0,0.0,0.0,0.0,0.0,0,0,0,0.0,0.0,0.0,0.0,0.0,0.0,0.0,0.0,0.0,0.0,0.0,0.0,0.0,0.0,0.0,0.0,0,-107875648.0,69,0.0,138,0.0,2.6474720257151824e+23,0,52429,17085,52429,17099,13107,17080,0,0,0,70,68,100,2.7302399002429377e+23,82.4,-107615448.0,77.9,-107615464.0,78.5,1,49,50,180,39322,26215,0,0,0.0,0.0,0.0,0.0,-0.0,67.0,0.0,162057.094,0.0,973,0,997,0,0,0,948,0,1019,0,920,0,789,0,779,0,822,0,7520,0.032,4.121694378969478e+19,0.0,0.0,784,16797,-0.0,162057.094,-114818.039,-0.0,0.133,6.909358625270745e+28,30.0,70.0,35,0.0,0.0,0.0,0.0,0.0,0.0,0.0,0.0,0.0,0.0,0.0,0.0,0.0,0.0,0.0,0.0,66.4,0,150,71,51,65476,0,300,0,0,8,20529,65476,0,0,44564,70.0,0.0,0.0,0.0,0.0,0.0
2026-09-10T21:41:12,ERR,ERR,ERR,ERR,ERR,ERR,ERR,ERR,ERR,ERR,ERR,ERR,ERR,ERR,ERR,ERR,ERR,ERR,ERR,ERR,ERR,ERR,ERR,ERR,ERR,ERR,ERR,ERR,ERR,ERR,ERR,ERR,ERR,ERR,ERR,ERR,ERR,ERR,ERR,ERR,ERR,ERR,ERR,ERR,ERR,ERR,ERR,ERR,ERR,ERR,ERR,ERR,ERR,ERR,ERR,ERR,ERR,ERR,ERR,ERR,ERR,ERR,ERR,ERR,ERR,ERR,ERR,ERR,ERR,ERR,ERR,ERR,ERR,ERR,ERR,ERR,ERR,ERR,ERR,ERR,ERR,ERR,ERR,ERR,ERR,ERR,ERR,ERR,ERR,ERR,ERR,ERR,ERR,ERR,ERR,ERR,ERR,ERR,ERR,ERR,ERR,ERR,ERR,ERR,ERR,ERR,ERR,ERR,ERR,ERR,ERR,ERR,ERR,ERR,ERR,ERR,ERR,ERR,ERR,ERR,ERR,ERR,ERR,ERR,ERR,0.0,0.0,0.0,0.0,0.0,1.3936040501711995e+18,7.805,0.0,0,0,4,0,7116,0.0,100,0.0,0.0,0.0,0.0,0.0,0,0,0,0,0.0,0,0,0,0,0,0,0,0,0,0,0,0,0,0,0,0,0,0,0,0,0,0,0,0,0,0,0,0,0,0,0,0,0,31,40,40,71,65476,0,300,0,0,8,21553,0.0,-107605600.0,0.0,0.0,0.0,0.0,0.0,0.0,0.0,0.0,0.0,0.0,0.0,0.0,0.0,0.0,0.0,0.0,0.0,0.0,0.0,0.0,-2.004,2.004,-0.0,-2.004,0.0,0.0,0.0,0.0,4486.0,-1.5879263307997272e+29,6942.0,0.0,0.0,-107615168.0,2.718429120148166e+23,0.0,0.0,0.0,0.0,69,-71.63,2.718413807909433e+23,0.0,0.0,0.0,0.0,0.0,0.0,0.0,0,0,0,0.0,0.0,0.0,0.0,0.0,0.0,0.0,0.0,0.0,0.0,0.0,0.0,0.0,0.0,0.0,0.0,0,-107875648.0,69,0.0,138,0.0,2.6474720257151824e+23,0,52429,17085,52429,17099,13107,17080,0,0,0,70,68,100,2.7302399002429377e+23,82.4,-107615448.0,77.9,-107615464.0,78.5,1,49,50,180,39322,26215,0,0,0.0,0.0,0.0,0.0,-0.0,67.0,0.0,162057.094,0.0,973,0,997,0,0,0,948,0,1019,0,920,0,789,0,779,0,822,0,7520,0.032,4.121694378969478e+19,0.0,0.0,784,16797,-0.0,162057.094,-114818.039,-0.0,0.133,6.909358625270745e+28,30.0,70.0,35,0.0,0.0,0.0,0.0,0.0,0.0,0.0,0.0,0.0,0.0,0.0,0.0,0.0,0.0,0.0,0.0,66.4,0,150,71,51,65476,0,300,0,0,8,20529,65476,0,0,44564,70.0,0.0,0.0,0.0,0.0,0.0
2026-09-10T21:41:13,ERR,ERR,ERR,ERR,ERR,ERR,ERR,ERR,ERR,ERR,ERR,ERR,ERR,ERR,ERR,ERR,ERR,ERR,ERR,ERR,ERR,ERR,ERR,ERR,ERR,ERR,ERR,ERR,ERR,ERR,ERR,ERR,ERR,ERR,ERR,ERR,ERR,ERR,ERR,ERR,ERR,ERR,ERR,ERR,ERR,ERR,ERR,ERR,ERR,ERR,ERR,ERR,ERR,ERR,ERR,ERR,ERR,ERR,ERR,ERR,ERR,ERR,ERR,ERR,ERR,ERR,ERR,ERR,ERR,ERR,ERR,ERR,ERR,ERR,ERR,ERR,ERR,ERR,ERR,ERR,ERR,ERR,ERR,ERR,ERR,ERR,ERR,ERR,ERR,ERR,ERR,ERR,ERR,ERR,ERR,ERR,ERR,ERR,ERR,ERR,ERR,ERR,ERR,ERR,ERR,ERR,ERR,ERR,ERR,ERR,ERR,ERR,ERR,ERR,ERR,ERR,ERR,ERR,ERR,ERR,ERR,ERR,ERR,ERR,ERR,0.0,0.0,0.0,0.0,0.0,1.3936040501711995e+18,7.805,0.0,0,0,4,0,7116,0.0,100,0.0,0.0,0.0,0.0,0.0,0,0,0,0,0.0,0,0,0,0,0,0,0,0,0,0,0,0,0,0,0,0,0,0,0,0,0,0,0,0,0,0,0,0,0,0,0,0,0,31,40,40,71,65476,0,300,0,0,8,21553,0.0,-107605600.0,0.0,0.0,0.0,0.0,0.0,0.0,0.0,0.0,0.0,0.0,0.0,0.0,0.0,0.0,0.0,0.0,0.0,0.0,0.0,0.0,-2.004,2.004,-0.0,-2.004,0.0,0.0,0.0,0.0,4486.0,-1.5879263307997272e+29,6942.0,0.0,0.0,-107615168.0,2.718429120148166e+23,0.0,0.0,0.0,0.0,69,-71.63,2.718413807909433e+23,0.0,0.0,0.0,0.0,0.0,0.0,0.0,0,0,0,0.0,0.0,0.0,0.0,0.0,0.0,0.0,0.0,0.0,0.0,0.0,0.0,0.0,0.0,0.0,0.0,0,-107875648.0,69,0.0,138,0.0,2.6474720257151824e+23,0,52429,17085,52429,17099,13107,17080,0,0,0,70,68,100,2.7302399002429377e+23,82.4,-107615448.0,77.9,-107615464.0,78.5,1,49,50,180,39322,26215,0,0,0.0,0.0,0.0,0.0,-0.0,67.0,0.0,162057.094,0.0,973,0,997,0,0,0,948,0,1019,0,920,0,789,0,779,0,822,0,7520,0.032,4.121694378969478e+19,0.0,0.0,784,16797,-0.0,162057.094,-114818.039,-0.0,0.133,6.909358625270745e+28,30.0,70.0,35,0.0,0.0,0.0,0.0,0.0,0.0,0.0,0.0,0.0,0.0,0.0,0.0,0.0,0.0,0.0,0.0,66.4,0,150,71,51,65476,0,300,0,0,8,20529,65476,0,0,44564,70.0,0.0,0.0,0.0,0.0,0.0
2026-09-10T21:41:14,ERR,ERR,ERR,ERR,ERR,ERR,ERR,ERR,ERR,ERR,ERR,ERR,ERR,ERR,ERR,ERR,ERR,ERR,ERR,ERR,ERR,ERR,ERR,ERR,ERR,ERR,ERR,ERR,ERR,ERR,ERR,ERR,ERR,ERR,ERR,ERR,ERR,ERR,ERR,ERR,ERR,ERR,ERR,ERR,ERR,ERR,ERR,ERR,ERR,ERR,ERR,ERR,ERR,ERR,ERR,ERR,ERR,ERR,ERR,ERR,ERR,ERR,ERR,ERR,ERR,ERR,ERR,ERR,ERR,ERR,ERR,ERR,ERR,ERR,ERR,ERR,ERR,ERR,ERR,ERR,ERR,ERR,ERR,ERR,ERR,ERR,ERR,ERR,ERR,ERR,ERR,ERR,ERR,ERR,ERR,ERR,ERR,ERR,ERR,ERR,ERR,ERR,ERR,ERR,ERR,ERR,ERR,ERR,ERR,ERR,ERR,ERR,ERR,ERR,ERR,ERR,ERR,ERR,ERR,ERR,ERR,ERR,ERR,ERR,ERR,0.0,0.0,0.0,0.0,0.0,1.3936040501711995e+18,7.805,0.0,0,0,4,0,7116,0.0,100,0.0,0.0,0.0,0.0,0.0,0,0,0,0,0.0,0,0,0,0,0,0,0,0,0,0,0,0,0,0,0,0,0,0,0,0,0,0,0,0,0,0,0,0,0,0,0,0,0,31,40,40,71,65476,0,300,0,0,8,21553,0.0,-107605600.0,0.0,0.0,0.0,0.0,0.0,0.0,0.0,0.0,0.0,0.0,0.0,0.0,0.0,0.0,0.0,0.0,0.0,0.0,0.0,0.0,-2.004,2.004,-0.0,-2.004,0.0,0.0,0.0,0.0,4486.0,-1.5879263307997272e+29,6942.0,0.0,0.0,-107615168.0,2.718429120148166e+23,0.0,0.0,0.0,0.0,69,-71.63,2.718413807909433e+23,0.0,0.0,0.0,0.0,0.0,0.0,0.0,0,0,0,0.0,0.0,0.0,0.0,0.0,0.0,0.0,0.0,0.0,0.0,0.0,0.0,0.0,0.0,0.0,0.0,0,-107875648.0,69,0.0,138,0.0,2.6474720257151824e+23,0,52429,17085,52429,17099,13107,17080,0,0,0,70,68,100,2.7302399002429377e+23,82.4,-107615448.0,77.9,-107615464.0,78.5,1,49,50,180,39322,26215,0,0,0.0,0.0,0.0,0.0,-0.0,67.0,0.0,162057.094,0.0,973,0,997,0,0,0,948,0,1019,0,920,0,789,0,779,0,822,0,7520,0.032,4.121694378969478e+19,0.0,0.0,784,16797,-0.0,162057.094,-114818.039,-0.0,0.133,6.909358625270745e+28,30.0,70.0,35,0.0,0.0,0.0,0.0,0.0,0.0,0.0,0.0,0.0,0.0,0.0,0.0,0.0,0.0,0.0,0.0,66.4,0,150,71,51,65476,0,300,0,0,8,20529,65476,0,0,44564,70.0,0.0,0.0,0.0,0.0,0.0
2026-09-10T21:41:15,ERR,ERR,ERR,ERR,ERR,ERR,ERR,ERR,ERR,ERR,ERR,ERR,ERR,ERR,ERR,ERR,ERR,ERR,ERR,ERR,ERR,ERR,ERR,ERR,ERR,ERR,ERR,ERR,ERR,ERR,ERR,ERR,ERR,ERR,ERR,ERR,ERR,ERR,ERR,ERR,ERR,ERR,ERR,ERR,ERR,ERR,ERR,ERR,ERR,ERR,ERR,ERR,ERR,ERR,ERR,ERR,ERR,ERR,ERR,ERR,ERR,ERR,ERR,ERR,ERR,ERR,ERR,ERR,ERR,ERR,ERR,ERR,ERR,ERR,ERR,ERR,ERR,ERR,ERR,ERR,ERR,ERR,ERR,ERR,ERR,ERR,ERR,ERR,ERR,ERR,ERR,ERR,ERR,ERR,ERR,ERR,ERR,ERR,ERR,ERR,ERR,ERR,ERR,ERR,ERR,ERR,ERR,ERR,ERR,ERR,ERR,ERR,ERR,ERR,ERR,ERR,ERR,ERR,ERR,ERR,ERR,ERR,ERR,ERR,ERR,0.0,0.0,0.0,0.0,0.0,1.3936040501711995e+18,7.805,0.0,0,0,4,0,7116,0.0,100,0.0,0.0,0.0,0.0,0.0,0,0,0,0,0.0,0,0,0,0,0,0,0,0,0,0,0,0,0,0,0,0,0,0,0,0,0,0,0,0,0,0,0,0,0,0,0,0,0,31,40,40,71,65476,0,300,0,0,8,21553,0.0,-107605600.0,0.0,0.0,0.0,0.0,0.0,0.0,0.0,0.0,0.0,0.0,0.0,0.0,0.0,0.0,0.0,0.0,0.0,0.0,0.0,0.0,-2.004,2.004,-0.0,-2.004,0.0,0.0,0.0,0.0,4486.0,-1.5879263307997272e+29,6942.0,0.0,0.0,-107615168.0,2.718429120148166e+23,0.0,0.0,0.0,0.0,69,-71.63,2.718413807909433e+23,0.0,0.0,0.0,0.0,0.0,0.0,0.0,0,0,0,0.0,0.0,0.0,0.0,0.0,0.0,0.0,0.0,0.0,0.0,0.0,0.0,0.0,0.0,0.0,0.0,0,-107875648.0,69,0.0,138,0.0,2.6474720257151824e+23,0,52429,17085,52429,17099,13107,17080,0,0,0,70,68,100,2.7302399002429377e+23,82.4,-107615448.0,77.9,-107615464.0,78.5,1,49,50,180,39322,26215,0,0,0.0,0.0,0.0,0.0,-0.0,67.0,0.0,162057.094,0.0,973,0,997,0,0,0,948,0,1019,0,920,0,789,0,779,0,822,0,7520,0.032,4.121694378969478e+19,0.0,0.0,784,16797,-0.0,162057.094,-114818.039,-0.0,0.133,6.909358625270745e+28,30.0,70.0,35,0.0,0.0,0.0,0.0,0.0,0.0,0.0,0.0,0.0,0.0,0.0,0.0,0.0,0.0,0.0,0.0,66.4,0,150,71,51,65476,0,300,0,0,8,20529,65476,0,0,44564,70.0,0.0,0.0,0.0,0.0,0.0
2026-09-10T21:41:16,ERR,ERR,ERR,ERR,ERR,ERR,ERR,ERR,ERR,ERR,ERR,ERR,ERR,ERR,ERR,ERR,ERR,ERR,ERR,ERR,ERR,ERR,ERR,ERR,ERR,ERR,ERR,ERR,ERR,ERR,ERR,ERR,ERR,ERR,ERR,ERR,ERR,ERR,ERR,ERR,ERR,ERR,ERR,ERR,ERR,ERR,ERR,ERR,ERR,ERR,ERR,ERR,ERR,ERR,ERR,ERR,ERR,ERR,ERR,ERR,ERR,ERR,ERR,ERR,ERR,ERR,ERR,ERR,ERR,ERR,ERR,ERR,ERR,ERR,ERR,ERR,ERR,ERR,ERR,ERR,ERR,ERR,ERR,ERR,ERR,ERR,ERR,ERR,ERR,ERR,ERR,ERR,ERR,ERR,ERR,ERR,ERR,ERR,ERR,ERR,ERR,ERR,ERR,ERR,ERR,ERR,ERR,ERR,ERR,ERR,ERR,ERR,ERR,ERR,ERR,ERR,ERR,ERR,ERR,ERR,ERR,ERR,ERR,ERR,ERR,0.0,0.0,0.0,0.0,0.0,1.3936040501711995e+18,7.805,0.0,0,0,4,0,7116,0.0,100,0.0,0.0,0.0,0.0,0.0,0,0,0,0,0.0,0,0,0,0,0,0,0,0,0,0,0,0,0,0,0,0,0,0,0,0,0,0,0,0,0,0,0,0,0,0,0,0,0,31,40,40,71,65476,0,300,0,0,8,21553,0.0,-107605600.0,0.0,0.0,0.0,0.0,0.0,0.0,0.0,0.0,0.0,0.0,0.0,0.0,0.0,0.0,0.0,0.0,0.0,0.0,0.0,0.0,-2.004,2.004,-0.0,-2.004,0.0,0.0,0.0,0.0,4486.0,-1.5879263307997272e+29,6942.0,0.0,0.0,-107615168.0,2.718429120148166e+23,0.0,0.0,0.0,0.0,69,-71.63,2.718413807909433e+23,0.0,0.0,0.0,0.0,0.0,0.0,0.0,0,0,0,0.0,0.0,0.0,0.0,0.0,0.0,0.0,0.0,0.0,0.0,0.0,0.0,0.0,0.0,0.0,0.0,0,-107875648.0,69,0.0,138,0.0,2.6474720257151824e+23,0,39322,17085,52429,17099,0,17080,0,0,0,70,68,100,2.7302399002429377e+23,82.4,-107615448.0,77.9,-107615464.0,78.5,1,49,50,180,39322,26215,0,0,0.0,0.0,0.0,0.0,-0.0,67.0,0.0,162057.094,0.0,973,0,997,0,0,0,948,0,1019,0,920,0,789,0,779,0,821,0,7520,0.032,4.121694378969478e+19,0.0,0.0,784,16797,-0.0,162057.094,-114818.039,-0.0,0.133,6.909358625270745e+28,30.0,70.0,35,0.0,0.0,0.0,0.0,0.0,0.0,0.0,0.0,0.0,0.0,0.0,0.0,0.0,0.0,0.0,0.0,66.4,0,150,71,51,65476,0,300,0,0,8,20529,65476,0,0,44564,70.0,0.0,0.0,0.0,0.0,0.0
2026-09-10T21:41:17,ERR,ERR,ERR,ERR,ERR,ERR,ERR,ERR,ERR,ERR,ERR,ERR,ERR,ERR,ERR,ERR,ERR,ERR,ERR,ERR,ERR,ERR,ERR,ERR,ERR,ERR,ERR,ERR,ERR,ERR,ERR,ERR,ERR,ERR,ERR,ERR,ERR,ERR,ERR,ERR,ERR,ERR,ERR,ERR,ERR,ERR,ERR,ERR,ERR,ERR,ERR,ERR,ERR,ERR,ERR,ERR,ERR,ERR,ERR,ERR,ERR,ERR,ERR,ERR,ERR,ERR,ERR,ERR,ERR,ERR,ERR,ERR,ERR,ERR,ERR,ERR,ERR,ERR,ERR,ERR,ERR,ERR,ERR,ERR,ERR,ERR,ERR,ERR,ERR,ERR,ERR,ERR,ERR,ERR,ERR,ERR,ERR,ERR,ERR,ERR,ERR,ERR,ERR,ERR,ERR,ERR,ERR,ERR,ERR,ERR,ERR,ERR,ERR,ERR,ERR,ERR,ERR,ERR,ERR,ERR,ERR,ERR,ERR,ERR,ERR,0.0,0.0,2.6474835549302285e+23,0.0,0.0,1.3936040501711995e+18,7.805,0.0,0,0,4,0,7116,0.0,100,0.0,0.0,0.0,0.0,0.0,0,0,0,0,0.0,0,0,0,0,0,0,0,0,0,0,0,0,0,0,0,0,0,0,0,0,0,0,0,0,0,0,0,0,0,0,0,0,0,31,40,40,71,65476,0,300,0,0,8,21553,0.0,-107605600.0,0.0,0.0,0.0,0.0,0.0,0.0,0.0,0.0,0.0,0.0,0.0,0.0,0.0,0.0,0.0,0.0,0.0,0.0,0.0,0.0,-2.004,0.0,-0.0,-2.004,0.0,0.0,0.0,0.0,4491.0,-2.4229832928462634e+24,6941.0,0.0,0.0,-107615168.0,2.718429120148166e+23,0.0,0.0,0.0,0.0,69,-89221.141,1.905682486793339e+17,0.0,0.0,0.0,0.0,0.0,0.0,0.0,0,0,0,0.0,0.0,0.0,0.0,0.0,0.0,0.0,0.0,0.0,0.0,0.0,0.0,0.0,0.0,0.0,0.0,0,-107875648.0,69,0.0,138,0.0,2.6474720257151824e+23,0,39322,17085,52429,17099,0,17080,0,0,0,70,68,100,2.7302399002429377e+23,82.4,-107615448.0,77.9,-107615464.0,78.5,1,49,50,180,39322,26215,0,0,0.0,0.0,0.0,0.0,-0.0,67.0,0.0,162057.094,0.0,973,0,997,0,0,0,948,0,1019,0,920,0,789,0,779,0,821,0,7520,0.032,4.121694378969478e+19,0.0,0.0,784,16797,-0.0,162057.094,-114818.039,-0.0,0.133,6.909358625270745e+28,30.0,70.0,35,0.0,0.0,0.0,0.0,0.0,0.0,0.0,0.0,0.0,0.0,0.0,0.0,0.0,0.0,0.0,0.0,66.4,0,150,71,51,65476,0,300,0,0,8,20529,65476,0,0,44564,70.0,0.0,0.0,0.0,0.0,0.0
2026-09-10T21:41:18,ERR,ERR,ERR,ERR,ERR,ERR,ERR,ERR,ERR,ERR,ERR,ERR,ERR,ERR,ERR,ERR,ERR,ERR,ERR,ERR,ERR,ERR,ERR,ERR,ERR,ERR,ERR,ERR,ERR,ERR,ERR,ERR,ERR,ERR,ERR,ERR,ERR,ERR,ERR,ERR,ERR,ERR,ERR,ERR,ERR,ERR,ERR,ERR,ERR,ERR,ERR,ERR,ERR,ERR,ERR,ERR,ERR,ERR,ERR,ERR,ERR,ERR,ERR,ERR,ERR,ERR,ERR,ERR,ERR,ERR,ERR,ERR,ERR,ERR,ERR,ERR,ERR,ERR,ERR,ERR,ERR,ERR,ERR,ERR,ERR,ERR,ERR,ERR,ERR,ERR,ERR,ERR,ERR,ERR,ERR,ERR,ERR,ERR,ERR,ERR,ERR,ERR,ERR,ERR,ERR,ERR,ERR,ERR,ERR,ERR,ERR,ERR,ERR,ERR,ERR,ERR,ERR,ERR,ERR,ERR,ERR,ERR,ERR,ERR,ERR,0.0,0.0,2.6474835549302285e+23,0.0,0.0,1.3936040501711995e+18,7.805,0.0,0,0,4,0,7116,0.0,100,0.0,0.0,0.0,0.0,0.0,0,0,0,0,0.0,0,0,0,0,0,0,0,0,0,0,0,0,0,0,0,0,0,0,0,0,0,0,0,0,0,0,0,0,0,0,0,0,0,31,40,40,71,65476,0,300,0,0,8,21553,0.0,-107605600.0,0.0,0.0,0.0,0.0,0.0,0.0,0.0,0.0,0.0,0.0,0.0,0.0,0.0,0.0,0.0,0.0,0.0,0.0,0.0,0.0,-2.004,0.0,-0.0,-2.004,0.0,0.0,0.0,0.0,4491.0,-2.4229832928462634e+24,6941.0,0.0,0.0,-107615168.0,2.718429120148166e+23,0.0,0.0,0.0,0.0,69,-89221.141,1.905682486793339e+17,0.0,0.0,0.0,0.0,0.0,0.0,0.0,0,0,0,0.0,0.0,0.0,0.0,0.0,0.0,0.0,0.0,0.0,0.0,0.0,0.0,0.0,0.0,0.0,0.0,0,-107875648.0,69,0.0,138,0.0,2.6474720257151824e+23,0,39322,17085,52429,17099,0,17080,0,0,0,70,68,100,2.7302399002429377e+23,82.4,-107615448.0,77.9,-107615464.0,78.5,1,49,50,180,39322,26215,0,0,0.0,0.0,0.0,0.0,-0.0,67.0,0.0,162057.094,0.0,973,0,997,0,0,0,948,0,1019,0,920,0,789,0,779,0,821,0,7520,0.032,4.121694378969478e+19,0.0,0.0,784,16797,-0.0,162057.094,-114818.039,-0.0,0.133,6.909358625270745e+28,30.0,70.0,35,0.0,0.0,0.0,0.0,0.0,0.0,0.0,0.0,0.0,0.0,0.0,0.0,0.0,0.0,0.0,0.0,66.4,0,150,71,51,65476,0,300,0,0,8,20529,65476,0,0,44564,70.0,0.0,0.0,0.0,0.0,0.0
2026-09-10T21:41:19,ERR,ERR,ERR,ERR,ERR,ERR,ERR,ERR,ERR,ERR,ERR,ERR,ERR,ERR,ERR,ERR,ERR,ERR,ERR,ERR,ERR,ERR,ERR,ERR,ERR,ERR,ERR,ERR,ERR,ERR,ERR,ERR,ERR,ERR,ERR,ERR,ERR,ERR,ERR,ERR,ERR,ERR,ERR,ERR,ERR,ERR,ERR,ERR,ERR,ERR,ERR,ERR,ERR,ERR,ERR,ERR,ERR,ERR,ERR,ERR,ERR,ERR,ERR,ERR,ERR,ERR,ERR,ERR,ERR,ERR,ERR,ERR,ERR,ERR,ERR,ERR,ERR,ERR,ERR,ERR,ERR,ERR,ERR,ERR,ERR,ERR,ERR,ERR,ERR,ERR,ERR,ERR,ERR,ERR,ERR,ERR,ERR,ERR,ERR,ERR,ERR,ERR,ERR,ERR,ERR,ERR,ERR,ERR,ERR,ERR,ERR,ERR,ERR,ERR,ERR,ERR,ERR,ERR,ERR,ERR,ERR,ERR,ERR,ERR,ERR,0.0,0.0,2.6474835549302285e+23,0.0,0.0,1.3936040501711995e+18,7.805,0.0,0,0,4,0,7116,0.0,100,0.0,0.0,0.0,0.0,0.0,0,0,0,0,0.0,0,0,0,0,0,0,0,0,0,0,0,0,0,0,0,0,0,0,0,0,0,0,0,0,0,0,0,0,0,0,0,0,0,31,40,40,71,65476,0,300,0,0,8,21553,0.0,-107605600.0,0.0,0.0,0.0,0.0,0.0,0.0,0.0,0.0,0.0,0.0,0.0,0.0,0.0,0.0,0.0,0.0,0.0,0.0,0.0,0.0,-2.004,0.0,-0.0,-2.004,0.0,0.0,0.0,0.0,4491.0,-2.4229832928462634e+24,6941.0,0.0,0.0,-107615168.0,2.718429120148166e+23,0.0,0.0,0.0,0.0,69,-89221.141,1.905682486793339e+17,0.0,0.0,0.0,0.0,0.0,0.0,0.0,0,0,0,0.0,0.0,0.0,0.0,0.0,0.0,0.0,0.0,0.0,0.0,0.0,0.0,0.0,0.0,0.0,0.0,0,-107875648.0,69,0.0,138,0.0,2.6474720257151824e+23,0,39322,17085,52429,17099,0,17080,0,0,0,70,68,100,2.7302399002429377e+23,82.4,-107615448.0,77.9,-107615464.0,78.5,1,49,50,180,39322,26215,0,0,0.0,0.0,0.0,0.0,-0.0,67.0,0.0,162057.094,0.0,973,0,997,0,0,0,948,0,1019,0,920,0,789,0,779,0,821,0,7520,0.032,4.121694378969478e+19,0.0,0.0,784,16797,-0.0,162057.094,-114818.039,-0.0,0.133,6.909358625270745e+28,30.0,70.0,35,0.0,0.0,0.0,0.0,0.0,0.0,0.0,0.0,0.0,0.0,0.0,0.0,0.0,0.0,0.0,0.0,66.4,0,150,71,51,65476,0,300,0,0,8,20529,65476,0,0,44564,70.0,0.0,0.0,0.0,0.0,0.0
2026-09-10T21:41:20,ERR,ERR,ERR,ERR,ERR,ERR,ERR,ERR,ERR,ERR,ERR,ERR,ERR,ERR,ERR,ERR,ERR,ERR,ERR,ERR,ERR,ERR,ERR,ERR,ERR,ERR,ERR,ERR,ERR,ERR,ERR,ERR,ERR,ERR,ERR,ERR,ERR,ERR,ERR,ERR,ERR,ERR,ERR,ERR,ERR,ERR,ERR,ERR,ERR,ERR,ERR,ERR,ERR,ERR,ERR,ERR,ERR,ERR,ERR,ERR,ERR,ERR,ERR,ERR,ERR,ERR,ERR,ERR,ERR,ERR,ERR,ERR,ERR,ERR,ERR,ERR,ERR,ERR,ERR,ERR,ERR,ERR,ERR,ERR,ERR,ERR,ERR,ERR,ERR,ERR,ERR,ERR,ERR,ERR,ERR,ERR,ERR,ERR,ERR,ERR,ERR,ERR,ERR,ERR,ERR,ERR,ERR,ERR,ERR,ERR,ERR,ERR,ERR,ERR,ERR,ERR,ERR,ERR,ERR,ERR,ERR,ERR,ERR,ERR,ERR,0.0,0.0,2.6474835549302285e+23,0.0,0.0,1.3936040501711995e+18,7.805,0.0,0,0,4,0,7116,0.0,100,0.0,0.0,0.0,0.0,0.0,0,0,0,0,0.0,0,0,0,0,0,0,0,0,0,0,0,0,0,0,0,0,0,0,0,0,0,0,0,0,0,0,0,0,0,0,0,0,0,31,40,40,71,65476,0,300,0,0,8,21553,0.0,-107605600.0,0.0,0.0,0.0,0.0,0.0,0.0,0.0,0.0,0.0,0.0,0.0,0.0,0.0,0.0,0.0,0.0,0.0,0.0,0.0,0.0,-2.004,0.0,-0.0,-2.004,0.0,0.0,0.0,0.0,4491.0,-2.4229832928462634e+24,6941.0,0.0,0.0,-107615168.0,2.718429120148166e+23,0.0,0.0,0.0,0.0,69,-89221.141,1.905682486793339e+17,0.0,0.0,0.0,0.0,0.0,0.0,0.0,0,0,0,0.0,0.0,0.0,0.0,0.0,0.0,0.0,0.0,0.0,0.0,0.0,0.0,0.0,0.0,0.0,0.0,0,-107875648.0,69,0.0,138,0.0,2.6474720257151824e+23,0,39322,17085,52429,17099,0,17080,0,0,0,70,68,100,2.7302399002429377e+23,82.4,-107615448.0,77.9,-107615464.0,78.5,1,49,50,180,39322,26215,0,0,0.0,0.0,0.0,0.0,-0.0,67.0,0.0,162057.094,0.0,973,0,997,0,0,0,948,0,1019,0,920,0,789,0,779,0,821,0,7520,0.032,4.121694378969478e+19,0.0,0.0,784,16797,-0.0,162057.094,-114818.039,-0.0,0.133,6.909358625270745e+28,30.0,70.0,35,0.0,0.0,0.0,0.0,0.0,0.0,0.0,0.0,0.0,0.0,0.0,0.0,0.0,0.0,0.0,0.0,66.4,0,150,71,51,65476,0,300,0,0,8,20529,65476,0,0,44564,70.0,0.0,0.0,0.0,0.0,0.0
2026-09-10T21:41:21,ERR,ERR,ERR,ERR,ERR,ERR,ERR,ERR,ERR,ERR,ERR,ERR,ERR,ERR,ERR,ERR,ERR,ERR,ERR,ERR,ERR,ERR,ERR,ERR,ERR,ERR,ERR,ERR,ERR,ERR,ERR,ERR,ERR,ERR,ERR,ERR,ERR,ERR,ERR,ERR,ERR,ERR,ERR,ERR,ERR,ERR,ERR,ERR,ERR,ERR,ERR,ERR,ERR,ERR,ERR,ERR,ERR,ERR,ERR,ERR,ERR,ERR,ERR,ERR,ERR,ERR,ERR,ERR,ERR,ERR,ERR,ERR,ERR,ERR,ERR,ERR,ERR,ERR,ERR,ERR,ERR,ERR,ERR,ERR,ERR,ERR,ERR,ERR,ERR,ERR,ERR,ERR,ERR,ERR,ERR,ERR,ERR,ERR,ERR,ERR,ERR,ERR,ERR,ERR,ERR,ERR,ERR,ERR,ERR,ERR,ERR,ERR,ERR,ERR,ERR,ERR,ERR,ERR,ERR,ERR,ERR,ERR,ERR,ERR,ERR,0.0,0.0,2.6474835549302285e+23,0.0,0.0,1.3936040501711995e+18,7.805,0.0,0,0,4,0,7116,0.0,100,0.0,0.0,0.0,0.0,0.0,0,0,0,0,0.0,0,0,0,0,0,0,0,0,0,0,0,0,0,0,0,0,0,0,0,0,0,0,0,0,0,0,0,0,0,0,0,0,0,31,40,40,71,65476,0,300,0,0,8,21553,0.0,-107605600.0,0.0,0.0,0.0,0.0,0.0,0.0,0.0,0.0,0.0,0.0,0.0,0.0,0.0,0.0,0.0,0.0,0.0,0.0,0.0,0.0,-2.004,0.0,-0.0,-2.004,0.0,0.0,0.0,0.0,4491.0,-2.4229832928462634e+24,6941.0,0.0,0.0,-107615168.0,2.718429120148166e+23,0.0,0.0,0.0,0.0,69,-89221.141,1.905682486793339e+17,0.0,0.0,0.0,0.0,0.0,0.0,0.0,0,0,0,0.0,0.0,0.0,0.0,0.0,0.0,0.0,0.0,0.0,0.0,0.0,0.0,0.0,0.0,0.0,0.0,0,-107875648.0,69,0.0,138,0.0,2.6474720257151824e+23,0,39322,17085,52429,17099,0,17080,0,0,0,70,68,100,2.7302399002429377e+23,82.4,-107615448.0,77.9,-107615464.0,78.5,1,49,50,180,39322,26215,0,0,0.0,0.0,0.0,0.0,-0.0,67.0,0.0,162057.094,0.0,973,0,997,0,0,0,948,0,1019,0,920,0,789,0,779,0,821,0,7520,0.032,4.121694378969478e+19,0.0,0.0,784,16797,-0.0,162057.094,-114818.039,-0.0,0.133,6.909358625270745e+28,30.0,70.0,35,0.0,0.0,0.0,0.0,0.0,0.0,0.0,0.0,0.0,0.0,0.0,0.0,0.0,0.0,0.0,0.0,66.4,0,150,71,51,65476,0,300,0,0,8,20529,65476,0,0,44564,70.0,0.0,0.0,0.0,0.0,0.0
2026-09-10T21:41:22,ERR,ERR,ERR,ERR,ERR,ERR,ERR,ERR,ERR,ERR,ERR,ERR,ERR,ERR,ERR,ERR,ERR,ERR,ERR,ERR,ERR,ERR,ERR,ERR,ERR,ERR,ERR,ERR,ERR,ERR,ERR,ERR,ERR,ERR,ERR,ERR,ERR,ERR,ERR,ERR,ERR,ERR,ERR,ERR,ERR,ERR,ERR,ERR,ERR,ERR,ERR,ERR,ERR,ERR,ERR,ERR,ERR,ERR,ERR,ERR,ERR,ERR,ERR,ERR,ERR,ERR,ERR,ERR,ERR,ERR,ERR,ERR,ERR,ERR,ERR,ERR,ERR,ERR,ERR,ERR,ERR,ERR,ERR,ERR,ERR,ERR,ERR,ERR,ERR,ERR,ERR,ERR,ERR,ERR,ERR,ERR,ERR,ERR,ERR,ERR,ERR,ERR,ERR,ERR,ERR,ERR,ERR,ERR,ERR,ERR,ERR,ERR,ERR,ERR,ERR,ERR,ERR,ERR,ERR,ERR,ERR,ERR,ERR,ERR,ERR,0.0,0.0,2.6474835549302285e+23,0.0,0.0,1.3936040501711995e+18,7.805,0.0,0,0,4,0,7116,0.0,100,0.0,0.0,0.0,0.0,0.0,0,0,0,0,0.0,0,0,0,0,0,0,0,0,0,0,0,0,0,0,0,0,0,0,0,0,0,0,0,0,0,0,0,0,0,0,0,0,0,31,40,40,71,65476,0,300,0,0,8,21553,0.0,-107605600.0,0.0,0.0,0.0,0.0,0.0,0.0,0.0,0.0,0.0,0.0,0.0,0.0,0.0,0.0,0.0,0.0,0.0,0.0,0.0,0.0,-2.004,0.0,-0.0,-2.004,0.0,0.0,0.0,0.0,4491.0,-2.4229832928462634e+24,6941.0,0.0,0.0,-107615168.0,2.718429120148166e+23,0.0,0.0,0.0,0.0,69,-89221.141,1.905682486793339e+17,0.0,0.0,0.0,0.0,0.0,0.0,0.0,0,0,0,0.0,0.0,0.0,0.0,0.0,0.0,0.0,0.0,0.0,0.0,0.0,0.0,0.0,0.0,0.0,0.0,0,-107875648.0,69,0.0,138,0.0,2.6474720257151824e+23,0,39322,17085,52429,17099,0,17080,0,0,0,70,68,100,2.7302399002429377e+23,82.4,-107615448.0,77.9,-107615464.0,78.5,1,49,50,180,39322,26215,0,0,0.0,0.0,0.0,0.0,-0.0,67.0,0.0,162057.094,0.0,973,0,997,0,0,0,948,0,1019,0,920,0,789,0,779,0,822,0,7520,0.032,4.150517416584649e+19,0.0,0.0,784,16797,-0.0,162057.094,-114818.039,-0.0,0.133,6.909358625270745e+28,30.0,70.0,35,0.0,0.0,0.0,0.0,0.0,0.0,0.0,0.0,0.0,0.0,0.0,0.0,0.0,0.0,0.0,0.0,66.4,0,150,71,51,65476,0,300,0,0,8,20529,65476,0,0,44564,70.0,0.0,0.0,0.0,0.0,0.0
2026-09-10T21:41:23,ERR,ERR,ERR,ERR,ERR,ERR,ERR,ERR,ERR,ERR,ERR,ERR,ERR,ERR,ERR,ERR,ERR,ERR,ERR,ERR,ERR,ERR,ERR,ERR,ERR,ERR,ERR,ERR,ERR,ERR,ERR,ERR,ERR,ERR,ERR,ERR,ERR,ERR,ERR,ERR,ERR,ERR,ERR,ERR,ERR,ERR,ERR,ERR,ERR,ERR,ERR,ERR,ERR,ERR,ERR,ERR,ERR,ERR,ERR,ERR,ERR,ERR,ERR,ERR,ERR,ERR,ERR,ERR,ERR,ERR,ERR,ERR,ERR,ERR,ERR,ERR,ERR,ERR,ERR,ERR,ERR,ERR,ERR,ERR,ERR,ERR,ERR,ERR,ERR,ERR,ERR,ERR,ERR,ERR,ERR,ERR,ERR,ERR,ERR,ERR,ERR,ERR,ERR,ERR,ERR,ERR,ERR,ERR,ERR,ERR,ERR,ERR,ERR,ERR,ERR,ERR,ERR,ERR,ERR,ERR,ERR,ERR,ERR,ERR,ERR,0.0,0.0,2.6474835549302285e+23,0.0,0.0,1.3936040501711995e+18,7.805,0.0,0,0,4,0,7116,0.0,100,0.0,0.0,0.0,0.0,0.0,0,0,0,0,0.0,0,0,0,0,0,0,0,0,0,0,0,0,0,0,0,0,0,0,0,0,0,0,0,0,0,0,0,0,0,0,0,0,0,31,40,40,71,65476,0,300,0,0,8,21553,0.0,-107605600.0,0.0,0.0,0.0,0.0,0.0,0.0,0.0,0.0,0.0,0.0,0.0,0.0,0.0,0.0,0.0,0.0,0.0,0.0,0.0,0.0,-2.004,0.0,-0.0,-2.004,0.0,0.0,0.0,0.0,4491.0,-2.4229832928462634e+24,6941.0,0.0,0.0,-107615168.0,2.718429120148166e+23,0.0,0.0,0.0,0.0,69,-89221.141,1.905682486793339e+17,0.0,0.0,0.0,0.0,0.0,0.0,0.0,0,0,0,0.0,0.0,0.0,0.0,0.0,0.0,0.0,0.0,0.0,0.0,0.0,0.0,0.0,0.0,0.0,0.0,0,-107875648.0,69,0.0,138,0.0,2.6474720257151824e+23,0,39322,17085,52429,17099,0,17080,0,0,0,70,68,100,2.7302399002429377e+23,82.4,-107615448.0,77.9,-107615464.0,78.5,1,49,50,180,39322,26215,0,0,0.0,0.0,0.0,0.0,-0.0,67.0,0.0,162057.094,0.0,973,0,997,0,0,0,948,0,1019,0,920,0,789,0,779,0,822,0,7520,0.032,4.150517416584649e+19,0.0,0.0,784,16797,-0.0,162057.094,-114818.039,-0.0,0.133,6.909358625270745e+28,30.0,70.0,35,0.0,0.0,0.0,0.0,0.0,0.0,0.0,0.0,0.0,0.0,0.0,0.0,0.0,0.0,0.0,0.0,66.4,0,150,71,51,65476,0,300,0,0,8,20529,65476,0,0,44564,70.0,0.0,0.0,0.0,0.0,0.0
2026-09-10T21:41:24,ERR,ERR,ERR,ERR,ERR,ERR,ERR,ERR,ERR,ERR,ERR,ERR,ERR,ERR,ERR,ERR,ERR,ERR,ERR,ERR,ERR,ERR,ERR,ERR,ERR,ERR,ERR,ERR,ERR,ERR,ERR,ERR,ERR,ERR,ERR,ERR,ERR,ERR,ERR,ERR,ERR,ERR,ERR,ERR,ERR,ERR,ERR,ERR,ERR,ERR,ERR,ERR,ERR,ERR,ERR,ERR,ERR,ERR,ERR,ERR,ERR,ERR,ERR,ERR,ERR,ERR,ERR,ERR,ERR,ERR,ERR,ERR,ERR,ERR,ERR,ERR,ERR,ERR,ERR,ERR,ERR,ERR,ERR,ERR,ERR,ERR,ERR,ERR,ERR,ERR,ERR,ERR,ERR,ERR,ERR,ERR,ERR,ERR,ERR,ERR,ERR,ERR,ERR,ERR,ERR,ERR,ERR,ERR,ERR,ERR,ERR,ERR,ERR,ERR,ERR,ERR,ERR,ERR,ERR,ERR,ERR,ERR,ERR,ERR,ERR,0.0,0.0,2.6474835549302285e+23,0.0,0.0,1.3936040501711995e+18,7.805,0.0,0,0,4,0,7116,0.0,100,0.0,0.0,0.0,0.0,0.0,0,0,0,0,0.0,0,0,0,0,0,0,0,0,0,0,0,0,0,0,0,0,0,0,0,0,0,0,0,0,0,0,0,0,0,0,0,0,0,31,40,40,71,65476,0,300,0,0,8,21553,0.0,-107605600.0,0.0,0.0,0.0,0.0,0.0,0.0,0.0,0.0,0.0,0.0,0.0,0.0,0.0,0.0,0.0,0.0,0.0,0.0,0.0,0.0,-2.004,0.0,-0.0,-2.004,0.0,0.0,0.0,0.0,4491.0,-2.4229832928462634e+24,6941.0,0.0,0.0,-107615168.0,2.718429120148166e+23,0.0,0.0,0.0,0.0,69,-89221.141,1.905682486793339e+17,0.0,0.0,0.0,0.0,0.0,0.0,0.0,0,0,0,0.0,0.0,0.0,0.0,0.0,0.0,0.0,0.0,0.0,0.0,0.0,0.0,0.0,0.0,0.0,0.0,0,-107875648.0,69,0.0,138,0.0,2.6474720257151824e+23,0,39322,17085,52429,17099,0,17080,0,0,0,70,68,100,2.7302399002429377e+23,82.4,-107615448.0,77.9,-107615464.0,78.5,1,49,50,180,39322,26215,0,0,0.0,0.0,0.0,0.0,-0.0,67.0,0.0,162057.094,0.0,973,0,997,0,0,0,948,0,1019,0,920,0,789,0,779,0,822,0,7520,0.032,4.150517416584649e+19,0.0,0.0,784,16797,-0.0,162057.094,-114818.039,-0.0,0.133,6.909358625270745e+28,30.0,70.0,35,0.0,0.0,0.0,0.0,0.0,0.0,0.0,0.0,0.0,0.0,0.0,0.0,0.0,0.0,0.0,0.0,66.4,0,150,71,51,65476,0,300,0,0,8,20529,65476,0,0,44564,70.0,0.0,0.0,0.0,0.0,0.0
2026-09-10T21:41:25,ERR,ERR,ERR,ERR,ERR,ERR,ERR,ERR,ERR,ERR,ERR,ERR,ERR,ERR,ERR,ERR,ERR,ERR,ERR,ERR,ERR,ERR,ERR,ERR,ERR,ERR,ERR,ERR,ERR,ERR,ERR,ERR,ERR,ERR,ERR,ERR,ERR,ERR,ERR,ERR,ERR,ERR,ERR,ERR,ERR,ERR,ERR,ERR,ERR,ERR,ERR,ERR,ERR,ERR,ERR,ERR,ERR,ERR,ERR,ERR,ERR,ERR,ERR,ERR,ERR,ERR,ERR,ERR,ERR,ERR,ERR,ERR,ERR,ERR,ERR,ERR,ERR,ERR,ERR,ERR,ERR,ERR,ERR,ERR,ERR,ERR,ERR,ERR,ERR,ERR,ERR,ERR,ERR,ERR,ERR,ERR,ERR,ERR,ERR,ERR,ERR,ERR,ERR,ERR,ERR,ERR,ERR,ERR,ERR,ERR,ERR,ERR,ERR,ERR,ERR,ERR,ERR,ERR,ERR,ERR,ERR,ERR,ERR,ERR,ERR,0.0,0.0,2.6474835549302285e+23,0.0,0.0,1.3936040501711995e+18,7.805,0.0,0,0,4,0,7116,0.0,100,0.0,0.0,0.0,0.0,0.0,0,0,0,0,0.0,0,0,0,0,0,0,0,0,0,0,0,0,0,0,0,0,0,0,0,0,0,0,0,0,0,0,0,0,0,0,0,0,0,31,40,40,71,65476,0,300,0,0,8,21553,0.0,-107605600.0,0.0,0.0,0.0,0.0,0.0,0.0,0.0,0.0,0.0,0.0,0.0,0.0,0.0,0.0,0.0,0.0,0.0,0.0,0.0,0.0,-2.004,2.004,-0.0,-2.004,0.0,0.0,0.0,0.0,4491.0,-2.4229832928462634e+24,6941.0,0.0,0.0,-107615168.0,2.718429120148166e+23,0.0,0.0,0.0,0.0,69,-0.059,1.905682486793339e+17,0.0,0.0,0.0,0.0,0.0,0.0,0.0,0,0,0,0.0,0.0,0.0,0.0,0.0,0.0,0.0,0.0,0.0,0.0,0.0,0.0,0.0,0.0,0.0,0.0,0,-107875648.0,69,0.0,138,0.0,2.6474720257151824e+23,0,39322,17085,52429,17099,0,17080,0,0,0,70,68,100,2.7302399002429377e+23,82.4,-107615448.0,77.9,-107615464.0,78.5,1,49,50,180,39322,26215,0,0,0.0,0.0,0.0,0.0,-0.0,67.0,0.0,162057.094,0.0,973,0,997,0,0,0,948,0,1019,0,920,0,789,0,779,0,822,0,7520,0.032,4.150517416584649e+19,0.0,0.0,784,16797,-0.0,162057.094,-114818.039,-0.0,0.133,6.909358625270745e+28,30.0,70.0,35,0.0,0.0,0.0,0.0,0.0,0.0,0.0,0.0,0.0,0.0,0.0,0.0,0.0,0.0,0.0,0.0,66.4,0,150,71,51,65476,0,300,0,0,8,20529,65476,0,0,44564,70.0,0.0,0.0,0.0,0.0,0.0
2026-09-10T21:41:26,ERR,ERR,ERR,ERR,ERR,ERR,ERR,ERR,ERR,ERR,ERR,ERR,ERR,ERR,ERR,ERR,ERR,ERR,ERR,ERR,ERR,ERR,ERR,ERR,ERR,ERR,ERR,ERR,ERR,ERR,ERR,ERR,ERR,ERR,ERR,ERR,ERR,ERR,ERR,ERR,ERR,ERR,ERR,ERR,ERR,ERR,ERR,ERR,ERR,ERR,ERR,ERR,ERR,ERR,ERR,ERR,ERR,ERR,ERR,ERR,ERR,ERR,ERR,ERR,ERR,ERR,ERR,ERR,ERR,ERR,ERR,ERR,ERR,ERR,ERR,ERR,ERR,ERR,ERR,ERR,ERR,ERR,ERR,ERR,ERR,ERR,ERR,ERR,ERR,ERR,ERR,ERR,ERR,ERR,ERR,ERR,ERR,ERR,ERR,ERR,ERR,ERR,ERR,ERR,ERR,ERR,ERR,ERR,ERR,ERR,ERR,ERR,ERR,ERR,ERR,ERR,ERR,ERR,ERR,ERR,ERR,ERR,ERR,ERR,ERR,0.0,0.0,2.6474835549302285e+23,0.0,0.0,1.3936040501711995e+18,7.805,0.0,0,0,4,0,7116,0.0,100,0.0,0.0,0.0,0.0,0.0,0,0,0,0,0.0,0,0,0,0,0,0,0,0,0,0,0,0,0,0,0,0,0,0,0,0,0,0,0,0,0,0,0,0,0,0,0,0,0,31,40,40,71,65476,0,300,0,0,8,21553,0.0,-107605600.0,0.0,0.0,0.0,0.0,0.0,0.0,0.0,0.0,0.0,0.0,0.0,0.0,0.0,0.0,0.0,0.0,0.0,0.0,0.0,0.0,-2.004,2.004,-0.0,-2.004,0.0,0.0,0.0,0.0,4491.0,-2.4229832928462634e+24,6941.0,0.0,0.0,-107615168.0,2.718429120148166e+23,0.0,0.0,0.0,0.0,69,-0.059,1.905682486793339e+17,0.0,0.0,0.0,0.0,0.0,0.0,0.0,0,0,0,0.0,0.0,0.0,0.0,0.0,0.0,0.0,0.0,0.0,0.0,0.0,0.0,0.0,0.0,0.0,0.0,0,-107875648.0,69,0.0,138,0.0,2.6474720257151824e+23,0,39322,17085,52429,17099,0,17080,0,0,0,70,68,100,2.7302399002429377e+23,82.4,-107615448.0,77.9,-107615464.0,78.5,1,49,50,180,39322,26215,0,0,0.0,0.0,0.0,0.0,-0.0,67.0,0.0,162057.094,0.0,973,0,997,0,0,0,948,0,1019,0,920,0,789,0,779,0,822,0,7520,0.032,4.150517416584649e+19,0.0,0.0,784,16797,-0.0,162057.094,-114818.039,-0.0,0.133,6.909358625270745e+28,30.0,70.0,35,0.0,0.0,0.0,0.0,0.0,0.0,0.0,0.0,0.0,0.0,0.0,0.0,0.0,0.0,0.0,0.0,66.4,0,150,71,51,65476,0,300,0,0,8,20529,65476,0,0,44564,70.0,0.0,0.0,0.0,0.0,0.0
2026-09-10T21:41:27,ERR,ERR,ERR,ERR,ERR,ERR,ERR,ERR,ERR,ERR,ERR,ERR,ERR,ERR,ERR,ERR,ERR,ERR,ERR,ERR,ERR,ERR,ERR,ERR,ERR,ERR,ERR,ERR,ERR,ERR,ERR,ERR,ERR,ERR,ERR,ERR,ERR,ERR,ERR,ERR,ERR,ERR,ERR,ERR,ERR,ERR,ERR,ERR,ERR,ERR,ERR,ERR,ERR,ERR,ERR,ERR,ERR,ERR,ERR,ERR,ERR,ERR,ERR,ERR,ERR,ERR,ERR,ERR,ERR,ERR,ERR,ERR,ERR,ERR,ERR,ERR,ERR,ERR,ERR,ERR,ERR,ERR,ERR,ERR,ERR,ERR,ERR,ERR,ERR,ERR,ERR,ERR,ERR,ERR,ERR,ERR,ERR,ERR,ERR,ERR,ERR,ERR,ERR,ERR,ERR,ERR,ERR,ERR,ERR,ERR,ERR,ERR,ERR,ERR,ERR,ERR,ERR,ERR,ERR,ERR,ERR,ERR,ERR,ERR,ERR,0.0,0.0,2.6474835549302285e+23,0.0,0.0,1.3936040501711995e+18,7.805,0.0,0,0,4,0,7116,0.0,100,0.0,0.0,0.0,0.0,0.0,0,0,0,0,0.0,0,0,0,0,0,0,0,0,0,0,0,0,0,0,0,0,0,0,0,0,0,0,0,0,0,0,0,0,0,0,0,0,0,31,40,40,71,65476,0,300,0,0,8,21553,0.0,-107605600.0,0.0,0.0,0.0,0.0,0.0,0.0,0.0,0.0,0.0,0.0,0.0,0.0,0.0,0.0,0.0,0.0,0.0,0.0,0.0,0.0,-2.004,2.004,-0.0,-2.004,0.0,0.0,0.0,0.0,4491.0,-2.4229832928462634e+24,6941.0,0.0,0.0,-107615168.0,2.718429120148166e+23,0.0,0.0,0.0,0.0,69,-0.059,1.905682486793339e+17,0.0,0.0,0.0,0.0,0.0,0.0,0.0,0,0,0,0.0,0.0,0.0,0.0,0.0,0.0,0.0,0.0,0.0,0.0,0.0,0.0,0.0,0.0,0.0,0.0,0,-107875648.0,69,0.0,138,0.0,2.6474720257151824e+23,0,39322,17085,52429,17099,0,17080,0,0,0,70,68,100,2.7302399002429377e+23,82.4,-107615448.0,77.9,-107615464.0,78.5,1,49,50,180,39322,26215,0,0,0.0,0.0,0.0,0.0,-0.0,67.0,0.0,162057.094,0.0,973,0,997,0,0,0,948,0,1019,0,920,0,789,0,779,0,822,0,7520,0.032,4.150517416584649e+19,0.0,0.0,784,16797,-0.0,162057.094,-114818.039,-0.0,0.133,6.909358625270745e+28,30.0,70.0,35,0.0,0.0,0.0,0.0,0.0,0.0,0.0,0.0,0.0,0.0,0.0,0.0,0.0,0.0,0.0,0.0,66.4,0,150,71,51,65476,0,300,0,0,8,20529,65476,0,0,44564,70.0,0.0,0.0,0.0,0.0,0.0
2026-09-10T21:41:28,ERR,ERR,ERR,ERR,ERR,ERR,ERR,ERR,ERR,ERR,ERR,ERR,ERR,ERR,ERR,ERR,ERR,ERR,ERR,ERR,ERR,ERR,ERR,ERR,ERR,ERR,ERR,ERR,ERR,ERR,ERR,ERR,ERR,ERR,ERR,ERR,ERR,ERR,ERR,ERR,ERR,ERR,ERR,ERR,ERR,ERR,ERR,ERR,ERR,ERR,ERR,ERR,ERR,ERR,ERR,ERR,ERR,ERR,ERR,ERR,ERR,ERR,ERR,ERR,ERR,ERR,ERR,ERR,ERR,ERR,ERR,ERR,ERR,ERR,ERR,ERR,ERR,ERR,ERR,ERR,ERR,ERR,ERR,ERR,ERR,ERR,ERR,ERR,ERR,ERR,ERR,ERR,ERR,ERR,ERR,ERR,ERR,ERR,ERR,ERR,ERR,ERR,ERR,ERR,ERR,ERR,ERR,ERR,ERR,ERR,ERR,ERR,ERR,ERR,ERR,ERR,ERR,ERR,ERR,ERR,ERR,ERR,ERR,ERR,ERR,0.0,0.0,2.6474835549302285e+23,0.0,0.0,1.3936040501711995e+18,7.805,0.0,0,0,4,0,7116,0.0,100,0.0,0.0,0.0,0.0,0.0,0,0,0,0,0.0,0,0,0,0,0,0,0,0,0,0,0,0,0,0,0,0,0,0,0,0,0,0,0,0,0,0,0,0,0,0,0,0,0,31,40,40,71,65476,0,300,0,0,8,21553,0.0,-107605600.0,0.0,0.0,0.0,0.0,0.0,0.0,0.0,0.0,0.0,0.0,0.0,0.0,0.0,0.0,0.0,0.0,0.0,0.0,0.0,0.0,-2.004,2.004,-0.0,-2.004,0.0,0.0,0.0,0.0,4491.0,-2.4229832928462634e+24,6941.0,0.0,0.0,-107615168.0,2.718429120148166e+23,0.0,0.0,0.0,0.0,69,-0.059,1.905682486793339e+17,0.0,0.0,0.0,0.0,0.0,0.0,0.0,0,0,0,0.0,0.0,0.0,0.0,0.0,0.0,0.0,0.0,0.0,0.0,0.0,0.0,0.0,0.0,0.0,0.0,0,-107875648.0,69,0.0,138,0.0,2.6474720257151824e+23,0,39322,17085,52429,17099,0,17080,0,0,0,70,68,100,2.7302399002429377e+23,82.4,-107615448.0,77.9,-107615464.0,78.5,1,49,50,180,39322,26215,0,0,0.0,0.0,0.0,0.0,-0.0,67.0,0.0,162057.094,0.0,973,0,997,0,0,0,948,0,1019,0,920,0,789,0,779,0,822,0,7520,0.032,4.150517416584649e+19,0.0,0.0,784,16797,-0.0,162057.094,-114818.039,-0.0,0.133,6.909358625270745e+28,30.0,70.0,35,0.0,0.0,0.0,0.0,0.0,0.0,0.0,0.0,0.0,0.0,0.0,0.0,0.0,0.0,0.0,0.0,66.4,0,150,71,51,65476,0,300,0,0,8,20529,65476,0,0,44564,70.0,0.0,0.0,0.0,0.0,0.0
2026-09-10T21:41:29,ERR,ERR,ERR,ERR,ERR,ERR,ERR,ERR,ERR,ERR,ERR,ERR,ERR,ERR,ERR,ERR,ERR,ERR,ERR,ERR,ERR,ERR,ERR,ERR,ERR,ERR,ERR,ERR,ERR,ERR,ERR,ERR,ERR,ERR,ERR,ERR,ERR,ERR,ERR,ERR,ERR,ERR,ERR,ERR,ERR,ERR,ERR,ERR,ERR,ERR,ERR,ERR,ERR,ERR,ERR,ERR,ERR,ERR,ERR,ERR,ERR,ERR,ERR,ERR,ERR,ERR,ERR,ERR,ERR,ERR,ERR,ERR,ERR,ERR,ERR,ERR,ERR,ERR,ERR,ERR,ERR,ERR,ERR,ERR,ERR,ERR,ERR,ERR,ERR,ERR,ERR,ERR,ERR,ERR,ERR,ERR,ERR,ERR,ERR,ERR,ERR,ERR,ERR,ERR,ERR,ERR,ERR,ERR,ERR,ERR,ERR,ERR,ERR,ERR,ERR,ERR,ERR,ERR,ERR,ERR,ERR,ERR,ERR,ERR,ERR,0.0,0.0,2.6474835549302285e+23,0.0,0.0,1.3936040501711995e+18,7.805,0.0,0,0,4,0,7116,0.0,100,0.0,0.0,0.0,0.0,0.0,0,0,0,0,0.0,0,0,0,0,0,0,0,0,0,0,0,0,0,0,0,0,0,0,0,0,0,0,0,0,0,0,0,0,0,0,0,0,0,31,40,40,71,65476,0,300,0,0,8,21553,0.0,-107605600.0,0.0,0.0,0.0,0.0,0.0,0.0,0.0,0.0,0.0,0.0,0.0,0.0,0.0,0.0,0.0,0.0,0.0,0.0,0.0,0.0,-2.004,2.004,-0.0,-2.004,0.0,0.0,0.0,0.0,4491.0,-2.4229832928462634e+24,6941.0,0.0,0.0,-107615168.0,2.718429120148166e+23,0.0,0.0,0.0,0.0,69,-0.059,1.905682486793339e+17,0.0,0.0,0.0,0.0,0.0,0.0,0.0,0,0,0,0.0,0.0,0.0,0.0,0.0,0.0,0.0,0.0,0.0,0.0,0.0,0.0,0.0,0.0,0.0,0.0,0,-107875648.0,69,0.0,138,0.0,2.6474720257151824e+23,0,39322,17085,52429,17099,0,17080,0,0,0,70,68,100,2.7302399002429377e+23,82.4,-107615448.0,77.9,-107615464.0,78.5,1,49,50,180,39322,26215,0,0,0.0,0.0,0.0,0.0,-0.0,67.0,0.0,162057.094,0.0,973,0,997,0,0,0,948,0,1019,0,920,0,789,0,779,0,822,0,7520,0.032,4.150517416584649e+19,0.0,0.0,784,16797,-0.0,162057.094,-114818.039,-0.0,0.133,6.909358625270745e+28,30.0,70.0,35,0.0,0.0,0.0,0.0,0.0,0.0,0.0,0.0,0.0,0.0,0.0,0.0,0.0,0.0,0.0,0.0,66.4,0,150,71,51,65476,0,300,0,0,8,20529,65476,0,0,44564,70.0,0.0,0.0,0.0,0.0,0.0
2026-09-10T21:41:30,ERR,ERR,ERR,ERR,ERR,ERR,ERR,ERR,ERR,ERR,ERR,ERR,ERR,ERR,ERR,ERR,ERR,ERR,ERR,ERR,ERR,ERR,ERR,ERR,ERR,ERR,ERR,ERR,ERR,ERR,ERR,ERR,ERR,ERR,ERR,ERR,ERR,ERR,ERR,ERR,ERR,ERR,ERR,ERR,ERR,ERR,ERR,ERR,ERR,ERR,ERR,ERR,ERR,ERR,ERR,ERR,ERR,ERR,ERR,ERR,ERR,ERR,ERR,ERR,ERR,ERR,ERR,ERR,ERR,ERR,ERR,ERR,ERR,ERR,ERR,ERR,ERR,ERR,ERR,ERR,ERR,ERR,ERR,ERR,ERR,ERR,ERR,ERR,ERR,ERR,ERR,ERR,ERR,ERR,ERR,ERR,ERR,ERR,ERR,ERR,ERR,ERR,ERR,ERR,ERR,ERR,ERR,ERR,ERR,ERR,ERR,ERR,ERR,ERR,ERR,ERR,ERR,ERR,ERR,ERR,ERR,ERR,ERR,ERR,ERR,0.0,0.0,2.6474835549302285e+23,0.0,0.0,1.3936040501711995e+18,7.805,0.0,0,0,4,0,7116,0.0,100,0.0,0.0,0.0,0.0,0.0,0,0,0,0,0.0,0,0,0,0,0,0,0,0,0,0,0,0,0,0,0,0,0,0,0,0,0,0,0,0,0,0,0,0,0,0,0,0,0,31,40,40,71,65476,0,300,0,0,8,21553,0.0,-107605600.0,0.0,0.0,0.0,0.0,0.0,0.0,0.0,0.0,0.0,0.0,0.0,0.0,0.0,0.0,0.0,0.0,0.0,0.0,0.0,0.0,-2.004,2.004,-0.0,-2.004,0.0,0.0,0.0,0.0,4491.0,-2.4229832928462634e+24,6941.0,0.0,0.0,-107615168.0,2.718429120148166e+23,0.0,0.0,0.0,0.0,69,-0.059,1.905682486793339e+17,0.0,0.0,0.0,0.0,0.0,0.0,0.0,0,0,0,0.0,0.0,0.0,0.0,0.0,0.0,0.0,0.0,0.0,0.0,0.0,0.0,0.0,0.0,0.0,0.0,0,-107875648.0,69,0.0,138,0.0,2.6474720257151824e+23,0,39322,17085,52429,17099,0,17080,0,0,0,70,68,100,2.7302399002429377e+23,82.4,-107615448.0,77.9,-107615464.0,78.5,1,49,50,180,39322,26215,0,0,0.0,0.0,0.0,0.0,-0.0,67.0,0.0,162057.094,0.0,973,0,997,0,0,0,948,0,1019,0,920,0,789,0,779,0,822,0,7520,0.032,4.150517416584649e+19,0.0,0.0,784,16797,-0.0,162057.094,-114818.039,-0.0,0.133,6.909358625270745e+28,30.0,70.0,35,0.0,0.0,0.0,0.0,0.0,0.0,0.0,0.0,0.0,0.0,0.0,0.0,0.0,0.0,0.0,0.0,66.4,0,150,71,51,65476,0,300,0,0,8,20529,65476,0,0,44564,70.0,0.0,0.0,0.0,0.0,0.0
2026-09-10T21:41:31,ERR,ERR,ERR,ERR,ERR,ERR,ERR,ERR,ERR,ERR,ERR,ERR,ERR,ERR,ERR,ERR,ERR,ERR,ERR,ERR,ERR,ERR,ERR,ERR,ERR,ERR,ERR,ERR,ERR,ERR,ERR,ERR,ERR,ERR,ERR,ERR,ERR,ERR,ERR,ERR,ERR,ERR,ERR,ERR,ERR,ERR,ERR,ERR,ERR,ERR,ERR,ERR,ERR,ERR,ERR,ERR,ERR,ERR,ERR,ERR,ERR,ERR,ERR,ERR,ERR,ERR,ERR,ERR,ERR,ERR,ERR,ERR,ERR,ERR,ERR,ERR,ERR,ERR,ERR,ERR,ERR,ERR,ERR,ERR,ERR,ERR,ERR,ERR,ERR,ERR,ERR,ERR,ERR,ERR,ERR,ERR,ERR,ERR,ERR,ERR,ERR,ERR,ERR,ERR,ERR,ERR,ERR,ERR,ERR,ERR,ERR,ERR,ERR,ERR,ERR,ERR,ERR,ERR,ERR,ERR,ERR,ERR,ERR,ERR,ERR,0.0,0.0,2.6474835549302285e+23,0.0,0.0,1.3936040501711995e+18,7.805,0.0,0,0,4,0,7116,0.0,100,0.0,0.0,0.0,0.0,0.0,0,0,0,0,0.0,0,0,0,0,0,0,0,0,0,0,0,0,0,0,0,0,0,0,0,0,0,0,0,0,0,0,0,0,0,0,0,0,0,31,40,40,71,65476,0,300,0,0,8,21553,0.0,-107605600.0,0.0,0.0,0.0,0.0,0.0,0.0,0.0,0.0,0.0,0.0,0.0,0.0,0.0,0.0,0.0,0.0,0.0,0.0,0.0,0.0,-2.004,2.004,-0.0,-2.004,0.0,0.0,0.0,0.0,4491.0,-2.4229832928462634e+24,6941.0,0.0,0.0,-107615168.0,2.718429120148166e+23,0.0,0.0,0.0,0.0,69,-0.059,1.905682486793339e+17,0.0,0.0,0.0,0.0,0.0,0.0,0.0,0,0,0,0.0,0.0,0.0,0.0,0.0,0.0,0.0,0.0,0.0,0.0,0.0,0.0,0.0,0.0,0.0,0.0,0,-107875648.0,69,0.0,138,0.0,2.6474720257151824e+23,0,39322,17085,52429,17099,0,17080,0,0,0,70,68,100,2.7302399002429377e+23,82.4,-107615448.0,77.9,-107615464.0,78.5,1,49,50,180,39322,26215,0,0,0.0,0.0,0.0,0.0,-0.0,67.0,0.0,162057.094,0.0,973,0,997,0,0,0,948,0,1019,0,920,0,789,0,779,0,822,0,7520,0.032,4.150517416584649e+19,0.0,0.0,784,16797,-0.0,162057.094,-114818.039,-0.0,0.133,6.909358625270745e+28,30.0,70.0,35,0.0,0.0,0.0,0.0,0.0,0.0,0.0,0.0,0.0,0.0,0.0,0.0,0.0,0.0,0.0,0.0,66.4,0,150,71,51,65476,0,300,0,0,8,20529,65476,0,0,44564,70.0,0.0,0.0,0.0,0.0,0.0
2026-09-10T21:41:32,ERR,ERR,ERR,ERR,ERR,ERR,ERR,ERR,ERR,ERR,ERR,ERR,ERR,ERR,ERR,ERR,ERR,ERR,ERR,ERR,ERR,ERR,ERR,ERR,ERR,ERR,ERR,ERR,ERR,ERR,ERR,ERR,ERR,ERR,ERR,ERR,ERR,ERR,ERR,ERR,ERR,ERR,ERR,ERR,ERR,ERR,ERR,ERR,ERR,ERR,ERR,ERR,ERR,ERR,ERR,ERR,ERR,ERR,ERR,ERR,ERR,ERR,ERR,ERR,ERR,ERR,ERR,ERR,ERR,ERR,ERR,ERR,ERR,ERR,ERR,ERR,ERR,ERR,ERR,ERR,ERR,ERR,ERR,ERR,ERR,ERR,ERR,ERR,ERR,ERR,ERR,ERR,ERR,ERR,ERR,ERR,ERR,ERR,ERR,ERR,ERR,ERR,ERR,ERR,ERR,ERR,ERR,ERR,ERR,ERR,ERR,ERR,ERR,ERR,ERR,ERR,ERR,ERR,ERR,ERR,ERR,ERR,ERR,ERR,ERR,0.0,0.0,2.6474835549302285e+23,0.0,0.0,1.3936040501711995e+18,7.805,0.0,0,0,4,0,7116,0.0,100,0.0,0.0,0.0,0.0,0.0,0,0,0,0,0.0,0,0,0,0,0,0,0,0,0,0,0,0,0,0,0,0,0,0,0,0,0,0,0,0,0,0,0,0,0,0,0,0,0,31,40,40,71,65476,0,300,0,0,8,21553,0.0,-107605600.0,0.0,0.0,0.0,0.0,0.0,0.0,0.0,0.0,0.0,0.0,0.0,0.0,0.0,0.0,0.0,0.0,0.0,0.0,0.0,0.0,-2.004,2.004,-0.0,-2.004,0.0,0.0,0.0,0.0,4491.0,-2.4229832928462634e+24,6941.0,0.0,0.0,-107615168.0,2.718429120148166e+23,0.0,0.0,0.0,0.0,69,-0.059,1.905682486793339e+17,0.0,0.0,0.0,0.0,0.0,0.0,0.0,0,0,0,0.0,0.0,0.0,0.0,0.0,0.0,0.0,0.0,0.0,0.0,0.0,0.0,0.0,0.0,0.0,0.0,0,-107875648.0,69,0.0,138,0.0,2.6474720257151824e+23,0,39322,17085,52429,17099,0,17080,0,0,0,70,68,100,2.7302399002429377e+23,82.4,-107615448.0,77.9,-107615464.0,78.5,1,49,50,180,39322,26215,0,0,0.0,0.0,0.0,0.0,-0.0,67.0,0.0,162057.094,0.0,973,0,997,0,0,0,948,0,1019,0,920,0,789,0,779,0,822,0,7520,0.032,4.150517416584649e+19,0.0,0.0,784,16797,-0.0,162057.094,-114818.039,-0.0,0.133,6.909358625270745e+28,30.0,70.0,35,0.0,0.0,0.0,0.0,0.0,0.0,0.0,0.0,0.0,0.0,0.0,0.0,0.0,0.0,0.0,0.0,66.4,0,150,71,51,65476,0,300,0,0,8,20529,65476,0,0,44564,70.0,0.0,0.0,0.0,0.0,0.0
2026-09-10T21:41:33,ERR,ERR,ERR,ERR,ERR,ERR,ERR,ERR,ERR,ERR,ERR,ERR,ERR,ERR,ERR,ERR,ERR,ERR,ERR,ERR,ERR,ERR,ERR,ERR,ERR,ERR,ERR,ERR,ERR,ERR,ERR,ERR,ERR,ERR,ERR,ERR,ERR,ERR,ERR,ERR,ERR,ERR,ERR,ERR,ERR,ERR,ERR,ERR,ERR,ERR,ERR,ERR,ERR,ERR,ERR,ERR,ERR,ERR,ERR,ERR,ERR,ERR,ERR,ERR,ERR,ERR,ERR,ERR,ERR,ERR,ERR,ERR,ERR,ERR,ERR,ERR,ERR,ERR,ERR,ERR,ERR,ERR,ERR,ERR,ERR,ERR,ERR,ERR,ERR,ERR,ERR,ERR,ERR,ERR,ERR,ERR,ERR,ERR,ERR,ERR,ERR,ERR,ERR,ERR,ERR,ERR,ERR,ERR,ERR,ERR,ERR,ERR,ERR,ERR,ERR,ERR,ERR,ERR,ERR,ERR,ERR,ERR,ERR,ERR,ERR,0.0,0.0,2.6474835549302285e+23,0.0,0.0,1.3936040501711995e+18,7.805,0.0,0,0,4,0,7116,0.0,100,0.0,0.0,0.0,0.0,0.0,0,0,0,0,0.0,0,0,0,0,0,0,0,0,0,0,0,0,0,0,0,0,0,0,0,0,0,0,0,0,0,0,0,0,0,0,0,0,0,31,40,40,71,65476,0,300,0,0,8,21553,0.0,-107605600.0,0.0,0.0,0.0,0.0,0.0,0.0,0.0,0.0,0.0,0.0,0.0,0.0,0.0,0.0,0.0,0.0,0.0,0.0,0.0,0.0,-2.004,2.004,-0.0,-2.004,0.0,0.0,0.0,0.0,4491.0,-2.4229832928462634e+24,6941.0,0.0,0.0,-107615168.0,2.718429120148166e+23,0.0,0.0,0.0,0.0,69,-0.059,1.905682486793339e+17,0.0,0.0,0.0,0.0,0.0,0.0,0.0,0,0,0,0.0,0.0,0.0,0.0,0.0,0.0,0.0,0.0,0.0,0.0,0.0,0.0,0.0,0.0,0.0,0.0,0,-107875648.0,69,0.0,138,0.0,2.6474720257151824e+23,0,39322,17085,52429,17099,0,17080,0,0,0,70,68,100,2.7302399002429377e+23,82.4,-107615448.0,77.9,-107615464.0,78.5,1,49,50,180,39322,26215,0,0,0.0,0.0,0.0,0.0,-0.0,67.0,0.0,162057.094,0.0,973,0,997,0,0,0,948,0,1019,0,920,0,789,0,779,0,822,0,7520,0.032,4.150517416584649e+19,0.0,0.0,784,16797,-0.0,162057.094,-114818.039,-0.0,0.133,6.909358625270745e+28,30.0,70.0,35,0.0,0.0,0.0,0.0,0.0,0.0,0.0,0.0,0.0,0.0,0.0,0.0,0.0,0.0,0.0,0.0,66.4,0,150,71,51,65476,0,300,0,0,8,20529,65476,0,0,44564,70.0,0.0,0.0,0.0,0.0,0.0
2026-09-10T21:41:34,ERR,ERR,ERR,ERR,ERR,ERR,ERR,ERR,ERR,ERR,ERR,ERR,ERR,ERR,ERR,ERR,ERR,ERR,ERR,ERR,ERR,ERR,ERR,ERR,ERR,ERR,ERR,ERR,ERR,ERR,ERR,ERR,ERR,ERR,ERR,ERR,ERR,ERR,ERR,ERR,ERR,ERR,ERR,ERR,ERR,ERR,ERR,ERR,ERR,ERR,ERR,ERR,ERR,ERR,ERR,ERR,ERR,ERR,ERR,ERR,ERR,ERR,ERR,ERR,ERR,ERR,ERR,ERR,ERR,ERR,ERR,ERR,ERR,ERR,ERR,ERR,ERR,ERR,ERR,ERR,ERR,ERR,ERR,ERR,ERR,ERR,ERR,ERR,ERR,ERR,ERR,ERR,ERR,ERR,ERR,ERR,ERR,ERR,ERR,ERR,ERR,ERR,ERR,ERR,ERR,ERR,ERR,ERR,ERR,ERR,ERR,ERR,ERR,ERR,ERR,ERR,ERR,ERR,ERR,ERR,ERR,ERR,ERR,ERR,ERR,0.0,0.0,0.0,0.0,0.0,1.3936040501711995e+18,7.805,0.0,0,0,4,0,7116,0.0,100,0.0,0.0,0.0,0.0,0.0,0,0,0,0,0.0,0,0,0,0,0,0,0,0,0,0,0,0,0,0,0,0,0,0,0,0,0,0,0,0,0,0,0,0,0,0,0,0,0,31,40,40,71,65476,0,300,0,0,8,21553,0.0,-107605600.0,0.0,0.0,0.0,0.0,0.0,0.0,0.0,0.0,0.0,0.0,0.0,0.0,0.0,0.0,0.0,0.0,0.0,0.0,0.0,0.0,-2.004,2.004,-0.0,-2.004,0.0,0.0,0.0,0.0,4487.0,-8608165888.0,6938.0,0.0,0.0,-107615168.0,2.718429120148166e+23,0.0,0.0,0.0,0.0,69,-0.0,89220.406,0.0,0.0,0.0,0.0,0.0,0.0,0.0,0,0,0,0.0,0.0,0.0,0.0,0.0,0.0,0.0,0.0,0.0,0.0,0.0,0.0,0.0,0.0,0.0,0.0,0,-107875648.0,69,0.0,138,0.0,2.6474720257151824e+23,0,39322,17085,52429,17099,0,17080,0,0,0,70,68,100,2.7302399002429377e+23,82.4,-107615448.0,77.9,-107615464.0,78.5,1,49,50,180,26215,26215,0,0,0.0,0.0,0.0,0.0,-0.0,67.0,0.0,162057.094,0.0,973,0,997,0,0,0,948,0,1019,0,920,0,789,0,779,0,821,0,7520,0.032,4.150517416584649e+19,0.0,0.0,784,16797,-0.0,162057.094,-114818.039,-0.0,0.133,6.909358625270745e+28,30.0,70.0,35,0.0,0.0,0.0,0.0,0.0,0.0,0.0,0.0,0.0,0.0,0.0,0.0,0.0,0.0,0.0,0.0,66.4,0,150,71,51,65476,0,300,0,0,8,20529,65476,0,0,44564,70.0,0.0,0.0,0.0,0.0,0.0
2026-09-10T21:41:35,ERR,ERR,ERR,ERR,ERR,ERR,ERR,ERR,ERR,ERR,ERR,ERR,ERR,ERR,ERR,ERR,ERR,ERR,ERR,ERR,ERR,ERR,ERR,ERR,ERR,ERR,ERR,ERR,ERR,ERR,ERR,ERR,ERR,ERR,ERR,ERR,ERR,ERR,ERR,ERR,ERR,ERR,ERR,ERR,ERR,ERR,ERR,ERR,ERR,ERR,ERR,ERR,ERR,ERR,ERR,ERR,ERR,ERR,ERR,ERR,ERR,ERR,ERR,ERR,ERR,ERR,ERR,ERR,ERR,ERR,ERR,ERR,ERR,ERR,ERR,ERR,ERR,ERR,ERR,ERR,ERR,ERR,ERR,ERR,ERR,ERR,ERR,ERR,ERR,ERR,ERR,ERR,ERR,ERR,ERR,ERR,ERR,ERR,ERR,ERR,ERR,ERR,ERR,ERR,ERR,ERR,ERR,ERR,ERR,ERR,ERR,ERR,ERR,ERR,ERR,ERR,ERR,ERR,ERR,ERR,ERR,ERR,ERR,ERR,ERR,0.0,0.0,0.0,0.0,0.0,1.3936040501711995e+18,7.805,0.0,0,0,4,0,7116,0.0,100,0.0,0.0,0.0,0.0,0.0,0,0,0,0,0.0,0,0,0,0,0,0,0,0,0,0,0,0,0,0,0,0,0,0,0,0,0,0,0,0,0,0,0,0,0,0,0,0,0,31,40,40,71,65476,0,300,0,0,8,21553,0.0,-107605600.0,0.0,0.0,0.0,0.0,0.0,0.0,0.0,0.0,0.0,0.0,0.0,0.0,0.0,0.0,0.0,0.0,0.0,0.0,0.0,0.0,-2.004,2.004,-0.0,-2.004,0.0,0.0,0.0,0.0,4487.0,-8608165888.0,6938.0,0.0,0.0,-107615168.0,2.718429120148166e+23,0.0,0.0,0.0,0.0,69,-0.0,89220.406,0.0,0.0,0.0,0.0,0.0,0.0,0.0,0,0,0,0.0,0.0,0.0,0.0,0.0,0.0,0.0,0.0,0.0,0.0,0.0,0.0,0.0,0.0,0.0,0.0,0,-107875648.0,69,0.0,138,0.0,2.6474720257151824e+23,0,39322,17085,52429,17099,0,17080,0,0,0,70,68,100,2.7302399002429377e+23,82.4,-107615448.0,77.9,-107615464.0,78.5,1,49,50,180,26215,26215,0,0,0.0,0.0,0.0,0.0,-0.0,67.0,0.0,162057.094,0.0,973,0,997,0,0,0,948,0,1019,0,920,0,789,0,779,0,821,0,7520,0.032,4.150517416584649e+19,0.0,0.0,784,16797,-0.0,162057.094,-114818.039,-0.0,0.133,6.909358625270745e+28,30.0,70.0,35,0.0,0.0,0.0,0.0,0.0,0.0,0.0,0.0,0.0,0.0,0.0,0.0,0.0,0.0,0.0,0.0,66.4,0,150,71,51,65476,0,300,0,0,8,20529,65476,0,0,44564,70.0,0.0,0.0,0.0,0.0,0.0
2026-09-10T21:41:36,ERR,ERR,ERR,ERR,ERR,ERR,ERR,ERR,ERR,ERR,ERR,ERR,ERR,ERR,ERR,ERR,ERR,ERR,ERR,ERR,ERR,ERR,ERR,ERR,ERR,ERR,ERR,ERR,ERR,ERR,ERR,ERR,ERR,ERR,ERR,ERR,ERR,ERR,ERR,ERR,ERR,ERR,ERR,ERR,ERR,ERR,ERR,ERR,ERR,ERR,ERR,ERR,ERR,ERR,ERR,ERR,ERR,ERR,ERR,ERR,ERR,ERR,ERR,ERR,ERR,ERR,ERR,ERR,ERR,ERR,ERR,ERR,ERR,ERR,ERR,ERR,ERR,ERR,ERR,ERR,ERR,ERR,ERR,ERR,ERR,ERR,ERR,ERR,ERR,ERR,ERR,ERR,ERR,ERR,ERR,ERR,ERR,ERR,ERR,ERR,ERR,ERR,ERR,ERR,ERR,ERR,ERR,ERR,ERR,ERR,ERR,ERR,ERR,ERR,ERR,ERR,ERR,ERR,ERR,ERR,ERR,ERR,ERR,ERR,ERR,0.0,0.0,0.0,0.0,0.0,1.3936040501711995e+18,7.805,0.0,0,0,4,0,7116,0.0,100,0.0,0.0,0.0,0.0,0.0,0,0,0,0,0.0,0,0,0,0,0,0,0,0,0,0,0,0,0,0,0,0,0,0,0,0,0,0,0,0,0,0,0,0,0,0,0,0,0,31,40,40,71,65476,0,300,0,0,8,21553,0.0,-107605600.0,0.0,0.0,0.0,0.0,0.0,0.0,0.0,0.0,0.0,0.0,0.0,0.0,0.0,0.0,0.0,0.0,0.0,0.0,0.0,0.0,-2.004,2.004,-0.0,-2.004,0.0,0.0,0.0,0.0,4487.0,-8608165888.0,6938.0,0.0,0.0,-107615168.0,2.718429120148166e+23,0.0,0.0,0.0,0.0,69,-0.0,89220.406,0.0,0.0,0.0,0.0,0.0,0.0,0.0,0,0,0,0.0,0.0,0.0,0.0,0.0,0.0,0.0,0.0,0.0,0.0,0.0,0.0,0.0,0.0,0.0,0.0,0,-107875648.0,69,0.0,138,0.0,2.6474720257151824e+23,0,39322,17085,52429,17099,0,17080,0,0,0,70,68,100,2.7302399002429377e+23,82.4,-107615448.0,77.9,-107615464.0,78.5,1,49,50,180,26215,26215,0,0,0.0,0.0,0.0,0.0,-0.0,67.0,0.0,162057.094,0.0,973,0,997,0,0,0,948,0,1019,0,920,0,789,0,779,0,821,0,7520,0.032,4.150517416584649e+19,0.0,0.0,784,16797,-0.0,162057.094,-114818.039,-0.0,0.133,6.909358625270745e+28,30.0,70.0,35,0.0,0.0,0.0,0.0,0.0,0.0,0.0,0.0,0.0,0.0,0.0,0.0,0.0,0.0,0.0,0.0,66.4,0,150,71,51,65476,0,300,0,0,8,20529,65476,0,0,44564,70.0,0.0,0.0,0.0,0.0,0.0
2026-09-10T21:41:37,ERR,ERR,ERR,ERR,ERR,ERR,ERR,ERR,ERR,ERR,ERR,ERR,ERR,ERR,ERR,ERR,ERR,ERR,ERR,ERR,ERR,ERR,ERR,ERR,ERR,ERR,ERR,ERR,ERR,ERR,ERR,ERR,ERR,ERR,ERR,ERR,ERR,ERR,ERR,ERR,ERR,ERR,ERR,ERR,ERR,ERR,ERR,ERR,ERR,ERR,ERR,ERR,ERR,ERR,ERR,ERR,ERR,ERR,ERR,ERR,ERR,ERR,ERR,ERR,ERR,ERR,ERR,ERR,ERR,ERR,ERR,ERR,ERR,ERR,ERR,ERR,ERR,ERR,ERR,ERR,ERR,ERR,ERR,ERR,ERR,ERR,ERR,ERR,ERR,ERR,ERR,ERR,ERR,ERR,ERR,ERR,ERR,ERR,ERR,ERR,ERR,ERR,ERR,ERR,ERR,ERR,ERR,ERR,ERR,ERR,ERR,ERR,ERR,ERR,ERR,ERR,ERR,ERR,ERR,ERR,ERR,ERR,ERR,ERR,ERR,0.0,0.0,0.0,0.0,0.0,1.3936040501711995e+18,7.805,0.0,0,0,4,0,7116,0.0,100,0.0,0.0,0.0,0.0,0.0,0,0,0,0,0.0,0,0,0,0,0,0,0,0,0,0,0,0,0,0,0,0,0,0,0,0,0,0,0,0,0,0,0,0,0,0,0,0,0,31,40,40,71,65476,0,300,0,0,8,21553,0.0,-107605600.0,0.0,0.0,0.0,0.0,0.0,0.0,0.0,0.0,0.0,0.0,0.0,0.0,0.0,0.0,0.0,0.0,0.0,0.0,0.0,0.0,-2.004,2.004,-0.0,-2.004,0.0,0.0,0.0,0.0,4487.0,-8608165888.0,6938.0,0.0,0.0,-107615168.0,2.718429120148166e+23,0.0,0.0,0.0,0.0,69,-0.0,89220.406,0.0,0.0,0.0,0.0,0.0,0.0,0.0,0,0,0,0.0,0.0,0.0,0.0,0.0,0.0,0.0,0.0,0.0,0.0,0.0,0.0,0.0,0.0,0.0,0.0,0,-107875648.0,69,0.0,138,0.0,2.6474720257151824e+23,0,39322,17085,52429,17099,0,17080,0,0,0,70,68,100,2.7302399002429377e+23,82.4,-107615448.0,77.9,-107615464.0,78.5,1,49,50,180,26215,26215,0,0,0.0,0.0,0.0,0.0,-0.0,67.0,0.0,162057.094,0.0,973,0,997,0,0,0,948,0,1019,0,920,0,789,0,779,0,821,0,7520,0.032,4.150517416584649e+19,0.0,0.0,784,16797,-0.0,162057.094,-114818.039,-0.0,0.133,6.909358625270745e+28,30.0,70.0,35,0.0,0.0,0.0,0.0,0.0,0.0,0.0,0.0,0.0,0.0,0.0,0.0,0.0,0.0,0.0,0.0,66.8,0,150,71,51,65476,0,300,0,0,8,20529,65476,0,0,44564,70.0,0.0,0.0,0.0,0.0,0.0
2026-09-10T21:41:38,ERR,ERR,ERR,ERR,ERR,ERR,ERR,ERR,ERR,ERR,ERR,ERR,ERR,ERR,ERR,ERR,ERR,ERR,ERR,ERR,ERR,ERR,ERR,ERR,ERR,ERR,ERR,ERR,ERR,ERR,ERR,ERR,ERR,ERR,ERR,ERR,ERR,ERR,ERR,ERR,ERR,ERR,ERR,ERR,ERR,ERR,ERR,ERR,ERR,ERR,ERR,ERR,ERR,ERR,ERR,ERR,ERR,ERR,ERR,ERR,ERR,ERR,ERR,ERR,ERR,ERR,ERR,ERR,ERR,ERR,ERR,ERR,ERR,ERR,ERR,ERR,ERR,ERR,ERR,ERR,ERR,ERR,ERR,ERR,ERR,ERR,ERR,ERR,ERR,ERR,ERR,ERR,ERR,ERR,ERR,ERR,ERR,ERR,ERR,ERR,ERR,ERR,ERR,ERR,ERR,ERR,ERR,ERR,ERR,ERR,ERR,ERR,ERR,ERR,ERR,ERR,ERR,ERR,ERR,ERR,ERR,ERR,ERR,ERR,ERR,0.0,0.0,0.0,0.0,0.0,1.3936040501711995e+18,7.805,0.0,0,0,4,0,7116,0.0,100,0.0,0.0,0.0,0.0,0.0,0,0,0,0,0.0,0,0,0,0,0,0,0,0,0,0,0,0,0,0,0,0,0,0,0,0,0,0,0,0,0,0,0,0,0,0,0,0,0,31,40,40,71,65476,0,300,0,0,8,21553,0.0,-107605600.0,0.0,0.0,0.0,0.0,0.0,0.0,0.0,0.0,0.0,0.0,0.0,0.0,0.0,0.0,0.0,0.0,0.0,0.0,0.0,0.0,-2.004,2.004,-0.0,-2.004,0.0,0.0,0.0,0.0,4487.0,-8608165888.0,6938.0,0.0,0.0,-107615168.0,2.718429120148166e+23,0.0,0.0,0.0,0.0,69,-0.0,89220.406,0.0,0.0,0.0,0.0,0.0,0.0,0.0,0,0,0,0.0,0.0,0.0,0.0,0.0,0.0,0.0,0.0,0.0,0.0,0.0,0.0,0.0,0.0,0.0,0.0,0,-107875648.0,69,0.0,138,0.0,2.6474720257151824e+23,0,39322,17085,52429,17099,0,17080,0,0,0,70,68,100,2.7302399002429377e+23,82.4,-107615448.0,77.9,-107615464.0,78.5,1,49,50,180,26215,26215,0,0,0.0,0.0,0.0,0.0,-0.0,67.0,0.0,162057.094,0.0,973,0,997,0,0,0,948,0,1019,0,920,0,789,0,779,0,821,0,7520,0.032,4.150517416584649e+19,0.0,0.0,784,16797,-0.0,162057.094,-114818.039,-0.0,0.133,6.909358625270745e+28,30.0,70.0,35,0.0,0.0,0.0,0.0,0.0,0.0,0.0,0.0,0.0,0.0,0.0,0.0,0.0,0.0,0.0,0.0,66.8,0,150,71,51,65476,0,300,0,0,8,20529,65476,0,0,44564,70.0,0.0,0.0,0.0,0.0,0.0
2026-09-10T21:41:39,ERR,ERR,ERR,ERR,ERR,ERR,ERR,ERR,ERR,ERR,ERR,ERR,ERR,ERR,ERR,ERR,ERR,ERR,ERR,ERR,ERR,ERR,ERR,ERR,ERR,ERR,ERR,ERR,ERR,ERR,ERR,ERR,ERR,ERR,ERR,ERR,ERR,ERR,ERR,ERR,ERR,ERR,ERR,ERR,ERR,ERR,ERR,ERR,ERR,ERR,ERR,ERR,ERR,ERR,ERR,ERR,ERR,ERR,ERR,ERR,ERR,ERR,ERR,ERR,ERR,ERR,ERR,ERR,ERR,ERR,ERR,ERR,ERR,ERR,ERR,ERR,ERR,ERR,ERR,ERR,ERR,ERR,ERR,ERR,ERR,ERR,ERR,ERR,ERR,ERR,ERR,ERR,ERR,ERR,ERR,ERR,ERR,ERR,ERR,ERR,ERR,ERR,ERR,ERR,ERR,ERR,ERR,ERR,ERR,ERR,ERR,ERR,ERR,ERR,ERR,ERR,ERR,ERR,ERR,ERR,ERR,ERR,ERR,ERR,ERR,0.0,0.0,0.0,0.0,0.0,1.3936040501711995e+18,7.805,0.0,0,0,4,0,7116,0.0,100,0.0,0.0,0.0,0.0,0.0,0,0,0,0,0.0,0,0,0,0,0,0,0,0,0,0,0,0,0,0,0,0,0,0,0,0,0,0,0,0,0,0,0,0,0,0,0,0,0,31,40,40,71,65476,0,300,0,0,8,21553,0.0,-107605600.0,0.0,0.0,0.0,0.0,0.0,0.0,0.0,0.0,0.0,0.0,0.0,0.0,0.0,0.0,0.0,0.0,0.0,0.0,0.0,0.0,-2.004,2.004,-0.0,-2.004,0.0,0.0,0.0,0.0,4487.0,-8608165888.0,6938.0,0.0,0.0,-107615168.0,2.718429120148166e+23,0.0,0.0,0.0,0.0,69,-0.0,89220.406,0.0,0.0,0.0,0.0,0.0,0.0,0.0,0,0,0,0.0,0.0,0.0,0.0,0.0,0.0,0.0,0.0,0.0,0.0,0.0,0.0,0.0,0.0,0.0,0.0,0,-107875648.0,69,0.0,138,0.0,2.6474720257151824e+23,0,39322,17085,52429,17099,0,17080,0,0,0,70,68,100,2.7302399002429377e+23,82.4,-107615448.0,77.9,-107615464.0,78.5,1,49,50,180,26215,26215,0,0,0.0,0.0,0.0,0.0,-0.0,67.0,0.0,162057.094,0.0,973,0,997,0,0,0,948,0,1019,0,920,0,789,0,779,0,821,0,7520,0.032,4.150517416584649e+19,0.0,0.0,784,16797,-0.0,162057.094,-114818.039,-0.0,0.133,6.909358625270745e+28,30.0,70.0,35,0.0,0.0,0.0,0.0,0.0,0.0,0.0,0.0,0.0,0.0,0.0,0.0,0.0,0.0,0.0,0.0,66.8,0,150,71,51,65476,0,300,0,0,8,20529,65476,0,0,44564,70.0,0.0,0.0,0.0,0.0,0.0
2026-09-10T21:41:40,ERR,ERR,ERR,ERR,ERR,ERR,ERR,ERR,ERR,ERR,ERR,ERR,ERR,ERR,ERR,ERR,ERR,ERR,ERR,ERR,ERR,ERR,ERR,ERR,ERR,ERR,ERR,ERR,ERR,ERR,ERR,ERR,ERR,ERR,ERR,ERR,ERR,ERR,ERR,ERR,ERR,ERR,ERR,ERR,ERR,ERR,ERR,ERR,ERR,ERR,ERR,ERR,ERR,ERR,ERR,ERR,ERR,ERR,ERR,ERR,ERR,ERR,ERR,ERR,ERR,ERR,ERR,ERR,ERR,ERR,ERR,ERR,ERR,ERR,ERR,ERR,ERR,ERR,ERR,ERR,ERR,ERR,ERR,ERR,ERR,ERR,ERR,ERR,ERR,ERR,ERR,ERR,ERR,ERR,ERR,ERR,ERR,ERR,ERR,ERR,ERR,ERR,ERR,ERR,ERR,ERR,ERR,ERR,ERR,ERR,ERR,ERR,ERR,ERR,ERR,ERR,ERR,ERR,ERR,ERR,ERR,ERR,ERR,ERR,ERR,0.0,0.0,0.0,0.0,0.0,1.3936040501711995e+18,7.805,0.0,0,0,4,0,7116,0.0,100,0.0,0.0,0.0,0.0,0.0,0,0,0,0,0.0,0,0,0,0,0,0,0,0,0,0,0,0,0,0,0,0,0,0,0,0,0,0,0,0,0,0,0,0,0,0,0,0,0,31,40,40,71,65476,0,300,0,0,8,21553,0.0,-107605600.0,0.0,0.0,0.0,0.0,0.0,0.0,0.0,0.0,0.0,0.0,0.0,0.0,0.0,0.0,0.0,0.0,0.0,0.0,0.0,0.0,-2.004,2.004,-0.0,-2.004,0.0,0.0,0.0,0.0,4487.0,-8608165888.0,6938.0,0.0,0.0,-107615168.0,2.718429120148166e+23,0.0,0.0,0.0,0.0,69,-0.0,89220.406,0.0,0.0,0.0,0.0,0.0,0.0,0.0,0,0,0,0.0,0.0,0.0,0.0,0.0,0.0,0.0,0.0,0.0,0.0,0.0,0.0,0.0,0.0,0.0,0.0,0,-107875648.0,69,0.0,138,0.0,2.6474720257151824e+23,0,39322,17085,52429,17099,0,17080,0,0,0,70,68,100,2.7302399002429377e+23,82.4,-107615448.0,77.9,-107615464.0,78.5,1,49,50,180,26215,26215,0,0,0.0,0.0,0.0,0.0,-0.0,67.0,0.0,162057.094,0.0,972,0,997,0,0,0,948,0,1019,0,920,0,789,0,779,0,822,0,7520,0.032,4.150517416584649e+19,0.0,0.0,784,16797,-0.0,162057.094,-114818.039,-0.0,0.133,6.909358625270745e+28,30.0,70.0,35,0.0,0.0,0.0,0.0,0.0,0.0,0.0,0.0,0.0,0.0,0.0,0.0,0.0,0.0,0.0,0.0,66.4,0,150,71,51,65476,0,300,0,0,8,20529,65476,0,0,44564,70.0,0.0,0.0,0.0,0.0,0.0
2026-09-10T21:41:41,ERR,ERR,ERR,ERR,ERR,ERR,ERR,ERR,ERR,ERR,ERR,ERR,ERR,ERR,ERR,ERR,ERR,ERR,ERR,ERR,ERR,ERR,ERR,ERR,ERR,ERR,ERR,ERR,ERR,ERR,ERR,ERR,ERR,ERR,ERR,ERR,ERR,ERR,ERR,ERR,ERR,ERR,ERR,ERR,ERR,ERR,ERR,ERR,ERR,ERR,ERR,ERR,ERR,ERR,ERR,ERR,ERR,ERR,ERR,ERR,ERR,ERR,ERR,ERR,ERR,ERR,ERR,ERR,ERR,ERR,ERR,ERR,ERR,ERR,ERR,ERR,ERR,ERR,ERR,ERR,ERR,ERR,ERR,ERR,ERR,ERR,ERR,ERR,ERR,ERR,ERR,ERR,ERR,ERR,ERR,ERR,ERR,ERR,ERR,ERR,ERR,ERR,ERR,ERR,ERR,ERR,ERR,ERR,ERR,ERR,ERR,ERR,ERR,ERR,ERR,ERR,ERR,ERR,ERR,ERR,ERR,ERR,ERR,ERR,ERR,0.0,0.0,0.0,0.0,0.0,1.3936040501711995e+18,7.805,0.0,0,0,4,0,7116,0.0,100,0.0,0.0,0.0,0.0,0.0,0,0,0,0,0.0,0,0,0,0,0,0,0,0,0,0,0,0,0,0,0,0,0,0,0,0,0,0,0,0,0,0,0,0,0,0,0,0,0,31,40,40,71,65476,0,300,0,0,8,21553,0.0,-107605600.0,0.0,0.0,0.0,0.0,0.0,0.0,0.0,0.0,0.0,0.0,0.0,0.0,0.0,0.0,0.0,0.0,0.0,0.0,0.0,0.0,-2.004,2.004,-0.0,-2.004,0.0,0.0,0.0,0.0,4487.0,-8608165888.0,6938.0,0.0,0.0,-107615168.0,2.718429120148166e+23,0.0,0.0,0.0,0.0,69,-0.0,89220.406,0.0,0.0,0.0,0.0,0.0,0.0,0.0,0,0,0,0.0,0.0,0.0,0.0,0.0,0.0,0.0,0.0,0.0,0.0,0.0,0.0,0.0,0.0,0.0,0.0,0,-107875648.0,69,0.0,138,0.0,2.6474720257151824e+23,0,39322,17085,52429,17099,0,17080,0,0,0,70,68,100,2.7302399002429377e+23,82.4,-107615448.0,77.9,-107615464.0,78.5,1,49,50,180,26215,26215,0,0,0.0,0.0,0.0,0.0,-0.0,67.0,0.0,162057.094,0.0,972,0,997,0,0,0,948,0,1019,0,920,0,789,0,779,0,822,0,7520,0.032,4.150517416584649e+19,0.0,0.0,784,16797,-0.0,162057.094,-114818.039,-0.0,0.133,6.909358625270745e+28,30.0,70.0,35,0.0,0.0,0.0,0.0,0.0,0.0,0.0,0.0,0.0,0.0,0.0,0.0,0.0,0.0,0.0,0.0,66.4,0,150,71,51,65476,0,300,0,0,8,20529,65476,0,0,44564,70.0,0.0,0.0,0.0,0.0,0.0
2026-09-10T21:41:42,ERR,ERR,ERR,ERR,ERR,ERR,ERR,ERR,ERR,ERR,ERR,ERR,ERR,ERR,ERR,ERR,ERR,ERR,ERR,ERR,ERR,ERR,ERR,ERR,ERR,ERR,ERR,ERR,ERR,ERR,ERR,ERR,ERR,ERR,ERR,ERR,ERR,ERR,ERR,ERR,ERR,ERR,ERR,ERR,ERR,ERR,ERR,ERR,ERR,ERR,ERR,ERR,ERR,ERR,ERR,ERR,ERR,ERR,ERR,ERR,ERR,ERR,ERR,ERR,ERR,ERR,ERR,ERR,ERR,ERR,ERR,ERR,ERR,ERR,ERR,ERR,ERR,ERR,ERR,ERR,ERR,ERR,ERR,ERR,ERR,ERR,ERR,ERR,ERR,ERR,ERR,ERR,ERR,ERR,ERR,ERR,ERR,ERR,ERR,ERR,ERR,ERR,ERR,ERR,ERR,ERR,ERR,ERR,ERR,ERR,ERR,ERR,ERR,ERR,ERR,ERR,ERR,ERR,ERR,ERR,ERR,ERR,ERR,ERR,ERR,0.0,0.0,0.0,0.0,0.0,1.3936040501711995e+18,7.805,0.0,0,0,4,0,7116,0.0,100,0.0,0.0,0.0,0.0,0.0,0,0,0,0,0.0,0,0,0,0,0,0,0,0,0,0,0,0,0,0,0,0,0,0,0,0,0,0,0,0,0,0,0,0,0,0,0,0,0,31,40,40,71,65476,0,300,0,0,8,21553,0.0,-107605600.0,0.0,0.0,0.0,0.0,0.0,0.0,0.0,0.0,0.0,0.0,0.0,0.0,0.0,0.0,0.0,0.0,0.0,0.0,0.0,0.0,-2.004,0.0,-0.0,-2.004,0.0,0.0,0.0,0.0,4516.0,0.0,6912.0,0.0,0.0,-107615168.0,2.718429120148166e+23,0.0,0.0,0.0,0.0,69,-0.0,1.905682486793339e+17,0.0,0.0,0.0,0.0,0.0,0.0,0.0,0,0,0,0.0,0.0,0.0,0.0,0.0,0.0,0.0,0.0,0.0,0.0,0.0,0.0,0.0,0.0,0.0,0.0,0,-107875648.0,69,0.0,138,0.0,2.6474720257151824e+23,0,39322,17085,52429,17099,0,17080,0,0,0,70,68,100,2.7302399002429377e+23,82.4,-107615448.0,77.9,-107615464.0,78.5,1,49,50,180,26215,26215,0,0,0.0,0.0,0.0,0.0,-0.0,67.0,0.0,162057.094,0.0,972,0,997,0,0,0,948,0,1019,0,920,0,789,0,779,0,822,0,7520,0.032,4.150517416584649e+19,0.0,0.0,784,16797,-0.0,162057.094,-114818.039,-0.0,0.133,6.909358625270745e+28,30.0,70.0,35,0.0,0.0,0.0,0.0,0.0,0.0,0.0,0.0,0.0,0.0,0.0,0.0,0.0,0.0,0.0,0.0,66.4,0,150,71,51,65476,0,300,0,0,8,20529,65476,0,0,44564,70.0,0.0,0.0,0.0,0.0,0.0
2026-09-10T21:41:43,ERR,ERR,ERR,ERR,ERR,ERR,ERR,ERR,ERR,ERR,ERR,ERR,ERR,ERR,ERR,ERR,ERR,ERR,ERR,ERR,ERR,ERR,ERR,ERR,ERR,ERR,ERR,ERR,ERR,ERR,ERR,ERR,ERR,ERR,ERR,ERR,ERR,ERR,ERR,ERR,ERR,ERR,ERR,ERR,ERR,ERR,ERR,ERR,ERR,ERR,ERR,ERR,ERR,ERR,ERR,ERR,ERR,ERR,ERR,ERR,ERR,ERR,ERR,ERR,ERR,ERR,ERR,ERR,ERR,ERR,ERR,ERR,ERR,ERR,ERR,ERR,ERR,ERR,ERR,ERR,ERR,ERR,ERR,ERR,ERR,ERR,ERR,ERR,ERR,ERR,ERR,ERR,ERR,ERR,ERR,ERR,ERR,ERR,ERR,ERR,ERR,ERR,ERR,ERR,ERR,ERR,ERR,ERR,ERR,ERR,ERR,ERR,ERR,ERR,ERR,ERR,ERR,ERR,ERR,ERR,ERR,ERR,ERR,ERR,ERR,0.0,0.0,0.0,0.0,0.0,1.3936040501711995e+18,7.805,0.0,0,0,4,0,7116,0.0,100,0.0,0.0,0.0,0.0,0.0,0,0,0,0,0.0,0,0,0,0,0,0,0,0,0,0,0,0,0,0,0,0,0,0,0,0,0,0,0,0,0,0,0,0,0,0,0,0,0,31,40,40,71,65476,0,300,0,0,8,21553,0.0,-107605600.0,0.0,0.0,0.0,0.0,0.0,0.0,0.0,0.0,0.0,0.0,0.0,0.0,0.0,0.0,0.0,0.0,0.0,0.0,0.0,0.0,-2.004,0.0,-0.0,-2.004,0.0,0.0,0.0,0.0,4516.0,0.0,6912.0,0.0,0.0,-107615168.0,2.718429120148166e+23,0.0,0.0,0.0,0.0,69,-0.0,1.905682486793339e+17,0.0,0.0,0.0,0.0,0.0,0.0,0.0,0,0,0,0.0,0.0,0.0,0.0,0.0,0.0,0.0,0.0,0.0,0.0,0.0,0.0,0.0,0.0,0.0,0.0,0,-107875648.0,69,0.0,138,0.0,2.6474720257151824e+23,0,39322,17085,52429,17099,0,17080,0,0,0,70,68,100,2.7302399002429377e+23,82.4,-107615448.0,77.9,-107615464.0,78.5,1,49,50,180,26215,26215,0,0,0.0,0.0,0.0,0.0,-0.0,67.0,0.0,162057.094,0.0,972,0,997,0,0,0,948,0,1019,0,920,0,789,0,779,0,822,0,7520,0.032,4.150517416584649e+19,0.0,0.0,784,16797,-0.0,162057.094,-114818.039,-0.0,0.133,6.909358625270745e+28,30.0,70.0,35,0.0,0.0,0.0,0.0,0.0,0.0,0.0,0.0,0.0,0.0,0.0,0.0,0.0,0.0,0.0,0.0,66.4,0,150,71,51,65476,0,300,0,0,8,20529,65476,0,0,44564,70.0,0.0,0.0,0.0,0.0,0.0
2026-09-10T21:41:44,ERR,ERR,ERR,ERR,ERR,ERR,ERR,ERR,ERR,ERR,ERR,ERR,ERR,ERR,ERR,ERR,ERR,ERR,ERR,ERR,ERR,ERR,ERR,ERR,ERR,ERR,ERR,ERR,ERR,ERR,ERR,ERR,ERR,ERR,ERR,ERR,ERR,ERR,ERR,ERR,ERR,ERR,ERR,ERR,ERR,ERR,ERR,ERR,ERR,ERR,ERR,ERR,ERR,ERR,ERR,ERR,ERR,ERR,ERR,ERR,ERR,ERR,ERR,ERR,ERR,ERR,ERR,ERR,ERR,ERR,ERR,ERR,ERR,ERR,ERR,ERR,ERR,ERR,ERR,ERR,ERR,ERR,ERR,ERR,ERR,ERR,ERR,ERR,ERR,ERR,ERR,ERR,ERR,ERR,ERR,ERR,ERR,ERR,ERR,ERR,ERR,ERR,ERR,ERR,ERR,ERR,ERR,ERR,ERR,ERR,ERR,ERR,ERR,ERR,ERR,ERR,ERR,ERR,ERR,ERR,ERR,ERR,ERR,ERR,ERR,0.0,0.0,0.0,0.0,0.0,1.3936040501711995e+18,7.805,0.0,0,0,4,0,7116,0.0,100,0.0,0.0,0.0,0.0,0.0,0,0,0,0,0.0,0,0,0,0,0,0,0,0,0,0,0,0,0,0,0,0,0,0,0,0,0,0,0,0,0,0,0,0,0,0,0,0,0,31,40,40,71,65476,0,300,0,0,8,21553,0.0,-107605600.0,0.0,0.0,0.0,0.0,0.0,0.0,0.0,0.0,0.0,0.0,0.0,0.0,0.0,0.0,0.0,0.0,0.0,0.0,0.0,0.0,-2.004,0.0,-0.0,-2.004,0.0,0.0,0.0,0.0,4516.0,0.0,6912.0,0.0,0.0,-107615168.0,2.718429120148166e+23,0.0,0.0,0.0,0.0,69,-0.0,1.905682486793339e+17,0.0,0.0,0.0,0.0,0.0,0.0,0.0,0,0,0,0.0,0.0,0.0,0.0,0.0,0.0,0.0,0.0,0.0,0.0,0.0,0.0,0.0,0.0,0.0,0.0,0,-107875648.0,69,0.0,138,0.0,2.6474720257151824e+23,0,39322,17085,52429,17099,0,17080,0,0,0,70,68,100,2.7302399002429377e+23,82.4,-107615448.0,77.9,-107615464.0,78.5,1,49,50,180,26215,26215,0,0,0.0,0.0,0.0,0.0,-0.0,67.0,0.0,162057.094,0.0,972,0,997,0,0,0,948,0,1019,0,920,0,789,0,779,0,822,0,7520,0.032,4.150517416584649e+19,0.0,0.0,784,16797,-0.0,162057.094,-114818.039,-0.0,0.133,6.909358625270745e+28,30.0,70.0,35,0.0,0.0,0.0,0.0,0.0,0.0,0.0,0.0,0.0,0.0,0.0,0.0,0.0,0.0,0.0,0.0,66.4,0,150,71,51,65476,0,300,0,0,8,20529,65476,0,0,44564,70.0,0.0,0.0,0.0,0.0,0.0
2026-09-10T21:41:45,ERR,ERR,ERR,ERR,ERR,ERR,ERR,ERR,ERR,ERR,ERR,ERR,ERR,ERR,ERR,ERR,ERR,ERR,ERR,ERR,ERR,ERR,ERR,ERR,ERR,ERR,ERR,ERR,ERR,ERR,ERR,ERR,ERR,ERR,ERR,ERR,ERR,ERR,ERR,ERR,ERR,ERR,ERR,ERR,ERR,ERR,ERR,ERR,ERR,ERR,ERR,ERR,ERR,ERR,ERR,ERR,ERR,ERR,ERR,ERR,ERR,ERR,ERR,ERR,ERR,ERR,ERR,ERR,ERR,ERR,ERR,ERR,ERR,ERR,ERR,ERR,ERR,ERR,ERR,ERR,ERR,ERR,ERR,ERR,ERR,ERR,ERR,ERR,ERR,ERR,ERR,ERR,ERR,ERR,ERR,ERR,ERR,ERR,ERR,ERR,ERR,ERR,ERR,ERR,ERR,ERR,ERR,ERR,ERR,ERR,ERR,ERR,ERR,ERR,ERR,ERR,ERR,ERR,ERR,ERR,ERR,ERR,ERR,ERR,ERR,0.0,0.0,0.0,0.0,0.0,1.3936040501711995e+18,7.805,0.0,0,0,4,0,7116,0.0,100,0.0,0.0,0.0,0.0,0.0,0,0,0,0,0.0,0,0,0,0,0,0,0,0,0,0,0,0,0,0,0,0,0,0,0,0,0,0,0,0,0,0,0,0,0,0,0,0,0,31,40,40,71,65476,0,300,0,0,8,21553,0.0,-107605600.0,0.0,0.0,0.0,0.0,0.0,0.0,0.0,0.0,0.0,0.0,0.0,0.0,0.0,0.0,0.0,0.0,0.0,0.0,0.0,0.0,-2.004,0.0,-0.0,-2.004,0.0,0.0,0.0,0.0,4516.0,0.0,6912.0,0.0,0.0,-107615168.0,2.718429120148166e+23,0.0,0.0,0.0,0.0,69,-0.0,1.905682486793339e+17,0.0,0.0,0.0,0.0,0.0,0.0,0.0,0,0,0,0.0,0.0,0.0,0.0,0.0,0.0,0.0,0.0,0.0,0.0,0.0,0.0,0.0,0.0,0.0,0.0,0,-107875648.0,69,0.0,138,0.0,2.6474720257151824e+23,0,39322,17085,52429,17099,0,17080,0,0,0,70,68,100,2.7302399002429377e+23,82.4,-107615448.0,77.9,-107615464.0,78.5,1,49,50,180,26215,26215,0,0,0.0,0.0,0.0,0.0,-0.0,67.0,0.0,162057.094,0.0,972,0,997,0,0,0,948,0,1019,0,920,0,789,0,779,0,822,0,7520,0.032,4.17934045419982e+19,0.0,0.0,784,16797,-0.0,162057.094,-114818.039,-0.0,0.133,6.909358625270745e+28,30.0,70.0,35,0.0,0.0,0.0,0.0,0.0,0.0,0.0,0.0,0.0,0.0,0.0,0.0,0.0,0.0,0.0,0.0,66.4,0,150,71,51,65476,0,300,0,0,8,20529,65476,0,0,44564,70.0,0.0,0.0,0.0,0.0,0.0
2026-09-10T21:41:46,ERR,ERR,ERR,ERR,ERR,ERR,ERR,ERR,ERR,ERR,ERR,ERR,ERR,ERR,ERR,ERR,ERR,ERR,ERR,ERR,ERR,ERR,ERR,ERR,ERR,ERR,ERR,ERR,ERR,ERR,ERR,ERR,ERR,ERR,ERR,ERR,ERR,ERR,ERR,ERR,ERR,ERR,ERR,ERR,ERR,ERR,ERR,ERR,ERR,ERR,ERR,ERR,ERR,ERR,ERR,ERR,ERR,ERR,ERR,ERR,ERR,ERR,ERR,ERR,ERR,ERR,ERR,ERR,ERR,ERR,ERR,ERR,ERR,ERR,ERR,ERR,ERR,ERR,ERR,ERR,ERR,ERR,ERR,ERR,ERR,ERR,ERR,ERR,ERR,ERR,ERR,ERR,ERR,ERR,ERR,ERR,ERR,ERR,ERR,ERR,ERR,ERR,ERR,ERR,ERR,ERR,ERR,ERR,ERR,ERR,ERR,ERR,ERR,ERR,ERR,ERR,ERR,ERR,ERR,ERR,ERR,ERR,ERR,ERR,ERR,0.0,0.0,0.0,0.0,0.0,1.3936040501711995e+18,7.805,0.0,0,0,4,0,7116,0.0,100,0.0,0.0,0.0,0.0,0.0,0,0,0,0,0.0,0,0,0,0,0,0,0,0,0,0,0,0,0,0,0,0,0,0,0,0,0,0,0,0,0,0,0,0,0,0,0,0,0,31,40,40,71,65476,0,300,0,0,8,21553,0.0,-107605600.0,0.0,0.0,0.0,0.0,0.0,0.0,0.0,0.0,0.0,0.0,0.0,0.0,0.0,0.0,0.0,0.0,0.0,0.0,0.0,0.0,-2.004,0.0,-0.0,-2.004,0.0,0.0,0.0,0.0,4516.0,0.0,6912.0,0.0,0.0,-107615168.0,2.718429120148166e+23,0.0,0.0,0.0,0.0,69,-0.0,1.905682486793339e+17,0.0,0.0,0.0,0.0,0.0,0.0,0.0,0,0,0,0.0,0.0,0.0,0.0,0.0,0.0,0.0,0.0,0.0,0.0,0.0,0.0,0.0,0.0,0.0,0.0,0,-107875648.0,69,0.0,138,0.0,2.6474720257151824e+23,0,39322,17085,52429,17099,0,17080,0,0,0,70,68,100,2.7302399002429377e+23,82.4,-107615448.0,77.9,-107615464.0,78.5,1,49,50,180,26215,26215,0,0,0.0,0.0,0.0,0.0,-0.0,67.0,0.0,162057.094,0.0,972,0,997,0,0,0,948,0,1019,0,920,0,789,0,779,0,822,0,7520,0.032,4.17934045419982e+19,0.0,0.0,784,16797,-0.0,162057.094,-114818.039,-0.0,0.133,6.909358625270745e+28,30.0,70.0,35,0.0,0.0,0.0,0.0,0.0,0.0,0.0,0.0,0.0,0.0,0.0,0.0,0.0,0.0,0.0,0.0,66.4,0,150,71,51,65476,0,300,0,0,8,20529,65476,0,0,44564,70.0,0.0,0.0,0.0,0.0,0.0
2026-09-10T21:41:47,ERR,ERR,ERR,ERR,ERR,ERR,ERR,ERR,ERR,ERR,ERR,ERR,ERR,ERR,ERR,ERR,ERR,ERR,ERR,ERR,ERR,ERR,ERR,ERR,ERR,ERR,ERR,ERR,ERR,ERR,ERR,ERR,ERR,ERR,ERR,ERR,ERR,ERR,ERR,ERR,ERR,ERR,ERR,ERR,ERR,ERR,ERR,ERR,ERR,ERR,ERR,ERR,ERR,ERR,ERR,ERR,ERR,ERR,ERR,ERR,ERR,ERR,ERR,ERR,ERR,ERR,ERR,ERR,ERR,ERR,ERR,ERR,ERR,ERR,ERR,ERR,ERR,ERR,ERR,ERR,ERR,ERR,ERR,ERR,ERR,ERR,ERR,ERR,ERR,ERR,ERR,ERR,ERR,ERR,ERR,ERR,ERR,ERR,ERR,ERR,ERR,ERR,ERR,ERR,ERR,ERR,ERR,ERR,ERR,ERR,ERR,ERR,ERR,ERR,ERR,ERR,ERR,ERR,ERR,ERR,ERR,ERR,ERR,ERR,ERR,0.0,0.0,0.0,0.0,0.0,1.3936040501711995e+18,7.805,0.0,0,0,4,0,7116,0.0,100,0.0,0.0,0.0,0.0,0.0,0,0,0,0,0.0,0,0,0,0,0,0,0,0,0,0,0,0,0,0,0,0,0,0,0,0,0,0,0,0,0,0,0,0,0,0,0,0,0,31,40,40,71,65476,0,300,0,0,8,21553,0.0,-107605600.0,0.0,0.0,0.0,0.0,0.0,0.0,0.0,0.0,0.0,0.0,0.0,0.0,0.0,0.0,0.0,0.0,0.0,0.0,0.0,0.0,-2.004,0.0,-0.0,-2.004,0.0,0.0,0.0,0.0,4516.0,0.0,6912.0,0.0,0.0,-107615168.0,2.718429120148166e+23,0.0,0.0,0.0,0.0,69,-0.0,1.905682486793339e+17,0.0,0.0,0.0,0.0,0.0,0.0,0.0,0,0,0,0.0,0.0,0.0,0.0,0.0,0.0,0.0,0.0,0.0,0.0,0.0,0.0,0.0,0.0,0.0,0.0,0,-107875648.0,69,0.0,138,0.0,2.6474720257151824e+23,0,39322,17085,52429,17099,0,17080,0,0,0,70,68,100,2.7302399002429377e+23,82.4,-107615448.0,77.9,-107615464.0,78.5,1,49,50,180,26215,26215,0,0,0.0,0.0,0.0,0.0,-0.0,67.0,0.0,162057.094,0.0,972,0,997,0,0,0,948,0,1019,0,920,0,789,0,779,0,822,0,7520,0.032,4.17934045419982e+19,0.0,0.0,784,16797,-0.0,162057.094,-114818.039,-0.0,0.133,6.909358625270745e+28,30.0,70.0,35,0.0,0.0,0.0,0.0,0.0,0.0,0.0,0.0,0.0,0.0,0.0,0.0,0.0,0.0,0.0,0.0,66.4,0,150,71,51,65476,0,300,0,0,8,20529,65476,0,0,44564,70.0,0.0,0.0,0.0,0.0,0.0
2026-09-10T21:41:48,ERR,ERR,ERR,ERR,ERR,ERR,ERR,ERR,ERR,ERR,ERR,ERR,ERR,ERR,ERR,ERR,ERR,ERR,ERR,ERR,ERR,ERR,ERR,ERR,ERR,ERR,ERR,ERR,ERR,ERR,ERR,ERR,ERR,ERR,ERR,ERR,ERR,ERR,ERR,ERR,ERR,ERR,ERR,ERR,ERR,ERR,ERR,ERR,ERR,ERR,ERR,ERR,ERR,ERR,ERR,ERR,ERR,ERR,ERR,ERR,ERR,ERR,ERR,ERR,ERR,ERR,ERR,ERR,ERR,ERR,ERR,ERR,ERR,ERR,ERR,ERR,ERR,ERR,ERR,ERR,ERR,ERR,ERR,ERR,ERR,ERR,ERR,ERR,ERR,ERR,ERR,ERR,ERR,ERR,ERR,ERR,ERR,ERR,ERR,ERR,ERR,ERR,ERR,ERR,ERR,ERR,ERR,ERR,ERR,ERR,ERR,ERR,ERR,ERR,ERR,ERR,ERR,ERR,ERR,ERR,ERR,ERR,ERR,ERR,ERR,0.0,0.0,0.0,0.0,0.0,1.3936040501711995e+18,7.805,0.0,0,0,4,0,7116,0.0,100,0.0,0.0,0.0,0.0,0.0,0,0,0,0,0.0,0,0,0,0,0,0,0,0,0,0,0,0,0,0,0,0,0,0,0,0,0,0,0,0,0,0,0,0,0,0,0,0,0,31,40,40,71,65476,0,300,0,0,8,21553,0.0,-107605600.0,0.0,0.0,0.0,0.0,0.0,0.0,0.0,0.0,0.0,0.0,0.0,0.0,0.0,0.0,0.0,0.0,0.0,0.0,0.0,0.0,-2.004,0.0,-0.0,-2.004,0.0,0.0,0.0,0.0,4516.0,0.0,6912.0,0.0,0.0,-107615168.0,2.718429120148166e+23,0.0,0.0,0.0,0.0,69,-0.0,1.905682486793339e+17,0.0,0.0,0.0,0.0,0.0,0.0,0.0,0,0,0,0.0,0.0,0.0,0.0,0.0,0.0,0.0,0.0,0.0,0.0,0.0,0.0,0.0,0.0,0.0,0.0,0,-107875648.0,69,0.0,138,0.0,2.6474720257151824e+23,0,39322,17085,52429,17099,0,17080,0,0,0,70,68,100,2.7302399002429377e+23,82.4,-107615448.0,77.9,-107615464.0,78.5,1,49,50,180,26215,26215,0,0,0.0,0.0,0.0,0.0,-0.0,67.0,0.0,162057.094,0.0,972,0,997,0,0,0,948,0,1019,0,920,0,789,0,779,0,822,0,7520,0.032,4.17934045419982e+19,0.0,0.0,784,16797,-0.0,162057.094,-114818.039,-0.0,0.133,6.909358625270745e+28,30.0,70.0,35,0.0,0.0,0.0,0.0,0.0,0.0,0.0,0.0,0.0,0.0,0.0,0.0,0.0,0.0,0.0,0.0,66.4,0,150,71,51,65476,0,300,0,0,8,20529,65476,0,0,44564,70.0,0.0,0.0,0.0,0.0,0.0
2026-09-10T21:41:49,ERR,ERR,ERR,ERR,ERR,ERR,ERR,ERR,ERR,ERR,ERR,ERR,ERR,ERR,ERR,ERR,ERR,ERR,ERR,ERR,ERR,ERR,ERR,ERR,ERR,ERR,ERR,ERR,ERR,ERR,ERR,ERR,ERR,ERR,ERR,ERR,ERR,ERR,ERR,ERR,ERR,ERR,ERR,ERR,ERR,ERR,ERR,ERR,ERR,ERR,ERR,ERR,ERR,ERR,ERR,ERR,ERR,ERR,ERR,ERR,ERR,ERR,ERR,ERR,ERR,ERR,ERR,ERR,ERR,ERR,ERR,ERR,ERR,ERR,ERR,ERR,ERR,ERR,ERR,ERR,ERR,ERR,ERR,ERR,ERR,ERR,ERR,ERR,ERR,ERR,ERR,ERR,ERR,ERR,ERR,ERR,ERR,ERR,ERR,ERR,ERR,ERR,ERR,ERR,ERR,ERR,ERR,ERR,ERR,ERR,ERR,ERR,ERR,ERR,ERR,ERR,ERR,ERR,ERR,ERR,ERR,ERR,ERR,ERR,ERR,0.0,0.0,0.0,0.0,0.0,1.3936040501711995e+18,7.805,0.0,0,0,4,0,7116,0.0,100,0.0,0.0,0.0,0.0,0.0,0,0,0,0,0.0,0,0,0,0,0,0,0,0,0,0,0,0,0,0,0,0,0,0,0,0,0,0,0,0,0,0,0,0,0,0,0,0,0,31,40,40,71,65476,0,300,0,0,8,21553,0.0,-107605600.0,0.0,0.0,0.0,0.0,0.0,0.0,0.0,0.0,0.0,0.0,0.0,0.0,0.0,0.0,0.0,0.0,0.0,0.0,0.0,0.0,-2.004,0.0,-0.0,-2.004,0.0,0.0,0.0,0.0,4516.0,0.0,6912.0,0.0,0.0,-107615168.0,2.718429120148166e+23,0.0,0.0,0.0,0.0,69,-0.0,1.905682486793339e+17,0.0,0.0,0.0,0.0,0.0,0.0,0.0,0,0,0,0.0,0.0,0.0,0.0,0.0,0.0,0.0,0.0,0.0,0.0,0.0,0.0,0.0,0.0,0.0,0.0,0,-107875648.0,69,0.0,138,0.0,2.6474720257151824e+23,0,39322,17085,52429,17099,0,17080,0,0,0,70,68,100,2.7302399002429377e+23,82.4,-107615448.0,77.9,-107615464.0,78.5,1,49,50,180,26215,26215,0,0,0.0,0.0,0.0,0.0,-0.0,67.0,0.0,162057.094,0.0,972,0,997,0,0,0,948,0,1019,0,920,0,789,0,779,0,822,0,7520,0.032,4.17934045419982e+19,0.0,0.0,784,16797,-0.0,162057.094,-114818.039,-0.0,0.133,6.909358625270745e+28,30.0,70.0,35,0.0,0.0,0.0,0.0,0.0,0.0,0.0,0.0,0.0,0.0,0.0,0.0,0.0,0.0,0.0,0.0,66.4,0,150,71,51,65476,0,300,0,0,8,20529,65476,0,0,44564,70.0,0.0,0.0,0.0,0.0,0.0
2026-09-10T21:41:50,ERR,ERR,ERR,ERR,ERR,ERR,ERR,ERR,ERR,ERR,ERR,ERR,ERR,ERR,ERR,ERR,ERR,ERR,ERR,ERR,ERR,ERR,ERR,ERR,ERR,ERR,ERR,ERR,ERR,ERR,ERR,ERR,ERR,ERR,ERR,ERR,ERR,ERR,ERR,ERR,ERR,ERR,ERR,ERR,ERR,ERR,ERR,ERR,ERR,ERR,ERR,ERR,ERR,ERR,ERR,ERR,ERR,ERR,ERR,ERR,ERR,ERR,ERR,ERR,ERR,ERR,ERR,ERR,ERR,ERR,ERR,ERR,ERR,ERR,ERR,ERR,ERR,ERR,ERR,ERR,ERR,ERR,ERR,ERR,ERR,ERR,ERR,ERR,ERR,ERR,ERR,ERR,ERR,ERR,ERR,ERR,ERR,ERR,ERR,ERR,ERR,ERR,ERR,ERR,ERR,ERR,ERR,ERR,ERR,ERR,ERR,ERR,ERR,ERR,ERR,ERR,ERR,ERR,ERR,ERR,ERR,ERR,ERR,ERR,ERR,0.0,0.0,0.0,0.0,0.0,1.3936040501711995e+18,7.805,0.0,0,0,4,0,7116,0.0,100,0.0,0.0,0.0,0.0,0.0,0,0,0,0,0.0,0,0,0,0,0,0,0,0,0,0,0,0,0,0,0,0,0,0,0,0,0,0,0,0,0,0,0,0,0,0,0,0,0,31,40,40,71,65476,0,300,0,0,8,21553,0.0,-107605600.0,0.0,0.0,0.0,0.0,0.0,0.0,0.0,0.0,0.0,0.0,0.0,0.0,0.0,0.0,0.0,0.0,0.0,0.0,0.0,0.0,-2.004,0.0,-0.0,-2.004,0.0,0.0,0.0,0.0,4490.0,-8608165888.0,6938.0,0.0,0.0,-107615168.0,2.718429120148166e+23,0.0,0.0,0.0,0.0,69,-0.0,89220.406,0.0,0.0,0.0,0.0,0.0,0.0,0.0,0,0,0,0.0,0.0,0.0,0.0,0.0,0.0,0.0,0.0,0.0,0.0,0.0,0.0,0.0,0.0,0.0,0.0,0,-107875648.0,69,0.0,138,0.0,2.6474720257151824e+23,0,39322,17085,52429,17099,0,17080,0,0,0,70,68,100,2.7302399002429377e+23,82.4,-107615448.0,77.9,-107615464.0,78.5,1,49,50,180,26215,26215,0,0,0.0,0.0,0.0,0.0,-0.0,67.0,0.0,162057.094,0.0,972,0,997,0,0,0,948,0,1019,0,920,0,789,0,779,0,822,0,7520,0.032,4.17934045419982e+19,0.0,0.0,784,16797,-0.0,162057.094,-114818.039,-0.0,0.133,6.909358625270745e+28,30.0,70.0,35,0.0,0.0,0.0,0.0,0.0,0.0,0.0,0.0,0.0,0.0,0.0,0.0,0.0,0.0,0.0,0.0,66.4,0,150,71,51,65476,0,300,0,0,8,20529,65476,0,0,44564,70.0,0.0,0.0,0.0,0.0,0.0
2026-09-10T21:41:51,ERR,ERR,ERR,ERR,ERR,ERR,ERR,ERR,ERR,ERR,ERR,ERR,ERR,ERR,ERR,ERR,ERR,ERR,ERR,ERR,ERR,ERR,ERR,ERR,ERR,ERR,ERR,ERR,ERR,ERR,ERR,ERR,ERR,ERR,ERR,ERR,ERR,ERR,ERR,ERR,ERR,ERR,ERR,ERR,ERR,ERR,ERR,ERR,ERR,ERR,ERR,ERR,ERR,ERR,ERR,ERR,ERR,ERR,ERR,ERR,ERR,ERR,ERR,ERR,ERR,ERR,ERR,ERR,ERR,ERR,ERR,ERR,ERR,ERR,ERR,ERR,ERR,ERR,ERR,ERR,ERR,ERR,ERR,ERR,ERR,ERR,ERR,ERR,ERR,ERR,ERR,ERR,ERR,ERR,ERR,ERR,ERR,ERR,ERR,ERR,ERR,ERR,ERR,ERR,ERR,ERR,ERR,ERR,ERR,ERR,ERR,ERR,ERR,ERR,ERR,ERR,ERR,ERR,ERR,ERR,ERR,ERR,ERR,ERR,ERR,0.0,0.0,0.0,0.0,0.0,1.3936040501711995e+18,7.805,0.0,0,0,4,0,7116,0.0,100,0.0,0.0,0.0,0.0,0.0,0,0,0,0,0.0,0,0,0,0,0,0,0,0,0,0,0,0,0,0,0,0,0,0,0,0,0,0,0,0,0,0,0,0,0,0,0,0,0,31,40,40,71,65476,0,300,0,0,8,21553,0.0,-107605600.0,0.0,0.0,0.0,0.0,0.0,0.0,0.0,0.0,0.0,0.0,0.0,0.0,0.0,0.0,0.0,0.0,0.0,0.0,0.0,0.0,-2.004,0.0,-0.0,-2.004,0.0,0.0,0.0,0.0,4490.0,-8608165888.0,6938.0,0.0,0.0,-107615168.0,2.718429120148166e+23,0.0,0.0,0.0,0.0,69,-0.0,89220.406,0.0,0.0,0.0,0.0,0.0,0.0,0.0,0,0,0,0.0,0.0,0.0,0.0,0.0,0.0,0.0,0.0,0.0,0.0,0.0,0.0,0.0,0.0,0.0,0.0,0,-107875648.0,69,0.0,138,0.0,2.6474720257151824e+23,0,39322,17085,52429,17099,52429,17079,0,0,0,70,68,100,2.7302399002429377e+23,82.4,-107615448.0,77.9,-107615464.0,78.5,1,49,50,180,26215,26215,0,0,0.0,0.0,0.0,0.0,-0.0,67.0,0.0,162057.094,0.0,972,0,997,0,0,0,948,0,1019,0,919,0,789,0,779,0,822,0,7520,0.032,4.121694378969478e+19,0.0,0.0,784,16797,-0.0,162057.094,-114818.039,-0.0,0.133,6.909358625270745e+28,30.0,70.0,35,0.0,0.0,0.0,0.0,0.0,0.0,0.0,0.0,0.0,0.0,0.0,0.0,0.0,0.0,0.0,0.0,66.4,0,150,71,51,65476,0,300,0,0,8,20529,65476,0,0,44564,70.0,0.0,0.0,0.0,0.0,0.0
2026-09-10T21:41:52,ERR,ERR,ERR,ERR,ERR,ERR,ERR,ERR,ERR,ERR,ERR,ERR,ERR,ERR,ERR,ERR,ERR,ERR,ERR,ERR,ERR,ERR,ERR,ERR,ERR,ERR,ERR,ERR,ERR,ERR,ERR,ERR,ERR,ERR,ERR,ERR,ERR,ERR,ERR,ERR,ERR,ERR,ERR,ERR,ERR,ERR,ERR,ERR,ERR,ERR,ERR,ERR,ERR,ERR,ERR,ERR,ERR,ERR,ERR,ERR,ERR,ERR,ERR,ERR,ERR,ERR,ERR,ERR,ERR,ERR,ERR,ERR,ERR,ERR,ERR,ERR,ERR,ERR,ERR,ERR,ERR,ERR,ERR,ERR,ERR,ERR,ERR,ERR,ERR,ERR,ERR,ERR,ERR,ERR,ERR,ERR,ERR,ERR,ERR,ERR,ERR,ERR,ERR,ERR,ERR,ERR,ERR,ERR,ERR,ERR,ERR,ERR,ERR,ERR,ERR,ERR,ERR,ERR,ERR,ERR,ERR,ERR,ERR,ERR,ERR,0.0,0.0,0.0,0.0,0.0,1.3936040501711995e+18,7.805,0.0,0,0,4,0,7116,0.0,100,0.0,0.0,0.0,0.0,0.0,0,0,0,0,0.0,0,0,0,0,0,0,0,0,0,0,0,0,0,0,0,0,0,0,0,0,0,0,0,0,0,0,0,0,0,0,0,0,0,31,40,40,71,65476,0,300,0,0,8,21553,0.0,-107605600.0,0.0,0.0,0.0,0.0,0.0,0.0,0.0,0.0,0.0,0.0,0.0,0.0,0.0,0.0,0.0,0.0,0.0,0.0,0.0,0.0,-2.004,0.0,-0.0,-2.004,0.0,0.0,0.0,0.0,4490.0,-8608165888.0,6938.0,0.0,0.0,-107615168.0,2.718429120148166e+23,0.0,0.0,0.0,0.0,69,-0.0,89220.406,0.0,0.0,0.0,0.0,0.0,0.0,0.0,0,0,0,0.0,0.0,0.0,0.0,0.0,0.0,0.0,0.0,0.0,0.0,0.0,0.0,0.0,0.0,0.0,0.0,0,-107875648.0,69,0.0,138,0.0,2.6474720257151824e+23,0,39322,17085,52429,17099,52429,17079,0,0,0,70,68,100,2.7302399002429377e+23,82.4,-107615448.0,77.9,-107615464.0,78.5,1,49,50,180,26215,26215,0,0,0.0,0.0,0.0,0.0,-0.0,67.0,0.0,162057.094,0.0,972,0,997,0,0,0,948,0,1019,0,919,0,789,0,779,0,822,0,7520,0.032,4.121694378969478e+19,0.0,0.0,784,16797,-0.0,162057.094,-114818.039,-0.0,0.133,6.909358625270745e+28,30.0,70.0,35,0.0,0.0,0.0,0.0,0.0,0.0,0.0,0.0,0.0,0.0,0.0,0.0,0.0,0.0,0.0,0.0,66.4,0,150,71,51,65476,0,300,0,0,8,20529,65476,0,0,44564,70.0,0.0,0.0,0.0,0.0,0.0
2026-09-10T21:41:53,ERR,ERR,ERR,ERR,ERR,ERR,ERR,ERR,ERR,ERR,ERR,ERR,ERR,ERR,ERR,ERR,ERR,ERR,ERR,ERR,ERR,ERR,ERR,ERR,ERR,ERR,ERR,ERR,ERR,ERR,ERR,ERR,ERR,ERR,ERR,ERR,ERR,ERR,ERR,ERR,ERR,ERR,ERR,ERR,ERR,ERR,ERR,ERR,ERR,ERR,ERR,ERR,ERR,ERR,ERR,ERR,ERR,ERR,ERR,ERR,ERR,ERR,ERR,ERR,ERR,ERR,ERR,ERR,ERR,ERR,ERR,ERR,ERR,ERR,ERR,ERR,ERR,ERR,ERR,ERR,ERR,ERR,ERR,ERR,ERR,ERR,ERR,ERR,ERR,ERR,ERR,ERR,ERR,ERR,ERR,ERR,ERR,ERR,ERR,ERR,ERR,ERR,ERR,ERR,ERR,ERR,ERR,ERR,ERR,ERR,ERR,ERR,ERR,ERR,ERR,ERR,ERR,ERR,ERR,ERR,ERR,ERR,ERR,ERR,ERR,0.0,0.0,0.0,0.0,0.0,1.3936040501711995e+18,7.805,0.0,0,0,4,0,7116,0.0,100,0.0,0.0,0.0,0.0,0.0,0,0,0,0,0.0,0,0,0,0,0,0,0,0,0,0,0,0,0,0,0,0,0,0,0,0,0,0,0,0,0,0,0,0,0,0,0,0,0,31,40,40,71,65476,0,300,0,0,8,21553,0.0,-107605600.0,0.0,0.0,0.0,0.0,0.0,0.0,0.0,0.0,0.0,0.0,0.0,0.0,0.0,0.0,0.0,0.0,0.0,0.0,0.0,0.0,-2.004,0.0,-0.0,-2.004,0.0,0.0,0.0,0.0,4490.0,-8608165888.0,6938.0,0.0,0.0,-107615168.0,2.718429120148166e+23,0.0,0.0,0.0,0.0,69,-0.0,89220.406,0.0,0.0,0.0,0.0,0.0,0.0,0.0,0,0,0,0.0,0.0,0.0,0.0,0.0,0.0,0.0,0.0,0.0,0.0,0.0,0.0,0.0,0.0,0.0,0.0,0,-107875648.0,69,0.0,138,0.0,2.6474720257151824e+23,0,39322,17085,52429,17099,52429,17079,0,0,0,70,68,100,2.7302399002429377e+23,82.4,-107615448.0,77.9,-107615464.0,78.5,1,49,50,180,26215,26215,0,0,0.0,0.0,0.0,0.0,-0.0,67.0,0.0,162057.094,0.0,972,0,997,0,0,0,948,0,1019,0,919,0,789,0,779,0,822,0,7520,0.032,4.121694378969478e+19,0.0,0.0,784,16797,-0.0,162057.094,-114818.039,-0.0,0.133,6.909358625270745e+28,30.0,70.0,35,0.0,0.0,0.0,0.0,0.0,0.0,0.0,0.0,0.0,0.0,0.0,0.0,0.0,0.0,0.0,0.0,66.4,0,150,71,51,65476,0,300,0,0,8,20529,65476,0,0,44564,70.0,0.0,0.0,0.0,0.0,0.0
2026-09-10T21:41:54,ERR,ERR,ERR,ERR,ERR,ERR,ERR,ERR,ERR,ERR,ERR,ERR,ERR,ERR,ERR,ERR,ERR,ERR,ERR,ERR,ERR,ERR,ERR,ERR,ERR,ERR,ERR,ERR,ERR,ERR,ERR,ERR,ERR,ERR,ERR,ERR,ERR,ERR,ERR,ERR,ERR,ERR,ERR,ERR,ERR,ERR,ERR,ERR,ERR,ERR,ERR,ERR,ERR,ERR,ERR,ERR,ERR,ERR,ERR,ERR,ERR,ERR,ERR,ERR,ERR,ERR,ERR,ERR,ERR,ERR,ERR,ERR,ERR,ERR,ERR,ERR,ERR,ERR,ERR,ERR,ERR,ERR,ERR,ERR,ERR,ERR,ERR,ERR,ERR,ERR,ERR,ERR,ERR,ERR,ERR,ERR,ERR,ERR,ERR,ERR,ERR,ERR,ERR,ERR,ERR,ERR,ERR,ERR,ERR,ERR,ERR,ERR,ERR,ERR,ERR,ERR,ERR,ERR,ERR,ERR,ERR,ERR,ERR,ERR,ERR,0.0,0.0,0.0,0.0,0.0,1.3936040501711995e+18,7.805,0.0,0,0,4,0,7116,0.0,100,0.0,0.0,0.0,0.0,0.0,0,0,0,0,0.0,0,0,0,0,0,0,0,0,0,0,0,0,0,0,0,0,0,0,0,0,0,0,0,0,0,0,0,0,0,0,0,0,0,31,40,40,71,65476,0,300,0,0,8,21553,0.0,-107605600.0,0.0,0.0,0.0,0.0,0.0,0.0,0.0,0.0,0.0,0.0,0.0,0.0,0.0,0.0,0.0,0.0,0.0,0.0,0.0,0.0,-2.004,0.0,-0.0,-2.004,0.0,0.0,0.0,0.0,4490.0,-8608165888.0,6938.0,0.0,0.0,-107615168.0,2.718429120148166e+23,0.0,0.0,0.0,0.0,69,-0.0,89220.406,0.0,0.0,0.0,0.0,0.0,0.0,0.0,0,0,0,0.0,0.0,0.0,0.0,0.0,0.0,0.0,0.0,0.0,0.0,0.0,0.0,0.0,0.0,0.0,0.0,0,-107875648.0,69,0.0,138,0.0,2.6474720257151824e+23,0,39322,17085,52429,17099,52429,17079,0,0,0,70,68,100,2.7302399002429377e+23,82.4,-107615448.0,77.9,-107615464.0,78.5,1,49,50,180,26215,26215,0,0,0.0,0.0,0.0,0.0,-0.0,67.0,0.0,162057.094,0.0,972,0,997,0,0,0,948,0,1019,0,919,0,789,0,779,0,822,0,7520,0.032,4.121694378969478e+19,0.0,0.0,784,16797,-0.0,162057.094,-114818.039,-0.0,0.133,6.909358625270745e+28,30.0,70.0,35,0.0,0.0,0.0,0.0,0.0,0.0,0.0,0.0,0.0,0.0,0.0,0.0,0.0,0.0,0.0,0.0,66.4,0,150,71,51,65476,0,300,0,0,8,20529,65476,0,0,44564,70.0,0.0,0.0,0.0,0.0,0.0
2026-09-10T21:41:55,ERR,ERR,ERR,ERR,ERR,ERR,ERR,ERR,ERR,ERR,ERR,ERR,ERR,ERR,ERR,ERR,ERR,ERR,ERR,ERR,ERR,ERR,ERR,ERR,ERR,ERR,ERR,ERR,ERR,ERR,ERR,ERR,ERR,ERR,ERR,ERR,ERR,ERR,ERR,ERR,ERR,ERR,ERR,ERR,ERR,ERR,ERR,ERR,ERR,ERR,ERR,ERR,ERR,ERR,ERR,ERR,ERR,ERR,ERR,ERR,ERR,ERR,ERR,ERR,ERR,ERR,ERR,ERR,ERR,ERR,ERR,ERR,ERR,ERR,ERR,ERR,ERR,ERR,ERR,ERR,ERR,ERR,ERR,ERR,ERR,ERR,ERR,ERR,ERR,ERR,ERR,ERR,ERR,ERR,ERR,ERR,ERR,ERR,ERR,ERR,ERR,ERR,ERR,ERR,ERR,ERR,ERR,ERR,ERR,ERR,ERR,ERR,ERR,ERR,ERR,ERR,ERR,ERR,ERR,ERR,ERR,ERR,ERR,ERR,ERR,0.0,0.0,0.0,0.0,0.0,1.3936040501711995e+18,7.805,0.0,0,0,4,0,7116,0.0,100,0.0,0.0,0.0,0.0,0.0,0,0,0,0,0.0,0,0,0,0,0,0,0,0,0,0,0,0,0,0,0,0,0,0,0,0,0,0,0,0,0,0,0,0,0,0,0,0,0,31,40,40,71,65476,0,300,0,0,8,21553,0.0,-107605600.0,0.0,0.0,0.0,0.0,0.0,0.0,0.0,0.0,0.0,0.0,0.0,0.0,0.0,0.0,0.0,0.0,0.0,0.0,0.0,0.0,-2.004,0.0,-0.0,-2.004,0.0,0.0,0.0,0.0,4490.0,-8608165888.0,6938.0,0.0,0.0,-107615168.0,2.718429120148166e+23,0.0,0.0,0.0,0.0,69,-0.0,89220.406,0.0,0.0,0.0,0.0,0.0,0.0,0.0,0,0,0,0.0,0.0,0.0,0.0,0.0,0.0,0.0,0.0,0.0,0.0,0.0,0.0,0.0,0.0,0.0,0.0,0,-107875648.0,69,0.0,138,0.0,2.6474720257151824e+23,0,39322,17085,52429,17099,52429,17079,0,0,0,70,68,100,2.7302399002429377e+23,82.4,-107615448.0,77.9,-107615464.0,78.5,1,49,50,180,26215,26215,0,0,0.0,0.0,0.0,0.0,-0.0,67.0,0.0,162057.094,0.0,972,0,997,0,0,0,948,0,1019,0,919,0,789,0,779,0,822,0,7520,0.032,4.121694378969478e+19,0.0,0.0,784,16797,-0.0,162057.094,-114818.039,-0.0,0.133,6.909358625270745e+28,30.0,70.0,35,0.0,0.0,0.0,0.0,0.0,0.0,0.0,0.0,0.0,0.0,0.0,0.0,0.0,0.0,0.0,0.0,66.4,0,150,71,51,65476,0,300,0,0,8,20529,65476,0,0,44564,70.0,0.0,0.0,0.0,0.0,0.0
2026-09-10T21:41:56,ERR,ERR,ERR,ERR,ERR,ERR,ERR,ERR,ERR,ERR,ERR,ERR,ERR,ERR,ERR,ERR,ERR,ERR,ERR,ERR,ERR,ERR,ERR,ERR,ERR,ERR,ERR,ERR,ERR,ERR,ERR,ERR,ERR,ERR,ERR,ERR,ERR,ERR,ERR,ERR,ERR,ERR,ERR,ERR,ERR,ERR,ERR,ERR,ERR,ERR,ERR,ERR,ERR,ERR,ERR,ERR,ERR,ERR,ERR,ERR,ERR,ERR,ERR,ERR,ERR,ERR,ERR,ERR,ERR,ERR,ERR,ERR,ERR,ERR,ERR,ERR,ERR,ERR,ERR,ERR,ERR,ERR,ERR,ERR,ERR,ERR,ERR,ERR,ERR,ERR,ERR,ERR,ERR,ERR,ERR,ERR,ERR,ERR,ERR,ERR,ERR,ERR,ERR,ERR,ERR,ERR,ERR,ERR,ERR,ERR,ERR,ERR,ERR,ERR,ERR,ERR,ERR,ERR,ERR,ERR,ERR,ERR,ERR,ERR,ERR,0.0,0.0,0.0,0.0,0.0,1.3936040501711995e+18,7.805,0.0,0,0,4,0,7116,0.0,100,0.0,0.0,0.0,0.0,0.0,0,0,0,0,0.0,0,0,0,0,0,0,0,0,0,0,0,0,0,0,0,0,0,0,0,0,0,0,0,0,0,0,0,0,0,0,0,0,0,31,40,40,71,65476,0,300,0,0,8,21553,0.0,-107605600.0,0.0,0.0,0.0,0.0,0.0,0.0,0.0,0.0,0.0,0.0,0.0,0.0,0.0,0.0,0.0,0.0,0.0,0.0,0.0,0.0,-2.004,0.0,-0.0,-2.004,0.0,0.0,0.0,0.0,4490.0,-8608165888.0,6938.0,0.0,0.0,-107615168.0,2.718429120148166e+23,0.0,0.0,0.0,0.0,69,-0.0,89220.406,0.0,0.0,0.0,0.0,0.0,0.0,0.0,0,0,0,0.0,0.0,0.0,0.0,0.0,0.0,0.0,0.0,0.0,0.0,0.0,0.0,0.0,0.0,0.0,0.0,0,-107875648.0,69,0.0,138,0.0,2.6474720257151824e+23,0,39322,17085,52429,17099,52429,17079,0,0,0,70,68,100,2.7302399002429377e+23,82.4,-107615448.0,77.9,-107615464.0,78.5,1,49,50,180,26215,26215,0,0,0.0,0.0,0.0,0.0,-0.0,67.0,0.0,162057.094,0.0,972,0,997,0,0,0,948,0,1019,0,919,0,789,0,779,0,822,0,7520,0.032,4.121694378969478e+19,0.0,0.0,784,16797,-0.0,162057.094,-114818.039,-0.0,0.133,6.909358625270745e+28,30.0,70.0,35,0.0,0.0,0.0,0.0,0.0,0.0,0.0,0.0,0.0,0.0,0.0,0.0,0.0,0.0,0.0,0.0,66.4,0,150,71,51,65476,0,300,0,0,8,20529,65476,0,0,44564,70.0,0.0,0.0,0.0,0.0,0.0
2026-09-10T21:41:57,ERR,ERR,ERR,ERR,ERR,ERR,ERR,ERR,ERR,ERR,ERR,ERR,ERR,ERR,ERR,ERR,ERR,ERR,ERR,ERR,ERR,ERR,ERR,ERR,ERR,ERR,ERR,ERR,ERR,ERR,ERR,ERR,ERR,ERR,ERR,ERR,ERR,ERR,ERR,ERR,ERR,ERR,ERR,ERR,ERR,ERR,ERR,ERR,ERR,ERR,ERR,ERR,ERR,ERR,ERR,ERR,ERR,ERR,ERR,ERR,ERR,ERR,ERR,ERR,ERR,ERR,ERR,ERR,ERR,ERR,ERR,ERR,ERR,ERR,ERR,ERR,ERR,ERR,ERR,ERR,ERR,ERR,ERR,ERR,ERR,ERR,ERR,ERR,ERR,ERR,ERR,ERR,ERR,ERR,ERR,ERR,ERR,ERR,ERR,ERR,ERR,ERR,ERR,ERR,ERR,ERR,ERR,ERR,ERR,ERR,ERR,ERR,ERR,ERR,ERR,ERR,ERR,ERR,ERR,ERR,ERR,ERR,ERR,ERR,ERR,0.0,0.0,0.0,0.0,0.0,1.3936040501711995e+18,7.805,0.0,0,0,4,0,7116,0.0,100,0.0,0.0,0.0,0.0,0.0,0,0,0,0,0.0,0,0,0,0,0,0,0,0,0,0,0,0,0,0,0,0,0,0,0,0,0,0,0,0,0,0,0,0,0,0,0,0,0,31,40,40,71,65476,0,300,0,0,8,21553,0.0,-107605600.0,0.0,0.0,0.0,0.0,0.0,0.0,0.0,0.0,0.0,0.0,0.0,0.0,0.0,0.0,0.0,0.0,0.0,0.0,0.0,0.0,-2.004,0.0,-0.0,-2.004,0.0,0.0,0.0,0.0,4490.0,-8608165888.0,6938.0,0.0,0.0,-107615168.0,2.718429120148166e+23,0.0,0.0,0.0,0.0,69,-0.0,89220.406,0.0,0.0,0.0,0.0,0.0,0.0,0.0,0,0,0,0.0,0.0,0.0,0.0,0.0,0.0,0.0,0.0,0.0,0.0,0.0,0.0,0.0,0.0,0.0,0.0,0,-107875648.0,69,0.0,138,0.0,2.6474720257151824e+23,0,39322,17085,52429,17099,52429,17079,0,0,0,70,68,100,2.7302399002429377e+23,82.4,-107615448.0,77.9,-107615464.0,78.5,1,49,50,180,26215,26215,0,0,0.0,0.0,0.0,0.0,-0.0,67.0,0.0,162057.094,0.0,972,0,997,0,0,0,948,0,1019,0,919,0,789,0,779,0,822,0,7520,0.032,4.121694378969478e+19,0.0,0.0,784,16797,-0.0,162057.094,-114818.039,-0.0,0.133,6.909358625270745e+28,30.0,70.0,35,0.0,0.0,0.0,0.0,0.0,0.0,0.0,0.0,0.0,0.0,0.0,0.0,0.0,0.0,0.0,0.0,66.4,0,150,71,51,65476,0,300,0,0,8,20529,65476,0,0,44564,70.0,0.0,0.0,0.0,0.0,0.0
2026-09-10T21:41:58,ERR,ERR,ERR,ERR,ERR,ERR,ERR,ERR,ERR,ERR,ERR,ERR,ERR,ERR,ERR,ERR,ERR,ERR,ERR,ERR,ERR,ERR,ERR,ERR,ERR,ERR,ERR,ERR,ERR,ERR,ERR,ERR,ERR,ERR,ERR,ERR,ERR,ERR,ERR,ERR,ERR,ERR,ERR,ERR,ERR,ERR,ERR,ERR,ERR,ERR,ERR,ERR,ERR,ERR,ERR,ERR,ERR,ERR,ERR,ERR,ERR,ERR,ERR,ERR,ERR,ERR,ERR,ERR,ERR,ERR,ERR,ERR,ERR,ERR,ERR,ERR,ERR,ERR,ERR,ERR,ERR,ERR,ERR,ERR,ERR,ERR,ERR,ERR,ERR,ERR,ERR,ERR,ERR,ERR,ERR,ERR,ERR,ERR,ERR,ERR,ERR,ERR,ERR,ERR,ERR,ERR,ERR,ERR,ERR,ERR,ERR,ERR,ERR,ERR,ERR,ERR,ERR,ERR,ERR,ERR,ERR,ERR,ERR,ERR,ERR,0.0,0.0,0.0,0.0,0.0,1.3936040501711995e+18,7.805,0.0,0,0,4,0,7116,0.0,100,0.0,0.0,0.0,0.0,0.0,0,0,0,0,0.0,0,0,0,0,0,0,0,0,0,0,0,0,0,0,0,0,0,0,0,0,0,0,0,0,0,0,0,0,0,0,0,0,0,31,40,40,71,65476,0,300,0,0,8,21553,0.0,-107605600.0,0.0,0.0,0.0,0.0,0.0,0.0,0.0,0.0,0.0,0.0,0.0,0.0,0.0,0.0,0.0,0.0,0.0,0.0,0.0,0.0,-2.004,0.0,-0.0,-2.004,0.0,0.0,0.0,0.0,4492.0,-564144759635968.0,6940.0,0.0,0.0,-107615168.0,2.718429120148166e+23,0.0,0.0,0.0,0.0,69,-0.059,126840373248.0,0.0,0.0,0.0,0.0,0.0,0.0,0.0,0,0,0,0.0,0.0,0.0,0.0,0.0,0.0,0.0,0.0,0.0,0.0,0.0,0.0,0.0,0.0,0.0,0.0,0,-107875648.0,69,0.0,138,0.0,2.6474720257151824e+23,0,39322,17085,52429,17099,52429,17079,0,0,0,70,68,100,2.7302399002429377e+23,82.4,-107615448.0,77.9,-107615464.0,78.5,1,49,50,180,26215,26215,0,0,0.0,0.0,0.0,0.0,-0.0,67.0,0.0,162057.094,0.0,972,0,997,0,0,0,948,0,1019,0,919,0,789,0,779,0,822,0,7520,0.032,4.121694378969478e+19,0.0,0.0,784,16797,-0.0,162057.094,-114818.039,-0.0,0.133,6.909358625270745e+28,30.0,70.0,35,0.0,0.0,0.0,0.0,0.0,0.0,0.0,0.0,0.0,0.0,0.0,0.0,0.0,0.0,0.0,0.0,66.4,0,150,71,51,65476,0,300,0,0,8,20529,65476,0,0,44564,70.0,0.0,0.0,0.0,0.0,0.0
2026-09-10T21:41:59,ERR,ERR,ERR,ERR,ERR,ERR,ERR,ERR,ERR,ERR,ERR,ERR,ERR,ERR,ERR,ERR,ERR,ERR,ERR,ERR,ERR,ERR,ERR,ERR,ERR,ERR,ERR,ERR,ERR,ERR,ERR,ERR,ERR,ERR,ERR,ERR,ERR,ERR,ERR,ERR,ERR,ERR,ERR,ERR,ERR,ERR,ERR,ERR,ERR,ERR,ERR,ERR,ERR,ERR,ERR,ERR,ERR,ERR,ERR,ERR,ERR,ERR,ERR,ERR,ERR,ERR,ERR,ERR,ERR,ERR,ERR,ERR,ERR,ERR,ERR,ERR,ERR,ERR,ERR,ERR,ERR,ERR,ERR,ERR,ERR,ERR,ERR,ERR,ERR,ERR,ERR,ERR,ERR,ERR,ERR,ERR,ERR,ERR,ERR,ERR,ERR,ERR,ERR,ERR,ERR,ERR,ERR,ERR,ERR,ERR,ERR,ERR,ERR,ERR,ERR,ERR,ERR,ERR,ERR,ERR,ERR,ERR,ERR,ERR,ERR,0.0,0.0,0.0,0.0,0.0,1.3936040501711995e+18,7.805,0.0,0,0,4,0,7116,0.0,100,0.0,0.0,0.0,0.0,0.0,0,0,0,0,0.0,0,0,0,0,0,0,0,0,0,0,0,0,0,0,0,0,0,0,0,0,0,0,0,0,0,0,0,0,0,0,0,0,0,31,40,40,71,65476,0,300,0,0,8,21553,0.0,-107605600.0,0.0,0.0,0.0,0.0,0.0,0.0,0.0,0.0,0.0,0.0,0.0,0.0,0.0,0.0,0.0,0.0,0.0,0.0,0.0,0.0,-2.004,0.0,-0.0,-2.004,0.0,0.0,0.0,0.0,4492.0,-564144759635968.0,6940.0,0.0,0.0,-107615168.0,2.718429120148166e+23,0.0,0.0,0.0,0.0,69,-0.059,126840373248.0,0.0,0.0,0.0,0.0,0.0,0.0,0.0,0,0,0,0.0,0.0,0.0,0.0,0.0,0.0,0.0,0.0,0.0,0.0,0.0,0.0,0.0,0.0,0.0,0.0,0,-107875648.0,69,0.0,138,0.0,2.6474720257151824e+23,0,39322,17085,52429,17099,52429,17079,0,0,0,70,68,100,2.7302399002429377e+23,82.4,-107615448.0,77.9,-107615464.0,78.5,1,49,50,180,26215,26215,0,0,0.0,0.0,0.0,0.0,-0.0,67.0,0.0,162057.094,0.0,972,0,997,0,0,0,948,0,1019,0,919,0,789,0,779,0,822,0,7520,0.032,4.121694378969478e+19,0.0,0.0,784,16797,-0.0,162057.094,-114818.039,-0.0,0.133,6.909358625270745e+28,30.0,70.0,35,0.0,0.0,0.0,0.0,0.0,0.0,0.0,0.0,0.0,0.0,0.0,0.0,0.0,0.0,0.0,0.0,66.8,0,150,71,51,65476,0,300,0,0,8,20529,65476,0,0,44564,70.0,0.0,0.0,0.0,0.0,0.0
2026-09-10T21:42:00,ERR,ERR,ERR,ERR,ERR,ERR,ERR,ERR,ERR,ERR,ERR,ERR,ERR,ERR,ERR,ERR,ERR,ERR,ERR,ERR,ERR,ERR,ERR,ERR,ERR,ERR,ERR,ERR,ERR,ERR,ERR,ERR,ERR,ERR,ERR,ERR,ERR,ERR,ERR,ERR,ERR,ERR,ERR,ERR,ERR,ERR,ERR,ERR,ERR,ERR,ERR,ERR,ERR,ERR,ERR,ERR,ERR,ERR,ERR,ERR,ERR,ERR,ERR,ERR,ERR,ERR,ERR,ERR,ERR,ERR,ERR,ERR,ERR,ERR,ERR,ERR,ERR,ERR,ERR,ERR,ERR,ERR,ERR,ERR,ERR,ERR,ERR,ERR,ERR,ERR,ERR,ERR,ERR,ERR,ERR,ERR,ERR,ERR,ERR,ERR,ERR,ERR,ERR,ERR,ERR,ERR,ERR,ERR,ERR,ERR,ERR,ERR,ERR,ERR,ERR,ERR,ERR,ERR,ERR,ERR,ERR,ERR,ERR,ERR,ERR,0.0,0.0,0.0,0.0,0.0,1.3936040501711995e+18,7.805,0.0,0,0,4,0,7116,0.0,100,0.0,0.0,0.0,0.0,0.0,0,0,0,0,0.0,0,0,0,0,0,0,0,0,0,0,0,0,0,0,0,0,0,0,0,0,0,0,0,0,0,0,0,0,0,0,0,0,0,31,40,40,71,65476,0,300,0,0,8,21553,0.0,-107605600.0,0.0,0.0,0.0,0.0,0.0,0.0,0.0,0.0,0.0,0.0,0.0,0.0,0.0,0.0,0.0,0.0,0.0,0.0,0.0,0.0,-2.004,0.0,-0.0,-2.004,0.0,0.0,0.0,0.0,4492.0,-564144759635968.0,6940.0,0.0,0.0,-107615168.0,2.718429120148166e+23,0.0,0.0,0.0,0.0,69,-0.059,126840373248.0,0.0,0.0,0.0,0.0,0.0,0.0,0.0,0,0,0,0.0,0.0,0.0,0.0,0.0,0.0,0.0,0.0,0.0,0.0,0.0,0.0,0.0,0.0,0.0,0.0,0,-107875648.0,69,0.0,138,0.0,2.6474720257151824e+23,0,39322,17085,52429,17099,52429,17079,0,0,0,70,68,100,2.7302399002429377e+23,82.4,-107615448.0,77.9,-107615464.0,78.5,1,49,50,180,26215,26215,0,0,0.0,0.0,0.0,0.0,-0.0,67.0,0.0,162057.094,0.0,972,0,997,0,0,0,948,0,1019,0,919,0,789,0,779,0,822,0,7520,0.032,4.121694378969478e+19,0.0,0.0,784,16797,-0.0,162057.094,-114818.039,-0.0,0.133,6.909358625270745e+28,30.0,70.0,35,0.0,0.0,0.0,0.0,0.0,0.0,0.0,0.0,0.0,0.0,0.0,0.0,0.0,0.0,0.0,0.0,66.8,0,150,71,51,65476,0,300,0,0,8,20529,65476,0,0,44564,70.0,0.0,0.0,0.0,0.0,0.0
2026-09-10T21:42:01,ERR,ERR,ERR,ERR,ERR,ERR,ERR,ERR,ERR,ERR,ERR,ERR,ERR,ERR,ERR,ERR,ERR,ERR,ERR,ERR,ERR,ERR,ERR,ERR,ERR,ERR,ERR,ERR,ERR,ERR,ERR,ERR,ERR,ERR,ERR,ERR,ERR,ERR,ERR,ERR,ERR,ERR,ERR,ERR,ERR,ERR,ERR,ERR,ERR,ERR,ERR,ERR,ERR,ERR,ERR,ERR,ERR,ERR,ERR,ERR,ERR,ERR,ERR,ERR,ERR,ERR,ERR,ERR,ERR,ERR,ERR,ERR,ERR,ERR,ERR,ERR,ERR,ERR,ERR,ERR,ERR,ERR,ERR,ERR,ERR,ERR,ERR,ERR,ERR,ERR,ERR,ERR,ERR,ERR,ERR,ERR,ERR,ERR,ERR,ERR,ERR,ERR,ERR,ERR,ERR,ERR,ERR,ERR,ERR,ERR,ERR,ERR,ERR,ERR,ERR,ERR,ERR,ERR,ERR,ERR,ERR,ERR,ERR,ERR,ERR,0.0,0.0,0.0,0.0,0.0,1.3936040501711995e+18,7.805,0.0,0,0,4,0,7116,0.0,100,0.0,0.0,0.0,0.0,0.0,0,0,0,0,0.0,0,0,0,0,0,0,0,0,0,0,0,0,0,0,0,0,0,0,0,0,0,0,0,0,0,0,0,0,0,0,0,0,0,31,40,40,71,65476,0,300,0,0,8,21553,0.0,-107605600.0,0.0,0.0,0.0,0.0,0.0,0.0,0.0,0.0,0.0,0.0,0.0,0.0,0.0,0.0,0.0,0.0,0.0,0.0,0.0,0.0,-2.004,0.0,-0.0,-2.004,0.0,0.0,0.0,0.0,4492.0,-564144759635968.0,6940.0,0.0,0.0,-107615168.0,2.718429120148166e+23,0.0,0.0,0.0,0.0,69,-0.059,126840373248.0,0.0,0.0,0.0,0.0,0.0,0.0,0.0,0,0,0,0.0,0.0,0.0,0.0,0.0,0.0,0.0,0.0,0.0,0.0,0.0,0.0,0.0,0.0,0.0,0.0,0,-107875648.0,69,0.0,138,0.0,2.6474720257151824e+23,0,39322,17085,52429,17099,52429,17079,0,0,0,70,68,100,2.7302399002429377e+23,82.4,-107615448.0,77.9,-107615464.0,78.5,1,49,50,180,26215,26215,0,0,0.0,0.0,0.0,0.0,-0.0,67.0,0.0,162057.094,0.0,972,0,997,0,0,0,948,0,1019,0,919,0,789,0,779,0,822,0,7520,0.032,4.121694378969478e+19,0.0,0.0,784,16797,-0.0,162057.094,-114818.039,-0.0,0.133,6.909358625270745e+28,30.0,70.0,35,0.0,0.0,0.0,0.0,0.0,0.0,0.0,0.0,0.0,0.0,0.0,0.0,0.0,0.0,0.0,0.0,66.8,0,150,71,51,65476,0,300,0,0,8,20529,65476,0,0,44564,70.0,0.0,0.0,0.0,0.0,0.0
2026-09-10T21:42:02,ERR,ERR,ERR,ERR,ERR,ERR,ERR,ERR,ERR,ERR,ERR,ERR,ERR,ERR,ERR,ERR,ERR,ERR,ERR,ERR,ERR,ERR,ERR,ERR,ERR,ERR,ERR,ERR,ERR,ERR,ERR,ERR,ERR,ERR,ERR,ERR,ERR,ERR,ERR,ERR,ERR,ERR,ERR,ERR,ERR,ERR,ERR,ERR,ERR,ERR,ERR,ERR,ERR,ERR,ERR,ERR,ERR,ERR,ERR,ERR,ERR,ERR,ERR,ERR,ERR,ERR,ERR,ERR,ERR,ERR,ERR,ERR,ERR,ERR,ERR,ERR,ERR,ERR,ERR,ERR,ERR,ERR,ERR,ERR,ERR,ERR,ERR,ERR,ERR,ERR,ERR,ERR,ERR,ERR,ERR,ERR,ERR,ERR,ERR,ERR,ERR,ERR,ERR,ERR,ERR,ERR,ERR,ERR,ERR,ERR,ERR,ERR,ERR,ERR,ERR,ERR,ERR,ERR,ERR,ERR,ERR,ERR,ERR,ERR,ERR,0.0,0.0,0.0,0.0,0.0,1.3936040501711995e+18,7.805,0.0,0,0,4,0,7116,0.0,100,0.0,0.0,0.0,0.0,0.0,0,0,0,0,0.0,0,0,0,0,0,0,0,0,0,0,0,0,0,0,0,0,0,0,0,0,0,0,0,0,0,0,0,0,0,0,0,0,0,31,40,40,71,65476,0,300,0,0,8,21553,0.0,-107605600.0,0.0,0.0,0.0,0.0,0.0,0.0,0.0,0.0,0.0,0.0,0.0,0.0,0.0,0.0,0.0,0.0,0.0,0.0,0.0,0.0,-2.004,0.0,-0.0,-2.004,0.0,0.0,0.0,0.0,4492.0,-564144759635968.0,6940.0,0.0,0.0,-107615168.0,2.718429120148166e+23,0.0,0.0,0.0,0.0,69,-0.059,126840373248.0,0.0,0.0,0.0,0.0,0.0,0.0,0.0,0,0,0,0.0,0.0,0.0,0.0,0.0,0.0,0.0,0.0,0.0,0.0,0.0,0.0,0.0,0.0,0.0,0.0,0,-107875648.0,69,0.0,138,0.0,2.6474720257151824e+23,0,39322,17085,52429,17099,52429,17079,0,0,0,70,68,100,2.7302399002429377e+23,82.4,-107615448.0,77.9,-107615464.0,78.5,1,49,50,180,26215,26215,0,0,0.0,0.0,0.0,0.0,-0.0,67.0,0.0,162057.094,0.0,972,0,997,0,0,0,948,0,1019,0,919,0,789,0,779,0,822,0,7520,0.032,4.121694378969478e+19,0.0,0.0,784,16797,-0.0,162057.094,-114818.039,-0.0,0.133,6.909358625270745e+28,30.0,70.0,35,0.0,0.0,0.0,0.0,0.0,0.0,0.0,0.0,0.0,0.0,0.0,0.0,0.0,0.0,0.0,0.0,66.4,0,150,71,51,65476,0,300,0,0,8,20529,65476,0,0,44564,70.0,0.0,0.0,0.0,0.0,0.0
2026-09-10T21:42:03,ERR,ERR,ERR,ERR,ERR,ERR,ERR,ERR,ERR,ERR,ERR,ERR,ERR,ERR,ERR,ERR,ERR,ERR,ERR,ERR,ERR,ERR,ERR,ERR,ERR,ERR,ERR,ERR,ERR,ERR,ERR,ERR,ERR,ERR,ERR,ERR,ERR,ERR,ERR,ERR,ERR,ERR,ERR,ERR,ERR,ERR,ERR,ERR,ERR,ERR,ERR,ERR,ERR,ERR,ERR,ERR,ERR,ERR,ERR,ERR,ERR,ERR,ERR,ERR,ERR,ERR,ERR,ERR,ERR,ERR,ERR,ERR,ERR,ERR,ERR,ERR,ERR,ERR,ERR,ERR,ERR,ERR,ERR,ERR,ERR,ERR,ERR,ERR,ERR,ERR,ERR,ERR,ERR,ERR,ERR,ERR,ERR,ERR,ERR,ERR,ERR,ERR,ERR,ERR,ERR,ERR,ERR,ERR,ERR,ERR,ERR,ERR,ERR,ERR,ERR,ERR,ERR,ERR,ERR,ERR,ERR,ERR,ERR,ERR,ERR,0.0,0.0,0.0,0.0,0.0,1.3936040501711995e+18,7.805,0.0,0,0,4,0,7116,0.0,100,0.0,0.0,0.0,0.0,0.0,0,0,0,0,0.0,0,0,0,0,0,0,0,0,0,0,0,0,0,0,0,0,0,0,0,0,0,0,0,0,0,0,0,0,0,0,0,0,0,31,40,40,71,65476,0,300,0,0,8,21553,0.0,-107605600.0,0.0,0.0,0.0,0.0,0.0,0.0,0.0,0.0,0.0,0.0,0.0,0.0,0.0,0.0,0.0,0.0,0.0,0.0,0.0,0.0,-2.004,0.0,-0.0,-2.004,0.0,0.0,0.0,0.0,4492.0,-564144759635968.0,6940.0,0.0,0.0,-107615168.0,2.718429120148166e+23,0.0,0.0,0.0,0.0,69,-0.059,126840373248.0,0.0,0.0,0.0,0.0,0.0,0.0,0.0,0,0,0,0.0,0.0,0.0,0.0,0.0,0.0,0.0,0.0,0.0,0.0,0.0,0.0,0.0,0.0,0.0,0.0,0,-107875648.0,69,0.0,138,0.0,2.6474720257151824e+23,0,39322,17085,52429,17099,52429,17079,0,0,0,70,68,100,2.7302399002429377e+23,82.4,-107615448.0,77.9,-107615464.0,78.5,1,49,50,180,26215,26215,0,0,0.0,0.0,0.0,0.0,-0.0,67.0,0.0,162057.094,0.0,972,0,997,0,0,0,948,0,1019,0,919,0,789,0,779,0,822,0,7520,0.032,4.150517416584649e+19,0.0,0.0,784,16797,-0.0,162057.094,-114818.039,-0.0,0.133,6.909358625270745e+28,30.0,70.0,35,0.0,0.0,0.0,0.0,0.0,0.0,0.0,0.0,0.0,0.0,0.0,0.0,0.0,0.0,0.0,0.0,66.4,0,150,71,51,65476,0,300,0,0,8,20529,65476,0,0,44564,70.0,0.0,0.0,0.0,0.0,0.0
2026-09-10T21:42:04,ERR,ERR,ERR,ERR,ERR,ERR,ERR,ERR,ERR,ERR,ERR,ERR,ERR,ERR,ERR,ERR,ERR,ERR,ERR,ERR,ERR,ERR,ERR,ERR,ERR,ERR,ERR,ERR,ERR,ERR,ERR,ERR,ERR,ERR,ERR,ERR,ERR,ERR,ERR,ERR,ERR,ERR,ERR,ERR,ERR,ERR,ERR,ERR,ERR,ERR,ERR,ERR,ERR,ERR,ERR,ERR,ERR,ERR,ERR,ERR,ERR,ERR,ERR,ERR,ERR,ERR,ERR,ERR,ERR,ERR,ERR,ERR,ERR,ERR,ERR,ERR,ERR,ERR,ERR,ERR,ERR,ERR,ERR,ERR,ERR,ERR,ERR,ERR,ERR,ERR,ERR,ERR,ERR,ERR,ERR,ERR,ERR,ERR,ERR,ERR,ERR,ERR,ERR,ERR,ERR,ERR,ERR,ERR,ERR,ERR,ERR,ERR,ERR,ERR,ERR,ERR,ERR,ERR,ERR,ERR,ERR,ERR,ERR,ERR,ERR,0.0,0.0,0.0,0.0,0.0,1.3936040501711995e+18,7.805,0.0,0,0,4,0,7116,0.0,100,0.0,0.0,0.0,0.0,0.0,0,0,0,0,0.0,0,0,0,0,0,0,0,0,0,0,0,0,0,0,0,0,0,0,0,0,0,0,0,0,0,0,0,0,0,0,0,0,0,31,40,40,71,65476,0,300,0,0,8,21553,0.0,-107605600.0,0.0,0.0,0.0,0.0,0.0,0.0,0.0,0.0,0.0,0.0,0.0,0.0,0.0,0.0,0.0,0.0,0.0,0.0,0.0,0.0,-2.004,0.0,-0.0,-2.004,0.0,0.0,0.0,0.0,4492.0,-564144759635968.0,6940.0,0.0,0.0,-107615168.0,2.718429120148166e+23,0.0,0.0,0.0,0.0,69,-0.059,126840373248.0,0.0,0.0,0.0,0.0,0.0,0.0,0.0,0,0,0,0.0,0.0,0.0,0.0,0.0,0.0,0.0,0.0,0.0,0.0,0.0,0.0,0.0,0.0,0.0,0.0,0,-107875648.0,69,0.0,138,0.0,2.6474720257151824e+23,0,39322,17085,52429,17099,52429,17079,0,0,0,70,68,100,2.7302399002429377e+23,82.4,-107615448.0,77.9,-107615464.0,78.5,1,49,50,180,26215,26215,0,0,0.0,0.0,0.0,0.0,-0.0,67.0,0.0,162057.094,0.0,972,0,997,0,0,0,948,0,1019,0,919,0,789,0,779,0,822,0,7520,0.032,4.150517416584649e+19,0.0,0.0,784,16797,-0.0,162057.094,-114818.039,-0.0,0.133,6.909358625270745e+28,30.0,70.0,35,0.0,0.0,0.0,0.0,0.0,0.0,0.0,0.0,0.0,0.0,0.0,0.0,0.0,0.0,0.0,0.0,66.4,0,150,71,51,65476,0,300,0,0,8,20529,65476,0,0,44564,70.0,0.0,0.0,0.0,0.0,0.0
2026-09-10T21:42:05,ERR,ERR,ERR,ERR,ERR,ERR,ERR,ERR,ERR,ERR,ERR,ERR,ERR,ERR,ERR,ERR,ERR,ERR,ERR,ERR,ERR,ERR,ERR,ERR,ERR,ERR,ERR,ERR,ERR,ERR,ERR,ERR,ERR,ERR,ERR,ERR,ERR,ERR,ERR,ERR,ERR,ERR,ERR,ERR,ERR,ERR,ERR,ERR,ERR,ERR,ERR,ERR,ERR,ERR,ERR,ERR,ERR,ERR,ERR,ERR,ERR,ERR,ERR,ERR,ERR,ERR,ERR,ERR,ERR,ERR,ERR,ERR,ERR,ERR,ERR,ERR,ERR,ERR,ERR,ERR,ERR,ERR,ERR,ERR,ERR,ERR,ERR,ERR,ERR,ERR,ERR,ERR,ERR,ERR,ERR,ERR,ERR,ERR,ERR,ERR,ERR,ERR,ERR,ERR,ERR,ERR,ERR,ERR,ERR,ERR,ERR,ERR,ERR,ERR,ERR,ERR,ERR,ERR,ERR,ERR,ERR,ERR,ERR,ERR,ERR,0.0,0.0,0.0,0.0,0.0,1.3936040501711995e+18,7.805,0.0,0,0,4,0,7116,0.0,100,0.0,0.0,0.0,0.0,0.0,0,0,0,0,0.0,0,0,0,0,0,0,0,0,0,0,0,0,0,0,0,0,0,0,0,0,0,0,0,0,0,0,0,0,0,0,0,0,0,31,40,40,71,65476,0,300,0,0,8,21553,0.0,-107605600.0,0.0,0.0,0.0,0.0,0.0,0.0,0.0,0.0,0.0,0.0,0.0,0.0,0.0,0.0,0.0,0.0,0.0,0.0,0.0,0.0,-2.004,0.0,-0.0,-2.004,0.0,0.0,0.0,0.0,4492.0,-564144759635968.0,6940.0,0.0,0.0,-107615168.0,2.718429120148166e+23,0.0,0.0,0.0,0.0,69,-0.059,126840373248.0,0.0,0.0,0.0,0.0,0.0,0.0,0.0,0,0,0,0.0,0.0,0.0,0.0,0.0,0.0,0.0,0.0,0.0,0.0,0.0,0.0,0.0,0.0,0.0,0.0,0,-107875648.0,69,0.0,138,0.0,2.6474720257151824e+23,0,39322,17085,52429,17099,52429,17079,0,0,0,70,68,100,2.7302399002429377e+23,82.4,-107615448.0,77.9,-107615464.0,78.5,1,49,50,180,26215,26215,0,0,0.0,0.0,0.0,0.0,-0.0,67.0,0.0,162057.094,0.0,972,0,997,0,0,0,948,0,1019,0,919,0,789,0,779,0,822,0,7520,0.032,4.150517416584649e+19,0.0,0.0,784,16797,-0.0,162057.094,-114818.039,-0.0,0.133,6.909358625270745e+28,30.0,70.0,35,0.0,0.0,0.0,0.0,0.0,0.0,0.0,0.0,0.0,0.0,0.0,0.0,0.0,0.0,0.0,0.0,66.4,0,150,71,51,65476,0,300,0,0,8,20529,65476,0,0,44564,70.0,0.0,0.0,0.0,0.0,0.0
2026-09-10T21:42:06,ERR,ERR,ERR,ERR,ERR,ERR,ERR,ERR,ERR,ERR,ERR,ERR,ERR,ERR,ERR,ERR,ERR,ERR,ERR,ERR,ERR,ERR,ERR,ERR,ERR,ERR,ERR,ERR,ERR,ERR,ERR,ERR,ERR,ERR,ERR,ERR,ERR,ERR,ERR,ERR,ERR,ERR,ERR,ERR,ERR,ERR,ERR,ERR,ERR,ERR,ERR,ERR,ERR,ERR,ERR,ERR,ERR,ERR,ERR,ERR,ERR,ERR,ERR,ERR,ERR,ERR,ERR,ERR,ERR,ERR,ERR,ERR,ERR,ERR,ERR,ERR,ERR,ERR,ERR,ERR,ERR,ERR,ERR,ERR,ERR,ERR,ERR,ERR,ERR,ERR,ERR,ERR,ERR,ERR,ERR,ERR,ERR,ERR,ERR,ERR,ERR,ERR,ERR,ERR,ERR,ERR,ERR,ERR,ERR,ERR,ERR,ERR,ERR,ERR,ERR,ERR,ERR,ERR,ERR,ERR,ERR,ERR,ERR,ERR,ERR,0.0,0.0,2.6474835549302285e+23,0.0,0.0,1.3936040501711995e+18,7.805,0.0,0,0,4,0,7116,0.0,100,0.0,0.0,0.0,0.0,0.0,0,0,0,0,0.0,0,0,0,0,0,0,0,0,0,0,0,0,0,0,0,0,0,0,0,0,0,0,0,0,0,0,0,0,0,0,0,0,0,31,40,40,71,65476,0,300,0,0,8,21553,0.0,-107605600.0,0.0,0.0,0.0,0.0,0.0,0.0,0.0,0.0,0.0,0.0,0.0,0.0,0.0,0.0,0.0,0.0,0.0,0.0,0.0,0.0,-2.004,0.0,-0.0,-2.004,0.0,0.0,0.0,0.0,4487.0,-2.4229832928462634e+24,6941.0,0.0,0.0,-107615168.0,2.718429120148166e+23,0.0,0.0,0.0,0.0,69,-0.059,1.905682486793339e+17,0.0,0.0,0.0,0.0,0.0,0.0,0.0,0,0,0,0.0,0.0,0.0,0.0,0.0,0.0,0.0,0.0,0.0,0.0,0.0,0.0,0.0,0.0,0.0,0.0,0,-107875648.0,69,0.0,138,0.0,2.6474720257151824e+23,0,39322,17085,52429,17099,52429,17079,0,0,0,70,68,100,2.7302399002429377e+23,82.4,-107615448.0,77.9,-107615464.0,78.5,1,49,50,180,26215,26215,0,0,0.0,0.0,0.0,0.0,-0.0,67.0,0.0,162057.094,0.0,972,0,997,0,0,0,948,0,1019,0,919,0,789,0,779,0,822,0,7520,0.032,4.150517416584649e+19,0.0,0.0,784,16797,-0.0,162057.094,-114818.039,-0.0,0.133,6.909358625270745e+28,30.0,70.0,35,0.0,0.0,0.0,0.0,0.0,0.0,0.0,0.0,0.0,0.0,0.0,0.0,0.0,0.0,0.0,0.0,66.4,0,150,71,51,65476,0,300,0,0,8,20529,65476,0,0,44564,70.0,0.0,0.0,0.0,0.0,0.0
2026-09-10T21:42:07,ERR,ERR,ERR,ERR,ERR,ERR,ERR,ERR,ERR,ERR,ERR,ERR,ERR,ERR,ERR,ERR,ERR,ERR,ERR,ERR,ERR,ERR,ERR,ERR,ERR,ERR,ERR,ERR,ERR,ERR,ERR,ERR,ERR,ERR,ERR,ERR,ERR,ERR,ERR,ERR,ERR,ERR,ERR,ERR,ERR,ERR,ERR,ERR,ERR,ERR,ERR,ERR,ERR,ERR,ERR,ERR,ERR,ERR,ERR,ERR,ERR,ERR,ERR,ERR,ERR,ERR,ERR,ERR,ERR,ERR,ERR,ERR,ERR,ERR,ERR,ERR,ERR,ERR,ERR,ERR,ERR,ERR,ERR,ERR,ERR,ERR,ERR,ERR,ERR,ERR,ERR,ERR,ERR,ERR,ERR,ERR,ERR,ERR,ERR,ERR,ERR,ERR,ERR,ERR,ERR,ERR,ERR,ERR,ERR,ERR,ERR,ERR,ERR,ERR,ERR,ERR,ERR,ERR,ERR,ERR,ERR,ERR,ERR,ERR,ERR,0.0,0.0,2.6474835549302285e+23,0.0,0.0,1.3936040501711995e+18,7.805,0.0,0,0,4,0,7116,0.0,100,0.0,0.0,0.0,0.0,0.0,0,0,0,0,0.0,0,0,0,0,0,0,0,0,0,0,0,0,0,0,0,0,0,0,0,0,0,0,0,0,0,0,0,0,0,0,0,0,0,31,40,40,71,65476,0,300,0,0,8,21553,0.0,-107605600.0,0.0,0.0,0.0,0.0,0.0,0.0,0.0,0.0,0.0,0.0,0.0,0.0,0.0,0.0,0.0,0.0,0.0,0.0,0.0,0.0,-2.004,0.0,-0.0,-2.004,0.0,0.0,0.0,0.0,4487.0,-2.4229832928462634e+24,6941.0,0.0,0.0,-107615168.0,2.718429120148166e+23,0.0,0.0,0.0,0.0,69,-0.059,1.905682486793339e+17,0.0,0.0,0.0,0.0,0.0,0.0,0.0,0,0,0,0.0,0.0,0.0,0.0,0.0,0.0,0.0,0.0,0.0,0.0,0.0,0.0,0.0,0.0,0.0,0.0,0,-107875648.0,69,0.0,138,0.0,2.6474720257151824e+23,0,39322,17085,52429,17099,52429,17079,0,0,0,70,68,100,2.7302399002429377e+23,82.4,-107615448.0,77.9,-107615464.0,78.5,1,49,50,180,26215,26215,0,0,0.0,0.0,0.0,0.0,-0.0,67.0,0.0,162057.094,0.0,972,0,997,0,0,0,948,0,1019,0,919,0,789,0,779,0,822,0,7520,0.032,4.150517416584649e+19,0.0,0.0,784,16797,-0.0,162057.094,-114818.039,-0.0,0.133,6.909358625270745e+28,30.0,70.0,35,0.0,0.0,0.0,0.0,0.0,0.0,0.0,0.0,0.0,0.0,0.0,0.0,0.0,0.0,0.0,0.0,66.4,0,150,71,51,65476,0,300,0,0,8,20529,65476,0,0,44564,70.0,0.0,0.0,0.0,0.0,0.0
2026-09-10T21:42:08,ERR,ERR,ERR,ERR,ERR,ERR,ERR,ERR,ERR,ERR,ERR,ERR,ERR,ERR,ERR,ERR,ERR,ERR,ERR,ERR,ERR,ERR,ERR,ERR,ERR,ERR,ERR,ERR,ERR,ERR,ERR,ERR,ERR,ERR,ERR,ERR,ERR,ERR,ERR,ERR,ERR,ERR,ERR,ERR,ERR,ERR,ERR,ERR,ERR,ERR,ERR,ERR,ERR,ERR,ERR,ERR,ERR,ERR,ERR,ERR,ERR,ERR,ERR,ERR,ERR,ERR,ERR,ERR,ERR,ERR,ERR,ERR,ERR,ERR,ERR,ERR,ERR,ERR,ERR,ERR,ERR,ERR,ERR,ERR,ERR,ERR,ERR,ERR,ERR,ERR,ERR,ERR,ERR,ERR,ERR,ERR,ERR,ERR,ERR,ERR,ERR,ERR,ERR,ERR,ERR,ERR,ERR,ERR,ERR,ERR,ERR,ERR,ERR,ERR,ERR,ERR,ERR,ERR,ERR,ERR,ERR,ERR,ERR,ERR,ERR,0.0,0.0,2.6474835549302285e+23,0.0,0.0,1.3936040501711995e+18,7.805,0.0,0,0,4,0,7116,0.0,100,0.0,0.0,0.0,0.0,0.0,0,0,0,0,0.0,0,0,0,0,0,0,0,0,0,0,0,0,0,0,0,0,0,0,0,0,0,0,0,0,0,0,0,0,0,0,0,0,0,31,40,40,71,65476,0,300,0,0,8,21553,0.0,-107605600.0,0.0,0.0,0.0,0.0,0.0,0.0,0.0,0.0,0.0,0.0,0.0,0.0,0.0,0.0,0.0,0.0,0.0,0.0,0.0,0.0,-2.004,0.0,-0.0,-2.004,0.0,0.0,0.0,0.0,4487.0,-2.4229832928462634e+24,6941.0,0.0,0.0,-107615168.0,2.718429120148166e+23,0.0,0.0,0.0,0.0,69,-0.059,1.905682486793339e+17,0.0,0.0,0.0,0.0,0.0,0.0,0.0,0,0,0,0.0,0.0,0.0,0.0,0.0,0.0,0.0,0.0,0.0,0.0,0.0,0.0,0.0,0.0,0.0,0.0,0,-107875648.0,69,0.0,138,0.0,2.6474720257151824e+23,0,39322,17085,52429,17099,52429,17079,0,0,0,70,68,100,2.7302399002429377e+23,82.4,-107615448.0,77.9,-107615464.0,78.5,1,49,50,180,26215,26215,0,0,0.0,0.0,0.0,0.0,-0.0,67.0,0.0,162057.094,0.0,972,0,997,0,0,0,948,0,1019,0,919,0,789,0,779,0,822,0,7520,0.032,4.150517416584649e+19,0.0,0.0,784,16797,-0.0,162057.094,-114818.039,-0.0,0.133,6.909358625270745e+28,30.0,70.0,35,0.0,0.0,0.0,0.0,0.0,0.0,0.0,0.0,0.0,0.0,0.0,0.0,0.0,0.0,0.0,0.0,66.4,0,150,71,51,65476,0,300,0,0,8,20529,65476,0,0,44564,70.0,0.0,0.0,0.0,0.0,0.0
2026-09-10T21:42:09,ERR,ERR,ERR,ERR,ERR,ERR,ERR,ERR,ERR,ERR,ERR,ERR,ERR,ERR,ERR,ERR,ERR,ERR,ERR,ERR,ERR,ERR,ERR,ERR,ERR,ERR,ERR,ERR,ERR,ERR,ERR,ERR,ERR,ERR,ERR,ERR,ERR,ERR,ERR,ERR,ERR,ERR,ERR,ERR,ERR,ERR,ERR,ERR,ERR,ERR,ERR,ERR,ERR,ERR,ERR,ERR,ERR,ERR,ERR,ERR,ERR,ERR,ERR,ERR,ERR,ERR,ERR,ERR,ERR,ERR,ERR,ERR,ERR,ERR,ERR,ERR,ERR,ERR,ERR,ERR,ERR,ERR,ERR,ERR,ERR,ERR,ERR,ERR,ERR,ERR,ERR,ERR,ERR,ERR,ERR,ERR,ERR,ERR,ERR,ERR,ERR,ERR,ERR,ERR,ERR,ERR,ERR,ERR,ERR,ERR,ERR,ERR,ERR,ERR,ERR,ERR,ERR,ERR,ERR,ERR,ERR,ERR,ERR,ERR,ERR,0.0,0.0,2.6474835549302285e+23,0.0,0.0,1.3936040501711995e+18,7.805,0.0,0,0,4,0,7116,0.0,100,0.0,0.0,0.0,0.0,0.0,0,0,0,0,0.0,0,0,0,0,0,0,0,0,0,0,0,0,0,0,0,0,0,0,0,0,0,0,0,0,0,0,0,0,0,0,0,0,0,31,40,40,71,65476,0,300,0,0,8,21553,0.0,-107605600.0,0.0,0.0,0.0,0.0,0.0,0.0,0.0,0.0,0.0,0.0,0.0,0.0,0.0,0.0,0.0,0.0,0.0,0.0,0.0,0.0,-2.004,0.0,-0.0,-2.004,0.0,0.0,0.0,0.0,4487.0,-2.4229832928462634e+24,6941.0,0.0,0.0,-107615168.0,2.718429120148166e+23,0.0,0.0,0.0,0.0,69,-0.059,1.905682486793339e+17,0.0,0.0,0.0,0.0,0.0,0.0,0.0,0,0,0,0.0,0.0,0.0,0.0,0.0,0.0,0.0,0.0,0.0,0.0,0.0,0.0,0.0,0.0,0.0,0.0,0,-107875648.0,69,0.0,138,0.0,2.6474720257151824e+23,0,39322,17085,52429,17099,52429,17079,0,0,0,70,68,100,0.0,82.4,-107615448.0,77.8,-0.0,78.5,1,49,50,180,26215,26215,0,0,0.0,0.0,0.0,0.0,-0.0,67.0,0.0,162057.094,0.0,972,0,997,0,0,0,948,0,1019,0,919,0,789,0,779,0,822,0,7520,0.032,4.092871341354307e+19,0.0,0.0,784,16797,-0.0,162057.094,-114818.039,-0.0,0.133,6.909358625270745e+28,30.0,70.0,35,0.0,0.0,0.0,0.0,0.0,0.0,0.0,0.0,0.0,0.0,0.0,0.0,0.0,0.0,0.0,0.0,66.4,0,150,71,51,65476,0,300,0,0,8,20529,65476,0,0,44564,70.0,0.0,0.0,0.0,0.0,0.0
2026-09-10T21:42:10,ERR,ERR,ERR,ERR,ERR,ERR,ERR,ERR,ERR,ERR,ERR,ERR,ERR,ERR,ERR,ERR,ERR,ERR,ERR,ERR,ERR,ERR,ERR,ERR,ERR,ERR,ERR,ERR,ERR,ERR,ERR,ERR,ERR,ERR,ERR,ERR,ERR,ERR,ERR,ERR,ERR,ERR,ERR,ERR,ERR,ERR,ERR,ERR,ERR,ERR,ERR,ERR,ERR,ERR,ERR,ERR,ERR,ERR,ERR,ERR,ERR,ERR,ERR,ERR,ERR,ERR,ERR,ERR,ERR,ERR,ERR,ERR,ERR,ERR,ERR,ERR,ERR,ERR,ERR,ERR,ERR,ERR,ERR,ERR,ERR,ERR,ERR,ERR,ERR,ERR,ERR,ERR,ERR,ERR,ERR,ERR,ERR,ERR,ERR,ERR,ERR,ERR,ERR,ERR,ERR,ERR,ERR,ERR,ERR,ERR,ERR,ERR,ERR,ERR,ERR,ERR,ERR,ERR,ERR,ERR,ERR,ERR,ERR,ERR,ERR,0.0,0.0,2.6474835549302285e+23,0.0,0.0,1.3936040501711995e+18,7.805,0.0,0,0,4,0,7116,0.0,100,0.0,0.0,0.0,0.0,0.0,0,0,0,0,0.0,0,0,0,0,0,0,0,0,0,0,0,0,0,0,0,0,0,0,0,0,0,0,0,0,0,0,0,0,0,0,0,0,0,31,40,40,71,65476,0,300,0,0,8,21553,0.0,-107605600.0,0.0,0.0,0.0,0.0,0.0,0.0,0.0,0.0,0.0,0.0,0.0,0.0,0.0,0.0,0.0,0.0,0.0,0.0,0.0,0.0,-2.004,0.0,-0.0,-2.004,0.0,0.0,0.0,0.0,4487.0,-2.4229832928462634e+24,6941.0,0.0,0.0,-107615168.0,2.718429120148166e+23,0.0,0.0,0.0,0.0,69,-0.059,1.905682486793339e+17,0.0,0.0,0.0,0.0,0.0,0.0,0.0,0,0,0,0.0,0.0,0.0,0.0,0.0,0.0,0.0,0.0,0.0,0.0,0.0,0.0,0.0,0.0,0.0,0.0,0,-107875648.0,69,0.0,138,0.0,2.6474720257151824e+23,0,39322,17085,52429,17099,52429,17079,0,0,0,70,68,100,0.0,82.4,-107615448.0,77.8,-0.0,78.5,1,49,50,180,26215,26215,0,0,0.0,0.0,0.0,0.0,-0.0,67.0,0.0,162057.094,0.0,972,0,997,0,0,0,948,0,1019,0,919,0,789,0,779,0,822,0,7520,0.032,4.092871341354307e+19,0.0,0.0,784,16797,-0.0,162057.094,-114818.039,-0.0,0.133,6.909358625270745e+28,30.0,70.0,35,0.0,0.0,0.0,0.0,0.0,0.0,0.0,0.0,0.0,0.0,0.0,0.0,0.0,0.0,0.0,0.0,66.4,0,150,71,51,65476,0,300,0,0,8,20529,65476,0,0,44564,70.0,0.0,0.0,0.0,0.0,0.0
2026-09-10T21:42:11,ERR,ERR,ERR,ERR,ERR,ERR,ERR,ERR,ERR,ERR,ERR,ERR,ERR,ERR,ERR,ERR,ERR,ERR,ERR,ERR,ERR,ERR,ERR,ERR,ERR,ERR,ERR,ERR,ERR,ERR,ERR,ERR,ERR,ERR,ERR,ERR,ERR,ERR,ERR,ERR,ERR,ERR,ERR,ERR,ERR,ERR,ERR,ERR,ERR,ERR,ERR,ERR,ERR,ERR,ERR,ERR,ERR,ERR,ERR,ERR,ERR,ERR,ERR,ERR,ERR,ERR,ERR,ERR,ERR,ERR,ERR,ERR,ERR,ERR,ERR,ERR,ERR,ERR,ERR,ERR,ERR,ERR,ERR,ERR,ERR,ERR,ERR,ERR,ERR,ERR,ERR,ERR,ERR,ERR,ERR,ERR,ERR,ERR,ERR,ERR,ERR,ERR,ERR,ERR,ERR,ERR,ERR,ERR,ERR,ERR,ERR,ERR,ERR,ERR,ERR,ERR,ERR,ERR,ERR,ERR,ERR,ERR,ERR,ERR,ERR,0.0,0.0,2.6474835549302285e+23,0.0,0.0,1.3936040501711995e+18,7.805,0.0,0,0,4,0,7116,0.0,100,0.0,0.0,0.0,0.0,0.0,0,0,0,0,0.0,0,0,0,0,0,0,0,0,0,0,0,0,0,0,0,0,0,0,0,0,0,0,0,0,0,0,0,0,0,0,0,0,0,31,40,40,71,65476,0,300,0,0,8,21553,0.0,-107605600.0,0.0,0.0,0.0,0.0,0.0,0.0,0.0,0.0,0.0,0.0,0.0,0.0,0.0,0.0,0.0,0.0,0.0,0.0,0.0,0.0,-2.004,0.0,-0.0,-2.004,0.0,0.0,0.0,0.0,4487.0,-2.4229832928462634e+24,6941.0,0.0,0.0,-107615168.0,2.718429120148166e+23,0.0,0.0,0.0,0.0,69,-0.059,1.905682486793339e+17,0.0,0.0,0.0,0.0,0.0,0.0,0.0,0,0,0,0.0,0.0,0.0,0.0,0.0,0.0,0.0,0.0,0.0,0.0,0.0,0.0,0.0,0.0,0.0,0.0,0,-107875648.0,69,0.0,138,0.0,2.6474720257151824e+23,0,39322,17085,52429,17099,52429,17079,0,0,0,70,68,100,0.0,82.4,-107615448.0,77.8,-0.0,78.5,1,49,50,180,26215,26215,0,0,0.0,0.0,0.0,0.0,-0.0,67.0,0.0,162057.094,0.0,972,0,997,0,0,0,948,0,1019,0,919,0,789,0,779,0,822,0,7520,0.032,4.092871341354307e+19,0.0,0.0,784,16797,-0.0,162057.094,-114818.039,-0.0,0.133,6.909358625270745e+28,30.0,70.0,35,0.0,0.0,0.0,0.0,0.0,0.0,0.0,0.0,0.0,0.0,0.0,0.0,0.0,0.0,0.0,0.0,66.4,0,150,71,51,65476,0,300,0,0,8,20529,65476,0,0,44564,70.0,0.0,0.0,0.0,0.0,0.0
2026-09-10T21:42:12,ERR,ERR,ERR,ERR,ERR,ERR,ERR,ERR,ERR,ERR,ERR,ERR,ERR,ERR,ERR,ERR,ERR,ERR,ERR,ERR,ERR,ERR,ERR,ERR,ERR,ERR,ERR,ERR,ERR,ERR,ERR,ERR,ERR,ERR,ERR,ERR,ERR,ERR,ERR,ERR,ERR,ERR,ERR,ERR,ERR,ERR,ERR,ERR,ERR,ERR,ERR,ERR,ERR,ERR,ERR,ERR,ERR,ERR,ERR,ERR,ERR,ERR,ERR,ERR,ERR,ERR,ERR,ERR,ERR,ERR,ERR,ERR,ERR,ERR,ERR,ERR,ERR,ERR,ERR,ERR,ERR,ERR,ERR,ERR,ERR,ERR,ERR,ERR,ERR,ERR,ERR,ERR,ERR,ERR,ERR,ERR,ERR,ERR,ERR,ERR,ERR,ERR,ERR,ERR,ERR,ERR,ERR,ERR,ERR,ERR,ERR,ERR,ERR,ERR,ERR,ERR,ERR,ERR,ERR,ERR,ERR,ERR,ERR,ERR,ERR,0.0,0.0,2.6474835549302285e+23,0.0,0.0,1.3936040501711995e+18,7.805,0.0,0,0,4,0,7116,0.0,100,0.0,0.0,0.0,0.0,0.0,0,0,0,0,0.0,0,0,0,0,0,0,0,0,0,0,0,0,0,0,0,0,0,0,0,0,0,0,0,0,0,0,0,0,0,0,0,0,0,31,40,40,71,65476,0,300,0,0,8,21553,0.0,-107605600.0,0.0,0.0,0.0,0.0,0.0,0.0,0.0,0.0,0.0,0.0,0.0,0.0,0.0,0.0,0.0,0.0,0.0,0.0,0.0,0.0,-2.004,0.0,-0.0,-2.004,0.0,0.0,0.0,0.0,4487.0,-2.4229832928462634e+24,6941.0,0.0,0.0,-107615168.0,2.718429120148166e+23,0.0,0.0,0.0,0.0,69,-0.059,1.905682486793339e+17,0.0,0.0,0.0,0.0,0.0,0.0,0.0,0,0,0,0.0,0.0,0.0,0.0,0.0,0.0,0.0,0.0,0.0,0.0,0.0,0.0,0.0,0.0,0.0,0.0,0,-107875648.0,69,0.0,138,0.0,2.6474720257151824e+23,0,39322,17085,52429,17099,52429,17079,0,0,0,70,68,100,0.0,82.4,-107615448.0,77.8,-0.0,78.5,1,49,50,180,26215,26215,0,0,0.0,0.0,0.0,0.0,-0.0,67.0,0.0,162057.094,0.0,972,0,997,0,0,0,948,0,1019,0,919,0,789,0,779,0,822,0,7520,0.032,4.092871341354307e+19,0.0,0.0,784,16797,-0.0,162057.094,-114818.039,-0.0,0.133,6.909358625270745e+28,30.0,70.0,35,0.0,0.0,0.0,0.0,0.0,0.0,0.0,0.0,0.0,0.0,0.0,0.0,0.0,0.0,0.0,0.0,66.4,0,150,71,51,65476,0,300,0,0,8,20529,65476,0,0,44564,70.0,0.0,0.0,0.0,0.0,0.0
2026-09-10T21:42:13,ERR,ERR,ERR,ERR,ERR,ERR,ERR,ERR,ERR,ERR,ERR,ERR,ERR,ERR,ERR,ERR,ERR,ERR,ERR,ERR,ERR,ERR,ERR,ERR,ERR,ERR,ERR,ERR,ERR,ERR,ERR,ERR,ERR,ERR,ERR,ERR,ERR,ERR,ERR,ERR,ERR,ERR,ERR,ERR,ERR,ERR,ERR,ERR,ERR,ERR,ERR,ERR,ERR,ERR,ERR,ERR,ERR,ERR,ERR,ERR,ERR,ERR,ERR,ERR,ERR,ERR,ERR,ERR,ERR,ERR,ERR,ERR,ERR,ERR,ERR,ERR,ERR,ERR,ERR,ERR,ERR,ERR,ERR,ERR,ERR,ERR,ERR,ERR,ERR,ERR,ERR,ERR,ERR,ERR,ERR,ERR,ERR,ERR,ERR,ERR,ERR,ERR,ERR,ERR,ERR,ERR,ERR,ERR,ERR,ERR,ERR,ERR,ERR,ERR,ERR,ERR,ERR,ERR,ERR,ERR,ERR,ERR,ERR,ERR,ERR,0.0,0.0,2.6474835549302285e+23,0.0,0.0,1.3936040501711995e+18,7.805,0.0,0,0,4,0,7116,0.0,100,0.0,0.0,0.0,0.0,0.0,0,0,0,0,0.0,0,0,0,0,0,0,0,0,0,0,0,0,0,0,0,0,0,0,0,0,0,0,0,0,0,0,0,0,0,0,0,0,0,31,40,40,71,65476,0,300,0,0,8,21553,0.0,-107605600.0,0.0,0.0,0.0,0.0,0.0,0.0,0.0,0.0,0.0,0.0,0.0,0.0,0.0,0.0,0.0,0.0,0.0,0.0,0.0,0.0,-2.004,0.0,-0.0,-2.004,0.0,0.0,0.0,0.0,4487.0,-2.4229832928462634e+24,6941.0,0.0,0.0,-107615168.0,2.718429120148166e+23,0.0,0.0,0.0,0.0,69,-0.059,1.905682486793339e+17,0.0,0.0,0.0,0.0,0.0,0.0,0.0,0,0,0,0.0,0.0,0.0,0.0,0.0,0.0,0.0,0.0,0.0,0.0,0.0,0.0,0.0,0.0,0.0,0.0,0,-107875648.0,69,0.0,138,0.0,2.6474720257151824e+23,0,39322,17085,52429,17099,52429,17079,0,0,0,70,68,100,0.0,82.4,-107615448.0,77.8,-0.0,78.5,1,49,50,180,26215,26215,0,0,0.0,0.0,0.0,0.0,-0.0,67.0,0.0,162057.094,0.0,972,0,997,0,0,0,948,0,1019,0,919,0,789,0,779,0,822,0,7520,0.032,4.092871341354307e+19,0.0,0.0,784,16797,-0.0,162057.094,-114818.039,-0.0,0.133,6.909358625270745e+28,30.0,70.0,35,0.0,0.0,0.0,0.0,0.0,0.0,0.0,0.0,0.0,0.0,0.0,0.0,0.0,0.0,0.0,0.0,66.4,0,150,71,51,65476,0,300,0,0,8,20529,65476,0,0,44564,70.0,0.0,0.0,0.0,0.0,0.0
2026-09-10T21:42:14,ERR,ERR,ERR,ERR,ERR,ERR,ERR,ERR,ERR,ERR,ERR,ERR,ERR,ERR,ERR,ERR,ERR,ERR,ERR,ERR,ERR,ERR,ERR,ERR,ERR,ERR,ERR,ERR,ERR,ERR,ERR,ERR,ERR,ERR,ERR,ERR,ERR,ERR,ERR,ERR,ERR,ERR,ERR,ERR,ERR,ERR,ERR,ERR,ERR,ERR,ERR,ERR,ERR,ERR,ERR,ERR,ERR,ERR,ERR,ERR,ERR,ERR,ERR,ERR,ERR,ERR,ERR,ERR,ERR,ERR,ERR,ERR,ERR,ERR,ERR,ERR,ERR,ERR,ERR,ERR,ERR,ERR,ERR,ERR,ERR,ERR,ERR,ERR,ERR,ERR,ERR,ERR,ERR,ERR,ERR,ERR,ERR,ERR,ERR,ERR,ERR,ERR,ERR,ERR,ERR,ERR,ERR,ERR,ERR,ERR,ERR,ERR,ERR,ERR,ERR,ERR,ERR,ERR,ERR,ERR,ERR,ERR,ERR,ERR,ERR,0.0,0.0,0.0,0.0,0.0,1.3936040501711995e+18,7.805,0.0,0,0,4,0,7116,0.0,100,0.0,0.0,0.0,0.0,0.0,0,0,0,0,0.0,0,0,0,0,0,0,0,0,0,0,0,0,0,0,0,0,0,0,0,0,0,0,0,0,0,0,0,0,0,0,0,0,0,31,40,40,71,65476,0,300,0,0,8,21553,0.0,-107605600.0,0.0,0.0,0.0,0.0,0.0,0.0,0.0,0.0,0.0,0.0,0.0,0.0,0.0,0.0,0.0,0.0,0.0,0.0,0.0,0.0,-2.004,0.0,-0.0,0.0,0.0,0.0,0.0,0.0,4490.0,-0.0,6938.0,0.0,0.0,-107615168.0,-0.0,0.0,0.0,0.0,0.0,69,-0.059,0.059,0.0,0.0,0.0,0.0,0.0,0.0,0.0,0,0,0,0.0,0.0,0.0,0.0,0.0,0.0,0.0,0.0,0.0,0.0,0.0,0.0,0.0,0.0,0.0,0.0,0,-107875648.0,69,0.0,138,0.0,2.6474720257151824e+23,0,39322,17085,52429,17099,52429,17079,0,0,0,70,68,100,0.0,82.4,-107615448.0,77.8,-0.0,78.5,1,49,50,180,26215,26215,0,0,0.0,0.0,0.0,0.0,-0.0,67.0,0.0,162057.094,0.0,972,0,997,0,0,0,948,0,1019,0,919,0,789,0,779,0,822,0,7520,0.032,4.092871341354307e+19,0.0,0.0,784,16797,-0.0,162057.094,-114818.039,-0.0,0.133,6.909358625270745e+28,30.0,70.0,35,0.0,0.0,0.0,0.0,0.0,0.0,0.0,0.0,0.0,0.0,0.0,0.0,0.0,0.0,0.0,0.0,66.4,0,150,71,51,65476,0,300,0,0,8,20529,65476,0,0,44564,70.0,0.0,0.0,0.0,0.0,0.0
2026-09-10T21:42:15,ERR,ERR,ERR,ERR,ERR,ERR,ERR,ERR,ERR,ERR,ERR,ERR,ERR,ERR,ERR,ERR,ERR,ERR,ERR,ERR,ERR,ERR,ERR,ERR,ERR,ERR,ERR,ERR,ERR,ERR,ERR,ERR,ERR,ERR,ERR,ERR,ERR,ERR,ERR,ERR,ERR,ERR,ERR,ERR,ERR,ERR,ERR,ERR,ERR,ERR,ERR,ERR,ERR,ERR,ERR,ERR,ERR,ERR,ERR,ERR,ERR,ERR,ERR,ERR,ERR,ERR,ERR,ERR,ERR,ERR,ERR,ERR,ERR,ERR,ERR,ERR,ERR,ERR,ERR,ERR,ERR,ERR,ERR,ERR,ERR,ERR,ERR,ERR,ERR,ERR,ERR,ERR,ERR,ERR,ERR,ERR,ERR,ERR,ERR,ERR,ERR,ERR,ERR,ERR,ERR,ERR,ERR,ERR,ERR,ERR,ERR,ERR,ERR,ERR,ERR,ERR,ERR,ERR,ERR,ERR,ERR,ERR,ERR,ERR,ERR,0.0,0.0,0.0,0.0,0.0,1.3936040501711995e+18,7.805,0.0,0,0,4,0,7116,0.0,100,0.0,0.0,0.0,0.0,0.0,0,0,0,0,0.0,0,0,0,0,0,0,0,0,0,0,0,0,0,0,0,0,0,0,0,0,0,0,0,0,0,0,0,0,0,0,0,0,0,31,40,40,71,65476,0,300,0,0,8,21553,0.0,-107605600.0,0.0,0.0,0.0,0.0,0.0,0.0,0.0,0.0,0.0,0.0,0.0,0.0,0.0,0.0,0.0,0.0,0.0,0.0,0.0,0.0,-2.004,0.0,-0.0,0.0,0.0,0.0,0.0,0.0,4490.0,-0.0,6938.0,0.0,0.0,-107615168.0,-0.0,0.0,0.0,0.0,0.0,69,-0.059,0.059,0.0,0.0,0.0,0.0,0.0,0.0,0.0,0,0,0,0.0,0.0,0.0,0.0,0.0,0.0,0.0,0.0,0.0,0.0,0.0,0.0,0.0,0.0,0.0,0.0,0,-107875648.0,69,0.0,138,0.0,2.6474720257151824e+23,0,39322,17085,52429,17099,52429,17079,0,0,0,70,68,100,0.0,82.4,-107615448.0,77.9,-107615464.0,78.5,1,49,50,180,39322,26215,0,0,0.0,0.0,0.0,0.0,-0.0,67.0,0.0,162057.094,0.0,972,0,997,0,0,0,948,0,1018,0,919,0,789,0,779,0,822,0,7520,0.032,4.092871341354307e+19,0.0,0.0,784,16797,-0.0,162057.094,-114818.039,-0.0,0.133,6.909358625270745e+28,30.0,70.0,35,0.0,0.0,0.0,0.0,0.0,0.0,0.0,0.0,0.0,0.0,0.0,0.0,0.0,0.0,0.0,0.0,66.4,0,150,71,51,65476,0,300,0,0,8,20529,65476,0,0,44564,70.0,0.0,0.0,0.0,0.0,0.0
2026-09-10T21:42:16,ERR,ERR,ERR,ERR,ERR,ERR,ERR,ERR,ERR,ERR,ERR,ERR,ERR,ERR,ERR,ERR,ERR,ERR,ERR,ERR,ERR,ERR,ERR,ERR,ERR,ERR,ERR,ERR,ERR,ERR,ERR,ERR,ERR,ERR,ERR,ERR,ERR,ERR,ERR,ERR,ERR,ERR,ERR,ERR,ERR,ERR,ERR,ERR,ERR,ERR,ERR,ERR,ERR,ERR,ERR,ERR,ERR,ERR,ERR,ERR,ERR,ERR,ERR,ERR,ERR,ERR,ERR,ERR,ERR,ERR,ERR,ERR,ERR,ERR,ERR,ERR,ERR,ERR,ERR,ERR,ERR,ERR,ERR,ERR,ERR,ERR,ERR,ERR,ERR,ERR,ERR,ERR,ERR,ERR,ERR,ERR,ERR,ERR,ERR,ERR,ERR,ERR,ERR,ERR,ERR,ERR,ERR,ERR,ERR,ERR,ERR,ERR,ERR,ERR,ERR,ERR,ERR,ERR,ERR,ERR,ERR,ERR,ERR,ERR,ERR,0.0,0.0,0.0,0.0,0.0,1.3936040501711995e+18,7.805,0.0,0,0,4,0,7116,0.0,100,0.0,0.0,0.0,0.0,0.0,0,0,0,0,0.0,0,0,0,0,0,0,0,0,0,0,0,0,0,0,0,0,0,0,0,0,0,0,0,0,0,0,0,0,0,0,0,0,0,31,40,40,71,65476,0,300,0,0,8,21553,0.0,-107605600.0,0.0,0.0,0.0,0.0,0.0,0.0,0.0,0.0,0.0,0.0,0.0,0.0,0.0,0.0,0.0,0.0,0.0,0.0,0.0,0.0,-2.004,0.0,-0.0,0.0,0.0,0.0,0.0,0.0,4490.0,-0.0,6938.0,0.0,0.0,-107615168.0,-0.0,0.0,0.0,0.0,0.0,69,-0.059,0.059,0.0,0.0,0.0,0.0,0.0,0.0,0.0,0,0,0,0.0,0.0,0.0,0.0,0.0,0.0,0.0,0.0,0.0,0.0,0.0,0.0,0.0,0.0,0.0,0.0,0,-107875648.0,69,0.0,138,0.0,2.6474720257151824e+23,0,39322,17085,52429,17099,52429,17079,0,0,0,70,68,100,0.0,82.4,-107615448.0,77.9,-107615464.0,78.5,1,49,50,180,39322,26215,0,0,0.0,0.0,0.0,0.0,-0.0,67.0,0.0,162057.094,0.0,972,0,997,0,0,0,948,0,1018,0,919,0,789,0,779,0,822,0,7520,0.032,4.092871341354307e+19,0.0,0.0,784,16797,-0.0,162057.094,-114818.039,-0.0,0.133,6.909358625270745e+28,30.0,70.0,35,0.0,0.0,0.0,0.0,0.0,0.0,0.0,0.0,0.0,0.0,0.0,0.0,0.0,0.0,0.0,0.0,66.4,0,150,71,51,65476,0,300,0,0,8,20529,65476,0,0,44564,70.0,0.0,0.0,0.0,0.0,0.0
2026-09-10T21:42:17,ERR,ERR,ERR,ERR,ERR,ERR,ERR,ERR,ERR,ERR,ERR,ERR,ERR,ERR,ERR,ERR,ERR,ERR,ERR,ERR,ERR,ERR,ERR,ERR,ERR,ERR,ERR,ERR,ERR,ERR,ERR,ERR,ERR,ERR,ERR,ERR,ERR,ERR,ERR,ERR,ERR,ERR,ERR,ERR,ERR,ERR,ERR,ERR,ERR,ERR,ERR,ERR,ERR,ERR,ERR,ERR,ERR,ERR,ERR,ERR,ERR,ERR,ERR,ERR,ERR,ERR,ERR,ERR,ERR,ERR,ERR,ERR,ERR,ERR,ERR,ERR,ERR,ERR,ERR,ERR,ERR,ERR,ERR,ERR,ERR,ERR,ERR,ERR,ERR,ERR,ERR,ERR,ERR,ERR,ERR,ERR,ERR,ERR,ERR,ERR,ERR,ERR,ERR,ERR,ERR,ERR,ERR,ERR,ERR,ERR,ERR,ERR,ERR,ERR,ERR,ERR,ERR,ERR,ERR,ERR,ERR,ERR,ERR,ERR,ERR,0.0,0.0,0.0,0.0,0.0,1.3936040501711995e+18,7.805,0.0,0,0,4,0,7116,0.0,100,0.0,0.0,0.0,0.0,0.0,0,0,0,0,0.0,0,0,0,0,0,0,0,0,0,0,0,0,0,0,0,0,0,0,0,0,0,0,0,0,0,0,0,0,0,0,0,0,0,31,40,40,71,65476,0,300,0,0,8,21553,0.0,-107605600.0,0.0,0.0,0.0,0.0,0.0,0.0,0.0,0.0,0.0,0.0,0.0,0.0,0.0,0.0,0.0,0.0,0.0,0.0,0.0,0.0,-2.004,0.0,-0.0,0.0,0.0,0.0,0.0,0.0,4490.0,-0.0,6938.0,0.0,0.0,-107615168.0,-0.0,0.0,0.0,0.0,0.0,69,-0.059,0.059,0.0,0.0,0.0,0.0,0.0,0.0,0.0,0,0,0,0.0,0.0,0.0,0.0,0.0,0.0,0.0,0.0,0.0,0.0,0.0,0.0,0.0,0.0,0.0,0.0,0,-107875648.0,69,0.0,138,0.0,2.6474720257151824e+23,0,39322,17085,52429,17099,52429,17079,0,0,0,70,68,100,0.0,82.4,-107615448.0,77.9,-107615464.0,78.5,1,49,50,180,39322,26215,0,0,0.0,0.0,0.0,0.0,-0.0,67.0,0.0,162057.094,0.0,972,0,997,0,0,0,948,0,1018,0,919,0,789,0,779,0,822,0,7520,0.032,4.092871341354307e+19,0.0,0.0,784,16797,-0.0,162057.094,-114818.039,-0.0,0.133,6.909358625270745e+28,30.0,70.0,35,0.0,0.0,0.0,0.0,0.0,0.0,0.0,0.0,0.0,0.0,0.0,0.0,0.0,0.0,0.0,0.0,66.4,0,150,71,51,65476,0,300,0,0,8,20529,65476,0,0,44564,70.0,0.0,0.0,0.0,0.0,0.0
2026-09-10T21:42:18,ERR,ERR,ERR,ERR,ERR,ERR,ERR,ERR,ERR,ERR,ERR,ERR,ERR,ERR,ERR,ERR,ERR,ERR,ERR,ERR,ERR,ERR,ERR,ERR,ERR,ERR,ERR,ERR,ERR,ERR,ERR,ERR,ERR,ERR,ERR,ERR,ERR,ERR,ERR,ERR,ERR,ERR,ERR,ERR,ERR,ERR,ERR,ERR,ERR,ERR,ERR,ERR,ERR,ERR,ERR,ERR,ERR,ERR,ERR,ERR,ERR,ERR,ERR,ERR,ERR,ERR,ERR,ERR,ERR,ERR,ERR,ERR,ERR,ERR,ERR,ERR,ERR,ERR,ERR,ERR,ERR,ERR,ERR,ERR,ERR,ERR,ERR,ERR,ERR,ERR,ERR,ERR,ERR,ERR,ERR,ERR,ERR,ERR,ERR,ERR,ERR,ERR,ERR,ERR,ERR,ERR,ERR,ERR,ERR,ERR,ERR,ERR,ERR,ERR,ERR,ERR,ERR,ERR,ERR,ERR,ERR,ERR,ERR,ERR,ERR,0.0,0.0,0.0,0.0,0.0,1.3936040501711995e+18,7.805,0.0,0,0,4,0,7116,0.0,100,0.0,0.0,0.0,0.0,0.0,0,0,0,0,0.0,0,0,0,0,0,0,0,0,0,0,0,0,0,0,0,0,0,0,0,0,0,0,0,0,0,0,0,0,0,0,0,0,0,31,40,40,71,65476,0,300,0,0,8,21553,0.0,-107605600.0,0.0,0.0,0.0,0.0,0.0,0.0,0.0,0.0,0.0,0.0,0.0,0.0,0.0,0.0,0.0,0.0,0.0,0.0,0.0,0.0,-2.004,0.0,-0.0,0.0,0.0,0.0,0.0,0.0,4490.0,-0.0,6938.0,0.0,0.0,-107615168.0,-0.0,0.0,0.0,0.0,0.0,69,-0.059,0.059,0.0,0.0,0.0,0.0,0.0,0.0,0.0,0,0,0,0.0,0.0,0.0,0.0,0.0,0.0,0.0,0.0,0.0,0.0,0.0,0.0,0.0,0.0,0.0,0.0,0,-107875648.0,69,0.0,138,0.0,2.6474720257151824e+23,0,39322,17085,52429,17099,52429,17079,0,0,0,70,68,100,0.0,82.4,-107615448.0,77.9,-107615464.0,78.5,1,49,50,180,39322,26215,0,0,0.0,0.0,0.0,0.0,-0.0,67.0,0.0,162057.094,0.0,972,0,997,0,0,0,948,0,1018,0,919,0,789,0,779,0,822,0,7520,0.032,4.092871341354307e+19,0.0,0.0,784,16797,-0.0,162057.094,-114818.039,-0.0,0.133,6.909358625270745e+28,30.0,70.0,35,0.0,0.0,0.0,0.0,0.0,0.0,0.0,0.0,0.0,0.0,0.0,0.0,0.0,0.0,0.0,0.0,66.8,0,150,71,51,65476,0,300,0,0,8,20529,65476,0,0,44564,70.0,0.0,0.0,0.0,0.0,0.0
2026-09-10T21:42:19,ERR,ERR,ERR,ERR,ERR,ERR,ERR,ERR,ERR,ERR,ERR,ERR,ERR,ERR,ERR,ERR,ERR,ERR,ERR,ERR,ERR,ERR,ERR,ERR,ERR,ERR,ERR,ERR,ERR,ERR,ERR,ERR,ERR,ERR,ERR,ERR,ERR,ERR,ERR,ERR,ERR,ERR,ERR,ERR,ERR,ERR,ERR,ERR,ERR,ERR,ERR,ERR,ERR,ERR,ERR,ERR,ERR,ERR,ERR,ERR,ERR,ERR,ERR,ERR,ERR,ERR,ERR,ERR,ERR,ERR,ERR,ERR,ERR,ERR,ERR,ERR,ERR,ERR,ERR,ERR,ERR,ERR,ERR,ERR,ERR,ERR,ERR,ERR,ERR,ERR,ERR,ERR,ERR,ERR,ERR,ERR,ERR,ERR,ERR,ERR,ERR,ERR,ERR,ERR,ERR,ERR,ERR,ERR,ERR,ERR,ERR,ERR,ERR,ERR,ERR,ERR,ERR,ERR,ERR,ERR,ERR,ERR,ERR,ERR,ERR,0.0,0.0,0.0,0.0,0.0,1.3936040501711995e+18,7.805,0.0,0,0,4,0,7116,0.0,100,0.0,0.0,0.0,0.0,0.0,0,0,0,0,0.0,0,0,0,0,0,0,0,0,0,0,0,0,0,0,0,0,0,0,0,0,0,0,0,0,0,0,0,0,0,0,0,0,0,31,40,40,71,65476,0,300,0,0,8,21553,0.0,-107605600.0,0.0,0.0,0.0,0.0,0.0,0.0,0.0,0.0,0.0,0.0,0.0,0.0,0.0,0.0,0.0,0.0,0.0,0.0,0.0,0.0,-2.004,0.0,-0.0,0.0,0.0,0.0,0.0,0.0,4490.0,-0.0,6938.0,0.0,0.0,-107615168.0,-0.0,0.0,0.0,0.0,0.0,69,-0.059,0.059,0.0,0.0,0.0,0.0,0.0,0.0,0.0,0,0,0,0.0,0.0,0.0,0.0,0.0,0.0,0.0,0.0,0.0,0.0,0.0,0.0,0.0,0.0,0.0,0.0,0,-107875648.0,69,0.0,138,0.0,2.6474720257151824e+23,0,39322,17085,52429,17099,52429,17079,0,0,0,70,68,100,0.0,82.4,-107615448.0,77.9,-107615464.0,78.5,1,49,50,180,39322,26215,0,0,0.0,0.0,0.0,0.0,-0.0,67.0,0.0,162057.094,0.0,972,0,997,0,0,0,948,0,1018,0,919,0,789,0,779,0,822,0,7520,0.032,4.092871341354307e+19,0.0,0.0,784,16797,-0.0,162057.094,-114818.039,-0.0,0.133,6.909358625270745e+28,30.0,70.0,35,0.0,0.0,0.0,0.0,0.0,0.0,0.0,0.0,0.0,0.0,0.0,0.0,0.0,0.0,0.0,0.0,66.8,0,150,71,51,65476,0,300,0,0,8,20529,65476,0,0,44564,70.0,0.0,0.0,0.0,0.0,0.0
2026-09-10T21:42:20,ERR,ERR,ERR,ERR,ERR,ERR,ERR,ERR,ERR,ERR,ERR,ERR,ERR,ERR,ERR,ERR,ERR,ERR,ERR,ERR,ERR,ERR,ERR,ERR,ERR,ERR,ERR,ERR,ERR,ERR,ERR,ERR,ERR,ERR,ERR,ERR,ERR,ERR,ERR,ERR,ERR,ERR,ERR,ERR,ERR,ERR,ERR,ERR,ERR,ERR,ERR,ERR,ERR,ERR,ERR,ERR,ERR,ERR,ERR,ERR,ERR,ERR,ERR,ERR,ERR,ERR,ERR,ERR,ERR,ERR,ERR,ERR,ERR,ERR,ERR,ERR,ERR,ERR,ERR,ERR,ERR,ERR,ERR,ERR,ERR,ERR,ERR,ERR,ERR,ERR,ERR,ERR,ERR,ERR,ERR,ERR,ERR,ERR,ERR,ERR,ERR,ERR,ERR,ERR,ERR,ERR,ERR,ERR,ERR,ERR,ERR,ERR,ERR,ERR,ERR,ERR,ERR,ERR,ERR,ERR,ERR,ERR,ERR,ERR,ERR,0.0,0.0,0.0,0.0,0.0,1.3936040501711995e+18,7.805,0.0,0,0,4,0,7116,0.0,100,0.0,0.0,0.0,0.0,0.0,0,0,0,0,0.0,0,0,0,0,0,0,0,0,0,0,0,0,0,0,0,0,0,0,0,0,0,0,0,0,0,0,0,0,0,0,0,0,0,31,40,40,71,65476,0,300,0,0,8,21553,0.0,-107605600.0,0.0,0.0,0.0,0.0,0.0,0.0,0.0,0.0,0.0,0.0,0.0,0.0,0.0,0.0,0.0,0.0,0.0,0.0,0.0,0.0,-2.004,0.0,-0.0,0.0,0.0,0.0,0.0,0.0,4490.0,-0.0,6938.0,0.0,0.0,-107615168.0,-0.0,0.0,0.0,0.0,0.0,69,-0.059,0.059,0.0,0.0,0.0,0.0,0.0,0.0,0.0,0,0,0,0.0,0.0,0.0,0.0,0.0,0.0,0.0,0.0,0.0,0.0,0.0,0.0,0.0,0.0,0.0,0.0,0,-107875648.0,69,0.0,138,0.0,2.6474720257151824e+23,0,39322,17085,52429,17099,52429,17079,0,0,0,70,68,100,0.0,82.4,-107615448.0,77.9,-107615464.0,78.5,1,49,50,180,39322,26215,0,0,0.0,0.0,0.0,0.0,-0.0,67.0,0.0,162057.094,0.0,972,0,997,0,0,0,948,0,1018,0,919,0,789,0,779,0,822,0,7520,0.032,4.092871341354307e+19,0.0,0.0,784,16797,-0.0,162057.094,-114818.039,-0.0,0.133,6.909358625270745e+28,30.0,70.0,35,0.0,0.0,0.0,0.0,0.0,0.0,0.0,0.0,0.0,0.0,0.0,0.0,0.0,0.0,0.0,0.0,66.8,0,150,71,51,65476,0,300,0,0,8,20529,65476,0,0,44564,70.0,0.0,0.0,0.0,0.0,0.0
2026-09-10T21:42:21,ERR,ERR,ERR,ERR,ERR,ERR,ERR,ERR,ERR,ERR,ERR,ERR,ERR,ERR,ERR,ERR,ERR,ERR,ERR,ERR,ERR,ERR,ERR,ERR,ERR,ERR,ERR,ERR,ERR,ERR,ERR,ERR,ERR,ERR,ERR,ERR,ERR,ERR,ERR,ERR,ERR,ERR,ERR,ERR,ERR,ERR,ERR,ERR,ERR,ERR,ERR,ERR,ERR,ERR,ERR,ERR,ERR,ERR,ERR,ERR,ERR,ERR,ERR,ERR,ERR,ERR,ERR,ERR,ERR,ERR,ERR,ERR,ERR,ERR,ERR,ERR,ERR,ERR,ERR,ERR,ERR,ERR,ERR,ERR,ERR,ERR,ERR,ERR,ERR,ERR,ERR,ERR,ERR,ERR,ERR,ERR,ERR,ERR,ERR,ERR,ERR,ERR,ERR,ERR,ERR,ERR,ERR,ERR,ERR,ERR,ERR,ERR,ERR,ERR,ERR,ERR,ERR,ERR,ERR,ERR,ERR,ERR,ERR,ERR,ERR,0.0,0.0,0.0,0.0,0.0,1.3936040501711995e+18,7.805,0.0,0,0,4,0,7116,0.0,100,0.0,0.0,0.0,0.0,0.0,0,0,0,0,0.0,0,0,0,0,0,0,0,0,0,0,0,0,0,0,0,0,0,0,0,0,0,0,0,0,0,0,0,0,0,0,0,0,0,31,40,40,71,65476,0,300,0,0,8,21553,0.0,-107605600.0,0.0,0.0,0.0,0.0,0.0,0.0,0.0,0.0,0.0,0.0,0.0,0.0,0.0,0.0,0.0,0.0,0.0,0.0,0.0,0.0,-2.004,0.0,-0.0,0.0,0.0,0.0,0.0,0.0,4490.0,-0.0,6938.0,0.0,0.0,-107615168.0,-0.0,0.0,0.0,0.0,0.0,69,-0.059,0.059,0.0,0.0,0.0,0.0,0.0,0.0,0.0,0,0,0,0.0,0.0,0.0,0.0,0.0,0.0,0.0,0.0,0.0,0.0,0.0,0.0,0.0,0.0,0.0,0.0,0,-107875648.0,69,0.0,138,0.0,2.6474720257151824e+23,0,39322,17085,39322,17099,52429,17079,0,0,0,70,68,100,2.7302399002429377e+23,82.4,-107615448.0,77.9,-107615464.0,78.5,1,49,50,180,26215,26215,0,0,0.0,0.0,0.0,0.0,-0.0,67.0,0.0,162057.094,0.0,972,0,997,0,0,0,948,0,1019,0,919,0,789,0,779,0,821,0,7520,0.032,4.150517416584649e+19,0.0,0.0,784,16797,-0.0,162057.094,-114818.039,-0.0,0.133,6.909358625270745e+28,30.0,70.0,35,0.0,0.0,0.0,0.0,0.0,0.0,0.0,0.0,0.0,0.0,0.0,0.0,0.0,0.0,0.0,0.0,66.4,0,150,71,51,65476,0,300,0,0,8,20529,65476,0,0,44564,70.0,0.0,0.0,0.0,0.0,0.0
2026-09-10T21:42:22,ERR,ERR,ERR,ERR,ERR,ERR,ERR,ERR,ERR,ERR,ERR,ERR,ERR,ERR,ERR,ERR,ERR,ERR,ERR,ERR,ERR,ERR,ERR,ERR,ERR,ERR,ERR,ERR,ERR,ERR,ERR,ERR,ERR,ERR,ERR,ERR,ERR,ERR,ERR,ERR,ERR,ERR,ERR,ERR,ERR,ERR,ERR,ERR,ERR,ERR,ERR,ERR,ERR,ERR,ERR,ERR,ERR,ERR,ERR,ERR,ERR,ERR,ERR,ERR,ERR,ERR,ERR,ERR,ERR,ERR,ERR,ERR,ERR,ERR,ERR,ERR,ERR,ERR,ERR,ERR,ERR,ERR,ERR,ERR,ERR,ERR,ERR,ERR,ERR,ERR,ERR,ERR,ERR,ERR,ERR,ERR,ERR,ERR,ERR,ERR,ERR,ERR,ERR,ERR,ERR,ERR,ERR,ERR,ERR,ERR,ERR,ERR,ERR,ERR,ERR,ERR,ERR,ERR,ERR,ERR,ERR,ERR,ERR,ERR,ERR,0.0,0.0,0.0,0.0,0.0,1.3936040501711995e+18,7.805,0.0,0,0,4,0,7116,0.0,100,0.0,0.0,0.0,0.0,0.0,0,0,0,0,0.0,0,0,0,0,0,0,0,0,0,0,0,0,0,0,0,0,0,0,0,0,0,0,0,0,0,0,0,0,0,0,0,0,0,31,40,40,71,65476,0,300,0,0,8,21553,0.0,-107605600.0,0.0,0.0,0.0,0.0,0.0,0.0,0.0,0.0,0.0,0.0,0.0,0.0,0.0,0.0,0.0,0.0,0.0,0.0,0.0,0.0,-2.004,0.0,-0.0,0.0,0.0,0.0,0.0,0.0,4485.0,-3.69717909675028e+19,6940.0,0.0,0.0,-107615168.0,-0.0,0.0,0.0,0.0,0.0,69,-0.0,126840373248.0,0.0,0.0,0.0,0.0,0.0,0.0,0.0,0,0,0,0.0,0.0,0.0,0.0,0.0,0.0,0.0,0.0,0.0,0.0,0.0,0.0,0.0,0.0,0.0,0.0,0,-107875648.0,69,0.0,138,0.0,2.6474720257151824e+23,0,39322,17085,39322,17099,52429,17079,0,0,0,70,68,100,2.7302399002429377e+23,82.4,-107615448.0,77.9,-107615464.0,78.5,1,49,50,180,26215,26215,0,0,0.0,0.0,0.0,0.0,-0.0,67.0,0.0,162057.094,0.0,972,0,997,0,0,0,948,0,1019,0,919,0,789,0,779,0,821,0,7520,0.032,4.150517416584649e+19,0.0,0.0,784,16797,-0.0,162057.094,-114818.039,-0.0,0.133,6.909358625270745e+28,30.0,70.0,35,0.0,0.0,0.0,0.0,0.0,0.0,0.0,0.0,0.0,0.0,0.0,0.0,0.0,0.0,0.0,0.0,66.4,0,150,71,51,65476,0,300,0,0,8,20529,65476,0,0,44564,70.0,0.0,0.0,0.0,0.0,0.0
2026-09-10T21:42:23,ERR,ERR,ERR,ERR,ERR,ERR,ERR,ERR,ERR,ERR,ERR,ERR,ERR,ERR,ERR,ERR,ERR,ERR,ERR,ERR,ERR,ERR,ERR,ERR,ERR,ERR,ERR,ERR,ERR,ERR,ERR,ERR,ERR,ERR,ERR,ERR,ERR,ERR,ERR,ERR,ERR,ERR,ERR,ERR,ERR,ERR,ERR,ERR,ERR,ERR,ERR,ERR,ERR,ERR,ERR,ERR,ERR,ERR,ERR,ERR,ERR,ERR,ERR,ERR,ERR,ERR,ERR,ERR,ERR,ERR,ERR,ERR,ERR,ERR,ERR,ERR,ERR,ERR,ERR,ERR,ERR,ERR,ERR,ERR,ERR,ERR,ERR,ERR,ERR,ERR,ERR,ERR,ERR,ERR,ERR,ERR,ERR,ERR,ERR,ERR,ERR,ERR,ERR,ERR,ERR,ERR,ERR,ERR,ERR,ERR,ERR,ERR,ERR,ERR,ERR,ERR,ERR,ERR,ERR,ERR,ERR,ERR,ERR,ERR,ERR,0.0,0.0,0.0,0.0,0.0,1.3936040501711995e+18,7.805,0.0,0,0,4,0,7116,0.0,100,0.0,0.0,0.0,0.0,0.0,0,0,0,0,0.0,0,0,0,0,0,0,0,0,0,0,0,0,0,0,0,0,0,0,0,0,0,0,0,0,0,0,0,0,0,0,0,0,0,31,40,40,71,65476,0,300,0,0,8,21553,0.0,-107605600.0,0.0,0.0,0.0,0.0,0.0,0.0,0.0,0.0,0.0,0.0,0.0,0.0,0.0,0.0,0.0,0.0,0.0,0.0,0.0,0.0,-2.004,0.0,-0.0,0.0,0.0,0.0,0.0,0.0,4485.0,-3.69717909675028e+19,6940.0,0.0,0.0,-107615168.0,-0.0,0.0,0.0,0.0,0.0,69,-0.0,126840373248.0,0.0,0.0,0.0,0.0,0.0,0.0,0.0,0,0,0,0.0,0.0,0.0,0.0,0.0,0.0,0.0,0.0,0.0,0.0,0.0,0.0,0.0,0.0,0.0,0.0,0,-107875648.0,69,0.0,138,0.0,2.6474720257151824e+23,0,39322,17085,39322,17099,52429,17079,0,0,0,70,68,100,2.7302399002429377e+23,82.4,-107615448.0,77.9,-107615464.0,78.5,1,49,50,180,26215,26215,0,0,0.0,0.0,0.0,0.0,-0.0,67.0,0.0,162057.094,0.0,972,0,997,0,0,0,948,0,1019,0,919,0,789,0,779,0,821,0,7520,0.032,4.150517416584649e+19,0.0,0.0,784,16797,-0.0,162057.094,-114818.039,-0.0,0.133,6.909358625270745e+28,30.0,70.0,35,0.0,0.0,0.0,0.0,0.0,0.0,0.0,0.0,0.0,0.0,0.0,0.0,0.0,0.0,0.0,0.0,66.4,0,150,71,51,65476,0,300,0,0,8,20529,65476,0,0,44564,70.0,0.0,0.0,0.0,0.0,0.0
2026-09-10T21:42:24,ERR,ERR,ERR,ERR,ERR,ERR,ERR,ERR,ERR,ERR,ERR,ERR,ERR,ERR,ERR,ERR,ERR,ERR,ERR,ERR,ERR,ERR,ERR,ERR,ERR,ERR,ERR,ERR,ERR,ERR,ERR,ERR,ERR,ERR,ERR,ERR,ERR,ERR,ERR,ERR,ERR,ERR,ERR,ERR,ERR,ERR,ERR,ERR,ERR,ERR,ERR,ERR,ERR,ERR,ERR,ERR,ERR,ERR,ERR,ERR,ERR,ERR,ERR,ERR,ERR,ERR,ERR,ERR,ERR,ERR,ERR,ERR,ERR,ERR,ERR,ERR,ERR,ERR,ERR,ERR,ERR,ERR,ERR,ERR,ERR,ERR,ERR,ERR,ERR,ERR,ERR,ERR,ERR,ERR,ERR,ERR,ERR,ERR,ERR,ERR,ERR,ERR,ERR,ERR,ERR,ERR,ERR,ERR,ERR,ERR,ERR,ERR,ERR,ERR,ERR,ERR,ERR,ERR,ERR,ERR,ERR,ERR,ERR,ERR,ERR,0.0,0.0,0.0,0.0,0.0,1.3936040501711995e+18,7.805,0.0,0,0,4,0,7116,0.0,100,0.0,0.0,0.0,0.0,0.0,0,0,0,0,0.0,0,0,0,0,0,0,0,0,0,0,0,0,0,0,0,0,0,0,0,0,0,0,0,0,0,0,0,0,0,0,0,0,0,31,40,40,71,65476,0,300,0,0,8,21553,0.0,-107605600.0,0.0,0.0,0.0,0.0,0.0,0.0,0.0,0.0,0.0,0.0,0.0,0.0,0.0,0.0,0.0,0.0,0.0,0.0,0.0,0.0,-2.004,0.0,-0.0,0.0,0.0,0.0,0.0,0.0,4485.0,-3.69717909675028e+19,6940.0,0.0,0.0,-107615168.0,-0.0,0.0,0.0,0.0,0.0,69,-0.0,126840373248.0,0.0,0.0,0.0,0.0,0.0,0.0,0.0,0,0,0,0.0,0.0,0.0,0.0,0.0,0.0,0.0,0.0,0.0,0.0,0.0,0.0,0.0,0.0,0.0,0.0,0,-107875648.0,69,0.0,138,0.0,2.6474720257151824e+23,0,39322,17085,39322,17099,52429,17079,0,0,0,70,68,100,2.7302399002429377e+23,82.4,-107615448.0,77.9,-107615464.0,78.5,1,49,50,180,26215,26215,0,0,0.0,0.0,0.0,0.0,-0.0,67.0,0.0,162057.094,0.0,972,0,997,0,0,0,948,0,1019,0,919,0,789,0,779,0,821,0,7520,0.032,4.150517416584649e+19,0.0,0.0,784,16797,-0.0,162057.094,-114818.039,-0.0,0.133,6.909358625270745e+28,30.0,70.0,35,0.0,0.0,0.0,0.0,0.0,0.0,0.0,0.0,0.0,0.0,0.0,0.0,0.0,0.0,0.0,0.0,66.8,0,150,71,51,65476,0,300,0,0,8,20529,65476,0,0,44564,70.0,0.0,0.0,0.0,0.0,0.0
2026-09-10T21:42:25,ERR,ERR,ERR,ERR,ERR,ERR,ERR,ERR,ERR,ERR,ERR,ERR,ERR,ERR,ERR,ERR,ERR,ERR,ERR,ERR,ERR,ERR,ERR,ERR,ERR,ERR,ERR,ERR,ERR,ERR,ERR,ERR,ERR,ERR,ERR,ERR,ERR,ERR,ERR,ERR,ERR,ERR,ERR,ERR,ERR,ERR,ERR,ERR,ERR,ERR,ERR,ERR,ERR,ERR,ERR,ERR,ERR,ERR,ERR,ERR,ERR,ERR,ERR,ERR,ERR,ERR,ERR,ERR,ERR,ERR,ERR,ERR,ERR,ERR,ERR,ERR,ERR,ERR,ERR,ERR,ERR,ERR,ERR,ERR,ERR,ERR,ERR,ERR,ERR,ERR,ERR,ERR,ERR,ERR,ERR,ERR,ERR,ERR,ERR,ERR,ERR,ERR,ERR,ERR,ERR,ERR,ERR,ERR,ERR,ERR,ERR,ERR,ERR,ERR,ERR,ERR,ERR,ERR,ERR,ERR,ERR,ERR,ERR,ERR,ERR,0.0,0.0,0.0,0.0,0.0,1.3936040501711995e+18,7.805,0.0,0,0,4,0,7116,0.0,100,0.0,0.0,0.0,0.0,0.0,0,0,0,0,0.0,0,0,0,0,0,0,0,0,0,0,0,0,0,0,0,0,0,0,0,0,0,0,0,0,0,0,0,0,0,0,0,0,0,31,40,40,71,65476,0,300,0,0,8,21553,0.0,-107605600.0,0.0,0.0,0.0,0.0,0.0,0.0,0.0,0.0,0.0,0.0,0.0,0.0,0.0,0.0,0.0,0.0,0.0,0.0,0.0,0.0,-2.004,0.0,-0.0,0.0,0.0,0.0,0.0,0.0,4485.0,-3.69717909675028e+19,6940.0,0.0,0.0,-107615168.0,-0.0,0.0,0.0,0.0,0.0,69,-0.0,126840373248.0,0.0,0.0,0.0,0.0,0.0,0.0,0.0,0,0,0,0.0,0.0,0.0,0.0,0.0,0.0,0.0,0.0,0.0,0.0,0.0,0.0,0.0,0.0,0.0,0.0,0,-107875648.0,69,0.0,138,0.0,2.6474720257151824e+23,0,39322,17085,39322,17099,52429,17079,0,0,0,70,68,100,2.7302399002429377e+23,82.4,-107615448.0,77.9,-107615464.0,78.5,1,49,50,180,26215,26215,0,0,0.0,0.0,0.0,0.0,-0.0,67.0,0.0,162057.094,0.0,972,0,997,0,0,0,948,0,1019,0,919,0,789,0,779,0,821,0,7520,0.032,4.150517416584649e+19,0.0,0.0,784,16797,-0.0,162057.094,-114818.039,-0.0,0.133,6.909358625270745e+28,30.0,70.0,35,0.0,0.0,0.0,0.0,0.0,0.0,0.0,0.0,0.0,0.0,0.0,0.0,0.0,0.0,0.0,0.0,66.8,0,150,71,51,65476,0,300,0,0,8,20529,65476,0,0,44564,70.0,0.0,0.0,0.0,0.0,0.0
2026-09-10T21:42:26,ERR,ERR,ERR,ERR,ERR,ERR,ERR,ERR,ERR,ERR,ERR,ERR,ERR,ERR,ERR,ERR,ERR,ERR,ERR,ERR,ERR,ERR,ERR,ERR,ERR,ERR,ERR,ERR,ERR,ERR,ERR,ERR,ERR,ERR,ERR,ERR,ERR,ERR,ERR,ERR,ERR,ERR,ERR,ERR,ERR,ERR,ERR,ERR,ERR,ERR,ERR,ERR,ERR,ERR,ERR,ERR,ERR,ERR,ERR,ERR,ERR,ERR,ERR,ERR,ERR,ERR,ERR,ERR,ERR,ERR,ERR,ERR,ERR,ERR,ERR,ERR,ERR,ERR,ERR,ERR,ERR,ERR,ERR,ERR,ERR,ERR,ERR,ERR,ERR,ERR,ERR,ERR,ERR,ERR,ERR,ERR,ERR,ERR,ERR,ERR,ERR,ERR,ERR,ERR,ERR,ERR,ERR,ERR,ERR,ERR,ERR,ERR,ERR,ERR,ERR,ERR,ERR,ERR,ERR,ERR,ERR,ERR,ERR,ERR,ERR,0.0,0.0,0.0,0.0,0.0,1.3936040501711995e+18,7.805,0.0,0,0,4,0,7116,0.0,100,0.0,0.0,0.0,0.0,0.0,0,0,0,0,0.0,0,0,0,0,0,0,0,0,0,0,0,0,0,0,0,0,0,0,0,0,0,0,0,0,0,0,0,0,0,0,0,0,0,31,40,40,71,65476,0,300,0,0,8,21553,0.0,-107605600.0,0.0,0.0,0.0,0.0,0.0,0.0,0.0,0.0,0.0,0.0,0.0,0.0,0.0,0.0,0.0,0.0,0.0,0.0,0.0,0.0,-2.004,0.0,-0.0,0.0,0.0,0.0,0.0,0.0,4485.0,-3.69717909675028e+19,6940.0,0.0,0.0,-107615168.0,-0.0,0.0,0.0,0.0,0.0,69,-0.0,126840373248.0,0.0,0.0,0.0,0.0,0.0,0.0,0.0,0,0,0,0.0,0.0,0.0,0.0,0.0,0.0,0.0,0.0,0.0,0.0,0.0,0.0,0.0,0.0,0.0,0.0,0,-107875648.0,69,0.0,138,0.0,2.6474720257151824e+23,0,39322,17085,39322,17099,52429,17079,0,0,0,70,68,100,2.7302399002429377e+23,82.4,-107615448.0,77.9,-107615464.0,78.5,1,49,50,180,26215,26215,0,0,0.0,0.0,0.0,0.0,-0.0,67.0,0.0,162057.094,0.0,972,0,997,0,0,0,948,0,1019,0,919,0,789,0,779,0,821,0,7520,0.032,4.150517416584649e+19,0.0,0.0,784,16797,-0.0,162057.094,-114818.039,-0.0,0.133,6.909358625270745e+28,30.0,70.0,35,0.0,0.0,0.0,0.0,0.0,0.0,0.0,0.0,0.0,0.0,0.0,0.0,0.0,0.0,0.0,0.0,66.8,0,150,71,51,65476,0,300,0,0,8,20529,65476,0,0,44564,70.0,0.0,0.0,0.0,0.0,0.0
2026-09-10T21:42:27,ERR,ERR,ERR,ERR,ERR,ERR,ERR,ERR,ERR,ERR,ERR,ERR,ERR,ERR,ERR,ERR,ERR,ERR,ERR,ERR,ERR,ERR,ERR,ERR,ERR,ERR,ERR,ERR,ERR,ERR,ERR,ERR,ERR,ERR,ERR,ERR,ERR,ERR,ERR,ERR,ERR,ERR,ERR,ERR,ERR,ERR,ERR,ERR,ERR,ERR,ERR,ERR,ERR,ERR,ERR,ERR,ERR,ERR,ERR,ERR,ERR,ERR,ERR,ERR,ERR,ERR,ERR,ERR,ERR,ERR,ERR,ERR,ERR,ERR,ERR,ERR,ERR,ERR,ERR,ERR,ERR,ERR,ERR,ERR,ERR,ERR,ERR,ERR,ERR,ERR,ERR,ERR,ERR,ERR,ERR,ERR,ERR,ERR,ERR,ERR,ERR,ERR,ERR,ERR,ERR,ERR,ERR,ERR,ERR,ERR,ERR,ERR,ERR,ERR,ERR,ERR,ERR,ERR,ERR,ERR,ERR,ERR,ERR,ERR,ERR,0.0,0.0,0.0,0.0,0.0,1.3936040501711995e+18,7.805,0.0,0,0,4,0,7116,0.0,100,0.0,0.0,0.0,0.0,0.0,0,0,0,0,0.0,0,0,0,0,0,0,0,0,0,0,0,0,0,0,0,0,0,0,0,0,0,0,0,0,0,0,0,0,0,0,0,0,0,31,40,40,71,65476,0,300,0,0,8,21553,0.0,-107605600.0,0.0,0.0,0.0,0.0,0.0,0.0,0.0,0.0,0.0,0.0,0.0,0.0,0.0,0.0,0.0,0.0,0.0,0.0,0.0,0.0,-2.004,0.0,-0.0,0.0,0.0,0.0,0.0,0.0,4485.0,-3.69717909675028e+19,6940.0,0.0,0.0,-107615168.0,-0.0,0.0,0.0,0.0,0.0,69,-0.0,126840373248.0,0.0,0.0,0.0,0.0,0.0,0.0,0.0,0,0,0,0.0,0.0,0.0,0.0,0.0,0.0,0.0,0.0,0.0,0.0,0.0,0.0,0.0,0.0,0.0,0.0,0,-107875648.0,69,0.0,138,0.0,2.6474720257151824e+23,0,39322,17085,39322,17099,52429,17079,0,0,0,70,68,100,0.0,82.4,-107615448.0,77.9,-107615464.0,78.5,1,49,50,180,26215,26215,0,0,0.0,0.0,0.0,0.0,-0.0,67.0,0.0,162057.094,0.0,972,0,997,0,0,0,948,0,1018,0,919,0,789,0,779,0,821,0,7520,0.032,4.121694378969478e+19,0.0,0.0,784,16797,-0.0,162057.094,-114818.039,-0.0,0.133,6.909358625270745e+28,30.0,70.0,35,0.0,0.0,0.0,0.0,0.0,0.0,0.0,0.0,0.0,0.0,0.0,0.0,0.0,0.0,0.0,0.0,66.4,0,150,71,51,65476,0,300,0,0,8,20529,65476,0,0,44564,70.0,0.0,0.0,0.0,0.0,0.0
2026-09-10T21:42:28,ERR,ERR,ERR,ERR,ERR,ERR,ERR,ERR,ERR,ERR,ERR,ERR,ERR,ERR,ERR,ERR,ERR,ERR,ERR,ERR,ERR,ERR,ERR,ERR,ERR,ERR,ERR,ERR,ERR,ERR,ERR,ERR,ERR,ERR,ERR,ERR,ERR,ERR,ERR,ERR,ERR,ERR,ERR,ERR,ERR,ERR,ERR,ERR,ERR,ERR,ERR,ERR,ERR,ERR,ERR,ERR,ERR,ERR,ERR,ERR,ERR,ERR,ERR,ERR,ERR,ERR,ERR,ERR,ERR,ERR,ERR,ERR,ERR,ERR,ERR,ERR,ERR,ERR,ERR,ERR,ERR,ERR,ERR,ERR,ERR,ERR,ERR,ERR,ERR,ERR,ERR,ERR,ERR,ERR,ERR,ERR,ERR,ERR,ERR,ERR,ERR,ERR,ERR,ERR,ERR,ERR,ERR,ERR,ERR,ERR,ERR,ERR,ERR,ERR,ERR,ERR,ERR,ERR,ERR,ERR,ERR,ERR,ERR,ERR,ERR,0.0,0.0,0.0,0.0,0.0,1.3936040501711995e+18,7.805,0.0,0,0,4,0,7116,0.0,100,0.0,0.0,0.0,0.0,0.0,0,0,0,0,0.0,0,0,0,0,0,0,0,0,0,0,0,0,0,0,0,0,0,0,0,0,0,0,0,0,0,0,0,0,0,0,0,0,0,31,40,40,71,65476,0,300,0,0,8,21553,0.0,-107605600.0,0.0,0.0,0.0,0.0,0.0,0.0,0.0,0.0,0.0,0.0,0.0,0.0,0.0,0.0,0.0,0.0,0.0,0.0,0.0,0.0,-2.004,0.0,-0.0,0.0,0.0,0.0,0.0,0.0,4485.0,-3.69717909675028e+19,6940.0,0.0,0.0,-107615168.0,-0.0,0.0,0.0,0.0,0.0,69,-0.0,126840373248.0,0.0,0.0,0.0,0.0,0.0,0.0,0.0,0,0,0,0.0,0.0,0.0,0.0,0.0,0.0,0.0,0.0,0.0,0.0,0.0,0.0,0.0,0.0,0.0,0.0,0,-107875648.0,69,0.0,138,0.0,2.6474720257151824e+23,0,39322,17085,39322,17099,52429,17079,0,0,0,70,68,100,0.0,82.4,-107615448.0,77.9,-107615464.0,78.5,1,49,50,180,26215,26215,0,0,0.0,0.0,0.0,0.0,-0.0,67.0,0.0,162057.094,0.0,972,0,997,0,0,0,948,0,1018,0,919,0,789,0,779,0,821,0,7520,0.032,4.121694378969478e+19,0.0,0.0,784,16797,-0.0,162057.094,-114818.039,-0.0,0.133,6.909358625270745e+28,30.0,70.0,35,0.0,0.0,0.0,0.0,0.0,0.0,0.0,0.0,0.0,0.0,0.0,0.0,0.0,0.0,0.0,0.0,66.4,0,150,71,51,65476,0,300,0,0,8,20529,65476,0,0,44564,70.0,0.0,0.0,0.0,0.0,0.0
2026-09-10T21:42:29,ERR,ERR,ERR,ERR,ERR,ERR,ERR,ERR,ERR,ERR,ERR,ERR,ERR,ERR,ERR,ERR,ERR,ERR,ERR,ERR,ERR,ERR,ERR,ERR,ERR,ERR,ERR,ERR,ERR,ERR,ERR,ERR,ERR,ERR,ERR,ERR,ERR,ERR,ERR,ERR,ERR,ERR,ERR,ERR,ERR,ERR,ERR,ERR,ERR,ERR,ERR,ERR,ERR,ERR,ERR,ERR,ERR,ERR,ERR,ERR,ERR,ERR,ERR,ERR,ERR,ERR,ERR,ERR,ERR,ERR,ERR,ERR,ERR,ERR,ERR,ERR,ERR,ERR,ERR,ERR,ERR,ERR,ERR,ERR,ERR,ERR,ERR,ERR,ERR,ERR,ERR,ERR,ERR,ERR,ERR,ERR,ERR,ERR,ERR,ERR,ERR,ERR,ERR,ERR,ERR,ERR,ERR,ERR,ERR,ERR,ERR,ERR,ERR,ERR,ERR,ERR,ERR,ERR,ERR,ERR,ERR,ERR,ERR,ERR,ERR,0.0,0.0,0.0,0.0,0.0,1.3936040501711995e+18,7.805,0.0,0,0,4,0,7116,0.0,100,0.0,0.0,0.0,0.0,0.0,0,0,0,0,0.0,0,0,0,0,0,0,0,0,0,0,0,0,0,0,0,0,0,0,0,0,0,0,0,0,0,0,0,0,0,0,0,0,0,31,40,40,71,65476,0,300,0,0,8,21553,0.0,-107605600.0,0.0,0.0,0.0,0.0,0.0,0.0,0.0,0.0,0.0,0.0,0.0,0.0,0.0,0.0,0.0,0.0,0.0,0.0,0.0,0.0,-2.004,0.0,-0.0,0.0,0.0,0.0,0.0,0.0,4485.0,-3.69717909675028e+19,6940.0,0.0,0.0,-107615168.0,-0.0,0.0,0.0,0.0,0.0,69,-0.0,126840373248.0,0.0,0.0,0.0,0.0,0.0,0.0,0.0,0,0,0,0.0,0.0,0.0,0.0,0.0,0.0,0.0,0.0,0.0,0.0,0.0,0.0,0.0,0.0,0.0,0.0,0,-107875648.0,69,0.0,138,0.0,2.6474720257151824e+23,0,39322,17085,39322,17099,52429,17079,0,0,0,70,68,100,0.0,82.4,-107615448.0,77.9,-107615464.0,78.5,1,49,50,180,26215,26215,0,0,0.0,0.0,0.0,0.0,-0.0,67.0,0.0,162057.094,0.0,972,0,997,0,0,0,948,0,1018,0,919,0,789,0,779,0,821,0,7520,0.032,4.121694378969478e+19,0.0,0.0,784,16797,-0.0,162057.094,-114818.039,-0.0,0.133,6.909358625270745e+28,30.0,70.0,35,0.0,0.0,0.0,0.0,0.0,0.0,0.0,0.0,0.0,0.0,0.0,0.0,0.0,0.0,0.0,0.0,66.4,0,150,71,51,65476,0,300,0,0,8,20529,65476,0,0,44564,70.0,0.0,0.0,0.0,0.0,0.0
2026-09-10T21:42:30,ERR,ERR,ERR,ERR,ERR,ERR,ERR,ERR,ERR,ERR,ERR,ERR,ERR,ERR,ERR,ERR,ERR,ERR,ERR,ERR,ERR,ERR,ERR,ERR,ERR,ERR,ERR,ERR,ERR,ERR,ERR,ERR,ERR,ERR,ERR,ERR,ERR,ERR,ERR,ERR,ERR,ERR,ERR,ERR,ERR,ERR,ERR,ERR,ERR,ERR,ERR,ERR,ERR,ERR,ERR,ERR,ERR,ERR,ERR,ERR,ERR,ERR,ERR,ERR,ERR,ERR,ERR,ERR,ERR,ERR,ERR,ERR,ERR,ERR,ERR,ERR,ERR,ERR,ERR,ERR,ERR,ERR,ERR,ERR,ERR,ERR,ERR,ERR,ERR,ERR,ERR,ERR,ERR,ERR,ERR,ERR,ERR,ERR,ERR,ERR,ERR,ERR,ERR,ERR,ERR,ERR,ERR,ERR,ERR,ERR,ERR,ERR,ERR,ERR,ERR,ERR,ERR,ERR,ERR,ERR,ERR,ERR,ERR,ERR,ERR,0.0,0.0,0.0,0.0,0.0,1.3936040501711995e+18,7.805,0.0,0,0,4,0,7116,0.0,100,0.0,0.0,0.0,0.0,0.0,0,0,0,0,0.0,0,0,0,0,0,0,0,0,0,0,0,0,0,0,0,0,0,0,0,0,0,0,0,0,0,0,0,0,0,0,0,0,0,31,40,40,71,65476,0,300,0,0,8,21553,0.0,-107605600.0,0.0,0.0,0.0,0.0,0.0,0.0,0.0,0.0,0.0,0.0,0.0,0.0,0.0,0.0,0.0,0.0,0.0,0.0,0.0,0.0,-2.004,0.0,-0.0,0.0,0.0,0.0,0.0,0.0,4490.0,-2.4229832928462634e+24,6941.0,0.0,0.0,-107615168.0,-0.0,0.0,0.0,0.0,0.0,69,-71.63,1.905682486793339e+17,0.0,0.0,0.0,0.0,0.0,0.0,0.0,0,0,0,0.0,0.0,0.0,0.0,0.0,0.0,0.0,0.0,0.0,0.0,0.0,0.0,0.0,0.0,0.0,0.0,0,-107875648.0,69,0.0,138,0.0,2.6474720257151824e+23,0,39322,17085,39322,17099,52429,17079,0,0,0,70,68,100,0.0,82.4,-107615448.0,77.9,-107615464.0,78.5,1,49,50,180,26215,26215,0,0,0.0,0.0,0.0,0.0,-0.0,67.0,0.0,162057.094,0.0,972,0,997,0,0,0,948,0,1018,0,919,0,789,0,779,0,821,0,7520,0.032,4.121694378969478e+19,0.0,0.0,784,16797,-0.0,162057.094,-114818.039,-0.0,0.133,6.909358625270745e+28,30.0,70.0,35,0.0,0.0,0.0,0.0,0.0,0.0,0.0,0.0,0.0,0.0,0.0,0.0,0.0,0.0,0.0,0.0,66.4,0,150,71,51,65476,0,300,0,0,8,20529,65476,0,0,44564,70.0,0.0,0.0,0.0,0.0,0.0
2026-09-10T21:42:31,ERR,ERR,ERR,ERR,ERR,ERR,ERR,ERR,ERR,ERR,ERR,ERR,ERR,ERR,ERR,ERR,ERR,ERR,ERR,ERR,ERR,ERR,ERR,ERR,ERR,ERR,ERR,ERR,ERR,ERR,ERR,ERR,ERR,ERR,ERR,ERR,ERR,ERR,ERR,ERR,ERR,ERR,ERR,ERR,ERR,ERR,ERR,ERR,ERR,ERR,ERR,ERR,ERR,ERR,ERR,ERR,ERR,ERR,ERR,ERR,ERR,ERR,ERR,ERR,ERR,ERR,ERR,ERR,ERR,ERR,ERR,ERR,ERR,ERR,ERR,ERR,ERR,ERR,ERR,ERR,ERR,ERR,ERR,ERR,ERR,ERR,ERR,ERR,ERR,ERR,ERR,ERR,ERR,ERR,ERR,ERR,ERR,ERR,ERR,ERR,ERR,ERR,ERR,ERR,ERR,ERR,ERR,ERR,ERR,ERR,ERR,ERR,ERR,ERR,ERR,ERR,ERR,ERR,ERR,ERR,ERR,ERR,ERR,ERR,ERR,0.0,0.0,0.0,0.0,0.0,1.3936040501711995e+18,7.805,0.0,0,0,4,0,7116,0.0,100,0.0,0.0,0.0,0.0,0.0,0,0,0,0,0.0,0,0,0,0,0,0,0,0,0,0,0,0,0,0,0,0,0,0,0,0,0,0,0,0,0,0,0,0,0,0,0,0,0,31,40,40,71,65476,0,300,0,0,8,21553,0.0,-107605600.0,0.0,0.0,0.0,0.0,0.0,0.0,0.0,0.0,0.0,0.0,0.0,0.0,0.0,0.0,0.0,0.0,0.0,0.0,0.0,0.0,-2.004,0.0,-0.0,0.0,0.0,0.0,0.0,0.0,4490.0,-2.4229832928462634e+24,6941.0,0.0,0.0,-107615168.0,-0.0,0.0,0.0,0.0,0.0,69,-71.63,1.905682486793339e+17,0.0,0.0,0.0,0.0,0.0,0.0,0.0,0,0,0,0.0,0.0,0.0,0.0,0.0,0.0,0.0,0.0,0.0,0.0,0.0,0.0,0.0,0.0,0.0,0.0,0,-107875648.0,69,0.0,138,0.0,2.6474720257151824e+23,0,39322,17085,39322,17099,52429,17079,0,0,0,70,68,100,0.0,82.4,-107615448.0,77.9,-107615464.0,78.5,1,49,50,180,26215,26215,0,0,0.0,0.0,0.0,0.0,-0.0,67.0,0.0,162057.094,0.0,972,0,997,0,0,0,948,0,1018,0,919,0,789,0,779,0,821,0,7520,0.032,4.121694378969478e+19,0.0,0.0,784,16797,-0.0,162057.094,-114818.039,-0.0,0.133,6.909358625270745e+28,30.0,70.0,35,0.0,0.0,0.0,0.0,0.0,0.0,0.0,0.0,0.0,0.0,0.0,0.0,0.0,0.0,0.0,0.0,66.4,0,150,71,51,65476,0,300,0,0,8,20529,65476,0,0,44564,70.0,0.0,0.0,0.0,0.0,0.0
2026-09-10T21:42:32,ERR,ERR,ERR,ERR,ERR,ERR,ERR,ERR,ERR,ERR,ERR,ERR,ERR,ERR,ERR,ERR,ERR,ERR,ERR,ERR,ERR,ERR,ERR,ERR,ERR,ERR,ERR,ERR,ERR,ERR,ERR,ERR,ERR,ERR,ERR,ERR,ERR,ERR,ERR,ERR,ERR,ERR,ERR,ERR,ERR,ERR,ERR,ERR,ERR,ERR,ERR,ERR,ERR,ERR,ERR,ERR,ERR,ERR,ERR,ERR,ERR,ERR,ERR,ERR,ERR,ERR,ERR,ERR,ERR,ERR,ERR,ERR,ERR,ERR,ERR,ERR,ERR,ERR,ERR,ERR,ERR,ERR,ERR,ERR,ERR,ERR,ERR,ERR,ERR,ERR,ERR,ERR,ERR,ERR,ERR,ERR,ERR,ERR,ERR,ERR,ERR,ERR,ERR,ERR,ERR,ERR,ERR,ERR,ERR,ERR,ERR,ERR,ERR,ERR,ERR,ERR,ERR,ERR,ERR,ERR,ERR,ERR,ERR,ERR,ERR,0.0,0.0,0.0,0.0,0.0,1.3936040501711995e+18,7.805,0.0,0,0,4,0,7116,0.0,100,0.0,0.0,0.0,0.0,0.0,0,0,0,0,0.0,0,0,0,0,0,0,0,0,0,0,0,0,0,0,0,0,0,0,0,0,0,0,0,0,0,0,0,0,0,0,0,0,0,31,40,40,71,65476,0,300,0,0,8,21553,0.0,-107605600.0,0.0,0.0,0.0,0.0,0.0,0.0,0.0,0.0,0.0,0.0,0.0,0.0,0.0,0.0,0.0,0.0,0.0,0.0,0.0,0.0,-2.004,0.0,-0.0,0.0,0.0,0.0,0.0,0.0,4490.0,-2.4229832928462634e+24,6941.0,0.0,0.0,-107615168.0,-0.0,0.0,0.0,0.0,0.0,69,-71.63,1.905682486793339e+17,0.0,0.0,0.0,0.0,0.0,0.0,0.0,0,0,0,0.0,0.0,0.0,0.0,0.0,0.0,0.0,0.0,0.0,0.0,0.0,0.0,0.0,0.0,0.0,0.0,0,-107875648.0,69,0.0,138,0.0,2.6474720257151824e+23,0,39322,17085,39322,17099,52429,17079,0,0,0,70,68,100,0.0,82.4,-107615448.0,77.9,-107615464.0,78.5,1,49,50,180,26215,26215,0,0,0.0,0.0,0.0,0.0,-0.0,67.0,0.0,162057.094,0.0,972,0,997,0,0,0,948,0,1018,0,919,0,789,0,779,0,821,0,7520,0.032,4.121694378969478e+19,0.0,0.0,784,16797,-0.0,162057.094,-114818.039,-0.0,0.133,6.909358625270745e+28,30.0,70.0,35,0.0,0.0,0.0,0.0,0.0,0.0,0.0,0.0,0.0,0.0,0.0,0.0,0.0,0.0,0.0,0.0,66.8,0,150,71,51,65476,0,300,0,0,8,20529,65476,0,0,44564,70.0,0.0,0.0,0.0,0.0,0.0
2026-09-10T21:42:33,ERR,ERR,ERR,ERR,ERR,ERR,ERR,ERR,ERR,ERR,ERR,ERR,ERR,ERR,ERR,ERR,ERR,ERR,ERR,ERR,ERR,ERR,ERR,ERR,ERR,ERR,ERR,ERR,ERR,ERR,ERR,ERR,ERR,ERR,ERR,ERR,ERR,ERR,ERR,ERR,ERR,ERR,ERR,ERR,ERR,ERR,ERR,ERR,ERR,ERR,ERR,ERR,ERR,ERR,ERR,ERR,ERR,ERR,ERR,ERR,ERR,ERR,ERR,ERR,ERR,ERR,ERR,ERR,ERR,ERR,ERR,ERR,ERR,ERR,ERR,ERR,ERR,ERR,ERR,ERR,ERR,ERR,ERR,ERR,ERR,ERR,ERR,ERR,ERR,ERR,ERR,ERR,ERR,ERR,ERR,ERR,ERR,ERR,ERR,ERR,ERR,ERR,ERR,ERR,ERR,ERR,ERR,ERR,ERR,ERR,ERR,ERR,ERR,ERR,ERR,ERR,ERR,ERR,ERR,ERR,ERR,ERR,ERR,ERR,ERR,0.0,0.0,0.0,0.0,0.0,1.3936040501711995e+18,7.805,0.0,0,0,4,0,7116,0.0,100,0.0,0.0,0.0,0.0,0.0,0,0,0,0,0.0,0,0,0,0,0,0,0,0,0,0,0,0,0,0,0,0,0,0,0,0,0,0,0,0,0,0,0,0,0,0,0,0,0,31,40,40,71,65476,0,300,0,0,8,21553,0.0,-107605600.0,0.0,0.0,0.0,0.0,0.0,0.0,0.0,0.0,0.0,0.0,0.0,0.0,0.0,0.0,0.0,0.0,0.0,0.0,0.0,0.0,-2.004,0.0,-0.0,0.0,0.0,0.0,0.0,0.0,4490.0,-2.4229832928462634e+24,6941.0,0.0,0.0,-107615168.0,-0.0,0.0,0.0,0.0,0.0,69,-71.63,1.905682486793339e+17,0.0,0.0,0.0,0.0,0.0,0.0,0.0,0,0,0,0.0,0.0,0.0,0.0,0.0,0.0,0.0,0.0,0.0,0.0,0.0,0.0,0.0,0.0,0.0,0.0,0,-107875648.0,69,0.0,138,0.0,2.6474720257151824e+23,0,39322,17085,39322,17099,52429,17079,0,0,0,70,68,100,0.0,82.4,-107615448.0,77.9,-107615464.0,78.5,1,49,50,180,26215,26215,0,0,0.0,0.0,0.0,0.0,-0.0,67.0,0.0,162057.094,0.0,972,0,997,0,0,0,948,0,1018,0,919,0,789,0,779,0,821,0,7520,0.032,4.150517416584649e+19,0.0,0.0,784,16797,-0.0,162057.094,-114818.039,-0.0,0.133,6.909358625270745e+28,30.0,70.0,35,0.0,0.0,0.0,0.0,0.0,0.0,0.0,0.0,0.0,0.0,0.0,0.0,0.0,0.0,0.0,0.0,66.8,0,150,71,51,65476,0,300,0,0,8,20529,65476,0,0,44564,70.0,0.0,0.0,0.0,0.0,0.0
2026-09-10T21:42:34,ERR,ERR,ERR,ERR,ERR,ERR,ERR,ERR,ERR,ERR,ERR,ERR,ERR,ERR,ERR,ERR,ERR,ERR,ERR,ERR,ERR,ERR,ERR,ERR,ERR,ERR,ERR,ERR,ERR,ERR,ERR,ERR,ERR,ERR,ERR,ERR,ERR,ERR,ERR,ERR,ERR,ERR,ERR,ERR,ERR,ERR,ERR,ERR,ERR,ERR,ERR,ERR,ERR,ERR,ERR,ERR,ERR,ERR,ERR,ERR,ERR,ERR,ERR,ERR,ERR,ERR,ERR,ERR,ERR,ERR,ERR,ERR,ERR,ERR,ERR,ERR,ERR,ERR,ERR,ERR,ERR,ERR,ERR,ERR,ERR,ERR,ERR,ERR,ERR,ERR,ERR,ERR,ERR,ERR,ERR,ERR,ERR,ERR,ERR,ERR,ERR,ERR,ERR,ERR,ERR,ERR,ERR,ERR,ERR,ERR,ERR,ERR,ERR,ERR,ERR,ERR,ERR,ERR,ERR,ERR,ERR,ERR,ERR,ERR,ERR,0.0,0.0,0.0,0.0,0.0,1.3936040501711995e+18,7.805,0.0,0,0,4,0,7116,0.0,100,0.0,0.0,0.0,0.0,0.0,0,0,0,0,0.0,0,0,0,0,0,0,0,0,0,0,0,0,0,0,0,0,0,0,0,0,0,0,0,0,0,0,0,0,0,0,0,0,0,31,40,40,71,65476,0,300,0,0,8,21553,0.0,-107605600.0,0.0,0.0,0.0,0.0,0.0,0.0,0.0,0.0,0.0,0.0,0.0,0.0,0.0,0.0,0.0,0.0,0.0,0.0,0.0,0.0,-2.004,0.0,-0.0,0.0,0.0,0.0,0.0,0.0,4490.0,-2.4229832928462634e+24,6941.0,0.0,0.0,-107615168.0,-0.0,0.0,0.0,0.0,0.0,69,-71.63,1.905682486793339e+17,0.0,0.0,0.0,0.0,0.0,0.0,0.0,0,0,0,0.0,0.0,0.0,0.0,0.0,0.0,0.0,0.0,0.0,0.0,0.0,0.0,0.0,0.0,0.0,0.0,0,-107875648.0,69,0.0,138,0.0,2.6474720257151824e+23,0,39322,17085,39322,17099,52429,17079,0,0,0,70,68,100,0.0,82.4,-107615448.0,77.9,-107615464.0,78.5,1,49,50,180,26215,26215,0,0,0.0,0.0,0.0,0.0,-0.0,67.0,0.0,162057.094,0.0,972,0,997,0,0,0,948,0,1018,0,919,0,789,0,779,0,821,0,7520,0.032,4.150517416584649e+19,0.0,0.0,784,16797,-0.0,162057.094,-114818.039,-0.0,0.133,6.909358625270745e+28,30.0,70.0,35,0.0,0.0,0.0,0.0,0.0,0.0,0.0,0.0,0.0,0.0,0.0,0.0,0.0,0.0,0.0,0.0,66.8,0,150,71,51,65476,0,300,0,0,8,20529,65476,0,0,44564,70.0,0.0,0.0,0.0,0.0,0.0
2026-09-10T21:42:35,ERR,ERR,ERR,ERR,ERR,ERR,ERR,ERR,ERR,ERR,ERR,ERR,ERR,ERR,ERR,ERR,ERR,ERR,ERR,ERR,ERR,ERR,ERR,ERR,ERR,ERR,ERR,ERR,ERR,ERR,ERR,ERR,ERR,ERR,ERR,ERR,ERR,ERR,ERR,ERR,ERR,ERR,ERR,ERR,ERR,ERR,ERR,ERR,ERR,ERR,ERR,ERR,ERR,ERR,ERR,ERR,ERR,ERR,ERR,ERR,ERR,ERR,ERR,ERR,ERR,ERR,ERR,ERR,ERR,ERR,ERR,ERR,ERR,ERR,ERR,ERR,ERR,ERR,ERR,ERR,ERR,ERR,ERR,ERR,ERR,ERR,ERR,ERR,ERR,ERR,ERR,ERR,ERR,ERR,ERR,ERR,ERR,ERR,ERR,ERR,ERR,ERR,ERR,ERR,ERR,ERR,ERR,ERR,ERR,ERR,ERR,ERR,ERR,ERR,ERR,ERR,ERR,ERR,ERR,ERR,ERR,ERR,ERR,ERR,ERR,0.0,0.0,0.0,0.0,0.0,1.3936040501711995e+18,7.805,0.0,0,0,4,0,7116,0.0,100,0.0,0.0,0.0,0.0,0.0,0,0,0,0,0.0,0,0,0,0,0,0,0,0,0,0,0,0,0,0,0,0,0,0,0,0,0,0,0,0,0,0,0,0,0,0,0,0,0,31,40,40,71,65476,0,300,0,0,8,21553,0.0,-107605600.0,0.0,0.0,0.0,0.0,0.0,0.0,0.0,0.0,0.0,0.0,0.0,0.0,0.0,0.0,0.0,0.0,0.0,0.0,0.0,0.0,-2.004,0.0,-0.0,0.0,0.0,0.0,0.0,0.0,4490.0,-2.4229832928462634e+24,6941.0,0.0,0.0,-107615168.0,-0.0,0.0,0.0,0.0,0.0,69,-71.63,1.905682486793339e+17,0.0,0.0,0.0,0.0,0.0,0.0,0.0,0,0,0,0.0,0.0,0.0,0.0,0.0,0.0,0.0,0.0,0.0,0.0,0.0,0.0,0.0,0.0,0.0,0.0,0,-107875648.0,69,0.0,138,0.0,2.6474720257151824e+23,0,39322,17085,39322,17099,52429,17079,0,0,0,70,68,100,0.0,82.4,-107615448.0,77.9,-107615464.0,78.5,1,49,50,180,26215,26215,0,0,0.0,0.0,0.0,0.0,-0.0,67.0,0.0,162057.094,0.0,972,0,997,0,0,0,948,0,1018,0,919,0,789,0,779,0,821,0,7520,0.032,4.150517416584649e+19,0.0,0.0,784,16797,-0.0,162057.094,-114818.039,-0.0,0.133,6.909358625270745e+28,30.0,70.0,35,0.0,0.0,0.0,0.0,0.0,0.0,0.0,0.0,0.0,0.0,0.0,0.0,0.0,0.0,0.0,0.0,66.4,0,150,71,51,65476,0,300,0,0,8,20529,65476,0,0,44564,70.0,0.0,0.0,0.0,0.0,0.0
2026-09-10T21:42:36,ERR,ERR,ERR,ERR,ERR,ERR,ERR,ERR,ERR,ERR,ERR,ERR,ERR,ERR,ERR,ERR,ERR,ERR,ERR,ERR,ERR,ERR,ERR,ERR,ERR,ERR,ERR,ERR,ERR,ERR,ERR,ERR,ERR,ERR,ERR,ERR,ERR,ERR,ERR,ERR,ERR,ERR,ERR,ERR,ERR,ERR,ERR,ERR,ERR,ERR,ERR,ERR,ERR,ERR,ERR,ERR,ERR,ERR,ERR,ERR,ERR,ERR,ERR,ERR,ERR,ERR,ERR,ERR,ERR,ERR,ERR,ERR,ERR,ERR,ERR,ERR,ERR,ERR,ERR,ERR,ERR,ERR,ERR,ERR,ERR,ERR,ERR,ERR,ERR,ERR,ERR,ERR,ERR,ERR,ERR,ERR,ERR,ERR,ERR,ERR,ERR,ERR,ERR,ERR,ERR,ERR,ERR,ERR,ERR,ERR,ERR,ERR,ERR,ERR,ERR,ERR,ERR,ERR,ERR,ERR,ERR,ERR,ERR,ERR,ERR,0.0,0.0,0.0,0.0,0.0,1.3936040501711995e+18,7.805,0.0,0,0,4,0,7116,0.0,100,0.0,0.0,0.0,0.0,0.0,0,0,0,0,0.0,0,0,0,0,0,0,0,0,0,0,0,0,0,0,0,0,0,0,0,0,0,0,0,0,0,0,0,0,0,0,0,0,0,31,40,40,71,65476,0,300,0,0,8,21553,0.0,-107605600.0,0.0,0.0,0.0,0.0,0.0,0.0,0.0,0.0,0.0,0.0,0.0,0.0,0.0,0.0,0.0,0.0,0.0,0.0,0.0,0.0,-2.004,0.0,-0.0,0.0,0.0,0.0,0.0,0.0,4490.0,-2.4229832928462634e+24,6941.0,0.0,0.0,-107615168.0,-0.0,0.0,0.0,0.0,0.0,69,-71.63,1.905682486793339e+17,0.0,0.0,0.0,0.0,0.0,0.0,0.0,0,0,0,0.0,0.0,0.0,0.0,0.0,0.0,0.0,0.0,0.0,0.0,0.0,0.0,0.0,0.0,0.0,0.0,0,-107875648.0,69,0.0,138,0.0,2.6474720257151824e+23,0,39322,17085,39322,17099,52429,17079,0,0,0,70,68,100,0.0,82.4,-107615448.0,77.9,-107615464.0,78.5,1,49,50,180,26215,26215,0,0,0.0,0.0,0.0,0.0,-0.0,67.0,0.0,162057.094,0.0,972,0,997,0,0,0,948,0,1018,0,919,0,789,0,779,0,821,0,7520,0.032,4.150517416584649e+19,0.0,0.0,784,16797,-0.0,162057.094,-114818.039,-0.0,0.133,6.909358625270745e+28,30.0,70.0,35,0.0,0.0,0.0,0.0,0.0,0.0,0.0,0.0,0.0,0.0,0.0,0.0,0.0,0.0,0.0,0.0,66.4,0,150,71,51,65476,0,300,0,0,8,20529,65476,0,0,44564,70.0,0.0,0.0,0.0,0.0,0.0
2026-09-10T21:42:37,ERR,ERR,ERR,ERR,ERR,ERR,ERR,ERR,ERR,ERR,ERR,ERR,ERR,ERR,ERR,ERR,ERR,ERR,ERR,ERR,ERR,ERR,ERR,ERR,ERR,ERR,ERR,ERR,ERR,ERR,ERR,ERR,ERR,ERR,ERR,ERR,ERR,ERR,ERR,ERR,ERR,ERR,ERR,ERR,ERR,ERR,ERR,ERR,ERR,ERR,ERR,ERR,ERR,ERR,ERR,ERR,ERR,ERR,ERR,ERR,ERR,ERR,ERR,ERR,ERR,ERR,ERR,ERR,ERR,ERR,ERR,ERR,ERR,ERR,ERR,ERR,ERR,ERR,ERR,ERR,ERR,ERR,ERR,ERR,ERR,ERR,ERR,ERR,ERR,ERR,ERR,ERR,ERR,ERR,ERR,ERR,ERR,ERR,ERR,ERR,ERR,ERR,ERR,ERR,ERR,ERR,ERR,ERR,ERR,ERR,ERR,ERR,ERR,ERR,ERR,ERR,ERR,ERR,ERR,ERR,ERR,ERR,ERR,ERR,ERR,0.0,0.0,0.0,0.0,0.0,1.3936040501711995e+18,7.805,0.0,0,0,4,0,7116,0.0,100,0.0,0.0,0.0,0.0,0.0,0,0,0,0,0.0,0,0,0,0,0,0,0,0,0,0,0,0,0,0,0,0,0,0,0,0,0,0,0,0,0,0,0,0,0,0,0,0,0,31,40,40,71,65476,0,300,0,0,8,21553,0.0,-107605600.0,0.0,0.0,0.0,0.0,0.0,0.0,0.0,0.0,0.0,0.0,0.0,0.0,0.0,0.0,0.0,0.0,0.0,0.0,0.0,0.0,-2.004,0.0,-0.0,0.0,0.0,0.0,0.0,0.0,4490.0,-2.4229832928462634e+24,6941.0,0.0,0.0,-107615168.0,-0.0,0.0,0.0,0.0,0.0,69,-71.63,1.905682486793339e+17,0.0,0.0,0.0,0.0,0.0,0.0,0.0,0,0,0,0.0,0.0,0.0,0.0,0.0,0.0,0.0,0.0,0.0,0.0,0.0,0.0,0.0,0.0,0.0,0.0,0,-107875648.0,69,0.0,138,0.0,2.6474720257151824e+23,0,39322,17085,39322,17099,52429,17079,0,0,0,70,68,100,0.0,82.4,-107615448.0,77.9,-107615464.0,78.5,1,49,50,180,26215,26215,0,0,0.0,0.0,0.0,0.0,-0.0,67.0,0.0,162057.094,0.0,972,0,997,0,0,0,948,0,1018,0,919,0,789,0,779,0,821,0,7520,0.032,4.150517416584649e+19,0.0,0.0,784,16797,-0.0,162057.094,-114818.039,-0.0,0.133,6.909358625270745e+28,30.0,70.0,35,0.0,0.0,0.0,0.0,0.0,0.0,0.0,0.0,0.0,0.0,0.0,0.0,0.0,0.0,0.0,0.0,66.4,0,150,71,51,65476,0,300,0,0,8,20529,65476,0,0,44564,70.0,0.0,0.0,0.0,0.0,0.0
2026-09-10T21:42:38,ERR,ERR,ERR,ERR,ERR,ERR,ERR,ERR,ERR,ERR,ERR,ERR,ERR,ERR,ERR,ERR,ERR,ERR,ERR,ERR,ERR,ERR,ERR,ERR,ERR,ERR,ERR,ERR,ERR,ERR,ERR,ERR,ERR,ERR,ERR,ERR,ERR,ERR,ERR,ERR,ERR,ERR,ERR,ERR,ERR,ERR,ERR,ERR,ERR,ERR,ERR,ERR,ERR,ERR,ERR,ERR,ERR,ERR,ERR,ERR,ERR,ERR,ERR,ERR,ERR,ERR,ERR,ERR,ERR,ERR,ERR,ERR,ERR,ERR,ERR,ERR,ERR,ERR,ERR,ERR,ERR,ERR,ERR,ERR,ERR,ERR,ERR,ERR,ERR,ERR,ERR,ERR,ERR,ERR,ERR,ERR,ERR,ERR,ERR,ERR,ERR,ERR,ERR,ERR,ERR,ERR,ERR,ERR,ERR,ERR,ERR,ERR,ERR,ERR,ERR,ERR,ERR,ERR,ERR,ERR,ERR,ERR,ERR,ERR,ERR,0.0,0.0,0.0,0.0,0.0,1.3936040501711995e+18,7.805,0.0,0,0,4,0,7116,0.0,100,0.0,0.0,0.0,0.0,0.0,0,0,0,0,0.0,0,0,0,0,0,0,0,0,0,0,0,0,0,0,0,0,0,0,0,0,0,0,0,0,0,0,0,0,0,0,0,0,0,31,40,40,71,65476,0,300,0,0,8,21553,0.0,-107605600.0,0.0,0.0,0.0,0.0,0.0,0.0,0.0,0.0,0.0,0.0,0.0,0.0,0.0,0.0,0.0,0.0,0.0,0.0,0.0,0.0,-2.004,0.0,-0.0,0.0,0.0,0.0,0.0,0.0,4490.0,-2.4229832928462634e+24,6941.0,0.0,0.0,-107615168.0,-0.0,0.0,0.0,0.0,0.0,69,-71.63,1.905682486793339e+17,0.0,0.0,0.0,0.0,0.0,0.0,0.0,0,0,0,0.0,0.0,0.0,0.0,0.0,0.0,0.0,0.0,0.0,0.0,0.0,0.0,0.0,0.0,0.0,0.0,0,-107875648.0,69,0.0,138,0.0,2.6474720257151824e+23,0,39322,17085,39322,17099,52429,17079,0,0,0,70,68,100,0.0,82.4,-107615448.0,77.9,-107615464.0,78.5,1,49,50,180,26215,26215,0,0,0.0,0.0,0.0,0.0,-0.0,67.0,0.0,162057.094,0.0,972,0,997,0,0,0,948,0,1018,0,919,0,789,0,779,0,821,0,7520,0.032,4.150517416584649e+19,0.0,0.0,784,16797,-0.0,162057.094,-114818.039,-0.0,0.133,6.909358625270745e+28,30.0,70.0,35,0.0,0.0,0.0,0.0,0.0,0.0,0.0,0.0,0.0,0.0,0.0,0.0,0.0,0.0,0.0,0.0,66.4,0,150,71,51,65476,0,300,0,0,8,20529,65476,0,0,44564,70.0,0.0,0.0,0.0,0.0,0.0
2026-09-10T21:42:39,ERR,ERR,ERR,ERR,ERR,ERR,ERR,ERR,ERR,ERR,ERR,ERR,ERR,ERR,ERR,ERR,ERR,ERR,ERR,ERR,ERR,ERR,ERR,ERR,ERR,ERR,ERR,ERR,ERR,ERR,ERR,ERR,ERR,ERR,ERR,ERR,ERR,ERR,ERR,ERR,ERR,ERR,ERR,ERR,ERR,ERR,ERR,ERR,ERR,ERR,ERR,ERR,ERR,ERR,ERR,ERR,ERR,ERR,ERR,ERR,ERR,ERR,ERR,ERR,ERR,ERR,ERR,ERR,ERR,ERR,ERR,ERR,ERR,ERR,ERR,ERR,ERR,ERR,ERR,ERR,ERR,ERR,ERR,ERR,ERR,ERR,ERR,ERR,ERR,ERR,ERR,ERR,ERR,ERR,ERR,ERR,ERR,ERR,ERR,ERR,ERR,ERR,ERR,ERR,ERR,ERR,ERR,ERR,ERR,ERR,ERR,ERR,ERR,ERR,ERR,ERR,ERR,ERR,ERR,ERR,ERR,ERR,ERR,ERR,ERR,0.0,0.0,2.6474835549302285e+23,0.0,0.0,1.3936040501711995e+18,7.805,0.0,0,0,4,0,7116,0.0,100,0.0,0.0,0.0,0.0,0.0,0,0,0,0,0.0,0,0,0,0,0,0,0,0,0,0,0,0,0,0,0,0,0,0,0,0,0,0,0,0,0,0,0,0,0,0,0,0,0,31,40,40,71,65476,0,300,0,0,8,21553,0.0,-107605600.0,0.0,0.0,0.0,0.0,0.0,0.0,0.0,0.0,0.0,0.0,0.0,0.0,0.0,0.0,0.0,0.0,0.0,0.0,0.0,0.0,-2.004,0.0,-0.0,0.0,0.0,0.0,0.0,0.0,4487.0,-0.0,6935.0,0.0,0.0,-107615168.0,-0.0,0.0,0.0,0.0,0.0,69,-0.0,0.0,0.0,0.0,0.0,0.0,0.0,0.0,0.0,0,0,0,0.0,0.0,0.0,0.0,0.0,0.0,0.0,0.0,0.0,0.0,0.0,0.0,0.0,0.0,0.0,0.0,0,-107875648.0,69,0.0,138,0.0,2.6474720257151824e+23,0,39322,17085,39322,17099,52429,17079,0,0,0,70,68,100,0.0,82.4,-107615448.0,77.8,-107615464.0,78.5,1,49,50,180,26215,26215,0,0,0.0,0.0,0.0,0.0,-0.0,67.0,0.0,162057.094,0.0,972,0,997,0,0,0,948,0,1018,0,920,0,789,0,779,0,821,0,7520,0.032,4.150517416584649e+19,0.0,0.0,784,16797,-0.0,162057.094,-114818.039,-0.0,0.133,6.909358625270745e+28,30.0,70.0,35,0.0,0.0,0.0,0.0,0.0,0.0,0.0,0.0,0.0,0.0,0.0,0.0,0.0,0.0,0.0,0.0,66.4,0,150,71,51,65476,0,300,0,0,8,20529,65476,0,0,44564,70.0,0.0,0.0,0.0,0.0,0.0
2026-09-10T21:42:40,ERR,ERR,ERR,ERR,ERR,ERR,ERR,ERR,ERR,ERR,ERR,ERR,ERR,ERR,ERR,ERR,ERR,ERR,ERR,ERR,ERR,ERR,ERR,ERR,ERR,ERR,ERR,ERR,ERR,ERR,ERR,ERR,ERR,ERR,ERR,ERR,ERR,ERR,ERR,ERR,ERR,ERR,ERR,ERR,ERR,ERR,ERR,ERR,ERR,ERR,ERR,ERR,ERR,ERR,ERR,ERR,ERR,ERR,ERR,ERR,ERR,ERR,ERR,ERR,ERR,ERR,ERR,ERR,ERR,ERR,ERR,ERR,ERR,ERR,ERR,ERR,ERR,ERR,ERR,ERR,ERR,ERR,ERR,ERR,ERR,ERR,ERR,ERR,ERR,ERR,ERR,ERR,ERR,ERR,ERR,ERR,ERR,ERR,ERR,ERR,ERR,ERR,ERR,ERR,ERR,ERR,ERR,ERR,ERR,ERR,ERR,ERR,ERR,ERR,ERR,ERR,ERR,ERR,ERR,ERR,ERR,ERR,ERR,ERR,ERR,0.0,0.0,2.6474835549302285e+23,0.0,0.0,1.3936040501711995e+18,7.805,0.0,0,0,4,0,7116,0.0,100,0.0,0.0,0.0,0.0,0.0,0,0,0,0,0.0,0,0,0,0,0,0,0,0,0,0,0,0,0,0,0,0,0,0,0,0,0,0,0,0,0,0,0,0,0,0,0,0,0,31,40,40,71,65476,0,300,0,0,8,21553,0.0,-107605600.0,0.0,0.0,0.0,0.0,0.0,0.0,0.0,0.0,0.0,0.0,0.0,0.0,0.0,0.0,0.0,0.0,0.0,0.0,0.0,0.0,-2.004,0.0,-0.0,0.0,0.0,0.0,0.0,0.0,4487.0,-0.0,6935.0,0.0,0.0,-107615168.0,-0.0,0.0,0.0,0.0,0.0,69,-0.0,0.0,0.0,0.0,0.0,0.0,0.0,0.0,0.0,0,0,0,0.0,0.0,0.0,0.0,0.0,0.0,0.0,0.0,0.0,0.0,0.0,0.0,0.0,0.0,0.0,0.0,0,-107875648.0,69,0.0,138,0.0,2.6474720257151824e+23,0,39322,17085,39322,17099,52429,17079,0,0,0,70,68,100,0.0,82.4,-107615448.0,77.8,-107615464.0,78.5,1,49,50,180,26215,26215,0,0,0.0,0.0,0.0,0.0,-0.0,67.0,0.0,162057.094,0.0,972,0,997,0,0,0,948,0,1018,0,920,0,789,0,779,0,821,0,7520,0.032,4.150517416584649e+19,0.0,0.0,784,16797,-0.0,162057.094,-114818.039,-0.0,0.133,6.909358625270745e+28,30.0,70.0,35,0.0,0.0,0.0,0.0,0.0,0.0,0.0,0.0,0.0,0.0,0.0,0.0,0.0,0.0,0.0,0.0,66.4,0,150,71,51,65476,0,300,0,0,8,20529,65476,0,0,44564,70.0,0.0,0.0,0.0,0.0,0.0
2026-09-10T21:42:41,ERR,ERR,ERR,ERR,ERR,ERR,ERR,ERR,ERR,ERR,ERR,ERR,ERR,ERR,ERR,ERR,ERR,ERR,ERR,ERR,ERR,ERR,ERR,ERR,ERR,ERR,ERR,ERR,ERR,ERR,ERR,ERR,ERR,ERR,ERR,ERR,ERR,ERR,ERR,ERR,ERR,ERR,ERR,ERR,ERR,ERR,ERR,ERR,ERR,ERR,ERR,ERR,ERR,ERR,ERR,ERR,ERR,ERR,ERR,ERR,ERR,ERR,ERR,ERR,ERR,ERR,ERR,ERR,ERR,ERR,ERR,ERR,ERR,ERR,ERR,ERR,ERR,ERR,ERR,ERR,ERR,ERR,ERR,ERR,ERR,ERR,ERR,ERR,ERR,ERR,ERR,ERR,ERR,ERR,ERR,ERR,ERR,ERR,ERR,ERR,ERR,ERR,ERR,ERR,ERR,ERR,ERR,ERR,ERR,ERR,ERR,ERR,ERR,ERR,ERR,ERR,ERR,ERR,ERR,ERR,ERR,ERR,ERR,ERR,ERR,0.0,0.0,2.6474835549302285e+23,0.0,0.0,1.3936040501711995e+18,7.805,0.0,0,0,4,0,7116,0.0,100,0.0,0.0,0.0,0.0,0.0,0,0,0,0,0.0,0,0,0,0,0,0,0,0,0,0,0,0,0,0,0,0,0,0,0,0,0,0,0,0,0,0,0,0,0,0,0,0,0,31,40,40,71,65476,0,300,0,0,8,21553,0.0,-107605600.0,0.0,0.0,0.0,0.0,0.0,0.0,0.0,0.0,0.0,0.0,0.0,0.0,0.0,0.0,0.0,0.0,0.0,0.0,0.0,0.0,-2.004,0.0,-0.0,0.0,0.0,0.0,0.0,0.0,4487.0,-0.0,6935.0,0.0,0.0,-107615168.0,-0.0,0.0,0.0,0.0,0.0,69,-0.0,0.0,0.0,0.0,0.0,0.0,0.0,0.0,0.0,0,0,0,0.0,0.0,0.0,0.0,0.0,0.0,0.0,0.0,0.0,0.0,0.0,0.0,0.0,0.0,0.0,0.0,0,-107875648.0,69,0.0,138,0.0,2.6474720257151824e+23,0,39322,17085,39322,17099,52429,17079,0,0,0,70,68,100,0.0,82.4,-107615448.0,77.8,-107615464.0,78.5,1,49,50,180,26215,26215,0,0,0.0,0.0,0.0,0.0,-0.0,67.0,0.0,162057.094,0.0,972,0,997,0,0,0,948,0,1018,0,920,0,789,0,779,0,821,0,7520,0.032,4.150517416584649e+19,0.0,0.0,784,16797,-0.0,162057.094,-114818.039,-0.0,0.133,6.909358625270745e+28,30.0,70.0,35,0.0,0.0,0.0,0.0,0.0,0.0,0.0,0.0,0.0,0.0,0.0,0.0,0.0,0.0,0.0,0.0,66.8,0,150,71,51,65476,0,300,0,0,8,20529,65476,0,0,44564,70.0,0.0,0.0,0.0,0.0,0.0
2026-09-10T21:42:42,ERR,ERR,ERR,ERR,ERR,ERR,ERR,ERR,ERR,ERR,ERR,ERR,ERR,ERR,ERR,ERR,ERR,ERR,ERR,ERR,ERR,ERR,ERR,ERR,ERR,ERR,ERR,ERR,ERR,ERR,ERR,ERR,ERR,ERR,ERR,ERR,ERR,ERR,ERR,ERR,ERR,ERR,ERR,ERR,ERR,ERR,ERR,ERR,ERR,ERR,ERR,ERR,ERR,ERR,ERR,ERR,ERR,ERR,ERR,ERR,ERR,ERR,ERR,ERR,ERR,ERR,ERR,ERR,ERR,ERR,ERR,ERR,ERR,ERR,ERR,ERR,ERR,ERR,ERR,ERR,ERR,ERR,ERR,ERR,ERR,ERR,ERR,ERR,ERR,ERR,ERR,ERR,ERR,ERR,ERR,ERR,ERR,ERR,ERR,ERR,ERR,ERR,ERR,ERR,ERR,ERR,ERR,ERR,ERR,ERR,ERR,ERR,ERR,ERR,ERR,ERR,ERR,ERR,ERR,ERR,ERR,ERR,ERR,ERR,ERR,0.0,0.0,2.6474835549302285e+23,0.0,0.0,1.3936040501711995e+18,7.805,0.0,0,0,4,0,7116,0.0,100,0.0,0.0,0.0,0.0,0.0,0,0,0,0,0.0,0,0,0,0,0,0,0,0,0,0,0,0,0,0,0,0,0,0,0,0,0,0,0,0,0,0,0,0,0,0,0,0,0,31,40,40,71,65476,0,300,0,0,8,21553,0.0,-107605600.0,0.0,0.0,0.0,0.0,0.0,0.0,0.0,0.0,0.0,0.0,0.0,0.0,0.0,0.0,0.0,0.0,0.0,0.0,0.0,0.0,-2.004,0.0,-0.0,0.0,0.0,0.0,0.0,0.0,4487.0,-0.0,6935.0,0.0,0.0,-107615168.0,-0.0,0.0,0.0,0.0,0.0,69,-0.0,0.0,0.0,0.0,0.0,0.0,0.0,0.0,0.0,0,0,0,0.0,0.0,0.0,0.0,0.0,0.0,0.0,0.0,0.0,0.0,0.0,0.0,0.0,0.0,0.0,0.0,0,-107875648.0,69,0.0,138,0.0,2.6474720257151824e+23,0,39322,17085,39322,17099,52429,17079,0,0,0,70,68,100,0.0,82.4,-107615448.0,77.8,-107615464.0,78.5,1,49,50,180,26215,26215,0,0,0.0,0.0,0.0,0.0,-0.0,67.0,0.0,162057.094,0.0,972,0,997,0,0,0,948,0,1018,0,920,0,789,0,779,0,821,0,7520,0.032,4.150517416584649e+19,0.0,0.0,784,16797,-0.0,162057.094,-114818.039,-0.0,0.133,6.909358625270745e+28,30.0,70.0,35,0.0,0.0,0.0,0.0,0.0,0.0,0.0,0.0,0.0,0.0,0.0,0.0,0.0,0.0,0.0,0.0,66.8,0,150,71,51,65476,0,300,0,0,8,20529,65476,0,0,44564,70.0,0.0,0.0,0.0,0.0,0.0
2026-09-10T21:42:43,ERR,ERR,ERR,ERR,ERR,ERR,ERR,ERR,ERR,ERR,ERR,ERR,ERR,ERR,ERR,ERR,ERR,ERR,ERR,ERR,ERR,ERR,ERR,ERR,ERR,ERR,ERR,ERR,ERR,ERR,ERR,ERR,ERR,ERR,ERR,ERR,ERR,ERR,ERR,ERR,ERR,ERR,ERR,ERR,ERR,ERR,ERR,ERR,ERR,ERR,ERR,ERR,ERR,ERR,ERR,ERR,ERR,ERR,ERR,ERR,ERR,ERR,ERR,ERR,ERR,ERR,ERR,ERR,ERR,ERR,ERR,ERR,ERR,ERR,ERR,ERR,ERR,ERR,ERR,ERR,ERR,ERR,ERR,ERR,ERR,ERR,ERR,ERR,ERR,ERR,ERR,ERR,ERR,ERR,ERR,ERR,ERR,ERR,ERR,ERR,ERR,ERR,ERR,ERR,ERR,ERR,ERR,ERR,ERR,ERR,ERR,ERR,ERR,ERR,ERR,ERR,ERR,ERR,ERR,ERR,ERR,ERR,ERR,ERR,ERR,0.0,0.0,2.6474835549302285e+23,0.0,0.0,1.3936040501711995e+18,7.805,0.0,0,0,4,0,7116,0.0,100,0.0,0.0,0.0,0.0,0.0,0,0,0,0,0.0,0,0,0,0,0,0,0,0,0,0,0,0,0,0,0,0,0,0,0,0,0,0,0,0,0,0,0,0,0,0,0,0,0,31,40,40,71,65476,0,300,0,0,8,21553,0.0,-107605600.0,0.0,0.0,0.0,0.0,0.0,0.0,0.0,0.0,0.0,0.0,0.0,0.0,0.0,0.0,0.0,0.0,0.0,0.0,0.0,0.0,-2.004,0.0,-0.0,0.0,0.0,0.0,0.0,0.0,4487.0,-0.0,6935.0,0.0,0.0,-107615168.0,-0.0,0.0,0.0,0.0,0.0,69,-0.0,0.0,0.0,0.0,0.0,0.0,0.0,0.0,0.0,0,0,0,0.0,0.0,0.0,0.0,0.0,0.0,0.0,0.0,0.0,0.0,0.0,0.0,0.0,0.0,0.0,0.0,0,-107875648.0,69,0.0,138,0.0,2.6474720257151824e+23,0,39322,17085,39322,17099,52429,17079,0,0,0,70,68,100,0.0,82.4,-107615448.0,77.8,-107615464.0,78.5,1,49,50,180,26215,26215,0,0,0.0,0.0,0.0,0.0,-0.0,67.0,0.0,162057.094,0.0,972,0,997,0,0,0,948,0,1018,0,920,0,789,0,779,0,821,0,7520,0.032,4.150517416584649e+19,0.0,0.0,784,16797,-0.0,162057.094,-114818.039,-0.0,0.133,6.909358625270745e+28,30.0,70.0,35,0.0,0.0,0.0,0.0,0.0,0.0,0.0,0.0,0.0,0.0,0.0,0.0,0.0,0.0,0.0,0.0,66.8,0,150,71,51,65476,0,300,0,0,8,20529,65476,0,0,44564,70.0,0.0,0.0,0.0,0.0,0.0
2026-09-10T21:42:44,ERR,ERR,ERR,ERR,ERR,ERR,ERR,ERR,ERR,ERR,ERR,ERR,ERR,ERR,ERR,ERR,ERR,ERR,ERR,ERR,ERR,ERR,ERR,ERR,ERR,ERR,ERR,ERR,ERR,ERR,ERR,ERR,ERR,ERR,ERR,ERR,ERR,ERR,ERR,ERR,ERR,ERR,ERR,ERR,ERR,ERR,ERR,ERR,ERR,ERR,ERR,ERR,ERR,ERR,ERR,ERR,ERR,ERR,ERR,ERR,ERR,ERR,ERR,ERR,ERR,ERR,ERR,ERR,ERR,ERR,ERR,ERR,ERR,ERR,ERR,ERR,ERR,ERR,ERR,ERR,ERR,ERR,ERR,ERR,ERR,ERR,ERR,ERR,ERR,ERR,ERR,ERR,ERR,ERR,ERR,ERR,ERR,ERR,ERR,ERR,ERR,ERR,ERR,ERR,ERR,ERR,ERR,ERR,ERR,ERR,ERR,ERR,ERR,ERR,ERR,ERR,ERR,ERR,ERR,ERR,ERR,ERR,ERR,ERR,ERR,0.0,0.0,2.6474835549302285e+23,0.0,0.0,1.3936040501711995e+18,7.805,0.0,0,0,4,0,7116,0.0,100,0.0,0.0,0.0,0.0,0.0,0,0,0,0,0.0,0,0,0,0,0,0,0,0,0,0,0,0,0,0,0,0,0,0,0,0,0,0,0,0,0,0,0,0,0,0,0,0,0,31,40,40,71,65476,0,300,0,0,8,21553,0.0,-107605600.0,0.0,0.0,0.0,0.0,0.0,0.0,0.0,0.0,0.0,0.0,0.0,0.0,0.0,0.0,0.0,0.0,0.0,0.0,0.0,0.0,-2.004,0.0,-0.0,0.0,0.0,0.0,0.0,0.0,4487.0,-0.0,6935.0,0.0,0.0,-107615168.0,-0.0,0.0,0.0,0.0,0.0,69,-0.0,0.0,0.0,0.0,0.0,0.0,0.0,0.0,0.0,0,0,0,0.0,0.0,0.0,0.0,0.0,0.0,0.0,0.0,0.0,0.0,0.0,0.0,0.0,0.0,0.0,0.0,0,-107875648.0,69,0.0,138,0.0,2.6474720257151824e+23,0,39322,17085,39322,17099,52429,17079,0,0,0,70,68,100,0.0,82.4,-107615448.0,77.8,-107615464.0,78.5,1,49,50,180,26215,26215,0,0,0.0,0.0,0.0,0.0,-0.0,67.0,0.0,162057.094,0.0,972,0,997,0,0,0,948,0,1018,0,920,0,789,0,779,0,821,0,7520,0.032,4.150517416584649e+19,0.0,0.0,784,16797,-0.0,162057.094,-114818.039,-0.0,0.133,6.909358625270745e+28,30.0,70.0,35,0.0,0.0,0.0,0.0,0.0,0.0,0.0,0.0,0.0,0.0,0.0,0.0,0.0,0.0,0.0,0.0,66.8,0,150,71,51,65476,0,300,0,0,8,20529,65476,0,0,44564,70.0,0.0,0.0,0.0,0.0,0.0
2026-09-10T21:42:45,ERR,ERR,ERR,ERR,ERR,ERR,ERR,ERR,ERR,ERR,ERR,ERR,ERR,ERR,ERR,ERR,ERR,ERR,ERR,ERR,ERR,ERR,ERR,ERR,ERR,ERR,ERR,ERR,ERR,ERR,ERR,ERR,ERR,ERR,ERR,ERR,ERR,ERR,ERR,ERR,ERR,ERR,ERR,ERR,ERR,ERR,ERR,ERR,ERR,ERR,ERR,ERR,ERR,ERR,ERR,ERR,ERR,ERR,ERR,ERR,ERR,ERR,ERR,ERR,ERR,ERR,ERR,ERR,ERR,ERR,ERR,ERR,ERR,ERR,ERR,ERR,ERR,ERR,ERR,ERR,ERR,ERR,ERR,ERR,ERR,ERR,ERR,ERR,ERR,ERR,ERR,ERR,ERR,ERR,ERR,ERR,ERR,ERR,ERR,ERR,ERR,ERR,ERR,ERR,ERR,ERR,ERR,ERR,ERR,ERR,ERR,ERR,ERR,ERR,ERR,ERR,ERR,ERR,ERR,ERR,ERR,ERR,ERR,ERR,ERR,0.0,0.0,2.6474835549302285e+23,0.0,0.0,1.3936040501711995e+18,7.805,0.0,0,0,4,0,7116,0.0,100,0.0,0.0,0.0,0.0,0.0,0,0,0,0,0.0,0,0,0,0,0,0,0,0,0,0,0,0,0,0,0,0,0,0,0,0,0,0,0,0,0,0,0,0,0,0,0,0,0,31,40,40,71,65476,0,300,0,0,8,21553,0.0,-107605600.0,0.0,0.0,0.0,0.0,0.0,0.0,0.0,0.0,0.0,0.0,0.0,0.0,0.0,0.0,0.0,0.0,0.0,0.0,0.0,0.0,-2.004,0.0,-0.0,0.0,0.0,0.0,0.0,0.0,4487.0,-0.0,6935.0,0.0,0.0,-107615168.0,-0.0,0.0,0.0,0.0,0.0,69,-0.0,0.0,0.0,0.0,0.0,0.0,0.0,0.0,0.0,0,0,0,0.0,0.0,0.0,0.0,0.0,0.0,0.0,0.0,0.0,0.0,0.0,0.0,0.0,0.0,0.0,0.0,0,-107875648.0,69,0.0,138,0.0,2.6474720257151824e+23,0,39322,17085,39322,17099,0,17080,0,0,0,70,68,100,0.0,82.4,-107615448.0,77.9,-107615464.0,78.5,1,49,50,180,26215,26215,0,0,0.0,0.0,0.0,0.0,-0.0,67.0,0.0,162057.094,0.0,972,0,997,0,0,0,948,0,1018,0,920,0,789,0,779,0,822,0,7520,0.032,4.121694378969478e+19,0.0,0.0,784,16797,-0.0,162057.094,-114818.039,-0.0,0.133,6.909358625270745e+28,30.0,70.0,35,0.0,0.0,0.0,0.0,0.0,0.0,0.0,0.0,0.0,0.0,0.0,0.0,0.0,0.0,0.0,0.0,66.8,0,150,71,51,65476,0,300,0,0,8,20529,65476,0,0,44564,70.0,0.0,0.0,0.0,0.0,0.0
2026-09-10T21:42:46,ERR,ERR,ERR,ERR,ERR,ERR,ERR,ERR,ERR,ERR,ERR,ERR,ERR,ERR,ERR,ERR,ERR,ERR,ERR,ERR,ERR,ERR,ERR,ERR,ERR,ERR,ERR,ERR,ERR,ERR,ERR,ERR,ERR,ERR,ERR,ERR,ERR,ERR,ERR,ERR,ERR,ERR,ERR,ERR,ERR,ERR,ERR,ERR,ERR,ERR,ERR,ERR,ERR,ERR,ERR,ERR,ERR,ERR,ERR,ERR,ERR,ERR,ERR,ERR,ERR,ERR,ERR,ERR,ERR,ERR,ERR,ERR,ERR,ERR,ERR,ERR,ERR,ERR,ERR,ERR,ERR,ERR,ERR,ERR,ERR,ERR,ERR,ERR,ERR,ERR,ERR,ERR,ERR,ERR,ERR,ERR,ERR,ERR,ERR,ERR,ERR,ERR,ERR,ERR,ERR,ERR,ERR,ERR,ERR,ERR,ERR,ERR,ERR,ERR,ERR,ERR,ERR,ERR,ERR,ERR,ERR,ERR,ERR,ERR,ERR,0.0,0.0,2.6474835549302285e+23,0.0,0.0,1.3936040501711995e+18,7.805,0.0,0,0,4,0,7116,0.0,100,0.0,0.0,0.0,0.0,0.0,0,0,0,0,0.0,0,0,0,0,0,0,0,0,0,0,0,0,0,0,0,0,0,0,0,0,0,0,0,0,0,0,0,0,0,0,0,0,0,31,40,40,71,65476,0,300,0,0,8,21553,0.0,-107605600.0,0.0,0.0,0.0,0.0,0.0,0.0,0.0,0.0,0.0,0.0,0.0,0.0,0.0,0.0,0.0,0.0,0.0,0.0,0.0,0.0,-2.004,0.0,-0.0,0.0,0.0,0.0,0.0,0.0,4487.0,-0.0,6935.0,0.0,0.0,-107615168.0,-0.0,0.0,0.0,0.0,0.0,69,-0.0,0.0,0.0,0.0,0.0,0.0,0.0,0.0,0.0,0,0,0,0.0,0.0,0.0,0.0,0.0,0.0,0.0,0.0,0.0,0.0,0.0,0.0,0.0,0.0,0.0,0.0,0,-107875648.0,69,0.0,138,0.0,2.6474720257151824e+23,0,39322,17085,39322,17099,0,17080,0,0,0,70,68,100,0.0,82.4,-107615448.0,77.9,-107615464.0,78.5,1,49,50,180,26215,26215,0,0,0.0,0.0,0.0,0.0,-0.0,67.0,0.0,162057.094,0.0,972,0,997,0,0,0,948,0,1018,0,920,0,789,0,779,0,822,0,7520,0.032,4.121694378969478e+19,0.0,0.0,784,16797,-0.0,162057.094,-114818.039,-0.0,0.133,6.909358625270745e+28,30.0,70.0,35,0.0,0.0,0.0,0.0,0.0,0.0,0.0,0.0,0.0,0.0,0.0,0.0,0.0,0.0,0.0,0.0,66.4,0,150,71,51,65476,0,300,0,0,8,20529,65476,0,0,44564,70.0,0.0,0.0,0.0,0.0,0.0
2026-09-10T21:42:47,ERR,ERR,ERR,ERR,ERR,ERR,ERR,ERR,ERR,ERR,ERR,ERR,ERR,ERR,ERR,ERR,ERR,ERR,ERR,ERR,ERR,ERR,ERR,ERR,ERR,ERR,ERR,ERR,ERR,ERR,ERR,ERR,ERR,ERR,ERR,ERR,ERR,ERR,ERR,ERR,ERR,ERR,ERR,ERR,ERR,ERR,ERR,ERR,ERR,ERR,ERR,ERR,ERR,ERR,ERR,ERR,ERR,ERR,ERR,ERR,ERR,ERR,ERR,ERR,ERR,ERR,ERR,ERR,ERR,ERR,ERR,ERR,ERR,ERR,ERR,ERR,ERR,ERR,ERR,ERR,ERR,ERR,ERR,ERR,ERR,ERR,ERR,ERR,ERR,ERR,ERR,ERR,ERR,ERR,ERR,ERR,ERR,ERR,ERR,ERR,ERR,ERR,ERR,ERR,ERR,ERR,ERR,ERR,ERR,ERR,ERR,ERR,ERR,ERR,ERR,ERR,ERR,ERR,ERR,ERR,ERR,ERR,ERR,ERR,ERR,0.0,0.0,0.0,0.0,0.0,1.3936040501711995e+18,7.805,0.0,0,0,4,0,7116,0.0,100,0.0,0.0,0.0,0.0,0.0,0,0,0,0,0.0,0,0,0,0,0,0,0,0,0,0,0,0,0,0,0,0,0,0,0,0,0,0,0,0,0,0,0,0,0,0,0,0,0,31,40,40,71,65476,0,300,0,0,8,21553,0.0,-107605600.0,0.0,0.0,0.0,0.0,0.0,0.0,0.0,0.0,0.0,0.0,0.0,0.0,0.0,0.0,0.0,0.0,0.0,0.0,0.0,0.0,-2.004,0.0,-0.0,0.0,0.0,0.0,0.0,0.0,4488.0,-564144759635968.0,6939.0,0.0,0.0,-107615168.0,-0.0,0.0,0.0,0.0,0.0,69,-0.0,89220.406,0.0,0.0,0.0,0.0,0.0,0.0,0.0,0,0,0,0.0,0.0,0.0,0.0,0.0,0.0,0.0,0.0,0.0,0.0,0.0,0.0,0.0,0.0,0.0,0.0,0,-107875648.0,69,0.0,138,0.0,2.6474720257151824e+23,0,39322,17085,39322,17099,0,17080,0,0,0,70,68,100,0.0,82.4,-107615448.0,77.9,-107615464.0,78.5,1,49,50,180,26215,26215,0,0,0.0,0.0,0.0,0.0,-0.0,67.0,0.0,162057.094,0.0,972,0,997,0,0,0,948,0,1018,0,920,0,789,0,779,0,822,0,7520,0.032,4.121694378969478e+19,0.0,0.0,784,16797,-0.0,162057.094,-114818.039,-0.0,0.133,6.909358625270745e+28,30.0,70.0,35,0.0,0.0,0.0,0.0,0.0,0.0,0.0,0.0,0.0,0.0,0.0,0.0,0.0,0.0,0.0,0.0,66.4,0,150,71,51,65476,0,300,0,0,8,20529,65476,0,0,44564,70.0,0.0,0.0,0.0,0.0,0.0
2026-09-10T21:42:48,ERR,ERR,ERR,ERR,ERR,ERR,ERR,ERR,ERR,ERR,ERR,ERR,ERR,ERR,ERR,ERR,ERR,ERR,ERR,ERR,ERR,ERR,ERR,ERR,ERR,ERR,ERR,ERR,ERR,ERR,ERR,ERR,ERR,ERR,ERR,ERR,ERR,ERR,ERR,ERR,ERR,ERR,ERR,ERR,ERR,ERR,ERR,ERR,ERR,ERR,ERR,ERR,ERR,ERR,ERR,ERR,ERR,ERR,ERR,ERR,ERR,ERR,ERR,ERR,ERR,ERR,ERR,ERR,ERR,ERR,ERR,ERR,ERR,ERR,ERR,ERR,ERR,ERR,ERR,ERR,ERR,ERR,ERR,ERR,ERR,ERR,ERR,ERR,ERR,ERR,ERR,ERR,ERR,ERR,ERR,ERR,ERR,ERR,ERR,ERR,ERR,ERR,ERR,ERR,ERR,ERR,ERR,ERR,ERR,ERR,ERR,ERR,ERR,ERR,ERR,ERR,ERR,ERR,ERR,ERR,ERR,ERR,ERR,ERR,ERR,0.0,0.0,0.0,0.0,0.0,1.3936040501711995e+18,7.805,0.0,0,0,4,0,7116,0.0,100,0.0,0.0,0.0,0.0,0.0,0,0,0,0,0.0,0,0,0,0,0,0,0,0,0,0,0,0,0,0,0,0,0,0,0,0,0,0,0,0,0,0,0,0,0,0,0,0,0,31,40,40,71,65476,0,300,0,0,8,21553,0.0,-107605600.0,0.0,0.0,0.0,0.0,0.0,0.0,0.0,0.0,0.0,0.0,0.0,0.0,0.0,0.0,0.0,0.0,0.0,0.0,0.0,0.0,-2.004,0.0,-0.0,0.0,0.0,0.0,0.0,0.0,4488.0,-564144759635968.0,6939.0,0.0,0.0,-107615168.0,-0.0,0.0,0.0,0.0,0.0,69,-0.0,89220.406,0.0,0.0,0.0,0.0,0.0,0.0,0.0,0,0,0,0.0,0.0,0.0,0.0,0.0,0.0,0.0,0.0,0.0,0.0,0.0,0.0,0.0,0.0,0.0,0.0,0,-107875648.0,69,0.0,138,0.0,2.6474720257151824e+23,0,39322,17085,39322,17099,0,17080,0,0,0,70,68,100,0.0,82.4,-107615448.0,77.9,-107615464.0,78.5,1,49,50,180,26215,26215,0,0,0.0,0.0,0.0,0.0,-0.0,67.0,0.0,162057.094,0.0,972,0,997,0,0,0,948,0,1018,0,920,0,789,0,779,0,822,0,7520,0.032,4.121694378969478e+19,0.0,0.0,784,16797,-0.0,162057.094,-114818.039,-0.0,0.133,6.909358625270745e+28,30.0,70.0,35,0.0,0.0,0.0,0.0,0.0,0.0,0.0,0.0,0.0,0.0,0.0,0.0,0.0,0.0,0.0,0.0,66.4,0,150,71,51,65476,0,300,0,0,8,20529,65476,0,0,44564,70.0,0.0,0.0,0.0,0.0,0.0
2026-09-10T21:42:49,ERR,ERR,ERR,ERR,ERR,ERR,ERR,ERR,ERR,ERR,ERR,ERR,ERR,ERR,ERR,ERR,ERR,ERR,ERR,ERR,ERR,ERR,ERR,ERR,ERR,ERR,ERR,ERR,ERR,ERR,ERR,ERR,ERR,ERR,ERR,ERR,ERR,ERR,ERR,ERR,ERR,ERR,ERR,ERR,ERR,ERR,ERR,ERR,ERR,ERR,ERR,ERR,ERR,ERR,ERR,ERR,ERR,ERR,ERR,ERR,ERR,ERR,ERR,ERR,ERR,ERR,ERR,ERR,ERR,ERR,ERR,ERR,ERR,ERR,ERR,ERR,ERR,ERR,ERR,ERR,ERR,ERR,ERR,ERR,ERR,ERR,ERR,ERR,ERR,ERR,ERR,ERR,ERR,ERR,ERR,ERR,ERR,ERR,ERR,ERR,ERR,ERR,ERR,ERR,ERR,ERR,ERR,ERR,ERR,ERR,ERR,ERR,ERR,ERR,ERR,ERR,ERR,ERR,ERR,ERR,ERR,ERR,ERR,ERR,ERR,0.0,0.0,0.0,0.0,0.0,1.3936040501711995e+18,7.805,0.0,0,0,4,0,7116,0.0,100,0.0,0.0,0.0,0.0,0.0,0,0,0,0,0.0,0,0,0,0,0,0,0,0,0,0,0,0,0,0,0,0,0,0,0,0,0,0,0,0,0,0,0,0,0,0,0,0,0,31,40,40,71,65476,0,300,0,0,8,21553,0.0,-107605600.0,0.0,0.0,0.0,0.0,0.0,0.0,0.0,0.0,0.0,0.0,0.0,0.0,0.0,0.0,0.0,0.0,0.0,0.0,0.0,0.0,-2.004,0.0,-0.0,0.0,0.0,0.0,0.0,0.0,4488.0,-564144759635968.0,6939.0,0.0,0.0,-107615168.0,-0.0,0.0,0.0,0.0,0.0,69,-0.0,89220.406,0.0,0.0,0.0,0.0,0.0,0.0,0.0,0,0,0,0.0,0.0,0.0,0.0,0.0,0.0,0.0,0.0,0.0,0.0,0.0,0.0,0.0,0.0,0.0,0.0,0,-107875648.0,69,0.0,138,0.0,2.6474720257151824e+23,0,39322,17085,39322,17099,0,17080,0,0,0,70,68,100,0.0,82.4,-107615448.0,77.9,-107615464.0,78.5,1,49,50,180,26215,26215,0,0,0.0,0.0,0.0,0.0,-0.0,67.0,0.0,162057.094,0.0,972,0,997,0,0,0,948,0,1018,0,920,0,789,0,779,0,822,0,7520,0.032,4.121694378969478e+19,0.0,0.0,784,16797,-0.0,162057.094,-114818.039,-0.0,0.133,6.909358625270745e+28,30.0,70.0,35,0.0,0.0,0.0,0.0,0.0,0.0,0.0,0.0,0.0,0.0,0.0,0.0,0.0,0.0,0.0,0.0,66.4,0,150,71,51,65476,0,300,0,0,8,20529,65476,0,0,44564,70.0,0.0,0.0,0.0,0.0,0.0
2026-09-10T21:42:50,ERR,ERR,ERR,ERR,ERR,ERR,ERR,ERR,ERR,ERR,ERR,ERR,ERR,ERR,ERR,ERR,ERR,ERR,ERR,ERR,ERR,ERR,ERR,ERR,ERR,ERR,ERR,ERR,ERR,ERR,ERR,ERR,ERR,ERR,ERR,ERR,ERR,ERR,ERR,ERR,ERR,ERR,ERR,ERR,ERR,ERR,ERR,ERR,ERR,ERR,ERR,ERR,ERR,ERR,ERR,ERR,ERR,ERR,ERR,ERR,ERR,ERR,ERR,ERR,ERR,ERR,ERR,ERR,ERR,ERR,ERR,ERR,ERR,ERR,ERR,ERR,ERR,ERR,ERR,ERR,ERR,ERR,ERR,ERR,ERR,ERR,ERR,ERR,ERR,ERR,ERR,ERR,ERR,ERR,ERR,ERR,ERR,ERR,ERR,ERR,ERR,ERR,ERR,ERR,ERR,ERR,ERR,ERR,ERR,ERR,ERR,ERR,ERR,ERR,ERR,ERR,ERR,ERR,ERR,ERR,ERR,ERR,ERR,ERR,ERR,0.0,0.0,0.0,0.0,0.0,1.3936040501711995e+18,7.805,0.0,0,0,4,0,7116,0.0,100,0.0,0.0,0.0,0.0,0.0,0,0,0,0,0.0,0,0,0,0,0,0,0,0,0,0,0,0,0,0,0,0,0,0,0,0,0,0,0,0,0,0,0,0,0,0,0,0,0,31,40,40,71,65476,0,300,0,0,8,21553,0.0,-107605600.0,0.0,0.0,0.0,0.0,0.0,0.0,0.0,0.0,0.0,0.0,0.0,0.0,0.0,0.0,0.0,0.0,0.0,0.0,0.0,0.0,-2.004,0.0,-0.0,0.0,0.0,0.0,0.0,0.0,4488.0,-564144759635968.0,6939.0,0.0,0.0,-107615168.0,-0.0,0.0,0.0,0.0,0.0,69,-0.0,89220.406,0.0,0.0,0.0,0.0,0.0,0.0,0.0,0,0,0,0.0,0.0,0.0,0.0,0.0,0.0,0.0,0.0,0.0,0.0,0.0,0.0,0.0,0.0,0.0,0.0,0,-107875648.0,69,0.0,138,0.0,2.6474720257151824e+23,0,39322,17085,39322,17099,0,17080,0,0,0,70,68,100,0.0,82.4,-107615448.0,77.9,-107615464.0,78.5,1,49,50,180,26215,26215,0,0,0.0,0.0,0.0,0.0,-0.0,67.0,0.0,162057.094,0.0,972,0,997,0,0,0,948,0,1018,0,920,0,789,0,779,0,822,0,7520,0.032,4.121694378969478e+19,0.0,0.0,784,16797,-0.0,162057.094,-114818.039,-0.0,0.133,6.909358625270745e+28,30.0,70.0,35,0.0,0.0,0.0,0.0,0.0,0.0,0.0,0.0,0.0,0.0,0.0,0.0,0.0,0.0,0.0,0.0,66.4,0,150,71,51,65476,0,300,0,0,8,20529,65476,0,0,44564,70.0,0.0,0.0,0.0,0.0,0.0
2026-09-10T21:42:51,ERR,ERR,ERR,ERR,ERR,ERR,ERR,ERR,ERR,ERR,ERR,ERR,ERR,ERR,ERR,ERR,ERR,ERR,ERR,ERR,ERR,ERR,ERR,ERR,ERR,ERR,ERR,ERR,ERR,ERR,ERR,ERR,ERR,ERR,ERR,ERR,ERR,ERR,ERR,ERR,ERR,ERR,ERR,ERR,ERR,ERR,ERR,ERR,ERR,ERR,ERR,ERR,ERR,ERR,ERR,ERR,ERR,ERR,ERR,ERR,ERR,ERR,ERR,ERR,ERR,ERR,ERR,ERR,ERR,ERR,ERR,ERR,ERR,ERR,ERR,ERR,ERR,ERR,ERR,ERR,ERR,ERR,ERR,ERR,ERR,ERR,ERR,ERR,ERR,ERR,ERR,ERR,ERR,ERR,ERR,ERR,ERR,ERR,ERR,ERR,ERR,ERR,ERR,ERR,ERR,ERR,ERR,ERR,ERR,ERR,ERR,ERR,ERR,ERR,ERR,ERR,ERR,ERR,ERR,ERR,ERR,ERR,ERR,ERR,ERR,0.0,0.0,0.0,0.0,0.0,1.3936040501711995e+18,7.805,0.0,0,0,4,0,7116,0.0,100,0.0,0.0,0.0,0.0,0.0,0,0,0,0,0.0,0,0,0,0,0,0,0,0,0,0,0,0,0,0,0,0,0,0,0,0,0,0,0,0,0,0,0,0,0,0,0,0,0,31,40,40,71,65476,0,300,0,0,8,21553,0.0,-107605600.0,0.0,0.0,0.0,0.0,0.0,0.0,0.0,0.0,0.0,0.0,0.0,0.0,0.0,0.0,0.0,0.0,0.0,0.0,0.0,0.0,-2.004,0.0,-0.0,0.0,0.0,0.0,0.0,0.0,4488.0,-564144759635968.0,6939.0,0.0,0.0,-107615168.0,-0.0,0.0,0.0,0.0,0.0,69,-0.0,89220.406,0.0,0.0,0.0,0.0,0.0,0.0,0.0,0,0,0,0.0,0.0,0.0,0.0,0.0,0.0,0.0,0.0,0.0,0.0,0.0,0.0,0.0,0.0,0.0,0.0,0,-107875648.0,69,0.0,138,0.0,2.6474720257151824e+23,0,39322,17085,39322,17099,0,17080,0,0,0,70,68,100,2.7302399002429377e+23,82.4,-107615448.0,77.8,-0.0,78.5,1,49,50,180,26215,26215,0,0,0.0,0.0,0.0,0.0,-0.0,67.0,0.0,162057.094,0.0,972,0,997,0,0,0,948,0,1018,0,920,0,788,0,779,0,821,0,7520,0.032,4.121694378969478e+19,0.0,0.0,784,16797,-0.0,162057.094,-114818.039,-0.0,0.133,6.909358625270745e+28,30.0,70.0,35,0.0,0.0,0.0,0.0,0.0,0.0,0.0,0.0,0.0,0.0,0.0,0.0,0.0,0.0,0.0,0.0,66.4,0,150,71,51,65476,0,300,0,0,8,20529,65476,0,0,44564,70.0,0.0,0.0,0.0,0.0,0.0
2026-09-10T21:42:52,ERR,ERR,ERR,ERR,ERR,ERR,ERR,ERR,ERR,ERR,ERR,ERR,ERR,ERR,ERR,ERR,ERR,ERR,ERR,ERR,ERR,ERR,ERR,ERR,ERR,ERR,ERR,ERR,ERR,ERR,ERR,ERR,ERR,ERR,ERR,ERR,ERR,ERR,ERR,ERR,ERR,ERR,ERR,ERR,ERR,ERR,ERR,ERR,ERR,ERR,ERR,ERR,ERR,ERR,ERR,ERR,ERR,ERR,ERR,ERR,ERR,ERR,ERR,ERR,ERR,ERR,ERR,ERR,ERR,ERR,ERR,ERR,ERR,ERR,ERR,ERR,ERR,ERR,ERR,ERR,ERR,ERR,ERR,ERR,ERR,ERR,ERR,ERR,ERR,ERR,ERR,ERR,ERR,ERR,ERR,ERR,ERR,ERR,ERR,ERR,ERR,ERR,ERR,ERR,ERR,ERR,ERR,ERR,ERR,ERR,ERR,ERR,ERR,ERR,ERR,ERR,ERR,ERR,ERR,ERR,ERR,ERR,ERR,ERR,ERR,0.0,0.0,0.0,0.0,0.0,1.3936040501711995e+18,7.805,0.0,0,0,4,0,7116,0.0,100,0.0,0.0,0.0,0.0,0.0,0,0,0,0,0.0,0,0,0,0,0,0,0,0,0,0,0,0,0,0,0,0,0,0,0,0,0,0,0,0,0,0,0,0,0,0,0,0,0,31,40,40,71,65476,0,300,0,0,8,21553,0.0,-107605600.0,0.0,0.0,0.0,0.0,0.0,0.0,0.0,0.0,0.0,0.0,0.0,0.0,0.0,0.0,0.0,0.0,0.0,0.0,0.0,0.0,-2.004,0.0,-0.0,0.0,0.0,0.0,0.0,0.0,4488.0,-564144759635968.0,6939.0,0.0,0.0,-107615168.0,-0.0,0.0,0.0,0.0,0.0,69,-0.0,89220.406,0.0,0.0,0.0,0.0,0.0,0.0,0.0,0,0,0,0.0,0.0,0.0,0.0,0.0,0.0,0.0,0.0,0.0,0.0,0.0,0.0,0.0,0.0,0.0,0.0,0,-107875648.0,69,0.0,138,0.0,2.6474720257151824e+23,0,39322,17085,39322,17099,0,17080,0,0,0,70,68,100,2.7302399002429377e+23,82.4,-107615448.0,77.8,-0.0,78.5,1,49,50,180,26215,26215,0,0,0.0,0.0,0.0,0.0,-0.0,67.0,0.0,162057.094,0.0,972,0,997,0,0,0,948,0,1018,0,920,0,788,0,779,0,821,0,7520,0.032,4.121694378969478e+19,0.0,0.0,784,16797,-0.0,162057.094,-114818.039,-0.0,0.133,6.909358625270745e+28,30.0,70.0,35,0.0,0.0,0.0,0.0,0.0,0.0,0.0,0.0,0.0,0.0,0.0,0.0,0.0,0.0,0.0,0.0,66.4,0,150,71,51,65476,0,300,0,0,8,20529,65476,0,0,44564,70.0,0.0,0.0,0.0,0.0,0.0
2026-09-10T21:42:53,ERR,ERR,ERR,ERR,ERR,ERR,ERR,ERR,ERR,ERR,ERR,ERR,ERR,ERR,ERR,ERR,ERR,ERR,ERR,ERR,ERR,ERR,ERR,ERR,ERR,ERR,ERR,ERR,ERR,ERR,ERR,ERR,ERR,ERR,ERR,ERR,ERR,ERR,ERR,ERR,ERR,ERR,ERR,ERR,ERR,ERR,ERR,ERR,ERR,ERR,ERR,ERR,ERR,ERR,ERR,ERR,ERR,ERR,ERR,ERR,ERR,ERR,ERR,ERR,ERR,ERR,ERR,ERR,ERR,ERR,ERR,ERR,ERR,ERR,ERR,ERR,ERR,ERR,ERR,ERR,ERR,ERR,ERR,ERR,ERR,ERR,ERR,ERR,ERR,ERR,ERR,ERR,ERR,ERR,ERR,ERR,ERR,ERR,ERR,ERR,ERR,ERR,ERR,ERR,ERR,ERR,ERR,ERR,ERR,ERR,ERR,ERR,ERR,ERR,ERR,ERR,ERR,ERR,ERR,ERR,ERR,ERR,ERR,ERR,ERR,0.0,0.0,0.0,0.0,0.0,1.3936040501711995e+18,7.805,0.0,0,0,4,0,7116,0.0,100,0.0,0.0,0.0,0.0,0.0,0,0,0,0,0.0,0,0,0,0,0,0,0,0,0,0,0,0,0,0,0,0,0,0,0,0,0,0,0,0,0,0,0,0,0,0,0,0,0,31,40,40,71,65476,0,300,0,0,8,21553,0.0,-107605600.0,0.0,0.0,0.0,0.0,0.0,0.0,0.0,0.0,0.0,0.0,0.0,0.0,0.0,0.0,0.0,0.0,0.0,0.0,0.0,0.0,-2.004,0.0,-0.0,0.0,0.0,0.0,0.0,0.0,4488.0,-564144759635968.0,6939.0,0.0,0.0,-107615168.0,-0.0,0.0,0.0,0.0,0.0,69,-0.0,89220.406,0.0,0.0,0.0,0.0,0.0,0.0,0.0,0,0,0,0.0,0.0,0.0,0.0,0.0,0.0,0.0,0.0,0.0,0.0,0.0,0.0,0.0,0.0,0.0,0.0,0,-107875648.0,69,0.0,138,0.0,2.6474720257151824e+23,0,39322,17085,39322,17099,0,17080,0,0,0,70,68,100,2.7302399002429377e+23,82.4,-107615448.0,77.8,-0.0,78.5,1,49,50,180,26215,26215,0,0,0.0,0.0,0.0,0.0,-0.0,67.0,0.0,162057.094,0.0,972,0,997,0,0,0,948,0,1018,0,920,0,788,0,779,0,821,0,7520,0.032,4.121694378969478e+19,0.0,0.0,784,16797,-0.0,162057.094,-114818.039,-0.0,0.133,6.909358625270745e+28,30.0,70.0,35,0.0,0.0,0.0,0.0,0.0,0.0,0.0,0.0,0.0,0.0,0.0,0.0,0.0,0.0,0.0,0.0,66.4,0,150,71,51,65476,0,300,0,0,8,20529,65476,0,0,44564,70.0,0.0,0.0,0.0,0.0,0.0
2026-09-10T21:42:54,ERR,ERR,ERR,ERR,ERR,ERR,ERR,ERR,ERR,ERR,ERR,ERR,ERR,ERR,ERR,ERR,ERR,ERR,ERR,ERR,ERR,ERR,ERR,ERR,ERR,ERR,ERR,ERR,ERR,ERR,ERR,ERR,ERR,ERR,ERR,ERR,ERR,ERR,ERR,ERR,ERR,ERR,ERR,ERR,ERR,ERR,ERR,ERR,ERR,ERR,ERR,ERR,ERR,ERR,ERR,ERR,ERR,ERR,ERR,ERR,ERR,ERR,ERR,ERR,ERR,ERR,ERR,ERR,ERR,ERR,ERR,ERR,ERR,ERR,ERR,ERR,ERR,ERR,ERR,ERR,ERR,ERR,ERR,ERR,ERR,ERR,ERR,ERR,ERR,ERR,ERR,ERR,ERR,ERR,ERR,ERR,ERR,ERR,ERR,ERR,ERR,ERR,ERR,ERR,ERR,ERR,ERR,ERR,ERR,ERR,ERR,ERR,ERR,ERR,ERR,ERR,ERR,ERR,ERR,ERR,ERR,ERR,ERR,ERR,ERR,0.0,0.0,0.0,0.0,0.0,1.3936040501711995e+18,7.805,0.0,0,0,4,0,7116,0.0,100,0.0,0.0,0.0,0.0,0.0,0,0,0,0,0.0,0,0,0,0,0,0,0,0,0,0,0,0,0,0,0,0,0,0,0,0,0,0,0,0,0,0,0,0,0,0,0,0,0,31,40,40,71,65476,0,300,0,0,8,21553,0.0,-107605600.0,0.0,0.0,0.0,0.0,0.0,0.0,0.0,0.0,0.0,0.0,0.0,0.0,0.0,0.0,0.0,0.0,0.0,0.0,0.0,0.0,-2.004,0.0,-0.0,0.0,0.0,0.0,0.0,0.0,4488.0,-564144759635968.0,6939.0,0.0,0.0,-107615168.0,-0.0,0.0,0.0,0.0,0.0,69,-0.0,89220.406,0.0,0.0,0.0,0.0,0.0,0.0,0.0,0,0,0,0.0,0.0,0.0,0.0,0.0,0.0,0.0,0.0,0.0,0.0,0.0,0.0,0.0,0.0,0.0,0.0,0,-107875648.0,69,0.0,138,0.0,2.6474720257151824e+23,0,39322,17085,39322,17099,0,17080,0,0,0,70,68,100,2.7302399002429377e+23,82.4,-107615448.0,77.8,-0.0,78.5,1,49,50,180,26215,26215,0,0,0.0,0.0,0.0,0.0,-0.0,67.0,0.0,162057.094,0.0,972,0,997,0,0,0,948,0,1018,0,920,0,788,0,779,0,821,0,7520,0.032,4.121694378969478e+19,0.0,0.0,784,16797,-0.0,162057.094,-114818.039,-0.0,0.133,6.909358625270745e+28,30.0,70.0,35,0.0,0.0,0.0,0.0,0.0,0.0,0.0,0.0,0.0,0.0,0.0,0.0,0.0,0.0,0.0,0.0,66.8,0,150,71,51,65476,0,300,0,0,8,20529,65476,0,0,44564,70.0,0.0,0.0,0.0,0.0,0.0
2026-09-10T21:42:55,ERR,ERR,ERR,ERR,ERR,ERR,ERR,ERR,ERR,ERR,ERR,ERR,ERR,ERR,ERR,ERR,ERR,ERR,ERR,ERR,ERR,ERR,ERR,ERR,ERR,ERR,ERR,ERR,ERR,ERR,ERR,ERR,ERR,ERR,ERR,ERR,ERR,ERR,ERR,ERR,ERR,ERR,ERR,ERR,ERR,ERR,ERR,ERR,ERR,ERR,ERR,ERR,ERR,ERR,ERR,ERR,ERR,ERR,ERR,ERR,ERR,ERR,ERR,ERR,ERR,ERR,ERR,ERR,ERR,ERR,ERR,ERR,ERR,ERR,ERR,ERR,ERR,ERR,ERR,ERR,ERR,ERR,ERR,ERR,ERR,ERR,ERR,ERR,ERR,ERR,ERR,ERR,ERR,ERR,ERR,ERR,ERR,ERR,ERR,ERR,ERR,ERR,ERR,ERR,ERR,ERR,ERR,ERR,ERR,ERR,ERR,ERR,ERR,ERR,ERR,ERR,ERR,ERR,ERR,ERR,ERR,ERR,ERR,ERR,ERR,0.0,0.0,2.6474835549302285e+23,0.0,0.0,1.3936040501711995e+18,7.805,0.0,0,0,4,0,7116,0.0,100,0.0,0.0,0.0,0.0,0.0,0,0,0,0,0.0,0,0,0,0,0,0,0,0,0,0,0,0,0,0,0,0,0,0,0,0,0,0,0,0,0,0,0,0,0,0,0,0,0,31,40,40,71,65476,0,300,0,0,8,21553,0.0,-107605600.0,0.0,0.0,0.0,0.0,0.0,0.0,0.0,0.0,0.0,0.0,0.0,0.0,0.0,0.0,0.0,0.0,0.0,0.0,0.0,0.0,-2.004,2.004,-0.0,2.004,0.0,0.0,0.0,0.0,4518.0,0.0,6913.0,0.0,0.0,-107615168.0,-107615304.0,0.0,0.0,0.0,0.0,69,-0.0,4.066846102228181e+29,0.0,0.0,0.0,0.0,0.0,0.0,0.0,0,0,0,0.0,0.0,0.0,0.0,0.0,0.0,0.0,0.0,0.0,0.0,0.0,0.0,0.0,0.0,0.0,0.0,0,-107875648.0,69,0.0,138,0.0,2.6474720257151824e+23,0,39322,17085,39322,17099,0,17080,0,0,0,70,68,100,2.7302399002429377e+23,82.4,-107615448.0,77.8,-0.0,78.5,1,49,50,180,26215,26215,0,0,0.0,0.0,0.0,0.0,-0.0,67.0,0.0,162057.094,0.0,972,0,997,0,0,0,948,0,1018,0,920,0,788,0,779,0,821,0,7520,0.032,4.121694378969478e+19,0.0,0.0,784,16797,-0.0,162057.094,-114818.039,-0.0,0.133,6.909358625270745e+28,30.0,70.0,35,0.0,0.0,0.0,0.0,0.0,0.0,0.0,0.0,0.0,0.0,0.0,0.0,0.0,0.0,0.0,0.0,66.8,0,150,71,51,65476,0,300,0,0,8,20529,65476,0,0,44564,70.0,0.0,0.0,0.0,0.0,0.0
2026-09-10T21:42:56,ERR,ERR,ERR,ERR,ERR,ERR,ERR,ERR,ERR,ERR,ERR,ERR,ERR,ERR,ERR,ERR,ERR,ERR,ERR,ERR,ERR,ERR,ERR,ERR,ERR,ERR,ERR,ERR,ERR,ERR,ERR,ERR,ERR,ERR,ERR,ERR,ERR,ERR,ERR,ERR,ERR,ERR,ERR,ERR,ERR,ERR,ERR,ERR,ERR,ERR,ERR,ERR,ERR,ERR,ERR,ERR,ERR,ERR,ERR,ERR,ERR,ERR,ERR,ERR,ERR,ERR,ERR,ERR,ERR,ERR,ERR,ERR,ERR,ERR,ERR,ERR,ERR,ERR,ERR,ERR,ERR,ERR,ERR,ERR,ERR,ERR,ERR,ERR,ERR,ERR,ERR,ERR,ERR,ERR,ERR,ERR,ERR,ERR,ERR,ERR,ERR,ERR,ERR,ERR,ERR,ERR,ERR,ERR,ERR,ERR,ERR,ERR,ERR,ERR,ERR,ERR,ERR,ERR,ERR,ERR,ERR,ERR,ERR,ERR,ERR,0.0,0.0,2.6474835549302285e+23,0.0,0.0,1.3936040501711995e+18,7.805,0.0,0,0,4,0,7116,0.0,100,0.0,0.0,0.0,0.0,0.0,0,0,0,0,0.0,0,0,0,0,0,0,0,0,0,0,0,0,0,0,0,0,0,0,0,0,0,0,0,0,0,0,0,0,0,0,0,0,0,31,40,40,71,65476,0,300,0,0,8,21553,0.0,-107605600.0,0.0,0.0,0.0,0.0,0.0,0.0,0.0,0.0,0.0,0.0,0.0,0.0,0.0,0.0,0.0,0.0,0.0,0.0,0.0,0.0,-2.004,2.004,-0.0,2.004,0.0,0.0,0.0,0.0,4518.0,0.0,6913.0,0.0,0.0,-107615168.0,-107615304.0,0.0,0.0,0.0,0.0,69,-0.0,4.066846102228181e+29,0.0,0.0,0.0,0.0,0.0,0.0,0.0,0,0,0,0.0,0.0,0.0,0.0,0.0,0.0,0.0,0.0,0.0,0.0,0.0,0.0,0.0,0.0,0.0,0.0,0,-107875648.0,69,0.0,138,0.0,2.6474720257151824e+23,0,39322,17085,39322,17099,0,17080,0,0,0,70,68,100,2.7302399002429377e+23,82.4,-107615448.0,77.8,-0.0,78.5,1,49,50,180,26215,26215,0,0,0.0,0.0,0.0,0.0,-0.0,67.0,0.0,162057.094,0.0,972,0,997,0,0,0,948,0,1018,0,920,0,788,0,779,0,821,0,7520,0.032,4.121694378969478e+19,0.0,0.0,784,16797,-0.0,162057.094,-114818.039,-0.0,0.133,6.909358625270745e+28,30.0,70.0,35,0.0,0.0,0.0,0.0,0.0,0.0,0.0,0.0,0.0,0.0,0.0,0.0,0.0,0.0,0.0,0.0,66.8,0,150,71,51,65476,0,300,0,0,8,20529,65476,0,0,44564,70.0,0.0,0.0,0.0,0.0,0.0
2026-09-10T21:42:57,ERR,ERR,ERR,ERR,ERR,ERR,ERR,ERR,ERR,ERR,ERR,ERR,ERR,ERR,ERR,ERR,ERR,ERR,ERR,ERR,ERR,ERR,ERR,ERR,ERR,ERR,ERR,ERR,ERR,ERR,ERR,ERR,ERR,ERR,ERR,ERR,ERR,ERR,ERR,ERR,ERR,ERR,ERR,ERR,ERR,ERR,ERR,ERR,ERR,ERR,ERR,ERR,ERR,ERR,ERR,ERR,ERR,ERR,ERR,ERR,ERR,ERR,ERR,ERR,ERR,ERR,ERR,ERR,ERR,ERR,ERR,ERR,ERR,ERR,ERR,ERR,ERR,ERR,ERR,ERR,ERR,ERR,ERR,ERR,ERR,ERR,ERR,ERR,ERR,ERR,ERR,ERR,ERR,ERR,ERR,ERR,ERR,ERR,ERR,ERR,ERR,ERR,ERR,ERR,ERR,ERR,ERR,ERR,ERR,ERR,ERR,ERR,ERR,ERR,ERR,ERR,ERR,ERR,ERR,ERR,ERR,ERR,ERR,ERR,ERR,0.0,0.0,2.6474835549302285e+23,0.0,0.0,1.3936040501711995e+18,7.805,0.0,0,0,4,0,7116,0.0,100,0.0,0.0,0.0,0.0,0.0,0,0,0,0,0.0,0,0,0,0,0,0,0,0,0,0,0,0,0,0,0,0,0,0,0,0,0,0,0,0,0,0,0,0,0,0,0,0,0,31,40,40,71,65476,0,300,0,0,8,21553,0.0,-107605600.0,0.0,0.0,0.0,0.0,0.0,0.0,0.0,0.0,0.0,0.0,0.0,0.0,0.0,0.0,0.0,0.0,0.0,0.0,0.0,0.0,-2.004,2.004,-0.0,2.004,0.0,0.0,0.0,0.0,4518.0,0.0,6913.0,0.0,0.0,-107615168.0,-107615304.0,0.0,0.0,0.0,0.0,69,-0.0,4.066846102228181e+29,0.0,0.0,0.0,0.0,0.0,0.0,0.0,0,0,0,0.0,0.0,0.0,0.0,0.0,0.0,0.0,0.0,0.0,0.0,0.0,0.0,0.0,0.0,0.0,0.0,0,-107875648.0,69,0.0,138,0.0,2.6474720257151824e+23,0,39322,17085,39322,17099,0,17080,0,0,0,70,68,100,0.0,82.4,-107615448.0,77.8,-0.0,78.5,1,49,50,180,26215,13107,0,0,0.0,0.0,0.0,0.0,-0.0,67.0,0.0,162057.094,0.0,972,0,996,0,0,0,948,0,1018,0,920,0,788,0,779,0,821,0,7520,0.032,4.121694378969478e+19,0.0,0.0,784,16797,-0.0,162057.094,-114818.039,-0.0,0.133,6.909358625270745e+28,30.0,70.0,35,0.0,0.0,0.0,0.0,0.0,0.0,0.0,0.0,0.0,0.0,0.0,0.0,0.0,0.0,0.0,0.0,66.4,0,150,71,51,65476,0,300,0,0,8,20529,65476,0,0,44564,70.0,0.0,0.0,0.0,0.0,0.0
2026-09-10T21:42:58,ERR,ERR,ERR,ERR,ERR,ERR,ERR,ERR,ERR,ERR,ERR,ERR,ERR,ERR,ERR,ERR,ERR,ERR,ERR,ERR,ERR,ERR,ERR,ERR,ERR,ERR,ERR,ERR,ERR,ERR,ERR,ERR,ERR,ERR,ERR,ERR,ERR,ERR,ERR,ERR,ERR,ERR,ERR,ERR,ERR,ERR,ERR,ERR,ERR,ERR,ERR,ERR,ERR,ERR,ERR,ERR,ERR,ERR,ERR,ERR,ERR,ERR,ERR,ERR,ERR,ERR,ERR,ERR,ERR,ERR,ERR,ERR,ERR,ERR,ERR,ERR,ERR,ERR,ERR,ERR,ERR,ERR,ERR,ERR,ERR,ERR,ERR,ERR,ERR,ERR,ERR,ERR,ERR,ERR,ERR,ERR,ERR,ERR,ERR,ERR,ERR,ERR,ERR,ERR,ERR,ERR,ERR,ERR,ERR,ERR,ERR,ERR,ERR,ERR,ERR,ERR,ERR,ERR,ERR,ERR,ERR,ERR,ERR,ERR,ERR,0.0,0.0,2.6474835549302285e+23,0.0,0.0,1.3936040501711995e+18,7.805,0.0,0,0,4,0,7116,0.0,100,0.0,0.0,0.0,0.0,0.0,0,0,0,0,0.0,0,0,0,0,0,0,0,0,0,0,0,0,0,0,0,0,0,0,0,0,0,0,0,0,0,0,0,0,0,0,0,0,0,31,40,40,71,65476,0,300,0,0,8,21553,0.0,-107605600.0,0.0,0.0,0.0,0.0,0.0,0.0,0.0,0.0,0.0,0.0,0.0,0.0,0.0,0.0,0.0,0.0,0.0,0.0,0.0,0.0,-2.004,2.004,-0.0,2.004,0.0,0.0,0.0,0.0,4518.0,0.0,6913.0,0.0,0.0,-107615168.0,-107615304.0,0.0,0.0,0.0,0.0,69,-0.0,4.066846102228181e+29,0.0,0.0,0.0,0.0,0.0,0.0,0.0,0,0,0,0.0,0.0,0.0,0.0,0.0,0.0,0.0,0.0,0.0,0.0,0.0,0.0,0.0,0.0,0.0,0.0,0,-107875648.0,69,0.0,138,0.0,2.6474720257151824e+23,0,39322,17085,39322,17099,0,17080,0,0,0,70,68,100,0.0,82.4,-107615448.0,77.8,-0.0,78.5,1,49,50,180,26215,13107,0,0,0.0,0.0,0.0,0.0,-0.0,67.0,0.0,162057.094,0.0,972,0,996,0,0,0,948,0,1018,0,920,0,788,0,779,0,821,0,7520,0.032,4.121694378969478e+19,0.0,0.0,784,16797,-0.0,162057.094,-114818.039,-0.0,0.133,6.909358625270745e+28,30.0,70.0,35,0.0,0.0,0.0,0.0,0.0,0.0,0.0,0.0,0.0,0.0,0.0,0.0,0.0,0.0,0.0,0.0,66.4,0,150,71,51,65476,0,300,0,0,8,20529,65476,0,0,44564,70.0,0.0,0.0,0.0,0.0,0.0
2026-09-10T21:42:59,ERR,ERR,ERR,ERR,ERR,ERR,ERR,ERR,ERR,ERR,ERR,ERR,ERR,ERR,ERR,ERR,ERR,ERR,ERR,ERR,ERR,ERR,ERR,ERR,ERR,ERR,ERR,ERR,ERR,ERR,ERR,ERR,ERR,ERR,ERR,ERR,ERR,ERR,ERR,ERR,ERR,ERR,ERR,ERR,ERR,ERR,ERR,ERR,ERR,ERR,ERR,ERR,ERR,ERR,ERR,ERR,ERR,ERR,ERR,ERR,ERR,ERR,ERR,ERR,ERR,ERR,ERR,ERR,ERR,ERR,ERR,ERR,ERR,ERR,ERR,ERR,ERR,ERR,ERR,ERR,ERR,ERR,ERR,ERR,ERR,ERR,ERR,ERR,ERR,ERR,ERR,ERR,ERR,ERR,ERR,ERR,ERR,ERR,ERR,ERR,ERR,ERR,ERR,ERR,ERR,ERR,ERR,ERR,ERR,ERR,ERR,ERR,ERR,ERR,ERR,ERR,ERR,ERR,ERR,ERR,ERR,ERR,ERR,ERR,ERR,0.0,0.0,2.6474835549302285e+23,0.0,0.0,1.3936040501711995e+18,7.805,0.0,0,0,4,0,7116,0.0,100,0.0,0.0,0.0,0.0,0.0,0,0,0,0,0.0,0,0,0,0,0,0,0,0,0,0,0,0,0,0,0,0,0,0,0,0,0,0,0,0,0,0,0,0,0,0,0,0,0,31,40,40,71,65476,0,300,0,0,8,21553,0.0,-107605600.0,0.0,0.0,0.0,0.0,0.0,0.0,0.0,0.0,0.0,0.0,0.0,0.0,0.0,0.0,0.0,0.0,0.0,0.0,0.0,0.0,-2.004,2.004,-0.0,2.004,0.0,0.0,0.0,0.0,4518.0,0.0,6913.0,0.0,0.0,-107615168.0,-107615304.0,0.0,0.0,0.0,0.0,69,-0.0,4.066846102228181e+29,0.0,0.0,0.0,0.0,0.0,0.0,0.0,0,0,0,0.0,0.0,0.0,0.0,0.0,0.0,0.0,0.0,0.0,0.0,0.0,0.0,0.0,0.0,0.0,0.0,0,-107875648.0,69,0.0,138,0.0,2.6474720257151824e+23,0,39322,17085,39322,17099,0,17080,0,0,0,70,68,100,0.0,82.4,-107615448.0,77.8,-0.0,78.5,1,49,50,180,26215,13107,0,0,0.0,0.0,0.0,0.0,-0.0,67.0,0.0,162057.094,0.0,972,0,996,0,0,0,948,0,1018,0,920,0,788,0,779,0,821,0,7520,0.032,4.121694378969478e+19,0.0,0.0,784,16797,-0.0,162057.094,-114818.039,-0.0,0.133,6.909358625270745e+28,30.0,70.0,35,0.0,0.0,0.0,0.0,0.0,0.0,0.0,0.0,0.0,0.0,0.0,0.0,0.0,0.0,0.0,0.0,66.4,0,150,71,51,65476,0,300,0,0,8,20529,65476,0,0,44564,70.0,0.0,0.0,0.0,0.0,0.0
2026-09-10T21:43:00,ERR,ERR,ERR,ERR,ERR,ERR,ERR,ERR,ERR,ERR,ERR,ERR,ERR,ERR,ERR,ERR,ERR,ERR,ERR,ERR,ERR,ERR,ERR,ERR,ERR,ERR,ERR,ERR,ERR,ERR,ERR,ERR,ERR,ERR,ERR,ERR,ERR,ERR,ERR,ERR,ERR,ERR,ERR,ERR,ERR,ERR,ERR,ERR,ERR,ERR,ERR,ERR,ERR,ERR,ERR,ERR,ERR,ERR,ERR,ERR,ERR,ERR,ERR,ERR,ERR,ERR,ERR,ERR,ERR,ERR,ERR,ERR,ERR,ERR,ERR,ERR,ERR,ERR,ERR,ERR,ERR,ERR,ERR,ERR,ERR,ERR,ERR,ERR,ERR,ERR,ERR,ERR,ERR,ERR,ERR,ERR,ERR,ERR,ERR,ERR,ERR,ERR,ERR,ERR,ERR,ERR,ERR,ERR,ERR,ERR,ERR,ERR,ERR,ERR,ERR,ERR,ERR,ERR,ERR,ERR,ERR,ERR,ERR,ERR,ERR,0.0,0.0,2.6474835549302285e+23,0.0,0.0,1.3936040501711995e+18,7.805,0.0,0,0,4,0,7116,0.0,100,0.0,0.0,0.0,0.0,0.0,0,0,0,0,0.0,0,0,0,0,0,0,0,0,0,0,0,0,0,0,0,0,0,0,0,0,0,0,0,0,0,0,0,0,0,0,0,0,0,31,40,40,71,65476,0,300,0,0,8,21553,0.0,-107605600.0,0.0,0.0,0.0,0.0,0.0,0.0,0.0,0.0,0.0,0.0,0.0,0.0,0.0,0.0,0.0,0.0,0.0,0.0,0.0,0.0,-2.004,2.004,-0.0,2.004,0.0,0.0,0.0,0.0,4518.0,0.0,6913.0,0.0,0.0,-107615168.0,-107615304.0,0.0,0.0,0.0,0.0,69,-0.0,4.066846102228181e+29,0.0,0.0,0.0,0.0,0.0,0.0,0.0,0,0,0,0.0,0.0,0.0,0.0,0.0,0.0,0.0,0.0,0.0,0.0,0.0,0.0,0.0,0.0,0.0,0.0,0,-107875648.0,69,0.0,138,0.0,2.6474720257151824e+23,0,39322,17085,39322,17099,0,17080,0,0,0,70,68,100,0.0,82.4,-107615448.0,77.8,-0.0,78.5,1,49,50,180,26215,13107,0,0,0.0,0.0,0.0,0.0,-0.0,67.0,0.0,162057.094,0.0,972,0,996,0,0,0,948,0,1018,0,920,0,788,0,779,0,821,0,7520,0.032,4.121694378969478e+19,0.0,0.0,784,16797,-0.0,162057.094,-114818.039,-0.0,0.133,6.909358625270745e+28,30.0,70.0,35,0.0,0.0,0.0,0.0,0.0,0.0,0.0,0.0,0.0,0.0,0.0,0.0,0.0,0.0,0.0,0.0,66.4,0,150,71,51,65476,0,300,0,0,8,20529,65476,0,0,44564,70.0,0.0,0.0,0.0,0.0,0.0
2026-09-10T21:43:01,ERR,ERR,ERR,ERR,ERR,ERR,ERR,ERR,ERR,ERR,ERR,ERR,ERR,ERR,ERR,ERR,ERR,ERR,ERR,ERR,ERR,ERR,ERR,ERR,ERR,ERR,ERR,ERR,ERR,ERR,ERR,ERR,ERR,ERR,ERR,ERR,ERR,ERR,ERR,ERR,ERR,ERR,ERR,ERR,ERR,ERR,ERR,ERR,ERR,ERR,ERR,ERR,ERR,ERR,ERR,ERR,ERR,ERR,ERR,ERR,ERR,ERR,ERR,ERR,ERR,ERR,ERR,ERR,ERR,ERR,ERR,ERR,ERR,ERR,ERR,ERR,ERR,ERR,ERR,ERR,ERR,ERR,ERR,ERR,ERR,ERR,ERR,ERR,ERR,ERR,ERR,ERR,ERR,ERR,ERR,ERR,ERR,ERR,ERR,ERR,ERR,ERR,ERR,ERR,ERR,ERR,ERR,ERR,ERR,ERR,ERR,ERR,ERR,ERR,ERR,ERR,ERR,ERR,ERR,ERR,ERR,ERR,ERR,ERR,ERR,0.0,0.0,2.6474835549302285e+23,0.0,0.0,1.3936040501711995e+18,7.805,0.0,0,0,4,0,7116,0.0,100,0.0,0.0,0.0,0.0,0.0,0,0,0,0,0.0,0,0,0,0,0,0,0,0,0,0,0,0,0,0,0,0,0,0,0,0,0,0,0,0,0,0,0,0,0,0,0,0,0,31,40,40,71,65476,0,300,0,0,8,21553,0.0,-107605600.0,0.0,0.0,0.0,0.0,0.0,0.0,0.0,0.0,0.0,0.0,0.0,0.0,0.0,0.0,0.0,0.0,0.0,0.0,0.0,0.0,-2.004,2.004,-0.0,2.004,0.0,0.0,0.0,0.0,4518.0,0.0,6913.0,0.0,0.0,-107615168.0,-107615304.0,0.0,0.0,0.0,0.0,69,-0.0,4.066846102228181e+29,0.0,0.0,0.0,0.0,0.0,0.0,0.0,0,0,0,0.0,0.0,0.0,0.0,0.0,0.0,0.0,0.0,0.0,0.0,0.0,0.0,0.0,0.0,0.0,0.0,0,-107875648.0,69,0.0,138,0.0,2.6474720257151824e+23,0,39322,17085,39322,17099,0,17080,0,0,0,70,68,100,0.0,82.4,-107615448.0,77.8,-0.0,78.5,1,49,50,180,26215,13107,0,0,0.0,0.0,0.0,0.0,-0.0,67.0,0.0,162057.094,0.0,972,0,996,0,0,0,948,0,1018,0,920,0,788,0,779,0,821,0,7520,0.032,4.121694378969478e+19,0.0,0.0,784,16797,-0.0,162057.094,-114818.039,-0.0,0.133,6.909358625270745e+28,30.0,70.0,35,0.0,0.0,0.0,0.0,0.0,0.0,0.0,0.0,0.0,0.0,0.0,0.0,0.0,0.0,0.0,0.0,66.4,0,150,71,51,65476,0,300,0,0,8,20529,65476,0,0,44564,70.0,0.0,0.0,0.0,0.0,0.0
2026-09-10T21:43:02,ERR,ERR,ERR,ERR,ERR,ERR,ERR,ERR,ERR,ERR,ERR,ERR,ERR,ERR,ERR,ERR,ERR,ERR,ERR,ERR,ERR,ERR,ERR,ERR,ERR,ERR,ERR,ERR,ERR,ERR,ERR,ERR,ERR,ERR,ERR,ERR,ERR,ERR,ERR,ERR,ERR,ERR,ERR,ERR,ERR,ERR,ERR,ERR,ERR,ERR,ERR,ERR,ERR,ERR,ERR,ERR,ERR,ERR,ERR,ERR,ERR,ERR,ERR,ERR,ERR,ERR,ERR,ERR,ERR,ERR,ERR,ERR,ERR,ERR,ERR,ERR,ERR,ERR,ERR,ERR,ERR,ERR,ERR,ERR,ERR,ERR,ERR,ERR,ERR,ERR,ERR,ERR,ERR,ERR,ERR,ERR,ERR,ERR,ERR,ERR,ERR,ERR,ERR,ERR,ERR,ERR,ERR,ERR,ERR,ERR,ERR,ERR,ERR,ERR,ERR,ERR,ERR,ERR,ERR,ERR,ERR,ERR,ERR,ERR,ERR,0.0,0.0,2.6474835549302285e+23,0.0,0.0,1.3936040501711995e+18,7.805,0.0,0,0,4,0,7116,0.0,100,0.0,0.0,0.0,0.0,0.0,0,0,0,0,0.0,0,0,0,0,0,0,0,0,0,0,0,0,0,0,0,0,0,0,0,0,0,0,0,0,0,0,0,0,0,0,0,0,0,31,40,40,71,65476,0,300,0,0,8,21553,0.0,-107605600.0,0.0,0.0,0.0,0.0,0.0,0.0,0.0,0.0,0.0,0.0,0.0,0.0,0.0,0.0,0.0,0.0,0.0,0.0,0.0,0.0,-2.004,2.004,-0.0,2.004,0.0,0.0,0.0,0.0,4518.0,0.0,6913.0,0.0,0.0,-107615168.0,-107615304.0,0.0,0.0,0.0,0.0,69,-0.0,4.066846102228181e+29,0.0,0.0,0.0,0.0,0.0,0.0,0.0,0,0,0,0.0,0.0,0.0,0.0,0.0,0.0,0.0,0.0,0.0,0.0,0.0,0.0,0.0,0.0,0.0,0.0,0,-107875648.0,69,0.0,138,0.0,2.6474720257151824e+23,0,39322,17085,39322,17099,0,17080,0,0,0,70,68,100,0.0,82.4,-107615448.0,77.8,-0.0,78.5,1,49,50,180,26215,13107,0,0,0.0,0.0,0.0,0.0,-0.0,67.0,0.0,162057.094,0.0,972,0,996,0,0,0,948,0,1018,0,920,0,788,0,779,0,821,0,7520,0.032,4.121694378969478e+19,0.0,0.0,784,16797,-0.0,162057.094,-114818.039,-0.0,0.133,6.909358625270745e+28,30.0,70.0,35,0.0,0.0,0.0,0.0,0.0,0.0,0.0,0.0,0.0,0.0,0.0,0.0,0.0,0.0,0.0,0.0,66.4,0,150,71,51,65476,0,300,0,0,8,20529,65476,0,0,44564,70.0,0.0,0.0,0.0,0.0,0.0
2026-09-10T21:43:03,ERR,ERR,ERR,ERR,ERR,ERR,ERR,ERR,ERR,ERR,ERR,ERR,ERR,ERR,ERR,ERR,ERR,ERR,ERR,ERR,ERR,ERR,ERR,ERR,ERR,ERR,ERR,ERR,ERR,ERR,ERR,ERR,ERR,ERR,ERR,ERR,ERR,ERR,ERR,ERR,ERR,ERR,ERR,ERR,ERR,ERR,ERR,ERR,ERR,ERR,ERR,ERR,ERR,ERR,ERR,ERR,ERR,ERR,ERR,ERR,ERR,ERR,ERR,ERR,ERR,ERR,ERR,ERR,ERR,ERR,ERR,ERR,ERR,ERR,ERR,ERR,ERR,ERR,ERR,ERR,ERR,ERR,ERR,ERR,ERR,ERR,ERR,ERR,ERR,ERR,ERR,ERR,ERR,ERR,ERR,ERR,ERR,ERR,ERR,ERR,ERR,ERR,ERR,ERR,ERR,ERR,ERR,ERR,ERR,ERR,ERR,ERR,ERR,ERR,ERR,ERR,ERR,ERR,ERR,ERR,ERR,ERR,ERR,ERR,ERR,0.0,0.0,0.0,0.0,0.0,1.3936040501711995e+18,7.805,0.0,0,0,4,0,7116,0.0,100,0.0,0.0,0.0,0.0,0.0,0,0,0,0,0.0,0,0,0,0,0,0,0,0,0,0,0,0,0,0,0,0,0,0,0,0,0,0,0,0,0,0,0,0,0,0,0,0,0,31,40,40,71,65476,0,300,0,0,8,21553,0.0,-107605600.0,0.0,0.0,0.0,0.0,0.0,0.0,0.0,0.0,0.0,0.0,0.0,0.0,0.0,0.0,0.0,0.0,0.0,0.0,0.0,0.0,-2.004,0.0,-0.0,2.004,0.0,0.0,0.0,0.0,4493.0,-131350.188,6937.0,0.0,0.0,-107615168.0,-107615304.0,0.0,0.0,0.0,0.0,69,-126841143296.0,0.0,0.0,0.0,0.0,0.0,0.0,0.0,0.0,0,0,0,0.0,0.0,0.0,0.0,0.0,0.0,0.0,0.0,0.0,0.0,0.0,0.0,0.0,0.0,0.0,0.0,0,-107875648.0,69,0.0,138,0.0,2.6474720257151824e+23,0,39322,17085,39322,17099,0,17080,0,0,0,70,68,100,0.0,82.4,-107615448.0,77.9,-0.0,78.5,1,49,50,180,26215,13107,0,0,0.0,0.0,0.0,0.0,-0.0,67.0,0.0,162057.094,0.0,972,0,996,0,0,0,948,0,1018,0,920,0,789,0,779,0,821,0,7520,0.032,4.121694378969478e+19,0.0,0.0,784,16797,-0.0,162057.094,-114818.039,-0.0,0.133,6.909358625270745e+28,30.0,70.0,35,0.0,0.0,0.0,0.0,0.0,0.0,0.0,0.0,0.0,0.0,0.0,0.0,0.0,0.0,0.0,0.0,66.4,0,150,71,51,65476,0,300,0,0,8,20529,65476,0,0,44564,70.0,0.0,0.0,0.0,0.0,0.0
2026-09-10T21:43:04,ERR,ERR,ERR,ERR,ERR,ERR,ERR,ERR,ERR,ERR,ERR,ERR,ERR,ERR,ERR,ERR,ERR,ERR,ERR,ERR,ERR,ERR,ERR,ERR,ERR,ERR,ERR,ERR,ERR,ERR,ERR,ERR,ERR,ERR,ERR,ERR,ERR,ERR,ERR,ERR,ERR,ERR,ERR,ERR,ERR,ERR,ERR,ERR,ERR,ERR,ERR,ERR,ERR,ERR,ERR,ERR,ERR,ERR,ERR,ERR,ERR,ERR,ERR,ERR,ERR,ERR,ERR,ERR,ERR,ERR,ERR,ERR,ERR,ERR,ERR,ERR,ERR,ERR,ERR,ERR,ERR,ERR,ERR,ERR,ERR,ERR,ERR,ERR,ERR,ERR,ERR,ERR,ERR,ERR,ERR,ERR,ERR,ERR,ERR,ERR,ERR,ERR,ERR,ERR,ERR,ERR,ERR,ERR,ERR,ERR,ERR,ERR,ERR,ERR,ERR,ERR,ERR,ERR,ERR,ERR,ERR,ERR,ERR,ERR,ERR,0.0,0.0,0.0,0.0,0.0,1.3936040501711995e+18,7.805,0.0,0,0,4,0,7116,0.0,100,0.0,0.0,0.0,0.0,0.0,0,0,0,0,0.0,0,0,0,0,0,0,0,0,0,0,0,0,0,0,0,0,0,0,0,0,0,0,0,0,0,0,0,0,0,0,0,0,0,31,40,40,71,65476,0,300,0,0,8,21553,0.0,-107605600.0,0.0,0.0,0.0,0.0,0.0,0.0,0.0,0.0,0.0,0.0,0.0,0.0,0.0,0.0,0.0,0.0,0.0,0.0,0.0,0.0,-2.004,0.0,-0.0,2.004,0.0,0.0,0.0,0.0,4493.0,-131350.188,6937.0,0.0,0.0,-107615168.0,-107615304.0,0.0,0.0,0.0,0.0,69,-126841143296.0,0.0,0.0,0.0,0.0,0.0,0.0,0.0,0.0,0,0,0,0.0,0.0,0.0,0.0,0.0,0.0,0.0,0.0,0.0,0.0,0.0,0.0,0.0,0.0,0.0,0.0,0,-107875648.0,69,0.0,138,0.0,2.6474720257151824e+23,0,39322,17085,39322,17099,0,17080,0,0,0,70,68,100,0.0,82.4,-107615448.0,77.9,-0.0,78.5,1,49,50,180,26215,13107,0,0,0.0,0.0,0.0,0.0,-0.0,67.0,0.0,162057.094,0.0,972,0,996,0,0,0,948,0,1018,0,920,0,789,0,779,0,821,0,7520,0.032,4.121694378969478e+19,0.0,0.0,784,16797,-0.0,162057.094,-114818.039,-0.0,0.133,6.909358625270745e+28,30.0,70.0,35,0.0,0.0,0.0,0.0,0.0,0.0,0.0,0.0,0.0,0.0,0.0,0.0,0.0,0.0,0.0,0.0,66.4,0,150,71,51,65476,0,300,0,0,8,20529,65476,0,0,44564,70.0,0.0,0.0,0.0,0.0,0.0
2026-09-10T21:43:05,ERR,ERR,ERR,ERR,ERR,ERR,ERR,ERR,ERR,ERR,ERR,ERR,ERR,ERR,ERR,ERR,ERR,ERR,ERR,ERR,ERR,ERR,ERR,ERR,ERR,ERR,ERR,ERR,ERR,ERR,ERR,ERR,ERR,ERR,ERR,ERR,ERR,ERR,ERR,ERR,ERR,ERR,ERR,ERR,ERR,ERR,ERR,ERR,ERR,ERR,ERR,ERR,ERR,ERR,ERR,ERR,ERR,ERR,ERR,ERR,ERR,ERR,ERR,ERR,ERR,ERR,ERR,ERR,ERR,ERR,ERR,ERR,ERR,ERR,ERR,ERR,ERR,ERR,ERR,ERR,ERR,ERR,ERR,ERR,ERR,ERR,ERR,ERR,ERR,ERR,ERR,ERR,ERR,ERR,ERR,ERR,ERR,ERR,ERR,ERR,ERR,ERR,ERR,ERR,ERR,ERR,ERR,ERR,ERR,ERR,ERR,ERR,ERR,ERR,ERR,ERR,ERR,ERR,ERR,ERR,ERR,ERR,ERR,ERR,ERR,0.0,0.0,0.0,0.0,0.0,1.3936040501711995e+18,7.805,0.0,0,0,4,0,7116,0.0,100,0.0,0.0,0.0,0.0,0.0,0,0,0,0,0.0,0,0,0,0,0,0,0,0,0,0,0,0,0,0,0,0,0,0,0,0,0,0,0,0,0,0,0,0,0,0,0,0,0,31,40,40,71,65476,0,300,0,0,8,21553,0.0,-107605600.0,0.0,0.0,0.0,0.0,0.0,0.0,0.0,0.0,0.0,0.0,0.0,0.0,0.0,0.0,0.0,0.0,0.0,0.0,0.0,0.0,-2.004,0.0,-0.0,2.004,0.0,0.0,0.0,0.0,4493.0,-131350.188,6937.0,0.0,0.0,-107615168.0,-107615304.0,0.0,0.0,0.0,0.0,69,-126841143296.0,0.0,0.0,0.0,0.0,0.0,0.0,0.0,0.0,0,0,0,0.0,0.0,0.0,0.0,0.0,0.0,0.0,0.0,0.0,0.0,0.0,0.0,0.0,0.0,0.0,0.0,0,-107875648.0,69,0.0,138,0.0,2.6474720257151824e+23,0,39322,17085,39322,17099,0,17080,0,0,0,70,68,100,0.0,82.4,-107615448.0,77.9,-0.0,78.5,1,49,50,180,26215,13107,0,0,0.0,0.0,0.0,0.0,-0.0,67.0,0.0,162057.094,0.0,972,0,996,0,0,0,948,0,1018,0,920,0,789,0,779,0,821,0,7520,0.032,4.121694378969478e+19,0.0,0.0,784,16797,-0.0,162057.094,-114818.039,-0.0,0.133,6.909358625270745e+28,30.0,70.0,35,0.0,0.0,0.0,0.0,0.0,0.0,0.0,0.0,0.0,0.0,0.0,0.0,0.0,0.0,0.0,0.0,66.8,0,150,71,51,65476,0,300,0,0,8,20529,65476,0,0,44564,70.0,0.0,0.0,0.0,0.0,0.0
2026-09-10T21:43:06,ERR,ERR,ERR,ERR,ERR,ERR,ERR,ERR,ERR,ERR,ERR,ERR,ERR,ERR,ERR,ERR,ERR,ERR,ERR,ERR,ERR,ERR,ERR,ERR,ERR,ERR,ERR,ERR,ERR,ERR,ERR,ERR,ERR,ERR,ERR,ERR,ERR,ERR,ERR,ERR,ERR,ERR,ERR,ERR,ERR,ERR,ERR,ERR,ERR,ERR,ERR,ERR,ERR,ERR,ERR,ERR,ERR,ERR,ERR,ERR,ERR,ERR,ERR,ERR,ERR,ERR,ERR,ERR,ERR,ERR,ERR,ERR,ERR,ERR,ERR,ERR,ERR,ERR,ERR,ERR,ERR,ERR,ERR,ERR,ERR,ERR,ERR,ERR,ERR,ERR,ERR,ERR,ERR,ERR,ERR,ERR,ERR,ERR,ERR,ERR,ERR,ERR,ERR,ERR,ERR,ERR,ERR,ERR,ERR,ERR,ERR,ERR,ERR,ERR,ERR,ERR,ERR,ERR,ERR,ERR,ERR,ERR,ERR,ERR,ERR,0.0,0.0,0.0,0.0,0.0,1.3936040501711995e+18,7.805,0.0,0,0,4,0,7116,0.0,100,0.0,0.0,0.0,0.0,0.0,0,0,0,0,0.0,0,0,0,0,0,0,0,0,0,0,0,0,0,0,0,0,0,0,0,0,0,0,0,0,0,0,0,0,0,0,0,0,0,31,40,40,71,65476,0,300,0,0,8,21553,0.0,-107605600.0,0.0,0.0,0.0,0.0,0.0,0.0,0.0,0.0,0.0,0.0,0.0,0.0,0.0,0.0,0.0,0.0,0.0,0.0,0.0,0.0,-2.004,0.0,-0.0,2.004,0.0,0.0,0.0,0.0,4493.0,-131350.188,6937.0,0.0,0.0,-107615168.0,-107615304.0,0.0,0.0,0.0,0.0,69,-126841143296.0,0.0,0.0,0.0,0.0,0.0,0.0,0.0,0.0,0,0,0,0.0,0.0,0.0,0.0,0.0,0.0,0.0,0.0,0.0,0.0,0.0,0.0,0.0,0.0,0.0,0.0,0,-107875648.0,69,0.0,138,0.0,2.6474720257151824e+23,0,39322,17085,39322,17099,0,17080,0,0,0,70,68,100,0.0,82.4,-107615448.0,77.9,-0.0,78.5,1,49,50,180,26215,13107,0,0,0.0,0.0,0.0,0.0,-0.0,67.0,0.0,162057.094,0.0,972,0,996,0,0,0,948,0,1018,0,920,0,789,0,779,0,821,0,7520,0.032,4.121694378969478e+19,0.0,0.0,784,16797,-0.0,162057.094,-114818.039,-0.0,0.133,6.909358625270745e+28,30.0,70.0,35,0.0,0.0,0.0,0.0,0.0,0.0,0.0,0.0,0.0,0.0,0.0,0.0,0.0,0.0,0.0,0.0,66.8,0,150,71,51,65476,0,300,0,0,8,20529,65476,0,0,44564,70.0,0.0,0.0,0.0,0.0,0.0
2026-09-10T21:43:07,ERR,ERR,ERR,ERR,ERR,ERR,ERR,ERR,ERR,ERR,ERR,ERR,ERR,ERR,ERR,ERR,ERR,ERR,ERR,ERR,ERR,ERR,ERR,ERR,ERR,ERR,ERR,ERR,ERR,ERR,ERR,ERR,ERR,ERR,ERR,ERR,ERR,ERR,ERR,ERR,ERR,ERR,ERR,ERR,ERR,ERR,ERR,ERR,ERR,ERR,ERR,ERR,ERR,ERR,ERR,ERR,ERR,ERR,ERR,ERR,ERR,ERR,ERR,ERR,ERR,ERR,ERR,ERR,ERR,ERR,ERR,ERR,ERR,ERR,ERR,ERR,ERR,ERR,ERR,ERR,ERR,ERR,ERR,ERR,ERR,ERR,ERR,ERR,ERR,ERR,ERR,ERR,ERR,ERR,ERR,ERR,ERR,ERR,ERR,ERR,ERR,ERR,ERR,ERR,ERR,ERR,ERR,ERR,ERR,ERR,ERR,ERR,ERR,ERR,ERR,ERR,ERR,ERR,ERR,ERR,ERR,ERR,ERR,ERR,ERR,0.0,0.0,0.0,0.0,0.0,1.3936040501711995e+18,7.805,0.0,0,0,4,0,7116,0.0,100,0.0,0.0,0.0,0.0,0.0,0,0,0,0,0.0,0,0,0,0,0,0,0,0,0,0,0,0,0,0,0,0,0,0,0,0,0,0,0,0,0,0,0,0,0,0,0,0,0,31,40,40,71,65476,0,300,0,0,8,21553,0.0,-107605600.0,0.0,0.0,0.0,0.0,0.0,0.0,0.0,0.0,0.0,0.0,0.0,0.0,0.0,0.0,0.0,0.0,0.0,0.0,0.0,0.0,-2.004,0.0,-0.0,2.004,0.0,0.0,0.0,0.0,4493.0,-131350.188,6937.0,0.0,0.0,-107615168.0,-107615304.0,0.0,0.0,0.0,0.0,69,-126841143296.0,0.0,0.0,0.0,0.0,0.0,0.0,0.0,0.0,0,0,0,0.0,0.0,0.0,0.0,0.0,0.0,0.0,0.0,0.0,0.0,0.0,0.0,0.0,0.0,0.0,0.0,0,-107875648.0,69,0.0,138,0.0,2.6474720257151824e+23,0,39322,17085,39322,17099,0,17080,0,0,0,70,68,100,0.0,82.4,-107615448.0,77.9,-0.0,78.5,1,49,50,180,26215,13107,0,0,0.0,0.0,0.0,0.0,-0.0,67.0,0.0,162057.094,0.0,972,0,996,0,0,0,948,0,1018,0,920,0,789,0,779,0,821,0,7520,0.032,4.121694378969478e+19,0.0,0.0,784,16797,-0.0,162057.094,-114818.039,-0.0,0.133,6.909358625270745e+28,30.0,70.0,35,0.0,0.0,0.0,0.0,0.0,0.0,0.0,0.0,0.0,0.0,0.0,0.0,0.0,0.0,0.0,0.0,66.8,0,150,71,51,65476,0,300,0,0,8,20529,65476,0,0,44564,70.0,0.0,0.0,0.0,0.0,0.0
2026-09-10T21:43:08,ERR,ERR,ERR,ERR,ERR,ERR,ERR,ERR,ERR,ERR,ERR,ERR,ERR,ERR,ERR,ERR,ERR,ERR,ERR,ERR,ERR,ERR,ERR,ERR,ERR,ERR,ERR,ERR,ERR,ERR,ERR,ERR,ERR,ERR,ERR,ERR,ERR,ERR,ERR,ERR,ERR,ERR,ERR,ERR,ERR,ERR,ERR,ERR,ERR,ERR,ERR,ERR,ERR,ERR,ERR,ERR,ERR,ERR,ERR,ERR,ERR,ERR,ERR,ERR,ERR,ERR,ERR,ERR,ERR,ERR,ERR,ERR,ERR,ERR,ERR,ERR,ERR,ERR,ERR,ERR,ERR,ERR,ERR,ERR,ERR,ERR,ERR,ERR,ERR,ERR,ERR,ERR,ERR,ERR,ERR,ERR,ERR,ERR,ERR,ERR,ERR,ERR,ERR,ERR,ERR,ERR,ERR,ERR,ERR,ERR,ERR,ERR,ERR,ERR,ERR,ERR,ERR,ERR,ERR,ERR,ERR,ERR,ERR,ERR,ERR,0.0,0.0,0.0,0.0,0.0,1.3936040501711995e+18,7.805,0.0,0,0,4,0,7116,0.0,100,0.0,0.0,0.0,0.0,0.0,0,0,0,0,0.0,0,0,0,0,0,0,0,0,0,0,0,0,0,0,0,0,0,0,0,0,0,0,0,0,0,0,0,0,0,0,0,0,0,31,40,40,71,65476,0,300,0,0,8,21553,0.0,-107605600.0,0.0,0.0,0.0,0.0,0.0,0.0,0.0,0.0,0.0,0.0,0.0,0.0,0.0,0.0,0.0,0.0,0.0,0.0,0.0,0.0,-2.004,0.0,-0.0,2.004,0.0,0.0,0.0,0.0,4493.0,-131350.188,6937.0,0.0,0.0,-107615168.0,-107615304.0,0.0,0.0,0.0,0.0,69,-126841143296.0,0.0,0.0,0.0,0.0,0.0,0.0,0.0,0.0,0,0,0,0.0,0.0,0.0,0.0,0.0,0.0,0.0,0.0,0.0,0.0,0.0,0.0,0.0,0.0,0.0,0.0,0,-107875648.0,69,0.0,138,0.0,2.6474720257151824e+23,0,39322,17085,39322,17099,0,17080,0,0,0,70,68,100,2.7302399002429377e+23,82.4,-107615448.0,77.8,-0.0,78.5,1,49,50,180,26215,13107,0,0,0.0,0.0,0.0,0.0,-0.0,67.0,0.0,162057.094,0.0,972,0,996,0,0,0,948,0,1018,0,920,0,789,0,779,0,821,0,7520,0.032,4.150517416584649e+19,0.0,0.0,784,16797,-0.0,162057.094,-114818.039,-0.0,0.133,6.909358625270745e+28,30.0,70.0,35,0.0,0.0,0.0,0.0,0.0,0.0,0.0,0.0,0.0,0.0,0.0,0.0,0.0,0.0,0.0,0.0,66.4,0,150,71,51,65476,0,300,0,0,8,20529,65476,0,0,44564,70.0,0.0,0.0,0.0,0.0,0.0
2026-09-10T21:43:09,ERR,ERR,ERR,ERR,ERR,ERR,ERR,ERR,ERR,ERR,ERR,ERR,ERR,ERR,ERR,ERR,ERR,ERR,ERR,ERR,ERR,ERR,ERR,ERR,ERR,ERR,ERR,ERR,ERR,ERR,ERR,ERR,ERR,ERR,ERR,ERR,ERR,ERR,ERR,ERR,ERR,ERR,ERR,ERR,ERR,ERR,ERR,ERR,ERR,ERR,ERR,ERR,ERR,ERR,ERR,ERR,ERR,ERR,ERR,ERR,ERR,ERR,ERR,ERR,ERR,ERR,ERR,ERR,ERR,ERR,ERR,ERR,ERR,ERR,ERR,ERR,ERR,ERR,ERR,ERR,ERR,ERR,ERR,ERR,ERR,ERR,ERR,ERR,ERR,ERR,ERR,ERR,ERR,ERR,ERR,ERR,ERR,ERR,ERR,ERR,ERR,ERR,ERR,ERR,ERR,ERR,ERR,ERR,ERR,ERR,ERR,ERR,ERR,ERR,ERR,ERR,ERR,ERR,ERR,ERR,ERR,ERR,ERR,ERR,ERR,0.0,0.0,0.0,0.0,0.0,1.3936040501711995e+18,7.805,0.0,0,0,4,0,7116,0.0,100,0.0,0.0,0.0,0.0,0.0,0,0,0,0,0.0,0,0,0,0,0,0,0,0,0,0,0,0,0,0,0,0,0,0,0,0,0,0,0,0,0,0,0,0,0,0,0,0,0,31,40,40,71,65476,0,300,0,0,8,21553,0.0,-107605600.0,0.0,0.0,0.0,0.0,0.0,0.0,0.0,0.0,0.0,0.0,0.0,0.0,0.0,0.0,0.0,0.0,0.0,0.0,0.0,0.0,-2.004,0.0,-0.0,2.004,0.0,0.0,0.0,0.0,4493.0,-131350.188,6937.0,0.0,0.0,-107615168.0,-107615304.0,0.0,0.0,0.0,0.0,69,-126841143296.0,0.0,0.0,0.0,0.0,0.0,0.0,0.0,0.0,0,0,0,0.0,0.0,0.0,0.0,0.0,0.0,0.0,0.0,0.0,0.0,0.0,0.0,0.0,0.0,0.0,0.0,0,-107875648.0,69,0.0,138,0.0,2.6474720257151824e+23,0,39322,17085,39322,17099,0,17080,0,0,0,70,68,100,2.7302399002429377e+23,82.4,-107615448.0,77.8,-0.0,78.5,1,49,50,180,26215,13107,0,0,0.0,0.0,0.0,0.0,-0.0,67.0,0.0,162057.094,0.0,972,0,996,0,0,0,948,0,1018,0,920,0,789,0,779,0,821,0,7520,0.032,4.150517416584649e+19,0.0,0.0,784,16797,-0.0,162057.094,-114818.039,-0.0,0.133,6.909358625270745e+28,30.0,70.0,35,0.0,0.0,0.0,0.0,0.0,0.0,0.0,0.0,0.0,0.0,0.0,0.0,0.0,0.0,0.0,0.0,66.4,0,150,71,51,65476,0,300,0,0,8,20529,65476,0,0,44564,70.0,0.0,0.0,0.0,0.0,0.0
2026-09-10T21:43:10,ERR,ERR,ERR,ERR,ERR,ERR,ERR,ERR,ERR,ERR,ERR,ERR,ERR,ERR,ERR,ERR,ERR,ERR,ERR,ERR,ERR,ERR,ERR,ERR,ERR,ERR,ERR,ERR,ERR,ERR,ERR,ERR,ERR,ERR,ERR,ERR,ERR,ERR,ERR,ERR,ERR,ERR,ERR,ERR,ERR,ERR,ERR,ERR,ERR,ERR,ERR,ERR,ERR,ERR,ERR,ERR,ERR,ERR,ERR,ERR,ERR,ERR,ERR,ERR,ERR,ERR,ERR,ERR,ERR,ERR,ERR,ERR,ERR,ERR,ERR,ERR,ERR,ERR,ERR,ERR,ERR,ERR,ERR,ERR,ERR,ERR,ERR,ERR,ERR,ERR,ERR,ERR,ERR,ERR,ERR,ERR,ERR,ERR,ERR,ERR,ERR,ERR,ERR,ERR,ERR,ERR,ERR,ERR,ERR,ERR,ERR,ERR,ERR,ERR,ERR,ERR,ERR,ERR,ERR,ERR,ERR,ERR,ERR,ERR,ERR,0.0,0.0,0.0,0.0,0.0,1.3936040501711995e+18,7.805,0.0,0,0,4,0,7116,0.0,100,0.0,0.0,0.0,0.0,0.0,0,0,0,0,0.0,0,0,0,0,0,0,0,0,0,0,0,0,0,0,0,0,0,0,0,0,0,0,0,0,0,0,0,0,0,0,0,0,0,31,40,40,71,65476,0,300,0,0,8,21553,0.0,-107605600.0,0.0,0.0,0.0,0.0,0.0,0.0,0.0,0.0,0.0,0.0,0.0,0.0,0.0,0.0,0.0,0.0,0.0,0.0,0.0,0.0,-2.004,0.0,-0.0,2.004,0.0,0.0,0.0,0.0,4485.0,-2.4229832928462634e+24,6941.0,0.0,0.0,-107615168.0,-107615304.0,0.0,0.0,0.0,0.0,69,-0.0,1.905682486793339e+17,0.0,0.0,0.0,0.0,0.0,0.0,0.0,0,0,0,0.0,0.0,0.0,0.0,0.0,0.0,0.0,0.0,0.0,0.0,0.0,0.0,0.0,0.0,0.0,0.0,0,-107875648.0,69,0.0,138,0.0,2.6474720257151824e+23,0,39322,17085,39322,17099,0,17080,0,0,0,70,68,100,2.7302399002429377e+23,82.4,-107615448.0,77.8,-0.0,78.5,1,49,50,180,26215,13107,0,0,0.0,0.0,0.0,0.0,-0.0,67.0,0.0,162057.094,0.0,972,0,996,0,0,0,948,0,1018,0,920,0,789,0,779,0,821,0,7520,0.032,4.150517416584649e+19,0.0,0.0,784,16797,-0.0,162057.094,-114818.039,-0.0,0.133,6.909358625270745e+28,30.0,70.0,35,0.0,0.0,0.0,0.0,0.0,0.0,0.0,0.0,0.0,0.0,0.0,0.0,0.0,0.0,0.0,0.0,66.4,0,150,71,51,65476,0,300,0,0,8,20529,65476,0,0,44564,70.0,0.0,0.0,0.0,0.0,0.0
2026-09-10T21:43:11,ERR,ERR,ERR,ERR,ERR,ERR,ERR,ERR,ERR,ERR,ERR,ERR,ERR,ERR,ERR,ERR,ERR,ERR,ERR,ERR,ERR,ERR,ERR,ERR,ERR,ERR,ERR,ERR,ERR,ERR,ERR,ERR,ERR,ERR,ERR,ERR,ERR,ERR,ERR,ERR,ERR,ERR,ERR,ERR,ERR,ERR,ERR,ERR,ERR,ERR,ERR,ERR,ERR,ERR,ERR,ERR,ERR,ERR,ERR,ERR,ERR,ERR,ERR,ERR,ERR,ERR,ERR,ERR,ERR,ERR,ERR,ERR,ERR,ERR,ERR,ERR,ERR,ERR,ERR,ERR,ERR,ERR,ERR,ERR,ERR,ERR,ERR,ERR,ERR,ERR,ERR,ERR,ERR,ERR,ERR,ERR,ERR,ERR,ERR,ERR,ERR,ERR,ERR,ERR,ERR,ERR,ERR,ERR,ERR,ERR,ERR,ERR,ERR,ERR,ERR,ERR,ERR,ERR,ERR,ERR,ERR,ERR,ERR,ERR,ERR,0.0,0.0,0.0,0.0,0.0,1.3936040501711995e+18,7.805,0.0,0,0,4,0,7116,0.0,100,0.0,0.0,0.0,0.0,0.0,0,0,0,0,0.0,0,0,0,0,0,0,0,0,0,0,0,0,0,0,0,0,0,0,0,0,0,0,0,0,0,0,0,0,0,0,0,0,0,31,40,40,71,65476,0,300,0,0,8,21553,0.0,-107605600.0,0.0,0.0,0.0,0.0,0.0,0.0,0.0,0.0,0.0,0.0,0.0,0.0,0.0,0.0,0.0,0.0,0.0,0.0,0.0,0.0,-2.004,0.0,-0.0,2.004,0.0,0.0,0.0,0.0,4485.0,-2.4229832928462634e+24,6941.0,0.0,0.0,-107615168.0,-107615304.0,0.0,0.0,0.0,0.0,69,-0.0,1.905682486793339e+17,0.0,0.0,0.0,0.0,0.0,0.0,0.0,0,0,0,0.0,0.0,0.0,0.0,0.0,0.0,0.0,0.0,0.0,0.0,0.0,0.0,0.0,0.0,0.0,0.0,0,-107875648.0,69,0.0,138,0.0,2.6474720257151824e+23,0,39322,17085,39322,17099,0,17080,0,0,0,70,68,100,2.7302399002429377e+23,82.4,-107615448.0,77.8,-0.0,78.5,1,49,50,180,26215,13107,0,0,0.0,0.0,0.0,0.0,-0.0,67.0,0.0,162057.094,0.0,972,0,996,0,0,0,948,0,1018,0,920,0,789,0,779,0,821,0,7520,0.032,4.150517416584649e+19,0.0,0.0,784,16797,-0.0,162057.094,-114818.039,-0.0,0.133,6.909358625270745e+28,30.0,70.0,35,0.0,0.0,0.0,0.0,0.0,0.0,0.0,0.0,0.0,0.0,0.0,0.0,0.0,0.0,0.0,0.0,66.4,0,150,71,51,65476,0,300,0,0,8,20529,65476,0,0,44564,70.0,0.0,0.0,0.0,0.0,0.0
2026-09-10T21:43:12,ERR,ERR,ERR,ERR,ERR,ERR,ERR,ERR,ERR,ERR,ERR,ERR,ERR,ERR,ERR,ERR,ERR,ERR,ERR,ERR,ERR,ERR,ERR,ERR,ERR,ERR,ERR,ERR,ERR,ERR,ERR,ERR,ERR,ERR,ERR,ERR,ERR,ERR,ERR,ERR,ERR,ERR,ERR,ERR,ERR,ERR,ERR,ERR,ERR,ERR,ERR,ERR,ERR,ERR,ERR,ERR,ERR,ERR,ERR,ERR,ERR,ERR,ERR,ERR,ERR,ERR,ERR,ERR,ERR,ERR,ERR,ERR,ERR,ERR,ERR,ERR,ERR,ERR,ERR,ERR,ERR,ERR,ERR,ERR,ERR,ERR,ERR,ERR,ERR,ERR,ERR,ERR,ERR,ERR,ERR,ERR,ERR,ERR,ERR,ERR,ERR,ERR,ERR,ERR,ERR,ERR,ERR,ERR,ERR,ERR,ERR,ERR,ERR,ERR,ERR,ERR,ERR,ERR,ERR,ERR,ERR,ERR,ERR,ERR,ERR,0.0,0.0,0.0,0.0,0.0,1.3936040501711995e+18,7.805,0.0,0,0,4,0,7116,0.0,100,0.0,0.0,0.0,0.0,0.0,0,0,0,0,0.0,0,0,0,0,0,0,0,0,0,0,0,0,0,0,0,0,0,0,0,0,0,0,0,0,0,0,0,0,0,0,0,0,0,31,40,40,71,65476,0,300,0,0,8,21553,0.0,-107605600.0,0.0,0.0,0.0,0.0,0.0,0.0,0.0,0.0,0.0,0.0,0.0,0.0,0.0,0.0,0.0,0.0,0.0,0.0,0.0,0.0,-2.004,0.0,-0.0,2.004,0.0,0.0,0.0,0.0,4485.0,-2.4229832928462634e+24,6941.0,0.0,0.0,-107615168.0,-107615304.0,0.0,0.0,0.0,0.0,69,-0.0,1.905682486793339e+17,0.0,0.0,0.0,0.0,0.0,0.0,0.0,0,0,0,0.0,0.0,0.0,0.0,0.0,0.0,0.0,0.0,0.0,0.0,0.0,0.0,0.0,0.0,0.0,0.0,0,-107875648.0,69,0.0,138,0.0,2.6474720257151824e+23,0,39322,17085,39322,17099,0,17080,0,0,0,70,68,100,2.7302399002429377e+23,82.4,-107615448.0,77.8,-0.0,78.5,1,49,50,180,26215,13107,0,0,0.0,0.0,0.0,0.0,-0.0,67.0,0.0,162057.094,0.0,972,0,996,0,0,0,948,0,1018,0,920,0,789,0,779,0,821,0,7520,0.032,4.150517416584649e+19,0.0,0.0,784,16797,-0.0,162057.094,-114818.039,-0.0,0.133,6.909358625270745e+28,30.0,70.0,35,0.0,0.0,0.0,0.0,0.0,0.0,0.0,0.0,0.0,0.0,0.0,0.0,0.0,0.0,0.0,0.0,66.4,0,150,71,51,65476,0,300,0,0,8,20529,65476,0,0,44564,70.0,0.0,0.0,0.0,0.0,0.0
2026-09-10T21:43:13,ERR,ERR,ERR,ERR,ERR,ERR,ERR,ERR,ERR,ERR,ERR,ERR,ERR,ERR,ERR,ERR,ERR,ERR,ERR,ERR,ERR,ERR,ERR,ERR,ERR,ERR,ERR,ERR,ERR,ERR,ERR,ERR,ERR,ERR,ERR,ERR,ERR,ERR,ERR,ERR,ERR,ERR,ERR,ERR,ERR,ERR,ERR,ERR,ERR,ERR,ERR,ERR,ERR,ERR,ERR,ERR,ERR,ERR,ERR,ERR,ERR,ERR,ERR,ERR,ERR,ERR,ERR,ERR,ERR,ERR,ERR,ERR,ERR,ERR,ERR,ERR,ERR,ERR,ERR,ERR,ERR,ERR,ERR,ERR,ERR,ERR,ERR,ERR,ERR,ERR,ERR,ERR,ERR,ERR,ERR,ERR,ERR,ERR,ERR,ERR,ERR,ERR,ERR,ERR,ERR,ERR,ERR,ERR,ERR,ERR,ERR,ERR,ERR,ERR,ERR,ERR,ERR,ERR,ERR,ERR,ERR,ERR,ERR,ERR,ERR,0.0,0.0,0.0,0.0,0.0,1.3936040501711995e+18,7.805,0.0,0,0,4,0,7116,0.0,100,0.0,0.0,0.0,0.0,0.0,0,0,0,0,0.0,0,0,0,0,0,0,0,0,0,0,0,0,0,0,0,0,0,0,0,0,0,0,0,0,0,0,0,0,0,0,0,0,0,31,40,40,71,65476,0,300,0,0,8,21553,0.0,-107605600.0,0.0,0.0,0.0,0.0,0.0,0.0,0.0,0.0,0.0,0.0,0.0,0.0,0.0,0.0,0.0,0.0,0.0,0.0,0.0,0.0,-2.004,0.0,-0.0,2.004,0.0,0.0,0.0,0.0,4485.0,-2.4229832928462634e+24,6941.0,0.0,0.0,-107615168.0,-107615304.0,0.0,0.0,0.0,0.0,69,-0.0,1.905682486793339e+17,0.0,0.0,0.0,0.0,0.0,0.0,0.0,0,0,0,0.0,0.0,0.0,0.0,0.0,0.0,0.0,0.0,0.0,0.0,0.0,0.0,0.0,0.0,0.0,0.0,0,-107875648.0,69,0.0,138,0.0,2.6474720257151824e+23,0,39322,17085,39322,17099,0,17080,0,0,0,70,68,100,0.0,82.4,-107615448.0,77.8,-0.0,78.5,1,49,50,180,26215,0,0,0,0.0,0.0,0.0,0.0,-0.0,67.0,0.0,162057.094,0.0,972,0,995,0,0,0,948,0,1018,0,920,0,789,0,779,0,821,0,7520,0.032,4.150517416584649e+19,0.0,0.0,784,16797,-0.0,162057.094,-114818.039,-0.0,0.133,6.909358625270745e+28,30.0,70.0,35,0.0,0.0,0.0,0.0,0.0,0.0,0.0,0.0,0.0,0.0,0.0,0.0,0.0,0.0,0.0,0.0,66.4,0,150,71,51,65476,0,300,0,0,8,20529,65476,0,0,44564,70.0,0.0,0.0,0.0,0.0,0.0
2026-09-10T21:43:14,ERR,ERR,ERR,ERR,ERR,ERR,ERR,ERR,ERR,ERR,ERR,ERR,ERR,ERR,ERR,ERR,ERR,ERR,ERR,ERR,ERR,ERR,ERR,ERR,ERR,ERR,ERR,ERR,ERR,ERR,ERR,ERR,ERR,ERR,ERR,ERR,ERR,ERR,ERR,ERR,ERR,ERR,ERR,ERR,ERR,ERR,ERR,ERR,ERR,ERR,ERR,ERR,ERR,ERR,ERR,ERR,ERR,ERR,ERR,ERR,ERR,ERR,ERR,ERR,ERR,ERR,ERR,ERR,ERR,ERR,ERR,ERR,ERR,ERR,ERR,ERR,ERR,ERR,ERR,ERR,ERR,ERR,ERR,ERR,ERR,ERR,ERR,ERR,ERR,ERR,ERR,ERR,ERR,ERR,ERR,ERR,ERR,ERR,ERR,ERR,ERR,ERR,ERR,ERR,ERR,ERR,ERR,ERR,ERR,ERR,ERR,ERR,ERR,ERR,ERR,ERR,ERR,ERR,ERR,ERR,ERR,ERR,ERR,ERR,ERR,0.0,0.0,0.0,0.0,0.0,1.3936040501711995e+18,7.805,0.0,0,0,4,0,7116,0.0,100,0.0,0.0,0.0,0.0,0.0,0,0,0,0,0.0,0,0,0,0,0,0,0,0,0,0,0,0,0,0,0,0,0,0,0,0,0,0,0,0,0,0,0,0,0,0,0,0,0,31,40,40,71,65476,0,300,0,0,8,21553,0.0,-107605600.0,0.0,0.0,0.0,0.0,0.0,0.0,0.0,0.0,0.0,0.0,0.0,0.0,0.0,0.0,0.0,0.0,0.0,0.0,0.0,0.0,-2.004,0.0,-0.0,2.004,0.0,0.0,0.0,0.0,4485.0,-2.4229832928462634e+24,6941.0,0.0,0.0,-107615168.0,-107615304.0,0.0,0.0,0.0,0.0,69,-0.0,1.905682486793339e+17,0.0,0.0,0.0,0.0,0.0,0.0,0.0,0,0,0,0.0,0.0,0.0,0.0,0.0,0.0,0.0,0.0,0.0,0.0,0.0,0.0,0.0,0.0,0.0,0.0,0,-107875648.0,69,0.0,138,0.0,2.6474720257151824e+23,0,39322,17085,39322,17099,0,17080,0,0,0,70,68,100,0.0,82.4,-107615448.0,77.8,-0.0,78.5,1,49,50,180,26215,0,0,0,0.0,0.0,0.0,0.0,-0.0,67.0,0.0,162057.094,0.0,972,0,995,0,0,0,948,0,1018,0,920,0,789,0,779,0,821,0,7520,0.032,4.150517416584649e+19,0.0,0.0,784,16797,-0.0,162057.094,-114818.039,-0.0,0.133,6.909358625270745e+28,30.0,70.0,35,0.0,0.0,0.0,0.0,0.0,0.0,0.0,0.0,0.0,0.0,0.0,0.0,0.0,0.0,0.0,0.0,66.4,0,150,71,51,65476,0,300,0,0,8,20529,65476,0,0,44564,70.0,0.0,0.0,0.0,0.0,0.0
2026-09-10T21:43:15,ERR,ERR,ERR,ERR,ERR,ERR,ERR,ERR,ERR,ERR,ERR,ERR,ERR,ERR,ERR,ERR,ERR,ERR,ERR,ERR,ERR,ERR,ERR,ERR,ERR,ERR,ERR,ERR,ERR,ERR,ERR,ERR,ERR,ERR,ERR,ERR,ERR,ERR,ERR,ERR,ERR,ERR,ERR,ERR,ERR,ERR,ERR,ERR,ERR,ERR,ERR,ERR,ERR,ERR,ERR,ERR,ERR,ERR,ERR,ERR,ERR,ERR,ERR,ERR,ERR,ERR,ERR,ERR,ERR,ERR,ERR,ERR,ERR,ERR,ERR,ERR,ERR,ERR,ERR,ERR,ERR,ERR,ERR,ERR,ERR,ERR,ERR,ERR,ERR,ERR,ERR,ERR,ERR,ERR,ERR,ERR,ERR,ERR,ERR,ERR,ERR,ERR,ERR,ERR,ERR,ERR,ERR,ERR,ERR,ERR,ERR,ERR,ERR,ERR,ERR,ERR,ERR,ERR,ERR,ERR,ERR,ERR,ERR,ERR,ERR,0.0,0.0,0.0,0.0,0.0,1.3936040501711995e+18,7.805,0.0,0,0,4,0,7116,0.0,100,0.0,0.0,0.0,0.0,0.0,0,0,0,0,0.0,0,0,0,0,0,0,0,0,0,0,0,0,0,0,0,0,0,0,0,0,0,0,0,0,0,0,0,0,0,0,0,0,0,31,40,40,71,65476,0,300,0,0,8,21553,0.0,-107605600.0,0.0,0.0,0.0,0.0,0.0,0.0,0.0,0.0,0.0,0.0,0.0,0.0,0.0,0.0,0.0,0.0,0.0,0.0,0.0,0.0,-2.004,0.0,-0.0,2.004,0.0,0.0,0.0,0.0,4485.0,-2.4229832928462634e+24,6941.0,0.0,0.0,-107615168.0,-107615304.0,0.0,0.0,0.0,0.0,69,-0.0,1.905682486793339e+17,0.0,0.0,0.0,0.0,0.0,0.0,0.0,0,0,0,0.0,0.0,0.0,0.0,0.0,0.0,0.0,0.0,0.0,0.0,0.0,0.0,0.0,0.0,0.0,0.0,0,-107875648.0,69,0.0,138,0.0,2.6474720257151824e+23,0,39322,17085,39322,17099,0,17080,0,0,0,70,68,100,0.0,82.4,-107615448.0,77.8,-0.0,78.5,1,49,50,180,26215,0,0,0,0.0,0.0,0.0,0.0,-0.0,67.0,0.0,162057.094,0.0,972,0,995,0,0,0,948,0,1018,0,920,0,789,0,779,0,821,0,7520,0.032,4.150517416584649e+19,0.0,0.0,784,16797,-0.0,162057.094,-114818.039,-0.0,0.133,6.909358625270745e+28,30.0,70.0,35,0.0,0.0,0.0,0.0,0.0,0.0,0.0,0.0,0.0,0.0,0.0,0.0,0.0,0.0,0.0,0.0,66.8,0,150,71,51,65476,0,300,0,0,8,20529,65476,0,0,44564,70.0,0.0,0.0,0.0,0.0,0.0
2026-09-10T21:43:16,ERR,ERR,ERR,ERR,ERR,ERR,ERR,ERR,ERR,ERR,ERR,ERR,ERR,ERR,ERR,ERR,ERR,ERR,ERR,ERR,ERR,ERR,ERR,ERR,ERR,ERR,ERR,ERR,ERR,ERR,ERR,ERR,ERR,ERR,ERR,ERR,ERR,ERR,ERR,ERR,ERR,ERR,ERR,ERR,ERR,ERR,ERR,ERR,ERR,ERR,ERR,ERR,ERR,ERR,ERR,ERR,ERR,ERR,ERR,ERR,ERR,ERR,ERR,ERR,ERR,ERR,ERR,ERR,ERR,ERR,ERR,ERR,ERR,ERR,ERR,ERR,ERR,ERR,ERR,ERR,ERR,ERR,ERR,ERR,ERR,ERR,ERR,ERR,ERR,ERR,ERR,ERR,ERR,ERR,ERR,ERR,ERR,ERR,ERR,ERR,ERR,ERR,ERR,ERR,ERR,ERR,ERR,ERR,ERR,ERR,ERR,ERR,ERR,ERR,ERR,ERR,ERR,ERR,ERR,ERR,ERR,ERR,ERR,ERR,ERR,0.0,0.0,0.0,0.0,0.0,1.3936040501711995e+18,7.805,0.0,0,0,4,0,7116,0.0,100,0.0,0.0,0.0,0.0,0.0,0,0,0,0,0.0,0,0,0,0,0,0,0,0,0,0,0,0,0,0,0,0,0,0,0,0,0,0,0,0,0,0,0,0,0,0,0,0,0,31,40,40,71,65476,0,300,0,0,8,21553,0.0,-107605600.0,0.0,0.0,0.0,0.0,0.0,0.0,0.0,0.0,0.0,0.0,0.0,0.0,0.0,0.0,0.0,0.0,0.0,0.0,0.0,0.0,-2.004,0.0,-0.0,2.004,0.0,0.0,0.0,0.0,4485.0,-2.4229832928462634e+24,6941.0,0.0,0.0,-107615168.0,-107615304.0,0.0,0.0,0.0,0.0,69,-0.0,1.905682486793339e+17,0.0,0.0,0.0,0.0,0.0,0.0,0.0,0,0,0,0.0,0.0,0.0,0.0,0.0,0.0,0.0,0.0,0.0,0.0,0.0,0.0,0.0,0.0,0.0,0.0,0,-107875648.0,69,0.0,138,0.0,2.6474720257151824e+23,0,39322,17085,39322,17099,0,17080,0,0,0,70,68,100,0.0,82.4,-107615448.0,77.8,-0.0,78.5,1,49,50,180,26215,0,0,0,0.0,0.0,0.0,0.0,-0.0,67.0,0.0,162057.094,0.0,972,0,995,0,0,0,948,0,1018,0,920,0,789,0,779,0,821,0,7520,0.032,4.150517416584649e+19,0.0,0.0,784,16797,-0.0,162057.094,-114818.039,-0.0,0.133,6.909358625270745e+28,30.0,70.0,35,0.0,0.0,0.0,0.0,0.0,0.0,0.0,0.0,0.0,0.0,0.0,0.0,0.0,0.0,0.0,0.0,66.8,0,150,71,51,65476,0,300,0,0,8,20529,65476,0,0,44564,70.0,0.0,0.0,0.0,0.0,0.0
2026-09-10T21:43:17,ERR,ERR,ERR,ERR,ERR,ERR,ERR,ERR,ERR,ERR,ERR,ERR,ERR,ERR,ERR,ERR,ERR,ERR,ERR,ERR,ERR,ERR,ERR,ERR,ERR,ERR,ERR,ERR,ERR,ERR,ERR,ERR,ERR,ERR,ERR,ERR,ERR,ERR,ERR,ERR,ERR,ERR,ERR,ERR,ERR,ERR,ERR,ERR,ERR,ERR,ERR,ERR,ERR,ERR,ERR,ERR,ERR,ERR,ERR,ERR,ERR,ERR,ERR,ERR,ERR,ERR,ERR,ERR,ERR,ERR,ERR,ERR,ERR,ERR,ERR,ERR,ERR,ERR,ERR,ERR,ERR,ERR,ERR,ERR,ERR,ERR,ERR,ERR,ERR,ERR,ERR,ERR,ERR,ERR,ERR,ERR,ERR,ERR,ERR,ERR,ERR,ERR,ERR,ERR,ERR,ERR,ERR,ERR,ERR,ERR,ERR,ERR,ERR,ERR,ERR,ERR,ERR,ERR,ERR,ERR,ERR,ERR,ERR,ERR,ERR,0.0,0.0,0.0,0.0,0.0,1.3936040501711995e+18,7.805,0.0,0,0,4,0,7116,0.0,100,0.0,0.0,0.0,0.0,0.0,0,0,0,0,0.0,0,0,0,0,0,0,0,0,0,0,0,0,0,0,0,0,0,0,0,0,0,0,0,0,0,0,0,0,0,0,0,0,0,31,40,40,71,65476,0,300,0,0,8,21553,0.0,-107605600.0,0.0,0.0,0.0,0.0,0.0,0.0,0.0,0.0,0.0,0.0,0.0,0.0,0.0,0.0,0.0,0.0,0.0,0.0,0.0,0.0,-2.004,0.0,-0.0,2.004,0.0,0.0,0.0,0.0,4485.0,-2.4229832928462634e+24,6941.0,0.0,0.0,-107615168.0,-107615304.0,0.0,0.0,0.0,0.0,69,-0.0,1.905682486793339e+17,0.0,0.0,0.0,0.0,0.0,0.0,0.0,0,0,0,0.0,0.0,0.0,0.0,0.0,0.0,0.0,0.0,0.0,0.0,0.0,0.0,0.0,0.0,0.0,0.0,0,-107875648.0,69,0.0,138,0.0,2.6474720257151824e+23,0,39322,17085,39322,17099,0,17080,0,0,0,70,68,100,0.0,82.4,-107615448.0,77.8,-0.0,78.5,1,49,50,180,26215,0,0,0,0.0,0.0,0.0,0.0,-0.0,67.0,0.0,162057.094,0.0,972,0,995,0,0,0,948,0,1018,0,920,0,789,0,779,0,821,0,7520,0.032,4.150517416584649e+19,0.0,0.0,784,16797,-0.0,162057.094,-114818.039,-0.0,0.133,6.909358625270745e+28,30.0,70.0,35,0.0,0.0,0.0,0.0,0.0,0.0,0.0,0.0,0.0,0.0,0.0,0.0,0.0,0.0,0.0,0.0,66.8,0,150,71,51,65476,0,300,0,0,8,20529,65476,0,0,44564,70.0,0.0,0.0,0.0,0.0,0.0
2026-09-10T21:43:18,ERR,ERR,ERR,ERR,ERR,ERR,ERR,ERR,ERR,ERR,ERR,ERR,ERR,ERR,ERR,ERR,ERR,ERR,ERR,ERR,ERR,ERR,ERR,ERR,ERR,ERR,ERR,ERR,ERR,ERR,ERR,ERR,ERR,ERR,ERR,ERR,ERR,ERR,ERR,ERR,ERR,ERR,ERR,ERR,ERR,ERR,ERR,ERR,ERR,ERR,ERR,ERR,ERR,ERR,ERR,ERR,ERR,ERR,ERR,ERR,ERR,ERR,ERR,ERR,ERR,ERR,ERR,ERR,ERR,ERR,ERR,ERR,ERR,ERR,ERR,ERR,ERR,ERR,ERR,ERR,ERR,ERR,ERR,ERR,ERR,ERR,ERR,ERR,ERR,ERR,ERR,ERR,ERR,ERR,ERR,ERR,ERR,ERR,ERR,ERR,ERR,ERR,ERR,ERR,ERR,ERR,ERR,ERR,ERR,ERR,ERR,ERR,ERR,ERR,ERR,ERR,ERR,ERR,ERR,ERR,ERR,ERR,ERR,ERR,ERR,0.0,0.0,0.0,0.0,0.0,1.3936040501711995e+18,7.805,0.0,0,0,4,0,7116,0.0,100,0.0,0.0,0.0,0.0,0.0,0,0,0,0,0.0,0,0,0,0,0,0,0,0,0,0,0,0,0,0,0,0,0,0,0,0,0,0,0,0,0,0,0,0,0,0,0,0,0,31,40,40,71,65476,0,300,0,0,8,21553,0.0,-107605600.0,0.0,0.0,0.0,0.0,0.0,0.0,0.0,0.0,0.0,0.0,0.0,0.0,-2.596148429267414e+33,0.0,0.0,0.0,0.0,0.0,0.0,0.0,-2.004,0.0,-0.0,2.004,0.0,0.0,0.0,0.0,4488.0,-2.4229832928462634e+24,6912.0,0.0,0.0,-107615168.0,-107615304.0,0.0,0.0,0.0,0.0,69,-0.0,5.84804776034314e+35,0.0,0.0,0.0,0.0,0.0,0.0,0.0,0,0,0,0.0,0.0,0.0,0.0,0.0,0.0,0.0,0.0,0.0,0.0,0.0,0.0,0.0,0.0,0.0,0.0,0,-107875648.0,69,0.0,138,0.0,2.6474720257151824e+23,0,39322,17085,39322,17099,0,17080,0,0,0,70,68,100,0.0,82.4,-107615448.0,77.8,-0.0,78.5,1,49,50,180,26215,0,0,0,0.0,0.0,0.0,0.0,-0.0,67.0,0.0,162057.094,0.0,972,0,995,0,0,0,948,0,1018,0,920,0,789,0,779,0,821,0,7520,0.032,4.150517416584649e+19,0.0,0.0,784,16797,-0.0,162057.094,-114818.039,-0.0,0.133,6.909358625270745e+28,30.0,70.0,35,0.0,0.0,0.0,0.0,0.0,0.0,0.0,0.0,0.0,0.0,0.0,0.0,0.0,0.0,0.0,0.0,66.8,0,150,71,51,65476,0,300,0,0,8,20529,65476,0,0,44564,70.0,0.0,0.0,0.0,0.0,0.0
2026-09-10T21:43:19,ERR,ERR,ERR,ERR,ERR,ERR,ERR,ERR,ERR,ERR,ERR,ERR,ERR,ERR,ERR,ERR,ERR,ERR,ERR,ERR,ERR,ERR,ERR,ERR,ERR,ERR,ERR,ERR,ERR,ERR,ERR,ERR,ERR,ERR,ERR,ERR,ERR,ERR,ERR,ERR,ERR,ERR,ERR,ERR,ERR,ERR,ERR,ERR,ERR,ERR,ERR,ERR,ERR,ERR,ERR,ERR,ERR,ERR,ERR,ERR,ERR,ERR,ERR,ERR,ERR,ERR,ERR,ERR,ERR,ERR,ERR,ERR,ERR,ERR,ERR,ERR,ERR,ERR,ERR,ERR,ERR,ERR,ERR,ERR,ERR,ERR,ERR,ERR,ERR,ERR,ERR,ERR,ERR,ERR,ERR,ERR,ERR,ERR,ERR,ERR,ERR,ERR,ERR,ERR,ERR,ERR,ERR,ERR,ERR,ERR,ERR,ERR,ERR,ERR,ERR,ERR,ERR,ERR,ERR,ERR,ERR,ERR,ERR,ERR,ERR,0.0,0.0,0.0,0.0,0.0,1.3936040501711995e+18,7.805,0.0,0,0,4,0,7116,0.0,100,0.0,0.0,0.0,0.0,0.0,0,0,0,0,0.0,0,0,0,0,0,0,0,0,0,0,0,0,0,0,0,0,0,0,0,0,0,0,0,0,0,0,0,0,0,0,0,0,0,31,40,40,71,65476,0,300,0,0,8,21553,0.0,-107605600.0,0.0,0.0,0.0,0.0,0.0,0.0,0.0,0.0,0.0,0.0,0.0,0.0,-2.596148429267414e+33,0.0,0.0,0.0,0.0,0.0,0.0,0.0,-2.004,0.0,-0.0,2.004,0.0,0.0,0.0,0.0,4488.0,-2.4229832928462634e+24,6912.0,0.0,0.0,-107615168.0,-107615304.0,0.0,0.0,0.0,0.0,69,-0.0,5.84804776034314e+35,0.0,0.0,0.0,0.0,0.0,0.0,0.0,0,0,0,0.0,0.0,0.0,0.0,0.0,0.0,0.0,0.0,0.0,0.0,0.0,0.0,0.0,0.0,0.0,0.0,0,-107875648.0,69,0.0,138,0.0,2.6474720257151824e+23,0,26215,17085,39322,17099,13107,17080,0,0,0,70,68,100,0.0,82.4,-107615448.0,77.8,-0.0,78.5,1,49,50,180,26215,13107,0,0,0.0,0.0,0.0,0.0,-0.0,67.0,0.0,162057.094,0.0,972,0,995,0,0,0,947,0,1018,0,920,0,788,0,779,0,821,0,7520,0.032,4.121694378969478e+19,0.0,0.0,784,16797,-0.0,162057.094,-114818.039,-0.0,0.133,6.909358625270745e+28,30.0,70.0,35,0.0,0.0,0.0,0.0,0.0,0.0,0.0,0.0,0.0,0.0,0.0,0.0,0.0,0.0,0.0,0.0,66.8,0,150,71,51,65476,0,300,0,0,8,20529,65476,0,0,44564,70.0,0.0,0.0,0.0,0.0,0.0
2026-09-10T21:43:20,ERR,ERR,ERR,ERR,ERR,ERR,ERR,ERR,ERR,ERR,ERR,ERR,ERR,ERR,ERR,ERR,ERR,ERR,ERR,ERR,ERR,ERR,ERR,ERR,ERR,ERR,ERR,ERR,ERR,ERR,ERR,ERR,ERR,ERR,ERR,ERR,ERR,ERR,ERR,ERR,ERR,ERR,ERR,ERR,ERR,ERR,ERR,ERR,ERR,ERR,ERR,ERR,ERR,ERR,ERR,ERR,ERR,ERR,ERR,ERR,ERR,ERR,ERR,ERR,ERR,ERR,ERR,ERR,ERR,ERR,ERR,ERR,ERR,ERR,ERR,ERR,ERR,ERR,ERR,ERR,ERR,ERR,ERR,ERR,ERR,ERR,ERR,ERR,ERR,ERR,ERR,ERR,ERR,ERR,ERR,ERR,ERR,ERR,ERR,ERR,ERR,ERR,ERR,ERR,ERR,ERR,ERR,ERR,ERR,ERR,ERR,ERR,ERR,ERR,ERR,ERR,ERR,ERR,ERR,ERR,ERR,ERR,ERR,ERR,ERR,0.0,0.0,0.0,0.0,0.0,1.3936040501711995e+18,7.805,0.0,0,0,4,0,7116,0.0,100,0.0,0.0,0.0,0.0,0.0,0,0,0,0,0.0,0,0,0,0,0,0,0,0,0,0,0,0,0,0,0,0,0,0,0,0,0,0,0,0,0,0,0,0,0,0,0,0,0,31,40,40,71,65476,0,300,0,0,8,21553,0.0,-107605600.0,0.0,0.0,0.0,0.0,0.0,0.0,0.0,0.0,0.0,0.0,0.0,0.0,-2.596148429267414e+33,0.0,0.0,0.0,0.0,0.0,0.0,0.0,-2.004,0.0,-0.0,2.004,0.0,0.0,0.0,0.0,4488.0,-2.4229832928462634e+24,6912.0,0.0,0.0,-107615168.0,-107615304.0,0.0,0.0,0.0,0.0,69,-0.0,5.84804776034314e+35,0.0,0.0,0.0,0.0,0.0,0.0,0.0,0,0,0,0.0,0.0,0.0,0.0,0.0,0.0,0.0,0.0,0.0,0.0,0.0,0.0,0.0,0.0,0.0,0.0,0,-107875648.0,69,0.0,138,0.0,2.6474720257151824e+23,0,26215,17085,39322,17099,13107,17080,0,0,0,70,68,100,0.0,82.4,-107615448.0,77.8,-0.0,78.5,1,49,50,180,26215,13107,0,0,0.0,0.0,0.0,0.0,-0.0,67.0,0.0,162057.094,0.0,972,0,995,0,0,0,947,0,1018,0,920,0,788,0,779,0,821,0,7520,0.032,4.121694378969478e+19,0.0,0.0,784,16797,-0.0,162057.094,-114818.039,-0.0,0.133,6.909358625270745e+28,30.0,70.0,35,0.0,0.0,0.0,0.0,0.0,0.0,0.0,0.0,0.0,0.0,0.0,0.0,0.0,0.0,0.0,0.0,66.8,0,150,71,51,65476,0,300,0,0,8,20529,65476,0,0,44564,70.0,0.0,0.0,0.0,0.0,0.0
2026-09-10T21:43:21,ERR,ERR,ERR,ERR,ERR,ERR,ERR,ERR,ERR,ERR,ERR,ERR,ERR,ERR,ERR,ERR,ERR,ERR,ERR,ERR,ERR,ERR,ERR,ERR,ERR,ERR,ERR,ERR,ERR,ERR,ERR,ERR,ERR,ERR,ERR,ERR,ERR,ERR,ERR,ERR,ERR,ERR,ERR,ERR,ERR,ERR,ERR,ERR,ERR,ERR,ERR,ERR,ERR,ERR,ERR,ERR,ERR,ERR,ERR,ERR,ERR,ERR,ERR,ERR,ERR,ERR,ERR,ERR,ERR,ERR,ERR,ERR,ERR,ERR,ERR,ERR,ERR,ERR,ERR,ERR,ERR,ERR,ERR,ERR,ERR,ERR,ERR,ERR,ERR,ERR,ERR,ERR,ERR,ERR,ERR,ERR,ERR,ERR,ERR,ERR,ERR,ERR,ERR,ERR,ERR,ERR,ERR,ERR,ERR,ERR,ERR,ERR,ERR,ERR,ERR,ERR,ERR,ERR,ERR,ERR,ERR,ERR,ERR,ERR,ERR,0.0,0.0,0.0,0.0,0.0,1.3936040501711995e+18,7.805,0.0,0,0,4,0,7116,0.0,100,0.0,0.0,0.0,0.0,0.0,0,0,0,0,0.0,0,0,0,0,0,0,0,0,0,0,0,0,0,0,0,0,0,0,0,0,0,0,0,0,0,0,0,0,0,0,0,0,0,31,40,40,71,65476,0,300,0,0,8,21553,0.0,-107605600.0,0.0,0.0,0.0,0.0,0.0,0.0,0.0,0.0,0.0,0.0,0.0,0.0,-2.596148429267414e+33,0.0,0.0,0.0,0.0,0.0,0.0,0.0,-2.004,0.0,-0.0,2.004,0.0,0.0,0.0,0.0,4488.0,-2.4229832928462634e+24,6912.0,0.0,0.0,-107615168.0,-107615304.0,0.0,0.0,0.0,0.0,69,-0.0,5.84804776034314e+35,0.0,0.0,0.0,0.0,0.0,0.0,0.0,0,0,0,0.0,0.0,0.0,0.0,0.0,0.0,0.0,0.0,0.0,0.0,0.0,0.0,0.0,0.0,0.0,0.0,0,-107875648.0,69,0.0,138,0.0,2.6474720257151824e+23,0,26215,17085,39322,17099,13107,17080,0,0,0,70,68,100,0.0,82.4,-107615448.0,77.8,-0.0,78.5,1,49,50,180,26215,13107,0,0,0.0,0.0,0.0,0.0,-0.0,67.0,0.0,162057.094,0.0,972,0,995,0,0,0,947,0,1018,0,920,0,788,0,779,0,821,0,7520,0.032,4.121694378969478e+19,0.0,0.0,784,16797,-0.0,162057.094,-114818.039,-0.0,0.133,6.909358625270745e+28,30.0,70.0,35,0.0,0.0,0.0,0.0,0.0,0.0,0.0,0.0,0.0,0.0,0.0,0.0,0.0,0.0,0.0,0.0,66.4,0,150,71,51,65476,0,300,0,0,8,20529,65476,0,0,44564,70.0,0.0,0.0,0.0,0.0,0.0
2026-09-10T21:43:22,ERR,ERR,ERR,ERR,ERR,ERR,ERR,ERR,ERR,ERR,ERR,ERR,ERR,ERR,ERR,ERR,ERR,ERR,ERR,ERR,ERR,ERR,ERR,ERR,ERR,ERR,ERR,ERR,ERR,ERR,ERR,ERR,ERR,ERR,ERR,ERR,ERR,ERR,ERR,ERR,ERR,ERR,ERR,ERR,ERR,ERR,ERR,ERR,ERR,ERR,ERR,ERR,ERR,ERR,ERR,ERR,ERR,ERR,ERR,ERR,ERR,ERR,ERR,ERR,ERR,ERR,ERR,ERR,ERR,ERR,ERR,ERR,ERR,ERR,ERR,ERR,ERR,ERR,ERR,ERR,ERR,ERR,ERR,ERR,ERR,ERR,ERR,ERR,ERR,ERR,ERR,ERR,ERR,ERR,ERR,ERR,ERR,ERR,ERR,ERR,ERR,ERR,ERR,ERR,ERR,ERR,ERR,ERR,ERR,ERR,ERR,ERR,ERR,ERR,ERR,ERR,ERR,ERR,ERR,ERR,ERR,ERR,ERR,ERR,ERR,0.0,0.0,0.0,0.0,0.0,1.3936040501711995e+18,7.805,0.0,0,0,4,0,7116,0.0,100,0.0,0.0,0.0,0.0,0.0,0,0,0,0,0.0,0,0,0,0,0,0,0,0,0,0,0,0,0,0,0,0,0,0,0,0,0,0,0,0,0,0,0,0,0,0,0,0,0,31,40,40,71,65476,0,300,0,0,8,21553,0.0,-107605600.0,0.0,0.0,0.0,0.0,0.0,0.0,0.0,0.0,0.0,0.0,0.0,0.0,-2.596148429267414e+33,0.0,0.0,0.0,0.0,0.0,0.0,0.0,-2.004,0.0,-0.0,2.004,0.0,0.0,0.0,0.0,4488.0,-2.4229832928462634e+24,6912.0,0.0,0.0,-107615168.0,-107615304.0,0.0,0.0,0.0,0.0,69,-0.0,5.84804776034314e+35,0.0,0.0,0.0,0.0,0.0,0.0,0.0,0,0,0,0.0,0.0,0.0,0.0,0.0,0.0,0.0,0.0,0.0,0.0,0.0,0.0,0.0,0.0,0.0,0.0,0,-107875648.0,69,0.0,138,0.0,2.6474720257151824e+23,0,26215,17085,39322,17099,13107,17080,0,0,0,70,68,100,0.0,82.4,-107615448.0,77.8,-0.0,78.5,1,49,50,180,26215,13107,0,0,0.0,0.0,0.0,0.0,-0.0,67.0,0.0,162057.094,0.0,972,0,995,0,0,0,947,0,1018,0,920,0,788,0,779,0,821,0,7520,0.032,4.121694378969478e+19,0.0,0.0,784,16797,-0.0,162057.094,-114818.039,-0.0,0.133,6.909358625270745e+28,30.0,70.0,35,0.0,0.0,0.0,0.0,0.0,0.0,0.0,0.0,0.0,0.0,0.0,0.0,0.0,0.0,0.0,0.0,66.4,0,150,71,51,65476,0,300,0,0,8,20529,65476,0,0,44564,70.0,0.0,0.0,0.0,0.0,0.0
2026-09-10T21:43:23,ERR,ERR,ERR,ERR,ERR,ERR,ERR,ERR,ERR,ERR,ERR,ERR,ERR,ERR,ERR,ERR,ERR,ERR,ERR,ERR,ERR,ERR,ERR,ERR,ERR,ERR,ERR,ERR,ERR,ERR,ERR,ERR,ERR,ERR,ERR,ERR,ERR,ERR,ERR,ERR,ERR,ERR,ERR,ERR,ERR,ERR,ERR,ERR,ERR,ERR,ERR,ERR,ERR,ERR,ERR,ERR,ERR,ERR,ERR,ERR,ERR,ERR,ERR,ERR,ERR,ERR,ERR,ERR,ERR,ERR,ERR,ERR,ERR,ERR,ERR,ERR,ERR,ERR,ERR,ERR,ERR,ERR,ERR,ERR,ERR,ERR,ERR,ERR,ERR,ERR,ERR,ERR,ERR,ERR,ERR,ERR,ERR,ERR,ERR,ERR,ERR,ERR,ERR,ERR,ERR,ERR,ERR,ERR,ERR,ERR,ERR,ERR,ERR,ERR,ERR,ERR,ERR,ERR,ERR,ERR,ERR,ERR,ERR,ERR,ERR,0.0,0.0,0.0,0.0,0.0,1.3936040501711995e+18,7.805,0.0,0,0,4,0,7116,0.0,100,0.0,0.0,0.0,0.0,0.0,0,0,0,0,0.0,0,0,0,0,0,0,0,0,0,0,0,0,0,0,0,0,0,0,0,0,0,0,0,0,0,0,0,0,0,0,0,0,0,31,40,40,71,65476,0,300,0,0,8,21553,0.0,-107605600.0,0.0,0.0,0.0,0.0,0.0,0.0,0.0,0.0,0.0,0.0,0.0,0.0,-2.596148429267414e+33,0.0,0.0,0.0,0.0,0.0,0.0,0.0,-2.004,0.0,-0.0,2.004,0.0,0.0,0.0,0.0,4488.0,-2.4229832928462634e+24,6912.0,0.0,0.0,-107615168.0,-107615304.0,0.0,0.0,0.0,0.0,69,-0.0,5.84804776034314e+35,0.0,0.0,0.0,0.0,0.0,0.0,0.0,0,0,0,0.0,0.0,0.0,0.0,0.0,0.0,0.0,0.0,0.0,0.0,0.0,0.0,0.0,0.0,0.0,0.0,0,-107875648.0,69,0.0,138,0.0,2.6474720257151824e+23,0,26215,17085,39322,17099,13107,17080,0,0,0,70,68,100,0.0,82.4,-107615448.0,77.8,-0.0,78.5,1,49,50,180,26215,13107,0,0,0.0,0.0,0.0,0.0,-0.0,67.0,0.0,162057.094,0.0,972,0,995,0,0,0,947,0,1018,0,920,0,788,0,779,0,821,0,7520,0.032,4.121694378969478e+19,0.0,0.0,784,16797,-0.0,162057.094,-114818.039,-0.0,0.133,6.909358625270745e+28,30.0,70.0,35,0.0,0.0,0.0,0.0,0.0,0.0,0.0,0.0,0.0,0.0,0.0,0.0,0.0,0.0,0.0,0.0,66.4,0,150,71,51,65476,0,300,0,0,8,20529,65476,0,0,44564,70.0,0.0,0.0,0.0,0.0,0.0
2026-09-10T21:43:24,ERR,ERR,ERR,ERR,ERR,ERR,ERR,ERR,ERR,ERR,ERR,ERR,ERR,ERR,ERR,ERR,ERR,ERR,ERR,ERR,ERR,ERR,ERR,ERR,ERR,ERR,ERR,ERR,ERR,ERR,ERR,ERR,ERR,ERR,ERR,ERR,ERR,ERR,ERR,ERR,ERR,ERR,ERR,ERR,ERR,ERR,ERR,ERR,ERR,ERR,ERR,ERR,ERR,ERR,ERR,ERR,ERR,ERR,ERR,ERR,ERR,ERR,ERR,ERR,ERR,ERR,ERR,ERR,ERR,ERR,ERR,ERR,ERR,ERR,ERR,ERR,ERR,ERR,ERR,ERR,ERR,ERR,ERR,ERR,ERR,ERR,ERR,ERR,ERR,ERR,ERR,ERR,ERR,ERR,ERR,ERR,ERR,ERR,ERR,ERR,ERR,ERR,ERR,ERR,ERR,ERR,ERR,ERR,ERR,ERR,ERR,ERR,ERR,ERR,ERR,ERR,ERR,ERR,ERR,ERR,ERR,ERR,ERR,ERR,ERR,0.0,0.0,0.0,0.0,0.0,1.3936040501711995e+18,7.805,0.0,0,0,4,0,7116,0.0,100,0.0,0.0,0.0,0.0,0.0,0,0,0,0,0.0,0,0,0,0,0,0,0,0,0,0,0,0,0,0,0,0,0,0,0,0,0,0,0,0,0,0,0,0,0,0,0,0,0,31,40,40,71,65476,0,300,0,0,8,21553,0.0,-107605600.0,0.0,0.0,0.0,0.0,0.0,0.0,0.0,0.0,0.0,0.0,0.0,0.0,-2.596148429267414e+33,0.0,0.0,0.0,0.0,0.0,0.0,0.0,-2.004,0.0,-0.0,2.004,0.0,0.0,0.0,0.0,4488.0,-2.4229832928462634e+24,6912.0,0.0,0.0,-107615168.0,-107615304.0,0.0,0.0,0.0,0.0,69,-0.0,5.84804776034314e+35,0.0,0.0,0.0,0.0,0.0,0.0,0.0,0,0,0,0.0,0.0,0.0,0.0,0.0,0.0,0.0,0.0,0.0,0.0,0.0,0.0,0.0,0.0,0.0,0.0,0,-107875648.0,69,0.0,138,0.0,2.6474720257151824e+23,0,26215,17085,39322,17099,13107,17080,0,0,0,70,68,100,0.0,82.4,-107615448.0,77.8,-0.0,78.5,1,49,50,180,26215,13107,0,0,0.0,0.0,0.0,0.0,-0.0,67.0,0.0,162057.094,0.0,972,0,995,0,0,0,947,0,1018,0,920,0,788,0,779,0,821,0,7520,0.032,4.121694378969478e+19,0.0,0.0,784,16797,-0.0,162057.094,-114818.039,-0.0,0.133,6.909358625270745e+28,30.0,70.0,35,0.0,0.0,0.0,0.0,0.0,0.0,0.0,0.0,0.0,0.0,0.0,0.0,0.0,0.0,0.0,0.0,66.4,0,150,71,51,65476,0,300,0,0,8,20529,65476,0,0,44564,70.0,0.0,0.0,0.0,0.0,0.0
2026-09-10T21:43:25,ERR,ERR,ERR,ERR,ERR,ERR,ERR,ERR,ERR,ERR,ERR,ERR,ERR,ERR,ERR,ERR,ERR,ERR,ERR,ERR,ERR,ERR,ERR,ERR,ERR,ERR,ERR,ERR,ERR,ERR,ERR,ERR,ERR,ERR,ERR,ERR,ERR,ERR,ERR,ERR,ERR,ERR,ERR,ERR,ERR,ERR,ERR,ERR,ERR,ERR,ERR,ERR,ERR,ERR,ERR,ERR,ERR,ERR,ERR,ERR,ERR,ERR,ERR,ERR,ERR,ERR,ERR,ERR,ERR,ERR,ERR,ERR,ERR,ERR,ERR,ERR,ERR,ERR,ERR,ERR,ERR,ERR,ERR,ERR,ERR,ERR,ERR,ERR,ERR,ERR,ERR,ERR,ERR,ERR,ERR,ERR,ERR,ERR,ERR,ERR,ERR,ERR,ERR,ERR,ERR,ERR,ERR,ERR,ERR,ERR,ERR,ERR,ERR,ERR,ERR,ERR,ERR,ERR,ERR,ERR,ERR,ERR,ERR,ERR,ERR,0.0,0.0,0.0,0.0,0.0,1.3936040501711995e+18,7.805,0.0,0,0,4,0,7116,0.0,100,0.0,0.0,0.0,0.0,0.0,0,0,0,0,0.0,0,0,0,0,0,0,0,0,0,0,0,0,0,0,0,0,0,0,0,0,0,0,0,0,0,0,0,0,0,0,0,0,0,31,40,40,71,65476,0,300,0,0,8,21553,0.0,-107605600.0,0.0,0.0,0.0,0.0,0.0,0.0,0.0,0.0,0.0,0.0,0.0,0.0,-2.596148429267414e+33,0.0,0.0,0.0,0.0,0.0,0.0,0.0,-2.004,0.0,-0.0,2.004,0.0,0.0,0.0,0.0,4488.0,-2.4229832928462634e+24,6912.0,0.0,0.0,-107615168.0,-107615304.0,0.0,0.0,0.0,0.0,69,-0.0,5.84804776034314e+35,0.0,0.0,0.0,0.0,0.0,0.0,0.0,0,0,0,0.0,0.0,0.0,0.0,0.0,0.0,0.0,0.0,0.0,0.0,0.0,0.0,0.0,0.0,0.0,0.0,0,-107875648.0,69,0.0,138,0.0,2.6474720257151824e+23,0,26215,17085,39322,17099,0,17080,0,0,0,70,68,100,0.0,82.4,-0.0,77.8,-0.0,78.5,1,49,50,180,26215,0,0,0,0.0,0.0,0.0,0.0,-0.0,67.0,0.0,162057.094,0.0,972,0,995,0,0,0,948,0,1018,0,920,0,788,0,779,0,821,0,7520,0.032,4.121694378969478e+19,0.0,0.0,784,16797,-0.0,162057.094,-114818.039,-0.0,0.133,6.909358625270745e+28,30.0,70.0,35,0.0,0.0,0.0,0.0,0.0,0.0,0.0,0.0,0.0,0.0,0.0,0.0,0.0,0.0,0.0,0.0,66.4,0,150,71,51,65476,0,300,0,0,8,20529,65476,0,0,44564,70.0,0.0,0.0,0.0,0.0,0.0
2026-09-10T21:43:26,ERR,ERR,ERR,ERR,ERR,ERR,ERR,ERR,ERR,ERR,ERR,ERR,ERR,ERR,ERR,ERR,ERR,ERR,ERR,ERR,ERR,ERR,ERR,ERR,ERR,ERR,ERR,ERR,ERR,ERR,ERR,ERR,ERR,ERR,ERR,ERR,ERR,ERR,ERR,ERR,ERR,ERR,ERR,ERR,ERR,ERR,ERR,ERR,ERR,ERR,ERR,ERR,ERR,ERR,ERR,ERR,ERR,ERR,ERR,ERR,ERR,ERR,ERR,ERR,ERR,ERR,ERR,ERR,ERR,ERR,ERR,ERR,ERR,ERR,ERR,ERR,ERR,ERR,ERR,ERR,ERR,ERR,ERR,ERR,ERR,ERR,ERR,ERR,ERR,ERR,ERR,ERR,ERR,ERR,ERR,ERR,ERR,ERR,ERR,ERR,ERR,ERR,ERR,ERR,ERR,ERR,ERR,ERR,ERR,ERR,ERR,ERR,ERR,ERR,ERR,ERR,ERR,ERR,ERR,ERR,ERR,ERR,ERR,ERR,ERR,0.0,0.0,0.0,0.0,0.0,1.3936040501711995e+18,7.805,0.0,0,0,4,0,7116,0.0,100,0.0,0.0,0.0,0.0,0.0,0,0,0,0,0.0,0,0,0,0,0,0,0,0,0,0,0,0,0,0,0,0,0,0,0,0,0,0,0,0,0,0,0,0,0,0,0,0,0,31,40,40,71,65476,0,300,0,0,8,21553,0.0,-107605600.0,0.0,0.0,0.0,0.0,0.0,0.0,0.0,0.0,0.0,0.0,0.0,0.0,0.0,0.0,0.0,0.0,0.0,0.0,0.0,0.0,-2.004,0.0,-0.0,2.004,0.0,0.0,0.0,0.0,4522.0,0.0,6912.0,0.0,0.0,-107615168.0,-107615304.0,0.0,0.0,0.0,0.0,69,-89221.141,-0.0,0.0,0.0,0.0,0.0,0.0,0.0,0.0,0,0,0,0.0,0.0,0.0,0.0,0.0,0.0,0.0,0.0,0.0,0.0,0.0,0.0,0.0,0.0,0.0,0.0,0,-107875648.0,69,0.0,138,0.0,2.6474720257151824e+23,0,26215,17085,39322,17099,0,17080,0,0,0,70,68,100,0.0,82.4,-0.0,77.8,-0.0,78.5,1,49,50,180,26215,0,0,0,0.0,0.0,0.0,0.0,-0.0,67.0,0.0,162057.094,0.0,972,0,995,0,0,0,948,0,1018,0,920,0,788,0,779,0,821,0,7520,0.032,4.121694378969478e+19,0.0,0.0,784,16797,-0.0,162057.094,-114818.039,-0.0,0.133,6.909358625270745e+28,30.0,70.0,35,0.0,0.0,0.0,0.0,0.0,0.0,0.0,0.0,0.0,0.0,0.0,0.0,0.0,0.0,0.0,0.0,66.4,0,150,71,51,65476,0,300,0,0,8,20529,65476,0,0,44564,70.0,0.0,0.0,0.0,0.0,0.0
2026-09-10T21:43:27,ERR,ERR,ERR,ERR,ERR,ERR,ERR,ERR,ERR,ERR,ERR,ERR,ERR,ERR,ERR,ERR,ERR,ERR,ERR,ERR,ERR,ERR,ERR,ERR,ERR,ERR,ERR,ERR,ERR,ERR,ERR,ERR,ERR,ERR,ERR,ERR,ERR,ERR,ERR,ERR,ERR,ERR,ERR,ERR,ERR,ERR,ERR,ERR,ERR,ERR,ERR,ERR,ERR,ERR,ERR,ERR,ERR,ERR,ERR,ERR,ERR,ERR,ERR,ERR,ERR,ERR,ERR,ERR,ERR,ERR,ERR,ERR,ERR,ERR,ERR,ERR,ERR,ERR,ERR,ERR,ERR,ERR,ERR,ERR,ERR,ERR,ERR,ERR,ERR,ERR,ERR,ERR,ERR,ERR,ERR,ERR,ERR,ERR,ERR,ERR,ERR,ERR,ERR,ERR,ERR,ERR,ERR,ERR,ERR,ERR,ERR,ERR,ERR,ERR,ERR,ERR,ERR,ERR,ERR,ERR,ERR,ERR,ERR,ERR,ERR,0.0,0.0,0.0,0.0,0.0,1.3936040501711995e+18,7.805,0.0,0,0,4,0,7116,0.0,100,0.0,0.0,0.0,0.0,0.0,0,0,0,0,0.0,0,0,0,0,0,0,0,0,0,0,0,0,0,0,0,0,0,0,0,0,0,0,0,0,0,0,0,0,0,0,0,0,0,31,40,40,71,65476,0,300,0,0,8,21553,0.0,-107605600.0,0.0,0.0,0.0,0.0,0.0,0.0,0.0,0.0,0.0,0.0,0.0,0.0,0.0,0.0,0.0,0.0,0.0,0.0,0.0,0.0,-2.004,0.0,-0.0,2.004,0.0,0.0,0.0,0.0,4522.0,0.0,6912.0,0.0,0.0,-107615168.0,-107615304.0,0.0,0.0,0.0,0.0,69,-89221.141,-0.0,0.0,0.0,0.0,0.0,0.0,0.0,0.0,0,0,0,0.0,0.0,0.0,0.0,0.0,0.0,0.0,0.0,0.0,0.0,0.0,0.0,0.0,0.0,0.0,0.0,0,-107875648.0,69,0.0,138,0.0,2.6474720257151824e+23,0,26215,17085,39322,17099,0,17080,0,0,0,70,68,100,0.0,82.4,-0.0,77.8,-0.0,78.5,1,49,50,180,26215,0,0,0,0.0,0.0,0.0,0.0,-0.0,67.0,0.0,162057.094,0.0,972,0,995,0,0,0,948,0,1018,0,920,0,788,0,779,0,821,0,7520,0.032,4.121694378969478e+19,0.0,0.0,784,16797,-0.0,162057.094,-114818.039,-0.0,0.133,6.909358625270745e+28,30.0,70.0,35,0.0,0.0,0.0,0.0,0.0,0.0,0.0,0.0,0.0,0.0,0.0,0.0,0.0,0.0,0.0,0.0,66.4,0,150,71,51,65476,0,300,0,0,8,20529,65476,0,0,44564,70.0,0.0,0.0,0.0,0.0,0.0
2026-09-10T21:43:28,ERR,ERR,ERR,ERR,ERR,ERR,ERR,ERR,ERR,ERR,ERR,ERR,ERR,ERR,ERR,ERR,ERR,ERR,ERR,ERR,ERR,ERR,ERR,ERR,ERR,ERR,ERR,ERR,ERR,ERR,ERR,ERR,ERR,ERR,ERR,ERR,ERR,ERR,ERR,ERR,ERR,ERR,ERR,ERR,ERR,ERR,ERR,ERR,ERR,ERR,ERR,ERR,ERR,ERR,ERR,ERR,ERR,ERR,ERR,ERR,ERR,ERR,ERR,ERR,ERR,ERR,ERR,ERR,ERR,ERR,ERR,ERR,ERR,ERR,ERR,ERR,ERR,ERR,ERR,ERR,ERR,ERR,ERR,ERR,ERR,ERR,ERR,ERR,ERR,ERR,ERR,ERR,ERR,ERR,ERR,ERR,ERR,ERR,ERR,ERR,ERR,ERR,ERR,ERR,ERR,ERR,ERR,ERR,ERR,ERR,ERR,ERR,ERR,ERR,ERR,ERR,ERR,ERR,ERR,ERR,ERR,ERR,ERR,ERR,ERR,0.0,0.0,0.0,0.0,0.0,1.3936040501711995e+18,7.805,0.0,0,0,4,0,7116,0.0,100,0.0,0.0,0.0,0.0,0.0,0,0,0,0,0.0,0,0,0,0,0,0,0,0,0,0,0,0,0,0,0,0,0,0,0,0,0,0,0,0,0,0,0,0,0,0,0,0,0,31,40,40,71,65476,0,300,0,0,8,21553,0.0,-107605600.0,0.0,0.0,0.0,0.0,0.0,0.0,0.0,0.0,0.0,0.0,0.0,0.0,0.0,0.0,0.0,0.0,0.0,0.0,0.0,0.0,-2.004,0.0,-0.0,2.004,0.0,0.0,0.0,0.0,4522.0,0.0,6912.0,0.0,0.0,-107615168.0,-107615304.0,0.0,0.0,0.0,0.0,69,-89221.141,-0.0,0.0,0.0,0.0,0.0,0.0,0.0,0.0,0,0,0,0.0,0.0,0.0,0.0,0.0,0.0,0.0,0.0,0.0,0.0,0.0,0.0,0.0,0.0,0.0,0.0,0,-107875648.0,69,0.0,138,0.0,2.6474720257151824e+23,0,26215,17085,39322,17099,0,17080,0,0,0,70,68,100,0.0,82.4,-0.0,77.8,-0.0,78.5,1,49,50,180,26215,0,0,0,0.0,0.0,0.0,0.0,-0.0,67.0,0.0,162057.094,0.0,972,0,995,0,0,0,948,0,1018,0,920,0,788,0,779,0,821,0,7520,0.032,4.121694378969478e+19,0.0,0.0,784,16797,-0.0,162057.094,-114818.039,-0.0,0.133,6.909358625270745e+28,30.0,70.0,35,0.0,0.0,0.0,0.0,0.0,0.0,0.0,0.0,0.0,0.0,0.0,0.0,0.0,0.0,0.0,0.0,66.4,0,150,71,51,65476,0,300,0,0,8,20529,65476,0,0,44564,70.0,0.0,0.0,0.0,0.0,0.0
2026-09-10T21:43:29,ERR,ERR,ERR,ERR,ERR,ERR,ERR,ERR,ERR,ERR,ERR,ERR,ERR,ERR,ERR,ERR,ERR,ERR,ERR,ERR,ERR,ERR,ERR,ERR,ERR,ERR,ERR,ERR,ERR,ERR,ERR,ERR,ERR,ERR,ERR,ERR,ERR,ERR,ERR,ERR,ERR,ERR,ERR,ERR,ERR,ERR,ERR,ERR,ERR,ERR,ERR,ERR,ERR,ERR,ERR,ERR,ERR,ERR,ERR,ERR,ERR,ERR,ERR,ERR,ERR,ERR,ERR,ERR,ERR,ERR,ERR,ERR,ERR,ERR,ERR,ERR,ERR,ERR,ERR,ERR,ERR,ERR,ERR,ERR,ERR,ERR,ERR,ERR,ERR,ERR,ERR,ERR,ERR,ERR,ERR,ERR,ERR,ERR,ERR,ERR,ERR,ERR,ERR,ERR,ERR,ERR,ERR,ERR,ERR,ERR,ERR,ERR,ERR,ERR,ERR,ERR,ERR,ERR,ERR,ERR,ERR,ERR,ERR,ERR,ERR,0.0,0.0,0.0,0.0,0.0,1.3936040501711995e+18,7.805,0.0,0,0,4,0,7116,0.0,100,0.0,0.0,0.0,0.0,0.0,0,0,0,0,0.0,0,0,0,0,0,0,0,0,0,0,0,0,0,0,0,0,0,0,0,0,0,0,0,0,0,0,0,0,0,0,0,0,0,31,40,40,71,65476,0,300,0,0,8,21553,0.0,-107605600.0,0.0,0.0,0.0,0.0,0.0,0.0,0.0,0.0,0.0,0.0,0.0,0.0,0.0,0.0,0.0,0.0,0.0,0.0,0.0,0.0,-2.004,0.0,-0.0,2.004,0.0,0.0,0.0,0.0,4522.0,0.0,6912.0,0.0,0.0,-107615168.0,-107615304.0,0.0,0.0,0.0,0.0,69,-89221.141,-0.0,0.0,0.0,0.0,0.0,0.0,0.0,0.0,0,0,0,0.0,0.0,0.0,0.0,0.0,0.0,0.0,0.0,0.0,0.0,0.0,0.0,0.0,0.0,0.0,0.0,0,-107875648.0,69,0.0,138,0.0,2.6474720257151824e+23,0,26215,17085,39322,17099,0,17080,0,0,0,70,68,100,0.0,82.4,-0.0,77.8,-0.0,78.5,1,49,50,180,26215,0,0,0,0.0,0.0,0.0,0.0,-0.0,67.0,0.0,162057.094,0.0,972,0,995,0,0,0,948,0,1018,0,920,0,788,0,779,0,821,0,7520,0.032,4.121694378969478e+19,0.0,0.0,784,16797,-0.0,162057.094,-114818.039,-0.0,0.133,6.909358625270745e+28,30.0,70.0,35,0.0,0.0,0.0,0.0,0.0,0.0,0.0,0.0,0.0,0.0,0.0,0.0,0.0,0.0,0.0,0.0,66.4,0,150,71,51,65476,0,300,0,0,8,20529,65476,0,0,44564,70.0,0.0,0.0,0.0,0.0,0.0
2026-09-10T21:43:30,ERR,ERR,ERR,ERR,ERR,ERR,ERR,ERR,ERR,ERR,ERR,ERR,ERR,ERR,ERR,ERR,ERR,ERR,ERR,ERR,ERR,ERR,ERR,ERR,ERR,ERR,ERR,ERR,ERR,ERR,ERR,ERR,ERR,ERR,ERR,ERR,ERR,ERR,ERR,ERR,ERR,ERR,ERR,ERR,ERR,ERR,ERR,ERR,ERR,ERR,ERR,ERR,ERR,ERR,ERR,ERR,ERR,ERR,ERR,ERR,ERR,ERR,ERR,ERR,ERR,ERR,ERR,ERR,ERR,ERR,ERR,ERR,ERR,ERR,ERR,ERR,ERR,ERR,ERR,ERR,ERR,ERR,ERR,ERR,ERR,ERR,ERR,ERR,ERR,ERR,ERR,ERR,ERR,ERR,ERR,ERR,ERR,ERR,ERR,ERR,ERR,ERR,ERR,ERR,ERR,ERR,ERR,ERR,ERR,ERR,ERR,ERR,ERR,ERR,ERR,ERR,ERR,ERR,ERR,ERR,ERR,ERR,ERR,ERR,ERR,0.0,0.0,0.0,0.0,0.0,1.3936040501711995e+18,7.805,0.0,0,0,4,0,7116,0.0,100,0.0,0.0,0.0,0.0,0.0,0,0,0,0,0.0,0,0,0,0,0,0,0,0,0,0,0,0,0,0,0,0,0,0,0,0,0,0,0,0,0,0,0,0,0,0,0,0,0,31,40,40,71,65476,0,300,0,0,8,21553,0.0,-107605600.0,0.0,0.0,0.0,0.0,0.0,0.0,0.0,0.0,0.0,0.0,0.0,0.0,0.0,0.0,0.0,0.0,0.0,0.0,0.0,0.0,-2.004,0.0,-0.0,2.004,0.0,0.0,0.0,0.0,4522.0,0.0,6912.0,0.0,0.0,-107615168.0,-107615304.0,0.0,0.0,0.0,0.0,69,-89221.141,-0.0,0.0,0.0,0.0,0.0,0.0,0.0,0.0,0,0,0,0.0,0.0,0.0,0.0,0.0,0.0,0.0,0.0,0.0,0.0,0.0,0.0,0.0,0.0,0.0,0.0,0,-107875648.0,69,0.0,138,0.0,2.6474720257151824e+23,0,26215,17085,39322,17099,0,17080,0,0,0,70,68,100,0.0,82.4,-0.0,77.8,-0.0,78.5,1,49,50,180,26215,0,0,0,0.0,0.0,0.0,0.0,-0.0,67.0,0.0,162057.094,0.0,972,0,995,0,0,0,948,0,1018,0,920,0,788,0,779,0,821,0,7520,0.032,4.121694378969478e+19,0.0,0.0,784,16797,-0.0,162057.094,-114818.039,-0.0,0.133,6.909358625270745e+28,30.0,70.0,35,0.0,0.0,0.0,0.0,0.0,0.0,0.0,0.0,0.0,0.0,0.0,0.0,0.0,0.0,0.0,0.0,66.4,0,150,71,51,65476,0,300,0,0,8,20529,65476,0,0,44564,70.0,0.0,0.0,0.0,0.0,0.0
2026-09-10T21:43:31,ERR,ERR,ERR,ERR,ERR,ERR,ERR,ERR,ERR,ERR,ERR,ERR,ERR,ERR,ERR,ERR,ERR,ERR,ERR,ERR,ERR,ERR,ERR,ERR,ERR,ERR,ERR,ERR,ERR,ERR,ERR,ERR,ERR,ERR,ERR,ERR,ERR,ERR,ERR,ERR,ERR,ERR,ERR,ERR,ERR,ERR,ERR,ERR,ERR,ERR,ERR,ERR,ERR,ERR,ERR,ERR,ERR,ERR,ERR,ERR,ERR,ERR,ERR,ERR,ERR,ERR,ERR,ERR,ERR,ERR,ERR,ERR,ERR,ERR,ERR,ERR,ERR,ERR,ERR,ERR,ERR,ERR,ERR,ERR,ERR,ERR,ERR,ERR,ERR,ERR,ERR,ERR,ERR,ERR,ERR,ERR,ERR,ERR,ERR,ERR,ERR,ERR,ERR,ERR,ERR,ERR,ERR,ERR,ERR,ERR,ERR,ERR,ERR,ERR,ERR,ERR,ERR,ERR,ERR,ERR,ERR,ERR,ERR,ERR,ERR,0.0,0.0,0.0,0.0,0.0,1.3936040501711995e+18,7.805,0.0,0,0,4,0,7116,0.0,100,0.0,0.0,0.0,0.0,0.0,0,0,0,0,0.0,0,0,0,0,0,0,0,0,0,0,0,0,0,0,0,0,0,0,0,0,0,0,0,0,0,0,0,0,0,0,0,0,0,31,40,40,71,65476,0,300,0,0,8,21553,0.0,-107605600.0,0.0,0.0,0.0,0.0,0.0,0.0,0.0,0.0,0.0,0.0,0.0,0.0,0.0,0.0,0.0,0.0,0.0,0.0,0.0,0.0,-2.004,0.0,-0.0,2.004,0.0,0.0,0.0,0.0,4522.0,0.0,6912.0,0.0,0.0,-107615168.0,-107615304.0,0.0,0.0,0.0,0.0,69,-89221.141,-0.0,0.0,0.0,0.0,0.0,0.0,0.0,0.0,0,0,0,0.0,0.0,0.0,0.0,0.0,0.0,0.0,0.0,0.0,0.0,0.0,0.0,0.0,0.0,0.0,0.0,0,-107875648.0,69,0.0,138,0.0,2.6474720257151824e+23,0,39322,17085,39322,17099,0,17080,0,0,0,70,68,100,0.0,82.3,-107615448.0,77.8,-0.0,78.5,1,49,50,180,26215,0,0,0,0.0,0.0,0.0,0.0,-0.0,67.0,0.0,162057.094,0.0,972,0,995,0,0,0,948,0,1018,0,920,0,789,0,779,0,821,0,7520,0.032,4.150517416584649e+19,0.0,0.0,784,16797,-0.0,162057.094,-114818.039,-0.0,0.133,6.909358625270745e+28,30.0,70.0,35,0.0,0.0,0.0,0.0,0.0,0.0,0.0,0.0,0.0,0.0,0.0,0.0,0.0,0.0,0.0,0.0,66.4,0,150,71,51,65476,0,300,0,0,8,20529,65476,0,0,44564,70.0,0.0,0.0,0.0,0.0,0.0
2026-09-10T21:43:32,ERR,ERR,ERR,ERR,ERR,ERR,ERR,ERR,ERR,ERR,ERR,ERR,ERR,ERR,ERR,ERR,ERR,ERR,ERR,ERR,ERR,ERR,ERR,ERR,ERR,ERR,ERR,ERR,ERR,ERR,ERR,ERR,ERR,ERR,ERR,ERR,ERR,ERR,ERR,ERR,ERR,ERR,ERR,ERR,ERR,ERR,ERR,ERR,ERR,ERR,ERR,ERR,ERR,ERR,ERR,ERR,ERR,ERR,ERR,ERR,ERR,ERR,ERR,ERR,ERR,ERR,ERR,ERR,ERR,ERR,ERR,ERR,ERR,ERR,ERR,ERR,ERR,ERR,ERR,ERR,ERR,ERR,ERR,ERR,ERR,ERR,ERR,ERR,ERR,ERR,ERR,ERR,ERR,ERR,ERR,ERR,ERR,ERR,ERR,ERR,ERR,ERR,ERR,ERR,ERR,ERR,ERR,ERR,ERR,ERR,ERR,ERR,ERR,ERR,ERR,ERR,ERR,ERR,ERR,ERR,ERR,ERR,ERR,ERR,ERR,0.0,0.0,0.0,0.0,0.0,1.3936040501711995e+18,7.805,0.0,0,0,4,0,7116,0.0,100,0.0,0.0,0.0,0.0,0.0,0,0,0,0,0.0,0,0,0,0,0,0,0,0,0,0,0,0,0,0,0,0,0,0,0,0,0,0,0,0,0,0,0,0,0,0,0,0,0,31,40,40,71,65476,0,300,0,0,8,21553,0.0,-107605600.0,0.0,0.0,0.0,0.0,0.0,0.0,0.0,0.0,0.0,0.0,0.0,0.0,0.0,0.0,0.0,0.0,0.0,0.0,0.0,0.0,-2.004,0.0,-0.0,2.004,0.0,0.0,0.0,0.0,4522.0,0.0,6912.0,0.0,0.0,-107615168.0,-107615304.0,0.0,0.0,0.0,0.0,69,-89221.141,-0.0,0.0,0.0,0.0,0.0,0.0,0.0,0.0,0,0,0,0.0,0.0,0.0,0.0,0.0,0.0,0.0,0.0,0.0,0.0,0.0,0.0,0.0,0.0,0.0,0.0,0,-107875648.0,69,0.0,138,0.0,2.6474720257151824e+23,0,39322,17085,39322,17099,0,17080,0,0,0,70,68,100,0.0,82.3,-107615448.0,77.8,-0.0,78.5,1,49,50,180,26215,0,0,0,0.0,0.0,0.0,0.0,-0.0,67.0,0.0,162057.094,0.0,972,0,995,0,0,0,948,0,1018,0,920,0,789,0,779,0,821,0,7520,0.032,4.150517416584649e+19,0.0,0.0,784,16797,-0.0,162057.094,-114818.039,-0.0,0.133,6.909358625270745e+28,30.0,70.0,35,0.0,0.0,0.0,0.0,0.0,0.0,0.0,0.0,0.0,0.0,0.0,0.0,0.0,0.0,0.0,0.0,66.4,0,150,71,51,65476,0,300,0,0,8,20529,65476,0,0,44564,70.0,0.0,0.0,0.0,0.0,0.0
2026-09-10T21:43:33,ERR,ERR,ERR,ERR,ERR,ERR,ERR,ERR,ERR,ERR,ERR,ERR,ERR,ERR,ERR,ERR,ERR,ERR,ERR,ERR,ERR,ERR,ERR,ERR,ERR,ERR,ERR,ERR,ERR,ERR,ERR,ERR,ERR,ERR,ERR,ERR,ERR,ERR,ERR,ERR,ERR,ERR,ERR,ERR,ERR,ERR,ERR,ERR,ERR,ERR,ERR,ERR,ERR,ERR,ERR,ERR,ERR,ERR,ERR,ERR,ERR,ERR,ERR,ERR,ERR,ERR,ERR,ERR,ERR,ERR,ERR,ERR,ERR,ERR,ERR,ERR,ERR,ERR,ERR,ERR,ERR,ERR,ERR,ERR,ERR,ERR,ERR,ERR,ERR,ERR,ERR,ERR,ERR,ERR,ERR,ERR,ERR,ERR,ERR,ERR,ERR,ERR,ERR,ERR,ERR,ERR,ERR,ERR,ERR,ERR,ERR,ERR,ERR,ERR,ERR,ERR,ERR,ERR,ERR,ERR,ERR,ERR,ERR,ERR,ERR,0.0,0.0,0.0,0.0,0.0,1.3936040501711995e+18,7.805,0.0,0,0,4,0,7116,0.0,100,0.0,0.0,0.0,0.0,0.0,0,0,0,0,0.0,0,0,0,0,0,0,0,0,0,0,0,0,0,0,0,0,0,0,0,0,0,0,0,0,0,0,0,0,0,0,0,0,0,31,40,40,71,65476,0,300,0,0,8,21553,0.0,-107605600.0,0.0,0.0,0.0,0.0,0.0,0.0,0.0,0.0,0.0,0.0,0.0,0.0,0.0,0.0,0.0,0.0,0.0,0.0,0.0,0.0,-2.004,0.0,-0.0,2.004,0.0,0.0,0.0,0.0,4522.0,0.0,6912.0,0.0,0.0,-107615168.0,-107615304.0,0.0,0.0,0.0,0.0,69,-89221.141,-0.0,0.0,0.0,0.0,0.0,0.0,0.0,0.0,0,0,0,0.0,0.0,0.0,0.0,0.0,0.0,0.0,0.0,0.0,0.0,0.0,0.0,0.0,0.0,0.0,0.0,0,-107875648.0,69,0.0,138,0.0,2.6474720257151824e+23,0,39322,17085,39322,17099,0,17080,0,0,0,70,68,100,0.0,82.3,-107615448.0,77.8,-0.0,78.5,1,49,50,180,26215,0,0,0,0.0,0.0,0.0,0.0,-0.0,67.0,0.0,162057.094,0.0,972,0,995,0,0,0,948,0,1018,0,920,0,789,0,779,0,821,0,7520,0.032,4.150517416584649e+19,0.0,0.0,784,16797,-0.0,162057.094,-114818.039,-0.0,0.133,6.909358625270745e+28,30.0,70.0,35,0.0,0.0,0.0,0.0,0.0,0.0,0.0,0.0,0.0,0.0,0.0,0.0,0.0,0.0,0.0,0.0,66.4,0,150,71,51,65476,0,300,0,0,8,20529,65476,0,0,44564,70.0,0.0,0.0,0.0,0.0,0.0
2026-09-10T21:43:34,ERR,ERR,ERR,ERR,ERR,ERR,ERR,ERR,ERR,ERR,ERR,ERR,ERR,ERR,ERR,ERR,ERR,ERR,ERR,ERR,ERR,ERR,ERR,ERR,ERR,ERR,ERR,ERR,ERR,ERR,ERR,ERR,ERR,ERR,ERR,ERR,ERR,ERR,ERR,ERR,ERR,ERR,ERR,ERR,ERR,ERR,ERR,ERR,ERR,ERR,ERR,ERR,ERR,ERR,ERR,ERR,ERR,ERR,ERR,ERR,ERR,ERR,ERR,ERR,ERR,ERR,ERR,ERR,ERR,ERR,ERR,ERR,ERR,ERR,ERR,ERR,ERR,ERR,ERR,ERR,ERR,ERR,ERR,ERR,ERR,ERR,ERR,ERR,ERR,ERR,ERR,ERR,ERR,ERR,ERR,ERR,ERR,ERR,ERR,ERR,ERR,ERR,ERR,ERR,ERR,ERR,ERR,ERR,ERR,ERR,ERR,ERR,ERR,ERR,ERR,ERR,ERR,ERR,ERR,ERR,ERR,ERR,ERR,ERR,ERR,0.0,0.0,0.0,0.0,0.0,1.3936040501711995e+18,7.805,0.0,0,0,4,0,7116,0.0,100,0.0,0.0,0.0,0.0,0.0,0,0,0,0,0.0,0,0,0,0,0,0,0,0,0,0,0,0,0,0,0,0,0,0,0,0,0,0,0,0,0,0,0,0,0,0,0,0,0,31,40,40,71,65476,0,300,0,0,8,21553,0.0,-107605600.0,0.0,0.0,0.0,0.0,0.0,0.0,0.0,0.0,0.0,0.0,0.0,0.0,0.0,0.0,0.0,0.0,0.0,0.0,0.0,0.0,-2.004,0.0,-0.0,2.004,0.0,0.0,0.0,0.0,4520.0,0.0,6916.0,0.0,0.0,-107615168.0,-107615304.0,0.0,0.0,0.0,0.0,69,-0.059,-0.0,0.0,0.0,0.0,0.0,0.0,0.0,0.0,0,0,0,0.0,0.0,0.0,0.0,0.0,0.0,0.0,0.0,0.0,0.0,0.0,0.0,0.0,0.0,0.0,0.0,0,-107875648.0,69,0.0,138,0.0,2.6474720257151824e+23,0,39322,17085,39322,17099,0,17080,0,0,0,70,68,100,0.0,82.3,-107615448.0,77.8,-0.0,78.5,1,49,50,180,26215,0,0,0,0.0,0.0,0.0,0.0,-0.0,67.0,0.0,162057.094,0.0,972,0,995,0,0,0,948,0,1018,0,920,0,789,0,779,0,821,0,7520,0.032,4.150517416584649e+19,0.0,0.0,784,16797,-0.0,162057.094,-114818.039,-0.0,0.133,6.909358625270745e+28,30.0,70.0,35,0.0,0.0,0.0,0.0,0.0,0.0,0.0,0.0,0.0,0.0,0.0,0.0,0.0,0.0,0.0,0.0,66.4,0,150,71,51,65476,0,300,0,0,8,20529,65476,0,0,44564,70.0,0.0,0.0,0.0,0.0,0.0
2026-09-10T21:43:35,ERR,ERR,ERR,ERR,ERR,ERR,ERR,ERR,ERR,ERR,ERR,ERR,ERR,ERR,ERR,ERR,ERR,ERR,ERR,ERR,ERR,ERR,ERR,ERR,ERR,ERR,ERR,ERR,ERR,ERR,ERR,ERR,ERR,ERR,ERR,ERR,ERR,ERR,ERR,ERR,ERR,ERR,ERR,ERR,ERR,ERR,ERR,ERR,ERR,ERR,ERR,ERR,ERR,ERR,ERR,ERR,ERR,ERR,ERR,ERR,ERR,ERR,ERR,ERR,ERR,ERR,ERR,ERR,ERR,ERR,ERR,ERR,ERR,ERR,ERR,ERR,ERR,ERR,ERR,ERR,ERR,ERR,ERR,ERR,ERR,ERR,ERR,ERR,ERR,ERR,ERR,ERR,ERR,ERR,ERR,ERR,ERR,ERR,ERR,ERR,ERR,ERR,ERR,ERR,ERR,ERR,ERR,ERR,ERR,ERR,ERR,ERR,ERR,ERR,ERR,ERR,ERR,ERR,ERR,ERR,ERR,ERR,ERR,ERR,ERR,0.0,0.0,0.0,0.0,0.0,1.3936040501711995e+18,7.805,0.0,0,0,4,0,7116,0.0,100,0.0,0.0,0.0,0.0,0.0,0,0,0,0,0.0,0,0,0,0,0,0,0,0,0,0,0,0,0,0,0,0,0,0,0,0,0,0,0,0,0,0,0,0,0,0,0,0,0,31,40,40,71,65476,0,300,0,0,8,21553,0.0,-107605600.0,0.0,0.0,0.0,0.0,0.0,0.0,0.0,0.0,0.0,0.0,0.0,0.0,0.0,0.0,0.0,0.0,0.0,0.0,0.0,0.0,-2.004,0.0,-0.0,2.004,0.0,0.0,0.0,0.0,4520.0,0.0,6916.0,0.0,0.0,-107615168.0,-107615304.0,0.0,0.0,0.0,0.0,69,-0.059,-0.0,0.0,0.0,0.0,0.0,0.0,0.0,0.0,0,0,0,0.0,0.0,0.0,0.0,0.0,0.0,0.0,0.0,0.0,0.0,0.0,0.0,0.0,0.0,0.0,0.0,0,-107875648.0,69,0.0,138,0.0,2.6474720257151824e+23,0,39322,17085,39322,17099,0,17080,0,0,0,70,68,100,0.0,82.3,-107615448.0,77.8,-0.0,78.5,1,49,50,180,26215,0,0,0,0.0,0.0,0.0,0.0,-0.0,67.0,0.0,162057.094,0.0,972,0,995,0,0,0,948,0,1018,0,920,0,789,0,779,0,821,0,7520,0.032,4.150517416584649e+19,0.0,0.0,784,16797,-0.0,162057.094,-114818.039,-0.0,0.133,6.909358625270745e+28,30.0,70.0,35,0.0,0.0,0.0,0.0,0.0,0.0,0.0,0.0,0.0,0.0,0.0,0.0,0.0,0.0,0.0,0.0,66.4,0,150,71,51,65476,0,300,0,0,8,20529,65476,0,0,44564,70.0,0.0,0.0,0.0,0.0,0.0
2026-09-10T21:43:36,ERR,ERR,ERR,ERR,ERR,ERR,ERR,ERR,ERR,ERR,ERR,ERR,ERR,ERR,ERR,ERR,ERR,ERR,ERR,ERR,ERR,ERR,ERR,ERR,ERR,ERR,ERR,ERR,ERR,ERR,ERR,ERR,ERR,ERR,ERR,ERR,ERR,ERR,ERR,ERR,ERR,ERR,ERR,ERR,ERR,ERR,ERR,ERR,ERR,ERR,ERR,ERR,ERR,ERR,ERR,ERR,ERR,ERR,ERR,ERR,ERR,ERR,ERR,ERR,ERR,ERR,ERR,ERR,ERR,ERR,ERR,ERR,ERR,ERR,ERR,ERR,ERR,ERR,ERR,ERR,ERR,ERR,ERR,ERR,ERR,ERR,ERR,ERR,ERR,ERR,ERR,ERR,ERR,ERR,ERR,ERR,ERR,ERR,ERR,ERR,ERR,ERR,ERR,ERR,ERR,ERR,ERR,ERR,ERR,ERR,ERR,ERR,ERR,ERR,ERR,ERR,ERR,ERR,ERR,ERR,ERR,ERR,ERR,ERR,ERR,0.0,0.0,0.0,0.0,0.0,1.3936040501711995e+18,7.805,0.0,0,0,4,0,7116,0.0,100,0.0,0.0,0.0,0.0,0.0,0,0,0,0,0.0,0,0,0,0,0,0,0,0,0,0,0,0,0,0,0,0,0,0,0,0,0,0,0,0,0,0,0,0,0,0,0,0,0,31,40,40,71,65476,0,300,0,0,8,21553,0.0,-107605600.0,0.0,0.0,0.0,0.0,0.0,0.0,0.0,0.0,0.0,0.0,0.0,0.0,0.0,0.0,0.0,0.0,0.0,0.0,0.0,0.0,-2.004,0.0,-0.0,2.004,0.0,0.0,0.0,0.0,4520.0,0.0,6916.0,0.0,0.0,-107615168.0,-107615304.0,0.0,0.0,0.0,0.0,69,-0.059,-0.0,0.0,0.0,0.0,0.0,0.0,0.0,0.0,0,0,0,0.0,0.0,0.0,0.0,0.0,0.0,0.0,0.0,0.0,0.0,0.0,0.0,0.0,0.0,0.0,0.0,0,-107875648.0,69,0.0,138,0.0,2.6474720257151824e+23,0,39322,17085,39322,17099,0,17080,0,0,0,70,68,100,0.0,82.3,-107615448.0,77.8,-0.0,78.5,1,49,50,180,26215,0,0,0,0.0,0.0,0.0,0.0,-0.0,67.0,0.0,162057.094,0.0,972,0,995,0,0,0,948,0,1018,0,920,0,789,0,779,0,821,0,7520,0.032,4.150517416584649e+19,0.0,0.0,784,16797,-0.0,162057.094,-114818.039,-0.0,0.133,6.909358625270745e+28,30.0,70.0,35,0.0,0.0,0.0,0.0,0.0,0.0,0.0,0.0,0.0,0.0,0.0,0.0,0.0,0.0,0.0,0.0,66.4,0,150,71,51,65476,0,300,0,0,8,20529,65476,0,0,44564,70.0,0.0,0.0,0.0,0.0,0.0
2026-09-10T21:43:37,ERR,ERR,ERR,ERR,ERR,ERR,ERR,ERR,ERR,ERR,ERR,ERR,ERR,ERR,ERR,ERR,ERR,ERR,ERR,ERR,ERR,ERR,ERR,ERR,ERR,ERR,ERR,ERR,ERR,ERR,ERR,ERR,ERR,ERR,ERR,ERR,ERR,ERR,ERR,ERR,ERR,ERR,ERR,ERR,ERR,ERR,ERR,ERR,ERR,ERR,ERR,ERR,ERR,ERR,ERR,ERR,ERR,ERR,ERR,ERR,ERR,ERR,ERR,ERR,ERR,ERR,ERR,ERR,ERR,ERR,ERR,ERR,ERR,ERR,ERR,ERR,ERR,ERR,ERR,ERR,ERR,ERR,ERR,ERR,ERR,ERR,ERR,ERR,ERR,ERR,ERR,ERR,ERR,ERR,ERR,ERR,ERR,ERR,ERR,ERR,ERR,ERR,ERR,ERR,ERR,ERR,ERR,ERR,ERR,ERR,ERR,ERR,ERR,ERR,ERR,ERR,ERR,ERR,ERR,ERR,ERR,ERR,ERR,ERR,ERR,0.0,0.0,0.0,0.0,0.0,1.3936040501711995e+18,7.805,0.0,0,0,4,0,7116,0.0,100,0.0,0.0,0.0,0.0,0.0,0,0,0,0,0.0,0,0,0,0,0,0,0,0,0,0,0,0,0,0,0,0,0,0,0,0,0,0,0,0,0,0,0,0,0,0,0,0,0,31,40,40,71,65476,0,300,0,0,8,21553,0.0,-107605600.0,0.0,0.0,0.0,0.0,0.0,0.0,0.0,0.0,0.0,0.0,0.0,0.0,0.0,0.0,0.0,0.0,0.0,0.0,0.0,0.0,-2.004,0.0,-0.0,2.004,0.0,0.0,0.0,0.0,4520.0,0.0,6916.0,0.0,0.0,-107615168.0,-107615304.0,0.0,0.0,0.0,0.0,69,-0.059,-0.0,0.0,0.0,0.0,0.0,0.0,0.0,0.0,0,0,0,0.0,0.0,0.0,0.0,0.0,0.0,0.0,0.0,0.0,0.0,0.0,0.0,0.0,0.0,0.0,0.0,0,-107875648.0,69,0.0,138,0.0,2.6474720257151824e+23,0,26215,17085,39322,17099,0,17080,0,0,0,70,68,100,2.7302399002429377e+23,82.4,-107615448.0,77.8,-0.0,78.5,1,49,50,180,26215,0,0,0,0.0,0.0,0.0,0.0,-0.0,67.0,0.0,162057.094,0.0,972,0,995,0,0,0,948,0,1018,0,920,0,789,0,779,0,821,0,7520,0.032,4.150517416584649e+19,0.0,0.0,784,16797,-0.0,162057.094,-114818.039,-0.0,0.133,6.909358625270745e+28,30.0,70.0,35,0.0,0.0,0.0,0.0,0.0,0.0,0.0,0.0,0.0,0.0,0.0,0.0,0.0,0.0,0.0,0.0,66.4,0,150,71,51,65476,0,300,0,0,8,20529,65476,0,0,44564,70.0,0.0,0.0,0.0,0.0,0.0
2026-09-10T21:43:38,ERR,ERR,ERR,ERR,ERR,ERR,ERR,ERR,ERR,ERR,ERR,ERR,ERR,ERR,ERR,ERR,ERR,ERR,ERR,ERR,ERR,ERR,ERR,ERR,ERR,ERR,ERR,ERR,ERR,ERR,ERR,ERR,ERR,ERR,ERR,ERR,ERR,ERR,ERR,ERR,ERR,ERR,ERR,ERR,ERR,ERR,ERR,ERR,ERR,ERR,ERR,ERR,ERR,ERR,ERR,ERR,ERR,ERR,ERR,ERR,ERR,ERR,ERR,ERR,ERR,ERR,ERR,ERR,ERR,ERR,ERR,ERR,ERR,ERR,ERR,ERR,ERR,ERR,ERR,ERR,ERR,ERR,ERR,ERR,ERR,ERR,ERR,ERR,ERR,ERR,ERR,ERR,ERR,ERR,ERR,ERR,ERR,ERR,ERR,ERR,ERR,ERR,ERR,ERR,ERR,ERR,ERR,ERR,ERR,ERR,ERR,ERR,ERR,ERR,ERR,ERR,ERR,ERR,ERR,ERR,ERR,ERR,ERR,ERR,ERR,0.0,0.0,0.0,0.0,0.0,1.3936040501711995e+18,7.805,0.0,0,0,4,0,7116,0.0,100,0.0,0.0,0.0,0.0,0.0,0,0,0,0,0.0,0,0,0,0,0,0,0,0,0,0,0,0,0,0,0,0,0,0,0,0,0,0,0,0,0,0,0,0,0,0,0,0,0,31,40,40,71,65476,0,300,0,0,8,21553,0.0,-107605600.0,0.0,0.0,0.0,0.0,0.0,0.0,0.0,0.0,0.0,0.0,0.0,0.0,0.0,0.0,0.0,0.0,0.0,0.0,0.0,0.0,-2.004,0.0,-0.0,2.004,0.0,0.0,0.0,0.0,4520.0,0.0,6916.0,0.0,0.0,-107615168.0,-107615304.0,0.0,0.0,0.0,0.0,69,-0.059,-0.0,0.0,0.0,0.0,0.0,0.0,0.0,0.0,0,0,0,0.0,0.0,0.0,0.0,0.0,0.0,0.0,0.0,0.0,0.0,0.0,0.0,0.0,0.0,0.0,0.0,0,-107875648.0,69,0.0,138,0.0,2.6474720257151824e+23,0,26215,17085,39322,17099,0,17080,0,0,0,70,68,100,2.7302399002429377e+23,82.4,-107615448.0,77.8,-0.0,78.5,1,49,50,180,26215,0,0,0,0.0,0.0,0.0,0.0,-0.0,67.0,0.0,162057.094,0.0,972,0,995,0,0,0,948,0,1018,0,920,0,789,0,779,0,821,0,7520,0.032,4.150517416584649e+19,0.0,0.0,784,16797,-0.0,162057.094,-114818.039,-0.0,0.133,6.909358625270745e+28,30.0,70.0,35,0.0,0.0,0.0,0.0,0.0,0.0,0.0,0.0,0.0,0.0,0.0,0.0,0.0,0.0,0.0,0.0,66.4,0,150,71,51,65476,0,300,0,0,8,20529,65476,0,0,44564,70.0,0.0,0.0,0.0,0.0,0.0
2026-09-10T21:43:39,ERR,ERR,ERR,ERR,ERR,ERR,ERR,ERR,ERR,ERR,ERR,ERR,ERR,ERR,ERR,ERR,ERR,ERR,ERR,ERR,ERR,ERR,ERR,ERR,ERR,ERR,ERR,ERR,ERR,ERR,ERR,ERR,ERR,ERR,ERR,ERR,ERR,ERR,ERR,ERR,ERR,ERR,ERR,ERR,ERR,ERR,ERR,ERR,ERR,ERR,ERR,ERR,ERR,ERR,ERR,ERR,ERR,ERR,ERR,ERR,ERR,ERR,ERR,ERR,ERR,ERR,ERR,ERR,ERR,ERR,ERR,ERR,ERR,ERR,ERR,ERR,ERR,ERR,ERR,ERR,ERR,ERR,ERR,ERR,ERR,ERR,ERR,ERR,ERR,ERR,ERR,ERR,ERR,ERR,ERR,ERR,ERR,ERR,ERR,ERR,ERR,ERR,ERR,ERR,ERR,ERR,ERR,ERR,ERR,ERR,ERR,ERR,ERR,ERR,ERR,ERR,ERR,ERR,ERR,ERR,ERR,ERR,ERR,ERR,ERR,0.0,0.0,0.0,0.0,0.0,1.3936040501711995e+18,7.805,0.0,0,0,4,0,7116,0.0,100,0.0,0.0,0.0,0.0,0.0,0,0,0,0,0.0,0,0,0,0,0,0,0,0,0,0,0,0,0,0,0,0,0,0,0,0,0,0,0,0,0,0,0,0,0,0,0,0,0,31,40,40,71,65476,0,300,0,0,8,21553,0.0,-107605600.0,0.0,0.0,0.0,0.0,0.0,0.0,0.0,0.0,0.0,0.0,0.0,0.0,0.0,0.0,0.0,0.0,0.0,0.0,0.0,0.0,-2.004,0.0,-0.0,2.004,0.0,0.0,0.0,0.0,4520.0,0.0,6916.0,0.0,0.0,-107615168.0,-107615304.0,0.0,0.0,0.0,0.0,69,-0.059,-0.0,0.0,0.0,0.0,0.0,0.0,0.0,0.0,0,0,0,0.0,0.0,0.0,0.0,0.0,0.0,0.0,0.0,0.0,0.0,0.0,0.0,0.0,0.0,0.0,0.0,0,-107875648.0,69,0.0,138,0.0,2.6474720257151824e+23,0,26215,17085,39322,17099,0,17080,0,0,0,70,68,100,2.7302399002429377e+23,82.4,-107615448.0,77.8,-0.0,78.5,1,49,50,180,26215,0,0,0,0.0,0.0,0.0,0.0,-0.0,67.0,0.0,162057.094,0.0,972,0,995,0,0,0,948,0,1018,0,920,0,789,0,779,0,821,0,7520,0.032,4.150517416584649e+19,0.0,0.0,784,16797,-0.0,162057.094,-114818.039,-0.0,0.133,6.909358625270745e+28,30.0,70.0,35,0.0,0.0,0.0,0.0,0.0,0.0,0.0,0.0,0.0,0.0,0.0,0.0,0.0,0.0,0.0,0.0,66.4,0,150,71,51,65476,0,300,0,0,8,20529,65476,0,0,44564,70.0,0.0,0.0,0.0,0.0,0.0
2026-09-10T21:43:40,ERR,ERR,ERR,ERR,ERR,ERR,ERR,ERR,ERR,ERR,ERR,ERR,ERR,ERR,ERR,ERR,ERR,ERR,ERR,ERR,ERR,ERR,ERR,ERR,ERR,ERR,ERR,ERR,ERR,ERR,ERR,ERR,ERR,ERR,ERR,ERR,ERR,ERR,ERR,ERR,ERR,ERR,ERR,ERR,ERR,ERR,ERR,ERR,ERR,ERR,ERR,ERR,ERR,ERR,ERR,ERR,ERR,ERR,ERR,ERR,ERR,ERR,ERR,ERR,ERR,ERR,ERR,ERR,ERR,ERR,ERR,ERR,ERR,ERR,ERR,ERR,ERR,ERR,ERR,ERR,ERR,ERR,ERR,ERR,ERR,ERR,ERR,ERR,ERR,ERR,ERR,ERR,ERR,ERR,ERR,ERR,ERR,ERR,ERR,ERR,ERR,ERR,ERR,ERR,ERR,ERR,ERR,ERR,ERR,ERR,ERR,ERR,ERR,ERR,ERR,ERR,ERR,ERR,ERR,ERR,ERR,ERR,ERR,ERR,ERR,0.0,0.0,0.0,0.0,0.0,1.3936040501711995e+18,7.805,0.0,0,0,4,0,7116,0.0,100,0.0,0.0,0.0,0.0,0.0,0,0,0,0,0.0,0,0,0,0,0,0,0,0,0,0,0,0,0,0,0,0,0,0,0,0,0,0,0,0,0,0,0,0,0,0,0,0,0,31,40,40,71,65476,0,300,0,0,8,21553,0.0,-107605600.0,0.0,0.0,0.0,0.0,0.0,0.0,0.0,0.0,0.0,0.0,0.0,0.0,0.0,0.0,0.0,0.0,0.0,0.0,0.0,0.0,-2.004,0.0,-0.0,2.004,0.0,0.0,0.0,0.0,4520.0,0.0,6916.0,0.0,0.0,-107615168.0,-107615304.0,0.0,0.0,0.0,0.0,69,-0.059,-0.0,0.0,0.0,0.0,0.0,0.0,0.0,0.0,0,0,0,0.0,0.0,0.0,0.0,0.0,0.0,0.0,0.0,0.0,0.0,0.0,0.0,0.0,0.0,0.0,0.0,0,-107875648.0,69,0.0,138,0.0,2.6474720257151824e+23,0,26215,17085,39322,17099,0,17080,0,0,0,70,68,100,2.7302399002429377e+23,82.4,-107615448.0,77.8,-0.0,78.5,1,49,50,180,26215,0,0,0,0.0,0.0,0.0,0.0,-0.0,67.0,0.0,162057.094,0.0,972,0,995,0,0,0,948,0,1018,0,920,0,789,0,779,0,821,0,7520,0.032,4.150517416584649e+19,0.0,0.0,784,16797,-0.0,162057.094,-114818.039,-0.0,0.133,6.909358625270745e+28,30.0,70.0,35,0.0,0.0,0.0,0.0,0.0,0.0,0.0,0.0,0.0,0.0,0.0,0.0,0.0,0.0,0.0,0.0,66.4,0,150,71,51,65476,0,300,0,0,8,20529,65476,0,0,44564,70.0,0.0,0.0,0.0,0.0,0.0
2026-09-10T21:43:41,ERR,ERR,ERR,ERR,ERR,ERR,ERR,ERR,ERR,ERR,ERR,ERR,ERR,ERR,ERR,ERR,ERR,ERR,ERR,ERR,ERR,ERR,ERR,ERR,ERR,ERR,ERR,ERR,ERR,ERR,ERR,ERR,ERR,ERR,ERR,ERR,ERR,ERR,ERR,ERR,ERR,ERR,ERR,ERR,ERR,ERR,ERR,ERR,ERR,ERR,ERR,ERR,ERR,ERR,ERR,ERR,ERR,ERR,ERR,ERR,ERR,ERR,ERR,ERR,ERR,ERR,ERR,ERR,ERR,ERR,ERR,ERR,ERR,ERR,ERR,ERR,ERR,ERR,ERR,ERR,ERR,ERR,ERR,ERR,ERR,ERR,ERR,ERR,ERR,ERR,ERR,ERR,ERR,ERR,ERR,ERR,ERR,ERR,ERR,ERR,ERR,ERR,ERR,ERR,ERR,ERR,ERR,ERR,ERR,ERR,ERR,ERR,ERR,ERR,ERR,ERR,ERR,ERR,ERR,ERR,ERR,ERR,ERR,ERR,ERR,0.0,0.0,0.0,0.0,0.0,1.3936040501711995e+18,7.805,0.0,0,0,4,0,7116,0.0,100,0.0,0.0,0.0,0.0,0.0,0,0,0,0,0.0,0,0,0,0,0,0,0,0,0,0,0,0,0,0,0,0,0,0,0,0,0,0,0,0,0,0,0,0,0,0,0,0,0,31,40,40,71,65476,0,300,0,0,8,21553,0.0,-107605600.0,0.0,0.0,0.0,0.0,0.0,0.0,0.0,0.0,0.0,0.0,0.0,0.0,0.0,0.0,0.0,0.0,0.0,0.0,0.0,0.0,-2.004,0.0,-0.0,2.004,0.0,0.0,0.0,0.0,4520.0,0.0,6916.0,0.0,0.0,-107615168.0,-107615304.0,0.0,0.0,0.0,0.0,69,-0.059,-0.0,0.0,0.0,0.0,0.0,0.0,0.0,0.0,0,0,0,0.0,0.0,0.0,0.0,0.0,0.0,0.0,0.0,0.0,0.0,0.0,0.0,0.0,0.0,0.0,0.0,0,-107875648.0,69,0.0,138,0.0,2.6474720257151824e+23,0,26215,17085,39322,17099,0,17080,0,0,0,70,68,100,2.7302399002429377e+23,82.4,-107615448.0,77.8,-0.0,78.5,1,49,50,180,26215,0,0,0,0.0,0.0,0.0,0.0,-0.0,67.0,0.0,162057.094,0.0,972,0,995,0,0,0,948,0,1018,0,920,0,789,0,779,0,821,0,7520,0.032,4.150517416584649e+19,0.0,0.0,784,16797,-0.0,162057.094,-114818.039,-0.0,0.133,6.909358625270745e+28,30.0,70.0,35,0.0,0.0,0.0,0.0,0.0,0.0,0.0,0.0,0.0,0.0,0.0,0.0,0.0,0.0,0.0,0.0,66.4,0,150,71,51,65476,0,300,0,0,8,20529,65476,0,0,44564,70.0,0.0,0.0,0.0,0.0,0.0
2026-09-10T21:43:42,ERR,ERR,ERR,ERR,ERR,ERR,ERR,ERR,ERR,ERR,ERR,ERR,ERR,ERR,ERR,ERR,ERR,ERR,ERR,ERR,ERR,ERR,ERR,ERR,ERR,ERR,ERR,ERR,ERR,ERR,ERR,ERR,ERR,ERR,ERR,ERR,ERR,ERR,ERR,ERR,ERR,ERR,ERR,ERR,ERR,ERR,ERR,ERR,ERR,ERR,ERR,ERR,ERR,ERR,ERR,ERR,ERR,ERR,ERR,ERR,ERR,ERR,ERR,ERR,ERR,ERR,ERR,ERR,ERR,ERR,ERR,ERR,ERR,ERR,ERR,ERR,ERR,ERR,ERR,ERR,ERR,ERR,ERR,ERR,ERR,ERR,ERR,ERR,ERR,ERR,ERR,ERR,ERR,ERR,ERR,ERR,ERR,ERR,ERR,ERR,ERR,ERR,ERR,ERR,ERR,ERR,ERR,ERR,ERR,ERR,ERR,ERR,ERR,ERR,ERR,ERR,ERR,ERR,ERR,ERR,ERR,ERR,ERR,ERR,ERR,0.0,0.0,0.0,0.0,0.0,1.3936040501711995e+18,7.805,0.0,0,0,4,0,7116,0.0,100,0.0,0.0,0.0,0.0,0.0,0,0,0,0,0.0,0,0,0,0,0,0,0,0,0,0,0,0,0,0,0,0,0,0,0,0,0,0,0,0,0,0,0,0,0,0,0,0,0,31,40,40,71,65476,0,300,0,0,8,21553,0.0,-107605600.0,0.0,0.0,0.0,0.0,0.0,0.0,0.0,0.0,0.0,0.0,0.0,0.0,0.0,0.0,0.0,0.0,0.0,0.0,0.0,0.0,-2.004,0.0,-0.0,2.004,0.0,0.0,0.0,0.0,4483.0,-564144759635968.0,6912.0,0.0,0.0,-107615168.0,-107615304.0,0.0,0.0,0.0,0.0,69,-0.0,5.84804776034314e+35,0.0,0.0,0.0,0.0,0.0,0.0,0.0,0,0,0,0.0,0.0,0.0,0.0,0.0,0.0,0.0,0.0,0.0,0.0,0.0,0.0,0.0,0.0,0.0,0.0,0,-107875648.0,69,0.0,138,0.0,2.6474720257151824e+23,0,26215,17085,39322,17099,0,17080,0,0,0,70,68,100,2.7302399002429377e+23,82.4,-107615448.0,77.8,-0.0,78.5,1,49,50,180,26215,0,0,0,0.0,0.0,0.0,0.0,-0.0,67.0,0.0,162057.094,0.0,972,0,995,0,0,0,948,0,1018,0,920,0,789,0,779,0,821,0,7520,0.032,4.150517416584649e+19,0.0,0.0,784,16797,-0.0,162057.094,-114818.039,-0.0,0.133,6.909358625270745e+28,30.0,70.0,35,0.0,0.0,0.0,0.0,0.0,0.0,0.0,0.0,0.0,0.0,0.0,0.0,0.0,0.0,0.0,0.0,66.4,0,150,71,51,65476,0,300,0,0,8,20529,65476,0,0,44564,70.0,0.0,0.0,0.0,0.0,0.0
2026-09-10T21:43:43,ERR,ERR,ERR,ERR,ERR,ERR,ERR,ERR,ERR,ERR,ERR,ERR,ERR,ERR,ERR,ERR,ERR,ERR,ERR,ERR,ERR,ERR,ERR,ERR,ERR,ERR,ERR,ERR,ERR,ERR,ERR,ERR,ERR,ERR,ERR,ERR,ERR,ERR,ERR,ERR,ERR,ERR,ERR,ERR,ERR,ERR,ERR,ERR,ERR,ERR,ERR,ERR,ERR,ERR,ERR,ERR,ERR,ERR,ERR,ERR,ERR,ERR,ERR,ERR,ERR,ERR,ERR,ERR,ERR,ERR,ERR,ERR,ERR,ERR,ERR,ERR,ERR,ERR,ERR,ERR,ERR,ERR,ERR,ERR,ERR,ERR,ERR,ERR,ERR,ERR,ERR,ERR,ERR,ERR,ERR,ERR,ERR,ERR,ERR,ERR,ERR,ERR,ERR,ERR,ERR,ERR,ERR,ERR,ERR,ERR,ERR,ERR,ERR,ERR,ERR,ERR,ERR,ERR,ERR,ERR,ERR,ERR,ERR,ERR,ERR,0.0,0.0,0.0,0.0,0.0,1.3936040501711995e+18,7.805,0.0,0,0,4,0,7116,0.0,100,0.0,0.0,0.0,0.0,0.0,0,0,0,0,0.0,0,0,0,0,0,0,0,0,0,0,0,0,0,0,0,0,0,0,0,0,0,0,0,0,0,0,0,0,0,0,0,0,0,31,40,40,71,65476,0,300,0,0,8,21553,0.0,-107605600.0,0.0,0.0,0.0,0.0,0.0,0.0,0.0,0.0,0.0,0.0,0.0,0.0,0.0,0.0,0.0,0.0,0.0,0.0,0.0,0.0,-2.004,0.0,-0.0,2.004,0.0,0.0,0.0,0.0,4483.0,-564144759635968.0,6912.0,0.0,0.0,-107615168.0,-107615304.0,0.0,0.0,0.0,0.0,69,-0.0,5.84804776034314e+35,0.0,0.0,0.0,0.0,0.0,0.0,0.0,0,0,0,0.0,0.0,0.0,0.0,0.0,0.0,0.0,0.0,0.0,0.0,0.0,0.0,0.0,0.0,0.0,0.0,0,-107875648.0,69,0.0,138,0.0,2.6474720257151824e+23,0,26215,17085,39322,17099,52429,17079,0,0,0,70,68,100,0.0,82.4,-107615448.0,77.8,-0.0,78.5,1,49,50,180,13107,0,0,0,0.0,0.0,0.0,0.0,-0.0,67.0,0.0,162057.094,0.0,972,0,995,0,0,0,948,0,1018,0,919,0,788,0,779,0,821,0,7520,0.032,4.150517416584649e+19,0.0,0.0,784,16797,-0.0,162057.094,-114818.039,-0.0,0.133,6.909358625270745e+28,30.0,70.0,35,0.0,0.0,0.0,0.0,0.0,0.0,0.0,0.0,0.0,0.0,0.0,0.0,0.0,0.0,0.0,0.0,66.8,0,150,71,51,65476,0,300,0,0,8,20529,65476,0,0,44564,70.0,0.0,0.0,0.0,0.0,0.0
2026-09-10T21:43:44,ERR,ERR,ERR,ERR,ERR,ERR,ERR,ERR,ERR,ERR,ERR,ERR,ERR,ERR,ERR,ERR,ERR,ERR,ERR,ERR,ERR,ERR,ERR,ERR,ERR,ERR,ERR,ERR,ERR,ERR,ERR,ERR,ERR,ERR,ERR,ERR,ERR,ERR,ERR,ERR,ERR,ERR,ERR,ERR,ERR,ERR,ERR,ERR,ERR,ERR,ERR,ERR,ERR,ERR,ERR,ERR,ERR,ERR,ERR,ERR,ERR,ERR,ERR,ERR,ERR,ERR,ERR,ERR,ERR,ERR,ERR,ERR,ERR,ERR,ERR,ERR,ERR,ERR,ERR,ERR,ERR,ERR,ERR,ERR,ERR,ERR,ERR,ERR,ERR,ERR,ERR,ERR,ERR,ERR,ERR,ERR,ERR,ERR,ERR,ERR,ERR,ERR,ERR,ERR,ERR,ERR,ERR,ERR,ERR,ERR,ERR,ERR,ERR,ERR,ERR,ERR,ERR,ERR,ERR,ERR,ERR,ERR,ERR,ERR,ERR,0.0,0.0,0.0,0.0,0.0,1.3936040501711995e+18,7.805,0.0,0,0,4,0,7116,0.0,100,0.0,0.0,0.0,0.0,0.0,0,0,0,0,0.0,0,0,0,0,0,0,0,0,0,0,0,0,0,0,0,0,0,0,0,0,0,0,0,0,0,0,0,0,0,0,0,0,0,31,40,40,71,65476,0,300,0,0,8,21553,0.0,-107605600.0,0.0,0.0,0.0,0.0,0.0,0.0,0.0,0.0,0.0,0.0,0.0,0.0,0.0,0.0,0.0,0.0,0.0,0.0,0.0,0.0,-2.004,0.0,-0.0,2.004,0.0,0.0,0.0,0.0,4483.0,-564144759635968.0,6912.0,0.0,0.0,-107615168.0,-107615304.0,0.0,0.0,0.0,0.0,69,-0.0,5.84804776034314e+35,0.0,0.0,0.0,0.0,0.0,0.0,0.0,0,0,0,0.0,0.0,0.0,0.0,0.0,0.0,0.0,0.0,0.0,0.0,0.0,0.0,0.0,0.0,0.0,0.0,0,-107875648.0,69,0.0,138,0.0,2.6474720257151824e+23,0,26215,17085,39322,17099,52429,17079,0,0,0,70,68,100,0.0,82.4,-107615448.0,77.8,-0.0,78.5,1,49,50,180,13107,0,0,0,0.0,0.0,0.0,0.0,-0.0,67.0,0.0,162057.094,0.0,972,0,995,0,0,0,948,0,1018,0,919,0,788,0,779,0,821,0,7520,0.032,4.150517416584649e+19,0.0,0.0,784,16797,-0.0,162057.094,-114818.039,-0.0,0.133,6.909358625270745e+28,30.0,70.0,35,0.0,0.0,0.0,0.0,0.0,0.0,0.0,0.0,0.0,0.0,0.0,0.0,0.0,0.0,0.0,0.0,66.8,0,150,71,51,65476,0,300,0,0,8,20529,65476,0,0,44564,70.0,0.0,0.0,0.0,0.0,0.0
2026-09-10T21:43:45,ERR,ERR,ERR,ERR,ERR,ERR,ERR,ERR,ERR,ERR,ERR,ERR,ERR,ERR,ERR,ERR,ERR,ERR,ERR,ERR,ERR,ERR,ERR,ERR,ERR,ERR,ERR,ERR,ERR,ERR,ERR,ERR,ERR,ERR,ERR,ERR,ERR,ERR,ERR,ERR,ERR,ERR,ERR,ERR,ERR,ERR,ERR,ERR,ERR,ERR,ERR,ERR,ERR,ERR,ERR,ERR,ERR,ERR,ERR,ERR,ERR,ERR,ERR,ERR,ERR,ERR,ERR,ERR,ERR,ERR,ERR,ERR,ERR,ERR,ERR,ERR,ERR,ERR,ERR,ERR,ERR,ERR,ERR,ERR,ERR,ERR,ERR,ERR,ERR,ERR,ERR,ERR,ERR,ERR,ERR,ERR,ERR,ERR,ERR,ERR,ERR,ERR,ERR,ERR,ERR,ERR,ERR,ERR,ERR,ERR,ERR,ERR,ERR,ERR,ERR,ERR,ERR,ERR,ERR,ERR,ERR,ERR,ERR,ERR,ERR,0.0,0.0,0.0,0.0,0.0,1.3936040501711995e+18,7.805,0.0,0,0,4,0,7116,0.0,100,0.0,0.0,0.0,0.0,0.0,0,0,0,0,0.0,0,0,0,0,0,0,0,0,0,0,0,0,0,0,0,0,0,0,0,0,0,0,0,0,0,0,0,0,0,0,0,0,0,31,40,40,71,65476,0,300,0,0,8,21553,0.0,-107605600.0,0.0,0.0,0.0,0.0,0.0,0.0,0.0,0.0,0.0,0.0,0.0,0.0,0.0,0.0,0.0,0.0,0.0,0.0,0.0,0.0,-2.004,0.0,-0.0,2.004,0.0,0.0,0.0,0.0,4483.0,-564144759635968.0,6912.0,0.0,0.0,-107615168.0,-107615304.0,0.0,0.0,0.0,0.0,69,-0.0,5.84804776034314e+35,0.0,0.0,0.0,0.0,0.0,0.0,0.0,0,0,0,0.0,0.0,0.0,0.0,0.0,0.0,0.0,0.0,0.0,0.0,0.0,0.0,0.0,0.0,0.0,0.0,0,-107875648.0,69,0.0,138,0.0,2.6474720257151824e+23,0,26215,17085,39322,17099,52429,17079,0,0,0,70,68,100,0.0,82.4,-107615448.0,77.8,-0.0,78.5,1,49,50,180,13107,0,0,0,0.0,0.0,0.0,0.0,-0.0,67.0,0.0,162057.094,0.0,972,0,995,0,0,0,948,0,1018,0,919,0,788,0,779,0,821,0,7520,0.032,4.150517416584649e+19,0.0,0.0,784,16797,-0.0,162057.094,-114818.039,-0.0,0.133,6.909358625270745e+28,30.0,70.0,35,0.0,0.0,0.0,0.0,0.0,0.0,0.0,0.0,0.0,0.0,0.0,0.0,0.0,0.0,0.0,0.0,66.8,0,150,71,51,65476,0,300,0,0,8,20529,65476,0,0,44564,70.0,0.0,0.0,0.0,0.0,0.0
2026-09-10T21:43:46,ERR,ERR,ERR,ERR,ERR,ERR,ERR,ERR,ERR,ERR,ERR,ERR,ERR,ERR,ERR,ERR,ERR,ERR,ERR,ERR,ERR,ERR,ERR,ERR,ERR,ERR,ERR,ERR,ERR,ERR,ERR,ERR,ERR,ERR,ERR,ERR,ERR,ERR,ERR,ERR,ERR,ERR,ERR,ERR,ERR,ERR,ERR,ERR,ERR,ERR,ERR,ERR,ERR,ERR,ERR,ERR,ERR,ERR,ERR,ERR,ERR,ERR,ERR,ERR,ERR,ERR,ERR,ERR,ERR,ERR,ERR,ERR,ERR,ERR,ERR,ERR,ERR,ERR,ERR,ERR,ERR,ERR,ERR,ERR,ERR,ERR,ERR,ERR,ERR,ERR,ERR,ERR,ERR,ERR,ERR,ERR,ERR,ERR,ERR,ERR,ERR,ERR,ERR,ERR,ERR,ERR,ERR,ERR,ERR,ERR,ERR,ERR,ERR,ERR,ERR,ERR,ERR,ERR,ERR,ERR,ERR,ERR,ERR,ERR,ERR,0.0,0.0,0.0,0.0,0.0,1.3936040501711995e+18,7.805,0.0,0,0,4,0,7116,0.0,100,0.0,0.0,0.0,0.0,0.0,0,0,0,0,0.0,0,0,0,0,0,0,0,0,0,0,0,0,0,0,0,0,0,0,0,0,0,0,0,0,0,0,0,0,0,0,0,0,0,31,40,40,71,65476,0,300,0,0,8,21553,0.0,-107605600.0,0.0,0.0,0.0,0.0,0.0,0.0,0.0,0.0,0.0,0.0,0.0,0.0,0.0,0.0,0.0,0.0,0.0,0.0,0.0,0.0,-2.004,0.0,-0.0,2.004,0.0,0.0,0.0,0.0,4483.0,-564144759635968.0,6912.0,0.0,0.0,-107615168.0,-107615304.0,0.0,0.0,0.0,0.0,69,-0.0,5.84804776034314e+35,0.0,0.0,0.0,0.0,0.0,0.0,0.0,0,0,0,0.0,0.0,0.0,0.0,0.0,0.0,0.0,0.0,0.0,0.0,0.0,0.0,0.0,0.0,0.0,0.0,0,-107875648.0,69,0.0,138,0.0,2.6474720257151824e+23,0,26215,17085,39322,17099,52429,17079,0,0,0,70,68,100,0.0,82.4,-107615448.0,77.8,-0.0,78.5,1,49,50,180,13107,0,0,0,0.0,0.0,0.0,0.0,-0.0,67.0,0.0,162057.094,0.0,972,0,995,0,0,0,948,0,1018,0,919,0,788,0,779,0,821,0,7520,0.032,4.150517416584649e+19,0.0,0.0,784,16797,-0.0,162057.094,-114818.039,-0.0,0.133,6.909358625270745e+28,30.0,70.0,35,0.0,0.0,0.0,0.0,0.0,0.0,0.0,0.0,0.0,0.0,0.0,0.0,0.0,0.0,0.0,0.0,66.4,0,150,71,51,65476,0,300,0,0,8,20529,65476,0,0,44564,70.0,0.0,0.0,0.0,0.0,0.0
2026-09-10T21:43:47,ERR,ERR,ERR,ERR,ERR,ERR,ERR,ERR,ERR,ERR,ERR,ERR,ERR,ERR,ERR,ERR,ERR,ERR,ERR,ERR,ERR,ERR,ERR,ERR,ERR,ERR,ERR,ERR,ERR,ERR,ERR,ERR,ERR,ERR,ERR,ERR,ERR,ERR,ERR,ERR,ERR,ERR,ERR,ERR,ERR,ERR,ERR,ERR,ERR,ERR,ERR,ERR,ERR,ERR,ERR,ERR,ERR,ERR,ERR,ERR,ERR,ERR,ERR,ERR,ERR,ERR,ERR,ERR,ERR,ERR,ERR,ERR,ERR,ERR,ERR,ERR,ERR,ERR,ERR,ERR,ERR,ERR,ERR,ERR,ERR,ERR,ERR,ERR,ERR,ERR,ERR,ERR,ERR,ERR,ERR,ERR,ERR,ERR,ERR,ERR,ERR,ERR,ERR,ERR,ERR,ERR,ERR,ERR,ERR,ERR,ERR,ERR,ERR,ERR,ERR,ERR,ERR,ERR,ERR,ERR,ERR,ERR,ERR,ERR,ERR,0.0,0.0,0.0,0.0,0.0,1.3936040501711995e+18,7.805,0.0,0,0,4,0,7116,0.0,100,0.0,0.0,0.0,0.0,0.0,0,0,0,0,0.0,0,0,0,0,0,0,0,0,0,0,0,0,0,0,0,0,0,0,0,0,0,0,0,0,0,0,0,0,0,0,0,0,0,31,40,40,71,65476,0,300,0,0,8,21553,0.0,-107605600.0,0.0,0.0,0.0,0.0,0.0,0.0,0.0,0.0,0.0,0.0,0.0,0.0,0.0,0.0,0.0,0.0,0.0,0.0,0.0,0.0,-2.004,0.0,-0.0,2.004,0.0,0.0,0.0,0.0,4483.0,-564144759635968.0,6912.0,0.0,0.0,-107615168.0,-107615304.0,0.0,0.0,0.0,0.0,69,-0.0,5.84804776034314e+35,0.0,0.0,0.0,0.0,0.0,0.0,0.0,0,0,0,0.0,0.0,0.0,0.0,0.0,0.0,0.0,0.0,0.0,0.0,0.0,0.0,0.0,0.0,0.0,0.0,0,-107875648.0,69,0.0,138,0.0,2.6474720257151824e+23,0,26215,17085,39322,17099,52429,17079,0,0,0,70,68,100,0.0,82.4,-107615448.0,77.8,-0.0,78.5,1,49,50,180,13107,0,0,0,0.0,0.0,0.0,0.0,-0.0,67.0,0.0,162057.094,0.0,972,0,995,0,0,0,948,0,1018,0,919,0,788,0,779,0,821,0,7520,0.032,4.150517416584649e+19,0.0,0.0,784,16797,-0.0,162057.094,-114818.039,-0.0,0.133,6.909358625270745e+28,30.0,70.0,35,0.0,0.0,0.0,0.0,0.0,0.0,0.0,0.0,0.0,0.0,0.0,0.0,0.0,0.0,0.0,0.0,66.4,0,150,71,51,65476,0,300,0,0,8,20529,65476,0,0,44564,70.0,0.0,0.0,0.0,0.0,0.0
2026-09-10T21:43:48,ERR,ERR,ERR,ERR,ERR,ERR,ERR,ERR,ERR,ERR,ERR,ERR,ERR,ERR,ERR,ERR,ERR,ERR,ERR,ERR,ERR,ERR,ERR,ERR,ERR,ERR,ERR,ERR,ERR,ERR,ERR,ERR,ERR,ERR,ERR,ERR,ERR,ERR,ERR,ERR,ERR,ERR,ERR,ERR,ERR,ERR,ERR,ERR,ERR,ERR,ERR,ERR,ERR,ERR,ERR,ERR,ERR,ERR,ERR,ERR,ERR,ERR,ERR,ERR,ERR,ERR,ERR,ERR,ERR,ERR,ERR,ERR,ERR,ERR,ERR,ERR,ERR,ERR,ERR,ERR,ERR,ERR,ERR,ERR,ERR,ERR,ERR,ERR,ERR,ERR,ERR,ERR,ERR,ERR,ERR,ERR,ERR,ERR,ERR,ERR,ERR,ERR,ERR,ERR,ERR,ERR,ERR,ERR,ERR,ERR,ERR,ERR,ERR,ERR,ERR,ERR,ERR,ERR,ERR,ERR,ERR,ERR,ERR,ERR,ERR,0.0,0.0,0.0,0.0,0.0,1.3936040501711995e+18,7.805,0.0,0,0,4,0,7116,0.0,100,0.0,0.0,0.0,0.0,0.0,0,0,0,0,0.0,0,0,0,0,0,0,0,0,0,0,0,0,0,0,0,0,0,0,0,0,0,0,0,0,0,0,0,0,0,0,0,0,0,31,40,40,71,65476,0,300,0,0,8,21553,0.0,-107605600.0,0.0,0.0,0.0,0.0,0.0,0.0,0.0,0.0,0.0,0.0,0.0,0.0,0.0,0.0,0.0,0.0,0.0,0.0,0.0,0.0,-2.004,0.0,-0.0,2.004,0.0,0.0,0.0,0.0,4483.0,-564144759635968.0,6912.0,0.0,0.0,-107615168.0,-107615304.0,0.0,0.0,0.0,0.0,69,-0.0,5.84804776034314e+35,0.0,0.0,0.0,0.0,0.0,0.0,0.0,0,0,0,0.0,0.0,0.0,0.0,0.0,0.0,0.0,0.0,0.0,0.0,0.0,0.0,0.0,0.0,0.0,0.0,0,-107875648.0,69,0.0,138,0.0,2.6474720257151824e+23,0,26215,17085,39322,17099,52429,17079,0,0,0,70,68,100,0.0,82.4,-107615448.0,77.8,-0.0,78.5,1,49,50,180,13107,0,0,0,0.0,0.0,0.0,0.0,-0.0,67.0,0.0,162057.094,0.0,972,0,995,0,0,0,948,0,1018,0,919,0,788,0,779,0,821,0,7520,0.032,4.150517416584649e+19,0.0,0.0,784,16797,-0.0,162057.094,-114818.039,-0.0,0.133,6.909358625270745e+28,30.0,70.0,35,0.0,0.0,0.0,0.0,0.0,0.0,0.0,0.0,0.0,0.0,0.0,0.0,0.0,0.0,0.0,0.0,66.4,0,150,71,51,65476,0,300,0,0,8,20529,65476,0,0,44564,70.0,0.0,0.0,0.0,0.0,0.0
2026-09-10T21:43:49,ERR,ERR,ERR,ERR,ERR,ERR,ERR,ERR,ERR,ERR,ERR,ERR,ERR,ERR,ERR,ERR,ERR,ERR,ERR,ERR,ERR,ERR,ERR,ERR,ERR,ERR,ERR,ERR,ERR,ERR,ERR,ERR,ERR,ERR,ERR,ERR,ERR,ERR,ERR,ERR,ERR,ERR,ERR,ERR,ERR,ERR,ERR,ERR,ERR,ERR,ERR,ERR,ERR,ERR,ERR,ERR,ERR,ERR,ERR,ERR,ERR,ERR,ERR,ERR,ERR,ERR,ERR,ERR,ERR,ERR,ERR,ERR,ERR,ERR,ERR,ERR,ERR,ERR,ERR,ERR,ERR,ERR,ERR,ERR,ERR,ERR,ERR,ERR,ERR,ERR,ERR,ERR,ERR,ERR,ERR,ERR,ERR,ERR,ERR,ERR,ERR,ERR,ERR,ERR,ERR,ERR,ERR,ERR,ERR,ERR,ERR,ERR,ERR,ERR,ERR,ERR,ERR,ERR,ERR,ERR,ERR,ERR,ERR,ERR,ERR,0.0,0.0,0.0,0.0,0.0,1.3936040501711995e+18,7.805,0.0,0,0,4,0,7116,0.0,100,0.0,0.0,0.0,0.0,0.0,0,0,0,0,0.0,0,0,0,0,0,0,0,0,0,0,0,0,0,0,0,0,0,0,0,0,0,0,0,0,0,0,0,0,0,0,0,0,0,31,40,40,71,65476,0,300,0,0,8,21553,0.0,-107605600.0,0.0,0.0,0.0,0.0,0.0,0.0,0.0,0.0,0.0,0.0,0.0,0.0,0.0,0.0,0.0,0.0,0.0,0.0,0.0,0.0,-2.004,0.0,-0.0,2.004,0.0,0.0,0.0,0.0,4483.0,-564144759635968.0,6912.0,0.0,0.0,-107615168.0,-107615304.0,0.0,0.0,0.0,0.0,69,-0.0,5.84804776034314e+35,0.0,0.0,0.0,0.0,0.0,0.0,0.0,0,0,0,0.0,0.0,0.0,0.0,0.0,0.0,0.0,0.0,0.0,0.0,0.0,0.0,0.0,0.0,0.0,0.0,0,-107875648.0,69,0.0,138,0.0,2.6474720257151824e+23,0,26215,17085,39322,17099,52429,17079,0,0,0,70,68,100,0.0,82.4,-107615448.0,77.8,-0.0,78.5,1,49,50,180,13107,0,0,0,0.0,0.0,0.0,0.0,-0.0,67.0,0.0,162057.094,0.0,971,0,995,0,0,0,947,0,1018,0,919,0,788,0,779,0,821,0,7520,0.032,4.121694378969478e+19,0.0,0.0,784,16797,-0.0,162057.094,-114818.039,-0.0,0.133,6.909358625270745e+28,30.0,70.0,35,0.0,0.0,0.0,0.0,0.0,0.0,0.0,0.0,0.0,0.0,0.0,0.0,0.0,0.0,0.0,0.0,66.4,0,150,71,51,65476,0,300,0,0,8,20529,65476,0,0,44564,70.0,0.0,0.0,0.0,0.0,0.0
2026-09-10T21:43:50,ERR,ERR,ERR,ERR,ERR,ERR,ERR,ERR,ERR,ERR,ERR,ERR,ERR,ERR,ERR,ERR,ERR,ERR,ERR,ERR,ERR,ERR,ERR,ERR,ERR,ERR,ERR,ERR,ERR,ERR,ERR,ERR,ERR,ERR,ERR,ERR,ERR,ERR,ERR,ERR,ERR,ERR,ERR,ERR,ERR,ERR,ERR,ERR,ERR,ERR,ERR,ERR,ERR,ERR,ERR,ERR,ERR,ERR,ERR,ERR,ERR,ERR,ERR,ERR,ERR,ERR,ERR,ERR,ERR,ERR,ERR,ERR,ERR,ERR,ERR,ERR,ERR,ERR,ERR,ERR,ERR,ERR,ERR,ERR,ERR,ERR,ERR,ERR,ERR,ERR,ERR,ERR,ERR,ERR,ERR,ERR,ERR,ERR,ERR,ERR,ERR,ERR,ERR,ERR,ERR,ERR,ERR,ERR,ERR,ERR,ERR,ERR,ERR,ERR,ERR,ERR,ERR,ERR,ERR,ERR,ERR,ERR,ERR,ERR,ERR,0.0,0.0,2.6474835549302285e+23,0.0,0.0,1.3936040501711995e+18,7.805,0.0,0,0,4,0,7116,0.0,100,0.0,0.0,0.0,0.0,0.0,0,0,0,0,0.0,0,0,0,0,0,0,0,0,0,0,0,0,0,0,0,0,0,0,0,0,0,0,0,0,0,0,0,0,0,0,0,0,0,31,40,40,71,65476,0,300,0,0,8,21553,0.0,-107605600.0,0.0,0.0,0.0,0.0,0.0,0.0,0.0,0.0,0.0,0.0,0.0,0.0,0.0,0.0,0.0,0.0,0.0,0.0,0.0,0.0,-2.004,0.0,-0.0,2.004,0.0,0.0,0.0,0.0,4518.0,-1.5879263307997272e+29,6942.0,0.0,0.0,-107615168.0,-107615304.0,0.0,0.0,0.0,0.0,69,-0.0,2.718413807909433e+23,0.0,0.0,0.0,0.0,0.0,0.0,0.0,0,0,0,0.0,0.0,0.0,0.0,0.0,0.0,0.0,0.0,0.0,0.0,0.0,0.0,0.0,0.0,0.0,0.0,0,-107875648.0,69,0.0,138,0.0,2.6474720257151824e+23,0,26215,17085,39322,17099,52429,17079,0,0,0,70,68,100,0.0,82.4,-107615448.0,77.8,-0.0,78.5,1,49,50,180,13107,0,0,0,0.0,0.0,0.0,0.0,-0.0,67.0,0.0,162057.094,0.0,971,0,995,0,0,0,947,0,1018,0,919,0,788,0,779,0,821,0,7520,0.032,4.121694378969478e+19,0.0,0.0,784,16797,-0.0,162057.094,-114818.039,-0.0,0.133,6.909358625270745e+28,30.0,70.0,35,0.0,0.0,0.0,0.0,0.0,0.0,0.0,0.0,0.0,0.0,0.0,0.0,0.0,0.0,0.0,0.0,66.4,0,150,71,51,65476,0,300,0,0,8,20529,65476,0,0,44564,70.0,0.0,0.0,0.0,0.0,0.0
2026-09-10T21:43:51,ERR,ERR,ERR,ERR,ERR,ERR,ERR,ERR,ERR,ERR,ERR,ERR,ERR,ERR,ERR,ERR,ERR,ERR,ERR,ERR,ERR,ERR,ERR,ERR,ERR,ERR,ERR,ERR,ERR,ERR,ERR,ERR,ERR,ERR,ERR,ERR,ERR,ERR,ERR,ERR,ERR,ERR,ERR,ERR,ERR,ERR,ERR,ERR,ERR,ERR,ERR,ERR,ERR,ERR,ERR,ERR,ERR,ERR,ERR,ERR,ERR,ERR,ERR,ERR,ERR,ERR,ERR,ERR,ERR,ERR,ERR,ERR,ERR,ERR,ERR,ERR,ERR,ERR,ERR,ERR,ERR,ERR,ERR,ERR,ERR,ERR,ERR,ERR,ERR,ERR,ERR,ERR,ERR,ERR,ERR,ERR,ERR,ERR,ERR,ERR,ERR,ERR,ERR,ERR,ERR,ERR,ERR,ERR,ERR,ERR,ERR,ERR,ERR,ERR,ERR,ERR,ERR,ERR,ERR,ERR,ERR,ERR,ERR,ERR,ERR,0.0,0.0,2.6474835549302285e+23,0.0,0.0,1.3936040501711995e+18,7.805,0.0,0,0,4,0,7116,0.0,100,0.0,0.0,0.0,0.0,0.0,0,0,0,0,0.0,0,0,0,0,0,0,0,0,0,0,0,0,0,0,0,0,0,0,0,0,0,0,0,0,0,0,0,0,0,0,0,0,0,31,40,40,71,65476,0,300,0,0,8,21553,0.0,-107605600.0,0.0,0.0,0.0,0.0,0.0,0.0,0.0,0.0,0.0,0.0,0.0,0.0,0.0,0.0,0.0,0.0,0.0,0.0,0.0,0.0,-2.004,0.0,-0.0,2.004,0.0,0.0,0.0,0.0,4518.0,-1.5879263307997272e+29,6942.0,0.0,0.0,-107615168.0,-107615304.0,0.0,0.0,0.0,0.0,69,-0.0,2.718413807909433e+23,0.0,0.0,0.0,0.0,0.0,0.0,0.0,0,0,0,0.0,0.0,0.0,0.0,0.0,0.0,0.0,0.0,0.0,0.0,0.0,0.0,0.0,0.0,0.0,0.0,0,-107875648.0,69,0.0,138,0.0,2.6474720257151824e+23,0,26215,17085,39322,17099,52429,17079,0,0,0,70,68,100,0.0,82.4,-107615448.0,77.8,-0.0,78.5,1,49,50,180,13107,0,0,0,0.0,0.0,0.0,0.0,-0.0,67.0,0.0,162057.094,0.0,971,0,995,0,0,0,947,0,1018,0,919,0,788,0,779,0,821,0,7520,0.032,4.121694378969478e+19,0.0,0.0,784,16797,-0.0,162057.094,-114818.039,-0.0,0.133,6.909358625270745e+28,30.0,70.0,35,0.0,0.0,0.0,0.0,0.0,0.0,0.0,0.0,0.0,0.0,0.0,0.0,0.0,0.0,0.0,0.0,66.4,0,150,71,51,65476,0,300,0,0,8,20529,65476,0,0,44564,70.0,0.0,0.0,0.0,0.0,0.0
2026-09-10T21:43:52,ERR,ERR,ERR,ERR,ERR,ERR,ERR,ERR,ERR,ERR,ERR,ERR,ERR,ERR,ERR,ERR,ERR,ERR,ERR,ERR,ERR,ERR,ERR,ERR,ERR,ERR,ERR,ERR,ERR,ERR,ERR,ERR,ERR,ERR,ERR,ERR,ERR,ERR,ERR,ERR,ERR,ERR,ERR,ERR,ERR,ERR,ERR,ERR,ERR,ERR,ERR,ERR,ERR,ERR,ERR,ERR,ERR,ERR,ERR,ERR,ERR,ERR,ERR,ERR,ERR,ERR,ERR,ERR,ERR,ERR,ERR,ERR,ERR,ERR,ERR,ERR,ERR,ERR,ERR,ERR,ERR,ERR,ERR,ERR,ERR,ERR,ERR,ERR,ERR,ERR,ERR,ERR,ERR,ERR,ERR,ERR,ERR,ERR,ERR,ERR,ERR,ERR,ERR,ERR,ERR,ERR,ERR,ERR,ERR,ERR,ERR,ERR,ERR,ERR,ERR,ERR,ERR,ERR,ERR,ERR,ERR,ERR,ERR,ERR,ERR,0.0,0.0,2.6474835549302285e+23,0.0,0.0,1.3936040501711995e+18,7.805,0.0,0,0,4,0,7116,0.0,100,0.0,0.0,0.0,0.0,0.0,0,0,0,0,0.0,0,0,0,0,0,0,0,0,0,0,0,0,0,0,0,0,0,0,0,0,0,0,0,0,0,0,0,0,0,0,0,0,0,31,40,40,71,65476,0,300,0,0,8,21553,0.0,-107605600.0,0.0,0.0,0.0,0.0,0.0,0.0,0.0,0.0,0.0,0.0,0.0,0.0,0.0,0.0,0.0,0.0,0.0,0.0,0.0,0.0,-2.004,0.0,-0.0,2.004,0.0,0.0,0.0,0.0,4518.0,-1.5879263307997272e+29,6942.0,0.0,0.0,-107615168.0,-107615304.0,0.0,0.0,0.0,0.0,69,-0.0,2.718413807909433e+23,0.0,0.0,0.0,0.0,0.0,0.0,0.0,0,0,0,0.0,0.0,0.0,0.0,0.0,0.0,0.0,0.0,0.0,0.0,0.0,0.0,0.0,0.0,0.0,0.0,0,-107875648.0,69,0.0,138,0.0,2.6474720257151824e+23,0,26215,17085,39322,17099,52429,17079,0,0,0,70,68,100,0.0,82.4,-107615448.0,77.8,-0.0,78.5,1,49,50,180,13107,0,0,0,0.0,0.0,0.0,0.0,-0.0,67.0,0.0,162057.094,0.0,971,0,995,0,0,0,947,0,1018,0,919,0,788,0,779,0,821,0,7520,0.032,4.121694378969478e+19,0.0,0.0,784,16797,-0.0,162057.094,-114818.039,-0.0,0.133,6.909358625270745e+28,30.0,70.0,35,0.0,0.0,0.0,0.0,0.0,0.0,0.0,0.0,0.0,0.0,0.0,0.0,0.0,0.0,0.0,0.0,66.4,0,150,71,51,65476,0,300,0,0,8,20529,65476,0,0,44564,70.0,0.0,0.0,0.0,0.0,0.0
2026-09-10T21:43:53,ERR,ERR,ERR,ERR,ERR,ERR,ERR,ERR,ERR,ERR,ERR,ERR,ERR,ERR,ERR,ERR,ERR,ERR,ERR,ERR,ERR,ERR,ERR,ERR,ERR,ERR,ERR,ERR,ERR,ERR,ERR,ERR,ERR,ERR,ERR,ERR,ERR,ERR,ERR,ERR,ERR,ERR,ERR,ERR,ERR,ERR,ERR,ERR,ERR,ERR,ERR,ERR,ERR,ERR,ERR,ERR,ERR,ERR,ERR,ERR,ERR,ERR,ERR,ERR,ERR,ERR,ERR,ERR,ERR,ERR,ERR,ERR,ERR,ERR,ERR,ERR,ERR,ERR,ERR,ERR,ERR,ERR,ERR,ERR,ERR,ERR,ERR,ERR,ERR,ERR,ERR,ERR,ERR,ERR,ERR,ERR,ERR,ERR,ERR,ERR,ERR,ERR,ERR,ERR,ERR,ERR,ERR,ERR,ERR,ERR,ERR,ERR,ERR,ERR,ERR,ERR,ERR,ERR,ERR,ERR,ERR,ERR,ERR,ERR,ERR,0.0,0.0,2.6474835549302285e+23,0.0,0.0,1.3936040501711995e+18,7.805,0.0,0,0,4,0,7116,0.0,100,0.0,0.0,0.0,0.0,0.0,0,0,0,0,0.0,0,0,0,0,0,0,0,0,0,0,0,0,0,0,0,0,0,0,0,0,0,0,0,0,0,0,0,0,0,0,0,0,0,31,40,40,71,65476,0,300,0,0,8,21553,0.0,-107605600.0,0.0,0.0,0.0,0.0,0.0,0.0,0.0,0.0,0.0,0.0,0.0,0.0,0.0,0.0,0.0,0.0,0.0,0.0,0.0,0.0,-2.004,0.0,-0.0,2.004,0.0,0.0,0.0,0.0,4518.0,-1.5879263307997272e+29,6942.0,0.0,0.0,-107615168.0,-107615304.0,0.0,0.0,0.0,0.0,69,-0.0,2.718413807909433e+23,0.0,0.0,0.0,0.0,0.0,0.0,0.0,0,0,0,0.0,0.0,0.0,0.0,0.0,0.0,0.0,0.0,0.0,0.0,0.0,0.0,0.0,0.0,0.0,0.0,0,-107875648.0,69,0.0,138,0.0,2.6474720257151824e+23,0,26215,17085,39322,17099,52429,17079,0,0,0,70,68,100,0.0,82.4,-107615448.0,77.8,-0.0,78.5,1,49,50,180,13107,0,0,0,0.0,0.0,0.0,0.0,-0.0,67.0,0.0,162057.094,0.0,971,0,995,0,0,0,947,0,1018,0,919,0,788,0,779,0,821,0,7520,0.032,4.121694378969478e+19,0.0,0.0,784,16797,-0.0,162057.094,-114818.039,-0.0,0.133,6.909358625270745e+28,30.0,70.0,35,0.0,0.0,0.0,0.0,0.0,0.0,0.0,0.0,0.0,0.0,0.0,0.0,0.0,0.0,0.0,0.0,66.4,0,150,71,51,65476,0,300,0,0,8,20529,65476,0,0,44564,70.0,0.0,0.0,0.0,0.0,0.0
2026-09-10T21:43:54,ERR,ERR,ERR,ERR,ERR,ERR,ERR,ERR,ERR,ERR,ERR,ERR,ERR,ERR,ERR,ERR,ERR,ERR,ERR,ERR,ERR,ERR,ERR,ERR,ERR,ERR,ERR,ERR,ERR,ERR,ERR,ERR,ERR,ERR,ERR,ERR,ERR,ERR,ERR,ERR,ERR,ERR,ERR,ERR,ERR,ERR,ERR,ERR,ERR,ERR,ERR,ERR,ERR,ERR,ERR,ERR,ERR,ERR,ERR,ERR,ERR,ERR,ERR,ERR,ERR,ERR,ERR,ERR,ERR,ERR,ERR,ERR,ERR,ERR,ERR,ERR,ERR,ERR,ERR,ERR,ERR,ERR,ERR,ERR,ERR,ERR,ERR,ERR,ERR,ERR,ERR,ERR,ERR,ERR,ERR,ERR,ERR,ERR,ERR,ERR,ERR,ERR,ERR,ERR,ERR,ERR,ERR,ERR,ERR,ERR,ERR,ERR,ERR,ERR,ERR,ERR,ERR,ERR,ERR,ERR,ERR,ERR,ERR,ERR,ERR,0.0,0.0,2.6474835549302285e+23,0.0,0.0,1.3936040501711995e+18,7.805,0.0,0,0,4,0,7116,0.0,100,0.0,0.0,0.0,0.0,0.0,0,0,0,0,0.0,0,0,0,0,0,0,0,0,0,0,0,0,0,0,0,0,0,0,0,0,0,0,0,0,0,0,0,0,0,0,0,0,0,31,40,40,71,65476,0,300,0,0,8,21553,0.0,-107605600.0,0.0,0.0,0.0,0.0,0.0,0.0,0.0,0.0,0.0,0.0,0.0,0.0,0.0,0.0,0.0,0.0,0.0,0.0,0.0,0.0,-2.004,0.0,-0.0,2.004,0.0,0.0,0.0,0.0,4518.0,-1.5879263307997272e+29,6942.0,0.0,0.0,-107615168.0,-107615304.0,0.0,0.0,0.0,0.0,69,-0.0,2.718413807909433e+23,0.0,0.0,0.0,0.0,0.0,0.0,0.0,0,0,0,0.0,0.0,0.0,0.0,0.0,0.0,0.0,0.0,0.0,0.0,0.0,0.0,0.0,0.0,0.0,0.0,0,-107875648.0,69,0.0,138,0.0,2.6474720257151824e+23,0,26215,17085,39322,17099,52429,17079,0,0,0,70,68,100,0.0,82.4,-107615448.0,77.8,-0.0,78.5,1,49,50,180,13107,0,0,0,0.0,0.0,0.0,0.0,-0.0,67.0,0.0,162057.094,0.0,971,0,995,0,0,0,947,0,1018,0,919,0,788,0,779,0,821,0,7520,0.032,4.121694378969478e+19,0.0,0.0,784,16797,-0.0,162057.094,-114818.039,-0.0,0.133,6.909358625270745e+28,30.0,70.0,35,0.0,0.0,0.0,0.0,0.0,0.0,0.0,0.0,0.0,0.0,0.0,0.0,0.0,0.0,0.0,0.0,66.4,0,150,71,51,65476,0,300,0,0,8,20529,65476,0,0,44564,70.0,0.0,0.0,0.0,0.0,0.0
2026-09-10T21:43:55,ERR,ERR,ERR,ERR,ERR,ERR,ERR,ERR,ERR,ERR,ERR,ERR,ERR,ERR,ERR,ERR,ERR,ERR,ERR,ERR,ERR,ERR,ERR,ERR,ERR,ERR,ERR,ERR,ERR,ERR,ERR,ERR,ERR,ERR,ERR,ERR,ERR,ERR,ERR,ERR,ERR,ERR,ERR,ERR,ERR,ERR,ERR,ERR,ERR,ERR,ERR,ERR,ERR,ERR,ERR,ERR,ERR,ERR,ERR,ERR,ERR,ERR,ERR,ERR,ERR,ERR,ERR,ERR,ERR,ERR,ERR,ERR,ERR,ERR,ERR,ERR,ERR,ERR,ERR,ERR,ERR,ERR,ERR,ERR,ERR,ERR,ERR,ERR,ERR,ERR,ERR,ERR,ERR,ERR,ERR,ERR,ERR,ERR,ERR,ERR,ERR,ERR,ERR,ERR,ERR,ERR,ERR,ERR,ERR,ERR,ERR,ERR,ERR,ERR,ERR,ERR,ERR,ERR,ERR,ERR,ERR,ERR,ERR,ERR,ERR,0.0,0.0,2.6474835549302285e+23,0.0,0.0,1.3936040501711995e+18,7.805,0.0,0,0,4,0,7116,0.0,100,0.0,0.0,0.0,0.0,0.0,0,0,0,0,0.0,0,0,0,0,0,0,0,0,0,0,0,0,0,0,0,0,0,0,0,0,0,0,0,0,0,0,0,0,0,0,0,0,0,31,40,40,71,65476,0,300,0,0,8,21553,0.0,-107605600.0,0.0,0.0,0.0,0.0,0.0,0.0,0.0,0.0,0.0,0.0,0.0,0.0,0.0,0.0,0.0,0.0,0.0,0.0,0.0,0.0,-2.004,0.0,-0.0,2.004,0.0,0.0,0.0,0.0,4518.0,-1.5879263307997272e+29,6942.0,0.0,0.0,-107615168.0,-107615304.0,0.0,0.0,0.0,0.0,69,-0.0,2.718413807909433e+23,0.0,0.0,0.0,0.0,0.0,0.0,0.0,0,0,0,0.0,0.0,0.0,0.0,0.0,0.0,0.0,0.0,0.0,0.0,0.0,0.0,0.0,0.0,0.0,0.0,0,-107875648.0,69,0.0,138,0.0,2.6474720257151824e+23,0,26215,17085,39322,17099,52429,17079,0,0,0,70,68,100,0.0,82.4,-107615448.0,77.8,-0.0,78.5,1,49,50,180,13107,0,0,0,0.0,0.0,0.0,0.0,-0.0,67.0,0.0,162057.094,0.0,971,0,995,0,0,0,947,0,1018,0,919,0,788,0,779,0,821,0,7520,0.032,4.121694378969478e+19,0.0,0.0,784,16797,-0.0,162057.094,-114818.039,-0.0,0.133,6.909358625270745e+28,30.0,70.0,35,0.0,0.0,0.0,0.0,0.0,0.0,0.0,0.0,0.0,0.0,0.0,0.0,0.0,0.0,0.0,0.0,66.4,0,150,71,51,65476,0,300,0,0,8,20529,65476,0,0,44564,70.0,0.0,0.0,0.0,0.0,0.0
2026-09-10T21:43:56,ERR,ERR,ERR,ERR,ERR,ERR,ERR,ERR,ERR,ERR,ERR,ERR,ERR,ERR,ERR,ERR,ERR,ERR,ERR,ERR,ERR,ERR,ERR,ERR,ERR,ERR,ERR,ERR,ERR,ERR,ERR,ERR,ERR,ERR,ERR,ERR,ERR,ERR,ERR,ERR,ERR,ERR,ERR,ERR,ERR,ERR,ERR,ERR,ERR,ERR,ERR,ERR,ERR,ERR,ERR,ERR,ERR,ERR,ERR,ERR,ERR,ERR,ERR,ERR,ERR,ERR,ERR,ERR,ERR,ERR,ERR,ERR,ERR,ERR,ERR,ERR,ERR,ERR,ERR,ERR,ERR,ERR,ERR,ERR,ERR,ERR,ERR,ERR,ERR,ERR,ERR,ERR,ERR,ERR,ERR,ERR,ERR,ERR,ERR,ERR,ERR,ERR,ERR,ERR,ERR,ERR,ERR,ERR,ERR,ERR,ERR,ERR,ERR,ERR,ERR,ERR,ERR,ERR,ERR,ERR,ERR,ERR,ERR,ERR,ERR,0.0,0.0,2.6474835549302285e+23,0.0,0.0,1.3936040501711995e+18,7.805,0.0,0,0,4,0,7116,0.0,100,0.0,0.0,0.0,0.0,0.0,0,0,0,0,0.0,0,0,0,0,0,0,0,0,0,0,0,0,0,0,0,0,0,0,0,0,0,0,0,0,0,0,0,0,0,0,0,0,0,31,40,40,71,65476,0,300,0,0,8,21553,0.0,-107605600.0,0.0,0.0,0.0,0.0,0.0,0.0,0.0,0.0,0.0,0.0,0.0,0.0,0.0,0.0,0.0,0.0,0.0,0.0,0.0,0.0,-2.004,0.0,-0.0,2.004,0.0,0.0,0.0,0.0,4518.0,-1.5879263307997272e+29,6942.0,0.0,0.0,-107615168.0,-107615304.0,0.0,0.0,0.0,0.0,69,-0.0,2.718413807909433e+23,0.0,0.0,0.0,0.0,0.0,0.0,0.0,0,0,0,0.0,0.0,0.0,0.0,0.0,0.0,0.0,0.0,0.0,0.0,0.0,0.0,0.0,0.0,0.0,0.0,0,-107875648.0,69,0.0,138,0.0,2.6474720257151824e+23,0,26215,17085,39322,17099,52429,17079,0,0,0,70,68,100,0.0,82.4,-107615448.0,77.8,-0.0,78.5,1,49,50,180,13107,0,0,0,0.0,0.0,0.0,0.0,-0.0,67.0,0.0,162057.094,0.0,971,0,995,0,0,0,947,0,1018,0,919,0,788,0,779,0,821,0,7520,0.032,4.121694378969478e+19,0.0,0.0,784,16797,-0.0,162057.094,-114818.039,-0.0,0.133,6.909358625270745e+28,30.0,70.0,35,0.0,0.0,0.0,0.0,0.0,0.0,0.0,0.0,0.0,0.0,0.0,0.0,0.0,0.0,0.0,0.0,66.4,0,150,71,51,65476,0,300,0,0,8,20529,65476,0,0,44564,70.0,0.0,0.0,0.0,0.0,0.0
2026-09-10T21:43:57,ERR,ERR,ERR,ERR,ERR,ERR,ERR,ERR,ERR,ERR,ERR,ERR,ERR,ERR,ERR,ERR,ERR,ERR,ERR,ERR,ERR,ERR,ERR,ERR,ERR,ERR,ERR,ERR,ERR,ERR,ERR,ERR,ERR,ERR,ERR,ERR,ERR,ERR,ERR,ERR,ERR,ERR,ERR,ERR,ERR,ERR,ERR,ERR,ERR,ERR,ERR,ERR,ERR,ERR,ERR,ERR,ERR,ERR,ERR,ERR,ERR,ERR,ERR,ERR,ERR,ERR,ERR,ERR,ERR,ERR,ERR,ERR,ERR,ERR,ERR,ERR,ERR,ERR,ERR,ERR,ERR,ERR,ERR,ERR,ERR,ERR,ERR,ERR,ERR,ERR,ERR,ERR,ERR,ERR,ERR,ERR,ERR,ERR,ERR,ERR,ERR,ERR,ERR,ERR,ERR,ERR,ERR,ERR,ERR,ERR,ERR,ERR,ERR,ERR,ERR,ERR,ERR,ERR,ERR,ERR,ERR,ERR,ERR,ERR,ERR,0.0,0.0,2.6474835549302285e+23,0.0,0.0,1.3936040501711995e+18,7.805,0.0,0,0,4,0,7116,0.0,100,0.0,0.0,0.0,0.0,0.0,0,0,0,0,0.0,0,0,0,0,0,0,0,0,0,0,0,0,0,0,0,0,0,0,0,0,0,0,0,0,0,0,0,0,0,0,0,0,0,31,40,40,71,65476,0,300,0,0,8,21553,0.0,-107605600.0,0.0,0.0,0.0,0.0,0.0,0.0,0.0,0.0,0.0,0.0,0.0,0.0,0.0,0.0,0.0,0.0,0.0,0.0,0.0,0.0,-2.004,0.0,-0.0,2.004,0.0,0.0,0.0,0.0,4518.0,-1.5879263307997272e+29,6942.0,0.0,0.0,-107615168.0,-107615304.0,0.0,0.0,0.0,0.0,69,-0.0,2.718413807909433e+23,0.0,0.0,0.0,0.0,0.0,0.0,0.0,0,0,0,0.0,0.0,0.0,0.0,0.0,0.0,0.0,0.0,0.0,0.0,0.0,0.0,0.0,0.0,0.0,0.0,0,-107875648.0,69,0.0,138,0.0,2.6474720257151824e+23,0,26215,17085,39322,17099,52429,17079,0,0,0,70,68,100,0.0,82.4,-107615448.0,77.8,-0.0,78.5,1,49,50,180,13107,0,0,0,0.0,0.0,0.0,0.0,-0.0,67.0,0.0,162057.094,0.0,971,0,995,0,0,0,947,0,1018,0,919,0,788,0,779,0,821,0,7520,0.032,4.121694378969478e+19,0.0,0.0,784,16797,-0.0,162057.094,-114818.039,-0.0,0.133,6.909358625270745e+28,30.0,70.0,35,0.0,0.0,0.0,0.0,0.0,0.0,0.0,0.0,0.0,0.0,0.0,0.0,0.0,0.0,0.0,0.0,66.4,0,150,71,51,65476,0,300,0,0,8,20529,65476,0,0,44564,70.0,0.0,0.0,0.0,0.0,0.0
2026-09-10T21:43:58,ERR,ERR,ERR,ERR,ERR,ERR,ERR,ERR,ERR,ERR,ERR,ERR,ERR,ERR,ERR,ERR,ERR,ERR,ERR,ERR,ERR,ERR,ERR,ERR,ERR,ERR,ERR,ERR,ERR,ERR,ERR,ERR,ERR,ERR,ERR,ERR,ERR,ERR,ERR,ERR,ERR,ERR,ERR,ERR,ERR,ERR,ERR,ERR,ERR,ERR,ERR,ERR,ERR,ERR,ERR,ERR,ERR,ERR,ERR,ERR,ERR,ERR,ERR,ERR,ERR,ERR,ERR,ERR,ERR,ERR,ERR,ERR,ERR,ERR,ERR,ERR,ERR,ERR,ERR,ERR,ERR,ERR,ERR,ERR,ERR,ERR,ERR,ERR,ERR,ERR,ERR,ERR,ERR,ERR,ERR,ERR,ERR,ERR,ERR,ERR,ERR,ERR,ERR,ERR,ERR,ERR,ERR,ERR,ERR,ERR,ERR,ERR,ERR,ERR,ERR,ERR,ERR,ERR,ERR,ERR,ERR,ERR,ERR,ERR,ERR,0.0,0.0,0.0,0.0,0.0,1.3936040501711995e+18,7.805,0.0,0,0,4,0,7116,0.0,100,0.0,0.0,0.0,0.0,0.0,0,0,0,0,0.0,0,0,0,0,0,0,0,0,0,0,0,0,0,0,0,0,0,0,0,0,0,0,0,0,0,0,0,0,0,0,0,0,0,31,40,40,71,65476,0,300,0,0,8,21553,0.0,-107605600.0,0.0,0.0,0.0,0.0,0.0,0.0,0.0,0.0,0.0,0.0,0.0,0.0,0.0,0.0,0.0,0.0,0.0,0.0,0.0,0.0,-2.004,0.0,-0.0,2.004,0.0,0.0,0.0,0.0,4522.0,0.0,6912.0,0.0,0.0,-107615168.0,-107615304.0,0.0,0.0,0.0,0.0,69,-71.63,5.84804776034314e+35,0.0,0.0,0.0,0.0,0.0,0.0,0.0,0,0,0,0.0,0.0,0.0,0.0,0.0,0.0,0.0,0.0,0.0,0.0,0.0,0.0,0.0,0.0,0.0,0.0,0,-107875648.0,69,0.0,138,0.0,2.6474720257151824e+23,0,26215,17085,39322,17099,52429,17079,0,0,0,70,68,100,0.0,82.4,-107615448.0,77.8,-0.0,78.5,1,49,50,180,13107,0,0,0,0.0,0.0,0.0,0.0,-0.0,67.0,0.0,162057.094,0.0,971,0,995,0,0,0,947,0,1018,0,919,0,788,0,779,0,821,0,7520,0.032,4.121694378969478e+19,0.0,0.0,784,16797,-0.0,162057.094,-114818.039,-0.0,0.133,6.909358625270745e+28,30.0,70.0,35,0.0,0.0,0.0,0.0,0.0,0.0,0.0,0.0,0.0,0.0,0.0,0.0,0.0,0.0,0.0,0.0,66.4,0,150,71,51,65476,0,300,0,0,8,20529,65476,0,0,44564,70.0,0.0,0.0,0.0,0.0,0.0
2026-09-10T21:43:59,ERR,ERR,ERR,ERR,ERR,ERR,ERR,ERR,ERR,ERR,ERR,ERR,ERR,ERR,ERR,ERR,ERR,ERR,ERR,ERR,ERR,ERR,ERR,ERR,ERR,ERR,ERR,ERR,ERR,ERR,ERR,ERR,ERR,ERR,ERR,ERR,ERR,ERR,ERR,ERR,ERR,ERR,ERR,ERR,ERR,ERR,ERR,ERR,ERR,ERR,ERR,ERR,ERR,ERR,ERR,ERR,ERR,ERR,ERR,ERR,ERR,ERR,ERR,ERR,ERR,ERR,ERR,ERR,ERR,ERR,ERR,ERR,ERR,ERR,ERR,ERR,ERR,ERR,ERR,ERR,ERR,ERR,ERR,ERR,ERR,ERR,ERR,ERR,ERR,ERR,ERR,ERR,ERR,ERR,ERR,ERR,ERR,ERR,ERR,ERR,ERR,ERR,ERR,ERR,ERR,ERR,ERR,ERR,ERR,ERR,ERR,ERR,ERR,ERR,ERR,ERR,ERR,ERR,ERR,ERR,ERR,ERR,ERR,ERR,ERR,0.0,0.0,0.0,0.0,0.0,1.3936040501711995e+18,7.805,0.0,0,0,4,0,7116,0.0,100,0.0,0.0,0.0,0.0,0.0,0,0,0,0,0.0,0,0,0,0,0,0,0,0,0,0,0,0,0,0,0,0,0,0,0,0,0,0,0,0,0,0,0,0,0,0,0,0,0,31,40,40,71,65476,0,300,0,0,8,21553,0.0,-107605600.0,0.0,0.0,0.0,0.0,0.0,0.0,0.0,0.0,0.0,0.0,0.0,0.0,0.0,0.0,0.0,0.0,0.0,0.0,0.0,0.0,-2.004,0.0,-0.0,2.004,0.0,0.0,0.0,0.0,4522.0,0.0,6912.0,0.0,0.0,-107615168.0,-107615304.0,0.0,0.0,0.0,0.0,69,-71.63,5.84804776034314e+35,0.0,0.0,0.0,0.0,0.0,0.0,0.0,0,0,0,0.0,0.0,0.0,0.0,0.0,0.0,0.0,0.0,0.0,0.0,0.0,0.0,0.0,0.0,0.0,0.0,0,-107875648.0,69,0.0,138,0.0,2.6474720257151824e+23,0,26215,17085,39322,17099,52429,17079,0,0,0,70,68,100,0.0,82.4,-107615448.0,77.8,-0.0,78.5,1,49,50,180,13107,0,0,0,0.0,0.0,0.0,0.0,-0.0,67.0,0.0,162057.094,0.0,971,0,995,0,0,0,947,0,1018,0,919,0,788,0,779,0,821,0,7520,0.032,4.121694378969478e+19,0.0,0.0,784,16797,-0.0,162057.094,-114818.039,-0.0,0.133,6.909358625270745e+28,30.0,70.0,35,0.0,0.0,0.0,0.0,0.0,0.0,0.0,0.0,0.0,0.0,0.0,0.0,0.0,0.0,0.0,0.0,66.8,0,150,71,51,65476,0,300,0,0,8,20529,65476,0,0,44564,70.0,0.0,0.0,0.0,0.0,0.0
2026-09-10T21:44:00,ERR,ERR,ERR,ERR,ERR,ERR,ERR,ERR,ERR,ERR,ERR,ERR,ERR,ERR,ERR,ERR,ERR,ERR,ERR,ERR,ERR,ERR,ERR,ERR,ERR,ERR,ERR,ERR,ERR,ERR,ERR,ERR,ERR,ERR,ERR,ERR,ERR,ERR,ERR,ERR,ERR,ERR,ERR,ERR,ERR,ERR,ERR,ERR,ERR,ERR,ERR,ERR,ERR,ERR,ERR,ERR,ERR,ERR,ERR,ERR,ERR,ERR,ERR,ERR,ERR,ERR,ERR,ERR,ERR,ERR,ERR,ERR,ERR,ERR,ERR,ERR,ERR,ERR,ERR,ERR,ERR,ERR,ERR,ERR,ERR,ERR,ERR,ERR,ERR,ERR,ERR,ERR,ERR,ERR,ERR,ERR,ERR,ERR,ERR,ERR,ERR,ERR,ERR,ERR,ERR,ERR,ERR,ERR,ERR,ERR,ERR,ERR,ERR,ERR,ERR,ERR,ERR,ERR,ERR,ERR,ERR,ERR,ERR,ERR,ERR,0.0,0.0,0.0,0.0,0.0,1.3936040501711995e+18,7.805,0.0,0,0,4,0,7116,0.0,100,0.0,0.0,0.0,0.0,0.0,0,0,0,0,0.0,0,0,0,0,0,0,0,0,0,0,0,0,0,0,0,0,0,0,0,0,0,0,0,0,0,0,0,0,0,0,0,0,0,31,40,40,71,65476,0,300,0,0,8,21553,0.0,-107605600.0,0.0,0.0,0.0,0.0,0.0,0.0,0.0,0.0,0.0,0.0,0.0,0.0,0.0,0.0,0.0,0.0,0.0,0.0,0.0,0.0,-2.004,0.0,-0.0,2.004,0.0,0.0,0.0,0.0,4522.0,0.0,6912.0,0.0,0.0,-107615168.0,-107615304.0,0.0,0.0,0.0,0.0,69,-71.63,5.84804776034314e+35,0.0,0.0,0.0,0.0,0.0,0.0,0.0,0,0,0,0.0,0.0,0.0,0.0,0.0,0.0,0.0,0.0,0.0,0.0,0.0,0.0,0.0,0.0,0.0,0.0,0,-107875648.0,69,0.0,138,0.0,2.6474720257151824e+23,0,26215,17085,39322,17099,52429,17079,0,0,0,70,68,100,0.0,82.4,-107615448.0,77.8,-0.0,78.5,1,49,50,180,13107,0,0,0,0.0,0.0,0.0,0.0,-0.0,67.0,0.0,162057.094,0.0,971,0,995,0,0,0,947,0,1018,0,919,0,789,0,778,0,821,0,7520,0.032,4.121694378969478e+19,0.0,0.0,784,16797,-0.0,162057.094,-114818.039,-0.0,0.133,6.909358625270745e+28,30.0,70.0,35,0.0,0.0,0.0,0.0,0.0,0.0,0.0,0.0,0.0,0.0,0.0,0.0,0.0,0.0,0.0,0.0,66.8,0,150,71,51,65476,0,300,0,0,8,20529,65476,0,0,44564,70.0,0.0,0.0,0.0,0.0,0.0
2026-09-10T21:44:01,ERR,ERR,ERR,ERR,ERR,ERR,ERR,ERR,ERR,ERR,ERR,ERR,ERR,ERR,ERR,ERR,ERR,ERR,ERR,ERR,ERR,ERR,ERR,ERR,ERR,ERR,ERR,ERR,ERR,ERR,ERR,ERR,ERR,ERR,ERR,ERR,ERR,ERR,ERR,ERR,ERR,ERR,ERR,ERR,ERR,ERR,ERR,ERR,ERR,ERR,ERR,ERR,ERR,ERR,ERR,ERR,ERR,ERR,ERR,ERR,ERR,ERR,ERR,ERR,ERR,ERR,ERR,ERR,ERR,ERR,ERR,ERR,ERR,ERR,ERR,ERR,ERR,ERR,ERR,ERR,ERR,ERR,ERR,ERR,ERR,ERR,ERR,ERR,ERR,ERR,ERR,ERR,ERR,ERR,ERR,ERR,ERR,ERR,ERR,ERR,ERR,ERR,ERR,ERR,ERR,ERR,ERR,ERR,ERR,ERR,ERR,ERR,ERR,ERR,ERR,ERR,ERR,ERR,ERR,ERR,ERR,ERR,ERR,ERR,ERR,0.0,0.0,0.0,0.0,0.0,1.3936040501711995e+18,7.805,0.0,0,0,4,0,7116,0.0,100,0.0,0.0,0.0,0.0,0.0,0,0,0,0,0.0,0,0,0,0,0,0,0,0,0,0,0,0,0,0,0,0,0,0,0,0,0,0,0,0,0,0,0,0,0,0,0,0,0,31,40,40,71,65476,0,300,0,0,8,21553,0.0,-107605600.0,0.0,0.0,0.0,0.0,0.0,0.0,0.0,0.0,0.0,0.0,0.0,0.0,0.0,0.0,0.0,0.0,0.0,0.0,0.0,0.0,-2.004,0.0,-0.0,2.004,0.0,0.0,0.0,0.0,4522.0,0.0,6912.0,0.0,0.0,-107615168.0,-107615304.0,0.0,0.0,0.0,0.0,69,-71.63,5.84804776034314e+35,0.0,0.0,0.0,0.0,0.0,0.0,0.0,0,0,0,0.0,0.0,0.0,0.0,0.0,0.0,0.0,0.0,0.0,0.0,0.0,0.0,0.0,0.0,0.0,0.0,0,-107875648.0,69,0.0,138,0.0,2.6474720257151824e+23,0,26215,17085,39322,17099,52429,17079,0,0,0,70,68,100,0.0,82.4,-107615448.0,77.8,-0.0,78.5,1,49,50,180,13107,0,0,0,0.0,0.0,0.0,0.0,-0.0,67.0,0.0,162057.094,0.0,971,0,995,0,0,0,947,0,1018,0,919,0,789,0,778,0,821,0,7520,0.032,4.121694378969478e+19,0.0,0.0,784,16797,-0.0,162057.094,-114818.039,-0.0,0.133,6.909358625270745e+28,30.0,70.0,35,0.0,0.0,0.0,0.0,0.0,0.0,0.0,0.0,0.0,0.0,0.0,0.0,0.0,0.0,0.0,0.0,66.8,0,150,71,51,65476,0,300,0,0,8,20529,65476,0,0,44564,70.0,0.0,0.0,0.0,0.0,0.0
2026-09-10T21:44:02,ERR,ERR,ERR,ERR,ERR,ERR,ERR,ERR,ERR,ERR,ERR,ERR,ERR,ERR,ERR,ERR,ERR,ERR,ERR,ERR,ERR,ERR,ERR,ERR,ERR,ERR,ERR,ERR,ERR,ERR,ERR,ERR,ERR,ERR,ERR,ERR,ERR,ERR,ERR,ERR,ERR,ERR,ERR,ERR,ERR,ERR,ERR,ERR,ERR,ERR,ERR,ERR,ERR,ERR,ERR,ERR,ERR,ERR,ERR,ERR,ERR,ERR,ERR,ERR,ERR,ERR,ERR,ERR,ERR,ERR,ERR,ERR,ERR,ERR,ERR,ERR,ERR,ERR,ERR,ERR,ERR,ERR,ERR,ERR,ERR,ERR,ERR,ERR,ERR,ERR,ERR,ERR,ERR,ERR,ERR,ERR,ERR,ERR,ERR,ERR,ERR,ERR,ERR,ERR,ERR,ERR,ERR,ERR,ERR,ERR,ERR,ERR,ERR,ERR,ERR,ERR,ERR,ERR,ERR,ERR,ERR,ERR,ERR,ERR,ERR,0.0,0.0,0.0,0.0,0.0,1.3936040501711995e+18,7.805,0.0,0,0,4,0,7116,0.0,100,0.0,0.0,0.0,0.0,0.0,0,0,0,0,0.0,0,0,0,0,0,0,0,0,0,0,0,0,0,0,0,0,0,0,0,0,0,0,0,0,0,0,0,0,0,0,0,0,0,31,40,40,71,65476,0,300,0,0,8,21553,0.0,-107605600.0,0.0,0.0,0.0,0.0,0.0,0.0,0.0,0.0,0.0,0.0,0.0,0.0,0.0,0.0,0.0,0.0,0.0,0.0,0.0,0.0,-2.004,0.0,-0.0,2.004,0.0,0.0,0.0,0.0,4522.0,0.0,6912.0,0.0,0.0,-107615168.0,-107615304.0,0.0,0.0,0.0,0.0,69,-71.63,5.84804776034314e+35,0.0,0.0,0.0,0.0,0.0,0.0,0.0,0,0,0,0.0,0.0,0.0,0.0,0.0,0.0,0.0,0.0,0.0,0.0,0.0,0.0,0.0,0.0,0.0,0.0,0,-107875648.0,69,0.0,138,0.0,2.6474720257151824e+23,0,26215,17085,39322,17099,52429,17079,0,0,0,70,68,100,0.0,82.4,-107615448.0,77.8,-0.0,78.5,1,49,50,180,13107,0,0,0,0.0,0.0,0.0,0.0,-0.0,67.0,0.0,162057.094,0.0,971,0,995,0,0,0,947,0,1018,0,919,0,789,0,778,0,821,0,7520,0.032,4.121694378969478e+19,0.0,0.0,784,16797,-0.0,162057.094,-114818.039,-0.0,0.133,6.909358625270745e+28,30.0,70.0,35,0.0,0.0,0.0,0.0,0.0,0.0,0.0,0.0,0.0,0.0,0.0,0.0,0.0,0.0,0.0,0.0,66.4,0,150,71,51,65476,0,300,0,0,8,20529,65476,0,0,44564,70.0,0.0,0.0,0.0,0.0,0.0
2026-09-10T21:44:03,ERR,ERR,ERR,ERR,ERR,ERR,ERR,ERR,ERR,ERR,ERR,ERR,ERR,ERR,ERR,ERR,ERR,ERR,ERR,ERR,ERR,ERR,ERR,ERR,ERR,ERR,ERR,ERR,ERR,ERR,ERR,ERR,ERR,ERR,ERR,ERR,ERR,ERR,ERR,ERR,ERR,ERR,ERR,ERR,ERR,ERR,ERR,ERR,ERR,ERR,ERR,ERR,ERR,ERR,ERR,ERR,ERR,ERR,ERR,ERR,ERR,ERR,ERR,ERR,ERR,ERR,ERR,ERR,ERR,ERR,ERR,ERR,ERR,ERR,ERR,ERR,ERR,ERR,ERR,ERR,ERR,ERR,ERR,ERR,ERR,ERR,ERR,ERR,ERR,ERR,ERR,ERR,ERR,ERR,ERR,ERR,ERR,ERR,ERR,ERR,ERR,ERR,ERR,ERR,ERR,ERR,ERR,ERR,ERR,ERR,ERR,ERR,ERR,ERR,ERR,ERR,ERR,ERR,ERR,ERR,ERR,ERR,ERR,ERR,ERR,0.0,0.0,0.0,0.0,0.0,1.3936040501711995e+18,7.805,0.0,0,0,4,0,7116,0.0,100,0.0,0.0,0.0,0.0,0.0,0,0,0,0,0.0,0,0,0,0,0,0,0,0,0,0,0,0,0,0,0,0,0,0,0,0,0,0,0,0,0,0,0,0,0,0,0,0,0,31,40,40,71,65476,0,300,0,0,8,21553,0.0,-107605600.0,0.0,0.0,0.0,0.0,0.0,0.0,0.0,0.0,0.0,0.0,0.0,0.0,0.0,0.0,0.0,0.0,0.0,0.0,0.0,0.0,-2.004,0.0,-0.0,2.004,0.0,0.0,0.0,0.0,4522.0,0.0,6912.0,0.0,0.0,-107615168.0,-107615304.0,0.0,0.0,0.0,0.0,69,-71.63,5.84804776034314e+35,0.0,0.0,0.0,0.0,0.0,0.0,0.0,0,0,0,0.0,0.0,0.0,0.0,0.0,0.0,0.0,0.0,0.0,0.0,0.0,0.0,0.0,0.0,0.0,0.0,0,-107875648.0,69,0.0,138,0.0,2.6474720257151824e+23,0,26215,17085,39322,17099,52429,17079,0,0,0,70,68,100,0.0,82.4,-107615448.0,77.8,-0.0,78.5,1,49,50,180,13107,0,0,0,0.0,0.0,0.0,0.0,-0.0,67.0,0.0,162057.094,0.0,971,0,995,0,0,0,947,0,1018,0,919,0,789,0,778,0,821,0,7520,0.032,4.121694378969478e+19,0.0,0.0,784,16797,-0.0,162057.094,-114818.039,-0.0,0.133,6.909358625270745e+28,30.0,70.0,35,0.0,0.0,0.0,0.0,0.0,0.0,0.0,0.0,0.0,0.0,0.0,0.0,0.0,0.0,0.0,0.0,66.4,0,150,71,51,65476,0,300,0,0,8,20529,65476,0,0,44564,70.0,0.0,0.0,0.0,0.0,0.0
2026-09-10T21:44:04,ERR,ERR,ERR,ERR,ERR,ERR,ERR,ERR,ERR,ERR,ERR,ERR,ERR,ERR,ERR,ERR,ERR,ERR,ERR,ERR,ERR,ERR,ERR,ERR,ERR,ERR,ERR,ERR,ERR,ERR,ERR,ERR,ERR,ERR,ERR,ERR,ERR,ERR,ERR,ERR,ERR,ERR,ERR,ERR,ERR,ERR,ERR,ERR,ERR,ERR,ERR,ERR,ERR,ERR,ERR,ERR,ERR,ERR,ERR,ERR,ERR,ERR,ERR,ERR,ERR,ERR,ERR,ERR,ERR,ERR,ERR,ERR,ERR,ERR,ERR,ERR,ERR,ERR,ERR,ERR,ERR,ERR,ERR,ERR,ERR,ERR,ERR,ERR,ERR,ERR,ERR,ERR,ERR,ERR,ERR,ERR,ERR,ERR,ERR,ERR,ERR,ERR,ERR,ERR,ERR,ERR,ERR,ERR,ERR,ERR,ERR,ERR,ERR,ERR,ERR,ERR,ERR,ERR,ERR,ERR,ERR,ERR,ERR,ERR,ERR,0.0,0.0,0.0,0.0,0.0,1.3936040501711995e+18,7.805,0.0,0,0,4,0,7116,0.0,100,0.0,0.0,0.0,0.0,0.0,0,0,0,0,0.0,0,0,0,0,0,0,0,0,0,0,0,0,0,0,0,0,0,0,0,0,0,0,0,0,0,0,0,0,0,0,0,0,0,31,40,40,71,65476,0,300,0,0,8,21553,0.0,-107605600.0,0.0,0.0,0.0,0.0,0.0,0.0,0.0,0.0,0.0,0.0,0.0,0.0,0.0,0.0,0.0,0.0,0.0,0.0,0.0,0.0,-2.004,0.0,-0.0,2.004,0.0,0.0,0.0,0.0,4522.0,0.0,6912.0,0.0,0.0,-107615168.0,-107615304.0,0.0,0.0,0.0,0.0,69,-71.63,5.84804776034314e+35,0.0,0.0,0.0,0.0,0.0,0.0,0.0,0,0,0,0.0,0.0,0.0,0.0,0.0,0.0,0.0,0.0,0.0,0.0,0.0,0.0,0.0,0.0,0.0,0.0,0,-107875648.0,69,0.0,138,0.0,2.6474720257151824e+23,0,26215,17085,39322,17099,52429,17079,0,0,0,70,68,100,0.0,82.4,-107615448.0,77.8,-0.0,78.5,1,49,50,180,13107,0,0,0,0.0,0.0,0.0,0.0,-0.0,67.0,0.0,162057.094,0.0,971,0,995,0,0,0,947,0,1018,0,919,0,789,0,778,0,821,0,7520,0.032,4.121694378969478e+19,0.0,0.0,784,16797,-0.0,162057.094,-114818.039,-0.0,0.133,6.909358625270745e+28,30.0,70.0,35,0.0,0.0,0.0,0.0,0.0,0.0,0.0,0.0,0.0,0.0,0.0,0.0,0.0,0.0,0.0,0.0,66.4,0,150,71,51,65476,0,300,0,0,8,20529,65476,0,0,44564,70.0,0.0,0.0,0.0,0.0,0.0
2026-09-10T21:44:05,ERR,ERR,ERR,ERR,ERR,ERR,ERR,ERR,ERR,ERR,ERR,ERR,ERR,ERR,ERR,ERR,ERR,ERR,ERR,ERR,ERR,ERR,ERR,ERR,ERR,ERR,ERR,ERR,ERR,ERR,ERR,ERR,ERR,ERR,ERR,ERR,ERR,ERR,ERR,ERR,ERR,ERR,ERR,ERR,ERR,ERR,ERR,ERR,ERR,ERR,ERR,ERR,ERR,ERR,ERR,ERR,ERR,ERR,ERR,ERR,ERR,ERR,ERR,ERR,ERR,ERR,ERR,ERR,ERR,ERR,ERR,ERR,ERR,ERR,ERR,ERR,ERR,ERR,ERR,ERR,ERR,ERR,ERR,ERR,ERR,ERR,ERR,ERR,ERR,ERR,ERR,ERR,ERR,ERR,ERR,ERR,ERR,ERR,ERR,ERR,ERR,ERR,ERR,ERR,ERR,ERR,ERR,ERR,ERR,ERR,ERR,ERR,ERR,ERR,ERR,ERR,ERR,ERR,ERR,ERR,ERR,ERR,ERR,ERR,ERR,0.0,0.0,0.0,0.0,0.0,1.3936040501711995e+18,7.805,0.0,0,0,4,0,7116,0.0,100,0.0,0.0,0.0,0.0,0.0,0,0,0,0,0.0,0,0,0,0,0,0,0,0,0,0,0,0,0,0,0,0,0,0,0,0,0,0,0,0,0,0,0,0,0,0,0,0,0,31,40,40,71,65476,0,300,0,0,8,21553,0.0,-107605600.0,0.0,0.0,0.0,0.0,0.0,0.0,0.0,0.0,0.0,0.0,0.0,0.0,0.0,0.0,0.0,0.0,0.0,0.0,0.0,0.0,-2.004,0.0,-0.0,2.004,0.0,0.0,0.0,0.0,4522.0,0.0,6912.0,0.0,0.0,-107615168.0,-107615304.0,0.0,0.0,0.0,0.0,69,-71.63,5.84804776034314e+35,0.0,0.0,0.0,0.0,0.0,0.0,0.0,0,0,0,0.0,0.0,0.0,0.0,0.0,0.0,0.0,0.0,0.0,0.0,0.0,0.0,0.0,0.0,0.0,0.0,0,-107875648.0,69,0.0,138,0.0,2.6474720257151824e+23,0,26215,17085,39322,17099,52429,17079,0,0,0,70,68,100,0.0,82.4,-107615448.0,77.8,-0.0,78.5,1,49,50,180,13107,0,0,0,0.0,0.0,0.0,0.0,-0.0,67.0,0.0,162057.094,0.0,971,0,995,0,0,0,947,0,1018,0,919,0,789,0,778,0,821,0,7520,0.032,4.121694378969478e+19,0.0,0.0,784,16797,-0.0,162057.094,-114818.039,-0.0,0.133,6.909358625270745e+28,30.0,70.0,35,0.0,0.0,0.0,0.0,0.0,0.0,0.0,0.0,0.0,0.0,0.0,0.0,0.0,0.0,0.0,0.0,66.4,0,150,71,51,65476,0,300,0,0,8,20529,65476,0,0,44564,70.0,0.0,0.0,0.0,0.0,0.0
2026-09-10T21:44:06,ERR,ERR,ERR,ERR,ERR,ERR,ERR,ERR,ERR,ERR,ERR,ERR,ERR,ERR,ERR,ERR,ERR,ERR,ERR,ERR,ERR,ERR,ERR,ERR,ERR,ERR,ERR,ERR,ERR,ERR,ERR,ERR,ERR,ERR,ERR,ERR,ERR,ERR,ERR,ERR,ERR,ERR,ERR,ERR,ERR,ERR,ERR,ERR,ERR,ERR,ERR,ERR,ERR,ERR,ERR,ERR,ERR,ERR,ERR,ERR,ERR,ERR,ERR,ERR,ERR,ERR,ERR,ERR,ERR,ERR,ERR,ERR,ERR,ERR,ERR,ERR,ERR,ERR,ERR,ERR,ERR,ERR,ERR,ERR,ERR,ERR,ERR,ERR,ERR,ERR,ERR,ERR,ERR,ERR,ERR,ERR,ERR,ERR,ERR,ERR,ERR,ERR,ERR,ERR,ERR,ERR,ERR,ERR,ERR,ERR,ERR,ERR,ERR,ERR,ERR,ERR,ERR,ERR,ERR,ERR,ERR,ERR,ERR,ERR,ERR,0.0,0.0,0.0,0.0,0.0,1.3936040501711995e+18,7.805,0.0,0,0,4,0,7116,0.0,100,0.0,0.0,0.0,0.0,0.0,0,0,0,0,0.0,0,0,0,0,0,0,0,0,0,0,0,0,0,0,0,0,0,0,0,0,0,0,0,0,0,0,0,0,0,0,0,0,0,31,40,40,71,65476,0,300,0,0,8,21553,0.0,-107605600.0,0.0,0.0,0.0,0.0,0.0,0.0,0.0,0.0,0.0,0.0,0.0,0.0,0.0,0.0,0.0,0.0,0.0,0.0,0.0,0.0,-2.004,0.0,-0.0,2.004,0.0,0.0,0.0,0.0,4512.0,0.0,6913.0,0.0,0.0,-107615168.0,-107615304.0,0.0,0.0,0.0,0.0,69,-0.0,126840373248.0,0.0,0.0,0.0,0.0,0.0,0.0,0.0,0,0,0,0.0,0.0,0.0,0.0,0.0,0.0,0.0,0.0,0.0,0.0,0.0,0.0,0.0,0.0,0.0,0.0,0,-107875648.0,69,0.0,138,0.0,2.6474720257151824e+23,0,26215,17085,39322,17099,52429,17079,0,0,0,70,68,100,0.0,82.3,-0.0,77.8,-0.0,78.5,1,49,50,180,13107,0,0,0,0.0,0.0,0.0,0.0,-0.0,67.0,0.0,162057.094,0.0,971,0,995,0,0,0,947,0,1018,0,919,0,788,0,778,0,821,0,7520,0.032,4.150517416584649e+19,0.0,0.0,784,16797,-0.0,162057.094,-114818.039,-0.0,0.133,6.909358625270745e+28,30.0,70.0,35,0.0,0.0,0.0,0.0,0.0,0.0,0.0,0.0,0.0,0.0,0.0,0.0,0.0,0.0,0.0,0.0,66.4,0,150,71,51,65476,0,300,0,0,8,20529,65476,0,0,44564,70.0,0.0,0.0,0.0,0.0,0.0
2026-09-10T21:44:07,ERR,ERR,ERR,ERR,ERR,ERR,ERR,ERR,ERR,ERR,ERR,ERR,ERR,ERR,ERR,ERR,ERR,ERR,ERR,ERR,ERR,ERR,ERR,ERR,ERR,ERR,ERR,ERR,ERR,ERR,ERR,ERR,ERR,ERR,ERR,ERR,ERR,ERR,ERR,ERR,ERR,ERR,ERR,ERR,ERR,ERR,ERR,ERR,ERR,ERR,ERR,ERR,ERR,ERR,ERR,ERR,ERR,ERR,ERR,ERR,ERR,ERR,ERR,ERR,ERR,ERR,ERR,ERR,ERR,ERR,ERR,ERR,ERR,ERR,ERR,ERR,ERR,ERR,ERR,ERR,ERR,ERR,ERR,ERR,ERR,ERR,ERR,ERR,ERR,ERR,ERR,ERR,ERR,ERR,ERR,ERR,ERR,ERR,ERR,ERR,ERR,ERR,ERR,ERR,ERR,ERR,ERR,ERR,ERR,ERR,ERR,ERR,ERR,ERR,ERR,ERR,ERR,ERR,ERR,ERR,ERR,ERR,ERR,ERR,ERR,0.0,0.0,0.0,0.0,0.0,1.3936040501711995e+18,7.805,0.0,0,0,4,0,7116,0.0,100,0.0,0.0,0.0,0.0,0.0,0,0,0,0,0.0,0,0,0,0,0,0,0,0,0,0,0,0,0,0,0,0,0,0,0,0,0,0,0,0,0,0,0,0,0,0,0,0,0,31,40,40,71,65476,0,300,0,0,8,21553,0.0,-107605600.0,0.0,0.0,0.0,0.0,0.0,0.0,0.0,0.0,0.0,0.0,0.0,0.0,0.0,0.0,0.0,0.0,0.0,0.0,0.0,0.0,-2.004,0.0,-0.0,2.004,0.0,0.0,0.0,0.0,4512.0,0.0,6913.0,0.0,0.0,-107615168.0,-107615304.0,0.0,0.0,0.0,0.0,69,-0.0,126840373248.0,0.0,0.0,0.0,0.0,0.0,0.0,0.0,0,0,0,0.0,0.0,0.0,0.0,0.0,0.0,0.0,0.0,0.0,0.0,0.0,0.0,0.0,0.0,0.0,0.0,0,-107875648.0,69,0.0,138,0.0,2.6474720257151824e+23,0,26215,17085,39322,17099,52429,17079,0,0,0,70,68,100,0.0,82.3,-0.0,77.8,-0.0,78.5,1,49,50,180,13107,0,0,0,0.0,0.0,0.0,0.0,-0.0,67.0,0.0,162057.094,0.0,971,0,995,0,0,0,947,0,1018,0,919,0,788,0,778,0,821,0,7520,0.032,4.150517416584649e+19,0.0,0.0,784,16797,-0.0,162057.094,-114818.039,-0.0,0.133,6.909358625270745e+28,30.0,70.0,35,0.0,0.0,0.0,0.0,0.0,0.0,0.0,0.0,0.0,0.0,0.0,0.0,0.0,0.0,0.0,0.0,66.4,0,150,71,51,65476,0,300,0,0,8,20529,65476,0,0,44564,70.0,0.0,0.0,0.0,0.0,0.0
2026-09-10T21:44:08,ERR,ERR,ERR,ERR,ERR,ERR,ERR,ERR,ERR,ERR,ERR,ERR,ERR,ERR,ERR,ERR,ERR,ERR,ERR,ERR,ERR,ERR,ERR,ERR,ERR,ERR,ERR,ERR,ERR,ERR,ERR,ERR,ERR,ERR,ERR,ERR,ERR,ERR,ERR,ERR,ERR,ERR,ERR,ERR,ERR,ERR,ERR,ERR,ERR,ERR,ERR,ERR,ERR,ERR,ERR,ERR,ERR,ERR,ERR,ERR,ERR,ERR,ERR,ERR,ERR,ERR,ERR,ERR,ERR,ERR,ERR,ERR,ERR,ERR,ERR,ERR,ERR,ERR,ERR,ERR,ERR,ERR,ERR,ERR,ERR,ERR,ERR,ERR,ERR,ERR,ERR,ERR,ERR,ERR,ERR,ERR,ERR,ERR,ERR,ERR,ERR,ERR,ERR,ERR,ERR,ERR,ERR,ERR,ERR,ERR,ERR,ERR,ERR,ERR,ERR,ERR,ERR,ERR,ERR,ERR,ERR,ERR,ERR,ERR,ERR,0.0,0.0,0.0,0.0,0.0,1.3936040501711995e+18,7.805,0.0,0,0,4,0,7116,0.0,100,0.0,0.0,0.0,0.0,0.0,0,0,0,0,0.0,0,0,0,0,0,0,0,0,0,0,0,0,0,0,0,0,0,0,0,0,0,0,0,0,0,0,0,0,0,0,0,0,0,31,40,40,71,65476,0,300,0,0,8,21553,0.0,-107605600.0,0.0,0.0,0.0,0.0,0.0,0.0,0.0,0.0,0.0,0.0,0.0,0.0,0.0,0.0,0.0,0.0,0.0,0.0,0.0,0.0,-2.004,0.0,-0.0,2.004,0.0,0.0,0.0,0.0,4512.0,0.0,6913.0,0.0,0.0,-107615168.0,-107615304.0,0.0,0.0,0.0,0.0,69,-0.0,126840373248.0,0.0,0.0,0.0,0.0,0.0,0.0,0.0,0,0,0,0.0,0.0,0.0,0.0,0.0,0.0,0.0,0.0,0.0,0.0,0.0,0.0,0.0,0.0,0.0,0.0,0,-107875648.0,69,0.0,138,0.0,2.6474720257151824e+23,0,26215,17085,39322,17099,52429,17079,0,0,0,70,68,100,0.0,82.3,-0.0,77.8,-0.0,78.5,1,49,50,180,13107,0,0,0,0.0,0.0,0.0,0.0,-0.0,67.0,0.0,162057.094,0.0,971,0,995,0,0,0,947,0,1018,0,919,0,788,0,778,0,821,0,7520,0.032,4.150517416584649e+19,0.0,0.0,784,16797,-0.0,162057.094,-114818.039,-0.0,0.133,6.909358625270745e+28,30.0,70.0,35,0.0,0.0,0.0,0.0,0.0,0.0,0.0,0.0,0.0,0.0,0.0,0.0,0.0,0.0,0.0,0.0,66.4,0,150,71,51,65476,0,300,0,0,8,20529,65476,0,0,44564,70.0,0.0,0.0,0.0,0.0,0.0
2026-09-10T21:44:09,ERR,ERR,ERR,ERR,ERR,ERR,ERR,ERR,ERR,ERR,ERR,ERR,ERR,ERR,ERR,ERR,ERR,ERR,ERR,ERR,ERR,ERR,ERR,ERR,ERR,ERR,ERR,ERR,ERR,ERR,ERR,ERR,ERR,ERR,ERR,ERR,ERR,ERR,ERR,ERR,ERR,ERR,ERR,ERR,ERR,ERR,ERR,ERR,ERR,ERR,ERR,ERR,ERR,ERR,ERR,ERR,ERR,ERR,ERR,ERR,ERR,ERR,ERR,ERR,ERR,ERR,ERR,ERR,ERR,ERR,ERR,ERR,ERR,ERR,ERR,ERR,ERR,ERR,ERR,ERR,ERR,ERR,ERR,ERR,ERR,ERR,ERR,ERR,ERR,ERR,ERR,ERR,ERR,ERR,ERR,ERR,ERR,ERR,ERR,ERR,ERR,ERR,ERR,ERR,ERR,ERR,ERR,ERR,ERR,ERR,ERR,ERR,ERR,ERR,ERR,ERR,ERR,ERR,ERR,ERR,ERR,ERR,ERR,ERR,ERR,0.0,0.0,0.0,0.0,0.0,1.3936040501711995e+18,7.805,0.0,0,0,4,0,7116,0.0,100,0.0,0.0,0.0,0.0,0.0,0,0,0,0,0.0,0,0,0,0,0,0,0,0,0,0,0,0,0,0,0,0,0,0,0,0,0,0,0,0,0,0,0,0,0,0,0,0,0,31,40,40,71,65476,0,300,0,0,8,21553,0.0,-107605600.0,0.0,0.0,0.0,0.0,0.0,0.0,0.0,0.0,0.0,0.0,0.0,0.0,0.0,0.0,0.0,0.0,0.0,0.0,0.0,0.0,-2.004,0.0,-0.0,2.004,0.0,0.0,0.0,0.0,4512.0,0.0,6913.0,0.0,0.0,-107615168.0,-107615304.0,0.0,0.0,0.0,0.0,69,-0.0,126840373248.0,0.0,0.0,0.0,0.0,0.0,0.0,0.0,0,0,0,0.0,0.0,0.0,0.0,0.0,0.0,0.0,0.0,0.0,0.0,0.0,0.0,0.0,0.0,0.0,0.0,0,-107875648.0,69,0.0,138,0.0,2.6474720257151824e+23,0,26215,17085,39322,17099,52429,17079,0,0,0,70,68,100,0.0,82.3,-0.0,77.8,-0.0,78.5,1,49,50,180,13107,0,0,0,0.0,0.0,0.0,0.0,-0.0,67.0,0.0,162057.094,0.0,971,0,995,0,0,0,947,0,1018,0,919,0,788,0,778,0,821,0,7520,0.032,4.150517416584649e+19,0.0,0.0,784,16797,-0.0,162057.094,-114818.039,-0.0,0.133,6.909358625270745e+28,30.0,70.0,35,0.0,0.0,0.0,0.0,0.0,0.0,0.0,0.0,0.0,0.0,0.0,0.0,0.0,0.0,0.0,0.0,66.4,0,150,71,51,65476,0,300,0,0,8,20529,65476,0,0,44564,70.0,0.0,0.0,0.0,0.0,0.0
2026-09-10T21:44:10,ERR,ERR,ERR,ERR,ERR,ERR,ERR,ERR,ERR,ERR,ERR,ERR,ERR,ERR,ERR,ERR,ERR,ERR,ERR,ERR,ERR,ERR,ERR,ERR,ERR,ERR,ERR,ERR,ERR,ERR,ERR,ERR,ERR,ERR,ERR,ERR,ERR,ERR,ERR,ERR,ERR,ERR,ERR,ERR,ERR,ERR,ERR,ERR,ERR,ERR,ERR,ERR,ERR,ERR,ERR,ERR,ERR,ERR,ERR,ERR,ERR,ERR,ERR,ERR,ERR,ERR,ERR,ERR,ERR,ERR,ERR,ERR,ERR,ERR,ERR,ERR,ERR,ERR,ERR,ERR,ERR,ERR,ERR,ERR,ERR,ERR,ERR,ERR,ERR,ERR,ERR,ERR,ERR,ERR,ERR,ERR,ERR,ERR,ERR,ERR,ERR,ERR,ERR,ERR,ERR,ERR,ERR,ERR,ERR,ERR,ERR,ERR,ERR,ERR,ERR,ERR,ERR,ERR,ERR,ERR,ERR,ERR,ERR,ERR,ERR,0.0,0.0,0.0,0.0,0.0,1.3936040501711995e+18,7.805,0.0,0,0,4,0,7116,0.0,100,0.0,0.0,0.0,0.0,0.0,0,0,0,0,0.0,0,0,0,0,0,0,0,0,0,0,0,0,0,0,0,0,0,0,0,0,0,0,0,0,0,0,0,0,0,0,0,0,0,31,40,40,71,65476,0,300,0,0,8,21553,0.0,-107605600.0,0.0,0.0,0.0,0.0,0.0,0.0,0.0,0.0,0.0,0.0,0.0,0.0,0.0,0.0,0.0,0.0,0.0,0.0,0.0,0.0,-2.004,0.0,-0.0,2.004,0.0,0.0,0.0,0.0,4512.0,0.0,6913.0,0.0,0.0,-107615168.0,-107615304.0,0.0,0.0,0.0,0.0,69,-0.0,126840373248.0,0.0,0.0,0.0,0.0,0.0,0.0,0.0,0,0,0,0.0,0.0,0.0,0.0,0.0,0.0,0.0,0.0,0.0,0.0,0.0,0.0,0.0,0.0,0.0,0.0,0,-107875648.0,69,0.0,138,0.0,2.6474720257151824e+23,0,26215,17085,39322,17099,52429,17079,0,0,0,70,68,100,0.0,82.3,-107615448.0,77.8,-0.0,78.5,1,49,50,180,13107,0,0,0,0.0,0.0,0.0,0.0,-0.0,67.0,0.0,162057.094,0.0,971,0,995,0,0,0,948,0,1018,0,919,0,788,0,778,0,821,0,7520,0.032,4.121694378969478e+19,0.0,0.0,784,16797,-0.0,162057.094,-114818.039,-0.0,0.133,6.909358625270745e+28,30.0,70.0,35,0.0,0.0,0.0,0.0,0.0,0.0,0.0,0.0,0.0,0.0,0.0,0.0,0.0,0.0,0.0,0.0,66.4,0,150,71,51,65476,0,300,0,0,8,20529,65476,0,0,44564,70.0,0.0,0.0,0.0,0.0,0.0
2026-09-10T21:44:11,ERR,ERR,ERR,ERR,ERR,ERR,ERR,ERR,ERR,ERR,ERR,ERR,ERR,ERR,ERR,ERR,ERR,ERR,ERR,ERR,ERR,ERR,ERR,ERR,ERR,ERR,ERR,ERR,ERR,ERR,ERR,ERR,ERR,ERR,ERR,ERR,ERR,ERR,ERR,ERR,ERR,ERR,ERR,ERR,ERR,ERR,ERR,ERR,ERR,ERR,ERR,ERR,ERR,ERR,ERR,ERR,ERR,ERR,ERR,ERR,ERR,ERR,ERR,ERR,ERR,ERR,ERR,ERR,ERR,ERR,ERR,ERR,ERR,ERR,ERR,ERR,ERR,ERR,ERR,ERR,ERR,ERR,ERR,ERR,ERR,ERR,ERR,ERR,ERR,ERR,ERR,ERR,ERR,ERR,ERR,ERR,ERR,ERR,ERR,ERR,ERR,ERR,ERR,ERR,ERR,ERR,ERR,ERR,ERR,ERR,ERR,ERR,ERR,ERR,ERR,ERR,ERR,ERR,ERR,ERR,ERR,ERR,ERR,ERR,ERR,0.0,0.0,0.0,0.0,0.0,1.3936040501711995e+18,7.805,0.0,0,0,4,0,7116,0.0,100,0.0,0.0,0.0,0.0,0.0,0,0,0,0,0.0,0,0,0,0,0,0,0,0,0,0,0,0,0,0,0,0,0,0,0,0,0,0,0,0,0,0,0,0,0,0,0,0,0,31,40,40,71,65476,0,300,0,0,8,21553,0.0,-107605600.0,0.0,0.0,0.0,0.0,0.0,0.0,0.0,0.0,0.0,0.0,0.0,0.0,0.0,0.0,0.0,0.0,0.0,0.0,0.0,0.0,-2.004,0.0,-0.0,2.004,0.0,0.0,0.0,0.0,4512.0,0.0,6913.0,0.0,0.0,-107615168.0,-107615304.0,0.0,0.0,0.0,0.0,69,-0.0,126840373248.0,0.0,0.0,0.0,0.0,0.0,0.0,0.0,0,0,0,0.0,0.0,0.0,0.0,0.0,0.0,0.0,0.0,0.0,0.0,0.0,0.0,0.0,0.0,0.0,0.0,0,-107875648.0,69,0.0,138,0.0,2.6474720257151824e+23,0,26215,17085,39322,17099,52429,17079,0,0,0,70,68,100,0.0,82.3,-107615448.0,77.8,-0.0,78.5,1,49,50,180,13107,0,0,0,0.0,0.0,0.0,0.0,-0.0,67.0,0.0,162057.094,0.0,971,0,995,0,0,0,948,0,1018,0,919,0,788,0,778,0,821,0,7520,0.032,4.121694378969478e+19,0.0,0.0,784,16797,-0.0,162057.094,-114818.039,-0.0,0.133,6.909358625270745e+28,30.0,70.0,35,0.0,0.0,0.0,0.0,0.0,0.0,0.0,0.0,0.0,0.0,0.0,0.0,0.0,0.0,0.0,0.0,66.4,0,150,71,51,65476,0,300,0,0,8,20529,65476,0,0,44564,70.0,0.0,0.0,0.0,0.0,0.0
2026-09-10T21:44:12,ERR,ERR,ERR,ERR,ERR,ERR,ERR,ERR,ERR,ERR,ERR,ERR,ERR,ERR,ERR,ERR,ERR,ERR,ERR,ERR,ERR,ERR,ERR,ERR,ERR,ERR,ERR,ERR,ERR,ERR,ERR,ERR,ERR,ERR,ERR,ERR,ERR,ERR,ERR,ERR,ERR,ERR,ERR,ERR,ERR,ERR,ERR,ERR,ERR,ERR,ERR,ERR,ERR,ERR,ERR,ERR,ERR,ERR,ERR,ERR,ERR,ERR,ERR,ERR,ERR,ERR,ERR,ERR,ERR,ERR,ERR,ERR,ERR,ERR,ERR,ERR,ERR,ERR,ERR,ERR,ERR,ERR,ERR,ERR,ERR,ERR,ERR,ERR,ERR,ERR,ERR,ERR,ERR,ERR,ERR,ERR,ERR,ERR,ERR,ERR,ERR,ERR,ERR,ERR,ERR,ERR,ERR,ERR,ERR,ERR,ERR,ERR,ERR,ERR,ERR,ERR,ERR,ERR,ERR,ERR,ERR,ERR,ERR,ERR,ERR,0.0,0.0,0.0,0.0,0.0,1.3936040501711995e+18,7.805,0.0,0,0,4,0,7116,0.0,100,0.0,0.0,0.0,0.0,0.0,0,0,0,0,0.0,0,0,0,0,0,0,0,0,0,0,0,0,0,0,0,0,0,0,0,0,0,0,0,0,0,0,0,0,0,0,0,0,0,31,40,40,71,65476,0,300,0,0,8,21553,0.0,-107605600.0,0.0,0.0,0.0,0.0,0.0,0.0,0.0,0.0,0.0,0.0,0.0,0.0,0.0,0.0,0.0,0.0,0.0,0.0,0.0,0.0,-2.004,0.0,-0.0,2.004,0.0,0.0,0.0,0.0,4512.0,0.0,6913.0,0.0,0.0,-107615168.0,-107615304.0,0.0,0.0,0.0,0.0,69,-0.0,126840373248.0,0.0,0.0,0.0,0.0,0.0,0.0,0.0,0,0,0,0.0,0.0,0.0,0.0,0.0,0.0,0.0,0.0,0.0,0.0,0.0,0.0,0.0,0.0,0.0,0.0,0,-107875648.0,69,0.0,138,0.0,2.6474720257151824e+23,0,26215,17085,39322,17099,52429,17079,0,0,0,70,68,100,0.0,82.3,-107615448.0,77.8,-0.0,78.5,1,49,50,180,13107,0,0,0,0.0,0.0,0.0,0.0,-0.0,67.0,0.0,162057.094,0.0,971,0,995,0,0,0,948,0,1018,0,919,0,788,0,778,0,821,0,7520,0.032,4.121694378969478e+19,0.0,0.0,784,16797,-0.0,162057.094,-114818.039,-0.0,0.133,6.909358625270745e+28,30.0,70.0,35,0.0,0.0,0.0,0.0,0.0,0.0,0.0,0.0,0.0,0.0,0.0,0.0,0.0,0.0,0.0,0.0,66.4,0,150,71,51,65476,0,300,0,0,8,20529,65476,0,0,44564,70.0,0.0,0.0,0.0,0.0,0.0
2026-09-10T21:44:13,ERR,ERR,ERR,ERR,ERR,ERR,ERR,ERR,ERR,ERR,ERR,ERR,ERR,ERR,ERR,ERR,ERR,ERR,ERR,ERR,ERR,ERR,ERR,ERR,ERR,ERR,ERR,ERR,ERR,ERR,ERR,ERR,ERR,ERR,ERR,ERR,ERR,ERR,ERR,ERR,ERR,ERR,ERR,ERR,ERR,ERR,ERR,ERR,ERR,ERR,ERR,ERR,ERR,ERR,ERR,ERR,ERR,ERR,ERR,ERR,ERR,ERR,ERR,ERR,ERR,ERR,ERR,ERR,ERR,ERR,ERR,ERR,ERR,ERR,ERR,ERR,ERR,ERR,ERR,ERR,ERR,ERR,ERR,ERR,ERR,ERR,ERR,ERR,ERR,ERR,ERR,ERR,ERR,ERR,ERR,ERR,ERR,ERR,ERR,ERR,ERR,ERR,ERR,ERR,ERR,ERR,ERR,ERR,ERR,ERR,ERR,ERR,ERR,ERR,ERR,ERR,ERR,ERR,ERR,ERR,ERR,ERR,ERR,ERR,ERR,0.0,0.0,0.0,0.0,0.0,1.3936040501711995e+18,7.805,0.0,0,0,4,0,7116,0.0,100,0.0,0.0,0.0,0.0,0.0,0,0,0,0,0.0,0,0,0,0,0,0,0,0,0,0,0,0,0,0,0,0,0,0,0,0,0,0,0,0,0,0,0,0,0,0,0,0,0,31,40,40,71,65476,0,300,0,0,8,21553,0.0,-107605600.0,0.0,0.0,0.0,0.0,0.0,0.0,0.0,0.0,0.0,0.0,0.0,0.0,0.0,0.0,0.0,0.0,0.0,0.0,0.0,0.0,-2.004,0.0,-0.0,2.004,0.0,0.0,0.0,0.0,4524.0,0.0,6914.0,0.0,0.0,-107615168.0,-107615304.0,0.0,0.0,0.0,0.0,69,-0.0,-0.0,0.0,0.0,0.0,0.0,0.0,0.0,0.0,0,0,0,0.0,0.0,0.0,0.0,0.0,0.0,0.0,0.0,0.0,0.0,0.0,0.0,0.0,0.0,0.0,0.0,0,-107875648.0,69,0.0,138,0.0,2.6474720257151824e+23,0,26215,17085,39322,17099,52429,17079,0,0,0,70,68,100,0.0,82.3,-107615448.0,77.8,-0.0,78.5,1,49,50,180,13107,0,0,0,0.0,0.0,0.0,0.0,-0.0,67.0,0.0,162057.094,0.0,971,0,995,0,0,0,948,0,1018,0,919,0,788,0,778,0,821,0,7520,0.032,4.121694378969478e+19,0.0,0.0,784,16797,-0.0,162057.094,-114818.039,-0.0,0.133,6.909358625270745e+28,30.0,70.0,35,0.0,0.0,0.0,0.0,0.0,0.0,0.0,0.0,0.0,0.0,0.0,0.0,0.0,0.0,0.0,0.0,66.4,0,150,71,51,65476,0,300,0,0,8,20529,65476,0,0,44564,70.0,0.0,0.0,0.0,0.0,0.0
2026-09-10T21:44:14,ERR,ERR,ERR,ERR,ERR,ERR,ERR,ERR,ERR,ERR,ERR,ERR,ERR,ERR,ERR,ERR,ERR,ERR,ERR,ERR,ERR,ERR,ERR,ERR,ERR,ERR,ERR,ERR,ERR,ERR,ERR,ERR,ERR,ERR,ERR,ERR,ERR,ERR,ERR,ERR,ERR,ERR,ERR,ERR,ERR,ERR,ERR,ERR,ERR,ERR,ERR,ERR,ERR,ERR,ERR,ERR,ERR,ERR,ERR,ERR,ERR,ERR,ERR,ERR,ERR,ERR,ERR,ERR,ERR,ERR,ERR,ERR,ERR,ERR,ERR,ERR,ERR,ERR,ERR,ERR,ERR,ERR,ERR,ERR,ERR,ERR,ERR,ERR,ERR,ERR,ERR,ERR,ERR,ERR,ERR,ERR,ERR,ERR,ERR,ERR,ERR,ERR,ERR,ERR,ERR,ERR,ERR,ERR,ERR,ERR,ERR,ERR,ERR,ERR,ERR,ERR,ERR,ERR,ERR,ERR,ERR,ERR,ERR,ERR,ERR,0.0,0.0,0.0,0.0,0.0,1.3936040501711995e+18,7.805,0.0,0,0,4,0,7116,0.0,100,0.0,0.0,0.0,0.0,0.0,0,0,0,0,0.0,0,0,0,0,0,0,0,0,0,0,0,0,0,0,0,0,0,0,0,0,0,0,0,0,0,0,0,0,0,0,0,0,0,31,40,40,71,65476,0,300,0,0,8,21553,0.0,-107605600.0,0.0,0.0,0.0,0.0,0.0,0.0,0.0,0.0,0.0,0.0,0.0,0.0,0.0,0.0,0.0,0.0,0.0,0.0,0.0,0.0,-2.004,0.0,-0.0,2.004,0.0,0.0,0.0,0.0,4524.0,0.0,6914.0,0.0,0.0,-107615168.0,-107615304.0,0.0,0.0,0.0,0.0,69,-0.0,-0.0,0.0,0.0,0.0,0.0,0.0,0.0,0.0,0,0,0,0.0,0.0,0.0,0.0,0.0,0.0,0.0,0.0,0.0,0.0,0.0,0.0,0.0,0.0,0.0,0.0,0,-107875648.0,69,0.0,138,0.0,2.6474720257151824e+23,0,26215,17085,39322,17099,52429,17079,0,0,0,70,68,100,0.0,82.3,-107615448.0,77.8,-0.0,78.5,1,49,50,180,13107,0,0,0,0.0,0.0,0.0,0.0,-0.0,67.0,0.0,162057.094,0.0,971,0,995,0,0,0,948,0,1018,0,919,0,788,0,778,0,821,0,7520,0.032,4.121694378969478e+19,0.0,0.0,784,16797,-0.0,162057.094,-114818.039,-0.0,0.133,6.909358625270745e+28,30.0,70.0,35,0.0,0.0,0.0,0.0,0.0,0.0,0.0,0.0,0.0,0.0,0.0,0.0,0.0,0.0,0.0,0.0,66.4,0,150,71,51,65476,0,300,0,0,8,20529,65476,0,0,44564,70.0,0.0,0.0,0.0,0.0,0.0
2026-09-10T21:44:15,ERR,ERR,ERR,ERR,ERR,ERR,ERR,ERR,ERR,ERR,ERR,ERR,ERR,ERR,ERR,ERR,ERR,ERR,ERR,ERR,ERR,ERR,ERR,ERR,ERR,ERR,ERR,ERR,ERR,ERR,ERR,ERR,ERR,ERR,ERR,ERR,ERR,ERR,ERR,ERR,ERR,ERR,ERR,ERR,ERR,ERR,ERR,ERR,ERR,ERR,ERR,ERR,ERR,ERR,ERR,ERR,ERR,ERR,ERR,ERR,ERR,ERR,ERR,ERR,ERR,ERR,ERR,ERR,ERR,ERR,ERR,ERR,ERR,ERR,ERR,ERR,ERR,ERR,ERR,ERR,ERR,ERR,ERR,ERR,ERR,ERR,ERR,ERR,ERR,ERR,ERR,ERR,ERR,ERR,ERR,ERR,ERR,ERR,ERR,ERR,ERR,ERR,ERR,ERR,ERR,ERR,ERR,ERR,ERR,ERR,ERR,ERR,ERR,ERR,ERR,ERR,ERR,ERR,ERR,ERR,ERR,ERR,ERR,ERR,ERR,0.0,0.0,0.0,0.0,0.0,1.3936040501711995e+18,7.805,0.0,0,0,4,0,7116,0.0,100,0.0,0.0,0.0,0.0,0.0,0,0,0,0,0.0,0,0,0,0,0,0,0,0,0,0,0,0,0,0,0,0,0,0,0,0,0,0,0,0,0,0,0,0,0,0,0,0,0,31,40,40,71,65476,0,300,0,0,8,21553,0.0,-107605600.0,0.0,0.0,0.0,0.0,0.0,0.0,0.0,0.0,0.0,0.0,0.0,0.0,0.0,0.0,0.0,0.0,0.0,0.0,0.0,0.0,-2.004,0.0,-0.0,2.004,0.0,0.0,0.0,0.0,4524.0,0.0,6914.0,0.0,0.0,-107615168.0,-107615304.0,0.0,0.0,0.0,0.0,69,-0.0,-0.0,0.0,0.0,0.0,0.0,0.0,0.0,0.0,0,0,0,0.0,0.0,0.0,0.0,0.0,0.0,0.0,0.0,0.0,0.0,0.0,0.0,0.0,0.0,0.0,0.0,0,-107875648.0,69,0.0,138,0.0,2.6474720257151824e+23,0,26215,17085,39322,17099,52429,17079,0,0,0,70,68,100,0.0,82.3,-107615448.0,77.8,-0.0,78.5,1,49,50,180,13107,0,0,0,0.0,0.0,0.0,0.0,-0.0,67.0,0.0,162057.094,0.0,971,0,995,0,0,0,948,0,1018,0,919,0,788,0,778,0,821,0,7520,0.032,4.121694378969478e+19,0.0,0.0,784,16797,-0.0,162057.094,-114818.039,-0.0,0.133,6.909358625270745e+28,30.0,70.0,35,0.0,0.0,0.0,0.0,0.0,0.0,0.0,0.0,0.0,0.0,0.0,0.0,0.0,0.0,0.0,0.0,66.4,0,150,71,51,65476,0,300,0,0,8,20529,65476,0,0,44564,70.0,0.0,0.0,0.0,0.0,0.0
2026-09-10T21:44:16,ERR,ERR,ERR,ERR,ERR,ERR,ERR,ERR,ERR,ERR,ERR,ERR,ERR,ERR,ERR,ERR,ERR,ERR,ERR,ERR,ERR,ERR,ERR,ERR,ERR,ERR,ERR,ERR,ERR,ERR,ERR,ERR,ERR,ERR,ERR,ERR,ERR,ERR,ERR,ERR,ERR,ERR,ERR,ERR,ERR,ERR,ERR,ERR,ERR,ERR,ERR,ERR,ERR,ERR,ERR,ERR,ERR,ERR,ERR,ERR,ERR,ERR,ERR,ERR,ERR,ERR,ERR,ERR,ERR,ERR,ERR,ERR,ERR,ERR,ERR,ERR,ERR,ERR,ERR,ERR,ERR,ERR,ERR,ERR,ERR,ERR,ERR,ERR,ERR,ERR,ERR,ERR,ERR,ERR,ERR,ERR,ERR,ERR,ERR,ERR,ERR,ERR,ERR,ERR,ERR,ERR,ERR,ERR,ERR,ERR,ERR,ERR,ERR,ERR,ERR,ERR,ERR,ERR,ERR,ERR,ERR,ERR,ERR,ERR,ERR,0.0,0.0,0.0,0.0,0.0,1.3936040501711995e+18,7.805,0.0,0,0,4,0,7116,0.0,100,0.0,0.0,0.0,0.0,0.0,0,0,0,0,0.0,0,0,0,0,0,0,0,0,0,0,0,0,0,0,0,0,0,0,0,0,0,0,0,0,0,0,0,0,0,0,0,0,0,31,40,40,71,65476,0,300,0,0,8,21553,0.0,-107605600.0,0.0,0.0,0.0,0.0,0.0,0.0,0.0,0.0,0.0,0.0,0.0,0.0,0.0,0.0,0.0,0.0,0.0,0.0,0.0,0.0,-2.004,0.0,-0.0,2.004,0.0,0.0,0.0,0.0,4524.0,0.0,6914.0,0.0,0.0,-107615168.0,-107615304.0,0.0,0.0,0.0,0.0,69,-0.0,-0.0,0.0,0.0,0.0,0.0,0.0,0.0,0.0,0,0,0,0.0,0.0,0.0,0.0,0.0,0.0,0.0,0.0,0.0,0.0,0.0,0.0,0.0,0.0,0.0,0.0,0,-107875648.0,69,0.0,138,0.0,2.6474720257151824e+23,0,26215,17085,39322,17099,52429,17079,0,0,0,70,68,100,0.0,82.4,-107615448.0,77.8,-0.0,78.5,1,49,50,180,13107,0,0,0,0.0,0.0,0.0,0.0,-0.0,67.0,0.0,162057.094,0.0,971,0,995,0,0,0,947,0,1018,0,919,0,788,0,779,0,821,0,7520,0.032,4.121694378969478e+19,0.0,0.0,784,16797,-0.0,162057.094,-114818.039,-0.0,0.133,6.909358625270745e+28,30.0,70.0,35,0.0,0.0,0.0,0.0,0.0,0.0,0.0,0.0,0.0,0.0,0.0,0.0,0.0,0.0,0.0,0.0,66.4,0,150,71,51,65476,0,300,0,0,8,20529,65476,0,0,44564,70.0,0.0,0.0,0.0,0.0,0.0
2026-09-10T21:44:17,ERR,ERR,ERR,ERR,ERR,ERR,ERR,ERR,ERR,ERR,ERR,ERR,ERR,ERR,ERR,ERR,ERR,ERR,ERR,ERR,ERR,ERR,ERR,ERR,ERR,ERR,ERR,ERR,ERR,ERR,ERR,ERR,ERR,ERR,ERR,ERR,ERR,ERR,ERR,ERR,ERR,ERR,ERR,ERR,ERR,ERR,ERR,ERR,ERR,ERR,ERR,ERR,ERR,ERR,ERR,ERR,ERR,ERR,ERR,ERR,ERR,ERR,ERR,ERR,ERR,ERR,ERR,ERR,ERR,ERR,ERR,ERR,ERR,ERR,ERR,ERR,ERR,ERR,ERR,ERR,ERR,ERR,ERR,ERR,ERR,ERR,ERR,ERR,ERR,ERR,ERR,ERR,ERR,ERR,ERR,ERR,ERR,ERR,ERR,ERR,ERR,ERR,ERR,ERR,ERR,ERR,ERR,ERR,ERR,ERR,ERR,ERR,ERR,ERR,ERR,ERR,ERR,ERR,ERR,ERR,ERR,ERR,ERR,ERR,ERR,0.0,0.0,0.0,0.0,0.0,1.3936040501711995e+18,7.805,0.0,0,0,4,0,7116,0.0,100,0.0,0.0,0.0,0.0,0.0,0,0,0,0,0.0,0,0,0,0,0,0,0,0,0,0,0,0,0,0,0,0,0,0,0,0,0,0,0,0,0,0,0,0,0,0,0,0,0,31,40,40,71,65476,0,300,0,0,8,21553,0.0,-107605600.0,0.0,0.0,0.0,0.0,0.0,0.0,0.0,0.0,0.0,0.0,0.0,0.0,0.0,0.0,0.0,0.0,0.0,0.0,0.0,0.0,-2.004,0.0,-0.0,2.004,0.0,0.0,0.0,0.0,4524.0,0.0,6914.0,0.0,0.0,-107615168.0,-107615304.0,0.0,0.0,0.0,0.0,69,-0.0,-0.0,0.0,0.0,0.0,0.0,0.0,0.0,0.0,0,0,0,0.0,0.0,0.0,0.0,0.0,0.0,0.0,0.0,0.0,0.0,0.0,0.0,0.0,0.0,0.0,0.0,0,-107875648.0,69,0.0,138,0.0,2.6474720257151824e+23,0,26215,17085,39322,17099,52429,17079,0,0,0,70,68,100,0.0,82.4,-107615448.0,77.8,-0.0,78.5,1,49,50,180,13107,0,0,0,0.0,0.0,0.0,0.0,-0.0,67.0,0.0,162057.094,0.0,971,0,995,0,0,0,947,0,1018,0,919,0,788,0,779,0,821,0,7520,0.032,4.121694378969478e+19,0.0,0.0,784,16797,-0.0,162057.094,-114818.039,-0.0,0.133,6.909358625270745e+28,30.0,70.0,35,0.0,0.0,0.0,0.0,0.0,0.0,0.0,0.0,0.0,0.0,0.0,0.0,0.0,0.0,0.0,0.0,66.4,0,150,71,51,65476,0,300,0,0,8,20529,65476,0,0,44564,70.0,0.0,0.0,0.0,0.0,0.0
2026-09-10T21:44:18,ERR,ERR,ERR,ERR,ERR,ERR,ERR,ERR,ERR,ERR,ERR,ERR,ERR,ERR,ERR,ERR,ERR,ERR,ERR,ERR,ERR,ERR,ERR,ERR,ERR,ERR,ERR,ERR,ERR,ERR,ERR,ERR,ERR,ERR,ERR,ERR,ERR,ERR,ERR,ERR,ERR,ERR,ERR,ERR,ERR,ERR,ERR,ERR,ERR,ERR,ERR,ERR,ERR,ERR,ERR,ERR,ERR,ERR,ERR,ERR,ERR,ERR,ERR,ERR,ERR,ERR,ERR,ERR,ERR,ERR,ERR,ERR,ERR,ERR,ERR,ERR,ERR,ERR,ERR,ERR,ERR,ERR,ERR,ERR,ERR,ERR,ERR,ERR,ERR,ERR,ERR,ERR,ERR,ERR,ERR,ERR,ERR,ERR,ERR,ERR,ERR,ERR,ERR,ERR,ERR,ERR,ERR,ERR,ERR,ERR,ERR,ERR,ERR,ERR,ERR,ERR,ERR,ERR,ERR,ERR,ERR,ERR,ERR,ERR,ERR,0.0,0.0,0.0,0.0,0.0,1.3936040501711995e+18,7.805,0.0,0,0,4,0,7116,0.0,100,0.0,0.0,0.0,0.0,0.0,0,0,0,0,0.0,0,0,0,0,0,0,0,0,0,0,0,0,0,0,0,0,0,0,0,0,0,0,0,0,0,0,0,0,0,0,0,0,0,31,40,40,71,65476,0,300,0,0,8,21553,0.0,-107605600.0,0.0,0.0,0.0,0.0,0.0,0.0,0.0,0.0,0.0,0.0,0.0,0.0,0.0,0.0,0.0,0.0,0.0,0.0,0.0,0.0,-2.004,0.0,-0.0,2.004,0.0,0.0,0.0,0.0,4524.0,0.0,6914.0,0.0,0.0,-107615168.0,-107615304.0,0.0,0.0,0.0,0.0,69,-0.0,-0.0,0.0,0.0,0.0,0.0,0.0,0.0,0.0,0,0,0,0.0,0.0,0.0,0.0,0.0,0.0,0.0,0.0,0.0,0.0,0.0,0.0,0.0,0.0,0.0,0.0,0,-107875648.0,69,0.0,138,0.0,2.6474720257151824e+23,0,26215,17085,39322,17099,52429,17079,0,0,0,70,68,100,0.0,82.4,-107615448.0,77.8,-0.0,78.5,1,49,50,180,13107,0,0,0,0.0,0.0,0.0,0.0,-0.0,67.0,0.0,162057.094,0.0,971,0,995,0,0,0,947,0,1018,0,919,0,788,0,779,0,821,0,7520,0.032,4.121694378969478e+19,0.0,0.0,784,16797,-0.0,162057.094,-114818.039,-0.0,0.133,6.909358625270745e+28,30.0,70.0,35,0.0,0.0,0.0,0.0,0.0,0.0,0.0,0.0,0.0,0.0,0.0,0.0,0.0,0.0,0.0,0.0,66.4,0,150,71,51,65476,0,300,0,0,8,20529,65476,0,0,44564,70.0,0.0,0.0,0.0,0.0,0.0
2026-09-10T21:44:19,ERR,ERR,ERR,ERR,ERR,ERR,ERR,ERR,ERR,ERR,ERR,ERR,ERR,ERR,ERR,ERR,ERR,ERR,ERR,ERR,ERR,ERR,ERR,ERR,ERR,ERR,ERR,ERR,ERR,ERR,ERR,ERR,ERR,ERR,ERR,ERR,ERR,ERR,ERR,ERR,ERR,ERR,ERR,ERR,ERR,ERR,ERR,ERR,ERR,ERR,ERR,ERR,ERR,ERR,ERR,ERR,ERR,ERR,ERR,ERR,ERR,ERR,ERR,ERR,ERR,ERR,ERR,ERR,ERR,ERR,ERR,ERR,ERR,ERR,ERR,ERR,ERR,ERR,ERR,ERR,ERR,ERR,ERR,ERR,ERR,ERR,ERR,ERR,ERR,ERR,ERR,ERR,ERR,ERR,ERR,ERR,ERR,ERR,ERR,ERR,ERR,ERR,ERR,ERR,ERR,ERR,ERR,ERR,ERR,ERR,ERR,ERR,ERR,ERR,ERR,ERR,ERR,ERR,ERR,ERR,ERR,ERR,ERR,ERR,ERR,0.0,0.0,0.0,0.0,0.0,1.3936040501711995e+18,7.805,0.0,0,0,4,0,7116,0.0,100,0.0,0.0,0.0,0.0,0.0,0,0,0,0,0.0,0,0,0,0,0,0,0,0,0,0,0,0,0,0,0,0,0,0,0,0,0,0,0,0,0,0,0,0,0,0,0,0,0,31,40,40,71,65476,0,300,0,0,8,21553,0.0,-107605600.0,0.0,0.0,0.0,0.0,0.0,0.0,0.0,0.0,0.0,0.0,0.0,0.0,0.0,0.0,0.0,0.0,0.0,0.0,0.0,0.0,-2.004,0.0,-0.0,2.004,0.0,0.0,0.0,0.0,4524.0,0.0,6914.0,0.0,0.0,-107615168.0,-107615304.0,0.0,0.0,0.0,0.0,69,-0.0,-0.0,0.0,0.0,0.0,0.0,0.0,0.0,0.0,0,0,0,0.0,0.0,0.0,0.0,0.0,0.0,0.0,0.0,0.0,0.0,0.0,0.0,0.0,0.0,0.0,0.0,0,-107875648.0,69,0.0,138,0.0,2.6474720257151824e+23,0,26215,17085,39322,17099,52429,17079,0,0,0,70,68,100,0.0,82.4,-107615448.0,77.8,-0.0,78.5,1,49,50,180,13107,0,0,0,0.0,0.0,0.0,0.0,-0.0,67.0,0.0,162057.094,0.0,971,0,995,0,0,0,947,0,1018,0,919,0,788,0,779,0,821,0,7520,0.032,4.121694378969478e+19,0.0,0.0,784,16797,-0.0,162057.094,-114818.039,-0.0,0.133,6.909358625270745e+28,30.0,70.0,35,0.0,0.0,0.0,0.0,0.0,0.0,0.0,0.0,0.0,0.0,0.0,0.0,0.0,0.0,0.0,0.0,66.8,0,150,71,51,65476,0,300,0,0,8,20529,65476,0,0,44564,70.0,0.0,0.0,0.0,0.0,0.0
2026-09-10T21:44:20,ERR,ERR,ERR,ERR,ERR,ERR,ERR,ERR,ERR,ERR,ERR,ERR,ERR,ERR,ERR,ERR,ERR,ERR,ERR,ERR,ERR,ERR,ERR,ERR,ERR,ERR,ERR,ERR,ERR,ERR,ERR,ERR,ERR,ERR,ERR,ERR,ERR,ERR,ERR,ERR,ERR,ERR,ERR,ERR,ERR,ERR,ERR,ERR,ERR,ERR,ERR,ERR,ERR,ERR,ERR,ERR,ERR,ERR,ERR,ERR,ERR,ERR,ERR,ERR,ERR,ERR,ERR,ERR,ERR,ERR,ERR,ERR,ERR,ERR,ERR,ERR,ERR,ERR,ERR,ERR,ERR,ERR,ERR,ERR,ERR,ERR,ERR,ERR,ERR,ERR,ERR,ERR,ERR,ERR,ERR,ERR,ERR,ERR,ERR,ERR,ERR,ERR,ERR,ERR,ERR,ERR,ERR,ERR,ERR,ERR,ERR,ERR,ERR,ERR,ERR,ERR,ERR,ERR,ERR,ERR,ERR,ERR,ERR,ERR,ERR,0.0,0.0,0.0,0.0,0.0,1.3936040501711995e+18,7.805,0.0,0,0,4,0,7116,0.0,100,0.0,0.0,0.0,0.0,0.0,0,0,0,0,0.0,0,0,0,0,0,0,0,0,0,0,0,0,0,0,0,0,0,0,0,0,0,0,0,0,0,0,0,0,0,0,0,0,0,31,40,40,71,65476,0,300,0,0,8,21553,0.0,-107605600.0,0.0,0.0,0.0,0.0,0.0,0.0,0.0,0.0,0.0,0.0,0.0,0.0,0.0,0.0,0.0,0.0,0.0,0.0,0.0,0.0,-2.004,0.0,-0.0,2.004,0.0,0.0,0.0,0.0,4520.0,0.0,6913.0,0.0,0.0,-107615168.0,-107615304.0,0.0,0.0,0.0,0.0,69,-0.0,-0.0,0.0,0.0,0.0,0.0,0.0,0.0,0.0,0,0,0,0.0,0.0,0.0,0.0,0.0,0.0,0.0,0.0,0.0,0.0,0.0,0.0,0.0,0.0,0.0,0.0,0,-107875648.0,69,0.0,138,0.0,2.6474720257151824e+23,0,26215,17085,39322,17099,52429,17079,0,0,0,70,68,100,0.0,82.3,-0.0,77.8,-0.0,78.5,1,49,50,180,13107,0,0,0,0.0,0.0,0.0,0.0,-0.0,67.0,0.0,162057.094,0.0,971,0,995,0,0,0,947,0,1018,0,919,0,788,0,778,0,821,0,7520,0.032,4.121694378969478e+19,0.0,0.0,784,16797,-0.0,162057.094,-114818.039,-0.0,0.133,6.909358625270745e+28,30.0,70.0,35,0.0,0.0,0.0,0.0,0.0,0.0,0.0,0.0,0.0,0.0,0.0,0.0,0.0,0.0,0.0,0.0,66.8,0,150,71,51,65476,0,300,0,0,8,20529,65476,0,0,44564,70.0,0.0,0.0,0.0,0.0,0.0
2026-09-10T21:44:21,ERR,ERR,ERR,ERR,ERR,ERR,ERR,ERR,ERR,ERR,ERR,ERR,ERR,ERR,ERR,ERR,ERR,ERR,ERR,ERR,ERR,ERR,ERR,ERR,ERR,ERR,ERR,ERR,ERR,ERR,ERR,ERR,ERR,ERR,ERR,ERR,ERR,ERR,ERR,ERR,ERR,ERR,ERR,ERR,ERR,ERR,ERR,ERR,ERR,ERR,ERR,ERR,ERR,ERR,ERR,ERR,ERR,ERR,ERR,ERR,ERR,ERR,ERR,ERR,ERR,ERR,ERR,ERR,ERR,ERR,ERR,ERR,ERR,ERR,ERR,ERR,ERR,ERR,ERR,ERR,ERR,ERR,ERR,ERR,ERR,ERR,ERR,ERR,ERR,ERR,ERR,ERR,ERR,ERR,ERR,ERR,ERR,ERR,ERR,ERR,ERR,ERR,ERR,ERR,ERR,ERR,ERR,ERR,ERR,ERR,ERR,ERR,ERR,ERR,ERR,ERR,ERR,ERR,ERR,ERR,ERR,ERR,ERR,ERR,ERR,0.0,0.0,0.0,0.0,0.0,1.3936040501711995e+18,7.805,0.0,0,0,4,0,7116,0.0,100,0.0,0.0,0.0,0.0,0.0,0,0,0,0,0.0,0,0,0,0,0,0,0,0,0,0,0,0,0,0,0,0,0,0,0,0,0,0,0,0,0,0,0,0,0,0,0,0,0,31,40,40,71,65476,0,300,0,0,8,21553,0.0,-107605600.0,0.0,0.0,0.0,0.0,0.0,0.0,0.0,0.0,0.0,0.0,0.0,0.0,0.0,0.0,0.0,0.0,0.0,0.0,0.0,0.0,-2.004,0.0,-0.0,2.004,0.0,0.0,0.0,0.0,4520.0,0.0,6913.0,0.0,0.0,-107615168.0,-107615304.0,0.0,0.0,0.0,0.0,69,-0.0,-0.0,0.0,0.0,0.0,0.0,0.0,0.0,0.0,0,0,0,0.0,0.0,0.0,0.0,0.0,0.0,0.0,0.0,0.0,0.0,0.0,0.0,0.0,0.0,0.0,0.0,0,-107875648.0,69,0.0,138,0.0,2.6474720257151824e+23,0,26215,17085,39322,17099,52429,17079,0,0,0,70,68,100,0.0,82.3,-0.0,77.8,-0.0,78.5,1,49,50,180,13107,0,0,0,0.0,0.0,0.0,0.0,-0.0,67.0,0.0,162057.094,0.0,971,0,995,0,0,0,947,0,1018,0,919,0,788,0,778,0,821,0,7520,0.032,4.121694378969478e+19,0.0,0.0,784,16797,-0.0,162057.094,-114818.039,-0.0,0.133,6.909358625270745e+28,30.0,70.0,35,0.0,0.0,0.0,0.0,0.0,0.0,0.0,0.0,0.0,0.0,0.0,0.0,0.0,0.0,0.0,0.0,66.8,0,150,71,51,65476,0,300,0,0,8,20529,65476,0,0,44564,70.0,0.0,0.0,0.0,0.0,0.0
2026-09-10T21:44:22,ERR,ERR,ERR,ERR,ERR,ERR,ERR,ERR,ERR,ERR,ERR,ERR,ERR,ERR,ERR,ERR,ERR,ERR,ERR,ERR,ERR,ERR,ERR,ERR,ERR,ERR,ERR,ERR,ERR,ERR,ERR,ERR,ERR,ERR,ERR,ERR,ERR,ERR,ERR,ERR,ERR,ERR,ERR,ERR,ERR,ERR,ERR,ERR,ERR,ERR,ERR,ERR,ERR,ERR,ERR,ERR,ERR,ERR,ERR,ERR,ERR,ERR,ERR,ERR,ERR,ERR,ERR,ERR,ERR,ERR,ERR,ERR,ERR,ERR,ERR,ERR,ERR,ERR,ERR,ERR,ERR,ERR,ERR,ERR,ERR,ERR,ERR,ERR,ERR,ERR,ERR,ERR,ERR,ERR,ERR,ERR,ERR,ERR,ERR,ERR,ERR,ERR,ERR,ERR,ERR,ERR,ERR,ERR,ERR,ERR,ERR,ERR,ERR,ERR,ERR,ERR,ERR,ERR,ERR,ERR,ERR,ERR,ERR,ERR,ERR,0.0,0.0,0.0,0.0,0.0,1.3936040501711995e+18,7.805,0.0,0,0,4,0,7116,0.0,100,0.0,0.0,0.0,0.0,0.0,0,0,0,0,0.0,0,0,0,0,0,0,0,0,0,0,0,0,0,0,0,0,0,0,0,0,0,0,0,0,0,0,0,0,0,0,0,0,0,31,40,40,71,65476,0,300,0,0,8,21553,0.0,-107605600.0,0.0,0.0,0.0,0.0,0.0,0.0,0.0,0.0,0.0,0.0,0.0,0.0,0.0,0.0,0.0,0.0,0.0,0.0,0.0,0.0,-2.004,0.0,-0.0,2.004,0.0,0.0,0.0,0.0,4520.0,0.0,6913.0,0.0,0.0,-107615168.0,-107615304.0,0.0,0.0,0.0,0.0,69,-0.0,-0.0,0.0,0.0,0.0,0.0,0.0,0.0,0.0,0,0,0,0.0,0.0,0.0,0.0,0.0,0.0,0.0,0.0,0.0,0.0,0.0,0.0,0.0,0.0,0.0,0.0,0,-107875648.0,69,0.0,138,0.0,2.6474720257151824e+23,0,26215,17085,39322,17099,52429,17079,0,0,0,70,68,100,0.0,82.3,-0.0,77.8,-0.0,78.5,1,49,50,180,13107,0,0,0,0.0,0.0,0.0,0.0,-0.0,67.0,0.0,162057.094,0.0,971,0,995,0,0,0,947,0,1018,0,919,0,788,0,778,0,821,0,7520,0.032,4.121694378969478e+19,0.0,0.0,784,16797,-0.0,162057.094,-114818.039,-0.0,0.133,6.909358625270745e+28,30.0,70.0,35,0.0,0.0,0.0,0.0,0.0,0.0,0.0,0.0,0.0,0.0,0.0,0.0,0.0,0.0,0.0,0.0,66.8,0,150,71,51,65476,0,300,0,0,8,20529,65476,0,0,44564,70.0,0.0,0.0,0.0,0.0,0.0
2026-09-10T21:44:23,ERR,ERR,ERR,ERR,ERR,ERR,ERR,ERR,ERR,ERR,ERR,ERR,ERR,ERR,ERR,ERR,ERR,ERR,ERR,ERR,ERR,ERR,ERR,ERR,ERR,ERR,ERR,ERR,ERR,ERR,ERR,ERR,ERR,ERR,ERR,ERR,ERR,ERR,ERR,ERR,ERR,ERR,ERR,ERR,ERR,ERR,ERR,ERR,ERR,ERR,ERR,ERR,ERR,ERR,ERR,ERR,ERR,ERR,ERR,ERR,ERR,ERR,ERR,ERR,ERR,ERR,ERR,ERR,ERR,ERR,ERR,ERR,ERR,ERR,ERR,ERR,ERR,ERR,ERR,ERR,ERR,ERR,ERR,ERR,ERR,ERR,ERR,ERR,ERR,ERR,ERR,ERR,ERR,ERR,ERR,ERR,ERR,ERR,ERR,ERR,ERR,ERR,ERR,ERR,ERR,ERR,ERR,ERR,ERR,ERR,ERR,ERR,ERR,ERR,ERR,ERR,ERR,ERR,ERR,ERR,ERR,ERR,ERR,ERR,ERR,0.0,0.0,0.0,0.0,0.0,1.3936040501711995e+18,7.805,0.0,0,0,4,0,7116,0.0,100,0.0,0.0,0.0,0.0,0.0,0,0,0,0,0.0,0,0,0,0,0,0,0,0,0,0,0,0,0,0,0,0,0,0,0,0,0,0,0,0,0,0,0,0,0,0,0,0,0,31,40,40,71,65476,0,300,0,0,8,21553,0.0,-107605600.0,0.0,0.0,0.0,0.0,0.0,0.0,0.0,0.0,0.0,0.0,0.0,0.0,0.0,0.0,0.0,0.0,0.0,0.0,0.0,0.0,-2.004,0.0,-0.0,2.004,0.0,0.0,0.0,0.0,4520.0,0.0,6913.0,0.0,0.0,-107615168.0,-107615304.0,0.0,0.0,0.0,0.0,69,-0.0,-0.0,0.0,0.0,0.0,0.0,0.0,0.0,0.0,0,0,0,0.0,0.0,0.0,0.0,0.0,0.0,0.0,0.0,0.0,0.0,0.0,0.0,0.0,0.0,0.0,0.0,0,-107875648.0,69,0.0,138,0.0,2.6474720257151824e+23,0,26215,17085,39322,17099,52429,17079,0,0,0,70,68,100,0.0,82.3,-0.0,77.8,-0.0,78.5,1,49,50,180,13107,0,0,0,0.0,0.0,0.0,0.0,-0.0,67.0,0.0,162057.094,0.0,971,0,995,0,0,0,947,0,1018,0,919,0,788,0,778,0,821,0,7520,0.032,4.121694378969478e+19,0.0,0.0,784,16797,-0.0,162057.094,-114818.039,-0.0,0.133,6.909358625270745e+28,30.0,70.0,35,0.0,0.0,0.0,0.0,0.0,0.0,0.0,0.0,0.0,0.0,0.0,0.0,0.0,0.0,0.0,0.0,66.4,0,150,71,51,65476,0,300,0,0,8,20529,65476,0,0,44564,70.0,0.0,0.0,0.0,0.0,0.0
2026-09-10T21:44:24,ERR,ERR,ERR,ERR,ERR,ERR,ERR,ERR,ERR,ERR,ERR,ERR,ERR,ERR,ERR,ERR,ERR,ERR,ERR,ERR,ERR,ERR,ERR,ERR,ERR,ERR,ERR,ERR,ERR,ERR,ERR,ERR,ERR,ERR,ERR,ERR,ERR,ERR,ERR,ERR,ERR,ERR,ERR,ERR,ERR,ERR,ERR,ERR,ERR,ERR,ERR,ERR,ERR,ERR,ERR,ERR,ERR,ERR,ERR,ERR,ERR,ERR,ERR,ERR,ERR,ERR,ERR,ERR,ERR,ERR,ERR,ERR,ERR,ERR,ERR,ERR,ERR,ERR,ERR,ERR,ERR,ERR,ERR,ERR,ERR,ERR,ERR,ERR,ERR,ERR,ERR,ERR,ERR,ERR,ERR,ERR,ERR,ERR,ERR,ERR,ERR,ERR,ERR,ERR,ERR,ERR,ERR,ERR,ERR,ERR,ERR,ERR,ERR,ERR,ERR,ERR,ERR,ERR,ERR,ERR,ERR,ERR,ERR,ERR,ERR,0.0,0.0,0.0,0.0,0.0,1.3936040501711995e+18,7.805,0.0,0,0,4,0,7116,0.0,100,0.0,0.0,0.0,0.0,0.0,0,0,0,0,0.0,0,0,0,0,0,0,0,0,0,0,0,0,0,0,0,0,0,0,0,0,0,0,0,0,0,0,0,0,0,0,0,0,0,31,40,40,71,65476,0,300,0,0,8,21553,0.0,-107605600.0,0.0,0.0,0.0,0.0,0.0,0.0,0.0,0.0,0.0,0.0,0.0,0.0,0.0,0.0,0.0,0.0,0.0,0.0,0.0,0.0,-2.004,0.0,-0.0,2.004,0.0,0.0,0.0,0.0,4520.0,0.0,6913.0,0.0,0.0,-107615168.0,-107615304.0,0.0,0.0,0.0,0.0,69,-0.0,-0.0,0.0,0.0,0.0,0.0,0.0,0.0,0.0,0,0,0,0.0,0.0,0.0,0.0,0.0,0.0,0.0,0.0,0.0,0.0,0.0,0.0,0.0,0.0,0.0,0.0,0,-107875648.0,69,0.0,138,0.0,2.6474720257151824e+23,0,26215,17085,39322,17099,52429,17079,0,0,0,70,68,100,0.0,82.3,-0.0,77.8,-0.0,78.5,1,49,50,180,13107,0,0,0,0.0,0.0,0.0,0.0,-0.0,67.0,0.0,162057.094,0.0,971,0,995,0,0,0,947,0,1018,0,919,0,788,0,778,0,821,0,7520,0.032,4.121694378969478e+19,0.0,0.0,784,16797,-0.0,162057.094,-114818.039,-0.0,0.133,6.909358625270745e+28,30.0,70.0,35,0.0,0.0,0.0,0.0,0.0,0.0,0.0,0.0,0.0,0.0,0.0,0.0,0.0,0.0,0.0,0.0,66.4,0,150,71,51,65476,0,300,0,0,8,20529,65476,0,0,44564,70.0,0.0,0.0,0.0,0.0,0.0
2026-09-10T21:44:25,ERR,ERR,ERR,ERR,ERR,ERR,ERR,ERR,ERR,ERR,ERR,ERR,ERR,ERR,ERR,ERR,ERR,ERR,ERR,ERR,ERR,ERR,ERR,ERR,ERR,ERR,ERR,ERR,ERR,ERR,ERR,ERR,ERR,ERR,ERR,ERR,ERR,ERR,ERR,ERR,ERR,ERR,ERR,ERR,ERR,ERR,ERR,ERR,ERR,ERR,ERR,ERR,ERR,ERR,ERR,ERR,ERR,ERR,ERR,ERR,ERR,ERR,ERR,ERR,ERR,ERR,ERR,ERR,ERR,ERR,ERR,ERR,ERR,ERR,ERR,ERR,ERR,ERR,ERR,ERR,ERR,ERR,ERR,ERR,ERR,ERR,ERR,ERR,ERR,ERR,ERR,ERR,ERR,ERR,ERR,ERR,ERR,ERR,ERR,ERR,ERR,ERR,ERR,ERR,ERR,ERR,ERR,ERR,ERR,ERR,ERR,ERR,ERR,ERR,ERR,ERR,ERR,ERR,ERR,ERR,ERR,ERR,ERR,ERR,ERR,0.0,0.0,0.0,0.0,0.0,1.3936040501711995e+18,7.805,0.0,0,0,4,0,7116,0.0,100,0.0,0.0,0.0,0.0,0.0,0,0,0,0,0.0,0,0,0,0,0,0,0,0,0,0,0,0,0,0,0,0,0,0,0,0,0,0,0,0,0,0,0,0,0,0,0,0,0,31,40,40,71,65476,0,300,0,0,8,21553,0.0,-107605600.0,0.0,0.0,0.0,0.0,0.0,0.0,0.0,0.0,0.0,0.0,0.0,0.0,0.0,0.0,0.0,0.0,0.0,0.0,0.0,0.0,-2.004,0.0,-0.0,2.004,0.0,0.0,0.0,0.0,4520.0,0.0,6913.0,0.0,0.0,-107615168.0,-107615304.0,0.0,0.0,0.0,0.0,69,-0.0,-0.0,0.0,0.0,0.0,0.0,0.0,0.0,0.0,0,0,0,0.0,0.0,0.0,0.0,0.0,0.0,0.0,0.0,0.0,0.0,0.0,0.0,0.0,0.0,0.0,0.0,0,-107875648.0,69,0.0,138,0.0,2.6474720257151824e+23,0,26215,17085,39322,17099,52429,17079,0,0,0,70,68,100,0.0,82.3,-0.0,77.8,-0.0,78.5,1,49,50,180,13107,0,0,0,0.0,0.0,0.0,0.0,-0.0,67.0,0.0,162057.094,0.0,971,0,995,0,0,0,947,0,1018,0,919,0,788,0,778,0,821,0,7520,0.032,4.121694378969478e+19,0.0,0.0,784,16797,-0.0,162057.094,-114818.039,-0.0,0.133,6.909358625270745e+28,30.0,70.0,35,0.0,0.0,0.0,0.0,0.0,0.0,0.0,0.0,0.0,0.0,0.0,0.0,0.0,0.0,0.0,0.0,66.4,0,150,71,51,65476,0,300,0,0,8,20529,65476,0,0,44564,70.0,0.0,0.0,0.0,0.0,0.0
2026-09-10T21:44:26,ERR,ERR,ERR,ERR,ERR,ERR,ERR,ERR,ERR,ERR,ERR,ERR,ERR,ERR,ERR,ERR,ERR,ERR,ERR,ERR,ERR,ERR,ERR,ERR,ERR,ERR,ERR,ERR,ERR,ERR,ERR,ERR,ERR,ERR,ERR,ERR,ERR,ERR,ERR,ERR,ERR,ERR,ERR,ERR,ERR,ERR,ERR,ERR,ERR,ERR,ERR,ERR,ERR,ERR,ERR,ERR,ERR,ERR,ERR,ERR,ERR,ERR,ERR,ERR,ERR,ERR,ERR,ERR,ERR,ERR,ERR,ERR,ERR,ERR,ERR,ERR,ERR,ERR,ERR,ERR,ERR,ERR,ERR,ERR,ERR,ERR,ERR,ERR,ERR,ERR,ERR,ERR,ERR,ERR,ERR,ERR,ERR,ERR,ERR,ERR,ERR,ERR,ERR,ERR,ERR,ERR,ERR,ERR,ERR,ERR,ERR,ERR,ERR,ERR,ERR,ERR,ERR,ERR,ERR,ERR,ERR,ERR,ERR,ERR,ERR,0.0,0.0,0.0,0.0,0.0,1.3936040501711995e+18,7.805,0.0,0,0,4,0,7116,0.0,100,0.0,0.0,0.0,0.0,0.0,0,0,0,0,0.0,0,0,0,0,0,0,0,0,0,0,0,0,0,0,0,0,0,0,0,0,0,0,0,0,0,0,0,0,0,0,0,0,0,31,40,40,71,65476,0,300,0,0,8,21553,0.0,-107605600.0,0.0,0.0,0.0,0.0,0.0,0.0,0.0,0.0,0.0,0.0,0.0,0.0,0.0,0.0,0.0,0.0,0.0,0.0,0.0,0.0,-2.004,0.0,-0.0,2.004,0.0,0.0,0.0,0.0,4520.0,0.0,6913.0,0.0,0.0,-107615168.0,-107615304.0,0.0,0.0,0.0,0.0,69,-0.0,-0.0,0.0,0.0,0.0,0.0,0.0,0.0,0.0,0,0,0,0.0,0.0,0.0,0.0,0.0,0.0,0.0,0.0,0.0,0.0,0.0,0.0,0.0,0.0,0.0,0.0,0,-107875648.0,69,0.0,138,0.0,2.6474720257151824e+23,0,26215,17085,39322,17099,52429,17079,0,0,0,70,68,100,0.0,82.3,-0.0,77.8,-0.0,78.5,1,49,50,180,26215,0,0,0,0.0,0.0,0.0,0.0,-0.0,67.0,0.0,162057.094,0.0,971,0,995,0,0,0,947,0,1018,0,919,0,788,0,778,0,821,0,7520,0.032,4.121694378969478e+19,ERR,ERR,784,16797,-0.0,162057.094,-114818.039,-0.0,0.133,6.909358625270745e+28,30.0,70.0,35,0.0,0.0,0.0,0.0,0.0,0.0,0.0,0.0,0.0,0.0,0.0,0.0,0.0,0.0,0.0,0.0,66.4,0,150,71,51,65476,0,300,0,0,8,20529,65476,0,0,44564,70.0,0.0,0.0,0.0,0.0,0.0
2026-09-10T21:44:27,ERR,ERR,ERR,ERR,ERR,ERR,ERR,ERR,ERR,ERR,ERR,ERR,ERR,ERR,ERR,ERR,ERR,ERR,ERR,ERR,ERR,ERR,ERR,ERR,ERR,ERR,ERR,ERR,ERR,ERR,ERR,ERR,ERR,ERR,ERR,ERR,ERR,ERR,ERR,ERR,ERR,ERR,ERR,ERR,ERR,ERR,ERR,ERR,ERR,ERR,ERR,ERR,ERR,ERR,ERR,ERR,ERR,ERR,ERR,ERR,ERR,ERR,ERR,ERR,ERR,ERR,ERR,ERR,ERR,ERR,ERR,ERR,ERR,ERR,ERR,ERR,ERR,ERR,ERR,ERR,ERR,ERR,ERR,ERR,ERR,ERR,ERR,ERR,ERR,ERR,ERR,ERR,ERR,ERR,ERR,ERR,ERR,ERR,ERR,ERR,ERR,ERR,ERR,ERR,ERR,ERR,ERR,ERR,ERR,ERR,ERR,ERR,ERR,ERR,ERR,ERR,ERR,ERR,ERR,ERR,ERR,ERR,ERR,ERR,ERR,0.0,0.0,0.0,0.0,0.0,1.3936040501711995e+18,7.805,0.0,0,0,4,0,7116,0.0,100,0.0,0.0,0.0,0.0,0.0,0,0,0,0,0.0,0,0,0,0,0,0,0,0,0,0,0,0,0,0,0,0,0,0,0,0,0,0,0,0,0,0,0,0,0,0,0,0,0,31,40,40,71,65476,0,300,0,0,8,21553,0.0,-107605600.0,0.0,0.0,0.0,0.0,0.0,0.0,0.0,0.0,0.0,0.0,0.0,0.0,0.0,0.0,0.0,0.0,0.0,0.0,0.0,0.0,-2.004,0.0,-0.0,2.004,0.0,0.0,0.0,0.0,4517.0,0.0,6914.0,0.0,0.0,-107615168.0,-107615304.0,0.0,0.0,0.0,0.0,69,-0.0,-0.0,0.0,0.0,0.0,0.0,0.0,0.0,0.0,0,0,0,0.0,0.0,0.0,0.0,0.0,0.0,0.0,0.0,0.0,0.0,0.0,0.0,0.0,0.0,0.0,0.0,0,-107875648.0,69,0.0,138,0.0,2.6474720257151824e+23,0,26215,17085,39322,17099,52429,17079,0,0,0,70,68,100,0.0,82.3,-0.0,77.8,-0.0,78.5,1,49,50,180,26215,0,0,0,0.0,0.0,0.0,0.0,-0.0,67.0,0.0,162057.094,0.0,971,0,995,0,0,0,947,0,1018,0,919,0,788,0,778,0,821,0,7520,0.032,4.121694378969478e+19,ERR,ERR,784,16797,-0.0,162057.094,-114818.039,-0.0,0.133,6.909358625270745e+28,30.0,70.0,35,0.0,0.0,0.0,0.0,0.0,0.0,0.0,0.0,0.0,0.0,0.0,0.0,0.0,0.0,0.0,0.0,66.4,0,150,71,51,65476,0,300,0,0,8,20529,65476,0,0,44564,70.0,0.0,0.0,0.0,0.0,0.0
2026-09-10T21:44:28,ERR,ERR,ERR,ERR,ERR,ERR,ERR,ERR,ERR,ERR,ERR,ERR,ERR,ERR,ERR,ERR,ERR,ERR,ERR,ERR,ERR,ERR,ERR,ERR,ERR,ERR,ERR,ERR,ERR,ERR,ERR,ERR,ERR,ERR,ERR,ERR,ERR,ERR,ERR,ERR,ERR,ERR,ERR,ERR,ERR,ERR,ERR,ERR,ERR,ERR,ERR,ERR,ERR,ERR,ERR,ERR,ERR,ERR,ERR,ERR,ERR,ERR,ERR,ERR,ERR,ERR,ERR,ERR,ERR,ERR,ERR,ERR,ERR,ERR,ERR,ERR,ERR,ERR,ERR,ERR,ERR,ERR,ERR,ERR,ERR,ERR,ERR,ERR,ERR,ERR,ERR,ERR,ERR,ERR,ERR,ERR,ERR,ERR,ERR,ERR,ERR,ERR,ERR,ERR,ERR,ERR,ERR,ERR,ERR,ERR,ERR,ERR,ERR,ERR,ERR,ERR,ERR,ERR,ERR,ERR,ERR,ERR,ERR,ERR,ERR,0.0,0.0,0.0,0.0,0.0,1.3936040501711995e+18,7.805,0.0,0,0,4,0,7116,0.0,100,0.0,0.0,0.0,0.0,0.0,0,0,0,0,0.0,0,0,0,0,0,0,0,0,0,0,0,0,0,0,0,0,0,0,0,0,0,0,0,0,0,0,0,0,0,0,0,0,0,31,40,40,71,65476,0,300,0,0,8,21553,0.0,-107605600.0,0.0,0.0,0.0,0.0,0.0,0.0,0.0,0.0,0.0,0.0,0.0,0.0,0.0,0.0,0.0,0.0,0.0,0.0,0.0,0.0,-2.004,0.0,-0.0,2.004,0.0,0.0,0.0,0.0,4517.0,0.0,6914.0,0.0,0.0,-107615168.0,-107615304.0,0.0,0.0,0.0,0.0,69,-0.0,-0.0,0.0,0.0,0.0,0.0,0.0,0.0,0.0,0,0,0,0.0,0.0,0.0,0.0,0.0,0.0,0.0,0.0,0.0,0.0,0.0,0.0,0.0,0.0,0.0,0.0,0,-107875648.0,69,0.0,138,0.0,2.6474720257151824e+23,0,26215,17085,39322,17099,52429,17079,0,0,0,70,68,100,0.0,82.3,-0.0,77.8,-0.0,78.5,1,49,50,180,26215,0,0,0,0.0,0.0,0.0,0.0,-0.0,67.0,0.0,162057.094,0.0,971,0,995,0,0,0,947,0,1018,0,919,0,788,0,778,0,821,0,7520,0.032,4.121694378969478e+19,ERR,ERR,784,16797,-0.0,162057.094,-114818.039,-0.0,0.133,6.909358625270745e+28,30.0,70.0,35,0.0,0.0,0.0,0.0,0.0,0.0,0.0,0.0,0.0,0.0,0.0,0.0,0.0,0.0,0.0,0.0,66.4,0,150,71,51,65476,0,300,0,0,8,20529,65476,0,0,44564,70.0,0.0,0.0,0.0,0.0,0.0
2026-09-10T21:44:29,ERR,ERR,ERR,ERR,ERR,ERR,ERR,ERR,ERR,ERR,ERR,ERR,ERR,ERR,ERR,ERR,ERR,ERR,ERR,ERR,ERR,ERR,ERR,ERR,ERR,ERR,ERR,ERR,ERR,ERR,ERR,ERR,ERR,ERR,ERR,ERR,ERR,ERR,ERR,ERR,ERR,ERR,ERR,ERR,ERR,ERR,ERR,ERR,ERR,ERR,ERR,ERR,ERR,ERR,ERR,ERR,ERR,ERR,ERR,ERR,ERR,ERR,ERR,ERR,ERR,ERR,ERR,ERR,ERR,ERR,ERR,ERR,ERR,ERR,ERR,ERR,ERR,ERR,ERR,ERR,ERR,ERR,ERR,ERR,ERR,ERR,ERR,ERR,ERR,ERR,ERR,ERR,ERR,ERR,ERR,ERR,ERR,ERR,ERR,ERR,ERR,ERR,ERR,ERR,ERR,ERR,ERR,ERR,ERR,ERR,ERR,ERR,ERR,ERR,ERR,ERR,ERR,ERR,ERR,ERR,ERR,ERR,ERR,ERR,ERR,0.0,0.0,0.0,0.0,0.0,1.3936040501711995e+18,7.805,0.0,0,0,4,0,7116,0.0,100,0.0,0.0,0.0,0.0,0.0,0,0,0,0,0.0,0,0,0,0,0,0,0,0,0,0,0,0,0,0,0,0,0,0,0,0,0,0,0,0,0,0,0,0,0,0,0,0,0,31,40,40,71,65476,0,300,0,0,8,21553,0.0,-107605600.0,0.0,0.0,0.0,0.0,0.0,0.0,0.0,0.0,0.0,0.0,0.0,0.0,0.0,0.0,0.0,0.0,0.0,0.0,0.0,0.0,-2.004,0.0,-0.0,2.004,0.0,0.0,0.0,0.0,4517.0,0.0,6914.0,0.0,0.0,-107615168.0,-107615304.0,0.0,0.0,0.0,0.0,69,-0.0,-0.0,0.0,0.0,0.0,0.0,0.0,0.0,0.0,0,0,0,0.0,0.0,0.0,0.0,0.0,0.0,0.0,0.0,0.0,0.0,0.0,0.0,0.0,0.0,0.0,0.0,0,-107875648.0,69,0.0,138,0.0,2.6474720257151824e+23,0,26215,17085,39322,17099,52429,17079,0,0,0,70,68,100,0.0,82.3,-0.0,77.8,-0.0,78.5,1,49,50,180,26215,0,0,0,0.0,0.0,0.0,0.0,-0.0,67.0,0.0,162057.094,0.0,971,0,995,0,0,0,947,0,1018,0,919,0,788,0,778,0,821,0,7520,0.032,4.121694378969478e+19,ERR,ERR,784,16797,-0.0,162057.094,-114818.039,-0.0,0.133,6.909358625270745e+28,30.0,70.0,35,0.0,0.0,0.0,0.0,0.0,0.0,0.0,0.0,0.0,0.0,0.0,0.0,0.0,0.0,0.0,0.0,66.4,0,150,71,51,65476,0,300,0,0,8,20529,65476,0,0,44564,70.0,0.0,0.0,0.0,0.0,0.0
2026-09-10T21:44:30,ERR,ERR,ERR,ERR,ERR,ERR,ERR,ERR,ERR,ERR,ERR,ERR,ERR,ERR,ERR,ERR,ERR,ERR,ERR,ERR,ERR,ERR,ERR,ERR,ERR,ERR,ERR,ERR,ERR,ERR,ERR,ERR,ERR,ERR,ERR,ERR,ERR,ERR,ERR,ERR,ERR,ERR,ERR,ERR,ERR,ERR,ERR,ERR,ERR,ERR,ERR,ERR,ERR,ERR,ERR,ERR,ERR,ERR,ERR,ERR,ERR,ERR,ERR,ERR,ERR,ERR,ERR,ERR,ERR,ERR,ERR,ERR,ERR,ERR,ERR,ERR,ERR,ERR,ERR,ERR,ERR,ERR,ERR,ERR,ERR,ERR,ERR,ERR,ERR,ERR,ERR,ERR,ERR,ERR,ERR,ERR,ERR,ERR,ERR,ERR,ERR,ERR,ERR,ERR,ERR,ERR,ERR,ERR,ERR,ERR,ERR,ERR,ERR,ERR,ERR,ERR,ERR,ERR,ERR,ERR,ERR,ERR,ERR,ERR,ERR,0.0,0.0,0.0,0.0,0.0,1.3936040501711995e+18,7.805,0.0,0,0,4,0,7116,0.0,100,0.0,0.0,0.0,0.0,0.0,0,0,0,0,0.0,0,0,0,0,0,0,0,0,0,0,0,0,0,0,0,0,0,0,0,0,0,0,0,0,0,0,0,0,0,0,0,0,0,31,40,40,71,65476,0,300,0,0,8,21553,0.0,-107605600.0,0.0,0.0,0.0,0.0,0.0,0.0,0.0,0.0,0.0,0.0,0.0,0.0,0.0,0.0,0.0,0.0,0.0,0.0,0.0,0.0,-2.004,0.0,-0.0,2.004,0.0,0.0,0.0,0.0,4517.0,0.0,6914.0,0.0,0.0,-107615168.0,-107615304.0,0.0,0.0,0.0,0.0,69,-0.0,-0.0,0.0,0.0,0.0,0.0,0.0,0.0,0.0,0,0,0,0.0,0.0,0.0,0.0,0.0,0.0,0.0,0.0,0.0,0.0,0.0,0.0,0.0,0.0,0.0,0.0,0,-107875648.0,69,0.0,138,0.0,2.6474720257151824e+23,0,26215,17085,39322,17099,52429,17079,0,0,0,70,68,100,0.0,82.3,-0.0,77.8,-0.0,78.5,1,49,50,180,26215,0,0,0,0.0,0.0,0.0,0.0,-0.0,67.0,0.0,162057.094,0.0,971,0,995,0,0,0,947,0,1018,0,919,0,788,0,778,0,821,0,7520,0.032,4.121694378969478e+19,ERR,ERR,784,16797,-0.0,162057.094,-114818.039,-0.0,0.133,6.909358625270745e+28,30.0,70.0,35,0.0,0.0,0.0,0.0,0.0,0.0,0.0,0.0,0.0,0.0,0.0,0.0,0.0,0.0,0.0,0.0,66.4,0,150,71,51,65476,0,300,0,0,8,20529,65476,0,0,44564,70.0,0.0,0.0,0.0,0.0,0.0
2026-09-10T21:44:31,ERR,ERR,ERR,ERR,ERR,ERR,ERR,ERR,ERR,ERR,ERR,ERR,ERR,ERR,ERR,ERR,ERR,ERR,ERR,ERR,ERR,ERR,ERR,ERR,ERR,ERR,ERR,ERR,ERR,ERR,ERR,ERR,ERR,ERR,ERR,ERR,ERR,ERR,ERR,ERR,ERR,ERR,ERR,ERR,ERR,ERR,ERR,ERR,ERR,ERR,ERR,ERR,ERR,ERR,ERR,ERR,ERR,ERR,ERR,ERR,ERR,ERR,ERR,ERR,ERR,ERR,ERR,ERR,ERR,ERR,ERR,ERR,ERR,ERR,ERR,ERR,ERR,ERR,ERR,ERR,ERR,ERR,ERR,ERR,ERR,ERR,ERR,ERR,ERR,ERR,ERR,ERR,ERR,ERR,ERR,ERR,ERR,ERR,ERR,ERR,ERR,ERR,ERR,ERR,ERR,ERR,ERR,ERR,ERR,ERR,ERR,ERR,ERR,ERR,ERR,ERR,ERR,ERR,ERR,ERR,ERR,ERR,ERR,ERR,ERR,0.0,0.0,0.0,0.0,0.0,1.3936040501711995e+18,7.805,0.0,0,0,4,0,7116,0.0,100,0.0,0.0,0.0,0.0,0.0,0,0,0,0,0.0,0,0,0,0,0,0,0,0,0,0,0,0,0,0,0,0,0,0,0,0,0,0,0,0,0,0,0,0,0,0,0,0,0,31,40,40,71,65476,0,300,0,0,8,21553,0.0,-107605600.0,0.0,0.0,0.0,0.0,0.0,0.0,0.0,0.0,0.0,0.0,0.0,0.0,0.0,0.0,0.0,0.0,0.0,0.0,0.0,0.0,-2.004,0.0,-0.0,2.004,0.0,0.0,0.0,0.0,4517.0,0.0,6914.0,0.0,0.0,-107615168.0,-107615304.0,0.0,0.0,0.0,0.0,69,-0.0,-0.0,0.0,0.0,0.0,0.0,0.0,0.0,0.0,0,0,0,0.0,0.0,0.0,0.0,0.0,0.0,0.0,0.0,0.0,0.0,0.0,0.0,0.0,0.0,0.0,0.0,0,-107875648.0,69,0.0,138,0.0,2.6474720257151824e+23,0,26215,17085,39322,17099,52429,17079,0,0,0,70,68,100,0.0,82.3,-0.0,77.8,-0.0,78.5,1,49,50,180,26215,0,0,0,0.0,0.0,0.0,0.0,-0.0,67.0,0.0,162057.094,0.0,971,0,995,0,0,0,947,0,1018,0,919,0,788,0,778,0,821,0,7520,0.032,4.121694378969478e+19,ERR,ERR,784,16797,-0.0,162057.094,-114818.039,-0.0,0.133,6.909358625270745e+28,30.0,70.0,35,0.0,0.0,0.0,0.0,0.0,0.0,0.0,0.0,0.0,0.0,0.0,0.0,0.0,0.0,0.0,0.0,66.8,0,150,71,51,65476,0,300,0,0,8,20529,65476,0,0,44564,70.0,0.0,0.0,0.0,0.0,0.0
2026-09-10T21:44:32,ERR,ERR,ERR,ERR,ERR,ERR,ERR,ERR,ERR,ERR,ERR,ERR,ERR,ERR,ERR,ERR,ERR,ERR,ERR,ERR,ERR,ERR,ERR,ERR,ERR,ERR,ERR,ERR,ERR,ERR,ERR,ERR,ERR,ERR,ERR,ERR,ERR,ERR,ERR,ERR,ERR,ERR,ERR,ERR,ERR,ERR,ERR,ERR,ERR,ERR,ERR,ERR,ERR,ERR,ERR,ERR,ERR,ERR,ERR,ERR,ERR,ERR,ERR,ERR,ERR,ERR,ERR,ERR,ERR,ERR,ERR,ERR,ERR,ERR,ERR,ERR,ERR,ERR,ERR,ERR,ERR,ERR,ERR,ERR,ERR,ERR,ERR,ERR,ERR,ERR,ERR,ERR,ERR,ERR,ERR,ERR,ERR,ERR,ERR,ERR,ERR,ERR,ERR,ERR,ERR,ERR,ERR,ERR,ERR,ERR,ERR,ERR,ERR,ERR,ERR,ERR,ERR,ERR,ERR,ERR,ERR,ERR,ERR,ERR,ERR,0.0,0.0,0.0,0.0,0.0,1.3936040501711995e+18,7.805,0.0,0,0,4,0,7116,0.0,100,0.0,0.0,0.0,0.0,0.0,0,0,0,0,0.0,0,0,0,0,0,0,0,0,0,0,0,0,0,0,0,0,0,0,0,0,0,0,0,0,0,0,0,0,0,0,0,0,0,31,40,40,71,65476,0,300,0,0,8,21553,0.0,-107605600.0,0.0,0.0,0.0,0.0,0.0,0.0,0.0,0.0,0.0,0.0,0.0,0.0,0.0,0.0,0.0,0.0,0.0,0.0,0.0,0.0,-2.004,0.0,-0.0,2.004,0.0,0.0,0.0,0.0,4517.0,0.0,6914.0,0.0,0.0,-107615168.0,-107615304.0,0.0,0.0,0.0,0.0,69,-0.0,-0.0,0.0,0.0,0.0,0.0,0.0,0.0,0.0,0,0,0,0.0,0.0,0.0,0.0,0.0,0.0,0.0,0.0,0.0,0.0,0.0,0.0,0.0,0.0,0.0,0.0,0,-107875648.0,69,0.0,138,0.0,2.6474720257151824e+23,0,26215,17085,39322,17099,52429,17079,0,0,0,70,68,100,0.0,82.3,-107615448.0,77.8,-0.0,78.5,1,49,50,180,13107,0,0,0,0.0,0.0,0.0,0.0,-0.0,67.0,0.0,162057.094,0.0,972,0,995,0,0,0,947,0,1018,0,919,0,788,0,778,0,821,0,7520,0.032,4.150517416584649e+19,0.0,0.0,784,16797,-0.0,162057.094,-114818.039,-0.0,0.133,6.909358625270745e+28,30.0,70.0,35,0.0,0.0,0.0,0.0,0.0,0.0,0.0,0.0,0.0,0.0,0.0,0.0,0.0,0.0,0.0,0.0,66.8,0,150,71,51,65476,0,300,0,0,8,20529,65476,0,0,44564,70.0,0.0,0.0,0.0,0.0,0.0
2026-09-10T21:44:33,ERR,ERR,ERR,ERR,ERR,ERR,ERR,ERR,ERR,ERR,ERR,ERR,ERR,ERR,ERR,ERR,ERR,ERR,ERR,ERR,ERR,ERR,ERR,ERR,ERR,ERR,ERR,ERR,ERR,ERR,ERR,ERR,ERR,ERR,ERR,ERR,ERR,ERR,ERR,ERR,ERR,ERR,ERR,ERR,ERR,ERR,ERR,ERR,ERR,ERR,ERR,ERR,ERR,ERR,ERR,ERR,ERR,ERR,ERR,ERR,ERR,ERR,ERR,ERR,ERR,ERR,ERR,ERR,ERR,ERR,ERR,ERR,ERR,ERR,ERR,ERR,ERR,ERR,ERR,ERR,ERR,ERR,ERR,ERR,ERR,ERR,ERR,ERR,ERR,ERR,ERR,ERR,ERR,ERR,ERR,ERR,ERR,ERR,ERR,ERR,ERR,ERR,ERR,ERR,ERR,ERR,ERR,ERR,ERR,ERR,ERR,ERR,ERR,ERR,ERR,ERR,ERR,ERR,ERR,ERR,ERR,ERR,ERR,ERR,ERR,0.0,0.0,0.0,0.0,0.0,1.3936040501711995e+18,7.805,0.0,0,0,4,0,7116,0.0,100,0.0,0.0,0.0,0.0,0.0,0,0,0,0,0.0,0,0,0,0,0,0,0,0,0,0,0,0,0,0,0,0,0,0,0,0,0,0,0,0,0,0,0,0,0,0,0,0,0,31,40,40,71,65476,0,300,0,0,8,21553,0.0,-107605600.0,0.0,0.0,0.0,0.0,0.0,0.0,0.0,0.0,0.0,0.0,0.0,0.0,0.0,0.0,0.0,0.0,0.0,0.0,0.0,0.0,-2.004,0.0,-0.0,2.004,0.0,0.0,0.0,0.0,4517.0,0.0,6914.0,0.0,0.0,-107615168.0,-107615304.0,0.0,0.0,0.0,0.0,69,-0.0,-0.0,0.0,0.0,0.0,0.0,0.0,0.0,0.0,0,0,0,0.0,0.0,0.0,0.0,0.0,0.0,0.0,0.0,0.0,0.0,0.0,0.0,0.0,0.0,0.0,0.0,0,-107875648.0,69,0.0,138,0.0,2.6474720257151824e+23,0,26215,17085,39322,17099,52429,17079,0,0,0,70,68,100,0.0,82.3,-107615448.0,77.8,-0.0,78.5,1,49,50,180,13107,0,0,0,0.0,0.0,0.0,0.0,-0.0,67.0,0.0,162057.094,0.0,972,0,995,0,0,0,947,0,1018,0,919,0,788,0,778,0,821,0,7520,0.032,4.150517416584649e+19,0.0,0.0,784,16797,-0.0,162057.094,-114818.039,-0.0,0.133,6.909358625270745e+28,30.0,70.0,35,0.0,0.0,0.0,0.0,0.0,0.0,0.0,0.0,0.0,0.0,0.0,0.0,0.0,0.0,0.0,0.0,66.4,0,150,71,51,65476,0,300,0,0,8,20529,65476,0,0,44564,70.0,0.0,0.0,0.0,0.0,0.0
2026-09-10T21:44:34,ERR,ERR,ERR,ERR,ERR,ERR,ERR,ERR,ERR,ERR,ERR,ERR,ERR,ERR,ERR,ERR,ERR,ERR,ERR,ERR,ERR,ERR,ERR,ERR,ERR,ERR,ERR,ERR,ERR,ERR,ERR,ERR,ERR,ERR,ERR,ERR,ERR,ERR,ERR,ERR,ERR,ERR,ERR,ERR,ERR,ERR,ERR,ERR,ERR,ERR,ERR,ERR,ERR,ERR,ERR,ERR,ERR,ERR,ERR,ERR,ERR,ERR,ERR,ERR,ERR,ERR,ERR,ERR,ERR,ERR,ERR,ERR,ERR,ERR,ERR,ERR,ERR,ERR,ERR,ERR,ERR,ERR,ERR,ERR,ERR,ERR,ERR,ERR,ERR,ERR,ERR,ERR,ERR,ERR,ERR,ERR,ERR,ERR,ERR,ERR,ERR,ERR,ERR,ERR,ERR,ERR,ERR,ERR,ERR,ERR,ERR,ERR,ERR,ERR,ERR,ERR,ERR,ERR,ERR,ERR,ERR,ERR,ERR,ERR,ERR,0.0,0.0,0.0,0.0,0.0,1.3936040501711995e+18,7.805,0.0,0,0,4,0,7116,0.0,100,0.0,0.0,0.0,0.0,0.0,0,0,0,0,0.0,0,0,0,0,0,0,0,0,0,0,0,0,0,0,0,0,0,0,0,0,0,0,0,0,0,0,0,0,0,0,0,0,0,31,40,40,71,65476,0,300,0,0,8,21553,0.0,-107605600.0,0.0,0.0,0.0,0.0,0.0,0.0,0.0,0.0,0.0,0.0,0.0,0.0,0.0,0.0,0.0,0.0,0.0,0.0,0.0,0.0,-2.004,0.0,-0.0,2.004,0.0,0.0,0.0,0.0,4514.0,0.0,6913.0,0.0,0.0,-107615168.0,-107615304.0,0.0,0.0,0.0,0.0,69,-0.0,-0.0,0.0,0.0,0.0,0.0,0.0,0.0,0.0,0,0,0,0.0,0.0,0.0,0.0,0.0,0.0,0.0,0.0,0.0,0.0,0.0,0.0,0.0,0.0,0.0,0.0,0,-107875648.0,69,0.0,138,0.0,2.6474720257151824e+23,0,26215,17085,39322,17099,52429,17079,0,0,0,70,68,100,0.0,82.3,-107615448.0,77.8,-0.0,78.5,1,49,50,180,13107,0,0,0,0.0,0.0,0.0,0.0,-0.0,67.0,0.0,162057.094,0.0,972,0,995,0,0,0,947,0,1018,0,919,0,788,0,778,0,821,0,7520,0.032,4.150517416584649e+19,0.0,0.0,784,16797,-0.0,162057.094,-114818.039,-0.0,0.133,6.909358625270745e+28,30.0,70.0,35,0.0,0.0,0.0,0.0,0.0,0.0,0.0,0.0,0.0,0.0,0.0,0.0,0.0,0.0,0.0,0.0,66.4,0,150,71,51,65476,0,300,0,0,8,20529,65476,0,0,44564,70.0,0.0,0.0,0.0,0.0,0.0
2026-09-10T21:44:35,ERR,ERR,ERR,ERR,ERR,ERR,ERR,ERR,ERR,ERR,ERR,ERR,ERR,ERR,ERR,ERR,ERR,ERR,ERR,ERR,ERR,ERR,ERR,ERR,ERR,ERR,ERR,ERR,ERR,ERR,ERR,ERR,ERR,ERR,ERR,ERR,ERR,ERR,ERR,ERR,ERR,ERR,ERR,ERR,ERR,ERR,ERR,ERR,ERR,ERR,ERR,ERR,ERR,ERR,ERR,ERR,ERR,ERR,ERR,ERR,ERR,ERR,ERR,ERR,ERR,ERR,ERR,ERR,ERR,ERR,ERR,ERR,ERR,ERR,ERR,ERR,ERR,ERR,ERR,ERR,ERR,ERR,ERR,ERR,ERR,ERR,ERR,ERR,ERR,ERR,ERR,ERR,ERR,ERR,ERR,ERR,ERR,ERR,ERR,ERR,ERR,ERR,ERR,ERR,ERR,ERR,ERR,ERR,ERR,ERR,ERR,ERR,ERR,ERR,ERR,ERR,ERR,ERR,ERR,ERR,ERR,ERR,ERR,ERR,ERR,0.0,0.0,0.0,0.0,0.0,1.3936040501711995e+18,7.805,0.0,0,0,4,0,7116,0.0,100,0.0,0.0,0.0,0.0,0.0,0,0,0,0,0.0,0,0,0,0,0,0,0,0,0,0,0,0,0,0,0,0,0,0,0,0,0,0,0,0,0,0,0,0,0,0,0,0,0,31,40,40,71,65476,0,300,0,0,8,21553,0.0,-107605600.0,0.0,0.0,0.0,0.0,0.0,0.0,0.0,0.0,0.0,0.0,0.0,0.0,0.0,0.0,0.0,0.0,0.0,0.0,0.0,0.0,-2.004,0.0,-0.0,2.004,0.0,0.0,0.0,0.0,4514.0,0.0,6913.0,0.0,0.0,-107615168.0,-107615304.0,0.0,0.0,0.0,0.0,69,-0.0,-0.0,0.0,0.0,0.0,0.0,0.0,0.0,0.0,0,0,0,0.0,0.0,0.0,0.0,0.0,0.0,0.0,0.0,0.0,0.0,0.0,0.0,0.0,0.0,0.0,0.0,0,-107875648.0,69,0.0,138,0.0,2.6474720257151824e+23,0,26215,17085,39322,17099,52429,17079,0,0,0,70,68,100,0.0,82.3,-107615448.0,77.8,-0.0,78.5,1,49,50,180,13107,0,0,0,0.0,0.0,0.0,0.0,-0.0,67.0,0.0,162057.094,0.0,972,0,995,0,0,0,947,0,1018,0,919,0,788,0,778,0,821,0,7520,0.032,4.150517416584649e+19,0.0,0.0,784,16797,-0.0,162057.094,-114818.039,-0.0,0.133,6.909358625270745e+28,30.0,70.0,35,0.0,0.0,0.0,0.0,0.0,0.0,0.0,0.0,0.0,0.0,0.0,0.0,0.0,0.0,0.0,0.0,66.4,0,150,71,51,65476,0,300,0,0,8,20529,65476,0,0,44564,70.0,0.0,0.0,0.0,0.0,0.0
2026-09-10T21:44:36,ERR,ERR,ERR,ERR,ERR,ERR,ERR,ERR,ERR,ERR,ERR,ERR,ERR,ERR,ERR,ERR,ERR,ERR,ERR,ERR,ERR,ERR,ERR,ERR,ERR,ERR,ERR,ERR,ERR,ERR,ERR,ERR,ERR,ERR,ERR,ERR,ERR,ERR,ERR,ERR,ERR,ERR,ERR,ERR,ERR,ERR,ERR,ERR,ERR,ERR,ERR,ERR,ERR,ERR,ERR,ERR,ERR,ERR,ERR,ERR,ERR,ERR,ERR,ERR,ERR,ERR,ERR,ERR,ERR,ERR,ERR,ERR,ERR,ERR,ERR,ERR,ERR,ERR,ERR,ERR,ERR,ERR,ERR,ERR,ERR,ERR,ERR,ERR,ERR,ERR,ERR,ERR,ERR,ERR,ERR,ERR,ERR,ERR,ERR,ERR,ERR,ERR,ERR,ERR,ERR,ERR,ERR,ERR,ERR,ERR,ERR,ERR,ERR,ERR,ERR,ERR,ERR,ERR,ERR,ERR,ERR,ERR,ERR,ERR,ERR,0.0,0.0,0.0,0.0,0.0,1.3936040501711995e+18,7.805,0.0,0,0,4,0,7116,0.0,100,0.0,0.0,0.0,0.0,0.0,0,0,0,0,0.0,0,0,0,0,0,0,0,0,0,0,0,0,0,0,0,0,0,0,0,0,0,0,0,0,0,0,0,0,0,0,0,0,0,31,40,40,71,65476,0,300,0,0,8,21553,0.0,-107605600.0,0.0,0.0,0.0,0.0,0.0,0.0,0.0,0.0,0.0,0.0,0.0,0.0,0.0,0.0,0.0,0.0,0.0,0.0,0.0,0.0,-2.004,0.0,-0.0,2.004,0.0,0.0,0.0,0.0,4514.0,0.0,6913.0,0.0,0.0,-107615168.0,-107615304.0,0.0,0.0,0.0,0.0,69,-0.0,-0.0,0.0,0.0,0.0,0.0,0.0,0.0,0.0,0,0,0,0.0,0.0,0.0,0.0,0.0,0.0,0.0,0.0,0.0,0.0,0.0,0.0,0.0,0.0,0.0,0.0,0,-107875648.0,69,0.0,138,0.0,2.6474720257151824e+23,0,26215,17085,26215,17099,52429,17079,0,0,0,70,68,100,0.0,82.3,-107615448.0,77.8,-0.0,78.5,1,49,50,180,13107,0,0,0,0.0,0.0,0.0,0.0,-0.0,67.0,0.0,162057.094,0.0,972,0,995,0,0,0,947,0,1018,0,919,0,788,0,778,0,821,0,7520,0.032,4.121694378969478e+19,0.0,0.0,784,16797,-0.0,162057.094,-114818.039,-0.0,0.133,6.909358625270745e+28,30.0,70.0,35,0.0,0.0,0.0,0.0,0.0,0.0,0.0,0.0,0.0,0.0,0.0,0.0,0.0,0.0,0.0,0.0,66.4,0,150,71,51,65476,0,300,0,0,8,20529,65476,0,0,44564,70.0,0.0,0.0,0.0,0.0,0.0
2026-09-10T21:44:37,ERR,ERR,ERR,ERR,ERR,ERR,ERR,ERR,ERR,ERR,ERR,ERR,ERR,ERR,ERR,ERR,ERR,ERR,ERR,ERR,ERR,ERR,ERR,ERR,ERR,ERR,ERR,ERR,ERR,ERR,ERR,ERR,ERR,ERR,ERR,ERR,ERR,ERR,ERR,ERR,ERR,ERR,ERR,ERR,ERR,ERR,ERR,ERR,ERR,ERR,ERR,ERR,ERR,ERR,ERR,ERR,ERR,ERR,ERR,ERR,ERR,ERR,ERR,ERR,ERR,ERR,ERR,ERR,ERR,ERR,ERR,ERR,ERR,ERR,ERR,ERR,ERR,ERR,ERR,ERR,ERR,ERR,ERR,ERR,ERR,ERR,ERR,ERR,ERR,ERR,ERR,ERR,ERR,ERR,ERR,ERR,ERR,ERR,ERR,ERR,ERR,ERR,ERR,ERR,ERR,ERR,ERR,ERR,ERR,ERR,ERR,ERR,ERR,ERR,ERR,ERR,ERR,ERR,ERR,ERR,ERR,ERR,ERR,ERR,ERR,0.0,0.0,0.0,0.0,0.0,1.3936040501711995e+18,7.805,0.0,0,0,4,0,7116,0.0,100,0.0,0.0,0.0,0.0,0.0,0,0,0,0,0.0,0,0,0,0,0,0,0,0,0,0,0,0,0,0,0,0,0,0,0,0,0,0,0,0,0,0,0,0,0,0,0,0,0,31,40,40,71,65476,0,300,0,0,8,21553,0.0,-107605600.0,0.0,0.0,0.0,0.0,0.0,0.0,0.0,0.0,0.0,0.0,0.0,0.0,0.0,0.0,0.0,0.0,0.0,0.0,0.0,0.0,-2.004,0.0,-0.0,2.004,0.0,0.0,0.0,0.0,4514.0,0.0,6913.0,0.0,0.0,-107615168.0,-107615304.0,0.0,0.0,0.0,0.0,69,-0.0,-0.0,0.0,0.0,0.0,0.0,0.0,0.0,0.0,0,0,0,0.0,0.0,0.0,0.0,0.0,0.0,0.0,0.0,0.0,0.0,0.0,0.0,0.0,0.0,0.0,0.0,0,-107875648.0,69,0.0,138,0.0,2.6474720257151824e+23,0,26215,17085,26215,17099,52429,17079,0,0,0,70,68,100,0.0,82.3,-107615448.0,77.8,-0.0,78.5,1,49,50,180,13107,0,0,0,0.0,0.0,0.0,0.0,-0.0,67.0,0.0,162057.094,0.0,972,0,995,0,0,0,947,0,1018,0,919,0,788,0,778,0,821,0,7520,0.032,4.121694378969478e+19,0.0,0.0,784,16797,-0.0,162057.094,-114818.039,-0.0,0.133,6.909358625270745e+28,30.0,70.0,35,0.0,0.0,0.0,0.0,0.0,0.0,0.0,0.0,0.0,0.0,0.0,0.0,0.0,0.0,0.0,0.0,66.4,0,150,71,51,65476,0,300,0,0,8,20529,65476,0,0,44564,70.0,0.0,0.0,0.0,0.0,0.0
2026-09-10T21:44:38,ERR,ERR,ERR,ERR,ERR,ERR,ERR,ERR,ERR,ERR,ERR,ERR,ERR,ERR,ERR,ERR,ERR,ERR,ERR,ERR,ERR,ERR,ERR,ERR,ERR,ERR,ERR,ERR,ERR,ERR,ERR,ERR,ERR,ERR,ERR,ERR,ERR,ERR,ERR,ERR,ERR,ERR,ERR,ERR,ERR,ERR,ERR,ERR,ERR,ERR,ERR,ERR,ERR,ERR,ERR,ERR,ERR,ERR,ERR,ERR,ERR,ERR,ERR,ERR,ERR,ERR,ERR,ERR,ERR,ERR,ERR,ERR,ERR,ERR,ERR,ERR,ERR,ERR,ERR,ERR,ERR,ERR,ERR,ERR,ERR,ERR,ERR,ERR,ERR,ERR,ERR,ERR,ERR,ERR,ERR,ERR,ERR,ERR,ERR,ERR,ERR,ERR,ERR,ERR,ERR,ERR,ERR,ERR,ERR,ERR,ERR,ERR,ERR,ERR,ERR,ERR,ERR,ERR,ERR,ERR,ERR,ERR,ERR,ERR,ERR,0.0,0.0,0.0,0.0,0.0,1.3936040501711995e+18,7.805,0.0,0,0,4,0,7116,0.0,100,0.0,0.0,0.0,0.0,0.0,0,0,0,0,0.0,0,0,0,0,0,0,0,0,0,0,0,0,0,0,0,0,0,0,0,0,0,0,0,0,0,0,0,0,0,0,0,0,0,31,40,40,71,65476,0,300,0,0,8,21553,0.0,-107605600.0,0.0,0.0,0.0,0.0,0.0,0.0,0.0,0.0,0.0,0.0,0.0,0.0,0.0,0.0,0.0,0.0,0.0,0.0,0.0,0.0,-2.004,0.0,-0.0,2.004,0.0,0.0,0.0,0.0,4514.0,0.0,6913.0,0.0,0.0,-107615168.0,-107615304.0,0.0,0.0,0.0,0.0,69,-0.0,-0.0,0.0,0.0,0.0,0.0,0.0,0.0,0.0,0,0,0,0.0,0.0,0.0,0.0,0.0,0.0,0.0,0.0,0.0,0.0,0.0,0.0,0.0,0.0,0.0,0.0,0,-107875648.0,69,0.0,138,0.0,2.6474720257151824e+23,0,26215,17085,26215,17099,52429,17079,0,0,0,70,68,100,0.0,82.3,-107615448.0,77.8,-0.0,78.5,1,49,50,180,13107,0,0,0,0.0,0.0,0.0,0.0,-0.0,67.0,0.0,162057.094,0.0,972,0,995,0,0,0,947,0,1018,0,919,0,788,0,778,0,821,0,7520,0.032,4.121694378969478e+19,0.0,0.0,784,16797,-0.0,162057.094,-114818.039,-0.0,0.133,6.909358625270745e+28,30.0,70.0,35,0.0,0.0,0.0,0.0,0.0,0.0,0.0,0.0,0.0,0.0,0.0,0.0,0.0,0.0,0.0,0.0,66.4,0,150,71,51,65476,0,300,0,0,8,20529,65476,0,0,44564,70.0,0.0,0.0,0.0,0.0,0.0
2026-09-10T21:44:39,ERR,ERR,ERR,ERR,ERR,ERR,ERR,ERR,ERR,ERR,ERR,ERR,ERR,ERR,ERR,ERR,ERR,ERR,ERR,ERR,ERR,ERR,ERR,ERR,ERR,ERR,ERR,ERR,ERR,ERR,ERR,ERR,ERR,ERR,ERR,ERR,ERR,ERR,ERR,ERR,ERR,ERR,ERR,ERR,ERR,ERR,ERR,ERR,ERR,ERR,ERR,ERR,ERR,ERR,ERR,ERR,ERR,ERR,ERR,ERR,ERR,ERR,ERR,ERR,ERR,ERR,ERR,ERR,ERR,ERR,ERR,ERR,ERR,ERR,ERR,ERR,ERR,ERR,ERR,ERR,ERR,ERR,ERR,ERR,ERR,ERR,ERR,ERR,ERR,ERR,ERR,ERR,ERR,ERR,ERR,ERR,ERR,ERR,ERR,ERR,ERR,ERR,ERR,ERR,ERR,ERR,ERR,ERR,ERR,ERR,ERR,ERR,ERR,ERR,ERR,ERR,ERR,ERR,ERR,ERR,ERR,ERR,ERR,ERR,ERR,0.0,0.0,0.0,0.0,0.0,1.3936040501711995e+18,7.805,0.0,0,0,4,0,7116,0.0,100,0.0,0.0,0.0,0.0,0.0,0,0,0,0,0.0,0,0,0,0,0,0,0,0,0,0,0,0,0,0,0,0,0,0,0,0,0,0,0,0,0,0,0,0,0,0,0,0,0,31,40,40,71,65476,0,300,0,0,8,21553,0.0,-107605600.0,0.0,0.0,0.0,0.0,0.0,0.0,0.0,0.0,0.0,0.0,0.0,0.0,0.0,0.0,0.0,0.0,0.0,0.0,0.0,0.0,-2.004,0.0,-0.0,2.004,0.0,0.0,0.0,0.0,4514.0,0.0,6913.0,0.0,0.0,-107615168.0,-107615304.0,0.0,0.0,0.0,0.0,69,-0.0,-0.0,0.0,0.0,0.0,0.0,0.0,0.0,0.0,0,0,0,0.0,0.0,0.0,0.0,0.0,0.0,0.0,0.0,0.0,0.0,0.0,0.0,0.0,0.0,0.0,0.0,0,-107875648.0,69,0.0,138,0.0,2.6474720257151824e+23,0,26215,17085,26215,17099,52429,17079,0,0,0,70,68,100,0.0,82.3,-107615448.0,77.8,-0.0,78.5,1,49,50,180,13107,0,0,0,0.0,0.0,0.0,0.0,-0.0,67.0,0.0,162057.094,0.0,972,0,995,0,0,0,947,0,1018,0,919,0,788,0,778,0,821,0,7520,0.032,4.121694378969478e+19,0.0,0.0,784,16797,-0.0,162057.094,-114818.039,-0.0,0.133,6.909358625270745e+28,30.0,70.0,35,0.0,0.0,0.0,0.0,0.0,0.0,0.0,0.0,0.0,0.0,0.0,0.0,0.0,0.0,0.0,0.0,66.4,0,150,71,51,65476,0,300,0,0,8,20529,65476,0,0,44564,70.0,0.0,0.0,0.0,0.0,0.0
2026-09-10T21:44:40,ERR,ERR,ERR,ERR,ERR,ERR,ERR,ERR,ERR,ERR,ERR,ERR,ERR,ERR,ERR,ERR,ERR,ERR,ERR,ERR,ERR,ERR,ERR,ERR,ERR,ERR,ERR,ERR,ERR,ERR,ERR,ERR,ERR,ERR,ERR,ERR,ERR,ERR,ERR,ERR,ERR,ERR,ERR,ERR,ERR,ERR,ERR,ERR,ERR,ERR,ERR,ERR,ERR,ERR,ERR,ERR,ERR,ERR,ERR,ERR,ERR,ERR,ERR,ERR,ERR,ERR,ERR,ERR,ERR,ERR,ERR,ERR,ERR,ERR,ERR,ERR,ERR,ERR,ERR,ERR,ERR,ERR,ERR,ERR,ERR,ERR,ERR,ERR,ERR,ERR,ERR,ERR,ERR,ERR,ERR,ERR,ERR,ERR,ERR,ERR,ERR,ERR,ERR,ERR,ERR,ERR,ERR,ERR,ERR,ERR,ERR,ERR,ERR,ERR,ERR,ERR,ERR,ERR,ERR,ERR,ERR,ERR,ERR,ERR,ERR,0.0,0.0,0.0,0.0,0.0,1.3936040501711995e+18,7.805,0.0,0,0,4,0,7116,0.0,100,0.0,0.0,0.0,0.0,0.0,0,0,0,0,0.0,0,0,0,0,0,0,0,0,0,0,0,0,0,0,0,0,0,0,0,0,0,0,0,0,0,0,0,0,0,0,0,0,0,31,40,40,71,65476,0,300,0,0,8,21553,0.0,-107605600.0,0.0,0.0,0.0,0.0,0.0,0.0,0.0,0.0,0.0,0.0,0.0,0.0,0.0,0.0,0.0,0.0,0.0,0.0,0.0,0.0,-2.004,0.0,-0.0,2.004,0.0,0.0,0.0,0.0,4514.0,0.0,6913.0,0.0,0.0,-107615168.0,-107615304.0,0.0,0.0,0.0,0.0,69,-0.0,-0.0,0.0,0.0,0.0,0.0,0.0,0.0,0.0,0,0,0,0.0,0.0,0.0,0.0,0.0,0.0,0.0,0.0,0.0,0.0,0.0,0.0,0.0,0.0,0.0,0.0,0,-107875648.0,69,0.0,138,0.0,2.6474720257151824e+23,0,26215,17085,26215,17099,52429,17079,0,0,0,70,68,100,0.0,82.3,-107615448.0,77.8,-0.0,78.5,1,49,50,180,13107,0,0,0,0.0,0.0,0.0,0.0,-0.0,67.0,0.0,162057.094,0.0,972,0,995,0,0,0,947,0,1018,0,919,0,788,0,778,0,821,0,7520,0.032,4.121694378969478e+19,0.0,0.0,784,16797,-0.0,162057.094,-114818.039,-0.0,0.133,6.909358625270745e+28,30.0,70.0,35,0.0,0.0,0.0,0.0,0.0,0.0,0.0,0.0,0.0,0.0,0.0,0.0,0.0,0.0,0.0,0.0,66.4,0,150,71,51,65476,0,300,0,0,8,20529,65476,0,0,44564,70.0,0.0,0.0,0.0,0.0,0.0
2026-09-10T21:44:41,ERR,ERR,ERR,ERR,ERR,ERR,ERR,ERR,ERR,ERR,ERR,ERR,ERR,ERR,ERR,ERR,ERR,ERR,ERR,ERR,ERR,ERR,ERR,ERR,ERR,ERR,ERR,ERR,ERR,ERR,ERR,ERR,ERR,ERR,ERR,ERR,ERR,ERR,ERR,ERR,ERR,ERR,ERR,ERR,ERR,ERR,ERR,ERR,ERR,ERR,ERR,ERR,ERR,ERR,ERR,ERR,ERR,ERR,ERR,ERR,ERR,ERR,ERR,ERR,ERR,ERR,ERR,ERR,ERR,ERR,ERR,ERR,ERR,ERR,ERR,ERR,ERR,ERR,ERR,ERR,ERR,ERR,ERR,ERR,ERR,ERR,ERR,ERR,ERR,ERR,ERR,ERR,ERR,ERR,ERR,ERR,ERR,ERR,ERR,ERR,ERR,ERR,ERR,ERR,ERR,ERR,ERR,ERR,ERR,ERR,ERR,ERR,ERR,ERR,ERR,ERR,ERR,ERR,ERR,ERR,ERR,ERR,ERR,ERR,ERR,0.0,0.0,0.0,0.0,0.0,1.3936040501711995e+18,7.805,0.0,0,0,4,0,7116,0.0,100,0.0,0.0,0.0,0.0,0.0,0,0,0,0,0.0,0,0,0,0,0,0,0,0,0,0,0,0,0,0,0,0,0,0,0,0,0,0,0,0,0,0,0,0,0,0,0,0,0,31,40,40,71,65476,0,300,0,0,8,21553,0.0,-107605600.0,0.0,0.0,0.0,0.0,0.0,0.0,0.0,0.0,0.0,0.0,0.0,0.0,0.0,0.0,0.0,0.0,0.0,0.0,0.0,0.0,-2.004,0.0,-0.0,2.004,0.0,0.0,0.0,0.0,4489.0,-564144759635968.0,6939.0,0.0,0.0,-107615168.0,-107615304.0,0.0,0.0,0.0,0.0,69,-89221.141,89220.406,0.0,0.0,0.0,0.0,0.0,0.0,0.0,0,0,0,0.0,0.0,0.0,0.0,0.0,0.0,0.0,0.0,0.0,0.0,0.0,0.0,0.0,0.0,0.0,0.0,0,-107875648.0,69,0.0,138,0.0,2.6474720257151824e+23,0,26215,17085,26215,17099,52429,17079,0,0,0,70,68,100,0.0,82.3,-107615448.0,77.8,-0.0,78.5,1,49,50,180,13107,0,0,0,0.0,0.0,0.0,0.0,-0.0,67.0,0.0,162057.094,0.0,972,0,995,0,0,0,947,0,1018,0,919,0,788,0,778,0,821,0,7520,0.032,4.121694378969478e+19,0.0,0.0,784,16797,-0.0,162057.094,-114818.039,-0.0,0.133,6.909358625270745e+28,30.0,70.0,35,0.0,0.0,0.0,0.0,0.0,0.0,0.0,0.0,0.0,0.0,0.0,0.0,0.0,0.0,0.0,0.0,66.4,0,150,71,51,65476,0,300,0,0,8,20529,65476,0,0,44564,70.0,0.0,0.0,0.0,0.0,0.0
2026-09-10T21:44:42,ERR,ERR,ERR,ERR,ERR,ERR,ERR,ERR,ERR,ERR,ERR,ERR,ERR,ERR,ERR,ERR,ERR,ERR,ERR,ERR,ERR,ERR,ERR,ERR,ERR,ERR,ERR,ERR,ERR,ERR,ERR,ERR,ERR,ERR,ERR,ERR,ERR,ERR,ERR,ERR,ERR,ERR,ERR,ERR,ERR,ERR,ERR,ERR,ERR,ERR,ERR,ERR,ERR,ERR,ERR,ERR,ERR,ERR,ERR,ERR,ERR,ERR,ERR,ERR,ERR,ERR,ERR,ERR,ERR,ERR,ERR,ERR,ERR,ERR,ERR,ERR,ERR,ERR,ERR,ERR,ERR,ERR,ERR,ERR,ERR,ERR,ERR,ERR,ERR,ERR,ERR,ERR,ERR,ERR,ERR,ERR,ERR,ERR,ERR,ERR,ERR,ERR,ERR,ERR,ERR,ERR,ERR,ERR,ERR,ERR,ERR,ERR,ERR,ERR,ERR,ERR,ERR,ERR,ERR,ERR,ERR,ERR,ERR,ERR,ERR,0.0,0.0,0.0,0.0,0.0,1.3936040501711995e+18,7.805,0.0,0,0,4,0,7116,0.0,100,0.0,0.0,0.0,0.0,0.0,0,0,0,0,0.0,0,0,0,0,0,0,0,0,0,0,0,0,0,0,0,0,0,0,0,0,0,0,0,0,0,0,0,0,0,0,0,0,0,31,40,40,71,65476,0,300,0,0,8,21553,0.0,-107605600.0,0.0,0.0,0.0,0.0,0.0,0.0,0.0,0.0,0.0,0.0,0.0,0.0,0.0,0.0,0.0,0.0,0.0,0.0,0.0,0.0,-2.004,0.0,-0.0,2.004,0.0,0.0,0.0,0.0,4489.0,-564144759635968.0,6939.0,0.0,0.0,-107615168.0,-107615304.0,0.0,0.0,0.0,0.0,69,-89221.141,89220.406,0.0,0.0,0.0,0.0,0.0,0.0,0.0,0,0,0,0.0,0.0,0.0,0.0,0.0,0.0,0.0,0.0,0.0,0.0,0.0,0.0,0.0,0.0,0.0,0.0,0,-107875648.0,69,0.0,138,0.0,2.6474720257151824e+23,0,26215,17085,39322,17099,52429,17079,0,0,0,70,68,100,0.0,82.3,-0.0,77.8,-0.0,78.5,1,49,50,180,26215,0,0,0,0.0,0.0,0.0,0.0,-0.0,67.0,0.0,162057.094,0.0,972,0,995,0,0,0,947,0,1017,0,919,0,788,0,778,0,821,0,7520,0.032,4.121694378969478e+19,0.0,0.0,784,16797,-0.0,162057.094,-114818.039,-0.0,0.133,6.909358625270745e+28,30.0,70.0,35,0.0,0.0,0.0,0.0,0.0,0.0,0.0,0.0,0.0,0.0,0.0,0.0,0.0,0.0,0.0,0.0,66.4,0,150,71,51,65476,0,300,0,0,8,20529,65476,0,0,44564,70.0,0.0,0.0,0.0,0.0,0.0
2026-09-10T21:44:43,ERR,ERR,ERR,ERR,ERR,ERR,ERR,ERR,ERR,ERR,ERR,ERR,ERR,ERR,ERR,ERR,ERR,ERR,ERR,ERR,ERR,ERR,ERR,ERR,ERR,ERR,ERR,ERR,ERR,ERR,ERR,ERR,ERR,ERR,ERR,ERR,ERR,ERR,ERR,ERR,ERR,ERR,ERR,ERR,ERR,ERR,ERR,ERR,ERR,ERR,ERR,ERR,ERR,ERR,ERR,ERR,ERR,ERR,ERR,ERR,ERR,ERR,ERR,ERR,ERR,ERR,ERR,ERR,ERR,ERR,ERR,ERR,ERR,ERR,ERR,ERR,ERR,ERR,ERR,ERR,ERR,ERR,ERR,ERR,ERR,ERR,ERR,ERR,ERR,ERR,ERR,ERR,ERR,ERR,ERR,ERR,ERR,ERR,ERR,ERR,ERR,ERR,ERR,ERR,ERR,ERR,ERR,ERR,ERR,ERR,ERR,ERR,ERR,ERR,ERR,ERR,ERR,ERR,ERR,ERR,ERR,ERR,ERR,ERR,ERR,0.0,0.0,0.0,0.0,0.0,1.3936040501711995e+18,7.805,0.0,0,0,4,0,7116,0.0,100,0.0,0.0,0.0,0.0,0.0,0,0,0,0,0.0,0,0,0,0,0,0,0,0,0,0,0,0,0,0,0,0,0,0,0,0,0,0,0,0,0,0,0,0,0,0,0,0,0,31,40,40,71,65476,0,300,0,0,8,21553,0.0,-107605600.0,0.0,0.0,0.0,0.0,0.0,0.0,0.0,0.0,0.0,0.0,0.0,0.0,0.0,0.0,0.0,0.0,0.0,0.0,0.0,0.0,-2.004,0.0,-0.0,2.004,0.0,0.0,0.0,0.0,4489.0,-564144759635968.0,6939.0,0.0,0.0,-107615168.0,-107615304.0,0.0,0.0,0.0,0.0,69,-89221.141,89220.406,0.0,0.0,0.0,0.0,0.0,0.0,0.0,0,0,0,0.0,0.0,0.0,0.0,0.0,0.0,0.0,0.0,0.0,0.0,0.0,0.0,0.0,0.0,0.0,0.0,0,-107875648.0,69,0.0,138,0.0,2.6474720257151824e+23,0,26215,17085,39322,17099,52429,17079,0,0,0,70,68,100,0.0,82.3,-0.0,77.8,-0.0,78.5,1,49,50,180,26215,0,0,0,0.0,0.0,0.0,0.0,-0.0,67.0,0.0,162057.094,0.0,972,0,995,0,0,0,947,0,1017,0,919,0,788,0,778,0,821,0,7520,0.032,4.121694378969478e+19,0.0,0.0,784,16797,-0.0,162057.094,-114818.039,-0.0,0.133,6.909358625270745e+28,30.0,70.0,35,0.0,0.0,0.0,0.0,0.0,0.0,0.0,0.0,0.0,0.0,0.0,0.0,0.0,0.0,0.0,0.0,66.8,0,150,71,51,65476,0,300,0,0,8,20529,65476,0,0,44564,70.0,0.0,0.0,0.0,0.0,0.0
2026-09-10T21:44:44,ERR,ERR,ERR,ERR,ERR,ERR,ERR,ERR,ERR,ERR,ERR,ERR,ERR,ERR,ERR,ERR,ERR,ERR,ERR,ERR,ERR,ERR,ERR,ERR,ERR,ERR,ERR,ERR,ERR,ERR,ERR,ERR,ERR,ERR,ERR,ERR,ERR,ERR,ERR,ERR,ERR,ERR,ERR,ERR,ERR,ERR,ERR,ERR,ERR,ERR,ERR,ERR,ERR,ERR,ERR,ERR,ERR,ERR,ERR,ERR,ERR,ERR,ERR,ERR,ERR,ERR,ERR,ERR,ERR,ERR,ERR,ERR,ERR,ERR,ERR,ERR,ERR,ERR,ERR,ERR,ERR,ERR,ERR,ERR,ERR,ERR,ERR,ERR,ERR,ERR,ERR,ERR,ERR,ERR,ERR,ERR,ERR,ERR,ERR,ERR,ERR,ERR,ERR,ERR,ERR,ERR,ERR,ERR,ERR,ERR,ERR,ERR,ERR,ERR,ERR,ERR,ERR,ERR,ERR,ERR,ERR,ERR,ERR,ERR,ERR,0.0,0.0,0.0,0.0,0.0,1.3936040501711995e+18,7.805,0.0,0,0,4,0,7116,0.0,100,0.0,0.0,0.0,0.0,0.0,0,0,0,0,0.0,0,0,0,0,0,0,0,0,0,0,0,0,0,0,0,0,0,0,0,0,0,0,0,0,0,0,0,0,0,0,0,0,0,31,40,40,71,65476,0,300,0,0,8,21553,0.0,-107605600.0,0.0,0.0,0.0,0.0,0.0,0.0,0.0,0.0,0.0,0.0,0.0,0.0,0.0,0.0,0.0,0.0,0.0,0.0,0.0,0.0,-2.004,0.0,-0.0,2.004,0.0,0.0,0.0,0.0,4489.0,-564144759635968.0,6939.0,0.0,0.0,-107615168.0,-107615304.0,0.0,0.0,0.0,0.0,69,-89221.141,89220.406,0.0,0.0,0.0,0.0,0.0,0.0,0.0,0,0,0,0.0,0.0,0.0,0.0,0.0,0.0,0.0,0.0,0.0,0.0,0.0,0.0,0.0,0.0,0.0,0.0,0,-107875648.0,69,0.0,138,0.0,2.6474720257151824e+23,0,26215,17085,39322,17099,52429,17079,0,0,0,70,68,100,0.0,82.3,-0.0,77.8,-0.0,78.5,1,49,50,180,26215,0,0,0,0.0,0.0,0.0,0.0,-0.0,67.0,0.0,162057.094,0.0,972,0,995,0,0,0,947,0,1017,0,919,0,788,0,778,0,821,0,7520,0.032,4.121694378969478e+19,0.0,0.0,784,16797,-0.0,162057.094,-114818.039,-0.0,0.133,6.909358625270745e+28,30.0,70.0,35,0.0,0.0,0.0,0.0,0.0,0.0,0.0,0.0,0.0,0.0,0.0,0.0,0.0,0.0,0.0,0.0,66.8,0,150,71,51,65476,0,300,0,0,8,20529,65476,0,0,44564,70.0,0.0,0.0,0.0,0.0,0.0
2026-09-10T21:44:45,ERR,ERR,ERR,ERR,ERR,ERR,ERR,ERR,ERR,ERR,ERR,ERR,ERR,ERR,ERR,ERR,ERR,ERR,ERR,ERR,ERR,ERR,ERR,ERR,ERR,ERR,ERR,ERR,ERR,ERR,ERR,ERR,ERR,ERR,ERR,ERR,ERR,ERR,ERR,ERR,ERR,ERR,ERR,ERR,ERR,ERR,ERR,ERR,ERR,ERR,ERR,ERR,ERR,ERR,ERR,ERR,ERR,ERR,ERR,ERR,ERR,ERR,ERR,ERR,ERR,ERR,ERR,ERR,ERR,ERR,ERR,ERR,ERR,ERR,ERR,ERR,ERR,ERR,ERR,ERR,ERR,ERR,ERR,ERR,ERR,ERR,ERR,ERR,ERR,ERR,ERR,ERR,ERR,ERR,ERR,ERR,ERR,ERR,ERR,ERR,ERR,ERR,ERR,ERR,ERR,ERR,ERR,ERR,ERR,ERR,ERR,ERR,ERR,ERR,ERR,ERR,ERR,ERR,ERR,ERR,ERR,ERR,ERR,ERR,ERR,0.0,0.0,0.0,0.0,0.0,1.3936040501711995e+18,7.805,0.0,0,0,4,0,7116,0.0,100,0.0,0.0,0.0,0.0,0.0,0,0,0,0,0.0,0,0,0,0,0,0,0,0,0,0,0,0,0,0,0,0,0,0,0,0,0,0,0,0,0,0,0,0,0,0,0,0,0,31,40,40,71,65476,0,300,0,0,8,21553,0.0,-107605600.0,0.0,0.0,0.0,0.0,0.0,0.0,0.0,0.0,0.0,0.0,0.0,0.0,0.0,0.0,0.0,0.0,0.0,0.0,0.0,0.0,-2.004,0.0,-0.0,2.004,0.0,0.0,0.0,0.0,4489.0,-564144759635968.0,6939.0,0.0,0.0,-107615168.0,-107615304.0,0.0,0.0,0.0,0.0,69,-89221.141,89220.406,0.0,0.0,0.0,0.0,0.0,0.0,0.0,0,0,0,0.0,0.0,0.0,0.0,0.0,0.0,0.0,0.0,0.0,0.0,0.0,0.0,0.0,0.0,0.0,0.0,0,-107875648.0,69,0.0,138,0.0,2.6474720257151824e+23,0,26215,17085,39322,17099,52429,17079,0,0,0,70,68,100,0.0,82.3,-0.0,77.8,-0.0,78.5,1,49,50,180,26215,0,0,0,0.0,0.0,0.0,0.0,-0.0,67.0,0.0,162057.094,0.0,972,0,995,0,0,0,947,0,1017,0,919,0,788,0,778,0,821,0,7520,0.032,4.121694378969478e+19,0.0,0.0,784,16797,-0.0,162057.094,-114818.039,-0.0,0.133,6.909358625270745e+28,30.0,70.0,35,0.0,0.0,0.0,0.0,0.0,0.0,0.0,0.0,0.0,0.0,0.0,0.0,0.0,0.0,0.0,0.0,66.8,0,150,71,51,65476,0,300,0,0,8,20529,65476,0,0,44564,70.0,0.0,0.0,0.0,0.0,0.0
2026-09-10T21:44:46,ERR,ERR,ERR,ERR,ERR,ERR,ERR,ERR,ERR,ERR,ERR,ERR,ERR,ERR,ERR,ERR,ERR,ERR,ERR,ERR,ERR,ERR,ERR,ERR,ERR,ERR,ERR,ERR,ERR,ERR,ERR,ERR,ERR,ERR,ERR,ERR,ERR,ERR,ERR,ERR,ERR,ERR,ERR,ERR,ERR,ERR,ERR,ERR,ERR,ERR,ERR,ERR,ERR,ERR,ERR,ERR,ERR,ERR,ERR,ERR,ERR,ERR,ERR,ERR,ERR,ERR,ERR,ERR,ERR,ERR,ERR,ERR,ERR,ERR,ERR,ERR,ERR,ERR,ERR,ERR,ERR,ERR,ERR,ERR,ERR,ERR,ERR,ERR,ERR,ERR,ERR,ERR,ERR,ERR,ERR,ERR,ERR,ERR,ERR,ERR,ERR,ERR,ERR,ERR,ERR,ERR,ERR,ERR,ERR,ERR,ERR,ERR,ERR,ERR,ERR,ERR,ERR,ERR,ERR,ERR,ERR,ERR,ERR,ERR,ERR,0.0,0.0,0.0,0.0,0.0,1.3936040501711995e+18,7.805,0.0,0,0,4,0,7116,0.0,100,0.0,0.0,0.0,0.0,0.0,0,0,0,0,0.0,0,0,0,0,0,0,0,0,0,0,0,0,0,0,0,0,0,0,0,0,0,0,0,0,0,0,0,0,0,0,0,0,0,31,40,40,71,65476,0,300,0,0,8,21553,0.0,-107605600.0,0.0,0.0,0.0,0.0,0.0,0.0,0.0,0.0,0.0,0.0,0.0,0.0,0.0,0.0,0.0,0.0,0.0,0.0,0.0,0.0,-2.004,0.0,-0.0,2.004,0.0,0.0,0.0,0.0,4489.0,-564144759635968.0,6939.0,0.0,0.0,-107615168.0,-107615304.0,0.0,0.0,0.0,0.0,69,-89221.141,89220.406,0.0,0.0,0.0,0.0,0.0,0.0,0.0,0,0,0,0.0,0.0,0.0,0.0,0.0,0.0,0.0,0.0,0.0,0.0,0.0,0.0,0.0,0.0,0.0,0.0,0,-107875648.0,69,0.0,138,0.0,2.6474720257151824e+23,0,26215,17085,39322,17099,52429,17079,0,0,0,70,68,100,0.0,82.3,-0.0,77.8,-0.0,78.5,1,49,50,180,26215,0,0,0,0.0,0.0,0.0,0.0,-0.0,67.0,0.0,162057.094,0.0,972,0,995,0,0,0,947,0,1017,0,919,0,788,0,778,0,821,0,7520,0.032,4.121694378969478e+19,0.0,0.0,784,16797,-0.0,162057.094,-114818.039,-0.0,0.133,6.909358625270745e+28,30.0,70.0,35,0.0,0.0,0.0,0.0,0.0,0.0,0.0,0.0,0.0,0.0,0.0,0.0,0.0,0.0,0.0,0.0,66.8,0,150,71,51,65476,0,300,0,0,8,20529,65476,0,0,44564,70.0,0.0,0.0,0.0,0.0,0.0
2026-09-10T21:44:47,ERR,ERR,ERR,ERR,ERR,ERR,ERR,ERR,ERR,ERR,ERR,ERR,ERR,ERR,ERR,ERR,ERR,ERR,ERR,ERR,ERR,ERR,ERR,ERR,ERR,ERR,ERR,ERR,ERR,ERR,ERR,ERR,ERR,ERR,ERR,ERR,ERR,ERR,ERR,ERR,ERR,ERR,ERR,ERR,ERR,ERR,ERR,ERR,ERR,ERR,ERR,ERR,ERR,ERR,ERR,ERR,ERR,ERR,ERR,ERR,ERR,ERR,ERR,ERR,ERR,ERR,ERR,ERR,ERR,ERR,ERR,ERR,ERR,ERR,ERR,ERR,ERR,ERR,ERR,ERR,ERR,ERR,ERR,ERR,ERR,ERR,ERR,ERR,ERR,ERR,ERR,ERR,ERR,ERR,ERR,ERR,ERR,ERR,ERR,ERR,ERR,ERR,ERR,ERR,ERR,ERR,ERR,ERR,ERR,ERR,ERR,ERR,ERR,ERR,ERR,ERR,ERR,ERR,ERR,ERR,ERR,ERR,ERR,ERR,ERR,0.0,0.0,0.0,0.0,0.0,1.3936040501711995e+18,7.805,0.0,0,0,4,0,7116,0.0,100,0.0,0.0,0.0,0.0,0.0,0,0,0,0,0.0,0,0,0,0,0,0,0,0,0,0,0,0,0,0,0,0,0,0,0,0,0,0,0,0,0,0,0,0,0,0,0,0,0,31,40,40,71,65476,0,300,0,0,8,21553,0.0,-107605600.0,0.0,0.0,0.0,0.0,0.0,0.0,0.0,0.0,0.0,0.0,0.0,0.0,0.0,0.0,0.0,0.0,0.0,0.0,0.0,0.0,-2.004,0.0,-0.0,2.004,0.0,0.0,0.0,0.0,4489.0,-564144759635968.0,6939.0,0.0,0.0,-107615168.0,-107615304.0,0.0,0.0,0.0,0.0,69,-89221.141,89220.406,0.0,0.0,0.0,0.0,0.0,0.0,0.0,0,0,0,0.0,0.0,0.0,0.0,0.0,0.0,0.0,0.0,0.0,0.0,0.0,0.0,0.0,0.0,0.0,0.0,0,-107875648.0,69,0.0,138,0.0,2.6474720257151824e+23,0,26215,17085,39322,17099,52429,17079,0,0,0,70,68,100,0.0,82.3,-0.0,77.8,-0.0,78.5,1,49,50,180,26215,0,0,0,0.0,0.0,0.0,0.0,-0.0,67.0,0.0,162057.094,0.0,972,0,995,0,0,0,947,0,1017,0,919,0,788,0,778,0,821,0,7520,0.032,4.121694378969478e+19,0.0,0.0,784,16797,-0.0,162057.094,-114818.039,-0.0,0.133,6.909358625270745e+28,30.0,70.0,35,0.0,0.0,0.0,0.0,0.0,0.0,0.0,0.0,0.0,0.0,0.0,0.0,0.0,0.0,0.0,0.0,66.8,0,150,71,51,65476,0,300,0,0,8,20529,65476,0,0,44564,70.0,0.0,0.0,0.0,0.0,0.0
2026-09-10T21:44:48,ERR,ERR,ERR,ERR,ERR,ERR,ERR,ERR,ERR,ERR,ERR,ERR,ERR,ERR,ERR,ERR,ERR,ERR,ERR,ERR,ERR,ERR,ERR,ERR,ERR,ERR,ERR,ERR,ERR,ERR,ERR,ERR,ERR,ERR,ERR,ERR,ERR,ERR,ERR,ERR,ERR,ERR,ERR,ERR,ERR,ERR,ERR,ERR,ERR,ERR,ERR,ERR,ERR,ERR,ERR,ERR,ERR,ERR,ERR,ERR,ERR,ERR,ERR,ERR,ERR,ERR,ERR,ERR,ERR,ERR,ERR,ERR,ERR,ERR,ERR,ERR,ERR,ERR,ERR,ERR,ERR,ERR,ERR,ERR,ERR,ERR,ERR,ERR,ERR,ERR,ERR,ERR,ERR,ERR,ERR,ERR,ERR,ERR,ERR,ERR,ERR,ERR,ERR,ERR,ERR,ERR,ERR,ERR,ERR,ERR,ERR,ERR,ERR,ERR,ERR,ERR,ERR,ERR,ERR,ERR,ERR,ERR,ERR,ERR,ERR,0.0,0.0,0.0,0.0,0.0,1.3936040501711995e+18,7.805,0.0,0,0,4,0,7116,0.0,100,0.0,0.0,0.0,0.0,0.0,0,0,0,0,0.0,0,0,0,0,0,0,0,0,0,0,0,0,0,0,0,0,0,0,0,0,0,0,0,0,0,0,0,0,0,0,0,0,0,31,40,40,71,65476,0,300,0,0,8,21553,0.0,-107605600.0,0.0,0.0,0.0,0.0,0.0,0.0,0.0,0.0,0.0,0.0,0.0,0.0,0.0,0.0,0.0,0.0,0.0,0.0,0.0,0.0,-2.004,0.0,-0.0,2.004,0.0,0.0,0.0,0.0,4489.0,-564144759635968.0,6939.0,0.0,0.0,-107615168.0,-107615304.0,0.0,0.0,0.0,0.0,69,-89221.141,89220.406,0.0,0.0,0.0,0.0,0.0,0.0,0.0,0,0,0,0.0,0.0,0.0,0.0,0.0,0.0,0.0,0.0,0.0,0.0,0.0,0.0,0.0,0.0,0.0,0.0,0,-107875648.0,69,0.0,138,0.0,2.6474720257151824e+23,0,26215,17085,26215,17099,52429,17079,0,0,0,70,68,100,2.7302399002429377e+23,82.3,-107615448.0,77.8,-0.0,78.5,1,49,50,180,26215,0,0,0,0.0,0.0,0.0,0.0,-0.0,67.0,0.0,162057.094,0.0,972,0,995,0,0,0,947,0,1017,0,919,0,788,0,778,0,821,0,7520,0.032,4.121694378969478e+19,0.0,0.0,784,16797,-0.0,162057.094,-114818.039,-0.0,0.133,6.909358625270745e+28,30.0,70.0,35,0.0,0.0,0.0,0.0,0.0,0.0,0.0,0.0,0.0,0.0,0.0,0.0,0.0,0.0,0.0,0.0,66.8,0,150,71,51,65476,0,300,0,0,8,20529,65476,0,0,44564,70.0,0.0,0.0,0.0,0.0,0.0
2026-09-10T21:44:49,ERR,ERR,ERR,ERR,ERR,ERR,ERR,ERR,ERR,ERR,ERR,ERR,ERR,ERR,ERR,ERR,ERR,ERR,ERR,ERR,ERR,ERR,ERR,ERR,ERR,ERR,ERR,ERR,ERR,ERR,ERR,ERR,ERR,ERR,ERR,ERR,ERR,ERR,ERR,ERR,ERR,ERR,ERR,ERR,ERR,ERR,ERR,ERR,ERR,ERR,ERR,ERR,ERR,ERR,ERR,ERR,ERR,ERR,ERR,ERR,ERR,ERR,ERR,ERR,ERR,ERR,ERR,ERR,ERR,ERR,ERR,ERR,ERR,ERR,ERR,ERR,ERR,ERR,ERR,ERR,ERR,ERR,ERR,ERR,ERR,ERR,ERR,ERR,ERR,ERR,ERR,ERR,ERR,ERR,ERR,ERR,ERR,ERR,ERR,ERR,ERR,ERR,ERR,ERR,ERR,ERR,ERR,ERR,ERR,ERR,ERR,ERR,ERR,ERR,ERR,ERR,ERR,ERR,ERR,ERR,ERR,ERR,ERR,ERR,ERR,0.0,0.0,0.0,0.0,0.0,1.3936040501711995e+18,7.805,0.0,0,0,4,0,7116,0.0,100,0.0,0.0,0.0,0.0,0.0,0,0,0,0,0.0,0,0,0,0,0,0,0,0,0,0,0,0,0,0,0,0,0,0,0,0,0,0,0,0,0,0,0,0,0,0,0,0,0,31,40,40,71,65476,0,300,0,0,8,21553,0.0,-107605600.0,0.0,0.0,0.0,0.0,0.0,0.0,0.0,0.0,0.0,0.0,0.0,0.0,0.0,0.0,0.0,0.0,0.0,0.0,0.0,0.0,-2.004,0.0,-0.0,2.004,0.0,0.0,0.0,0.0,4514.0,0.0,6919.0,0.0,0.0,-107615168.0,-107615304.0,0.0,0.0,0.0,0.0,69,-0.0,-0.0,0.0,0.0,0.0,0.0,0.0,0.0,0.0,0,0,0,0.0,0.0,0.0,0.0,0.0,0.0,0.0,0.0,0.0,0.0,0.0,0.0,0.0,0.0,0.0,0.0,0,-107875648.0,69,0.0,138,0.0,2.6474720257151824e+23,0,26215,17085,26215,17099,52429,17079,0,0,0,70,68,100,2.7302399002429377e+23,82.3,-107615448.0,77.8,-0.0,78.5,1,49,50,180,26215,0,0,0,0.0,0.0,0.0,0.0,-0.0,67.0,0.0,162057.094,0.0,972,0,995,0,0,0,947,0,1017,0,919,0,788,0,778,0,821,0,7520,0.032,4.121694378969478e+19,0.0,0.0,784,16797,-0.0,162057.094,-114818.039,-0.0,0.133,6.909358625270745e+28,30.0,70.0,35,0.0,0.0,0.0,0.0,0.0,0.0,0.0,0.0,0.0,0.0,0.0,0.0,0.0,0.0,0.0,0.0,66.8,0,150,71,51,65476,0,300,0,0,8,20529,65476,0,0,44564,70.0,0.0,0.0,0.0,0.0,0.0
2026-09-10T21:44:50,ERR,ERR,ERR,ERR,ERR,ERR,ERR,ERR,ERR,ERR,ERR,ERR,ERR,ERR,ERR,ERR,ERR,ERR,ERR,ERR,ERR,ERR,ERR,ERR,ERR,ERR,ERR,ERR,ERR,ERR,ERR,ERR,ERR,ERR,ERR,ERR,ERR,ERR,ERR,ERR,ERR,ERR,ERR,ERR,ERR,ERR,ERR,ERR,ERR,ERR,ERR,ERR,ERR,ERR,ERR,ERR,ERR,ERR,ERR,ERR,ERR,ERR,ERR,ERR,ERR,ERR,ERR,ERR,ERR,ERR,ERR,ERR,ERR,ERR,ERR,ERR,ERR,ERR,ERR,ERR,ERR,ERR,ERR,ERR,ERR,ERR,ERR,ERR,ERR,ERR,ERR,ERR,ERR,ERR,ERR,ERR,ERR,ERR,ERR,ERR,ERR,ERR,ERR,ERR,ERR,ERR,ERR,ERR,ERR,ERR,ERR,ERR,ERR,ERR,ERR,ERR,ERR,ERR,ERR,ERR,ERR,ERR,ERR,ERR,ERR,0.0,0.0,0.0,0.0,0.0,1.3936040501711995e+18,7.805,0.0,0,0,4,0,7116,0.0,100,0.0,0.0,0.0,0.0,0.0,0,0,0,0,0.0,0,0,0,0,0,0,0,0,0,0,0,0,0,0,0,0,0,0,0,0,0,0,0,0,0,0,0,0,0,0,0,0,0,31,40,40,71,65476,0,300,0,0,8,21553,0.0,-107605600.0,0.0,0.0,0.0,0.0,0.0,0.0,0.0,0.0,0.0,0.0,0.0,0.0,0.0,0.0,0.0,0.0,0.0,0.0,0.0,0.0,-2.004,0.0,-0.0,2.004,0.0,0.0,0.0,0.0,4514.0,0.0,6919.0,0.0,0.0,-107615168.0,-107615304.0,0.0,0.0,0.0,0.0,69,-0.0,-0.0,0.0,0.0,0.0,0.0,0.0,0.0,0.0,0,0,0,0.0,0.0,0.0,0.0,0.0,0.0,0.0,0.0,0.0,0.0,0.0,0.0,0.0,0.0,0.0,0.0,0,-107875648.0,69,0.0,138,0.0,2.6474720257151824e+23,0,26215,17085,26215,17099,52429,17079,0,0,0,70,68,100,2.7302399002429377e+23,82.3,-107615448.0,77.8,-0.0,78.5,1,49,50,180,26215,0,0,0,0.0,0.0,0.0,0.0,-0.0,67.0,0.0,162057.094,0.0,972,0,995,0,0,0,947,0,1017,0,919,0,788,0,778,0,821,0,7520,0.032,4.121694378969478e+19,0.0,0.0,784,16797,-0.0,162057.094,-114818.039,-0.0,0.133,6.909358625270745e+28,30.0,70.0,35,0.0,0.0,0.0,0.0,0.0,0.0,0.0,0.0,0.0,0.0,0.0,0.0,0.0,0.0,0.0,0.0,66.8,0,150,71,51,65476,0,300,0,0,8,20529,65476,0,0,44564,70.0,0.0,0.0,0.0,0.0,0.0
2026-09-10T21:44:51,ERR,ERR,ERR,ERR,ERR,ERR,ERR,ERR,ERR,ERR,ERR,ERR,ERR,ERR,ERR,ERR,ERR,ERR,ERR,ERR,ERR,ERR,ERR,ERR,ERR,ERR,ERR,ERR,ERR,ERR,ERR,ERR,ERR,ERR,ERR,ERR,ERR,ERR,ERR,ERR,ERR,ERR,ERR,ERR,ERR,ERR,ERR,ERR,ERR,ERR,ERR,ERR,ERR,ERR,ERR,ERR,ERR,ERR,ERR,ERR,ERR,ERR,ERR,ERR,ERR,ERR,ERR,ERR,ERR,ERR,ERR,ERR,ERR,ERR,ERR,ERR,ERR,ERR,ERR,ERR,ERR,ERR,ERR,ERR,ERR,ERR,ERR,ERR,ERR,ERR,ERR,ERR,ERR,ERR,ERR,ERR,ERR,ERR,ERR,ERR,ERR,ERR,ERR,ERR,ERR,ERR,ERR,ERR,ERR,ERR,ERR,ERR,ERR,ERR,ERR,ERR,ERR,ERR,ERR,ERR,ERR,ERR,ERR,ERR,ERR,0.0,0.0,0.0,0.0,0.0,1.3936040501711995e+18,7.805,0.0,0,0,4,0,7116,0.0,100,0.0,0.0,0.0,0.0,0.0,0,0,0,0,0.0,0,0,0,0,0,0,0,0,0,0,0,0,0,0,0,0,0,0,0,0,0,0,0,0,0,0,0,0,0,0,0,0,0,31,40,40,71,65476,0,300,0,0,8,21553,0.0,-107605600.0,0.0,0.0,0.0,0.0,0.0,0.0,0.0,0.0,0.0,0.0,0.0,0.0,0.0,0.0,0.0,0.0,0.0,0.0,0.0,0.0,-2.004,0.0,-0.0,2.004,0.0,0.0,0.0,0.0,4514.0,0.0,6919.0,0.0,0.0,-107615168.0,-107615304.0,0.0,0.0,0.0,0.0,69,-0.0,-0.0,0.0,0.0,0.0,0.0,0.0,0.0,0.0,0,0,0,0.0,0.0,0.0,0.0,0.0,0.0,0.0,0.0,0.0,0.0,0.0,0.0,0.0,0.0,0.0,0.0,0,-107875648.0,69,0.0,138,0.0,2.6474720257151824e+23,0,26215,17085,26215,17099,52429,17079,0,0,0,70,68,100,2.7302399002429377e+23,82.3,-107615448.0,77.8,-0.0,78.5,1,49,50,180,26215,0,0,0,0.0,0.0,0.0,0.0,-0.0,67.0,0.0,162057.094,0.0,972,0,995,0,0,0,947,0,1017,0,919,0,788,0,778,0,821,0,7520,0.032,4.121694378969478e+19,0.0,0.0,784,16797,-0.0,162057.094,-114818.039,-0.0,0.133,6.909358625270745e+28,30.0,70.0,35,0.0,0.0,0.0,0.0,0.0,0.0,0.0,0.0,0.0,0.0,0.0,0.0,0.0,0.0,0.0,0.0,66.8,0,150,71,51,65476,0,300,0,0,8,20529,65476,0,0,44564,70.0,0.0,0.0,0.0,0.0,0.0
2026-09-10T21:44:52,ERR,ERR,ERR,ERR,ERR,ERR,ERR,ERR,ERR,ERR,ERR,ERR,ERR,ERR,ERR,ERR,ERR,ERR,ERR,ERR,ERR,ERR,ERR,ERR,ERR,ERR,ERR,ERR,ERR,ERR,ERR,ERR,ERR,ERR,ERR,ERR,ERR,ERR,ERR,ERR,ERR,ERR,ERR,ERR,ERR,ERR,ERR,ERR,ERR,ERR,ERR,ERR,ERR,ERR,ERR,ERR,ERR,ERR,ERR,ERR,ERR,ERR,ERR,ERR,ERR,ERR,ERR,ERR,ERR,ERR,ERR,ERR,ERR,ERR,ERR,ERR,ERR,ERR,ERR,ERR,ERR,ERR,ERR,ERR,ERR,ERR,ERR,ERR,ERR,ERR,ERR,ERR,ERR,ERR,ERR,ERR,ERR,ERR,ERR,ERR,ERR,ERR,ERR,ERR,ERR,ERR,ERR,ERR,ERR,ERR,ERR,ERR,ERR,ERR,ERR,ERR,ERR,ERR,ERR,ERR,ERR,ERR,ERR,ERR,ERR,0.0,0.0,0.0,0.0,0.0,1.3936040501711995e+18,7.805,0.0,0,0,4,0,7116,0.0,100,0.0,0.0,0.0,0.0,0.0,0,0,0,0,0.0,0,0,0,0,0,0,0,0,0,0,0,0,0,0,0,0,0,0,0,0,0,0,0,0,0,0,0,0,0,0,0,0,0,31,40,40,71,65476,0,300,0,0,8,21553,0.0,-107605600.0,0.0,0.0,0.0,0.0,0.0,0.0,0.0,0.0,0.0,0.0,0.0,0.0,0.0,0.0,0.0,0.0,0.0,0.0,0.0,0.0,-2.004,0.0,-0.0,2.004,0.0,0.0,0.0,0.0,4514.0,0.0,6919.0,0.0,0.0,-107615168.0,-107615304.0,0.0,0.0,0.0,0.0,69,-0.0,-0.0,0.0,0.0,0.0,0.0,0.0,0.0,0.0,0,0,0,0.0,0.0,0.0,0.0,0.0,0.0,0.0,0.0,0.0,0.0,0.0,0.0,0.0,0.0,0.0,0.0,0,-107875648.0,69,0.0,138,0.0,2.6474720257151824e+23,0,26215,17085,26215,17099,52429,17079,0,0,0,70,68,100,2.7302399002429377e+23,82.3,-107615448.0,77.8,-0.0,78.5,1,49,50,180,26215,0,0,0,0.0,0.0,0.0,0.0,-0.0,67.0,0.0,162057.094,0.0,972,0,995,0,0,0,947,0,1017,0,919,0,788,0,778,0,821,0,7520,0.032,4.121694378969478e+19,0.0,0.0,784,16797,-0.0,162057.094,-114818.039,-0.0,0.133,6.909358625270745e+28,30.0,70.0,35,0.0,0.0,0.0,0.0,0.0,0.0,0.0,0.0,0.0,0.0,0.0,0.0,0.0,0.0,0.0,0.0,66.4,0,150,71,51,65476,0,300,0,0,8,20529,65476,0,0,44564,70.0,0.0,0.0,0.0,0.0,0.0
2026-09-10T21:44:53,ERR,ERR,ERR,ERR,ERR,ERR,ERR,ERR,ERR,ERR,ERR,ERR,ERR,ERR,ERR,ERR,ERR,ERR,ERR,ERR,ERR,ERR,ERR,ERR,ERR,ERR,ERR,ERR,ERR,ERR,ERR,ERR,ERR,ERR,ERR,ERR,ERR,ERR,ERR,ERR,ERR,ERR,ERR,ERR,ERR,ERR,ERR,ERR,ERR,ERR,ERR,ERR,ERR,ERR,ERR,ERR,ERR,ERR,ERR,ERR,ERR,ERR,ERR,ERR,ERR,ERR,ERR,ERR,ERR,ERR,ERR,ERR,ERR,ERR,ERR,ERR,ERR,ERR,ERR,ERR,ERR,ERR,ERR,ERR,ERR,ERR,ERR,ERR,ERR,ERR,ERR,ERR,ERR,ERR,ERR,ERR,ERR,ERR,ERR,ERR,ERR,ERR,ERR,ERR,ERR,ERR,ERR,ERR,ERR,ERR,ERR,ERR,ERR,ERR,ERR,ERR,ERR,ERR,ERR,ERR,ERR,ERR,ERR,ERR,ERR,0.0,0.0,0.0,0.0,0.0,1.3936040501711995e+18,7.805,0.0,0,0,4,0,7116,0.0,100,0.0,0.0,0.0,0.0,0.0,0,0,0,0,0.0,0,0,0,0,0,0,0,0,0,0,0,0,0,0,0,0,0,0,0,0,0,0,0,0,0,0,0,0,0,0,0,0,0,31,40,40,71,65476,0,300,0,0,8,21553,0.0,-107605600.0,0.0,0.0,0.0,0.0,0.0,0.0,0.0,0.0,0.0,0.0,0.0,0.0,0.0,0.0,0.0,0.0,0.0,0.0,0.0,0.0,-2.004,0.0,-0.0,2.004,0.0,0.0,0.0,0.0,4514.0,0.0,6919.0,0.0,0.0,-107615168.0,-107615304.0,0.0,0.0,0.0,0.0,69,-0.0,-0.0,0.0,0.0,0.0,0.0,0.0,0.0,0.0,0,0,0,0.0,0.0,0.0,0.0,0.0,0.0,0.0,0.0,0.0,0.0,0.0,0.0,0.0,0.0,0.0,0.0,0,-107875648.0,69,0.0,138,0.0,2.6474720257151824e+23,0,26215,17085,26215,17099,52429,17079,0,0,0,70,68,100,2.7302399002429377e+23,82.3,-107615448.0,77.8,-0.0,78.5,1,49,50,180,26215,0,0,0,0.0,0.0,0.0,0.0,-0.0,67.0,0.0,162057.094,0.0,972,0,995,0,0,0,947,0,1017,0,919,0,788,0,778,0,821,0,7520,0.032,4.121694378969478e+19,0.0,0.0,784,16797,-0.0,162057.094,-114818.039,-0.0,0.133,6.909358625270745e+28,30.0,70.0,35,0.0,0.0,0.0,0.0,0.0,0.0,0.0,0.0,0.0,0.0,0.0,0.0,0.0,0.0,0.0,0.0,66.4,0,150,71,51,65476,0,300,0,0,8,20529,65476,0,0,44564,70.0,0.0,0.0,0.0,0.0,0.0
2026-09-10T21:44:54,ERR,ERR,ERR,ERR,ERR,ERR,ERR,ERR,ERR,ERR,ERR,ERR,ERR,ERR,ERR,ERR,ERR,ERR,ERR,ERR,ERR,ERR,ERR,ERR,ERR,ERR,ERR,ERR,ERR,ERR,ERR,ERR,ERR,ERR,ERR,ERR,ERR,ERR,ERR,ERR,ERR,ERR,ERR,ERR,ERR,ERR,ERR,ERR,ERR,ERR,ERR,ERR,ERR,ERR,ERR,ERR,ERR,ERR,ERR,ERR,ERR,ERR,ERR,ERR,ERR,ERR,ERR,ERR,ERR,ERR,ERR,ERR,ERR,ERR,ERR,ERR,ERR,ERR,ERR,ERR,ERR,ERR,ERR,ERR,ERR,ERR,ERR,ERR,ERR,ERR,ERR,ERR,ERR,ERR,ERR,ERR,ERR,ERR,ERR,ERR,ERR,ERR,ERR,ERR,ERR,ERR,ERR,ERR,ERR,ERR,ERR,ERR,ERR,ERR,ERR,ERR,ERR,ERR,ERR,ERR,ERR,ERR,ERR,ERR,ERR,0.0,0.0,0.0,0.0,0.0,1.3936040501711995e+18,7.805,0.0,0,0,4,0,7116,0.0,100,0.0,0.0,0.0,0.0,0.0,0,0,0,0,0.0,0,0,0,0,0,0,0,0,0,0,0,0,0,0,0,0,0,0,0,0,0,0,0,0,0,0,0,0,0,0,0,0,0,31,40,40,71,65476,0,300,0,0,8,21553,0.0,-107605600.0,0.0,0.0,0.0,0.0,0.0,0.0,0.0,0.0,0.0,0.0,0.0,0.0,0.0,0.0,0.0,0.0,0.0,0.0,0.0,0.0,-2.004,0.0,-0.0,2.004,0.0,0.0,0.0,0.0,4514.0,0.0,6919.0,0.0,0.0,-107615168.0,-107615304.0,0.0,0.0,0.0,0.0,69,-0.0,-0.0,0.0,0.0,0.0,0.0,0.0,0.0,0.0,0,0,0,0.0,0.0,0.0,0.0,0.0,0.0,0.0,0.0,0.0,0.0,0.0,0.0,0.0,0.0,0.0,0.0,0,-107875648.0,69,0.0,138,0.0,2.6474720257151824e+23,0,26215,17085,26215,17099,0,17080,0,0,0,70,68,100,0.0,82.3,-0.0,77.8,-0.0,78.5,1,49,50,180,26215,0,0,0,0.0,0.0,0.0,0.0,-0.0,67.0,0.0,162057.094,0.0,971,0,995,0,0,0,947,0,1017,0,920,0,788,0,778,0,822,0,7520,0.032,3.0120074307853877e+19,0.0,0.0,784,16797,-0.0,162057.094,-114818.039,-0.0,0.133,6.909358625270745e+28,30.0,70.0,35,0.0,0.0,0.0,0.0,0.0,0.0,0.0,0.0,0.0,0.0,0.0,0.0,0.0,0.0,0.0,0.0,66.4,0,150,71,51,65476,0,300,0,0,8,20529,65476,0,0,44564,70.0,0.0,0.0,0.0,0.0,0.0
2026-09-10T21:44:55,ERR,ERR,ERR,ERR,ERR,ERR,ERR,ERR,ERR,ERR,ERR,ERR,ERR,ERR,ERR,ERR,ERR,ERR,ERR,ERR,ERR,ERR,ERR,ERR,ERR,ERR,ERR,ERR,ERR,ERR,ERR,ERR,ERR,ERR,ERR,ERR,ERR,ERR,ERR,ERR,ERR,ERR,ERR,ERR,ERR,ERR,ERR,ERR,ERR,ERR,ERR,ERR,ERR,ERR,ERR,ERR,ERR,ERR,ERR,ERR,ERR,ERR,ERR,ERR,ERR,ERR,ERR,ERR,ERR,ERR,ERR,ERR,ERR,ERR,ERR,ERR,ERR,ERR,ERR,ERR,ERR,ERR,ERR,ERR,ERR,ERR,ERR,ERR,ERR,ERR,ERR,ERR,ERR,ERR,ERR,ERR,ERR,ERR,ERR,ERR,ERR,ERR,ERR,ERR,ERR,ERR,ERR,ERR,ERR,ERR,ERR,ERR,ERR,ERR,ERR,ERR,ERR,ERR,ERR,ERR,ERR,ERR,ERR,ERR,ERR,0.0,0.0,0.0,0.0,0.0,1.3936040501711995e+18,7.805,0.0,0,0,4,0,7116,0.0,100,0.0,0.0,0.0,0.0,0.0,0,0,0,0,0.0,0,0,0,0,0,0,0,0,0,0,0,0,0,0,0,0,0,0,0,0,0,0,0,0,0,0,0,0,0,0,0,0,0,31,40,40,71,65476,0,300,0,0,8,21553,0.0,-107605600.0,0.0,0.0,0.0,0.0,0.0,0.0,0.0,0.0,0.0,0.0,0.0,0.0,0.0,0.0,0.0,0.0,0.0,0.0,0.0,0.0,-2.004,0.0,-0.0,2.004,0.0,0.0,0.0,0.0,4514.0,0.0,6919.0,0.0,0.0,-107615168.0,-107615304.0,0.0,0.0,0.0,0.0,69,-0.0,-0.0,0.0,0.0,0.0,0.0,0.0,0.0,0.0,0,0,0,0.0,0.0,0.0,0.0,0.0,0.0,0.0,0.0,0.0,0.0,0.0,0.0,0.0,0.0,0.0,0.0,0,-107875648.0,69,0.0,138,0.0,2.6474720257151824e+23,0,26215,17085,26215,17099,0,17080,0,0,0,70,68,100,0.0,82.3,-0.0,77.8,-0.0,78.5,1,49,50,180,26215,0,0,0,0.0,0.0,0.0,0.0,-0.0,67.0,0.0,162057.094,0.0,971,0,995,0,0,0,947,0,1017,0,920,0,788,0,778,0,822,0,7520,0.032,3.0120074307853877e+19,0.0,0.0,784,16797,-0.0,162057.094,-114818.039,-0.0,0.133,6.909358625270745e+28,30.0,70.0,35,0.0,0.0,0.0,0.0,0.0,0.0,0.0,0.0,0.0,0.0,0.0,0.0,0.0,0.0,0.0,0.0,66.8,0,150,71,51,65476,0,300,0,0,8,20529,65476,0,0,44564,70.0,0.0,0.0,0.0,0.0,0.0
2026-09-10T21:44:56,ERR,ERR,ERR,ERR,ERR,ERR,ERR,ERR,ERR,ERR,ERR,ERR,ERR,ERR,ERR,ERR,ERR,ERR,ERR,ERR,ERR,ERR,ERR,ERR,ERR,ERR,ERR,ERR,ERR,ERR,ERR,ERR,ERR,ERR,ERR,ERR,ERR,ERR,ERR,ERR,ERR,ERR,ERR,ERR,ERR,ERR,ERR,ERR,ERR,ERR,ERR,ERR,ERR,ERR,ERR,ERR,ERR,ERR,ERR,ERR,ERR,ERR,ERR,ERR,ERR,ERR,ERR,ERR,ERR,ERR,ERR,ERR,ERR,ERR,ERR,ERR,ERR,ERR,ERR,ERR,ERR,ERR,ERR,ERR,ERR,ERR,ERR,ERR,ERR,ERR,ERR,ERR,ERR,ERR,ERR,ERR,ERR,ERR,ERR,ERR,ERR,ERR,ERR,ERR,ERR,ERR,ERR,ERR,ERR,ERR,ERR,ERR,ERR,ERR,ERR,ERR,ERR,ERR,ERR,ERR,ERR,ERR,ERR,ERR,ERR,0.0,0.0,0.0,0.0,0.0,1.3936040501711995e+18,7.805,0.0,0,0,4,0,7116,0.0,100,0.0,0.0,0.0,0.0,0.0,0,0,0,0,0.0,0,0,0,0,0,0,0,0,0,0,0,0,0,0,0,0,0,0,0,0,0,0,0,0,0,0,0,0,0,0,0,0,0,31,40,40,71,65476,0,300,0,0,8,21553,0.0,-107605600.0,0.0,0.0,0.0,0.0,0.0,0.0,0.0,0.0,0.0,0.0,0.0,0.0,0.0,0.0,0.0,0.0,0.0,0.0,0.0,0.0,-2.004,0.0,-0.0,2.004,0.0,0.0,0.0,0.0,4514.0,0.0,6919.0,0.0,0.0,-107615168.0,-107615304.0,0.0,0.0,0.0,0.0,69,-0.0,-0.0,0.0,0.0,0.0,0.0,0.0,0.0,0.0,0,0,0,0.0,0.0,0.0,0.0,0.0,0.0,0.0,0.0,0.0,0.0,0.0,0.0,0.0,0.0,0.0,0.0,0,-107875648.0,69,0.0,138,0.0,2.6474720257151824e+23,0,26215,17085,26215,17099,0,17080,0,0,0,70,68,100,0.0,82.3,-0.0,77.8,-0.0,78.5,1,49,50,180,26215,0,0,0,0.0,0.0,0.0,0.0,-0.0,67.0,0.0,162057.094,0.0,971,0,995,0,0,0,947,0,1017,0,920,0,788,0,778,0,822,0,7520,0.032,3.0120074307853877e+19,0.0,0.0,784,16797,-0.0,162057.094,-114818.039,-0.0,0.133,6.909358625270745e+28,30.0,70.0,35,0.0,0.0,0.0,0.0,0.0,0.0,0.0,0.0,0.0,0.0,0.0,0.0,0.0,0.0,0.0,0.0,66.8,0,150,71,51,65476,0,300,0,0,8,20529,65476,0,0,44564,70.0,0.0,0.0,0.0,0.0,0.0
2026-09-10T21:44:57,ERR,ERR,ERR,ERR,ERR,ERR,ERR,ERR,ERR,ERR,ERR,ERR,ERR,ERR,ERR,ERR,ERR,ERR,ERR,ERR,ERR,ERR,ERR,ERR,ERR,ERR,ERR,ERR,ERR,ERR,ERR,ERR,ERR,ERR,ERR,ERR,ERR,ERR,ERR,ERR,ERR,ERR,ERR,ERR,ERR,ERR,ERR,ERR,ERR,ERR,ERR,ERR,ERR,ERR,ERR,ERR,ERR,ERR,ERR,ERR,ERR,ERR,ERR,ERR,ERR,ERR,ERR,ERR,ERR,ERR,ERR,ERR,ERR,ERR,ERR,ERR,ERR,ERR,ERR,ERR,ERR,ERR,ERR,ERR,ERR,ERR,ERR,ERR,ERR,ERR,ERR,ERR,ERR,ERR,ERR,ERR,ERR,ERR,ERR,ERR,ERR,ERR,ERR,ERR,ERR,ERR,ERR,ERR,ERR,ERR,ERR,ERR,ERR,ERR,ERR,ERR,ERR,ERR,ERR,ERR,ERR,ERR,ERR,ERR,ERR,0.0,0.0,0.0,0.0,0.0,1.3936040501711995e+18,7.805,0.0,0,0,4,0,7116,0.0,100,0.0,0.0,0.0,0.0,0.0,0,0,0,0,0.0,0,0,0,0,0,0,0,0,0,0,0,0,0,0,0,0,0,0,0,0,0,0,0,0,0,0,0,0,0,0,0,0,0,31,40,40,71,65476,0,300,0,0,8,21553,0.0,-107605600.0,0.0,0.0,0.0,0.0,0.0,0.0,0.0,0.0,0.0,0.0,0.0,0.0,0.0,0.0,0.0,0.0,0.0,0.0,0.0,0.0,-2.004,0.0,-0.0,2.004,0.0,0.0,0.0,0.0,4520.0,0.0,6915.0,0.0,0.0,-107615168.0,-107615304.0,0.0,0.0,0.0,0.0,69,-0.0,-0.0,0.0,0.0,0.0,0.0,0.0,0.0,0.0,0,0,0,0.0,0.0,0.0,0.0,0.0,0.0,0.0,0.0,0.0,0.0,0.0,0.0,0.0,0.0,0.0,0.0,0,-107875648.0,69,0.0,138,0.0,2.6474720257151824e+23,0,26215,17085,26215,17099,0,17080,0,0,0,70,68,100,0.0,82.3,-0.0,77.8,-0.0,78.5,1,49,50,180,26215,0,0,0,0.0,0.0,0.0,0.0,-0.0,67.0,0.0,162057.094,0.0,971,0,995,0,0,0,947,0,1017,0,920,0,788,0,778,0,822,0,7520,0.032,3.0120074307853877e+19,0.0,0.0,784,16797,-0.0,162057.094,-114818.039,-0.0,0.133,6.909358625270745e+28,30.0,70.0,35,0.0,0.0,0.0,0.0,0.0,0.0,0.0,0.0,0.0,0.0,0.0,0.0,0.0,0.0,0.0,0.0,66.4,0,150,71,51,65476,0,300,0,0,8,20529,65476,0,0,44564,70.0,0.0,0.0,0.0,0.0,0.0
2026-09-10T21:44:58,ERR,ERR,ERR,ERR,ERR,ERR,ERR,ERR,ERR,ERR,ERR,ERR,ERR,ERR,ERR,ERR,ERR,ERR,ERR,ERR,ERR,ERR,ERR,ERR,ERR,ERR,ERR,ERR,ERR,ERR,ERR,ERR,ERR,ERR,ERR,ERR,ERR,ERR,ERR,ERR,ERR,ERR,ERR,ERR,ERR,ERR,ERR,ERR,ERR,ERR,ERR,ERR,ERR,ERR,ERR,ERR,ERR,ERR,ERR,ERR,ERR,ERR,ERR,ERR,ERR,ERR,ERR,ERR,ERR,ERR,ERR,ERR,ERR,ERR,ERR,ERR,ERR,ERR,ERR,ERR,ERR,ERR,ERR,ERR,ERR,ERR,ERR,ERR,ERR,ERR,ERR,ERR,ERR,ERR,ERR,ERR,ERR,ERR,ERR,ERR,ERR,ERR,ERR,ERR,ERR,ERR,ERR,ERR,ERR,ERR,ERR,ERR,ERR,ERR,ERR,ERR,ERR,ERR,ERR,ERR,ERR,ERR,ERR,ERR,ERR,0.0,0.0,0.0,0.0,0.0,1.3936040501711995e+18,7.805,0.0,0,0,4,0,7116,0.0,100,0.0,0.0,0.0,0.0,0.0,0,0,0,0,0.0,0,0,0,0,0,0,0,0,0,0,0,0,0,0,0,0,0,0,0,0,0,0,0,0,0,0,0,0,0,0,0,0,0,31,40,40,71,65476,0,300,0,0,8,21553,0.0,-107605600.0,0.0,0.0,0.0,0.0,0.0,0.0,0.0,0.0,0.0,0.0,0.0,0.0,0.0,0.0,0.0,0.0,0.0,0.0,0.0,0.0,-2.004,0.0,-0.0,2.004,0.0,0.0,0.0,0.0,4520.0,0.0,6915.0,0.0,0.0,-107615168.0,-107615304.0,0.0,0.0,0.0,0.0,69,-0.0,-0.0,0.0,0.0,0.0,0.0,0.0,0.0,0.0,0,0,0,0.0,0.0,0.0,0.0,0.0,0.0,0.0,0.0,0.0,0.0,0.0,0.0,0.0,0.0,0.0,0.0,0,-107875648.0,69,0.0,138,0.0,2.6474720257151824e+23,0,26215,17085,26215,17099,0,17080,0,0,0,70,68,100,0.0,82.3,-0.0,77.8,-0.0,78.5,1,49,50,180,26215,0,0,0,0.0,0.0,0.0,0.0,-0.0,67.0,0.0,162057.094,0.0,971,0,995,0,0,0,947,0,1017,0,920,0,788,0,778,0,822,0,7520,0.032,3.0120074307853877e+19,0.0,0.0,784,16797,-0.0,162057.094,-114818.039,-0.0,0.133,6.909358625270745e+28,30.0,70.0,35,0.0,0.0,0.0,0.0,0.0,0.0,0.0,0.0,0.0,0.0,0.0,0.0,0.0,0.0,0.0,0.0,66.4,0,150,71,51,65476,0,300,0,0,8,20529,65476,0,0,44564,70.0,0.0,0.0,0.0,0.0,0.0
2026-09-10T21:44:59,ERR,ERR,ERR,ERR,ERR,ERR,ERR,ERR,ERR,ERR,ERR,ERR,ERR,ERR,ERR,ERR,ERR,ERR,ERR,ERR,ERR,ERR,ERR,ERR,ERR,ERR,ERR,ERR,ERR,ERR,ERR,ERR,ERR,ERR,ERR,ERR,ERR,ERR,ERR,ERR,ERR,ERR,ERR,ERR,ERR,ERR,ERR,ERR,ERR,ERR,ERR,ERR,ERR,ERR,ERR,ERR,ERR,ERR,ERR,ERR,ERR,ERR,ERR,ERR,ERR,ERR,ERR,ERR,ERR,ERR,ERR,ERR,ERR,ERR,ERR,ERR,ERR,ERR,ERR,ERR,ERR,ERR,ERR,ERR,ERR,ERR,ERR,ERR,ERR,ERR,ERR,ERR,ERR,ERR,ERR,ERR,ERR,ERR,ERR,ERR,ERR,ERR,ERR,ERR,ERR,ERR,ERR,ERR,ERR,ERR,ERR,ERR,ERR,ERR,ERR,ERR,ERR,ERR,ERR,ERR,ERR,ERR,ERR,ERR,ERR,0.0,0.0,0.0,0.0,0.0,1.3936040501711995e+18,7.805,0.0,0,0,4,0,7116,0.0,100,0.0,0.0,0.0,0.0,0.0,0,0,0,0,0.0,0,0,0,0,0,0,0,0,0,0,0,0,0,0,0,0,0,0,0,0,0,0,0,0,0,0,0,0,0,0,0,0,0,31,40,40,71,65476,0,300,0,0,8,21553,0.0,-107605600.0,0.0,0.0,0.0,0.0,0.0,0.0,0.0,0.0,0.0,0.0,0.0,0.0,0.0,0.0,0.0,0.0,0.0,0.0,0.0,0.0,-2.004,0.0,-0.0,2.004,0.0,0.0,0.0,0.0,4520.0,0.0,6915.0,0.0,0.0,-107615168.0,-107615304.0,0.0,0.0,0.0,0.0,69,-0.0,-0.0,0.0,0.0,0.0,0.0,0.0,0.0,0.0,0,0,0,0.0,0.0,0.0,0.0,0.0,0.0,0.0,0.0,0.0,0.0,0.0,0.0,0.0,0.0,0.0,0.0,0,-107875648.0,69,0.0,138,0.0,2.6474720257151824e+23,0,26215,17085,26215,17099,0,17080,0,0,0,70,68,100,0.0,82.3,-0.0,77.8,-0.0,78.5,1,49,50,180,13107,0,0,0,0.0,0.0,0.0,0.0,-0.0,67.0,0.0,162057.094,0.0,971,0,995,0,0,0,947,0,1017,0,920,0,788,0,779,0,821,0,7520,0.032,4.150517416584649e+19,0.0,0.0,784,16797,-0.0,162057.094,-114818.039,-0.0,0.133,6.909358625270745e+28,30.0,70.0,35,0.0,0.0,0.0,0.0,0.0,0.0,0.0,0.0,0.0,0.0,0.0,0.0,0.0,0.0,0.0,0.0,66.4,0,150,71,51,65476,0,300,0,0,8,20529,65476,0,0,44564,70.0,0.0,0.0,0.0,0.0,0.0
2026-09-10T21:45:00,ERR,ERR,ERR,ERR,ERR,ERR,ERR,ERR,ERR,ERR,ERR,ERR,ERR,ERR,ERR,ERR,ERR,ERR,ERR,ERR,ERR,ERR,ERR,ERR,ERR,ERR,ERR,ERR,ERR,ERR,ERR,ERR,ERR,ERR,ERR,ERR,ERR,ERR,ERR,ERR,ERR,ERR,ERR,ERR,ERR,ERR,ERR,ERR,ERR,ERR,ERR,ERR,ERR,ERR,ERR,ERR,ERR,ERR,ERR,ERR,ERR,ERR,ERR,ERR,ERR,ERR,ERR,ERR,ERR,ERR,ERR,ERR,ERR,ERR,ERR,ERR,ERR,ERR,ERR,ERR,ERR,ERR,ERR,ERR,ERR,ERR,ERR,ERR,ERR,ERR,ERR,ERR,ERR,ERR,ERR,ERR,ERR,ERR,ERR,ERR,ERR,ERR,ERR,ERR,ERR,ERR,ERR,ERR,ERR,ERR,ERR,ERR,ERR,ERR,ERR,ERR,ERR,ERR,ERR,ERR,ERR,ERR,ERR,ERR,ERR,0.0,0.0,0.0,0.0,0.0,1.3936040501711995e+18,7.805,0.0,0,0,4,0,7116,0.0,100,0.0,0.0,0.0,0.0,0.0,0,0,0,0,0.0,0,0,0,0,0,0,0,0,0,0,0,0,0,0,0,0,0,0,0,0,0,0,0,0,0,0,0,0,0,0,0,0,0,31,40,40,71,65476,0,300,0,0,8,21553,0.0,-107605600.0,0.0,0.0,0.0,0.0,0.0,0.0,0.0,0.0,0.0,0.0,0.0,0.0,0.0,0.0,0.0,0.0,0.0,0.0,0.0,0.0,-2.004,0.0,-0.0,2.004,0.0,0.0,0.0,0.0,4520.0,0.0,6915.0,0.0,0.0,-107615168.0,-107615304.0,0.0,0.0,0.0,0.0,69,-0.0,-0.0,0.0,0.0,0.0,0.0,0.0,0.0,0.0,0,0,0,0.0,0.0,0.0,0.0,0.0,0.0,0.0,0.0,0.0,0.0,0.0,0.0,0.0,0.0,0.0,0.0,0,-107875648.0,69,0.0,138,0.0,2.6474720257151824e+23,0,26215,17085,26215,17099,0,17080,0,0,0,70,68,100,0.0,82.3,-0.0,77.8,-0.0,78.5,1,49,50,180,13107,0,0,0,0.0,0.0,0.0,0.0,-0.0,67.0,0.0,162057.094,0.0,971,0,995,0,0,0,947,0,1017,0,920,0,788,0,779,0,821,0,7520,0.032,4.150517416584649e+19,0.0,0.0,784,16797,-0.0,162057.094,-114818.039,-0.0,0.133,6.909358625270745e+28,30.0,70.0,35,0.0,0.0,0.0,0.0,0.0,0.0,0.0,0.0,0.0,0.0,0.0,0.0,0.0,0.0,0.0,0.0,66.4,0,150,71,51,65476,0,300,0,0,8,20529,65476,0,0,44564,70.0,0.0,0.0,0.0,0.0,0.0
2026-09-10T21:45:01,ERR,ERR,ERR,ERR,ERR,ERR,ERR,ERR,ERR,ERR,ERR,ERR,ERR,ERR,ERR,ERR,ERR,ERR,ERR,ERR,ERR,ERR,ERR,ERR,ERR,ERR,ERR,ERR,ERR,ERR,ERR,ERR,ERR,ERR,ERR,ERR,ERR,ERR,ERR,ERR,ERR,ERR,ERR,ERR,ERR,ERR,ERR,ERR,ERR,ERR,ERR,ERR,ERR,ERR,ERR,ERR,ERR,ERR,ERR,ERR,ERR,ERR,ERR,ERR,ERR,ERR,ERR,ERR,ERR,ERR,ERR,ERR,ERR,ERR,ERR,ERR,ERR,ERR,ERR,ERR,ERR,ERR,ERR,ERR,ERR,ERR,ERR,ERR,ERR,ERR,ERR,ERR,ERR,ERR,ERR,ERR,ERR,ERR,ERR,ERR,ERR,ERR,ERR,ERR,ERR,ERR,ERR,ERR,ERR,ERR,ERR,ERR,ERR,ERR,ERR,ERR,ERR,ERR,ERR,ERR,ERR,ERR,ERR,ERR,ERR,0.0,0.0,0.0,0.0,0.0,1.3936040501711995e+18,7.805,0.0,0,0,4,0,7116,0.0,100,0.0,0.0,0.0,0.0,0.0,0,0,0,0,0.0,0,0,0,0,0,0,0,0,0,0,0,0,0,0,0,0,0,0,0,0,0,0,0,0,0,0,0,0,0,0,0,0,0,31,40,40,71,65476,0,300,0,0,8,21553,0.0,-107605600.0,0.0,0.0,0.0,0.0,0.0,0.0,0.0,0.0,0.0,0.0,0.0,0.0,0.0,0.0,0.0,0.0,0.0,0.0,0.0,0.0,-2.004,0.0,-0.0,2.004,0.0,0.0,0.0,0.0,4520.0,0.0,6915.0,0.0,0.0,-107615168.0,-107615304.0,0.0,0.0,0.0,0.0,69,-0.0,-0.0,0.0,0.0,0.0,0.0,0.0,0.0,0.0,0,0,0,0.0,0.0,0.0,0.0,0.0,0.0,0.0,0.0,0.0,0.0,0.0,0.0,0.0,0.0,0.0,0.0,0,-107875648.0,69,0.0,138,0.0,2.6474720257151824e+23,0,26215,17085,26215,17099,0,17080,0,0,0,70,68,100,0.0,82.3,-0.0,77.8,-0.0,78.5,1,49,50,180,13107,0,0,0,0.0,0.0,0.0,0.0,-0.0,67.0,0.0,162057.094,0.0,971,0,995,0,0,0,947,0,1017,0,920,0,788,0,779,0,821,0,7520,0.032,4.150517416584649e+19,0.0,0.0,784,16797,-0.0,162057.094,-114818.039,-0.0,0.133,6.909358625270745e+28,30.0,70.0,35,0.0,0.0,0.0,0.0,0.0,0.0,0.0,0.0,0.0,0.0,0.0,0.0,0.0,0.0,0.0,0.0,66.4,0,150,71,51,65476,0,300,0,0,8,20529,65476,0,0,44564,70.0,0.0,0.0,0.0,0.0,0.0
2026-09-10T21:45:02,ERR,ERR,ERR,ERR,ERR,ERR,ERR,ERR,ERR,ERR,ERR,ERR,ERR,ERR,ERR,ERR,ERR,ERR,ERR,ERR,ERR,ERR,ERR,ERR,ERR,ERR,ERR,ERR,ERR,ERR,ERR,ERR,ERR,ERR,ERR,ERR,ERR,ERR,ERR,ERR,ERR,ERR,ERR,ERR,ERR,ERR,ERR,ERR,ERR,ERR,ERR,ERR,ERR,ERR,ERR,ERR,ERR,ERR,ERR,ERR,ERR,ERR,ERR,ERR,ERR,ERR,ERR,ERR,ERR,ERR,ERR,ERR,ERR,ERR,ERR,ERR,ERR,ERR,ERR,ERR,ERR,ERR,ERR,ERR,ERR,ERR,ERR,ERR,ERR,ERR,ERR,ERR,ERR,ERR,ERR,ERR,ERR,ERR,ERR,ERR,ERR,ERR,ERR,ERR,ERR,ERR,ERR,ERR,ERR,ERR,ERR,ERR,ERR,ERR,ERR,ERR,ERR,ERR,ERR,ERR,ERR,ERR,ERR,ERR,ERR,0.0,0.0,0.0,0.0,0.0,1.3936040501711995e+18,7.805,0.0,0,0,4,0,7116,0.0,100,0.0,0.0,0.0,0.0,0.0,0,0,0,0,0.0,0,0,0,0,0,0,0,0,0,0,0,0,0,0,0,0,0,0,0,0,0,0,0,0,0,0,0,0,0,0,0,0,0,31,40,40,71,65476,0,300,0,0,8,21553,0.0,-107605600.0,0.0,0.0,0.0,0.0,0.0,0.0,0.0,0.0,0.0,0.0,0.0,0.0,0.0,0.0,0.0,0.0,0.0,0.0,0.0,0.0,-2.004,0.0,-0.0,2.004,0.0,0.0,0.0,0.0,4520.0,0.0,6915.0,0.0,0.0,-107615168.0,-107615304.0,0.0,0.0,0.0,0.0,69,-0.0,-0.0,0.0,0.0,0.0,0.0,0.0,0.0,0.0,0,0,0,0.0,0.0,0.0,0.0,0.0,0.0,0.0,0.0,0.0,0.0,0.0,0.0,0.0,0.0,0.0,0.0,0,-107875648.0,69,0.0,138,0.0,2.6474720257151824e+23,0,26215,17085,26215,17099,0,17080,0,0,0,70,68,100,0.0,82.3,-0.0,77.8,-0.0,78.5,1,49,50,180,13107,0,0,0,0.0,0.0,0.0,0.0,-0.0,67.0,0.0,162057.094,0.0,971,0,995,0,0,0,947,0,1017,0,920,0,788,0,779,0,821,0,7520,0.032,4.150517416584649e+19,0.0,0.0,784,16797,-0.0,162057.094,-114818.039,-0.0,0.133,6.909358625270745e+28,30.0,70.0,35,0.0,0.0,0.0,0.0,0.0,0.0,0.0,0.0,0.0,0.0,0.0,0.0,0.0,0.0,0.0,0.0,66.8,0,150,71,51,65476,0,300,0,0,8,20529,65476,0,0,44564,70.0,0.0,0.0,0.0,0.0,0.0
2026-09-10T21:45:03,ERR,ERR,ERR,ERR,ERR,ERR,ERR,ERR,ERR,ERR,ERR,ERR,ERR,ERR,ERR,ERR,ERR,ERR,ERR,ERR,ERR,ERR,ERR,ERR,ERR,ERR,ERR,ERR,ERR,ERR,ERR,ERR,ERR,ERR,ERR,ERR,ERR,ERR,ERR,ERR,ERR,ERR,ERR,ERR,ERR,ERR,ERR,ERR,ERR,ERR,ERR,ERR,ERR,ERR,ERR,ERR,ERR,ERR,ERR,ERR,ERR,ERR,ERR,ERR,ERR,ERR,ERR,ERR,ERR,ERR,ERR,ERR,ERR,ERR,ERR,ERR,ERR,ERR,ERR,ERR,ERR,ERR,ERR,ERR,ERR,ERR,ERR,ERR,ERR,ERR,ERR,ERR,ERR,ERR,ERR,ERR,ERR,ERR,ERR,ERR,ERR,ERR,ERR,ERR,ERR,ERR,ERR,ERR,ERR,ERR,ERR,ERR,ERR,ERR,ERR,ERR,ERR,ERR,ERR,ERR,ERR,ERR,ERR,ERR,ERR,0.0,0.0,0.0,0.0,0.0,1.3936040501711995e+18,7.805,0.0,0,0,4,0,7116,0.0,100,0.0,0.0,0.0,0.0,0.0,0,0,0,0,0.0,0,0,0,0,0,0,0,0,0,0,0,0,0,0,0,0,0,0,0,0,0,0,0,0,0,0,0,0,0,0,0,0,0,31,40,40,71,65476,0,300,0,0,8,21553,0.0,-107605600.0,0.0,0.0,0.0,0.0,0.0,0.0,0.0,0.0,0.0,0.0,0.0,0.0,0.0,0.0,0.0,0.0,0.0,0.0,0.0,0.0,-2.004,0.0,-0.0,2.004,0.0,0.0,0.0,0.0,4520.0,0.0,6915.0,0.0,0.0,-107615168.0,-107615304.0,0.0,0.0,0.0,0.0,69,-0.0,-0.0,0.0,0.0,0.0,0.0,0.0,0.0,0.0,0,0,0,0.0,0.0,0.0,0.0,0.0,0.0,0.0,0.0,0.0,0.0,0.0,0.0,0.0,0.0,0.0,0.0,0,-107875648.0,69,0.0,138,0.0,2.6474720257151824e+23,0,26215,17085,26215,17099,0,17080,0,0,0,70,68,100,0.0,82.3,-0.0,77.8,-0.0,78.5,1,49,50,180,13107,0,0,0,0.0,0.0,0.0,0.0,-0.0,67.0,0.0,162057.094,0.0,971,0,995,0,0,0,947,0,1017,0,920,0,788,0,779,0,821,0,7520,0.032,4.150517416584649e+19,0.0,0.0,784,16797,-0.0,162057.094,-114818.039,-0.0,0.133,6.909358625270745e+28,30.0,70.0,35,0.0,0.0,0.0,0.0,0.0,0.0,0.0,0.0,0.0,0.0,0.0,0.0,0.0,0.0,0.0,0.0,66.8,0,150,71,51,65476,0,300,0,0,8,20529,65476,0,0,44564,70.0,0.0,0.0,0.0,0.0,0.0
2026-09-10T21:45:04,ERR,ERR,ERR,ERR,ERR,ERR,ERR,ERR,ERR,ERR,ERR,ERR,ERR,ERR,ERR,ERR,ERR,ERR,ERR,ERR,ERR,ERR,ERR,ERR,ERR,ERR,ERR,ERR,ERR,ERR,ERR,ERR,ERR,ERR,ERR,ERR,ERR,ERR,ERR,ERR,ERR,ERR,ERR,ERR,ERR,ERR,ERR,ERR,ERR,ERR,ERR,ERR,ERR,ERR,ERR,ERR,ERR,ERR,ERR,ERR,ERR,ERR,ERR,ERR,ERR,ERR,ERR,ERR,ERR,ERR,ERR,ERR,ERR,ERR,ERR,ERR,ERR,ERR,ERR,ERR,ERR,ERR,ERR,ERR,ERR,ERR,ERR,ERR,ERR,ERR,ERR,ERR,ERR,ERR,ERR,ERR,ERR,ERR,ERR,ERR,ERR,ERR,ERR,ERR,ERR,ERR,ERR,ERR,ERR,ERR,ERR,ERR,ERR,ERR,ERR,ERR,ERR,ERR,ERR,ERR,ERR,ERR,ERR,ERR,ERR,0.0,0.0,0.0,0.0,0.0,1.3936040501711995e+18,7.805,0.0,0,0,4,0,7116,0.0,100,0.0,0.0,0.0,0.0,0.0,0,0,0,0,0.0,0,0,0,0,0,0,0,0,0,0,0,0,0,0,0,0,0,0,0,0,0,0,0,0,0,0,0,0,0,0,0,0,0,31,40,40,71,65476,0,300,0,0,8,21553,0.0,-107605600.0,0.0,0.0,0.0,0.0,0.0,0.0,0.0,0.0,0.0,0.0,0.0,0.0,0.0,0.0,0.0,0.0,0.0,0.0,0.0,0.0,-2.004,0.0,-0.0,0.0,0.0,0.0,0.0,0.0,4486.0,-3.69717909675028e+19,6940.0,0.0,0.0,-107615168.0,-0.0,0.0,0.0,0.0,0.0,69,-0.0,2.718413807909433e+23,0.0,0.0,0.0,0.0,0.0,0.0,0.0,0,0,0,0.0,0.0,0.0,0.0,0.0,0.0,0.0,0.0,0.0,0.0,0.0,0.0,0.0,0.0,0.0,0.0,0,-107875648.0,69,0.0,138,0.0,2.6474720257151824e+23,0,26215,17085,26215,17099,0,17080,0,0,0,70,68,100,2.7302399002429377e+23,82.3,-0.0,77.8,-0.0,78.5,1,49,50,180,13107,0,0,0,0.0,0.0,0.0,0.0,-0.0,67.0,0.0,162057.094,0.0,971,0,995,0,0,0,947,0,1017,0,920,0,788,0,778,0,821,0,7520,0.032,3.862287040432937e+19,0.0,0.0,784,16797,-0.0,162057.094,-114818.039,-0.0,0.133,6.909358625270745e+28,30.0,70.0,35,0.0,0.0,0.0,0.0,0.0,0.0,0.0,0.0,0.0,0.0,0.0,0.0,0.0,0.0,0.0,0.0,66.4,0,150,71,51,65476,0,300,0,0,8,20529,65476,0,0,44564,70.0,0.0,0.0,0.0,0.0,0.0
2026-09-10T21:45:05,ERR,ERR,ERR,ERR,ERR,ERR,ERR,ERR,ERR,ERR,ERR,ERR,ERR,ERR,ERR,ERR,ERR,ERR,ERR,ERR,ERR,ERR,ERR,ERR,ERR,ERR,ERR,ERR,ERR,ERR,ERR,ERR,ERR,ERR,ERR,ERR,ERR,ERR,ERR,ERR,ERR,ERR,ERR,ERR,ERR,ERR,ERR,ERR,ERR,ERR,ERR,ERR,ERR,ERR,ERR,ERR,ERR,ERR,ERR,ERR,ERR,ERR,ERR,ERR,ERR,ERR,ERR,ERR,ERR,ERR,ERR,ERR,ERR,ERR,ERR,ERR,ERR,ERR,ERR,ERR,ERR,ERR,ERR,ERR,ERR,ERR,ERR,ERR,ERR,ERR,ERR,ERR,ERR,ERR,ERR,ERR,ERR,ERR,ERR,ERR,ERR,ERR,ERR,ERR,ERR,ERR,ERR,ERR,ERR,ERR,ERR,ERR,ERR,ERR,ERR,ERR,ERR,ERR,ERR,ERR,ERR,ERR,ERR,ERR,ERR,0.0,0.0,0.0,0.0,0.0,1.3936040501711995e+18,7.805,0.0,0,0,4,0,7116,0.0,100,0.0,0.0,0.0,0.0,0.0,0,0,0,0,0.0,0,0,0,0,0,0,0,0,0,0,0,0,0,0,0,0,0,0,0,0,0,0,0,0,0,0,0,0,0,0,0,0,0,31,40,40,71,65476,0,300,0,0,8,21553,0.0,-107605600.0,0.0,0.0,0.0,0.0,0.0,0.0,0.0,0.0,0.0,0.0,0.0,0.0,0.0,0.0,0.0,0.0,0.0,0.0,0.0,0.0,-2.004,0.0,-0.0,0.0,0.0,0.0,0.0,0.0,4486.0,-3.69717909675028e+19,6940.0,0.0,0.0,-107615168.0,-0.0,0.0,0.0,0.0,0.0,69,-0.0,2.718413807909433e+23,0.0,0.0,0.0,0.0,0.0,0.0,0.0,0,0,0,0.0,0.0,0.0,0.0,0.0,0.0,0.0,0.0,0.0,0.0,0.0,0.0,0.0,0.0,0.0,0.0,0,-107875648.0,69,0.0,138,0.0,2.6474720257151824e+23,0,26215,17085,26215,17099,0,17080,0,0,0,70,68,100,2.7302399002429377e+23,82.3,-0.0,77.8,-0.0,78.5,1,49,50,180,13107,0,0,0,0.0,0.0,0.0,0.0,-0.0,67.0,0.0,162057.094,0.0,971,0,995,0,0,0,947,0,1017,0,920,0,788,0,778,0,821,0,7520,0.032,3.862287040432937e+19,0.0,0.0,784,16797,-0.0,162057.094,-114818.039,-0.0,0.133,6.909358625270745e+28,30.0,70.0,35,0.0,0.0,0.0,0.0,0.0,0.0,0.0,0.0,0.0,0.0,0.0,0.0,0.0,0.0,0.0,0.0,66.4,0,150,71,51,65476,0,300,0,0,8,20529,65476,0,0,44564,70.0,0.0,0.0,0.0,0.0,0.0
2026-09-10T21:45:06,ERR,ERR,ERR,ERR,ERR,ERR,ERR,ERR,ERR,ERR,ERR,ERR,ERR,ERR,ERR,ERR,ERR,ERR,ERR,ERR,ERR,ERR,ERR,ERR,ERR,ERR,ERR,ERR,ERR,ERR,ERR,ERR,ERR,ERR,ERR,ERR,ERR,ERR,ERR,ERR,ERR,ERR,ERR,ERR,ERR,ERR,ERR,ERR,ERR,ERR,ERR,ERR,ERR,ERR,ERR,ERR,ERR,ERR,ERR,ERR,ERR,ERR,ERR,ERR,ERR,ERR,ERR,ERR,ERR,ERR,ERR,ERR,ERR,ERR,ERR,ERR,ERR,ERR,ERR,ERR,ERR,ERR,ERR,ERR,ERR,ERR,ERR,ERR,ERR,ERR,ERR,ERR,ERR,ERR,ERR,ERR,ERR,ERR,ERR,ERR,ERR,ERR,ERR,ERR,ERR,ERR,ERR,ERR,ERR,ERR,ERR,ERR,ERR,ERR,ERR,ERR,ERR,ERR,ERR,ERR,ERR,ERR,ERR,ERR,ERR,0.0,0.0,0.0,0.0,0.0,1.3936040501711995e+18,7.805,0.0,0,0,4,0,7116,0.0,100,0.0,0.0,0.0,0.0,0.0,0,0,0,0,0.0,0,0,0,0,0,0,0,0,0,0,0,0,0,0,0,0,0,0,0,0,0,0,0,0,0,0,0,0,0,0,0,0,0,31,40,40,71,65476,0,300,0,0,8,21553,0.0,-107605600.0,0.0,0.0,0.0,0.0,0.0,0.0,0.0,0.0,0.0,0.0,0.0,0.0,0.0,0.0,0.0,0.0,0.0,0.0,0.0,0.0,-2.004,0.0,-0.0,0.0,0.0,0.0,0.0,0.0,4486.0,-3.69717909675028e+19,6940.0,0.0,0.0,-107615168.0,-0.0,0.0,0.0,0.0,0.0,69,-0.0,2.718413807909433e+23,0.0,0.0,0.0,0.0,0.0,0.0,0.0,0,0,0,0.0,0.0,0.0,0.0,0.0,0.0,0.0,0.0,0.0,0.0,0.0,0.0,0.0,0.0,0.0,0.0,0,-107875648.0,69,0.0,138,0.0,2.6474720257151824e+23,0,26215,17085,26215,17099,0,17080,0,0,0,70,68,100,2.7302399002429377e+23,82.3,-0.0,77.8,-0.0,78.5,1,49,50,180,13107,0,0,0,0.0,0.0,0.0,0.0,-0.0,67.0,0.0,162057.094,0.0,971,0,995,0,0,0,947,0,1017,0,920,0,788,0,778,0,821,0,7520,0.032,3.862287040432937e+19,0.0,0.0,784,16797,-0.0,162057.094,-114818.039,-0.0,0.133,6.909358625270745e+28,30.0,70.0,35,0.0,0.0,0.0,0.0,0.0,0.0,0.0,0.0,0.0,0.0,0.0,0.0,0.0,0.0,0.0,0.0,66.8,0,150,71,51,65476,0,300,0,0,8,20529,65476,0,0,44564,70.0,0.0,0.0,0.0,0.0,0.0
2026-09-10T21:45:07,ERR,ERR,ERR,ERR,ERR,ERR,ERR,ERR,ERR,ERR,ERR,ERR,ERR,ERR,ERR,ERR,ERR,ERR,ERR,ERR,ERR,ERR,ERR,ERR,ERR,ERR,ERR,ERR,ERR,ERR,ERR,ERR,ERR,ERR,ERR,ERR,ERR,ERR,ERR,ERR,ERR,ERR,ERR,ERR,ERR,ERR,ERR,ERR,ERR,ERR,ERR,ERR,ERR,ERR,ERR,ERR,ERR,ERR,ERR,ERR,ERR,ERR,ERR,ERR,ERR,ERR,ERR,ERR,ERR,ERR,ERR,ERR,ERR,ERR,ERR,ERR,ERR,ERR,ERR,ERR,ERR,ERR,ERR,ERR,ERR,ERR,ERR,ERR,ERR,ERR,ERR,ERR,ERR,ERR,ERR,ERR,ERR,ERR,ERR,ERR,ERR,ERR,ERR,ERR,ERR,ERR,ERR,ERR,ERR,ERR,ERR,ERR,ERR,ERR,ERR,ERR,ERR,ERR,ERR,ERR,ERR,ERR,ERR,ERR,ERR,0.0,0.0,0.0,0.0,0.0,1.3936040501711995e+18,7.805,0.0,0,0,4,0,7116,0.0,100,0.0,0.0,0.0,0.0,0.0,0,0,0,0,0.0,0,0,0,0,0,0,0,0,0,0,0,0,0,0,0,0,0,0,0,0,0,0,0,0,0,0,0,0,0,0,0,0,0,31,40,40,71,65476,0,300,0,0,8,21553,0.0,-107605600.0,0.0,0.0,0.0,0.0,0.0,0.0,0.0,0.0,0.0,0.0,0.0,0.0,0.0,0.0,0.0,0.0,0.0,0.0,0.0,0.0,-2.004,0.0,-0.0,0.0,0.0,0.0,0.0,0.0,4486.0,-3.69717909675028e+19,6940.0,0.0,0.0,-107615168.0,-0.0,0.0,0.0,0.0,0.0,69,-0.0,2.718413807909433e+23,0.0,0.0,0.0,0.0,0.0,0.0,0.0,0,0,0,0.0,0.0,0.0,0.0,0.0,0.0,0.0,0.0,0.0,0.0,0.0,0.0,0.0,0.0,0.0,0.0,0,-107875648.0,69,0.0,138,0.0,2.6474720257151824e+23,0,26215,17085,26215,17099,0,17080,0,0,0,70,68,100,2.7302399002429377e+23,82.3,-0.0,77.8,-0.0,78.5,1,49,50,180,13107,0,0,0,0.0,0.0,0.0,0.0,-0.0,67.0,0.0,162057.094,0.0,971,0,995,0,0,0,947,0,1017,0,920,0,788,0,778,0,821,0,7520,0.032,3.862287040432937e+19,0.0,0.0,784,16797,-0.0,162057.094,-114818.039,-0.0,0.133,6.909358625270745e+28,30.0,70.0,35,0.0,0.0,0.0,0.0,0.0,0.0,0.0,0.0,0.0,0.0,0.0,0.0,0.0,0.0,0.0,0.0,66.8,0,150,71,51,65476,0,300,0,0,8,20529,65476,0,0,44564,70.0,0.0,0.0,0.0,0.0,0.0
2026-09-10T21:45:08,ERR,ERR,ERR,ERR,ERR,ERR,ERR,ERR,ERR,ERR,ERR,ERR,ERR,ERR,ERR,ERR,ERR,ERR,ERR,ERR,ERR,ERR,ERR,ERR,ERR,ERR,ERR,ERR,ERR,ERR,ERR,ERR,ERR,ERR,ERR,ERR,ERR,ERR,ERR,ERR,ERR,ERR,ERR,ERR,ERR,ERR,ERR,ERR,ERR,ERR,ERR,ERR,ERR,ERR,ERR,ERR,ERR,ERR,ERR,ERR,ERR,ERR,ERR,ERR,ERR,ERR,ERR,ERR,ERR,ERR,ERR,ERR,ERR,ERR,ERR,ERR,ERR,ERR,ERR,ERR,ERR,ERR,ERR,ERR,ERR,ERR,ERR,ERR,ERR,ERR,ERR,ERR,ERR,ERR,ERR,ERR,ERR,ERR,ERR,ERR,ERR,ERR,ERR,ERR,ERR,ERR,ERR,ERR,ERR,ERR,ERR,ERR,ERR,ERR,ERR,ERR,ERR,ERR,ERR,ERR,ERR,ERR,ERR,ERR,ERR,0.0,0.0,0.0,0.0,0.0,1.3936040501711995e+18,7.805,0.0,0,0,4,0,7116,0.0,100,0.0,0.0,0.0,0.0,0.0,0,0,0,0,0.0,0,0,0,0,0,0,0,0,0,0,0,0,0,0,0,0,0,0,0,0,0,0,0,0,0,0,0,0,0,0,0,0,0,31,40,40,71,65476,0,300,0,0,8,21553,0.0,-107605600.0,0.0,0.0,0.0,0.0,0.0,0.0,0.0,0.0,0.0,0.0,0.0,0.0,0.0,0.0,0.0,0.0,0.0,0.0,0.0,0.0,-2.004,0.0,-0.0,0.0,0.0,0.0,0.0,0.0,4486.0,-3.69717909675028e+19,6940.0,0.0,0.0,-107615168.0,-0.0,0.0,0.0,0.0,0.0,69,-0.0,2.718413807909433e+23,0.0,0.0,0.0,0.0,0.0,0.0,0.0,0,0,0,0.0,0.0,0.0,0.0,0.0,0.0,0.0,0.0,0.0,0.0,0.0,0.0,0.0,0.0,0.0,0.0,0,-107875648.0,69,0.0,138,0.0,2.6474720257151824e+23,0,26215,17085,26215,17099,0,17080,0,0,0,70,68,100,0.0,82.3,-0.0,77.8,-0.0,78.5,1,49,50,180,13107,0,0,0,0.0,0.0,0.0,0.0,-0.0,67.0,0.0,162057.094,0.0,971,0,995,0,0,0,947,0,1017,0,920,0,788,0,778,0,821,0,7520,0.032,4.092871341354307e+19,0.0,0.0,784,16797,-0.0,162057.094,-114818.039,-0.0,0.133,6.909358625270745e+28,30.0,70.0,35,0.0,0.0,0.0,0.0,0.0,0.0,0.0,0.0,0.0,0.0,0.0,0.0,0.0,0.0,0.0,0.0,66.8,0,150,71,51,65476,0,300,0,0,8,20529,65476,0,0,44564,70.0,0.0,0.0,0.0,0.0,0.0
2026-09-10T21:45:09,ERR,ERR,ERR,ERR,ERR,ERR,ERR,ERR,ERR,ERR,ERR,ERR,ERR,ERR,ERR,ERR,ERR,ERR,ERR,ERR,ERR,ERR,ERR,ERR,ERR,ERR,ERR,ERR,ERR,ERR,ERR,ERR,ERR,ERR,ERR,ERR,ERR,ERR,ERR,ERR,ERR,ERR,ERR,ERR,ERR,ERR,ERR,ERR,ERR,ERR,ERR,ERR,ERR,ERR,ERR,ERR,ERR,ERR,ERR,ERR,ERR,ERR,ERR,ERR,ERR,ERR,ERR,ERR,ERR,ERR,ERR,ERR,ERR,ERR,ERR,ERR,ERR,ERR,ERR,ERR,ERR,ERR,ERR,ERR,ERR,ERR,ERR,ERR,ERR,ERR,ERR,ERR,ERR,ERR,ERR,ERR,ERR,ERR,ERR,ERR,ERR,ERR,ERR,ERR,ERR,ERR,ERR,ERR,ERR,ERR,ERR,ERR,ERR,ERR,ERR,ERR,ERR,ERR,ERR,ERR,ERR,ERR,ERR,ERR,ERR,0.0,0.0,0.0,0.0,0.0,1.3936040501711995e+18,7.805,0.0,0,0,4,0,7116,0.0,100,0.0,0.0,0.0,0.0,0.0,0,0,0,0,0.0,0,0,0,0,0,0,0,0,0,0,0,0,0,0,0,0,0,0,0,0,0,0,0,0,0,0,0,0,0,0,0,0,0,31,40,40,71,65476,0,300,0,0,8,21553,0.0,-107605600.0,0.0,0.0,0.0,0.0,0.0,0.0,0.0,0.0,0.0,0.0,0.0,0.0,0.0,0.0,0.0,0.0,0.0,0.0,0.0,0.0,-2.004,0.0,-0.0,0.0,0.0,0.0,0.0,0.0,4486.0,-3.69717909675028e+19,6940.0,0.0,0.0,-107615168.0,-0.0,0.0,0.0,0.0,0.0,69,-0.0,2.718413807909433e+23,0.0,0.0,0.0,0.0,0.0,0.0,0.0,0,0,0,0.0,0.0,0.0,0.0,0.0,0.0,0.0,0.0,0.0,0.0,0.0,0.0,0.0,0.0,0.0,0.0,0,-107875648.0,69,0.0,138,0.0,2.6474720257151824e+23,0,26215,17085,26215,17099,0,17080,0,0,0,70,68,100,0.0,82.3,-0.0,77.8,-0.0,78.5,1,49,50,180,13107,0,0,0,0.0,0.0,0.0,0.0,-0.0,67.0,0.0,162057.094,0.0,971,0,995,0,0,0,947,0,1017,0,920,0,788,0,778,0,821,0,7520,0.032,4.092871341354307e+19,0.0,0.0,784,16797,-0.0,162057.094,-114818.039,-0.0,0.133,6.909358625270745e+28,30.0,70.0,35,0.0,0.0,0.0,0.0,0.0,0.0,0.0,0.0,0.0,0.0,0.0,0.0,0.0,0.0,0.0,0.0,66.8,0,150,71,51,65476,0,300,0,0,8,20529,65476,0,0,44564,70.0,0.0,0.0,0.0,0.0,0.0
2026-09-10T21:45:10,ERR,ERR,ERR,ERR,ERR,ERR,ERR,ERR,ERR,ERR,ERR,ERR,ERR,ERR,ERR,ERR,ERR,ERR,ERR,ERR,ERR,ERR,ERR,ERR,ERR,ERR,ERR,ERR,ERR,ERR,ERR,ERR,ERR,ERR,ERR,ERR,ERR,ERR,ERR,ERR,ERR,ERR,ERR,ERR,ERR,ERR,ERR,ERR,ERR,ERR,ERR,ERR,ERR,ERR,ERR,ERR,ERR,ERR,ERR,ERR,ERR,ERR,ERR,ERR,ERR,ERR,ERR,ERR,ERR,ERR,ERR,ERR,ERR,ERR,ERR,ERR,ERR,ERR,ERR,ERR,ERR,ERR,ERR,ERR,ERR,ERR,ERR,ERR,ERR,ERR,ERR,ERR,ERR,ERR,ERR,ERR,ERR,ERR,ERR,ERR,ERR,ERR,ERR,ERR,ERR,ERR,ERR,ERR,ERR,ERR,ERR,ERR,ERR,ERR,ERR,ERR,ERR,ERR,ERR,ERR,ERR,ERR,ERR,ERR,ERR,0.0,0.0,0.0,0.0,0.0,1.3936040501711995e+18,7.805,0.0,0,0,4,0,7116,0.0,100,0.0,0.0,0.0,0.0,0.0,0,0,0,0,0.0,0,0,0,0,0,0,0,0,0,0,0,0,0,0,0,0,0,0,0,0,0,0,0,0,0,0,0,0,0,0,0,0,0,31,40,40,71,65476,0,300,0,0,8,21553,0.0,-107605600.0,0.0,0.0,0.0,0.0,0.0,0.0,0.0,0.0,0.0,0.0,0.0,0.0,0.0,0.0,0.0,0.0,0.0,0.0,0.0,0.0,-2.004,0.0,-0.0,0.0,0.0,0.0,0.0,0.0,4486.0,-3.69717909675028e+19,6940.0,0.0,0.0,-107615168.0,-0.0,0.0,0.0,0.0,0.0,69,-0.0,2.718413807909433e+23,0.0,0.0,0.0,0.0,0.0,0.0,0.0,0,0,0,0.0,0.0,0.0,0.0,0.0,0.0,0.0,0.0,0.0,0.0,0.0,0.0,0.0,0.0,0.0,0.0,0,-107875648.0,69,0.0,138,0.0,2.6474720257151824e+23,0,26215,17085,26215,17099,0,17080,0,0,0,70,68,100,0.0,82.3,-0.0,77.8,-0.0,78.5,1,49,50,180,13107,0,0,0,0.0,0.0,0.0,0.0,-0.0,67.0,0.0,162057.094,0.0,971,0,995,0,0,0,947,0,1017,0,920,0,788,0,778,0,821,0,7520,0.032,4.092871341354307e+19,0.0,0.0,784,16797,-0.0,162057.094,-114818.039,-0.0,0.133,6.909358625270745e+28,30.0,70.0,35,0.0,0.0,0.0,0.0,0.0,0.0,0.0,0.0,0.0,0.0,0.0,0.0,0.0,0.0,0.0,0.0,66.8,0,150,71,51,65476,0,300,0,0,8,20529,65476,0,0,44564,70.0,0.0,0.0,0.0,0.0,0.0
2026-09-10T21:45:11,ERR,ERR,ERR,ERR,ERR,ERR,ERR,ERR,ERR,ERR,ERR,ERR,ERR,ERR,ERR,ERR,ERR,ERR,ERR,ERR,ERR,ERR,ERR,ERR,ERR,ERR,ERR,ERR,ERR,ERR,ERR,ERR,ERR,ERR,ERR,ERR,ERR,ERR,ERR,ERR,ERR,ERR,ERR,ERR,ERR,ERR,ERR,ERR,ERR,ERR,ERR,ERR,ERR,ERR,ERR,ERR,ERR,ERR,ERR,ERR,ERR,ERR,ERR,ERR,ERR,ERR,ERR,ERR,ERR,ERR,ERR,ERR,ERR,ERR,ERR,ERR,ERR,ERR,ERR,ERR,ERR,ERR,ERR,ERR,ERR,ERR,ERR,ERR,ERR,ERR,ERR,ERR,ERR,ERR,ERR,ERR,ERR,ERR,ERR,ERR,ERR,ERR,ERR,ERR,ERR,ERR,ERR,ERR,ERR,ERR,ERR,ERR,ERR,ERR,ERR,ERR,ERR,ERR,ERR,ERR,ERR,ERR,ERR,ERR,ERR,0.0,0.0,0.0,0.0,0.0,1.3936040501711995e+18,7.805,0.0,0,0,4,0,7116,0.0,100,0.0,0.0,0.0,0.0,0.0,0,0,0,0,0.0,0,0,0,0,0,0,0,0,0,0,0,0,0,0,0,0,0,0,0,0,0,0,0,0,0,0,0,0,0,0,0,0,0,31,40,40,71,65476,0,300,0,0,8,21553,0.0,-107605600.0,0.0,0.0,0.0,0.0,0.0,0.0,0.0,0.0,0.0,0.0,0.0,0.0,0.0,0.0,0.0,0.0,0.0,0.0,0.0,0.0,-2.004,0.0,-0.0,2.004,0.0,0.0,0.0,0.0,4520.0,0.0,6915.0,0.0,0.0,-107615168.0,-107615304.0,0.0,0.0,0.0,0.0,69,-0.0,-0.0,0.0,0.0,0.0,0.0,0.0,0.0,0.0,0,0,0,0.0,0.0,0.0,0.0,0.0,0.0,0.0,0.0,0.0,0.0,0.0,0.0,0.0,0.0,0.0,0.0,0,-107875648.0,69,0.0,138,0.0,2.6474720257151824e+23,0,26215,17085,26215,17099,0,17080,0,0,0,70,68,100,0.0,82.3,-0.0,77.8,-0.0,78.5,1,49,50,180,13107,0,0,0,0.0,0.0,0.0,0.0,-0.0,67.0,0.0,162057.094,0.0,971,0,995,0,0,0,947,0,1017,0,920,0,788,0,778,0,821,0,7520,0.032,4.092871341354307e+19,0.0,0.0,784,16797,-0.0,162057.094,-114818.039,-0.0,0.133,6.909358625270745e+28,30.0,70.0,35,0.0,0.0,0.0,0.0,0.0,0.0,0.0,0.0,0.0,0.0,0.0,0.0,0.0,0.0,0.0,0.0,66.4,0,150,71,51,65476,0,300,0,0,8,20529,65476,0,0,44564,70.0,0.0,0.0,0.0,0.0,0.0
2026-09-10T21:45:12,ERR,ERR,ERR,ERR,ERR,ERR,ERR,ERR,ERR,ERR,ERR,ERR,ERR,ERR,ERR,ERR,ERR,ERR,ERR,ERR,ERR,ERR,ERR,ERR,ERR,ERR,ERR,ERR,ERR,ERR,ERR,ERR,ERR,ERR,ERR,ERR,ERR,ERR,ERR,ERR,ERR,ERR,ERR,ERR,ERR,ERR,ERR,ERR,ERR,ERR,ERR,ERR,ERR,ERR,ERR,ERR,ERR,ERR,ERR,ERR,ERR,ERR,ERR,ERR,ERR,ERR,ERR,ERR,ERR,ERR,ERR,ERR,ERR,ERR,ERR,ERR,ERR,ERR,ERR,ERR,ERR,ERR,ERR,ERR,ERR,ERR,ERR,ERR,ERR,ERR,ERR,ERR,ERR,ERR,ERR,ERR,ERR,ERR,ERR,ERR,ERR,ERR,ERR,ERR,ERR,ERR,ERR,ERR,ERR,ERR,ERR,ERR,ERR,ERR,ERR,ERR,ERR,ERR,ERR,ERR,ERR,ERR,ERR,ERR,ERR,0.0,0.0,0.0,0.0,0.0,1.3936040501711995e+18,7.805,0.0,0,0,4,0,7116,0.0,100,0.0,0.0,0.0,0.0,0.0,0,0,0,0,0.0,0,0,0,0,0,0,0,0,0,0,0,0,0,0,0,0,0,0,0,0,0,0,0,0,0,0,0,0,0,0,0,0,0,31,40,40,71,65476,0,300,0,0,8,21553,0.0,-107605600.0,0.0,0.0,0.0,0.0,0.0,0.0,0.0,0.0,0.0,0.0,0.0,0.0,0.0,0.0,0.0,0.0,0.0,0.0,0.0,0.0,-2.004,0.0,-0.0,2.004,0.0,0.0,0.0,0.0,4520.0,0.0,6915.0,0.0,0.0,-107615168.0,-107615304.0,0.0,0.0,0.0,0.0,69,-0.0,-0.0,0.0,0.0,0.0,0.0,0.0,0.0,0.0,0,0,0,0.0,0.0,0.0,0.0,0.0,0.0,0.0,0.0,0.0,0.0,0.0,0.0,0.0,0.0,0.0,0.0,0,-107875648.0,69,0.0,138,0.0,2.6474720257151824e+23,0,26215,17085,26215,17099,0,17080,0,0,0,70,68,100,0.0,82.3,-0.0,77.8,-0.0,78.5,1,49,50,180,13107,0,0,0,0.0,0.0,0.0,0.0,-0.0,67.0,0.0,162057.094,0.0,971,0,995,0,0,0,947,0,1017,0,920,0,788,0,778,0,821,0,7520,0.032,4.092871341354307e+19,0.0,0.0,784,16797,-0.0,162057.094,-114818.039,-0.0,0.133,6.909358625270745e+28,30.0,70.0,35,0.0,0.0,0.0,0.0,0.0,0.0,0.0,0.0,0.0,0.0,0.0,0.0,0.0,0.0,0.0,0.0,66.4,0,150,71,51,65476,0,300,0,0,8,20529,65476,0,0,44564,70.0,0.0,0.0,0.0,0.0,0.0
2026-09-10T21:45:13,ERR,ERR,ERR,ERR,ERR,ERR,ERR,ERR,ERR,ERR,ERR,ERR,ERR,ERR,ERR,ERR,ERR,ERR,ERR,ERR,ERR,ERR,ERR,ERR,ERR,ERR,ERR,ERR,ERR,ERR,ERR,ERR,ERR,ERR,ERR,ERR,ERR,ERR,ERR,ERR,ERR,ERR,ERR,ERR,ERR,ERR,ERR,ERR,ERR,ERR,ERR,ERR,ERR,ERR,ERR,ERR,ERR,ERR,ERR,ERR,ERR,ERR,ERR,ERR,ERR,ERR,ERR,ERR,ERR,ERR,ERR,ERR,ERR,ERR,ERR,ERR,ERR,ERR,ERR,ERR,ERR,ERR,ERR,ERR,ERR,ERR,ERR,ERR,ERR,ERR,ERR,ERR,ERR,ERR,ERR,ERR,ERR,ERR,ERR,ERR,ERR,ERR,ERR,ERR,ERR,ERR,ERR,ERR,ERR,ERR,ERR,ERR,ERR,ERR,ERR,ERR,ERR,ERR,ERR,ERR,ERR,ERR,ERR,ERR,ERR,0.0,0.0,0.0,0.0,0.0,1.3936040501711995e+18,7.805,0.0,0,0,4,0,7116,0.0,100,0.0,0.0,0.0,0.0,0.0,0,0,0,0,0.0,0,0,0,0,0,0,0,0,0,0,0,0,0,0,0,0,0,0,0,0,0,0,0,0,0,0,0,0,0,0,0,0,0,31,40,40,71,65476,0,300,0,0,8,21553,0.0,-107605600.0,0.0,0.0,0.0,0.0,0.0,0.0,0.0,0.0,0.0,0.0,0.0,0.0,0.0,0.0,0.0,0.0,0.0,0.0,0.0,0.0,-2.004,0.0,-0.0,2.004,0.0,0.0,0.0,0.0,4520.0,0.0,6915.0,0.0,0.0,-107615168.0,-107615304.0,0.0,0.0,0.0,0.0,69,-0.0,-0.0,0.0,0.0,0.0,0.0,0.0,0.0,0.0,0,0,0,0.0,0.0,0.0,0.0,0.0,0.0,0.0,0.0,0.0,0.0,0.0,0.0,0.0,0.0,0.0,0.0,0,-107875648.0,69,0.0,138,0.0,2.6474720257151824e+23,0,26215,17085,26215,17099,0,17080,0,0,0,70,68,100,0.0,82.3,-0.0,77.8,-0.0,78.5,1,49,50,180,13107,0,0,0,0.0,0.0,0.0,0.0,-0.0,67.0,0.0,162057.094,0.0,971,0,995,0,0,0,947,0,1017,0,920,0,788,0,778,0,821,0,7520,0.032,4.092871341354307e+19,0.0,0.0,784,16797,-0.0,162057.094,-114818.039,-0.0,0.133,6.909358625270745e+28,30.0,70.0,35,0.0,0.0,0.0,0.0,0.0,0.0,0.0,0.0,0.0,0.0,0.0,0.0,0.0,0.0,0.0,0.0,66.4,0,150,71,51,65476,0,300,0,0,8,20529,65476,0,0,44564,70.0,0.0,0.0,0.0,0.0,0.0
2026-09-10T21:45:14,ERR,ERR,ERR,ERR,ERR,ERR,ERR,ERR,ERR,ERR,ERR,ERR,ERR,ERR,ERR,ERR,ERR,ERR,ERR,ERR,ERR,ERR,ERR,ERR,ERR,ERR,ERR,ERR,ERR,ERR,ERR,ERR,ERR,ERR,ERR,ERR,ERR,ERR,ERR,ERR,ERR,ERR,ERR,ERR,ERR,ERR,ERR,ERR,ERR,ERR,ERR,ERR,ERR,ERR,ERR,ERR,ERR,ERR,ERR,ERR,ERR,ERR,ERR,ERR,ERR,ERR,ERR,ERR,ERR,ERR,ERR,ERR,ERR,ERR,ERR,ERR,ERR,ERR,ERR,ERR,ERR,ERR,ERR,ERR,ERR,ERR,ERR,ERR,ERR,ERR,ERR,ERR,ERR,ERR,ERR,ERR,ERR,ERR,ERR,ERR,ERR,ERR,ERR,ERR,ERR,ERR,ERR,ERR,ERR,ERR,ERR,ERR,ERR,ERR,ERR,ERR,ERR,ERR,ERR,ERR,ERR,ERR,ERR,ERR,ERR,0.0,0.0,0.0,0.0,0.0,1.3936040501711995e+18,7.805,0.0,0,0,4,0,7116,0.0,100,0.0,0.0,0.0,0.0,0.0,0,0,0,0,0.0,0,0,0,0,0,0,0,0,0,0,0,0,0,0,0,0,0,0,0,0,0,0,0,0,0,0,0,0,0,0,0,0,0,31,40,40,71,65476,0,300,0,0,8,21553,0.0,-107605600.0,0.0,0.0,0.0,0.0,0.0,0.0,0.0,0.0,0.0,0.0,0.0,0.0,0.0,0.0,0.0,0.0,0.0,0.0,0.0,0.0,-2.004,0.0,-0.0,2.004,0.0,0.0,0.0,0.0,4520.0,0.0,6915.0,0.0,0.0,-107615168.0,-107615304.0,0.0,0.0,0.0,0.0,69,-0.0,-0.0,0.0,0.0,0.0,0.0,0.0,0.0,0.0,0,0,0,0.0,0.0,0.0,0.0,0.0,0.0,0.0,0.0,0.0,0.0,0.0,0.0,0.0,0.0,0.0,0.0,0,-107875648.0,69,0.0,138,0.0,2.6474720257151824e+23,0,26215,17085,26215,17099,0,17080,0,0,0,70,68,100,0.0,82.3,-0.0,77.8,-0.0,78.5,1,49,50,180,13107,0,0,0,0.0,0.0,0.0,0.0,-0.0,67.0,0.0,162057.094,0.0,971,0,995,0,0,0,947,0,1017,0,920,0,788,0,778,0,821,0,7520,0.032,2.8102461674791895e+19,0.0,0.0,784,16797,-0.0,162057.094,-114818.039,-0.0,0.133,6.909358625270745e+28,30.0,70.0,35,0.0,0.0,0.0,0.0,0.0,0.0,0.0,0.0,0.0,0.0,0.0,0.0,0.0,0.0,0.0,0.0,66.4,0,150,71,51,65476,0,300,0,0,8,20529,65476,0,0,44564,70.0,0.0,0.0,0.0,0.0,0.0
2026-09-10T21:45:15,ERR,ERR,ERR,ERR,ERR,ERR,ERR,ERR,ERR,ERR,ERR,ERR,ERR,ERR,ERR,ERR,ERR,ERR,ERR,ERR,ERR,ERR,ERR,ERR,ERR,ERR,ERR,ERR,ERR,ERR,ERR,ERR,ERR,ERR,ERR,ERR,ERR,ERR,ERR,ERR,ERR,ERR,ERR,ERR,ERR,ERR,ERR,ERR,ERR,ERR,ERR,ERR,ERR,ERR,ERR,ERR,ERR,ERR,ERR,ERR,ERR,ERR,ERR,ERR,ERR,ERR,ERR,ERR,ERR,ERR,ERR,ERR,ERR,ERR,ERR,ERR,ERR,ERR,ERR,ERR,ERR,ERR,ERR,ERR,ERR,ERR,ERR,ERR,ERR,ERR,ERR,ERR,ERR,ERR,ERR,ERR,ERR,ERR,ERR,ERR,ERR,ERR,ERR,ERR,ERR,ERR,ERR,ERR,ERR,ERR,ERR,ERR,ERR,ERR,ERR,ERR,ERR,ERR,ERR,ERR,ERR,ERR,ERR,ERR,ERR,0.0,0.0,0.0,0.0,0.0,1.3936040501711995e+18,7.805,0.0,0,0,4,0,7116,0.0,100,0.0,0.0,0.0,0.0,0.0,0,0,0,0,0.0,0,0,0,0,0,0,0,0,0,0,0,0,0,0,0,0,0,0,0,0,0,0,0,0,0,0,0,0,0,0,0,0,0,31,40,40,71,65476,0,300,0,0,8,21553,0.0,-107605600.0,0.0,0.0,0.0,0.0,0.0,0.0,0.0,0.0,0.0,0.0,0.0,0.0,0.0,0.0,0.0,0.0,0.0,0.0,0.0,0.0,-2.004,0.0,-0.0,2.004,0.0,0.0,0.0,0.0,4520.0,0.0,6915.0,0.0,0.0,-107615168.0,-107615304.0,0.0,0.0,0.0,0.0,69,-0.0,-0.0,0.0,0.0,0.0,0.0,0.0,0.0,0.0,0,0,0,0.0,0.0,0.0,0.0,0.0,0.0,0.0,0.0,0.0,0.0,0.0,0.0,0.0,0.0,0.0,0.0,0,-107875648.0,69,0.0,138,0.0,2.6474720257151824e+23,0,26215,17085,26215,17099,0,17080,0,0,0,70,68,100,0.0,82.3,-0.0,77.8,-0.0,78.5,1,49,50,180,13107,0,0,0,0.0,0.0,0.0,0.0,-0.0,67.0,0.0,162057.094,0.0,971,0,995,0,0,0,947,0,1017,0,920,0,788,0,778,0,821,0,7520,0.032,2.8102461674791895e+19,0.0,0.0,784,16797,-0.0,162057.094,-114818.039,-0.0,0.133,6.909358625270745e+28,30.0,70.0,35,0.0,0.0,0.0,0.0,0.0,0.0,0.0,0.0,0.0,0.0,0.0,0.0,0.0,0.0,0.0,0.0,66.4,0,150,71,51,65476,0,300,0,0,8,20529,65476,0,0,44564,70.0,0.0,0.0,0.0,0.0,0.0
2026-09-10T21:45:16,ERR,ERR,ERR,ERR,ERR,ERR,ERR,ERR,ERR,ERR,ERR,ERR,ERR,ERR,ERR,ERR,ERR,ERR,ERR,ERR,ERR,ERR,ERR,ERR,ERR,ERR,ERR,ERR,ERR,ERR,ERR,ERR,ERR,ERR,ERR,ERR,ERR,ERR,ERR,ERR,ERR,ERR,ERR,ERR,ERR,ERR,ERR,ERR,ERR,ERR,ERR,ERR,ERR,ERR,ERR,ERR,ERR,ERR,ERR,ERR,ERR,ERR,ERR,ERR,ERR,ERR,ERR,ERR,ERR,ERR,ERR,ERR,ERR,ERR,ERR,ERR,ERR,ERR,ERR,ERR,ERR,ERR,ERR,ERR,ERR,ERR,ERR,ERR,ERR,ERR,ERR,ERR,ERR,ERR,ERR,ERR,ERR,ERR,ERR,ERR,ERR,ERR,ERR,ERR,ERR,ERR,ERR,ERR,ERR,ERR,ERR,ERR,ERR,ERR,ERR,ERR,ERR,ERR,ERR,ERR,ERR,ERR,ERR,ERR,ERR,0.0,0.0,0.0,0.0,0.0,1.3936040501711995e+18,7.805,0.0,0,0,4,0,7116,0.0,100,0.0,0.0,0.0,0.0,0.0,0,0,0,0,0.0,0,0,0,0,0,0,0,0,0,0,0,0,0,0,0,0,0,0,0,0,0,0,0,0,0,0,0,0,0,0,0,0,0,31,40,40,71,65476,0,300,0,0,8,21553,0.0,-107605600.0,0.0,0.0,0.0,0.0,0.0,0.0,0.0,0.0,0.0,0.0,0.0,0.0,0.0,0.0,0.0,0.0,0.0,0.0,0.0,0.0,-2.004,0.0,-0.0,2.004,0.0,0.0,0.0,0.0,4520.0,0.0,6915.0,0.0,0.0,-107615168.0,-107615304.0,0.0,0.0,0.0,0.0,69,-0.0,-0.0,0.0,0.0,0.0,0.0,0.0,0.0,0.0,0,0,0,0.0,0.0,0.0,0.0,0.0,0.0,0.0,0.0,0.0,0.0,0.0,0.0,0.0,0.0,0.0,0.0,0,-107875648.0,69,0.0,138,0.0,2.6474720257151824e+23,0,26215,17085,26215,17099,0,17080,0,0,0,70,68,100,0.0,82.3,-0.0,77.8,-0.0,78.5,1,49,50,180,13107,0,0,0,0.0,0.0,0.0,0.0,-0.0,67.0,0.0,162057.094,0.0,971,0,995,0,0,0,947,0,1017,0,920,0,788,0,778,0,821,0,7520,0.032,2.8102461674791895e+19,0.0,0.0,784,16797,-0.0,162057.094,-114818.039,-0.0,0.133,6.909358625270745e+28,30.0,70.0,35,0.0,0.0,0.0,0.0,0.0,0.0,0.0,0.0,0.0,0.0,0.0,0.0,0.0,0.0,0.0,0.0,66.4,0,150,71,51,65476,0,300,0,0,8,20529,65476,0,0,44564,70.0,0.0,0.0,0.0,0.0,0.0
2026-09-10T21:45:17,ERR,ERR,ERR,ERR,ERR,ERR,ERR,ERR,ERR,ERR,ERR,ERR,ERR,ERR,ERR,ERR,ERR,ERR,ERR,ERR,ERR,ERR,ERR,ERR,ERR,ERR,ERR,ERR,ERR,ERR,ERR,ERR,ERR,ERR,ERR,ERR,ERR,ERR,ERR,ERR,ERR,ERR,ERR,ERR,ERR,ERR,ERR,ERR,ERR,ERR,ERR,ERR,ERR,ERR,ERR,ERR,ERR,ERR,ERR,ERR,ERR,ERR,ERR,ERR,ERR,ERR,ERR,ERR,ERR,ERR,ERR,ERR,ERR,ERR,ERR,ERR,ERR,ERR,ERR,ERR,ERR,ERR,ERR,ERR,ERR,ERR,ERR,ERR,ERR,ERR,ERR,ERR,ERR,ERR,ERR,ERR,ERR,ERR,ERR,ERR,ERR,ERR,ERR,ERR,ERR,ERR,ERR,ERR,ERR,ERR,ERR,ERR,ERR,ERR,ERR,ERR,ERR,ERR,ERR,ERR,ERR,ERR,ERR,ERR,ERR,0.0,0.0,0.0,0.0,0.0,1.3936040501711995e+18,7.805,0.0,0,0,4,0,7116,0.0,100,0.0,0.0,0.0,0.0,0.0,0,0,0,0,0.0,0,0,0,0,0,0,0,0,0,0,0,0,0,0,0,0,0,0,0,0,0,0,0,0,0,0,0,0,0,0,0,0,0,31,40,40,71,65476,0,300,0,0,8,21553,0.0,-107605600.0,0.0,0.0,0.0,0.0,0.0,0.0,0.0,0.0,0.0,0.0,0.0,0.0,0.0,0.0,0.0,0.0,0.0,0.0,0.0,0.0,-2.004,0.0,-0.0,2.004,0.0,0.0,0.0,0.0,4520.0,0.0,6915.0,0.0,0.0,-107615168.0,-107615304.0,0.0,0.0,0.0,0.0,69,-0.0,-0.0,0.0,0.0,0.0,0.0,0.0,0.0,0.0,0,0,0,0.0,0.0,0.0,0.0,0.0,0.0,0.0,0.0,0.0,0.0,0.0,0.0,0.0,0.0,0.0,0.0,0,-107875648.0,69,0.0,138,0.0,2.6474720257151824e+23,0,26215,17085,26215,17099,0,17080,0,0,0,70,68,100,0.0,82.3,-0.0,77.8,-0.0,78.5,1,49,50,180,13107,0,0,0,0.0,0.0,0.0,0.0,-0.0,67.0,0.0,162057.094,0.0,971,0,995,0,0,0,947,0,1017,0,920,0,788,0,778,0,821,0,7520,0.032,2.8102461674791895e+19,0.0,0.0,784,16797,-0.0,162057.094,-114818.039,-0.0,0.133,6.909358625270745e+28,30.0,70.0,35,0.0,0.0,0.0,0.0,0.0,0.0,0.0,0.0,0.0,0.0,0.0,0.0,0.0,0.0,0.0,0.0,66.4,0,150,71,51,65476,0,300,0,0,8,20529,65476,0,0,44564,70.0,0.0,0.0,0.0,0.0,0.0
2026-09-10T21:45:18,ERR,ERR,ERR,ERR,ERR,ERR,ERR,ERR,ERR,ERR,ERR,ERR,ERR,ERR,ERR,ERR,ERR,ERR,ERR,ERR,ERR,ERR,ERR,ERR,ERR,ERR,ERR,ERR,ERR,ERR,ERR,ERR,ERR,ERR,ERR,ERR,ERR,ERR,ERR,ERR,ERR,ERR,ERR,ERR,ERR,ERR,ERR,ERR,ERR,ERR,ERR,ERR,ERR,ERR,ERR,ERR,ERR,ERR,ERR,ERR,ERR,ERR,ERR,ERR,ERR,ERR,ERR,ERR,ERR,ERR,ERR,ERR,ERR,ERR,ERR,ERR,ERR,ERR,ERR,ERR,ERR,ERR,ERR,ERR,ERR,ERR,ERR,ERR,ERR,ERR,ERR,ERR,ERR,ERR,ERR,ERR,ERR,ERR,ERR,ERR,ERR,ERR,ERR,ERR,ERR,ERR,ERR,ERR,ERR,ERR,ERR,ERR,ERR,ERR,ERR,ERR,ERR,ERR,ERR,ERR,ERR,ERR,ERR,ERR,ERR,0.0,0.0,0.0,0.0,0.0,1.3936040501711995e+18,7.805,0.0,0,0,4,0,7116,0.0,100,0.0,0.0,0.0,0.0,0.0,0,0,0,0,0.0,0,0,0,0,0,0,0,0,0,0,0,0,0,0,0,0,0,0,0,0,0,0,0,0,0,0,0,0,0,0,0,0,0,31,40,40,71,65476,0,300,0,0,8,21553,0.0,-107605600.0,0.0,0.0,0.0,0.0,0.0,0.0,0.0,0.0,0.0,0.0,0.0,0.0,0.0,0.0,0.0,0.0,0.0,0.0,0.0,0.0,-2.004,0.0,-0.0,2.004,0.0,0.0,0.0,0.0,4520.0,0.0,6915.0,0.0,0.0,-107615168.0,-107615304.0,0.0,0.0,0.0,0.0,69,-0.0,-0.0,0.0,0.0,0.0,0.0,0.0,0.0,0.0,0,0,0,0.0,0.0,0.0,0.0,0.0,0.0,0.0,0.0,0.0,0.0,0.0,0.0,0.0,0.0,0.0,0.0,0,-107875648.0,69,0.0,138,0.0,2.6474720257151824e+23,0,26215,17085,26215,17099,0,17080,0,0,0,70,68,100,0.0,82.3,-0.0,77.8,-0.0,78.5,1,49,50,180,13107,0,0,0,0.0,0.0,0.0,0.0,-0.0,67.0,0.0,162057.094,0.0,971,0,995,0,0,0,947,0,1017,0,920,0,788,0,778,0,821,0,7520,0.032,2.8102461674791895e+19,0.0,0.0,784,16797,-0.0,162057.094,-114818.039,-0.0,0.133,6.909358625270745e+28,30.0,70.0,35,0.0,0.0,0.0,0.0,0.0,0.0,0.0,0.0,0.0,0.0,0.0,0.0,0.0,0.0,0.0,0.0,66.4,0,150,71,51,65476,0,300,0,0,8,20529,65476,0,0,44564,70.0,0.0,0.0,0.0,0.0,0.0
2026-09-10T21:45:19,ERR,ERR,ERR,ERR,ERR,ERR,ERR,ERR,ERR,ERR,ERR,ERR,ERR,ERR,ERR,ERR,ERR,ERR,ERR,ERR,ERR,ERR,ERR,ERR,ERR,ERR,ERR,ERR,ERR,ERR,ERR,ERR,ERR,ERR,ERR,ERR,ERR,ERR,ERR,ERR,ERR,ERR,ERR,ERR,ERR,ERR,ERR,ERR,ERR,ERR,ERR,ERR,ERR,ERR,ERR,ERR,ERR,ERR,ERR,ERR,ERR,ERR,ERR,ERR,ERR,ERR,ERR,ERR,ERR,ERR,ERR,ERR,ERR,ERR,ERR,ERR,ERR,ERR,ERR,ERR,ERR,ERR,ERR,ERR,ERR,ERR,ERR,ERR,ERR,ERR,ERR,ERR,ERR,ERR,ERR,ERR,ERR,ERR,ERR,ERR,ERR,ERR,ERR,ERR,ERR,ERR,ERR,ERR,ERR,ERR,ERR,ERR,ERR,ERR,ERR,ERR,ERR,ERR,ERR,ERR,ERR,ERR,ERR,ERR,ERR,0.0,0.0,0.0,0.0,0.0,1.3936040501711995e+18,7.805,0.0,0,0,4,0,7116,0.0,100,0.0,0.0,0.0,0.0,0.0,0,0,0,0,0.0,0,0,0,0,0,0,0,0,0,0,0,0,0,0,0,0,0,0,0,0,0,0,0,0,0,0,0,0,0,0,0,0,0,31,40,40,71,65476,0,300,0,0,8,21553,0.0,-107605600.0,0.0,0.0,0.0,0.0,0.0,0.0,0.0,0.0,0.0,0.0,0.0,0.0,0.0,0.0,0.0,0.0,0.0,0.0,0.0,0.0,-2.004,0.0,-0.0,2.004,0.0,0.0,0.0,0.0,4518.0,0.0,6915.0,0.0,0.0,-107615168.0,-107615304.0,0.0,0.0,0.0,0.0,69,-0.0,-0.0,0.0,0.0,0.0,0.0,0.0,0.0,0.0,0,0,0,0.0,0.0,0.0,0.0,0.0,0.0,0.0,0.0,0.0,0.0,0.0,0.0,0.0,0.0,0.0,0.0,0,-107875648.0,69,0.0,138,0.0,2.6474720257151824e+23,0,26215,17085,26215,17099,0,17080,0,0,0,70,68,100,0.0,82.3,-0.0,77.8,-0.0,78.5,1,49,50,180,13107,0,0,0,0.0,0.0,0.0,0.0,-0.0,67.0,0.0,162057.094,0.0,971,0,995,0,0,0,947,0,1017,0,920,0,788,0,778,0,821,0,7520,0.032,2.8102461674791895e+19,0.0,0.0,784,16797,-0.0,162057.094,-114818.039,-0.0,0.133,6.909358625270745e+28,30.0,70.0,35,0.0,0.0,0.0,0.0,0.0,0.0,0.0,0.0,0.0,0.0,0.0,0.0,0.0,0.0,0.0,0.0,66.4,0,150,71,51,65476,0,300,0,0,8,20529,65476,0,0,44564,70.0,0.0,0.0,0.0,0.0,0.0
2026-09-10T21:45:20,ERR,ERR,ERR,ERR,ERR,ERR,ERR,ERR,ERR,ERR,ERR,ERR,ERR,ERR,ERR,ERR,ERR,ERR,ERR,ERR,ERR,ERR,ERR,ERR,ERR,ERR,ERR,ERR,ERR,ERR,ERR,ERR,ERR,ERR,ERR,ERR,ERR,ERR,ERR,ERR,ERR,ERR,ERR,ERR,ERR,ERR,ERR,ERR,ERR,ERR,ERR,ERR,ERR,ERR,ERR,ERR,ERR,ERR,ERR,ERR,ERR,ERR,ERR,ERR,ERR,ERR,ERR,ERR,ERR,ERR,ERR,ERR,ERR,ERR,ERR,ERR,ERR,ERR,ERR,ERR,ERR,ERR,ERR,ERR,ERR,ERR,ERR,ERR,ERR,ERR,ERR,ERR,ERR,ERR,ERR,ERR,ERR,ERR,ERR,ERR,ERR,ERR,ERR,ERR,ERR,ERR,ERR,ERR,ERR,ERR,ERR,ERR,ERR,ERR,ERR,ERR,ERR,ERR,ERR,ERR,ERR,ERR,ERR,ERR,ERR,0.0,0.0,0.0,0.0,0.0,1.3936040501711995e+18,7.805,0.0,0,0,4,0,7116,0.0,100,0.0,0.0,0.0,0.0,0.0,0,0,0,0,0.0,0,0,0,0,0,0,0,0,0,0,0,0,0,0,0,0,0,0,0,0,0,0,0,0,0,0,0,0,0,0,0,0,0,31,40,40,71,65476,0,300,0,0,8,21553,0.0,-107605600.0,0.0,0.0,0.0,0.0,0.0,0.0,0.0,0.0,0.0,0.0,0.0,0.0,0.0,0.0,0.0,0.0,0.0,0.0,0.0,0.0,-2.004,0.0,-0.0,2.004,0.0,0.0,0.0,0.0,4518.0,0.0,6915.0,0.0,0.0,-107615168.0,-107615304.0,0.0,0.0,0.0,0.0,69,-0.0,-0.0,0.0,0.0,0.0,0.0,0.0,0.0,0.0,0,0,0,0.0,0.0,0.0,0.0,0.0,0.0,0.0,0.0,0.0,0.0,0.0,0.0,0.0,0.0,0.0,0.0,0,-107875648.0,69,0.0,138,0.0,2.6474720257151824e+23,0,26215,17085,26215,17099,0,17080,0,0,0,70,68,100,0.0,82.3,-0.0,77.8,-0.0,78.5,1,49,50,180,13107,52429,0,0,0.0,0.0,0.0,0.0,-0.0,67.0,0.0,162057.094,0.0,971,0,994,0,0,0,947,0,1017,0,920,0,788,0,778,0,822,0,7520,0.032,2.925538317939874e+19,0.0,0.0,784,16797,-0.0,162057.094,-114818.039,-0.0,0.133,6.909358625270745e+28,30.0,70.0,35,0.0,0.0,0.0,0.0,0.0,0.0,0.0,0.0,0.0,0.0,0.0,0.0,0.0,0.0,0.0,0.0,66.4,0,150,71,51,65476,0,300,0,0,8,20529,65476,0,0,44564,70.0,0.0,0.0,0.0,0.0,0.0
2026-09-10T21:45:21,ERR,ERR,ERR,ERR,ERR,ERR,ERR,ERR,ERR,ERR,ERR,ERR,ERR,ERR,ERR,ERR,ERR,ERR,ERR,ERR,ERR,ERR,ERR,ERR,ERR,ERR,ERR,ERR,ERR,ERR,ERR,ERR,ERR,ERR,ERR,ERR,ERR,ERR,ERR,ERR,ERR,ERR,ERR,ERR,ERR,ERR,ERR,ERR,ERR,ERR,ERR,ERR,ERR,ERR,ERR,ERR,ERR,ERR,ERR,ERR,ERR,ERR,ERR,ERR,ERR,ERR,ERR,ERR,ERR,ERR,ERR,ERR,ERR,ERR,ERR,ERR,ERR,ERR,ERR,ERR,ERR,ERR,ERR,ERR,ERR,ERR,ERR,ERR,ERR,ERR,ERR,ERR,ERR,ERR,ERR,ERR,ERR,ERR,ERR,ERR,ERR,ERR,ERR,ERR,ERR,ERR,ERR,ERR,ERR,ERR,ERR,ERR,ERR,ERR,ERR,ERR,ERR,ERR,ERR,ERR,ERR,ERR,ERR,ERR,ERR,0.0,0.0,0.0,0.0,0.0,1.3936040501711995e+18,7.805,0.0,0,0,4,0,7116,0.0,100,0.0,0.0,0.0,0.0,0.0,0,0,0,0,0.0,0,0,0,0,0,0,0,0,0,0,0,0,0,0,0,0,0,0,0,0,0,0,0,0,0,0,0,0,0,0,0,0,0,31,40,40,71,65476,0,300,0,0,8,21553,0.0,-107605600.0,0.0,0.0,0.0,0.0,0.0,0.0,0.0,0.0,0.0,0.0,0.0,0.0,0.0,0.0,0.0,0.0,0.0,0.0,0.0,0.0,-2.004,0.0,-0.0,2.004,0.0,0.0,0.0,0.0,4518.0,0.0,6915.0,0.0,0.0,-107615168.0,-107615304.0,0.0,0.0,0.0,0.0,69,-0.0,-0.0,0.0,0.0,0.0,0.0,0.0,0.0,0.0,0,0,0,0.0,0.0,0.0,0.0,0.0,0.0,0.0,0.0,0.0,0.0,0.0,0.0,0.0,0.0,0.0,0.0,0,-107875648.0,69,0.0,138,0.0,2.6474720257151824e+23,0,26215,17085,26215,17099,0,17080,0,0,0,70,68,100,0.0,82.3,-0.0,77.8,-0.0,78.5,1,49,50,180,13107,52429,0,0,0.0,0.0,0.0,0.0,-0.0,67.0,0.0,162057.094,0.0,971,0,994,0,0,0,947,0,1017,0,920,0,788,0,778,0,822,0,7520,0.032,2.925538317939874e+19,0.0,0.0,784,16797,-0.0,162057.094,-114818.039,-0.0,0.133,6.909358625270745e+28,30.0,70.0,35,0.0,0.0,0.0,0.0,0.0,0.0,0.0,0.0,0.0,0.0,0.0,0.0,0.0,0.0,0.0,0.0,66.4,0,150,71,51,65476,0,300,0,0,8,20529,65476,0,0,44564,70.0,0.0,0.0,0.0,0.0,0.0
2026-09-10T21:45:22,ERR,ERR,ERR,ERR,ERR,ERR,ERR,ERR,ERR,ERR,ERR,ERR,ERR,ERR,ERR,ERR,ERR,ERR,ERR,ERR,ERR,ERR,ERR,ERR,ERR,ERR,ERR,ERR,ERR,ERR,ERR,ERR,ERR,ERR,ERR,ERR,ERR,ERR,ERR,ERR,ERR,ERR,ERR,ERR,ERR,ERR,ERR,ERR,ERR,ERR,ERR,ERR,ERR,ERR,ERR,ERR,ERR,ERR,ERR,ERR,ERR,ERR,ERR,ERR,ERR,ERR,ERR,ERR,ERR,ERR,ERR,ERR,ERR,ERR,ERR,ERR,ERR,ERR,ERR,ERR,ERR,ERR,ERR,ERR,ERR,ERR,ERR,ERR,ERR,ERR,ERR,ERR,ERR,ERR,ERR,ERR,ERR,ERR,ERR,ERR,ERR,ERR,ERR,ERR,ERR,ERR,ERR,ERR,ERR,ERR,ERR,ERR,ERR,ERR,ERR,ERR,ERR,ERR,ERR,ERR,ERR,ERR,ERR,ERR,ERR,0.0,0.0,0.0,0.0,0.0,1.3936040501711995e+18,7.805,0.0,0,0,4,0,7116,0.0,100,0.0,0.0,0.0,0.0,0.0,0,0,0,0,0.0,0,0,0,0,0,0,0,0,0,0,0,0,0,0,0,0,0,0,0,0,0,0,0,0,0,0,0,0,0,0,0,0,0,31,40,40,71,65476,0,300,0,0,8,21553,0.0,-107605600.0,0.0,0.0,0.0,0.0,0.0,0.0,0.0,0.0,0.0,0.0,0.0,0.0,0.0,0.0,0.0,0.0,0.0,0.0,0.0,0.0,-2.004,0.0,-0.0,2.004,0.0,0.0,0.0,0.0,4518.0,0.0,6915.0,0.0,0.0,-107615168.0,-107615304.0,0.0,0.0,0.0,0.0,69,-0.0,-0.0,0.0,0.0,0.0,0.0,0.0,0.0,0.0,0,0,0,0.0,0.0,0.0,0.0,0.0,0.0,0.0,0.0,0.0,0.0,0.0,0.0,0.0,0.0,0.0,0.0,0,-107875648.0,69,0.0,138,0.0,2.6474720257151824e+23,0,26215,17085,26215,17099,0,17080,0,0,0,70,68,100,0.0,82.3,-0.0,77.8,-0.0,78.5,1,49,50,180,13107,52429,0,0,0.0,0.0,0.0,0.0,-0.0,67.0,0.0,162057.094,0.0,971,0,994,0,0,0,947,0,1017,0,920,0,788,0,778,0,822,0,7520,0.032,2.925538317939874e+19,0.0,0.0,784,16797,-0.0,162057.094,-114818.039,-0.0,0.133,6.909358625270745e+28,30.0,70.0,35,0.0,0.0,0.0,0.0,0.0,0.0,0.0,0.0,0.0,0.0,0.0,0.0,0.0,0.0,0.0,0.0,66.4,0,150,71,51,65476,0,300,0,0,8,20529,65476,0,0,44564,70.0,0.0,0.0,0.0,0.0,0.0
2026-09-10T21:45:23,ERR,ERR,ERR,ERR,ERR,ERR,ERR,ERR,ERR,ERR,ERR,ERR,ERR,ERR,ERR,ERR,ERR,ERR,ERR,ERR,ERR,ERR,ERR,ERR,ERR,ERR,ERR,ERR,ERR,ERR,ERR,ERR,ERR,ERR,ERR,ERR,ERR,ERR,ERR,ERR,ERR,ERR,ERR,ERR,ERR,ERR,ERR,ERR,ERR,ERR,ERR,ERR,ERR,ERR,ERR,ERR,ERR,ERR,ERR,ERR,ERR,ERR,ERR,ERR,ERR,ERR,ERR,ERR,ERR,ERR,ERR,ERR,ERR,ERR,ERR,ERR,ERR,ERR,ERR,ERR,ERR,ERR,ERR,ERR,ERR,ERR,ERR,ERR,ERR,ERR,ERR,ERR,ERR,ERR,ERR,ERR,ERR,ERR,ERR,ERR,ERR,ERR,ERR,ERR,ERR,ERR,ERR,ERR,ERR,ERR,ERR,ERR,ERR,ERR,ERR,ERR,ERR,ERR,ERR,ERR,ERR,ERR,ERR,ERR,ERR,0.0,0.0,0.0,0.0,0.0,1.3936040501711995e+18,7.805,0.0,0,0,4,0,7116,0.0,100,0.0,0.0,0.0,0.0,0.0,0,0,0,0,0.0,0,0,0,0,0,0,0,0,0,0,0,0,0,0,0,0,0,0,0,0,0,0,0,0,0,0,0,0,0,0,0,0,0,31,40,40,71,65476,0,300,0,0,8,21553,0.0,-107605600.0,0.0,0.0,0.0,0.0,0.0,0.0,0.0,0.0,0.0,0.0,0.0,0.0,0.0,0.0,0.0,0.0,0.0,0.0,0.0,0.0,-2.004,0.0,-0.0,2.004,0.0,0.0,0.0,0.0,4518.0,0.0,6915.0,0.0,0.0,-107615168.0,-107615304.0,0.0,0.0,0.0,0.0,69,-0.0,-0.0,0.0,0.0,0.0,0.0,0.0,0.0,0.0,0,0,0,0.0,0.0,0.0,0.0,0.0,0.0,0.0,0.0,0.0,0.0,0.0,0.0,0.0,0.0,0.0,0.0,0,-107875648.0,69,0.0,138,0.0,2.6474720257151824e+23,0,26215,17085,26215,17099,0,17080,0,0,0,70,68,100,0.0,82.3,-0.0,77.8,-0.0,78.5,1,49,50,180,13107,52429,0,0,0.0,0.0,0.0,0.0,-0.0,67.0,0.0,162057.094,0.0,971,0,994,0,0,0,947,0,1017,0,920,0,788,0,778,0,822,0,7520,0.032,2.925538317939874e+19,0.0,0.0,784,16797,-0.0,162057.094,-114818.039,-0.0,0.133,6.909358625270745e+28,30.0,70.0,35,0.0,0.0,0.0,0.0,0.0,0.0,0.0,0.0,0.0,0.0,0.0,0.0,0.0,0.0,0.0,0.0,66.4,0,150,71,51,65476,0,300,0,0,8,20529,65476,0,0,44564,70.0,0.0,0.0,0.0,0.0,0.0
2026-09-10T21:45:24,ERR,ERR,ERR,ERR,ERR,ERR,ERR,ERR,ERR,ERR,ERR,ERR,ERR,ERR,ERR,ERR,ERR,ERR,ERR,ERR,ERR,ERR,ERR,ERR,ERR,ERR,ERR,ERR,ERR,ERR,ERR,ERR,ERR,ERR,ERR,ERR,ERR,ERR,ERR,ERR,ERR,ERR,ERR,ERR,ERR,ERR,ERR,ERR,ERR,ERR,ERR,ERR,ERR,ERR,ERR,ERR,ERR,ERR,ERR,ERR,ERR,ERR,ERR,ERR,ERR,ERR,ERR,ERR,ERR,ERR,ERR,ERR,ERR,ERR,ERR,ERR,ERR,ERR,ERR,ERR,ERR,ERR,ERR,ERR,ERR,ERR,ERR,ERR,ERR,ERR,ERR,ERR,ERR,ERR,ERR,ERR,ERR,ERR,ERR,ERR,ERR,ERR,ERR,ERR,ERR,ERR,ERR,ERR,ERR,ERR,ERR,ERR,ERR,ERR,ERR,ERR,ERR,ERR,ERR,ERR,ERR,ERR,ERR,ERR,ERR,0.0,0.0,0.0,0.0,0.0,1.3936040501711995e+18,7.805,0.0,0,0,4,0,7116,0.0,100,0.0,0.0,0.0,0.0,0.0,0,0,0,0,0.0,0,0,0,0,0,0,0,0,0,0,0,0,0,0,0,0,0,0,0,0,0,0,0,0,0,0,0,0,0,0,0,0,0,31,40,40,71,65476,0,300,0,0,8,21553,0.0,-107605600.0,0.0,0.0,0.0,0.0,0.0,0.0,0.0,0.0,0.0,0.0,0.0,0.0,0.0,0.0,0.0,0.0,0.0,0.0,0.0,0.0,-2.004,0.0,-0.0,2.004,0.0,0.0,0.0,0.0,4518.0,0.0,6915.0,0.0,0.0,-107615168.0,-107615304.0,0.0,0.0,0.0,0.0,69,-0.0,-0.0,0.0,0.0,0.0,0.0,0.0,0.0,0.0,0,0,0,0.0,0.0,0.0,0.0,0.0,0.0,0.0,0.0,0.0,0.0,0.0,0.0,0.0,0.0,0.0,0.0,0,-107875648.0,69,0.0,138,0.0,2.6474720257151824e+23,0,26215,17085,26215,17099,0,17080,0,0,0,70,68,100,0.0,82.3,-0.0,77.8,-0.0,78.5,1,49,50,180,13107,52429,0,0,0.0,0.0,0.0,0.0,-0.0,67.0,0.0,162057.094,0.0,971,0,994,0,0,0,947,0,1017,0,920,0,788,0,778,0,822,0,7520,0.032,2.925538317939874e+19,0.0,0.0,784,16797,-0.0,162057.094,-114818.039,-0.0,0.133,6.909358625270745e+28,30.0,70.0,35,0.0,0.0,0.0,0.0,0.0,0.0,0.0,0.0,0.0,0.0,0.0,0.0,0.0,0.0,0.0,0.0,66.4,0,150,71,51,65476,0,300,0,0,8,20529,65476,0,0,44564,70.0,0.0,0.0,0.0,0.0,0.0
2026-09-10T21:45:25,ERR,ERR,ERR,ERR,ERR,ERR,ERR,ERR,ERR,ERR,ERR,ERR,ERR,ERR,ERR,ERR,ERR,ERR,ERR,ERR,ERR,ERR,ERR,ERR,ERR,ERR,ERR,ERR,ERR,ERR,ERR,ERR,ERR,ERR,ERR,ERR,ERR,ERR,ERR,ERR,ERR,ERR,ERR,ERR,ERR,ERR,ERR,ERR,ERR,ERR,ERR,ERR,ERR,ERR,ERR,ERR,ERR,ERR,ERR,ERR,ERR,ERR,ERR,ERR,ERR,ERR,ERR,ERR,ERR,ERR,ERR,ERR,ERR,ERR,ERR,ERR,ERR,ERR,ERR,ERR,ERR,ERR,ERR,ERR,ERR,ERR,ERR,ERR,ERR,ERR,ERR,ERR,ERR,ERR,ERR,ERR,ERR,ERR,ERR,ERR,ERR,ERR,ERR,ERR,ERR,ERR,ERR,ERR,ERR,ERR,ERR,ERR,ERR,ERR,ERR,ERR,ERR,ERR,ERR,ERR,ERR,ERR,ERR,ERR,ERR,0.0,0.0,0.0,0.0,0.0,1.3936040501711995e+18,7.805,0.0,0,0,4,0,7116,0.0,100,0.0,0.0,0.0,0.0,0.0,0,0,0,0,0.0,0,0,0,0,0,0,0,0,0,0,0,0,0,0,0,0,0,0,0,0,0,0,0,0,0,0,0,0,0,0,0,0,0,31,40,40,71,65476,0,300,0,0,8,21553,0.0,-107605600.0,0.0,0.0,0.0,0.0,0.0,0.0,0.0,0.0,0.0,0.0,0.0,0.0,0.0,0.0,0.0,0.0,0.0,0.0,0.0,0.0,-2.004,0.0,-0.0,2.004,0.0,0.0,0.0,0.0,4518.0,0.0,6915.0,0.0,0.0,-107615168.0,-107615304.0,0.0,0.0,0.0,0.0,69,-0.0,-0.0,0.0,0.0,0.0,0.0,0.0,0.0,0.0,0,0,0,0.0,0.0,0.0,0.0,0.0,0.0,0.0,0.0,0.0,0.0,0.0,0.0,0.0,0.0,0.0,0.0,0,-107875648.0,69,0.0,138,0.0,2.6474720257151824e+23,0,26215,17085,26215,17099,0,17080,0,0,0,70,68,100,0.0,82.3,-0.0,77.8,-0.0,78.5,1,49,50,180,13107,52429,0,0,0.0,0.0,0.0,0.0,-0.0,67.0,0.0,162057.094,0.0,971,0,994,0,0,0,947,0,1017,0,920,0,788,0,778,0,822,0,7520,0.032,2.925538317939874e+19,0.0,0.0,784,16797,-0.0,162057.094,-114818.039,-0.0,0.133,6.909358625270745e+28,30.0,70.0,35,0.0,0.0,0.0,0.0,0.0,0.0,0.0,0.0,0.0,0.0,0.0,0.0,0.0,0.0,0.0,0.0,66.8,0,150,71,51,65476,0,300,0,0,8,20529,65476,0,0,44564,70.0,0.0,0.0,0.0,0.0,0.0
2026-09-10T21:45:26,ERR,ERR,ERR,ERR,ERR,ERR,ERR,ERR,ERR,ERR,ERR,ERR,ERR,ERR,ERR,ERR,ERR,ERR,ERR,ERR,ERR,ERR,ERR,ERR,ERR,ERR,ERR,ERR,ERR,ERR,ERR,ERR,ERR,ERR,ERR,ERR,ERR,ERR,ERR,ERR,ERR,ERR,ERR,ERR,ERR,ERR,ERR,ERR,ERR,ERR,ERR,ERR,ERR,ERR,ERR,ERR,ERR,ERR,ERR,ERR,ERR,ERR,ERR,ERR,ERR,ERR,ERR,ERR,ERR,ERR,ERR,ERR,ERR,ERR,ERR,ERR,ERR,ERR,ERR,ERR,ERR,ERR,ERR,ERR,ERR,ERR,ERR,ERR,ERR,ERR,ERR,ERR,ERR,ERR,ERR,ERR,ERR,ERR,ERR,ERR,ERR,ERR,ERR,ERR,ERR,ERR,ERR,ERR,ERR,ERR,ERR,ERR,ERR,ERR,ERR,ERR,ERR,ERR,ERR,ERR,ERR,ERR,ERR,ERR,ERR,0.0,0.0,0.0,0.0,0.0,1.3936040501711995e+18,7.805,0.0,0,0,4,0,7116,0.0,100,0.0,0.0,0.0,0.0,0.0,0,0,0,0,0.0,0,0,0,0,0,0,0,0,0,0,0,0,0,0,0,0,0,0,0,0,0,0,0,0,0,0,0,0,0,0,0,0,0,31,40,40,71,65476,0,300,0,0,8,21553,0.0,-107605600.0,0.0,0.0,0.0,0.0,0.0,0.0,0.0,0.0,0.0,0.0,0.0,0.0,0.0,0.0,0.0,0.0,0.0,0.0,0.0,0.0,-2.004,0.0,-0.0,2.004,0.0,0.0,0.0,0.0,4518.0,0.0,6915.0,0.0,0.0,-107615168.0,-107615304.0,0.0,0.0,0.0,0.0,69,-0.0,-0.0,0.0,0.0,0.0,0.0,0.0,0.0,0.0,0,0,0,0.0,0.0,0.0,0.0,0.0,0.0,0.0,0.0,0.0,0.0,0.0,0.0,0.0,0.0,0.0,0.0,0,-107875648.0,69,0.0,138,0.0,2.6474720257151824e+23,0,26215,17085,26215,17099,0,17080,0,0,0,70,68,100,0.0,82.3,-0.0,77.8,-0.0,78.5,1,49,50,180,13107,52429,0,0,0.0,0.0,0.0,0.0,-0.0,67.0,0.0,162057.094,0.0,971,0,994,0,0,0,947,0,1017,0,919,0,788,0,778,0,821,0,7520,0.032,3.357883882167442e+19,0.0,0.0,784,16797,-0.0,162057.094,-114818.039,-0.0,0.133,6.909358625270745e+28,30.0,70.0,35,0.0,0.0,0.0,0.0,0.0,0.0,0.0,0.0,0.0,0.0,0.0,0.0,0.0,0.0,0.0,0.0,66.8,0,150,71,51,65476,0,300,0,0,8,20529,65476,0,0,44564,70.0,0.0,0.0,0.0,0.0,0.0
2026-09-10T21:45:27,ERR,ERR,ERR,ERR,ERR,ERR,ERR,ERR,ERR,ERR,ERR,ERR,ERR,ERR,ERR,ERR,ERR,ERR,ERR,ERR,ERR,ERR,ERR,ERR,ERR,ERR,ERR,ERR,ERR,ERR,ERR,ERR,ERR,ERR,ERR,ERR,ERR,ERR,ERR,ERR,ERR,ERR,ERR,ERR,ERR,ERR,ERR,ERR,ERR,ERR,ERR,ERR,ERR,ERR,ERR,ERR,ERR,ERR,ERR,ERR,ERR,ERR,ERR,ERR,ERR,ERR,ERR,ERR,ERR,ERR,ERR,ERR,ERR,ERR,ERR,ERR,ERR,ERR,ERR,ERR,ERR,ERR,ERR,ERR,ERR,ERR,ERR,ERR,ERR,ERR,ERR,ERR,ERR,ERR,ERR,ERR,ERR,ERR,ERR,ERR,ERR,ERR,ERR,ERR,ERR,ERR,ERR,ERR,ERR,ERR,ERR,ERR,ERR,ERR,ERR,ERR,ERR,ERR,ERR,ERR,ERR,ERR,ERR,ERR,ERR,0.0,0.0,-0.0,0.0,0.0,1.3936040501711995e+18,7.805,0.0,0,0,4,0,7116,0.0,100,0.0,0.0,0.0,0.0,0.0,0,0,0,0,0.0,0,0,0,0,0,0,0,0,0,0,0,0,0,0,0,0,0,0,0,0,0,0,0,0,0,0,0,0,0,0,0,0,0,31,40,40,71,65476,0,300,0,0,8,21553,0.0,-107605600.0,0.0,0.0,0.0,0.0,0.0,0.0,0.0,0.0,0.0,0.0,0.0,0.0,0.0,0.0,0.0,0.0,0.0,0.0,0.0,0.0,0.0,0.0,-0.0,2.004,0.0,0.0,0.0,0.0,4516.0,0.0,6912.0,0.0,0.0,-107615168.0,-107615304.0,0.0,0.0,0.0,0.0,69,-0.0,5.84804776034314e+35,0.0,0.0,0.0,0.0,0.0,0.0,0.0,0,0,0,0.0,0.0,0.0,0.0,0.0,0.0,0.0,0.0,0.0,0.0,0.0,0.0,0.0,0.0,0.0,0.0,0,-107875648.0,69,0.0,138,0.0,2.6474720257151824e+23,0,26215,17085,26215,17099,0,17080,0,0,0,70,68,100,0.0,82.3,-0.0,77.8,-0.0,78.5,1,49,50,180,13107,52429,0,0,0.0,0.0,0.0,0.0,-0.0,67.0,0.0,162057.094,0.0,971,0,994,0,0,0,947,0,1017,0,919,0,788,0,778,0,821,0,7520,0.032,3.357883882167442e+19,0.0,0.0,784,16797,-0.0,162057.094,-114818.039,-0.0,0.133,6.909358625270745e+28,30.0,70.0,35,0.0,0.0,0.0,0.0,0.0,0.0,0.0,0.0,0.0,0.0,0.0,0.0,0.0,0.0,0.0,0.0,66.8,0,150,71,51,65476,0,300,0,0,8,20529,65476,0,0,44564,70.0,0.0,0.0,0.0,0.0,0.0
2026-09-10T21:45:28,ERR,ERR,ERR,ERR,ERR,ERR,ERR,ERR,ERR,ERR,ERR,ERR,ERR,ERR,ERR,ERR,ERR,ERR,ERR,ERR,ERR,ERR,ERR,ERR,ERR,ERR,ERR,ERR,ERR,ERR,ERR,ERR,ERR,ERR,ERR,ERR,ERR,ERR,ERR,ERR,ERR,ERR,ERR,ERR,ERR,ERR,ERR,ERR,ERR,ERR,ERR,ERR,ERR,ERR,ERR,ERR,ERR,ERR,ERR,ERR,ERR,ERR,ERR,ERR,ERR,ERR,ERR,ERR,ERR,ERR,ERR,ERR,ERR,ERR,ERR,ERR,ERR,ERR,ERR,ERR,ERR,ERR,ERR,ERR,ERR,ERR,ERR,ERR,ERR,ERR,ERR,ERR,ERR,ERR,ERR,ERR,ERR,ERR,ERR,ERR,ERR,ERR,ERR,ERR,ERR,ERR,ERR,ERR,ERR,ERR,ERR,ERR,ERR,ERR,ERR,ERR,ERR,ERR,ERR,ERR,ERR,ERR,ERR,ERR,ERR,0.0,0.0,-0.0,0.0,0.0,1.3936040501711995e+18,7.805,0.0,0,0,4,0,7116,0.0,100,0.0,0.0,0.0,0.0,0.0,0,0,0,0,0.0,0,0,0,0,0,0,0,0,0,0,0,0,0,0,0,0,0,0,0,0,0,0,0,0,0,0,0,0,0,0,0,0,0,31,40,40,71,65476,0,300,0,0,8,21553,0.0,-107605600.0,0.0,0.0,0.0,0.0,0.0,0.0,0.0,0.0,0.0,0.0,0.0,0.0,0.0,0.0,0.0,0.0,0.0,0.0,0.0,0.0,0.0,0.0,-0.0,2.004,0.0,0.0,0.0,0.0,4516.0,0.0,6912.0,0.0,0.0,-107615168.0,-107615304.0,0.0,0.0,0.0,0.0,69,-0.0,5.84804776034314e+35,0.0,0.0,0.0,0.0,0.0,0.0,0.0,0,0,0,0.0,0.0,0.0,0.0,0.0,0.0,0.0,0.0,0.0,0.0,0.0,0.0,0.0,0.0,0.0,0.0,0,-107875648.0,69,0.0,138,0.0,2.6474720257151824e+23,0,26215,17085,26215,17099,0,17080,0,0,0,70,68,100,0.0,82.3,-0.0,77.8,-0.0,78.5,1,49,50,180,13107,52429,0,0,0.0,0.0,0.0,0.0,-0.0,67.0,0.0,162057.094,0.0,971,0,994,0,0,0,947,0,1017,0,919,0,788,0,778,0,821,0,7520,0.032,3.357883882167442e+19,0.0,0.0,784,16797,-0.0,162057.094,-114818.039,-0.0,0.133,6.909358625270745e+28,30.0,70.0,35,0.0,0.0,0.0,0.0,0.0,0.0,0.0,0.0,0.0,0.0,0.0,0.0,0.0,0.0,0.0,0.0,66.4,0,150,71,51,65476,0,300,0,0,8,20529,65476,0,0,44564,70.0,0.0,0.0,0.0,0.0,0.0
2026-09-10T21:45:29,ERR,ERR,ERR,ERR,ERR,ERR,ERR,ERR,ERR,ERR,ERR,ERR,ERR,ERR,ERR,ERR,ERR,ERR,ERR,ERR,ERR,ERR,ERR,ERR,ERR,ERR,ERR,ERR,ERR,ERR,ERR,ERR,ERR,ERR,ERR,ERR,ERR,ERR,ERR,ERR,ERR,ERR,ERR,ERR,ERR,ERR,ERR,ERR,ERR,ERR,ERR,ERR,ERR,ERR,ERR,ERR,ERR,ERR,ERR,ERR,ERR,ERR,ERR,ERR,ERR,ERR,ERR,ERR,ERR,ERR,ERR,ERR,ERR,ERR,ERR,ERR,ERR,ERR,ERR,ERR,ERR,ERR,ERR,ERR,ERR,ERR,ERR,ERR,ERR,ERR,ERR,ERR,ERR,ERR,ERR,ERR,ERR,ERR,ERR,ERR,ERR,ERR,ERR,ERR,ERR,ERR,ERR,ERR,ERR,ERR,ERR,ERR,ERR,ERR,ERR,ERR,ERR,ERR,ERR,ERR,ERR,ERR,ERR,ERR,ERR,0.0,0.0,-0.0,0.0,0.0,1.3936040501711995e+18,7.805,0.0,0,0,4,0,7116,0.0,100,0.0,0.0,0.0,0.0,0.0,0,0,0,0,0.0,0,0,0,0,0,0,0,0,0,0,0,0,0,0,0,0,0,0,0,0,0,0,0,0,0,0,0,0,0,0,0,0,0,31,40,40,71,65476,0,300,0,0,8,21553,0.0,-107605600.0,0.0,0.0,0.0,0.0,0.0,0.0,0.0,0.0,0.0,0.0,0.0,0.0,0.0,0.0,0.0,0.0,0.0,0.0,0.0,0.0,0.0,0.0,-0.0,2.004,0.0,0.0,0.0,0.0,4516.0,0.0,6912.0,0.0,0.0,-107615168.0,-107615304.0,0.0,0.0,0.0,0.0,69,-0.0,5.84804776034314e+35,0.0,0.0,0.0,0.0,0.0,0.0,0.0,0,0,0,0.0,0.0,0.0,0.0,0.0,0.0,0.0,0.0,0.0,0.0,0.0,0.0,0.0,0.0,0.0,0.0,0,-107875648.0,69,0.0,138,0.0,2.6474720257151824e+23,0,26215,17085,26215,17099,0,17080,0,0,0,70,68,100,0.0,82.3,-0.0,77.8,-0.0,78.5,1,49,50,180,13107,52429,0,0,0.0,0.0,0.0,0.0,-0.0,67.0,0.0,162057.094,0.0,971,0,994,0,0,0,947,0,1017,0,919,0,788,0,778,0,821,0,7520,0.032,3.357883882167442e+19,0.0,0.0,784,16797,-0.0,162057.094,-114818.039,-0.0,0.133,6.909358625270745e+28,30.0,70.0,35,0.0,0.0,0.0,0.0,0.0,0.0,0.0,0.0,0.0,0.0,0.0,0.0,0.0,0.0,0.0,0.0,66.4,0,150,71,51,65476,0,300,0,0,8,20529,65476,0,0,44564,70.0,0.0,0.0,0.0,0.0,0.0
2026-09-10T21:45:30,ERR,ERR,ERR,ERR,ERR,ERR,ERR,ERR,ERR,ERR,ERR,ERR,ERR,ERR,ERR,ERR,ERR,ERR,ERR,ERR,ERR,ERR,ERR,ERR,ERR,ERR,ERR,ERR,ERR,ERR,ERR,ERR,ERR,ERR,ERR,ERR,ERR,ERR,ERR,ERR,ERR,ERR,ERR,ERR,ERR,ERR,ERR,ERR,ERR,ERR,ERR,ERR,ERR,ERR,ERR,ERR,ERR,ERR,ERR,ERR,ERR,ERR,ERR,ERR,ERR,ERR,ERR,ERR,ERR,ERR,ERR,ERR,ERR,ERR,ERR,ERR,ERR,ERR,ERR,ERR,ERR,ERR,ERR,ERR,ERR,ERR,ERR,ERR,ERR,ERR,ERR,ERR,ERR,ERR,ERR,ERR,ERR,ERR,ERR,ERR,ERR,ERR,ERR,ERR,ERR,ERR,ERR,ERR,ERR,ERR,ERR,ERR,ERR,ERR,ERR,ERR,ERR,ERR,ERR,ERR,ERR,ERR,ERR,ERR,ERR,0.0,0.0,-0.0,0.0,0.0,1.3936040501711995e+18,7.805,0.0,0,0,4,0,7116,0.0,100,0.0,0.0,0.0,0.0,0.0,0,0,0,0,0.0,0,0,0,0,0,0,0,0,0,0,0,0,0,0,0,0,0,0,0,0,0,0,0,0,0,0,0,0,0,0,0,0,0,31,40,40,71,65476,0,300,0,0,8,21553,0.0,-107605600.0,0.0,0.0,0.0,0.0,0.0,0.0,0.0,0.0,0.0,0.0,0.0,0.0,0.0,0.0,0.0,0.0,0.0,0.0,0.0,0.0,0.0,0.0,-0.0,2.004,0.0,0.0,0.0,0.0,4516.0,0.0,6912.0,0.0,0.0,-107615168.0,-107615304.0,0.0,0.0,0.0,0.0,69,-0.0,5.84804776034314e+35,0.0,0.0,0.0,0.0,0.0,0.0,0.0,0,0,0,0.0,0.0,0.0,0.0,0.0,0.0,0.0,0.0,0.0,0.0,0.0,0.0,0.0,0.0,0.0,0.0,0,-107875648.0,69,0.0,138,0.0,2.6474720257151824e+23,0,26215,17085,26215,17099,0,17080,0,0,0,70,68,100,0.0,82.3,-0.0,77.8,-0.0,78.5,1,49,50,180,13107,52429,0,0,0.0,0.0,0.0,0.0,-0.0,67.0,0.0,162057.094,0.0,971,0,994,0,0,0,947,0,1017,0,919,0,788,0,778,0,821,0,7520,0.032,3.357883882167442e+19,0.0,0.0,784,16797,-0.0,162057.094,-114818.039,-0.0,0.133,6.909358625270745e+28,30.0,70.0,35,0.0,0.0,0.0,0.0,0.0,0.0,0.0,0.0,0.0,0.0,0.0,0.0,0.0,0.0,0.0,0.0,66.4,0,150,71,51,65476,0,300,0,0,8,20529,65476,0,0,44564,70.0,0.0,0.0,0.0,0.0,0.0
2026-09-10T21:45:31,ERR,ERR,ERR,ERR,ERR,ERR,ERR,ERR,ERR,ERR,ERR,ERR,ERR,ERR,ERR,ERR,ERR,ERR,ERR,ERR,ERR,ERR,ERR,ERR,ERR,ERR,ERR,ERR,ERR,ERR,ERR,ERR,ERR,ERR,ERR,ERR,ERR,ERR,ERR,ERR,ERR,ERR,ERR,ERR,ERR,ERR,ERR,ERR,ERR,ERR,ERR,ERR,ERR,ERR,ERR,ERR,ERR,ERR,ERR,ERR,ERR,ERR,ERR,ERR,ERR,ERR,ERR,ERR,ERR,ERR,ERR,ERR,ERR,ERR,ERR,ERR,ERR,ERR,ERR,ERR,ERR,ERR,ERR,ERR,ERR,ERR,ERR,ERR,ERR,ERR,ERR,ERR,ERR,ERR,ERR,ERR,ERR,ERR,ERR,ERR,ERR,ERR,ERR,ERR,ERR,ERR,ERR,ERR,ERR,ERR,ERR,ERR,ERR,ERR,ERR,ERR,ERR,ERR,ERR,ERR,ERR,ERR,ERR,ERR,ERR,0.0,0.0,-0.0,0.0,0.0,1.3936040501711995e+18,7.805,0.0,0,0,4,0,7116,0.0,100,0.0,0.0,0.0,0.0,0.0,0,0,0,0,0.0,0,0,0,0,0,0,0,0,0,0,0,0,0,0,0,0,0,0,0,0,0,0,0,0,0,0,0,0,0,0,0,0,0,31,40,40,71,65476,0,300,0,0,8,21553,0.0,-107605600.0,0.0,0.0,0.0,0.0,0.0,0.0,0.0,0.0,0.0,0.0,0.0,0.0,0.0,0.0,0.0,0.0,0.0,0.0,0.0,0.0,0.0,0.0,-0.0,2.004,0.0,0.0,0.0,0.0,4516.0,0.0,6912.0,0.0,0.0,-107615168.0,-107615304.0,0.0,0.0,0.0,0.0,69,-0.0,5.84804776034314e+35,0.0,0.0,0.0,0.0,0.0,0.0,0.0,0,0,0,0.0,0.0,0.0,0.0,0.0,0.0,0.0,0.0,0.0,0.0,0.0,0.0,0.0,0.0,0.0,0.0,0,-107875648.0,69,0.0,138,0.0,2.6474720257151824e+23,0,26215,17085,26215,17099,0,17080,0,0,0,70,68,100,0.0,82.3,-0.0,77.8,-0.0,78.5,1,49,50,180,13107,52429,0,0,0.0,0.0,0.0,0.0,-0.0,67.0,0.0,162057.094,0.0,971,0,994,0,0,0,947,0,1017,0,919,0,788,0,778,0,821,0,7520,0.032,3.357883882167442e+19,0.0,0.0,784,16797,-0.0,162057.094,-114818.039,-0.0,0.133,6.909358625270745e+28,30.0,70.0,35,0.0,0.0,0.0,0.0,0.0,0.0,0.0,0.0,0.0,0.0,0.0,0.0,0.0,0.0,0.0,0.0,66.4,0,150,71,51,65476,0,300,0,0,8,20529,65476,0,0,44564,70.0,0.0,0.0,0.0,0.0,0.0
2026-09-10T21:45:32,ERR,ERR,ERR,ERR,ERR,ERR,ERR,ERR,ERR,ERR,ERR,ERR,ERR,ERR,ERR,ERR,ERR,ERR,ERR,ERR,ERR,ERR,ERR,ERR,ERR,ERR,ERR,ERR,ERR,ERR,ERR,ERR,ERR,ERR,ERR,ERR,ERR,ERR,ERR,ERR,ERR,ERR,ERR,ERR,ERR,ERR,ERR,ERR,ERR,ERR,ERR,ERR,ERR,ERR,ERR,ERR,ERR,ERR,ERR,ERR,ERR,ERR,ERR,ERR,ERR,ERR,ERR,ERR,ERR,ERR,ERR,ERR,ERR,ERR,ERR,ERR,ERR,ERR,ERR,ERR,ERR,ERR,ERR,ERR,ERR,ERR,ERR,ERR,ERR,ERR,ERR,ERR,ERR,ERR,ERR,ERR,ERR,ERR,ERR,ERR,ERR,ERR,ERR,ERR,ERR,ERR,ERR,ERR,ERR,ERR,ERR,ERR,ERR,ERR,ERR,ERR,ERR,ERR,ERR,ERR,ERR,ERR,ERR,ERR,ERR,0.0,0.0,-0.0,0.0,0.0,1.3936040501711995e+18,7.805,0.0,0,0,4,0,7116,0.0,100,0.0,0.0,0.0,0.0,0.0,0,0,0,0,0.0,0,0,0,0,0,0,0,0,0,0,0,0,0,0,0,0,0,0,0,0,0,0,0,0,0,0,0,0,0,0,0,0,0,31,40,40,71,65476,0,300,0,0,8,21553,0.0,-107605600.0,0.0,0.0,0.0,0.0,0.0,0.0,0.0,0.0,0.0,0.0,0.0,0.0,0.0,0.0,0.0,0.0,0.0,0.0,0.0,0.0,0.0,0.0,-0.0,2.004,0.0,0.0,0.0,0.0,4516.0,0.0,6912.0,0.0,0.0,-107615168.0,-107615304.0,0.0,0.0,0.0,0.0,69,-0.0,5.84804776034314e+35,0.0,0.0,0.0,0.0,0.0,0.0,0.0,0,0,0,0.0,0.0,0.0,0.0,0.0,0.0,0.0,0.0,0.0,0.0,0.0,0.0,0.0,0.0,0.0,0.0,0,-107875648.0,69,0.0,138,0.0,2.6474720257151824e+23,0,26215,17085,26215,17099,52429,17079,0,0,0,70,68,100,0.0,82.3,-0.0,77.8,-0.0,78.5,1,49,50,180,13107,52429,0,0,0.0,0.0,0.0,0.0,-0.0,67.0,0.0,162057.094,0.0,971,0,994,0,0,0,947,0,1017,0,919,0,788,0,778,0,821,0,7520,0.032,2.795834648671604e+19,0.0,0.0,784,16797,-0.0,162057.094,-114818.039,-0.0,0.133,6.909358625270745e+28,30.0,70.0,35,0.0,0.0,0.0,0.0,0.0,0.0,0.0,0.0,0.0,0.0,0.0,0.0,0.0,0.0,0.0,0.0,66.4,0,150,71,51,65476,0,300,0,0,8,20529,65476,0,0,44564,70.0,0.0,0.0,0.0,0.0,0.0
2026-09-10T21:45:33,ERR,ERR,ERR,ERR,ERR,ERR,ERR,ERR,ERR,ERR,ERR,ERR,ERR,ERR,ERR,ERR,ERR,ERR,ERR,ERR,ERR,ERR,ERR,ERR,ERR,ERR,ERR,ERR,ERR,ERR,ERR,ERR,ERR,ERR,ERR,ERR,ERR,ERR,ERR,ERR,ERR,ERR,ERR,ERR,ERR,ERR,ERR,ERR,ERR,ERR,ERR,ERR,ERR,ERR,ERR,ERR,ERR,ERR,ERR,ERR,ERR,ERR,ERR,ERR,ERR,ERR,ERR,ERR,ERR,ERR,ERR,ERR,ERR,ERR,ERR,ERR,ERR,ERR,ERR,ERR,ERR,ERR,ERR,ERR,ERR,ERR,ERR,ERR,ERR,ERR,ERR,ERR,ERR,ERR,ERR,ERR,ERR,ERR,ERR,ERR,ERR,ERR,ERR,ERR,ERR,ERR,ERR,ERR,ERR,ERR,ERR,ERR,ERR,ERR,ERR,ERR,ERR,ERR,ERR,ERR,ERR,ERR,ERR,ERR,ERR,0.0,0.0,-0.0,0.0,0.0,1.3936040501711995e+18,7.805,0.0,0,0,4,0,7116,0.0,100,0.0,0.0,0.0,0.0,0.0,0,0,0,0,0.0,0,0,0,0,0,0,0,0,0,0,0,0,0,0,0,0,0,0,0,0,0,0,0,0,0,0,0,0,0,0,0,0,0,31,40,40,71,65476,0,300,0,0,8,21553,0.0,-107605600.0,0.0,0.0,0.0,0.0,0.0,0.0,0.0,0.0,0.0,0.0,0.0,0.0,0.0,0.0,0.0,0.0,0.0,0.0,0.0,0.0,0.0,0.0,-0.0,2.004,0.0,0.0,0.0,0.0,4516.0,0.0,6912.0,0.0,0.0,-107615168.0,-107615304.0,0.0,0.0,0.0,0.0,69,-0.0,5.84804776034314e+35,0.0,0.0,0.0,0.0,0.0,0.0,0.0,0,0,0,0.0,0.0,0.0,0.0,0.0,0.0,0.0,0.0,0.0,0.0,0.0,0.0,0.0,0.0,0.0,0.0,0,-107875648.0,69,0.0,138,0.0,2.6474720257151824e+23,0,26215,17085,26215,17099,52429,17079,0,0,0,70,68,100,0.0,82.3,-0.0,77.8,-0.0,78.5,1,49,50,180,13107,52429,0,0,0.0,0.0,0.0,0.0,-0.0,67.0,0.0,162057.094,0.0,971,0,994,0,0,0,947,0,1017,0,919,0,788,0,778,0,821,0,7520,0.032,2.795834648671604e+19,0.0,0.0,784,16797,-0.0,162057.094,-114818.039,-0.0,0.133,6.909358625270745e+28,30.0,70.0,35,0.0,0.0,0.0,0.0,0.0,0.0,0.0,0.0,0.0,0.0,0.0,0.0,0.0,0.0,0.0,0.0,66.4,0,150,71,51,65476,0,300,0,0,8,20529,65476,0,0,44564,70.0,0.0,0.0,0.0,0.0,0.0
2026-09-10T21:45:34,ERR,ERR,ERR,ERR,ERR,ERR,ERR,ERR,ERR,ERR,ERR,ERR,ERR,ERR,ERR,ERR,ERR,ERR,ERR,ERR,ERR,ERR,ERR,ERR,ERR,ERR,ERR,ERR,ERR,ERR,ERR,ERR,ERR,ERR,ERR,ERR,ERR,ERR,ERR,ERR,ERR,ERR,ERR,ERR,ERR,ERR,ERR,ERR,ERR,ERR,ERR,ERR,ERR,ERR,ERR,ERR,ERR,ERR,ERR,ERR,ERR,ERR,ERR,ERR,ERR,ERR,ERR,ERR,ERR,ERR,ERR,ERR,ERR,ERR,ERR,ERR,ERR,ERR,ERR,ERR,ERR,ERR,ERR,ERR,ERR,ERR,ERR,ERR,ERR,ERR,ERR,ERR,ERR,ERR,ERR,ERR,ERR,ERR,ERR,ERR,ERR,ERR,ERR,ERR,ERR,ERR,ERR,ERR,ERR,ERR,ERR,ERR,ERR,ERR,ERR,ERR,ERR,ERR,ERR,ERR,ERR,ERR,ERR,ERR,ERR,0.0,0.0,-0.0,0.0,0.0,1.3936040501711995e+18,7.805,0.0,0,0,4,0,7116,0.0,100,0.0,0.0,0.0,0.0,0.0,0,0,0,0,0.0,0,0,0,0,0,0,0,0,0,0,0,0,0,0,0,0,0,0,0,0,0,0,0,0,0,0,0,0,0,0,0,0,0,31,40,40,71,65476,0,300,0,0,8,21553,0.0,-107605600.0,0.0,0.0,0.0,0.0,0.0,0.0,0.0,0.0,0.0,0.0,0.0,0.0,0.0,0.0,0.0,0.0,0.0,0.0,0.0,0.0,0.0,0.0,-0.0,2.004,0.0,0.0,0.0,0.0,4516.0,0.0,6912.0,0.0,0.0,-107615168.0,-107615304.0,0.0,0.0,0.0,0.0,69,-0.0,5.84804776034314e+35,0.0,0.0,0.0,0.0,0.0,0.0,0.0,0,0,0,0.0,0.0,0.0,0.0,0.0,0.0,0.0,0.0,0.0,0.0,0.0,0.0,0.0,0.0,0.0,0.0,0,-107875648.0,69,0.0,138,0.0,2.6474720257151824e+23,0,26215,17085,26215,17099,52429,17079,0,0,0,70,68,100,0.0,82.3,-0.0,77.8,-0.0,78.5,1,49,50,180,13107,52429,0,0,0.0,0.0,0.0,0.0,-0.0,67.0,0.0,162057.094,0.0,971,0,994,0,0,0,947,0,1017,0,919,0,788,0,778,0,821,0,7520,0.032,2.795834648671604e+19,0.0,0.0,784,16797,-0.0,162057.094,-114818.039,-0.0,0.133,6.909358625270745e+28,30.0,70.0,35,0.0,0.0,0.0,0.0,0.0,0.0,0.0,0.0,0.0,0.0,0.0,0.0,0.0,0.0,0.0,0.0,66.4,0,150,71,51,65476,0,300,0,0,8,20529,65476,0,0,44564,70.0,0.0,0.0,0.0,0.0,0.0
2026-09-10T21:45:35,ERR,ERR,ERR,ERR,ERR,ERR,ERR,ERR,ERR,ERR,ERR,ERR,ERR,ERR,ERR,ERR,ERR,ERR,ERR,ERR,ERR,ERR,ERR,ERR,ERR,ERR,ERR,ERR,ERR,ERR,ERR,ERR,ERR,ERR,ERR,ERR,ERR,ERR,ERR,ERR,ERR,ERR,ERR,ERR,ERR,ERR,ERR,ERR,ERR,ERR,ERR,ERR,ERR,ERR,ERR,ERR,ERR,ERR,ERR,ERR,ERR,ERR,ERR,ERR,ERR,ERR,ERR,ERR,ERR,ERR,ERR,ERR,ERR,ERR,ERR,ERR,ERR,ERR,ERR,ERR,ERR,ERR,ERR,ERR,ERR,ERR,ERR,ERR,ERR,ERR,ERR,ERR,ERR,ERR,ERR,ERR,ERR,ERR,ERR,ERR,ERR,ERR,ERR,ERR,ERR,ERR,ERR,ERR,ERR,ERR,ERR,ERR,ERR,ERR,ERR,ERR,ERR,ERR,ERR,ERR,ERR,ERR,ERR,ERR,ERR,0.0,0.0,0.0,0.0,0.0,1.3936040501711995e+18,7.805,0.0,0,0,4,0,7116,0.0,100,0.0,0.0,0.0,0.0,0.0,0,0,0,0,0.0,0,0,0,0,0,0,0,0,0,0,0,0,0,0,0,0,0,0,0,0,0,0,0,0,0,0,0,0,0,0,0,0,0,31,40,40,71,65476,0,300,0,0,8,21553,0.0,-107605600.0,0.0,0.0,0.0,0.0,0.0,0.0,0.0,0.0,0.0,0.0,0.0,0.0,0.0,0.0,0.0,0.0,0.0,0.0,0.0,0.0,-2.004,0.0,-0.0,2.004,0.0,0.0,0.0,0.0,4487.0,-2.4229832928462634e+24,6941.0,0.0,0.0,-107615168.0,-107615304.0,0.0,0.0,0.0,0.0,69,-0.0,1.905682486793339e+17,0.0,0.0,0.0,0.0,0.0,0.0,0.0,0,0,0,0.0,0.0,0.0,0.0,0.0,0.0,0.0,0.0,0.0,0.0,0.0,0.0,0.0,0.0,0.0,0.0,0,-107875648.0,69,0.0,138,0.0,2.6474720257151824e+23,0,26215,17085,26215,17099,52429,17079,0,0,0,70,68,100,0.0,82.3,-0.0,77.8,-0.0,78.5,1,49,50,180,13107,52429,0,0,0.0,0.0,0.0,0.0,-0.0,67.0,0.0,162057.094,0.0,971,0,994,0,0,0,947,0,1017,0,919,0,788,0,778,0,821,0,7520,0.032,2.795834648671604e+19,0.0,0.0,784,16797,-0.0,162057.094,-114818.039,-0.0,0.133,6.909358625270745e+28,30.0,70.0,35,0.0,0.0,0.0,0.0,0.0,0.0,0.0,0.0,0.0,0.0,0.0,0.0,0.0,0.0,0.0,0.0,66.4,0,150,71,51,65476,0,300,0,0,8,20529,65476,0,0,44564,70.0,0.0,0.0,0.0,0.0,0.0
2026-09-10T21:45:36,ERR,ERR,ERR,ERR,ERR,ERR,ERR,ERR,ERR,ERR,ERR,ERR,ERR,ERR,ERR,ERR,ERR,ERR,ERR,ERR,ERR,ERR,ERR,ERR,ERR,ERR,ERR,ERR,ERR,ERR,ERR,ERR,ERR,ERR,ERR,ERR,ERR,ERR,ERR,ERR,ERR,ERR,ERR,ERR,ERR,ERR,ERR,ERR,ERR,ERR,ERR,ERR,ERR,ERR,ERR,ERR,ERR,ERR,ERR,ERR,ERR,ERR,ERR,ERR,ERR,ERR,ERR,ERR,ERR,ERR,ERR,ERR,ERR,ERR,ERR,ERR,ERR,ERR,ERR,ERR,ERR,ERR,ERR,ERR,ERR,ERR,ERR,ERR,ERR,ERR,ERR,ERR,ERR,ERR,ERR,ERR,ERR,ERR,ERR,ERR,ERR,ERR,ERR,ERR,ERR,ERR,ERR,ERR,ERR,ERR,ERR,ERR,ERR,ERR,ERR,ERR,ERR,ERR,ERR,ERR,ERR,ERR,ERR,ERR,ERR,0.0,0.0,0.0,0.0,0.0,1.3936040501711995e+18,7.805,0.0,0,0,4,0,7116,0.0,100,0.0,0.0,0.0,0.0,0.0,0,0,0,0,0.0,0,0,0,0,0,0,0,0,0,0,0,0,0,0,0,0,0,0,0,0,0,0,0,0,0,0,0,0,0,0,0,0,0,31,40,40,71,65476,0,300,0,0,8,21553,0.0,-107605600.0,0.0,0.0,0.0,0.0,0.0,0.0,0.0,0.0,0.0,0.0,0.0,0.0,0.0,0.0,0.0,0.0,0.0,0.0,0.0,0.0,-2.004,0.0,-0.0,2.004,0.0,0.0,0.0,0.0,4487.0,-2.4229832928462634e+24,6941.0,0.0,0.0,-107615168.0,-107615304.0,0.0,0.0,0.0,0.0,69,-0.0,1.905682486793339e+17,0.0,0.0,0.0,0.0,0.0,0.0,0.0,0,0,0,0.0,0.0,0.0,0.0,0.0,0.0,0.0,0.0,0.0,0.0,0.0,0.0,0.0,0.0,0.0,0.0,0,-107875648.0,69,0.0,138,0.0,2.6474720257151824e+23,0,26215,17085,26215,17099,52429,17079,0,0,0,70,68,100,0.0,82.3,-0.0,77.8,-0.0,78.5,1,49,50,180,13107,52429,0,0,0.0,0.0,0.0,0.0,-0.0,67.0,0.0,162057.094,0.0,971,0,994,0,0,0,947,0,1017,0,919,0,788,0,778,0,821,0,7520,0.032,2.795834648671604e+19,0.0,0.0,784,16797,-0.0,162057.094,-114818.039,-0.0,0.133,6.909358625270745e+28,30.0,70.0,35,0.0,0.0,0.0,0.0,0.0,0.0,0.0,0.0,0.0,0.0,0.0,0.0,0.0,0.0,0.0,0.0,66.4,0,150,71,51,65476,0,300,0,0,8,20529,65476,0,0,44564,70.0,0.0,0.0,0.0,0.0,0.0
2026-09-10T21:45:37,ERR,ERR,ERR,ERR,ERR,ERR,ERR,ERR,ERR,ERR,ERR,ERR,ERR,ERR,ERR,ERR,ERR,ERR,ERR,ERR,ERR,ERR,ERR,ERR,ERR,ERR,ERR,ERR,ERR,ERR,ERR,ERR,ERR,ERR,ERR,ERR,ERR,ERR,ERR,ERR,ERR,ERR,ERR,ERR,ERR,ERR,ERR,ERR,ERR,ERR,ERR,ERR,ERR,ERR,ERR,ERR,ERR,ERR,ERR,ERR,ERR,ERR,ERR,ERR,ERR,ERR,ERR,ERR,ERR,ERR,ERR,ERR,ERR,ERR,ERR,ERR,ERR,ERR,ERR,ERR,ERR,ERR,ERR,ERR,ERR,ERR,ERR,ERR,ERR,ERR,ERR,ERR,ERR,ERR,ERR,ERR,ERR,ERR,ERR,ERR,ERR,ERR,ERR,ERR,ERR,ERR,ERR,ERR,ERR,ERR,ERR,ERR,ERR,ERR,ERR,ERR,ERR,ERR,ERR,ERR,ERR,ERR,ERR,ERR,ERR,0.0,0.0,0.0,0.0,0.0,1.3936040501711995e+18,7.805,0.0,0,0,4,0,7116,0.0,100,0.0,0.0,0.0,0.0,0.0,0,0,0,0,0.0,0,0,0,0,0,0,0,0,0,0,0,0,0,0,0,0,0,0,0,0,0,0,0,0,0,0,0,0,0,0,0,0,0,31,40,40,71,65476,0,300,0,0,8,21553,0.0,-107605600.0,0.0,0.0,0.0,0.0,0.0,0.0,0.0,0.0,0.0,0.0,0.0,0.0,0.0,0.0,0.0,0.0,0.0,0.0,0.0,0.0,-2.004,0.0,-0.0,2.004,0.0,0.0,0.0,0.0,4487.0,-2.4229832928462634e+24,6941.0,0.0,0.0,-107615168.0,-107615304.0,0.0,0.0,0.0,0.0,69,-0.0,1.905682486793339e+17,0.0,0.0,0.0,0.0,0.0,0.0,0.0,0,0,0,0.0,0.0,0.0,0.0,0.0,0.0,0.0,0.0,0.0,0.0,0.0,0.0,0.0,0.0,0.0,0.0,0,-107875648.0,69,0.0,138,0.0,2.6474720257151824e+23,0,26215,17085,26215,17099,52429,17079,0,0,0,70,68,100,0.0,82.3,-0.0,77.8,-0.0,78.5,1,49,50,180,13107,52429,0,0,0.0,0.0,0.0,0.0,-0.0,67.0,0.0,162057.094,0.0,971,0,994,0,0,0,947,0,1017,0,919,0,788,0,778,0,821,0,7520,0.032,2.795834648671604e+19,0.0,0.0,784,16797,-0.0,162057.094,-114818.039,-0.0,0.133,6.909358625270745e+28,30.0,70.0,35,0.0,0.0,0.0,0.0,0.0,0.0,0.0,0.0,0.0,0.0,0.0,0.0,0.0,0.0,0.0,0.0,66.4,0,150,71,51,65476,0,300,0,0,8,20529,65476,0,0,44564,70.0,0.0,0.0,0.0,0.0,0.0
2026-09-10T21:45:38,ERR,ERR,ERR,ERR,ERR,ERR,ERR,ERR,ERR,ERR,ERR,ERR,ERR,ERR,ERR,ERR,ERR,ERR,ERR,ERR,ERR,ERR,ERR,ERR,ERR,ERR,ERR,ERR,ERR,ERR,ERR,ERR,ERR,ERR,ERR,ERR,ERR,ERR,ERR,ERR,ERR,ERR,ERR,ERR,ERR,ERR,ERR,ERR,ERR,ERR,ERR,ERR,ERR,ERR,ERR,ERR,ERR,ERR,ERR,ERR,ERR,ERR,ERR,ERR,ERR,ERR,ERR,ERR,ERR,ERR,ERR,ERR,ERR,ERR,ERR,ERR,ERR,ERR,ERR,ERR,ERR,ERR,ERR,ERR,ERR,ERR,ERR,ERR,ERR,ERR,ERR,ERR,ERR,ERR,ERR,ERR,ERR,ERR,ERR,ERR,ERR,ERR,ERR,ERR,ERR,ERR,ERR,ERR,ERR,ERR,ERR,ERR,ERR,ERR,ERR,ERR,ERR,ERR,ERR,ERR,ERR,ERR,ERR,ERR,ERR,0.0,0.0,0.0,0.0,0.0,1.3936040501711995e+18,7.805,0.0,0,0,4,0,7116,0.0,100,0.0,0.0,0.0,0.0,0.0,0,0,0,0,0.0,0,0,0,0,0,0,0,0,0,0,0,0,0,0,0,0,0,0,0,0,0,0,0,0,0,0,0,0,0,0,0,0,0,31,40,40,71,65476,0,300,0,0,8,21553,0.0,-107605600.0,0.0,0.0,0.0,0.0,0.0,0.0,0.0,0.0,0.0,0.0,0.0,0.0,0.0,0.0,0.0,0.0,0.0,0.0,0.0,0.0,-2.004,0.0,-0.0,2.004,0.0,0.0,0.0,0.0,4487.0,-2.4229832928462634e+24,6941.0,0.0,0.0,-107615168.0,-107615304.0,0.0,0.0,0.0,0.0,69,-0.0,1.905682486793339e+17,0.0,0.0,0.0,0.0,0.0,0.0,0.0,0,0,0,0.0,0.0,0.0,0.0,0.0,0.0,0.0,0.0,0.0,0.0,0.0,0.0,0.0,0.0,0.0,0.0,0,-107875648.0,69,0.0,138,0.0,2.6474720257151824e+23,0,26215,17085,26215,17099,52429,17079,0,0,0,70,68,100,0.0,82.3,-0.0,77.8,-0.0,78.5,1,49,50,180,13107,52429,0,0,0.0,0.0,0.0,0.0,-0.0,67.0,0.0,162057.094,0.0,971,0,994,0,0,0,947,0,1017,0,919,0,788,0,778,0,821,0,7520,0.032,2.7814231298640183e+19,0.0,0.0,784,16797,-0.0,162057.094,-114818.039,-0.0,0.133,6.909358625270745e+28,30.0,70.0,35,0.0,0.0,0.0,0.0,0.0,0.0,0.0,0.0,0.0,0.0,0.0,0.0,0.0,0.0,0.0,0.0,66.4,0,150,71,51,65476,0,300,0,0,8,20529,65476,0,0,44564,70.0,0.0,0.0,0.0,0.0,0.0
2026-09-10T21:45:39,ERR,ERR,ERR,ERR,ERR,ERR,ERR,ERR,ERR,ERR,ERR,ERR,ERR,ERR,ERR,ERR,ERR,ERR,ERR,ERR,ERR,ERR,ERR,ERR,ERR,ERR,ERR,ERR,ERR,ERR,ERR,ERR,ERR,ERR,ERR,ERR,ERR,ERR,ERR,ERR,ERR,ERR,ERR,ERR,ERR,ERR,ERR,ERR,ERR,ERR,ERR,ERR,ERR,ERR,ERR,ERR,ERR,ERR,ERR,ERR,ERR,ERR,ERR,ERR,ERR,ERR,ERR,ERR,ERR,ERR,ERR,ERR,ERR,ERR,ERR,ERR,ERR,ERR,ERR,ERR,ERR,ERR,ERR,ERR,ERR,ERR,ERR,ERR,ERR,ERR,ERR,ERR,ERR,ERR,ERR,ERR,ERR,ERR,ERR,ERR,ERR,ERR,ERR,ERR,ERR,ERR,ERR,ERR,ERR,ERR,ERR,ERR,ERR,ERR,ERR,ERR,ERR,ERR,ERR,ERR,ERR,ERR,ERR,ERR,ERR,0.0,0.0,0.0,0.0,0.0,1.3936040501711995e+18,7.805,0.0,0,0,4,0,7116,0.0,100,0.0,0.0,0.0,0.0,0.0,0,0,0,0,0.0,0,0,0,0,0,0,0,0,0,0,0,0,0,0,0,0,0,0,0,0,0,0,0,0,0,0,0,0,0,0,0,0,0,31,40,40,71,65476,0,300,0,0,8,21553,0.0,-107605600.0,0.0,0.0,0.0,0.0,0.0,0.0,0.0,0.0,0.0,0.0,0.0,0.0,0.0,0.0,0.0,0.0,0.0,0.0,0.0,0.0,-2.004,0.0,-0.0,2.004,0.0,0.0,0.0,0.0,4487.0,-2.4229832928462634e+24,6941.0,0.0,0.0,-107615168.0,-107615304.0,0.0,0.0,0.0,0.0,69,-0.0,1.905682486793339e+17,0.0,0.0,0.0,0.0,0.0,0.0,0.0,0,0,0,0.0,0.0,0.0,0.0,0.0,0.0,0.0,0.0,0.0,0.0,0.0,0.0,0.0,0.0,0.0,0.0,0,-107875648.0,69,0.0,138,0.0,2.6474720257151824e+23,0,26215,17085,26215,17099,52429,17079,0,0,0,70,68,100,0.0,82.3,-0.0,77.8,-0.0,78.5,1,49,50,180,13107,52429,0,0,0.0,0.0,0.0,0.0,-0.0,67.0,0.0,162057.094,0.0,971,0,994,0,0,0,947,0,1017,0,919,0,788,0,778,0,821,0,7520,0.032,2.7814231298640183e+19,0.0,0.0,784,16797,-0.0,162057.094,-114818.039,-0.0,0.133,6.909358625270745e+28,30.0,70.0,35,0.0,0.0,0.0,0.0,0.0,0.0,0.0,0.0,0.0,0.0,0.0,0.0,0.0,0.0,0.0,0.0,66.4,0,150,71,51,65476,0,300,0,0,8,20529,65476,0,0,44564,70.0,0.0,0.0,0.0,0.0,0.0
2026-09-10T21:45:40,ERR,ERR,ERR,ERR,ERR,ERR,ERR,ERR,ERR,ERR,ERR,ERR,ERR,ERR,ERR,ERR,ERR,ERR,ERR,ERR,ERR,ERR,ERR,ERR,ERR,ERR,ERR,ERR,ERR,ERR,ERR,ERR,ERR,ERR,ERR,ERR,ERR,ERR,ERR,ERR,ERR,ERR,ERR,ERR,ERR,ERR,ERR,ERR,ERR,ERR,ERR,ERR,ERR,ERR,ERR,ERR,ERR,ERR,ERR,ERR,ERR,ERR,ERR,ERR,ERR,ERR,ERR,ERR,ERR,ERR,ERR,ERR,ERR,ERR,ERR,ERR,ERR,ERR,ERR,ERR,ERR,ERR,ERR,ERR,ERR,ERR,ERR,ERR,ERR,ERR,ERR,ERR,ERR,ERR,ERR,ERR,ERR,ERR,ERR,ERR,ERR,ERR,ERR,ERR,ERR,ERR,ERR,ERR,ERR,ERR,ERR,ERR,ERR,ERR,ERR,ERR,ERR,ERR,ERR,ERR,ERR,ERR,ERR,ERR,ERR,0.0,0.0,0.0,0.0,0.0,1.3936040501711995e+18,7.805,0.0,0,0,4,0,7116,0.0,100,0.0,0.0,0.0,0.0,0.0,0,0,0,0,0.0,0,0,0,0,0,0,0,0,0,0,0,0,0,0,0,0,0,0,0,0,0,0,0,0,0,0,0,0,0,0,0,0,0,31,40,40,71,65476,0,300,0,0,8,21553,0.0,-107605600.0,0.0,0.0,0.0,0.0,0.0,0.0,0.0,0.0,0.0,0.0,0.0,0.0,0.0,0.0,0.0,0.0,0.0,0.0,0.0,0.0,-2.004,0.0,-0.0,2.004,0.0,0.0,0.0,0.0,4487.0,-2.4229832928462634e+24,6941.0,0.0,0.0,-107615168.0,-107615304.0,0.0,0.0,0.0,0.0,69,-0.0,1.905682486793339e+17,0.0,0.0,0.0,0.0,0.0,0.0,0.0,0,0,0,0.0,0.0,0.0,0.0,0.0,0.0,0.0,0.0,0.0,0.0,0.0,0.0,0.0,0.0,0.0,0.0,0,-107875648.0,69,0.0,138,0.0,2.6474720257151824e+23,0,26215,17085,26215,17099,52429,17079,0,0,0,70,68,100,0.0,82.3,-0.0,77.8,-0.0,78.5,1,49,50,180,13107,52429,0,0,0.0,0.0,0.0,0.0,-0.0,67.0,0.0,162057.094,0.0,971,0,994,0,0,0,947,0,1017,0,919,0,788,0,778,0,821,0,7520,0.032,2.7814231298640183e+19,0.0,0.0,784,16797,-0.0,162057.094,-114818.039,-0.0,0.133,6.909358625270745e+28,30.0,70.0,35,0.0,0.0,0.0,0.0,0.0,0.0,0.0,0.0,0.0,0.0,0.0,0.0,0.0,0.0,0.0,0.0,66.8,0,150,71,51,65476,0,300,0,0,8,20529,65476,0,0,44564,70.0,0.0,0.0,0.0,0.0,0.0
2026-09-10T21:45:41,ERR,ERR,ERR,ERR,ERR,ERR,ERR,ERR,ERR,ERR,ERR,ERR,ERR,ERR,ERR,ERR,ERR,ERR,ERR,ERR,ERR,ERR,ERR,ERR,ERR,ERR,ERR,ERR,ERR,ERR,ERR,ERR,ERR,ERR,ERR,ERR,ERR,ERR,ERR,ERR,ERR,ERR,ERR,ERR,ERR,ERR,ERR,ERR,ERR,ERR,ERR,ERR,ERR,ERR,ERR,ERR,ERR,ERR,ERR,ERR,ERR,ERR,ERR,ERR,ERR,ERR,ERR,ERR,ERR,ERR,ERR,ERR,ERR,ERR,ERR,ERR,ERR,ERR,ERR,ERR,ERR,ERR,ERR,ERR,ERR,ERR,ERR,ERR,ERR,ERR,ERR,ERR,ERR,ERR,ERR,ERR,ERR,ERR,ERR,ERR,ERR,ERR,ERR,ERR,ERR,ERR,ERR,ERR,ERR,ERR,ERR,ERR,ERR,ERR,ERR,ERR,ERR,ERR,ERR,ERR,ERR,ERR,ERR,ERR,ERR,0.0,0.0,0.0,0.0,0.0,1.3936040501711995e+18,7.805,0.0,0,0,4,0,7116,0.0,100,0.0,0.0,0.0,0.0,0.0,0,0,0,0,0.0,0,0,0,0,0,0,0,0,0,0,0,0,0,0,0,0,0,0,0,0,0,0,0,0,0,0,0,0,0,0,0,0,0,31,40,40,71,65476,0,300,0,0,8,21553,0.0,-107605600.0,0.0,0.0,0.0,0.0,0.0,0.0,0.0,0.0,0.0,0.0,0.0,0.0,0.0,0.0,0.0,0.0,0.0,0.0,0.0,0.0,-2.004,0.0,-0.0,2.004,0.0,0.0,0.0,0.0,4487.0,-2.4229832928462634e+24,6941.0,0.0,0.0,-107615168.0,-107615304.0,0.0,0.0,0.0,0.0,69,-0.0,1.905682486793339e+17,0.0,0.0,0.0,0.0,0.0,0.0,0.0,0,0,0,0.0,0.0,0.0,0.0,0.0,0.0,0.0,0.0,0.0,0.0,0.0,0.0,0.0,0.0,0.0,0.0,0,-107875648.0,69,0.0,138,0.0,2.6474720257151824e+23,0,26215,17085,26215,17099,52429,17079,0,0,0,70,68,100,0.0,82.3,-0.0,77.8,-0.0,78.5,1,49,50,180,13107,52429,0,0,0.0,0.0,0.0,0.0,-0.0,67.0,0.0,162057.094,0.0,971,0,994,0,0,0,947,0,1017,0,919,0,788,0,778,0,821,0,7520,0.032,2.7814231298640183e+19,0.0,0.0,784,16797,-0.0,162057.094,-114818.039,-0.0,0.133,6.909358625270745e+28,30.0,70.0,35,0.0,0.0,0.0,0.0,0.0,0.0,0.0,0.0,0.0,0.0,0.0,0.0,0.0,0.0,0.0,0.0,66.8,0,150,71,51,65476,0,300,0,0,8,20529,65476,0,0,44564,70.0,0.0,0.0,0.0,0.0,0.0
2026-09-10T21:45:42,ERR,ERR,ERR,ERR,ERR,ERR,ERR,ERR,ERR,ERR,ERR,ERR,ERR,ERR,ERR,ERR,ERR,ERR,ERR,ERR,ERR,ERR,ERR,ERR,ERR,ERR,ERR,ERR,ERR,ERR,ERR,ERR,ERR,ERR,ERR,ERR,ERR,ERR,ERR,ERR,ERR,ERR,ERR,ERR,ERR,ERR,ERR,ERR,ERR,ERR,ERR,ERR,ERR,ERR,ERR,ERR,ERR,ERR,ERR,ERR,ERR,ERR,ERR,ERR,ERR,ERR,ERR,ERR,ERR,ERR,ERR,ERR,ERR,ERR,ERR,ERR,ERR,ERR,ERR,ERR,ERR,ERR,ERR,ERR,ERR,ERR,ERR,ERR,ERR,ERR,ERR,ERR,ERR,ERR,ERR,ERR,ERR,ERR,ERR,ERR,ERR,ERR,ERR,ERR,ERR,ERR,ERR,ERR,ERR,ERR,ERR,ERR,ERR,ERR,ERR,ERR,ERR,ERR,ERR,ERR,ERR,ERR,ERR,ERR,ERR,0.0,0.0,0.0,0.0,0.0,1.3936040501711995e+18,7.805,0.0,0,0,4,0,7116,0.0,100,0.0,0.0,0.0,0.0,0.0,0,0,0,0,0.0,0,0,0,0,0,0,0,0,0,0,0,0,0,0,0,0,0,0,0,0,0,0,0,0,0,0,0,0,0,0,0,0,0,31,40,40,71,65476,0,300,0,0,8,21553,0.0,-107605600.0,0.0,0.0,0.0,0.0,0.0,0.0,0.0,0.0,0.0,0.0,0.0,0.0,0.0,0.0,0.0,0.0,0.0,0.0,0.0,0.0,-2.004,0.0,-0.0,2.004,0.0,0.0,0.0,0.0,4543.0,0.0,6915.0,0.0,0.0,-107615168.0,-107615304.0,0.0,0.0,0.0,0.0,69,-0.0,-0.0,0.0,0.0,0.0,0.0,0.0,0.0,0.0,0,0,0,0.0,0.0,0.0,0.0,0.0,0.0,0.0,0.0,0.0,0.0,0.0,0.0,0.0,0.0,0.0,0.0,0,-107875648.0,69,0.0,138,0.0,2.6474720257151824e+23,0,26215,17085,26215,17099,52429,17079,0,0,0,70,68,100,2.7302399002429377e+23,82.3,-0.0,77.8,-0.0,78.5,1,49,50,180,13107,52429,0,0,0.0,0.0,0.0,0.0,-0.0,67.0,0.0,162057.094,0.0,971,0,994,0,0,0,947,0,1017,0,919,0,788,0,778,0,821,0,7520,0.032,3.8911100780481085e+19,0.0,0.0,784,16797,-0.0,162057.094,-114818.039,-0.0,0.133,6.909358625270745e+28,30.0,70.0,35,0.0,0.0,0.0,0.0,0.0,0.0,0.0,0.0,0.0,0.0,0.0,0.0,0.0,0.0,0.0,0.0,66.8,0,150,71,51,65476,0,300,0,0,8,20529,65476,0,0,44564,70.0,0.0,0.0,0.0,0.0,0.0
2026-09-10T21:45:43,ERR,ERR,ERR,ERR,ERR,ERR,ERR,ERR,ERR,ERR,ERR,ERR,ERR,ERR,ERR,ERR,ERR,ERR,ERR,ERR,ERR,ERR,ERR,ERR,ERR,ERR,ERR,ERR,ERR,ERR,ERR,ERR,ERR,ERR,ERR,ERR,ERR,ERR,ERR,ERR,ERR,ERR,ERR,ERR,ERR,ERR,ERR,ERR,ERR,ERR,ERR,ERR,ERR,ERR,ERR,ERR,ERR,ERR,ERR,ERR,ERR,ERR,ERR,ERR,ERR,ERR,ERR,ERR,ERR,ERR,ERR,ERR,ERR,ERR,ERR,ERR,ERR,ERR,ERR,ERR,ERR,ERR,ERR,ERR,ERR,ERR,ERR,ERR,ERR,ERR,ERR,ERR,ERR,ERR,ERR,ERR,ERR,ERR,ERR,ERR,ERR,ERR,ERR,ERR,ERR,ERR,ERR,ERR,ERR,ERR,ERR,ERR,ERR,ERR,ERR,ERR,ERR,ERR,ERR,ERR,ERR,ERR,ERR,ERR,ERR,0.0,0.0,0.0,0.0,0.0,1.3936040501711995e+18,7.805,0.0,0,0,4,0,7116,0.0,100,0.0,0.0,0.0,0.0,0.0,0,0,0,0,0.0,0,0,0,0,0,0,0,0,0,0,0,0,0,0,0,0,0,0,0,0,0,0,0,0,0,0,0,0,0,0,0,0,0,31,40,40,71,65476,0,300,0,0,8,21553,0.0,-107605600.0,0.0,0.0,0.0,0.0,0.0,0.0,0.0,0.0,0.0,0.0,0.0,0.0,0.0,0.0,0.0,0.0,0.0,0.0,0.0,0.0,-2.004,0.0,-0.0,2.004,0.0,0.0,0.0,0.0,4543.0,0.0,6915.0,0.0,0.0,-107615168.0,-107615304.0,0.0,0.0,0.0,0.0,69,-0.0,-0.0,0.0,0.0,0.0,0.0,0.0,0.0,0.0,0,0,0,0.0,0.0,0.0,0.0,0.0,0.0,0.0,0.0,0.0,0.0,0.0,0.0,0.0,0.0,0.0,0.0,0,-107875648.0,69,0.0,138,0.0,2.6474720257151824e+23,0,26215,17085,26215,17099,52429,17079,0,0,0,70,68,100,2.7302399002429377e+23,82.3,-0.0,77.8,-0.0,78.5,1,49,50,180,13107,52429,0,0,0.0,0.0,0.0,0.0,-0.0,67.0,0.0,162057.094,0.0,971,0,994,0,0,0,947,0,1017,0,919,0,788,0,778,0,821,0,7520,0.032,3.8911100780481085e+19,0.0,0.0,784,16797,-0.0,162057.094,-114818.039,-0.0,0.133,6.909358625270745e+28,30.0,70.0,35,0.0,0.0,0.0,0.0,0.0,0.0,0.0,0.0,0.0,0.0,0.0,0.0,0.0,0.0,0.0,0.0,66.4,0,150,71,51,65476,0,300,0,0,8,20529,65476,0,0,44564,70.0,0.0,0.0,0.0,0.0,0.0
2026-09-10T21:45:44,ERR,ERR,ERR,ERR,ERR,ERR,ERR,ERR,ERR,ERR,ERR,ERR,ERR,ERR,ERR,ERR,ERR,ERR,ERR,ERR,ERR,ERR,ERR,ERR,ERR,ERR,ERR,ERR,ERR,ERR,ERR,ERR,ERR,ERR,ERR,ERR,ERR,ERR,ERR,ERR,ERR,ERR,ERR,ERR,ERR,ERR,ERR,ERR,ERR,ERR,ERR,ERR,ERR,ERR,ERR,ERR,ERR,ERR,ERR,ERR,ERR,ERR,ERR,ERR,ERR,ERR,ERR,ERR,ERR,ERR,ERR,ERR,ERR,ERR,ERR,ERR,ERR,ERR,ERR,ERR,ERR,ERR,ERR,ERR,ERR,ERR,ERR,ERR,ERR,ERR,ERR,ERR,ERR,ERR,ERR,ERR,ERR,ERR,ERR,ERR,ERR,ERR,ERR,ERR,ERR,ERR,ERR,ERR,ERR,ERR,ERR,ERR,ERR,ERR,ERR,ERR,ERR,ERR,ERR,ERR,ERR,ERR,ERR,ERR,ERR,0.0,0.0,0.0,0.0,0.0,1.3936040501711995e+18,7.805,0.0,0,0,4,0,7116,0.0,100,0.0,0.0,0.0,0.0,0.0,0,0,0,0,0.0,0,0,0,0,0,0,0,0,0,0,0,0,0,0,0,0,0,0,0,0,0,0,0,0,0,0,0,0,0,0,0,0,0,31,40,40,71,65476,0,300,0,0,8,21553,0.0,-107605600.0,0.0,0.0,0.0,0.0,0.0,0.0,0.0,0.0,0.0,0.0,0.0,0.0,0.0,0.0,0.0,0.0,0.0,0.0,0.0,0.0,-2.004,0.0,-0.0,2.004,0.0,0.0,0.0,0.0,4543.0,0.0,6915.0,0.0,0.0,-107615168.0,-107615304.0,0.0,0.0,0.0,0.0,69,-0.0,-0.0,0.0,0.0,0.0,0.0,0.0,0.0,0.0,0,0,0,0.0,0.0,0.0,0.0,0.0,0.0,0.0,0.0,0.0,0.0,0.0,0.0,0.0,0.0,0.0,0.0,0,-107875648.0,69,0.0,138,0.0,2.6474720257151824e+23,0,26215,17085,26215,17099,52429,17079,0,0,0,70,68,100,2.7302399002429377e+23,82.3,-0.0,77.8,-0.0,78.5,1,49,50,180,13107,52429,0,0,0.0,0.0,0.0,0.0,-0.0,67.0,0.0,162057.094,0.0,971,0,994,0,0,0,947,0,1017,0,919,0,788,0,778,0,821,0,7520,0.032,3.8911100780481085e+19,0.0,0.0,784,16797,-0.0,162057.094,-114818.039,-0.0,0.133,6.909358625270745e+28,30.0,70.0,35,0.0,0.0,0.0,0.0,0.0,0.0,0.0,0.0,0.0,0.0,0.0,0.0,0.0,0.0,0.0,0.0,66.4,0,150,71,51,65476,0,300,0,0,8,20529,65476,0,0,44564,70.0,0.0,0.0,0.0,0.0,0.0
2026-09-10T21:45:45,ERR,ERR,ERR,ERR,ERR,ERR,ERR,ERR,ERR,ERR,ERR,ERR,ERR,ERR,ERR,ERR,ERR,ERR,ERR,ERR,ERR,ERR,ERR,ERR,ERR,ERR,ERR,ERR,ERR,ERR,ERR,ERR,ERR,ERR,ERR,ERR,ERR,ERR,ERR,ERR,ERR,ERR,ERR,ERR,ERR,ERR,ERR,ERR,ERR,ERR,ERR,ERR,ERR,ERR,ERR,ERR,ERR,ERR,ERR,ERR,ERR,ERR,ERR,ERR,ERR,ERR,ERR,ERR,ERR,ERR,ERR,ERR,ERR,ERR,ERR,ERR,ERR,ERR,ERR,ERR,ERR,ERR,ERR,ERR,ERR,ERR,ERR,ERR,ERR,ERR,ERR,ERR,ERR,ERR,ERR,ERR,ERR,ERR,ERR,ERR,ERR,ERR,ERR,ERR,ERR,ERR,ERR,ERR,ERR,ERR,ERR,ERR,ERR,ERR,ERR,ERR,ERR,ERR,ERR,ERR,ERR,ERR,ERR,ERR,ERR,0.0,0.0,0.0,0.0,0.0,1.3936040501711995e+18,7.805,0.0,0,0,4,0,7116,0.0,100,0.0,0.0,0.0,0.0,0.0,0,0,0,0,0.0,0,0,0,0,0,0,0,0,0,0,0,0,0,0,0,0,0,0,0,0,0,0,0,0,0,0,0,0,0,0,0,0,0,31,40,40,71,65476,0,300,0,0,8,21553,0.0,-107605600.0,0.0,0.0,0.0,0.0,0.0,0.0,0.0,0.0,0.0,0.0,0.0,0.0,0.0,0.0,0.0,0.0,0.0,0.0,0.0,0.0,-2.004,0.0,-0.0,2.004,0.0,0.0,0.0,0.0,4543.0,0.0,6915.0,0.0,0.0,-107615168.0,-107615304.0,0.0,0.0,0.0,0.0,69,-0.0,-0.0,0.0,0.0,0.0,0.0,0.0,0.0,0.0,0,0,0,0.0,0.0,0.0,0.0,0.0,0.0,0.0,0.0,0.0,0.0,0.0,0.0,0.0,0.0,0.0,0.0,0,-107875648.0,69,0.0,138,0.0,2.6474720257151824e+23,0,26215,17085,26215,17099,52429,17079,0,0,0,70,68,100,2.7302399002429377e+23,82.3,-0.0,77.8,-0.0,78.5,1,49,50,180,13107,52429,0,0,0.0,0.0,0.0,0.0,-0.0,67.0,0.0,162057.094,0.0,971,0,994,0,0,0,947,0,1017,0,919,0,788,0,778,0,821,0,7520,0.032,3.8911100780481085e+19,0.0,0.0,784,16797,-0.0,162057.094,-114818.039,-0.0,0.133,6.909358625270745e+28,30.0,70.0,35,0.0,0.0,0.0,0.0,0.0,0.0,0.0,0.0,0.0,0.0,0.0,0.0,0.0,0.0,0.0,0.0,66.4,0,150,71,51,65476,0,300,0,0,8,20529,65476,0,0,44564,70.0,0.0,0.0,0.0,0.0,0.0
2026-09-10T21:45:46,ERR,ERR,ERR,ERR,ERR,ERR,ERR,ERR,ERR,ERR,ERR,ERR,ERR,ERR,ERR,ERR,ERR,ERR,ERR,ERR,ERR,ERR,ERR,ERR,ERR,ERR,ERR,ERR,ERR,ERR,ERR,ERR,ERR,ERR,ERR,ERR,ERR,ERR,ERR,ERR,ERR,ERR,ERR,ERR,ERR,ERR,ERR,ERR,ERR,ERR,ERR,ERR,ERR,ERR,ERR,ERR,ERR,ERR,ERR,ERR,ERR,ERR,ERR,ERR,ERR,ERR,ERR,ERR,ERR,ERR,ERR,ERR,ERR,ERR,ERR,ERR,ERR,ERR,ERR,ERR,ERR,ERR,ERR,ERR,ERR,ERR,ERR,ERR,ERR,ERR,ERR,ERR,ERR,ERR,ERR,ERR,ERR,ERR,ERR,ERR,ERR,ERR,ERR,ERR,ERR,ERR,ERR,ERR,ERR,ERR,ERR,ERR,ERR,ERR,ERR,ERR,ERR,ERR,ERR,ERR,ERR,ERR,ERR,ERR,ERR,0.0,0.0,0.0,0.0,0.0,1.3936040501711995e+18,7.805,0.0,0,0,4,0,7116,0.0,100,0.0,0.0,0.0,0.0,0.0,0,0,0,0,0.0,0,0,0,0,0,0,0,0,0,0,0,0,0,0,0,0,0,0,0,0,0,0,0,0,0,0,0,0,0,0,0,0,0,31,40,40,71,65476,0,300,0,0,8,21553,0.0,-107605600.0,0.0,0.0,0.0,0.0,0.0,0.0,0.0,0.0,0.0,0.0,0.0,0.0,0.0,0.0,0.0,0.0,0.0,0.0,0.0,0.0,-2.004,0.0,-0.0,2.004,0.0,0.0,0.0,0.0,4543.0,0.0,6915.0,0.0,0.0,-107615168.0,-107615304.0,0.0,0.0,0.0,0.0,69,-0.0,-0.0,0.0,0.0,0.0,0.0,0.0,0.0,0.0,0,0,0,0.0,0.0,0.0,0.0,0.0,0.0,0.0,0.0,0.0,0.0,0.0,0.0,0.0,0.0,0.0,0.0,0,-107875648.0,69,0.0,138,0.0,2.6474720257151824e+23,0,26215,17085,26215,17099,52429,17079,0,0,0,70,68,100,2.7302399002429377e+23,82.3,-0.0,77.8,-0.0,78.5,1,49,50,180,13107,52429,0,0,0.0,0.0,0.0,0.0,-0.0,67.0,0.0,162057.094,0.0,971,0,994,0,0,0,947,0,1017,0,919,0,788,0,778,0,821,0,7520,0.032,3.8911100780481085e+19,0.0,0.0,784,16797,-0.0,162057.094,-114818.039,-0.0,0.133,6.909358625270745e+28,30.0,70.0,35,0.0,0.0,0.0,0.0,0.0,0.0,0.0,0.0,0.0,0.0,0.0,0.0,0.0,0.0,0.0,0.0,66.4,0,150,71,51,65476,0,300,0,0,8,20529,65476,0,0,44564,70.0,0.0,0.0,0.0,0.0,0.0
2026-09-10T21:45:47,ERR,ERR,ERR,ERR,ERR,ERR,ERR,ERR,ERR,ERR,ERR,ERR,ERR,ERR,ERR,ERR,ERR,ERR,ERR,ERR,ERR,ERR,ERR,ERR,ERR,ERR,ERR,ERR,ERR,ERR,ERR,ERR,ERR,ERR,ERR,ERR,ERR,ERR,ERR,ERR,ERR,ERR,ERR,ERR,ERR,ERR,ERR,ERR,ERR,ERR,ERR,ERR,ERR,ERR,ERR,ERR,ERR,ERR,ERR,ERR,ERR,ERR,ERR,ERR,ERR,ERR,ERR,ERR,ERR,ERR,ERR,ERR,ERR,ERR,ERR,ERR,ERR,ERR,ERR,ERR,ERR,ERR,ERR,ERR,ERR,ERR,ERR,ERR,ERR,ERR,ERR,ERR,ERR,ERR,ERR,ERR,ERR,ERR,ERR,ERR,ERR,ERR,ERR,ERR,ERR,ERR,ERR,ERR,ERR,ERR,ERR,ERR,ERR,ERR,ERR,ERR,ERR,ERR,ERR,ERR,ERR,ERR,ERR,ERR,ERR,0.0,0.0,0.0,0.0,0.0,1.3936040501711995e+18,7.805,0.0,0,0,4,0,7116,0.0,100,0.0,0.0,0.0,0.0,0.0,0,0,0,0,0.0,0,0,0,0,0,0,0,0,0,0,0,0,0,0,0,0,0,0,0,0,0,0,0,0,0,0,0,0,0,0,0,0,0,31,40,40,71,65476,0,300,0,0,8,21553,0.0,-107605600.0,0.0,0.0,0.0,0.0,0.0,0.0,0.0,0.0,0.0,0.0,0.0,0.0,0.0,0.0,0.0,0.0,0.0,0.0,0.0,0.0,-2.004,0.0,-0.0,2.004,0.0,0.0,0.0,0.0,4543.0,0.0,6915.0,0.0,0.0,-107615168.0,-107615304.0,0.0,0.0,0.0,0.0,69,-0.0,-0.0,0.0,0.0,0.0,0.0,0.0,0.0,0.0,0,0,0,0.0,0.0,0.0,0.0,0.0,0.0,0.0,0.0,0.0,0.0,0.0,0.0,0.0,0.0,0.0,0.0,0,-107875648.0,69,0.0,138,0.0,2.6474720257151824e+23,0,26215,17085,26215,17099,52429,17079,0,0,0,70,68,100,2.7302399002429377e+23,82.3,-0.0,77.8,-0.0,78.5,1,49,50,180,13107,52429,0,0,0.0,0.0,0.0,0.0,-0.0,67.0,0.0,162057.094,0.0,971,0,994,0,0,0,947,0,1017,0,919,0,788,0,778,0,821,0,7520,0.032,3.8911100780481085e+19,0.0,0.0,784,16797,-0.0,162057.094,-114818.039,-0.0,0.133,6.909358625270745e+28,30.0,70.0,35,0.0,0.0,0.0,0.0,0.0,0.0,0.0,0.0,0.0,0.0,0.0,0.0,0.0,0.0,0.0,0.0,66.4,0,150,71,51,65476,0,300,0,0,8,20529,65476,0,0,44564,70.0,0.0,0.0,0.0,0.0,0.0
2026-09-10T21:45:48,ERR,ERR,ERR,ERR,ERR,ERR,ERR,ERR,ERR,ERR,ERR,ERR,ERR,ERR,ERR,ERR,ERR,ERR,ERR,ERR,ERR,ERR,ERR,ERR,ERR,ERR,ERR,ERR,ERR,ERR,ERR,ERR,ERR,ERR,ERR,ERR,ERR,ERR,ERR,ERR,ERR,ERR,ERR,ERR,ERR,ERR,ERR,ERR,ERR,ERR,ERR,ERR,ERR,ERR,ERR,ERR,ERR,ERR,ERR,ERR,ERR,ERR,ERR,ERR,ERR,ERR,ERR,ERR,ERR,ERR,ERR,ERR,ERR,ERR,ERR,ERR,ERR,ERR,ERR,ERR,ERR,ERR,ERR,ERR,ERR,ERR,ERR,ERR,ERR,ERR,ERR,ERR,ERR,ERR,ERR,ERR,ERR,ERR,ERR,ERR,ERR,ERR,ERR,ERR,ERR,ERR,ERR,ERR,ERR,ERR,ERR,ERR,ERR,ERR,ERR,ERR,ERR,ERR,ERR,ERR,ERR,ERR,ERR,ERR,ERR,0.0,0.0,0.0,0.0,0.0,1.3936040501711995e+18,7.805,0.0,0,0,4,0,7116,0.0,100,0.0,0.0,0.0,0.0,0.0,0,0,0,0,0.0,0,0,0,0,0,0,0,0,0,0,0,0,0,0,0,0,0,0,0,0,0,0,0,0,0,0,0,0,0,0,0,0,0,31,40,40,71,65476,0,300,0,0,8,21553,0.0,-107605600.0,0.0,0.0,0.0,0.0,0.0,0.0,0.0,0.0,0.0,0.0,0.0,0.0,0.0,0.0,0.0,0.0,0.0,0.0,0.0,0.0,-2.004,0.0,-0.0,2.004,0.0,0.0,0.0,0.0,4543.0,0.0,6915.0,0.0,0.0,-107615168.0,-107615304.0,0.0,0.0,0.0,0.0,69,-0.0,-0.0,0.0,0.0,0.0,0.0,0.0,0.0,0.0,0,0,0,0.0,0.0,0.0,0.0,0.0,0.0,0.0,0.0,0.0,0.0,0.0,0.0,0.0,0.0,0.0,0.0,0,-107875648.0,69,0.0,138,0.0,2.6474720257151824e+23,0,26215,17085,26215,17099,52429,17079,0,0,0,70,68,100,0.0,82.3,-0.0,77.8,-0.0,78.5,1,49,50,180,13107,52429,0,0,0.0,0.0,0.0,0.0,-0.0,67.0,0.0,162057.094,0.0,971,0,994,0,0,0,947,0,1017,0,919,0,788,0,778,0,821,0,7520,0.032,3.4731760326281265e+19,0.0,0.0,784,16797,-0.0,162057.094,-114818.039,-0.0,0.133,6.909358625270745e+28,30.0,70.0,35,0.0,0.0,0.0,0.0,0.0,0.0,0.0,0.0,0.0,0.0,0.0,0.0,0.0,0.0,0.0,0.0,66.4,0,150,71,51,65476,0,300,0,0,8,20529,65476,0,0,44564,70.0,0.0,0.0,0.0,0.0,0.0
2026-09-10T21:45:49,ERR,ERR,ERR,ERR,ERR,ERR,ERR,ERR,ERR,ERR,ERR,ERR,ERR,ERR,ERR,ERR,ERR,ERR,ERR,ERR,ERR,ERR,ERR,ERR,ERR,ERR,ERR,ERR,ERR,ERR,ERR,ERR,ERR,ERR,ERR,ERR,ERR,ERR,ERR,ERR,ERR,ERR,ERR,ERR,ERR,ERR,ERR,ERR,ERR,ERR,ERR,ERR,ERR,ERR,ERR,ERR,ERR,ERR,ERR,ERR,ERR,ERR,ERR,ERR,ERR,ERR,ERR,ERR,ERR,ERR,ERR,ERR,ERR,ERR,ERR,ERR,ERR,ERR,ERR,ERR,ERR,ERR,ERR,ERR,ERR,ERR,ERR,ERR,ERR,ERR,ERR,ERR,ERR,ERR,ERR,ERR,ERR,ERR,ERR,ERR,ERR,ERR,ERR,ERR,ERR,ERR,ERR,ERR,ERR,ERR,ERR,ERR,ERR,ERR,ERR,ERR,ERR,ERR,ERR,ERR,ERR,ERR,ERR,ERR,ERR,0.0,0.0,0.0,0.0,0.0,1.3936040501711995e+18,7.805,0.0,0,0,4,0,7116,0.0,100,0.0,0.0,0.0,0.0,0.0,0,0,0,0,0.0,0,0,0,0,0,0,0,0,0,0,0,0,0,0,0,0,0,0,0,0,0,0,0,0,0,0,0,0,0,0,0,0,0,31,40,40,71,65476,0,300,0,0,8,21553,0.0,-107605600.0,0.0,0.0,0.0,0.0,0.0,0.0,0.0,0.0,0.0,0.0,0.0,0.0,0.0,0.0,0.0,0.0,0.0,0.0,0.0,0.0,-2.004,0.0,-0.0,2.004,0.0,0.0,0.0,0.0,4543.0,0.0,6915.0,0.0,0.0,-107615168.0,-107615304.0,0.0,0.0,0.0,0.0,69,-0.0,-0.0,0.0,0.0,0.0,0.0,0.0,0.0,0.0,0,0,0,0.0,0.0,0.0,0.0,0.0,0.0,0.0,0.0,0.0,0.0,0.0,0.0,0.0,0.0,0.0,0.0,0,-107875648.0,69,0.0,138,0.0,2.6474720257151824e+23,0,26215,17085,26215,17099,52429,17079,0,0,0,70,68,100,0.0,82.3,-0.0,77.8,-0.0,78.5,1,49,50,180,13107,52429,0,0,0.0,0.0,0.0,0.0,-0.0,67.0,0.0,162057.094,0.0,971,0,994,0,0,0,947,0,1017,0,919,0,788,0,778,0,821,0,7520,0.032,3.4731760326281265e+19,0.0,0.0,784,16797,-0.0,162057.094,-114818.039,-0.0,0.133,6.909358625270745e+28,30.0,70.0,35,0.0,0.0,0.0,0.0,0.0,0.0,0.0,0.0,0.0,0.0,0.0,0.0,0.0,0.0,0.0,0.0,66.4,0,150,71,51,65476,0,300,0,0,8,20529,65476,0,0,44564,70.0,0.0,0.0,0.0,0.0,0.0
2026-09-10T21:45:50,ERR,ERR,ERR,ERR,ERR,ERR,ERR,ERR,ERR,ERR,ERR,ERR,ERR,ERR,ERR,ERR,ERR,ERR,ERR,ERR,ERR,ERR,ERR,ERR,ERR,ERR,ERR,ERR,ERR,ERR,ERR,ERR,ERR,ERR,ERR,ERR,ERR,ERR,ERR,ERR,ERR,ERR,ERR,ERR,ERR,ERR,ERR,ERR,ERR,ERR,ERR,ERR,ERR,ERR,ERR,ERR,ERR,ERR,ERR,ERR,ERR,ERR,ERR,ERR,ERR,ERR,ERR,ERR,ERR,ERR,ERR,ERR,ERR,ERR,ERR,ERR,ERR,ERR,ERR,ERR,ERR,ERR,ERR,ERR,ERR,ERR,ERR,ERR,ERR,ERR,ERR,ERR,ERR,ERR,ERR,ERR,ERR,ERR,ERR,ERR,ERR,ERR,ERR,ERR,ERR,ERR,ERR,ERR,ERR,ERR,ERR,ERR,ERR,ERR,ERR,ERR,ERR,ERR,ERR,ERR,ERR,ERR,ERR,ERR,ERR,0.0,0.0,0.0,0.0,0.0,1.3936040501711995e+18,7.805,0.0,0,0,4,0,7116,0.0,100,0.0,0.0,0.0,0.0,0.0,0,0,0,0,0.0,0,0,0,0,0,0,0,0,0,0,0,0,0,0,0,0,0,0,0,0,0,0,0,0,0,0,0,0,0,0,0,0,0,31,40,40,71,65476,0,300,0,0,8,21553,0.0,-107605600.0,0.0,0.0,0.0,0.0,0.0,0.0,0.0,0.0,0.0,0.0,0.0,0.0,0.0,0.0,0.0,0.0,0.0,0.0,0.0,0.0,-2.004,0.0,-0.0,2.004,0.0,0.0,0.0,0.0,4517.0,0.0,6942.0,0.0,0.0,-107615168.0,-107615304.0,0.0,0.0,0.0,0.0,69,-0.0,2.718413807909433e+23,0.0,0.0,0.0,0.0,0.0,0.0,0.0,0,0,0,0.0,0.0,0.0,0.0,0.0,0.0,0.0,0.0,0.0,0.0,0.0,0.0,0.0,0.0,0.0,0.0,0,-107875648.0,69,0.0,138,0.0,2.6474720257151824e+23,0,26215,17085,26215,17099,52429,17079,0,0,0,70,68,100,0.0,82.3,-0.0,77.8,-0.0,78.5,1,49,50,180,13107,52429,0,0,0.0,0.0,0.0,0.0,-0.0,67.0,0.0,162057.094,0.0,971,0,994,0,0,0,947,0,1017,0,919,0,788,0,778,0,821,0,7520,0.032,3.4731760326281265e+19,0.0,0.0,784,16797,-0.0,162057.094,-114818.039,-0.0,0.133,6.909358625270745e+28,30.0,70.0,35,0.0,0.0,0.0,0.0,0.0,0.0,0.0,0.0,0.0,0.0,0.0,0.0,0.0,0.0,0.0,0.0,66.4,0,150,71,51,65476,0,300,0,0,8,20529,65476,0,0,44564,70.0,0.0,0.0,0.0,0.0,0.0
2026-09-10T21:45:51,ERR,ERR,ERR,ERR,ERR,ERR,ERR,ERR,ERR,ERR,ERR,ERR,ERR,ERR,ERR,ERR,ERR,ERR,ERR,ERR,ERR,ERR,ERR,ERR,ERR,ERR,ERR,ERR,ERR,ERR,ERR,ERR,ERR,ERR,ERR,ERR,ERR,ERR,ERR,ERR,ERR,ERR,ERR,ERR,ERR,ERR,ERR,ERR,ERR,ERR,ERR,ERR,ERR,ERR,ERR,ERR,ERR,ERR,ERR,ERR,ERR,ERR,ERR,ERR,ERR,ERR,ERR,ERR,ERR,ERR,ERR,ERR,ERR,ERR,ERR,ERR,ERR,ERR,ERR,ERR,ERR,ERR,ERR,ERR,ERR,ERR,ERR,ERR,ERR,ERR,ERR,ERR,ERR,ERR,ERR,ERR,ERR,ERR,ERR,ERR,ERR,ERR,ERR,ERR,ERR,ERR,ERR,ERR,ERR,ERR,ERR,ERR,ERR,ERR,ERR,ERR,ERR,ERR,ERR,ERR,ERR,ERR,ERR,ERR,ERR,0.0,0.0,0.0,0.0,0.0,1.3936040501711995e+18,7.805,0.0,0,0,4,0,7116,0.0,100,0.0,0.0,0.0,0.0,0.0,0,0,0,0,0.0,0,0,0,0,0,0,0,0,0,0,0,0,0,0,0,0,0,0,0,0,0,0,0,0,0,0,0,0,0,0,0,0,0,31,40,40,71,65476,0,300,0,0,8,21553,0.0,-107605600.0,0.0,0.0,0.0,0.0,0.0,0.0,0.0,0.0,0.0,0.0,0.0,0.0,0.0,0.0,0.0,0.0,0.0,0.0,0.0,0.0,-2.004,0.0,-0.0,2.004,0.0,0.0,0.0,0.0,4517.0,0.0,6942.0,0.0,0.0,-107615168.0,-107615304.0,0.0,0.0,0.0,0.0,69,-0.0,2.718413807909433e+23,0.0,0.0,0.0,0.0,0.0,0.0,0.0,0,0,0,0.0,0.0,0.0,0.0,0.0,0.0,0.0,0.0,0.0,0.0,0.0,0.0,0.0,0.0,0.0,0.0,0,-107875648.0,69,0.0,138,0.0,2.6474720257151824e+23,0,26215,17085,26215,17099,52429,17079,0,0,0,70,68,100,0.0,82.3,-0.0,77.8,-0.0,78.5,1,49,50,180,13107,52429,0,0,0.0,0.0,0.0,0.0,-0.0,67.0,0.0,162057.094,0.0,971,0,994,0,0,0,947,0,1017,0,919,0,788,0,778,0,821,0,7520,0.032,3.4731760326281265e+19,0.0,0.0,784,16797,-0.0,162057.094,-114818.039,-0.0,0.133,6.909358625270745e+28,30.0,70.0,35,0.0,0.0,0.0,0.0,0.0,0.0,0.0,0.0,0.0,0.0,0.0,0.0,0.0,0.0,0.0,0.0,66.4,0,150,71,51,65476,0,300,0,0,8,20529,65476,0,0,44564,70.0,0.0,0.0,0.0,0.0,0.0
2026-09-10T21:45:52,ERR,ERR,ERR,ERR,ERR,ERR,ERR,ERR,ERR,ERR,ERR,ERR,ERR,ERR,ERR,ERR,ERR,ERR,ERR,ERR,ERR,ERR,ERR,ERR,ERR,ERR,ERR,ERR,ERR,ERR,ERR,ERR,ERR,ERR,ERR,ERR,ERR,ERR,ERR,ERR,ERR,ERR,ERR,ERR,ERR,ERR,ERR,ERR,ERR,ERR,ERR,ERR,ERR,ERR,ERR,ERR,ERR,ERR,ERR,ERR,ERR,ERR,ERR,ERR,ERR,ERR,ERR,ERR,ERR,ERR,ERR,ERR,ERR,ERR,ERR,ERR,ERR,ERR,ERR,ERR,ERR,ERR,ERR,ERR,ERR,ERR,ERR,ERR,ERR,ERR,ERR,ERR,ERR,ERR,ERR,ERR,ERR,ERR,ERR,ERR,ERR,ERR,ERR,ERR,ERR,ERR,ERR,ERR,ERR,ERR,ERR,ERR,ERR,ERR,ERR,ERR,ERR,ERR,ERR,ERR,ERR,ERR,ERR,ERR,ERR,0.0,0.0,0.0,0.0,0.0,1.3936040501711995e+18,7.805,0.0,0,0,4,0,7116,0.0,100,0.0,0.0,0.0,0.0,0.0,0,0,0,0,0.0,0,0,0,0,0,0,0,0,0,0,0,0,0,0,0,0,0,0,0,0,0,0,0,0,0,0,0,0,0,0,0,0,0,31,40,40,71,65476,0,300,0,0,8,21553,0.0,-107605600.0,0.0,0.0,0.0,0.0,0.0,0.0,0.0,0.0,0.0,0.0,0.0,0.0,0.0,0.0,0.0,0.0,0.0,0.0,0.0,0.0,-2.004,0.0,-0.0,2.004,0.0,0.0,0.0,0.0,4517.0,0.0,6942.0,0.0,0.0,-107615168.0,-107615304.0,0.0,0.0,0.0,0.0,69,-0.0,2.718413807909433e+23,0.0,0.0,0.0,0.0,0.0,0.0,0.0,0,0,0,0.0,0.0,0.0,0.0,0.0,0.0,0.0,0.0,0.0,0.0,0.0,0.0,0.0,0.0,0.0,0.0,0,-107875648.0,69,0.0,138,0.0,2.6474720257151824e+23,0,26215,17085,26215,17099,52429,17079,0,0,0,70,68,100,0.0,82.3,-0.0,77.8,-0.0,78.5,1,49,50,180,13107,52429,0,0,0.0,0.0,0.0,0.0,-0.0,67.0,0.0,162057.094,0.0,971,0,994,0,0,0,947,0,1017,0,919,0,788,0,778,0,821,0,7520,0.032,3.4731760326281265e+19,0.0,0.0,784,16797,-0.0,162057.094,-114818.039,-0.0,0.133,6.909358625270745e+28,30.0,70.0,35,0.0,0.0,0.0,0.0,0.0,0.0,0.0,0.0,0.0,0.0,0.0,0.0,0.0,0.0,0.0,0.0,66.4,0,150,71,51,65476,0,300,0,0,8,20529,65476,0,0,44564,70.0,0.0,0.0,0.0,0.0,0.0
2026-09-10T21:45:53,ERR,ERR,ERR,ERR,ERR,ERR,ERR,ERR,ERR,ERR,ERR,ERR,ERR,ERR,ERR,ERR,ERR,ERR,ERR,ERR,ERR,ERR,ERR,ERR,ERR,ERR,ERR,ERR,ERR,ERR,ERR,ERR,ERR,ERR,ERR,ERR,ERR,ERR,ERR,ERR,ERR,ERR,ERR,ERR,ERR,ERR,ERR,ERR,ERR,ERR,ERR,ERR,ERR,ERR,ERR,ERR,ERR,ERR,ERR,ERR,ERR,ERR,ERR,ERR,ERR,ERR,ERR,ERR,ERR,ERR,ERR,ERR,ERR,ERR,ERR,ERR,ERR,ERR,ERR,ERR,ERR,ERR,ERR,ERR,ERR,ERR,ERR,ERR,ERR,ERR,ERR,ERR,ERR,ERR,ERR,ERR,ERR,ERR,ERR,ERR,ERR,ERR,ERR,ERR,ERR,ERR,ERR,ERR,ERR,ERR,ERR,ERR,ERR,ERR,ERR,ERR,ERR,ERR,ERR,ERR,ERR,ERR,ERR,ERR,ERR,0.0,0.0,0.0,0.0,0.0,1.3936040501711995e+18,7.805,0.0,0,0,4,0,7116,0.0,100,0.0,0.0,0.0,0.0,0.0,0,0,0,0,0.0,0,0,0,0,0,0,0,0,0,0,0,0,0,0,0,0,0,0,0,0,0,0,0,0,0,0,0,0,0,0,0,0,0,31,40,40,71,65476,0,300,0,0,8,21553,0.0,-107605600.0,0.0,0.0,0.0,0.0,0.0,0.0,0.0,0.0,0.0,0.0,0.0,0.0,0.0,0.0,0.0,0.0,0.0,0.0,0.0,0.0,-2.004,0.0,-0.0,2.004,0.0,0.0,0.0,0.0,4517.0,0.0,6942.0,0.0,0.0,-107615168.0,-107615304.0,0.0,0.0,0.0,0.0,69,-0.0,2.718413807909433e+23,0.0,0.0,0.0,0.0,0.0,0.0,0.0,0,0,0,0.0,0.0,0.0,0.0,0.0,0.0,0.0,0.0,0.0,0.0,0.0,0.0,0.0,0.0,0.0,0.0,0,-107875648.0,69,0.0,138,0.0,2.6474720257151824e+23,0,26215,17085,26215,17099,52429,17079,0,0,0,70,68,100,0.0,82.3,-0.0,77.8,-0.0,78.5,1,49,50,180,13107,52429,0,0,0.0,0.0,0.0,0.0,-0.0,67.0,0.0,162057.094,0.0,971,0,994,0,0,0,947,0,1017,0,919,0,788,0,778,0,821,0,7520,0.032,3.4731760326281265e+19,0.0,0.0,784,16797,-0.0,162057.094,-114818.039,-0.0,0.133,6.909358625270745e+28,30.0,70.0,35,0.0,0.0,0.0,0.0,0.0,0.0,0.0,0.0,0.0,0.0,0.0,0.0,0.0,0.0,0.0,0.0,66.4,0,150,71,51,65476,0,300,0,0,8,20529,65476,0,0,44564,70.0,0.0,0.0,0.0,0.0,0.0
2026-09-10T21:45:54,ERR,ERR,ERR,ERR,ERR,ERR,ERR,ERR,ERR,ERR,ERR,ERR,ERR,ERR,ERR,ERR,ERR,ERR,ERR,ERR,ERR,ERR,ERR,ERR,ERR,ERR,ERR,ERR,ERR,ERR,ERR,ERR,ERR,ERR,ERR,ERR,ERR,ERR,ERR,ERR,ERR,ERR,ERR,ERR,ERR,ERR,ERR,ERR,ERR,ERR,ERR,ERR,ERR,ERR,ERR,ERR,ERR,ERR,ERR,ERR,ERR,ERR,ERR,ERR,ERR,ERR,ERR,ERR,ERR,ERR,ERR,ERR,ERR,ERR,ERR,ERR,ERR,ERR,ERR,ERR,ERR,ERR,ERR,ERR,ERR,ERR,ERR,ERR,ERR,ERR,ERR,ERR,ERR,ERR,ERR,ERR,ERR,ERR,ERR,ERR,ERR,ERR,ERR,ERR,ERR,ERR,ERR,ERR,ERR,ERR,ERR,ERR,ERR,ERR,ERR,ERR,ERR,ERR,ERR,ERR,ERR,ERR,ERR,ERR,ERR,0.0,0.0,0.0,0.0,0.0,1.3936040501711995e+18,7.805,0.0,0,0,4,0,7116,0.0,100,0.0,0.0,0.0,0.0,0.0,0,0,0,0,0.0,0,0,0,0,0,0,0,0,0,0,0,0,0,0,0,0,0,0,0,0,0,0,0,0,0,0,0,0,0,0,0,0,0,31,40,40,71,65476,0,300,0,0,8,21553,0.0,-107605600.0,0.0,0.0,0.0,0.0,0.0,0.0,0.0,0.0,0.0,0.0,0.0,0.0,0.0,0.0,0.0,0.0,0.0,0.0,0.0,0.0,-2.004,0.0,-0.0,2.004,0.0,0.0,0.0,0.0,4517.0,0.0,6942.0,0.0,0.0,-107615168.0,-107615304.0,0.0,0.0,0.0,0.0,69,-0.0,2.718413807909433e+23,0.0,0.0,0.0,0.0,0.0,0.0,0.0,0,0,0,0.0,0.0,0.0,0.0,0.0,0.0,0.0,0.0,0.0,0.0,0.0,0.0,0.0,0.0,0.0,0.0,0,-107875648.0,69,0.0,138,0.0,2.6474720257151824e+23,0,26215,17085,26215,17099,52429,17079,0,0,0,70,68,100,0.0,82.3,-0.0,77.8,-0.0,78.5,1,49,50,180,13107,52429,0,0,0.0,0.0,0.0,0.0,-0.0,67.0,0.0,162057.094,0.0,971,0,994,0,0,0,947,0,1017,0,919,0,788,0,778,0,821,0,7520,0.032,2.795834648671604e+19,0.0,0.0,784,16797,-0.0,162057.094,-114818.039,-0.0,0.133,6.909358625270745e+28,30.0,70.0,35,0.0,0.0,0.0,0.0,0.0,0.0,0.0,0.0,0.0,0.0,0.0,0.0,0.0,0.0,0.0,0.0,66.8,0,150,71,51,65476,0,300,0,0,8,20529,65476,0,0,44564,70.0,0.0,0.0,0.0,0.0,0.0
2026-09-10T21:45:55,ERR,ERR,ERR,ERR,ERR,ERR,ERR,ERR,ERR,ERR,ERR,ERR,ERR,ERR,ERR,ERR,ERR,ERR,ERR,ERR,ERR,ERR,ERR,ERR,ERR,ERR,ERR,ERR,ERR,ERR,ERR,ERR,ERR,ERR,ERR,ERR,ERR,ERR,ERR,ERR,ERR,ERR,ERR,ERR,ERR,ERR,ERR,ERR,ERR,ERR,ERR,ERR,ERR,ERR,ERR,ERR,ERR,ERR,ERR,ERR,ERR,ERR,ERR,ERR,ERR,ERR,ERR,ERR,ERR,ERR,ERR,ERR,ERR,ERR,ERR,ERR,ERR,ERR,ERR,ERR,ERR,ERR,ERR,ERR,ERR,ERR,ERR,ERR,ERR,ERR,ERR,ERR,ERR,ERR,ERR,ERR,ERR,ERR,ERR,ERR,ERR,ERR,ERR,ERR,ERR,ERR,ERR,ERR,ERR,ERR,ERR,ERR,ERR,ERR,ERR,ERR,ERR,ERR,ERR,ERR,ERR,ERR,ERR,ERR,ERR,0.0,0.0,0.0,0.0,0.0,1.3936040501711995e+18,7.805,0.0,0,0,4,0,7116,0.0,100,0.0,0.0,0.0,0.0,0.0,0,0,0,0,0.0,0,0,0,0,0,0,0,0,0,0,0,0,0,0,0,0,0,0,0,0,0,0,0,0,0,0,0,0,0,0,0,0,0,31,40,40,71,65476,0,300,0,0,8,21553,0.0,-107605600.0,0.0,0.0,0.0,0.0,0.0,0.0,0.0,0.0,0.0,0.0,0.0,0.0,0.0,0.0,0.0,0.0,0.0,0.0,0.0,0.0,-2.004,0.0,-0.0,2.004,0.0,0.0,0.0,0.0,4517.0,0.0,6942.0,0.0,0.0,-107615168.0,-107615304.0,0.0,0.0,0.0,0.0,69,-0.0,2.718413807909433e+23,0.0,0.0,0.0,0.0,0.0,0.0,0.0,0,0,0,0.0,0.0,0.0,0.0,0.0,0.0,0.0,0.0,0.0,0.0,0.0,0.0,0.0,0.0,0.0,0.0,0,-107875648.0,69,0.0,138,0.0,2.6474720257151824e+23,0,26215,17085,26215,17099,52429,17079,0,0,0,70,68,100,0.0,82.3,-0.0,77.8,-0.0,78.5,1,49,50,180,13107,52429,0,0,0.0,0.0,0.0,0.0,-0.0,67.0,0.0,162057.094,0.0,971,0,994,0,0,0,947,0,1017,0,919,0,788,0,778,0,821,0,7520,0.032,2.795834648671604e+19,0.0,0.0,784,16797,-0.0,162057.094,-114818.039,-0.0,0.133,6.909358625270745e+28,30.0,70.0,35,0.0,0.0,0.0,0.0,0.0,0.0,0.0,0.0,0.0,0.0,0.0,0.0,0.0,0.0,0.0,0.0,66.8,0,150,71,51,65476,0,300,0,0,8,20529,65476,0,0,44564,70.0,0.0,0.0,0.0,0.0,0.0
2026-09-10T21:45:56,ERR,ERR,ERR,ERR,ERR,ERR,ERR,ERR,ERR,ERR,ERR,ERR,ERR,ERR,ERR,ERR,ERR,ERR,ERR,ERR,ERR,ERR,ERR,ERR,ERR,ERR,ERR,ERR,ERR,ERR,ERR,ERR,ERR,ERR,ERR,ERR,ERR,ERR,ERR,ERR,ERR,ERR,ERR,ERR,ERR,ERR,ERR,ERR,ERR,ERR,ERR,ERR,ERR,ERR,ERR,ERR,ERR,ERR,ERR,ERR,ERR,ERR,ERR,ERR,ERR,ERR,ERR,ERR,ERR,ERR,ERR,ERR,ERR,ERR,ERR,ERR,ERR,ERR,ERR,ERR,ERR,ERR,ERR,ERR,ERR,ERR,ERR,ERR,ERR,ERR,ERR,ERR,ERR,ERR,ERR,ERR,ERR,ERR,ERR,ERR,ERR,ERR,ERR,ERR,ERR,ERR,ERR,ERR,ERR,ERR,ERR,ERR,ERR,ERR,ERR,ERR,ERR,ERR,ERR,ERR,ERR,ERR,ERR,ERR,ERR,0.0,0.0,0.0,0.0,0.0,1.3936040501711995e+18,7.805,0.0,0,0,4,0,7116,0.0,100,0.0,0.0,0.0,0.0,0.0,0,0,0,0,0.0,0,0,0,0,0,0,0,0,0,0,0,0,0,0,0,0,0,0,0,0,0,0,0,0,0,0,0,0,0,0,0,0,0,31,40,40,71,65476,0,300,0,0,8,21553,0.0,-107605600.0,0.0,0.0,0.0,0.0,0.0,0.0,0.0,0.0,0.0,0.0,0.0,0.0,0.0,0.0,0.0,0.0,0.0,0.0,0.0,0.0,-2.004,0.0,-0.0,2.004,0.0,0.0,0.0,0.0,4517.0,0.0,6942.0,0.0,0.0,-107615168.0,-107615304.0,0.0,0.0,0.0,0.0,69,-0.0,2.718413807909433e+23,0.0,0.0,0.0,0.0,0.0,0.0,0.0,0,0,0,0.0,0.0,0.0,0.0,0.0,0.0,0.0,0.0,0.0,0.0,0.0,0.0,0.0,0.0,0.0,0.0,0,-107875648.0,69,0.0,138,0.0,2.6474720257151824e+23,0,26215,17085,26215,17099,52429,17079,0,0,0,70,68,100,0.0,82.3,-0.0,77.8,-0.0,78.5,1,49,50,180,13107,52429,0,0,0.0,0.0,0.0,0.0,-0.0,67.0,0.0,162057.094,0.0,971,0,994,0,0,0,947,0,1017,0,919,0,788,0,778,0,821,0,7520,0.032,2.795834648671604e+19,0.0,0.0,784,16797,-0.0,162057.094,-114818.039,-0.0,0.133,6.909358625270745e+28,30.0,70.0,35,0.0,0.0,0.0,0.0,0.0,0.0,0.0,0.0,0.0,0.0,0.0,0.0,0.0,0.0,0.0,0.0,66.4,0,150,71,51,65476,0,300,0,0,8,20529,65476,0,0,44564,70.0,0.0,0.0,0.0,0.0,0.0
2026-09-10T21:45:57,ERR,ERR,ERR,ERR,ERR,ERR,ERR,ERR,ERR,ERR,ERR,ERR,ERR,ERR,ERR,ERR,ERR,ERR,ERR,ERR,ERR,ERR,ERR,ERR,ERR,ERR,ERR,ERR,ERR,ERR,ERR,ERR,ERR,ERR,ERR,ERR,ERR,ERR,ERR,ERR,ERR,ERR,ERR,ERR,ERR,ERR,ERR,ERR,ERR,ERR,ERR,ERR,ERR,ERR,ERR,ERR,ERR,ERR,ERR,ERR,ERR,ERR,ERR,ERR,ERR,ERR,ERR,ERR,ERR,ERR,ERR,ERR,ERR,ERR,ERR,ERR,ERR,ERR,ERR,ERR,ERR,ERR,ERR,ERR,ERR,ERR,ERR,ERR,ERR,ERR,ERR,ERR,ERR,ERR,ERR,ERR,ERR,ERR,ERR,ERR,ERR,ERR,ERR,ERR,ERR,ERR,ERR,ERR,ERR,ERR,ERR,ERR,ERR,ERR,ERR,ERR,ERR,ERR,ERR,ERR,ERR,ERR,ERR,ERR,ERR,0.0,0.0,0.0,0.0,0.0,1.3936040501711995e+18,7.805,0.0,0,0,4,0,7116,0.0,100,0.0,0.0,0.0,0.0,0.0,0,0,0,0,0.0,0,0,0,0,0,0,0,0,0,0,0,0,0,0,0,0,0,0,0,0,0,0,0,0,0,0,0,0,0,0,0,0,0,31,40,40,71,65476,0,300,0,0,8,21553,0.0,-107605600.0,0.0,0.0,0.0,0.0,0.0,0.0,0.0,0.0,0.0,0.0,0.0,0.0,0.0,0.0,0.0,0.0,0.0,0.0,0.0,0.0,-2.004,0.0,-0.0,2.004,0.0,0.0,0.0,0.0,4517.0,0.0,6942.0,0.0,0.0,-107615168.0,-107615304.0,0.0,0.0,0.0,0.0,69,-0.0,2.718413807909433e+23,0.0,0.0,0.0,0.0,0.0,0.0,0.0,0,0,0,0.0,0.0,0.0,0.0,0.0,0.0,0.0,0.0,0.0,0.0,0.0,0.0,0.0,0.0,0.0,0.0,0,-107875648.0,69,0.0,138,0.0,2.6474720257151824e+23,0,26215,17085,26215,17099,52429,17079,0,0,0,70,68,100,0.0,82.3,-0.0,77.8,-0.0,78.5,1,49,50,180,13107,52429,0,0,0.0,0.0,0.0,0.0,-0.0,67.0,0.0,162057.094,0.0,971,0,994,0,0,0,947,0,1017,0,919,0,788,0,778,0,821,0,7520,0.032,2.795834648671604e+19,0.0,0.0,784,16797,-0.0,162057.094,-114818.039,-0.0,0.133,6.909358625270745e+28,30.0,70.0,35,0.0,0.0,0.0,0.0,0.0,0.0,0.0,0.0,0.0,0.0,0.0,0.0,0.0,0.0,0.0,0.0,66.4,0,150,71,51,65476,0,300,0,0,8,20529,65476,0,0,44564,70.0,0.0,0.0,0.0,0.0,0.0
2026-09-10T21:45:58,ERR,ERR,ERR,ERR,ERR,ERR,ERR,ERR,ERR,ERR,ERR,ERR,ERR,ERR,ERR,ERR,ERR,ERR,ERR,ERR,ERR,ERR,ERR,ERR,ERR,ERR,ERR,ERR,ERR,ERR,ERR,ERR,ERR,ERR,ERR,ERR,ERR,ERR,ERR,ERR,ERR,ERR,ERR,ERR,ERR,ERR,ERR,ERR,ERR,ERR,ERR,ERR,ERR,ERR,ERR,ERR,ERR,ERR,ERR,ERR,ERR,ERR,ERR,ERR,ERR,ERR,ERR,ERR,ERR,ERR,ERR,ERR,ERR,ERR,ERR,ERR,ERR,ERR,ERR,ERR,ERR,ERR,ERR,ERR,ERR,ERR,ERR,ERR,ERR,ERR,ERR,ERR,ERR,ERR,ERR,ERR,ERR,ERR,ERR,ERR,ERR,ERR,ERR,ERR,ERR,ERR,ERR,ERR,ERR,ERR,ERR,ERR,ERR,ERR,ERR,ERR,ERR,ERR,ERR,ERR,ERR,ERR,ERR,ERR,ERR,0.0,0.0,0.0,0.0,0.0,1.3936040501711995e+18,7.805,0.0,0,0,4,0,7116,0.0,100,0.0,0.0,0.0,0.0,0.0,0,0,0,0,0.0,0,0,0,0,0,0,0,0,0,0,0,0,0,0,0,0,0,0,0,0,0,0,0,0,0,0,0,0,0,0,0,0,0,31,40,40,71,65476,0,300,0,0,8,21553,0.0,-107605600.0,0.0,0.0,0.0,0.0,0.0,0.0,0.0,0.0,0.0,0.0,0.0,0.0,0.0,0.0,0.0,0.0,0.0,0.0,0.0,0.0,-2.004,0.0,-0.0,0.0,0.0,0.0,0.0,0.0,4518.0,0.0,6912.0,0.0,0.0,-107615168.0,-107615304.0,0.0,0.0,0.0,0.0,69,-0.0,5.84804776034314e+35,0.0,0.0,0.0,0.0,0.0,0.0,0.0,0,0,0,0.0,0.0,0.0,0.0,0.0,0.0,0.0,0.0,0.0,0.0,0.0,0.0,0.0,0.0,0.0,0.0,0,-107875648.0,69,0.0,138,0.0,2.6474720257151824e+23,0,26215,17085,26215,17099,52429,17079,0,0,0,70,68,100,0.0,82.3,-0.0,77.8,-0.0,78.5,1,49,50,180,13107,52429,0,0,0.0,0.0,0.0,0.0,-0.0,67.0,0.0,162057.094,0.0,971,0,994,0,0,0,947,0,1017,0,919,0,788,0,778,0,821,0,7520,0.032,2.795834648671604e+19,0.0,0.0,784,16797,-0.0,162057.094,-114818.039,-0.0,0.133,6.909358625270745e+28,30.0,70.0,35,0.0,0.0,0.0,0.0,0.0,0.0,0.0,0.0,0.0,0.0,0.0,0.0,0.0,0.0,0.0,0.0,66.4,0,150,71,51,65476,0,300,0,0,8,20529,65476,0,0,44564,70.0,0.0,0.0,0.0,0.0,0.0
2026-09-10T21:45:59,ERR,ERR,ERR,ERR,ERR,ERR,ERR,ERR,ERR,ERR,ERR,ERR,ERR,ERR,ERR,ERR,ERR,ERR,ERR,ERR,ERR,ERR,ERR,ERR,ERR,ERR,ERR,ERR,ERR,ERR,ERR,ERR,ERR,ERR,ERR,ERR,ERR,ERR,ERR,ERR,ERR,ERR,ERR,ERR,ERR,ERR,ERR,ERR,ERR,ERR,ERR,ERR,ERR,ERR,ERR,ERR,ERR,ERR,ERR,ERR,ERR,ERR,ERR,ERR,ERR,ERR,ERR,ERR,ERR,ERR,ERR,ERR,ERR,ERR,ERR,ERR,ERR,ERR,ERR,ERR,ERR,ERR,ERR,ERR,ERR,ERR,ERR,ERR,ERR,ERR,ERR,ERR,ERR,ERR,ERR,ERR,ERR,ERR,ERR,ERR,ERR,ERR,ERR,ERR,ERR,ERR,ERR,ERR,ERR,ERR,ERR,ERR,ERR,ERR,ERR,ERR,ERR,ERR,ERR,ERR,ERR,ERR,ERR,ERR,ERR,0.0,0.0,0.0,0.0,0.0,1.3936040501711995e+18,7.805,0.0,0,0,4,0,7116,0.0,100,0.0,0.0,0.0,0.0,0.0,0,0,0,0,0.0,0,0,0,0,0,0,0,0,0,0,0,0,0,0,0,0,0,0,0,0,0,0,0,0,0,0,0,0,0,0,0,0,0,31,40,40,71,65476,0,300,0,0,8,21553,0.0,-107605600.0,0.0,0.0,0.0,0.0,0.0,0.0,0.0,0.0,0.0,0.0,0.0,0.0,0.0,0.0,0.0,0.0,0.0,0.0,0.0,0.0,-2.004,0.0,-0.0,0.0,0.0,0.0,0.0,0.0,4518.0,0.0,6912.0,0.0,0.0,-107615168.0,-107615304.0,0.0,0.0,0.0,0.0,69,-0.0,5.84804776034314e+35,0.0,0.0,0.0,0.0,0.0,0.0,0.0,0,0,0,0.0,0.0,0.0,0.0,0.0,0.0,0.0,0.0,0.0,0.0,0.0,0.0,0.0,0.0,0.0,0.0,0,-107875648.0,69,0.0,138,0.0,2.6474720257151824e+23,0,26215,17085,26215,17099,52429,17079,0,0,0,70,68,100,0.0,82.3,-0.0,77.8,-0.0,78.5,1,49,50,180,13107,52429,0,0,0.0,0.0,0.0,0.0,-0.0,67.0,0.0,162057.094,0.0,971,0,994,0,0,0,947,0,1017,0,919,0,788,0,778,0,821,0,7520,0.032,2.795834648671604e+19,0.0,0.0,784,16797,-0.0,162057.094,-114818.039,-0.0,0.133,6.909358625270745e+28,30.0,70.0,35,0.0,0.0,0.0,0.0,0.0,0.0,0.0,0.0,0.0,0.0,0.0,0.0,0.0,0.0,0.0,0.0,66.4,0,150,71,51,65476,0,300,0,0,8,20529,65476,0,0,44564,70.0,0.0,0.0,0.0,0.0,0.0
2026-09-10T21:46:00,ERR,ERR,ERR,ERR,ERR,ERR,ERR,ERR,ERR,ERR,ERR,ERR,ERR,ERR,ERR,ERR,ERR,ERR,ERR,ERR,ERR,ERR,ERR,ERR,ERR,ERR,ERR,ERR,ERR,ERR,ERR,ERR,ERR,ERR,ERR,ERR,ERR,ERR,ERR,ERR,ERR,ERR,ERR,ERR,ERR,ERR,ERR,ERR,ERR,ERR,ERR,ERR,ERR,ERR,ERR,ERR,ERR,ERR,ERR,ERR,ERR,ERR,ERR,ERR,ERR,ERR,ERR,ERR,ERR,ERR,ERR,ERR,ERR,ERR,ERR,ERR,ERR,ERR,ERR,ERR,ERR,ERR,ERR,ERR,ERR,ERR,ERR,ERR,ERR,ERR,ERR,ERR,ERR,ERR,ERR,ERR,ERR,ERR,ERR,ERR,ERR,ERR,ERR,ERR,ERR,ERR,ERR,ERR,ERR,ERR,ERR,ERR,ERR,ERR,ERR,ERR,ERR,ERR,ERR,ERR,ERR,ERR,ERR,ERR,ERR,0.0,0.0,0.0,0.0,0.0,1.3936040501711995e+18,7.805,0.0,0,0,4,0,7116,0.0,100,0.0,0.0,0.0,0.0,0.0,0,0,0,0,0.0,0,0,0,0,0,0,0,0,0,0,0,0,0,0,0,0,0,0,0,0,0,0,0,0,0,0,0,0,0,0,0,0,0,31,40,40,71,65476,0,300,0,0,8,21553,0.0,-107605600.0,0.0,0.0,0.0,0.0,0.0,0.0,0.0,0.0,0.0,0.0,0.0,0.0,0.0,0.0,0.0,0.0,0.0,0.0,0.0,0.0,-2.004,0.0,-0.0,0.0,0.0,0.0,0.0,0.0,4518.0,0.0,6912.0,0.0,0.0,-107615168.0,-107615304.0,0.0,0.0,0.0,0.0,69,-0.0,5.84804776034314e+35,0.0,0.0,0.0,0.0,0.0,0.0,0.0,0,0,0,0.0,0.0,0.0,0.0,0.0,0.0,0.0,0.0,0.0,0.0,0.0,0.0,0.0,0.0,0.0,0.0,0,-107875648.0,69,0.0,138,0.0,2.6474720257151824e+23,0,26215,17085,26215,17099,52429,17079,0,0,0,70,68,100,0.0,82.3,-0.0,77.8,-0.0,78.5,1,49,50,180,13107,52429,0,0,0.0,0.0,0.0,0.0,-0.0,67.0,0.0,162057.094,0.0,971,0,994,0,0,0,947,0,1017,0,919,0,788,0,778,0,821,0,7520,0.032,2.7814231298640183e+19,0.0,0.0,784,16797,-0.0,162057.094,-114818.039,-0.0,0.133,6.909358625270745e+28,30.0,70.0,35,0.0,0.0,0.0,0.0,0.0,0.0,0.0,0.0,0.0,0.0,0.0,0.0,0.0,0.0,0.0,0.0,66.4,0,150,71,51,65476,0,300,0,0,8,20529,65476,0,0,44564,70.0,0.0,0.0,0.0,0.0,0.0
2026-09-10T21:46:01,ERR,ERR,ERR,ERR,ERR,ERR,ERR,ERR,ERR,ERR,ERR,ERR,ERR,ERR,ERR,ERR,ERR,ERR,ERR,ERR,ERR,ERR,ERR,ERR,ERR,ERR,ERR,ERR,ERR,ERR,ERR,ERR,ERR,ERR,ERR,ERR,ERR,ERR,ERR,ERR,ERR,ERR,ERR,ERR,ERR,ERR,ERR,ERR,ERR,ERR,ERR,ERR,ERR,ERR,ERR,ERR,ERR,ERR,ERR,ERR,ERR,ERR,ERR,ERR,ERR,ERR,ERR,ERR,ERR,ERR,ERR,ERR,ERR,ERR,ERR,ERR,ERR,ERR,ERR,ERR,ERR,ERR,ERR,ERR,ERR,ERR,ERR,ERR,ERR,ERR,ERR,ERR,ERR,ERR,ERR,ERR,ERR,ERR,ERR,ERR,ERR,ERR,ERR,ERR,ERR,ERR,ERR,ERR,ERR,ERR,ERR,ERR,ERR,ERR,ERR,ERR,ERR,ERR,ERR,ERR,ERR,ERR,ERR,ERR,ERR,0.0,0.0,0.0,0.0,0.0,1.3936040501711995e+18,7.805,0.0,0,0,4,0,7116,0.0,100,0.0,0.0,0.0,0.0,0.0,0,0,0,0,0.0,0,0,0,0,0,0,0,0,0,0,0,0,0,0,0,0,0,0,0,0,0,0,0,0,0,0,0,0,0,0,0,0,0,31,40,40,71,65476,0,300,0,0,8,21553,0.0,-107605600.0,0.0,0.0,0.0,0.0,0.0,0.0,0.0,0.0,0.0,0.0,0.0,0.0,0.0,0.0,0.0,0.0,0.0,0.0,0.0,0.0,-2.004,0.0,-0.0,0.0,0.0,0.0,0.0,0.0,4518.0,0.0,6912.0,0.0,0.0,-107615168.0,-107615304.0,0.0,0.0,0.0,0.0,69,-0.0,5.84804776034314e+35,0.0,0.0,0.0,0.0,0.0,0.0,0.0,0,0,0,0.0,0.0,0.0,0.0,0.0,0.0,0.0,0.0,0.0,0.0,0.0,0.0,0.0,0.0,0.0,0.0,0,-107875648.0,69,0.0,138,0.0,2.6474720257151824e+23,0,26215,17085,26215,17099,52429,17079,0,0,0,70,68,100,0.0,82.3,-0.0,77.8,-0.0,78.5,1,49,50,180,13107,52429,0,0,0.0,0.0,0.0,0.0,-0.0,67.0,0.0,162057.094,0.0,971,0,994,0,0,0,947,0,1017,0,919,0,788,0,778,0,821,0,7520,0.032,2.7814231298640183e+19,0.0,0.0,784,16797,-0.0,162057.094,-114818.039,-0.0,0.133,6.909358625270745e+28,30.0,70.0,35,0.0,0.0,0.0,0.0,0.0,0.0,0.0,0.0,0.0,0.0,0.0,0.0,0.0,0.0,0.0,0.0,66.4,0,150,71,51,65476,0,300,0,0,8,20529,65476,0,0,44564,70.0,0.0,0.0,0.0,0.0,0.0
2026-09-10T21:46:02,ERR,ERR,ERR,ERR,ERR,ERR,ERR,ERR,ERR,ERR,ERR,ERR,ERR,ERR,ERR,ERR,ERR,ERR,ERR,ERR,ERR,ERR,ERR,ERR,ERR,ERR,ERR,ERR,ERR,ERR,ERR,ERR,ERR,ERR,ERR,ERR,ERR,ERR,ERR,ERR,ERR,ERR,ERR,ERR,ERR,ERR,ERR,ERR,ERR,ERR,ERR,ERR,ERR,ERR,ERR,ERR,ERR,ERR,ERR,ERR,ERR,ERR,ERR,ERR,ERR,ERR,ERR,ERR,ERR,ERR,ERR,ERR,ERR,ERR,ERR,ERR,ERR,ERR,ERR,ERR,ERR,ERR,ERR,ERR,ERR,ERR,ERR,ERR,ERR,ERR,ERR,ERR,ERR,ERR,ERR,ERR,ERR,ERR,ERR,ERR,ERR,ERR,ERR,ERR,ERR,ERR,ERR,ERR,ERR,ERR,ERR,ERR,ERR,ERR,ERR,ERR,ERR,ERR,ERR,ERR,ERR,ERR,ERR,ERR,ERR,0.0,0.0,0.0,0.0,0.0,1.3936040501711995e+18,7.805,0.0,0,0,4,0,7116,0.0,100,0.0,0.0,0.0,0.0,0.0,0,0,0,0,0.0,0,0,0,0,0,0,0,0,0,0,0,0,0,0,0,0,0,0,0,0,0,0,0,0,0,0,0,0,0,0,0,0,0,31,40,40,71,65476,0,300,0,0,8,21553,0.0,-107605600.0,0.0,0.0,0.0,0.0,0.0,0.0,0.0,0.0,0.0,0.0,0.0,0.0,0.0,0.0,0.0,0.0,0.0,0.0,0.0,0.0,-2.004,0.0,-0.0,0.0,0.0,0.0,0.0,0.0,4518.0,0.0,6912.0,0.0,0.0,-107615168.0,-107615304.0,0.0,0.0,0.0,0.0,69,-0.0,5.84804776034314e+35,0.0,0.0,0.0,0.0,0.0,0.0,0.0,0,0,0,0.0,0.0,0.0,0.0,0.0,0.0,0.0,0.0,0.0,0.0,0.0,0.0,0.0,0.0,0.0,0.0,0,-107875648.0,69,0.0,138,0.0,2.6474720257151824e+23,0,26215,17085,26215,17099,52429,17079,0,0,0,70,68,100,0.0,82.3,-0.0,77.8,-0.0,78.5,1,49,50,180,13107,52429,0,0,0.0,0.0,0.0,0.0,-0.0,67.0,0.0,162057.094,0.0,971,0,994,0,0,0,947,0,1017,0,919,0,788,0,778,0,821,0,7520,0.032,2.7814231298640183e+19,0.0,0.0,784,16797,-0.0,162057.094,-114818.039,-0.0,0.133,6.909358625270745e+28,30.0,70.0,35,0.0,0.0,0.0,0.0,0.0,0.0,0.0,0.0,0.0,0.0,0.0,0.0,0.0,0.0,0.0,0.0,66.4,0,150,71,51,65476,0,300,0,0,8,20529,65476,0,0,44564,70.0,0.0,0.0,0.0,0.0,0.0
2026-09-10T21:46:03,ERR,ERR,ERR,ERR,ERR,ERR,ERR,ERR,ERR,ERR,ERR,ERR,ERR,ERR,ERR,ERR,ERR,ERR,ERR,ERR,ERR,ERR,ERR,ERR,ERR,ERR,ERR,ERR,ERR,ERR,ERR,ERR,ERR,ERR,ERR,ERR,ERR,ERR,ERR,ERR,ERR,ERR,ERR,ERR,ERR,ERR,ERR,ERR,ERR,ERR,ERR,ERR,ERR,ERR,ERR,ERR,ERR,ERR,ERR,ERR,ERR,ERR,ERR,ERR,ERR,ERR,ERR,ERR,ERR,ERR,ERR,ERR,ERR,ERR,ERR,ERR,ERR,ERR,ERR,ERR,ERR,ERR,ERR,ERR,ERR,ERR,ERR,ERR,ERR,ERR,ERR,ERR,ERR,ERR,ERR,ERR,ERR,ERR,ERR,ERR,ERR,ERR,ERR,ERR,ERR,ERR,ERR,ERR,ERR,ERR,ERR,ERR,ERR,ERR,ERR,ERR,ERR,ERR,ERR,ERR,ERR,ERR,ERR,ERR,ERR,0.0,0.0,0.0,0.0,0.0,1.3936040501711995e+18,7.805,0.0,0,0,4,0,7116,0.0,100,0.0,0.0,0.0,0.0,0.0,0,0,0,0,0.0,0,0,0,0,0,0,0,0,0,0,0,0,0,0,0,0,0,0,0,0,0,0,0,0,0,0,0,0,0,0,0,0,0,31,40,40,71,65476,0,300,0,0,8,21553,0.0,-107605600.0,0.0,0.0,0.0,0.0,0.0,0.0,0.0,0.0,0.0,0.0,0.0,0.0,0.0,0.0,0.0,0.0,0.0,0.0,0.0,0.0,-2.004,0.0,-0.0,0.0,0.0,0.0,0.0,0.0,4518.0,0.0,6912.0,0.0,0.0,-107615168.0,-107615304.0,0.0,0.0,0.0,0.0,69,-0.0,5.84804776034314e+35,0.0,0.0,0.0,0.0,0.0,0.0,0.0,0,0,0,0.0,0.0,0.0,0.0,0.0,0.0,0.0,0.0,0.0,0.0,0.0,0.0,0.0,0.0,0.0,0.0,0,-107875648.0,69,0.0,138,0.0,2.6474720257151824e+23,0,26215,17085,26215,17099,52429,17079,0,0,0,70,68,100,0.0,82.3,-0.0,77.8,-0.0,78.5,1,49,50,180,13107,52429,0,0,0.0,0.0,0.0,0.0,-0.0,67.0,0.0,162057.094,0.0,971,0,994,0,0,0,947,0,1017,0,919,0,788,0,778,0,821,0,7520,0.032,2.7814231298640183e+19,0.0,0.0,784,16797,-0.0,162057.094,-114818.039,-0.0,0.133,6.909358625270745e+28,30.0,70.0,35,0.0,0.0,0.0,0.0,0.0,0.0,0.0,0.0,0.0,0.0,0.0,0.0,0.0,0.0,0.0,0.0,66.4,0,150,71,51,65476,0,300,0,0,8,20529,65476,0,0,44564,70.0,0.0,0.0,0.0,0.0,0.0
2026-09-10T21:46:04,ERR,ERR,ERR,ERR,ERR,ERR,ERR,ERR,ERR,ERR,ERR,ERR,ERR,ERR,ERR,ERR,ERR,ERR,ERR,ERR,ERR,ERR,ERR,ERR,ERR,ERR,ERR,ERR,ERR,ERR,ERR,ERR,ERR,ERR,ERR,ERR,ERR,ERR,ERR,ERR,ERR,ERR,ERR,ERR,ERR,ERR,ERR,ERR,ERR,ERR,ERR,ERR,ERR,ERR,ERR,ERR,ERR,ERR,ERR,ERR,ERR,ERR,ERR,ERR,ERR,ERR,ERR,ERR,ERR,ERR,ERR,ERR,ERR,ERR,ERR,ERR,ERR,ERR,ERR,ERR,ERR,ERR,ERR,ERR,ERR,ERR,ERR,ERR,ERR,ERR,ERR,ERR,ERR,ERR,ERR,ERR,ERR,ERR,ERR,ERR,ERR,ERR,ERR,ERR,ERR,ERR,ERR,ERR,ERR,ERR,ERR,ERR,ERR,ERR,ERR,ERR,ERR,ERR,ERR,ERR,ERR,ERR,ERR,ERR,ERR,0.0,0.0,0.0,0.0,0.0,1.3936040501711995e+18,7.805,0.0,0,0,4,0,7116,0.0,100,0.0,0.0,0.0,0.0,0.0,0,0,0,0,0.0,0,0,0,0,0,0,0,0,0,0,0,0,0,0,0,0,0,0,0,0,0,0,0,0,0,0,0,0,0,0,0,0,0,31,40,40,71,65476,0,300,0,0,8,21553,0.0,-107605600.0,0.0,0.0,0.0,0.0,0.0,0.0,0.0,0.0,0.0,0.0,0.0,0.0,0.0,0.0,0.0,0.0,0.0,0.0,0.0,0.0,-2.004,0.0,-0.0,0.0,0.0,0.0,0.0,0.0,4518.0,0.0,6912.0,0.0,0.0,-107615168.0,-107615304.0,0.0,0.0,0.0,0.0,69,-0.0,5.84804776034314e+35,0.0,0.0,0.0,0.0,0.0,0.0,0.0,0,0,0,0.0,0.0,0.0,0.0,0.0,0.0,0.0,0.0,0.0,0.0,0.0,0.0,0.0,0.0,0.0,0.0,0,-107875648.0,69,0.0,138,0.0,2.6474720257151824e+23,0,26215,17085,26215,17099,52429,17079,0,0,0,70,68,100,0.0,82.3,-0.0,77.8,-0.0,78.5,1,49,50,180,13107,52429,0,0,0.0,0.0,0.0,0.0,-0.0,67.0,0.0,162057.094,0.0,971,0,994,0,0,0,947,0,1017,0,919,0,788,0,778,0,821,0,7520,0.032,2.7814231298640183e+19,0.0,0.0,784,16797,-0.0,162057.094,-114818.039,-0.0,0.133,6.909358625270745e+28,30.0,70.0,35,0.0,0.0,0.0,0.0,0.0,0.0,0.0,0.0,0.0,0.0,0.0,0.0,0.0,0.0,0.0,0.0,66.4,0,150,71,51,65476,0,300,0,0,8,20529,65476,0,0,44564,70.0,0.0,0.0,0.0,0.0,0.0
2026-09-10T21:46:05,ERR,ERR,ERR,ERR,ERR,ERR,ERR,ERR,ERR,ERR,ERR,ERR,ERR,ERR,ERR,ERR,ERR,ERR,ERR,ERR,ERR,ERR,ERR,ERR,ERR,ERR,ERR,ERR,ERR,ERR,ERR,ERR,ERR,ERR,ERR,ERR,ERR,ERR,ERR,ERR,ERR,ERR,ERR,ERR,ERR,ERR,ERR,ERR,ERR,ERR,ERR,ERR,ERR,ERR,ERR,ERR,ERR,ERR,ERR,ERR,ERR,ERR,ERR,ERR,ERR,ERR,ERR,ERR,ERR,ERR,ERR,ERR,ERR,ERR,ERR,ERR,ERR,ERR,ERR,ERR,ERR,ERR,ERR,ERR,ERR,ERR,ERR,ERR,ERR,ERR,ERR,ERR,ERR,ERR,ERR,ERR,ERR,ERR,ERR,ERR,ERR,ERR,ERR,ERR,ERR,ERR,ERR,ERR,ERR,ERR,ERR,ERR,ERR,ERR,ERR,ERR,ERR,ERR,ERR,ERR,ERR,ERR,ERR,ERR,ERR,0.0,0.0,0.0,0.0,0.0,1.3936040501711995e+18,7.805,0.0,0,0,4,0,7116,0.0,100,0.0,0.0,0.0,0.0,0.0,0,0,0,0,0.0,0,0,0,0,0,0,0,0,0,0,0,0,0,0,0,0,0,0,0,0,0,0,0,0,0,0,0,0,0,0,0,0,0,31,40,40,71,65476,0,300,0,0,8,21553,0.0,-107605600.0,0.0,0.0,0.0,0.0,0.0,0.0,0.0,0.0,0.0,0.0,0.0,0.0,0.0,0.0,0.0,0.0,0.0,0.0,0.0,0.0,-2.004,0.0,-0.0,0.0,0.0,0.0,0.0,0.0,4518.0,0.0,6912.0,0.0,0.0,-107615168.0,-107615304.0,0.0,0.0,0.0,0.0,69,-0.0,5.84804776034314e+35,0.0,0.0,0.0,0.0,0.0,0.0,0.0,0,0,0,0.0,0.0,0.0,0.0,0.0,0.0,0.0,0.0,0.0,0.0,0.0,0.0,0.0,0.0,0.0,0.0,0,-107875648.0,69,0.0,138,0.0,2.6474720257151824e+23,0,26215,17085,26215,17099,52429,17079,0,0,0,70,68,100,0.0,82.3,-0.0,77.8,-0.0,78.5,1,49,50,180,13107,52429,0,0,0.0,0.0,0.0,0.0,-0.0,67.0,0.0,162057.094,0.0,971,0,994,0,0,0,947,0,1017,0,919,0,788,0,778,0,821,0,7520,0.032,2.7814231298640183e+19,0.0,0.0,784,16797,-0.0,162057.094,-114818.039,-0.0,0.133,6.909358625270745e+28,30.0,70.0,35,0.0,0.0,0.0,0.0,0.0,0.0,0.0,0.0,0.0,0.0,0.0,0.0,0.0,0.0,0.0,0.0,66.4,0,150,71,51,65476,0,300,0,0,8,20529,65476,0,0,44564,70.0,0.0,0.0,0.0,0.0,0.0
2026-09-10T21:46:06,ERR,ERR,ERR,ERR,ERR,ERR,ERR,ERR,ERR,ERR,ERR,ERR,ERR,ERR,ERR,ERR,ERR,ERR,ERR,ERR,ERR,ERR,ERR,ERR,ERR,ERR,ERR,ERR,ERR,ERR,ERR,ERR,ERR,ERR,ERR,ERR,ERR,ERR,ERR,ERR,ERR,ERR,ERR,ERR,ERR,ERR,ERR,ERR,ERR,ERR,ERR,ERR,ERR,ERR,ERR,ERR,ERR,ERR,ERR,ERR,ERR,ERR,ERR,ERR,ERR,ERR,ERR,ERR,ERR,ERR,ERR,ERR,ERR,ERR,ERR,ERR,ERR,ERR,ERR,ERR,ERR,ERR,ERR,ERR,ERR,ERR,ERR,ERR,ERR,ERR,ERR,ERR,ERR,ERR,ERR,ERR,ERR,ERR,ERR,ERR,ERR,ERR,ERR,ERR,ERR,ERR,ERR,ERR,ERR,ERR,ERR,ERR,ERR,ERR,ERR,ERR,ERR,ERR,ERR,ERR,ERR,ERR,ERR,ERR,ERR,0.0,0.0,0.0,0.0,0.0,1.3936040501711995e+18,7.805,0.0,0,0,4,0,7116,0.0,100,0.0,0.0,0.0,0.0,0.0,0,0,0,0,0.0,0,0,0,0,0,0,0,0,0,0,0,0,0,0,0,0,0,0,0,0,0,0,0,0,0,0,0,0,0,0,0,0,0,31,40,40,71,65476,0,300,0,0,8,21553,0.0,-107605600.0,0.0,0.0,0.0,0.0,0.0,0.0,0.0,0.0,0.0,0.0,0.0,0.0,0.0,0.0,0.0,0.0,0.0,0.0,0.0,0.0,-2.004,0.0,-0.0,0.0,0.0,0.0,0.0,0.0,4486.0,-1.5879263307997272e+29,6942.0,0.0,0.0,-107615168.0,-0.0,0.0,0.0,0.0,0.0,69,-0.0,2.718413807909433e+23,0.0,0.0,0.0,0.0,0.0,0.0,0.0,0,0,0,0.0,0.0,0.0,0.0,0.0,0.0,0.0,0.0,0.0,0.0,0.0,0.0,0.0,0.0,0.0,0.0,0,-107875648.0,69,0.0,138,0.0,-0.0,0,26215,17085,26215,17099,52429,17079,0,0,0,70,68,100,0.0,82.3,-0.0,77.8,-0.0,78.5,1,49,50,180,13107,52429,0,0,0.0,0.0,0.0,0.0,-0.0,67.0,0.0,162057.094,0.0,971,0,994,0,0,0,947,0,1017,0,918,0,788,0,778,0,821,0,7520,0.032,2.7814231298640183e+19,0.0,0.0,784,16797,-0.0,162057.094,-114818.039,-0.0,0.133,6.909358625270745e+28,30.0,70.0,35,0.0,0.0,0.0,0.0,0.0,0.0,0.0,0.0,0.0,0.0,0.0,0.0,0.0,0.0,0.0,0.0,66.4,0,150,71,51,65476,0,300,0,0,8,20529,65476,0,0,44564,70.0,0.0,0.0,0.0,0.0,0.0
2026-09-10T21:46:07,ERR,ERR,ERR,ERR,ERR,ERR,ERR,ERR,ERR,ERR,ERR,ERR,ERR,ERR,ERR,ERR,ERR,ERR,ERR,ERR,ERR,ERR,ERR,ERR,ERR,ERR,ERR,ERR,ERR,ERR,ERR,ERR,ERR,ERR,ERR,ERR,ERR,ERR,ERR,ERR,ERR,ERR,ERR,ERR,ERR,ERR,ERR,ERR,ERR,ERR,ERR,ERR,ERR,ERR,ERR,ERR,ERR,ERR,ERR,ERR,ERR,ERR,ERR,ERR,ERR,ERR,ERR,ERR,ERR,ERR,ERR,ERR,ERR,ERR,ERR,ERR,ERR,ERR,ERR,ERR,ERR,ERR,ERR,ERR,ERR,ERR,ERR,ERR,ERR,ERR,ERR,ERR,ERR,ERR,ERR,ERR,ERR,ERR,ERR,ERR,ERR,ERR,ERR,ERR,ERR,ERR,ERR,ERR,ERR,ERR,ERR,ERR,ERR,ERR,ERR,ERR,ERR,ERR,ERR,ERR,ERR,ERR,ERR,ERR,ERR,0.0,0.0,0.0,0.0,0.0,1.3936040501711995e+18,7.805,0.0,0,0,4,0,7116,0.0,100,0.0,0.0,0.0,0.0,0.0,0,0,0,0,0.0,0,0,0,0,0,0,0,0,0,0,0,0,0,0,0,0,0,0,0,0,0,0,0,0,0,0,0,0,0,0,0,0,0,31,40,40,71,65476,0,300,0,0,8,21553,0.0,-107605600.0,0.0,0.0,0.0,0.0,0.0,0.0,0.0,0.0,0.0,0.0,0.0,0.0,0.0,0.0,0.0,0.0,0.0,0.0,0.0,0.0,-2.004,0.0,-0.0,0.0,0.0,0.0,0.0,0.0,4486.0,-1.5879263307997272e+29,6942.0,0.0,0.0,-107615168.0,-0.0,0.0,0.0,0.0,0.0,69,-0.0,2.718413807909433e+23,0.0,0.0,0.0,0.0,0.0,0.0,0.0,0,0,0,0.0,0.0,0.0,0.0,0.0,0.0,0.0,0.0,0.0,0.0,0.0,0.0,0.0,0.0,0.0,0.0,0,-107875648.0,69,0.0,138,0.0,-0.0,0,26215,17085,26215,17099,52429,17079,0,0,0,70,68,100,0.0,82.3,-0.0,77.8,-0.0,78.5,1,49,50,180,13107,52429,0,0,0.0,0.0,0.0,0.0,-0.0,67.0,0.0,162057.094,0.0,971,0,994,0,0,0,947,0,1017,0,918,0,788,0,778,0,821,0,7520,0.032,2.7814231298640183e+19,0.0,0.0,784,16797,-0.0,162057.094,-114818.039,-0.0,0.133,6.909358625270745e+28,30.0,70.0,35,0.0,0.0,0.0,0.0,0.0,0.0,0.0,0.0,0.0,0.0,0.0,0.0,0.0,0.0,0.0,0.0,66.4,0,150,71,51,65476,0,300,0,0,8,20529,65476,0,0,44564,70.0,0.0,0.0,0.0,0.0,0.0
2026-09-10T21:46:08,ERR,ERR,ERR,ERR,ERR,ERR,ERR,ERR,ERR,ERR,ERR,ERR,ERR,ERR,ERR,ERR,ERR,ERR,ERR,ERR,ERR,ERR,ERR,ERR,ERR,ERR,ERR,ERR,ERR,ERR,ERR,ERR,ERR,ERR,ERR,ERR,ERR,ERR,ERR,ERR,ERR,ERR,ERR,ERR,ERR,ERR,ERR,ERR,ERR,ERR,ERR,ERR,ERR,ERR,ERR,ERR,ERR,ERR,ERR,ERR,ERR,ERR,ERR,ERR,ERR,ERR,ERR,ERR,ERR,ERR,ERR,ERR,ERR,ERR,ERR,ERR,ERR,ERR,ERR,ERR,ERR,ERR,ERR,ERR,ERR,ERR,ERR,ERR,ERR,ERR,ERR,ERR,ERR,ERR,ERR,ERR,ERR,ERR,ERR,ERR,ERR,ERR,ERR,ERR,ERR,ERR,ERR,ERR,ERR,ERR,ERR,ERR,ERR,ERR,ERR,ERR,ERR,ERR,ERR,ERR,ERR,ERR,ERR,ERR,ERR,0.0,0.0,0.0,0.0,0.0,1.3936040501711995e+18,7.805,0.0,0,0,4,0,7116,0.0,100,0.0,0.0,0.0,0.0,0.0,0,0,0,0,0.0,0,0,0,0,0,0,0,0,0,0,0,0,0,0,0,0,0,0,0,0,0,0,0,0,0,0,0,0,0,0,0,0,0,31,40,40,71,65476,0,300,0,0,8,21553,0.0,-107605600.0,0.0,0.0,0.0,0.0,0.0,0.0,0.0,0.0,0.0,0.0,0.0,0.0,0.0,0.0,0.0,0.0,0.0,0.0,0.0,0.0,-2.004,0.0,-0.0,0.0,0.0,0.0,0.0,0.0,4486.0,-1.5879263307997272e+29,6942.0,0.0,0.0,-107615168.0,-0.0,0.0,0.0,0.0,0.0,69,-0.0,2.718413807909433e+23,0.0,0.0,0.0,0.0,0.0,0.0,0.0,0,0,0,0.0,0.0,0.0,0.0,0.0,0.0,0.0,0.0,0.0,0.0,0.0,0.0,0.0,0.0,0.0,0.0,0,-107875648.0,69,0.0,138,0.0,-0.0,0,26215,17085,26215,17099,52429,17079,0,0,0,70,68,100,0.0,82.3,-0.0,77.8,-0.0,78.5,1,49,50,180,13107,52429,0,0,0.0,0.0,0.0,0.0,-0.0,67.0,0.0,162057.094,0.0,971,0,994,0,0,0,947,0,1017,0,918,0,788,0,778,0,821,0,7520,0.032,2.7814231298640183e+19,0.0,0.0,784,16797,-0.0,162057.094,-114818.039,-0.0,0.133,6.909358625270745e+28,30.0,70.0,35,0.0,0.0,0.0,0.0,0.0,0.0,0.0,0.0,0.0,0.0,0.0,0.0,0.0,0.0,0.0,0.0,66.4,0,150,71,51,65476,0,300,0,0,8,20529,65476,0,0,44564,70.0,0.0,0.0,0.0,0.0,0.0
2026-09-10T21:46:09,ERR,ERR,ERR,ERR,ERR,ERR,ERR,ERR,ERR,ERR,ERR,ERR,ERR,ERR,ERR,ERR,ERR,ERR,ERR,ERR,ERR,ERR,ERR,ERR,ERR,ERR,ERR,ERR,ERR,ERR,ERR,ERR,ERR,ERR,ERR,ERR,ERR,ERR,ERR,ERR,ERR,ERR,ERR,ERR,ERR,ERR,ERR,ERR,ERR,ERR,ERR,ERR,ERR,ERR,ERR,ERR,ERR,ERR,ERR,ERR,ERR,ERR,ERR,ERR,ERR,ERR,ERR,ERR,ERR,ERR,ERR,ERR,ERR,ERR,ERR,ERR,ERR,ERR,ERR,ERR,ERR,ERR,ERR,ERR,ERR,ERR,ERR,ERR,ERR,ERR,ERR,ERR,ERR,ERR,ERR,ERR,ERR,ERR,ERR,ERR,ERR,ERR,ERR,ERR,ERR,ERR,ERR,ERR,ERR,ERR,ERR,ERR,ERR,ERR,ERR,ERR,ERR,ERR,ERR,ERR,ERR,ERR,ERR,ERR,ERR,0.0,0.0,0.0,0.0,0.0,1.3936040501711995e+18,7.805,0.0,0,0,4,0,7116,0.0,100,0.0,0.0,0.0,0.0,0.0,0,0,0,0,0.0,0,0,0,0,0,0,0,0,0,0,0,0,0,0,0,0,0,0,0,0,0,0,0,0,0,0,0,0,0,0,0,0,0,31,40,40,71,65476,0,300,0,0,8,21553,0.0,-107605600.0,0.0,0.0,0.0,0.0,0.0,0.0,0.0,0.0,0.0,0.0,0.0,0.0,0.0,0.0,0.0,0.0,0.0,0.0,0.0,0.0,-2.004,0.0,-0.0,0.0,0.0,0.0,0.0,0.0,4486.0,-1.5879263307997272e+29,6942.0,0.0,0.0,-107615168.0,-0.0,0.0,0.0,0.0,0.0,69,-0.0,2.718413807909433e+23,0.0,0.0,0.0,0.0,0.0,0.0,0.0,0,0,0,0.0,0.0,0.0,0.0,0.0,0.0,0.0,0.0,0.0,0.0,0.0,0.0,0.0,0.0,0.0,0.0,0,-107875648.0,69,0.0,138,0.0,-0.0,0,26215,17085,26215,17099,52429,17079,0,0,0,70,68,100,0.0,82.3,-0.0,77.8,-0.0,78.5,1,49,50,180,13107,52429,0,0,0.0,0.0,0.0,0.0,-0.0,67.0,0.0,162057.094,0.0,971,0,994,0,0,0,947,0,1017,0,918,0,788,0,778,0,821,0,7520,0.032,2.7814231298640183e+19,0.0,0.0,784,16797,-0.0,162057.094,-114818.039,-0.0,0.133,6.909358625270745e+28,30.0,70.0,35,0.0,0.0,0.0,0.0,0.0,0.0,0.0,0.0,0.0,0.0,0.0,0.0,0.0,0.0,0.0,0.0,66.4,0,150,71,51,65476,0,300,0,0,8,20529,65476,0,0,44564,70.0,0.0,0.0,0.0,0.0,0.0
2026-09-10T21:46:10,ERR,ERR,ERR,ERR,ERR,ERR,ERR,ERR,ERR,ERR,ERR,ERR,ERR,ERR,ERR,ERR,ERR,ERR,ERR,ERR,ERR,ERR,ERR,ERR,ERR,ERR,ERR,ERR,ERR,ERR,ERR,ERR,ERR,ERR,ERR,ERR,ERR,ERR,ERR,ERR,ERR,ERR,ERR,ERR,ERR,ERR,ERR,ERR,ERR,ERR,ERR,ERR,ERR,ERR,ERR,ERR,ERR,ERR,ERR,ERR,ERR,ERR,ERR,ERR,ERR,ERR,ERR,ERR,ERR,ERR,ERR,ERR,ERR,ERR,ERR,ERR,ERR,ERR,ERR,ERR,ERR,ERR,ERR,ERR,ERR,ERR,ERR,ERR,ERR,ERR,ERR,ERR,ERR,ERR,ERR,ERR,ERR,ERR,ERR,ERR,ERR,ERR,ERR,ERR,ERR,ERR,ERR,ERR,ERR,ERR,ERR,ERR,ERR,ERR,ERR,ERR,ERR,ERR,ERR,ERR,ERR,ERR,ERR,ERR,ERR,0.0,0.0,0.0,0.0,0.0,1.3936040501711995e+18,7.805,0.0,0,0,4,0,7116,0.0,100,0.0,0.0,0.0,0.0,0.0,0,0,0,0,0.0,0,0,0,0,0,0,0,0,0,0,0,0,0,0,0,0,0,0,0,0,0,0,0,0,0,0,0,0,0,0,0,0,0,31,40,40,71,65476,0,300,0,0,8,21553,0.0,-107605600.0,0.0,0.0,0.0,0.0,0.0,0.0,0.0,0.0,0.0,0.0,0.0,0.0,0.0,0.0,0.0,0.0,0.0,0.0,0.0,0.0,-2.004,0.0,-0.0,0.0,0.0,0.0,0.0,0.0,4486.0,-1.5879263307997272e+29,6942.0,0.0,0.0,-107615168.0,-0.0,0.0,0.0,0.0,0.0,69,-0.0,2.718413807909433e+23,0.0,0.0,0.0,0.0,0.0,0.0,0.0,0,0,0,0.0,0.0,0.0,0.0,0.0,0.0,0.0,0.0,0.0,0.0,0.0,0.0,0.0,0.0,0.0,0.0,0,-107875648.0,69,0.0,138,0.0,-0.0,0,26215,17085,26215,17099,52429,17079,0,0,0,70,68,100,0.0,82.3,-0.0,77.8,-0.0,78.5,1,49,50,180,13107,52429,0,0,0.0,0.0,0.0,0.0,-0.0,67.0,0.0,162057.094,0.0,971,0,994,0,0,0,947,0,1017,0,918,0,788,0,778,0,821,0,7520,0.032,2.7814231298640183e+19,0.0,0.0,784,16797,-0.0,162057.094,-114818.039,-0.0,0.133,6.909358625270745e+28,30.0,70.0,35,0.0,0.0,0.0,0.0,0.0,0.0,0.0,0.0,0.0,0.0,0.0,0.0,0.0,0.0,0.0,0.0,66.4,0,150,71,51,65476,0,300,0,0,8,20529,65476,0,0,44564,70.0,0.0,0.0,0.0,0.0,0.0
2026-09-10T21:46:11,ERR,ERR,ERR,ERR,ERR,ERR,ERR,ERR,ERR,ERR,ERR,ERR,ERR,ERR,ERR,ERR,ERR,ERR,ERR,ERR,ERR,ERR,ERR,ERR,ERR,ERR,ERR,ERR,ERR,ERR,ERR,ERR,ERR,ERR,ERR,ERR,ERR,ERR,ERR,ERR,ERR,ERR,ERR,ERR,ERR,ERR,ERR,ERR,ERR,ERR,ERR,ERR,ERR,ERR,ERR,ERR,ERR,ERR,ERR,ERR,ERR,ERR,ERR,ERR,ERR,ERR,ERR,ERR,ERR,ERR,ERR,ERR,ERR,ERR,ERR,ERR,ERR,ERR,ERR,ERR,ERR,ERR,ERR,ERR,ERR,ERR,ERR,ERR,ERR,ERR,ERR,ERR,ERR,ERR,ERR,ERR,ERR,ERR,ERR,ERR,ERR,ERR,ERR,ERR,ERR,ERR,ERR,ERR,ERR,ERR,ERR,ERR,ERR,ERR,ERR,ERR,ERR,ERR,ERR,ERR,ERR,ERR,ERR,ERR,ERR,0.0,0.0,0.0,0.0,0.0,1.3936040501711995e+18,7.805,0.0,0,0,4,0,7116,0.0,100,0.0,0.0,0.0,0.0,0.0,0,0,0,0,0.0,0,0,0,0,0,0,0,0,0,0,0,0,0,0,0,0,0,0,0,0,0,0,0,0,0,0,0,0,0,0,0,0,0,31,40,40,71,65476,0,300,0,0,8,21553,0.0,-107605600.0,0.0,0.0,0.0,0.0,0.0,0.0,0.0,0.0,0.0,0.0,0.0,0.0,0.0,0.0,0.0,0.0,0.0,0.0,0.0,0.0,-2.004,0.0,-0.0,0.0,0.0,0.0,0.0,0.0,4486.0,-1.5879263307997272e+29,6942.0,0.0,0.0,-107615168.0,-0.0,0.0,0.0,0.0,0.0,69,-0.0,2.718413807909433e+23,0.0,0.0,0.0,0.0,0.0,0.0,0.0,0,0,0,0.0,0.0,0.0,0.0,0.0,0.0,0.0,0.0,0.0,0.0,0.0,0.0,0.0,0.0,0.0,0.0,0,-107875648.0,69,0.0,138,0.0,-0.0,0,26215,17085,26215,17099,52429,17079,0,0,0,70,68,100,0.0,82.3,-0.0,77.8,-0.0,78.5,1,49,50,180,13107,52429,0,0,0.0,0.0,0.0,0.0,-0.0,67.0,0.0,162057.094,0.0,971,0,994,0,0,0,947,0,1017,0,918,0,788,0,778,0,821,0,7520,0.032,2.7814231298640183e+19,0.0,0.0,784,16797,-0.0,162057.094,-114818.039,-0.0,0.133,6.909358625270745e+28,30.0,70.0,35,0.0,0.0,0.0,0.0,0.0,0.0,0.0,0.0,0.0,0.0,0.0,0.0,0.0,0.0,0.0,0.0,66.4,0,150,71,51,65476,0,300,0,0,8,20529,65476,0,0,44564,70.0,0.0,0.0,0.0,0.0,0.0
2026-09-10T21:46:12,ERR,ERR,ERR,ERR,ERR,ERR,ERR,ERR,ERR,ERR,ERR,ERR,ERR,ERR,ERR,ERR,ERR,ERR,ERR,ERR,ERR,ERR,ERR,ERR,ERR,ERR,ERR,ERR,ERR,ERR,ERR,ERR,ERR,ERR,ERR,ERR,ERR,ERR,ERR,ERR,ERR,ERR,ERR,ERR,ERR,ERR,ERR,ERR,ERR,ERR,ERR,ERR,ERR,ERR,ERR,ERR,ERR,ERR,ERR,ERR,ERR,ERR,ERR,ERR,ERR,ERR,ERR,ERR,ERR,ERR,ERR,ERR,ERR,ERR,ERR,ERR,ERR,ERR,ERR,ERR,ERR,ERR,ERR,ERR,ERR,ERR,ERR,ERR,ERR,ERR,ERR,ERR,ERR,ERR,ERR,ERR,ERR,ERR,ERR,ERR,ERR,ERR,ERR,ERR,ERR,ERR,ERR,ERR,ERR,ERR,ERR,ERR,ERR,ERR,ERR,ERR,ERR,ERR,ERR,ERR,ERR,ERR,ERR,ERR,ERR,0.0,0.0,0.0,0.0,0.0,1.3936040501711995e+18,7.805,0.0,0,0,4,0,7116,0.0,100,0.0,0.0,0.0,0.0,0.0,0,0,0,0,0.0,0,0,0,0,0,0,0,0,0,0,0,0,0,0,0,0,0,0,0,0,0,0,0,0,0,0,0,0,0,0,0,0,0,31,40,40,71,65476,0,300,0,0,8,21553,0.0,-107605600.0,0.0,0.0,0.0,0.0,0.0,0.0,0.0,0.0,0.0,0.0,0.0,0.0,0.0,0.0,0.0,0.0,0.0,0.0,0.0,0.0,-2.004,0.0,-0.0,0.0,0.0,0.0,0.0,0.0,4486.0,-1.5879263307997272e+29,6942.0,0.0,0.0,-107615168.0,-0.0,0.0,0.0,0.0,0.0,69,-0.0,2.718413807909433e+23,0.0,0.0,0.0,0.0,0.0,0.0,0.0,0,0,0,0.0,0.0,0.0,0.0,0.0,0.0,0.0,0.0,0.0,0.0,0.0,0.0,0.0,0.0,0.0,0.0,0,-107875648.0,69,0.0,138,0.0,-0.0,0,26215,17085,26215,17099,39322,17079,0,0,0,70,68,100,0.0,82.3,-0.0,77.8,-0.0,78.5,1,49,50,180,13107,52429,0,0,0.0,0.0,0.0,0.0,-0.0,67.0,0.0,162057.094,0.0,971,0,994,0,0,0,947,0,1017,0,918,0,788,0,778,0,821,0,7520,0.032,2.795834648671604e+19,0.0,0.0,784,16797,-0.0,162057.094,-114818.039,-0.0,0.133,6.909358625270745e+28,30.0,70.0,35,0.0,0.0,0.0,0.0,0.0,0.0,0.0,0.0,0.0,0.0,0.0,0.0,0.0,0.0,0.0,0.0,66.4,0,150,71,51,65476,0,300,0,0,8,20529,65476,0,0,44564,70.0,0.0,0.0,0.0,0.0,0.0
2026-09-10T21:46:13,ERR,ERR,ERR,ERR,ERR,ERR,ERR,ERR,ERR,ERR,ERR,ERR,ERR,ERR,ERR,ERR,ERR,ERR,ERR,ERR,ERR,ERR,ERR,ERR,ERR,ERR,ERR,ERR,ERR,ERR,ERR,ERR,ERR,ERR,ERR,ERR,ERR,ERR,ERR,ERR,ERR,ERR,ERR,ERR,ERR,ERR,ERR,ERR,ERR,ERR,ERR,ERR,ERR,ERR,ERR,ERR,ERR,ERR,ERR,ERR,ERR,ERR,ERR,ERR,ERR,ERR,ERR,ERR,ERR,ERR,ERR,ERR,ERR,ERR,ERR,ERR,ERR,ERR,ERR,ERR,ERR,ERR,ERR,ERR,ERR,ERR,ERR,ERR,ERR,ERR,ERR,ERR,ERR,ERR,ERR,ERR,ERR,ERR,ERR,ERR,ERR,ERR,ERR,ERR,ERR,ERR,ERR,ERR,ERR,ERR,ERR,ERR,ERR,ERR,ERR,ERR,ERR,ERR,ERR,ERR,ERR,ERR,ERR,ERR,ERR,0.0,0.0,0.0,0.0,0.0,1.3936040501711995e+18,7.805,0.0,0,0,4,0,7116,0.0,100,0.0,0.0,0.0,0.0,0.0,0,0,0,0,0.0,0,0,0,0,0,0,0,0,0,0,0,0,0,0,0,0,0,0,0,0,0,0,0,0,0,0,0,0,0,0,0,0,0,31,40,40,71,65476,0,300,0,0,8,21553,0.0,-107605600.0,0.0,0.0,0.0,0.0,0.0,0.0,0.0,0.0,0.0,0.0,0.0,0.0,0.0,0.0,0.0,0.0,0.0,0.0,0.0,0.0,0.0,0.0,-0.0,0.0,0.0,0.0,0.0,0.0,4518.0,0.0,6913.0,0.0,0.0,-107615168.0,-107615304.0,0.0,0.0,0.0,0.0,69,-0.0,-0.0,0.0,0.0,0.0,0.0,0.0,0.0,0.0,0,0,0,0.0,0.0,0.0,0.0,0.0,0.0,0.0,0.0,0.0,0.0,0.0,0.0,0.0,0.0,0.0,0.0,0,-107875648.0,69,0.0,138,0.0,-0.0,0,26215,17085,26215,17099,39322,17079,0,0,0,70,68,100,0.0,82.3,-0.0,77.8,-0.0,78.5,1,49,50,180,13107,52429,0,0,0.0,0.0,0.0,0.0,-0.0,67.0,0.0,162057.094,0.0,971,0,994,0,0,0,947,0,1017,0,918,0,788,0,778,0,821,0,7520,0.032,2.795834648671604e+19,0.0,0.0,784,16797,-0.0,162057.094,-114818.039,-0.0,0.133,6.909358625270745e+28,30.0,70.0,35,0.0,0.0,0.0,0.0,0.0,0.0,0.0,0.0,0.0,0.0,0.0,0.0,0.0,0.0,0.0,0.0,66.4,0,150,71,51,65476,0,300,0,0,8,20529,65476,0,0,44564,70.0,0.0,0.0,0.0,0.0,0.0
2026-09-10T21:46:14,ERR,ERR,ERR,ERR,ERR,ERR,ERR,ERR,ERR,ERR,ERR,ERR,ERR,ERR,ERR,ERR,ERR,ERR,ERR,ERR,ERR,ERR,ERR,ERR,ERR,ERR,ERR,ERR,ERR,ERR,ERR,ERR,ERR,ERR,ERR,ERR,ERR,ERR,ERR,ERR,ERR,ERR,ERR,ERR,ERR,ERR,ERR,ERR,ERR,ERR,ERR,ERR,ERR,ERR,ERR,ERR,ERR,ERR,ERR,ERR,ERR,ERR,ERR,ERR,ERR,ERR,ERR,ERR,ERR,ERR,ERR,ERR,ERR,ERR,ERR,ERR,ERR,ERR,ERR,ERR,ERR,ERR,ERR,ERR,ERR,ERR,ERR,ERR,ERR,ERR,ERR,ERR,ERR,ERR,ERR,ERR,ERR,ERR,ERR,ERR,ERR,ERR,ERR,ERR,ERR,ERR,ERR,ERR,ERR,ERR,ERR,ERR,ERR,ERR,ERR,ERR,ERR,ERR,ERR,ERR,ERR,ERR,ERR,ERR,ERR,0.0,0.0,0.0,0.0,0.0,1.3936040501711995e+18,7.805,0.0,0,0,4,0,7116,0.0,100,0.0,0.0,0.0,0.0,0.0,0,0,0,0,0.0,0,0,0,0,0,0,0,0,0,0,0,0,0,0,0,0,0,0,0,0,0,0,0,0,0,0,0,0,0,0,0,0,0,31,40,40,71,65476,0,300,0,0,8,21553,0.0,-107605600.0,0.0,0.0,0.0,0.0,0.0,0.0,0.0,0.0,0.0,0.0,0.0,0.0,0.0,0.0,0.0,0.0,0.0,0.0,0.0,0.0,0.0,0.0,-0.0,0.0,0.0,0.0,0.0,0.0,4518.0,0.0,6913.0,0.0,0.0,-107615168.0,-107615304.0,0.0,0.0,0.0,0.0,69,-0.0,-0.0,0.0,0.0,0.0,0.0,0.0,0.0,0.0,0,0,0,0.0,0.0,0.0,0.0,0.0,0.0,0.0,0.0,0.0,0.0,0.0,0.0,0.0,0.0,0.0,0.0,0,-107875648.0,69,0.0,138,0.0,-0.0,0,26215,17085,26215,17099,39322,17079,0,0,0,70,68,100,0.0,82.3,-0.0,77.8,-0.0,78.5,1,49,50,180,13107,52429,0,0,0.0,0.0,0.0,0.0,-0.0,67.0,0.0,162057.094,0.0,971,0,994,0,0,0,947,0,1017,0,918,0,788,0,778,0,821,0,7520,0.032,2.795834648671604e+19,0.0,0.0,784,16797,-0.0,162057.094,-114818.039,-0.0,0.133,6.909358625270745e+28,30.0,70.0,35,0.0,0.0,0.0,0.0,0.0,0.0,0.0,0.0,0.0,0.0,0.0,0.0,0.0,0.0,0.0,0.0,66.4,0,150,71,51,65476,0,300,0,0,8,20529,65476,0,0,44564,70.0,0.0,0.0,0.0,0.0,0.0
2026-09-10T21:46:15,ERR,ERR,ERR,ERR,ERR,ERR,ERR,ERR,ERR,ERR,ERR,ERR,ERR,ERR,ERR,ERR,ERR,ERR,ERR,ERR,ERR,ERR,ERR,ERR,ERR,ERR,ERR,ERR,ERR,ERR,ERR,ERR,ERR,ERR,ERR,ERR,ERR,ERR,ERR,ERR,ERR,ERR,ERR,ERR,ERR,ERR,ERR,ERR,ERR,ERR,ERR,ERR,ERR,ERR,ERR,ERR,ERR,ERR,ERR,ERR,ERR,ERR,ERR,ERR,ERR,ERR,ERR,ERR,ERR,ERR,ERR,ERR,ERR,ERR,ERR,ERR,ERR,ERR,ERR,ERR,ERR,ERR,ERR,ERR,ERR,ERR,ERR,ERR,ERR,ERR,ERR,ERR,ERR,ERR,ERR,ERR,ERR,ERR,ERR,ERR,ERR,ERR,ERR,ERR,ERR,ERR,ERR,ERR,ERR,ERR,ERR,ERR,ERR,ERR,ERR,ERR,ERR,ERR,ERR,ERR,ERR,ERR,ERR,ERR,ERR,0.0,0.0,0.0,0.0,0.0,1.3936040501711995e+18,7.805,0.0,0,0,4,0,7116,0.0,100,0.0,0.0,0.0,0.0,0.0,0,0,0,0,0.0,0,0,0,0,0,0,0,0,0,0,0,0,0,0,0,0,0,0,0,0,0,0,0,0,0,0,0,0,0,0,0,0,0,31,40,40,71,65476,0,300,0,0,8,21553,0.0,-107605600.0,0.0,0.0,0.0,0.0,0.0,0.0,0.0,0.0,0.0,0.0,0.0,0.0,0.0,0.0,0.0,0.0,0.0,0.0,0.0,0.0,0.0,0.0,-0.0,0.0,0.0,0.0,0.0,0.0,4518.0,0.0,6913.0,0.0,0.0,-107615168.0,-107615304.0,0.0,0.0,0.0,0.0,69,-0.0,-0.0,0.0,0.0,0.0,0.0,0.0,0.0,0.0,0,0,0,0.0,0.0,0.0,0.0,0.0,0.0,0.0,0.0,0.0,0.0,0.0,0.0,0.0,0.0,0.0,0.0,0,-107875648.0,69,0.0,138,0.0,-0.0,0,26215,17085,26215,17099,39322,17079,0,0,0,70,68,100,0.0,82.3,-0.0,77.8,-0.0,78.5,1,49,50,180,13107,52429,0,0,0.0,0.0,0.0,0.0,-0.0,67.0,0.0,162057.094,0.0,971,0,994,0,0,0,947,0,1017,0,918,0,788,0,778,0,821,0,7520,0.032,2.795834648671604e+19,0.0,0.0,784,16797,-0.0,162057.094,-114818.039,-0.0,0.133,6.909358625270745e+28,30.0,70.0,35,0.0,0.0,0.0,0.0,0.0,0.0,0.0,0.0,0.0,0.0,0.0,0.0,0.0,0.0,0.0,0.0,66.4,0,150,71,51,65476,0,300,0,0,8,20529,65476,0,0,44564,70.0,0.0,0.0,0.0,0.0,0.0
2026-09-10T21:46:16,ERR,ERR,ERR,ERR,ERR,ERR,ERR,ERR,ERR,ERR,ERR,ERR,ERR,ERR,ERR,ERR,ERR,ERR,ERR,ERR,ERR,ERR,ERR,ERR,ERR,ERR,ERR,ERR,ERR,ERR,ERR,ERR,ERR,ERR,ERR,ERR,ERR,ERR,ERR,ERR,ERR,ERR,ERR,ERR,ERR,ERR,ERR,ERR,ERR,ERR,ERR,ERR,ERR,ERR,ERR,ERR,ERR,ERR,ERR,ERR,ERR,ERR,ERR,ERR,ERR,ERR,ERR,ERR,ERR,ERR,ERR,ERR,ERR,ERR,ERR,ERR,ERR,ERR,ERR,ERR,ERR,ERR,ERR,ERR,ERR,ERR,ERR,ERR,ERR,ERR,ERR,ERR,ERR,ERR,ERR,ERR,ERR,ERR,ERR,ERR,ERR,ERR,ERR,ERR,ERR,ERR,ERR,ERR,ERR,ERR,ERR,ERR,ERR,ERR,ERR,ERR,ERR,ERR,ERR,ERR,ERR,ERR,ERR,ERR,ERR,0.0,0.0,0.0,0.0,0.0,1.3936040501711995e+18,7.805,0.0,0,0,4,0,7116,0.0,100,0.0,0.0,0.0,0.0,0.0,0,0,0,0,0.0,0,0,0,0,0,0,0,0,0,0,0,0,0,0,0,0,0,0,0,0,0,0,0,0,0,0,0,0,0,0,0,0,0,31,40,40,71,65476,0,300,0,0,8,21553,0.0,-107605600.0,0.0,0.0,0.0,0.0,0.0,0.0,0.0,0.0,0.0,0.0,0.0,0.0,0.0,0.0,0.0,0.0,0.0,0.0,0.0,0.0,0.0,0.0,-0.0,0.0,0.0,0.0,0.0,0.0,4518.0,0.0,6913.0,0.0,0.0,-107615168.0,-107615304.0,0.0,0.0,0.0,0.0,69,-0.0,-0.0,0.0,0.0,0.0,0.0,0.0,0.0,0.0,0,0,0,0.0,0.0,0.0,0.0,0.0,0.0,0.0,0.0,0.0,0.0,0.0,0.0,0.0,0.0,0.0,0.0,0,-107875648.0,69,0.0,138,0.0,-0.0,0,26215,17085,26215,17099,39322,17079,0,0,0,70,68,100,0.0,82.3,-0.0,77.8,-0.0,78.5,1,49,50,180,0,52429,0,0,0.0,0.0,0.0,0.0,-0.0,67.0,0.0,162057.094,0.0,971,0,994,0,0,0,947,0,1016,0,918,0,788,0,778,0,821,0,7520,0.032,2.8102461674791895e+19,0.0,0.0,784,16797,-0.0,162057.094,-114818.039,-0.0,0.133,6.909358625270745e+28,30.0,70.0,35,0.0,0.0,0.0,0.0,0.0,0.0,0.0,0.0,0.0,0.0,0.0,0.0,0.0,0.0,0.0,0.0,66.4,0,150,71,51,65476,0,300,0,0,8,20529,65476,0,0,44564,70.0,0.0,0.0,0.0,0.0,0.0
2026-09-10T21:46:17,ERR,ERR,ERR,ERR,ERR,ERR,ERR,ERR,ERR,ERR,ERR,ERR,ERR,ERR,ERR,ERR,ERR,ERR,ERR,ERR,ERR,ERR,ERR,ERR,ERR,ERR,ERR,ERR,ERR,ERR,ERR,ERR,ERR,ERR,ERR,ERR,ERR,ERR,ERR,ERR,ERR,ERR,ERR,ERR,ERR,ERR,ERR,ERR,ERR,ERR,ERR,ERR,ERR,ERR,ERR,ERR,ERR,ERR,ERR,ERR,ERR,ERR,ERR,ERR,ERR,ERR,ERR,ERR,ERR,ERR,ERR,ERR,ERR,ERR,ERR,ERR,ERR,ERR,ERR,ERR,ERR,ERR,ERR,ERR,ERR,ERR,ERR,ERR,ERR,ERR,ERR,ERR,ERR,ERR,ERR,ERR,ERR,ERR,ERR,ERR,ERR,ERR,ERR,ERR,ERR,ERR,ERR,ERR,ERR,ERR,ERR,ERR,ERR,ERR,ERR,ERR,ERR,ERR,ERR,ERR,ERR,ERR,ERR,ERR,ERR,0.0,0.0,0.0,0.0,0.0,1.3936040501711995e+18,7.805,0.0,0,0,4,0,7116,0.0,100,0.0,0.0,0.0,0.0,0.0,0,0,0,0,0.0,0,0,0,0,0,0,0,0,0,0,0,0,0,0,0,0,0,0,0,0,0,0,0,0,0,0,0,0,0,0,0,0,0,31,40,40,71,65476,0,300,0,0,8,21553,0.0,-107605600.0,0.0,0.0,0.0,0.0,0.0,0.0,0.0,0.0,0.0,0.0,0.0,0.0,0.0,0.0,0.0,0.0,0.0,0.0,0.0,0.0,0.0,0.0,-0.0,0.0,0.0,0.0,0.0,0.0,4518.0,0.0,6913.0,0.0,0.0,-107615168.0,-107615304.0,0.0,0.0,0.0,0.0,69,-0.0,-0.0,0.0,0.0,0.0,0.0,0.0,0.0,0.0,0,0,0,0.0,0.0,0.0,0.0,0.0,0.0,0.0,0.0,0.0,0.0,0.0,0.0,0.0,0.0,0.0,0.0,0,-107875648.0,69,0.0,138,0.0,-0.0,0,26215,17085,26215,17099,39322,17079,0,0,0,70,68,100,0.0,82.3,-0.0,77.8,-0.0,78.5,1,49,50,180,0,52429,0,0,0.0,0.0,0.0,0.0,-0.0,67.0,0.0,162057.094,0.0,971,0,994,0,0,0,947,0,1016,0,918,0,788,0,778,0,821,0,7520,0.032,2.8102461674791895e+19,0.0,0.0,784,16797,-0.0,162057.094,-114818.039,-0.0,0.133,6.909358625270745e+28,30.0,70.0,35,0.0,0.0,0.0,0.0,0.0,0.0,0.0,0.0,0.0,0.0,0.0,0.0,0.0,0.0,0.0,0.0,66.4,0,150,71,51,65476,0,300,0,0,8,20529,65476,0,0,44564,70.0,0.0,0.0,0.0,0.0,0.0
2026-09-10T21:46:18,ERR,ERR,ERR,ERR,ERR,ERR,ERR,ERR,ERR,ERR,ERR,ERR,ERR,ERR,ERR,ERR,ERR,ERR,ERR,ERR,ERR,ERR,ERR,ERR,ERR,ERR,ERR,ERR,ERR,ERR,ERR,ERR,ERR,ERR,ERR,ERR,ERR,ERR,ERR,ERR,ERR,ERR,ERR,ERR,ERR,ERR,ERR,ERR,ERR,ERR,ERR,ERR,ERR,ERR,ERR,ERR,ERR,ERR,ERR,ERR,ERR,ERR,ERR,ERR,ERR,ERR,ERR,ERR,ERR,ERR,ERR,ERR,ERR,ERR,ERR,ERR,ERR,ERR,ERR,ERR,ERR,ERR,ERR,ERR,ERR,ERR,ERR,ERR,ERR,ERR,ERR,ERR,ERR,ERR,ERR,ERR,ERR,ERR,ERR,ERR,ERR,ERR,ERR,ERR,ERR,ERR,ERR,ERR,ERR,ERR,ERR,ERR,ERR,ERR,ERR,ERR,ERR,ERR,ERR,ERR,ERR,ERR,ERR,ERR,ERR,0.0,0.0,0.0,0.0,0.0,1.3936040501711995e+18,7.805,0.0,0,0,4,0,7116,0.0,100,0.0,0.0,0.0,0.0,0.0,0,0,0,0,0.0,0,0,0,0,0,0,0,0,0,0,0,0,0,0,0,0,0,0,0,0,0,0,0,0,0,0,0,0,0,0,0,0,0,31,40,40,71,65476,0,300,0,0,8,21553,0.0,-107605600.0,0.0,0.0,0.0,0.0,0.0,0.0,0.0,0.0,0.0,0.0,0.0,0.0,0.0,0.0,0.0,0.0,0.0,0.0,0.0,0.0,0.0,0.0,-0.0,0.0,0.0,0.0,0.0,0.0,4518.0,0.0,6913.0,0.0,0.0,-107615168.0,-107615304.0,0.0,0.0,0.0,0.0,69,-0.0,-0.0,0.0,0.0,0.0,0.0,0.0,0.0,0.0,0,0,0,0.0,0.0,0.0,0.0,0.0,0.0,0.0,0.0,0.0,0.0,0.0,0.0,0.0,0.0,0.0,0.0,0,-107875648.0,69,0.0,138,0.0,-0.0,0,26215,17085,26215,17099,39322,17079,0,0,0,70,68,100,0.0,82.3,-0.0,77.8,-0.0,78.5,1,49,50,180,0,52429,0,0,0.0,0.0,0.0,0.0,-0.0,67.0,0.0,162057.094,0.0,971,0,994,0,0,0,947,0,1016,0,918,0,788,0,778,0,821,0,7520,0.032,2.8102461674791895e+19,0.0,0.0,784,16797,-0.0,162057.094,-114818.039,-0.0,0.133,6.909358625270745e+28,30.0,70.0,35,0.0,0.0,0.0,0.0,0.0,0.0,0.0,0.0,0.0,0.0,0.0,0.0,0.0,0.0,0.0,0.0,66.4,0,150,71,51,65476,0,300,0,0,8,20529,65476,0,0,44564,70.0,0.0,0.0,0.0,0.0,0.0
2026-09-10T21:46:19,ERR,ERR,ERR,ERR,ERR,ERR,ERR,ERR,ERR,ERR,ERR,ERR,ERR,ERR,ERR,ERR,ERR,ERR,ERR,ERR,ERR,ERR,ERR,ERR,ERR,ERR,ERR,ERR,ERR,ERR,ERR,ERR,ERR,ERR,ERR,ERR,ERR,ERR,ERR,ERR,ERR,ERR,ERR,ERR,ERR,ERR,ERR,ERR,ERR,ERR,ERR,ERR,ERR,ERR,ERR,ERR,ERR,ERR,ERR,ERR,ERR,ERR,ERR,ERR,ERR,ERR,ERR,ERR,ERR,ERR,ERR,ERR,ERR,ERR,ERR,ERR,ERR,ERR,ERR,ERR,ERR,ERR,ERR,ERR,ERR,ERR,ERR,ERR,ERR,ERR,ERR,ERR,ERR,ERR,ERR,ERR,ERR,ERR,ERR,ERR,ERR,ERR,ERR,ERR,ERR,ERR,ERR,ERR,ERR,ERR,ERR,ERR,ERR,ERR,ERR,ERR,ERR,ERR,ERR,ERR,ERR,ERR,ERR,ERR,ERR,0.0,0.0,0.0,0.0,0.0,1.3936040501711995e+18,7.805,0.0,0,0,4,0,7116,0.0,100,0.0,0.0,0.0,0.0,0.0,0,0,0,0,0.0,0,0,0,0,0,0,0,0,0,0,0,0,0,0,0,0,0,0,0,0,0,0,0,0,0,0,0,0,0,0,0,0,0,31,40,40,71,65476,0,300,0,0,8,21553,0.0,-107605600.0,0.0,0.0,0.0,0.0,0.0,0.0,0.0,0.0,0.0,0.0,0.0,0.0,0.0,0.0,0.0,0.0,0.0,0.0,0.0,0.0,0.0,0.0,-0.0,0.0,0.0,0.0,0.0,0.0,4518.0,0.0,6913.0,0.0,0.0,-107615168.0,-107615304.0,0.0,0.0,0.0,0.0,69,-0.0,-0.0,0.0,0.0,0.0,0.0,0.0,0.0,0.0,0,0,0,0.0,0.0,0.0,0.0,0.0,0.0,0.0,0.0,0.0,0.0,0.0,0.0,0.0,0.0,0.0,0.0,0,-107875648.0,69,0.0,138,0.0,-0.0,0,26215,17085,26215,17099,39322,17079,0,0,0,70,68,100,0.0,82.3,-0.0,77.8,-0.0,78.5,1,49,50,180,0,52429,0,0,0.0,0.0,0.0,0.0,-0.0,67.0,0.0,162057.094,0.0,971,0,994,0,0,0,947,0,1016,0,918,0,788,0,778,0,821,0,7520,0.032,2.8102461674791895e+19,0.0,0.0,784,16797,-0.0,162057.094,-114818.039,-0.0,0.133,6.909358625270745e+28,30.0,70.0,35,0.0,0.0,0.0,0.0,0.0,0.0,0.0,0.0,0.0,0.0,0.0,0.0,0.0,0.0,0.0,0.0,66.4,0,150,71,51,65476,0,300,0,0,8,20529,65476,0,0,44564,70.0,0.0,0.0,0.0,0.0,0.0
2026-09-10T21:46:20,ERR,ERR,ERR,ERR,ERR,ERR,ERR,ERR,ERR,ERR,ERR,ERR,ERR,ERR,ERR,ERR,ERR,ERR,ERR,ERR,ERR,ERR,ERR,ERR,ERR,ERR,ERR,ERR,ERR,ERR,ERR,ERR,ERR,ERR,ERR,ERR,ERR,ERR,ERR,ERR,ERR,ERR,ERR,ERR,ERR,ERR,ERR,ERR,ERR,ERR,ERR,ERR,ERR,ERR,ERR,ERR,ERR,ERR,ERR,ERR,ERR,ERR,ERR,ERR,ERR,ERR,ERR,ERR,ERR,ERR,ERR,ERR,ERR,ERR,ERR,ERR,ERR,ERR,ERR,ERR,ERR,ERR,ERR,ERR,ERR,ERR,ERR,ERR,ERR,ERR,ERR,ERR,ERR,ERR,ERR,ERR,ERR,ERR,ERR,ERR,ERR,ERR,ERR,ERR,ERR,ERR,ERR,ERR,ERR,ERR,ERR,ERR,ERR,ERR,ERR,ERR,ERR,ERR,ERR,ERR,ERR,ERR,ERR,ERR,ERR,0.0,0.0,0.0,0.0,0.0,1.3936040501711995e+18,7.805,0.0,0,0,4,0,7116,0.0,100,0.0,0.0,0.0,0.0,0.0,0,0,0,0,0.0,0,0,0,0,0,0,0,0,0,0,0,0,0,0,0,0,0,0,0,0,0,0,0,0,0,0,0,0,0,0,0,0,0,31,40,40,71,65476,0,300,0,0,8,21553,0.0,-107605600.0,0.0,0.0,0.0,0.0,0.0,0.0,0.0,0.0,0.0,0.0,0.0,0.0,0.0,0.0,0.0,0.0,0.0,0.0,0.0,0.0,0.0,0.0,-0.0,0.0,0.0,0.0,0.0,0.0,4518.0,0.0,6913.0,0.0,0.0,-107615168.0,-107615304.0,0.0,0.0,0.0,0.0,69,-0.0,-0.0,0.0,0.0,0.0,0.0,0.0,0.0,0.0,0,0,0,0.0,0.0,0.0,0.0,0.0,0.0,0.0,0.0,0.0,0.0,0.0,0.0,0.0,0.0,0.0,0.0,0,-107875648.0,69,0.0,138,0.0,-0.0,0,26215,17085,26215,17099,39322,17079,0,0,0,70,68,100,0.0,82.3,-0.0,77.8,-0.0,78.5,1,49,50,180,0,52429,0,0,0.0,0.0,0.0,0.0,-0.0,67.0,0.0,162057.094,0.0,971,0,994,0,0,0,947,0,1016,0,918,0,788,0,778,0,821,0,7520,0.032,2.8102461674791895e+19,0.0,0.0,784,16797,-0.0,162057.094,-114818.039,-0.0,0.133,6.909358625270745e+28,30.0,70.0,35,0.0,0.0,0.0,0.0,0.0,0.0,0.0,0.0,0.0,0.0,0.0,0.0,0.0,0.0,0.0,0.0,66.4,0,150,71,51,65476,0,300,0,0,8,20529,65476,0,0,44564,70.0,0.0,0.0,0.0,0.0,0.0
2026-09-10T21:46:21,ERR,ERR,ERR,ERR,ERR,ERR,ERR,ERR,ERR,ERR,ERR,ERR,ERR,ERR,ERR,ERR,ERR,ERR,ERR,ERR,ERR,ERR,ERR,ERR,ERR,ERR,ERR,ERR,ERR,ERR,ERR,ERR,ERR,ERR,ERR,ERR,ERR,ERR,ERR,ERR,ERR,ERR,ERR,ERR,ERR,ERR,ERR,ERR,ERR,ERR,ERR,ERR,ERR,ERR,ERR,ERR,ERR,ERR,ERR,ERR,ERR,ERR,ERR,ERR,ERR,ERR,ERR,ERR,ERR,ERR,ERR,ERR,ERR,ERR,ERR,ERR,ERR,ERR,ERR,ERR,ERR,ERR,ERR,ERR,ERR,ERR,ERR,ERR,ERR,ERR,ERR,ERR,ERR,ERR,ERR,ERR,ERR,ERR,ERR,ERR,ERR,ERR,ERR,ERR,ERR,ERR,ERR,ERR,ERR,ERR,ERR,ERR,ERR,ERR,ERR,ERR,ERR,ERR,ERR,ERR,ERR,ERR,ERR,ERR,ERR,0.0,0.0,0.0,0.0,0.0,1.3936040501711995e+18,7.805,0.0,0,0,4,0,7116,0.0,100,0.0,0.0,0.0,0.0,0.0,0,0,0,0,0.0,0,0,0,0,0,0,0,0,0,0,0,0,0,0,0,0,0,0,0,0,0,0,0,0,0,0,0,0,0,0,0,0,0,31,40,40,71,65476,0,300,0,0,8,21553,0.0,-107605600.0,0.0,0.0,0.0,0.0,0.0,0.0,0.0,0.0,0.0,0.0,0.0,0.0,0.0,0.0,0.0,0.0,0.0,0.0,0.0,0.0,-2.004,0.0,-0.0,2.004,0.0,0.0,0.0,0.0,4515.0,0.0,6912.0,0.0,0.0,-107615168.0,-0.0,0.0,0.0,0.0,0.0,69,-0.0,5.84804776034314e+35,0.0,0.0,0.0,0.0,0.0,0.0,0.0,0,0,0,0.0,0.0,0.0,0.0,0.0,0.0,0.0,0.0,0.0,0.0,0.0,0.0,0.0,0.0,0.0,0.0,0,-107875648.0,69,0.0,138,0.0,-0.0,0,26215,17085,26215,17099,39322,17079,0,0,0,70,68,100,0.0,82.3,-0.0,77.8,-0.0,78.5,1,49,50,180,0,52429,0,0,0.0,0.0,0.0,0.0,-0.0,67.0,0.0,162057.094,0.0,971,0,994,0,0,0,947,0,1016,0,918,0,788,0,778,0,821,0,7520,0.032,2.8102461674791895e+19,0.0,0.0,784,16797,-0.0,162057.094,-114818.039,-0.0,0.133,6.909358625270745e+28,30.0,70.0,35,0.0,0.0,0.0,0.0,0.0,0.0,0.0,0.0,0.0,0.0,0.0,0.0,0.0,0.0,0.0,0.0,66.4,0,150,71,51,65476,0,300,0,0,8,20529,65476,0,0,44564,70.0,0.0,0.0,0.0,0.0,0.0
2026-09-10T21:46:22,ERR,ERR,ERR,ERR,ERR,ERR,ERR,ERR,ERR,ERR,ERR,ERR,ERR,ERR,ERR,ERR,ERR,ERR,ERR,ERR,ERR,ERR,ERR,ERR,ERR,ERR,ERR,ERR,ERR,ERR,ERR,ERR,ERR,ERR,ERR,ERR,ERR,ERR,ERR,ERR,ERR,ERR,ERR,ERR,ERR,ERR,ERR,ERR,ERR,ERR,ERR,ERR,ERR,ERR,ERR,ERR,ERR,ERR,ERR,ERR,ERR,ERR,ERR,ERR,ERR,ERR,ERR,ERR,ERR,ERR,ERR,ERR,ERR,ERR,ERR,ERR,ERR,ERR,ERR,ERR,ERR,ERR,ERR,ERR,ERR,ERR,ERR,ERR,ERR,ERR,ERR,ERR,ERR,ERR,ERR,ERR,ERR,ERR,ERR,ERR,ERR,ERR,ERR,ERR,ERR,ERR,ERR,ERR,ERR,ERR,ERR,ERR,ERR,ERR,ERR,ERR,ERR,ERR,ERR,ERR,ERR,ERR,ERR,ERR,ERR,0.0,0.0,0.0,0.0,0.0,1.3936040501711995e+18,7.805,0.0,0,0,4,0,7116,0.0,100,0.0,0.0,0.0,0.0,0.0,0,0,0,0,0.0,0,0,0,0,0,0,0,0,0,0,0,0,0,0,0,0,0,0,0,0,0,0,0,0,0,0,0,0,0,0,0,0,0,31,40,40,71,65476,0,300,0,0,8,21553,0.0,-107605600.0,0.0,0.0,0.0,0.0,0.0,0.0,0.0,0.0,0.0,0.0,0.0,0.0,0.0,0.0,0.0,0.0,0.0,0.0,0.0,0.0,-2.004,0.0,-0.0,2.004,0.0,0.0,0.0,0.0,4515.0,0.0,6912.0,0.0,0.0,-107615168.0,-0.0,0.0,0.0,0.0,0.0,69,-0.0,5.84804776034314e+35,0.0,0.0,0.0,0.0,0.0,0.0,0.0,0,0,0,0.0,0.0,0.0,0.0,0.0,0.0,0.0,0.0,0.0,0.0,0.0,0.0,0.0,0.0,0.0,0.0,0,-107875648.0,69,0.0,138,0.0,-0.0,0,26215,17085,26215,17099,39322,17079,0,0,0,70,68,100,0.0,82.3,-0.0,77.8,-0.0,78.5,1,49,50,180,13107,52429,0,0,0.0,0.0,0.0,0.0,-0.0,67.0,0.0,162057.094,0.0,971,0,994,0,0,0,947,0,1016,0,918,0,788,0,778,0,821,0,7520,0.032,2.8102461674791895e+19,0.0,0.0,784,16797,-0.0,162057.094,-114818.039,-0.0,0.133,6.909358625270745e+28,30.0,70.0,35,0.0,0.0,0.0,0.0,0.0,0.0,0.0,0.0,0.0,0.0,0.0,0.0,0.0,0.0,0.0,0.0,66.4,0,150,71,51,65476,0,300,0,0,8,20529,65476,0,0,44564,70.0,0.0,0.0,0.0,0.0,0.0
2026-09-10T21:46:23,ERR,ERR,ERR,ERR,ERR,ERR,ERR,ERR,ERR,ERR,ERR,ERR,ERR,ERR,ERR,ERR,ERR,ERR,ERR,ERR,ERR,ERR,ERR,ERR,ERR,ERR,ERR,ERR,ERR,ERR,ERR,ERR,ERR,ERR,ERR,ERR,ERR,ERR,ERR,ERR,ERR,ERR,ERR,ERR,ERR,ERR,ERR,ERR,ERR,ERR,ERR,ERR,ERR,ERR,ERR,ERR,ERR,ERR,ERR,ERR,ERR,ERR,ERR,ERR,ERR,ERR,ERR,ERR,ERR,ERR,ERR,ERR,ERR,ERR,ERR,ERR,ERR,ERR,ERR,ERR,ERR,ERR,ERR,ERR,ERR,ERR,ERR,ERR,ERR,ERR,ERR,ERR,ERR,ERR,ERR,ERR,ERR,ERR,ERR,ERR,ERR,ERR,ERR,ERR,ERR,ERR,ERR,ERR,ERR,ERR,ERR,ERR,ERR,ERR,ERR,ERR,ERR,ERR,ERR,ERR,ERR,ERR,ERR,ERR,ERR,0.0,0.0,0.0,0.0,0.0,1.3936040501711995e+18,7.805,0.0,0,0,4,0,7116,0.0,100,0.0,0.0,0.0,0.0,0.0,0,0,0,0,0.0,0,0,0,0,0,0,0,0,0,0,0,0,0,0,0,0,0,0,0,0,0,0,0,0,0,0,0,0,0,0,0,0,0,31,40,40,71,65476,0,300,0,0,8,21553,0.0,-107605600.0,0.0,0.0,0.0,0.0,0.0,0.0,0.0,0.0,0.0,0.0,0.0,0.0,0.0,0.0,0.0,0.0,0.0,0.0,0.0,0.0,-2.004,0.0,-0.0,2.004,0.0,0.0,0.0,0.0,4515.0,0.0,6912.0,0.0,0.0,-107615168.0,-0.0,0.0,0.0,0.0,0.0,69,-0.0,5.84804776034314e+35,0.0,0.0,0.0,0.0,0.0,0.0,0.0,0,0,0,0.0,0.0,0.0,0.0,0.0,0.0,0.0,0.0,0.0,0.0,0.0,0.0,0.0,0.0,0.0,0.0,0,-107875648.0,69,0.0,138,0.0,-0.0,0,26215,17085,26215,17099,39322,17079,0,0,0,70,68,100,0.0,82.3,-0.0,77.8,-0.0,78.5,1,49,50,180,13107,52429,0,0,0.0,0.0,0.0,0.0,-0.0,67.0,0.0,162057.094,0.0,971,0,994,0,0,0,947,0,1016,0,918,0,788,0,778,0,821,0,7520,0.032,2.8102461674791895e+19,0.0,0.0,784,16797,-0.0,162057.094,-114818.039,-0.0,0.133,6.909358625270745e+28,30.0,70.0,35,0.0,0.0,0.0,0.0,0.0,0.0,0.0,0.0,0.0,0.0,0.0,0.0,0.0,0.0,0.0,0.0,66.8,0,150,71,51,65476,0,300,0,0,8,20529,65476,0,0,44564,70.0,0.0,0.0,0.0,0.0,0.0
2026-09-10T21:46:24,ERR,ERR,ERR,ERR,ERR,ERR,ERR,ERR,ERR,ERR,ERR,ERR,ERR,ERR,ERR,ERR,ERR,ERR,ERR,ERR,ERR,ERR,ERR,ERR,ERR,ERR,ERR,ERR,ERR,ERR,ERR,ERR,ERR,ERR,ERR,ERR,ERR,ERR,ERR,ERR,ERR,ERR,ERR,ERR,ERR,ERR,ERR,ERR,ERR,ERR,ERR,ERR,ERR,ERR,ERR,ERR,ERR,ERR,ERR,ERR,ERR,ERR,ERR,ERR,ERR,ERR,ERR,ERR,ERR,ERR,ERR,ERR,ERR,ERR,ERR,ERR,ERR,ERR,ERR,ERR,ERR,ERR,ERR,ERR,ERR,ERR,ERR,ERR,ERR,ERR,ERR,ERR,ERR,ERR,ERR,ERR,ERR,ERR,ERR,ERR,ERR,ERR,ERR,ERR,ERR,ERR,ERR,ERR,ERR,ERR,ERR,ERR,ERR,ERR,ERR,ERR,ERR,ERR,ERR,ERR,ERR,ERR,ERR,ERR,ERR,0.0,0.0,0.0,0.0,0.0,1.3936040501711995e+18,7.805,0.0,0,0,4,0,7116,0.0,100,0.0,0.0,0.0,0.0,0.0,0,0,0,0,0.0,0,0,0,0,0,0,0,0,0,0,0,0,0,0,0,0,0,0,0,0,0,0,0,0,0,0,0,0,0,0,0,0,0,31,40,40,71,65476,0,300,0,0,8,21553,0.0,-107605600.0,0.0,0.0,0.0,0.0,0.0,0.0,0.0,0.0,0.0,0.0,0.0,0.0,0.0,0.0,0.0,0.0,0.0,0.0,0.0,0.0,-2.004,0.0,-0.0,2.004,0.0,0.0,0.0,0.0,4515.0,0.0,6912.0,0.0,0.0,-107615168.0,-0.0,0.0,0.0,0.0,0.0,69,-0.0,5.84804776034314e+35,0.0,0.0,0.0,0.0,0.0,0.0,0.0,0,0,0,0.0,0.0,0.0,0.0,0.0,0.0,0.0,0.0,0.0,0.0,0.0,0.0,0.0,0.0,0.0,0.0,0,-107875648.0,69,0.0,138,0.0,-0.0,0,26215,17085,26215,17099,39322,17079,0,0,0,70,68,100,0.0,82.3,-0.0,77.8,-0.0,78.5,1,49,50,180,13107,52429,0,0,0.0,0.0,0.0,0.0,-0.0,67.0,0.0,162057.094,0.0,971,0,994,0,0,0,947,0,1016,0,918,0,788,0,778,0,821,0,7520,0.032,2.8102461674791895e+19,0.0,0.0,784,16797,-0.0,162057.094,-114818.039,-0.0,0.133,6.909358625270745e+28,30.0,70.0,35,0.0,0.0,0.0,0.0,0.0,0.0,0.0,0.0,0.0,0.0,0.0,0.0,0.0,0.0,0.0,0.0,66.8,0,150,71,51,65476,0,300,0,0,8,20529,65476,0,0,44564,70.0,0.0,0.0,0.0,0.0,0.0
2026-09-10T21:46:25,ERR,ERR,ERR,ERR,ERR,ERR,ERR,ERR,ERR,ERR,ERR,ERR,ERR,ERR,ERR,ERR,ERR,ERR,ERR,ERR,ERR,ERR,ERR,ERR,ERR,ERR,ERR,ERR,ERR,ERR,ERR,ERR,ERR,ERR,ERR,ERR,ERR,ERR,ERR,ERR,ERR,ERR,ERR,ERR,ERR,ERR,ERR,ERR,ERR,ERR,ERR,ERR,ERR,ERR,ERR,ERR,ERR,ERR,ERR,ERR,ERR,ERR,ERR,ERR,ERR,ERR,ERR,ERR,ERR,ERR,ERR,ERR,ERR,ERR,ERR,ERR,ERR,ERR,ERR,ERR,ERR,ERR,ERR,ERR,ERR,ERR,ERR,ERR,ERR,ERR,ERR,ERR,ERR,ERR,ERR,ERR,ERR,ERR,ERR,ERR,ERR,ERR,ERR,ERR,ERR,ERR,ERR,ERR,ERR,ERR,ERR,ERR,ERR,ERR,ERR,ERR,ERR,ERR,ERR,ERR,ERR,ERR,ERR,ERR,ERR,0.0,0.0,0.0,0.0,0.0,1.3936040501711995e+18,7.805,0.0,0,0,4,0,7116,0.0,100,0.0,0.0,0.0,0.0,0.0,0,0,0,0,0.0,0,0,0,0,0,0,0,0,0,0,0,0,0,0,0,0,0,0,0,0,0,0,0,0,0,0,0,0,0,0,0,0,0,31,40,40,71,65476,0,300,0,0,8,21553,0.0,-107605600.0,0.0,0.0,0.0,0.0,0.0,0.0,0.0,0.0,0.0,0.0,0.0,0.0,0.0,0.0,0.0,0.0,0.0,0.0,0.0,0.0,-2.004,0.0,-0.0,2.004,0.0,0.0,0.0,0.0,4515.0,0.0,6912.0,0.0,0.0,-107615168.0,-0.0,0.0,0.0,0.0,0.0,69,-0.0,5.84804776034314e+35,0.0,0.0,0.0,0.0,0.0,0.0,0.0,0,0,0,0.0,0.0,0.0,0.0,0.0,0.0,0.0,0.0,0.0,0.0,0.0,0.0,0.0,0.0,0.0,0.0,0,-107875648.0,69,0.0,138,0.0,-0.0,0,26215,17085,26215,17099,39322,17079,0,0,0,70,68,100,0.0,82.3,-0.0,77.8,-0.0,78.5,1,49,50,180,13107,52429,0,0,0.0,0.0,0.0,0.0,-0.0,67.0,0.0,162057.094,0.0,971,0,994,0,0,0,947,0,1016,0,918,0,788,0,778,0,821,0,7520,0.032,2.8102461674791895e+19,0.0,0.0,784,16797,-0.0,162057.094,-114818.039,-0.0,0.133,6.909358625270745e+28,30.0,70.0,35,0.0,0.0,0.0,0.0,0.0,0.0,0.0,0.0,0.0,0.0,0.0,0.0,0.0,0.0,0.0,0.0,66.8,0,150,71,51,65476,0,300,0,0,8,20529,65476,0,0,44564,70.0,0.0,0.0,0.0,0.0,0.0
2026-09-10T21:46:26,ERR,ERR,ERR,ERR,ERR,ERR,ERR,ERR,ERR,ERR,ERR,ERR,ERR,ERR,ERR,ERR,ERR,ERR,ERR,ERR,ERR,ERR,ERR,ERR,ERR,ERR,ERR,ERR,ERR,ERR,ERR,ERR,ERR,ERR,ERR,ERR,ERR,ERR,ERR,ERR,ERR,ERR,ERR,ERR,ERR,ERR,ERR,ERR,ERR,ERR,ERR,ERR,ERR,ERR,ERR,ERR,ERR,ERR,ERR,ERR,ERR,ERR,ERR,ERR,ERR,ERR,ERR,ERR,ERR,ERR,ERR,ERR,ERR,ERR,ERR,ERR,ERR,ERR,ERR,ERR,ERR,ERR,ERR,ERR,ERR,ERR,ERR,ERR,ERR,ERR,ERR,ERR,ERR,ERR,ERR,ERR,ERR,ERR,ERR,ERR,ERR,ERR,ERR,ERR,ERR,ERR,ERR,ERR,ERR,ERR,ERR,ERR,ERR,ERR,ERR,ERR,ERR,ERR,ERR,ERR,ERR,ERR,ERR,ERR,ERR,0.0,0.0,0.0,0.0,0.0,1.3936040501711995e+18,7.805,0.0,0,0,4,0,7116,0.0,100,0.0,0.0,0.0,0.0,0.0,0,0,0,0,0.0,0,0,0,0,0,0,0,0,0,0,0,0,0,0,0,0,0,0,0,0,0,0,0,0,0,0,0,0,0,0,0,0,0,31,40,40,71,65476,0,300,0,0,8,21553,0.0,-107605600.0,0.0,0.0,0.0,0.0,0.0,0.0,0.0,0.0,0.0,0.0,0.0,0.0,0.0,0.0,0.0,0.0,0.0,0.0,0.0,0.0,-2.004,0.0,-0.0,2.004,0.0,0.0,0.0,0.0,4515.0,0.0,6912.0,0.0,0.0,-107615168.0,-0.0,0.0,0.0,0.0,0.0,69,-0.0,5.84804776034314e+35,0.0,0.0,0.0,0.0,0.0,0.0,0.0,0,0,0,0.0,0.0,0.0,0.0,0.0,0.0,0.0,0.0,0.0,0.0,0.0,0.0,0.0,0.0,0.0,0.0,0,-107875648.0,69,0.0,138,0.0,-0.0,0,26215,17085,26215,17099,39322,17079,0,0,0,70,68,100,0.0,82.3,-0.0,77.8,-0.0,78.5,1,49,50,180,13107,52429,0,0,0.0,0.0,0.0,0.0,-0.0,67.0,0.0,162057.094,0.0,971,0,994,0,0,0,947,0,1016,0,918,0,788,0,778,0,821,0,7520,0.032,2.8102461674791895e+19,0.0,0.0,784,16797,-0.0,162057.094,-114818.039,-0.0,0.133,6.909358625270745e+28,30.0,70.0,35,0.0,0.0,0.0,0.0,0.0,0.0,0.0,0.0,0.0,0.0,0.0,0.0,0.0,0.0,0.0,0.0,66.4,0,150,71,51,65476,0,300,0,0,8,20529,65476,0,0,44564,70.0,0.0,0.0,0.0,0.0,0.0
2026-09-10T21:46:27,ERR,ERR,ERR,ERR,ERR,ERR,ERR,ERR,ERR,ERR,ERR,ERR,ERR,ERR,ERR,ERR,ERR,ERR,ERR,ERR,ERR,ERR,ERR,ERR,ERR,ERR,ERR,ERR,ERR,ERR,ERR,ERR,ERR,ERR,ERR,ERR,ERR,ERR,ERR,ERR,ERR,ERR,ERR,ERR,ERR,ERR,ERR,ERR,ERR,ERR,ERR,ERR,ERR,ERR,ERR,ERR,ERR,ERR,ERR,ERR,ERR,ERR,ERR,ERR,ERR,ERR,ERR,ERR,ERR,ERR,ERR,ERR,ERR,ERR,ERR,ERR,ERR,ERR,ERR,ERR,ERR,ERR,ERR,ERR,ERR,ERR,ERR,ERR,ERR,ERR,ERR,ERR,ERR,ERR,ERR,ERR,ERR,ERR,ERR,ERR,ERR,ERR,ERR,ERR,ERR,ERR,ERR,ERR,ERR,ERR,ERR,ERR,ERR,ERR,ERR,ERR,ERR,ERR,ERR,ERR,ERR,ERR,ERR,ERR,ERR,0.0,0.0,0.0,0.0,0.0,1.3936040501711995e+18,7.805,0.0,0,0,4,0,7116,0.0,100,0.0,0.0,0.0,0.0,0.0,0,0,0,0,0.0,0,0,0,0,0,0,0,0,0,0,0,0,0,0,0,0,0,0,0,0,0,0,0,0,0,0,0,0,0,0,0,0,0,31,40,40,71,65476,0,300,0,0,8,21553,0.0,-107605600.0,0.0,0.0,0.0,0.0,0.0,0.0,0.0,0.0,0.0,0.0,0.0,0.0,0.0,0.0,0.0,0.0,0.0,0.0,0.0,0.0,-2.004,0.0,-0.0,2.004,0.0,0.0,0.0,0.0,4515.0,0.0,6912.0,0.0,0.0,-107615168.0,-0.0,0.0,0.0,0.0,0.0,69,-0.0,5.84804776034314e+35,0.0,0.0,0.0,0.0,0.0,0.0,0.0,0,0,0,0.0,0.0,0.0,0.0,0.0,0.0,0.0,0.0,0.0,0.0,0.0,0.0,0.0,0.0,0.0,0.0,0,-107875648.0,69,0.0,138,0.0,-0.0,0,26215,17085,26215,17099,39322,17079,0,0,0,70,68,100,0.0,82.3,-0.0,77.8,-0.0,78.5,1,49,50,180,13107,52429,0,0,0.0,0.0,0.0,0.0,-0.0,67.0,0.0,162057.094,0.0,971,0,994,0,0,0,947,0,1016,0,918,0,788,0,778,0,821,0,7520,0.032,2.8102461674791895e+19,0.0,0.0,784,16797,-0.0,162057.094,-114818.039,-0.0,0.133,6.909358625270745e+28,30.0,70.0,35,0.0,0.0,0.0,0.0,0.0,0.0,0.0,0.0,0.0,0.0,0.0,0.0,0.0,0.0,0.0,0.0,66.4,0,150,71,51,65476,0,300,0,0,8,20529,65476,0,0,44564,70.0,0.0,0.0,0.0,0.0,0.0
2026-09-10T21:46:28,ERR,ERR,ERR,ERR,ERR,ERR,ERR,ERR,ERR,ERR,ERR,ERR,ERR,ERR,ERR,ERR,ERR,ERR,ERR,ERR,ERR,ERR,ERR,ERR,ERR,ERR,ERR,ERR,ERR,ERR,ERR,ERR,ERR,ERR,ERR,ERR,ERR,ERR,ERR,ERR,ERR,ERR,ERR,ERR,ERR,ERR,ERR,ERR,ERR,ERR,ERR,ERR,ERR,ERR,ERR,ERR,ERR,ERR,ERR,ERR,ERR,ERR,ERR,ERR,ERR,ERR,ERR,ERR,ERR,ERR,ERR,ERR,ERR,ERR,ERR,ERR,ERR,ERR,ERR,ERR,ERR,ERR,ERR,ERR,ERR,ERR,ERR,ERR,ERR,ERR,ERR,ERR,ERR,ERR,ERR,ERR,ERR,ERR,ERR,ERR,ERR,ERR,ERR,ERR,ERR,ERR,ERR,ERR,ERR,ERR,ERR,ERR,ERR,ERR,ERR,ERR,ERR,ERR,ERR,ERR,ERR,ERR,ERR,ERR,ERR,0.0,0.0,0.0,0.0,0.0,1.3936040501711995e+18,7.805,0.0,0,0,4,0,7116,0.0,100,0.0,0.0,0.0,0.0,0.0,0,0,0,0,0.0,0,0,0,0,0,0,0,0,0,0,0,0,0,0,0,0,0,0,0,0,0,0,0,0,0,0,0,0,0,0,0,0,0,31,40,40,71,65476,0,300,0,0,8,21553,0.0,-107605600.0,0.0,0.0,0.0,0.0,0.0,0.0,0.0,0.0,0.0,0.0,0.0,0.0,0.0,0.0,0.0,0.0,0.0,0.0,0.0,0.0,-2.004,0.0,-0.0,2.004,0.0,0.0,0.0,0.0,4515.0,0.0,6912.0,0.0,0.0,-107615168.0,-0.0,0.0,0.0,0.0,0.0,69,-0.0,5.84804776034314e+35,0.0,0.0,0.0,0.0,0.0,0.0,0.0,0,0,0,0.0,0.0,0.0,0.0,0.0,0.0,0.0,0.0,0.0,0.0,0.0,0.0,0.0,0.0,0.0,0.0,0,-107875648.0,69,0.0,138,0.0,-0.0,0,26215,17085,13107,17099,39322,17079,0,0,0,70,68,100,0.0,82.3,-0.0,77.8,-0.0,78.5,1,49,50,180,13107,52429,0,0,0.0,0.0,0.0,0.0,-0.0,67.0,0.0,162057.094,0.0,971,0,994,0,0,0,947,0,1017,0,918,0,788,0,778,0,821,0,7520,0.032,2.795834648671604e+19,0.0,0.0,784,16797,-0.0,162057.094,-114818.039,-0.0,0.133,6.909358625270745e+28,30.0,70.0,35,0.0,0.0,0.0,0.0,0.0,0.0,0.0,0.0,0.0,0.0,0.0,0.0,0.0,0.0,0.0,0.0,66.4,0,150,71,51,65476,0,300,0,0,8,20529,65476,0,0,44564,70.0,0.0,0.0,0.0,0.0,0.0
2026-09-10T21:46:29,ERR,ERR,ERR,ERR,ERR,ERR,ERR,ERR,ERR,ERR,ERR,ERR,ERR,ERR,ERR,ERR,ERR,ERR,ERR,ERR,ERR,ERR,ERR,ERR,ERR,ERR,ERR,ERR,ERR,ERR,ERR,ERR,ERR,ERR,ERR,ERR,ERR,ERR,ERR,ERR,ERR,ERR,ERR,ERR,ERR,ERR,ERR,ERR,ERR,ERR,ERR,ERR,ERR,ERR,ERR,ERR,ERR,ERR,ERR,ERR,ERR,ERR,ERR,ERR,ERR,ERR,ERR,ERR,ERR,ERR,ERR,ERR,ERR,ERR,ERR,ERR,ERR,ERR,ERR,ERR,ERR,ERR,ERR,ERR,ERR,ERR,ERR,ERR,ERR,ERR,ERR,ERR,ERR,ERR,ERR,ERR,ERR,ERR,ERR,ERR,ERR,ERR,ERR,ERR,ERR,ERR,ERR,ERR,ERR,ERR,ERR,ERR,ERR,ERR,ERR,ERR,ERR,ERR,ERR,ERR,ERR,ERR,ERR,ERR,ERR,0.0,0.0,0.0,0.0,0.0,1.3936040501711995e+18,7.805,0.0,0,0,4,0,7116,0.0,100,0.0,0.0,0.0,0.0,0.0,0,0,0,0,0.0,0,0,0,0,0,0,0,0,0,0,0,0,0,0,0,0,0,0,0,0,0,0,0,0,0,0,0,0,0,0,0,0,0,31,40,40,71,65476,0,300,0,0,8,21553,0.0,-107605600.0,0.0,0.0,0.0,0.0,0.0,0.0,0.0,0.0,0.0,0.0,0.0,0.0,0.0,0.0,0.0,0.0,0.0,0.0,0.0,0.0,-2.004,0.0,-0.0,2.004,0.0,0.0,0.0,0.0,4515.0,0.0,6912.0,0.0,0.0,-107615168.0,-0.0,0.0,0.0,0.0,0.0,69,-0.0,5.84804776034314e+35,0.0,0.0,0.0,0.0,0.0,0.0,0.0,0,0,0,0.0,0.0,0.0,0.0,0.0,0.0,0.0,0.0,0.0,0.0,0.0,0.0,0.0,0.0,0.0,0.0,0,-107875648.0,69,0.0,138,0.0,-0.0,0,26215,17085,13107,17099,39322,17079,0,0,0,70,68,100,0.0,82.3,-0.0,77.8,-0.0,78.5,1,49,50,180,13107,52429,0,0,0.0,0.0,0.0,0.0,-0.0,67.0,0.0,162057.094,0.0,971,0,994,0,0,0,947,0,1017,0,918,0,788,0,778,0,821,0,7520,0.032,2.795834648671604e+19,0.0,0.0,784,16797,-0.0,162057.094,-114818.039,-0.0,0.133,6.909358625270745e+28,30.0,70.0,35,0.0,0.0,0.0,0.0,0.0,0.0,0.0,0.0,0.0,0.0,0.0,0.0,0.0,0.0,0.0,0.0,66.4,0,150,71,51,65476,0,300,0,0,8,20529,65476,0,0,44564,70.0,0.0,0.0,0.0,0.0,0.0
2026-09-10T21:46:30,ERR,ERR,ERR,ERR,ERR,ERR,ERR,ERR,ERR,ERR,ERR,ERR,ERR,ERR,ERR,ERR,ERR,ERR,ERR,ERR,ERR,ERR,ERR,ERR,ERR,ERR,ERR,ERR,ERR,ERR,ERR,ERR,ERR,ERR,ERR,ERR,ERR,ERR,ERR,ERR,ERR,ERR,ERR,ERR,ERR,ERR,ERR,ERR,ERR,ERR,ERR,ERR,ERR,ERR,ERR,ERR,ERR,ERR,ERR,ERR,ERR,ERR,ERR,ERR,ERR,ERR,ERR,ERR,ERR,ERR,ERR,ERR,ERR,ERR,ERR,ERR,ERR,ERR,ERR,ERR,ERR,ERR,ERR,ERR,ERR,ERR,ERR,ERR,ERR,ERR,ERR,ERR,ERR,ERR,ERR,ERR,ERR,ERR,ERR,ERR,ERR,ERR,ERR,ERR,ERR,ERR,ERR,ERR,ERR,ERR,ERR,ERR,ERR,ERR,ERR,ERR,ERR,ERR,ERR,ERR,ERR,ERR,ERR,ERR,ERR,0.0,0.0,0.0,0.0,0.0,1.3936040501711995e+18,7.805,0.0,0,0,4,0,7116,0.0,100,0.0,0.0,0.0,0.0,0.0,0,0,0,0,0.0,0,0,0,0,0,0,0,0,0,0,0,0,0,0,0,0,0,0,0,0,0,0,0,0,0,0,0,0,0,0,0,0,0,31,40,40,71,65476,0,300,0,0,8,21553,0.0,-107605600.0,0.0,0.0,0.0,0.0,0.0,0.0,0.0,0.0,0.0,0.0,0.0,0.0,0.0,0.0,0.0,0.0,0.0,0.0,0.0,0.0,-2.004,0.0,-2.004,0.0,0.0,0.0,0.0,0.0,4521.0,0.0,6913.0,0.0,0.0,-107615168.0,-0.0,0.0,0.0,0.0,0.0,69,-71.63,-0.0,0.0,0.0,0.0,0.0,0.0,0.0,0.0,0,0,0,0.0,0.0,0.0,0.0,0.0,0.0,0.0,0.0,0.0,0.0,0.0,0.0,0.0,0.0,0.0,0.0,0,-107875648.0,69,0.0,138,0.0,-0.0,0,26215,17085,13107,17099,39322,17079,0,0,0,70,68,100,0.0,82.3,-0.0,77.8,-0.0,78.5,1,49,50,180,13107,52429,0,0,0.0,0.0,0.0,0.0,-0.0,67.0,0.0,162057.094,0.0,971,0,994,0,0,0,947,0,1017,0,918,0,788,0,778,0,821,0,7520,0.032,2.795834648671604e+19,0.0,0.0,784,16797,-0.0,162057.094,-114818.039,-0.0,0.133,6.909358625270745e+28,30.0,70.0,35,0.0,0.0,0.0,0.0,0.0,0.0,0.0,0.0,0.0,0.0,0.0,0.0,0.0,0.0,0.0,0.0,66.4,0,150,71,51,65476,0,300,0,0,8,20529,65476,0,0,44564,70.0,0.0,0.0,0.0,0.0,0.0
2026-09-10T21:46:31,ERR,ERR,ERR,ERR,ERR,ERR,ERR,ERR,ERR,ERR,ERR,ERR,ERR,ERR,ERR,ERR,ERR,ERR,ERR,ERR,ERR,ERR,ERR,ERR,ERR,ERR,ERR,ERR,ERR,ERR,ERR,ERR,ERR,ERR,ERR,ERR,ERR,ERR,ERR,ERR,ERR,ERR,ERR,ERR,ERR,ERR,ERR,ERR,ERR,ERR,ERR,ERR,ERR,ERR,ERR,ERR,ERR,ERR,ERR,ERR,ERR,ERR,ERR,ERR,ERR,ERR,ERR,ERR,ERR,ERR,ERR,ERR,ERR,ERR,ERR,ERR,ERR,ERR,ERR,ERR,ERR,ERR,ERR,ERR,ERR,ERR,ERR,ERR,ERR,ERR,ERR,ERR,ERR,ERR,ERR,ERR,ERR,ERR,ERR,ERR,ERR,ERR,ERR,ERR,ERR,ERR,ERR,ERR,ERR,ERR,ERR,ERR,ERR,ERR,ERR,ERR,ERR,ERR,ERR,ERR,ERR,ERR,ERR,ERR,ERR,0.0,0.0,0.0,0.0,0.0,1.3936040501711995e+18,7.805,0.0,0,0,4,0,7116,0.0,100,0.0,0.0,0.0,0.0,0.0,0,0,0,0,0.0,0,0,0,0,0,0,0,0,0,0,0,0,0,0,0,0,0,0,0,0,0,0,0,0,0,0,0,0,0,0,0,0,0,31,40,40,71,65476,0,300,0,0,8,21553,0.0,-107605600.0,0.0,0.0,0.0,0.0,0.0,0.0,0.0,0.0,0.0,0.0,0.0,0.0,0.0,0.0,0.0,0.0,0.0,0.0,0.0,0.0,-2.004,0.0,-2.004,0.0,0.0,0.0,0.0,0.0,4521.0,0.0,6913.0,0.0,0.0,-107615168.0,-0.0,0.0,0.0,0.0,0.0,69,-71.63,-0.0,0.0,0.0,0.0,0.0,0.0,0.0,0.0,0,0,0,0.0,0.0,0.0,0.0,0.0,0.0,0.0,0.0,0.0,0.0,0.0,0.0,0.0,0.0,0.0,0.0,0,-107875648.0,69,0.0,138,0.0,-0.0,0,26215,17085,13107,17099,39322,17079,0,0,0,70,68,100,0.0,82.3,-0.0,77.8,-0.0,78.5,1,49,50,180,13107,52429,0,0,0.0,0.0,0.0,0.0,-0.0,67.0,0.0,162057.094,0.0,971,0,994,0,0,0,947,0,1017,0,918,0,788,0,778,0,821,0,7520,0.032,2.795834648671604e+19,0.0,0.0,784,16797,-0.0,162057.094,-114818.039,-0.0,0.133,6.909358625270745e+28,30.0,70.0,35,0.0,0.0,0.0,0.0,0.0,0.0,0.0,0.0,0.0,0.0,0.0,0.0,0.0,0.0,0.0,0.0,66.4,0,150,71,51,65476,0,300,0,0,8,20529,65476,0,0,44564,70.0,0.0,0.0,0.0,0.0,0.0
2026-09-10T21:46:32,ERR,ERR,ERR,ERR,ERR,ERR,ERR,ERR,ERR,ERR,ERR,ERR,ERR,ERR,ERR,ERR,ERR,ERR,ERR,ERR,ERR,ERR,ERR,ERR,ERR,ERR,ERR,ERR,ERR,ERR,ERR,ERR,ERR,ERR,ERR,ERR,ERR,ERR,ERR,ERR,ERR,ERR,ERR,ERR,ERR,ERR,ERR,ERR,ERR,ERR,ERR,ERR,ERR,ERR,ERR,ERR,ERR,ERR,ERR,ERR,ERR,ERR,ERR,ERR,ERR,ERR,ERR,ERR,ERR,ERR,ERR,ERR,ERR,ERR,ERR,ERR,ERR,ERR,ERR,ERR,ERR,ERR,ERR,ERR,ERR,ERR,ERR,ERR,ERR,ERR,ERR,ERR,ERR,ERR,ERR,ERR,ERR,ERR,ERR,ERR,ERR,ERR,ERR,ERR,ERR,ERR,ERR,ERR,ERR,ERR,ERR,ERR,ERR,ERR,ERR,ERR,ERR,ERR,ERR,ERR,ERR,ERR,ERR,ERR,ERR,0.0,0.0,0.0,0.0,0.0,1.3936040501711995e+18,7.805,0.0,0,0,4,0,7116,0.0,100,0.0,0.0,0.0,0.0,0.0,0,0,0,0,0.0,0,0,0,0,0,0,0,0,0,0,0,0,0,0,0,0,0,0,0,0,0,0,0,0,0,0,0,0,0,0,0,0,0,31,40,40,71,65476,0,300,0,0,8,21553,0.0,-107605600.0,0.0,0.0,0.0,0.0,0.0,0.0,0.0,0.0,0.0,0.0,0.0,0.0,0.0,0.0,0.0,0.0,0.0,0.0,0.0,0.0,-2.004,0.0,-2.004,0.0,0.0,0.0,0.0,0.0,4521.0,0.0,6913.0,0.0,0.0,-107615168.0,-0.0,0.0,0.0,0.0,0.0,69,-71.63,-0.0,0.0,0.0,0.0,0.0,0.0,0.0,0.0,0,0,0,0.0,0.0,0.0,0.0,0.0,0.0,0.0,0.0,0.0,0.0,0.0,0.0,0.0,0.0,0.0,0.0,0,-107875648.0,69,0.0,138,0.0,-0.0,0,26215,17085,13107,17099,39322,17079,0,0,0,70,68,100,0.0,82.3,-0.0,77.8,-0.0,78.5,1,49,50,180,13107,52429,0,0,0.0,0.0,0.0,0.0,-0.0,67.0,0.0,162057.094,0.0,971,0,994,0,0,0,947,0,1017,0,918,0,788,0,778,0,821,0,7520,0.032,2.795834648671604e+19,0.0,0.0,784,16797,-0.0,162057.094,-114818.039,-0.0,0.133,6.909358625270745e+28,30.0,70.0,35,0.0,0.0,0.0,0.0,0.0,0.0,0.0,0.0,0.0,0.0,0.0,0.0,0.0,0.0,0.0,0.0,66.8,0,150,71,51,65476,0,300,0,0,8,20529,65476,0,0,44564,70.0,0.0,0.0,0.0,0.0,0.0
2026-09-10T21:46:33,ERR,ERR,ERR,ERR,ERR,ERR,ERR,ERR,ERR,ERR,ERR,ERR,ERR,ERR,ERR,ERR,ERR,ERR,ERR,ERR,ERR,ERR,ERR,ERR,ERR,ERR,ERR,ERR,ERR,ERR,ERR,ERR,ERR,ERR,ERR,ERR,ERR,ERR,ERR,ERR,ERR,ERR,ERR,ERR,ERR,ERR,ERR,ERR,ERR,ERR,ERR,ERR,ERR,ERR,ERR,ERR,ERR,ERR,ERR,ERR,ERR,ERR,ERR,ERR,ERR,ERR,ERR,ERR,ERR,ERR,ERR,ERR,ERR,ERR,ERR,ERR,ERR,ERR,ERR,ERR,ERR,ERR,ERR,ERR,ERR,ERR,ERR,ERR,ERR,ERR,ERR,ERR,ERR,ERR,ERR,ERR,ERR,ERR,ERR,ERR,ERR,ERR,ERR,ERR,ERR,ERR,ERR,ERR,ERR,ERR,ERR,ERR,ERR,ERR,ERR,ERR,ERR,ERR,ERR,ERR,ERR,ERR,ERR,ERR,ERR,0.0,0.0,0.0,0.0,0.0,1.3936040501711995e+18,7.805,0.0,0,0,4,0,7116,0.0,100,0.0,0.0,0.0,0.0,0.0,0,0,0,0,0.0,0,0,0,0,0,0,0,0,0,0,0,0,0,0,0,0,0,0,0,0,0,0,0,0,0,0,0,0,0,0,0,0,0,31,40,40,71,65476,0,300,0,0,8,21553,0.0,-107605600.0,0.0,0.0,0.0,0.0,0.0,0.0,0.0,0.0,0.0,0.0,0.0,0.0,0.0,0.0,0.0,0.0,0.0,0.0,0.0,0.0,-2.004,0.0,-2.004,0.0,0.0,0.0,0.0,0.0,4521.0,0.0,6913.0,0.0,0.0,-107615168.0,-0.0,0.0,0.0,0.0,0.0,69,-71.63,-0.0,0.0,0.0,0.0,0.0,0.0,0.0,0.0,0,0,0,0.0,0.0,0.0,0.0,0.0,0.0,0.0,0.0,0.0,0.0,0.0,0.0,0.0,0.0,0.0,0.0,0,-107875648.0,69,0.0,138,0.0,-0.0,0,26215,17085,13107,17099,39322,17079,0,0,0,70,68,100,0.0,82.3,-0.0,77.8,-0.0,78.5,1,49,50,180,13107,52429,0,0,0.0,0.0,0.0,0.0,-0.0,67.0,0.0,162057.094,0.0,971,0,994,0,0,0,947,0,1017,0,918,0,788,0,778,0,821,0,7520,0.032,2.795834648671604e+19,0.0,0.0,784,16797,-0.0,162057.094,-114818.039,-0.0,0.133,6.909358625270745e+28,30.0,70.0,35,0.0,0.0,0.0,0.0,0.0,0.0,0.0,0.0,0.0,0.0,0.0,0.0,0.0,0.0,0.0,0.0,66.8,0,150,71,51,65476,0,300,0,0,8,20529,65476,0,0,44564,70.0,0.0,0.0,0.0,0.0,0.0
2026-09-10T21:46:34,ERR,ERR,ERR,ERR,ERR,ERR,ERR,ERR,ERR,ERR,ERR,ERR,ERR,ERR,ERR,ERR,ERR,ERR,ERR,ERR,ERR,ERR,ERR,ERR,ERR,ERR,ERR,ERR,ERR,ERR,ERR,ERR,ERR,ERR,ERR,ERR,ERR,ERR,ERR,ERR,ERR,ERR,ERR,ERR,ERR,ERR,ERR,ERR,ERR,ERR,ERR,ERR,ERR,ERR,ERR,ERR,ERR,ERR,ERR,ERR,ERR,ERR,ERR,ERR,ERR,ERR,ERR,ERR,ERR,ERR,ERR,ERR,ERR,ERR,ERR,ERR,ERR,ERR,ERR,ERR,ERR,ERR,ERR,ERR,ERR,ERR,ERR,ERR,ERR,ERR,ERR,ERR,ERR,ERR,ERR,ERR,ERR,ERR,ERR,ERR,ERR,ERR,ERR,ERR,ERR,ERR,ERR,ERR,ERR,ERR,ERR,ERR,ERR,ERR,ERR,ERR,ERR,ERR,ERR,ERR,ERR,ERR,ERR,ERR,ERR,0.0,0.0,0.0,0.0,0.0,1.3936040501711995e+18,7.805,0.0,0,0,4,0,7116,0.0,100,0.0,0.0,0.0,0.0,0.0,0,0,0,0,0.0,0,0,0,0,0,0,0,0,0,0,0,0,0,0,0,0,0,0,0,0,0,0,0,0,0,0,0,0,0,0,0,0,0,31,40,40,71,65476,0,300,0,0,8,21553,0.0,-107605600.0,0.0,0.0,0.0,0.0,0.0,0.0,0.0,0.0,0.0,0.0,0.0,0.0,0.0,0.0,0.0,0.0,0.0,0.0,0.0,0.0,-2.004,0.0,-2.004,0.0,0.0,0.0,0.0,0.0,4521.0,0.0,6913.0,0.0,0.0,-107615168.0,-0.0,0.0,0.0,0.0,0.0,69,-71.63,-0.0,0.0,0.0,0.0,0.0,0.0,0.0,0.0,0,0,0,0.0,0.0,0.0,0.0,0.0,0.0,0.0,0.0,0.0,0.0,0.0,0.0,0.0,0.0,0.0,0.0,0,-107875648.0,69,0.0,138,0.0,-0.0,0,26215,17085,13107,17099,39322,17079,0,0,0,70,68,100,0.0,82.3,-0.0,77.8,-0.0,78.5,1,49,50,180,13107,52429,0,0,0.0,0.0,0.0,0.0,-0.0,67.0,0.0,162057.094,0.0,971,0,994,0,0,0,947,0,1016,0,918,0,788,0,778,0,822,0,7520,0.032,2.795834648671604e+19,0.0,0.0,784,16797,-0.0,162057.094,-114818.039,-0.0,0.133,6.909358625270745e+28,30.0,70.0,35,0.0,0.0,0.0,0.0,0.0,0.0,0.0,0.0,0.0,0.0,0.0,0.0,0.0,0.0,0.0,0.0,66.8,0,150,71,51,65476,0,300,0,0,8,20529,65476,0,0,44564,70.0,0.0,0.0,0.0,0.0,0.0
2026-09-10T21:46:35,ERR,ERR,ERR,ERR,ERR,ERR,ERR,ERR,ERR,ERR,ERR,ERR,ERR,ERR,ERR,ERR,ERR,ERR,ERR,ERR,ERR,ERR,ERR,ERR,ERR,ERR,ERR,ERR,ERR,ERR,ERR,ERR,ERR,ERR,ERR,ERR,ERR,ERR,ERR,ERR,ERR,ERR,ERR,ERR,ERR,ERR,ERR,ERR,ERR,ERR,ERR,ERR,ERR,ERR,ERR,ERR,ERR,ERR,ERR,ERR,ERR,ERR,ERR,ERR,ERR,ERR,ERR,ERR,ERR,ERR,ERR,ERR,ERR,ERR,ERR,ERR,ERR,ERR,ERR,ERR,ERR,ERR,ERR,ERR,ERR,ERR,ERR,ERR,ERR,ERR,ERR,ERR,ERR,ERR,ERR,ERR,ERR,ERR,ERR,ERR,ERR,ERR,ERR,ERR,ERR,ERR,ERR,ERR,ERR,ERR,ERR,ERR,ERR,ERR,ERR,ERR,ERR,ERR,ERR,ERR,ERR,ERR,ERR,ERR,ERR,0.0,0.0,0.0,0.0,0.0,1.3936040501711995e+18,7.805,0.0,0,0,4,0,7116,0.0,100,0.0,0.0,0.0,0.0,0.0,0,0,0,0,0.0,0,0,0,0,0,0,0,0,0,0,0,0,0,0,0,0,0,0,0,0,0,0,0,0,0,0,0,0,0,0,0,0,0,31,40,40,71,65476,0,300,0,0,8,21553,0.0,-107605600.0,0.0,0.0,0.0,0.0,0.0,0.0,0.0,0.0,0.0,0.0,0.0,0.0,0.0,0.0,0.0,0.0,0.0,0.0,0.0,0.0,-2.004,0.0,-2.004,0.0,0.0,0.0,0.0,0.0,4521.0,0.0,6913.0,0.0,0.0,-107615168.0,-0.0,0.0,0.0,0.0,0.0,69,-71.63,-0.0,0.0,0.0,0.0,0.0,0.0,0.0,0.0,0,0,0,0.0,0.0,0.0,0.0,0.0,0.0,0.0,0.0,0.0,0.0,0.0,0.0,0.0,0.0,0.0,0.0,0,-107875648.0,69,0.0,138,0.0,-0.0,0,26215,17085,13107,17099,39322,17079,0,0,0,70,68,100,0.0,82.3,-0.0,77.8,-0.0,78.5,1,49,50,180,13107,52429,0,0,0.0,0.0,0.0,0.0,-0.0,67.0,0.0,162057.094,0.0,971,0,994,0,0,0,947,0,1016,0,918,0,788,0,778,0,822,0,7520,0.032,2.795834648671604e+19,0.0,0.0,784,16797,-0.0,162057.094,-114818.039,-0.0,0.133,6.909358625270745e+28,30.0,70.0,35,0.0,0.0,0.0,0.0,0.0,0.0,0.0,0.0,0.0,0.0,0.0,0.0,0.0,0.0,0.0,0.0,66.8,0,150,71,51,65476,0,300,0,0,8,20529,65476,0,0,44564,70.0,0.0,0.0,0.0,0.0,0.0
2026-09-10T21:46:36,ERR,ERR,ERR,ERR,ERR,ERR,ERR,ERR,ERR,ERR,ERR,ERR,ERR,ERR,ERR,ERR,ERR,ERR,ERR,ERR,ERR,ERR,ERR,ERR,ERR,ERR,ERR,ERR,ERR,ERR,ERR,ERR,ERR,ERR,ERR,ERR,ERR,ERR,ERR,ERR,ERR,ERR,ERR,ERR,ERR,ERR,ERR,ERR,ERR,ERR,ERR,ERR,ERR,ERR,ERR,ERR,ERR,ERR,ERR,ERR,ERR,ERR,ERR,ERR,ERR,ERR,ERR,ERR,ERR,ERR,ERR,ERR,ERR,ERR,ERR,ERR,ERR,ERR,ERR,ERR,ERR,ERR,ERR,ERR,ERR,ERR,ERR,ERR,ERR,ERR,ERR,ERR,ERR,ERR,ERR,ERR,ERR,ERR,ERR,ERR,ERR,ERR,ERR,ERR,ERR,ERR,ERR,ERR,ERR,ERR,ERR,ERR,ERR,ERR,ERR,ERR,ERR,ERR,ERR,ERR,ERR,ERR,ERR,ERR,ERR,0.0,0.0,0.0,0.0,0.0,1.3936040501711995e+18,7.805,0.0,0,0,4,0,7116,0.0,100,0.0,0.0,0.0,0.0,0.0,0,0,0,0,0.0,0,0,0,0,0,0,0,0,0,0,0,0,0,0,0,0,0,0,0,0,0,0,0,0,0,0,0,0,0,0,0,0,0,31,40,40,71,65476,0,300,0,0,8,21553,0.0,-107605600.0,0.0,0.0,0.0,0.0,0.0,0.0,0.0,0.0,0.0,0.0,0.0,0.0,0.0,0.0,0.0,0.0,0.0,0.0,0.0,0.0,-2.004,0.0,-2.004,0.0,0.0,0.0,0.0,0.0,4521.0,0.0,6913.0,0.0,0.0,-107615168.0,-0.0,0.0,0.0,0.0,0.0,69,-71.63,-0.0,0.0,0.0,0.0,0.0,0.0,0.0,0.0,0,0,0,0.0,0.0,0.0,0.0,0.0,0.0,0.0,0.0,0.0,0.0,0.0,0.0,0.0,0.0,0.0,0.0,0,-107875648.0,69,0.0,138,0.0,-0.0,0,26215,17085,13107,17099,39322,17079,0,0,0,70,68,100,0.0,82.3,-0.0,77.8,-0.0,78.5,1,49,50,180,13107,52429,0,0,0.0,0.0,0.0,0.0,-0.0,67.0,0.0,162057.094,0.0,971,0,994,0,0,0,947,0,1016,0,918,0,788,0,778,0,822,0,7520,0.032,2.795834648671604e+19,0.0,0.0,784,16797,-0.0,162057.094,-114818.039,-0.0,0.133,6.909358625270745e+28,30.0,70.0,35,0.0,0.0,0.0,0.0,0.0,0.0,0.0,0.0,0.0,0.0,0.0,0.0,0.0,0.0,0.0,0.0,66.8,0,150,71,51,65476,0,300,0,0,8,20529,65476,0,0,44564,70.0,0.0,0.0,0.0,0.0,0.0
2026-09-10T21:46:37,ERR,ERR,ERR,ERR,ERR,ERR,ERR,ERR,ERR,ERR,ERR,ERR,ERR,ERR,ERR,ERR,ERR,ERR,ERR,ERR,ERR,ERR,ERR,ERR,ERR,ERR,ERR,ERR,ERR,ERR,ERR,ERR,ERR,ERR,ERR,ERR,ERR,ERR,ERR,ERR,ERR,ERR,ERR,ERR,ERR,ERR,ERR,ERR,ERR,ERR,ERR,ERR,ERR,ERR,ERR,ERR,ERR,ERR,ERR,ERR,ERR,ERR,ERR,ERR,ERR,ERR,ERR,ERR,ERR,ERR,ERR,ERR,ERR,ERR,ERR,ERR,ERR,ERR,ERR,ERR,ERR,ERR,ERR,ERR,ERR,ERR,ERR,ERR,ERR,ERR,ERR,ERR,ERR,ERR,ERR,ERR,ERR,ERR,ERR,ERR,ERR,ERR,ERR,ERR,ERR,ERR,ERR,ERR,ERR,ERR,ERR,ERR,ERR,ERR,ERR,ERR,ERR,ERR,ERR,ERR,ERR,ERR,ERR,ERR,ERR,0.0,0.0,0.0,0.0,0.0,1.3936040501711995e+18,7.805,0.0,0,0,4,0,7116,0.0,100,0.0,0.0,0.0,0.0,0.0,0,0,0,0,0.0,0,0,0,0,0,0,0,0,0,0,0,0,0,0,0,0,0,0,0,0,0,0,0,0,0,0,0,0,0,0,0,0,0,31,40,40,71,65476,0,300,0,0,8,21553,0.0,-107605600.0,0.0,0.0,0.0,0.0,0.0,0.0,0.0,0.0,0.0,0.0,0.0,0.0,0.0,0.0,0.0,0.0,0.0,0.0,0.0,0.0,-2.004,0.0,-2.004,0.0,0.0,0.0,0.0,0.0,4521.0,0.0,6913.0,0.0,0.0,-107615168.0,-0.0,0.0,0.0,0.0,0.0,69,-71.63,-0.0,0.0,0.0,0.0,0.0,0.0,0.0,0.0,0,0,0,0.0,0.0,0.0,0.0,0.0,0.0,0.0,0.0,0.0,0.0,0.0,0.0,0.0,0.0,0.0,0.0,0,-107875648.0,69,0.0,138,0.0,-0.0,0,26215,17085,13107,17099,39322,17079,0,0,0,70,68,100,0.0,82.3,-0.0,77.8,-0.0,78.5,1,49,50,180,13107,52429,0,0,0.0,0.0,0.0,0.0,-0.0,67.0,0.0,162057.094,0.0,971,0,994,0,0,0,947,0,1016,0,918,0,788,0,778,0,822,0,7520,0.032,2.795834648671604e+19,0.0,0.0,784,16797,-0.0,162057.094,-114818.039,-0.0,0.133,6.909358625270745e+28,30.0,70.0,35,0.0,0.0,0.0,0.0,0.0,0.0,0.0,0.0,0.0,0.0,0.0,0.0,0.0,0.0,0.0,0.0,66.8,0,150,71,51,65476,0,300,0,0,8,20529,65476,0,0,44564,70.0,0.0,0.0,0.0,0.0,0.0
2026-09-10T21:46:38,ERR,ERR,ERR,ERR,ERR,ERR,ERR,ERR,ERR,ERR,ERR,ERR,ERR,ERR,ERR,ERR,ERR,ERR,ERR,ERR,ERR,ERR,ERR,ERR,ERR,ERR,ERR,ERR,ERR,ERR,ERR,ERR,ERR,ERR,ERR,ERR,ERR,ERR,ERR,ERR,ERR,ERR,ERR,ERR,ERR,ERR,ERR,ERR,ERR,ERR,ERR,ERR,ERR,ERR,ERR,ERR,ERR,ERR,ERR,ERR,ERR,ERR,ERR,ERR,ERR,ERR,ERR,ERR,ERR,ERR,ERR,ERR,ERR,ERR,ERR,ERR,ERR,ERR,ERR,ERR,ERR,ERR,ERR,ERR,ERR,ERR,ERR,ERR,ERR,ERR,ERR,ERR,ERR,ERR,ERR,ERR,ERR,ERR,ERR,ERR,ERR,ERR,ERR,ERR,ERR,ERR,ERR,ERR,ERR,ERR,ERR,ERR,ERR,ERR,ERR,ERR,ERR,ERR,ERR,ERR,ERR,ERR,ERR,ERR,ERR,0.0,0.0,0.0,0.0,0.0,1.3936040501711995e+18,7.805,0.0,0,0,4,0,7116,0.0,100,0.0,0.0,0.0,0.0,0.0,0,0,0,0,0.0,0,0,0,0,0,0,0,0,0,0,0,0,0,0,0,0,0,0,0,0,0,0,0,0,0,0,0,0,0,0,0,0,0,31,40,40,71,65476,0,300,0,0,8,21553,0.0,-107605600.0,0.0,0.0,0.0,0.0,0.0,0.0,0.0,0.0,0.0,0.0,0.0,0.0,0.0,0.0,0.0,0.0,0.0,0.0,0.0,0.0,-2.004,0.0,-2.004,2.004,0.0,0.0,0.0,0.0,4517.0,0.0,6914.0,0.0,0.0,0.0,-107615304.0,0.0,0.0,0.0,0.0,69,-0.0,-0.0,0.0,0.0,0.0,0.0,0.0,0.0,0.0,0,0,0,0.0,0.0,0.0,0.0,0.0,0.0,0.0,0.0,0.0,0.0,0.0,0.0,0.0,0.0,0.0,0.0,0,-107875648.0,69,0.0,138,0.0,2.6474720257151824e+23,0,26215,17085,13107,17099,39322,17079,0,0,0,70,68,100,0.0,82.3,-0.0,77.8,-0.0,78.5,1,49,50,180,13107,52429,0,0,0.0,0.0,0.0,0.0,-0.0,67.0,0.0,162057.094,0.0,971,0,994,0,0,0,947,0,1016,0,918,0,788,0,778,0,822,0,7520,0.032,2.795834648671604e+19,0.0,0.0,784,16797,-0.0,162057.094,-114818.039,-0.0,0.133,6.909358625270745e+28,30.0,70.0,35,0.0,0.0,0.0,0.0,0.0,0.0,0.0,0.0,0.0,0.0,0.0,0.0,0.0,0.0,0.0,0.0,66.8,0,150,71,51,65476,0,300,0,0,8,20529,65476,0,0,44564,70.0,0.0,0.0,0.0,0.0,0.0
2026-09-10T21:46:39,ERR,ERR,ERR,ERR,ERR,ERR,ERR,ERR,ERR,ERR,ERR,ERR,ERR,ERR,ERR,ERR,ERR,ERR,ERR,ERR,ERR,ERR,ERR,ERR,ERR,ERR,ERR,ERR,ERR,ERR,ERR,ERR,ERR,ERR,ERR,ERR,ERR,ERR,ERR,ERR,ERR,ERR,ERR,ERR,ERR,ERR,ERR,ERR,ERR,ERR,ERR,ERR,ERR,ERR,ERR,ERR,ERR,ERR,ERR,ERR,ERR,ERR,ERR,ERR,ERR,ERR,ERR,ERR,ERR,ERR,ERR,ERR,ERR,ERR,ERR,ERR,ERR,ERR,ERR,ERR,ERR,ERR,ERR,ERR,ERR,ERR,ERR,ERR,ERR,ERR,ERR,ERR,ERR,ERR,ERR,ERR,ERR,ERR,ERR,ERR,ERR,ERR,ERR,ERR,ERR,ERR,ERR,ERR,ERR,ERR,ERR,ERR,ERR,ERR,ERR,ERR,ERR,ERR,ERR,ERR,ERR,ERR,ERR,ERR,ERR,0.0,0.0,0.0,0.0,0.0,1.3936040501711995e+18,7.805,0.0,0,0,4,0,7116,0.0,100,0.0,0.0,0.0,0.0,0.0,0,0,0,0,0.0,0,0,0,0,0,0,0,0,0,0,0,0,0,0,0,0,0,0,0,0,0,0,0,0,0,0,0,0,0,0,0,0,0,31,40,40,71,65476,0,300,0,0,8,21553,0.0,-107605600.0,0.0,0.0,0.0,0.0,0.0,0.0,0.0,0.0,0.0,0.0,0.0,0.0,0.0,0.0,0.0,0.0,0.0,0.0,0.0,0.0,-2.004,0.0,-2.004,2.004,0.0,0.0,0.0,0.0,4517.0,0.0,6914.0,0.0,0.0,0.0,-107615304.0,0.0,0.0,0.0,0.0,69,-0.0,-0.0,0.0,0.0,0.0,0.0,0.0,0.0,0.0,0,0,0,0.0,0.0,0.0,0.0,0.0,0.0,0.0,0.0,0.0,0.0,0.0,0.0,0.0,0.0,0.0,0.0,0,-107875648.0,69,0.0,138,0.0,2.6474720257151824e+23,0,26215,17085,13107,17099,39322,17079,0,0,0,70,68,100,0.0,82.3,-0.0,77.8,-0.0,78.5,1,49,50,180,13107,52429,0,0,0.0,0.0,0.0,0.0,-0.0,67.0,0.0,162057.094,0.0,971,0,994,0,0,0,947,0,1016,0,918,0,788,0,778,0,821,0,7520,0.032,2.7814231298640183e+19,0.0,0.0,784,16797,-0.0,162057.094,-114818.039,-0.0,0.133,6.909358625270745e+28,30.0,70.0,35,0.0,0.0,0.0,0.0,0.0,0.0,0.0,0.0,0.0,0.0,0.0,0.0,0.0,0.0,0.0,0.0,66.8,0,150,71,51,65476,0,300,0,0,8,20529,65476,0,0,44564,70.0,0.0,0.0,0.0,0.0,0.0
2026-09-10T21:46:40,ERR,ERR,ERR,ERR,ERR,ERR,ERR,ERR,ERR,ERR,ERR,ERR,ERR,ERR,ERR,ERR,ERR,ERR,ERR,ERR,ERR,ERR,ERR,ERR,ERR,ERR,ERR,ERR,ERR,ERR,ERR,ERR,ERR,ERR,ERR,ERR,ERR,ERR,ERR,ERR,ERR,ERR,ERR,ERR,ERR,ERR,ERR,ERR,ERR,ERR,ERR,ERR,ERR,ERR,ERR,ERR,ERR,ERR,ERR,ERR,ERR,ERR,ERR,ERR,ERR,ERR,ERR,ERR,ERR,ERR,ERR,ERR,ERR,ERR,ERR,ERR,ERR,ERR,ERR,ERR,ERR,ERR,ERR,ERR,ERR,ERR,ERR,ERR,ERR,ERR,ERR,ERR,ERR,ERR,ERR,ERR,ERR,ERR,ERR,ERR,ERR,ERR,ERR,ERR,ERR,ERR,ERR,ERR,ERR,ERR,ERR,ERR,ERR,ERR,ERR,ERR,ERR,ERR,ERR,ERR,ERR,ERR,ERR,ERR,ERR,0.0,0.0,0.0,0.0,0.0,1.3936040501711995e+18,7.805,0.0,0,0,4,0,7116,0.0,100,0.0,0.0,0.0,0.0,0.0,0,0,0,0,0.0,0,0,0,0,0,0,0,0,0,0,0,0,0,0,0,0,0,0,0,0,0,0,0,0,0,0,0,0,0,0,0,0,0,31,40,40,71,65476,0,300,0,0,8,21553,0.0,-107605600.0,0.0,0.0,0.0,0.0,0.0,0.0,0.0,0.0,0.0,0.0,0.0,0.0,0.0,0.0,0.0,0.0,0.0,0.0,0.0,0.0,-2.004,0.0,-2.004,2.004,0.0,0.0,0.0,0.0,4517.0,0.0,6914.0,0.0,0.0,0.0,-107615304.0,0.0,0.0,0.0,0.0,69,-0.0,-0.0,0.0,0.0,0.0,0.0,0.0,0.0,0.0,0,0,0,0.0,0.0,0.0,0.0,0.0,0.0,0.0,0.0,0.0,0.0,0.0,0.0,0.0,0.0,0.0,0.0,0,-107875648.0,69,0.0,138,0.0,2.6474720257151824e+23,0,26215,17085,13107,17099,39322,17079,0,0,0,70,68,100,0.0,82.3,-0.0,77.8,-0.0,78.5,1,49,50,180,13107,52429,0,0,0.0,0.0,0.0,0.0,-0.0,67.0,0.0,162057.094,0.0,971,0,994,0,0,0,947,0,1016,0,918,0,788,0,778,0,821,0,7520,0.032,2.7814231298640183e+19,0.0,0.0,784,16797,-0.0,162057.094,-114818.039,-0.0,0.133,6.909358625270745e+28,30.0,70.0,35,0.0,0.0,0.0,0.0,0.0,0.0,0.0,0.0,0.0,0.0,0.0,0.0,0.0,0.0,0.0,0.0,66.8,0,150,71,51,65476,0,300,0,0,8,20529,65476,0,0,44564,70.0,0.0,0.0,0.0,0.0,0.0
2026-09-10T21:46:41,ERR,ERR,ERR,ERR,ERR,ERR,ERR,ERR,ERR,ERR,ERR,ERR,ERR,ERR,ERR,ERR,ERR,ERR,ERR,ERR,ERR,ERR,ERR,ERR,ERR,ERR,ERR,ERR,ERR,ERR,ERR,ERR,ERR,ERR,ERR,ERR,ERR,ERR,ERR,ERR,ERR,ERR,ERR,ERR,ERR,ERR,ERR,ERR,ERR,ERR,ERR,ERR,ERR,ERR,ERR,ERR,ERR,ERR,ERR,ERR,ERR,ERR,ERR,ERR,ERR,ERR,ERR,ERR,ERR,ERR,ERR,ERR,ERR,ERR,ERR,ERR,ERR,ERR,ERR,ERR,ERR,ERR,ERR,ERR,ERR,ERR,ERR,ERR,ERR,ERR,ERR,ERR,ERR,ERR,ERR,ERR,ERR,ERR,ERR,ERR,ERR,ERR,ERR,ERR,ERR,ERR,ERR,ERR,ERR,ERR,ERR,ERR,ERR,ERR,ERR,ERR,ERR,ERR,ERR,ERR,ERR,ERR,ERR,ERR,ERR,0.0,0.0,0.0,0.0,0.0,1.3936040501711995e+18,7.805,0.0,0,0,4,0,7116,0.0,100,0.0,0.0,0.0,0.0,0.0,0,0,0,0,0.0,0,0,0,0,0,0,0,0,0,0,0,0,0,0,0,0,0,0,0,0,0,0,0,0,0,0,0,0,0,0,0,0,0,31,40,40,71,65476,0,300,0,0,8,21553,0.0,-107605600.0,0.0,0.0,0.0,0.0,0.0,0.0,0.0,0.0,0.0,0.0,0.0,0.0,0.0,0.0,0.0,0.0,0.0,0.0,0.0,0.0,-2.004,0.0,-2.004,2.004,0.0,0.0,0.0,0.0,4517.0,0.0,6914.0,0.0,0.0,0.0,-107615304.0,0.0,0.0,0.0,0.0,69,-0.0,-0.0,0.0,0.0,0.0,0.0,0.0,0.0,0.0,0,0,0,0.0,0.0,0.0,0.0,0.0,0.0,0.0,0.0,0.0,0.0,0.0,0.0,0.0,0.0,0.0,0.0,0,-107875648.0,69,0.0,138,0.0,2.6474720257151824e+23,0,26215,17085,13107,17099,39322,17079,0,0,0,70,68,100,0.0,82.3,-0.0,77.8,-0.0,78.5,1,49,50,180,13107,52429,0,0,0.0,0.0,0.0,0.0,-0.0,67.0,0.0,162057.094,0.0,971,0,994,0,0,0,947,0,1016,0,918,0,788,0,778,0,821,0,7520,0.032,2.7814231298640183e+19,0.0,0.0,784,16797,-0.0,162057.094,-114818.039,-0.0,0.133,6.909358625270745e+28,30.0,70.0,35,0.0,0.0,0.0,0.0,0.0,0.0,0.0,0.0,0.0,0.0,0.0,0.0,0.0,0.0,0.0,0.0,66.4,0,150,71,51,65476,0,300,0,0,8,20529,65476,0,0,44564,70.0,0.0,0.0,0.0,0.0,0.0
2026-09-10T21:46:42,ERR,ERR,ERR,ERR,ERR,ERR,ERR,ERR,ERR,ERR,ERR,ERR,ERR,ERR,ERR,ERR,ERR,ERR,ERR,ERR,ERR,ERR,ERR,ERR,ERR,ERR,ERR,ERR,ERR,ERR,ERR,ERR,ERR,ERR,ERR,ERR,ERR,ERR,ERR,ERR,ERR,ERR,ERR,ERR,ERR,ERR,ERR,ERR,ERR,ERR,ERR,ERR,ERR,ERR,ERR,ERR,ERR,ERR,ERR,ERR,ERR,ERR,ERR,ERR,ERR,ERR,ERR,ERR,ERR,ERR,ERR,ERR,ERR,ERR,ERR,ERR,ERR,ERR,ERR,ERR,ERR,ERR,ERR,ERR,ERR,ERR,ERR,ERR,ERR,ERR,ERR,ERR,ERR,ERR,ERR,ERR,ERR,ERR,ERR,ERR,ERR,ERR,ERR,ERR,ERR,ERR,ERR,ERR,ERR,ERR,ERR,ERR,ERR,ERR,ERR,ERR,ERR,ERR,ERR,ERR,ERR,ERR,ERR,ERR,ERR,0.0,0.0,0.0,0.0,0.0,1.3936040501711995e+18,7.805,0.0,0,0,4,0,7116,0.0,100,0.0,0.0,0.0,0.0,0.0,0,0,0,0,0.0,0,0,0,0,0,0,0,0,0,0,0,0,0,0,0,0,0,0,0,0,0,0,0,0,0,0,0,0,0,0,0,0,0,31,40,40,71,65476,0,300,0,0,8,21553,0.0,-107605600.0,0.0,0.0,0.0,0.0,0.0,0.0,0.0,0.0,0.0,0.0,0.0,0.0,0.0,0.0,0.0,0.0,0.0,0.0,0.0,0.0,-2.004,0.0,-2.004,2.004,0.0,0.0,0.0,0.0,4517.0,0.0,6914.0,0.0,0.0,0.0,-107615304.0,0.0,0.0,0.0,0.0,69,-0.0,-0.0,0.0,0.0,0.0,0.0,0.0,0.0,0.0,0,0,0,0.0,0.0,0.0,0.0,0.0,0.0,0.0,0.0,0.0,0.0,0.0,0.0,0.0,0.0,0.0,0.0,0,-107875648.0,69,0.0,138,0.0,2.6474720257151824e+23,0,26215,17085,13107,17099,39322,17079,0,0,0,70,68,100,0.0,82.3,-0.0,77.8,-0.0,78.5,1,49,50,180,13107,52429,0,0,0.0,0.0,0.0,0.0,-0.0,67.0,0.0,162057.094,0.0,971,0,994,0,0,0,947,0,1016,0,918,0,788,0,778,0,821,0,7520,0.032,2.7814231298640183e+19,0.0,0.0,784,16797,-0.0,162057.094,-114818.039,-0.0,0.133,6.909358625270745e+28,30.0,70.0,35,0.0,0.0,0.0,0.0,0.0,0.0,0.0,0.0,0.0,0.0,0.0,0.0,0.0,0.0,0.0,0.0,66.4,0,150,71,51,65476,0,300,0,0,8,20529,65476,0,0,44564,70.0,0.0,0.0,0.0,0.0,0.0
2026-09-10T21:46:43,ERR,ERR,ERR,ERR,ERR,ERR,ERR,ERR,ERR,ERR,ERR,ERR,ERR,ERR,ERR,ERR,ERR,ERR,ERR,ERR,ERR,ERR,ERR,ERR,ERR,ERR,ERR,ERR,ERR,ERR,ERR,ERR,ERR,ERR,ERR,ERR,ERR,ERR,ERR,ERR,ERR,ERR,ERR,ERR,ERR,ERR,ERR,ERR,ERR,ERR,ERR,ERR,ERR,ERR,ERR,ERR,ERR,ERR,ERR,ERR,ERR,ERR,ERR,ERR,ERR,ERR,ERR,ERR,ERR,ERR,ERR,ERR,ERR,ERR,ERR,ERR,ERR,ERR,ERR,ERR,ERR,ERR,ERR,ERR,ERR,ERR,ERR,ERR,ERR,ERR,ERR,ERR,ERR,ERR,ERR,ERR,ERR,ERR,ERR,ERR,ERR,ERR,ERR,ERR,ERR,ERR,ERR,ERR,ERR,ERR,ERR,ERR,ERR,ERR,ERR,ERR,ERR,ERR,ERR,ERR,ERR,ERR,ERR,ERR,ERR,0.0,0.0,0.0,0.0,0.0,1.3936040501711995e+18,7.805,0.0,0,0,4,0,7116,0.0,100,0.0,0.0,0.0,0.0,0.0,0,0,0,0,0.0,0,0,0,0,0,0,0,0,0,0,0,0,0,0,0,0,0,0,0,0,0,0,0,0,0,0,0,0,0,0,0,0,0,31,40,40,71,65476,0,300,0,0,8,21553,0.0,-107605600.0,0.0,0.0,0.0,0.0,0.0,0.0,0.0,0.0,0.0,0.0,0.0,0.0,0.0,0.0,0.0,0.0,0.0,0.0,0.0,0.0,-2.004,0.0,-2.004,2.004,0.0,0.0,0.0,0.0,4517.0,0.0,6914.0,0.0,0.0,0.0,-107615304.0,0.0,0.0,0.0,0.0,69,-0.0,-0.0,0.0,0.0,0.0,0.0,0.0,0.0,0.0,0,0,0,0.0,0.0,0.0,0.0,0.0,0.0,0.0,0.0,0.0,0.0,0.0,0.0,0.0,0.0,0.0,0.0,0,-107875648.0,69,0.0,138,0.0,2.6474720257151824e+23,0,26215,17085,13107,17099,39322,17079,0,0,0,70,68,100,0.0,82.3,-0.0,77.8,-0.0,78.5,1,49,50,180,13107,52429,0,0,0.0,0.0,0.0,0.0,-0.0,67.0,0.0,162057.094,0.0,971,0,994,0,0,0,947,0,1016,0,918,0,788,0,778,0,821,0,7520,0.032,2.7814231298640183e+19,0.0,0.0,784,16797,-0.0,162057.094,-114818.039,-0.0,0.133,6.909358625270745e+28,30.0,70.0,35,0.0,0.0,0.0,0.0,0.0,0.0,0.0,0.0,0.0,0.0,0.0,0.0,0.0,0.0,0.0,0.0,66.4,0,150,71,51,65476,0,300,0,0,8,20529,65476,0,0,44564,70.0,0.0,0.0,0.0,0.0,0.0
2026-09-10T21:46:44,ERR,ERR,ERR,ERR,ERR,ERR,ERR,ERR,ERR,ERR,ERR,ERR,ERR,ERR,ERR,ERR,ERR,ERR,ERR,ERR,ERR,ERR,ERR,ERR,ERR,ERR,ERR,ERR,ERR,ERR,ERR,ERR,ERR,ERR,ERR,ERR,ERR,ERR,ERR,ERR,ERR,ERR,ERR,ERR,ERR,ERR,ERR,ERR,ERR,ERR,ERR,ERR,ERR,ERR,ERR,ERR,ERR,ERR,ERR,ERR,ERR,ERR,ERR,ERR,ERR,ERR,ERR,ERR,ERR,ERR,ERR,ERR,ERR,ERR,ERR,ERR,ERR,ERR,ERR,ERR,ERR,ERR,ERR,ERR,ERR,ERR,ERR,ERR,ERR,ERR,ERR,ERR,ERR,ERR,ERR,ERR,ERR,ERR,ERR,ERR,ERR,ERR,ERR,ERR,ERR,ERR,ERR,ERR,ERR,ERR,ERR,ERR,ERR,ERR,ERR,ERR,ERR,ERR,ERR,ERR,ERR,ERR,ERR,ERR,ERR,0.0,0.0,0.0,0.0,0.0,1.3936040501711995e+18,7.805,0.0,0,0,4,0,7116,0.0,100,0.0,0.0,0.0,0.0,0.0,0,0,0,0,0.0,0,0,0,0,0,0,0,0,0,0,0,0,0,0,0,0,0,0,0,0,0,0,0,0,0,0,0,0,0,0,0,0,0,31,40,40,71,65476,0,300,0,0,8,21553,0.0,-107605600.0,0.0,0.0,0.0,0.0,0.0,0.0,0.0,0.0,0.0,0.0,0.0,0.0,0.0,0.0,0.0,0.0,0.0,0.0,0.0,0.0,-2.004,0.0,-2.004,2.004,0.0,0.0,0.0,0.0,4522.0,0.0,6914.0,0.0,0.0,0.0,-107615304.0,0.0,0.0,0.0,0.0,69,-71.63,-0.0,0.0,0.0,0.0,0.0,0.0,0.0,0.0,0,0,0,0.0,0.0,0.0,0.0,0.0,0.0,0.0,0.0,0.0,0.0,0.0,0.0,0.0,0.0,0.0,0.0,0,-107875648.0,69,0.0,138,0.0,-0.0,0,26215,17085,13107,17099,26215,17079,0,0,0,70,68,100,2.7302399002429377e+23,82.3,-0.0,77.8,-0.0,78.5,1,49,50,180,13107,52429,0,0,0.0,0.0,0.0,0.0,-0.0,67.0,0.0,162057.094,0.0,971,0,994,0,0,0,947,0,1016,0,918,0,788,0,778,0,821,0,7520,0.032,2.795834648671604e+19,0.0,0.0,784,16797,-0.0,162057.094,-114818.039,-0.0,0.133,6.909358625270745e+28,30.0,70.0,35,0.0,0.0,0.0,0.0,0.0,0.0,0.0,0.0,0.0,0.0,0.0,0.0,0.0,0.0,0.0,0.0,66.4,0,150,71,51,65476,0,300,0,0,8,20529,65476,0,0,44564,70.0,0.0,0.0,0.0,0.0,0.0
2026-09-10T21:46:45,ERR,ERR,ERR,ERR,ERR,ERR,ERR,ERR,ERR,ERR,ERR,ERR,ERR,ERR,ERR,ERR,ERR,ERR,ERR,ERR,ERR,ERR,ERR,ERR,ERR,ERR,ERR,ERR,ERR,ERR,ERR,ERR,ERR,ERR,ERR,ERR,ERR,ERR,ERR,ERR,ERR,ERR,ERR,ERR,ERR,ERR,ERR,ERR,ERR,ERR,ERR,ERR,ERR,ERR,ERR,ERR,ERR,ERR,ERR,ERR,ERR,ERR,ERR,ERR,ERR,ERR,ERR,ERR,ERR,ERR,ERR,ERR,ERR,ERR,ERR,ERR,ERR,ERR,ERR,ERR,ERR,ERR,ERR,ERR,ERR,ERR,ERR,ERR,ERR,ERR,ERR,ERR,ERR,ERR,ERR,ERR,ERR,ERR,ERR,ERR,ERR,ERR,ERR,ERR,ERR,ERR,ERR,ERR,ERR,ERR,ERR,ERR,ERR,ERR,ERR,ERR,ERR,ERR,ERR,ERR,ERR,ERR,ERR,ERR,ERR,0.0,0.0,0.0,0.0,0.0,1.3936040501711995e+18,7.805,0.0,0,0,4,0,7116,0.0,100,0.0,0.0,0.0,0.0,0.0,0,0,0,0,0.0,0,0,0,0,0,0,0,0,0,0,0,0,0,0,0,0,0,0,0,0,0,0,0,0,0,0,0,0,0,0,0,0,0,31,40,40,71,65476,0,300,0,0,8,21553,0.0,-107605600.0,0.0,0.0,0.0,0.0,0.0,0.0,0.0,0.0,0.0,0.0,0.0,0.0,0.0,0.0,0.0,0.0,0.0,0.0,0.0,0.0,-2.004,0.0,-2.004,2.004,0.0,0.0,0.0,0.0,4522.0,0.0,6914.0,0.0,0.0,0.0,-107615304.0,0.0,0.0,0.0,0.0,69,-71.63,-0.0,0.0,0.0,0.0,0.0,0.0,0.0,0.0,0,0,0,0.0,0.0,0.0,0.0,0.0,0.0,0.0,0.0,0.0,0.0,0.0,0.0,0.0,0.0,0.0,0.0,0,-107875648.0,69,0.0,138,0.0,-0.0,0,26215,17085,13107,17099,26215,17079,0,0,0,70,68,100,2.7302399002429377e+23,82.3,-0.0,77.8,-0.0,78.5,1,49,50,180,13107,52429,0,0,0.0,0.0,0.0,0.0,-0.0,67.0,0.0,162057.094,0.0,971,0,994,0,0,0,947,0,1016,0,918,0,788,0,778,0,821,0,7520,0.032,2.795834648671604e+19,0.0,0.0,784,16797,-0.0,162057.094,-114818.039,-0.0,0.133,6.909358625270745e+28,30.0,70.0,35,0.0,0.0,0.0,0.0,0.0,0.0,0.0,0.0,0.0,0.0,0.0,0.0,0.0,0.0,0.0,0.0,66.4,0,150,71,51,65476,0,300,0,0,8,20529,65476,0,0,44564,70.0,0.0,0.0,0.0,0.0,0.0
2026-09-10T21:46:46,ERR,ERR,ERR,ERR,ERR,ERR,ERR,ERR,ERR,ERR,ERR,ERR,ERR,ERR,ERR,ERR,ERR,ERR,ERR,ERR,ERR,ERR,ERR,ERR,ERR,ERR,ERR,ERR,ERR,ERR,ERR,ERR,ERR,ERR,ERR,ERR,ERR,ERR,ERR,ERR,ERR,ERR,ERR,ERR,ERR,ERR,ERR,ERR,ERR,ERR,ERR,ERR,ERR,ERR,ERR,ERR,ERR,ERR,ERR,ERR,ERR,ERR,ERR,ERR,ERR,ERR,ERR,ERR,ERR,ERR,ERR,ERR,ERR,ERR,ERR,ERR,ERR,ERR,ERR,ERR,ERR,ERR,ERR,ERR,ERR,ERR,ERR,ERR,ERR,ERR,ERR,ERR,ERR,ERR,ERR,ERR,ERR,ERR,ERR,ERR,ERR,ERR,ERR,ERR,ERR,ERR,ERR,ERR,ERR,ERR,ERR,ERR,ERR,ERR,ERR,ERR,ERR,ERR,ERR,ERR,ERR,ERR,ERR,ERR,ERR,0.0,0.0,0.0,0.0,0.0,1.3936040501711995e+18,7.805,0.0,0,0,4,0,7116,0.0,100,0.0,0.0,0.0,0.0,0.0,0,0,0,0,0.0,0,0,0,0,0,0,0,0,0,0,0,0,0,0,0,0,0,0,0,0,0,0,0,0,0,0,0,0,0,0,0,0,0,31,40,40,71,65476,0,300,0,0,8,21553,0.0,-107605600.0,0.0,0.0,0.0,0.0,0.0,0.0,0.0,0.0,0.0,0.0,0.0,0.0,0.0,0.0,0.0,0.0,0.0,0.0,0.0,0.0,-2.004,0.0,-2.004,2.004,0.0,0.0,0.0,0.0,4522.0,0.0,6914.0,0.0,0.0,0.0,-107615304.0,0.0,0.0,0.0,0.0,69,-71.63,-0.0,0.0,0.0,0.0,0.0,0.0,0.0,0.0,0,0,0,0.0,0.0,0.0,0.0,0.0,0.0,0.0,0.0,0.0,0.0,0.0,0.0,0.0,0.0,0.0,0.0,0,-107875648.0,69,0.0,138,0.0,-0.0,0,26215,17085,13107,17099,26215,17079,0,0,0,70,68,100,2.7302399002429377e+23,82.3,-0.0,77.8,-0.0,78.5,1,49,50,180,13107,52429,0,0,0.0,0.0,0.0,0.0,-0.0,67.0,0.0,162057.094,0.0,971,0,994,0,0,0,947,0,1016,0,918,0,788,0,778,0,821,0,7520,0.032,2.795834648671604e+19,0.0,0.0,784,16797,-0.0,162057.094,-114818.039,-0.0,0.133,6.909358625270745e+28,30.0,70.0,35,0.0,0.0,0.0,0.0,0.0,0.0,0.0,0.0,0.0,0.0,0.0,0.0,0.0,0.0,0.0,0.0,66.8,0,150,71,51,65476,0,300,0,0,8,20529,65476,0,0,44564,70.0,0.0,0.0,0.0,0.0,0.0
2026-09-10T21:46:47,ERR,ERR,ERR,ERR,ERR,ERR,ERR,ERR,ERR,ERR,ERR,ERR,ERR,ERR,ERR,ERR,ERR,ERR,ERR,ERR,ERR,ERR,ERR,ERR,ERR,ERR,ERR,ERR,ERR,ERR,ERR,ERR,ERR,ERR,ERR,ERR,ERR,ERR,ERR,ERR,ERR,ERR,ERR,ERR,ERR,ERR,ERR,ERR,ERR,ERR,ERR,ERR,ERR,ERR,ERR,ERR,ERR,ERR,ERR,ERR,ERR,ERR,ERR,ERR,ERR,ERR,ERR,ERR,ERR,ERR,ERR,ERR,ERR,ERR,ERR,ERR,ERR,ERR,ERR,ERR,ERR,ERR,ERR,ERR,ERR,ERR,ERR,ERR,ERR,ERR,ERR,ERR,ERR,ERR,ERR,ERR,ERR,ERR,ERR,ERR,ERR,ERR,ERR,ERR,ERR,ERR,ERR,ERR,ERR,ERR,ERR,ERR,ERR,ERR,ERR,ERR,ERR,ERR,ERR,ERR,ERR,ERR,ERR,ERR,ERR,0.0,0.0,0.0,0.0,0.0,1.3936040501711995e+18,7.805,0.0,0,0,4,0,7116,0.0,100,0.0,0.0,0.0,0.0,0.0,0,0,0,0,0.0,0,0,0,0,0,0,0,0,0,0,0,0,0,0,0,0,0,0,0,0,0,0,0,0,0,0,0,0,0,0,0,0,0,31,40,40,71,65476,0,300,0,0,8,21553,0.0,-107605600.0,0.0,0.0,0.0,0.0,0.0,0.0,0.0,0.0,0.0,0.0,0.0,0.0,0.0,0.0,0.0,0.0,0.0,0.0,0.0,0.0,-2.004,0.0,-2.004,2.004,0.0,0.0,0.0,0.0,4522.0,0.0,6914.0,0.0,0.0,0.0,-107615304.0,0.0,0.0,0.0,0.0,69,-71.63,-0.0,0.0,0.0,0.0,0.0,0.0,0.0,0.0,0,0,0,0.0,0.0,0.0,0.0,0.0,0.0,0.0,0.0,0.0,0.0,0.0,0.0,0.0,0.0,0.0,0.0,0,-107875648.0,69,0.0,138,0.0,-0.0,0,26215,17085,13107,17099,26215,17079,0,0,0,70,68,100,2.7302399002429377e+23,82.3,-0.0,77.8,-0.0,78.5,1,49,50,180,13107,52429,0,0,0.0,0.0,0.0,0.0,-0.0,67.0,0.0,162057.094,0.0,971,0,994,0,0,0,947,0,1016,0,918,0,788,0,778,0,821,0,7520,0.032,2.795834648671604e+19,0.0,0.0,784,16797,-0.0,162057.094,-114818.039,-0.0,0.133,6.909358625270745e+28,30.0,70.0,35,0.0,0.0,0.0,0.0,0.0,0.0,0.0,0.0,0.0,0.0,0.0,0.0,0.0,0.0,0.0,0.0,66.8,0,150,71,51,65476,0,300,0,0,8,20529,65476,0,0,44564,70.0,0.0,0.0,0.0,0.0,0.0
2026-09-10T21:46:48,ERR,ERR,ERR,ERR,ERR,ERR,ERR,ERR,ERR,ERR,ERR,ERR,ERR,ERR,ERR,ERR,ERR,ERR,ERR,ERR,ERR,ERR,ERR,ERR,ERR,ERR,ERR,ERR,ERR,ERR,ERR,ERR,ERR,ERR,ERR,ERR,ERR,ERR,ERR,ERR,ERR,ERR,ERR,ERR,ERR,ERR,ERR,ERR,ERR,ERR,ERR,ERR,ERR,ERR,ERR,ERR,ERR,ERR,ERR,ERR,ERR,ERR,ERR,ERR,ERR,ERR,ERR,ERR,ERR,ERR,ERR,ERR,ERR,ERR,ERR,ERR,ERR,ERR,ERR,ERR,ERR,ERR,ERR,ERR,ERR,ERR,ERR,ERR,ERR,ERR,ERR,ERR,ERR,ERR,ERR,ERR,ERR,ERR,ERR,ERR,ERR,ERR,ERR,ERR,ERR,ERR,ERR,ERR,ERR,ERR,ERR,ERR,ERR,ERR,ERR,ERR,ERR,ERR,ERR,ERR,ERR,ERR,ERR,ERR,ERR,0.0,0.0,0.0,0.0,0.0,1.3936040501711995e+18,7.805,0.0,0,0,4,0,7116,0.0,100,0.0,0.0,0.0,0.0,0.0,0,0,0,0,0.0,0,0,0,0,0,0,0,0,0,0,0,0,0,0,0,0,0,0,0,0,0,0,0,0,0,0,0,0,0,0,0,0,0,31,40,40,71,65476,0,300,0,0,8,21553,0.0,-107605600.0,0.0,0.0,0.0,0.0,0.0,0.0,0.0,0.0,0.0,0.0,0.0,0.0,0.0,0.0,0.0,0.0,0.0,0.0,0.0,0.0,-2.004,0.0,-2.004,2.004,0.0,0.0,0.0,0.0,4522.0,0.0,6914.0,0.0,0.0,0.0,-107615304.0,0.0,0.0,0.0,0.0,69,-71.63,-0.0,0.0,0.0,0.0,0.0,0.0,0.0,0.0,0,0,0,0.0,0.0,0.0,0.0,0.0,0.0,0.0,0.0,0.0,0.0,0.0,0.0,0.0,0.0,0.0,0.0,0,-107875648.0,69,0.0,138,0.0,-0.0,0,26215,17085,13107,17099,26215,17079,0,0,0,70,68,100,2.7302399002429377e+23,82.3,-0.0,77.8,-0.0,78.5,1,49,50,180,13107,52429,0,0,0.0,0.0,0.0,0.0,-0.0,67.0,0.0,162057.094,0.0,971,0,994,0,0,0,947,0,1016,0,918,0,788,0,778,0,821,0,7520,0.032,2.795834648671604e+19,0.0,0.0,784,16797,-0.0,162057.094,-114818.039,-0.0,0.133,6.909358625270745e+28,30.0,70.0,35,0.0,0.0,0.0,0.0,0.0,0.0,0.0,0.0,0.0,0.0,0.0,0.0,0.0,0.0,0.0,0.0,66.8,0,150,71,51,65476,0,300,0,0,8,20529,65476,0,0,44564,70.0,0.0,0.0,0.0,0.0,0.0
2026-09-10T21:46:49,ERR,ERR,ERR,ERR,ERR,ERR,ERR,ERR,ERR,ERR,ERR,ERR,ERR,ERR,ERR,ERR,ERR,ERR,ERR,ERR,ERR,ERR,ERR,ERR,ERR,ERR,ERR,ERR,ERR,ERR,ERR,ERR,ERR,ERR,ERR,ERR,ERR,ERR,ERR,ERR,ERR,ERR,ERR,ERR,ERR,ERR,ERR,ERR,ERR,ERR,ERR,ERR,ERR,ERR,ERR,ERR,ERR,ERR,ERR,ERR,ERR,ERR,ERR,ERR,ERR,ERR,ERR,ERR,ERR,ERR,ERR,ERR,ERR,ERR,ERR,ERR,ERR,ERR,ERR,ERR,ERR,ERR,ERR,ERR,ERR,ERR,ERR,ERR,ERR,ERR,ERR,ERR,ERR,ERR,ERR,ERR,ERR,ERR,ERR,ERR,ERR,ERR,ERR,ERR,ERR,ERR,ERR,ERR,ERR,ERR,ERR,ERR,ERR,ERR,ERR,ERR,ERR,ERR,ERR,ERR,ERR,ERR,ERR,ERR,ERR,0.0,0.0,0.0,0.0,0.0,1.3936040501711995e+18,7.805,0.0,0,0,4,0,7116,0.0,100,0.0,0.0,0.0,0.0,0.0,0,0,0,0,0.0,0,0,0,0,0,0,0,0,0,0,0,0,0,0,0,0,0,0,0,0,0,0,0,0,0,0,0,0,0,0,0,0,0,31,40,40,71,65476,0,300,0,0,8,21553,0.0,-107605600.0,0.0,0.0,0.0,0.0,0.0,0.0,0.0,0.0,0.0,0.0,0.0,0.0,0.0,0.0,0.0,0.0,0.0,0.0,0.0,0.0,-2.004,0.0,-2.004,2.004,0.0,0.0,0.0,0.0,4522.0,0.0,6914.0,0.0,0.0,0.0,-107615304.0,0.0,0.0,0.0,0.0,69,-71.63,-0.0,0.0,0.0,0.0,0.0,0.0,0.0,0.0,0,0,0,0.0,0.0,0.0,0.0,0.0,0.0,0.0,0.0,0.0,0.0,0.0,0.0,0.0,0.0,0.0,0.0,0,-107875648.0,69,0.0,138,0.0,-0.0,0,26215,17085,13107,17099,26215,17079,0,0,0,70,68,100,2.7302399002429377e+23,82.3,-0.0,77.8,-0.0,78.5,1,49,50,180,13107,52429,0,0,0.0,0.0,0.0,0.0,-0.0,67.0,0.0,162057.094,0.0,971,0,994,0,0,0,947,0,1016,0,918,0,788,0,778,0,821,0,7520,0.032,2.795834648671604e+19,0.0,0.0,784,16797,-0.0,162057.094,-114818.039,-0.0,0.133,6.909358625270745e+28,30.0,70.0,35,0.0,0.0,0.0,0.0,0.0,0.0,0.0,0.0,0.0,0.0,0.0,0.0,0.0,0.0,0.0,0.0,66.4,0,150,71,51,65476,0,300,0,0,8,20529,65476,0,0,44564,70.0,0.0,0.0,0.0,0.0,0.0
2026-09-10T21:46:50,ERR,ERR,ERR,ERR,ERR,ERR,ERR,ERR,ERR,ERR,ERR,ERR,ERR,ERR,ERR,ERR,ERR,ERR,ERR,ERR,ERR,ERR,ERR,ERR,ERR,ERR,ERR,ERR,ERR,ERR,ERR,ERR,ERR,ERR,ERR,ERR,ERR,ERR,ERR,ERR,ERR,ERR,ERR,ERR,ERR,ERR,ERR,ERR,ERR,ERR,ERR,ERR,ERR,ERR,ERR,ERR,ERR,ERR,ERR,ERR,ERR,ERR,ERR,ERR,ERR,ERR,ERR,ERR,ERR,ERR,ERR,ERR,ERR,ERR,ERR,ERR,ERR,ERR,ERR,ERR,ERR,ERR,ERR,ERR,ERR,ERR,ERR,ERR,ERR,ERR,ERR,ERR,ERR,ERR,ERR,ERR,ERR,ERR,ERR,ERR,ERR,ERR,ERR,ERR,ERR,ERR,ERR,ERR,ERR,ERR,ERR,ERR,ERR,ERR,ERR,ERR,ERR,ERR,ERR,ERR,ERR,ERR,ERR,ERR,ERR,0.0,0.0,0.0,0.0,0.0,1.3936040501711995e+18,7.805,0.0,0,0,4,0,7116,0.0,100,0.0,0.0,0.0,0.0,0.0,0,0,0,0,0.0,0,0,0,0,0,0,0,0,0,0,0,0,0,0,0,0,0,0,0,0,0,0,0,0,0,0,0,0,0,0,0,0,0,31,40,40,71,65476,0,300,0,0,8,21553,0.0,-107605600.0,0.0,0.0,0.0,0.0,0.0,0.0,0.0,0.0,0.0,0.0,0.0,0.0,0.0,0.0,0.0,0.0,0.0,0.0,0.0,0.0,-2.004,0.0,-2.004,2.004,0.0,0.0,0.0,0.0,4522.0,0.0,6914.0,0.0,0.0,0.0,-107615304.0,0.0,0.0,0.0,0.0,69,-71.63,-0.0,0.0,0.0,0.0,0.0,0.0,0.0,0.0,0,0,0,0.0,0.0,0.0,0.0,0.0,0.0,0.0,0.0,0.0,0.0,0.0,0.0,0.0,0.0,0.0,0.0,0,-107875648.0,69,0.0,138,0.0,-0.0,0,26215,17085,13107,17099,26215,17079,0,0,0,70,68,100,0.0,82.3,-0.0,77.8,-0.0,78.5,1,49,50,180,13107,52429,0,0,0.0,0.0,0.0,0.0,-0.0,67.0,0.0,162057.094,0.0,971,0,994,0,0,0,947,0,1016,0,917,0,788,0,778,0,821,0,7520,0.032,2.795834648671604e+19,0.0,0.0,784,16797,-0.0,162057.094,-114818.039,-0.0,0.133,6.909358625270745e+28,30.0,70.0,35,0.0,0.0,0.0,0.0,0.0,0.0,0.0,0.0,0.0,0.0,0.0,0.0,0.0,0.0,0.0,0.0,66.4,0,150,71,51,65476,0,300,0,0,8,20529,65476,0,0,44564,70.0,0.0,0.0,0.0,0.0,0.0
2026-09-10T21:46:51,ERR,ERR,ERR,ERR,ERR,ERR,ERR,ERR,ERR,ERR,ERR,ERR,ERR,ERR,ERR,ERR,ERR,ERR,ERR,ERR,ERR,ERR,ERR,ERR,ERR,ERR,ERR,ERR,ERR,ERR,ERR,ERR,ERR,ERR,ERR,ERR,ERR,ERR,ERR,ERR,ERR,ERR,ERR,ERR,ERR,ERR,ERR,ERR,ERR,ERR,ERR,ERR,ERR,ERR,ERR,ERR,ERR,ERR,ERR,ERR,ERR,ERR,ERR,ERR,ERR,ERR,ERR,ERR,ERR,ERR,ERR,ERR,ERR,ERR,ERR,ERR,ERR,ERR,ERR,ERR,ERR,ERR,ERR,ERR,ERR,ERR,ERR,ERR,ERR,ERR,ERR,ERR,ERR,ERR,ERR,ERR,ERR,ERR,ERR,ERR,ERR,ERR,ERR,ERR,ERR,ERR,ERR,ERR,ERR,ERR,ERR,ERR,ERR,ERR,ERR,ERR,ERR,ERR,ERR,ERR,ERR,ERR,ERR,ERR,ERR,0.0,0.0,0.0,0.0,0.0,1.3936040501711995e+18,7.805,0.0,0,0,4,0,7116,0.0,100,0.0,0.0,0.0,0.0,0.0,0,0,0,0,0.0,0,0,0,0,0,0,0,0,0,0,0,0,0,0,0,0,0,0,0,0,0,0,0,0,0,0,0,0,0,0,0,0,0,31,40,40,71,65476,0,300,0,0,8,21553,0.0,-107605600.0,0.0,0.0,0.0,0.0,0.0,0.0,0.0,0.0,0.0,0.0,0.0,0.0,0.0,0.0,0.0,0.0,0.0,0.0,0.0,0.0,-2.004,0.0,-2.004,2.004,0.0,0.0,0.0,0.0,4522.0,0.0,6914.0,0.0,0.0,0.0,-107615304.0,0.0,0.0,0.0,0.0,69,-71.63,-0.0,0.0,0.0,0.0,0.0,0.0,0.0,0.0,0,0,0,0.0,0.0,0.0,0.0,0.0,0.0,0.0,0.0,0.0,0.0,0.0,0.0,0.0,0.0,0.0,0.0,0,-107875648.0,69,0.0,138,0.0,-0.0,0,26215,17085,13107,17099,26215,17079,0,0,0,70,68,100,0.0,82.3,-0.0,77.8,-0.0,78.5,1,49,50,180,13107,52429,0,0,0.0,0.0,0.0,0.0,-0.0,67.0,0.0,162057.094,0.0,971,0,994,0,0,0,947,0,1016,0,917,0,788,0,778,0,821,0,7520,0.032,2.795834648671604e+19,0.0,0.0,784,16797,-0.0,162057.094,-114818.039,-0.0,0.133,6.909358625270745e+28,30.0,70.0,35,0.0,0.0,0.0,0.0,0.0,0.0,0.0,0.0,0.0,0.0,0.0,0.0,0.0,0.0,0.0,0.0,66.4,0,150,71,51,65476,0,300,0,0,8,20529,65476,0,0,44564,70.0,0.0,0.0,0.0,0.0,0.0
2026-09-10T21:46:52,ERR,ERR,ERR,ERR,ERR,ERR,ERR,ERR,ERR,ERR,ERR,ERR,ERR,ERR,ERR,ERR,ERR,ERR,ERR,ERR,ERR,ERR,ERR,ERR,ERR,ERR,ERR,ERR,ERR,ERR,ERR,ERR,ERR,ERR,ERR,ERR,ERR,ERR,ERR,ERR,ERR,ERR,ERR,ERR,ERR,ERR,ERR,ERR,ERR,ERR,ERR,ERR,ERR,ERR,ERR,ERR,ERR,ERR,ERR,ERR,ERR,ERR,ERR,ERR,ERR,ERR,ERR,ERR,ERR,ERR,ERR,ERR,ERR,ERR,ERR,ERR,ERR,ERR,ERR,ERR,ERR,ERR,ERR,ERR,ERR,ERR,ERR,ERR,ERR,ERR,ERR,ERR,ERR,ERR,ERR,ERR,ERR,ERR,ERR,ERR,ERR,ERR,ERR,ERR,ERR,ERR,ERR,ERR,ERR,ERR,ERR,ERR,ERR,ERR,ERR,ERR,ERR,ERR,ERR,ERR,ERR,ERR,ERR,ERR,ERR,0.0,0.0,0.0,0.0,0.0,1.3936040501711995e+18,7.805,0.0,0,0,4,0,7116,0.0,100,0.0,0.0,0.0,0.0,0.0,0,0,0,0,0.0,0,0,0,0,0,0,0,0,0,0,0,0,0,0,0,0,0,0,0,0,0,0,0,0,0,0,0,0,0,0,0,0,0,31,40,40,71,65476,0,300,0,0,8,21553,0.0,-107605600.0,0.0,0.0,0.0,0.0,0.0,0.0,0.0,0.0,0.0,0.0,0.0,0.0,0.0,0.0,0.0,0.0,0.0,0.0,0.0,0.0,-2.004,0.0,-2.004,0.0,0.0,0.0,0.0,0.0,4514.0,0.0,6913.0,0.0,0.0,0.0,-107615304.0,0.0,0.0,0.0,0.0,69,-0.0,-0.0,0.0,0.0,0.0,0.0,0.0,0.0,0.0,0,0,0,0.0,0.0,0.0,0.0,0.0,0.0,0.0,0.0,0.0,0.0,0.0,0.0,0.0,0.0,0.0,0.0,0,-107875648.0,69,0.0,138,0.0,-0.0,0,26215,17085,13107,17099,26215,17079,0,0,0,70,68,100,0.0,82.3,-0.0,77.8,-0.0,78.5,1,49,50,180,13107,52429,0,0,0.0,0.0,0.0,0.0,-0.0,67.0,0.0,162057.094,0.0,971,0,994,0,0,0,947,0,1016,0,917,0,788,0,778,0,821,0,7520,0.032,2.795834648671604e+19,0.0,0.0,784,16797,-0.0,162057.094,-114818.039,-0.0,0.133,6.909358625270745e+28,30.0,70.0,35,0.0,0.0,0.0,0.0,0.0,0.0,0.0,0.0,0.0,0.0,0.0,0.0,0.0,0.0,0.0,0.0,66.4,0,150,71,51,65476,0,300,0,0,8,20529,65476,0,0,44564,70.0,0.0,0.0,0.0,0.0,0.0
2026-09-10T21:46:53,ERR,ERR,ERR,ERR,ERR,ERR,ERR,ERR,ERR,ERR,ERR,ERR,ERR,ERR,ERR,ERR,ERR,ERR,ERR,ERR,ERR,ERR,ERR,ERR,ERR,ERR,ERR,ERR,ERR,ERR,ERR,ERR,ERR,ERR,ERR,ERR,ERR,ERR,ERR,ERR,ERR,ERR,ERR,ERR,ERR,ERR,ERR,ERR,ERR,ERR,ERR,ERR,ERR,ERR,ERR,ERR,ERR,ERR,ERR,ERR,ERR,ERR,ERR,ERR,ERR,ERR,ERR,ERR,ERR,ERR,ERR,ERR,ERR,ERR,ERR,ERR,ERR,ERR,ERR,ERR,ERR,ERR,ERR,ERR,ERR,ERR,ERR,ERR,ERR,ERR,ERR,ERR,ERR,ERR,ERR,ERR,ERR,ERR,ERR,ERR,ERR,ERR,ERR,ERR,ERR,ERR,ERR,ERR,ERR,ERR,ERR,ERR,ERR,ERR,ERR,ERR,ERR,ERR,ERR,ERR,ERR,ERR,ERR,ERR,ERR,0.0,0.0,0.0,0.0,0.0,1.3936040501711995e+18,7.805,0.0,0,0,4,0,7116,0.0,100,0.0,0.0,0.0,0.0,0.0,0,0,0,0,0.0,0,0,0,0,0,0,0,0,0,0,0,0,0,0,0,0,0,0,0,0,0,0,0,0,0,0,0,0,0,0,0,0,0,31,40,40,71,65476,0,300,0,0,8,21553,0.0,-107605600.0,0.0,0.0,0.0,0.0,0.0,0.0,0.0,0.0,0.0,0.0,0.0,0.0,0.0,0.0,0.0,0.0,0.0,0.0,0.0,0.0,-2.004,0.0,-2.004,0.0,0.0,0.0,0.0,0.0,4514.0,0.0,6913.0,0.0,0.0,0.0,-107615304.0,0.0,0.0,0.0,0.0,69,-0.0,-0.0,0.0,0.0,0.0,0.0,0.0,0.0,0.0,0,0,0,0.0,0.0,0.0,0.0,0.0,0.0,0.0,0.0,0.0,0.0,0.0,0.0,0.0,0.0,0.0,0.0,0,-107875648.0,69,0.0,138,0.0,-0.0,0,26215,17085,13107,17099,26215,17079,0,0,0,70,68,100,0.0,82.3,-0.0,77.8,-0.0,78.5,1,49,50,180,13107,52429,0,0,0.0,0.0,0.0,0.0,-0.0,67.0,0.0,162057.094,0.0,971,0,994,0,0,0,947,0,1016,0,917,0,788,0,778,0,821,0,7520,0.032,2.795834648671604e+19,0.0,0.0,784,16797,-0.0,162057.094,-114818.039,-0.0,0.133,6.909358625270745e+28,30.0,70.0,35,0.0,0.0,0.0,0.0,0.0,0.0,0.0,0.0,0.0,0.0,0.0,0.0,0.0,0.0,0.0,0.0,66.4,0,150,71,51,65476,0,300,0,0,8,20529,65476,0,0,44564,70.0,0.0,0.0,0.0,0.0,0.0
2026-09-10T21:46:54,ERR,ERR,ERR,ERR,ERR,ERR,ERR,ERR,ERR,ERR,ERR,ERR,ERR,ERR,ERR,ERR,ERR,ERR,ERR,ERR,ERR,ERR,ERR,ERR,ERR,ERR,ERR,ERR,ERR,ERR,ERR,ERR,ERR,ERR,ERR,ERR,ERR,ERR,ERR,ERR,ERR,ERR,ERR,ERR,ERR,ERR,ERR,ERR,ERR,ERR,ERR,ERR,ERR,ERR,ERR,ERR,ERR,ERR,ERR,ERR,ERR,ERR,ERR,ERR,ERR,ERR,ERR,ERR,ERR,ERR,ERR,ERR,ERR,ERR,ERR,ERR,ERR,ERR,ERR,ERR,ERR,ERR,ERR,ERR,ERR,ERR,ERR,ERR,ERR,ERR,ERR,ERR,ERR,ERR,ERR,ERR,ERR,ERR,ERR,ERR,ERR,ERR,ERR,ERR,ERR,ERR,ERR,ERR,ERR,ERR,ERR,ERR,ERR,ERR,ERR,ERR,ERR,ERR,ERR,ERR,ERR,ERR,ERR,ERR,ERR,0.0,0.0,0.0,0.0,0.0,1.3936040501711995e+18,7.805,0.0,0,0,4,0,7116,0.0,100,0.0,0.0,0.0,0.0,0.0,0,0,0,0,0.0,0,0,0,0,0,0,0,0,0,0,0,0,0,0,0,0,0,0,0,0,0,0,0,0,0,0,0,0,0,0,0,0,0,31,40,40,71,65476,0,300,0,0,8,21553,0.0,-107605600.0,0.0,0.0,0.0,0.0,0.0,0.0,0.0,0.0,0.0,0.0,0.0,0.0,0.0,0.0,0.0,0.0,0.0,0.0,0.0,0.0,-2.004,0.0,-2.004,0.0,0.0,0.0,0.0,0.0,4514.0,0.0,6913.0,0.0,0.0,0.0,-107615304.0,0.0,0.0,0.0,0.0,69,-0.0,-0.0,0.0,0.0,0.0,0.0,0.0,0.0,0.0,0,0,0,0.0,0.0,0.0,0.0,0.0,0.0,0.0,0.0,0.0,0.0,0.0,0.0,0.0,0.0,0.0,0.0,0,-107875648.0,69,0.0,138,0.0,-0.0,0,26215,17085,13107,17099,26215,17079,0,0,0,70,68,100,0.0,82.3,-0.0,77.8,-0.0,78.5,1,49,50,180,13107,52429,0,0,0.0,0.0,0.0,0.0,-0.0,67.0,0.0,162057.094,0.0,971,0,994,0,0,0,947,0,1016,0,917,0,788,0,778,0,821,0,7520,0.032,2.795834648671604e+19,0.0,0.0,784,16797,-0.0,162057.094,-114818.039,-0.0,0.133,6.909358625270745e+28,30.0,70.0,35,0.0,0.0,0.0,0.0,0.0,0.0,0.0,0.0,0.0,0.0,0.0,0.0,0.0,0.0,0.0,0.0,66.4,0,150,71,51,65476,0,300,0,0,8,20529,65476,0,0,44564,70.0,0.0,0.0,0.0,0.0,0.0
2026-09-10T21:46:55,ERR,ERR,ERR,ERR,ERR,ERR,ERR,ERR,ERR,ERR,ERR,ERR,ERR,ERR,ERR,ERR,ERR,ERR,ERR,ERR,ERR,ERR,ERR,ERR,ERR,ERR,ERR,ERR,ERR,ERR,ERR,ERR,ERR,ERR,ERR,ERR,ERR,ERR,ERR,ERR,ERR,ERR,ERR,ERR,ERR,ERR,ERR,ERR,ERR,ERR,ERR,ERR,ERR,ERR,ERR,ERR,ERR,ERR,ERR,ERR,ERR,ERR,ERR,ERR,ERR,ERR,ERR,ERR,ERR,ERR,ERR,ERR,ERR,ERR,ERR,ERR,ERR,ERR,ERR,ERR,ERR,ERR,ERR,ERR,ERR,ERR,ERR,ERR,ERR,ERR,ERR,ERR,ERR,ERR,ERR,ERR,ERR,ERR,ERR,ERR,ERR,ERR,ERR,ERR,ERR,ERR,ERR,ERR,ERR,ERR,ERR,ERR,ERR,ERR,ERR,ERR,ERR,ERR,ERR,ERR,ERR,ERR,ERR,ERR,ERR,0.0,0.0,0.0,0.0,0.0,1.3936040501711995e+18,7.805,0.0,0,0,4,0,7116,0.0,100,0.0,0.0,0.0,0.0,0.0,0,0,0,0,0.0,0,0,0,0,0,0,0,0,0,0,0,0,0,0,0,0,0,0,0,0,0,0,0,0,0,0,0,0,0,0,0,0,0,31,40,40,71,65476,0,300,0,0,8,21553,0.0,-107605600.0,0.0,0.0,0.0,0.0,0.0,0.0,0.0,0.0,0.0,0.0,0.0,0.0,0.0,0.0,0.0,0.0,0.0,0.0,0.0,0.0,-2.004,0.0,-2.004,0.0,0.0,0.0,0.0,0.0,4514.0,0.0,6913.0,0.0,0.0,0.0,-107615304.0,0.0,0.0,0.0,0.0,69,-0.0,-0.0,0.0,0.0,0.0,0.0,0.0,0.0,0.0,0,0,0,0.0,0.0,0.0,0.0,0.0,0.0,0.0,0.0,0.0,0.0,0.0,0.0,0.0,0.0,0.0,0.0,0,-107875648.0,69,0.0,138,0.0,-0.0,0,26215,17085,13107,17099,26215,17079,0,0,0,70,68,100,0.0,82.3,-0.0,77.8,-0.0,78.5,1,49,50,180,13107,52429,0,0,0.0,0.0,0.0,0.0,-0.0,67.0,0.0,162057.094,0.0,971,0,994,0,0,0,947,0,1016,0,917,0,788,0,778,0,821,0,7520,0.032,2.795834648671604e+19,0.0,0.0,784,16797,-0.0,162057.094,-114818.039,-0.0,0.133,6.909358625270745e+28,30.0,70.0,35,0.0,0.0,0.0,0.0,0.0,0.0,0.0,0.0,0.0,0.0,0.0,0.0,0.0,0.0,0.0,0.0,66.8,0,150,71,51,65476,0,300,0,0,8,20529,65476,0,0,44564,70.0,0.0,0.0,0.0,0.0,0.0
2026-09-10T21:46:56,ERR,ERR,ERR,ERR,ERR,ERR,ERR,ERR,ERR,ERR,ERR,ERR,ERR,ERR,ERR,ERR,ERR,ERR,ERR,ERR,ERR,ERR,ERR,ERR,ERR,ERR,ERR,ERR,ERR,ERR,ERR,ERR,ERR,ERR,ERR,ERR,ERR,ERR,ERR,ERR,ERR,ERR,ERR,ERR,ERR,ERR,ERR,ERR,ERR,ERR,ERR,ERR,ERR,ERR,ERR,ERR,ERR,ERR,ERR,ERR,ERR,ERR,ERR,ERR,ERR,ERR,ERR,ERR,ERR,ERR,ERR,ERR,ERR,ERR,ERR,ERR,ERR,ERR,ERR,ERR,ERR,ERR,ERR,ERR,ERR,ERR,ERR,ERR,ERR,ERR,ERR,ERR,ERR,ERR,ERR,ERR,ERR,ERR,ERR,ERR,ERR,ERR,ERR,ERR,ERR,ERR,ERR,ERR,ERR,ERR,ERR,ERR,ERR,ERR,ERR,ERR,ERR,ERR,ERR,ERR,ERR,ERR,ERR,ERR,ERR,0.0,0.0,0.0,0.0,0.0,1.3936040501711995e+18,7.805,0.0,0,0,4,0,7116,0.0,100,0.0,0.0,0.0,0.0,0.0,0,0,0,0,0.0,0,0,0,0,0,0,0,0,0,0,0,0,0,0,0,0,0,0,0,0,0,0,0,0,0,0,0,0,0,0,0,0,0,31,40,40,71,65476,0,300,0,0,8,21553,0.0,-107605600.0,0.0,0.0,0.0,0.0,0.0,0.0,0.0,0.0,0.0,0.0,0.0,0.0,0.0,0.0,0.0,0.0,0.0,0.0,0.0,0.0,-2.004,0.0,-2.004,0.0,0.0,0.0,0.0,0.0,4514.0,0.0,6913.0,0.0,0.0,0.0,-107615304.0,0.0,0.0,0.0,0.0,69,-0.0,-0.0,0.0,0.0,0.0,0.0,0.0,0.0,0.0,0,0,0,0.0,0.0,0.0,0.0,0.0,0.0,0.0,0.0,0.0,0.0,0.0,0.0,0.0,0.0,0.0,0.0,0,-107875648.0,69,0.0,138,0.0,-0.0,0,26215,17085,13107,17099,26215,17079,0,0,0,70,68,100,0.0,82.3,-0.0,77.8,-0.0,78.5,1,49,50,180,13107,52429,0,0,0.0,0.0,0.0,0.0,-0.0,67.0,0.0,162057.094,0.0,971,0,994,0,0,0,947,0,1016,0,917,0,788,0,778,0,821,0,7520,0.032,2.8102461674791895e+19,0.0,0.0,784,16797,-0.0,162057.094,-114818.039,-0.0,0.133,6.909358625270745e+28,30.0,70.0,35,0.0,0.0,0.0,0.0,0.0,0.0,0.0,0.0,0.0,0.0,0.0,0.0,0.0,0.0,0.0,0.0,66.8,0,150,71,51,65476,0,300,0,0,8,20529,65476,0,0,44564,70.0,0.0,0.0,0.0,0.0,0.0
2026-09-10T21:46:57,ERR,ERR,ERR,ERR,ERR,ERR,ERR,ERR,ERR,ERR,ERR,ERR,ERR,ERR,ERR,ERR,ERR,ERR,ERR,ERR,ERR,ERR,ERR,ERR,ERR,ERR,ERR,ERR,ERR,ERR,ERR,ERR,ERR,ERR,ERR,ERR,ERR,ERR,ERR,ERR,ERR,ERR,ERR,ERR,ERR,ERR,ERR,ERR,ERR,ERR,ERR,ERR,ERR,ERR,ERR,ERR,ERR,ERR,ERR,ERR,ERR,ERR,ERR,ERR,ERR,ERR,ERR,ERR,ERR,ERR,ERR,ERR,ERR,ERR,ERR,ERR,ERR,ERR,ERR,ERR,ERR,ERR,ERR,ERR,ERR,ERR,ERR,ERR,ERR,ERR,ERR,ERR,ERR,ERR,ERR,ERR,ERR,ERR,ERR,ERR,ERR,ERR,ERR,ERR,ERR,ERR,ERR,ERR,ERR,ERR,ERR,ERR,ERR,ERR,ERR,ERR,ERR,ERR,ERR,ERR,ERR,ERR,ERR,ERR,ERR,0.0,0.0,0.0,0.0,0.0,1.3936040501711995e+18,7.805,0.0,0,0,4,0,7116,0.0,100,0.0,0.0,0.0,0.0,0.0,0,0,0,0,0.0,0,0,0,0,0,0,0,0,0,0,0,0,0,0,0,0,0,0,0,0,0,0,0,0,0,0,0,0,0,0,0,0,0,31,40,40,71,65476,0,300,0,0,8,21553,0.0,-107605600.0,0.0,0.0,0.0,0.0,0.0,0.0,0.0,0.0,0.0,0.0,0.0,0.0,0.0,0.0,0.0,0.0,0.0,0.0,0.0,0.0,-2.004,0.0,-2.004,0.0,0.0,0.0,0.0,0.0,4514.0,0.0,6913.0,0.0,0.0,0.0,-107615304.0,0.0,0.0,0.0,0.0,69,-0.0,-0.0,0.0,0.0,0.0,0.0,0.0,0.0,0.0,0,0,0,0.0,0.0,0.0,0.0,0.0,0.0,0.0,0.0,0.0,0.0,0.0,0.0,0.0,0.0,0.0,0.0,0,-107875648.0,69,0.0,138,0.0,-0.0,0,26215,17085,13107,17099,26215,17079,0,0,0,70,68,100,0.0,82.3,-0.0,77.8,-0.0,78.5,1,49,50,180,13107,52429,0,0,0.0,0.0,0.0,0.0,-0.0,67.0,0.0,162057.094,0.0,971,0,994,0,0,0,947,0,1016,0,917,0,788,0,778,0,821,0,7520,0.032,2.8102461674791895e+19,0.0,0.0,784,16797,-0.0,162057.094,-114818.039,-0.0,0.133,6.909358625270745e+28,30.0,70.0,35,0.0,0.0,0.0,0.0,0.0,0.0,0.0,0.0,0.0,0.0,0.0,0.0,0.0,0.0,0.0,0.0,66.4,0,150,71,51,65476,0,300,0,0,8,20529,65476,0,0,44564,70.0,0.0,0.0,0.0,0.0,0.0
2026-09-10T21:46:58,ERR,ERR,ERR,ERR,ERR,ERR,ERR,ERR,ERR,ERR,ERR,ERR,ERR,ERR,ERR,ERR,ERR,ERR,ERR,ERR,ERR,ERR,ERR,ERR,ERR,ERR,ERR,ERR,ERR,ERR,ERR,ERR,ERR,ERR,ERR,ERR,ERR,ERR,ERR,ERR,ERR,ERR,ERR,ERR,ERR,ERR,ERR,ERR,ERR,ERR,ERR,ERR,ERR,ERR,ERR,ERR,ERR,ERR,ERR,ERR,ERR,ERR,ERR,ERR,ERR,ERR,ERR,ERR,ERR,ERR,ERR,ERR,ERR,ERR,ERR,ERR,ERR,ERR,ERR,ERR,ERR,ERR,ERR,ERR,ERR,ERR,ERR,ERR,ERR,ERR,ERR,ERR,ERR,ERR,ERR,ERR,ERR,ERR,ERR,ERR,ERR,ERR,ERR,ERR,ERR,ERR,ERR,ERR,ERR,ERR,ERR,ERR,ERR,ERR,ERR,ERR,ERR,ERR,ERR,ERR,ERR,ERR,ERR,ERR,ERR,0.0,0.0,0.0,0.0,0.0,1.3936040501711995e+18,7.805,0.0,0,0,4,0,7116,0.0,100,0.0,0.0,0.0,0.0,0.0,0,0,0,0,0.0,0,0,0,0,0,0,0,0,0,0,0,0,0,0,0,0,0,0,0,0,0,0,0,0,0,0,0,0,0,0,0,0,0,31,40,40,71,65476,0,300,0,0,8,21553,0.0,-107605600.0,0.0,0.0,0.0,0.0,0.0,0.0,0.0,0.0,0.0,0.0,0.0,0.0,0.0,0.0,0.0,0.0,0.0,0.0,0.0,0.0,-2.004,0.0,-2.004,0.0,0.0,0.0,0.0,0.0,4514.0,0.0,6913.0,0.0,0.0,0.0,-107615304.0,0.0,0.0,0.0,0.0,69,-0.0,-0.0,0.0,0.0,0.0,0.0,0.0,0.0,0.0,0,0,0,0.0,0.0,0.0,0.0,0.0,0.0,0.0,0.0,0.0,0.0,0.0,0.0,0.0,0.0,0.0,0.0,0,-107875648.0,69,0.0,138,0.0,-0.0,0,26215,17085,13107,17099,26215,17079,0,0,0,70,68,100,0.0,82.3,-0.0,77.8,-0.0,78.5,1,49,50,180,13107,52429,0,0,0.0,0.0,0.0,0.0,-0.0,67.0,0.0,162057.094,0.0,971,0,994,0,0,0,947,0,1016,0,917,0,788,0,778,0,821,0,7520,0.032,2.8102461674791895e+19,0.0,0.0,784,16797,-0.0,162057.094,-114818.039,-0.0,0.133,6.909358625270745e+28,30.0,70.0,35,0.0,0.0,0.0,0.0,0.0,0.0,0.0,0.0,0.0,0.0,0.0,0.0,0.0,0.0,0.0,0.0,66.4,0,150,71,51,65476,0,300,0,0,8,20529,65476,0,0,44564,70.0,0.0,0.0,0.0,0.0,0.0
2026-09-10T21:46:59,ERR,ERR,ERR,ERR,ERR,ERR,ERR,ERR,ERR,ERR,ERR,ERR,ERR,ERR,ERR,ERR,ERR,ERR,ERR,ERR,ERR,ERR,ERR,ERR,ERR,ERR,ERR,ERR,ERR,ERR,ERR,ERR,ERR,ERR,ERR,ERR,ERR,ERR,ERR,ERR,ERR,ERR,ERR,ERR,ERR,ERR,ERR,ERR,ERR,ERR,ERR,ERR,ERR,ERR,ERR,ERR,ERR,ERR,ERR,ERR,ERR,ERR,ERR,ERR,ERR,ERR,ERR,ERR,ERR,ERR,ERR,ERR,ERR,ERR,ERR,ERR,ERR,ERR,ERR,ERR,ERR,ERR,ERR,ERR,ERR,ERR,ERR,ERR,ERR,ERR,ERR,ERR,ERR,ERR,ERR,ERR,ERR,ERR,ERR,ERR,ERR,ERR,ERR,ERR,ERR,ERR,ERR,ERR,ERR,ERR,ERR,ERR,ERR,ERR,ERR,ERR,ERR,ERR,ERR,ERR,ERR,ERR,ERR,ERR,ERR,0.0,0.0,0.0,0.0,0.0,1.3936040501711995e+18,7.805,0.0,0,0,4,0,7116,0.0,100,0.0,0.0,0.0,0.0,0.0,0,0,0,0,0.0,0,0,0,0,0,0,0,0,0,0,0,0,0,0,0,0,0,0,0,0,0,0,0,0,0,0,0,0,0,0,0,0,0,31,40,40,71,65476,0,300,0,0,8,21553,0.0,-107605600.0,0.0,0.0,0.0,0.0,0.0,0.0,0.0,0.0,0.0,0.0,0.0,0.0,0.0,0.0,0.0,0.0,0.0,0.0,0.0,0.0,-2.004,0.0,-2.004,0.0,0.0,0.0,0.0,0.0,4514.0,0.0,6913.0,0.0,0.0,0.0,-107615304.0,0.0,0.0,0.0,0.0,69,-0.0,-0.0,0.0,0.0,0.0,0.0,0.0,0.0,0.0,0,0,0,0.0,0.0,0.0,0.0,0.0,0.0,0.0,0.0,0.0,0.0,0.0,0.0,0.0,0.0,0.0,0.0,0,-107875648.0,69,0.0,138,0.0,-0.0,0,26215,17085,13107,17099,26215,17079,0,0,0,70,68,100,0.0,82.3,-0.0,77.8,-0.0,78.5,1,49,50,180,13107,52429,0,0,0.0,0.0,0.0,0.0,-0.0,67.0,0.0,162057.094,0.0,971,0,994,0,0,0,947,0,1016,0,917,0,788,0,778,0,821,0,7520,0.032,2.8102461674791895e+19,0.0,0.0,784,16797,-0.0,162057.094,-114818.039,-0.0,0.133,6.909358625270745e+28,30.0,70.0,35,0.0,0.0,0.0,0.0,0.0,0.0,0.0,0.0,0.0,0.0,0.0,0.0,0.0,0.0,0.0,0.0,66.4,0,150,71,51,65476,0,300,0,0,8,20529,65476,0,0,44564,70.0,0.0,0.0,0.0,0.0,0.0
2026-09-10T21:47:00,ERR,ERR,ERR,ERR,ERR,ERR,ERR,ERR,ERR,ERR,ERR,ERR,ERR,ERR,ERR,ERR,ERR,ERR,ERR,ERR,ERR,ERR,ERR,ERR,ERR,ERR,ERR,ERR,ERR,ERR,ERR,ERR,ERR,ERR,ERR,ERR,ERR,ERR,ERR,ERR,ERR,ERR,ERR,ERR,ERR,ERR,ERR,ERR,ERR,ERR,ERR,ERR,ERR,ERR,ERR,ERR,ERR,ERR,ERR,ERR,ERR,ERR,ERR,ERR,ERR,ERR,ERR,ERR,ERR,ERR,ERR,ERR,ERR,ERR,ERR,ERR,ERR,ERR,ERR,ERR,ERR,ERR,ERR,ERR,ERR,ERR,ERR,ERR,ERR,ERR,ERR,ERR,ERR,ERR,ERR,ERR,ERR,ERR,ERR,ERR,ERR,ERR,ERR,ERR,ERR,ERR,ERR,ERR,ERR,ERR,ERR,ERR,ERR,ERR,ERR,ERR,ERR,ERR,ERR,ERR,ERR,ERR,ERR,ERR,ERR,0.0,0.0,0.0,0.0,0.0,1.3936040501711995e+18,7.805,0.0,0,0,4,0,7116,0.0,100,0.0,0.0,0.0,0.0,0.0,0,0,0,0,0.0,0,0,0,0,0,0,0,0,0,0,0,0,0,0,0,0,0,0,0,0,0,0,0,0,0,0,0,0,0,0,0,0,0,31,40,40,71,65476,0,300,0,0,8,21553,0.0,-107605600.0,0.0,0.0,0.0,0.0,0.0,0.0,0.0,0.0,0.0,0.0,0.0,0.0,0.0,0.0,0.0,0.0,0.0,0.0,0.0,0.0,-2.004,0.0,-2.004,2.004,0.0,0.0,0.0,0.0,4511.0,-2.4229832928462634e+24,6912.0,0.0,0.0,0.0,-107615304.0,0.0,0.0,0.0,0.0,69,-0.0,5.84804776034314e+35,0.0,0.0,0.0,0.0,0.0,0.0,0.0,0,0,0,0.0,0.0,0.0,0.0,0.0,0.0,0.0,0.0,0.0,0.0,0.0,0.0,0.0,0.0,0.0,0.0,0,-107875648.0,69,0.0,138,0.0,-0.0,0,26215,17085,13107,17099,26215,17079,0,0,0,70,68,100,0.0,82.3,-0.0,77.8,-0.0,78.5,1,49,50,180,13107,52429,0,0,0.0,0.0,0.0,0.0,-0.0,67.0,0.0,162057.094,0.0,971,0,994,0,0,0,947,0,1016,0,917,0,788,0,778,0,821,0,7520,0.032,2.8102461674791895e+19,0.0,0.0,784,16797,-0.0,162057.094,-114818.039,-0.0,0.133,6.909358625270745e+28,30.0,70.0,35,0.0,0.0,0.0,0.0,0.0,0.0,0.0,0.0,0.0,0.0,0.0,0.0,0.0,0.0,0.0,0.0,66.4,0,150,71,51,65476,0,300,0,0,8,20529,65476,0,0,44564,70.0,0.0,0.0,0.0,0.0,0.0
2026-09-10T21:47:01,ERR,ERR,ERR,ERR,ERR,ERR,ERR,ERR,ERR,ERR,ERR,ERR,ERR,ERR,ERR,ERR,ERR,ERR,ERR,ERR,ERR,ERR,ERR,ERR,ERR,ERR,ERR,ERR,ERR,ERR,ERR,ERR,ERR,ERR,ERR,ERR,ERR,ERR,ERR,ERR,ERR,ERR,ERR,ERR,ERR,ERR,ERR,ERR,ERR,ERR,ERR,ERR,ERR,ERR,ERR,ERR,ERR,ERR,ERR,ERR,ERR,ERR,ERR,ERR,ERR,ERR,ERR,ERR,ERR,ERR,ERR,ERR,ERR,ERR,ERR,ERR,ERR,ERR,ERR,ERR,ERR,ERR,ERR,ERR,ERR,ERR,ERR,ERR,ERR,ERR,ERR,ERR,ERR,ERR,ERR,ERR,ERR,ERR,ERR,ERR,ERR,ERR,ERR,ERR,ERR,ERR,ERR,ERR,ERR,ERR,ERR,ERR,ERR,ERR,ERR,ERR,ERR,ERR,ERR,ERR,ERR,ERR,ERR,ERR,ERR,0.0,0.0,0.0,0.0,0.0,1.3936040501711995e+18,7.805,0.0,0,0,4,0,7116,0.0,100,0.0,0.0,0.0,0.0,0.0,0,0,0,0,0.0,0,0,0,0,0,0,0,0,0,0,0,0,0,0,0,0,0,0,0,0,0,0,0,0,0,0,0,0,0,0,0,0,0,31,40,40,71,65476,0,300,0,0,8,21553,0.0,-107605600.0,0.0,0.0,0.0,0.0,0.0,0.0,0.0,0.0,0.0,0.0,0.0,0.0,0.0,0.0,0.0,0.0,0.0,0.0,0.0,0.0,-2.004,0.0,-2.004,2.004,0.0,0.0,0.0,0.0,4511.0,-2.4229832928462634e+24,6912.0,0.0,0.0,0.0,-107615304.0,0.0,0.0,0.0,0.0,69,-0.0,5.84804776034314e+35,0.0,0.0,0.0,0.0,0.0,0.0,0.0,0,0,0,0.0,0.0,0.0,0.0,0.0,0.0,0.0,0.0,0.0,0.0,0.0,0.0,0.0,0.0,0.0,0.0,0,-107875648.0,69,0.0,138,0.0,-0.0,0,26215,17085,13107,17099,26215,17079,0,0,0,70,68,100,0.0,82.3,-0.0,77.8,-0.0,78.5,1,49,50,180,13107,52429,0,0,0.0,0.0,0.0,0.0,-0.0,67.0,0.0,162057.094,0.0,971,0,994,0,0,0,947,0,1016,0,917,0,788,0,778,0,821,0,7520,0.032,2.8102461674791895e+19,0.0,0.0,784,16797,-0.0,162057.094,-114818.039,-0.0,0.133,6.909358625270745e+28,30.0,70.0,35,0.0,0.0,0.0,0.0,0.0,0.0,0.0,0.0,0.0,0.0,0.0,0.0,0.0,0.0,0.0,0.0,66.4,0,150,71,51,65476,0,300,0,0,8,20529,65476,0,0,44564,70.0,0.0,0.0,0.0,0.0,0.0
2026-09-10T21:47:02,ERR,ERR,ERR,ERR,ERR,ERR,ERR,ERR,ERR,ERR,ERR,ERR,ERR,ERR,ERR,ERR,ERR,ERR,ERR,ERR,ERR,ERR,ERR,ERR,ERR,ERR,ERR,ERR,ERR,ERR,ERR,ERR,ERR,ERR,ERR,ERR,ERR,ERR,ERR,ERR,ERR,ERR,ERR,ERR,ERR,ERR,ERR,ERR,ERR,ERR,ERR,ERR,ERR,ERR,ERR,ERR,ERR,ERR,ERR,ERR,ERR,ERR,ERR,ERR,ERR,ERR,ERR,ERR,ERR,ERR,ERR,ERR,ERR,ERR,ERR,ERR,ERR,ERR,ERR,ERR,ERR,ERR,ERR,ERR,ERR,ERR,ERR,ERR,ERR,ERR,ERR,ERR,ERR,ERR,ERR,ERR,ERR,ERR,ERR,ERR,ERR,ERR,ERR,ERR,ERR,ERR,ERR,ERR,ERR,ERR,ERR,ERR,ERR,ERR,ERR,ERR,ERR,ERR,ERR,ERR,ERR,ERR,ERR,ERR,ERR,0.0,0.0,0.0,0.0,0.0,1.3936040501711995e+18,7.805,0.0,0,0,4,0,7116,0.0,100,0.0,0.0,0.0,0.0,0.0,0,0,0,0,0.0,0,0,0,0,0,0,0,0,0,0,0,0,0,0,0,0,0,0,0,0,0,0,0,0,0,0,0,0,0,0,0,0,0,31,40,40,71,65476,0,300,0,0,8,21553,0.0,-107605600.0,0.0,0.0,0.0,0.0,0.0,0.0,0.0,0.0,0.0,0.0,0.0,0.0,0.0,0.0,0.0,0.0,0.0,0.0,0.0,0.0,-2.004,0.0,-2.004,2.004,0.0,0.0,0.0,0.0,4511.0,-2.4229832928462634e+24,6912.0,0.0,0.0,0.0,-107615304.0,0.0,0.0,0.0,0.0,69,-0.0,5.84804776034314e+35,0.0,0.0,0.0,0.0,0.0,0.0,0.0,0,0,0,0.0,0.0,0.0,0.0,0.0,0.0,0.0,0.0,0.0,0.0,0.0,0.0,0.0,0.0,0.0,0.0,0,-107875648.0,69,0.0,138,0.0,-0.0,0,26215,17085,13107,17099,26215,17079,0,0,0,70,68,100,0.0,82.3,-0.0,77.8,-0.0,78.5,1,49,50,180,0,52429,0,0,0.0,0.0,0.0,0.0,-0.0,67.0,0.0,162057.094,0.0,970,0,994,0,0,0,947,0,1016,0,917,0,788,0,778,0,821,0,7520,0.032,2.795834648671604e+19,0.0,0.0,784,16797,-0.0,162057.094,-114818.039,-0.0,0.133,6.909358625270745e+28,30.0,70.0,35,0.0,0.0,0.0,0.0,0.0,0.0,0.0,0.0,0.0,0.0,0.0,0.0,0.0,0.0,0.0,0.0,66.4,0,150,71,51,65476,0,300,0,0,8,20529,65476,0,0,44564,70.0,0.0,0.0,0.0,0.0,0.0
2026-09-10T21:47:03,ERR,ERR,ERR,ERR,ERR,ERR,ERR,ERR,ERR,ERR,ERR,ERR,ERR,ERR,ERR,ERR,ERR,ERR,ERR,ERR,ERR,ERR,ERR,ERR,ERR,ERR,ERR,ERR,ERR,ERR,ERR,ERR,ERR,ERR,ERR,ERR,ERR,ERR,ERR,ERR,ERR,ERR,ERR,ERR,ERR,ERR,ERR,ERR,ERR,ERR,ERR,ERR,ERR,ERR,ERR,ERR,ERR,ERR,ERR,ERR,ERR,ERR,ERR,ERR,ERR,ERR,ERR,ERR,ERR,ERR,ERR,ERR,ERR,ERR,ERR,ERR,ERR,ERR,ERR,ERR,ERR,ERR,ERR,ERR,ERR,ERR,ERR,ERR,ERR,ERR,ERR,ERR,ERR,ERR,ERR,ERR,ERR,ERR,ERR,ERR,ERR,ERR,ERR,ERR,ERR,ERR,ERR,ERR,ERR,ERR,ERR,ERR,ERR,ERR,ERR,ERR,ERR,ERR,ERR,ERR,ERR,ERR,ERR,ERR,ERR,0.0,0.0,0.0,0.0,0.0,1.3936040501711995e+18,7.805,0.0,0,0,4,0,7116,0.0,100,0.0,0.0,0.0,0.0,0.0,0,0,0,0,0.0,0,0,0,0,0,0,0,0,0,0,0,0,0,0,0,0,0,0,0,0,0,0,0,0,0,0,0,0,0,0,0,0,0,31,40,40,71,65476,0,300,0,0,8,21553,0.0,-107605600.0,0.0,0.0,0.0,0.0,0.0,0.0,0.0,0.0,0.0,0.0,0.0,0.0,0.0,0.0,0.0,0.0,0.0,0.0,0.0,0.0,-2.004,0.0,-2.004,2.004,0.0,0.0,0.0,0.0,4511.0,-2.4229832928462634e+24,6912.0,0.0,0.0,0.0,-107615304.0,0.0,0.0,0.0,0.0,69,-0.0,5.84804776034314e+35,0.0,0.0,0.0,0.0,0.0,0.0,0.0,0,0,0,0.0,0.0,0.0,0.0,0.0,0.0,0.0,0.0,0.0,0.0,0.0,0.0,0.0,0.0,0.0,0.0,0,-107875648.0,69,0.0,138,0.0,-0.0,0,26215,17085,13107,17099,26215,17079,0,0,0,70,68,100,0.0,82.3,-0.0,77.8,-0.0,78.5,1,49,50,180,0,52429,0,0,0.0,0.0,0.0,0.0,-0.0,67.0,0.0,162057.094,0.0,970,0,994,0,0,0,947,0,1016,0,917,0,788,0,778,0,821,0,7520,0.032,2.795834648671604e+19,0.0,0.0,784,16797,-0.0,162057.094,-114818.039,-0.0,0.133,6.909358625270745e+28,30.0,70.0,35,0.0,0.0,0.0,0.0,0.0,0.0,0.0,0.0,0.0,0.0,0.0,0.0,0.0,0.0,0.0,0.0,66.4,0,150,71,51,65476,0,300,0,0,8,20529,65476,0,0,44564,70.0,0.0,0.0,0.0,0.0,0.0
2026-09-10T21:47:04,ERR,ERR,ERR,ERR,ERR,ERR,ERR,ERR,ERR,ERR,ERR,ERR,ERR,ERR,ERR,ERR,ERR,ERR,ERR,ERR,ERR,ERR,ERR,ERR,ERR,ERR,ERR,ERR,ERR,ERR,ERR,ERR,ERR,ERR,ERR,ERR,ERR,ERR,ERR,ERR,ERR,ERR,ERR,ERR,ERR,ERR,ERR,ERR,ERR,ERR,ERR,ERR,ERR,ERR,ERR,ERR,ERR,ERR,ERR,ERR,ERR,ERR,ERR,ERR,ERR,ERR,ERR,ERR,ERR,ERR,ERR,ERR,ERR,ERR,ERR,ERR,ERR,ERR,ERR,ERR,ERR,ERR,ERR,ERR,ERR,ERR,ERR,ERR,ERR,ERR,ERR,ERR,ERR,ERR,ERR,ERR,ERR,ERR,ERR,ERR,ERR,ERR,ERR,ERR,ERR,ERR,ERR,ERR,ERR,ERR,ERR,ERR,ERR,ERR,ERR,ERR,ERR,ERR,ERR,ERR,ERR,ERR,ERR,ERR,ERR,0.0,0.0,0.0,0.0,0.0,1.3936040501711995e+18,7.805,0.0,0,0,4,0,7116,0.0,100,0.0,0.0,0.0,0.0,0.0,0,0,0,0,0.0,0,0,0,0,0,0,0,0,0,0,0,0,0,0,0,0,0,0,0,0,0,0,0,0,0,0,0,0,0,0,0,0,0,31,40,40,71,65476,0,300,0,0,8,21553,0.0,-107605600.0,0.0,0.0,0.0,0.0,0.0,0.0,0.0,0.0,0.0,0.0,0.0,0.0,0.0,0.0,0.0,0.0,0.0,0.0,0.0,0.0,-2.004,0.0,-2.004,2.004,0.0,0.0,0.0,0.0,4511.0,-2.4229832928462634e+24,6912.0,0.0,0.0,0.0,-107615304.0,0.0,0.0,0.0,0.0,69,-0.0,5.84804776034314e+35,0.0,0.0,0.0,0.0,0.0,0.0,0.0,0,0,0,0.0,0.0,0.0,0.0,0.0,0.0,0.0,0.0,0.0,0.0,0.0,0.0,0.0,0.0,0.0,0.0,0,-107875648.0,69,0.0,138,0.0,-0.0,0,26215,17085,13107,17099,26215,17079,0,0,0,70,68,100,0.0,82.3,-0.0,77.8,-0.0,78.5,1,49,50,180,0,52429,0,0,0.0,0.0,0.0,0.0,-0.0,67.0,0.0,162057.094,0.0,970,0,994,0,0,0,947,0,1016,0,917,0,788,0,778,0,821,0,7520,0.032,2.795834648671604e+19,0.0,0.0,784,16797,-0.0,162057.094,-114818.039,-0.0,0.133,6.909358625270745e+28,30.0,70.0,35,0.0,0.0,0.0,0.0,0.0,0.0,0.0,0.0,0.0,0.0,0.0,0.0,0.0,0.0,0.0,0.0,66.4,0,150,71,51,65476,0,300,0,0,8,20529,65476,0,0,44564,70.0,0.0,0.0,0.0,0.0,0.0
2026-09-10T21:47:05,ERR,ERR,ERR,ERR,ERR,ERR,ERR,ERR,ERR,ERR,ERR,ERR,ERR,ERR,ERR,ERR,ERR,ERR,ERR,ERR,ERR,ERR,ERR,ERR,ERR,ERR,ERR,ERR,ERR,ERR,ERR,ERR,ERR,ERR,ERR,ERR,ERR,ERR,ERR,ERR,ERR,ERR,ERR,ERR,ERR,ERR,ERR,ERR,ERR,ERR,ERR,ERR,ERR,ERR,ERR,ERR,ERR,ERR,ERR,ERR,ERR,ERR,ERR,ERR,ERR,ERR,ERR,ERR,ERR,ERR,ERR,ERR,ERR,ERR,ERR,ERR,ERR,ERR,ERR,ERR,ERR,ERR,ERR,ERR,ERR,ERR,ERR,ERR,ERR,ERR,ERR,ERR,ERR,ERR,ERR,ERR,ERR,ERR,ERR,ERR,ERR,ERR,ERR,ERR,ERR,ERR,ERR,ERR,ERR,ERR,ERR,ERR,ERR,ERR,ERR,ERR,ERR,ERR,ERR,ERR,ERR,ERR,ERR,ERR,ERR,0.0,0.0,0.0,0.0,0.0,1.3936040501711995e+18,7.805,0.0,0,0,4,0,7116,0.0,100,0.0,0.0,0.0,0.0,0.0,0,0,0,0,0.0,0,0,0,0,0,0,0,0,0,0,0,0,0,0,0,0,0,0,0,0,0,0,0,0,0,0,0,0,0,0,0,0,0,31,40,40,71,65476,0,300,0,0,8,21553,0.0,-107605600.0,0.0,0.0,0.0,0.0,0.0,0.0,0.0,0.0,0.0,0.0,0.0,0.0,0.0,0.0,0.0,0.0,0.0,0.0,0.0,0.0,-2.004,0.0,-2.004,2.004,0.0,0.0,0.0,0.0,4511.0,-2.4229832928462634e+24,6912.0,0.0,0.0,0.0,-107615304.0,0.0,0.0,0.0,0.0,69,-0.0,5.84804776034314e+35,0.0,0.0,0.0,0.0,0.0,0.0,0.0,0,0,0,0.0,0.0,0.0,0.0,0.0,0.0,0.0,0.0,0.0,0.0,0.0,0.0,0.0,0.0,0.0,0.0,0,-107875648.0,69,0.0,138,0.0,-0.0,0,26215,17085,13107,17099,26215,17079,0,0,0,70,68,100,0.0,82.3,-0.0,77.8,-0.0,78.5,1,49,50,180,0,52429,0,0,0.0,0.0,0.0,0.0,-0.0,67.0,0.0,162057.094,0.0,970,0,994,0,0,0,947,0,1016,0,917,0,788,0,778,0,821,0,7520,0.032,2.795834648671604e+19,0.0,0.0,784,16797,-0.0,162057.094,-114818.039,-0.0,0.133,6.909358625270745e+28,30.0,70.0,35,0.0,0.0,0.0,0.0,0.0,0.0,0.0,0.0,0.0,0.0,0.0,0.0,0.0,0.0,0.0,0.0,66.4,0,150,71,51,65476,0,300,0,0,8,20529,65476,0,0,44564,70.0,0.0,0.0,0.0,0.0,0.0
2026-09-10T21:47:06,ERR,ERR,ERR,ERR,ERR,ERR,ERR,ERR,ERR,ERR,ERR,ERR,ERR,ERR,ERR,ERR,ERR,ERR,ERR,ERR,ERR,ERR,ERR,ERR,ERR,ERR,ERR,ERR,ERR,ERR,ERR,ERR,ERR,ERR,ERR,ERR,ERR,ERR,ERR,ERR,ERR,ERR,ERR,ERR,ERR,ERR,ERR,ERR,ERR,ERR,ERR,ERR,ERR,ERR,ERR,ERR,ERR,ERR,ERR,ERR,ERR,ERR,ERR,ERR,ERR,ERR,ERR,ERR,ERR,ERR,ERR,ERR,ERR,ERR,ERR,ERR,ERR,ERR,ERR,ERR,ERR,ERR,ERR,ERR,ERR,ERR,ERR,ERR,ERR,ERR,ERR,ERR,ERR,ERR,ERR,ERR,ERR,ERR,ERR,ERR,ERR,ERR,ERR,ERR,ERR,ERR,ERR,ERR,ERR,ERR,ERR,ERR,ERR,ERR,ERR,ERR,ERR,ERR,ERR,ERR,ERR,ERR,ERR,ERR,ERR,0.0,0.0,0.0,0.0,0.0,1.3936040501711995e+18,7.805,0.0,0,0,4,0,7116,0.0,100,0.0,0.0,0.0,0.0,0.0,0,0,0,0,0.0,0,0,0,0,0,0,0,0,0,0,0,0,0,0,0,0,0,0,0,0,0,0,0,0,0,0,0,0,0,0,0,0,0,31,40,40,71,65476,0,300,0,0,8,21553,0.0,-107605600.0,0.0,0.0,0.0,0.0,0.0,0.0,0.0,0.0,0.0,0.0,0.0,0.0,0.0,0.0,0.0,0.0,0.0,0.0,0.0,0.0,-2.004,0.0,-2.004,2.004,0.0,0.0,0.0,0.0,4511.0,-2.4229832928462634e+24,6912.0,0.0,0.0,0.0,-107615304.0,0.0,0.0,0.0,0.0,69,-0.0,5.84804776034314e+35,0.0,0.0,0.0,0.0,0.0,0.0,0.0,0,0,0,0.0,0.0,0.0,0.0,0.0,0.0,0.0,0.0,0.0,0.0,0.0,0.0,0.0,0.0,0.0,0.0,0,-107875648.0,69,0.0,138,0.0,-0.0,0,26215,17085,13107,17099,26215,17079,0,0,0,70,68,100,0.0,82.3,-0.0,77.8,-0.0,78.5,1,49,50,180,0,39322,0,0,0.0,0.0,0.0,0.0,-0.0,67.0,0.0,162057.094,0.0,970,0,993,0,0,0,947,0,1016,0,916,0,788,0,778,0,821,0,7520,0.032,2.795834648671604e+19,0.0,0.0,784,16797,-0.0,162057.094,-114818.039,-0.0,0.133,6.909358625270745e+28,30.0,70.0,35,0.0,0.0,0.0,0.0,0.0,0.0,0.0,0.0,0.0,0.0,0.0,0.0,0.0,0.0,0.0,0.0,66.4,0,150,71,51,65476,0,300,0,0,8,20529,65476,0,0,44564,70.0,0.0,0.0,0.0,0.0,0.0
2026-09-10T21:47:07,ERR,ERR,ERR,ERR,ERR,ERR,ERR,ERR,ERR,ERR,ERR,ERR,ERR,ERR,ERR,ERR,ERR,ERR,ERR,ERR,ERR,ERR,ERR,ERR,ERR,ERR,ERR,ERR,ERR,ERR,ERR,ERR,ERR,ERR,ERR,ERR,ERR,ERR,ERR,ERR,ERR,ERR,ERR,ERR,ERR,ERR,ERR,ERR,ERR,ERR,ERR,ERR,ERR,ERR,ERR,ERR,ERR,ERR,ERR,ERR,ERR,ERR,ERR,ERR,ERR,ERR,ERR,ERR,ERR,ERR,ERR,ERR,ERR,ERR,ERR,ERR,ERR,ERR,ERR,ERR,ERR,ERR,ERR,ERR,ERR,ERR,ERR,ERR,ERR,ERR,ERR,ERR,ERR,ERR,ERR,ERR,ERR,ERR,ERR,ERR,ERR,ERR,ERR,ERR,ERR,ERR,ERR,ERR,ERR,ERR,ERR,ERR,ERR,ERR,ERR,ERR,ERR,ERR,ERR,ERR,ERR,ERR,ERR,ERR,ERR,0.0,0.0,0.0,0.0,0.0,1.3936040501711995e+18,7.805,0.0,0,0,4,0,7116,0.0,100,0.0,0.0,0.0,0.0,0.0,0,0,0,0,0.0,0,0,0,0,0,0,0,0,0,0,0,0,0,0,0,0,0,0,0,0,0,0,0,0,0,0,0,0,0,0,0,0,0,31,40,40,71,65476,0,300,0,0,8,21553,0.0,-107605600.0,0.0,0.0,0.0,0.0,0.0,0.0,0.0,0.0,0.0,0.0,0.0,0.0,0.0,0.0,0.0,0.0,0.0,0.0,0.0,0.0,0.0,0.0,-2.004,2.004,0.0,0.0,0.0,0.0,4520.0,0.0,6914.0,0.0,0.0,0.0,-107615304.0,0.0,0.0,0.0,0.0,69,-0.059,-0.0,0.0,0.0,0.0,0.0,0.0,0.0,0.0,0,0,0,0.0,0.0,0.0,0.0,0.0,0.0,0.0,0.0,0.0,0.0,0.0,0.0,0.0,0.0,0.0,0.0,0,-107875648.0,69,0.0,138,0.0,-0.0,0,26215,17085,13107,17099,26215,17079,0,0,0,70,68,100,0.0,82.3,-0.0,77.8,-0.0,78.5,1,49,50,180,0,39322,0,0,0.0,0.0,0.0,0.0,-0.0,67.0,0.0,162057.094,0.0,970,0,993,0,0,0,947,0,1016,0,916,0,788,0,778,0,821,0,7520,0.032,2.795834648671604e+19,0.0,0.0,784,16797,-0.0,162057.094,-114818.039,-0.0,0.133,6.909358625270745e+28,30.0,70.0,35,0.0,0.0,0.0,0.0,0.0,0.0,0.0,0.0,0.0,0.0,0.0,0.0,0.0,0.0,0.0,0.0,66.4,0,150,71,51,65476,0,300,0,0,8,20529,65476,0,0,44564,70.0,0.0,0.0,0.0,0.0,0.0
2026-09-10T21:47:08,ERR,ERR,ERR,ERR,ERR,ERR,ERR,ERR,ERR,ERR,ERR,ERR,ERR,ERR,ERR,ERR,ERR,ERR,ERR,ERR,ERR,ERR,ERR,ERR,ERR,ERR,ERR,ERR,ERR,ERR,ERR,ERR,ERR,ERR,ERR,ERR,ERR,ERR,ERR,ERR,ERR,ERR,ERR,ERR,ERR,ERR,ERR,ERR,ERR,ERR,ERR,ERR,ERR,ERR,ERR,ERR,ERR,ERR,ERR,ERR,ERR,ERR,ERR,ERR,ERR,ERR,ERR,ERR,ERR,ERR,ERR,ERR,ERR,ERR,ERR,ERR,ERR,ERR,ERR,ERR,ERR,ERR,ERR,ERR,ERR,ERR,ERR,ERR,ERR,ERR,ERR,ERR,ERR,ERR,ERR,ERR,ERR,ERR,ERR,ERR,ERR,ERR,ERR,ERR,ERR,ERR,ERR,ERR,ERR,ERR,ERR,ERR,ERR,ERR,ERR,ERR,ERR,ERR,ERR,ERR,ERR,ERR,ERR,ERR,ERR,0.0,0.0,0.0,0.0,0.0,1.3936040501711995e+18,7.805,0.0,0,0,4,0,7116,0.0,100,0.0,0.0,0.0,0.0,0.0,0,0,0,0,0.0,0,0,0,0,0,0,0,0,0,0,0,0,0,0,0,0,0,0,0,0,0,0,0,0,0,0,0,0,0,0,0,0,0,31,40,40,71,65476,0,300,0,0,8,21553,0.0,-107605600.0,0.0,0.0,0.0,0.0,0.0,0.0,0.0,0.0,0.0,0.0,0.0,0.0,0.0,0.0,0.0,0.0,0.0,0.0,0.0,0.0,0.0,0.0,-2.004,2.004,0.0,0.0,0.0,0.0,4520.0,0.0,6914.0,0.0,0.0,0.0,-107615304.0,0.0,0.0,0.0,0.0,69,-0.059,-0.0,0.0,0.0,0.0,0.0,0.0,0.0,0.0,0,0,0,0.0,0.0,0.0,0.0,0.0,0.0,0.0,0.0,0.0,0.0,0.0,0.0,0.0,0.0,0.0,0.0,0,-107875648.0,69,0.0,138,0.0,-0.0,0,26215,17085,13107,17099,26215,17079,0,0,0,70,68,100,0.0,82.3,-0.0,77.8,-0.0,78.5,1,49,50,180,0,39322,0,0,0.0,0.0,0.0,0.0,-0.0,67.0,0.0,162057.094,0.0,970,0,993,0,0,0,947,0,1016,0,916,0,788,0,778,0,821,0,7520,0.032,2.795834648671604e+19,0.0,0.0,784,16797,-0.0,162057.094,-114818.039,-0.0,0.133,6.909358625270745e+28,30.0,70.0,35,0.0,0.0,0.0,0.0,0.0,0.0,0.0,0.0,0.0,0.0,0.0,0.0,0.0,0.0,0.0,0.0,66.4,0,150,71,51,65476,0,300,0,0,8,20529,65476,0,0,44564,70.0,0.0,0.0,0.0,0.0,0.0
2026-09-10T21:47:09,ERR,ERR,ERR,ERR,ERR,ERR,ERR,ERR,ERR,ERR,ERR,ERR,ERR,ERR,ERR,ERR,ERR,ERR,ERR,ERR,ERR,ERR,ERR,ERR,ERR,ERR,ERR,ERR,ERR,ERR,ERR,ERR,ERR,ERR,ERR,ERR,ERR,ERR,ERR,ERR,ERR,ERR,ERR,ERR,ERR,ERR,ERR,ERR,ERR,ERR,ERR,ERR,ERR,ERR,ERR,ERR,ERR,ERR,ERR,ERR,ERR,ERR,ERR,ERR,ERR,ERR,ERR,ERR,ERR,ERR,ERR,ERR,ERR,ERR,ERR,ERR,ERR,ERR,ERR,ERR,ERR,ERR,ERR,ERR,ERR,ERR,ERR,ERR,ERR,ERR,ERR,ERR,ERR,ERR,ERR,ERR,ERR,ERR,ERR,ERR,ERR,ERR,ERR,ERR,ERR,ERR,ERR,ERR,ERR,ERR,ERR,ERR,ERR,ERR,ERR,ERR,ERR,ERR,ERR,ERR,ERR,ERR,ERR,ERR,ERR,0.0,0.0,0.0,0.0,0.0,1.3936040501711995e+18,7.805,0.0,0,0,4,0,7116,0.0,100,0.0,0.0,0.0,0.0,0.0,0,0,0,0,0.0,0,0,0,0,0,0,0,0,0,0,0,0,0,0,0,0,0,0,0,0,0,0,0,0,0,0,0,0,0,0,0,0,0,31,40,40,71,65476,0,300,0,0,8,21553,0.0,-107605600.0,0.0,0.0,0.0,0.0,0.0,0.0,0.0,0.0,0.0,0.0,0.0,0.0,0.0,0.0,0.0,0.0,0.0,0.0,0.0,0.0,0.0,0.0,-2.004,2.004,0.0,0.0,0.0,0.0,4520.0,0.0,6914.0,0.0,0.0,0.0,-107615304.0,0.0,0.0,0.0,0.0,69,-0.059,-0.0,0.0,0.0,0.0,0.0,0.0,0.0,0.0,0,0,0,0.0,0.0,0.0,0.0,0.0,0.0,0.0,0.0,0.0,0.0,0.0,0.0,0.0,0.0,0.0,0.0,0,-107875648.0,69,0.0,138,0.0,-0.0,0,26215,17085,13107,17099,26215,17079,0,0,0,70,68,100,0.0,82.3,-0.0,77.8,-0.0,78.5,1,49,50,180,0,39322,0,0,0.0,0.0,0.0,0.0,-0.0,67.0,0.0,162057.094,0.0,970,0,993,0,0,0,947,0,1016,0,916,0,788,0,778,0,821,0,7520,0.032,2.795834648671604e+19,0.0,0.0,784,16797,-0.0,162057.094,-114818.039,-0.0,0.133,6.909358625270745e+28,30.0,70.0,35,0.0,0.0,0.0,0.0,0.0,0.0,0.0,0.0,0.0,0.0,0.0,0.0,0.0,0.0,0.0,0.0,66.4,0,150,71,51,65476,0,300,0,0,8,20529,65476,0,0,44564,70.0,0.0,0.0,0.0,0.0,0.0
2026-09-10T21:47:10,ERR,ERR,ERR,ERR,ERR,ERR,ERR,ERR,ERR,ERR,ERR,ERR,ERR,ERR,ERR,ERR,ERR,ERR,ERR,ERR,ERR,ERR,ERR,ERR,ERR,ERR,ERR,ERR,ERR,ERR,ERR,ERR,ERR,ERR,ERR,ERR,ERR,ERR,ERR,ERR,ERR,ERR,ERR,ERR,ERR,ERR,ERR,ERR,ERR,ERR,ERR,ERR,ERR,ERR,ERR,ERR,ERR,ERR,ERR,ERR,ERR,ERR,ERR,ERR,ERR,ERR,ERR,ERR,ERR,ERR,ERR,ERR,ERR,ERR,ERR,ERR,ERR,ERR,ERR,ERR,ERR,ERR,ERR,ERR,ERR,ERR,ERR,ERR,ERR,ERR,ERR,ERR,ERR,ERR,ERR,ERR,ERR,ERR,ERR,ERR,ERR,ERR,ERR,ERR,ERR,ERR,ERR,ERR,ERR,ERR,ERR,ERR,ERR,ERR,ERR,ERR,ERR,ERR,ERR,ERR,ERR,ERR,ERR,ERR,ERR,0.0,0.0,0.0,0.0,0.0,1.3936040501711995e+18,7.805,0.0,0,0,4,0,7116,0.0,100,0.0,0.0,0.0,0.0,0.0,0,0,0,0,0.0,0,0,0,0,0,0,0,0,0,0,0,0,0,0,0,0,0,0,0,0,0,0,0,0,0,0,0,0,0,0,0,0,0,31,40,40,71,65476,0,300,0,0,8,21553,0.0,-107605600.0,0.0,0.0,0.0,0.0,0.0,0.0,0.0,0.0,0.0,0.0,0.0,0.0,0.0,0.0,0.0,0.0,0.0,0.0,0.0,0.0,0.0,0.0,-2.004,2.004,0.0,0.0,0.0,0.0,4520.0,0.0,6914.0,0.0,0.0,0.0,-107615304.0,0.0,0.0,0.0,0.0,69,-0.059,-0.0,0.0,0.0,0.0,0.0,0.0,0.0,0.0,0,0,0,0.0,0.0,0.0,0.0,0.0,0.0,0.0,0.0,0.0,0.0,0.0,0.0,0.0,0.0,0.0,0.0,0,-107875648.0,69,0.0,138,0.0,-0.0,0,26215,17085,13107,17099,26215,17079,0,0,0,70,68,100,0.0,82.3,-0.0,77.8,-0.0,78.5,1,49,50,180,0,39322,0,0,0.0,0.0,0.0,0.0,-0.0,67.0,0.0,162057.094,0.0,970,0,993,0,0,0,947,0,1016,0,916,0,788,0,778,0,821,0,7520,0.032,2.795834648671604e+19,0.0,0.0,784,16797,-0.0,162057.094,-114818.039,-0.0,0.133,6.909358625270745e+28,30.0,70.0,35,0.0,0.0,0.0,0.0,0.0,0.0,0.0,0.0,0.0,0.0,0.0,0.0,0.0,0.0,0.0,0.0,66.4,0,150,71,51,65476,0,300,0,0,8,20529,65476,0,0,44564,70.0,0.0,0.0,0.0,0.0,0.0
2026-09-10T21:47:11,ERR,ERR,ERR,ERR,ERR,ERR,ERR,ERR,ERR,ERR,ERR,ERR,ERR,ERR,ERR,ERR,ERR,ERR,ERR,ERR,ERR,ERR,ERR,ERR,ERR,ERR,ERR,ERR,ERR,ERR,ERR,ERR,ERR,ERR,ERR,ERR,ERR,ERR,ERR,ERR,ERR,ERR,ERR,ERR,ERR,ERR,ERR,ERR,ERR,ERR,ERR,ERR,ERR,ERR,ERR,ERR,ERR,ERR,ERR,ERR,ERR,ERR,ERR,ERR,ERR,ERR,ERR,ERR,ERR,ERR,ERR,ERR,ERR,ERR,ERR,ERR,ERR,ERR,ERR,ERR,ERR,ERR,ERR,ERR,ERR,ERR,ERR,ERR,ERR,ERR,ERR,ERR,ERR,ERR,ERR,ERR,ERR,ERR,ERR,ERR,ERR,ERR,ERR,ERR,ERR,ERR,ERR,ERR,ERR,ERR,ERR,ERR,ERR,ERR,ERR,ERR,ERR,ERR,ERR,ERR,ERR,ERR,ERR,ERR,ERR,0.0,0.0,0.0,0.0,0.0,1.3936040501711995e+18,7.805,0.0,0,0,4,0,7116,0.0,100,0.0,0.0,0.0,0.0,0.0,0,0,0,0,0.0,0,0,0,0,0,0,0,0,0,0,0,0,0,0,0,0,0,0,0,0,0,0,0,0,0,0,0,0,0,0,0,0,0,31,40,40,71,65476,0,300,0,0,8,21553,0.0,-107605600.0,0.0,0.0,0.0,0.0,0.0,0.0,0.0,0.0,0.0,0.0,0.0,0.0,0.0,0.0,0.0,0.0,0.0,0.0,0.0,0.0,0.0,0.0,-2.004,2.004,0.0,0.0,0.0,0.0,4520.0,0.0,6914.0,0.0,0.0,0.0,-107615304.0,0.0,0.0,0.0,0.0,69,-0.059,-0.0,0.0,0.0,0.0,0.0,0.0,0.0,0.0,0,0,0,0.0,0.0,0.0,0.0,0.0,0.0,0.0,0.0,0.0,0.0,0.0,0.0,0.0,0.0,0.0,0.0,0,-107875648.0,69,0.0,138,0.0,-0.0,0,26215,17085,13107,17099,13107,17079,0,0,0,70,68,100,0.0,82.3,-0.0,77.8,-0.0,78.5,1,49,50,180,0,39322,0,0,0.0,0.0,0.0,0.0,-0.0,67.0,0.0,162057.094,0.0,970,0,993,0,0,0,947,0,1016,0,916,0,788,0,778,0,821,0,7520,0.032,2.795834648671604e+19,0.0,0.0,784,16797,-0.0,162057.094,-114818.039,-0.0,0.133,6.909358625270745e+28,30.0,70.0,35,0.0,0.0,0.0,0.0,0.0,0.0,0.0,0.0,0.0,0.0,0.0,0.0,0.0,0.0,0.0,0.0,66.4,0,150,71,51,65476,0,300,0,0,8,20529,65476,0,0,44564,70.0,0.0,0.0,0.0,0.0,0.0
2026-09-10T21:47:12,ERR,ERR,ERR,ERR,ERR,ERR,ERR,ERR,ERR,ERR,ERR,ERR,ERR,ERR,ERR,ERR,ERR,ERR,ERR,ERR,ERR,ERR,ERR,ERR,ERR,ERR,ERR,ERR,ERR,ERR,ERR,ERR,ERR,ERR,ERR,ERR,ERR,ERR,ERR,ERR,ERR,ERR,ERR,ERR,ERR,ERR,ERR,ERR,ERR,ERR,ERR,ERR,ERR,ERR,ERR,ERR,ERR,ERR,ERR,ERR,ERR,ERR,ERR,ERR,ERR,ERR,ERR,ERR,ERR,ERR,ERR,ERR,ERR,ERR,ERR,ERR,ERR,ERR,ERR,ERR,ERR,ERR,ERR,ERR,ERR,ERR,ERR,ERR,ERR,ERR,ERR,ERR,ERR,ERR,ERR,ERR,ERR,ERR,ERR,ERR,ERR,ERR,ERR,ERR,ERR,ERR,ERR,ERR,ERR,ERR,ERR,ERR,ERR,ERR,ERR,ERR,ERR,ERR,ERR,ERR,ERR,ERR,ERR,ERR,ERR,0.0,0.0,0.0,0.0,0.0,1.3936040501711995e+18,7.805,0.0,0,0,4,0,7116,0.0,100,0.0,0.0,0.0,0.0,0.0,0,0,0,0,0.0,0,0,0,0,0,0,0,0,0,0,0,0,0,0,0,0,0,0,0,0,0,0,0,0,0,0,0,0,0,0,0,0,0,31,40,40,71,65476,0,300,0,0,8,21553,0.0,-107605600.0,0.0,0.0,0.0,0.0,0.0,0.0,0.0,0.0,0.0,0.0,0.0,0.0,0.0,0.0,0.0,0.0,0.0,0.0,0.0,0.0,0.0,0.0,-2.004,2.004,0.0,0.0,0.0,0.0,4520.0,0.0,6914.0,0.0,0.0,0.0,-107615304.0,0.0,0.0,0.0,0.0,69,-0.059,-0.0,0.0,0.0,0.0,0.0,0.0,0.0,0.0,0,0,0,0.0,0.0,0.0,0.0,0.0,0.0,0.0,0.0,0.0,0.0,0.0,0.0,0.0,0.0,0.0,0.0,0,-107875648.0,69,0.0,138,0.0,-0.0,0,26215,17085,13107,17099,13107,17079,0,0,0,70,68,100,0.0,82.3,-0.0,77.8,-0.0,78.5,1,49,50,180,0,39322,0,0,0.0,0.0,0.0,0.0,-0.0,67.0,0.0,162057.094,0.0,970,0,993,0,0,0,947,0,1016,0,916,0,788,0,778,0,821,0,7520,0.032,2.795834648671604e+19,0.0,0.0,784,16797,-0.0,162057.094,-114818.039,-0.0,0.133,6.909358625270745e+28,30.0,70.0,35,0.0,0.0,0.0,0.0,0.0,0.0,0.0,0.0,0.0,0.0,0.0,0.0,0.0,0.0,0.0,0.0,66.4,0,150,71,51,65476,0,300,0,0,8,20529,65476,0,0,44564,70.0,0.0,0.0,0.0,0.0,0.0
2026-09-10T21:47:13,ERR,ERR,ERR,ERR,ERR,ERR,ERR,ERR,ERR,ERR,ERR,ERR,ERR,ERR,ERR,ERR,ERR,ERR,ERR,ERR,ERR,ERR,ERR,ERR,ERR,ERR,ERR,ERR,ERR,ERR,ERR,ERR,ERR,ERR,ERR,ERR,ERR,ERR,ERR,ERR,ERR,ERR,ERR,ERR,ERR,ERR,ERR,ERR,ERR,ERR,ERR,ERR,ERR,ERR,ERR,ERR,ERR,ERR,ERR,ERR,ERR,ERR,ERR,ERR,ERR,ERR,ERR,ERR,ERR,ERR,ERR,ERR,ERR,ERR,ERR,ERR,ERR,ERR,ERR,ERR,ERR,ERR,ERR,ERR,ERR,ERR,ERR,ERR,ERR,ERR,ERR,ERR,ERR,ERR,ERR,ERR,ERR,ERR,ERR,ERR,ERR,ERR,ERR,ERR,ERR,ERR,ERR,ERR,ERR,ERR,ERR,ERR,ERR,ERR,ERR,ERR,ERR,ERR,ERR,ERR,ERR,ERR,ERR,ERR,ERR,0.0,0.0,0.0,0.0,0.0,1.3936040501711995e+18,7.805,0.0,0,0,4,0,7116,0.0,100,0.0,0.0,0.0,0.0,0.0,0,0,0,0,0.0,0,0,0,0,0,0,0,0,0,0,0,0,0,0,0,0,0,0,0,0,0,0,0,0,0,0,0,0,0,0,0,0,0,31,40,40,71,65476,0,300,0,0,8,21553,0.0,-107605600.0,0.0,0.0,0.0,0.0,0.0,0.0,0.0,0.0,0.0,0.0,0.0,0.0,0.0,0.0,0.0,0.0,0.0,0.0,0.0,0.0,0.0,0.0,-2.004,2.004,0.0,0.0,0.0,0.0,4520.0,0.0,6914.0,0.0,0.0,0.0,-107615304.0,0.0,0.0,0.0,0.0,69,-0.059,-0.0,0.0,0.0,0.0,0.0,0.0,0.0,0.0,0,0,0,0.0,0.0,0.0,0.0,0.0,0.0,0.0,0.0,0.0,0.0,0.0,0.0,0.0,0.0,0.0,0.0,0,-107875648.0,69,0.0,138,0.0,-0.0,0,26215,17085,13107,17099,13107,17079,0,0,0,70,68,100,0.0,82.3,-0.0,77.8,-0.0,78.5,1,49,50,180,0,39322,0,0,0.0,0.0,0.0,0.0,-0.0,67.0,0.0,162057.094,0.0,970,0,993,0,0,0,947,0,1016,0,916,0,788,0,778,0,821,0,7520,0.032,2.795834648671604e+19,0.0,0.0,784,16797,-0.0,162057.094,-114818.039,-0.0,0.133,6.909358625270745e+28,30.0,70.0,35,0.0,0.0,0.0,0.0,0.0,0.0,0.0,0.0,0.0,0.0,0.0,0.0,0.0,0.0,0.0,0.0,66.4,0,150,71,51,65476,0,300,0,0,8,20529,65476,0,0,44564,70.0,0.0,0.0,0.0,0.0,0.0
2026-09-10T21:47:14,ERR,ERR,ERR,ERR,ERR,ERR,ERR,ERR,ERR,ERR,ERR,ERR,ERR,ERR,ERR,ERR,ERR,ERR,ERR,ERR,ERR,ERR,ERR,ERR,ERR,ERR,ERR,ERR,ERR,ERR,ERR,ERR,ERR,ERR,ERR,ERR,ERR,ERR,ERR,ERR,ERR,ERR,ERR,ERR,ERR,ERR,ERR,ERR,ERR,ERR,ERR,ERR,ERR,ERR,ERR,ERR,ERR,ERR,ERR,ERR,ERR,ERR,ERR,ERR,ERR,ERR,ERR,ERR,ERR,ERR,ERR,ERR,ERR,ERR,ERR,ERR,ERR,ERR,ERR,ERR,ERR,ERR,ERR,ERR,ERR,ERR,ERR,ERR,ERR,ERR,ERR,ERR,ERR,ERR,ERR,ERR,ERR,ERR,ERR,ERR,ERR,ERR,ERR,ERR,ERR,ERR,ERR,ERR,ERR,ERR,ERR,ERR,ERR,ERR,ERR,ERR,ERR,ERR,ERR,ERR,ERR,ERR,ERR,ERR,ERR,0.0,0.0,0.0,0.0,0.0,1.3936040501711995e+18,7.805,0.0,0,0,4,0,7116,0.0,100,0.0,0.0,0.0,0.0,0.0,0,0,0,0,0.0,0,0,0,0,0,0,0,0,0,0,0,0,0,0,0,0,0,0,0,0,0,0,0,0,0,0,0,0,0,0,0,0,0,31,40,40,71,65476,0,300,0,0,8,21553,0.0,-107605600.0,0.0,0.0,0.0,0.0,0.0,0.0,0.0,0.0,0.0,0.0,0.0,0.0,0.0,0.0,0.0,0.0,0.0,0.0,0.0,0.0,-2.004,0.0,-2.004,0.0,0.0,0.0,0.0,0.0,4520.0,0.0,6918.0,0.0,0.0,0.0,-0.0,0.0,0.0,0.0,0.0,69,-0.0,-0.0,0.0,0.0,0.0,0.0,0.0,0.0,0.0,0,0,0,0.0,0.0,0.0,0.0,0.0,0.0,0.0,0.0,0.0,0.0,0.0,0.0,0.0,0.0,0.0,0.0,0,-107875648.0,69,0.0,138,0.0,-0.0,0,26215,17085,13107,17099,13107,17079,0,0,0,70,68,100,0.0,82.3,-0.0,77.8,-0.0,78.5,1,49,50,180,0,39322,0,0,0.0,0.0,0.0,0.0,-0.0,67.0,0.0,162057.094,0.0,970,0,993,0,0,0,947,0,1016,0,916,0,788,0,778,0,821,0,7520,0.032,2.795834648671604e+19,0.0,0.0,784,16797,-0.0,162057.094,-114818.039,-0.0,0.133,6.909358625270745e+28,30.0,70.0,35,0.0,0.0,0.0,0.0,0.0,0.0,0.0,0.0,0.0,0.0,0.0,0.0,0.0,0.0,0.0,0.0,66.8,0,150,71,51,65476,0,300,0,0,8,20529,65476,0,0,44564,70.0,0.0,0.0,0.0,0.0,0.0
2026-09-10T21:47:15,ERR,ERR,ERR,ERR,ERR,ERR,ERR,ERR,ERR,ERR,ERR,ERR,ERR,ERR,ERR,ERR,ERR,ERR,ERR,ERR,ERR,ERR,ERR,ERR,ERR,ERR,ERR,ERR,ERR,ERR,ERR,ERR,ERR,ERR,ERR,ERR,ERR,ERR,ERR,ERR,ERR,ERR,ERR,ERR,ERR,ERR,ERR,ERR,ERR,ERR,ERR,ERR,ERR,ERR,ERR,ERR,ERR,ERR,ERR,ERR,ERR,ERR,ERR,ERR,ERR,ERR,ERR,ERR,ERR,ERR,ERR,ERR,ERR,ERR,ERR,ERR,ERR,ERR,ERR,ERR,ERR,ERR,ERR,ERR,ERR,ERR,ERR,ERR,ERR,ERR,ERR,ERR,ERR,ERR,ERR,ERR,ERR,ERR,ERR,ERR,ERR,ERR,ERR,ERR,ERR,ERR,ERR,ERR,ERR,ERR,ERR,ERR,ERR,ERR,ERR,ERR,ERR,ERR,ERR,ERR,ERR,ERR,ERR,ERR,ERR,0.0,0.0,0.0,0.0,0.0,1.3936040501711995e+18,7.805,0.0,0,0,4,0,7116,0.0,100,0.0,0.0,0.0,0.0,0.0,0,0,0,0,0.0,0,0,0,0,0,0,0,0,0,0,0,0,0,0,0,0,0,0,0,0,0,0,0,0,0,0,0,0,0,0,0,0,0,31,40,40,71,65476,0,300,0,0,8,21553,0.0,-107605600.0,0.0,0.0,0.0,0.0,0.0,0.0,0.0,0.0,0.0,0.0,0.0,0.0,0.0,0.0,0.0,0.0,0.0,0.0,0.0,0.0,-2.004,0.0,-2.004,0.0,0.0,0.0,0.0,0.0,4520.0,0.0,6918.0,0.0,0.0,0.0,-0.0,0.0,0.0,0.0,0.0,69,-0.0,-0.0,0.0,0.0,0.0,0.0,0.0,0.0,0.0,0,0,0,0.0,0.0,0.0,0.0,0.0,0.0,0.0,0.0,0.0,0.0,0.0,0.0,0.0,0.0,0.0,0.0,0,-107875648.0,69,0.0,138,0.0,-0.0,0,26215,17085,13107,17099,13107,17079,0,0,0,70,68,100,0.0,82.3,-0.0,77.8,-0.0,78.5,1,49,50,180,0,39322,0,0,0.0,0.0,0.0,0.0,-0.0,67.0,0.0,162057.094,0.0,970,0,993,0,0,0,947,0,1016,0,916,0,788,0,778,0,821,0,7520,0.032,2.795834648671604e+19,0.0,0.0,784,16797,-0.0,162057.094,-114818.039,-0.0,0.133,6.909358625270745e+28,30.0,70.0,35,0.0,0.0,0.0,0.0,0.0,0.0,0.0,0.0,0.0,0.0,0.0,0.0,0.0,0.0,0.0,0.0,66.8,0,150,71,51,65476,0,300,0,0,8,20529,65476,0,0,44564,70.0,0.0,0.0,0.0,0.0,0.0
2026-09-10T21:47:16,ERR,ERR,ERR,ERR,ERR,ERR,ERR,ERR,ERR,ERR,ERR,ERR,ERR,ERR,ERR,ERR,ERR,ERR,ERR,ERR,ERR,ERR,ERR,ERR,ERR,ERR,ERR,ERR,ERR,ERR,ERR,ERR,ERR,ERR,ERR,ERR,ERR,ERR,ERR,ERR,ERR,ERR,ERR,ERR,ERR,ERR,ERR,ERR,ERR,ERR,ERR,ERR,ERR,ERR,ERR,ERR,ERR,ERR,ERR,ERR,ERR,ERR,ERR,ERR,ERR,ERR,ERR,ERR,ERR,ERR,ERR,ERR,ERR,ERR,ERR,ERR,ERR,ERR,ERR,ERR,ERR,ERR,ERR,ERR,ERR,ERR,ERR,ERR,ERR,ERR,ERR,ERR,ERR,ERR,ERR,ERR,ERR,ERR,ERR,ERR,ERR,ERR,ERR,ERR,ERR,ERR,ERR,ERR,ERR,ERR,ERR,ERR,ERR,ERR,ERR,ERR,ERR,ERR,ERR,ERR,ERR,ERR,ERR,ERR,ERR,0.0,0.0,0.0,0.0,0.0,1.3936040501711995e+18,7.805,0.0,0,0,4,0,7116,0.0,100,0.0,0.0,0.0,0.0,0.0,0,0,0,0,0.0,0,0,0,0,0,0,0,0,0,0,0,0,0,0,0,0,0,0,0,0,0,0,0,0,0,0,0,0,0,0,0,0,0,31,40,40,71,65476,0,300,0,0,8,21553,0.0,-107605600.0,0.0,0.0,0.0,0.0,0.0,0.0,0.0,0.0,0.0,0.0,0.0,0.0,0.0,0.0,0.0,0.0,0.0,0.0,0.0,0.0,-2.004,0.0,-2.004,0.0,0.0,0.0,0.0,0.0,4520.0,0.0,6918.0,0.0,0.0,0.0,-0.0,0.0,0.0,0.0,0.0,69,-0.0,-0.0,0.0,0.0,0.0,0.0,0.0,0.0,0.0,0,0,0,0.0,0.0,0.0,0.0,0.0,0.0,0.0,0.0,0.0,0.0,0.0,0.0,0.0,0.0,0.0,0.0,0,-107875648.0,69,0.0,138,0.0,-0.0,0,26215,17085,13107,17099,13107,17079,0,0,0,70,68,100,0.0,82.3,-0.0,77.8,-0.0,78.5,1,49,50,180,0,39322,0,0,0.0,0.0,0.0,0.0,-0.0,67.0,0.0,162057.094,0.0,970,0,993,0,0,0,947,0,1016,0,916,0,788,0,778,0,821,0,7520,0.032,2.795834648671604e+19,0.0,0.0,784,16797,-0.0,162057.094,-114818.039,-0.0,0.133,6.909358625270745e+28,30.0,70.0,35,0.0,0.0,0.0,0.0,0.0,0.0,0.0,0.0,0.0,0.0,0.0,0.0,0.0,0.0,0.0,0.0,66.8,0,150,71,51,65476,0,300,0,0,8,20529,65476,0,0,44564,70.0,0.0,0.0,0.0,0.0,0.0
2026-09-10T21:47:17,ERR,ERR,ERR,ERR,ERR,ERR,ERR,ERR,ERR,ERR,ERR,ERR,ERR,ERR,ERR,ERR,ERR,ERR,ERR,ERR,ERR,ERR,ERR,ERR,ERR,ERR,ERR,ERR,ERR,ERR,ERR,ERR,ERR,ERR,ERR,ERR,ERR,ERR,ERR,ERR,ERR,ERR,ERR,ERR,ERR,ERR,ERR,ERR,ERR,ERR,ERR,ERR,ERR,ERR,ERR,ERR,ERR,ERR,ERR,ERR,ERR,ERR,ERR,ERR,ERR,ERR,ERR,ERR,ERR,ERR,ERR,ERR,ERR,ERR,ERR,ERR,ERR,ERR,ERR,ERR,ERR,ERR,ERR,ERR,ERR,ERR,ERR,ERR,ERR,ERR,ERR,ERR,ERR,ERR,ERR,ERR,ERR,ERR,ERR,ERR,ERR,ERR,ERR,ERR,ERR,ERR,ERR,ERR,ERR,ERR,ERR,ERR,ERR,ERR,ERR,ERR,ERR,ERR,ERR,ERR,ERR,ERR,ERR,ERR,ERR,0.0,0.0,0.0,0.0,0.0,1.3936040501711995e+18,7.805,0.0,0,0,4,0,7116,0.0,100,0.0,0.0,0.0,0.0,0.0,0,0,0,0,0.0,0,0,0,0,0,0,0,0,0,0,0,0,0,0,0,0,0,0,0,0,0,0,0,0,0,0,0,0,0,0,0,0,0,31,40,40,71,65476,0,300,0,0,8,21553,0.0,-107605600.0,0.0,0.0,0.0,0.0,0.0,0.0,0.0,0.0,0.0,0.0,0.0,0.0,0.0,0.0,0.0,0.0,0.0,0.0,0.0,0.0,-2.004,0.0,-2.004,0.0,0.0,0.0,0.0,0.0,4520.0,0.0,6918.0,0.0,0.0,0.0,-0.0,0.0,0.0,0.0,0.0,69,-0.0,-0.0,0.0,0.0,0.0,0.0,0.0,0.0,0.0,0,0,0,0.0,0.0,0.0,0.0,0.0,0.0,0.0,0.0,0.0,0.0,0.0,0.0,0.0,0.0,0.0,0.0,0,-107875648.0,69,0.0,138,0.0,-0.0,0,26215,17085,13107,17099,13107,17079,0,0,0,70,68,100,0.0,82.3,-0.0,77.8,-0.0,78.5,1,49,50,180,0,39322,0,0,0.0,0.0,0.0,0.0,-0.0,67.0,0.0,162057.094,0.0,970,0,993,0,0,0,947,0,1016,0,916,0,788,0,778,0,821,0,7520,0.032,2.795834648671604e+19,0.0,0.0,784,16797,-0.0,162057.094,-114818.039,-0.0,0.133,6.909358625270745e+28,30.0,70.0,35,0.0,0.0,0.0,0.0,0.0,0.0,0.0,0.0,0.0,0.0,0.0,0.0,0.0,0.0,0.0,0.0,66.8,0,150,71,51,65476,0,300,0,0,8,20529,65476,0,0,44564,70.0,0.0,0.0,0.0,0.0,0.0
2026-09-10T21:47:18,ERR,ERR,ERR,ERR,ERR,ERR,ERR,ERR,ERR,ERR,ERR,ERR,ERR,ERR,ERR,ERR,ERR,ERR,ERR,ERR,ERR,ERR,ERR,ERR,ERR,ERR,ERR,ERR,ERR,ERR,ERR,ERR,ERR,ERR,ERR,ERR,ERR,ERR,ERR,ERR,ERR,ERR,ERR,ERR,ERR,ERR,ERR,ERR,ERR,ERR,ERR,ERR,ERR,ERR,ERR,ERR,ERR,ERR,ERR,ERR,ERR,ERR,ERR,ERR,ERR,ERR,ERR,ERR,ERR,ERR,ERR,ERR,ERR,ERR,ERR,ERR,ERR,ERR,ERR,ERR,ERR,ERR,ERR,ERR,ERR,ERR,ERR,ERR,ERR,ERR,ERR,ERR,ERR,ERR,ERR,ERR,ERR,ERR,ERR,ERR,ERR,ERR,ERR,ERR,ERR,ERR,ERR,ERR,ERR,ERR,ERR,ERR,ERR,ERR,ERR,ERR,ERR,ERR,ERR,ERR,ERR,ERR,ERR,ERR,ERR,0.0,0.0,0.0,0.0,0.0,1.3936040501711995e+18,7.805,0.0,0,0,4,0,7116,0.0,100,0.0,0.0,0.0,0.0,0.0,0,0,0,0,0.0,0,0,0,0,0,0,0,0,0,0,0,0,0,0,0,0,0,0,0,0,0,0,0,0,0,0,0,0,0,0,0,0,0,31,40,40,71,65476,0,300,0,0,8,21553,0.0,-107605600.0,0.0,0.0,0.0,0.0,0.0,0.0,0.0,0.0,0.0,0.0,0.0,0.0,0.0,0.0,0.0,0.0,0.0,0.0,0.0,0.0,-2.004,0.0,-2.004,0.0,0.0,0.0,0.0,0.0,4520.0,0.0,6918.0,0.0,0.0,0.0,-0.0,0.0,0.0,0.0,0.0,69,-0.0,-0.0,0.0,0.0,0.0,0.0,0.0,0.0,0.0,0,0,0,0.0,0.0,0.0,0.0,0.0,0.0,0.0,0.0,0.0,0.0,0.0,0.0,0.0,0.0,0.0,0.0,0,-107875648.0,69,0.0,138,0.0,-0.0,0,26215,17085,13107,17099,13107,17079,0,0,0,70,68,100,0.0,82.3,-0.0,77.8,-0.0,78.5,1,49,50,180,0,39322,0,0,0.0,0.0,0.0,0.0,-0.0,67.0,0.0,162057.094,0.0,970,0,993,0,0,0,947,0,1016,0,916,0,788,0,778,0,821,0,7520,0.032,2.795834648671604e+19,0.0,0.0,784,16797,-0.0,162057.094,-114818.039,-0.0,0.133,6.909358625270745e+28,30.0,70.0,35,0.0,0.0,0.0,0.0,0.0,0.0,0.0,0.0,0.0,0.0,0.0,0.0,0.0,0.0,0.0,0.0,66.8,0,150,71,51,65476,0,300,0,0,8,20529,65476,0,0,44564,70.0,0.0,0.0,0.0,0.0,0.0
2026-09-10T21:47:19,ERR,ERR,ERR,ERR,ERR,ERR,ERR,ERR,ERR,ERR,ERR,ERR,ERR,ERR,ERR,ERR,ERR,ERR,ERR,ERR,ERR,ERR,ERR,ERR,ERR,ERR,ERR,ERR,ERR,ERR,ERR,ERR,ERR,ERR,ERR,ERR,ERR,ERR,ERR,ERR,ERR,ERR,ERR,ERR,ERR,ERR,ERR,ERR,ERR,ERR,ERR,ERR,ERR,ERR,ERR,ERR,ERR,ERR,ERR,ERR,ERR,ERR,ERR,ERR,ERR,ERR,ERR,ERR,ERR,ERR,ERR,ERR,ERR,ERR,ERR,ERR,ERR,ERR,ERR,ERR,ERR,ERR,ERR,ERR,ERR,ERR,ERR,ERR,ERR,ERR,ERR,ERR,ERR,ERR,ERR,ERR,ERR,ERR,ERR,ERR,ERR,ERR,ERR,ERR,ERR,ERR,ERR,ERR,ERR,ERR,ERR,ERR,ERR,ERR,ERR,ERR,ERR,ERR,ERR,ERR,ERR,ERR,ERR,ERR,ERR,0.0,0.0,0.0,0.0,0.0,1.3936040501711995e+18,7.805,0.0,0,0,4,0,7116,0.0,100,0.0,0.0,0.0,0.0,0.0,0,0,0,0,0.0,0,0,0,0,0,0,0,0,0,0,0,0,0,0,0,0,0,0,0,0,0,0,0,0,0,0,0,0,0,0,0,0,0,31,40,40,71,65476,0,300,0,0,8,21553,0.0,-107605600.0,0.0,0.0,0.0,0.0,0.0,0.0,0.0,0.0,0.0,0.0,0.0,0.0,0.0,0.0,0.0,0.0,0.0,0.0,0.0,0.0,-2.004,0.0,-2.004,0.0,0.0,0.0,0.0,0.0,4520.0,0.0,6918.0,0.0,0.0,0.0,-0.0,0.0,0.0,0.0,0.0,69,-0.0,-0.0,0.0,0.0,0.0,0.0,0.0,0.0,0.0,0,0,0,0.0,0.0,0.0,0.0,0.0,0.0,0.0,0.0,0.0,0.0,0.0,0.0,0.0,0.0,0.0,0.0,0,-107875648.0,69,0.0,138,0.0,-0.0,0,26215,17085,13107,17099,13107,17079,0,0,0,70,68,100,0.0,82.3,-0.0,77.8,-0.0,78.5,1,49,50,180,0,39322,0,0,0.0,0.0,0.0,0.0,-0.0,67.0,0.0,162057.094,0.0,970,0,993,0,0,0,947,0,1016,0,916,0,788,0,778,0,821,0,7520,0.032,2.795834648671604e+19,0.0,0.0,784,16797,-0.0,162057.094,-114818.039,-0.0,0.133,6.909358625270745e+28,30.0,70.0,35,0.0,0.0,0.0,0.0,0.0,0.0,0.0,0.0,0.0,0.0,0.0,0.0,0.0,0.0,0.0,0.0,66.4,0,150,71,51,65476,0,300,0,0,8,20529,65476,0,0,44564,70.0,0.0,0.0,0.0,0.0,0.0
2026-09-10T21:47:20,ERR,ERR,ERR,ERR,ERR,ERR,ERR,ERR,ERR,ERR,ERR,ERR,ERR,ERR,ERR,ERR,ERR,ERR,ERR,ERR,ERR,ERR,ERR,ERR,ERR,ERR,ERR,ERR,ERR,ERR,ERR,ERR,ERR,ERR,ERR,ERR,ERR,ERR,ERR,ERR,ERR,ERR,ERR,ERR,ERR,ERR,ERR,ERR,ERR,ERR,ERR,ERR,ERR,ERR,ERR,ERR,ERR,ERR,ERR,ERR,ERR,ERR,ERR,ERR,ERR,ERR,ERR,ERR,ERR,ERR,ERR,ERR,ERR,ERR,ERR,ERR,ERR,ERR,ERR,ERR,ERR,ERR,ERR,ERR,ERR,ERR,ERR,ERR,ERR,ERR,ERR,ERR,ERR,ERR,ERR,ERR,ERR,ERR,ERR,ERR,ERR,ERR,ERR,ERR,ERR,ERR,ERR,ERR,ERR,ERR,ERR,ERR,ERR,ERR,ERR,ERR,ERR,ERR,ERR,ERR,ERR,ERR,ERR,ERR,ERR,0.0,0.0,0.0,0.0,0.0,1.3936040501711995e+18,7.805,0.0,0,0,4,0,7116,0.0,100,0.0,0.0,0.0,0.0,0.0,0,0,0,0,0.0,0,0,0,0,0,0,0,0,0,0,0,0,0,0,0,0,0,0,0,0,0,0,0,0,0,0,0,0,0,0,0,0,0,31,40,40,71,65476,0,300,0,0,8,21553,0.0,-107605600.0,0.0,0.0,0.0,0.0,0.0,0.0,0.0,0.0,0.0,0.0,0.0,0.0,0.0,0.0,0.0,0.0,0.0,0.0,0.0,0.0,-2.004,0.0,-2.004,0.0,0.0,0.0,0.0,0.0,4520.0,0.0,6918.0,0.0,0.0,0.0,-0.0,0.0,0.0,0.0,0.0,69,-0.0,-0.0,0.0,0.0,0.0,0.0,0.0,0.0,0.0,0,0,0,0.0,0.0,0.0,0.0,0.0,0.0,0.0,0.0,0.0,0.0,0.0,0.0,0.0,0.0,0.0,0.0,0,-107875648.0,69,0.0,138,0.0,-0.0,0,26215,17085,13107,17099,13107,17079,0,0,0,70,68,100,0.0,82.3,-0.0,77.8,-0.0,78.5,1,49,50,180,0,39322,0,0,0.0,0.0,0.0,0.0,-0.0,67.0,0.0,162057.094,0.0,970,0,993,0,0,0,947,0,1016,0,916,0,788,0,778,0,821,0,7520,0.032,2.795834648671604e+19,0.0,0.0,784,16797,-0.0,162057.094,-114818.039,-0.0,0.133,6.909358625270745e+28,30.0,70.0,35,0.0,0.0,0.0,0.0,0.0,0.0,0.0,0.0,0.0,0.0,0.0,0.0,0.0,0.0,0.0,0.0,66.4,0,150,71,51,65476,0,300,0,0,8,20529,65476,0,0,44564,70.0,0.0,0.0,0.0,0.0,0.0
2026-09-10T21:47:21,ERR,ERR,ERR,ERR,ERR,ERR,ERR,ERR,ERR,ERR,ERR,ERR,ERR,ERR,ERR,ERR,ERR,ERR,ERR,ERR,ERR,ERR,ERR,ERR,ERR,ERR,ERR,ERR,ERR,ERR,ERR,ERR,ERR,ERR,ERR,ERR,ERR,ERR,ERR,ERR,ERR,ERR,ERR,ERR,ERR,ERR,ERR,ERR,ERR,ERR,ERR,ERR,ERR,ERR,ERR,ERR,ERR,ERR,ERR,ERR,ERR,ERR,ERR,ERR,ERR,ERR,ERR,ERR,ERR,ERR,ERR,ERR,ERR,ERR,ERR,ERR,ERR,ERR,ERR,ERR,ERR,ERR,ERR,ERR,ERR,ERR,ERR,ERR,ERR,ERR,ERR,ERR,ERR,ERR,ERR,ERR,ERR,ERR,ERR,ERR,ERR,ERR,ERR,ERR,ERR,ERR,ERR,ERR,ERR,ERR,ERR,ERR,ERR,ERR,ERR,ERR,ERR,ERR,ERR,ERR,ERR,ERR,ERR,ERR,ERR,0.0,0.0,0.0,0.0,0.0,1.3936040501711995e+18,7.805,0.0,0,0,4,0,7116,0.0,100,0.0,0.0,0.0,0.0,0.0,0,0,0,0,0.0,0,0,0,0,0,0,0,0,0,0,0,0,0,0,0,0,0,0,0,0,0,0,0,0,0,0,0,0,0,0,0,0,0,31,40,40,71,65476,0,300,0,0,8,21553,0.0,-107605600.0,0.0,0.0,0.0,0.0,0.0,0.0,0.0,0.0,0.0,0.0,0.0,0.0,0.0,0.0,0.0,0.0,0.0,0.0,0.0,0.0,-2.004,0.0,-2.004,0.0,0.0,0.0,0.0,0.0,4517.0,0.0,6912.0,0.0,0.0,0.0,-0.0,0.0,0.0,0.0,0.0,69,-0.0,5.84804776034314e+35,0.0,0.0,0.0,0.0,0.0,0.0,0.0,0,0,0,0.0,0.0,0.0,0.0,0.0,0.0,0.0,0.0,0.0,0.0,0.0,0.0,0.0,0.0,0.0,0.0,0,-107875648.0,69,0.0,138,0.0,-0.0,0,26215,17085,13107,17099,13107,17079,0,0,0,70,68,100,0.0,82.3,-0.0,77.8,-0.0,78.5,1,49,50,180,0,39322,0,0,0.0,0.0,0.0,0.0,-0.0,67.0,0.0,162057.094,0.0,970,0,993,0,0,0,947,0,1016,0,916,0,788,0,778,0,821,0,7520,0.032,2.795834648671604e+19,0.0,0.0,784,16797,-0.0,162057.094,-114818.039,-0.0,0.133,6.909358625270745e+28,30.0,70.0,35,0.0,0.0,0.0,0.0,0.0,0.0,0.0,0.0,0.0,0.0,0.0,0.0,0.0,0.0,0.0,0.0,66.4,0,150,71,51,65476,0,300,0,0,8,20529,65476,0,0,44564,70.0,0.0,0.0,0.0,0.0,0.0
2026-09-10T21:47:22,ERR,ERR,ERR,ERR,ERR,ERR,ERR,ERR,ERR,ERR,ERR,ERR,ERR,ERR,ERR,ERR,ERR,ERR,ERR,ERR,ERR,ERR,ERR,ERR,ERR,ERR,ERR,ERR,ERR,ERR,ERR,ERR,ERR,ERR,ERR,ERR,ERR,ERR,ERR,ERR,ERR,ERR,ERR,ERR,ERR,ERR,ERR,ERR,ERR,ERR,ERR,ERR,ERR,ERR,ERR,ERR,ERR,ERR,ERR,ERR,ERR,ERR,ERR,ERR,ERR,ERR,ERR,ERR,ERR,ERR,ERR,ERR,ERR,ERR,ERR,ERR,ERR,ERR,ERR,ERR,ERR,ERR,ERR,ERR,ERR,ERR,ERR,ERR,ERR,ERR,ERR,ERR,ERR,ERR,ERR,ERR,ERR,ERR,ERR,ERR,ERR,ERR,ERR,ERR,ERR,ERR,ERR,ERR,ERR,ERR,ERR,ERR,ERR,ERR,ERR,ERR,ERR,ERR,ERR,ERR,ERR,ERR,ERR,ERR,ERR,0.0,0.0,0.0,0.0,0.0,1.3936040501711995e+18,7.805,0.0,0,0,4,0,7116,0.0,100,0.0,0.0,0.0,0.0,0.0,0,0,0,0,0.0,0,0,0,0,0,0,0,0,0,0,0,0,0,0,0,0,0,0,0,0,0,0,0,0,0,0,0,0,0,0,0,0,0,31,40,40,71,65476,0,300,0,0,8,21553,0.0,-107605600.0,0.0,0.0,0.0,0.0,0.0,0.0,0.0,0.0,0.0,0.0,0.0,0.0,0.0,0.0,0.0,0.0,0.0,0.0,0.0,0.0,-2.004,0.0,-2.004,0.0,0.0,0.0,0.0,0.0,4517.0,0.0,6912.0,0.0,0.0,0.0,-0.0,0.0,0.0,0.0,0.0,69,-0.0,5.84804776034314e+35,0.0,0.0,0.0,0.0,0.0,0.0,0.0,0,0,0,0.0,0.0,0.0,0.0,0.0,0.0,0.0,0.0,0.0,0.0,0.0,0.0,0.0,0.0,0.0,0.0,0,-107875648.0,69,0.0,138,0.0,-0.0,0,26215,17085,13107,17099,13107,17079,0,0,0,70,68,100,0.0,82.3,-0.0,77.8,-0.0,78.5,1,49,50,180,0,39322,0,0,0.0,0.0,0.0,0.0,-0.0,67.0,0.0,162057.094,0.0,970,0,993,0,0,0,947,0,1016,0,916,0,788,0,778,0,821,0,7520,0.032,2.7814231298640183e+19,0.0,0.0,784,16797,-0.0,162057.094,-114818.039,-0.0,0.133,6.909358625270745e+28,30.0,70.0,35,0.0,0.0,0.0,0.0,0.0,0.0,0.0,0.0,0.0,0.0,0.0,0.0,0.0,0.0,0.0,0.0,66.4,0,150,71,51,65476,0,300,0,0,8,20529,65476,0,0,44564,70.0,0.0,0.0,0.0,0.0,0.0
2026-09-10T21:47:23,ERR,ERR,ERR,ERR,ERR,ERR,ERR,ERR,ERR,ERR,ERR,ERR,ERR,ERR,ERR,ERR,ERR,ERR,ERR,ERR,ERR,ERR,ERR,ERR,ERR,ERR,ERR,ERR,ERR,ERR,ERR,ERR,ERR,ERR,ERR,ERR,ERR,ERR,ERR,ERR,ERR,ERR,ERR,ERR,ERR,ERR,ERR,ERR,ERR,ERR,ERR,ERR,ERR,ERR,ERR,ERR,ERR,ERR,ERR,ERR,ERR,ERR,ERR,ERR,ERR,ERR,ERR,ERR,ERR,ERR,ERR,ERR,ERR,ERR,ERR,ERR,ERR,ERR,ERR,ERR,ERR,ERR,ERR,ERR,ERR,ERR,ERR,ERR,ERR,ERR,ERR,ERR,ERR,ERR,ERR,ERR,ERR,ERR,ERR,ERR,ERR,ERR,ERR,ERR,ERR,ERR,ERR,ERR,ERR,ERR,ERR,ERR,ERR,ERR,ERR,ERR,ERR,ERR,ERR,ERR,ERR,ERR,ERR,ERR,ERR,0.0,0.0,0.0,0.0,0.0,1.3936040501711995e+18,7.805,0.0,0,0,4,0,7116,0.0,100,0.0,0.0,0.0,0.0,0.0,0,0,0,0,0.0,0,0,0,0,0,0,0,0,0,0,0,0,0,0,0,0,0,0,0,0,0,0,0,0,0,0,0,0,0,0,0,0,0,31,40,40,71,65476,0,300,0,0,8,21553,0.0,-107605600.0,0.0,0.0,0.0,0.0,0.0,0.0,0.0,0.0,0.0,0.0,0.0,0.0,0.0,0.0,0.0,0.0,0.0,0.0,0.0,0.0,-2.004,0.0,-2.004,0.0,0.0,0.0,0.0,0.0,4517.0,0.0,6912.0,0.0,0.0,0.0,-0.0,0.0,0.0,0.0,0.0,69,-0.0,5.84804776034314e+35,0.0,0.0,0.0,0.0,0.0,0.0,0.0,0,0,0,0.0,0.0,0.0,0.0,0.0,0.0,0.0,0.0,0.0,0.0,0.0,0.0,0.0,0.0,0.0,0.0,0,-107875648.0,69,0.0,138,0.0,-0.0,0,26215,17085,13107,17099,13107,17079,0,0,0,70,68,100,0.0,82.3,-0.0,77.8,-0.0,78.5,1,49,50,180,0,39322,0,0,0.0,0.0,0.0,0.0,-0.0,67.0,0.0,162057.094,0.0,970,0,993,0,0,0,947,0,1016,0,916,0,788,0,778,0,821,0,7520,0.032,2.7814231298640183e+19,0.0,0.0,784,16797,-0.0,162057.094,-114818.039,-0.0,0.133,6.909358625270745e+28,30.0,70.0,35,0.0,0.0,0.0,0.0,0.0,0.0,0.0,0.0,0.0,0.0,0.0,0.0,0.0,0.0,0.0,0.0,66.4,0,150,71,51,65476,0,300,0,0,8,20529,65476,0,0,44564,70.0,0.0,0.0,0.0,0.0,0.0
2026-09-10T21:47:24,ERR,ERR,ERR,ERR,ERR,ERR,ERR,ERR,ERR,ERR,ERR,ERR,ERR,ERR,ERR,ERR,ERR,ERR,ERR,ERR,ERR,ERR,ERR,ERR,ERR,ERR,ERR,ERR,ERR,ERR,ERR,ERR,ERR,ERR,ERR,ERR,ERR,ERR,ERR,ERR,ERR,ERR,ERR,ERR,ERR,ERR,ERR,ERR,ERR,ERR,ERR,ERR,ERR,ERR,ERR,ERR,ERR,ERR,ERR,ERR,ERR,ERR,ERR,ERR,ERR,ERR,ERR,ERR,ERR,ERR,ERR,ERR,ERR,ERR,ERR,ERR,ERR,ERR,ERR,ERR,ERR,ERR,ERR,ERR,ERR,ERR,ERR,ERR,ERR,ERR,ERR,ERR,ERR,ERR,ERR,ERR,ERR,ERR,ERR,ERR,ERR,ERR,ERR,ERR,ERR,ERR,ERR,ERR,ERR,ERR,ERR,ERR,ERR,ERR,ERR,ERR,ERR,ERR,ERR,ERR,ERR,ERR,ERR,ERR,ERR,0.0,0.0,0.0,0.0,0.0,1.3936040501711995e+18,7.805,0.0,0,0,4,0,7116,0.0,100,0.0,0.0,0.0,0.0,0.0,0,0,0,0,0.0,0,0,0,0,0,0,0,0,0,0,0,0,0,0,0,0,0,0,0,0,0,0,0,0,0,0,0,0,0,0,0,0,0,31,40,40,71,65476,0,300,0,0,8,21553,0.0,-107605600.0,0.0,0.0,0.0,0.0,0.0,0.0,0.0,0.0,0.0,0.0,0.0,0.0,0.0,0.0,0.0,0.0,0.0,0.0,0.0,0.0,-2.004,0.0,-2.004,0.0,0.0,0.0,0.0,0.0,4517.0,0.0,6912.0,0.0,0.0,0.0,-0.0,0.0,0.0,0.0,0.0,69,-0.0,5.84804776034314e+35,0.0,0.0,0.0,0.0,0.0,0.0,0.0,0,0,0,0.0,0.0,0.0,0.0,0.0,0.0,0.0,0.0,0.0,0.0,0.0,0.0,0.0,0.0,0.0,0.0,0,-107875648.0,69,0.0,138,0.0,-0.0,0,26215,17085,13107,17099,13107,17079,0,0,0,70,68,100,0.0,82.3,-0.0,77.8,-0.0,78.5,1,49,50,180,0,39322,0,0,0.0,0.0,0.0,0.0,-0.0,67.0,0.0,162057.094,0.0,970,0,993,0,0,0,947,0,1016,0,916,0,788,0,778,0,821,0,7520,0.032,2.7814231298640183e+19,0.0,0.0,784,16797,-0.0,162057.094,-114818.039,-0.0,0.133,6.909358625270745e+28,30.0,70.0,35,0.0,0.0,0.0,0.0,0.0,0.0,0.0,0.0,0.0,0.0,0.0,0.0,0.0,0.0,0.0,0.0,66.4,0,150,71,51,65476,0,300,0,0,8,20529,65476,0,0,44564,70.0,0.0,0.0,0.0,0.0,0.0
2026-09-10T21:47:25,ERR,ERR,ERR,ERR,ERR,ERR,ERR,ERR,ERR,ERR,ERR,ERR,ERR,ERR,ERR,ERR,ERR,ERR,ERR,ERR,ERR,ERR,ERR,ERR,ERR,ERR,ERR,ERR,ERR,ERR,ERR,ERR,ERR,ERR,ERR,ERR,ERR,ERR,ERR,ERR,ERR,ERR,ERR,ERR,ERR,ERR,ERR,ERR,ERR,ERR,ERR,ERR,ERR,ERR,ERR,ERR,ERR,ERR,ERR,ERR,ERR,ERR,ERR,ERR,ERR,ERR,ERR,ERR,ERR,ERR,ERR,ERR,ERR,ERR,ERR,ERR,ERR,ERR,ERR,ERR,ERR,ERR,ERR,ERR,ERR,ERR,ERR,ERR,ERR,ERR,ERR,ERR,ERR,ERR,ERR,ERR,ERR,ERR,ERR,ERR,ERR,ERR,ERR,ERR,ERR,ERR,ERR,ERR,ERR,ERR,ERR,ERR,ERR,ERR,ERR,ERR,ERR,ERR,ERR,ERR,ERR,ERR,ERR,ERR,ERR,0.0,0.0,0.0,0.0,0.0,1.3936040501711995e+18,7.805,0.0,0,0,4,0,7116,0.0,100,0.0,0.0,0.0,0.0,0.0,0,0,0,0,0.0,0,0,0,0,0,0,0,0,0,0,0,0,0,0,0,0,0,0,0,0,0,0,0,0,0,0,0,0,0,0,0,0,0,31,40,40,71,65476,0,300,0,0,8,21553,0.0,-107605600.0,0.0,0.0,0.0,0.0,0.0,0.0,0.0,0.0,0.0,0.0,0.0,0.0,0.0,0.0,0.0,0.0,0.0,0.0,0.0,0.0,-2.004,0.0,-2.004,0.0,0.0,0.0,0.0,0.0,4517.0,0.0,6912.0,0.0,0.0,0.0,-0.0,0.0,0.0,0.0,0.0,69,-0.0,5.84804776034314e+35,0.0,0.0,0.0,0.0,0.0,0.0,0.0,0,0,0,0.0,0.0,0.0,0.0,0.0,0.0,0.0,0.0,0.0,0.0,0.0,0.0,0.0,0.0,0.0,0.0,0,-107875648.0,69,0.0,138,0.0,-0.0,0,26215,17085,13107,17099,13107,17079,0,0,0,70,68,100,0.0,82.3,-0.0,77.8,-0.0,78.5,1,49,50,180,0,39322,0,0,0.0,0.0,0.0,0.0,-0.0,67.0,0.0,162057.094,0.0,970,0,993,0,0,0,947,0,1016,0,916,0,788,0,778,0,821,0,7520,0.032,2.7814231298640183e+19,0.0,0.0,784,16797,-0.0,162057.094,-114818.039,-0.0,0.133,6.909358625270745e+28,30.0,70.0,35,0.0,0.0,0.0,0.0,0.0,0.0,0.0,0.0,0.0,0.0,0.0,0.0,0.0,0.0,0.0,0.0,66.4,0,150,71,51,65476,0,300,0,0,8,20529,65476,0,0,44564,70.0,0.0,0.0,0.0,0.0,0.0
2026-09-10T21:47:26,ERR,ERR,ERR,ERR,ERR,ERR,ERR,ERR,ERR,ERR,ERR,ERR,ERR,ERR,ERR,ERR,ERR,ERR,ERR,ERR,ERR,ERR,ERR,ERR,ERR,ERR,ERR,ERR,ERR,ERR,ERR,ERR,ERR,ERR,ERR,ERR,ERR,ERR,ERR,ERR,ERR,ERR,ERR,ERR,ERR,ERR,ERR,ERR,ERR,ERR,ERR,ERR,ERR,ERR,ERR,ERR,ERR,ERR,ERR,ERR,ERR,ERR,ERR,ERR,ERR,ERR,ERR,ERR,ERR,ERR,ERR,ERR,ERR,ERR,ERR,ERR,ERR,ERR,ERR,ERR,ERR,ERR,ERR,ERR,ERR,ERR,ERR,ERR,ERR,ERR,ERR,ERR,ERR,ERR,ERR,ERR,ERR,ERR,ERR,ERR,ERR,ERR,ERR,ERR,ERR,ERR,ERR,ERR,ERR,ERR,ERR,ERR,ERR,ERR,ERR,ERR,ERR,ERR,ERR,ERR,ERR,ERR,ERR,ERR,ERR,0.0,0.0,0.0,0.0,0.0,1.3936040501711995e+18,7.805,0.0,0,0,4,0,7116,0.0,100,0.0,0.0,0.0,0.0,0.0,0,0,0,0,0.0,0,0,0,0,0,0,0,0,0,0,0,0,0,0,0,0,0,0,0,0,0,0,0,0,0,0,0,0,0,0,0,0,0,31,40,40,71,65476,0,300,0,0,8,21553,0.0,-107605600.0,0.0,0.0,0.0,0.0,0.0,0.0,0.0,0.0,0.0,0.0,0.0,0.0,0.0,0.0,0.0,0.0,0.0,0.0,0.0,0.0,-2.004,0.0,-2.004,0.0,0.0,0.0,0.0,0.0,4517.0,0.0,6912.0,0.0,0.0,0.0,-0.0,0.0,0.0,0.0,0.0,69,-0.0,5.84804776034314e+35,0.0,0.0,0.0,0.0,0.0,0.0,0.0,0,0,0,0.0,0.0,0.0,0.0,0.0,0.0,0.0,0.0,0.0,0.0,0.0,0.0,0.0,0.0,0.0,0.0,0,-107875648.0,69,0.0,138,0.0,-0.0,0,26215,17085,0,17099,26215,17079,0,0,0,70,68,100,0.0,82.3,-0.0,77.8,-0.0,78.5,1,49,50,180,0,39322,0,0,0.0,0.0,0.0,0.0,-0.0,67.0,0.0,162057.094,0.0,970,0,993,0,0,0,947,0,1016,0,917,0,788,0,778,0,821,0,7520,0.032,2.795834648671604e+19,0.0,0.0,784,16797,-0.0,162057.094,-114818.039,-0.0,0.133,6.909358625270745e+28,30.0,70.0,35,0.0,0.0,0.0,0.0,0.0,0.0,0.0,0.0,0.0,0.0,0.0,0.0,0.0,0.0,0.0,0.0,66.8,0,150,71,51,65476,0,300,0,0,8,20529,65476,0,0,44564,70.0,0.0,0.0,0.0,0.0,0.0
2026-09-10T21:47:27,ERR,ERR,ERR,ERR,ERR,ERR,ERR,ERR,ERR,ERR,ERR,ERR,ERR,ERR,ERR,ERR,ERR,ERR,ERR,ERR,ERR,ERR,ERR,ERR,ERR,ERR,ERR,ERR,ERR,ERR,ERR,ERR,ERR,ERR,ERR,ERR,ERR,ERR,ERR,ERR,ERR,ERR,ERR,ERR,ERR,ERR,ERR,ERR,ERR,ERR,ERR,ERR,ERR,ERR,ERR,ERR,ERR,ERR,ERR,ERR,ERR,ERR,ERR,ERR,ERR,ERR,ERR,ERR,ERR,ERR,ERR,ERR,ERR,ERR,ERR,ERR,ERR,ERR,ERR,ERR,ERR,ERR,ERR,ERR,ERR,ERR,ERR,ERR,ERR,ERR,ERR,ERR,ERR,ERR,ERR,ERR,ERR,ERR,ERR,ERR,ERR,ERR,ERR,ERR,ERR,ERR,ERR,ERR,ERR,ERR,ERR,ERR,ERR,ERR,ERR,ERR,ERR,ERR,ERR,ERR,ERR,ERR,ERR,ERR,ERR,0.0,0.0,0.0,0.0,0.0,1.3936040501711995e+18,7.805,0.0,0,0,4,0,7116,0.0,100,0.0,0.0,0.0,0.0,0.0,0,0,0,0,0.0,0,0,0,0,0,0,0,0,0,0,0,0,0,0,0,0,0,0,0,0,0,0,0,0,0,0,0,0,0,0,0,0,0,31,40,40,71,65476,0,300,0,0,8,21553,0.0,-107605600.0,0.0,0.0,0.0,0.0,0.0,0.0,0.0,0.0,0.0,0.0,0.0,0.0,0.0,0.0,0.0,0.0,0.0,0.0,0.0,0.0,-2.004,0.0,-2.004,0.0,0.0,0.0,0.0,0.0,4521.0,2.004,6920.0,0.0,0.0,0.0,-0.0,0.0,0.0,0.0,0.0,69,-0.059,-107614624.0,0.0,0.0,0.0,0.0,0.0,0.0,0.0,0,0,0,0.0,0.0,0.0,0.0,0.0,0.0,0.0,0.0,0.0,0.0,0.0,0.0,0.0,0.0,0.0,0.0,0,-107875648.0,69,0.0,138,0.0,-0.0,0,26215,17085,0,17099,26215,17079,0,0,0,70,68,100,0.0,82.3,-0.0,77.8,-0.0,78.5,1,49,50,180,0,39322,0,0,0.0,0.0,0.0,0.0,-0.0,67.0,0.0,162057.094,0.0,970,0,993,0,0,0,947,0,1016,0,917,0,788,0,778,0,821,0,7520,0.032,2.795834648671604e+19,0.0,0.0,784,16797,-0.0,162057.094,-114818.039,-0.0,0.133,6.909358625270745e+28,30.0,70.0,35,0.0,0.0,0.0,0.0,0.0,0.0,0.0,0.0,0.0,0.0,0.0,0.0,0.0,0.0,0.0,0.0,66.4,0,150,71,51,65476,0,300,0,0,8,20529,65476,0,0,44564,70.0,0.0,0.0,0.0,0.0,0.0
2026-09-10T21:47:28,ERR,ERR,ERR,ERR,ERR,ERR,ERR,ERR,ERR,ERR,ERR,ERR,ERR,ERR,ERR,ERR,ERR,ERR,ERR,ERR,ERR,ERR,ERR,ERR,ERR,ERR,ERR,ERR,ERR,ERR,ERR,ERR,ERR,ERR,ERR,ERR,ERR,ERR,ERR,ERR,ERR,ERR,ERR,ERR,ERR,ERR,ERR,ERR,ERR,ERR,ERR,ERR,ERR,ERR,ERR,ERR,ERR,ERR,ERR,ERR,ERR,ERR,ERR,ERR,ERR,ERR,ERR,ERR,ERR,ERR,ERR,ERR,ERR,ERR,ERR,ERR,ERR,ERR,ERR,ERR,ERR,ERR,ERR,ERR,ERR,ERR,ERR,ERR,ERR,ERR,ERR,ERR,ERR,ERR,ERR,ERR,ERR,ERR,ERR,ERR,ERR,ERR,ERR,ERR,ERR,ERR,ERR,ERR,ERR,ERR,ERR,ERR,ERR,ERR,ERR,ERR,ERR,ERR,ERR,ERR,ERR,ERR,ERR,ERR,ERR,0.0,0.0,0.0,0.0,0.0,1.3936040501711995e+18,7.805,0.0,0,0,4,0,7116,0.0,100,0.0,0.0,0.0,0.0,0.0,0,0,0,0,0.0,0,0,0,0,0,0,0,0,0,0,0,0,0,0,0,0,0,0,0,0,0,0,0,0,0,0,0,0,0,0,0,0,0,31,40,40,71,65476,0,300,0,0,8,21553,0.0,-107605600.0,0.0,0.0,0.0,0.0,0.0,0.0,0.0,0.0,0.0,0.0,0.0,0.0,0.0,0.0,0.0,0.0,0.0,0.0,0.0,0.0,-2.004,0.0,-2.004,0.0,0.0,0.0,0.0,0.0,4521.0,2.004,6920.0,0.0,0.0,0.0,-0.0,0.0,0.0,0.0,0.0,69,-0.059,-107614624.0,0.0,0.0,0.0,0.0,0.0,0.0,0.0,0,0,0,0.0,0.0,0.0,0.0,0.0,0.0,0.0,0.0,0.0,0.0,0.0,0.0,0.0,0.0,0.0,0.0,0,-107875648.0,69,0.0,138,0.0,-0.0,0,26215,17085,0,17099,26215,17079,0,0,0,70,68,100,0.0,82.3,-0.0,77.8,-0.0,78.5,1,49,50,180,0,39322,0,0,0.0,0.0,0.0,0.0,-0.0,67.0,0.0,162057.094,0.0,970,0,993,0,0,0,947,0,1016,0,917,0,788,0,778,0,821,0,7520,0.032,2.795834648671604e+19,0.0,0.0,784,16797,-0.0,162057.094,-114818.039,-0.0,0.133,6.909358625270745e+28,30.0,70.0,35,0.0,0.0,0.0,0.0,0.0,0.0,0.0,0.0,0.0,0.0,0.0,0.0,0.0,0.0,0.0,0.0,66.4,0,150,71,51,65476,0,300,0,0,8,20529,65476,0,0,44564,70.0,0.0,0.0,0.0,0.0,0.0
2026-09-10T21:47:29,ERR,ERR,ERR,ERR,ERR,ERR,ERR,ERR,ERR,ERR,ERR,ERR,ERR,ERR,ERR,ERR,ERR,ERR,ERR,ERR,ERR,ERR,ERR,ERR,ERR,ERR,ERR,ERR,ERR,ERR,ERR,ERR,ERR,ERR,ERR,ERR,ERR,ERR,ERR,ERR,ERR,ERR,ERR,ERR,ERR,ERR,ERR,ERR,ERR,ERR,ERR,ERR,ERR,ERR,ERR,ERR,ERR,ERR,ERR,ERR,ERR,ERR,ERR,ERR,ERR,ERR,ERR,ERR,ERR,ERR,ERR,ERR,ERR,ERR,ERR,ERR,ERR,ERR,ERR,ERR,ERR,ERR,ERR,ERR,ERR,ERR,ERR,ERR,ERR,ERR,ERR,ERR,ERR,ERR,ERR,ERR,ERR,ERR,ERR,ERR,ERR,ERR,ERR,ERR,ERR,ERR,ERR,ERR,ERR,ERR,ERR,ERR,ERR,ERR,ERR,ERR,ERR,ERR,ERR,ERR,ERR,ERR,ERR,ERR,ERR,0.0,0.0,0.0,0.0,0.0,1.3936040501711995e+18,7.805,0.0,0,0,4,0,7116,0.0,100,0.0,0.0,0.0,0.0,0.0,0,0,0,0,0.0,0,0,0,0,0,0,0,0,0,0,0,0,0,0,0,0,0,0,0,0,0,0,0,0,0,0,0,0,0,0,0,0,0,31,40,40,71,65476,0,300,0,0,8,21553,0.0,-107605600.0,0.0,0.0,0.0,0.0,0.0,0.0,0.0,0.0,0.0,0.0,0.0,0.0,0.0,0.0,0.0,0.0,0.0,0.0,0.0,0.0,-2.004,0.0,-2.004,0.0,0.0,0.0,0.0,0.0,4521.0,2.004,6920.0,0.0,0.0,0.0,-0.0,0.0,0.0,0.0,0.0,69,-0.059,-107614624.0,0.0,0.0,0.0,0.0,0.0,0.0,0.0,0,0,0,0.0,0.0,0.0,0.0,0.0,0.0,0.0,0.0,0.0,0.0,0.0,0.0,0.0,0.0,0.0,0.0,0,-107875648.0,69,0.0,138,0.0,-0.0,0,26215,17085,13107,17099,26215,17079,0,0,0,70,68,100,0.0,82.3,-0.0,77.8,-0.0,78.5,1,49,50,180,0,39322,0,0,0.0,0.0,0.0,0.0,-0.0,67.0,0.0,162057.094,0.0,970,0,993,0,0,0,946,0,1016,0,917,0,788,0,778,0,821,0,7520,0.032,2.795834648671604e+19,0.0,0.0,784,16797,-0.0,162057.094,-114818.039,-0.0,0.133,6.909358625270745e+28,30.0,70.0,35,0.0,0.0,0.0,0.0,0.0,0.0,0.0,0.0,0.0,0.0,0.0,0.0,0.0,0.0,0.0,0.0,66.4,0,150,71,51,65476,0,300,0,0,8,20529,65476,0,0,44564,70.0,0.0,0.0,0.0,0.0,0.0
2026-09-10T21:47:30,ERR,ERR,ERR,ERR,ERR,ERR,ERR,ERR,ERR,ERR,ERR,ERR,ERR,ERR,ERR,ERR,ERR,ERR,ERR,ERR,ERR,ERR,ERR,ERR,ERR,ERR,ERR,ERR,ERR,ERR,ERR,ERR,ERR,ERR,ERR,ERR,ERR,ERR,ERR,ERR,ERR,ERR,ERR,ERR,ERR,ERR,ERR,ERR,ERR,ERR,ERR,ERR,ERR,ERR,ERR,ERR,ERR,ERR,ERR,ERR,ERR,ERR,ERR,ERR,ERR,ERR,ERR,ERR,ERR,ERR,ERR,ERR,ERR,ERR,ERR,ERR,ERR,ERR,ERR,ERR,ERR,ERR,ERR,ERR,ERR,ERR,ERR,ERR,ERR,ERR,ERR,ERR,ERR,ERR,ERR,ERR,ERR,ERR,ERR,ERR,ERR,ERR,ERR,ERR,ERR,ERR,ERR,ERR,ERR,ERR,ERR,ERR,ERR,ERR,ERR,ERR,ERR,ERR,ERR,ERR,ERR,ERR,ERR,ERR,ERR,0.0,0.0,0.0,0.0,0.0,1.3936040501711995e+18,7.805,0.0,0,0,4,0,7116,0.0,100,0.0,0.0,0.0,0.0,0.0,0,0,0,0,0.0,0,0,0,0,0,0,0,0,0,0,0,0,0,0,0,0,0,0,0,0,0,0,0,0,0,0,0,0,0,0,0,0,0,31,40,40,71,65476,0,300,0,0,8,21553,0.0,-107605600.0,0.0,0.0,0.0,0.0,0.0,0.0,0.0,0.0,0.0,0.0,0.0,0.0,0.0,0.0,0.0,0.0,0.0,0.0,0.0,0.0,-2.004,0.0,-2.004,0.0,0.0,0.0,0.0,0.0,4521.0,2.004,6920.0,0.0,0.0,0.0,-0.0,0.0,0.0,0.0,0.0,69,-0.059,-107614624.0,0.0,0.0,0.0,0.0,0.0,0.0,0.0,0,0,0,0.0,0.0,0.0,0.0,0.0,0.0,0.0,0.0,0.0,0.0,0.0,0.0,0.0,0.0,0.0,0.0,0,-107875648.0,69,0.0,138,0.0,-0.0,0,26215,17085,13107,17099,26215,17079,0,0,0,70,68,100,0.0,82.3,-0.0,77.8,-0.0,78.5,1,49,50,180,0,39322,0,0,0.0,0.0,0.0,0.0,-0.0,67.0,0.0,162057.094,0.0,970,0,993,0,0,0,946,0,1016,0,917,0,788,0,778,0,821,0,7520,0.032,2.795834648671604e+19,0.0,0.0,784,16797,-0.0,162057.094,-114818.039,-0.0,0.133,6.909358625270745e+28,30.0,70.0,35,0.0,0.0,0.0,0.0,0.0,0.0,0.0,0.0,0.0,0.0,0.0,0.0,0.0,0.0,0.0,0.0,66.4,0,150,71,51,65476,0,300,0,0,8,20529,65476,0,0,44564,70.0,0.0,0.0,0.0,0.0,0.0
2026-09-10T21:47:31,ERR,ERR,ERR,ERR,ERR,ERR,ERR,ERR,ERR,ERR,ERR,ERR,ERR,ERR,ERR,ERR,ERR,ERR,ERR,ERR,ERR,ERR,ERR,ERR,ERR,ERR,ERR,ERR,ERR,ERR,ERR,ERR,ERR,ERR,ERR,ERR,ERR,ERR,ERR,ERR,ERR,ERR,ERR,ERR,ERR,ERR,ERR,ERR,ERR,ERR,ERR,ERR,ERR,ERR,ERR,ERR,ERR,ERR,ERR,ERR,ERR,ERR,ERR,ERR,ERR,ERR,ERR,ERR,ERR,ERR,ERR,ERR,ERR,ERR,ERR,ERR,ERR,ERR,ERR,ERR,ERR,ERR,ERR,ERR,ERR,ERR,ERR,ERR,ERR,ERR,ERR,ERR,ERR,ERR,ERR,ERR,ERR,ERR,ERR,ERR,ERR,ERR,ERR,ERR,ERR,ERR,ERR,ERR,ERR,ERR,ERR,ERR,ERR,ERR,ERR,ERR,ERR,ERR,ERR,ERR,ERR,ERR,ERR,ERR,ERR,0.0,0.0,0.0,0.0,0.0,1.3936040501711995e+18,7.805,0.0,0,0,4,0,7116,0.0,100,0.0,0.0,0.0,0.0,0.0,0,0,0,0,0.0,0,0,0,0,0,0,0,0,0,0,0,0,0,0,0,0,0,0,0,0,0,0,0,0,0,0,0,0,0,0,0,0,0,31,40,40,71,65476,0,300,0,0,8,21553,0.0,-107605600.0,0.0,0.0,0.0,0.0,0.0,0.0,0.0,0.0,0.0,0.0,0.0,0.0,0.0,0.0,0.0,0.0,0.0,0.0,0.0,0.0,-2.004,0.0,-2.004,0.0,0.0,0.0,0.0,0.0,4521.0,2.004,6920.0,0.0,0.0,0.0,-0.0,0.0,0.0,0.0,0.0,69,-0.059,-107614624.0,0.0,0.0,0.0,0.0,0.0,0.0,0.0,0,0,0,0.0,0.0,0.0,0.0,0.0,0.0,0.0,0.0,0.0,0.0,0.0,0.0,0.0,0.0,0.0,0.0,0,-107875648.0,69,0.0,138,0.0,-0.0,0,26215,17085,13107,17099,26215,17079,0,0,0,70,68,100,0.0,82.3,-0.0,77.8,-0.0,78.5,1,49,50,180,0,39322,0,0,0.0,0.0,0.0,0.0,-0.0,67.0,0.0,162057.094,0.0,970,0,993,0,0,0,946,0,1016,0,917,0,788,0,778,0,821,0,7520,0.032,2.795834648671604e+19,0.0,0.0,784,16797,-0.0,162057.094,-114818.039,-0.0,0.133,6.909358625270745e+28,30.0,70.0,35,0.0,0.0,0.0,0.0,0.0,0.0,0.0,0.0,0.0,0.0,0.0,0.0,0.0,0.0,0.0,0.0,66.4,0,150,71,51,65476,0,300,0,0,8,20529,65476,0,0,44564,70.0,0.0,0.0,0.0,0.0,0.0
2026-09-10T21:47:32,ERR,ERR,ERR,ERR,ERR,ERR,ERR,ERR,ERR,ERR,ERR,ERR,ERR,ERR,ERR,ERR,ERR,ERR,ERR,ERR,ERR,ERR,ERR,ERR,ERR,ERR,ERR,ERR,ERR,ERR,ERR,ERR,ERR,ERR,ERR,ERR,ERR,ERR,ERR,ERR,ERR,ERR,ERR,ERR,ERR,ERR,ERR,ERR,ERR,ERR,ERR,ERR,ERR,ERR,ERR,ERR,ERR,ERR,ERR,ERR,ERR,ERR,ERR,ERR,ERR,ERR,ERR,ERR,ERR,ERR,ERR,ERR,ERR,ERR,ERR,ERR,ERR,ERR,ERR,ERR,ERR,ERR,ERR,ERR,ERR,ERR,ERR,ERR,ERR,ERR,ERR,ERR,ERR,ERR,ERR,ERR,ERR,ERR,ERR,ERR,ERR,ERR,ERR,ERR,ERR,ERR,ERR,ERR,ERR,ERR,ERR,ERR,ERR,ERR,ERR,ERR,ERR,ERR,ERR,ERR,ERR,ERR,ERR,ERR,ERR,0.0,0.0,0.0,0.0,0.0,1.3936040501711995e+18,7.805,0.0,0,0,4,0,7116,0.0,100,0.0,0.0,0.0,0.0,0.0,0,0,0,0,0.0,0,0,0,0,0,0,0,0,0,0,0,0,0,0,0,0,0,0,0,0,0,0,0,0,0,0,0,0,0,0,0,0,0,31,40,40,71,65476,0,300,0,0,8,21553,0.0,-107605600.0,0.0,0.0,0.0,0.0,0.0,0.0,0.0,0.0,0.0,0.0,0.0,0.0,0.0,0.0,0.0,0.0,0.0,0.0,0.0,0.0,-2.004,0.0,-2.004,0.0,0.0,0.0,0.0,0.0,4521.0,0.0,6913.0,0.0,0.0,0.0,-0.0,0.0,0.0,0.0,0.0,69,-71.63,-0.0,0.0,0.0,0.0,0.0,0.0,0.0,0.0,0,0,0,0.0,0.0,0.0,0.0,0.0,0.0,0.0,0.0,0.0,0.0,0.0,0.0,0.0,0.0,0.0,0.0,0,-107875648.0,69,0.0,138,0.0,-0.0,0,26215,17085,13107,17099,26215,17079,0,0,0,70,68,100,0.0,82.3,-0.0,77.8,-0.0,78.5,1,49,50,180,0,39322,0,0,0.0,0.0,0.0,0.0,-0.0,67.0,0.0,162057.094,0.0,970,0,993,0,0,0,946,0,1016,0,917,0,788,0,778,0,821,0,7520,0.032,2.795834648671604e+19,0.0,0.0,784,16797,-0.0,162057.094,-114818.039,-0.0,0.133,6.909358625270745e+28,30.0,70.0,35,0.0,0.0,0.0,0.0,0.0,0.0,0.0,0.0,0.0,0.0,0.0,0.0,0.0,0.0,0.0,0.0,66.4,0,150,71,51,65476,0,300,0,0,8,20529,65476,0,0,44564,70.0,0.0,0.0,0.0,0.0,0.0
2026-09-10T21:47:33,ERR,ERR,ERR,ERR,ERR,ERR,ERR,ERR,ERR,ERR,ERR,ERR,ERR,ERR,ERR,ERR,ERR,ERR,ERR,ERR,ERR,ERR,ERR,ERR,ERR,ERR,ERR,ERR,ERR,ERR,ERR,ERR,ERR,ERR,ERR,ERR,ERR,ERR,ERR,ERR,ERR,ERR,ERR,ERR,ERR,ERR,ERR,ERR,ERR,ERR,ERR,ERR,ERR,ERR,ERR,ERR,ERR,ERR,ERR,ERR,ERR,ERR,ERR,ERR,ERR,ERR,ERR,ERR,ERR,ERR,ERR,ERR,ERR,ERR,ERR,ERR,ERR,ERR,ERR,ERR,ERR,ERR,ERR,ERR,ERR,ERR,ERR,ERR,ERR,ERR,ERR,ERR,ERR,ERR,ERR,ERR,ERR,ERR,ERR,ERR,ERR,ERR,ERR,ERR,ERR,ERR,ERR,ERR,ERR,ERR,ERR,ERR,ERR,ERR,ERR,ERR,ERR,ERR,ERR,ERR,ERR,ERR,ERR,ERR,ERR,0.0,0.0,0.0,0.0,0.0,1.3936040501711995e+18,7.805,0.0,0,0,4,0,7116,0.0,100,0.0,0.0,0.0,0.0,0.0,0,0,0,0,0.0,0,0,0,0,0,0,0,0,0,0,0,0,0,0,0,0,0,0,0,0,0,0,0,0,0,0,0,0,0,0,0,0,0,31,40,40,71,65476,0,300,0,0,8,21553,0.0,-107605600.0,0.0,0.0,0.0,0.0,0.0,0.0,0.0,0.0,0.0,0.0,0.0,0.0,0.0,0.0,0.0,0.0,0.0,0.0,0.0,0.0,-2.004,0.0,-2.004,0.0,0.0,0.0,0.0,0.0,4521.0,0.0,6913.0,0.0,0.0,0.0,-0.0,0.0,0.0,0.0,0.0,69,-71.63,-0.0,0.0,0.0,0.0,0.0,0.0,0.0,0.0,0,0,0,0.0,0.0,0.0,0.0,0.0,0.0,0.0,0.0,0.0,0.0,0.0,0.0,0.0,0.0,0.0,0.0,0,-107875648.0,69,0.0,138,0.0,-0.0,0,26215,17085,0,17099,26215,17079,0,0,0,70,68,100,0.0,82.3,-0.0,77.8,-0.0,78.5,1,49,50,180,0,39322,0,0,0.0,0.0,0.0,0.0,-0.0,67.0,0.0,162057.094,0.0,970,0,993,0,0,0,947,0,1015,0,917,0,788,0,778,0,821,0,7520,0.032,2.795834648671604e+19,0.0,0.0,784,16797,-0.0,162057.094,-114818.039,-0.0,0.133,6.909358625270745e+28,30.0,70.0,35,0.0,0.0,0.0,0.0,0.0,0.0,0.0,0.0,0.0,0.0,0.0,0.0,0.0,0.0,0.0,0.0,66.8,0,150,71,51,65476,0,300,0,0,8,20529,65476,0,0,44564,70.0,0.0,0.0,0.0,0.0,0.0
2026-09-10T21:47:34,ERR,ERR,ERR,ERR,ERR,ERR,ERR,ERR,ERR,ERR,ERR,ERR,ERR,ERR,ERR,ERR,ERR,ERR,ERR,ERR,ERR,ERR,ERR,ERR,ERR,ERR,ERR,ERR,ERR,ERR,ERR,ERR,ERR,ERR,ERR,ERR,ERR,ERR,ERR,ERR,ERR,ERR,ERR,ERR,ERR,ERR,ERR,ERR,ERR,ERR,ERR,ERR,ERR,ERR,ERR,ERR,ERR,ERR,ERR,ERR,ERR,ERR,ERR,ERR,ERR,ERR,ERR,ERR,ERR,ERR,ERR,ERR,ERR,ERR,ERR,ERR,ERR,ERR,ERR,ERR,ERR,ERR,ERR,ERR,ERR,ERR,ERR,ERR,ERR,ERR,ERR,ERR,ERR,ERR,ERR,ERR,ERR,ERR,ERR,ERR,ERR,ERR,ERR,ERR,ERR,ERR,ERR,ERR,ERR,ERR,ERR,ERR,ERR,ERR,ERR,ERR,ERR,ERR,ERR,ERR,ERR,ERR,ERR,ERR,ERR,0.0,0.0,0.0,0.0,0.0,1.3936040501711995e+18,7.805,0.0,0,0,4,0,7116,0.0,100,0.0,0.0,0.0,0.0,0.0,0,0,0,0,0.0,0,0,0,0,0,0,0,0,0,0,0,0,0,0,0,0,0,0,0,0,0,0,0,0,0,0,0,0,0,0,0,0,0,31,40,40,71,65476,0,300,0,0,8,21553,0.0,-107605600.0,0.0,0.0,0.0,0.0,0.0,0.0,0.0,0.0,0.0,0.0,0.0,0.0,0.0,0.0,0.0,0.0,0.0,0.0,0.0,0.0,-2.004,0.0,-2.004,0.0,0.0,0.0,0.0,0.0,4521.0,0.0,6913.0,0.0,0.0,0.0,-0.0,0.0,0.0,0.0,0.0,69,-71.63,-0.0,0.0,0.0,0.0,0.0,0.0,0.0,0.0,0,0,0,0.0,0.0,0.0,0.0,0.0,0.0,0.0,0.0,0.0,0.0,0.0,0.0,0.0,0.0,0.0,0.0,0,-107875648.0,69,0.0,138,0.0,-0.0,0,26215,17085,0,17099,26215,17079,0,0,0,70,68,100,0.0,82.3,-0.0,77.8,-0.0,78.5,1,49,50,180,0,39322,0,0,0.0,0.0,0.0,0.0,-0.0,67.0,0.0,162057.094,0.0,970,0,993,0,0,0,947,0,1015,0,917,0,788,0,778,0,821,0,7520,0.032,2.795834648671604e+19,0.0,0.0,784,16797,-0.0,162057.094,-114818.039,-0.0,0.133,6.909358625270745e+28,30.0,70.0,35,0.0,0.0,0.0,0.0,0.0,0.0,0.0,0.0,0.0,0.0,0.0,0.0,0.0,0.0,0.0,0.0,66.8,0,150,71,51,65476,0,300,0,0,8,20529,65476,0,0,44564,70.0,0.0,0.0,0.0,0.0,0.0
2026-09-10T21:47:35,ERR,ERR,ERR,ERR,ERR,ERR,ERR,ERR,ERR,ERR,ERR,ERR,ERR,ERR,ERR,ERR,ERR,ERR,ERR,ERR,ERR,ERR,ERR,ERR,ERR,ERR,ERR,ERR,ERR,ERR,ERR,ERR,ERR,ERR,ERR,ERR,ERR,ERR,ERR,ERR,ERR,ERR,ERR,ERR,ERR,ERR,ERR,ERR,ERR,ERR,ERR,ERR,ERR,ERR,ERR,ERR,ERR,ERR,ERR,ERR,ERR,ERR,ERR,ERR,ERR,ERR,ERR,ERR,ERR,ERR,ERR,ERR,ERR,ERR,ERR,ERR,ERR,ERR,ERR,ERR,ERR,ERR,ERR,ERR,ERR,ERR,ERR,ERR,ERR,ERR,ERR,ERR,ERR,ERR,ERR,ERR,ERR,ERR,ERR,ERR,ERR,ERR,ERR,ERR,ERR,ERR,ERR,ERR,ERR,ERR,ERR,ERR,ERR,ERR,ERR,ERR,ERR,ERR,ERR,ERR,ERR,ERR,ERR,ERR,ERR,0.0,0.0,0.0,0.0,0.0,1.3936040501711995e+18,7.805,0.0,0,0,4,0,7116,0.0,100,0.0,0.0,0.0,0.0,0.0,0,0,0,0,0.0,0,0,0,0,0,0,0,0,0,0,0,0,0,0,0,0,0,0,0,0,0,0,0,0,0,0,0,0,0,0,0,0,0,31,40,40,71,65476,0,300,0,0,8,21553,0.0,-107605600.0,0.0,0.0,0.0,0.0,0.0,0.0,0.0,0.0,0.0,0.0,0.0,0.0,0.0,0.0,0.0,0.0,0.0,0.0,0.0,0.0,-2.004,0.0,-2.004,0.0,0.0,0.0,0.0,0.0,4521.0,0.0,6913.0,0.0,0.0,0.0,-0.0,0.0,0.0,0.0,0.0,69,-71.63,-0.0,0.0,0.0,0.0,0.0,0.0,0.0,0.0,0,0,0,0.0,0.0,0.0,0.0,0.0,0.0,0.0,0.0,0.0,0.0,0.0,0.0,0.0,0.0,0.0,0.0,0,-107875648.0,69,0.0,138,0.0,-0.0,0,26215,17085,0,17099,26215,17079,0,0,0,70,68,100,0.0,82.3,-0.0,77.8,-0.0,78.5,1,49,50,180,0,39322,0,0,0.0,0.0,0.0,0.0,-0.0,67.0,0.0,162057.094,0.0,970,0,993,0,0,0,947,0,1015,0,917,0,788,0,778,0,821,0,7520,0.032,2.795834648671604e+19,0.0,0.0,784,16797,-0.0,162057.094,-114818.039,-0.0,0.133,6.909358625270745e+28,30.0,70.0,35,0.0,0.0,0.0,0.0,0.0,0.0,0.0,0.0,0.0,0.0,0.0,0.0,0.0,0.0,0.0,0.0,66.8,0,150,71,51,65476,0,300,0,0,8,20529,65476,0,0,44564,70.0,0.0,0.0,0.0,0.0,0.0
2026-09-10T21:47:36,ERR,ERR,ERR,ERR,ERR,ERR,ERR,ERR,ERR,ERR,ERR,ERR,ERR,ERR,ERR,ERR,ERR,ERR,ERR,ERR,ERR,ERR,ERR,ERR,ERR,ERR,ERR,ERR,ERR,ERR,ERR,ERR,ERR,ERR,ERR,ERR,ERR,ERR,ERR,ERR,ERR,ERR,ERR,ERR,ERR,ERR,ERR,ERR,ERR,ERR,ERR,ERR,ERR,ERR,ERR,ERR,ERR,ERR,ERR,ERR,ERR,ERR,ERR,ERR,ERR,ERR,ERR,ERR,ERR,ERR,ERR,ERR,ERR,ERR,ERR,ERR,ERR,ERR,ERR,ERR,ERR,ERR,ERR,ERR,ERR,ERR,ERR,ERR,ERR,ERR,ERR,ERR,ERR,ERR,ERR,ERR,ERR,ERR,ERR,ERR,ERR,ERR,ERR,ERR,ERR,ERR,ERR,ERR,ERR,ERR,ERR,ERR,ERR,ERR,ERR,ERR,ERR,ERR,ERR,ERR,ERR,ERR,ERR,ERR,ERR,0.0,0.0,0.0,0.0,0.0,1.3936040501711995e+18,7.805,0.0,0,0,4,0,7116,0.0,100,0.0,0.0,0.0,0.0,0.0,0,0,0,0,0.0,0,0,0,0,0,0,0,0,0,0,0,0,0,0,0,0,0,0,0,0,0,0,0,0,0,0,0,0,0,0,0,0,0,31,40,40,71,65476,0,300,0,0,8,21553,0.0,-107605600.0,0.0,0.0,0.0,0.0,0.0,0.0,0.0,0.0,0.0,0.0,0.0,0.0,0.0,0.0,0.0,0.0,0.0,0.0,0.0,0.0,-2.004,0.0,-2.004,0.0,0.0,0.0,0.0,0.0,4521.0,0.0,6913.0,0.0,0.0,0.0,-0.0,0.0,0.0,0.0,0.0,69,-71.63,-0.0,0.0,0.0,0.0,0.0,0.0,0.0,0.0,0,0,0,0.0,0.0,0.0,0.0,0.0,0.0,0.0,0.0,0.0,0.0,0.0,0.0,0.0,0.0,0.0,0.0,0,-107875648.0,69,0.0,138,0.0,-0.0,0,26215,17085,0,17099,26215,17079,0,0,0,70,68,100,0.0,82.3,-0.0,77.8,-0.0,78.5,1,49,50,180,0,39322,0,0,0.0,0.0,0.0,0.0,-0.0,67.0,0.0,162057.094,0.0,970,0,993,0,0,0,947,0,1015,0,917,0,788,0,778,0,821,0,7520,0.032,2.795834648671604e+19,0.0,0.0,784,16797,-0.0,162057.094,-114818.039,-0.0,0.133,6.909358625270745e+28,30.0,70.0,35,0.0,0.0,0.0,0.0,0.0,0.0,0.0,0.0,0.0,0.0,0.0,0.0,0.0,0.0,0.0,0.0,66.8,0,150,71,51,65476,0,300,0,0,8,20529,65476,0,0,44564,70.0,0.0,0.0,0.0,0.0,0.0
2026-09-10T21:47:37,ERR,ERR,ERR,ERR,ERR,ERR,ERR,ERR,ERR,ERR,ERR,ERR,ERR,ERR,ERR,ERR,ERR,ERR,ERR,ERR,ERR,ERR,ERR,ERR,ERR,ERR,ERR,ERR,ERR,ERR,ERR,ERR,ERR,ERR,ERR,ERR,ERR,ERR,ERR,ERR,ERR,ERR,ERR,ERR,ERR,ERR,ERR,ERR,ERR,ERR,ERR,ERR,ERR,ERR,ERR,ERR,ERR,ERR,ERR,ERR,ERR,ERR,ERR,ERR,ERR,ERR,ERR,ERR,ERR,ERR,ERR,ERR,ERR,ERR,ERR,ERR,ERR,ERR,ERR,ERR,ERR,ERR,ERR,ERR,ERR,ERR,ERR,ERR,ERR,ERR,ERR,ERR,ERR,ERR,ERR,ERR,ERR,ERR,ERR,ERR,ERR,ERR,ERR,ERR,ERR,ERR,ERR,ERR,ERR,ERR,ERR,ERR,ERR,ERR,ERR,ERR,ERR,ERR,ERR,ERR,ERR,ERR,ERR,ERR,ERR,0.0,0.0,0.0,0.0,0.0,1.3936040501711995e+18,7.805,0.0,0,0,4,0,7116,0.0,100,0.0,0.0,0.0,0.0,0.0,0,0,0,0,0.0,0,0,0,0,0,0,0,0,0,0,0,0,0,0,0,0,0,0,0,0,0,0,0,0,0,0,0,0,0,0,0,0,0,31,40,40,71,65476,0,300,0,0,8,21553,0.0,-107605600.0,0.0,0.0,0.0,0.0,0.0,0.0,0.0,0.0,0.0,0.0,0.0,0.0,0.0,0.0,0.0,0.0,0.0,0.0,0.0,0.0,-2.004,0.0,-2.004,0.0,0.0,0.0,0.0,0.0,4521.0,0.0,6913.0,0.0,0.0,0.0,-0.0,0.0,0.0,0.0,0.0,69,-71.63,-0.0,0.0,0.0,0.0,0.0,0.0,0.0,0.0,0,0,0,0.0,0.0,0.0,0.0,0.0,0.0,0.0,0.0,0.0,0.0,0.0,0.0,0.0,0.0,0.0,0.0,0,-107875648.0,69,0.0,138,0.0,-0.0,0,26215,17085,13107,17099,26215,17079,0,0,0,70,68,100,0.0,82.3,-0.0,77.8,-0.0,78.5,1,49,50,180,0,39322,0,0,0.0,0.0,0.0,0.0,-0.0,67.0,0.0,162057.094,0.0,970,0,993,0,0,0,947,0,1015,0,917,0,788,0,778,0,821,0,7520,0.032,2.8102461674791895e+19,0.0,0.0,784,16797,-0.0,162057.094,-114818.039,-0.0,0.133,6.909358625270745e+28,30.0,70.0,35,0.0,0.0,0.0,0.0,0.0,0.0,0.0,0.0,0.0,0.0,0.0,0.0,0.0,0.0,0.0,0.0,66.4,0,150,71,51,65476,0,300,0,0,8,20529,65476,0,0,44564,70.0,0.0,0.0,0.0,0.0,0.0
2026-09-10T21:47:38,ERR,ERR,ERR,ERR,ERR,ERR,ERR,ERR,ERR,ERR,ERR,ERR,ERR,ERR,ERR,ERR,ERR,ERR,ERR,ERR,ERR,ERR,ERR,ERR,ERR,ERR,ERR,ERR,ERR,ERR,ERR,ERR,ERR,ERR,ERR,ERR,ERR,ERR,ERR,ERR,ERR,ERR,ERR,ERR,ERR,ERR,ERR,ERR,ERR,ERR,ERR,ERR,ERR,ERR,ERR,ERR,ERR,ERR,ERR,ERR,ERR,ERR,ERR,ERR,ERR,ERR,ERR,ERR,ERR,ERR,ERR,ERR,ERR,ERR,ERR,ERR,ERR,ERR,ERR,ERR,ERR,ERR,ERR,ERR,ERR,ERR,ERR,ERR,ERR,ERR,ERR,ERR,ERR,ERR,ERR,ERR,ERR,ERR,ERR,ERR,ERR,ERR,ERR,ERR,ERR,ERR,ERR,ERR,ERR,ERR,ERR,ERR,ERR,ERR,ERR,ERR,ERR,ERR,ERR,ERR,ERR,ERR,ERR,ERR,ERR,0.0,0.0,0.0,0.0,0.0,1.3936040501711995e+18,7.805,0.0,0,0,4,0,7116,0.0,100,0.0,0.0,0.0,0.0,0.0,0,0,0,0,0.0,0,0,0,0,0,0,0,0,0,0,0,0,0,0,0,0,0,0,0,0,0,0,0,0,0,0,0,0,0,0,0,0,0,31,40,40,71,65476,0,300,0,0,8,21553,0.0,-107605600.0,0.0,0.0,0.0,0.0,0.0,0.0,0.0,0.0,0.0,0.0,0.0,0.0,0.0,0.0,0.0,0.0,0.0,0.0,0.0,0.0,-2.004,0.0,-2.004,0.0,0.0,0.0,0.0,0.0,4514.0,0.0,6912.0,0.0,0.0,0.0,-107615304.0,0.0,0.0,0.0,0.0,69,-0.0,5.84804776034314e+35,0.0,0.0,0.0,0.0,0.0,0.0,0.0,0,0,0,0.0,0.0,0.0,0.0,0.0,0.0,0.0,0.0,0.0,0.0,0.0,0.0,0.0,0.0,0.0,0.0,0,-107875648.0,69,0.0,138,0.0,-0.0,0,26215,17085,13107,17099,26215,17079,0,0,0,70,68,100,0.0,82.3,-0.0,77.8,-0.0,78.5,1,49,50,180,0,39322,0,0,0.0,0.0,0.0,0.0,-0.0,67.0,0.0,162057.094,0.0,970,0,993,0,0,0,947,0,1015,0,917,0,788,0,778,0,821,0,7520,0.032,2.8102461674791895e+19,0.0,0.0,784,16797,-0.0,162057.094,-114818.039,-0.0,0.133,6.909358625270745e+28,30.0,70.0,35,0.0,0.0,0.0,0.0,0.0,0.0,0.0,0.0,0.0,0.0,0.0,0.0,0.0,0.0,0.0,0.0,66.8,0,150,71,51,65476,0,300,0,0,8,20529,65476,0,0,44564,70.0,0.0,0.0,0.0,0.0,0.0
2026-09-10T21:47:39,ERR,ERR,ERR,ERR,ERR,ERR,ERR,ERR,ERR,ERR,ERR,ERR,ERR,ERR,ERR,ERR,ERR,ERR,ERR,ERR,ERR,ERR,ERR,ERR,ERR,ERR,ERR,ERR,ERR,ERR,ERR,ERR,ERR,ERR,ERR,ERR,ERR,ERR,ERR,ERR,ERR,ERR,ERR,ERR,ERR,ERR,ERR,ERR,ERR,ERR,ERR,ERR,ERR,ERR,ERR,ERR,ERR,ERR,ERR,ERR,ERR,ERR,ERR,ERR,ERR,ERR,ERR,ERR,ERR,ERR,ERR,ERR,ERR,ERR,ERR,ERR,ERR,ERR,ERR,ERR,ERR,ERR,ERR,ERR,ERR,ERR,ERR,ERR,ERR,ERR,ERR,ERR,ERR,ERR,ERR,ERR,ERR,ERR,ERR,ERR,ERR,ERR,ERR,ERR,ERR,ERR,ERR,ERR,ERR,ERR,ERR,ERR,ERR,ERR,ERR,ERR,ERR,ERR,ERR,ERR,ERR,ERR,ERR,ERR,ERR,0.0,0.0,0.0,0.0,0.0,1.3936040501711995e+18,7.805,0.0,0,0,4,0,7116,0.0,100,0.0,0.0,0.0,0.0,0.0,0,0,0,0,0.0,0,0,0,0,0,0,0,0,0,0,0,0,0,0,0,0,0,0,0,0,0,0,0,0,0,0,0,0,0,0,0,0,0,31,40,40,71,65476,0,300,0,0,8,21553,0.0,-107605600.0,0.0,0.0,0.0,0.0,0.0,0.0,0.0,0.0,0.0,0.0,0.0,0.0,0.0,0.0,0.0,0.0,0.0,0.0,0.0,0.0,-2.004,0.0,-2.004,0.0,0.0,0.0,0.0,0.0,4514.0,0.0,6912.0,0.0,0.0,0.0,-107615304.0,0.0,0.0,0.0,0.0,69,-0.0,5.84804776034314e+35,0.0,0.0,0.0,0.0,0.0,0.0,0.0,0,0,0,0.0,0.0,0.0,0.0,0.0,0.0,0.0,0.0,0.0,0.0,0.0,0.0,0.0,0.0,0.0,0.0,0,-107875648.0,69,0.0,138,0.0,-0.0,0,26215,17085,13107,17099,26215,17079,0,0,0,70,68,100,0.0,82.3,-0.0,77.8,-0.0,78.5,1,49,50,180,0,39322,0,0,0.0,0.0,0.0,0.0,-0.0,67.0,0.0,162057.094,0.0,970,0,993,0,0,0,947,0,1015,0,917,0,788,0,778,0,821,0,7520,0.032,2.8102461674791895e+19,0.0,0.0,784,16797,-0.0,162057.094,-114818.039,-0.0,0.133,6.909358625270745e+28,30.0,70.0,35,0.0,0.0,0.0,0.0,0.0,0.0,0.0,0.0,0.0,0.0,0.0,0.0,0.0,0.0,0.0,0.0,66.8,0,150,71,51,65476,0,300,0,0,8,20529,65476,0,0,44564,70.0,0.0,0.0,0.0,0.0,0.0
2026-09-10T21:47:40,ERR,ERR,ERR,ERR,ERR,ERR,ERR,ERR,ERR,ERR,ERR,ERR,ERR,ERR,ERR,ERR,ERR,ERR,ERR,ERR,ERR,ERR,ERR,ERR,ERR,ERR,ERR,ERR,ERR,ERR,ERR,ERR,ERR,ERR,ERR,ERR,ERR,ERR,ERR,ERR,ERR,ERR,ERR,ERR,ERR,ERR,ERR,ERR,ERR,ERR,ERR,ERR,ERR,ERR,ERR,ERR,ERR,ERR,ERR,ERR,ERR,ERR,ERR,ERR,ERR,ERR,ERR,ERR,ERR,ERR,ERR,ERR,ERR,ERR,ERR,ERR,ERR,ERR,ERR,ERR,ERR,ERR,ERR,ERR,ERR,ERR,ERR,ERR,ERR,ERR,ERR,ERR,ERR,ERR,ERR,ERR,ERR,ERR,ERR,ERR,ERR,ERR,ERR,ERR,ERR,ERR,ERR,ERR,ERR,ERR,ERR,ERR,ERR,ERR,ERR,ERR,ERR,ERR,ERR,ERR,ERR,ERR,ERR,ERR,ERR,0.0,0.0,0.0,0.0,0.0,1.3936040501711995e+18,7.805,0.0,0,0,4,0,7116,0.0,100,0.0,0.0,0.0,0.0,0.0,0,0,0,0,0.0,0,0,0,0,0,0,0,0,0,0,0,0,0,0,0,0,0,0,0,0,0,0,0,0,0,0,0,0,0,0,0,0,0,31,40,40,71,65476,0,300,0,0,8,21553,0.0,-107605600.0,0.0,0.0,0.0,0.0,0.0,0.0,0.0,0.0,0.0,0.0,0.0,0.0,0.0,0.0,0.0,0.0,0.0,0.0,0.0,0.0,-2.004,0.0,-2.004,0.0,0.0,0.0,0.0,0.0,4514.0,0.0,6912.0,0.0,0.0,0.0,-107615304.0,0.0,0.0,0.0,0.0,69,-0.0,5.84804776034314e+35,0.0,0.0,0.0,0.0,0.0,0.0,0.0,0,0,0,0.0,0.0,0.0,0.0,0.0,0.0,0.0,0.0,0.0,0.0,0.0,0.0,0.0,0.0,0.0,0.0,0,-107875648.0,69,0.0,138,0.0,-0.0,0,26215,17085,13107,17099,26215,17079,0,0,0,70,68,100,0.0,82.3,-0.0,77.8,-0.0,78.5,1,49,50,180,0,39322,0,0,0.0,0.0,0.0,0.0,-0.0,67.0,0.0,162057.094,0.0,970,0,993,0,0,0,947,0,1015,0,917,0,788,0,778,0,821,0,7520,0.032,2.8102461674791895e+19,0.0,0.0,784,16797,-0.0,162057.094,-114818.039,-0.0,0.133,6.909358625270745e+28,30.0,70.0,35,0.0,0.0,0.0,0.0,0.0,0.0,0.0,0.0,0.0,0.0,0.0,0.0,0.0,0.0,0.0,0.0,66.8,0,150,71,51,65476,0,300,0,0,8,20529,65476,0,0,44564,70.0,0.0,0.0,0.0,0.0,0.0
2026-09-10T21:47:41,ERR,ERR,ERR,ERR,ERR,ERR,ERR,ERR,ERR,ERR,ERR,ERR,ERR,ERR,ERR,ERR,ERR,ERR,ERR,ERR,ERR,ERR,ERR,ERR,ERR,ERR,ERR,ERR,ERR,ERR,ERR,ERR,ERR,ERR,ERR,ERR,ERR,ERR,ERR,ERR,ERR,ERR,ERR,ERR,ERR,ERR,ERR,ERR,ERR,ERR,ERR,ERR,ERR,ERR,ERR,ERR,ERR,ERR,ERR,ERR,ERR,ERR,ERR,ERR,ERR,ERR,ERR,ERR,ERR,ERR,ERR,ERR,ERR,ERR,ERR,ERR,ERR,ERR,ERR,ERR,ERR,ERR,ERR,ERR,ERR,ERR,ERR,ERR,ERR,ERR,ERR,ERR,ERR,ERR,ERR,ERR,ERR,ERR,ERR,ERR,ERR,ERR,ERR,ERR,ERR,ERR,ERR,ERR,ERR,ERR,ERR,ERR,ERR,ERR,ERR,ERR,ERR,ERR,ERR,ERR,ERR,ERR,ERR,ERR,ERR,0.0,0.0,0.0,0.0,0.0,1.3936040501711995e+18,7.805,0.0,0,0,4,0,7116,0.0,100,0.0,0.0,0.0,0.0,0.0,0,0,0,0,0.0,0,0,0,0,0,0,0,0,0,0,0,0,0,0,0,0,0,0,0,0,0,0,0,0,0,0,0,0,0,0,0,0,0,31,40,40,71,65476,0,300,0,0,8,21553,0.0,-107605600.0,0.0,0.0,0.0,0.0,0.0,0.0,0.0,0.0,0.0,0.0,0.0,0.0,0.0,0.0,0.0,0.0,0.0,0.0,0.0,0.0,-2.004,0.0,-2.004,0.0,0.0,0.0,0.0,0.0,4514.0,0.0,6912.0,0.0,0.0,0.0,-107615304.0,0.0,0.0,0.0,0.0,69,-0.0,5.84804776034314e+35,0.0,0.0,0.0,0.0,0.0,0.0,0.0,0,0,0,0.0,0.0,0.0,0.0,0.0,0.0,0.0,0.0,0.0,0.0,0.0,0.0,0.0,0.0,0.0,0.0,0,-107875648.0,69,0.0,138,0.0,-0.0,0,13107,17085,0,17099,26215,17079,0,0,0,70,68,100,0.0,82.3,-0.0,77.8,-0.0,78.5,1,49,50,180,0,26215,0,0,0.0,0.0,0.0,0.0,-0.0,67.0,0.0,162057.094,0.0,970,0,992,0,0,0,946,0,1015,0,916,0,788,0,778,0,821,0,7520,0.032,2.7814231298640183e+19,0.0,0.0,784,16797,-0.0,162057.094,-114818.039,-0.0,0.133,6.909358625270745e+28,30.0,70.0,35,0.0,0.0,0.0,0.0,0.0,0.0,0.0,0.0,0.0,0.0,0.0,0.0,0.0,0.0,0.0,0.0,66.8,0,150,71,51,65476,0,300,0,0,8,20529,65476,0,0,44564,70.0,0.0,0.0,0.0,0.0,0.0
2026-09-10T21:47:42,ERR,ERR,ERR,ERR,ERR,ERR,ERR,ERR,ERR,ERR,ERR,ERR,ERR,ERR,ERR,ERR,ERR,ERR,ERR,ERR,ERR,ERR,ERR,ERR,ERR,ERR,ERR,ERR,ERR,ERR,ERR,ERR,ERR,ERR,ERR,ERR,ERR,ERR,ERR,ERR,ERR,ERR,ERR,ERR,ERR,ERR,ERR,ERR,ERR,ERR,ERR,ERR,ERR,ERR,ERR,ERR,ERR,ERR,ERR,ERR,ERR,ERR,ERR,ERR,ERR,ERR,ERR,ERR,ERR,ERR,ERR,ERR,ERR,ERR,ERR,ERR,ERR,ERR,ERR,ERR,ERR,ERR,ERR,ERR,ERR,ERR,ERR,ERR,ERR,ERR,ERR,ERR,ERR,ERR,ERR,ERR,ERR,ERR,ERR,ERR,ERR,ERR,ERR,ERR,ERR,ERR,ERR,ERR,ERR,ERR,ERR,ERR,ERR,ERR,ERR,ERR,ERR,ERR,ERR,ERR,ERR,ERR,ERR,ERR,ERR,0.0,0.0,0.0,0.0,0.0,1.3936040501711995e+18,7.805,0.0,0,0,4,0,7116,0.0,100,0.0,0.0,0.0,0.0,0.0,0,0,0,0,0.0,0,0,0,0,0,0,0,0,0,0,0,0,0,0,0,0,0,0,0,0,0,0,0,0,0,0,0,0,0,0,0,0,0,31,40,40,71,65476,0,300,0,0,8,21553,0.0,-107605600.0,0.0,0.0,0.0,0.0,0.0,0.0,0.0,0.0,0.0,0.0,0.0,0.0,0.0,0.0,0.0,0.0,0.0,0.0,0.0,0.0,-2.004,0.0,-2.004,0.0,0.0,0.0,0.0,0.0,4514.0,0.0,6912.0,0.0,0.0,0.0,-107615304.0,0.0,0.0,0.0,0.0,69,-0.0,5.84804776034314e+35,0.0,0.0,0.0,0.0,0.0,0.0,0.0,0,0,0,0.0,0.0,0.0,0.0,0.0,0.0,0.0,0.0,0.0,0.0,0.0,0.0,0.0,0.0,0.0,0.0,0,-107875648.0,69,0.0,138,0.0,-0.0,0,13107,17085,0,17099,26215,17079,0,0,0,70,68,100,0.0,82.3,-0.0,77.8,-0.0,78.5,1,49,50,180,0,26215,0,0,0.0,0.0,0.0,0.0,-0.0,67.0,0.0,162057.094,0.0,970,0,992,0,0,0,946,0,1015,0,916,0,788,0,778,0,821,0,7520,0.032,2.7814231298640183e+19,0.0,0.0,784,16797,-0.0,162057.094,-114818.039,-0.0,0.133,6.909358625270745e+28,30.0,70.0,35,0.0,0.0,0.0,0.0,0.0,0.0,0.0,0.0,0.0,0.0,0.0,0.0,0.0,0.0,0.0,0.0,66.8,0,150,71,51,65476,0,300,0,0,8,20529,65476,0,0,44564,70.0,0.0,0.0,0.0,0.0,0.0
2026-09-10T21:47:43,ERR,ERR,ERR,ERR,ERR,ERR,ERR,ERR,ERR,ERR,ERR,ERR,ERR,ERR,ERR,ERR,ERR,ERR,ERR,ERR,ERR,ERR,ERR,ERR,ERR,ERR,ERR,ERR,ERR,ERR,ERR,ERR,ERR,ERR,ERR,ERR,ERR,ERR,ERR,ERR,ERR,ERR,ERR,ERR,ERR,ERR,ERR,ERR,ERR,ERR,ERR,ERR,ERR,ERR,ERR,ERR,ERR,ERR,ERR,ERR,ERR,ERR,ERR,ERR,ERR,ERR,ERR,ERR,ERR,ERR,ERR,ERR,ERR,ERR,ERR,ERR,ERR,ERR,ERR,ERR,ERR,ERR,ERR,ERR,ERR,ERR,ERR,ERR,ERR,ERR,ERR,ERR,ERR,ERR,ERR,ERR,ERR,ERR,ERR,ERR,ERR,ERR,ERR,ERR,ERR,ERR,ERR,ERR,ERR,ERR,ERR,ERR,ERR,ERR,ERR,ERR,ERR,ERR,ERR,ERR,ERR,ERR,ERR,ERR,ERR,0.0,0.0,0.0,0.0,0.0,1.3936040501711995e+18,7.805,0.0,0,0,4,0,7116,0.0,100,0.0,0.0,0.0,0.0,0.0,0,0,0,0,0.0,0,0,0,0,0,0,0,0,0,0,0,0,0,0,0,0,0,0,0,0,0,0,0,0,0,0,0,0,0,0,0,0,0,31,40,40,71,65476,0,300,0,0,8,21553,0.0,-107605600.0,0.0,0.0,0.0,0.0,0.0,0.0,0.0,0.0,0.0,0.0,0.0,0.0,0.0,0.0,0.0,0.0,0.0,0.0,0.0,0.0,-2.004,0.0,-2.004,0.0,0.0,0.0,0.0,0.0,4514.0,0.0,6912.0,0.0,0.0,0.0,-107615304.0,0.0,0.0,0.0,0.0,69,-0.0,5.84804776034314e+35,0.0,0.0,0.0,0.0,0.0,0.0,0.0,0,0,0,0.0,0.0,0.0,0.0,0.0,0.0,0.0,0.0,0.0,0.0,0.0,0.0,0.0,0.0,0.0,0.0,0,-107875648.0,69,0.0,138,0.0,-0.0,0,13107,17085,0,17099,26215,17079,0,0,0,70,68,100,0.0,82.3,-0.0,77.8,-0.0,78.5,1,49,50,180,0,26215,0,0,0.0,0.0,0.0,0.0,-0.0,67.0,0.0,162057.094,0.0,970,0,992,0,0,0,946,0,1015,0,916,0,788,0,778,0,821,0,7520,0.032,2.7814231298640183e+19,0.0,0.0,784,16797,-0.0,162057.094,-114818.039,-0.0,0.133,6.909358625270745e+28,30.0,70.0,35,0.0,0.0,0.0,0.0,0.0,0.0,0.0,0.0,0.0,0.0,0.0,0.0,0.0,0.0,0.0,0.0,66.8,0,150,71,51,65476,0,300,0,0,8,20529,65476,0,0,44564,70.0,0.0,0.0,0.0,0.0,0.0
2026-09-10T21:47:44,ERR,ERR,ERR,ERR,ERR,ERR,ERR,ERR,ERR,ERR,ERR,ERR,ERR,ERR,ERR,ERR,ERR,ERR,ERR,ERR,ERR,ERR,ERR,ERR,ERR,ERR,ERR,ERR,ERR,ERR,ERR,ERR,ERR,ERR,ERR,ERR,ERR,ERR,ERR,ERR,ERR,ERR,ERR,ERR,ERR,ERR,ERR,ERR,ERR,ERR,ERR,ERR,ERR,ERR,ERR,ERR,ERR,ERR,ERR,ERR,ERR,ERR,ERR,ERR,ERR,ERR,ERR,ERR,ERR,ERR,ERR,ERR,ERR,ERR,ERR,ERR,ERR,ERR,ERR,ERR,ERR,ERR,ERR,ERR,ERR,ERR,ERR,ERR,ERR,ERR,ERR,ERR,ERR,ERR,ERR,ERR,ERR,ERR,ERR,ERR,ERR,ERR,ERR,ERR,ERR,ERR,ERR,ERR,ERR,ERR,ERR,ERR,ERR,ERR,ERR,ERR,ERR,ERR,ERR,ERR,ERR,ERR,ERR,ERR,ERR,0.0,0.0,0.0,0.0,0.0,1.3936040501711995e+18,7.805,0.0,0,0,4,0,7116,0.0,100,0.0,0.0,0.0,0.0,0.0,0,0,0,0,0.0,0,0,0,0,0,0,0,0,0,0,0,0,0,0,0,0,0,0,0,0,0,0,0,0,0,0,0,0,0,0,0,0,0,31,40,40,71,65476,0,300,0,0,8,21553,0.0,-107605600.0,0.0,0.0,0.0,0.0,0.0,0.0,0.0,0.0,0.0,0.0,0.0,0.0,0.0,0.0,0.0,0.0,0.0,0.0,0.0,0.0,-2.004,0.0,-2.004,0.0,0.0,0.0,0.0,0.0,4519.0,0.0,6918.0,0.0,0.0,0.0,-107615304.0,0.0,0.0,0.0,0.0,69,-0.0,-71.629,0.0,0.0,0.0,0.0,0.0,0.0,0.0,0,0,0,0.0,0.0,0.0,0.0,0.0,0.0,0.0,0.0,0.0,0.0,0.0,0.0,0.0,0.0,0.0,0.0,0,-107875648.0,69,0.0,138,0.0,-0.0,0,13107,17085,0,17099,26215,17079,0,0,0,70,68,100,0.0,82.3,-0.0,77.8,-0.0,78.5,1,49,50,180,0,26215,0,0,0.0,0.0,0.0,0.0,-0.0,67.0,0.0,162057.094,0.0,970,0,992,0,0,0,946,0,1015,0,916,0,788,0,778,0,821,0,7520,0.032,2.7814231298640183e+19,0.0,0.0,784,16797,-0.0,162057.094,-114818.039,-0.0,0.133,6.909358625270745e+28,30.0,70.0,35,0.0,0.0,0.0,0.0,0.0,0.0,0.0,0.0,0.0,0.0,0.0,0.0,0.0,0.0,0.0,0.0,66.8,0,150,71,51,65476,0,300,0,0,8,20529,65476,0,0,44564,70.0,0.0,0.0,0.0,0.0,0.0
2026-09-10T21:47:45,ERR,ERR,ERR,ERR,ERR,ERR,ERR,ERR,ERR,ERR,ERR,ERR,ERR,ERR,ERR,ERR,ERR,ERR,ERR,ERR,ERR,ERR,ERR,ERR,ERR,ERR,ERR,ERR,ERR,ERR,ERR,ERR,ERR,ERR,ERR,ERR,ERR,ERR,ERR,ERR,ERR,ERR,ERR,ERR,ERR,ERR,ERR,ERR,ERR,ERR,ERR,ERR,ERR,ERR,ERR,ERR,ERR,ERR,ERR,ERR,ERR,ERR,ERR,ERR,ERR,ERR,ERR,ERR,ERR,ERR,ERR,ERR,ERR,ERR,ERR,ERR,ERR,ERR,ERR,ERR,ERR,ERR,ERR,ERR,ERR,ERR,ERR,ERR,ERR,ERR,ERR,ERR,ERR,ERR,ERR,ERR,ERR,ERR,ERR,ERR,ERR,ERR,ERR,ERR,ERR,ERR,ERR,ERR,ERR,ERR,ERR,ERR,ERR,ERR,ERR,ERR,ERR,ERR,ERR,ERR,ERR,ERR,ERR,ERR,ERR,0.0,0.0,0.0,0.0,0.0,1.3936040501711995e+18,7.805,0.0,0,0,4,0,7116,0.0,100,0.0,0.0,0.0,0.0,0.0,0,0,0,0,0.0,0,0,0,0,0,0,0,0,0,0,0,0,0,0,0,0,0,0,0,0,0,0,0,0,0,0,0,0,0,0,0,0,0,31,40,40,71,65476,0,300,0,0,8,21553,0.0,-107605600.0,0.0,0.0,0.0,0.0,0.0,0.0,0.0,0.0,0.0,0.0,0.0,0.0,0.0,0.0,0.0,0.0,0.0,0.0,0.0,0.0,-2.004,0.0,-2.004,0.0,0.0,0.0,0.0,0.0,4519.0,0.0,6918.0,0.0,0.0,0.0,-107615304.0,0.0,0.0,0.0,0.0,69,-0.0,-71.629,0.0,0.0,0.0,0.0,0.0,0.0,0.0,0,0,0,0.0,0.0,0.0,0.0,0.0,0.0,0.0,0.0,0.0,0.0,0.0,0.0,0.0,0.0,0.0,0.0,0,-107875648.0,69,0.0,138,0.0,-0.0,0,13107,17085,0,17099,26215,17079,0,0,0,70,68,100,0.0,82.3,-0.0,77.8,-0.0,78.5,1,49,50,180,0,26215,0,0,0.0,0.0,0.0,0.0,-0.0,67.0,0.0,162057.094,0.0,970,0,992,0,0,0,946,0,1015,0,916,0,788,0,778,0,821,0,7520,0.032,2.7814231298640183e+19,0.0,0.0,784,16797,-0.0,162057.094,-114818.039,-0.0,0.133,6.909358625270745e+28,30.0,70.0,35,0.0,0.0,0.0,0.0,0.0,0.0,0.0,0.0,0.0,0.0,0.0,0.0,0.0,0.0,0.0,0.0,66.8,0,150,71,51,65476,0,300,0,0,8,20529,65476,0,0,44564,70.0,0.0,0.0,0.0,0.0,0.0
2026-09-10T21:47:46,ERR,ERR,ERR,ERR,ERR,ERR,ERR,ERR,ERR,ERR,ERR,ERR,ERR,ERR,ERR,ERR,ERR,ERR,ERR,ERR,ERR,ERR,ERR,ERR,ERR,ERR,ERR,ERR,ERR,ERR,ERR,ERR,ERR,ERR,ERR,ERR,ERR,ERR,ERR,ERR,ERR,ERR,ERR,ERR,ERR,ERR,ERR,ERR,ERR,ERR,ERR,ERR,ERR,ERR,ERR,ERR,ERR,ERR,ERR,ERR,ERR,ERR,ERR,ERR,ERR,ERR,ERR,ERR,ERR,ERR,ERR,ERR,ERR,ERR,ERR,ERR,ERR,ERR,ERR,ERR,ERR,ERR,ERR,ERR,ERR,ERR,ERR,ERR,ERR,ERR,ERR,ERR,ERR,ERR,ERR,ERR,ERR,ERR,ERR,ERR,ERR,ERR,ERR,ERR,ERR,ERR,ERR,ERR,ERR,ERR,ERR,ERR,ERR,ERR,ERR,ERR,ERR,ERR,ERR,ERR,ERR,ERR,ERR,ERR,ERR,0.0,0.0,0.0,0.0,0.0,1.3936040501711995e+18,7.805,0.0,0,0,4,0,7116,0.0,100,0.0,0.0,0.0,0.0,0.0,0,0,0,0,0.0,0,0,0,0,0,0,0,0,0,0,0,0,0,0,0,0,0,0,0,0,0,0,0,0,0,0,0,0,0,0,0,0,0,31,40,40,71,65476,0,300,0,0,8,21553,0.0,-107605600.0,0.0,0.0,0.0,0.0,0.0,0.0,0.0,0.0,0.0,0.0,0.0,0.0,0.0,0.0,0.0,0.0,0.0,0.0,0.0,0.0,-2.004,0.0,-2.004,0.0,0.0,0.0,0.0,0.0,4519.0,0.0,6918.0,0.0,0.0,0.0,-107615304.0,0.0,0.0,0.0,0.0,69,-0.0,-71.629,0.0,0.0,0.0,0.0,0.0,0.0,0.0,0,0,0,0.0,0.0,0.0,0.0,0.0,0.0,0.0,0.0,0.0,0.0,0.0,0.0,0.0,0.0,0.0,0.0,0,-107875648.0,69,0.0,138,0.0,-0.0,0,13107,17085,0,17099,26215,17079,0,0,0,70,68,100,0.0,82.3,-0.0,77.8,-0.0,78.5,1,49,50,180,0,26215,0,0,0.0,0.0,0.0,0.0,-0.0,67.0,0.0,162057.094,0.0,970,0,992,0,0,0,946,0,1015,0,916,0,788,0,778,0,821,0,7520,0.032,2.7814231298640183e+19,0.0,0.0,784,16797,-0.0,162057.094,-114818.039,-0.0,0.133,6.909358625270745e+28,30.0,70.0,35,0.0,0.0,0.0,0.0,0.0,0.0,0.0,0.0,0.0,0.0,0.0,0.0,0.0,0.0,0.0,0.0,66.8,0,150,71,51,65476,0,300,0,0,8,20529,65476,0,0,44564,70.0,0.0,0.0,0.0,0.0,0.0
2026-09-10T21:47:47,ERR,ERR,ERR,ERR,ERR,ERR,ERR,ERR,ERR,ERR,ERR,ERR,ERR,ERR,ERR,ERR,ERR,ERR,ERR,ERR,ERR,ERR,ERR,ERR,ERR,ERR,ERR,ERR,ERR,ERR,ERR,ERR,ERR,ERR,ERR,ERR,ERR,ERR,ERR,ERR,ERR,ERR,ERR,ERR,ERR,ERR,ERR,ERR,ERR,ERR,ERR,ERR,ERR,ERR,ERR,ERR,ERR,ERR,ERR,ERR,ERR,ERR,ERR,ERR,ERR,ERR,ERR,ERR,ERR,ERR,ERR,ERR,ERR,ERR,ERR,ERR,ERR,ERR,ERR,ERR,ERR,ERR,ERR,ERR,ERR,ERR,ERR,ERR,ERR,ERR,ERR,ERR,ERR,ERR,ERR,ERR,ERR,ERR,ERR,ERR,ERR,ERR,ERR,ERR,ERR,ERR,ERR,ERR,ERR,ERR,ERR,ERR,ERR,ERR,ERR,ERR,ERR,ERR,ERR,ERR,ERR,ERR,ERR,ERR,ERR,0.0,0.0,0.0,0.0,0.0,1.3936040501711995e+18,7.805,0.0,0,0,4,0,7116,0.0,100,0.0,0.0,0.0,0.0,0.0,0,0,0,0,0.0,0,0,0,0,0,0,0,0,0,0,0,0,0,0,0,0,0,0,0,0,0,0,0,0,0,0,0,0,0,0,0,0,0,31,40,40,71,65476,0,300,0,0,8,21553,0.0,-107605600.0,0.0,0.0,0.0,0.0,0.0,0.0,0.0,0.0,0.0,0.0,0.0,0.0,0.0,0.0,0.0,0.0,0.0,0.0,0.0,0.0,-2.004,0.0,-2.004,0.0,0.0,0.0,0.0,0.0,4519.0,0.0,6918.0,0.0,0.0,0.0,-107615304.0,0.0,0.0,0.0,0.0,69,-0.0,-71.629,0.0,0.0,0.0,0.0,0.0,0.0,0.0,0,0,0,0.0,0.0,0.0,0.0,0.0,0.0,0.0,0.0,0.0,0.0,0.0,0.0,0.0,0.0,0.0,0.0,0,-107875648.0,69,0.0,138,0.0,-0.0,0,26215,17085,0,17099,13107,17079,0,0,0,70,68,100,0.0,82.3,-0.0,77.8,-0.0,78.5,1,49,50,180,0,39322,0,0,0.0,0.0,0.0,0.0,-0.0,67.0,0.0,162057.094,0.0,970,0,992,0,0,0,946,0,1015,0,916,0,788,0,778,0,821,0,7520,0.032,2.8102461674791895e+19,0.0,0.0,784,16797,-0.0,162057.094,-114818.039,-0.0,0.133,6.909358625270745e+28,30.0,70.0,35,0.0,0.0,0.0,0.0,0.0,0.0,0.0,0.0,0.0,0.0,0.0,0.0,0.0,0.0,0.0,0.0,66.8,0,150,71,51,65476,0,300,0,0,8,20529,65476,0,0,44564,70.0,0.0,0.0,0.0,0.0,0.0
2026-09-10T21:47:48,ERR,ERR,ERR,ERR,ERR,ERR,ERR,ERR,ERR,ERR,ERR,ERR,ERR,ERR,ERR,ERR,ERR,ERR,ERR,ERR,ERR,ERR,ERR,ERR,ERR,ERR,ERR,ERR,ERR,ERR,ERR,ERR,ERR,ERR,ERR,ERR,ERR,ERR,ERR,ERR,ERR,ERR,ERR,ERR,ERR,ERR,ERR,ERR,ERR,ERR,ERR,ERR,ERR,ERR,ERR,ERR,ERR,ERR,ERR,ERR,ERR,ERR,ERR,ERR,ERR,ERR,ERR,ERR,ERR,ERR,ERR,ERR,ERR,ERR,ERR,ERR,ERR,ERR,ERR,ERR,ERR,ERR,ERR,ERR,ERR,ERR,ERR,ERR,ERR,ERR,ERR,ERR,ERR,ERR,ERR,ERR,ERR,ERR,ERR,ERR,ERR,ERR,ERR,ERR,ERR,ERR,ERR,ERR,ERR,ERR,ERR,ERR,ERR,ERR,ERR,ERR,ERR,ERR,ERR,ERR,ERR,ERR,ERR,ERR,ERR,0.0,0.0,0.0,0.0,0.0,1.3936040501711995e+18,7.805,0.0,0,0,4,0,7116,0.0,100,0.0,0.0,0.0,0.0,0.0,0,0,0,0,0.0,0,0,0,0,0,0,0,0,0,0,0,0,0,0,0,0,0,0,0,0,0,0,0,0,0,0,0,0,0,0,0,0,0,31,40,40,71,65476,0,300,0,0,8,21553,0.0,-107605600.0,0.0,0.0,0.0,0.0,0.0,0.0,0.0,0.0,0.0,0.0,0.0,0.0,0.0,0.0,0.0,0.0,0.0,0.0,0.0,0.0,-2.004,0.0,-2.004,0.0,0.0,0.0,0.0,0.0,4519.0,0.0,6918.0,0.0,0.0,0.0,-107615304.0,0.0,0.0,0.0,0.0,69,-0.0,-71.629,0.0,0.0,0.0,0.0,0.0,0.0,0.0,0,0,0,0.0,0.0,0.0,0.0,0.0,0.0,0.0,0.0,0.0,0.0,0.0,0.0,0.0,0.0,0.0,0.0,0,-107875648.0,69,0.0,138,0.0,-0.0,0,26215,17085,0,17099,13107,17079,0,0,0,70,68,100,0.0,82.3,-0.0,77.8,-0.0,78.5,1,49,50,180,0,39322,0,0,0.0,0.0,0.0,0.0,-0.0,67.0,0.0,162057.094,0.0,970,0,992,0,0,0,946,0,1015,0,916,0,788,0,778,0,821,0,7520,0.032,2.8102461674791895e+19,0.0,0.0,784,16797,-0.0,162057.094,-114818.039,-0.0,0.133,6.909358625270745e+28,30.0,70.0,35,0.0,0.0,0.0,0.0,0.0,0.0,0.0,0.0,0.0,0.0,0.0,0.0,0.0,0.0,0.0,0.0,66.4,0,150,71,51,65476,0,300,0,0,8,20529,65476,0,0,44564,70.0,0.0,0.0,0.0,0.0,0.0
2026-09-10T21:47:49,ERR,ERR,ERR,ERR,ERR,ERR,ERR,ERR,ERR,ERR,ERR,ERR,ERR,ERR,ERR,ERR,ERR,ERR,ERR,ERR,ERR,ERR,ERR,ERR,ERR,ERR,ERR,ERR,ERR,ERR,ERR,ERR,ERR,ERR,ERR,ERR,ERR,ERR,ERR,ERR,ERR,ERR,ERR,ERR,ERR,ERR,ERR,ERR,ERR,ERR,ERR,ERR,ERR,ERR,ERR,ERR,ERR,ERR,ERR,ERR,ERR,ERR,ERR,ERR,ERR,ERR,ERR,ERR,ERR,ERR,ERR,ERR,ERR,ERR,ERR,ERR,ERR,ERR,ERR,ERR,ERR,ERR,ERR,ERR,ERR,ERR,ERR,ERR,ERR,ERR,ERR,ERR,ERR,ERR,ERR,ERR,ERR,ERR,ERR,ERR,ERR,ERR,ERR,ERR,ERR,ERR,ERR,ERR,ERR,ERR,ERR,ERR,ERR,ERR,ERR,ERR,ERR,ERR,ERR,ERR,ERR,ERR,ERR,ERR,ERR,0.0,0.0,0.0,0.0,0.0,1.3936040501711995e+18,7.805,0.0,0,0,4,0,7116,0.0,100,0.0,0.0,0.0,0.0,0.0,0,0,0,0,0.0,0,0,0,0,0,0,0,0,0,0,0,0,0,0,0,0,0,0,0,0,0,0,0,0,0,0,0,0,0,0,0,0,0,31,40,40,71,65476,0,300,0,0,8,21553,0.0,-107605600.0,0.0,0.0,0.0,0.0,0.0,0.0,0.0,0.0,0.0,0.0,0.0,0.0,0.0,0.0,0.0,0.0,0.0,0.0,0.0,0.0,-2.004,0.0,-2.004,0.0,0.0,0.0,0.0,0.0,4519.0,0.0,6918.0,0.0,0.0,0.0,-107615304.0,0.0,0.0,0.0,0.0,69,-0.0,-71.629,0.0,0.0,0.0,0.0,0.0,0.0,0.0,0,0,0,0.0,0.0,0.0,0.0,0.0,0.0,0.0,0.0,0.0,0.0,0.0,0.0,0.0,0.0,0.0,0.0,0,-107875648.0,69,0.0,138,0.0,-0.0,0,26215,17085,0,17099,13107,17079,0,0,0,70,68,100,0.0,82.3,-0.0,77.8,-0.0,78.5,1,49,50,180,0,39322,0,0,0.0,0.0,0.0,0.0,-0.0,67.0,0.0,162057.094,0.0,970,0,992,0,0,0,946,0,1015,0,916,0,788,0,778,0,821,0,7520,0.032,2.8102461674791895e+19,0.0,0.0,784,16797,-0.0,162057.094,-114818.039,-0.0,0.133,6.909358625270745e+28,30.0,70.0,35,0.0,0.0,0.0,0.0,0.0,0.0,0.0,0.0,0.0,0.0,0.0,0.0,0.0,0.0,0.0,0.0,66.4,0,150,71,51,65476,0,300,0,0,8,20529,65476,0,0,44564,70.0,0.0,0.0,0.0,0.0,0.0
2026-09-10T21:47:50,ERR,ERR,ERR,ERR,ERR,ERR,ERR,ERR,ERR,ERR,ERR,ERR,ERR,ERR,ERR,ERR,ERR,ERR,ERR,ERR,ERR,ERR,ERR,ERR,ERR,ERR,ERR,ERR,ERR,ERR,ERR,ERR,ERR,ERR,ERR,ERR,ERR,ERR,ERR,ERR,ERR,ERR,ERR,ERR,ERR,ERR,ERR,ERR,ERR,ERR,ERR,ERR,ERR,ERR,ERR,ERR,ERR,ERR,ERR,ERR,ERR,ERR,ERR,ERR,ERR,ERR,ERR,ERR,ERR,ERR,ERR,ERR,ERR,ERR,ERR,ERR,ERR,ERR,ERR,ERR,ERR,ERR,ERR,ERR,ERR,ERR,ERR,ERR,ERR,ERR,ERR,ERR,ERR,ERR,ERR,ERR,ERR,ERR,ERR,ERR,ERR,ERR,ERR,ERR,ERR,ERR,ERR,ERR,ERR,ERR,ERR,ERR,ERR,ERR,ERR,ERR,ERR,ERR,ERR,ERR,ERR,ERR,ERR,ERR,ERR,0.0,0.0,0.0,0.0,0.0,1.3936040501711995e+18,7.805,0.0,0,0,4,0,7116,0.0,100,0.0,0.0,0.0,0.0,0.0,0,0,0,0,0.0,0,0,0,0,0,0,0,0,0,0,0,0,0,0,0,0,0,0,0,0,0,0,0,0,0,0,0,0,0,0,0,0,0,31,40,40,71,65476,0,300,0,0,8,21553,0.0,-107605600.0,0.0,0.0,0.0,0.0,0.0,0.0,0.0,0.0,0.0,0.0,0.0,0.0,0.0,0.0,0.0,0.0,0.0,0.0,0.0,0.0,-2.004,0.0,-2.004,0.0,0.0,0.0,0.0,0.0,4519.0,0.0,6918.0,0.0,0.0,0.0,-107615304.0,0.0,0.0,0.0,0.0,69,-0.0,-71.629,0.0,0.0,0.0,0.0,0.0,0.0,0.0,0,0,0,0.0,0.0,0.0,0.0,0.0,0.0,0.0,0.0,0.0,0.0,0.0,0.0,0.0,0.0,0.0,0.0,0,-107875648.0,69,0.0,138,0.0,-0.0,0,26215,17085,0,17099,13107,17079,0,0,0,70,68,100,0.0,82.3,-0.0,77.8,-0.0,78.5,1,49,50,180,0,39322,0,0,0.0,0.0,0.0,0.0,-0.0,67.0,0.0,162057.094,0.0,970,0,992,0,0,0,946,0,1015,0,916,0,788,0,778,0,821,0,7520,0.032,2.8102461674791895e+19,0.0,0.0,784,16797,-0.0,162057.094,-114818.039,-0.0,0.133,6.909358625270745e+28,30.0,70.0,35,0.0,0.0,0.0,0.0,0.0,0.0,0.0,0.0,0.0,0.0,0.0,0.0,0.0,0.0,0.0,0.0,66.4,0,150,71,51,65476,0,300,0,0,8,20529,65476,0,0,44564,70.0,0.0,0.0,0.0,0.0,0.0
2026-09-10T21:47:51,ERR,ERR,ERR,ERR,ERR,ERR,ERR,ERR,ERR,ERR,ERR,ERR,ERR,ERR,ERR,ERR,ERR,ERR,ERR,ERR,ERR,ERR,ERR,ERR,ERR,ERR,ERR,ERR,ERR,ERR,ERR,ERR,ERR,ERR,ERR,ERR,ERR,ERR,ERR,ERR,ERR,ERR,ERR,ERR,ERR,ERR,ERR,ERR,ERR,ERR,ERR,ERR,ERR,ERR,ERR,ERR,ERR,ERR,ERR,ERR,ERR,ERR,ERR,ERR,ERR,ERR,ERR,ERR,ERR,ERR,ERR,ERR,ERR,ERR,ERR,ERR,ERR,ERR,ERR,ERR,ERR,ERR,ERR,ERR,ERR,ERR,ERR,ERR,ERR,ERR,ERR,ERR,ERR,ERR,ERR,ERR,ERR,ERR,ERR,ERR,ERR,ERR,ERR,ERR,ERR,ERR,ERR,ERR,ERR,ERR,ERR,ERR,ERR,ERR,ERR,ERR,ERR,ERR,ERR,ERR,ERR,ERR,ERR,ERR,ERR,0.0,0.0,0.0,0.0,0.0,1.3936040501711995e+18,7.805,0.0,0,0,4,0,7116,0.0,100,0.0,0.0,0.0,0.0,0.0,0,0,0,0,0.0,0,0,0,0,0,0,0,0,0,0,0,0,0,0,0,0,0,0,0,0,0,0,0,0,0,0,0,0,0,0,0,0,0,31,40,40,71,65476,0,300,0,0,8,21553,0.0,-107605600.0,0.0,0.0,0.0,0.0,0.0,0.0,0.0,0.0,0.0,0.0,0.0,0.0,0.0,0.0,0.0,0.0,0.0,0.0,0.0,0.0,-2.004,0.0,-2.004,2.004,0.0,0.0,0.0,0.0,4517.0,0.0,6912.0,0.0,0.0,0.0,-107615304.0,0.0,0.0,0.0,0.0,69,-0.0,5.84804776034314e+35,0.0,0.0,0.0,0.0,0.0,0.0,0.0,0,0,0,0.0,0.0,0.0,0.0,0.0,0.0,0.0,0.0,0.0,0.0,0.0,0.0,0.0,0.0,0.0,0.0,0,-107875648.0,69,0.0,138,0.0,-0.0,0,13107,17085,0,17099,13107,17079,0,0,0,70,68,100,0.0,82.3,-0.0,77.8,-0.0,78.5,1,49,50,180,0,39322,0,0,0.0,0.0,0.0,0.0,-0.0,67.0,0.0,162057.094,0.0,970,0,992,0,0,0,947,0,1015,0,916,0,788,0,778,0,821,0,7520,0.032,2.795834648671604e+19,0.0,0.0,784,16797,-0.0,162057.094,-114818.039,-0.0,0.133,6.909358625270745e+28,30.0,70.0,35,0.0,0.0,0.0,0.0,0.0,0.0,0.0,0.0,0.0,0.0,0.0,0.0,0.0,0.0,0.0,0.0,66.4,0,150,71,51,65476,0,300,0,0,8,20529,65476,0,0,44564,70.0,0.0,0.0,0.0,0.0,0.0
2026-09-10T21:47:52,ERR,ERR,ERR,ERR,ERR,ERR,ERR,ERR,ERR,ERR,ERR,ERR,ERR,ERR,ERR,ERR,ERR,ERR,ERR,ERR,ERR,ERR,ERR,ERR,ERR,ERR,ERR,ERR,ERR,ERR,ERR,ERR,ERR,ERR,ERR,ERR,ERR,ERR,ERR,ERR,ERR,ERR,ERR,ERR,ERR,ERR,ERR,ERR,ERR,ERR,ERR,ERR,ERR,ERR,ERR,ERR,ERR,ERR,ERR,ERR,ERR,ERR,ERR,ERR,ERR,ERR,ERR,ERR,ERR,ERR,ERR,ERR,ERR,ERR,ERR,ERR,ERR,ERR,ERR,ERR,ERR,ERR,ERR,ERR,ERR,ERR,ERR,ERR,ERR,ERR,ERR,ERR,ERR,ERR,ERR,ERR,ERR,ERR,ERR,ERR,ERR,ERR,ERR,ERR,ERR,ERR,ERR,ERR,ERR,ERR,ERR,ERR,ERR,ERR,ERR,ERR,ERR,ERR,ERR,ERR,ERR,ERR,ERR,ERR,ERR,0.0,0.0,0.0,0.0,0.0,1.3936040501711995e+18,7.805,0.0,0,0,4,0,7116,0.0,100,0.0,0.0,0.0,0.0,0.0,0,0,0,0,0.0,0,0,0,0,0,0,0,0,0,0,0,0,0,0,0,0,0,0,0,0,0,0,0,0,0,0,0,0,0,0,0,0,0,31,40,40,71,65476,0,300,0,0,8,21553,0.0,-107605600.0,0.0,0.0,0.0,0.0,0.0,0.0,0.0,0.0,0.0,0.0,0.0,0.0,0.0,0.0,0.0,0.0,0.0,0.0,0.0,0.0,-2.004,0.0,-2.004,2.004,0.0,0.0,0.0,0.0,4517.0,0.0,6912.0,0.0,0.0,0.0,-107615304.0,0.0,0.0,0.0,0.0,69,-0.0,5.84804776034314e+35,0.0,0.0,0.0,0.0,0.0,0.0,0.0,0,0,0,0.0,0.0,0.0,0.0,0.0,0.0,0.0,0.0,0.0,0.0,0.0,0.0,0.0,0.0,0.0,0.0,0,-107875648.0,69,0.0,138,0.0,-0.0,0,13107,17085,0,17099,13107,17079,0,0,0,70,68,100,0.0,82.3,-0.0,77.8,-0.0,78.5,1,49,50,180,0,39322,0,0,0.0,0.0,0.0,0.0,-0.0,67.0,0.0,162057.094,0.0,970,0,992,0,0,0,947,0,1015,0,916,0,788,0,778,0,821,0,7520,0.032,2.795834648671604e+19,0.0,0.0,784,16797,-0.0,162057.094,-114818.039,-0.0,0.133,6.909358625270745e+28,30.0,70.0,35,0.0,0.0,0.0,0.0,0.0,0.0,0.0,0.0,0.0,0.0,0.0,0.0,0.0,0.0,0.0,0.0,66.4,0,150,71,51,65476,0,300,0,0,8,20529,65476,0,0,44564,70.0,0.0,0.0,0.0,0.0,0.0
2026-09-10T21:47:53,ERR,ERR,ERR,ERR,ERR,ERR,ERR,ERR,ERR,ERR,ERR,ERR,ERR,ERR,ERR,ERR,ERR,ERR,ERR,ERR,ERR,ERR,ERR,ERR,ERR,ERR,ERR,ERR,ERR,ERR,ERR,ERR,ERR,ERR,ERR,ERR,ERR,ERR,ERR,ERR,ERR,ERR,ERR,ERR,ERR,ERR,ERR,ERR,ERR,ERR,ERR,ERR,ERR,ERR,ERR,ERR,ERR,ERR,ERR,ERR,ERR,ERR,ERR,ERR,ERR,ERR,ERR,ERR,ERR,ERR,ERR,ERR,ERR,ERR,ERR,ERR,ERR,ERR,ERR,ERR,ERR,ERR,ERR,ERR,ERR,ERR,ERR,ERR,ERR,ERR,ERR,ERR,ERR,ERR,ERR,ERR,ERR,ERR,ERR,ERR,ERR,ERR,ERR,ERR,ERR,ERR,ERR,ERR,ERR,ERR,ERR,ERR,ERR,ERR,ERR,ERR,ERR,ERR,ERR,ERR,ERR,ERR,ERR,ERR,ERR,0.0,0.0,0.0,0.0,0.0,1.3936040501711995e+18,7.805,0.0,0,0,4,0,7116,0.0,100,0.0,0.0,0.0,0.0,0.0,0,0,0,0,0.0,0,0,0,0,0,0,0,0,0,0,0,0,0,0,0,0,0,0,0,0,0,0,0,0,0,0,0,0,0,0,0,0,0,31,40,40,71,65476,0,300,0,0,8,21553,0.0,-107605600.0,0.0,0.0,0.0,0.0,0.0,0.0,0.0,0.0,0.0,0.0,0.0,0.0,0.0,0.0,0.0,0.0,0.0,0.0,0.0,0.0,-2.004,0.0,-2.004,2.004,0.0,0.0,0.0,0.0,4517.0,0.0,6912.0,0.0,0.0,0.0,-107615304.0,0.0,0.0,0.0,0.0,69,-0.0,5.84804776034314e+35,0.0,0.0,0.0,0.0,0.0,0.0,0.0,0,0,0,0.0,0.0,0.0,0.0,0.0,0.0,0.0,0.0,0.0,0.0,0.0,0.0,0.0,0.0,0.0,0.0,0,-107875648.0,69,0.0,138,0.0,-0.0,0,13107,17085,0,17099,13107,17079,0,0,0,70,68,100,0.0,82.3,-0.0,77.8,-0.0,78.5,1,49,50,180,0,39322,0,0,0.0,0.0,0.0,0.0,-0.0,67.0,0.0,162057.094,0.0,970,0,992,0,0,0,947,0,1015,0,916,0,788,0,778,0,821,0,7520,0.032,2.795834648671604e+19,0.0,0.0,784,16797,-0.0,162057.094,-114818.039,-0.0,0.133,6.909358625270745e+28,30.0,70.0,35,0.0,0.0,0.0,0.0,0.0,0.0,0.0,0.0,0.0,0.0,0.0,0.0,0.0,0.0,0.0,0.0,66.4,0,150,71,51,65476,0,300,0,0,8,20529,65476,0,0,44564,70.0,0.0,0.0,0.0,0.0,0.0
2026-09-10T21:47:54,ERR,ERR,ERR,ERR,ERR,ERR,ERR,ERR,ERR,ERR,ERR,ERR,ERR,ERR,ERR,ERR,ERR,ERR,ERR,ERR,ERR,ERR,ERR,ERR,ERR,ERR,ERR,ERR,ERR,ERR,ERR,ERR,ERR,ERR,ERR,ERR,ERR,ERR,ERR,ERR,ERR,ERR,ERR,ERR,ERR,ERR,ERR,ERR,ERR,ERR,ERR,ERR,ERR,ERR,ERR,ERR,ERR,ERR,ERR,ERR,ERR,ERR,ERR,ERR,ERR,ERR,ERR,ERR,ERR,ERR,ERR,ERR,ERR,ERR,ERR,ERR,ERR,ERR,ERR,ERR,ERR,ERR,ERR,ERR,ERR,ERR,ERR,ERR,ERR,ERR,ERR,ERR,ERR,ERR,ERR,ERR,ERR,ERR,ERR,ERR,ERR,ERR,ERR,ERR,ERR,ERR,ERR,ERR,ERR,ERR,ERR,ERR,ERR,ERR,ERR,ERR,ERR,ERR,ERR,ERR,ERR,ERR,ERR,ERR,ERR,0.0,0.0,0.0,0.0,0.0,1.3936040501711995e+18,7.805,0.0,0,0,4,0,7116,0.0,100,0.0,0.0,0.0,0.0,0.0,0,0,0,0,0.0,0,0,0,0,0,0,0,0,0,0,0,0,0,0,0,0,0,0,0,0,0,0,0,0,0,0,0,0,0,0,0,0,0,31,40,40,71,65476,0,300,0,0,8,21553,0.0,-107605600.0,0.0,0.0,0.0,0.0,0.0,0.0,0.0,0.0,0.0,0.0,0.0,0.0,0.0,0.0,0.0,0.0,0.0,0.0,0.0,0.0,-2.004,0.0,-2.004,2.004,0.0,0.0,0.0,0.0,4517.0,0.0,6912.0,0.0,0.0,0.0,-107615304.0,0.0,0.0,0.0,0.0,69,-0.0,5.84804776034314e+35,0.0,0.0,0.0,0.0,0.0,0.0,0.0,0,0,0,0.0,0.0,0.0,0.0,0.0,0.0,0.0,0.0,0.0,0.0,0.0,0.0,0.0,0.0,0.0,0.0,0,-107875648.0,69,0.0,138,0.0,-0.0,0,13107,17085,0,17099,13107,17079,0,0,0,70,68,100,0.0,82.3,-0.0,77.8,-0.0,78.5,1,49,50,180,0,39322,0,0,0.0,0.0,0.0,0.0,-0.0,67.0,0.0,162057.094,0.0,970,0,992,0,0,0,947,0,1015,0,916,0,788,0,778,0,821,0,7520,0.032,2.795834648671604e+19,0.0,0.0,784,16797,-0.0,162057.094,-114818.039,-0.0,0.133,6.909358625270745e+28,30.0,70.0,35,0.0,0.0,0.0,0.0,0.0,0.0,0.0,0.0,0.0,0.0,0.0,0.0,0.0,0.0,0.0,0.0,66.4,0,150,71,51,65476,0,300,0,0,8,20529,65476,0,0,44564,70.0,0.0,0.0,0.0,0.0,0.0
2026-09-10T21:47:55,ERR,ERR,ERR,ERR,ERR,ERR,ERR,ERR,ERR,ERR,ERR,ERR,ERR,ERR,ERR,ERR,ERR,ERR,ERR,ERR,ERR,ERR,ERR,ERR,ERR,ERR,ERR,ERR,ERR,ERR,ERR,ERR,ERR,ERR,ERR,ERR,ERR,ERR,ERR,ERR,ERR,ERR,ERR,ERR,ERR,ERR,ERR,ERR,ERR,ERR,ERR,ERR,ERR,ERR,ERR,ERR,ERR,ERR,ERR,ERR,ERR,ERR,ERR,ERR,ERR,ERR,ERR,ERR,ERR,ERR,ERR,ERR,ERR,ERR,ERR,ERR,ERR,ERR,ERR,ERR,ERR,ERR,ERR,ERR,ERR,ERR,ERR,ERR,ERR,ERR,ERR,ERR,ERR,ERR,ERR,ERR,ERR,ERR,ERR,ERR,ERR,ERR,ERR,ERR,ERR,ERR,ERR,ERR,ERR,ERR,ERR,ERR,ERR,ERR,ERR,ERR,ERR,ERR,ERR,ERR,ERR,ERR,ERR,ERR,ERR,0.0,0.0,0.0,0.0,0.0,1.3936040501711995e+18,7.805,0.0,0,0,4,0,7116,0.0,100,0.0,0.0,0.0,0.0,0.0,0,0,0,0,0.0,0,0,0,0,0,0,0,0,0,0,0,0,0,0,0,0,0,0,0,0,0,0,0,0,0,0,0,0,0,0,0,0,0,31,40,40,71,65476,0,300,0,0,8,21553,0.0,-107605600.0,0.0,0.0,0.0,0.0,0.0,0.0,0.0,0.0,0.0,0.0,0.0,0.0,0.0,0.0,0.0,0.0,0.0,0.0,0.0,0.0,-2.004,0.0,-2.004,2.004,0.0,0.0,0.0,0.0,4517.0,0.0,6912.0,0.0,0.0,0.0,-107615304.0,0.0,0.0,0.0,0.0,69,-0.0,5.84804776034314e+35,0.0,0.0,0.0,0.0,0.0,0.0,0.0,0,0,0,0.0,0.0,0.0,0.0,0.0,0.0,0.0,0.0,0.0,0.0,0.0,0.0,0.0,0.0,0.0,0.0,0,-107875648.0,69,0.0,138,0.0,-0.0,0,13107,17085,0,17099,13107,17079,0,0,0,70,68,100,0.0,82.3,-0.0,77.8,-0.0,78.5,1,49,50,180,0,39322,0,0,0.0,0.0,0.0,0.0,-0.0,67.0,0.0,162057.094,0.0,970,0,992,0,0,0,947,0,1015,0,916,0,788,0,778,0,821,0,7520,0.032,2.795834648671604e+19,0.0,0.0,784,16797,-0.0,162057.094,-114818.039,-0.0,0.133,6.909358625270745e+28,30.0,70.0,35,0.0,0.0,0.0,0.0,0.0,0.0,0.0,0.0,0.0,0.0,0.0,0.0,0.0,0.0,0.0,0.0,66.4,0,150,71,51,65476,0,300,0,0,8,20529,65476,0,0,44564,70.0,0.0,0.0,0.0,0.0,0.0
2026-09-10T21:47:56,ERR,ERR,ERR,ERR,ERR,ERR,ERR,ERR,ERR,ERR,ERR,ERR,ERR,ERR,ERR,ERR,ERR,ERR,ERR,ERR,ERR,ERR,ERR,ERR,ERR,ERR,ERR,ERR,ERR,ERR,ERR,ERR,ERR,ERR,ERR,ERR,ERR,ERR,ERR,ERR,ERR,ERR,ERR,ERR,ERR,ERR,ERR,ERR,ERR,ERR,ERR,ERR,ERR,ERR,ERR,ERR,ERR,ERR,ERR,ERR,ERR,ERR,ERR,ERR,ERR,ERR,ERR,ERR,ERR,ERR,ERR,ERR,ERR,ERR,ERR,ERR,ERR,ERR,ERR,ERR,ERR,ERR,ERR,ERR,ERR,ERR,ERR,ERR,ERR,ERR,ERR,ERR,ERR,ERR,ERR,ERR,ERR,ERR,ERR,ERR,ERR,ERR,ERR,ERR,ERR,ERR,ERR,ERR,ERR,ERR,ERR,ERR,ERR,ERR,ERR,ERR,ERR,ERR,ERR,ERR,ERR,ERR,ERR,ERR,ERR,0.0,0.0,0.0,0.0,0.0,1.3936040501711995e+18,7.805,0.0,0,0,4,0,7116,0.0,100,0.0,0.0,0.0,0.0,0.0,0,0,0,0,0.0,0,0,0,0,0,0,0,0,0,0,0,0,0,0,0,0,0,0,0,0,0,0,0,0,0,0,0,0,0,0,0,0,0,31,40,40,71,65476,0,300,0,0,8,21553,0.0,-107605600.0,0.0,0.0,0.0,0.0,0.0,0.0,0.0,0.0,0.0,0.0,0.0,0.0,0.0,0.0,0.0,0.0,0.0,0.0,0.0,0.0,-2.004,0.0,-2.004,2.004,0.0,0.0,0.0,0.0,4517.0,0.0,6912.0,0.0,0.0,0.0,-107615304.0,0.0,0.0,0.0,0.0,69,-0.0,5.84804776034314e+35,0.0,0.0,0.0,0.0,0.0,0.0,0.0,0,0,0,0.0,0.0,0.0,0.0,0.0,0.0,0.0,0.0,0.0,0.0,0.0,0.0,0.0,0.0,0.0,0.0,0,-107875648.0,69,0.0,138,0.0,-0.0,0,26215,17085,0,17099,0,17079,0,0,0,70,68,100,0.0,82.3,-0.0,77.8,-0.0,78.5,1,49,50,180,0,26215,0,0,0.0,0.0,0.0,0.0,-0.0,67.0,0.0,162057.094,0.0,970,0,992,0,0,0,947,0,1015,0,915,0,788,0,778,0,821,0,7520,0.032,2.795834648671604e+19,0.0,0.0,784,16797,-0.0,162057.094,-114818.039,-0.0,0.133,6.909358625270745e+28,30.0,70.0,35,0.0,0.0,0.0,0.0,0.0,0.0,0.0,0.0,0.0,0.0,0.0,0.0,0.0,0.0,0.0,0.0,66.4,0,150,71,51,65476,0,300,0,0,8,20529,65476,0,0,44564,70.0,0.0,0.0,0.0,0.0,0.0
2026-09-10T21:47:57,ERR,ERR,ERR,ERR,ERR,ERR,ERR,ERR,ERR,ERR,ERR,ERR,ERR,ERR,ERR,ERR,ERR,ERR,ERR,ERR,ERR,ERR,ERR,ERR,ERR,ERR,ERR,ERR,ERR,ERR,ERR,ERR,ERR,ERR,ERR,ERR,ERR,ERR,ERR,ERR,ERR,ERR,ERR,ERR,ERR,ERR,ERR,ERR,ERR,ERR,ERR,ERR,ERR,ERR,ERR,ERR,ERR,ERR,ERR,ERR,ERR,ERR,ERR,ERR,ERR,ERR,ERR,ERR,ERR,ERR,ERR,ERR,ERR,ERR,ERR,ERR,ERR,ERR,ERR,ERR,ERR,ERR,ERR,ERR,ERR,ERR,ERR,ERR,ERR,ERR,ERR,ERR,ERR,ERR,ERR,ERR,ERR,ERR,ERR,ERR,ERR,ERR,ERR,ERR,ERR,ERR,ERR,ERR,ERR,ERR,ERR,ERR,ERR,ERR,ERR,ERR,ERR,ERR,ERR,ERR,ERR,ERR,ERR,ERR,ERR,0.0,0.0,0.0,0.0,0.0,1.3936040501711995e+18,7.805,0.0,0,0,4,0,7116,0.0,100,0.0,0.0,0.0,0.0,0.0,0,0,0,0,0.0,0,0,0,0,0,0,0,0,0,0,0,0,0,0,0,0,0,0,0,0,0,0,0,0,0,0,0,0,0,0,0,0,0,31,40,40,71,65476,0,300,0,0,8,21553,0.0,-107605600.0,0.0,0.0,0.0,0.0,0.0,0.0,0.0,0.0,0.0,0.0,0.0,0.0,0.0,0.0,0.0,0.0,0.0,0.0,0.0,0.0,-2.004,0.0,-2.004,2.004,0.0,0.0,0.0,0.0,4517.0,0.0,6912.0,0.0,0.0,0.0,-107615304.0,0.0,0.0,0.0,0.0,69,-0.0,5.84804776034314e+35,0.0,0.0,0.0,0.0,0.0,0.0,0.0,0,0,0,0.0,0.0,0.0,0.0,0.0,0.0,0.0,0.0,0.0,0.0,0.0,0.0,0.0,0.0,0.0,0.0,0,-107875648.0,69,0.0,138,0.0,-0.0,0,26215,17085,0,17099,0,17079,0,0,0,70,68,100,0.0,82.3,-0.0,77.8,-0.0,78.5,1,49,50,180,0,26215,0,0,0.0,0.0,0.0,0.0,-0.0,67.0,0.0,162057.094,0.0,970,0,992,0,0,0,947,0,1015,0,915,0,788,0,778,0,821,0,7520,0.032,2.795834648671604e+19,0.0,0.0,784,16797,-0.0,162057.094,-114818.039,-0.0,0.133,6.909358625270745e+28,30.0,70.0,35,0.0,0.0,0.0,0.0,0.0,0.0,0.0,0.0,0.0,0.0,0.0,0.0,0.0,0.0,0.0,0.0,66.4,0,150,71,51,65476,0,300,0,0,8,20529,65476,0,0,44564,70.0,0.0,0.0,0.0,0.0,0.0
2026-09-10T21:47:58,ERR,ERR,ERR,ERR,ERR,ERR,ERR,ERR,ERR,ERR,ERR,ERR,ERR,ERR,ERR,ERR,ERR,ERR,ERR,ERR,ERR,ERR,ERR,ERR,ERR,ERR,ERR,ERR,ERR,ERR,ERR,ERR,ERR,ERR,ERR,ERR,ERR,ERR,ERR,ERR,ERR,ERR,ERR,ERR,ERR,ERR,ERR,ERR,ERR,ERR,ERR,ERR,ERR,ERR,ERR,ERR,ERR,ERR,ERR,ERR,ERR,ERR,ERR,ERR,ERR,ERR,ERR,ERR,ERR,ERR,ERR,ERR,ERR,ERR,ERR,ERR,ERR,ERR,ERR,ERR,ERR,ERR,ERR,ERR,ERR,ERR,ERR,ERR,ERR,ERR,ERR,ERR,ERR,ERR,ERR,ERR,ERR,ERR,ERR,ERR,ERR,ERR,ERR,ERR,ERR,ERR,ERR,ERR,ERR,ERR,ERR,ERR,ERR,ERR,ERR,ERR,ERR,ERR,ERR,ERR,ERR,ERR,ERR,ERR,ERR,0.0,0.0,0.0,0.0,0.0,1.3936040501711995e+18,7.805,0.0,0,0,4,0,7116,0.0,100,0.0,0.0,0.0,0.0,0.0,0,0,0,0,0.0,0,0,0,0,0,0,0,0,0,0,0,0,0,0,0,0,0,0,0,0,0,0,0,0,0,0,0,0,0,0,0,0,0,31,40,40,71,65476,0,300,0,0,8,21553,0.0,-107605600.0,0.0,0.0,0.0,0.0,0.0,0.0,0.0,0.0,0.0,0.0,0.0,0.0,0.0,0.0,0.0,0.0,0.0,0.0,0.0,0.0,-2.004,0.0,-2.004,2.004,0.0,0.0,0.0,0.0,4480.0,-3.69717909675028e+19,6940.0,0.0,0.0,0.0,-107615304.0,0.0,0.0,0.0,0.0,69,-0.0,126840373248.0,0.0,0.0,0.0,0.0,0.0,0.0,0.0,0,0,0,0.0,0.0,0.0,0.0,0.0,0.0,0.0,0.0,0.0,0.0,0.0,0.0,0.0,0.0,0.0,0.0,0,-107875648.0,69,0.0,138,0.0,-0.0,0,26215,17085,0,17099,0,17079,0,0,0,70,68,100,0.0,82.3,-0.0,77.8,-0.0,78.5,1,49,50,180,0,26215,0,0,0.0,0.0,0.0,0.0,-0.0,67.0,0.0,162057.094,0.0,970,0,992,0,0,0,947,0,1015,0,915,0,788,0,778,0,821,0,7520,0.032,2.795834648671604e+19,0.0,0.0,784,16797,-0.0,162057.094,-114818.039,-0.0,0.133,6.909358625270745e+28,30.0,70.0,35,0.0,0.0,0.0,0.0,0.0,0.0,0.0,0.0,0.0,0.0,0.0,0.0,0.0,0.0,0.0,0.0,66.4,0,150,71,51,65476,0,300,0,0,8,20529,65476,0,0,44564,70.0,0.0,0.0,0.0,0.0,0.0
2026-09-10T21:47:59,ERR,ERR,ERR,ERR,ERR,ERR,ERR,ERR,ERR,ERR,ERR,ERR,ERR,ERR,ERR,ERR,ERR,ERR,ERR,ERR,ERR,ERR,ERR,ERR,ERR,ERR,ERR,ERR,ERR,ERR,ERR,ERR,ERR,ERR,ERR,ERR,ERR,ERR,ERR,ERR,ERR,ERR,ERR,ERR,ERR,ERR,ERR,ERR,ERR,ERR,ERR,ERR,ERR,ERR,ERR,ERR,ERR,ERR,ERR,ERR,ERR,ERR,ERR,ERR,ERR,ERR,ERR,ERR,ERR,ERR,ERR,ERR,ERR,ERR,ERR,ERR,ERR,ERR,ERR,ERR,ERR,ERR,ERR,ERR,ERR,ERR,ERR,ERR,ERR,ERR,ERR,ERR,ERR,ERR,ERR,ERR,ERR,ERR,ERR,ERR,ERR,ERR,ERR,ERR,ERR,ERR,ERR,ERR,ERR,ERR,ERR,ERR,ERR,ERR,ERR,ERR,ERR,ERR,ERR,ERR,ERR,ERR,ERR,ERR,ERR,0.0,0.0,0.0,0.0,0.0,1.3936040501711995e+18,7.805,0.0,0,0,4,0,7116,0.0,100,0.0,0.0,0.0,0.0,0.0,0,0,0,0,0.0,0,0,0,0,0,0,0,0,0,0,0,0,0,0,0,0,0,0,0,0,0,0,0,0,0,0,0,0,0,0,0,0,0,31,40,40,71,65476,0,300,0,0,8,21553,0.0,-107605600.0,0.0,0.0,0.0,0.0,0.0,0.0,0.0,0.0,0.0,0.0,0.0,0.0,0.0,0.0,0.0,0.0,0.0,0.0,0.0,0.0,-2.004,0.0,-2.004,2.004,0.0,0.0,0.0,0.0,4480.0,-3.69717909675028e+19,6940.0,0.0,0.0,0.0,-107615304.0,0.0,0.0,0.0,0.0,69,-0.0,126840373248.0,0.0,0.0,0.0,0.0,0.0,0.0,0.0,0,0,0,0.0,0.0,0.0,0.0,0.0,0.0,0.0,0.0,0.0,0.0,0.0,0.0,0.0,0.0,0.0,0.0,0,-107875648.0,69,0.0,138,0.0,-0.0,0,26215,17085,0,17099,0,17079,0,0,0,70,68,100,0.0,82.3,-0.0,77.8,-0.0,78.5,1,49,50,180,0,26215,0,0,0.0,0.0,0.0,0.0,-0.0,67.0,0.0,162057.094,0.0,970,0,992,0,0,0,947,0,1015,0,915,0,788,0,778,0,821,0,7520,0.032,2.795834648671604e+19,0.0,0.0,784,16797,-0.0,162057.094,-114818.039,-0.0,0.133,6.909358625270745e+28,30.0,70.0,35,0.0,0.0,0.0,0.0,0.0,0.0,0.0,0.0,0.0,0.0,0.0,0.0,0.0,0.0,0.0,0.0,66.4,0,150,71,51,65476,0,300,0,0,8,20529,65476,0,0,44564,70.0,0.0,0.0,0.0,0.0,0.0
2026-09-10T21:48:00,ERR,ERR,ERR,ERR,ERR,ERR,ERR,ERR,ERR,ERR,ERR,ERR,ERR,ERR,ERR,ERR,ERR,ERR,ERR,ERR,ERR,ERR,ERR,ERR,ERR,ERR,ERR,ERR,ERR,ERR,ERR,ERR,ERR,ERR,ERR,ERR,ERR,ERR,ERR,ERR,ERR,ERR,ERR,ERR,ERR,ERR,ERR,ERR,ERR,ERR,ERR,ERR,ERR,ERR,ERR,ERR,ERR,ERR,ERR,ERR,ERR,ERR,ERR,ERR,ERR,ERR,ERR,ERR,ERR,ERR,ERR,ERR,ERR,ERR,ERR,ERR,ERR,ERR,ERR,ERR,ERR,ERR,ERR,ERR,ERR,ERR,ERR,ERR,ERR,ERR,ERR,ERR,ERR,ERR,ERR,ERR,ERR,ERR,ERR,ERR,ERR,ERR,ERR,ERR,ERR,ERR,ERR,ERR,ERR,ERR,ERR,ERR,ERR,ERR,ERR,ERR,ERR,ERR,ERR,ERR,ERR,ERR,ERR,ERR,ERR,0.0,0.0,0.0,0.0,0.0,1.3936040501711995e+18,7.805,0.0,0,0,4,0,7116,0.0,100,0.0,0.0,0.0,0.0,0.0,0,0,0,0,0.0,0,0,0,0,0,0,0,0,0,0,0,0,0,0,0,0,0,0,0,0,0,0,0,0,0,0,0,0,0,0,0,0,0,31,40,40,71,65476,0,300,0,0,8,21553,0.0,-107605600.0,0.0,0.0,0.0,0.0,0.0,0.0,0.0,0.0,0.0,0.0,0.0,0.0,0.0,0.0,0.0,0.0,0.0,0.0,0.0,0.0,-2.004,0.0,-2.004,2.004,0.0,0.0,0.0,0.0,4480.0,-3.69717909675028e+19,6940.0,0.0,0.0,0.0,-107615304.0,0.0,0.0,0.0,0.0,69,-0.0,126840373248.0,0.0,0.0,0.0,0.0,0.0,0.0,0.0,0,0,0,0.0,0.0,0.0,0.0,0.0,0.0,0.0,0.0,0.0,0.0,0.0,0.0,0.0,0.0,0.0,0.0,0,-107875648.0,69,0.0,138,0.0,-0.0,0,26215,17085,0,17099,0,17079,0,0,0,70,68,100,0.0,82.3,-0.0,77.8,-0.0,78.5,1,49,50,180,0,26215,0,0,0.0,0.0,0.0,0.0,-0.0,67.0,0.0,162057.094,0.0,970,0,992,0,0,0,947,0,1015,0,915,0,788,0,778,0,821,0,7520,0.032,2.795834648671604e+19,0.0,0.0,784,16797,-0.0,162057.094,-114818.039,-0.0,0.133,6.909358625270745e+28,30.0,70.0,35,0.0,0.0,0.0,0.0,0.0,0.0,0.0,0.0,0.0,0.0,0.0,0.0,0.0,0.0,0.0,0.0,66.4,0,150,71,51,65476,0,300,0,0,8,20529,65476,0,0,44564,70.0,0.0,0.0,0.0,0.0,0.0
2026-09-10T21:48:01,ERR,ERR,ERR,ERR,ERR,ERR,ERR,ERR,ERR,ERR,ERR,ERR,ERR,ERR,ERR,ERR,ERR,ERR,ERR,ERR,ERR,ERR,ERR,ERR,ERR,ERR,ERR,ERR,ERR,ERR,ERR,ERR,ERR,ERR,ERR,ERR,ERR,ERR,ERR,ERR,ERR,ERR,ERR,ERR,ERR,ERR,ERR,ERR,ERR,ERR,ERR,ERR,ERR,ERR,ERR,ERR,ERR,ERR,ERR,ERR,ERR,ERR,ERR,ERR,ERR,ERR,ERR,ERR,ERR,ERR,ERR,ERR,ERR,ERR,ERR,ERR,ERR,ERR,ERR,ERR,ERR,ERR,ERR,ERR,ERR,ERR,ERR,ERR,ERR,ERR,ERR,ERR,ERR,ERR,ERR,ERR,ERR,ERR,ERR,ERR,ERR,ERR,ERR,ERR,ERR,ERR,ERR,ERR,ERR,ERR,ERR,ERR,ERR,ERR,ERR,ERR,ERR,ERR,ERR,ERR,ERR,ERR,ERR,ERR,ERR,0.0,0.0,0.0,0.0,0.0,1.3936040501711995e+18,7.805,0.0,0,0,4,0,7116,0.0,100,0.0,0.0,0.0,0.0,0.0,0,0,0,0,0.0,0,0,0,0,0,0,0,0,0,0,0,0,0,0,0,0,0,0,0,0,0,0,0,0,0,0,0,0,0,0,0,0,0,31,40,40,71,65476,0,300,0,0,8,21553,0.0,-107605600.0,0.0,0.0,0.0,0.0,0.0,0.0,0.0,0.0,0.0,0.0,0.0,0.0,0.0,0.0,0.0,0.0,0.0,0.0,0.0,0.0,-2.004,0.0,-2.004,2.004,0.0,0.0,0.0,0.0,4480.0,-3.69717909675028e+19,6940.0,0.0,0.0,0.0,-107615304.0,0.0,0.0,0.0,0.0,69,-0.0,126840373248.0,0.0,0.0,0.0,0.0,0.0,0.0,0.0,0,0,0,0.0,0.0,0.0,0.0,0.0,0.0,0.0,0.0,0.0,0.0,0.0,0.0,0.0,0.0,0.0,0.0,0,-107875648.0,69,0.0,138,0.0,-0.0,0,26215,17085,0,17099,0,17079,0,0,0,70,68,100,0.0,82.3,-0.0,77.8,-0.0,78.5,1,49,50,180,0,26215,0,0,0.0,0.0,0.0,0.0,-0.0,67.0,0.0,162057.094,0.0,970,0,992,0,0,0,947,0,1015,0,915,0,788,0,778,0,821,0,7520,0.032,2.795834648671604e+19,0.0,0.0,784,16797,-0.0,162057.094,-114818.039,-0.0,0.133,6.909358625270745e+28,30.0,70.0,35,0.0,0.0,0.0,0.0,0.0,0.0,0.0,0.0,0.0,0.0,0.0,0.0,0.0,0.0,0.0,0.0,66.4,0,150,71,51,65476,0,300,0,0,8,20529,65476,0,0,44564,70.0,0.0,0.0,0.0,0.0,0.0
2026-09-10T21:48:02,ERR,ERR,ERR,ERR,ERR,ERR,ERR,ERR,ERR,ERR,ERR,ERR,ERR,ERR,ERR,ERR,ERR,ERR,ERR,ERR,ERR,ERR,ERR,ERR,ERR,ERR,ERR,ERR,ERR,ERR,ERR,ERR,ERR,ERR,ERR,ERR,ERR,ERR,ERR,ERR,ERR,ERR,ERR,ERR,ERR,ERR,ERR,ERR,ERR,ERR,ERR,ERR,ERR,ERR,ERR,ERR,ERR,ERR,ERR,ERR,ERR,ERR,ERR,ERR,ERR,ERR,ERR,ERR,ERR,ERR,ERR,ERR,ERR,ERR,ERR,ERR,ERR,ERR,ERR,ERR,ERR,ERR,ERR,ERR,ERR,ERR,ERR,ERR,ERR,ERR,ERR,ERR,ERR,ERR,ERR,ERR,ERR,ERR,ERR,ERR,ERR,ERR,ERR,ERR,ERR,ERR,ERR,ERR,ERR,ERR,ERR,ERR,ERR,ERR,ERR,ERR,ERR,ERR,ERR,ERR,ERR,ERR,ERR,ERR,ERR,0.0,0.0,0.0,0.0,0.0,1.3936040501711995e+18,7.805,0.0,0,0,4,0,7116,0.0,100,0.0,0.0,0.0,0.0,0.0,0,0,0,0,0.0,0,0,0,0,0,0,0,0,0,0,0,0,0,0,0,0,0,0,0,0,0,0,0,0,0,0,0,0,0,0,0,0,0,31,40,40,71,65476,0,300,0,0,8,21553,0.0,-107605600.0,0.0,0.0,0.0,0.0,0.0,0.0,0.0,0.0,0.0,0.0,0.0,0.0,0.0,0.0,0.0,0.0,0.0,0.0,0.0,0.0,-2.004,0.0,-2.004,2.004,0.0,0.0,0.0,0.0,4480.0,-3.69717909675028e+19,6940.0,0.0,0.0,0.0,-107615304.0,0.0,0.0,0.0,0.0,69,-0.0,126840373248.0,0.0,0.0,0.0,0.0,0.0,0.0,0.0,0,0,0,0.0,0.0,0.0,0.0,0.0,0.0,0.0,0.0,0.0,0.0,0.0,0.0,0.0,0.0,0.0,0.0,0,-107875648.0,69,0.0,138,0.0,-0.0,0,26215,17085,0,17099,0,17079,0,0,0,70,68,100,0.0,82.3,-0.0,77.8,-0.0,78.5,1,49,50,180,0,26215,0,0,0.0,0.0,0.0,0.0,-0.0,67.0,0.0,162057.094,0.0,970,0,992,0,0,0,947,0,1015,0,915,0,788,0,778,0,821,0,7520,0.032,2.795834648671604e+19,0.0,0.0,784,16797,-0.0,162057.094,-114818.039,-0.0,0.133,6.909358625270745e+28,30.0,70.0,35,0.0,0.0,0.0,0.0,0.0,0.0,0.0,0.0,0.0,0.0,0.0,0.0,0.0,0.0,0.0,0.0,66.4,0,150,71,51,65476,0,300,0,0,8,20529,65476,0,0,44564,70.0,0.0,0.0,0.0,0.0,0.0
2026-09-10T21:48:03,ERR,ERR,ERR,ERR,ERR,ERR,ERR,ERR,ERR,ERR,ERR,ERR,ERR,ERR,ERR,ERR,ERR,ERR,ERR,ERR,ERR,ERR,ERR,ERR,ERR,ERR,ERR,ERR,ERR,ERR,ERR,ERR,ERR,ERR,ERR,ERR,ERR,ERR,ERR,ERR,ERR,ERR,ERR,ERR,ERR,ERR,ERR,ERR,ERR,ERR,ERR,ERR,ERR,ERR,ERR,ERR,ERR,ERR,ERR,ERR,ERR,ERR,ERR,ERR,ERR,ERR,ERR,ERR,ERR,ERR,ERR,ERR,ERR,ERR,ERR,ERR,ERR,ERR,ERR,ERR,ERR,ERR,ERR,ERR,ERR,ERR,ERR,ERR,ERR,ERR,ERR,ERR,ERR,ERR,ERR,ERR,ERR,ERR,ERR,ERR,ERR,ERR,ERR,ERR,ERR,ERR,ERR,ERR,ERR,ERR,ERR,ERR,ERR,ERR,ERR,ERR,ERR,ERR,ERR,ERR,ERR,ERR,ERR,ERR,ERR,0.0,0.0,0.0,0.0,0.0,1.3936040501711995e+18,7.805,0.0,0,0,4,0,7116,0.0,100,0.0,0.0,0.0,0.0,0.0,0,0,0,0,0.0,0,0,0,0,0,0,0,0,0,0,0,0,0,0,0,0,0,0,0,0,0,0,0,0,0,0,0,0,0,0,0,0,0,31,40,40,71,65476,0,300,0,0,8,21553,0.0,-107605600.0,0.0,0.0,0.0,0.0,0.0,0.0,0.0,0.0,0.0,0.0,0.0,0.0,0.0,0.0,0.0,0.0,0.0,0.0,0.0,0.0,-2.004,0.0,-2.004,2.004,0.0,0.0,0.0,0.0,4480.0,-3.69717909675028e+19,6940.0,0.0,0.0,0.0,-107615304.0,0.0,0.0,0.0,0.0,69,-0.0,126840373248.0,0.0,0.0,0.0,0.0,0.0,0.0,0.0,0,0,0,0.0,0.0,0.0,0.0,0.0,0.0,0.0,0.0,0.0,0.0,0.0,0.0,0.0,0.0,0.0,0.0,0,-107875648.0,69,0.0,138,0.0,-0.0,0,26215,17085,0,17099,0,17079,0,0,0,70,68,100,0.0,82.3,-0.0,77.8,-0.0,78.5,1,49,50,180,0,26215,0,0,0.0,0.0,0.0,0.0,-0.0,67.0,0.0,162057.094,0.0,970,0,992,0,0,0,947,0,1015,0,915,0,788,0,778,0,821,0,7520,0.032,2.795834648671604e+19,0.0,0.0,784,16797,-0.0,162057.094,-114818.039,-0.0,0.133,6.909358625270745e+28,30.0,70.0,35,0.0,0.0,0.0,0.0,0.0,0.0,0.0,0.0,0.0,0.0,0.0,0.0,0.0,0.0,0.0,0.0,66.4,0,150,71,51,65476,0,300,0,0,8,20529,65476,0,0,44564,70.0,0.0,0.0,0.0,0.0,0.0
2026-09-10T21:48:04,ERR,ERR,ERR,ERR,ERR,ERR,ERR,ERR,ERR,ERR,ERR,ERR,ERR,ERR,ERR,ERR,ERR,ERR,ERR,ERR,ERR,ERR,ERR,ERR,ERR,ERR,ERR,ERR,ERR,ERR,ERR,ERR,ERR,ERR,ERR,ERR,ERR,ERR,ERR,ERR,ERR,ERR,ERR,ERR,ERR,ERR,ERR,ERR,ERR,ERR,ERR,ERR,ERR,ERR,ERR,ERR,ERR,ERR,ERR,ERR,ERR,ERR,ERR,ERR,ERR,ERR,ERR,ERR,ERR,ERR,ERR,ERR,ERR,ERR,ERR,ERR,ERR,ERR,ERR,ERR,ERR,ERR,ERR,ERR,ERR,ERR,ERR,ERR,ERR,ERR,ERR,ERR,ERR,ERR,ERR,ERR,ERR,ERR,ERR,ERR,ERR,ERR,ERR,ERR,ERR,ERR,ERR,ERR,ERR,ERR,ERR,ERR,ERR,ERR,ERR,ERR,ERR,ERR,ERR,ERR,ERR,ERR,ERR,ERR,ERR,0.0,0.0,-0.0,0.0,0.0,1.3936040501711995e+18,7.805,0.0,0,0,4,0,7116,0.0,100,0.0,0.0,0.0,0.0,0.0,0,0,0,0,0.0,0,0,0,0,0,0,0,0,0,0,0,0,0,0,0,0,0,0,0,0,0,0,0,0,0,0,0,0,0,0,0,0,0,31,40,40,71,65476,0,300,0,0,8,21553,0.0,-107605600.0,0.0,0.0,0.0,0.0,0.0,0.0,0.0,0.0,0.0,0.0,0.0,0.0,0.0,0.0,0.0,0.0,0.0,0.0,0.0,0.0,-2.004,0.0,-2.004,2.004,0.0,0.0,0.0,0.0,4487.0,-3.69717909675028e+19,6940.0,0.0,0.0,0.0,-107615304.0,0.0,0.0,0.0,0.0,69,-0.0,126840373248.0,0.0,0.0,0.0,0.0,0.0,0.0,0.0,0,0,0,0.0,0.0,0.0,0.0,0.0,0.0,0.0,0.0,0.0,0.0,0.0,0.0,0.0,0.0,0.0,0.0,0,-107875648.0,69,0.0,138,0.0,-0.0,0,26215,17085,0,17099,0,17079,0,0,0,70,68,100,0.0,82.3,-0.0,77.8,-0.0,78.5,1,49,50,180,0,26215,0,0,0.0,0.0,0.0,0.0,-0.0,67.0,0.0,162057.094,0.0,970,0,992,0,0,0,947,0,1015,0,915,0,788,0,778,0,821,0,7520,0.032,2.795834648671604e+19,0.0,0.0,784,16797,-0.0,162057.094,-114818.039,-0.0,0.133,6.909358625270745e+28,30.0,70.0,35,0.0,0.0,0.0,0.0,0.0,0.0,0.0,0.0,0.0,0.0,0.0,0.0,0.0,0.0,0.0,0.0,66.4,0,150,71,51,65476,0,300,0,0,8,20529,65476,0,0,44564,70.0,0.0,0.0,0.0,0.0,0.0
2026-09-10T21:48:05,ERR,ERR,ERR,ERR,ERR,ERR,ERR,ERR,ERR,ERR,ERR,ERR,ERR,ERR,ERR,ERR,ERR,ERR,ERR,ERR,ERR,ERR,ERR,ERR,ERR,ERR,ERR,ERR,ERR,ERR,ERR,ERR,ERR,ERR,ERR,ERR,ERR,ERR,ERR,ERR,ERR,ERR,ERR,ERR,ERR,ERR,ERR,ERR,ERR,ERR,ERR,ERR,ERR,ERR,ERR,ERR,ERR,ERR,ERR,ERR,ERR,ERR,ERR,ERR,ERR,ERR,ERR,ERR,ERR,ERR,ERR,ERR,ERR,ERR,ERR,ERR,ERR,ERR,ERR,ERR,ERR,ERR,ERR,ERR,ERR,ERR,ERR,ERR,ERR,ERR,ERR,ERR,ERR,ERR,ERR,ERR,ERR,ERR,ERR,ERR,ERR,ERR,ERR,ERR,ERR,ERR,ERR,ERR,ERR,ERR,ERR,ERR,ERR,ERR,ERR,ERR,ERR,ERR,ERR,ERR,ERR,ERR,ERR,ERR,ERR,0.0,0.0,-0.0,0.0,0.0,1.3936040501711995e+18,7.805,0.0,0,0,4,0,7116,0.0,100,0.0,0.0,0.0,0.0,0.0,0,0,0,0,0.0,0,0,0,0,0,0,0,0,0,0,0,0,0,0,0,0,0,0,0,0,0,0,0,0,0,0,0,0,0,0,0,0,0,31,40,40,71,65476,0,300,0,0,8,21553,0.0,-107605600.0,0.0,0.0,0.0,0.0,0.0,0.0,0.0,0.0,0.0,0.0,0.0,0.0,0.0,0.0,0.0,0.0,0.0,0.0,0.0,0.0,-2.004,0.0,-2.004,2.004,0.0,0.0,0.0,0.0,4487.0,-3.69717909675028e+19,6940.0,0.0,0.0,0.0,-107615304.0,0.0,0.0,0.0,0.0,69,-0.0,126840373248.0,0.0,0.0,0.0,0.0,0.0,0.0,0.0,0,0,0,0.0,0.0,0.0,0.0,0.0,0.0,0.0,0.0,0.0,0.0,0.0,0.0,0.0,0.0,0.0,0.0,0,-107875648.0,69,0.0,138,0.0,-0.0,0,26215,17085,0,17099,0,17079,0,0,0,70,68,100,0.0,82.3,-0.0,77.8,-0.0,78.5,1,49,50,180,0,26215,0,0,0.0,0.0,0.0,0.0,-0.0,67.0,0.0,162057.094,0.0,970,0,992,0,0,0,947,0,1015,0,915,0,788,0,778,0,821,0,7520,0.032,2.795834648671604e+19,0.0,0.0,784,16797,-0.0,162057.094,-114818.039,-0.0,0.133,6.909358625270745e+28,30.0,70.0,35,0.0,0.0,0.0,0.0,0.0,0.0,0.0,0.0,0.0,0.0,0.0,0.0,0.0,0.0,0.0,0.0,66.8,0,150,71,51,65476,0,300,0,0,8,20529,65476,0,0,44564,70.0,0.0,0.0,0.0,0.0,0.0
2026-09-10T21:48:06,ERR,ERR,ERR,ERR,ERR,ERR,ERR,ERR,ERR,ERR,ERR,ERR,ERR,ERR,ERR,ERR,ERR,ERR,ERR,ERR,ERR,ERR,ERR,ERR,ERR,ERR,ERR,ERR,ERR,ERR,ERR,ERR,ERR,ERR,ERR,ERR,ERR,ERR,ERR,ERR,ERR,ERR,ERR,ERR,ERR,ERR,ERR,ERR,ERR,ERR,ERR,ERR,ERR,ERR,ERR,ERR,ERR,ERR,ERR,ERR,ERR,ERR,ERR,ERR,ERR,ERR,ERR,ERR,ERR,ERR,ERR,ERR,ERR,ERR,ERR,ERR,ERR,ERR,ERR,ERR,ERR,ERR,ERR,ERR,ERR,ERR,ERR,ERR,ERR,ERR,ERR,ERR,ERR,ERR,ERR,ERR,ERR,ERR,ERR,ERR,ERR,ERR,ERR,ERR,ERR,ERR,ERR,ERR,ERR,ERR,ERR,ERR,ERR,ERR,ERR,ERR,ERR,ERR,ERR,ERR,ERR,ERR,ERR,ERR,ERR,0.0,0.0,-0.0,0.0,0.0,1.3936040501711995e+18,7.805,0.0,0,0,4,0,7116,0.0,100,0.0,0.0,0.0,0.0,0.0,0,0,0,0,0.0,0,0,0,0,0,0,0,0,0,0,0,0,0,0,0,0,0,0,0,0,0,0,0,0,0,0,0,0,0,0,0,0,0,31,40,40,71,65476,0,300,0,0,8,21553,0.0,-107605600.0,0.0,0.0,0.0,0.0,0.0,0.0,0.0,0.0,0.0,0.0,0.0,0.0,0.0,0.0,0.0,0.0,0.0,0.0,0.0,0.0,-2.004,0.0,-2.004,2.004,0.0,0.0,0.0,0.0,4487.0,-3.69717909675028e+19,6940.0,0.0,0.0,0.0,-107615304.0,0.0,0.0,0.0,0.0,69,-0.0,126840373248.0,0.0,0.0,0.0,0.0,0.0,0.0,0.0,0,0,0,0.0,0.0,0.0,0.0,0.0,0.0,0.0,0.0,0.0,0.0,0.0,0.0,0.0,0.0,0.0,0.0,0,-107875648.0,69,0.0,138,0.0,-0.0,0,26215,17085,0,17099,0,17079,0,0,0,70,68,100,0.0,82.3,-0.0,77.8,-0.0,78.5,1,49,50,180,0,26215,0,0,0.0,0.0,0.0,0.0,-0.0,67.0,0.0,162057.094,0.0,970,0,992,0,0,0,947,0,1015,0,915,0,788,0,778,0,821,0,7520,0.032,2.795834648671604e+19,0.0,0.0,784,16797,-0.0,162057.094,-114818.039,-0.0,0.133,6.909358625270745e+28,30.0,70.0,35,0.0,0.0,0.0,0.0,0.0,0.0,0.0,0.0,0.0,0.0,0.0,0.0,0.0,0.0,0.0,0.0,66.8,0,150,71,51,65476,0,300,0,0,8,20529,65476,0,0,44564,70.0,0.0,0.0,0.0,0.0,0.0
2026-09-10T21:48:07,ERR,ERR,ERR,ERR,ERR,ERR,ERR,ERR,ERR,ERR,ERR,ERR,ERR,ERR,ERR,ERR,ERR,ERR,ERR,ERR,ERR,ERR,ERR,ERR,ERR,ERR,ERR,ERR,ERR,ERR,ERR,ERR,ERR,ERR,ERR,ERR,ERR,ERR,ERR,ERR,ERR,ERR,ERR,ERR,ERR,ERR,ERR,ERR,ERR,ERR,ERR,ERR,ERR,ERR,ERR,ERR,ERR,ERR,ERR,ERR,ERR,ERR,ERR,ERR,ERR,ERR,ERR,ERR,ERR,ERR,ERR,ERR,ERR,ERR,ERR,ERR,ERR,ERR,ERR,ERR,ERR,ERR,ERR,ERR,ERR,ERR,ERR,ERR,ERR,ERR,ERR,ERR,ERR,ERR,ERR,ERR,ERR,ERR,ERR,ERR,ERR,ERR,ERR,ERR,ERR,ERR,ERR,ERR,ERR,ERR,ERR,ERR,ERR,ERR,ERR,ERR,ERR,ERR,ERR,ERR,ERR,ERR,ERR,ERR,ERR,0.0,0.0,-0.0,0.0,0.0,1.3936040501711995e+18,7.805,0.0,0,0,4,0,7116,0.0,100,0.0,0.0,0.0,0.0,0.0,0,0,0,0,0.0,0,0,0,0,0,0,0,0,0,0,0,0,0,0,0,0,0,0,0,0,0,0,0,0,0,0,0,0,0,0,0,0,0,31,40,40,71,65476,0,300,0,0,8,21553,0.0,-107605600.0,0.0,0.0,0.0,0.0,0.0,0.0,0.0,0.0,0.0,0.0,0.0,0.0,0.0,0.0,0.0,0.0,0.0,0.0,0.0,0.0,-2.004,0.0,-2.004,2.004,0.0,0.0,0.0,0.0,4487.0,-3.69717909675028e+19,6940.0,0.0,0.0,0.0,-107615304.0,0.0,0.0,0.0,0.0,69,-0.0,126840373248.0,0.0,0.0,0.0,0.0,0.0,0.0,0.0,0,0,0,0.0,0.0,0.0,0.0,0.0,0.0,0.0,0.0,0.0,0.0,0.0,0.0,0.0,0.0,0.0,0.0,0,-107875648.0,69,0.0,138,0.0,-0.0,0,26215,17085,0,17099,0,17079,0,0,0,70,68,100,0.0,82.3,-0.0,77.8,-0.0,78.5,1,49,50,180,0,26215,0,0,0.0,0.0,0.0,0.0,-0.0,67.0,0.0,162057.094,0.0,970,0,992,0,0,0,947,0,1015,0,915,0,788,0,778,0,821,0,7520,0.032,2.795834648671604e+19,0.0,0.0,784,16797,-0.0,162057.094,-114818.039,-0.0,0.133,6.909358625270745e+28,30.0,70.0,35,0.0,0.0,0.0,0.0,0.0,0.0,0.0,0.0,0.0,0.0,0.0,0.0,0.0,0.0,0.0,0.0,66.8,0,150,71,51,65476,0,300,0,0,8,20529,65476,0,0,44564,70.0,0.0,0.0,0.0,0.0,0.0
2026-09-10T21:48:08,ERR,ERR,ERR,ERR,ERR,ERR,ERR,ERR,ERR,ERR,ERR,ERR,ERR,ERR,ERR,ERR,ERR,ERR,ERR,ERR,ERR,ERR,ERR,ERR,ERR,ERR,ERR,ERR,ERR,ERR,ERR,ERR,ERR,ERR,ERR,ERR,ERR,ERR,ERR,ERR,ERR,ERR,ERR,ERR,ERR,ERR,ERR,ERR,ERR,ERR,ERR,ERR,ERR,ERR,ERR,ERR,ERR,ERR,ERR,ERR,ERR,ERR,ERR,ERR,ERR,ERR,ERR,ERR,ERR,ERR,ERR,ERR,ERR,ERR,ERR,ERR,ERR,ERR,ERR,ERR,ERR,ERR,ERR,ERR,ERR,ERR,ERR,ERR,ERR,ERR,ERR,ERR,ERR,ERR,ERR,ERR,ERR,ERR,ERR,ERR,ERR,ERR,ERR,ERR,ERR,ERR,ERR,ERR,ERR,ERR,ERR,ERR,ERR,ERR,ERR,ERR,ERR,ERR,ERR,ERR,ERR,ERR,ERR,ERR,ERR,0.0,0.0,-0.0,0.0,0.0,1.3936040501711995e+18,7.805,0.0,0,0,4,0,7116,0.0,100,0.0,0.0,0.0,0.0,0.0,0,0,0,0,0.0,0,0,0,0,0,0,0,0,0,0,0,0,0,0,0,0,0,0,0,0,0,0,0,0,0,0,0,0,0,0,0,0,0,31,40,40,71,65476,0,300,0,0,8,21553,0.0,-107605600.0,0.0,0.0,0.0,0.0,0.0,0.0,0.0,0.0,0.0,0.0,0.0,0.0,0.0,0.0,0.0,0.0,0.0,0.0,0.0,0.0,-2.004,0.0,-2.004,2.004,0.0,0.0,0.0,0.0,4487.0,-3.69717909675028e+19,6940.0,0.0,0.0,0.0,-107615304.0,0.0,0.0,0.0,0.0,69,-0.0,126840373248.0,0.0,0.0,0.0,0.0,0.0,0.0,0.0,0,0,0,0.0,0.0,0.0,0.0,0.0,0.0,0.0,0.0,0.0,0.0,0.0,0.0,0.0,0.0,0.0,0.0,0,-107875648.0,69,0.0,138,0.0,-0.0,0,26215,17085,0,17099,0,17079,0,0,0,70,68,100,0.0,82.3,-0.0,77.8,-0.0,78.5,1,49,50,180,0,26215,0,0,0.0,0.0,0.0,0.0,-0.0,67.0,0.0,162057.094,0.0,970,0,992,0,0,0,947,0,1015,0,915,0,788,0,778,0,821,0,7520,0.032,2.795834648671604e+19,0.0,0.0,784,16797,-0.0,162057.094,-114818.039,-0.0,0.133,6.909358625270745e+28,30.0,70.0,35,0.0,0.0,0.0,0.0,0.0,0.0,0.0,0.0,0.0,0.0,0.0,0.0,0.0,0.0,0.0,0.0,66.8,0,150,71,51,65476,0,300,0,0,8,20529,65476,0,0,44564,70.0,0.0,0.0,0.0,0.0,0.0
2026-09-10T21:48:09,ERR,ERR,ERR,ERR,ERR,ERR,ERR,ERR,ERR,ERR,ERR,ERR,ERR,ERR,ERR,ERR,ERR,ERR,ERR,ERR,ERR,ERR,ERR,ERR,ERR,ERR,ERR,ERR,ERR,ERR,ERR,ERR,ERR,ERR,ERR,ERR,ERR,ERR,ERR,ERR,ERR,ERR,ERR,ERR,ERR,ERR,ERR,ERR,ERR,ERR,ERR,ERR,ERR,ERR,ERR,ERR,ERR,ERR,ERR,ERR,ERR,ERR,ERR,ERR,ERR,ERR,ERR,ERR,ERR,ERR,ERR,ERR,ERR,ERR,ERR,ERR,ERR,ERR,ERR,ERR,ERR,ERR,ERR,ERR,ERR,ERR,ERR,ERR,ERR,ERR,ERR,ERR,ERR,ERR,ERR,ERR,ERR,ERR,ERR,ERR,ERR,ERR,ERR,ERR,ERR,ERR,ERR,ERR,ERR,ERR,ERR,ERR,ERR,ERR,ERR,ERR,ERR,ERR,ERR,ERR,ERR,ERR,ERR,ERR,ERR,0.0,0.0,-0.0,0.0,0.0,1.3936040501711995e+18,7.805,0.0,0,0,4,0,7116,0.0,100,0.0,0.0,0.0,0.0,0.0,0,0,0,0,0.0,0,0,0,0,0,0,0,0,0,0,0,0,0,0,0,0,0,0,0,0,0,0,0,0,0,0,0,0,0,0,0,0,0,31,40,40,71,65476,0,300,0,0,8,21553,0.0,-107605600.0,0.0,0.0,0.0,0.0,0.0,0.0,0.0,0.0,0.0,0.0,0.0,0.0,0.0,0.0,0.0,0.0,0.0,0.0,0.0,0.0,-2.004,0.0,-2.004,2.004,0.0,0.0,0.0,0.0,4487.0,-3.69717909675028e+19,6940.0,0.0,0.0,0.0,-107615304.0,0.0,0.0,0.0,0.0,69,-0.0,126840373248.0,0.0,0.0,0.0,0.0,0.0,0.0,0.0,0,0,0,0.0,0.0,0.0,0.0,0.0,0.0,0.0,0.0,0.0,0.0,0.0,0.0,0.0,0.0,0.0,0.0,0,-107875648.0,69,0.0,138,0.0,-0.0,0,26215,17085,0,17099,0,17079,0,0,0,70,68,100,0.0,82.3,-0.0,77.8,-0.0,78.5,1,49,50,180,0,26215,0,0,0.0,0.0,0.0,0.0,-0.0,67.0,0.0,162057.094,0.0,970,0,992,0,0,0,947,0,1015,0,915,0,788,0,778,0,821,0,7520,0.032,2.795834648671604e+19,0.0,0.0,784,16797,-0.0,162057.094,-114818.039,-0.0,0.133,6.909358625270745e+28,30.0,70.0,35,0.0,0.0,0.0,0.0,0.0,0.0,0.0,0.0,0.0,0.0,0.0,0.0,0.0,0.0,0.0,0.0,66.8,0,150,71,51,65476,0,300,0,0,8,20529,65476,0,0,44564,70.0,0.0,0.0,0.0,0.0,0.0
2026-09-10T21:48:10,ERR,ERR,ERR,ERR,ERR,ERR,ERR,ERR,ERR,ERR,ERR,ERR,ERR,ERR,ERR,ERR,ERR,ERR,ERR,ERR,ERR,ERR,ERR,ERR,ERR,ERR,ERR,ERR,ERR,ERR,ERR,ERR,ERR,ERR,ERR,ERR,ERR,ERR,ERR,ERR,ERR,ERR,ERR,ERR,ERR,ERR,ERR,ERR,ERR,ERR,ERR,ERR,ERR,ERR,ERR,ERR,ERR,ERR,ERR,ERR,ERR,ERR,ERR,ERR,ERR,ERR,ERR,ERR,ERR,ERR,ERR,ERR,ERR,ERR,ERR,ERR,ERR,ERR,ERR,ERR,ERR,ERR,ERR,ERR,ERR,ERR,ERR,ERR,ERR,ERR,ERR,ERR,ERR,ERR,ERR,ERR,ERR,ERR,ERR,ERR,ERR,ERR,ERR,ERR,ERR,ERR,ERR,ERR,ERR,ERR,ERR,ERR,ERR,ERR,ERR,ERR,ERR,ERR,ERR,ERR,ERR,ERR,ERR,ERR,ERR,0.0,0.0,-0.0,0.0,0.0,1.3936040501711995e+18,7.805,0.0,0,0,4,0,7116,0.0,100,0.0,0.0,0.0,0.0,0.0,0,0,0,0,0.0,0,0,0,0,0,0,0,0,0,0,0,0,0,0,0,0,0,0,0,0,0,0,0,0,0,0,0,0,0,0,0,0,0,31,40,40,71,65476,0,300,0,0,8,21553,0.0,-107605600.0,0.0,0.0,0.0,0.0,0.0,0.0,0.0,0.0,0.0,0.0,0.0,0.0,0.0,0.0,0.0,0.0,0.0,0.0,0.0,0.0,-2.004,0.0,-2.004,2.004,0.0,0.0,0.0,0.0,4487.0,-3.69717909675028e+19,6940.0,0.0,0.0,0.0,-107615304.0,0.0,0.0,0.0,0.0,69,-0.0,126840373248.0,0.0,0.0,0.0,0.0,0.0,0.0,0.0,0,0,0,0.0,0.0,0.0,0.0,0.0,0.0,0.0,0.0,0.0,0.0,0.0,0.0,0.0,0.0,0.0,0.0,0,-107875648.0,69,0.0,138,0.0,-0.0,0,26215,17085,0,17099,0,17079,0,0,0,70,68,100,0.0,82.3,-0.0,77.8,-0.0,78.5,1,49,50,180,0,26215,0,0,0.0,0.0,0.0,0.0,-0.0,67.0,0.0,162057.094,0.0,970,0,992,0,0,0,947,0,1015,0,915,0,788,0,778,0,821,0,7520,0.032,2.795834648671604e+19,0.0,0.0,784,16797,-0.0,162057.094,-114818.039,-0.0,0.133,6.909358625270745e+28,30.0,70.0,35,0.0,0.0,0.0,0.0,0.0,0.0,0.0,0.0,0.0,0.0,0.0,0.0,0.0,0.0,0.0,0.0,66.8,0,150,71,51,65476,0,300,0,0,8,20529,65476,0,0,44564,70.0,0.0,0.0,0.0,0.0,0.0
2026-09-10T21:48:11,ERR,ERR,ERR,ERR,ERR,ERR,ERR,ERR,ERR,ERR,ERR,ERR,ERR,ERR,ERR,ERR,ERR,ERR,ERR,ERR,ERR,ERR,ERR,ERR,ERR,ERR,ERR,ERR,ERR,ERR,ERR,ERR,ERR,ERR,ERR,ERR,ERR,ERR,ERR,ERR,ERR,ERR,ERR,ERR,ERR,ERR,ERR,ERR,ERR,ERR,ERR,ERR,ERR,ERR,ERR,ERR,ERR,ERR,ERR,ERR,ERR,ERR,ERR,ERR,ERR,ERR,ERR,ERR,ERR,ERR,ERR,ERR,ERR,ERR,ERR,ERR,ERR,ERR,ERR,ERR,ERR,ERR,ERR,ERR,ERR,ERR,ERR,ERR,ERR,ERR,ERR,ERR,ERR,ERR,ERR,ERR,ERR,ERR,ERR,ERR,ERR,ERR,ERR,ERR,ERR,ERR,ERR,ERR,ERR,ERR,ERR,ERR,ERR,ERR,ERR,ERR,ERR,ERR,ERR,ERR,ERR,ERR,ERR,ERR,ERR,0.0,0.0,-0.0,0.0,0.0,1.3936040501711995e+18,7.805,0.0,0,0,4,0,7116,0.0,100,0.0,0.0,0.0,0.0,0.0,0,0,0,0,0.0,0,0,0,0,0,0,0,0,0,0,0,0,0,0,0,0,0,0,0,0,0,0,0,0,0,0,0,0,0,0,0,0,0,31,40,40,71,65476,0,300,0,0,8,21553,0.0,-107605600.0,0.0,0.0,0.0,0.0,0.0,0.0,0.0,0.0,0.0,0.0,0.0,0.0,0.0,0.0,0.0,0.0,0.0,0.0,0.0,0.0,-2.004,0.0,-2.004,2.004,0.0,0.0,0.0,0.0,4487.0,-3.69717909675028e+19,6940.0,0.0,0.0,0.0,-107615304.0,0.0,0.0,0.0,0.0,69,-0.0,126840373248.0,0.0,0.0,0.0,0.0,0.0,0.0,0.0,0,0,0,0.0,0.0,0.0,0.0,0.0,0.0,0.0,0.0,0.0,0.0,0.0,0.0,0.0,0.0,0.0,0.0,0,-107875648.0,69,0.0,138,0.0,-0.0,0,13107,17085,0,17099,0,17079,0,0,0,70,68,100,0.0,82.3,-0.0,77.8,-0.0,78.5,1,49,50,180,0,26215,0,0,0.0,0.0,0.0,0.0,-0.0,67.0,0.0,162057.094,0.0,970,0,992,0,0,0,946,0,1015,0,915,0,788,0,778,0,821,0,7520,0.032,2.795834648671604e+19,0.0,0.0,784,16797,-0.0,162057.094,-114818.039,-0.0,0.133,6.909358625270745e+28,30.0,70.0,35,0.0,0.0,0.0,0.0,0.0,0.0,0.0,0.0,0.0,0.0,0.0,0.0,0.0,0.0,0.0,0.0,66.4,0,150,71,51,65476,0,300,0,0,8,20529,65476,0,0,44564,70.0,0.0,0.0,0.0,0.0,0.0
2026-09-10T21:48:12,ERR,ERR,ERR,ERR,ERR,ERR,ERR,ERR,ERR,ERR,ERR,ERR,ERR,ERR,ERR,ERR,ERR,ERR,ERR,ERR,ERR,ERR,ERR,ERR,ERR,ERR,ERR,ERR,ERR,ERR,ERR,ERR,ERR,ERR,ERR,ERR,ERR,ERR,ERR,ERR,ERR,ERR,ERR,ERR,ERR,ERR,ERR,ERR,ERR,ERR,ERR,ERR,ERR,ERR,ERR,ERR,ERR,ERR,ERR,ERR,ERR,ERR,ERR,ERR,ERR,ERR,ERR,ERR,ERR,ERR,ERR,ERR,ERR,ERR,ERR,ERR,ERR,ERR,ERR,ERR,ERR,ERR,ERR,ERR,ERR,ERR,ERR,ERR,ERR,ERR,ERR,ERR,ERR,ERR,ERR,ERR,ERR,ERR,ERR,ERR,ERR,ERR,ERR,ERR,ERR,ERR,ERR,ERR,ERR,ERR,ERR,ERR,ERR,ERR,ERR,ERR,ERR,ERR,ERR,ERR,ERR,ERR,ERR,ERR,ERR,0.0,0.0,0.0,0.0,0.0,1.3936040501711995e+18,7.805,0.0,0,0,4,0,7116,0.0,100,0.0,0.0,0.0,0.0,0.0,0,0,0,0,0.0,0,0,0,0,0,0,0,0,0,0,0,0,0,0,0,0,0,0,0,0,0,0,0,0,0,0,0,0,0,0,0,0,0,31,40,40,71,65476,0,300,0,0,8,21553,0.0,-107605600.0,0.0,0.0,0.0,0.0,0.0,0.0,0.0,0.0,0.0,0.0,0.0,0.0,0.0,0.0,0.0,0.0,0.0,0.0,0.0,0.0,-2.004,0.0,-2.004,2.004,0.0,0.0,0.0,0.0,4513.0,0.0,6912.0,0.0,0.0,0.0,-107615304.0,0.0,0.0,0.0,0.0,69,-0.0,5.84804776034314e+35,0.0,0.0,0.0,0.0,0.0,0.0,0.0,0,0,0,0.0,0.0,0.0,0.0,0.0,0.0,0.0,0.0,0.0,0.0,0.0,0.0,0.0,0.0,0.0,0.0,0,-107875648.0,69,0.0,138,0.0,-0.0,0,13107,17085,0,17099,0,17079,0,0,0,70,68,100,0.0,82.3,-0.0,77.8,-0.0,78.5,1,49,50,180,0,26215,0,0,0.0,0.0,0.0,0.0,-0.0,67.0,0.0,162057.094,0.0,970,0,992,0,0,0,946,0,1015,0,915,0,788,0,778,0,821,0,7520,0.032,2.795834648671604e+19,0.0,0.0,784,16797,-0.0,162057.094,-114818.039,-0.0,0.133,6.909358625270745e+28,30.0,70.0,35,0.0,0.0,0.0,0.0,0.0,0.0,0.0,0.0,0.0,0.0,0.0,0.0,0.0,0.0,0.0,0.0,66.4,0,150,71,51,65476,0,300,0,0,8,20529,65476,0,0,44564,70.0,0.0,0.0,0.0,0.0,0.0
2026-09-10T21:48:13,ERR,ERR,ERR,ERR,ERR,ERR,ERR,ERR,ERR,ERR,ERR,ERR,ERR,ERR,ERR,ERR,ERR,ERR,ERR,ERR,ERR,ERR,ERR,ERR,ERR,ERR,ERR,ERR,ERR,ERR,ERR,ERR,ERR,ERR,ERR,ERR,ERR,ERR,ERR,ERR,ERR,ERR,ERR,ERR,ERR,ERR,ERR,ERR,ERR,ERR,ERR,ERR,ERR,ERR,ERR,ERR,ERR,ERR,ERR,ERR,ERR,ERR,ERR,ERR,ERR,ERR,ERR,ERR,ERR,ERR,ERR,ERR,ERR,ERR,ERR,ERR,ERR,ERR,ERR,ERR,ERR,ERR,ERR,ERR,ERR,ERR,ERR,ERR,ERR,ERR,ERR,ERR,ERR,ERR,ERR,ERR,ERR,ERR,ERR,ERR,ERR,ERR,ERR,ERR,ERR,ERR,ERR,ERR,ERR,ERR,ERR,ERR,ERR,ERR,ERR,ERR,ERR,ERR,ERR,ERR,ERR,ERR,ERR,ERR,ERR,0.0,0.0,0.0,0.0,0.0,1.3936040501711995e+18,7.805,0.0,0,0,4,0,7116,0.0,100,0.0,0.0,0.0,0.0,0.0,0,0,0,0,0.0,0,0,0,0,0,0,0,0,0,0,0,0,0,0,0,0,0,0,0,0,0,0,0,0,0,0,0,0,0,0,0,0,0,31,40,40,71,65476,0,300,0,0,8,21553,0.0,-107605600.0,0.0,0.0,0.0,0.0,0.0,0.0,0.0,0.0,0.0,0.0,0.0,0.0,0.0,0.0,0.0,0.0,0.0,0.0,0.0,0.0,-2.004,0.0,-2.004,2.004,0.0,0.0,0.0,0.0,4513.0,0.0,6912.0,0.0,0.0,0.0,-107615304.0,0.0,0.0,0.0,0.0,69,-0.0,5.84804776034314e+35,0.0,0.0,0.0,0.0,0.0,0.0,0.0,0,0,0,0.0,0.0,0.0,0.0,0.0,0.0,0.0,0.0,0.0,0.0,0.0,0.0,0.0,0.0,0.0,0.0,0,-107875648.0,69,0.0,138,0.0,-0.0,0,13107,17085,0,17099,0,17079,0,0,0,70,68,100,0.0,82.3,-0.0,77.8,-0.0,78.5,1,49,50,180,0,26215,0,0,0.0,0.0,0.0,0.0,-0.0,67.0,0.0,162057.094,0.0,970,0,992,0,0,0,946,0,1015,0,915,0,788,0,778,0,821,0,7520,0.032,2.795834648671604e+19,0.0,0.0,784,16797,-0.0,162057.094,-114818.039,-0.0,0.133,6.909358625270745e+28,30.0,70.0,35,0.0,0.0,0.0,0.0,0.0,0.0,0.0,0.0,0.0,0.0,0.0,0.0,0.0,0.0,0.0,0.0,66.4,0,150,71,51,65476,0,300,0,0,8,20529,65476,0,0,44564,70.0,0.0,0.0,0.0,0.0,0.0
2026-09-10T21:48:14,ERR,ERR,ERR,ERR,ERR,ERR,ERR,ERR,ERR,ERR,ERR,ERR,ERR,ERR,ERR,ERR,ERR,ERR,ERR,ERR,ERR,ERR,ERR,ERR,ERR,ERR,ERR,ERR,ERR,ERR,ERR,ERR,ERR,ERR,ERR,ERR,ERR,ERR,ERR,ERR,ERR,ERR,ERR,ERR,ERR,ERR,ERR,ERR,ERR,ERR,ERR,ERR,ERR,ERR,ERR,ERR,ERR,ERR,ERR,ERR,ERR,ERR,ERR,ERR,ERR,ERR,ERR,ERR,ERR,ERR,ERR,ERR,ERR,ERR,ERR,ERR,ERR,ERR,ERR,ERR,ERR,ERR,ERR,ERR,ERR,ERR,ERR,ERR,ERR,ERR,ERR,ERR,ERR,ERR,ERR,ERR,ERR,ERR,ERR,ERR,ERR,ERR,ERR,ERR,ERR,ERR,ERR,ERR,ERR,ERR,ERR,ERR,ERR,ERR,ERR,ERR,ERR,ERR,ERR,ERR,ERR,ERR,ERR,ERR,ERR,0.0,0.0,0.0,0.0,0.0,1.3936040501711995e+18,7.805,0.0,0,0,4,0,7116,0.0,100,0.0,0.0,0.0,0.0,0.0,0,0,0,0,0.0,0,0,0,0,0,0,0,0,0,0,0,0,0,0,0,0,0,0,0,0,0,0,0,0,0,0,0,0,0,0,0,0,0,31,40,40,71,65476,0,300,0,0,8,21553,0.0,-107605600.0,0.0,0.0,0.0,0.0,0.0,0.0,0.0,0.0,0.0,0.0,0.0,0.0,0.0,0.0,0.0,0.0,0.0,0.0,0.0,0.0,-2.004,0.0,-2.004,2.004,0.0,0.0,0.0,0.0,4513.0,0.0,6912.0,0.0,0.0,0.0,-107615304.0,0.0,0.0,0.0,0.0,69,-0.0,5.84804776034314e+35,0.0,0.0,0.0,0.0,0.0,0.0,0.0,0,0,0,0.0,0.0,0.0,0.0,0.0,0.0,0.0,0.0,0.0,0.0,0.0,0.0,0.0,0.0,0.0,0.0,0,-107875648.0,69,0.0,138,0.0,-0.0,0,13107,17085,0,17099,0,17079,0,0,0,70,68,100,0.0,82.3,-0.0,77.8,-0.0,78.5,1,49,50,180,0,26215,0,0,0.0,0.0,0.0,0.0,-0.0,67.0,0.0,162057.094,0.0,970,0,992,0,0,0,946,0,1015,0,915,0,788,0,778,0,821,0,7520,0.032,2.795834648671604e+19,0.0,0.0,784,16797,-0.0,162057.094,-114818.039,-0.0,0.133,6.909358625270745e+28,30.0,70.0,35,0.0,0.0,0.0,0.0,0.0,0.0,0.0,0.0,0.0,0.0,0.0,0.0,0.0,0.0,0.0,0.0,66.4,0,150,71,51,65476,0,300,0,0,8,20529,65476,0,0,44564,70.0,0.0,0.0,0.0,0.0,0.0
2026-09-10T21:48:15,ERR,ERR,ERR,ERR,ERR,ERR,ERR,ERR,ERR,ERR,ERR,ERR,ERR,ERR,ERR,ERR,ERR,ERR,ERR,ERR,ERR,ERR,ERR,ERR,ERR,ERR,ERR,ERR,ERR,ERR,ERR,ERR,ERR,ERR,ERR,ERR,ERR,ERR,ERR,ERR,ERR,ERR,ERR,ERR,ERR,ERR,ERR,ERR,ERR,ERR,ERR,ERR,ERR,ERR,ERR,ERR,ERR,ERR,ERR,ERR,ERR,ERR,ERR,ERR,ERR,ERR,ERR,ERR,ERR,ERR,ERR,ERR,ERR,ERR,ERR,ERR,ERR,ERR,ERR,ERR,ERR,ERR,ERR,ERR,ERR,ERR,ERR,ERR,ERR,ERR,ERR,ERR,ERR,ERR,ERR,ERR,ERR,ERR,ERR,ERR,ERR,ERR,ERR,ERR,ERR,ERR,ERR,ERR,ERR,ERR,ERR,ERR,ERR,ERR,ERR,ERR,ERR,ERR,ERR,ERR,ERR,ERR,ERR,ERR,ERR,0.0,0.0,0.0,0.0,0.0,1.3936040501711995e+18,7.805,0.0,0,0,4,0,7116,0.0,100,0.0,0.0,0.0,0.0,0.0,0,0,0,0,0.0,0,0,0,0,0,0,0,0,0,0,0,0,0,0,0,0,0,0,0,0,0,0,0,0,0,0,0,0,0,0,0,0,0,31,40,40,71,65476,0,300,0,0,8,21553,0.0,-107605600.0,0.0,0.0,0.0,0.0,0.0,0.0,0.0,0.0,0.0,0.0,0.0,0.0,0.0,0.0,0.0,0.0,0.0,0.0,0.0,0.0,-2.004,0.0,-2.004,2.004,0.0,0.0,0.0,0.0,4513.0,0.0,6912.0,0.0,0.0,0.0,-107615304.0,0.0,0.0,0.0,0.0,69,-0.0,5.84804776034314e+35,0.0,0.0,0.0,0.0,0.0,0.0,0.0,0,0,0,0.0,0.0,0.0,0.0,0.0,0.0,0.0,0.0,0.0,0.0,0.0,0.0,0.0,0.0,0.0,0.0,0,-107875648.0,69,0.0,138,0.0,-0.0,0,13107,17085,0,17099,0,17079,0,0,0,70,68,100,0.0,82.3,-0.0,77.8,-0.0,78.5,1,49,50,180,0,26215,0,0,0.0,0.0,0.0,0.0,-0.0,67.0,0.0,162057.094,0.0,970,0,992,0,0,0,946,0,1015,0,915,0,788,0,778,0,821,0,7520,0.032,2.795834648671604e+19,0.0,0.0,784,16797,-0.0,162057.094,-114818.039,-0.0,0.133,6.909358625270745e+28,30.0,70.0,35,0.0,0.0,0.0,0.0,0.0,0.0,0.0,0.0,0.0,0.0,0.0,0.0,0.0,0.0,0.0,0.0,66.4,0,150,71,51,65476,0,300,0,0,8,20529,65476,0,0,44564,70.0,0.0,0.0,0.0,0.0,0.0
2026-09-10T21:48:16,ERR,ERR,ERR,ERR,ERR,ERR,ERR,ERR,ERR,ERR,ERR,ERR,ERR,ERR,ERR,ERR,ERR,ERR,ERR,ERR,ERR,ERR,ERR,ERR,ERR,ERR,ERR,ERR,ERR,ERR,ERR,ERR,ERR,ERR,ERR,ERR,ERR,ERR,ERR,ERR,ERR,ERR,ERR,ERR,ERR,ERR,ERR,ERR,ERR,ERR,ERR,ERR,ERR,ERR,ERR,ERR,ERR,ERR,ERR,ERR,ERR,ERR,ERR,ERR,ERR,ERR,ERR,ERR,ERR,ERR,ERR,ERR,ERR,ERR,ERR,ERR,ERR,ERR,ERR,ERR,ERR,ERR,ERR,ERR,ERR,ERR,ERR,ERR,ERR,ERR,ERR,ERR,ERR,ERR,ERR,ERR,ERR,ERR,ERR,ERR,ERR,ERR,ERR,ERR,ERR,ERR,ERR,ERR,ERR,ERR,ERR,ERR,ERR,ERR,ERR,ERR,ERR,ERR,ERR,ERR,ERR,ERR,ERR,ERR,ERR,0.0,0.0,0.0,0.0,0.0,1.3936040501711995e+18,7.805,0.0,0,0,4,0,7116,0.0,100,0.0,0.0,0.0,0.0,0.0,0,0,0,0,0.0,0,0,0,0,0,0,0,0,0,0,0,0,0,0,0,0,0,0,0,0,0,0,0,0,0,0,0,0,0,0,0,0,0,31,40,40,71,65476,0,300,0,0,8,21553,0.0,-107605600.0,0.0,0.0,0.0,0.0,0.0,0.0,0.0,0.0,0.0,0.0,0.0,0.0,0.0,0.0,0.0,0.0,0.0,0.0,0.0,0.0,-2.004,0.0,-2.004,2.004,0.0,0.0,0.0,0.0,4513.0,0.0,6912.0,0.0,0.0,0.0,-107615304.0,0.0,0.0,0.0,0.0,69,-0.0,5.84804776034314e+35,0.0,0.0,0.0,0.0,0.0,0.0,0.0,0,0,0,0.0,0.0,0.0,0.0,0.0,0.0,0.0,0.0,0.0,0.0,0.0,0.0,0.0,0.0,0.0,0.0,0,-107875648.0,69,0.0,138,0.0,-0.0,0,13107,17085,0,17099,0,17079,0,0,0,70,68,100,0.0,82.3,-0.0,77.8,-0.0,78.5,1,49,50,180,0,26215,0,0,0.0,0.0,0.0,0.0,-0.0,67.0,0.0,162057.094,0.0,970,0,992,0,0,0,946,0,1015,0,915,0,788,0,778,0,821,0,7520,0.032,2.795834648671604e+19,0.0,0.0,784,16797,-0.0,162057.094,-114818.039,-0.0,0.133,6.909358625270745e+28,30.0,70.0,35,0.0,0.0,0.0,0.0,0.0,0.0,0.0,0.0,0.0,0.0,0.0,0.0,0.0,0.0,0.0,0.0,66.4,0,150,71,51,65476,0,300,0,0,8,20529,65476,0,0,44564,70.0,0.0,0.0,0.0,0.0,0.0
2026-09-10T21:48:17,ERR,ERR,ERR,ERR,ERR,ERR,ERR,ERR,ERR,ERR,ERR,ERR,ERR,ERR,ERR,ERR,ERR,ERR,ERR,ERR,ERR,ERR,ERR,ERR,ERR,ERR,ERR,ERR,ERR,ERR,ERR,ERR,ERR,ERR,ERR,ERR,ERR,ERR,ERR,ERR,ERR,ERR,ERR,ERR,ERR,ERR,ERR,ERR,ERR,ERR,ERR,ERR,ERR,ERR,ERR,ERR,ERR,ERR,ERR,ERR,ERR,ERR,ERR,ERR,ERR,ERR,ERR,ERR,ERR,ERR,ERR,ERR,ERR,ERR,ERR,ERR,ERR,ERR,ERR,ERR,ERR,ERR,ERR,ERR,ERR,ERR,ERR,ERR,ERR,ERR,ERR,ERR,ERR,ERR,ERR,ERR,ERR,ERR,ERR,ERR,ERR,ERR,ERR,ERR,ERR,ERR,ERR,ERR,ERR,ERR,ERR,ERR,ERR,ERR,ERR,ERR,ERR,ERR,ERR,ERR,ERR,ERR,ERR,ERR,ERR,0.0,0.0,0.0,0.0,0.0,1.3936040501711995e+18,7.805,0.0,0,0,4,0,7116,0.0,100,0.0,0.0,0.0,0.0,0.0,0,0,0,0,0.0,0,0,0,0,0,0,0,0,0,0,0,0,0,0,0,0,0,0,0,0,0,0,0,0,0,0,0,0,0,0,0,0,0,31,40,40,71,65476,0,300,0,0,8,21553,0.0,-107605600.0,0.0,0.0,0.0,0.0,0.0,0.0,0.0,0.0,0.0,0.0,0.0,0.0,0.0,0.0,0.0,0.0,0.0,0.0,0.0,0.0,-2.004,0.0,-2.004,2.004,0.0,0.0,0.0,0.0,4513.0,0.0,6912.0,0.0,0.0,0.0,-107615304.0,0.0,0.0,0.0,0.0,69,-0.0,5.84804776034314e+35,0.0,0.0,0.0,0.0,0.0,0.0,0.0,0,0,0,0.0,0.0,0.0,0.0,0.0,0.0,0.0,0.0,0.0,0.0,0.0,0.0,0.0,0.0,0.0,0.0,0,-107875648.0,69,0.0,138,0.0,-0.0,0,13107,17085,0,17099,52429,17078,0,0,0,70,68,100,0.0,82.3,-0.0,77.8,-0.0,78.5,1,49,50,180,0,26215,0,0,0.0,0.0,0.0,0.0,-0.0,67.0,0.0,162057.094,0.0,970,0,992,0,0,0,946,0,1015,0,915,0,788,0,778,0,821,0,7520,0.032,2.795834648671604e+19,0.0,0.0,784,16797,-0.0,162057.094,-114818.039,-0.0,0.133,6.909358625270745e+28,30.0,70.0,35,0.0,0.0,0.0,0.0,0.0,0.0,0.0,0.0,0.0,0.0,0.0,0.0,0.0,0.0,0.0,0.0,66.4,0,150,71,51,65476,0,300,0,0,8,20529,65476,0,0,44564,70.0,0.0,0.0,0.0,0.0,0.0
2026-09-10T21:48:18,ERR,ERR,ERR,ERR,ERR,ERR,ERR,ERR,ERR,ERR,ERR,ERR,ERR,ERR,ERR,ERR,ERR,ERR,ERR,ERR,ERR,ERR,ERR,ERR,ERR,ERR,ERR,ERR,ERR,ERR,ERR,ERR,ERR,ERR,ERR,ERR,ERR,ERR,ERR,ERR,ERR,ERR,ERR,ERR,ERR,ERR,ERR,ERR,ERR,ERR,ERR,ERR,ERR,ERR,ERR,ERR,ERR,ERR,ERR,ERR,ERR,ERR,ERR,ERR,ERR,ERR,ERR,ERR,ERR,ERR,ERR,ERR,ERR,ERR,ERR,ERR,ERR,ERR,ERR,ERR,ERR,ERR,ERR,ERR,ERR,ERR,ERR,ERR,ERR,ERR,ERR,ERR,ERR,ERR,ERR,ERR,ERR,ERR,ERR,ERR,ERR,ERR,ERR,ERR,ERR,ERR,ERR,ERR,ERR,ERR,ERR,ERR,ERR,ERR,ERR,ERR,ERR,ERR,ERR,ERR,ERR,ERR,ERR,ERR,ERR,0.0,0.0,0.0,0.0,0.0,1.3936040501711995e+18,7.805,0.0,0,0,4,0,7116,0.0,100,0.0,0.0,0.0,0.0,0.0,0,0,0,0,0.0,0,0,0,0,0,0,0,0,0,0,0,0,0,0,0,0,0,0,0,0,0,0,0,0,0,0,0,0,0,0,0,0,0,31,40,40,71,65476,0,300,0,0,8,21553,0.0,-107605600.0,0.0,0.0,0.0,0.0,0.0,0.0,0.0,0.0,0.0,0.0,0.0,0.0,0.0,0.0,0.0,0.0,0.0,0.0,0.0,0.0,-2.004,0.0,-2.004,2.004,0.0,0.0,0.0,0.0,4513.0,0.0,6912.0,0.0,0.0,0.0,-107615304.0,0.0,0.0,0.0,0.0,69,-0.0,5.84804776034314e+35,0.0,0.0,0.0,0.0,0.0,0.0,0.0,0,0,0,0.0,0.0,0.0,0.0,0.0,0.0,0.0,0.0,0.0,0.0,0.0,0.0,0.0,0.0,0.0,0.0,0,-107875648.0,69,0.0,138,0.0,-0.0,0,13107,17085,0,17099,52429,17078,0,0,0,70,68,100,0.0,82.3,-0.0,77.8,-0.0,78.5,1,49,50,180,0,26215,0,0,0.0,0.0,0.0,0.0,-0.0,67.0,0.0,162057.094,0.0,970,0,992,0,0,0,946,0,1015,0,915,0,788,0,778,0,821,0,7520,0.032,2.795834648671604e+19,0.0,0.0,784,16797,-0.0,162057.094,-114818.039,-0.0,0.133,6.909358625270745e+28,30.0,70.0,35,0.0,0.0,0.0,0.0,0.0,0.0,0.0,0.0,0.0,0.0,0.0,0.0,0.0,0.0,0.0,0.0,66.4,0,150,71,51,65476,0,300,0,0,8,20529,65476,0,0,44564,70.0,0.0,0.0,0.0,0.0,0.0
2026-09-10T21:48:19,ERR,ERR,ERR,ERR,ERR,ERR,ERR,ERR,ERR,ERR,ERR,ERR,ERR,ERR,ERR,ERR,ERR,ERR,ERR,ERR,ERR,ERR,ERR,ERR,ERR,ERR,ERR,ERR,ERR,ERR,ERR,ERR,ERR,ERR,ERR,ERR,ERR,ERR,ERR,ERR,ERR,ERR,ERR,ERR,ERR,ERR,ERR,ERR,ERR,ERR,ERR,ERR,ERR,ERR,ERR,ERR,ERR,ERR,ERR,ERR,ERR,ERR,ERR,ERR,ERR,ERR,ERR,ERR,ERR,ERR,ERR,ERR,ERR,ERR,ERR,ERR,ERR,ERR,ERR,ERR,ERR,ERR,ERR,ERR,ERR,ERR,ERR,ERR,ERR,ERR,ERR,ERR,ERR,ERR,ERR,ERR,ERR,ERR,ERR,ERR,ERR,ERR,ERR,ERR,ERR,ERR,ERR,ERR,ERR,ERR,ERR,ERR,ERR,ERR,ERR,ERR,ERR,ERR,ERR,ERR,ERR,ERR,ERR,ERR,ERR,0.0,0.0,0.0,0.0,0.0,1.3936040501711995e+18,7.805,0.0,0,0,4,0,7116,0.0,100,0.0,0.0,0.0,0.0,0.0,0,0,0,0,0.0,0,0,0,0,0,0,0,0,0,0,0,0,0,0,0,0,0,0,0,0,0,0,0,0,0,0,0,0,0,0,0,0,0,31,40,40,71,65476,0,300,0,0,8,21553,0.0,-107605600.0,0.0,0.0,0.0,0.0,0.0,0.0,0.0,0.0,0.0,0.0,0.0,0.0,0.0,0.0,0.0,0.0,0.0,0.0,0.0,0.0,-2.004,0.0,-2.004,2.004,0.0,0.0,0.0,0.0,4513.0,0.0,6912.0,0.0,0.0,0.0,-107615304.0,0.0,0.0,0.0,0.0,69,-0.0,5.84804776034314e+35,0.0,0.0,0.0,0.0,0.0,0.0,0.0,0,0,0,0.0,0.0,0.0,0.0,0.0,0.0,0.0,0.0,0.0,0.0,0.0,0.0,0.0,0.0,0.0,0.0,0,-107875648.0,69,0.0,138,0.0,-0.0,0,13107,17085,0,17099,52429,17078,0,0,0,70,68,100,0.0,82.3,-0.0,77.8,-0.0,78.5,1,49,50,180,0,26215,0,0,0.0,0.0,0.0,0.0,-0.0,67.0,0.0,162057.094,0.0,970,0,992,0,0,0,946,0,1015,0,915,0,788,0,778,0,821,0,7520,0.032,2.795834648671604e+19,0.0,0.0,784,16797,-0.0,162057.094,-114818.039,-0.0,0.133,6.909358625270745e+28,30.0,70.0,35,0.0,0.0,0.0,0.0,0.0,0.0,0.0,0.0,0.0,0.0,0.0,0.0,0.0,0.0,0.0,0.0,66.8,0,150,71,51,65476,0,300,0,0,8,20529,65476,0,0,44564,70.0,0.0,0.0,0.0,0.0,0.0
2026-09-10T21:48:20,ERR,ERR,ERR,ERR,ERR,ERR,ERR,ERR,ERR,ERR,ERR,ERR,ERR,ERR,ERR,ERR,ERR,ERR,ERR,ERR,ERR,ERR,ERR,ERR,ERR,ERR,ERR,ERR,ERR,ERR,ERR,ERR,ERR,ERR,ERR,ERR,ERR,ERR,ERR,ERR,ERR,ERR,ERR,ERR,ERR,ERR,ERR,ERR,ERR,ERR,ERR,ERR,ERR,ERR,ERR,ERR,ERR,ERR,ERR,ERR,ERR,ERR,ERR,ERR,ERR,ERR,ERR,ERR,ERR,ERR,ERR,ERR,ERR,ERR,ERR,ERR,ERR,ERR,ERR,ERR,ERR,ERR,ERR,ERR,ERR,ERR,ERR,ERR,ERR,ERR,ERR,ERR,ERR,ERR,ERR,ERR,ERR,ERR,ERR,ERR,ERR,ERR,ERR,ERR,ERR,ERR,ERR,ERR,ERR,ERR,ERR,ERR,ERR,ERR,ERR,ERR,ERR,ERR,ERR,ERR,ERR,ERR,ERR,ERR,ERR,0.0,-107615352.0,-0.0,0.0,0.0,1.3936040501711995e+18,7.805,0.0,0,0,4,0,7116,0.0,100,0.0,0.0,0.0,0.0,0.0,0,0,0,0,0.0,0,0,0,0,0,0,0,0,0,0,0,0,0,0,0,0,0,0,0,0,0,0,0,0,0,0,0,0,0,0,0,0,0,31,40,40,71,65476,0,300,0,0,8,21553,0.0,-107605600.0,0.0,0.0,0.0,0.0,0.0,0.0,0.0,0.0,0.0,0.0,0.0,0.0,0.0,0.0,0.0,0.0,0.0,0.0,0.0,0.0,-2.004,0.0,-2.004,0.0,0.0,0.0,0.0,0.0,4519.0,0.0,6915.0,0.0,0.0,0.0,-107615304.0,0.0,0.0,0.0,0.0,69,-0.0,-0.0,0.0,0.0,0.0,0.0,0.0,0.0,0.0,0,0,0,0.0,0.0,0.0,0.0,0.0,0.0,0.0,0.0,0.0,0.0,0.0,0.0,0.0,0.0,0.0,0.0,0,-107875648.0,69,0.0,138,0.0,-0.0,0,13107,17085,0,17099,52429,17078,0,0,0,70,68,100,0.0,82.3,-0.0,77.8,-0.0,78.5,1,49,50,180,0,26215,0,0,0.0,0.0,0.0,0.0,-0.0,67.0,0.0,162057.094,0.0,970,0,992,0,0,0,946,0,1015,0,915,0,788,0,778,0,821,0,7520,0.032,2.795834648671604e+19,0.0,0.0,784,16797,-0.0,162057.094,-114818.039,-0.0,0.133,6.909358625270745e+28,30.0,70.0,35,0.0,0.0,0.0,0.0,0.0,0.0,0.0,0.0,0.0,0.0,0.0,0.0,0.0,0.0,0.0,0.0,66.8,0,150,71,51,65476,0,300,0,0,8,20529,65476,0,0,44564,70.0,0.0,0.0,0.0,0.0,0.0
2026-09-10T21:48:21,ERR,ERR,ERR,ERR,ERR,ERR,ERR,ERR,ERR,ERR,ERR,ERR,ERR,ERR,ERR,ERR,ERR,ERR,ERR,ERR,ERR,ERR,ERR,ERR,ERR,ERR,ERR,ERR,ERR,ERR,ERR,ERR,ERR,ERR,ERR,ERR,ERR,ERR,ERR,ERR,ERR,ERR,ERR,ERR,ERR,ERR,ERR,ERR,ERR,ERR,ERR,ERR,ERR,ERR,ERR,ERR,ERR,ERR,ERR,ERR,ERR,ERR,ERR,ERR,ERR,ERR,ERR,ERR,ERR,ERR,ERR,ERR,ERR,ERR,ERR,ERR,ERR,ERR,ERR,ERR,ERR,ERR,ERR,ERR,ERR,ERR,ERR,ERR,ERR,ERR,ERR,ERR,ERR,ERR,ERR,ERR,ERR,ERR,ERR,ERR,ERR,ERR,ERR,ERR,ERR,ERR,ERR,ERR,ERR,ERR,ERR,ERR,ERR,ERR,ERR,ERR,ERR,ERR,ERR,ERR,ERR,ERR,ERR,ERR,ERR,0.0,-107615352.0,-0.0,0.0,0.0,1.3936040501711995e+18,7.805,0.0,0,0,4,0,7116,0.0,100,0.0,0.0,0.0,0.0,0.0,0,0,0,0,0.0,0,0,0,0,0,0,0,0,0,0,0,0,0,0,0,0,0,0,0,0,0,0,0,0,0,0,0,0,0,0,0,0,0,31,40,40,71,65476,0,300,0,0,8,21553,0.0,-107605600.0,0.0,0.0,0.0,0.0,0.0,0.0,0.0,0.0,0.0,0.0,0.0,0.0,0.0,0.0,0.0,0.0,0.0,0.0,0.0,0.0,-2.004,0.0,-2.004,0.0,0.0,0.0,0.0,0.0,4519.0,0.0,6915.0,0.0,0.0,0.0,-107615304.0,0.0,0.0,0.0,0.0,69,-0.0,-0.0,0.0,0.0,0.0,0.0,0.0,0.0,0.0,0,0,0,0.0,0.0,0.0,0.0,0.0,0.0,0.0,0.0,0.0,0.0,0.0,0.0,0.0,0.0,0.0,0.0,0,-107875648.0,69,0.0,138,0.0,-0.0,0,13107,17085,0,17099,52429,17078,0,0,0,70,68,100,0.0,82.3,-0.0,77.8,-0.0,78.5,1,49,50,180,0,26215,0,0,0.0,0.0,0.0,0.0,-0.0,67.0,0.0,162057.094,0.0,970,0,992,0,0,0,946,0,1015,0,915,0,788,0,778,0,821,0,7520,0.032,2.795834648671604e+19,0.0,0.0,784,16797,-0.0,162057.094,-114818.039,-0.0,0.133,6.909358625270745e+28,30.0,70.0,35,0.0,0.0,0.0,0.0,0.0,0.0,0.0,0.0,0.0,0.0,0.0,0.0,0.0,0.0,0.0,0.0,66.8,0,150,71,51,65476,0,300,0,0,8,20529,65476,0,0,44564,70.0,0.0,0.0,0.0,0.0,0.0
2026-09-10T21:48:22,ERR,ERR,ERR,ERR,ERR,ERR,ERR,ERR,ERR,ERR,ERR,ERR,ERR,ERR,ERR,ERR,ERR,ERR,ERR,ERR,ERR,ERR,ERR,ERR,ERR,ERR,ERR,ERR,ERR,ERR,ERR,ERR,ERR,ERR,ERR,ERR,ERR,ERR,ERR,ERR,ERR,ERR,ERR,ERR,ERR,ERR,ERR,ERR,ERR,ERR,ERR,ERR,ERR,ERR,ERR,ERR,ERR,ERR,ERR,ERR,ERR,ERR,ERR,ERR,ERR,ERR,ERR,ERR,ERR,ERR,ERR,ERR,ERR,ERR,ERR,ERR,ERR,ERR,ERR,ERR,ERR,ERR,ERR,ERR,ERR,ERR,ERR,ERR,ERR,ERR,ERR,ERR,ERR,ERR,ERR,ERR,ERR,ERR,ERR,ERR,ERR,ERR,ERR,ERR,ERR,ERR,ERR,ERR,ERR,ERR,ERR,ERR,ERR,ERR,ERR,ERR,ERR,ERR,ERR,ERR,ERR,ERR,ERR,ERR,ERR,0.0,-107615352.0,-0.0,0.0,0.0,1.3936040501711995e+18,7.805,0.0,0,0,4,0,7116,0.0,100,0.0,0.0,0.0,0.0,0.0,0,0,0,0,0.0,0,0,0,0,0,0,0,0,0,0,0,0,0,0,0,0,0,0,0,0,0,0,0,0,0,0,0,0,0,0,0,0,0,31,40,40,71,65476,0,300,0,0,8,21553,0.0,-107605600.0,0.0,0.0,0.0,0.0,0.0,0.0,0.0,0.0,0.0,0.0,0.0,0.0,0.0,0.0,0.0,0.0,0.0,0.0,0.0,0.0,-2.004,0.0,-2.004,0.0,0.0,0.0,0.0,0.0,4519.0,0.0,6915.0,0.0,0.0,0.0,-107615304.0,0.0,0.0,0.0,0.0,69,-0.0,-0.0,0.0,0.0,0.0,0.0,0.0,0.0,0.0,0,0,0,0.0,0.0,0.0,0.0,0.0,0.0,0.0,0.0,0.0,0.0,0.0,0.0,0.0,0.0,0.0,0.0,0,-107875648.0,69,0.0,138,0.0,-0.0,0,13107,17085,0,17099,52429,17078,0,0,0,70,68,100,0.0,82.3,-0.0,77.8,-0.0,78.5,1,49,50,180,0,26215,0,0,0.0,0.0,0.0,0.0,-0.0,67.0,0.0,162057.094,0.0,970,0,992,0,0,0,946,0,1015,0,915,0,788,0,778,0,821,0,7520,0.032,2.795834648671604e+19,0.0,0.0,784,16797,-0.0,162057.094,-114818.039,-0.0,0.133,6.909358625270745e+28,30.0,70.0,35,0.0,0.0,0.0,0.0,0.0,0.0,0.0,0.0,0.0,0.0,0.0,0.0,0.0,0.0,0.0,0.0,66.8,0,150,71,51,65476,0,300,0,0,8,20529,65476,0,0,44564,70.0,0.0,0.0,0.0,0.0,0.0
2026-09-10T21:48:23,ERR,ERR,ERR,ERR,ERR,ERR,ERR,ERR,ERR,ERR,ERR,ERR,ERR,ERR,ERR,ERR,ERR,ERR,ERR,ERR,ERR,ERR,ERR,ERR,ERR,ERR,ERR,ERR,ERR,ERR,ERR,ERR,ERR,ERR,ERR,ERR,ERR,ERR,ERR,ERR,ERR,ERR,ERR,ERR,ERR,ERR,ERR,ERR,ERR,ERR,ERR,ERR,ERR,ERR,ERR,ERR,ERR,ERR,ERR,ERR,ERR,ERR,ERR,ERR,ERR,ERR,ERR,ERR,ERR,ERR,ERR,ERR,ERR,ERR,ERR,ERR,ERR,ERR,ERR,ERR,ERR,ERR,ERR,ERR,ERR,ERR,ERR,ERR,ERR,ERR,ERR,ERR,ERR,ERR,ERR,ERR,ERR,ERR,ERR,ERR,ERR,ERR,ERR,ERR,ERR,ERR,ERR,ERR,ERR,ERR,ERR,ERR,ERR,ERR,ERR,ERR,ERR,ERR,ERR,ERR,ERR,ERR,ERR,ERR,ERR,0.0,-107615352.0,-0.0,0.0,0.0,1.3936040501711995e+18,7.805,0.0,0,0,4,0,7116,0.0,100,0.0,0.0,0.0,0.0,0.0,0,0,0,0,0.0,0,0,0,0,0,0,0,0,0,0,0,0,0,0,0,0,0,0,0,0,0,0,0,0,0,0,0,0,0,0,0,0,0,31,40,40,71,65476,0,300,0,0,8,21553,0.0,-107605600.0,0.0,0.0,0.0,0.0,0.0,0.0,0.0,0.0,0.0,0.0,0.0,0.0,0.0,0.0,0.0,0.0,0.0,0.0,0.0,0.0,-2.004,0.0,-2.004,0.0,0.0,0.0,0.0,0.0,4519.0,0.0,6915.0,0.0,0.0,0.0,-107615304.0,0.0,0.0,0.0,0.0,69,-0.0,-0.0,0.0,0.0,0.0,0.0,0.0,0.0,0.0,0,0,0,0.0,0.0,0.0,0.0,0.0,0.0,0.0,0.0,0.0,0.0,0.0,0.0,0.0,0.0,0.0,0.0,0,-107875648.0,69,0.0,138,0.0,-0.0,0,13107,17085,0,17099,0,17079,0,0,0,70,68,100,0.0,82.3,-0.0,77.8,-0.0,78.5,1,49,50,180,0,26215,0,0,0.0,0.0,0.0,0.0,-0.0,67.0,0.0,162057.094,0.0,970,0,992,0,0,0,946,0,1015,0,915,0,788,0,778,0,821,0,7520,0.032,2.8102461674791895e+19,0.0,0.0,784,16797,-0.0,162057.094,-114818.039,-0.0,0.133,6.909358625270745e+28,30.0,70.0,35,0.0,0.0,0.0,0.0,0.0,0.0,0.0,0.0,0.0,0.0,0.0,0.0,0.0,0.0,0.0,0.0,66.8,0,150,71,51,65476,0,300,0,0,8,20529,65476,0,0,44564,70.0,0.0,0.0,0.0,0.0,0.0
2026-09-10T21:48:24,ERR,ERR,ERR,ERR,ERR,ERR,ERR,ERR,ERR,ERR,ERR,ERR,ERR,ERR,ERR,ERR,ERR,ERR,ERR,ERR,ERR,ERR,ERR,ERR,ERR,ERR,ERR,ERR,ERR,ERR,ERR,ERR,ERR,ERR,ERR,ERR,ERR,ERR,ERR,ERR,ERR,ERR,ERR,ERR,ERR,ERR,ERR,ERR,ERR,ERR,ERR,ERR,ERR,ERR,ERR,ERR,ERR,ERR,ERR,ERR,ERR,ERR,ERR,ERR,ERR,ERR,ERR,ERR,ERR,ERR,ERR,ERR,ERR,ERR,ERR,ERR,ERR,ERR,ERR,ERR,ERR,ERR,ERR,ERR,ERR,ERR,ERR,ERR,ERR,ERR,ERR,ERR,ERR,ERR,ERR,ERR,ERR,ERR,ERR,ERR,ERR,ERR,ERR,ERR,ERR,ERR,ERR,ERR,ERR,ERR,ERR,ERR,ERR,ERR,ERR,ERR,ERR,ERR,ERR,ERR,ERR,ERR,ERR,ERR,ERR,0.0,-107615352.0,-0.0,0.0,0.0,1.3936040501711995e+18,7.805,0.0,0,0,4,0,7116,0.0,100,0.0,0.0,0.0,0.0,0.0,0,0,0,0,0.0,0,0,0,0,0,0,0,0,0,0,0,0,0,0,0,0,0,0,0,0,0,0,0,0,0,0,0,0,0,0,0,0,0,31,40,40,71,65476,0,300,0,0,8,21553,0.0,-107605600.0,0.0,0.0,0.0,0.0,0.0,0.0,0.0,0.0,0.0,0.0,0.0,0.0,0.0,0.0,0.0,0.0,0.0,0.0,0.0,0.0,-2.004,0.0,-2.004,0.0,0.0,0.0,0.0,0.0,4519.0,0.0,6915.0,0.0,0.0,0.0,-107615304.0,0.0,0.0,0.0,0.0,69,-0.0,-0.0,0.0,0.0,0.0,0.0,0.0,0.0,0.0,0,0,0,0.0,0.0,0.0,0.0,0.0,0.0,0.0,0.0,0.0,0.0,0.0,0.0,0.0,0.0,0.0,0.0,0,-107875648.0,69,0.0,138,0.0,-0.0,0,13107,17085,0,17099,0,17079,0,0,0,70,68,100,0.0,82.3,-0.0,77.8,-0.0,78.5,1,49,50,180,0,26215,0,0,0.0,0.0,0.0,0.0,-0.0,67.0,0.0,162057.094,0.0,970,0,992,0,0,0,946,0,1015,0,915,0,788,0,778,0,821,0,7520,0.032,2.8102461674791895e+19,0.0,0.0,784,16797,-0.0,162057.094,-114818.039,-0.0,0.133,6.909358625270745e+28,30.0,70.0,35,0.0,0.0,0.0,0.0,0.0,0.0,0.0,0.0,0.0,0.0,0.0,0.0,0.0,0.0,0.0,0.0,66.8,0,150,71,51,65476,0,300,0,0,8,20529,65476,0,0,44564,70.0,0.0,0.0,0.0,0.0,0.0
2026-09-10T21:48:25,ERR,ERR,ERR,ERR,ERR,ERR,ERR,ERR,ERR,ERR,ERR,ERR,ERR,ERR,ERR,ERR,ERR,ERR,ERR,ERR,ERR,ERR,ERR,ERR,ERR,ERR,ERR,ERR,ERR,ERR,ERR,ERR,ERR,ERR,ERR,ERR,ERR,ERR,ERR,ERR,ERR,ERR,ERR,ERR,ERR,ERR,ERR,ERR,ERR,ERR,ERR,ERR,ERR,ERR,ERR,ERR,ERR,ERR,ERR,ERR,ERR,ERR,ERR,ERR,ERR,ERR,ERR,ERR,ERR,ERR,ERR,ERR,ERR,ERR,ERR,ERR,ERR,ERR,ERR,ERR,ERR,ERR,ERR,ERR,ERR,ERR,ERR,ERR,ERR,ERR,ERR,ERR,ERR,ERR,ERR,ERR,ERR,ERR,ERR,ERR,ERR,ERR,ERR,ERR,ERR,ERR,ERR,ERR,ERR,ERR,ERR,ERR,ERR,ERR,ERR,ERR,ERR,ERR,ERR,ERR,ERR,ERR,ERR,ERR,ERR,0.0,-107615352.0,-0.0,0.0,0.0,1.3936040501711995e+18,7.805,0.0,0,0,4,0,7116,0.0,100,0.0,0.0,0.0,0.0,0.0,0,0,0,0,0.0,0,0,0,0,0,0,0,0,0,0,0,0,0,0,0,0,0,0,0,0,0,0,0,0,0,0,0,0,0,0,0,0,0,31,40,40,71,65476,0,300,0,0,8,21553,0.0,-107605600.0,0.0,0.0,0.0,0.0,0.0,0.0,0.0,0.0,0.0,0.0,0.0,0.0,0.0,0.0,0.0,0.0,0.0,0.0,0.0,0.0,-2.004,0.0,-2.004,0.0,0.0,0.0,0.0,0.0,4519.0,0.0,6915.0,0.0,0.0,0.0,-107615304.0,0.0,0.0,0.0,0.0,69,-0.0,-0.0,0.0,0.0,0.0,0.0,0.0,0.0,0.0,0,0,0,0.0,0.0,0.0,0.0,0.0,0.0,0.0,0.0,0.0,0.0,0.0,0.0,0.0,0.0,0.0,0.0,0,-107875648.0,69,0.0,138,0.0,-0.0,0,13107,17085,0,17099,0,17079,0,0,0,70,68,100,0.0,82.3,-0.0,77.8,-0.0,78.5,1,49,50,180,0,26215,0,0,0.0,0.0,0.0,0.0,-0.0,67.0,0.0,162057.094,0.0,970,0,992,0,0,0,946,0,1015,0,915,0,788,0,778,0,821,0,7520,0.032,2.8102461674791895e+19,0.0,0.0,784,16797,-0.0,162057.094,-114818.039,-0.0,0.133,6.909358625270745e+28,30.0,70.0,35,0.0,0.0,0.0,0.0,0.0,0.0,0.0,0.0,0.0,0.0,0.0,0.0,0.0,0.0,0.0,0.0,66.4,0,150,71,51,65476,0,300,0,0,8,20529,65476,0,0,44564,70.0,0.0,0.0,0.0,0.0,0.0
2026-09-10T21:48:26,ERR,ERR,ERR,ERR,ERR,ERR,ERR,ERR,ERR,ERR,ERR,ERR,ERR,ERR,ERR,ERR,ERR,ERR,ERR,ERR,ERR,ERR,ERR,ERR,ERR,ERR,ERR,ERR,ERR,ERR,ERR,ERR,ERR,ERR,ERR,ERR,ERR,ERR,ERR,ERR,ERR,ERR,ERR,ERR,ERR,ERR,ERR,ERR,ERR,ERR,ERR,ERR,ERR,ERR,ERR,ERR,ERR,ERR,ERR,ERR,ERR,ERR,ERR,ERR,ERR,ERR,ERR,ERR,ERR,ERR,ERR,ERR,ERR,ERR,ERR,ERR,ERR,ERR,ERR,ERR,ERR,ERR,ERR,ERR,ERR,ERR,ERR,ERR,ERR,ERR,ERR,ERR,ERR,ERR,ERR,ERR,ERR,ERR,ERR,ERR,ERR,ERR,ERR,ERR,ERR,ERR,ERR,ERR,ERR,ERR,ERR,ERR,ERR,ERR,ERR,ERR,ERR,ERR,ERR,ERR,ERR,ERR,ERR,ERR,ERR,0.0,-107615352.0,-0.0,0.0,0.0,1.3936040501711995e+18,7.805,0.0,0,0,4,0,7116,0.0,100,0.0,0.0,0.0,0.0,0.0,0,0,0,0,0.0,0,0,0,0,0,0,0,0,0,0,0,0,0,0,0,0,0,0,0,0,0,0,0,0,0,0,0,0,0,0,0,0,0,31,40,40,71,65476,0,300,0,0,8,21553,0.0,-107605600.0,0.0,0.0,0.0,0.0,0.0,0.0,0.0,0.0,0.0,0.0,0.0,0.0,0.0,0.0,0.0,0.0,0.0,0.0,0.0,0.0,-2.004,0.0,-2.004,0.0,0.0,0.0,0.0,0.0,4519.0,0.0,6915.0,0.0,0.0,0.0,-107615304.0,0.0,0.0,0.0,0.0,69,-0.0,-0.0,0.0,0.0,0.0,0.0,0.0,0.0,0.0,0,0,0,0.0,0.0,0.0,0.0,0.0,0.0,0.0,0.0,0.0,0.0,0.0,0.0,0.0,0.0,0.0,0.0,0,-107875648.0,69,0.0,138,0.0,-0.0,0,13107,17085,0,17099,0,17079,0,0,0,70,68,100,0.0,82.3,-0.0,77.8,-0.0,78.5,1,49,50,180,0,26215,0,0,0.0,0.0,0.0,0.0,-0.0,67.0,0.0,162057.094,0.0,970,0,992,0,0,0,946,0,1015,0,915,0,788,0,778,0,821,0,7520,0.032,2.8102461674791895e+19,0.0,0.0,784,16797,-0.0,162057.094,-114818.039,-0.0,0.133,6.909358625270745e+28,30.0,70.0,35,0.0,0.0,0.0,0.0,0.0,0.0,0.0,0.0,0.0,0.0,0.0,0.0,0.0,0.0,0.0,0.0,66.4,0,150,71,51,65476,0,300,0,0,8,20529,65476,0,0,44564,70.0,0.0,0.0,0.0,0.0,0.0
2026-09-10T21:48:27,ERR,ERR,ERR,ERR,ERR,ERR,ERR,ERR,ERR,ERR,ERR,ERR,ERR,ERR,ERR,ERR,ERR,ERR,ERR,ERR,ERR,ERR,ERR,ERR,ERR,ERR,ERR,ERR,ERR,ERR,ERR,ERR,ERR,ERR,ERR,ERR,ERR,ERR,ERR,ERR,ERR,ERR,ERR,ERR,ERR,ERR,ERR,ERR,ERR,ERR,ERR,ERR,ERR,ERR,ERR,ERR,ERR,ERR,ERR,ERR,ERR,ERR,ERR,ERR,ERR,ERR,ERR,ERR,ERR,ERR,ERR,ERR,ERR,ERR,ERR,ERR,ERR,ERR,ERR,ERR,ERR,ERR,ERR,ERR,ERR,ERR,ERR,ERR,ERR,ERR,ERR,ERR,ERR,ERR,ERR,ERR,ERR,ERR,ERR,ERR,ERR,ERR,ERR,ERR,ERR,ERR,ERR,ERR,ERR,ERR,ERR,ERR,ERR,ERR,ERR,ERR,ERR,ERR,ERR,ERR,ERR,ERR,ERR,ERR,ERR,0.0,-107615352.0,-0.0,0.0,0.0,1.3936040501711995e+18,7.805,0.0,0,0,4,0,7116,0.0,100,0.0,0.0,0.0,0.0,0.0,0,0,0,0,0.0,0,0,0,0,0,0,0,0,0,0,0,0,0,0,0,0,0,0,0,0,0,0,0,0,0,0,0,0,0,0,0,0,0,31,40,40,71,65476,0,300,0,0,8,21553,0.0,-107605600.0,0.0,0.0,0.0,0.0,0.0,0.0,0.0,0.0,0.0,0.0,0.0,0.0,0.0,0.0,0.0,0.0,0.0,0.0,0.0,0.0,-2.004,0.0,-2.004,0.0,0.0,0.0,0.0,0.0,4519.0,0.0,6915.0,0.0,0.0,0.0,-107615304.0,0.0,0.0,0.0,0.0,69,-0.0,-0.0,0.0,0.0,0.0,0.0,0.0,0.0,0.0,0,0,0,0.0,0.0,0.0,0.0,0.0,0.0,0.0,0.0,0.0,0.0,0.0,0.0,0.0,0.0,0.0,0.0,0,-107875648.0,69,0.0,138,0.0,-0.0,0,13107,17085,0,17099,0,17079,0,0,0,70,68,100,0.0,82.3,-0.0,77.8,-0.0,78.5,1,49,50,180,0,26215,0,0,0.0,0.0,0.0,0.0,-0.0,67.0,0.0,162057.094,0.0,970,0,992,0,0,0,946,0,1015,0,915,0,788,0,778,0,821,0,7520,0.032,2.8102461674791895e+19,0.0,0.0,784,16797,-0.0,162057.094,-114818.039,-0.0,0.133,6.909358625270745e+28,30.0,70.0,35,0.0,0.0,0.0,0.0,0.0,0.0,0.0,0.0,0.0,0.0,0.0,0.0,0.0,0.0,0.0,0.0,66.4,0,150,71,51,65476,0,300,0,0,8,20529,65476,0,0,44564,70.0,0.0,0.0,0.0,0.0,0.0
2026-09-10T21:48:28,ERR,ERR,ERR,ERR,ERR,ERR,ERR,ERR,ERR,ERR,ERR,ERR,ERR,ERR,ERR,ERR,ERR,ERR,ERR,ERR,ERR,ERR,ERR,ERR,ERR,ERR,ERR,ERR,ERR,ERR,ERR,ERR,ERR,ERR,ERR,ERR,ERR,ERR,ERR,ERR,ERR,ERR,ERR,ERR,ERR,ERR,ERR,ERR,ERR,ERR,ERR,ERR,ERR,ERR,ERR,ERR,ERR,ERR,ERR,ERR,ERR,ERR,ERR,ERR,ERR,ERR,ERR,ERR,ERR,ERR,ERR,ERR,ERR,ERR,ERR,ERR,ERR,ERR,ERR,ERR,ERR,ERR,ERR,ERR,ERR,ERR,ERR,ERR,ERR,ERR,ERR,ERR,ERR,ERR,ERR,ERR,ERR,ERR,ERR,ERR,ERR,ERR,ERR,ERR,ERR,ERR,ERR,ERR,ERR,ERR,ERR,ERR,ERR,ERR,ERR,ERR,ERR,ERR,ERR,ERR,ERR,ERR,ERR,ERR,ERR,0.0,0.0,0.0,0.0,0.0,1.3936040501711995e+18,7.805,0.0,0,0,4,0,7116,0.0,100,0.0,0.0,0.0,0.0,0.0,0,0,0,0,0.0,0,0,0,0,0,0,0,0,0,0,0,0,0,0,0,0,0,0,0,0,0,0,0,0,0,0,0,0,0,0,0,0,0,31,40,40,71,65476,0,300,0,0,8,21553,0.0,-107605600.0,0.0,0.0,0.0,0.0,0.0,0.0,0.0,0.0,0.0,0.0,0.0,0.0,0.0,0.0,0.0,0.0,0.0,0.0,0.0,0.0,-2.004,0.0,-2.004,0.0,0.0,0.0,0.0,0.0,4514.0,0.0,6917.0,0.0,0.0,0.0,-0.0,0.0,0.0,0.0,0.0,69,-0.0,-0.0,0.0,0.0,0.0,0.0,0.0,0.0,0.0,0,0,0,0.0,0.0,0.0,0.0,0.0,0.0,0.0,0.0,0.0,0.0,0.0,0.0,0.0,0.0,0.0,0.0,0,-107875648.0,69,0.0,138,0.0,-0.0,0,13107,17085,0,17099,0,17079,0,0,0,70,68,100,0.0,82.3,-0.0,77.8,-0.0,78.5,1,49,50,180,0,26215,0,0,0.0,0.0,0.0,0.0,-0.0,67.0,0.0,162057.094,0.0,970,0,992,0,0,0,946,0,1015,0,915,0,788,0,778,0,821,0,7520,0.032,2.8102461674791895e+19,0.0,0.0,784,16797,-0.0,162057.094,-114818.039,-0.0,0.133,6.909358625270745e+28,30.0,70.0,35,0.0,0.0,0.0,0.0,0.0,0.0,0.0,0.0,0.0,0.0,0.0,0.0,0.0,0.0,0.0,0.0,66.4,0,150,71,51,65476,0,300,0,0,8,20529,65476,0,0,44564,70.0,0.0,0.0,0.0,0.0,0.0
2026-09-10T21:48:29,ERR,ERR,ERR,ERR,ERR,ERR,ERR,ERR,ERR,ERR,ERR,ERR,ERR,ERR,ERR,ERR,ERR,ERR,ERR,ERR,ERR,ERR,ERR,ERR,ERR,ERR,ERR,ERR,ERR,ERR,ERR,ERR,ERR,ERR,ERR,ERR,ERR,ERR,ERR,ERR,ERR,ERR,ERR,ERR,ERR,ERR,ERR,ERR,ERR,ERR,ERR,ERR,ERR,ERR,ERR,ERR,ERR,ERR,ERR,ERR,ERR,ERR,ERR,ERR,ERR,ERR,ERR,ERR,ERR,ERR,ERR,ERR,ERR,ERR,ERR,ERR,ERR,ERR,ERR,ERR,ERR,ERR,ERR,ERR,ERR,ERR,ERR,ERR,ERR,ERR,ERR,ERR,ERR,ERR,ERR,ERR,ERR,ERR,ERR,ERR,ERR,ERR,ERR,ERR,ERR,ERR,ERR,ERR,ERR,ERR,ERR,ERR,ERR,ERR,ERR,ERR,ERR,ERR,ERR,ERR,ERR,ERR,ERR,ERR,ERR,0.0,0.0,0.0,0.0,0.0,1.3936040501711995e+18,7.805,0.0,0,0,4,0,7116,0.0,100,0.0,0.0,0.0,0.0,0.0,0,0,0,0,0.0,0,0,0,0,0,0,0,0,0,0,0,0,0,0,0,0,0,0,0,0,0,0,0,0,0,0,0,0,0,0,0,0,0,31,40,40,71,65476,0,300,0,0,8,21553,0.0,-107605600.0,0.0,0.0,0.0,0.0,0.0,0.0,0.0,0.0,0.0,0.0,0.0,0.0,0.0,0.0,0.0,0.0,0.0,0.0,0.0,0.0,-2.004,0.0,-2.004,0.0,0.0,0.0,0.0,0.0,4514.0,0.0,6917.0,0.0,0.0,0.0,-0.0,0.0,0.0,0.0,0.0,69,-0.0,-0.0,0.0,0.0,0.0,0.0,0.0,0.0,0.0,0,0,0,0.0,0.0,0.0,0.0,0.0,0.0,0.0,0.0,0.0,0.0,0.0,0.0,0.0,0.0,0.0,0.0,0,-107875648.0,69,0.0,138,0.0,-0.0,0,13107,17085,0,17099,0,17079,0,0,0,70,68,100,0.0,82.3,-0.0,77.8,-0.0,78.5,1,49,50,180,0,26215,0,0,0.0,0.0,0.0,0.0,-0.0,67.0,0.0,162057.094,0.0,970,0,992,0,0,0,946,0,1015,0,915,0,788,0,778,0,821,0,7520,0.032,2.8102461674791895e+19,0.0,0.0,784,16797,-0.0,162057.094,-114818.039,-0.0,0.133,6.909358625270745e+28,30.0,70.0,35,0.0,0.0,0.0,0.0,0.0,0.0,0.0,0.0,0.0,0.0,0.0,0.0,0.0,0.0,0.0,0.0,66.4,0,150,71,51,65476,0,300,0,0,8,20529,65476,0,0,44564,70.0,0.0,0.0,0.0,0.0,0.0
2026-09-10T21:48:30,ERR,ERR,ERR,ERR,ERR,ERR,ERR,ERR,ERR,ERR,ERR,ERR,ERR,ERR,ERR,ERR,ERR,ERR,ERR,ERR,ERR,ERR,ERR,ERR,ERR,ERR,ERR,ERR,ERR,ERR,ERR,ERR,ERR,ERR,ERR,ERR,ERR,ERR,ERR,ERR,ERR,ERR,ERR,ERR,ERR,ERR,ERR,ERR,ERR,ERR,ERR,ERR,ERR,ERR,ERR,ERR,ERR,ERR,ERR,ERR,ERR,ERR,ERR,ERR,ERR,ERR,ERR,ERR,ERR,ERR,ERR,ERR,ERR,ERR,ERR,ERR,ERR,ERR,ERR,ERR,ERR,ERR,ERR,ERR,ERR,ERR,ERR,ERR,ERR,ERR,ERR,ERR,ERR,ERR,ERR,ERR,ERR,ERR,ERR,ERR,ERR,ERR,ERR,ERR,ERR,ERR,ERR,ERR,ERR,ERR,ERR,ERR,ERR,ERR,ERR,ERR,ERR,ERR,ERR,ERR,ERR,ERR,ERR,ERR,ERR,0.0,0.0,0.0,0.0,0.0,1.3936040501711995e+18,7.805,0.0,0,0,4,0,7116,0.0,100,0.0,0.0,0.0,0.0,0.0,0,0,0,0,0.0,0,0,0,0,0,0,0,0,0,0,0,0,0,0,0,0,0,0,0,0,0,0,0,0,0,0,0,0,0,0,0,0,0,31,40,40,71,65476,0,300,0,0,8,21553,0.0,-107605600.0,0.0,0.0,0.0,0.0,0.0,0.0,0.0,0.0,0.0,0.0,0.0,0.0,0.0,0.0,0.0,0.0,0.0,0.0,0.0,0.0,-2.004,0.0,-2.004,0.0,0.0,0.0,0.0,0.0,4514.0,0.0,6917.0,0.0,0.0,0.0,-0.0,0.0,0.0,0.0,0.0,69,-0.0,-0.0,0.0,0.0,0.0,0.0,0.0,0.0,0.0,0,0,0,0.0,0.0,0.0,0.0,0.0,0.0,0.0,0.0,0.0,0.0,0.0,0.0,0.0,0.0,0.0,0.0,0,-107875648.0,69,0.0,138,0.0,-0.0,0,13107,17085,0,17099,0,17079,0,0,0,70,68,100,0.0,82.3,-0.0,77.8,-0.0,78.5,1,49,50,180,0,26215,0,0,0.0,0.0,0.0,0.0,-0.0,67.0,0.0,162057.094,0.0,970,0,992,0,0,0,946,0,1015,0,915,0,788,0,778,0,821,0,7520,0.032,2.8102461674791895e+19,0.0,0.0,784,16797,-0.0,162057.094,-114818.039,-0.0,0.133,6.909358625270745e+28,30.0,70.0,35,0.0,0.0,0.0,0.0,0.0,0.0,0.0,0.0,0.0,0.0,0.0,0.0,0.0,0.0,0.0,0.0,66.4,0,150,71,51,65476,0,300,0,0,8,20529,65476,0,0,44564,70.0,0.0,0.0,0.0,0.0,0.0
2026-09-10T21:48:31,ERR,ERR,ERR,ERR,ERR,ERR,ERR,ERR,ERR,ERR,ERR,ERR,ERR,ERR,ERR,ERR,ERR,ERR,ERR,ERR,ERR,ERR,ERR,ERR,ERR,ERR,ERR,ERR,ERR,ERR,ERR,ERR,ERR,ERR,ERR,ERR,ERR,ERR,ERR,ERR,ERR,ERR,ERR,ERR,ERR,ERR,ERR,ERR,ERR,ERR,ERR,ERR,ERR,ERR,ERR,ERR,ERR,ERR,ERR,ERR,ERR,ERR,ERR,ERR,ERR,ERR,ERR,ERR,ERR,ERR,ERR,ERR,ERR,ERR,ERR,ERR,ERR,ERR,ERR,ERR,ERR,ERR,ERR,ERR,ERR,ERR,ERR,ERR,ERR,ERR,ERR,ERR,ERR,ERR,ERR,ERR,ERR,ERR,ERR,ERR,ERR,ERR,ERR,ERR,ERR,ERR,ERR,ERR,ERR,ERR,ERR,ERR,ERR,ERR,ERR,ERR,ERR,ERR,ERR,ERR,ERR,ERR,ERR,ERR,ERR,0.0,0.0,0.0,0.0,0.0,1.3936040501711995e+18,7.805,0.0,0,0,4,0,7116,0.0,100,0.0,0.0,0.0,0.0,0.0,0,0,0,0,0.0,0,0,0,0,0,0,0,0,0,0,0,0,0,0,0,0,0,0,0,0,0,0,0,0,0,0,0,0,0,0,0,0,0,31,40,40,71,65476,0,300,0,0,8,21553,0.0,-107605600.0,0.0,0.0,0.0,0.0,0.0,0.0,0.0,0.0,0.0,0.0,0.0,0.0,0.0,0.0,0.0,0.0,0.0,0.0,0.0,0.0,-2.004,0.0,-2.004,0.0,0.0,0.0,0.0,0.0,4514.0,0.0,6917.0,0.0,0.0,0.0,-0.0,0.0,0.0,0.0,0.0,69,-0.0,-0.0,0.0,0.0,0.0,0.0,0.0,0.0,0.0,0,0,0,0.0,0.0,0.0,0.0,0.0,0.0,0.0,0.0,0.0,0.0,0.0,0.0,0.0,0.0,0.0,0.0,0,-107875648.0,69,0.0,138,0.0,-0.0,0,13107,17085,0,17099,0,17079,0,0,0,70,68,100,0.0,82.3,-0.0,77.8,-0.0,78.5,1,49,50,180,0,26215,0,0,0.0,0.0,0.0,0.0,-0.0,67.0,0.0,162057.094,0.0,970,0,992,0,0,0,946,0,1015,0,915,0,788,0,778,0,821,0,7520,0.032,2.8102461674791895e+19,0.0,0.0,784,16797,-0.0,162057.094,-114818.039,-0.0,0.133,6.909358625270745e+28,30.0,70.0,35,0.0,0.0,0.0,0.0,0.0,0.0,0.0,0.0,0.0,0.0,0.0,0.0,0.0,0.0,0.0,0.0,66.4,0,150,71,51,65476,0,300,0,0,8,20529,65476,0,0,44564,70.0,0.0,0.0,0.0,0.0,0.0
2026-09-10T21:48:32,ERR,ERR,ERR,ERR,ERR,ERR,ERR,ERR,ERR,ERR,ERR,ERR,ERR,ERR,ERR,ERR,ERR,ERR,ERR,ERR,ERR,ERR,ERR,ERR,ERR,ERR,ERR,ERR,ERR,ERR,ERR,ERR,ERR,ERR,ERR,ERR,ERR,ERR,ERR,ERR,ERR,ERR,ERR,ERR,ERR,ERR,ERR,ERR,ERR,ERR,ERR,ERR,ERR,ERR,ERR,ERR,ERR,ERR,ERR,ERR,ERR,ERR,ERR,ERR,ERR,ERR,ERR,ERR,ERR,ERR,ERR,ERR,ERR,ERR,ERR,ERR,ERR,ERR,ERR,ERR,ERR,ERR,ERR,ERR,ERR,ERR,ERR,ERR,ERR,ERR,ERR,ERR,ERR,ERR,ERR,ERR,ERR,ERR,ERR,ERR,ERR,ERR,ERR,ERR,ERR,ERR,ERR,ERR,ERR,ERR,ERR,ERR,ERR,ERR,ERR,ERR,ERR,ERR,ERR,ERR,ERR,ERR,ERR,ERR,ERR,0.0,0.0,0.0,0.0,0.0,1.3936040501711995e+18,7.805,0.0,0,0,4,0,7116,0.0,100,0.0,0.0,0.0,0.0,0.0,0,0,0,0,0.0,0,0,0,0,0,0,0,0,0,0,0,0,0,0,0,0,0,0,0,0,0,0,0,0,0,0,0,0,0,0,0,0,0,31,40,40,71,65476,0,300,0,0,8,21553,0.0,-107605600.0,0.0,0.0,0.0,0.0,0.0,0.0,0.0,0.0,0.0,0.0,0.0,0.0,0.0,0.0,0.0,0.0,0.0,0.0,0.0,0.0,-2.004,0.0,-2.004,0.0,0.0,0.0,0.0,0.0,4514.0,0.0,6917.0,0.0,0.0,0.0,-0.0,0.0,0.0,0.0,0.0,69,-0.0,-0.0,0.0,0.0,0.0,0.0,0.0,0.0,0.0,0,0,0,0.0,0.0,0.0,0.0,0.0,0.0,0.0,0.0,0.0,0.0,0.0,0.0,0.0,0.0,0.0,0.0,0,-107875648.0,69,0.0,138,0.0,-0.0,0,13107,17085,0,17099,0,17079,0,0,0,70,68,100,0.0,82.3,-0.0,77.8,-0.0,78.5,1,49,50,180,0,26215,0,0,0.0,0.0,0.0,0.0,-0.0,67.0,0.0,162057.094,0.0,970,0,992,0,0,0,946,0,1015,0,915,0,788,0,778,0,821,0,7520,0.032,2.8102461674791895e+19,0.0,0.0,784,16797,-0.0,162057.094,-114818.039,-0.0,0.133,6.909358625270745e+28,30.0,70.0,35,0.0,0.0,0.0,0.0,0.0,0.0,0.0,0.0,0.0,0.0,0.0,0.0,0.0,0.0,0.0,0.0,66.4,0,150,71,51,65476,0,300,0,0,8,20529,65476,0,0,44564,70.0,0.0,0.0,0.0,0.0,0.0
2026-09-10T21:48:33,ERR,ERR,ERR,ERR,ERR,ERR,ERR,ERR,ERR,ERR,ERR,ERR,ERR,ERR,ERR,ERR,ERR,ERR,ERR,ERR,ERR,ERR,ERR,ERR,ERR,ERR,ERR,ERR,ERR,ERR,ERR,ERR,ERR,ERR,ERR,ERR,ERR,ERR,ERR,ERR,ERR,ERR,ERR,ERR,ERR,ERR,ERR,ERR,ERR,ERR,ERR,ERR,ERR,ERR,ERR,ERR,ERR,ERR,ERR,ERR,ERR,ERR,ERR,ERR,ERR,ERR,ERR,ERR,ERR,ERR,ERR,ERR,ERR,ERR,ERR,ERR,ERR,ERR,ERR,ERR,ERR,ERR,ERR,ERR,ERR,ERR,ERR,ERR,ERR,ERR,ERR,ERR,ERR,ERR,ERR,ERR,ERR,ERR,ERR,ERR,ERR,ERR,ERR,ERR,ERR,ERR,ERR,ERR,ERR,ERR,ERR,ERR,ERR,ERR,ERR,ERR,ERR,ERR,ERR,ERR,ERR,ERR,ERR,ERR,ERR,0.0,0.0,0.0,0.0,0.0,1.3936040501711995e+18,7.805,0.0,0,0,4,0,7116,0.0,100,0.0,0.0,0.0,0.0,0.0,0,0,0,0,0.0,0,0,0,0,0,0,0,0,0,0,0,0,0,0,0,0,0,0,0,0,0,0,0,0,0,0,0,0,0,0,0,0,0,31,40,40,71,65476,0,300,0,0,8,21553,0.0,-107605600.0,0.0,0.0,0.0,0.0,0.0,0.0,0.0,0.0,0.0,0.0,0.0,0.0,0.0,0.0,0.0,0.0,0.0,0.0,0.0,0.0,-2.004,0.0,-2.004,0.0,0.0,0.0,0.0,0.0,4514.0,0.0,6917.0,0.0,0.0,0.0,-0.0,0.0,0.0,0.0,0.0,69,-0.0,-0.0,0.0,0.0,0.0,0.0,0.0,0.0,0.0,0,0,0,0.0,0.0,0.0,0.0,0.0,0.0,0.0,0.0,0.0,0.0,0.0,0.0,0.0,0.0,0.0,0.0,0,-107875648.0,69,0.0,138,0.0,-0.0,0,13107,17085,0,17099,0,17079,0,0,0,70,68,100,0.0,82.3,-0.0,77.8,-0.0,78.5,1,49,50,180,0,26215,0,0,0.0,0.0,0.0,0.0,-0.0,67.0,0.0,162057.094,0.0,970,0,992,0,0,0,946,0,1015,0,915,0,788,0,778,0,821,0,7520,0.032,2.8102461674791895e+19,0.0,0.0,784,16797,-0.0,162057.094,-114818.039,-0.0,0.133,6.909358625270745e+28,30.0,70.0,35,0.0,0.0,0.0,0.0,0.0,0.0,0.0,0.0,0.0,0.0,0.0,0.0,0.0,0.0,0.0,0.0,66.8,0,150,71,51,65476,0,300,0,0,8,20529,65476,0,0,44564,70.0,0.0,0.0,0.0,0.0,0.0
2026-09-10T21:48:34,ERR,ERR,ERR,ERR,ERR,ERR,ERR,ERR,ERR,ERR,ERR,ERR,ERR,ERR,ERR,ERR,ERR,ERR,ERR,ERR,ERR,ERR,ERR,ERR,ERR,ERR,ERR,ERR,ERR,ERR,ERR,ERR,ERR,ERR,ERR,ERR,ERR,ERR,ERR,ERR,ERR,ERR,ERR,ERR,ERR,ERR,ERR,ERR,ERR,ERR,ERR,ERR,ERR,ERR,ERR,ERR,ERR,ERR,ERR,ERR,ERR,ERR,ERR,ERR,ERR,ERR,ERR,ERR,ERR,ERR,ERR,ERR,ERR,ERR,ERR,ERR,ERR,ERR,ERR,ERR,ERR,ERR,ERR,ERR,ERR,ERR,ERR,ERR,ERR,ERR,ERR,ERR,ERR,ERR,ERR,ERR,ERR,ERR,ERR,ERR,ERR,ERR,ERR,ERR,ERR,ERR,ERR,ERR,ERR,ERR,ERR,ERR,ERR,ERR,ERR,ERR,ERR,ERR,ERR,ERR,ERR,ERR,ERR,ERR,ERR,0.0,0.0,0.0,0.0,0.0,1.3936040501711995e+18,7.805,0.0,0,0,4,0,7116,0.0,100,0.0,0.0,0.0,0.0,0.0,0,0,0,0,0.0,0,0,0,0,0,0,0,0,0,0,0,0,0,0,0,0,0,0,0,0,0,0,0,0,0,0,0,0,0,0,0,0,0,31,40,40,71,65476,0,300,0,0,8,21553,0.0,-107605600.0,0.0,0.0,0.0,0.0,0.0,0.0,0.0,0.0,0.0,0.0,0.0,0.0,0.0,0.0,0.0,0.0,0.0,0.0,0.0,0.0,-2.004,0.0,-2.004,0.0,0.0,0.0,0.0,0.0,4514.0,0.0,6917.0,0.0,0.0,0.0,-0.0,0.0,0.0,0.0,0.0,69,-0.0,-0.0,0.0,0.0,0.0,0.0,0.0,0.0,0.0,0,0,0,0.0,0.0,0.0,0.0,0.0,0.0,0.0,0.0,0.0,0.0,0.0,0.0,0.0,0.0,0.0,0.0,0,-107875648.0,69,0.0,138,0.0,-0.0,0,13107,17085,0,17099,0,17079,0,0,0,70,68,100,0.0,82.3,-0.0,77.8,-0.0,78.5,1,49,50,180,0,26215,0,0,0.0,0.0,0.0,0.0,-0.0,67.0,0.0,162057.094,0.0,970,0,992,0,0,0,946,0,1015,0,915,0,788,0,778,0,821,0,7520,0.032,2.5652503477502345e+19,0.0,0.0,784,16797,-0.0,162057.094,-114818.039,-0.0,0.133,6.909358625270745e+28,30.0,70.0,35,0.0,0.0,0.0,0.0,0.0,0.0,0.0,0.0,0.0,0.0,0.0,0.0,0.0,0.0,0.0,0.0,66.8,0,150,71,51,65476,0,300,0,0,8,20529,65476,0,0,44564,70.0,0.0,0.0,0.0,0.0,0.0
2026-09-10T21:48:35,ERR,ERR,ERR,ERR,ERR,ERR,ERR,ERR,ERR,ERR,ERR,ERR,ERR,ERR,ERR,ERR,ERR,ERR,ERR,ERR,ERR,ERR,ERR,ERR,ERR,ERR,ERR,ERR,ERR,ERR,ERR,ERR,ERR,ERR,ERR,ERR,ERR,ERR,ERR,ERR,ERR,ERR,ERR,ERR,ERR,ERR,ERR,ERR,ERR,ERR,ERR,ERR,ERR,ERR,ERR,ERR,ERR,ERR,ERR,ERR,ERR,ERR,ERR,ERR,ERR,ERR,ERR,ERR,ERR,ERR,ERR,ERR,ERR,ERR,ERR,ERR,ERR,ERR,ERR,ERR,ERR,ERR,ERR,ERR,ERR,ERR,ERR,ERR,ERR,ERR,ERR,ERR,ERR,ERR,ERR,ERR,ERR,ERR,ERR,ERR,ERR,ERR,ERR,ERR,ERR,ERR,ERR,ERR,ERR,ERR,ERR,ERR,ERR,ERR,ERR,ERR,ERR,ERR,ERR,ERR,ERR,ERR,ERR,ERR,ERR,0.0,0.0,0.0,0.0,0.0,1.3936040501711995e+18,7.805,0.0,0,0,4,0,7116,0.0,100,0.0,0.0,0.0,0.0,0.0,0,0,0,0,0.0,0,0,0,0,0,0,0,0,0,0,0,0,0,0,0,0,0,0,0,0,0,0,0,0,0,0,0,0,0,0,0,0,0,31,40,40,71,65476,0,300,0,0,8,21553,0.0,-107605600.0,0.0,0.0,0.0,0.0,0.0,0.0,0.0,0.0,0.0,0.0,0.0,0.0,0.0,0.0,0.0,0.0,0.0,0.0,0.0,0.0,-2.004,0.0,-2.004,0.0,0.0,0.0,0.0,0.0,4514.0,0.0,6917.0,0.0,0.0,0.0,-0.0,0.0,0.0,0.0,0.0,69,-0.0,-0.0,0.0,0.0,0.0,0.0,0.0,0.0,0.0,0,0,0,0.0,0.0,0.0,0.0,0.0,0.0,0.0,0.0,0.0,0.0,0.0,0.0,0.0,0.0,0.0,0.0,0,-107875648.0,69,0.0,138,0.0,-0.0,0,13107,17085,0,17099,0,17079,0,0,0,70,68,100,0.0,82.3,-0.0,77.8,-0.0,78.5,1,49,50,180,0,26215,0,0,0.0,0.0,0.0,0.0,-0.0,67.0,0.0,162057.094,0.0,970,0,992,0,0,0,946,0,1015,0,915,0,788,0,778,0,821,0,7520,0.032,2.5652503477502345e+19,0.0,0.0,784,16797,-0.0,162057.094,-114818.039,-0.0,0.133,6.909358625270745e+28,30.0,70.0,35,0.0,0.0,0.0,0.0,0.0,0.0,0.0,0.0,0.0,0.0,0.0,0.0,0.0,0.0,0.0,0.0,66.4,0,150,71,51,65476,0,300,0,0,8,20529,65476,0,0,44564,70.0,0.0,0.0,0.0,0.0,0.0
2026-09-10T21:48:36,ERR,ERR,ERR,ERR,ERR,ERR,ERR,ERR,ERR,ERR,ERR,ERR,ERR,ERR,ERR,ERR,ERR,ERR,ERR,ERR,ERR,ERR,ERR,ERR,ERR,ERR,ERR,ERR,ERR,ERR,ERR,ERR,ERR,ERR,ERR,ERR,ERR,ERR,ERR,ERR,ERR,ERR,ERR,ERR,ERR,ERR,ERR,ERR,ERR,ERR,ERR,ERR,ERR,ERR,ERR,ERR,ERR,ERR,ERR,ERR,ERR,ERR,ERR,ERR,ERR,ERR,ERR,ERR,ERR,ERR,ERR,ERR,ERR,ERR,ERR,ERR,ERR,ERR,ERR,ERR,ERR,ERR,ERR,ERR,ERR,ERR,ERR,ERR,ERR,ERR,ERR,ERR,ERR,ERR,ERR,ERR,ERR,ERR,ERR,ERR,ERR,ERR,ERR,ERR,ERR,ERR,ERR,ERR,ERR,ERR,ERR,ERR,ERR,ERR,ERR,ERR,ERR,ERR,ERR,ERR,ERR,ERR,ERR,ERR,ERR,0.0,0.0,0.0,0.0,0.0,1.3936040501711995e+18,7.805,0.0,0,0,4,0,7116,0.0,100,0.0,0.0,0.0,0.0,0.0,0,0,0,0,0.0,0,0,0,0,0,0,0,0,0,0,0,0,0,0,0,0,0,0,0,0,0,0,0,0,0,0,0,0,0,0,0,0,0,31,40,40,71,65476,0,300,0,0,8,21553,0.0,-107605600.0,0.0,0.0,0.0,0.0,0.0,0.0,0.0,0.0,0.0,0.0,0.0,0.0,0.0,0.0,0.0,0.0,0.0,0.0,0.0,0.0,-2.004,0.0,-2.004,0.0,0.0,0.0,0.0,0.0,4510.0,-1.5879263307997272e+29,6942.0,0.0,0.0,0.0,-0.0,0.0,0.0,0.0,0.0,69,-0.0,5.84804776034314e+35,0.0,0.0,0.0,0.0,0.0,0.0,0.0,0,0,0,0.0,0.0,0.0,0.0,0.0,0.0,0.0,0.0,0.0,0.0,0.0,0.0,0.0,0.0,0.0,0.0,0,-107875648.0,69,0.0,138,0.0,-0.0,0,13107,17085,0,17099,0,17079,0,0,0,70,68,100,0.0,82.3,-0.0,77.8,-0.0,78.5,1,49,50,180,0,26215,0,0,0.0,0.0,0.0,0.0,-0.0,67.0,0.0,162057.094,0.0,970,0,992,0,0,0,946,0,1015,0,915,0,788,0,778,0,821,0,7520,0.032,2.5652503477502345e+19,0.0,0.0,784,16797,-0.0,162057.094,-114818.039,-0.0,0.133,6.909358625270745e+28,30.0,70.0,35,0.0,0.0,0.0,0.0,0.0,0.0,0.0,0.0,0.0,0.0,0.0,0.0,0.0,0.0,0.0,0.0,66.4,0,150,71,51,65476,0,300,0,0,8,20529,65476,0,0,44564,70.0,0.0,0.0,0.0,0.0,0.0
2026-09-10T21:48:37,ERR,ERR,ERR,ERR,ERR,ERR,ERR,ERR,ERR,ERR,ERR,ERR,ERR,ERR,ERR,ERR,ERR,ERR,ERR,ERR,ERR,ERR,ERR,ERR,ERR,ERR,ERR,ERR,ERR,ERR,ERR,ERR,ERR,ERR,ERR,ERR,ERR,ERR,ERR,ERR,ERR,ERR,ERR,ERR,ERR,ERR,ERR,ERR,ERR,ERR,ERR,ERR,ERR,ERR,ERR,ERR,ERR,ERR,ERR,ERR,ERR,ERR,ERR,ERR,ERR,ERR,ERR,ERR,ERR,ERR,ERR,ERR,ERR,ERR,ERR,ERR,ERR,ERR,ERR,ERR,ERR,ERR,ERR,ERR,ERR,ERR,ERR,ERR,ERR,ERR,ERR,ERR,ERR,ERR,ERR,ERR,ERR,ERR,ERR,ERR,ERR,ERR,ERR,ERR,ERR,ERR,ERR,ERR,ERR,ERR,ERR,ERR,ERR,ERR,ERR,ERR,ERR,ERR,ERR,ERR,ERR,ERR,ERR,ERR,ERR,0.0,0.0,0.0,0.0,0.0,1.3936040501711995e+18,7.805,0.0,0,0,4,0,7116,0.0,100,0.0,0.0,0.0,0.0,0.0,0,0,0,0,0.0,0,0,0,0,0,0,0,0,0,0,0,0,0,0,0,0,0,0,0,0,0,0,0,0,0,0,0,0,0,0,0,0,0,31,40,40,71,65476,0,300,0,0,8,21553,0.0,-107605600.0,0.0,0.0,0.0,0.0,0.0,0.0,0.0,0.0,0.0,0.0,0.0,0.0,0.0,0.0,0.0,0.0,0.0,0.0,0.0,0.0,-2.004,0.0,-2.004,0.0,0.0,0.0,0.0,0.0,4510.0,-1.5879263307997272e+29,6942.0,0.0,0.0,0.0,-0.0,0.0,0.0,0.0,0.0,69,-0.0,5.84804776034314e+35,0.0,0.0,0.0,0.0,0.0,0.0,0.0,0,0,0,0.0,0.0,0.0,0.0,0.0,0.0,0.0,0.0,0.0,0.0,0.0,0.0,0.0,0.0,0.0,0.0,0,-107875648.0,69,0.0,138,0.0,-0.0,0,13107,17085,0,17099,0,17079,0,0,0,70,68,100,0.0,82.3,-0.0,77.8,-0.0,78.5,1,49,50,180,0,26215,0,0,0.0,0.0,0.0,0.0,-0.0,67.0,0.0,162057.094,0.0,970,0,992,0,0,0,946,0,1015,0,915,0,788,0,778,0,821,0,7520,0.032,2.5652503477502345e+19,0.0,0.0,784,16797,-0.0,162057.094,-114818.039,-0.0,0.133,6.909358625270745e+28,30.0,70.0,35,0.0,0.0,0.0,0.0,0.0,0.0,0.0,0.0,0.0,0.0,0.0,0.0,0.0,0.0,0.0,0.0,66.4,0,150,71,51,65476,0,300,0,0,8,20529,65476,0,0,44564,70.0,0.0,0.0,0.0,0.0,0.0
2026-09-10T21:48:38,ERR,ERR,ERR,ERR,ERR,ERR,ERR,ERR,ERR,ERR,ERR,ERR,ERR,ERR,ERR,ERR,ERR,ERR,ERR,ERR,ERR,ERR,ERR,ERR,ERR,ERR,ERR,ERR,ERR,ERR,ERR,ERR,ERR,ERR,ERR,ERR,ERR,ERR,ERR,ERR,ERR,ERR,ERR,ERR,ERR,ERR,ERR,ERR,ERR,ERR,ERR,ERR,ERR,ERR,ERR,ERR,ERR,ERR,ERR,ERR,ERR,ERR,ERR,ERR,ERR,ERR,ERR,ERR,ERR,ERR,ERR,ERR,ERR,ERR,ERR,ERR,ERR,ERR,ERR,ERR,ERR,ERR,ERR,ERR,ERR,ERR,ERR,ERR,ERR,ERR,ERR,ERR,ERR,ERR,ERR,ERR,ERR,ERR,ERR,ERR,ERR,ERR,ERR,ERR,ERR,ERR,ERR,ERR,ERR,ERR,ERR,ERR,ERR,ERR,ERR,ERR,ERR,ERR,ERR,ERR,ERR,ERR,ERR,ERR,ERR,0.0,0.0,0.0,0.0,0.0,1.3936040501711995e+18,7.805,0.0,0,0,4,0,7116,0.0,100,0.0,0.0,0.0,0.0,0.0,0,0,0,0,0.0,0,0,0,0,0,0,0,0,0,0,0,0,0,0,0,0,0,0,0,0,0,0,0,0,0,0,0,0,0,0,0,0,0,31,40,40,71,65476,0,300,0,0,8,21553,0.0,-107605600.0,0.0,0.0,0.0,0.0,0.0,0.0,0.0,0.0,0.0,0.0,0.0,0.0,0.0,0.0,0.0,0.0,0.0,0.0,0.0,0.0,-2.004,0.0,-2.004,0.0,0.0,0.0,0.0,0.0,4510.0,-1.5879263307997272e+29,6942.0,0.0,0.0,0.0,-0.0,0.0,0.0,0.0,0.0,69,-0.0,5.84804776034314e+35,0.0,0.0,0.0,0.0,0.0,0.0,0.0,0,0,0,0.0,0.0,0.0,0.0,0.0,0.0,0.0,0.0,0.0,0.0,0.0,0.0,0.0,0.0,0.0,0.0,0,-107875648.0,69,0.0,138,0.0,-0.0,0,13107,17085,0,17099,0,17079,0,0,0,70,68,100,0.0,82.3,-0.0,77.8,-0.0,78.5,1,49,50,180,0,26215,0,0,0.0,0.0,0.0,0.0,-0.0,67.0,0.0,162057.094,0.0,970,0,992,0,0,0,946,0,1015,0,915,0,788,0,778,0,821,0,7520,0.032,2.5652503477502345e+19,0.0,0.0,784,16797,-0.0,162057.094,-114818.039,-0.0,0.133,6.909358625270745e+28,30.0,70.0,35,0.0,0.0,0.0,0.0,0.0,0.0,0.0,0.0,0.0,0.0,0.0,0.0,0.0,0.0,0.0,0.0,66.8,0,150,71,51,65476,0,300,0,0,8,20529,65476,0,0,44564,70.0,0.0,0.0,0.0,0.0,0.0
2026-09-10T21:48:39,ERR,ERR,ERR,ERR,ERR,ERR,ERR,ERR,ERR,ERR,ERR,ERR,ERR,ERR,ERR,ERR,ERR,ERR,ERR,ERR,ERR,ERR,ERR,ERR,ERR,ERR,ERR,ERR,ERR,ERR,ERR,ERR,ERR,ERR,ERR,ERR,ERR,ERR,ERR,ERR,ERR,ERR,ERR,ERR,ERR,ERR,ERR,ERR,ERR,ERR,ERR,ERR,ERR,ERR,ERR,ERR,ERR,ERR,ERR,ERR,ERR,ERR,ERR,ERR,ERR,ERR,ERR,ERR,ERR,ERR,ERR,ERR,ERR,ERR,ERR,ERR,ERR,ERR,ERR,ERR,ERR,ERR,ERR,ERR,ERR,ERR,ERR,ERR,ERR,ERR,ERR,ERR,ERR,ERR,ERR,ERR,ERR,ERR,ERR,ERR,ERR,ERR,ERR,ERR,ERR,ERR,ERR,ERR,ERR,ERR,ERR,ERR,ERR,ERR,ERR,ERR,ERR,ERR,ERR,ERR,ERR,ERR,ERR,ERR,ERR,0.0,0.0,0.0,0.0,0.0,1.3936040501711995e+18,7.805,0.0,0,0,4,0,7116,0.0,100,0.0,0.0,0.0,0.0,0.0,0,0,0,0,0.0,0,0,0,0,0,0,0,0,0,0,0,0,0,0,0,0,0,0,0,0,0,0,0,0,0,0,0,0,0,0,0,0,0,31,40,40,71,65476,0,300,0,0,8,21553,0.0,-107605600.0,0.0,0.0,0.0,0.0,0.0,0.0,0.0,0.0,0.0,0.0,0.0,0.0,0.0,0.0,0.0,0.0,0.0,0.0,0.0,0.0,-2.004,0.0,-2.004,0.0,0.0,0.0,0.0,0.0,4510.0,-1.5879263307997272e+29,6942.0,0.0,0.0,0.0,-0.0,0.0,0.0,0.0,0.0,69,-0.0,5.84804776034314e+35,0.0,0.0,0.0,0.0,0.0,0.0,0.0,0,0,0,0.0,0.0,0.0,0.0,0.0,0.0,0.0,0.0,0.0,0.0,0.0,0.0,0.0,0.0,0.0,0.0,0,-107875648.0,69,0.0,138,0.0,-0.0,0,13107,17085,0,17099,0,17079,0,0,0,70,68,100,0.0,82.3,-0.0,77.8,-0.0,78.5,1,49,50,180,0,26215,0,0,0.0,0.0,0.0,0.0,-0.0,67.0,0.0,162057.094,0.0,970,0,992,0,0,0,946,0,1014,0,915,0,788,0,778,0,821,0,7520,0.032,2.8102461674791895e+19,0.0,0.0,784,16797,-0.0,162057.094,-114818.039,-0.0,0.133,6.909358625270745e+28,30.0,70.0,35,0.0,0.0,0.0,0.0,0.0,0.0,0.0,0.0,0.0,0.0,0.0,0.0,0.0,0.0,0.0,0.0,66.8,0,150,71,51,65476,0,300,0,0,8,20529,65476,0,0,44564,70.0,0.0,0.0,0.0,0.0,0.0
2026-09-10T21:48:40,ERR,ERR,ERR,ERR,ERR,ERR,ERR,ERR,ERR,ERR,ERR,ERR,ERR,ERR,ERR,ERR,ERR,ERR,ERR,ERR,ERR,ERR,ERR,ERR,ERR,ERR,ERR,ERR,ERR,ERR,ERR,ERR,ERR,ERR,ERR,ERR,ERR,ERR,ERR,ERR,ERR,ERR,ERR,ERR,ERR,ERR,ERR,ERR,ERR,ERR,ERR,ERR,ERR,ERR,ERR,ERR,ERR,ERR,ERR,ERR,ERR,ERR,ERR,ERR,ERR,ERR,ERR,ERR,ERR,ERR,ERR,ERR,ERR,ERR,ERR,ERR,ERR,ERR,ERR,ERR,ERR,ERR,ERR,ERR,ERR,ERR,ERR,ERR,ERR,ERR,ERR,ERR,ERR,ERR,ERR,ERR,ERR,ERR,ERR,ERR,ERR,ERR,ERR,ERR,ERR,ERR,ERR,ERR,ERR,ERR,ERR,ERR,ERR,ERR,ERR,ERR,ERR,ERR,ERR,ERR,ERR,ERR,ERR,ERR,ERR,0.0,0.0,0.0,0.0,0.0,1.3936040501711995e+18,7.805,0.0,0,0,4,0,7116,0.0,100,0.0,0.0,0.0,0.0,0.0,0,0,0,0,0.0,0,0,0,0,0,0,0,0,0,0,0,0,0,0,0,0,0,0,0,0,0,0,0,0,0,0,0,0,0,0,0,0,0,31,40,40,71,65476,0,300,0,0,8,21553,0.0,-107605600.0,0.0,0.0,0.0,0.0,0.0,0.0,0.0,0.0,0.0,0.0,0.0,0.0,0.0,0.0,0.0,0.0,0.0,0.0,0.0,0.0,-2.004,0.0,-2.004,0.0,0.0,0.0,0.0,0.0,4510.0,-1.5879263307997272e+29,6942.0,0.0,0.0,0.0,-0.0,0.0,0.0,0.0,0.0,69,-0.0,5.84804776034314e+35,0.0,0.0,0.0,0.0,0.0,0.0,0.0,0,0,0,0.0,0.0,0.0,0.0,0.0,0.0,0.0,0.0,0.0,0.0,0.0,0.0,0.0,0.0,0.0,0.0,0,-107875648.0,69,0.0,138,0.0,-0.0,0,13107,17085,0,17099,0,17079,0,0,0,70,68,100,0.0,82.3,-0.0,77.8,-0.0,78.5,1,49,50,180,0,26215,0,0,0.0,0.0,0.0,0.0,-0.0,67.0,0.0,162057.094,0.0,970,0,992,0,0,0,946,0,1014,0,915,0,788,0,778,0,821,0,7520,0.032,2.8102461674791895e+19,0.0,0.0,784,16797,-0.0,162057.094,-114818.039,-0.0,0.133,6.909358625270745e+28,30.0,70.0,35,0.0,0.0,0.0,0.0,0.0,0.0,0.0,0.0,0.0,0.0,0.0,0.0,0.0,0.0,0.0,0.0,66.4,0,150,71,51,65476,0,300,0,0,8,20529,65476,0,0,44564,70.0,0.0,0.0,0.0,0.0,0.0
2026-09-10T21:48:41,ERR,ERR,ERR,ERR,ERR,ERR,ERR,ERR,ERR,ERR,ERR,ERR,ERR,ERR,ERR,ERR,ERR,ERR,ERR,ERR,ERR,ERR,ERR,ERR,ERR,ERR,ERR,ERR,ERR,ERR,ERR,ERR,ERR,ERR,ERR,ERR,ERR,ERR,ERR,ERR,ERR,ERR,ERR,ERR,ERR,ERR,ERR,ERR,ERR,ERR,ERR,ERR,ERR,ERR,ERR,ERR,ERR,ERR,ERR,ERR,ERR,ERR,ERR,ERR,ERR,ERR,ERR,ERR,ERR,ERR,ERR,ERR,ERR,ERR,ERR,ERR,ERR,ERR,ERR,ERR,ERR,ERR,ERR,ERR,ERR,ERR,ERR,ERR,ERR,ERR,ERR,ERR,ERR,ERR,ERR,ERR,ERR,ERR,ERR,ERR,ERR,ERR,ERR,ERR,ERR,ERR,ERR,ERR,ERR,ERR,ERR,ERR,ERR,ERR,ERR,ERR,ERR,ERR,ERR,ERR,ERR,ERR,ERR,ERR,ERR,0.0,0.0,0.0,0.0,0.0,1.3936040501711995e+18,7.805,0.0,0,0,4,0,7116,0.0,100,0.0,0.0,0.0,0.0,0.0,0,0,0,0,0.0,0,0,0,0,0,0,0,0,0,0,0,0,0,0,0,0,0,0,0,0,0,0,0,0,0,0,0,0,0,0,0,0,0,31,40,40,71,65476,0,300,0,0,8,21553,0.0,-107605600.0,0.0,0.0,0.0,0.0,0.0,0.0,0.0,0.0,0.0,0.0,0.0,0.0,0.0,0.0,0.0,0.0,0.0,0.0,0.0,0.0,-2.004,0.0,-2.004,0.0,0.0,0.0,0.0,0.0,4510.0,-1.5879263307997272e+29,6942.0,0.0,0.0,0.0,-0.0,0.0,0.0,0.0,0.0,69,-0.0,5.84804776034314e+35,0.0,0.0,0.0,0.0,0.0,0.0,0.0,0,0,0,0.0,0.0,0.0,0.0,0.0,0.0,0.0,0.0,0.0,0.0,0.0,0.0,0.0,0.0,0.0,0.0,0,-107875648.0,69,0.0,138,0.0,-0.0,0,13107,17085,0,17099,0,17079,0,0,0,70,68,100,0.0,82.3,-0.0,77.8,-0.0,78.5,1,49,50,180,0,26215,0,0,0.0,0.0,0.0,0.0,-0.0,67.0,0.0,162057.094,0.0,970,0,992,0,0,0,946,0,1014,0,915,0,788,0,778,0,821,0,7520,0.032,2.8102461674791895e+19,0.0,0.0,784,16797,-0.0,162057.094,-114818.039,-0.0,0.133,6.909358625270745e+28,30.0,70.0,35,0.0,0.0,0.0,0.0,0.0,0.0,0.0,0.0,0.0,0.0,0.0,0.0,0.0,0.0,0.0,0.0,66.4,0,150,71,51,65476,0,300,0,0,8,20529,65476,0,0,44564,70.0,0.0,0.0,0.0,0.0,0.0
2026-09-10T21:48:42,ERR,ERR,ERR,ERR,ERR,ERR,ERR,ERR,ERR,ERR,ERR,ERR,ERR,ERR,ERR,ERR,ERR,ERR,ERR,ERR,ERR,ERR,ERR,ERR,ERR,ERR,ERR,ERR,ERR,ERR,ERR,ERR,ERR,ERR,ERR,ERR,ERR,ERR,ERR,ERR,ERR,ERR,ERR,ERR,ERR,ERR,ERR,ERR,ERR,ERR,ERR,ERR,ERR,ERR,ERR,ERR,ERR,ERR,ERR,ERR,ERR,ERR,ERR,ERR,ERR,ERR,ERR,ERR,ERR,ERR,ERR,ERR,ERR,ERR,ERR,ERR,ERR,ERR,ERR,ERR,ERR,ERR,ERR,ERR,ERR,ERR,ERR,ERR,ERR,ERR,ERR,ERR,ERR,ERR,ERR,ERR,ERR,ERR,ERR,ERR,ERR,ERR,ERR,ERR,ERR,ERR,ERR,ERR,ERR,ERR,ERR,ERR,ERR,ERR,ERR,ERR,ERR,ERR,ERR,ERR,ERR,ERR,ERR,ERR,ERR,0.0,0.0,0.0,0.0,0.0,1.3936040501711995e+18,7.805,0.0,0,0,4,0,7116,0.0,100,0.0,0.0,0.0,0.0,0.0,0,0,0,0,0.0,0,0,0,0,0,0,0,0,0,0,0,0,0,0,0,0,0,0,0,0,0,0,0,0,0,0,0,0,0,0,0,0,0,31,40,40,71,65476,0,300,0,0,8,21553,0.0,-107605600.0,0.0,0.0,0.0,0.0,0.0,0.0,0.0,0.0,0.0,0.0,0.0,0.0,0.0,0.0,0.0,0.0,0.0,0.0,0.0,0.0,-2.004,0.0,-2.004,0.0,0.0,0.0,0.0,0.0,4510.0,-1.5879263307997272e+29,6942.0,0.0,0.0,0.0,-0.0,0.0,0.0,0.0,0.0,69,-0.0,5.84804776034314e+35,0.0,0.0,0.0,0.0,0.0,0.0,0.0,0,0,0,0.0,0.0,0.0,0.0,0.0,0.0,0.0,0.0,0.0,0.0,0.0,0.0,0.0,0.0,0.0,0.0,0,-107875648.0,69,0.0,138,0.0,-0.0,0,13107,17085,0,17099,0,17079,0,0,0,70,68,100,0.0,82.3,-0.0,77.8,-0.0,78.5,1,49,50,180,0,26215,0,0,0.0,0.0,0.0,0.0,-0.0,67.0,0.0,162057.094,0.0,970,0,992,0,0,0,946,0,1014,0,915,0,788,0,778,0,821,0,7520,0.032,2.8102461674791895e+19,0.0,0.0,784,16797,-0.0,162057.094,-114818.039,-0.0,0.133,6.909358625270745e+28,30.0,70.0,35,0.0,0.0,0.0,0.0,0.0,0.0,0.0,0.0,0.0,0.0,0.0,0.0,0.0,0.0,0.0,0.0,66.4,0,150,71,51,65476,0,300,0,0,8,20529,65476,0,0,44564,70.0,0.0,0.0,0.0,0.0,0.0
2026-09-10T21:48:43,ERR,ERR,ERR,ERR,ERR,ERR,ERR,ERR,ERR,ERR,ERR,ERR,ERR,ERR,ERR,ERR,ERR,ERR,ERR,ERR,ERR,ERR,ERR,ERR,ERR,ERR,ERR,ERR,ERR,ERR,ERR,ERR,ERR,ERR,ERR,ERR,ERR,ERR,ERR,ERR,ERR,ERR,ERR,ERR,ERR,ERR,ERR,ERR,ERR,ERR,ERR,ERR,ERR,ERR,ERR,ERR,ERR,ERR,ERR,ERR,ERR,ERR,ERR,ERR,ERR,ERR,ERR,ERR,ERR,ERR,ERR,ERR,ERR,ERR,ERR,ERR,ERR,ERR,ERR,ERR,ERR,ERR,ERR,ERR,ERR,ERR,ERR,ERR,ERR,ERR,ERR,ERR,ERR,ERR,ERR,ERR,ERR,ERR,ERR,ERR,ERR,ERR,ERR,ERR,ERR,ERR,ERR,ERR,ERR,ERR,ERR,ERR,ERR,ERR,ERR,ERR,ERR,ERR,ERR,ERR,ERR,ERR,ERR,ERR,ERR,0.0,0.0,0.0,0.0,0.0,1.3936040501711995e+18,7.805,0.0,0,0,4,0,7116,0.0,100,0.0,0.0,0.0,0.0,0.0,0,0,0,0,0.0,0,0,0,0,0,0,0,0,0,0,0,0,0,0,0,0,0,0,0,0,0,0,0,0,0,0,0,0,0,0,0,0,0,31,40,40,71,65476,0,300,0,0,8,21553,0.0,-107605600.0,0.0,0.0,0.0,0.0,0.0,0.0,0.0,0.0,0.0,0.0,0.0,0.0,0.0,0.0,0.0,0.0,0.0,0.0,0.0,0.0,-2.004,0.0,0.0,0.0,0.0,0.0,0.0,0.0,4519.0,0.0,6917.0,0.0,0.0,0.0,-0.0,0.0,0.0,0.0,0.0,69,-0.059,-0.0,0.0,0.0,0.0,0.0,0.0,0.0,0.0,0,0,0,0.0,0.0,0.0,0.0,0.0,0.0,0.0,0.0,0.0,0.0,0.0,0.0,0.0,0.0,0.0,0.0,0,-107875648.0,69,0.0,138,0.0,-0.0,0,13107,17085,0,17099,0,17079,0,0,0,70,68,100,0.0,82.3,-0.0,77.8,-0.0,78.5,1,49,50,180,0,26215,0,0,0.0,0.0,0.0,0.0,-0.0,67.0,0.0,162057.094,0.0,970,0,992,0,0,0,946,0,1014,0,915,0,788,0,778,0,821,0,7520,0.032,2.8102461674791895e+19,0.0,0.0,784,16797,-0.0,162057.094,-114818.039,-0.0,0.133,6.909358625270745e+28,30.0,70.0,35,0.0,0.0,0.0,0.0,0.0,0.0,0.0,0.0,0.0,0.0,0.0,0.0,0.0,0.0,0.0,0.0,66.4,0,150,71,51,65476,0,300,0,0,8,20529,65476,0,0,44564,70.0,0.0,0.0,0.0,0.0,0.0
2026-09-10T21:48:44,ERR,ERR,ERR,ERR,ERR,ERR,ERR,ERR,ERR,ERR,ERR,ERR,ERR,ERR,ERR,ERR,ERR,ERR,ERR,ERR,ERR,ERR,ERR,ERR,ERR,ERR,ERR,ERR,ERR,ERR,ERR,ERR,ERR,ERR,ERR,ERR,ERR,ERR,ERR,ERR,ERR,ERR,ERR,ERR,ERR,ERR,ERR,ERR,ERR,ERR,ERR,ERR,ERR,ERR,ERR,ERR,ERR,ERR,ERR,ERR,ERR,ERR,ERR,ERR,ERR,ERR,ERR,ERR,ERR,ERR,ERR,ERR,ERR,ERR,ERR,ERR,ERR,ERR,ERR,ERR,ERR,ERR,ERR,ERR,ERR,ERR,ERR,ERR,ERR,ERR,ERR,ERR,ERR,ERR,ERR,ERR,ERR,ERR,ERR,ERR,ERR,ERR,ERR,ERR,ERR,ERR,ERR,ERR,ERR,ERR,ERR,ERR,ERR,ERR,ERR,ERR,ERR,ERR,ERR,ERR,ERR,ERR,ERR,ERR,ERR,0.0,0.0,0.0,0.0,0.0,1.3936040501711995e+18,7.805,0.0,0,0,4,0,7116,0.0,100,0.0,0.0,0.0,0.0,0.0,0,0,0,0,0.0,0,0,0,0,0,0,0,0,0,0,0,0,0,0,0,0,0,0,0,0,0,0,0,0,0,0,0,0,0,0,0,0,0,31,40,40,71,65476,0,300,0,0,8,21553,0.0,-107605600.0,0.0,0.0,0.0,0.0,0.0,0.0,0.0,0.0,0.0,0.0,0.0,0.0,0.0,0.0,0.0,0.0,0.0,0.0,0.0,0.0,-2.004,0.0,0.0,0.0,0.0,0.0,0.0,0.0,4519.0,0.0,6917.0,0.0,0.0,0.0,-0.0,0.0,0.0,0.0,0.0,69,-0.059,-0.0,0.0,0.0,0.0,0.0,0.0,0.0,0.0,0,0,0,0.0,0.0,0.0,0.0,0.0,0.0,0.0,0.0,0.0,0.0,0.0,0.0,0.0,0.0,0.0,0.0,0,-107875648.0,69,0.0,138,0.0,-0.0,0,13107,17085,0,17099,0,17079,0,0,0,70,68,100,0.0,82.3,-0.0,77.8,-0.0,78.5,1,49,50,180,0,26215,0,0,0.0,0.0,0.0,0.0,-0.0,67.0,0.0,162057.094,0.0,970,0,992,0,0,0,946,0,1014,0,915,0,788,0,778,0,821,0,7520,0.032,2.8102461674791895e+19,0.0,0.0,784,16797,-0.0,162057.094,-114818.039,-0.0,0.133,6.909358625270745e+28,30.0,70.0,35,0.0,0.0,0.0,0.0,0.0,0.0,0.0,0.0,0.0,0.0,0.0,0.0,0.0,0.0,0.0,0.0,66.4,0,150,71,51,65476,0,300,0,0,8,20529,65476,0,0,44564,70.0,0.0,0.0,0.0,0.0,0.0
2026-09-10T21:48:45,ERR,ERR,ERR,ERR,ERR,ERR,ERR,ERR,ERR,ERR,ERR,ERR,ERR,ERR,ERR,ERR,ERR,ERR,ERR,ERR,ERR,ERR,ERR,ERR,ERR,ERR,ERR,ERR,ERR,ERR,ERR,ERR,ERR,ERR,ERR,ERR,ERR,ERR,ERR,ERR,ERR,ERR,ERR,ERR,ERR,ERR,ERR,ERR,ERR,ERR,ERR,ERR,ERR,ERR,ERR,ERR,ERR,ERR,ERR,ERR,ERR,ERR,ERR,ERR,ERR,ERR,ERR,ERR,ERR,ERR,ERR,ERR,ERR,ERR,ERR,ERR,ERR,ERR,ERR,ERR,ERR,ERR,ERR,ERR,ERR,ERR,ERR,ERR,ERR,ERR,ERR,ERR,ERR,ERR,ERR,ERR,ERR,ERR,ERR,ERR,ERR,ERR,ERR,ERR,ERR,ERR,ERR,ERR,ERR,ERR,ERR,ERR,ERR,ERR,ERR,ERR,ERR,ERR,ERR,ERR,ERR,ERR,ERR,ERR,ERR,0.0,0.0,0.0,0.0,0.0,1.3936040501711995e+18,7.805,0.0,0,0,4,0,7116,0.0,100,0.0,0.0,0.0,0.0,0.0,0,0,0,0,0.0,0,0,0,0,0,0,0,0,0,0,0,0,0,0,0,0,0,0,0,0,0,0,0,0,0,0,0,0,0,0,0,0,0,31,40,40,71,65476,0,300,0,0,8,21553,0.0,-107605600.0,0.0,0.0,0.0,0.0,0.0,0.0,0.0,0.0,0.0,0.0,0.0,0.0,0.0,0.0,0.0,0.0,0.0,0.0,0.0,0.0,-2.004,0.0,0.0,0.0,0.0,0.0,0.0,0.0,4519.0,0.0,6917.0,0.0,0.0,0.0,-0.0,0.0,0.0,0.0,0.0,69,-0.059,-0.0,0.0,0.0,0.0,0.0,0.0,0.0,0.0,0,0,0,0.0,0.0,0.0,0.0,0.0,0.0,0.0,0.0,0.0,0.0,0.0,0.0,0.0,0.0,0.0,0.0,0,-107875648.0,69,0.0,138,0.0,-0.0,0,13107,17085,52429,17098,0,17079,0,0,0,70,68,100,0.0,82.3,-0.0,77.8,-0.0,78.5,1,49,50,180,0,26215,0,0,0.0,0.0,0.0,0.0,-0.0,67.0,0.0,162057.094,0.0,970,0,992,0,0,0,946,0,1014,0,915,0,788,0,778,0,821,0,7520,0.032,2.6373079417881625e+19,0.0,0.0,784,16797,-0.0,162057.094,-114818.039,-0.0,0.133,6.909358625270745e+28,30.0,70.0,35,0.0,0.0,0.0,0.0,0.0,0.0,0.0,0.0,0.0,0.0,0.0,0.0,0.0,0.0,0.0,0.0,66.8,0,150,71,51,65476,0,300,0,0,8,20529,65476,0,0,44564,70.0,0.0,0.0,0.0,0.0,0.0
2026-09-10T21:48:46,ERR,ERR,ERR,ERR,ERR,ERR,ERR,ERR,ERR,ERR,ERR,ERR,ERR,ERR,ERR,ERR,ERR,ERR,ERR,ERR,ERR,ERR,ERR,ERR,ERR,ERR,ERR,ERR,ERR,ERR,ERR,ERR,ERR,ERR,ERR,ERR,ERR,ERR,ERR,ERR,ERR,ERR,ERR,ERR,ERR,ERR,ERR,ERR,ERR,ERR,ERR,ERR,ERR,ERR,ERR,ERR,ERR,ERR,ERR,ERR,ERR,ERR,ERR,ERR,ERR,ERR,ERR,ERR,ERR,ERR,ERR,ERR,ERR,ERR,ERR,ERR,ERR,ERR,ERR,ERR,ERR,ERR,ERR,ERR,ERR,ERR,ERR,ERR,ERR,ERR,ERR,ERR,ERR,ERR,ERR,ERR,ERR,ERR,ERR,ERR,ERR,ERR,ERR,ERR,ERR,ERR,ERR,ERR,ERR,ERR,ERR,ERR,ERR,ERR,ERR,ERR,ERR,ERR,ERR,ERR,ERR,ERR,ERR,ERR,ERR,0.0,0.0,0.0,0.0,0.0,1.3936040501711995e+18,7.805,0.0,0,0,4,0,7116,0.0,100,0.0,0.0,0.0,0.0,0.0,0,0,0,0,0.0,0,0,0,0,0,0,0,0,0,0,0,0,0,0,0,0,0,0,0,0,0,0,0,0,0,0,0,0,0,0,0,0,0,31,40,40,71,65476,0,300,0,0,8,21553,0.0,-107605600.0,0.0,0.0,0.0,0.0,0.0,0.0,0.0,0.0,0.0,0.0,0.0,0.0,0.0,0.0,0.0,0.0,0.0,0.0,0.0,0.0,-2.004,0.0,0.0,0.0,0.0,0.0,0.0,0.0,4519.0,0.0,6917.0,0.0,0.0,0.0,-0.0,0.0,0.0,0.0,0.0,69,-0.059,-0.0,0.0,0.0,0.0,0.0,0.0,0.0,0.0,0,0,0,0.0,0.0,0.0,0.0,0.0,0.0,0.0,0.0,0.0,0.0,0.0,0.0,0.0,0.0,0.0,0.0,0,-107875648.0,69,0.0,138,0.0,-0.0,0,13107,17085,52429,17098,0,17079,0,0,0,70,68,100,0.0,82.3,-0.0,77.8,-0.0,78.5,1,49,50,180,0,26215,0,0,0.0,0.0,0.0,0.0,-0.0,67.0,0.0,162057.094,0.0,970,0,992,0,0,0,946,0,1014,0,915,0,788,0,778,0,821,0,7520,0.032,2.6373079417881625e+19,0.0,0.0,784,16797,-0.0,162057.094,-114818.039,-0.0,0.133,6.909358625270745e+28,30.0,70.0,35,0.0,0.0,0.0,0.0,0.0,0.0,0.0,0.0,0.0,0.0,0.0,0.0,0.0,0.0,0.0,0.0,66.8,0,150,71,51,65476,0,300,0,0,8,20529,65476,0,0,44564,70.0,0.0,0.0,0.0,0.0,0.0
2026-09-10T21:48:47,ERR,ERR,ERR,ERR,ERR,ERR,ERR,ERR,ERR,ERR,ERR,ERR,ERR,ERR,ERR,ERR,ERR,ERR,ERR,ERR,ERR,ERR,ERR,ERR,ERR,ERR,ERR,ERR,ERR,ERR,ERR,ERR,ERR,ERR,ERR,ERR,ERR,ERR,ERR,ERR,ERR,ERR,ERR,ERR,ERR,ERR,ERR,ERR,ERR,ERR,ERR,ERR,ERR,ERR,ERR,ERR,ERR,ERR,ERR,ERR,ERR,ERR,ERR,ERR,ERR,ERR,ERR,ERR,ERR,ERR,ERR,ERR,ERR,ERR,ERR,ERR,ERR,ERR,ERR,ERR,ERR,ERR,ERR,ERR,ERR,ERR,ERR,ERR,ERR,ERR,ERR,ERR,ERR,ERR,ERR,ERR,ERR,ERR,ERR,ERR,ERR,ERR,ERR,ERR,ERR,ERR,ERR,ERR,ERR,ERR,ERR,ERR,ERR,ERR,ERR,ERR,ERR,ERR,ERR,ERR,ERR,ERR,ERR,ERR,ERR,0.0,0.0,0.0,0.0,0.0,1.3936040501711995e+18,7.805,0.0,0,0,4,0,7116,0.0,100,0.0,0.0,0.0,0.0,0.0,0,0,0,0,0.0,0,0,0,0,0,0,0,0,0,0,0,0,0,0,0,0,0,0,0,0,0,0,0,0,0,0,0,0,0,0,0,0,0,31,40,40,71,65476,0,300,0,0,8,21553,0.0,-107605600.0,0.0,0.0,0.0,0.0,0.0,0.0,0.0,0.0,0.0,0.0,0.0,0.0,0.0,0.0,0.0,0.0,0.0,0.0,0.0,0.0,-2.004,0.0,0.0,0.0,0.0,0.0,0.0,0.0,4519.0,0.0,6917.0,0.0,0.0,0.0,-0.0,0.0,0.0,0.0,0.0,69,-0.059,-0.0,0.0,0.0,0.0,0.0,0.0,0.0,0.0,0,0,0,0.0,0.0,0.0,0.0,0.0,0.0,0.0,0.0,0.0,0.0,0.0,0.0,0.0,0.0,0.0,0.0,0,-107875648.0,69,0.0,138,0.0,-0.0,0,13107,17085,52429,17098,0,17079,0,0,0,70,68,100,0.0,82.3,-0.0,77.8,-0.0,78.5,1,49,50,180,0,26215,0,0,0.0,0.0,0.0,0.0,-0.0,67.0,0.0,162057.094,0.0,970,0,992,0,0,0,946,0,1014,0,915,0,788,0,778,0,821,0,7520,0.032,2.6373079417881625e+19,0.0,0.0,784,16797,-0.0,162057.094,-114818.039,-0.0,0.133,6.909358625270745e+28,30.0,70.0,35,0.0,0.0,0.0,0.0,0.0,0.0,0.0,0.0,0.0,0.0,0.0,0.0,0.0,0.0,0.0,0.0,66.8,0,150,71,51,65476,0,300,0,0,8,20529,65476,0,0,44564,70.0,0.0,0.0,0.0,0.0,0.0
2026-09-10T21:48:48,ERR,ERR,ERR,ERR,ERR,ERR,ERR,ERR,ERR,ERR,ERR,ERR,ERR,ERR,ERR,ERR,ERR,ERR,ERR,ERR,ERR,ERR,ERR,ERR,ERR,ERR,ERR,ERR,ERR,ERR,ERR,ERR,ERR,ERR,ERR,ERR,ERR,ERR,ERR,ERR,ERR,ERR,ERR,ERR,ERR,ERR,ERR,ERR,ERR,ERR,ERR,ERR,ERR,ERR,ERR,ERR,ERR,ERR,ERR,ERR,ERR,ERR,ERR,ERR,ERR,ERR,ERR,ERR,ERR,ERR,ERR,ERR,ERR,ERR,ERR,ERR,ERR,ERR,ERR,ERR,ERR,ERR,ERR,ERR,ERR,ERR,ERR,ERR,ERR,ERR,ERR,ERR,ERR,ERR,ERR,ERR,ERR,ERR,ERR,ERR,ERR,ERR,ERR,ERR,ERR,ERR,ERR,ERR,ERR,ERR,ERR,ERR,ERR,ERR,ERR,ERR,ERR,ERR,ERR,ERR,ERR,ERR,ERR,ERR,ERR,0.0,0.0,0.0,0.0,0.0,1.3936040501711995e+18,7.805,0.0,0,0,4,0,7116,0.0,100,0.0,0.0,0.0,0.0,0.0,0,0,0,0,0.0,0,0,0,0,0,0,0,0,0,0,0,0,0,0,0,0,0,0,0,0,0,0,0,0,0,0,0,0,0,0,0,0,0,31,40,40,71,65476,0,300,0,0,8,21553,0.0,-107605600.0,0.0,0.0,0.0,0.0,0.0,0.0,0.0,0.0,0.0,0.0,0.0,0.0,0.0,0.0,0.0,0.0,0.0,0.0,0.0,0.0,-2.004,0.0,0.0,0.0,0.0,0.0,0.0,0.0,4519.0,0.0,6917.0,0.0,0.0,0.0,-0.0,0.0,0.0,0.0,0.0,69,-0.059,-0.0,0.0,0.0,0.0,0.0,0.0,0.0,0.0,0,0,0,0.0,0.0,0.0,0.0,0.0,0.0,0.0,0.0,0.0,0.0,0.0,0.0,0.0,0.0,0.0,0.0,0,-107875648.0,69,0.0,138,0.0,-0.0,0,13107,17085,52429,17098,0,17079,0,0,0,70,68,100,0.0,82.3,-0.0,77.8,-0.0,78.5,1,49,50,180,0,26215,0,0,0.0,0.0,0.0,0.0,-0.0,67.0,0.0,162057.094,0.0,970,0,992,0,0,0,946,0,1014,0,915,0,788,0,778,0,821,0,7520,0.032,2.6373079417881625e+19,0.0,0.0,784,16797,-0.0,162057.094,-114818.039,-0.0,0.133,6.909358625270745e+28,30.0,70.0,35,0.0,0.0,0.0,0.0,0.0,0.0,0.0,0.0,0.0,0.0,0.0,0.0,0.0,0.0,0.0,0.0,66.4,0,150,71,51,65476,0,300,0,0,8,20529,65476,0,0,44564,70.0,0.0,0.0,0.0,0.0,0.0
2026-09-10T21:48:49,ERR,ERR,ERR,ERR,ERR,ERR,ERR,ERR,ERR,ERR,ERR,ERR,ERR,ERR,ERR,ERR,ERR,ERR,ERR,ERR,ERR,ERR,ERR,ERR,ERR,ERR,ERR,ERR,ERR,ERR,ERR,ERR,ERR,ERR,ERR,ERR,ERR,ERR,ERR,ERR,ERR,ERR,ERR,ERR,ERR,ERR,ERR,ERR,ERR,ERR,ERR,ERR,ERR,ERR,ERR,ERR,ERR,ERR,ERR,ERR,ERR,ERR,ERR,ERR,ERR,ERR,ERR,ERR,ERR,ERR,ERR,ERR,ERR,ERR,ERR,ERR,ERR,ERR,ERR,ERR,ERR,ERR,ERR,ERR,ERR,ERR,ERR,ERR,ERR,ERR,ERR,ERR,ERR,ERR,ERR,ERR,ERR,ERR,ERR,ERR,ERR,ERR,ERR,ERR,ERR,ERR,ERR,ERR,ERR,ERR,ERR,ERR,ERR,ERR,ERR,ERR,ERR,ERR,ERR,ERR,ERR,ERR,ERR,ERR,ERR,0.0,0.0,0.0,0.0,0.0,1.3936040501711995e+18,7.805,0.0,0,0,4,0,7116,0.0,100,0.0,0.0,0.0,0.0,0.0,0,0,0,0,0.0,0,0,0,0,0,0,0,0,0,0,0,0,0,0,0,0,0,0,0,0,0,0,0,0,0,0,0,0,0,0,0,0,0,31,40,40,71,65476,0,300,0,0,8,21553,0.0,-107605600.0,0.0,0.0,0.0,0.0,0.0,0.0,0.0,0.0,0.0,0.0,0.0,0.0,0.0,0.0,0.0,0.0,0.0,0.0,0.0,0.0,-2.004,0.0,0.0,0.0,0.0,0.0,0.0,0.0,4519.0,0.0,6917.0,0.0,0.0,0.0,-0.0,0.0,0.0,0.0,0.0,69,-0.059,-0.0,0.0,0.0,0.0,0.0,0.0,0.0,0.0,0,0,0,0.0,0.0,0.0,0.0,0.0,0.0,0.0,0.0,0.0,0.0,0.0,0.0,0.0,0.0,0.0,0.0,0,-107875648.0,69,0.0,138,0.0,-0.0,0,13107,17085,52429,17098,0,17079,0,0,0,70,68,100,0.0,82.3,-0.0,77.8,-0.0,78.5,1,49,50,180,0,26215,0,0,0.0,0.0,0.0,0.0,-0.0,67.0,0.0,162057.094,0.0,970,0,992,0,0,0,946,0,1014,0,915,0,788,0,778,0,821,0,7520,0.032,2.6373079417881625e+19,0.0,0.0,784,16797,-0.0,162057.094,-114818.039,-0.0,0.133,6.909358625270745e+28,30.0,70.0,35,0.0,0.0,0.0,0.0,0.0,0.0,0.0,0.0,0.0,0.0,0.0,0.0,0.0,0.0,0.0,0.0,66.4,0,150,71,51,65476,0,300,0,0,8,20529,65476,0,0,44564,70.0,0.0,0.0,0.0,0.0,0.0
2026-09-10T21:48:50,ERR,ERR,ERR,ERR,ERR,ERR,ERR,ERR,ERR,ERR,ERR,ERR,ERR,ERR,ERR,ERR,ERR,ERR,ERR,ERR,ERR,ERR,ERR,ERR,ERR,ERR,ERR,ERR,ERR,ERR,ERR,ERR,ERR,ERR,ERR,ERR,ERR,ERR,ERR,ERR,ERR,ERR,ERR,ERR,ERR,ERR,ERR,ERR,ERR,ERR,ERR,ERR,ERR,ERR,ERR,ERR,ERR,ERR,ERR,ERR,ERR,ERR,ERR,ERR,ERR,ERR,ERR,ERR,ERR,ERR,ERR,ERR,ERR,ERR,ERR,ERR,ERR,ERR,ERR,ERR,ERR,ERR,ERR,ERR,ERR,ERR,ERR,ERR,ERR,ERR,ERR,ERR,ERR,ERR,ERR,ERR,ERR,ERR,ERR,ERR,ERR,ERR,ERR,ERR,ERR,ERR,ERR,ERR,ERR,ERR,ERR,ERR,ERR,ERR,ERR,ERR,ERR,ERR,ERR,ERR,ERR,ERR,ERR,ERR,ERR,0.0,0.0,0.0,0.0,0.0,1.3936040501711995e+18,7.805,0.0,0,0,4,0,7116,0.0,100,0.0,0.0,0.0,0.0,0.0,0,0,0,0,0.0,0,0,0,0,0,0,0,0,0,0,0,0,0,0,0,0,0,0,0,0,0,0,0,0,0,0,0,0,0,0,0,0,0,31,40,40,71,65476,0,300,0,0,8,21553,0.0,-107605600.0,0.0,0.0,0.0,0.0,0.0,0.0,0.0,0.0,0.0,0.0,0.0,0.0,0.0,0.0,0.0,0.0,0.0,0.0,0.0,0.0,-2.004,0.0,0.0,0.0,0.0,0.0,0.0,0.0,4519.0,0.0,6917.0,0.0,0.0,0.0,-0.0,0.0,0.0,0.0,0.0,69,-0.059,-0.0,0.0,0.0,0.0,0.0,0.0,0.0,0.0,0,0,0,0.0,0.0,0.0,0.0,0.0,0.0,0.0,0.0,0.0,0.0,0.0,0.0,0.0,0.0,0.0,0.0,0,-107875648.0,69,0.0,138,0.0,-0.0,0,13107,17085,52429,17098,0,17079,0,0,0,70,68,100,0.0,82.3,-0.0,77.8,-0.0,78.5,1,49,50,180,0,26215,0,0,0.0,0.0,0.0,0.0,-0.0,67.0,0.0,162057.094,0.0,970,0,992,0,0,0,946,0,1014,0,915,0,788,0,778,0,821,0,7520,0.032,2.6373079417881625e+19,0.0,0.0,784,16797,-0.0,162057.094,-114818.039,-0.0,0.133,6.909358625270745e+28,30.0,70.0,35,0.0,0.0,0.0,0.0,0.0,0.0,0.0,0.0,0.0,0.0,0.0,0.0,0.0,0.0,0.0,0.0,66.4,0,150,71,51,65476,0,300,0,0,8,20529,65476,0,0,44564,70.0,0.0,0.0,0.0,0.0,0.0
2026-09-10T21:48:51,ERR,ERR,ERR,ERR,ERR,ERR,ERR,ERR,ERR,ERR,ERR,ERR,ERR,ERR,ERR,ERR,ERR,ERR,ERR,ERR,ERR,ERR,ERR,ERR,ERR,ERR,ERR,ERR,ERR,ERR,ERR,ERR,ERR,ERR,ERR,ERR,ERR,ERR,ERR,ERR,ERR,ERR,ERR,ERR,ERR,ERR,ERR,ERR,ERR,ERR,ERR,ERR,ERR,ERR,ERR,ERR,ERR,ERR,ERR,ERR,ERR,ERR,ERR,ERR,ERR,ERR,ERR,ERR,ERR,ERR,ERR,ERR,ERR,ERR,ERR,ERR,ERR,ERR,ERR,ERR,ERR,ERR,ERR,ERR,ERR,ERR,ERR,ERR,ERR,ERR,ERR,ERR,ERR,ERR,ERR,ERR,ERR,ERR,ERR,ERR,ERR,ERR,ERR,ERR,ERR,ERR,ERR,ERR,ERR,ERR,ERR,ERR,ERR,ERR,ERR,ERR,ERR,ERR,ERR,ERR,ERR,ERR,ERR,ERR,ERR,0.0,0.0,0.0,0.0,0.0,1.3936040501711995e+18,7.805,0.0,0,0,4,0,7116,0.0,100,0.0,0.0,0.0,0.0,0.0,0,0,0,0,0.0,0,0,0,0,0,0,0,0,0,0,0,0,0,0,0,0,0,0,0,0,0,0,0,0,0,0,0,0,0,0,0,0,0,31,40,40,71,65476,0,300,0,0,8,21553,0.0,-107605600.0,0.0,0.0,0.0,0.0,0.0,0.0,0.0,0.0,0.0,0.0,0.0,0.0,0.0,0.0,0.0,0.0,0.0,0.0,0.0,0.0,-2.004,0.0,-2.004,0.0,0.0,0.0,0.0,0.0,4515.0,0.0,6913.0,0.0,0.0,0.0,-0.0,0.0,0.0,0.0,0.0,69,-0.0,-0.0,0.0,0.0,0.0,0.0,0.0,0.0,0.0,0,0,0,0.0,0.0,0.0,0.0,0.0,0.0,0.0,0.0,0.0,0.0,0.0,0.0,0.0,0.0,0.0,0.0,0,-107875648.0,69,0.0,138,0.0,-100793952.0,0,13107,17085,52429,17098,13107,17079,0,0,0,70,68,100,0.0,82.3,-0.0,77.8,-0.0,78.5,1,49,50,180,0,26215,0,0,0.0,0.0,0.0,0.0,-0.0,67.0,0.0,162057.094,0.0,970,0,992,0,0,0,946,0,1014,0,916,0,788,0,778,0,822,0,7520,0.032,2.478781234904721e+19,0.0,0.0,784,16797,-0.0,162057.094,-114818.039,-0.0,0.133,6.909358625270745e+28,30.0,70.0,35,0.0,0.0,0.0,0.0,0.0,0.0,0.0,0.0,0.0,0.0,0.0,0.0,0.0,0.0,0.0,0.0,66.4,0,150,71,51,65476,0,300,0,0,8,20529,65476,0,0,44564,70.0,0.0,0.0,0.0,0.0,0.0
2026-09-10T21:48:52,ERR,ERR,ERR,ERR,ERR,ERR,ERR,ERR,ERR,ERR,ERR,ERR,ERR,ERR,ERR,ERR,ERR,ERR,ERR,ERR,ERR,ERR,ERR,ERR,ERR,ERR,ERR,ERR,ERR,ERR,ERR,ERR,ERR,ERR,ERR,ERR,ERR,ERR,ERR,ERR,ERR,ERR,ERR,ERR,ERR,ERR,ERR,ERR,ERR,ERR,ERR,ERR,ERR,ERR,ERR,ERR,ERR,ERR,ERR,ERR,ERR,ERR,ERR,ERR,ERR,ERR,ERR,ERR,ERR,ERR,ERR,ERR,ERR,ERR,ERR,ERR,ERR,ERR,ERR,ERR,ERR,ERR,ERR,ERR,ERR,ERR,ERR,ERR,ERR,ERR,ERR,ERR,ERR,ERR,ERR,ERR,ERR,ERR,ERR,ERR,ERR,ERR,ERR,ERR,ERR,ERR,ERR,ERR,ERR,ERR,ERR,ERR,ERR,ERR,ERR,ERR,ERR,ERR,ERR,ERR,ERR,ERR,ERR,ERR,ERR,0.0,0.0,0.0,0.0,0.0,1.3936040501711995e+18,7.805,0.0,0,0,4,0,7116,0.0,100,0.0,0.0,0.0,0.0,0.0,0,0,0,0,0.0,0,0,0,0,0,0,0,0,0,0,0,0,0,0,0,0,0,0,0,0,0,0,0,0,0,0,0,0,0,0,0,0,0,31,40,40,71,65476,0,300,0,0,8,21553,0.0,-107605600.0,0.0,0.0,0.0,0.0,0.0,0.0,0.0,0.0,0.0,0.0,0.0,0.0,0.0,0.0,0.0,0.0,0.0,0.0,0.0,0.0,-2.004,0.0,-2.004,0.0,0.0,0.0,0.0,0.0,4515.0,0.0,6913.0,0.0,0.0,0.0,-0.0,0.0,0.0,0.0,0.0,69,-0.0,-0.0,0.0,0.0,0.0,0.0,0.0,0.0,0.0,0,0,0,0.0,0.0,0.0,0.0,0.0,0.0,0.0,0.0,0.0,0.0,0.0,0.0,0.0,0.0,0.0,0.0,0,-107875648.0,69,0.0,138,0.0,-100793952.0,0,13107,17085,52429,17098,13107,17079,0,0,0,70,68,100,0.0,82.3,-0.0,77.8,-0.0,78.5,1,49,50,180,0,26215,0,0,0.0,0.0,0.0,0.0,-0.0,67.0,0.0,162057.094,0.0,970,0,992,0,0,0,946,0,1014,0,916,0,788,0,778,0,822,0,7520,0.032,2.478781234904721e+19,0.0,0.0,784,16797,-0.0,162057.094,-114818.039,-0.0,0.133,6.909358625270745e+28,30.0,70.0,35,0.0,0.0,0.0,0.0,0.0,0.0,0.0,0.0,0.0,0.0,0.0,0.0,0.0,0.0,0.0,0.0,66.4,0,150,71,51,65476,0,300,0,0,8,20529,65476,0,0,44564,70.0,0.0,0.0,0.0,0.0,0.0
2026-09-10T21:48:53,ERR,ERR,ERR,ERR,ERR,ERR,ERR,ERR,ERR,ERR,ERR,ERR,ERR,ERR,ERR,ERR,ERR,ERR,ERR,ERR,ERR,ERR,ERR,ERR,ERR,ERR,ERR,ERR,ERR,ERR,ERR,ERR,ERR,ERR,ERR,ERR,ERR,ERR,ERR,ERR,ERR,ERR,ERR,ERR,ERR,ERR,ERR,ERR,ERR,ERR,ERR,ERR,ERR,ERR,ERR,ERR,ERR,ERR,ERR,ERR,ERR,ERR,ERR,ERR,ERR,ERR,ERR,ERR,ERR,ERR,ERR,ERR,ERR,ERR,ERR,ERR,ERR,ERR,ERR,ERR,ERR,ERR,ERR,ERR,ERR,ERR,ERR,ERR,ERR,ERR,ERR,ERR,ERR,ERR,ERR,ERR,ERR,ERR,ERR,ERR,ERR,ERR,ERR,ERR,ERR,ERR,ERR,ERR,ERR,ERR,ERR,ERR,ERR,ERR,ERR,ERR,ERR,ERR,ERR,ERR,ERR,ERR,ERR,ERR,ERR,0.0,0.0,0.0,0.0,0.0,1.3936040501711995e+18,7.805,0.0,0,0,4,0,7116,0.0,100,0.0,0.0,0.0,0.0,0.0,0,0,0,0,0.0,0,0,0,0,0,0,0,0,0,0,0,0,0,0,0,0,0,0,0,0,0,0,0,0,0,0,0,0,0,0,0,0,0,31,40,40,71,65476,0,300,0,0,8,21553,0.0,-107605600.0,0.0,0.0,0.0,0.0,0.0,0.0,0.0,0.0,0.0,0.0,0.0,0.0,0.0,0.0,0.0,0.0,0.0,0.0,0.0,0.0,-2.004,0.0,-2.004,0.0,0.0,0.0,0.0,0.0,4515.0,0.0,6913.0,0.0,0.0,0.0,-0.0,0.0,0.0,0.0,0.0,69,-0.0,-0.0,0.0,0.0,0.0,0.0,0.0,0.0,0.0,0,0,0,0.0,0.0,0.0,0.0,0.0,0.0,0.0,0.0,0.0,0.0,0.0,0.0,0.0,0.0,0.0,0.0,0,-107875648.0,69,0.0,138,0.0,-100793952.0,0,13107,17085,52429,17098,13107,17079,0,0,0,70,68,100,0.0,82.3,-0.0,77.8,-0.0,78.5,1,49,50,180,0,26215,0,0,0.0,0.0,0.0,0.0,-0.0,67.0,0.0,162057.094,0.0,970,0,992,0,0,0,946,0,1014,0,916,0,788,0,778,0,822,0,7520,0.032,2.478781234904721e+19,0.0,0.0,784,16797,-0.0,162057.094,-114818.039,-0.0,0.133,6.909358625270745e+28,30.0,70.0,35,0.0,0.0,0.0,0.0,0.0,0.0,0.0,0.0,0.0,0.0,0.0,0.0,0.0,0.0,0.0,0.0,66.4,0,150,71,51,65476,0,300,0,0,8,20529,65476,0,0,44564,70.0,0.0,0.0,0.0,0.0,0.0
2026-09-10T21:48:54,ERR,ERR,ERR,ERR,ERR,ERR,ERR,ERR,ERR,ERR,ERR,ERR,ERR,ERR,ERR,ERR,ERR,ERR,ERR,ERR,ERR,ERR,ERR,ERR,ERR,ERR,ERR,ERR,ERR,ERR,ERR,ERR,ERR,ERR,ERR,ERR,ERR,ERR,ERR,ERR,ERR,ERR,ERR,ERR,ERR,ERR,ERR,ERR,ERR,ERR,ERR,ERR,ERR,ERR,ERR,ERR,ERR,ERR,ERR,ERR,ERR,ERR,ERR,ERR,ERR,ERR,ERR,ERR,ERR,ERR,ERR,ERR,ERR,ERR,ERR,ERR,ERR,ERR,ERR,ERR,ERR,ERR,ERR,ERR,ERR,ERR,ERR,ERR,ERR,ERR,ERR,ERR,ERR,ERR,ERR,ERR,ERR,ERR,ERR,ERR,ERR,ERR,ERR,ERR,ERR,ERR,ERR,ERR,ERR,ERR,ERR,ERR,ERR,ERR,ERR,ERR,ERR,ERR,ERR,ERR,ERR,ERR,ERR,ERR,ERR,0.0,0.0,0.0,0.0,0.0,1.3936040501711995e+18,7.805,0.0,0,0,4,0,7116,0.0,100,0.0,0.0,0.0,0.0,0.0,0,0,0,0,0.0,0,0,0,0,0,0,0,0,0,0,0,0,0,0,0,0,0,0,0,0,0,0,0,0,0,0,0,0,0,0,0,0,0,31,40,40,71,65476,0,300,0,0,8,21553,0.0,-107605600.0,0.0,0.0,0.0,0.0,0.0,0.0,0.0,0.0,0.0,0.0,0.0,0.0,0.0,0.0,0.0,0.0,0.0,0.0,0.0,0.0,-2.004,0.0,-2.004,0.0,0.0,0.0,0.0,0.0,4515.0,0.0,6913.0,0.0,0.0,0.0,-0.0,0.0,0.0,0.0,0.0,69,-0.0,-0.0,0.0,0.0,0.0,0.0,0.0,0.0,0.0,0,0,0,0.0,0.0,0.0,0.0,0.0,0.0,0.0,0.0,0.0,0.0,0.0,0.0,0.0,0.0,0.0,0.0,0,-107875648.0,69,0.0,138,0.0,-100793952.0,0,13107,17085,52429,17098,13107,17079,0,0,0,70,68,100,0.0,82.3,-0.0,77.8,-0.0,78.5,1,49,50,180,0,26215,0,0,0.0,0.0,0.0,0.0,-0.0,67.0,0.0,162057.094,0.0,970,0,992,0,0,0,946,0,1014,0,916,0,788,0,778,0,822,0,7520,0.032,2.478781234904721e+19,0.0,0.0,784,16797,-0.0,162057.094,-114818.039,-0.0,0.133,6.909358625270745e+28,30.0,70.0,35,0.0,0.0,0.0,0.0,0.0,0.0,0.0,0.0,0.0,0.0,0.0,0.0,0.0,0.0,0.0,0.0,66.4,0,150,71,51,65476,0,300,0,0,8,20529,65476,0,0,44564,70.0,0.0,0.0,0.0,0.0,0.0
2026-09-10T21:48:55,ERR,ERR,ERR,ERR,ERR,ERR,ERR,ERR,ERR,ERR,ERR,ERR,ERR,ERR,ERR,ERR,ERR,ERR,ERR,ERR,ERR,ERR,ERR,ERR,ERR,ERR,ERR,ERR,ERR,ERR,ERR,ERR,ERR,ERR,ERR,ERR,ERR,ERR,ERR,ERR,ERR,ERR,ERR,ERR,ERR,ERR,ERR,ERR,ERR,ERR,ERR,ERR,ERR,ERR,ERR,ERR,ERR,ERR,ERR,ERR,ERR,ERR,ERR,ERR,ERR,ERR,ERR,ERR,ERR,ERR,ERR,ERR,ERR,ERR,ERR,ERR,ERR,ERR,ERR,ERR,ERR,ERR,ERR,ERR,ERR,ERR,ERR,ERR,ERR,ERR,ERR,ERR,ERR,ERR,ERR,ERR,ERR,ERR,ERR,ERR,ERR,ERR,ERR,ERR,ERR,ERR,ERR,ERR,ERR,ERR,ERR,ERR,ERR,ERR,ERR,ERR,ERR,ERR,ERR,ERR,ERR,ERR,ERR,ERR,ERR,0.0,0.0,0.0,0.0,0.0,1.3936040501711995e+18,7.805,0.0,0,0,4,0,7116,0.0,100,0.0,0.0,0.0,0.0,0.0,0,0,0,0,0.0,0,0,0,0,0,0,0,0,0,0,0,0,0,0,0,0,0,0,0,0,0,0,0,0,0,0,0,0,0,0,0,0,0,31,40,40,71,65476,0,300,0,0,8,21553,0.0,-107605600.0,0.0,0.0,0.0,0.0,0.0,0.0,0.0,0.0,0.0,0.0,0.0,0.0,0.0,0.0,0.0,0.0,0.0,0.0,0.0,0.0,-2.004,0.0,-2.004,0.0,0.0,0.0,0.0,0.0,4515.0,0.0,6913.0,0.0,0.0,0.0,-0.0,0.0,0.0,0.0,0.0,69,-0.0,-0.0,0.0,0.0,0.0,0.0,0.0,0.0,0.0,0,0,0,0.0,0.0,0.0,0.0,0.0,0.0,0.0,0.0,0.0,0.0,0.0,0.0,0.0,0.0,0.0,0.0,0,-107875648.0,69,0.0,138,0.0,-100793952.0,0,13107,17085,52429,17098,13107,17079,0,0,0,70,68,100,0.0,82.3,-0.0,77.8,-0.0,78.5,1,49,50,180,0,26215,0,0,0.0,0.0,0.0,0.0,-0.0,67.0,0.0,162057.094,0.0,970,0,992,0,0,0,946,0,1014,0,916,0,788,0,778,0,822,0,7520,0.032,2.478781234904721e+19,0.0,0.0,784,16797,-0.0,162057.094,-114818.039,-0.0,0.133,6.909358625270745e+28,30.0,70.0,35,0.0,0.0,0.0,0.0,0.0,0.0,0.0,0.0,0.0,0.0,0.0,0.0,0.0,0.0,0.0,0.0,66.4,0,150,71,51,65476,0,300,0,0,8,20529,65476,0,0,44564,70.0,0.0,0.0,0.0,0.0,0.0
2026-09-10T21:48:56,ERR,ERR,ERR,ERR,ERR,ERR,ERR,ERR,ERR,ERR,ERR,ERR,ERR,ERR,ERR,ERR,ERR,ERR,ERR,ERR,ERR,ERR,ERR,ERR,ERR,ERR,ERR,ERR,ERR,ERR,ERR,ERR,ERR,ERR,ERR,ERR,ERR,ERR,ERR,ERR,ERR,ERR,ERR,ERR,ERR,ERR,ERR,ERR,ERR,ERR,ERR,ERR,ERR,ERR,ERR,ERR,ERR,ERR,ERR,ERR,ERR,ERR,ERR,ERR,ERR,ERR,ERR,ERR,ERR,ERR,ERR,ERR,ERR,ERR,ERR,ERR,ERR,ERR,ERR,ERR,ERR,ERR,ERR,ERR,ERR,ERR,ERR,ERR,ERR,ERR,ERR,ERR,ERR,ERR,ERR,ERR,ERR,ERR,ERR,ERR,ERR,ERR,ERR,ERR,ERR,ERR,ERR,ERR,ERR,ERR,ERR,ERR,ERR,ERR,ERR,ERR,ERR,ERR,ERR,ERR,ERR,ERR,ERR,ERR,ERR,0.0,0.0,0.0,0.0,0.0,1.3936040501711995e+18,7.805,0.0,0,0,4,0,7116,0.0,100,0.0,0.0,0.0,0.0,0.0,0,0,0,0,0.0,0,0,0,0,0,0,0,0,0,0,0,0,0,0,0,0,0,0,0,0,0,0,0,0,0,0,0,0,0,0,0,0,0,31,40,40,71,65476,0,300,0,0,8,21553,0.0,-107605600.0,0.0,0.0,0.0,0.0,0.0,0.0,0.0,0.0,0.0,0.0,0.0,0.0,0.0,0.0,0.0,0.0,0.0,0.0,0.0,0.0,-2.004,0.0,-2.004,0.0,0.0,0.0,0.0,0.0,4515.0,0.0,6913.0,0.0,0.0,0.0,-0.0,0.0,0.0,0.0,0.0,69,-0.0,-0.0,0.0,0.0,0.0,0.0,0.0,0.0,0.0,0,0,0,0.0,0.0,0.0,0.0,0.0,0.0,0.0,0.0,0.0,0.0,0.0,0.0,0.0,0.0,0.0,0.0,0,-107875648.0,69,0.0,138,0.0,-100793952.0,0,13107,17085,52429,17098,13107,17079,0,0,0,70,68,100,0.0,82.3,-0.0,77.8,-0.0,78.5,1,49,50,180,0,26215,0,0,0.0,0.0,0.0,0.0,-0.0,67.0,0.0,162057.094,0.0,970,0,992,0,0,0,946,0,1014,0,916,0,788,0,778,0,822,0,7520,0.032,2.478781234904721e+19,0.0,0.0,784,16797,-0.0,162057.094,-114818.039,-0.0,0.133,6.909358625270745e+28,30.0,70.0,35,0.0,0.0,0.0,0.0,0.0,0.0,0.0,0.0,0.0,0.0,0.0,0.0,0.0,0.0,0.0,0.0,66.4,0,150,71,51,65476,0,300,0,0,8,20529,65476,0,0,44564,70.0,0.0,0.0,0.0,0.0,0.0
2026-09-10T21:48:57,ERR,ERR,ERR,ERR,ERR,ERR,ERR,ERR,ERR,ERR,ERR,ERR,ERR,ERR,ERR,ERR,ERR,ERR,ERR,ERR,ERR,ERR,ERR,ERR,ERR,ERR,ERR,ERR,ERR,ERR,ERR,ERR,ERR,ERR,ERR,ERR,ERR,ERR,ERR,ERR,ERR,ERR,ERR,ERR,ERR,ERR,ERR,ERR,ERR,ERR,ERR,ERR,ERR,ERR,ERR,ERR,ERR,ERR,ERR,ERR,ERR,ERR,ERR,ERR,ERR,ERR,ERR,ERR,ERR,ERR,ERR,ERR,ERR,ERR,ERR,ERR,ERR,ERR,ERR,ERR,ERR,ERR,ERR,ERR,ERR,ERR,ERR,ERR,ERR,ERR,ERR,ERR,ERR,ERR,ERR,ERR,ERR,ERR,ERR,ERR,ERR,ERR,ERR,ERR,ERR,ERR,ERR,ERR,ERR,ERR,ERR,ERR,ERR,ERR,ERR,ERR,ERR,ERR,ERR,ERR,ERR,ERR,ERR,ERR,ERR,0.0,0.0,0.0,0.0,0.0,1.3936040501711995e+18,7.805,0.0,0,0,4,0,7116,0.0,100,0.0,0.0,0.0,0.0,0.0,0,0,0,0,0.0,0,0,0,0,0,0,0,0,0,0,0,0,0,0,0,0,0,0,0,0,0,0,0,0,0,0,0,0,0,0,0,0,0,31,40,40,71,65476,0,300,0,0,8,21553,0.0,-107605600.0,0.0,0.0,0.0,0.0,0.0,0.0,0.0,0.0,0.0,0.0,0.0,0.0,0.0,0.0,0.0,0.0,0.0,0.0,0.0,0.0,-2.004,0.0,-2.004,0.0,0.0,0.0,0.0,0.0,4515.0,0.0,6913.0,0.0,0.0,0.0,-0.0,0.0,0.0,0.0,0.0,69,-0.0,-0.0,0.0,0.0,0.0,0.0,0.0,0.0,0.0,0,0,0,0.0,0.0,0.0,0.0,0.0,0.0,0.0,0.0,0.0,0.0,0.0,0.0,0.0,0.0,0.0,0.0,0,-107875648.0,69,0.0,138,0.0,-100793952.0,0,13107,17085,52429,17098,13107,17079,0,0,0,70,68,100,0.0,82.3,-0.0,77.8,-0.0,78.5,1,49,50,180,0,26215,0,0,0.0,0.0,0.0,0.0,-0.0,67.0,0.0,162057.094,0.0,970,0,992,0,0,0,946,0,1014,0,916,0,788,0,778,0,821,0,7520,0.032,2.032024151869568e+19,0.0,0.0,784,16797,-0.0,162057.094,-114818.039,-0.0,0.133,6.909358625270745e+28,30.0,70.0,35,0.0,0.0,0.0,0.0,0.0,0.0,0.0,0.0,0.0,0.0,0.0,0.0,0.0,0.0,0.0,0.0,66.4,0,150,71,51,65476,0,300,0,0,8,20529,65476,0,0,44564,70.0,0.0,0.0,0.0,0.0,0.0
2026-09-10T21:48:58,ERR,ERR,ERR,ERR,ERR,ERR,ERR,ERR,ERR,ERR,ERR,ERR,ERR,ERR,ERR,ERR,ERR,ERR,ERR,ERR,ERR,ERR,ERR,ERR,ERR,ERR,ERR,ERR,ERR,ERR,ERR,ERR,ERR,ERR,ERR,ERR,ERR,ERR,ERR,ERR,ERR,ERR,ERR,ERR,ERR,ERR,ERR,ERR,ERR,ERR,ERR,ERR,ERR,ERR,ERR,ERR,ERR,ERR,ERR,ERR,ERR,ERR,ERR,ERR,ERR,ERR,ERR,ERR,ERR,ERR,ERR,ERR,ERR,ERR,ERR,ERR,ERR,ERR,ERR,ERR,ERR,ERR,ERR,ERR,ERR,ERR,ERR,ERR,ERR,ERR,ERR,ERR,ERR,ERR,ERR,ERR,ERR,ERR,ERR,ERR,ERR,ERR,ERR,ERR,ERR,ERR,ERR,ERR,ERR,ERR,ERR,ERR,ERR,ERR,ERR,ERR,ERR,ERR,ERR,ERR,ERR,ERR,ERR,ERR,ERR,0.0,0.0,0.0,0.0,0.0,1.3936040501711995e+18,7.805,0.0,0,0,4,0,7116,0.0,100,0.0,0.0,0.0,0.0,0.0,0,0,0,0,0.0,0,0,0,0,0,0,0,0,0,0,0,0,0,0,0,0,0,0,0,0,0,0,0,0,0,0,0,0,0,0,0,0,0,31,40,40,71,65476,0,300,0,0,8,21553,0.0,-107605600.0,0.0,0.0,0.0,0.0,0.0,0.0,0.0,0.0,0.0,0.0,0.0,0.0,0.0,0.0,0.0,0.0,0.0,0.0,0.0,0.0,-2.004,0.0,-2.004,0.0,0.0,0.0,0.0,0.0,4515.0,0.0,6913.0,0.0,0.0,0.0,-0.0,0.0,0.0,0.0,0.0,69,-0.0,-0.0,0.0,0.0,0.0,0.0,0.0,0.0,0.0,0,0,0,0.0,0.0,0.0,0.0,0.0,0.0,0.0,0.0,0.0,0.0,0.0,0.0,0.0,0.0,0.0,0.0,0,-107875648.0,69,0.0,138,0.0,-100793952.0,0,13107,17085,52429,17098,13107,17079,0,0,0,70,68,100,0.0,82.3,-0.0,77.8,-0.0,78.5,1,49,50,180,0,26215,0,0,0.0,0.0,0.0,0.0,-0.0,67.0,0.0,162057.094,0.0,970,0,992,0,0,0,946,0,1014,0,916,0,788,0,778,0,821,0,7520,0.032,2.032024151869568e+19,0.0,0.0,784,16797,-0.0,162057.094,-114818.039,-0.0,0.133,6.909358625270745e+28,30.0,70.0,35,0.0,0.0,0.0,0.0,0.0,0.0,0.0,0.0,0.0,0.0,0.0,0.0,0.0,0.0,0.0,0.0,66.4,0,150,71,51,65476,0,300,0,0,8,20529,65476,0,0,44564,70.0,0.0,0.0,0.0,0.0,0.0
2026-09-10T21:48:59,ERR,ERR,ERR,ERR,ERR,ERR,ERR,ERR,ERR,ERR,ERR,ERR,ERR,ERR,ERR,ERR,ERR,ERR,ERR,ERR,ERR,ERR,ERR,ERR,ERR,ERR,ERR,ERR,ERR,ERR,ERR,ERR,ERR,ERR,ERR,ERR,ERR,ERR,ERR,ERR,ERR,ERR,ERR,ERR,ERR,ERR,ERR,ERR,ERR,ERR,ERR,ERR,ERR,ERR,ERR,ERR,ERR,ERR,ERR,ERR,ERR,ERR,ERR,ERR,ERR,ERR,ERR,ERR,ERR,ERR,ERR,ERR,ERR,ERR,ERR,ERR,ERR,ERR,ERR,ERR,ERR,ERR,ERR,ERR,ERR,ERR,ERR,ERR,ERR,ERR,ERR,ERR,ERR,ERR,ERR,ERR,ERR,ERR,ERR,ERR,ERR,ERR,ERR,ERR,ERR,ERR,ERR,ERR,ERR,ERR,ERR,ERR,ERR,ERR,ERR,ERR,ERR,ERR,ERR,ERR,ERR,ERR,ERR,ERR,ERR,0.0,0.0,0.0,0.0,0.0,1.3936040501711995e+18,7.805,0.0,0,0,4,0,7116,0.0,100,0.0,0.0,0.0,0.0,0.0,0,0,0,0,0.0,0,0,0,0,0,0,0,0,0,0,0,0,0,0,0,0,0,0,0,0,0,0,0,0,0,0,0,0,0,0,0,0,0,31,40,40,71,65476,0,300,0,0,8,21553,0.0,-107605600.0,0.0,0.0,0.0,0.0,0.0,0.0,0.0,0.0,0.0,0.0,0.0,0.0,0.0,0.0,0.0,0.0,0.0,0.0,0.0,0.0,-2.004,0.0,0.0,0.0,0.0,0.0,0.0,0.0,4516.0,0.0,6917.0,0.0,0.0,-0.0,-0.0,0.0,0.0,0.0,0.0,69,-0.0,-0.0,0.0,0.0,0.0,0.0,0.0,0.0,0.0,0,0,0,0.0,0.0,0.0,0.0,0.0,0.0,0.0,0.0,0.0,0.0,0.0,0.0,0.0,0.0,0.0,0.0,0,-107875648.0,69,0.0,138,0.0,-100793952.0,0,13107,17085,52429,17098,13107,17079,0,0,0,70,68,100,0.0,82.3,-0.0,77.8,-0.0,78.5,1,49,50,180,0,26215,0,0,0.0,0.0,0.0,0.0,-0.0,67.0,0.0,162057.094,0.0,970,0,992,0,0,0,946,0,1014,0,916,0,788,0,778,0,821,0,7520,0.032,2.032024151869568e+19,0.0,0.0,784,16797,-0.0,162057.094,-114818.039,-0.0,0.133,6.909358625270745e+28,30.0,70.0,35,0.0,0.0,0.0,0.0,0.0,0.0,0.0,0.0,0.0,0.0,0.0,0.0,0.0,0.0,0.0,0.0,66.8,0,150,71,51,65476,0,300,0,0,8,20529,65476,0,0,44564,70.0,0.0,0.0,0.0,0.0,0.0
2026-09-10T21:49:00,ERR,ERR,ERR,ERR,ERR,ERR,ERR,ERR,ERR,ERR,ERR,ERR,ERR,ERR,ERR,ERR,ERR,ERR,ERR,ERR,ERR,ERR,ERR,ERR,ERR,ERR,ERR,ERR,ERR,ERR,ERR,ERR,ERR,ERR,ERR,ERR,ERR,ERR,ERR,ERR,ERR,ERR,ERR,ERR,ERR,ERR,ERR,ERR,ERR,ERR,ERR,ERR,ERR,ERR,ERR,ERR,ERR,ERR,ERR,ERR,ERR,ERR,ERR,ERR,ERR,ERR,ERR,ERR,ERR,ERR,ERR,ERR,ERR,ERR,ERR,ERR,ERR,ERR,ERR,ERR,ERR,ERR,ERR,ERR,ERR,ERR,ERR,ERR,ERR,ERR,ERR,ERR,ERR,ERR,ERR,ERR,ERR,ERR,ERR,ERR,ERR,ERR,ERR,ERR,ERR,ERR,ERR,ERR,ERR,ERR,ERR,ERR,ERR,ERR,ERR,ERR,ERR,ERR,ERR,ERR,ERR,ERR,ERR,ERR,ERR,0.0,0.0,0.0,0.0,0.0,1.3936040501711995e+18,7.805,0.0,0,0,4,0,7116,0.0,100,0.0,0.0,0.0,0.0,0.0,0,0,0,0,0.0,0,0,0,0,0,0,0,0,0,0,0,0,0,0,0,0,0,0,0,0,0,0,0,0,0,0,0,0,0,0,0,0,0,31,40,40,71,65476,0,300,0,0,8,21553,0.0,-107605600.0,0.0,0.0,0.0,0.0,0.0,0.0,0.0,0.0,0.0,0.0,0.0,0.0,0.0,0.0,0.0,0.0,0.0,0.0,0.0,0.0,-2.004,0.0,0.0,0.0,0.0,0.0,0.0,0.0,4516.0,0.0,6917.0,0.0,0.0,-0.0,-0.0,0.0,0.0,0.0,0.0,69,-0.0,-0.0,0.0,0.0,0.0,0.0,0.0,0.0,0.0,0,0,0,0.0,0.0,0.0,0.0,0.0,0.0,0.0,0.0,0.0,0.0,0.0,0.0,0.0,0.0,0.0,0.0,0,-107875648.0,69,0.0,138,0.0,-100793952.0,0,13107,17085,52429,17098,13107,17079,0,0,0,70,68,100,0.0,82.3,-0.0,77.8,-0.0,78.5,1,49,50,180,0,26215,0,0,0.0,0.0,0.0,0.0,-0.0,67.0,0.0,162057.094,0.0,970,0,992,0,0,0,946,0,1014,0,916,0,788,0,778,0,821,0,7520,0.032,2.032024151869568e+19,0.0,0.0,784,16797,-0.0,162057.094,-114818.039,-0.0,0.133,6.909358625270745e+28,30.0,70.0,35,0.0,0.0,0.0,0.0,0.0,0.0,0.0,0.0,0.0,0.0,0.0,0.0,0.0,0.0,0.0,0.0,66.8,0,150,71,51,65476,0,300,0,0,8,20529,65476,0,0,44564,70.0,0.0,0.0,0.0,0.0,0.0
2026-09-10T21:49:01,ERR,ERR,ERR,ERR,ERR,ERR,ERR,ERR,ERR,ERR,ERR,ERR,ERR,ERR,ERR,ERR,ERR,ERR,ERR,ERR,ERR,ERR,ERR,ERR,ERR,ERR,ERR,ERR,ERR,ERR,ERR,ERR,ERR,ERR,ERR,ERR,ERR,ERR,ERR,ERR,ERR,ERR,ERR,ERR,ERR,ERR,ERR,ERR,ERR,ERR,ERR,ERR,ERR,ERR,ERR,ERR,ERR,ERR,ERR,ERR,ERR,ERR,ERR,ERR,ERR,ERR,ERR,ERR,ERR,ERR,ERR,ERR,ERR,ERR,ERR,ERR,ERR,ERR,ERR,ERR,ERR,ERR,ERR,ERR,ERR,ERR,ERR,ERR,ERR,ERR,ERR,ERR,ERR,ERR,ERR,ERR,ERR,ERR,ERR,ERR,ERR,ERR,ERR,ERR,ERR,ERR,ERR,ERR,ERR,ERR,ERR,ERR,ERR,ERR,ERR,ERR,ERR,ERR,ERR,ERR,ERR,ERR,ERR,ERR,ERR,0.0,0.0,0.0,0.0,0.0,1.3936040501711995e+18,7.805,0.0,0,0,4,0,7116,0.0,100,0.0,0.0,0.0,0.0,0.0,0,0,0,0,0.0,0,0,0,0,0,0,0,0,0,0,0,0,0,0,0,0,0,0,0,0,0,0,0,0,0,0,0,0,0,0,0,0,0,31,40,40,71,65476,0,300,0,0,8,21553,0.0,-107605600.0,0.0,0.0,0.0,0.0,0.0,0.0,0.0,0.0,0.0,0.0,0.0,0.0,0.0,0.0,0.0,0.0,0.0,0.0,0.0,0.0,-2.004,0.0,0.0,0.0,0.0,0.0,0.0,0.0,4516.0,0.0,6917.0,0.0,0.0,-0.0,-0.0,0.0,0.0,0.0,0.0,69,-0.0,-0.0,0.0,0.0,0.0,0.0,0.0,0.0,0.0,0,0,0,0.0,0.0,0.0,0.0,0.0,0.0,0.0,0.0,0.0,0.0,0.0,0.0,0.0,0.0,0.0,0.0,0,-107875648.0,69,0.0,138,0.0,-100793952.0,0,13107,17085,52429,17098,13107,17079,0,0,0,70,68,100,0.0,82.3,-0.0,77.8,-0.0,78.5,1,49,50,180,0,26215,0,0,0.0,0.0,0.0,0.0,-0.0,67.0,0.0,162057.094,0.0,970,0,992,0,0,0,946,0,1014,0,916,0,788,0,778,0,821,0,7520,0.032,2.032024151869568e+19,0.0,0.0,784,16797,-0.0,162057.094,-114818.039,-0.0,0.133,6.909358625270745e+28,30.0,70.0,35,0.0,0.0,0.0,0.0,0.0,0.0,0.0,0.0,0.0,0.0,0.0,0.0,0.0,0.0,0.0,0.0,66.8,0,150,71,51,65476,0,300,0,0,8,20529,65476,0,0,44564,70.0,0.0,0.0,0.0,0.0,0.0
2026-09-10T21:49:02,ERR,ERR,ERR,ERR,ERR,ERR,ERR,ERR,ERR,ERR,ERR,ERR,ERR,ERR,ERR,ERR,ERR,ERR,ERR,ERR,ERR,ERR,ERR,ERR,ERR,ERR,ERR,ERR,ERR,ERR,ERR,ERR,ERR,ERR,ERR,ERR,ERR,ERR,ERR,ERR,ERR,ERR,ERR,ERR,ERR,ERR,ERR,ERR,ERR,ERR,ERR,ERR,ERR,ERR,ERR,ERR,ERR,ERR,ERR,ERR,ERR,ERR,ERR,ERR,ERR,ERR,ERR,ERR,ERR,ERR,ERR,ERR,ERR,ERR,ERR,ERR,ERR,ERR,ERR,ERR,ERR,ERR,ERR,ERR,ERR,ERR,ERR,ERR,ERR,ERR,ERR,ERR,ERR,ERR,ERR,ERR,ERR,ERR,ERR,ERR,ERR,ERR,ERR,ERR,ERR,ERR,ERR,ERR,ERR,ERR,ERR,ERR,ERR,ERR,ERR,ERR,ERR,ERR,ERR,ERR,ERR,ERR,ERR,ERR,ERR,0.0,0.0,0.0,0.0,0.0,1.3936040501711995e+18,7.805,0.0,0,0,4,0,7116,0.0,100,0.0,0.0,0.0,0.0,0.0,0,0,0,0,0.0,0,0,0,0,0,0,0,0,0,0,0,0,0,0,0,0,0,0,0,0,0,0,0,0,0,0,0,0,0,0,0,0,0,31,40,40,71,65476,0,300,0,0,8,21553,0.0,-107605600.0,0.0,0.0,0.0,0.0,0.0,0.0,0.0,0.0,0.0,0.0,0.0,0.0,0.0,0.0,0.0,0.0,0.0,0.0,0.0,0.0,-2.004,0.0,0.0,0.0,0.0,0.0,0.0,0.0,4516.0,0.0,6917.0,0.0,0.0,-0.0,-0.0,0.0,0.0,0.0,0.0,69,-0.0,-0.0,0.0,0.0,0.0,0.0,0.0,0.0,0.0,0,0,0,0.0,0.0,0.0,0.0,0.0,0.0,0.0,0.0,0.0,0.0,0.0,0.0,0.0,0.0,0.0,0.0,0,-107875648.0,69,0.0,138,0.0,-100793952.0,0,13107,17085,52429,17098,13107,17079,0,0,0,70,68,100,0.0,82.3,-0.0,77.8,-0.0,78.5,1,49,50,180,0,26215,0,0,0.0,0.0,0.0,0.0,-0.0,67.0,0.0,162057.094,0.0,970,0,992,0,0,0,946,0,1014,0,916,0,788,0,778,0,821,0,7520,0.032,2.032024151869568e+19,0.0,0.0,784,16797,-0.0,162057.094,-114818.039,-0.0,0.133,6.909358625270745e+28,30.0,70.0,35,0.0,0.0,0.0,0.0,0.0,0.0,0.0,0.0,0.0,0.0,0.0,0.0,0.0,0.0,0.0,0.0,66.4,0,150,71,51,65476,0,300,0,0,8,20529,65476,0,0,44564,70.0,0.0,0.0,0.0,0.0,0.0
2026-09-10T21:49:03,ERR,ERR,ERR,ERR,ERR,ERR,ERR,ERR,ERR,ERR,ERR,ERR,ERR,ERR,ERR,ERR,ERR,ERR,ERR,ERR,ERR,ERR,ERR,ERR,ERR,ERR,ERR,ERR,ERR,ERR,ERR,ERR,ERR,ERR,ERR,ERR,ERR,ERR,ERR,ERR,ERR,ERR,ERR,ERR,ERR,ERR,ERR,ERR,ERR,ERR,ERR,ERR,ERR,ERR,ERR,ERR,ERR,ERR,ERR,ERR,ERR,ERR,ERR,ERR,ERR,ERR,ERR,ERR,ERR,ERR,ERR,ERR,ERR,ERR,ERR,ERR,ERR,ERR,ERR,ERR,ERR,ERR,ERR,ERR,ERR,ERR,ERR,ERR,ERR,ERR,ERR,ERR,ERR,ERR,ERR,ERR,ERR,ERR,ERR,ERR,ERR,ERR,ERR,ERR,ERR,ERR,ERR,ERR,ERR,ERR,ERR,ERR,ERR,ERR,ERR,ERR,ERR,ERR,ERR,ERR,ERR,ERR,ERR,ERR,ERR,0.0,0.0,0.0,0.0,0.0,1.3936040501711995e+18,7.805,0.0,0,0,4,0,7116,0.0,100,0.0,0.0,0.0,0.0,0.0,0,0,0,0,0.0,0,0,0,0,0,0,0,0,0,0,0,0,0,0,0,0,0,0,0,0,0,0,0,0,0,0,0,0,0,0,0,0,0,31,40,40,71,65476,0,300,0,0,8,21553,0.0,-107605600.0,0.0,0.0,0.0,0.0,0.0,0.0,0.0,0.0,0.0,0.0,0.0,0.0,0.0,0.0,0.0,0.0,0.0,0.0,0.0,0.0,-2.004,0.0,0.0,0.0,0.0,0.0,0.0,0.0,4516.0,0.0,6917.0,0.0,0.0,-0.0,-0.0,0.0,0.0,0.0,0.0,69,-0.0,-0.0,0.0,0.0,0.0,0.0,0.0,0.0,0.0,0,0,0,0.0,0.0,0.0,0.0,0.0,0.0,0.0,0.0,0.0,0.0,0.0,0.0,0.0,0.0,0.0,0.0,0,-107875648.0,69,0.0,138,0.0,-100793952.0,0,13107,17085,52429,17098,13107,17079,0,0,0,70,68,100,0.0,82.3,-0.0,77.8,-0.0,78.5,1,49,50,180,0,26215,0,0,0.0,0.0,0.0,0.0,-0.0,67.0,0.0,162057.094,0.0,970,0,992,0,0,0,946,0,1014,0,915,0,788,0,778,0,821,0,7520,0.032,2.6373079417881625e+19,0.0,0.0,784,16797,-0.0,162057.094,-114818.039,-0.0,0.133,6.909358625270745e+28,30.0,70.0,35,0.0,0.0,0.0,0.0,0.0,0.0,0.0,0.0,0.0,0.0,0.0,0.0,0.0,0.0,0.0,0.0,66.4,0,150,71,51,65476,0,300,0,0,8,20529,65476,0,0,44564,70.0,0.0,0.0,0.0,0.0,0.0
2026-09-10T21:49:04,ERR,ERR,ERR,ERR,ERR,ERR,ERR,ERR,ERR,ERR,ERR,ERR,ERR,ERR,ERR,ERR,ERR,ERR,ERR,ERR,ERR,ERR,ERR,ERR,ERR,ERR,ERR,ERR,ERR,ERR,ERR,ERR,ERR,ERR,ERR,ERR,ERR,ERR,ERR,ERR,ERR,ERR,ERR,ERR,ERR,ERR,ERR,ERR,ERR,ERR,ERR,ERR,ERR,ERR,ERR,ERR,ERR,ERR,ERR,ERR,ERR,ERR,ERR,ERR,ERR,ERR,ERR,ERR,ERR,ERR,ERR,ERR,ERR,ERR,ERR,ERR,ERR,ERR,ERR,ERR,ERR,ERR,ERR,ERR,ERR,ERR,ERR,ERR,ERR,ERR,ERR,ERR,ERR,ERR,ERR,ERR,ERR,ERR,ERR,ERR,ERR,ERR,ERR,ERR,ERR,ERR,ERR,ERR,ERR,ERR,ERR,ERR,ERR,ERR,ERR,ERR,ERR,ERR,ERR,ERR,ERR,ERR,ERR,ERR,ERR,0.0,0.0,0.0,0.0,0.0,1.3936040501711995e+18,7.805,0.0,0,0,4,0,7116,0.0,100,0.0,0.0,0.0,0.0,0.0,0,0,0,0,0.0,0,0,0,0,0,0,0,0,0,0,0,0,0,0,0,0,0,0,0,0,0,0,0,0,0,0,0,0,0,0,0,0,0,31,40,40,71,65476,0,300,0,0,8,21553,0.0,-107605600.0,0.0,0.0,0.0,0.0,0.0,0.0,0.0,0.0,0.0,0.0,0.0,0.0,0.0,0.0,0.0,0.0,0.0,0.0,0.0,0.0,-2.004,0.0,0.0,0.0,0.0,0.0,0.0,0.0,4516.0,0.0,6917.0,0.0,0.0,-0.0,-0.0,0.0,0.0,0.0,0.0,69,-0.0,-0.0,0.0,0.0,0.0,0.0,0.0,0.0,0.0,0,0,0,0.0,0.0,0.0,0.0,0.0,0.0,0.0,0.0,0.0,0.0,0.0,0.0,0.0,0.0,0.0,0.0,0,-107875648.0,69,0.0,138,0.0,-100793952.0,0,13107,17085,52429,17098,13107,17079,0,0,0,70,68,100,0.0,82.3,-0.0,77.8,-0.0,78.5,1,49,50,180,0,26215,0,0,0.0,0.0,0.0,0.0,-0.0,67.0,0.0,162057.094,0.0,970,0,992,0,0,0,946,0,1014,0,915,0,788,0,778,0,821,0,7520,0.032,2.6373079417881625e+19,0.0,0.0,784,16797,-0.0,162057.094,-114818.039,-0.0,0.133,6.909358625270745e+28,30.0,70.0,35,0.0,0.0,0.0,0.0,0.0,0.0,0.0,0.0,0.0,0.0,0.0,0.0,0.0,0.0,0.0,0.0,66.4,0,150,71,51,65476,0,300,0,0,8,20529,65476,0,0,44564,70.0,0.0,0.0,0.0,0.0,0.0
2026-09-10T21:49:05,ERR,ERR,ERR,ERR,ERR,ERR,ERR,ERR,ERR,ERR,ERR,ERR,ERR,ERR,ERR,ERR,ERR,ERR,ERR,ERR,ERR,ERR,ERR,ERR,ERR,ERR,ERR,ERR,ERR,ERR,ERR,ERR,ERR,ERR,ERR,ERR,ERR,ERR,ERR,ERR,ERR,ERR,ERR,ERR,ERR,ERR,ERR,ERR,ERR,ERR,ERR,ERR,ERR,ERR,ERR,ERR,ERR,ERR,ERR,ERR,ERR,ERR,ERR,ERR,ERR,ERR,ERR,ERR,ERR,ERR,ERR,ERR,ERR,ERR,ERR,ERR,ERR,ERR,ERR,ERR,ERR,ERR,ERR,ERR,ERR,ERR,ERR,ERR,ERR,ERR,ERR,ERR,ERR,ERR,ERR,ERR,ERR,ERR,ERR,ERR,ERR,ERR,ERR,ERR,ERR,ERR,ERR,ERR,ERR,ERR,ERR,ERR,ERR,ERR,ERR,ERR,ERR,ERR,ERR,ERR,ERR,ERR,ERR,ERR,ERR,0.0,0.0,0.0,0.0,0.0,1.3936040501711995e+18,7.805,0.0,0,0,4,0,7116,0.0,100,0.0,0.0,0.0,0.0,0.0,0,0,0,0,0.0,0,0,0,0,0,0,0,0,0,0,0,0,0,0,0,0,0,0,0,0,0,0,0,0,0,0,0,0,0,0,0,0,0,31,40,40,71,65476,0,300,0,0,8,21553,0.0,-107605600.0,0.0,0.0,0.0,0.0,0.0,0.0,0.0,0.0,0.0,0.0,0.0,0.0,0.0,0.0,0.0,0.0,0.0,0.0,0.0,0.0,-2.004,0.0,0.0,0.0,0.0,0.0,0.0,0.0,4516.0,0.0,6917.0,0.0,0.0,-0.0,-0.0,0.0,0.0,0.0,0.0,69,-0.0,-0.0,0.0,0.0,0.0,0.0,0.0,0.0,0.0,0,0,0,0.0,0.0,0.0,0.0,0.0,0.0,0.0,0.0,0.0,0.0,0.0,0.0,0.0,0.0,0.0,0.0,0,-107875648.0,69,0.0,138,0.0,-100793952.0,0,13107,17085,52429,17098,13107,17079,0,0,0,70,68,100,0.0,82.3,-0.0,77.8,-0.0,78.5,1,49,50,180,0,26215,0,0,0.0,0.0,0.0,0.0,-0.0,67.0,0.0,162057.094,0.0,970,0,992,0,0,0,946,0,1014,0,915,0,788,0,778,0,821,0,7520,0.032,2.6373079417881625e+19,0.0,0.0,784,16797,-0.0,162057.094,-114818.039,-0.0,0.133,6.909358625270745e+28,30.0,70.0,35,0.0,0.0,0.0,0.0,0.0,0.0,0.0,0.0,0.0,0.0,0.0,0.0,0.0,0.0,0.0,0.0,66.4,0,150,71,51,65476,0,300,0,0,8,20529,65476,0,0,44564,70.0,0.0,0.0,0.0,0.0,0.0
2026-09-10T21:49:06,ERR,ERR,ERR,ERR,ERR,ERR,ERR,ERR,ERR,ERR,ERR,ERR,ERR,ERR,ERR,ERR,ERR,ERR,ERR,ERR,ERR,ERR,ERR,ERR,ERR,ERR,ERR,ERR,ERR,ERR,ERR,ERR,ERR,ERR,ERR,ERR,ERR,ERR,ERR,ERR,ERR,ERR,ERR,ERR,ERR,ERR,ERR,ERR,ERR,ERR,ERR,ERR,ERR,ERR,ERR,ERR,ERR,ERR,ERR,ERR,ERR,ERR,ERR,ERR,ERR,ERR,ERR,ERR,ERR,ERR,ERR,ERR,ERR,ERR,ERR,ERR,ERR,ERR,ERR,ERR,ERR,ERR,ERR,ERR,ERR,ERR,ERR,ERR,ERR,ERR,ERR,ERR,ERR,ERR,ERR,ERR,ERR,ERR,ERR,ERR,ERR,ERR,ERR,ERR,ERR,ERR,ERR,ERR,ERR,ERR,ERR,ERR,ERR,ERR,ERR,ERR,ERR,ERR,ERR,ERR,ERR,ERR,ERR,ERR,ERR,0.0,0.0,0.0,0.0,0.0,1.3936040501711995e+18,7.805,0.0,0,0,4,0,7116,0.0,100,0.0,0.0,0.0,0.0,0.0,0,0,0,0,0.0,0,0,0,0,0,0,0,0,0,0,0,0,0,0,0,0,0,0,0,0,0,0,0,0,0,0,0,0,0,0,0,0,0,31,40,40,71,65476,0,300,0,0,8,21553,0.0,-107605600.0,0.0,0.0,0.0,0.0,0.0,0.0,0.0,0.0,0.0,0.0,0.0,0.0,0.0,0.0,0.0,0.0,0.0,0.0,0.0,0.0,-2.004,0.0,0.0,0.0,0.0,0.0,0.0,0.0,4516.0,0.0,6917.0,0.0,0.0,-0.0,-0.0,0.0,0.0,0.0,0.0,69,-0.0,-0.0,0.0,0.0,0.0,0.0,0.0,0.0,0.0,0,0,0,0.0,0.0,0.0,0.0,0.0,0.0,0.0,0.0,0.0,0.0,0.0,0.0,0.0,0.0,0.0,0.0,0,-107875648.0,69,0.0,138,0.0,-100793952.0,0,13107,17085,52429,17098,13107,17079,0,0,0,70,68,100,0.0,82.3,-0.0,77.8,-0.0,78.5,1,49,50,180,0,26215,0,0,0.0,0.0,0.0,0.0,-0.0,67.0,0.0,162057.094,0.0,970,0,992,0,0,0,946,0,1014,0,915,0,788,0,778,0,821,0,7520,0.032,2.6373079417881625e+19,0.0,0.0,784,16797,-0.0,162057.094,-114818.039,-0.0,0.133,6.909358625270745e+28,30.0,70.0,35,0.0,0.0,0.0,0.0,0.0,0.0,0.0,0.0,0.0,0.0,0.0,0.0,0.0,0.0,0.0,0.0,66.4,0,150,71,51,65476,0,300,0,0,8,20529,65476,0,0,44564,70.0,0.0,0.0,0.0,0.0,0.0
2026-09-10T21:49:07,ERR,ERR,ERR,ERR,ERR,ERR,ERR,ERR,ERR,ERR,ERR,ERR,ERR,ERR,ERR,ERR,ERR,ERR,ERR,ERR,ERR,ERR,ERR,ERR,ERR,ERR,ERR,ERR,ERR,ERR,ERR,ERR,ERR,ERR,ERR,ERR,ERR,ERR,ERR,ERR,ERR,ERR,ERR,ERR,ERR,ERR,ERR,ERR,ERR,ERR,ERR,ERR,ERR,ERR,ERR,ERR,ERR,ERR,ERR,ERR,ERR,ERR,ERR,ERR,ERR,ERR,ERR,ERR,ERR,ERR,ERR,ERR,ERR,ERR,ERR,ERR,ERR,ERR,ERR,ERR,ERR,ERR,ERR,ERR,ERR,ERR,ERR,ERR,ERR,ERR,ERR,ERR,ERR,ERR,ERR,ERR,ERR,ERR,ERR,ERR,ERR,ERR,ERR,ERR,ERR,ERR,ERR,ERR,ERR,ERR,ERR,ERR,ERR,ERR,ERR,ERR,ERR,ERR,ERR,ERR,ERR,ERR,ERR,ERR,ERR,0.0,0.0,0.0,0.0,0.0,1.3936040501711995e+18,7.805,0.0,0,0,4,0,7116,0.0,100,0.0,0.0,0.0,0.0,0.0,0,0,0,0,0.0,0,0,0,0,0,0,0,0,0,0,0,0,0,0,0,0,0,0,0,0,0,0,0,0,0,0,0,0,0,0,0,0,0,31,40,40,71,65476,0,300,0,0,8,21553,0.0,-107605600.0,0.0,0.0,0.0,0.0,0.0,0.0,0.0,0.0,0.0,0.0,0.0,0.0,0.0,0.0,0.0,0.0,0.0,0.0,0.0,0.0,-2.004,0.0,0.0,0.0,0.0,0.0,0.0,0.0,4516.0,0.0,6912.0,0.0,0.0,-0.0,-0.0,0.0,0.0,0.0,0.0,69,-0.0,5.84804776034314e+35,0.0,0.0,0.0,0.0,0.0,0.0,0.0,0,0,0,0.0,0.0,0.0,0.0,0.0,0.0,0.0,0.0,0.0,0.0,0.0,0.0,0.0,0.0,0.0,0.0,0,-107875648.0,69,0.0,138,0.0,-100793952.0,0,13107,17085,52429,17098,13107,17079,0,0,0,70,68,100,0.0,82.3,-0.0,77.8,-0.0,78.5,1,49,50,180,0,26215,0,0,0.0,0.0,0.0,0.0,-0.0,67.0,0.0,162057.094,0.0,970,0,992,0,0,0,946,0,1014,0,915,0,788,0,778,0,821,0,7520,0.032,2.6373079417881625e+19,0.0,0.0,784,16797,-0.0,162057.094,-114818.039,-0.0,0.133,6.909358625270745e+28,30.0,70.0,35,0.0,0.0,0.0,0.0,0.0,0.0,0.0,0.0,0.0,0.0,0.0,0.0,0.0,0.0,0.0,0.0,66.4,0,150,71,51,65476,0,300,0,0,8,20529,65476,0,0,44564,70.0,0.0,0.0,0.0,0.0,0.0
2026-09-10T21:49:08,ERR,ERR,ERR,ERR,ERR,ERR,ERR,ERR,ERR,ERR,ERR,ERR,ERR,ERR,ERR,ERR,ERR,ERR,ERR,ERR,ERR,ERR,ERR,ERR,ERR,ERR,ERR,ERR,ERR,ERR,ERR,ERR,ERR,ERR,ERR,ERR,ERR,ERR,ERR,ERR,ERR,ERR,ERR,ERR,ERR,ERR,ERR,ERR,ERR,ERR,ERR,ERR,ERR,ERR,ERR,ERR,ERR,ERR,ERR,ERR,ERR,ERR,ERR,ERR,ERR,ERR,ERR,ERR,ERR,ERR,ERR,ERR,ERR,ERR,ERR,ERR,ERR,ERR,ERR,ERR,ERR,ERR,ERR,ERR,ERR,ERR,ERR,ERR,ERR,ERR,ERR,ERR,ERR,ERR,ERR,ERR,ERR,ERR,ERR,ERR,ERR,ERR,ERR,ERR,ERR,ERR,ERR,ERR,ERR,ERR,ERR,ERR,ERR,ERR,ERR,ERR,ERR,ERR,ERR,ERR,ERR,ERR,ERR,ERR,ERR,0.0,0.0,0.0,0.0,0.0,1.3936040501711995e+18,7.805,0.0,0,0,4,0,7116,0.0,100,0.0,0.0,0.0,0.0,0.0,0,0,0,0,0.0,0,0,0,0,0,0,0,0,0,0,0,0,0,0,0,0,0,0,0,0,0,0,0,0,0,0,0,0,0,0,0,0,0,31,40,40,71,65476,0,300,0,0,8,21553,0.0,-107605600.0,0.0,0.0,0.0,0.0,0.0,0.0,0.0,0.0,0.0,0.0,0.0,0.0,0.0,0.0,0.0,0.0,0.0,0.0,0.0,0.0,-2.004,0.0,0.0,0.0,0.0,0.0,0.0,0.0,4516.0,0.0,6912.0,0.0,0.0,-0.0,-0.0,0.0,0.0,0.0,0.0,69,-0.0,5.84804776034314e+35,0.0,0.0,0.0,0.0,0.0,0.0,0.0,0,0,0,0.0,0.0,0.0,0.0,0.0,0.0,0.0,0.0,0.0,0.0,0.0,0.0,0.0,0.0,0.0,0.0,0,-107875648.0,69,0.0,138,0.0,-100793952.0,0,13107,17085,52429,17098,13107,17079,0,0,0,70,68,100,0.0,82.3,-0.0,77.8,-0.0,78.5,1,49,50,180,0,26215,0,0,0.0,0.0,0.0,0.0,-0.0,67.0,0.0,162057.094,0.0,970,0,992,0,0,0,946,0,1014,0,915,0,788,0,778,0,821,0,7520,0.032,2.6373079417881625e+19,0.0,0.0,784,16797,-0.0,162057.094,-114818.039,-0.0,0.133,6.909358625270745e+28,30.0,70.0,35,0.0,0.0,0.0,0.0,0.0,0.0,0.0,0.0,0.0,0.0,0.0,0.0,0.0,0.0,0.0,0.0,66.4,0,150,71,51,65476,0,300,0,0,8,20529,65476,0,0,44564,70.0,0.0,0.0,0.0,0.0,0.0
2026-09-10T21:49:09,ERR,ERR,ERR,ERR,ERR,ERR,ERR,ERR,ERR,ERR,ERR,ERR,ERR,ERR,ERR,ERR,ERR,ERR,ERR,ERR,ERR,ERR,ERR,ERR,ERR,ERR,ERR,ERR,ERR,ERR,ERR,ERR,ERR,ERR,ERR,ERR,ERR,ERR,ERR,ERR,ERR,ERR,ERR,ERR,ERR,ERR,ERR,ERR,ERR,ERR,ERR,ERR,ERR,ERR,ERR,ERR,ERR,ERR,ERR,ERR,ERR,ERR,ERR,ERR,ERR,ERR,ERR,ERR,ERR,ERR,ERR,ERR,ERR,ERR,ERR,ERR,ERR,ERR,ERR,ERR,ERR,ERR,ERR,ERR,ERR,ERR,ERR,ERR,ERR,ERR,ERR,ERR,ERR,ERR,ERR,ERR,ERR,ERR,ERR,ERR,ERR,ERR,ERR,ERR,ERR,ERR,ERR,ERR,ERR,ERR,ERR,ERR,ERR,ERR,ERR,ERR,ERR,ERR,ERR,ERR,ERR,ERR,ERR,ERR,ERR,0.0,0.0,0.0,0.0,0.0,1.3936040501711995e+18,7.805,0.0,0,0,4,0,7116,0.0,100,0.0,0.0,0.0,0.0,0.0,0,0,0,0,0.0,0,0,0,0,0,0,0,0,0,0,0,0,0,0,0,0,0,0,0,0,0,0,0,0,0,0,0,0,0,0,0,0,0,31,40,40,71,65476,0,300,0,0,8,21553,0.0,-107605600.0,0.0,0.0,0.0,0.0,0.0,0.0,0.0,0.0,0.0,0.0,0.0,0.0,0.0,0.0,0.0,0.0,0.0,0.0,0.0,0.0,-2.004,0.0,0.0,0.0,0.0,0.0,0.0,0.0,4516.0,0.0,6912.0,0.0,0.0,-0.0,-0.0,0.0,0.0,0.0,0.0,69,-0.0,5.84804776034314e+35,0.0,0.0,0.0,0.0,0.0,0.0,0.0,0,0,0,0.0,0.0,0.0,0.0,0.0,0.0,0.0,0.0,0.0,0.0,0.0,0.0,0.0,0.0,0.0,0.0,0,-107875648.0,69,0.0,138,0.0,-100793952.0,0,13107,17085,52429,17098,0,17079,0,0,0,70,68,100,0.0,82.3,-0.0,77.8,-0.0,78.5,1,49,50,180,0,26215,0,0,0.0,0.0,0.0,0.0,-0.0,67.0,0.0,162057.094,0.0,970,0,992,0,0,0,946,0,1014,0,915,0,788,0,778,0,821,0,7520,0.032,2.0176126330619822e+19,0.0,0.0,784,16797,-0.0,162057.094,-114818.039,-0.0,0.133,6.909358625270745e+28,30.0,70.0,35,0.0,0.0,0.0,0.0,0.0,0.0,0.0,0.0,0.0,0.0,0.0,0.0,0.0,0.0,0.0,0.0,66.4,0,150,71,51,65476,0,300,0,0,8,20529,65476,0,0,44564,70.0,0.0,0.0,0.0,0.0,0.0
2026-09-10T21:49:10,ERR,ERR,ERR,ERR,ERR,ERR,ERR,ERR,ERR,ERR,ERR,ERR,ERR,ERR,ERR,ERR,ERR,ERR,ERR,ERR,ERR,ERR,ERR,ERR,ERR,ERR,ERR,ERR,ERR,ERR,ERR,ERR,ERR,ERR,ERR,ERR,ERR,ERR,ERR,ERR,ERR,ERR,ERR,ERR,ERR,ERR,ERR,ERR,ERR,ERR,ERR,ERR,ERR,ERR,ERR,ERR,ERR,ERR,ERR,ERR,ERR,ERR,ERR,ERR,ERR,ERR,ERR,ERR,ERR,ERR,ERR,ERR,ERR,ERR,ERR,ERR,ERR,ERR,ERR,ERR,ERR,ERR,ERR,ERR,ERR,ERR,ERR,ERR,ERR,ERR,ERR,ERR,ERR,ERR,ERR,ERR,ERR,ERR,ERR,ERR,ERR,ERR,ERR,ERR,ERR,ERR,ERR,ERR,ERR,ERR,ERR,ERR,ERR,ERR,ERR,ERR,ERR,ERR,ERR,ERR,ERR,ERR,ERR,ERR,ERR,0.0,0.0,0.0,0.0,0.0,1.3936040501711995e+18,7.805,0.0,0,0,4,0,7116,0.0,100,0.0,0.0,0.0,0.0,0.0,0,0,0,0,0.0,0,0,0,0,0,0,0,0,0,0,0,0,0,0,0,0,0,0,0,0,0,0,0,0,0,0,0,0,0,0,0,0,0,31,40,40,71,65476,0,300,0,0,8,21553,0.0,-107605600.0,0.0,0.0,0.0,0.0,0.0,0.0,0.0,0.0,0.0,0.0,0.0,0.0,0.0,0.0,0.0,0.0,0.0,0.0,0.0,0.0,-2.004,0.0,0.0,0.0,0.0,0.0,0.0,0.0,4516.0,0.0,6912.0,0.0,0.0,-0.0,-0.0,0.0,0.0,0.0,0.0,69,-0.0,5.84804776034314e+35,0.0,0.0,0.0,0.0,0.0,0.0,0.0,0,0,0,0.0,0.0,0.0,0.0,0.0,0.0,0.0,0.0,0.0,0.0,0.0,0.0,0.0,0.0,0.0,0.0,0,-107875648.0,69,0.0,138,0.0,-100793952.0,0,13107,17085,52429,17098,0,17079,0,0,0,70,68,100,0.0,82.3,-0.0,77.8,-0.0,78.5,1,49,50,180,0,26215,0,0,0.0,0.0,0.0,0.0,-0.0,67.0,0.0,162057.094,0.0,970,0,992,0,0,0,946,0,1014,0,915,0,788,0,778,0,821,0,7520,0.032,2.0176126330619822e+19,0.0,0.0,784,16797,-0.0,162057.094,-114818.039,-0.0,0.133,6.909358625270745e+28,30.0,70.0,35,0.0,0.0,0.0,0.0,0.0,0.0,0.0,0.0,0.0,0.0,0.0,0.0,0.0,0.0,0.0,0.0,66.4,0,150,71,51,65476,0,300,0,0,8,20529,65476,0,0,44564,70.0,0.0,0.0,0.0,0.0,0.0
2026-09-10T21:49:11,ERR,ERR,ERR,ERR,ERR,ERR,ERR,ERR,ERR,ERR,ERR,ERR,ERR,ERR,ERR,ERR,ERR,ERR,ERR,ERR,ERR,ERR,ERR,ERR,ERR,ERR,ERR,ERR,ERR,ERR,ERR,ERR,ERR,ERR,ERR,ERR,ERR,ERR,ERR,ERR,ERR,ERR,ERR,ERR,ERR,ERR,ERR,ERR,ERR,ERR,ERR,ERR,ERR,ERR,ERR,ERR,ERR,ERR,ERR,ERR,ERR,ERR,ERR,ERR,ERR,ERR,ERR,ERR,ERR,ERR,ERR,ERR,ERR,ERR,ERR,ERR,ERR,ERR,ERR,ERR,ERR,ERR,ERR,ERR,ERR,ERR,ERR,ERR,ERR,ERR,ERR,ERR,ERR,ERR,ERR,ERR,ERR,ERR,ERR,ERR,ERR,ERR,ERR,ERR,ERR,ERR,ERR,ERR,ERR,ERR,ERR,ERR,ERR,ERR,ERR,ERR,ERR,ERR,ERR,ERR,ERR,ERR,ERR,ERR,ERR,0.0,0.0,0.0,0.0,0.0,1.3936040501711995e+18,7.805,0.0,0,0,4,0,7116,0.0,100,0.0,0.0,0.0,0.0,0.0,0,0,0,0,0.0,0,0,0,0,0,0,0,0,0,0,0,0,0,0,0,0,0,0,0,0,0,0,0,0,0,0,0,0,0,0,0,0,0,31,40,40,71,65476,0,300,0,0,8,21553,0.0,-107605600.0,0.0,0.0,0.0,0.0,0.0,0.0,0.0,0.0,0.0,0.0,0.0,0.0,0.0,0.0,0.0,0.0,0.0,0.0,0.0,0.0,-2.004,0.0,0.0,0.0,0.0,0.0,0.0,0.0,4516.0,0.0,6912.0,0.0,0.0,-0.0,-0.0,0.0,0.0,0.0,0.0,69,-0.0,5.84804776034314e+35,0.0,0.0,0.0,0.0,0.0,0.0,0.0,0,0,0,0.0,0.0,0.0,0.0,0.0,0.0,0.0,0.0,0.0,0.0,0.0,0.0,0.0,0.0,0.0,0.0,0,-107875648.0,69,0.0,138,0.0,-100793952.0,0,13107,17085,52429,17098,0,17079,0,0,0,70,68,100,0.0,82.3,-0.0,77.8,-0.0,78.5,1,49,50,180,0,26215,0,0,0.0,0.0,0.0,0.0,-0.0,67.0,0.0,162057.094,0.0,970,0,992,0,0,0,946,0,1014,0,915,0,788,0,778,0,821,0,7520,0.032,2.0176126330619822e+19,0.0,0.0,784,16797,-0.0,162057.094,-114818.039,-0.0,0.133,6.909358625270745e+28,30.0,70.0,35,0.0,0.0,0.0,0.0,0.0,0.0,0.0,0.0,0.0,0.0,0.0,0.0,0.0,0.0,0.0,0.0,66.4,0,150,71,51,65476,0,300,0,0,8,20529,65476,0,0,44564,70.0,0.0,0.0,0.0,0.0,0.0
2026-09-10T21:49:12,ERR,ERR,ERR,ERR,ERR,ERR,ERR,ERR,ERR,ERR,ERR,ERR,ERR,ERR,ERR,ERR,ERR,ERR,ERR,ERR,ERR,ERR,ERR,ERR,ERR,ERR,ERR,ERR,ERR,ERR,ERR,ERR,ERR,ERR,ERR,ERR,ERR,ERR,ERR,ERR,ERR,ERR,ERR,ERR,ERR,ERR,ERR,ERR,ERR,ERR,ERR,ERR,ERR,ERR,ERR,ERR,ERR,ERR,ERR,ERR,ERR,ERR,ERR,ERR,ERR,ERR,ERR,ERR,ERR,ERR,ERR,ERR,ERR,ERR,ERR,ERR,ERR,ERR,ERR,ERR,ERR,ERR,ERR,ERR,ERR,ERR,ERR,ERR,ERR,ERR,ERR,ERR,ERR,ERR,ERR,ERR,ERR,ERR,ERR,ERR,ERR,ERR,ERR,ERR,ERR,ERR,ERR,ERR,ERR,ERR,ERR,ERR,ERR,ERR,ERR,ERR,ERR,ERR,ERR,ERR,ERR,ERR,ERR,ERR,ERR,0.0,0.0,0.0,0.0,0.0,1.3936040501711995e+18,7.805,0.0,0,0,4,0,7116,0.0,100,0.0,0.0,0.0,0.0,0.0,0,0,0,0,0.0,0,0,0,0,0,0,0,0,0,0,0,0,0,0,0,0,0,0,0,0,0,0,0,0,0,0,0,0,0,0,0,0,0,31,40,40,71,65476,0,300,0,0,8,21553,0.0,-107605600.0,0.0,0.0,0.0,0.0,0.0,0.0,0.0,0.0,0.0,0.0,0.0,0.0,0.0,0.0,0.0,0.0,0.0,0.0,0.0,0.0,-2.004,0.0,0.0,0.0,0.0,0.0,0.0,0.0,4516.0,0.0,6912.0,0.0,0.0,-0.0,-0.0,0.0,0.0,0.0,0.0,69,-0.0,5.84804776034314e+35,0.0,0.0,0.0,0.0,0.0,0.0,0.0,0,0,0,0.0,0.0,0.0,0.0,0.0,0.0,0.0,0.0,0.0,0.0,0.0,0.0,0.0,0.0,0.0,0.0,0,-107875648.0,69,0.0,138,0.0,-100793952.0,0,13107,17085,52429,17098,0,17079,0,0,0,70,68,100,0.0,82.3,-0.0,77.8,-0.0,78.5,1,49,50,180,0,26215,0,0,0.0,0.0,0.0,0.0,-0.0,67.0,0.0,162057.094,0.0,970,0,992,0,0,0,946,0,1014,0,915,0,788,0,778,0,821,0,7520,0.032,2.0176126330619822e+19,0.0,0.0,784,16797,-0.0,162057.094,-114818.039,-0.0,0.133,6.909358625270745e+28,30.0,70.0,35,0.0,0.0,0.0,0.0,0.0,0.0,0.0,0.0,0.0,0.0,0.0,0.0,0.0,0.0,0.0,0.0,66.4,0,150,71,51,65476,0,300,0,0,8,20529,65476,0,0,44564,70.0,0.0,0.0,0.0,0.0,0.0
2026-09-10T21:49:13,ERR,ERR,ERR,ERR,ERR,ERR,ERR,ERR,ERR,ERR,ERR,ERR,ERR,ERR,ERR,ERR,ERR,ERR,ERR,ERR,ERR,ERR,ERR,ERR,ERR,ERR,ERR,ERR,ERR,ERR,ERR,ERR,ERR,ERR,ERR,ERR,ERR,ERR,ERR,ERR,ERR,ERR,ERR,ERR,ERR,ERR,ERR,ERR,ERR,ERR,ERR,ERR,ERR,ERR,ERR,ERR,ERR,ERR,ERR,ERR,ERR,ERR,ERR,ERR,ERR,ERR,ERR,ERR,ERR,ERR,ERR,ERR,ERR,ERR,ERR,ERR,ERR,ERR,ERR,ERR,ERR,ERR,ERR,ERR,ERR,ERR,ERR,ERR,ERR,ERR,ERR,ERR,ERR,ERR,ERR,ERR,ERR,ERR,ERR,ERR,ERR,ERR,ERR,ERR,ERR,ERR,ERR,ERR,ERR,ERR,ERR,ERR,ERR,ERR,ERR,ERR,ERR,ERR,ERR,ERR,ERR,ERR,ERR,ERR,ERR,0.0,0.0,0.0,0.0,0.0,1.3936040501711995e+18,7.805,0.0,0,0,4,0,7116,0.0,100,0.0,0.0,0.0,0.0,0.0,0,0,0,0,0.0,0,0,0,0,0,0,0,0,0,0,0,0,0,0,0,0,0,0,0,0,0,0,0,0,0,0,0,0,0,0,0,0,0,31,40,40,71,65476,0,300,0,0,8,21553,0.0,-107605600.0,0.0,0.0,0.0,0.0,0.0,0.0,0.0,0.0,0.0,0.0,0.0,0.0,0.0,0.0,0.0,0.0,0.0,0.0,0.0,0.0,-2.004,0.0,0.0,0.0,0.0,0.0,0.0,0.0,4516.0,0.0,6912.0,0.0,0.0,-0.0,-0.0,0.0,0.0,0.0,0.0,69,-0.0,5.84804776034314e+35,0.0,0.0,0.0,0.0,0.0,0.0,0.0,0,0,0,0.0,0.0,0.0,0.0,0.0,0.0,0.0,0.0,0.0,0.0,0.0,0.0,0.0,0.0,0.0,0.0,0,-107875648.0,69,0.0,138,0.0,-100793952.0,0,13107,17085,52429,17098,0,17079,0,0,0,70,68,100,0.0,82.3,-0.0,77.8,-0.0,78.5,1,49,50,180,0,26215,0,0,0.0,0.0,0.0,0.0,-0.0,67.0,0.0,162057.094,0.0,970,0,992,0,0,0,946,0,1014,0,915,0,788,0,778,0,821,0,7520,0.032,2.0176126330619822e+19,0.0,0.0,784,16797,-0.0,162057.094,-114818.039,-0.0,0.133,6.909358625270745e+28,30.0,70.0,35,0.0,0.0,0.0,0.0,0.0,0.0,0.0,0.0,0.0,0.0,0.0,0.0,0.0,0.0,0.0,0.0,66.4,0,150,71,51,65476,0,300,0,0,8,20529,65476,0,0,44564,70.0,0.0,0.0,0.0,0.0,0.0
2026-09-10T21:49:14,ERR,ERR,ERR,ERR,ERR,ERR,ERR,ERR,ERR,ERR,ERR,ERR,ERR,ERR,ERR,ERR,ERR,ERR,ERR,ERR,ERR,ERR,ERR,ERR,ERR,ERR,ERR,ERR,ERR,ERR,ERR,ERR,ERR,ERR,ERR,ERR,ERR,ERR,ERR,ERR,ERR,ERR,ERR,ERR,ERR,ERR,ERR,ERR,ERR,ERR,ERR,ERR,ERR,ERR,ERR,ERR,ERR,ERR,ERR,ERR,ERR,ERR,ERR,ERR,ERR,ERR,ERR,ERR,ERR,ERR,ERR,ERR,ERR,ERR,ERR,ERR,ERR,ERR,ERR,ERR,ERR,ERR,ERR,ERR,ERR,ERR,ERR,ERR,ERR,ERR,ERR,ERR,ERR,ERR,ERR,ERR,ERR,ERR,ERR,ERR,ERR,ERR,ERR,ERR,ERR,ERR,ERR,ERR,ERR,ERR,ERR,ERR,ERR,ERR,ERR,ERR,ERR,ERR,ERR,ERR,ERR,ERR,ERR,ERR,ERR,0.0,0.0,0.0,0.0,0.0,1.3936040501711995e+18,7.805,0.0,0,0,4,0,7116,0.0,100,0.0,0.0,0.0,0.0,0.0,0,0,0,0,0.0,0,0,0,0,0,0,0,0,0,0,0,0,0,0,0,0,0,0,0,0,0,0,0,0,0,0,0,0,0,0,0,0,0,31,40,40,71,65476,0,300,0,0,8,21553,0.0,-107605600.0,0.0,0.0,0.0,0.0,0.0,0.0,0.0,0.0,0.0,0.0,0.0,0.0,0.0,0.0,0.0,0.0,0.0,0.0,0.0,0.0,-2.004,0.0,0.0,0.0,0.0,0.0,0.0,0.0,4516.0,0.0,6912.0,0.0,0.0,-0.0,-0.0,0.0,0.0,0.0,0.0,69,-0.0,5.84804776034314e+35,0.0,0.0,0.0,0.0,0.0,0.0,0.0,0,0,0,0.0,0.0,0.0,0.0,0.0,0.0,0.0,0.0,0.0,0.0,0.0,0.0,0.0,0.0,0.0,0.0,0,-107875648.0,69,0.0,138,0.0,-100793952.0,0,13107,17085,52429,17098,0,17079,0,0,0,70,68,100,0.0,82.3,-0.0,77.8,-0.0,78.5,1,49,50,180,0,26215,0,0,0.0,0.0,0.0,0.0,-0.0,67.0,0.0,162057.094,0.0,970,0,992,0,0,0,946,0,1014,0,915,0,788,0,778,0,821,0,7520,0.032,2.0176126330619822e+19,0.0,0.0,784,16797,-0.0,162057.094,-114818.039,-0.0,0.133,6.909358625270745e+28,30.0,70.0,35,0.0,0.0,0.0,0.0,0.0,0.0,0.0,0.0,0.0,0.0,0.0,0.0,0.0,0.0,0.0,0.0,66.4,0,150,71,51,65476,0,300,0,0,8,20529,65476,0,0,44564,70.0,0.0,0.0,0.0,0.0,0.0
2026-09-10T21:49:15,ERR,ERR,ERR,ERR,ERR,ERR,ERR,ERR,ERR,ERR,ERR,ERR,ERR,ERR,ERR,ERR,ERR,ERR,ERR,ERR,ERR,ERR,ERR,ERR,ERR,ERR,ERR,ERR,ERR,ERR,ERR,ERR,ERR,ERR,ERR,ERR,ERR,ERR,ERR,ERR,ERR,ERR,ERR,ERR,ERR,ERR,ERR,ERR,ERR,ERR,ERR,ERR,ERR,ERR,ERR,ERR,ERR,ERR,ERR,ERR,ERR,ERR,ERR,ERR,ERR,ERR,ERR,ERR,ERR,ERR,ERR,ERR,ERR,ERR,ERR,ERR,ERR,ERR,ERR,ERR,ERR,ERR,ERR,ERR,ERR,ERR,ERR,ERR,ERR,ERR,ERR,ERR,ERR,ERR,ERR,ERR,ERR,ERR,ERR,ERR,ERR,ERR,ERR,ERR,ERR,ERR,ERR,ERR,ERR,ERR,ERR,ERR,ERR,ERR,ERR,ERR,ERR,ERR,ERR,ERR,ERR,ERR,ERR,ERR,ERR,0.0,0.0,0.0,0.0,0.0,1.3936040501711995e+18,7.805,0.0,0,0,4,0,7116,0.0,100,0.0,0.0,0.0,0.0,0.0,0,0,0,0,0.0,0,0,0,0,0,0,0,0,0,0,0,0,0,0,0,0,0,0,0,0,0,0,0,0,0,0,0,0,0,0,0,0,0,31,40,40,71,65476,0,300,0,0,8,21553,0.0,-107605600.0,0.0,0.0,0.0,0.0,0.0,0.0,0.0,0.0,0.0,0.0,0.0,0.0,0.0,0.0,0.0,0.0,0.0,0.0,0.0,0.0,-2.004,-2.004,0.0,0.0,0.0,0.0,0.0,0.0,4543.0,0.0,6914.0,0.0,0.0,-0.0,-0.0,0.0,0.0,0.0,0.0,69,-0.0,-0.0,0.0,0.0,0.0,0.0,0.0,0.0,0.0,0,0,0,0.0,0.0,0.0,0.0,0.0,0.0,0.0,0.0,0.0,0.0,0.0,0.0,0.0,0.0,0.0,0.0,0,-107875648.0,69,0.0,138,0.0,-100793952.0,0,13107,17085,52429,17098,0,17079,0,0,0,70,68,100,0.0,82.3,-0.0,77.8,-0.0,78.5,1,49,50,180,0,26215,0,0,0.0,0.0,0.0,0.0,-0.0,67.0,0.0,162057.094,0.0,970,0,992,0,0,0,946,0,1014,0,915,0,788,0,778,0,821,0,7520,0.032,2.406723640866793e+19,0.0,0.0,784,16797,-0.0,162057.094,-114818.039,-0.0,0.133,6.909358625270745e+28,30.0,70.0,35,0.0,0.0,0.0,0.0,0.0,0.0,0.0,0.0,0.0,0.0,0.0,0.0,0.0,0.0,0.0,0.0,66.4,0,150,71,51,65476,0,300,0,0,8,20529,65476,0,0,44564,70.0,0.0,0.0,0.0,0.0,0.0
2026-09-10T21:49:16,ERR,ERR,ERR,ERR,ERR,ERR,ERR,ERR,ERR,ERR,ERR,ERR,ERR,ERR,ERR,ERR,ERR,ERR,ERR,ERR,ERR,ERR,ERR,ERR,ERR,ERR,ERR,ERR,ERR,ERR,ERR,ERR,ERR,ERR,ERR,ERR,ERR,ERR,ERR,ERR,ERR,ERR,ERR,ERR,ERR,ERR,ERR,ERR,ERR,ERR,ERR,ERR,ERR,ERR,ERR,ERR,ERR,ERR,ERR,ERR,ERR,ERR,ERR,ERR,ERR,ERR,ERR,ERR,ERR,ERR,ERR,ERR,ERR,ERR,ERR,ERR,ERR,ERR,ERR,ERR,ERR,ERR,ERR,ERR,ERR,ERR,ERR,ERR,ERR,ERR,ERR,ERR,ERR,ERR,ERR,ERR,ERR,ERR,ERR,ERR,ERR,ERR,ERR,ERR,ERR,ERR,ERR,ERR,ERR,ERR,ERR,ERR,ERR,ERR,ERR,ERR,ERR,ERR,ERR,ERR,ERR,ERR,ERR,ERR,ERR,0.0,0.0,0.0,0.0,0.0,1.3936040501711995e+18,7.805,0.0,0,0,4,0,7116,0.0,100,0.0,0.0,0.0,0.0,0.0,0,0,0,0,0.0,0,0,0,0,0,0,0,0,0,0,0,0,0,0,0,0,0,0,0,0,0,0,0,0,0,0,0,0,0,0,0,0,0,31,40,40,71,65476,0,300,0,0,8,21553,0.0,-107605600.0,0.0,0.0,0.0,0.0,0.0,0.0,0.0,0.0,0.0,0.0,0.0,0.0,0.0,0.0,0.0,0.0,0.0,0.0,0.0,0.0,-2.004,-2.004,0.0,0.0,0.0,0.0,0.0,0.0,4543.0,0.0,6914.0,0.0,0.0,-0.0,-0.0,0.0,0.0,0.0,0.0,69,-0.0,-0.0,0.0,0.0,0.0,0.0,0.0,0.0,0.0,0,0,0,0.0,0.0,0.0,0.0,0.0,0.0,0.0,0.0,0.0,0.0,0.0,0.0,0.0,0.0,0.0,0.0,0,-107875648.0,69,0.0,138,0.0,-100793952.0,0,13107,17085,52429,17098,0,17079,0,0,0,70,68,100,0.0,82.3,-0.0,77.8,-0.0,78.5,1,49,50,180,0,26215,0,0,0.0,0.0,0.0,0.0,-0.0,67.0,0.0,162057.094,0.0,970,0,992,0,0,0,946,0,1014,0,915,0,788,0,778,0,821,0,7520,0.032,2.406723640866793e+19,0.0,0.0,784,16797,-0.0,162057.094,-114818.039,-0.0,0.133,6.909358625270745e+28,30.0,70.0,35,0.0,0.0,0.0,0.0,0.0,0.0,0.0,0.0,0.0,0.0,0.0,0.0,0.0,0.0,0.0,0.0,66.8,0,150,71,51,65476,0,300,0,0,8,20529,65476,0,0,44564,70.0,0.0,0.0,0.0,0.0,0.0
2026-09-10T21:49:17,ERR,ERR,ERR,ERR,ERR,ERR,ERR,ERR,ERR,ERR,ERR,ERR,ERR,ERR,ERR,ERR,ERR,ERR,ERR,ERR,ERR,ERR,ERR,ERR,ERR,ERR,ERR,ERR,ERR,ERR,ERR,ERR,ERR,ERR,ERR,ERR,ERR,ERR,ERR,ERR,ERR,ERR,ERR,ERR,ERR,ERR,ERR,ERR,ERR,ERR,ERR,ERR,ERR,ERR,ERR,ERR,ERR,ERR,ERR,ERR,ERR,ERR,ERR,ERR,ERR,ERR,ERR,ERR,ERR,ERR,ERR,ERR,ERR,ERR,ERR,ERR,ERR,ERR,ERR,ERR,ERR,ERR,ERR,ERR,ERR,ERR,ERR,ERR,ERR,ERR,ERR,ERR,ERR,ERR,ERR,ERR,ERR,ERR,ERR,ERR,ERR,ERR,ERR,ERR,ERR,ERR,ERR,ERR,ERR,ERR,ERR,ERR,ERR,ERR,ERR,ERR,ERR,ERR,ERR,ERR,ERR,ERR,ERR,ERR,ERR,0.0,0.0,0.0,0.0,0.0,1.3936040501711995e+18,7.805,0.0,0,0,4,0,7116,0.0,100,0.0,0.0,0.0,0.0,0.0,0,0,0,0,0.0,0,0,0,0,0,0,0,0,0,0,0,0,0,0,0,0,0,0,0,0,0,0,0,0,0,0,0,0,0,0,0,0,0,31,40,40,71,65476,0,300,0,0,8,21553,0.0,-107605600.0,0.0,0.0,0.0,0.0,0.0,0.0,0.0,0.0,0.0,0.0,0.0,0.0,0.0,0.0,0.0,0.0,0.0,0.0,0.0,0.0,-2.004,-2.004,0.0,0.0,0.0,0.0,0.0,0.0,4543.0,0.0,6914.0,0.0,0.0,-0.0,-0.0,0.0,0.0,0.0,0.0,69,-0.0,-0.0,0.0,0.0,0.0,0.0,0.0,0.0,0.0,0,0,0,0.0,0.0,0.0,0.0,0.0,0.0,0.0,0.0,0.0,0.0,0.0,0.0,0.0,0.0,0.0,0.0,0,-107875648.0,69,0.0,138,0.0,-100793952.0,0,13107,17085,52429,17098,0,17079,0,0,0,70,68,100,0.0,82.3,-0.0,77.8,-0.0,78.5,1,49,50,180,0,26215,0,0,0.0,0.0,0.0,0.0,-0.0,67.0,0.0,162057.094,0.0,970,0,992,0,0,0,946,0,1014,0,915,0,788,0,778,0,821,0,7520,0.032,2.406723640866793e+19,0.0,0.0,784,16797,-0.0,162057.094,-114818.039,-0.0,0.133,6.909358625270745e+28,30.0,70.0,35,0.0,0.0,0.0,0.0,0.0,0.0,0.0,0.0,0.0,0.0,0.0,0.0,0.0,0.0,0.0,0.0,66.8,0,150,71,51,65476,0,300,0,0,8,20529,65476,0,0,44564,70.0,0.0,0.0,0.0,0.0,0.0
2026-09-10T21:49:18,ERR,ERR,ERR,ERR,ERR,ERR,ERR,ERR,ERR,ERR,ERR,ERR,ERR,ERR,ERR,ERR,ERR,ERR,ERR,ERR,ERR,ERR,ERR,ERR,ERR,ERR,ERR,ERR,ERR,ERR,ERR,ERR,ERR,ERR,ERR,ERR,ERR,ERR,ERR,ERR,ERR,ERR,ERR,ERR,ERR,ERR,ERR,ERR,ERR,ERR,ERR,ERR,ERR,ERR,ERR,ERR,ERR,ERR,ERR,ERR,ERR,ERR,ERR,ERR,ERR,ERR,ERR,ERR,ERR,ERR,ERR,ERR,ERR,ERR,ERR,ERR,ERR,ERR,ERR,ERR,ERR,ERR,ERR,ERR,ERR,ERR,ERR,ERR,ERR,ERR,ERR,ERR,ERR,ERR,ERR,ERR,ERR,ERR,ERR,ERR,ERR,ERR,ERR,ERR,ERR,ERR,ERR,ERR,ERR,ERR,ERR,ERR,ERR,ERR,ERR,ERR,ERR,ERR,ERR,ERR,ERR,ERR,ERR,ERR,ERR,0.0,0.0,0.0,0.0,0.0,1.3936040501711995e+18,7.805,0.0,0,0,4,0,7116,0.0,100,0.0,0.0,0.0,0.0,0.0,0,0,0,0,0.0,0,0,0,0,0,0,0,0,0,0,0,0,0,0,0,0,0,0,0,0,0,0,0,0,0,0,0,0,0,0,0,0,0,31,40,40,71,65476,0,300,0,0,8,21553,0.0,-107605600.0,0.0,0.0,0.0,0.0,0.0,0.0,0.0,0.0,0.0,0.0,0.0,0.0,0.0,0.0,0.0,0.0,0.0,0.0,0.0,0.0,-2.004,-2.004,0.0,0.0,0.0,0.0,0.0,0.0,4543.0,0.0,6914.0,0.0,0.0,-0.0,-0.0,0.0,0.0,0.0,0.0,69,-0.0,-0.0,0.0,0.0,0.0,0.0,0.0,0.0,0.0,0,0,0,0.0,0.0,0.0,0.0,0.0,0.0,0.0,0.0,0.0,0.0,0.0,0.0,0.0,0.0,0.0,0.0,0,-107875648.0,69,0.0,138,0.0,-100793952.0,0,13107,17085,52429,17098,0,17079,0,0,0,70,68,100,0.0,82.3,-0.0,77.8,-0.0,78.5,1,49,50,180,0,26215,0,0,0.0,0.0,0.0,0.0,-0.0,67.0,0.0,162057.094,0.0,970,0,992,0,0,0,946,0,1014,0,915,0,788,0,778,0,821,0,7520,0.032,2.406723640866793e+19,0.0,0.0,784,16797,-0.0,162057.094,-114818.039,-0.0,0.133,6.909358625270745e+28,30.0,70.0,35,0.0,0.0,0.0,0.0,0.0,0.0,0.0,0.0,0.0,0.0,0.0,0.0,0.0,0.0,0.0,0.0,66.8,0,150,71,51,65476,0,300,0,0,8,20529,65476,0,0,44564,70.0,0.0,0.0,0.0,0.0,0.0
2026-09-10T21:49:19,ERR,ERR,ERR,ERR,ERR,ERR,ERR,ERR,ERR,ERR,ERR,ERR,ERR,ERR,ERR,ERR,ERR,ERR,ERR,ERR,ERR,ERR,ERR,ERR,ERR,ERR,ERR,ERR,ERR,ERR,ERR,ERR,ERR,ERR,ERR,ERR,ERR,ERR,ERR,ERR,ERR,ERR,ERR,ERR,ERR,ERR,ERR,ERR,ERR,ERR,ERR,ERR,ERR,ERR,ERR,ERR,ERR,ERR,ERR,ERR,ERR,ERR,ERR,ERR,ERR,ERR,ERR,ERR,ERR,ERR,ERR,ERR,ERR,ERR,ERR,ERR,ERR,ERR,ERR,ERR,ERR,ERR,ERR,ERR,ERR,ERR,ERR,ERR,ERR,ERR,ERR,ERR,ERR,ERR,ERR,ERR,ERR,ERR,ERR,ERR,ERR,ERR,ERR,ERR,ERR,ERR,ERR,ERR,ERR,ERR,ERR,ERR,ERR,ERR,ERR,ERR,ERR,ERR,ERR,ERR,ERR,ERR,ERR,ERR,ERR,0.0,0.0,0.0,0.0,0.0,1.3936040501711995e+18,7.805,0.0,0,0,4,0,7116,0.0,100,0.0,0.0,0.0,0.0,0.0,0,0,0,0,0.0,0,0,0,0,0,0,0,0,0,0,0,0,0,0,0,0,0,0,0,0,0,0,0,0,0,0,0,0,0,0,0,0,0,31,40,40,71,65476,0,300,0,0,8,21553,0.0,-107605600.0,0.0,0.0,0.0,0.0,0.0,0.0,0.0,0.0,0.0,0.0,0.0,0.0,0.0,0.0,0.0,0.0,0.0,0.0,0.0,0.0,-2.004,-2.004,0.0,0.0,0.0,0.0,0.0,0.0,4543.0,0.0,6914.0,0.0,0.0,-0.0,-0.0,0.0,0.0,0.0,0.0,69,-0.0,-0.0,0.0,0.0,0.0,0.0,0.0,0.0,0.0,0,0,0,0.0,0.0,0.0,0.0,0.0,0.0,0.0,0.0,0.0,0.0,0.0,0.0,0.0,0.0,0.0,0.0,0,-107875648.0,69,0.0,138,0.0,-100793952.0,0,13107,17085,52429,17098,0,17079,0,0,0,70,68,100,0.0,82.3,-0.0,77.8,-0.0,78.5,1,49,50,180,0,26215,0,0,0.0,0.0,0.0,0.0,-0.0,67.0,0.0,162057.094,0.0,970,0,992,0,0,0,946,0,1014,0,915,0,788,0,778,0,821,0,7520,0.032,2.406723640866793e+19,0.0,0.0,784,16797,-0.0,162057.094,-114818.039,-0.0,0.133,6.909358625270745e+28,30.0,70.0,35,0.0,0.0,0.0,0.0,0.0,0.0,0.0,0.0,0.0,0.0,0.0,0.0,0.0,0.0,0.0,0.0,66.4,0,150,71,51,65476,0,300,0,0,8,20529,65476,0,0,44564,70.0,0.0,0.0,0.0,0.0,0.0
2026-09-10T21:49:20,ERR,ERR,ERR,ERR,ERR,ERR,ERR,ERR,ERR,ERR,ERR,ERR,ERR,ERR,ERR,ERR,ERR,ERR,ERR,ERR,ERR,ERR,ERR,ERR,ERR,ERR,ERR,ERR,ERR,ERR,ERR,ERR,ERR,ERR,ERR,ERR,ERR,ERR,ERR,ERR,ERR,ERR,ERR,ERR,ERR,ERR,ERR,ERR,ERR,ERR,ERR,ERR,ERR,ERR,ERR,ERR,ERR,ERR,ERR,ERR,ERR,ERR,ERR,ERR,ERR,ERR,ERR,ERR,ERR,ERR,ERR,ERR,ERR,ERR,ERR,ERR,ERR,ERR,ERR,ERR,ERR,ERR,ERR,ERR,ERR,ERR,ERR,ERR,ERR,ERR,ERR,ERR,ERR,ERR,ERR,ERR,ERR,ERR,ERR,ERR,ERR,ERR,ERR,ERR,ERR,ERR,ERR,ERR,ERR,ERR,ERR,ERR,ERR,ERR,ERR,ERR,ERR,ERR,ERR,ERR,ERR,ERR,ERR,ERR,ERR,0.0,0.0,0.0,0.0,0.0,1.3936040501711995e+18,7.805,0.0,0,0,4,0,7116,0.0,100,0.0,0.0,0.0,0.0,0.0,0,0,0,0,0.0,0,0,0,0,0,0,0,0,0,0,0,0,0,0,0,0,0,0,0,0,0,0,0,0,0,0,0,0,0,0,0,0,0,31,40,40,71,65476,0,300,0,0,8,21553,0.0,-107605600.0,0.0,0.0,0.0,0.0,0.0,0.0,0.0,0.0,0.0,0.0,0.0,0.0,0.0,0.0,0.0,0.0,0.0,0.0,0.0,0.0,-2.004,-2.004,0.0,0.0,0.0,0.0,0.0,0.0,4543.0,0.0,6914.0,0.0,0.0,-0.0,-0.0,0.0,0.0,0.0,0.0,69,-0.0,-0.0,0.0,0.0,0.0,0.0,0.0,0.0,0.0,0,0,0,0.0,0.0,0.0,0.0,0.0,0.0,0.0,0.0,0.0,0.0,0.0,0.0,0.0,0.0,0.0,0.0,0,-107875648.0,69,0.0,138,0.0,-100793952.0,0,13107,17085,52429,17098,0,17079,0,0,0,70,68,100,0.0,82.3,-0.0,77.8,-0.0,78.5,1,49,50,180,0,26215,0,0,0.0,0.0,0.0,0.0,-0.0,67.0,0.0,162057.094,0.0,970,0,992,0,0,0,946,0,1014,0,915,0,788,0,777,0,821,0,7520,0.032,2.57966186655782e+19,0.0,0.0,784,16797,-0.0,162057.094,-114818.039,-0.0,0.133,6.909358625270745e+28,30.0,70.0,35,0.0,0.0,0.0,0.0,0.0,0.0,0.0,0.0,0.0,0.0,0.0,0.0,0.0,0.0,0.0,0.0,66.4,0,150,71,51,65476,0,300,0,0,8,20529,65476,0,0,44564,70.0,0.0,0.0,0.0,0.0,0.0
2026-09-10T21:49:21,ERR,ERR,ERR,ERR,ERR,ERR,ERR,ERR,ERR,ERR,ERR,ERR,ERR,ERR,ERR,ERR,ERR,ERR,ERR,ERR,ERR,ERR,ERR,ERR,ERR,ERR,ERR,ERR,ERR,ERR,ERR,ERR,ERR,ERR,ERR,ERR,ERR,ERR,ERR,ERR,ERR,ERR,ERR,ERR,ERR,ERR,ERR,ERR,ERR,ERR,ERR,ERR,ERR,ERR,ERR,ERR,ERR,ERR,ERR,ERR,ERR,ERR,ERR,ERR,ERR,ERR,ERR,ERR,ERR,ERR,ERR,ERR,ERR,ERR,ERR,ERR,ERR,ERR,ERR,ERR,ERR,ERR,ERR,ERR,ERR,ERR,ERR,ERR,ERR,ERR,ERR,ERR,ERR,ERR,ERR,ERR,ERR,ERR,ERR,ERR,ERR,ERR,ERR,ERR,ERR,ERR,ERR,ERR,ERR,ERR,ERR,ERR,ERR,ERR,ERR,ERR,ERR,ERR,ERR,ERR,ERR,ERR,ERR,ERR,ERR,0.0,0.0,0.0,0.0,0.0,1.3936040501711995e+18,7.805,0.0,0,0,4,0,7116,0.0,100,0.0,0.0,0.0,0.0,0.0,0,0,0,0,0.0,0,0,0,0,0,0,0,0,0,0,0,0,0,0,0,0,0,0,0,0,0,0,0,0,0,0,0,0,0,0,0,0,0,31,40,40,71,65476,0,300,0,0,8,21553,0.0,-107605600.0,0.0,0.0,0.0,0.0,0.0,0.0,0.0,0.0,0.0,0.0,0.0,0.0,0.0,0.0,0.0,0.0,0.0,0.0,0.0,0.0,-2.004,-2.004,0.0,0.0,0.0,0.0,0.0,0.0,4543.0,0.0,6914.0,0.0,0.0,-0.0,-0.0,0.0,0.0,0.0,0.0,69,-0.0,-0.0,0.0,0.0,0.0,0.0,0.0,0.0,0.0,0,0,0,0.0,0.0,0.0,0.0,0.0,0.0,0.0,0.0,0.0,0.0,0.0,0.0,0.0,0.0,0.0,0.0,0,-107875648.0,69,0.0,138,0.0,-100793952.0,0,13107,17085,52429,17098,0,17079,0,0,0,70,68,100,0.0,82.3,-0.0,77.8,-0.0,78.5,1,49,50,180,0,26215,0,0,0.0,0.0,0.0,0.0,-0.0,67.0,0.0,162057.094,0.0,970,0,992,0,0,0,946,0,1014,0,915,0,788,0,777,0,821,0,7520,0.032,2.57966186655782e+19,0.0,0.0,784,16797,-0.0,162057.094,-114818.039,-0.0,0.133,6.909358625270745e+28,30.0,70.0,35,0.0,0.0,0.0,0.0,0.0,0.0,0.0,0.0,0.0,0.0,0.0,0.0,0.0,0.0,0.0,0.0,66.4,0,150,71,51,65476,0,300,0,0,8,20529,65476,0,0,44564,70.0,0.0,0.0,0.0,0.0,0.0
2026-09-10T21:49:22,ERR,ERR,ERR,ERR,ERR,ERR,ERR,ERR,ERR,ERR,ERR,ERR,ERR,ERR,ERR,ERR,ERR,ERR,ERR,ERR,ERR,ERR,ERR,ERR,ERR,ERR,ERR,ERR,ERR,ERR,ERR,ERR,ERR,ERR,ERR,ERR,ERR,ERR,ERR,ERR,ERR,ERR,ERR,ERR,ERR,ERR,ERR,ERR,ERR,ERR,ERR,ERR,ERR,ERR,ERR,ERR,ERR,ERR,ERR,ERR,ERR,ERR,ERR,ERR,ERR,ERR,ERR,ERR,ERR,ERR,ERR,ERR,ERR,ERR,ERR,ERR,ERR,ERR,ERR,ERR,ERR,ERR,ERR,ERR,ERR,ERR,ERR,ERR,ERR,ERR,ERR,ERR,ERR,ERR,ERR,ERR,ERR,ERR,ERR,ERR,ERR,ERR,ERR,ERR,ERR,ERR,ERR,ERR,ERR,ERR,ERR,ERR,ERR,ERR,ERR,ERR,ERR,ERR,ERR,ERR,ERR,ERR,ERR,ERR,ERR,0.0,0.0,0.0,0.0,0.0,1.3936040501711995e+18,7.805,0.0,0,0,4,0,7116,0.0,100,0.0,0.0,0.0,0.0,0.0,0,0,0,0,0.0,0,0,0,0,0,0,0,0,0,0,0,0,0,0,0,0,0,0,0,0,0,0,0,0,0,0,0,0,0,0,0,0,0,31,40,40,71,65476,0,300,0,0,8,21553,0.0,-107605600.0,0.0,0.0,0.0,0.0,0.0,0.0,0.0,0.0,0.0,0.0,0.0,0.0,0.0,0.0,0.0,0.0,0.0,0.0,0.0,0.0,-2.004,-2.004,0.0,0.0,0.0,0.0,0.0,0.0,4543.0,0.0,6914.0,0.0,0.0,-0.0,-0.0,0.0,0.0,0.0,0.0,69,-0.0,-0.0,0.0,0.0,0.0,0.0,0.0,0.0,0.0,0,0,0,0.0,0.0,0.0,0.0,0.0,0.0,0.0,0.0,0.0,0.0,0.0,0.0,0.0,0.0,0.0,0.0,0,-107875648.0,69,0.0,138,0.0,-100793952.0,0,13107,17085,52429,17098,0,17079,0,0,0,70,68,100,0.0,82.3,-0.0,77.8,-0.0,78.5,1,49,50,180,0,26215,0,0,0.0,0.0,0.0,0.0,-0.0,67.0,0.0,162057.094,0.0,970,0,992,0,0,0,946,0,1014,0,915,0,788,0,777,0,821,0,7520,0.032,2.57966186655782e+19,0.0,0.0,784,16797,-0.0,162057.094,-114818.039,-0.0,0.133,6.909358625270745e+28,30.0,70.0,35,0.0,0.0,0.0,0.0,0.0,0.0,0.0,0.0,0.0,0.0,0.0,0.0,0.0,0.0,0.0,0.0,66.4,0,150,71,51,65476,0,300,0,0,8,20529,65476,0,0,44564,70.0,0.0,0.0,0.0,0.0,0.0
2026-09-10T21:49:23,ERR,ERR,ERR,ERR,ERR,ERR,ERR,ERR,ERR,ERR,ERR,ERR,ERR,ERR,ERR,ERR,ERR,ERR,ERR,ERR,ERR,ERR,ERR,ERR,ERR,ERR,ERR,ERR,ERR,ERR,ERR,ERR,ERR,ERR,ERR,ERR,ERR,ERR,ERR,ERR,ERR,ERR,ERR,ERR,ERR,ERR,ERR,ERR,ERR,ERR,ERR,ERR,ERR,ERR,ERR,ERR,ERR,ERR,ERR,ERR,ERR,ERR,ERR,ERR,ERR,ERR,ERR,ERR,ERR,ERR,ERR,ERR,ERR,ERR,ERR,ERR,ERR,ERR,ERR,ERR,ERR,ERR,ERR,ERR,ERR,ERR,ERR,ERR,ERR,ERR,ERR,ERR,ERR,ERR,ERR,ERR,ERR,ERR,ERR,ERR,ERR,ERR,ERR,ERR,ERR,ERR,ERR,ERR,ERR,ERR,ERR,ERR,ERR,ERR,ERR,ERR,ERR,ERR,ERR,ERR,ERR,ERR,ERR,ERR,ERR,0.0,0.0,0.0,0.0,0.0,1.3936040501711995e+18,7.805,0.0,0,0,4,0,7116,0.0,100,0.0,0.0,0.0,0.0,0.0,0,0,0,0,0.0,0,0,0,0,0,0,0,0,0,0,0,0,0,0,0,0,0,0,0,0,0,0,0,0,0,0,0,0,0,0,0,0,0,31,40,40,71,65476,0,300,0,0,8,21553,0.0,-107605600.0,0.0,0.0,0.0,0.0,0.0,0.0,0.0,0.0,0.0,0.0,0.0,0.0,0.0,0.0,0.0,0.0,0.0,0.0,0.0,0.0,-2.004,0.0,0.0,0.0,0.0,0.0,0.0,0.0,4542.0,2.004,6920.0,0.0,0.0,-0.0,-0.0,0.0,0.0,0.0,0.0,69,-0.0,-152016944889856.0,0.0,0.0,0.0,0.0,0.0,0.0,0.0,0,0,0,0.0,0.0,0.0,0.0,0.0,0.0,0.0,0.0,0.0,0.0,0.0,0.0,0.0,0.0,0.0,0.0,0,-107875648.0,69,0.0,138,0.0,-100793952.0,0,13107,17085,52429,17098,0,17079,0,0,0,70,68,100,0.0,82.3,-0.0,77.8,-0.0,78.5,1,49,50,180,0,26215,0,0,0.0,0.0,0.0,0.0,-0.0,67.0,0.0,162057.094,0.0,970,0,992,0,0,0,946,0,1014,0,915,0,788,0,777,0,821,0,7520,0.032,2.57966186655782e+19,0.0,0.0,784,16797,-0.0,162057.094,-114818.039,-0.0,0.133,6.909358625270745e+28,30.0,70.0,35,0.0,0.0,0.0,0.0,0.0,0.0,0.0,0.0,0.0,0.0,0.0,0.0,0.0,0.0,0.0,0.0,66.4,0,150,71,51,65476,0,300,0,0,8,20529,65476,0,0,44564,70.0,0.0,0.0,0.0,0.0,0.0
2026-09-10T21:49:24,ERR,ERR,ERR,ERR,ERR,ERR,ERR,ERR,ERR,ERR,ERR,ERR,ERR,ERR,ERR,ERR,ERR,ERR,ERR,ERR,ERR,ERR,ERR,ERR,ERR,ERR,ERR,ERR,ERR,ERR,ERR,ERR,ERR,ERR,ERR,ERR,ERR,ERR,ERR,ERR,ERR,ERR,ERR,ERR,ERR,ERR,ERR,ERR,ERR,ERR,ERR,ERR,ERR,ERR,ERR,ERR,ERR,ERR,ERR,ERR,ERR,ERR,ERR,ERR,ERR,ERR,ERR,ERR,ERR,ERR,ERR,ERR,ERR,ERR,ERR,ERR,ERR,ERR,ERR,ERR,ERR,ERR,ERR,ERR,ERR,ERR,ERR,ERR,ERR,ERR,ERR,ERR,ERR,ERR,ERR,ERR,ERR,ERR,ERR,ERR,ERR,ERR,ERR,ERR,ERR,ERR,ERR,ERR,ERR,ERR,ERR,ERR,ERR,ERR,ERR,ERR,ERR,ERR,ERR,ERR,ERR,ERR,ERR,ERR,ERR,0.0,0.0,0.0,0.0,0.0,1.3936040501711995e+18,7.805,0.0,0,0,4,0,7116,0.0,100,0.0,0.0,0.0,0.0,0.0,0,0,0,0,0.0,0,0,0,0,0,0,0,0,0,0,0,0,0,0,0,0,0,0,0,0,0,0,0,0,0,0,0,0,0,0,0,0,0,31,40,40,71,65476,0,300,0,0,8,21553,0.0,-107605600.0,0.0,0.0,0.0,0.0,0.0,0.0,0.0,0.0,0.0,0.0,0.0,0.0,0.0,0.0,0.0,0.0,0.0,0.0,0.0,0.0,-2.004,0.0,0.0,0.0,0.0,0.0,0.0,0.0,4542.0,2.004,6920.0,0.0,0.0,-0.0,-0.0,0.0,0.0,0.0,0.0,69,-0.0,-152016944889856.0,0.0,0.0,0.0,0.0,0.0,0.0,0.0,0,0,0,0.0,0.0,0.0,0.0,0.0,0.0,0.0,0.0,0.0,0.0,0.0,0.0,0.0,0.0,0.0,0.0,0,-107875648.0,69,0.0,138,0.0,-100793952.0,0,13107,17085,52429,17098,0,17079,0,0,0,70,68,100,0.0,82.3,-0.0,77.8,-0.0,78.5,1,49,50,180,0,26215,0,0,0.0,0.0,0.0,0.0,-0.0,67.0,0.0,162057.094,0.0,970,0,992,0,0,0,946,0,1014,0,915,0,788,0,777,0,821,0,7520,0.032,2.57966186655782e+19,0.0,0.0,784,16797,-0.0,162057.094,-114818.039,-0.0,0.133,6.909358625270745e+28,30.0,70.0,35,0.0,0.0,0.0,0.0,0.0,0.0,0.0,0.0,0.0,0.0,0.0,0.0,0.0,0.0,0.0,0.0,66.4,0,150,71,51,65476,0,300,0,0,8,20529,65476,0,0,44564,70.0,0.0,0.0,0.0,0.0,0.0
2026-09-10T21:49:25,ERR,ERR,ERR,ERR,ERR,ERR,ERR,ERR,ERR,ERR,ERR,ERR,ERR,ERR,ERR,ERR,ERR,ERR,ERR,ERR,ERR,ERR,ERR,ERR,ERR,ERR,ERR,ERR,ERR,ERR,ERR,ERR,ERR,ERR,ERR,ERR,ERR,ERR,ERR,ERR,ERR,ERR,ERR,ERR,ERR,ERR,ERR,ERR,ERR,ERR,ERR,ERR,ERR,ERR,ERR,ERR,ERR,ERR,ERR,ERR,ERR,ERR,ERR,ERR,ERR,ERR,ERR,ERR,ERR,ERR,ERR,ERR,ERR,ERR,ERR,ERR,ERR,ERR,ERR,ERR,ERR,ERR,ERR,ERR,ERR,ERR,ERR,ERR,ERR,ERR,ERR,ERR,ERR,ERR,ERR,ERR,ERR,ERR,ERR,ERR,ERR,ERR,ERR,ERR,ERR,ERR,ERR,ERR,ERR,ERR,ERR,ERR,ERR,ERR,ERR,ERR,ERR,ERR,ERR,ERR,ERR,ERR,ERR,ERR,ERR,0.0,0.0,0.0,0.0,0.0,1.3936040501711995e+18,7.805,0.0,0,0,4,0,7116,0.0,100,0.0,0.0,0.0,0.0,0.0,0,0,0,0,0.0,0,0,0,0,0,0,0,0,0,0,0,0,0,0,0,0,0,0,0,0,0,0,0,0,0,0,0,0,0,0,0,0,0,31,40,40,71,65476,0,300,0,0,8,21553,0.0,-107605600.0,0.0,0.0,0.0,0.0,0.0,0.0,0.0,0.0,0.0,0.0,0.0,0.0,0.0,0.0,0.0,0.0,0.0,0.0,0.0,0.0,-2.004,0.0,0.0,0.0,0.0,0.0,0.0,0.0,4542.0,2.004,6920.0,0.0,0.0,-0.0,-0.0,0.0,0.0,0.0,0.0,69,-0.0,-152016944889856.0,0.0,0.0,0.0,0.0,0.0,0.0,0.0,0,0,0,0.0,0.0,0.0,0.0,0.0,0.0,0.0,0.0,0.0,0.0,0.0,0.0,0.0,0.0,0.0,0.0,0,-107875648.0,69,0.0,138,0.0,-100793952.0,0,13107,17085,52429,17098,0,17079,0,0,0,70,68,100,0.0,82.3,-0.0,77.8,-0.0,78.5,1,49,50,180,0,26215,0,0,0.0,0.0,0.0,0.0,-0.0,67.0,0.0,162057.094,0.0,970,0,992,0,0,0,946,0,1014,0,915,0,788,0,777,0,821,0,7520,0.032,2.57966186655782e+19,0.0,0.0,784,16797,-0.0,162057.094,-114818.039,-0.0,0.133,6.909358625270745e+28,30.0,70.0,35,0.0,0.0,0.0,0.0,0.0,0.0,0.0,0.0,0.0,0.0,0.0,0.0,0.0,0.0,0.0,0.0,66.4,0,150,71,51,65476,0,300,0,0,8,20529,65476,0,0,44564,70.0,0.0,0.0,0.0,0.0,0.0
2026-09-10T21:49:26,ERR,ERR,ERR,ERR,ERR,ERR,ERR,ERR,ERR,ERR,ERR,ERR,ERR,ERR,ERR,ERR,ERR,ERR,ERR,ERR,ERR,ERR,ERR,ERR,ERR,ERR,ERR,ERR,ERR,ERR,ERR,ERR,ERR,ERR,ERR,ERR,ERR,ERR,ERR,ERR,ERR,ERR,ERR,ERR,ERR,ERR,ERR,ERR,ERR,ERR,ERR,ERR,ERR,ERR,ERR,ERR,ERR,ERR,ERR,ERR,ERR,ERR,ERR,ERR,ERR,ERR,ERR,ERR,ERR,ERR,ERR,ERR,ERR,ERR,ERR,ERR,ERR,ERR,ERR,ERR,ERR,ERR,ERR,ERR,ERR,ERR,ERR,ERR,ERR,ERR,ERR,ERR,ERR,ERR,ERR,ERR,ERR,ERR,ERR,ERR,ERR,ERR,ERR,ERR,ERR,ERR,ERR,ERR,ERR,ERR,ERR,ERR,ERR,ERR,ERR,ERR,ERR,ERR,ERR,ERR,ERR,ERR,ERR,ERR,ERR,0.0,0.0,0.0,0.0,0.0,1.3936040501711995e+18,7.805,0.0,0,0,4,0,7116,0.0,100,0.0,0.0,0.0,0.0,0.0,0,0,0,0,0.0,0,0,0,0,0,0,0,0,0,0,0,0,0,0,0,0,0,0,0,0,0,0,0,0,0,0,0,0,0,0,0,0,0,31,40,40,71,65476,0,300,0,0,8,21553,0.0,-107605600.0,0.0,0.0,0.0,0.0,0.0,0.0,0.0,0.0,0.0,0.0,0.0,0.0,0.0,0.0,0.0,0.0,0.0,0.0,0.0,0.0,-2.004,0.0,0.0,0.0,0.0,0.0,0.0,0.0,4542.0,2.004,6920.0,0.0,0.0,-0.0,-0.0,0.0,0.0,0.0,0.0,69,-0.0,-152016944889856.0,0.0,0.0,0.0,0.0,0.0,0.0,0.0,0,0,0,0.0,0.0,0.0,0.0,0.0,0.0,0.0,0.0,0.0,0.0,0.0,0.0,0.0,0.0,0.0,0.0,0,-107875648.0,69,0.0,138,0.0,-100793952.0,0,13107,17085,52429,17098,0,17079,0,0,0,70,68,100,0.0,82.3,-0.0,77.8,-0.0,78.5,1,49,50,180,52429,26215,0,0,0.0,0.0,0.0,0.0,-0.0,67.0,0.0,162057.094,0.0,969,0,992,0,0,0,946,0,1014,0,915,0,788,0,778,0,821,0,7520,0.032,2.3202545280212795e+19,0.0,0.0,784,16797,-0.0,162057.094,-114818.039,-0.0,0.133,6.909358625270745e+28,30.0,70.0,35,0.0,0.0,0.0,0.0,0.0,0.0,0.0,0.0,0.0,0.0,0.0,0.0,0.0,0.0,0.0,0.0,66.4,0,150,71,51,65476,0,300,0,0,8,20529,65476,0,0,44564,70.0,0.0,0.0,0.0,0.0,0.0
2026-09-10T21:49:27,ERR,ERR,ERR,ERR,ERR,ERR,ERR,ERR,ERR,ERR,ERR,ERR,ERR,ERR,ERR,ERR,ERR,ERR,ERR,ERR,ERR,ERR,ERR,ERR,ERR,ERR,ERR,ERR,ERR,ERR,ERR,ERR,ERR,ERR,ERR,ERR,ERR,ERR,ERR,ERR,ERR,ERR,ERR,ERR,ERR,ERR,ERR,ERR,ERR,ERR,ERR,ERR,ERR,ERR,ERR,ERR,ERR,ERR,ERR,ERR,ERR,ERR,ERR,ERR,ERR,ERR,ERR,ERR,ERR,ERR,ERR,ERR,ERR,ERR,ERR,ERR,ERR,ERR,ERR,ERR,ERR,ERR,ERR,ERR,ERR,ERR,ERR,ERR,ERR,ERR,ERR,ERR,ERR,ERR,ERR,ERR,ERR,ERR,ERR,ERR,ERR,ERR,ERR,ERR,ERR,ERR,ERR,ERR,ERR,ERR,ERR,ERR,ERR,ERR,ERR,ERR,ERR,ERR,ERR,ERR,ERR,ERR,ERR,ERR,ERR,0.0,0.0,0.0,0.0,0.0,1.3936040501711995e+18,7.805,0.0,0,0,4,0,7116,0.0,100,0.0,0.0,0.0,0.0,0.0,0,0,0,0,0.0,0,0,0,0,0,0,0,0,0,0,0,0,0,0,0,0,0,0,0,0,0,0,0,0,0,0,0,0,0,0,0,0,0,31,40,40,71,65476,0,300,0,0,8,21553,0.0,-107605600.0,0.0,0.0,0.0,0.0,0.0,0.0,0.0,0.0,0.0,0.0,0.0,0.0,0.0,0.0,0.0,0.0,0.0,0.0,0.0,0.0,-2.004,0.0,0.0,0.0,0.0,0.0,0.0,0.0,4542.0,2.004,6920.0,0.0,0.0,-0.0,-0.0,0.0,0.0,0.0,0.0,69,-0.0,-152016944889856.0,0.0,0.0,0.0,0.0,0.0,0.0,0.0,0,0,0,0.0,0.0,0.0,0.0,0.0,0.0,0.0,0.0,0.0,0.0,0.0,0.0,0.0,0.0,0.0,0.0,0,-107875648.0,69,0.0,138,0.0,-100793952.0,0,13107,17085,52429,17098,0,17079,0,0,0,70,68,100,0.0,82.3,-0.0,77.8,-0.0,78.5,1,49,50,180,52429,26215,0,0,0.0,0.0,0.0,0.0,-0.0,67.0,0.0,162057.094,0.0,969,0,992,0,0,0,946,0,1014,0,915,0,788,0,778,0,821,0,7520,0.032,2.3202545280212795e+19,0.0,0.0,784,16797,-0.0,162057.094,-114818.039,-0.0,0.133,6.909358625270745e+28,30.0,70.0,35,0.0,0.0,0.0,0.0,0.0,0.0,0.0,0.0,0.0,0.0,0.0,0.0,0.0,0.0,0.0,0.0,66.4,0,150,71,51,65476,0,300,0,0,8,20529,65476,0,0,44564,70.0,0.0,0.0,0.0,0.0,0.0
2026-09-10T21:49:28,ERR,ERR,ERR,ERR,ERR,ERR,ERR,ERR,ERR,ERR,ERR,ERR,ERR,ERR,ERR,ERR,ERR,ERR,ERR,ERR,ERR,ERR,ERR,ERR,ERR,ERR,ERR,ERR,ERR,ERR,ERR,ERR,ERR,ERR,ERR,ERR,ERR,ERR,ERR,ERR,ERR,ERR,ERR,ERR,ERR,ERR,ERR,ERR,ERR,ERR,ERR,ERR,ERR,ERR,ERR,ERR,ERR,ERR,ERR,ERR,ERR,ERR,ERR,ERR,ERR,ERR,ERR,ERR,ERR,ERR,ERR,ERR,ERR,ERR,ERR,ERR,ERR,ERR,ERR,ERR,ERR,ERR,ERR,ERR,ERR,ERR,ERR,ERR,ERR,ERR,ERR,ERR,ERR,ERR,ERR,ERR,ERR,ERR,ERR,ERR,ERR,ERR,ERR,ERR,ERR,ERR,ERR,ERR,ERR,ERR,ERR,ERR,ERR,ERR,ERR,ERR,ERR,ERR,ERR,ERR,ERR,ERR,ERR,ERR,ERR,0.0,0.0,0.0,0.0,0.0,1.3936040501711995e+18,7.805,0.0,0,0,4,0,7116,0.0,100,0.0,0.0,0.0,0.0,0.0,0,0,0,0,0.0,0,0,0,0,0,0,0,0,0,0,0,0,0,0,0,0,0,0,0,0,0,0,0,0,0,0,0,0,0,0,0,0,0,31,40,40,71,65476,0,300,0,0,8,21553,0.0,-107605600.0,0.0,0.0,0.0,0.0,0.0,0.0,0.0,0.0,0.0,0.0,0.0,0.0,0.0,0.0,0.0,0.0,0.0,0.0,0.0,0.0,-2.004,0.0,0.0,0.0,0.0,0.0,0.0,0.0,4542.0,2.004,6920.0,0.0,0.0,-0.0,-0.0,0.0,0.0,0.0,0.0,69,-0.0,-152016944889856.0,0.0,0.0,0.0,0.0,0.0,0.0,0.0,0,0,0,0.0,0.0,0.0,0.0,0.0,0.0,0.0,0.0,0.0,0.0,0.0,0.0,0.0,0.0,0.0,0.0,0,-107875648.0,69,0.0,138,0.0,-100793952.0,0,13107,17085,52429,17098,0,17079,0,0,0,70,68,100,0.0,82.3,-0.0,77.8,-0.0,78.5,1,49,50,180,52429,26215,0,0,0.0,0.0,0.0,0.0,-0.0,67.0,0.0,162057.094,0.0,969,0,992,0,0,0,946,0,1014,0,915,0,788,0,778,0,821,0,7520,0.032,2.3202545280212795e+19,0.0,0.0,784,16797,-0.0,162057.094,-114818.039,-0.0,0.133,6.909358625270745e+28,30.0,70.0,35,0.0,0.0,0.0,0.0,0.0,0.0,0.0,0.0,0.0,0.0,0.0,0.0,0.0,0.0,0.0,0.0,66.4,0,150,71,51,65476,0,300,0,0,8,20529,65476,0,0,44564,70.0,0.0,0.0,0.0,0.0,0.0
2026-09-10T21:49:29,ERR,ERR,ERR,ERR,ERR,ERR,ERR,ERR,ERR,ERR,ERR,ERR,ERR,ERR,ERR,ERR,ERR,ERR,ERR,ERR,ERR,ERR,ERR,ERR,ERR,ERR,ERR,ERR,ERR,ERR,ERR,ERR,ERR,ERR,ERR,ERR,ERR,ERR,ERR,ERR,ERR,ERR,ERR,ERR,ERR,ERR,ERR,ERR,ERR,ERR,ERR,ERR,ERR,ERR,ERR,ERR,ERR,ERR,ERR,ERR,ERR,ERR,ERR,ERR,ERR,ERR,ERR,ERR,ERR,ERR,ERR,ERR,ERR,ERR,ERR,ERR,ERR,ERR,ERR,ERR,ERR,ERR,ERR,ERR,ERR,ERR,ERR,ERR,ERR,ERR,ERR,ERR,ERR,ERR,ERR,ERR,ERR,ERR,ERR,ERR,ERR,ERR,ERR,ERR,ERR,ERR,ERR,ERR,ERR,ERR,ERR,ERR,ERR,ERR,ERR,ERR,ERR,ERR,ERR,ERR,ERR,ERR,ERR,ERR,ERR,0.0,0.0,-0.0,0.0,0.0,1.3936040501711995e+18,7.805,0.0,0,0,4,0,7116,0.0,100,0.0,0.0,0.0,0.0,0.0,0,0,0,0,0.0,0,0,0,0,0,0,0,0,0,0,0,0,0,0,0,0,0,0,0,0,0,0,0,0,0,0,0,0,0,0,0,0,0,31,40,40,71,65476,0,300,0,0,8,21553,0.0,-107605600.0,0.0,0.0,0.0,0.0,0.0,0.0,0.0,0.0,0.0,0.0,0.0,0.0,0.0,0.0,0.0,0.0,0.0,0.0,0.0,0.0,0.0,0.0,0.0,2.004,0.0,0.0,0.0,0.0,4519.0,-0.0,6927.0,0.0,0.0,-0.0,-107615304.0,0.0,0.0,0.0,0.0,69,-0.0,0.0,0.0,0.0,0.0,0.0,0.0,0.0,0.0,0,0,0,0.0,0.0,0.0,0.0,0.0,0.0,0.0,0.0,0.0,0.0,0.0,0.0,0.0,0.0,0.0,0.0,0,-107875648.0,69,0.0,138,0.0,-100793952.0,0,13107,17085,52429,17098,0,17079,0,0,0,70,68,100,0.0,82.3,-0.0,77.8,-0.0,78.5,1,49,50,180,52429,26215,0,0,0.0,0.0,0.0,0.0,-0.0,67.0,0.0,162057.094,0.0,969,0,992,0,0,0,946,0,1014,0,915,0,788,0,778,0,821,0,7520,0.032,2.3202545280212795e+19,0.0,0.0,784,16797,-0.0,162057.094,-114818.039,-0.0,0.133,6.909358625270745e+28,30.0,70.0,35,0.0,0.0,0.0,0.0,0.0,0.0,0.0,0.0,0.0,0.0,0.0,0.0,0.0,0.0,0.0,0.0,66.4,0,150,71,51,65476,0,300,0,0,8,20529,65476,0,0,44564,70.0,0.0,0.0,0.0,0.0,0.0
2026-09-10T21:49:30,ERR,ERR,ERR,ERR,ERR,ERR,ERR,ERR,ERR,ERR,ERR,ERR,ERR,ERR,ERR,ERR,ERR,ERR,ERR,ERR,ERR,ERR,ERR,ERR,ERR,ERR,ERR,ERR,ERR,ERR,ERR,ERR,ERR,ERR,ERR,ERR,ERR,ERR,ERR,ERR,ERR,ERR,ERR,ERR,ERR,ERR,ERR,ERR,ERR,ERR,ERR,ERR,ERR,ERR,ERR,ERR,ERR,ERR,ERR,ERR,ERR,ERR,ERR,ERR,ERR,ERR,ERR,ERR,ERR,ERR,ERR,ERR,ERR,ERR,ERR,ERR,ERR,ERR,ERR,ERR,ERR,ERR,ERR,ERR,ERR,ERR,ERR,ERR,ERR,ERR,ERR,ERR,ERR,ERR,ERR,ERR,ERR,ERR,ERR,ERR,ERR,ERR,ERR,ERR,ERR,ERR,ERR,ERR,ERR,ERR,ERR,ERR,ERR,ERR,ERR,ERR,ERR,ERR,ERR,ERR,ERR,ERR,ERR,ERR,ERR,0.0,0.0,-0.0,0.0,0.0,1.3936040501711995e+18,7.805,0.0,0,0,4,0,7116,0.0,100,0.0,0.0,0.0,0.0,0.0,0,0,0,0,0.0,0,0,0,0,0,0,0,0,0,0,0,0,0,0,0,0,0,0,0,0,0,0,0,0,0,0,0,0,0,0,0,0,0,31,40,40,71,65476,0,300,0,0,8,21553,0.0,-107605600.0,0.0,0.0,0.0,0.0,0.0,0.0,0.0,0.0,0.0,0.0,0.0,0.0,0.0,0.0,0.0,0.0,0.0,0.0,0.0,0.0,0.0,0.0,0.0,2.004,0.0,0.0,0.0,0.0,4519.0,-0.0,6927.0,0.0,0.0,-0.0,-107615304.0,0.0,0.0,0.0,0.0,69,-0.0,0.0,0.0,0.0,0.0,0.0,0.0,0.0,0.0,0,0,0,0.0,0.0,0.0,0.0,0.0,0.0,0.0,0.0,0.0,0.0,0.0,0.0,0.0,0.0,0.0,0.0,0,-107875648.0,69,0.0,138,0.0,-100793952.0,0,13107,17085,52429,17098,0,17079,0,0,0,70,68,100,0.0,82.3,-0.0,77.8,-0.0,78.5,1,49,50,180,52429,26215,0,0,0.0,0.0,0.0,0.0,-0.0,67.0,0.0,162057.094,0.0,969,0,991,0,0,0,946,0,1014,0,915,0,788,0,778,0,821,0,7520,0.032,2.0176126330619822e+19,0.0,0.0,784,16797,-0.0,162057.094,-114818.039,-0.0,0.133,6.909358625270745e+28,30.0,70.0,35,0.0,0.0,0.0,0.0,0.0,0.0,0.0,0.0,0.0,0.0,0.0,0.0,0.0,0.0,0.0,0.0,66.4,0,150,71,51,65476,0,300,0,0,8,20529,65476,0,0,44564,70.0,0.0,0.0,0.0,0.0,0.0
2026-09-10T21:49:31,ERR,ERR,ERR,ERR,ERR,ERR,ERR,ERR,ERR,ERR,ERR,ERR,ERR,ERR,ERR,ERR,ERR,ERR,ERR,ERR,ERR,ERR,ERR,ERR,ERR,ERR,ERR,ERR,ERR,ERR,ERR,ERR,ERR,ERR,ERR,ERR,ERR,ERR,ERR,ERR,ERR,ERR,ERR,ERR,ERR,ERR,ERR,ERR,ERR,ERR,ERR,ERR,ERR,ERR,ERR,ERR,ERR,ERR,ERR,ERR,ERR,ERR,ERR,ERR,ERR,ERR,ERR,ERR,ERR,ERR,ERR,ERR,ERR,ERR,ERR,ERR,ERR,ERR,ERR,ERR,ERR,ERR,ERR,ERR,ERR,ERR,ERR,ERR,ERR,ERR,ERR,ERR,ERR,ERR,ERR,ERR,ERR,ERR,ERR,ERR,ERR,ERR,ERR,ERR,ERR,ERR,ERR,ERR,ERR,ERR,ERR,ERR,ERR,ERR,ERR,ERR,ERR,ERR,ERR,ERR,ERR,ERR,ERR,ERR,ERR,0.0,0.0,-0.0,0.0,0.0,1.3936040501711995e+18,7.805,0.0,0,0,4,0,7116,0.0,100,0.0,0.0,0.0,0.0,0.0,0,0,0,0,0.0,0,0,0,0,0,0,0,0,0,0,0,0,0,0,0,0,0,0,0,0,0,0,0,0,0,0,0,0,0,0,0,0,0,31,40,40,71,65476,0,300,0,0,8,21553,0.0,-107605600.0,0.0,0.0,0.0,0.0,0.0,0.0,0.0,0.0,0.0,0.0,0.0,0.0,0.0,0.0,0.0,0.0,0.0,0.0,0.0,0.0,0.0,0.0,0.0,2.004,0.0,0.0,0.0,0.0,4519.0,-0.0,6927.0,0.0,0.0,-0.0,-107615304.0,0.0,0.0,0.0,0.0,69,-0.0,0.0,0.0,0.0,0.0,0.0,0.0,0.0,0.0,0,0,0,0.0,0.0,0.0,0.0,0.0,0.0,0.0,0.0,0.0,0.0,0.0,0.0,0.0,0.0,0.0,0.0,0,-107875648.0,69,0.0,138,0.0,-100793952.0,0,13107,17085,52429,17098,0,17079,0,0,0,70,68,100,0.0,82.3,-0.0,77.8,-0.0,78.5,1,49,50,180,52429,26215,0,0,0.0,0.0,0.0,0.0,-0.0,67.0,0.0,162057.094,0.0,969,0,991,0,0,0,946,0,1014,0,915,0,788,0,778,0,821,0,7520,0.032,2.0176126330619822e+19,0.0,0.0,784,16797,-0.0,162057.094,-114818.039,-0.0,0.133,6.909358625270745e+28,30.0,70.0,35,0.0,0.0,0.0,0.0,0.0,0.0,0.0,0.0,0.0,0.0,0.0,0.0,0.0,0.0,0.0,0.0,66.4,0,150,71,51,65476,0,300,0,0,8,20529,65476,0,0,44564,70.0,0.0,0.0,0.0,0.0,0.0
2026-09-10T21:49:32,ERR,ERR,ERR,ERR,ERR,ERR,ERR,ERR,ERR,ERR,ERR,ERR,ERR,ERR,ERR,ERR,ERR,ERR,ERR,ERR,ERR,ERR,ERR,ERR,ERR,ERR,ERR,ERR,ERR,ERR,ERR,ERR,ERR,ERR,ERR,ERR,ERR,ERR,ERR,ERR,ERR,ERR,ERR,ERR,ERR,ERR,ERR,ERR,ERR,ERR,ERR,ERR,ERR,ERR,ERR,ERR,ERR,ERR,ERR,ERR,ERR,ERR,ERR,ERR,ERR,ERR,ERR,ERR,ERR,ERR,ERR,ERR,ERR,ERR,ERR,ERR,ERR,ERR,ERR,ERR,ERR,ERR,ERR,ERR,ERR,ERR,ERR,ERR,ERR,ERR,ERR,ERR,ERR,ERR,ERR,ERR,ERR,ERR,ERR,ERR,ERR,ERR,ERR,ERR,ERR,ERR,ERR,ERR,ERR,ERR,ERR,ERR,ERR,ERR,ERR,ERR,ERR,ERR,ERR,ERR,ERR,ERR,ERR,ERR,ERR,0.0,0.0,-0.0,0.0,0.0,1.3936040501711995e+18,7.805,0.0,0,0,4,0,7116,0.0,100,0.0,0.0,0.0,0.0,0.0,0,0,0,0,0.0,0,0,0,0,0,0,0,0,0,0,0,0,0,0,0,0,0,0,0,0,0,0,0,0,0,0,0,0,0,0,0,0,0,31,40,40,71,65476,0,300,0,0,8,21553,0.0,-107605600.0,0.0,0.0,0.0,0.0,0.0,0.0,0.0,0.0,0.0,0.0,0.0,0.0,0.0,0.0,0.0,0.0,0.0,0.0,0.0,0.0,0.0,0.0,0.0,2.004,0.0,0.0,0.0,0.0,4519.0,-0.0,6927.0,0.0,0.0,-0.0,-107615304.0,0.0,0.0,0.0,0.0,69,-0.0,0.0,0.0,0.0,0.0,0.0,0.0,0.0,0.0,0,0,0,0.0,0.0,0.0,0.0,0.0,0.0,0.0,0.0,0.0,0.0,0.0,0.0,0.0,0.0,0.0,0.0,0,-107875648.0,69,0.0,138,0.0,-100793952.0,0,13107,17085,52429,17098,0,17079,0,0,0,70,68,100,0.0,82.3,-0.0,77.8,-0.0,78.5,1,49,50,180,52429,26215,0,0,0.0,0.0,0.0,0.0,-0.0,67.0,0.0,162057.094,0.0,969,0,991,0,0,0,946,0,1014,0,915,0,788,0,778,0,821,0,7520,0.032,2.0176126330619822e+19,0.0,0.0,784,16797,-0.0,162057.094,-114818.039,-0.0,0.133,6.909358625270745e+28,30.0,70.0,35,0.0,0.0,0.0,0.0,0.0,0.0,0.0,0.0,0.0,0.0,0.0,0.0,0.0,0.0,0.0,0.0,66.4,0,150,71,51,65476,0,300,0,0,8,20529,65476,0,0,44564,70.0,0.0,0.0,0.0,0.0,0.0
2026-09-10T21:49:33,ERR,ERR,ERR,ERR,ERR,ERR,ERR,ERR,ERR,ERR,ERR,ERR,ERR,ERR,ERR,ERR,ERR,ERR,ERR,ERR,ERR,ERR,ERR,ERR,ERR,ERR,ERR,ERR,ERR,ERR,ERR,ERR,ERR,ERR,ERR,ERR,ERR,ERR,ERR,ERR,ERR,ERR,ERR,ERR,ERR,ERR,ERR,ERR,ERR,ERR,ERR,ERR,ERR,ERR,ERR,ERR,ERR,ERR,ERR,ERR,ERR,ERR,ERR,ERR,ERR,ERR,ERR,ERR,ERR,ERR,ERR,ERR,ERR,ERR,ERR,ERR,ERR,ERR,ERR,ERR,ERR,ERR,ERR,ERR,ERR,ERR,ERR,ERR,ERR,ERR,ERR,ERR,ERR,ERR,ERR,ERR,ERR,ERR,ERR,ERR,ERR,ERR,ERR,ERR,ERR,ERR,ERR,ERR,ERR,ERR,ERR,ERR,ERR,ERR,ERR,ERR,ERR,ERR,ERR,ERR,ERR,ERR,ERR,ERR,ERR,0.0,0.0,-0.0,0.0,0.0,1.3936040501711995e+18,7.805,0.0,0,0,4,0,7116,0.0,100,0.0,0.0,0.0,0.0,0.0,0,0,0,0,0.0,0,0,0,0,0,0,0,0,0,0,0,0,0,0,0,0,0,0,0,0,0,0,0,0,0,0,0,0,0,0,0,0,0,31,40,40,71,65476,0,300,0,0,8,21553,0.0,-107605600.0,0.0,0.0,0.0,0.0,0.0,0.0,0.0,0.0,0.0,0.0,0.0,0.0,0.0,0.0,0.0,0.0,0.0,0.0,0.0,0.0,0.0,0.0,0.0,2.004,0.0,0.0,0.0,0.0,4519.0,-0.0,6927.0,0.0,0.0,-0.0,-107615304.0,0.0,0.0,0.0,0.0,69,-0.0,0.0,0.0,0.0,0.0,0.0,0.0,0.0,0.0,0,0,0,0.0,0.0,0.0,0.0,0.0,0.0,0.0,0.0,0.0,0.0,0.0,0.0,0.0,0.0,0.0,0.0,0,-107875648.0,69,0.0,138,0.0,-100793952.0,0,13107,17085,52429,17098,0,17079,0,0,0,70,68,100,0.0,82.3,-0.0,77.8,-0.0,78.5,1,49,50,180,52429,26215,0,0,0.0,0.0,0.0,0.0,-0.0,67.0,0.0,162057.094,0.0,969,0,991,0,0,0,946,0,1014,0,915,0,788,0,778,0,821,0,7520,0.032,2.0176126330619822e+19,0.0,0.0,784,16797,-0.0,162057.094,-114818.039,-0.0,0.133,6.909358625270745e+28,30.0,70.0,35,0.0,0.0,0.0,0.0,0.0,0.0,0.0,0.0,0.0,0.0,0.0,0.0,0.0,0.0,0.0,0.0,66.4,0,150,71,51,65476,0,300,0,0,8,20529,65476,0,0,44564,70.0,0.0,0.0,0.0,0.0,0.0
2026-09-10T21:49:34,ERR,ERR,ERR,ERR,ERR,ERR,ERR,ERR,ERR,ERR,ERR,ERR,ERR,ERR,ERR,ERR,ERR,ERR,ERR,ERR,ERR,ERR,ERR,ERR,ERR,ERR,ERR,ERR,ERR,ERR,ERR,ERR,ERR,ERR,ERR,ERR,ERR,ERR,ERR,ERR,ERR,ERR,ERR,ERR,ERR,ERR,ERR,ERR,ERR,ERR,ERR,ERR,ERR,ERR,ERR,ERR,ERR,ERR,ERR,ERR,ERR,ERR,ERR,ERR,ERR,ERR,ERR,ERR,ERR,ERR,ERR,ERR,ERR,ERR,ERR,ERR,ERR,ERR,ERR,ERR,ERR,ERR,ERR,ERR,ERR,ERR,ERR,ERR,ERR,ERR,ERR,ERR,ERR,ERR,ERR,ERR,ERR,ERR,ERR,ERR,ERR,ERR,ERR,ERR,ERR,ERR,ERR,ERR,ERR,ERR,ERR,ERR,ERR,ERR,ERR,ERR,ERR,ERR,ERR,ERR,ERR,ERR,ERR,ERR,ERR,0.0,0.0,-0.0,0.0,0.0,1.3936040501711995e+18,7.805,0.0,0,0,4,0,7116,0.0,100,0.0,0.0,0.0,0.0,0.0,0,0,0,0,0.0,0,0,0,0,0,0,0,0,0,0,0,0,0,0,0,0,0,0,0,0,0,0,0,0,0,0,0,0,0,0,0,0,0,31,40,40,71,65476,0,300,0,0,8,21553,0.0,-107605600.0,0.0,0.0,0.0,0.0,0.0,0.0,0.0,0.0,0.0,0.0,0.0,0.0,0.0,0.0,0.0,0.0,0.0,0.0,0.0,0.0,0.0,0.0,0.0,2.004,0.0,0.0,0.0,0.0,4519.0,-0.0,6927.0,0.0,0.0,-0.0,-107615304.0,0.0,0.0,0.0,0.0,69,-0.0,0.0,0.0,0.0,0.0,0.0,0.0,0.0,0.0,0,0,0,0.0,0.0,0.0,0.0,0.0,0.0,0.0,0.0,0.0,0.0,0.0,0.0,0.0,0.0,0.0,0.0,0,-107875648.0,69,0.0,138,0.0,-100793952.0,0,13107,17085,52429,17098,0,17079,0,0,0,70,68,100,0.0,82.3,-0.0,77.8,-0.0,78.5,1,49,50,180,52429,26215,0,0,0.0,0.0,0.0,0.0,-0.0,67.0,0.0,162057.094,0.0,969,0,991,0,0,0,946,0,1014,0,915,0,788,0,778,0,821,0,7520,0.032,2.0176126330619822e+19,0.0,0.0,784,16797,-0.0,162057.094,-114818.039,-0.0,0.133,6.909358625270745e+28,30.0,70.0,35,0.0,0.0,0.0,0.0,0.0,0.0,0.0,0.0,0.0,0.0,0.0,0.0,0.0,0.0,0.0,0.0,66.4,0,150,71,51,65476,0,300,0,0,8,20529,65476,0,0,44564,70.0,0.0,0.0,0.0,0.0,0.0
2026-09-10T21:49:35,ERR,ERR,ERR,ERR,ERR,ERR,ERR,ERR,ERR,ERR,ERR,ERR,ERR,ERR,ERR,ERR,ERR,ERR,ERR,ERR,ERR,ERR,ERR,ERR,ERR,ERR,ERR,ERR,ERR,ERR,ERR,ERR,ERR,ERR,ERR,ERR,ERR,ERR,ERR,ERR,ERR,ERR,ERR,ERR,ERR,ERR,ERR,ERR,ERR,ERR,ERR,ERR,ERR,ERR,ERR,ERR,ERR,ERR,ERR,ERR,ERR,ERR,ERR,ERR,ERR,ERR,ERR,ERR,ERR,ERR,ERR,ERR,ERR,ERR,ERR,ERR,ERR,ERR,ERR,ERR,ERR,ERR,ERR,ERR,ERR,ERR,ERR,ERR,ERR,ERR,ERR,ERR,ERR,ERR,ERR,ERR,ERR,ERR,ERR,ERR,ERR,ERR,ERR,ERR,ERR,ERR,ERR,ERR,ERR,ERR,ERR,ERR,ERR,ERR,ERR,ERR,ERR,ERR,ERR,ERR,ERR,ERR,ERR,ERR,ERR,0.0,0.0,-0.0,0.0,0.0,1.3936040501711995e+18,7.805,0.0,0,0,4,0,7116,0.0,100,0.0,0.0,0.0,0.0,0.0,0,0,0,0,0.0,0,0,0,0,0,0,0,0,0,0,0,0,0,0,0,0,0,0,0,0,0,0,0,0,0,0,0,0,0,0,0,0,0,31,40,40,71,65476,0,300,0,0,8,21553,0.0,-107605600.0,0.0,0.0,0.0,0.0,0.0,0.0,0.0,0.0,0.0,0.0,0.0,0.0,0.0,0.0,0.0,0.0,0.0,0.0,0.0,0.0,0.0,0.0,0.0,2.004,0.0,0.0,0.0,0.0,4519.0,-0.0,6927.0,0.0,0.0,-0.0,-107615304.0,0.0,0.0,0.0,0.0,69,-0.0,0.0,0.0,0.0,0.0,0.0,0.0,0.0,0.0,0,0,0,0.0,0.0,0.0,0.0,0.0,0.0,0.0,0.0,0.0,0.0,0.0,0.0,0.0,0.0,0.0,0.0,0,-107875648.0,69,0.0,138,0.0,-100793952.0,0,13107,17085,52429,17098,0,17079,0,0,0,70,68,100,0.0,82.3,-0.0,77.8,-0.0,78.5,1,49,50,180,52429,26215,0,0,0.0,0.0,0.0,0.0,-0.0,67.0,0.0,162057.094,0.0,969,0,991,0,0,0,946,0,1014,0,915,0,788,0,778,0,821,0,7520,0.032,2.0176126330619822e+19,0.0,0.0,784,16797,-0.0,162057.094,-114818.039,-0.0,0.133,6.909358625270745e+28,30.0,70.0,35,0.0,0.0,0.0,0.0,0.0,0.0,0.0,0.0,0.0,0.0,0.0,0.0,0.0,0.0,0.0,0.0,66.4,0,150,71,51,65476,0,300,0,0,8,20529,65476,0,0,44564,70.0,0.0,0.0,0.0,0.0,0.0
2026-09-10T21:49:36,ERR,ERR,ERR,ERR,ERR,ERR,ERR,ERR,ERR,ERR,ERR,ERR,ERR,ERR,ERR,ERR,ERR,ERR,ERR,ERR,ERR,ERR,ERR,ERR,ERR,ERR,ERR,ERR,ERR,ERR,ERR,ERR,ERR,ERR,ERR,ERR,ERR,ERR,ERR,ERR,ERR,ERR,ERR,ERR,ERR,ERR,ERR,ERR,ERR,ERR,ERR,ERR,ERR,ERR,ERR,ERR,ERR,ERR,ERR,ERR,ERR,ERR,ERR,ERR,ERR,ERR,ERR,ERR,ERR,ERR,ERR,ERR,ERR,ERR,ERR,ERR,ERR,ERR,ERR,ERR,ERR,ERR,ERR,ERR,ERR,ERR,ERR,ERR,ERR,ERR,ERR,ERR,ERR,ERR,ERR,ERR,ERR,ERR,ERR,ERR,ERR,ERR,ERR,ERR,ERR,ERR,ERR,ERR,ERR,ERR,ERR,ERR,ERR,ERR,ERR,ERR,ERR,ERR,ERR,ERR,ERR,ERR,ERR,ERR,ERR,0.0,0.0,-0.0,0.0,0.0,1.3936040501711995e+18,7.805,0.0,0,0,4,0,7116,0.0,100,0.0,0.0,0.0,0.0,0.0,0,0,0,0,0.0,0,0,0,0,0,0,0,0,0,0,0,0,0,0,0,0,0,0,0,0,0,0,0,0,0,0,0,0,0,0,0,0,0,31,40,40,71,65476,0,300,0,0,8,21553,0.0,-107605600.0,0.0,0.0,0.0,0.0,0.0,0.0,0.0,0.0,0.0,0.0,0.0,0.0,0.0,0.0,0.0,0.0,0.0,0.0,0.0,0.0,0.0,0.0,0.0,2.004,0.0,0.0,0.0,0.0,4519.0,-0.0,6927.0,0.0,0.0,-0.0,-107615304.0,0.0,0.0,0.0,0.0,69,-0.0,0.0,0.0,0.0,0.0,0.0,0.0,0.0,0.0,0,0,0,0.0,0.0,0.0,0.0,0.0,0.0,0.0,0.0,0.0,0.0,0.0,0.0,0.0,0.0,0.0,0.0,0,-107875648.0,69,0.0,138,0.0,-100793952.0,0,13107,17085,52429,17098,0,17079,0,0,0,70,68,100,0.0,82.3,-0.0,77.8,-0.0,78.5,1,49,50,180,52429,26215,0,0,0.0,0.0,0.0,0.0,-0.0,67.0,0.0,162057.094,0.0,969,0,991,0,0,0,946,0,1014,0,915,0,788,0,778,0,821,0,7520,0.032,2.0176126330619822e+19,0.0,0.0,784,16797,-0.0,162057.094,-114818.039,-0.0,0.133,6.909358625270745e+28,30.0,70.0,35,0.0,0.0,0.0,0.0,0.0,0.0,0.0,0.0,0.0,0.0,0.0,0.0,0.0,0.0,0.0,0.0,66.4,0,150,71,51,65476,0,300,0,0,8,20529,65476,0,0,44564,70.0,0.0,0.0,0.0,0.0,0.0
2026-09-10T21:49:37,ERR,ERR,ERR,ERR,ERR,ERR,ERR,ERR,ERR,ERR,ERR,ERR,ERR,ERR,ERR,ERR,ERR,ERR,ERR,ERR,ERR,ERR,ERR,ERR,ERR,ERR,ERR,ERR,ERR,ERR,ERR,ERR,ERR,ERR,ERR,ERR,ERR,ERR,ERR,ERR,ERR,ERR,ERR,ERR,ERR,ERR,ERR,ERR,ERR,ERR,ERR,ERR,ERR,ERR,ERR,ERR,ERR,ERR,ERR,ERR,ERR,ERR,ERR,ERR,ERR,ERR,ERR,ERR,ERR,ERR,ERR,ERR,ERR,ERR,ERR,ERR,ERR,ERR,ERR,ERR,ERR,ERR,ERR,ERR,ERR,ERR,ERR,ERR,ERR,ERR,ERR,ERR,ERR,ERR,ERR,ERR,ERR,ERR,ERR,ERR,ERR,ERR,ERR,ERR,ERR,ERR,ERR,ERR,ERR,ERR,ERR,ERR,ERR,ERR,ERR,ERR,ERR,ERR,ERR,ERR,ERR,ERR,ERR,ERR,ERR,0.0,0.0,0.0,0.0,0.0,1.3936040501711995e+18,7.805,0.0,0,0,4,0,7116,0.0,100,0.0,0.0,0.0,0.0,0.0,0,0,0,0,0.0,0,0,0,0,0,0,0,0,0,0,0,0,0,0,0,0,0,0,0,0,0,0,0,0,0,0,0,0,0,0,0,0,0,31,40,40,71,65476,0,300,0,0,8,21553,0.0,-107605600.0,0.0,0.0,0.0,0.0,0.0,0.0,0.0,0.0,0.0,0.0,0.0,0.0,0.0,0.0,0.0,0.0,0.0,0.0,0.0,0.0,-2.004,0.0,0.0,2.004,0.0,0.0,0.0,0.0,4513.0,8608166912.0,6922.0,0.0,0.0,-0.0,-107615304.0,0.0,0.0,0.0,0.0,69,-0.0,-2.3088245329045016e+20,0.0,0.0,0.0,0.0,0.0,0.0,0.0,0,0,0,0.0,0.0,0.0,0.0,0.0,0.0,0.0,0.0,0.0,0.0,0.0,0.0,0.0,0.0,0.0,0.0,0,-107875648.0,69,0.0,138,0.0,-100793952.0,0,13107,17085,52429,17098,0,17079,0,0,0,70,68,100,0.0,82.3,-0.0,77.8,-0.0,78.5,1,49,50,180,52429,26215,0,0,0.0,0.0,0.0,0.0,-0.0,67.0,0.0,162057.094,0.0,969,0,991,0,0,0,946,0,1014,0,915,0,788,0,778,0,821,0,7520,0.032,2.0176126330619822e+19,0.0,0.0,784,16797,-0.0,162057.094,-114818.039,-0.0,0.133,6.909358625270745e+28,30.0,70.0,35,0.0,0.0,0.0,0.0,0.0,0.0,0.0,0.0,0.0,0.0,0.0,0.0,0.0,0.0,0.0,0.0,66.4,0,150,71,51,65476,0,300,0,0,8,20529,65476,0,0,44564,70.0,0.0,0.0,0.0,0.0,0.0
2026-09-10T21:49:38,ERR,ERR,ERR,ERR,ERR,ERR,ERR,ERR,ERR,ERR,ERR,ERR,ERR,ERR,ERR,ERR,ERR,ERR,ERR,ERR,ERR,ERR,ERR,ERR,ERR,ERR,ERR,ERR,ERR,ERR,ERR,ERR,ERR,ERR,ERR,ERR,ERR,ERR,ERR,ERR,ERR,ERR,ERR,ERR,ERR,ERR,ERR,ERR,ERR,ERR,ERR,ERR,ERR,ERR,ERR,ERR,ERR,ERR,ERR,ERR,ERR,ERR,ERR,ERR,ERR,ERR,ERR,ERR,ERR,ERR,ERR,ERR,ERR,ERR,ERR,ERR,ERR,ERR,ERR,ERR,ERR,ERR,ERR,ERR,ERR,ERR,ERR,ERR,ERR,ERR,ERR,ERR,ERR,ERR,ERR,ERR,ERR,ERR,ERR,ERR,ERR,ERR,ERR,ERR,ERR,ERR,ERR,ERR,ERR,ERR,ERR,ERR,ERR,ERR,ERR,ERR,ERR,ERR,ERR,ERR,ERR,ERR,ERR,ERR,ERR,0.0,0.0,0.0,0.0,0.0,1.3936040501711995e+18,7.805,0.0,0,0,4,0,7116,0.0,100,0.0,0.0,0.0,0.0,0.0,0,0,0,0,0.0,0,0,0,0,0,0,0,0,0,0,0,0,0,0,0,0,0,0,0,0,0,0,0,0,0,0,0,0,0,0,0,0,0,31,40,40,71,65476,0,300,0,0,8,21553,0.0,-107605600.0,0.0,0.0,0.0,0.0,0.0,0.0,0.0,0.0,0.0,0.0,0.0,0.0,0.0,0.0,0.0,0.0,0.0,0.0,0.0,0.0,-2.004,0.0,0.0,2.004,0.0,0.0,0.0,0.0,4513.0,8608166912.0,6922.0,0.0,0.0,-0.0,-107615304.0,0.0,0.0,0.0,0.0,69,-0.0,-2.3088245329045016e+20,0.0,0.0,0.0,0.0,0.0,0.0,0.0,0,0,0,0.0,0.0,0.0,0.0,0.0,0.0,0.0,0.0,0.0,0.0,0.0,0.0,0.0,0.0,0.0,0.0,0,-107875648.0,69,0.0,138,0.0,-100793952.0,0,13107,17085,52429,17098,0,17079,0,0,0,70,68,100,0.0,82.3,-0.0,77.8,-0.0,78.5,1,49,50,180,52429,26215,0,0,0.0,0.0,0.0,0.0,-0.0,67.0,0.0,162057.094,0.0,969,0,991,0,0,0,946,0,1014,0,915,0,788,0,778,0,821,0,7520,0.032,2.0176126330619822e+19,0.0,0.0,784,16797,-0.0,162057.094,-114818.039,-0.0,0.133,6.909358625270745e+28,30.0,70.0,35,0.0,0.0,0.0,0.0,0.0,0.0,0.0,0.0,0.0,0.0,0.0,0.0,0.0,0.0,0.0,0.0,66.4,0,150,71,51,65476,0,300,0,0,8,20529,65476,0,0,44564,70.0,0.0,0.0,0.0,0.0,0.0
2026-09-10T21:49:39,ERR,ERR,ERR,ERR,ERR,ERR,ERR,ERR,ERR,ERR,ERR,ERR,ERR,ERR,ERR,ERR,ERR,ERR,ERR,ERR,ERR,ERR,ERR,ERR,ERR,ERR,ERR,ERR,ERR,ERR,ERR,ERR,ERR,ERR,ERR,ERR,ERR,ERR,ERR,ERR,ERR,ERR,ERR,ERR,ERR,ERR,ERR,ERR,ERR,ERR,ERR,ERR,ERR,ERR,ERR,ERR,ERR,ERR,ERR,ERR,ERR,ERR,ERR,ERR,ERR,ERR,ERR,ERR,ERR,ERR,ERR,ERR,ERR,ERR,ERR,ERR,ERR,ERR,ERR,ERR,ERR,ERR,ERR,ERR,ERR,ERR,ERR,ERR,ERR,ERR,ERR,ERR,ERR,ERR,ERR,ERR,ERR,ERR,ERR,ERR,ERR,ERR,ERR,ERR,ERR,ERR,ERR,ERR,ERR,ERR,ERR,ERR,ERR,ERR,ERR,ERR,ERR,ERR,ERR,ERR,ERR,ERR,ERR,ERR,ERR,0.0,0.0,0.0,0.0,0.0,1.3936040501711995e+18,7.805,0.0,0,0,4,0,7116,0.0,100,0.0,0.0,0.0,0.0,0.0,0,0,0,0,0.0,0,0,0,0,0,0,0,0,0,0,0,0,0,0,0,0,0,0,0,0,0,0,0,0,0,0,0,0,0,0,0,0,0,31,40,40,71,65476,0,300,0,0,8,21553,0.0,-107605600.0,0.0,0.0,0.0,0.0,0.0,0.0,0.0,0.0,0.0,0.0,0.0,0.0,0.0,0.0,0.0,0.0,0.0,0.0,0.0,0.0,-2.004,0.0,0.0,2.004,0.0,0.0,0.0,0.0,4513.0,8608166912.0,6922.0,0.0,0.0,-0.0,-107615304.0,0.0,0.0,0.0,0.0,69,-0.0,-2.3088245329045016e+20,0.0,0.0,0.0,0.0,0.0,0.0,0.0,0,0,0,0.0,0.0,0.0,0.0,0.0,0.0,0.0,0.0,0.0,0.0,0.0,0.0,0.0,0.0,0.0,0.0,0,-107875648.0,69,0.0,138,0.0,-100793952.0,0,13107,17085,52429,17098,0,17079,0,0,0,70,68,100,0.0,82.3,-0.0,77.8,-0.0,78.5,1,49,50,180,52429,26215,0,0,0.0,0.0,0.0,0.0,-0.0,67.0,0.0,162057.094,0.0,969,0,991,0,0,0,946,0,1014,0,915,0,788,0,778,0,821,0,7520,0.032,2.0176126330619822e+19,0.0,0.0,784,16797,-0.0,162057.094,-114818.039,-0.0,0.133,6.909358625270745e+28,30.0,70.0,35,0.0,0.0,0.0,0.0,0.0,0.0,0.0,0.0,0.0,0.0,0.0,0.0,0.0,0.0,0.0,0.0,66.4,0,150,71,51,65476,0,300,0,0,8,20529,65476,0,0,44564,70.0,0.0,0.0,0.0,0.0,0.0
2026-09-10T21:49:40,ERR,ERR,ERR,ERR,ERR,ERR,ERR,ERR,ERR,ERR,ERR,ERR,ERR,ERR,ERR,ERR,ERR,ERR,ERR,ERR,ERR,ERR,ERR,ERR,ERR,ERR,ERR,ERR,ERR,ERR,ERR,ERR,ERR,ERR,ERR,ERR,ERR,ERR,ERR,ERR,ERR,ERR,ERR,ERR,ERR,ERR,ERR,ERR,ERR,ERR,ERR,ERR,ERR,ERR,ERR,ERR,ERR,ERR,ERR,ERR,ERR,ERR,ERR,ERR,ERR,ERR,ERR,ERR,ERR,ERR,ERR,ERR,ERR,ERR,ERR,ERR,ERR,ERR,ERR,ERR,ERR,ERR,ERR,ERR,ERR,ERR,ERR,ERR,ERR,ERR,ERR,ERR,ERR,ERR,ERR,ERR,ERR,ERR,ERR,ERR,ERR,ERR,ERR,ERR,ERR,ERR,ERR,ERR,ERR,ERR,ERR,ERR,ERR,ERR,ERR,ERR,ERR,ERR,ERR,ERR,ERR,ERR,ERR,ERR,ERR,0.0,0.0,0.0,0.0,0.0,1.3936040501711995e+18,7.805,0.0,0,0,4,0,7116,0.0,100,0.0,0.0,0.0,0.0,0.0,0,0,0,0,0.0,0,0,0,0,0,0,0,0,0,0,0,0,0,0,0,0,0,0,0,0,0,0,0,0,0,0,0,0,0,0,0,0,0,31,40,40,71,65476,0,300,0,0,8,21553,0.0,-107605600.0,0.0,0.0,0.0,0.0,0.0,0.0,0.0,0.0,0.0,0.0,0.0,0.0,0.0,0.0,0.0,0.0,0.0,0.0,0.0,0.0,-2.004,0.0,0.0,2.004,0.0,0.0,0.0,0.0,4513.0,8608166912.0,6922.0,0.0,0.0,-0.0,-107615304.0,0.0,0.0,0.0,0.0,69,-0.0,-2.3088245329045016e+20,0.0,0.0,0.0,0.0,0.0,0.0,0.0,0,0,0,0.0,0.0,0.0,0.0,0.0,0.0,0.0,0.0,0.0,0.0,0.0,0.0,0.0,0.0,0.0,0.0,0,-107875648.0,69,0.0,138,0.0,-100793952.0,0,13107,17085,52429,17098,0,17079,0,0,0,70,68,100,0.0,82.3,-0.0,77.8,-0.0,78.5,1,49,50,180,52429,26215,0,0,0.0,0.0,0.0,0.0,-0.0,67.0,0.0,162057.094,0.0,969,0,991,0,0,0,946,0,1014,0,915,0,788,0,778,0,821,0,7520,0.032,2.0176126330619822e+19,0.0,0.0,784,16797,-0.0,162057.094,-114818.039,-0.0,0.133,6.909358625270745e+28,30.0,70.0,35,0.0,0.0,0.0,0.0,0.0,0.0,0.0,0.0,0.0,0.0,0.0,0.0,0.0,0.0,0.0,0.0,66.4,0,150,71,51,65476,0,300,0,0,8,20529,65476,0,0,44564,70.0,0.0,0.0,0.0,0.0,0.0
2026-09-10T21:49:41,ERR,ERR,ERR,ERR,ERR,ERR,ERR,ERR,ERR,ERR,ERR,ERR,ERR,ERR,ERR,ERR,ERR,ERR,ERR,ERR,ERR,ERR,ERR,ERR,ERR,ERR,ERR,ERR,ERR,ERR,ERR,ERR,ERR,ERR,ERR,ERR,ERR,ERR,ERR,ERR,ERR,ERR,ERR,ERR,ERR,ERR,ERR,ERR,ERR,ERR,ERR,ERR,ERR,ERR,ERR,ERR,ERR,ERR,ERR,ERR,ERR,ERR,ERR,ERR,ERR,ERR,ERR,ERR,ERR,ERR,ERR,ERR,ERR,ERR,ERR,ERR,ERR,ERR,ERR,ERR,ERR,ERR,ERR,ERR,ERR,ERR,ERR,ERR,ERR,ERR,ERR,ERR,ERR,ERR,ERR,ERR,ERR,ERR,ERR,ERR,ERR,ERR,ERR,ERR,ERR,ERR,ERR,ERR,ERR,ERR,ERR,ERR,ERR,ERR,ERR,ERR,ERR,ERR,ERR,ERR,ERR,ERR,ERR,ERR,ERR,0.0,0.0,0.0,0.0,0.0,1.3936040501711995e+18,7.805,0.0,0,0,4,0,7116,0.0,100,0.0,0.0,0.0,0.0,0.0,0,0,0,0,0.0,0,0,0,0,0,0,0,0,0,0,0,0,0,0,0,0,0,0,0,0,0,0,0,0,0,0,0,0,0,0,0,0,0,31,40,40,71,65476,0,300,0,0,8,21553,0.0,-107605600.0,0.0,0.0,0.0,0.0,0.0,0.0,0.0,0.0,0.0,0.0,0.0,0.0,0.0,0.0,0.0,0.0,0.0,0.0,0.0,0.0,-2.004,0.0,0.0,2.004,0.0,0.0,0.0,0.0,4513.0,8608166912.0,6922.0,0.0,0.0,-0.0,-107615304.0,0.0,0.0,0.0,0.0,69,-0.0,-2.3088245329045016e+20,0.0,0.0,0.0,0.0,0.0,0.0,0.0,0,0,0,0.0,0.0,0.0,0.0,0.0,0.0,0.0,0.0,0.0,0.0,0.0,0.0,0.0,0.0,0.0,0.0,0,-107875648.0,69,0.0,138,0.0,-100793952.0,0,13107,17085,52429,17098,0,17079,0,0,0,70,68,100,0.0,82.3,-0.0,77.8,-0.0,78.5,1,49,50,180,52429,13107,0,0,0.0,0.0,0.0,0.0,-0.0,67.0,0.0,162057.094,0.0,969,0,991,0,0,0,946,0,1014,0,915,0,788,0,778,0,821,0,7520,0.032,2.032024151869568e+19,0.0,0.0,784,16797,-0.0,162057.094,-114818.039,-0.0,0.133,6.909358625270745e+28,30.0,70.0,35,0.0,0.0,0.0,0.0,0.0,0.0,0.0,0.0,0.0,0.0,0.0,0.0,0.0,0.0,0.0,0.0,66.4,0,150,71,51,65476,0,300,0,0,8,20529,65476,0,0,44564,70.0,0.0,0.0,0.0,0.0,0.0
2026-09-10T21:49:42,ERR,ERR,ERR,ERR,ERR,ERR,ERR,ERR,ERR,ERR,ERR,ERR,ERR,ERR,ERR,ERR,ERR,ERR,ERR,ERR,ERR,ERR,ERR,ERR,ERR,ERR,ERR,ERR,ERR,ERR,ERR,ERR,ERR,ERR,ERR,ERR,ERR,ERR,ERR,ERR,ERR,ERR,ERR,ERR,ERR,ERR,ERR,ERR,ERR,ERR,ERR,ERR,ERR,ERR,ERR,ERR,ERR,ERR,ERR,ERR,ERR,ERR,ERR,ERR,ERR,ERR,ERR,ERR,ERR,ERR,ERR,ERR,ERR,ERR,ERR,ERR,ERR,ERR,ERR,ERR,ERR,ERR,ERR,ERR,ERR,ERR,ERR,ERR,ERR,ERR,ERR,ERR,ERR,ERR,ERR,ERR,ERR,ERR,ERR,ERR,ERR,ERR,ERR,ERR,ERR,ERR,ERR,ERR,ERR,ERR,ERR,ERR,ERR,ERR,ERR,ERR,ERR,ERR,ERR,ERR,ERR,ERR,ERR,ERR,ERR,0.0,0.0,0.0,0.0,0.0,1.3936040501711995e+18,7.805,0.0,0,0,4,0,7116,0.0,100,0.0,0.0,0.0,0.0,0.0,0,0,0,0,0.0,0,0,0,0,0,0,0,0,0,0,0,0,0,0,0,0,0,0,0,0,0,0,0,0,0,0,0,0,0,0,0,0,0,31,40,40,71,65476,0,300,0,0,8,21553,0.0,-107605600.0,0.0,0.0,0.0,0.0,0.0,0.0,0.0,0.0,0.0,0.0,0.0,0.0,0.0,0.0,0.0,0.0,0.0,0.0,0.0,0.0,-2.004,0.0,0.0,2.004,0.0,0.0,0.0,0.0,4513.0,8608166912.0,6922.0,0.0,0.0,-0.0,-107615304.0,0.0,0.0,0.0,0.0,69,-0.0,-2.3088245329045016e+20,0.0,0.0,0.0,0.0,0.0,0.0,0.0,0,0,0,0.0,0.0,0.0,0.0,0.0,0.0,0.0,0.0,0.0,0.0,0.0,0.0,0.0,0.0,0.0,0.0,0,-107875648.0,69,0.0,138,0.0,-100793952.0,0,13107,17085,52429,17098,0,17079,0,0,0,70,68,100,0.0,82.3,-0.0,77.8,-0.0,78.5,1,49,50,180,52429,13107,0,0,0.0,0.0,0.0,0.0,-0.0,67.0,0.0,162057.094,0.0,969,0,991,0,0,0,946,0,1014,0,915,0,788,0,778,0,821,0,7520,0.032,2.032024151869568e+19,0.0,0.0,784,16797,-0.0,162057.094,-114818.039,-0.0,0.133,6.909358625270745e+28,30.0,70.0,35,0.0,0.0,0.0,0.0,0.0,0.0,0.0,0.0,0.0,0.0,0.0,0.0,0.0,0.0,0.0,0.0,66.4,0,150,71,51,65476,0,300,0,0,8,20529,65476,0,0,44564,70.0,0.0,0.0,0.0,0.0,0.0
2026-09-10T21:49:43,ERR,ERR,ERR,ERR,ERR,ERR,ERR,ERR,ERR,ERR,ERR,ERR,ERR,ERR,ERR,ERR,ERR,ERR,ERR,ERR,ERR,ERR,ERR,ERR,ERR,ERR,ERR,ERR,ERR,ERR,ERR,ERR,ERR,ERR,ERR,ERR,ERR,ERR,ERR,ERR,ERR,ERR,ERR,ERR,ERR,ERR,ERR,ERR,ERR,ERR,ERR,ERR,ERR,ERR,ERR,ERR,ERR,ERR,ERR,ERR,ERR,ERR,ERR,ERR,ERR,ERR,ERR,ERR,ERR,ERR,ERR,ERR,ERR,ERR,ERR,ERR,ERR,ERR,ERR,ERR,ERR,ERR,ERR,ERR,ERR,ERR,ERR,ERR,ERR,ERR,ERR,ERR,ERR,ERR,ERR,ERR,ERR,ERR,ERR,ERR,ERR,ERR,ERR,ERR,ERR,ERR,ERR,ERR,ERR,ERR,ERR,ERR,ERR,ERR,ERR,ERR,ERR,ERR,ERR,ERR,ERR,ERR,ERR,ERR,ERR,0.0,0.0,0.0,0.0,0.0,1.3936040501711995e+18,7.805,0.0,0,0,4,0,7116,0.0,100,0.0,0.0,0.0,0.0,0.0,0,0,0,0,0.0,0,0,0,0,0,0,0,0,0,0,0,0,0,0,0,0,0,0,0,0,0,0,0,0,0,0,0,0,0,0,0,0,0,31,40,40,71,65476,0,300,0,0,8,21553,0.0,-107605600.0,0.0,0.0,0.0,0.0,0.0,0.0,0.0,0.0,0.0,0.0,0.0,0.0,0.0,0.0,0.0,0.0,0.0,0.0,0.0,0.0,-2.004,0.0,0.0,2.004,0.0,0.0,0.0,0.0,4513.0,8608166912.0,6922.0,0.0,0.0,-0.0,-107615304.0,0.0,0.0,0.0,0.0,69,-0.0,-2.3088245329045016e+20,0.0,0.0,0.0,0.0,0.0,0.0,0.0,0,0,0,0.0,0.0,0.0,0.0,0.0,0.0,0.0,0.0,0.0,0.0,0.0,0.0,0.0,0.0,0.0,0.0,0,-107875648.0,69,0.0,138,0.0,-100793952.0,0,13107,17085,52429,17098,0,17079,0,0,0,70,68,100,0.0,82.3,-0.0,77.8,-0.0,78.5,1,49,50,180,52429,13107,0,0,0.0,0.0,0.0,0.0,-0.0,67.0,0.0,162057.094,0.0,969,0,991,0,0,0,946,0,1014,0,915,0,788,0,778,0,821,0,7520,0.032,2.032024151869568e+19,0.0,0.0,784,16797,-0.0,162057.094,-114818.039,-0.0,0.133,6.909358625270745e+28,30.0,70.0,35,0.0,0.0,0.0,0.0,0.0,0.0,0.0,0.0,0.0,0.0,0.0,0.0,0.0,0.0,0.0,0.0,66.4,0,150,71,51,65476,0,300,0,0,8,20529,65476,0,0,44564,70.0,0.0,0.0,0.0,0.0,0.0
2026-09-10T21:49:44,ERR,ERR,ERR,ERR,ERR,ERR,ERR,ERR,ERR,ERR,ERR,ERR,ERR,ERR,ERR,ERR,ERR,ERR,ERR,ERR,ERR,ERR,ERR,ERR,ERR,ERR,ERR,ERR,ERR,ERR,ERR,ERR,ERR,ERR,ERR,ERR,ERR,ERR,ERR,ERR,ERR,ERR,ERR,ERR,ERR,ERR,ERR,ERR,ERR,ERR,ERR,ERR,ERR,ERR,ERR,ERR,ERR,ERR,ERR,ERR,ERR,ERR,ERR,ERR,ERR,ERR,ERR,ERR,ERR,ERR,ERR,ERR,ERR,ERR,ERR,ERR,ERR,ERR,ERR,ERR,ERR,ERR,ERR,ERR,ERR,ERR,ERR,ERR,ERR,ERR,ERR,ERR,ERR,ERR,ERR,ERR,ERR,ERR,ERR,ERR,ERR,ERR,ERR,ERR,ERR,ERR,ERR,ERR,ERR,ERR,ERR,ERR,ERR,ERR,ERR,ERR,ERR,ERR,ERR,ERR,ERR,ERR,ERR,ERR,ERR,0.0,0.0,0.0,0.0,0.0,1.3936040501711995e+18,7.805,0.0,0,0,4,0,7116,0.0,100,0.0,0.0,0.0,0.0,0.0,0,0,0,0,0.0,0,0,0,0,0,0,0,0,0,0,0,0,0,0,0,0,0,0,0,0,0,0,0,0,0,0,0,0,0,0,0,0,0,31,40,40,71,65476,0,300,0,0,8,21553,0.0,-107605600.0,0.0,0.0,0.0,0.0,0.0,0.0,0.0,0.0,0.0,0.0,0.0,0.0,0.0,0.0,0.0,0.0,0.0,0.0,0.0,0.0,-2.004,0.0,0.0,2.004,0.0,0.0,0.0,0.0,4513.0,8608166912.0,6922.0,0.0,0.0,-0.0,-107615304.0,0.0,0.0,0.0,0.0,69,-0.0,-2.3088245329045016e+20,0.0,0.0,0.0,0.0,0.0,0.0,0.0,0,0,0,0.0,0.0,0.0,0.0,0.0,0.0,0.0,0.0,0.0,0.0,0.0,0.0,0.0,0.0,0.0,0.0,0,-107875648.0,69,0.0,138,0.0,-100793952.0,0,13107,17085,52429,17098,0,17079,0,0,0,70,68,100,0.0,82.3,-0.0,77.8,-0.0,78.5,1,49,50,180,52429,13107,0,0,0.0,0.0,0.0,0.0,-0.0,67.0,0.0,162057.094,0.0,969,0,991,0,0,0,946,0,1014,0,915,0,788,0,778,0,821,0,7520,0.032,2.032024151869568e+19,0.0,0.0,784,16797,-0.0,162057.094,-114818.039,-0.0,0.133,6.909358625270745e+28,30.0,70.0,35,0.0,0.0,0.0,0.0,0.0,0.0,0.0,0.0,0.0,0.0,0.0,0.0,0.0,0.0,0.0,0.0,66.4,0,150,71,51,65476,0,300,0,0,8,20529,65476,0,0,44564,70.0,0.0,0.0,0.0,0.0,0.0
2026-09-10T21:49:45,ERR,ERR,ERR,ERR,ERR,ERR,ERR,ERR,ERR,ERR,ERR,ERR,ERR,ERR,ERR,ERR,ERR,ERR,ERR,ERR,ERR,ERR,ERR,ERR,ERR,ERR,ERR,ERR,ERR,ERR,ERR,ERR,ERR,ERR,ERR,ERR,ERR,ERR,ERR,ERR,ERR,ERR,ERR,ERR,ERR,ERR,ERR,ERR,ERR,ERR,ERR,ERR,ERR,ERR,ERR,ERR,ERR,ERR,ERR,ERR,ERR,ERR,ERR,ERR,ERR,ERR,ERR,ERR,ERR,ERR,ERR,ERR,ERR,ERR,ERR,ERR,ERR,ERR,ERR,ERR,ERR,ERR,ERR,ERR,ERR,ERR,ERR,ERR,ERR,ERR,ERR,ERR,ERR,ERR,ERR,ERR,ERR,ERR,ERR,ERR,ERR,ERR,ERR,ERR,ERR,ERR,ERR,ERR,ERR,ERR,ERR,ERR,ERR,ERR,ERR,ERR,ERR,ERR,ERR,ERR,ERR,ERR,ERR,ERR,ERR,0.0,0.0,0.0,0.0,0.0,1.3936040501711995e+18,7.805,0.0,0,0,4,0,7116,0.0,100,0.0,0.0,0.0,0.0,0.0,0,0,0,0,0.0,0,0,0,0,0,0,0,0,0,0,0,0,0,0,0,0,0,0,0,0,0,0,0,0,0,0,0,0,0,0,0,0,0,31,40,40,71,65476,0,300,0,0,8,21553,0.0,-107605600.0,0.0,0.0,0.0,0.0,0.0,0.0,0.0,0.0,0.0,0.0,0.0,0.0,0.0,0.0,0.0,0.0,0.0,0.0,0.0,0.0,-2.004,0.0,0.0,2.004,0.0,0.0,0.0,0.0,4518.0,8608166912.0,6922.0,0.0,0.0,-0.0,-107615304.0,0.0,0.0,0.0,0.0,69,-0.0,-2.3088245329045016e+20,0.0,0.0,0.0,0.0,0.0,0.0,0.0,0,0,0,0.0,0.0,0.0,0.0,0.0,0.0,0.0,0.0,0.0,0.0,0.0,0.0,0.0,0.0,0.0,0.0,0,-107875648.0,69,0.0,138,0.0,-100793952.0,0,13107,17085,52429,17098,0,17079,0,0,0,70,68,100,0.0,82.3,-0.0,77.8,-0.0,78.5,1,49,50,180,52429,13107,0,0,0.0,0.0,0.0,0.0,-0.0,67.0,0.0,162057.094,0.0,969,0,991,0,0,0,946,0,1014,0,915,0,788,0,778,0,821,0,7520,0.032,2.032024151869568e+19,0.0,0.0,784,16797,-0.0,162057.094,-114818.039,-0.0,0.133,6.909358625270745e+28,30.0,70.0,35,0.0,0.0,0.0,0.0,0.0,0.0,0.0,0.0,0.0,0.0,0.0,0.0,0.0,0.0,0.0,0.0,66.4,0,150,71,51,65476,0,300,0,0,8,20529,65476,0,0,44564,70.0,0.0,0.0,0.0,0.0,0.0
2026-09-10T21:49:46,ERR,ERR,ERR,ERR,ERR,ERR,ERR,ERR,ERR,ERR,ERR,ERR,ERR,ERR,ERR,ERR,ERR,ERR,ERR,ERR,ERR,ERR,ERR,ERR,ERR,ERR,ERR,ERR,ERR,ERR,ERR,ERR,ERR,ERR,ERR,ERR,ERR,ERR,ERR,ERR,ERR,ERR,ERR,ERR,ERR,ERR,ERR,ERR,ERR,ERR,ERR,ERR,ERR,ERR,ERR,ERR,ERR,ERR,ERR,ERR,ERR,ERR,ERR,ERR,ERR,ERR,ERR,ERR,ERR,ERR,ERR,ERR,ERR,ERR,ERR,ERR,ERR,ERR,ERR,ERR,ERR,ERR,ERR,ERR,ERR,ERR,ERR,ERR,ERR,ERR,ERR,ERR,ERR,ERR,ERR,ERR,ERR,ERR,ERR,ERR,ERR,ERR,ERR,ERR,ERR,ERR,ERR,ERR,ERR,ERR,ERR,ERR,ERR,ERR,ERR,ERR,ERR,ERR,ERR,ERR,ERR,ERR,ERR,ERR,ERR,0.0,0.0,0.0,0.0,0.0,1.3936040501711995e+18,7.805,0.0,0,0,4,0,7116,0.0,100,0.0,0.0,0.0,0.0,0.0,0,0,0,0,0.0,0,0,0,0,0,0,0,0,0,0,0,0,0,0,0,0,0,0,0,0,0,0,0,0,0,0,0,0,0,0,0,0,0,31,40,40,71,65476,0,300,0,0,8,21553,0.0,-107605600.0,0.0,0.0,0.0,0.0,0.0,0.0,0.0,0.0,0.0,0.0,0.0,0.0,0.0,0.0,0.0,0.0,0.0,0.0,0.0,0.0,-2.004,0.0,0.0,2.004,0.0,0.0,0.0,0.0,4518.0,8608166912.0,6922.0,0.0,0.0,-0.0,-107615304.0,0.0,0.0,0.0,0.0,69,-0.0,-2.3088245329045016e+20,0.0,0.0,0.0,0.0,0.0,0.0,0.0,0,0,0,0.0,0.0,0.0,0.0,0.0,0.0,0.0,0.0,0.0,0.0,0.0,0.0,0.0,0.0,0.0,0.0,0,-107875648.0,69,0.0,138,0.0,-100793952.0,0,13107,17085,52429,17098,0,17079,0,0,0,70,68,100,0.0,82.3,-0.0,77.8,-0.0,78.5,1,49,50,180,52429,13107,0,0,0.0,0.0,0.0,0.0,-0.0,67.0,0.0,162057.094,0.0,969,0,991,0,0,0,946,0,1014,0,915,0,788,0,778,0,821,0,7520,0.032,2.032024151869568e+19,0.0,0.0,784,16797,-0.0,162057.094,-114818.039,-0.0,0.133,6.909358625270745e+28,30.0,70.0,35,0.0,0.0,0.0,0.0,0.0,0.0,0.0,0.0,0.0,0.0,0.0,0.0,0.0,0.0,0.0,0.0,66.4,0,150,71,51,65476,0,300,0,0,8,20529,65476,0,0,44564,70.0,0.0,0.0,0.0,0.0,0.0
2026-09-10T21:49:47,ERR,ERR,ERR,ERR,ERR,ERR,ERR,ERR,ERR,ERR,ERR,ERR,ERR,ERR,ERR,ERR,ERR,ERR,ERR,ERR,ERR,ERR,ERR,ERR,ERR,ERR,ERR,ERR,ERR,ERR,ERR,ERR,ERR,ERR,ERR,ERR,ERR,ERR,ERR,ERR,ERR,ERR,ERR,ERR,ERR,ERR,ERR,ERR,ERR,ERR,ERR,ERR,ERR,ERR,ERR,ERR,ERR,ERR,ERR,ERR,ERR,ERR,ERR,ERR,ERR,ERR,ERR,ERR,ERR,ERR,ERR,ERR,ERR,ERR,ERR,ERR,ERR,ERR,ERR,ERR,ERR,ERR,ERR,ERR,ERR,ERR,ERR,ERR,ERR,ERR,ERR,ERR,ERR,ERR,ERR,ERR,ERR,ERR,ERR,ERR,ERR,ERR,ERR,ERR,ERR,ERR,ERR,ERR,ERR,ERR,ERR,ERR,ERR,ERR,ERR,ERR,ERR,ERR,ERR,ERR,ERR,ERR,ERR,ERR,ERR,0.0,0.0,0.0,0.0,0.0,1.3936040501711995e+18,7.805,0.0,0,0,4,0,7116,0.0,100,0.0,0.0,0.0,0.0,0.0,0,0,0,0,0.0,0,0,0,0,0,0,0,0,0,0,0,0,0,0,0,0,0,0,0,0,0,0,0,0,0,0,0,0,0,0,0,0,0,31,40,40,71,65476,0,300,0,0,8,21553,0.0,-107605600.0,0.0,0.0,0.0,0.0,0.0,0.0,0.0,0.0,0.0,0.0,0.0,0.0,0.0,0.0,0.0,0.0,0.0,0.0,0.0,0.0,-2.004,0.0,0.0,2.004,0.0,0.0,0.0,0.0,4518.0,8608166912.0,6922.0,0.0,0.0,-0.0,-107615304.0,0.0,0.0,0.0,0.0,69,-0.0,-2.3088245329045016e+20,0.0,0.0,0.0,0.0,0.0,0.0,0.0,0,0,0,0.0,0.0,0.0,0.0,0.0,0.0,0.0,0.0,0.0,0.0,0.0,0.0,0.0,0.0,0.0,0.0,0,-107875648.0,69,0.0,138,0.0,-100793952.0,0,13107,17085,52429,17098,0,17079,0,0,0,70,68,100,0.0,82.3,-0.0,77.8,-0.0,78.5,1,49,50,180,52429,13107,0,0,0.0,0.0,0.0,0.0,-0.0,67.0,0.0,162057.094,0.0,969,0,991,0,0,0,946,0,1014,0,915,0,788,0,778,0,821,0,7520,0.032,2.0464356706771534e+19,0.0,0.0,784,16797,-0.0,162057.094,-114818.039,-0.0,0.133,6.909358625270745e+28,30.0,70.0,35,0.0,0.0,0.0,0.0,0.0,0.0,0.0,0.0,0.0,0.0,0.0,0.0,0.0,0.0,0.0,0.0,66.4,0,150,71,51,65476,0,300,0,0,8,20529,65476,0,0,44564,70.0,0.0,0.0,0.0,0.0,0.0
2026-09-10T21:49:48,ERR,ERR,ERR,ERR,ERR,ERR,ERR,ERR,ERR,ERR,ERR,ERR,ERR,ERR,ERR,ERR,ERR,ERR,ERR,ERR,ERR,ERR,ERR,ERR,ERR,ERR,ERR,ERR,ERR,ERR,ERR,ERR,ERR,ERR,ERR,ERR,ERR,ERR,ERR,ERR,ERR,ERR,ERR,ERR,ERR,ERR,ERR,ERR,ERR,ERR,ERR,ERR,ERR,ERR,ERR,ERR,ERR,ERR,ERR,ERR,ERR,ERR,ERR,ERR,ERR,ERR,ERR,ERR,ERR,ERR,ERR,ERR,ERR,ERR,ERR,ERR,ERR,ERR,ERR,ERR,ERR,ERR,ERR,ERR,ERR,ERR,ERR,ERR,ERR,ERR,ERR,ERR,ERR,ERR,ERR,ERR,ERR,ERR,ERR,ERR,ERR,ERR,ERR,ERR,ERR,ERR,ERR,ERR,ERR,ERR,ERR,ERR,ERR,ERR,ERR,ERR,ERR,ERR,ERR,ERR,ERR,ERR,ERR,ERR,ERR,0.0,0.0,0.0,0.0,0.0,1.3936040501711995e+18,7.805,0.0,0,0,4,0,7116,0.0,100,0.0,0.0,0.0,0.0,0.0,0,0,0,0,0.0,0,0,0,0,0,0,0,0,0,0,0,0,0,0,0,0,0,0,0,0,0,0,0,0,0,0,0,0,0,0,0,0,0,31,40,40,71,65476,0,300,0,0,8,21553,0.0,-107605600.0,0.0,0.0,0.0,0.0,0.0,0.0,0.0,0.0,0.0,0.0,0.0,0.0,0.0,0.0,0.0,0.0,0.0,0.0,0.0,0.0,-2.004,0.0,0.0,2.004,0.0,0.0,0.0,0.0,4518.0,8608166912.0,6922.0,0.0,0.0,-0.0,-107615304.0,0.0,0.0,0.0,0.0,69,-0.0,-2.3088245329045016e+20,0.0,0.0,0.0,0.0,0.0,0.0,0.0,0,0,0,0.0,0.0,0.0,0.0,0.0,0.0,0.0,0.0,0.0,0.0,0.0,0.0,0.0,0.0,0.0,0.0,0,-107875648.0,69,0.0,138,0.0,-100793952.0,0,13107,17085,52429,17098,0,17079,0,0,0,70,68,100,0.0,82.3,-0.0,77.8,-0.0,78.5,1,49,50,180,52429,13107,0,0,0.0,0.0,0.0,0.0,-0.0,67.0,0.0,162057.094,0.0,969,0,991,0,0,0,946,0,1014,0,915,0,788,0,778,0,821,0,7520,0.032,2.0464356706771534e+19,0.0,0.0,784,16797,-0.0,162057.094,-114818.039,-0.0,0.133,6.909358625270745e+28,30.0,70.0,35,0.0,0.0,0.0,0.0,0.0,0.0,0.0,0.0,0.0,0.0,0.0,0.0,0.0,0.0,0.0,0.0,66.4,0,150,71,51,65476,0,300,0,0,8,20529,65476,0,0,44564,70.0,0.0,0.0,0.0,0.0,0.0
2026-09-10T21:49:49,ERR,ERR,ERR,ERR,ERR,ERR,ERR,ERR,ERR,ERR,ERR,ERR,ERR,ERR,ERR,ERR,ERR,ERR,ERR,ERR,ERR,ERR,ERR,ERR,ERR,ERR,ERR,ERR,ERR,ERR,ERR,ERR,ERR,ERR,ERR,ERR,ERR,ERR,ERR,ERR,ERR,ERR,ERR,ERR,ERR,ERR,ERR,ERR,ERR,ERR,ERR,ERR,ERR,ERR,ERR,ERR,ERR,ERR,ERR,ERR,ERR,ERR,ERR,ERR,ERR,ERR,ERR,ERR,ERR,ERR,ERR,ERR,ERR,ERR,ERR,ERR,ERR,ERR,ERR,ERR,ERR,ERR,ERR,ERR,ERR,ERR,ERR,ERR,ERR,ERR,ERR,ERR,ERR,ERR,ERR,ERR,ERR,ERR,ERR,ERR,ERR,ERR,ERR,ERR,ERR,ERR,ERR,ERR,ERR,ERR,ERR,ERR,ERR,ERR,ERR,ERR,ERR,ERR,ERR,ERR,ERR,ERR,ERR,ERR,ERR,0.0,0.0,0.0,0.0,0.0,1.3936040501711995e+18,7.805,0.0,0,0,4,0,7116,0.0,100,0.0,0.0,0.0,0.0,0.0,0,0,0,0,0.0,0,0,0,0,0,0,0,0,0,0,0,0,0,0,0,0,0,0,0,0,0,0,0,0,0,0,0,0,0,0,0,0,0,31,40,40,71,65476,0,300,0,0,8,21553,0.0,-107605600.0,0.0,0.0,0.0,0.0,0.0,0.0,0.0,0.0,0.0,0.0,0.0,0.0,0.0,0.0,0.0,0.0,0.0,0.0,0.0,0.0,-2.004,0.0,0.0,2.004,0.0,0.0,0.0,0.0,4518.0,8608166912.0,6922.0,0.0,0.0,-0.0,-107615304.0,0.0,0.0,0.0,0.0,69,-0.0,-2.3088245329045016e+20,0.0,0.0,0.0,0.0,0.0,0.0,0.0,0,0,0,0.0,0.0,0.0,0.0,0.0,0.0,0.0,0.0,0.0,0.0,0.0,0.0,0.0,0.0,0.0,0.0,0,-107875648.0,69,0.0,138,0.0,-100793952.0,0,13107,17085,52429,17098,0,17079,0,0,0,70,68,100,0.0,82.3,-0.0,77.8,-0.0,78.5,1,49,50,180,52429,13107,0,0,0.0,0.0,0.0,0.0,-0.0,67.0,0.0,162057.094,0.0,969,0,991,0,0,0,946,0,1014,0,915,0,788,0,778,0,821,0,7520,0.032,2.0464356706771534e+19,0.0,0.0,784,16797,-0.0,162057.094,-114818.039,-0.0,0.133,6.909358625270745e+28,30.0,70.0,35,0.0,0.0,0.0,0.0,0.0,0.0,0.0,0.0,0.0,0.0,0.0,0.0,0.0,0.0,0.0,0.0,66.4,0,150,71,51,65476,0,300,0,0,8,20529,65476,0,0,44564,70.0,0.0,0.0,0.0,0.0,0.0
2026-09-10T21:49:50,ERR,ERR,ERR,ERR,ERR,ERR,ERR,ERR,ERR,ERR,ERR,ERR,ERR,ERR,ERR,ERR,ERR,ERR,ERR,ERR,ERR,ERR,ERR,ERR,ERR,ERR,ERR,ERR,ERR,ERR,ERR,ERR,ERR,ERR,ERR,ERR,ERR,ERR,ERR,ERR,ERR,ERR,ERR,ERR,ERR,ERR,ERR,ERR,ERR,ERR,ERR,ERR,ERR,ERR,ERR,ERR,ERR,ERR,ERR,ERR,ERR,ERR,ERR,ERR,ERR,ERR,ERR,ERR,ERR,ERR,ERR,ERR,ERR,ERR,ERR,ERR,ERR,ERR,ERR,ERR,ERR,ERR,ERR,ERR,ERR,ERR,ERR,ERR,ERR,ERR,ERR,ERR,ERR,ERR,ERR,ERR,ERR,ERR,ERR,ERR,ERR,ERR,ERR,ERR,ERR,ERR,ERR,ERR,ERR,ERR,ERR,ERR,ERR,ERR,ERR,ERR,ERR,ERR,ERR,ERR,ERR,ERR,ERR,ERR,ERR,0.0,0.0,0.0,0.0,0.0,1.3936040501711995e+18,7.805,0.0,0,0,4,0,7116,0.0,100,0.0,0.0,0.0,0.0,0.0,0,0,0,0,0.0,0,0,0,0,0,0,0,0,0,0,0,0,0,0,0,0,0,0,0,0,0,0,0,0,0,0,0,0,0,0,0,0,0,31,40,40,71,65476,0,300,0,0,8,21553,0.0,-107605600.0,0.0,0.0,0.0,0.0,0.0,0.0,0.0,0.0,0.0,0.0,0.0,0.0,0.0,0.0,0.0,0.0,0.0,0.0,0.0,0.0,-2.004,0.0,0.0,2.004,0.0,0.0,0.0,0.0,4518.0,8608166912.0,6922.0,0.0,0.0,-0.0,-107615304.0,0.0,0.0,0.0,0.0,69,-0.0,-2.3088245329045016e+20,0.0,0.0,0.0,0.0,0.0,0.0,0.0,0,0,0,0.0,0.0,0.0,0.0,0.0,0.0,0.0,0.0,0.0,0.0,0.0,0.0,0.0,0.0,0.0,0.0,0,-107875648.0,69,0.0,138,0.0,-100793952.0,0,13107,17085,52429,17098,0,17079,0,0,0,70,68,100,0.0,82.3,-0.0,77.8,-0.0,78.5,1,49,50,180,52429,13107,0,0,0.0,0.0,0.0,0.0,-0.0,67.0,0.0,162057.094,0.0,969,0,991,0,0,0,946,0,1014,0,915,0,788,0,778,0,821,0,7520,0.032,2.0464356706771534e+19,0.0,0.0,784,16797,-0.0,162057.094,-114818.039,-0.0,0.133,6.909358625270745e+28,30.0,70.0,35,0.0,0.0,0.0,0.0,0.0,0.0,0.0,0.0,0.0,0.0,0.0,0.0,0.0,0.0,0.0,0.0,66.4,0,150,71,51,65476,0,300,0,0,8,20529,65476,0,0,44564,70.0,0.0,0.0,0.0,0.0,0.0
2026-09-10T21:49:51,ERR,ERR,ERR,ERR,ERR,ERR,ERR,ERR,ERR,ERR,ERR,ERR,ERR,ERR,ERR,ERR,ERR,ERR,ERR,ERR,ERR,ERR,ERR,ERR,ERR,ERR,ERR,ERR,ERR,ERR,ERR,ERR,ERR,ERR,ERR,ERR,ERR,ERR,ERR,ERR,ERR,ERR,ERR,ERR,ERR,ERR,ERR,ERR,ERR,ERR,ERR,ERR,ERR,ERR,ERR,ERR,ERR,ERR,ERR,ERR,ERR,ERR,ERR,ERR,ERR,ERR,ERR,ERR,ERR,ERR,ERR,ERR,ERR,ERR,ERR,ERR,ERR,ERR,ERR,ERR,ERR,ERR,ERR,ERR,ERR,ERR,ERR,ERR,ERR,ERR,ERR,ERR,ERR,ERR,ERR,ERR,ERR,ERR,ERR,ERR,ERR,ERR,ERR,ERR,ERR,ERR,ERR,ERR,ERR,ERR,ERR,ERR,ERR,ERR,ERR,ERR,ERR,ERR,ERR,ERR,ERR,ERR,ERR,ERR,ERR,0.0,0.0,0.0,0.0,0.0,1.3936040501711995e+18,7.805,0.0,0,0,4,0,7116,0.0,100,0.0,0.0,0.0,0.0,0.0,0,0,0,0,0.0,0,0,0,0,0,0,0,0,0,0,0,0,0,0,0,0,0,0,0,0,0,0,0,0,0,0,0,0,0,0,0,0,0,31,40,40,71,65476,0,300,0,0,8,21553,0.0,-107605600.0,0.0,0.0,0.0,0.0,0.0,0.0,0.0,0.0,0.0,0.0,0.0,0.0,0.0,0.0,0.0,0.0,0.0,0.0,0.0,0.0,-2.004,0.0,0.0,2.004,0.0,0.0,0.0,0.0,4518.0,8608166912.0,6922.0,0.0,0.0,-0.0,-107615304.0,0.0,0.0,0.0,0.0,69,-0.0,-2.3088245329045016e+20,0.0,0.0,0.0,0.0,0.0,0.0,0.0,0,0,0,0.0,0.0,0.0,0.0,0.0,0.0,0.0,0.0,0.0,0.0,0.0,0.0,0.0,0.0,0.0,0.0,0,-107875648.0,69,0.0,138,0.0,-100793952.0,0,13107,17085,52429,17098,0,17079,0,0,0,70,68,100,0.0,82.3,-0.0,77.8,-0.0,78.5,1,49,50,180,52429,13107,0,0,0.0,0.0,0.0,0.0,-0.0,67.0,0.0,162057.094,0.0,969,0,991,0,0,0,946,0,1014,0,915,0,788,0,778,0,821,0,7520,0.032,2.0464356706771534e+19,0.0,0.0,784,16797,-0.0,162057.094,-114818.039,-0.0,0.133,6.909358625270745e+28,30.0,70.0,35,0.0,0.0,0.0,0.0,0.0,0.0,0.0,0.0,0.0,0.0,0.0,0.0,0.0,0.0,0.0,0.0,66.4,0,150,71,51,65476,0,300,0,0,8,20529,65476,0,0,44564,70.0,0.0,0.0,0.0,0.0,0.0
2026-09-10T21:49:52,ERR,ERR,ERR,ERR,ERR,ERR,ERR,ERR,ERR,ERR,ERR,ERR,ERR,ERR,ERR,ERR,ERR,ERR,ERR,ERR,ERR,ERR,ERR,ERR,ERR,ERR,ERR,ERR,ERR,ERR,ERR,ERR,ERR,ERR,ERR,ERR,ERR,ERR,ERR,ERR,ERR,ERR,ERR,ERR,ERR,ERR,ERR,ERR,ERR,ERR,ERR,ERR,ERR,ERR,ERR,ERR,ERR,ERR,ERR,ERR,ERR,ERR,ERR,ERR,ERR,ERR,ERR,ERR,ERR,ERR,ERR,ERR,ERR,ERR,ERR,ERR,ERR,ERR,ERR,ERR,ERR,ERR,ERR,ERR,ERR,ERR,ERR,ERR,ERR,ERR,ERR,ERR,ERR,ERR,ERR,ERR,ERR,ERR,ERR,ERR,ERR,ERR,ERR,ERR,ERR,ERR,ERR,ERR,ERR,ERR,ERR,ERR,ERR,ERR,ERR,ERR,ERR,ERR,ERR,ERR,ERR,ERR,ERR,ERR,ERR,0.0,0.0,0.0,0.0,0.0,1.3936040501711995e+18,7.805,0.0,0,0,4,0,7116,0.0,100,0.0,0.0,0.0,0.0,0.0,0,0,0,0,0.0,0,0,0,0,0,0,0,0,0,0,0,0,0,0,0,0,0,0,0,0,0,0,0,0,0,0,0,0,0,0,0,0,0,31,40,40,71,65476,0,300,0,0,8,21553,0.0,-107605600.0,0.0,0.0,0.0,0.0,0.0,0.0,0.0,0.0,0.0,0.0,0.0,0.0,0.0,0.0,0.0,0.0,0.0,0.0,0.0,0.0,-2.004,0.0,0.0,2.004,0.0,0.0,0.0,0.0,4518.0,8608166912.0,6922.0,0.0,0.0,-0.0,-107615304.0,0.0,0.0,0.0,0.0,69,-0.0,-2.3088245329045016e+20,0.0,0.0,0.0,0.0,0.0,0.0,0.0,0,0,0,0.0,0.0,0.0,0.0,0.0,0.0,0.0,0.0,0.0,0.0,0.0,0.0,0.0,0.0,0.0,0.0,0,-107875648.0,69,0.0,138,0.0,-100793952.0,0,13107,17085,52429,17098,0,17079,0,0,0,70,68,100,0.0,82.3,-0.0,77.8,-0.0,78.5,1,49,50,180,52429,13107,0,0,0.0,0.0,0.0,0.0,-0.0,67.0,0.0,162057.094,0.0,969,0,991,0,0,0,946,0,1014,0,915,0,788,0,778,0,821,0,7520,0.032,2.0464356706771534e+19,0.0,0.0,784,16797,-0.0,162057.094,-114818.039,-0.0,0.133,6.909358625270745e+28,30.0,70.0,35,0.0,0.0,0.0,0.0,0.0,0.0,0.0,0.0,0.0,0.0,0.0,0.0,0.0,0.0,0.0,0.0,66.4,0,150,71,51,65476,0,300,0,0,8,20529,65476,0,0,44564,70.0,0.0,0.0,0.0,0.0,0.0
2026-09-10T21:49:53,ERR,ERR,ERR,ERR,ERR,ERR,ERR,ERR,ERR,ERR,ERR,ERR,ERR,ERR,ERR,ERR,ERR,ERR,ERR,ERR,ERR,ERR,ERR,ERR,ERR,ERR,ERR,ERR,ERR,ERR,ERR,ERR,ERR,ERR,ERR,ERR,ERR,ERR,ERR,ERR,ERR,ERR,ERR,ERR,ERR,ERR,ERR,ERR,ERR,ERR,ERR,ERR,ERR,ERR,ERR,ERR,ERR,ERR,ERR,ERR,ERR,ERR,ERR,ERR,ERR,ERR,ERR,ERR,ERR,ERR,ERR,ERR,ERR,ERR,ERR,ERR,ERR,ERR,ERR,ERR,ERR,ERR,ERR,ERR,ERR,ERR,ERR,ERR,ERR,ERR,ERR,ERR,ERR,ERR,ERR,ERR,ERR,ERR,ERR,ERR,ERR,ERR,ERR,ERR,ERR,ERR,ERR,ERR,ERR,ERR,ERR,ERR,ERR,ERR,ERR,ERR,ERR,ERR,ERR,ERR,ERR,ERR,ERR,ERR,ERR,0.0,0.0,0.0,0.0,0.0,1.3936040501711995e+18,7.805,0.0,0,0,4,0,7116,0.0,100,0.0,0.0,0.0,0.0,0.0,0,0,0,0,0.0,0,0,0,0,0,0,0,0,0,0,0,0,0,0,0,0,0,0,0,0,0,0,0,0,0,0,0,0,0,0,0,0,0,31,40,40,71,65476,0,300,0,0,8,21553,0.0,-107605600.0,0.0,0.0,0.0,0.0,0.0,0.0,0.0,0.0,0.0,0.0,0.0,0.0,0.0,0.0,0.0,0.0,0.0,0.0,0.0,0.0,-2.004,0.0,0.0,2.004,0.0,0.0,0.0,0.0,4524.0,2.004,6920.0,0.0,0.0,-0.0,-0.0,0.0,0.0,0.0,0.0,69,-126841143296.0,-107614624.0,0.0,0.0,0.0,0.0,0.0,0.0,0.0,0,0,0,0.0,0.0,0.0,0.0,0.0,0.0,0.0,0.0,0.0,0.0,0.0,0.0,0.0,0.0,0.0,0.0,0,-107875648.0,69,0.0,138,0.0,-100793952.0,0,13107,17085,52429,17098,52429,17078,0,0,0,70,68,100,0.0,82.2,2.730238278947072e+23,77.8,-0.0,78.5,1,49,50,180,52429,13107,0,0,0.0,0.0,0.0,0.0,-0.0,67.0,0.0,162057.094,0.0,969,0,991,0,0,0,946,0,1014,0,914,0,788,0,778,0,821,0,7520,0.032,2.032024151869568e+19,0.0,0.0,784,16797,-0.0,162057.094,-114818.039,-0.0,0.133,6.909358625270745e+28,30.0,70.0,35,0.0,0.0,0.0,0.0,0.0,0.0,0.0,0.0,0.0,0.0,0.0,0.0,0.0,0.0,0.0,0.0,66.4,0,150,71,51,65476,0,300,0,0,8,20529,65476,0,0,44564,70.0,0.0,0.0,0.0,0.0,0.0
2026-09-10T21:49:54,ERR,ERR,ERR,ERR,ERR,ERR,ERR,ERR,ERR,ERR,ERR,ERR,ERR,ERR,ERR,ERR,ERR,ERR,ERR,ERR,ERR,ERR,ERR,ERR,ERR,ERR,ERR,ERR,ERR,ERR,ERR,ERR,ERR,ERR,ERR,ERR,ERR,ERR,ERR,ERR,ERR,ERR,ERR,ERR,ERR,ERR,ERR,ERR,ERR,ERR,ERR,ERR,ERR,ERR,ERR,ERR,ERR,ERR,ERR,ERR,ERR,ERR,ERR,ERR,ERR,ERR,ERR,ERR,ERR,ERR,ERR,ERR,ERR,ERR,ERR,ERR,ERR,ERR,ERR,ERR,ERR,ERR,ERR,ERR,ERR,ERR,ERR,ERR,ERR,ERR,ERR,ERR,ERR,ERR,ERR,ERR,ERR,ERR,ERR,ERR,ERR,ERR,ERR,ERR,ERR,ERR,ERR,ERR,ERR,ERR,ERR,ERR,ERR,ERR,ERR,ERR,ERR,ERR,ERR,ERR,ERR,ERR,ERR,ERR,ERR,0.0,0.0,0.0,0.0,0.0,1.3936040501711995e+18,7.805,0.0,0,0,4,0,7116,0.0,100,0.0,0.0,0.0,0.0,0.0,0,0,0,0,0.0,0,0,0,0,0,0,0,0,0,0,0,0,0,0,0,0,0,0,0,0,0,0,0,0,0,0,0,0,0,0,0,0,0,31,40,40,71,65476,0,300,0,0,8,21553,0.0,-107605600.0,0.0,0.0,0.0,0.0,0.0,0.0,0.0,0.0,0.0,0.0,0.0,0.0,0.0,0.0,0.0,0.0,0.0,0.0,0.0,0.0,-2.004,0.0,0.0,2.004,0.0,0.0,0.0,0.0,4524.0,2.004,6920.0,0.0,0.0,-0.0,-0.0,0.0,0.0,0.0,0.0,69,-126841143296.0,-107614624.0,0.0,0.0,0.0,0.0,0.0,0.0,0.0,0,0,0,0.0,0.0,0.0,0.0,0.0,0.0,0.0,0.0,0.0,0.0,0.0,0.0,0.0,0.0,0.0,0.0,0,-107875648.0,69,0.0,138,0.0,-100793952.0,0,13107,17085,52429,17098,52429,17078,0,0,0,70,68,100,0.0,82.2,2.730238278947072e+23,77.8,-0.0,78.5,1,49,50,180,52429,13107,0,0,0.0,0.0,0.0,0.0,-0.0,67.0,0.0,162057.094,0.0,969,0,991,0,0,0,946,0,1014,0,914,0,788,0,778,0,821,0,7520,0.032,2.032024151869568e+19,0.0,0.0,784,16797,-0.0,162057.094,-114818.039,-0.0,0.133,6.909358625270745e+28,30.0,70.0,35,0.0,0.0,0.0,0.0,0.0,0.0,0.0,0.0,0.0,0.0,0.0,0.0,0.0,0.0,0.0,0.0,66.4,0,150,71,51,65476,0,300,0,0,8,20529,65476,0,0,44564,70.0,0.0,0.0,0.0,0.0,0.0
2026-09-10T21:49:55,ERR,ERR,ERR,ERR,ERR,ERR,ERR,ERR,ERR,ERR,ERR,ERR,ERR,ERR,ERR,ERR,ERR,ERR,ERR,ERR,ERR,ERR,ERR,ERR,ERR,ERR,ERR,ERR,ERR,ERR,ERR,ERR,ERR,ERR,ERR,ERR,ERR,ERR,ERR,ERR,ERR,ERR,ERR,ERR,ERR,ERR,ERR,ERR,ERR,ERR,ERR,ERR,ERR,ERR,ERR,ERR,ERR,ERR,ERR,ERR,ERR,ERR,ERR,ERR,ERR,ERR,ERR,ERR,ERR,ERR,ERR,ERR,ERR,ERR,ERR,ERR,ERR,ERR,ERR,ERR,ERR,ERR,ERR,ERR,ERR,ERR,ERR,ERR,ERR,ERR,ERR,ERR,ERR,ERR,ERR,ERR,ERR,ERR,ERR,ERR,ERR,ERR,ERR,ERR,ERR,ERR,ERR,ERR,ERR,ERR,ERR,ERR,ERR,ERR,ERR,ERR,ERR,ERR,ERR,ERR,ERR,ERR,ERR,ERR,ERR,0.0,0.0,0.0,0.0,0.0,1.3936040501711995e+18,7.805,0.0,0,0,4,0,7116,0.0,100,0.0,0.0,0.0,0.0,0.0,0,0,0,0,0.0,0,0,0,0,0,0,0,0,0,0,0,0,0,0,0,0,0,0,0,0,0,0,0,0,0,0,0,0,0,0,0,0,0,31,40,40,71,65476,0,300,0,0,8,21553,0.0,-107605600.0,0.0,0.0,0.0,0.0,0.0,0.0,0.0,0.0,0.0,0.0,0.0,0.0,0.0,0.0,0.0,0.0,0.0,0.0,0.0,0.0,-2.004,0.0,0.0,2.004,0.0,0.0,0.0,0.0,4524.0,2.004,6920.0,0.0,0.0,-0.0,-0.0,0.0,0.0,0.0,0.0,69,-126841143296.0,-107614624.0,0.0,0.0,0.0,0.0,0.0,0.0,0.0,0,0,0,0.0,0.0,0.0,0.0,0.0,0.0,0.0,0.0,0.0,0.0,0.0,0.0,0.0,0.0,0.0,0.0,0,-107875648.0,69,0.0,138,0.0,-100793952.0,0,13107,17085,52429,17098,52429,17078,0,0,0,70,68,100,0.0,82.2,2.730238278947072e+23,77.8,-0.0,78.5,1,49,50,180,52429,13107,0,0,0.0,0.0,0.0,0.0,-0.0,67.0,0.0,162057.094,0.0,969,0,991,0,0,0,946,0,1014,0,914,0,788,0,778,0,821,0,7520,0.032,2.032024151869568e+19,0.0,0.0,784,16797,-0.0,162057.094,-114818.039,-0.0,0.133,6.909358625270745e+28,30.0,70.0,35,0.0,0.0,0.0,0.0,0.0,0.0,0.0,0.0,0.0,0.0,0.0,0.0,0.0,0.0,0.0,0.0,66.8,0,150,71,51,65476,0,300,0,0,8,20529,65476,0,0,44564,70.0,0.0,0.0,0.0,0.0,0.0
2026-09-10T21:49:56,ERR,ERR,ERR,ERR,ERR,ERR,ERR,ERR,ERR,ERR,ERR,ERR,ERR,ERR,ERR,ERR,ERR,ERR,ERR,ERR,ERR,ERR,ERR,ERR,ERR,ERR,ERR,ERR,ERR,ERR,ERR,ERR,ERR,ERR,ERR,ERR,ERR,ERR,ERR,ERR,ERR,ERR,ERR,ERR,ERR,ERR,ERR,ERR,ERR,ERR,ERR,ERR,ERR,ERR,ERR,ERR,ERR,ERR,ERR,ERR,ERR,ERR,ERR,ERR,ERR,ERR,ERR,ERR,ERR,ERR,ERR,ERR,ERR,ERR,ERR,ERR,ERR,ERR,ERR,ERR,ERR,ERR,ERR,ERR,ERR,ERR,ERR,ERR,ERR,ERR,ERR,ERR,ERR,ERR,ERR,ERR,ERR,ERR,ERR,ERR,ERR,ERR,ERR,ERR,ERR,ERR,ERR,ERR,ERR,ERR,ERR,ERR,ERR,ERR,ERR,ERR,ERR,ERR,ERR,ERR,ERR,ERR,ERR,ERR,ERR,0.0,0.0,0.0,0.0,0.0,1.3936040501711995e+18,7.805,0.0,0,0,4,0,7116,0.0,100,0.0,0.0,0.0,0.0,0.0,0,0,0,0,0.0,0,0,0,0,0,0,0,0,0,0,0,0,0,0,0,0,0,0,0,0,0,0,0,0,0,0,0,0,0,0,0,0,0,31,40,40,71,65476,0,300,0,0,8,21553,0.0,-107605600.0,0.0,0.0,0.0,0.0,0.0,0.0,0.0,0.0,0.0,0.0,0.0,0.0,0.0,0.0,0.0,0.0,0.0,0.0,0.0,0.0,-2.004,0.0,0.0,2.004,0.0,0.0,0.0,0.0,4524.0,2.004,6920.0,0.0,0.0,-0.0,-0.0,0.0,0.0,0.0,0.0,69,-126841143296.0,-107614624.0,0.0,0.0,0.0,0.0,0.0,0.0,0.0,0,0,0,0.0,0.0,0.0,0.0,0.0,0.0,0.0,0.0,0.0,0.0,0.0,0.0,0.0,0.0,0.0,0.0,0,-107875648.0,69,0.0,138,0.0,-100793952.0,0,13107,17085,52429,17098,52429,17078,0,0,0,70,68,100,0.0,82.2,2.730238278947072e+23,77.8,-0.0,78.5,1,49,50,180,52429,13107,0,0,0.0,0.0,0.0,0.0,-0.0,67.0,0.0,162057.094,0.0,969,0,991,0,0,0,946,0,1014,0,914,0,788,0,778,0,821,0,7520,0.032,2.032024151869568e+19,0.0,0.0,784,16797,-0.0,162057.094,-114818.039,-0.0,0.133,6.909358625270745e+28,30.0,70.0,35,0.0,0.0,0.0,0.0,0.0,0.0,0.0,0.0,0.0,0.0,0.0,0.0,0.0,0.0,0.0,0.0,66.8,0,150,71,51,65476,0,300,0,0,8,20529,65476,0,0,44564,70.0,0.0,0.0,0.0,0.0,0.0
2026-09-10T21:49:57,ERR,ERR,ERR,ERR,ERR,ERR,ERR,ERR,ERR,ERR,ERR,ERR,ERR,ERR,ERR,ERR,ERR,ERR,ERR,ERR,ERR,ERR,ERR,ERR,ERR,ERR,ERR,ERR,ERR,ERR,ERR,ERR,ERR,ERR,ERR,ERR,ERR,ERR,ERR,ERR,ERR,ERR,ERR,ERR,ERR,ERR,ERR,ERR,ERR,ERR,ERR,ERR,ERR,ERR,ERR,ERR,ERR,ERR,ERR,ERR,ERR,ERR,ERR,ERR,ERR,ERR,ERR,ERR,ERR,ERR,ERR,ERR,ERR,ERR,ERR,ERR,ERR,ERR,ERR,ERR,ERR,ERR,ERR,ERR,ERR,ERR,ERR,ERR,ERR,ERR,ERR,ERR,ERR,ERR,ERR,ERR,ERR,ERR,ERR,ERR,ERR,ERR,ERR,ERR,ERR,ERR,ERR,ERR,ERR,ERR,ERR,ERR,ERR,ERR,ERR,ERR,ERR,ERR,ERR,ERR,ERR,ERR,ERR,ERR,ERR,0.0,0.0,0.0,0.0,0.0,1.3936040501711995e+18,7.805,0.0,0,0,4,0,7116,0.0,100,0.0,0.0,0.0,0.0,0.0,0,0,0,0,0.0,0,0,0,0,0,0,0,0,0,0,0,0,0,0,0,0,0,0,0,0,0,0,0,0,0,0,0,0,0,0,0,0,0,31,40,40,71,65476,0,300,0,0,8,21553,0.0,-107605600.0,0.0,0.0,0.0,0.0,0.0,0.0,0.0,0.0,0.0,0.0,0.0,0.0,0.0,0.0,0.0,0.0,0.0,0.0,0.0,0.0,-2.004,0.0,0.0,2.004,0.0,0.0,0.0,0.0,4524.0,2.004,6920.0,0.0,0.0,-0.0,-0.0,0.0,0.0,0.0,0.0,69,-126841143296.0,-107614624.0,0.0,0.0,0.0,0.0,0.0,0.0,0.0,0,0,0,0.0,0.0,0.0,0.0,0.0,0.0,0.0,0.0,0.0,0.0,0.0,0.0,0.0,0.0,0.0,0.0,0,-107875648.0,69,0.0,138,0.0,-100793952.0,0,13107,17085,52429,17098,52429,17078,0,0,0,70,68,100,0.0,82.2,2.730238278947072e+23,77.8,-0.0,78.5,1,49,50,180,52429,13107,0,0,0.0,0.0,0.0,0.0,-0.0,67.0,0.0,162057.094,0.0,969,0,991,0,0,0,946,0,1014,0,914,0,788,0,778,0,821,0,7520,0.032,2.032024151869568e+19,0.0,0.0,784,16797,-0.0,162057.094,-114818.039,-0.0,0.133,6.909358625270745e+28,30.0,70.0,35,0.0,0.0,0.0,0.0,0.0,0.0,0.0,0.0,0.0,0.0,0.0,0.0,0.0,0.0,0.0,0.0,66.8,0,150,71,51,65476,0,300,0,0,8,20529,65476,0,0,44564,70.0,0.0,0.0,0.0,0.0,0.0
2026-09-10T21:49:58,ERR,ERR,ERR,ERR,ERR,ERR,ERR,ERR,ERR,ERR,ERR,ERR,ERR,ERR,ERR,ERR,ERR,ERR,ERR,ERR,ERR,ERR,ERR,ERR,ERR,ERR,ERR,ERR,ERR,ERR,ERR,ERR,ERR,ERR,ERR,ERR,ERR,ERR,ERR,ERR,ERR,ERR,ERR,ERR,ERR,ERR,ERR,ERR,ERR,ERR,ERR,ERR,ERR,ERR,ERR,ERR,ERR,ERR,ERR,ERR,ERR,ERR,ERR,ERR,ERR,ERR,ERR,ERR,ERR,ERR,ERR,ERR,ERR,ERR,ERR,ERR,ERR,ERR,ERR,ERR,ERR,ERR,ERR,ERR,ERR,ERR,ERR,ERR,ERR,ERR,ERR,ERR,ERR,ERR,ERR,ERR,ERR,ERR,ERR,ERR,ERR,ERR,ERR,ERR,ERR,ERR,ERR,ERR,ERR,ERR,ERR,ERR,ERR,ERR,ERR,ERR,ERR,ERR,ERR,ERR,ERR,ERR,ERR,ERR,ERR,0.0,0.0,0.0,0.0,0.0,1.3936040501711995e+18,7.805,0.0,0,0,4,0,7116,0.0,100,0.0,0.0,0.0,0.0,0.0,0,0,0,0,0.0,0,0,0,0,0,0,0,0,0,0,0,0,0,0,0,0,0,0,0,0,0,0,0,0,0,0,0,0,0,0,0,0,0,31,40,40,71,65476,0,300,0,0,8,21553,0.0,-107605600.0,0.0,0.0,0.0,0.0,0.0,0.0,0.0,0.0,0.0,0.0,0.0,0.0,0.0,0.0,0.0,0.0,0.0,0.0,0.0,0.0,-2.004,0.0,0.0,2.004,0.0,0.0,0.0,0.0,4524.0,2.004,6920.0,0.0,0.0,-0.0,-0.0,0.0,0.0,0.0,0.0,69,-126841143296.0,-107614624.0,0.0,0.0,0.0,0.0,0.0,0.0,0.0,0,0,0,0.0,0.0,0.0,0.0,0.0,0.0,0.0,0.0,0.0,0.0,0.0,0.0,0.0,0.0,0.0,0.0,0,-107875648.0,69,0.0,138,0.0,-100793952.0,0,13107,17085,52429,17098,52429,17078,0,0,0,70,68,100,0.0,82.2,2.730238278947072e+23,77.8,-0.0,78.5,1,49,50,180,52429,13107,0,0,0.0,0.0,0.0,0.0,-0.0,67.0,0.0,162057.094,0.0,969,0,991,0,0,0,946,0,1014,0,914,0,788,0,778,0,821,0,7520,0.032,2.032024151869568e+19,0.0,0.0,784,16797,-0.0,162057.094,-114818.039,-0.0,0.133,6.909358625270745e+28,30.0,70.0,35,0.0,0.0,0.0,0.0,0.0,0.0,0.0,0.0,0.0,0.0,0.0,0.0,0.0,0.0,0.0,0.0,66.8,0,150,71,51,65476,0,300,0,0,8,20529,65476,0,0,44564,70.0,0.0,0.0,0.0,0.0,0.0
2026-09-10T21:49:59,ERR,ERR,ERR,ERR,ERR,ERR,ERR,ERR,ERR,ERR,ERR,ERR,ERR,ERR,ERR,ERR,ERR,ERR,ERR,ERR,ERR,ERR,ERR,ERR,ERR,ERR,ERR,ERR,ERR,ERR,ERR,ERR,ERR,ERR,ERR,ERR,ERR,ERR,ERR,ERR,ERR,ERR,ERR,ERR,ERR,ERR,ERR,ERR,ERR,ERR,ERR,ERR,ERR,ERR,ERR,ERR,ERR,ERR,ERR,ERR,ERR,ERR,ERR,ERR,ERR,ERR,ERR,ERR,ERR,ERR,ERR,ERR,ERR,ERR,ERR,ERR,ERR,ERR,ERR,ERR,ERR,ERR,ERR,ERR,ERR,ERR,ERR,ERR,ERR,ERR,ERR,ERR,ERR,ERR,ERR,ERR,ERR,ERR,ERR,ERR,ERR,ERR,ERR,ERR,ERR,ERR,ERR,ERR,ERR,ERR,ERR,ERR,ERR,ERR,ERR,ERR,ERR,ERR,ERR,ERR,ERR,ERR,ERR,ERR,ERR,0.0,0.0,0.0,0.0,0.0,1.3936040501711995e+18,7.805,0.0,0,0,4,0,7116,0.0,100,0.0,0.0,0.0,0.0,0.0,0,0,0,0,0.0,0,0,0,0,0,0,0,0,0,0,0,0,0,0,0,0,0,0,0,0,0,0,0,0,0,0,0,0,0,0,0,0,0,31,40,40,71,65476,0,300,0,0,8,21553,0.0,-107605600.0,0.0,0.0,0.0,0.0,0.0,0.0,0.0,0.0,0.0,0.0,0.0,0.0,0.0,0.0,0.0,0.0,0.0,0.0,0.0,0.0,-2.004,0.0,0.0,2.004,0.0,0.0,0.0,0.0,4524.0,2.004,6920.0,0.0,0.0,-0.0,-0.0,0.0,0.0,0.0,0.0,69,-126841143296.0,-107614624.0,0.0,0.0,0.0,0.0,0.0,0.0,0.0,0,0,0,0.0,0.0,0.0,0.0,0.0,0.0,0.0,0.0,0.0,0.0,0.0,0.0,0.0,0.0,0.0,0.0,0,-107875648.0,69,0.0,138,0.0,-100793952.0,0,13107,17085,52429,17098,52429,17078,0,0,0,70,68,100,0.0,82.2,-0.0,77.8,-0.0,78.5,1,49,50,180,52429,13107,0,0,0.0,0.0,0.0,0.0,-0.0,67.0,0.0,162057.094,0.0,969,0,991,0,0,0,946,0,1014,0,914,0,788,0,777,0,821,0,7520,0.032,2.0032011142543966e+19,0.0,0.0,784,16797,-0.0,162057.094,-114818.039,-0.0,0.133,6.909358625270745e+28,30.0,70.0,35,0.0,0.0,0.0,0.0,0.0,0.0,0.0,0.0,0.0,0.0,0.0,0.0,0.0,0.0,0.0,0.0,66.4,0,150,71,51,65476,0,300,0,0,8,20529,65476,0,0,44564,70.0,0.0,0.0,0.0,0.0,0.0
2026-09-10T21:50:00,ERR,ERR,ERR,ERR,ERR,ERR,ERR,ERR,ERR,ERR,ERR,ERR,ERR,ERR,ERR,ERR,ERR,ERR,ERR,ERR,ERR,ERR,ERR,ERR,ERR,ERR,ERR,ERR,ERR,ERR,ERR,ERR,ERR,ERR,ERR,ERR,ERR,ERR,ERR,ERR,ERR,ERR,ERR,ERR,ERR,ERR,ERR,ERR,ERR,ERR,ERR,ERR,ERR,ERR,ERR,ERR,ERR,ERR,ERR,ERR,ERR,ERR,ERR,ERR,ERR,ERR,ERR,ERR,ERR,ERR,ERR,ERR,ERR,ERR,ERR,ERR,ERR,ERR,ERR,ERR,ERR,ERR,ERR,ERR,ERR,ERR,ERR,ERR,ERR,ERR,ERR,ERR,ERR,ERR,ERR,ERR,ERR,ERR,ERR,ERR,ERR,ERR,ERR,ERR,ERR,ERR,ERR,ERR,ERR,ERR,ERR,ERR,ERR,ERR,ERR,ERR,ERR,ERR,ERR,ERR,ERR,ERR,ERR,ERR,ERR,0.0,0.0,0.0,0.0,0.0,1.3936040501711995e+18,7.805,0.0,0,0,4,0,7116,0.0,100,0.0,0.0,0.0,0.0,0.0,0,0,0,0,0.0,0,0,0,0,0,0,0,0,0,0,0,0,0,0,0,0,0,0,0,0,0,0,0,0,0,0,0,0,0,0,0,0,0,31,40,40,71,65476,0,300,0,0,8,21553,0.0,-107605600.0,0.0,0.0,0.0,0.0,0.0,0.0,0.0,0.0,0.0,0.0,0.0,0.0,0.0,0.0,0.0,0.0,0.0,0.0,0.0,0.0,-2.004,0.0,0.0,0.0,0.0,0.0,0.0,0.0,4518.0,0.0,6918.0,0.0,0.0,-0.0,-107615304.0,0.0,0.0,0.0,0.0,69,-0.0,-0.0,0.0,0.0,0.0,0.0,0.0,0.0,0.0,0,0,0,0.0,0.0,0.0,0.0,0.0,0.0,0.0,0.0,0.0,0.0,0.0,0.0,0.0,0.0,0.0,0.0,0,-107875648.0,69,0.0,138,0.0,-100793952.0,0,13107,17085,52429,17098,52429,17078,0,0,0,70,68,100,0.0,82.2,-0.0,77.8,-0.0,78.5,1,49,50,180,52429,13107,0,0,0.0,0.0,0.0,0.0,-0.0,67.0,0.0,162057.094,0.0,969,0,991,0,0,0,946,0,1014,0,914,0,788,0,777,0,821,0,7520,0.032,2.0032011142543966e+19,0.0,0.0,784,16797,-0.0,162057.094,-114818.039,-0.0,0.133,6.909358625270745e+28,30.0,70.0,35,0.0,0.0,0.0,0.0,0.0,0.0,0.0,0.0,0.0,0.0,0.0,0.0,0.0,0.0,0.0,0.0,66.4,0,150,71,51,65476,0,300,0,0,8,20529,65476,0,0,44564,70.0,0.0,0.0,0.0,0.0,0.0
2026-09-10T21:50:01,ERR,ERR,ERR,ERR,ERR,ERR,ERR,ERR,ERR,ERR,ERR,ERR,ERR,ERR,ERR,ERR,ERR,ERR,ERR,ERR,ERR,ERR,ERR,ERR,ERR,ERR,ERR,ERR,ERR,ERR,ERR,ERR,ERR,ERR,ERR,ERR,ERR,ERR,ERR,ERR,ERR,ERR,ERR,ERR,ERR,ERR,ERR,ERR,ERR,ERR,ERR,ERR,ERR,ERR,ERR,ERR,ERR,ERR,ERR,ERR,ERR,ERR,ERR,ERR,ERR,ERR,ERR,ERR,ERR,ERR,ERR,ERR,ERR,ERR,ERR,ERR,ERR,ERR,ERR,ERR,ERR,ERR,ERR,ERR,ERR,ERR,ERR,ERR,ERR,ERR,ERR,ERR,ERR,ERR,ERR,ERR,ERR,ERR,ERR,ERR,ERR,ERR,ERR,ERR,ERR,ERR,ERR,ERR,ERR,ERR,ERR,ERR,ERR,ERR,ERR,ERR,ERR,ERR,ERR,ERR,ERR,ERR,ERR,ERR,ERR,0.0,0.0,0.0,0.0,0.0,1.3936040501711995e+18,7.805,0.0,0,0,4,0,7116,0.0,100,0.0,0.0,0.0,0.0,0.0,0,0,0,0,0.0,0,0,0,0,0,0,0,0,0,0,0,0,0,0,0,0,0,0,0,0,0,0,0,0,0,0,0,0,0,0,0,0,0,31,40,40,71,65476,0,300,0,0,8,21553,0.0,-107605600.0,0.0,0.0,0.0,0.0,0.0,0.0,0.0,0.0,0.0,0.0,0.0,0.0,0.0,0.0,0.0,0.0,0.0,0.0,0.0,0.0,-2.004,0.0,0.0,0.0,0.0,0.0,0.0,0.0,4518.0,0.0,6918.0,0.0,0.0,-0.0,-107615304.0,0.0,0.0,0.0,0.0,69,-0.0,-0.0,0.0,0.0,0.0,0.0,0.0,0.0,0.0,0,0,0,0.0,0.0,0.0,0.0,0.0,0.0,0.0,0.0,0.0,0.0,0.0,0.0,0.0,0.0,0.0,0.0,0,-107875648.0,69,0.0,138,0.0,-100793952.0,0,13107,17085,52429,17098,52429,17078,0,0,0,70,68,100,0.0,82.2,-0.0,77.8,-0.0,78.5,1,49,50,180,52429,13107,0,0,0.0,0.0,0.0,0.0,-0.0,67.0,0.0,162057.094,0.0,969,0,991,0,0,0,946,0,1014,0,914,0,788,0,777,0,821,0,7520,0.032,2.0032011142543966e+19,0.0,0.0,784,16797,-0.0,162057.094,-114818.039,-0.0,0.133,6.909358625270745e+28,30.0,70.0,35,0.0,0.0,0.0,0.0,0.0,0.0,0.0,0.0,0.0,0.0,0.0,0.0,0.0,0.0,0.0,0.0,66.4,0,150,71,51,65476,0,300,0,0,8,20529,65476,0,0,44564,70.0,0.0,0.0,0.0,0.0,0.0
2026-09-10T21:50:02,ERR,ERR,ERR,ERR,ERR,ERR,ERR,ERR,ERR,ERR,ERR,ERR,ERR,ERR,ERR,ERR,ERR,ERR,ERR,ERR,ERR,ERR,ERR,ERR,ERR,ERR,ERR,ERR,ERR,ERR,ERR,ERR,ERR,ERR,ERR,ERR,ERR,ERR,ERR,ERR,ERR,ERR,ERR,ERR,ERR,ERR,ERR,ERR,ERR,ERR,ERR,ERR,ERR,ERR,ERR,ERR,ERR,ERR,ERR,ERR,ERR,ERR,ERR,ERR,ERR,ERR,ERR,ERR,ERR,ERR,ERR,ERR,ERR,ERR,ERR,ERR,ERR,ERR,ERR,ERR,ERR,ERR,ERR,ERR,ERR,ERR,ERR,ERR,ERR,ERR,ERR,ERR,ERR,ERR,ERR,ERR,ERR,ERR,ERR,ERR,ERR,ERR,ERR,ERR,ERR,ERR,ERR,ERR,ERR,ERR,ERR,ERR,ERR,ERR,ERR,ERR,ERR,ERR,ERR,ERR,ERR,ERR,ERR,ERR,ERR,0.0,0.0,0.0,0.0,0.0,1.3936040501711995e+18,7.805,0.0,0,0,4,0,7116,0.0,100,0.0,0.0,0.0,0.0,0.0,0,0,0,0,0.0,0,0,0,0,0,0,0,0,0,0,0,0,0,0,0,0,0,0,0,0,0,0,0,0,0,0,0,0,0,0,0,0,0,31,40,40,71,65476,0,300,0,0,8,21553,0.0,-107605600.0,0.0,0.0,0.0,0.0,0.0,0.0,0.0,0.0,0.0,0.0,0.0,0.0,0.0,0.0,0.0,0.0,0.0,0.0,0.0,0.0,-2.004,0.0,0.0,0.0,0.0,0.0,0.0,0.0,4518.0,0.0,6918.0,0.0,0.0,-0.0,-107615304.0,0.0,0.0,0.0,0.0,69,-0.0,-0.0,0.0,0.0,0.0,0.0,0.0,0.0,0.0,0,0,0,0.0,0.0,0.0,0.0,0.0,0.0,0.0,0.0,0.0,0.0,0.0,0.0,0.0,0.0,0.0,0.0,0,-107875648.0,69,0.0,138,0.0,-100793952.0,0,13107,17085,52429,17098,52429,17078,0,0,0,70,68,100,0.0,82.2,-0.0,77.8,-0.0,78.5,1,49,50,180,52429,13107,0,0,0.0,0.0,0.0,0.0,-0.0,67.0,0.0,162057.094,0.0,969,0,991,0,0,0,946,0,1014,0,914,0,788,0,777,0,821,0,7520,0.032,2.0032011142543966e+19,0.0,0.0,784,16797,-0.0,162057.094,-114818.039,-0.0,0.133,6.909358625270745e+28,30.0,70.0,35,0.0,0.0,0.0,0.0,0.0,0.0,0.0,0.0,0.0,0.0,0.0,0.0,0.0,0.0,0.0,0.0,66.4,0,150,71,51,65476,0,300,0,0,8,20529,65476,0,0,44564,70.0,0.0,0.0,0.0,0.0,0.0
2026-09-10T21:50:03,ERR,ERR,ERR,ERR,ERR,ERR,ERR,ERR,ERR,ERR,ERR,ERR,ERR,ERR,ERR,ERR,ERR,ERR,ERR,ERR,ERR,ERR,ERR,ERR,ERR,ERR,ERR,ERR,ERR,ERR,ERR,ERR,ERR,ERR,ERR,ERR,ERR,ERR,ERR,ERR,ERR,ERR,ERR,ERR,ERR,ERR,ERR,ERR,ERR,ERR,ERR,ERR,ERR,ERR,ERR,ERR,ERR,ERR,ERR,ERR,ERR,ERR,ERR,ERR,ERR,ERR,ERR,ERR,ERR,ERR,ERR,ERR,ERR,ERR,ERR,ERR,ERR,ERR,ERR,ERR,ERR,ERR,ERR,ERR,ERR,ERR,ERR,ERR,ERR,ERR,ERR,ERR,ERR,ERR,ERR,ERR,ERR,ERR,ERR,ERR,ERR,ERR,ERR,ERR,ERR,ERR,ERR,ERR,ERR,ERR,ERR,ERR,ERR,ERR,ERR,ERR,ERR,ERR,ERR,ERR,ERR,ERR,ERR,ERR,ERR,0.0,0.0,0.0,0.0,0.0,1.3936040501711995e+18,7.805,0.0,0,0,4,0,7116,0.0,100,0.0,0.0,0.0,0.0,0.0,0,0,0,0,0.0,0,0,0,0,0,0,0,0,0,0,0,0,0,0,0,0,0,0,0,0,0,0,0,0,0,0,0,0,0,0,0,0,0,31,40,40,71,65476,0,300,0,0,8,21553,0.0,-107605600.0,0.0,0.0,0.0,0.0,0.0,0.0,0.0,0.0,0.0,0.0,0.0,0.0,0.0,0.0,0.0,0.0,0.0,0.0,0.0,0.0,-2.004,0.0,0.0,0.0,0.0,0.0,0.0,0.0,4518.0,0.0,6918.0,0.0,0.0,-0.0,-107615304.0,0.0,0.0,0.0,0.0,69,-0.0,-0.0,0.0,0.0,0.0,0.0,0.0,0.0,0.0,0,0,0,0.0,0.0,0.0,0.0,0.0,0.0,0.0,0.0,0.0,0.0,0.0,0.0,0.0,0.0,0.0,0.0,0,-107875648.0,69,0.0,138,0.0,-100793952.0,0,13107,17085,52429,17098,52429,17078,0,0,0,70,68,100,0.0,82.2,-0.0,77.8,-0.0,78.5,1,49,50,180,52429,13107,0,0,0.0,0.0,0.0,0.0,-0.0,67.0,0.0,162057.094,0.0,969,0,991,0,0,0,946,0,1014,0,914,0,788,0,777,0,821,0,7520,0.032,2.0032011142543966e+19,0.0,0.0,784,16797,-0.0,162057.094,-114818.039,-0.0,0.133,6.909358625270745e+28,30.0,70.0,35,0.0,0.0,0.0,0.0,0.0,0.0,0.0,0.0,0.0,0.0,0.0,0.0,0.0,0.0,0.0,0.0,66.4,0,150,71,51,65476,0,300,0,0,8,20529,65476,0,0,44564,70.0,0.0,0.0,0.0,0.0,0.0
2026-09-10T21:50:04,ERR,ERR,ERR,ERR,ERR,ERR,ERR,ERR,ERR,ERR,ERR,ERR,ERR,ERR,ERR,ERR,ERR,ERR,ERR,ERR,ERR,ERR,ERR,ERR,ERR,ERR,ERR,ERR,ERR,ERR,ERR,ERR,ERR,ERR,ERR,ERR,ERR,ERR,ERR,ERR,ERR,ERR,ERR,ERR,ERR,ERR,ERR,ERR,ERR,ERR,ERR,ERR,ERR,ERR,ERR,ERR,ERR,ERR,ERR,ERR,ERR,ERR,ERR,ERR,ERR,ERR,ERR,ERR,ERR,ERR,ERR,ERR,ERR,ERR,ERR,ERR,ERR,ERR,ERR,ERR,ERR,ERR,ERR,ERR,ERR,ERR,ERR,ERR,ERR,ERR,ERR,ERR,ERR,ERR,ERR,ERR,ERR,ERR,ERR,ERR,ERR,ERR,ERR,ERR,ERR,ERR,ERR,ERR,ERR,ERR,ERR,ERR,ERR,ERR,ERR,ERR,ERR,ERR,ERR,ERR,ERR,ERR,ERR,ERR,ERR,0.0,0.0,0.0,0.0,0.0,1.3936040501711995e+18,7.805,0.0,0,0,4,0,7116,0.0,100,0.0,0.0,0.0,0.0,0.0,0,0,0,0,0.0,0,0,0,0,0,0,0,0,0,0,0,0,0,0,0,0,0,0,0,0,0,0,0,0,0,0,0,0,0,0,0,0,0,31,40,40,71,65476,0,300,0,0,8,21553,0.0,-107605600.0,0.0,0.0,0.0,0.0,0.0,0.0,0.0,0.0,0.0,0.0,0.0,0.0,0.0,0.0,0.0,0.0,0.0,0.0,0.0,0.0,-2.004,0.0,0.0,0.0,0.0,0.0,0.0,0.0,4518.0,0.0,6918.0,0.0,0.0,-0.0,-107615304.0,0.0,0.0,0.0,0.0,69,-0.0,-0.0,0.0,0.0,0.0,0.0,0.0,0.0,0.0,0,0,0,0.0,0.0,0.0,0.0,0.0,0.0,0.0,0.0,0.0,0.0,0.0,0.0,0.0,0.0,0.0,0.0,0,-107875648.0,69,0.0,138,0.0,-100793952.0,0,13107,17085,52429,17098,52429,17078,0,0,0,70,68,100,0.0,82.3,-0.0,77.8,-0.0,78.5,1,49,50,180,52429,13107,0,0,0.0,0.0,0.0,0.0,-0.0,67.0,0.0,162057.094,0.0,969,0,991,0,0,0,946,0,1014,0,914,0,788,0,777,0,821,0,7520,0.032,2.032024151869568e+19,0.0,0.0,784,16797,-0.0,162057.094,-114818.039,-0.0,0.133,6.909358625270745e+28,30.0,70.0,35,0.0,0.0,0.0,0.0,0.0,0.0,0.0,0.0,0.0,0.0,0.0,0.0,0.0,0.0,0.0,0.0,66.4,0,150,71,51,65476,0,300,0,0,8,20529,65476,0,0,44564,70.0,0.0,0.0,0.0,0.0,0.0
2026-09-10T21:50:05,ERR,ERR,ERR,ERR,ERR,ERR,ERR,ERR,ERR,ERR,ERR,ERR,ERR,ERR,ERR,ERR,ERR,ERR,ERR,ERR,ERR,ERR,ERR,ERR,ERR,ERR,ERR,ERR,ERR,ERR,ERR,ERR,ERR,ERR,ERR,ERR,ERR,ERR,ERR,ERR,ERR,ERR,ERR,ERR,ERR,ERR,ERR,ERR,ERR,ERR,ERR,ERR,ERR,ERR,ERR,ERR,ERR,ERR,ERR,ERR,ERR,ERR,ERR,ERR,ERR,ERR,ERR,ERR,ERR,ERR,ERR,ERR,ERR,ERR,ERR,ERR,ERR,ERR,ERR,ERR,ERR,ERR,ERR,ERR,ERR,ERR,ERR,ERR,ERR,ERR,ERR,ERR,ERR,ERR,ERR,ERR,ERR,ERR,ERR,ERR,ERR,ERR,ERR,ERR,ERR,ERR,ERR,ERR,ERR,ERR,ERR,ERR,ERR,ERR,ERR,ERR,ERR,ERR,ERR,ERR,ERR,ERR,ERR,ERR,ERR,0.0,0.0,0.0,0.0,0.0,1.3936040501711995e+18,7.805,0.0,0,0,4,0,7116,0.0,100,0.0,0.0,0.0,0.0,0.0,0,0,0,0,0.0,0,0,0,0,0,0,0,0,0,0,0,0,0,0,0,0,0,0,0,0,0,0,0,0,0,0,0,0,0,0,0,0,0,31,40,40,71,65476,0,300,0,0,8,21553,0.0,-107605600.0,0.0,0.0,0.0,0.0,0.0,0.0,0.0,0.0,0.0,0.0,0.0,0.0,0.0,0.0,0.0,0.0,0.0,0.0,0.0,0.0,-2.004,0.0,0.0,0.0,0.0,0.0,0.0,0.0,4518.0,0.0,6918.0,0.0,0.0,-0.0,-107615304.0,0.0,0.0,0.0,0.0,69,-0.0,-0.0,0.0,0.0,0.0,0.0,0.0,0.0,0.0,0,0,0,0.0,0.0,0.0,0.0,0.0,0.0,0.0,0.0,0.0,0.0,0.0,0.0,0.0,0.0,0.0,0.0,0,-107875648.0,69,0.0,138,0.0,-100793952.0,0,13107,17085,52429,17098,52429,17078,0,0,0,70,68,100,0.0,82.3,-0.0,77.8,-0.0,78.5,1,49,50,180,52429,13107,0,0,0.0,0.0,0.0,0.0,-0.0,67.0,0.0,162057.094,0.0,969,0,991,0,0,0,946,0,1014,0,914,0,788,0,777,0,821,0,7520,0.032,2.032024151869568e+19,0.0,0.0,784,16797,-0.0,162057.094,-114818.039,-0.0,0.133,6.909358625270745e+28,30.0,70.0,35,0.0,0.0,0.0,0.0,0.0,0.0,0.0,0.0,0.0,0.0,0.0,0.0,0.0,0.0,0.0,0.0,66.4,0,150,71,51,65476,0,300,0,0,8,20529,65476,0,0,44564,70.0,0.0,0.0,0.0,0.0,0.0
2026-09-10T21:50:06,ERR,ERR,ERR,ERR,ERR,ERR,ERR,ERR,ERR,ERR,ERR,ERR,ERR,ERR,ERR,ERR,ERR,ERR,ERR,ERR,ERR,ERR,ERR,ERR,ERR,ERR,ERR,ERR,ERR,ERR,ERR,ERR,ERR,ERR,ERR,ERR,ERR,ERR,ERR,ERR,ERR,ERR,ERR,ERR,ERR,ERR,ERR,ERR,ERR,ERR,ERR,ERR,ERR,ERR,ERR,ERR,ERR,ERR,ERR,ERR,ERR,ERR,ERR,ERR,ERR,ERR,ERR,ERR,ERR,ERR,ERR,ERR,ERR,ERR,ERR,ERR,ERR,ERR,ERR,ERR,ERR,ERR,ERR,ERR,ERR,ERR,ERR,ERR,ERR,ERR,ERR,ERR,ERR,ERR,ERR,ERR,ERR,ERR,ERR,ERR,ERR,ERR,ERR,ERR,ERR,ERR,ERR,ERR,ERR,ERR,ERR,ERR,ERR,ERR,ERR,ERR,ERR,ERR,ERR,ERR,ERR,ERR,ERR,ERR,ERR,0.0,0.0,0.0,0.0,0.0,1.3936040501711995e+18,7.805,0.0,0,0,4,0,7116,0.0,100,0.0,0.0,0.0,0.0,0.0,0,0,0,0,0.0,0,0,0,0,0,0,0,0,0,0,0,0,0,0,0,0,0,0,0,0,0,0,0,0,0,0,0,0,0,0,0,0,0,31,40,40,71,65476,0,300,0,0,8,21553,0.0,-107605600.0,0.0,0.0,0.0,0.0,0.0,0.0,0.0,0.0,0.0,0.0,0.0,0.0,0.0,0.0,0.0,0.0,0.0,0.0,0.0,0.0,-2.004,0.0,0.0,0.0,0.0,0.0,0.0,0.0,4518.0,0.0,6918.0,0.0,0.0,-0.0,-107615304.0,0.0,0.0,0.0,0.0,69,-0.0,-0.0,0.0,0.0,0.0,0.0,0.0,0.0,0.0,0,0,0,0.0,0.0,0.0,0.0,0.0,0.0,0.0,0.0,0.0,0.0,0.0,0.0,0.0,0.0,0.0,0.0,0,-107875648.0,69,0.0,138,0.0,-100793952.0,0,13107,17085,52429,17098,52429,17078,0,0,0,70,68,100,0.0,82.3,-0.0,77.8,-0.0,78.5,1,49,50,180,52429,13107,0,0,0.0,0.0,0.0,0.0,-0.0,67.0,0.0,162057.094,0.0,969,0,991,0,0,0,946,0,1014,0,914,0,788,0,777,0,821,0,7520,0.032,2.032024151869568e+19,0.0,0.0,784,16797,-0.0,162057.094,-114818.039,-0.0,0.133,6.909358625270745e+28,30.0,70.0,35,0.0,0.0,0.0,0.0,0.0,0.0,0.0,0.0,0.0,0.0,0.0,0.0,0.0,0.0,0.0,0.0,66.4,0,150,71,51,65476,0,300,0,0,8,20529,65476,0,0,44564,70.0,0.0,0.0,0.0,0.0,0.0
2026-09-10T21:50:07,ERR,ERR,ERR,ERR,ERR,ERR,ERR,ERR,ERR,ERR,ERR,ERR,ERR,ERR,ERR,ERR,ERR,ERR,ERR,ERR,ERR,ERR,ERR,ERR,ERR,ERR,ERR,ERR,ERR,ERR,ERR,ERR,ERR,ERR,ERR,ERR,ERR,ERR,ERR,ERR,ERR,ERR,ERR,ERR,ERR,ERR,ERR,ERR,ERR,ERR,ERR,ERR,ERR,ERR,ERR,ERR,ERR,ERR,ERR,ERR,ERR,ERR,ERR,ERR,ERR,ERR,ERR,ERR,ERR,ERR,ERR,ERR,ERR,ERR,ERR,ERR,ERR,ERR,ERR,ERR,ERR,ERR,ERR,ERR,ERR,ERR,ERR,ERR,ERR,ERR,ERR,ERR,ERR,ERR,ERR,ERR,ERR,ERR,ERR,ERR,ERR,ERR,ERR,ERR,ERR,ERR,ERR,ERR,ERR,ERR,ERR,ERR,ERR,ERR,ERR,ERR,ERR,ERR,ERR,ERR,ERR,ERR,ERR,ERR,ERR,0.0,0.0,0.0,0.0,0.0,1.3936040501711995e+18,7.805,0.0,0,0,4,0,7116,0.0,100,0.0,0.0,0.0,0.0,0.0,0,0,0,0,0.0,0,0,0,0,0,0,0,0,0,0,0,0,0,0,0,0,0,0,0,0,0,0,0,0,0,0,0,0,0,0,0,0,0,31,40,40,71,65476,0,300,0,0,8,21553,0.0,-107605600.0,0.0,0.0,0.0,0.0,0.0,0.0,0.0,0.0,0.0,0.0,0.0,0.0,0.0,0.0,0.0,0.0,0.0,0.0,0.0,0.0,-2.004,0.0,0.0,0.0,0.0,0.0,0.0,0.0,4518.0,0.0,6918.0,0.0,0.0,-0.0,-107615304.0,0.0,0.0,0.0,0.0,69,-0.0,-0.0,0.0,0.0,0.0,0.0,0.0,0.0,0.0,0,0,0,0.0,0.0,0.0,0.0,0.0,0.0,0.0,0.0,0.0,0.0,0.0,0.0,0.0,0.0,0.0,0.0,0,-107875648.0,69,0.0,138,0.0,-100793952.0,0,13107,17085,52429,17098,52429,17078,0,0,0,70,68,100,0.0,82.3,-0.0,77.8,-0.0,78.5,1,49,50,180,52429,13107,0,0,0.0,0.0,0.0,0.0,-0.0,67.0,0.0,162057.094,0.0,969,0,991,0,0,0,946,0,1014,0,914,0,788,0,777,0,821,0,7520,0.032,2.032024151869568e+19,0.0,0.0,784,16797,-0.0,162057.094,-114818.039,-0.0,0.133,6.909358625270745e+28,30.0,70.0,35,0.0,0.0,0.0,0.0,0.0,0.0,0.0,0.0,0.0,0.0,0.0,0.0,0.0,0.0,0.0,0.0,66.4,0,150,71,51,65476,0,300,0,0,8,20529,65476,0,0,44564,70.0,0.0,0.0,0.0,0.0,0.0
2026-09-10T21:50:08,ERR,ERR,ERR,ERR,ERR,ERR,ERR,ERR,ERR,ERR,ERR,ERR,ERR,ERR,ERR,ERR,ERR,ERR,ERR,ERR,ERR,ERR,ERR,ERR,ERR,ERR,ERR,ERR,ERR,ERR,ERR,ERR,ERR,ERR,ERR,ERR,ERR,ERR,ERR,ERR,ERR,ERR,ERR,ERR,ERR,ERR,ERR,ERR,ERR,ERR,ERR,ERR,ERR,ERR,ERR,ERR,ERR,ERR,ERR,ERR,ERR,ERR,ERR,ERR,ERR,ERR,ERR,ERR,ERR,ERR,ERR,ERR,ERR,ERR,ERR,ERR,ERR,ERR,ERR,ERR,ERR,ERR,ERR,ERR,ERR,ERR,ERR,ERR,ERR,ERR,ERR,ERR,ERR,ERR,ERR,ERR,ERR,ERR,ERR,ERR,ERR,ERR,ERR,ERR,ERR,ERR,ERR,ERR,ERR,ERR,ERR,ERR,ERR,ERR,ERR,ERR,ERR,ERR,ERR,ERR,ERR,ERR,ERR,ERR,ERR,0.0,-107615352.0,-0.0,0.0,0.0,1.3936040501711995e+18,7.805,0.0,0,0,4,0,7116,0.0,100,0.0,0.0,0.0,0.0,0.0,0,0,0,0,0.0,0,0,0,0,0,0,0,0,0,0,0,0,0,0,0,0,0,0,0,0,0,0,0,0,0,0,0,0,0,0,0,0,0,31,40,40,71,65476,0,300,0,0,8,21553,0.0,-107605600.0,0.0,0.0,0.0,0.0,0.0,0.0,0.0,0.0,0.0,0.0,0.0,0.0,0.0,0.0,0.0,0.0,0.0,0.0,0.0,0.0,0.0,0.0,0.0,0.0,0.0,0.0,0.0,0.0,4517.0,2.004,6920.0,0.0,-107615352.0,-0.0,-0.0,0.0,0.0,0.0,0.0,69,-0.0,-107614624.0,0.0,0.0,0.0,0.0,0.0,0.0,0.0,0,0,0,0.0,0.0,0.0,0.0,0.0,0.0,0.0,0.0,0.0,0.0,0.0,0.0,0.0,0.0,0.0,0.0,0,-107875648.0,69,0.0,138,0.0,-100793952.0,0,13107,17085,52429,17098,52429,17078,0,0,0,70,68,100,0.0,82.3,-0.0,77.8,-0.0,78.5,1,49,50,180,52429,13107,0,0,0.0,0.0,0.0,0.0,-0.0,67.0,0.0,162057.094,0.0,969,0,991,0,0,0,946,0,1014,0,914,0,788,0,777,0,821,0,7520,0.032,2.032024151869568e+19,0.0,0.0,784,16797,-0.0,162057.094,-114818.039,-0.0,0.133,6.909358625270745e+28,30.0,70.0,35,0.0,0.0,0.0,0.0,0.0,0.0,0.0,0.0,0.0,0.0,0.0,0.0,0.0,0.0,0.0,0.0,66.4,0,150,71,51,65476,0,300,0,0,8,20529,65476,0,0,44564,70.0,0.0,0.0,0.0,0.0,0.0
2026-09-10T21:50:09,ERR,ERR,ERR,ERR,ERR,ERR,ERR,ERR,ERR,ERR,ERR,ERR,ERR,ERR,ERR,ERR,ERR,ERR,ERR,ERR,ERR,ERR,ERR,ERR,ERR,ERR,ERR,ERR,ERR,ERR,ERR,ERR,ERR,ERR,ERR,ERR,ERR,ERR,ERR,ERR,ERR,ERR,ERR,ERR,ERR,ERR,ERR,ERR,ERR,ERR,ERR,ERR,ERR,ERR,ERR,ERR,ERR,ERR,ERR,ERR,ERR,ERR,ERR,ERR,ERR,ERR,ERR,ERR,ERR,ERR,ERR,ERR,ERR,ERR,ERR,ERR,ERR,ERR,ERR,ERR,ERR,ERR,ERR,ERR,ERR,ERR,ERR,ERR,ERR,ERR,ERR,ERR,ERR,ERR,ERR,ERR,ERR,ERR,ERR,ERR,ERR,ERR,ERR,ERR,ERR,ERR,ERR,ERR,ERR,ERR,ERR,ERR,ERR,ERR,ERR,ERR,ERR,ERR,ERR,ERR,ERR,ERR,ERR,ERR,ERR,0.0,-107615352.0,-0.0,0.0,0.0,1.3936040501711995e+18,7.805,0.0,0,0,4,0,7116,0.0,100,0.0,0.0,0.0,0.0,0.0,0,0,0,0,0.0,0,0,0,0,0,0,0,0,0,0,0,0,0,0,0,0,0,0,0,0,0,0,0,0,0,0,0,0,0,0,0,0,0,31,40,40,71,65476,0,300,0,0,8,21553,0.0,-107605600.0,0.0,0.0,0.0,0.0,0.0,0.0,0.0,0.0,0.0,0.0,0.0,0.0,0.0,0.0,0.0,0.0,0.0,0.0,0.0,0.0,0.0,0.0,0.0,0.0,0.0,0.0,0.0,0.0,4517.0,2.004,6920.0,0.0,-107615352.0,-0.0,-0.0,0.0,0.0,0.0,0.0,69,-0.0,-107614624.0,0.0,0.0,0.0,0.0,0.0,0.0,0.0,0,0,0,0.0,0.0,0.0,0.0,0.0,0.0,0.0,0.0,0.0,0.0,0.0,0.0,0.0,0.0,0.0,0.0,0,-107875648.0,69,0.0,138,0.0,-100793952.0,0,13107,17085,52429,17098,52429,17078,0,0,0,70,68,100,0.0,82.3,-0.0,77.8,-0.0,78.5,1,49,50,180,52429,13107,0,0,0.0,0.0,0.0,0.0,-0.0,67.0,0.0,162057.094,0.0,969,0,991,0,0,0,946,0,1014,0,914,0,788,0,777,0,821,0,7520,0.032,2.0032011142543966e+19,0.0,0.0,784,16797,-0.0,162057.094,-114818.039,-0.0,0.133,6.909358625270745e+28,30.0,70.0,35,0.0,0.0,0.0,0.0,0.0,0.0,0.0,0.0,0.0,0.0,0.0,0.0,0.0,0.0,0.0,0.0,66.4,0,150,71,51,65476,0,300,0,0,8,20529,65476,0,0,44564,70.0,0.0,0.0,0.0,0.0,0.0
2026-09-10T21:50:10,ERR,ERR,ERR,ERR,ERR,ERR,ERR,ERR,ERR,ERR,ERR,ERR,ERR,ERR,ERR,ERR,ERR,ERR,ERR,ERR,ERR,ERR,ERR,ERR,ERR,ERR,ERR,ERR,ERR,ERR,ERR,ERR,ERR,ERR,ERR,ERR,ERR,ERR,ERR,ERR,ERR,ERR,ERR,ERR,ERR,ERR,ERR,ERR,ERR,ERR,ERR,ERR,ERR,ERR,ERR,ERR,ERR,ERR,ERR,ERR,ERR,ERR,ERR,ERR,ERR,ERR,ERR,ERR,ERR,ERR,ERR,ERR,ERR,ERR,ERR,ERR,ERR,ERR,ERR,ERR,ERR,ERR,ERR,ERR,ERR,ERR,ERR,ERR,ERR,ERR,ERR,ERR,ERR,ERR,ERR,ERR,ERR,ERR,ERR,ERR,ERR,ERR,ERR,ERR,ERR,ERR,ERR,ERR,ERR,ERR,ERR,ERR,ERR,ERR,ERR,ERR,ERR,ERR,ERR,ERR,ERR,ERR,ERR,ERR,ERR,0.0,-107615352.0,-0.0,0.0,0.0,1.3936040501711995e+18,7.805,0.0,0,0,4,0,7116,0.0,100,0.0,0.0,0.0,0.0,0.0,0,0,0,0,0.0,0,0,0,0,0,0,0,0,0,0,0,0,0,0,0,0,0,0,0,0,0,0,0,0,0,0,0,0,0,0,0,0,0,31,40,40,71,65476,0,300,0,0,8,21553,0.0,-107605600.0,0.0,0.0,0.0,0.0,0.0,0.0,0.0,0.0,0.0,0.0,0.0,0.0,0.0,0.0,0.0,0.0,0.0,0.0,0.0,0.0,0.0,0.0,0.0,0.0,0.0,0.0,0.0,0.0,4517.0,2.004,6920.0,0.0,-107615352.0,-0.0,-0.0,0.0,0.0,0.0,0.0,69,-0.0,-107614624.0,0.0,0.0,0.0,0.0,0.0,0.0,0.0,0,0,0,0.0,0.0,0.0,0.0,0.0,0.0,0.0,0.0,0.0,0.0,0.0,0.0,0.0,0.0,0.0,0.0,0,-107875648.0,69,0.0,138,0.0,-100793952.0,0,13107,17085,52429,17098,52429,17078,0,0,0,70,68,100,0.0,82.3,-0.0,77.8,-0.0,78.5,1,49,50,180,52429,13107,0,0,0.0,0.0,0.0,0.0,-0.0,67.0,0.0,162057.094,0.0,969,0,991,0,0,0,946,0,1014,0,914,0,788,0,777,0,821,0,7520,0.032,2.0032011142543966e+19,0.0,0.0,784,16797,-0.0,162057.094,-114818.039,-0.0,0.133,6.909358625270745e+28,30.0,70.0,35,0.0,0.0,0.0,0.0,0.0,0.0,0.0,0.0,0.0,0.0,0.0,0.0,0.0,0.0,0.0,0.0,66.4,0,150,71,51,65476,0,300,0,0,8,20529,65476,0,0,44564,70.0,0.0,0.0,0.0,0.0,0.0
2026-09-10T21:50:11,ERR,ERR,ERR,ERR,ERR,ERR,ERR,ERR,ERR,ERR,ERR,ERR,ERR,ERR,ERR,ERR,ERR,ERR,ERR,ERR,ERR,ERR,ERR,ERR,ERR,ERR,ERR,ERR,ERR,ERR,ERR,ERR,ERR,ERR,ERR,ERR,ERR,ERR,ERR,ERR,ERR,ERR,ERR,ERR,ERR,ERR,ERR,ERR,ERR,ERR,ERR,ERR,ERR,ERR,ERR,ERR,ERR,ERR,ERR,ERR,ERR,ERR,ERR,ERR,ERR,ERR,ERR,ERR,ERR,ERR,ERR,ERR,ERR,ERR,ERR,ERR,ERR,ERR,ERR,ERR,ERR,ERR,ERR,ERR,ERR,ERR,ERR,ERR,ERR,ERR,ERR,ERR,ERR,ERR,ERR,ERR,ERR,ERR,ERR,ERR,ERR,ERR,ERR,ERR,ERR,ERR,ERR,ERR,ERR,ERR,ERR,ERR,ERR,ERR,ERR,ERR,ERR,ERR,ERR,ERR,ERR,ERR,ERR,ERR,ERR,0.0,-107615352.0,-0.0,0.0,0.0,1.3936040501711995e+18,7.805,0.0,0,0,4,0,7116,0.0,100,0.0,0.0,0.0,0.0,0.0,0,0,0,0,0.0,0,0,0,0,0,0,0,0,0,0,0,0,0,0,0,0,0,0,0,0,0,0,0,0,0,0,0,0,0,0,0,0,0,31,40,40,71,65476,0,300,0,0,8,21553,0.0,-107605600.0,0.0,0.0,0.0,0.0,0.0,0.0,0.0,0.0,0.0,0.0,0.0,0.0,0.0,0.0,0.0,0.0,0.0,0.0,0.0,0.0,0.0,0.0,0.0,0.0,0.0,0.0,0.0,0.0,4517.0,2.004,6920.0,0.0,-107615352.0,-0.0,-0.0,0.0,0.0,0.0,0.0,69,-0.0,-107614624.0,0.0,0.0,0.0,0.0,0.0,0.0,0.0,0,0,0,0.0,0.0,0.0,0.0,0.0,0.0,0.0,0.0,0.0,0.0,0.0,0.0,0.0,0.0,0.0,0.0,0,-107875648.0,69,0.0,138,0.0,-100793952.0,0,13107,17085,52429,17098,52429,17078,0,0,0,70,68,100,0.0,82.3,-0.0,77.8,-0.0,78.5,1,49,50,180,52429,13107,0,0,0.0,0.0,0.0,0.0,-0.0,67.0,0.0,162057.094,0.0,969,0,991,0,0,0,946,0,1014,0,914,0,788,0,777,0,821,0,7520,0.032,2.0032011142543966e+19,0.0,0.0,784,16797,-0.0,162057.094,-114818.039,-0.0,0.133,6.909358625270745e+28,30.0,70.0,35,0.0,0.0,0.0,0.0,0.0,0.0,0.0,0.0,0.0,0.0,0.0,0.0,0.0,0.0,0.0,0.0,66.4,0,150,71,51,65476,0,300,0,0,8,20529,65476,0,0,44564,70.0,0.0,0.0,0.0,0.0,0.0
2026-09-10T21:50:12,ERR,ERR,ERR,ERR,ERR,ERR,ERR,ERR,ERR,ERR,ERR,ERR,ERR,ERR,ERR,ERR,ERR,ERR,ERR,ERR,ERR,ERR,ERR,ERR,ERR,ERR,ERR,ERR,ERR,ERR,ERR,ERR,ERR,ERR,ERR,ERR,ERR,ERR,ERR,ERR,ERR,ERR,ERR,ERR,ERR,ERR,ERR,ERR,ERR,ERR,ERR,ERR,ERR,ERR,ERR,ERR,ERR,ERR,ERR,ERR,ERR,ERR,ERR,ERR,ERR,ERR,ERR,ERR,ERR,ERR,ERR,ERR,ERR,ERR,ERR,ERR,ERR,ERR,ERR,ERR,ERR,ERR,ERR,ERR,ERR,ERR,ERR,ERR,ERR,ERR,ERR,ERR,ERR,ERR,ERR,ERR,ERR,ERR,ERR,ERR,ERR,ERR,ERR,ERR,ERR,ERR,ERR,ERR,ERR,ERR,ERR,ERR,ERR,ERR,ERR,ERR,ERR,ERR,ERR,ERR,ERR,ERR,ERR,ERR,ERR,0.0,-107615352.0,-0.0,0.0,0.0,1.3936040501711995e+18,7.805,0.0,0,0,4,0,7116,0.0,100,0.0,0.0,0.0,0.0,0.0,0,0,0,0,0.0,0,0,0,0,0,0,0,0,0,0,0,0,0,0,0,0,0,0,0,0,0,0,0,0,0,0,0,0,0,0,0,0,0,31,40,40,71,65476,0,300,0,0,8,21553,0.0,-107605600.0,0.0,0.0,0.0,0.0,0.0,0.0,0.0,0.0,0.0,0.0,0.0,0.0,0.0,0.0,0.0,0.0,0.0,0.0,0.0,0.0,0.0,0.0,0.0,0.0,0.0,0.0,0.0,0.0,4517.0,2.004,6920.0,0.0,-107615352.0,-0.0,-0.0,0.0,0.0,0.0,0.0,69,-0.0,-107614624.0,0.0,0.0,0.0,0.0,0.0,0.0,0.0,0,0,0,0.0,0.0,0.0,0.0,0.0,0.0,0.0,0.0,0.0,0.0,0.0,0.0,0.0,0.0,0.0,0.0,0,-107875648.0,69,0.0,138,0.0,-100793952.0,0,13107,17085,52429,17098,52429,17078,0,0,0,70,68,100,0.0,82.3,-0.0,77.8,-0.0,78.5,1,49,50,180,52429,13107,0,0,0.0,0.0,0.0,0.0,-0.0,67.0,0.0,162057.094,0.0,969,0,991,0,0,0,946,0,1014,0,914,0,788,0,777,0,821,0,7520,0.032,2.0032011142543966e+19,0.0,0.0,784,16797,-0.0,162057.094,-114818.039,-0.0,0.133,6.909358625270745e+28,30.0,70.0,35,0.0,0.0,0.0,0.0,0.0,0.0,0.0,0.0,0.0,0.0,0.0,0.0,0.0,0.0,0.0,0.0,66.4,0,150,71,51,65476,0,300,0,0,8,20529,65476,0,0,44564,70.0,0.0,0.0,0.0,0.0,0.0
2026-09-10T21:50:13,ERR,ERR,ERR,ERR,ERR,ERR,ERR,ERR,ERR,ERR,ERR,ERR,ERR,ERR,ERR,ERR,ERR,ERR,ERR,ERR,ERR,ERR,ERR,ERR,ERR,ERR,ERR,ERR,ERR,ERR,ERR,ERR,ERR,ERR,ERR,ERR,ERR,ERR,ERR,ERR,ERR,ERR,ERR,ERR,ERR,ERR,ERR,ERR,ERR,ERR,ERR,ERR,ERR,ERR,ERR,ERR,ERR,ERR,ERR,ERR,ERR,ERR,ERR,ERR,ERR,ERR,ERR,ERR,ERR,ERR,ERR,ERR,ERR,ERR,ERR,ERR,ERR,ERR,ERR,ERR,ERR,ERR,ERR,ERR,ERR,ERR,ERR,ERR,ERR,ERR,ERR,ERR,ERR,ERR,ERR,ERR,ERR,ERR,ERR,ERR,ERR,ERR,ERR,ERR,ERR,ERR,ERR,ERR,ERR,ERR,ERR,ERR,ERR,ERR,ERR,ERR,ERR,ERR,ERR,ERR,ERR,ERR,ERR,ERR,ERR,0.0,-107615352.0,-0.0,0.0,0.0,1.3936040501711995e+18,7.805,0.0,0,0,4,0,7116,0.0,100,0.0,0.0,0.0,0.0,0.0,0,0,0,0,0.0,0,0,0,0,0,0,0,0,0,0,0,0,0,0,0,0,0,0,0,0,0,0,0,0,0,0,0,0,0,0,0,0,0,31,40,40,71,65476,0,300,0,0,8,21553,0.0,-107605600.0,0.0,0.0,0.0,0.0,0.0,0.0,0.0,0.0,0.0,0.0,0.0,0.0,0.0,0.0,0.0,0.0,0.0,0.0,0.0,0.0,0.0,0.0,0.0,0.0,0.0,0.0,0.0,0.0,4517.0,2.004,6920.0,0.0,-107615352.0,-0.0,-0.0,0.0,0.0,0.0,0.0,69,-0.0,-107614624.0,0.0,0.0,0.0,0.0,0.0,0.0,0.0,0,0,0,0.0,0.0,0.0,0.0,0.0,0.0,0.0,0.0,0.0,0.0,0.0,0.0,0.0,0.0,0.0,0.0,0,-107875648.0,69,0.0,138,0.0,-100793952.0,0,13107,17085,52429,17098,52429,17078,0,0,0,70,68,100,0.0,82.3,-0.0,77.8,-0.0,78.5,1,49,50,180,52429,13107,0,0,0.0,0.0,0.0,0.0,-0.0,67.0,0.0,162057.094,0.0,969,0,991,0,0,0,946,0,1014,0,914,0,788,0,777,0,821,0,7520,0.032,2.0032011142543966e+19,0.0,0.0,784,16797,-0.0,162057.094,-114818.039,-0.0,0.133,6.909358625270745e+28,30.0,70.0,35,0.0,0.0,0.0,0.0,0.0,0.0,0.0,0.0,0.0,0.0,0.0,0.0,0.0,0.0,0.0,0.0,66.4,0,150,71,51,65476,0,300,0,0,8,20529,65476,0,0,44564,70.0,0.0,0.0,0.0,0.0,0.0
2026-09-10T21:50:14,ERR,ERR,ERR,ERR,ERR,ERR,ERR,ERR,ERR,ERR,ERR,ERR,ERR,ERR,ERR,ERR,ERR,ERR,ERR,ERR,ERR,ERR,ERR,ERR,ERR,ERR,ERR,ERR,ERR,ERR,ERR,ERR,ERR,ERR,ERR,ERR,ERR,ERR,ERR,ERR,ERR,ERR,ERR,ERR,ERR,ERR,ERR,ERR,ERR,ERR,ERR,ERR,ERR,ERR,ERR,ERR,ERR,ERR,ERR,ERR,ERR,ERR,ERR,ERR,ERR,ERR,ERR,ERR,ERR,ERR,ERR,ERR,ERR,ERR,ERR,ERR,ERR,ERR,ERR,ERR,ERR,ERR,ERR,ERR,ERR,ERR,ERR,ERR,ERR,ERR,ERR,ERR,ERR,ERR,ERR,ERR,ERR,ERR,ERR,ERR,ERR,ERR,ERR,ERR,ERR,ERR,ERR,ERR,ERR,ERR,ERR,ERR,ERR,ERR,ERR,ERR,ERR,ERR,ERR,ERR,ERR,ERR,ERR,ERR,ERR,0.0,-107615352.0,-0.0,0.0,0.0,1.3936040501711995e+18,7.805,0.0,0,0,4,0,7116,0.0,100,0.0,0.0,0.0,0.0,0.0,0,0,0,0,0.0,0,0,0,0,0,0,0,0,0,0,0,0,0,0,0,0,0,0,0,0,0,0,0,0,0,0,0,0,0,0,0,0,0,31,40,40,71,65476,0,300,0,0,8,21553,0.0,-107605600.0,0.0,0.0,0.0,0.0,0.0,0.0,0.0,0.0,0.0,0.0,0.0,0.0,0.0,0.0,0.0,0.0,0.0,0.0,0.0,0.0,0.0,0.0,0.0,0.0,0.0,0.0,0.0,0.0,4517.0,2.004,6920.0,0.0,-107615352.0,-0.0,-0.0,0.0,0.0,0.0,0.0,69,-0.0,-107614624.0,0.0,0.0,0.0,0.0,0.0,0.0,0.0,0,0,0,0.0,0.0,0.0,0.0,0.0,0.0,0.0,0.0,0.0,0.0,0.0,0.0,0.0,0.0,0.0,0.0,0,-107875648.0,69,0.0,138,0.0,-100793952.0,0,13107,17085,52429,17098,52429,17078,0,0,0,70,68,100,0.0,82.3,-0.0,77.8,-0.0,78.5,1,49,50,180,52429,13107,0,0,0.0,0.0,0.0,0.0,-0.0,67.0,0.0,162057.094,0.0,969,0,991,0,0,0,946,0,1014,0,914,0,788,0,777,0,821,0,7520,0.032,2.0032011142543966e+19,0.0,0.0,784,16797,-0.0,162057.094,-114818.039,-0.0,0.133,6.909358625270745e+28,30.0,70.0,35,0.0,0.0,0.0,0.0,0.0,0.0,0.0,0.0,0.0,0.0,0.0,0.0,0.0,0.0,0.0,0.0,66.4,0,150,71,51,65476,0,300,0,0,8,20529,65476,0,0,44564,70.0,0.0,0.0,0.0,0.0,0.0
2026-09-10T21:50:15,ERR,ERR,ERR,ERR,ERR,ERR,ERR,ERR,ERR,ERR,ERR,ERR,ERR,ERR,ERR,ERR,ERR,ERR,ERR,ERR,ERR,ERR,ERR,ERR,ERR,ERR,ERR,ERR,ERR,ERR,ERR,ERR,ERR,ERR,ERR,ERR,ERR,ERR,ERR,ERR,ERR,ERR,ERR,ERR,ERR,ERR,ERR,ERR,ERR,ERR,ERR,ERR,ERR,ERR,ERR,ERR,ERR,ERR,ERR,ERR,ERR,ERR,ERR,ERR,ERR,ERR,ERR,ERR,ERR,ERR,ERR,ERR,ERR,ERR,ERR,ERR,ERR,ERR,ERR,ERR,ERR,ERR,ERR,ERR,ERR,ERR,ERR,ERR,ERR,ERR,ERR,ERR,ERR,ERR,ERR,ERR,ERR,ERR,ERR,ERR,ERR,ERR,ERR,ERR,ERR,ERR,ERR,ERR,ERR,ERR,ERR,ERR,ERR,ERR,ERR,ERR,ERR,ERR,ERR,ERR,ERR,ERR,ERR,ERR,ERR,0.0,-107615352.0,-0.0,0.0,0.0,1.3936040501711995e+18,7.805,0.0,0,0,4,0,7116,0.0,100,0.0,0.0,0.0,0.0,0.0,0,0,0,0,0.0,0,0,0,0,0,0,0,0,0,0,0,0,0,0,0,0,0,0,0,0,0,0,0,0,0,0,0,0,0,0,0,0,0,31,40,40,71,65476,0,300,0,0,8,21553,0.0,-107605600.0,0.0,0.0,0.0,0.0,0.0,0.0,0.0,0.0,0.0,0.0,0.0,0.0,0.0,0.0,0.0,0.0,0.0,0.0,0.0,0.0,0.0,0.0,0.0,0.0,0.0,0.0,0.0,0.0,4517.0,2.004,6920.0,0.0,-107615352.0,-0.0,-0.0,0.0,0.0,0.0,0.0,69,-0.0,-107614624.0,0.0,0.0,0.0,0.0,0.0,0.0,0.0,0,0,0,0.0,0.0,0.0,0.0,0.0,0.0,0.0,0.0,0.0,0.0,0.0,0.0,0.0,0.0,0.0,0.0,0,-107875648.0,69,0.0,138,0.0,-100793952.0,0,13107,17085,39322,17098,52429,17078,0,0,0,70,68,100,0.0,82.2,2.730238278947072e+23,77.8,-0.0,78.5,1,49,50,180,52429,13107,0,0,0.0,0.0,0.0,0.0,-0.0,67.0,0.0,162057.094,0.0,969,0,991,0,0,0,946,0,1013,0,914,0,787,0,777,0,821,0,7520,0.032,2.0176126330619822e+19,0.0,0.0,784,16797,-0.0,162057.094,-114818.039,-0.0,0.133,6.909358625270745e+28,30.0,70.0,35,0.0,0.0,0.0,0.0,0.0,0.0,0.0,0.0,0.0,0.0,0.0,0.0,0.0,0.0,0.0,0.0,66.4,0,150,71,51,65476,0,300,0,0,8,20529,65476,0,0,44564,70.0,0.0,0.0,0.0,0.0,0.0
2026-09-10T21:50:16,ERR,ERR,ERR,ERR,ERR,ERR,ERR,ERR,ERR,ERR,ERR,ERR,ERR,ERR,ERR,ERR,ERR,ERR,ERR,ERR,ERR,ERR,ERR,ERR,ERR,ERR,ERR,ERR,ERR,ERR,ERR,ERR,ERR,ERR,ERR,ERR,ERR,ERR,ERR,ERR,ERR,ERR,ERR,ERR,ERR,ERR,ERR,ERR,ERR,ERR,ERR,ERR,ERR,ERR,ERR,ERR,ERR,ERR,ERR,ERR,ERR,ERR,ERR,ERR,ERR,ERR,ERR,ERR,ERR,ERR,ERR,ERR,ERR,ERR,ERR,ERR,ERR,ERR,ERR,ERR,ERR,ERR,ERR,ERR,ERR,ERR,ERR,ERR,ERR,ERR,ERR,ERR,ERR,ERR,ERR,ERR,ERR,ERR,ERR,ERR,ERR,ERR,ERR,ERR,ERR,ERR,ERR,ERR,ERR,ERR,ERR,ERR,ERR,ERR,ERR,ERR,ERR,ERR,ERR,ERR,ERR,ERR,ERR,ERR,ERR,0.0,0.0,-0.0,0.0,0.0,1.3936040501711995e+18,7.805,0.0,0,0,4,0,7116,0.0,100,0.0,0.0,0.0,0.0,0.0,0,0,0,0,0.0,0,0,0,0,0,0,0,0,0,0,0,0,0,0,0,0,0,0,0,0,0,0,0,0,0,0,0,0,0,0,0,0,0,31,40,40,71,65476,0,300,0,0,8,21553,0.0,-107605600.0,0.0,0.0,0.0,0.0,0.0,0.0,0.0,0.0,0.0,0.0,0.0,0.0,0.0,0.0,0.0,0.0,0.0,0.0,0.0,0.0,-2.004,0.0,0.0,0.0,0.0,0.0,0.0,0.0,4514.0,0.0,6915.0,0.0,0.0,-0.0,-0.0,0.0,0.0,0.0,0.0,69,-0.0,-0.0,0.0,0.0,0.0,0.0,0.0,0.0,0.0,0,0,0,0.0,0.0,0.0,0.0,0.0,0.0,0.0,0.0,0.0,0.0,0.0,0.0,0.0,0.0,0.0,0.0,0,-107875648.0,69,0.0,138,0.0,-100793952.0,0,13107,17085,39322,17098,52429,17078,0,0,0,70,68,100,0.0,82.2,2.730238278947072e+23,77.8,-0.0,78.5,1,49,50,180,52429,13107,0,0,0.0,0.0,0.0,0.0,-0.0,67.0,0.0,162057.094,0.0,969,0,991,0,0,0,946,0,1013,0,914,0,787,0,777,0,821,0,7520,0.032,2.0176126330619822e+19,0.0,0.0,784,16797,-0.0,162057.094,-114818.039,-0.0,0.133,6.909358625270745e+28,30.0,70.0,35,0.0,0.0,0.0,0.0,0.0,0.0,0.0,0.0,0.0,0.0,0.0,0.0,0.0,0.0,0.0,0.0,66.8,0,150,71,51,65476,0,300,0,0,8,20529,65476,0,0,44564,70.0,0.0,0.0,0.0,0.0,0.0
2026-09-10T21:50:17,ERR,ERR,ERR,ERR,ERR,ERR,ERR,ERR,ERR,ERR,ERR,ERR,ERR,ERR,ERR,ERR,ERR,ERR,ERR,ERR,ERR,ERR,ERR,ERR,ERR,ERR,ERR,ERR,ERR,ERR,ERR,ERR,ERR,ERR,ERR,ERR,ERR,ERR,ERR,ERR,ERR,ERR,ERR,ERR,ERR,ERR,ERR,ERR,ERR,ERR,ERR,ERR,ERR,ERR,ERR,ERR,ERR,ERR,ERR,ERR,ERR,ERR,ERR,ERR,ERR,ERR,ERR,ERR,ERR,ERR,ERR,ERR,ERR,ERR,ERR,ERR,ERR,ERR,ERR,ERR,ERR,ERR,ERR,ERR,ERR,ERR,ERR,ERR,ERR,ERR,ERR,ERR,ERR,ERR,ERR,ERR,ERR,ERR,ERR,ERR,ERR,ERR,ERR,ERR,ERR,ERR,ERR,ERR,ERR,ERR,ERR,ERR,ERR,ERR,ERR,ERR,ERR,ERR,ERR,ERR,ERR,ERR,ERR,ERR,ERR,0.0,0.0,-0.0,0.0,0.0,1.3936040501711995e+18,7.805,0.0,0,0,4,0,7116,0.0,100,0.0,0.0,0.0,0.0,0.0,0,0,0,0,0.0,0,0,0,0,0,0,0,0,0,0,0,0,0,0,0,0,0,0,0,0,0,0,0,0,0,0,0,0,0,0,0,0,0,31,40,40,71,65476,0,300,0,0,8,21553,0.0,-107605600.0,0.0,0.0,0.0,0.0,0.0,0.0,0.0,0.0,0.0,0.0,0.0,0.0,0.0,0.0,0.0,0.0,0.0,0.0,0.0,0.0,-2.004,0.0,0.0,0.0,0.0,0.0,0.0,0.0,4514.0,0.0,6915.0,0.0,0.0,-0.0,-0.0,0.0,0.0,0.0,0.0,69,-0.0,-0.0,0.0,0.0,0.0,0.0,0.0,0.0,0.0,0,0,0,0.0,0.0,0.0,0.0,0.0,0.0,0.0,0.0,0.0,0.0,0.0,0.0,0.0,0.0,0.0,0.0,0,-107875648.0,69,0.0,138,0.0,-100793952.0,0,13107,17085,39322,17098,52429,17078,0,0,0,70,68,100,0.0,82.2,2.730238278947072e+23,77.8,-0.0,78.5,1,49,50,180,52429,13107,0,0,0.0,0.0,0.0,0.0,-0.0,67.0,0.0,162057.094,0.0,969,0,991,0,0,0,946,0,1013,0,914,0,787,0,777,0,821,0,7520,0.032,2.0176126330619822e+19,0.0,0.0,784,16797,-0.0,162057.094,-114818.039,-0.0,0.133,6.909358625270745e+28,30.0,70.0,35,0.0,0.0,0.0,0.0,0.0,0.0,0.0,0.0,0.0,0.0,0.0,0.0,0.0,0.0,0.0,0.0,66.8,0,150,71,51,65476,0,300,0,0,8,20529,65476,0,0,44564,70.0,0.0,0.0,0.0,0.0,0.0
2026-09-10T21:50:18,ERR,ERR,ERR,ERR,ERR,ERR,ERR,ERR,ERR,ERR,ERR,ERR,ERR,ERR,ERR,ERR,ERR,ERR,ERR,ERR,ERR,ERR,ERR,ERR,ERR,ERR,ERR,ERR,ERR,ERR,ERR,ERR,ERR,ERR,ERR,ERR,ERR,ERR,ERR,ERR,ERR,ERR,ERR,ERR,ERR,ERR,ERR,ERR,ERR,ERR,ERR,ERR,ERR,ERR,ERR,ERR,ERR,ERR,ERR,ERR,ERR,ERR,ERR,ERR,ERR,ERR,ERR,ERR,ERR,ERR,ERR,ERR,ERR,ERR,ERR,ERR,ERR,ERR,ERR,ERR,ERR,ERR,ERR,ERR,ERR,ERR,ERR,ERR,ERR,ERR,ERR,ERR,ERR,ERR,ERR,ERR,ERR,ERR,ERR,ERR,ERR,ERR,ERR,ERR,ERR,ERR,ERR,ERR,ERR,ERR,ERR,ERR,ERR,ERR,ERR,ERR,ERR,ERR,ERR,ERR,ERR,ERR,ERR,ERR,ERR,0.0,0.0,-0.0,0.0,0.0,1.3936040501711995e+18,7.805,0.0,0,0,4,0,7116,0.0,100,0.0,0.0,0.0,0.0,0.0,0,0,0,0,0.0,0,0,0,0,0,0,0,0,0,0,0,0,0,0,0,0,0,0,0,0,0,0,0,0,0,0,0,0,0,0,0,0,0,31,40,40,71,65476,0,300,0,0,8,21553,0.0,-107605600.0,0.0,0.0,0.0,0.0,0.0,0.0,0.0,0.0,0.0,0.0,0.0,0.0,0.0,0.0,0.0,0.0,0.0,0.0,0.0,0.0,-2.004,0.0,0.0,0.0,0.0,0.0,0.0,0.0,4514.0,0.0,6915.0,0.0,0.0,-0.0,-0.0,0.0,0.0,0.0,0.0,69,-0.0,-0.0,0.0,0.0,0.0,0.0,0.0,0.0,0.0,0,0,0,0.0,0.0,0.0,0.0,0.0,0.0,0.0,0.0,0.0,0.0,0.0,0.0,0.0,0.0,0.0,0.0,0,-107875648.0,69,0.0,138,0.0,-100793952.0,0,13107,17085,39322,17098,52429,17078,0,0,0,70,68,100,0.0,82.2,2.730238278947072e+23,77.8,-0.0,78.5,1,49,50,180,52429,13107,0,0,0.0,0.0,0.0,0.0,-0.0,67.0,0.0,162057.094,0.0,969,0,991,0,0,0,946,0,1013,0,914,0,787,0,777,0,821,0,7520,0.032,2.0176126330619822e+19,0.0,0.0,784,16797,-0.0,162057.094,-114818.039,-0.0,0.133,6.909358625270745e+28,30.0,70.0,35,0.0,0.0,0.0,0.0,0.0,0.0,0.0,0.0,0.0,0.0,0.0,0.0,0.0,0.0,0.0,0.0,66.8,0,150,71,51,65476,0,300,0,0,8,20529,65476,0,0,44564,70.0,0.0,0.0,0.0,0.0,0.0
2026-09-10T21:50:19,ERR,ERR,ERR,ERR,ERR,ERR,ERR,ERR,ERR,ERR,ERR,ERR,ERR,ERR,ERR,ERR,ERR,ERR,ERR,ERR,ERR,ERR,ERR,ERR,ERR,ERR,ERR,ERR,ERR,ERR,ERR,ERR,ERR,ERR,ERR,ERR,ERR,ERR,ERR,ERR,ERR,ERR,ERR,ERR,ERR,ERR,ERR,ERR,ERR,ERR,ERR,ERR,ERR,ERR,ERR,ERR,ERR,ERR,ERR,ERR,ERR,ERR,ERR,ERR,ERR,ERR,ERR,ERR,ERR,ERR,ERR,ERR,ERR,ERR,ERR,ERR,ERR,ERR,ERR,ERR,ERR,ERR,ERR,ERR,ERR,ERR,ERR,ERR,ERR,ERR,ERR,ERR,ERR,ERR,ERR,ERR,ERR,ERR,ERR,ERR,ERR,ERR,ERR,ERR,ERR,ERR,ERR,ERR,ERR,ERR,ERR,ERR,ERR,ERR,ERR,ERR,ERR,ERR,ERR,ERR,ERR,ERR,ERR,ERR,ERR,0.0,0.0,-0.0,0.0,0.0,1.3936040501711995e+18,7.805,0.0,0,0,4,0,7116,0.0,100,0.0,0.0,0.0,0.0,0.0,0,0,0,0,0.0,0,0,0,0,0,0,0,0,0,0,0,0,0,0,0,0,0,0,0,0,0,0,0,0,0,0,0,0,0,0,0,0,0,31,40,40,71,65476,0,300,0,0,8,21553,0.0,-107605600.0,0.0,0.0,0.0,0.0,0.0,0.0,0.0,0.0,0.0,0.0,0.0,0.0,0.0,0.0,0.0,0.0,0.0,0.0,0.0,0.0,-2.004,0.0,0.0,0.0,0.0,0.0,0.0,0.0,4514.0,0.0,6915.0,0.0,0.0,-0.0,-0.0,0.0,0.0,0.0,0.0,69,-0.0,-0.0,0.0,0.0,0.0,0.0,0.0,0.0,0.0,0,0,0,0.0,0.0,0.0,0.0,0.0,0.0,0.0,0.0,0.0,0.0,0.0,0.0,0.0,0.0,0.0,0.0,0,-107875648.0,69,0.0,138,0.0,-100793952.0,0,13107,17085,39322,17098,52429,17078,0,0,0,70,68,100,0.0,82.2,2.730238278947072e+23,77.8,-0.0,78.5,1,49,50,180,52429,13107,0,0,0.0,0.0,0.0,0.0,-0.0,67.0,0.0,162057.094,0.0,969,0,991,0,0,0,946,0,1013,0,914,0,787,0,777,0,821,0,7520,0.032,2.0176126330619822e+19,0.0,0.0,784,16797,-0.0,162057.094,-114818.039,-0.0,0.133,6.909358625270745e+28,30.0,70.0,35,0.0,0.0,0.0,0.0,0.0,0.0,0.0,0.0,0.0,0.0,0.0,0.0,0.0,0.0,0.0,0.0,66.4,0,150,71,51,65476,0,300,0,0,8,20529,65476,0,0,44564,70.0,0.0,0.0,0.0,0.0,0.0
2026-09-10T21:50:20,ERR,ERR,ERR,ERR,ERR,ERR,ERR,ERR,ERR,ERR,ERR,ERR,ERR,ERR,ERR,ERR,ERR,ERR,ERR,ERR,ERR,ERR,ERR,ERR,ERR,ERR,ERR,ERR,ERR,ERR,ERR,ERR,ERR,ERR,ERR,ERR,ERR,ERR,ERR,ERR,ERR,ERR,ERR,ERR,ERR,ERR,ERR,ERR,ERR,ERR,ERR,ERR,ERR,ERR,ERR,ERR,ERR,ERR,ERR,ERR,ERR,ERR,ERR,ERR,ERR,ERR,ERR,ERR,ERR,ERR,ERR,ERR,ERR,ERR,ERR,ERR,ERR,ERR,ERR,ERR,ERR,ERR,ERR,ERR,ERR,ERR,ERR,ERR,ERR,ERR,ERR,ERR,ERR,ERR,ERR,ERR,ERR,ERR,ERR,ERR,ERR,ERR,ERR,ERR,ERR,ERR,ERR,ERR,ERR,ERR,ERR,ERR,ERR,ERR,ERR,ERR,ERR,ERR,ERR,ERR,ERR,ERR,ERR,ERR,ERR,0.0,0.0,-0.0,0.0,0.0,1.3936040501711995e+18,7.805,0.0,0,0,4,0,7116,0.0,100,0.0,0.0,0.0,0.0,0.0,0,0,0,0,0.0,0,0,0,0,0,0,0,0,0,0,0,0,0,0,0,0,0,0,0,0,0,0,0,0,0,0,0,0,0,0,0,0,0,31,40,40,71,65476,0,300,0,0,8,21553,0.0,-107605600.0,0.0,0.0,0.0,0.0,0.0,0.0,0.0,0.0,0.0,0.0,0.0,0.0,0.0,0.0,0.0,0.0,0.0,0.0,0.0,0.0,-2.004,0.0,0.0,0.0,0.0,0.0,0.0,0.0,4514.0,0.0,6915.0,0.0,0.0,-0.0,-0.0,0.0,0.0,0.0,0.0,69,-0.0,-0.0,0.0,0.0,0.0,0.0,0.0,0.0,0.0,0,0,0,0.0,0.0,0.0,0.0,0.0,0.0,0.0,0.0,0.0,0.0,0.0,0.0,0.0,0.0,0.0,0.0,0,-107875648.0,69,0.0,138,0.0,-100793952.0,0,13107,17085,39322,17098,52429,17078,0,0,0,70,68,100,0.0,82.2,2.730238278947072e+23,77.8,-0.0,78.5,1,49,50,180,52429,13107,0,0,0.0,0.0,0.0,0.0,-0.0,67.0,0.0,162057.094,0.0,969,0,991,0,0,0,946,0,1013,0,914,0,787,0,777,0,821,0,7520,0.032,2.0176126330619822e+19,0.0,0.0,784,16797,-0.0,162057.094,-114818.039,-0.0,0.133,6.909358625270745e+28,30.0,70.0,35,0.0,0.0,0.0,0.0,0.0,0.0,0.0,0.0,0.0,0.0,0.0,0.0,0.0,0.0,0.0,0.0,66.4,0,150,71,51,65476,0,300,0,0,8,20529,65476,0,0,44564,70.0,0.0,0.0,0.0,0.0,0.0
2026-09-10T21:50:21,ERR,ERR,ERR,ERR,ERR,ERR,ERR,ERR,ERR,ERR,ERR,ERR,ERR,ERR,ERR,ERR,ERR,ERR,ERR,ERR,ERR,ERR,ERR,ERR,ERR,ERR,ERR,ERR,ERR,ERR,ERR,ERR,ERR,ERR,ERR,ERR,ERR,ERR,ERR,ERR,ERR,ERR,ERR,ERR,ERR,ERR,ERR,ERR,ERR,ERR,ERR,ERR,ERR,ERR,ERR,ERR,ERR,ERR,ERR,ERR,ERR,ERR,ERR,ERR,ERR,ERR,ERR,ERR,ERR,ERR,ERR,ERR,ERR,ERR,ERR,ERR,ERR,ERR,ERR,ERR,ERR,ERR,ERR,ERR,ERR,ERR,ERR,ERR,ERR,ERR,ERR,ERR,ERR,ERR,ERR,ERR,ERR,ERR,ERR,ERR,ERR,ERR,ERR,ERR,ERR,ERR,ERR,ERR,ERR,ERR,ERR,ERR,ERR,ERR,ERR,ERR,ERR,ERR,ERR,ERR,ERR,ERR,ERR,ERR,ERR,0.0,0.0,-0.0,0.0,0.0,1.3936040501711995e+18,7.805,0.0,0,0,4,0,7116,0.0,100,0.0,0.0,0.0,0.0,0.0,0,0,0,0,0.0,0,0,0,0,0,0,0,0,0,0,0,0,0,0,0,0,0,0,0,0,0,0,0,0,0,0,0,0,0,0,0,0,0,31,40,40,71,65476,0,300,0,0,8,21553,0.0,-107605600.0,0.0,0.0,0.0,0.0,0.0,0.0,0.0,0.0,0.0,0.0,0.0,0.0,0.0,0.0,0.0,0.0,0.0,0.0,0.0,0.0,-2.004,0.0,0.0,0.0,0.0,0.0,0.0,0.0,4514.0,0.0,6915.0,0.0,0.0,-0.0,-0.0,0.0,0.0,0.0,0.0,69,-0.0,-0.0,0.0,0.0,0.0,0.0,0.0,0.0,0.0,0,0,0,0.0,0.0,0.0,0.0,0.0,0.0,0.0,0.0,0.0,0.0,0.0,0.0,0.0,0.0,0.0,0.0,0,-107875648.0,69,0.0,138,0.0,-100793952.0,0,13107,17085,39322,17098,52429,17078,0,0,0,70,68,100,0.0,82.2,2.730238278947072e+23,77.8,-0.0,78.5,1,49,50,180,52429,13107,0,0,0.0,0.0,0.0,0.0,-0.0,67.0,0.0,162057.094,0.0,969,0,991,0,0,0,946,0,1013,0,914,0,788,0,777,0,821,0,7520,0.032,2.0032011142543966e+19,0.0,0.0,784,16797,-0.0,162057.094,-114818.039,-0.0,0.133,6.909358625270745e+28,30.0,70.0,35,0.0,0.0,0.0,0.0,0.0,0.0,0.0,0.0,0.0,0.0,0.0,0.0,0.0,0.0,0.0,0.0,66.4,0,150,71,51,65476,0,300,0,0,8,20529,65476,0,0,44564,70.0,0.0,0.0,0.0,0.0,0.0
2026-09-10T21:50:22,ERR,ERR,ERR,ERR,ERR,ERR,ERR,ERR,ERR,ERR,ERR,ERR,ERR,ERR,ERR,ERR,ERR,ERR,ERR,ERR,ERR,ERR,ERR,ERR,ERR,ERR,ERR,ERR,ERR,ERR,ERR,ERR,ERR,ERR,ERR,ERR,ERR,ERR,ERR,ERR,ERR,ERR,ERR,ERR,ERR,ERR,ERR,ERR,ERR,ERR,ERR,ERR,ERR,ERR,ERR,ERR,ERR,ERR,ERR,ERR,ERR,ERR,ERR,ERR,ERR,ERR,ERR,ERR,ERR,ERR,ERR,ERR,ERR,ERR,ERR,ERR,ERR,ERR,ERR,ERR,ERR,ERR,ERR,ERR,ERR,ERR,ERR,ERR,ERR,ERR,ERR,ERR,ERR,ERR,ERR,ERR,ERR,ERR,ERR,ERR,ERR,ERR,ERR,ERR,ERR,ERR,ERR,ERR,ERR,ERR,ERR,ERR,ERR,ERR,ERR,ERR,ERR,ERR,ERR,ERR,ERR,ERR,ERR,ERR,ERR,0.0,0.0,-0.0,0.0,0.0,1.3936040501711995e+18,7.805,0.0,0,0,4,0,7116,0.0,100,0.0,0.0,0.0,0.0,0.0,0,0,0,0,0.0,0,0,0,0,0,0,0,0,0,0,0,0,0,0,0,0,0,0,0,0,0,0,0,0,0,0,0,0,0,0,0,0,0,31,40,40,71,65476,0,300,0,0,8,21553,0.0,-107605600.0,0.0,0.0,0.0,0.0,0.0,0.0,0.0,0.0,0.0,0.0,0.0,0.0,0.0,0.0,0.0,0.0,0.0,0.0,0.0,0.0,-2.004,0.0,0.0,0.0,0.0,0.0,0.0,0.0,4514.0,0.0,6915.0,0.0,0.0,-0.0,-0.0,0.0,0.0,0.0,0.0,69,-0.0,-0.0,0.0,0.0,0.0,0.0,0.0,0.0,0.0,0,0,0,0.0,0.0,0.0,0.0,0.0,0.0,0.0,0.0,0.0,0.0,0.0,0.0,0.0,0.0,0.0,0.0,0,-107875648.0,69,0.0,138,0.0,-100793952.0,0,13107,17085,39322,17098,52429,17078,0,0,0,70,68,100,0.0,82.2,2.730238278947072e+23,77.8,-0.0,78.5,1,49,50,180,52429,13107,0,0,0.0,0.0,0.0,0.0,-0.0,67.0,0.0,162057.094,0.0,969,0,991,0,0,0,946,0,1013,0,914,0,788,0,777,0,821,0,7520,0.032,2.0032011142543966e+19,0.0,0.0,784,16797,-0.0,162057.094,-114818.039,-0.0,0.133,6.909358625270745e+28,30.0,70.0,35,0.0,0.0,0.0,0.0,0.0,0.0,0.0,0.0,0.0,0.0,0.0,0.0,0.0,0.0,0.0,0.0,66.4,0,150,71,51,65476,0,300,0,0,8,20529,65476,0,0,44564,70.0,0.0,0.0,0.0,0.0,0.0
2026-09-10T21:50:23,ERR,ERR,ERR,ERR,ERR,ERR,ERR,ERR,ERR,ERR,ERR,ERR,ERR,ERR,ERR,ERR,ERR,ERR,ERR,ERR,ERR,ERR,ERR,ERR,ERR,ERR,ERR,ERR,ERR,ERR,ERR,ERR,ERR,ERR,ERR,ERR,ERR,ERR,ERR,ERR,ERR,ERR,ERR,ERR,ERR,ERR,ERR,ERR,ERR,ERR,ERR,ERR,ERR,ERR,ERR,ERR,ERR,ERR,ERR,ERR,ERR,ERR,ERR,ERR,ERR,ERR,ERR,ERR,ERR,ERR,ERR,ERR,ERR,ERR,ERR,ERR,ERR,ERR,ERR,ERR,ERR,ERR,ERR,ERR,ERR,ERR,ERR,ERR,ERR,ERR,ERR,ERR,ERR,ERR,ERR,ERR,ERR,ERR,ERR,ERR,ERR,ERR,ERR,ERR,ERR,ERR,ERR,ERR,ERR,ERR,ERR,ERR,ERR,ERR,ERR,ERR,ERR,ERR,ERR,ERR,ERR,ERR,ERR,ERR,ERR,0.0,0.0,-0.0,0.0,0.0,1.3936040501711995e+18,7.805,0.0,0,0,4,0,7116,0.0,100,0.0,0.0,0.0,0.0,0.0,0,0,0,0,0.0,0,0,0,0,0,0,0,0,0,0,0,0,0,0,0,0,0,0,0,0,0,0,0,0,0,0,0,0,0,0,0,0,0,31,40,40,71,65476,0,300,0,0,8,21553,0.0,-107605600.0,0.0,0.0,0.0,0.0,0.0,0.0,0.0,0.0,0.0,0.0,0.0,0.0,0.0,0.0,0.0,0.0,0.0,0.0,0.0,0.0,-2.004,0.0,0.0,0.0,0.0,0.0,0.0,0.0,4514.0,0.0,6915.0,0.0,0.0,-0.0,-0.0,0.0,0.0,0.0,0.0,69,-0.0,-0.0,0.0,0.0,0.0,0.0,0.0,0.0,0.0,0,0,0,0.0,0.0,0.0,0.0,0.0,0.0,0.0,0.0,0.0,0.0,0.0,0.0,0.0,0.0,0.0,0.0,0,-107875648.0,69,0.0,138,0.0,-100793952.0,0,13107,17085,39322,17098,52429,17078,0,0,0,70,68,100,0.0,82.2,2.730238278947072e+23,77.8,-0.0,78.5,1,49,50,180,52429,13107,0,0,0.0,0.0,0.0,0.0,-0.0,67.0,0.0,162057.094,0.0,969,0,991,0,0,0,946,0,1013,0,914,0,788,0,777,0,821,0,7520,0.032,2.0032011142543966e+19,0.0,0.0,784,16797,-0.0,162057.094,-114818.039,-0.0,0.133,6.909358625270745e+28,30.0,70.0,35,0.0,0.0,0.0,0.0,0.0,0.0,0.0,0.0,0.0,0.0,0.0,0.0,0.0,0.0,0.0,0.0,66.4,0,150,71,51,65476,0,300,0,0,8,20529,65476,0,0,44564,70.0,0.0,0.0,0.0,0.0,0.0
2026-09-10T21:50:24,ERR,ERR,ERR,ERR,ERR,ERR,ERR,ERR,ERR,ERR,ERR,ERR,ERR,ERR,ERR,ERR,ERR,ERR,ERR,ERR,ERR,ERR,ERR,ERR,ERR,ERR,ERR,ERR,ERR,ERR,ERR,ERR,ERR,ERR,ERR,ERR,ERR,ERR,ERR,ERR,ERR,ERR,ERR,ERR,ERR,ERR,ERR,ERR,ERR,ERR,ERR,ERR,ERR,ERR,ERR,ERR,ERR,ERR,ERR,ERR,ERR,ERR,ERR,ERR,ERR,ERR,ERR,ERR,ERR,ERR,ERR,ERR,ERR,ERR,ERR,ERR,ERR,ERR,ERR,ERR,ERR,ERR,ERR,ERR,ERR,ERR,ERR,ERR,ERR,ERR,ERR,ERR,ERR,ERR,ERR,ERR,ERR,ERR,ERR,ERR,ERR,ERR,ERR,ERR,ERR,ERR,ERR,ERR,ERR,ERR,ERR,ERR,ERR,ERR,ERR,ERR,ERR,ERR,ERR,ERR,ERR,ERR,ERR,ERR,ERR,0.0,-107615352.0,-0.0,0.0,0.0,1.3936040501711995e+18,7.805,0.0,0,0,4,0,7116,0.0,100,0.0,0.0,0.0,0.0,0.0,0,0,0,0,0.0,0,0,0,0,0,0,0,0,0,0,0,0,0,0,0,0,0,0,0,0,0,0,0,0,0,0,0,0,0,0,0,0,0,31,40,40,71,65476,0,300,0,0,8,21553,0.0,-107605600.0,0.0,0.0,0.0,0.0,0.0,0.0,0.0,0.0,0.0,0.0,0.0,0.0,0.0,0.0,0.0,0.0,0.0,0.0,0.0,0.0,-2.004,0.0,0.0,0.0,0.0,0.0,0.0,0.0,4512.0,0.0,6915.0,0.0,0.0,-0.0,-0.0,0.0,0.0,0.0,0.0,69,-0.0,-0.0,0.0,0.0,0.0,0.0,0.0,0.0,0.0,0,0,0,0.0,0.0,0.0,0.0,0.0,0.0,0.0,0.0,0.0,0.0,0.0,0.0,0.0,0.0,0.0,0.0,0,-107875648.0,69,0.0,138,0.0,-100793952.0,0,13107,17085,39322,17098,52429,17078,0,0,0,70,68,100,0.0,82.2,2.730238278947072e+23,77.8,-0.0,78.5,1,49,50,180,52429,13107,0,0,0.0,0.0,0.0,0.0,-0.0,67.0,0.0,162057.094,0.0,969,0,991,0,0,0,946,0,1013,0,914,0,788,0,777,0,821,0,7520,0.032,2.0032011142543966e+19,0.0,0.0,784,16797,-0.0,162057.094,-114818.039,-0.0,0.133,6.909358625270745e+28,30.0,70.0,35,0.0,0.0,0.0,0.0,0.0,0.0,0.0,0.0,0.0,0.0,0.0,0.0,0.0,0.0,0.0,0.0,66.4,0,150,71,51,65476,0,300,0,0,8,20529,65476,0,0,44564,70.0,0.0,0.0,0.0,0.0,0.0
2026-09-10T21:50:25,ERR,ERR,ERR,ERR,ERR,ERR,ERR,ERR,ERR,ERR,ERR,ERR,ERR,ERR,ERR,ERR,ERR,ERR,ERR,ERR,ERR,ERR,ERR,ERR,ERR,ERR,ERR,ERR,ERR,ERR,ERR,ERR,ERR,ERR,ERR,ERR,ERR,ERR,ERR,ERR,ERR,ERR,ERR,ERR,ERR,ERR,ERR,ERR,ERR,ERR,ERR,ERR,ERR,ERR,ERR,ERR,ERR,ERR,ERR,ERR,ERR,ERR,ERR,ERR,ERR,ERR,ERR,ERR,ERR,ERR,ERR,ERR,ERR,ERR,ERR,ERR,ERR,ERR,ERR,ERR,ERR,ERR,ERR,ERR,ERR,ERR,ERR,ERR,ERR,ERR,ERR,ERR,ERR,ERR,ERR,ERR,ERR,ERR,ERR,ERR,ERR,ERR,ERR,ERR,ERR,ERR,ERR,ERR,ERR,ERR,ERR,ERR,ERR,ERR,ERR,ERR,ERR,ERR,ERR,ERR,ERR,ERR,ERR,ERR,ERR,0.0,-107615352.0,-0.0,0.0,0.0,1.3936040501711995e+18,7.805,0.0,0,0,4,0,7116,0.0,100,0.0,0.0,0.0,0.0,0.0,0,0,0,0,0.0,0,0,0,0,0,0,0,0,0,0,0,0,0,0,0,0,0,0,0,0,0,0,0,0,0,0,0,0,0,0,0,0,0,31,40,40,71,65476,0,300,0,0,8,21553,0.0,-107605600.0,0.0,0.0,0.0,0.0,0.0,0.0,0.0,0.0,0.0,0.0,0.0,0.0,0.0,0.0,0.0,0.0,0.0,0.0,0.0,0.0,-2.004,0.0,0.0,0.0,0.0,0.0,0.0,0.0,4512.0,0.0,6915.0,0.0,0.0,-0.0,-0.0,0.0,0.0,0.0,0.0,69,-0.0,-0.0,0.0,0.0,0.0,0.0,0.0,0.0,0.0,0,0,0,0.0,0.0,0.0,0.0,0.0,0.0,0.0,0.0,0.0,0.0,0.0,0.0,0.0,0.0,0.0,0.0,0,-107875648.0,69,0.0,138,0.0,-100793952.0,0,13107,17085,39322,17098,52429,17078,0,0,0,70,68,100,0.0,82.2,2.730238278947072e+23,77.8,-0.0,78.5,1,49,50,180,52429,13107,0,0,0.0,0.0,0.0,0.0,-0.0,67.0,0.0,162057.094,0.0,969,0,991,0,0,0,946,0,1013,0,914,0,788,0,777,0,821,0,7520,0.032,2.0032011142543966e+19,0.0,0.0,784,16797,-0.0,162057.094,-114818.039,-0.0,0.133,6.909358625270745e+28,30.0,70.0,35,0.0,0.0,0.0,0.0,0.0,0.0,0.0,0.0,0.0,0.0,0.0,0.0,0.0,0.0,0.0,0.0,66.4,0,150,71,51,65476,0,300,0,0,8,20529,65476,0,0,44564,70.0,0.0,0.0,0.0,0.0,0.0
2026-09-10T21:50:26,ERR,ERR,ERR,ERR,ERR,ERR,ERR,ERR,ERR,ERR,ERR,ERR,ERR,ERR,ERR,ERR,ERR,ERR,ERR,ERR,ERR,ERR,ERR,ERR,ERR,ERR,ERR,ERR,ERR,ERR,ERR,ERR,ERR,ERR,ERR,ERR,ERR,ERR,ERR,ERR,ERR,ERR,ERR,ERR,ERR,ERR,ERR,ERR,ERR,ERR,ERR,ERR,ERR,ERR,ERR,ERR,ERR,ERR,ERR,ERR,ERR,ERR,ERR,ERR,ERR,ERR,ERR,ERR,ERR,ERR,ERR,ERR,ERR,ERR,ERR,ERR,ERR,ERR,ERR,ERR,ERR,ERR,ERR,ERR,ERR,ERR,ERR,ERR,ERR,ERR,ERR,ERR,ERR,ERR,ERR,ERR,ERR,ERR,ERR,ERR,ERR,ERR,ERR,ERR,ERR,ERR,ERR,ERR,ERR,ERR,ERR,ERR,ERR,ERR,ERR,ERR,ERR,ERR,ERR,ERR,ERR,ERR,ERR,ERR,ERR,0.0,-107615352.0,-0.0,0.0,0.0,1.3936040501711995e+18,7.805,0.0,0,0,4,0,7116,0.0,100,0.0,0.0,0.0,0.0,0.0,0,0,0,0,0.0,0,0,0,0,0,0,0,0,0,0,0,0,0,0,0,0,0,0,0,0,0,0,0,0,0,0,0,0,0,0,0,0,0,31,40,40,71,65476,0,300,0,0,8,21553,0.0,-107605600.0,0.0,0.0,0.0,0.0,0.0,0.0,0.0,0.0,0.0,0.0,0.0,0.0,0.0,0.0,0.0,0.0,0.0,0.0,0.0,0.0,-2.004,0.0,0.0,0.0,0.0,0.0,0.0,0.0,4512.0,0.0,6915.0,0.0,0.0,-0.0,-0.0,0.0,0.0,0.0,0.0,69,-0.0,-0.0,0.0,0.0,0.0,0.0,0.0,0.0,0.0,0,0,0,0.0,0.0,0.0,0.0,0.0,0.0,0.0,0.0,0.0,0.0,0.0,0.0,0.0,0.0,0.0,0.0,0,-107875648.0,69,0.0,138,0.0,-100793952.0,0,13107,17085,39322,17098,52429,17078,0,0,0,70,68,100,0.0,82.2,2.730238278947072e+23,77.8,-0.0,78.5,1,49,50,180,52429,13107,0,0,0.0,0.0,0.0,0.0,-0.0,67.0,0.0,162057.094,0.0,969,0,991,0,0,0,946,0,1013,0,914,0,788,0,777,0,821,0,7520,0.032,2.0032011142543966e+19,0.0,0.0,784,16797,-0.0,162057.094,-114818.039,-0.0,0.133,6.909358625270745e+28,30.0,70.0,35,0.0,0.0,0.0,0.0,0.0,0.0,0.0,0.0,0.0,0.0,0.0,0.0,0.0,0.0,0.0,0.0,66.4,0,150,71,51,65476,0,300,0,0,8,20529,65476,0,0,44564,70.0,0.0,0.0,0.0,0.0,0.0
2026-09-10T21:50:27,ERR,ERR,ERR,ERR,ERR,ERR,ERR,ERR,ERR,ERR,ERR,ERR,ERR,ERR,ERR,ERR,ERR,ERR,ERR,ERR,ERR,ERR,ERR,ERR,ERR,ERR,ERR,ERR,ERR,ERR,ERR,ERR,ERR,ERR,ERR,ERR,ERR,ERR,ERR,ERR,ERR,ERR,ERR,ERR,ERR,ERR,ERR,ERR,ERR,ERR,ERR,ERR,ERR,ERR,ERR,ERR,ERR,ERR,ERR,ERR,ERR,ERR,ERR,ERR,ERR,ERR,ERR,ERR,ERR,ERR,ERR,ERR,ERR,ERR,ERR,ERR,ERR,ERR,ERR,ERR,ERR,ERR,ERR,ERR,ERR,ERR,ERR,ERR,ERR,ERR,ERR,ERR,ERR,ERR,ERR,ERR,ERR,ERR,ERR,ERR,ERR,ERR,ERR,ERR,ERR,ERR,ERR,ERR,ERR,ERR,ERR,ERR,ERR,ERR,ERR,ERR,ERR,ERR,ERR,ERR,ERR,ERR,ERR,ERR,ERR,0.0,-107615352.0,-0.0,0.0,0.0,1.3936040501711995e+18,7.805,0.0,0,0,4,0,7116,0.0,100,0.0,0.0,0.0,0.0,0.0,0,0,0,0,0.0,0,0,0,0,0,0,0,0,0,0,0,0,0,0,0,0,0,0,0,0,0,0,0,0,0,0,0,0,0,0,0,0,0,31,40,40,71,65476,0,300,0,0,8,21553,0.0,-107605600.0,0.0,0.0,0.0,0.0,0.0,0.0,0.0,0.0,0.0,0.0,0.0,0.0,0.0,0.0,0.0,0.0,0.0,0.0,0.0,0.0,-2.004,0.0,0.0,0.0,0.0,0.0,0.0,0.0,4512.0,0.0,6915.0,0.0,0.0,-0.0,-0.0,0.0,0.0,0.0,0.0,69,-0.0,-0.0,0.0,0.0,0.0,0.0,0.0,0.0,0.0,0,0,0,0.0,0.0,0.0,0.0,0.0,0.0,0.0,0.0,0.0,0.0,0.0,0.0,0.0,0.0,0.0,0.0,0,-107875648.0,69,0.0,138,0.0,-100793952.0,0,13107,17085,39322,17098,52429,17078,0,0,0,70,68,100,0.0,82.2,2.730238278947072e+23,77.8,-0.0,78.5,1,49,50,180,52429,13107,0,0,0.0,0.0,0.0,0.0,-0.0,67.0,0.0,162057.094,0.0,969,0,991,0,0,0,946,0,1013,0,915,0,787,0,778,0,821,0,7520,0.032,2.0176126330619822e+19,0.0,0.0,784,16797,-0.0,162057.094,-114818.039,-0.0,0.133,6.909358625270745e+28,30.0,70.0,35,0.0,0.0,0.0,0.0,0.0,0.0,0.0,0.0,0.0,0.0,0.0,0.0,0.0,0.0,0.0,0.0,66.4,0,150,71,51,65476,0,300,0,0,8,20529,65476,0,0,44564,70.0,0.0,0.0,0.0,0.0,0.0
2026-09-10T21:50:28,ERR,ERR,ERR,ERR,ERR,ERR,ERR,ERR,ERR,ERR,ERR,ERR,ERR,ERR,ERR,ERR,ERR,ERR,ERR,ERR,ERR,ERR,ERR,ERR,ERR,ERR,ERR,ERR,ERR,ERR,ERR,ERR,ERR,ERR,ERR,ERR,ERR,ERR,ERR,ERR,ERR,ERR,ERR,ERR,ERR,ERR,ERR,ERR,ERR,ERR,ERR,ERR,ERR,ERR,ERR,ERR,ERR,ERR,ERR,ERR,ERR,ERR,ERR,ERR,ERR,ERR,ERR,ERR,ERR,ERR,ERR,ERR,ERR,ERR,ERR,ERR,ERR,ERR,ERR,ERR,ERR,ERR,ERR,ERR,ERR,ERR,ERR,ERR,ERR,ERR,ERR,ERR,ERR,ERR,ERR,ERR,ERR,ERR,ERR,ERR,ERR,ERR,ERR,ERR,ERR,ERR,ERR,ERR,ERR,ERR,ERR,ERR,ERR,ERR,ERR,ERR,ERR,ERR,ERR,ERR,ERR,ERR,ERR,ERR,ERR,0.0,-107615352.0,-0.0,0.0,0.0,1.3936040501711995e+18,7.805,0.0,0,0,4,0,7116,0.0,100,0.0,0.0,0.0,0.0,0.0,0,0,0,0,0.0,0,0,0,0,0,0,0,0,0,0,0,0,0,0,0,0,0,0,0,0,0,0,0,0,0,0,0,0,0,0,0,0,0,31,40,40,71,65476,0,300,0,0,8,21553,0.0,-107605600.0,0.0,0.0,0.0,0.0,0.0,0.0,0.0,0.0,0.0,0.0,0.0,0.0,0.0,0.0,0.0,0.0,0.0,0.0,0.0,0.0,-2.004,0.0,0.0,0.0,0.0,0.0,0.0,0.0,4512.0,0.0,6915.0,0.0,0.0,-0.0,-0.0,0.0,0.0,0.0,0.0,69,-0.0,-0.0,0.0,0.0,0.0,0.0,0.0,0.0,0.0,0,0,0,0.0,0.0,0.0,0.0,0.0,0.0,0.0,0.0,0.0,0.0,0.0,0.0,0.0,0.0,0.0,0.0,0,-107875648.0,69,0.0,138,0.0,-100793952.0,0,13107,17085,39322,17098,52429,17078,0,0,0,70,68,100,0.0,82.2,2.730238278947072e+23,77.8,-0.0,78.5,1,49,50,180,52429,13107,0,0,0.0,0.0,0.0,0.0,-0.0,67.0,0.0,162057.094,0.0,969,0,991,0,0,0,946,0,1013,0,915,0,787,0,778,0,821,0,7520,0.032,2.0176126330619822e+19,0.0,0.0,784,16797,-0.0,162057.094,-114818.039,-0.0,0.133,6.909358625270745e+28,30.0,70.0,35,0.0,0.0,0.0,0.0,0.0,0.0,0.0,0.0,0.0,0.0,0.0,0.0,0.0,0.0,0.0,0.0,66.4,0,150,71,51,65476,0,300,0,0,8,20529,65476,0,0,44564,70.0,0.0,0.0,0.0,0.0,0.0
2026-09-10T21:50:29,ERR,ERR,ERR,ERR,ERR,ERR,ERR,ERR,ERR,ERR,ERR,ERR,ERR,ERR,ERR,ERR,ERR,ERR,ERR,ERR,ERR,ERR,ERR,ERR,ERR,ERR,ERR,ERR,ERR,ERR,ERR,ERR,ERR,ERR,ERR,ERR,ERR,ERR,ERR,ERR,ERR,ERR,ERR,ERR,ERR,ERR,ERR,ERR,ERR,ERR,ERR,ERR,ERR,ERR,ERR,ERR,ERR,ERR,ERR,ERR,ERR,ERR,ERR,ERR,ERR,ERR,ERR,ERR,ERR,ERR,ERR,ERR,ERR,ERR,ERR,ERR,ERR,ERR,ERR,ERR,ERR,ERR,ERR,ERR,ERR,ERR,ERR,ERR,ERR,ERR,ERR,ERR,ERR,ERR,ERR,ERR,ERR,ERR,ERR,ERR,ERR,ERR,ERR,ERR,ERR,ERR,ERR,ERR,ERR,ERR,ERR,ERR,ERR,ERR,ERR,ERR,ERR,ERR,ERR,ERR,ERR,ERR,ERR,ERR,ERR,0.0,-107615352.0,-0.0,0.0,0.0,1.3936040501711995e+18,7.805,0.0,0,0,4,0,7116,0.0,100,0.0,0.0,0.0,0.0,0.0,0,0,0,0,0.0,0,0,0,0,0,0,0,0,0,0,0,0,0,0,0,0,0,0,0,0,0,0,0,0,0,0,0,0,0,0,0,0,0,31,40,40,71,65476,0,300,0,0,8,21553,0.0,-107605600.0,0.0,0.0,0.0,0.0,0.0,0.0,0.0,0.0,0.0,0.0,0.0,0.0,0.0,0.0,0.0,0.0,0.0,0.0,0.0,0.0,-2.004,0.0,0.0,0.0,0.0,0.0,0.0,0.0,4512.0,0.0,6915.0,0.0,0.0,-0.0,-0.0,0.0,0.0,0.0,0.0,69,-0.0,-0.0,0.0,0.0,0.0,0.0,0.0,0.0,0.0,0,0,0,0.0,0.0,0.0,0.0,0.0,0.0,0.0,0.0,0.0,0.0,0.0,0.0,0.0,0.0,0.0,0.0,0,-107875648.0,69,0.0,138,0.0,-100793952.0,0,13107,17085,39322,17098,52429,17078,0,0,0,70,68,100,0.0,82.2,2.730238278947072e+23,77.8,-0.0,78.5,1,49,50,180,52429,13107,0,0,0.0,0.0,0.0,0.0,-0.0,67.0,0.0,162057.094,0.0,969,0,991,0,0,0,946,0,1013,0,915,0,787,0,778,0,821,0,7520,0.032,2.0176126330619822e+19,0.0,0.0,784,16797,-0.0,162057.094,-114818.039,-0.0,0.133,6.909358625270745e+28,30.0,70.0,35,0.0,0.0,0.0,0.0,0.0,0.0,0.0,0.0,0.0,0.0,0.0,0.0,0.0,0.0,0.0,0.0,66.4,0,150,71,51,65476,0,300,0,0,8,20529,65476,0,0,44564,70.0,0.0,0.0,0.0,0.0,0.0
2026-09-10T21:50:30,ERR,ERR,ERR,ERR,ERR,ERR,ERR,ERR,ERR,ERR,ERR,ERR,ERR,ERR,ERR,ERR,ERR,ERR,ERR,ERR,ERR,ERR,ERR,ERR,ERR,ERR,ERR,ERR,ERR,ERR,ERR,ERR,ERR,ERR,ERR,ERR,ERR,ERR,ERR,ERR,ERR,ERR,ERR,ERR,ERR,ERR,ERR,ERR,ERR,ERR,ERR,ERR,ERR,ERR,ERR,ERR,ERR,ERR,ERR,ERR,ERR,ERR,ERR,ERR,ERR,ERR,ERR,ERR,ERR,ERR,ERR,ERR,ERR,ERR,ERR,ERR,ERR,ERR,ERR,ERR,ERR,ERR,ERR,ERR,ERR,ERR,ERR,ERR,ERR,ERR,ERR,ERR,ERR,ERR,ERR,ERR,ERR,ERR,ERR,ERR,ERR,ERR,ERR,ERR,ERR,ERR,ERR,ERR,ERR,ERR,ERR,ERR,ERR,ERR,ERR,ERR,ERR,ERR,ERR,ERR,ERR,ERR,ERR,ERR,ERR,0.0,-107615352.0,-0.0,0.0,0.0,1.3936040501711995e+18,7.805,0.0,0,0,4,0,7116,0.0,100,0.0,0.0,0.0,0.0,0.0,0,0,0,0,0.0,0,0,0,0,0,0,0,0,0,0,0,0,0,0,0,0,0,0,0,0,0,0,0,0,0,0,0,0,0,0,0,0,0,31,40,40,71,65476,0,300,0,0,8,21553,0.0,-107605600.0,0.0,0.0,0.0,0.0,0.0,0.0,0.0,0.0,0.0,0.0,0.0,0.0,0.0,0.0,0.0,0.0,0.0,0.0,0.0,0.0,-2.004,0.0,0.0,0.0,0.0,0.0,0.0,0.0,4512.0,0.0,6915.0,0.0,0.0,-0.0,-0.0,0.0,0.0,0.0,0.0,69,-0.0,-0.0,0.0,0.0,0.0,0.0,0.0,0.0,0.0,0,0,0,0.0,0.0,0.0,0.0,0.0,0.0,0.0,0.0,0.0,0.0,0.0,0.0,0.0,0.0,0.0,0.0,0,-107875648.0,69,0.0,138,0.0,-100793952.0,0,13107,17085,39322,17098,52429,17078,0,0,0,70,68,100,0.0,82.2,2.730238278947072e+23,77.8,-0.0,78.5,1,49,50,180,52429,13107,0,0,0.0,0.0,0.0,0.0,-0.0,67.0,0.0,162057.094,0.0,969,0,991,0,0,0,946,0,1013,0,915,0,787,0,778,0,821,0,7520,0.032,2.0176126330619822e+19,0.0,0.0,784,16797,-0.0,162057.094,-114818.039,-0.0,0.133,6.909358625270745e+28,30.0,70.0,35,0.0,0.0,0.0,0.0,0.0,0.0,0.0,0.0,0.0,0.0,0.0,0.0,0.0,0.0,0.0,0.0,66.4,0,150,71,51,65476,0,300,0,0,8,20529,65476,0,0,44564,70.0,0.0,0.0,0.0,0.0,0.0
2026-09-10T21:50:31,ERR,ERR,ERR,ERR,ERR,ERR,ERR,ERR,ERR,ERR,ERR,ERR,ERR,ERR,ERR,ERR,ERR,ERR,ERR,ERR,ERR,ERR,ERR,ERR,ERR,ERR,ERR,ERR,ERR,ERR,ERR,ERR,ERR,ERR,ERR,ERR,ERR,ERR,ERR,ERR,ERR,ERR,ERR,ERR,ERR,ERR,ERR,ERR,ERR,ERR,ERR,ERR,ERR,ERR,ERR,ERR,ERR,ERR,ERR,ERR,ERR,ERR,ERR,ERR,ERR,ERR,ERR,ERR,ERR,ERR,ERR,ERR,ERR,ERR,ERR,ERR,ERR,ERR,ERR,ERR,ERR,ERR,ERR,ERR,ERR,ERR,ERR,ERR,ERR,ERR,ERR,ERR,ERR,ERR,ERR,ERR,ERR,ERR,ERR,ERR,ERR,ERR,ERR,ERR,ERR,ERR,ERR,ERR,ERR,ERR,ERR,ERR,ERR,ERR,ERR,ERR,ERR,ERR,ERR,ERR,ERR,ERR,ERR,ERR,ERR,0.0,-107615352.0,-0.0,0.0,0.0,1.3936040501711995e+18,7.805,0.0,0,0,4,0,7116,0.0,100,0.0,0.0,0.0,0.0,0.0,0,0,0,0,0.0,0,0,0,0,0,0,0,0,0,0,0,0,0,0,0,0,0,0,0,0,0,0,0,0,0,0,0,0,0,0,0,0,0,31,40,40,71,65476,0,300,0,0,8,21553,0.0,-107605600.0,0.0,0.0,0.0,0.0,0.0,0.0,0.0,0.0,0.0,0.0,0.0,0.0,0.0,0.0,0.0,0.0,0.0,0.0,0.0,0.0,-2.004,0.0,0.0,0.0,0.0,0.0,0.0,0.0,4512.0,0.0,6915.0,0.0,0.0,-0.0,-0.0,0.0,0.0,0.0,0.0,69,-0.0,-0.0,0.0,0.0,0.0,0.0,0.0,0.0,0.0,0,0,0,0.0,0.0,0.0,0.0,0.0,0.0,0.0,0.0,0.0,0.0,0.0,0.0,0.0,0.0,0.0,0.0,0,-107875648.0,69,0.0,138,0.0,-100793952.0,0,13107,17085,39322,17098,52429,17078,0,0,0,70,68,100,0.0,82.2,2.730238278947072e+23,77.8,-0.0,78.5,1,49,50,180,52429,13107,0,0,0.0,0.0,0.0,0.0,-0.0,67.0,0.0,162057.094,0.0,969,0,991,0,0,0,946,0,1013,0,915,0,787,0,778,0,821,0,7520,0.032,2.0176126330619822e+19,0.0,0.0,784,16797,-0.0,162057.094,-114818.039,-0.0,0.133,6.909358625270745e+28,30.0,70.0,35,0.0,0.0,0.0,0.0,0.0,0.0,0.0,0.0,0.0,0.0,0.0,0.0,0.0,0.0,0.0,0.0,66.4,0,150,71,51,65476,0,300,0,0,8,20529,65476,0,0,44564,70.0,0.0,0.0,0.0,0.0,0.0
2026-09-10T21:50:32,ERR,ERR,ERR,ERR,ERR,ERR,ERR,ERR,ERR,ERR,ERR,ERR,ERR,ERR,ERR,ERR,ERR,ERR,ERR,ERR,ERR,ERR,ERR,ERR,ERR,ERR,ERR,ERR,ERR,ERR,ERR,ERR,ERR,ERR,ERR,ERR,ERR,ERR,ERR,ERR,ERR,ERR,ERR,ERR,ERR,ERR,ERR,ERR,ERR,ERR,ERR,ERR,ERR,ERR,ERR,ERR,ERR,ERR,ERR,ERR,ERR,ERR,ERR,ERR,ERR,ERR,ERR,ERR,ERR,ERR,ERR,ERR,ERR,ERR,ERR,ERR,ERR,ERR,ERR,ERR,ERR,ERR,ERR,ERR,ERR,ERR,ERR,ERR,ERR,ERR,ERR,ERR,ERR,ERR,ERR,ERR,ERR,ERR,ERR,ERR,ERR,ERR,ERR,ERR,ERR,ERR,ERR,ERR,ERR,ERR,ERR,ERR,ERR,ERR,ERR,ERR,ERR,ERR,ERR,ERR,ERR,ERR,ERR,ERR,ERR,0.0,0.0,0.0,0.0,0.0,1.3936040501711995e+18,7.805,0.0,0,0,4,0,7116,0.0,100,0.0,0.0,0.0,0.0,0.0,0,0,0,0,0.0,0,0,0,0,0,0,0,0,0,0,0,0,0,0,0,0,0,0,0,0,0,0,0,0,0,0,0,0,0,0,0,0,0,31,40,40,71,65476,0,300,0,0,8,21553,0.0,-107605600.0,0.0,0.0,0.0,0.0,0.0,0.0,0.0,0.0,0.0,0.0,0.0,0.0,0.0,0.0,0.0,0.0,0.0,0.0,0.0,0.0,-2.004,0.0,0.0,0.0,0.0,0.0,0.0,0.0,4519.0,0.0,6915.0,0.0,0.0,-0.0,-0.0,0.0,0.0,0.0,0.0,69,-0.0,-0.0,0.0,0.0,0.0,0.0,0.0,0.0,0.0,0,0,0,0.0,0.0,0.0,0.0,0.0,0.0,0.0,0.0,0.0,0.0,0.0,0.0,0.0,0.0,0.0,0.0,0,-107875648.0,69,0.0,138,0.0,-100793952.0,0,13107,17085,39322,17098,52429,17078,0,0,0,70,68,100,0.0,82.2,2.730238278947072e+23,77.8,-0.0,78.5,1,49,50,180,52429,13107,0,0,0.0,0.0,0.0,0.0,-0.0,67.0,0.0,162057.094,0.0,969,0,991,0,0,0,946,0,1013,0,915,0,787,0,778,0,821,0,7520,0.032,2.0176126330619822e+19,0.0,0.0,784,16797,-0.0,162057.094,-114818.039,-0.0,0.133,6.909358625270745e+28,30.0,70.0,35,0.0,0.0,0.0,0.0,0.0,0.0,0.0,0.0,0.0,0.0,0.0,0.0,0.0,0.0,0.0,0.0,66.4,0,150,71,51,65476,0,300,0,0,8,20529,65476,0,0,44564,70.0,0.0,0.0,0.0,0.0,0.0
2026-09-10T21:50:33,ERR,ERR,ERR,ERR,ERR,ERR,ERR,ERR,ERR,ERR,ERR,ERR,ERR,ERR,ERR,ERR,ERR,ERR,ERR,ERR,ERR,ERR,ERR,ERR,ERR,ERR,ERR,ERR,ERR,ERR,ERR,ERR,ERR,ERR,ERR,ERR,ERR,ERR,ERR,ERR,ERR,ERR,ERR,ERR,ERR,ERR,ERR,ERR,ERR,ERR,ERR,ERR,ERR,ERR,ERR,ERR,ERR,ERR,ERR,ERR,ERR,ERR,ERR,ERR,ERR,ERR,ERR,ERR,ERR,ERR,ERR,ERR,ERR,ERR,ERR,ERR,ERR,ERR,ERR,ERR,ERR,ERR,ERR,ERR,ERR,ERR,ERR,ERR,ERR,ERR,ERR,ERR,ERR,ERR,ERR,ERR,ERR,ERR,ERR,ERR,ERR,ERR,ERR,ERR,ERR,ERR,ERR,ERR,ERR,ERR,ERR,ERR,ERR,ERR,ERR,ERR,ERR,ERR,ERR,ERR,ERR,ERR,ERR,ERR,ERR,0.0,0.0,0.0,0.0,0.0,1.3936040501711995e+18,7.805,0.0,0,0,4,0,7116,0.0,100,0.0,0.0,0.0,0.0,0.0,0,0,0,0,0.0,0,0,0,0,0,0,0,0,0,0,0,0,0,0,0,0,0,0,0,0,0,0,0,0,0,0,0,0,0,0,0,0,0,31,40,40,71,65476,0,300,0,0,8,21553,0.0,-107605600.0,0.0,0.0,0.0,0.0,0.0,0.0,0.0,0.0,0.0,0.0,0.0,0.0,0.0,0.0,0.0,0.0,0.0,0.0,0.0,0.0,-2.004,0.0,0.0,0.0,0.0,0.0,0.0,0.0,4519.0,0.0,6915.0,0.0,0.0,-0.0,-0.0,0.0,0.0,0.0,0.0,69,-0.0,-0.0,0.0,0.0,0.0,0.0,0.0,0.0,0.0,0,0,0,0.0,0.0,0.0,0.0,0.0,0.0,0.0,0.0,0.0,0.0,0.0,0.0,0.0,0.0,0.0,0.0,0,-107875648.0,69,0.0,138,0.0,-100793952.0,0,13107,17085,39322,17098,0,17079,0,0,0,70,68,100,0.0,82.2,2.730238278947072e+23,77.8,-0.0,78.5,1,49,50,180,52429,13107,0,0,0.0,0.0,0.0,0.0,-0.0,67.0,0.0,162057.094,0.0,969,0,991,0,0,0,946,0,1013,0,915,0,787,0,777,0,821,0,7520,0.032,2.0032011142543966e+19,0.0,0.0,784,16797,-0.0,162057.094,-114818.039,-0.0,0.133,6.909358625270745e+28,30.0,70.0,35,0.0,0.0,0.0,0.0,0.0,0.0,0.0,0.0,0.0,0.0,0.0,0.0,0.0,0.0,0.0,0.0,66.4,0,150,71,51,65476,0,300,0,0,8,20529,65476,0,0,44564,70.0,0.0,0.0,0.0,0.0,0.0
2026-09-10T21:50:34,ERR,ERR,ERR,ERR,ERR,ERR,ERR,ERR,ERR,ERR,ERR,ERR,ERR,ERR,ERR,ERR,ERR,ERR,ERR,ERR,ERR,ERR,ERR,ERR,ERR,ERR,ERR,ERR,ERR,ERR,ERR,ERR,ERR,ERR,ERR,ERR,ERR,ERR,ERR,ERR,ERR,ERR,ERR,ERR,ERR,ERR,ERR,ERR,ERR,ERR,ERR,ERR,ERR,ERR,ERR,ERR,ERR,ERR,ERR,ERR,ERR,ERR,ERR,ERR,ERR,ERR,ERR,ERR,ERR,ERR,ERR,ERR,ERR,ERR,ERR,ERR,ERR,ERR,ERR,ERR,ERR,ERR,ERR,ERR,ERR,ERR,ERR,ERR,ERR,ERR,ERR,ERR,ERR,ERR,ERR,ERR,ERR,ERR,ERR,ERR,ERR,ERR,ERR,ERR,ERR,ERR,ERR,ERR,ERR,ERR,ERR,ERR,ERR,ERR,ERR,ERR,ERR,ERR,ERR,ERR,ERR,ERR,ERR,ERR,ERR,0.0,0.0,0.0,0.0,0.0,1.3936040501711995e+18,7.805,0.0,0,0,4,0,7116,0.0,100,0.0,0.0,0.0,0.0,0.0,0,0,0,0,0.0,0,0,0,0,0,0,0,0,0,0,0,0,0,0,0,0,0,0,0,0,0,0,0,0,0,0,0,0,0,0,0,0,0,31,40,40,71,65476,0,300,0,0,8,21553,0.0,-107605600.0,0.0,0.0,0.0,0.0,0.0,0.0,0.0,0.0,0.0,0.0,0.0,0.0,0.0,0.0,0.0,0.0,0.0,0.0,0.0,0.0,-2.004,0.0,0.0,0.0,0.0,0.0,0.0,0.0,4519.0,0.0,6915.0,0.0,0.0,-0.0,-0.0,0.0,0.0,0.0,0.0,69,-0.0,-0.0,0.0,0.0,0.0,0.0,0.0,0.0,0.0,0,0,0,0.0,0.0,0.0,0.0,0.0,0.0,0.0,0.0,0.0,0.0,0.0,0.0,0.0,0.0,0.0,0.0,0,-107875648.0,69,0.0,138,0.0,-100793952.0,0,13107,17085,39322,17098,0,17079,0,0,0,70,68,100,0.0,82.2,2.730238278947072e+23,77.8,-0.0,78.5,1,49,50,180,52429,13107,0,0,0.0,0.0,0.0,0.0,-0.0,67.0,0.0,162057.094,0.0,969,0,991,0,0,0,946,0,1013,0,915,0,787,0,777,0,821,0,7520,0.032,2.0032011142543966e+19,0.0,0.0,784,16797,-0.0,162057.094,-114818.039,-0.0,0.133,6.909358625270745e+28,30.0,70.0,35,0.0,0.0,0.0,0.0,0.0,0.0,0.0,0.0,0.0,0.0,0.0,0.0,0.0,0.0,0.0,0.0,66.4,0,150,71,51,65476,0,300,0,0,8,20529,65476,0,0,44564,70.0,0.0,0.0,0.0,0.0,0.0
2026-09-10T21:50:35,ERR,ERR,ERR,ERR,ERR,ERR,ERR,ERR,ERR,ERR,ERR,ERR,ERR,ERR,ERR,ERR,ERR,ERR,ERR,ERR,ERR,ERR,ERR,ERR,ERR,ERR,ERR,ERR,ERR,ERR,ERR,ERR,ERR,ERR,ERR,ERR,ERR,ERR,ERR,ERR,ERR,ERR,ERR,ERR,ERR,ERR,ERR,ERR,ERR,ERR,ERR,ERR,ERR,ERR,ERR,ERR,ERR,ERR,ERR,ERR,ERR,ERR,ERR,ERR,ERR,ERR,ERR,ERR,ERR,ERR,ERR,ERR,ERR,ERR,ERR,ERR,ERR,ERR,ERR,ERR,ERR,ERR,ERR,ERR,ERR,ERR,ERR,ERR,ERR,ERR,ERR,ERR,ERR,ERR,ERR,ERR,ERR,ERR,ERR,ERR,ERR,ERR,ERR,ERR,ERR,ERR,ERR,ERR,ERR,ERR,ERR,ERR,ERR,ERR,ERR,ERR,ERR,ERR,ERR,ERR,ERR,ERR,ERR,ERR,ERR,0.0,0.0,0.0,0.0,0.0,1.3936040501711995e+18,7.805,0.0,0,0,4,0,7116,0.0,100,0.0,0.0,0.0,0.0,0.0,0,0,0,0,0.0,0,0,0,0,0,0,0,0,0,0,0,0,0,0,0,0,0,0,0,0,0,0,0,0,0,0,0,0,0,0,0,0,0,31,40,40,71,65476,0,300,0,0,8,21553,0.0,-107605600.0,0.0,0.0,0.0,0.0,0.0,0.0,0.0,0.0,0.0,0.0,0.0,0.0,0.0,0.0,0.0,0.0,0.0,0.0,0.0,0.0,-2.004,0.0,0.0,0.0,0.0,0.0,0.0,0.0,4519.0,0.0,6915.0,0.0,0.0,-0.0,-0.0,0.0,0.0,0.0,0.0,69,-0.0,-0.0,0.0,0.0,0.0,0.0,0.0,0.0,0.0,0,0,0,0.0,0.0,0.0,0.0,0.0,0.0,0.0,0.0,0.0,0.0,0.0,0.0,0.0,0.0,0.0,0.0,0,-107875648.0,69,0.0,138,0.0,-100793952.0,0,13107,17085,39322,17098,0,17079,0,0,0,70,68,100,0.0,82.2,2.730238278947072e+23,77.8,-0.0,78.5,1,49,50,180,52429,13107,0,0,0.0,0.0,0.0,0.0,-0.0,67.0,0.0,162057.094,0.0,969,0,991,0,0,0,946,0,1013,0,915,0,787,0,777,0,821,0,7520,0.032,2.0032011142543966e+19,0.0,0.0,784,16797,-0.0,162057.094,-114818.039,-0.0,0.133,6.909358625270745e+28,30.0,70.0,35,0.0,0.0,0.0,0.0,0.0,0.0,0.0,0.0,0.0,0.0,0.0,0.0,0.0,0.0,0.0,0.0,66.4,0,150,71,51,65476,0,300,0,0,8,20529,65476,0,0,44564,70.0,0.0,0.0,0.0,0.0,0.0
2026-09-10T21:50:36,ERR,ERR,ERR,ERR,ERR,ERR,ERR,ERR,ERR,ERR,ERR,ERR,ERR,ERR,ERR,ERR,ERR,ERR,ERR,ERR,ERR,ERR,ERR,ERR,ERR,ERR,ERR,ERR,ERR,ERR,ERR,ERR,ERR,ERR,ERR,ERR,ERR,ERR,ERR,ERR,ERR,ERR,ERR,ERR,ERR,ERR,ERR,ERR,ERR,ERR,ERR,ERR,ERR,ERR,ERR,ERR,ERR,ERR,ERR,ERR,ERR,ERR,ERR,ERR,ERR,ERR,ERR,ERR,ERR,ERR,ERR,ERR,ERR,ERR,ERR,ERR,ERR,ERR,ERR,ERR,ERR,ERR,ERR,ERR,ERR,ERR,ERR,ERR,ERR,ERR,ERR,ERR,ERR,ERR,ERR,ERR,ERR,ERR,ERR,ERR,ERR,ERR,ERR,ERR,ERR,ERR,ERR,ERR,ERR,ERR,ERR,ERR,ERR,ERR,ERR,ERR,ERR,ERR,ERR,ERR,ERR,ERR,ERR,ERR,ERR,0.0,0.0,0.0,0.0,0.0,1.3936040501711995e+18,7.805,0.0,0,0,4,0,7116,0.0,100,0.0,0.0,0.0,0.0,0.0,0,0,0,0,0.0,0,0,0,0,0,0,0,0,0,0,0,0,0,0,0,0,0,0,0,0,0,0,0,0,0,0,0,0,0,0,0,0,0,31,40,40,71,65476,0,300,0,0,8,21553,0.0,-107605600.0,0.0,0.0,0.0,0.0,0.0,0.0,0.0,0.0,0.0,0.0,0.0,0.0,0.0,0.0,0.0,0.0,0.0,0.0,0.0,0.0,-2.004,0.0,0.0,0.0,0.0,0.0,0.0,0.0,4519.0,0.0,6915.0,0.0,0.0,-0.0,-0.0,0.0,0.0,0.0,0.0,69,-0.0,-0.0,0.0,0.0,0.0,0.0,0.0,0.0,0.0,0,0,0,0.0,0.0,0.0,0.0,0.0,0.0,0.0,0.0,0.0,0.0,0.0,0.0,0.0,0.0,0.0,0.0,0,-107875648.0,69,0.0,138,0.0,-100793952.0,0,13107,17085,39322,17098,0,17079,0,0,0,70,68,100,0.0,82.2,2.730238278947072e+23,77.8,-0.0,78.5,1,49,50,180,52429,13107,0,0,0.0,0.0,0.0,0.0,-0.0,67.0,0.0,162057.094,0.0,969,0,991,0,0,0,946,0,1013,0,915,0,787,0,777,0,821,0,7520,0.032,2.0032011142543966e+19,0.0,0.0,784,16797,-0.0,162057.094,-114818.039,-0.0,0.133,6.909358625270745e+28,30.0,70.0,35,0.0,0.0,0.0,0.0,0.0,0.0,0.0,0.0,0.0,0.0,0.0,0.0,0.0,0.0,0.0,0.0,66.4,0,150,71,51,65476,0,300,0,0,8,20529,65476,0,0,44564,70.0,0.0,0.0,0.0,0.0,0.0
2026-09-10T21:50:37,ERR,ERR,ERR,ERR,ERR,ERR,ERR,ERR,ERR,ERR,ERR,ERR,ERR,ERR,ERR,ERR,ERR,ERR,ERR,ERR,ERR,ERR,ERR,ERR,ERR,ERR,ERR,ERR,ERR,ERR,ERR,ERR,ERR,ERR,ERR,ERR,ERR,ERR,ERR,ERR,ERR,ERR,ERR,ERR,ERR,ERR,ERR,ERR,ERR,ERR,ERR,ERR,ERR,ERR,ERR,ERR,ERR,ERR,ERR,ERR,ERR,ERR,ERR,ERR,ERR,ERR,ERR,ERR,ERR,ERR,ERR,ERR,ERR,ERR,ERR,ERR,ERR,ERR,ERR,ERR,ERR,ERR,ERR,ERR,ERR,ERR,ERR,ERR,ERR,ERR,ERR,ERR,ERR,ERR,ERR,ERR,ERR,ERR,ERR,ERR,ERR,ERR,ERR,ERR,ERR,ERR,ERR,ERR,ERR,ERR,ERR,ERR,ERR,ERR,ERR,ERR,ERR,ERR,ERR,ERR,ERR,ERR,ERR,ERR,ERR,0.0,0.0,0.0,0.0,0.0,1.3936040501711995e+18,7.805,0.0,0,0,4,0,7116,0.0,100,0.0,0.0,0.0,0.0,0.0,0,0,0,0,0.0,0,0,0,0,0,0,0,0,0,0,0,0,0,0,0,0,0,0,0,0,0,0,0,0,0,0,0,0,0,0,0,0,0,31,40,40,71,65476,0,300,0,0,8,21553,0.0,-107605600.0,0.0,0.0,0.0,0.0,0.0,0.0,0.0,0.0,0.0,0.0,0.0,0.0,0.0,0.0,0.0,0.0,0.0,0.0,0.0,0.0,-2.004,0.0,0.0,0.0,0.0,0.0,0.0,0.0,4519.0,0.0,6915.0,0.0,0.0,-0.0,-0.0,0.0,0.0,0.0,0.0,69,-0.0,-0.0,0.0,0.0,0.0,0.0,0.0,0.0,0.0,0,0,0,0.0,0.0,0.0,0.0,0.0,0.0,0.0,0.0,0.0,0.0,0.0,0.0,0.0,0.0,0.0,0.0,0,-107875648.0,69,0.0,138,0.0,-100793952.0,0,13107,17085,39322,17098,0,17079,0,0,0,70,68,100,0.0,82.2,2.730238278947072e+23,77.8,-0.0,78.5,1,49,50,180,52429,13107,0,0,0.0,0.0,0.0,0.0,-0.0,67.0,0.0,162057.094,0.0,969,0,991,0,0,0,946,0,1013,0,915,0,787,0,777,0,821,0,7520,0.032,2.0032011142543966e+19,0.0,0.0,784,16797,-0.0,162057.094,-114818.039,-0.0,0.133,6.909358625270745e+28,30.0,70.0,35,0.0,0.0,0.0,0.0,0.0,0.0,0.0,0.0,0.0,0.0,0.0,0.0,0.0,0.0,0.0,0.0,66.4,0,150,71,51,65476,0,300,0,0,8,20529,65476,0,0,44564,70.0,0.0,0.0,0.0,0.0,0.0
2026-09-10T21:50:38,ERR,ERR,ERR,ERR,ERR,ERR,ERR,ERR,ERR,ERR,ERR,ERR,ERR,ERR,ERR,ERR,ERR,ERR,ERR,ERR,ERR,ERR,ERR,ERR,ERR,ERR,ERR,ERR,ERR,ERR,ERR,ERR,ERR,ERR,ERR,ERR,ERR,ERR,ERR,ERR,ERR,ERR,ERR,ERR,ERR,ERR,ERR,ERR,ERR,ERR,ERR,ERR,ERR,ERR,ERR,ERR,ERR,ERR,ERR,ERR,ERR,ERR,ERR,ERR,ERR,ERR,ERR,ERR,ERR,ERR,ERR,ERR,ERR,ERR,ERR,ERR,ERR,ERR,ERR,ERR,ERR,ERR,ERR,ERR,ERR,ERR,ERR,ERR,ERR,ERR,ERR,ERR,ERR,ERR,ERR,ERR,ERR,ERR,ERR,ERR,ERR,ERR,ERR,ERR,ERR,ERR,ERR,ERR,ERR,ERR,ERR,ERR,ERR,ERR,ERR,ERR,ERR,ERR,ERR,ERR,ERR,ERR,ERR,ERR,ERR,0.0,0.0,0.0,0.0,0.0,1.3936040501711995e+18,7.805,0.0,0,0,4,0,7116,0.0,100,0.0,0.0,0.0,0.0,0.0,0,0,0,0,0.0,0,0,0,0,0,0,0,0,0,0,0,0,0,0,0,0,0,0,0,0,0,0,0,0,0,0,0,0,0,0,0,0,0,31,40,40,71,65476,0,300,0,0,8,21553,0.0,-107605600.0,0.0,0.0,0.0,0.0,0.0,0.0,0.0,0.0,0.0,0.0,0.0,0.0,0.0,0.0,0.0,0.0,0.0,0.0,0.0,0.0,-2.004,0.0,0.0,0.0,0.0,0.0,0.0,0.0,4519.0,0.0,6915.0,0.0,0.0,-0.0,-0.0,0.0,0.0,0.0,0.0,69,-0.0,-0.0,0.0,0.0,0.0,0.0,0.0,0.0,0.0,0,0,0,0.0,0.0,0.0,0.0,0.0,0.0,0.0,0.0,0.0,0.0,0.0,0.0,0.0,0.0,0.0,0.0,0,-107875648.0,69,0.0,138,0.0,-100793952.0,0,13107,17085,39322,17098,0,17079,0,0,0,70,68,100,0.0,82.2,2.730238278947072e+23,77.8,-0.0,78.5,1,49,50,180,52429,13107,0,0,0.0,0.0,0.0,0.0,-0.0,67.0,0.0,162057.094,0.0,969,0,991,0,0,0,946,0,1013,0,915,0,787,0,777,0,821,0,7520,0.032,2.0032011142543966e+19,0.0,0.0,784,16797,-0.0,162057.094,-114818.039,-0.0,0.133,6.909358625270745e+28,30.0,70.0,35,0.0,0.0,0.0,0.0,0.0,0.0,0.0,0.0,0.0,0.0,0.0,0.0,0.0,0.0,0.0,0.0,66.4,0,150,71,51,65476,0,300,0,0,8,20529,65476,0,0,44564,70.0,0.0,0.0,0.0,0.0,0.0
2026-09-10T21:50:39,ERR,ERR,ERR,ERR,ERR,ERR,ERR,ERR,ERR,ERR,ERR,ERR,ERR,ERR,ERR,ERR,ERR,ERR,ERR,ERR,ERR,ERR,ERR,ERR,ERR,ERR,ERR,ERR,ERR,ERR,ERR,ERR,ERR,ERR,ERR,ERR,ERR,ERR,ERR,ERR,ERR,ERR,ERR,ERR,ERR,ERR,ERR,ERR,ERR,ERR,ERR,ERR,ERR,ERR,ERR,ERR,ERR,ERR,ERR,ERR,ERR,ERR,ERR,ERR,ERR,ERR,ERR,ERR,ERR,ERR,ERR,ERR,ERR,ERR,ERR,ERR,ERR,ERR,ERR,ERR,ERR,ERR,ERR,ERR,ERR,ERR,ERR,ERR,ERR,ERR,ERR,ERR,ERR,ERR,ERR,ERR,ERR,ERR,ERR,ERR,ERR,ERR,ERR,ERR,ERR,ERR,ERR,ERR,ERR,ERR,ERR,ERR,ERR,ERR,ERR,ERR,ERR,ERR,ERR,ERR,ERR,ERR,ERR,ERR,ERR,0.0,0.0,0.0,0.0,0.0,1.3936040501711995e+18,7.805,0.0,0,0,4,0,7116,0.0,100,0.0,0.0,0.0,0.0,0.0,0,0,0,0,0.0,0,0,0,0,0,0,0,0,0,0,0,0,0,0,0,0,0,0,0,0,0,0,0,0,0,0,0,0,0,0,0,0,0,31,40,40,71,65476,0,300,0,0,8,21553,0.0,-107605600.0,0.0,0.0,0.0,0.0,0.0,0.0,0.0,0.0,0.0,0.0,0.0,0.0,0.0,0.0,0.0,0.0,0.0,0.0,0.0,0.0,-2.004,0.0,0.0,0.0,0.0,0.0,0.0,0.0,4519.0,0.0,6915.0,0.0,0.0,-0.0,-0.0,0.0,0.0,0.0,0.0,69,-0.0,-0.0,0.0,0.0,0.0,0.0,0.0,0.0,0.0,0,0,0,0.0,0.0,0.0,0.0,0.0,0.0,0.0,0.0,0.0,0.0,0.0,0.0,0.0,0.0,0.0,0.0,0,-107875648.0,69,0.0,138,0.0,-100793952.0,0,13107,17085,39322,17098,52429,17078,0,0,0,70,68,100,0.0,82.2,2.730238278947072e+23,77.8,-0.0,78.5,1,49,50,180,52429,13107,0,0,0.0,0.0,0.0,0.0,-0.0,67.0,0.0,162057.094,0.0,969,0,991,0,0,0,946,0,1013,0,914,0,787,0,777,0,821,0,7520,0.032,2.0464356706771534e+19,0.0,0.0,784,16797,-0.0,162057.094,-114818.039,-0.0,0.133,6.909358625270745e+28,30.0,70.0,35,0.0,0.0,0.0,0.0,0.0,0.0,0.0,0.0,0.0,0.0,0.0,0.0,0.0,0.0,0.0,0.0,66.4,0,150,71,51,65476,0,300,0,0,8,20529,65476,0,0,44564,70.0,0.0,0.0,0.0,0.0,0.0
2026-09-10T21:50:40,ERR,ERR,ERR,ERR,ERR,ERR,ERR,ERR,ERR,ERR,ERR,ERR,ERR,ERR,ERR,ERR,ERR,ERR,ERR,ERR,ERR,ERR,ERR,ERR,ERR,ERR,ERR,ERR,ERR,ERR,ERR,ERR,ERR,ERR,ERR,ERR,ERR,ERR,ERR,ERR,ERR,ERR,ERR,ERR,ERR,ERR,ERR,ERR,ERR,ERR,ERR,ERR,ERR,ERR,ERR,ERR,ERR,ERR,ERR,ERR,ERR,ERR,ERR,ERR,ERR,ERR,ERR,ERR,ERR,ERR,ERR,ERR,ERR,ERR,ERR,ERR,ERR,ERR,ERR,ERR,ERR,ERR,ERR,ERR,ERR,ERR,ERR,ERR,ERR,ERR,ERR,ERR,ERR,ERR,ERR,ERR,ERR,ERR,ERR,ERR,ERR,ERR,ERR,ERR,ERR,ERR,ERR,ERR,ERR,ERR,ERR,ERR,ERR,ERR,ERR,ERR,ERR,ERR,ERR,ERR,ERR,ERR,ERR,ERR,ERR,0.0,0.0,0.0,0.0,0.0,1.3936040501711995e+18,7.805,0.0,0,0,4,0,7116,0.0,100,0.0,0.0,0.0,0.0,0.0,0,0,0,0,0.0,0,0,0,0,0,0,0,0,0,0,0,0,0,0,0,0,0,0,0,0,0,0,0,0,0,0,0,0,0,0,0,0,0,31,40,40,71,65476,0,300,0,0,8,21553,0.0,-107605600.0,0.0,0.0,0.0,0.0,0.0,0.0,0.0,0.0,0.0,0.0,0.0,0.0,0.0,0.0,0.0,0.0,0.0,0.0,0.0,0.0,-2.004,0.0,0.0,2.004,0.0,0.0,0.0,0.0,4514.0,0.0,6918.0,0.0,0.0,-0.0,-107615304.0,0.0,0.0,0.0,0.0,69,-0.0,-107614624.0,0.0,0.0,0.0,0.0,0.0,0.0,0.0,0,0,0,0.0,0.0,0.0,0.0,0.0,0.0,0.0,0.0,0.0,0.0,0.0,0.0,0.0,0.0,0.0,0.0,0,-107875648.0,69,0.0,138,0.0,-100793952.0,0,13107,17085,39322,17098,52429,17078,0,0,0,70,68,100,0.0,82.2,2.730238278947072e+23,77.8,-0.0,78.5,1,49,50,180,52429,13107,0,0,0.0,0.0,0.0,0.0,-0.0,67.0,0.0,162057.094,0.0,969,0,991,0,0,0,946,0,1013,0,914,0,787,0,777,0,821,0,7520,0.032,2.0464356706771534e+19,0.0,0.0,784,16797,-0.0,162057.094,-114818.039,-0.0,0.133,6.909358625270745e+28,30.0,70.0,35,0.0,0.0,0.0,0.0,0.0,0.0,0.0,0.0,0.0,0.0,0.0,0.0,0.0,0.0,0.0,0.0,66.4,0,150,71,51,65476,0,300,0,0,8,20529,65476,0,0,44564,70.0,0.0,0.0,0.0,0.0,0.0
2026-09-10T21:50:41,ERR,ERR,ERR,ERR,ERR,ERR,ERR,ERR,ERR,ERR,ERR,ERR,ERR,ERR,ERR,ERR,ERR,ERR,ERR,ERR,ERR,ERR,ERR,ERR,ERR,ERR,ERR,ERR,ERR,ERR,ERR,ERR,ERR,ERR,ERR,ERR,ERR,ERR,ERR,ERR,ERR,ERR,ERR,ERR,ERR,ERR,ERR,ERR,ERR,ERR,ERR,ERR,ERR,ERR,ERR,ERR,ERR,ERR,ERR,ERR,ERR,ERR,ERR,ERR,ERR,ERR,ERR,ERR,ERR,ERR,ERR,ERR,ERR,ERR,ERR,ERR,ERR,ERR,ERR,ERR,ERR,ERR,ERR,ERR,ERR,ERR,ERR,ERR,ERR,ERR,ERR,ERR,ERR,ERR,ERR,ERR,ERR,ERR,ERR,ERR,ERR,ERR,ERR,ERR,ERR,ERR,ERR,ERR,ERR,ERR,ERR,ERR,ERR,ERR,ERR,ERR,ERR,ERR,ERR,ERR,ERR,ERR,ERR,ERR,ERR,0.0,0.0,0.0,0.0,0.0,1.3936040501711995e+18,7.805,0.0,0,0,4,0,7116,0.0,100,0.0,0.0,0.0,0.0,0.0,0,0,0,0,0.0,0,0,0,0,0,0,0,0,0,0,0,0,0,0,0,0,0,0,0,0,0,0,0,0,0,0,0,0,0,0,0,0,0,31,40,40,71,65476,0,300,0,0,8,21553,0.0,-107605600.0,0.0,0.0,0.0,0.0,0.0,0.0,0.0,0.0,0.0,0.0,0.0,0.0,0.0,0.0,0.0,0.0,0.0,0.0,0.0,0.0,-2.004,0.0,0.0,2.004,0.0,0.0,0.0,0.0,4514.0,0.0,6918.0,0.0,0.0,-0.0,-107615304.0,0.0,0.0,0.0,0.0,69,-0.0,-107614624.0,0.0,0.0,0.0,0.0,0.0,0.0,0.0,0,0,0,0.0,0.0,0.0,0.0,0.0,0.0,0.0,0.0,0.0,0.0,0.0,0.0,0.0,0.0,0.0,0.0,0,-107875648.0,69,0.0,138,0.0,-100793952.0,0,13107,17085,39322,17098,52429,17078,0,0,0,70,68,100,0.0,82.2,2.730238278947072e+23,77.8,-0.0,78.5,1,49,50,180,52429,13107,0,0,0.0,0.0,0.0,0.0,-0.0,67.0,0.0,162057.094,0.0,969,0,991,0,0,0,946,0,1013,0,914,0,787,0,777,0,821,0,7520,0.032,2.0464356706771534e+19,0.0,0.0,784,16797,-0.0,162057.094,-114818.039,-0.0,0.133,6.909358625270745e+28,30.0,70.0,35,0.0,0.0,0.0,0.0,0.0,0.0,0.0,0.0,0.0,0.0,0.0,0.0,0.0,0.0,0.0,0.0,66.4,0,150,71,51,65476,0,300,0,0,8,20529,65476,0,0,44564,70.0,0.0,0.0,0.0,0.0,0.0
2026-09-10T21:50:42,ERR,ERR,ERR,ERR,ERR,ERR,ERR,ERR,ERR,ERR,ERR,ERR,ERR,ERR,ERR,ERR,ERR,ERR,ERR,ERR,ERR,ERR,ERR,ERR,ERR,ERR,ERR,ERR,ERR,ERR,ERR,ERR,ERR,ERR,ERR,ERR,ERR,ERR,ERR,ERR,ERR,ERR,ERR,ERR,ERR,ERR,ERR,ERR,ERR,ERR,ERR,ERR,ERR,ERR,ERR,ERR,ERR,ERR,ERR,ERR,ERR,ERR,ERR,ERR,ERR,ERR,ERR,ERR,ERR,ERR,ERR,ERR,ERR,ERR,ERR,ERR,ERR,ERR,ERR,ERR,ERR,ERR,ERR,ERR,ERR,ERR,ERR,ERR,ERR,ERR,ERR,ERR,ERR,ERR,ERR,ERR,ERR,ERR,ERR,ERR,ERR,ERR,ERR,ERR,ERR,ERR,ERR,ERR,ERR,ERR,ERR,ERR,ERR,ERR,ERR,ERR,ERR,ERR,ERR,ERR,ERR,ERR,ERR,ERR,ERR,0.0,0.0,0.0,0.0,0.0,1.3936040501711995e+18,7.805,0.0,0,0,4,0,7116,0.0,100,0.0,0.0,0.0,0.0,0.0,0,0,0,0,0.0,0,0,0,0,0,0,0,0,0,0,0,0,0,0,0,0,0,0,0,0,0,0,0,0,0,0,0,0,0,0,0,0,0,31,40,40,71,65476,0,300,0,0,8,21553,0.0,-107605600.0,0.0,0.0,0.0,0.0,0.0,0.0,0.0,0.0,0.0,0.0,0.0,0.0,0.0,0.0,0.0,0.0,0.0,0.0,0.0,0.0,-2.004,0.0,0.0,2.004,0.0,0.0,0.0,0.0,4514.0,0.0,6918.0,0.0,0.0,-0.0,-107615304.0,0.0,0.0,0.0,0.0,69,-0.0,-107614624.0,0.0,0.0,0.0,0.0,0.0,0.0,0.0,0,0,0,0.0,0.0,0.0,0.0,0.0,0.0,0.0,0.0,0.0,0.0,0.0,0.0,0.0,0.0,0.0,0.0,0,-107875648.0,69,0.0,138,0.0,-100793952.0,0,13107,17085,39322,17098,52429,17078,0,0,0,70,68,100,0.0,82.2,2.730238278947072e+23,77.8,-0.0,78.5,1,49,50,180,52429,13107,0,0,0.0,0.0,0.0,0.0,-0.0,67.0,0.0,162057.094,0.0,969,0,991,0,0,0,946,0,1013,0,914,0,787,0,777,0,821,0,7520,0.032,2.0464356706771534e+19,0.0,0.0,784,16797,-0.0,162057.094,-114818.039,-0.0,0.133,6.909358625270745e+28,30.0,70.0,35,0.0,0.0,0.0,0.0,0.0,0.0,0.0,0.0,0.0,0.0,0.0,0.0,0.0,0.0,0.0,0.0,66.4,0,150,71,51,65476,0,300,0,0,8,20529,65476,0,0,44564,70.0,0.0,0.0,0.0,0.0,0.0
2026-09-10T21:50:43,ERR,ERR,ERR,ERR,ERR,ERR,ERR,ERR,ERR,ERR,ERR,ERR,ERR,ERR,ERR,ERR,ERR,ERR,ERR,ERR,ERR,ERR,ERR,ERR,ERR,ERR,ERR,ERR,ERR,ERR,ERR,ERR,ERR,ERR,ERR,ERR,ERR,ERR,ERR,ERR,ERR,ERR,ERR,ERR,ERR,ERR,ERR,ERR,ERR,ERR,ERR,ERR,ERR,ERR,ERR,ERR,ERR,ERR,ERR,ERR,ERR,ERR,ERR,ERR,ERR,ERR,ERR,ERR,ERR,ERR,ERR,ERR,ERR,ERR,ERR,ERR,ERR,ERR,ERR,ERR,ERR,ERR,ERR,ERR,ERR,ERR,ERR,ERR,ERR,ERR,ERR,ERR,ERR,ERR,ERR,ERR,ERR,ERR,ERR,ERR,ERR,ERR,ERR,ERR,ERR,ERR,ERR,ERR,ERR,ERR,ERR,ERR,ERR,ERR,ERR,ERR,ERR,ERR,ERR,ERR,ERR,ERR,ERR,ERR,ERR,0.0,0.0,0.0,0.0,0.0,1.3936040501711995e+18,7.805,0.0,0,0,4,0,7116,0.0,100,0.0,0.0,0.0,0.0,0.0,0,0,0,0,0.0,0,0,0,0,0,0,0,0,0,0,0,0,0,0,0,0,0,0,0,0,0,0,0,0,0,0,0,0,0,0,0,0,0,31,40,40,71,65476,0,300,0,0,8,21553,0.0,-107605600.0,0.0,0.0,0.0,0.0,0.0,0.0,0.0,0.0,0.0,0.0,0.0,0.0,0.0,0.0,0.0,0.0,0.0,0.0,0.0,0.0,-2.004,0.0,0.0,2.004,0.0,0.0,0.0,0.0,4514.0,0.0,6918.0,0.0,0.0,-0.0,-107615304.0,0.0,0.0,0.0,0.0,69,-0.0,-107614624.0,0.0,0.0,0.0,0.0,0.0,0.0,0.0,0,0,0,0.0,0.0,0.0,0.0,0.0,0.0,0.0,0.0,0.0,0.0,0.0,0.0,0.0,0.0,0.0,0.0,0,-107875648.0,69,0.0,138,0.0,-100793952.0,0,13107,17085,39322,17098,52429,17078,0,0,0,70,68,100,0.0,82.2,2.730238278947072e+23,77.8,-0.0,78.5,1,49,50,180,52429,13107,0,0,0.0,0.0,0.0,0.0,-0.0,67.0,0.0,162057.094,0.0,969,0,991,0,0,0,946,0,1013,0,914,0,787,0,777,0,821,0,7520,0.032,2.0464356706771534e+19,0.0,0.0,784,16797,-0.0,162057.094,-114818.039,-0.0,0.133,6.909358625270745e+28,30.0,70.0,35,0.0,0.0,0.0,0.0,0.0,0.0,0.0,0.0,0.0,0.0,0.0,0.0,0.0,0.0,0.0,0.0,66.4,0,150,71,51,65476,0,300,0,0,8,20529,65476,0,0,44564,70.0,0.0,0.0,0.0,0.0,0.0
2026-09-10T21:50:44,ERR,ERR,ERR,ERR,ERR,ERR,ERR,ERR,ERR,ERR,ERR,ERR,ERR,ERR,ERR,ERR,ERR,ERR,ERR,ERR,ERR,ERR,ERR,ERR,ERR,ERR,ERR,ERR,ERR,ERR,ERR,ERR,ERR,ERR,ERR,ERR,ERR,ERR,ERR,ERR,ERR,ERR,ERR,ERR,ERR,ERR,ERR,ERR,ERR,ERR,ERR,ERR,ERR,ERR,ERR,ERR,ERR,ERR,ERR,ERR,ERR,ERR,ERR,ERR,ERR,ERR,ERR,ERR,ERR,ERR,ERR,ERR,ERR,ERR,ERR,ERR,ERR,ERR,ERR,ERR,ERR,ERR,ERR,ERR,ERR,ERR,ERR,ERR,ERR,ERR,ERR,ERR,ERR,ERR,ERR,ERR,ERR,ERR,ERR,ERR,ERR,ERR,ERR,ERR,ERR,ERR,ERR,ERR,ERR,ERR,ERR,ERR,ERR,ERR,ERR,ERR,ERR,ERR,ERR,ERR,ERR,ERR,ERR,ERR,ERR,0.0,0.0,0.0,0.0,0.0,1.3936040501711995e+18,7.805,0.0,0,0,4,0,7116,0.0,100,0.0,0.0,0.0,0.0,0.0,0,0,0,0,0.0,0,0,0,0,0,0,0,0,0,0,0,0,0,0,0,0,0,0,0,0,0,0,0,0,0,0,0,0,0,0,0,0,0,31,40,40,71,65476,0,300,0,0,8,21553,0.0,-107605600.0,0.0,0.0,0.0,0.0,0.0,0.0,0.0,0.0,0.0,0.0,0.0,0.0,0.0,0.0,0.0,0.0,0.0,0.0,0.0,0.0,-2.004,0.0,0.0,2.004,0.0,0.0,0.0,0.0,4514.0,0.0,6918.0,0.0,0.0,-0.0,-107615304.0,0.0,0.0,0.0,0.0,69,-0.0,-107614624.0,0.0,0.0,0.0,0.0,0.0,0.0,0.0,0,0,0,0.0,0.0,0.0,0.0,0.0,0.0,0.0,0.0,0.0,0.0,0.0,0.0,0.0,0.0,0.0,0.0,0,-107875648.0,69,0.0,138,0.0,-100793952.0,0,13107,17085,39322,17098,52429,17078,0,0,0,70,68,100,0.0,82.2,2.730238278947072e+23,77.8,-0.0,78.5,1,49,50,180,52429,13107,0,0,0.0,0.0,0.0,0.0,-0.0,67.0,0.0,162057.094,0.0,969,0,991,0,0,0,946,0,1013,0,914,0,787,0,777,0,821,0,7520,0.032,2.0464356706771534e+19,0.0,0.0,784,16797,-0.0,162057.094,-114818.039,-0.0,0.133,6.909358625270745e+28,30.0,70.0,35,0.0,0.0,0.0,0.0,0.0,0.0,0.0,0.0,0.0,0.0,0.0,0.0,0.0,0.0,0.0,0.0,66.4,0,150,71,51,65476,0,300,0,0,8,20529,65476,0,0,44564,70.0,0.0,0.0,0.0,0.0,0.0
2026-09-10T21:50:45,ERR,ERR,ERR,ERR,ERR,ERR,ERR,ERR,ERR,ERR,ERR,ERR,ERR,ERR,ERR,ERR,ERR,ERR,ERR,ERR,ERR,ERR,ERR,ERR,ERR,ERR,ERR,ERR,ERR,ERR,ERR,ERR,ERR,ERR,ERR,ERR,ERR,ERR,ERR,ERR,ERR,ERR,ERR,ERR,ERR,ERR,ERR,ERR,ERR,ERR,ERR,ERR,ERR,ERR,ERR,ERR,ERR,ERR,ERR,ERR,ERR,ERR,ERR,ERR,ERR,ERR,ERR,ERR,ERR,ERR,ERR,ERR,ERR,ERR,ERR,ERR,ERR,ERR,ERR,ERR,ERR,ERR,ERR,ERR,ERR,ERR,ERR,ERR,ERR,ERR,ERR,ERR,ERR,ERR,ERR,ERR,ERR,ERR,ERR,ERR,ERR,ERR,ERR,ERR,ERR,ERR,ERR,ERR,ERR,ERR,ERR,ERR,ERR,ERR,ERR,ERR,ERR,ERR,ERR,ERR,ERR,ERR,ERR,ERR,ERR,0.0,0.0,0.0,0.0,0.0,1.3936040501711995e+18,7.805,0.0,0,0,4,0,7116,0.0,100,0.0,0.0,0.0,0.0,0.0,0,0,0,0,0.0,0,0,0,0,0,0,0,0,0,0,0,0,0,0,0,0,0,0,0,0,0,0,0,0,0,0,0,0,0,0,0,0,0,31,40,40,71,65476,0,300,0,0,8,21553,0.0,-107605600.0,0.0,0.0,0.0,0.0,0.0,0.0,0.0,0.0,0.0,0.0,0.0,0.0,0.0,0.0,0.0,0.0,0.0,0.0,0.0,0.0,-2.004,0.0,0.0,2.004,0.0,0.0,0.0,0.0,4514.0,0.0,6918.0,0.0,0.0,-0.0,-107615304.0,0.0,0.0,0.0,0.0,69,-0.0,-107614624.0,0.0,0.0,0.0,0.0,0.0,0.0,0.0,0,0,0,0.0,0.0,0.0,0.0,0.0,0.0,0.0,0.0,0.0,0.0,0.0,0.0,0.0,0.0,0.0,0.0,0,-107875648.0,69,0.0,138,0.0,-100793952.0,0,13107,17085,39322,17098,52429,17078,0,0,0,70,68,100,0.0,82.2,2.730238278947072e+23,77.7,-0.0,78.5,1,49,50,180,52429,13107,0,0,0.0,0.0,0.0,0.0,-0.0,67.0,0.0,162057.094,0.0,969,0,991,0,0,0,946,0,1013,0,914,0,787,0,777,0,821,0,7520,0.032,2.0176126330619822e+19,0.0,0.0,784,16797,-0.0,162057.094,-114818.039,-0.0,0.133,6.909358625270745e+28,30.0,70.0,35,0.0,0.0,0.0,0.0,0.0,0.0,0.0,0.0,0.0,0.0,0.0,0.0,0.0,0.0,0.0,0.0,66.4,0,150,71,51,65476,0,300,0,0,8,20529,65476,0,0,44564,70.0,0.0,0.0,0.0,0.0,0.0
2026-09-10T21:50:46,ERR,ERR,ERR,ERR,ERR,ERR,ERR,ERR,ERR,ERR,ERR,ERR,ERR,ERR,ERR,ERR,ERR,ERR,ERR,ERR,ERR,ERR,ERR,ERR,ERR,ERR,ERR,ERR,ERR,ERR,ERR,ERR,ERR,ERR,ERR,ERR,ERR,ERR,ERR,ERR,ERR,ERR,ERR,ERR,ERR,ERR,ERR,ERR,ERR,ERR,ERR,ERR,ERR,ERR,ERR,ERR,ERR,ERR,ERR,ERR,ERR,ERR,ERR,ERR,ERR,ERR,ERR,ERR,ERR,ERR,ERR,ERR,ERR,ERR,ERR,ERR,ERR,ERR,ERR,ERR,ERR,ERR,ERR,ERR,ERR,ERR,ERR,ERR,ERR,ERR,ERR,ERR,ERR,ERR,ERR,ERR,ERR,ERR,ERR,ERR,ERR,ERR,ERR,ERR,ERR,ERR,ERR,ERR,ERR,ERR,ERR,ERR,ERR,ERR,ERR,ERR,ERR,ERR,ERR,ERR,ERR,ERR,ERR,ERR,ERR,0.0,0.0,0.0,0.0,0.0,1.3936040501711995e+18,7.805,0.0,0,0,4,0,7116,0.0,100,0.0,0.0,0.0,0.0,0.0,0,0,0,0,0.0,0,0,0,0,0,0,0,0,0,0,0,0,0,0,0,0,0,0,0,0,0,0,0,0,0,0,0,0,0,0,0,0,0,31,40,40,71,65476,0,300,0,0,8,21553,0.0,-107605600.0,0.0,0.0,0.0,0.0,0.0,0.0,0.0,0.0,0.0,0.0,0.0,0.0,0.0,0.0,0.0,0.0,0.0,0.0,0.0,0.0,-2.004,0.0,0.0,2.004,0.0,0.0,0.0,0.0,4514.0,0.0,6918.0,0.0,0.0,-0.0,-107615304.0,0.0,0.0,0.0,0.0,69,-0.0,-107614624.0,0.0,0.0,0.0,0.0,0.0,0.0,0.0,0,0,0,0.0,0.0,0.0,0.0,0.0,0.0,0.0,0.0,0.0,0.0,0.0,0.0,0.0,0.0,0.0,0.0,0,-107875648.0,69,0.0,138,0.0,-100793952.0,0,13107,17085,39322,17098,52429,17078,0,0,0,70,68,100,0.0,82.2,2.730238278947072e+23,77.7,-0.0,78.5,1,49,50,180,52429,13107,0,0,0.0,0.0,0.0,0.0,-0.0,67.0,0.0,162057.094,0.0,969,0,991,0,0,0,946,0,1013,0,914,0,787,0,777,0,821,0,7520,0.032,2.0176126330619822e+19,0.0,0.0,784,16797,-0.0,162057.094,-114818.039,-0.0,0.133,6.909358625270745e+28,30.0,70.0,35,0.0,0.0,0.0,0.0,0.0,0.0,0.0,0.0,0.0,0.0,0.0,0.0,0.0,0.0,0.0,0.0,66.4,0,150,71,51,65476,0,300,0,0,8,20529,65476,0,0,44564,70.0,0.0,0.0,0.0,0.0,0.0
2026-09-10T21:50:47,ERR,ERR,ERR,ERR,ERR,ERR,ERR,ERR,ERR,ERR,ERR,ERR,ERR,ERR,ERR,ERR,ERR,ERR,ERR,ERR,ERR,ERR,ERR,ERR,ERR,ERR,ERR,ERR,ERR,ERR,ERR,ERR,ERR,ERR,ERR,ERR,ERR,ERR,ERR,ERR,ERR,ERR,ERR,ERR,ERR,ERR,ERR,ERR,ERR,ERR,ERR,ERR,ERR,ERR,ERR,ERR,ERR,ERR,ERR,ERR,ERR,ERR,ERR,ERR,ERR,ERR,ERR,ERR,ERR,ERR,ERR,ERR,ERR,ERR,ERR,ERR,ERR,ERR,ERR,ERR,ERR,ERR,ERR,ERR,ERR,ERR,ERR,ERR,ERR,ERR,ERR,ERR,ERR,ERR,ERR,ERR,ERR,ERR,ERR,ERR,ERR,ERR,ERR,ERR,ERR,ERR,ERR,ERR,ERR,ERR,ERR,ERR,ERR,ERR,ERR,ERR,ERR,ERR,ERR,ERR,ERR,ERR,ERR,ERR,ERR,0.0,0.0,0.0,0.0,0.0,1.3936040501711995e+18,7.805,0.0,0,0,4,0,7116,0.0,100,0.0,0.0,0.0,0.0,0.0,0,0,0,0,0.0,0,0,0,0,0,0,0,0,0,0,0,0,0,0,0,0,0,0,0,0,0,0,0,0,0,0,0,0,0,0,0,0,0,31,40,40,71,65476,0,300,0,0,8,21553,0.0,-107605600.0,0.0,0.0,0.0,0.0,0.0,0.0,0.0,0.0,0.0,0.0,0.0,0.0,0.0,0.0,0.0,0.0,0.0,0.0,0.0,0.0,-2.004,0.0,0.0,2.004,0.0,0.0,0.0,0.0,4514.0,0.0,6918.0,0.0,0.0,-0.0,-107615304.0,0.0,0.0,0.0,0.0,69,-0.0,-107614624.0,0.0,0.0,0.0,0.0,0.0,0.0,0.0,0,0,0,0.0,0.0,0.0,0.0,0.0,0.0,0.0,0.0,0.0,0.0,0.0,0.0,0.0,0.0,0.0,0.0,0,-107875648.0,69,0.0,138,0.0,-100793952.0,0,13107,17085,39322,17098,52429,17078,0,0,0,70,68,100,0.0,82.2,2.730238278947072e+23,77.7,-0.0,78.5,1,49,50,180,52429,13107,0,0,0.0,0.0,0.0,0.0,-0.0,67.0,0.0,162057.094,0.0,969,0,991,0,0,0,946,0,1013,0,914,0,787,0,777,0,821,0,7520,0.032,2.0176126330619822e+19,0.0,0.0,784,16797,-0.0,162057.094,-114818.039,-0.0,0.133,6.909358625270745e+28,30.0,70.0,35,0.0,0.0,0.0,0.0,0.0,0.0,0.0,0.0,0.0,0.0,0.0,0.0,0.0,0.0,0.0,0.0,66.4,0,150,71,51,65476,0,300,0,0,8,20529,65476,0,0,44564,70.0,0.0,0.0,0.0,0.0,0.0
2026-09-10T21:50:48,ERR,ERR,ERR,ERR,ERR,ERR,ERR,ERR,ERR,ERR,ERR,ERR,ERR,ERR,ERR,ERR,ERR,ERR,ERR,ERR,ERR,ERR,ERR,ERR,ERR,ERR,ERR,ERR,ERR,ERR,ERR,ERR,ERR,ERR,ERR,ERR,ERR,ERR,ERR,ERR,ERR,ERR,ERR,ERR,ERR,ERR,ERR,ERR,ERR,ERR,ERR,ERR,ERR,ERR,ERR,ERR,ERR,ERR,ERR,ERR,ERR,ERR,ERR,ERR,ERR,ERR,ERR,ERR,ERR,ERR,ERR,ERR,ERR,ERR,ERR,ERR,ERR,ERR,ERR,ERR,ERR,ERR,ERR,ERR,ERR,ERR,ERR,ERR,ERR,ERR,ERR,ERR,ERR,ERR,ERR,ERR,ERR,ERR,ERR,ERR,ERR,ERR,ERR,ERR,ERR,ERR,ERR,ERR,ERR,ERR,ERR,ERR,ERR,ERR,ERR,ERR,ERR,ERR,ERR,ERR,ERR,ERR,ERR,ERR,ERR,0.0,0.0,0.0,0.0,0.0,1.3936040501711995e+18,7.805,0.0,0,0,4,0,7116,0.0,100,0.0,0.0,0.0,0.0,0.0,0,0,0,0,0.0,0,0,0,0,0,0,0,0,0,0,0,0,0,0,0,0,0,0,0,0,0,0,0,0,0,0,0,0,0,0,0,0,0,31,40,40,71,65476,0,300,0,0,8,21553,0.0,-107605600.0,0.0,0.0,0.0,0.0,0.0,0.0,0.0,0.0,0.0,0.0,0.0,0.0,0.0,0.0,0.0,0.0,0.0,0.0,0.0,0.0,-2.004,0.0,0.0,2.004,0.0,0.0,0.0,0.0,4514.0,0.0,6918.0,0.0,0.0,-0.0,-107615304.0,0.0,0.0,0.0,0.0,69,-0.0,-107614624.0,0.0,0.0,0.0,0.0,0.0,0.0,0.0,0,0,0,0.0,0.0,0.0,0.0,0.0,0.0,0.0,0.0,0.0,0.0,0.0,0.0,0.0,0.0,0.0,0.0,0,-107875648.0,69,0.0,138,0.0,-100793952.0,0,13107,17085,39322,17098,52429,17078,0,0,0,70,68,100,0.0,82.2,2.730238278947072e+23,77.7,-0.0,78.5,1,49,50,180,52429,13107,0,0,0.0,0.0,0.0,0.0,-0.0,67.0,0.0,162057.094,0.0,969,0,991,0,0,0,946,0,1013,0,914,0,787,0,777,0,821,0,7520,0.032,2.0176126330619822e+19,0.0,0.0,784,16797,-0.0,162057.094,-114818.039,-0.0,0.133,6.909358625270745e+28,30.0,70.0,35,0.0,0.0,0.0,0.0,0.0,0.0,0.0,0.0,0.0,0.0,0.0,0.0,0.0,0.0,0.0,0.0,66.4,0,150,71,51,65476,0,300,0,0,8,20529,65476,0,0,44564,70.0,0.0,0.0,0.0,0.0,0.0
2026-09-10T21:50:49,ERR,ERR,ERR,ERR,ERR,ERR,ERR,ERR,ERR,ERR,ERR,ERR,ERR,ERR,ERR,ERR,ERR,ERR,ERR,ERR,ERR,ERR,ERR,ERR,ERR,ERR,ERR,ERR,ERR,ERR,ERR,ERR,ERR,ERR,ERR,ERR,ERR,ERR,ERR,ERR,ERR,ERR,ERR,ERR,ERR,ERR,ERR,ERR,ERR,ERR,ERR,ERR,ERR,ERR,ERR,ERR,ERR,ERR,ERR,ERR,ERR,ERR,ERR,ERR,ERR,ERR,ERR,ERR,ERR,ERR,ERR,ERR,ERR,ERR,ERR,ERR,ERR,ERR,ERR,ERR,ERR,ERR,ERR,ERR,ERR,ERR,ERR,ERR,ERR,ERR,ERR,ERR,ERR,ERR,ERR,ERR,ERR,ERR,ERR,ERR,ERR,ERR,ERR,ERR,ERR,ERR,ERR,ERR,ERR,ERR,ERR,ERR,ERR,ERR,ERR,ERR,ERR,ERR,ERR,ERR,ERR,ERR,ERR,ERR,ERR,0.0,0.0,0.0,0.0,0.0,1.3936040501711995e+18,7.805,0.0,0,0,4,0,7116,0.0,100,0.0,0.0,0.0,0.0,0.0,0,0,0,0,0.0,0,0,0,0,0,0,0,0,0,0,0,0,0,0,0,0,0,0,0,0,0,0,0,0,0,0,0,0,0,0,0,0,0,31,40,40,71,65476,0,300,0,0,8,21553,0.0,-107605600.0,0.0,0.0,0.0,0.0,0.0,0.0,0.0,0.0,0.0,0.0,0.0,0.0,0.0,0.0,0.0,0.0,0.0,0.0,0.0,0.0,0.0,0.0,0.0,2.004,0.0,0.0,0.0,0.0,4539.0,0.0,6913.0,0.0,-107615352.0,-0.0,-107615304.0,0.0,0.0,0.0,0.0,69,-0.0,-0.0,0.0,0.0,0.0,0.0,0.0,0.0,0.0,0,0,0,0.0,0.0,0.0,0.0,0.0,0.0,0.0,0.0,0.0,0.0,0.0,0.0,0.0,0.0,0.0,0.0,0,-107875648.0,69,0.0,138,0.0,-100793952.0,0,13107,17085,39322,17098,52429,17078,0,0,0,70,68,100,0.0,82.2,2.730238278947072e+23,77.7,-0.0,78.5,1,49,50,180,52429,13107,0,0,0.0,0.0,0.0,0.0,-0.0,67.0,0.0,162057.094,0.0,969,0,991,0,0,0,946,0,1013,0,914,0,787,0,777,0,821,0,7520,0.032,2.0176126330619822e+19,0.0,0.0,784,16797,-0.0,162057.094,-114818.039,-0.0,0.133,6.909358625270745e+28,30.0,70.0,35,0.0,0.0,0.0,0.0,0.0,0.0,0.0,0.0,0.0,0.0,0.0,0.0,0.0,0.0,0.0,0.0,66.4,0,150,71,51,65476,0,300,0,0,8,20529,65476,0,0,44564,70.0,0.0,0.0,0.0,0.0,0.0
2026-09-10T21:50:50,ERR,ERR,ERR,ERR,ERR,ERR,ERR,ERR,ERR,ERR,ERR,ERR,ERR,ERR,ERR,ERR,ERR,ERR,ERR,ERR,ERR,ERR,ERR,ERR,ERR,ERR,ERR,ERR,ERR,ERR,ERR,ERR,ERR,ERR,ERR,ERR,ERR,ERR,ERR,ERR,ERR,ERR,ERR,ERR,ERR,ERR,ERR,ERR,ERR,ERR,ERR,ERR,ERR,ERR,ERR,ERR,ERR,ERR,ERR,ERR,ERR,ERR,ERR,ERR,ERR,ERR,ERR,ERR,ERR,ERR,ERR,ERR,ERR,ERR,ERR,ERR,ERR,ERR,ERR,ERR,ERR,ERR,ERR,ERR,ERR,ERR,ERR,ERR,ERR,ERR,ERR,ERR,ERR,ERR,ERR,ERR,ERR,ERR,ERR,ERR,ERR,ERR,ERR,ERR,ERR,ERR,ERR,ERR,ERR,ERR,ERR,ERR,ERR,ERR,ERR,ERR,ERR,ERR,ERR,ERR,ERR,ERR,ERR,ERR,ERR,0.0,0.0,0.0,0.0,0.0,1.3936040501711995e+18,7.805,0.0,0,0,4,0,7116,0.0,100,0.0,0.0,0.0,0.0,0.0,0,0,0,0,0.0,0,0,0,0,0,0,0,0,0,0,0,0,0,0,0,0,0,0,0,0,0,0,0,0,0,0,0,0,0,0,0,0,0,31,40,40,71,65476,0,300,0,0,8,21553,0.0,-107605600.0,0.0,0.0,0.0,0.0,0.0,0.0,0.0,0.0,0.0,0.0,0.0,0.0,0.0,0.0,0.0,0.0,0.0,0.0,0.0,0.0,0.0,0.0,0.0,2.004,0.0,0.0,0.0,0.0,4539.0,0.0,6913.0,0.0,-107615352.0,-0.0,-107615304.0,0.0,0.0,0.0,0.0,69,-0.0,-0.0,0.0,0.0,0.0,0.0,0.0,0.0,0.0,0,0,0,0.0,0.0,0.0,0.0,0.0,0.0,0.0,0.0,0.0,0.0,0.0,0.0,0.0,0.0,0.0,0.0,0,-107875648.0,69,0.0,138,0.0,-100793952.0,0,13107,17085,39322,17098,52429,17078,0,0,0,70,68,100,0.0,82.2,2.730238278947072e+23,77.7,-0.0,78.5,1,49,50,180,52429,13107,0,0,0.0,0.0,0.0,0.0,-0.0,67.0,0.0,162057.094,0.0,969,0,991,0,0,0,946,0,1013,0,914,0,787,0,777,0,821,0,7520,0.032,2.0176126330619822e+19,0.0,0.0,784,16797,-0.0,162057.094,-114818.039,-0.0,0.133,6.909358625270745e+28,30.0,70.0,35,0.0,0.0,0.0,0.0,0.0,0.0,0.0,0.0,0.0,0.0,0.0,0.0,0.0,0.0,0.0,0.0,66.4,0,150,71,51,65476,0,300,0,0,8,20529,65476,0,0,44564,70.0,0.0,0.0,0.0,0.0,0.0
2026-09-10T21:50:51,ERR,ERR,ERR,ERR,ERR,ERR,ERR,ERR,ERR,ERR,ERR,ERR,ERR,ERR,ERR,ERR,ERR,ERR,ERR,ERR,ERR,ERR,ERR,ERR,ERR,ERR,ERR,ERR,ERR,ERR,ERR,ERR,ERR,ERR,ERR,ERR,ERR,ERR,ERR,ERR,ERR,ERR,ERR,ERR,ERR,ERR,ERR,ERR,ERR,ERR,ERR,ERR,ERR,ERR,ERR,ERR,ERR,ERR,ERR,ERR,ERR,ERR,ERR,ERR,ERR,ERR,ERR,ERR,ERR,ERR,ERR,ERR,ERR,ERR,ERR,ERR,ERR,ERR,ERR,ERR,ERR,ERR,ERR,ERR,ERR,ERR,ERR,ERR,ERR,ERR,ERR,ERR,ERR,ERR,ERR,ERR,ERR,ERR,ERR,ERR,ERR,ERR,ERR,ERR,ERR,ERR,ERR,ERR,ERR,ERR,ERR,ERR,ERR,ERR,ERR,ERR,ERR,ERR,ERR,ERR,ERR,ERR,ERR,ERR,ERR,0.0,0.0,0.0,0.0,0.0,1.3936040501711995e+18,7.805,0.0,0,0,4,0,7116,0.0,100,0.0,0.0,0.0,0.0,0.0,0,0,0,0,0.0,0,0,0,0,0,0,0,0,0,0,0,0,0,0,0,0,0,0,0,0,0,0,0,0,0,0,0,0,0,0,0,0,0,31,40,40,71,65476,0,300,0,0,8,21553,0.0,-107605600.0,0.0,0.0,0.0,0.0,0.0,0.0,0.0,0.0,0.0,0.0,0.0,0.0,0.0,0.0,0.0,0.0,0.0,0.0,0.0,0.0,0.0,0.0,0.0,2.004,0.0,0.0,0.0,0.0,4539.0,0.0,6913.0,0.0,-107615352.0,-0.0,-107615304.0,0.0,0.0,0.0,0.0,69,-0.0,-0.0,0.0,0.0,0.0,0.0,0.0,0.0,0.0,0,0,0,0.0,0.0,0.0,0.0,0.0,0.0,0.0,0.0,0.0,0.0,0.0,0.0,0.0,0.0,0.0,0.0,0,-107875648.0,69,0.0,138,0.0,-100793952.0,0,13107,17085,39322,17098,52429,17078,0,0,0,70,68,100,0.0,82.2,2.730238278947072e+23,77.7,2.730238639235042e+23,78.5,1,49,50,180,52429,13107,0,0,0.0,0.0,0.0,0.0,-0.0,67.0,0.0,162057.094,0.0,969,0,991,0,0,0,946,0,1013,0,914,0,787,0,777,0,821,0,7520,0.032,2.0176126330619822e+19,0.0,0.0,784,16797,-0.0,162057.094,-114818.039,-0.0,0.133,6.909358625270745e+28,30.0,70.0,35,0.0,0.0,0.0,0.0,0.0,0.0,0.0,0.0,0.0,0.0,0.0,0.0,0.0,0.0,0.0,0.0,66.4,0,150,71,51,65476,0,300,0,0,8,20529,65476,0,0,44564,70.0,0.0,0.0,0.0,0.0,0.0
2026-09-10T21:50:52,ERR,ERR,ERR,ERR,ERR,ERR,ERR,ERR,ERR,ERR,ERR,ERR,ERR,ERR,ERR,ERR,ERR,ERR,ERR,ERR,ERR,ERR,ERR,ERR,ERR,ERR,ERR,ERR,ERR,ERR,ERR,ERR,ERR,ERR,ERR,ERR,ERR,ERR,ERR,ERR,ERR,ERR,ERR,ERR,ERR,ERR,ERR,ERR,ERR,ERR,ERR,ERR,ERR,ERR,ERR,ERR,ERR,ERR,ERR,ERR,ERR,ERR,ERR,ERR,ERR,ERR,ERR,ERR,ERR,ERR,ERR,ERR,ERR,ERR,ERR,ERR,ERR,ERR,ERR,ERR,ERR,ERR,ERR,ERR,ERR,ERR,ERR,ERR,ERR,ERR,ERR,ERR,ERR,ERR,ERR,ERR,ERR,ERR,ERR,ERR,ERR,ERR,ERR,ERR,ERR,ERR,ERR,ERR,ERR,ERR,ERR,ERR,ERR,ERR,ERR,ERR,ERR,ERR,ERR,ERR,ERR,ERR,ERR,ERR,ERR,0.0,0.0,0.0,0.0,0.0,1.3936040501711995e+18,7.805,0.0,0,0,4,0,7116,0.0,100,0.0,0.0,0.0,0.0,0.0,0,0,0,0,0.0,0,0,0,0,0,0,0,0,0,0,0,0,0,0,0,0,0,0,0,0,0,0,0,0,0,0,0,0,0,0,0,0,0,31,40,40,71,65476,0,300,0,0,8,21553,0.0,-107605600.0,0.0,0.0,0.0,0.0,0.0,0.0,0.0,0.0,0.0,0.0,0.0,0.0,0.0,0.0,0.0,0.0,0.0,0.0,0.0,0.0,0.0,0.0,0.0,2.004,0.0,0.0,0.0,0.0,4539.0,0.0,6913.0,0.0,-107615352.0,-0.0,-107615304.0,0.0,0.0,0.0,0.0,69,-0.0,-0.0,0.0,0.0,0.0,0.0,0.0,0.0,0.0,0,0,0,0.0,0.0,0.0,0.0,0.0,0.0,0.0,0.0,0.0,0.0,0.0,0.0,0.0,0.0,0.0,0.0,0,-107875648.0,69,0.0,138,0.0,-100793952.0,0,13107,17085,39322,17098,52429,17078,0,0,0,70,68,100,0.0,82.2,2.730238278947072e+23,77.7,2.730238639235042e+23,78.5,1,49,50,180,52429,13107,0,0,0.0,0.0,0.0,0.0,-0.0,67.0,0.0,162057.094,0.0,969,0,991,0,0,0,946,0,1013,0,914,0,787,0,777,0,821,0,7520,0.032,2.0176126330619822e+19,0.0,0.0,784,16797,-0.0,162057.094,-114818.039,-0.0,0.133,6.909358625270745e+28,30.0,70.0,35,0.0,0.0,0.0,0.0,0.0,0.0,0.0,0.0,0.0,0.0,0.0,0.0,0.0,0.0,0.0,0.0,66.4,0,150,71,51,65476,0,300,0,0,8,20529,65476,0,0,44564,70.0,0.0,0.0,0.0,0.0,0.0
2026-09-10T21:50:53,ERR,ERR,ERR,ERR,ERR,ERR,ERR,ERR,ERR,ERR,ERR,ERR,ERR,ERR,ERR,ERR,ERR,ERR,ERR,ERR,ERR,ERR,ERR,ERR,ERR,ERR,ERR,ERR,ERR,ERR,ERR,ERR,ERR,ERR,ERR,ERR,ERR,ERR,ERR,ERR,ERR,ERR,ERR,ERR,ERR,ERR,ERR,ERR,ERR,ERR,ERR,ERR,ERR,ERR,ERR,ERR,ERR,ERR,ERR,ERR,ERR,ERR,ERR,ERR,ERR,ERR,ERR,ERR,ERR,ERR,ERR,ERR,ERR,ERR,ERR,ERR,ERR,ERR,ERR,ERR,ERR,ERR,ERR,ERR,ERR,ERR,ERR,ERR,ERR,ERR,ERR,ERR,ERR,ERR,ERR,ERR,ERR,ERR,ERR,ERR,ERR,ERR,ERR,ERR,ERR,ERR,ERR,ERR,ERR,ERR,ERR,ERR,ERR,ERR,ERR,ERR,ERR,ERR,ERR,ERR,ERR,ERR,ERR,ERR,ERR,0.0,0.0,0.0,0.0,0.0,1.3936040501711995e+18,7.805,0.0,0,0,4,0,7116,0.0,100,0.0,0.0,0.0,0.0,0.0,0,0,0,0,0.0,0,0,0,0,0,0,0,0,0,0,0,0,0,0,0,0,0,0,0,0,0,0,0,0,0,0,0,0,0,0,0,0,0,31,40,40,71,65476,0,300,0,0,8,21553,0.0,-107605600.0,0.0,0.0,0.0,0.0,0.0,0.0,0.0,0.0,0.0,0.0,0.0,0.0,0.0,0.0,0.0,0.0,0.0,0.0,0.0,0.0,0.0,0.0,0.0,2.004,0.0,0.0,0.0,0.0,4539.0,0.0,6913.0,0.0,-107615352.0,-0.0,-107615304.0,0.0,0.0,0.0,0.0,69,-0.0,-0.0,0.0,0.0,0.0,0.0,0.0,0.0,0.0,0,0,0,0.0,0.0,0.0,0.0,0.0,0.0,0.0,0.0,0.0,0.0,0.0,0.0,0.0,0.0,0.0,0.0,0,-107875648.0,69,0.0,138,0.0,-100793952.0,0,13107,17085,39322,17098,52429,17078,0,0,0,70,68,100,0.0,82.2,2.730238278947072e+23,77.7,2.730238639235042e+23,78.5,1,49,50,180,52429,13107,0,0,0.0,0.0,0.0,0.0,-0.0,67.0,0.0,162057.094,0.0,969,0,991,0,0,0,946,0,1013,0,914,0,787,0,777,0,821,0,7520,0.032,2.0176126330619822e+19,0.0,0.0,784,16797,-0.0,162057.094,-114818.039,-0.0,0.133,6.909358625270745e+28,30.0,70.0,35,0.0,0.0,0.0,0.0,0.0,0.0,0.0,0.0,0.0,0.0,0.0,0.0,0.0,0.0,0.0,0.0,66.4,0,150,71,51,65476,0,300,0,0,8,20529,65476,0,0,44564,70.0,0.0,0.0,0.0,0.0,0.0
2026-09-10T21:50:54,ERR,ERR,ERR,ERR,ERR,ERR,ERR,ERR,ERR,ERR,ERR,ERR,ERR,ERR,ERR,ERR,ERR,ERR,ERR,ERR,ERR,ERR,ERR,ERR,ERR,ERR,ERR,ERR,ERR,ERR,ERR,ERR,ERR,ERR,ERR,ERR,ERR,ERR,ERR,ERR,ERR,ERR,ERR,ERR,ERR,ERR,ERR,ERR,ERR,ERR,ERR,ERR,ERR,ERR,ERR,ERR,ERR,ERR,ERR,ERR,ERR,ERR,ERR,ERR,ERR,ERR,ERR,ERR,ERR,ERR,ERR,ERR,ERR,ERR,ERR,ERR,ERR,ERR,ERR,ERR,ERR,ERR,ERR,ERR,ERR,ERR,ERR,ERR,ERR,ERR,ERR,ERR,ERR,ERR,ERR,ERR,ERR,ERR,ERR,ERR,ERR,ERR,ERR,ERR,ERR,ERR,ERR,ERR,ERR,ERR,ERR,ERR,ERR,ERR,ERR,ERR,ERR,ERR,ERR,ERR,ERR,ERR,ERR,ERR,ERR,0.0,0.0,0.0,0.0,0.0,1.3936040501711995e+18,7.805,0.0,0,0,4,0,7116,0.0,100,0.0,0.0,0.0,0.0,0.0,0,0,0,0,0.0,0,0,0,0,0,0,0,0,0,0,0,0,0,0,0,0,0,0,0,0,0,0,0,0,0,0,0,0,0,0,0,0,0,31,40,40,71,65476,0,300,0,0,8,21553,0.0,-107605600.0,0.0,0.0,0.0,0.0,0.0,0.0,0.0,0.0,0.0,0.0,0.0,0.0,0.0,0.0,0.0,0.0,0.0,0.0,0.0,0.0,0.0,0.0,0.0,2.004,0.0,0.0,0.0,0.0,4539.0,0.0,6913.0,0.0,-107615352.0,-0.0,-107615304.0,0.0,0.0,0.0,0.0,69,-0.0,-0.0,0.0,0.0,0.0,0.0,0.0,0.0,0.0,0,0,0,0.0,0.0,0.0,0.0,0.0,0.0,0.0,0.0,0.0,0.0,0.0,0.0,0.0,0.0,0.0,0.0,0,-107875648.0,69,0.0,138,0.0,-100793952.0,0,13107,17085,39322,17098,52429,17078,0,0,0,70,68,100,0.0,82.2,2.730238278947072e+23,77.7,2.730238639235042e+23,78.5,1,49,50,180,52429,13107,0,0,0.0,0.0,0.0,0.0,-0.0,67.0,0.0,162057.094,0.0,969,0,991,0,0,0,946,0,1013,0,914,0,787,0,777,0,821,0,7520,0.032,2.0176126330619822e+19,0.0,0.0,784,16797,-0.0,162057.094,-114818.039,-0.0,0.133,6.909358625270745e+28,30.0,70.0,35,0.0,0.0,0.0,0.0,0.0,0.0,0.0,0.0,0.0,0.0,0.0,0.0,0.0,0.0,0.0,0.0,66.4,0,150,71,51,65476,0,300,0,0,8,20529,65476,0,0,44564,70.0,0.0,0.0,0.0,0.0,0.0
2026-09-10T21:50:55,ERR,ERR,ERR,ERR,ERR,ERR,ERR,ERR,ERR,ERR,ERR,ERR,ERR,ERR,ERR,ERR,ERR,ERR,ERR,ERR,ERR,ERR,ERR,ERR,ERR,ERR,ERR,ERR,ERR,ERR,ERR,ERR,ERR,ERR,ERR,ERR,ERR,ERR,ERR,ERR,ERR,ERR,ERR,ERR,ERR,ERR,ERR,ERR,ERR,ERR,ERR,ERR,ERR,ERR,ERR,ERR,ERR,ERR,ERR,ERR,ERR,ERR,ERR,ERR,ERR,ERR,ERR,ERR,ERR,ERR,ERR,ERR,ERR,ERR,ERR,ERR,ERR,ERR,ERR,ERR,ERR,ERR,ERR,ERR,ERR,ERR,ERR,ERR,ERR,ERR,ERR,ERR,ERR,ERR,ERR,ERR,ERR,ERR,ERR,ERR,ERR,ERR,ERR,ERR,ERR,ERR,ERR,ERR,ERR,ERR,ERR,ERR,ERR,ERR,ERR,ERR,ERR,ERR,ERR,ERR,ERR,ERR,ERR,ERR,ERR,0.0,0.0,0.0,0.0,0.0,1.3936040501711995e+18,7.805,0.0,0,0,4,0,7116,0.0,100,0.0,0.0,0.0,0.0,0.0,0,0,0,0,0.0,0,0,0,0,0,0,0,0,0,0,0,0,0,0,0,0,0,0,0,0,0,0,0,0,0,0,0,0,0,0,0,0,0,31,40,40,71,65476,0,300,0,0,8,21553,0.0,-107605600.0,0.0,0.0,0.0,0.0,0.0,0.0,0.0,0.0,0.0,0.0,0.0,0.0,0.0,0.0,0.0,0.0,0.0,0.0,0.0,0.0,0.0,0.0,0.0,2.004,0.0,0.0,0.0,0.0,4539.0,0.0,6913.0,0.0,-107615352.0,-0.0,-107615304.0,0.0,0.0,0.0,0.0,69,-0.0,-0.0,0.0,0.0,0.0,0.0,0.0,0.0,0.0,0,0,0,0.0,0.0,0.0,0.0,0.0,0.0,0.0,0.0,0.0,0.0,0.0,0.0,0.0,0.0,0.0,0.0,0,-107875648.0,69,0.0,138,0.0,-100793952.0,0,13107,17085,39322,17098,52429,17078,0,0,0,70,68,100,0.0,82.2,2.730238278947072e+23,77.7,2.730238639235042e+23,78.5,1,49,50,180,52429,13107,0,0,0.0,0.0,0.0,0.0,-0.0,67.0,0.0,162057.094,0.0,969,0,991,0,0,0,946,0,1013,0,914,0,787,0,777,0,821,0,7520,0.032,2.0176126330619822e+19,0.0,0.0,784,16797,-0.0,162057.094,-114818.039,-0.0,0.133,6.909358625270745e+28,30.0,70.0,35,0.0,0.0,0.0,0.0,0.0,0.0,0.0,0.0,0.0,0.0,0.0,0.0,0.0,0.0,0.0,0.0,66.4,0,150,71,51,65476,0,300,0,0,8,20529,65476,0,0,44564,70.0,0.0,0.0,0.0,0.0,0.0
2026-09-10T21:50:56,ERR,ERR,ERR,ERR,ERR,ERR,ERR,ERR,ERR,ERR,ERR,ERR,ERR,ERR,ERR,ERR,ERR,ERR,ERR,ERR,ERR,ERR,ERR,ERR,ERR,ERR,ERR,ERR,ERR,ERR,ERR,ERR,ERR,ERR,ERR,ERR,ERR,ERR,ERR,ERR,ERR,ERR,ERR,ERR,ERR,ERR,ERR,ERR,ERR,ERR,ERR,ERR,ERR,ERR,ERR,ERR,ERR,ERR,ERR,ERR,ERR,ERR,ERR,ERR,ERR,ERR,ERR,ERR,ERR,ERR,ERR,ERR,ERR,ERR,ERR,ERR,ERR,ERR,ERR,ERR,ERR,ERR,ERR,ERR,ERR,ERR,ERR,ERR,ERR,ERR,ERR,ERR,ERR,ERR,ERR,ERR,ERR,ERR,ERR,ERR,ERR,ERR,ERR,ERR,ERR,ERR,ERR,ERR,ERR,ERR,ERR,ERR,ERR,ERR,ERR,ERR,ERR,ERR,ERR,ERR,ERR,ERR,ERR,ERR,ERR,0.0,0.0,0.0,0.0,0.0,1.3936040501711995e+18,7.805,0.0,0,0,4,0,7116,0.0,100,0.0,0.0,0.0,0.0,0.0,0,0,0,0,0.0,0,0,0,0,0,0,0,0,0,0,0,0,0,0,0,0,0,0,0,0,0,0,0,0,0,0,0,0,0,0,0,0,0,31,40,40,71,65476,0,300,0,0,8,21553,0.0,-107605600.0,0.0,0.0,0.0,0.0,0.0,0.0,0.0,0.0,0.0,0.0,0.0,0.0,0.0,0.0,0.0,0.0,0.0,0.0,0.0,0.0,0.0,0.0,0.0,2.004,0.0,0.0,0.0,0.0,4539.0,0.0,6913.0,0.0,-107615352.0,-0.0,-107615304.0,0.0,0.0,0.0,0.0,69,-0.0,-0.0,0.0,0.0,0.0,0.0,0.0,0.0,0.0,0,0,0,0.0,0.0,0.0,0.0,0.0,0.0,0.0,0.0,0.0,0.0,0.0,0.0,0.0,0.0,0.0,0.0,0,-107875648.0,69,0.0,138,0.0,-100793952.0,0,13107,17085,39322,17098,52429,17078,0,0,0,70,68,100,0.0,82.2,2.730238278947072e+23,77.7,2.730238639235042e+23,78.5,1,49,50,180,52429,13107,0,0,0.0,0.0,0.0,0.0,-0.0,67.0,0.0,162057.094,0.0,969,0,991,0,0,0,946,0,1013,0,914,0,787,0,777,0,821,0,7520,0.032,2.0176126330619822e+19,0.0,0.0,784,16797,-0.0,162057.094,-114818.039,-0.0,0.133,6.909358625270745e+28,30.0,70.0,35,0.0,0.0,0.0,0.0,0.0,0.0,0.0,0.0,0.0,0.0,0.0,0.0,0.0,0.0,0.0,0.0,66.4,0,150,71,51,65476,0,300,0,0,8,20529,65476,0,0,44564,70.0,0.0,0.0,0.0,0.0,0.0
2026-09-10T21:50:57,ERR,ERR,ERR,ERR,ERR,ERR,ERR,ERR,ERR,ERR,ERR,ERR,ERR,ERR,ERR,ERR,ERR,ERR,ERR,ERR,ERR,ERR,ERR,ERR,ERR,ERR,ERR,ERR,ERR,ERR,ERR,ERR,ERR,ERR,ERR,ERR,ERR,ERR,ERR,ERR,ERR,ERR,ERR,ERR,ERR,ERR,ERR,ERR,ERR,ERR,ERR,ERR,ERR,ERR,ERR,ERR,ERR,ERR,ERR,ERR,ERR,ERR,ERR,ERR,ERR,ERR,ERR,ERR,ERR,ERR,ERR,ERR,ERR,ERR,ERR,ERR,ERR,ERR,ERR,ERR,ERR,ERR,ERR,ERR,ERR,ERR,ERR,ERR,ERR,ERR,ERR,ERR,ERR,ERR,ERR,ERR,ERR,ERR,ERR,ERR,ERR,ERR,ERR,ERR,ERR,ERR,ERR,ERR,ERR,ERR,ERR,ERR,ERR,ERR,ERR,ERR,ERR,ERR,ERR,ERR,ERR,ERR,ERR,ERR,ERR,0.0,-107615352.0,-0.0,0.0,0.0,1.3936040501711995e+18,7.805,0.0,0,0,4,0,7116,0.0,100,0.0,0.0,0.0,0.0,0.0,0,0,0,0,0.0,0,0,0,0,0,0,0,0,0,0,0,0,0,0,0,0,0,0,0,0,0,0,0,0,0,0,0,0,0,0,0,0,0,31,40,40,71,65476,0,300,0,0,8,21553,0.0,-107605600.0,0.0,0.0,0.0,0.0,0.0,0.0,0.0,0.0,0.0,0.0,0.0,0.0,0.0,0.0,0.0,0.0,0.0,0.0,0.0,0.0,0.0,0.0,0.0,0.0,0.0,0.0,0.0,0.0,4521.0,0.0,6913.0,0.0,-107615352.0,-0.0,-0.0,0.0,0.0,0.0,0.0,69,-0.0,2.718413807909433e+23,0.0,0.0,0.0,0.0,0.0,0.0,0.0,0,0,0,0.0,0.0,0.0,0.0,0.0,0.0,0.0,0.0,0.0,0.0,0.0,0.0,0.0,0.0,0.0,0.0,0,-107875648.0,69,0.0,138,0.0,-100793952.0,0,13107,17085,39322,17098,52429,17078,0,0,0,70,68,100,0.0,82.2,2.730238278947072e+23,77.7,2.730238639235042e+23,78.5,1,49,50,180,52429,13107,0,0,0.0,0.0,0.0,0.0,-0.0,67.0,0.0,162057.094,0.0,969,0,991,0,0,0,946,0,1013,0,914,0,787,0,777,0,821,0,7520,0.032,2.032024151869568e+19,0.0,0.0,784,16797,-0.0,162057.094,-114818.039,-0.0,0.133,6.909358625270745e+28,30.0,70.0,35,0.0,0.0,0.0,0.0,0.0,0.0,0.0,0.0,0.0,0.0,0.0,0.0,0.0,0.0,0.0,0.0,66.4,0,150,71,51,65476,0,300,0,0,8,20529,65476,0,0,44564,70.0,0.0,0.0,0.0,0.0,0.0
2026-09-10T21:50:58,ERR,ERR,ERR,ERR,ERR,ERR,ERR,ERR,ERR,ERR,ERR,ERR,ERR,ERR,ERR,ERR,ERR,ERR,ERR,ERR,ERR,ERR,ERR,ERR,ERR,ERR,ERR,ERR,ERR,ERR,ERR,ERR,ERR,ERR,ERR,ERR,ERR,ERR,ERR,ERR,ERR,ERR,ERR,ERR,ERR,ERR,ERR,ERR,ERR,ERR,ERR,ERR,ERR,ERR,ERR,ERR,ERR,ERR,ERR,ERR,ERR,ERR,ERR,ERR,ERR,ERR,ERR,ERR,ERR,ERR,ERR,ERR,ERR,ERR,ERR,ERR,ERR,ERR,ERR,ERR,ERR,ERR,ERR,ERR,ERR,ERR,ERR,ERR,ERR,ERR,ERR,ERR,ERR,ERR,ERR,ERR,ERR,ERR,ERR,ERR,ERR,ERR,ERR,ERR,ERR,ERR,ERR,ERR,ERR,ERR,ERR,ERR,ERR,ERR,ERR,ERR,ERR,ERR,ERR,ERR,ERR,ERR,ERR,ERR,ERR,0.0,-107615352.0,-0.0,0.0,0.0,1.3936040501711995e+18,7.805,0.0,0,0,4,0,7116,0.0,100,0.0,0.0,0.0,0.0,0.0,0,0,0,0,0.0,0,0,0,0,0,0,0,0,0,0,0,0,0,0,0,0,0,0,0,0,0,0,0,0,0,0,0,0,0,0,0,0,0,31,40,40,71,65476,0,300,0,0,8,21553,0.0,-107605600.0,0.0,0.0,0.0,0.0,0.0,0.0,0.0,0.0,0.0,0.0,0.0,0.0,0.0,0.0,0.0,0.0,0.0,0.0,0.0,0.0,0.0,0.0,0.0,0.0,0.0,0.0,0.0,0.0,4521.0,0.0,6913.0,0.0,-107615352.0,-0.0,-0.0,0.0,0.0,0.0,0.0,69,-0.0,2.718413807909433e+23,0.0,0.0,0.0,0.0,0.0,0.0,0.0,0,0,0,0.0,0.0,0.0,0.0,0.0,0.0,0.0,0.0,0.0,0.0,0.0,0.0,0.0,0.0,0.0,0.0,0,-107875648.0,69,0.0,138,0.0,-100793952.0,0,13107,17085,39322,17098,52429,17078,0,0,0,70,68,100,0.0,82.2,2.730238278947072e+23,77.7,2.730238639235042e+23,78.5,1,49,50,180,52429,13107,0,0,0.0,0.0,0.0,0.0,-0.0,67.0,0.0,162057.094,0.0,969,0,991,0,0,0,946,0,1013,0,914,0,787,0,777,0,821,0,7520,0.032,2.032024151869568e+19,0.0,0.0,784,16797,-0.0,162057.094,-114818.039,-0.0,0.133,6.909358625270745e+28,30.0,70.0,35,0.0,0.0,0.0,0.0,0.0,0.0,0.0,0.0,0.0,0.0,0.0,0.0,0.0,0.0,0.0,0.0,66.4,0,150,71,51,65476,0,300,0,0,8,20529,65476,0,0,44564,70.0,0.0,0.0,0.0,0.0,0.0
2026-09-10T21:50:59,ERR,ERR,ERR,ERR,ERR,ERR,ERR,ERR,ERR,ERR,ERR,ERR,ERR,ERR,ERR,ERR,ERR,ERR,ERR,ERR,ERR,ERR,ERR,ERR,ERR,ERR,ERR,ERR,ERR,ERR,ERR,ERR,ERR,ERR,ERR,ERR,ERR,ERR,ERR,ERR,ERR,ERR,ERR,ERR,ERR,ERR,ERR,ERR,ERR,ERR,ERR,ERR,ERR,ERR,ERR,ERR,ERR,ERR,ERR,ERR,ERR,ERR,ERR,ERR,ERR,ERR,ERR,ERR,ERR,ERR,ERR,ERR,ERR,ERR,ERR,ERR,ERR,ERR,ERR,ERR,ERR,ERR,ERR,ERR,ERR,ERR,ERR,ERR,ERR,ERR,ERR,ERR,ERR,ERR,ERR,ERR,ERR,ERR,ERR,ERR,ERR,ERR,ERR,ERR,ERR,ERR,ERR,ERR,ERR,ERR,ERR,ERR,ERR,ERR,ERR,ERR,ERR,ERR,ERR,ERR,ERR,ERR,ERR,ERR,ERR,0.0,-107615352.0,-0.0,0.0,0.0,1.3936040501711995e+18,7.805,0.0,0,0,4,0,7116,0.0,100,0.0,0.0,0.0,0.0,0.0,0,0,0,0,0.0,0,0,0,0,0,0,0,0,0,0,0,0,0,0,0,0,0,0,0,0,0,0,0,0,0,0,0,0,0,0,0,0,0,31,40,40,71,65476,0,300,0,0,8,21553,0.0,-107605600.0,0.0,0.0,0.0,0.0,0.0,0.0,0.0,0.0,0.0,0.0,0.0,0.0,0.0,0.0,0.0,0.0,0.0,0.0,0.0,0.0,0.0,0.0,0.0,0.0,0.0,0.0,0.0,0.0,4521.0,0.0,6913.0,0.0,-107615352.0,-0.0,-0.0,0.0,0.0,0.0,0.0,69,-0.0,2.718413807909433e+23,0.0,0.0,0.0,0.0,0.0,0.0,0.0,0,0,0,0.0,0.0,0.0,0.0,0.0,0.0,0.0,0.0,0.0,0.0,0.0,0.0,0.0,0.0,0.0,0.0,0,-107875648.0,69,0.0,138,0.0,-100793952.0,0,13107,17085,39322,17098,52429,17078,0,0,0,70,68,100,0.0,82.2,2.730238278947072e+23,77.7,2.730238639235042e+23,78.5,1,49,50,180,52429,13107,0,0,0.0,0.0,0.0,0.0,-0.0,67.0,0.0,162057.094,0.0,969,0,991,0,0,0,946,0,1013,0,914,0,787,0,777,0,821,0,7520,0.032,2.032024151869568e+19,0.0,0.0,784,16797,-0.0,162057.094,-114818.039,-0.0,0.133,6.909358625270745e+28,30.0,70.0,35,0.0,0.0,0.0,0.0,0.0,0.0,0.0,0.0,0.0,0.0,0.0,0.0,0.0,0.0,0.0,0.0,66.4,0,150,71,51,65476,0,300,0,0,8,20529,65476,0,0,44564,70.0,0.0,0.0,0.0,0.0,0.0
2026-09-10T21:51:00,ERR,ERR,ERR,ERR,ERR,ERR,ERR,ERR,ERR,ERR,ERR,ERR,ERR,ERR,ERR,ERR,ERR,ERR,ERR,ERR,ERR,ERR,ERR,ERR,ERR,ERR,ERR,ERR,ERR,ERR,ERR,ERR,ERR,ERR,ERR,ERR,ERR,ERR,ERR,ERR,ERR,ERR,ERR,ERR,ERR,ERR,ERR,ERR,ERR,ERR,ERR,ERR,ERR,ERR,ERR,ERR,ERR,ERR,ERR,ERR,ERR,ERR,ERR,ERR,ERR,ERR,ERR,ERR,ERR,ERR,ERR,ERR,ERR,ERR,ERR,ERR,ERR,ERR,ERR,ERR,ERR,ERR,ERR,ERR,ERR,ERR,ERR,ERR,ERR,ERR,ERR,ERR,ERR,ERR,ERR,ERR,ERR,ERR,ERR,ERR,ERR,ERR,ERR,ERR,ERR,ERR,ERR,ERR,ERR,ERR,ERR,ERR,ERR,ERR,ERR,ERR,ERR,ERR,ERR,ERR,ERR,ERR,ERR,ERR,ERR,0.0,-107615352.0,-0.0,0.0,0.0,1.3936040501711995e+18,7.805,0.0,0,0,4,0,7116,0.0,100,0.0,0.0,0.0,0.0,0.0,0,0,0,0,0.0,0,0,0,0,0,0,0,0,0,0,0,0,0,0,0,0,0,0,0,0,0,0,0,0,0,0,0,0,0,0,0,0,0,31,40,40,71,65476,0,300,0,0,8,21553,0.0,-107605600.0,0.0,0.0,0.0,0.0,0.0,0.0,0.0,0.0,0.0,0.0,0.0,0.0,0.0,0.0,0.0,0.0,0.0,0.0,0.0,0.0,0.0,0.0,0.0,0.0,0.0,0.0,0.0,0.0,4521.0,0.0,6913.0,0.0,-107615352.0,-0.0,-0.0,0.0,0.0,0.0,0.0,69,-0.0,2.718413807909433e+23,0.0,0.0,0.0,0.0,0.0,0.0,0.0,0,0,0,0.0,0.0,0.0,0.0,0.0,0.0,0.0,0.0,0.0,0.0,0.0,0.0,0.0,0.0,0.0,0.0,0,-107875648.0,69,0.0,138,0.0,-100793952.0,0,13107,17085,39322,17098,52429,17078,0,0,0,70,68,100,0.0,82.2,2.730238278947072e+23,77.7,2.730238639235042e+23,78.5,1,49,50,180,52429,13107,0,0,0.0,0.0,0.0,0.0,-0.0,67.0,0.0,162057.094,0.0,969,0,991,0,0,0,946,0,1013,0,914,0,787,0,777,0,821,0,7520,0.032,2.032024151869568e+19,0.0,0.0,784,16797,-0.0,162057.094,-114818.039,-0.0,0.133,6.909358625270745e+28,30.0,70.0,35,0.0,0.0,0.0,0.0,0.0,0.0,0.0,0.0,0.0,0.0,0.0,0.0,0.0,0.0,0.0,0.0,66.8,0,150,71,51,65476,0,300,0,0,8,20529,65476,0,0,44564,70.0,0.0,0.0,0.0,0.0,0.0
2026-09-10T21:51:01,ERR,ERR,ERR,ERR,ERR,ERR,ERR,ERR,ERR,ERR,ERR,ERR,ERR,ERR,ERR,ERR,ERR,ERR,ERR,ERR,ERR,ERR,ERR,ERR,ERR,ERR,ERR,ERR,ERR,ERR,ERR,ERR,ERR,ERR,ERR,ERR,ERR,ERR,ERR,ERR,ERR,ERR,ERR,ERR,ERR,ERR,ERR,ERR,ERR,ERR,ERR,ERR,ERR,ERR,ERR,ERR,ERR,ERR,ERR,ERR,ERR,ERR,ERR,ERR,ERR,ERR,ERR,ERR,ERR,ERR,ERR,ERR,ERR,ERR,ERR,ERR,ERR,ERR,ERR,ERR,ERR,ERR,ERR,ERR,ERR,ERR,ERR,ERR,ERR,ERR,ERR,ERR,ERR,ERR,ERR,ERR,ERR,ERR,ERR,ERR,ERR,ERR,ERR,ERR,ERR,ERR,ERR,ERR,ERR,ERR,ERR,ERR,ERR,ERR,ERR,ERR,ERR,ERR,ERR,ERR,ERR,ERR,ERR,ERR,ERR,0.0,-107615352.0,-0.0,0.0,0.0,1.3936040501711995e+18,7.805,0.0,0,0,4,0,7116,0.0,100,0.0,0.0,0.0,0.0,0.0,0,0,0,0,0.0,0,0,0,0,0,0,0,0,0,0,0,0,0,0,0,0,0,0,0,0,0,0,0,0,0,0,0,0,0,0,0,0,0,31,40,40,71,65476,0,300,0,0,8,21553,0.0,-107605600.0,0.0,0.0,0.0,0.0,0.0,0.0,0.0,0.0,0.0,0.0,0.0,0.0,0.0,0.0,0.0,0.0,0.0,0.0,0.0,0.0,0.0,0.0,0.0,0.0,0.0,0.0,0.0,0.0,4521.0,0.0,6913.0,0.0,-107615352.0,-0.0,-0.0,0.0,0.0,0.0,0.0,69,-0.0,2.718413807909433e+23,0.0,0.0,0.0,0.0,0.0,0.0,0.0,0,0,0,0.0,0.0,0.0,0.0,0.0,0.0,0.0,0.0,0.0,0.0,0.0,0.0,0.0,0.0,0.0,0.0,0,-107875648.0,69,0.0,138,0.0,-100793952.0,0,13107,17085,39322,17098,52429,17078,0,0,0,70,68,100,0.0,82.2,2.730238278947072e+23,77.7,2.730238639235042e+23,78.5,1,49,50,180,52429,13107,0,0,0.0,0.0,0.0,0.0,-0.0,67.0,0.0,162057.094,0.0,969,0,991,0,0,0,946,0,1013,0,914,0,787,0,777,0,821,0,7520,0.032,2.032024151869568e+19,0.0,0.0,784,16797,-0.0,162057.094,-114818.039,-0.0,0.133,6.909358625270745e+28,30.0,70.0,35,0.0,0.0,0.0,0.0,0.0,0.0,0.0,0.0,0.0,0.0,0.0,0.0,0.0,0.0,0.0,0.0,66.8,0,150,71,51,65476,0,300,0,0,8,20529,65476,0,0,44564,70.0,0.0,0.0,0.0,0.0,0.0
2026-09-10T21:51:02,ERR,ERR,ERR,ERR,ERR,ERR,ERR,ERR,ERR,ERR,ERR,ERR,ERR,ERR,ERR,ERR,ERR,ERR,ERR,ERR,ERR,ERR,ERR,ERR,ERR,ERR,ERR,ERR,ERR,ERR,ERR,ERR,ERR,ERR,ERR,ERR,ERR,ERR,ERR,ERR,ERR,ERR,ERR,ERR,ERR,ERR,ERR,ERR,ERR,ERR,ERR,ERR,ERR,ERR,ERR,ERR,ERR,ERR,ERR,ERR,ERR,ERR,ERR,ERR,ERR,ERR,ERR,ERR,ERR,ERR,ERR,ERR,ERR,ERR,ERR,ERR,ERR,ERR,ERR,ERR,ERR,ERR,ERR,ERR,ERR,ERR,ERR,ERR,ERR,ERR,ERR,ERR,ERR,ERR,ERR,ERR,ERR,ERR,ERR,ERR,ERR,ERR,ERR,ERR,ERR,ERR,ERR,ERR,ERR,ERR,ERR,ERR,ERR,ERR,ERR,ERR,ERR,ERR,ERR,ERR,ERR,ERR,ERR,ERR,ERR,0.0,-107615352.0,-0.0,0.0,0.0,1.3936040501711995e+18,7.805,0.0,0,0,4,0,7116,0.0,100,0.0,0.0,0.0,0.0,0.0,0,0,0,0,0.0,0,0,0,0,0,0,0,0,0,0,0,0,0,0,0,0,0,0,0,0,0,0,0,0,0,0,0,0,0,0,0,0,0,31,40,40,71,65476,0,300,0,0,8,21553,0.0,-107605600.0,0.0,0.0,0.0,0.0,0.0,0.0,0.0,0.0,0.0,0.0,0.0,0.0,0.0,0.0,0.0,0.0,0.0,0.0,0.0,0.0,0.0,0.0,0.0,0.0,0.0,0.0,0.0,0.0,4521.0,0.0,6913.0,0.0,-107615352.0,-0.0,-0.0,0.0,0.0,0.0,0.0,69,-0.0,2.718413807909433e+23,0.0,0.0,0.0,0.0,0.0,0.0,0.0,0,0,0,0.0,0.0,0.0,0.0,0.0,0.0,0.0,0.0,0.0,0.0,0.0,0.0,0.0,0.0,0.0,0.0,0,-107875648.0,69,0.0,138,0.0,-100793952.0,0,13107,17085,39322,17098,52429,17078,0,0,0,70,68,100,0.0,82.2,2.730238278947072e+23,77.7,2.730238639235042e+23,78.5,1,49,50,180,52429,13107,0,0,0.0,0.0,0.0,0.0,-0.0,67.0,0.0,162057.094,0.0,969,0,991,0,0,0,946,0,1013,0,914,0,787,0,777,0,821,0,7520,0.032,2.032024151869568e+19,0.0,0.0,784,16797,-0.0,162057.094,-114818.039,-0.0,0.133,6.909358625270745e+28,30.0,70.0,35,0.0,0.0,0.0,0.0,0.0,0.0,0.0,0.0,0.0,0.0,0.0,0.0,0.0,0.0,0.0,0.0,66.8,0,150,71,51,65476,0,300,0,0,8,20529,65476,0,0,44564,70.0,0.0,0.0,0.0,0.0,0.0
2026-09-10T21:51:03,ERR,ERR,ERR,ERR,ERR,ERR,ERR,ERR,ERR,ERR,ERR,ERR,ERR,ERR,ERR,ERR,ERR,ERR,ERR,ERR,ERR,ERR,ERR,ERR,ERR,ERR,ERR,ERR,ERR,ERR,ERR,ERR,ERR,ERR,ERR,ERR,ERR,ERR,ERR,ERR,ERR,ERR,ERR,ERR,ERR,ERR,ERR,ERR,ERR,ERR,ERR,ERR,ERR,ERR,ERR,ERR,ERR,ERR,ERR,ERR,ERR,ERR,ERR,ERR,ERR,ERR,ERR,ERR,ERR,ERR,ERR,ERR,ERR,ERR,ERR,ERR,ERR,ERR,ERR,ERR,ERR,ERR,ERR,ERR,ERR,ERR,ERR,ERR,ERR,ERR,ERR,ERR,ERR,ERR,ERR,ERR,ERR,ERR,ERR,ERR,ERR,ERR,ERR,ERR,ERR,ERR,ERR,ERR,ERR,ERR,ERR,ERR,ERR,ERR,ERR,ERR,ERR,ERR,ERR,ERR,ERR,ERR,ERR,ERR,ERR,0.0,-107615352.0,-0.0,0.0,0.0,1.3936040501711995e+18,7.805,0.0,0,0,4,0,7116,0.0,100,0.0,0.0,0.0,0.0,0.0,0,0,0,0,0.0,0,0,0,0,0,0,0,0,0,0,0,0,0,0,0,0,0,0,0,0,0,0,0,0,0,0,0,0,0,0,0,0,0,31,40,40,71,65476,0,300,0,0,8,21553,0.0,-107605600.0,0.0,0.0,0.0,0.0,0.0,0.0,0.0,0.0,0.0,0.0,0.0,0.0,0.0,0.0,0.0,0.0,0.0,0.0,0.0,0.0,0.0,0.0,0.0,0.0,0.0,0.0,0.0,0.0,4521.0,0.0,6913.0,0.0,-107615352.0,-0.0,-0.0,0.0,0.0,0.0,0.0,69,-0.0,2.718413807909433e+23,0.0,0.0,0.0,0.0,0.0,0.0,0.0,0,0,0,0.0,0.0,0.0,0.0,0.0,0.0,0.0,0.0,0.0,0.0,0.0,0.0,0.0,0.0,0.0,0.0,0,-107875648.0,69,0.0,138,0.0,-100793952.0,0,13107,17085,39322,17098,52429,17078,0,0,0,70,68,100,0.0,82.2,2.730238278947072e+23,77.7,2.730238639235042e+23,78.5,1,49,50,180,39322,13107,0,0,0.0,0.0,0.0,0.0,-0.0,67.0,0.0,162057.094,0.0,968,0,991,0,0,0,946,0,1013,0,914,0,787,0,777,0,821,0,7520,0.032,2.0176126330619822e+19,0.0,0.0,784,16797,-0.0,162057.094,-114818.039,-0.0,0.133,6.909358625270745e+28,30.0,70.0,35,0.0,0.0,0.0,0.0,0.0,0.0,0.0,0.0,0.0,0.0,0.0,0.0,0.0,0.0,0.0,0.0,66.4,0,150,71,51,65476,0,300,0,0,8,20529,65476,0,0,44564,70.0,0.0,0.0,0.0,0.0,0.0
2026-09-10T21:51:04,ERR,ERR,ERR,ERR,ERR,ERR,ERR,ERR,ERR,ERR,ERR,ERR,ERR,ERR,ERR,ERR,ERR,ERR,ERR,ERR,ERR,ERR,ERR,ERR,ERR,ERR,ERR,ERR,ERR,ERR,ERR,ERR,ERR,ERR,ERR,ERR,ERR,ERR,ERR,ERR,ERR,ERR,ERR,ERR,ERR,ERR,ERR,ERR,ERR,ERR,ERR,ERR,ERR,ERR,ERR,ERR,ERR,ERR,ERR,ERR,ERR,ERR,ERR,ERR,ERR,ERR,ERR,ERR,ERR,ERR,ERR,ERR,ERR,ERR,ERR,ERR,ERR,ERR,ERR,ERR,ERR,ERR,ERR,ERR,ERR,ERR,ERR,ERR,ERR,ERR,ERR,ERR,ERR,ERR,ERR,ERR,ERR,ERR,ERR,ERR,ERR,ERR,ERR,ERR,ERR,ERR,ERR,ERR,ERR,ERR,ERR,ERR,ERR,ERR,ERR,ERR,ERR,ERR,ERR,ERR,ERR,ERR,ERR,ERR,ERR,0.0,-107615352.0,-0.0,0.0,0.0,1.3936040501711995e+18,7.805,0.0,0,0,4,0,7116,0.0,100,0.0,0.0,0.0,0.0,0.0,0,0,0,0,0.0,0,0,0,0,0,0,0,0,0,0,0,0,0,0,0,0,0,0,0,0,0,0,0,0,0,0,0,0,0,0,0,0,0,31,40,40,71,65476,0,300,0,0,8,21553,0.0,-107605600.0,0.0,0.0,0.0,0.0,0.0,0.0,0.0,0.0,0.0,0.0,0.0,0.0,0.0,0.0,0.0,0.0,0.0,0.0,0.0,0.0,-2.004,-2.004,0.0,2.004,0.0,0.0,0.0,0.0,4539.0,0.0,6914.0,0.0,0.0,-0.0,-107615304.0,0.0,0.0,0.0,0.0,69,-0.0,-0.0,0.0,0.0,0.0,0.0,0.0,0.0,0.0,0,0,0,0.0,0.0,0.0,0.0,0.0,0.0,0.0,0.0,0.0,0.0,0.0,0.0,0.0,0.0,0.0,0.0,0,-107875648.0,69,0.0,138,0.0,-100793952.0,0,13107,17085,39322,17098,52429,17078,0,0,0,70,68,100,0.0,82.2,2.730238278947072e+23,77.7,2.730238639235042e+23,78.5,1,49,50,180,39322,13107,0,0,0.0,0.0,0.0,0.0,-0.0,67.0,0.0,162057.094,0.0,968,0,991,0,0,0,946,0,1013,0,914,0,787,0,777,0,821,0,7520,0.032,2.0176126330619822e+19,0.0,0.0,784,16797,-0.0,162057.094,-114818.039,-0.0,0.133,6.909358625270745e+28,30.0,70.0,35,0.0,0.0,0.0,0.0,0.0,0.0,0.0,0.0,0.0,0.0,0.0,0.0,0.0,0.0,0.0,0.0,66.4,0,150,71,51,65476,0,300,0,0,8,20529,65476,0,0,44564,70.0,0.0,0.0,0.0,0.0,0.0
2026-09-10T21:51:05,ERR,ERR,ERR,ERR,ERR,ERR,ERR,ERR,ERR,ERR,ERR,ERR,ERR,ERR,ERR,ERR,ERR,ERR,ERR,ERR,ERR,ERR,ERR,ERR,ERR,ERR,ERR,ERR,ERR,ERR,ERR,ERR,ERR,ERR,ERR,ERR,ERR,ERR,ERR,ERR,ERR,ERR,ERR,ERR,ERR,ERR,ERR,ERR,ERR,ERR,ERR,ERR,ERR,ERR,ERR,ERR,ERR,ERR,ERR,ERR,ERR,ERR,ERR,ERR,ERR,ERR,ERR,ERR,ERR,ERR,ERR,ERR,ERR,ERR,ERR,ERR,ERR,ERR,ERR,ERR,ERR,ERR,ERR,ERR,ERR,ERR,ERR,ERR,ERR,ERR,ERR,ERR,ERR,ERR,ERR,ERR,ERR,ERR,ERR,ERR,ERR,ERR,ERR,ERR,ERR,ERR,ERR,ERR,ERR,ERR,ERR,ERR,ERR,ERR,ERR,ERR,ERR,ERR,ERR,ERR,ERR,ERR,ERR,ERR,ERR,0.0,-107615352.0,-0.0,0.0,0.0,1.3936040501711995e+18,7.805,0.0,0,0,4,0,7116,0.0,100,0.0,0.0,0.0,0.0,0.0,0,0,0,0,0.0,0,0,0,0,0,0,0,0,0,0,0,0,0,0,0,0,0,0,0,0,0,0,0,0,0,0,0,0,0,0,0,0,0,31,40,40,71,65476,0,300,0,0,8,21553,0.0,-107605600.0,0.0,0.0,0.0,0.0,0.0,0.0,0.0,0.0,0.0,0.0,0.0,0.0,0.0,0.0,0.0,0.0,0.0,0.0,0.0,0.0,-2.004,-2.004,0.0,2.004,0.0,0.0,0.0,0.0,4539.0,0.0,6914.0,0.0,0.0,-0.0,-107615304.0,0.0,0.0,0.0,0.0,69,-0.0,-0.0,0.0,0.0,0.0,0.0,0.0,0.0,0.0,0,0,0,0.0,0.0,0.0,0.0,0.0,0.0,0.0,0.0,0.0,0.0,0.0,0.0,0.0,0.0,0.0,0.0,0,-107875648.0,69,0.0,138,0.0,-100793952.0,0,13107,17085,39322,17098,52429,17078,0,0,0,70,68,100,0.0,82.2,2.730238278947072e+23,77.7,2.730238639235042e+23,78.5,1,49,50,180,39322,13107,0,0,0.0,0.0,0.0,0.0,-0.0,67.0,0.0,162057.094,0.0,968,0,991,0,0,0,946,0,1013,0,914,0,787,0,777,0,821,0,7520,0.032,2.0176126330619822e+19,0.0,0.0,784,16797,-0.0,162057.094,-114818.039,-0.0,0.133,6.909358625270745e+28,30.0,70.0,35,0.0,0.0,0.0,0.0,0.0,0.0,0.0,0.0,0.0,0.0,0.0,0.0,0.0,0.0,0.0,0.0,66.4,0,150,71,51,65476,0,300,0,0,8,20529,65476,0,0,44564,70.0,0.0,0.0,0.0,0.0,0.0
2026-09-10T21:51:06,ERR,ERR,ERR,ERR,ERR,ERR,ERR,ERR,ERR,ERR,ERR,ERR,ERR,ERR,ERR,ERR,ERR,ERR,ERR,ERR,ERR,ERR,ERR,ERR,ERR,ERR,ERR,ERR,ERR,ERR,ERR,ERR,ERR,ERR,ERR,ERR,ERR,ERR,ERR,ERR,ERR,ERR,ERR,ERR,ERR,ERR,ERR,ERR,ERR,ERR,ERR,ERR,ERR,ERR,ERR,ERR,ERR,ERR,ERR,ERR,ERR,ERR,ERR,ERR,ERR,ERR,ERR,ERR,ERR,ERR,ERR,ERR,ERR,ERR,ERR,ERR,ERR,ERR,ERR,ERR,ERR,ERR,ERR,ERR,ERR,ERR,ERR,ERR,ERR,ERR,ERR,ERR,ERR,ERR,ERR,ERR,ERR,ERR,ERR,ERR,ERR,ERR,ERR,ERR,ERR,ERR,ERR,ERR,ERR,ERR,ERR,ERR,ERR,ERR,ERR,ERR,ERR,ERR,ERR,ERR,ERR,ERR,ERR,ERR,ERR,0.0,-107615352.0,-0.0,0.0,0.0,1.3936040501711995e+18,7.805,0.0,0,0,4,0,7116,0.0,100,0.0,0.0,0.0,0.0,0.0,0,0,0,0,0.0,0,0,0,0,0,0,0,0,0,0,0,0,0,0,0,0,0,0,0,0,0,0,0,0,0,0,0,0,0,0,0,0,0,31,40,40,71,65476,0,300,0,0,8,21553,0.0,-107605600.0,0.0,0.0,0.0,0.0,0.0,0.0,0.0,0.0,0.0,0.0,0.0,0.0,0.0,0.0,0.0,0.0,0.0,0.0,0.0,0.0,-2.004,-2.004,0.0,2.004,0.0,0.0,0.0,0.0,4539.0,0.0,6914.0,0.0,0.0,-0.0,-107615304.0,0.0,0.0,0.0,0.0,69,-0.0,-0.0,0.0,0.0,0.0,0.0,0.0,0.0,0.0,0,0,0,0.0,0.0,0.0,0.0,0.0,0.0,0.0,0.0,0.0,0.0,0.0,0.0,0.0,0.0,0.0,0.0,0,-107875648.0,69,0.0,138,0.0,-100793952.0,0,13107,17085,39322,17098,52429,17078,0,0,0,70,68,100,0.0,82.2,2.730238278947072e+23,77.7,2.730238639235042e+23,78.5,1,49,50,180,39322,13107,0,0,0.0,0.0,0.0,0.0,-0.0,67.0,0.0,162057.094,0.0,968,0,991,0,0,0,946,0,1013,0,914,0,787,0,777,0,821,0,7520,0.032,2.0176126330619822e+19,0.0,0.0,784,16797,-0.0,162057.094,-114818.039,-0.0,0.133,6.909358625270745e+28,30.0,70.0,35,0.0,0.0,0.0,0.0,0.0,0.0,0.0,0.0,0.0,0.0,0.0,0.0,0.0,0.0,0.0,0.0,66.4,0,150,71,51,65476,0,300,0,0,8,20529,65476,0,0,44564,70.0,0.0,0.0,0.0,0.0,0.0
2026-09-10T21:51:07,ERR,ERR,ERR,ERR,ERR,ERR,ERR,ERR,ERR,ERR,ERR,ERR,ERR,ERR,ERR,ERR,ERR,ERR,ERR,ERR,ERR,ERR,ERR,ERR,ERR,ERR,ERR,ERR,ERR,ERR,ERR,ERR,ERR,ERR,ERR,ERR,ERR,ERR,ERR,ERR,ERR,ERR,ERR,ERR,ERR,ERR,ERR,ERR,ERR,ERR,ERR,ERR,ERR,ERR,ERR,ERR,ERR,ERR,ERR,ERR,ERR,ERR,ERR,ERR,ERR,ERR,ERR,ERR,ERR,ERR,ERR,ERR,ERR,ERR,ERR,ERR,ERR,ERR,ERR,ERR,ERR,ERR,ERR,ERR,ERR,ERR,ERR,ERR,ERR,ERR,ERR,ERR,ERR,ERR,ERR,ERR,ERR,ERR,ERR,ERR,ERR,ERR,ERR,ERR,ERR,ERR,ERR,ERR,ERR,ERR,ERR,ERR,ERR,ERR,ERR,ERR,ERR,ERR,ERR,ERR,ERR,ERR,ERR,ERR,ERR,0.0,-107615352.0,-0.0,0.0,0.0,1.3936040501711995e+18,7.805,0.0,0,0,4,0,7116,0.0,100,0.0,0.0,0.0,0.0,0.0,0,0,0,0,0.0,0,0,0,0,0,0,0,0,0,0,0,0,0,0,0,0,0,0,0,0,0,0,0,0,0,0,0,0,0,0,0,0,0,31,40,40,71,65476,0,300,0,0,8,21553,0.0,-107605600.0,0.0,0.0,0.0,0.0,0.0,0.0,0.0,0.0,0.0,0.0,0.0,0.0,0.0,0.0,0.0,0.0,0.0,0.0,0.0,0.0,-2.004,-2.004,0.0,2.004,0.0,0.0,0.0,0.0,4539.0,0.0,6914.0,0.0,0.0,-0.0,-107615304.0,0.0,0.0,0.0,0.0,69,-0.0,-0.0,0.0,0.0,0.0,0.0,0.0,0.0,0.0,0,0,0,0.0,0.0,0.0,0.0,0.0,0.0,0.0,0.0,0.0,0.0,0.0,0.0,0.0,0.0,0.0,0.0,0,-107875648.0,69,0.0,138,0.0,-100793952.0,0,13107,17085,39322,17098,52429,17078,0,0,0,70,68,100,0.0,82.2,2.730238278947072e+23,77.7,2.730238639235042e+23,78.5,1,49,50,180,39322,13107,0,0,0.0,0.0,0.0,0.0,-0.0,67.0,0.0,162057.094,0.0,968,0,991,0,0,0,946,0,1013,0,914,0,787,0,777,0,821,0,7520,0.032,1.988789595446811e+19,0.0,0.0,784,16797,-0.0,162057.094,-114818.039,-0.0,0.133,6.909358625270745e+28,30.0,70.0,35,0.0,0.0,0.0,0.0,0.0,0.0,0.0,0.0,0.0,0.0,0.0,0.0,0.0,0.0,0.0,0.0,66.8,0,150,71,51,65476,0,300,0,0,8,20529,65476,0,0,44564,70.0,0.0,0.0,0.0,0.0,0.0
2026-09-10T21:51:08,ERR,ERR,ERR,ERR,ERR,ERR,ERR,ERR,ERR,ERR,ERR,ERR,ERR,ERR,ERR,ERR,ERR,ERR,ERR,ERR,ERR,ERR,ERR,ERR,ERR,ERR,ERR,ERR,ERR,ERR,ERR,ERR,ERR,ERR,ERR,ERR,ERR,ERR,ERR,ERR,ERR,ERR,ERR,ERR,ERR,ERR,ERR,ERR,ERR,ERR,ERR,ERR,ERR,ERR,ERR,ERR,ERR,ERR,ERR,ERR,ERR,ERR,ERR,ERR,ERR,ERR,ERR,ERR,ERR,ERR,ERR,ERR,ERR,ERR,ERR,ERR,ERR,ERR,ERR,ERR,ERR,ERR,ERR,ERR,ERR,ERR,ERR,ERR,ERR,ERR,ERR,ERR,ERR,ERR,ERR,ERR,ERR,ERR,ERR,ERR,ERR,ERR,ERR,ERR,ERR,ERR,ERR,ERR,ERR,ERR,ERR,ERR,ERR,ERR,ERR,ERR,ERR,ERR,ERR,ERR,ERR,ERR,ERR,ERR,ERR,0.0,-107615352.0,-0.0,0.0,0.0,1.3936040501711995e+18,7.805,0.0,0,0,4,0,7116,0.0,100,0.0,0.0,0.0,0.0,0.0,0,0,0,0,0.0,0,0,0,0,0,0,0,0,0,0,0,0,0,0,0,0,0,0,0,0,0,0,0,0,0,0,0,0,0,0,0,0,0,31,40,40,71,65476,0,300,0,0,8,21553,0.0,-107605600.0,0.0,0.0,0.0,0.0,0.0,0.0,0.0,0.0,0.0,0.0,0.0,0.0,0.0,0.0,0.0,0.0,0.0,0.0,0.0,0.0,-2.004,-2.004,0.0,2.004,0.0,0.0,0.0,0.0,4539.0,0.0,6914.0,0.0,0.0,-0.0,-107615304.0,0.0,0.0,0.0,0.0,69,-0.0,-0.0,0.0,0.0,0.0,0.0,0.0,0.0,0.0,0,0,0,0.0,0.0,0.0,0.0,0.0,0.0,0.0,0.0,0.0,0.0,0.0,0.0,0.0,0.0,0.0,0.0,0,-107875648.0,69,0.0,138,0.0,-100793952.0,0,13107,17085,39322,17098,52429,17078,0,0,0,70,68,100,0.0,82.2,2.730238278947072e+23,77.7,2.730238639235042e+23,78.5,1,49,50,180,39322,13107,0,0,0.0,0.0,0.0,0.0,-0.0,67.0,0.0,162057.094,0.0,968,0,991,0,0,0,946,0,1013,0,914,0,787,0,777,0,821,0,7520,0.032,1.988789595446811e+19,0.0,0.0,784,16797,-0.0,162057.094,-114818.039,-0.0,0.133,6.909358625270745e+28,30.0,70.0,35,0.0,0.0,0.0,0.0,0.0,0.0,0.0,0.0,0.0,0.0,0.0,0.0,0.0,0.0,0.0,0.0,66.8,0,150,71,51,65476,0,300,0,0,8,20529,65476,0,0,44564,70.0,0.0,0.0,0.0,0.0,0.0
2026-09-10T21:51:09,ERR,ERR,ERR,ERR,ERR,ERR,ERR,ERR,ERR,ERR,ERR,ERR,ERR,ERR,ERR,ERR,ERR,ERR,ERR,ERR,ERR,ERR,ERR,ERR,ERR,ERR,ERR,ERR,ERR,ERR,ERR,ERR,ERR,ERR,ERR,ERR,ERR,ERR,ERR,ERR,ERR,ERR,ERR,ERR,ERR,ERR,ERR,ERR,ERR,ERR,ERR,ERR,ERR,ERR,ERR,ERR,ERR,ERR,ERR,ERR,ERR,ERR,ERR,ERR,ERR,ERR,ERR,ERR,ERR,ERR,ERR,ERR,ERR,ERR,ERR,ERR,ERR,ERR,ERR,ERR,ERR,ERR,ERR,ERR,ERR,ERR,ERR,ERR,ERR,ERR,ERR,ERR,ERR,ERR,ERR,ERR,ERR,ERR,ERR,ERR,ERR,ERR,ERR,ERR,ERR,ERR,ERR,ERR,ERR,ERR,ERR,ERR,ERR,ERR,ERR,ERR,ERR,ERR,ERR,ERR,ERR,ERR,ERR,ERR,ERR,0.0,-107615352.0,-0.0,0.0,0.0,1.3936040501711995e+18,7.805,0.0,0,0,4,0,7116,0.0,100,0.0,0.0,0.0,0.0,0.0,0,0,0,0,0.0,0,0,0,0,0,0,0,0,0,0,0,0,0,0,0,0,0,0,0,0,0,0,0,0,0,0,0,0,0,0,0,0,0,31,40,40,71,65476,0,300,0,0,8,21553,0.0,-107605600.0,0.0,0.0,0.0,0.0,0.0,0.0,0.0,0.0,0.0,0.0,0.0,0.0,0.0,0.0,0.0,0.0,0.0,0.0,0.0,0.0,-2.004,-2.004,0.0,2.004,0.0,0.0,0.0,0.0,4539.0,0.0,6914.0,0.0,0.0,-0.0,-107615304.0,0.0,0.0,0.0,0.0,69,-0.0,-0.0,0.0,0.0,0.0,0.0,0.0,0.0,0.0,0,0,0,0.0,0.0,0.0,0.0,0.0,0.0,0.0,0.0,0.0,0.0,0.0,0.0,0.0,0.0,0.0,0.0,0,-107875648.0,69,0.0,138,0.0,-100793952.0,0,13107,17085,39322,17098,52429,17078,0,0,0,70,68,100,0.0,82.2,2.730238278947072e+23,77.7,2.730238639235042e+23,78.5,1,49,50,180,39322,13107,0,0,0.0,0.0,0.0,0.0,-0.0,67.0,0.0,162057.094,0.0,968,0,991,0,0,0,946,0,1013,0,914,0,787,0,777,0,821,0,7520,0.032,1.988789595446811e+19,0.0,0.0,784,16797,-0.0,162057.094,-114818.039,-0.0,0.133,6.909358625270745e+28,30.0,70.0,35,0.0,0.0,0.0,0.0,0.0,0.0,0.0,0.0,0.0,0.0,0.0,0.0,0.0,0.0,0.0,0.0,66.4,0,150,71,51,65476,0,300,0,0,8,20529,65476,0,0,44564,70.0,0.0,0.0,0.0,0.0,0.0
2026-09-10T21:51:10,ERR,ERR,ERR,ERR,ERR,ERR,ERR,ERR,ERR,ERR,ERR,ERR,ERR,ERR,ERR,ERR,ERR,ERR,ERR,ERR,ERR,ERR,ERR,ERR,ERR,ERR,ERR,ERR,ERR,ERR,ERR,ERR,ERR,ERR,ERR,ERR,ERR,ERR,ERR,ERR,ERR,ERR,ERR,ERR,ERR,ERR,ERR,ERR,ERR,ERR,ERR,ERR,ERR,ERR,ERR,ERR,ERR,ERR,ERR,ERR,ERR,ERR,ERR,ERR,ERR,ERR,ERR,ERR,ERR,ERR,ERR,ERR,ERR,ERR,ERR,ERR,ERR,ERR,ERR,ERR,ERR,ERR,ERR,ERR,ERR,ERR,ERR,ERR,ERR,ERR,ERR,ERR,ERR,ERR,ERR,ERR,ERR,ERR,ERR,ERR,ERR,ERR,ERR,ERR,ERR,ERR,ERR,ERR,ERR,ERR,ERR,ERR,ERR,ERR,ERR,ERR,ERR,ERR,ERR,ERR,ERR,ERR,ERR,ERR,ERR,0.0,0.0,0.0,0.0,0.0,1.3936040501711995e+18,7.805,0.0,0,0,4,0,7116,0.0,100,0.0,0.0,0.0,0.0,0.0,0,0,0,0,0.0,0,0,0,0,0,0,0,0,0,0,0,0,0,0,0,0,0,0,0,0,0,0,0,0,0,0,0,0,0,0,0,0,0,31,40,40,71,65476,0,300,0,0,8,21553,0.0,-107605600.0,0.0,0.0,0.0,0.0,0.0,0.0,0.0,0.0,0.0,0.0,0.0,0.0,0.0,0.0,0.0,0.0,0.0,0.0,0.0,0.0,-2.004,0.0,0.0,2.004,0.0,0.0,0.0,0.0,4513.0,0.0,6915.0,0.0,0.0,-0.0,-107615304.0,0.0,0.0,0.0,0.0,69,-0.0,5.84804776034314e+35,0.0,0.0,0.0,0.0,0.0,0.0,0.0,0,0,0,0.0,0.0,0.0,0.0,0.0,0.0,0.0,0.0,0.0,0.0,0.0,0.0,0.0,0.0,0.0,0.0,0,-107875648.0,69,0.0,138,0.0,-100793952.0,0,13107,17085,39322,17098,52429,17078,0,0,0,70,68,100,0.0,82.2,2.730238278947072e+23,77.7,2.730238639235042e+23,78.5,1,49,50,180,39322,13107,0,0,0.0,0.0,0.0,0.0,-0.0,67.0,0.0,162057.094,0.0,968,0,991,0,0,0,946,0,1013,0,914,0,787,0,777,0,821,0,7520,0.032,1.988789595446811e+19,0.0,0.0,784,16797,-0.0,162057.094,-114818.039,-0.0,0.133,6.909358625270745e+28,30.0,70.0,35,0.0,0.0,0.0,0.0,0.0,0.0,0.0,0.0,0.0,0.0,0.0,0.0,0.0,0.0,0.0,0.0,66.4,0,150,71,51,65476,0,300,0,0,8,20529,65476,0,0,44564,70.0,0.0,0.0,0.0,0.0,0.0
2026-09-10T21:51:11,ERR,ERR,ERR,ERR,ERR,ERR,ERR,ERR,ERR,ERR,ERR,ERR,ERR,ERR,ERR,ERR,ERR,ERR,ERR,ERR,ERR,ERR,ERR,ERR,ERR,ERR,ERR,ERR,ERR,ERR,ERR,ERR,ERR,ERR,ERR,ERR,ERR,ERR,ERR,ERR,ERR,ERR,ERR,ERR,ERR,ERR,ERR,ERR,ERR,ERR,ERR,ERR,ERR,ERR,ERR,ERR,ERR,ERR,ERR,ERR,ERR,ERR,ERR,ERR,ERR,ERR,ERR,ERR,ERR,ERR,ERR,ERR,ERR,ERR,ERR,ERR,ERR,ERR,ERR,ERR,ERR,ERR,ERR,ERR,ERR,ERR,ERR,ERR,ERR,ERR,ERR,ERR,ERR,ERR,ERR,ERR,ERR,ERR,ERR,ERR,ERR,ERR,ERR,ERR,ERR,ERR,ERR,ERR,ERR,ERR,ERR,ERR,ERR,ERR,ERR,ERR,ERR,ERR,ERR,ERR,ERR,ERR,ERR,ERR,ERR,0.0,0.0,0.0,0.0,0.0,1.3936040501711995e+18,7.805,0.0,0,0,4,0,7116,0.0,100,0.0,0.0,0.0,0.0,0.0,0,0,0,0,0.0,0,0,0,0,0,0,0,0,0,0,0,0,0,0,0,0,0,0,0,0,0,0,0,0,0,0,0,0,0,0,0,0,0,31,40,40,71,65476,0,300,0,0,8,21553,0.0,-107605600.0,0.0,0.0,0.0,0.0,0.0,0.0,0.0,0.0,0.0,0.0,0.0,0.0,0.0,0.0,0.0,0.0,0.0,0.0,0.0,0.0,-2.004,0.0,0.0,2.004,0.0,0.0,0.0,0.0,4513.0,0.0,6915.0,0.0,0.0,-0.0,-107615304.0,0.0,0.0,0.0,0.0,69,-0.0,5.84804776034314e+35,0.0,0.0,0.0,0.0,0.0,0.0,0.0,0,0,0,0.0,0.0,0.0,0.0,0.0,0.0,0.0,0.0,0.0,0.0,0.0,0.0,0.0,0.0,0.0,0.0,0,-107875648.0,69,0.0,138,0.0,-100793952.0,0,13107,17085,39322,17098,52429,17078,0,0,0,70,68,100,0.0,82.2,2.730238278947072e+23,77.7,2.730238639235042e+23,78.5,1,49,50,180,39322,13107,0,0,0.0,0.0,0.0,0.0,-0.0,67.0,0.0,162057.094,0.0,968,0,991,0,0,0,946,0,1013,0,914,0,787,0,777,0,821,0,7520,0.032,1.988789595446811e+19,0.0,0.0,784,16797,-0.0,162057.094,-114818.039,-0.0,0.133,6.909358625270745e+28,30.0,70.0,35,0.0,0.0,0.0,0.0,0.0,0.0,0.0,0.0,0.0,0.0,0.0,0.0,0.0,0.0,0.0,0.0,66.4,0,150,71,51,65476,0,300,0,0,8,20529,65476,0,0,44564,70.0,0.0,0.0,0.0,0.0,0.0
2026-09-10T21:51:12,ERR,ERR,ERR,ERR,ERR,ERR,ERR,ERR,ERR,ERR,ERR,ERR,ERR,ERR,ERR,ERR,ERR,ERR,ERR,ERR,ERR,ERR,ERR,ERR,ERR,ERR,ERR,ERR,ERR,ERR,ERR,ERR,ERR,ERR,ERR,ERR,ERR,ERR,ERR,ERR,ERR,ERR,ERR,ERR,ERR,ERR,ERR,ERR,ERR,ERR,ERR,ERR,ERR,ERR,ERR,ERR,ERR,ERR,ERR,ERR,ERR,ERR,ERR,ERR,ERR,ERR,ERR,ERR,ERR,ERR,ERR,ERR,ERR,ERR,ERR,ERR,ERR,ERR,ERR,ERR,ERR,ERR,ERR,ERR,ERR,ERR,ERR,ERR,ERR,ERR,ERR,ERR,ERR,ERR,ERR,ERR,ERR,ERR,ERR,ERR,ERR,ERR,ERR,ERR,ERR,ERR,ERR,ERR,ERR,ERR,ERR,ERR,ERR,ERR,ERR,ERR,ERR,ERR,ERR,ERR,ERR,ERR,ERR,ERR,ERR,0.0,0.0,0.0,0.0,0.0,1.3936040501711995e+18,7.805,0.0,0,0,4,0,7116,0.0,100,0.0,0.0,0.0,0.0,0.0,0,0,0,0,0.0,0,0,0,0,0,0,0,0,0,0,0,0,0,0,0,0,0,0,0,0,0,0,0,0,0,0,0,0,0,0,0,0,0,31,40,40,71,65476,0,300,0,0,8,21553,0.0,-107605600.0,0.0,0.0,0.0,0.0,0.0,0.0,0.0,0.0,0.0,0.0,0.0,0.0,0.0,0.0,0.0,0.0,0.0,0.0,0.0,0.0,-2.004,0.0,0.0,2.004,0.0,0.0,0.0,0.0,4513.0,0.0,6915.0,0.0,0.0,-0.0,-107615304.0,0.0,0.0,0.0,0.0,69,-0.0,5.84804776034314e+35,0.0,0.0,0.0,0.0,0.0,0.0,0.0,0,0,0,0.0,0.0,0.0,0.0,0.0,0.0,0.0,0.0,0.0,0.0,0.0,0.0,0.0,0.0,0.0,0.0,0,-107875648.0,69,0.0,138,0.0,-100793952.0,0,13107,17085,39322,17098,39322,17078,0,0,0,70,68,100,0.0,82.2,2.730238278947072e+23,77.7,2.730238639235042e+23,78.5,1,49,50,180,39322,13107,0,0,0.0,0.0,0.0,0.0,-0.0,67.0,0.0,162057.094,0.0,968,0,991,0,0,0,946,0,1013,0,914,0,787,0,777,0,821,0,7520,0.032,2.032024151869568e+19,0.0,0.0,784,16797,-0.0,162057.094,-114818.039,-0.0,0.133,6.909358625270745e+28,30.0,70.0,35,0.0,0.0,0.0,0.0,0.0,0.0,0.0,0.0,0.0,0.0,0.0,0.0,0.0,0.0,0.0,0.0,66.4,0,150,71,51,65476,0,300,0,0,8,20529,65476,0,0,44564,70.0,0.0,0.0,0.0,0.0,0.0
2026-09-10T21:51:13,ERR,ERR,ERR,ERR,ERR,ERR,ERR,ERR,ERR,ERR,ERR,ERR,ERR,ERR,ERR,ERR,ERR,ERR,ERR,ERR,ERR,ERR,ERR,ERR,ERR,ERR,ERR,ERR,ERR,ERR,ERR,ERR,ERR,ERR,ERR,ERR,ERR,ERR,ERR,ERR,ERR,ERR,ERR,ERR,ERR,ERR,ERR,ERR,ERR,ERR,ERR,ERR,ERR,ERR,ERR,ERR,ERR,ERR,ERR,ERR,ERR,ERR,ERR,ERR,ERR,ERR,ERR,ERR,ERR,ERR,ERR,ERR,ERR,ERR,ERR,ERR,ERR,ERR,ERR,ERR,ERR,ERR,ERR,ERR,ERR,ERR,ERR,ERR,ERR,ERR,ERR,ERR,ERR,ERR,ERR,ERR,ERR,ERR,ERR,ERR,ERR,ERR,ERR,ERR,ERR,ERR,ERR,ERR,ERR,ERR,ERR,ERR,ERR,ERR,ERR,ERR,ERR,ERR,ERR,ERR,ERR,ERR,ERR,ERR,ERR,0.0,0.0,0.0,0.0,0.0,1.3936040501711995e+18,7.805,0.0,0,0,4,0,7116,0.0,100,0.0,0.0,0.0,0.0,0.0,0,0,0,0,0.0,0,0,0,0,0,0,0,0,0,0,0,0,0,0,0,0,0,0,0,0,0,0,0,0,0,0,0,0,0,0,0,0,0,31,40,40,71,65476,0,300,0,0,8,21553,0.0,-107605600.0,0.0,0.0,0.0,0.0,0.0,0.0,0.0,0.0,0.0,0.0,0.0,0.0,0.0,0.0,0.0,0.0,0.0,0.0,0.0,0.0,-2.004,0.0,0.0,2.004,0.0,0.0,0.0,0.0,4513.0,0.0,6915.0,0.0,0.0,-0.0,-107615304.0,0.0,0.0,0.0,0.0,69,-0.0,5.84804776034314e+35,0.0,0.0,0.0,0.0,0.0,0.0,0.0,0,0,0,0.0,0.0,0.0,0.0,0.0,0.0,0.0,0.0,0.0,0.0,0.0,0.0,0.0,0.0,0.0,0.0,0,-107875648.0,69,0.0,138,0.0,-100793952.0,0,13107,17085,39322,17098,39322,17078,0,0,0,70,68,100,0.0,82.2,2.730238278947072e+23,77.7,2.730238639235042e+23,78.5,1,49,50,180,39322,13107,0,0,0.0,0.0,0.0,0.0,-0.0,67.0,0.0,162057.094,0.0,968,0,991,0,0,0,946,0,1013,0,914,0,787,0,777,0,821,0,7520,0.032,2.032024151869568e+19,0.0,0.0,784,16797,-0.0,162057.094,-114818.039,-0.0,0.133,6.909358625270745e+28,30.0,70.0,35,0.0,0.0,0.0,0.0,0.0,0.0,0.0,0.0,0.0,0.0,0.0,0.0,0.0,0.0,0.0,0.0,66.4,0,150,71,51,65476,0,300,0,0,8,20529,65476,0,0,44564,70.0,0.0,0.0,0.0,0.0,0.0
2026-09-10T21:51:14,ERR,ERR,ERR,ERR,ERR,ERR,ERR,ERR,ERR,ERR,ERR,ERR,ERR,ERR,ERR,ERR,ERR,ERR,ERR,ERR,ERR,ERR,ERR,ERR,ERR,ERR,ERR,ERR,ERR,ERR,ERR,ERR,ERR,ERR,ERR,ERR,ERR,ERR,ERR,ERR,ERR,ERR,ERR,ERR,ERR,ERR,ERR,ERR,ERR,ERR,ERR,ERR,ERR,ERR,ERR,ERR,ERR,ERR,ERR,ERR,ERR,ERR,ERR,ERR,ERR,ERR,ERR,ERR,ERR,ERR,ERR,ERR,ERR,ERR,ERR,ERR,ERR,ERR,ERR,ERR,ERR,ERR,ERR,ERR,ERR,ERR,ERR,ERR,ERR,ERR,ERR,ERR,ERR,ERR,ERR,ERR,ERR,ERR,ERR,ERR,ERR,ERR,ERR,ERR,ERR,ERR,ERR,ERR,ERR,ERR,ERR,ERR,ERR,ERR,ERR,ERR,ERR,ERR,ERR,ERR,ERR,ERR,ERR,ERR,ERR,0.0,0.0,0.0,0.0,0.0,1.3936040501711995e+18,7.805,0.0,0,0,4,0,7116,0.0,100,0.0,0.0,0.0,0.0,0.0,0,0,0,0,0.0,0,0,0,0,0,0,0,0,0,0,0,0,0,0,0,0,0,0,0,0,0,0,0,0,0,0,0,0,0,0,0,0,0,31,40,40,71,65476,0,300,0,0,8,21553,0.0,-107605600.0,0.0,0.0,0.0,0.0,0.0,0.0,0.0,0.0,0.0,0.0,0.0,0.0,0.0,0.0,0.0,0.0,0.0,0.0,0.0,0.0,-2.004,0.0,0.0,2.004,0.0,0.0,0.0,0.0,4513.0,0.0,6915.0,0.0,0.0,-0.0,-107615304.0,0.0,0.0,0.0,0.0,69,-0.0,5.84804776034314e+35,0.0,0.0,0.0,0.0,0.0,0.0,0.0,0,0,0,0.0,0.0,0.0,0.0,0.0,0.0,0.0,0.0,0.0,0.0,0.0,0.0,0.0,0.0,0.0,0.0,0,-107875648.0,69,0.0,138,0.0,-100793952.0,0,13107,17085,39322,17098,39322,17078,0,0,0,70,68,100,0.0,82.2,2.730238278947072e+23,77.7,2.730238639235042e+23,78.5,1,49,50,180,39322,13107,0,0,0.0,0.0,0.0,0.0,-0.0,67.0,0.0,162057.094,0.0,968,0,991,0,0,0,946,0,1013,0,914,0,787,0,777,0,821,0,7520,0.032,2.032024151869568e+19,0.0,0.0,784,16797,-0.0,162057.094,-114818.039,-0.0,0.133,6.909358625270745e+28,30.0,70.0,35,0.0,0.0,0.0,0.0,0.0,0.0,0.0,0.0,0.0,0.0,0.0,0.0,0.0,0.0,0.0,0.0,66.4,0,150,71,51,65476,0,300,0,0,8,20529,65476,0,0,44564,70.0,0.0,0.0,0.0,0.0,0.0
2026-09-10T21:51:15,ERR,ERR,ERR,ERR,ERR,ERR,ERR,ERR,ERR,ERR,ERR,ERR,ERR,ERR,ERR,ERR,ERR,ERR,ERR,ERR,ERR,ERR,ERR,ERR,ERR,ERR,ERR,ERR,ERR,ERR,ERR,ERR,ERR,ERR,ERR,ERR,ERR,ERR,ERR,ERR,ERR,ERR,ERR,ERR,ERR,ERR,ERR,ERR,ERR,ERR,ERR,ERR,ERR,ERR,ERR,ERR,ERR,ERR,ERR,ERR,ERR,ERR,ERR,ERR,ERR,ERR,ERR,ERR,ERR,ERR,ERR,ERR,ERR,ERR,ERR,ERR,ERR,ERR,ERR,ERR,ERR,ERR,ERR,ERR,ERR,ERR,ERR,ERR,ERR,ERR,ERR,ERR,ERR,ERR,ERR,ERR,ERR,ERR,ERR,ERR,ERR,ERR,ERR,ERR,ERR,ERR,ERR,ERR,ERR,ERR,ERR,ERR,ERR,ERR,ERR,ERR,ERR,ERR,ERR,ERR,ERR,ERR,ERR,ERR,ERR,0.0,0.0,0.0,0.0,0.0,1.3936040501711995e+18,7.805,0.0,0,0,4,0,7116,0.0,100,0.0,0.0,0.0,0.0,0.0,0,0,0,0,0.0,0,0,0,0,0,0,0,0,0,0,0,0,0,0,0,0,0,0,0,0,0,0,0,0,0,0,0,0,0,0,0,0,0,31,40,40,71,65476,0,300,0,0,8,21553,0.0,-107605600.0,0.0,0.0,0.0,0.0,0.0,0.0,0.0,0.0,0.0,0.0,0.0,0.0,0.0,0.0,0.0,0.0,0.0,0.0,0.0,0.0,-2.004,0.0,0.0,2.004,0.0,0.0,0.0,0.0,4513.0,0.0,6915.0,0.0,0.0,-0.0,-107615304.0,0.0,0.0,0.0,0.0,69,-0.0,5.84804776034314e+35,0.0,0.0,0.0,0.0,0.0,0.0,0.0,0,0,0,0.0,0.0,0.0,0.0,0.0,0.0,0.0,0.0,0.0,0.0,0.0,0.0,0.0,0.0,0.0,0.0,0,-107875648.0,69,0.0,138,0.0,-100793952.0,0,13107,17085,39322,17098,39322,17078,0,0,0,70,68,100,0.0,82.2,2.730238278947072e+23,77.7,2.730238639235042e+23,78.5,1,49,50,180,39322,13107,0,0,0.0,0.0,0.0,0.0,-0.0,67.0,0.0,162057.094,0.0,968,0,991,0,0,0,946,0,1013,0,914,0,787,0,777,0,821,0,7520,0.032,2.032024151869568e+19,0.0,0.0,784,16797,-0.0,162057.094,-114818.039,-0.0,0.133,6.909358625270745e+28,30.0,70.0,35,0.0,0.0,0.0,0.0,0.0,0.0,0.0,0.0,0.0,0.0,0.0,0.0,0.0,0.0,0.0,0.0,66.4,0,150,71,51,65476,0,300,0,0,8,20529,65476,0,0,44564,70.0,0.0,0.0,0.0,0.0,0.0
2026-09-10T21:51:16,ERR,ERR,ERR,ERR,ERR,ERR,ERR,ERR,ERR,ERR,ERR,ERR,ERR,ERR,ERR,ERR,ERR,ERR,ERR,ERR,ERR,ERR,ERR,ERR,ERR,ERR,ERR,ERR,ERR,ERR,ERR,ERR,ERR,ERR,ERR,ERR,ERR,ERR,ERR,ERR,ERR,ERR,ERR,ERR,ERR,ERR,ERR,ERR,ERR,ERR,ERR,ERR,ERR,ERR,ERR,ERR,ERR,ERR,ERR,ERR,ERR,ERR,ERR,ERR,ERR,ERR,ERR,ERR,ERR,ERR,ERR,ERR,ERR,ERR,ERR,ERR,ERR,ERR,ERR,ERR,ERR,ERR,ERR,ERR,ERR,ERR,ERR,ERR,ERR,ERR,ERR,ERR,ERR,ERR,ERR,ERR,ERR,ERR,ERR,ERR,ERR,ERR,ERR,ERR,ERR,ERR,ERR,ERR,ERR,ERR,ERR,ERR,ERR,ERR,ERR,ERR,ERR,ERR,ERR,ERR,ERR,ERR,ERR,ERR,ERR,0.0,0.0,0.0,0.0,0.0,1.3936040501711995e+18,7.805,0.0,0,0,4,0,7116,0.0,100,0.0,0.0,0.0,0.0,0.0,0,0,0,0,0.0,0,0,0,0,0,0,0,0,0,0,0,0,0,0,0,0,0,0,0,0,0,0,0,0,0,0,0,0,0,0,0,0,0,31,40,40,71,65476,0,300,0,0,8,21553,0.0,-107605600.0,0.0,0.0,0.0,0.0,0.0,0.0,0.0,0.0,0.0,0.0,0.0,0.0,0.0,0.0,0.0,0.0,0.0,0.0,0.0,0.0,-2.004,0.0,0.0,2.004,0.0,0.0,0.0,0.0,4513.0,0.0,6915.0,0.0,0.0,-0.0,-107615304.0,0.0,0.0,0.0,0.0,69,-0.0,5.84804776034314e+35,0.0,0.0,0.0,0.0,0.0,0.0,0.0,0,0,0,0.0,0.0,0.0,0.0,0.0,0.0,0.0,0.0,0.0,0.0,0.0,0.0,0.0,0.0,0.0,0.0,0,-107875648.0,69,0.0,138,0.0,-100793952.0,0,13107,17085,39322,17098,39322,17078,0,0,0,70,68,100,0.0,82.2,2.730238278947072e+23,77.7,2.730238639235042e+23,78.5,1,49,50,180,39322,13107,0,0,0.0,0.0,0.0,0.0,-0.0,67.0,0.0,162057.094,0.0,968,0,991,0,0,0,946,0,1013,0,914,0,787,0,777,0,821,0,7520,0.032,2.032024151869568e+19,0.0,0.0,784,16797,-0.0,162057.094,-114818.039,-0.0,0.133,6.909358625270745e+28,30.0,70.0,35,0.0,0.0,0.0,0.0,0.0,0.0,0.0,0.0,0.0,0.0,0.0,0.0,0.0,0.0,0.0,0.0,66.4,0,150,71,51,65476,0,300,0,0,8,20529,65476,0,0,44564,70.0,0.0,0.0,0.0,0.0,0.0
2026-09-10T21:51:17,ERR,ERR,ERR,ERR,ERR,ERR,ERR,ERR,ERR,ERR,ERR,ERR,ERR,ERR,ERR,ERR,ERR,ERR,ERR,ERR,ERR,ERR,ERR,ERR,ERR,ERR,ERR,ERR,ERR,ERR,ERR,ERR,ERR,ERR,ERR,ERR,ERR,ERR,ERR,ERR,ERR,ERR,ERR,ERR,ERR,ERR,ERR,ERR,ERR,ERR,ERR,ERR,ERR,ERR,ERR,ERR,ERR,ERR,ERR,ERR,ERR,ERR,ERR,ERR,ERR,ERR,ERR,ERR,ERR,ERR,ERR,ERR,ERR,ERR,ERR,ERR,ERR,ERR,ERR,ERR,ERR,ERR,ERR,ERR,ERR,ERR,ERR,ERR,ERR,ERR,ERR,ERR,ERR,ERR,ERR,ERR,ERR,ERR,ERR,ERR,ERR,ERR,ERR,ERR,ERR,ERR,ERR,ERR,ERR,ERR,ERR,ERR,ERR,ERR,ERR,ERR,ERR,ERR,ERR,ERR,ERR,ERR,ERR,ERR,ERR,0.0,0.0,0.0,0.0,0.0,1.3936040501711995e+18,7.805,0.0,0,0,4,0,7116,0.0,100,0.0,0.0,0.0,0.0,0.0,0,0,0,0,0.0,0,0,0,0,0,0,0,0,0,0,0,0,0,0,0,0,0,0,0,0,0,0,0,0,0,0,0,0,0,0,0,0,0,31,40,40,71,65476,0,300,0,0,8,21553,0.0,-107605600.0,0.0,0.0,0.0,0.0,0.0,0.0,0.0,0.0,0.0,0.0,0.0,0.0,0.0,0.0,0.0,0.0,0.0,0.0,0.0,0.0,-2.004,0.0,0.0,2.004,0.0,0.0,0.0,0.0,4513.0,0.0,6915.0,0.0,0.0,-0.0,-107615304.0,0.0,0.0,0.0,0.0,69,-0.0,5.84804776034314e+35,0.0,0.0,0.0,0.0,0.0,0.0,0.0,0,0,0,0.0,0.0,0.0,0.0,0.0,0.0,0.0,0.0,0.0,0.0,0.0,0.0,0.0,0.0,0.0,0.0,0,-107875648.0,69,0.0,138,0.0,-100793952.0,0,13107,17085,39322,17098,39322,17078,0,0,0,70,68,100,0.0,82.2,2.730238278947072e+23,77.7,2.730238639235042e+23,78.5,1,49,50,180,39322,13107,0,0,0.0,0.0,0.0,0.0,-0.0,67.0,0.0,162057.094,0.0,968,0,991,0,0,0,946,0,1013,0,914,0,787,0,777,0,821,0,7520,0.032,2.032024151869568e+19,0.0,0.0,784,16797,-0.0,162057.094,-114818.039,-0.0,0.133,6.909358625270745e+28,30.0,70.0,35,0.0,0.0,0.0,0.0,0.0,0.0,0.0,0.0,0.0,0.0,0.0,0.0,0.0,0.0,0.0,0.0,66.4,0,150,71,51,65476,0,300,0,0,8,20529,65476,0,0,44564,70.0,0.0,0.0,0.0,0.0,0.0
2026-09-10T21:51:18,ERR,ERR,ERR,ERR,ERR,ERR,ERR,ERR,ERR,ERR,ERR,ERR,ERR,ERR,ERR,ERR,ERR,ERR,ERR,ERR,ERR,ERR,ERR,ERR,ERR,ERR,ERR,ERR,ERR,ERR,ERR,ERR,ERR,ERR,ERR,ERR,ERR,ERR,ERR,ERR,ERR,ERR,ERR,ERR,ERR,ERR,ERR,ERR,ERR,ERR,ERR,ERR,ERR,ERR,ERR,ERR,ERR,ERR,ERR,ERR,ERR,ERR,ERR,ERR,ERR,ERR,ERR,ERR,ERR,ERR,ERR,ERR,ERR,ERR,ERR,ERR,ERR,ERR,ERR,ERR,ERR,ERR,ERR,ERR,ERR,ERR,ERR,ERR,ERR,ERR,ERR,ERR,ERR,ERR,ERR,ERR,ERR,ERR,ERR,ERR,ERR,ERR,ERR,ERR,ERR,ERR,ERR,ERR,ERR,ERR,ERR,ERR,ERR,ERR,ERR,ERR,ERR,ERR,ERR,ERR,ERR,ERR,ERR,ERR,ERR,0.0,0.0,0.0,0.0,0.0,1.3936040501711995e+18,7.805,0.0,0,0,4,0,7116,0.0,100,0.0,0.0,0.0,0.0,0.0,0,0,0,0,0.0,0,0,0,0,0,0,0,0,0,0,0,0,0,0,0,0,0,0,0,0,0,0,0,0,0,0,0,0,0,0,0,0,0,31,40,40,71,65476,0,300,0,0,8,21553,0.0,-107605600.0,0.0,0.0,0.0,0.0,0.0,0.0,0.0,0.0,0.0,0.0,0.0,0.0,0.0,0.0,0.0,0.0,0.0,0.0,0.0,0.0,-2.004,0.0,0.0,2.004,0.0,0.0,0.0,0.0,4513.0,0.0,6915.0,0.0,0.0,-0.0,-107615304.0,0.0,0.0,0.0,0.0,69,-0.0,5.84804776034314e+35,0.0,0.0,0.0,0.0,0.0,0.0,0.0,0,0,0,0.0,0.0,0.0,0.0,0.0,0.0,0.0,0.0,0.0,0.0,0.0,0.0,0.0,0.0,0.0,0.0,0,-107875648.0,69,0.0,138,0.0,-100793952.0,0,13107,17085,39322,17098,52429,17078,0,0,0,70,68,100,0.0,82.2,2.730238278947072e+23,77.8,2.730238639235042e+23,78.5,1,49,50,180,39322,13107,0,0,0.0,0.0,0.0,0.0,-0.0,67.0,0.0,162057.094,0.0,968,0,991,0,0,0,946,0,1013,0,914,0,787,0,777,0,821,0,7520,0.032,2.0176126330619822e+19,0.0,0.0,784,16797,-0.0,162057.094,-114818.039,-0.0,0.133,6.909358625270745e+28,30.0,70.0,35,0.0,0.0,0.0,0.0,0.0,0.0,0.0,0.0,0.0,0.0,0.0,0.0,0.0,0.0,0.0,0.0,66.4,0,150,71,51,65476,0,300,0,0,8,20529,65476,0,0,44564,70.0,0.0,0.0,0.0,0.0,0.0
2026-09-10T21:51:19,ERR,ERR,ERR,ERR,ERR,ERR,ERR,ERR,ERR,ERR,ERR,ERR,ERR,ERR,ERR,ERR,ERR,ERR,ERR,ERR,ERR,ERR,ERR,ERR,ERR,ERR,ERR,ERR,ERR,ERR,ERR,ERR,ERR,ERR,ERR,ERR,ERR,ERR,ERR,ERR,ERR,ERR,ERR,ERR,ERR,ERR,ERR,ERR,ERR,ERR,ERR,ERR,ERR,ERR,ERR,ERR,ERR,ERR,ERR,ERR,ERR,ERR,ERR,ERR,ERR,ERR,ERR,ERR,ERR,ERR,ERR,ERR,ERR,ERR,ERR,ERR,ERR,ERR,ERR,ERR,ERR,ERR,ERR,ERR,ERR,ERR,ERR,ERR,ERR,ERR,ERR,ERR,ERR,ERR,ERR,ERR,ERR,ERR,ERR,ERR,ERR,ERR,ERR,ERR,ERR,ERR,ERR,ERR,ERR,ERR,ERR,ERR,ERR,ERR,ERR,ERR,ERR,ERR,ERR,ERR,ERR,ERR,ERR,ERR,ERR,0.0,-107615352.0,-0.0,0.0,0.0,1.3936040501711995e+18,7.805,0.0,0,0,4,0,7116,0.0,100,0.0,0.0,0.0,0.0,0.0,0,0,0,0,0.0,0,0,0,0,0,0,0,0,0,0,0,0,0,0,0,0,0,0,0,0,0,0,0,0,0,0,0,0,0,0,0,0,0,31,40,40,71,65476,0,300,0,0,8,21553,0.0,-107605600.0,0.0,0.0,0.0,0.0,0.0,0.0,0.0,0.0,0.0,0.0,0.0,0.0,0.0,0.0,0.0,0.0,0.0,0.0,0.0,0.0,-2.004,0.0,0.0,2.004,0.0,0.0,0.0,0.0,4542.0,1.5879265196943865e+29,6926.0,0.0,0.0,-0.0,-107615304.0,0.0,0.0,0.0,0.0,69,-0.0,0.0,0.0,0.0,0.0,0.0,0.0,0.0,0.0,0,0,0,0.0,0.0,0.0,0.0,0.0,0.0,0.0,0.0,0.0,0.0,0.0,0.0,0.0,0.0,0.0,0.0,0,-107875648.0,69,0.0,138,0.0,-100793952.0,0,13107,17085,39322,17098,52429,17078,0,0,0,70,68,100,0.0,82.2,2.730238278947072e+23,77.8,2.730238639235042e+23,78.5,1,49,50,180,39322,13107,0,0,0.0,0.0,0.0,0.0,-0.0,67.0,0.0,162057.094,0.0,968,0,991,0,0,0,946,0,1013,0,914,0,787,0,777,0,821,0,7520,0.032,2.0176126330619822e+19,0.0,0.0,784,16797,-0.0,162057.094,-114818.039,-0.0,0.133,6.909358625270745e+28,30.0,70.0,35,0.0,0.0,0.0,0.0,0.0,0.0,0.0,0.0,0.0,0.0,0.0,0.0,0.0,0.0,0.0,0.0,66.4,0,150,71,51,65476,0,300,0,0,8,20529,65476,0,0,44564,70.0,0.0,0.0,0.0,0.0,0.0
2026-09-10T21:51:20,ERR,ERR,ERR,ERR,ERR,ERR,ERR,ERR,ERR,ERR,ERR,ERR,ERR,ERR,ERR,ERR,ERR,ERR,ERR,ERR,ERR,ERR,ERR,ERR,ERR,ERR,ERR,ERR,ERR,ERR,ERR,ERR,ERR,ERR,ERR,ERR,ERR,ERR,ERR,ERR,ERR,ERR,ERR,ERR,ERR,ERR,ERR,ERR,ERR,ERR,ERR,ERR,ERR,ERR,ERR,ERR,ERR,ERR,ERR,ERR,ERR,ERR,ERR,ERR,ERR,ERR,ERR,ERR,ERR,ERR,ERR,ERR,ERR,ERR,ERR,ERR,ERR,ERR,ERR,ERR,ERR,ERR,ERR,ERR,ERR,ERR,ERR,ERR,ERR,ERR,ERR,ERR,ERR,ERR,ERR,ERR,ERR,ERR,ERR,ERR,ERR,ERR,ERR,ERR,ERR,ERR,ERR,ERR,ERR,ERR,ERR,ERR,ERR,ERR,ERR,ERR,ERR,ERR,ERR,ERR,ERR,ERR,ERR,ERR,ERR,0.0,-107615352.0,-0.0,0.0,0.0,1.3936040501711995e+18,7.805,0.0,0,0,4,0,7116,0.0,100,0.0,0.0,0.0,0.0,0.0,0,0,0,0,0.0,0,0,0,0,0,0,0,0,0,0,0,0,0,0,0,0,0,0,0,0,0,0,0,0,0,0,0,0,0,0,0,0,0,31,40,40,71,65476,0,300,0,0,8,21553,0.0,-107605600.0,0.0,0.0,0.0,0.0,0.0,0.0,0.0,0.0,0.0,0.0,0.0,0.0,0.0,0.0,0.0,0.0,0.0,0.0,0.0,0.0,-2.004,0.0,0.0,2.004,0.0,0.0,0.0,0.0,4542.0,1.5879265196943865e+29,6926.0,0.0,0.0,-0.0,-107615304.0,0.0,0.0,0.0,0.0,69,-0.0,0.0,0.0,0.0,0.0,0.0,0.0,0.0,0.0,0,0,0,0.0,0.0,0.0,0.0,0.0,0.0,0.0,0.0,0.0,0.0,0.0,0.0,0.0,0.0,0.0,0.0,0,-107875648.0,69,0.0,138,0.0,-100793952.0,0,13107,17085,39322,17098,52429,17078,0,0,0,70,68,100,0.0,82.2,2.730238278947072e+23,77.8,2.730238639235042e+23,78.5,1,49,50,180,39322,13107,0,0,0.0,0.0,0.0,0.0,-0.0,67.0,0.0,162057.094,0.0,968,0,991,0,0,0,946,0,1013,0,914,0,787,0,777,0,821,0,7520,0.032,2.0176126330619822e+19,0.0,0.0,784,16797,-0.0,162057.094,-114818.039,-0.0,0.133,6.909358625270745e+28,30.0,70.0,35,0.0,0.0,0.0,0.0,0.0,0.0,0.0,0.0,0.0,0.0,0.0,0.0,0.0,0.0,0.0,0.0,66.4,0,150,71,51,65476,0,300,0,0,8,20529,65476,0,0,44564,70.0,0.0,0.0,0.0,0.0,0.0
2026-09-10T21:51:21,ERR,ERR,ERR,ERR,ERR,ERR,ERR,ERR,ERR,ERR,ERR,ERR,ERR,ERR,ERR,ERR,ERR,ERR,ERR,ERR,ERR,ERR,ERR,ERR,ERR,ERR,ERR,ERR,ERR,ERR,ERR,ERR,ERR,ERR,ERR,ERR,ERR,ERR,ERR,ERR,ERR,ERR,ERR,ERR,ERR,ERR,ERR,ERR,ERR,ERR,ERR,ERR,ERR,ERR,ERR,ERR,ERR,ERR,ERR,ERR,ERR,ERR,ERR,ERR,ERR,ERR,ERR,ERR,ERR,ERR,ERR,ERR,ERR,ERR,ERR,ERR,ERR,ERR,ERR,ERR,ERR,ERR,ERR,ERR,ERR,ERR,ERR,ERR,ERR,ERR,ERR,ERR,ERR,ERR,ERR,ERR,ERR,ERR,ERR,ERR,ERR,ERR,ERR,ERR,ERR,ERR,ERR,ERR,ERR,ERR,ERR,ERR,ERR,ERR,ERR,ERR,ERR,ERR,ERR,ERR,ERR,ERR,ERR,ERR,ERR,0.0,-107615352.0,-0.0,0.0,0.0,1.3936040501711995e+18,7.805,0.0,0,0,4,0,7116,0.0,100,0.0,0.0,0.0,0.0,0.0,0,0,0,0,0.0,0,0,0,0,0,0,0,0,0,0,0,0,0,0,0,0,0,0,0,0,0,0,0,0,0,0,0,0,0,0,0,0,0,31,40,40,71,65476,0,300,0,0,8,21553,0.0,-107605600.0,0.0,0.0,0.0,0.0,0.0,0.0,0.0,0.0,0.0,0.0,0.0,0.0,0.0,0.0,0.0,0.0,0.0,0.0,0.0,0.0,-2.004,0.0,0.0,2.004,0.0,0.0,0.0,0.0,4542.0,1.5879265196943865e+29,6926.0,0.0,0.0,-0.0,-107615304.0,0.0,0.0,0.0,0.0,69,-0.0,0.0,0.0,0.0,0.0,0.0,0.0,0.0,0.0,0,0,0,0.0,0.0,0.0,0.0,0.0,0.0,0.0,0.0,0.0,0.0,0.0,0.0,0.0,0.0,0.0,0.0,0,-107875648.0,69,0.0,138,0.0,-100793952.0,0,13107,17085,39322,17098,52429,17078,0,0,0,70,68,100,0.0,82.2,2.730238278947072e+23,77.8,2.730238639235042e+23,78.5,1,49,50,180,39322,13107,0,0,0.0,0.0,0.0,0.0,-0.0,67.0,0.0,162057.094,0.0,968,0,991,0,0,0,946,0,1013,0,914,0,787,0,777,0,821,0,7520,0.032,2.0176126330619822e+19,0.0,0.0,784,16797,-0.0,162057.094,-114818.039,-0.0,0.133,6.909358625270745e+28,30.0,70.0,35,0.0,0.0,0.0,0.0,0.0,0.0,0.0,0.0,0.0,0.0,0.0,0.0,0.0,0.0,0.0,0.0,66.4,0,150,71,51,65476,0,300,0,0,8,20529,65476,0,0,44564,70.0,0.0,0.0,0.0,0.0,0.0
2026-09-10T21:51:22,ERR,ERR,ERR,ERR,ERR,ERR,ERR,ERR,ERR,ERR,ERR,ERR,ERR,ERR,ERR,ERR,ERR,ERR,ERR,ERR,ERR,ERR,ERR,ERR,ERR,ERR,ERR,ERR,ERR,ERR,ERR,ERR,ERR,ERR,ERR,ERR,ERR,ERR,ERR,ERR,ERR,ERR,ERR,ERR,ERR,ERR,ERR,ERR,ERR,ERR,ERR,ERR,ERR,ERR,ERR,ERR,ERR,ERR,ERR,ERR,ERR,ERR,ERR,ERR,ERR,ERR,ERR,ERR,ERR,ERR,ERR,ERR,ERR,ERR,ERR,ERR,ERR,ERR,ERR,ERR,ERR,ERR,ERR,ERR,ERR,ERR,ERR,ERR,ERR,ERR,ERR,ERR,ERR,ERR,ERR,ERR,ERR,ERR,ERR,ERR,ERR,ERR,ERR,ERR,ERR,ERR,ERR,ERR,ERR,ERR,ERR,ERR,ERR,ERR,ERR,ERR,ERR,ERR,ERR,ERR,ERR,ERR,ERR,ERR,ERR,0.0,-107615352.0,-0.0,0.0,0.0,1.3936040501711995e+18,7.805,0.0,0,0,4,0,7116,0.0,100,0.0,0.0,0.0,0.0,0.0,0,0,0,0,0.0,0,0,0,0,0,0,0,0,0,0,0,0,0,0,0,0,0,0,0,0,0,0,0,0,0,0,0,0,0,0,0,0,0,31,40,40,71,65476,0,300,0,0,8,21553,0.0,-107605600.0,0.0,0.0,0.0,0.0,0.0,0.0,0.0,0.0,0.0,0.0,0.0,0.0,0.0,0.0,0.0,0.0,0.0,0.0,0.0,0.0,-2.004,0.0,0.0,2.004,0.0,0.0,0.0,0.0,4542.0,1.5879265196943865e+29,6926.0,0.0,0.0,-0.0,-107615304.0,0.0,0.0,0.0,0.0,69,-0.0,0.0,0.0,0.0,0.0,0.0,0.0,0.0,0.0,0,0,0,0.0,0.0,0.0,0.0,0.0,0.0,0.0,0.0,0.0,0.0,0.0,0.0,0.0,0.0,0.0,0.0,0,-107875648.0,69,0.0,138,0.0,-100793952.0,0,13107,17085,39322,17098,52429,17078,0,0,0,70,68,100,0.0,82.2,2.730238278947072e+23,77.8,2.730238639235042e+23,78.5,1,49,50,180,39322,13107,0,0,0.0,0.0,0.0,0.0,-0.0,67.0,0.0,162057.094,0.0,968,0,991,0,0,0,946,0,1013,0,914,0,787,0,777,0,821,0,7520,0.032,2.0176126330619822e+19,0.0,0.0,784,16797,-0.0,162057.094,-114818.039,-0.0,0.133,6.909358625270745e+28,30.0,70.0,35,0.0,0.0,0.0,0.0,0.0,0.0,0.0,0.0,0.0,0.0,0.0,0.0,0.0,0.0,0.0,0.0,66.4,0,150,71,51,65476,0,300,0,0,8,20529,65476,0,0,44564,70.0,0.0,0.0,0.0,0.0,0.0
2026-09-10T21:51:23,ERR,ERR,ERR,ERR,ERR,ERR,ERR,ERR,ERR,ERR,ERR,ERR,ERR,ERR,ERR,ERR,ERR,ERR,ERR,ERR,ERR,ERR,ERR,ERR,ERR,ERR,ERR,ERR,ERR,ERR,ERR,ERR,ERR,ERR,ERR,ERR,ERR,ERR,ERR,ERR,ERR,ERR,ERR,ERR,ERR,ERR,ERR,ERR,ERR,ERR,ERR,ERR,ERR,ERR,ERR,ERR,ERR,ERR,ERR,ERR,ERR,ERR,ERR,ERR,ERR,ERR,ERR,ERR,ERR,ERR,ERR,ERR,ERR,ERR,ERR,ERR,ERR,ERR,ERR,ERR,ERR,ERR,ERR,ERR,ERR,ERR,ERR,ERR,ERR,ERR,ERR,ERR,ERR,ERR,ERR,ERR,ERR,ERR,ERR,ERR,ERR,ERR,ERR,ERR,ERR,ERR,ERR,ERR,ERR,ERR,ERR,ERR,ERR,ERR,ERR,ERR,ERR,ERR,ERR,ERR,ERR,ERR,ERR,ERR,ERR,0.0,-107615352.0,-0.0,0.0,0.0,1.3936040501711995e+18,7.805,0.0,0,0,4,0,7116,0.0,100,0.0,0.0,0.0,0.0,0.0,0,0,0,0,0.0,0,0,0,0,0,0,0,0,0,0,0,0,0,0,0,0,0,0,0,0,0,0,0,0,0,0,0,0,0,0,0,0,0,31,40,40,71,65476,0,300,0,0,8,21553,0.0,-107605600.0,0.0,0.0,0.0,0.0,0.0,0.0,0.0,0.0,0.0,0.0,0.0,0.0,0.0,0.0,0.0,0.0,0.0,0.0,0.0,0.0,-2.004,0.0,0.0,2.004,0.0,0.0,0.0,0.0,4542.0,1.5879265196943865e+29,6926.0,0.0,0.0,-0.0,-107615304.0,0.0,0.0,0.0,0.0,69,-0.0,0.0,0.0,0.0,0.0,0.0,0.0,0.0,0.0,0,0,0,0.0,0.0,0.0,0.0,0.0,0.0,0.0,0.0,0.0,0.0,0.0,0.0,0.0,0.0,0.0,0.0,0,-107875648.0,69,0.0,138,0.0,-100793952.0,0,13107,17085,39322,17098,52429,17078,0,0,0,70,68,100,0.0,82.2,2.730238278947072e+23,77.8,2.730238639235042e+23,78.5,1,49,50,180,39322,13107,0,0,0.0,0.0,0.0,0.0,-0.0,67.0,0.0,162057.094,0.0,968,0,991,0,0,0,946,0,1013,0,914,0,787,0,777,0,821,0,7520,0.032,2.0176126330619822e+19,0.0,0.0,784,16797,-0.0,162057.094,-114818.039,-0.0,0.133,6.909358625270745e+28,30.0,70.0,35,0.0,0.0,0.0,0.0,0.0,0.0,0.0,0.0,0.0,0.0,0.0,0.0,0.0,0.0,0.0,0.0,66.4,0,150,71,51,65476,0,300,0,0,8,20529,65476,0,0,44564,70.0,0.0,0.0,0.0,0.0,0.0
2026-09-10T21:51:24,ERR,ERR,ERR,ERR,ERR,ERR,ERR,ERR,ERR,ERR,ERR,ERR,ERR,ERR,ERR,ERR,ERR,ERR,ERR,ERR,ERR,ERR,ERR,ERR,ERR,ERR,ERR,ERR,ERR,ERR,ERR,ERR,ERR,ERR,ERR,ERR,ERR,ERR,ERR,ERR,ERR,ERR,ERR,ERR,ERR,ERR,ERR,ERR,ERR,ERR,ERR,ERR,ERR,ERR,ERR,ERR,ERR,ERR,ERR,ERR,ERR,ERR,ERR,ERR,ERR,ERR,ERR,ERR,ERR,ERR,ERR,ERR,ERR,ERR,ERR,ERR,ERR,ERR,ERR,ERR,ERR,ERR,ERR,ERR,ERR,ERR,ERR,ERR,ERR,ERR,ERR,ERR,ERR,ERR,ERR,ERR,ERR,ERR,ERR,ERR,ERR,ERR,ERR,ERR,ERR,ERR,ERR,ERR,ERR,ERR,ERR,ERR,ERR,ERR,ERR,ERR,ERR,ERR,ERR,ERR,ERR,ERR,ERR,ERR,ERR,0.0,-107615352.0,-0.0,0.0,0.0,1.3936040501711995e+18,7.805,0.0,0,0,4,0,7116,0.0,100,0.0,0.0,0.0,0.0,0.0,0,0,0,0,0.0,0,0,0,0,0,0,0,0,0,0,0,0,0,0,0,0,0,0,0,0,0,0,0,0,0,0,0,0,0,0,0,0,0,31,40,40,71,65476,0,300,0,0,8,21553,0.0,-107605600.0,0.0,0.0,0.0,0.0,0.0,0.0,0.0,0.0,0.0,0.0,0.0,0.0,0.0,0.0,0.0,0.0,0.0,0.0,0.0,0.0,-2.004,0.0,0.0,2.004,0.0,0.0,0.0,0.0,4542.0,1.5879265196943865e+29,6926.0,0.0,0.0,-0.0,-107615304.0,0.0,0.0,0.0,0.0,69,-0.0,0.0,0.0,0.0,0.0,0.0,0.0,0.0,0.0,0,0,0,0.0,0.0,0.0,0.0,0.0,0.0,0.0,0.0,0.0,0.0,0.0,0.0,0.0,0.0,0.0,0.0,0,-107875648.0,69,0.0,138,0.0,-100793952.0,0,13107,17085,39322,17098,39322,17078,0,0,0,70,68,100,0.0,82.2,2.730238278947072e+23,77.7,2.730238639235042e+23,78.5,1,49,50,180,39322,13107,0,0,0.0,0.0,0.0,0.0,-0.0,67.0,0.0,162057.094,0.0,968,0,991,0,0,0,946,0,1013,0,913,0,787,0,777,0,821,0,7520,0.032,2.032024151869568e+19,0.0,0.0,784,16797,-0.0,162057.094,-114818.039,-0.0,0.133,6.909358625270745e+28,30.0,70.0,35,0.0,0.0,0.0,0.0,0.0,0.0,0.0,0.0,0.0,0.0,0.0,0.0,0.0,0.0,0.0,0.0,66.4,0,150,71,51,65476,0,300,0,0,8,20529,65476,0,0,44564,70.0,0.0,0.0,0.0,0.0,0.0
2026-09-10T21:51:25,ERR,ERR,ERR,ERR,ERR,ERR,ERR,ERR,ERR,ERR,ERR,ERR,ERR,ERR,ERR,ERR,ERR,ERR,ERR,ERR,ERR,ERR,ERR,ERR,ERR,ERR,ERR,ERR,ERR,ERR,ERR,ERR,ERR,ERR,ERR,ERR,ERR,ERR,ERR,ERR,ERR,ERR,ERR,ERR,ERR,ERR,ERR,ERR,ERR,ERR,ERR,ERR,ERR,ERR,ERR,ERR,ERR,ERR,ERR,ERR,ERR,ERR,ERR,ERR,ERR,ERR,ERR,ERR,ERR,ERR,ERR,ERR,ERR,ERR,ERR,ERR,ERR,ERR,ERR,ERR,ERR,ERR,ERR,ERR,ERR,ERR,ERR,ERR,ERR,ERR,ERR,ERR,ERR,ERR,ERR,ERR,ERR,ERR,ERR,ERR,ERR,ERR,ERR,ERR,ERR,ERR,ERR,ERR,ERR,ERR,ERR,ERR,ERR,ERR,ERR,ERR,ERR,ERR,ERR,ERR,ERR,ERR,ERR,ERR,ERR,0.0,-107615352.0,-0.0,0.0,0.0,1.3936040501711995e+18,7.805,0.0,0,0,4,0,7116,0.0,100,0.0,0.0,0.0,0.0,0.0,0,0,0,0,0.0,0,0,0,0,0,0,0,0,0,0,0,0,0,0,0,0,0,0,0,0,0,0,0,0,0,0,0,0,0,0,0,0,0,31,40,40,71,65476,0,300,0,0,8,21553,0.0,-107605600.0,0.0,0.0,0.0,0.0,0.0,0.0,0.0,0.0,0.0,0.0,0.0,0.0,0.0,0.0,0.0,0.0,0.0,0.0,0.0,0.0,-2.004,0.0,0.0,2.004,0.0,0.0,0.0,0.0,4542.0,1.5879265196943865e+29,6926.0,0.0,0.0,-0.0,-107615304.0,0.0,0.0,0.0,0.0,69,-0.0,0.0,0.0,0.0,0.0,0.0,0.0,0.0,0.0,0,0,0,0.0,0.0,0.0,0.0,0.0,0.0,0.0,0.0,0.0,0.0,0.0,0.0,0.0,0.0,0.0,0.0,0,-107875648.0,69,0.0,138,0.0,-100793952.0,0,13107,17085,39322,17098,39322,17078,0,0,0,70,68,100,0.0,82.2,2.730238278947072e+23,77.7,2.730238639235042e+23,78.5,1,49,50,180,39322,13107,0,0,0.0,0.0,0.0,0.0,-0.0,67.0,0.0,162057.094,0.0,968,0,991,0,0,0,946,0,1013,0,913,0,787,0,777,0,821,0,7520,0.032,2.032024151869568e+19,0.0,0.0,784,16797,-0.0,162057.094,-114818.039,-0.0,0.133,6.909358625270745e+28,30.0,70.0,35,0.0,0.0,0.0,0.0,0.0,0.0,0.0,0.0,0.0,0.0,0.0,0.0,0.0,0.0,0.0,0.0,66.8,0,150,71,51,65476,0,300,0,0,8,20529,65476,0,0,44564,70.0,0.0,0.0,0.0,0.0,0.0
2026-09-10T21:51:26,ERR,ERR,ERR,ERR,ERR,ERR,ERR,ERR,ERR,ERR,ERR,ERR,ERR,ERR,ERR,ERR,ERR,ERR,ERR,ERR,ERR,ERR,ERR,ERR,ERR,ERR,ERR,ERR,ERR,ERR,ERR,ERR,ERR,ERR,ERR,ERR,ERR,ERR,ERR,ERR,ERR,ERR,ERR,ERR,ERR,ERR,ERR,ERR,ERR,ERR,ERR,ERR,ERR,ERR,ERR,ERR,ERR,ERR,ERR,ERR,ERR,ERR,ERR,ERR,ERR,ERR,ERR,ERR,ERR,ERR,ERR,ERR,ERR,ERR,ERR,ERR,ERR,ERR,ERR,ERR,ERR,ERR,ERR,ERR,ERR,ERR,ERR,ERR,ERR,ERR,ERR,ERR,ERR,ERR,ERR,ERR,ERR,ERR,ERR,ERR,ERR,ERR,ERR,ERR,ERR,ERR,ERR,ERR,ERR,ERR,ERR,ERR,ERR,ERR,ERR,ERR,ERR,ERR,ERR,ERR,ERR,ERR,ERR,ERR,ERR,0.0,-107615352.0,-0.0,0.0,0.0,1.3936040501711995e+18,7.805,0.0,0,0,4,0,7116,0.0,100,0.0,0.0,0.0,0.0,0.0,0,0,0,0,0.0,0,0,0,0,0,0,0,0,0,0,0,0,0,0,0,0,0,0,0,0,0,0,0,0,0,0,0,0,0,0,0,0,0,31,40,40,71,65476,0,300,0,0,8,21553,0.0,-107605600.0,0.0,0.0,0.0,0.0,0.0,0.0,0.0,0.0,0.0,0.0,0.0,0.0,0.0,0.0,0.0,0.0,0.0,0.0,0.0,0.0,-2.004,0.0,0.0,2.004,0.0,0.0,0.0,0.0,4542.0,1.5879265196943865e+29,6926.0,0.0,0.0,-0.0,-107615304.0,0.0,0.0,0.0,0.0,69,-0.0,0.0,0.0,0.0,0.0,0.0,0.0,0.0,0.0,0,0,0,0.0,0.0,0.0,0.0,0.0,0.0,0.0,0.0,0.0,0.0,0.0,0.0,0.0,0.0,0.0,0.0,0,-107875648.0,69,0.0,138,0.0,-100793952.0,0,13107,17085,39322,17098,39322,17078,0,0,0,70,68,100,0.0,82.2,2.730238278947072e+23,77.7,2.730238639235042e+23,78.5,1,49,50,180,39322,13107,0,0,0.0,0.0,0.0,0.0,-0.0,67.0,0.0,162057.094,0.0,968,0,991,0,0,0,946,0,1013,0,913,0,787,0,777,0,821,0,7520,0.032,2.032024151869568e+19,0.0,0.0,784,16797,-0.0,162057.094,-114818.039,-0.0,0.133,6.909358625270745e+28,30.0,70.0,35,0.0,0.0,0.0,0.0,0.0,0.0,0.0,0.0,0.0,0.0,0.0,0.0,0.0,0.0,0.0,0.0,66.8,0,150,71,51,65476,0,300,0,0,8,20529,65476,0,0,44564,70.0,0.0,0.0,0.0,0.0,0.0
2026-09-10T21:51:27,ERR,ERR,ERR,ERR,ERR,ERR,ERR,ERR,ERR,ERR,ERR,ERR,ERR,ERR,ERR,ERR,ERR,ERR,ERR,ERR,ERR,ERR,ERR,ERR,ERR,ERR,ERR,ERR,ERR,ERR,ERR,ERR,ERR,ERR,ERR,ERR,ERR,ERR,ERR,ERR,ERR,ERR,ERR,ERR,ERR,ERR,ERR,ERR,ERR,ERR,ERR,ERR,ERR,ERR,ERR,ERR,ERR,ERR,ERR,ERR,ERR,ERR,ERR,ERR,ERR,ERR,ERR,ERR,ERR,ERR,ERR,ERR,ERR,ERR,ERR,ERR,ERR,ERR,ERR,ERR,ERR,ERR,ERR,ERR,ERR,ERR,ERR,ERR,ERR,ERR,ERR,ERR,ERR,ERR,ERR,ERR,ERR,ERR,ERR,ERR,ERR,ERR,ERR,ERR,ERR,ERR,ERR,ERR,ERR,ERR,ERR,ERR,ERR,ERR,ERR,ERR,ERR,ERR,ERR,ERR,ERR,ERR,ERR,ERR,ERR,0.0,-107615352.0,-0.0,0.0,0.0,1.3936040501711995e+18,7.805,0.0,0,0,4,0,7116,0.0,100,0.0,0.0,0.0,0.0,0.0,0,0,0,0,0.0,0,0,0,0,0,0,0,0,0,0,0,0,0,0,0,0,0,0,0,0,0,0,0,0,0,0,0,0,0,0,0,0,0,31,40,40,71,65476,0,300,0,0,8,21553,0.0,-107605600.0,0.0,0.0,0.0,0.0,0.0,0.0,0.0,0.0,0.0,0.0,0.0,0.0,0.0,0.0,0.0,0.0,0.0,0.0,0.0,0.0,-2.004,0.0,0.0,2.004,0.0,0.0,0.0,0.0,4515.0,564144826744832.0,6923.0,0.0,0.0,-0.0,-0.0,0.0,0.0,0.0,0.0,69,-0.0,-2.3088245329045016e+20,0.0,0.0,0.0,0.0,0.0,0.0,0.0,0,0,0,0.0,0.0,0.0,0.0,0.0,0.0,0.0,0.0,0.0,0.0,0.0,0.0,0.0,0.0,0.0,0.0,0,-107875648.0,69,0.0,138,0.0,-100793952.0,0,13107,17085,39322,17098,39322,17078,0,0,0,70,68,100,0.0,82.2,2.730238278947072e+23,77.7,2.730238639235042e+23,78.5,1,49,50,180,39322,13107,0,0,0.0,0.0,0.0,0.0,-0.0,67.0,0.0,162057.094,0.0,968,0,991,0,0,0,946,0,1013,0,913,0,787,0,777,0,821,0,7520,0.032,2.032024151869568e+19,0.0,0.0,784,16797,-0.0,162057.094,-114818.039,-0.0,0.133,6.909358625270745e+28,30.0,70.0,35,0.0,0.0,0.0,0.0,0.0,0.0,0.0,0.0,0.0,0.0,0.0,0.0,0.0,0.0,0.0,0.0,66.8,0,150,71,51,65476,0,300,0,0,8,20529,65476,0,0,44564,70.0,0.0,0.0,0.0,0.0,0.0
2026-09-10T21:51:28,ERR,ERR,ERR,ERR,ERR,ERR,ERR,ERR,ERR,ERR,ERR,ERR,ERR,ERR,ERR,ERR,ERR,ERR,ERR,ERR,ERR,ERR,ERR,ERR,ERR,ERR,ERR,ERR,ERR,ERR,ERR,ERR,ERR,ERR,ERR,ERR,ERR,ERR,ERR,ERR,ERR,ERR,ERR,ERR,ERR,ERR,ERR,ERR,ERR,ERR,ERR,ERR,ERR,ERR,ERR,ERR,ERR,ERR,ERR,ERR,ERR,ERR,ERR,ERR,ERR,ERR,ERR,ERR,ERR,ERR,ERR,ERR,ERR,ERR,ERR,ERR,ERR,ERR,ERR,ERR,ERR,ERR,ERR,ERR,ERR,ERR,ERR,ERR,ERR,ERR,ERR,ERR,ERR,ERR,ERR,ERR,ERR,ERR,ERR,ERR,ERR,ERR,ERR,ERR,ERR,ERR,ERR,ERR,ERR,ERR,ERR,ERR,ERR,ERR,ERR,ERR,ERR,ERR,ERR,ERR,ERR,ERR,ERR,ERR,ERR,0.0,-107615352.0,-0.0,0.0,0.0,1.3936040501711995e+18,7.805,0.0,0,0,4,0,7116,0.0,100,0.0,0.0,0.0,0.0,0.0,0,0,0,0,0.0,0,0,0,0,0,0,0,0,0,0,0,0,0,0,0,0,0,0,0,0,0,0,0,0,0,0,0,0,0,0,0,0,0,31,40,40,71,65476,0,300,0,0,8,21553,0.0,-107605600.0,0.0,0.0,0.0,0.0,0.0,0.0,0.0,0.0,0.0,0.0,0.0,0.0,0.0,0.0,0.0,0.0,0.0,0.0,0.0,0.0,-2.004,0.0,0.0,2.004,0.0,0.0,0.0,0.0,4515.0,564144826744832.0,6923.0,0.0,0.0,-0.0,-0.0,0.0,0.0,0.0,0.0,69,-0.0,-2.3088245329045016e+20,0.0,0.0,0.0,0.0,0.0,0.0,0.0,0,0,0,0.0,0.0,0.0,0.0,0.0,0.0,0.0,0.0,0.0,0.0,0.0,0.0,0.0,0.0,0.0,0.0,0,-107875648.0,69,0.0,138,0.0,-100793952.0,0,13107,17085,39322,17098,39322,17078,0,0,0,70,68,100,0.0,82.2,2.730238278947072e+23,77.7,2.730238639235042e+23,78.5,1,49,50,180,39322,13107,0,0,0.0,0.0,0.0,0.0,-0.0,67.0,0.0,162057.094,0.0,968,0,991,0,0,0,946,0,1013,0,913,0,787,0,777,0,821,0,7520,0.032,2.032024151869568e+19,0.0,0.0,784,16797,-0.0,162057.094,-114818.039,-0.0,0.133,6.909358625270745e+28,30.0,70.0,35,0.0,0.0,0.0,0.0,0.0,0.0,0.0,0.0,0.0,0.0,0.0,0.0,0.0,0.0,0.0,0.0,66.8,0,150,71,51,65476,0,300,0,0,8,20529,65476,0,0,44564,70.0,0.0,0.0,0.0,0.0,0.0
2026-09-10T21:51:29,ERR,ERR,ERR,ERR,ERR,ERR,ERR,ERR,ERR,ERR,ERR,ERR,ERR,ERR,ERR,ERR,ERR,ERR,ERR,ERR,ERR,ERR,ERR,ERR,ERR,ERR,ERR,ERR,ERR,ERR,ERR,ERR,ERR,ERR,ERR,ERR,ERR,ERR,ERR,ERR,ERR,ERR,ERR,ERR,ERR,ERR,ERR,ERR,ERR,ERR,ERR,ERR,ERR,ERR,ERR,ERR,ERR,ERR,ERR,ERR,ERR,ERR,ERR,ERR,ERR,ERR,ERR,ERR,ERR,ERR,ERR,ERR,ERR,ERR,ERR,ERR,ERR,ERR,ERR,ERR,ERR,ERR,ERR,ERR,ERR,ERR,ERR,ERR,ERR,ERR,ERR,ERR,ERR,ERR,ERR,ERR,ERR,ERR,ERR,ERR,ERR,ERR,ERR,ERR,ERR,ERR,ERR,ERR,ERR,ERR,ERR,ERR,ERR,ERR,ERR,ERR,ERR,ERR,ERR,ERR,ERR,ERR,ERR,ERR,ERR,0.0,-107615352.0,-0.0,0.0,0.0,1.3936040501711995e+18,7.805,0.0,0,0,4,0,7116,0.0,100,0.0,0.0,0.0,0.0,0.0,0,0,0,0,0.0,0,0,0,0,0,0,0,0,0,0,0,0,0,0,0,0,0,0,0,0,0,0,0,0,0,0,0,0,0,0,0,0,0,31,40,40,71,65476,0,300,0,0,8,21553,0.0,-107605600.0,0.0,0.0,0.0,0.0,0.0,0.0,0.0,0.0,0.0,0.0,0.0,0.0,0.0,0.0,0.0,0.0,0.0,0.0,0.0,0.0,-2.004,0.0,0.0,2.004,0.0,0.0,0.0,0.0,4515.0,564144826744832.0,6923.0,0.0,0.0,-0.0,-0.0,0.0,0.0,0.0,0.0,69,-0.0,-2.3088245329045016e+20,0.0,0.0,0.0,0.0,0.0,0.0,0.0,0,0,0,0.0,0.0,0.0,0.0,0.0,0.0,0.0,0.0,0.0,0.0,0.0,0.0,0.0,0.0,0.0,0.0,0,-107875648.0,69,0.0,138,0.0,-100793952.0,0,13107,17085,39322,17098,39322,17078,0,0,0,70,68,100,0.0,82.2,2.730238278947072e+23,77.7,2.730238639235042e+23,78.5,1,49,50,180,39322,13107,0,0,0.0,0.0,0.0,0.0,-0.0,67.0,0.0,162057.094,0.0,968,0,991,0,0,0,946,0,1013,0,913,0,787,0,777,0,821,0,7520,0.032,2.032024151869568e+19,0.0,0.0,784,16797,-0.0,162057.094,-114818.039,-0.0,0.133,6.909358625270745e+28,30.0,70.0,35,0.0,0.0,0.0,0.0,0.0,0.0,0.0,0.0,0.0,0.0,0.0,0.0,0.0,0.0,0.0,0.0,66.8,0,150,71,51,65476,0,300,0,0,8,20529,65476,0,0,44564,70.0,0.0,0.0,0.0,0.0,0.0
2026-09-10T21:51:30,ERR,ERR,ERR,ERR,ERR,ERR,ERR,ERR,ERR,ERR,ERR,ERR,ERR,ERR,ERR,ERR,ERR,ERR,ERR,ERR,ERR,ERR,ERR,ERR,ERR,ERR,ERR,ERR,ERR,ERR,ERR,ERR,ERR,ERR,ERR,ERR,ERR,ERR,ERR,ERR,ERR,ERR,ERR,ERR,ERR,ERR,ERR,ERR,ERR,ERR,ERR,ERR,ERR,ERR,ERR,ERR,ERR,ERR,ERR,ERR,ERR,ERR,ERR,ERR,ERR,ERR,ERR,ERR,ERR,ERR,ERR,ERR,ERR,ERR,ERR,ERR,ERR,ERR,ERR,ERR,ERR,ERR,ERR,ERR,ERR,ERR,ERR,ERR,ERR,ERR,ERR,ERR,ERR,ERR,ERR,ERR,ERR,ERR,ERR,ERR,ERR,ERR,ERR,ERR,ERR,ERR,ERR,ERR,ERR,ERR,ERR,ERR,ERR,ERR,ERR,ERR,ERR,ERR,ERR,ERR,ERR,ERR,ERR,ERR,ERR,0.0,-107615352.0,-0.0,0.0,0.0,1.3936040501711995e+18,7.805,0.0,0,0,4,0,7116,0.0,100,0.0,0.0,0.0,0.0,0.0,0,0,0,0,0.0,0,0,0,0,0,0,0,0,0,0,0,0,0,0,0,0,0,0,0,0,0,0,0,0,0,0,0,0,0,0,0,0,0,31,40,40,71,65476,0,300,0,0,8,21553,0.0,-107605600.0,0.0,0.0,0.0,0.0,0.0,0.0,0.0,0.0,0.0,0.0,0.0,0.0,0.0,0.0,0.0,0.0,0.0,0.0,0.0,0.0,-2.004,0.0,0.0,2.004,0.0,0.0,0.0,0.0,4515.0,564144826744832.0,6923.0,0.0,0.0,-0.0,-0.0,0.0,0.0,0.0,0.0,69,-0.0,-2.3088245329045016e+20,0.0,0.0,0.0,0.0,0.0,0.0,0.0,0,0,0,0.0,0.0,0.0,0.0,0.0,0.0,0.0,0.0,0.0,0.0,0.0,0.0,0.0,0.0,0.0,0.0,0,-107875648.0,69,0.0,138,0.0,-100793952.0,0,13107,17085,39322,17098,39322,17078,0,0,0,70,68,100,0.0,82.2,2.730238278947072e+23,77.7,2.730238639235042e+23,78.5,1,49,50,180,39322,13107,0,0,0.0,0.0,0.0,0.0,-0.0,67.0,0.0,162057.094,0.0,968,0,991,0,0,0,946,0,1012,0,913,0,787,0,777,0,821,0,7520,0.032,2.0176126330619822e+19,0.0,0.0,784,16797,-0.0,162057.094,-114818.039,-0.0,0.133,6.909358625270745e+28,30.0,70.0,35,0.0,0.0,0.0,0.0,0.0,0.0,0.0,0.0,0.0,0.0,0.0,0.0,0.0,0.0,0.0,0.0,66.8,0,150,71,51,65476,0,300,0,0,8,20529,65476,0,0,44564,70.0,0.0,0.0,0.0,0.0,0.0
2026-09-10T21:51:31,ERR,ERR,ERR,ERR,ERR,ERR,ERR,ERR,ERR,ERR,ERR,ERR,ERR,ERR,ERR,ERR,ERR,ERR,ERR,ERR,ERR,ERR,ERR,ERR,ERR,ERR,ERR,ERR,ERR,ERR,ERR,ERR,ERR,ERR,ERR,ERR,ERR,ERR,ERR,ERR,ERR,ERR,ERR,ERR,ERR,ERR,ERR,ERR,ERR,ERR,ERR,ERR,ERR,ERR,ERR,ERR,ERR,ERR,ERR,ERR,ERR,ERR,ERR,ERR,ERR,ERR,ERR,ERR,ERR,ERR,ERR,ERR,ERR,ERR,ERR,ERR,ERR,ERR,ERR,ERR,ERR,ERR,ERR,ERR,ERR,ERR,ERR,ERR,ERR,ERR,ERR,ERR,ERR,ERR,ERR,ERR,ERR,ERR,ERR,ERR,ERR,ERR,ERR,ERR,ERR,ERR,ERR,ERR,ERR,ERR,ERR,ERR,ERR,ERR,ERR,ERR,ERR,ERR,ERR,ERR,ERR,ERR,ERR,ERR,ERR,0.0,-107615352.0,-0.0,0.0,0.0,1.3936040501711995e+18,7.805,0.0,0,0,4,0,7116,0.0,100,0.0,0.0,0.0,0.0,0.0,0,0,0,0,0.0,0,0,0,0,0,0,0,0,0,0,0,0,0,0,0,0,0,0,0,0,0,0,0,0,0,0,0,0,0,0,0,0,0,31,40,40,71,65476,0,300,0,0,8,21553,0.0,-107605600.0,0.0,0.0,0.0,0.0,0.0,0.0,0.0,0.0,0.0,0.0,0.0,0.0,0.0,0.0,0.0,0.0,0.0,0.0,0.0,0.0,-2.004,0.0,0.0,2.004,0.0,0.0,0.0,0.0,4515.0,564144826744832.0,6923.0,0.0,0.0,-0.0,-0.0,0.0,0.0,0.0,0.0,69,-0.0,-2.3088245329045016e+20,0.0,0.0,0.0,0.0,0.0,0.0,0.0,0,0,0,0.0,0.0,0.0,0.0,0.0,0.0,0.0,0.0,0.0,0.0,0.0,0.0,0.0,0.0,0.0,0.0,0,-107875648.0,69,0.0,138,0.0,-100793952.0,0,13107,17085,39322,17098,39322,17078,0,0,0,70,68,100,0.0,82.2,2.730238278947072e+23,77.7,2.730238639235042e+23,78.5,1,49,50,180,39322,13107,0,0,0.0,0.0,0.0,0.0,-0.0,67.0,0.0,162057.094,0.0,968,0,991,0,0,0,946,0,1012,0,913,0,787,0,777,0,821,0,7520,0.032,2.0176126330619822e+19,0.0,0.0,784,16797,-0.0,162057.094,-114818.039,-0.0,0.133,6.909358625270745e+28,30.0,70.0,35,0.0,0.0,0.0,0.0,0.0,0.0,0.0,0.0,0.0,0.0,0.0,0.0,0.0,0.0,0.0,0.0,66.4,0,150,71,51,65476,0,300,0,0,8,20529,65476,0,0,44564,70.0,0.0,0.0,0.0,0.0,0.0
2026-09-10T21:51:32,ERR,ERR,ERR,ERR,ERR,ERR,ERR,ERR,ERR,ERR,ERR,ERR,ERR,ERR,ERR,ERR,ERR,ERR,ERR,ERR,ERR,ERR,ERR,ERR,ERR,ERR,ERR,ERR,ERR,ERR,ERR,ERR,ERR,ERR,ERR,ERR,ERR,ERR,ERR,ERR,ERR,ERR,ERR,ERR,ERR,ERR,ERR,ERR,ERR,ERR,ERR,ERR,ERR,ERR,ERR,ERR,ERR,ERR,ERR,ERR,ERR,ERR,ERR,ERR,ERR,ERR,ERR,ERR,ERR,ERR,ERR,ERR,ERR,ERR,ERR,ERR,ERR,ERR,ERR,ERR,ERR,ERR,ERR,ERR,ERR,ERR,ERR,ERR,ERR,ERR,ERR,ERR,ERR,ERR,ERR,ERR,ERR,ERR,ERR,ERR,ERR,ERR,ERR,ERR,ERR,ERR,ERR,ERR,ERR,ERR,ERR,ERR,ERR,ERR,ERR,ERR,ERR,ERR,ERR,ERR,ERR,ERR,ERR,ERR,ERR,0.0,-107615352.0,-0.0,0.0,0.0,1.3936040501711995e+18,7.805,0.0,0,0,4,0,7116,0.0,100,0.0,0.0,0.0,0.0,0.0,0,0,0,0,0.0,0,0,0,0,0,0,0,0,0,0,0,0,0,0,0,0,0,0,0,0,0,0,0,0,0,0,0,0,0,0,0,0,0,31,40,40,71,65476,0,300,0,0,8,21553,0.0,-107605600.0,0.0,0.0,0.0,0.0,0.0,0.0,0.0,0.0,0.0,0.0,0.0,0.0,0.0,0.0,0.0,0.0,0.0,0.0,0.0,0.0,-2.004,0.0,0.0,2.004,0.0,0.0,0.0,0.0,4515.0,564144826744832.0,6923.0,0.0,0.0,-0.0,-0.0,0.0,0.0,0.0,0.0,69,-0.0,-2.3088245329045016e+20,0.0,0.0,0.0,0.0,0.0,0.0,0.0,0,0,0,0.0,0.0,0.0,0.0,0.0,0.0,0.0,0.0,0.0,0.0,0.0,0.0,0.0,0.0,0.0,0.0,0,-107875648.0,69,0.0,138,0.0,-100793952.0,0,13107,17085,39322,17098,39322,17078,0,0,0,70,68,100,0.0,82.2,2.730238278947072e+23,77.7,2.730238639235042e+23,78.5,1,49,50,180,39322,13107,0,0,0.0,0.0,0.0,0.0,-0.0,67.0,0.0,162057.094,0.0,968,0,991,0,0,0,946,0,1012,0,913,0,787,0,777,0,821,0,7520,0.032,2.0176126330619822e+19,0.0,0.0,784,16797,-0.0,162057.094,-114818.039,-0.0,0.133,6.909358625270745e+28,30.0,70.0,35,0.0,0.0,0.0,0.0,0.0,0.0,0.0,0.0,0.0,0.0,0.0,0.0,0.0,0.0,0.0,0.0,66.4,0,150,71,51,65476,0,300,0,0,8,20529,65476,0,0,44564,70.0,0.0,0.0,0.0,0.0,0.0
2026-09-10T21:51:33,ERR,ERR,ERR,ERR,ERR,ERR,ERR,ERR,ERR,ERR,ERR,ERR,ERR,ERR,ERR,ERR,ERR,ERR,ERR,ERR,ERR,ERR,ERR,ERR,ERR,ERR,ERR,ERR,ERR,ERR,ERR,ERR,ERR,ERR,ERR,ERR,ERR,ERR,ERR,ERR,ERR,ERR,ERR,ERR,ERR,ERR,ERR,ERR,ERR,ERR,ERR,ERR,ERR,ERR,ERR,ERR,ERR,ERR,ERR,ERR,ERR,ERR,ERR,ERR,ERR,ERR,ERR,ERR,ERR,ERR,ERR,ERR,ERR,ERR,ERR,ERR,ERR,ERR,ERR,ERR,ERR,ERR,ERR,ERR,ERR,ERR,ERR,ERR,ERR,ERR,ERR,ERR,ERR,ERR,ERR,ERR,ERR,ERR,ERR,ERR,ERR,ERR,ERR,ERR,ERR,ERR,ERR,ERR,ERR,ERR,ERR,ERR,ERR,ERR,ERR,ERR,ERR,ERR,ERR,ERR,ERR,ERR,ERR,ERR,ERR,0.0,-107615352.0,-0.0,0.0,0.0,1.3936040501711995e+18,7.805,0.0,0,0,4,0,7116,0.0,100,0.0,0.0,0.0,0.0,0.0,0,0,0,0,0.0,0,0,0,0,0,0,0,0,0,0,0,0,0,0,0,0,0,0,0,0,0,0,0,0,0,0,0,0,0,0,0,0,0,31,40,40,71,65476,0,300,0,0,8,21553,0.0,-107605600.0,0.0,0.0,0.0,0.0,0.0,0.0,0.0,0.0,0.0,0.0,0.0,0.0,0.0,0.0,0.0,0.0,0.0,0.0,0.0,0.0,-2.004,0.0,0.0,2.004,0.0,0.0,0.0,0.0,4515.0,564144826744832.0,6923.0,0.0,0.0,-0.0,-0.0,0.0,0.0,0.0,0.0,69,-0.0,-2.3088245329045016e+20,0.0,0.0,0.0,0.0,0.0,0.0,0.0,0,0,0,0.0,0.0,0.0,0.0,0.0,0.0,0.0,0.0,0.0,0.0,0.0,0.0,0.0,0.0,0.0,0.0,0,-107875648.0,69,0.0,138,0.0,-100793952.0,0,13107,17085,39322,17098,39322,17078,0,0,0,70,68,100,0.0,82.2,2.730238278947072e+23,77.7,2.730238639235042e+23,78.5,1,49,50,180,39322,13107,0,0,0.0,0.0,0.0,0.0,-0.0,67.0,0.0,162057.094,0.0,968,0,991,0,0,0,946,0,1012,0,913,0,787,0,777,0,821,0,7520,0.032,2.0176126330619822e+19,0.0,0.0,784,16797,-0.0,162057.094,-114818.039,-0.0,0.133,6.909358625270745e+28,30.0,70.0,35,0.0,0.0,0.0,0.0,0.0,0.0,0.0,0.0,0.0,0.0,0.0,0.0,0.0,0.0,0.0,0.0,66.4,0,150,71,51,65476,0,300,0,0,8,20529,65476,0,0,44564,70.0,0.0,0.0,0.0,0.0,0.0
2026-09-10T21:51:34,ERR,ERR,ERR,ERR,ERR,ERR,ERR,ERR,ERR,ERR,ERR,ERR,ERR,ERR,ERR,ERR,ERR,ERR,ERR,ERR,ERR,ERR,ERR,ERR,ERR,ERR,ERR,ERR,ERR,ERR,ERR,ERR,ERR,ERR,ERR,ERR,ERR,ERR,ERR,ERR,ERR,ERR,ERR,ERR,ERR,ERR,ERR,ERR,ERR,ERR,ERR,ERR,ERR,ERR,ERR,ERR,ERR,ERR,ERR,ERR,ERR,ERR,ERR,ERR,ERR,ERR,ERR,ERR,ERR,ERR,ERR,ERR,ERR,ERR,ERR,ERR,ERR,ERR,ERR,ERR,ERR,ERR,ERR,ERR,ERR,ERR,ERR,ERR,ERR,ERR,ERR,ERR,ERR,ERR,ERR,ERR,ERR,ERR,ERR,ERR,ERR,ERR,ERR,ERR,ERR,ERR,ERR,ERR,ERR,ERR,ERR,ERR,ERR,ERR,ERR,ERR,ERR,ERR,ERR,ERR,ERR,ERR,ERR,ERR,ERR,0.0,-107615352.0,-0.0,0.0,0.0,1.3936040501711995e+18,7.805,0.0,0,0,4,0,7116,0.0,100,0.0,0.0,0.0,0.0,0.0,0,0,0,0,0.0,0,0,0,0,0,0,0,0,0,0,0,0,0,0,0,0,0,0,0,0,0,0,0,0,0,0,0,0,0,0,0,0,0,31,40,40,71,65476,0,300,0,0,8,21553,0.0,-107605600.0,0.0,0.0,0.0,0.0,0.0,0.0,0.0,0.0,0.0,0.0,0.0,0.0,0.0,0.0,0.0,0.0,0.0,0.0,0.0,0.0,-2.004,0.0,0.0,2.004,0.0,0.0,0.0,0.0,4515.0,564144826744832.0,6923.0,0.0,0.0,-0.0,-0.0,0.0,0.0,0.0,0.0,69,-0.0,-2.3088245329045016e+20,0.0,0.0,0.0,0.0,0.0,0.0,0.0,0,0,0,0.0,0.0,0.0,0.0,0.0,0.0,0.0,0.0,0.0,0.0,0.0,0.0,0.0,0.0,0.0,0.0,0,-107875648.0,69,0.0,138,0.0,-100793952.0,0,13107,17085,39322,17098,39322,17078,0,0,0,70,68,100,0.0,82.2,2.730238278947072e+23,77.7,2.730238639235042e+23,78.5,1,49,50,180,39322,13107,0,0,0.0,0.0,0.0,0.0,-0.0,67.0,0.0,162057.094,0.0,968,0,991,0,0,0,946,0,1012,0,913,0,787,0,777,0,821,0,7520,0.032,2.0176126330619822e+19,0.0,0.0,784,16797,-0.0,162057.094,-114818.039,-0.0,0.133,6.909358625270745e+28,30.0,70.0,35,0.0,0.0,0.0,0.0,0.0,0.0,0.0,0.0,0.0,0.0,0.0,0.0,0.0,0.0,0.0,0.0,66.4,0,150,71,51,65476,0,300,0,0,8,20529,65476,0,0,44564,70.0,0.0,0.0,0.0,0.0,0.0
2026-09-10T21:51:35,ERR,ERR,ERR,ERR,ERR,ERR,ERR,ERR,ERR,ERR,ERR,ERR,ERR,ERR,ERR,ERR,ERR,ERR,ERR,ERR,ERR,ERR,ERR,ERR,ERR,ERR,ERR,ERR,ERR,ERR,ERR,ERR,ERR,ERR,ERR,ERR,ERR,ERR,ERR,ERR,ERR,ERR,ERR,ERR,ERR,ERR,ERR,ERR,ERR,ERR,ERR,ERR,ERR,ERR,ERR,ERR,ERR,ERR,ERR,ERR,ERR,ERR,ERR,ERR,ERR,ERR,ERR,ERR,ERR,ERR,ERR,ERR,ERR,ERR,ERR,ERR,ERR,ERR,ERR,ERR,ERR,ERR,ERR,ERR,ERR,ERR,ERR,ERR,ERR,ERR,ERR,ERR,ERR,ERR,ERR,ERR,ERR,ERR,ERR,ERR,ERR,ERR,ERR,ERR,ERR,ERR,ERR,ERR,ERR,ERR,ERR,ERR,ERR,ERR,ERR,ERR,ERR,ERR,ERR,ERR,ERR,ERR,ERR,ERR,ERR,0.0,0.0,0.0,0.0,0.0,1.3936040501711995e+18,7.805,0.0,0,0,4,0,7116,0.0,100,0.0,0.0,0.0,0.0,0.0,0,0,0,0,0.0,0,0,0,0,0,0,0,0,0,0,0,0,0,0,0,0,0,0,0,0,0,0,0,0,0,0,0,0,0,0,0,0,0,31,40,40,71,65476,0,300,0,0,8,21553,0.0,-107605600.0,0.0,0.0,0.0,0.0,0.0,0.0,0.0,0.0,0.0,0.0,0.0,0.0,0.0,0.0,0.0,0.0,0.0,0.0,0.0,0.0,-2.004,0.0,0.0,2.004,0.0,0.0,0.0,0.0,4514.0,2.4229835810766396e+24,6925.0,0.0,0.0,-0.0,-0.0,0.0,0.0,0.0,0.0,69,-0.0,0.0,0.0,0.0,0.0,0.0,0.0,0.0,0.0,0,0,0,0.0,0.0,0.0,0.0,0.0,0.0,0.0,0.0,0.0,0.0,0.0,0.0,0.0,0.0,0.0,0.0,0,-107875648.0,69,0.0,138,0.0,-100793952.0,0,13107,17085,26215,17098,39322,17078,0,0,0,70,68,100,0.0,82.2,2.730238278947072e+23,77.7,2.730238639235042e+23,78.5,1,49,50,180,39322,13107,0,0,0.0,0.0,0.0,0.0,-0.0,67.0,0.0,162057.094,0.0,968,0,991,0,0,0,946,0,1013,0,913,0,787,0,777,0,821,0,7520,0.032,2.0032011142543966e+19,0.0,0.0,784,16797,-0.0,162057.094,-114818.039,-0.0,0.133,6.909358625270745e+28,30.0,70.0,35,0.0,0.0,0.0,0.0,0.0,0.0,0.0,0.0,0.0,0.0,0.0,0.0,0.0,0.0,0.0,0.0,66.4,0,150,71,51,65476,0,300,0,0,8,20529,65476,0,0,44564,70.0,0.0,0.0,0.0,0.0,0.0
2026-09-10T21:51:36,ERR,ERR,ERR,ERR,ERR,ERR,ERR,ERR,ERR,ERR,ERR,ERR,ERR,ERR,ERR,ERR,ERR,ERR,ERR,ERR,ERR,ERR,ERR,ERR,ERR,ERR,ERR,ERR,ERR,ERR,ERR,ERR,ERR,ERR,ERR,ERR,ERR,ERR,ERR,ERR,ERR,ERR,ERR,ERR,ERR,ERR,ERR,ERR,ERR,ERR,ERR,ERR,ERR,ERR,ERR,ERR,ERR,ERR,ERR,ERR,ERR,ERR,ERR,ERR,ERR,ERR,ERR,ERR,ERR,ERR,ERR,ERR,ERR,ERR,ERR,ERR,ERR,ERR,ERR,ERR,ERR,ERR,ERR,ERR,ERR,ERR,ERR,ERR,ERR,ERR,ERR,ERR,ERR,ERR,ERR,ERR,ERR,ERR,ERR,ERR,ERR,ERR,ERR,ERR,ERR,ERR,ERR,ERR,ERR,ERR,ERR,ERR,ERR,ERR,ERR,ERR,ERR,ERR,ERR,ERR,ERR,ERR,ERR,ERR,ERR,0.0,0.0,0.0,0.0,0.0,1.3936040501711995e+18,7.805,0.0,0,0,4,0,7116,0.0,100,0.0,0.0,0.0,0.0,0.0,0,0,0,0,0.0,0,0,0,0,0,0,0,0,0,0,0,0,0,0,0,0,0,0,0,0,0,0,0,0,0,0,0,0,0,0,0,0,0,31,40,40,71,65476,0,300,0,0,8,21553,0.0,-107605600.0,0.0,0.0,0.0,0.0,0.0,0.0,0.0,0.0,0.0,0.0,0.0,0.0,0.0,0.0,0.0,0.0,0.0,0.0,0.0,0.0,-2.004,0.0,0.0,2.004,0.0,0.0,0.0,0.0,4514.0,2.4229835810766396e+24,6925.0,0.0,0.0,-0.0,-0.0,0.0,0.0,0.0,0.0,69,-0.0,0.0,0.0,0.0,0.0,0.0,0.0,0.0,0.0,0,0,0,0.0,0.0,0.0,0.0,0.0,0.0,0.0,0.0,0.0,0.0,0.0,0.0,0.0,0.0,0.0,0.0,0,-107875648.0,69,0.0,138,0.0,-100793952.0,0,13107,17085,26215,17098,39322,17078,0,0,0,70,68,100,0.0,82.2,2.730238278947072e+23,77.7,2.730238639235042e+23,78.5,1,49,50,180,39322,13107,0,0,0.0,0.0,0.0,0.0,-0.0,67.0,0.0,162057.094,0.0,968,0,991,0,0,0,946,0,1013,0,913,0,787,0,777,0,821,0,7520,0.032,2.0032011142543966e+19,0.0,0.0,784,16797,-0.0,162057.094,-114818.039,-0.0,0.133,6.909358625270745e+28,30.0,70.0,35,0.0,0.0,0.0,0.0,0.0,0.0,0.0,0.0,0.0,0.0,0.0,0.0,0.0,0.0,0.0,0.0,66.4,0,150,71,51,65476,0,300,0,0,8,20529,65476,0,0,44564,70.0,0.0,0.0,0.0,0.0,0.0
2026-09-10T21:51:37,ERR,ERR,ERR,ERR,ERR,ERR,ERR,ERR,ERR,ERR,ERR,ERR,ERR,ERR,ERR,ERR,ERR,ERR,ERR,ERR,ERR,ERR,ERR,ERR,ERR,ERR,ERR,ERR,ERR,ERR,ERR,ERR,ERR,ERR,ERR,ERR,ERR,ERR,ERR,ERR,ERR,ERR,ERR,ERR,ERR,ERR,ERR,ERR,ERR,ERR,ERR,ERR,ERR,ERR,ERR,ERR,ERR,ERR,ERR,ERR,ERR,ERR,ERR,ERR,ERR,ERR,ERR,ERR,ERR,ERR,ERR,ERR,ERR,ERR,ERR,ERR,ERR,ERR,ERR,ERR,ERR,ERR,ERR,ERR,ERR,ERR,ERR,ERR,ERR,ERR,ERR,ERR,ERR,ERR,ERR,ERR,ERR,ERR,ERR,ERR,ERR,ERR,ERR,ERR,ERR,ERR,ERR,ERR,ERR,ERR,ERR,ERR,ERR,ERR,ERR,ERR,ERR,ERR,ERR,ERR,ERR,ERR,ERR,ERR,ERR,0.0,0.0,0.0,0.0,0.0,1.3936040501711995e+18,7.805,0.0,0,0,4,0,7116,0.0,100,0.0,0.0,0.0,0.0,0.0,0,0,0,0,0.0,0,0,0,0,0,0,0,0,0,0,0,0,0,0,0,0,0,0,0,0,0,0,0,0,0,0,0,0,0,0,0,0,0,31,40,40,71,65476,0,300,0,0,8,21553,0.0,-107605600.0,0.0,0.0,0.0,0.0,0.0,0.0,0.0,0.0,0.0,0.0,0.0,0.0,0.0,0.0,0.0,0.0,0.0,0.0,0.0,0.0,-2.004,0.0,0.0,2.004,0.0,0.0,0.0,0.0,4514.0,2.4229835810766396e+24,6925.0,0.0,0.0,-0.0,-0.0,0.0,0.0,0.0,0.0,69,-0.0,0.0,0.0,0.0,0.0,0.0,0.0,0.0,0.0,0,0,0,0.0,0.0,0.0,0.0,0.0,0.0,0.0,0.0,0.0,0.0,0.0,0.0,0.0,0.0,0.0,0.0,0,-107875648.0,69,0.0,138,0.0,-100793952.0,0,13107,17085,26215,17098,39322,17078,0,0,0,70,68,100,0.0,82.2,2.730238278947072e+23,77.7,2.730238639235042e+23,78.5,1,49,50,180,39322,13107,0,0,0.0,0.0,0.0,0.0,-0.0,67.0,0.0,162057.094,0.0,968,0,991,0,0,0,946,0,1013,0,913,0,787,0,777,0,821,0,7520,0.032,2.0032011142543966e+19,0.0,0.0,784,16797,-0.0,162057.094,-114818.039,-0.0,0.133,6.909358625270745e+28,30.0,70.0,35,0.0,0.0,0.0,0.0,0.0,0.0,0.0,0.0,0.0,0.0,0.0,0.0,0.0,0.0,0.0,0.0,66.4,0,150,71,51,65476,0,300,0,0,8,20529,65476,0,0,44564,70.0,0.0,0.0,0.0,0.0,0.0
2026-09-10T21:51:38,ERR,ERR,ERR,ERR,ERR,ERR,ERR,ERR,ERR,ERR,ERR,ERR,ERR,ERR,ERR,ERR,ERR,ERR,ERR,ERR,ERR,ERR,ERR,ERR,ERR,ERR,ERR,ERR,ERR,ERR,ERR,ERR,ERR,ERR,ERR,ERR,ERR,ERR,ERR,ERR,ERR,ERR,ERR,ERR,ERR,ERR,ERR,ERR,ERR,ERR,ERR,ERR,ERR,ERR,ERR,ERR,ERR,ERR,ERR,ERR,ERR,ERR,ERR,ERR,ERR,ERR,ERR,ERR,ERR,ERR,ERR,ERR,ERR,ERR,ERR,ERR,ERR,ERR,ERR,ERR,ERR,ERR,ERR,ERR,ERR,ERR,ERR,ERR,ERR,ERR,ERR,ERR,ERR,ERR,ERR,ERR,ERR,ERR,ERR,ERR,ERR,ERR,ERR,ERR,ERR,ERR,ERR,ERR,ERR,ERR,ERR,ERR,ERR,ERR,ERR,ERR,ERR,ERR,ERR,ERR,ERR,ERR,ERR,ERR,ERR,0.0,0.0,0.0,0.0,0.0,1.3936040501711995e+18,7.805,0.0,0,0,4,0,7116,0.0,100,0.0,0.0,0.0,0.0,0.0,0,0,0,0,0.0,0,0,0,0,0,0,0,0,0,0,0,0,0,0,0,0,0,0,0,0,0,0,0,0,0,0,0,0,0,0,0,0,0,31,40,40,71,65476,0,300,0,0,8,21553,0.0,-107605600.0,0.0,0.0,0.0,0.0,0.0,0.0,0.0,0.0,0.0,0.0,0.0,0.0,0.0,0.0,0.0,0.0,0.0,0.0,0.0,0.0,-2.004,0.0,0.0,2.004,0.0,0.0,0.0,0.0,4514.0,2.4229835810766396e+24,6925.0,0.0,0.0,-0.0,-0.0,0.0,0.0,0.0,0.0,69,-0.0,0.0,0.0,0.0,0.0,0.0,0.0,0.0,0.0,0,0,0,0.0,0.0,0.0,0.0,0.0,0.0,0.0,0.0,0.0,0.0,0.0,0.0,0.0,0.0,0.0,0.0,0,-107875648.0,69,0.0,138,0.0,-100793952.0,0,13107,17085,26215,17098,39322,17078,0,0,0,70,68,100,0.0,82.2,2.730238278947072e+23,77.7,2.730238639235042e+23,78.5,1,49,50,180,39322,13107,0,0,0.0,0.0,0.0,0.0,-0.0,67.0,0.0,162057.094,0.0,968,0,991,0,0,0,946,0,1013,0,913,0,787,0,777,0,821,0,7520,0.032,2.0032011142543966e+19,0.0,0.0,784,16797,-0.0,162057.094,-114818.039,-0.0,0.133,6.909358625270745e+28,30.0,70.0,35,0.0,0.0,0.0,0.0,0.0,0.0,0.0,0.0,0.0,0.0,0.0,0.0,0.0,0.0,0.0,0.0,66.4,0,150,71,51,65476,0,300,0,0,8,20529,65476,0,0,44564,70.0,0.0,0.0,0.0,0.0,0.0
2026-09-10T21:51:39,ERR,ERR,ERR,ERR,ERR,ERR,ERR,ERR,ERR,ERR,ERR,ERR,ERR,ERR,ERR,ERR,ERR,ERR,ERR,ERR,ERR,ERR,ERR,ERR,ERR,ERR,ERR,ERR,ERR,ERR,ERR,ERR,ERR,ERR,ERR,ERR,ERR,ERR,ERR,ERR,ERR,ERR,ERR,ERR,ERR,ERR,ERR,ERR,ERR,ERR,ERR,ERR,ERR,ERR,ERR,ERR,ERR,ERR,ERR,ERR,ERR,ERR,ERR,ERR,ERR,ERR,ERR,ERR,ERR,ERR,ERR,ERR,ERR,ERR,ERR,ERR,ERR,ERR,ERR,ERR,ERR,ERR,ERR,ERR,ERR,ERR,ERR,ERR,ERR,ERR,ERR,ERR,ERR,ERR,ERR,ERR,ERR,ERR,ERR,ERR,ERR,ERR,ERR,ERR,ERR,ERR,ERR,ERR,ERR,ERR,ERR,ERR,ERR,ERR,ERR,ERR,ERR,ERR,ERR,ERR,ERR,ERR,ERR,ERR,ERR,0.0,0.0,0.0,0.0,0.0,1.3936040501711995e+18,7.805,0.0,0,0,4,0,7116,0.0,100,0.0,0.0,0.0,0.0,0.0,0,0,0,0,0.0,0,0,0,0,0,0,0,0,0,0,0,0,0,0,0,0,0,0,0,0,0,0,0,0,0,0,0,0,0,0,0,0,0,31,40,40,71,65476,0,300,0,0,8,21553,0.0,-107605600.0,0.0,0.0,0.0,0.0,0.0,0.0,0.0,0.0,0.0,0.0,0.0,0.0,0.0,0.0,0.0,0.0,0.0,0.0,0.0,0.0,-2.004,0.0,0.0,2.004,0.0,0.0,0.0,0.0,4514.0,2.4229835810766396e+24,6925.0,0.0,0.0,-0.0,-0.0,0.0,0.0,0.0,0.0,69,-0.0,0.0,0.0,0.0,0.0,0.0,0.0,0.0,0.0,0,0,0,0.0,0.0,0.0,0.0,0.0,0.0,0.0,0.0,0.0,0.0,0.0,0.0,0.0,0.0,0.0,0.0,0,-107875648.0,69,0.0,138,0.0,-100793952.0,0,13107,17085,26215,17098,39322,17078,0,0,0,70,68,100,0.0,82.2,2.730238278947072e+23,77.7,2.730238639235042e+23,78.5,1,49,50,180,39322,13107,0,0,0.0,0.0,0.0,0.0,-0.0,67.0,0.0,162057.094,0.0,968,0,991,0,0,0,946,0,1013,0,913,0,787,0,777,0,821,0,7520,0.032,2.0032011142543966e+19,0.0,0.0,784,16797,-0.0,162057.094,-114818.039,-0.0,0.133,6.909358625270745e+28,30.0,70.0,35,0.0,0.0,0.0,0.0,0.0,0.0,0.0,0.0,0.0,0.0,0.0,0.0,0.0,0.0,0.0,0.0,66.4,0,150,71,51,65476,0,300,0,0,8,20529,65476,0,0,44564,70.0,0.0,0.0,0.0,0.0,0.0
2026-09-10T21:51:40,ERR,ERR,ERR,ERR,ERR,ERR,ERR,ERR,ERR,ERR,ERR,ERR,ERR,ERR,ERR,ERR,ERR,ERR,ERR,ERR,ERR,ERR,ERR,ERR,ERR,ERR,ERR,ERR,ERR,ERR,ERR,ERR,ERR,ERR,ERR,ERR,ERR,ERR,ERR,ERR,ERR,ERR,ERR,ERR,ERR,ERR,ERR,ERR,ERR,ERR,ERR,ERR,ERR,ERR,ERR,ERR,ERR,ERR,ERR,ERR,ERR,ERR,ERR,ERR,ERR,ERR,ERR,ERR,ERR,ERR,ERR,ERR,ERR,ERR,ERR,ERR,ERR,ERR,ERR,ERR,ERR,ERR,ERR,ERR,ERR,ERR,ERR,ERR,ERR,ERR,ERR,ERR,ERR,ERR,ERR,ERR,ERR,ERR,ERR,ERR,ERR,ERR,ERR,ERR,ERR,ERR,ERR,ERR,ERR,ERR,ERR,ERR,ERR,ERR,ERR,ERR,ERR,ERR,ERR,ERR,ERR,ERR,ERR,ERR,ERR,0.0,0.0,0.0,0.0,0.0,1.3936040501711995e+18,7.805,0.0,0,0,4,0,7116,0.0,100,0.0,0.0,0.0,0.0,0.0,0,0,0,0,0.0,0,0,0,0,0,0,0,0,0,0,0,0,0,0,0,0,0,0,0,0,0,0,0,0,0,0,0,0,0,0,0,0,0,31,40,40,71,65476,0,300,0,0,8,21553,0.0,-107605600.0,0.0,0.0,0.0,0.0,0.0,0.0,0.0,0.0,0.0,0.0,0.0,0.0,0.0,0.0,0.0,0.0,0.0,0.0,0.0,0.0,-2.004,0.0,0.0,2.004,0.0,0.0,0.0,0.0,4514.0,2.4229835810766396e+24,6925.0,0.0,0.0,-0.0,-0.0,0.0,0.0,0.0,0.0,69,-0.0,0.0,0.0,0.0,0.0,0.0,0.0,0.0,0.0,0,0,0,0.0,0.0,0.0,0.0,0.0,0.0,0.0,0.0,0.0,0.0,0.0,0.0,0.0,0.0,0.0,0.0,0,-107875648.0,69,0.0,138,0.0,-100793952.0,0,13107,17085,26215,17098,39322,17078,0,0,0,70,68,100,0.0,82.2,2.730238278947072e+23,77.7,2.730238639235042e+23,78.5,1,49,50,180,39322,13107,0,0,0.0,0.0,0.0,0.0,-0.0,67.0,0.0,162057.094,0.0,968,0,991,0,0,0,946,0,1013,0,913,0,787,0,777,0,821,0,7520,0.032,2.0032011142543966e+19,0.0,0.0,784,16797,-0.0,162057.094,-114818.039,-0.0,0.133,6.909358625270745e+28,30.0,70.0,35,0.0,0.0,0.0,0.0,0.0,0.0,0.0,0.0,0.0,0.0,0.0,0.0,0.0,0.0,0.0,0.0,66.4,0,150,71,51,65476,0,300,0,0,8,20529,65476,0,0,44564,70.0,0.0,0.0,0.0,0.0,0.0
2026-09-10T21:51:41,ERR,ERR,ERR,ERR,ERR,ERR,ERR,ERR,ERR,ERR,ERR,ERR,ERR,ERR,ERR,ERR,ERR,ERR,ERR,ERR,ERR,ERR,ERR,ERR,ERR,ERR,ERR,ERR,ERR,ERR,ERR,ERR,ERR,ERR,ERR,ERR,ERR,ERR,ERR,ERR,ERR,ERR,ERR,ERR,ERR,ERR,ERR,ERR,ERR,ERR,ERR,ERR,ERR,ERR,ERR,ERR,ERR,ERR,ERR,ERR,ERR,ERR,ERR,ERR,ERR,ERR,ERR,ERR,ERR,ERR,ERR,ERR,ERR,ERR,ERR,ERR,ERR,ERR,ERR,ERR,ERR,ERR,ERR,ERR,ERR,ERR,ERR,ERR,ERR,ERR,ERR,ERR,ERR,ERR,ERR,ERR,ERR,ERR,ERR,ERR,ERR,ERR,ERR,ERR,ERR,ERR,ERR,ERR,ERR,ERR,ERR,ERR,ERR,ERR,ERR,ERR,ERR,ERR,ERR,ERR,ERR,ERR,ERR,ERR,ERR,0.0,0.0,0.0,0.0,0.0,1.3936040501711995e+18,7.805,0.0,0,0,4,0,7116,0.0,100,0.0,0.0,0.0,0.0,0.0,0,0,0,0,0.0,0,0,0,0,0,0,0,0,0,0,0,0,0,0,0,0,0,0,0,0,0,0,0,0,0,0,0,0,0,0,0,0,0,31,40,40,71,65476,0,300,0,0,8,21553,0.0,-107605600.0,0.0,0.0,0.0,0.0,0.0,0.0,0.0,0.0,0.0,0.0,0.0,0.0,0.0,0.0,0.0,0.0,0.0,0.0,0.0,0.0,-2.004,0.0,0.0,2.004,0.0,0.0,0.0,0.0,4514.0,2.4229835810766396e+24,6925.0,0.0,0.0,-0.0,-0.0,0.0,0.0,0.0,0.0,69,-0.0,0.0,0.0,0.0,0.0,0.0,0.0,0.0,0.0,0,0,0,0.0,0.0,0.0,0.0,0.0,0.0,0.0,0.0,0.0,0.0,0.0,0.0,0.0,0.0,0.0,0.0,0,-107875648.0,69,0.0,138,0.0,-100793952.0,0,13107,17085,26215,17098,39322,17078,0,0,0,70,68,100,0.0,82.2,2.730238278947072e+23,77.7,2.730238639235042e+23,78.5,1,49,50,180,39322,13107,0,0,0.0,0.0,0.0,0.0,-0.0,67.0,0.0,162057.094,0.0,968,0,991,0,0,0,946,0,1012,0,913,0,787,0,777,0,821,0,7520,0.032,2.0032011142543966e+19,0.0,0.0,784,16797,-0.0,162057.094,-114818.039,-0.0,0.133,6.909358625270745e+28,30.0,70.0,35,0.0,0.0,0.0,0.0,0.0,0.0,0.0,0.0,0.0,0.0,0.0,0.0,0.0,0.0,0.0,0.0,66.4,0,150,71,51,65476,0,300,0,0,8,20529,65476,0,0,44564,70.0,0.0,0.0,0.0,0.0,0.0
2026-09-10T21:51:42,ERR,ERR,ERR,ERR,ERR,ERR,ERR,ERR,ERR,ERR,ERR,ERR,ERR,ERR,ERR,ERR,ERR,ERR,ERR,ERR,ERR,ERR,ERR,ERR,ERR,ERR,ERR,ERR,ERR,ERR,ERR,ERR,ERR,ERR,ERR,ERR,ERR,ERR,ERR,ERR,ERR,ERR,ERR,ERR,ERR,ERR,ERR,ERR,ERR,ERR,ERR,ERR,ERR,ERR,ERR,ERR,ERR,ERR,ERR,ERR,ERR,ERR,ERR,ERR,ERR,ERR,ERR,ERR,ERR,ERR,ERR,ERR,ERR,ERR,ERR,ERR,ERR,ERR,ERR,ERR,ERR,ERR,ERR,ERR,ERR,ERR,ERR,ERR,ERR,ERR,ERR,ERR,ERR,ERR,ERR,ERR,ERR,ERR,ERR,ERR,ERR,ERR,ERR,ERR,ERR,ERR,ERR,ERR,ERR,ERR,ERR,ERR,ERR,ERR,ERR,ERR,ERR,ERR,ERR,ERR,ERR,ERR,ERR,ERR,ERR,0.0,0.0,0.0,0.0,0.0,1.3936040501711995e+18,7.805,0.0,0,0,4,0,7116,0.0,100,0.0,0.0,0.0,0.0,0.0,0,0,0,0,0.0,0,0,0,0,0,0,0,0,0,0,0,0,0,0,0,0,0,0,0,0,0,0,0,0,0,0,0,0,0,0,0,0,0,31,40,40,71,65476,0,300,0,0,8,21553,0.0,-107605600.0,0.0,0.0,0.0,0.0,0.0,0.0,0.0,0.0,0.0,0.0,0.0,0.0,0.0,0.0,0.0,0.0,0.0,0.0,0.0,0.0,-2.004,0.0,0.0,2.004,0.0,0.0,0.0,0.0,4514.0,2.4229835810766396e+24,6925.0,0.0,0.0,-0.0,-0.0,0.0,0.0,0.0,0.0,69,-0.0,0.0,0.0,0.0,0.0,0.0,0.0,0.0,0.0,0,0,0,0.0,0.0,0.0,0.0,0.0,0.0,0.0,0.0,0.0,0.0,0.0,0.0,0.0,0.0,0.0,0.0,0,-107875648.0,69,0.0,138,0.0,-100793952.0,0,13107,17085,26215,17098,39322,17078,0,0,0,70,68,100,0.0,82.2,2.730238278947072e+23,77.7,2.730238639235042e+23,78.5,1,49,50,180,39322,13107,0,0,0.0,0.0,0.0,0.0,-0.0,67.0,0.0,162057.094,0.0,968,0,991,0,0,0,946,0,1012,0,913,0,787,0,777,0,821,0,7520,0.032,2.0032011142543966e+19,0.0,0.0,784,16797,-0.0,162057.094,-114818.039,-0.0,0.133,6.909358625270745e+28,30.0,70.0,35,0.0,0.0,0.0,0.0,0.0,0.0,0.0,0.0,0.0,0.0,0.0,0.0,0.0,0.0,0.0,0.0,66.8,0,150,71,51,65476,0,300,0,0,8,20529,65476,0,0,44564,70.0,0.0,0.0,0.0,0.0,0.0
2026-09-10T21:51:43,ERR,ERR,ERR,ERR,ERR,ERR,ERR,ERR,ERR,ERR,ERR,ERR,ERR,ERR,ERR,ERR,ERR,ERR,ERR,ERR,ERR,ERR,ERR,ERR,ERR,ERR,ERR,ERR,ERR,ERR,ERR,ERR,ERR,ERR,ERR,ERR,ERR,ERR,ERR,ERR,ERR,ERR,ERR,ERR,ERR,ERR,ERR,ERR,ERR,ERR,ERR,ERR,ERR,ERR,ERR,ERR,ERR,ERR,ERR,ERR,ERR,ERR,ERR,ERR,ERR,ERR,ERR,ERR,ERR,ERR,ERR,ERR,ERR,ERR,ERR,ERR,ERR,ERR,ERR,ERR,ERR,ERR,ERR,ERR,ERR,ERR,ERR,ERR,ERR,ERR,ERR,ERR,ERR,ERR,ERR,ERR,ERR,ERR,ERR,ERR,ERR,ERR,ERR,ERR,ERR,ERR,ERR,ERR,ERR,ERR,ERR,ERR,ERR,ERR,ERR,ERR,ERR,ERR,ERR,ERR,ERR,ERR,ERR,ERR,ERR,0.0,0.0,0.0,0.0,0.0,1.3936040501711995e+18,7.805,0.0,0,0,4,0,7116,0.0,100,0.0,0.0,0.0,0.0,0.0,0,0,0,0,0.0,0,0,0,0,0,0,0,0,0,0,0,0,0,0,0,0,0,0,0,0,0,0,0,0,0,0,0,0,0,0,0,0,0,31,40,40,71,65476,0,300,0,0,8,21553,0.0,-107605600.0,0.0,0.0,0.0,0.0,0.0,0.0,0.0,0.0,0.0,0.0,0.0,0.0,0.0,0.0,0.0,0.0,0.0,0.0,0.0,0.0,-2.004,-2.004,0.0,0.0,0.0,0.0,0.0,0.0,4519.0,564144826744832.0,6923.0,0.0,0.0,-0.0,-0.0,0.0,0.0,0.0,0.0,69,-0.0,-3.221995388546138e+26,0.0,0.0,0.0,0.0,0.0,0.0,0.0,0,0,0,0.0,0.0,0.0,0.0,0.0,0.0,0.0,0.0,0.0,0.0,0.0,0.0,0.0,0.0,0.0,0.0,0,-107875648.0,69,0.0,138,0.0,-100793952.0,0,13107,17085,26215,17098,39322,17078,0,0,0,70,68,100,0.0,82.2,2.730238278947072e+23,77.7,2.730238639235042e+23,78.5,1,49,50,180,39322,13107,0,0,0.0,0.0,0.0,0.0,-0.0,67.0,0.0,162057.094,0.0,968,0,991,0,0,0,946,0,1012,0,913,0,787,0,777,0,821,0,7520,0.032,2.0032011142543966e+19,0.0,0.0,784,16797,-0.0,162057.094,-114818.039,-0.0,0.133,6.909358625270745e+28,30.0,70.0,35,0.0,0.0,0.0,0.0,0.0,0.0,0.0,0.0,0.0,0.0,0.0,0.0,0.0,0.0,0.0,0.0,66.8,0,150,71,51,65476,0,300,0,0,8,20529,65476,0,0,44564,70.0,0.0,0.0,0.0,0.0,0.0
2026-09-10T21:51:44,ERR,ERR,ERR,ERR,ERR,ERR,ERR,ERR,ERR,ERR,ERR,ERR,ERR,ERR,ERR,ERR,ERR,ERR,ERR,ERR,ERR,ERR,ERR,ERR,ERR,ERR,ERR,ERR,ERR,ERR,ERR,ERR,ERR,ERR,ERR,ERR,ERR,ERR,ERR,ERR,ERR,ERR,ERR,ERR,ERR,ERR,ERR,ERR,ERR,ERR,ERR,ERR,ERR,ERR,ERR,ERR,ERR,ERR,ERR,ERR,ERR,ERR,ERR,ERR,ERR,ERR,ERR,ERR,ERR,ERR,ERR,ERR,ERR,ERR,ERR,ERR,ERR,ERR,ERR,ERR,ERR,ERR,ERR,ERR,ERR,ERR,ERR,ERR,ERR,ERR,ERR,ERR,ERR,ERR,ERR,ERR,ERR,ERR,ERR,ERR,ERR,ERR,ERR,ERR,ERR,ERR,ERR,ERR,ERR,ERR,ERR,ERR,ERR,ERR,ERR,ERR,ERR,ERR,ERR,ERR,ERR,ERR,ERR,ERR,ERR,0.0,0.0,0.0,0.0,0.0,1.3936040501711995e+18,7.805,0.0,0,0,4,0,7116,0.0,100,0.0,0.0,0.0,0.0,0.0,0,0,0,0,0.0,0,0,0,0,0,0,0,0,0,0,0,0,0,0,0,0,0,0,0,0,0,0,0,0,0,0,0,0,0,0,0,0,0,31,40,40,71,65476,0,300,0,0,8,21553,0.0,-107605600.0,0.0,0.0,0.0,0.0,0.0,0.0,0.0,0.0,0.0,0.0,0.0,0.0,0.0,0.0,0.0,0.0,0.0,0.0,0.0,0.0,-2.004,-2.004,0.0,0.0,0.0,0.0,0.0,0.0,4519.0,564144826744832.0,6923.0,0.0,0.0,-0.0,-0.0,0.0,0.0,0.0,0.0,69,-0.0,-3.221995388546138e+26,0.0,0.0,0.0,0.0,0.0,0.0,0.0,0,0,0,0.0,0.0,0.0,0.0,0.0,0.0,0.0,0.0,0.0,0.0,0.0,0.0,0.0,0.0,0.0,0.0,0,-107875648.0,69,0.0,138,0.0,-100793952.0,0,13107,17085,26215,17098,39322,17078,0,0,0,70,68,100,0.0,82.2,2.730238278947072e+23,77.7,2.730238639235042e+23,78.5,1,49,50,180,39322,13107,0,0,0.0,0.0,0.0,0.0,-0.0,67.0,0.0,162057.094,0.0,968,0,991,0,0,0,946,0,1012,0,913,0,787,0,777,0,821,0,7520,0.032,2.0032011142543966e+19,0.0,0.0,784,16797,-0.0,162057.094,-114818.039,-0.0,0.133,6.909358625270745e+28,30.0,70.0,35,0.0,0.0,0.0,0.0,0.0,0.0,0.0,0.0,0.0,0.0,0.0,0.0,0.0,0.0,0.0,0.0,66.8,0,150,71,51,65476,0,300,0,0,8,20529,65476,0,0,44564,70.0,0.0,0.0,0.0,0.0,0.0
2026-09-10T21:51:45,ERR,ERR,ERR,ERR,ERR,ERR,ERR,ERR,ERR,ERR,ERR,ERR,ERR,ERR,ERR,ERR,ERR,ERR,ERR,ERR,ERR,ERR,ERR,ERR,ERR,ERR,ERR,ERR,ERR,ERR,ERR,ERR,ERR,ERR,ERR,ERR,ERR,ERR,ERR,ERR,ERR,ERR,ERR,ERR,ERR,ERR,ERR,ERR,ERR,ERR,ERR,ERR,ERR,ERR,ERR,ERR,ERR,ERR,ERR,ERR,ERR,ERR,ERR,ERR,ERR,ERR,ERR,ERR,ERR,ERR,ERR,ERR,ERR,ERR,ERR,ERR,ERR,ERR,ERR,ERR,ERR,ERR,ERR,ERR,ERR,ERR,ERR,ERR,ERR,ERR,ERR,ERR,ERR,ERR,ERR,ERR,ERR,ERR,ERR,ERR,ERR,ERR,ERR,ERR,ERR,ERR,ERR,ERR,ERR,ERR,ERR,ERR,ERR,ERR,ERR,ERR,ERR,ERR,ERR,ERR,ERR,ERR,ERR,ERR,ERR,0.0,0.0,0.0,0.0,0.0,1.3936040501711995e+18,7.805,0.0,0,0,4,0,7116,0.0,100,0.0,0.0,0.0,0.0,0.0,0,0,0,0,0.0,0,0,0,0,0,0,0,0,0,0,0,0,0,0,0,0,0,0,0,0,0,0,0,0,0,0,0,0,0,0,0,0,0,31,40,40,71,65476,0,300,0,0,8,21553,0.0,-107605600.0,0.0,0.0,0.0,0.0,0.0,0.0,0.0,0.0,0.0,0.0,0.0,0.0,0.0,0.0,0.0,0.0,0.0,0.0,0.0,0.0,-2.004,-2.004,0.0,0.0,0.0,0.0,0.0,0.0,4519.0,564144826744832.0,6923.0,0.0,0.0,-0.0,-0.0,0.0,0.0,0.0,0.0,69,-0.0,-3.221995388546138e+26,0.0,0.0,0.0,0.0,0.0,0.0,0.0,0,0,0,0.0,0.0,0.0,0.0,0.0,0.0,0.0,0.0,0.0,0.0,0.0,0.0,0.0,0.0,0.0,0.0,0,-107875648.0,69,0.0,138,0.0,-100793952.0,0,13107,17085,26215,17098,39322,17078,0,0,0,70,68,100,0.0,82.2,2.730238278947072e+23,77.7,2.730238639235042e+23,78.5,1,49,50,180,39322,13107,0,0,0.0,0.0,0.0,0.0,-0.0,67.0,0.0,162057.094,0.0,968,0,991,0,0,0,946,0,1012,0,913,0,787,0,777,0,821,0,7520,0.032,2.0032011142543966e+19,0.0,0.0,784,16797,-0.0,162057.094,-114818.039,-0.0,0.133,6.909358625270745e+28,30.0,70.0,35,0.0,0.0,0.0,0.0,0.0,0.0,0.0,0.0,0.0,0.0,0.0,0.0,0.0,0.0,0.0,0.0,66.4,0,150,71,51,65476,0,300,0,0,8,20529,65476,0,0,44564,70.0,0.0,0.0,0.0,0.0,0.0
2026-09-10T21:51:46,ERR,ERR,ERR,ERR,ERR,ERR,ERR,ERR,ERR,ERR,ERR,ERR,ERR,ERR,ERR,ERR,ERR,ERR,ERR,ERR,ERR,ERR,ERR,ERR,ERR,ERR,ERR,ERR,ERR,ERR,ERR,ERR,ERR,ERR,ERR,ERR,ERR,ERR,ERR,ERR,ERR,ERR,ERR,ERR,ERR,ERR,ERR,ERR,ERR,ERR,ERR,ERR,ERR,ERR,ERR,ERR,ERR,ERR,ERR,ERR,ERR,ERR,ERR,ERR,ERR,ERR,ERR,ERR,ERR,ERR,ERR,ERR,ERR,ERR,ERR,ERR,ERR,ERR,ERR,ERR,ERR,ERR,ERR,ERR,ERR,ERR,ERR,ERR,ERR,ERR,ERR,ERR,ERR,ERR,ERR,ERR,ERR,ERR,ERR,ERR,ERR,ERR,ERR,ERR,ERR,ERR,ERR,ERR,ERR,ERR,ERR,ERR,ERR,ERR,ERR,ERR,ERR,ERR,ERR,ERR,ERR,ERR,ERR,ERR,ERR,0.0,0.0,0.0,0.0,0.0,1.3936040501711995e+18,7.805,0.0,0,0,4,0,7116,0.0,100,0.0,0.0,0.0,0.0,0.0,0,0,0,0,0.0,0,0,0,0,0,0,0,0,0,0,0,0,0,0,0,0,0,0,0,0,0,0,0,0,0,0,0,0,0,0,0,0,0,31,40,40,71,65476,0,300,0,0,8,21553,0.0,-107605600.0,0.0,0.0,0.0,0.0,0.0,0.0,0.0,0.0,0.0,0.0,0.0,0.0,0.0,0.0,0.0,0.0,0.0,0.0,0.0,0.0,-2.004,-2.004,0.0,0.0,0.0,0.0,0.0,0.0,4519.0,564144826744832.0,6923.0,0.0,0.0,-0.0,-0.0,0.0,0.0,0.0,0.0,69,-0.0,-3.221995388546138e+26,0.0,0.0,0.0,0.0,0.0,0.0,0.0,0,0,0,0.0,0.0,0.0,0.0,0.0,0.0,0.0,0.0,0.0,0.0,0.0,0.0,0.0,0.0,0.0,0.0,0,-107875648.0,69,0.0,138,0.0,-100793952.0,0,13107,17085,26215,17098,39322,17078,0,0,0,70,68,100,0.0,82.2,2.730238278947072e+23,77.7,2.730238639235042e+23,78.5,1,49,50,180,39322,13107,0,0,0.0,0.0,0.0,0.0,-0.0,67.0,0.0,162057.094,0.0,968,0,991,0,0,0,946,0,1012,0,913,0,787,0,777,0,821,0,7520,0.032,2.0032011142543966e+19,0.0,0.0,784,16797,-0.0,162057.094,-114818.039,-0.0,0.133,6.909358625270745e+28,30.0,70.0,35,0.0,0.0,0.0,0.0,0.0,0.0,0.0,0.0,0.0,0.0,0.0,0.0,0.0,0.0,0.0,0.0,66.4,0,150,71,51,65476,0,300,0,0,8,20529,65476,0,0,44564,70.0,0.0,0.0,0.0,0.0,0.0
2026-09-10T21:51:47,ERR,ERR,ERR,ERR,ERR,ERR,ERR,ERR,ERR,ERR,ERR,ERR,ERR,ERR,ERR,ERR,ERR,ERR,ERR,ERR,ERR,ERR,ERR,ERR,ERR,ERR,ERR,ERR,ERR,ERR,ERR,ERR,ERR,ERR,ERR,ERR,ERR,ERR,ERR,ERR,ERR,ERR,ERR,ERR,ERR,ERR,ERR,ERR,ERR,ERR,ERR,ERR,ERR,ERR,ERR,ERR,ERR,ERR,ERR,ERR,ERR,ERR,ERR,ERR,ERR,ERR,ERR,ERR,ERR,ERR,ERR,ERR,ERR,ERR,ERR,ERR,ERR,ERR,ERR,ERR,ERR,ERR,ERR,ERR,ERR,ERR,ERR,ERR,ERR,ERR,ERR,ERR,ERR,ERR,ERR,ERR,ERR,ERR,ERR,ERR,ERR,ERR,ERR,ERR,ERR,ERR,ERR,ERR,ERR,ERR,ERR,ERR,ERR,ERR,ERR,ERR,ERR,ERR,ERR,ERR,ERR,ERR,ERR,ERR,ERR,0.0,0.0,0.0,0.0,0.0,1.3936040501711995e+18,7.805,0.0,0,0,4,0,7116,0.0,100,0.0,0.0,0.0,0.0,0.0,0,0,0,0,0.0,0,0,0,0,0,0,0,0,0,0,0,0,0,0,0,0,0,0,0,0,0,0,0,0,0,0,0,0,0,0,0,0,0,31,40,40,71,65476,0,300,0,0,8,21553,0.0,-107605600.0,0.0,0.0,0.0,0.0,0.0,0.0,0.0,0.0,0.0,0.0,0.0,0.0,0.0,0.0,0.0,0.0,0.0,0.0,0.0,0.0,-2.004,-2.004,0.0,0.0,0.0,0.0,0.0,0.0,4519.0,564144826744832.0,6923.0,0.0,0.0,-0.0,-0.0,0.0,0.0,0.0,0.0,69,-0.0,-3.221995388546138e+26,0.0,0.0,0.0,0.0,0.0,0.0,0.0,0,0,0,0.0,0.0,0.0,0.0,0.0,0.0,0.0,0.0,0.0,0.0,0.0,0.0,0.0,0.0,0.0,0.0,0,-107875648.0,69,0.0,138,0.0,-100793952.0,0,13107,17085,26215,17098,39322,17078,0,0,0,70,68,100,0.0,82.2,2.730238278947072e+23,77.7,2.730238639235042e+23,78.5,1,49,50,180,39322,0,0,0,0.0,0.0,0.0,0.0,-0.0,67.0,0.0,162057.094,0.0,968,0,991,0,0,0,946,0,1012,0,913,0,787,0,777,0,821,0,7520,0.032,2.0176126330619822e+19,0.0,0.0,784,16797,-0.0,162057.094,-114818.039,-0.0,0.133,6.909358625270745e+28,30.0,70.0,35,0.0,0.0,0.0,0.0,0.0,0.0,0.0,0.0,0.0,0.0,0.0,0.0,0.0,0.0,0.0,0.0,66.4,0,150,71,51,65476,0,300,0,0,8,20529,65476,0,0,44564,70.0,0.0,0.0,0.0,0.0,0.0
2026-09-10T21:51:48,ERR,ERR,ERR,ERR,ERR,ERR,ERR,ERR,ERR,ERR,ERR,ERR,ERR,ERR,ERR,ERR,ERR,ERR,ERR,ERR,ERR,ERR,ERR,ERR,ERR,ERR,ERR,ERR,ERR,ERR,ERR,ERR,ERR,ERR,ERR,ERR,ERR,ERR,ERR,ERR,ERR,ERR,ERR,ERR,ERR,ERR,ERR,ERR,ERR,ERR,ERR,ERR,ERR,ERR,ERR,ERR,ERR,ERR,ERR,ERR,ERR,ERR,ERR,ERR,ERR,ERR,ERR,ERR,ERR,ERR,ERR,ERR,ERR,ERR,ERR,ERR,ERR,ERR,ERR,ERR,ERR,ERR,ERR,ERR,ERR,ERR,ERR,ERR,ERR,ERR,ERR,ERR,ERR,ERR,ERR,ERR,ERR,ERR,ERR,ERR,ERR,ERR,ERR,ERR,ERR,ERR,ERR,ERR,ERR,ERR,ERR,ERR,ERR,ERR,ERR,ERR,ERR,ERR,ERR,ERR,ERR,ERR,ERR,ERR,ERR,0.0,0.0,0.0,0.0,0.0,1.3936040501711995e+18,7.805,0.0,0,0,4,0,7116,0.0,100,0.0,0.0,0.0,0.0,0.0,0,0,0,0,0.0,0,0,0,0,0,0,0,0,0,0,0,0,0,0,0,0,0,0,0,0,0,0,0,0,0,0,0,0,0,0,0,0,0,31,40,40,71,65476,0,300,0,0,8,21553,0.0,-107605600.0,0.0,0.0,0.0,0.0,0.0,0.0,0.0,0.0,0.0,0.0,0.0,0.0,0.0,0.0,0.0,0.0,0.0,0.0,0.0,0.0,-2.004,-2.004,0.0,0.0,0.0,0.0,0.0,0.0,4519.0,564144826744832.0,6923.0,0.0,0.0,-0.0,-0.0,0.0,0.0,0.0,0.0,69,-0.0,-3.221995388546138e+26,0.0,0.0,0.0,0.0,0.0,0.0,0.0,0,0,0,0.0,0.0,0.0,0.0,0.0,0.0,0.0,0.0,0.0,0.0,0.0,0.0,0.0,0.0,0.0,0.0,0,-107875648.0,69,0.0,138,0.0,-100793952.0,0,13107,17085,26215,17098,39322,17078,0,0,0,70,68,100,0.0,82.2,2.730238278947072e+23,77.7,2.730238639235042e+23,78.5,1,49,50,180,39322,0,0,0,0.0,0.0,0.0,0.0,-0.0,67.0,0.0,162057.094,0.0,968,0,991,0,0,0,946,0,1012,0,913,0,787,0,777,0,821,0,7520,0.032,2.0176126330619822e+19,0.0,0.0,784,16797,-0.0,162057.094,-114818.039,-0.0,0.133,6.909358625270745e+28,30.0,70.0,35,0.0,0.0,0.0,0.0,0.0,0.0,0.0,0.0,0.0,0.0,0.0,0.0,0.0,0.0,0.0,0.0,66.4,0,150,71,51,65476,0,300,0,0,8,20529,65476,0,0,44564,70.0,0.0,0.0,0.0,0.0,0.0
2026-09-10T21:51:49,ERR,ERR,ERR,ERR,ERR,ERR,ERR,ERR,ERR,ERR,ERR,ERR,ERR,ERR,ERR,ERR,ERR,ERR,ERR,ERR,ERR,ERR,ERR,ERR,ERR,ERR,ERR,ERR,ERR,ERR,ERR,ERR,ERR,ERR,ERR,ERR,ERR,ERR,ERR,ERR,ERR,ERR,ERR,ERR,ERR,ERR,ERR,ERR,ERR,ERR,ERR,ERR,ERR,ERR,ERR,ERR,ERR,ERR,ERR,ERR,ERR,ERR,ERR,ERR,ERR,ERR,ERR,ERR,ERR,ERR,ERR,ERR,ERR,ERR,ERR,ERR,ERR,ERR,ERR,ERR,ERR,ERR,ERR,ERR,ERR,ERR,ERR,ERR,ERR,ERR,ERR,ERR,ERR,ERR,ERR,ERR,ERR,ERR,ERR,ERR,ERR,ERR,ERR,ERR,ERR,ERR,ERR,ERR,ERR,ERR,ERR,ERR,ERR,ERR,ERR,ERR,ERR,ERR,ERR,ERR,ERR,ERR,ERR,ERR,ERR,0.0,0.0,0.0,0.0,0.0,1.3936040501711995e+18,7.805,0.0,0,0,4,0,7116,0.0,100,0.0,0.0,0.0,0.0,0.0,0,0,0,0,0.0,0,0,0,0,0,0,0,0,0,0,0,0,0,0,0,0,0,0,0,0,0,0,0,0,0,0,0,0,0,0,0,0,0,31,40,40,71,65476,0,300,0,0,8,21553,0.0,-107605600.0,0.0,0.0,0.0,0.0,0.0,0.0,0.0,0.0,0.0,0.0,0.0,0.0,0.0,0.0,0.0,0.0,0.0,0.0,0.0,0.0,-2.004,-2.004,0.0,0.0,0.0,0.0,0.0,0.0,4519.0,564144826744832.0,6923.0,0.0,0.0,-0.0,-0.0,0.0,0.0,0.0,0.0,69,-0.0,-3.221995388546138e+26,0.0,0.0,0.0,0.0,0.0,0.0,0.0,0,0,0,0.0,0.0,0.0,0.0,0.0,0.0,0.0,0.0,0.0,0.0,0.0,0.0,0.0,0.0,0.0,0.0,0,-107875648.0,69,0.0,138,0.0,-100793952.0,0,13107,17085,26215,17098,39322,17078,0,0,0,70,68,100,0.0,82.2,2.730238278947072e+23,77.7,2.730238639235042e+23,78.5,1,49,50,180,39322,0,0,0,0.0,0.0,0.0,0.0,-0.0,67.0,0.0,162057.094,0.0,968,0,991,0,0,0,946,0,1012,0,913,0,787,0,777,0,821,0,7520,0.032,2.0176126330619822e+19,0.0,0.0,784,16797,-0.0,162057.094,-114818.039,-0.0,0.133,6.909358625270745e+28,30.0,70.0,35,0.0,0.0,0.0,0.0,0.0,0.0,0.0,0.0,0.0,0.0,0.0,0.0,0.0,0.0,0.0,0.0,66.4,0,150,71,51,65476,0,300,0,0,8,20529,65476,0,0,44564,70.0,0.0,0.0,0.0,0.0,0.0
2026-09-10T21:51:50,ERR,ERR,ERR,ERR,ERR,ERR,ERR,ERR,ERR,ERR,ERR,ERR,ERR,ERR,ERR,ERR,ERR,ERR,ERR,ERR,ERR,ERR,ERR,ERR,ERR,ERR,ERR,ERR,ERR,ERR,ERR,ERR,ERR,ERR,ERR,ERR,ERR,ERR,ERR,ERR,ERR,ERR,ERR,ERR,ERR,ERR,ERR,ERR,ERR,ERR,ERR,ERR,ERR,ERR,ERR,ERR,ERR,ERR,ERR,ERR,ERR,ERR,ERR,ERR,ERR,ERR,ERR,ERR,ERR,ERR,ERR,ERR,ERR,ERR,ERR,ERR,ERR,ERR,ERR,ERR,ERR,ERR,ERR,ERR,ERR,ERR,ERR,ERR,ERR,ERR,ERR,ERR,ERR,ERR,ERR,ERR,ERR,ERR,ERR,ERR,ERR,ERR,ERR,ERR,ERR,ERR,ERR,ERR,ERR,ERR,ERR,ERR,ERR,ERR,ERR,ERR,ERR,ERR,ERR,ERR,ERR,ERR,ERR,ERR,ERR,0.0,-107615352.0,0.0,0.0,0.0,1.3936040501711995e+18,7.805,0.0,0,0,4,0,7116,0.0,100,0.0,0.0,0.0,0.0,0.0,0,0,0,0,0.0,0,0,0,0,0,0,0,0,0,0,0,0,0,0,0,0,0,0,0,0,0,0,0,0,0,0,0,0,0,0,0,0,0,31,40,40,71,65476,0,300,0,0,8,21553,0.0,-107605600.0,0.0,0.0,0.0,0.0,0.0,0.0,0.0,0.0,0.0,0.0,0.0,0.0,0.0,0.0,0.0,0.0,0.0,0.0,0.0,0.0,-2.004,0.0,0.0,2.004,0.0,0.0,0.0,0.0,4515.0,-0.0,6929.0,0.0,-107615352.0,-0.0,-107615304.0,0.0,0.0,0.0,0.0,69,-0.0,1.9056826585920307e+17,0.0,0.0,0.0,0.0,0.0,0.0,0.0,0,0,0,0.0,0.0,0.0,0.0,0.0,0.0,0.0,0.0,0.0,0.0,0.0,0.0,0.0,0.0,0.0,0.0,0,-107875648.0,69,0.0,138,0.0,-100793952.0,0,13107,17085,26215,17098,39322,17078,0,0,0,70,68,100,0.0,82.2,2.730238278947072e+23,77.7,2.730238639235042e+23,78.5,1,49,50,180,39322,0,0,0,0.0,0.0,0.0,0.0,-0.0,67.0,0.0,162057.094,0.0,968,0,991,0,0,0,946,0,1012,0,913,0,787,0,777,0,821,0,7520,0.032,2.0176126330619822e+19,0.0,0.0,784,16797,-0.0,162057.094,-114818.039,-0.0,0.133,6.909358625270745e+28,30.0,70.0,35,0.0,0.0,0.0,0.0,0.0,0.0,0.0,0.0,0.0,0.0,0.0,0.0,0.0,0.0,0.0,0.0,66.4,0,150,71,51,65476,0,300,0,0,8,20529,65476,0,0,44564,70.0,0.0,0.0,0.0,0.0,0.0
2026-09-10T21:51:51,ERR,ERR,ERR,ERR,ERR,ERR,ERR,ERR,ERR,ERR,ERR,ERR,ERR,ERR,ERR,ERR,ERR,ERR,ERR,ERR,ERR,ERR,ERR,ERR,ERR,ERR,ERR,ERR,ERR,ERR,ERR,ERR,ERR,ERR,ERR,ERR,ERR,ERR,ERR,ERR,ERR,ERR,ERR,ERR,ERR,ERR,ERR,ERR,ERR,ERR,ERR,ERR,ERR,ERR,ERR,ERR,ERR,ERR,ERR,ERR,ERR,ERR,ERR,ERR,ERR,ERR,ERR,ERR,ERR,ERR,ERR,ERR,ERR,ERR,ERR,ERR,ERR,ERR,ERR,ERR,ERR,ERR,ERR,ERR,ERR,ERR,ERR,ERR,ERR,ERR,ERR,ERR,ERR,ERR,ERR,ERR,ERR,ERR,ERR,ERR,ERR,ERR,ERR,ERR,ERR,ERR,ERR,ERR,ERR,ERR,ERR,ERR,ERR,ERR,ERR,ERR,ERR,ERR,ERR,ERR,ERR,ERR,ERR,ERR,ERR,0.0,-107615352.0,0.0,0.0,0.0,1.3936040501711995e+18,7.805,0.0,0,0,4,0,7116,0.0,100,0.0,0.0,0.0,0.0,0.0,0,0,0,0,0.0,0,0,0,0,0,0,0,0,0,0,0,0,0,0,0,0,0,0,0,0,0,0,0,0,0,0,0,0,0,0,0,0,0,31,40,40,71,65476,0,300,0,0,8,21553,0.0,-107605600.0,0.0,0.0,0.0,0.0,0.0,0.0,0.0,0.0,0.0,0.0,0.0,0.0,0.0,0.0,0.0,0.0,0.0,0.0,0.0,0.0,-2.004,0.0,0.0,2.004,0.0,0.0,0.0,0.0,4515.0,-0.0,6929.0,0.0,-107615352.0,-0.0,-107615304.0,0.0,0.0,0.0,0.0,69,-0.0,1.9056826585920307e+17,0.0,0.0,0.0,0.0,0.0,0.0,0.0,0,0,0,0.0,0.0,0.0,0.0,0.0,0.0,0.0,0.0,0.0,0.0,0.0,0.0,0.0,0.0,0.0,0.0,0,-107875648.0,69,0.0,138,0.0,-100793952.0,0,13107,17085,26215,17098,39322,17078,0,0,0,70,68,100,0.0,82.2,2.730238278947072e+23,77.7,2.730238639235042e+23,78.5,1,49,50,180,39322,0,0,0,0.0,0.0,0.0,0.0,-0.0,67.0,0.0,162057.094,0.0,968,0,991,0,0,0,946,0,1012,0,913,0,787,0,777,0,821,0,7520,0.032,2.0176126330619822e+19,0.0,0.0,784,16797,-0.0,162057.094,-114818.039,-0.0,0.133,6.909358625270745e+28,30.0,70.0,35,0.0,0.0,0.0,0.0,0.0,0.0,0.0,0.0,0.0,0.0,0.0,0.0,0.0,0.0,0.0,0.0,66.4,0,150,71,51,65476,0,300,0,0,8,20529,65476,0,0,44564,70.0,0.0,0.0,0.0,0.0,0.0
2026-09-10T21:51:52,ERR,ERR,ERR,ERR,ERR,ERR,ERR,ERR,ERR,ERR,ERR,ERR,ERR,ERR,ERR,ERR,ERR,ERR,ERR,ERR,ERR,ERR,ERR,ERR,ERR,ERR,ERR,ERR,ERR,ERR,ERR,ERR,ERR,ERR,ERR,ERR,ERR,ERR,ERR,ERR,ERR,ERR,ERR,ERR,ERR,ERR,ERR,ERR,ERR,ERR,ERR,ERR,ERR,ERR,ERR,ERR,ERR,ERR,ERR,ERR,ERR,ERR,ERR,ERR,ERR,ERR,ERR,ERR,ERR,ERR,ERR,ERR,ERR,ERR,ERR,ERR,ERR,ERR,ERR,ERR,ERR,ERR,ERR,ERR,ERR,ERR,ERR,ERR,ERR,ERR,ERR,ERR,ERR,ERR,ERR,ERR,ERR,ERR,ERR,ERR,ERR,ERR,ERR,ERR,ERR,ERR,ERR,ERR,ERR,ERR,ERR,ERR,ERR,ERR,ERR,ERR,ERR,ERR,ERR,ERR,ERR,ERR,ERR,ERR,ERR,0.0,-107615352.0,0.0,0.0,0.0,1.3936040501711995e+18,7.805,0.0,0,0,4,0,7116,0.0,100,0.0,0.0,0.0,0.0,0.0,0,0,0,0,0.0,0,0,0,0,0,0,0,0,0,0,0,0,0,0,0,0,0,0,0,0,0,0,0,0,0,0,0,0,0,0,0,0,0,31,40,40,71,65476,0,300,0,0,8,21553,0.0,-107605600.0,0.0,0.0,0.0,0.0,0.0,0.0,0.0,0.0,0.0,0.0,0.0,0.0,0.0,0.0,0.0,0.0,0.0,0.0,0.0,0.0,-2.004,0.0,0.0,2.004,0.0,0.0,0.0,0.0,4515.0,-0.0,6929.0,0.0,-107615352.0,-0.0,-107615304.0,0.0,0.0,0.0,0.0,69,-0.0,1.9056826585920307e+17,0.0,0.0,0.0,0.0,0.0,0.0,0.0,0,0,0,0.0,0.0,0.0,0.0,0.0,0.0,0.0,0.0,0.0,0.0,0.0,0.0,0.0,0.0,0.0,0.0,0,-107875648.0,69,0.0,138,0.0,-100793952.0,0,13107,17085,26215,17098,39322,17078,0,0,0,70,68,100,0.0,82.2,2.730238278947072e+23,77.7,2.730238639235042e+23,78.5,1,49,50,180,39322,13107,0,0,0.0,0.0,0.0,0.0,-0.0,67.0,0.0,162057.094,0.0,968,0,990,0,0,0,946,0,1012,0,913,0,787,0,777,0,821,0,7520,0.032,1.5852670688344146e+19,0.0,0.0,784,16797,-0.0,162057.094,-114818.039,-0.0,0.133,6.909358625270745e+28,30.0,70.0,35,0.0,0.0,0.0,0.0,0.0,0.0,0.0,0.0,0.0,0.0,0.0,0.0,0.0,0.0,0.0,0.0,66.8,0,150,71,51,65476,0,300,0,0,8,20529,65476,0,0,44564,70.0,0.0,0.0,0.0,0.0,0.0
2026-09-10T21:51:53,ERR,ERR,ERR,ERR,ERR,ERR,ERR,ERR,ERR,ERR,ERR,ERR,ERR,ERR,ERR,ERR,ERR,ERR,ERR,ERR,ERR,ERR,ERR,ERR,ERR,ERR,ERR,ERR,ERR,ERR,ERR,ERR,ERR,ERR,ERR,ERR,ERR,ERR,ERR,ERR,ERR,ERR,ERR,ERR,ERR,ERR,ERR,ERR,ERR,ERR,ERR,ERR,ERR,ERR,ERR,ERR,ERR,ERR,ERR,ERR,ERR,ERR,ERR,ERR,ERR,ERR,ERR,ERR,ERR,ERR,ERR,ERR,ERR,ERR,ERR,ERR,ERR,ERR,ERR,ERR,ERR,ERR,ERR,ERR,ERR,ERR,ERR,ERR,ERR,ERR,ERR,ERR,ERR,ERR,ERR,ERR,ERR,ERR,ERR,ERR,ERR,ERR,ERR,ERR,ERR,ERR,ERR,ERR,ERR,ERR,ERR,ERR,ERR,ERR,ERR,ERR,ERR,ERR,ERR,ERR,ERR,ERR,ERR,ERR,ERR,0.0,-107615352.0,0.0,0.0,0.0,1.3936040501711995e+18,7.805,0.0,0,0,4,0,7116,0.0,100,0.0,0.0,0.0,0.0,0.0,0,0,0,0,0.0,0,0,0,0,0,0,0,0,0,0,0,0,0,0,0,0,0,0,0,0,0,0,0,0,0,0,0,0,0,0,0,0,0,31,40,40,71,65476,0,300,0,0,8,21553,0.0,-107605600.0,0.0,0.0,0.0,0.0,0.0,0.0,0.0,0.0,0.0,0.0,0.0,0.0,0.0,0.0,0.0,0.0,0.0,0.0,0.0,0.0,-2.004,0.0,0.0,2.004,0.0,0.0,0.0,0.0,4515.0,-0.0,6929.0,0.0,-107615352.0,-0.0,-107615304.0,0.0,0.0,0.0,0.0,69,-0.0,1.9056826585920307e+17,0.0,0.0,0.0,0.0,0.0,0.0,0.0,0,0,0,0.0,0.0,0.0,0.0,0.0,0.0,0.0,0.0,0.0,0.0,0.0,0.0,0.0,0.0,0.0,0.0,0,-107875648.0,69,0.0,138,0.0,-100793952.0,0,13107,17085,26215,17098,39322,17078,0,0,0,70,68,100,0.0,82.2,2.730238278947072e+23,77.7,2.730238639235042e+23,78.5,1,49,50,180,39322,13107,0,0,0.0,0.0,0.0,0.0,-0.0,67.0,0.0,162057.094,0.0,968,0,990,0,0,0,946,0,1012,0,913,0,787,0,777,0,821,0,7520,0.032,1.5852670688344146e+19,0.0,0.0,784,16797,-0.0,162057.094,-114818.039,-0.0,0.133,6.909358625270745e+28,30.0,70.0,35,0.0,0.0,0.0,0.0,0.0,0.0,0.0,0.0,0.0,0.0,0.0,0.0,0.0,0.0,0.0,0.0,66.8,0,150,71,51,65476,0,300,0,0,8,20529,65476,0,0,44564,70.0,0.0,0.0,0.0,0.0,0.0
2026-09-10T21:51:54,ERR,ERR,ERR,ERR,ERR,ERR,ERR,ERR,ERR,ERR,ERR,ERR,ERR,ERR,ERR,ERR,ERR,ERR,ERR,ERR,ERR,ERR,ERR,ERR,ERR,ERR,ERR,ERR,ERR,ERR,ERR,ERR,ERR,ERR,ERR,ERR,ERR,ERR,ERR,ERR,ERR,ERR,ERR,ERR,ERR,ERR,ERR,ERR,ERR,ERR,ERR,ERR,ERR,ERR,ERR,ERR,ERR,ERR,ERR,ERR,ERR,ERR,ERR,ERR,ERR,ERR,ERR,ERR,ERR,ERR,ERR,ERR,ERR,ERR,ERR,ERR,ERR,ERR,ERR,ERR,ERR,ERR,ERR,ERR,ERR,ERR,ERR,ERR,ERR,ERR,ERR,ERR,ERR,ERR,ERR,ERR,ERR,ERR,ERR,ERR,ERR,ERR,ERR,ERR,ERR,ERR,ERR,ERR,ERR,ERR,ERR,ERR,ERR,ERR,ERR,ERR,ERR,ERR,ERR,ERR,ERR,ERR,ERR,ERR,ERR,0.0,-107615352.0,0.0,0.0,0.0,1.3936040501711995e+18,7.805,0.0,0,0,4,0,7116,0.0,100,0.0,0.0,0.0,0.0,0.0,0,0,0,0,0.0,0,0,0,0,0,0,0,0,0,0,0,0,0,0,0,0,0,0,0,0,0,0,0,0,0,0,0,0,0,0,0,0,0,31,40,40,71,65476,0,300,0,0,8,21553,0.0,-107605600.0,0.0,0.0,0.0,0.0,0.0,0.0,0.0,0.0,0.0,0.0,0.0,0.0,0.0,0.0,0.0,0.0,0.0,0.0,0.0,0.0,-2.004,0.0,0.0,2.004,0.0,0.0,0.0,0.0,4515.0,-0.0,6929.0,0.0,-107615352.0,-0.0,-107615304.0,0.0,0.0,0.0,0.0,69,-0.0,1.9056826585920307e+17,0.0,0.0,0.0,0.0,0.0,0.0,0.0,0,0,0,0.0,0.0,0.0,0.0,0.0,0.0,0.0,0.0,0.0,0.0,0.0,0.0,0.0,0.0,0.0,0.0,0,-107875648.0,69,0.0,138,0.0,-100793952.0,0,13107,17085,26215,17098,39322,17078,0,0,0,70,68,100,0.0,82.2,2.730238278947072e+23,77.7,2.730238639235042e+23,78.5,1,49,50,180,39322,13107,0,0,0.0,0.0,0.0,0.0,-0.0,67.0,0.0,162057.094,0.0,968,0,990,0,0,0,946,0,1012,0,913,0,787,0,777,0,821,0,7520,0.032,1.5852670688344146e+19,0.0,0.0,784,16797,-0.0,162057.094,-114818.039,-0.0,0.133,6.909358625270745e+28,30.0,70.0,35,0.0,0.0,0.0,0.0,0.0,0.0,0.0,0.0,0.0,0.0,0.0,0.0,0.0,0.0,0.0,0.0,66.4,0,150,71,51,65476,0,300,0,0,8,20529,65476,0,0,44564,70.0,0.0,0.0,0.0,0.0,0.0
2026-09-10T21:51:55,ERR,ERR,ERR,ERR,ERR,ERR,ERR,ERR,ERR,ERR,ERR,ERR,ERR,ERR,ERR,ERR,ERR,ERR,ERR,ERR,ERR,ERR,ERR,ERR,ERR,ERR,ERR,ERR,ERR,ERR,ERR,ERR,ERR,ERR,ERR,ERR,ERR,ERR,ERR,ERR,ERR,ERR,ERR,ERR,ERR,ERR,ERR,ERR,ERR,ERR,ERR,ERR,ERR,ERR,ERR,ERR,ERR,ERR,ERR,ERR,ERR,ERR,ERR,ERR,ERR,ERR,ERR,ERR,ERR,ERR,ERR,ERR,ERR,ERR,ERR,ERR,ERR,ERR,ERR,ERR,ERR,ERR,ERR,ERR,ERR,ERR,ERR,ERR,ERR,ERR,ERR,ERR,ERR,ERR,ERR,ERR,ERR,ERR,ERR,ERR,ERR,ERR,ERR,ERR,ERR,ERR,ERR,ERR,ERR,ERR,ERR,ERR,ERR,ERR,ERR,ERR,ERR,ERR,ERR,ERR,ERR,ERR,ERR,ERR,ERR,0.0,-107615352.0,0.0,0.0,0.0,1.3936040501711995e+18,7.805,0.0,0,0,4,0,7116,0.0,100,0.0,0.0,0.0,0.0,0.0,0,0,0,0,0.0,0,0,0,0,0,0,0,0,0,0,0,0,0,0,0,0,0,0,0,0,0,0,0,0,0,0,0,0,0,0,0,0,0,31,40,40,71,65476,0,300,0,0,8,21553,0.0,-107605600.0,0.0,0.0,0.0,0.0,0.0,0.0,0.0,0.0,0.0,0.0,0.0,0.0,0.0,0.0,0.0,0.0,0.0,0.0,0.0,0.0,-2.004,0.0,0.0,2.004,0.0,0.0,0.0,0.0,4515.0,-0.0,6929.0,0.0,-107615352.0,-0.0,-107615304.0,0.0,0.0,0.0,0.0,69,-0.0,1.9056826585920307e+17,0.0,0.0,0.0,0.0,0.0,0.0,0.0,0,0,0,0.0,0.0,0.0,0.0,0.0,0.0,0.0,0.0,0.0,0.0,0.0,0.0,0.0,0.0,0.0,0.0,0,-107875648.0,69,0.0,138,0.0,-100793952.0,0,13107,17085,26215,17098,39322,17078,0,0,0,70,68,100,0.0,82.2,2.730238278947072e+23,77.7,2.730238639235042e+23,78.5,1,49,50,180,39322,13107,0,0,0.0,0.0,0.0,0.0,-0.0,67.0,0.0,162057.094,0.0,968,0,990,0,0,0,946,0,1012,0,913,0,787,0,777,0,821,0,7520,0.032,1.5852670688344146e+19,0.0,0.0,784,16797,-0.0,162057.094,-114818.039,-0.0,0.133,6.909358625270745e+28,30.0,70.0,35,0.0,0.0,0.0,0.0,0.0,0.0,0.0,0.0,0.0,0.0,0.0,0.0,0.0,0.0,0.0,0.0,66.4,0,150,71,51,65476,0,300,0,0,8,20529,65476,0,0,44564,70.0,0.0,0.0,0.0,0.0,0.0
2026-09-10T21:51:56,ERR,ERR,ERR,ERR,ERR,ERR,ERR,ERR,ERR,ERR,ERR,ERR,ERR,ERR,ERR,ERR,ERR,ERR,ERR,ERR,ERR,ERR,ERR,ERR,ERR,ERR,ERR,ERR,ERR,ERR,ERR,ERR,ERR,ERR,ERR,ERR,ERR,ERR,ERR,ERR,ERR,ERR,ERR,ERR,ERR,ERR,ERR,ERR,ERR,ERR,ERR,ERR,ERR,ERR,ERR,ERR,ERR,ERR,ERR,ERR,ERR,ERR,ERR,ERR,ERR,ERR,ERR,ERR,ERR,ERR,ERR,ERR,ERR,ERR,ERR,ERR,ERR,ERR,ERR,ERR,ERR,ERR,ERR,ERR,ERR,ERR,ERR,ERR,ERR,ERR,ERR,ERR,ERR,ERR,ERR,ERR,ERR,ERR,ERR,ERR,ERR,ERR,ERR,ERR,ERR,ERR,ERR,ERR,ERR,ERR,ERR,ERR,ERR,ERR,ERR,ERR,ERR,ERR,ERR,ERR,ERR,ERR,ERR,ERR,ERR,0.0,-107615352.0,0.0,0.0,0.0,1.3936040501711995e+18,7.805,0.0,0,0,4,0,7116,0.0,100,0.0,0.0,0.0,0.0,0.0,0,0,0,0,0.0,0,0,0,0,0,0,0,0,0,0,0,0,0,0,0,0,0,0,0,0,0,0,0,0,0,0,0,0,0,0,0,0,0,31,40,40,71,65476,0,300,0,0,8,21553,0.0,-107605600.0,0.0,0.0,0.0,0.0,0.0,0.0,0.0,0.0,0.0,0.0,0.0,0.0,0.0,0.0,0.0,0.0,0.0,0.0,0.0,0.0,-2.004,0.0,0.0,2.004,0.0,0.0,0.0,0.0,4515.0,-0.0,6929.0,0.0,-107615352.0,-0.0,-107615304.0,0.0,0.0,0.0,0.0,69,-0.0,1.9056826585920307e+17,0.0,0.0,0.0,0.0,0.0,0.0,0.0,0,0,0,0.0,0.0,0.0,0.0,0.0,0.0,0.0,0.0,0.0,0.0,0.0,0.0,0.0,0.0,0.0,0.0,0,-107875648.0,69,0.0,138,0.0,-100793952.0,0,13107,17085,26215,17098,39322,17078,0,0,0,70,68,100,0.0,82.2,2.730238278947072e+23,77.7,2.730238639235042e+23,78.5,1,49,50,180,39322,13107,0,0,0.0,0.0,0.0,0.0,-0.0,67.0,0.0,162057.094,0.0,968,0,990,0,0,0,946,0,1012,0,913,0,787,0,777,0,821,0,7520,0.032,1.5852670688344146e+19,0.0,0.0,784,16797,-0.0,162057.094,-114818.039,-0.0,0.133,6.909358625270745e+28,30.0,70.0,35,0.0,0.0,0.0,0.0,0.0,0.0,0.0,0.0,0.0,0.0,0.0,0.0,0.0,0.0,0.0,0.0,66.8,0,150,71,51,65476,0,300,0,0,8,20529,65476,0,0,44564,70.0,0.0,0.0,0.0,0.0,0.0
2026-09-10T21:51:57,ERR,ERR,ERR,ERR,ERR,ERR,ERR,ERR,ERR,ERR,ERR,ERR,ERR,ERR,ERR,ERR,ERR,ERR,ERR,ERR,ERR,ERR,ERR,ERR,ERR,ERR,ERR,ERR,ERR,ERR,ERR,ERR,ERR,ERR,ERR,ERR,ERR,ERR,ERR,ERR,ERR,ERR,ERR,ERR,ERR,ERR,ERR,ERR,ERR,ERR,ERR,ERR,ERR,ERR,ERR,ERR,ERR,ERR,ERR,ERR,ERR,ERR,ERR,ERR,ERR,ERR,ERR,ERR,ERR,ERR,ERR,ERR,ERR,ERR,ERR,ERR,ERR,ERR,ERR,ERR,ERR,ERR,ERR,ERR,ERR,ERR,ERR,ERR,ERR,ERR,ERR,ERR,ERR,ERR,ERR,ERR,ERR,ERR,ERR,ERR,ERR,ERR,ERR,ERR,ERR,ERR,ERR,ERR,ERR,ERR,ERR,ERR,ERR,ERR,ERR,ERR,ERR,ERR,ERR,ERR,ERR,ERR,ERR,ERR,ERR,0.0,0.0,0.0,0.0,0.0,1.3936040501711995e+18,7.805,0.0,0,0,4,0,7116,0.0,100,0.0,0.0,0.0,0.0,0.0,0,0,0,0,0.0,0,0,0,0,0,0,0,0,0,0,0,0,0,0,0,0,0,0,0,0,0,0,0,0,0,0,0,0,0,0,0,0,0,31,40,40,71,65476,0,300,0,0,8,21553,0.0,-107605600.0,0.0,0.0,0.0,0.0,0.0,0.0,0.0,0.0,0.0,0.0,0.0,0.0,0.0,0.0,0.0,0.0,0.0,0.0,0.0,0.0,-2.004,0.0,0.0,2.004,0.0,0.0,0.0,0.0,4516.0,-0.0,6934.0,0.0,-107615352.0,-0.0,-107615304.0,0.0,0.0,0.0,0.0,69,-0.0,1.9056826585920307e+17,0.0,0.0,0.0,0.0,0.0,0.0,0.0,0,0,0,0.0,0.0,0.0,0.0,0.0,0.0,0.0,0.0,0.0,0.0,0.0,0.0,0.0,0.0,0.0,0.0,0,-107875648.0,69,0.0,138,0.0,-100793952.0,0,13107,17085,26215,17098,39322,17078,0,0,0,70,68,100,0.0,82.2,2.730238278947072e+23,77.7,2.730238639235042e+23,78.5,1,49,50,180,39322,0,0,0,0.0,0.0,0.0,0.0,-0.0,67.0,0.0,162057.094,0.0,968,0,991,0,0,0,946,0,1012,0,913,0,787,0,777,0,821,0,7520,0.032,1.5852670688344146e+19,0.0,0.0,784,16797,-0.0,162057.094,-114818.039,-0.0,0.133,6.909358625270745e+28,30.0,70.0,35,0.0,0.0,0.0,0.0,0.0,0.0,0.0,0.0,0.0,0.0,0.0,0.0,0.0,0.0,0.0,0.0,66.8,0,150,71,51,65476,0,300,0,0,8,20529,65476,0,0,44564,70.0,0.0,0.0,0.0,0.0,0.0
2026-09-10T21:51:58,ERR,ERR,ERR,ERR,ERR,ERR,ERR,ERR,ERR,ERR,ERR,ERR,ERR,ERR,ERR,ERR,ERR,ERR,ERR,ERR,ERR,ERR,ERR,ERR,ERR,ERR,ERR,ERR,ERR,ERR,ERR,ERR,ERR,ERR,ERR,ERR,ERR,ERR,ERR,ERR,ERR,ERR,ERR,ERR,ERR,ERR,ERR,ERR,ERR,ERR,ERR,ERR,ERR,ERR,ERR,ERR,ERR,ERR,ERR,ERR,ERR,ERR,ERR,ERR,ERR,ERR,ERR,ERR,ERR,ERR,ERR,ERR,ERR,ERR,ERR,ERR,ERR,ERR,ERR,ERR,ERR,ERR,ERR,ERR,ERR,ERR,ERR,ERR,ERR,ERR,ERR,ERR,ERR,ERR,ERR,ERR,ERR,ERR,ERR,ERR,ERR,ERR,ERR,ERR,ERR,ERR,ERR,ERR,ERR,ERR,ERR,ERR,ERR,ERR,ERR,ERR,ERR,ERR,ERR,ERR,ERR,ERR,ERR,ERR,ERR,0.0,0.0,0.0,0.0,0.0,1.3936040501711995e+18,7.805,0.0,0,0,4,0,7116,0.0,100,0.0,0.0,0.0,0.0,0.0,0,0,0,0,0.0,0,0,0,0,0,0,0,0,0,0,0,0,0,0,0,0,0,0,0,0,0,0,0,0,0,0,0,0,0,0,0,0,0,31,40,40,71,65476,0,300,0,0,8,21553,0.0,-107605600.0,0.0,0.0,0.0,0.0,0.0,0.0,0.0,0.0,0.0,0.0,0.0,0.0,0.0,0.0,0.0,0.0,0.0,0.0,0.0,0.0,-2.004,0.0,0.0,2.004,0.0,0.0,0.0,0.0,4516.0,-0.0,6934.0,0.0,-107615352.0,-0.0,-107615304.0,0.0,0.0,0.0,0.0,69,-0.0,1.9056826585920307e+17,0.0,0.0,0.0,0.0,0.0,0.0,0.0,0,0,0,0.0,0.0,0.0,0.0,0.0,0.0,0.0,0.0,0.0,0.0,0.0,0.0,0.0,0.0,0.0,0.0,0,-107875648.0,69,0.0,138,0.0,-100793952.0,0,13107,17085,26215,17098,39322,17078,0,0,0,70,68,100,0.0,82.2,2.730238278947072e+23,77.7,2.730238639235042e+23,78.5,1,49,50,180,39322,0,0,0,0.0,0.0,0.0,0.0,-0.0,67.0,0.0,162057.094,0.0,968,0,991,0,0,0,946,0,1012,0,913,0,787,0,777,0,821,0,7520,0.032,1.5852670688344146e+19,0.0,0.0,784,16797,-0.0,162057.094,-114818.039,-0.0,0.133,6.909358625270745e+28,30.0,70.0,35,0.0,0.0,0.0,0.0,0.0,0.0,0.0,0.0,0.0,0.0,0.0,0.0,0.0,0.0,0.0,0.0,66.8,0,150,71,51,65476,0,300,0,0,8,20529,65476,0,0,44564,70.0,0.0,0.0,0.0,0.0,0.0
2026-09-10T21:51:59,ERR,ERR,ERR,ERR,ERR,ERR,ERR,ERR,ERR,ERR,ERR,ERR,ERR,ERR,ERR,ERR,ERR,ERR,ERR,ERR,ERR,ERR,ERR,ERR,ERR,ERR,ERR,ERR,ERR,ERR,ERR,ERR,ERR,ERR,ERR,ERR,ERR,ERR,ERR,ERR,ERR,ERR,ERR,ERR,ERR,ERR,ERR,ERR,ERR,ERR,ERR,ERR,ERR,ERR,ERR,ERR,ERR,ERR,ERR,ERR,ERR,ERR,ERR,ERR,ERR,ERR,ERR,ERR,ERR,ERR,ERR,ERR,ERR,ERR,ERR,ERR,ERR,ERR,ERR,ERR,ERR,ERR,ERR,ERR,ERR,ERR,ERR,ERR,ERR,ERR,ERR,ERR,ERR,ERR,ERR,ERR,ERR,ERR,ERR,ERR,ERR,ERR,ERR,ERR,ERR,ERR,ERR,ERR,ERR,ERR,ERR,ERR,ERR,ERR,ERR,ERR,ERR,ERR,ERR,ERR,ERR,ERR,ERR,ERR,ERR,0.0,0.0,0.0,0.0,0.0,1.3936040501711995e+18,7.805,0.0,0,0,4,0,7116,0.0,100,0.0,0.0,0.0,0.0,0.0,0,0,0,0,0.0,0,0,0,0,0,0,0,0,0,0,0,0,0,0,0,0,0,0,0,0,0,0,0,0,0,0,0,0,0,0,0,0,0,31,40,40,71,65476,0,300,0,0,8,21553,0.0,-107605600.0,0.0,0.0,0.0,0.0,0.0,0.0,0.0,0.0,0.0,0.0,0.0,0.0,0.0,0.0,0.0,0.0,0.0,0.0,0.0,0.0,-2.004,0.0,0.0,2.004,0.0,0.0,0.0,0.0,4516.0,-0.0,6934.0,0.0,-107615352.0,-0.0,-107615304.0,0.0,0.0,0.0,0.0,69,-0.0,1.9056826585920307e+17,0.0,0.0,0.0,0.0,0.0,0.0,0.0,0,0,0,0.0,0.0,0.0,0.0,0.0,0.0,0.0,0.0,0.0,0.0,0.0,0.0,0.0,0.0,0.0,0.0,0,-107875648.0,69,0.0,138,0.0,-100793952.0,0,13107,17085,26215,17098,39322,17078,0,0,0,70,68,100,0.0,82.2,2.730238278947072e+23,77.7,2.730238639235042e+23,78.5,1,49,50,180,39322,0,0,0,0.0,0.0,0.0,0.0,-0.0,67.0,0.0,162057.094,0.0,968,0,991,0,0,0,946,0,1012,0,913,0,787,0,777,0,821,0,7520,0.032,1.5852670688344146e+19,0.0,0.0,784,16797,-0.0,162057.094,-114818.039,-0.0,0.133,6.909358625270745e+28,30.0,70.0,35,0.0,0.0,0.0,0.0,0.0,0.0,0.0,0.0,0.0,0.0,0.0,0.0,0.0,0.0,0.0,0.0,66.4,0,150,71,51,65476,0,300,0,0,8,20529,65476,0,0,44564,70.0,0.0,0.0,0.0,0.0,0.0
2026-09-10T21:52:00,ERR,ERR,ERR,ERR,ERR,ERR,ERR,ERR,ERR,ERR,ERR,ERR,ERR,ERR,ERR,ERR,ERR,ERR,ERR,ERR,ERR,ERR,ERR,ERR,ERR,ERR,ERR,ERR,ERR,ERR,ERR,ERR,ERR,ERR,ERR,ERR,ERR,ERR,ERR,ERR,ERR,ERR,ERR,ERR,ERR,ERR,ERR,ERR,ERR,ERR,ERR,ERR,ERR,ERR,ERR,ERR,ERR,ERR,ERR,ERR,ERR,ERR,ERR,ERR,ERR,ERR,ERR,ERR,ERR,ERR,ERR,ERR,ERR,ERR,ERR,ERR,ERR,ERR,ERR,ERR,ERR,ERR,ERR,ERR,ERR,ERR,ERR,ERR,ERR,ERR,ERR,ERR,ERR,ERR,ERR,ERR,ERR,ERR,ERR,ERR,ERR,ERR,ERR,ERR,ERR,ERR,ERR,ERR,ERR,ERR,ERR,ERR,ERR,ERR,ERR,ERR,ERR,ERR,ERR,ERR,ERR,ERR,ERR,ERR,ERR,0.0,0.0,0.0,0.0,0.0,1.3936040501711995e+18,7.805,0.0,0,0,4,0,7116,0.0,100,0.0,0.0,0.0,0.0,0.0,0,0,0,0,0.0,0,0,0,0,0,0,0,0,0,0,0,0,0,0,0,0,0,0,0,0,0,0,0,0,0,0,0,0,0,0,0,0,0,31,40,40,71,65476,0,300,0,0,8,21553,0.0,-107605600.0,0.0,0.0,0.0,0.0,0.0,0.0,0.0,0.0,0.0,0.0,0.0,0.0,0.0,0.0,0.0,0.0,0.0,0.0,0.0,0.0,-2.004,0.0,0.0,2.004,0.0,0.0,0.0,0.0,4516.0,-0.0,6934.0,0.0,-107615352.0,-0.0,-107615304.0,0.0,0.0,0.0,0.0,69,-0.0,1.9056826585920307e+17,0.0,0.0,0.0,0.0,0.0,0.0,0.0,0,0,0,0.0,0.0,0.0,0.0,0.0,0.0,0.0,0.0,0.0,0.0,0.0,0.0,0.0,0.0,0.0,0.0,0,-107875648.0,69,0.0,138,0.0,-100793952.0,0,13107,17085,26215,17098,39322,17078,0,0,0,70,68,100,0.0,82.2,2.730238278947072e+23,77.7,2.730238639235042e+23,78.5,1,49,50,180,39322,0,0,0,0.0,0.0,0.0,0.0,-0.0,67.0,0.0,162057.094,0.0,968,0,991,0,0,0,946,0,1012,0,913,0,787,0,777,0,821,0,7520,0.032,1.5852670688344146e+19,0.0,0.0,784,16797,-0.0,162057.094,-114818.039,-0.0,0.133,6.909358625270745e+28,30.0,70.0,35,0.0,0.0,0.0,0.0,0.0,0.0,0.0,0.0,0.0,0.0,0.0,0.0,0.0,0.0,0.0,0.0,66.4,0,150,71,51,65476,0,300,0,0,8,20529,65476,0,0,44564,70.0,0.0,0.0,0.0,0.0,0.0
2026-09-10T21:52:01,ERR,ERR,ERR,ERR,ERR,ERR,ERR,ERR,ERR,ERR,ERR,ERR,ERR,ERR,ERR,ERR,ERR,ERR,ERR,ERR,ERR,ERR,ERR,ERR,ERR,ERR,ERR,ERR,ERR,ERR,ERR,ERR,ERR,ERR,ERR,ERR,ERR,ERR,ERR,ERR,ERR,ERR,ERR,ERR,ERR,ERR,ERR,ERR,ERR,ERR,ERR,ERR,ERR,ERR,ERR,ERR,ERR,ERR,ERR,ERR,ERR,ERR,ERR,ERR,ERR,ERR,ERR,ERR,ERR,ERR,ERR,ERR,ERR,ERR,ERR,ERR,ERR,ERR,ERR,ERR,ERR,ERR,ERR,ERR,ERR,ERR,ERR,ERR,ERR,ERR,ERR,ERR,ERR,ERR,ERR,ERR,ERR,ERR,ERR,ERR,ERR,ERR,ERR,ERR,ERR,ERR,ERR,ERR,ERR,ERR,ERR,ERR,ERR,ERR,ERR,ERR,ERR,ERR,ERR,ERR,ERR,ERR,ERR,ERR,ERR,0.0,0.0,0.0,0.0,0.0,1.3936040501711995e+18,7.805,0.0,0,0,4,0,7116,0.0,100,0.0,0.0,0.0,0.0,0.0,0,0,0,0,0.0,0,0,0,0,0,0,0,0,0,0,0,0,0,0,0,0,0,0,0,0,0,0,0,0,0,0,0,0,0,0,0,0,0,31,40,40,71,65476,0,300,0,0,8,21553,0.0,-107605600.0,0.0,0.0,0.0,0.0,0.0,0.0,0.0,0.0,0.0,0.0,0.0,0.0,0.0,0.0,0.0,0.0,0.0,0.0,0.0,0.0,-2.004,0.0,0.0,2.004,0.0,0.0,0.0,0.0,4516.0,-0.0,6934.0,0.0,-107615352.0,-0.0,-107615304.0,0.0,0.0,0.0,0.0,69,-0.0,1.9056826585920307e+17,0.0,0.0,0.0,0.0,0.0,0.0,0.0,0,0,0,0.0,0.0,0.0,0.0,0.0,0.0,0.0,0.0,0.0,0.0,0.0,0.0,0.0,0.0,0.0,0.0,0,-107875648.0,69,0.0,138,0.0,-100793952.0,0,13107,17085,26215,17098,39322,17078,0,0,0,70,68,100,0.0,82.2,2.730238278947072e+23,77.7,2.730238639235042e+23,78.5,1,49,50,180,39322,0,0,0,0.0,0.0,0.0,0.0,-0.0,67.0,0.0,162057.094,0.0,968,0,991,0,0,0,946,0,1012,0,913,0,787,0,777,0,821,0,7520,0.032,1.5852670688344146e+19,0.0,0.0,784,16797,-0.0,162057.094,-114818.039,-0.0,0.133,6.909358625270745e+28,30.0,70.0,35,0.0,0.0,0.0,0.0,0.0,0.0,0.0,0.0,0.0,0.0,0.0,0.0,0.0,0.0,0.0,0.0,66.4,0,150,71,51,65476,0,300,0,0,8,20529,65476,0,0,44564,70.0,0.0,0.0,0.0,0.0,0.0
2026-09-10T21:52:02,ERR,ERR,ERR,ERR,ERR,ERR,ERR,ERR,ERR,ERR,ERR,ERR,ERR,ERR,ERR,ERR,ERR,ERR,ERR,ERR,ERR,ERR,ERR,ERR,ERR,ERR,ERR,ERR,ERR,ERR,ERR,ERR,ERR,ERR,ERR,ERR,ERR,ERR,ERR,ERR,ERR,ERR,ERR,ERR,ERR,ERR,ERR,ERR,ERR,ERR,ERR,ERR,ERR,ERR,ERR,ERR,ERR,ERR,ERR,ERR,ERR,ERR,ERR,ERR,ERR,ERR,ERR,ERR,ERR,ERR,ERR,ERR,ERR,ERR,ERR,ERR,ERR,ERR,ERR,ERR,ERR,ERR,ERR,ERR,ERR,ERR,ERR,ERR,ERR,ERR,ERR,ERR,ERR,ERR,ERR,ERR,ERR,ERR,ERR,ERR,ERR,ERR,ERR,ERR,ERR,ERR,ERR,ERR,ERR,ERR,ERR,ERR,ERR,ERR,ERR,ERR,ERR,ERR,ERR,ERR,ERR,ERR,ERR,ERR,ERR,0.0,0.0,0.0,0.0,0.0,1.3936040501711995e+18,7.805,0.0,0,0,4,0,7116,0.0,100,0.0,0.0,0.0,0.0,0.0,0,0,0,0,0.0,0,0,0,0,0,0,0,0,0,0,0,0,0,0,0,0,0,0,0,0,0,0,0,0,0,0,0,0,0,0,0,0,0,31,40,40,71,65476,0,300,0,0,8,21553,0.0,-107605600.0,0.0,0.0,0.0,0.0,0.0,0.0,0.0,0.0,0.0,0.0,0.0,0.0,0.0,0.0,0.0,0.0,0.0,0.0,0.0,0.0,-2.004,0.0,0.0,2.004,0.0,0.0,0.0,0.0,4516.0,-0.0,6934.0,0.0,-107615352.0,-0.0,-107615304.0,0.0,0.0,0.0,0.0,69,-0.0,1.9056826585920307e+17,0.0,0.0,0.0,0.0,0.0,0.0,0.0,0,0,0,0.0,0.0,0.0,0.0,0.0,0.0,0.0,0.0,0.0,0.0,0.0,0.0,0.0,0.0,0.0,0.0,0,-107875648.0,69,0.0,138,0.0,-100793952.0,0,13107,17085,26215,17098,52429,17078,0,0,0,70,68,100,0.0,82.2,2.730238278947072e+23,77.7,2.730238639235042e+23,78.5,1,49,50,180,39322,13107,0,0,0.0,0.0,0.0,0.0,-0.0,67.0,0.0,162057.094,0.0,968,0,991,0,0,0,946,0,1012,0,914,0,787,0,777,0,821,0,7520,0.032,1.5924728282382074e+19,0.0,0.0,784,16797,-0.0,162057.094,-114818.039,-0.0,0.133,6.909358625270745e+28,30.0,70.0,35,0.0,0.0,0.0,0.0,0.0,0.0,0.0,0.0,0.0,0.0,0.0,0.0,0.0,0.0,0.0,0.0,66.4,0,150,71,51,65476,0,300,0,0,8,20529,65476,0,0,44564,70.0,0.0,0.0,0.0,0.0,0.0
2026-09-10T21:52:03,ERR,ERR,ERR,ERR,ERR,ERR,ERR,ERR,ERR,ERR,ERR,ERR,ERR,ERR,ERR,ERR,ERR,ERR,ERR,ERR,ERR,ERR,ERR,ERR,ERR,ERR,ERR,ERR,ERR,ERR,ERR,ERR,ERR,ERR,ERR,ERR,ERR,ERR,ERR,ERR,ERR,ERR,ERR,ERR,ERR,ERR,ERR,ERR,ERR,ERR,ERR,ERR,ERR,ERR,ERR,ERR,ERR,ERR,ERR,ERR,ERR,ERR,ERR,ERR,ERR,ERR,ERR,ERR,ERR,ERR,ERR,ERR,ERR,ERR,ERR,ERR,ERR,ERR,ERR,ERR,ERR,ERR,ERR,ERR,ERR,ERR,ERR,ERR,ERR,ERR,ERR,ERR,ERR,ERR,ERR,ERR,ERR,ERR,ERR,ERR,ERR,ERR,ERR,ERR,ERR,ERR,ERR,ERR,ERR,ERR,ERR,ERR,ERR,ERR,ERR,ERR,ERR,ERR,ERR,ERR,ERR,ERR,ERR,ERR,ERR,0.0,0.0,0.0,0.0,0.0,1.3936040501711995e+18,7.805,0.0,0,0,4,0,7116,0.0,100,0.0,0.0,0.0,0.0,0.0,0,0,0,0,0.0,0,0,0,0,0,0,0,0,0,0,0,0,0,0,0,0,0,0,0,0,0,0,0,0,0,0,0,0,0,0,0,0,0,31,40,40,71,65476,0,300,0,0,8,21553,0.0,-107605600.0,0.0,0.0,0.0,0.0,0.0,0.0,0.0,0.0,0.0,0.0,0.0,0.0,0.0,0.0,0.0,0.0,0.0,0.0,0.0,0.0,-2.004,0.0,0.0,2.004,0.0,0.0,0.0,0.0,4516.0,-0.0,6934.0,0.0,-107615352.0,-0.0,-107615304.0,0.0,0.0,0.0,0.0,69,-0.0,1.9056826585920307e+17,0.0,0.0,0.0,0.0,0.0,0.0,0.0,0,0,0,0.0,0.0,0.0,0.0,0.0,0.0,0.0,0.0,0.0,0.0,0.0,0.0,0.0,0.0,0.0,0.0,0,-107875648.0,69,0.0,138,0.0,-100793952.0,0,13107,17085,26215,17098,52429,17078,0,0,0,70,68,100,0.0,82.2,2.730238278947072e+23,77.7,2.730238639235042e+23,78.5,1,49,50,180,39322,13107,0,0,0.0,0.0,0.0,0.0,-0.0,67.0,0.0,162057.094,0.0,968,0,991,0,0,0,946,0,1012,0,914,0,787,0,777,0,821,0,7520,0.032,1.5924728282382074e+19,0.0,0.0,784,16797,-0.0,162057.094,-114818.039,-0.0,0.133,6.909358625270745e+28,30.0,70.0,35,0.0,0.0,0.0,0.0,0.0,0.0,0.0,0.0,0.0,0.0,0.0,0.0,0.0,0.0,0.0,0.0,66.4,0,150,71,51,65476,0,300,0,0,8,20529,65476,0,0,44564,70.0,0.0,0.0,0.0,0.0,0.0
2026-09-10T21:52:04,ERR,ERR,ERR,ERR,ERR,ERR,ERR,ERR,ERR,ERR,ERR,ERR,ERR,ERR,ERR,ERR,ERR,ERR,ERR,ERR,ERR,ERR,ERR,ERR,ERR,ERR,ERR,ERR,ERR,ERR,ERR,ERR,ERR,ERR,ERR,ERR,ERR,ERR,ERR,ERR,ERR,ERR,ERR,ERR,ERR,ERR,ERR,ERR,ERR,ERR,ERR,ERR,ERR,ERR,ERR,ERR,ERR,ERR,ERR,ERR,ERR,ERR,ERR,ERR,ERR,ERR,ERR,ERR,ERR,ERR,ERR,ERR,ERR,ERR,ERR,ERR,ERR,ERR,ERR,ERR,ERR,ERR,ERR,ERR,ERR,ERR,ERR,ERR,ERR,ERR,ERR,ERR,ERR,ERR,ERR,ERR,ERR,ERR,ERR,ERR,ERR,ERR,ERR,ERR,ERR,ERR,ERR,ERR,ERR,ERR,ERR,ERR,ERR,ERR,ERR,ERR,ERR,ERR,ERR,ERR,ERR,ERR,ERR,ERR,ERR,0.0,-107615352.0,-0.0,0.0,0.0,1.3936040501711995e+18,7.805,0.0,0,0,4,0,7116,0.0,100,0.0,0.0,0.0,0.0,0.0,0,0,0,0,0.0,0,0,0,0,0,0,0,0,0,0,0,0,0,0,0,0,0,0,0,0,0,0,0,0,0,0,0,0,0,0,0,0,0,31,40,40,71,65476,0,300,0,0,8,21553,0.0,-107605600.0,0.0,0.0,0.0,0.0,0.0,0.0,0.0,0.0,0.0,0.0,0.0,0.0,0.0,0.0,0.0,0.0,0.0,0.0,0.0,0.0,-2.004,-2.004,0.0,2.004,0.0,0.0,0.0,0.0,4517.0,-3.697179536554931e+19,6940.0,0.0,-107615352.0,-0.0,-0.0,0.0,0.0,0.0,0.0,69,-0.0,-0.0,0.0,0.0,0.0,0.0,0.0,0.0,0.0,0,0,0,0.0,0.0,0.0,0.0,0.0,0.0,0.0,0.0,0.0,0.0,0.0,0.0,0.0,0.0,0.0,0.0,0,-107875648.0,69,0.0,138,0.0,-100793952.0,0,13107,17085,26215,17098,52429,17078,0,0,0,70,68,100,0.0,82.2,2.730238278947072e+23,77.7,2.730238639235042e+23,78.5,1,49,50,180,39322,13107,0,0,0.0,0.0,0.0,0.0,-0.0,67.0,0.0,162057.094,0.0,968,0,991,0,0,0,946,0,1012,0,914,0,787,0,777,0,821,0,7520,0.032,1.5924728282382074e+19,0.0,0.0,784,16797,-0.0,162057.094,-114818.039,-0.0,0.133,6.909358625270745e+28,30.0,70.0,35,0.0,0.0,0.0,0.0,0.0,0.0,0.0,0.0,0.0,0.0,0.0,0.0,0.0,0.0,0.0,0.0,66.4,0,150,71,51,65476,0,300,0,0,8,20529,65476,0,0,44564,70.0,0.0,0.0,0.0,0.0,0.0
2026-09-10T21:52:05,ERR,ERR,ERR,ERR,ERR,ERR,ERR,ERR,ERR,ERR,ERR,ERR,ERR,ERR,ERR,ERR,ERR,ERR,ERR,ERR,ERR,ERR,ERR,ERR,ERR,ERR,ERR,ERR,ERR,ERR,ERR,ERR,ERR,ERR,ERR,ERR,ERR,ERR,ERR,ERR,ERR,ERR,ERR,ERR,ERR,ERR,ERR,ERR,ERR,ERR,ERR,ERR,ERR,ERR,ERR,ERR,ERR,ERR,ERR,ERR,ERR,ERR,ERR,ERR,ERR,ERR,ERR,ERR,ERR,ERR,ERR,ERR,ERR,ERR,ERR,ERR,ERR,ERR,ERR,ERR,ERR,ERR,ERR,ERR,ERR,ERR,ERR,ERR,ERR,ERR,ERR,ERR,ERR,ERR,ERR,ERR,ERR,ERR,ERR,ERR,ERR,ERR,ERR,ERR,ERR,ERR,ERR,ERR,ERR,ERR,ERR,ERR,ERR,ERR,ERR,ERR,ERR,ERR,ERR,ERR,ERR,ERR,ERR,ERR,ERR,0.0,-107615352.0,-0.0,0.0,0.0,1.3936040501711995e+18,7.805,0.0,0,0,4,0,7116,0.0,100,0.0,0.0,0.0,0.0,0.0,0,0,0,0,0.0,0,0,0,0,0,0,0,0,0,0,0,0,0,0,0,0,0,0,0,0,0,0,0,0,0,0,0,0,0,0,0,0,0,31,40,40,71,65476,0,300,0,0,8,21553,0.0,-107605600.0,0.0,0.0,0.0,0.0,0.0,0.0,0.0,0.0,0.0,0.0,0.0,0.0,0.0,0.0,0.0,0.0,0.0,0.0,0.0,0.0,-2.004,-2.004,0.0,2.004,0.0,0.0,0.0,0.0,4517.0,-3.697179536554931e+19,6940.0,0.0,-107615352.0,-0.0,-0.0,0.0,0.0,0.0,0.0,69,-0.0,-0.0,0.0,0.0,0.0,0.0,0.0,0.0,0.0,0,0,0,0.0,0.0,0.0,0.0,0.0,0.0,0.0,0.0,0.0,0.0,0.0,0.0,0.0,0.0,0.0,0.0,0,-107875648.0,69,0.0,138,0.0,-100793952.0,0,13107,17085,26215,17098,52429,17078,0,0,0,70,68,100,0.0,82.2,2.730238278947072e+23,77.7,2.730238639235042e+23,78.5,1,49,50,180,39322,13107,0,0,0.0,0.0,0.0,0.0,-0.0,67.0,0.0,162057.094,0.0,968,0,991,0,0,0,946,0,1012,0,914,0,787,0,777,0,821,0,7520,0.032,1.5924728282382074e+19,0.0,0.0,784,16797,-0.0,162057.094,-114818.039,-0.0,0.133,6.909358625270745e+28,30.0,70.0,35,0.0,0.0,0.0,0.0,0.0,0.0,0.0,0.0,0.0,0.0,0.0,0.0,0.0,0.0,0.0,0.0,66.4,0,150,71,51,65476,0,300,0,0,8,20529,65476,0,0,44564,70.0,0.0,0.0,0.0,0.0,0.0
2026-09-10T21:52:06,ERR,ERR,ERR,ERR,ERR,ERR,ERR,ERR,ERR,ERR,ERR,ERR,ERR,ERR,ERR,ERR,ERR,ERR,ERR,ERR,ERR,ERR,ERR,ERR,ERR,ERR,ERR,ERR,ERR,ERR,ERR,ERR,ERR,ERR,ERR,ERR,ERR,ERR,ERR,ERR,ERR,ERR,ERR,ERR,ERR,ERR,ERR,ERR,ERR,ERR,ERR,ERR,ERR,ERR,ERR,ERR,ERR,ERR,ERR,ERR,ERR,ERR,ERR,ERR,ERR,ERR,ERR,ERR,ERR,ERR,ERR,ERR,ERR,ERR,ERR,ERR,ERR,ERR,ERR,ERR,ERR,ERR,ERR,ERR,ERR,ERR,ERR,ERR,ERR,ERR,ERR,ERR,ERR,ERR,ERR,ERR,ERR,ERR,ERR,ERR,ERR,ERR,ERR,ERR,ERR,ERR,ERR,ERR,ERR,ERR,ERR,ERR,ERR,ERR,ERR,ERR,ERR,ERR,ERR,ERR,ERR,ERR,ERR,ERR,ERR,0.0,-107615352.0,-0.0,0.0,0.0,1.3936040501711995e+18,7.805,0.0,0,0,4,0,7116,0.0,100,0.0,0.0,0.0,0.0,0.0,0,0,0,0,0.0,0,0,0,0,0,0,0,0,0,0,0,0,0,0,0,0,0,0,0,0,0,0,0,0,0,0,0,0,0,0,0,0,0,31,40,40,71,65476,0,300,0,0,8,21553,0.0,-107605600.0,0.0,0.0,0.0,0.0,0.0,0.0,0.0,0.0,0.0,0.0,0.0,0.0,0.0,0.0,0.0,0.0,0.0,0.0,0.0,0.0,-2.004,-2.004,0.0,2.004,0.0,0.0,0.0,0.0,4517.0,-3.697179536554931e+19,6940.0,0.0,-107615352.0,-0.0,-0.0,0.0,0.0,0.0,0.0,69,-0.0,-0.0,0.0,0.0,0.0,0.0,0.0,0.0,0.0,0,0,0,0.0,0.0,0.0,0.0,0.0,0.0,0.0,0.0,0.0,0.0,0.0,0.0,0.0,0.0,0.0,0.0,0,-107875648.0,69,0.0,138,0.0,-100793952.0,0,13107,17085,26215,17098,52429,17078,0,0,0,70,68,100,0.0,82.2,2.730238278947072e+23,77.7,2.730238639235042e+23,78.5,1,49,50,180,39322,13107,0,0,0.0,0.0,0.0,0.0,-0.0,67.0,0.0,162057.094,0.0,968,0,991,0,0,0,946,0,1012,0,914,0,787,0,777,0,821,0,7520,0.032,1.5924728282382074e+19,0.0,0.0,784,16797,-0.0,162057.094,-114818.039,-0.0,0.133,6.909358625270745e+28,30.0,70.0,35,0.0,0.0,0.0,0.0,0.0,0.0,0.0,0.0,0.0,0.0,0.0,0.0,0.0,0.0,0.0,0.0,66.4,0,150,71,51,65476,0,300,0,0,8,20529,65476,0,0,44564,70.0,0.0,0.0,0.0,0.0,0.0
2026-09-10T21:52:07,ERR,ERR,ERR,ERR,ERR,ERR,ERR,ERR,ERR,ERR,ERR,ERR,ERR,ERR,ERR,ERR,ERR,ERR,ERR,ERR,ERR,ERR,ERR,ERR,ERR,ERR,ERR,ERR,ERR,ERR,ERR,ERR,ERR,ERR,ERR,ERR,ERR,ERR,ERR,ERR,ERR,ERR,ERR,ERR,ERR,ERR,ERR,ERR,ERR,ERR,ERR,ERR,ERR,ERR,ERR,ERR,ERR,ERR,ERR,ERR,ERR,ERR,ERR,ERR,ERR,ERR,ERR,ERR,ERR,ERR,ERR,ERR,ERR,ERR,ERR,ERR,ERR,ERR,ERR,ERR,ERR,ERR,ERR,ERR,ERR,ERR,ERR,ERR,ERR,ERR,ERR,ERR,ERR,ERR,ERR,ERR,ERR,ERR,ERR,ERR,ERR,ERR,ERR,ERR,ERR,ERR,ERR,ERR,ERR,ERR,ERR,ERR,ERR,ERR,ERR,ERR,ERR,ERR,ERR,ERR,ERR,ERR,ERR,ERR,ERR,0.0,-107615352.0,-0.0,0.0,0.0,1.3936040501711995e+18,7.805,0.0,0,0,4,0,7116,0.0,100,0.0,0.0,0.0,0.0,0.0,0,0,0,0,0.0,0,0,0,0,0,0,0,0,0,0,0,0,0,0,0,0,0,0,0,0,0,0,0,0,0,0,0,0,0,0,0,0,0,31,40,40,71,65476,0,300,0,0,8,21553,0.0,-107605600.0,0.0,0.0,0.0,0.0,0.0,0.0,0.0,0.0,0.0,0.0,0.0,0.0,0.0,0.0,0.0,0.0,0.0,0.0,0.0,0.0,-2.004,-2.004,0.0,2.004,0.0,0.0,0.0,0.0,4517.0,-3.697179536554931e+19,6940.0,0.0,-107615352.0,-0.0,-0.0,0.0,0.0,0.0,0.0,69,-0.0,-0.0,0.0,0.0,0.0,0.0,0.0,0.0,0.0,0,0,0,0.0,0.0,0.0,0.0,0.0,0.0,0.0,0.0,0.0,0.0,0.0,0.0,0.0,0.0,0.0,0.0,0,-107875648.0,69,0.0,138,0.0,-100793952.0,0,13107,17085,26215,17098,52429,17078,0,0,0,70,68,100,0.0,82.2,2.730238278947072e+23,77.7,2.730238639235042e+23,78.5,1,49,50,180,39322,13107,0,0,0.0,0.0,0.0,0.0,-0.0,67.0,0.0,162057.094,0.0,968,0,991,0,0,0,946,0,1012,0,914,0,787,0,777,0,821,0,7520,0.032,1.5852670688344146e+19,0.0,0.0,784,16797,-0.0,162057.094,-114818.039,-0.0,0.133,6.909358625270745e+28,30.0,70.0,35,0.0,0.0,0.0,0.0,0.0,0.0,0.0,0.0,0.0,0.0,0.0,0.0,0.0,0.0,0.0,0.0,66.4,0,150,71,51,65476,0,300,0,0,8,20529,65476,0,0,44564,70.0,0.0,0.0,0.0,0.0,0.0
2026-09-10T21:52:08,ERR,ERR,ERR,ERR,ERR,ERR,ERR,ERR,ERR,ERR,ERR,ERR,ERR,ERR,ERR,ERR,ERR,ERR,ERR,ERR,ERR,ERR,ERR,ERR,ERR,ERR,ERR,ERR,ERR,ERR,ERR,ERR,ERR,ERR,ERR,ERR,ERR,ERR,ERR,ERR,ERR,ERR,ERR,ERR,ERR,ERR,ERR,ERR,ERR,ERR,ERR,ERR,ERR,ERR,ERR,ERR,ERR,ERR,ERR,ERR,ERR,ERR,ERR,ERR,ERR,ERR,ERR,ERR,ERR,ERR,ERR,ERR,ERR,ERR,ERR,ERR,ERR,ERR,ERR,ERR,ERR,ERR,ERR,ERR,ERR,ERR,ERR,ERR,ERR,ERR,ERR,ERR,ERR,ERR,ERR,ERR,ERR,ERR,ERR,ERR,ERR,ERR,ERR,ERR,ERR,ERR,ERR,ERR,ERR,ERR,ERR,ERR,ERR,ERR,ERR,ERR,ERR,ERR,ERR,ERR,ERR,ERR,ERR,ERR,ERR,0.0,-107615352.0,-0.0,0.0,0.0,1.3936040501711995e+18,7.805,0.0,0,0,4,0,7116,0.0,100,0.0,0.0,0.0,0.0,0.0,0,0,0,0,0.0,0,0,0,0,0,0,0,0,0,0,0,0,0,0,0,0,0,0,0,0,0,0,0,0,0,0,0,0,0,0,0,0,0,31,40,40,71,65476,0,300,0,0,8,21553,0.0,-107605600.0,0.0,0.0,0.0,0.0,0.0,0.0,0.0,0.0,0.0,0.0,0.0,0.0,0.0,0.0,0.0,0.0,0.0,0.0,0.0,0.0,-2.004,-2.004,0.0,2.004,0.0,0.0,0.0,0.0,4517.0,-3.697179536554931e+19,6940.0,0.0,-107615352.0,-0.0,-0.0,0.0,0.0,0.0,0.0,69,-0.0,-0.0,0.0,0.0,0.0,0.0,0.0,0.0,0.0,0,0,0,0.0,0.0,0.0,0.0,0.0,0.0,0.0,0.0,0.0,0.0,0.0,0.0,0.0,0.0,0.0,0.0,0,-107875648.0,69,0.0,138,0.0,-100793952.0,0,13107,17085,26215,17098,52429,17078,0,0,0,70,68,100,0.0,82.2,2.730238278947072e+23,77.7,2.730238639235042e+23,78.5,1,49,50,180,39322,13107,0,0,0.0,0.0,0.0,0.0,-0.0,67.0,0.0,162057.094,0.0,968,0,991,0,0,0,946,0,1012,0,914,0,787,0,777,0,821,0,7520,0.032,1.5852670688344146e+19,0.0,0.0,784,16797,-0.0,162057.094,-114818.039,-0.0,0.133,6.909358625270745e+28,30.0,70.0,35,0.0,0.0,0.0,0.0,0.0,0.0,0.0,0.0,0.0,0.0,0.0,0.0,0.0,0.0,0.0,0.0,66.4,0,150,71,51,65476,0,300,0,0,8,20529,65476,0,0,44564,70.0,0.0,0.0,0.0,0.0,0.0
2026-09-10T21:52:09,ERR,ERR,ERR,ERR,ERR,ERR,ERR,ERR,ERR,ERR,ERR,ERR,ERR,ERR,ERR,ERR,ERR,ERR,ERR,ERR,ERR,ERR,ERR,ERR,ERR,ERR,ERR,ERR,ERR,ERR,ERR,ERR,ERR,ERR,ERR,ERR,ERR,ERR,ERR,ERR,ERR,ERR,ERR,ERR,ERR,ERR,ERR,ERR,ERR,ERR,ERR,ERR,ERR,ERR,ERR,ERR,ERR,ERR,ERR,ERR,ERR,ERR,ERR,ERR,ERR,ERR,ERR,ERR,ERR,ERR,ERR,ERR,ERR,ERR,ERR,ERR,ERR,ERR,ERR,ERR,ERR,ERR,ERR,ERR,ERR,ERR,ERR,ERR,ERR,ERR,ERR,ERR,ERR,ERR,ERR,ERR,ERR,ERR,ERR,ERR,ERR,ERR,ERR,ERR,ERR,ERR,ERR,ERR,ERR,ERR,ERR,ERR,ERR,ERR,ERR,ERR,ERR,ERR,ERR,ERR,ERR,ERR,ERR,ERR,ERR,0.0,-107615352.0,-0.0,0.0,0.0,1.3936040501711995e+18,7.805,0.0,0,0,4,0,7116,0.0,100,0.0,0.0,0.0,0.0,0.0,0,0,0,0,0.0,0,0,0,0,0,0,0,0,0,0,0,0,0,0,0,0,0,0,0,0,0,0,0,0,0,0,0,0,0,0,0,0,0,31,40,40,71,65476,0,300,0,0,8,21553,0.0,-107605600.0,0.0,0.0,0.0,0.0,0.0,0.0,0.0,0.0,0.0,0.0,0.0,0.0,0.0,0.0,0.0,0.0,0.0,0.0,0.0,0.0,-2.004,-2.004,0.0,2.004,0.0,0.0,0.0,0.0,4517.0,-3.697179536554931e+19,6940.0,0.0,-107615352.0,-0.0,-0.0,0.0,0.0,0.0,0.0,69,-0.0,-0.0,0.0,0.0,0.0,0.0,0.0,0.0,0.0,0,0,0,0.0,0.0,0.0,0.0,0.0,0.0,0.0,0.0,0.0,0.0,0.0,0.0,0.0,0.0,0.0,0.0,0,-107875648.0,69,0.0,138,0.0,-100793952.0,0,13107,17085,26215,17098,52429,17078,0,0,0,70,68,100,0.0,82.2,2.730238278947072e+23,77.7,2.730238639235042e+23,78.5,1,49,50,180,39322,13107,0,0,0.0,0.0,0.0,0.0,-0.0,67.0,0.0,162057.094,0.0,968,0,991,0,0,0,946,0,1012,0,914,0,787,0,777,0,821,0,7520,0.032,1.5852670688344146e+19,0.0,0.0,784,16797,-0.0,162057.094,-114818.039,-0.0,0.133,6.909358625270745e+28,30.0,70.0,35,0.0,0.0,0.0,0.0,0.0,0.0,0.0,0.0,0.0,0.0,0.0,0.0,0.0,0.0,0.0,0.0,66.4,0,150,71,51,65476,0,300,0,0,8,20529,65476,0,0,44564,70.0,0.0,0.0,0.0,0.0,0.0
2026-09-10T21:52:10,ERR,ERR,ERR,ERR,ERR,ERR,ERR,ERR,ERR,ERR,ERR,ERR,ERR,ERR,ERR,ERR,ERR,ERR,ERR,ERR,ERR,ERR,ERR,ERR,ERR,ERR,ERR,ERR,ERR,ERR,ERR,ERR,ERR,ERR,ERR,ERR,ERR,ERR,ERR,ERR,ERR,ERR,ERR,ERR,ERR,ERR,ERR,ERR,ERR,ERR,ERR,ERR,ERR,ERR,ERR,ERR,ERR,ERR,ERR,ERR,ERR,ERR,ERR,ERR,ERR,ERR,ERR,ERR,ERR,ERR,ERR,ERR,ERR,ERR,ERR,ERR,ERR,ERR,ERR,ERR,ERR,ERR,ERR,ERR,ERR,ERR,ERR,ERR,ERR,ERR,ERR,ERR,ERR,ERR,ERR,ERR,ERR,ERR,ERR,ERR,ERR,ERR,ERR,ERR,ERR,ERR,ERR,ERR,ERR,ERR,ERR,ERR,ERR,ERR,ERR,ERR,ERR,ERR,ERR,ERR,ERR,ERR,ERR,ERR,ERR,0.0,-107615352.0,-0.0,0.0,0.0,1.3936040501711995e+18,7.805,0.0,0,0,4,0,7116,0.0,100,0.0,0.0,0.0,0.0,0.0,0,0,0,0,0.0,0,0,0,0,0,0,0,0,0,0,0,0,0,0,0,0,0,0,0,0,0,0,0,0,0,0,0,0,0,0,0,0,0,31,40,40,71,65476,0,300,0,0,8,21553,0.0,-107605600.0,0.0,0.0,0.0,0.0,0.0,0.0,0.0,0.0,0.0,0.0,0.0,0.0,0.0,0.0,0.0,0.0,0.0,0.0,0.0,0.0,-2.004,-2.004,0.0,2.004,0.0,0.0,0.0,0.0,4517.0,-3.697179536554931e+19,6940.0,0.0,-107615352.0,-0.0,-0.0,0.0,0.0,0.0,0.0,69,-0.0,-0.0,0.0,0.0,0.0,0.0,0.0,0.0,0.0,0,0,0,0.0,0.0,0.0,0.0,0.0,0.0,0.0,0.0,0.0,0.0,0.0,0.0,0.0,0.0,0.0,0.0,0,-107875648.0,69,0.0,138,0.0,-100793952.0,0,13107,17085,26215,17098,52429,17078,0,0,0,70,68,100,0.0,82.2,2.730238278947072e+23,77.7,2.730238639235042e+23,78.5,1,49,50,180,39322,13107,0,0,0.0,0.0,0.0,0.0,-0.0,67.0,0.0,162057.094,0.0,968,0,991,0,0,0,946,0,1012,0,914,0,787,0,777,0,821,0,7520,0.032,1.5852670688344146e+19,0.0,0.0,784,16797,-0.0,162057.094,-114818.039,-0.0,0.133,6.909358625270745e+28,30.0,70.0,35,0.0,0.0,0.0,0.0,0.0,0.0,0.0,0.0,0.0,0.0,0.0,0.0,0.0,0.0,0.0,0.0,66.4,0,150,71,51,65476,0,300,0,0,8,20529,65476,0,0,44564,70.0,0.0,0.0,0.0,0.0,0.0
2026-09-10T21:52:11,ERR,ERR,ERR,ERR,ERR,ERR,ERR,ERR,ERR,ERR,ERR,ERR,ERR,ERR,ERR,ERR,ERR,ERR,ERR,ERR,ERR,ERR,ERR,ERR,ERR,ERR,ERR,ERR,ERR,ERR,ERR,ERR,ERR,ERR,ERR,ERR,ERR,ERR,ERR,ERR,ERR,ERR,ERR,ERR,ERR,ERR,ERR,ERR,ERR,ERR,ERR,ERR,ERR,ERR,ERR,ERR,ERR,ERR,ERR,ERR,ERR,ERR,ERR,ERR,ERR,ERR,ERR,ERR,ERR,ERR,ERR,ERR,ERR,ERR,ERR,ERR,ERR,ERR,ERR,ERR,ERR,ERR,ERR,ERR,ERR,ERR,ERR,ERR,ERR,ERR,ERR,ERR,ERR,ERR,ERR,ERR,ERR,ERR,ERR,ERR,ERR,ERR,ERR,ERR,ERR,ERR,ERR,ERR,ERR,ERR,ERR,ERR,ERR,ERR,ERR,ERR,ERR,ERR,ERR,ERR,ERR,ERR,ERR,ERR,ERR,0.0,-107615352.0,-0.0,0.0,0.0,1.3936040501711995e+18,7.805,0.0,0,0,4,0,7116,0.0,100,0.0,0.0,0.0,0.0,0.0,0,0,0,0,0.0,0,0,0,0,0,0,0,0,0,0,0,0,0,0,0,0,0,0,0,0,0,0,0,0,0,0,0,0,0,0,0,0,0,31,40,40,71,65476,0,300,0,0,8,21553,0.0,-107605600.0,0.0,0.0,0.0,0.0,0.0,0.0,0.0,0.0,0.0,0.0,0.0,0.0,0.0,0.0,0.0,0.0,0.0,0.0,0.0,0.0,-2.004,-2.004,0.0,2.004,0.0,0.0,0.0,0.0,4517.0,-3.697179536554931e+19,6940.0,0.0,-107615352.0,-0.0,-0.0,0.0,0.0,0.0,0.0,69,-0.0,-0.0,0.0,0.0,0.0,0.0,0.0,0.0,0.0,0,0,0,0.0,0.0,0.0,0.0,0.0,0.0,0.0,0.0,0.0,0.0,0.0,0.0,0.0,0.0,0.0,0.0,0,-107875648.0,69,0.0,138,0.0,-100793952.0,0,13107,17085,26215,17098,52429,17078,0,0,0,70,68,100,0.0,82.2,2.730238278947072e+23,77.7,2.730238639235042e+23,78.5,1,49,50,180,39322,13107,0,0,0.0,0.0,0.0,0.0,-0.0,67.0,0.0,162057.094,0.0,968,0,991,0,0,0,946,0,1012,0,914,0,787,0,777,0,821,0,7520,0.032,1.5852670688344146e+19,0.0,0.0,784,16797,-0.0,162057.094,-114818.039,-0.0,0.133,6.909358625270745e+28,30.0,70.0,35,0.0,0.0,0.0,0.0,0.0,0.0,0.0,0.0,0.0,0.0,0.0,0.0,0.0,0.0,0.0,0.0,66.4,0,150,71,51,65476,0,300,0,0,8,20529,65476,0,0,44564,70.0,0.0,0.0,0.0,0.0,0.0
2026-09-10T21:52:12,ERR,ERR,ERR,ERR,ERR,ERR,ERR,ERR,ERR,ERR,ERR,ERR,ERR,ERR,ERR,ERR,ERR,ERR,ERR,ERR,ERR,ERR,ERR,ERR,ERR,ERR,ERR,ERR,ERR,ERR,ERR,ERR,ERR,ERR,ERR,ERR,ERR,ERR,ERR,ERR,ERR,ERR,ERR,ERR,ERR,ERR,ERR,ERR,ERR,ERR,ERR,ERR,ERR,ERR,ERR,ERR,ERR,ERR,ERR,ERR,ERR,ERR,ERR,ERR,ERR,ERR,ERR,ERR,ERR,ERR,ERR,ERR,ERR,ERR,ERR,ERR,ERR,ERR,ERR,ERR,ERR,ERR,ERR,ERR,ERR,ERR,ERR,ERR,ERR,ERR,ERR,ERR,ERR,ERR,ERR,ERR,ERR,ERR,ERR,ERR,ERR,ERR,ERR,ERR,ERR,ERR,ERR,ERR,ERR,ERR,ERR,ERR,ERR,ERR,ERR,ERR,ERR,ERR,ERR,ERR,ERR,ERR,ERR,ERR,ERR,0.0,-107615352.0,0.0,0.0,0.0,1.3936040501711995e+18,7.805,0.0,0,0,4,0,7116,0.0,100,0.0,0.0,0.0,0.0,0.0,0,0,0,0,0.0,0,0,0,0,0,0,0,0,0,0,0,0,0,0,0,0,0,0,0,0,0,0,0,0,0,0,0,0,0,0,0,0,0,31,40,40,71,65476,0,300,0,0,8,21553,0.0,-107605600.0,0.0,0.0,0.0,0.0,0.0,0.0,0.0,0.0,0.0,0.0,0.0,0.0,0.0,0.0,0.0,0.0,0.0,0.0,0.0,0.0,-2.004,0.0,0.0,0.0,0.0,0.0,0.0,0.0,4544.0,0.0,6913.0,0.0,-107615352.0,-0.0,-0.0,0.0,0.0,0.0,0.0,69,-0.0,-107614632.0,0.0,0.0,0.0,0.0,0.0,0.0,0.0,0,0,0,0.0,0.0,0.0,0.0,0.0,0.0,0.0,0.0,0.0,0.0,0.0,0.0,0.0,0.0,0.0,0.0,0,-107875648.0,69,0.0,138,0.0,-100793952.0,0,13107,17085,26215,17098,52429,17078,0,0,0,70,68,100,0.0,82.2,2.730238278947072e+23,77.7,2.730238639235042e+23,78.5,1,49,50,180,39322,13107,0,0,0.0,0.0,0.0,0.0,-0.0,67.0,0.0,162057.094,0.0,968,0,991,0,0,0,946,0,1012,0,914,0,787,0,777,0,821,0,7520,0.032,1.5852670688344146e+19,0.0,0.0,784,16797,-0.0,162057.094,-114818.039,-0.0,0.133,6.909358625270745e+28,30.0,70.0,35,0.0,0.0,0.0,0.0,0.0,0.0,0.0,0.0,0.0,0.0,0.0,0.0,0.0,0.0,0.0,0.0,66.4,0,150,71,51,65476,0,300,0,0,8,20529,65476,0,0,44564,70.0,0.0,0.0,0.0,0.0,0.0
2026-09-10T21:52:13,ERR,ERR,ERR,ERR,ERR,ERR,ERR,ERR,ERR,ERR,ERR,ERR,ERR,ERR,ERR,ERR,ERR,ERR,ERR,ERR,ERR,ERR,ERR,ERR,ERR,ERR,ERR,ERR,ERR,ERR,ERR,ERR,ERR,ERR,ERR,ERR,ERR,ERR,ERR,ERR,ERR,ERR,ERR,ERR,ERR,ERR,ERR,ERR,ERR,ERR,ERR,ERR,ERR,ERR,ERR,ERR,ERR,ERR,ERR,ERR,ERR,ERR,ERR,ERR,ERR,ERR,ERR,ERR,ERR,ERR,ERR,ERR,ERR,ERR,ERR,ERR,ERR,ERR,ERR,ERR,ERR,ERR,ERR,ERR,ERR,ERR,ERR,ERR,ERR,ERR,ERR,ERR,ERR,ERR,ERR,ERR,ERR,ERR,ERR,ERR,ERR,ERR,ERR,ERR,ERR,ERR,ERR,ERR,ERR,ERR,ERR,ERR,ERR,ERR,ERR,ERR,ERR,ERR,ERR,ERR,ERR,ERR,ERR,ERR,ERR,0.0,-107615352.0,0.0,0.0,0.0,1.3936040501711995e+18,7.805,0.0,0,0,4,0,7116,0.0,100,0.0,0.0,0.0,0.0,0.0,0,0,0,0,0.0,0,0,0,0,0,0,0,0,0,0,0,0,0,0,0,0,0,0,0,0,0,0,0,0,0,0,0,0,0,0,0,0,0,31,40,40,71,65476,0,300,0,0,8,21553,0.0,-107605600.0,0.0,0.0,0.0,0.0,0.0,0.0,0.0,0.0,0.0,0.0,0.0,0.0,0.0,0.0,0.0,0.0,0.0,0.0,0.0,0.0,-2.004,0.0,0.0,0.0,0.0,0.0,0.0,0.0,4544.0,0.0,6913.0,0.0,-107615352.0,-0.0,-0.0,0.0,0.0,0.0,0.0,69,-0.0,-107614632.0,0.0,0.0,0.0,0.0,0.0,0.0,0.0,0,0,0,0.0,0.0,0.0,0.0,0.0,0.0,0.0,0.0,0.0,0.0,0.0,0.0,0.0,0.0,0.0,0.0,0,-107875648.0,69,0.0,138,0.0,-100793952.0,0,13107,17085,26215,17098,52429,17078,0,0,0,70,68,100,0.0,82.2,2.730238278947072e+23,77.7,2.730238639235042e+23,78.5,1,49,50,180,39322,13107,0,0,0.0,0.0,0.0,0.0,-0.0,67.0,0.0,162057.094,0.0,968,0,991,0,0,0,946,0,1012,0,914,0,787,0,777,0,821,0,7520,0.032,1.5780613094306218e+19,0.0,0.0,784,16797,-0.0,162057.094,-114818.039,-0.0,0.133,6.909358625270745e+28,30.0,70.0,35,0.0,0.0,0.0,0.0,0.0,0.0,0.0,0.0,0.0,0.0,0.0,0.0,0.0,0.0,0.0,0.0,66.4,0,150,71,51,65476,0,300,0,0,8,20529,65476,0,0,44564,70.0,0.0,0.0,0.0,0.0,0.0
2026-09-10T21:52:14,ERR,ERR,ERR,ERR,ERR,ERR,ERR,ERR,ERR,ERR,ERR,ERR,ERR,ERR,ERR,ERR,ERR,ERR,ERR,ERR,ERR,ERR,ERR,ERR,ERR,ERR,ERR,ERR,ERR,ERR,ERR,ERR,ERR,ERR,ERR,ERR,ERR,ERR,ERR,ERR,ERR,ERR,ERR,ERR,ERR,ERR,ERR,ERR,ERR,ERR,ERR,ERR,ERR,ERR,ERR,ERR,ERR,ERR,ERR,ERR,ERR,ERR,ERR,ERR,ERR,ERR,ERR,ERR,ERR,ERR,ERR,ERR,ERR,ERR,ERR,ERR,ERR,ERR,ERR,ERR,ERR,ERR,ERR,ERR,ERR,ERR,ERR,ERR,ERR,ERR,ERR,ERR,ERR,ERR,ERR,ERR,ERR,ERR,ERR,ERR,ERR,ERR,ERR,ERR,ERR,ERR,ERR,ERR,ERR,ERR,ERR,ERR,ERR,ERR,ERR,ERR,ERR,ERR,ERR,ERR,ERR,ERR,ERR,ERR,ERR,0.0,-107615352.0,0.0,0.0,0.0,1.3936040501711995e+18,7.805,0.0,0,0,4,0,7116,0.0,100,0.0,0.0,0.0,0.0,0.0,0,0,0,0,0.0,0,0,0,0,0,0,0,0,0,0,0,0,0,0,0,0,0,0,0,0,0,0,0,0,0,0,0,0,0,0,0,0,0,31,40,40,71,65476,0,300,0,0,8,21553,0.0,-107605600.0,0.0,0.0,0.0,0.0,0.0,0.0,0.0,0.0,0.0,0.0,0.0,0.0,0.0,0.0,0.0,0.0,0.0,0.0,0.0,0.0,-2.004,0.0,0.0,0.0,0.0,0.0,0.0,0.0,4544.0,0.0,6913.0,0.0,-107615352.0,-0.0,-0.0,0.0,0.0,0.0,0.0,69,-0.0,-107614632.0,0.0,0.0,0.0,0.0,0.0,0.0,0.0,0,0,0,0.0,0.0,0.0,0.0,0.0,0.0,0.0,0.0,0.0,0.0,0.0,0.0,0.0,0.0,0.0,0.0,0,-107875648.0,69,0.0,138,0.0,-100793952.0,0,13107,17085,26215,17098,52429,17078,0,0,0,70,68,100,0.0,82.2,2.730238278947072e+23,77.7,2.730238639235042e+23,78.5,1,49,50,180,39322,13107,0,0,0.0,0.0,0.0,0.0,-0.0,67.0,0.0,162057.094,0.0,968,0,991,0,0,0,946,0,1012,0,914,0,787,0,777,0,821,0,7520,0.032,1.5780613094306218e+19,0.0,0.0,784,16797,-0.0,162057.094,-114818.039,-0.0,0.133,6.909358625270745e+28,30.0,70.0,35,0.0,0.0,0.0,0.0,0.0,0.0,0.0,0.0,0.0,0.0,0.0,0.0,0.0,0.0,0.0,0.0,66.4,0,150,71,51,65476,0,300,0,0,8,20529,65476,0,0,44564,70.0,0.0,0.0,0.0,0.0,0.0
2026-09-10T21:52:15,ERR,ERR,ERR,ERR,ERR,ERR,ERR,ERR,ERR,ERR,ERR,ERR,ERR,ERR,ERR,ERR,ERR,ERR,ERR,ERR,ERR,ERR,ERR,ERR,ERR,ERR,ERR,ERR,ERR,ERR,ERR,ERR,ERR,ERR,ERR,ERR,ERR,ERR,ERR,ERR,ERR,ERR,ERR,ERR,ERR,ERR,ERR,ERR,ERR,ERR,ERR,ERR,ERR,ERR,ERR,ERR,ERR,ERR,ERR,ERR,ERR,ERR,ERR,ERR,ERR,ERR,ERR,ERR,ERR,ERR,ERR,ERR,ERR,ERR,ERR,ERR,ERR,ERR,ERR,ERR,ERR,ERR,ERR,ERR,ERR,ERR,ERR,ERR,ERR,ERR,ERR,ERR,ERR,ERR,ERR,ERR,ERR,ERR,ERR,ERR,ERR,ERR,ERR,ERR,ERR,ERR,ERR,ERR,ERR,ERR,ERR,ERR,ERR,ERR,ERR,ERR,ERR,ERR,ERR,ERR,ERR,ERR,ERR,ERR,ERR,0.0,-107615352.0,0.0,0.0,0.0,1.3936040501711995e+18,7.805,0.0,0,0,4,0,7116,0.0,100,0.0,0.0,0.0,0.0,0.0,0,0,0,0,0.0,0,0,0,0,0,0,0,0,0,0,0,0,0,0,0,0,0,0,0,0,0,0,0,0,0,0,0,0,0,0,0,0,0,31,40,40,71,65476,0,300,0,0,8,21553,0.0,-107605600.0,0.0,0.0,0.0,0.0,0.0,0.0,0.0,0.0,0.0,0.0,0.0,0.0,0.0,0.0,0.0,0.0,0.0,0.0,0.0,0.0,-2.004,0.0,0.0,0.0,0.0,0.0,0.0,0.0,4544.0,0.0,6913.0,0.0,-107615352.0,-0.0,-0.0,0.0,0.0,0.0,0.0,69,-0.0,-107614632.0,0.0,0.0,0.0,0.0,0.0,0.0,0.0,0,0,0,0.0,0.0,0.0,0.0,0.0,0.0,0.0,0.0,0.0,0.0,0.0,0.0,0.0,0.0,0.0,0.0,0,-107875648.0,69,0.0,138,0.0,-100793952.0,0,13107,17085,26215,17098,52429,17078,0,0,0,70,68,100,0.0,82.2,2.730238278947072e+23,77.7,2.730238639235042e+23,78.5,1,49,50,180,39322,13107,0,0,0.0,0.0,0.0,0.0,-0.0,67.0,0.0,162057.094,0.0,968,0,991,0,0,0,946,0,1012,0,914,0,787,0,777,0,821,0,7520,0.032,1.5780613094306218e+19,0.0,0.0,784,16797,-0.0,162057.094,-114818.039,-0.0,0.133,6.909358625270745e+28,30.0,70.0,35,0.0,0.0,0.0,0.0,0.0,0.0,0.0,0.0,0.0,0.0,0.0,0.0,0.0,0.0,0.0,0.0,66.4,0,150,71,51,65476,0,300,0,0,8,20529,65476,0,0,44564,70.0,0.0,0.0,0.0,0.0,0.0
2026-09-10T21:52:16,ERR,ERR,ERR,ERR,ERR,ERR,ERR,ERR,ERR,ERR,ERR,ERR,ERR,ERR,ERR,ERR,ERR,ERR,ERR,ERR,ERR,ERR,ERR,ERR,ERR,ERR,ERR,ERR,ERR,ERR,ERR,ERR,ERR,ERR,ERR,ERR,ERR,ERR,ERR,ERR,ERR,ERR,ERR,ERR,ERR,ERR,ERR,ERR,ERR,ERR,ERR,ERR,ERR,ERR,ERR,ERR,ERR,ERR,ERR,ERR,ERR,ERR,ERR,ERR,ERR,ERR,ERR,ERR,ERR,ERR,ERR,ERR,ERR,ERR,ERR,ERR,ERR,ERR,ERR,ERR,ERR,ERR,ERR,ERR,ERR,ERR,ERR,ERR,ERR,ERR,ERR,ERR,ERR,ERR,ERR,ERR,ERR,ERR,ERR,ERR,ERR,ERR,ERR,ERR,ERR,ERR,ERR,ERR,ERR,ERR,ERR,ERR,ERR,ERR,ERR,ERR,ERR,ERR,ERR,ERR,ERR,ERR,ERR,ERR,ERR,0.0,-107615352.0,0.0,0.0,0.0,1.3936040501711995e+18,7.805,0.0,0,0,4,0,7116,0.0,100,0.0,0.0,0.0,0.0,0.0,0,0,0,0,0.0,0,0,0,0,0,0,0,0,0,0,0,0,0,0,0,0,0,0,0,0,0,0,0,0,0,0,0,0,0,0,0,0,0,31,40,40,71,65476,0,300,0,0,8,21553,0.0,-107605600.0,0.0,0.0,0.0,0.0,0.0,0.0,0.0,0.0,0.0,0.0,0.0,0.0,0.0,0.0,0.0,0.0,0.0,0.0,0.0,0.0,-2.004,0.0,0.0,0.0,0.0,0.0,0.0,0.0,4544.0,0.0,6913.0,0.0,-107615352.0,-0.0,-0.0,0.0,0.0,0.0,0.0,69,-0.0,-107614632.0,0.0,0.0,0.0,0.0,0.0,0.0,0.0,0,0,0,0.0,0.0,0.0,0.0,0.0,0.0,0.0,0.0,0.0,0.0,0.0,0.0,0.0,0.0,0.0,0.0,0,-107875648.0,69,0.0,138,0.0,-100793952.0,0,13107,17085,26215,17098,52429,17078,0,0,0,70,68,100,0.0,82.2,2.730238278947072e+23,77.7,2.730238639235042e+23,78.5,1,49,50,180,39322,13107,0,0,0.0,0.0,0.0,0.0,-0.0,67.0,0.0,162057.094,0.0,968,0,991,0,0,0,946,0,1012,0,914,0,787,0,777,0,821,0,7520,0.032,1.5780613094306218e+19,0.0,0.0,784,16797,-0.0,162057.094,-114818.039,-0.0,0.133,6.909358625270745e+28,30.0,70.0,35,0.0,0.0,0.0,0.0,0.0,0.0,0.0,0.0,0.0,0.0,0.0,0.0,0.0,0.0,0.0,0.0,66.4,0,150,71,51,65476,0,300,0,0,8,20529,65476,0,0,44564,70.0,0.0,0.0,0.0,0.0,0.0
2026-09-10T21:52:17,ERR,ERR,ERR,ERR,ERR,ERR,ERR,ERR,ERR,ERR,ERR,ERR,ERR,ERR,ERR,ERR,ERR,ERR,ERR,ERR,ERR,ERR,ERR,ERR,ERR,ERR,ERR,ERR,ERR,ERR,ERR,ERR,ERR,ERR,ERR,ERR,ERR,ERR,ERR,ERR,ERR,ERR,ERR,ERR,ERR,ERR,ERR,ERR,ERR,ERR,ERR,ERR,ERR,ERR,ERR,ERR,ERR,ERR,ERR,ERR,ERR,ERR,ERR,ERR,ERR,ERR,ERR,ERR,ERR,ERR,ERR,ERR,ERR,ERR,ERR,ERR,ERR,ERR,ERR,ERR,ERR,ERR,ERR,ERR,ERR,ERR,ERR,ERR,ERR,ERR,ERR,ERR,ERR,ERR,ERR,ERR,ERR,ERR,ERR,ERR,ERR,ERR,ERR,ERR,ERR,ERR,ERR,ERR,ERR,ERR,ERR,ERR,ERR,ERR,ERR,ERR,ERR,ERR,ERR,ERR,ERR,ERR,ERR,ERR,ERR,0.0,-107615352.0,0.0,0.0,0.0,1.3936040501711995e+18,7.805,0.0,0,0,4,0,7116,0.0,100,0.0,0.0,0.0,0.0,0.0,0,0,0,0,0.0,0,0,0,0,0,0,0,0,0,0,0,0,0,0,0,0,0,0,0,0,0,0,0,0,0,0,0,0,0,0,0,0,0,31,40,40,71,65476,0,300,0,0,8,21553,0.0,-107605600.0,0.0,0.0,0.0,0.0,0.0,0.0,0.0,0.0,0.0,0.0,0.0,0.0,0.0,0.0,0.0,0.0,0.0,0.0,0.0,0.0,-2.004,0.0,0.0,0.0,0.0,0.0,0.0,0.0,4544.0,0.0,6913.0,0.0,-107615352.0,-0.0,-0.0,0.0,0.0,0.0,0.0,69,-0.0,-107614632.0,0.0,0.0,0.0,0.0,0.0,0.0,0.0,0,0,0,0.0,0.0,0.0,0.0,0.0,0.0,0.0,0.0,0.0,0.0,0.0,0.0,0.0,0.0,0.0,0.0,0,-107875648.0,69,0.0,138,0.0,-100793952.0,0,13107,17085,26215,17098,52429,17078,0,0,0,70,68,100,0.0,82.2,2.730238278947072e+23,77.7,2.730238639235042e+23,78.5,1,49,50,180,39322,13107,0,0,0.0,0.0,0.0,0.0,-0.0,67.0,0.0,162057.094,0.0,968,0,991,0,0,0,946,0,1012,0,914,0,787,0,777,0,821,0,7520,0.032,1.5780613094306218e+19,0.0,0.0,784,16797,-0.0,162057.094,-114818.039,-0.0,0.133,6.909358625270745e+28,30.0,70.0,35,0.0,0.0,0.0,0.0,0.0,0.0,0.0,0.0,0.0,0.0,0.0,0.0,0.0,0.0,0.0,0.0,66.4,0,150,71,51,65476,0,300,0,0,8,20529,65476,0,0,44564,70.0,0.0,0.0,0.0,0.0,0.0
2026-09-10T21:52:18,ERR,ERR,ERR,ERR,ERR,ERR,ERR,ERR,ERR,ERR,ERR,ERR,ERR,ERR,ERR,ERR,ERR,ERR,ERR,ERR,ERR,ERR,ERR,ERR,ERR,ERR,ERR,ERR,ERR,ERR,ERR,ERR,ERR,ERR,ERR,ERR,ERR,ERR,ERR,ERR,ERR,ERR,ERR,ERR,ERR,ERR,ERR,ERR,ERR,ERR,ERR,ERR,ERR,ERR,ERR,ERR,ERR,ERR,ERR,ERR,ERR,ERR,ERR,ERR,ERR,ERR,ERR,ERR,ERR,ERR,ERR,ERR,ERR,ERR,ERR,ERR,ERR,ERR,ERR,ERR,ERR,ERR,ERR,ERR,ERR,ERR,ERR,ERR,ERR,ERR,ERR,ERR,ERR,ERR,ERR,ERR,ERR,ERR,ERR,ERR,ERR,ERR,ERR,ERR,ERR,ERR,ERR,ERR,ERR,ERR,ERR,ERR,ERR,ERR,ERR,ERR,ERR,ERR,ERR,ERR,ERR,ERR,ERR,ERR,ERR,0.0,-107615352.0,0.0,0.0,0.0,1.3936040501711995e+18,7.805,0.0,0,0,4,0,7116,0.0,100,0.0,0.0,0.0,0.0,0.0,0,0,0,0,0.0,0,0,0,0,0,0,0,0,0,0,0,0,0,0,0,0,0,0,0,0,0,0,0,0,0,0,0,0,0,0,0,0,0,31,40,40,71,65476,0,300,0,0,8,21553,0.0,-107605600.0,0.0,0.0,0.0,0.0,0.0,0.0,0.0,0.0,0.0,0.0,0.0,0.0,0.0,0.0,0.0,0.0,0.0,0.0,0.0,0.0,-2.004,0.0,0.0,0.0,0.0,0.0,0.0,0.0,4544.0,0.0,6913.0,0.0,-107615352.0,-0.0,-0.0,0.0,0.0,0.0,0.0,69,-0.0,-107614632.0,0.0,0.0,0.0,0.0,0.0,0.0,0.0,0,0,0,0.0,0.0,0.0,0.0,0.0,0.0,0.0,0.0,0.0,0.0,0.0,0.0,0.0,0.0,0.0,0.0,0,-107875648.0,69,0.0,138,0.0,-100793952.0,0,13107,17085,26215,17098,52429,17078,0,0,0,70,68,100,0.0,82.2,2.730238278947072e+23,77.7,2.730238639235042e+23,78.5,1,49,50,180,39322,13107,0,0,0.0,0.0,0.0,0.0,-0.0,67.0,0.0,162057.094,0.0,968,0,991,0,0,0,946,0,1012,0,914,0,787,0,777,0,821,0,7520,0.032,1.5780613094306218e+19,0.0,0.0,784,16797,-0.0,162057.094,-114818.039,-0.0,0.133,6.909358625270745e+28,30.0,70.0,35,0.0,0.0,0.0,0.0,0.0,0.0,0.0,0.0,0.0,0.0,0.0,0.0,0.0,0.0,0.0,0.0,66.4,0,150,71,51,65476,0,300,0,0,8,20529,65476,0,0,44564,70.0,0.0,0.0,0.0,0.0,0.0
2026-09-10T21:52:19,ERR,ERR,ERR,ERR,ERR,ERR,ERR,ERR,ERR,ERR,ERR,ERR,ERR,ERR,ERR,ERR,ERR,ERR,ERR,ERR,ERR,ERR,ERR,ERR,ERR,ERR,ERR,ERR,ERR,ERR,ERR,ERR,ERR,ERR,ERR,ERR,ERR,ERR,ERR,ERR,ERR,ERR,ERR,ERR,ERR,ERR,ERR,ERR,ERR,ERR,ERR,ERR,ERR,ERR,ERR,ERR,ERR,ERR,ERR,ERR,ERR,ERR,ERR,ERR,ERR,ERR,ERR,ERR,ERR,ERR,ERR,ERR,ERR,ERR,ERR,ERR,ERR,ERR,ERR,ERR,ERR,ERR,ERR,ERR,ERR,ERR,ERR,ERR,ERR,ERR,ERR,ERR,ERR,ERR,ERR,ERR,ERR,ERR,ERR,ERR,ERR,ERR,ERR,ERR,ERR,ERR,ERR,ERR,ERR,ERR,ERR,ERR,ERR,ERR,ERR,ERR,ERR,ERR,ERR,ERR,ERR,ERR,ERR,ERR,ERR,0.0,-107615352.0,0.0,0.0,0.0,1.3936040501711995e+18,7.805,0.0,0,0,4,0,7116,0.0,100,0.0,0.0,0.0,0.0,0.0,0,0,0,0,0.0,0,0,0,0,0,0,0,0,0,0,0,0,0,0,0,0,0,0,0,0,0,0,0,0,0,0,0,0,0,0,0,0,0,31,40,40,71,65476,0,300,0,0,8,21553,0.0,-107605600.0,0.0,0.0,0.0,0.0,0.0,0.0,0.0,0.0,0.0,0.0,0.0,0.0,0.0,0.0,0.0,0.0,0.0,0.0,0.0,0.0,-2.004,0.0,0.0,0.0,0.0,0.0,0.0,0.0,4544.0,0.0,6913.0,0.0,-107615352.0,-0.0,-0.0,0.0,0.0,0.0,0.0,69,-0.0,-107614632.0,0.0,0.0,0.0,0.0,0.0,0.0,0.0,0,0,0,0.0,0.0,0.0,0.0,0.0,0.0,0.0,0.0,0.0,0.0,0.0,0.0,0.0,0.0,0.0,0.0,0,-107875648.0,69,0.0,138,0.0,-100793952.0,0,13107,17085,26215,17098,52429,17078,0,0,0,70,68,100,0.0,82.2,2.730238278947072e+23,77.7,2.730238639235042e+23,78.5,1,49,50,180,39322,0,0,0,0.0,0.0,0.0,0.0,-0.0,67.0,0.0,162057.094,0.0,968,0,990,0,0,0,946,0,1012,0,914,0,787,0,777,0,821,0,7520,0.032,1.5924728282382074e+19,0.0,0.0,784,16797,-0.0,162057.094,-114818.039,-0.0,0.133,6.909358625270745e+28,30.0,70.0,35,0.0,0.0,0.0,0.0,0.0,0.0,0.0,0.0,0.0,0.0,0.0,0.0,0.0,0.0,0.0,0.0,66.4,0,150,71,51,65476,0,300,0,0,8,20529,65476,0,0,44564,70.0,0.0,0.0,0.0,0.0,0.0
2026-09-10T21:52:20,ERR,ERR,ERR,ERR,ERR,ERR,ERR,ERR,ERR,ERR,ERR,ERR,ERR,ERR,ERR,ERR,ERR,ERR,ERR,ERR,ERR,ERR,ERR,ERR,ERR,ERR,ERR,ERR,ERR,ERR,ERR,ERR,ERR,ERR,ERR,ERR,ERR,ERR,ERR,ERR,ERR,ERR,ERR,ERR,ERR,ERR,ERR,ERR,ERR,ERR,ERR,ERR,ERR,ERR,ERR,ERR,ERR,ERR,ERR,ERR,ERR,ERR,ERR,ERR,ERR,ERR,ERR,ERR,ERR,ERR,ERR,ERR,ERR,ERR,ERR,ERR,ERR,ERR,ERR,ERR,ERR,ERR,ERR,ERR,ERR,ERR,ERR,ERR,ERR,ERR,ERR,ERR,ERR,ERR,ERR,ERR,ERR,ERR,ERR,ERR,ERR,ERR,ERR,ERR,ERR,ERR,ERR,ERR,ERR,ERR,ERR,ERR,ERR,ERR,ERR,ERR,ERR,ERR,ERR,ERR,ERR,ERR,ERR,ERR,ERR,0.0,0.0,0.0,0.0,0.0,1.3936040501711995e+18,7.805,0.0,0,0,4,0,7116,0.0,100,0.0,0.0,0.0,0.0,0.0,0,0,0,0,0.0,0,0,0,0,0,0,0,0,0,0,0,0,0,0,0,0,0,0,0,0,0,0,0,0,0,0,0,0,0,0,0,0,0,31,40,40,71,65476,0,300,0,0,8,21553,0.0,-107605600.0,0.0,0.0,0.0,0.0,0.0,0.0,0.0,0.0,0.0,0.0,0.0,0.0,0.0,0.0,0.0,0.0,0.0,0.0,0.0,0.0,-2.004,0.0,0.0,0.0,0.0,0.0,0.0,0.0,4541.0,-131350.203,6937.0,0.0,-107615352.0,0.0,-0.0,0.0,0.0,0.0,0.0,69,4.950430145311814e+32,-0.0,0.0,0.0,0.0,0.0,0.0,0.0,0.0,0,0,0,0.0,0.0,0.0,0.0,0.0,0.0,0.0,0.0,0.0,0.0,0.0,0.0,0.0,0.0,0.0,0.0,0,-107875648.0,69,0.0,138,0.0,0.0,0,13107,17085,26215,17098,52429,17078,0,0,0,70,68,100,0.0,82.2,2.730238278947072e+23,77.7,2.730238639235042e+23,78.5,1,49,50,180,39322,0,0,0,0.0,0.0,0.0,0.0,-0.0,67.0,0.0,162057.094,0.0,968,0,990,0,0,0,946,0,1012,0,914,0,787,0,777,0,821,0,7520,0.032,1.5924728282382074e+19,0.0,0.0,784,16797,-0.0,162057.094,-114818.039,-0.0,0.133,6.909358625270745e+28,30.0,70.0,35,0.0,0.0,0.0,0.0,0.0,0.0,0.0,0.0,0.0,0.0,0.0,0.0,0.0,0.0,0.0,0.0,66.4,0,150,71,51,65476,0,300,0,0,8,20529,65476,0,0,44564,70.0,0.0,0.0,0.0,0.0,0.0
2026-09-10T21:52:21,ERR,ERR,ERR,ERR,ERR,ERR,ERR,ERR,ERR,ERR,ERR,ERR,ERR,ERR,ERR,ERR,ERR,ERR,ERR,ERR,ERR,ERR,ERR,ERR,ERR,ERR,ERR,ERR,ERR,ERR,ERR,ERR,ERR,ERR,ERR,ERR,ERR,ERR,ERR,ERR,ERR,ERR,ERR,ERR,ERR,ERR,ERR,ERR,ERR,ERR,ERR,ERR,ERR,ERR,ERR,ERR,ERR,ERR,ERR,ERR,ERR,ERR,ERR,ERR,ERR,ERR,ERR,ERR,ERR,ERR,ERR,ERR,ERR,ERR,ERR,ERR,ERR,ERR,ERR,ERR,ERR,ERR,ERR,ERR,ERR,ERR,ERR,ERR,ERR,ERR,ERR,ERR,ERR,ERR,ERR,ERR,ERR,ERR,ERR,ERR,ERR,ERR,ERR,ERR,ERR,ERR,ERR,ERR,ERR,ERR,ERR,ERR,ERR,ERR,ERR,ERR,ERR,ERR,ERR,ERR,ERR,ERR,ERR,ERR,ERR,0.0,0.0,0.0,0.0,0.0,1.3936040501711995e+18,7.805,0.0,0,0,4,0,7116,0.0,100,0.0,0.0,0.0,0.0,0.0,0,0,0,0,0.0,0,0,0,0,0,0,0,0,0,0,0,0,0,0,0,0,0,0,0,0,0,0,0,0,0,0,0,0,0,0,0,0,0,31,40,40,71,65476,0,300,0,0,8,21553,0.0,-107605600.0,0.0,0.0,0.0,0.0,0.0,0.0,0.0,0.0,0.0,0.0,0.0,0.0,0.0,0.0,0.0,0.0,0.0,0.0,0.0,0.0,-2.004,0.0,0.0,0.0,0.0,0.0,0.0,0.0,4541.0,-131350.203,6937.0,0.0,-107615352.0,0.0,-0.0,0.0,0.0,0.0,0.0,69,4.950430145311814e+32,-0.0,0.0,0.0,0.0,0.0,0.0,0.0,0.0,0,0,0,0.0,0.0,0.0,0.0,0.0,0.0,0.0,0.0,0.0,0.0,0.0,0.0,0.0,0.0,0.0,0.0,0,-107875648.0,69,0.0,138,0.0,0.0,0,13107,17085,26215,17098,52429,17078,0,0,0,70,68,100,0.0,82.2,2.730238278947072e+23,77.7,2.730238639235042e+23,78.5,1,49,50,180,39322,0,0,0,0.0,0.0,0.0,0.0,-0.0,67.0,0.0,162057.094,0.0,968,0,990,0,0,0,946,0,1012,0,914,0,787,0,777,0,821,0,7520,0.032,1.5924728282382074e+19,0.0,0.0,784,16797,-0.0,162057.094,-114818.039,-0.0,0.133,6.909358625270745e+28,30.0,70.0,35,0.0,0.0,0.0,0.0,0.0,0.0,0.0,0.0,0.0,0.0,0.0,0.0,0.0,0.0,0.0,0.0,66.4,0,150,71,51,65476,0,300,0,0,8,20529,65476,0,0,44564,70.0,0.0,0.0,0.0,0.0,0.0
2026-09-10T21:52:22,ERR,ERR,ERR,ERR,ERR,ERR,ERR,ERR,ERR,ERR,ERR,ERR,ERR,ERR,ERR,ERR,ERR,ERR,ERR,ERR,ERR,ERR,ERR,ERR,ERR,ERR,ERR,ERR,ERR,ERR,ERR,ERR,ERR,ERR,ERR,ERR,ERR,ERR,ERR,ERR,ERR,ERR,ERR,ERR,ERR,ERR,ERR,ERR,ERR,ERR,ERR,ERR,ERR,ERR,ERR,ERR,ERR,ERR,ERR,ERR,ERR,ERR,ERR,ERR,ERR,ERR,ERR,ERR,ERR,ERR,ERR,ERR,ERR,ERR,ERR,ERR,ERR,ERR,ERR,ERR,ERR,ERR,ERR,ERR,ERR,ERR,ERR,ERR,ERR,ERR,ERR,ERR,ERR,ERR,ERR,ERR,ERR,ERR,ERR,ERR,ERR,ERR,ERR,ERR,ERR,ERR,ERR,ERR,ERR,ERR,ERR,ERR,ERR,ERR,ERR,ERR,ERR,ERR,ERR,ERR,ERR,ERR,ERR,ERR,ERR,0.0,0.0,0.0,0.0,0.0,1.3936040501711995e+18,7.805,0.0,0,0,4,0,7116,0.0,100,0.0,0.0,0.0,0.0,0.0,0,0,0,0,0.0,0,0,0,0,0,0,0,0,0,0,0,0,0,0,0,0,0,0,0,0,0,0,0,0,0,0,0,0,0,0,0,0,0,31,40,40,71,65476,0,300,0,0,8,21553,0.0,-107605600.0,0.0,0.0,0.0,0.0,0.0,0.0,0.0,0.0,0.0,0.0,0.0,0.0,0.0,0.0,0.0,0.0,0.0,0.0,0.0,0.0,-2.004,0.0,0.0,0.0,0.0,0.0,0.0,0.0,4541.0,-131350.203,6937.0,0.0,-107615352.0,0.0,-0.0,0.0,0.0,0.0,0.0,69,4.950430145311814e+32,-0.0,0.0,0.0,0.0,0.0,0.0,0.0,0.0,0,0,0,0.0,0.0,0.0,0.0,0.0,0.0,0.0,0.0,0.0,0.0,0.0,0.0,0.0,0.0,0.0,0.0,0,-107875648.0,69,0.0,138,0.0,0.0,0,13107,17085,26215,17098,52429,17078,0,0,0,70,68,100,0.0,82.2,2.730238278947072e+23,77.7,2.730238639235042e+23,78.5,1,49,50,180,39322,0,0,0,0.0,0.0,0.0,0.0,-0.0,67.0,0.0,162057.094,0.0,968,0,990,0,0,0,946,0,1012,0,914,0,787,0,777,0,821,0,7520,0.032,1.5924728282382074e+19,0.0,0.0,784,16797,-0.0,162057.094,-114818.039,-0.0,0.133,6.909358625270745e+28,30.0,70.0,35,0.0,0.0,0.0,0.0,0.0,0.0,0.0,0.0,0.0,0.0,0.0,0.0,0.0,0.0,0.0,0.0,66.4,0,150,71,51,65476,0,300,0,0,8,20529,65476,0,0,44564,70.0,0.0,0.0,0.0,0.0,0.0
2026-09-10T21:52:23,ERR,ERR,ERR,ERR,ERR,ERR,ERR,ERR,ERR,ERR,ERR,ERR,ERR,ERR,ERR,ERR,ERR,ERR,ERR,ERR,ERR,ERR,ERR,ERR,ERR,ERR,ERR,ERR,ERR,ERR,ERR,ERR,ERR,ERR,ERR,ERR,ERR,ERR,ERR,ERR,ERR,ERR,ERR,ERR,ERR,ERR,ERR,ERR,ERR,ERR,ERR,ERR,ERR,ERR,ERR,ERR,ERR,ERR,ERR,ERR,ERR,ERR,ERR,ERR,ERR,ERR,ERR,ERR,ERR,ERR,ERR,ERR,ERR,ERR,ERR,ERR,ERR,ERR,ERR,ERR,ERR,ERR,ERR,ERR,ERR,ERR,ERR,ERR,ERR,ERR,ERR,ERR,ERR,ERR,ERR,ERR,ERR,ERR,ERR,ERR,ERR,ERR,ERR,ERR,ERR,ERR,ERR,ERR,ERR,ERR,ERR,ERR,ERR,ERR,ERR,ERR,ERR,ERR,ERR,ERR,ERR,ERR,ERR,ERR,ERR,0.0,0.0,0.0,0.0,0.0,1.3936040501711995e+18,7.805,0.0,0,0,4,0,7116,0.0,100,0.0,0.0,0.0,0.0,0.0,0,0,0,0,0.0,0,0,0,0,0,0,0,0,0,0,0,0,0,0,0,0,0,0,0,0,0,0,0,0,0,0,0,0,0,0,0,0,0,31,40,40,71,65476,0,300,0,0,8,21553,0.0,-107605600.0,0.0,0.0,0.0,0.0,0.0,0.0,0.0,0.0,0.0,0.0,0.0,0.0,0.0,0.0,0.0,0.0,0.0,0.0,0.0,0.0,-2.004,0.0,0.0,0.0,0.0,0.0,0.0,0.0,4541.0,-131350.203,6937.0,0.0,-107615352.0,0.0,-0.0,0.0,0.0,0.0,0.0,69,4.950430145311814e+32,-0.0,0.0,0.0,0.0,0.0,0.0,0.0,0.0,0,0,0,0.0,0.0,0.0,0.0,0.0,0.0,0.0,0.0,0.0,0.0,0.0,0.0,0.0,0.0,0.0,0.0,0,-107875648.0,69,0.0,138,0.0,0.0,0,13107,17085,26215,17098,52429,17078,0,0,0,70,68,100,0.0,82.2,2.730238278947072e+23,77.7,2.730238639235042e+23,78.5,1,49,50,180,39322,0,0,0,0.0,0.0,0.0,0.0,-0.0,67.0,0.0,162057.094,0.0,968,0,991,0,0,0,946,0,1012,0,914,0,787,0,777,0,821,0,7520,0.032,1.5924728282382074e+19,0.0,0.0,784,16797,-0.0,162057.094,-114818.039,-0.0,0.133,6.909358625270745e+28,30.0,70.0,35,0.0,0.0,0.0,0.0,0.0,0.0,0.0,0.0,0.0,0.0,0.0,0.0,0.0,0.0,0.0,0.0,66.8,0,150,71,51,65476,0,300,0,0,8,20529,65476,0,0,44564,70.0,0.0,0.0,0.0,0.0,0.0
2026-09-10T21:52:24,ERR,ERR,ERR,ERR,ERR,ERR,ERR,ERR,ERR,ERR,ERR,ERR,ERR,ERR,ERR,ERR,ERR,ERR,ERR,ERR,ERR,ERR,ERR,ERR,ERR,ERR,ERR,ERR,ERR,ERR,ERR,ERR,ERR,ERR,ERR,ERR,ERR,ERR,ERR,ERR,ERR,ERR,ERR,ERR,ERR,ERR,ERR,ERR,ERR,ERR,ERR,ERR,ERR,ERR,ERR,ERR,ERR,ERR,ERR,ERR,ERR,ERR,ERR,ERR,ERR,ERR,ERR,ERR,ERR,ERR,ERR,ERR,ERR,ERR,ERR,ERR,ERR,ERR,ERR,ERR,ERR,ERR,ERR,ERR,ERR,ERR,ERR,ERR,ERR,ERR,ERR,ERR,ERR,ERR,ERR,ERR,ERR,ERR,ERR,ERR,ERR,ERR,ERR,ERR,ERR,ERR,ERR,ERR,ERR,ERR,ERR,ERR,ERR,ERR,ERR,ERR,ERR,ERR,ERR,ERR,ERR,ERR,ERR,ERR,ERR,0.0,0.0,0.0,0.0,0.0,1.3936040501711995e+18,7.805,0.0,0,0,4,0,7116,0.0,100,0.0,0.0,0.0,0.0,0.0,0,0,0,0,0.0,0,0,0,0,0,0,0,0,0,0,0,0,0,0,0,0,0,0,0,0,0,0,0,0,0,0,0,0,0,0,0,0,0,31,40,40,71,65476,0,300,0,0,8,21553,0.0,-107605600.0,0.0,0.0,0.0,0.0,0.0,0.0,0.0,0.0,0.0,0.0,0.0,0.0,0.0,0.0,0.0,0.0,0.0,0.0,0.0,0.0,-2.004,0.0,0.0,0.0,0.0,0.0,0.0,0.0,4541.0,-131350.203,6937.0,0.0,-107615352.0,0.0,-0.0,0.0,0.0,0.0,0.0,69,4.950430145311814e+32,-0.0,0.0,0.0,0.0,0.0,0.0,0.0,0.0,0,0,0,0.0,0.0,0.0,0.0,0.0,0.0,0.0,0.0,0.0,0.0,0.0,0.0,0.0,0.0,0.0,0.0,0,-107875648.0,69,0.0,138,0.0,0.0,0,13107,17085,26215,17098,52429,17078,0,0,0,70,68,100,0.0,82.2,2.730238278947072e+23,77.7,2.730238639235042e+23,78.5,1,49,50,180,39322,0,0,0,0.0,0.0,0.0,0.0,-0.0,67.0,0.0,162057.094,0.0,968,0,991,0,0,0,946,0,1012,0,914,0,787,0,777,0,821,0,7520,0.032,1.5924728282382074e+19,0.0,0.0,784,16797,-0.0,162057.094,-114818.039,-0.0,0.133,6.909358625270745e+28,30.0,70.0,35,0.0,0.0,0.0,0.0,0.0,0.0,0.0,0.0,0.0,0.0,0.0,0.0,0.0,0.0,0.0,0.0,66.8,0,150,71,51,65476,0,300,0,0,8,20529,65476,0,0,44564,70.0,0.0,0.0,0.0,0.0,0.0
2026-09-10T21:52:25,ERR,ERR,ERR,ERR,ERR,ERR,ERR,ERR,ERR,ERR,ERR,ERR,ERR,ERR,ERR,ERR,ERR,ERR,ERR,ERR,ERR,ERR,ERR,ERR,ERR,ERR,ERR,ERR,ERR,ERR,ERR,ERR,ERR,ERR,ERR,ERR,ERR,ERR,ERR,ERR,ERR,ERR,ERR,ERR,ERR,ERR,ERR,ERR,ERR,ERR,ERR,ERR,ERR,ERR,ERR,ERR,ERR,ERR,ERR,ERR,ERR,ERR,ERR,ERR,ERR,ERR,ERR,ERR,ERR,ERR,ERR,ERR,ERR,ERR,ERR,ERR,ERR,ERR,ERR,ERR,ERR,ERR,ERR,ERR,ERR,ERR,ERR,ERR,ERR,ERR,ERR,ERR,ERR,ERR,ERR,ERR,ERR,ERR,ERR,ERR,ERR,ERR,ERR,ERR,ERR,ERR,ERR,ERR,ERR,ERR,ERR,ERR,ERR,ERR,ERR,ERR,ERR,ERR,ERR,ERR,ERR,ERR,ERR,ERR,ERR,0.0,-107615352.0,0.0,0.0,0.0,1.3936040501711995e+18,7.805,0.0,0,0,4,0,7116,0.0,100,0.0,0.0,0.0,0.0,0.0,0,0,0,0,0.0,0,0,0,0,0,0,0,0,0,0,0,0,0,0,0,0,0,0,0,0,0,0,0,0,0,0,0,0,0,0,0,0,0,31,40,40,71,65476,0,300,0,0,8,21553,0.0,-107605600.0,0.0,0.0,0.0,0.0,0.0,0.0,0.0,0.0,0.0,0.0,0.0,0.0,0.0,0.0,0.0,0.0,0.0,0.0,0.0,0.0,-2.004,0.0,0.0,0.0,0.0,0.0,0.0,0.0,4542.0,-0.0,6930.0,0.0,-107615352.0,-0.0,-0.0,0.0,0.0,0.0,0.0,69,-0.0,0.0,0.0,0.0,0.0,0.0,0.0,0.0,0.0,0,0,0,0.0,0.0,0.0,0.0,0.0,0.0,0.0,0.0,0.0,0.0,0.0,0.0,0.0,0.0,0.0,0.0,0,-107875648.0,69,0.0,138,0.0,0.0,0,13107,17085,26215,17098,52429,17078,0,0,0,70,68,100,0.0,82.2,2.730238278947072e+23,77.7,2.730238639235042e+23,78.5,1,49,50,180,39322,0,0,0,0.0,0.0,0.0,0.0,-0.0,67.0,0.0,162057.094,0.0,968,0,991,0,0,0,946,0,1012,0,914,0,787,0,777,0,821,0,7520,0.032,1.5924728282382074e+19,0.0,0.0,784,16797,-0.0,162057.094,-114818.039,-0.0,0.133,6.909358625270745e+28,30.0,70.0,35,0.0,0.0,0.0,0.0,0.0,0.0,0.0,0.0,0.0,0.0,0.0,0.0,0.0,0.0,0.0,0.0,66.4,0,150,71,51,65476,0,300,0,0,8,20529,65476,0,0,44564,70.0,0.0,0.0,0.0,0.0,0.0
2026-09-10T21:52:26,ERR,ERR,ERR,ERR,ERR,ERR,ERR,ERR,ERR,ERR,ERR,ERR,ERR,ERR,ERR,ERR,ERR,ERR,ERR,ERR,ERR,ERR,ERR,ERR,ERR,ERR,ERR,ERR,ERR,ERR,ERR,ERR,ERR,ERR,ERR,ERR,ERR,ERR,ERR,ERR,ERR,ERR,ERR,ERR,ERR,ERR,ERR,ERR,ERR,ERR,ERR,ERR,ERR,ERR,ERR,ERR,ERR,ERR,ERR,ERR,ERR,ERR,ERR,ERR,ERR,ERR,ERR,ERR,ERR,ERR,ERR,ERR,ERR,ERR,ERR,ERR,ERR,ERR,ERR,ERR,ERR,ERR,ERR,ERR,ERR,ERR,ERR,ERR,ERR,ERR,ERR,ERR,ERR,ERR,ERR,ERR,ERR,ERR,ERR,ERR,ERR,ERR,ERR,ERR,ERR,ERR,ERR,ERR,ERR,ERR,ERR,ERR,ERR,ERR,ERR,ERR,ERR,ERR,ERR,ERR,ERR,ERR,ERR,ERR,ERR,0.0,-107615352.0,0.0,0.0,0.0,1.3936040501711995e+18,7.805,0.0,0,0,4,0,7116,0.0,100,0.0,0.0,0.0,0.0,0.0,0,0,0,0,0.0,0,0,0,0,0,0,0,0,0,0,0,0,0,0,0,0,0,0,0,0,0,0,0,0,0,0,0,0,0,0,0,0,0,31,40,40,71,65476,0,300,0,0,8,21553,0.0,-107605600.0,0.0,0.0,0.0,0.0,0.0,0.0,0.0,0.0,0.0,0.0,0.0,0.0,0.0,0.0,0.0,0.0,0.0,0.0,0.0,0.0,-2.004,0.0,0.0,0.0,0.0,0.0,0.0,0.0,4542.0,-0.0,6930.0,0.0,-107615352.0,-0.0,-0.0,0.0,0.0,0.0,0.0,69,-0.0,0.0,0.0,0.0,0.0,0.0,0.0,0.0,0.0,0,0,0,0.0,0.0,0.0,0.0,0.0,0.0,0.0,0.0,0.0,0.0,0.0,0.0,0.0,0.0,0.0,0.0,0,-107875648.0,69,0.0,138,0.0,0.0,0,13107,17085,26215,17098,52429,17078,0,0,0,70,68,100,0.0,82.2,2.730238278947072e+23,77.7,2.730238639235042e+23,78.5,1,49,50,180,39322,0,0,0,0.0,0.0,0.0,0.0,-0.0,67.0,0.0,162057.094,0.0,968,0,991,0,0,0,946,0,1012,0,914,0,787,0,777,0,821,0,7520,0.032,1.5924728282382074e+19,0.0,0.0,784,16797,-0.0,162057.094,-114818.039,-0.0,0.133,6.909358625270745e+28,30.0,70.0,35,0.0,0.0,0.0,0.0,0.0,0.0,0.0,0.0,0.0,0.0,0.0,0.0,0.0,0.0,0.0,0.0,66.4,0,150,71,51,65476,0,300,0,0,8,20529,65476,0,0,44564,70.0,0.0,0.0,0.0,0.0,0.0
2026-09-10T21:52:27,ERR,ERR,ERR,ERR,ERR,ERR,ERR,ERR,ERR,ERR,ERR,ERR,ERR,ERR,ERR,ERR,ERR,ERR,ERR,ERR,ERR,ERR,ERR,ERR,ERR,ERR,ERR,ERR,ERR,ERR,ERR,ERR,ERR,ERR,ERR,ERR,ERR,ERR,ERR,ERR,ERR,ERR,ERR,ERR,ERR,ERR,ERR,ERR,ERR,ERR,ERR,ERR,ERR,ERR,ERR,ERR,ERR,ERR,ERR,ERR,ERR,ERR,ERR,ERR,ERR,ERR,ERR,ERR,ERR,ERR,ERR,ERR,ERR,ERR,ERR,ERR,ERR,ERR,ERR,ERR,ERR,ERR,ERR,ERR,ERR,ERR,ERR,ERR,ERR,ERR,ERR,ERR,ERR,ERR,ERR,ERR,ERR,ERR,ERR,ERR,ERR,ERR,ERR,ERR,ERR,ERR,ERR,ERR,ERR,ERR,ERR,ERR,ERR,ERR,ERR,ERR,ERR,ERR,ERR,ERR,ERR,ERR,ERR,ERR,ERR,0.0,-107615352.0,0.0,0.0,0.0,1.3936040501711995e+18,7.805,0.0,0,0,4,0,7116,0.0,100,0.0,0.0,0.0,0.0,0.0,0,0,0,0,0.0,0,0,0,0,0,0,0,0,0,0,0,0,0,0,0,0,0,0,0,0,0,0,0,0,0,0,0,0,0,0,0,0,0,31,40,40,71,65476,0,300,0,0,8,21553,0.0,-107605600.0,0.0,0.0,0.0,0.0,0.0,0.0,0.0,0.0,0.0,0.0,0.0,0.0,0.0,0.0,0.0,0.0,0.0,0.0,0.0,0.0,-2.004,0.0,0.0,0.0,0.0,0.0,0.0,0.0,4542.0,-0.0,6930.0,0.0,-107615352.0,-0.0,-0.0,0.0,0.0,0.0,0.0,69,-0.0,0.0,0.0,0.0,0.0,0.0,0.0,0.0,0.0,0,0,0,0.0,0.0,0.0,0.0,0.0,0.0,0.0,0.0,0.0,0.0,0.0,0.0,0.0,0.0,0.0,0.0,0,-107875648.0,69,0.0,138,0.0,0.0,0,13107,17085,26215,17098,39322,17078,0,0,0,70,68,100,0.0,82.2,2.730238278947072e+23,77.7,2.730238639235042e+23,78.5,1,49,50,180,39322,13107,0,0,0.0,0.0,0.0,0.0,-0.0,67.0,0.0,162057.094,0.0,968,0,991,0,0,0,946,0,1012,0,913,0,787,0,777,0,821,0,7520,0.032,1.5852670688344146e+19,0.0,0.0,784,16797,-0.0,162057.094,-114818.039,-0.0,0.133,6.909358625270745e+28,30.0,70.0,35,0.0,0.0,0.0,0.0,0.0,0.0,0.0,0.0,0.0,0.0,0.0,0.0,0.0,0.0,0.0,0.0,66.4,0,150,71,51,65476,0,300,0,0,8,20529,65476,0,0,44564,70.0,0.0,0.0,0.0,0.0,0.0
2026-09-10T21:52:28,ERR,ERR,ERR,ERR,ERR,ERR,ERR,ERR,ERR,ERR,ERR,ERR,ERR,ERR,ERR,ERR,ERR,ERR,ERR,ERR,ERR,ERR,ERR,ERR,ERR,ERR,ERR,ERR,ERR,ERR,ERR,ERR,ERR,ERR,ERR,ERR,ERR,ERR,ERR,ERR,ERR,ERR,ERR,ERR,ERR,ERR,ERR,ERR,ERR,ERR,ERR,ERR,ERR,ERR,ERR,ERR,ERR,ERR,ERR,ERR,ERR,ERR,ERR,ERR,ERR,ERR,ERR,ERR,ERR,ERR,ERR,ERR,ERR,ERR,ERR,ERR,ERR,ERR,ERR,ERR,ERR,ERR,ERR,ERR,ERR,ERR,ERR,ERR,ERR,ERR,ERR,ERR,ERR,ERR,ERR,ERR,ERR,ERR,ERR,ERR,ERR,ERR,ERR,ERR,ERR,ERR,ERR,ERR,ERR,ERR,ERR,ERR,ERR,ERR,ERR,ERR,ERR,ERR,ERR,ERR,ERR,ERR,ERR,ERR,ERR,0.0,-107615352.0,0.0,0.0,0.0,1.3936040501711995e+18,7.805,0.0,0,0,4,0,7116,0.0,100,0.0,0.0,0.0,0.0,0.0,0,0,0,0,0.0,0,0,0,0,0,0,0,0,0,0,0,0,0,0,0,0,0,0,0,0,0,0,0,0,0,0,0,0,0,0,0,0,0,31,40,40,71,65476,0,300,0,0,8,21553,0.0,-107605600.0,0.0,0.0,0.0,0.0,0.0,0.0,0.0,0.0,0.0,0.0,0.0,0.0,0.0,0.0,0.0,0.0,0.0,0.0,0.0,0.0,-2.004,0.0,0.0,0.0,0.0,0.0,0.0,0.0,4542.0,-0.0,6930.0,0.0,-107615352.0,-0.0,-0.0,0.0,0.0,0.0,0.0,69,-0.0,0.0,0.0,0.0,0.0,0.0,0.0,0.0,0.0,0,0,0,0.0,0.0,0.0,0.0,0.0,0.0,0.0,0.0,0.0,0.0,0.0,0.0,0.0,0.0,0.0,0.0,0,-107875648.0,69,0.0,138,0.0,0.0,0,13107,17085,26215,17098,39322,17078,0,0,0,70,68,100,0.0,82.2,2.730238278947072e+23,77.7,2.730238639235042e+23,78.5,1,49,50,180,39322,13107,0,0,0.0,0.0,0.0,0.0,-0.0,67.0,0.0,162057.094,0.0,968,0,991,0,0,0,946,0,1012,0,913,0,787,0,777,0,821,0,7520,0.032,1.5852670688344146e+19,0.0,0.0,784,16797,-0.0,162057.094,-114818.039,-0.0,0.133,6.909358625270745e+28,30.0,70.0,35,0.0,0.0,0.0,0.0,0.0,0.0,0.0,0.0,0.0,0.0,0.0,0.0,0.0,0.0,0.0,0.0,66.4,0,150,71,51,65476,0,300,0,0,8,20529,65476,0,0,44564,70.0,0.0,0.0,0.0,0.0,0.0
2026-09-10T21:52:29,ERR,ERR,ERR,ERR,ERR,ERR,ERR,ERR,ERR,ERR,ERR,ERR,ERR,ERR,ERR,ERR,ERR,ERR,ERR,ERR,ERR,ERR,ERR,ERR,ERR,ERR,ERR,ERR,ERR,ERR,ERR,ERR,ERR,ERR,ERR,ERR,ERR,ERR,ERR,ERR,ERR,ERR,ERR,ERR,ERR,ERR,ERR,ERR,ERR,ERR,ERR,ERR,ERR,ERR,ERR,ERR,ERR,ERR,ERR,ERR,ERR,ERR,ERR,ERR,ERR,ERR,ERR,ERR,ERR,ERR,ERR,ERR,ERR,ERR,ERR,ERR,ERR,ERR,ERR,ERR,ERR,ERR,ERR,ERR,ERR,ERR,ERR,ERR,ERR,ERR,ERR,ERR,ERR,ERR,ERR,ERR,ERR,ERR,ERR,ERR,ERR,ERR,ERR,ERR,ERR,ERR,ERR,ERR,ERR,ERR,ERR,ERR,ERR,ERR,ERR,ERR,ERR,ERR,ERR,ERR,ERR,ERR,ERR,ERR,ERR,0.0,-107615352.0,0.0,0.0,0.0,1.3936040501711995e+18,7.805,0.0,0,0,4,0,7116,0.0,100,0.0,0.0,0.0,0.0,0.0,0,0,0,0,0.0,0,0,0,0,0,0,0,0,0,0,0,0,0,0,0,0,0,0,0,0,0,0,0,0,0,0,0,0,0,0,0,0,0,31,40,40,71,65476,0,300,0,0,8,21553,0.0,-107605600.0,0.0,0.0,0.0,0.0,0.0,0.0,0.0,0.0,0.0,0.0,0.0,0.0,0.0,0.0,0.0,0.0,0.0,0.0,0.0,0.0,-2.004,0.0,0.0,0.0,0.0,0.0,0.0,0.0,4542.0,-0.0,6930.0,0.0,-107615352.0,-0.0,-0.0,0.0,0.0,0.0,0.0,69,-0.0,0.0,0.0,0.0,0.0,0.0,0.0,0.0,0.0,0,0,0,0.0,0.0,0.0,0.0,0.0,0.0,0.0,0.0,0.0,0.0,0.0,0.0,0.0,0.0,0.0,0.0,0,-107875648.0,69,0.0,138,0.0,0.0,0,13107,17085,26215,17098,39322,17078,0,0,0,70,68,100,0.0,82.2,2.730238278947072e+23,77.7,2.730238639235042e+23,78.5,1,49,50,180,39322,13107,0,0,0.0,0.0,0.0,0.0,-0.0,67.0,0.0,162057.094,0.0,968,0,991,0,0,0,946,0,1012,0,913,0,787,0,777,0,821,0,7520,0.032,1.5852670688344146e+19,0.0,0.0,784,16797,-0.0,162057.094,-114818.039,-0.0,0.133,6.909358625270745e+28,30.0,70.0,35,0.0,0.0,0.0,0.0,0.0,0.0,0.0,0.0,0.0,0.0,0.0,0.0,0.0,0.0,0.0,0.0,66.4,0,150,71,51,65476,0,300,0,0,8,20529,65476,0,0,44564,70.0,0.0,0.0,0.0,0.0,0.0
2026-09-10T21:52:30,ERR,ERR,ERR,ERR,ERR,ERR,ERR,ERR,ERR,ERR,ERR,ERR,ERR,ERR,ERR,ERR,ERR,ERR,ERR,ERR,ERR,ERR,ERR,ERR,ERR,ERR,ERR,ERR,ERR,ERR,ERR,ERR,ERR,ERR,ERR,ERR,ERR,ERR,ERR,ERR,ERR,ERR,ERR,ERR,ERR,ERR,ERR,ERR,ERR,ERR,ERR,ERR,ERR,ERR,ERR,ERR,ERR,ERR,ERR,ERR,ERR,ERR,ERR,ERR,ERR,ERR,ERR,ERR,ERR,ERR,ERR,ERR,ERR,ERR,ERR,ERR,ERR,ERR,ERR,ERR,ERR,ERR,ERR,ERR,ERR,ERR,ERR,ERR,ERR,ERR,ERR,ERR,ERR,ERR,ERR,ERR,ERR,ERR,ERR,ERR,ERR,ERR,ERR,ERR,ERR,ERR,ERR,ERR,ERR,ERR,ERR,ERR,ERR,ERR,ERR,ERR,ERR,ERR,ERR,ERR,ERR,ERR,ERR,ERR,ERR,0.0,-107615352.0,0.0,0.0,0.0,1.3936040501711995e+18,7.805,0.0,0,0,4,0,7116,0.0,100,0.0,0.0,0.0,0.0,0.0,0,0,0,0,0.0,0,0,0,0,0,0,0,0,0,0,0,0,0,0,0,0,0,0,0,0,0,0,0,0,0,0,0,0,0,0,0,0,0,31,40,40,71,65476,0,300,0,0,8,21553,0.0,-107605600.0,0.0,0.0,0.0,0.0,0.0,0.0,0.0,0.0,0.0,0.0,0.0,0.0,0.0,0.0,0.0,0.0,0.0,0.0,0.0,0.0,-2.004,0.0,0.0,0.0,0.0,0.0,0.0,0.0,4542.0,-0.0,6930.0,0.0,-107615352.0,-0.0,-0.0,0.0,0.0,0.0,0.0,69,-0.0,0.0,0.0,0.0,0.0,0.0,0.0,0.0,0.0,0,0,0,0.0,0.0,0.0,0.0,0.0,0.0,0.0,0.0,0.0,0.0,0.0,0.0,0.0,0.0,0.0,0.0,0,-107875648.0,69,0.0,138,0.0,0.0,0,13107,17085,26215,17098,39322,17078,0,0,0,70,68,100,0.0,82.2,2.730238278947072e+23,77.7,2.730238639235042e+23,78.5,1,49,50,180,39322,13107,0,0,0.0,0.0,0.0,0.0,-0.0,67.0,0.0,162057.094,0.0,968,0,991,0,0,0,946,0,1012,0,913,0,787,0,777,0,821,0,7520,0.032,1.5852670688344146e+19,0.0,0.0,784,16797,-0.0,162057.094,-114818.039,-0.0,0.133,6.909358625270745e+28,30.0,70.0,35,0.0,0.0,0.0,0.0,0.0,0.0,0.0,0.0,0.0,0.0,0.0,0.0,0.0,0.0,0.0,0.0,66.4,0,150,71,51,65476,0,300,0,0,8,20529,65476,0,0,44564,70.0,0.0,0.0,0.0,0.0,0.0
2026-09-10T21:52:31,ERR,ERR,ERR,ERR,ERR,ERR,ERR,ERR,ERR,ERR,ERR,ERR,ERR,ERR,ERR,ERR,ERR,ERR,ERR,ERR,ERR,ERR,ERR,ERR,ERR,ERR,ERR,ERR,ERR,ERR,ERR,ERR,ERR,ERR,ERR,ERR,ERR,ERR,ERR,ERR,ERR,ERR,ERR,ERR,ERR,ERR,ERR,ERR,ERR,ERR,ERR,ERR,ERR,ERR,ERR,ERR,ERR,ERR,ERR,ERR,ERR,ERR,ERR,ERR,ERR,ERR,ERR,ERR,ERR,ERR,ERR,ERR,ERR,ERR,ERR,ERR,ERR,ERR,ERR,ERR,ERR,ERR,ERR,ERR,ERR,ERR,ERR,ERR,ERR,ERR,ERR,ERR,ERR,ERR,ERR,ERR,ERR,ERR,ERR,ERR,ERR,ERR,ERR,ERR,ERR,ERR,ERR,ERR,ERR,ERR,ERR,ERR,ERR,ERR,ERR,ERR,ERR,ERR,ERR,ERR,ERR,ERR,ERR,ERR,ERR,0.0,-107615352.0,-0.0,0.0,0.0,1.3936040501711995e+18,7.805,0.0,0,0,4,0,7116,0.0,100,0.0,0.0,0.0,0.0,0.0,0,0,0,0,0.0,0,0,0,0,0,0,0,0,0,0,0,0,0,0,0,0,0,0,0,0,0,0,0,0,0,0,0,0,0,0,0,0,0,31,40,40,71,65476,0,300,0,0,8,21553,0.0,-107605600.0,0.0,0.0,0.0,0.0,0.0,0.0,0.0,0.0,0.0,0.0,0.0,0.0,0.0,0.0,0.0,0.0,0.0,0.0,0.0,0.0,-2.004,0.0,0.0,0.0,0.0,0.0,0.0,0.0,4541.0,-0.0,6930.0,0.0,-107615352.0,-0.0,-0.0,0.0,0.0,0.0,0.0,69,-0.0,0.059,0.0,0.0,0.0,0.0,0.0,0.0,0.0,0,0,0,0.0,0.0,0.0,0.0,0.0,0.0,0.0,0.0,0.0,0.0,0.0,0.0,0.0,0.0,0.0,0.0,0,-107875648.0,69,0.0,138,0.0,0.0,0,13107,17085,26215,17098,39322,17078,0,0,0,70,68,100,0.0,82.2,2.730238278947072e+23,77.7,2.730238639235042e+23,78.5,1,49,50,180,39322,13107,0,0,0.0,0.0,0.0,0.0,-0.0,67.0,0.0,162057.094,0.0,968,0,990,0,0,0,946,0,1012,0,913,0,787,0,777,0,821,0,7520,0.032,1.5780613094306218e+19,0.0,0.0,784,16797,-0.0,162057.094,-114818.039,-0.0,0.133,6.909358625270745e+28,30.0,70.0,35,0.0,0.0,0.0,0.0,0.0,0.0,0.0,0.0,0.0,0.0,0.0,0.0,0.0,0.0,0.0,0.0,66.4,0,150,71,51,65476,0,300,0,0,8,20529,65476,0,0,44564,70.0,0.0,0.0,0.0,0.0,0.0
2026-09-10T21:52:32,ERR,ERR,ERR,ERR,ERR,ERR,ERR,ERR,ERR,ERR,ERR,ERR,ERR,ERR,ERR,ERR,ERR,ERR,ERR,ERR,ERR,ERR,ERR,ERR,ERR,ERR,ERR,ERR,ERR,ERR,ERR,ERR,ERR,ERR,ERR,ERR,ERR,ERR,ERR,ERR,ERR,ERR,ERR,ERR,ERR,ERR,ERR,ERR,ERR,ERR,ERR,ERR,ERR,ERR,ERR,ERR,ERR,ERR,ERR,ERR,ERR,ERR,ERR,ERR,ERR,ERR,ERR,ERR,ERR,ERR,ERR,ERR,ERR,ERR,ERR,ERR,ERR,ERR,ERR,ERR,ERR,ERR,ERR,ERR,ERR,ERR,ERR,ERR,ERR,ERR,ERR,ERR,ERR,ERR,ERR,ERR,ERR,ERR,ERR,ERR,ERR,ERR,ERR,ERR,ERR,ERR,ERR,ERR,ERR,ERR,ERR,ERR,ERR,ERR,ERR,ERR,ERR,ERR,ERR,ERR,ERR,ERR,ERR,ERR,ERR,0.0,-107615352.0,-0.0,0.0,0.0,1.3936040501711995e+18,7.805,0.0,0,0,4,0,7116,0.0,100,0.0,0.0,0.0,0.0,0.0,0,0,0,0,0.0,0,0,0,0,0,0,0,0,0,0,0,0,0,0,0,0,0,0,0,0,0,0,0,0,0,0,0,0,0,0,0,0,0,31,40,40,71,65476,0,300,0,0,8,21553,0.0,-107605600.0,0.0,0.0,0.0,0.0,0.0,0.0,0.0,0.0,0.0,0.0,0.0,0.0,0.0,0.0,0.0,0.0,0.0,0.0,0.0,0.0,-2.004,0.0,0.0,0.0,0.0,0.0,0.0,0.0,4541.0,-0.0,6930.0,0.0,-107615352.0,-0.0,-0.0,0.0,0.0,0.0,0.0,69,-0.0,0.059,0.0,0.0,0.0,0.0,0.0,0.0,0.0,0,0,0,0.0,0.0,0.0,0.0,0.0,0.0,0.0,0.0,0.0,0.0,0.0,0.0,0.0,0.0,0.0,0.0,0,-107875648.0,69,0.0,138,0.0,0.0,0,13107,17085,26215,17098,39322,17078,0,0,0,70,68,100,0.0,82.2,2.730238278947072e+23,77.7,2.730238639235042e+23,78.5,1,49,50,180,39322,13107,0,0,0.0,0.0,0.0,0.0,-0.0,67.0,0.0,162057.094,0.0,968,0,990,0,0,0,946,0,1012,0,913,0,787,0,777,0,821,0,7520,0.032,1.5780613094306218e+19,0.0,0.0,784,16797,-0.0,162057.094,-114818.039,-0.0,0.133,6.909358625270745e+28,30.0,70.0,35,0.0,0.0,0.0,0.0,0.0,0.0,0.0,0.0,0.0,0.0,0.0,0.0,0.0,0.0,0.0,0.0,66.4,0,150,71,51,65476,0,300,0,0,8,20529,65476,0,0,44564,70.0,0.0,0.0,0.0,0.0,0.0
2026-09-10T21:52:33,ERR,ERR,ERR,ERR,ERR,ERR,ERR,ERR,ERR,ERR,ERR,ERR,ERR,ERR,ERR,ERR,ERR,ERR,ERR,ERR,ERR,ERR,ERR,ERR,ERR,ERR,ERR,ERR,ERR,ERR,ERR,ERR,ERR,ERR,ERR,ERR,ERR,ERR,ERR,ERR,ERR,ERR,ERR,ERR,ERR,ERR,ERR,ERR,ERR,ERR,ERR,ERR,ERR,ERR,ERR,ERR,ERR,ERR,ERR,ERR,ERR,ERR,ERR,ERR,ERR,ERR,ERR,ERR,ERR,ERR,ERR,ERR,ERR,ERR,ERR,ERR,ERR,ERR,ERR,ERR,ERR,ERR,ERR,ERR,ERR,ERR,ERR,ERR,ERR,ERR,ERR,ERR,ERR,ERR,ERR,ERR,ERR,ERR,ERR,ERR,ERR,ERR,ERR,ERR,ERR,ERR,ERR,ERR,ERR,ERR,ERR,ERR,ERR,ERR,ERR,ERR,ERR,ERR,ERR,ERR,ERR,ERR,ERR,ERR,ERR,0.0,-107615352.0,-0.0,0.0,0.0,1.3936040501711995e+18,7.805,0.0,0,0,4,0,7116,0.0,100,0.0,0.0,0.0,0.0,0.0,0,0,0,0,0.0,0,0,0,0,0,0,0,0,0,0,0,0,0,0,0,0,0,0,0,0,0,0,0,0,0,0,0,0,0,0,0,0,0,31,40,40,71,65476,0,300,0,0,8,21553,0.0,-107605600.0,0.0,0.0,0.0,0.0,0.0,0.0,0.0,0.0,0.0,0.0,0.0,0.0,0.0,0.0,0.0,0.0,0.0,0.0,0.0,0.0,-2.004,0.0,0.0,0.0,0.0,0.0,0.0,0.0,4541.0,-0.0,6930.0,0.0,-107615352.0,-0.0,-0.0,0.0,0.0,0.0,0.0,69,-0.0,0.059,0.0,0.0,0.0,0.0,0.0,0.0,0.0,0,0,0,0.0,0.0,0.0,0.0,0.0,0.0,0.0,0.0,0.0,0.0,0.0,0.0,0.0,0.0,0.0,0.0,0,-107875648.0,69,0.0,138,0.0,0.0,0,13107,17085,26215,17098,39322,17078,0,0,0,70,68,100,0.0,82.2,2.730238278947072e+23,77.7,2.730238639235042e+23,78.5,1,49,50,180,39322,13107,0,0,0.0,0.0,0.0,0.0,-0.0,67.0,0.0,162057.094,0.0,968,0,990,0,0,0,946,0,1012,0,913,0,787,0,777,0,821,0,7520,0.032,1.5780613094306218e+19,0.0,0.0,784,16797,-0.0,162057.094,-114818.039,-0.0,0.133,6.909358625270745e+28,30.0,70.0,35,0.0,0.0,0.0,0.0,0.0,0.0,0.0,0.0,0.0,0.0,0.0,0.0,0.0,0.0,0.0,0.0,66.4,0,150,71,51,65476,0,300,0,0,8,20529,65476,0,0,44564,70.0,0.0,0.0,0.0,0.0,0.0
2026-09-10T21:52:34,ERR,ERR,ERR,ERR,ERR,ERR,ERR,ERR,ERR,ERR,ERR,ERR,ERR,ERR,ERR,ERR,ERR,ERR,ERR,ERR,ERR,ERR,ERR,ERR,ERR,ERR,ERR,ERR,ERR,ERR,ERR,ERR,ERR,ERR,ERR,ERR,ERR,ERR,ERR,ERR,ERR,ERR,ERR,ERR,ERR,ERR,ERR,ERR,ERR,ERR,ERR,ERR,ERR,ERR,ERR,ERR,ERR,ERR,ERR,ERR,ERR,ERR,ERR,ERR,ERR,ERR,ERR,ERR,ERR,ERR,ERR,ERR,ERR,ERR,ERR,ERR,ERR,ERR,ERR,ERR,ERR,ERR,ERR,ERR,ERR,ERR,ERR,ERR,ERR,ERR,ERR,ERR,ERR,ERR,ERR,ERR,ERR,ERR,ERR,ERR,ERR,ERR,ERR,ERR,ERR,ERR,ERR,ERR,ERR,ERR,ERR,ERR,ERR,ERR,ERR,ERR,ERR,ERR,ERR,ERR,ERR,ERR,ERR,ERR,ERR,0.0,-107615352.0,-0.0,0.0,0.0,1.3936040501711995e+18,7.805,0.0,0,0,4,0,7116,0.0,100,0.0,0.0,0.0,0.0,0.0,0,0,0,0,0.0,0,0,0,0,0,0,0,0,0,0,0,0,0,0,0,0,0,0,0,0,0,0,0,0,0,0,0,0,0,0,0,0,0,31,40,40,71,65476,0,300,0,0,8,21553,0.0,-107605600.0,0.0,0.0,0.0,0.0,0.0,0.0,0.0,0.0,0.0,0.0,0.0,0.0,0.0,0.0,0.0,0.0,0.0,0.0,0.0,0.0,-2.004,0.0,0.0,0.0,0.0,0.0,0.0,0.0,4541.0,-0.0,6930.0,0.0,-107615352.0,-0.0,-0.0,0.0,0.0,0.0,0.0,69,-0.0,0.059,0.0,0.0,0.0,0.0,0.0,0.0,0.0,0,0,0,0.0,0.0,0.0,0.0,0.0,0.0,0.0,0.0,0.0,0.0,0.0,0.0,0.0,0.0,0.0,0.0,0,-107875648.0,69,0.0,138,0.0,0.0,0,13107,17085,26215,17098,39322,17078,0,0,0,70,68,100,0.0,82.2,2.730238278947072e+23,77.7,2.730238639235042e+23,78.5,1,49,50,180,39322,13107,0,0,0.0,0.0,0.0,0.0,-0.0,67.0,0.0,162057.094,0.0,968,0,990,0,0,0,946,0,1012,0,913,0,787,0,777,0,821,0,7520,0.032,1.5780613094306218e+19,0.0,0.0,784,16797,-0.0,162057.094,-114818.039,-0.0,0.133,6.909358625270745e+28,30.0,70.0,35,0.0,0.0,0.0,0.0,0.0,0.0,0.0,0.0,0.0,0.0,0.0,0.0,0.0,0.0,0.0,0.0,66.8,0,150,71,51,65476,0,300,0,0,8,20529,65476,0,0,44564,70.0,0.0,0.0,0.0,0.0,0.0
2026-09-10T21:52:35,ERR,ERR,ERR,ERR,ERR,ERR,ERR,ERR,ERR,ERR,ERR,ERR,ERR,ERR,ERR,ERR,ERR,ERR,ERR,ERR,ERR,ERR,ERR,ERR,ERR,ERR,ERR,ERR,ERR,ERR,ERR,ERR,ERR,ERR,ERR,ERR,ERR,ERR,ERR,ERR,ERR,ERR,ERR,ERR,ERR,ERR,ERR,ERR,ERR,ERR,ERR,ERR,ERR,ERR,ERR,ERR,ERR,ERR,ERR,ERR,ERR,ERR,ERR,ERR,ERR,ERR,ERR,ERR,ERR,ERR,ERR,ERR,ERR,ERR,ERR,ERR,ERR,ERR,ERR,ERR,ERR,ERR,ERR,ERR,ERR,ERR,ERR,ERR,ERR,ERR,ERR,ERR,ERR,ERR,ERR,ERR,ERR,ERR,ERR,ERR,ERR,ERR,ERR,ERR,ERR,ERR,ERR,ERR,ERR,ERR,ERR,ERR,ERR,ERR,ERR,ERR,ERR,ERR,ERR,ERR,ERR,ERR,ERR,ERR,ERR,0.0,-107615352.0,-0.0,0.0,0.0,1.3936040501711995e+18,7.805,0.0,0,0,4,0,7116,0.0,100,0.0,0.0,0.0,0.0,0.0,0,0,0,0,0.0,0,0,0,0,0,0,0,0,0,0,0,0,0,0,0,0,0,0,0,0,0,0,0,0,0,0,0,0,0,0,0,0,0,31,40,40,71,65476,0,300,0,0,8,21553,0.0,-107605600.0,0.0,0.0,0.0,0.0,0.0,0.0,0.0,0.0,0.0,0.0,0.0,0.0,0.0,0.0,0.0,0.0,0.0,0.0,0.0,0.0,-2.004,0.0,0.0,0.0,0.0,0.0,0.0,0.0,4541.0,-0.0,6930.0,0.0,-107615352.0,-0.0,-0.0,0.0,0.0,0.0,0.0,69,-0.0,0.059,0.0,0.0,0.0,0.0,0.0,0.0,0.0,0,0,0,0.0,0.0,0.0,0.0,0.0,0.0,0.0,0.0,0.0,0.0,0.0,0.0,0.0,0.0,0.0,0.0,0,-107875648.0,69,0.0,138,0.0,0.0,0,13107,17085,26215,17098,39322,17078,0,0,0,70,68,100,0.0,82.2,2.730238278947072e+23,77.7,2.730238639235042e+23,78.5,1,49,50,180,39322,13107,0,0,0.0,0.0,0.0,0.0,-0.0,67.0,0.0,162057.094,0.0,968,0,990,0,0,0,946,0,1012,0,913,0,787,0,777,0,821,0,7520,0.032,1.5780613094306218e+19,0.0,0.0,784,16797,-0.0,162057.094,-114818.039,-0.0,0.133,6.909358625270745e+28,30.0,70.0,35,0.0,0.0,0.0,0.0,0.0,0.0,0.0,0.0,0.0,0.0,0.0,0.0,0.0,0.0,0.0,0.0,66.8,0,150,71,51,65476,0,300,0,0,8,20529,65476,0,0,44564,70.0,0.0,0.0,0.0,0.0,0.0
2026-09-10T21:52:36,ERR,ERR,ERR,ERR,ERR,ERR,ERR,ERR,ERR,ERR,ERR,ERR,ERR,ERR,ERR,ERR,ERR,ERR,ERR,ERR,ERR,ERR,ERR,ERR,ERR,ERR,ERR,ERR,ERR,ERR,ERR,ERR,ERR,ERR,ERR,ERR,ERR,ERR,ERR,ERR,ERR,ERR,ERR,ERR,ERR,ERR,ERR,ERR,ERR,ERR,ERR,ERR,ERR,ERR,ERR,ERR,ERR,ERR,ERR,ERR,ERR,ERR,ERR,ERR,ERR,ERR,ERR,ERR,ERR,ERR,ERR,ERR,ERR,ERR,ERR,ERR,ERR,ERR,ERR,ERR,ERR,ERR,ERR,ERR,ERR,ERR,ERR,ERR,ERR,ERR,ERR,ERR,ERR,ERR,ERR,ERR,ERR,ERR,ERR,ERR,ERR,ERR,ERR,ERR,ERR,ERR,ERR,ERR,ERR,ERR,ERR,ERR,ERR,ERR,ERR,ERR,ERR,ERR,ERR,ERR,ERR,ERR,ERR,ERR,ERR,0.0,-107615352.0,-0.0,0.0,0.0,1.3936040501711995e+18,7.805,0.0,0,0,4,0,7116,0.0,100,0.0,0.0,0.0,0.0,0.0,0,0,0,0,0.0,0,0,0,0,0,0,0,0,0,0,0,0,0,0,0,0,0,0,0,0,0,0,0,0,0,0,0,0,0,0,0,0,0,31,40,40,71,65476,0,300,0,0,8,21553,0.0,-107605600.0,0.0,0.0,0.0,0.0,0.0,0.0,0.0,0.0,0.0,0.0,0.0,0.0,0.0,0.0,0.0,0.0,0.0,0.0,0.0,0.0,-2.004,0.0,0.0,0.0,0.0,0.0,0.0,0.0,4541.0,-0.0,6930.0,0.0,-107615352.0,-0.0,-0.0,0.0,0.0,0.0,0.0,69,-0.0,0.059,0.0,0.0,0.0,0.0,0.0,0.0,0.0,0,0,0,0.0,0.0,0.0,0.0,0.0,0.0,0.0,0.0,0.0,0.0,0.0,0.0,0.0,0.0,0.0,0.0,0,-107875648.0,69,0.0,138,0.0,0.0,0,13107,17085,26215,17098,39322,17078,0,0,0,70,68,100,0.0,82.2,2.730238278947072e+23,77.7,2.730238639235042e+23,78.5,1,49,50,180,39322,13107,0,0,0.0,0.0,0.0,0.0,-0.0,67.0,0.0,162057.094,0.0,968,0,990,0,0,0,946,0,1012,0,913,0,787,0,777,0,821,0,7520,0.032,1.5780613094306218e+19,0.0,0.0,784,16797,-0.0,162057.094,-114818.039,-0.0,0.133,6.909358625270745e+28,30.0,70.0,35,0.0,0.0,0.0,0.0,0.0,0.0,0.0,0.0,0.0,0.0,0.0,0.0,0.0,0.0,0.0,0.0,66.8,0,150,71,51,65476,0,300,0,0,8,20529,65476,0,0,44564,70.0,0.0,0.0,0.0,0.0,0.0
2026-09-10T21:52:37,ERR,ERR,ERR,ERR,ERR,ERR,ERR,ERR,ERR,ERR,ERR,ERR,ERR,ERR,ERR,ERR,ERR,ERR,ERR,ERR,ERR,ERR,ERR,ERR,ERR,ERR,ERR,ERR,ERR,ERR,ERR,ERR,ERR,ERR,ERR,ERR,ERR,ERR,ERR,ERR,ERR,ERR,ERR,ERR,ERR,ERR,ERR,ERR,ERR,ERR,ERR,ERR,ERR,ERR,ERR,ERR,ERR,ERR,ERR,ERR,ERR,ERR,ERR,ERR,ERR,ERR,ERR,ERR,ERR,ERR,ERR,ERR,ERR,ERR,ERR,ERR,ERR,ERR,ERR,ERR,ERR,ERR,ERR,ERR,ERR,ERR,ERR,ERR,ERR,ERR,ERR,ERR,ERR,ERR,ERR,ERR,ERR,ERR,ERR,ERR,ERR,ERR,ERR,ERR,ERR,ERR,ERR,ERR,ERR,ERR,ERR,ERR,ERR,ERR,ERR,ERR,ERR,ERR,ERR,ERR,ERR,ERR,ERR,ERR,ERR,0.0,-107615352.0,-0.0,0.0,0.0,1.3936040501711995e+18,7.805,0.0,0,0,4,0,7116,0.0,100,0.0,0.0,0.0,0.0,0.0,0,0,0,0,0.0,0,0,0,0,0,0,0,0,0,0,0,0,0,0,0,0,0,0,0,0,0,0,0,0,0,0,0,0,0,0,0,0,0,31,40,40,71,65476,0,300,0,0,8,21553,0.0,-107605600.0,0.0,0.0,0.0,0.0,0.0,0.0,0.0,0.0,0.0,0.0,0.0,0.0,0.0,0.0,0.0,0.0,0.0,0.0,0.0,0.0,-2.004,0.0,0.0,0.0,0.0,0.0,0.0,0.0,4541.0,-0.0,6930.0,0.0,-107615352.0,-0.0,-0.0,0.0,0.0,0.0,0.0,69,-0.0,0.059,0.0,0.0,0.0,0.0,0.0,0.0,0.0,0,0,0,0.0,0.0,0.0,0.0,0.0,0.0,0.0,0.0,0.0,0.0,0.0,0.0,0.0,0.0,0.0,0.0,0,-107875648.0,69,0.0,138,0.0,0.0,0,13107,17085,26215,17098,39322,17078,0,0,0,70,68,100,0.0,82.2,2.730238278947072e+23,77.7,2.730238639235042e+23,78.5,1,49,50,180,39322,13107,0,0,0.0,0.0,0.0,0.0,-0.0,67.0,0.0,162057.094,0.0,968,0,990,0,0,0,946,0,1012,0,913,0,787,0,777,0,821,0,7520,0.032,1.5852670688344146e+19,0.0,0.0,784,16797,-0.0,162057.094,-114818.039,-0.0,0.133,6.909358625270745e+28,30.0,70.0,35,0.0,0.0,0.0,0.0,0.0,0.0,0.0,0.0,0.0,0.0,0.0,0.0,0.0,0.0,0.0,0.0,66.4,0,150,71,51,65476,0,300,0,0,8,20529,65476,0,0,44564,70.0,0.0,0.0,0.0,0.0,0.0
2026-09-10T21:52:38,ERR,ERR,ERR,ERR,ERR,ERR,ERR,ERR,ERR,ERR,ERR,ERR,ERR,ERR,ERR,ERR,ERR,ERR,ERR,ERR,ERR,ERR,ERR,ERR,ERR,ERR,ERR,ERR,ERR,ERR,ERR,ERR,ERR,ERR,ERR,ERR,ERR,ERR,ERR,ERR,ERR,ERR,ERR,ERR,ERR,ERR,ERR,ERR,ERR,ERR,ERR,ERR,ERR,ERR,ERR,ERR,ERR,ERR,ERR,ERR,ERR,ERR,ERR,ERR,ERR,ERR,ERR,ERR,ERR,ERR,ERR,ERR,ERR,ERR,ERR,ERR,ERR,ERR,ERR,ERR,ERR,ERR,ERR,ERR,ERR,ERR,ERR,ERR,ERR,ERR,ERR,ERR,ERR,ERR,ERR,ERR,ERR,ERR,ERR,ERR,ERR,ERR,ERR,ERR,ERR,ERR,ERR,ERR,ERR,ERR,ERR,ERR,ERR,ERR,ERR,ERR,ERR,ERR,ERR,ERR,ERR,ERR,ERR,ERR,ERR,0.0,-107615352.0,-0.0,0.0,0.0,1.3936040501711995e+18,7.805,0.0,0,0,4,0,7116,0.0,100,0.0,0.0,0.0,0.0,0.0,0,0,0,0,0.0,0,0,0,0,0,0,0,0,0,0,0,0,0,0,0,0,0,0,0,0,0,0,0,0,0,0,0,0,0,0,0,0,0,31,40,40,71,65476,0,300,0,0,8,21553,0.0,-107605600.0,0.0,0.0,0.0,0.0,0.0,0.0,0.0,0.0,0.0,0.0,0.0,0.0,0.0,0.0,0.0,0.0,0.0,0.0,0.0,0.0,-2.004,0.0,0.0,0.0,0.0,0.0,0.0,0.0,4541.0,-0.0,6930.0,0.0,-107615352.0,-0.0,-0.0,0.0,0.0,0.0,0.0,69,-0.0,0.059,0.0,0.0,0.0,0.0,0.0,0.0,0.0,0,0,0,0.0,0.0,0.0,0.0,0.0,0.0,0.0,0.0,0.0,0.0,0.0,0.0,0.0,0.0,0.0,0.0,0,-107875648.0,69,0.0,138,0.0,0.0,0,13107,17085,26215,17098,39322,17078,0,0,0,70,68,100,0.0,82.2,2.730238278947072e+23,77.7,2.730238639235042e+23,78.5,1,49,50,180,39322,13107,0,0,0.0,0.0,0.0,0.0,-0.0,67.0,0.0,162057.094,0.0,968,0,990,0,0,0,946,0,1012,0,913,0,787,0,777,0,821,0,7520,0.032,1.5852670688344146e+19,0.0,0.0,784,16797,-0.0,162057.094,-114818.039,-0.0,0.133,6.909358625270745e+28,30.0,70.0,35,0.0,0.0,0.0,0.0,0.0,0.0,0.0,0.0,0.0,0.0,0.0,0.0,0.0,0.0,0.0,0.0,66.4,0,150,71,51,65476,0,300,0,0,8,20529,65476,0,0,44564,70.0,0.0,0.0,0.0,0.0,0.0
2026-09-10T21:52:39,ERR,ERR,ERR,ERR,ERR,ERR,ERR,ERR,ERR,ERR,ERR,ERR,ERR,ERR,ERR,ERR,ERR,ERR,ERR,ERR,ERR,ERR,ERR,ERR,ERR,ERR,ERR,ERR,ERR,ERR,ERR,ERR,ERR,ERR,ERR,ERR,ERR,ERR,ERR,ERR,ERR,ERR,ERR,ERR,ERR,ERR,ERR,ERR,ERR,ERR,ERR,ERR,ERR,ERR,ERR,ERR,ERR,ERR,ERR,ERR,ERR,ERR,ERR,ERR,ERR,ERR,ERR,ERR,ERR,ERR,ERR,ERR,ERR,ERR,ERR,ERR,ERR,ERR,ERR,ERR,ERR,ERR,ERR,ERR,ERR,ERR,ERR,ERR,ERR,ERR,ERR,ERR,ERR,ERR,ERR,ERR,ERR,ERR,ERR,ERR,ERR,ERR,ERR,ERR,ERR,ERR,ERR,ERR,ERR,ERR,ERR,ERR,ERR,ERR,ERR,ERR,ERR,ERR,ERR,ERR,ERR,ERR,ERR,ERR,ERR,0.0,-107615352.0,-0.0,0.0,0.0,1.3936040501711995e+18,7.805,0.0,0,0,4,0,7116,0.0,100,0.0,0.0,0.0,0.0,0.0,0,0,0,0,0.0,0,0,0,0,0,0,0,0,0,0,0,0,0,0,0,0,0,0,0,0,0,0,0,0,0,0,0,0,0,0,0,0,0,31,40,40,71,65476,0,300,0,0,8,21553,0.0,-107605600.0,0.0,0.0,0.0,0.0,0.0,0.0,0.0,0.0,0.0,0.0,0.0,0.0,0.0,0.0,0.0,0.0,0.0,0.0,0.0,0.0,-2.004,-2.004,2.004,0.0,0.0,0.0,0.0,0.0,4538.0,1.5879265196943865e+29,6926.0,0.0,0.0,0.0,-0.0,0.0,0.0,0.0,0.0,69,4.0668816144241325e+29,0.0,0.0,0.0,0.0,0.0,0.0,0.0,0.0,0,0,0,0.0,0.0,0.0,0.0,0.0,0.0,0.0,0.0,0.0,0.0,0.0,0.0,0.0,0.0,0.0,0.0,0,-107875648.0,69,0.0,138,0.0,0.0,0,13107,17085,26215,17098,39322,17078,0,0,0,70,68,100,0.0,82.2,2.730238278947072e+23,77.7,2.730238639235042e+23,78.5,1,49,50,180,39322,13107,0,0,0.0,0.0,0.0,0.0,-0.0,67.0,0.0,162057.094,0.0,968,0,990,0,0,0,946,0,1012,0,913,0,787,0,777,0,821,0,7520,0.032,1.5852670688344146e+19,0.0,0.0,784,16797,-0.0,162057.094,-114818.039,-0.0,0.133,6.909358625270745e+28,30.0,70.0,35,0.0,0.0,0.0,0.0,0.0,0.0,0.0,0.0,0.0,0.0,0.0,0.0,0.0,0.0,0.0,0.0,66.8,0,150,71,51,65476,0,300,0,0,8,20529,65476,0,0,44564,70.0,0.0,0.0,0.0,0.0,0.0
2026-09-10T21:52:40,ERR,ERR,ERR,ERR,ERR,ERR,ERR,ERR,ERR,ERR,ERR,ERR,ERR,ERR,ERR,ERR,ERR,ERR,ERR,ERR,ERR,ERR,ERR,ERR,ERR,ERR,ERR,ERR,ERR,ERR,ERR,ERR,ERR,ERR,ERR,ERR,ERR,ERR,ERR,ERR,ERR,ERR,ERR,ERR,ERR,ERR,ERR,ERR,ERR,ERR,ERR,ERR,ERR,ERR,ERR,ERR,ERR,ERR,ERR,ERR,ERR,ERR,ERR,ERR,ERR,ERR,ERR,ERR,ERR,ERR,ERR,ERR,ERR,ERR,ERR,ERR,ERR,ERR,ERR,ERR,ERR,ERR,ERR,ERR,ERR,ERR,ERR,ERR,ERR,ERR,ERR,ERR,ERR,ERR,ERR,ERR,ERR,ERR,ERR,ERR,ERR,ERR,ERR,ERR,ERR,ERR,ERR,ERR,ERR,ERR,ERR,ERR,ERR,ERR,ERR,ERR,ERR,ERR,ERR,ERR,ERR,ERR,ERR,ERR,ERR,0.0,-107615352.0,-0.0,0.0,0.0,1.3936040501711995e+18,7.805,0.0,0,0,4,0,7116,0.0,100,0.0,0.0,0.0,0.0,0.0,0,0,0,0,0.0,0,0,0,0,0,0,0,0,0,0,0,0,0,0,0,0,0,0,0,0,0,0,0,0,0,0,0,0,0,0,0,0,0,31,40,40,71,65476,0,300,0,0,8,21553,0.0,-107605600.0,0.0,0.0,0.0,0.0,0.0,0.0,0.0,0.0,0.0,0.0,0.0,0.0,0.0,0.0,0.0,0.0,0.0,0.0,0.0,0.0,-2.004,-2.004,2.004,0.0,0.0,0.0,0.0,0.0,4538.0,1.5879265196943865e+29,6926.0,0.0,0.0,0.0,-0.0,0.0,0.0,0.0,0.0,69,4.0668816144241325e+29,0.0,0.0,0.0,0.0,0.0,0.0,0.0,0.0,0,0,0,0.0,0.0,0.0,0.0,0.0,0.0,0.0,0.0,0.0,0.0,0.0,0.0,0.0,0.0,0.0,0.0,0,-107875648.0,69,0.0,138,0.0,0.0,0,13107,17085,26215,17098,39322,17078,0,0,0,70,68,100,0.0,82.2,2.730238278947072e+23,77.7,2.730238639235042e+23,78.5,1,49,50,180,39322,13107,0,0,0.0,0.0,0.0,0.0,-0.0,67.0,0.0,162057.094,0.0,968,0,990,0,0,0,946,0,1012,0,913,0,787,0,777,0,821,0,7520,0.032,1.5852670688344146e+19,0.0,0.0,784,16797,-0.0,162057.094,-114818.039,-0.0,0.133,6.909358625270745e+28,30.0,70.0,35,0.0,0.0,0.0,0.0,0.0,0.0,0.0,0.0,0.0,0.0,0.0,0.0,0.0,0.0,0.0,0.0,66.8,0,150,71,51,65476,0,300,0,0,8,20529,65476,0,0,44564,70.0,0.0,0.0,0.0,0.0,0.0
2026-09-10T21:52:41,ERR,ERR,ERR,ERR,ERR,ERR,ERR,ERR,ERR,ERR,ERR,ERR,ERR,ERR,ERR,ERR,ERR,ERR,ERR,ERR,ERR,ERR,ERR,ERR,ERR,ERR,ERR,ERR,ERR,ERR,ERR,ERR,ERR,ERR,ERR,ERR,ERR,ERR,ERR,ERR,ERR,ERR,ERR,ERR,ERR,ERR,ERR,ERR,ERR,ERR,ERR,ERR,ERR,ERR,ERR,ERR,ERR,ERR,ERR,ERR,ERR,ERR,ERR,ERR,ERR,ERR,ERR,ERR,ERR,ERR,ERR,ERR,ERR,ERR,ERR,ERR,ERR,ERR,ERR,ERR,ERR,ERR,ERR,ERR,ERR,ERR,ERR,ERR,ERR,ERR,ERR,ERR,ERR,ERR,ERR,ERR,ERR,ERR,ERR,ERR,ERR,ERR,ERR,ERR,ERR,ERR,ERR,ERR,ERR,ERR,ERR,ERR,ERR,ERR,ERR,ERR,ERR,ERR,ERR,ERR,ERR,ERR,ERR,ERR,ERR,0.0,-107615352.0,-0.0,0.0,0.0,1.3936040501711995e+18,7.805,0.0,0,0,4,0,7116,0.0,100,0.0,0.0,0.0,0.0,0.0,0,0,0,0,0.0,0,0,0,0,0,0,0,0,0,0,0,0,0,0,0,0,0,0,0,0,0,0,0,0,0,0,0,0,0,0,0,0,0,31,40,40,71,65476,0,300,0,0,8,21553,0.0,-107605600.0,0.0,0.0,0.0,0.0,0.0,0.0,0.0,0.0,0.0,0.0,0.0,0.0,0.0,0.0,0.0,0.0,0.0,0.0,0.0,0.0,-2.004,-2.004,2.004,0.0,0.0,0.0,0.0,0.0,4538.0,1.5879265196943865e+29,6926.0,0.0,0.0,0.0,-0.0,0.0,0.0,0.0,0.0,69,4.0668816144241325e+29,0.0,0.0,0.0,0.0,0.0,0.0,0.0,0.0,0,0,0,0.0,0.0,0.0,0.0,0.0,0.0,0.0,0.0,0.0,0.0,0.0,0.0,0.0,0.0,0.0,0.0,0,-107875648.0,69,0.0,138,0.0,0.0,0,13107,17085,26215,17098,39322,17078,0,0,0,70,68,100,0.0,82.2,2.730238278947072e+23,77.7,2.730238639235042e+23,78.5,1,49,50,180,39322,13107,0,0,0.0,0.0,0.0,0.0,-0.0,67.0,0.0,162057.094,0.0,968,0,990,0,0,0,946,0,1012,0,913,0,787,0,777,0,821,0,7520,0.032,1.5852670688344146e+19,0.0,0.0,784,16797,-0.0,162057.094,-114818.039,-0.0,0.133,6.909358625270745e+28,30.0,70.0,35,0.0,0.0,0.0,0.0,0.0,0.0,0.0,0.0,0.0,0.0,0.0,0.0,0.0,0.0,0.0,0.0,66.8,0,150,71,51,65476,0,300,0,0,8,20529,65476,0,0,44564,70.0,0.0,0.0,0.0,0.0,0.0
2026-09-10T21:52:42,ERR,ERR,ERR,ERR,ERR,ERR,ERR,ERR,ERR,ERR,ERR,ERR,ERR,ERR,ERR,ERR,ERR,ERR,ERR,ERR,ERR,ERR,ERR,ERR,ERR,ERR,ERR,ERR,ERR,ERR,ERR,ERR,ERR,ERR,ERR,ERR,ERR,ERR,ERR,ERR,ERR,ERR,ERR,ERR,ERR,ERR,ERR,ERR,ERR,ERR,ERR,ERR,ERR,ERR,ERR,ERR,ERR,ERR,ERR,ERR,ERR,ERR,ERR,ERR,ERR,ERR,ERR,ERR,ERR,ERR,ERR,ERR,ERR,ERR,ERR,ERR,ERR,ERR,ERR,ERR,ERR,ERR,ERR,ERR,ERR,ERR,ERR,ERR,ERR,ERR,ERR,ERR,ERR,ERR,ERR,ERR,ERR,ERR,ERR,ERR,ERR,ERR,ERR,ERR,ERR,ERR,ERR,ERR,ERR,ERR,ERR,ERR,ERR,ERR,ERR,ERR,ERR,ERR,ERR,ERR,ERR,ERR,ERR,ERR,ERR,0.0,-107615352.0,-0.0,0.0,0.0,1.3936040501711995e+18,7.805,0.0,0,0,4,0,7116,0.0,100,0.0,0.0,0.0,0.0,0.0,0,0,0,0,0.0,0,0,0,0,0,0,0,0,0,0,0,0,0,0,0,0,0,0,0,0,0,0,0,0,0,0,0,0,0,0,0,0,0,31,40,40,71,65476,0,300,0,0,8,21553,0.0,-107605600.0,0.0,0.0,0.0,0.0,0.0,0.0,0.0,0.0,0.0,0.0,0.0,0.0,0.0,0.0,0.0,0.0,0.0,0.0,0.0,0.0,-2.004,-2.004,2.004,0.0,0.0,0.0,0.0,0.0,4538.0,1.5879265196943865e+29,6926.0,0.0,0.0,0.0,-0.0,0.0,0.0,0.0,0.0,69,4.0668816144241325e+29,0.0,0.0,0.0,0.0,0.0,0.0,0.0,0.0,0,0,0,0.0,0.0,0.0,0.0,0.0,0.0,0.0,0.0,0.0,0.0,0.0,0.0,0.0,0.0,0.0,0.0,0,-107875648.0,69,0.0,138,0.0,0.0,0,13107,17085,13107,17098,39322,17078,0,0,0,70,68,100,0.0,82.2,2.730238278947072e+23,77.7,2.730238639235042e+23,78.5,1,49,50,180,39322,0,0,0,0.0,0.0,0.0,0.0,-0.0,67.0,0.0,162057.094,0.0,968,0,990,0,0,0,946,0,1012,0,912,0,787,0,777,0,821,0,7520,0.032,1.5852670688344146e+19,0.0,0.0,784,16797,-0.0,162057.094,-114818.039,-0.0,0.133,6.909358625270745e+28,30.0,70.0,35,0.0,0.0,0.0,0.0,0.0,0.0,0.0,0.0,0.0,0.0,0.0,0.0,0.0,0.0,0.0,0.0,66.8,0,150,71,51,65476,0,300,0,0,8,20529,65476,0,0,44564,70.0,0.0,0.0,0.0,0.0,0.0
2026-09-10T21:52:43,ERR,ERR,ERR,ERR,ERR,ERR,ERR,ERR,ERR,ERR,ERR,ERR,ERR,ERR,ERR,ERR,ERR,ERR,ERR,ERR,ERR,ERR,ERR,ERR,ERR,ERR,ERR,ERR,ERR,ERR,ERR,ERR,ERR,ERR,ERR,ERR,ERR,ERR,ERR,ERR,ERR,ERR,ERR,ERR,ERR,ERR,ERR,ERR,ERR,ERR,ERR,ERR,ERR,ERR,ERR,ERR,ERR,ERR,ERR,ERR,ERR,ERR,ERR,ERR,ERR,ERR,ERR,ERR,ERR,ERR,ERR,ERR,ERR,ERR,ERR,ERR,ERR,ERR,ERR,ERR,ERR,ERR,ERR,ERR,ERR,ERR,ERR,ERR,ERR,ERR,ERR,ERR,ERR,ERR,ERR,ERR,ERR,ERR,ERR,ERR,ERR,ERR,ERR,ERR,ERR,ERR,ERR,ERR,ERR,ERR,ERR,ERR,ERR,ERR,ERR,ERR,ERR,ERR,ERR,ERR,ERR,ERR,ERR,ERR,ERR,0.0,-107615352.0,-0.0,0.0,0.0,1.3936040501711995e+18,7.805,0.0,0,0,4,0,7116,0.0,100,0.0,0.0,0.0,0.0,0.0,0,0,0,0,0.0,0,0,0,0,0,0,0,0,0,0,0,0,0,0,0,0,0,0,0,0,0,0,0,0,0,0,0,0,0,0,0,0,0,31,40,40,71,65476,0,300,0,0,8,21553,0.0,-107605600.0,0.0,0.0,0.0,0.0,0.0,0.0,0.0,0.0,0.0,0.0,0.0,0.0,0.0,0.0,0.0,0.0,0.0,0.0,0.0,0.0,-2.004,-2.004,2.004,0.0,0.0,0.0,0.0,0.0,4538.0,1.5879265196943865e+29,6926.0,0.0,0.0,0.0,-0.0,0.0,0.0,0.0,0.0,69,4.0668816144241325e+29,0.0,0.0,0.0,0.0,0.0,0.0,0.0,0.0,0,0,0,0.0,0.0,0.0,0.0,0.0,0.0,0.0,0.0,0.0,0.0,0.0,0.0,0.0,0.0,0.0,0.0,0,-107875648.0,69,0.0,138,0.0,0.0,0,13107,17085,13107,17098,39322,17078,0,0,0,70,68,100,0.0,82.2,2.730238278947072e+23,77.7,2.730238639235042e+23,78.5,1,49,50,180,39322,0,0,0,0.0,0.0,0.0,0.0,-0.0,67.0,0.0,162057.094,0.0,968,0,990,0,0,0,946,0,1012,0,912,0,787,0,777,0,821,0,7520,0.032,1.5852670688344146e+19,0.0,0.0,784,16797,-0.0,162057.094,-114818.039,-0.0,0.133,6.909358625270745e+28,30.0,70.0,35,0.0,0.0,0.0,0.0,0.0,0.0,0.0,0.0,0.0,0.0,0.0,0.0,0.0,0.0,0.0,0.0,66.8,0,150,71,51,65476,0,300,0,0,8,20529,65476,0,0,44564,70.0,0.0,0.0,0.0,0.0,0.0
2026-09-10T21:52:44,ERR,ERR,ERR,ERR,ERR,ERR,ERR,ERR,ERR,ERR,ERR,ERR,ERR,ERR,ERR,ERR,ERR,ERR,ERR,ERR,ERR,ERR,ERR,ERR,ERR,ERR,ERR,ERR,ERR,ERR,ERR,ERR,ERR,ERR,ERR,ERR,ERR,ERR,ERR,ERR,ERR,ERR,ERR,ERR,ERR,ERR,ERR,ERR,ERR,ERR,ERR,ERR,ERR,ERR,ERR,ERR,ERR,ERR,ERR,ERR,ERR,ERR,ERR,ERR,ERR,ERR,ERR,ERR,ERR,ERR,ERR,ERR,ERR,ERR,ERR,ERR,ERR,ERR,ERR,ERR,ERR,ERR,ERR,ERR,ERR,ERR,ERR,ERR,ERR,ERR,ERR,ERR,ERR,ERR,ERR,ERR,ERR,ERR,ERR,ERR,ERR,ERR,ERR,ERR,ERR,ERR,ERR,ERR,ERR,ERR,ERR,ERR,ERR,ERR,ERR,ERR,ERR,ERR,ERR,ERR,ERR,ERR,ERR,ERR,ERR,0.0,-107615352.0,-0.0,0.0,0.0,1.3936040501711995e+18,7.805,0.0,0,0,4,0,7116,0.0,100,0.0,0.0,0.0,0.0,0.0,0,0,0,0,0.0,0,0,0,0,0,0,0,0,0,0,0,0,0,0,0,0,0,0,0,0,0,0,0,0,0,0,0,0,0,0,0,0,0,31,40,40,71,65476,0,300,0,0,8,21553,0.0,-107605600.0,0.0,0.0,0.0,0.0,0.0,0.0,0.0,0.0,0.0,0.0,0.0,0.0,0.0,0.0,0.0,0.0,0.0,0.0,0.0,0.0,-2.004,-2.004,2.004,0.0,0.0,0.0,0.0,0.0,4538.0,1.5879265196943865e+29,6926.0,0.0,0.0,0.0,-0.0,0.0,0.0,0.0,0.0,69,4.0668816144241325e+29,0.0,0.0,0.0,0.0,0.0,0.0,0.0,0.0,0,0,0,0.0,0.0,0.0,0.0,0.0,0.0,0.0,0.0,0.0,0.0,0.0,0.0,0.0,0.0,0.0,0.0,0,-107875648.0,69,0.0,138,0.0,0.0,0,13107,17085,13107,17098,39322,17078,0,0,0,70,68,100,0.0,82.2,2.730238278947072e+23,77.7,2.730238639235042e+23,78.5,1,49,50,180,39322,0,0,0,0.0,0.0,0.0,0.0,-0.0,67.0,0.0,162057.094,0.0,968,0,990,0,0,0,946,0,1012,0,912,0,787,0,777,0,821,0,7520,0.032,1.5852670688344146e+19,0.0,0.0,784,16797,-0.0,162057.094,-114818.039,-0.0,0.133,6.909358625270745e+28,30.0,70.0,35,0.0,0.0,0.0,0.0,0.0,0.0,0.0,0.0,0.0,0.0,0.0,0.0,0.0,0.0,0.0,0.0,66.8,0,150,71,51,65476,0,300,0,0,8,20529,65476,0,0,44564,70.0,0.0,0.0,0.0,0.0,0.0
2026-09-10T21:52:45,ERR,ERR,ERR,ERR,ERR,ERR,ERR,ERR,ERR,ERR,ERR,ERR,ERR,ERR,ERR,ERR,ERR,ERR,ERR,ERR,ERR,ERR,ERR,ERR,ERR,ERR,ERR,ERR,ERR,ERR,ERR,ERR,ERR,ERR,ERR,ERR,ERR,ERR,ERR,ERR,ERR,ERR,ERR,ERR,ERR,ERR,ERR,ERR,ERR,ERR,ERR,ERR,ERR,ERR,ERR,ERR,ERR,ERR,ERR,ERR,ERR,ERR,ERR,ERR,ERR,ERR,ERR,ERR,ERR,ERR,ERR,ERR,ERR,ERR,ERR,ERR,ERR,ERR,ERR,ERR,ERR,ERR,ERR,ERR,ERR,ERR,ERR,ERR,ERR,ERR,ERR,ERR,ERR,ERR,ERR,ERR,ERR,ERR,ERR,ERR,ERR,ERR,ERR,ERR,ERR,ERR,ERR,ERR,ERR,ERR,ERR,ERR,ERR,ERR,ERR,ERR,ERR,ERR,ERR,ERR,ERR,ERR,ERR,ERR,ERR,0.0,-107615352.0,-0.0,0.0,0.0,1.3936040501711995e+18,7.805,0.0,0,0,4,0,7116,0.0,100,0.0,0.0,0.0,0.0,0.0,0,0,0,0,0.0,0,0,0,0,0,0,0,0,0,0,0,0,0,0,0,0,0,0,0,0,0,0,0,0,0,0,0,0,0,0,0,0,0,31,40,40,71,65476,0,300,0,0,8,21553,0.0,-107605600.0,0.0,0.0,0.0,0.0,0.0,0.0,0.0,0.0,0.0,0.0,0.0,0.0,0.0,0.0,0.0,0.0,0.0,0.0,0.0,0.0,-2.004,-2.004,2.004,0.0,0.0,0.0,0.0,0.0,4538.0,1.5879265196943865e+29,6926.0,0.0,0.0,0.0,-0.0,0.0,0.0,0.0,0.0,69,4.0668816144241325e+29,0.0,0.0,0.0,0.0,0.0,0.0,0.0,0.0,0,0,0,0.0,0.0,0.0,0.0,0.0,0.0,0.0,0.0,0.0,0.0,0.0,0.0,0.0,0.0,0.0,0.0,0,-107875648.0,69,0.0,138,0.0,0.0,0,13107,17085,13107,17098,39322,17078,0,0,0,70,68,100,0.0,82.2,2.730238278947072e+23,77.7,2.730238639235042e+23,78.5,1,49,50,180,39322,0,0,0,0.0,0.0,0.0,0.0,-0.0,67.0,0.0,162057.094,0.0,968,0,990,0,0,0,946,0,1012,0,912,0,787,0,777,0,821,0,7520,0.032,1.5852670688344146e+19,0.0,0.0,784,16797,-0.0,162057.094,-114818.039,-0.0,0.133,6.909358625270745e+28,30.0,70.0,35,0.0,0.0,0.0,0.0,0.0,0.0,0.0,0.0,0.0,0.0,0.0,0.0,0.0,0.0,0.0,0.0,66.4,0,150,71,51,65476,0,300,0,0,8,20529,65476,0,0,44564,70.0,0.0,0.0,0.0,0.0,0.0
2026-09-10T21:52:46,ERR,ERR,ERR,ERR,ERR,ERR,ERR,ERR,ERR,ERR,ERR,ERR,ERR,ERR,ERR,ERR,ERR,ERR,ERR,ERR,ERR,ERR,ERR,ERR,ERR,ERR,ERR,ERR,ERR,ERR,ERR,ERR,ERR,ERR,ERR,ERR,ERR,ERR,ERR,ERR,ERR,ERR,ERR,ERR,ERR,ERR,ERR,ERR,ERR,ERR,ERR,ERR,ERR,ERR,ERR,ERR,ERR,ERR,ERR,ERR,ERR,ERR,ERR,ERR,ERR,ERR,ERR,ERR,ERR,ERR,ERR,ERR,ERR,ERR,ERR,ERR,ERR,ERR,ERR,ERR,ERR,ERR,ERR,ERR,ERR,ERR,ERR,ERR,ERR,ERR,ERR,ERR,ERR,ERR,ERR,ERR,ERR,ERR,ERR,ERR,ERR,ERR,ERR,ERR,ERR,ERR,ERR,ERR,ERR,ERR,ERR,ERR,ERR,ERR,ERR,ERR,ERR,ERR,ERR,ERR,ERR,ERR,ERR,ERR,ERR,0.0,0.0,0.0,0.0,0.0,1.3936040501711995e+18,7.805,0.0,0,0,4,0,7116,0.0,100,0.0,0.0,0.0,0.0,0.0,0,0,0,0,0.0,0,0,0,0,0,0,0,0,0,0,0,0,0,0,0,0,0,0,0,0,0,0,0,0,0,0,0,0,0,0,0,0,0,31,40,40,71,65476,0,300,0,0,8,21553,0.0,-107605600.0,0.0,0.0,0.0,0.0,0.0,0.0,0.0,0.0,0.0,0.0,0.0,0.0,0.0,0.0,0.0,0.0,0.0,0.0,0.0,0.0,-2.004,0.0,2.004,0.0,0.0,0.0,0.0,0.0,4512.0,3.697179536554931e+19,6924.0,0.0,-107615352.0,0.0,-0.0,0.0,0.0,0.0,0.0,69,-0.0,-4.95039378082316e+32,0.0,0.0,0.0,0.0,0.0,0.0,0.0,0,0,0,0.0,0.0,0.0,0.0,0.0,0.0,0.0,0.0,0.0,0.0,0.0,0.0,0.0,0.0,0.0,0.0,0,-107875648.0,69,0.0,138,0.0,0.0,0,13107,17085,13107,17098,39322,17078,0,0,0,70,68,100,0.0,82.2,2.730238278947072e+23,77.7,2.730238639235042e+23,78.5,1,49,50,180,39322,0,0,0,0.0,0.0,0.0,0.0,-0.0,67.0,0.0,162057.094,0.0,968,0,990,0,0,0,946,0,1012,0,912,0,787,0,777,0,821,0,7520,0.032,1.5852670688344146e+19,0.0,0.0,784,16797,-0.0,162057.094,-114818.039,-0.0,0.133,6.909358625270745e+28,30.0,70.0,35,0.0,0.0,0.0,0.0,0.0,0.0,0.0,0.0,0.0,0.0,0.0,0.0,0.0,0.0,0.0,0.0,66.4,0,150,71,51,65476,0,300,0,0,8,20529,65476,0,0,44564,70.0,0.0,0.0,0.0,0.0,0.0
2026-09-10T21:52:47,ERR,ERR,ERR,ERR,ERR,ERR,ERR,ERR,ERR,ERR,ERR,ERR,ERR,ERR,ERR,ERR,ERR,ERR,ERR,ERR,ERR,ERR,ERR,ERR,ERR,ERR,ERR,ERR,ERR,ERR,ERR,ERR,ERR,ERR,ERR,ERR,ERR,ERR,ERR,ERR,ERR,ERR,ERR,ERR,ERR,ERR,ERR,ERR,ERR,ERR,ERR,ERR,ERR,ERR,ERR,ERR,ERR,ERR,ERR,ERR,ERR,ERR,ERR,ERR,ERR,ERR,ERR,ERR,ERR,ERR,ERR,ERR,ERR,ERR,ERR,ERR,ERR,ERR,ERR,ERR,ERR,ERR,ERR,ERR,ERR,ERR,ERR,ERR,ERR,ERR,ERR,ERR,ERR,ERR,ERR,ERR,ERR,ERR,ERR,ERR,ERR,ERR,ERR,ERR,ERR,ERR,ERR,ERR,ERR,ERR,ERR,ERR,ERR,ERR,ERR,ERR,ERR,ERR,ERR,ERR,ERR,ERR,ERR,ERR,ERR,0.0,0.0,0.0,0.0,0.0,1.3936040501711995e+18,7.805,0.0,0,0,4,0,7116,0.0,100,0.0,0.0,0.0,0.0,0.0,0,0,0,0,0.0,0,0,0,0,0,0,0,0,0,0,0,0,0,0,0,0,0,0,0,0,0,0,0,0,0,0,0,0,0,0,0,0,0,31,40,40,71,65476,0,300,0,0,8,21553,0.0,-107605600.0,0.0,0.0,0.0,0.0,0.0,0.0,0.0,0.0,0.0,0.0,0.0,0.0,0.0,0.0,0.0,0.0,0.0,0.0,0.0,0.0,-2.004,0.0,2.004,0.0,0.0,0.0,0.0,0.0,4512.0,3.697179536554931e+19,6924.0,0.0,-107615352.0,0.0,-0.0,0.0,0.0,0.0,0.0,69,-0.0,-4.95039378082316e+32,0.0,0.0,0.0,0.0,0.0,0.0,0.0,0,0,0,0.0,0.0,0.0,0.0,0.0,0.0,0.0,0.0,0.0,0.0,0.0,0.0,0.0,0.0,0.0,0.0,0,-107875648.0,69,0.0,138,0.0,0.0,0,13107,17085,13107,17098,26215,17078,0,0,0,70,68,100,0.0,82.2,2.730238278947072e+23,77.7,2.730238639235042e+23,78.5,1,49,50,180,26215,0,0,0,0.0,0.0,0.0,0.0,-0.0,67.0,0.0,162057.094,0.0,968,0,990,0,0,0,946,0,1011,0,912,0,787,0,777,0,821,0,7520,0.032,1.5852670688344146e+19,0.0,0.0,784,16797,-0.0,162057.094,-114818.039,-0.0,0.133,6.909358625270745e+28,30.0,70.0,35,0.0,0.0,0.0,0.0,0.0,0.0,0.0,0.0,0.0,0.0,0.0,0.0,0.0,0.0,0.0,0.0,66.4,0,150,71,51,65476,0,300,0,0,8,20529,65476,0,0,44564,70.0,0.0,0.0,0.0,0.0,0.0
2026-09-10T21:52:48,ERR,ERR,ERR,ERR,ERR,ERR,ERR,ERR,ERR,ERR,ERR,ERR,ERR,ERR,ERR,ERR,ERR,ERR,ERR,ERR,ERR,ERR,ERR,ERR,ERR,ERR,ERR,ERR,ERR,ERR,ERR,ERR,ERR,ERR,ERR,ERR,ERR,ERR,ERR,ERR,ERR,ERR,ERR,ERR,ERR,ERR,ERR,ERR,ERR,ERR,ERR,ERR,ERR,ERR,ERR,ERR,ERR,ERR,ERR,ERR,ERR,ERR,ERR,ERR,ERR,ERR,ERR,ERR,ERR,ERR,ERR,ERR,ERR,ERR,ERR,ERR,ERR,ERR,ERR,ERR,ERR,ERR,ERR,ERR,ERR,ERR,ERR,ERR,ERR,ERR,ERR,ERR,ERR,ERR,ERR,ERR,ERR,ERR,ERR,ERR,ERR,ERR,ERR,ERR,ERR,ERR,ERR,ERR,ERR,ERR,ERR,ERR,ERR,ERR,ERR,ERR,ERR,ERR,ERR,ERR,ERR,ERR,ERR,ERR,ERR,0.0,0.0,0.0,0.0,0.0,1.3936040501711995e+18,7.805,0.0,0,0,4,0,7116,0.0,100,0.0,0.0,0.0,0.0,0.0,0,0,0,0,0.0,0,0,0,0,0,0,0,0,0,0,0,0,0,0,0,0,0,0,0,0,0,0,0,0,0,0,0,0,0,0,0,0,0,31,40,40,71,65476,0,300,0,0,8,21553,0.0,-107605600.0,0.0,0.0,0.0,0.0,0.0,0.0,0.0,0.0,0.0,0.0,0.0,0.0,0.0,0.0,0.0,0.0,0.0,0.0,0.0,0.0,-2.004,0.0,2.004,0.0,0.0,0.0,0.0,0.0,4512.0,3.697179536554931e+19,6924.0,0.0,-107615352.0,0.0,-0.0,0.0,0.0,0.0,0.0,69,-0.0,-4.95039378082316e+32,0.0,0.0,0.0,0.0,0.0,0.0,0.0,0,0,0,0.0,0.0,0.0,0.0,0.0,0.0,0.0,0.0,0.0,0.0,0.0,0.0,0.0,0.0,0.0,0.0,0,-107875648.0,69,0.0,138,0.0,0.0,0,13107,17085,13107,17098,26215,17078,0,0,0,70,68,100,0.0,82.2,2.730238278947072e+23,77.7,2.730238639235042e+23,78.5,1,49,50,180,26215,0,0,0,0.0,0.0,0.0,0.0,-0.0,67.0,0.0,162057.094,0.0,968,0,990,0,0,0,946,0,1011,0,912,0,787,0,777,0,821,0,7520,0.032,1.5852670688344146e+19,0.0,0.0,784,16797,-0.0,162057.094,-114818.039,-0.0,0.133,6.909358625270745e+28,30.0,70.0,35,0.0,0.0,0.0,0.0,0.0,0.0,0.0,0.0,0.0,0.0,0.0,0.0,0.0,0.0,0.0,0.0,66.4,0,150,71,51,65476,0,300,0,0,8,20529,65476,0,0,44564,70.0,0.0,0.0,0.0,0.0,0.0
2026-09-10T21:52:49,ERR,ERR,ERR,ERR,ERR,ERR,ERR,ERR,ERR,ERR,ERR,ERR,ERR,ERR,ERR,ERR,ERR,ERR,ERR,ERR,ERR,ERR,ERR,ERR,ERR,ERR,ERR,ERR,ERR,ERR,ERR,ERR,ERR,ERR,ERR,ERR,ERR,ERR,ERR,ERR,ERR,ERR,ERR,ERR,ERR,ERR,ERR,ERR,ERR,ERR,ERR,ERR,ERR,ERR,ERR,ERR,ERR,ERR,ERR,ERR,ERR,ERR,ERR,ERR,ERR,ERR,ERR,ERR,ERR,ERR,ERR,ERR,ERR,ERR,ERR,ERR,ERR,ERR,ERR,ERR,ERR,ERR,ERR,ERR,ERR,ERR,ERR,ERR,ERR,ERR,ERR,ERR,ERR,ERR,ERR,ERR,ERR,ERR,ERR,ERR,ERR,ERR,ERR,ERR,ERR,ERR,ERR,ERR,ERR,ERR,ERR,ERR,ERR,ERR,ERR,ERR,ERR,ERR,ERR,ERR,ERR,ERR,ERR,ERR,ERR,0.0,0.0,0.0,0.0,0.0,1.3936040501711995e+18,7.805,0.0,0,0,4,0,7116,0.0,100,0.0,0.0,0.0,0.0,0.0,0,0,0,0,0.0,0,0,0,0,0,0,0,0,0,0,0,0,0,0,0,0,0,0,0,0,0,0,0,0,0,0,0,0,0,0,0,0,0,31,40,40,71,65476,0,300,0,0,8,21553,0.0,-107605600.0,0.0,0.0,0.0,0.0,0.0,0.0,0.0,0.0,0.0,0.0,0.0,0.0,0.0,0.0,0.0,0.0,0.0,0.0,0.0,0.0,-2.004,0.0,2.004,0.0,0.0,0.0,0.0,0.0,4512.0,3.697179536554931e+19,6924.0,0.0,-107615352.0,0.0,-0.0,0.0,0.0,0.0,0.0,69,-0.0,-4.95039378082316e+32,0.0,0.0,0.0,0.0,0.0,0.0,0.0,0,0,0,0.0,0.0,0.0,0.0,0.0,0.0,0.0,0.0,0.0,0.0,0.0,0.0,0.0,0.0,0.0,0.0,0,-107875648.0,69,0.0,138,0.0,0.0,0,13107,17085,13107,17098,26215,17078,0,0,0,70,68,100,0.0,82.2,2.730238278947072e+23,77.7,2.730238639235042e+23,78.5,1,49,50,180,26215,0,0,0,0.0,0.0,0.0,0.0,-0.0,67.0,0.0,162057.094,0.0,968,0,990,0,0,0,946,0,1011,0,912,0,787,0,777,0,821,0,7520,0.032,1.5852670688344146e+19,0.0,0.0,784,16797,-0.0,162057.094,-114818.039,-0.0,0.133,6.909358625270745e+28,30.0,70.0,35,0.0,0.0,0.0,0.0,0.0,0.0,0.0,0.0,0.0,0.0,0.0,0.0,0.0,0.0,0.0,0.0,66.4,0,150,71,51,65476,0,300,0,0,8,20529,65476,0,0,44564,70.0,0.0,0.0,0.0,0.0,0.0
2026-09-10T21:52:50,ERR,ERR,ERR,ERR,ERR,ERR,ERR,ERR,ERR,ERR,ERR,ERR,ERR,ERR,ERR,ERR,ERR,ERR,ERR,ERR,ERR,ERR,ERR,ERR,ERR,ERR,ERR,ERR,ERR,ERR,ERR,ERR,ERR,ERR,ERR,ERR,ERR,ERR,ERR,ERR,ERR,ERR,ERR,ERR,ERR,ERR,ERR,ERR,ERR,ERR,ERR,ERR,ERR,ERR,ERR,ERR,ERR,ERR,ERR,ERR,ERR,ERR,ERR,ERR,ERR,ERR,ERR,ERR,ERR,ERR,ERR,ERR,ERR,ERR,ERR,ERR,ERR,ERR,ERR,ERR,ERR,ERR,ERR,ERR,ERR,ERR,ERR,ERR,ERR,ERR,ERR,ERR,ERR,ERR,ERR,ERR,ERR,ERR,ERR,ERR,ERR,ERR,ERR,ERR,ERR,ERR,ERR,ERR,ERR,ERR,ERR,ERR,ERR,ERR,ERR,ERR,ERR,ERR,ERR,ERR,ERR,ERR,ERR,ERR,ERR,0.0,0.0,0.0,0.0,0.0,1.3936040501711995e+18,7.805,0.0,0,0,4,0,7116,0.0,100,0.0,0.0,0.0,0.0,0.0,0,0,0,0,0.0,0,0,0,0,0,0,0,0,0,0,0,0,0,0,0,0,0,0,0,0,0,0,0,0,0,0,0,0,0,0,0,0,0,31,40,40,71,65476,0,300,0,0,8,21553,0.0,-107605600.0,0.0,0.0,0.0,0.0,0.0,0.0,0.0,0.0,0.0,0.0,0.0,0.0,0.0,0.0,0.0,0.0,0.0,0.0,0.0,0.0,-2.004,0.0,2.004,0.0,0.0,0.0,0.0,0.0,4512.0,3.697179536554931e+19,6924.0,0.0,-107615352.0,0.0,-0.0,0.0,0.0,0.0,0.0,69,-0.0,-4.95039378082316e+32,0.0,0.0,0.0,0.0,0.0,0.0,0.0,0,0,0,0.0,0.0,0.0,0.0,0.0,0.0,0.0,0.0,0.0,0.0,0.0,0.0,0.0,0.0,0.0,0.0,0,-107875648.0,69,0.0,138,0.0,0.0,0,13107,17085,13107,17098,26215,17078,0,0,0,70,68,100,0.0,82.2,2.730238278947072e+23,77.7,2.730238639235042e+23,78.5,1,49,50,180,26215,0,0,0,0.0,0.0,0.0,0.0,-0.0,67.0,0.0,162057.094,0.0,968,0,990,0,0,0,946,0,1011,0,912,0,787,0,777,0,821,0,7520,0.032,1.5852670688344146e+19,0.0,0.0,784,16797,-0.0,162057.094,-114818.039,-0.0,0.133,6.909358625270745e+28,30.0,70.0,35,0.0,0.0,0.0,0.0,0.0,0.0,0.0,0.0,0.0,0.0,0.0,0.0,0.0,0.0,0.0,0.0,66.4,0,150,71,51,65476,0,300,0,0,8,20529,65476,0,0,44564,70.0,0.0,0.0,0.0,0.0,0.0
2026-09-10T21:52:51,ERR,ERR,ERR,ERR,ERR,ERR,ERR,ERR,ERR,ERR,ERR,ERR,ERR,ERR,ERR,ERR,ERR,ERR,ERR,ERR,ERR,ERR,ERR,ERR,ERR,ERR,ERR,ERR,ERR,ERR,ERR,ERR,ERR,ERR,ERR,ERR,ERR,ERR,ERR,ERR,ERR,ERR,ERR,ERR,ERR,ERR,ERR,ERR,ERR,ERR,ERR,ERR,ERR,ERR,ERR,ERR,ERR,ERR,ERR,ERR,ERR,ERR,ERR,ERR,ERR,ERR,ERR,ERR,ERR,ERR,ERR,ERR,ERR,ERR,ERR,ERR,ERR,ERR,ERR,ERR,ERR,ERR,ERR,ERR,ERR,ERR,ERR,ERR,ERR,ERR,ERR,ERR,ERR,ERR,ERR,ERR,ERR,ERR,ERR,ERR,ERR,ERR,ERR,ERR,ERR,ERR,ERR,ERR,ERR,ERR,ERR,ERR,ERR,ERR,ERR,ERR,ERR,ERR,ERR,ERR,ERR,ERR,ERR,ERR,ERR,0.0,0.0,0.0,0.0,0.0,1.3936040501711995e+18,7.805,0.0,0,0,4,0,7116,0.0,100,0.0,0.0,0.0,0.0,0.0,0,0,0,0,0.0,0,0,0,0,0,0,0,0,0,0,0,0,0,0,0,0,0,0,0,0,0,0,0,0,0,0,0,0,0,0,0,0,0,31,40,40,71,65476,0,300,0,0,8,21553,0.0,-107605600.0,0.0,0.0,0.0,0.0,0.0,0.0,0.0,0.0,0.0,0.0,0.0,0.0,0.0,0.0,0.0,0.0,0.0,0.0,0.0,0.0,-2.004,0.0,2.004,0.0,0.0,0.0,0.0,0.0,4512.0,3.697179536554931e+19,6924.0,0.0,-107615352.0,0.0,-0.0,0.0,0.0,0.0,0.0,69,-0.0,-4.95039378082316e+32,0.0,0.0,0.0,0.0,0.0,0.0,0.0,0,0,0,0.0,0.0,0.0,0.0,0.0,0.0,0.0,0.0,0.0,0.0,0.0,0.0,0.0,0.0,0.0,0.0,0,-107875648.0,69,0.0,138,0.0,0.0,0,13107,17085,13107,17098,26215,17078,0,0,0,70,68,100,0.0,82.2,2.730238278947072e+23,77.7,2.730238639235042e+23,78.5,1,49,50,180,26215,0,0,0,0.0,0.0,0.0,0.0,-0.0,67.0,0.0,162057.094,0.0,968,0,990,0,0,0,946,0,1011,0,912,0,787,0,777,0,821,0,7520,0.032,1.5852670688344146e+19,0.0,0.0,784,16797,-0.0,162057.094,-114818.039,-0.0,0.133,6.909358625270745e+28,30.0,70.0,35,0.0,0.0,0.0,0.0,0.0,0.0,0.0,0.0,0.0,0.0,0.0,0.0,0.0,0.0,0.0,0.0,66.4,0,150,71,51,65476,0,300,0,0,8,20529,65476,0,0,44564,70.0,0.0,0.0,0.0,0.0,0.0
2026-09-10T21:52:52,ERR,ERR,ERR,ERR,ERR,ERR,ERR,ERR,ERR,ERR,ERR,ERR,ERR,ERR,ERR,ERR,ERR,ERR,ERR,ERR,ERR,ERR,ERR,ERR,ERR,ERR,ERR,ERR,ERR,ERR,ERR,ERR,ERR,ERR,ERR,ERR,ERR,ERR,ERR,ERR,ERR,ERR,ERR,ERR,ERR,ERR,ERR,ERR,ERR,ERR,ERR,ERR,ERR,ERR,ERR,ERR,ERR,ERR,ERR,ERR,ERR,ERR,ERR,ERR,ERR,ERR,ERR,ERR,ERR,ERR,ERR,ERR,ERR,ERR,ERR,ERR,ERR,ERR,ERR,ERR,ERR,ERR,ERR,ERR,ERR,ERR,ERR,ERR,ERR,ERR,ERR,ERR,ERR,ERR,ERR,ERR,ERR,ERR,ERR,ERR,ERR,ERR,ERR,ERR,ERR,ERR,ERR,ERR,ERR,ERR,ERR,ERR,ERR,ERR,ERR,ERR,ERR,ERR,ERR,ERR,ERR,ERR,ERR,ERR,ERR,0.0,0.0,0.0,0.0,0.0,1.3936040501711995e+18,7.805,0.0,0,0,4,0,7116,0.0,100,0.0,0.0,0.0,0.0,0.0,0,0,0,0,0.0,0,0,0,0,0,0,0,0,0,0,0,0,0,0,0,0,0,0,0,0,0,0,0,0,0,0,0,0,0,0,0,0,0,31,40,40,71,65476,0,300,0,0,8,21553,0.0,-107605600.0,0.0,0.0,0.0,0.0,0.0,0.0,0.0,0.0,0.0,0.0,0.0,0.0,0.0,0.0,0.0,0.0,0.0,0.0,0.0,0.0,-2.004,0.0,2.004,0.0,0.0,0.0,0.0,0.0,4512.0,3.697179536554931e+19,6924.0,0.0,-107615352.0,0.0,-0.0,0.0,0.0,0.0,0.0,69,-0.0,-4.95039378082316e+32,0.0,0.0,0.0,0.0,0.0,0.0,0.0,0,0,0,0.0,0.0,0.0,0.0,0.0,0.0,0.0,0.0,0.0,0.0,0.0,0.0,0.0,0.0,0.0,0.0,0,-107875648.0,69,0.0,138,0.0,0.0,0,13107,17085,13107,17098,26215,17078,0,0,0,70,68,100,0.0,82.2,2.730238278947072e+23,77.7,2.730238639235042e+23,78.5,1,49,50,180,26215,0,0,0,0.0,0.0,0.0,0.0,-0.0,67.0,0.0,162057.094,0.0,968,0,990,0,0,0,946,0,1011,0,912,0,787,0,777,0,821,0,7520,0.032,1.5852670688344146e+19,0.0,0.0,784,16797,-0.0,162057.094,-114818.039,-0.0,0.133,6.909358625270745e+28,30.0,70.0,35,0.0,0.0,0.0,0.0,0.0,0.0,0.0,0.0,0.0,0.0,0.0,0.0,0.0,0.0,0.0,0.0,66.4,0,150,71,51,65476,0,300,0,0,8,20529,65476,0,0,44564,70.0,0.0,0.0,0.0,0.0,0.0
2026-09-10T21:52:53,ERR,ERR,ERR,ERR,ERR,ERR,ERR,ERR,ERR,ERR,ERR,ERR,ERR,ERR,ERR,ERR,ERR,ERR,ERR,ERR,ERR,ERR,ERR,ERR,ERR,ERR,ERR,ERR,ERR,ERR,ERR,ERR,ERR,ERR,ERR,ERR,ERR,ERR,ERR,ERR,ERR,ERR,ERR,ERR,ERR,ERR,ERR,ERR,ERR,ERR,ERR,ERR,ERR,ERR,ERR,ERR,ERR,ERR,ERR,ERR,ERR,ERR,ERR,ERR,ERR,ERR,ERR,ERR,ERR,ERR,ERR,ERR,ERR,ERR,ERR,ERR,ERR,ERR,ERR,ERR,ERR,ERR,ERR,ERR,ERR,ERR,ERR,ERR,ERR,ERR,ERR,ERR,ERR,ERR,ERR,ERR,ERR,ERR,ERR,ERR,ERR,ERR,ERR,ERR,ERR,ERR,ERR,ERR,ERR,ERR,ERR,ERR,ERR,ERR,ERR,ERR,ERR,ERR,ERR,ERR,ERR,ERR,ERR,ERR,ERR,0.0,0.0,0.0,0.0,0.0,1.3936040501711995e+18,7.805,0.0,0,0,4,0,7116,0.0,100,0.0,0.0,0.0,0.0,0.0,0,0,0,0,0.0,0,0,0,0,0,0,0,0,0,0,0,0,0,0,0,0,0,0,0,0,0,0,0,0,0,0,0,0,0,0,0,0,0,31,40,40,71,65476,0,300,0,0,8,21553,0.0,-107605600.0,0.0,0.0,0.0,0.0,0.0,0.0,0.0,0.0,0.0,0.0,0.0,0.0,0.0,0.0,0.0,0.0,0.0,0.0,0.0,0.0,-2.004,0.0,2.004,0.0,0.0,0.0,0.0,0.0,4512.0,3.697179536554931e+19,6924.0,0.0,-107615352.0,0.0,-0.0,0.0,0.0,0.0,0.0,69,-0.0,-4.95039378082316e+32,0.0,0.0,0.0,0.0,0.0,0.0,0.0,0,0,0,0.0,0.0,0.0,0.0,0.0,0.0,0.0,0.0,0.0,0.0,0.0,0.0,0.0,0.0,0.0,0.0,0,-107875648.0,69,0.0,138,0.0,0.0,0,13107,17085,13107,17098,26215,17078,0,0,0,70,68,100,0.0,82.2,2.730238278947072e+23,77.7,2.730238639235042e+23,78.5,1,49,50,180,39322,0,0,0,0.0,0.0,0.0,0.0,-0.0,67.0,0.0,162057.094,0.0,967,0,990,0,0,0,946,0,1011,0,912,0,787,0,777,0,821,0,7520,0.032,1.5924728282382074e+19,0.0,0.0,784,16797,-0.0,162057.094,-114818.039,-0.0,0.133,6.909358625270745e+28,30.0,70.0,35,0.0,0.0,0.0,0.0,0.0,0.0,0.0,0.0,0.0,0.0,0.0,0.0,0.0,0.0,0.0,0.0,66.4,0,150,71,51,65476,0,300,0,0,8,20529,65476,0,0,44564,70.0,0.0,0.0,0.0,0.0,0.0
2026-09-10T21:52:54,ERR,ERR,ERR,ERR,ERR,ERR,ERR,ERR,ERR,ERR,ERR,ERR,ERR,ERR,ERR,ERR,ERR,ERR,ERR,ERR,ERR,ERR,ERR,ERR,ERR,ERR,ERR,ERR,ERR,ERR,ERR,ERR,ERR,ERR,ERR,ERR,ERR,ERR,ERR,ERR,ERR,ERR,ERR,ERR,ERR,ERR,ERR,ERR,ERR,ERR,ERR,ERR,ERR,ERR,ERR,ERR,ERR,ERR,ERR,ERR,ERR,ERR,ERR,ERR,ERR,ERR,ERR,ERR,ERR,ERR,ERR,ERR,ERR,ERR,ERR,ERR,ERR,ERR,ERR,ERR,ERR,ERR,ERR,ERR,ERR,ERR,ERR,ERR,ERR,ERR,ERR,ERR,ERR,ERR,ERR,ERR,ERR,ERR,ERR,ERR,ERR,ERR,ERR,ERR,ERR,ERR,ERR,ERR,ERR,ERR,ERR,ERR,ERR,ERR,ERR,ERR,ERR,ERR,ERR,ERR,ERR,ERR,ERR,ERR,ERR,0.0,-107615352.0,-0.0,0.0,0.0,1.3936040501711995e+18,7.805,0.0,0,0,4,0,7116,0.0,100,0.0,0.0,0.0,0.0,0.0,0,0,0,0,0.0,0,0,0,0,0,0,0,0,0,0,0,0,0,0,0,0,0,0,0,0,0,0,0,0,0,0,0,0,0,0,0,0,0,31,40,40,71,65476,0,300,0,0,8,21553,0.0,-107605600.0,0.0,0.0,0.0,0.0,0.0,0.0,0.0,0.0,0.0,0.0,0.0,0.0,0.0,0.0,0.0,0.0,0.0,0.0,0.0,0.0,-2.004,0.0,2.004,0.0,0.0,0.0,0.0,0.0,4515.0,564144826744832.0,6923.0,0.0,-107615352.0,0.0,-0.0,0.0,0.0,0.0,0.0,69,-0.0,-2.3088245329045016e+20,0.0,0.0,0.0,0.0,0.0,0.0,0.0,0,0,0,0.0,0.0,0.0,0.0,0.0,0.0,0.0,0.0,0.0,0.0,0.0,0.0,0.0,0.0,0.0,0.0,0,-107875648.0,69,0.0,138,0.0,0.0,0,13107,17085,13107,17098,26215,17078,0,0,0,70,68,100,0.0,82.2,2.730238278947072e+23,77.7,2.730238639235042e+23,78.5,1,49,50,180,39322,0,0,0,0.0,0.0,0.0,0.0,-0.0,67.0,0.0,162057.094,0.0,967,0,990,0,0,0,946,0,1011,0,912,0,787,0,777,0,821,0,7520,0.032,1.5924728282382074e+19,0.0,0.0,784,16797,-0.0,162057.094,-114818.039,-0.0,0.133,6.909358625270745e+28,30.0,70.0,35,0.0,0.0,0.0,0.0,0.0,0.0,0.0,0.0,0.0,0.0,0.0,0.0,0.0,0.0,0.0,0.0,66.4,0,150,71,51,65476,0,300,0,0,8,20529,65476,0,0,44564,70.0,0.0,0.0,0.0,0.0,0.0
2026-09-10T21:52:55,ERR,ERR,ERR,ERR,ERR,ERR,ERR,ERR,ERR,ERR,ERR,ERR,ERR,ERR,ERR,ERR,ERR,ERR,ERR,ERR,ERR,ERR,ERR,ERR,ERR,ERR,ERR,ERR,ERR,ERR,ERR,ERR,ERR,ERR,ERR,ERR,ERR,ERR,ERR,ERR,ERR,ERR,ERR,ERR,ERR,ERR,ERR,ERR,ERR,ERR,ERR,ERR,ERR,ERR,ERR,ERR,ERR,ERR,ERR,ERR,ERR,ERR,ERR,ERR,ERR,ERR,ERR,ERR,ERR,ERR,ERR,ERR,ERR,ERR,ERR,ERR,ERR,ERR,ERR,ERR,ERR,ERR,ERR,ERR,ERR,ERR,ERR,ERR,ERR,ERR,ERR,ERR,ERR,ERR,ERR,ERR,ERR,ERR,ERR,ERR,ERR,ERR,ERR,ERR,ERR,ERR,ERR,ERR,ERR,ERR,ERR,ERR,ERR,ERR,ERR,ERR,ERR,ERR,ERR,ERR,ERR,ERR,ERR,ERR,ERR,0.0,-107615352.0,-0.0,0.0,0.0,1.3936040501711995e+18,7.805,0.0,0,0,4,0,7116,0.0,100,0.0,0.0,0.0,0.0,0.0,0,0,0,0,0.0,0,0,0,0,0,0,0,0,0,0,0,0,0,0,0,0,0,0,0,0,0,0,0,0,0,0,0,0,0,0,0,0,0,31,40,40,71,65476,0,300,0,0,8,21553,0.0,-107605600.0,0.0,0.0,0.0,0.0,0.0,0.0,0.0,0.0,0.0,0.0,0.0,0.0,0.0,0.0,0.0,0.0,0.0,0.0,0.0,0.0,-2.004,0.0,2.004,0.0,0.0,0.0,0.0,0.0,4515.0,564144826744832.0,6923.0,0.0,-107615352.0,0.0,-0.0,0.0,0.0,0.0,0.0,69,-0.0,-2.3088245329045016e+20,0.0,0.0,0.0,0.0,0.0,0.0,0.0,0,0,0,0.0,0.0,0.0,0.0,0.0,0.0,0.0,0.0,0.0,0.0,0.0,0.0,0.0,0.0,0.0,0.0,0,-107875648.0,69,0.0,138,0.0,0.0,0,13107,17085,13107,17098,26215,17078,0,0,0,70,68,100,0.0,82.2,2.730238278947072e+23,77.7,2.730238639235042e+23,78.5,1,49,50,180,39322,0,0,0,0.0,0.0,0.0,0.0,-0.0,67.0,0.0,162057.094,0.0,967,0,990,0,0,0,946,0,1011,0,912,0,787,0,777,0,821,0,7520,0.032,1.5924728282382074e+19,0.0,0.0,784,16797,-0.0,162057.094,-114818.039,-0.0,0.133,6.909358625270745e+28,30.0,70.0,35,0.0,0.0,0.0,0.0,0.0,0.0,0.0,0.0,0.0,0.0,0.0,0.0,0.0,0.0,0.0,0.0,66.4,0,150,71,51,65476,0,300,0,0,8,20529,65476,0,0,44564,70.0,0.0,0.0,0.0,0.0,0.0
2026-09-10T21:52:56,ERR,ERR,ERR,ERR,ERR,ERR,ERR,ERR,ERR,ERR,ERR,ERR,ERR,ERR,ERR,ERR,ERR,ERR,ERR,ERR,ERR,ERR,ERR,ERR,ERR,ERR,ERR,ERR,ERR,ERR,ERR,ERR,ERR,ERR,ERR,ERR,ERR,ERR,ERR,ERR,ERR,ERR,ERR,ERR,ERR,ERR,ERR,ERR,ERR,ERR,ERR,ERR,ERR,ERR,ERR,ERR,ERR,ERR,ERR,ERR,ERR,ERR,ERR,ERR,ERR,ERR,ERR,ERR,ERR,ERR,ERR,ERR,ERR,ERR,ERR,ERR,ERR,ERR,ERR,ERR,ERR,ERR,ERR,ERR,ERR,ERR,ERR,ERR,ERR,ERR,ERR,ERR,ERR,ERR,ERR,ERR,ERR,ERR,ERR,ERR,ERR,ERR,ERR,ERR,ERR,ERR,ERR,ERR,ERR,ERR,ERR,ERR,ERR,ERR,ERR,ERR,ERR,ERR,ERR,ERR,ERR,ERR,ERR,ERR,ERR,0.0,-107615352.0,-0.0,0.0,0.0,1.3936040501711995e+18,7.805,0.0,0,0,4,0,7116,0.0,100,0.0,0.0,0.0,0.0,0.0,0,0,0,0,0.0,0,0,0,0,0,0,0,0,0,0,0,0,0,0,0,0,0,0,0,0,0,0,0,0,0,0,0,0,0,0,0,0,0,31,40,40,71,65476,0,300,0,0,8,21553,0.0,-107605600.0,0.0,0.0,0.0,0.0,0.0,0.0,0.0,0.0,0.0,0.0,0.0,0.0,0.0,0.0,0.0,0.0,0.0,0.0,0.0,0.0,-2.004,0.0,2.004,0.0,0.0,0.0,0.0,0.0,4515.0,564144826744832.0,6923.0,0.0,-107615352.0,0.0,-0.0,0.0,0.0,0.0,0.0,69,-0.0,-2.3088245329045016e+20,0.0,0.0,0.0,0.0,0.0,0.0,0.0,0,0,0,0.0,0.0,0.0,0.0,0.0,0.0,0.0,0.0,0.0,0.0,0.0,0.0,0.0,0.0,0.0,0.0,0,-107875648.0,69,0.0,138,0.0,0.0,0,13107,17085,13107,17098,26215,17078,0,0,0,70,68,100,0.0,82.2,2.730238278947072e+23,77.7,2.730238639235042e+23,78.5,1,49,50,180,39322,0,0,0,0.0,0.0,0.0,0.0,-0.0,67.0,0.0,162057.094,0.0,967,0,990,0,0,0,946,0,1011,0,912,0,787,0,777,0,821,0,7520,0.032,1.5924728282382074e+19,0.0,0.0,784,16797,-0.0,162057.094,-114818.039,-0.0,0.133,6.909358625270745e+28,30.0,70.0,35,0.0,0.0,0.0,0.0,0.0,0.0,0.0,0.0,0.0,0.0,0.0,0.0,0.0,0.0,0.0,0.0,66.4,0,150,71,51,65476,0,300,0,0,8,20529,65476,0,0,44564,70.0,0.0,0.0,0.0,0.0,0.0
2026-09-10T21:52:57,ERR,ERR,ERR,ERR,ERR,ERR,ERR,ERR,ERR,ERR,ERR,ERR,ERR,ERR,ERR,ERR,ERR,ERR,ERR,ERR,ERR,ERR,ERR,ERR,ERR,ERR,ERR,ERR,ERR,ERR,ERR,ERR,ERR,ERR,ERR,ERR,ERR,ERR,ERR,ERR,ERR,ERR,ERR,ERR,ERR,ERR,ERR,ERR,ERR,ERR,ERR,ERR,ERR,ERR,ERR,ERR,ERR,ERR,ERR,ERR,ERR,ERR,ERR,ERR,ERR,ERR,ERR,ERR,ERR,ERR,ERR,ERR,ERR,ERR,ERR,ERR,ERR,ERR,ERR,ERR,ERR,ERR,ERR,ERR,ERR,ERR,ERR,ERR,ERR,ERR,ERR,ERR,ERR,ERR,ERR,ERR,ERR,ERR,ERR,ERR,ERR,ERR,ERR,ERR,ERR,ERR,ERR,ERR,ERR,ERR,ERR,ERR,ERR,ERR,ERR,ERR,ERR,ERR,ERR,ERR,ERR,ERR,ERR,ERR,ERR,0.0,-107615352.0,-0.0,0.0,0.0,1.3936040501711995e+18,7.805,0.0,0,0,4,0,7116,0.0,100,0.0,0.0,0.0,0.0,0.0,0,0,0,0,0.0,0,0,0,0,0,0,0,0,0,0,0,0,0,0,0,0,0,0,0,0,0,0,0,0,0,0,0,0,0,0,0,0,0,31,40,40,71,65476,0,300,0,0,8,21553,0.0,-107605600.0,0.0,0.0,0.0,0.0,0.0,0.0,0.0,0.0,0.0,0.0,0.0,0.0,0.0,0.0,0.0,0.0,0.0,0.0,0.0,0.0,-2.004,0.0,2.004,0.0,0.0,0.0,0.0,0.0,4515.0,564144826744832.0,6923.0,0.0,-107615352.0,0.0,-0.0,0.0,0.0,0.0,0.0,69,-0.0,-2.3088245329045016e+20,0.0,0.0,0.0,0.0,0.0,0.0,0.0,0,0,0,0.0,0.0,0.0,0.0,0.0,0.0,0.0,0.0,0.0,0.0,0.0,0.0,0.0,0.0,0.0,0.0,0,-107875648.0,69,0.0,138,0.0,0.0,0,13107,17085,13107,17098,26215,17078,0,0,0,70,68,100,0.0,82.2,2.730238278947072e+23,77.7,2.730238639235042e+23,78.5,1,49,50,180,39322,0,0,0,0.0,0.0,0.0,0.0,-0.0,67.0,0.0,162057.094,0.0,967,0,990,0,0,0,946,0,1011,0,912,0,787,0,777,0,821,0,7520,0.032,1.5924728282382074e+19,0.0,0.0,784,16797,-0.0,162057.094,-114818.039,-0.0,0.133,6.909358625270745e+28,30.0,70.0,35,0.0,0.0,0.0,0.0,0.0,0.0,0.0,0.0,0.0,0.0,0.0,0.0,0.0,0.0,0.0,0.0,66.4,0,150,71,51,65476,0,300,0,0,8,20529,65476,0,0,44564,70.0,0.0,0.0,0.0,0.0,0.0
2026-09-10T21:52:58,ERR,ERR,ERR,ERR,ERR,ERR,ERR,ERR,ERR,ERR,ERR,ERR,ERR,ERR,ERR,ERR,ERR,ERR,ERR,ERR,ERR,ERR,ERR,ERR,ERR,ERR,ERR,ERR,ERR,ERR,ERR,ERR,ERR,ERR,ERR,ERR,ERR,ERR,ERR,ERR,ERR,ERR,ERR,ERR,ERR,ERR,ERR,ERR,ERR,ERR,ERR,ERR,ERR,ERR,ERR,ERR,ERR,ERR,ERR,ERR,ERR,ERR,ERR,ERR,ERR,ERR,ERR,ERR,ERR,ERR,ERR,ERR,ERR,ERR,ERR,ERR,ERR,ERR,ERR,ERR,ERR,ERR,ERR,ERR,ERR,ERR,ERR,ERR,ERR,ERR,ERR,ERR,ERR,ERR,ERR,ERR,ERR,ERR,ERR,ERR,ERR,ERR,ERR,ERR,ERR,ERR,ERR,ERR,ERR,ERR,ERR,ERR,ERR,ERR,ERR,ERR,ERR,ERR,ERR,ERR,ERR,ERR,ERR,ERR,ERR,0.0,-107615352.0,-0.0,0.0,0.0,1.3936040501711995e+18,7.805,0.0,0,0,4,0,7116,0.0,100,0.0,0.0,0.0,0.0,0.0,0,0,0,0,0.0,0,0,0,0,0,0,0,0,0,0,0,0,0,0,0,0,0,0,0,0,0,0,0,0,0,0,0,0,0,0,0,0,0,31,40,40,71,65476,0,300,0,0,8,21553,0.0,-107605600.0,0.0,0.0,0.0,0.0,0.0,0.0,0.0,0.0,0.0,0.0,0.0,0.0,0.0,0.0,0.0,0.0,0.0,0.0,0.0,0.0,-2.004,0.0,2.004,0.0,0.0,0.0,0.0,0.0,4515.0,564144826744832.0,6923.0,0.0,-107615352.0,0.0,-0.0,0.0,0.0,0.0,0.0,69,-0.0,-2.3088245329045016e+20,0.0,0.0,0.0,0.0,0.0,0.0,0.0,0,0,0,0.0,0.0,0.0,0.0,0.0,0.0,0.0,0.0,0.0,0.0,0.0,0.0,0.0,0.0,0.0,0.0,0,-107875648.0,69,0.0,138,0.0,0.0,0,13107,17085,13107,17098,26215,17078,0,0,0,70,68,100,0.0,82.2,2.730238278947072e+23,77.7,2.730238639235042e+23,78.5,1,49,50,180,39322,0,0,0,0.0,0.0,0.0,0.0,-0.0,67.0,0.0,162057.094,0.0,967,0,990,0,0,0,946,0,1011,0,912,0,787,0,777,0,821,0,7520,0.032,1.5924728282382074e+19,0.0,0.0,784,16797,-0.0,162057.094,-114818.039,-0.0,0.133,6.909358625270745e+28,30.0,70.0,35,0.0,0.0,0.0,0.0,0.0,0.0,0.0,0.0,0.0,0.0,0.0,0.0,0.0,0.0,0.0,0.0,66.4,0,150,71,51,65476,0,300,0,0,8,20529,65476,0,0,44564,70.0,0.0,0.0,0.0,0.0,0.0
2026-09-10T21:52:59,ERR,ERR,ERR,ERR,ERR,ERR,ERR,ERR,ERR,ERR,ERR,ERR,ERR,ERR,ERR,ERR,ERR,ERR,ERR,ERR,ERR,ERR,ERR,ERR,ERR,ERR,ERR,ERR,ERR,ERR,ERR,ERR,ERR,ERR,ERR,ERR,ERR,ERR,ERR,ERR,ERR,ERR,ERR,ERR,ERR,ERR,ERR,ERR,ERR,ERR,ERR,ERR,ERR,ERR,ERR,ERR,ERR,ERR,ERR,ERR,ERR,ERR,ERR,ERR,ERR,ERR,ERR,ERR,ERR,ERR,ERR,ERR,ERR,ERR,ERR,ERR,ERR,ERR,ERR,ERR,ERR,ERR,ERR,ERR,ERR,ERR,ERR,ERR,ERR,ERR,ERR,ERR,ERR,ERR,ERR,ERR,ERR,ERR,ERR,ERR,ERR,ERR,ERR,ERR,ERR,ERR,ERR,ERR,ERR,ERR,ERR,ERR,ERR,ERR,ERR,ERR,ERR,ERR,ERR,ERR,ERR,ERR,ERR,ERR,ERR,0.0,-107615352.0,-0.0,0.0,0.0,1.3936040501711995e+18,7.805,0.0,0,0,4,0,7116,0.0,100,0.0,0.0,0.0,0.0,0.0,0,0,0,0,0.0,0,0,0,0,0,0,0,0,0,0,0,0,0,0,0,0,0,0,0,0,0,0,0,0,0,0,0,0,0,0,0,0,0,31,40,40,71,65476,0,300,0,0,8,21553,0.0,-107605600.0,0.0,0.0,0.0,0.0,0.0,0.0,0.0,0.0,0.0,0.0,0.0,0.0,0.0,0.0,0.0,0.0,0.0,0.0,0.0,0.0,-2.004,0.0,2.004,0.0,0.0,0.0,0.0,0.0,4515.0,564144826744832.0,6923.0,0.0,-107615352.0,0.0,-0.0,0.0,0.0,0.0,0.0,69,-0.0,-2.3088245329045016e+20,0.0,0.0,0.0,0.0,0.0,0.0,0.0,0,0,0,0.0,0.0,0.0,0.0,0.0,0.0,0.0,0.0,0.0,0.0,0.0,0.0,0.0,0.0,0.0,0.0,0,-107875648.0,69,0.0,138,0.0,0.0,0,13107,17085,13107,17098,26215,17078,0,0,0,70,68,100,0.0,82.2,2.730238278947072e+23,77.7,2.730238639235042e+23,78.5,1,49,50,180,26215,0,0,0,0.0,0.0,0.0,0.0,-0.0,67.0,0.0,162057.094,0.0,967,0,990,0,0,0,946,0,1011,0,912,0,787,0,777,0,821,0,7520,0.032,1.5780613094306218e+19,0.0,0.0,784,16797,-0.0,162057.094,-114818.039,-0.0,0.133,6.909358625270745e+28,30.0,70.0,35,0.0,0.0,0.0,0.0,0.0,0.0,0.0,0.0,0.0,0.0,0.0,0.0,0.0,0.0,0.0,0.0,66.4,0,150,71,51,65476,0,300,0,0,8,20529,65476,0,0,44564,70.0,0.0,0.0,0.0,0.0,0.0
2026-09-10T21:53:00,ERR,ERR,ERR,ERR,ERR,ERR,ERR,ERR,ERR,ERR,ERR,ERR,ERR,ERR,ERR,ERR,ERR,ERR,ERR,ERR,ERR,ERR,ERR,ERR,ERR,ERR,ERR,ERR,ERR,ERR,ERR,ERR,ERR,ERR,ERR,ERR,ERR,ERR,ERR,ERR,ERR,ERR,ERR,ERR,ERR,ERR,ERR,ERR,ERR,ERR,ERR,ERR,ERR,ERR,ERR,ERR,ERR,ERR,ERR,ERR,ERR,ERR,ERR,ERR,ERR,ERR,ERR,ERR,ERR,ERR,ERR,ERR,ERR,ERR,ERR,ERR,ERR,ERR,ERR,ERR,ERR,ERR,ERR,ERR,ERR,ERR,ERR,ERR,ERR,ERR,ERR,ERR,ERR,ERR,ERR,ERR,ERR,ERR,ERR,ERR,ERR,ERR,ERR,ERR,ERR,ERR,ERR,ERR,ERR,ERR,ERR,ERR,ERR,ERR,ERR,ERR,ERR,ERR,ERR,ERR,ERR,ERR,ERR,ERR,ERR,0.0,-107615352.0,-0.0,0.0,0.0,1.3936040501711995e+18,7.805,0.0,0,0,4,0,7116,0.0,100,0.0,0.0,0.0,0.0,0.0,0,0,0,0,0.0,0,0,0,0,0,0,0,0,0,0,0,0,0,0,0,0,0,0,0,0,0,0,0,0,0,0,0,0,0,0,0,0,0,31,40,40,71,65476,0,300,0,0,8,21553,0.0,-107605600.0,0.0,0.0,0.0,0.0,0.0,0.0,0.0,0.0,0.0,0.0,0.0,0.0,0.0,0.0,0.0,0.0,0.0,0.0,0.0,0.0,-2.004,0.0,2.004,0.0,0.0,0.0,0.0,0.0,4515.0,564144826744832.0,6923.0,0.0,-107615352.0,0.0,-0.0,0.0,0.0,0.0,0.0,69,-0.0,-2.3088245329045016e+20,0.0,0.0,0.0,0.0,0.0,0.0,0.0,0,0,0,0.0,0.0,0.0,0.0,0.0,0.0,0.0,0.0,0.0,0.0,0.0,0.0,0.0,0.0,0.0,0.0,0,-107875648.0,69,0.0,138,0.0,0.0,0,13107,17085,13107,17098,26215,17078,0,0,0,70,68,100,0.0,82.2,2.730238278947072e+23,77.7,2.730238639235042e+23,78.5,1,49,50,180,26215,0,0,0,0.0,0.0,0.0,0.0,-0.0,67.0,0.0,162057.094,0.0,967,0,990,0,0,0,946,0,1011,0,912,0,787,0,777,0,821,0,7520,0.032,1.5780613094306218e+19,0.0,0.0,784,16797,-0.0,162057.094,-114818.039,-0.0,0.133,6.909358625270745e+28,30.0,70.0,35,0.0,0.0,0.0,0.0,0.0,0.0,0.0,0.0,0.0,0.0,0.0,0.0,0.0,0.0,0.0,0.0,66.4,0,150,71,51,65476,0,300,0,0,8,20529,65476,0,0,44564,70.0,0.0,0.0,0.0,0.0,0.0
2026-09-10T21:53:01,ERR,ERR,ERR,ERR,ERR,ERR,ERR,ERR,ERR,ERR,ERR,ERR,ERR,ERR,ERR,ERR,ERR,ERR,ERR,ERR,ERR,ERR,ERR,ERR,ERR,ERR,ERR,ERR,ERR,ERR,ERR,ERR,ERR,ERR,ERR,ERR,ERR,ERR,ERR,ERR,ERR,ERR,ERR,ERR,ERR,ERR,ERR,ERR,ERR,ERR,ERR,ERR,ERR,ERR,ERR,ERR,ERR,ERR,ERR,ERR,ERR,ERR,ERR,ERR,ERR,ERR,ERR,ERR,ERR,ERR,ERR,ERR,ERR,ERR,ERR,ERR,ERR,ERR,ERR,ERR,ERR,ERR,ERR,ERR,ERR,ERR,ERR,ERR,ERR,ERR,ERR,ERR,ERR,ERR,ERR,ERR,ERR,ERR,ERR,ERR,ERR,ERR,ERR,ERR,ERR,ERR,ERR,ERR,ERR,ERR,ERR,ERR,ERR,ERR,ERR,ERR,ERR,ERR,ERR,ERR,ERR,ERR,ERR,ERR,ERR,0.0,-107615352.0,-0.0,0.0,0.0,1.3936040501711995e+18,7.805,0.0,0,0,4,0,7116,0.0,100,0.0,0.0,0.0,0.0,0.0,0,0,0,0,0.0,0,0,0,0,0,0,0,0,0,0,0,0,0,0,0,0,0,0,0,0,0,0,0,0,0,0,0,0,0,0,0,0,0,31,40,40,71,65476,0,300,0,0,8,21553,0.0,-107605600.0,0.0,0.0,0.0,0.0,0.0,0.0,0.0,0.0,0.0,0.0,0.0,0.0,0.0,0.0,0.0,0.0,0.0,0.0,0.0,0.0,-2.004,0.0,2.004,0.0,0.0,0.0,0.0,0.0,4515.0,564144826744832.0,6923.0,0.0,-107615352.0,0.0,-0.0,0.0,0.0,0.0,0.0,69,-0.0,-2.3088245329045016e+20,0.0,0.0,0.0,0.0,0.0,0.0,0.0,0,0,0,0.0,0.0,0.0,0.0,0.0,0.0,0.0,0.0,0.0,0.0,0.0,0.0,0.0,0.0,0.0,0.0,0,-107875648.0,69,0.0,138,0.0,0.0,0,13107,17085,13107,17098,26215,17078,0,0,0,70,68,100,0.0,82.2,2.730238278947072e+23,77.7,2.730238639235042e+23,78.5,1,49,50,180,26215,0,0,0,0.0,0.0,0.0,0.0,-0.0,67.0,0.0,162057.094,0.0,967,0,990,0,0,0,946,0,1011,0,912,0,787,0,777,0,821,0,7520,0.032,1.5780613094306218e+19,0.0,0.0,784,16797,-0.0,162057.094,-114818.039,-0.0,0.133,6.909358625270745e+28,30.0,70.0,35,0.0,0.0,0.0,0.0,0.0,0.0,0.0,0.0,0.0,0.0,0.0,0.0,0.0,0.0,0.0,0.0,66.4,0,150,71,51,65476,0,300,0,0,8,20529,65476,0,0,44564,70.0,0.0,0.0,0.0,0.0,0.0
2026-09-10T21:53:02,ERR,ERR,ERR,ERR,ERR,ERR,ERR,ERR,ERR,ERR,ERR,ERR,ERR,ERR,ERR,ERR,ERR,ERR,ERR,ERR,ERR,ERR,ERR,ERR,ERR,ERR,ERR,ERR,ERR,ERR,ERR,ERR,ERR,ERR,ERR,ERR,ERR,ERR,ERR,ERR,ERR,ERR,ERR,ERR,ERR,ERR,ERR,ERR,ERR,ERR,ERR,ERR,ERR,ERR,ERR,ERR,ERR,ERR,ERR,ERR,ERR,ERR,ERR,ERR,ERR,ERR,ERR,ERR,ERR,ERR,ERR,ERR,ERR,ERR,ERR,ERR,ERR,ERR,ERR,ERR,ERR,ERR,ERR,ERR,ERR,ERR,ERR,ERR,ERR,ERR,ERR,ERR,ERR,ERR,ERR,ERR,ERR,ERR,ERR,ERR,ERR,ERR,ERR,ERR,ERR,ERR,ERR,ERR,ERR,ERR,ERR,ERR,ERR,ERR,ERR,ERR,ERR,ERR,ERR,ERR,ERR,ERR,ERR,ERR,ERR,0.0,-107615352.0,-0.0,0.0,0.0,1.3936040501711995e+18,7.805,0.0,0,0,4,0,7116,0.0,100,0.0,0.0,0.0,0.0,0.0,0,0,0,0,0.0,0,0,0,0,0,0,0,0,0,0,0,0,0,0,0,0,0,0,0,0,0,0,0,0,0,0,0,0,0,0,0,0,0,31,40,40,71,65476,0,300,0,0,8,21553,0.0,-107605600.0,0.0,0.0,0.0,0.0,0.0,0.0,0.0,0.0,0.0,0.0,0.0,0.0,0.0,0.0,0.0,0.0,0.0,0.0,0.0,0.0,-2.004,0.0,2.004,0.0,0.0,0.0,0.0,0.0,4542.0,3.697179536554931e+19,6924.0,0.0,0.0,0.0,-0.0,0.0,0.0,0.0,0.0,69,-0.0,-3.221995388546138e+26,0.0,0.0,0.0,0.0,0.0,0.0,0.0,0,0,0,0.0,0.0,0.0,0.0,0.0,0.0,0.0,0.0,0.0,0.0,0.0,0.0,0.0,0.0,0.0,0.0,0,-107875648.0,69,0.0,138,0.0,0.0,0,13107,17085,13107,17098,26215,17078,0,0,0,70,68,100,0.0,82.2,2.730238278947072e+23,77.7,2.730238639235042e+23,78.5,1,49,50,180,26215,0,0,0,0.0,0.0,0.0,0.0,-0.0,67.0,0.0,162057.094,0.0,967,0,990,0,0,0,946,0,1011,0,912,0,787,0,777,0,821,0,7520,0.032,1.5780613094306218e+19,0.0,0.0,784,16797,-0.0,162057.094,-114818.039,-0.0,0.133,6.909358625270745e+28,30.0,70.0,35,0.0,0.0,0.0,0.0,0.0,0.0,0.0,0.0,0.0,0.0,0.0,0.0,0.0,0.0,0.0,0.0,66.4,0,150,71,51,65476,0,300,0,0,8,20529,65476,0,0,44564,70.0,0.0,0.0,0.0,0.0,0.0
2026-09-10T21:53:03,ERR,ERR,ERR,ERR,ERR,ERR,ERR,ERR,ERR,ERR,ERR,ERR,ERR,ERR,ERR,ERR,ERR,ERR,ERR,ERR,ERR,ERR,ERR,ERR,ERR,ERR,ERR,ERR,ERR,ERR,ERR,ERR,ERR,ERR,ERR,ERR,ERR,ERR,ERR,ERR,ERR,ERR,ERR,ERR,ERR,ERR,ERR,ERR,ERR,ERR,ERR,ERR,ERR,ERR,ERR,ERR,ERR,ERR,ERR,ERR,ERR,ERR,ERR,ERR,ERR,ERR,ERR,ERR,ERR,ERR,ERR,ERR,ERR,ERR,ERR,ERR,ERR,ERR,ERR,ERR,ERR,ERR,ERR,ERR,ERR,ERR,ERR,ERR,ERR,ERR,ERR,ERR,ERR,ERR,ERR,ERR,ERR,ERR,ERR,ERR,ERR,ERR,ERR,ERR,ERR,ERR,ERR,ERR,ERR,ERR,ERR,ERR,ERR,ERR,ERR,ERR,ERR,ERR,ERR,ERR,ERR,ERR,ERR,ERR,ERR,0.0,-107615352.0,-0.0,0.0,0.0,1.3936040501711995e+18,7.805,0.0,0,0,4,0,7116,0.0,100,0.0,0.0,0.0,0.0,0.0,0,0,0,0,0.0,0,0,0,0,0,0,0,0,0,0,0,0,0,0,0,0,0,0,0,0,0,0,0,0,0,0,0,0,0,0,0,0,0,31,40,40,71,65476,0,300,0,0,8,21553,0.0,-107605600.0,0.0,0.0,0.0,0.0,0.0,0.0,0.0,0.0,0.0,0.0,0.0,0.0,0.0,0.0,0.0,0.0,0.0,0.0,0.0,0.0,-2.004,0.0,2.004,0.0,0.0,0.0,0.0,0.0,4542.0,3.697179536554931e+19,6924.0,0.0,0.0,0.0,-0.0,0.0,0.0,0.0,0.0,69,-0.0,-3.221995388546138e+26,0.0,0.0,0.0,0.0,0.0,0.0,0.0,0,0,0,0.0,0.0,0.0,0.0,0.0,0.0,0.0,0.0,0.0,0.0,0.0,0.0,0.0,0.0,0.0,0.0,0,-107875648.0,69,0.0,138,0.0,0.0,0,13107,17085,13107,17098,26215,17078,0,0,0,70,68,100,0.0,82.2,2.730238278947072e+23,77.7,2.730238639235042e+23,78.5,1,49,50,180,26215,0,0,0,0.0,0.0,0.0,0.0,-0.0,67.0,0.0,162057.094,0.0,967,0,990,0,0,0,946,0,1011,0,912,0,787,0,777,0,821,0,7520,0.032,1.5780613094306218e+19,0.0,0.0,784,16797,-0.0,162057.094,-114818.039,-0.0,0.133,6.909358625270745e+28,30.0,70.0,35,0.0,0.0,0.0,0.0,0.0,0.0,0.0,0.0,0.0,0.0,0.0,0.0,0.0,0.0,0.0,0.0,66.8,0,150,71,51,65476,0,300,0,0,8,20529,65476,0,0,44564,70.0,0.0,0.0,0.0,0.0,0.0
2026-09-10T21:53:04,ERR,ERR,ERR,ERR,ERR,ERR,ERR,ERR,ERR,ERR,ERR,ERR,ERR,ERR,ERR,ERR,ERR,ERR,ERR,ERR,ERR,ERR,ERR,ERR,ERR,ERR,ERR,ERR,ERR,ERR,ERR,ERR,ERR,ERR,ERR,ERR,ERR,ERR,ERR,ERR,ERR,ERR,ERR,ERR,ERR,ERR,ERR,ERR,ERR,ERR,ERR,ERR,ERR,ERR,ERR,ERR,ERR,ERR,ERR,ERR,ERR,ERR,ERR,ERR,ERR,ERR,ERR,ERR,ERR,ERR,ERR,ERR,ERR,ERR,ERR,ERR,ERR,ERR,ERR,ERR,ERR,ERR,ERR,ERR,ERR,ERR,ERR,ERR,ERR,ERR,ERR,ERR,ERR,ERR,ERR,ERR,ERR,ERR,ERR,ERR,ERR,ERR,ERR,ERR,ERR,ERR,ERR,ERR,ERR,ERR,ERR,ERR,ERR,ERR,ERR,ERR,ERR,ERR,ERR,ERR,ERR,ERR,ERR,ERR,ERR,0.0,-107615352.0,-0.0,0.0,0.0,1.3936040501711995e+18,7.805,0.0,0,0,4,0,7116,0.0,100,0.0,0.0,0.0,0.0,0.0,0,0,0,0,0.0,0,0,0,0,0,0,0,0,0,0,0,0,0,0,0,0,0,0,0,0,0,0,0,0,0,0,0,0,0,0,0,0,0,31,40,40,71,65476,0,300,0,0,8,21553,0.0,-107605600.0,0.0,0.0,0.0,0.0,0.0,0.0,0.0,0.0,0.0,0.0,0.0,0.0,0.0,0.0,0.0,0.0,0.0,0.0,0.0,0.0,-2.004,0.0,2.004,0.0,0.0,0.0,0.0,0.0,4542.0,3.697179536554931e+19,6924.0,0.0,0.0,0.0,-0.0,0.0,0.0,0.0,0.0,69,-0.0,-3.221995388546138e+26,0.0,0.0,0.0,0.0,0.0,0.0,0.0,0,0,0,0.0,0.0,0.0,0.0,0.0,0.0,0.0,0.0,0.0,0.0,0.0,0.0,0.0,0.0,0.0,0.0,0,-107875648.0,69,0.0,138,0.0,0.0,0,13107,17085,13107,17098,26215,17078,0,0,0,70,68,100,0.0,82.2,2.730238278947072e+23,77.7,2.730238639235042e+23,78.5,1,49,50,180,26215,0,0,0,0.0,0.0,0.0,0.0,-0.0,67.0,0.0,162057.094,0.0,967,0,990,0,0,0,946,0,1011,0,912,0,787,0,776,0,821,0,7520,0.032,1.5852670688344146e+19,0.0,0.0,784,16797,-0.0,162057.094,-114818.039,-0.0,0.133,6.909358625270745e+28,30.0,70.0,35,0.0,0.0,0.0,0.0,0.0,0.0,0.0,0.0,0.0,0.0,0.0,0.0,0.0,0.0,0.0,0.0,66.8,0,150,71,51,65476,0,300,0,0,8,20529,65476,0,0,44564,70.0,0.0,0.0,0.0,0.0,0.0
2026-09-10T21:53:05,ERR,ERR,ERR,ERR,ERR,ERR,ERR,ERR,ERR,ERR,ERR,ERR,ERR,ERR,ERR,ERR,ERR,ERR,ERR,ERR,ERR,ERR,ERR,ERR,ERR,ERR,ERR,ERR,ERR,ERR,ERR,ERR,ERR,ERR,ERR,ERR,ERR,ERR,ERR,ERR,ERR,ERR,ERR,ERR,ERR,ERR,ERR,ERR,ERR,ERR,ERR,ERR,ERR,ERR,ERR,ERR,ERR,ERR,ERR,ERR,ERR,ERR,ERR,ERR,ERR,ERR,ERR,ERR,ERR,ERR,ERR,ERR,ERR,ERR,ERR,ERR,ERR,ERR,ERR,ERR,ERR,ERR,ERR,ERR,ERR,ERR,ERR,ERR,ERR,ERR,ERR,ERR,ERR,ERR,ERR,ERR,ERR,ERR,ERR,ERR,ERR,ERR,ERR,ERR,ERR,ERR,ERR,ERR,ERR,ERR,ERR,ERR,ERR,ERR,ERR,ERR,ERR,ERR,ERR,ERR,ERR,ERR,ERR,ERR,ERR,0.0,-107615352.0,-0.0,0.0,0.0,1.3936040501711995e+18,7.805,0.0,0,0,4,0,7116,0.0,100,0.0,0.0,0.0,0.0,0.0,0,0,0,0,0.0,0,0,0,0,0,0,0,0,0,0,0,0,0,0,0,0,0,0,0,0,0,0,0,0,0,0,0,0,0,0,0,0,0,31,40,40,71,65476,0,300,0,0,8,21553,0.0,-107605600.0,0.0,0.0,0.0,0.0,0.0,0.0,0.0,0.0,0.0,0.0,0.0,0.0,0.0,0.0,0.0,0.0,0.0,0.0,0.0,0.0,-2.004,0.0,2.004,0.0,0.0,0.0,0.0,0.0,4542.0,3.697179536554931e+19,6924.0,0.0,0.0,0.0,-0.0,0.0,0.0,0.0,0.0,69,-0.0,-3.221995388546138e+26,0.0,0.0,0.0,0.0,0.0,0.0,0.0,0,0,0,0.0,0.0,0.0,0.0,0.0,0.0,0.0,0.0,0.0,0.0,0.0,0.0,0.0,0.0,0.0,0.0,0,-107875648.0,69,0.0,138,0.0,0.0,0,13107,17085,13107,17098,26215,17078,0,0,0,70,68,100,0.0,82.2,2.730238278947072e+23,77.7,2.730238639235042e+23,78.5,1,49,50,180,26215,0,0,0,0.0,0.0,0.0,0.0,-0.0,67.0,0.0,162057.094,0.0,967,0,990,0,0,0,946,0,1011,0,912,0,787,0,776,0,821,0,7520,0.032,1.5852670688344146e+19,0.0,0.0,784,16797,-0.0,162057.094,-114818.039,-0.0,0.133,6.909358625270745e+28,30.0,70.0,35,0.0,0.0,0.0,0.0,0.0,0.0,0.0,0.0,0.0,0.0,0.0,0.0,0.0,0.0,0.0,0.0,66.4,0,150,71,51,65476,0,300,0,0,8,20529,65476,0,0,44564,70.0,0.0,0.0,0.0,0.0,0.0
2026-09-10T21:53:06,ERR,ERR,ERR,ERR,ERR,ERR,ERR,ERR,ERR,ERR,ERR,ERR,ERR,ERR,ERR,ERR,ERR,ERR,ERR,ERR,ERR,ERR,ERR,ERR,ERR,ERR,ERR,ERR,ERR,ERR,ERR,ERR,ERR,ERR,ERR,ERR,ERR,ERR,ERR,ERR,ERR,ERR,ERR,ERR,ERR,ERR,ERR,ERR,ERR,ERR,ERR,ERR,ERR,ERR,ERR,ERR,ERR,ERR,ERR,ERR,ERR,ERR,ERR,ERR,ERR,ERR,ERR,ERR,ERR,ERR,ERR,ERR,ERR,ERR,ERR,ERR,ERR,ERR,ERR,ERR,ERR,ERR,ERR,ERR,ERR,ERR,ERR,ERR,ERR,ERR,ERR,ERR,ERR,ERR,ERR,ERR,ERR,ERR,ERR,ERR,ERR,ERR,ERR,ERR,ERR,ERR,ERR,ERR,ERR,ERR,ERR,ERR,ERR,ERR,ERR,ERR,ERR,ERR,ERR,ERR,ERR,ERR,ERR,ERR,ERR,0.0,-107615352.0,-0.0,0.0,0.0,1.3936040501711995e+18,7.805,0.0,0,0,4,0,7116,0.0,100,0.0,0.0,0.0,0.0,0.0,0,0,0,0,0.0,0,0,0,0,0,0,0,0,0,0,0,0,0,0,0,0,0,0,0,0,0,0,0,0,0,0,0,0,0,0,0,0,0,31,40,40,71,65476,0,300,0,0,8,21553,0.0,-107605600.0,0.0,0.0,0.0,0.0,0.0,0.0,0.0,0.0,0.0,0.0,0.0,0.0,0.0,0.0,0.0,0.0,0.0,0.0,0.0,0.0,-2.004,0.0,2.004,0.0,0.0,0.0,0.0,0.0,4542.0,3.697179536554931e+19,6924.0,0.0,0.0,0.0,-0.0,0.0,0.0,0.0,0.0,69,-0.0,-3.221995388546138e+26,0.0,0.0,0.0,0.0,0.0,0.0,0.0,0,0,0,0.0,0.0,0.0,0.0,0.0,0.0,0.0,0.0,0.0,0.0,0.0,0.0,0.0,0.0,0.0,0.0,0,-107875648.0,69,0.0,138,0.0,0.0,0,13107,17085,13107,17098,26215,17078,0,0,0,70,68,100,0.0,82.2,2.730238278947072e+23,77.7,2.730238639235042e+23,78.5,1,49,50,180,26215,0,0,0,0.0,0.0,0.0,0.0,-0.0,67.0,0.0,162057.094,0.0,967,0,990,0,0,0,946,0,1011,0,912,0,787,0,776,0,821,0,7520,0.032,1.5852670688344146e+19,0.0,0.0,784,16797,-0.0,162057.094,-114818.039,-0.0,0.133,6.909358625270745e+28,30.0,70.0,35,0.0,0.0,0.0,0.0,0.0,0.0,0.0,0.0,0.0,0.0,0.0,0.0,0.0,0.0,0.0,0.0,66.4,0,150,71,51,65476,0,300,0,0,8,20529,65476,0,0,44564,70.0,0.0,0.0,0.0,0.0,0.0
2026-09-10T21:53:07,ERR,ERR,ERR,ERR,ERR,ERR,ERR,ERR,ERR,ERR,ERR,ERR,ERR,ERR,ERR,ERR,ERR,ERR,ERR,ERR,ERR,ERR,ERR,ERR,ERR,ERR,ERR,ERR,ERR,ERR,ERR,ERR,ERR,ERR,ERR,ERR,ERR,ERR,ERR,ERR,ERR,ERR,ERR,ERR,ERR,ERR,ERR,ERR,ERR,ERR,ERR,ERR,ERR,ERR,ERR,ERR,ERR,ERR,ERR,ERR,ERR,ERR,ERR,ERR,ERR,ERR,ERR,ERR,ERR,ERR,ERR,ERR,ERR,ERR,ERR,ERR,ERR,ERR,ERR,ERR,ERR,ERR,ERR,ERR,ERR,ERR,ERR,ERR,ERR,ERR,ERR,ERR,ERR,ERR,ERR,ERR,ERR,ERR,ERR,ERR,ERR,ERR,ERR,ERR,ERR,ERR,ERR,ERR,ERR,ERR,ERR,ERR,ERR,ERR,ERR,ERR,ERR,ERR,ERR,ERR,ERR,ERR,ERR,ERR,ERR,0.0,-107615352.0,-0.0,0.0,0.0,1.3936040501711995e+18,7.805,0.0,0,0,4,0,7116,0.0,100,0.0,0.0,0.0,0.0,0.0,0,0,0,0,0.0,0,0,0,0,0,0,0,0,0,0,0,0,0,0,0,0,0,0,0,0,0,0,0,0,0,0,0,0,0,0,0,0,0,31,40,40,71,65476,0,300,0,0,8,21553,0.0,-107605600.0,0.0,0.0,0.0,0.0,0.0,0.0,0.0,0.0,0.0,0.0,0.0,0.0,0.0,0.0,0.0,0.0,0.0,0.0,0.0,0.0,-2.004,0.0,2.004,0.0,0.0,0.0,0.0,0.0,4542.0,3.697179536554931e+19,6924.0,0.0,0.0,0.0,-0.0,0.0,0.0,0.0,0.0,69,-0.0,-3.221995388546138e+26,0.0,0.0,0.0,0.0,0.0,0.0,0.0,0,0,0,0.0,0.0,0.0,0.0,0.0,0.0,0.0,0.0,0.0,0.0,0.0,0.0,0.0,0.0,0.0,0.0,0,-107875648.0,69,0.0,138,0.0,0.0,0,13107,17085,13107,17098,26215,17078,0,0,0,70,68,100,0.0,82.2,2.730238278947072e+23,77.7,2.730238639235042e+23,78.5,1,49,50,180,26215,0,0,0,0.0,0.0,0.0,0.0,-0.0,67.0,0.0,162057.094,0.0,967,0,990,0,0,0,946,0,1011,0,912,0,787,0,776,0,821,0,7520,0.032,1.5852670688344146e+19,0.0,0.0,784,16797,-0.0,162057.094,-114818.039,-0.0,0.133,6.909358625270745e+28,30.0,70.0,35,0.0,0.0,0.0,0.0,0.0,0.0,0.0,0.0,0.0,0.0,0.0,0.0,0.0,0.0,0.0,0.0,66.4,0,150,71,51,65476,0,300,0,0,8,20529,65476,0,0,44564,70.0,0.0,0.0,0.0,0.0,0.0
2026-09-10T21:53:08,ERR,ERR,ERR,ERR,ERR,ERR,ERR,ERR,ERR,ERR,ERR,ERR,ERR,ERR,ERR,ERR,ERR,ERR,ERR,ERR,ERR,ERR,ERR,ERR,ERR,ERR,ERR,ERR,ERR,ERR,ERR,ERR,ERR,ERR,ERR,ERR,ERR,ERR,ERR,ERR,ERR,ERR,ERR,ERR,ERR,ERR,ERR,ERR,ERR,ERR,ERR,ERR,ERR,ERR,ERR,ERR,ERR,ERR,ERR,ERR,ERR,ERR,ERR,ERR,ERR,ERR,ERR,ERR,ERR,ERR,ERR,ERR,ERR,ERR,ERR,ERR,ERR,ERR,ERR,ERR,ERR,ERR,ERR,ERR,ERR,ERR,ERR,ERR,ERR,ERR,ERR,ERR,ERR,ERR,ERR,ERR,ERR,ERR,ERR,ERR,ERR,ERR,ERR,ERR,ERR,ERR,ERR,ERR,ERR,ERR,ERR,ERR,ERR,ERR,ERR,ERR,ERR,ERR,ERR,ERR,ERR,ERR,ERR,ERR,ERR,0.0,-107615352.0,-0.0,0.0,0.0,1.3936040501711995e+18,7.805,0.0,0,0,4,0,7116,0.0,100,0.0,0.0,0.0,0.0,0.0,0,0,0,0,0.0,0,0,0,0,0,0,0,0,0,0,0,0,0,0,0,0,0,0,0,0,0,0,0,0,0,0,0,0,0,0,0,0,0,31,40,40,71,65476,0,300,0,0,8,21553,0.0,-107605600.0,0.0,0.0,0.0,0.0,0.0,0.0,0.0,0.0,0.0,0.0,0.0,0.0,0.0,0.0,0.0,0.0,0.0,0.0,0.0,0.0,-2.004,0.0,2.004,0.0,0.0,0.0,0.0,0.0,4542.0,3.697179536554931e+19,6924.0,0.0,0.0,0.0,-0.0,0.0,0.0,0.0,0.0,69,-0.0,-3.221995388546138e+26,0.0,0.0,0.0,0.0,0.0,0.0,0.0,0,0,0,0.0,0.0,0.0,0.0,0.0,0.0,0.0,0.0,0.0,0.0,0.0,0.0,0.0,0.0,0.0,0.0,0,-107875648.0,69,0.0,138,0.0,0.0,0,13107,17085,13107,17098,26215,17078,0,0,0,70,68,100,0.0,82.2,2.730238278947072e+23,77.7,2.730238639235042e+23,78.5,1,49,50,180,26215,0,0,0,0.0,0.0,0.0,0.0,-0.0,67.0,0.0,162057.094,0.0,967,0,990,0,0,0,946,0,1011,0,912,0,787,0,776,0,821,0,7520,0.032,1.5852670688344146e+19,0.0,0.0,784,16797,-0.0,162057.094,-114818.039,-0.0,0.133,6.909358625270745e+28,30.0,70.0,35,0.0,0.0,0.0,0.0,0.0,0.0,0.0,0.0,0.0,0.0,0.0,0.0,0.0,0.0,0.0,0.0,66.4,0,150,71,51,65476,0,300,0,0,8,20529,65476,0,0,44564,70.0,0.0,0.0,0.0,0.0,0.0
2026-09-10T21:53:09,ERR,ERR,ERR,ERR,ERR,ERR,ERR,ERR,ERR,ERR,ERR,ERR,ERR,ERR,ERR,ERR,ERR,ERR,ERR,ERR,ERR,ERR,ERR,ERR,ERR,ERR,ERR,ERR,ERR,ERR,ERR,ERR,ERR,ERR,ERR,ERR,ERR,ERR,ERR,ERR,ERR,ERR,ERR,ERR,ERR,ERR,ERR,ERR,ERR,ERR,ERR,ERR,ERR,ERR,ERR,ERR,ERR,ERR,ERR,ERR,ERR,ERR,ERR,ERR,ERR,ERR,ERR,ERR,ERR,ERR,ERR,ERR,ERR,ERR,ERR,ERR,ERR,ERR,ERR,ERR,ERR,ERR,ERR,ERR,ERR,ERR,ERR,ERR,ERR,ERR,ERR,ERR,ERR,ERR,ERR,ERR,ERR,ERR,ERR,ERR,ERR,ERR,ERR,ERR,ERR,ERR,ERR,ERR,ERR,ERR,ERR,ERR,ERR,ERR,ERR,ERR,ERR,ERR,ERR,ERR,ERR,ERR,ERR,ERR,ERR,0.0,-107615352.0,-0.0,0.0,0.0,1.3936040501711995e+18,7.805,0.0,0,0,4,0,7116,0.0,100,0.0,0.0,0.0,0.0,0.0,0,0,0,0,0.0,0,0,0,0,0,0,0,0,0,0,0,0,0,0,0,0,0,0,0,0,0,0,0,0,0,0,0,0,0,0,0,0,0,31,40,40,71,65476,0,300,0,0,8,21553,0.0,-107605600.0,0.0,0.0,0.0,0.0,0.0,0.0,0.0,0.0,0.0,0.0,0.0,0.0,0.0,0.0,0.0,0.0,0.0,0.0,0.0,0.0,-2.004,0.0,2.004,0.0,0.0,0.0,0.0,0.0,4542.0,564144826744832.0,6923.0,0.0,0.0,0.0,-0.0,0.0,0.0,0.0,0.0,69,-0.0,-3.221995388546138e+26,0.0,0.0,0.0,0.0,0.0,0.0,0.0,0,0,0,0.0,0.0,0.0,0.0,0.0,0.0,0.0,0.0,0.0,0.0,0.0,0.0,0.0,0.0,0.0,0.0,0,-107875648.0,69,0.0,138,0.0,0.0,0,13107,17085,13107,17098,26215,17078,0,0,0,70,68,100,0.0,82.2,2.730238278947072e+23,77.7,2.730238639235042e+23,78.5,1,49,50,180,26215,0,0,0,0.0,0.0,0.0,0.0,-0.0,67.0,0.0,162057.094,0.0,967,0,990,0,0,0,946,0,1011,0,912,0,787,0,776,0,821,0,7520,0.032,1.5852670688344146e+19,0.0,0.0,784,16797,-0.0,162057.094,-114818.039,-0.0,0.133,6.909358625270745e+28,30.0,70.0,35,0.0,0.0,0.0,0.0,0.0,0.0,0.0,0.0,0.0,0.0,0.0,0.0,0.0,0.0,0.0,0.0,66.4,0,150,71,51,65476,0,300,0,0,8,20529,65476,0,0,44564,70.0,0.0,0.0,0.0,0.0,0.0
2026-09-10T21:53:10,ERR,ERR,ERR,ERR,ERR,ERR,ERR,ERR,ERR,ERR,ERR,ERR,ERR,ERR,ERR,ERR,ERR,ERR,ERR,ERR,ERR,ERR,ERR,ERR,ERR,ERR,ERR,ERR,ERR,ERR,ERR,ERR,ERR,ERR,ERR,ERR,ERR,ERR,ERR,ERR,ERR,ERR,ERR,ERR,ERR,ERR,ERR,ERR,ERR,ERR,ERR,ERR,ERR,ERR,ERR,ERR,ERR,ERR,ERR,ERR,ERR,ERR,ERR,ERR,ERR,ERR,ERR,ERR,ERR,ERR,ERR,ERR,ERR,ERR,ERR,ERR,ERR,ERR,ERR,ERR,ERR,ERR,ERR,ERR,ERR,ERR,ERR,ERR,ERR,ERR,ERR,ERR,ERR,ERR,ERR,ERR,ERR,ERR,ERR,ERR,ERR,ERR,ERR,ERR,ERR,ERR,ERR,ERR,ERR,ERR,ERR,ERR,ERR,ERR,ERR,ERR,ERR,ERR,ERR,ERR,ERR,ERR,ERR,ERR,ERR,0.0,-107615352.0,-0.0,0.0,0.0,1.3936040501711995e+18,7.805,0.0,0,0,4,0,7116,0.0,100,0.0,0.0,0.0,0.0,0.0,0,0,0,0,0.0,0,0,0,0,0,0,0,0,0,0,0,0,0,0,0,0,0,0,0,0,0,0,0,0,0,0,0,0,0,0,0,0,0,31,40,40,71,65476,0,300,0,0,8,21553,0.0,-107605600.0,0.0,0.0,0.0,0.0,0.0,0.0,0.0,0.0,0.0,0.0,0.0,0.0,0.0,0.0,0.0,0.0,0.0,0.0,0.0,0.0,-2.004,0.0,2.004,0.0,0.0,0.0,0.0,0.0,4542.0,564144826744832.0,6923.0,0.0,0.0,0.0,-0.0,0.0,0.0,0.0,0.0,69,-0.0,-3.221995388546138e+26,0.0,0.0,0.0,0.0,0.0,0.0,0.0,0,0,0,0.0,0.0,0.0,0.0,0.0,0.0,0.0,0.0,0.0,0.0,0.0,0.0,0.0,0.0,0.0,0.0,0,-107875648.0,69,0.0,138,0.0,0.0,0,13107,17085,13107,17098,26215,17078,0,0,0,70,68,100,0.0,82.2,2.730238278947072e+23,77.7,2.730238639235042e+23,78.5,1,49,50,180,26215,0,0,0,0.0,0.0,0.0,0.0,-0.0,67.0,0.0,162057.094,0.0,967,0,990,0,0,0,946,0,1011,0,912,0,787,0,777,0,821,0,7520,0.032,1.5924728282382074e+19,0.0,0.0,784,16797,-0.0,162057.094,-114818.039,-0.0,0.133,6.909358625270745e+28,30.0,70.0,35,0.0,0.0,0.0,0.0,0.0,0.0,0.0,0.0,0.0,0.0,0.0,0.0,0.0,0.0,0.0,0.0,66.4,0,150,71,51,65476,0,300,0,0,8,20529,65476,0,0,44564,70.0,0.0,0.0,0.0,0.0,0.0
2026-09-10T21:53:11,ERR,ERR,ERR,ERR,ERR,ERR,ERR,ERR,ERR,ERR,ERR,ERR,ERR,ERR,ERR,ERR,ERR,ERR,ERR,ERR,ERR,ERR,ERR,ERR,ERR,ERR,ERR,ERR,ERR,ERR,ERR,ERR,ERR,ERR,ERR,ERR,ERR,ERR,ERR,ERR,ERR,ERR,ERR,ERR,ERR,ERR,ERR,ERR,ERR,ERR,ERR,ERR,ERR,ERR,ERR,ERR,ERR,ERR,ERR,ERR,ERR,ERR,ERR,ERR,ERR,ERR,ERR,ERR,ERR,ERR,ERR,ERR,ERR,ERR,ERR,ERR,ERR,ERR,ERR,ERR,ERR,ERR,ERR,ERR,ERR,ERR,ERR,ERR,ERR,ERR,ERR,ERR,ERR,ERR,ERR,ERR,ERR,ERR,ERR,ERR,ERR,ERR,ERR,ERR,ERR,ERR,ERR,ERR,ERR,ERR,ERR,ERR,ERR,ERR,ERR,ERR,ERR,ERR,ERR,ERR,ERR,ERR,ERR,ERR,ERR,0.0,-107615352.0,-0.0,0.0,0.0,1.3936040501711995e+18,7.805,0.0,0,0,4,0,7116,0.0,100,0.0,0.0,0.0,0.0,0.0,0,0,0,0,0.0,0,0,0,0,0,0,0,0,0,0,0,0,0,0,0,0,0,0,0,0,0,0,0,0,0,0,0,0,0,0,0,0,0,31,40,40,71,65476,0,300,0,0,8,21553,0.0,-107605600.0,0.0,0.0,0.0,0.0,0.0,0.0,0.0,0.0,0.0,0.0,0.0,0.0,0.0,0.0,0.0,0.0,0.0,0.0,0.0,0.0,-2.004,0.0,2.004,0.0,0.0,0.0,0.0,0.0,4542.0,564144826744832.0,6923.0,0.0,0.0,0.0,-0.0,0.0,0.0,0.0,0.0,69,-0.0,-3.221995388546138e+26,0.0,0.0,0.0,0.0,0.0,0.0,0.0,0,0,0,0.0,0.0,0.0,0.0,0.0,0.0,0.0,0.0,0.0,0.0,0.0,0.0,0.0,0.0,0.0,0.0,0,-107875648.0,69,0.0,138,0.0,0.0,0,13107,17085,13107,17098,26215,17078,0,0,0,70,68,100,0.0,82.2,2.730238278947072e+23,77.7,2.730238639235042e+23,78.5,1,49,50,180,26215,0,0,0,0.0,0.0,0.0,0.0,-0.0,67.0,0.0,162057.094,0.0,967,0,990,0,0,0,946,0,1011,0,912,0,787,0,777,0,821,0,7520,0.032,1.5924728282382074e+19,0.0,0.0,784,16797,-0.0,162057.094,-114818.039,-0.0,0.133,6.909358625270745e+28,30.0,70.0,35,0.0,0.0,0.0,0.0,0.0,0.0,0.0,0.0,0.0,0.0,0.0,0.0,0.0,0.0,0.0,0.0,66.4,0,150,71,51,65476,0,300,0,0,8,20529,65476,0,0,44564,70.0,0.0,0.0,0.0,0.0,0.0
2026-09-10T21:53:12,ERR,ERR,ERR,ERR,ERR,ERR,ERR,ERR,ERR,ERR,ERR,ERR,ERR,ERR,ERR,ERR,ERR,ERR,ERR,ERR,ERR,ERR,ERR,ERR,ERR,ERR,ERR,ERR,ERR,ERR,ERR,ERR,ERR,ERR,ERR,ERR,ERR,ERR,ERR,ERR,ERR,ERR,ERR,ERR,ERR,ERR,ERR,ERR,ERR,ERR,ERR,ERR,ERR,ERR,ERR,ERR,ERR,ERR,ERR,ERR,ERR,ERR,ERR,ERR,ERR,ERR,ERR,ERR,ERR,ERR,ERR,ERR,ERR,ERR,ERR,ERR,ERR,ERR,ERR,ERR,ERR,ERR,ERR,ERR,ERR,ERR,ERR,ERR,ERR,ERR,ERR,ERR,ERR,ERR,ERR,ERR,ERR,ERR,ERR,ERR,ERR,ERR,ERR,ERR,ERR,ERR,ERR,ERR,ERR,ERR,ERR,ERR,ERR,ERR,ERR,ERR,ERR,ERR,ERR,ERR,ERR,ERR,ERR,ERR,ERR,0.0,-107615352.0,-0.0,0.0,0.0,1.3936040501711995e+18,7.805,0.0,0,0,4,0,7116,0.0,100,0.0,0.0,0.0,0.0,0.0,0,0,0,0,0.0,0,0,0,0,0,0,0,0,0,0,0,0,0,0,0,0,0,0,0,0,0,0,0,0,0,0,0,0,0,0,0,0,0,31,40,40,71,65476,0,300,0,0,8,21553,0.0,-107605600.0,0.0,0.0,0.0,0.0,0.0,0.0,0.0,0.0,0.0,0.0,0.0,0.0,0.0,0.0,0.0,0.0,0.0,0.0,0.0,0.0,-2.004,0.0,2.004,0.0,0.0,0.0,0.0,0.0,4542.0,564144826744832.0,6923.0,0.0,0.0,0.0,-0.0,0.0,0.0,0.0,0.0,69,-0.0,-3.221995388546138e+26,0.0,0.0,0.0,0.0,0.0,0.0,0.0,0,0,0,0.0,0.0,0.0,0.0,0.0,0.0,0.0,0.0,0.0,0.0,0.0,0.0,0.0,0.0,0.0,0.0,0,-107875648.0,69,0.0,138,0.0,0.0,0,13107,17085,13107,17098,26215,17078,0,0,0,70,68,100,0.0,82.2,2.730238278947072e+23,77.7,2.730238639235042e+23,78.5,1,49,50,180,26215,0,0,0,0.0,0.0,0.0,0.0,-0.0,67.0,0.0,162057.094,0.0,967,0,990,0,0,0,946,0,1011,0,912,0,787,0,777,0,821,0,7520,0.032,1.5924728282382074e+19,0.0,0.0,784,16797,-0.0,162057.094,-114818.039,-0.0,0.133,6.909358625270745e+28,30.0,70.0,35,0.0,0.0,0.0,0.0,0.0,0.0,0.0,0.0,0.0,0.0,0.0,0.0,0.0,0.0,0.0,0.0,66.4,0,150,71,51,65476,0,300,0,0,8,20529,65476,0,0,44564,70.0,0.0,0.0,0.0,0.0,0.0
2026-09-10T21:53:13,ERR,ERR,ERR,ERR,ERR,ERR,ERR,ERR,ERR,ERR,ERR,ERR,ERR,ERR,ERR,ERR,ERR,ERR,ERR,ERR,ERR,ERR,ERR,ERR,ERR,ERR,ERR,ERR,ERR,ERR,ERR,ERR,ERR,ERR,ERR,ERR,ERR,ERR,ERR,ERR,ERR,ERR,ERR,ERR,ERR,ERR,ERR,ERR,ERR,ERR,ERR,ERR,ERR,ERR,ERR,ERR,ERR,ERR,ERR,ERR,ERR,ERR,ERR,ERR,ERR,ERR,ERR,ERR,ERR,ERR,ERR,ERR,ERR,ERR,ERR,ERR,ERR,ERR,ERR,ERR,ERR,ERR,ERR,ERR,ERR,ERR,ERR,ERR,ERR,ERR,ERR,ERR,ERR,ERR,ERR,ERR,ERR,ERR,ERR,ERR,ERR,ERR,ERR,ERR,ERR,ERR,ERR,ERR,ERR,ERR,ERR,ERR,ERR,ERR,ERR,ERR,ERR,ERR,ERR,ERR,ERR,ERR,ERR,ERR,ERR,0.0,-107615352.0,-0.0,0.0,0.0,1.3936040501711995e+18,7.805,0.0,0,0,4,0,7116,0.0,100,0.0,0.0,0.0,0.0,0.0,0,0,0,0,0.0,0,0,0,0,0,0,0,0,0,0,0,0,0,0,0,0,0,0,0,0,0,0,0,0,0,0,0,0,0,0,0,0,0,31,40,40,71,65476,0,300,0,0,8,21553,0.0,-107605600.0,0.0,0.0,0.0,0.0,0.0,0.0,0.0,0.0,0.0,0.0,0.0,0.0,0.0,0.0,0.0,0.0,0.0,0.0,0.0,0.0,-2.004,0.0,2.004,0.0,0.0,0.0,0.0,0.0,4542.0,564144826744832.0,6923.0,0.0,0.0,0.0,-0.0,0.0,0.0,0.0,0.0,69,-0.0,-3.221995388546138e+26,0.0,0.0,0.0,0.0,0.0,0.0,0.0,0,0,0,0.0,0.0,0.0,0.0,0.0,0.0,0.0,0.0,0.0,0.0,0.0,0.0,0.0,0.0,0.0,0.0,0,-107875648.0,69,0.0,138,0.0,0.0,0,13107,17085,13107,17098,26215,17078,0,0,0,70,68,100,0.0,82.2,2.730238278947072e+23,77.7,2.730238639235042e+23,78.5,1,49,50,180,26215,0,0,0,0.0,0.0,0.0,0.0,-0.0,67.0,0.0,162057.094,0.0,967,0,990,0,0,0,946,0,1011,0,912,0,787,0,777,0,821,0,7520,0.032,1.5924728282382074e+19,0.0,0.0,784,16797,-0.0,162057.094,-114818.039,-0.0,0.133,6.909358625270745e+28,30.0,70.0,35,0.0,0.0,0.0,0.0,0.0,0.0,0.0,0.0,0.0,0.0,0.0,0.0,0.0,0.0,0.0,0.0,66.4,0,150,71,51,65476,0,300,0,0,8,20529,65476,0,0,44564,70.0,0.0,0.0,0.0,0.0,0.0
2026-09-10T21:53:14,ERR,ERR,ERR,ERR,ERR,ERR,ERR,ERR,ERR,ERR,ERR,ERR,ERR,ERR,ERR,ERR,ERR,ERR,ERR,ERR,ERR,ERR,ERR,ERR,ERR,ERR,ERR,ERR,ERR,ERR,ERR,ERR,ERR,ERR,ERR,ERR,ERR,ERR,ERR,ERR,ERR,ERR,ERR,ERR,ERR,ERR,ERR,ERR,ERR,ERR,ERR,ERR,ERR,ERR,ERR,ERR,ERR,ERR,ERR,ERR,ERR,ERR,ERR,ERR,ERR,ERR,ERR,ERR,ERR,ERR,ERR,ERR,ERR,ERR,ERR,ERR,ERR,ERR,ERR,ERR,ERR,ERR,ERR,ERR,ERR,ERR,ERR,ERR,ERR,ERR,ERR,ERR,ERR,ERR,ERR,ERR,ERR,ERR,ERR,ERR,ERR,ERR,ERR,ERR,ERR,ERR,ERR,ERR,ERR,ERR,ERR,ERR,ERR,ERR,ERR,ERR,ERR,ERR,ERR,ERR,ERR,ERR,ERR,ERR,ERR,0.0,-107615352.0,-0.0,0.0,0.0,1.3936040501711995e+18,7.805,0.0,0,0,4,0,7116,0.0,100,0.0,0.0,0.0,0.0,0.0,0,0,0,0,0.0,0,0,0,0,0,0,0,0,0,0,0,0,0,0,0,0,0,0,0,0,0,0,0,0,0,0,0,0,0,0,0,0,0,31,40,40,71,65476,0,300,0,0,8,21553,0.0,-107605600.0,0.0,0.0,0.0,0.0,0.0,0.0,0.0,0.0,0.0,0.0,0.0,0.0,0.0,0.0,0.0,0.0,0.0,0.0,0.0,0.0,-2.004,0.0,2.004,0.0,0.0,0.0,0.0,0.0,4542.0,564144826744832.0,6923.0,0.0,0.0,0.0,-0.0,0.0,0.0,0.0,0.0,69,-0.0,-3.221995388546138e+26,0.0,0.0,0.0,0.0,0.0,0.0,0.0,0,0,0,0.0,0.0,0.0,0.0,0.0,0.0,0.0,0.0,0.0,0.0,0.0,0.0,0.0,0.0,0.0,0.0,0,-107875648.0,69,0.0,138,0.0,0.0,0,13107,17085,13107,17098,26215,17078,0,0,0,70,68,100,0.0,82.2,2.730238278947072e+23,77.7,2.730238639235042e+23,78.5,1,49,50,180,26215,0,0,0,0.0,0.0,0.0,0.0,-0.0,67.0,0.0,162057.094,0.0,967,0,990,0,0,0,946,0,1011,0,912,0,787,0,777,0,821,0,7520,0.032,1.5924728282382074e+19,0.0,0.0,784,16797,-0.0,162057.094,-114818.039,-0.0,0.133,6.909358625270745e+28,30.0,70.0,35,0.0,0.0,0.0,0.0,0.0,0.0,0.0,0.0,0.0,0.0,0.0,0.0,0.0,0.0,0.0,0.0,66.4,0,150,71,51,65476,0,300,0,0,8,20529,65476,0,0,44564,70.0,0.0,0.0,0.0,0.0,0.0
2026-09-10T21:53:15,ERR,ERR,ERR,ERR,ERR,ERR,ERR,ERR,ERR,ERR,ERR,ERR,ERR,ERR,ERR,ERR,ERR,ERR,ERR,ERR,ERR,ERR,ERR,ERR,ERR,ERR,ERR,ERR,ERR,ERR,ERR,ERR,ERR,ERR,ERR,ERR,ERR,ERR,ERR,ERR,ERR,ERR,ERR,ERR,ERR,ERR,ERR,ERR,ERR,ERR,ERR,ERR,ERR,ERR,ERR,ERR,ERR,ERR,ERR,ERR,ERR,ERR,ERR,ERR,ERR,ERR,ERR,ERR,ERR,ERR,ERR,ERR,ERR,ERR,ERR,ERR,ERR,ERR,ERR,ERR,ERR,ERR,ERR,ERR,ERR,ERR,ERR,ERR,ERR,ERR,ERR,ERR,ERR,ERR,ERR,ERR,ERR,ERR,ERR,ERR,ERR,ERR,ERR,ERR,ERR,ERR,ERR,ERR,ERR,ERR,ERR,ERR,ERR,ERR,ERR,ERR,ERR,ERR,ERR,ERR,ERR,ERR,ERR,ERR,ERR,0.0,-107615352.0,-0.0,0.0,0.0,1.3936040501711995e+18,7.805,0.0,0,0,4,0,7116,0.0,100,0.0,0.0,0.0,0.0,0.0,0,0,0,0,0.0,0,0,0,0,0,0,0,0,0,0,0,0,0,0,0,0,0,0,0,0,0,0,0,0,0,0,0,0,0,0,0,0,0,31,40,40,71,65476,0,300,0,0,8,21553,0.0,-107605600.0,0.0,0.0,0.0,0.0,0.0,0.0,0.0,0.0,0.0,0.0,0.0,0.0,0.0,0.0,0.0,0.0,0.0,0.0,0.0,0.0,-2.004,0.0,2.004,0.0,0.0,0.0,0.0,0.0,4542.0,564144826744832.0,6923.0,0.0,0.0,0.0,-0.0,0.0,0.0,0.0,0.0,69,-0.0,-3.221995388546138e+26,0.0,0.0,0.0,0.0,0.0,0.0,0.0,0,0,0,0.0,0.0,0.0,0.0,0.0,0.0,0.0,0.0,0.0,0.0,0.0,0.0,0.0,0.0,0.0,0.0,0,-107875648.0,69,0.0,138,0.0,0.0,0,13107,17085,13107,17098,26215,17078,0,0,0,70,68,100,0.0,82.2,2.730238278947072e+23,77.7,2.730238639235042e+23,78.5,1,49,50,180,26215,0,0,0,0.0,0.0,0.0,0.0,-0.0,67.0,0.0,162057.094,0.0,967,0,990,0,0,0,946,0,1011,0,912,0,787,0,777,0,821,0,7520,0.032,1.5924728282382074e+19,0.0,0.0,784,16797,-0.0,162057.094,-114818.039,-0.0,0.133,6.909358625270745e+28,30.0,70.0,35,0.0,0.0,0.0,0.0,0.0,0.0,0.0,0.0,0.0,0.0,0.0,0.0,0.0,0.0,0.0,0.0,66.4,0,150,71,51,65476,0,300,0,0,8,20529,65476,0,0,44564,70.0,0.0,0.0,0.0,0.0,0.0
2026-09-10T21:53:16,ERR,ERR,ERR,ERR,ERR,ERR,ERR,ERR,ERR,ERR,ERR,ERR,ERR,ERR,ERR,ERR,ERR,ERR,ERR,ERR,ERR,ERR,ERR,ERR,ERR,ERR,ERR,ERR,ERR,ERR,ERR,ERR,ERR,ERR,ERR,ERR,ERR,ERR,ERR,ERR,ERR,ERR,ERR,ERR,ERR,ERR,ERR,ERR,ERR,ERR,ERR,ERR,ERR,ERR,ERR,ERR,ERR,ERR,ERR,ERR,ERR,ERR,ERR,ERR,ERR,ERR,ERR,ERR,ERR,ERR,ERR,ERR,ERR,ERR,ERR,ERR,ERR,ERR,ERR,ERR,ERR,ERR,ERR,ERR,ERR,ERR,ERR,ERR,ERR,ERR,ERR,ERR,ERR,ERR,ERR,ERR,ERR,ERR,ERR,ERR,ERR,ERR,ERR,ERR,ERR,ERR,ERR,ERR,ERR,ERR,ERR,ERR,ERR,ERR,ERR,ERR,ERR,ERR,ERR,ERR,ERR,ERR,ERR,ERR,ERR,0.0,-107615352.0,-0.0,0.0,0.0,1.3936040501711995e+18,7.805,0.0,0,0,4,0,7116,0.0,100,0.0,0.0,0.0,0.0,0.0,0,0,0,0,0.0,0,0,0,0,0,0,0,0,0,0,0,0,0,0,0,0,0,0,0,0,0,0,0,0,0,0,0,0,0,0,0,0,0,31,40,40,71,65476,0,300,0,0,8,21553,0.0,-107605600.0,0.0,0.0,0.0,0.0,0.0,0.0,0.0,0.0,0.0,0.0,0.0,0.0,0.0,0.0,0.0,0.0,0.0,0.0,0.0,0.0,-2.004,0.0,2.004,0.0,0.0,0.0,0.0,0.0,4542.0,564144826744832.0,6923.0,0.0,0.0,0.0,-0.0,0.0,0.0,0.0,0.0,69,-0.0,-3.221995388546138e+26,0.0,0.0,0.0,0.0,0.0,0.0,0.0,0,0,0,0.0,0.0,0.0,0.0,0.0,0.0,0.0,0.0,0.0,0.0,0.0,0.0,0.0,0.0,0.0,0.0,0,-107875648.0,69,0.0,138,0.0,0.0,0,13107,17085,13107,17098,26215,17078,0,0,0,70,68,100,0.0,82.2,2.730238278947072e+23,77.7,2.730238639235042e+23,78.5,1,49,50,180,26215,52429,0,0,0.0,0.0,0.0,0.0,-0.0,67.0,0.0,162057.094,0.0,968,0,990,0,0,0,946,0,1011,0,912,0,787,0,777,0,821,0,7520,0.032,1.5780613094306218e+19,0.0,0.0,784,16797,-0.0,162057.094,-114818.039,-0.0,0.133,6.909358625270745e+28,30.0,70.0,35,0.0,0.0,0.0,0.0,0.0,0.0,0.0,0.0,0.0,0.0,0.0,0.0,0.0,0.0,0.0,0.0,66.8,0,150,71,51,65476,0,300,0,0,8,20529,65476,0,0,44564,70.0,0.0,0.0,0.0,0.0,0.0
2026-09-10T21:53:17,ERR,ERR,ERR,ERR,ERR,ERR,ERR,ERR,ERR,ERR,ERR,ERR,ERR,ERR,ERR,ERR,ERR,ERR,ERR,ERR,ERR,ERR,ERR,ERR,ERR,ERR,ERR,ERR,ERR,ERR,ERR,ERR,ERR,ERR,ERR,ERR,ERR,ERR,ERR,ERR,ERR,ERR,ERR,ERR,ERR,ERR,ERR,ERR,ERR,ERR,ERR,ERR,ERR,ERR,ERR,ERR,ERR,ERR,ERR,ERR,ERR,ERR,ERR,ERR,ERR,ERR,ERR,ERR,ERR,ERR,ERR,ERR,ERR,ERR,ERR,ERR,ERR,ERR,ERR,ERR,ERR,ERR,ERR,ERR,ERR,ERR,ERR,ERR,ERR,ERR,ERR,ERR,ERR,ERR,ERR,ERR,ERR,ERR,ERR,ERR,ERR,ERR,ERR,ERR,ERR,ERR,ERR,ERR,ERR,ERR,ERR,ERR,ERR,ERR,ERR,ERR,ERR,ERR,ERR,ERR,ERR,ERR,ERR,ERR,ERR,0.0,-107615352.0,-0.0,0.0,0.0,1.3936040501711995e+18,7.805,0.0,0,0,4,0,7116,0.0,100,0.0,0.0,0.0,0.0,0.0,0,0,0,0,0.0,0,0,0,0,0,0,0,0,0,0,0,0,0,0,0,0,0,0,0,0,0,0,0,0,0,0,0,0,0,0,0,0,0,31,40,40,71,65476,0,300,0,0,8,21553,0.0,-107605600.0,0.0,0.0,0.0,0.0,0.0,0.0,0.0,0.0,0.0,0.0,0.0,0.0,0.0,0.0,0.0,0.0,0.0,0.0,0.0,0.0,-2.004,0.0,2.004,0.0,0.0,0.0,0.0,0.0,4542.0,564144826744832.0,6923.0,0.0,0.0,0.0,-0.0,0.0,0.0,0.0,0.0,69,-0.0,-3.221995388546138e+26,0.0,0.0,0.0,0.0,0.0,0.0,0.0,0,0,0,0.0,0.0,0.0,0.0,0.0,0.0,0.0,0.0,0.0,0.0,0.0,0.0,0.0,0.0,0.0,0.0,0,-107875648.0,69,0.0,138,0.0,0.0,0,13107,17085,13107,17098,26215,17078,0,0,0,70,68,100,0.0,82.2,2.730238278947072e+23,77.7,2.730238639235042e+23,78.5,1,49,50,180,26215,52429,0,0,0.0,0.0,0.0,0.0,-0.0,67.0,0.0,162057.094,0.0,968,0,990,0,0,0,946,0,1011,0,912,0,787,0,777,0,821,0,7520,0.032,1.5780613094306218e+19,0.0,0.0,784,16797,-0.0,162057.094,-114818.039,-0.0,0.133,6.909358625270745e+28,30.0,70.0,35,0.0,0.0,0.0,0.0,0.0,0.0,0.0,0.0,0.0,0.0,0.0,0.0,0.0,0.0,0.0,0.0,66.8,0,150,71,51,65476,0,300,0,0,8,20529,65476,0,0,44564,70.0,0.0,0.0,0.0,0.0,0.0
2026-09-10T21:53:18,ERR,ERR,ERR,ERR,ERR,ERR,ERR,ERR,ERR,ERR,ERR,ERR,ERR,ERR,ERR,ERR,ERR,ERR,ERR,ERR,ERR,ERR,ERR,ERR,ERR,ERR,ERR,ERR,ERR,ERR,ERR,ERR,ERR,ERR,ERR,ERR,ERR,ERR,ERR,ERR,ERR,ERR,ERR,ERR,ERR,ERR,ERR,ERR,ERR,ERR,ERR,ERR,ERR,ERR,ERR,ERR,ERR,ERR,ERR,ERR,ERR,ERR,ERR,ERR,ERR,ERR,ERR,ERR,ERR,ERR,ERR,ERR,ERR,ERR,ERR,ERR,ERR,ERR,ERR,ERR,ERR,ERR,ERR,ERR,ERR,ERR,ERR,ERR,ERR,ERR,ERR,ERR,ERR,ERR,ERR,ERR,ERR,ERR,ERR,ERR,ERR,ERR,ERR,ERR,ERR,ERR,ERR,ERR,ERR,ERR,ERR,ERR,ERR,ERR,ERR,ERR,ERR,ERR,ERR,ERR,ERR,ERR,ERR,ERR,ERR,0.0,-107615352.0,0.0,0.0,0.0,1.3936040501711995e+18,7.805,0.0,0,0,4,0,7116,0.0,100,0.0,0.0,0.0,0.0,0.0,0,0,0,0,0.0,0,0,0,0,0,0,0,0,0,0,0,0,0,0,0,0,0,0,0,0,0,0,0,0,0,0,0,0,0,0,0,0,0,31,40,40,71,65476,0,300,0,0,8,21553,0.0,-107605600.0,0.0,0.0,0.0,0.0,0.0,0.0,0.0,0.0,0.0,0.0,0.0,0.0,0.0,0.0,0.0,0.0,0.0,0.0,0.0,0.0,-2.004,0.0,2.004,0.0,0.0,0.0,0.0,0.0,4512.0,1.0406635239469131e+34,6929.0,0.0,-107615352.0,0.0,-0.0,0.0,0.0,0.0,0.0,69,-0.0,0.0,0.0,0.0,0.0,0.0,0.0,0.0,0.0,0,0,0,0.0,0.0,0.0,0.0,0.0,0.0,0.0,0.0,0.0,0.0,0.0,0.0,0.0,0.0,0.0,0.0,0,-107875648.0,69,0.0,138,0.0,0.0,0,13107,17085,13107,17098,26215,17078,0,0,0,70,68,100,0.0,82.2,2.730238278947072e+23,77.7,2.730238639235042e+23,78.5,1,49,50,180,26215,52429,0,0,0.0,0.0,0.0,0.0,-0.0,67.0,0.0,162057.094,0.0,968,0,990,0,0,0,946,0,1011,0,912,0,787,0,777,0,821,0,7520,0.032,1.5780613094306218e+19,0.0,0.0,784,16797,-0.0,162057.094,-114818.039,-0.0,0.133,6.909358625270745e+28,30.0,70.0,35,0.0,0.0,0.0,0.0,0.0,0.0,0.0,0.0,0.0,0.0,0.0,0.0,0.0,0.0,0.0,0.0,66.8,0,150,71,51,65476,0,300,0,0,8,20529,65476,0,0,44564,70.0,0.0,0.0,0.0,0.0,0.0
2026-09-10T21:53:19,ERR,ERR,ERR,ERR,ERR,ERR,ERR,ERR,ERR,ERR,ERR,ERR,ERR,ERR,ERR,ERR,ERR,ERR,ERR,ERR,ERR,ERR,ERR,ERR,ERR,ERR,ERR,ERR,ERR,ERR,ERR,ERR,ERR,ERR,ERR,ERR,ERR,ERR,ERR,ERR,ERR,ERR,ERR,ERR,ERR,ERR,ERR,ERR,ERR,ERR,ERR,ERR,ERR,ERR,ERR,ERR,ERR,ERR,ERR,ERR,ERR,ERR,ERR,ERR,ERR,ERR,ERR,ERR,ERR,ERR,ERR,ERR,ERR,ERR,ERR,ERR,ERR,ERR,ERR,ERR,ERR,ERR,ERR,ERR,ERR,ERR,ERR,ERR,ERR,ERR,ERR,ERR,ERR,ERR,ERR,ERR,ERR,ERR,ERR,ERR,ERR,ERR,ERR,ERR,ERR,ERR,ERR,ERR,ERR,ERR,ERR,ERR,ERR,ERR,ERR,ERR,ERR,ERR,ERR,ERR,ERR,ERR,ERR,ERR,ERR,0.0,-107615352.0,0.0,0.0,0.0,1.3936040501711995e+18,7.805,0.0,0,0,4,0,7116,0.0,100,0.0,0.0,0.0,0.0,0.0,0,0,0,0,0.0,0,0,0,0,0,0,0,0,0,0,0,0,0,0,0,0,0,0,0,0,0,0,0,0,0,0,0,0,0,0,0,0,0,31,40,40,71,65476,0,300,0,0,8,21553,0.0,-107605600.0,0.0,0.0,0.0,0.0,0.0,0.0,0.0,0.0,0.0,0.0,0.0,0.0,0.0,0.0,0.0,0.0,0.0,0.0,0.0,0.0,-2.004,0.0,2.004,0.0,0.0,0.0,0.0,0.0,4512.0,1.0406635239469131e+34,6929.0,0.0,-107615352.0,0.0,-0.0,0.0,0.0,0.0,0.0,69,-0.0,0.0,0.0,0.0,0.0,0.0,0.0,0.0,0.0,0,0,0,0.0,0.0,0.0,0.0,0.0,0.0,0.0,0.0,0.0,0.0,0.0,0.0,0.0,0.0,0.0,0.0,0,-107875648.0,69,0.0,138,0.0,0.0,0,13107,17085,13107,17098,26215,17078,0,0,0,70,68,100,0.0,82.2,2.730238278947072e+23,77.7,2.730238639235042e+23,78.5,1,49,50,180,26215,52429,0,0,0.0,0.0,0.0,0.0,-0.0,67.0,0.0,162057.094,0.0,968,0,990,0,0,0,946,0,1011,0,912,0,787,0,777,0,821,0,7520,0.032,1.5780613094306218e+19,0.0,0.0,784,16797,-0.0,162057.094,-114818.039,-0.0,0.133,6.909358625270745e+28,30.0,70.0,35,0.0,0.0,0.0,0.0,0.0,0.0,0.0,0.0,0.0,0.0,0.0,0.0,0.0,0.0,0.0,0.0,66.4,0,150,71,51,65476,0,300,0,0,8,20529,65476,0,0,44564,70.0,0.0,0.0,0.0,0.0,0.0
2026-09-10T21:53:20,ERR,ERR,ERR,ERR,ERR,ERR,ERR,ERR,ERR,ERR,ERR,ERR,ERR,ERR,ERR,ERR,ERR,ERR,ERR,ERR,ERR,ERR,ERR,ERR,ERR,ERR,ERR,ERR,ERR,ERR,ERR,ERR,ERR,ERR,ERR,ERR,ERR,ERR,ERR,ERR,ERR,ERR,ERR,ERR,ERR,ERR,ERR,ERR,ERR,ERR,ERR,ERR,ERR,ERR,ERR,ERR,ERR,ERR,ERR,ERR,ERR,ERR,ERR,ERR,ERR,ERR,ERR,ERR,ERR,ERR,ERR,ERR,ERR,ERR,ERR,ERR,ERR,ERR,ERR,ERR,ERR,ERR,ERR,ERR,ERR,ERR,ERR,ERR,ERR,ERR,ERR,ERR,ERR,ERR,ERR,ERR,ERR,ERR,ERR,ERR,ERR,ERR,ERR,ERR,ERR,ERR,ERR,ERR,ERR,ERR,ERR,ERR,ERR,ERR,ERR,ERR,ERR,ERR,ERR,ERR,ERR,ERR,ERR,ERR,ERR,0.0,-107615352.0,0.0,0.0,0.0,1.3936040501711995e+18,7.805,0.0,0,0,4,0,7116,0.0,100,0.0,0.0,0.0,0.0,0.0,0,0,0,0,0.0,0,0,0,0,0,0,0,0,0,0,0,0,0,0,0,0,0,0,0,0,0,0,0,0,0,0,0,0,0,0,0,0,0,31,40,40,71,65476,0,300,0,0,8,21553,0.0,-107605600.0,0.0,0.0,0.0,0.0,0.0,0.0,0.0,0.0,0.0,0.0,0.0,0.0,0.0,0.0,0.0,0.0,0.0,0.0,0.0,0.0,-2.004,0.0,2.004,0.0,0.0,0.0,0.0,0.0,4512.0,1.0406635239469131e+34,6929.0,0.0,-107615352.0,0.0,-0.0,0.0,0.0,0.0,0.0,69,-0.0,0.0,0.0,0.0,0.0,0.0,0.0,0.0,0.0,0,0,0,0.0,0.0,0.0,0.0,0.0,0.0,0.0,0.0,0.0,0.0,0.0,0.0,0.0,0.0,0.0,0.0,0,-107875648.0,69,0.0,138,0.0,0.0,0,13107,17085,13107,17098,26215,17078,0,0,0,70,68,100,0.0,82.2,2.730238278947072e+23,77.7,2.730238639235042e+23,78.5,1,49,50,180,26215,52429,0,0,0.0,0.0,0.0,0.0,-0.0,67.0,0.0,162057.094,0.0,968,0,990,0,0,0,946,0,1011,0,912,0,787,0,777,0,821,0,7520,0.032,1.5780613094306218e+19,0.0,0.0,784,16797,-0.0,162057.094,-114818.039,-0.0,0.133,6.909358625270745e+28,30.0,70.0,35,0.0,0.0,0.0,0.0,0.0,0.0,0.0,0.0,0.0,0.0,0.0,0.0,0.0,0.0,0.0,0.0,66.4,0,150,71,51,65476,0,300,0,0,8,20529,65476,0,0,44564,70.0,0.0,0.0,0.0,0.0,0.0
2026-09-10T21:53:21,ERR,ERR,ERR,ERR,ERR,ERR,ERR,ERR,ERR,ERR,ERR,ERR,ERR,ERR,ERR,ERR,ERR,ERR,ERR,ERR,ERR,ERR,ERR,ERR,ERR,ERR,ERR,ERR,ERR,ERR,ERR,ERR,ERR,ERR,ERR,ERR,ERR,ERR,ERR,ERR,ERR,ERR,ERR,ERR,ERR,ERR,ERR,ERR,ERR,ERR,ERR,ERR,ERR,ERR,ERR,ERR,ERR,ERR,ERR,ERR,ERR,ERR,ERR,ERR,ERR,ERR,ERR,ERR,ERR,ERR,ERR,ERR,ERR,ERR,ERR,ERR,ERR,ERR,ERR,ERR,ERR,ERR,ERR,ERR,ERR,ERR,ERR,ERR,ERR,ERR,ERR,ERR,ERR,ERR,ERR,ERR,ERR,ERR,ERR,ERR,ERR,ERR,ERR,ERR,ERR,ERR,ERR,ERR,ERR,ERR,ERR,ERR,ERR,ERR,ERR,ERR,ERR,ERR,ERR,ERR,ERR,ERR,ERR,ERR,ERR,0.0,-107615352.0,0.0,0.0,0.0,1.3936040501711995e+18,7.805,0.0,0,0,4,0,7116,0.0,100,0.0,0.0,0.0,0.0,0.0,0,0,0,0,0.0,0,0,0,0,0,0,0,0,0,0,0,0,0,0,0,0,0,0,0,0,0,0,0,0,0,0,0,0,0,0,0,0,0,31,40,40,71,65476,0,300,0,0,8,21553,0.0,-107605600.0,0.0,0.0,0.0,0.0,0.0,0.0,0.0,0.0,0.0,0.0,0.0,0.0,0.0,0.0,0.0,0.0,0.0,0.0,0.0,0.0,-2.004,0.0,2.004,0.0,0.0,0.0,0.0,0.0,4512.0,1.0406635239469131e+34,6929.0,0.0,-107615352.0,0.0,-0.0,0.0,0.0,0.0,0.0,69,-0.0,0.0,0.0,0.0,0.0,0.0,0.0,0.0,0.0,0,0,0,0.0,0.0,0.0,0.0,0.0,0.0,0.0,0.0,0.0,0.0,0.0,0.0,0.0,0.0,0.0,0.0,0,-107875648.0,69,0.0,138,0.0,0.0,0,13107,17085,13107,17098,26215,17078,0,0,0,70,68,100,0.0,82.2,2.730238278947072e+23,77.7,2.730238639235042e+23,78.5,1,49,50,180,26215,52429,0,0,0.0,0.0,0.0,0.0,-0.0,67.0,0.0,162057.094,0.0,968,0,990,0,0,0,946,0,1011,0,912,0,787,0,777,0,821,0,7520,0.032,1.5780613094306218e+19,0.0,0.0,784,16797,-0.0,162057.094,-114818.039,-0.0,0.133,6.909358625270745e+28,30.0,70.0,35,0.0,0.0,0.0,0.0,0.0,0.0,0.0,0.0,0.0,0.0,0.0,0.0,0.0,0.0,0.0,0.0,66.4,0,150,71,51,65476,0,300,0,0,8,20529,65476,0,0,44564,70.0,0.0,0.0,0.0,0.0,0.0
2026-09-10T21:53:22,ERR,ERR,ERR,ERR,ERR,ERR,ERR,ERR,ERR,ERR,ERR,ERR,ERR,ERR,ERR,ERR,ERR,ERR,ERR,ERR,ERR,ERR,ERR,ERR,ERR,ERR,ERR,ERR,ERR,ERR,ERR,ERR,ERR,ERR,ERR,ERR,ERR,ERR,ERR,ERR,ERR,ERR,ERR,ERR,ERR,ERR,ERR,ERR,ERR,ERR,ERR,ERR,ERR,ERR,ERR,ERR,ERR,ERR,ERR,ERR,ERR,ERR,ERR,ERR,ERR,ERR,ERR,ERR,ERR,ERR,ERR,ERR,ERR,ERR,ERR,ERR,ERR,ERR,ERR,ERR,ERR,ERR,ERR,ERR,ERR,ERR,ERR,ERR,ERR,ERR,ERR,ERR,ERR,ERR,ERR,ERR,ERR,ERR,ERR,ERR,ERR,ERR,ERR,ERR,ERR,ERR,ERR,ERR,ERR,ERR,ERR,ERR,ERR,ERR,ERR,ERR,ERR,ERR,ERR,ERR,ERR,ERR,ERR,ERR,ERR,0.0,-107615352.0,0.0,0.0,0.0,1.3936040501711995e+18,7.805,0.0,0,0,4,0,7116,0.0,100,0.0,0.0,0.0,0.0,0.0,0,0,0,0,0.0,0,0,0,0,0,0,0,0,0,0,0,0,0,0,0,0,0,0,0,0,0,0,0,0,0,0,0,0,0,0,0,0,0,31,40,40,71,65476,0,300,0,0,8,21553,0.0,-107605600.0,0.0,0.0,0.0,0.0,0.0,0.0,0.0,0.0,0.0,0.0,0.0,0.0,0.0,0.0,0.0,0.0,0.0,0.0,0.0,0.0,-2.004,0.0,2.004,0.0,0.0,0.0,0.0,0.0,4512.0,1.0406635239469131e+34,6929.0,0.0,-107615352.0,0.0,-0.0,0.0,0.0,0.0,0.0,69,-0.0,0.0,0.0,0.0,0.0,0.0,0.0,0.0,0.0,0,0,0,0.0,0.0,0.0,0.0,0.0,0.0,0.0,0.0,0.0,0.0,0.0,0.0,0.0,0.0,0.0,0.0,0,-107875648.0,69,0.0,138,0.0,0.0,0,13107,17085,13107,17098,26215,17078,0,0,0,70,68,100,0.0,82.1,2.730238278947072e+23,77.7,2.730238639235042e+23,78.5,1,49,50,180,26215,52429,0,0,0.0,0.0,0.0,0.0,-0.0,67.0,0.0,162057.094,0.0,967,0,989,0,0,0,946,0,1011,0,912,0,787,0,777,0,821,0,7520,0.032,1.5780613094306218e+19,0.0,0.0,784,16797,-0.0,162057.094,-114818.039,-0.0,0.133,6.909358625270745e+28,30.0,70.0,35,0.0,0.0,0.0,0.0,0.0,0.0,0.0,0.0,0.0,0.0,0.0,0.0,0.0,0.0,0.0,0.0,66.4,0,150,71,51,65476,0,300,0,0,8,20529,65476,0,0,44564,70.0,0.0,0.0,0.0,0.0,0.0
2026-09-10T21:53:23,ERR,ERR,ERR,ERR,ERR,ERR,ERR,ERR,ERR,ERR,ERR,ERR,ERR,ERR,ERR,ERR,ERR,ERR,ERR,ERR,ERR,ERR,ERR,ERR,ERR,ERR,ERR,ERR,ERR,ERR,ERR,ERR,ERR,ERR,ERR,ERR,ERR,ERR,ERR,ERR,ERR,ERR,ERR,ERR,ERR,ERR,ERR,ERR,ERR,ERR,ERR,ERR,ERR,ERR,ERR,ERR,ERR,ERR,ERR,ERR,ERR,ERR,ERR,ERR,ERR,ERR,ERR,ERR,ERR,ERR,ERR,ERR,ERR,ERR,ERR,ERR,ERR,ERR,ERR,ERR,ERR,ERR,ERR,ERR,ERR,ERR,ERR,ERR,ERR,ERR,ERR,ERR,ERR,ERR,ERR,ERR,ERR,ERR,ERR,ERR,ERR,ERR,ERR,ERR,ERR,ERR,ERR,ERR,ERR,ERR,ERR,ERR,ERR,ERR,ERR,ERR,ERR,ERR,ERR,ERR,ERR,ERR,ERR,ERR,ERR,0.0,-107615352.0,0.0,0.0,0.0,1.3936040501711995e+18,7.805,0.0,0,0,4,0,7116,0.0,100,0.0,0.0,0.0,0.0,0.0,0,0,0,0,0.0,0,0,0,0,0,0,0,0,0,0,0,0,0,0,0,0,0,0,0,0,0,0,0,0,0,0,0,0,0,0,0,0,0,31,40,40,71,65476,0,300,0,0,8,21553,0.0,-107605600.0,0.0,0.0,0.0,0.0,0.0,0.0,0.0,0.0,0.0,0.0,0.0,0.0,0.0,0.0,0.0,0.0,0.0,0.0,0.0,0.0,-2.004,0.0,2.004,0.0,0.0,0.0,0.0,0.0,4512.0,1.0406635239469131e+34,6929.0,0.0,-107615352.0,0.0,-0.0,0.0,0.0,0.0,0.0,69,-0.0,0.0,0.0,0.0,0.0,0.0,0.0,0.0,0.0,0,0,0,0.0,0.0,0.0,0.0,0.0,0.0,0.0,0.0,0.0,0.0,0.0,0.0,0.0,0.0,0.0,0.0,0,-107875648.0,69,0.0,138,0.0,0.0,0,13107,17085,13107,17098,26215,17078,0,0,0,70,68,100,0.0,82.1,2.730238278947072e+23,77.7,2.730238639235042e+23,78.5,1,49,50,180,26215,52429,0,0,0.0,0.0,0.0,0.0,-0.0,67.0,0.0,162057.094,0.0,967,0,989,0,0,0,946,0,1011,0,912,0,787,0,777,0,821,0,7520,0.032,1.5780613094306218e+19,0.0,0.0,784,16797,-0.0,162057.094,-114818.039,-0.0,0.133,6.909358625270745e+28,30.0,70.0,35,0.0,0.0,0.0,0.0,0.0,0.0,0.0,0.0,0.0,0.0,0.0,0.0,0.0,0.0,0.0,0.0,66.4,0,150,71,51,65476,0,300,0,0,8,20529,65476,0,0,44564,70.0,0.0,0.0,0.0,0.0,0.0
2026-09-10T21:53:24,ERR,ERR,ERR,ERR,ERR,ERR,ERR,ERR,ERR,ERR,ERR,ERR,ERR,ERR,ERR,ERR,ERR,ERR,ERR,ERR,ERR,ERR,ERR,ERR,ERR,ERR,ERR,ERR,ERR,ERR,ERR,ERR,ERR,ERR,ERR,ERR,ERR,ERR,ERR,ERR,ERR,ERR,ERR,ERR,ERR,ERR,ERR,ERR,ERR,ERR,ERR,ERR,ERR,ERR,ERR,ERR,ERR,ERR,ERR,ERR,ERR,ERR,ERR,ERR,ERR,ERR,ERR,ERR,ERR,ERR,ERR,ERR,ERR,ERR,ERR,ERR,ERR,ERR,ERR,ERR,ERR,ERR,ERR,ERR,ERR,ERR,ERR,ERR,ERR,ERR,ERR,ERR,ERR,ERR,ERR,ERR,ERR,ERR,ERR,ERR,ERR,ERR,ERR,ERR,ERR,ERR,ERR,ERR,ERR,ERR,ERR,ERR,ERR,ERR,ERR,ERR,ERR,ERR,ERR,ERR,ERR,ERR,ERR,ERR,ERR,0.0,-107615352.0,0.0,0.0,0.0,1.3936040501711995e+18,7.805,0.0,0,0,4,0,7116,0.0,100,0.0,0.0,0.0,0.0,0.0,0,0,0,0,0.0,0,0,0,0,0,0,0,0,0,0,0,0,0,0,0,0,0,0,0,0,0,0,0,0,0,0,0,0,0,0,0,0,0,31,40,40,71,65476,0,300,0,0,8,21553,0.0,-107605600.0,0.0,0.0,0.0,0.0,0.0,0.0,0.0,0.0,0.0,0.0,0.0,0.0,0.0,0.0,0.0,0.0,0.0,0.0,0.0,0.0,-2.004,0.0,2.004,0.0,0.0,0.0,0.0,0.0,4512.0,1.0406635239469131e+34,6929.0,0.0,-107615352.0,0.0,-0.0,0.0,0.0,0.0,0.0,69,-0.0,0.0,0.0,0.0,0.0,0.0,0.0,0.0,0.0,0,0,0,0.0,0.0,0.0,0.0,0.0,0.0,0.0,0.0,0.0,0.0,0.0,0.0,0.0,0.0,0.0,0.0,0,-107875648.0,69,0.0,138,0.0,0.0,0,13107,17085,13107,17098,26215,17078,0,0,0,70,68,100,0.0,82.1,2.730238278947072e+23,77.7,2.730238639235042e+23,78.5,1,49,50,180,26215,52429,0,0,0.0,0.0,0.0,0.0,-0.0,67.0,0.0,162057.094,0.0,967,0,989,0,0,0,946,0,1011,0,912,0,787,0,777,0,821,0,7520,0.032,1.5780613094306218e+19,0.0,0.0,784,16797,-0.0,162057.094,-114818.039,-0.0,0.133,6.909358625270745e+28,30.0,70.0,35,0.0,0.0,0.0,0.0,0.0,0.0,0.0,0.0,0.0,0.0,0.0,0.0,0.0,0.0,0.0,0.0,66.4,0,150,71,51,65476,0,300,0,0,8,20529,65476,0,0,44564,70.0,0.0,0.0,0.0,0.0,0.0
2026-09-10T21:53:25,ERR,ERR,ERR,ERR,ERR,ERR,ERR,ERR,ERR,ERR,ERR,ERR,ERR,ERR,ERR,ERR,ERR,ERR,ERR,ERR,ERR,ERR,ERR,ERR,ERR,ERR,ERR,ERR,ERR,ERR,ERR,ERR,ERR,ERR,ERR,ERR,ERR,ERR,ERR,ERR,ERR,ERR,ERR,ERR,ERR,ERR,ERR,ERR,ERR,ERR,ERR,ERR,ERR,ERR,ERR,ERR,ERR,ERR,ERR,ERR,ERR,ERR,ERR,ERR,ERR,ERR,ERR,ERR,ERR,ERR,ERR,ERR,ERR,ERR,ERR,ERR,ERR,ERR,ERR,ERR,ERR,ERR,ERR,ERR,ERR,ERR,ERR,ERR,ERR,ERR,ERR,ERR,ERR,ERR,ERR,ERR,ERR,ERR,ERR,ERR,ERR,ERR,ERR,ERR,ERR,ERR,ERR,ERR,ERR,ERR,ERR,ERR,ERR,ERR,ERR,ERR,ERR,ERR,ERR,ERR,ERR,ERR,ERR,ERR,ERR,0.0,-107615352.0,0.0,0.0,0.0,1.3936040501711995e+18,7.805,0.0,0,0,4,0,7116,0.0,100,0.0,0.0,0.0,0.0,0.0,0,0,0,0,0.0,0,0,0,0,0,0,0,0,0,0,0,0,0,0,0,0,0,0,0,0,0,0,0,0,0,0,0,0,0,0,0,0,0,31,40,40,71,65476,0,300,0,0,8,21553,0.0,-107605600.0,0.0,0.0,0.0,0.0,0.0,0.0,0.0,0.0,0.0,0.0,0.0,0.0,0.0,0.0,0.0,0.0,0.0,0.0,0.0,0.0,-2.004,0.0,2.004,0.0,0.0,0.0,0.0,0.0,4512.0,1.0406635239469131e+34,6929.0,0.0,-107615352.0,0.0,-0.0,0.0,0.0,0.0,0.0,69,-0.0,0.0,0.0,0.0,0.0,0.0,0.0,0.0,0.0,0,0,0,0.0,0.0,0.0,0.0,0.0,0.0,0.0,0.0,0.0,0.0,0.0,0.0,0.0,0.0,0.0,0.0,0,-107875648.0,69,0.0,138,0.0,0.0,0,13107,17085,13107,17098,26215,17078,0,0,0,70,68,100,0.0,82.1,2.730238278947072e+23,77.7,2.730238639235042e+23,78.5,1,49,50,180,26215,52429,0,0,0.0,0.0,0.0,0.0,-0.0,67.0,0.0,162057.094,0.0,967,0,989,0,0,0,946,0,1011,0,912,0,787,0,777,0,821,0,7520,0.032,1.5780613094306218e+19,0.0,0.0,784,16797,-0.0,162057.094,-114818.039,-0.0,0.133,6.909358625270745e+28,30.0,70.0,35,0.0,0.0,0.0,0.0,0.0,0.0,0.0,0.0,0.0,0.0,0.0,0.0,0.0,0.0,0.0,0.0,66.4,0,150,71,51,65476,0,300,0,0,8,20529,65476,0,0,44564,70.0,0.0,0.0,0.0,0.0,0.0
2026-09-10T21:53:26,ERR,ERR,ERR,ERR,ERR,ERR,ERR,ERR,ERR,ERR,ERR,ERR,ERR,ERR,ERR,ERR,ERR,ERR,ERR,ERR,ERR,ERR,ERR,ERR,ERR,ERR,ERR,ERR,ERR,ERR,ERR,ERR,ERR,ERR,ERR,ERR,ERR,ERR,ERR,ERR,ERR,ERR,ERR,ERR,ERR,ERR,ERR,ERR,ERR,ERR,ERR,ERR,ERR,ERR,ERR,ERR,ERR,ERR,ERR,ERR,ERR,ERR,ERR,ERR,ERR,ERR,ERR,ERR,ERR,ERR,ERR,ERR,ERR,ERR,ERR,ERR,ERR,ERR,ERR,ERR,ERR,ERR,ERR,ERR,ERR,ERR,ERR,ERR,ERR,ERR,ERR,ERR,ERR,ERR,ERR,ERR,ERR,ERR,ERR,ERR,ERR,ERR,ERR,ERR,ERR,ERR,ERR,ERR,ERR,ERR,ERR,ERR,ERR,ERR,ERR,ERR,ERR,ERR,ERR,ERR,ERR,ERR,ERR,ERR,ERR,0.0,0.0,0.0,0.0,0.0,1.3936040501711995e+18,7.805,0.0,0,0,4,0,7116,0.0,100,0.0,0.0,0.0,0.0,0.0,0,0,0,0,0.0,0,0,0,0,0,0,0,0,0,0,0,0,0,0,0,0,0,0,0,0,0,0,0,0,0,0,0,0,0,0,0,0,0,31,40,40,71,65476,0,300,0,0,8,21553,0.0,-107605600.0,0.0,0.0,0.0,0.0,0.0,0.0,0.0,0.0,0.0,0.0,0.0,0.0,0.0,0.0,0.0,0.0,0.0,0.0,0.0,0.0,-2.004,0.0,2.004,0.0,0.0,0.0,0.0,0.0,4514.0,-0.0,6933.0,0.0,-107615352.0,0.0,-0.0,0.0,0.0,0.0,0.0,69,-0.0,126840381440.0,0.0,0.0,0.0,0.0,0.0,0.0,0.0,0,0,0,0.0,0.0,0.0,0.0,0.0,0.0,0.0,0.0,0.0,0.0,0.0,0.0,0.0,0.0,0.0,0.0,0,-107875648.0,69,0.0,138,0.0,0.0,0,13107,17085,13107,17098,26215,17078,0,0,0,70,68,100,0.0,82.1,2.730238278947072e+23,77.7,2.730238639235042e+23,78.5,1,49,50,180,26215,52429,0,0,0.0,0.0,0.0,0.0,-0.0,67.0,0.0,162057.094,0.0,967,0,989,0,0,0,946,0,1011,0,912,0,787,0,777,0,821,0,7520,0.032,1.5780613094306218e+19,0.0,0.0,784,16797,-0.0,162057.094,-114818.039,-0.0,0.133,6.909358625270745e+28,30.0,70.0,35,0.0,0.0,0.0,0.0,0.0,0.0,0.0,0.0,0.0,0.0,0.0,0.0,0.0,0.0,0.0,0.0,66.4,0,150,71,51,65476,0,300,0,0,8,20529,65476,0,0,44564,70.0,0.0,0.0,0.0,0.0,0.0
2026-09-10T21:53:27,ERR,ERR,ERR,ERR,ERR,ERR,ERR,ERR,ERR,ERR,ERR,ERR,ERR,ERR,ERR,ERR,ERR,ERR,ERR,ERR,ERR,ERR,ERR,ERR,ERR,ERR,ERR,ERR,ERR,ERR,ERR,ERR,ERR,ERR,ERR,ERR,ERR,ERR,ERR,ERR,ERR,ERR,ERR,ERR,ERR,ERR,ERR,ERR,ERR,ERR,ERR,ERR,ERR,ERR,ERR,ERR,ERR,ERR,ERR,ERR,ERR,ERR,ERR,ERR,ERR,ERR,ERR,ERR,ERR,ERR,ERR,ERR,ERR,ERR,ERR,ERR,ERR,ERR,ERR,ERR,ERR,ERR,ERR,ERR,ERR,ERR,ERR,ERR,ERR,ERR,ERR,ERR,ERR,ERR,ERR,ERR,ERR,ERR,ERR,ERR,ERR,ERR,ERR,ERR,ERR,ERR,ERR,ERR,ERR,ERR,ERR,ERR,ERR,ERR,ERR,ERR,ERR,ERR,ERR,ERR,ERR,ERR,ERR,ERR,ERR,0.0,0.0,0.0,0.0,0.0,1.3936040501711995e+18,7.805,0.0,0,0,4,0,7116,0.0,100,0.0,0.0,0.0,0.0,0.0,0,0,0,0,0.0,0,0,0,0,0,0,0,0,0,0,0,0,0,0,0,0,0,0,0,0,0,0,0,0,0,0,0,0,0,0,0,0,0,31,40,40,71,65476,0,300,0,0,8,21553,0.0,-107605600.0,0.0,0.0,0.0,0.0,0.0,0.0,0.0,0.0,0.0,0.0,0.0,0.0,0.0,0.0,0.0,0.0,0.0,0.0,0.0,0.0,-2.004,0.0,2.004,0.0,0.0,0.0,0.0,0.0,4514.0,-0.0,6933.0,0.0,-107615352.0,0.0,-0.0,0.0,0.0,0.0,0.0,69,-0.0,126840381440.0,0.0,0.0,0.0,0.0,0.0,0.0,0.0,0,0,0,0.0,0.0,0.0,0.0,0.0,0.0,0.0,0.0,0.0,0.0,0.0,0.0,0.0,0.0,0.0,0.0,0,-107875648.0,69,0.0,138,0.0,0.0,0,13107,17085,13107,17098,26215,17078,0,0,0,70,68,100,0.0,82.1,2.730238278947072e+23,77.7,2.730238639235042e+23,78.5,1,49,50,180,26215,52429,0,0,0.0,0.0,0.0,0.0,-0.0,67.0,0.0,162057.094,0.0,967,0,989,0,0,0,946,0,1011,0,912,0,787,0,777,0,821,0,7520,0.032,1.5780613094306218e+19,0.0,0.0,784,16797,-0.0,162057.094,-114818.039,-0.0,0.133,6.909358625270745e+28,30.0,70.0,35,0.0,0.0,0.0,0.0,0.0,0.0,0.0,0.0,0.0,0.0,0.0,0.0,0.0,0.0,0.0,0.0,66.4,0,150,71,51,65476,0,300,0,0,8,20529,65476,0,0,44564,70.0,0.0,0.0,0.0,0.0,0.0
2026-09-10T21:53:28,ERR,ERR,ERR,ERR,ERR,ERR,ERR,ERR,ERR,ERR,ERR,ERR,ERR,ERR,ERR,ERR,ERR,ERR,ERR,ERR,ERR,ERR,ERR,ERR,ERR,ERR,ERR,ERR,ERR,ERR,ERR,ERR,ERR,ERR,ERR,ERR,ERR,ERR,ERR,ERR,ERR,ERR,ERR,ERR,ERR,ERR,ERR,ERR,ERR,ERR,ERR,ERR,ERR,ERR,ERR,ERR,ERR,ERR,ERR,ERR,ERR,ERR,ERR,ERR,ERR,ERR,ERR,ERR,ERR,ERR,ERR,ERR,ERR,ERR,ERR,ERR,ERR,ERR,ERR,ERR,ERR,ERR,ERR,ERR,ERR,ERR,ERR,ERR,ERR,ERR,ERR,ERR,ERR,ERR,ERR,ERR,ERR,ERR,ERR,ERR,ERR,ERR,ERR,ERR,ERR,ERR,ERR,ERR,ERR,ERR,ERR,ERR,ERR,ERR,ERR,ERR,ERR,ERR,ERR,ERR,ERR,ERR,ERR,ERR,ERR,0.0,0.0,0.0,0.0,0.0,1.3936040501711995e+18,7.805,0.0,0,0,4,0,7116,0.0,100,0.0,0.0,0.0,0.0,0.0,0,0,0,0,0.0,0,0,0,0,0,0,0,0,0,0,0,0,0,0,0,0,0,0,0,0,0,0,0,0,0,0,0,0,0,0,0,0,0,31,40,40,71,65476,0,300,0,0,8,21553,0.0,-107605600.0,0.0,0.0,0.0,0.0,0.0,0.0,0.0,0.0,0.0,0.0,0.0,0.0,0.0,0.0,0.0,0.0,0.0,0.0,0.0,0.0,-2.004,0.0,2.004,0.0,0.0,0.0,0.0,0.0,4514.0,-0.0,6933.0,0.0,-107615352.0,0.0,-0.0,0.0,0.0,0.0,0.0,69,-0.0,126840381440.0,0.0,0.0,0.0,0.0,0.0,0.0,0.0,0,0,0,0.0,0.0,0.0,0.0,0.0,0.0,0.0,0.0,0.0,0.0,0.0,0.0,0.0,0.0,0.0,0.0,0,-107875648.0,69,0.0,138,0.0,0.0,0,13107,17085,13107,17098,26215,17078,0,0,0,70,68,100,0.0,82.2,2.730238278947072e+23,77.7,2.730238639235042e+23,78.5,1,49,50,180,26215,52429,0,0,0.0,0.0,0.0,0.0,-0.0,67.0,0.0,162057.094,0.0,967,0,989,0,0,0,946,0,1011,0,912,0,787,0,777,0,821,0,7520,0.032,1.5780613094306218e+19,0.0,0.0,784,16797,-0.0,162057.094,-114818.039,-0.0,0.133,6.909358625270745e+28,30.0,70.0,35,0.0,0.0,0.0,0.0,0.0,0.0,0.0,0.0,0.0,0.0,0.0,0.0,0.0,0.0,0.0,0.0,66.4,0,150,71,51,65476,0,300,0,0,8,20529,65476,0,0,44564,70.0,0.0,0.0,0.0,0.0,0.0
2026-09-10T21:53:29,ERR,ERR,ERR,ERR,ERR,ERR,ERR,ERR,ERR,ERR,ERR,ERR,ERR,ERR,ERR,ERR,ERR,ERR,ERR,ERR,ERR,ERR,ERR,ERR,ERR,ERR,ERR,ERR,ERR,ERR,ERR,ERR,ERR,ERR,ERR,ERR,ERR,ERR,ERR,ERR,ERR,ERR,ERR,ERR,ERR,ERR,ERR,ERR,ERR,ERR,ERR,ERR,ERR,ERR,ERR,ERR,ERR,ERR,ERR,ERR,ERR,ERR,ERR,ERR,ERR,ERR,ERR,ERR,ERR,ERR,ERR,ERR,ERR,ERR,ERR,ERR,ERR,ERR,ERR,ERR,ERR,ERR,ERR,ERR,ERR,ERR,ERR,ERR,ERR,ERR,ERR,ERR,ERR,ERR,ERR,ERR,ERR,ERR,ERR,ERR,ERR,ERR,ERR,ERR,ERR,ERR,ERR,ERR,ERR,ERR,ERR,ERR,ERR,ERR,ERR,ERR,ERR,ERR,ERR,ERR,ERR,ERR,ERR,ERR,ERR,0.0,0.0,0.0,0.0,0.0,1.3936040501711995e+18,7.805,0.0,0,0,4,0,7116,0.0,100,0.0,0.0,0.0,0.0,0.0,0,0,0,0,0.0,0,0,0,0,0,0,0,0,0,0,0,0,0,0,0,0,0,0,0,0,0,0,0,0,0,0,0,0,0,0,0,0,0,31,40,40,71,65476,0,300,0,0,8,21553,0.0,-107605600.0,0.0,0.0,0.0,0.0,0.0,0.0,0.0,0.0,0.0,0.0,0.0,0.0,0.0,0.0,0.0,0.0,0.0,0.0,0.0,0.0,-2.004,0.0,2.004,0.0,0.0,0.0,0.0,0.0,4514.0,-0.0,6933.0,0.0,-107615352.0,0.0,-0.0,0.0,0.0,0.0,0.0,69,-0.0,126840381440.0,0.0,0.0,0.0,0.0,0.0,0.0,0.0,0,0,0,0.0,0.0,0.0,0.0,0.0,0.0,0.0,0.0,0.0,0.0,0.0,0.0,0.0,0.0,0.0,0.0,0,-107875648.0,69,0.0,138,0.0,0.0,0,13107,17085,13107,17098,26215,17078,0,0,0,70,68,100,0.0,82.2,2.730238278947072e+23,77.7,2.730238639235042e+23,78.5,1,49,50,180,26215,52429,0,0,0.0,0.0,0.0,0.0,-0.0,67.0,0.0,162057.094,0.0,967,0,989,0,0,0,946,0,1011,0,912,0,787,0,777,0,821,0,7520,0.032,1.5780613094306218e+19,0.0,0.0,784,16797,-0.0,162057.094,-114818.039,-0.0,0.133,6.909358625270745e+28,30.0,70.0,35,0.0,0.0,0.0,0.0,0.0,0.0,0.0,0.0,0.0,0.0,0.0,0.0,0.0,0.0,0.0,0.0,66.4,0,150,71,51,65476,0,300,0,0,8,20529,65476,0,0,44564,70.0,0.0,0.0,0.0,0.0,0.0
2026-09-10T21:53:30,ERR,ERR,ERR,ERR,ERR,ERR,ERR,ERR,ERR,ERR,ERR,ERR,ERR,ERR,ERR,ERR,ERR,ERR,ERR,ERR,ERR,ERR,ERR,ERR,ERR,ERR,ERR,ERR,ERR,ERR,ERR,ERR,ERR,ERR,ERR,ERR,ERR,ERR,ERR,ERR,ERR,ERR,ERR,ERR,ERR,ERR,ERR,ERR,ERR,ERR,ERR,ERR,ERR,ERR,ERR,ERR,ERR,ERR,ERR,ERR,ERR,ERR,ERR,ERR,ERR,ERR,ERR,ERR,ERR,ERR,ERR,ERR,ERR,ERR,ERR,ERR,ERR,ERR,ERR,ERR,ERR,ERR,ERR,ERR,ERR,ERR,ERR,ERR,ERR,ERR,ERR,ERR,ERR,ERR,ERR,ERR,ERR,ERR,ERR,ERR,ERR,ERR,ERR,ERR,ERR,ERR,ERR,ERR,ERR,ERR,ERR,ERR,ERR,ERR,ERR,ERR,ERR,ERR,ERR,ERR,ERR,ERR,ERR,ERR,ERR,0.0,0.0,0.0,0.0,0.0,1.3936040501711995e+18,7.805,0.0,0,0,4,0,7116,0.0,100,0.0,0.0,0.0,0.0,0.0,0,0,0,0,0.0,0,0,0,0,0,0,0,0,0,0,0,0,0,0,0,0,0,0,0,0,0,0,0,0,0,0,0,0,0,0,0,0,0,31,40,40,71,65476,0,300,0,0,8,21553,0.0,-107605600.0,0.0,0.0,0.0,0.0,0.0,0.0,0.0,0.0,0.0,0.0,0.0,0.0,0.0,0.0,0.0,0.0,0.0,0.0,0.0,0.0,-2.004,0.0,2.004,0.0,0.0,0.0,0.0,0.0,4514.0,-0.0,6933.0,0.0,-107615352.0,0.0,-0.0,0.0,0.0,0.0,0.0,69,-0.0,126840381440.0,0.0,0.0,0.0,0.0,0.0,0.0,0.0,0,0,0,0.0,0.0,0.0,0.0,0.0,0.0,0.0,0.0,0.0,0.0,0.0,0.0,0.0,0.0,0.0,0.0,0,-107875648.0,69,0.0,138,0.0,0.0,0,13107,17085,13107,17098,26215,17078,0,0,0,70,68,100,0.0,82.2,2.730238278947072e+23,77.7,2.730238639235042e+23,78.5,1,49,50,180,26215,52429,0,0,0.0,0.0,0.0,0.0,-0.0,67.0,0.0,162057.094,0.0,967,0,989,0,0,0,946,0,1011,0,912,0,787,0,777,0,821,0,7520,0.032,1.5780613094306218e+19,0.0,0.0,784,16797,-0.0,162057.094,-114818.039,-0.0,0.133,6.909358625270745e+28,30.0,70.0,35,0.0,0.0,0.0,0.0,0.0,0.0,0.0,0.0,0.0,0.0,0.0,0.0,0.0,0.0,0.0,0.0,66.8,0,150,71,51,65476,0,300,0,0,8,20529,65476,0,0,44564,70.0,0.0,0.0,0.0,0.0,0.0
2026-09-10T21:53:31,ERR,ERR,ERR,ERR,ERR,ERR,ERR,ERR,ERR,ERR,ERR,ERR,ERR,ERR,ERR,ERR,ERR,ERR,ERR,ERR,ERR,ERR,ERR,ERR,ERR,ERR,ERR,ERR,ERR,ERR,ERR,ERR,ERR,ERR,ERR,ERR,ERR,ERR,ERR,ERR,ERR,ERR,ERR,ERR,ERR,ERR,ERR,ERR,ERR,ERR,ERR,ERR,ERR,ERR,ERR,ERR,ERR,ERR,ERR,ERR,ERR,ERR,ERR,ERR,ERR,ERR,ERR,ERR,ERR,ERR,ERR,ERR,ERR,ERR,ERR,ERR,ERR,ERR,ERR,ERR,ERR,ERR,ERR,ERR,ERR,ERR,ERR,ERR,ERR,ERR,ERR,ERR,ERR,ERR,ERR,ERR,ERR,ERR,ERR,ERR,ERR,ERR,ERR,ERR,ERR,ERR,ERR,ERR,ERR,ERR,ERR,ERR,ERR,ERR,ERR,ERR,ERR,ERR,ERR,ERR,ERR,ERR,ERR,ERR,ERR,0.0,0.0,0.0,0.0,0.0,1.3936040501711995e+18,7.805,0.0,0,0,4,0,7116,0.0,100,0.0,0.0,0.0,0.0,0.0,0,0,0,0,0.0,0,0,0,0,0,0,0,0,0,0,0,0,0,0,0,0,0,0,0,0,0,0,0,0,0,0,0,0,0,0,0,0,0,31,40,40,71,65476,0,300,0,0,8,21553,0.0,-107605600.0,0.0,0.0,0.0,0.0,0.0,0.0,0.0,0.0,0.0,0.0,0.0,0.0,0.0,0.0,0.0,0.0,0.0,0.0,0.0,0.0,-2.004,0.0,2.004,0.0,0.0,0.0,0.0,0.0,4514.0,-0.0,6933.0,0.0,-107615352.0,0.0,-0.0,0.0,0.0,0.0,0.0,69,-0.0,126840381440.0,0.0,0.0,0.0,0.0,0.0,0.0,0.0,0,0,0,0.0,0.0,0.0,0.0,0.0,0.0,0.0,0.0,0.0,0.0,0.0,0.0,0.0,0.0,0.0,0.0,0,-107875648.0,69,0.0,138,0.0,0.0,0,13107,17085,13107,17098,26215,17078,0,0,0,70,68,100,0.0,82.2,2.730238278947072e+23,77.7,2.730238639235042e+23,78.5,1,49,50,180,26215,52429,0,0,0.0,0.0,0.0,0.0,-0.0,67.0,0.0,162057.094,0.0,967,0,989,0,0,0,946,0,1011,0,912,0,787,0,777,0,821,0,7520,0.032,1.5780613094306218e+19,0.0,0.0,784,16797,-0.0,162057.094,-114818.039,-0.0,0.133,6.909358625270745e+28,30.0,70.0,35,0.0,0.0,0.0,0.0,0.0,0.0,0.0,0.0,0.0,0.0,0.0,0.0,0.0,0.0,0.0,0.0,66.8,0,150,71,51,65476,0,300,0,0,8,20529,65476,0,0,44564,70.0,0.0,0.0,0.0,0.0,0.0
2026-09-10T21:53:32,ERR,ERR,ERR,ERR,ERR,ERR,ERR,ERR,ERR,ERR,ERR,ERR,ERR,ERR,ERR,ERR,ERR,ERR,ERR,ERR,ERR,ERR,ERR,ERR,ERR,ERR,ERR,ERR,ERR,ERR,ERR,ERR,ERR,ERR,ERR,ERR,ERR,ERR,ERR,ERR,ERR,ERR,ERR,ERR,ERR,ERR,ERR,ERR,ERR,ERR,ERR,ERR,ERR,ERR,ERR,ERR,ERR,ERR,ERR,ERR,ERR,ERR,ERR,ERR,ERR,ERR,ERR,ERR,ERR,ERR,ERR,ERR,ERR,ERR,ERR,ERR,ERR,ERR,ERR,ERR,ERR,ERR,ERR,ERR,ERR,ERR,ERR,ERR,ERR,ERR,ERR,ERR,ERR,ERR,ERR,ERR,ERR,ERR,ERR,ERR,ERR,ERR,ERR,ERR,ERR,ERR,ERR,ERR,ERR,ERR,ERR,ERR,ERR,ERR,ERR,ERR,ERR,ERR,ERR,ERR,ERR,ERR,ERR,ERR,ERR,0.0,0.0,0.0,0.0,0.0,1.3936040501711995e+18,7.805,0.0,0,0,4,0,7116,0.0,100,0.0,0.0,0.0,0.0,0.0,0,0,0,0,0.0,0,0,0,0,0,0,0,0,0,0,0,0,0,0,0,0,0,0,0,0,0,0,0,0,0,0,0,0,0,0,0,0,0,31,40,40,71,65476,0,300,0,0,8,21553,0.0,-107605600.0,0.0,0.0,0.0,0.0,0.0,0.0,0.0,0.0,0.0,0.0,0.0,0.0,0.0,0.0,0.0,0.0,0.0,0.0,0.0,0.0,-2.004,0.0,2.004,0.0,0.0,0.0,0.0,0.0,4514.0,-0.0,6933.0,0.0,-107615352.0,0.0,-0.0,0.0,0.0,0.0,0.0,69,-0.0,126840381440.0,0.0,0.0,0.0,0.0,0.0,0.0,0.0,0,0,0,0.0,0.0,0.0,0.0,0.0,0.0,0.0,0.0,0.0,0.0,0.0,0.0,0.0,0.0,0.0,0.0,0,-107875648.0,69,0.0,138,0.0,0.0,0,13107,17085,13107,17098,26215,17078,0,0,0,70,68,100,0.0,82.2,2.730238278947072e+23,77.7,2.730238639235042e+23,78.5,1,49,50,180,26215,52429,0,0,0.0,0.0,0.0,0.0,-0.0,67.0,0.0,162057.094,0.0,967,0,989,0,0,0,946,0,1011,0,912,0,787,0,777,0,821,0,7520,0.032,1.5780613094306218e+19,0.0,0.0,784,16797,-0.0,162057.094,-114818.039,-0.0,0.133,6.909358625270745e+28,30.0,70.0,35,0.0,0.0,0.0,0.0,0.0,0.0,0.0,0.0,0.0,0.0,0.0,0.0,0.0,0.0,0.0,0.0,66.8,0,150,71,51,65476,0,300,0,0,8,20529,65476,0,0,44564,70.0,0.0,0.0,0.0,0.0,0.0
2026-09-10T21:53:33,ERR,ERR,ERR,ERR,ERR,ERR,ERR,ERR,ERR,ERR,ERR,ERR,ERR,ERR,ERR,ERR,ERR,ERR,ERR,ERR,ERR,ERR,ERR,ERR,ERR,ERR,ERR,ERR,ERR,ERR,ERR,ERR,ERR,ERR,ERR,ERR,ERR,ERR,ERR,ERR,ERR,ERR,ERR,ERR,ERR,ERR,ERR,ERR,ERR,ERR,ERR,ERR,ERR,ERR,ERR,ERR,ERR,ERR,ERR,ERR,ERR,ERR,ERR,ERR,ERR,ERR,ERR,ERR,ERR,ERR,ERR,ERR,ERR,ERR,ERR,ERR,ERR,ERR,ERR,ERR,ERR,ERR,ERR,ERR,ERR,ERR,ERR,ERR,ERR,ERR,ERR,ERR,ERR,ERR,ERR,ERR,ERR,ERR,ERR,ERR,ERR,ERR,ERR,ERR,ERR,ERR,ERR,ERR,ERR,ERR,ERR,ERR,ERR,ERR,ERR,ERR,ERR,ERR,ERR,ERR,ERR,ERR,ERR,ERR,ERR,0.0,0.0,0.0,0.0,0.0,1.3936040501711995e+18,7.805,0.0,0,0,4,0,7116,0.0,100,0.0,0.0,0.0,0.0,0.0,0,0,0,0,0.0,0,0,0,0,0,0,0,0,0,0,0,0,0,0,0,0,0,0,0,0,0,0,0,0,0,0,0,0,0,0,0,0,0,31,40,40,71,65476,0,300,0,0,8,21553,0.0,-107605600.0,0.0,0.0,0.0,0.0,0.0,0.0,0.0,0.0,0.0,0.0,0.0,0.0,0.0,0.0,0.0,0.0,0.0,0.0,0.0,0.0,-2.004,0.0,2.004,0.0,0.0,0.0,0.0,0.0,4514.0,-0.0,6933.0,0.0,-107615352.0,0.0,-0.0,0.0,0.0,0.0,0.0,69,-0.0,126840381440.0,0.0,0.0,0.0,0.0,0.0,0.0,0.0,0,0,0,0.0,0.0,0.0,0.0,0.0,0.0,0.0,0.0,0.0,0.0,0.0,0.0,0.0,0.0,0.0,0.0,0,-107875648.0,69,0.0,138,0.0,0.0,0,13107,17085,13107,17098,26215,17078,0,0,0,70,68,100,0.0,82.2,2.730238278947072e+23,77.7,2.730238639235042e+23,78.5,1,49,50,180,26215,52429,0,0,0.0,0.0,0.0,0.0,-0.0,67.0,0.0,162057.094,0.0,967,0,989,0,0,0,946,0,1011,0,912,0,787,0,777,0,821,0,7520,0.032,1.5780613094306218e+19,0.0,0.0,784,16797,-0.0,162057.094,-114818.039,-0.0,0.133,6.909358625270745e+28,30.0,70.0,35,0.0,0.0,0.0,0.0,0.0,0.0,0.0,0.0,0.0,0.0,0.0,0.0,0.0,0.0,0.0,0.0,66.4,0,150,71,51,65476,0,300,0,0,8,20529,65476,0,0,44564,70.0,0.0,0.0,0.0,0.0,0.0
2026-09-10T21:53:34,ERR,ERR,ERR,ERR,ERR,ERR,ERR,ERR,ERR,ERR,ERR,ERR,ERR,ERR,ERR,ERR,ERR,ERR,ERR,ERR,ERR,ERR,ERR,ERR,ERR,ERR,ERR,ERR,ERR,ERR,ERR,ERR,ERR,ERR,ERR,ERR,ERR,ERR,ERR,ERR,ERR,ERR,ERR,ERR,ERR,ERR,ERR,ERR,ERR,ERR,ERR,ERR,ERR,ERR,ERR,ERR,ERR,ERR,ERR,ERR,ERR,ERR,ERR,ERR,ERR,ERR,ERR,ERR,ERR,ERR,ERR,ERR,ERR,ERR,ERR,ERR,ERR,ERR,ERR,ERR,ERR,ERR,ERR,ERR,ERR,ERR,ERR,ERR,ERR,ERR,ERR,ERR,ERR,ERR,ERR,ERR,ERR,ERR,ERR,ERR,ERR,ERR,ERR,ERR,ERR,ERR,ERR,ERR,ERR,ERR,ERR,ERR,ERR,ERR,ERR,ERR,ERR,ERR,ERR,ERR,ERR,ERR,ERR,ERR,ERR,0.0,-107615352.0,-0.0,0.0,0.0,1.3936040501711995e+18,7.805,0.0,0,0,4,0,7116,0.0,100,0.0,0.0,0.0,0.0,0.0,0,0,0,0,0.0,0,0,0,0,0,0,0,0,0,0,0,0,0,0,0,0,0,0,0,0,0,0,0,0,0,0,0,0,0,0,0,0,0,31,40,40,71,65476,0,300,0,0,8,21553,0.0,-107605600.0,0.0,0.0,0.0,0.0,0.0,0.0,0.0,0.0,0.0,0.0,0.0,0.0,0.0,0.0,0.0,0.0,0.0,0.0,0.0,0.0,-2.004,0.0,2.004,0.0,0.0,0.0,0.0,0.0,4513.0,-0.0,6929.0,0.0,-107615352.0,0.0,-0.0,0.0,0.0,0.0,0.0,69,-0.0,0.0,0.0,0.0,0.0,0.0,0.0,0.0,0.0,0,0,0,0.0,0.0,0.0,0.0,0.0,0.0,0.0,0.0,0.0,0.0,0.0,0.0,0.0,0.0,0.0,0.0,0,-107875648.0,69,0.0,138,0.0,0.0,0,13107,17085,13107,17098,26215,17078,0,0,0,70,68,100,0.0,82.2,2.730238278947072e+23,77.7,2.730238639235042e+23,78.5,1,49,50,180,26215,52429,0,0,0.0,0.0,0.0,0.0,-0.0,67.0,0.0,162057.094,0.0,967,0,989,0,0,0,946,0,1011,0,912,0,787,0,777,0,821,0,7520,0.032,1.5924728282382074e+19,0.0,0.0,784,16797,-0.0,162057.094,-114818.039,-0.0,0.133,6.909358625270745e+28,30.0,70.0,35,0.0,0.0,0.0,0.0,0.0,0.0,0.0,0.0,0.0,0.0,0.0,0.0,0.0,0.0,0.0,0.0,66.4,0,150,71,51,65476,0,300,0,0,8,20529,65476,0,0,44564,70.0,0.0,0.0,0.0,0.0,0.0
2026-09-10T21:53:35,ERR,ERR,ERR,ERR,ERR,ERR,ERR,ERR,ERR,ERR,ERR,ERR,ERR,ERR,ERR,ERR,ERR,ERR,ERR,ERR,ERR,ERR,ERR,ERR,ERR,ERR,ERR,ERR,ERR,ERR,ERR,ERR,ERR,ERR,ERR,ERR,ERR,ERR,ERR,ERR,ERR,ERR,ERR,ERR,ERR,ERR,ERR,ERR,ERR,ERR,ERR,ERR,ERR,ERR,ERR,ERR,ERR,ERR,ERR,ERR,ERR,ERR,ERR,ERR,ERR,ERR,ERR,ERR,ERR,ERR,ERR,ERR,ERR,ERR,ERR,ERR,ERR,ERR,ERR,ERR,ERR,ERR,ERR,ERR,ERR,ERR,ERR,ERR,ERR,ERR,ERR,ERR,ERR,ERR,ERR,ERR,ERR,ERR,ERR,ERR,ERR,ERR,ERR,ERR,ERR,ERR,ERR,ERR,ERR,ERR,ERR,ERR,ERR,ERR,ERR,ERR,ERR,ERR,ERR,ERR,ERR,ERR,ERR,ERR,ERR,0.0,-107615352.0,-0.0,0.0,0.0,1.3936040501711995e+18,7.805,0.0,0,0,4,0,7116,0.0,100,0.0,0.0,0.0,0.0,0.0,0,0,0,0,0.0,0,0,0,0,0,0,0,0,0,0,0,0,0,0,0,0,0,0,0,0,0,0,0,0,0,0,0,0,0,0,0,0,0,31,40,40,71,65476,0,300,0,0,8,21553,0.0,-107605600.0,0.0,0.0,0.0,0.0,0.0,0.0,0.0,0.0,0.0,0.0,0.0,0.0,0.0,0.0,0.0,0.0,0.0,0.0,0.0,0.0,-2.004,0.0,2.004,0.0,0.0,0.0,0.0,0.0,4513.0,-0.0,6929.0,0.0,-107615352.0,0.0,-0.0,0.0,0.0,0.0,0.0,69,-0.0,0.0,0.0,0.0,0.0,0.0,0.0,0.0,0.0,0,0,0,0.0,0.0,0.0,0.0,0.0,0.0,0.0,0.0,0.0,0.0,0.0,0.0,0.0,0.0,0.0,0.0,0,-107875648.0,69,0.0,138,0.0,0.0,0,13107,17085,13107,17098,26215,17078,0,0,0,70,68,100,0.0,82.2,2.730238278947072e+23,77.7,2.730238639235042e+23,78.5,1,49,50,180,26215,52429,0,0,0.0,0.0,0.0,0.0,-0.0,67.0,0.0,162057.094,0.0,967,0,989,0,0,0,946,0,1011,0,912,0,787,0,777,0,821,0,7520,0.032,1.5924728282382074e+19,0.0,0.0,784,16797,-0.0,162057.094,-114818.039,-0.0,0.133,6.909358625270745e+28,30.0,70.0,35,0.0,0.0,0.0,0.0,0.0,0.0,0.0,0.0,0.0,0.0,0.0,0.0,0.0,0.0,0.0,0.0,66.4,0,150,71,51,65476,0,300,0,0,8,20529,65476,0,0,44564,70.0,0.0,0.0,0.0,0.0,0.0
2026-09-10T21:53:36,ERR,ERR,ERR,ERR,ERR,ERR,ERR,ERR,ERR,ERR,ERR,ERR,ERR,ERR,ERR,ERR,ERR,ERR,ERR,ERR,ERR,ERR,ERR,ERR,ERR,ERR,ERR,ERR,ERR,ERR,ERR,ERR,ERR,ERR,ERR,ERR,ERR,ERR,ERR,ERR,ERR,ERR,ERR,ERR,ERR,ERR,ERR,ERR,ERR,ERR,ERR,ERR,ERR,ERR,ERR,ERR,ERR,ERR,ERR,ERR,ERR,ERR,ERR,ERR,ERR,ERR,ERR,ERR,ERR,ERR,ERR,ERR,ERR,ERR,ERR,ERR,ERR,ERR,ERR,ERR,ERR,ERR,ERR,ERR,ERR,ERR,ERR,ERR,ERR,ERR,ERR,ERR,ERR,ERR,ERR,ERR,ERR,ERR,ERR,ERR,ERR,ERR,ERR,ERR,ERR,ERR,ERR,ERR,ERR,ERR,ERR,ERR,ERR,ERR,ERR,ERR,ERR,ERR,ERR,ERR,ERR,ERR,ERR,ERR,ERR,0.0,-107615352.0,-0.0,0.0,0.0,1.3936040501711995e+18,7.805,0.0,0,0,4,0,7116,0.0,100,0.0,0.0,0.0,0.0,0.0,0,0,0,0,0.0,0,0,0,0,0,0,0,0,0,0,0,0,0,0,0,0,0,0,0,0,0,0,0,0,0,0,0,0,0,0,0,0,0,31,40,40,71,65476,0,300,0,0,8,21553,0.0,-107605600.0,0.0,0.0,0.0,0.0,0.0,0.0,0.0,0.0,0.0,0.0,0.0,0.0,0.0,0.0,0.0,0.0,0.0,0.0,0.0,0.0,-2.004,0.0,2.004,0.0,0.0,0.0,0.0,0.0,4513.0,-0.0,6929.0,0.0,-107615352.0,0.0,-0.0,0.0,0.0,0.0,0.0,69,-0.0,0.0,0.0,0.0,0.0,0.0,0.0,0.0,0.0,0,0,0,0.0,0.0,0.0,0.0,0.0,0.0,0.0,0.0,0.0,0.0,0.0,0.0,0.0,0.0,0.0,0.0,0,-107875648.0,69,0.0,138,0.0,0.0,0,13107,17085,13107,17098,26215,17078,0,0,0,70,68,100,0.0,82.2,2.730238278947072e+23,77.7,2.730238639235042e+23,78.5,1,49,50,180,26215,52429,0,0,0.0,0.0,0.0,0.0,-0.0,67.0,0.0,162057.094,0.0,967,0,989,0,0,0,946,0,1011,0,912,0,787,0,777,0,821,0,7520,0.032,1.5924728282382074e+19,0.0,0.0,784,16797,-0.0,162057.094,-114818.039,-0.0,0.133,6.909358625270745e+28,30.0,70.0,35,0.0,0.0,0.0,0.0,0.0,0.0,0.0,0.0,0.0,0.0,0.0,0.0,0.0,0.0,0.0,0.0,66.4,0,150,71,51,65476,0,300,0,0,8,20529,65476,0,0,44564,70.0,0.0,0.0,0.0,0.0,0.0
2026-09-10T21:53:37,ERR,ERR,ERR,ERR,ERR,ERR,ERR,ERR,ERR,ERR,ERR,ERR,ERR,ERR,ERR,ERR,ERR,ERR,ERR,ERR,ERR,ERR,ERR,ERR,ERR,ERR,ERR,ERR,ERR,ERR,ERR,ERR,ERR,ERR,ERR,ERR,ERR,ERR,ERR,ERR,ERR,ERR,ERR,ERR,ERR,ERR,ERR,ERR,ERR,ERR,ERR,ERR,ERR,ERR,ERR,ERR,ERR,ERR,ERR,ERR,ERR,ERR,ERR,ERR,ERR,ERR,ERR,ERR,ERR,ERR,ERR,ERR,ERR,ERR,ERR,ERR,ERR,ERR,ERR,ERR,ERR,ERR,ERR,ERR,ERR,ERR,ERR,ERR,ERR,ERR,ERR,ERR,ERR,ERR,ERR,ERR,ERR,ERR,ERR,ERR,ERR,ERR,ERR,ERR,ERR,ERR,ERR,ERR,ERR,ERR,ERR,ERR,ERR,ERR,ERR,ERR,ERR,ERR,ERR,ERR,ERR,ERR,ERR,ERR,ERR,0.0,-107615352.0,-0.0,0.0,0.0,1.3936040501711995e+18,7.805,0.0,0,0,4,0,7116,0.0,100,0.0,0.0,0.0,0.0,0.0,0,0,0,0,0.0,0,0,0,0,0,0,0,0,0,0,0,0,0,0,0,0,0,0,0,0,0,0,0,0,0,0,0,0,0,0,0,0,0,31,40,40,71,65476,0,300,0,0,8,21553,0.0,-107605600.0,0.0,0.0,0.0,0.0,0.0,0.0,0.0,0.0,0.0,0.0,0.0,0.0,0.0,0.0,0.0,0.0,0.0,0.0,0.0,0.0,-2.004,0.0,2.004,0.0,0.0,0.0,0.0,0.0,4513.0,-0.0,6929.0,0.0,-107615352.0,0.0,-0.0,0.0,0.0,0.0,0.0,69,-0.0,0.0,0.0,0.0,0.0,0.0,0.0,0.0,0.0,0,0,0,0.0,0.0,0.0,0.0,0.0,0.0,0.0,0.0,0.0,0.0,0.0,0.0,0.0,0.0,0.0,0.0,0,-107875648.0,69,0.0,138,0.0,0.0,0,13107,17085,13107,17098,26215,17078,0,0,0,70,68,100,0.0,82.2,2.730238278947072e+23,77.7,2.730238639235042e+23,78.5,1,49,50,180,26215,52429,0,0,0.0,0.0,0.0,0.0,-0.0,67.0,0.0,162057.094,0.0,967,0,989,0,0,0,946,0,1011,0,912,0,787,0,777,0,821,0,7520,0.032,1.5924728282382074e+19,0.0,0.0,784,16797,-0.0,162057.094,-114818.039,-0.0,0.133,6.909358625270745e+28,30.0,70.0,35,0.0,0.0,0.0,0.0,0.0,0.0,0.0,0.0,0.0,0.0,0.0,0.0,0.0,0.0,0.0,0.0,66.4,0,150,71,51,65476,0,300,0,0,8,20529,65476,0,0,44564,70.0,0.0,0.0,0.0,0.0,0.0
2026-09-10T21:53:38,ERR,ERR,ERR,ERR,ERR,ERR,ERR,ERR,ERR,ERR,ERR,ERR,ERR,ERR,ERR,ERR,ERR,ERR,ERR,ERR,ERR,ERR,ERR,ERR,ERR,ERR,ERR,ERR,ERR,ERR,ERR,ERR,ERR,ERR,ERR,ERR,ERR,ERR,ERR,ERR,ERR,ERR,ERR,ERR,ERR,ERR,ERR,ERR,ERR,ERR,ERR,ERR,ERR,ERR,ERR,ERR,ERR,ERR,ERR,ERR,ERR,ERR,ERR,ERR,ERR,ERR,ERR,ERR,ERR,ERR,ERR,ERR,ERR,ERR,ERR,ERR,ERR,ERR,ERR,ERR,ERR,ERR,ERR,ERR,ERR,ERR,ERR,ERR,ERR,ERR,ERR,ERR,ERR,ERR,ERR,ERR,ERR,ERR,ERR,ERR,ERR,ERR,ERR,ERR,ERR,ERR,ERR,ERR,ERR,ERR,ERR,ERR,ERR,ERR,ERR,ERR,ERR,ERR,ERR,ERR,ERR,ERR,ERR,ERR,ERR,0.0,-107615352.0,-0.0,0.0,0.0,1.3936040501711995e+18,7.805,0.0,0,0,4,0,7116,0.0,100,0.0,0.0,0.0,0.0,0.0,0,0,0,0,0.0,0,0,0,0,0,0,0,0,0,0,0,0,0,0,0,0,0,0,0,0,0,0,0,0,0,0,0,0,0,0,0,0,0,31,40,40,71,65476,0,300,0,0,8,21553,0.0,-107605600.0,0.0,0.0,0.0,0.0,0.0,0.0,0.0,0.0,0.0,0.0,0.0,0.0,0.0,0.0,0.0,0.0,0.0,0.0,0.0,0.0,-2.004,0.0,2.004,0.0,0.0,0.0,0.0,0.0,4513.0,-0.0,6929.0,0.0,-107615352.0,0.0,-0.0,0.0,0.0,0.0,0.0,69,-0.0,0.0,0.0,0.0,0.0,0.0,0.0,0.0,0.0,0,0,0,0.0,0.0,0.0,0.0,0.0,0.0,0.0,0.0,0.0,0.0,0.0,0.0,0.0,0.0,0.0,0.0,0,-107875648.0,69,0.0,138,0.0,0.0,0,13107,17085,13107,17098,26215,17078,0,0,0,70,68,100,0.0,82.2,2.730238278947072e+23,77.7,2.730238639235042e+23,78.5,1,49,50,180,26215,52429,0,0,0.0,0.0,0.0,0.0,-0.0,67.0,0.0,162057.094,0.0,967,0,989,0,0,0,946,0,1011,0,912,0,787,0,777,0,821,0,7520,0.032,1.5924728282382074e+19,0.0,0.0,784,16797,-0.0,162057.094,-114818.039,-0.0,0.133,6.909358625270745e+28,30.0,70.0,35,0.0,0.0,0.0,0.0,0.0,0.0,0.0,0.0,0.0,0.0,0.0,0.0,0.0,0.0,0.0,0.0,66.4,0,150,71,51,65476,0,300,0,0,8,20529,65476,0,0,44564,70.0,0.0,0.0,0.0,0.0,0.0
2026-09-10T21:53:39,ERR,ERR,ERR,ERR,ERR,ERR,ERR,ERR,ERR,ERR,ERR,ERR,ERR,ERR,ERR,ERR,ERR,ERR,ERR,ERR,ERR,ERR,ERR,ERR,ERR,ERR,ERR,ERR,ERR,ERR,ERR,ERR,ERR,ERR,ERR,ERR,ERR,ERR,ERR,ERR,ERR,ERR,ERR,ERR,ERR,ERR,ERR,ERR,ERR,ERR,ERR,ERR,ERR,ERR,ERR,ERR,ERR,ERR,ERR,ERR,ERR,ERR,ERR,ERR,ERR,ERR,ERR,ERR,ERR,ERR,ERR,ERR,ERR,ERR,ERR,ERR,ERR,ERR,ERR,ERR,ERR,ERR,ERR,ERR,ERR,ERR,ERR,ERR,ERR,ERR,ERR,ERR,ERR,ERR,ERR,ERR,ERR,ERR,ERR,ERR,ERR,ERR,ERR,ERR,ERR,ERR,ERR,ERR,ERR,ERR,ERR,ERR,ERR,ERR,ERR,ERR,ERR,ERR,ERR,ERR,ERR,ERR,ERR,ERR,ERR,0.0,-107615352.0,-0.0,0.0,0.0,1.3936040501711995e+18,7.805,0.0,0,0,4,0,7116,0.0,100,0.0,0.0,0.0,0.0,0.0,0,0,0,0,0.0,0,0,0,0,0,0,0,0,0,0,0,0,0,0,0,0,0,0,0,0,0,0,0,0,0,0,0,0,0,0,0,0,0,31,40,40,71,65476,0,300,0,0,8,21553,0.0,-107605600.0,0.0,0.0,0.0,0.0,0.0,0.0,0.0,0.0,0.0,0.0,0.0,0.0,0.0,0.0,0.0,0.0,0.0,0.0,0.0,0.0,-2.004,0.0,2.004,0.0,0.0,0.0,0.0,0.0,4513.0,-0.0,6929.0,0.0,-107615352.0,0.0,-0.0,0.0,0.0,0.0,0.0,69,-0.0,0.0,0.0,0.0,0.0,0.0,0.0,0.0,0.0,0,0,0,0.0,0.0,0.0,0.0,0.0,0.0,0.0,0.0,0.0,0.0,0.0,0.0,0.0,0.0,0.0,0.0,0,-107875648.0,69,0.0,138,0.0,0.0,0,13107,17085,13107,17098,26215,17078,0,0,0,70,68,100,0.0,82.2,2.730238278947072e+23,77.7,2.730238639235042e+23,78.5,1,49,50,180,26215,52429,0,0,0.0,0.0,0.0,0.0,-0.0,67.0,0.0,162057.094,0.0,967,0,989,0,0,0,946,0,1011,0,912,0,787,0,777,0,821,0,7520,0.032,1.5924728282382074e+19,0.0,0.0,784,16797,-0.0,162057.094,-114818.039,-0.0,0.133,6.909358625270745e+28,30.0,70.0,35,0.0,0.0,0.0,0.0,0.0,0.0,0.0,0.0,0.0,0.0,0.0,0.0,0.0,0.0,0.0,0.0,66.4,0,150,71,51,65476,0,300,0,0,8,20529,65476,0,0,44564,70.0,0.0,0.0,0.0,0.0,0.0
2026-09-10T21:53:40,ERR,ERR,ERR,ERR,ERR,ERR,ERR,ERR,ERR,ERR,ERR,ERR,ERR,ERR,ERR,ERR,ERR,ERR,ERR,ERR,ERR,ERR,ERR,ERR,ERR,ERR,ERR,ERR,ERR,ERR,ERR,ERR,ERR,ERR,ERR,ERR,ERR,ERR,ERR,ERR,ERR,ERR,ERR,ERR,ERR,ERR,ERR,ERR,ERR,ERR,ERR,ERR,ERR,ERR,ERR,ERR,ERR,ERR,ERR,ERR,ERR,ERR,ERR,ERR,ERR,ERR,ERR,ERR,ERR,ERR,ERR,ERR,ERR,ERR,ERR,ERR,ERR,ERR,ERR,ERR,ERR,ERR,ERR,ERR,ERR,ERR,ERR,ERR,ERR,ERR,ERR,ERR,ERR,ERR,ERR,ERR,ERR,ERR,ERR,ERR,ERR,ERR,ERR,ERR,ERR,ERR,ERR,ERR,ERR,ERR,ERR,ERR,ERR,ERR,ERR,ERR,ERR,ERR,ERR,ERR,ERR,ERR,ERR,ERR,ERR,0.0,-107615352.0,-0.0,0.0,0.0,1.3936040501711995e+18,7.805,0.0,0,0,4,0,7116,0.0,100,0.0,0.0,0.0,0.0,0.0,0,0,0,0,0.0,0,0,0,0,0,0,0,0,0,0,0,0,0,0,0,0,0,0,0,0,0,0,0,0,0,0,0,0,0,0,0,0,0,31,40,40,71,65476,0,300,0,0,8,21553,0.0,-107605600.0,0.0,0.0,0.0,0.0,0.0,0.0,0.0,0.0,0.0,0.0,0.0,0.0,0.0,0.0,0.0,0.0,0.0,0.0,0.0,0.0,-2.004,0.0,2.004,0.0,0.0,0.0,0.0,0.0,4513.0,-0.0,6929.0,0.0,-107615352.0,0.0,-0.0,0.0,0.0,0.0,0.0,69,-0.0,0.0,0.0,0.0,0.0,0.0,0.0,0.0,0.0,0,0,0,0.0,0.0,0.0,0.0,0.0,0.0,0.0,0.0,0.0,0.0,0.0,0.0,0.0,0.0,0.0,0.0,0,-107875648.0,69,0.0,138,0.0,0.0,0,13107,17085,13107,17098,26215,17078,0,0,0,70,68,100,0.0,82.1,0.0,77.7,2.730238639235042e+23,78.5,1,49,50,180,26215,52429,0,0,0.0,0.0,0.0,0.0,-0.0,67.0,0.0,162057.094,0.0,967,0,989,0,0,0,946,0,1011,0,912,0,787,0,777,0,821,0,7520,0.032,1.5852670688344146e+19,0.0,0.0,784,16797,-0.0,162057.094,-114818.039,-0.0,0.133,6.909358625270745e+28,30.0,70.0,35,0.0,0.0,0.0,0.0,0.0,0.0,0.0,0.0,0.0,0.0,0.0,0.0,0.0,0.0,0.0,0.0,66.4,0,150,71,51,65476,0,300,0,0,8,20529,65476,0,0,44564,70.0,0.0,0.0,0.0,0.0,0.0
2026-09-10T21:53:41,ERR,ERR,ERR,ERR,ERR,ERR,ERR,ERR,ERR,ERR,ERR,ERR,ERR,ERR,ERR,ERR,ERR,ERR,ERR,ERR,ERR,ERR,ERR,ERR,ERR,ERR,ERR,ERR,ERR,ERR,ERR,ERR,ERR,ERR,ERR,ERR,ERR,ERR,ERR,ERR,ERR,ERR,ERR,ERR,ERR,ERR,ERR,ERR,ERR,ERR,ERR,ERR,ERR,ERR,ERR,ERR,ERR,ERR,ERR,ERR,ERR,ERR,ERR,ERR,ERR,ERR,ERR,ERR,ERR,ERR,ERR,ERR,ERR,ERR,ERR,ERR,ERR,ERR,ERR,ERR,ERR,ERR,ERR,ERR,ERR,ERR,ERR,ERR,ERR,ERR,ERR,ERR,ERR,ERR,ERR,ERR,ERR,ERR,ERR,ERR,ERR,ERR,ERR,ERR,ERR,ERR,ERR,ERR,ERR,ERR,ERR,ERR,ERR,ERR,ERR,ERR,ERR,ERR,ERR,ERR,ERR,ERR,ERR,ERR,ERR,0.0,-107615352.0,-0.0,0.0,0.0,1.3936040501711995e+18,7.805,0.0,0,0,4,0,7116,0.0,100,0.0,0.0,0.0,0.0,0.0,0,0,0,0,0.0,0,0,0,0,0,0,0,0,0,0,0,0,0,0,0,0,0,0,0,0,0,0,0,0,0,0,0,0,0,0,0,0,0,31,40,40,71,65476,0,300,0,0,8,21553,0.0,-107605600.0,0.0,0.0,0.0,0.0,0.0,0.0,0.0,0.0,0.0,0.0,0.0,0.0,0.0,0.0,0.0,0.0,0.0,0.0,0.0,0.0,-2.004,0.0,2.004,0.0,0.0,0.0,0.0,0.0,4513.0,-0.0,6929.0,0.0,-107615352.0,0.0,-0.0,0.0,0.0,0.0,0.0,69,-0.0,0.0,0.0,0.0,0.0,0.0,0.0,0.0,0.0,0,0,0,0.0,0.0,0.0,0.0,0.0,0.0,0.0,0.0,0.0,0.0,0.0,0.0,0.0,0.0,0.0,0.0,0,-107875648.0,69,0.0,138,0.0,0.0,0,13107,17085,13107,17098,26215,17078,0,0,0,70,68,100,0.0,82.1,0.0,77.7,2.730238639235042e+23,78.5,1,49,50,180,26215,52429,0,0,0.0,0.0,0.0,0.0,-0.0,67.0,0.0,162057.094,0.0,967,0,989,0,0,0,946,0,1011,0,912,0,787,0,777,0,821,0,7520,0.032,1.5852670688344146e+19,0.0,0.0,784,16797,-0.0,162057.094,-114818.039,-0.0,0.133,6.909358625270745e+28,30.0,70.0,35,0.0,0.0,0.0,0.0,0.0,0.0,0.0,0.0,0.0,0.0,0.0,0.0,0.0,0.0,0.0,0.0,66.4,0,150,71,51,65476,0,300,0,0,8,20529,65476,0,0,44564,70.0,0.0,0.0,0.0,0.0,0.0
2026-09-10T21:53:42,ERR,ERR,ERR,ERR,ERR,ERR,ERR,ERR,ERR,ERR,ERR,ERR,ERR,ERR,ERR,ERR,ERR,ERR,ERR,ERR,ERR,ERR,ERR,ERR,ERR,ERR,ERR,ERR,ERR,ERR,ERR,ERR,ERR,ERR,ERR,ERR,ERR,ERR,ERR,ERR,ERR,ERR,ERR,ERR,ERR,ERR,ERR,ERR,ERR,ERR,ERR,ERR,ERR,ERR,ERR,ERR,ERR,ERR,ERR,ERR,ERR,ERR,ERR,ERR,ERR,ERR,ERR,ERR,ERR,ERR,ERR,ERR,ERR,ERR,ERR,ERR,ERR,ERR,ERR,ERR,ERR,ERR,ERR,ERR,ERR,ERR,ERR,ERR,ERR,ERR,ERR,ERR,ERR,ERR,ERR,ERR,ERR,ERR,ERR,ERR,ERR,ERR,ERR,ERR,ERR,ERR,ERR,ERR,ERR,ERR,ERR,ERR,ERR,ERR,ERR,ERR,ERR,ERR,ERR,ERR,ERR,ERR,ERR,ERR,ERR,0.0,0.0,0.0,0.0,0.0,1.3936040501711995e+18,7.805,0.0,0,0,4,0,7116,0.0,100,0.0,0.0,0.0,0.0,0.0,0,0,0,0,0.0,0,0,0,0,0,0,0,0,0,0,0,0,0,0,0,0,0,0,0,0,0,0,0,0,0,0,0,0,0,0,0,0,0,31,40,40,71,65476,0,300,0,0,8,21553,0.0,-107605600.0,0.0,0.0,0.0,0.0,0.0,0.0,0.0,0.0,0.0,0.0,0.0,0.0,0.0,0.0,0.0,0.0,0.0,0.0,0.0,0.0,0.0,-2.004,2.004,0.0,0.0,0.0,0.0,0.0,4541.0,2.4229835810766396e+24,6925.0,0.0,-107615352.0,0.0,-0.0,0.0,0.0,0.0,0.0,69,-0.0,0.0,0.0,0.0,0.0,0.0,0.0,0.0,0.0,0,0,0,0.0,0.0,0.0,0.0,0.0,0.0,0.0,0.0,0.0,0.0,0.0,0.0,0.0,0.0,0.0,0.0,0,-107875648.0,69,0.0,138,0.0,0.0,0,13107,17085,13107,17098,26215,17078,0,0,0,70,68,100,0.0,82.1,0.0,77.7,2.730238639235042e+23,78.5,1,49,50,180,26215,52429,0,0,0.0,0.0,0.0,0.0,-0.0,67.0,0.0,162057.094,0.0,967,0,989,0,0,0,946,0,1011,0,912,0,787,0,777,0,821,0,7520,0.032,1.5852670688344146e+19,0.0,0.0,784,16797,-0.0,162057.094,-114818.039,-0.0,0.133,6.909358625270745e+28,30.0,70.0,35,0.0,0.0,0.0,0.0,0.0,0.0,0.0,0.0,0.0,0.0,0.0,0.0,0.0,0.0,0.0,0.0,66.4,0,150,71,51,65476,0,300,0,0,8,20529,65476,0,0,44564,70.0,0.0,0.0,0.0,0.0,0.0
2026-09-10T21:53:43,ERR,ERR,ERR,ERR,ERR,ERR,ERR,ERR,ERR,ERR,ERR,ERR,ERR,ERR,ERR,ERR,ERR,ERR,ERR,ERR,ERR,ERR,ERR,ERR,ERR,ERR,ERR,ERR,ERR,ERR,ERR,ERR,ERR,ERR,ERR,ERR,ERR,ERR,ERR,ERR,ERR,ERR,ERR,ERR,ERR,ERR,ERR,ERR,ERR,ERR,ERR,ERR,ERR,ERR,ERR,ERR,ERR,ERR,ERR,ERR,ERR,ERR,ERR,ERR,ERR,ERR,ERR,ERR,ERR,ERR,ERR,ERR,ERR,ERR,ERR,ERR,ERR,ERR,ERR,ERR,ERR,ERR,ERR,ERR,ERR,ERR,ERR,ERR,ERR,ERR,ERR,ERR,ERR,ERR,ERR,ERR,ERR,ERR,ERR,ERR,ERR,ERR,ERR,ERR,ERR,ERR,ERR,ERR,ERR,ERR,ERR,ERR,ERR,ERR,ERR,ERR,ERR,ERR,ERR,ERR,ERR,ERR,ERR,ERR,ERR,0.0,0.0,0.0,0.0,0.0,1.3936040501711995e+18,7.805,0.0,0,0,4,0,7116,0.0,100,0.0,0.0,0.0,0.0,0.0,0,0,0,0,0.0,0,0,0,0,0,0,0,0,0,0,0,0,0,0,0,0,0,0,0,0,0,0,0,0,0,0,0,0,0,0,0,0,0,31,40,40,71,65476,0,300,0,0,8,21553,0.0,-107605600.0,0.0,0.0,0.0,0.0,0.0,0.0,0.0,0.0,0.0,0.0,0.0,0.0,0.0,0.0,0.0,0.0,0.0,0.0,0.0,0.0,0.0,-2.004,2.004,0.0,0.0,0.0,0.0,0.0,4541.0,2.4229835810766396e+24,6925.0,0.0,-107615352.0,0.0,-0.0,0.0,0.0,0.0,0.0,69,-0.0,0.0,0.0,0.0,0.0,0.0,0.0,0.0,0.0,0,0,0,0.0,0.0,0.0,0.0,0.0,0.0,0.0,0.0,0.0,0.0,0.0,0.0,0.0,0.0,0.0,0.0,0,-107875648.0,69,0.0,138,0.0,0.0,0,13107,17085,13107,17098,26215,17078,0,0,0,70,68,100,0.0,82.1,0.0,77.7,2.730238639235042e+23,78.5,1,49,50,180,26215,52429,0,0,0.0,0.0,0.0,0.0,-0.0,67.0,0.0,162057.094,0.0,967,0,989,0,0,0,946,0,1011,0,912,0,787,0,777,0,821,0,7520,0.032,1.5852670688344146e+19,0.0,0.0,784,16797,-0.0,162057.094,-114818.039,-0.0,0.133,6.909358625270745e+28,30.0,70.0,35,0.0,0.0,0.0,0.0,0.0,0.0,0.0,0.0,0.0,0.0,0.0,0.0,0.0,0.0,0.0,0.0,66.4,0,150,71,51,65476,0,300,0,0,8,20529,65476,0,0,44564,70.0,0.0,0.0,0.0,0.0,0.0
2026-09-10T21:53:44,ERR,ERR,ERR,ERR,ERR,ERR,ERR,ERR,ERR,ERR,ERR,ERR,ERR,ERR,ERR,ERR,ERR,ERR,ERR,ERR,ERR,ERR,ERR,ERR,ERR,ERR,ERR,ERR,ERR,ERR,ERR,ERR,ERR,ERR,ERR,ERR,ERR,ERR,ERR,ERR,ERR,ERR,ERR,ERR,ERR,ERR,ERR,ERR,ERR,ERR,ERR,ERR,ERR,ERR,ERR,ERR,ERR,ERR,ERR,ERR,ERR,ERR,ERR,ERR,ERR,ERR,ERR,ERR,ERR,ERR,ERR,ERR,ERR,ERR,ERR,ERR,ERR,ERR,ERR,ERR,ERR,ERR,ERR,ERR,ERR,ERR,ERR,ERR,ERR,ERR,ERR,ERR,ERR,ERR,ERR,ERR,ERR,ERR,ERR,ERR,ERR,ERR,ERR,ERR,ERR,ERR,ERR,ERR,ERR,ERR,ERR,ERR,ERR,ERR,ERR,ERR,ERR,ERR,ERR,ERR,ERR,ERR,ERR,ERR,ERR,0.0,0.0,0.0,0.0,0.0,1.3936040501711995e+18,7.805,0.0,0,0,4,0,7116,0.0,100,0.0,0.0,0.0,0.0,0.0,0,0,0,0,0.0,0,0,0,0,0,0,0,0,0,0,0,0,0,0,0,0,0,0,0,0,0,0,0,0,0,0,0,0,0,0,0,0,0,31,40,40,71,65476,0,300,0,0,8,21553,0.0,-107605600.0,0.0,0.0,0.0,0.0,0.0,0.0,0.0,0.0,0.0,0.0,0.0,0.0,0.0,0.0,0.0,0.0,0.0,0.0,0.0,0.0,0.0,-2.004,2.004,0.0,0.0,0.0,0.0,0.0,4541.0,2.4229835810766396e+24,6925.0,0.0,-107615352.0,0.0,-0.0,0.0,0.0,0.0,0.0,69,-0.0,0.0,0.0,0.0,0.0,0.0,0.0,0.0,0.0,0,0,0,0.0,0.0,0.0,0.0,0.0,0.0,0.0,0.0,0.0,0.0,0.0,0.0,0.0,0.0,0.0,0.0,0,-107875648.0,69,0.0,138,0.0,0.0,0,13107,17085,13107,17098,26215,17078,0,0,0,70,68,100,0.0,82.1,0.0,77.7,2.730238639235042e+23,78.5,1,49,50,180,26215,52429,0,0,0.0,0.0,0.0,0.0,-0.0,67.0,0.0,162057.094,0.0,967,0,989,0,0,0,946,0,1011,0,912,0,787,0,777,0,821,0,7520,0.032,1.5852670688344146e+19,0.0,0.0,784,16797,-0.0,162057.094,-114818.039,-0.0,0.133,6.909358625270745e+28,30.0,70.0,35,0.0,0.0,0.0,0.0,0.0,0.0,0.0,0.0,0.0,0.0,0.0,0.0,0.0,0.0,0.0,0.0,66.4,0,150,71,51,65476,0,300,0,0,8,20529,65476,0,0,44564,70.0,0.0,0.0,0.0,0.0,0.0
2026-09-10T21:53:45,ERR,ERR,ERR,ERR,ERR,ERR,ERR,ERR,ERR,ERR,ERR,ERR,ERR,ERR,ERR,ERR,ERR,ERR,ERR,ERR,ERR,ERR,ERR,ERR,ERR,ERR,ERR,ERR,ERR,ERR,ERR,ERR,ERR,ERR,ERR,ERR,ERR,ERR,ERR,ERR,ERR,ERR,ERR,ERR,ERR,ERR,ERR,ERR,ERR,ERR,ERR,ERR,ERR,ERR,ERR,ERR,ERR,ERR,ERR,ERR,ERR,ERR,ERR,ERR,ERR,ERR,ERR,ERR,ERR,ERR,ERR,ERR,ERR,ERR,ERR,ERR,ERR,ERR,ERR,ERR,ERR,ERR,ERR,ERR,ERR,ERR,ERR,ERR,ERR,ERR,ERR,ERR,ERR,ERR,ERR,ERR,ERR,ERR,ERR,ERR,ERR,ERR,ERR,ERR,ERR,ERR,ERR,ERR,ERR,ERR,ERR,ERR,ERR,ERR,ERR,ERR,ERR,ERR,ERR,ERR,ERR,ERR,ERR,ERR,ERR,0.0,0.0,0.0,0.0,0.0,1.3936040501711995e+18,7.805,0.0,0,0,4,0,7116,0.0,100,0.0,0.0,0.0,0.0,0.0,0,0,0,0,0.0,0,0,0,0,0,0,0,0,0,0,0,0,0,0,0,0,0,0,0,0,0,0,0,0,0,0,0,0,0,0,0,0,0,31,40,40,71,65476,0,300,0,0,8,21553,0.0,-107605600.0,0.0,0.0,0.0,0.0,0.0,0.0,0.0,0.0,0.0,0.0,0.0,0.0,0.0,0.0,0.0,0.0,0.0,0.0,0.0,0.0,0.0,-2.004,2.004,0.0,0.0,0.0,0.0,0.0,4541.0,2.4229835810766396e+24,6925.0,0.0,-107615352.0,0.0,-0.0,0.0,0.0,0.0,0.0,69,-0.0,0.0,0.0,0.0,0.0,0.0,0.0,0.0,0.0,0,0,0,0.0,0.0,0.0,0.0,0.0,0.0,0.0,0.0,0.0,0.0,0.0,0.0,0.0,0.0,0.0,0.0,0,-107875648.0,69,0.0,138,0.0,0.0,0,13107,17085,13107,17098,26215,17078,0,0,0,70,68,100,0.0,82.1,0.0,77.7,2.730238639235042e+23,78.5,1,49,50,180,26215,52429,0,0,0.0,0.0,0.0,0.0,-0.0,67.0,0.0,162057.094,0.0,967,0,989,0,0,0,946,0,1011,0,912,0,787,0,777,0,821,0,7520,0.032,1.5852670688344146e+19,0.0,0.0,784,16797,-0.0,162057.094,-114818.039,-0.0,0.133,6.909358625270745e+28,30.0,70.0,35,0.0,0.0,0.0,0.0,0.0,0.0,0.0,0.0,0.0,0.0,0.0,0.0,0.0,0.0,0.0,0.0,66.4,0,150,71,51,65476,0,300,0,0,8,20529,65476,0,0,44564,70.0,0.0,0.0,0.0,0.0,0.0
2026-09-10T21:53:46,ERR,ERR,ERR,ERR,ERR,ERR,ERR,ERR,ERR,ERR,ERR,ERR,ERR,ERR,ERR,ERR,ERR,ERR,ERR,ERR,ERR,ERR,ERR,ERR,ERR,ERR,ERR,ERR,ERR,ERR,ERR,ERR,ERR,ERR,ERR,ERR,ERR,ERR,ERR,ERR,ERR,ERR,ERR,ERR,ERR,ERR,ERR,ERR,ERR,ERR,ERR,ERR,ERR,ERR,ERR,ERR,ERR,ERR,ERR,ERR,ERR,ERR,ERR,ERR,ERR,ERR,ERR,ERR,ERR,ERR,ERR,ERR,ERR,ERR,ERR,ERR,ERR,ERR,ERR,ERR,ERR,ERR,ERR,ERR,ERR,ERR,ERR,ERR,ERR,ERR,ERR,ERR,ERR,ERR,ERR,ERR,ERR,ERR,ERR,ERR,ERR,ERR,ERR,ERR,ERR,ERR,ERR,ERR,ERR,ERR,ERR,ERR,ERR,ERR,ERR,ERR,ERR,ERR,ERR,ERR,ERR,ERR,ERR,ERR,ERR,0.0,0.0,0.0,0.0,0.0,1.3936040501711995e+18,7.805,0.0,0,0,4,0,7116,0.0,100,0.0,0.0,0.0,0.0,0.0,0,0,0,0,0.0,0,0,0,0,0,0,0,0,0,0,0,0,0,0,0,0,0,0,0,0,0,0,0,0,0,0,0,0,0,0,0,0,0,31,40,40,71,65476,0,300,0,0,8,21553,0.0,-107605600.0,0.0,0.0,0.0,0.0,0.0,0.0,0.0,0.0,0.0,0.0,0.0,0.0,0.0,0.0,0.0,0.0,0.0,0.0,0.0,0.0,0.0,-2.004,2.004,0.0,0.0,0.0,0.0,0.0,4541.0,2.4229835810766396e+24,6925.0,0.0,-107615352.0,0.0,-0.0,0.0,0.0,0.0,0.0,69,-0.0,0.0,0.0,0.0,0.0,0.0,0.0,0.0,0.0,0,0,0,0.0,0.0,0.0,0.0,0.0,0.0,0.0,0.0,0.0,0.0,0.0,0.0,0.0,0.0,0.0,0.0,0,-107875648.0,69,0.0,138,0.0,0.0,0,13107,17085,13107,17098,26215,17078,0,0,0,70,68,100,0.0,82.2,2.730238278947072e+23,77.7,2.730238639235042e+23,78.5,1,49,50,180,26215,52429,0,0,0.0,0.0,0.0,0.0,-0.0,67.0,0.0,162057.094,0.0,967,0,989,0,0,0,946,0,1011,0,912,0,787,0,777,0,821,0,7520,0.032,1.5852670688344146e+19,0.0,0.0,784,16797,-0.0,162057.094,-114818.039,-0.0,0.133,6.909358625270745e+28,30.0,70.0,35,0.0,0.0,0.0,0.0,0.0,0.0,0.0,0.0,0.0,0.0,0.0,0.0,0.0,0.0,0.0,0.0,66.4,0,150,71,51,65476,0,300,0,0,8,20529,65476,0,0,44564,70.0,0.0,0.0,0.0,0.0,0.0
2026-09-10T21:53:47,ERR,ERR,ERR,ERR,ERR,ERR,ERR,ERR,ERR,ERR,ERR,ERR,ERR,ERR,ERR,ERR,ERR,ERR,ERR,ERR,ERR,ERR,ERR,ERR,ERR,ERR,ERR,ERR,ERR,ERR,ERR,ERR,ERR,ERR,ERR,ERR,ERR,ERR,ERR,ERR,ERR,ERR,ERR,ERR,ERR,ERR,ERR,ERR,ERR,ERR,ERR,ERR,ERR,ERR,ERR,ERR,ERR,ERR,ERR,ERR,ERR,ERR,ERR,ERR,ERR,ERR,ERR,ERR,ERR,ERR,ERR,ERR,ERR,ERR,ERR,ERR,ERR,ERR,ERR,ERR,ERR,ERR,ERR,ERR,ERR,ERR,ERR,ERR,ERR,ERR,ERR,ERR,ERR,ERR,ERR,ERR,ERR,ERR,ERR,ERR,ERR,ERR,ERR,ERR,ERR,ERR,ERR,ERR,ERR,ERR,ERR,ERR,ERR,ERR,ERR,ERR,ERR,ERR,ERR,ERR,ERR,ERR,ERR,ERR,ERR,0.0,0.0,0.0,0.0,0.0,1.3936040501711995e+18,7.805,0.0,0,0,4,0,7116,0.0,100,0.0,0.0,0.0,0.0,0.0,0,0,0,0,0.0,0,0,0,0,0,0,0,0,0,0,0,0,0,0,0,0,0,0,0,0,0,0,0,0,0,0,0,0,0,0,0,0,0,31,40,40,71,65476,0,300,0,0,8,21553,0.0,-107605600.0,0.0,0.0,0.0,0.0,0.0,0.0,0.0,0.0,0.0,0.0,0.0,0.0,0.0,0.0,0.0,0.0,0.0,0.0,0.0,0.0,0.0,-2.004,2.004,0.0,0.0,0.0,0.0,0.0,4541.0,2.4229835810766396e+24,6925.0,0.0,-107615352.0,0.0,-0.0,0.0,0.0,0.0,0.0,69,-0.0,0.0,0.0,0.0,0.0,0.0,0.0,0.0,0.0,0,0,0,0.0,0.0,0.0,0.0,0.0,0.0,0.0,0.0,0.0,0.0,0.0,0.0,0.0,0.0,0.0,0.0,0,-107875648.0,69,0.0,138,0.0,0.0,0,13107,17085,13107,17098,26215,17078,0,0,0,70,68,100,0.0,82.2,2.730238278947072e+23,77.7,2.730238639235042e+23,78.5,1,49,50,180,26215,52429,0,0,0.0,0.0,0.0,0.0,-0.0,67.0,0.0,162057.094,0.0,967,0,989,0,0,0,946,0,1011,0,912,0,787,0,777,0,821,0,7520,0.032,1.5852670688344146e+19,0.0,0.0,784,16797,-0.0,162057.094,-114818.039,-0.0,0.133,6.909358625270745e+28,30.0,70.0,35,0.0,0.0,0.0,0.0,0.0,0.0,0.0,0.0,0.0,0.0,0.0,0.0,0.0,0.0,0.0,0.0,66.4,0,150,71,51,65476,0,300,0,0,8,20529,65476,0,0,44564,70.0,0.0,0.0,0.0,0.0,0.0
2026-09-10T21:53:48,ERR,ERR,ERR,ERR,ERR,ERR,ERR,ERR,ERR,ERR,ERR,ERR,ERR,ERR,ERR,ERR,ERR,ERR,ERR,ERR,ERR,ERR,ERR,ERR,ERR,ERR,ERR,ERR,ERR,ERR,ERR,ERR,ERR,ERR,ERR,ERR,ERR,ERR,ERR,ERR,ERR,ERR,ERR,ERR,ERR,ERR,ERR,ERR,ERR,ERR,ERR,ERR,ERR,ERR,ERR,ERR,ERR,ERR,ERR,ERR,ERR,ERR,ERR,ERR,ERR,ERR,ERR,ERR,ERR,ERR,ERR,ERR,ERR,ERR,ERR,ERR,ERR,ERR,ERR,ERR,ERR,ERR,ERR,ERR,ERR,ERR,ERR,ERR,ERR,ERR,ERR,ERR,ERR,ERR,ERR,ERR,ERR,ERR,ERR,ERR,ERR,ERR,ERR,ERR,ERR,ERR,ERR,ERR,ERR,ERR,ERR,ERR,ERR,ERR,ERR,ERR,ERR,ERR,ERR,ERR,ERR,ERR,ERR,ERR,ERR,0.0,0.0,0.0,0.0,0.0,1.3936040501711995e+18,7.805,0.0,0,0,4,0,7116,0.0,100,0.0,0.0,0.0,0.0,0.0,0,0,0,0,0.0,0,0,0,0,0,0,0,0,0,0,0,0,0,0,0,0,0,0,0,0,0,0,0,0,0,0,0,0,0,0,0,0,0,31,40,40,71,65476,0,300,0,0,8,21553,0.0,-107605600.0,0.0,0.0,0.0,0.0,0.0,0.0,0.0,0.0,0.0,0.0,0.0,0.0,0.0,0.0,0.0,0.0,0.0,0.0,0.0,0.0,0.0,-2.004,2.004,0.0,0.0,0.0,0.0,0.0,4541.0,2.4229835810766396e+24,6925.0,0.0,-107615352.0,0.0,-0.0,0.0,0.0,0.0,0.0,69,-0.0,0.0,0.0,0.0,0.0,0.0,0.0,0.0,0.0,0,0,0,0.0,0.0,0.0,0.0,0.0,0.0,0.0,0.0,0.0,0.0,0.0,0.0,0.0,0.0,0.0,0.0,0,-107875648.0,69,0.0,138,0.0,0.0,0,13107,17085,13107,17098,26215,17078,0,0,0,70,68,100,0.0,82.2,2.730238278947072e+23,77.7,2.730238639235042e+23,78.5,1,49,50,180,26215,52429,0,0,0.0,0.0,0.0,0.0,-0.0,67.0,0.0,162057.094,0.0,967,0,989,0,0,0,946,0,1011,0,912,0,787,0,777,0,821,0,7520,0.032,1.5852670688344146e+19,0.0,0.0,784,16797,-0.0,162057.094,-114818.039,-0.0,0.133,6.909358625270745e+28,30.0,70.0,35,0.0,0.0,0.0,0.0,0.0,0.0,0.0,0.0,0.0,0.0,0.0,0.0,0.0,0.0,0.0,0.0,66.4,0,150,71,51,65476,0,300,0,0,8,20529,65476,0,0,44564,70.0,0.0,0.0,0.0,0.0,0.0
2026-09-10T21:53:49,ERR,ERR,ERR,ERR,ERR,ERR,ERR,ERR,ERR,ERR,ERR,ERR,ERR,ERR,ERR,ERR,ERR,ERR,ERR,ERR,ERR,ERR,ERR,ERR,ERR,ERR,ERR,ERR,ERR,ERR,ERR,ERR,ERR,ERR,ERR,ERR,ERR,ERR,ERR,ERR,ERR,ERR,ERR,ERR,ERR,ERR,ERR,ERR,ERR,ERR,ERR,ERR,ERR,ERR,ERR,ERR,ERR,ERR,ERR,ERR,ERR,ERR,ERR,ERR,ERR,ERR,ERR,ERR,ERR,ERR,ERR,ERR,ERR,ERR,ERR,ERR,ERR,ERR,ERR,ERR,ERR,ERR,ERR,ERR,ERR,ERR,ERR,ERR,ERR,ERR,ERR,ERR,ERR,ERR,ERR,ERR,ERR,ERR,ERR,ERR,ERR,ERR,ERR,ERR,ERR,ERR,ERR,ERR,ERR,ERR,ERR,ERR,ERR,ERR,ERR,ERR,ERR,ERR,ERR,ERR,ERR,ERR,ERR,ERR,ERR,0.0,-107615352.0,0.0,0.0,0.0,1.3936040501711995e+18,7.805,0.0,0,0,4,0,7116,0.0,100,0.0,0.0,0.0,0.0,0.0,0,0,0,0,0.0,0,0,0,0,0,0,0,0,0,0,0,0,0,0,0,0,0,0,0,0,0,0,0,0,0,0,0,0,0,0,0,0,0,31,40,40,71,65476,0,300,0,0,8,21553,0.0,-107605600.0,0.0,0.0,0.0,0.0,0.0,0.0,0.0,0.0,0.0,0.0,0.0,0.0,0.0,0.0,0.0,0.0,0.0,0.0,0.0,0.0,-2.004,-2.004,2.004,0.0,0.0,0.0,0.0,0.0,4519.0,564144826744832.0,6923.0,0.0,-107615352.0,0.0,-0.0,0.0,0.0,0.0,0.0,69,-0.0,-2.3088245329045016e+20,0.0,0.0,0.0,0.0,0.0,0.0,0.0,0,0,0,0.0,0.0,0.0,0.0,0.0,0.0,0.0,0.0,0.0,0.0,0.0,0.0,0.0,0.0,0.0,0.0,0,-107875648.0,69,0.0,138,0.0,0.0,0,13107,17085,13107,17098,26215,17078,0,0,0,70,68,100,0.0,82.2,2.730238278947072e+23,77.7,2.730238639235042e+23,78.5,1,49,50,180,26215,52429,0,0,0.0,0.0,0.0,0.0,-0.0,67.0,0.0,162057.094,0.0,967,0,989,0,0,0,946,0,1011,0,912,0,787,0,777,0,821,0,7520,0.032,1.5852670688344146e+19,0.0,0.0,784,16797,-0.0,162057.094,-114818.039,-0.0,0.133,6.909358625270745e+28,30.0,70.0,35,0.0,0.0,0.0,0.0,0.0,0.0,0.0,0.0,0.0,0.0,0.0,0.0,0.0,0.0,0.0,0.0,66.8,0,150,71,51,65476,0,300,0,0,8,20529,65476,0,0,44564,70.0,0.0,0.0,0.0,0.0,0.0
2026-09-10T21:53:50,ERR,ERR,ERR,ERR,ERR,ERR,ERR,ERR,ERR,ERR,ERR,ERR,ERR,ERR,ERR,ERR,ERR,ERR,ERR,ERR,ERR,ERR,ERR,ERR,ERR,ERR,ERR,ERR,ERR,ERR,ERR,ERR,ERR,ERR,ERR,ERR,ERR,ERR,ERR,ERR,ERR,ERR,ERR,ERR,ERR,ERR,ERR,ERR,ERR,ERR,ERR,ERR,ERR,ERR,ERR,ERR,ERR,ERR,ERR,ERR,ERR,ERR,ERR,ERR,ERR,ERR,ERR,ERR,ERR,ERR,ERR,ERR,ERR,ERR,ERR,ERR,ERR,ERR,ERR,ERR,ERR,ERR,ERR,ERR,ERR,ERR,ERR,ERR,ERR,ERR,ERR,ERR,ERR,ERR,ERR,ERR,ERR,ERR,ERR,ERR,ERR,ERR,ERR,ERR,ERR,ERR,ERR,ERR,ERR,ERR,ERR,ERR,ERR,ERR,ERR,ERR,ERR,ERR,ERR,ERR,ERR,ERR,ERR,ERR,ERR,0.0,-107615352.0,0.0,0.0,0.0,1.3936040501711995e+18,7.805,0.0,0,0,4,0,7116,0.0,100,0.0,0.0,0.0,0.0,0.0,0,0,0,0,0.0,0,0,0,0,0,0,0,0,0,0,0,0,0,0,0,0,0,0,0,0,0,0,0,0,0,0,0,0,0,0,0,0,0,31,40,40,71,65476,0,300,0,0,8,21553,0.0,-107605600.0,0.0,0.0,0.0,0.0,0.0,0.0,0.0,0.0,0.0,0.0,0.0,0.0,0.0,0.0,0.0,0.0,0.0,0.0,0.0,0.0,-2.004,-2.004,2.004,0.0,0.0,0.0,0.0,0.0,4519.0,564144826744832.0,6923.0,0.0,-107615352.0,0.0,-0.0,0.0,0.0,0.0,0.0,69,-0.0,-2.3088245329045016e+20,0.0,0.0,0.0,0.0,0.0,0.0,0.0,0,0,0,0.0,0.0,0.0,0.0,0.0,0.0,0.0,0.0,0.0,0.0,0.0,0.0,0.0,0.0,0.0,0.0,0,-107875648.0,69,0.0,138,0.0,0.0,0,13107,17085,13107,17098,26215,17078,0,0,0,70,68,100,0.0,82.2,2.730238278947072e+23,77.7,2.730238639235042e+23,78.5,1,49,50,180,26215,52429,0,0,0.0,0.0,0.0,0.0,-0.0,67.0,0.0,162057.094,0.0,967,0,989,0,0,0,946,0,1011,0,912,0,787,0,777,0,821,0,7520,0.032,1.5852670688344146e+19,0.0,0.0,784,16797,-0.0,162057.094,-114818.039,-0.0,0.133,6.909358625270745e+28,30.0,70.0,35,0.0,0.0,0.0,0.0,0.0,0.0,0.0,0.0,0.0,0.0,0.0,0.0,0.0,0.0,0.0,0.0,66.8,0,150,71,51,65476,0,300,0,0,8,20529,65476,0,0,44564,70.0,0.0,0.0,0.0,0.0,0.0
2026-09-10T21:53:51,ERR,ERR,ERR,ERR,ERR,ERR,ERR,ERR,ERR,ERR,ERR,ERR,ERR,ERR,ERR,ERR,ERR,ERR,ERR,ERR,ERR,ERR,ERR,ERR,ERR,ERR,ERR,ERR,ERR,ERR,ERR,ERR,ERR,ERR,ERR,ERR,ERR,ERR,ERR,ERR,ERR,ERR,ERR,ERR,ERR,ERR,ERR,ERR,ERR,ERR,ERR,ERR,ERR,ERR,ERR,ERR,ERR,ERR,ERR,ERR,ERR,ERR,ERR,ERR,ERR,ERR,ERR,ERR,ERR,ERR,ERR,ERR,ERR,ERR,ERR,ERR,ERR,ERR,ERR,ERR,ERR,ERR,ERR,ERR,ERR,ERR,ERR,ERR,ERR,ERR,ERR,ERR,ERR,ERR,ERR,ERR,ERR,ERR,ERR,ERR,ERR,ERR,ERR,ERR,ERR,ERR,ERR,ERR,ERR,ERR,ERR,ERR,ERR,ERR,ERR,ERR,ERR,ERR,ERR,ERR,ERR,ERR,ERR,ERR,ERR,0.0,-107615352.0,0.0,0.0,0.0,1.3936040501711995e+18,7.805,0.0,0,0,4,0,7116,0.0,100,0.0,0.0,0.0,0.0,0.0,0,0,0,0,0.0,0,0,0,0,0,0,0,0,0,0,0,0,0,0,0,0,0,0,0,0,0,0,0,0,0,0,0,0,0,0,0,0,0,31,40,40,71,65476,0,300,0,0,8,21553,0.0,-107605600.0,0.0,0.0,0.0,0.0,0.0,0.0,0.0,0.0,0.0,0.0,0.0,0.0,0.0,0.0,0.0,0.0,0.0,0.0,0.0,0.0,-2.004,-2.004,2.004,0.0,0.0,0.0,0.0,0.0,4519.0,564144826744832.0,6923.0,0.0,-107615352.0,0.0,-0.0,0.0,0.0,0.0,0.0,69,-0.0,-2.3088245329045016e+20,0.0,0.0,0.0,0.0,0.0,0.0,0.0,0,0,0,0.0,0.0,0.0,0.0,0.0,0.0,0.0,0.0,0.0,0.0,0.0,0.0,0.0,0.0,0.0,0.0,0,-107875648.0,69,0.0,138,0.0,0.0,0,13107,17085,13107,17098,26215,17078,0,0,0,70,68,100,0.0,82.1,0.0,77.7,2.730238639235042e+23,78.5,1,49,50,180,26215,52429,0,0,0.0,0.0,0.0,0.0,-0.0,67.0,0.0,162057.094,0.0,967,0,989,0,0,0,946,0,1011,0,912,0,787,0,776,0,821,0,7520,0.032,1.5780613094306218e+19,0.0,0.0,784,16797,-0.0,162057.094,-114818.039,-0.0,0.133,6.909358625270745e+28,30.0,70.0,35,0.0,0.0,0.0,0.0,0.0,0.0,0.0,0.0,0.0,0.0,0.0,0.0,0.0,0.0,0.0,0.0,66.8,0,150,71,51,65476,0,300,0,0,8,20529,65476,0,0,44564,70.0,0.0,0.0,0.0,0.0,0.0
2026-09-10T21:53:52,ERR,ERR,ERR,ERR,ERR,ERR,ERR,ERR,ERR,ERR,ERR,ERR,ERR,ERR,ERR,ERR,ERR,ERR,ERR,ERR,ERR,ERR,ERR,ERR,ERR,ERR,ERR,ERR,ERR,ERR,ERR,ERR,ERR,ERR,ERR,ERR,ERR,ERR,ERR,ERR,ERR,ERR,ERR,ERR,ERR,ERR,ERR,ERR,ERR,ERR,ERR,ERR,ERR,ERR,ERR,ERR,ERR,ERR,ERR,ERR,ERR,ERR,ERR,ERR,ERR,ERR,ERR,ERR,ERR,ERR,ERR,ERR,ERR,ERR,ERR,ERR,ERR,ERR,ERR,ERR,ERR,ERR,ERR,ERR,ERR,ERR,ERR,ERR,ERR,ERR,ERR,ERR,ERR,ERR,ERR,ERR,ERR,ERR,ERR,ERR,ERR,ERR,ERR,ERR,ERR,ERR,ERR,ERR,ERR,ERR,ERR,ERR,ERR,ERR,ERR,ERR,ERR,ERR,ERR,ERR,ERR,ERR,ERR,ERR,ERR,0.0,-107615352.0,0.0,0.0,0.0,1.3936040501711995e+18,7.805,0.0,0,0,4,0,7116,0.0,100,0.0,0.0,0.0,0.0,0.0,0,0,0,0,0.0,0,0,0,0,0,0,0,0,0,0,0,0,0,0,0,0,0,0,0,0,0,0,0,0,0,0,0,0,0,0,0,0,0,31,40,40,71,65476,0,300,0,0,8,21553,0.0,-107605600.0,0.0,0.0,0.0,0.0,0.0,0.0,0.0,0.0,0.0,0.0,0.0,0.0,0.0,0.0,0.0,0.0,0.0,0.0,0.0,0.0,-2.004,-2.004,2.004,0.0,0.0,0.0,0.0,0.0,4519.0,564144826744832.0,6923.0,0.0,-107615352.0,0.0,-0.0,0.0,0.0,0.0,0.0,69,-0.0,-2.3088245329045016e+20,0.0,0.0,0.0,0.0,0.0,0.0,0.0,0,0,0,0.0,0.0,0.0,0.0,0.0,0.0,0.0,0.0,0.0,0.0,0.0,0.0,0.0,0.0,0.0,0.0,0,-107875648.0,69,0.0,138,0.0,0.0,0,13107,17085,13107,17098,26215,17078,0,0,0,70,68,100,0.0,82.1,0.0,77.7,2.730238639235042e+23,78.5,1,49,50,180,26215,52429,0,0,0.0,0.0,0.0,0.0,-0.0,67.0,0.0,162057.094,0.0,967,0,989,0,0,0,946,0,1011,0,912,0,787,0,776,0,821,0,7520,0.032,1.5780613094306218e+19,0.0,0.0,784,16797,-0.0,162057.094,-114818.039,-0.0,0.133,6.909358625270745e+28,30.0,70.0,35,0.0,0.0,0.0,0.0,0.0,0.0,0.0,0.0,0.0,0.0,0.0,0.0,0.0,0.0,0.0,0.0,66.4,0,150,71,51,65476,0,300,0,0,8,20529,65476,0,0,44564,70.0,0.0,0.0,0.0,0.0,0.0
2026-09-10T21:53:53,ERR,ERR,ERR,ERR,ERR,ERR,ERR,ERR,ERR,ERR,ERR,ERR,ERR,ERR,ERR,ERR,ERR,ERR,ERR,ERR,ERR,ERR,ERR,ERR,ERR,ERR,ERR,ERR,ERR,ERR,ERR,ERR,ERR,ERR,ERR,ERR,ERR,ERR,ERR,ERR,ERR,ERR,ERR,ERR,ERR,ERR,ERR,ERR,ERR,ERR,ERR,ERR,ERR,ERR,ERR,ERR,ERR,ERR,ERR,ERR,ERR,ERR,ERR,ERR,ERR,ERR,ERR,ERR,ERR,ERR,ERR,ERR,ERR,ERR,ERR,ERR,ERR,ERR,ERR,ERR,ERR,ERR,ERR,ERR,ERR,ERR,ERR,ERR,ERR,ERR,ERR,ERR,ERR,ERR,ERR,ERR,ERR,ERR,ERR,ERR,ERR,ERR,ERR,ERR,ERR,ERR,ERR,ERR,ERR,ERR,ERR,ERR,ERR,ERR,ERR,ERR,ERR,ERR,ERR,ERR,ERR,ERR,ERR,ERR,ERR,0.0,-107615352.0,0.0,0.0,0.0,1.3936040501711995e+18,7.805,0.0,0,0,4,0,7116,0.0,100,0.0,0.0,0.0,0.0,0.0,0,0,0,0,0.0,0,0,0,0,0,0,0,0,0,0,0,0,0,0,0,0,0,0,0,0,0,0,0,0,0,0,0,0,0,0,0,0,0,31,40,40,71,65476,0,300,0,0,8,21553,0.0,-107605600.0,0.0,0.0,0.0,0.0,0.0,0.0,0.0,0.0,0.0,0.0,0.0,0.0,0.0,0.0,0.0,0.0,0.0,0.0,0.0,0.0,-2.004,-2.004,2.004,0.0,0.0,0.0,0.0,0.0,4519.0,564144826744832.0,6923.0,0.0,-107615352.0,0.0,-0.0,0.0,0.0,0.0,0.0,69,-0.0,-2.3088245329045016e+20,0.0,0.0,0.0,0.0,0.0,0.0,0.0,0,0,0,0.0,0.0,0.0,0.0,0.0,0.0,0.0,0.0,0.0,0.0,0.0,0.0,0.0,0.0,0.0,0.0,0,-107875648.0,69,0.0,138,0.0,0.0,0,13107,17085,13107,17098,26215,17078,0,0,0,70,68,100,0.0,82.1,0.0,77.7,2.730238639235042e+23,78.5,1,49,50,180,26215,52429,0,0,0.0,0.0,0.0,0.0,-0.0,67.0,0.0,162057.094,0.0,967,0,989,0,0,0,946,0,1011,0,912,0,787,0,776,0,821,0,7520,0.032,1.5780613094306218e+19,0.0,0.0,784,16797,-0.0,162057.094,-114818.039,-0.0,0.133,6.909358625270745e+28,30.0,70.0,35,0.0,0.0,0.0,0.0,0.0,0.0,0.0,0.0,0.0,0.0,0.0,0.0,0.0,0.0,0.0,0.0,66.4,0,150,71,51,65476,0,300,0,0,8,20529,65476,0,0,44564,70.0,0.0,0.0,0.0,0.0,0.0
2026-09-10T21:53:54,ERR,ERR,ERR,ERR,ERR,ERR,ERR,ERR,ERR,ERR,ERR,ERR,ERR,ERR,ERR,ERR,ERR,ERR,ERR,ERR,ERR,ERR,ERR,ERR,ERR,ERR,ERR,ERR,ERR,ERR,ERR,ERR,ERR,ERR,ERR,ERR,ERR,ERR,ERR,ERR,ERR,ERR,ERR,ERR,ERR,ERR,ERR,ERR,ERR,ERR,ERR,ERR,ERR,ERR,ERR,ERR,ERR,ERR,ERR,ERR,ERR,ERR,ERR,ERR,ERR,ERR,ERR,ERR,ERR,ERR,ERR,ERR,ERR,ERR,ERR,ERR,ERR,ERR,ERR,ERR,ERR,ERR,ERR,ERR,ERR,ERR,ERR,ERR,ERR,ERR,ERR,ERR,ERR,ERR,ERR,ERR,ERR,ERR,ERR,ERR,ERR,ERR,ERR,ERR,ERR,ERR,ERR,ERR,ERR,ERR,ERR,ERR,ERR,ERR,ERR,ERR,ERR,ERR,ERR,ERR,ERR,ERR,ERR,ERR,ERR,0.0,-107615352.0,0.0,0.0,0.0,1.3936040501711995e+18,7.805,0.0,0,0,4,0,7116,0.0,100,0.0,0.0,0.0,0.0,0.0,0,0,0,0,0.0,0,0,0,0,0,0,0,0,0,0,0,0,0,0,0,0,0,0,0,0,0,0,0,0,0,0,0,0,0,0,0,0,0,31,40,40,71,65476,0,300,0,0,8,21553,0.0,-107605600.0,0.0,0.0,0.0,0.0,0.0,0.0,0.0,0.0,0.0,0.0,0.0,0.0,0.0,0.0,0.0,0.0,0.0,0.0,0.0,0.0,-2.004,-2.004,2.004,0.0,0.0,0.0,0.0,0.0,4519.0,564144826744832.0,6923.0,0.0,-107615352.0,0.0,-0.0,0.0,0.0,0.0,0.0,69,-0.0,-2.3088245329045016e+20,0.0,0.0,0.0,0.0,0.0,0.0,0.0,0,0,0,0.0,0.0,0.0,0.0,0.0,0.0,0.0,0.0,0.0,0.0,0.0,0.0,0.0,0.0,0.0,0.0,0,-107875648.0,69,0.0,138,0.0,0.0,0,13107,17085,13107,17098,26215,17078,0,0,0,70,68,100,0.0,82.1,0.0,77.7,2.730238639235042e+23,78.5,1,49,50,180,26215,52429,0,0,0.0,0.0,0.0,0.0,-0.0,67.0,0.0,162057.094,0.0,967,0,989,0,0,0,946,0,1011,0,912,0,787,0,776,0,821,0,7520,0.032,1.5780613094306218e+19,0.0,0.0,784,16797,-0.0,162057.094,-114818.039,-0.0,0.133,6.909358625270745e+28,30.0,70.0,35,0.0,0.0,0.0,0.0,0.0,0.0,0.0,0.0,0.0,0.0,0.0,0.0,0.0,0.0,0.0,0.0,66.8,0,150,71,51,65476,0,300,0,0,8,20529,65476,0,0,44564,70.0,0.0,0.0,0.0,0.0,0.0
2026-09-10T21:53:55,ERR,ERR,ERR,ERR,ERR,ERR,ERR,ERR,ERR,ERR,ERR,ERR,ERR,ERR,ERR,ERR,ERR,ERR,ERR,ERR,ERR,ERR,ERR,ERR,ERR,ERR,ERR,ERR,ERR,ERR,ERR,ERR,ERR,ERR,ERR,ERR,ERR,ERR,ERR,ERR,ERR,ERR,ERR,ERR,ERR,ERR,ERR,ERR,ERR,ERR,ERR,ERR,ERR,ERR,ERR,ERR,ERR,ERR,ERR,ERR,ERR,ERR,ERR,ERR,ERR,ERR,ERR,ERR,ERR,ERR,ERR,ERR,ERR,ERR,ERR,ERR,ERR,ERR,ERR,ERR,ERR,ERR,ERR,ERR,ERR,ERR,ERR,ERR,ERR,ERR,ERR,ERR,ERR,ERR,ERR,ERR,ERR,ERR,ERR,ERR,ERR,ERR,ERR,ERR,ERR,ERR,ERR,ERR,ERR,ERR,ERR,ERR,ERR,ERR,ERR,ERR,ERR,ERR,ERR,ERR,ERR,ERR,ERR,ERR,ERR,0.0,-107615352.0,0.0,0.0,0.0,1.3936040501711995e+18,7.805,0.0,0,0,4,0,7116,0.0,100,0.0,0.0,0.0,0.0,0.0,0,0,0,0,0.0,0,0,0,0,0,0,0,0,0,0,0,0,0,0,0,0,0,0,0,0,0,0,0,0,0,0,0,0,0,0,0,0,0,31,40,40,71,65476,0,300,0,0,8,21553,0.0,-107605600.0,0.0,0.0,0.0,0.0,0.0,0.0,0.0,0.0,0.0,0.0,0.0,0.0,0.0,0.0,0.0,0.0,0.0,0.0,0.0,0.0,-2.004,-2.004,2.004,0.0,0.0,0.0,0.0,0.0,4519.0,564144826744832.0,6923.0,0.0,-107615352.0,0.0,-0.0,0.0,0.0,0.0,0.0,69,-0.0,-2.3088245329045016e+20,0.0,0.0,0.0,0.0,0.0,0.0,0.0,0,0,0,0.0,0.0,0.0,0.0,0.0,0.0,0.0,0.0,0.0,0.0,0.0,0.0,0.0,0.0,0.0,0.0,0,-107875648.0,69,0.0,138,0.0,0.0,0,13107,17085,13107,17098,26215,17078,0,0,0,70,68,100,0.0,82.1,0.0,77.7,2.730238639235042e+23,78.5,1,49,50,180,26215,52429,0,0,0.0,0.0,0.0,0.0,-0.0,67.0,0.0,162057.094,0.0,967,0,989,0,0,0,946,0,1011,0,912,0,787,0,776,0,821,0,7520,0.032,1.5780613094306218e+19,0.0,0.0,784,16797,-0.0,162057.094,-114818.039,-0.0,0.133,6.909358625270745e+28,30.0,70.0,35,0.0,0.0,0.0,0.0,0.0,0.0,0.0,0.0,0.0,0.0,0.0,0.0,0.0,0.0,0.0,0.0,66.8,0,150,71,51,65476,0,300,0,0,8,20529,65476,0,0,44564,70.0,0.0,0.0,0.0,0.0,0.0
2026-09-10T21:53:56,ERR,ERR,ERR,ERR,ERR,ERR,ERR,ERR,ERR,ERR,ERR,ERR,ERR,ERR,ERR,ERR,ERR,ERR,ERR,ERR,ERR,ERR,ERR,ERR,ERR,ERR,ERR,ERR,ERR,ERR,ERR,ERR,ERR,ERR,ERR,ERR,ERR,ERR,ERR,ERR,ERR,ERR,ERR,ERR,ERR,ERR,ERR,ERR,ERR,ERR,ERR,ERR,ERR,ERR,ERR,ERR,ERR,ERR,ERR,ERR,ERR,ERR,ERR,ERR,ERR,ERR,ERR,ERR,ERR,ERR,ERR,ERR,ERR,ERR,ERR,ERR,ERR,ERR,ERR,ERR,ERR,ERR,ERR,ERR,ERR,ERR,ERR,ERR,ERR,ERR,ERR,ERR,ERR,ERR,ERR,ERR,ERR,ERR,ERR,ERR,ERR,ERR,ERR,ERR,ERR,ERR,ERR,ERR,ERR,ERR,ERR,ERR,ERR,ERR,ERR,ERR,ERR,ERR,ERR,ERR,ERR,ERR,ERR,ERR,ERR,0.0,-107615352.0,0.0,0.0,0.0,1.3936040501711995e+18,7.805,0.0,0,0,4,0,7116,0.0,100,0.0,0.0,0.0,0.0,0.0,0,0,0,0,0.0,0,0,0,0,0,0,0,0,0,0,0,0,0,0,0,0,0,0,0,0,0,0,0,0,0,0,0,0,0,0,0,0,0,31,40,40,71,65476,0,300,0,0,8,21553,0.0,-107605600.0,0.0,0.0,0.0,0.0,0.0,0.0,0.0,0.0,0.0,0.0,0.0,0.0,0.0,0.0,0.0,0.0,0.0,0.0,0.0,0.0,-2.004,-2.004,2.004,0.0,0.0,0.0,0.0,0.0,4519.0,564144826744832.0,6923.0,0.0,-107615352.0,0.0,-0.0,0.0,0.0,0.0,0.0,69,-0.0,-2.3088245329045016e+20,0.0,0.0,0.0,0.0,0.0,0.0,0.0,0,0,0,0.0,0.0,0.0,0.0,0.0,0.0,0.0,0.0,0.0,0.0,0.0,0.0,0.0,0.0,0.0,0.0,0,-107875648.0,69,0.0,138,0.0,0.0,0,13107,17085,13107,17098,26215,17078,0,0,0,70,68,100,0.0,82.1,0.0,77.7,2.730238639235042e+23,78.5,1,49,50,180,26215,52429,0,0,0.0,0.0,0.0,0.0,-0.0,67.0,0.0,162057.094,0.0,967,0,989,0,0,0,946,0,1011,0,912,0,787,0,776,0,821,0,7520,0.032,1.5780613094306218e+19,0.0,0.0,784,16797,-0.0,162057.094,-114818.039,-0.0,0.133,6.909358625270745e+28,30.0,70.0,35,0.0,0.0,0.0,0.0,0.0,0.0,0.0,0.0,0.0,0.0,0.0,0.0,0.0,0.0,0.0,0.0,66.8,0,150,71,51,65476,0,300,0,0,8,20529,65476,0,0,44564,70.0,0.0,0.0,0.0,0.0,0.0
2026-09-10T21:53:57,ERR,ERR,ERR,ERR,ERR,ERR,ERR,ERR,ERR,ERR,ERR,ERR,ERR,ERR,ERR,ERR,ERR,ERR,ERR,ERR,ERR,ERR,ERR,ERR,ERR,ERR,ERR,ERR,ERR,ERR,ERR,ERR,ERR,ERR,ERR,ERR,ERR,ERR,ERR,ERR,ERR,ERR,ERR,ERR,ERR,ERR,ERR,ERR,ERR,ERR,ERR,ERR,ERR,ERR,ERR,ERR,ERR,ERR,ERR,ERR,ERR,ERR,ERR,ERR,ERR,ERR,ERR,ERR,ERR,ERR,ERR,ERR,ERR,ERR,ERR,ERR,ERR,ERR,ERR,ERR,ERR,ERR,ERR,ERR,ERR,ERR,ERR,ERR,ERR,ERR,ERR,ERR,ERR,ERR,ERR,ERR,ERR,ERR,ERR,ERR,ERR,ERR,ERR,ERR,ERR,ERR,ERR,ERR,ERR,ERR,ERR,ERR,ERR,ERR,ERR,ERR,ERR,ERR,ERR,ERR,ERR,ERR,ERR,ERR,ERR,0.0,-107615352.0,-0.0,0.0,0.0,1.3936040501711995e+18,7.805,0.0,0,0,4,0,7116,0.0,100,0.0,0.0,0.0,0.0,0.0,0,0,0,0,0.0,0,0,0,0,0,0,0,0,0,0,0,0,0,0,0,0,0,0,0,0,0,0,0,0,0,0,0,0,0,0,0,0,0,31,40,40,71,65476,0,300,0,0,8,21553,0.0,-107605600.0,0.0,0.0,0.0,0.0,0.0,0.0,0.0,0.0,0.0,0.0,0.0,0.0,0.0,0.0,0.0,0.0,0.0,0.0,0.0,0.0,0.0,-2.004,2.004,-2.004,0.0,0.0,0.0,0.0,4512.0,564144826744832.0,6923.0,0.0,-107615352.0,0.0,-0.0,0.0,0.0,0.0,0.0,69,-0.0,-3.221995388546138e+26,0.0,0.0,0.0,0.0,0.0,0.0,0.0,0,0,0,0.0,0.0,0.0,0.0,0.0,0.0,0.0,0.0,0.0,0.0,0.0,0.0,0.0,0.0,0.0,0.0,0,-107875648.0,69,0.0,138,0.0,0.0,0,13107,17085,13107,17098,26215,17078,0,0,0,70,68,100,0.0,82.1,0.0,77.7,2.730238639235042e+23,78.5,1,49,50,180,26215,52429,0,0,0.0,0.0,0.0,0.0,-0.0,67.0,0.0,162057.094,0.0,967,0,989,0,0,0,946,0,1011,0,912,0,787,0,776,0,821,0,7520,0.032,1.5780613094306218e+19,0.0,0.0,784,16797,-0.0,162057.094,-114818.039,-0.0,0.133,6.909358625270745e+28,30.0,70.0,35,0.0,0.0,0.0,0.0,0.0,0.0,0.0,0.0,0.0,0.0,0.0,0.0,0.0,0.0,0.0,0.0,66.4,0,150,71,51,65476,0,300,0,0,8,20529,65476,0,0,44564,70.0,0.0,0.0,0.0,0.0,0.0
2026-09-10T21:53:58,ERR,ERR,ERR,ERR,ERR,ERR,ERR,ERR,ERR,ERR,ERR,ERR,ERR,ERR,ERR,ERR,ERR,ERR,ERR,ERR,ERR,ERR,ERR,ERR,ERR,ERR,ERR,ERR,ERR,ERR,ERR,ERR,ERR,ERR,ERR,ERR,ERR,ERR,ERR,ERR,ERR,ERR,ERR,ERR,ERR,ERR,ERR,ERR,ERR,ERR,ERR,ERR,ERR,ERR,ERR,ERR,ERR,ERR,ERR,ERR,ERR,ERR,ERR,ERR,ERR,ERR,ERR,ERR,ERR,ERR,ERR,ERR,ERR,ERR,ERR,ERR,ERR,ERR,ERR,ERR,ERR,ERR,ERR,ERR,ERR,ERR,ERR,ERR,ERR,ERR,ERR,ERR,ERR,ERR,ERR,ERR,ERR,ERR,ERR,ERR,ERR,ERR,ERR,ERR,ERR,ERR,ERR,ERR,ERR,ERR,ERR,ERR,ERR,ERR,ERR,ERR,ERR,ERR,ERR,ERR,ERR,ERR,ERR,ERR,ERR,0.0,-107615352.0,-0.0,0.0,0.0,1.3936040501711995e+18,7.805,0.0,0,0,4,0,7116,0.0,100,0.0,0.0,0.0,0.0,0.0,0,0,0,0,0.0,0,0,0,0,0,0,0,0,0,0,0,0,0,0,0,0,0,0,0,0,0,0,0,0,0,0,0,0,0,0,0,0,0,31,40,40,71,65476,0,300,0,0,8,21553,0.0,-107605600.0,0.0,0.0,0.0,0.0,0.0,0.0,0.0,0.0,0.0,0.0,0.0,0.0,0.0,0.0,0.0,0.0,0.0,0.0,0.0,0.0,0.0,-2.004,2.004,-2.004,0.0,0.0,0.0,0.0,4512.0,564144826744832.0,6923.0,0.0,-107615352.0,0.0,-0.0,0.0,0.0,0.0,0.0,69,-0.0,-3.221995388546138e+26,0.0,0.0,0.0,0.0,0.0,0.0,0.0,0,0,0,0.0,0.0,0.0,0.0,0.0,0.0,0.0,0.0,0.0,0.0,0.0,0.0,0.0,0.0,0.0,0.0,0,-107875648.0,69,0.0,138,0.0,0.0,0,13107,17085,13107,17098,26215,17078,0,0,0,70,68,100,0.0,82.1,0.0,77.7,2.730238639235042e+23,78.5,1,49,50,180,26215,52429,0,0,0.0,0.0,0.0,0.0,-0.0,67.0,0.0,162057.094,0.0,967,0,989,0,0,0,946,0,1011,0,912,0,787,0,776,0,821,0,7520,0.032,1.5780613094306218e+19,0.0,0.0,784,16797,-0.0,162057.094,-114818.039,-0.0,0.133,6.909358625270745e+28,30.0,70.0,35,0.0,0.0,0.0,0.0,0.0,0.0,0.0,0.0,0.0,0.0,0.0,0.0,0.0,0.0,0.0,0.0,66.8,0,150,71,51,65476,0,300,0,0,8,20529,65476,0,0,44564,70.0,0.0,0.0,0.0,0.0,0.0
2026-09-10T21:53:59,ERR,ERR,ERR,ERR,ERR,ERR,ERR,ERR,ERR,ERR,ERR,ERR,ERR,ERR,ERR,ERR,ERR,ERR,ERR,ERR,ERR,ERR,ERR,ERR,ERR,ERR,ERR,ERR,ERR,ERR,ERR,ERR,ERR,ERR,ERR,ERR,ERR,ERR,ERR,ERR,ERR,ERR,ERR,ERR,ERR,ERR,ERR,ERR,ERR,ERR,ERR,ERR,ERR,ERR,ERR,ERR,ERR,ERR,ERR,ERR,ERR,ERR,ERR,ERR,ERR,ERR,ERR,ERR,ERR,ERR,ERR,ERR,ERR,ERR,ERR,ERR,ERR,ERR,ERR,ERR,ERR,ERR,ERR,ERR,ERR,ERR,ERR,ERR,ERR,ERR,ERR,ERR,ERR,ERR,ERR,ERR,ERR,ERR,ERR,ERR,ERR,ERR,ERR,ERR,ERR,ERR,ERR,ERR,ERR,ERR,ERR,ERR,ERR,ERR,ERR,ERR,ERR,ERR,ERR,ERR,ERR,ERR,ERR,ERR,ERR,0.0,-107615352.0,-0.0,0.0,0.0,1.3936040501711995e+18,7.805,0.0,0,0,4,0,7116,0.0,100,0.0,0.0,0.0,0.0,0.0,0,0,0,0,0.0,0,0,0,0,0,0,0,0,0,0,0,0,0,0,0,0,0,0,0,0,0,0,0,0,0,0,0,0,0,0,0,0,0,31,40,40,71,65476,0,300,0,0,8,21553,0.0,-107605600.0,0.0,0.0,0.0,0.0,0.0,0.0,0.0,0.0,0.0,0.0,0.0,0.0,0.0,0.0,0.0,0.0,0.0,0.0,0.0,0.0,0.0,-2.004,2.004,-2.004,0.0,0.0,0.0,0.0,4512.0,564144826744832.0,6923.0,0.0,-107615352.0,0.0,-0.0,0.0,0.0,0.0,0.0,69,-0.0,-3.221995388546138e+26,0.0,0.0,0.0,0.0,0.0,0.0,0.0,0,0,0,0.0,0.0,0.0,0.0,0.0,0.0,0.0,0.0,0.0,0.0,0.0,0.0,0.0,0.0,0.0,0.0,0,-107875648.0,69,0.0,138,0.0,0.0,0,13107,17085,13107,17098,26215,17078,0,0,0,70,68,100,0.0,82.1,0.0,77.7,2.730238639235042e+23,78.5,1,49,50,180,26215,52429,0,0,0.0,0.0,0.0,0.0,-0.0,67.0,0.0,162057.094,0.0,967,0,989,0,0,0,946,0,1011,0,912,0,787,0,776,0,821,0,7520,0.032,1.5780613094306218e+19,0.0,0.0,784,16797,-0.0,162057.094,-114818.039,-0.0,0.133,6.909358625270745e+28,30.0,70.0,35,0.0,0.0,0.0,0.0,0.0,0.0,0.0,0.0,0.0,0.0,0.0,0.0,0.0,0.0,0.0,0.0,66.8,0,150,71,51,65476,0,300,0,0,8,20529,65476,0,0,44564,70.0,0.0,0.0,0.0,0.0,0.0
2026-09-10T21:54:00,ERR,ERR,ERR,ERR,ERR,ERR,ERR,ERR,ERR,ERR,ERR,ERR,ERR,ERR,ERR,ERR,ERR,ERR,ERR,ERR,ERR,ERR,ERR,ERR,ERR,ERR,ERR,ERR,ERR,ERR,ERR,ERR,ERR,ERR,ERR,ERR,ERR,ERR,ERR,ERR,ERR,ERR,ERR,ERR,ERR,ERR,ERR,ERR,ERR,ERR,ERR,ERR,ERR,ERR,ERR,ERR,ERR,ERR,ERR,ERR,ERR,ERR,ERR,ERR,ERR,ERR,ERR,ERR,ERR,ERR,ERR,ERR,ERR,ERR,ERR,ERR,ERR,ERR,ERR,ERR,ERR,ERR,ERR,ERR,ERR,ERR,ERR,ERR,ERR,ERR,ERR,ERR,ERR,ERR,ERR,ERR,ERR,ERR,ERR,ERR,ERR,ERR,ERR,ERR,ERR,ERR,ERR,ERR,ERR,ERR,ERR,ERR,ERR,ERR,ERR,ERR,ERR,ERR,ERR,ERR,ERR,ERR,ERR,ERR,ERR,0.0,-107615352.0,-0.0,0.0,0.0,1.3936040501711995e+18,7.805,0.0,0,0,4,0,7116,0.0,100,0.0,0.0,0.0,0.0,0.0,0,0,0,0,0.0,0,0,0,0,0,0,0,0,0,0,0,0,0,0,0,0,0,0,0,0,0,0,0,0,0,0,0,0,0,0,0,0,0,31,40,40,71,65476,0,300,0,0,8,21553,0.0,-107605600.0,0.0,0.0,0.0,0.0,0.0,0.0,0.0,0.0,0.0,0.0,0.0,0.0,0.0,0.0,0.0,0.0,0.0,0.0,0.0,0.0,0.0,-2.004,2.004,-2.004,0.0,0.0,0.0,0.0,4512.0,564144826744832.0,6923.0,0.0,-107615352.0,0.0,-0.0,0.0,0.0,0.0,0.0,69,-0.0,-3.221995388546138e+26,0.0,0.0,0.0,0.0,0.0,0.0,0.0,0,0,0,0.0,0.0,0.0,0.0,0.0,0.0,0.0,0.0,0.0,0.0,0.0,0.0,0.0,0.0,0.0,0.0,0,-107875648.0,69,0.0,138,0.0,0.0,0,13107,17085,13107,17098,26215,17078,0,0,0,70,68,100,0.0,82.1,0.0,77.7,2.730238639235042e+23,78.5,1,49,50,180,26215,52429,0,0,0.0,0.0,0.0,0.0,-0.0,67.0,0.0,162057.094,0.0,967,0,989,0,0,0,946,0,1011,0,912,0,787,0,776,0,821,0,7520,0.032,1.5780613094306218e+19,0.0,0.0,784,16797,-0.0,162057.094,-114818.039,-0.0,0.133,6.909358625270745e+28,30.0,70.0,35,0.0,0.0,0.0,0.0,0.0,0.0,0.0,0.0,0.0,0.0,0.0,0.0,0.0,0.0,0.0,0.0,66.8,0,150,71,51,65476,0,300,0,0,8,20529,65476,0,0,44564,70.0,0.0,0.0,0.0,0.0,0.0
2026-09-10T21:54:01,ERR,ERR,ERR,ERR,ERR,ERR,ERR,ERR,ERR,ERR,ERR,ERR,ERR,ERR,ERR,ERR,ERR,ERR,ERR,ERR,ERR,ERR,ERR,ERR,ERR,ERR,ERR,ERR,ERR,ERR,ERR,ERR,ERR,ERR,ERR,ERR,ERR,ERR,ERR,ERR,ERR,ERR,ERR,ERR,ERR,ERR,ERR,ERR,ERR,ERR,ERR,ERR,ERR,ERR,ERR,ERR,ERR,ERR,ERR,ERR,ERR,ERR,ERR,ERR,ERR,ERR,ERR,ERR,ERR,ERR,ERR,ERR,ERR,ERR,ERR,ERR,ERR,ERR,ERR,ERR,ERR,ERR,ERR,ERR,ERR,ERR,ERR,ERR,ERR,ERR,ERR,ERR,ERR,ERR,ERR,ERR,ERR,ERR,ERR,ERR,ERR,ERR,ERR,ERR,ERR,ERR,ERR,ERR,ERR,ERR,ERR,ERR,ERR,ERR,ERR,ERR,ERR,ERR,ERR,ERR,ERR,ERR,ERR,ERR,ERR,0.0,-107615352.0,-0.0,0.0,0.0,1.3936040501711995e+18,7.805,0.0,0,0,4,0,7116,0.0,100,0.0,0.0,0.0,0.0,0.0,0,0,0,0,0.0,0,0,0,0,0,0,0,0,0,0,0,0,0,0,0,0,0,0,0,0,0,0,0,0,0,0,0,0,0,0,0,0,0,31,40,40,71,65476,0,300,0,0,8,21553,0.0,-107605600.0,0.0,0.0,0.0,0.0,0.0,0.0,0.0,0.0,0.0,0.0,0.0,0.0,0.0,0.0,0.0,0.0,0.0,0.0,0.0,0.0,0.0,-2.004,2.004,-2.004,0.0,0.0,0.0,0.0,4512.0,564144826744832.0,6923.0,0.0,-107615352.0,0.0,-0.0,0.0,0.0,0.0,0.0,69,-0.0,-3.221995388546138e+26,0.0,0.0,0.0,0.0,0.0,0.0,0.0,0,0,0,0.0,0.0,0.0,0.0,0.0,0.0,0.0,0.0,0.0,0.0,0.0,0.0,0.0,0.0,0.0,0.0,0,-107875648.0,69,0.0,138,0.0,0.0,0,13107,17085,13107,17098,26215,17078,0,0,0,70,68,100,0.0,82.1,2.730238278947072e+23,77.7,2.730238639235042e+23,78.5,1,49,50,180,26215,52429,0,0,0.0,0.0,0.0,0.0,-0.0,67.0,0.0,162057.094,0.0,967,0,989,0,0,0,946,0,1011,0,912,0,787,0,776,0,821,0,7520,0.032,1.5924728282382074e+19,0.0,0.0,784,16797,-0.0,162057.094,-114818.039,-0.0,0.133,6.909358625270745e+28,30.0,70.0,35,0.0,0.0,0.0,0.0,0.0,0.0,0.0,0.0,0.0,0.0,0.0,0.0,0.0,0.0,0.0,0.0,66.4,0,150,71,51,65476,0,300,0,0,8,20529,65476,0,0,44564,70.0,0.0,0.0,0.0,0.0,0.0
2026-09-10T21:54:02,ERR,ERR,ERR,ERR,ERR,ERR,ERR,ERR,ERR,ERR,ERR,ERR,ERR,ERR,ERR,ERR,ERR,ERR,ERR,ERR,ERR,ERR,ERR,ERR,ERR,ERR,ERR,ERR,ERR,ERR,ERR,ERR,ERR,ERR,ERR,ERR,ERR,ERR,ERR,ERR,ERR,ERR,ERR,ERR,ERR,ERR,ERR,ERR,ERR,ERR,ERR,ERR,ERR,ERR,ERR,ERR,ERR,ERR,ERR,ERR,ERR,ERR,ERR,ERR,ERR,ERR,ERR,ERR,ERR,ERR,ERR,ERR,ERR,ERR,ERR,ERR,ERR,ERR,ERR,ERR,ERR,ERR,ERR,ERR,ERR,ERR,ERR,ERR,ERR,ERR,ERR,ERR,ERR,ERR,ERR,ERR,ERR,ERR,ERR,ERR,ERR,ERR,ERR,ERR,ERR,ERR,ERR,ERR,ERR,ERR,ERR,ERR,ERR,ERR,ERR,ERR,ERR,ERR,ERR,ERR,ERR,ERR,ERR,ERR,ERR,0.0,-107615352.0,-0.0,0.0,0.0,1.3936040501711995e+18,7.805,0.0,0,0,4,0,7116,0.0,100,0.0,0.0,0.0,0.0,0.0,0,0,0,0,0.0,0,0,0,0,0,0,0,0,0,0,0,0,0,0,0,0,0,0,0,0,0,0,0,0,0,0,0,0,0,0,0,0,0,31,40,40,71,65476,0,300,0,0,8,21553,0.0,-107605600.0,0.0,0.0,0.0,0.0,0.0,0.0,0.0,0.0,0.0,0.0,0.0,0.0,0.0,0.0,0.0,0.0,0.0,0.0,0.0,0.0,0.0,-2.004,2.004,-2.004,0.0,0.0,0.0,0.0,4512.0,564144826744832.0,6923.0,0.0,-107615352.0,0.0,-0.0,0.0,0.0,0.0,0.0,69,-0.0,-3.221995388546138e+26,0.0,0.0,0.0,0.0,0.0,0.0,0.0,0,0,0,0.0,0.0,0.0,0.0,0.0,0.0,0.0,0.0,0.0,0.0,0.0,0.0,0.0,0.0,0.0,0.0,0,-107875648.0,69,0.0,138,0.0,0.0,0,13107,17085,13107,17098,26215,17078,0,0,0,70,68,100,0.0,82.1,2.730238278947072e+23,77.7,2.730238639235042e+23,78.5,1,49,50,180,26215,52429,0,0,0.0,0.0,0.0,0.0,-0.0,67.0,0.0,162057.094,0.0,967,0,989,0,0,0,946,0,1011,0,912,0,787,0,776,0,821,0,7520,0.032,1.5924728282382074e+19,0.0,0.0,784,16797,-0.0,162057.094,-114818.039,-0.0,0.133,6.909358625270745e+28,30.0,70.0,35,0.0,0.0,0.0,0.0,0.0,0.0,0.0,0.0,0.0,0.0,0.0,0.0,0.0,0.0,0.0,0.0,66.4,0,150,71,51,65476,0,300,0,0,8,20529,65476,0,0,44564,70.0,0.0,0.0,0.0,0.0,0.0
2026-09-10T21:54:03,ERR,ERR,ERR,ERR,ERR,ERR,ERR,ERR,ERR,ERR,ERR,ERR,ERR,ERR,ERR,ERR,ERR,ERR,ERR,ERR,ERR,ERR,ERR,ERR,ERR,ERR,ERR,ERR,ERR,ERR,ERR,ERR,ERR,ERR,ERR,ERR,ERR,ERR,ERR,ERR,ERR,ERR,ERR,ERR,ERR,ERR,ERR,ERR,ERR,ERR,ERR,ERR,ERR,ERR,ERR,ERR,ERR,ERR,ERR,ERR,ERR,ERR,ERR,ERR,ERR,ERR,ERR,ERR,ERR,ERR,ERR,ERR,ERR,ERR,ERR,ERR,ERR,ERR,ERR,ERR,ERR,ERR,ERR,ERR,ERR,ERR,ERR,ERR,ERR,ERR,ERR,ERR,ERR,ERR,ERR,ERR,ERR,ERR,ERR,ERR,ERR,ERR,ERR,ERR,ERR,ERR,ERR,ERR,ERR,ERR,ERR,ERR,ERR,ERR,ERR,ERR,ERR,ERR,ERR,ERR,ERR,ERR,ERR,ERR,ERR,0.0,0.0,0.0,0.0,0.0,1.3936040501711995e+18,7.805,0.0,0,0,4,0,7116,0.0,100,0.0,0.0,0.0,0.0,0.0,0,0,0,0,0.0,0,0,0,0,0,0,0,0,0,0,0,0,0,0,0,0,0,0,0,0,0,0,0,0,0,0,0,0,0,0,0,0,0,31,40,40,71,65476,0,300,0,0,8,21553,0.0,-107605600.0,0.0,0.0,0.0,0.0,0.0,0.0,0.0,0.0,0.0,0.0,0.0,0.0,0.0,0.0,0.0,0.0,0.0,0.0,0.0,0.0,-2.004,-2.004,2.004,-2.004,0.0,0.0,0.0,0.0,4512.0,8608166912.0,6922.0,0.0,-107615352.0,0.0,2.718429120148166e+23,0.0,0.0,0.0,0.0,69,-0.0,-2.3088245329045016e+20,0.0,0.0,0.0,0.0,0.0,0.0,0.0,0,0,0,0.0,0.0,0.0,0.0,0.0,0.0,0.0,0.0,0.0,0.0,0.0,0.0,0.0,0.0,0.0,0.0,0,-107875648.0,69,0.0,138,0.0,0.0,0,13107,17085,13107,17098,26215,17078,0,0,0,70,68,100,0.0,82.1,2.730238278947072e+23,77.7,2.730238639235042e+23,78.5,1,49,50,180,26215,52429,0,0,0.0,0.0,0.0,0.0,-0.0,67.0,0.0,162057.094,0.0,967,0,989,0,0,0,946,0,1011,0,912,0,787,0,776,0,821,0,7520,0.032,1.5924728282382074e+19,0.0,0.0,784,16797,-0.0,162057.094,-114818.039,-0.0,0.133,6.909358625270745e+28,30.0,70.0,35,0.0,0.0,0.0,0.0,0.0,0.0,0.0,0.0,0.0,0.0,0.0,0.0,0.0,0.0,0.0,0.0,66.4,0,150,71,51,65476,0,300,0,0,8,20529,65476,0,0,44564,70.0,0.0,0.0,0.0,0.0,0.0
2026-09-10T21:54:04,ERR,ERR,ERR,ERR,ERR,ERR,ERR,ERR,ERR,ERR,ERR,ERR,ERR,ERR,ERR,ERR,ERR,ERR,ERR,ERR,ERR,ERR,ERR,ERR,ERR,ERR,ERR,ERR,ERR,ERR,ERR,ERR,ERR,ERR,ERR,ERR,ERR,ERR,ERR,ERR,ERR,ERR,ERR,ERR,ERR,ERR,ERR,ERR,ERR,ERR,ERR,ERR,ERR,ERR,ERR,ERR,ERR,ERR,ERR,ERR,ERR,ERR,ERR,ERR,ERR,ERR,ERR,ERR,ERR,ERR,ERR,ERR,ERR,ERR,ERR,ERR,ERR,ERR,ERR,ERR,ERR,ERR,ERR,ERR,ERR,ERR,ERR,ERR,ERR,ERR,ERR,ERR,ERR,ERR,ERR,ERR,ERR,ERR,ERR,ERR,ERR,ERR,ERR,ERR,ERR,ERR,ERR,ERR,ERR,ERR,ERR,ERR,ERR,ERR,ERR,ERR,ERR,ERR,ERR,ERR,ERR,ERR,ERR,ERR,ERR,0.0,0.0,0.0,0.0,0.0,1.3936040501711995e+18,7.805,0.0,0,0,4,0,7116,0.0,100,0.0,0.0,0.0,0.0,0.0,0,0,0,0,0.0,0,0,0,0,0,0,0,0,0,0,0,0,0,0,0,0,0,0,0,0,0,0,0,0,0,0,0,0,0,0,0,0,0,31,40,40,71,65476,0,300,0,0,8,21553,0.0,-107605600.0,0.0,0.0,0.0,0.0,0.0,0.0,0.0,0.0,0.0,0.0,0.0,0.0,0.0,0.0,0.0,0.0,0.0,0.0,0.0,0.0,-2.004,-2.004,2.004,-2.004,0.0,0.0,0.0,0.0,4512.0,8608166912.0,6922.0,0.0,-107615352.0,0.0,2.718429120148166e+23,0.0,0.0,0.0,0.0,69,-0.0,-2.3088245329045016e+20,0.0,0.0,0.0,0.0,0.0,0.0,0.0,0,0,0,0.0,0.0,0.0,0.0,0.0,0.0,0.0,0.0,0.0,0.0,0.0,0.0,0.0,0.0,0.0,0.0,0,-107875648.0,69,0.0,138,0.0,0.0,0,13107,17085,13107,17098,26215,17078,0,0,0,70,68,100,0.0,82.1,2.730238278947072e+23,77.7,2.730238639235042e+23,78.5,1,49,50,180,26215,52429,0,0,0.0,0.0,0.0,0.0,-0.0,67.0,0.0,162057.094,0.0,967,0,989,0,0,0,946,0,1011,0,912,0,787,0,776,0,821,0,7520,0.032,1.5924728282382074e+19,0.0,0.0,784,16797,-0.0,162057.094,-114818.039,-0.0,0.133,6.909358625270745e+28,30.0,70.0,35,0.0,0.0,0.0,0.0,0.0,0.0,0.0,0.0,0.0,0.0,0.0,0.0,0.0,0.0,0.0,0.0,66.4,0,150,71,51,65476,0,300,0,0,8,20529,65476,0,0,44564,70.0,0.0,0.0,0.0,0.0,0.0
2026-09-10T21:54:05,ERR,ERR,ERR,ERR,ERR,ERR,ERR,ERR,ERR,ERR,ERR,ERR,ERR,ERR,ERR,ERR,ERR,ERR,ERR,ERR,ERR,ERR,ERR,ERR,ERR,ERR,ERR,ERR,ERR,ERR,ERR,ERR,ERR,ERR,ERR,ERR,ERR,ERR,ERR,ERR,ERR,ERR,ERR,ERR,ERR,ERR,ERR,ERR,ERR,ERR,ERR,ERR,ERR,ERR,ERR,ERR,ERR,ERR,ERR,ERR,ERR,ERR,ERR,ERR,ERR,ERR,ERR,ERR,ERR,ERR,ERR,ERR,ERR,ERR,ERR,ERR,ERR,ERR,ERR,ERR,ERR,ERR,ERR,ERR,ERR,ERR,ERR,ERR,ERR,ERR,ERR,ERR,ERR,ERR,ERR,ERR,ERR,ERR,ERR,ERR,ERR,ERR,ERR,ERR,ERR,ERR,ERR,ERR,ERR,ERR,ERR,ERR,ERR,ERR,ERR,ERR,ERR,ERR,ERR,ERR,ERR,ERR,ERR,ERR,ERR,0.0,0.0,0.0,0.0,0.0,1.3936040501711995e+18,7.805,0.0,0,0,4,0,7116,0.0,100,0.0,0.0,0.0,0.0,0.0,0,0,0,0,0.0,0,0,0,0,0,0,0,0,0,0,0,0,0,0,0,0,0,0,0,0,0,0,0,0,0,0,0,0,0,0,0,0,0,31,40,40,71,65476,0,300,0,0,8,21553,0.0,-107605600.0,0.0,0.0,0.0,0.0,0.0,0.0,0.0,0.0,0.0,0.0,0.0,0.0,0.0,0.0,0.0,0.0,0.0,0.0,0.0,0.0,-2.004,-2.004,2.004,-2.004,0.0,0.0,0.0,0.0,4512.0,8608166912.0,6922.0,0.0,-107615352.0,0.0,2.718429120148166e+23,0.0,0.0,0.0,0.0,69,-0.0,-2.3088245329045016e+20,0.0,0.0,0.0,0.0,0.0,0.0,0.0,0,0,0,0.0,0.0,0.0,0.0,0.0,0.0,0.0,0.0,0.0,0.0,0.0,0.0,0.0,0.0,0.0,0.0,0,-107875648.0,69,0.0,138,0.0,0.0,0,13107,17085,13107,17098,26215,17078,0,0,0,70,68,100,0.0,82.1,2.730238278947072e+23,77.7,2.730238639235042e+23,78.5,1,49,50,180,26215,52429,0,0,0.0,0.0,0.0,0.0,-0.0,67.0,0.0,162057.094,0.0,967,0,989,0,0,0,946,0,1011,0,912,0,787,0,776,0,821,0,7520,0.032,1.5924728282382074e+19,0.0,0.0,784,16797,-0.0,162057.094,-114818.039,-0.0,0.133,6.909358625270745e+28,30.0,70.0,35,0.0,0.0,0.0,0.0,0.0,0.0,0.0,0.0,0.0,0.0,0.0,0.0,0.0,0.0,0.0,0.0,66.4,0,150,71,51,65476,0,300,0,0,8,20529,65476,0,0,44564,70.0,0.0,0.0,0.0,0.0,0.0
2026-09-10T21:54:06,ERR,ERR,ERR,ERR,ERR,ERR,ERR,ERR,ERR,ERR,ERR,ERR,ERR,ERR,ERR,ERR,ERR,ERR,ERR,ERR,ERR,ERR,ERR,ERR,ERR,ERR,ERR,ERR,ERR,ERR,ERR,ERR,ERR,ERR,ERR,ERR,ERR,ERR,ERR,ERR,ERR,ERR,ERR,ERR,ERR,ERR,ERR,ERR,ERR,ERR,ERR,ERR,ERR,ERR,ERR,ERR,ERR,ERR,ERR,ERR,ERR,ERR,ERR,ERR,ERR,ERR,ERR,ERR,ERR,ERR,ERR,ERR,ERR,ERR,ERR,ERR,ERR,ERR,ERR,ERR,ERR,ERR,ERR,ERR,ERR,ERR,ERR,ERR,ERR,ERR,ERR,ERR,ERR,ERR,ERR,ERR,ERR,ERR,ERR,ERR,ERR,ERR,ERR,ERR,ERR,ERR,ERR,ERR,ERR,ERR,ERR,ERR,ERR,ERR,ERR,ERR,ERR,ERR,ERR,ERR,ERR,ERR,ERR,ERR,ERR,0.0,0.0,0.0,0.0,0.0,1.3936040501711995e+18,7.805,0.0,0,0,4,0,7116,0.0,100,0.0,0.0,0.0,0.0,0.0,0,0,0,0,0.0,0,0,0,0,0,0,0,0,0,0,0,0,0,0,0,0,0,0,0,0,0,0,0,0,0,0,0,0,0,0,0,0,0,31,40,40,71,65476,0,300,0,0,8,21553,0.0,-107605600.0,0.0,0.0,0.0,0.0,0.0,0.0,0.0,0.0,0.0,0.0,0.0,0.0,0.0,0.0,0.0,0.0,0.0,0.0,0.0,0.0,-2.004,-2.004,2.004,-2.004,0.0,0.0,0.0,0.0,4512.0,8608166912.0,6922.0,0.0,-107615352.0,0.0,2.718429120148166e+23,0.0,0.0,0.0,0.0,69,-0.0,-2.3088245329045016e+20,0.0,0.0,0.0,0.0,0.0,0.0,0.0,0,0,0,0.0,0.0,0.0,0.0,0.0,0.0,0.0,0.0,0.0,0.0,0.0,0.0,0.0,0.0,0.0,0.0,0,-107875648.0,69,0.0,138,0.0,0.0,0,13107,17085,13107,17098,26215,17078,0,0,0,70,68,100,0.0,82.1,0.0,77.7,2.730238639235042e+23,78.5,1,49,50,180,26215,52429,0,0,0.0,0.0,0.0,0.0,-0.0,67.0,0.0,162057.094,0.0,967,0,989,0,0,0,946,0,1011,0,912,0,787,0,777,0,821,0,7520,0.032,1.5852670688344146e+19,0.0,0.0,784,16797,-0.0,162057.094,-114818.039,-0.0,0.133,6.909358625270745e+28,30.0,70.0,35,0.0,0.0,0.0,0.0,0.0,0.0,0.0,0.0,0.0,0.0,0.0,0.0,0.0,0.0,0.0,0.0,66.4,0,150,71,51,65476,0,300,0,0,8,20529,65476,0,0,44564,70.0,0.0,0.0,0.0,0.0,0.0
2026-09-10T21:54:07,ERR,ERR,ERR,ERR,ERR,ERR,ERR,ERR,ERR,ERR,ERR,ERR,ERR,ERR,ERR,ERR,ERR,ERR,ERR,ERR,ERR,ERR,ERR,ERR,ERR,ERR,ERR,ERR,ERR,ERR,ERR,ERR,ERR,ERR,ERR,ERR,ERR,ERR,ERR,ERR,ERR,ERR,ERR,ERR,ERR,ERR,ERR,ERR,ERR,ERR,ERR,ERR,ERR,ERR,ERR,ERR,ERR,ERR,ERR,ERR,ERR,ERR,ERR,ERR,ERR,ERR,ERR,ERR,ERR,ERR,ERR,ERR,ERR,ERR,ERR,ERR,ERR,ERR,ERR,ERR,ERR,ERR,ERR,ERR,ERR,ERR,ERR,ERR,ERR,ERR,ERR,ERR,ERR,ERR,ERR,ERR,ERR,ERR,ERR,ERR,ERR,ERR,ERR,ERR,ERR,ERR,ERR,ERR,ERR,ERR,ERR,ERR,ERR,ERR,ERR,ERR,ERR,ERR,ERR,ERR,ERR,ERR,ERR,ERR,ERR,0.0,0.0,0.0,0.0,0.0,1.3936040501711995e+18,7.805,0.0,0,0,4,0,7116,0.0,100,0.0,0.0,0.0,0.0,0.0,0,0,0,0,0.0,0,0,0,0,0,0,0,0,0,0,0,0,0,0,0,0,0,0,0,0,0,0,0,0,0,0,0,0,0,0,0,0,0,31,40,40,71,65476,0,300,0,0,8,21553,0.0,-107605600.0,0.0,0.0,0.0,0.0,0.0,0.0,0.0,0.0,0.0,0.0,0.0,0.0,0.0,0.0,0.0,0.0,0.0,0.0,0.0,0.0,-2.004,-2.004,2.004,-2.004,0.0,0.0,0.0,0.0,4512.0,8608166912.0,6922.0,0.0,-107615352.0,0.0,2.718429120148166e+23,0.0,0.0,0.0,0.0,69,-0.0,-2.3088245329045016e+20,0.0,0.0,0.0,0.0,0.0,0.0,0.0,0,0,0,0.0,0.0,0.0,0.0,0.0,0.0,0.0,0.0,0.0,0.0,0.0,0.0,0.0,0.0,0.0,0.0,0,-107875648.0,69,0.0,138,0.0,0.0,0,13107,17085,13107,17098,26215,17078,0,0,0,70,68,100,0.0,82.1,0.0,77.7,2.730238639235042e+23,78.5,1,49,50,180,26215,52429,0,0,0.0,0.0,0.0,0.0,-0.0,67.0,0.0,162057.094,0.0,967,0,989,0,0,0,946,0,1011,0,912,0,787,0,777,0,821,0,7520,0.032,1.5852670688344146e+19,0.0,0.0,784,16797,-0.0,162057.094,-114818.039,-0.0,0.133,6.909358625270745e+28,30.0,70.0,35,0.0,0.0,0.0,0.0,0.0,0.0,0.0,0.0,0.0,0.0,0.0,0.0,0.0,0.0,0.0,0.0,66.4,0,150,71,51,65476,0,300,0,0,8,20529,65476,0,0,44564,70.0,0.0,0.0,0.0,0.0,0.0
2026-09-10T21:54:08,ERR,ERR,ERR,ERR,ERR,ERR,ERR,ERR,ERR,ERR,ERR,ERR,ERR,ERR,ERR,ERR,ERR,ERR,ERR,ERR,ERR,ERR,ERR,ERR,ERR,ERR,ERR,ERR,ERR,ERR,ERR,ERR,ERR,ERR,ERR,ERR,ERR,ERR,ERR,ERR,ERR,ERR,ERR,ERR,ERR,ERR,ERR,ERR,ERR,ERR,ERR,ERR,ERR,ERR,ERR,ERR,ERR,ERR,ERR,ERR,ERR,ERR,ERR,ERR,ERR,ERR,ERR,ERR,ERR,ERR,ERR,ERR,ERR,ERR,ERR,ERR,ERR,ERR,ERR,ERR,ERR,ERR,ERR,ERR,ERR,ERR,ERR,ERR,ERR,ERR,ERR,ERR,ERR,ERR,ERR,ERR,ERR,ERR,ERR,ERR,ERR,ERR,ERR,ERR,ERR,ERR,ERR,ERR,ERR,ERR,ERR,ERR,ERR,ERR,ERR,ERR,ERR,ERR,ERR,ERR,ERR,ERR,ERR,ERR,ERR,0.0,0.0,0.0,0.0,0.0,1.3936040501711995e+18,7.805,0.0,0,0,4,0,7116,0.0,100,0.0,0.0,0.0,0.0,0.0,0,0,0,0,0.0,0,0,0,0,0,0,0,0,0,0,0,0,0,0,0,0,0,0,0,0,0,0,0,0,0,0,0,0,0,0,0,0,0,31,40,40,71,65476,0,300,0,0,8,21553,0.0,-107605600.0,0.0,0.0,0.0,0.0,0.0,0.0,0.0,0.0,0.0,0.0,0.0,0.0,0.0,0.0,0.0,0.0,0.0,0.0,0.0,0.0,-2.004,-2.004,2.004,-2.004,0.0,0.0,0.0,0.0,4512.0,8608166912.0,6922.0,0.0,-107615352.0,0.0,2.718429120148166e+23,0.0,0.0,0.0,0.0,69,-0.0,-2.3088245329045016e+20,0.0,0.0,0.0,0.0,0.0,0.0,0.0,0,0,0,0.0,0.0,0.0,0.0,0.0,0.0,0.0,0.0,0.0,0.0,0.0,0.0,0.0,0.0,0.0,0.0,0,-107875648.0,69,0.0,138,0.0,0.0,0,13107,17085,13107,17098,26215,17078,0,0,0,70,68,100,0.0,82.1,0.0,77.7,2.730238639235042e+23,78.5,1,49,50,180,26215,52429,0,0,0.0,0.0,0.0,0.0,-0.0,67.0,0.0,162057.094,0.0,967,0,989,0,0,0,946,0,1011,0,912,0,787,0,777,0,821,0,7520,0.032,1.5852670688344146e+19,0.0,0.0,784,16797,-0.0,162057.094,-114818.039,-0.0,0.133,6.909358625270745e+28,30.0,70.0,35,0.0,0.0,0.0,0.0,0.0,0.0,0.0,0.0,0.0,0.0,0.0,0.0,0.0,0.0,0.0,0.0,66.4,0,150,71,51,65476,0,300,0,0,8,20529,65476,0,0,44564,70.0,0.0,0.0,0.0,0.0,0.0
2026-09-10T21:54:09,ERR,ERR,ERR,ERR,ERR,ERR,ERR,ERR,ERR,ERR,ERR,ERR,ERR,ERR,ERR,ERR,ERR,ERR,ERR,ERR,ERR,ERR,ERR,ERR,ERR,ERR,ERR,ERR,ERR,ERR,ERR,ERR,ERR,ERR,ERR,ERR,ERR,ERR,ERR,ERR,ERR,ERR,ERR,ERR,ERR,ERR,ERR,ERR,ERR,ERR,ERR,ERR,ERR,ERR,ERR,ERR,ERR,ERR,ERR,ERR,ERR,ERR,ERR,ERR,ERR,ERR,ERR,ERR,ERR,ERR,ERR,ERR,ERR,ERR,ERR,ERR,ERR,ERR,ERR,ERR,ERR,ERR,ERR,ERR,ERR,ERR,ERR,ERR,ERR,ERR,ERR,ERR,ERR,ERR,ERR,ERR,ERR,ERR,ERR,ERR,ERR,ERR,ERR,ERR,ERR,ERR,ERR,ERR,ERR,ERR,ERR,ERR,ERR,ERR,ERR,ERR,ERR,ERR,ERR,ERR,ERR,ERR,ERR,ERR,ERR,0.0,0.0,0.0,0.0,0.0,1.3936040501711995e+18,7.805,0.0,0,0,4,0,7116,0.0,100,0.0,0.0,0.0,0.0,0.0,0,0,0,0,0.0,0,0,0,0,0,0,0,0,0,0,0,0,0,0,0,0,0,0,0,0,0,0,0,0,0,0,0,0,0,0,0,0,0,31,40,40,71,65476,0,300,0,0,8,21553,0.0,-107605600.0,0.0,0.0,0.0,0.0,0.0,0.0,0.0,0.0,0.0,0.0,0.0,0.0,0.0,0.0,0.0,0.0,0.0,0.0,0.0,0.0,-2.004,-2.004,2.004,-2.004,0.0,0.0,0.0,0.0,4512.0,8608166912.0,6922.0,0.0,-107615352.0,0.0,2.718429120148166e+23,0.0,0.0,0.0,0.0,69,-0.0,-2.3088245329045016e+20,0.0,0.0,0.0,0.0,0.0,0.0,0.0,0,0,0,0.0,0.0,0.0,0.0,0.0,0.0,0.0,0.0,0.0,0.0,0.0,0.0,0.0,0.0,0.0,0.0,0,-107875648.0,69,0.0,138,0.0,0.0,0,13107,17085,13107,17098,26215,17078,0,0,0,70,68,100,0.0,82.1,0.0,77.7,2.730238639235042e+23,78.5,1,49,50,180,26215,52429,0,0,0.0,0.0,0.0,0.0,-0.0,67.0,0.0,162057.094,0.0,967,0,989,0,0,0,946,0,1011,0,912,0,787,0,777,0,821,0,7520,0.032,1.5852670688344146e+19,0.0,0.0,784,16797,-0.0,162057.094,-114818.039,-0.0,0.133,6.909358625270745e+28,30.0,70.0,35,0.0,0.0,0.0,0.0,0.0,0.0,0.0,0.0,0.0,0.0,0.0,0.0,0.0,0.0,0.0,0.0,66.4,0,150,71,51,65476,0,300,0,0,8,20529,65476,0,0,44564,70.0,0.0,0.0,0.0,0.0,0.0
2026-09-10T21:54:10,ERR,ERR,ERR,ERR,ERR,ERR,ERR,ERR,ERR,ERR,ERR,ERR,ERR,ERR,ERR,ERR,ERR,ERR,ERR,ERR,ERR,ERR,ERR,ERR,ERR,ERR,ERR,ERR,ERR,ERR,ERR,ERR,ERR,ERR,ERR,ERR,ERR,ERR,ERR,ERR,ERR,ERR,ERR,ERR,ERR,ERR,ERR,ERR,ERR,ERR,ERR,ERR,ERR,ERR,ERR,ERR,ERR,ERR,ERR,ERR,ERR,ERR,ERR,ERR,ERR,ERR,ERR,ERR,ERR,ERR,ERR,ERR,ERR,ERR,ERR,ERR,ERR,ERR,ERR,ERR,ERR,ERR,ERR,ERR,ERR,ERR,ERR,ERR,ERR,ERR,ERR,ERR,ERR,ERR,ERR,ERR,ERR,ERR,ERR,ERR,ERR,ERR,ERR,ERR,ERR,ERR,ERR,ERR,ERR,ERR,ERR,ERR,ERR,ERR,ERR,ERR,ERR,ERR,ERR,ERR,ERR,ERR,ERR,ERR,ERR,0.0,0.0,0.0,0.0,0.0,1.3936040501711995e+18,7.805,0.0,0,0,4,0,7116,0.0,100,0.0,0.0,0.0,0.0,0.0,0,0,0,0,0.0,0,0,0,0,0,0,0,0,0,0,0,0,0,0,0,0,0,0,0,0,0,0,0,0,0,0,0,0,0,0,0,0,0,31,40,40,71,65476,0,300,0,0,8,21553,0.0,-107605600.0,0.0,0.0,0.0,0.0,0.0,0.0,0.0,0.0,0.0,0.0,0.0,0.0,0.0,0.0,0.0,0.0,0.0,0.0,0.0,0.0,-2.004,-2.004,2.004,-2.004,0.0,0.0,0.0,0.0,4512.0,8608166912.0,6922.0,0.0,-107615352.0,0.0,2.718429120148166e+23,0.0,0.0,0.0,0.0,69,-0.0,-2.3088245329045016e+20,0.0,0.0,0.0,0.0,0.0,0.0,0.0,0,0,0,0.0,0.0,0.0,0.0,0.0,0.0,0.0,0.0,0.0,0.0,0.0,0.0,0.0,0.0,0.0,0.0,0,-107875648.0,69,0.0,138,0.0,0.0,0,13107,17085,13107,17098,26215,17078,0,0,0,70,68,100,0.0,82.1,0.0,77.7,2.730238639235042e+23,78.5,1,49,50,180,26215,52429,0,0,0.0,0.0,0.0,0.0,-0.0,67.0,0.0,162057.094,0.0,967,0,989,0,0,0,946,0,1011,0,912,0,787,0,777,0,821,0,7520,0.032,1.5852670688344146e+19,0.0,0.0,784,16797,-0.0,162057.094,-114818.039,-0.0,0.133,6.909358625270745e+28,30.0,70.0,35,0.0,0.0,0.0,0.0,0.0,0.0,0.0,0.0,0.0,0.0,0.0,0.0,0.0,0.0,0.0,0.0,66.4,0,150,71,51,65476,0,300,0,0,8,20529,65476,0,0,44564,70.0,0.0,0.0,0.0,0.0,0.0
2026-09-10T21:54:11,ERR,ERR,ERR,ERR,ERR,ERR,ERR,ERR,ERR,ERR,ERR,ERR,ERR,ERR,ERR,ERR,ERR,ERR,ERR,ERR,ERR,ERR,ERR,ERR,ERR,ERR,ERR,ERR,ERR,ERR,ERR,ERR,ERR,ERR,ERR,ERR,ERR,ERR,ERR,ERR,ERR,ERR,ERR,ERR,ERR,ERR,ERR,ERR,ERR,ERR,ERR,ERR,ERR,ERR,ERR,ERR,ERR,ERR,ERR,ERR,ERR,ERR,ERR,ERR,ERR,ERR,ERR,ERR,ERR,ERR,ERR,ERR,ERR,ERR,ERR,ERR,ERR,ERR,ERR,ERR,ERR,ERR,ERR,ERR,ERR,ERR,ERR,ERR,ERR,ERR,ERR,ERR,ERR,ERR,ERR,ERR,ERR,ERR,ERR,ERR,ERR,ERR,ERR,ERR,ERR,ERR,ERR,ERR,ERR,ERR,ERR,ERR,ERR,ERR,ERR,ERR,ERR,ERR,ERR,ERR,ERR,ERR,ERR,ERR,ERR,0.0,0.0,0.0,0.0,0.0,1.3936040501711995e+18,7.805,0.0,0,0,4,0,7116,0.0,100,0.0,0.0,0.0,0.0,0.0,0,0,0,0,0.0,0,0,0,0,0,0,0,0,0,0,0,0,0,0,0,0,0,0,0,0,0,0,0,0,0,0,0,0,0,0,0,0,0,31,40,40,71,65476,0,300,0,0,8,21553,0.0,-107605600.0,0.0,0.0,0.0,0.0,0.0,0.0,0.0,0.0,0.0,0.0,0.0,0.0,0.0,0.0,0.0,0.0,0.0,0.0,0.0,0.0,-2.004,-2.004,2.004,-2.004,0.0,0.0,0.0,0.0,4512.0,8608166912.0,6922.0,0.0,-107615352.0,0.0,2.718429120148166e+23,0.0,0.0,0.0,0.0,69,-0.0,-2.3088245329045016e+20,0.0,0.0,0.0,0.0,0.0,0.0,0.0,0,0,0,0.0,0.0,0.0,0.0,0.0,0.0,0.0,0.0,0.0,0.0,0.0,0.0,0.0,0.0,0.0,0.0,0,-107875648.0,69,0.0,138,0.0,0.0,0,13107,17085,13107,17098,26215,17078,0,0,0,70,68,100,0.0,82.1,0.0,77.7,2.730238639235042e+23,78.5,1,49,50,180,26215,52429,0,0,0.0,0.0,0.0,0.0,-0.0,67.0,0.0,162057.094,0.0,967,0,989,0,0,0,946,0,1011,0,912,0,787,0,777,0,821,0,7520,0.032,1.5852670688344146e+19,0.0,0.0,784,16797,-0.0,162057.094,-114818.039,-0.0,0.133,6.909358625270745e+28,30.0,70.0,35,0.0,0.0,0.0,0.0,0.0,0.0,0.0,0.0,0.0,0.0,0.0,0.0,0.0,0.0,0.0,0.0,66.4,0,150,71,51,65476,0,300,0,0,8,20529,65476,0,0,44564,70.0,0.0,0.0,0.0,0.0,0.0
2026-09-10T21:54:12,ERR,ERR,ERR,ERR,ERR,ERR,ERR,ERR,ERR,ERR,ERR,ERR,ERR,ERR,ERR,ERR,ERR,ERR,ERR,ERR,ERR,ERR,ERR,ERR,ERR,ERR,ERR,ERR,ERR,ERR,ERR,ERR,ERR,ERR,ERR,ERR,ERR,ERR,ERR,ERR,ERR,ERR,ERR,ERR,ERR,ERR,ERR,ERR,ERR,ERR,ERR,ERR,ERR,ERR,ERR,ERR,ERR,ERR,ERR,ERR,ERR,ERR,ERR,ERR,ERR,ERR,ERR,ERR,ERR,ERR,ERR,ERR,ERR,ERR,ERR,ERR,ERR,ERR,ERR,ERR,ERR,ERR,ERR,ERR,ERR,ERR,ERR,ERR,ERR,ERR,ERR,ERR,ERR,ERR,ERR,ERR,ERR,ERR,ERR,ERR,ERR,ERR,ERR,ERR,ERR,ERR,ERR,ERR,ERR,ERR,ERR,ERR,ERR,ERR,ERR,ERR,ERR,ERR,ERR,ERR,ERR,ERR,ERR,ERR,ERR,0.0,-107615352.0,-0.0,0.0,0.0,1.3936040501711995e+18,7.805,0.0,0,0,4,0,7116,0.0,100,0.0,0.0,0.0,0.0,0.0,0,0,0,0,0.0,0,0,0,0,0,0,0,0,0,0,0,0,0,0,0,0,0,0,0,0,0,0,0,0,0,0,0,0,0,0,0,0,0,31,40,40,71,65476,0,300,0,0,8,21553,0.0,-107605600.0,0.0,0.0,0.0,0.0,0.0,0.0,0.0,0.0,0.0,0.0,0.0,0.0,0.0,0.0,0.0,0.0,0.0,0.0,0.0,0.0,-2.004,-2.004,2.004,-2.004,0.0,0.0,0.0,0.0,4516.0,-0.0,6929.0,0.0,-107615352.0,0.0,2.718429120148166e+23,0.0,0.0,0.0,0.0,69,-0.0,0.0,0.0,0.0,0.0,0.0,0.0,0.0,0.0,0,0,0,0.0,0.0,0.0,0.0,0.0,0.0,0.0,0.0,0.0,0.0,0.0,0.0,0.0,0.0,0.0,0.0,0,-107875648.0,69,0.0,138,0.0,0.0,0,13107,17085,13107,17098,39322,17078,0,0,0,70,68,100,0.0,82.1,0.0,77.7,2.730238639235042e+23,78.5,1,49,50,180,26215,52429,0,0,0.0,0.0,0.0,0.0,-0.0,67.0,0.0,162057.094,0.0,967,0,989,0,0,0,946,0,1011,0,913,0,787,0,776,0,821,0,7520,0.032,1.5852670688344146e+19,0.0,0.0,784,16797,-0.0,162057.094,-114818.039,-0.0,0.133,6.909358625270745e+28,30.0,70.0,35,0.0,0.0,0.0,0.0,0.0,0.0,0.0,0.0,0.0,0.0,0.0,0.0,0.0,0.0,0.0,0.0,66.4,0,150,71,51,65476,0,300,0,0,8,20529,65476,0,0,44564,70.0,0.0,0.0,0.0,0.0,0.0
2026-09-10T21:54:13,ERR,ERR,ERR,ERR,ERR,ERR,ERR,ERR,ERR,ERR,ERR,ERR,ERR,ERR,ERR,ERR,ERR,ERR,ERR,ERR,ERR,ERR,ERR,ERR,ERR,ERR,ERR,ERR,ERR,ERR,ERR,ERR,ERR,ERR,ERR,ERR,ERR,ERR,ERR,ERR,ERR,ERR,ERR,ERR,ERR,ERR,ERR,ERR,ERR,ERR,ERR,ERR,ERR,ERR,ERR,ERR,ERR,ERR,ERR,ERR,ERR,ERR,ERR,ERR,ERR,ERR,ERR,ERR,ERR,ERR,ERR,ERR,ERR,ERR,ERR,ERR,ERR,ERR,ERR,ERR,ERR,ERR,ERR,ERR,ERR,ERR,ERR,ERR,ERR,ERR,ERR,ERR,ERR,ERR,ERR,ERR,ERR,ERR,ERR,ERR,ERR,ERR,ERR,ERR,ERR,ERR,ERR,ERR,ERR,ERR,ERR,ERR,ERR,ERR,ERR,ERR,ERR,ERR,ERR,ERR,ERR,ERR,ERR,ERR,ERR,0.0,-107615352.0,-0.0,0.0,0.0,1.3936040501711995e+18,7.805,0.0,0,0,4,0,7116,0.0,100,0.0,0.0,0.0,0.0,0.0,0,0,0,0,0.0,0,0,0,0,0,0,0,0,0,0,0,0,0,0,0,0,0,0,0,0,0,0,0,0,0,0,0,0,0,0,0,0,0,31,40,40,71,65476,0,300,0,0,8,21553,0.0,-107605600.0,0.0,0.0,0.0,0.0,0.0,0.0,0.0,0.0,0.0,0.0,0.0,0.0,0.0,0.0,0.0,0.0,0.0,0.0,0.0,0.0,-2.004,-2.004,2.004,-2.004,0.0,0.0,0.0,0.0,4516.0,-0.0,6929.0,0.0,-107615352.0,0.0,2.718429120148166e+23,0.0,0.0,0.0,0.0,69,-0.0,0.0,0.0,0.0,0.0,0.0,0.0,0.0,0.0,0,0,0,0.0,0.0,0.0,0.0,0.0,0.0,0.0,0.0,0.0,0.0,0.0,0.0,0.0,0.0,0.0,0.0,0,-107875648.0,69,0.0,138,0.0,0.0,0,13107,17085,13107,17098,39322,17078,0,0,0,70,68,100,0.0,82.1,0.0,77.7,2.730238639235042e+23,78.5,1,49,50,180,26215,52429,0,0,0.0,0.0,0.0,0.0,-0.0,67.0,0.0,162057.094,0.0,967,0,989,0,0,0,946,0,1011,0,913,0,787,0,776,0,821,0,7520,0.032,1.5852670688344146e+19,0.0,0.0,784,16797,-0.0,162057.094,-114818.039,-0.0,0.133,6.909358625270745e+28,30.0,70.0,35,0.0,0.0,0.0,0.0,0.0,0.0,0.0,0.0,0.0,0.0,0.0,0.0,0.0,0.0,0.0,0.0,66.4,0,150,71,51,65476,0,300,0,0,8,20529,65476,0,0,44564,70.0,0.0,0.0,0.0,0.0,0.0
2026-09-10T21:54:14,ERR,ERR,ERR,ERR,ERR,ERR,ERR,ERR,ERR,ERR,ERR,ERR,ERR,ERR,ERR,ERR,ERR,ERR,ERR,ERR,ERR,ERR,ERR,ERR,ERR,ERR,ERR,ERR,ERR,ERR,ERR,ERR,ERR,ERR,ERR,ERR,ERR,ERR,ERR,ERR,ERR,ERR,ERR,ERR,ERR,ERR,ERR,ERR,ERR,ERR,ERR,ERR,ERR,ERR,ERR,ERR,ERR,ERR,ERR,ERR,ERR,ERR,ERR,ERR,ERR,ERR,ERR,ERR,ERR,ERR,ERR,ERR,ERR,ERR,ERR,ERR,ERR,ERR,ERR,ERR,ERR,ERR,ERR,ERR,ERR,ERR,ERR,ERR,ERR,ERR,ERR,ERR,ERR,ERR,ERR,ERR,ERR,ERR,ERR,ERR,ERR,ERR,ERR,ERR,ERR,ERR,ERR,ERR,ERR,ERR,ERR,ERR,ERR,ERR,ERR,ERR,ERR,ERR,ERR,ERR,ERR,ERR,ERR,ERR,ERR,0.0,-107615352.0,-0.0,0.0,0.0,1.3936040501711995e+18,7.805,0.0,0,0,4,0,7116,0.0,100,0.0,0.0,0.0,0.0,0.0,0,0,0,0,0.0,0,0,0,0,0,0,0,0,0,0,0,0,0,0,0,0,0,0,0,0,0,0,0,0,0,0,0,0,0,0,0,0,0,31,40,40,71,65476,0,300,0,0,8,21553,0.0,-107605600.0,0.0,0.0,0.0,0.0,0.0,0.0,0.0,0.0,0.0,0.0,0.0,0.0,0.0,0.0,0.0,0.0,0.0,0.0,0.0,0.0,-2.004,-2.004,2.004,-2.004,0.0,0.0,0.0,0.0,4516.0,-0.0,6929.0,0.0,-107615352.0,0.0,2.718429120148166e+23,0.0,0.0,0.0,0.0,69,-0.0,0.0,0.0,0.0,0.0,0.0,0.0,0.0,0.0,0,0,0,0.0,0.0,0.0,0.0,0.0,0.0,0.0,0.0,0.0,0.0,0.0,0.0,0.0,0.0,0.0,0.0,0,-107875648.0,69,0.0,138,0.0,0.0,0,13107,17085,13107,17098,39322,17078,0,0,0,70,68,100,0.0,82.1,0.0,77.7,2.730238639235042e+23,78.5,1,49,50,180,26215,52429,0,0,0.0,0.0,0.0,0.0,-0.0,67.0,0.0,162057.094,0.0,967,0,989,0,0,0,946,0,1011,0,913,0,787,0,776,0,821,0,7520,0.032,1.5852670688344146e+19,0.0,0.0,784,16797,-0.0,162057.094,-114818.039,-0.0,0.133,6.909358625270745e+28,30.0,70.0,35,0.0,0.0,0.0,0.0,0.0,0.0,0.0,0.0,0.0,0.0,0.0,0.0,0.0,0.0,0.0,0.0,66.4,0,150,71,51,65476,0,300,0,0,8,20529,65476,0,0,44564,70.0,0.0,0.0,0.0,0.0,0.0
2026-09-10T21:54:15,ERR,ERR,ERR,ERR,ERR,ERR,ERR,ERR,ERR,ERR,ERR,ERR,ERR,ERR,ERR,ERR,ERR,ERR,ERR,ERR,ERR,ERR,ERR,ERR,ERR,ERR,ERR,ERR,ERR,ERR,ERR,ERR,ERR,ERR,ERR,ERR,ERR,ERR,ERR,ERR,ERR,ERR,ERR,ERR,ERR,ERR,ERR,ERR,ERR,ERR,ERR,ERR,ERR,ERR,ERR,ERR,ERR,ERR,ERR,ERR,ERR,ERR,ERR,ERR,ERR,ERR,ERR,ERR,ERR,ERR,ERR,ERR,ERR,ERR,ERR,ERR,ERR,ERR,ERR,ERR,ERR,ERR,ERR,ERR,ERR,ERR,ERR,ERR,ERR,ERR,ERR,ERR,ERR,ERR,ERR,ERR,ERR,ERR,ERR,ERR,ERR,ERR,ERR,ERR,ERR,ERR,ERR,ERR,ERR,ERR,ERR,ERR,ERR,ERR,ERR,ERR,ERR,ERR,ERR,ERR,ERR,ERR,ERR,ERR,ERR,0.0,-107615352.0,-0.0,0.0,0.0,1.3936040501711995e+18,7.805,0.0,0,0,4,0,7116,0.0,100,0.0,0.0,0.0,0.0,0.0,0,0,0,0,0.0,0,0,0,0,0,0,0,0,0,0,0,0,0,0,0,0,0,0,0,0,0,0,0,0,0,0,0,0,0,0,0,0,0,31,40,40,71,65476,0,300,0,0,8,21553,0.0,-107605600.0,0.0,0.0,0.0,0.0,0.0,0.0,0.0,0.0,0.0,0.0,0.0,0.0,0.0,0.0,0.0,0.0,0.0,0.0,0.0,0.0,-2.004,-2.004,2.004,-2.004,0.0,0.0,0.0,0.0,4516.0,-0.0,6929.0,0.0,-107615352.0,0.0,2.718429120148166e+23,0.0,0.0,0.0,0.0,69,-0.0,0.0,0.0,0.0,0.0,0.0,0.0,0.0,0.0,0,0,0,0.0,0.0,0.0,0.0,0.0,0.0,0.0,0.0,0.0,0.0,0.0,0.0,0.0,0.0,0.0,0.0,0,-107875648.0,69,0.0,138,0.0,0.0,0,13107,17085,13107,17098,39322,17078,0,0,0,70,68,100,0.0,82.1,0.0,77.7,2.730238639235042e+23,78.5,1,49,50,180,26215,52429,0,0,0.0,0.0,0.0,0.0,-0.0,67.0,0.0,162057.094,0.0,967,0,989,0,0,0,946,0,1011,0,913,0,787,0,776,0,821,0,7520,0.032,1.5852670688344146e+19,0.0,0.0,784,16797,-0.0,162057.094,-114818.039,-0.0,0.133,6.909358625270745e+28,30.0,70.0,35,0.0,0.0,0.0,0.0,0.0,0.0,0.0,0.0,0.0,0.0,0.0,0.0,0.0,0.0,0.0,0.0,66.4,0,150,71,51,65476,0,300,0,0,8,20529,65476,0,0,44564,70.0,0.0,0.0,0.0,0.0,0.0
2026-09-10T21:54:16,ERR,ERR,ERR,ERR,ERR,ERR,ERR,ERR,ERR,ERR,ERR,ERR,ERR,ERR,ERR,ERR,ERR,ERR,ERR,ERR,ERR,ERR,ERR,ERR,ERR,ERR,ERR,ERR,ERR,ERR,ERR,ERR,ERR,ERR,ERR,ERR,ERR,ERR,ERR,ERR,ERR,ERR,ERR,ERR,ERR,ERR,ERR,ERR,ERR,ERR,ERR,ERR,ERR,ERR,ERR,ERR,ERR,ERR,ERR,ERR,ERR,ERR,ERR,ERR,ERR,ERR,ERR,ERR,ERR,ERR,ERR,ERR,ERR,ERR,ERR,ERR,ERR,ERR,ERR,ERR,ERR,ERR,ERR,ERR,ERR,ERR,ERR,ERR,ERR,ERR,ERR,ERR,ERR,ERR,ERR,ERR,ERR,ERR,ERR,ERR,ERR,ERR,ERR,ERR,ERR,ERR,ERR,ERR,ERR,ERR,ERR,ERR,ERR,ERR,ERR,ERR,ERR,ERR,ERR,ERR,ERR,ERR,ERR,ERR,ERR,0.0,-107615352.0,-0.0,0.0,0.0,1.3936040501711995e+18,7.805,0.0,0,0,4,0,7116,0.0,100,0.0,0.0,0.0,0.0,0.0,0,0,0,0,0.0,0,0,0,0,0,0,0,0,0,0,0,0,0,0,0,0,0,0,0,0,0,0,0,0,0,0,0,0,0,0,0,0,0,31,40,40,71,65476,0,300,0,0,8,21553,0.0,-107605600.0,0.0,0.0,0.0,0.0,0.0,0.0,0.0,0.0,0.0,0.0,0.0,0.0,0.0,0.0,0.0,0.0,0.0,0.0,0.0,0.0,-2.004,-2.004,2.004,-2.004,0.0,0.0,0.0,0.0,4516.0,-0.0,6929.0,0.0,-107615352.0,0.0,2.718429120148166e+23,0.0,0.0,0.0,0.0,69,-0.0,0.0,0.0,0.0,0.0,0.0,0.0,0.0,0.0,0,0,0,0.0,0.0,0.0,0.0,0.0,0.0,0.0,0.0,0.0,0.0,0.0,0.0,0.0,0.0,0.0,0.0,0,-107875648.0,69,0.0,138,0.0,0.0,0,13107,17085,13107,17098,39322,17078,0,0,0,70,68,100,0.0,82.1,0.0,77.7,2.730238639235042e+23,78.5,1,49,50,180,26215,52429,0,0,0.0,0.0,0.0,0.0,-0.0,67.0,0.0,162057.094,0.0,967,0,989,0,0,0,946,0,1011,0,913,0,787,0,776,0,821,0,7520,0.032,1.5852670688344146e+19,0.0,0.0,784,16797,-0.0,162057.094,-114818.039,-0.0,0.133,6.909358625270745e+28,30.0,70.0,35,0.0,0.0,0.0,0.0,0.0,0.0,0.0,0.0,0.0,0.0,0.0,0.0,0.0,0.0,0.0,0.0,66.4,0,150,71,51,65476,0,300,0,0,8,20529,65476,0,0,44564,70.0,0.0,0.0,0.0,0.0,0.0
2026-09-10T21:54:17,ERR,ERR,ERR,ERR,ERR,ERR,ERR,ERR,ERR,ERR,ERR,ERR,ERR,ERR,ERR,ERR,ERR,ERR,ERR,ERR,ERR,ERR,ERR,ERR,ERR,ERR,ERR,ERR,ERR,ERR,ERR,ERR,ERR,ERR,ERR,ERR,ERR,ERR,ERR,ERR,ERR,ERR,ERR,ERR,ERR,ERR,ERR,ERR,ERR,ERR,ERR,ERR,ERR,ERR,ERR,ERR,ERR,ERR,ERR,ERR,ERR,ERR,ERR,ERR,ERR,ERR,ERR,ERR,ERR,ERR,ERR,ERR,ERR,ERR,ERR,ERR,ERR,ERR,ERR,ERR,ERR,ERR,ERR,ERR,ERR,ERR,ERR,ERR,ERR,ERR,ERR,ERR,ERR,ERR,ERR,ERR,ERR,ERR,ERR,ERR,ERR,ERR,ERR,ERR,ERR,ERR,ERR,ERR,ERR,ERR,ERR,ERR,ERR,ERR,ERR,ERR,ERR,ERR,ERR,ERR,ERR,ERR,ERR,ERR,ERR,0.0,-107615352.0,-0.0,0.0,0.0,1.3936040501711995e+18,7.805,0.0,0,0,4,0,7116,0.0,100,0.0,0.0,0.0,0.0,0.0,0,0,0,0,0.0,0,0,0,0,0,0,0,0,0,0,0,0,0,0,0,0,0,0,0,0,0,0,0,0,0,0,0,0,0,0,0,0,0,31,40,40,71,65476,0,300,0,0,8,21553,0.0,-107605600.0,0.0,0.0,0.0,0.0,0.0,0.0,0.0,0.0,0.0,0.0,0.0,0.0,0.0,0.0,0.0,0.0,0.0,0.0,0.0,0.0,-2.004,-2.004,2.004,-2.004,0.0,0.0,0.0,0.0,4516.0,-0.0,6929.0,0.0,-107615352.0,0.0,2.718429120148166e+23,0.0,0.0,0.0,0.0,69,-0.0,0.0,0.0,0.0,0.0,0.0,0.0,0.0,0.0,0,0,0,0.0,0.0,0.0,0.0,0.0,0.0,0.0,0.0,0.0,0.0,0.0,0.0,0.0,0.0,0.0,0.0,0,-107875648.0,69,0.0,138,0.0,0.0,0,13107,17085,13107,17098,39322,17078,0,0,0,70,68,100,0.0,82.1,0.0,77.7,2.730238639235042e+23,78.5,1,49,50,180,26215,52429,0,0,0.0,0.0,0.0,0.0,-0.0,67.0,0.0,162057.094,0.0,967,0,989,0,0,0,946,0,1011,0,913,0,787,0,776,0,821,0,7520,0.032,1.5852670688344146e+19,0.0,0.0,784,16797,-0.0,162057.094,-114818.039,-0.0,0.133,6.909358625270745e+28,30.0,70.0,35,0.0,0.0,0.0,0.0,0.0,0.0,0.0,0.0,0.0,0.0,0.0,0.0,0.0,0.0,0.0,0.0,66.4,0,150,71,51,65476,0,300,0,0,8,20529,65476,0,0,44564,70.0,0.0,0.0,0.0,0.0,0.0
2026-09-10T21:54:18,ERR,ERR,ERR,ERR,ERR,ERR,ERR,ERR,ERR,ERR,ERR,ERR,ERR,ERR,ERR,ERR,ERR,ERR,ERR,ERR,ERR,ERR,ERR,ERR,ERR,ERR,ERR,ERR,ERR,ERR,ERR,ERR,ERR,ERR,ERR,ERR,ERR,ERR,ERR,ERR,ERR,ERR,ERR,ERR,ERR,ERR,ERR,ERR,ERR,ERR,ERR,ERR,ERR,ERR,ERR,ERR,ERR,ERR,ERR,ERR,ERR,ERR,ERR,ERR,ERR,ERR,ERR,ERR,ERR,ERR,ERR,ERR,ERR,ERR,ERR,ERR,ERR,ERR,ERR,ERR,ERR,ERR,ERR,ERR,ERR,ERR,ERR,ERR,ERR,ERR,ERR,ERR,ERR,ERR,ERR,ERR,ERR,ERR,ERR,ERR,ERR,ERR,ERR,ERR,ERR,ERR,ERR,ERR,ERR,ERR,ERR,ERR,ERR,ERR,ERR,ERR,ERR,ERR,ERR,ERR,ERR,ERR,ERR,ERR,ERR,0.0,-107615352.0,-0.0,0.0,0.0,1.3936040501711995e+18,7.805,0.0,0,0,4,0,7116,0.0,100,0.0,0.0,0.0,0.0,0.0,0,0,0,0,0.0,0,0,0,0,0,0,0,0,0,0,0,0,0,0,0,0,0,0,0,0,0,0,0,0,0,0,0,0,0,0,0,0,0,31,40,40,71,65476,0,300,0,0,8,21553,0.0,-107605600.0,0.0,0.0,0.0,0.0,0.0,0.0,0.0,0.0,0.0,0.0,0.0,0.0,0.0,0.0,0.0,0.0,0.0,0.0,0.0,0.0,-2.004,-2.004,2.004,-2.004,0.0,0.0,0.0,0.0,4516.0,-0.0,6929.0,0.0,-107615352.0,0.0,2.718429120148166e+23,0.0,0.0,0.0,0.0,69,-0.0,0.0,0.0,0.0,0.0,0.0,0.0,0.0,0.0,0,0,0,0.0,0.0,0.0,0.0,0.0,0.0,0.0,0.0,0.0,0.0,0.0,0.0,0.0,0.0,0.0,0.0,0,-107875648.0,69,0.0,138,0.0,0.0,0,13107,17085,0,17098,26215,17078,0,0,0,70,68,100,0.0,82.1,0.0,77.7,2.730238639235042e+23,78.5,1,49,50,180,26215,52429,0,0,0.0,0.0,0.0,0.0,-0.0,67.0,0.0,162057.094,0.0,967,0,989,0,0,0,946,0,1010,0,913,0,787,0,777,0,821,0,7520,0.032,1.5780613094306218e+19,0.0,0.0,784,16797,-0.0,162057.094,-114818.039,-0.0,0.133,6.909358625270745e+28,30.0,70.0,35,0.0,0.0,0.0,0.0,0.0,0.0,0.0,0.0,0.0,0.0,0.0,0.0,0.0,0.0,0.0,0.0,66.4,0,150,71,51,65476,0,300,0,0,8,20529,65476,0,0,44564,70.0,0.0,0.0,0.0,0.0,0.0
2026-09-10T21:54:19,ERR,ERR,ERR,ERR,ERR,ERR,ERR,ERR,ERR,ERR,ERR,ERR,ERR,ERR,ERR,ERR,ERR,ERR,ERR,ERR,ERR,ERR,ERR,ERR,ERR,ERR,ERR,ERR,ERR,ERR,ERR,ERR,ERR,ERR,ERR,ERR,ERR,ERR,ERR,ERR,ERR,ERR,ERR,ERR,ERR,ERR,ERR,ERR,ERR,ERR,ERR,ERR,ERR,ERR,ERR,ERR,ERR,ERR,ERR,ERR,ERR,ERR,ERR,ERR,ERR,ERR,ERR,ERR,ERR,ERR,ERR,ERR,ERR,ERR,ERR,ERR,ERR,ERR,ERR,ERR,ERR,ERR,ERR,ERR,ERR,ERR,ERR,ERR,ERR,ERR,ERR,ERR,ERR,ERR,ERR,ERR,ERR,ERR,ERR,ERR,ERR,ERR,ERR,ERR,ERR,ERR,ERR,ERR,ERR,ERR,ERR,ERR,ERR,ERR,ERR,ERR,ERR,ERR,ERR,ERR,ERR,ERR,ERR,ERR,ERR,0.0,-107615352.0,-0.0,0.0,0.0,1.3936040501711995e+18,7.805,0.0,0,0,4,0,7116,0.0,100,0.0,0.0,0.0,0.0,0.0,0,0,0,0,0.0,0,0,0,0,0,0,0,0,0,0,0,0,0,0,0,0,0,0,0,0,0,0,0,0,0,0,0,0,0,0,0,0,0,31,40,40,71,65476,0,300,0,0,8,21553,0.0,-107605600.0,0.0,0.0,0.0,0.0,0.0,0.0,0.0,0.0,0.0,0.0,0.0,0.0,0.0,0.0,0.0,0.0,0.0,0.0,0.0,0.0,-2.004,-2.004,2.004,-2.004,0.0,0.0,0.0,0.0,4516.0,-0.0,6929.0,0.0,-107615352.0,0.0,2.718429120148166e+23,0.0,0.0,0.0,0.0,69,-0.0,0.0,0.0,0.0,0.0,0.0,0.0,0.0,0.0,0,0,0,0.0,0.0,0.0,0.0,0.0,0.0,0.0,0.0,0.0,0.0,0.0,0.0,0.0,0.0,0.0,0.0,0,-107875648.0,69,0.0,138,0.0,0.0,0,13107,17085,0,17098,26215,17078,0,0,0,70,68,100,0.0,82.1,0.0,77.7,2.730238639235042e+23,78.5,1,49,50,180,26215,52429,0,0,0.0,0.0,0.0,0.0,-0.0,67.0,0.0,162057.094,0.0,967,0,989,0,0,0,946,0,1010,0,913,0,787,0,777,0,821,0,7520,0.032,1.5780613094306218e+19,0.0,0.0,784,16797,-0.0,162057.094,-114818.039,-0.0,0.133,6.909358625270745e+28,30.0,70.0,35,0.0,0.0,0.0,0.0,0.0,0.0,0.0,0.0,0.0,0.0,0.0,0.0,0.0,0.0,0.0,0.0,66.4,0,150,71,51,65476,0,300,0,0,8,20529,65476,0,0,44564,70.0,0.0,0.0,0.0,0.0,0.0
2026-09-10T21:54:20,ERR,ERR,ERR,ERR,ERR,ERR,ERR,ERR,ERR,ERR,ERR,ERR,ERR,ERR,ERR,ERR,ERR,ERR,ERR,ERR,ERR,ERR,ERR,ERR,ERR,ERR,ERR,ERR,ERR,ERR,ERR,ERR,ERR,ERR,ERR,ERR,ERR,ERR,ERR,ERR,ERR,ERR,ERR,ERR,ERR,ERR,ERR,ERR,ERR,ERR,ERR,ERR,ERR,ERR,ERR,ERR,ERR,ERR,ERR,ERR,ERR,ERR,ERR,ERR,ERR,ERR,ERR,ERR,ERR,ERR,ERR,ERR,ERR,ERR,ERR,ERR,ERR,ERR,ERR,ERR,ERR,ERR,ERR,ERR,ERR,ERR,ERR,ERR,ERR,ERR,ERR,ERR,ERR,ERR,ERR,ERR,ERR,ERR,ERR,ERR,ERR,ERR,ERR,ERR,ERR,ERR,ERR,ERR,ERR,ERR,ERR,ERR,ERR,ERR,ERR,ERR,ERR,ERR,ERR,ERR,ERR,ERR,ERR,ERR,ERR,0.0,-107615352.0,-0.0,0.0,0.0,1.3936040501711995e+18,7.805,0.0,0,0,4,0,7116,0.0,100,0.0,0.0,0.0,0.0,0.0,0,0,0,0,0.0,0,0,0,0,0,0,0,0,0,0,0,0,0,0,0,0,0,0,0,0,0,0,0,0,0,0,0,0,0,0,0,0,0,31,40,40,71,65476,0,300,0,0,8,21553,0.0,-107605600.0,0.0,0.0,0.0,0.0,0.0,0.0,0.0,0.0,0.0,0.0,0.0,0.0,0.0,0.0,0.0,0.0,0.0,0.0,0.0,0.0,0.0,-2.004,2.004,-2.004,0.0,0.0,0.0,0.0,4513.0,2.004,6921.0,0.0,-107615352.0,0.0,-0.0,0.0,0.0,0.0,0.0,69,-0.0,-152016944889856.0,0.0,0.0,0.0,0.0,0.0,0.0,0.0,0,0,0,0.0,0.0,0.0,0.0,0.0,0.0,0.0,0.0,0.0,0.0,0.0,0.0,0.0,0.0,0.0,0.0,0,-107875648.0,69,0.0,138,0.0,0.0,0,13107,17085,0,17098,26215,17078,0,0,0,70,68,100,0.0,82.1,0.0,77.7,2.730238639235042e+23,78.5,1,49,50,180,26215,52429,0,0,0.0,0.0,0.0,0.0,-0.0,67.0,0.0,162057.094,0.0,967,0,989,0,0,0,946,0,1010,0,913,0,787,0,777,0,821,0,7520,0.032,1.5780613094306218e+19,0.0,0.0,784,16797,-0.0,162057.094,-114818.039,-0.0,0.133,6.909358625270745e+28,30.0,70.0,35,0.0,0.0,0.0,0.0,0.0,0.0,0.0,0.0,0.0,0.0,0.0,0.0,0.0,0.0,0.0,0.0,66.4,0,150,71,51,65476,0,300,0,0,8,20529,65476,0,0,44564,70.0,0.0,0.0,0.0,0.0,0.0
2026-09-10T21:54:21,ERR,ERR,ERR,ERR,ERR,ERR,ERR,ERR,ERR,ERR,ERR,ERR,ERR,ERR,ERR,ERR,ERR,ERR,ERR,ERR,ERR,ERR,ERR,ERR,ERR,ERR,ERR,ERR,ERR,ERR,ERR,ERR,ERR,ERR,ERR,ERR,ERR,ERR,ERR,ERR,ERR,ERR,ERR,ERR,ERR,ERR,ERR,ERR,ERR,ERR,ERR,ERR,ERR,ERR,ERR,ERR,ERR,ERR,ERR,ERR,ERR,ERR,ERR,ERR,ERR,ERR,ERR,ERR,ERR,ERR,ERR,ERR,ERR,ERR,ERR,ERR,ERR,ERR,ERR,ERR,ERR,ERR,ERR,ERR,ERR,ERR,ERR,ERR,ERR,ERR,ERR,ERR,ERR,ERR,ERR,ERR,ERR,ERR,ERR,ERR,ERR,ERR,ERR,ERR,ERR,ERR,ERR,ERR,ERR,ERR,ERR,ERR,ERR,ERR,ERR,ERR,ERR,ERR,ERR,ERR,ERR,ERR,ERR,ERR,ERR,0.0,-107615352.0,-0.0,0.0,0.0,1.3936040501711995e+18,7.805,0.0,0,0,4,0,7116,0.0,100,0.0,0.0,0.0,0.0,0.0,0,0,0,0,0.0,0,0,0,0,0,0,0,0,0,0,0,0,0,0,0,0,0,0,0,0,0,0,0,0,0,0,0,0,0,0,0,0,0,31,40,40,71,65476,0,300,0,0,8,21553,0.0,-107605600.0,0.0,0.0,0.0,0.0,0.0,0.0,0.0,0.0,0.0,0.0,0.0,0.0,0.0,0.0,0.0,0.0,0.0,0.0,0.0,0.0,0.0,-2.004,2.004,-2.004,0.0,0.0,0.0,0.0,4513.0,2.004,6921.0,0.0,-107615352.0,0.0,-0.0,0.0,0.0,0.0,0.0,69,-0.0,-152016944889856.0,0.0,0.0,0.0,0.0,0.0,0.0,0.0,0,0,0,0.0,0.0,0.0,0.0,0.0,0.0,0.0,0.0,0.0,0.0,0.0,0.0,0.0,0.0,0.0,0.0,0,-107875648.0,69,0.0,138,0.0,0.0,0,13107,17085,0,17098,26215,17078,0,0,0,70,68,100,0.0,82.1,0.0,77.7,2.730238639235042e+23,78.5,1,49,50,180,26215,52429,0,0,0.0,0.0,0.0,0.0,-0.0,67.0,0.0,162057.094,0.0,967,0,989,0,0,0,946,0,1010,0,913,0,787,0,777,0,821,0,7520,0.032,1.5780613094306218e+19,0.0,0.0,784,16797,-0.0,162057.094,-114818.039,-0.0,0.133,6.909358625270745e+28,30.0,70.0,35,0.0,0.0,0.0,0.0,0.0,0.0,0.0,0.0,0.0,0.0,0.0,0.0,0.0,0.0,0.0,0.0,66.4,0,150,71,51,65476,0,300,0,0,8,20529,65476,0,0,44564,70.0,0.0,0.0,0.0,0.0,0.0
2026-09-10T21:54:22,ERR,ERR,ERR,ERR,ERR,ERR,ERR,ERR,ERR,ERR,ERR,ERR,ERR,ERR,ERR,ERR,ERR,ERR,ERR,ERR,ERR,ERR,ERR,ERR,ERR,ERR,ERR,ERR,ERR,ERR,ERR,ERR,ERR,ERR,ERR,ERR,ERR,ERR,ERR,ERR,ERR,ERR,ERR,ERR,ERR,ERR,ERR,ERR,ERR,ERR,ERR,ERR,ERR,ERR,ERR,ERR,ERR,ERR,ERR,ERR,ERR,ERR,ERR,ERR,ERR,ERR,ERR,ERR,ERR,ERR,ERR,ERR,ERR,ERR,ERR,ERR,ERR,ERR,ERR,ERR,ERR,ERR,ERR,ERR,ERR,ERR,ERR,ERR,ERR,ERR,ERR,ERR,ERR,ERR,ERR,ERR,ERR,ERR,ERR,ERR,ERR,ERR,ERR,ERR,ERR,ERR,ERR,ERR,ERR,ERR,ERR,ERR,ERR,ERR,ERR,ERR,ERR,ERR,ERR,ERR,ERR,ERR,ERR,ERR,ERR,0.0,-107615352.0,-0.0,0.0,0.0,1.3936040501711995e+18,7.805,0.0,0,0,4,0,7116,0.0,100,0.0,0.0,0.0,0.0,0.0,0,0,0,0,0.0,0,0,0,0,0,0,0,0,0,0,0,0,0,0,0,0,0,0,0,0,0,0,0,0,0,0,0,0,0,0,0,0,0,31,40,40,71,65476,0,300,0,0,8,21553,0.0,-107605600.0,0.0,0.0,0.0,0.0,0.0,0.0,0.0,0.0,0.0,0.0,0.0,0.0,0.0,0.0,0.0,0.0,0.0,0.0,0.0,0.0,0.0,-2.004,2.004,-2.004,0.0,0.0,0.0,0.0,4513.0,2.004,6921.0,0.0,-107615352.0,0.0,-0.0,0.0,0.0,0.0,0.0,69,-0.0,-152016944889856.0,0.0,0.0,0.0,0.0,0.0,0.0,0.0,0,0,0,0.0,0.0,0.0,0.0,0.0,0.0,0.0,0.0,0.0,0.0,0.0,0.0,0.0,0.0,0.0,0.0,0,-107875648.0,69,0.0,138,0.0,0.0,0,13107,17085,0,17098,26215,17078,0,0,0,70,68,100,0.0,82.1,0.0,77.7,2.730238639235042e+23,78.5,1,49,50,180,26215,52429,0,0,0.0,0.0,0.0,0.0,-0.0,67.0,0.0,162057.094,0.0,967,0,989,0,0,0,946,0,1010,0,913,0,787,0,777,0,821,0,7520,0.032,1.5780613094306218e+19,0.0,0.0,784,16797,-0.0,162057.094,-114818.039,-0.0,0.133,6.909358625270745e+28,30.0,70.0,35,0.0,0.0,0.0,0.0,0.0,0.0,0.0,0.0,0.0,0.0,0.0,0.0,0.0,0.0,0.0,0.0,66.4,0,150,71,51,65476,0,300,0,0,8,20529,65476,0,0,44564,70.0,0.0,0.0,0.0,0.0,0.0
2026-09-10T21:54:23,ERR,ERR,ERR,ERR,ERR,ERR,ERR,ERR,ERR,ERR,ERR,ERR,ERR,ERR,ERR,ERR,ERR,ERR,ERR,ERR,ERR,ERR,ERR,ERR,ERR,ERR,ERR,ERR,ERR,ERR,ERR,ERR,ERR,ERR,ERR,ERR,ERR,ERR,ERR,ERR,ERR,ERR,ERR,ERR,ERR,ERR,ERR,ERR,ERR,ERR,ERR,ERR,ERR,ERR,ERR,ERR,ERR,ERR,ERR,ERR,ERR,ERR,ERR,ERR,ERR,ERR,ERR,ERR,ERR,ERR,ERR,ERR,ERR,ERR,ERR,ERR,ERR,ERR,ERR,ERR,ERR,ERR,ERR,ERR,ERR,ERR,ERR,ERR,ERR,ERR,ERR,ERR,ERR,ERR,ERR,ERR,ERR,ERR,ERR,ERR,ERR,ERR,ERR,ERR,ERR,ERR,ERR,ERR,ERR,ERR,ERR,ERR,ERR,ERR,ERR,ERR,ERR,ERR,ERR,ERR,ERR,ERR,ERR,ERR,ERR,0.0,-107615352.0,-0.0,0.0,0.0,1.3936040501711995e+18,7.805,0.0,0,0,4,0,7116,0.0,100,0.0,0.0,0.0,0.0,0.0,0,0,0,0,0.0,0,0,0,0,0,0,0,0,0,0,0,0,0,0,0,0,0,0,0,0,0,0,0,0,0,0,0,0,0,0,0,0,0,31,40,40,71,65476,0,300,0,0,8,21553,0.0,-107605600.0,0.0,0.0,0.0,0.0,0.0,0.0,0.0,0.0,0.0,0.0,0.0,0.0,0.0,0.0,0.0,0.0,0.0,0.0,0.0,0.0,0.0,-2.004,2.004,-2.004,0.0,0.0,0.0,0.0,4513.0,2.004,6921.0,0.0,-107615352.0,0.0,-0.0,0.0,0.0,0.0,0.0,69,-0.0,-152016944889856.0,0.0,0.0,0.0,0.0,0.0,0.0,0.0,0,0,0,0.0,0.0,0.0,0.0,0.0,0.0,0.0,0.0,0.0,0.0,0.0,0.0,0.0,0.0,0.0,0.0,0,-107875648.0,69,0.0,138,0.0,0.0,0,13107,17085,0,17098,26215,17078,0,0,0,70,68,100,0.0,82.1,0.0,77.7,2.730238639235042e+23,78.5,1,49,50,180,26215,52429,0,0,0.0,0.0,0.0,0.0,-0.0,67.0,0.0,162057.094,0.0,967,0,989,0,0,0,946,0,1010,0,913,0,787,0,777,0,821,0,7520,0.032,1.5780613094306218e+19,0.0,0.0,784,16797,-0.0,162057.094,-114818.039,-0.0,0.133,6.909358625270745e+28,30.0,70.0,35,0.0,0.0,0.0,0.0,0.0,0.0,0.0,0.0,0.0,0.0,0.0,0.0,0.0,0.0,0.0,0.0,66.8,0,150,71,51,65476,0,300,0,0,8,20529,65476,0,0,44564,70.0,0.0,0.0,0.0,0.0,0.0
2026-09-10T21:54:24,ERR,ERR,ERR,ERR,ERR,ERR,ERR,ERR,ERR,ERR,ERR,ERR,ERR,ERR,ERR,ERR,ERR,ERR,ERR,ERR,ERR,ERR,ERR,ERR,ERR,ERR,ERR,ERR,ERR,ERR,ERR,ERR,ERR,ERR,ERR,ERR,ERR,ERR,ERR,ERR,ERR,ERR,ERR,ERR,ERR,ERR,ERR,ERR,ERR,ERR,ERR,ERR,ERR,ERR,ERR,ERR,ERR,ERR,ERR,ERR,ERR,ERR,ERR,ERR,ERR,ERR,ERR,ERR,ERR,ERR,ERR,ERR,ERR,ERR,ERR,ERR,ERR,ERR,ERR,ERR,ERR,ERR,ERR,ERR,ERR,ERR,ERR,ERR,ERR,ERR,ERR,ERR,ERR,ERR,ERR,ERR,ERR,ERR,ERR,ERR,ERR,ERR,ERR,ERR,ERR,ERR,ERR,ERR,ERR,ERR,ERR,ERR,ERR,ERR,ERR,ERR,ERR,ERR,ERR,ERR,ERR,ERR,ERR,ERR,ERR,0.0,-107615352.0,-0.0,0.0,0.0,1.3936040501711995e+18,7.805,0.0,0,0,4,0,7116,0.0,100,0.0,0.0,0.0,0.0,0.0,0,0,0,0,0.0,0,0,0,0,0,0,0,0,0,0,0,0,0,0,0,0,0,0,0,0,0,0,0,0,0,0,0,0,0,0,0,0,0,31,40,40,71,65476,0,300,0,0,8,21553,0.0,-107605600.0,0.0,0.0,0.0,0.0,0.0,0.0,0.0,0.0,0.0,0.0,0.0,0.0,0.0,0.0,0.0,0.0,0.0,0.0,0.0,0.0,0.0,-2.004,2.004,-2.004,0.0,0.0,0.0,0.0,4513.0,2.004,6921.0,0.0,-107615352.0,0.0,-0.0,0.0,0.0,0.0,0.0,69,-0.0,-152016944889856.0,0.0,0.0,0.0,0.0,0.0,0.0,0.0,0,0,0,0.0,0.0,0.0,0.0,0.0,0.0,0.0,0.0,0.0,0.0,0.0,0.0,0.0,0.0,0.0,0.0,0,-107875648.0,69,0.0,138,0.0,0.0,0,13107,17085,0,17098,26215,17078,0,0,0,70,68,100,0.0,82.1,0.0,77.7,2.730238639235042e+23,78.5,1,49,50,180,26215,52429,0,0,0.0,0.0,0.0,0.0,-0.0,67.0,0.0,162057.094,0.0,967,0,989,0,0,0,946,0,1010,0,912,0,787,0,776,0,821,0,7520,0.032,1.5924728282382074e+19,0.0,0.0,784,16797,-0.0,162057.094,-114818.039,-0.0,0.133,6.909358625270745e+28,30.0,70.0,35,0.0,0.0,0.0,0.0,0.0,0.0,0.0,0.0,0.0,0.0,0.0,0.0,0.0,0.0,0.0,0.0,66.8,0,150,71,51,65476,0,300,0,0,8,20529,65476,0,0,44564,70.0,0.0,0.0,0.0,0.0,0.0
2026-09-10T21:54:25,ERR,ERR,ERR,ERR,ERR,ERR,ERR,ERR,ERR,ERR,ERR,ERR,ERR,ERR,ERR,ERR,ERR,ERR,ERR,ERR,ERR,ERR,ERR,ERR,ERR,ERR,ERR,ERR,ERR,ERR,ERR,ERR,ERR,ERR,ERR,ERR,ERR,ERR,ERR,ERR,ERR,ERR,ERR,ERR,ERR,ERR,ERR,ERR,ERR,ERR,ERR,ERR,ERR,ERR,ERR,ERR,ERR,ERR,ERR,ERR,ERR,ERR,ERR,ERR,ERR,ERR,ERR,ERR,ERR,ERR,ERR,ERR,ERR,ERR,ERR,ERR,ERR,ERR,ERR,ERR,ERR,ERR,ERR,ERR,ERR,ERR,ERR,ERR,ERR,ERR,ERR,ERR,ERR,ERR,ERR,ERR,ERR,ERR,ERR,ERR,ERR,ERR,ERR,ERR,ERR,ERR,ERR,ERR,ERR,ERR,ERR,ERR,ERR,ERR,ERR,ERR,ERR,ERR,ERR,ERR,ERR,ERR,ERR,ERR,ERR,0.0,-107615352.0,-0.0,0.0,0.0,1.3936040501711995e+18,7.805,0.0,0,0,4,0,7116,0.0,100,0.0,0.0,0.0,0.0,0.0,0,0,0,0,0.0,0,0,0,0,0,0,0,0,0,0,0,0,0,0,0,0,0,0,0,0,0,0,0,0,0,0,0,0,0,0,0,0,0,31,40,40,71,65476,0,300,0,0,8,21553,0.0,-107605600.0,0.0,0.0,0.0,0.0,0.0,0.0,0.0,0.0,0.0,0.0,0.0,0.0,0.0,0.0,0.0,0.0,0.0,0.0,0.0,0.0,0.0,-2.004,2.004,-2.004,0.0,0.0,0.0,0.0,4513.0,2.004,6921.0,0.0,-107615352.0,0.0,-0.0,0.0,0.0,0.0,0.0,69,-0.0,-152016944889856.0,0.0,0.0,0.0,0.0,0.0,0.0,0.0,0,0,0,0.0,0.0,0.0,0.0,0.0,0.0,0.0,0.0,0.0,0.0,0.0,0.0,0.0,0.0,0.0,0.0,0,-107875648.0,69,0.0,138,0.0,0.0,0,13107,17085,0,17098,26215,17078,0,0,0,70,68,100,0.0,82.1,0.0,77.7,2.730238639235042e+23,78.5,1,49,50,180,26215,52429,0,0,0.0,0.0,0.0,0.0,-0.0,67.0,0.0,162057.094,0.0,967,0,989,0,0,0,946,0,1010,0,912,0,787,0,776,0,821,0,7520,0.032,1.5924728282382074e+19,0.0,0.0,784,16797,-0.0,162057.094,-114818.039,-0.0,0.133,6.909358625270745e+28,30.0,70.0,35,0.0,0.0,0.0,0.0,0.0,0.0,0.0,0.0,0.0,0.0,0.0,0.0,0.0,0.0,0.0,0.0,66.8,0,150,71,51,65476,0,300,0,0,8,20529,65476,0,0,44564,70.0,0.0,0.0,0.0,0.0,0.0
2026-09-10T21:54:26,ERR,ERR,ERR,ERR,ERR,ERR,ERR,ERR,ERR,ERR,ERR,ERR,ERR,ERR,ERR,ERR,ERR,ERR,ERR,ERR,ERR,ERR,ERR,ERR,ERR,ERR,ERR,ERR,ERR,ERR,ERR,ERR,ERR,ERR,ERR,ERR,ERR,ERR,ERR,ERR,ERR,ERR,ERR,ERR,ERR,ERR,ERR,ERR,ERR,ERR,ERR,ERR,ERR,ERR,ERR,ERR,ERR,ERR,ERR,ERR,ERR,ERR,ERR,ERR,ERR,ERR,ERR,ERR,ERR,ERR,ERR,ERR,ERR,ERR,ERR,ERR,ERR,ERR,ERR,ERR,ERR,ERR,ERR,ERR,ERR,ERR,ERR,ERR,ERR,ERR,ERR,ERR,ERR,ERR,ERR,ERR,ERR,ERR,ERR,ERR,ERR,ERR,ERR,ERR,ERR,ERR,ERR,ERR,ERR,ERR,ERR,ERR,ERR,ERR,ERR,ERR,ERR,ERR,ERR,ERR,ERR,ERR,ERR,ERR,ERR,0.0,-107615352.0,-0.0,0.0,0.0,1.3936040501711995e+18,7.805,0.0,0,0,4,0,7116,0.0,100,0.0,0.0,0.0,0.0,0.0,0,0,0,0,0.0,0,0,0,0,0,0,0,0,0,0,0,0,0,0,0,0,0,0,0,0,0,0,0,0,0,0,0,0,0,0,0,0,0,31,40,40,71,65476,0,300,0,0,8,21553,0.0,-107605600.0,0.0,0.0,0.0,0.0,0.0,0.0,0.0,0.0,0.0,0.0,0.0,0.0,0.0,0.0,0.0,0.0,0.0,0.0,0.0,0.0,0.0,-2.004,2.004,-2.004,0.0,0.0,0.0,0.0,4513.0,2.004,6921.0,0.0,-107615352.0,0.0,-0.0,0.0,0.0,0.0,0.0,69,-0.0,-152016944889856.0,0.0,0.0,0.0,0.0,0.0,0.0,0.0,0,0,0,0.0,0.0,0.0,0.0,0.0,0.0,0.0,0.0,0.0,0.0,0.0,0.0,0.0,0.0,0.0,0.0,0,-107875648.0,69,0.0,138,0.0,0.0,0,13107,17085,0,17098,26215,17078,0,0,0,70,68,100,0.0,82.1,0.0,77.7,2.730238639235042e+23,78.5,1,49,50,180,26215,52429,0,0,0.0,0.0,0.0,0.0,-0.0,67.0,0.0,162057.094,0.0,967,0,989,0,0,0,946,0,1010,0,912,0,787,0,776,0,821,0,7520,0.032,1.5924728282382074e+19,0.0,0.0,784,16797,-0.0,162057.094,-114818.039,-0.0,0.133,6.909358625270745e+28,30.0,70.0,35,0.0,0.0,0.0,0.0,0.0,0.0,0.0,0.0,0.0,0.0,0.0,0.0,0.0,0.0,0.0,0.0,66.4,0,150,71,51,65476,0,300,0,0,8,20529,65476,0,0,44564,70.0,0.0,0.0,0.0,0.0,0.0
2026-09-10T21:54:27,ERR,ERR,ERR,ERR,ERR,ERR,ERR,ERR,ERR,ERR,ERR,ERR,ERR,ERR,ERR,ERR,ERR,ERR,ERR,ERR,ERR,ERR,ERR,ERR,ERR,ERR,ERR,ERR,ERR,ERR,ERR,ERR,ERR,ERR,ERR,ERR,ERR,ERR,ERR,ERR,ERR,ERR,ERR,ERR,ERR,ERR,ERR,ERR,ERR,ERR,ERR,ERR,ERR,ERR,ERR,ERR,ERR,ERR,ERR,ERR,ERR,ERR,ERR,ERR,ERR,ERR,ERR,ERR,ERR,ERR,ERR,ERR,ERR,ERR,ERR,ERR,ERR,ERR,ERR,ERR,ERR,ERR,ERR,ERR,ERR,ERR,ERR,ERR,ERR,ERR,ERR,ERR,ERR,ERR,ERR,ERR,ERR,ERR,ERR,ERR,ERR,ERR,ERR,ERR,ERR,ERR,ERR,ERR,ERR,ERR,ERR,ERR,ERR,ERR,ERR,ERR,ERR,ERR,ERR,ERR,ERR,ERR,ERR,ERR,ERR,0.0,-107615352.0,-0.0,0.0,0.0,1.3936040501711995e+18,7.805,0.0,0,0,4,0,7116,0.0,100,0.0,0.0,0.0,0.0,0.0,0,0,0,0,0.0,0,0,0,0,0,0,0,0,0,0,0,0,0,0,0,0,0,0,0,0,0,0,0,0,0,0,0,0,0,0,0,0,0,31,40,40,71,65476,0,300,0,0,8,21553,0.0,-107605600.0,0.0,0.0,0.0,0.0,0.0,0.0,0.0,0.0,0.0,0.0,0.0,0.0,0.0,0.0,0.0,0.0,0.0,0.0,0.0,0.0,0.0,-2.004,2.004,-2.004,0.0,0.0,0.0,0.0,4513.0,2.004,6921.0,0.0,-107615352.0,0.0,-0.0,0.0,0.0,0.0,0.0,69,-0.0,-152016944889856.0,0.0,0.0,0.0,0.0,0.0,0.0,0.0,0,0,0,0.0,0.0,0.0,0.0,0.0,0.0,0.0,0.0,0.0,0.0,0.0,0.0,0.0,0.0,0.0,0.0,0,-107875648.0,69,0.0,138,0.0,0.0,0,13107,17085,0,17098,26215,17078,0,0,0,70,68,100,0.0,82.1,0.0,77.7,2.730238639235042e+23,78.5,1,49,50,180,26215,52429,0,0,0.0,0.0,0.0,0.0,-0.0,67.0,0.0,162057.094,0.0,967,0,989,0,0,0,946,0,1010,0,912,0,787,0,776,0,821,0,7520,0.032,1.5924728282382074e+19,0.0,0.0,784,16797,-0.0,162057.094,-114818.039,-0.0,0.133,6.909358625270745e+28,30.0,70.0,35,0.0,0.0,0.0,0.0,0.0,0.0,0.0,0.0,0.0,0.0,0.0,0.0,0.0,0.0,0.0,0.0,66.4,0,150,71,51,65476,0,300,0,0,8,20529,65476,0,0,44564,70.0,0.0,0.0,0.0,0.0,0.0
2026-09-10T21:54:28,ERR,ERR,ERR,ERR,ERR,ERR,ERR,ERR,ERR,ERR,ERR,ERR,ERR,ERR,ERR,ERR,ERR,ERR,ERR,ERR,ERR,ERR,ERR,ERR,ERR,ERR,ERR,ERR,ERR,ERR,ERR,ERR,ERR,ERR,ERR,ERR,ERR,ERR,ERR,ERR,ERR,ERR,ERR,ERR,ERR,ERR,ERR,ERR,ERR,ERR,ERR,ERR,ERR,ERR,ERR,ERR,ERR,ERR,ERR,ERR,ERR,ERR,ERR,ERR,ERR,ERR,ERR,ERR,ERR,ERR,ERR,ERR,ERR,ERR,ERR,ERR,ERR,ERR,ERR,ERR,ERR,ERR,ERR,ERR,ERR,ERR,ERR,ERR,ERR,ERR,ERR,ERR,ERR,ERR,ERR,ERR,ERR,ERR,ERR,ERR,ERR,ERR,ERR,ERR,ERR,ERR,ERR,ERR,ERR,ERR,ERR,ERR,ERR,ERR,ERR,ERR,ERR,ERR,ERR,ERR,ERR,ERR,ERR,ERR,ERR,0.0,-107615352.0,-0.0,0.0,0.0,1.3936040501711995e+18,7.805,0.0,0,0,4,0,7116,0.0,100,0.0,0.0,0.0,0.0,0.0,0,0,0,0,0.0,0,0,0,0,0,0,0,0,0,0,0,0,0,0,0,0,0,0,0,0,0,0,0,0,0,0,0,0,0,0,0,0,0,31,40,40,71,65476,0,300,0,0,8,21553,0.0,-107605600.0,0.0,0.0,0.0,0.0,0.0,0.0,0.0,0.0,0.0,0.0,0.0,0.0,0.0,0.0,0.0,0.0,0.0,0.0,0.0,0.0,-2.004,-2.004,2.004,0.0,0.0,0.0,0.0,0.0,4513.0,8608166912.0,6922.0,0.0,-107615352.0,0.0,-0.0,0.0,0.0,0.0,0.0,69,-0.0,-2.3088245329045016e+20,0.0,0.0,0.0,0.0,0.0,0.0,0.0,0,0,0,0.0,0.0,0.0,0.0,0.0,0.0,0.0,0.0,0.0,0.0,0.0,0.0,0.0,0.0,0.0,0.0,0,-107875648.0,69,0.0,138,0.0,0.0,0,13107,17085,0,17098,26215,17078,0,0,0,70,68,100,0.0,82.1,0.0,77.7,2.730238639235042e+23,78.5,1,49,50,180,26215,52429,0,0,0.0,0.0,0.0,0.0,-0.0,67.0,0.0,162057.094,0.0,967,0,989,0,0,0,946,0,1010,0,912,0,787,0,776,0,821,0,7520,0.032,1.5924728282382074e+19,0.0,0.0,784,16797,-0.0,162057.094,-114818.039,-0.0,0.133,6.909358625270745e+28,30.0,70.0,35,0.0,0.0,0.0,0.0,0.0,0.0,0.0,0.0,0.0,0.0,0.0,0.0,0.0,0.0,0.0,0.0,66.4,0,150,71,51,65476,0,300,0,0,8,20529,65476,0,0,44564,70.0,0.0,0.0,0.0,0.0,0.0
2026-09-10T21:54:29,ERR,ERR,ERR,ERR,ERR,ERR,ERR,ERR,ERR,ERR,ERR,ERR,ERR,ERR,ERR,ERR,ERR,ERR,ERR,ERR,ERR,ERR,ERR,ERR,ERR,ERR,ERR,ERR,ERR,ERR,ERR,ERR,ERR,ERR,ERR,ERR,ERR,ERR,ERR,ERR,ERR,ERR,ERR,ERR,ERR,ERR,ERR,ERR,ERR,ERR,ERR,ERR,ERR,ERR,ERR,ERR,ERR,ERR,ERR,ERR,ERR,ERR,ERR,ERR,ERR,ERR,ERR,ERR,ERR,ERR,ERR,ERR,ERR,ERR,ERR,ERR,ERR,ERR,ERR,ERR,ERR,ERR,ERR,ERR,ERR,ERR,ERR,ERR,ERR,ERR,ERR,ERR,ERR,ERR,ERR,ERR,ERR,ERR,ERR,ERR,ERR,ERR,ERR,ERR,ERR,ERR,ERR,ERR,ERR,ERR,ERR,ERR,ERR,ERR,ERR,ERR,ERR,ERR,ERR,ERR,ERR,ERR,ERR,ERR,ERR,0.0,-107615352.0,-0.0,0.0,0.0,1.3936040501711995e+18,7.805,0.0,0,0,4,0,7116,0.0,100,0.0,0.0,0.0,0.0,0.0,0,0,0,0,0.0,0,0,0,0,0,0,0,0,0,0,0,0,0,0,0,0,0,0,0,0,0,0,0,0,0,0,0,0,0,0,0,0,0,31,40,40,71,65476,0,300,0,0,8,21553,0.0,-107605600.0,0.0,0.0,0.0,0.0,0.0,0.0,0.0,0.0,0.0,0.0,0.0,0.0,0.0,0.0,0.0,0.0,0.0,0.0,0.0,0.0,-2.004,-2.004,2.004,0.0,0.0,0.0,0.0,0.0,4513.0,8608166912.0,6922.0,0.0,-107615352.0,0.0,-0.0,0.0,0.0,0.0,0.0,69,-0.0,-2.3088245329045016e+20,0.0,0.0,0.0,0.0,0.0,0.0,0.0,0,0,0,0.0,0.0,0.0,0.0,0.0,0.0,0.0,0.0,0.0,0.0,0.0,0.0,0.0,0.0,0.0,0.0,0,-107875648.0,69,0.0,138,0.0,0.0,0,13107,17085,0,17098,26215,17078,0,0,0,70,68,100,0.0,82.1,0.0,77.7,2.730238639235042e+23,78.5,1,49,50,180,26215,52429,0,0,0.0,0.0,0.0,0.0,-0.0,67.0,0.0,162057.094,0.0,967,0,989,0,0,0,946,0,1010,0,912,0,787,0,776,0,821,0,7520,0.032,1.5924728282382074e+19,0.0,0.0,784,16797,-0.0,162057.094,-114818.039,-0.0,0.133,6.909358625270745e+28,30.0,70.0,35,0.0,0.0,0.0,0.0,0.0,0.0,0.0,0.0,0.0,0.0,0.0,0.0,0.0,0.0,0.0,0.0,66.4,0,150,71,51,65476,0,300,0,0,8,20529,65476,0,0,44564,70.0,0.0,0.0,0.0,0.0,0.0
2026-09-10T21:54:30,ERR,ERR,ERR,ERR,ERR,ERR,ERR,ERR,ERR,ERR,ERR,ERR,ERR,ERR,ERR,ERR,ERR,ERR,ERR,ERR,ERR,ERR,ERR,ERR,ERR,ERR,ERR,ERR,ERR,ERR,ERR,ERR,ERR,ERR,ERR,ERR,ERR,ERR,ERR,ERR,ERR,ERR,ERR,ERR,ERR,ERR,ERR,ERR,ERR,ERR,ERR,ERR,ERR,ERR,ERR,ERR,ERR,ERR,ERR,ERR,ERR,ERR,ERR,ERR,ERR,ERR,ERR,ERR,ERR,ERR,ERR,ERR,ERR,ERR,ERR,ERR,ERR,ERR,ERR,ERR,ERR,ERR,ERR,ERR,ERR,ERR,ERR,ERR,ERR,ERR,ERR,ERR,ERR,ERR,ERR,ERR,ERR,ERR,ERR,ERR,ERR,ERR,ERR,ERR,ERR,ERR,ERR,ERR,ERR,ERR,ERR,ERR,ERR,ERR,ERR,ERR,ERR,ERR,ERR,ERR,ERR,ERR,ERR,ERR,ERR,0.0,-107615352.0,-0.0,0.0,0.0,1.3936040501711995e+18,7.805,0.0,0,0,4,0,7116,0.0,100,0.0,0.0,0.0,0.0,0.0,0,0,0,0,0.0,0,0,0,0,0,0,0,0,0,0,0,0,0,0,0,0,0,0,0,0,0,0,0,0,0,0,0,0,0,0,0,0,0,31,40,40,71,65476,0,300,0,0,8,21553,0.0,-107605600.0,0.0,0.0,0.0,0.0,0.0,0.0,0.0,0.0,0.0,0.0,0.0,0.0,0.0,0.0,0.0,0.0,0.0,0.0,0.0,0.0,-2.004,-2.004,2.004,0.0,0.0,0.0,0.0,0.0,4513.0,8608166912.0,6922.0,0.0,-107615352.0,0.0,-0.0,0.0,0.0,0.0,0.0,69,-0.0,-2.3088245329045016e+20,0.0,0.0,0.0,0.0,0.0,0.0,0.0,0,0,0,0.0,0.0,0.0,0.0,0.0,0.0,0.0,0.0,0.0,0.0,0.0,0.0,0.0,0.0,0.0,0.0,0,-107875648.0,69,0.0,138,0.0,0.0,0,13107,17085,0,17098,26215,17078,0,0,0,70,68,100,0.0,82.1,0.0,77.7,2.730238639235042e+23,78.5,1,49,50,180,26215,39322,0,0,0.0,0.0,0.0,0.0,-0.0,67.0,0.0,162057.094,0.0,967,0,989,0,0,0,946,0,1010,0,911,0,787,0,776,0,821,0,7520,0.032,1.5780613094306218e+19,0.0,0.0,784,16797,-0.0,162057.094,-114818.039,-0.0,0.133,6.909358625270745e+28,30.0,70.0,35,0.0,0.0,0.0,0.0,0.0,0.0,0.0,0.0,0.0,0.0,0.0,0.0,0.0,0.0,0.0,0.0,66.4,0,150,71,51,65476,0,300,0,0,8,20529,65476,0,0,44564,70.0,0.0,0.0,0.0,0.0,0.0
2026-09-10T21:54:31,ERR,ERR,ERR,ERR,ERR,ERR,ERR,ERR,ERR,ERR,ERR,ERR,ERR,ERR,ERR,ERR,ERR,ERR,ERR,ERR,ERR,ERR,ERR,ERR,ERR,ERR,ERR,ERR,ERR,ERR,ERR,ERR,ERR,ERR,ERR,ERR,ERR,ERR,ERR,ERR,ERR,ERR,ERR,ERR,ERR,ERR,ERR,ERR,ERR,ERR,ERR,ERR,ERR,ERR,ERR,ERR,ERR,ERR,ERR,ERR,ERR,ERR,ERR,ERR,ERR,ERR,ERR,ERR,ERR,ERR,ERR,ERR,ERR,ERR,ERR,ERR,ERR,ERR,ERR,ERR,ERR,ERR,ERR,ERR,ERR,ERR,ERR,ERR,ERR,ERR,ERR,ERR,ERR,ERR,ERR,ERR,ERR,ERR,ERR,ERR,ERR,ERR,ERR,ERR,ERR,ERR,ERR,ERR,ERR,ERR,ERR,ERR,ERR,ERR,ERR,ERR,ERR,ERR,ERR,ERR,ERR,ERR,ERR,ERR,ERR,0.0,-107615352.0,-0.0,0.0,0.0,1.3936040501711995e+18,7.805,0.0,0,0,4,0,7116,0.0,100,0.0,0.0,0.0,0.0,0.0,0,0,0,0,0.0,0,0,0,0,0,0,0,0,0,0,0,0,0,0,0,0,0,0,0,0,0,0,0,0,0,0,0,0,0,0,0,0,0,31,40,40,71,65476,0,300,0,0,8,21553,0.0,-107605600.0,0.0,0.0,0.0,0.0,0.0,0.0,0.0,0.0,0.0,0.0,0.0,0.0,0.0,0.0,0.0,0.0,0.0,0.0,0.0,0.0,-2.004,-2.004,2.004,0.0,0.0,0.0,0.0,0.0,4513.0,8608166912.0,6922.0,0.0,-107615352.0,0.0,-0.0,0.0,0.0,0.0,0.0,69,-0.0,-2.3088245329045016e+20,0.0,0.0,0.0,0.0,0.0,0.0,0.0,0,0,0,0.0,0.0,0.0,0.0,0.0,0.0,0.0,0.0,0.0,0.0,0.0,0.0,0.0,0.0,0.0,0.0,0,-107875648.0,69,0.0,138,0.0,0.0,0,13107,17085,0,17098,26215,17078,0,0,0,70,68,100,0.0,82.1,0.0,77.7,2.730238639235042e+23,78.5,1,49,50,180,26215,39322,0,0,0.0,0.0,0.0,0.0,-0.0,67.0,0.0,162057.094,0.0,967,0,989,0,0,0,946,0,1010,0,911,0,787,0,776,0,821,0,7520,0.032,1.5780613094306218e+19,0.0,0.0,784,16797,-0.0,162057.094,-114818.039,-0.0,0.133,6.909358625270745e+28,30.0,70.0,35,0.0,0.0,0.0,0.0,0.0,0.0,0.0,0.0,0.0,0.0,0.0,0.0,0.0,0.0,0.0,0.0,66.4,0,150,71,51,65476,0,300,0,0,8,20529,65476,0,0,44564,70.0,0.0,0.0,0.0,0.0,0.0
2026-09-10T21:54:32,ERR,ERR,ERR,ERR,ERR,ERR,ERR,ERR,ERR,ERR,ERR,ERR,ERR,ERR,ERR,ERR,ERR,ERR,ERR,ERR,ERR,ERR,ERR,ERR,ERR,ERR,ERR,ERR,ERR,ERR,ERR,ERR,ERR,ERR,ERR,ERR,ERR,ERR,ERR,ERR,ERR,ERR,ERR,ERR,ERR,ERR,ERR,ERR,ERR,ERR,ERR,ERR,ERR,ERR,ERR,ERR,ERR,ERR,ERR,ERR,ERR,ERR,ERR,ERR,ERR,ERR,ERR,ERR,ERR,ERR,ERR,ERR,ERR,ERR,ERR,ERR,ERR,ERR,ERR,ERR,ERR,ERR,ERR,ERR,ERR,ERR,ERR,ERR,ERR,ERR,ERR,ERR,ERR,ERR,ERR,ERR,ERR,ERR,ERR,ERR,ERR,ERR,ERR,ERR,ERR,ERR,ERR,ERR,ERR,ERR,ERR,ERR,ERR,ERR,ERR,ERR,ERR,ERR,ERR,ERR,ERR,ERR,ERR,ERR,ERR,0.0,-107615352.0,-0.0,0.0,0.0,1.3936040501711995e+18,7.805,0.0,0,0,4,0,7116,0.0,100,0.0,0.0,0.0,0.0,0.0,0,0,0,0,0.0,0,0,0,0,0,0,0,0,0,0,0,0,0,0,0,0,0,0,0,0,0,0,0,0,0,0,0,0,0,0,0,0,0,31,40,40,71,65476,0,300,0,0,8,21553,0.0,-107605600.0,0.0,0.0,0.0,0.0,0.0,0.0,0.0,0.0,0.0,0.0,0.0,0.0,0.0,0.0,0.0,0.0,0.0,0.0,0.0,0.0,-2.004,-2.004,2.004,0.0,0.0,0.0,0.0,0.0,4513.0,8608166912.0,6922.0,0.0,-107615352.0,0.0,-0.0,0.0,0.0,0.0,0.0,69,-0.0,-2.3088245329045016e+20,0.0,0.0,0.0,0.0,0.0,0.0,0.0,0,0,0,0.0,0.0,0.0,0.0,0.0,0.0,0.0,0.0,0.0,0.0,0.0,0.0,0.0,0.0,0.0,0.0,0,-107875648.0,69,0.0,138,0.0,0.0,0,13107,17085,0,17098,26215,17078,0,0,0,70,68,100,0.0,82.1,0.0,77.7,2.730238639235042e+23,78.5,1,49,50,180,26215,39322,0,0,0.0,0.0,0.0,0.0,-0.0,67.0,0.0,162057.094,0.0,967,0,989,0,0,0,946,0,1010,0,911,0,787,0,776,0,821,0,7520,0.032,1.5780613094306218e+19,0.0,0.0,784,16797,-0.0,162057.094,-114818.039,-0.0,0.133,6.909358625270745e+28,30.0,70.0,35,0.0,0.0,0.0,0.0,0.0,0.0,0.0,0.0,0.0,0.0,0.0,0.0,0.0,0.0,0.0,0.0,66.4,0,150,71,51,65476,0,300,0,0,8,20529,65476,0,0,44564,70.0,0.0,0.0,0.0,0.0,0.0
2026-09-10T21:54:33,ERR,ERR,ERR,ERR,ERR,ERR,ERR,ERR,ERR,ERR,ERR,ERR,ERR,ERR,ERR,ERR,ERR,ERR,ERR,ERR,ERR,ERR,ERR,ERR,ERR,ERR,ERR,ERR,ERR,ERR,ERR,ERR,ERR,ERR,ERR,ERR,ERR,ERR,ERR,ERR,ERR,ERR,ERR,ERR,ERR,ERR,ERR,ERR,ERR,ERR,ERR,ERR,ERR,ERR,ERR,ERR,ERR,ERR,ERR,ERR,ERR,ERR,ERR,ERR,ERR,ERR,ERR,ERR,ERR,ERR,ERR,ERR,ERR,ERR,ERR,ERR,ERR,ERR,ERR,ERR,ERR,ERR,ERR,ERR,ERR,ERR,ERR,ERR,ERR,ERR,ERR,ERR,ERR,ERR,ERR,ERR,ERR,ERR,ERR,ERR,ERR,ERR,ERR,ERR,ERR,ERR,ERR,ERR,ERR,ERR,ERR,ERR,ERR,ERR,ERR,ERR,ERR,ERR,ERR,ERR,ERR,ERR,ERR,ERR,ERR,0.0,-107615352.0,-0.0,0.0,0.0,1.3936040501711995e+18,7.805,0.0,0,0,4,0,7116,0.0,100,0.0,0.0,0.0,0.0,0.0,0,0,0,0,0.0,0,0,0,0,0,0,0,0,0,0,0,0,0,0,0,0,0,0,0,0,0,0,0,0,0,0,0,0,0,0,0,0,0,31,40,40,71,65476,0,300,0,0,8,21553,0.0,-107605600.0,0.0,0.0,0.0,0.0,0.0,0.0,0.0,0.0,0.0,0.0,0.0,0.0,0.0,0.0,0.0,0.0,0.0,0.0,0.0,0.0,-2.004,-2.004,2.004,0.0,0.0,0.0,0.0,0.0,4513.0,8608166912.0,6922.0,0.0,-107615352.0,0.0,-0.0,0.0,0.0,0.0,0.0,69,-0.0,-2.3088245329045016e+20,0.0,0.0,0.0,0.0,0.0,0.0,0.0,0,0,0,0.0,0.0,0.0,0.0,0.0,0.0,0.0,0.0,0.0,0.0,0.0,0.0,0.0,0.0,0.0,0.0,0,-107875648.0,69,0.0,138,0.0,0.0,0,13107,17085,0,17098,26215,17078,0,0,0,70,68,100,0.0,82.1,0.0,77.7,2.730238639235042e+23,78.5,1,49,50,180,26215,39322,0,0,0.0,0.0,0.0,0.0,-0.0,67.0,0.0,162057.094,0.0,967,0,989,0,0,0,946,0,1010,0,911,0,787,0,776,0,821,0,7520,0.032,1.5780613094306218e+19,0.0,0.0,784,16797,-0.0,162057.094,-114818.039,-0.0,0.133,6.909358625270745e+28,30.0,70.0,35,0.0,0.0,0.0,0.0,0.0,0.0,0.0,0.0,0.0,0.0,0.0,0.0,0.0,0.0,0.0,0.0,66.4,0,150,71,51,65476,0,300,0,0,8,20529,65476,0,0,44564,70.0,0.0,0.0,0.0,0.0,0.0
2026-09-10T21:54:34,ERR,ERR,ERR,ERR,ERR,ERR,ERR,ERR,ERR,ERR,ERR,ERR,ERR,ERR,ERR,ERR,ERR,ERR,ERR,ERR,ERR,ERR,ERR,ERR,ERR,ERR,ERR,ERR,ERR,ERR,ERR,ERR,ERR,ERR,ERR,ERR,ERR,ERR,ERR,ERR,ERR,ERR,ERR,ERR,ERR,ERR,ERR,ERR,ERR,ERR,ERR,ERR,ERR,ERR,ERR,ERR,ERR,ERR,ERR,ERR,ERR,ERR,ERR,ERR,ERR,ERR,ERR,ERR,ERR,ERR,ERR,ERR,ERR,ERR,ERR,ERR,ERR,ERR,ERR,ERR,ERR,ERR,ERR,ERR,ERR,ERR,ERR,ERR,ERR,ERR,ERR,ERR,ERR,ERR,ERR,ERR,ERR,ERR,ERR,ERR,ERR,ERR,ERR,ERR,ERR,ERR,ERR,ERR,ERR,ERR,ERR,ERR,ERR,ERR,ERR,ERR,ERR,ERR,ERR,ERR,ERR,ERR,ERR,ERR,ERR,0.0,-107615352.0,0.0,0.0,0.0,1.3936040501711995e+18,7.805,0.0,0,0,4,0,7116,0.0,100,0.0,0.0,0.0,0.0,0.0,0,0,0,0,0.0,0,0,0,0,0,0,0,0,0,0,0,0,0,0,0,0,0,0,0,0,0,0,0,0,0,0,0,0,0,0,0,0,0,31,40,40,71,65476,0,300,0,0,8,21553,0.0,-107605600.0,0.0,0.0,0.0,0.0,0.0,0.0,0.0,0.0,0.0,0.0,0.0,0.0,0.0,0.0,0.0,0.0,0.0,0.0,0.0,0.0,0.0,-2.004,2.004,0.0,0.0,0.0,0.0,0.0,4542.0,8608166912.0,6922.0,0.0,-107615352.0,0.0,2.718429120148166e+23,0.0,0.0,0.0,0.0,69,-0.0,-2.3088245329045016e+20,0.0,0.0,0.0,0.0,0.0,0.0,0.0,0,0,0,0.0,0.0,0.0,0.0,0.0,0.0,0.0,0.0,0.0,0.0,0.0,0.0,0.0,0.0,0.0,0.0,0,-107875648.0,69,0.0,138,0.0,0.0,0,13107,17085,0,17098,13107,17078,0,0,0,70,68,100,0.0,82.1,0.0,77.7,2.730238639235042e+23,78.5,1,49,50,180,26215,39322,0,0,0.0,0.0,0.0,0.0,-0.0,67.0,0.0,162057.094,0.0,967,0,988,0,0,0,946,0,1010,0,911,0,787,0,776,0,821,0,7520,0.032,1.5924728282382074e+19,0.0,0.0,784,16797,-0.0,162057.094,-114818.039,-0.0,0.133,6.909358625270745e+28,30.0,70.0,35,0.0,0.0,0.0,0.0,0.0,0.0,0.0,0.0,0.0,0.0,0.0,0.0,0.0,0.0,0.0,0.0,66.4,0,150,71,51,65476,0,300,0,0,8,20529,65476,0,0,44564,70.0,0.0,0.0,0.0,0.0,0.0
2026-09-10T21:54:35,ERR,ERR,ERR,ERR,ERR,ERR,ERR,ERR,ERR,ERR,ERR,ERR,ERR,ERR,ERR,ERR,ERR,ERR,ERR,ERR,ERR,ERR,ERR,ERR,ERR,ERR,ERR,ERR,ERR,ERR,ERR,ERR,ERR,ERR,ERR,ERR,ERR,ERR,ERR,ERR,ERR,ERR,ERR,ERR,ERR,ERR,ERR,ERR,ERR,ERR,ERR,ERR,ERR,ERR,ERR,ERR,ERR,ERR,ERR,ERR,ERR,ERR,ERR,ERR,ERR,ERR,ERR,ERR,ERR,ERR,ERR,ERR,ERR,ERR,ERR,ERR,ERR,ERR,ERR,ERR,ERR,ERR,ERR,ERR,ERR,ERR,ERR,ERR,ERR,ERR,ERR,ERR,ERR,ERR,ERR,ERR,ERR,ERR,ERR,ERR,ERR,ERR,ERR,ERR,ERR,ERR,ERR,ERR,ERR,ERR,ERR,ERR,ERR,ERR,ERR,ERR,ERR,ERR,ERR,ERR,ERR,ERR,ERR,ERR,ERR,0.0,-107615352.0,0.0,0.0,0.0,1.3936040501711995e+18,7.805,0.0,0,0,4,0,7116,0.0,100,0.0,0.0,0.0,0.0,0.0,0,0,0,0,0.0,0,0,0,0,0,0,0,0,0,0,0,0,0,0,0,0,0,0,0,0,0,0,0,0,0,0,0,0,0,0,0,0,0,31,40,40,71,65476,0,300,0,0,8,21553,0.0,-107605600.0,0.0,0.0,0.0,0.0,0.0,0.0,0.0,0.0,0.0,0.0,0.0,0.0,0.0,0.0,0.0,0.0,0.0,0.0,0.0,0.0,0.0,-2.004,2.004,0.0,0.0,0.0,0.0,0.0,4542.0,8608166912.0,6922.0,0.0,-107615352.0,0.0,2.718429120148166e+23,0.0,0.0,0.0,0.0,69,-0.0,-2.3088245329045016e+20,0.0,0.0,0.0,0.0,0.0,0.0,0.0,0,0,0,0.0,0.0,0.0,0.0,0.0,0.0,0.0,0.0,0.0,0.0,0.0,0.0,0.0,0.0,0.0,0.0,0,-107875648.0,69,0.0,138,0.0,0.0,0,13107,17085,0,17098,13107,17078,0,0,0,70,68,100,0.0,82.1,0.0,77.7,2.730238639235042e+23,78.5,1,49,50,180,26215,39322,0,0,0.0,0.0,0.0,0.0,-0.0,67.0,0.0,162057.094,0.0,967,0,988,0,0,0,946,0,1010,0,911,0,787,0,776,0,821,0,7520,0.032,1.5924728282382074e+19,0.0,0.0,784,16797,-0.0,162057.094,-114818.039,-0.0,0.133,6.909358625270745e+28,30.0,70.0,35,0.0,0.0,0.0,0.0,0.0,0.0,0.0,0.0,0.0,0.0,0.0,0.0,0.0,0.0,0.0,0.0,66.8,0,150,71,51,65476,0,300,0,0,8,20529,65476,0,0,44564,70.0,0.0,0.0,0.0,0.0,0.0
2026-09-10T21:54:36,ERR,ERR,ERR,ERR,ERR,ERR,ERR,ERR,ERR,ERR,ERR,ERR,ERR,ERR,ERR,ERR,ERR,ERR,ERR,ERR,ERR,ERR,ERR,ERR,ERR,ERR,ERR,ERR,ERR,ERR,ERR,ERR,ERR,ERR,ERR,ERR,ERR,ERR,ERR,ERR,ERR,ERR,ERR,ERR,ERR,ERR,ERR,ERR,ERR,ERR,ERR,ERR,ERR,ERR,ERR,ERR,ERR,ERR,ERR,ERR,ERR,ERR,ERR,ERR,ERR,ERR,ERR,ERR,ERR,ERR,ERR,ERR,ERR,ERR,ERR,ERR,ERR,ERR,ERR,ERR,ERR,ERR,ERR,ERR,ERR,ERR,ERR,ERR,ERR,ERR,ERR,ERR,ERR,ERR,ERR,ERR,ERR,ERR,ERR,ERR,ERR,ERR,ERR,ERR,ERR,ERR,ERR,ERR,ERR,ERR,ERR,ERR,ERR,ERR,ERR,ERR,ERR,ERR,ERR,ERR,ERR,ERR,ERR,ERR,ERR,0.0,-107615352.0,0.0,0.0,0.0,1.3936040501711995e+18,7.805,0.0,0,0,4,0,7116,0.0,100,0.0,0.0,0.0,0.0,0.0,0,0,0,0,0.0,0,0,0,0,0,0,0,0,0,0,0,0,0,0,0,0,0,0,0,0,0,0,0,0,0,0,0,0,0,0,0,0,0,31,40,40,71,65476,0,300,0,0,8,21553,0.0,-107605600.0,0.0,0.0,0.0,0.0,0.0,0.0,0.0,0.0,0.0,0.0,0.0,0.0,0.0,0.0,0.0,0.0,0.0,0.0,0.0,0.0,0.0,-2.004,2.004,0.0,0.0,0.0,0.0,0.0,4542.0,8608166912.0,6922.0,0.0,-107615352.0,0.0,2.718429120148166e+23,0.0,0.0,0.0,0.0,69,-0.0,-2.3088245329045016e+20,0.0,0.0,0.0,0.0,0.0,0.0,0.0,0,0,0,0.0,0.0,0.0,0.0,0.0,0.0,0.0,0.0,0.0,0.0,0.0,0.0,0.0,0.0,0.0,0.0,0,-107875648.0,69,0.0,138,0.0,0.0,0,13107,17085,0,17098,13107,17078,0,0,0,70,68,100,0.0,82.1,0.0,77.7,2.730238639235042e+23,78.5,1,49,50,180,26215,39322,0,0,0.0,0.0,0.0,0.0,-0.0,67.0,0.0,162057.094,0.0,967,0,988,0,0,0,946,0,1010,0,911,0,787,0,776,0,821,0,7520,0.032,1.5924728282382074e+19,0.0,0.0,784,16797,-0.0,162057.094,-114818.039,-0.0,0.133,6.909358625270745e+28,30.0,70.0,35,0.0,0.0,0.0,0.0,0.0,0.0,0.0,0.0,0.0,0.0,0.0,0.0,0.0,0.0,0.0,0.0,66.8,0,150,71,51,65476,0,300,0,0,8,20529,65476,0,0,44564,70.0,0.0,0.0,0.0,0.0,0.0
2026-09-10T21:54:37,ERR,ERR,ERR,ERR,ERR,ERR,ERR,ERR,ERR,ERR,ERR,ERR,ERR,ERR,ERR,ERR,ERR,ERR,ERR,ERR,ERR,ERR,ERR,ERR,ERR,ERR,ERR,ERR,ERR,ERR,ERR,ERR,ERR,ERR,ERR,ERR,ERR,ERR,ERR,ERR,ERR,ERR,ERR,ERR,ERR,ERR,ERR,ERR,ERR,ERR,ERR,ERR,ERR,ERR,ERR,ERR,ERR,ERR,ERR,ERR,ERR,ERR,ERR,ERR,ERR,ERR,ERR,ERR,ERR,ERR,ERR,ERR,ERR,ERR,ERR,ERR,ERR,ERR,ERR,ERR,ERR,ERR,ERR,ERR,ERR,ERR,ERR,ERR,ERR,ERR,ERR,ERR,ERR,ERR,ERR,ERR,ERR,ERR,ERR,ERR,ERR,ERR,ERR,ERR,ERR,ERR,ERR,ERR,ERR,ERR,ERR,ERR,ERR,ERR,ERR,ERR,ERR,ERR,ERR,ERR,ERR,ERR,ERR,ERR,ERR,0.0,-107615352.0,0.0,0.0,0.0,1.3936040501711995e+18,7.805,0.0,0,0,4,0,7116,0.0,100,0.0,0.0,0.0,0.0,0.0,0,0,0,0,0.0,0,0,0,0,0,0,0,0,0,0,0,0,0,0,0,0,0,0,0,0,0,0,0,0,0,0,0,0,0,0,0,0,0,31,40,40,71,65476,0,300,0,0,8,21553,0.0,-107605600.0,0.0,0.0,0.0,0.0,0.0,0.0,0.0,0.0,0.0,0.0,0.0,0.0,0.0,0.0,0.0,0.0,0.0,0.0,0.0,0.0,0.0,-2.004,2.004,0.0,0.0,0.0,0.0,0.0,4542.0,8608166912.0,6922.0,0.0,-107615352.0,0.0,2.718429120148166e+23,0.0,0.0,0.0,0.0,69,-0.0,-2.3088245329045016e+20,0.0,0.0,0.0,0.0,0.0,0.0,0.0,0,0,0,0.0,0.0,0.0,0.0,0.0,0.0,0.0,0.0,0.0,0.0,0.0,0.0,0.0,0.0,0.0,0.0,0,-107875648.0,69,0.0,138,0.0,0.0,0,13107,17085,0,17098,13107,17078,0,0,0,70,68,100,0.0,82.1,0.0,77.7,2.730238639235042e+23,78.5,1,49,50,180,26215,39322,0,0,0.0,0.0,0.0,0.0,-0.0,67.0,0.0,162057.094,0.0,967,0,988,0,0,0,946,0,1010,0,911,0,787,0,776,0,821,0,7520,0.032,1.5924728282382074e+19,0.0,0.0,784,16797,-0.0,162057.094,-114818.039,-0.0,0.133,6.909358625270745e+28,30.0,70.0,35,0.0,0.0,0.0,0.0,0.0,0.0,0.0,0.0,0.0,0.0,0.0,0.0,0.0,0.0,0.0,0.0,66.4,0,150,71,51,65476,0,300,0,0,8,20529,65476,0,0,44564,70.0,0.0,0.0,0.0,0.0,0.0
2026-09-10T21:54:38,ERR,ERR,ERR,ERR,ERR,ERR,ERR,ERR,ERR,ERR,ERR,ERR,ERR,ERR,ERR,ERR,ERR,ERR,ERR,ERR,ERR,ERR,ERR,ERR,ERR,ERR,ERR,ERR,ERR,ERR,ERR,ERR,ERR,ERR,ERR,ERR,ERR,ERR,ERR,ERR,ERR,ERR,ERR,ERR,ERR,ERR,ERR,ERR,ERR,ERR,ERR,ERR,ERR,ERR,ERR,ERR,ERR,ERR,ERR,ERR,ERR,ERR,ERR,ERR,ERR,ERR,ERR,ERR,ERR,ERR,ERR,ERR,ERR,ERR,ERR,ERR,ERR,ERR,ERR,ERR,ERR,ERR,ERR,ERR,ERR,ERR,ERR,ERR,ERR,ERR,ERR,ERR,ERR,ERR,ERR,ERR,ERR,ERR,ERR,ERR,ERR,ERR,ERR,ERR,ERR,ERR,ERR,ERR,ERR,ERR,ERR,ERR,ERR,ERR,ERR,ERR,ERR,ERR,ERR,ERR,ERR,ERR,ERR,ERR,ERR,0.0,-107615352.0,0.0,0.0,0.0,1.3936040501711995e+18,7.805,0.0,0,0,4,0,7116,0.0,100,0.0,0.0,0.0,0.0,0.0,0,0,0,0,0.0,0,0,0,0,0,0,0,0,0,0,0,0,0,0,0,0,0,0,0,0,0,0,0,0,0,0,0,0,0,0,0,0,0,31,40,40,71,65476,0,300,0,0,8,21553,0.0,-107605600.0,0.0,0.0,0.0,0.0,0.0,0.0,0.0,0.0,0.0,0.0,0.0,0.0,0.0,0.0,0.0,0.0,0.0,0.0,0.0,0.0,0.0,-2.004,2.004,0.0,0.0,0.0,0.0,0.0,4542.0,8608166912.0,6922.0,0.0,-107615352.0,0.0,2.718429120148166e+23,0.0,0.0,0.0,0.0,69,-0.0,-2.3088245329045016e+20,0.0,0.0,0.0,0.0,0.0,0.0,0.0,0,0,0,0.0,0.0,0.0,0.0,0.0,0.0,0.0,0.0,0.0,0.0,0.0,0.0,0.0,0.0,0.0,0.0,0,-107875648.0,69,0.0,138,0.0,0.0,0,13107,17085,0,17098,13107,17078,0,0,0,70,68,100,0.0,82.1,0.0,77.7,2.730238639235042e+23,78.5,1,49,50,180,26215,39322,0,0,0.0,0.0,0.0,0.0,-0.0,67.0,0.0,162057.094,0.0,967,0,988,0,0,0,946,0,1010,0,911,0,787,0,776,0,821,0,7520,0.032,1.5924728282382074e+19,0.0,0.0,784,16797,-0.0,162057.094,-114818.039,-0.0,0.133,6.909358625270745e+28,30.0,70.0,35,0.0,0.0,0.0,0.0,0.0,0.0,0.0,0.0,0.0,0.0,0.0,0.0,0.0,0.0,0.0,0.0,66.4,0,150,71,51,65476,0,300,0,0,8,20529,65476,0,0,44564,70.0,0.0,0.0,0.0,0.0,0.0
2026-09-10T21:54:39,ERR,ERR,ERR,ERR,ERR,ERR,ERR,ERR,ERR,ERR,ERR,ERR,ERR,ERR,ERR,ERR,ERR,ERR,ERR,ERR,ERR,ERR,ERR,ERR,ERR,ERR,ERR,ERR,ERR,ERR,ERR,ERR,ERR,ERR,ERR,ERR,ERR,ERR,ERR,ERR,ERR,ERR,ERR,ERR,ERR,ERR,ERR,ERR,ERR,ERR,ERR,ERR,ERR,ERR,ERR,ERR,ERR,ERR,ERR,ERR,ERR,ERR,ERR,ERR,ERR,ERR,ERR,ERR,ERR,ERR,ERR,ERR,ERR,ERR,ERR,ERR,ERR,ERR,ERR,ERR,ERR,ERR,ERR,ERR,ERR,ERR,ERR,ERR,ERR,ERR,ERR,ERR,ERR,ERR,ERR,ERR,ERR,ERR,ERR,ERR,ERR,ERR,ERR,ERR,ERR,ERR,ERR,ERR,ERR,ERR,ERR,ERR,ERR,ERR,ERR,ERR,ERR,ERR,ERR,ERR,ERR,ERR,ERR,ERR,ERR,0.0,-107615352.0,0.0,0.0,0.0,1.3936040501711995e+18,7.805,0.0,0,0,4,0,7116,0.0,100,0.0,0.0,0.0,0.0,0.0,0,0,0,0,0.0,0,0,0,0,0,0,0,0,0,0,0,0,0,0,0,0,0,0,0,0,0,0,0,0,0,0,0,0,0,0,0,0,0,31,40,40,71,65476,0,300,0,0,8,21553,0.0,-107605600.0,0.0,0.0,0.0,0.0,0.0,0.0,0.0,0.0,0.0,0.0,0.0,0.0,0.0,0.0,0.0,0.0,0.0,0.0,0.0,0.0,0.0,-2.004,2.004,0.0,0.0,0.0,0.0,0.0,4542.0,8608166912.0,6922.0,0.0,-107615352.0,0.0,2.718429120148166e+23,0.0,0.0,0.0,0.0,69,-0.0,-2.3088245329045016e+20,0.0,0.0,0.0,0.0,0.0,0.0,0.0,0,0,0,0.0,0.0,0.0,0.0,0.0,0.0,0.0,0.0,0.0,0.0,0.0,0.0,0.0,0.0,0.0,0.0,0,-107875648.0,69,0.0,138,0.0,0.0,0,13107,17085,0,17098,0,17078,0,0,0,70,68,100,0.0,82.1,0.0,77.7,2.730238639235042e+23,78.5,1,49,50,180,26215,39322,0,0,0.0,0.0,0.0,0.0,-0.0,67.0,0.0,162057.094,0.0,967,0,988,0,0,0,946,0,1010,0,910,0,787,0,776,0,821,0,7520,0.032,1.5852670688344146e+19,0.0,0.0,784,16797,-0.0,162057.094,-114818.039,-0.0,0.133,6.909358625270745e+28,30.0,70.0,35,0.0,0.0,0.0,0.0,0.0,0.0,0.0,0.0,0.0,0.0,0.0,0.0,0.0,0.0,0.0,0.0,66.4,0,150,71,51,65476,0,300,0,0,8,20529,65476,0,0,44564,70.0,0.0,0.0,0.0,0.0,0.0
2026-09-10T21:54:40,ERR,ERR,ERR,ERR,ERR,ERR,ERR,ERR,ERR,ERR,ERR,ERR,ERR,ERR,ERR,ERR,ERR,ERR,ERR,ERR,ERR,ERR,ERR,ERR,ERR,ERR,ERR,ERR,ERR,ERR,ERR,ERR,ERR,ERR,ERR,ERR,ERR,ERR,ERR,ERR,ERR,ERR,ERR,ERR,ERR,ERR,ERR,ERR,ERR,ERR,ERR,ERR,ERR,ERR,ERR,ERR,ERR,ERR,ERR,ERR,ERR,ERR,ERR,ERR,ERR,ERR,ERR,ERR,ERR,ERR,ERR,ERR,ERR,ERR,ERR,ERR,ERR,ERR,ERR,ERR,ERR,ERR,ERR,ERR,ERR,ERR,ERR,ERR,ERR,ERR,ERR,ERR,ERR,ERR,ERR,ERR,ERR,ERR,ERR,ERR,ERR,ERR,ERR,ERR,ERR,ERR,ERR,ERR,ERR,ERR,ERR,ERR,ERR,ERR,ERR,ERR,ERR,ERR,ERR,ERR,ERR,ERR,ERR,ERR,ERR,0.0,-107615352.0,0.0,0.0,0.0,1.3936040501711995e+18,7.805,0.0,0,0,4,0,7116,0.0,100,0.0,0.0,0.0,0.0,0.0,0,0,0,0,0.0,0,0,0,0,0,0,0,0,0,0,0,0,0,0,0,0,0,0,0,0,0,0,0,0,0,0,0,0,0,0,0,0,0,31,40,40,71,65476,0,300,0,0,8,21553,0.0,-107605600.0,0.0,0.0,0.0,0.0,0.0,0.0,0.0,0.0,0.0,0.0,0.0,0.0,0.0,0.0,0.0,0.0,0.0,0.0,0.0,0.0,0.0,-2.004,2.004,0.0,0.0,0.0,0.0,0.0,4542.0,8608166912.0,6922.0,0.0,-107615352.0,0.0,2.718429120148166e+23,0.0,0.0,0.0,0.0,69,-0.0,-2.3088245329045016e+20,0.0,0.0,0.0,0.0,0.0,0.0,0.0,0,0,0,0.0,0.0,0.0,0.0,0.0,0.0,0.0,0.0,0.0,0.0,0.0,0.0,0.0,0.0,0.0,0.0,0,-107875648.0,69,0.0,138,0.0,0.0,0,13107,17085,0,17098,0,17078,0,0,0,70,68,100,0.0,82.1,0.0,77.7,2.730238639235042e+23,78.5,1,49,50,180,26215,39322,0,0,0.0,0.0,0.0,0.0,-0.0,67.0,0.0,162057.094,0.0,967,0,988,0,0,0,946,0,1010,0,910,0,787,0,776,0,821,0,7520,0.032,1.5852670688344146e+19,0.0,0.0,784,16797,-0.0,162057.094,-114818.039,-0.0,0.133,6.909358625270745e+28,30.0,70.0,35,0.0,0.0,0.0,0.0,0.0,0.0,0.0,0.0,0.0,0.0,0.0,0.0,0.0,0.0,0.0,0.0,66.4,0,150,71,51,65476,0,300,0,0,8,20529,65476,0,0,44564,70.0,0.0,0.0,0.0,0.0,0.0
2026-09-10T21:54:41,ERR,ERR,ERR,ERR,ERR,ERR,ERR,ERR,ERR,ERR,ERR,ERR,ERR,ERR,ERR,ERR,ERR,ERR,ERR,ERR,ERR,ERR,ERR,ERR,ERR,ERR,ERR,ERR,ERR,ERR,ERR,ERR,ERR,ERR,ERR,ERR,ERR,ERR,ERR,ERR,ERR,ERR,ERR,ERR,ERR,ERR,ERR,ERR,ERR,ERR,ERR,ERR,ERR,ERR,ERR,ERR,ERR,ERR,ERR,ERR,ERR,ERR,ERR,ERR,ERR,ERR,ERR,ERR,ERR,ERR,ERR,ERR,ERR,ERR,ERR,ERR,ERR,ERR,ERR,ERR,ERR,ERR,ERR,ERR,ERR,ERR,ERR,ERR,ERR,ERR,ERR,ERR,ERR,ERR,ERR,ERR,ERR,ERR,ERR,ERR,ERR,ERR,ERR,ERR,ERR,ERR,ERR,ERR,ERR,ERR,ERR,ERR,ERR,ERR,ERR,ERR,ERR,ERR,ERR,ERR,ERR,ERR,ERR,ERR,ERR,0.0,-107615352.0,0.0,0.0,0.0,1.3936040501711995e+18,7.805,0.0,0,0,4,0,7116,0.0,100,0.0,0.0,0.0,0.0,0.0,0,0,0,0,0.0,0,0,0,0,0,0,0,0,0,0,0,0,0,0,0,0,0,0,0,0,0,0,0,0,0,0,0,0,0,0,0,0,0,31,40,40,71,65476,0,300,0,0,8,21553,0.0,-107605600.0,0.0,0.0,0.0,0.0,0.0,0.0,0.0,0.0,0.0,0.0,0.0,0.0,0.0,0.0,0.0,0.0,0.0,0.0,0.0,0.0,0.0,-2.004,2.004,0.0,0.0,0.0,0.0,0.0,4542.0,8608166912.0,6922.0,0.0,-107615352.0,0.0,2.718429120148166e+23,0.0,0.0,0.0,0.0,69,-0.0,-2.3088245329045016e+20,0.0,0.0,0.0,0.0,0.0,0.0,0.0,0,0,0,0.0,0.0,0.0,0.0,0.0,0.0,0.0,0.0,0.0,0.0,0.0,0.0,0.0,0.0,0.0,0.0,0,-107875648.0,69,0.0,138,0.0,0.0,0,13107,17085,0,17098,0,17078,0,0,0,70,68,100,0.0,82.1,0.0,77.7,2.730238639235042e+23,78.5,1,49,50,180,26215,39322,0,0,0.0,0.0,0.0,0.0,-0.0,67.0,0.0,162057.094,0.0,967,0,988,0,0,0,946,0,1010,0,910,0,787,0,776,0,821,0,7520,0.032,1.5852670688344146e+19,0.0,0.0,784,16797,-0.0,162057.094,-114818.039,-0.0,0.133,6.909358625270745e+28,30.0,70.0,35,0.0,0.0,0.0,0.0,0.0,0.0,0.0,0.0,0.0,0.0,0.0,0.0,0.0,0.0,0.0,0.0,66.4,0,150,71,51,65476,0,300,0,0,8,20529,65476,0,0,44564,70.0,0.0,0.0,0.0,0.0,0.0
2026-09-10T21:54:42,ERR,ERR,ERR,ERR,ERR,ERR,ERR,ERR,ERR,ERR,ERR,ERR,ERR,ERR,ERR,ERR,ERR,ERR,ERR,ERR,ERR,ERR,ERR,ERR,ERR,ERR,ERR,ERR,ERR,ERR,ERR,ERR,ERR,ERR,ERR,ERR,ERR,ERR,ERR,ERR,ERR,ERR,ERR,ERR,ERR,ERR,ERR,ERR,ERR,ERR,ERR,ERR,ERR,ERR,ERR,ERR,ERR,ERR,ERR,ERR,ERR,ERR,ERR,ERR,ERR,ERR,ERR,ERR,ERR,ERR,ERR,ERR,ERR,ERR,ERR,ERR,ERR,ERR,ERR,ERR,ERR,ERR,ERR,ERR,ERR,ERR,ERR,ERR,ERR,ERR,ERR,ERR,ERR,ERR,ERR,ERR,ERR,ERR,ERR,ERR,ERR,ERR,ERR,ERR,ERR,ERR,ERR,ERR,ERR,ERR,ERR,ERR,ERR,ERR,ERR,ERR,ERR,ERR,ERR,ERR,ERR,ERR,ERR,ERR,ERR,0.0,-107615352.0,-0.0,0.0,0.0,1.3936040501711995e+18,7.805,0.0,0,0,4,0,7116,0.0,100,0.0,0.0,0.0,0.0,0.0,0,0,0,0,0.0,0,0,0,0,0,0,0,0,0,0,0,0,0,0,0,0,0,0,0,0,0,0,0,0,0,0,0,0,0,0,0,0,0,31,40,40,71,65476,0,300,0,0,8,21553,0.0,-107605600.0,0.0,0.0,0.0,0.0,0.0,0.0,0.0,0.0,0.0,0.0,0.0,0.0,0.0,0.0,0.0,0.0,0.0,0.0,0.0,0.0,0.0,-2.004,2.004,-2.004,0.0,0.0,0.0,0.0,4513.0,2.004,6920.0,0.0,-107615352.0,0.0,2.718429120148166e+23,0.0,0.0,0.0,0.0,69,-0.0,-107614624.0,0.0,0.0,0.0,0.0,0.0,0.0,0.0,0,0,0,0.0,0.0,0.0,0.0,0.0,0.0,0.0,0.0,0.0,0.0,0.0,0.0,0.0,0.0,0.0,0.0,0,-107875648.0,69,0.0,138,0.0,0.0,0,13107,17085,0,17098,0,17078,0,0,0,70,68,100,0.0,82.1,0.0,77.7,2.730238639235042e+23,78.5,1,49,50,180,26215,39322,0,0,0.0,0.0,0.0,0.0,-0.0,67.0,0.0,162057.094,0.0,967,0,988,0,0,0,946,0,1010,0,910,0,787,0,776,0,821,0,7520,0.032,1.5852670688344146e+19,0.0,0.0,784,16797,-0.0,162057.094,-114818.039,-0.0,0.133,6.909358625270745e+28,30.0,70.0,35,0.0,0.0,0.0,0.0,0.0,0.0,0.0,0.0,0.0,0.0,0.0,0.0,0.0,0.0,0.0,0.0,66.4,0,150,71,51,65476,0,300,0,0,8,20529,65476,0,0,44564,70.0,0.0,0.0,0.0,0.0,0.0
2026-09-10T21:54:43,ERR,ERR,ERR,ERR,ERR,ERR,ERR,ERR,ERR,ERR,ERR,ERR,ERR,ERR,ERR,ERR,ERR,ERR,ERR,ERR,ERR,ERR,ERR,ERR,ERR,ERR,ERR,ERR,ERR,ERR,ERR,ERR,ERR,ERR,ERR,ERR,ERR,ERR,ERR,ERR,ERR,ERR,ERR,ERR,ERR,ERR,ERR,ERR,ERR,ERR,ERR,ERR,ERR,ERR,ERR,ERR,ERR,ERR,ERR,ERR,ERR,ERR,ERR,ERR,ERR,ERR,ERR,ERR,ERR,ERR,ERR,ERR,ERR,ERR,ERR,ERR,ERR,ERR,ERR,ERR,ERR,ERR,ERR,ERR,ERR,ERR,ERR,ERR,ERR,ERR,ERR,ERR,ERR,ERR,ERR,ERR,ERR,ERR,ERR,ERR,ERR,ERR,ERR,ERR,ERR,ERR,ERR,ERR,ERR,ERR,ERR,ERR,ERR,ERR,ERR,ERR,ERR,ERR,ERR,ERR,ERR,ERR,ERR,ERR,ERR,0.0,-107615352.0,-0.0,0.0,0.0,1.3936040501711995e+18,7.805,0.0,0,0,4,0,7116,0.0,100,0.0,0.0,0.0,0.0,0.0,0,0,0,0,0.0,0,0,0,0,0,0,0,0,0,0,0,0,0,0,0,0,0,0,0,0,0,0,0,0,0,0,0,0,0,0,0,0,0,31,40,40,71,65476,0,300,0,0,8,21553,0.0,-107605600.0,0.0,0.0,0.0,0.0,0.0,0.0,0.0,0.0,0.0,0.0,0.0,0.0,0.0,0.0,0.0,0.0,0.0,0.0,0.0,0.0,0.0,-2.004,2.004,-2.004,0.0,0.0,0.0,0.0,4513.0,2.004,6920.0,0.0,-107615352.0,0.0,2.718429120148166e+23,0.0,0.0,0.0,0.0,69,-0.0,-107614624.0,0.0,0.0,0.0,0.0,0.0,0.0,0.0,0,0,0,0.0,0.0,0.0,0.0,0.0,0.0,0.0,0.0,0.0,0.0,0.0,0.0,0.0,0.0,0.0,0.0,0,-107875648.0,69,0.0,138,0.0,0.0,0,13107,17085,0,17098,0,17078,0,0,0,70,68,100,0.0,82.1,0.0,77.7,2.730238639235042e+23,78.5,1,49,50,180,26215,39322,0,0,0.0,0.0,0.0,0.0,-0.0,67.0,0.0,162057.094,0.0,967,0,988,0,0,0,946,0,1010,0,910,0,787,0,776,0,821,0,7520,0.032,1.5852670688344146e+19,0.0,0.0,784,16797,-0.0,162057.094,-114818.039,-0.0,0.133,6.909358625270745e+28,30.0,70.0,35,0.0,0.0,0.0,0.0,0.0,0.0,0.0,0.0,0.0,0.0,0.0,0.0,0.0,0.0,0.0,0.0,66.4,0,150,71,51,65476,0,300,0,0,8,20529,65476,0,0,44564,70.0,0.0,0.0,0.0,0.0,0.0
2026-09-10T21:54:44,ERR,ERR,ERR,ERR,ERR,ERR,ERR,ERR,ERR,ERR,ERR,ERR,ERR,ERR,ERR,ERR,ERR,ERR,ERR,ERR,ERR,ERR,ERR,ERR,ERR,ERR,ERR,ERR,ERR,ERR,ERR,ERR,ERR,ERR,ERR,ERR,ERR,ERR,ERR,ERR,ERR,ERR,ERR,ERR,ERR,ERR,ERR,ERR,ERR,ERR,ERR,ERR,ERR,ERR,ERR,ERR,ERR,ERR,ERR,ERR,ERR,ERR,ERR,ERR,ERR,ERR,ERR,ERR,ERR,ERR,ERR,ERR,ERR,ERR,ERR,ERR,ERR,ERR,ERR,ERR,ERR,ERR,ERR,ERR,ERR,ERR,ERR,ERR,ERR,ERR,ERR,ERR,ERR,ERR,ERR,ERR,ERR,ERR,ERR,ERR,ERR,ERR,ERR,ERR,ERR,ERR,ERR,ERR,ERR,ERR,ERR,ERR,ERR,ERR,ERR,ERR,ERR,ERR,ERR,ERR,ERR,ERR,ERR,ERR,ERR,0.0,-107615352.0,-0.0,0.0,0.0,1.3936040501711995e+18,7.805,0.0,0,0,4,0,7116,0.0,100,0.0,0.0,0.0,0.0,0.0,0,0,0,0,0.0,0,0,0,0,0,0,0,0,0,0,0,0,0,0,0,0,0,0,0,0,0,0,0,0,0,0,0,0,0,0,0,0,0,31,40,40,71,65476,0,300,0,0,8,21553,0.0,-107605600.0,0.0,0.0,0.0,0.0,0.0,0.0,0.0,0.0,0.0,0.0,0.0,0.0,0.0,0.0,0.0,0.0,0.0,0.0,0.0,0.0,0.0,-2.004,2.004,-2.004,0.0,0.0,0.0,0.0,4513.0,2.004,6920.0,0.0,-107615352.0,0.0,2.718429120148166e+23,0.0,0.0,0.0,0.0,69,-0.0,-107614624.0,0.0,0.0,0.0,0.0,0.0,0.0,0.0,0,0,0,0.0,0.0,0.0,0.0,0.0,0.0,0.0,0.0,0.0,0.0,0.0,0.0,0.0,0.0,0.0,0.0,0,-107875648.0,69,0.0,138,0.0,0.0,0,13107,17085,0,17098,0,17078,0,0,0,70,68,100,0.0,82.1,0.0,77.7,2.730238639235042e+23,78.5,1,49,50,180,26215,39322,0,0,0.0,0.0,0.0,0.0,-0.0,67.0,0.0,162057.094,0.0,967,0,988,0,0,0,946,0,1010,0,910,0,787,0,776,0,821,0,7520,0.032,1.5852670688344146e+19,0.0,0.0,784,16797,-0.0,162057.094,-114818.039,-0.0,0.133,6.909358625270745e+28,30.0,70.0,35,0.0,0.0,0.0,0.0,0.0,0.0,0.0,0.0,0.0,0.0,0.0,0.0,0.0,0.0,0.0,0.0,66.4,0,150,71,51,65476,0,300,0,0,8,20529,65476,0,0,44564,70.0,0.0,0.0,0.0,0.0,0.0
2026-09-10T21:54:45,ERR,ERR,ERR,ERR,ERR,ERR,ERR,ERR,ERR,ERR,ERR,ERR,ERR,ERR,ERR,ERR,ERR,ERR,ERR,ERR,ERR,ERR,ERR,ERR,ERR,ERR,ERR,ERR,ERR,ERR,ERR,ERR,ERR,ERR,ERR,ERR,ERR,ERR,ERR,ERR,ERR,ERR,ERR,ERR,ERR,ERR,ERR,ERR,ERR,ERR,ERR,ERR,ERR,ERR,ERR,ERR,ERR,ERR,ERR,ERR,ERR,ERR,ERR,ERR,ERR,ERR,ERR,ERR,ERR,ERR,ERR,ERR,ERR,ERR,ERR,ERR,ERR,ERR,ERR,ERR,ERR,ERR,ERR,ERR,ERR,ERR,ERR,ERR,ERR,ERR,ERR,ERR,ERR,ERR,ERR,ERR,ERR,ERR,ERR,ERR,ERR,ERR,ERR,ERR,ERR,ERR,ERR,ERR,ERR,ERR,ERR,ERR,ERR,ERR,ERR,ERR,ERR,ERR,ERR,ERR,ERR,ERR,ERR,ERR,ERR,0.0,-107615352.0,-0.0,0.0,0.0,1.3936040501711995e+18,7.805,0.0,0,0,4,0,7116,0.0,100,0.0,0.0,0.0,0.0,0.0,0,0,0,0,0.0,0,0,0,0,0,0,0,0,0,0,0,0,0,0,0,0,0,0,0,0,0,0,0,0,0,0,0,0,0,0,0,0,0,31,40,40,71,65476,0,300,0,0,8,21553,0.0,-107605600.0,0.0,0.0,0.0,0.0,0.0,0.0,0.0,0.0,0.0,0.0,0.0,0.0,0.0,0.0,0.0,0.0,0.0,0.0,0.0,0.0,0.0,-2.004,2.004,-2.004,0.0,0.0,0.0,0.0,4513.0,2.004,6920.0,0.0,-107615352.0,0.0,2.718429120148166e+23,0.0,0.0,0.0,0.0,69,-0.0,-107614624.0,0.0,0.0,0.0,0.0,0.0,0.0,0.0,0,0,0,0.0,0.0,0.0,0.0,0.0,0.0,0.0,0.0,0.0,0.0,0.0,0.0,0.0,0.0,0.0,0.0,0,-107875648.0,69,0.0,138,0.0,0.0,0,13107,17085,0,17098,0,17078,0,0,0,70,68,100,0.0,82.1,0.0,77.7,2.730238639235042e+23,78.5,1,49,50,180,26215,39322,0,0,0.0,0.0,0.0,0.0,-0.0,67.0,0.0,162057.094,0.0,967,0,988,0,0,0,946,0,1010,0,910,0,787,0,776,0,821,0,7520,0.032,1.5852670688344146e+19,0.0,0.0,784,16797,-0.0,162057.094,-114818.039,-0.0,0.133,6.909358625270745e+28,30.0,70.0,35,0.0,0.0,0.0,0.0,0.0,0.0,0.0,0.0,0.0,0.0,0.0,0.0,0.0,0.0,0.0,0.0,66.4,0,150,71,51,65476,0,300,0,0,8,20529,65476,0,0,44564,70.0,0.0,0.0,0.0,0.0,0.0
2026-09-10T21:54:46,ERR,ERR,ERR,ERR,ERR,ERR,ERR,ERR,ERR,ERR,ERR,ERR,ERR,ERR,ERR,ERR,ERR,ERR,ERR,ERR,ERR,ERR,ERR,ERR,ERR,ERR,ERR,ERR,ERR,ERR,ERR,ERR,ERR,ERR,ERR,ERR,ERR,ERR,ERR,ERR,ERR,ERR,ERR,ERR,ERR,ERR,ERR,ERR,ERR,ERR,ERR,ERR,ERR,ERR,ERR,ERR,ERR,ERR,ERR,ERR,ERR,ERR,ERR,ERR,ERR,ERR,ERR,ERR,ERR,ERR,ERR,ERR,ERR,ERR,ERR,ERR,ERR,ERR,ERR,ERR,ERR,ERR,ERR,ERR,ERR,ERR,ERR,ERR,ERR,ERR,ERR,ERR,ERR,ERR,ERR,ERR,ERR,ERR,ERR,ERR,ERR,ERR,ERR,ERR,ERR,ERR,ERR,ERR,ERR,ERR,ERR,ERR,ERR,ERR,ERR,ERR,ERR,ERR,ERR,ERR,ERR,ERR,ERR,ERR,ERR,0.0,-107615352.0,-0.0,0.0,0.0,1.3936040501711995e+18,7.805,0.0,0,0,4,0,7116,0.0,100,0.0,0.0,0.0,0.0,0.0,0,0,0,0,0.0,0,0,0,0,0,0,0,0,0,0,0,0,0,0,0,0,0,0,0,0,0,0,0,0,0,0,0,0,0,0,0,0,0,31,40,40,71,65476,0,300,0,0,8,21553,0.0,-107605600.0,0.0,0.0,0.0,0.0,0.0,0.0,0.0,0.0,0.0,0.0,0.0,0.0,0.0,0.0,0.0,0.0,0.0,0.0,0.0,0.0,0.0,-2.004,2.004,-2.004,0.0,0.0,0.0,0.0,4513.0,2.004,6920.0,0.0,-107615352.0,0.0,2.718429120148166e+23,0.0,0.0,0.0,0.0,69,-0.0,-107614624.0,0.0,0.0,0.0,0.0,0.0,0.0,0.0,0,0,0,0.0,0.0,0.0,0.0,0.0,0.0,0.0,0.0,0.0,0.0,0.0,0.0,0.0,0.0,0.0,0.0,0,-107875648.0,69,0.0,138,0.0,0.0,0,13107,17085,0,17098,0,17078,0,0,0,70,68,100,0.0,82.1,0.0,77.7,2.730238639235042e+23,78.5,1,49,50,180,26215,39322,0,0,0.0,0.0,0.0,0.0,-0.0,67.0,0.0,162057.094,0.0,967,0,988,0,0,0,946,0,1010,0,910,0,787,0,776,0,821,0,7520,0.032,1.5852670688344146e+19,0.0,0.0,784,16797,-0.0,162057.094,-114818.039,-0.0,0.133,6.909358625270745e+28,30.0,70.0,35,0.0,0.0,0.0,0.0,0.0,0.0,0.0,0.0,0.0,0.0,0.0,0.0,0.0,0.0,0.0,0.0,66.8,0,150,71,51,65476,0,300,0,0,8,20529,65476,0,0,44564,70.0,0.0,0.0,0.0,0.0,0.0
2026-09-10T21:54:47,ERR,ERR,ERR,ERR,ERR,ERR,ERR,ERR,ERR,ERR,ERR,ERR,ERR,ERR,ERR,ERR,ERR,ERR,ERR,ERR,ERR,ERR,ERR,ERR,ERR,ERR,ERR,ERR,ERR,ERR,ERR,ERR,ERR,ERR,ERR,ERR,ERR,ERR,ERR,ERR,ERR,ERR,ERR,ERR,ERR,ERR,ERR,ERR,ERR,ERR,ERR,ERR,ERR,ERR,ERR,ERR,ERR,ERR,ERR,ERR,ERR,ERR,ERR,ERR,ERR,ERR,ERR,ERR,ERR,ERR,ERR,ERR,ERR,ERR,ERR,ERR,ERR,ERR,ERR,ERR,ERR,ERR,ERR,ERR,ERR,ERR,ERR,ERR,ERR,ERR,ERR,ERR,ERR,ERR,ERR,ERR,ERR,ERR,ERR,ERR,ERR,ERR,ERR,ERR,ERR,ERR,ERR,ERR,ERR,ERR,ERR,ERR,ERR,ERR,ERR,ERR,ERR,ERR,ERR,ERR,ERR,ERR,ERR,ERR,ERR,0.0,-107615352.0,-0.0,0.0,0.0,1.3936040501711995e+18,7.805,0.0,0,0,4,0,7116,0.0,100,0.0,0.0,0.0,0.0,0.0,0,0,0,0,0.0,0,0,0,0,0,0,0,0,0,0,0,0,0,0,0,0,0,0,0,0,0,0,0,0,0,0,0,0,0,0,0,0,0,31,40,40,71,65476,0,300,0,0,8,21553,0.0,-107605600.0,0.0,0.0,0.0,0.0,0.0,0.0,0.0,0.0,0.0,0.0,0.0,0.0,0.0,0.0,0.0,0.0,0.0,0.0,0.0,0.0,0.0,-2.004,2.004,-2.004,0.0,0.0,0.0,0.0,4513.0,2.004,6920.0,0.0,-107615352.0,0.0,2.718429120148166e+23,0.0,0.0,0.0,0.0,69,-0.0,-107614624.0,0.0,0.0,0.0,0.0,0.0,0.0,0.0,0,0,0,0.0,0.0,0.0,0.0,0.0,0.0,0.0,0.0,0.0,0.0,0.0,0.0,0.0,0.0,0.0,0.0,0,-107875648.0,69,0.0,138,0.0,0.0,0,13107,17085,0,17098,0,17078,0,0,0,70,68,100,0.0,82.1,0.0,77.7,2.730238639235042e+23,78.5,1,49,50,180,26215,39322,0,0,0.0,0.0,0.0,0.0,-0.0,67.0,0.0,162057.094,0.0,967,0,988,0,0,0,946,0,1010,0,910,0,787,0,776,0,821,0,7520,0.032,1.5852670688344146e+19,0.0,0.0,784,16797,-0.0,162057.094,-114818.039,-0.0,0.133,6.909358625270745e+28,30.0,70.0,35,0.0,0.0,0.0,0.0,0.0,0.0,0.0,0.0,0.0,0.0,0.0,0.0,0.0,0.0,0.0,0.0,66.8,0,150,71,51,65476,0,300,0,0,8,20529,65476,0,0,44564,70.0,0.0,0.0,0.0,0.0,0.0
2026-09-10T21:54:48,ERR,ERR,ERR,ERR,ERR,ERR,ERR,ERR,ERR,ERR,ERR,ERR,ERR,ERR,ERR,ERR,ERR,ERR,ERR,ERR,ERR,ERR,ERR,ERR,ERR,ERR,ERR,ERR,ERR,ERR,ERR,ERR,ERR,ERR,ERR,ERR,ERR,ERR,ERR,ERR,ERR,ERR,ERR,ERR,ERR,ERR,ERR,ERR,ERR,ERR,ERR,ERR,ERR,ERR,ERR,ERR,ERR,ERR,ERR,ERR,ERR,ERR,ERR,ERR,ERR,ERR,ERR,ERR,ERR,ERR,ERR,ERR,ERR,ERR,ERR,ERR,ERR,ERR,ERR,ERR,ERR,ERR,ERR,ERR,ERR,ERR,ERR,ERR,ERR,ERR,ERR,ERR,ERR,ERR,ERR,ERR,ERR,ERR,ERR,ERR,ERR,ERR,ERR,ERR,ERR,ERR,ERR,ERR,ERR,ERR,ERR,ERR,ERR,ERR,ERR,ERR,ERR,ERR,ERR,ERR,ERR,ERR,ERR,ERR,ERR,0.0,-107615352.0,-0.0,0.0,0.0,1.3936040501711995e+18,7.805,0.0,0,0,4,0,7116,0.0,100,0.0,0.0,0.0,0.0,0.0,0,0,0,0,0.0,0,0,0,0,0,0,0,0,0,0,0,0,0,0,0,0,0,0,0,0,0,0,0,0,0,0,0,0,0,0,0,0,0,31,40,40,71,65476,0,300,0,0,8,21553,0.0,-107605600.0,0.0,0.0,0.0,0.0,0.0,0.0,0.0,0.0,0.0,0.0,0.0,0.0,0.0,0.0,0.0,0.0,0.0,0.0,0.0,0.0,0.0,-2.004,2.004,-2.004,0.0,0.0,0.0,0.0,4513.0,2.004,6920.0,0.0,-107615352.0,0.0,2.718429120148166e+23,0.0,0.0,0.0,0.0,69,-0.0,-107614624.0,0.0,0.0,0.0,0.0,0.0,0.0,0.0,0,0,0,0.0,0.0,0.0,0.0,0.0,0.0,0.0,0.0,0.0,0.0,0.0,0.0,0.0,0.0,0.0,0.0,0,-107875648.0,69,0.0,138,0.0,0.0,0,13107,17085,0,17098,0,17078,0,0,0,70,68,100,0.0,82.1,0.0,77.7,2.730238639235042e+23,78.5,1,49,50,180,26215,39322,0,0,0.0,0.0,0.0,0.0,-0.0,67.0,0.0,162057.094,0.0,967,0,988,0,0,0,946,0,1010,0,910,0,787,0,776,0,821,0,7520,0.032,1.5852670688344146e+19,0.0,0.0,784,16797,-0.0,162057.094,-114818.039,-0.0,0.133,6.909358625270745e+28,30.0,70.0,35,0.0,0.0,0.0,0.0,0.0,0.0,0.0,0.0,0.0,0.0,0.0,0.0,0.0,0.0,0.0,0.0,66.4,0,150,71,51,65476,0,300,0,0,8,20529,65476,0,0,44564,70.0,0.0,0.0,0.0,0.0,0.0
2026-09-10T21:54:49,ERR,ERR,ERR,ERR,ERR,ERR,ERR,ERR,ERR,ERR,ERR,ERR,ERR,ERR,ERR,ERR,ERR,ERR,ERR,ERR,ERR,ERR,ERR,ERR,ERR,ERR,ERR,ERR,ERR,ERR,ERR,ERR,ERR,ERR,ERR,ERR,ERR,ERR,ERR,ERR,ERR,ERR,ERR,ERR,ERR,ERR,ERR,ERR,ERR,ERR,ERR,ERR,ERR,ERR,ERR,ERR,ERR,ERR,ERR,ERR,ERR,ERR,ERR,ERR,ERR,ERR,ERR,ERR,ERR,ERR,ERR,ERR,ERR,ERR,ERR,ERR,ERR,ERR,ERR,ERR,ERR,ERR,ERR,ERR,ERR,ERR,ERR,ERR,ERR,ERR,ERR,ERR,ERR,ERR,ERR,ERR,ERR,ERR,ERR,ERR,ERR,ERR,ERR,ERR,ERR,ERR,ERR,ERR,ERR,ERR,ERR,ERR,ERR,ERR,ERR,ERR,ERR,ERR,ERR,ERR,ERR,ERR,ERR,ERR,ERR,0.0,-107615352.0,-0.0,0.0,0.0,1.3936040501711995e+18,7.805,0.0,0,0,4,0,7116,0.0,100,0.0,0.0,0.0,0.0,0.0,0,0,0,0,0.0,0,0,0,0,0,0,0,0,0,0,0,0,0,0,0,0,0,0,0,0,0,0,0,0,0,0,0,0,0,0,0,0,0,31,40,40,71,65476,0,300,0,0,8,21553,0.0,-107605600.0,0.0,0.0,0.0,0.0,0.0,0.0,0.0,0.0,0.0,0.0,0.0,0.0,0.0,0.0,0.0,0.0,0.0,0.0,0.0,0.0,0.0,-2.004,2.004,-2.004,0.0,0.0,0.0,0.0,4513.0,2.004,6920.0,0.0,-107615352.0,0.0,2.718429120148166e+23,0.0,0.0,0.0,0.0,69,-0.0,-107614624.0,0.0,0.0,0.0,0.0,0.0,0.0,0.0,0,0,0,0.0,0.0,0.0,0.0,0.0,0.0,0.0,0.0,0.0,0.0,0.0,0.0,0.0,0.0,0.0,0.0,0,-107875648.0,69,0.0,138,0.0,0.0,0,13107,17085,0,17098,0,17078,0,0,0,70,68,100,0.0,82.1,0.0,77.7,2.730238639235042e+23,78.5,1,49,50,180,26215,39322,0,0,0.0,0.0,0.0,0.0,-0.0,67.0,0.0,162057.094,0.0,967,0,988,0,0,0,946,0,1010,0,910,0,787,0,776,0,821,0,7520,0.032,1.5852670688344146e+19,0.0,0.0,784,16797,-0.0,162057.094,-114818.039,-0.0,0.133,6.909358625270745e+28,30.0,70.0,35,0.0,0.0,0.0,0.0,0.0,0.0,0.0,0.0,0.0,0.0,0.0,0.0,0.0,0.0,0.0,0.0,66.4,0,150,71,51,65476,0,300,0,0,8,20529,65476,0,0,44564,70.0,0.0,0.0,0.0,0.0,0.0
2026-09-10T21:54:50,ERR,ERR,ERR,ERR,ERR,ERR,ERR,ERR,ERR,ERR,ERR,ERR,ERR,ERR,ERR,ERR,ERR,ERR,ERR,ERR,ERR,ERR,ERR,ERR,ERR,ERR,ERR,ERR,ERR,ERR,ERR,ERR,ERR,ERR,ERR,ERR,ERR,ERR,ERR,ERR,ERR,ERR,ERR,ERR,ERR,ERR,ERR,ERR,ERR,ERR,ERR,ERR,ERR,ERR,ERR,ERR,ERR,ERR,ERR,ERR,ERR,ERR,ERR,ERR,ERR,ERR,ERR,ERR,ERR,ERR,ERR,ERR,ERR,ERR,ERR,ERR,ERR,ERR,ERR,ERR,ERR,ERR,ERR,ERR,ERR,ERR,ERR,ERR,ERR,ERR,ERR,ERR,ERR,ERR,ERR,ERR,ERR,ERR,ERR,ERR,ERR,ERR,ERR,ERR,ERR,ERR,ERR,ERR,ERR,ERR,ERR,ERR,ERR,ERR,ERR,ERR,ERR,ERR,ERR,ERR,ERR,ERR,ERR,ERR,ERR,0.0,-107615352.0,-0.0,0.0,0.0,1.3936040501711995e+18,7.805,0.0,0,0,4,0,7116,0.0,100,0.0,0.0,0.0,0.0,0.0,0,0,0,0,0.0,0,0,0,0,0,0,0,0,0,0,0,0,0,0,0,0,0,0,0,0,0,0,0,0,0,0,0,0,0,0,0,0,0,31,40,40,71,65476,0,300,0,0,8,21553,0.0,-107605600.0,0.0,0.0,0.0,0.0,0.0,0.0,0.0,0.0,0.0,0.0,0.0,0.0,0.0,0.0,0.0,0.0,0.0,0.0,0.0,0.0,-2.004,0.0,2.004,0.0,0.0,0.0,0.0,0.0,4519.0,1.5879265196943865e+29,6926.0,0.0,-107615352.0,0.0,-0.0,0.0,0.0,0.0,0.0,69,-0.0,0.0,0.0,0.0,0.0,0.0,0.0,0.0,0.0,0,0,0,0.0,0.0,0.0,0.0,0.0,0.0,0.0,0.0,0.0,0.0,0.0,0.0,0.0,0.0,0.0,0.0,0,-107875648.0,69,0.0,138,0.0,0.0,0,13107,17085,0,17098,0,17078,0,0,0,70,68,100,0.0,82.1,0.0,77.7,2.730238639235042e+23,78.5,1,49,50,180,26215,39322,0,0,0.0,0.0,0.0,0.0,-0.0,67.0,0.0,162057.094,0.0,967,0,988,0,0,0,946,0,1010,0,910,0,787,0,776,0,821,0,7520,0.032,1.5852670688344146e+19,0.0,0.0,784,16797,-0.0,162057.094,-114818.039,-0.0,0.133,6.909358625270745e+28,30.0,70.0,35,0.0,0.0,0.0,0.0,0.0,0.0,0.0,0.0,0.0,0.0,0.0,0.0,0.0,0.0,0.0,0.0,66.4,0,150,71,51,65476,0,300,0,0,8,20529,65476,0,0,44564,70.0,0.0,0.0,0.0,0.0,0.0
2026-09-10T21:54:51,ERR,ERR,ERR,ERR,ERR,ERR,ERR,ERR,ERR,ERR,ERR,ERR,ERR,ERR,ERR,ERR,ERR,ERR,ERR,ERR,ERR,ERR,ERR,ERR,ERR,ERR,ERR,ERR,ERR,ERR,ERR,ERR,ERR,ERR,ERR,ERR,ERR,ERR,ERR,ERR,ERR,ERR,ERR,ERR,ERR,ERR,ERR,ERR,ERR,ERR,ERR,ERR,ERR,ERR,ERR,ERR,ERR,ERR,ERR,ERR,ERR,ERR,ERR,ERR,ERR,ERR,ERR,ERR,ERR,ERR,ERR,ERR,ERR,ERR,ERR,ERR,ERR,ERR,ERR,ERR,ERR,ERR,ERR,ERR,ERR,ERR,ERR,ERR,ERR,ERR,ERR,ERR,ERR,ERR,ERR,ERR,ERR,ERR,ERR,ERR,ERR,ERR,ERR,ERR,ERR,ERR,ERR,ERR,ERR,ERR,ERR,ERR,ERR,ERR,ERR,ERR,ERR,ERR,ERR,ERR,ERR,ERR,ERR,ERR,ERR,0.0,-107615352.0,-0.0,0.0,0.0,1.3936040501711995e+18,7.805,0.0,0,0,4,0,7116,0.0,100,0.0,0.0,0.0,0.0,0.0,0,0,0,0,0.0,0,0,0,0,0,0,0,0,0,0,0,0,0,0,0,0,0,0,0,0,0,0,0,0,0,0,0,0,0,0,0,0,0,31,40,40,71,65476,0,300,0,0,8,21553,0.0,-107605600.0,0.0,0.0,0.0,0.0,0.0,0.0,0.0,0.0,0.0,0.0,0.0,0.0,0.0,0.0,0.0,0.0,0.0,0.0,0.0,0.0,-2.004,0.0,2.004,0.0,0.0,0.0,0.0,0.0,4519.0,1.5879265196943865e+29,6926.0,0.0,-107615352.0,0.0,-0.0,0.0,0.0,0.0,0.0,69,-0.0,0.0,0.0,0.0,0.0,0.0,0.0,0.0,0.0,0,0,0,0.0,0.0,0.0,0.0,0.0,0.0,0.0,0.0,0.0,0.0,0.0,0.0,0.0,0.0,0.0,0.0,0,-107875648.0,69,0.0,138,0.0,0.0,0,13107,17085,0,17098,0,17078,0,0,0,70,68,100,0.0,82.1,0.0,77.7,2.730238639235042e+23,78.5,1,49,50,180,26215,39322,0,0,0.0,0.0,0.0,0.0,-0.0,67.0,0.0,162057.094,0.0,967,0,988,0,0,0,946,0,1010,0,910,0,787,0,776,0,821,0,7520,0.032,1.5924728282382074e+19,0.0,0.0,784,16797,-0.0,162057.094,-114818.039,-0.0,0.133,6.909358625270745e+28,30.0,70.0,35,0.0,0.0,0.0,0.0,0.0,0.0,0.0,0.0,0.0,0.0,0.0,0.0,0.0,0.0,0.0,0.0,66.8,0,150,71,51,65476,0,300,0,0,8,20529,65476,0,0,44564,70.0,0.0,0.0,0.0,0.0,0.0
2026-09-10T21:54:52,ERR,ERR,ERR,ERR,ERR,ERR,ERR,ERR,ERR,ERR,ERR,ERR,ERR,ERR,ERR,ERR,ERR,ERR,ERR,ERR,ERR,ERR,ERR,ERR,ERR,ERR,ERR,ERR,ERR,ERR,ERR,ERR,ERR,ERR,ERR,ERR,ERR,ERR,ERR,ERR,ERR,ERR,ERR,ERR,ERR,ERR,ERR,ERR,ERR,ERR,ERR,ERR,ERR,ERR,ERR,ERR,ERR,ERR,ERR,ERR,ERR,ERR,ERR,ERR,ERR,ERR,ERR,ERR,ERR,ERR,ERR,ERR,ERR,ERR,ERR,ERR,ERR,ERR,ERR,ERR,ERR,ERR,ERR,ERR,ERR,ERR,ERR,ERR,ERR,ERR,ERR,ERR,ERR,ERR,ERR,ERR,ERR,ERR,ERR,ERR,ERR,ERR,ERR,ERR,ERR,ERR,ERR,ERR,ERR,ERR,ERR,ERR,ERR,ERR,ERR,ERR,ERR,ERR,ERR,ERR,ERR,ERR,ERR,ERR,ERR,0.0,-107615352.0,-0.0,0.0,0.0,1.3936040501711995e+18,7.805,0.0,0,0,4,0,7116,0.0,100,0.0,0.0,0.0,0.0,0.0,0,0,0,0,0.0,0,0,0,0,0,0,0,0,0,0,0,0,0,0,0,0,0,0,0,0,0,0,0,0,0,0,0,0,0,0,0,0,0,31,40,40,71,65476,0,300,0,0,8,21553,0.0,-107605600.0,0.0,0.0,0.0,0.0,0.0,0.0,0.0,0.0,0.0,0.0,0.0,0.0,0.0,0.0,0.0,0.0,0.0,0.0,0.0,0.0,-2.004,0.0,2.004,0.0,0.0,0.0,0.0,0.0,4519.0,1.5879265196943865e+29,6926.0,0.0,-107615352.0,0.0,-0.0,0.0,0.0,0.0,0.0,69,-0.0,0.0,0.0,0.0,0.0,0.0,0.0,0.0,0.0,0,0,0,0.0,0.0,0.0,0.0,0.0,0.0,0.0,0.0,0.0,0.0,0.0,0.0,0.0,0.0,0.0,0.0,0,-107875648.0,69,0.0,138,0.0,0.0,0,13107,17085,0,17098,0,17078,0,0,0,70,68,100,0.0,82.1,0.0,77.7,2.730238639235042e+23,78.5,1,49,50,180,26215,39322,0,0,0.0,0.0,0.0,0.0,-0.0,67.0,0.0,162057.094,0.0,967,0,988,0,0,0,946,0,1010,0,910,0,787,0,776,0,821,0,7520,0.032,1.5924728282382074e+19,0.0,0.0,784,16797,-0.0,162057.094,-114818.039,-0.0,0.133,6.909358625270745e+28,30.0,70.0,35,0.0,0.0,0.0,0.0,0.0,0.0,0.0,0.0,0.0,0.0,0.0,0.0,0.0,0.0,0.0,0.0,66.8,0,150,71,51,65476,0,300,0,0,8,20529,65476,0,0,44564,70.0,0.0,0.0,0.0,0.0,0.0
2026-09-10T21:54:53,ERR,ERR,ERR,ERR,ERR,ERR,ERR,ERR,ERR,ERR,ERR,ERR,ERR,ERR,ERR,ERR,ERR,ERR,ERR,ERR,ERR,ERR,ERR,ERR,ERR,ERR,ERR,ERR,ERR,ERR,ERR,ERR,ERR,ERR,ERR,ERR,ERR,ERR,ERR,ERR,ERR,ERR,ERR,ERR,ERR,ERR,ERR,ERR,ERR,ERR,ERR,ERR,ERR,ERR,ERR,ERR,ERR,ERR,ERR,ERR,ERR,ERR,ERR,ERR,ERR,ERR,ERR,ERR,ERR,ERR,ERR,ERR,ERR,ERR,ERR,ERR,ERR,ERR,ERR,ERR,ERR,ERR,ERR,ERR,ERR,ERR,ERR,ERR,ERR,ERR,ERR,ERR,ERR,ERR,ERR,ERR,ERR,ERR,ERR,ERR,ERR,ERR,ERR,ERR,ERR,ERR,ERR,ERR,ERR,ERR,ERR,ERR,ERR,ERR,ERR,ERR,ERR,ERR,ERR,ERR,ERR,ERR,ERR,ERR,ERR,0.0,-107615352.0,-0.0,0.0,0.0,1.3936040501711995e+18,7.805,0.0,0,0,4,0,7116,0.0,100,0.0,0.0,0.0,0.0,0.0,0,0,0,0,0.0,0,0,0,0,0,0,0,0,0,0,0,0,0,0,0,0,0,0,0,0,0,0,0,0,0,0,0,0,0,0,0,0,0,31,40,40,71,65476,0,300,0,0,8,21553,0.0,-107605600.0,0.0,0.0,0.0,0.0,0.0,0.0,0.0,0.0,0.0,0.0,0.0,0.0,0.0,0.0,0.0,0.0,0.0,0.0,0.0,0.0,-2.004,0.0,2.004,0.0,0.0,0.0,0.0,0.0,4519.0,1.5879265196943865e+29,6926.0,0.0,-107615352.0,0.0,-0.0,0.0,0.0,0.0,0.0,69,-0.0,0.0,0.0,0.0,0.0,0.0,0.0,0.0,0.0,0,0,0,0.0,0.0,0.0,0.0,0.0,0.0,0.0,0.0,0.0,0.0,0.0,0.0,0.0,0.0,0.0,0.0,0,-107875648.0,69,0.0,138,0.0,0.0,0,13107,17085,0,17098,0,17078,0,0,0,70,68,100,0.0,82.1,0.0,77.7,2.730238639235042e+23,78.5,1,49,50,180,26215,39322,0,0,0.0,0.0,0.0,0.0,-0.0,67.0,0.0,162057.094,0.0,967,0,988,0,0,0,946,0,1010,0,910,0,787,0,776,0,821,0,7520,0.032,1.5924728282382074e+19,0.0,0.0,784,16797,-0.0,162057.094,-114818.039,-0.0,0.133,6.909358625270745e+28,30.0,70.0,35,0.0,0.0,0.0,0.0,0.0,0.0,0.0,0.0,0.0,0.0,0.0,0.0,0.0,0.0,0.0,0.0,66.8,0,150,71,51,65476,0,300,0,0,8,20529,65476,0,0,44564,70.0,0.0,0.0,0.0,0.0,0.0
2026-09-10T21:54:54,ERR,ERR,ERR,ERR,ERR,ERR,ERR,ERR,ERR,ERR,ERR,ERR,ERR,ERR,ERR,ERR,ERR,ERR,ERR,ERR,ERR,ERR,ERR,ERR,ERR,ERR,ERR,ERR,ERR,ERR,ERR,ERR,ERR,ERR,ERR,ERR,ERR,ERR,ERR,ERR,ERR,ERR,ERR,ERR,ERR,ERR,ERR,ERR,ERR,ERR,ERR,ERR,ERR,ERR,ERR,ERR,ERR,ERR,ERR,ERR,ERR,ERR,ERR,ERR,ERR,ERR,ERR,ERR,ERR,ERR,ERR,ERR,ERR,ERR,ERR,ERR,ERR,ERR,ERR,ERR,ERR,ERR,ERR,ERR,ERR,ERR,ERR,ERR,ERR,ERR,ERR,ERR,ERR,ERR,ERR,ERR,ERR,ERR,ERR,ERR,ERR,ERR,ERR,ERR,ERR,ERR,ERR,ERR,ERR,ERR,ERR,ERR,ERR,ERR,ERR,ERR,ERR,ERR,ERR,ERR,ERR,ERR,ERR,ERR,ERR,0.0,-107615352.0,-0.0,0.0,0.0,1.3936040501711995e+18,7.805,0.0,0,0,4,0,7116,0.0,100,0.0,0.0,0.0,0.0,0.0,0,0,0,0,0.0,0,0,0,0,0,0,0,0,0,0,0,0,0,0,0,0,0,0,0,0,0,0,0,0,0,0,0,0,0,0,0,0,0,31,40,40,71,65476,0,300,0,0,8,21553,0.0,-107605600.0,0.0,0.0,0.0,0.0,0.0,0.0,0.0,0.0,0.0,0.0,0.0,0.0,0.0,0.0,0.0,0.0,0.0,0.0,0.0,0.0,-2.004,0.0,2.004,0.0,0.0,0.0,0.0,0.0,4519.0,1.5879265196943865e+29,6926.0,0.0,-107615352.0,0.0,-0.0,0.0,0.0,0.0,0.0,69,-0.0,0.0,0.0,0.0,0.0,0.0,0.0,0.0,0.0,0,0,0,0.0,0.0,0.0,0.0,0.0,0.0,0.0,0.0,0.0,0.0,0.0,0.0,0.0,0.0,0.0,0.0,0,-107875648.0,69,0.0,138,0.0,0.0,0,13107,17085,0,17098,0,17078,0,0,0,70,68,100,0.0,82.1,0.0,77.7,2.730238639235042e+23,78.5,1,49,50,180,26215,39322,0,0,0.0,0.0,0.0,0.0,-0.0,67.0,0.0,162057.094,0.0,967,0,988,0,0,0,946,0,1010,0,910,0,787,0,776,0,821,0,7520,0.032,1.5924728282382074e+19,0.0,0.0,784,16797,-0.0,162057.094,-114818.039,-0.0,0.133,6.909358625270745e+28,30.0,70.0,35,0.0,0.0,0.0,0.0,0.0,0.0,0.0,0.0,0.0,0.0,0.0,0.0,0.0,0.0,0.0,0.0,66.4,0,150,71,51,65476,0,300,0,0,8,20529,65476,0,0,44564,70.0,0.0,0.0,0.0,0.0,0.0
2026-09-10T21:54:55,ERR,ERR,ERR,ERR,ERR,ERR,ERR,ERR,ERR,ERR,ERR,ERR,ERR,ERR,ERR,ERR,ERR,ERR,ERR,ERR,ERR,ERR,ERR,ERR,ERR,ERR,ERR,ERR,ERR,ERR,ERR,ERR,ERR,ERR,ERR,ERR,ERR,ERR,ERR,ERR,ERR,ERR,ERR,ERR,ERR,ERR,ERR,ERR,ERR,ERR,ERR,ERR,ERR,ERR,ERR,ERR,ERR,ERR,ERR,ERR,ERR,ERR,ERR,ERR,ERR,ERR,ERR,ERR,ERR,ERR,ERR,ERR,ERR,ERR,ERR,ERR,ERR,ERR,ERR,ERR,ERR,ERR,ERR,ERR,ERR,ERR,ERR,ERR,ERR,ERR,ERR,ERR,ERR,ERR,ERR,ERR,ERR,ERR,ERR,ERR,ERR,ERR,ERR,ERR,ERR,ERR,ERR,ERR,ERR,ERR,ERR,ERR,ERR,ERR,ERR,ERR,ERR,ERR,ERR,ERR,ERR,ERR,ERR,ERR,ERR,0.0,-107615352.0,-0.0,0.0,0.0,1.3936040501711995e+18,7.805,0.0,0,0,4,0,7116,0.0,100,0.0,0.0,0.0,0.0,0.0,0,0,0,0,0.0,0,0,0,0,0,0,0,0,0,0,0,0,0,0,0,0,0,0,0,0,0,0,0,0,0,0,0,0,0,0,0,0,0,31,40,40,71,65476,0,300,0,0,8,21553,0.0,-107605600.0,0.0,0.0,0.0,0.0,0.0,0.0,0.0,0.0,0.0,0.0,0.0,0.0,0.0,0.0,0.0,0.0,0.0,0.0,0.0,0.0,-2.004,0.0,2.004,0.0,0.0,0.0,0.0,0.0,4519.0,1.5879265196943865e+29,6926.0,0.0,-107615352.0,0.0,-0.0,0.0,0.0,0.0,0.0,69,-0.0,0.0,0.0,0.0,0.0,0.0,0.0,0.0,0.0,0,0,0,0.0,0.0,0.0,0.0,0.0,0.0,0.0,0.0,0.0,0.0,0.0,0.0,0.0,0.0,0.0,0.0,0,-107875648.0,69,0.0,138,0.0,0.0,0,13107,17085,0,17098,0,17078,0,0,0,70,68,100,0.0,82.1,0.0,77.7,2.730238639235042e+23,78.5,1,49,50,180,26215,39322,0,0,0.0,0.0,0.0,0.0,-0.0,67.0,0.0,162057.094,0.0,967,0,988,0,0,0,946,0,1010,0,910,0,787,0,776,0,821,0,7520,0.032,1.5924728282382074e+19,0.0,0.0,784,16797,-0.0,162057.094,-114818.039,-0.0,0.133,6.909358625270745e+28,30.0,70.0,35,0.0,0.0,0.0,0.0,0.0,0.0,0.0,0.0,0.0,0.0,0.0,0.0,0.0,0.0,0.0,0.0,66.4,0,150,71,51,65476,0,300,0,0,8,20529,65476,0,0,44564,70.0,0.0,0.0,0.0,0.0,0.0
2026-09-10T21:54:56,ERR,ERR,ERR,ERR,ERR,ERR,ERR,ERR,ERR,ERR,ERR,ERR,ERR,ERR,ERR,ERR,ERR,ERR,ERR,ERR,ERR,ERR,ERR,ERR,ERR,ERR,ERR,ERR,ERR,ERR,ERR,ERR,ERR,ERR,ERR,ERR,ERR,ERR,ERR,ERR,ERR,ERR,ERR,ERR,ERR,ERR,ERR,ERR,ERR,ERR,ERR,ERR,ERR,ERR,ERR,ERR,ERR,ERR,ERR,ERR,ERR,ERR,ERR,ERR,ERR,ERR,ERR,ERR,ERR,ERR,ERR,ERR,ERR,ERR,ERR,ERR,ERR,ERR,ERR,ERR,ERR,ERR,ERR,ERR,ERR,ERR,ERR,ERR,ERR,ERR,ERR,ERR,ERR,ERR,ERR,ERR,ERR,ERR,ERR,ERR,ERR,ERR,ERR,ERR,ERR,ERR,ERR,ERR,ERR,ERR,ERR,ERR,ERR,ERR,ERR,ERR,ERR,ERR,ERR,ERR,ERR,ERR,ERR,ERR,ERR,0.0,-107615352.0,-0.0,0.0,0.0,1.3936040501711995e+18,7.805,0.0,0,0,4,0,7116,0.0,100,0.0,0.0,0.0,0.0,0.0,0,0,0,0,0.0,0,0,0,0,0,0,0,0,0,0,0,0,0,0,0,0,0,0,0,0,0,0,0,0,0,0,0,0,0,0,0,0,0,31,40,40,71,65476,0,300,0,0,8,21553,0.0,-107605600.0,0.0,0.0,0.0,0.0,0.0,0.0,0.0,0.0,0.0,0.0,0.0,0.0,0.0,0.0,0.0,0.0,0.0,0.0,0.0,0.0,-2.004,0.0,2.004,0.0,0.0,0.0,0.0,0.0,4519.0,1.5879265196943865e+29,6926.0,0.0,-107615352.0,0.0,-0.0,0.0,0.0,0.0,0.0,69,-0.0,0.0,0.0,0.0,0.0,0.0,0.0,0.0,0.0,0,0,0,0.0,0.0,0.0,0.0,0.0,0.0,0.0,0.0,0.0,0.0,0.0,0.0,0.0,0.0,0.0,0.0,0,-107875648.0,69,0.0,138,0.0,0.0,0,13107,17085,0,17098,0,17078,0,0,0,70,68,100,0.0,82.1,0.0,77.7,2.730238639235042e+23,78.5,1,49,50,180,26215,39322,0,0,0.0,0.0,0.0,0.0,-0.0,67.0,0.0,162057.094,0.0,967,0,988,0,0,0,946,0,1010,0,910,0,787,0,776,0,821,0,7520,0.032,1.5924728282382074e+19,0.0,0.0,784,16797,-0.0,162057.094,-114818.039,-0.0,0.133,6.909358625270745e+28,30.0,70.0,35,0.0,0.0,0.0,0.0,0.0,0.0,0.0,0.0,0.0,0.0,0.0,0.0,0.0,0.0,0.0,0.0,66.4,0,150,71,51,65476,0,300,0,0,8,20529,65476,0,0,44564,70.0,0.0,0.0,0.0,0.0,0.0
2026-09-10T21:54:57,ERR,ERR,ERR,ERR,ERR,ERR,ERR,ERR,ERR,ERR,ERR,ERR,ERR,ERR,ERR,ERR,ERR,ERR,ERR,ERR,ERR,ERR,ERR,ERR,ERR,ERR,ERR,ERR,ERR,ERR,ERR,ERR,ERR,ERR,ERR,ERR,ERR,ERR,ERR,ERR,ERR,ERR,ERR,ERR,ERR,ERR,ERR,ERR,ERR,ERR,ERR,ERR,ERR,ERR,ERR,ERR,ERR,ERR,ERR,ERR,ERR,ERR,ERR,ERR,ERR,ERR,ERR,ERR,ERR,ERR,ERR,ERR,ERR,ERR,ERR,ERR,ERR,ERR,ERR,ERR,ERR,ERR,ERR,ERR,ERR,ERR,ERR,ERR,ERR,ERR,ERR,ERR,ERR,ERR,ERR,ERR,ERR,ERR,ERR,ERR,ERR,ERR,ERR,ERR,ERR,ERR,ERR,ERR,ERR,ERR,ERR,ERR,ERR,ERR,ERR,ERR,ERR,ERR,ERR,ERR,ERR,ERR,ERR,ERR,ERR,0.0,-107615352.0,-0.0,0.0,0.0,1.3936040501711995e+18,7.805,0.0,0,0,4,0,7116,0.0,100,0.0,0.0,0.0,0.0,0.0,0,0,0,0,0.0,0,0,0,0,0,0,0,0,0,0,0,0,0,0,0,0,0,0,0,0,0,0,0,0,0,0,0,0,0,0,0,0,0,31,40,40,71,65476,0,300,0,0,8,21553,0.0,-107605600.0,0.0,0.0,0.0,0.0,0.0,0.0,0.0,0.0,0.0,0.0,0.0,0.0,0.0,0.0,0.0,0.0,0.0,0.0,0.0,0.0,-2.004,0.0,2.004,0.0,0.0,0.0,0.0,0.0,4519.0,1.5879265196943865e+29,6926.0,0.0,-107615352.0,0.0,-0.0,0.0,0.0,0.0,0.0,69,-0.0,0.0,0.0,0.0,0.0,0.0,0.0,0.0,0.0,0,0,0,0.0,0.0,0.0,0.0,0.0,0.0,0.0,0.0,0.0,0.0,0.0,0.0,0.0,0.0,0.0,0.0,0,-107875648.0,69,0.0,138,0.0,0.0,0,13107,17085,0,17098,0,17078,0,0,0,70,68,100,0.0,82.1,0.0,77.7,2.730238639235042e+23,78.5,1,49,50,180,13107,39322,0,0,0.0,0.0,0.0,0.0,-0.0,67.0,0.0,162057.094,0.0,967,0,988,0,0,0,946,0,1009,0,910,0,787,0,776,0,821,0,7520,0.032,1.5852670688344146e+19,0.0,0.0,784,16797,-0.0,162057.094,-114818.039,-0.0,0.133,6.909358625270745e+28,30.0,70.0,35,0.0,0.0,0.0,0.0,0.0,0.0,0.0,0.0,0.0,0.0,0.0,0.0,0.0,0.0,0.0,0.0,66.4,0,150,71,51,65476,0,300,0,0,8,20529,65476,0,0,44564,70.0,0.0,0.0,0.0,0.0,0.0
2026-09-10T21:54:58,ERR,ERR,ERR,ERR,ERR,ERR,ERR,ERR,ERR,ERR,ERR,ERR,ERR,ERR,ERR,ERR,ERR,ERR,ERR,ERR,ERR,ERR,ERR,ERR,ERR,ERR,ERR,ERR,ERR,ERR,ERR,ERR,ERR,ERR,ERR,ERR,ERR,ERR,ERR,ERR,ERR,ERR,ERR,ERR,ERR,ERR,ERR,ERR,ERR,ERR,ERR,ERR,ERR,ERR,ERR,ERR,ERR,ERR,ERR,ERR,ERR,ERR,ERR,ERR,ERR,ERR,ERR,ERR,ERR,ERR,ERR,ERR,ERR,ERR,ERR,ERR,ERR,ERR,ERR,ERR,ERR,ERR,ERR,ERR,ERR,ERR,ERR,ERR,ERR,ERR,ERR,ERR,ERR,ERR,ERR,ERR,ERR,ERR,ERR,ERR,ERR,ERR,ERR,ERR,ERR,ERR,ERR,ERR,ERR,ERR,ERR,ERR,ERR,ERR,ERR,ERR,ERR,ERR,ERR,ERR,ERR,ERR,ERR,ERR,ERR,0.0,-107615352.0,-0.0,0.0,0.0,1.3936040501711995e+18,7.805,0.0,0,0,4,0,7116,0.0,100,0.0,0.0,0.0,0.0,0.0,0,0,0,0,0.0,0,0,0,0,0,0,0,0,0,0,0,0,0,0,0,0,0,0,0,0,0,0,0,0,0,0,0,0,0,0,0,0,0,31,40,40,71,65476,0,300,0,0,8,21553,0.0,-107605600.0,0.0,0.0,0.0,0.0,0.0,0.0,0.0,0.0,0.0,0.0,0.0,0.0,0.0,0.0,0.0,0.0,0.0,0.0,0.0,0.0,-2.004,-2.004,2.004,0.0,0.0,0.0,0.0,0.0,4543.0,1.5879265196943865e+29,6926.0,0.0,-107615352.0,0.0,-107615304.0,0.0,0.0,0.0,0.0,69,-0.0,0.0,0.0,0.0,0.0,0.0,0.0,0.0,0.0,0,0,0,0.0,0.0,0.0,0.0,0.0,0.0,0.0,0.0,0.0,0.0,0.0,0.0,0.0,0.0,0.0,0.0,0,-107875648.0,69,0.0,138,0.0,0.0,0,13107,17085,0,17098,0,17078,0,0,0,70,68,100,0.0,82.1,0.0,77.7,2.730238639235042e+23,78.5,1,49,50,180,13107,39322,0,0,0.0,0.0,0.0,0.0,-0.0,67.0,0.0,162057.094,0.0,967,0,988,0,0,0,946,0,1009,0,910,0,787,0,776,0,821,0,7520,0.032,1.5852670688344146e+19,0.0,0.0,784,16797,-0.0,162057.094,-114818.039,-0.0,0.133,6.909358625270745e+28,30.0,70.0,35,0.0,0.0,0.0,0.0,0.0,0.0,0.0,0.0,0.0,0.0,0.0,0.0,0.0,0.0,0.0,0.0,66.4,0,150,71,51,65476,0,300,0,0,8,20529,65476,0,0,44564,70.0,0.0,0.0,0.0,0.0,0.0
2026-09-10T21:54:59,ERR,ERR,ERR,ERR,ERR,ERR,ERR,ERR,ERR,ERR,ERR,ERR,ERR,ERR,ERR,ERR,ERR,ERR,ERR,ERR,ERR,ERR,ERR,ERR,ERR,ERR,ERR,ERR,ERR,ERR,ERR,ERR,ERR,ERR,ERR,ERR,ERR,ERR,ERR,ERR,ERR,ERR,ERR,ERR,ERR,ERR,ERR,ERR,ERR,ERR,ERR,ERR,ERR,ERR,ERR,ERR,ERR,ERR,ERR,ERR,ERR,ERR,ERR,ERR,ERR,ERR,ERR,ERR,ERR,ERR,ERR,ERR,ERR,ERR,ERR,ERR,ERR,ERR,ERR,ERR,ERR,ERR,ERR,ERR,ERR,ERR,ERR,ERR,ERR,ERR,ERR,ERR,ERR,ERR,ERR,ERR,ERR,ERR,ERR,ERR,ERR,ERR,ERR,ERR,ERR,ERR,ERR,ERR,ERR,ERR,ERR,ERR,ERR,ERR,ERR,ERR,ERR,ERR,ERR,ERR,ERR,ERR,ERR,ERR,ERR,0.0,-107615352.0,-0.0,0.0,0.0,1.3936040501711995e+18,7.805,0.0,0,0,4,0,7116,0.0,100,0.0,0.0,0.0,0.0,0.0,0,0,0,0,0.0,0,0,0,0,0,0,0,0,0,0,0,0,0,0,0,0,0,0,0,0,0,0,0,0,0,0,0,0,0,0,0,0,0,31,40,40,71,65476,0,300,0,0,8,21553,0.0,-107605600.0,0.0,0.0,0.0,0.0,0.0,0.0,0.0,0.0,0.0,0.0,0.0,0.0,0.0,0.0,0.0,0.0,0.0,0.0,0.0,0.0,-2.004,-2.004,2.004,0.0,0.0,0.0,0.0,0.0,4543.0,1.5879265196943865e+29,6926.0,0.0,-107615352.0,0.0,-107615304.0,0.0,0.0,0.0,0.0,69,-0.0,0.0,0.0,0.0,0.0,0.0,0.0,0.0,0.0,0,0,0,0.0,0.0,0.0,0.0,0.0,0.0,0.0,0.0,0.0,0.0,0.0,0.0,0.0,0.0,0.0,0.0,0,-107875648.0,69,0.0,138,0.0,0.0,0,13107,17085,0,17098,0,17078,0,0,0,70,68,100,0.0,82.1,0.0,77.7,2.730238639235042e+23,78.5,1,49,50,180,13107,39322,0,0,0.0,0.0,0.0,0.0,-0.0,67.0,0.0,162057.094,0.0,967,0,988,0,0,0,946,0,1009,0,910,0,787,0,776,0,821,0,7520,0.032,1.5852670688344146e+19,0.0,0.0,784,16797,-0.0,162057.094,-114818.039,-0.0,0.133,6.909358625270745e+28,30.0,70.0,35,0.0,0.0,0.0,0.0,0.0,0.0,0.0,0.0,0.0,0.0,0.0,0.0,0.0,0.0,0.0,0.0,66.8,0,150,71,51,65476,0,300,0,0,8,20529,65476,0,0,44564,70.0,0.0,0.0,0.0,0.0,0.0
2026-09-10T21:55:00,ERR,ERR,ERR,ERR,ERR,ERR,ERR,ERR,ERR,ERR,ERR,ERR,ERR,ERR,ERR,ERR,ERR,ERR,ERR,ERR,ERR,ERR,ERR,ERR,ERR,ERR,ERR,ERR,ERR,ERR,ERR,ERR,ERR,ERR,ERR,ERR,ERR,ERR,ERR,ERR,ERR,ERR,ERR,ERR,ERR,ERR,ERR,ERR,ERR,ERR,ERR,ERR,ERR,ERR,ERR,ERR,ERR,ERR,ERR,ERR,ERR,ERR,ERR,ERR,ERR,ERR,ERR,ERR,ERR,ERR,ERR,ERR,ERR,ERR,ERR,ERR,ERR,ERR,ERR,ERR,ERR,ERR,ERR,ERR,ERR,ERR,ERR,ERR,ERR,ERR,ERR,ERR,ERR,ERR,ERR,ERR,ERR,ERR,ERR,ERR,ERR,ERR,ERR,ERR,ERR,ERR,ERR,ERR,ERR,ERR,ERR,ERR,ERR,ERR,ERR,ERR,ERR,ERR,ERR,ERR,ERR,ERR,ERR,ERR,ERR,0.0,-107615352.0,-0.0,0.0,0.0,1.3936040501711995e+18,7.805,0.0,0,0,4,0,7116,0.0,100,0.0,0.0,0.0,0.0,0.0,0,0,0,0,0.0,0,0,0,0,0,0,0,0,0,0,0,0,0,0,0,0,0,0,0,0,0,0,0,0,0,0,0,0,0,0,0,0,0,31,40,40,71,65476,0,300,0,0,8,21553,0.0,-107605600.0,0.0,0.0,0.0,0.0,0.0,0.0,0.0,0.0,0.0,0.0,0.0,0.0,0.0,0.0,0.0,0.0,0.0,0.0,0.0,0.0,-2.004,-2.004,2.004,0.0,0.0,0.0,0.0,0.0,4543.0,1.5879265196943865e+29,6926.0,0.0,-107615352.0,0.0,-107615304.0,0.0,0.0,0.0,0.0,69,-0.0,0.0,0.0,0.0,0.0,0.0,0.0,0.0,0.0,0,0,0,0.0,0.0,0.0,0.0,0.0,0.0,0.0,0.0,0.0,0.0,0.0,0.0,0.0,0.0,0.0,0.0,0,-107875648.0,69,0.0,138,0.0,0.0,0,13107,17085,0,17098,0,17078,0,0,0,70,68,100,0.0,82.1,0.0,77.7,2.730238639235042e+23,78.5,1,49,50,180,13107,39322,0,0,0.0,0.0,0.0,0.0,-0.0,67.0,0.0,162057.094,0.0,967,0,988,0,0,0,946,0,1009,0,910,0,787,0,776,0,821,0,7520,0.032,1.5852670688344146e+19,0.0,0.0,784,16797,-0.0,162057.094,-114818.039,-0.0,0.133,6.909358625270745e+28,30.0,70.0,35,0.0,0.0,0.0,0.0,0.0,0.0,0.0,0.0,0.0,0.0,0.0,0.0,0.0,0.0,0.0,0.0,66.8,0,150,71,51,65476,0,300,0,0,8,20529,65476,0,0,44564,70.0,0.0,0.0,0.0,0.0,0.0
2026-09-10T21:55:01,ERR,ERR,ERR,ERR,ERR,ERR,ERR,ERR,ERR,ERR,ERR,ERR,ERR,ERR,ERR,ERR,ERR,ERR,ERR,ERR,ERR,ERR,ERR,ERR,ERR,ERR,ERR,ERR,ERR,ERR,ERR,ERR,ERR,ERR,ERR,ERR,ERR,ERR,ERR,ERR,ERR,ERR,ERR,ERR,ERR,ERR,ERR,ERR,ERR,ERR,ERR,ERR,ERR,ERR,ERR,ERR,ERR,ERR,ERR,ERR,ERR,ERR,ERR,ERR,ERR,ERR,ERR,ERR,ERR,ERR,ERR,ERR,ERR,ERR,ERR,ERR,ERR,ERR,ERR,ERR,ERR,ERR,ERR,ERR,ERR,ERR,ERR,ERR,ERR,ERR,ERR,ERR,ERR,ERR,ERR,ERR,ERR,ERR,ERR,ERR,ERR,ERR,ERR,ERR,ERR,ERR,ERR,ERR,ERR,ERR,ERR,ERR,ERR,ERR,ERR,ERR,ERR,ERR,ERR,ERR,ERR,ERR,ERR,ERR,ERR,0.0,-107615352.0,-0.0,0.0,0.0,1.3936040501711995e+18,7.805,0.0,0,0,4,0,7116,0.0,100,0.0,0.0,0.0,0.0,0.0,0,0,0,0,0.0,0,0,0,0,0,0,0,0,0,0,0,0,0,0,0,0,0,0,0,0,0,0,0,0,0,0,0,0,0,0,0,0,0,31,40,40,71,65476,0,300,0,0,8,21553,0.0,-107605600.0,0.0,0.0,0.0,0.0,0.0,0.0,0.0,0.0,0.0,0.0,0.0,0.0,0.0,0.0,0.0,0.0,0.0,0.0,0.0,0.0,-2.004,-2.004,2.004,0.0,0.0,0.0,0.0,0.0,4543.0,1.5879265196943865e+29,6926.0,0.0,-107615352.0,0.0,-107615304.0,0.0,0.0,0.0,0.0,69,-0.0,0.0,0.0,0.0,0.0,0.0,0.0,0.0,0.0,0,0,0,0.0,0.0,0.0,0.0,0.0,0.0,0.0,0.0,0.0,0.0,0.0,0.0,0.0,0.0,0.0,0.0,0,-107875648.0,69,0.0,138,0.0,0.0,0,13107,17085,0,17098,0,17078,0,0,0,70,68,100,0.0,82.1,0.0,77.7,2.730238639235042e+23,78.5,1,49,50,180,13107,39322,0,0,0.0,0.0,0.0,0.0,-0.0,67.0,0.0,162057.094,0.0,967,0,988,0,0,0,946,0,1009,0,910,0,787,0,776,0,821,0,7520,0.032,1.5852670688344146e+19,0.0,0.0,784,16797,-0.0,162057.094,-114818.039,-0.0,0.133,6.909358625270745e+28,30.0,70.0,35,0.0,0.0,0.0,0.0,0.0,0.0,0.0,0.0,0.0,0.0,0.0,0.0,0.0,0.0,0.0,0.0,66.8,0,150,71,51,65476,0,300,0,0,8,20529,65476,0,0,44564,70.0,0.0,0.0,0.0,0.0,0.0
2026-09-10T21:55:02,ERR,ERR,ERR,ERR,ERR,ERR,ERR,ERR,ERR,ERR,ERR,ERR,ERR,ERR,ERR,ERR,ERR,ERR,ERR,ERR,ERR,ERR,ERR,ERR,ERR,ERR,ERR,ERR,ERR,ERR,ERR,ERR,ERR,ERR,ERR,ERR,ERR,ERR,ERR,ERR,ERR,ERR,ERR,ERR,ERR,ERR,ERR,ERR,ERR,ERR,ERR,ERR,ERR,ERR,ERR,ERR,ERR,ERR,ERR,ERR,ERR,ERR,ERR,ERR,ERR,ERR,ERR,ERR,ERR,ERR,ERR,ERR,ERR,ERR,ERR,ERR,ERR,ERR,ERR,ERR,ERR,ERR,ERR,ERR,ERR,ERR,ERR,ERR,ERR,ERR,ERR,ERR,ERR,ERR,ERR,ERR,ERR,ERR,ERR,ERR,ERR,ERR,ERR,ERR,ERR,ERR,ERR,ERR,ERR,ERR,ERR,ERR,ERR,ERR,ERR,ERR,ERR,ERR,ERR,ERR,ERR,ERR,ERR,ERR,ERR,0.0,-107615352.0,-0.0,0.0,0.0,1.3936040501711995e+18,7.805,0.0,0,0,4,0,7116,0.0,100,0.0,0.0,0.0,0.0,0.0,0,0,0,0,0.0,0,0,0,0,0,0,0,0,0,0,0,0,0,0,0,0,0,0,0,0,0,0,0,0,0,0,0,0,0,0,0,0,0,31,40,40,71,65476,0,300,0,0,8,21553,0.0,-107605600.0,0.0,0.0,0.0,0.0,0.0,0.0,0.0,0.0,0.0,0.0,0.0,0.0,0.0,0.0,0.0,0.0,0.0,0.0,0.0,0.0,-2.004,-2.004,2.004,0.0,0.0,0.0,0.0,0.0,4543.0,1.5879265196943865e+29,6926.0,0.0,-107615352.0,0.0,-107615304.0,0.0,0.0,0.0,0.0,69,-0.0,0.0,0.0,0.0,0.0,0.0,0.0,0.0,0.0,0,0,0,0.0,0.0,0.0,0.0,0.0,0.0,0.0,0.0,0.0,0.0,0.0,0.0,0.0,0.0,0.0,0.0,0,-107875648.0,69,0.0,138,0.0,0.0,0,13107,17085,52429,17097,0,17078,0,0,0,70,68,100,0.0,82.1,0.0,77.7,2.730238639235042e+23,78.5,1,49,50,180,13107,39322,0,0,0.0,0.0,0.0,0.0,-0.0,67.0,0.0,162057.094,0.0,967,0,988,0,0,0,946,0,1009,0,910,0,787,0,776,0,821,0,7520,0.032,1.5276209936040722e+19,0.0,0.0,784,16797,-0.0,162057.094,-114818.039,-0.0,0.133,6.909358625270745e+28,30.0,70.0,35,0.0,0.0,0.0,0.0,0.0,0.0,0.0,0.0,0.0,0.0,0.0,0.0,0.0,0.0,0.0,0.0,66.4,0,150,71,51,65476,0,300,0,0,8,20529,65476,0,0,44564,70.0,0.0,0.0,0.0,0.0,0.0
2026-09-10T21:55:03,ERR,ERR,ERR,ERR,ERR,ERR,ERR,ERR,ERR,ERR,ERR,ERR,ERR,ERR,ERR,ERR,ERR,ERR,ERR,ERR,ERR,ERR,ERR,ERR,ERR,ERR,ERR,ERR,ERR,ERR,ERR,ERR,ERR,ERR,ERR,ERR,ERR,ERR,ERR,ERR,ERR,ERR,ERR,ERR,ERR,ERR,ERR,ERR,ERR,ERR,ERR,ERR,ERR,ERR,ERR,ERR,ERR,ERR,ERR,ERR,ERR,ERR,ERR,ERR,ERR,ERR,ERR,ERR,ERR,ERR,ERR,ERR,ERR,ERR,ERR,ERR,ERR,ERR,ERR,ERR,ERR,ERR,ERR,ERR,ERR,ERR,ERR,ERR,ERR,ERR,ERR,ERR,ERR,ERR,ERR,ERR,ERR,ERR,ERR,ERR,ERR,ERR,ERR,ERR,ERR,ERR,ERR,ERR,ERR,ERR,ERR,ERR,ERR,ERR,ERR,ERR,ERR,ERR,ERR,ERR,ERR,ERR,ERR,ERR,ERR,0.0,-107615352.0,-0.0,0.0,0.0,1.3936040501711995e+18,7.805,0.0,0,0,4,0,7116,0.0,100,0.0,0.0,0.0,0.0,0.0,0,0,0,0,0.0,0,0,0,0,0,0,0,0,0,0,0,0,0,0,0,0,0,0,0,0,0,0,0,0,0,0,0,0,0,0,0,0,0,31,40,40,71,65476,0,300,0,0,8,21553,0.0,-107605600.0,0.0,0.0,0.0,0.0,0.0,0.0,0.0,0.0,0.0,0.0,0.0,0.0,0.0,0.0,0.0,0.0,0.0,0.0,0.0,0.0,-2.004,-2.004,2.004,0.0,0.0,0.0,0.0,0.0,4543.0,1.5879265196943865e+29,6926.0,0.0,-107615352.0,0.0,-107615304.0,0.0,0.0,0.0,0.0,69,-0.0,0.0,0.0,0.0,0.0,0.0,0.0,0.0,0.0,0,0,0,0.0,0.0,0.0,0.0,0.0,0.0,0.0,0.0,0.0,0.0,0.0,0.0,0.0,0.0,0.0,0.0,0,-107875648.0,69,0.0,138,0.0,0.0,0,13107,17085,52429,17097,0,17078,0,0,0,70,68,100,0.0,82.1,0.0,77.7,2.730238639235042e+23,78.5,1,49,50,180,13107,39322,0,0,0.0,0.0,0.0,0.0,-0.0,67.0,0.0,162057.094,0.0,967,0,988,0,0,0,946,0,1009,0,910,0,787,0,776,0,821,0,7520,0.032,1.5276209936040722e+19,0.0,0.0,784,16797,-0.0,162057.094,-114818.039,-0.0,0.133,6.909358625270745e+28,30.0,70.0,35,0.0,0.0,0.0,0.0,0.0,0.0,0.0,0.0,0.0,0.0,0.0,0.0,0.0,0.0,0.0,0.0,66.4,0,150,71,51,65476,0,300,0,0,8,20529,65476,0,0,44564,70.0,0.0,0.0,0.0,0.0,0.0
2026-09-10T21:55:04,ERR,ERR,ERR,ERR,ERR,ERR,ERR,ERR,ERR,ERR,ERR,ERR,ERR,ERR,ERR,ERR,ERR,ERR,ERR,ERR,ERR,ERR,ERR,ERR,ERR,ERR,ERR,ERR,ERR,ERR,ERR,ERR,ERR,ERR,ERR,ERR,ERR,ERR,ERR,ERR,ERR,ERR,ERR,ERR,ERR,ERR,ERR,ERR,ERR,ERR,ERR,ERR,ERR,ERR,ERR,ERR,ERR,ERR,ERR,ERR,ERR,ERR,ERR,ERR,ERR,ERR,ERR,ERR,ERR,ERR,ERR,ERR,ERR,ERR,ERR,ERR,ERR,ERR,ERR,ERR,ERR,ERR,ERR,ERR,ERR,ERR,ERR,ERR,ERR,ERR,ERR,ERR,ERR,ERR,ERR,ERR,ERR,ERR,ERR,ERR,ERR,ERR,ERR,ERR,ERR,ERR,ERR,ERR,ERR,ERR,ERR,ERR,ERR,ERR,ERR,ERR,ERR,ERR,ERR,ERR,ERR,ERR,ERR,ERR,ERR,0.0,-107615352.0,-0.0,0.0,0.0,1.3936040501711995e+18,7.805,0.0,0,0,4,0,7116,0.0,100,0.0,0.0,0.0,0.0,0.0,0,0,0,0,0.0,0,0,0,0,0,0,0,0,0,0,0,0,0,0,0,0,0,0,0,0,0,0,0,0,0,0,0,0,0,0,0,0,0,31,40,40,71,65476,0,300,0,0,8,21553,0.0,-107605600.0,0.0,0.0,0.0,0.0,0.0,0.0,0.0,0.0,0.0,0.0,0.0,0.0,0.0,0.0,0.0,0.0,0.0,0.0,0.0,0.0,-2.004,-2.004,2.004,0.0,0.0,0.0,0.0,0.0,4543.0,1.5879265196943865e+29,6926.0,0.0,-107615352.0,0.0,-107615304.0,0.0,0.0,0.0,0.0,69,-0.0,0.0,0.0,0.0,0.0,0.0,0.0,0.0,0.0,0,0,0,0.0,0.0,0.0,0.0,0.0,0.0,0.0,0.0,0.0,0.0,0.0,0.0,0.0,0.0,0.0,0.0,0,-107875648.0,69,0.0,138,0.0,0.0,0,13107,17085,52429,17097,0,17078,0,0,0,70,68,100,0.0,82.1,0.0,77.7,2.730238639235042e+23,78.5,1,49,50,180,13107,39322,0,0,0.0,0.0,0.0,0.0,-0.0,67.0,0.0,162057.094,0.0,967,0,988,0,0,0,946,0,1009,0,910,0,787,0,776,0,821,0,7520,0.032,1.5276209936040722e+19,0.0,0.0,784,16797,-0.0,162057.094,-114818.039,-0.0,0.133,6.909358625270745e+28,30.0,70.0,35,0.0,0.0,0.0,0.0,0.0,0.0,0.0,0.0,0.0,0.0,0.0,0.0,0.0,0.0,0.0,0.0,66.4,0,150,71,51,65476,0,300,0,0,8,20529,65476,0,0,44564,70.0,0.0,0.0,0.0,0.0,0.0
2026-09-10T21:55:05,ERR,ERR,ERR,ERR,ERR,ERR,ERR,ERR,ERR,ERR,ERR,ERR,ERR,ERR,ERR,ERR,ERR,ERR,ERR,ERR,ERR,ERR,ERR,ERR,ERR,ERR,ERR,ERR,ERR,ERR,ERR,ERR,ERR,ERR,ERR,ERR,ERR,ERR,ERR,ERR,ERR,ERR,ERR,ERR,ERR,ERR,ERR,ERR,ERR,ERR,ERR,ERR,ERR,ERR,ERR,ERR,ERR,ERR,ERR,ERR,ERR,ERR,ERR,ERR,ERR,ERR,ERR,ERR,ERR,ERR,ERR,ERR,ERR,ERR,ERR,ERR,ERR,ERR,ERR,ERR,ERR,ERR,ERR,ERR,ERR,ERR,ERR,ERR,ERR,ERR,ERR,ERR,ERR,ERR,ERR,ERR,ERR,ERR,ERR,ERR,ERR,ERR,ERR,ERR,ERR,ERR,ERR,ERR,ERR,ERR,ERR,ERR,ERR,ERR,ERR,ERR,ERR,ERR,ERR,ERR,ERR,ERR,ERR,ERR,ERR,0.0,-107615352.0,-0.0,0.0,0.0,1.3936040501711995e+18,7.805,0.0,0,0,4,0,7116,0.0,100,0.0,0.0,0.0,0.0,0.0,0,0,0,0,0.0,0,0,0,0,0,0,0,0,0,0,0,0,0,0,0,0,0,0,0,0,0,0,0,0,0,0,0,0,0,0,0,0,0,31,40,40,71,65476,0,300,0,0,8,21553,0.0,-107605600.0,0.0,0.0,0.0,0.0,0.0,0.0,0.0,0.0,0.0,0.0,0.0,0.0,0.0,0.0,0.0,0.0,0.0,0.0,0.0,0.0,-2.004,-2.004,2.004,0.0,0.0,0.0,0.0,0.0,4543.0,1.5879265196943865e+29,6926.0,0.0,-107615352.0,0.0,-107615304.0,0.0,0.0,0.0,0.0,69,-0.0,0.0,0.0,0.0,0.0,0.0,0.0,0.0,0.0,0,0,0,0.0,0.0,0.0,0.0,0.0,0.0,0.0,0.0,0.0,0.0,0.0,0.0,0.0,0.0,0.0,0.0,0,-107875648.0,69,0.0,138,0.0,0.0,0,13107,17085,52429,17097,0,17078,0,0,0,70,68,100,0.0,82.1,0.0,77.7,2.730238639235042e+23,78.5,1,49,50,180,13107,39322,0,0,0.0,0.0,0.0,0.0,-0.0,67.0,0.0,162057.094,0.0,967,0,988,0,0,0,946,0,1009,0,910,0,787,0,776,0,821,0,7520,0.032,1.5276209936040722e+19,0.0,0.0,784,16797,-0.0,162057.094,-114818.039,-0.0,0.133,6.909358625270745e+28,30.0,70.0,35,0.0,0.0,0.0,0.0,0.0,0.0,0.0,0.0,0.0,0.0,0.0,0.0,0.0,0.0,0.0,0.0,66.8,0,150,71,51,65476,0,300,0,0,8,20529,65476,0,0,44564,70.0,0.0,0.0,0.0,0.0,0.0
2026-09-10T21:55:06,ERR,ERR,ERR,ERR,ERR,ERR,ERR,ERR,ERR,ERR,ERR,ERR,ERR,ERR,ERR,ERR,ERR,ERR,ERR,ERR,ERR,ERR,ERR,ERR,ERR,ERR,ERR,ERR,ERR,ERR,ERR,ERR,ERR,ERR,ERR,ERR,ERR,ERR,ERR,ERR,ERR,ERR,ERR,ERR,ERR,ERR,ERR,ERR,ERR,ERR,ERR,ERR,ERR,ERR,ERR,ERR,ERR,ERR,ERR,ERR,ERR,ERR,ERR,ERR,ERR,ERR,ERR,ERR,ERR,ERR,ERR,ERR,ERR,ERR,ERR,ERR,ERR,ERR,ERR,ERR,ERR,ERR,ERR,ERR,ERR,ERR,ERR,ERR,ERR,ERR,ERR,ERR,ERR,ERR,ERR,ERR,ERR,ERR,ERR,ERR,ERR,ERR,ERR,ERR,ERR,ERR,ERR,ERR,ERR,ERR,ERR,ERR,ERR,ERR,ERR,ERR,ERR,ERR,ERR,ERR,ERR,ERR,ERR,ERR,ERR,0.0,-107615352.0,-0.0,0.0,0.0,1.3936040501711995e+18,7.805,0.0,0,0,4,0,7116,0.0,100,0.0,0.0,0.0,0.0,0.0,0,0,0,0,0.0,0,0,0,0,0,0,0,0,0,0,0,0,0,0,0,0,0,0,0,0,0,0,0,0,0,0,0,0,0,0,0,0,0,31,40,40,71,65476,0,300,0,0,8,21553,0.0,-107605600.0,0.0,0.0,0.0,0.0,0.0,0.0,0.0,0.0,0.0,0.0,0.0,0.0,0.0,0.0,0.0,0.0,0.0,0.0,0.0,0.0,0.0,-2.004,2.004,0.0,0.0,0.0,0.0,0.0,4541.0,1.0406635239469131e+34,6927.0,0.0,-107615352.0,0.0,-0.0,0.0,0.0,0.0,0.0,69,5.8480849975795215e+35,0.0,0.0,0.0,0.0,0.0,0.0,0.0,0.0,0,0,0,0.0,0.0,0.0,0.0,0.0,0.0,0.0,0.0,0.0,0.0,0.0,0.0,0.0,0.0,0.0,0.0,0,-107875648.0,69,0.0,138,0.0,0.0,0,13107,17085,52429,17097,0,17078,0,0,0,70,68,100,0.0,82.1,0.0,77.7,2.730238639235042e+23,78.5,1,49,50,180,13107,39322,0,0,0.0,0.0,0.0,0.0,-0.0,67.0,0.0,162057.094,0.0,967,0,988,0,0,0,946,0,1009,0,910,0,787,0,776,0,821,0,7520,0.032,1.5276209936040722e+19,0.0,0.0,784,16797,-0.0,162057.094,-114818.039,-0.0,0.133,6.909358625270745e+28,30.0,70.0,35,0.0,0.0,0.0,0.0,0.0,0.0,0.0,0.0,0.0,0.0,0.0,0.0,0.0,0.0,0.0,0.0,66.8,0,150,71,51,65476,0,300,0,0,8,20529,65476,0,0,44564,70.0,0.0,0.0,0.0,0.0,0.0
2026-09-10T21:55:07,ERR,ERR,ERR,ERR,ERR,ERR,ERR,ERR,ERR,ERR,ERR,ERR,ERR,ERR,ERR,ERR,ERR,ERR,ERR,ERR,ERR,ERR,ERR,ERR,ERR,ERR,ERR,ERR,ERR,ERR,ERR,ERR,ERR,ERR,ERR,ERR,ERR,ERR,ERR,ERR,ERR,ERR,ERR,ERR,ERR,ERR,ERR,ERR,ERR,ERR,ERR,ERR,ERR,ERR,ERR,ERR,ERR,ERR,ERR,ERR,ERR,ERR,ERR,ERR,ERR,ERR,ERR,ERR,ERR,ERR,ERR,ERR,ERR,ERR,ERR,ERR,ERR,ERR,ERR,ERR,ERR,ERR,ERR,ERR,ERR,ERR,ERR,ERR,ERR,ERR,ERR,ERR,ERR,ERR,ERR,ERR,ERR,ERR,ERR,ERR,ERR,ERR,ERR,ERR,ERR,ERR,ERR,ERR,ERR,ERR,ERR,ERR,ERR,ERR,ERR,ERR,ERR,ERR,ERR,ERR,ERR,ERR,ERR,ERR,ERR,0.0,-107615352.0,-0.0,0.0,0.0,1.3936040501711995e+18,7.805,0.0,0,0,4,0,7116,0.0,100,0.0,0.0,0.0,0.0,0.0,0,0,0,0,0.0,0,0,0,0,0,0,0,0,0,0,0,0,0,0,0,0,0,0,0,0,0,0,0,0,0,0,0,0,0,0,0,0,0,31,40,40,71,65476,0,300,0,0,8,21553,0.0,-107605600.0,0.0,0.0,0.0,0.0,0.0,0.0,0.0,0.0,0.0,0.0,0.0,0.0,0.0,0.0,0.0,0.0,0.0,0.0,0.0,0.0,0.0,-2.004,2.004,0.0,0.0,0.0,0.0,0.0,4541.0,1.0406635239469131e+34,6927.0,0.0,-107615352.0,0.0,-0.0,0.0,0.0,0.0,0.0,69,5.8480849975795215e+35,0.0,0.0,0.0,0.0,0.0,0.0,0.0,0.0,0,0,0,0.0,0.0,0.0,0.0,0.0,0.0,0.0,0.0,0.0,0.0,0.0,0.0,0.0,0.0,0.0,0.0,0,-107875648.0,69,0.0,138,0.0,0.0,0,13107,17085,52429,17097,0,17078,0,0,0,70,68,100,0.0,82.1,0.0,77.7,2.730238639235042e+23,78.5,1,49,50,180,13107,39322,0,0,0.0,0.0,0.0,0.0,-0.0,67.0,0.0,162057.094,0.0,967,0,988,0,0,0,946,0,1009,0,910,0,787,0,776,0,821,0,7520,0.032,1.5276209936040722e+19,0.0,0.0,784,16797,-0.0,162057.094,-114818.039,-0.0,0.133,6.909358625270745e+28,30.0,70.0,35,0.0,0.0,0.0,0.0,0.0,0.0,0.0,0.0,0.0,0.0,0.0,0.0,0.0,0.0,0.0,0.0,66.4,0,150,71,51,65476,0,300,0,0,8,20529,65476,0,0,44564,70.0,0.0,0.0,0.0,0.0,0.0
2026-09-10T21:55:08,ERR,ERR,ERR,ERR,ERR,ERR,ERR,ERR,ERR,ERR,ERR,ERR,ERR,ERR,ERR,ERR,ERR,ERR,ERR,ERR,ERR,ERR,ERR,ERR,ERR,ERR,ERR,ERR,ERR,ERR,ERR,ERR,ERR,ERR,ERR,ERR,ERR,ERR,ERR,ERR,ERR,ERR,ERR,ERR,ERR,ERR,ERR,ERR,ERR,ERR,ERR,ERR,ERR,ERR,ERR,ERR,ERR,ERR,ERR,ERR,ERR,ERR,ERR,ERR,ERR,ERR,ERR,ERR,ERR,ERR,ERR,ERR,ERR,ERR,ERR,ERR,ERR,ERR,ERR,ERR,ERR,ERR,ERR,ERR,ERR,ERR,ERR,ERR,ERR,ERR,ERR,ERR,ERR,ERR,ERR,ERR,ERR,ERR,ERR,ERR,ERR,ERR,ERR,ERR,ERR,ERR,ERR,ERR,ERR,ERR,ERR,ERR,ERR,ERR,ERR,ERR,ERR,ERR,ERR,ERR,ERR,ERR,ERR,ERR,ERR,0.0,-107615352.0,-0.0,0.0,0.0,1.3936040501711995e+18,7.805,0.0,0,0,4,0,7116,0.0,100,0.0,0.0,0.0,0.0,0.0,0,0,0,0,0.0,0,0,0,0,0,0,0,0,0,0,0,0,0,0,0,0,0,0,0,0,0,0,0,0,0,0,0,0,0,0,0,0,0,31,40,40,71,65476,0,300,0,0,8,21553,0.0,-107605600.0,0.0,0.0,0.0,0.0,0.0,0.0,0.0,0.0,0.0,0.0,0.0,0.0,0.0,0.0,0.0,0.0,0.0,0.0,0.0,0.0,0.0,-2.004,2.004,0.0,0.0,0.0,0.0,0.0,4541.0,1.0406635239469131e+34,6927.0,0.0,-107615352.0,0.0,-0.0,0.0,0.0,0.0,0.0,69,5.8480849975795215e+35,0.0,0.0,0.0,0.0,0.0,0.0,0.0,0.0,0,0,0,0.0,0.0,0.0,0.0,0.0,0.0,0.0,0.0,0.0,0.0,0.0,0.0,0.0,0.0,0.0,0.0,0,-107875648.0,69,0.0,138,0.0,0.0,0,0,17085,52429,17097,0,17078,0,0,0,70,68,100,0.0,82.1,0.0,77.7,2.730238639235042e+23,78.5,1,49,50,180,13107,39322,0,0,0.0,0.0,0.0,0.0,-0.0,67.0,0.0,162057.094,0.0,966,0,988,0,0,0,945,0,1010,0,910,0,787,0,776,0,821,0,7520,0.032,1.5780613094306218e+19,0.0,0.0,784,16797,-0.0,162057.094,-114818.039,-0.0,0.133,6.909358625270745e+28,30.0,70.0,35,0.0,0.0,0.0,0.0,0.0,0.0,0.0,0.0,0.0,0.0,0.0,0.0,0.0,0.0,0.0,0.0,66.4,0,150,71,51,65476,0,300,0,0,8,20529,65476,0,0,44564,70.0,0.0,0.0,0.0,0.0,0.0
2026-09-10T21:55:09,ERR,ERR,ERR,ERR,ERR,ERR,ERR,ERR,ERR,ERR,ERR,ERR,ERR,ERR,ERR,ERR,ERR,ERR,ERR,ERR,ERR,ERR,ERR,ERR,ERR,ERR,ERR,ERR,ERR,ERR,ERR,ERR,ERR,ERR,ERR,ERR,ERR,ERR,ERR,ERR,ERR,ERR,ERR,ERR,ERR,ERR,ERR,ERR,ERR,ERR,ERR,ERR,ERR,ERR,ERR,ERR,ERR,ERR,ERR,ERR,ERR,ERR,ERR,ERR,ERR,ERR,ERR,ERR,ERR,ERR,ERR,ERR,ERR,ERR,ERR,ERR,ERR,ERR,ERR,ERR,ERR,ERR,ERR,ERR,ERR,ERR,ERR,ERR,ERR,ERR,ERR,ERR,ERR,ERR,ERR,ERR,ERR,ERR,ERR,ERR,ERR,ERR,ERR,ERR,ERR,ERR,ERR,ERR,ERR,ERR,ERR,ERR,ERR,ERR,ERR,ERR,ERR,ERR,ERR,ERR,ERR,ERR,ERR,ERR,ERR,0.0,-107615352.0,-0.0,0.0,0.0,1.3936040501711995e+18,7.805,0.0,0,0,4,0,7116,0.0,100,0.0,0.0,0.0,0.0,0.0,0,0,0,0,0.0,0,0,0,0,0,0,0,0,0,0,0,0,0,0,0,0,0,0,0,0,0,0,0,0,0,0,0,0,0,0,0,0,0,31,40,40,71,65476,0,300,0,0,8,21553,0.0,-107605600.0,0.0,0.0,0.0,0.0,0.0,0.0,0.0,0.0,0.0,0.0,0.0,0.0,0.0,0.0,0.0,0.0,0.0,0.0,0.0,0.0,0.0,-2.004,2.004,0.0,0.0,0.0,0.0,0.0,4541.0,1.0406635239469131e+34,6927.0,0.0,-107615352.0,0.0,-0.0,0.0,0.0,0.0,0.0,69,5.8480849975795215e+35,0.0,0.0,0.0,0.0,0.0,0.0,0.0,0.0,0,0,0,0.0,0.0,0.0,0.0,0.0,0.0,0.0,0.0,0.0,0.0,0.0,0.0,0.0,0.0,0.0,0.0,0,-107875648.0,69,0.0,138,0.0,0.0,0,0,17085,52429,17097,0,17078,0,0,0,70,68,100,0.0,82.1,0.0,77.7,2.730238639235042e+23,78.5,1,49,50,180,13107,39322,0,0,0.0,0.0,0.0,0.0,-0.0,67.0,0.0,162057.094,0.0,966,0,988,0,0,0,945,0,1010,0,910,0,787,0,776,0,821,0,7520,0.032,1.5780613094306218e+19,0.0,0.0,784,16797,-0.0,162057.094,-114818.039,-0.0,0.133,6.909358625270745e+28,30.0,70.0,35,0.0,0.0,0.0,0.0,0.0,0.0,0.0,0.0,0.0,0.0,0.0,0.0,0.0,0.0,0.0,0.0,66.4,0,150,71,51,65476,0,300,0,0,8,20529,65476,0,0,44564,70.0,0.0,0.0,0.0,0.0,0.0
2026-09-10T21:55:10,ERR,ERR,ERR,ERR,ERR,ERR,ERR,ERR,ERR,ERR,ERR,ERR,ERR,ERR,ERR,ERR,ERR,ERR,ERR,ERR,ERR,ERR,ERR,ERR,ERR,ERR,ERR,ERR,ERR,ERR,ERR,ERR,ERR,ERR,ERR,ERR,ERR,ERR,ERR,ERR,ERR,ERR,ERR,ERR,ERR,ERR,ERR,ERR,ERR,ERR,ERR,ERR,ERR,ERR,ERR,ERR,ERR,ERR,ERR,ERR,ERR,ERR,ERR,ERR,ERR,ERR,ERR,ERR,ERR,ERR,ERR,ERR,ERR,ERR,ERR,ERR,ERR,ERR,ERR,ERR,ERR,ERR,ERR,ERR,ERR,ERR,ERR,ERR,ERR,ERR,ERR,ERR,ERR,ERR,ERR,ERR,ERR,ERR,ERR,ERR,ERR,ERR,ERR,ERR,ERR,ERR,ERR,ERR,ERR,ERR,ERR,ERR,ERR,ERR,ERR,ERR,ERR,ERR,ERR,ERR,ERR,ERR,ERR,ERR,ERR,0.0,-107615352.0,-0.0,0.0,0.0,1.3936040501711995e+18,7.805,0.0,0,0,4,0,7116,0.0,100,0.0,0.0,0.0,0.0,0.0,0,0,0,0,0.0,0,0,0,0,0,0,0,0,0,0,0,0,0,0,0,0,0,0,0,0,0,0,0,0,0,0,0,0,0,0,0,0,0,31,40,40,71,65476,0,300,0,0,8,21553,0.0,-107605600.0,0.0,0.0,0.0,0.0,0.0,0.0,0.0,0.0,0.0,0.0,0.0,0.0,0.0,0.0,0.0,0.0,0.0,0.0,0.0,0.0,0.0,-2.004,2.004,0.0,0.0,0.0,0.0,0.0,4541.0,1.0406635239469131e+34,6927.0,0.0,-107615352.0,0.0,-0.0,0.0,0.0,0.0,0.0,69,5.8480849975795215e+35,0.0,0.0,0.0,0.0,0.0,0.0,0.0,0.0,0,0,0,0.0,0.0,0.0,0.0,0.0,0.0,0.0,0.0,0.0,0.0,0.0,0.0,0.0,0.0,0.0,0.0,0,-107875648.0,69,0.0,138,0.0,0.0,0,0,17085,52429,17097,0,17078,0,0,0,70,68,100,0.0,82.1,0.0,77.7,2.730238639235042e+23,78.5,1,49,50,180,13107,39322,0,0,0.0,0.0,0.0,0.0,-0.0,67.0,0.0,162057.094,0.0,966,0,988,0,0,0,945,0,1010,0,910,0,787,0,776,0,821,0,7520,0.032,1.5780613094306218e+19,0.0,0.0,784,16797,-0.0,162057.094,-114818.039,-0.0,0.133,6.909358625270745e+28,30.0,70.0,35,0.0,0.0,0.0,0.0,0.0,0.0,0.0,0.0,0.0,0.0,0.0,0.0,0.0,0.0,0.0,0.0,66.4,0,150,71,51,65476,0,300,0,0,8,20529,65476,0,0,44564,70.0,0.0,0.0,0.0,0.0,0.0
2026-09-10T21:55:11,ERR,ERR,ERR,ERR,ERR,ERR,ERR,ERR,ERR,ERR,ERR,ERR,ERR,ERR,ERR,ERR,ERR,ERR,ERR,ERR,ERR,ERR,ERR,ERR,ERR,ERR,ERR,ERR,ERR,ERR,ERR,ERR,ERR,ERR,ERR,ERR,ERR,ERR,ERR,ERR,ERR,ERR,ERR,ERR,ERR,ERR,ERR,ERR,ERR,ERR,ERR,ERR,ERR,ERR,ERR,ERR,ERR,ERR,ERR,ERR,ERR,ERR,ERR,ERR,ERR,ERR,ERR,ERR,ERR,ERR,ERR,ERR,ERR,ERR,ERR,ERR,ERR,ERR,ERR,ERR,ERR,ERR,ERR,ERR,ERR,ERR,ERR,ERR,ERR,ERR,ERR,ERR,ERR,ERR,ERR,ERR,ERR,ERR,ERR,ERR,ERR,ERR,ERR,ERR,ERR,ERR,ERR,ERR,ERR,ERR,ERR,ERR,ERR,ERR,ERR,ERR,ERR,ERR,ERR,ERR,ERR,ERR,ERR,ERR,ERR,0.0,-107615352.0,0.0,0.0,0.0,1.3936040501711995e+18,7.805,0.0,0,0,4,0,7116,0.0,100,0.0,0.0,0.0,0.0,0.0,0,0,0,0,0.0,0,0,0,0,0,0,0,0,0,0,0,0,0,0,0,0,0,0,0,0,0,0,0,0,0,0,0,0,0,0,0,0,0,31,40,40,71,65476,0,300,0,0,8,21553,0.0,-107605600.0,0.0,0.0,0.0,0.0,0.0,0.0,0.0,0.0,0.0,0.0,0.0,0.0,0.0,0.0,0.0,0.0,0.0,0.0,0.0,0.0,-2.004,-2.004,2.004,2.004,0.0,0.0,0.0,0.0,4543.0,-0.0,6928.0,0.0,-107615352.0,0.0,-107615304.0,0.0,0.0,0.0,0.0,69,-0.0,0.0,0.0,0.0,0.0,0.0,0.0,0.0,0.0,0,0,0,0.0,0.0,0.0,0.0,0.0,0.0,0.0,0.0,0.0,0.0,0.0,0.0,0.0,0.0,0.0,0.0,0,-107875648.0,69,0.0,138,0.0,0.0,0,13107,17085,52429,17097,0,17078,0,0,0,70,68,100,0.0,82.1,0.0,77.7,2.730238639235042e+23,78.5,1,49,50,180,13107,39322,0,0,0.0,0.0,0.0,0.0,-0.0,67.0,0.0,162057.094,0.0,966,0,988,0,0,0,945,0,1010,0,910,0,787,0,776,0,821,0,7520,0.032,1.2033618204333965e+19,0.0,0.0,784,16797,-0.0,162057.094,-114818.039,-0.0,0.133,6.909358625270745e+28,30.0,70.0,35,0.0,0.0,0.0,0.0,0.0,0.0,0.0,0.0,0.0,0.0,0.0,0.0,0.0,0.0,0.0,0.0,66.4,0,150,71,51,65476,0,300,0,0,8,20529,65476,0,0,44564,70.0,0.0,0.0,0.0,0.0,0.0
2026-09-10T21:55:12,ERR,ERR,ERR,ERR,ERR,ERR,ERR,ERR,ERR,ERR,ERR,ERR,ERR,ERR,ERR,ERR,ERR,ERR,ERR,ERR,ERR,ERR,ERR,ERR,ERR,ERR,ERR,ERR,ERR,ERR,ERR,ERR,ERR,ERR,ERR,ERR,ERR,ERR,ERR,ERR,ERR,ERR,ERR,ERR,ERR,ERR,ERR,ERR,ERR,ERR,ERR,ERR,ERR,ERR,ERR,ERR,ERR,ERR,ERR,ERR,ERR,ERR,ERR,ERR,ERR,ERR,ERR,ERR,ERR,ERR,ERR,ERR,ERR,ERR,ERR,ERR,ERR,ERR,ERR,ERR,ERR,ERR,ERR,ERR,ERR,ERR,ERR,ERR,ERR,ERR,ERR,ERR,ERR,ERR,ERR,ERR,ERR,ERR,ERR,ERR,ERR,ERR,ERR,ERR,ERR,ERR,ERR,ERR,ERR,ERR,ERR,ERR,ERR,ERR,ERR,ERR,ERR,ERR,ERR,ERR,ERR,ERR,ERR,ERR,ERR,0.0,-107615352.0,0.0,0.0,0.0,1.3936040501711995e+18,7.805,0.0,0,0,4,0,7116,0.0,100,0.0,0.0,0.0,0.0,0.0,0,0,0,0,0.0,0,0,0,0,0,0,0,0,0,0,0,0,0,0,0,0,0,0,0,0,0,0,0,0,0,0,0,0,0,0,0,0,0,31,40,40,71,65476,0,300,0,0,8,21553,0.0,-107605600.0,0.0,0.0,0.0,0.0,0.0,0.0,0.0,0.0,0.0,0.0,0.0,0.0,0.0,0.0,0.0,0.0,0.0,0.0,0.0,0.0,-2.004,-2.004,2.004,2.004,0.0,0.0,0.0,0.0,4543.0,-0.0,6928.0,0.0,-107615352.0,0.0,-107615304.0,0.0,0.0,0.0,0.0,69,-0.0,0.0,0.0,0.0,0.0,0.0,0.0,0.0,0.0,0,0,0,0.0,0.0,0.0,0.0,0.0,0.0,0.0,0.0,0.0,0.0,0.0,0.0,0.0,0.0,0.0,0.0,0,-107875648.0,69,0.0,138,0.0,0.0,0,13107,17085,52429,17097,0,17078,0,0,0,70,68,100,0.0,82.1,0.0,77.7,2.730238639235042e+23,78.5,1,49,50,180,13107,39322,0,0,0.0,0.0,0.0,0.0,-0.0,67.0,0.0,162057.094,0.0,966,0,988,0,0,0,945,0,1010,0,910,0,787,0,776,0,821,0,7520,0.032,1.2033618204333965e+19,0.0,0.0,784,16797,-0.0,162057.094,-114818.039,-0.0,0.133,6.909358625270745e+28,30.0,70.0,35,0.0,0.0,0.0,0.0,0.0,0.0,0.0,0.0,0.0,0.0,0.0,0.0,0.0,0.0,0.0,0.0,66.4,0,150,71,51,65476,0,300,0,0,8,20529,65476,0,0,44564,70.0,0.0,0.0,0.0,0.0,0.0
2026-09-10T21:55:13,ERR,ERR,ERR,ERR,ERR,ERR,ERR,ERR,ERR,ERR,ERR,ERR,ERR,ERR,ERR,ERR,ERR,ERR,ERR,ERR,ERR,ERR,ERR,ERR,ERR,ERR,ERR,ERR,ERR,ERR,ERR,ERR,ERR,ERR,ERR,ERR,ERR,ERR,ERR,ERR,ERR,ERR,ERR,ERR,ERR,ERR,ERR,ERR,ERR,ERR,ERR,ERR,ERR,ERR,ERR,ERR,ERR,ERR,ERR,ERR,ERR,ERR,ERR,ERR,ERR,ERR,ERR,ERR,ERR,ERR,ERR,ERR,ERR,ERR,ERR,ERR,ERR,ERR,ERR,ERR,ERR,ERR,ERR,ERR,ERR,ERR,ERR,ERR,ERR,ERR,ERR,ERR,ERR,ERR,ERR,ERR,ERR,ERR,ERR,ERR,ERR,ERR,ERR,ERR,ERR,ERR,ERR,ERR,ERR,ERR,ERR,ERR,ERR,ERR,ERR,ERR,ERR,ERR,ERR,ERR,ERR,ERR,ERR,ERR,ERR,0.0,-107615352.0,0.0,0.0,0.0,1.3936040501711995e+18,7.805,0.0,0,0,4,0,7116,0.0,100,0.0,0.0,0.0,0.0,0.0,0,0,0,0,0.0,0,0,0,0,0,0,0,0,0,0,0,0,0,0,0,0,0,0,0,0,0,0,0,0,0,0,0,0,0,0,0,0,0,31,40,40,71,65476,0,300,0,0,8,21553,0.0,-107605600.0,0.0,0.0,0.0,0.0,0.0,0.0,0.0,0.0,0.0,0.0,0.0,0.0,0.0,0.0,0.0,0.0,0.0,0.0,0.0,0.0,-2.004,-2.004,2.004,2.004,0.0,0.0,0.0,0.0,4543.0,-0.0,6928.0,0.0,-107615352.0,0.0,-107615304.0,0.0,0.0,0.0,0.0,69,-0.0,0.0,0.0,0.0,0.0,0.0,0.0,0.0,0.0,0,0,0,0.0,0.0,0.0,0.0,0.0,0.0,0.0,0.0,0.0,0.0,0.0,0.0,0.0,0.0,0.0,0.0,0,-107875648.0,69,0.0,138,0.0,0.0,0,13107,17085,52429,17097,0,17078,0,0,0,70,68,100,0.0,82.1,0.0,77.7,2.730238639235042e+23,78.5,1,49,50,180,13107,39322,0,0,0.0,0.0,0.0,0.0,-0.0,67.0,0.0,162057.094,0.0,966,0,988,0,0,0,945,0,1010,0,910,0,787,0,776,0,821,0,7520,0.032,1.2033618204333965e+19,0.0,0.0,784,16797,-0.0,162057.094,-114818.039,-0.0,0.133,6.909358625270745e+28,30.0,70.0,35,0.0,0.0,0.0,0.0,0.0,0.0,0.0,0.0,0.0,0.0,0.0,0.0,0.0,0.0,0.0,0.0,66.4,0,150,71,51,65476,0,300,0,0,8,20529,65476,0,0,44564,70.0,0.0,0.0,0.0,0.0,0.0
2026-09-10T21:55:14,ERR,ERR,ERR,ERR,ERR,ERR,ERR,ERR,ERR,ERR,ERR,ERR,ERR,ERR,ERR,ERR,ERR,ERR,ERR,ERR,ERR,ERR,ERR,ERR,ERR,ERR,ERR,ERR,ERR,ERR,ERR,ERR,ERR,ERR,ERR,ERR,ERR,ERR,ERR,ERR,ERR,ERR,ERR,ERR,ERR,ERR,ERR,ERR,ERR,ERR,ERR,ERR,ERR,ERR,ERR,ERR,ERR,ERR,ERR,ERR,ERR,ERR,ERR,ERR,ERR,ERR,ERR,ERR,ERR,ERR,ERR,ERR,ERR,ERR,ERR,ERR,ERR,ERR,ERR,ERR,ERR,ERR,ERR,ERR,ERR,ERR,ERR,ERR,ERR,ERR,ERR,ERR,ERR,ERR,ERR,ERR,ERR,ERR,ERR,ERR,ERR,ERR,ERR,ERR,ERR,ERR,ERR,ERR,ERR,ERR,ERR,ERR,ERR,ERR,ERR,ERR,ERR,ERR,ERR,ERR,ERR,ERR,ERR,ERR,ERR,0.0,-107615352.0,0.0,0.0,0.0,1.3936040501711995e+18,7.805,0.0,0,0,4,0,7116,0.0,100,0.0,0.0,0.0,0.0,0.0,0,0,0,0,0.0,0,0,0,0,0,0,0,0,0,0,0,0,0,0,0,0,0,0,0,0,0,0,0,0,0,0,0,0,0,0,0,0,0,31,40,40,71,65476,0,300,0,0,8,21553,0.0,-107605600.0,0.0,0.0,0.0,0.0,0.0,0.0,0.0,0.0,0.0,0.0,0.0,0.0,0.0,0.0,0.0,0.0,0.0,0.0,0.0,0.0,-2.004,-2.004,2.004,2.004,0.0,0.0,0.0,0.0,4543.0,-0.0,6928.0,0.0,-107615352.0,0.0,-107615304.0,0.0,0.0,0.0,0.0,69,-0.0,0.0,0.0,0.0,0.0,0.0,0.0,0.0,0.0,0,0,0,0.0,0.0,0.0,0.0,0.0,0.0,0.0,0.0,0.0,0.0,0.0,0.0,0.0,0.0,0.0,0.0,0,-107875648.0,69,0.0,138,0.0,0.0,0,13107,17085,52429,17097,0,17078,0,0,0,70,68,100,0.0,82.1,0.0,77.7,2.730238639235042e+23,78.5,1,49,50,180,13107,39322,0,0,0.0,0.0,0.0,0.0,-0.0,67.0,0.0,162057.094,0.0,966,0,988,0,0,0,945,0,1010,0,910,0,787,0,776,0,821,0,7520,0.032,1.2033618204333965e+19,0.0,0.0,784,16797,-0.0,162057.094,-114818.039,-0.0,0.133,6.909358625270745e+28,30.0,70.0,35,0.0,0.0,0.0,0.0,0.0,0.0,0.0,0.0,0.0,0.0,0.0,0.0,0.0,0.0,0.0,0.0,66.4,0,150,71,51,65476,0,300,0,0,8,20529,65476,0,0,44564,70.0,0.0,0.0,0.0,0.0,0.0
2026-09-10T21:55:15,ERR,ERR,ERR,ERR,ERR,ERR,ERR,ERR,ERR,ERR,ERR,ERR,ERR,ERR,ERR,ERR,ERR,ERR,ERR,ERR,ERR,ERR,ERR,ERR,ERR,ERR,ERR,ERR,ERR,ERR,ERR,ERR,ERR,ERR,ERR,ERR,ERR,ERR,ERR,ERR,ERR,ERR,ERR,ERR,ERR,ERR,ERR,ERR,ERR,ERR,ERR,ERR,ERR,ERR,ERR,ERR,ERR,ERR,ERR,ERR,ERR,ERR,ERR,ERR,ERR,ERR,ERR,ERR,ERR,ERR,ERR,ERR,ERR,ERR,ERR,ERR,ERR,ERR,ERR,ERR,ERR,ERR,ERR,ERR,ERR,ERR,ERR,ERR,ERR,ERR,ERR,ERR,ERR,ERR,ERR,ERR,ERR,ERR,ERR,ERR,ERR,ERR,ERR,ERR,ERR,ERR,ERR,ERR,ERR,ERR,ERR,ERR,ERR,ERR,ERR,ERR,ERR,ERR,ERR,ERR,ERR,ERR,ERR,ERR,ERR,0.0,-107615352.0,0.0,0.0,0.0,1.3936040501711995e+18,7.805,0.0,0,0,4,0,7116,0.0,100,0.0,0.0,0.0,0.0,0.0,0,0,0,0,0.0,0,0,0,0,0,0,0,0,0,0,0,0,0,0,0,0,0,0,0,0,0,0,0,0,0,0,0,0,0,0,0,0,0,31,40,40,71,65476,0,300,0,0,8,21553,0.0,-107605600.0,0.0,0.0,0.0,0.0,0.0,0.0,0.0,0.0,0.0,0.0,0.0,0.0,0.0,0.0,0.0,0.0,0.0,0.0,0.0,0.0,-2.004,-2.004,2.004,2.004,0.0,0.0,0.0,0.0,4543.0,-0.0,6928.0,0.0,-107615352.0,0.0,-107615304.0,0.0,0.0,0.0,0.0,69,-0.0,0.0,0.0,0.0,0.0,0.0,0.0,0.0,0.0,0,0,0,0.0,0.0,0.0,0.0,0.0,0.0,0.0,0.0,0.0,0.0,0.0,0.0,0.0,0.0,0.0,0.0,0,-107875648.0,69,0.0,138,0.0,0.0,0,13107,17085,52429,17097,0,17078,0,0,0,70,68,100,0.0,82.1,0.0,77.7,2.730238639235042e+23,78.5,1,49,50,180,13107,39322,0,0,0.0,0.0,0.0,0.0,-0.0,67.0,0.0,162057.094,0.0,966,0,988,0,0,0,945,0,1010,0,910,0,787,0,776,0,821,0,7520,0.032,1.2033618204333965e+19,0.0,0.0,784,16797,-0.0,162057.094,-114818.039,-0.0,0.133,6.909358625270745e+28,30.0,70.0,35,0.0,0.0,0.0,0.0,0.0,0.0,0.0,0.0,0.0,0.0,0.0,0.0,0.0,0.0,0.0,0.0,66.4,0,150,71,51,65476,0,300,0,0,8,20529,65476,0,0,44564,70.0,0.0,0.0,0.0,0.0,0.0
2026-09-10T21:55:16,ERR,ERR,ERR,ERR,ERR,ERR,ERR,ERR,ERR,ERR,ERR,ERR,ERR,ERR,ERR,ERR,ERR,ERR,ERR,ERR,ERR,ERR,ERR,ERR,ERR,ERR,ERR,ERR,ERR,ERR,ERR,ERR,ERR,ERR,ERR,ERR,ERR,ERR,ERR,ERR,ERR,ERR,ERR,ERR,ERR,ERR,ERR,ERR,ERR,ERR,ERR,ERR,ERR,ERR,ERR,ERR,ERR,ERR,ERR,ERR,ERR,ERR,ERR,ERR,ERR,ERR,ERR,ERR,ERR,ERR,ERR,ERR,ERR,ERR,ERR,ERR,ERR,ERR,ERR,ERR,ERR,ERR,ERR,ERR,ERR,ERR,ERR,ERR,ERR,ERR,ERR,ERR,ERR,ERR,ERR,ERR,ERR,ERR,ERR,ERR,ERR,ERR,ERR,ERR,ERR,ERR,ERR,ERR,ERR,ERR,ERR,ERR,ERR,ERR,ERR,ERR,ERR,ERR,ERR,ERR,ERR,ERR,ERR,ERR,ERR,0.0,-107615352.0,0.0,0.0,0.0,1.3936040501711995e+18,7.805,0.0,0,0,4,0,7116,0.0,100,0.0,0.0,0.0,0.0,0.0,0,0,0,0,0.0,0,0,0,0,0,0,0,0,0,0,0,0,0,0,0,0,0,0,0,0,0,0,0,0,0,0,0,0,0,0,0,0,0,31,40,40,71,65476,0,300,0,0,8,21553,0.0,-107605600.0,0.0,0.0,0.0,0.0,0.0,0.0,0.0,0.0,0.0,0.0,0.0,0.0,0.0,0.0,0.0,0.0,0.0,0.0,0.0,0.0,-2.004,-2.004,2.004,2.004,0.0,0.0,0.0,0.0,4543.0,-0.0,6928.0,0.0,-107615352.0,0.0,-107615304.0,0.0,0.0,0.0,0.0,69,-0.0,0.0,0.0,0.0,0.0,0.0,0.0,0.0,0.0,0,0,0,0.0,0.0,0.0,0.0,0.0,0.0,0.0,0.0,0.0,0.0,0.0,0.0,0.0,0.0,0.0,0.0,0,-107875648.0,69,0.0,138,0.0,0.0,0,13107,17085,52429,17097,0,17078,0,0,0,70,68,100,0.0,82.1,0.0,77.7,2.730238639235042e+23,78.5,1,49,50,180,13107,39322,0,0,0.0,0.0,0.0,0.0,-0.0,67.0,0.0,162057.094,0.0,966,0,988,0,0,0,946,0,1009,0,910,0,787,0,776,0,821,0,7520,0.032,1.2033618204333965e+19,0.0,0.0,784,16797,-0.0,162057.094,-114818.039,-0.0,0.133,6.909358625270745e+28,30.0,70.0,35,0.0,0.0,0.0,0.0,0.0,0.0,0.0,0.0,0.0,0.0,0.0,0.0,0.0,0.0,0.0,0.0,66.4,0,150,71,51,65476,0,300,0,0,8,20529,65476,0,0,44564,70.0,0.0,0.0,0.0,0.0,0.0
2026-09-10T21:55:17,ERR,ERR,ERR,ERR,ERR,ERR,ERR,ERR,ERR,ERR,ERR,ERR,ERR,ERR,ERR,ERR,ERR,ERR,ERR,ERR,ERR,ERR,ERR,ERR,ERR,ERR,ERR,ERR,ERR,ERR,ERR,ERR,ERR,ERR,ERR,ERR,ERR,ERR,ERR,ERR,ERR,ERR,ERR,ERR,ERR,ERR,ERR,ERR,ERR,ERR,ERR,ERR,ERR,ERR,ERR,ERR,ERR,ERR,ERR,ERR,ERR,ERR,ERR,ERR,ERR,ERR,ERR,ERR,ERR,ERR,ERR,ERR,ERR,ERR,ERR,ERR,ERR,ERR,ERR,ERR,ERR,ERR,ERR,ERR,ERR,ERR,ERR,ERR,ERR,ERR,ERR,ERR,ERR,ERR,ERR,ERR,ERR,ERR,ERR,ERR,ERR,ERR,ERR,ERR,ERR,ERR,ERR,ERR,ERR,ERR,ERR,ERR,ERR,ERR,ERR,ERR,ERR,ERR,ERR,ERR,ERR,ERR,ERR,ERR,ERR,0.0,-107615352.0,0.0,0.0,0.0,1.3936040501711995e+18,7.805,0.0,0,0,4,0,7116,0.0,100,0.0,0.0,0.0,0.0,0.0,0,0,0,0,0.0,0,0,0,0,0,0,0,0,0,0,0,0,0,0,0,0,0,0,0,0,0,0,0,0,0,0,0,0,0,0,0,0,0,31,40,40,71,65476,0,300,0,0,8,21553,0.0,-107605600.0,0.0,0.0,0.0,0.0,0.0,0.0,0.0,0.0,0.0,0.0,0.0,0.0,0.0,0.0,0.0,0.0,0.0,0.0,0.0,0.0,-2.004,-2.004,2.004,2.004,0.0,0.0,0.0,0.0,4543.0,-0.0,6928.0,0.0,-107615352.0,0.0,-107615304.0,0.0,0.0,0.0,0.0,69,-0.0,0.0,0.0,0.0,0.0,0.0,0.0,0.0,0.0,0,0,0,0.0,0.0,0.0,0.0,0.0,0.0,0.0,0.0,0.0,0.0,0.0,0.0,0.0,0.0,0.0,0.0,0,-107875648.0,69,0.0,138,0.0,0.0,0,13107,17085,52429,17097,0,17078,0,0,0,70,68,100,0.0,82.1,0.0,77.7,2.730238639235042e+23,78.5,1,49,50,180,13107,39322,0,0,0.0,0.0,0.0,0.0,-0.0,67.0,0.0,162057.094,0.0,966,0,988,0,0,0,946,0,1009,0,910,0,787,0,776,0,821,0,7520,0.032,1.2033618204333965e+19,0.0,0.0,784,16797,-0.0,162057.094,-114818.039,-0.0,0.133,6.909358625270745e+28,30.0,70.0,35,0.0,0.0,0.0,0.0,0.0,0.0,0.0,0.0,0.0,0.0,0.0,0.0,0.0,0.0,0.0,0.0,66.4,0,150,71,51,65476,0,300,0,0,8,20529,65476,0,0,44564,70.0,0.0,0.0,0.0,0.0,0.0
2026-09-10T21:55:18,ERR,ERR,ERR,ERR,ERR,ERR,ERR,ERR,ERR,ERR,ERR,ERR,ERR,ERR,ERR,ERR,ERR,ERR,ERR,ERR,ERR,ERR,ERR,ERR,ERR,ERR,ERR,ERR,ERR,ERR,ERR,ERR,ERR,ERR,ERR,ERR,ERR,ERR,ERR,ERR,ERR,ERR,ERR,ERR,ERR,ERR,ERR,ERR,ERR,ERR,ERR,ERR,ERR,ERR,ERR,ERR,ERR,ERR,ERR,ERR,ERR,ERR,ERR,ERR,ERR,ERR,ERR,ERR,ERR,ERR,ERR,ERR,ERR,ERR,ERR,ERR,ERR,ERR,ERR,ERR,ERR,ERR,ERR,ERR,ERR,ERR,ERR,ERR,ERR,ERR,ERR,ERR,ERR,ERR,ERR,ERR,ERR,ERR,ERR,ERR,ERR,ERR,ERR,ERR,ERR,ERR,ERR,ERR,ERR,ERR,ERR,ERR,ERR,ERR,ERR,ERR,ERR,ERR,ERR,ERR,ERR,ERR,ERR,ERR,ERR,0.0,-107615352.0,-0.0,0.0,0.0,1.3936040501711995e+18,7.805,0.0,0,0,4,0,7116,0.0,100,0.0,0.0,0.0,0.0,0.0,0,0,0,0,0.0,0,0,0,0,0,0,0,0,0,0,0,0,0,0,0,0,0,0,0,0,0,0,0,0,0,0,0,0,0,0,0,0,0,31,40,40,71,65476,0,300,0,0,8,21553,0.0,-107605600.0,0.0,0.0,0.0,0.0,0.0,0.0,0.0,0.0,0.0,0.0,0.0,0.0,0.0,0.0,0.0,0.0,0.0,0.0,0.0,0.0,0.0,-2.004,2.004,2.004,0.0,0.0,0.0,0.0,4512.0,-0.0,6928.0,0.0,-107615352.0,0.0,-107615304.0,0.0,0.0,0.0,0.0,69,-0.0,0.0,0.0,0.0,0.0,0.0,0.0,0.0,0.0,0,0,0,0.0,0.0,0.0,0.0,0.0,0.0,0.0,0.0,0.0,0.0,0.0,0.0,0.0,0.0,0.0,0.0,0,-107875648.0,69,0.0,138,0.0,0.0,0,13107,17085,52429,17097,0,17078,0,0,0,70,68,100,0.0,82.1,0.0,77.7,2.730238639235042e+23,78.5,1,49,50,180,13107,39322,0,0,0.0,0.0,0.0,0.0,-0.0,67.0,0.0,162057.094,0.0,966,0,988,0,0,0,946,0,1009,0,910,0,787,0,776,0,821,0,7520,0.032,1.2033618204333965e+19,0.0,0.0,784,16797,-0.0,162057.094,-114818.039,-0.0,0.133,6.909358625270745e+28,30.0,70.0,35,0.0,0.0,0.0,0.0,0.0,0.0,0.0,0.0,0.0,0.0,0.0,0.0,0.0,0.0,0.0,0.0,66.4,0,150,71,51,65476,0,300,0,0,8,20529,65476,0,0,44564,70.0,0.0,0.0,0.0,0.0,0.0
2026-09-10T21:55:19,ERR,ERR,ERR,ERR,ERR,ERR,ERR,ERR,ERR,ERR,ERR,ERR,ERR,ERR,ERR,ERR,ERR,ERR,ERR,ERR,ERR,ERR,ERR,ERR,ERR,ERR,ERR,ERR,ERR,ERR,ERR,ERR,ERR,ERR,ERR,ERR,ERR,ERR,ERR,ERR,ERR,ERR,ERR,ERR,ERR,ERR,ERR,ERR,ERR,ERR,ERR,ERR,ERR,ERR,ERR,ERR,ERR,ERR,ERR,ERR,ERR,ERR,ERR,ERR,ERR,ERR,ERR,ERR,ERR,ERR,ERR,ERR,ERR,ERR,ERR,ERR,ERR,ERR,ERR,ERR,ERR,ERR,ERR,ERR,ERR,ERR,ERR,ERR,ERR,ERR,ERR,ERR,ERR,ERR,ERR,ERR,ERR,ERR,ERR,ERR,ERR,ERR,ERR,ERR,ERR,ERR,ERR,ERR,ERR,ERR,ERR,ERR,ERR,ERR,ERR,ERR,ERR,ERR,ERR,ERR,ERR,ERR,ERR,ERR,ERR,0.0,-107615352.0,-0.0,0.0,0.0,1.3936040501711995e+18,7.805,0.0,0,0,4,0,7116,0.0,100,0.0,0.0,0.0,0.0,0.0,0,0,0,0,0.0,0,0,0,0,0,0,0,0,0,0,0,0,0,0,0,0,0,0,0,0,0,0,0,0,0,0,0,0,0,0,0,0,0,31,40,40,71,65476,0,300,0,0,8,21553,0.0,-107605600.0,0.0,0.0,0.0,0.0,0.0,0.0,0.0,0.0,0.0,0.0,0.0,0.0,0.0,0.0,0.0,0.0,0.0,0.0,0.0,0.0,0.0,-2.004,2.004,2.004,0.0,0.0,0.0,0.0,4512.0,-0.0,6928.0,0.0,-107615352.0,0.0,-107615304.0,0.0,0.0,0.0,0.0,69,-0.0,0.0,0.0,0.0,0.0,0.0,0.0,0.0,0.0,0,0,0,0.0,0.0,0.0,0.0,0.0,0.0,0.0,0.0,0.0,0.0,0.0,0.0,0.0,0.0,0.0,0.0,0,-107875648.0,69,0.0,138,0.0,0.0,0,13107,17085,52429,17097,0,17078,0,0,0,70,68,100,0.0,82.1,0.0,77.7,2.730238639235042e+23,78.5,1,49,50,180,13107,39322,0,0,0.0,0.0,0.0,0.0,-0.0,67.0,0.0,162057.094,0.0,966,0,988,0,0,0,946,0,1009,0,910,0,787,0,776,0,821,0,7520,0.032,1.2033618204333965e+19,0.0,0.0,784,16797,-0.0,162057.094,-114818.039,-0.0,0.133,6.909358625270745e+28,30.0,70.0,35,0.0,0.0,0.0,0.0,0.0,0.0,0.0,0.0,0.0,0.0,0.0,0.0,0.0,0.0,0.0,0.0,66.4,0,150,71,51,65476,0,300,0,0,8,20529,65476,0,0,44564,70.0,0.0,0.0,0.0,0.0,0.0
2026-09-10T21:55:20,ERR,ERR,ERR,ERR,ERR,ERR,ERR,ERR,ERR,ERR,ERR,ERR,ERR,ERR,ERR,ERR,ERR,ERR,ERR,ERR,ERR,ERR,ERR,ERR,ERR,ERR,ERR,ERR,ERR,ERR,ERR,ERR,ERR,ERR,ERR,ERR,ERR,ERR,ERR,ERR,ERR,ERR,ERR,ERR,ERR,ERR,ERR,ERR,ERR,ERR,ERR,ERR,ERR,ERR,ERR,ERR,ERR,ERR,ERR,ERR,ERR,ERR,ERR,ERR,ERR,ERR,ERR,ERR,ERR,ERR,ERR,ERR,ERR,ERR,ERR,ERR,ERR,ERR,ERR,ERR,ERR,ERR,ERR,ERR,ERR,ERR,ERR,ERR,ERR,ERR,ERR,ERR,ERR,ERR,ERR,ERR,ERR,ERR,ERR,ERR,ERR,ERR,ERR,ERR,ERR,ERR,ERR,ERR,ERR,ERR,ERR,ERR,ERR,ERR,ERR,ERR,ERR,ERR,ERR,ERR,ERR,ERR,ERR,ERR,ERR,0.0,-107615352.0,-0.0,0.0,0.0,1.3936040501711995e+18,7.805,0.0,0,0,4,0,7116,0.0,100,0.0,0.0,0.0,0.0,0.0,0,0,0,0,0.0,0,0,0,0,0,0,0,0,0,0,0,0,0,0,0,0,0,0,0,0,0,0,0,0,0,0,0,0,0,0,0,0,0,31,40,40,71,65476,0,300,0,0,8,21553,0.0,-107605600.0,0.0,0.0,0.0,0.0,0.0,0.0,0.0,0.0,0.0,0.0,0.0,0.0,0.0,0.0,0.0,0.0,0.0,0.0,0.0,0.0,0.0,-2.004,2.004,2.004,0.0,0.0,0.0,0.0,4512.0,-0.0,6928.0,0.0,-107615352.0,0.0,-107615304.0,0.0,0.0,0.0,0.0,69,-0.0,0.0,0.0,0.0,0.0,0.0,0.0,0.0,0.0,0,0,0,0.0,0.0,0.0,0.0,0.0,0.0,0.0,0.0,0.0,0.0,0.0,0.0,0.0,0.0,0.0,0.0,0,-107875648.0,69,0.0,138,0.0,0.0,0,13107,17085,52429,17097,0,17078,0,0,0,70,68,100,0.0,82.1,0.0,77.7,0.0,78.5,1,49,50,180,13107,39322,0,0,0.0,0.0,0.0,0.0,-0.0,67.0,0.0,162057.094,0.0,966,0,988,0,0,0,945,0,1009,0,910,0,786,0,776,0,821,0,7520,0.032,1.2033618204333965e+19,0.0,0.0,784,16797,-0.0,162057.094,-114818.039,-0.0,0.133,6.909358625270745e+28,30.0,70.0,35,0.0,0.0,0.0,0.0,0.0,0.0,0.0,0.0,0.0,0.0,0.0,0.0,0.0,0.0,0.0,0.0,66.4,0,150,71,51,65476,0,300,0,0,8,20529,65476,0,0,44564,70.0,0.0,0.0,0.0,0.0,0.0
2026-09-10T21:55:21,ERR,ERR,ERR,ERR,ERR,ERR,ERR,ERR,ERR,ERR,ERR,ERR,ERR,ERR,ERR,ERR,ERR,ERR,ERR,ERR,ERR,ERR,ERR,ERR,ERR,ERR,ERR,ERR,ERR,ERR,ERR,ERR,ERR,ERR,ERR,ERR,ERR,ERR,ERR,ERR,ERR,ERR,ERR,ERR,ERR,ERR,ERR,ERR,ERR,ERR,ERR,ERR,ERR,ERR,ERR,ERR,ERR,ERR,ERR,ERR,ERR,ERR,ERR,ERR,ERR,ERR,ERR,ERR,ERR,ERR,ERR,ERR,ERR,ERR,ERR,ERR,ERR,ERR,ERR,ERR,ERR,ERR,ERR,ERR,ERR,ERR,ERR,ERR,ERR,ERR,ERR,ERR,ERR,ERR,ERR,ERR,ERR,ERR,ERR,ERR,ERR,ERR,ERR,ERR,ERR,ERR,ERR,ERR,ERR,ERR,ERR,ERR,ERR,ERR,ERR,ERR,ERR,ERR,ERR,ERR,ERR,ERR,ERR,ERR,ERR,0.0,-107615352.0,-0.0,0.0,0.0,1.3936040501711995e+18,7.805,0.0,0,0,4,0,7116,0.0,100,0.0,0.0,0.0,0.0,0.0,0,0,0,0,0.0,0,0,0,0,0,0,0,0,0,0,0,0,0,0,0,0,0,0,0,0,0,0,0,0,0,0,0,0,0,0,0,0,0,31,40,40,71,65476,0,300,0,0,8,21553,0.0,-107605600.0,0.0,0.0,0.0,0.0,0.0,0.0,0.0,0.0,0.0,0.0,0.0,0.0,0.0,0.0,0.0,0.0,0.0,0.0,0.0,0.0,0.0,-2.004,2.004,2.004,0.0,0.0,0.0,0.0,4512.0,-0.0,6928.0,0.0,-107615352.0,0.0,-107615304.0,0.0,0.0,0.0,0.0,69,-0.0,0.0,0.0,0.0,0.0,0.0,0.0,0.0,0.0,0,0,0,0.0,0.0,0.0,0.0,0.0,0.0,0.0,0.0,0.0,0.0,0.0,0.0,0.0,0.0,0.0,0.0,0,-107875648.0,69,0.0,138,0.0,0.0,0,13107,17085,52429,17097,0,17078,0,0,0,70,68,100,0.0,82.1,0.0,77.7,0.0,78.5,1,49,50,180,13107,39322,0,0,0.0,0.0,0.0,0.0,-0.0,67.0,0.0,162057.094,0.0,966,0,988,0,0,0,945,0,1009,0,910,0,786,0,776,0,821,0,7520,0.032,1.2033618204333965e+19,0.0,0.0,784,16797,-0.0,162057.094,-114818.039,-0.0,0.133,6.909358625270745e+28,30.0,70.0,35,0.0,0.0,0.0,0.0,0.0,0.0,0.0,0.0,0.0,0.0,0.0,0.0,0.0,0.0,0.0,0.0,66.4,0,150,71,51,65476,0,300,0,0,8,20529,65476,0,0,44564,70.0,0.0,0.0,0.0,0.0,0.0
2026-09-10T21:55:22,ERR,ERR,ERR,ERR,ERR,ERR,ERR,ERR,ERR,ERR,ERR,ERR,ERR,ERR,ERR,ERR,ERR,ERR,ERR,ERR,ERR,ERR,ERR,ERR,ERR,ERR,ERR,ERR,ERR,ERR,ERR,ERR,ERR,ERR,ERR,ERR,ERR,ERR,ERR,ERR,ERR,ERR,ERR,ERR,ERR,ERR,ERR,ERR,ERR,ERR,ERR,ERR,ERR,ERR,ERR,ERR,ERR,ERR,ERR,ERR,ERR,ERR,ERR,ERR,ERR,ERR,ERR,ERR,ERR,ERR,ERR,ERR,ERR,ERR,ERR,ERR,ERR,ERR,ERR,ERR,ERR,ERR,ERR,ERR,ERR,ERR,ERR,ERR,ERR,ERR,ERR,ERR,ERR,ERR,ERR,ERR,ERR,ERR,ERR,ERR,ERR,ERR,ERR,ERR,ERR,ERR,ERR,ERR,ERR,ERR,ERR,ERR,ERR,ERR,ERR,ERR,ERR,ERR,ERR,ERR,ERR,ERR,ERR,ERR,ERR,0.0,-107615352.0,-0.0,0.0,0.0,1.3936040501711995e+18,7.805,0.0,0,0,4,0,7116,0.0,100,0.0,0.0,0.0,0.0,0.0,0,0,0,0,0.0,0,0,0,0,0,0,0,0,0,0,0,0,0,0,0,0,0,0,0,0,0,0,0,0,0,0,0,0,0,0,0,0,0,31,40,40,71,65476,0,300,0,0,8,21553,0.0,-107605600.0,0.0,0.0,0.0,0.0,0.0,0.0,0.0,0.0,0.0,0.0,0.0,0.0,0.0,0.0,0.0,0.0,0.0,0.0,0.0,0.0,0.0,-2.004,2.004,2.004,0.0,0.0,0.0,0.0,4512.0,-0.0,6928.0,0.0,-107615352.0,0.0,-107615304.0,0.0,0.0,0.0,0.0,69,-0.0,0.0,0.0,0.0,0.0,0.0,0.0,0.0,0.0,0,0,0,0.0,0.0,0.0,0.0,0.0,0.0,0.0,0.0,0.0,0.0,0.0,0.0,0.0,0.0,0.0,0.0,0,-107875648.0,69,0.0,138,0.0,0.0,0,13107,17085,52429,17097,0,17078,0,0,0,70,68,100,0.0,82.1,0.0,77.7,0.0,78.5,1,49,50,180,13107,39322,0,0,0.0,0.0,0.0,0.0,-0.0,67.0,0.0,162057.094,0.0,966,0,988,0,0,0,945,0,1009,0,910,0,786,0,776,0,821,0,7520,0.032,1.2033618204333965e+19,0.0,0.0,784,16797,-0.0,162057.094,-114818.039,-0.0,0.133,6.909358625270745e+28,30.0,70.0,35,0.0,0.0,0.0,0.0,0.0,0.0,0.0,0.0,0.0,0.0,0.0,0.0,0.0,0.0,0.0,0.0,66.4,0,150,71,51,65476,0,300,0,0,8,20529,65476,0,0,44564,70.0,0.0,0.0,0.0,0.0,0.0
2026-09-10T21:55:23,ERR,ERR,ERR,ERR,ERR,ERR,ERR,ERR,ERR,ERR,ERR,ERR,ERR,ERR,ERR,ERR,ERR,ERR,ERR,ERR,ERR,ERR,ERR,ERR,ERR,ERR,ERR,ERR,ERR,ERR,ERR,ERR,ERR,ERR,ERR,ERR,ERR,ERR,ERR,ERR,ERR,ERR,ERR,ERR,ERR,ERR,ERR,ERR,ERR,ERR,ERR,ERR,ERR,ERR,ERR,ERR,ERR,ERR,ERR,ERR,ERR,ERR,ERR,ERR,ERR,ERR,ERR,ERR,ERR,ERR,ERR,ERR,ERR,ERR,ERR,ERR,ERR,ERR,ERR,ERR,ERR,ERR,ERR,ERR,ERR,ERR,ERR,ERR,ERR,ERR,ERR,ERR,ERR,ERR,ERR,ERR,ERR,ERR,ERR,ERR,ERR,ERR,ERR,ERR,ERR,ERR,ERR,ERR,ERR,ERR,ERR,ERR,ERR,ERR,ERR,ERR,ERR,ERR,ERR,ERR,ERR,ERR,ERR,ERR,ERR,0.0,-107615352.0,-0.0,0.0,0.0,1.3936040501711995e+18,7.805,0.0,0,0,4,0,7116,0.0,100,0.0,0.0,0.0,0.0,0.0,0,0,0,0,0.0,0,0,0,0,0,0,0,0,0,0,0,0,0,0,0,0,0,0,0,0,0,0,0,0,0,0,0,0,0,0,0,0,0,31,40,40,71,65476,0,300,0,0,8,21553,0.0,-107605600.0,0.0,0.0,0.0,0.0,0.0,0.0,0.0,0.0,0.0,0.0,0.0,0.0,0.0,0.0,0.0,0.0,0.0,0.0,0.0,0.0,0.0,-2.004,2.004,2.004,0.0,0.0,0.0,0.0,4512.0,-0.0,6928.0,0.0,-107615352.0,0.0,-107615304.0,0.0,0.0,0.0,0.0,69,-0.0,0.0,0.0,0.0,0.0,0.0,0.0,0.0,0.0,0,0,0,0.0,0.0,0.0,0.0,0.0,0.0,0.0,0.0,0.0,0.0,0.0,0.0,0.0,0.0,0.0,0.0,0,-107875648.0,69,0.0,138,0.0,0.0,0,13107,17085,52429,17097,0,17078,0,0,0,70,68,100,0.0,82.1,0.0,77.7,0.0,78.5,1,49,50,180,13107,39322,0,0,0.0,0.0,0.0,0.0,-0.0,67.0,0.0,162057.094,0.0,966,0,988,0,0,0,945,0,1009,0,910,0,786,0,776,0,821,0,7520,0.032,1.2033618204333965e+19,0.0,0.0,784,16797,-0.0,162057.094,-114818.039,-0.0,0.133,6.909358625270745e+28,30.0,70.0,35,0.0,0.0,0.0,0.0,0.0,0.0,0.0,0.0,0.0,0.0,0.0,0.0,0.0,0.0,0.0,0.0,66.4,0,150,71,51,65476,0,300,0,0,8,20529,65476,0,0,44564,70.0,0.0,0.0,0.0,0.0,0.0
2026-09-10T21:55:24,ERR,ERR,ERR,ERR,ERR,ERR,ERR,ERR,ERR,ERR,ERR,ERR,ERR,ERR,ERR,ERR,ERR,ERR,ERR,ERR,ERR,ERR,ERR,ERR,ERR,ERR,ERR,ERR,ERR,ERR,ERR,ERR,ERR,ERR,ERR,ERR,ERR,ERR,ERR,ERR,ERR,ERR,ERR,ERR,ERR,ERR,ERR,ERR,ERR,ERR,ERR,ERR,ERR,ERR,ERR,ERR,ERR,ERR,ERR,ERR,ERR,ERR,ERR,ERR,ERR,ERR,ERR,ERR,ERR,ERR,ERR,ERR,ERR,ERR,ERR,ERR,ERR,ERR,ERR,ERR,ERR,ERR,ERR,ERR,ERR,ERR,ERR,ERR,ERR,ERR,ERR,ERR,ERR,ERR,ERR,ERR,ERR,ERR,ERR,ERR,ERR,ERR,ERR,ERR,ERR,ERR,ERR,ERR,ERR,ERR,ERR,ERR,ERR,ERR,ERR,ERR,ERR,ERR,ERR,ERR,ERR,ERR,ERR,ERR,ERR,0.0,-107615352.0,-0.0,0.0,0.0,1.3936040501711995e+18,7.805,0.0,0,0,4,0,7116,0.0,100,0.0,0.0,0.0,0.0,0.0,0,0,0,0,0.0,0,0,0,0,0,0,0,0,0,0,0,0,0,0,0,0,0,0,0,0,0,0,0,0,0,0,0,0,0,0,0,0,0,31,40,40,71,65476,0,300,0,0,8,21553,0.0,-107605600.0,0.0,0.0,0.0,0.0,0.0,0.0,0.0,0.0,0.0,0.0,0.0,0.0,0.0,0.0,0.0,0.0,0.0,0.0,0.0,0.0,-2.004,-2.004,2.004,2.004,0.0,0.0,0.0,0.0,4518.0,-0.0,6929.0,0.0,-107615352.0,0.0,-107615304.0,0.0,0.0,0.0,0.0,69,-0.0,0.0,0.0,0.0,0.0,0.0,0.0,0.0,0.0,0,0,0,0.0,0.0,0.0,0.0,0.0,0.0,0.0,0.0,0.0,0.0,0.0,0.0,0.0,0.0,0.0,0.0,0,-107875648.0,69,0.0,138,0.0,0.0,0,13107,17085,52429,17097,0,17078,0,0,0,70,68,100,0.0,82.1,0.0,77.7,0.0,78.5,1,49,50,180,13107,39322,0,0,0.0,0.0,0.0,0.0,-0.0,67.0,0.0,162057.094,0.0,966,0,988,0,0,0,945,0,1009,0,910,0,786,0,776,0,821,0,7520,0.032,1.2033618204333965e+19,0.0,0.0,784,16797,-0.0,162057.094,-114818.039,-0.0,0.133,6.909358625270745e+28,30.0,70.0,35,0.0,0.0,0.0,0.0,0.0,0.0,0.0,0.0,0.0,0.0,0.0,0.0,0.0,0.0,0.0,0.0,66.4,0,150,71,51,65476,0,300,0,0,8,20529,65476,0,0,44564,70.0,0.0,0.0,0.0,0.0,0.0
2026-09-10T21:55:25,ERR,ERR,ERR,ERR,ERR,ERR,ERR,ERR,ERR,ERR,ERR,ERR,ERR,ERR,ERR,ERR,ERR,ERR,ERR,ERR,ERR,ERR,ERR,ERR,ERR,ERR,ERR,ERR,ERR,ERR,ERR,ERR,ERR,ERR,ERR,ERR,ERR,ERR,ERR,ERR,ERR,ERR,ERR,ERR,ERR,ERR,ERR,ERR,ERR,ERR,ERR,ERR,ERR,ERR,ERR,ERR,ERR,ERR,ERR,ERR,ERR,ERR,ERR,ERR,ERR,ERR,ERR,ERR,ERR,ERR,ERR,ERR,ERR,ERR,ERR,ERR,ERR,ERR,ERR,ERR,ERR,ERR,ERR,ERR,ERR,ERR,ERR,ERR,ERR,ERR,ERR,ERR,ERR,ERR,ERR,ERR,ERR,ERR,ERR,ERR,ERR,ERR,ERR,ERR,ERR,ERR,ERR,ERR,ERR,ERR,ERR,ERR,ERR,ERR,ERR,ERR,ERR,ERR,ERR,ERR,ERR,ERR,ERR,ERR,ERR,0.0,-107615352.0,-0.0,0.0,0.0,1.3936040501711995e+18,7.805,0.0,0,0,4,0,7116,0.0,100,0.0,0.0,0.0,0.0,0.0,0,0,0,0,0.0,0,0,0,0,0,0,0,0,0,0,0,0,0,0,0,0,0,0,0,0,0,0,0,0,0,0,0,0,0,0,0,0,0,31,40,40,71,65476,0,300,0,0,8,21553,0.0,-107605600.0,0.0,0.0,0.0,0.0,0.0,0.0,0.0,0.0,0.0,0.0,0.0,0.0,0.0,0.0,0.0,0.0,0.0,0.0,0.0,0.0,-2.004,-2.004,2.004,2.004,0.0,0.0,0.0,0.0,4518.0,-0.0,6929.0,0.0,-107615352.0,0.0,-107615304.0,0.0,0.0,0.0,0.0,69,-0.0,0.0,0.0,0.0,0.0,0.0,0.0,0.0,0.0,0,0,0,0.0,0.0,0.0,0.0,0.0,0.0,0.0,0.0,0.0,0.0,0.0,0.0,0.0,0.0,0.0,0.0,0,-107875648.0,69,0.0,138,0.0,0.0,0,13107,17085,52429,17097,0,17078,0,0,0,70,68,100,0.0,82.1,0.0,77.7,0.0,78.5,1,49,50,180,13107,39322,0,0,0.0,0.0,0.0,0.0,-0.0,67.0,0.0,162057.094,0.0,966,0,988,0,0,0,945,0,1009,0,910,0,786,0,776,0,821,0,7520,0.032,1.2033618204333965e+19,0.0,0.0,784,16797,-0.0,162057.094,-114818.039,-0.0,0.133,6.909358625270745e+28,30.0,70.0,35,0.0,0.0,0.0,0.0,0.0,0.0,0.0,0.0,0.0,0.0,0.0,0.0,0.0,0.0,0.0,0.0,66.4,0,150,71,51,65476,0,300,0,0,8,20529,65476,0,0,44564,70.0,0.0,0.0,0.0,0.0,0.0
2026-09-10T21:55:26,ERR,ERR,ERR,ERR,ERR,ERR,ERR,ERR,ERR,ERR,ERR,ERR,ERR,ERR,ERR,ERR,ERR,ERR,ERR,ERR,ERR,ERR,ERR,ERR,ERR,ERR,ERR,ERR,ERR,ERR,ERR,ERR,ERR,ERR,ERR,ERR,ERR,ERR,ERR,ERR,ERR,ERR,ERR,ERR,ERR,ERR,ERR,ERR,ERR,ERR,ERR,ERR,ERR,ERR,ERR,ERR,ERR,ERR,ERR,ERR,ERR,ERR,ERR,ERR,ERR,ERR,ERR,ERR,ERR,ERR,ERR,ERR,ERR,ERR,ERR,ERR,ERR,ERR,ERR,ERR,ERR,ERR,ERR,ERR,ERR,ERR,ERR,ERR,ERR,ERR,ERR,ERR,ERR,ERR,ERR,ERR,ERR,ERR,ERR,ERR,ERR,ERR,ERR,ERR,ERR,ERR,ERR,ERR,ERR,ERR,ERR,ERR,ERR,ERR,ERR,ERR,ERR,ERR,ERR,ERR,ERR,ERR,ERR,ERR,ERR,0.0,-107615352.0,-0.0,0.0,0.0,1.3936040501711995e+18,7.805,0.0,0,0,4,0,7116,0.0,100,0.0,0.0,0.0,0.0,0.0,0,0,0,0,0.0,0,0,0,0,0,0,0,0,0,0,0,0,0,0,0,0,0,0,0,0,0,0,0,0,0,0,0,0,0,0,0,0,0,31,40,40,71,65476,0,300,0,0,8,21553,0.0,-107605600.0,0.0,0.0,0.0,0.0,0.0,0.0,0.0,0.0,0.0,0.0,0.0,0.0,0.0,0.0,0.0,0.0,0.0,0.0,0.0,0.0,-2.004,-2.004,2.004,2.004,0.0,0.0,0.0,0.0,4518.0,-0.0,6929.0,0.0,-107615352.0,0.0,-107615304.0,0.0,0.0,0.0,0.0,69,-0.0,0.0,0.0,0.0,0.0,0.0,0.0,0.0,0.0,0,0,0,0.0,0.0,0.0,0.0,0.0,0.0,0.0,0.0,0.0,0.0,0.0,0.0,0.0,0.0,0.0,0.0,0,-107875648.0,69,0.0,138,0.0,0.0,0,13107,17085,52429,17097,0,17078,0,0,0,70,68,100,0.0,82.1,0.0,77.7,2.730238639235042e+23,78.5,1,49,50,180,13107,39322,0,0,0.0,0.0,0.0,0.0,-0.0,67.0,0.0,162057.094,0.0,966,0,988,0,0,0,945,0,1009,0,910,0,786,0,776,0,821,0,7520,0.032,1.1961560610296037e+19,0.0,0.0,784,16797,-0.0,162057.094,-114818.039,-0.0,0.133,6.909358625270745e+28,30.0,70.0,35,0.0,0.0,0.0,0.0,0.0,0.0,0.0,0.0,0.0,0.0,0.0,0.0,0.0,0.0,0.0,0.0,66.4,0,150,71,51,65476,0,300,0,0,8,20529,65476,0,0,44564,70.0,0.0,0.0,0.0,0.0,0.0
2026-09-10T21:55:27,ERR,ERR,ERR,ERR,ERR,ERR,ERR,ERR,ERR,ERR,ERR,ERR,ERR,ERR,ERR,ERR,ERR,ERR,ERR,ERR,ERR,ERR,ERR,ERR,ERR,ERR,ERR,ERR,ERR,ERR,ERR,ERR,ERR,ERR,ERR,ERR,ERR,ERR,ERR,ERR,ERR,ERR,ERR,ERR,ERR,ERR,ERR,ERR,ERR,ERR,ERR,ERR,ERR,ERR,ERR,ERR,ERR,ERR,ERR,ERR,ERR,ERR,ERR,ERR,ERR,ERR,ERR,ERR,ERR,ERR,ERR,ERR,ERR,ERR,ERR,ERR,ERR,ERR,ERR,ERR,ERR,ERR,ERR,ERR,ERR,ERR,ERR,ERR,ERR,ERR,ERR,ERR,ERR,ERR,ERR,ERR,ERR,ERR,ERR,ERR,ERR,ERR,ERR,ERR,ERR,ERR,ERR,ERR,ERR,ERR,ERR,ERR,ERR,ERR,ERR,ERR,ERR,ERR,ERR,ERR,ERR,ERR,ERR,ERR,ERR,0.0,-107615352.0,-0.0,0.0,0.0,1.3936040501711995e+18,7.805,0.0,0,0,4,0,7116,0.0,100,0.0,0.0,0.0,0.0,0.0,0,0,0,0,0.0,0,0,0,0,0,0,0,0,0,0,0,0,0,0,0,0,0,0,0,0,0,0,0,0,0,0,0,0,0,0,0,0,0,31,40,40,71,65476,0,300,0,0,8,21553,0.0,-107605600.0,0.0,0.0,0.0,0.0,0.0,0.0,0.0,0.0,0.0,0.0,0.0,0.0,0.0,0.0,0.0,0.0,0.0,0.0,0.0,0.0,-2.004,-2.004,2.004,2.004,0.0,0.0,0.0,0.0,4518.0,-0.0,6929.0,0.0,-107615352.0,0.0,-107615304.0,0.0,0.0,0.0,0.0,69,-0.0,0.0,0.0,0.0,0.0,0.0,0.0,0.0,0.0,0,0,0,0.0,0.0,0.0,0.0,0.0,0.0,0.0,0.0,0.0,0.0,0.0,0.0,0.0,0.0,0.0,0.0,0,-107875648.0,69,0.0,138,0.0,0.0,0,13107,17085,52429,17097,0,17078,0,0,0,70,68,100,0.0,82.1,0.0,77.7,2.730238639235042e+23,78.5,1,49,50,180,13107,39322,0,0,0.0,0.0,0.0,0.0,-0.0,67.0,0.0,162057.094,0.0,966,0,988,0,0,0,945,0,1009,0,910,0,786,0,776,0,821,0,7520,0.032,1.1961560610296037e+19,0.0,0.0,784,16797,-0.0,162057.094,-114818.039,-0.0,0.133,6.909358625270745e+28,30.0,70.0,35,0.0,0.0,0.0,0.0,0.0,0.0,0.0,0.0,0.0,0.0,0.0,0.0,0.0,0.0,0.0,0.0,66.8,0,150,71,51,65476,0,300,0,0,8,20529,65476,0,0,44564,70.0,0.0,0.0,0.0,0.0,0.0
2026-09-10T21:55:28,ERR,ERR,ERR,ERR,ERR,ERR,ERR,ERR,ERR,ERR,ERR,ERR,ERR,ERR,ERR,ERR,ERR,ERR,ERR,ERR,ERR,ERR,ERR,ERR,ERR,ERR,ERR,ERR,ERR,ERR,ERR,ERR,ERR,ERR,ERR,ERR,ERR,ERR,ERR,ERR,ERR,ERR,ERR,ERR,ERR,ERR,ERR,ERR,ERR,ERR,ERR,ERR,ERR,ERR,ERR,ERR,ERR,ERR,ERR,ERR,ERR,ERR,ERR,ERR,ERR,ERR,ERR,ERR,ERR,ERR,ERR,ERR,ERR,ERR,ERR,ERR,ERR,ERR,ERR,ERR,ERR,ERR,ERR,ERR,ERR,ERR,ERR,ERR,ERR,ERR,ERR,ERR,ERR,ERR,ERR,ERR,ERR,ERR,ERR,ERR,ERR,ERR,ERR,ERR,ERR,ERR,ERR,ERR,ERR,ERR,ERR,ERR,ERR,ERR,ERR,ERR,ERR,ERR,ERR,ERR,ERR,ERR,ERR,ERR,ERR,0.0,-107615352.0,-0.0,0.0,0.0,1.3936040501711995e+18,7.805,0.0,0,0,4,0,7116,0.0,100,0.0,0.0,0.0,0.0,0.0,0,0,0,0,0.0,0,0,0,0,0,0,0,0,0,0,0,0,0,0,0,0,0,0,0,0,0,0,0,0,0,0,0,0,0,0,0,0,0,31,40,40,71,65476,0,300,0,0,8,21553,0.0,-107605600.0,0.0,0.0,0.0,0.0,0.0,0.0,0.0,0.0,0.0,0.0,0.0,0.0,0.0,0.0,0.0,0.0,0.0,0.0,0.0,0.0,-2.004,-2.004,2.004,2.004,0.0,0.0,0.0,0.0,4518.0,-0.0,6929.0,0.0,-107615352.0,0.0,-107615304.0,0.0,0.0,0.0,0.0,69,-0.0,0.0,0.0,0.0,0.0,0.0,0.0,0.0,0.0,0,0,0,0.0,0.0,0.0,0.0,0.0,0.0,0.0,0.0,0.0,0.0,0.0,0.0,0.0,0.0,0.0,0.0,0,-107875648.0,69,0.0,138,0.0,0.0,0,13107,17085,52429,17097,0,17078,0,0,0,70,68,100,0.0,82.1,0.0,77.7,2.730238639235042e+23,78.5,1,49,50,180,13107,39322,0,0,0.0,0.0,0.0,0.0,-0.0,67.0,0.0,162057.094,0.0,966,0,988,0,0,0,945,0,1009,0,910,0,786,0,776,0,821,0,7520,0.032,1.1961560610296037e+19,0.0,0.0,784,16797,-0.0,162057.094,-114818.039,-0.0,0.133,6.909358625270745e+28,30.0,70.0,35,0.0,0.0,0.0,0.0,0.0,0.0,0.0,0.0,0.0,0.0,0.0,0.0,0.0,0.0,0.0,0.0,66.8,0,150,71,51,65476,0,300,0,0,8,20529,65476,0,0,44564,70.0,0.0,0.0,0.0,0.0,0.0
2026-09-10T21:55:29,ERR,ERR,ERR,ERR,ERR,ERR,ERR,ERR,ERR,ERR,ERR,ERR,ERR,ERR,ERR,ERR,ERR,ERR,ERR,ERR,ERR,ERR,ERR,ERR,ERR,ERR,ERR,ERR,ERR,ERR,ERR,ERR,ERR,ERR,ERR,ERR,ERR,ERR,ERR,ERR,ERR,ERR,ERR,ERR,ERR,ERR,ERR,ERR,ERR,ERR,ERR,ERR,ERR,ERR,ERR,ERR,ERR,ERR,ERR,ERR,ERR,ERR,ERR,ERR,ERR,ERR,ERR,ERR,ERR,ERR,ERR,ERR,ERR,ERR,ERR,ERR,ERR,ERR,ERR,ERR,ERR,ERR,ERR,ERR,ERR,ERR,ERR,ERR,ERR,ERR,ERR,ERR,ERR,ERR,ERR,ERR,ERR,ERR,ERR,ERR,ERR,ERR,ERR,ERR,ERR,ERR,ERR,ERR,ERR,ERR,ERR,ERR,ERR,ERR,ERR,ERR,ERR,ERR,ERR,ERR,ERR,ERR,ERR,ERR,ERR,0.0,-107615352.0,-0.0,0.0,0.0,1.3936040501711995e+18,7.805,0.0,0,0,4,0,7116,0.0,100,0.0,0.0,0.0,0.0,0.0,0,0,0,0,0.0,0,0,0,0,0,0,0,0,0,0,0,0,0,0,0,0,0,0,0,0,0,0,0,0,0,0,0,0,0,0,0,0,0,31,40,40,71,65476,0,300,0,0,8,21553,0.0,-107605600.0,0.0,0.0,0.0,0.0,0.0,0.0,0.0,0.0,0.0,0.0,0.0,0.0,0.0,0.0,0.0,0.0,0.0,0.0,0.0,0.0,-2.004,-2.004,2.004,2.004,0.0,0.0,0.0,0.0,4518.0,-0.0,6929.0,0.0,-107615352.0,0.0,-107615304.0,0.0,0.0,0.0,0.0,69,-0.0,0.0,0.0,0.0,0.0,0.0,0.0,0.0,0.0,0,0,0,0.0,0.0,0.0,0.0,0.0,0.0,0.0,0.0,0.0,0.0,0.0,0.0,0.0,0.0,0.0,0.0,0,-107875648.0,69,0.0,138,0.0,0.0,0,13107,17085,52429,17097,0,17078,0,0,0,70,68,100,0.0,82.1,0.0,77.7,2.730238639235042e+23,78.5,1,49,50,180,13107,39322,0,0,0.0,0.0,0.0,0.0,-0.0,67.0,0.0,162057.094,0.0,966,0,988,0,0,0,945,0,1009,0,910,0,786,0,776,0,821,0,7520,0.032,1.1961560610296037e+19,0.0,0.0,784,16797,-0.0,162057.094,-114818.039,-0.0,0.133,6.909358625270745e+28,30.0,70.0,35,0.0,0.0,0.0,0.0,0.0,0.0,0.0,0.0,0.0,0.0,0.0,0.0,0.0,0.0,0.0,0.0,66.8,0,150,71,51,65476,0,300,0,0,8,20529,65476,0,0,44564,70.0,0.0,0.0,0.0,0.0,0.0
2026-09-10T21:55:30,ERR,ERR,ERR,ERR,ERR,ERR,ERR,ERR,ERR,ERR,ERR,ERR,ERR,ERR,ERR,ERR,ERR,ERR,ERR,ERR,ERR,ERR,ERR,ERR,ERR,ERR,ERR,ERR,ERR,ERR,ERR,ERR,ERR,ERR,ERR,ERR,ERR,ERR,ERR,ERR,ERR,ERR,ERR,ERR,ERR,ERR,ERR,ERR,ERR,ERR,ERR,ERR,ERR,ERR,ERR,ERR,ERR,ERR,ERR,ERR,ERR,ERR,ERR,ERR,ERR,ERR,ERR,ERR,ERR,ERR,ERR,ERR,ERR,ERR,ERR,ERR,ERR,ERR,ERR,ERR,ERR,ERR,ERR,ERR,ERR,ERR,ERR,ERR,ERR,ERR,ERR,ERR,ERR,ERR,ERR,ERR,ERR,ERR,ERR,ERR,ERR,ERR,ERR,ERR,ERR,ERR,ERR,ERR,ERR,ERR,ERR,ERR,ERR,ERR,ERR,ERR,ERR,ERR,ERR,ERR,ERR,ERR,ERR,ERR,ERR,0.0,-107615352.0,-0.0,0.0,0.0,1.3936040501711995e+18,7.805,0.0,0,0,4,0,7116,0.0,100,0.0,0.0,0.0,0.0,0.0,0,0,0,0,0.0,0,0,0,0,0,0,0,0,0,0,0,0,0,0,0,0,0,0,0,0,0,0,0,0,0,0,0,0,0,0,0,0,0,31,40,40,71,65476,0,300,0,0,8,21553,0.0,-107605600.0,0.0,0.0,0.0,0.0,0.0,0.0,0.0,0.0,0.0,0.0,0.0,0.0,0.0,0.0,0.0,0.0,0.0,0.0,0.0,0.0,-2.004,-2.004,2.004,2.004,0.0,0.0,0.0,0.0,4518.0,-0.0,6929.0,0.0,-107615352.0,0.0,-107615304.0,0.0,0.0,0.0,0.0,69,-0.0,0.0,0.0,0.0,0.0,0.0,0.0,0.0,0.0,0,0,0,0.0,0.0,0.0,0.0,0.0,0.0,0.0,0.0,0.0,0.0,0.0,0.0,0.0,0.0,0.0,0.0,0,-107875648.0,69,0.0,138,0.0,0.0,0,13107,17085,52429,17097,0,17078,0,0,0,70,68,100,0.0,82.1,0.0,77.7,2.730238639235042e+23,78.5,1,49,50,180,13107,39322,0,0,0.0,0.0,0.0,0.0,-0.0,67.0,0.0,162057.094,0.0,966,0,988,0,0,0,945,0,1009,0,910,0,786,0,776,0,821,0,7520,0.032,1.1961560610296037e+19,0.0,0.0,784,16797,-0.0,162057.094,-114818.039,-0.0,0.133,6.909358625270745e+28,30.0,70.0,35,0.0,0.0,0.0,0.0,0.0,0.0,0.0,0.0,0.0,0.0,0.0,0.0,0.0,0.0,0.0,0.0,66.4,0,150,71,51,65476,0,300,0,0,8,20529,65476,0,0,44564,70.0,0.0,0.0,0.0,0.0,0.0
2026-09-10T21:55:31,ERR,ERR,ERR,ERR,ERR,ERR,ERR,ERR,ERR,ERR,ERR,ERR,ERR,ERR,ERR,ERR,ERR,ERR,ERR,ERR,ERR,ERR,ERR,ERR,ERR,ERR,ERR,ERR,ERR,ERR,ERR,ERR,ERR,ERR,ERR,ERR,ERR,ERR,ERR,ERR,ERR,ERR,ERR,ERR,ERR,ERR,ERR,ERR,ERR,ERR,ERR,ERR,ERR,ERR,ERR,ERR,ERR,ERR,ERR,ERR,ERR,ERR,ERR,ERR,ERR,ERR,ERR,ERR,ERR,ERR,ERR,ERR,ERR,ERR,ERR,ERR,ERR,ERR,ERR,ERR,ERR,ERR,ERR,ERR,ERR,ERR,ERR,ERR,ERR,ERR,ERR,ERR,ERR,ERR,ERR,ERR,ERR,ERR,ERR,ERR,ERR,ERR,ERR,ERR,ERR,ERR,ERR,ERR,ERR,ERR,ERR,ERR,ERR,ERR,ERR,ERR,ERR,ERR,ERR,ERR,ERR,ERR,ERR,ERR,ERR,0.0,-107615352.0,-0.0,0.0,0.0,1.3936040501711995e+18,7.805,0.0,0,0,4,0,7116,0.0,100,0.0,0.0,0.0,0.0,0.0,0,0,0,0,0.0,0,0,0,0,0,0,0,0,0,0,0,0,0,0,0,0,0,0,0,0,0,0,0,0,0,0,0,0,0,0,0,0,0,31,40,40,71,65476,0,300,0,0,8,21553,0.0,-107605600.0,0.0,0.0,0.0,0.0,0.0,0.0,0.0,0.0,0.0,0.0,0.0,0.0,0.0,0.0,0.0,0.0,0.0,0.0,0.0,0.0,-2.004,-2.004,2.004,2.004,0.0,0.0,0.0,0.0,4518.0,-0.0,6929.0,0.0,-107615352.0,0.0,-107615304.0,0.0,0.0,0.0,0.0,69,-0.0,0.0,0.0,0.0,0.0,0.0,0.0,0.0,0.0,0,0,0,0.0,0.0,0.0,0.0,0.0,0.0,0.0,0.0,0.0,0.0,0.0,0.0,0.0,0.0,0.0,0.0,0,-107875648.0,69,0.0,138,0.0,0.0,0,13107,17085,52429,17097,0,17078,0,0,0,70,68,100,0.0,82.1,0.0,77.7,2.730238639235042e+23,78.5,1,49,50,180,13107,39322,0,0,0.0,0.0,0.0,0.0,-0.0,67.0,0.0,162057.094,0.0,966,0,988,0,0,0,945,0,1009,0,910,0,786,0,776,0,821,0,7520,0.032,1.1961560610296037e+19,0.0,0.0,784,16797,-0.0,162057.094,-114818.039,-0.0,0.133,6.909358625270745e+28,30.0,70.0,35,0.0,0.0,0.0,0.0,0.0,0.0,0.0,0.0,0.0,0.0,0.0,0.0,0.0,0.0,0.0,0.0,66.4,0,150,71,51,65476,0,300,0,0,8,20529,65476,0,0,44564,70.0,0.0,0.0,0.0,0.0,0.0
2026-09-10T21:55:32,ERR,ERR,ERR,ERR,ERR,ERR,ERR,ERR,ERR,ERR,ERR,ERR,ERR,ERR,ERR,ERR,ERR,ERR,ERR,ERR,ERR,ERR,ERR,ERR,ERR,ERR,ERR,ERR,ERR,ERR,ERR,ERR,ERR,ERR,ERR,ERR,ERR,ERR,ERR,ERR,ERR,ERR,ERR,ERR,ERR,ERR,ERR,ERR,ERR,ERR,ERR,ERR,ERR,ERR,ERR,ERR,ERR,ERR,ERR,ERR,ERR,ERR,ERR,ERR,ERR,ERR,ERR,ERR,ERR,ERR,ERR,ERR,ERR,ERR,ERR,ERR,ERR,ERR,ERR,ERR,ERR,ERR,ERR,ERR,ERR,ERR,ERR,ERR,ERR,ERR,ERR,ERR,ERR,ERR,ERR,ERR,ERR,ERR,ERR,ERR,ERR,ERR,ERR,ERR,ERR,ERR,ERR,ERR,ERR,ERR,ERR,ERR,ERR,ERR,ERR,ERR,ERR,ERR,ERR,ERR,ERR,ERR,ERR,ERR,ERR,0.0,-107615352.0,-0.0,0.0,0.0,1.3936040501711995e+18,7.805,0.0,0,0,4,0,7116,0.0,100,0.0,0.0,0.0,0.0,0.0,0,0,0,0,0.0,0,0,0,0,0,0,0,0,0,0,0,0,0,0,0,0,0,0,0,0,0,0,0,0,0,0,0,0,0,0,0,0,0,31,40,40,71,65476,0,300,0,0,8,21553,0.0,-107605600.0,0.0,0.0,0.0,0.0,0.0,0.0,0.0,0.0,0.0,0.0,0.0,0.0,0.0,0.0,0.0,0.0,0.0,0.0,0.0,0.0,-2.004,-2.004,2.004,2.004,0.0,0.0,0.0,0.0,4514.0,0.0,6918.0,0.0,-107615352.0,0.0,-107615304.0,0.0,0.0,0.0,0.0,69,-0.0,-0.0,0.0,0.0,0.0,0.0,0.0,0.0,0.0,0,0,0,0.0,0.0,0.0,0.0,0.0,0.0,0.0,0.0,0.0,0.0,0.0,0.0,0.0,0.0,0.0,0.0,0,-107875648.0,69,0.0,138,0.0,0.0,0,0,17085,52429,17097,0,17078,0,0,0,70,68,100,0.0,82.1,0.0,77.7,2.730238639235042e+23,78.5,1,49,50,180,13107,39322,0,0,0.0,0.0,0.0,0.0,-0.0,67.0,0.0,162057.094,0.0,966,0,988,0,0,0,945,0,1009,0,910,0,787,0,776,0,821,0,7520,0.032,1.2033618204333965e+19,0.0,0.0,784,16797,-0.0,162057.094,-114818.039,-0.0,0.133,6.909358625270745e+28,30.0,70.0,35,0.0,0.0,0.0,0.0,0.0,0.0,0.0,0.0,0.0,0.0,0.0,0.0,0.0,0.0,0.0,0.0,66.8,0,150,71,51,65476,0,300,0,0,8,20529,65476,0,0,44564,70.0,0.0,0.0,0.0,0.0,0.0
2026-09-10T21:55:33,ERR,ERR,ERR,ERR,ERR,ERR,ERR,ERR,ERR,ERR,ERR,ERR,ERR,ERR,ERR,ERR,ERR,ERR,ERR,ERR,ERR,ERR,ERR,ERR,ERR,ERR,ERR,ERR,ERR,ERR,ERR,ERR,ERR,ERR,ERR,ERR,ERR,ERR,ERR,ERR,ERR,ERR,ERR,ERR,ERR,ERR,ERR,ERR,ERR,ERR,ERR,ERR,ERR,ERR,ERR,ERR,ERR,ERR,ERR,ERR,ERR,ERR,ERR,ERR,ERR,ERR,ERR,ERR,ERR,ERR,ERR,ERR,ERR,ERR,ERR,ERR,ERR,ERR,ERR,ERR,ERR,ERR,ERR,ERR,ERR,ERR,ERR,ERR,ERR,ERR,ERR,ERR,ERR,ERR,ERR,ERR,ERR,ERR,ERR,ERR,ERR,ERR,ERR,ERR,ERR,ERR,ERR,ERR,ERR,ERR,ERR,ERR,ERR,ERR,ERR,ERR,ERR,ERR,ERR,ERR,ERR,ERR,ERR,ERR,ERR,0.0,-107615352.0,-0.0,0.0,0.0,1.3936040501711995e+18,7.805,0.0,0,0,4,0,7116,0.0,100,0.0,0.0,0.0,0.0,0.0,0,0,0,0,0.0,0,0,0,0,0,0,0,0,0,0,0,0,0,0,0,0,0,0,0,0,0,0,0,0,0,0,0,0,0,0,0,0,0,31,40,40,71,65476,0,300,0,0,8,21553,0.0,-107605600.0,0.0,0.0,0.0,0.0,0.0,0.0,0.0,0.0,0.0,0.0,0.0,0.0,0.0,0.0,0.0,0.0,0.0,0.0,0.0,0.0,-2.004,-2.004,2.004,2.004,0.0,0.0,0.0,0.0,4514.0,0.0,6918.0,0.0,-107615352.0,0.0,-107615304.0,0.0,0.0,0.0,0.0,69,-0.0,-0.0,0.0,0.0,0.0,0.0,0.0,0.0,0.0,0,0,0,0.0,0.0,0.0,0.0,0.0,0.0,0.0,0.0,0.0,0.0,0.0,0.0,0.0,0.0,0.0,0.0,0,-107875648.0,69,0.0,138,0.0,0.0,0,0,17085,52429,17097,0,17078,0,0,0,70,68,100,0.0,82.1,0.0,77.7,2.730238639235042e+23,78.5,1,49,50,180,13107,39322,0,0,0.0,0.0,0.0,0.0,-0.0,67.0,0.0,162057.094,0.0,966,0,988,0,0,0,945,0,1009,0,910,0,787,0,776,0,821,0,7520,0.032,1.2033618204333965e+19,0.0,0.0,784,16797,-0.0,162057.094,-114818.039,-0.0,0.133,6.909358625270745e+28,30.0,70.0,35,0.0,0.0,0.0,0.0,0.0,0.0,0.0,0.0,0.0,0.0,0.0,0.0,0.0,0.0,0.0,0.0,66.8,0,150,71,51,65476,0,300,0,0,8,20529,65476,0,0,44564,70.0,0.0,0.0,0.0,0.0,0.0
2026-09-10T21:55:34,ERR,ERR,ERR,ERR,ERR,ERR,ERR,ERR,ERR,ERR,ERR,ERR,ERR,ERR,ERR,ERR,ERR,ERR,ERR,ERR,ERR,ERR,ERR,ERR,ERR,ERR,ERR,ERR,ERR,ERR,ERR,ERR,ERR,ERR,ERR,ERR,ERR,ERR,ERR,ERR,ERR,ERR,ERR,ERR,ERR,ERR,ERR,ERR,ERR,ERR,ERR,ERR,ERR,ERR,ERR,ERR,ERR,ERR,ERR,ERR,ERR,ERR,ERR,ERR,ERR,ERR,ERR,ERR,ERR,ERR,ERR,ERR,ERR,ERR,ERR,ERR,ERR,ERR,ERR,ERR,ERR,ERR,ERR,ERR,ERR,ERR,ERR,ERR,ERR,ERR,ERR,ERR,ERR,ERR,ERR,ERR,ERR,ERR,ERR,ERR,ERR,ERR,ERR,ERR,ERR,ERR,ERR,ERR,ERR,ERR,ERR,ERR,ERR,ERR,ERR,ERR,ERR,ERR,ERR,ERR,ERR,ERR,ERR,ERR,ERR,0.0,-107615352.0,-0.0,0.0,0.0,1.3936040501711995e+18,7.805,0.0,0,0,4,0,7116,0.0,100,0.0,0.0,0.0,0.0,0.0,0,0,0,0,0.0,0,0,0,0,0,0,0,0,0,0,0,0,0,0,0,0,0,0,0,0,0,0,0,0,0,0,0,0,0,0,0,0,0,31,40,40,71,65476,0,300,0,0,8,21553,0.0,-107605600.0,0.0,0.0,0.0,0.0,0.0,0.0,0.0,0.0,0.0,0.0,0.0,0.0,0.0,0.0,0.0,0.0,0.0,0.0,0.0,0.0,-2.004,-2.004,2.004,2.004,0.0,0.0,0.0,0.0,4514.0,0.0,6918.0,0.0,-107615352.0,0.0,-107615304.0,0.0,0.0,0.0,0.0,69,-0.0,-0.0,0.0,0.0,0.0,0.0,0.0,0.0,0.0,0,0,0,0.0,0.0,0.0,0.0,0.0,0.0,0.0,0.0,0.0,0.0,0.0,0.0,0.0,0.0,0.0,0.0,0,-107875648.0,69,0.0,138,0.0,0.0,0,0,17085,52429,17097,0,17078,0,0,0,70,68,100,0.0,82.1,0.0,77.7,2.730238639235042e+23,78.5,1,49,50,180,13107,39322,0,0,0.0,0.0,0.0,0.0,-0.0,67.0,0.0,162057.094,0.0,966,0,988,0,0,0,945,0,1009,0,910,0,787,0,776,0,821,0,7520,0.032,1.2033618204333965e+19,0.0,0.0,784,16797,-0.0,162057.094,-114818.039,-0.0,0.133,6.909358625270745e+28,30.0,70.0,35,0.0,0.0,0.0,0.0,0.0,0.0,0.0,0.0,0.0,0.0,0.0,0.0,0.0,0.0,0.0,0.0,66.8,0,150,71,51,65476,0,300,0,0,8,20529,65476,0,0,44564,70.0,0.0,0.0,0.0,0.0,0.0
2026-09-10T21:55:35,ERR,ERR,ERR,ERR,ERR,ERR,ERR,ERR,ERR,ERR,ERR,ERR,ERR,ERR,ERR,ERR,ERR,ERR,ERR,ERR,ERR,ERR,ERR,ERR,ERR,ERR,ERR,ERR,ERR,ERR,ERR,ERR,ERR,ERR,ERR,ERR,ERR,ERR,ERR,ERR,ERR,ERR,ERR,ERR,ERR,ERR,ERR,ERR,ERR,ERR,ERR,ERR,ERR,ERR,ERR,ERR,ERR,ERR,ERR,ERR,ERR,ERR,ERR,ERR,ERR,ERR,ERR,ERR,ERR,ERR,ERR,ERR,ERR,ERR,ERR,ERR,ERR,ERR,ERR,ERR,ERR,ERR,ERR,ERR,ERR,ERR,ERR,ERR,ERR,ERR,ERR,ERR,ERR,ERR,ERR,ERR,ERR,ERR,ERR,ERR,ERR,ERR,ERR,ERR,ERR,ERR,ERR,ERR,ERR,ERR,ERR,ERR,ERR,ERR,ERR,ERR,ERR,ERR,ERR,ERR,ERR,ERR,ERR,ERR,ERR,0.0,-107615352.0,-0.0,0.0,0.0,1.3936040501711995e+18,7.805,0.0,0,0,4,0,7116,0.0,100,0.0,0.0,0.0,0.0,0.0,0,0,0,0,0.0,0,0,0,0,0,0,0,0,0,0,0,0,0,0,0,0,0,0,0,0,0,0,0,0,0,0,0,0,0,0,0,0,0,31,40,40,71,65476,0,300,0,0,8,21553,0.0,-107605600.0,0.0,0.0,0.0,0.0,0.0,0.0,0.0,0.0,0.0,0.0,0.0,0.0,0.0,0.0,0.0,0.0,0.0,0.0,0.0,0.0,-2.004,-2.004,2.004,2.004,0.0,0.0,0.0,0.0,4514.0,0.0,6918.0,0.0,-107615352.0,0.0,-107615304.0,0.0,0.0,0.0,0.0,69,-0.0,-0.0,0.0,0.0,0.0,0.0,0.0,0.0,0.0,0,0,0,0.0,0.0,0.0,0.0,0.0,0.0,0.0,0.0,0.0,0.0,0.0,0.0,0.0,0.0,0.0,0.0,0,-107875648.0,69,0.0,138,0.0,0.0,0,0,17085,52429,17097,0,17078,0,0,0,70,68,100,0.0,82.1,0.0,77.7,2.730238639235042e+23,78.5,1,49,50,180,13107,39322,0,0,0.0,0.0,0.0,0.0,-0.0,67.0,0.0,162057.094,0.0,966,0,988,0,0,0,945,0,1009,0,910,0,787,0,776,0,821,0,7520,0.032,1.2033618204333965e+19,0.0,0.0,784,16797,-0.0,162057.094,-114818.039,-0.0,0.133,6.909358625270745e+28,30.0,70.0,35,0.0,0.0,0.0,0.0,0.0,0.0,0.0,0.0,0.0,0.0,0.0,0.0,0.0,0.0,0.0,0.0,66.8,0,150,71,51,65476,0,300,0,0,8,20529,65476,0,0,44564,70.0,0.0,0.0,0.0,0.0,0.0
2026-09-10T21:55:36,ERR,ERR,ERR,ERR,ERR,ERR,ERR,ERR,ERR,ERR,ERR,ERR,ERR,ERR,ERR,ERR,ERR,ERR,ERR,ERR,ERR,ERR,ERR,ERR,ERR,ERR,ERR,ERR,ERR,ERR,ERR,ERR,ERR,ERR,ERR,ERR,ERR,ERR,ERR,ERR,ERR,ERR,ERR,ERR,ERR,ERR,ERR,ERR,ERR,ERR,ERR,ERR,ERR,ERR,ERR,ERR,ERR,ERR,ERR,ERR,ERR,ERR,ERR,ERR,ERR,ERR,ERR,ERR,ERR,ERR,ERR,ERR,ERR,ERR,ERR,ERR,ERR,ERR,ERR,ERR,ERR,ERR,ERR,ERR,ERR,ERR,ERR,ERR,ERR,ERR,ERR,ERR,ERR,ERR,ERR,ERR,ERR,ERR,ERR,ERR,ERR,ERR,ERR,ERR,ERR,ERR,ERR,ERR,ERR,ERR,ERR,ERR,ERR,ERR,ERR,ERR,ERR,ERR,ERR,ERR,ERR,ERR,ERR,ERR,ERR,0.0,-107615352.0,-0.0,0.0,0.0,1.3936040501711995e+18,7.805,0.0,0,0,4,0,7116,0.0,100,0.0,0.0,0.0,0.0,0.0,0,0,0,0,0.0,0,0,0,0,0,0,0,0,0,0,0,0,0,0,0,0,0,0,0,0,0,0,0,0,0,0,0,0,0,0,0,0,0,31,40,40,71,65476,0,300,0,0,8,21553,0.0,-107605600.0,0.0,0.0,0.0,0.0,0.0,0.0,0.0,0.0,0.0,0.0,0.0,0.0,0.0,0.0,0.0,0.0,0.0,0.0,0.0,0.0,-2.004,-2.004,2.004,2.004,0.0,0.0,0.0,0.0,4514.0,0.0,6918.0,0.0,-107615352.0,0.0,-107615304.0,0.0,0.0,0.0,0.0,69,-0.0,-0.0,0.0,0.0,0.0,0.0,0.0,0.0,0.0,0,0,0,0.0,0.0,0.0,0.0,0.0,0.0,0.0,0.0,0.0,0.0,0.0,0.0,0.0,0.0,0.0,0.0,0,-107875648.0,69,0.0,138,0.0,0.0,0,0,17085,52429,17097,0,17078,0,0,0,70,68,100,0.0,82.1,0.0,77.7,2.730238639235042e+23,78.5,1,49,50,180,13107,39322,0,0,0.0,0.0,0.0,0.0,-0.0,67.0,0.0,162057.094,0.0,966,0,988,0,0,0,945,0,1009,0,910,0,787,0,776,0,821,0,7520,0.032,1.2033618204333965e+19,0.0,0.0,784,16797,-0.0,162057.094,-114818.039,-0.0,0.133,6.909358625270745e+28,30.0,70.0,35,0.0,0.0,0.0,0.0,0.0,0.0,0.0,0.0,0.0,0.0,0.0,0.0,0.0,0.0,0.0,0.0,66.8,0,150,71,51,65476,0,300,0,0,8,20529,65476,0,0,44564,70.0,0.0,0.0,0.0,0.0,0.0
2026-09-10T21:55:37,ERR,ERR,ERR,ERR,ERR,ERR,ERR,ERR,ERR,ERR,ERR,ERR,ERR,ERR,ERR,ERR,ERR,ERR,ERR,ERR,ERR,ERR,ERR,ERR,ERR,ERR,ERR,ERR,ERR,ERR,ERR,ERR,ERR,ERR,ERR,ERR,ERR,ERR,ERR,ERR,ERR,ERR,ERR,ERR,ERR,ERR,ERR,ERR,ERR,ERR,ERR,ERR,ERR,ERR,ERR,ERR,ERR,ERR,ERR,ERR,ERR,ERR,ERR,ERR,ERR,ERR,ERR,ERR,ERR,ERR,ERR,ERR,ERR,ERR,ERR,ERR,ERR,ERR,ERR,ERR,ERR,ERR,ERR,ERR,ERR,ERR,ERR,ERR,ERR,ERR,ERR,ERR,ERR,ERR,ERR,ERR,ERR,ERR,ERR,ERR,ERR,ERR,ERR,ERR,ERR,ERR,ERR,ERR,ERR,ERR,ERR,ERR,ERR,ERR,ERR,ERR,ERR,ERR,ERR,ERR,ERR,ERR,ERR,ERR,ERR,0.0,-107615352.0,-0.0,0.0,0.0,1.3936040501711995e+18,7.805,0.0,0,0,4,0,7116,0.0,100,0.0,0.0,0.0,0.0,0.0,0,0,0,0,0.0,0,0,0,0,0,0,0,0,0,0,0,0,0,0,0,0,0,0,0,0,0,0,0,0,0,0,0,0,0,0,0,0,0,31,40,40,71,65476,0,300,0,0,8,21553,0.0,-107605600.0,0.0,0.0,0.0,0.0,0.0,0.0,0.0,0.0,0.0,0.0,0.0,0.0,0.0,0.0,0.0,0.0,0.0,0.0,0.0,0.0,-2.004,-2.004,2.004,2.004,0.0,0.0,0.0,0.0,4514.0,0.0,6918.0,0.0,-107615352.0,0.0,-107615304.0,0.0,0.0,0.0,0.0,69,-0.0,-0.0,0.0,0.0,0.0,0.0,0.0,0.0,0.0,0,0,0,0.0,0.0,0.0,0.0,0.0,0.0,0.0,0.0,0.0,0.0,0.0,0.0,0.0,0.0,0.0,0.0,0,-107875648.0,69,0.0,138,0.0,0.0,0,0,17085,52429,17097,0,17078,0,0,0,70,68,100,0.0,82.1,0.0,77.7,2.730238639235042e+23,78.5,1,49,50,180,13107,39322,0,0,0.0,0.0,0.0,0.0,-0.0,67.0,0.0,162057.094,0.0,966,0,988,0,0,0,945,0,1009,0,910,0,787,0,776,0,821,0,7520,0.032,1.2033618204333965e+19,0.0,0.0,784,16797,-0.0,162057.094,-114818.039,-0.0,0.133,6.909358625270745e+28,30.0,70.0,35,0.0,0.0,0.0,0.0,0.0,0.0,0.0,0.0,0.0,0.0,0.0,0.0,0.0,0.0,0.0,0.0,66.8,0,150,71,51,65476,0,300,0,0,8,20529,65476,0,0,44564,70.0,0.0,0.0,0.0,0.0,0.0
2026-09-10T21:55:38,ERR,ERR,ERR,ERR,ERR,ERR,ERR,ERR,ERR,ERR,ERR,ERR,ERR,ERR,ERR,ERR,ERR,ERR,ERR,ERR,ERR,ERR,ERR,ERR,ERR,ERR,ERR,ERR,ERR,ERR,ERR,ERR,ERR,ERR,ERR,ERR,ERR,ERR,ERR,ERR,ERR,ERR,ERR,ERR,ERR,ERR,ERR,ERR,ERR,ERR,ERR,ERR,ERR,ERR,ERR,ERR,ERR,ERR,ERR,ERR,ERR,ERR,ERR,ERR,ERR,ERR,ERR,ERR,ERR,ERR,ERR,ERR,ERR,ERR,ERR,ERR,ERR,ERR,ERR,ERR,ERR,ERR,ERR,ERR,ERR,ERR,ERR,ERR,ERR,ERR,ERR,ERR,ERR,ERR,ERR,ERR,ERR,ERR,ERR,ERR,ERR,ERR,ERR,ERR,ERR,ERR,ERR,ERR,ERR,ERR,ERR,ERR,ERR,ERR,ERR,ERR,ERR,ERR,ERR,ERR,ERR,ERR,ERR,ERR,ERR,0.0,-107615352.0,-0.0,0.0,0.0,1.3936040501711995e+18,7.805,0.0,0,0,4,0,7116,0.0,100,0.0,0.0,0.0,0.0,0.0,0,0,0,0,0.0,0,0,0,0,0,0,0,0,0,0,0,0,0,0,0,0,0,0,0,0,0,0,0,0,0,0,0,0,0,0,0,0,0,31,40,40,71,65476,0,300,0,0,8,21553,0.0,-107605600.0,0.0,0.0,0.0,0.0,0.0,0.0,0.0,0.0,0.0,0.0,0.0,0.0,0.0,0.0,0.0,0.0,0.0,0.0,0.0,0.0,-2.004,-2.004,2.004,2.004,0.0,0.0,0.0,0.0,4514.0,0.0,6918.0,0.0,-107615352.0,0.0,-107615304.0,0.0,0.0,0.0,0.0,69,-0.0,-0.0,0.0,0.0,0.0,0.0,0.0,0.0,0.0,0,0,0,0.0,0.0,0.0,0.0,0.0,0.0,0.0,0.0,0.0,0.0,0.0,0.0,0.0,0.0,0.0,0.0,0,-107875648.0,69,0.0,138,0.0,0.0,0,0,17085,52429,17097,0,17078,0,0,0,70,68,100,0.0,82.1,0.0,77.7,0.0,78.5,1,49,50,180,13107,39322,0,0,0.0,0.0,0.0,0.0,-0.0,67.0,0.0,162057.094,0.0,966,0,988,0,0,0,945,0,1009,0,910,0,786,0,776,0,821,0,7520,0.032,1.1961560610296037e+19,0.0,0.0,784,16797,-0.0,162057.094,-114818.039,-0.0,0.133,6.909358625270745e+28,30.0,70.0,35,0.0,0.0,0.0,0.0,0.0,0.0,0.0,0.0,0.0,0.0,0.0,0.0,0.0,0.0,0.0,0.0,66.4,0,150,71,51,65476,0,300,0,0,8,20529,65476,0,0,44564,70.0,0.0,0.0,0.0,0.0,0.0
2026-09-10T21:55:39,ERR,ERR,ERR,ERR,ERR,ERR,ERR,ERR,ERR,ERR,ERR,ERR,ERR,ERR,ERR,ERR,ERR,ERR,ERR,ERR,ERR,ERR,ERR,ERR,ERR,ERR,ERR,ERR,ERR,ERR,ERR,ERR,ERR,ERR,ERR,ERR,ERR,ERR,ERR,ERR,ERR,ERR,ERR,ERR,ERR,ERR,ERR,ERR,ERR,ERR,ERR,ERR,ERR,ERR,ERR,ERR,ERR,ERR,ERR,ERR,ERR,ERR,ERR,ERR,ERR,ERR,ERR,ERR,ERR,ERR,ERR,ERR,ERR,ERR,ERR,ERR,ERR,ERR,ERR,ERR,ERR,ERR,ERR,ERR,ERR,ERR,ERR,ERR,ERR,ERR,ERR,ERR,ERR,ERR,ERR,ERR,ERR,ERR,ERR,ERR,ERR,ERR,ERR,ERR,ERR,ERR,ERR,ERR,ERR,ERR,ERR,ERR,ERR,ERR,ERR,ERR,ERR,ERR,ERR,ERR,ERR,ERR,ERR,ERR,ERR,0.0,-107615352.0,-0.0,0.0,0.0,1.3936040501711995e+18,7.805,0.0,0,0,4,0,7116,0.0,100,0.0,0.0,0.0,0.0,0.0,0,0,0,0,0.0,0,0,0,0,0,0,0,0,0,0,0,0,0,0,0,0,0,0,0,0,0,0,0,0,0,0,0,0,0,0,0,0,0,31,40,40,71,65476,0,300,0,0,8,21553,0.0,-107605600.0,0.0,0.0,0.0,0.0,0.0,0.0,0.0,0.0,0.0,0.0,0.0,0.0,0.0,0.0,0.0,0.0,0.0,0.0,0.0,0.0,-2.004,-2.004,2.004,2.004,0.0,0.0,0.0,0.0,4514.0,0.0,6918.0,0.0,-107615352.0,0.0,-107615304.0,0.0,0.0,0.0,0.0,69,-0.0,-0.0,0.0,0.0,0.0,0.0,0.0,0.0,0.0,0,0,0,0.0,0.0,0.0,0.0,0.0,0.0,0.0,0.0,0.0,0.0,0.0,0.0,0.0,0.0,0.0,0.0,0,-107875648.0,69,0.0,138,0.0,0.0,0,0,17085,52429,17097,0,17078,0,0,0,70,68,100,0.0,82.1,0.0,77.7,0.0,78.5,1,49,50,180,13107,39322,0,0,0.0,0.0,0.0,0.0,-0.0,67.0,0.0,162057.094,0.0,966,0,988,0,0,0,945,0,1009,0,910,0,786,0,776,0,821,0,7520,0.032,1.1961560610296037e+19,0.0,0.0,784,16797,-0.0,162057.094,-114818.039,-0.0,0.133,6.909358625270745e+28,30.0,70.0,35,0.0,0.0,0.0,0.0,0.0,0.0,0.0,0.0,0.0,0.0,0.0,0.0,0.0,0.0,0.0,0.0,66.4,0,150,71,51,65476,0,300,0,0,8,20529,65476,0,0,44564,70.0,0.0,0.0,0.0,0.0,0.0
2026-09-10T21:55:40,ERR,ERR,ERR,ERR,ERR,ERR,ERR,ERR,ERR,ERR,ERR,ERR,ERR,ERR,ERR,ERR,ERR,ERR,ERR,ERR,ERR,ERR,ERR,ERR,ERR,ERR,ERR,ERR,ERR,ERR,ERR,ERR,ERR,ERR,ERR,ERR,ERR,ERR,ERR,ERR,ERR,ERR,ERR,ERR,ERR,ERR,ERR,ERR,ERR,ERR,ERR,ERR,ERR,ERR,ERR,ERR,ERR,ERR,ERR,ERR,ERR,ERR,ERR,ERR,ERR,ERR,ERR,ERR,ERR,ERR,ERR,ERR,ERR,ERR,ERR,ERR,ERR,ERR,ERR,ERR,ERR,ERR,ERR,ERR,ERR,ERR,ERR,ERR,ERR,ERR,ERR,ERR,ERR,ERR,ERR,ERR,ERR,ERR,ERR,ERR,ERR,ERR,ERR,ERR,ERR,ERR,ERR,ERR,ERR,ERR,ERR,ERR,ERR,ERR,ERR,ERR,ERR,ERR,ERR,ERR,ERR,ERR,ERR,ERR,ERR,0.0,-107615352.0,-0.0,0.0,0.0,1.3936040501711995e+18,7.805,0.0,0,0,4,0,7116,0.0,100,0.0,0.0,0.0,0.0,0.0,0,0,0,0,0.0,0,0,0,0,0,0,0,0,0,0,0,0,0,0,0,0,0,0,0,0,0,0,0,0,0,0,0,0,0,0,0,0,0,31,40,40,71,65476,0,300,0,0,8,21553,0.0,-107605600.0,0.0,0.0,0.0,0.0,0.0,0.0,0.0,0.0,0.0,0.0,0.0,0.0,0.0,0.0,0.0,0.0,0.0,0.0,0.0,0.0,-2.004,-2.004,2.004,2.004,0.0,0.0,0.0,0.0,4514.0,0.0,6918.0,0.0,-107615352.0,0.0,-107615304.0,0.0,0.0,0.0,0.0,69,-0.0,-0.0,0.0,0.0,0.0,0.0,0.0,0.0,0.0,0,0,0,0.0,0.0,0.0,0.0,0.0,0.0,0.0,0.0,0.0,0.0,0.0,0.0,0.0,0.0,0.0,0.0,0,-107875648.0,69,0.0,138,0.0,0.0,0,0,17085,52429,17097,0,17078,0,0,0,70,68,100,0.0,82.1,0.0,77.7,0.0,78.5,1,49,50,180,13107,39322,0,0,0.0,0.0,0.0,0.0,-0.0,67.0,0.0,162057.094,0.0,966,0,988,0,0,0,945,0,1009,0,910,0,786,0,776,0,821,0,7520,0.032,1.1961560610296037e+19,0.0,0.0,784,16797,-0.0,162057.094,-114818.039,-0.0,0.133,6.909358625270745e+28,30.0,70.0,35,0.0,0.0,0.0,0.0,0.0,0.0,0.0,0.0,0.0,0.0,0.0,0.0,0.0,0.0,0.0,0.0,66.4,0,150,71,51,65476,0,300,0,0,8,20529,65476,0,0,44564,70.0,0.0,0.0,0.0,0.0,0.0
2026-09-10T21:55:41,ERR,ERR,ERR,ERR,ERR,ERR,ERR,ERR,ERR,ERR,ERR,ERR,ERR,ERR,ERR,ERR,ERR,ERR,ERR,ERR,ERR,ERR,ERR,ERR,ERR,ERR,ERR,ERR,ERR,ERR,ERR,ERR,ERR,ERR,ERR,ERR,ERR,ERR,ERR,ERR,ERR,ERR,ERR,ERR,ERR,ERR,ERR,ERR,ERR,ERR,ERR,ERR,ERR,ERR,ERR,ERR,ERR,ERR,ERR,ERR,ERR,ERR,ERR,ERR,ERR,ERR,ERR,ERR,ERR,ERR,ERR,ERR,ERR,ERR,ERR,ERR,ERR,ERR,ERR,ERR,ERR,ERR,ERR,ERR,ERR,ERR,ERR,ERR,ERR,ERR,ERR,ERR,ERR,ERR,ERR,ERR,ERR,ERR,ERR,ERR,ERR,ERR,ERR,ERR,ERR,ERR,ERR,ERR,ERR,ERR,ERR,ERR,ERR,ERR,ERR,ERR,ERR,ERR,ERR,ERR,ERR,ERR,ERR,ERR,ERR,0.0,0.0,0.0,0.0,0.0,1.3936040501711995e+18,7.805,0.0,0,0,4,0,7116,0.0,100,0.0,0.0,0.0,0.0,0.0,0,0,0,0,0.0,0,0,0,0,0,0,0,0,0,0,0,0,0,0,0,0,0,0,0,0,0,0,0,0,0,0,0,0,0,0,0,0,0,31,40,40,71,65476,0,300,0,0,8,21553,0.0,-107605600.0,0.0,0.0,0.0,0.0,0.0,0.0,0.0,0.0,0.0,0.0,0.0,0.0,0.0,0.0,0.0,0.0,0.0,0.0,0.0,0.0,0.0,-2.004,2.004,2.004,0.0,0.0,0.0,0.0,4517.0,3.697179536554931e+19,6924.0,0.0,-107615352.0,0.0,-107615304.0,0.0,0.0,0.0,0.0,69,-0.0,-4.95039378082316e+32,0.0,0.0,0.0,0.0,0.0,0.0,0.0,0,0,0,0.0,0.0,0.0,0.0,0.0,0.0,0.0,0.0,0.0,0.0,0.0,0.0,0.0,0.0,0.0,0.0,0,-107875648.0,69,0.0,138,0.0,0.0,0,0,17085,52429,17097,0,17078,0,0,0,70,68,100,0.0,82.1,0.0,77.7,0.0,78.5,1,49,50,180,13107,39322,0,0,0.0,0.0,0.0,0.0,-0.0,67.0,0.0,162057.094,0.0,966,0,988,0,0,0,945,0,1009,0,910,0,786,0,776,0,821,0,7520,0.032,1.1961560610296037e+19,0.0,0.0,784,16797,-0.0,162057.094,-114818.039,-0.0,0.133,6.909358625270745e+28,30.0,70.0,35,0.0,0.0,0.0,0.0,0.0,0.0,0.0,0.0,0.0,0.0,0.0,0.0,0.0,0.0,0.0,0.0,66.4,0,150,71,51,65476,0,300,0,0,8,20529,65476,0,0,44564,70.0,0.0,0.0,0.0,0.0,0.0
2026-09-10T21:55:42,ERR,ERR,ERR,ERR,ERR,ERR,ERR,ERR,ERR,ERR,ERR,ERR,ERR,ERR,ERR,ERR,ERR,ERR,ERR,ERR,ERR,ERR,ERR,ERR,ERR,ERR,ERR,ERR,ERR,ERR,ERR,ERR,ERR,ERR,ERR,ERR,ERR,ERR,ERR,ERR,ERR,ERR,ERR,ERR,ERR,ERR,ERR,ERR,ERR,ERR,ERR,ERR,ERR,ERR,ERR,ERR,ERR,ERR,ERR,ERR,ERR,ERR,ERR,ERR,ERR,ERR,ERR,ERR,ERR,ERR,ERR,ERR,ERR,ERR,ERR,ERR,ERR,ERR,ERR,ERR,ERR,ERR,ERR,ERR,ERR,ERR,ERR,ERR,ERR,ERR,ERR,ERR,ERR,ERR,ERR,ERR,ERR,ERR,ERR,ERR,ERR,ERR,ERR,ERR,ERR,ERR,ERR,ERR,ERR,ERR,ERR,ERR,ERR,ERR,ERR,ERR,ERR,ERR,ERR,ERR,ERR,ERR,ERR,ERR,ERR,0.0,0.0,0.0,0.0,0.0,1.3936040501711995e+18,7.805,0.0,0,0,4,0,7116,0.0,100,0.0,0.0,0.0,0.0,0.0,0,0,0,0,0.0,0,0,0,0,0,0,0,0,0,0,0,0,0,0,0,0,0,0,0,0,0,0,0,0,0,0,0,0,0,0,0,0,0,31,40,40,71,65476,0,300,0,0,8,21553,0.0,-107605600.0,0.0,0.0,0.0,0.0,0.0,0.0,0.0,0.0,0.0,0.0,0.0,0.0,0.0,0.0,0.0,0.0,0.0,0.0,0.0,0.0,0.0,-2.004,2.004,2.004,0.0,0.0,0.0,0.0,4517.0,3.697179536554931e+19,6924.0,0.0,-107615352.0,0.0,-107615304.0,0.0,0.0,0.0,0.0,69,-0.0,-4.95039378082316e+32,0.0,0.0,0.0,0.0,0.0,0.0,0.0,0,0,0,0.0,0.0,0.0,0.0,0.0,0.0,0.0,0.0,0.0,0.0,0.0,0.0,0.0,0.0,0.0,0.0,0,-107875648.0,69,0.0,138,0.0,0.0,0,0,17085,52429,17097,0,17078,0,0,0,70,68,100,0.0,82.1,0.0,77.7,0.0,78.5,1,49,50,180,13107,39322,0,0,0.0,0.0,0.0,0.0,-0.0,67.0,0.0,162057.094,0.0,966,0,988,0,0,0,945,0,1009,0,910,0,786,0,776,0,821,0,7520,0.032,1.1961560610296037e+19,0.0,0.0,784,16797,-0.0,162057.094,-114818.039,-0.0,0.133,6.909358625270745e+28,30.0,70.0,35,0.0,0.0,0.0,0.0,0.0,0.0,0.0,0.0,0.0,0.0,0.0,0.0,0.0,0.0,0.0,0.0,66.4,0,150,71,51,65476,0,300,0,0,8,20529,65476,0,0,44564,70.0,0.0,0.0,0.0,0.0,0.0
2026-09-10T21:55:43,ERR,ERR,ERR,ERR,ERR,ERR,ERR,ERR,ERR,ERR,ERR,ERR,ERR,ERR,ERR,ERR,ERR,ERR,ERR,ERR,ERR,ERR,ERR,ERR,ERR,ERR,ERR,ERR,ERR,ERR,ERR,ERR,ERR,ERR,ERR,ERR,ERR,ERR,ERR,ERR,ERR,ERR,ERR,ERR,ERR,ERR,ERR,ERR,ERR,ERR,ERR,ERR,ERR,ERR,ERR,ERR,ERR,ERR,ERR,ERR,ERR,ERR,ERR,ERR,ERR,ERR,ERR,ERR,ERR,ERR,ERR,ERR,ERR,ERR,ERR,ERR,ERR,ERR,ERR,ERR,ERR,ERR,ERR,ERR,ERR,ERR,ERR,ERR,ERR,ERR,ERR,ERR,ERR,ERR,ERR,ERR,ERR,ERR,ERR,ERR,ERR,ERR,ERR,ERR,ERR,ERR,ERR,ERR,ERR,ERR,ERR,ERR,ERR,ERR,ERR,ERR,ERR,ERR,ERR,ERR,ERR,ERR,ERR,ERR,ERR,0.0,0.0,0.0,0.0,0.0,1.3936040501711995e+18,7.805,0.0,0,0,4,0,7116,0.0,100,0.0,0.0,0.0,0.0,0.0,0,0,0,0,0.0,0,0,0,0,0,0,0,0,0,0,0,0,0,0,0,0,0,0,0,0,0,0,0,0,0,0,0,0,0,0,0,0,0,31,40,40,71,65476,0,300,0,0,8,21553,0.0,-107605600.0,0.0,0.0,0.0,0.0,0.0,0.0,0.0,0.0,0.0,0.0,0.0,0.0,0.0,0.0,0.0,0.0,0.0,0.0,0.0,0.0,0.0,-2.004,2.004,2.004,0.0,0.0,0.0,0.0,4517.0,3.697179536554931e+19,6924.0,0.0,-107615352.0,0.0,-107615304.0,0.0,0.0,0.0,0.0,69,-0.0,-4.95039378082316e+32,0.0,0.0,0.0,0.0,0.0,0.0,0.0,0,0,0,0.0,0.0,0.0,0.0,0.0,0.0,0.0,0.0,0.0,0.0,0.0,0.0,0.0,0.0,0.0,0.0,0,-107875648.0,69,0.0,138,0.0,0.0,0,0,17085,52429,17097,0,17078,0,0,0,70,68,100,0.0,82.1,0.0,77.7,0.0,78.5,1,49,50,180,13107,39322,0,0,0.0,0.0,0.0,0.0,-0.0,67.0,0.0,162057.094,0.0,966,0,988,0,0,0,945,0,1009,0,910,0,786,0,776,0,821,0,7520,0.032,1.1961560610296037e+19,0.0,0.0,784,16797,-0.0,162057.094,-114818.039,-0.0,0.133,6.909358625270745e+28,30.0,70.0,35,0.0,0.0,0.0,0.0,0.0,0.0,0.0,0.0,0.0,0.0,0.0,0.0,0.0,0.0,0.0,0.0,66.4,0,150,71,51,65476,0,300,0,0,8,20529,65476,0,0,44564,70.0,0.0,0.0,0.0,0.0,0.0
2026-09-10T21:55:44,ERR,ERR,ERR,ERR,ERR,ERR,ERR,ERR,ERR,ERR,ERR,ERR,ERR,ERR,ERR,ERR,ERR,ERR,ERR,ERR,ERR,ERR,ERR,ERR,ERR,ERR,ERR,ERR,ERR,ERR,ERR,ERR,ERR,ERR,ERR,ERR,ERR,ERR,ERR,ERR,ERR,ERR,ERR,ERR,ERR,ERR,ERR,ERR,ERR,ERR,ERR,ERR,ERR,ERR,ERR,ERR,ERR,ERR,ERR,ERR,ERR,ERR,ERR,ERR,ERR,ERR,ERR,ERR,ERR,ERR,ERR,ERR,ERR,ERR,ERR,ERR,ERR,ERR,ERR,ERR,ERR,ERR,ERR,ERR,ERR,ERR,ERR,ERR,ERR,ERR,ERR,ERR,ERR,ERR,ERR,ERR,ERR,ERR,ERR,ERR,ERR,ERR,ERR,ERR,ERR,ERR,ERR,ERR,ERR,ERR,ERR,ERR,ERR,ERR,ERR,ERR,ERR,ERR,ERR,ERR,ERR,ERR,ERR,ERR,ERR,0.0,0.0,0.0,0.0,0.0,1.3936040501711995e+18,7.805,0.0,0,0,4,0,7116,0.0,100,0.0,0.0,0.0,0.0,0.0,0,0,0,0,0.0,0,0,0,0,0,0,0,0,0,0,0,0,0,0,0,0,0,0,0,0,0,0,0,0,0,0,0,0,0,0,0,0,0,31,40,40,71,65476,0,300,0,0,8,21553,0.0,-107605600.0,0.0,0.0,0.0,0.0,0.0,0.0,0.0,0.0,0.0,0.0,0.0,0.0,0.0,0.0,0.0,0.0,0.0,0.0,0.0,0.0,0.0,-2.004,2.004,2.004,0.0,0.0,0.0,0.0,4517.0,3.697179536554931e+19,6924.0,0.0,-107615352.0,0.0,-107615304.0,0.0,0.0,0.0,0.0,69,-0.0,-4.95039378082316e+32,0.0,0.0,0.0,0.0,0.0,0.0,0.0,0,0,0,0.0,0.0,0.0,0.0,0.0,0.0,0.0,0.0,0.0,0.0,0.0,0.0,0.0,0.0,0.0,0.0,0,-107875648.0,69,0.0,138,0.0,0.0,0,0,17085,52429,17097,0,17078,0,0,0,70,68,100,0.0,82.1,0.0,77.7,2.730238639235042e+23,78.5,1,49,50,180,13107,39322,0,0,0.0,0.0,0.0,0.0,-0.0,67.0,0.0,162057.094,0.0,966,0,988,0,0,0,945,0,1009,0,910,0,786,0,776,0,821,0,7520,0.032,1.2033618204333965e+19,0.0,0.0,784,16797,-0.0,162057.094,-114818.039,-0.0,0.133,6.909358625270745e+28,30.0,70.0,35,0.0,0.0,0.0,0.0,0.0,0.0,0.0,0.0,0.0,0.0,0.0,0.0,0.0,0.0,0.0,0.0,66.4,0,150,71,51,65476,0,300,0,0,8,20529,65476,0,0,44564,70.0,0.0,0.0,0.0,0.0,0.0
2026-09-10T21:55:45,ERR,ERR,ERR,ERR,ERR,ERR,ERR,ERR,ERR,ERR,ERR,ERR,ERR,ERR,ERR,ERR,ERR,ERR,ERR,ERR,ERR,ERR,ERR,ERR,ERR,ERR,ERR,ERR,ERR,ERR,ERR,ERR,ERR,ERR,ERR,ERR,ERR,ERR,ERR,ERR,ERR,ERR,ERR,ERR,ERR,ERR,ERR,ERR,ERR,ERR,ERR,ERR,ERR,ERR,ERR,ERR,ERR,ERR,ERR,ERR,ERR,ERR,ERR,ERR,ERR,ERR,ERR,ERR,ERR,ERR,ERR,ERR,ERR,ERR,ERR,ERR,ERR,ERR,ERR,ERR,ERR,ERR,ERR,ERR,ERR,ERR,ERR,ERR,ERR,ERR,ERR,ERR,ERR,ERR,ERR,ERR,ERR,ERR,ERR,ERR,ERR,ERR,ERR,ERR,ERR,ERR,ERR,ERR,ERR,ERR,ERR,ERR,ERR,ERR,ERR,ERR,ERR,ERR,ERR,ERR,ERR,ERR,ERR,ERR,ERR,0.0,0.0,0.0,0.0,0.0,1.3936040501711995e+18,7.805,0.0,0,0,4,0,7116,0.0,100,0.0,0.0,0.0,0.0,0.0,0,0,0,0,0.0,0,0,0,0,0,0,0,0,0,0,0,0,0,0,0,0,0,0,0,0,0,0,0,0,0,0,0,0,0,0,0,0,0,31,40,40,71,65476,0,300,0,0,8,21553,0.0,-107605600.0,0.0,0.0,0.0,0.0,0.0,0.0,0.0,0.0,0.0,0.0,0.0,0.0,0.0,0.0,0.0,0.0,0.0,0.0,0.0,0.0,0.0,-2.004,2.004,2.004,0.0,0.0,0.0,0.0,4517.0,3.697179536554931e+19,6924.0,0.0,-107615352.0,0.0,-107615304.0,0.0,0.0,0.0,0.0,69,-0.0,-4.95039378082316e+32,0.0,0.0,0.0,0.0,0.0,0.0,0.0,0,0,0,0.0,0.0,0.0,0.0,0.0,0.0,0.0,0.0,0.0,0.0,0.0,0.0,0.0,0.0,0.0,0.0,0,-107875648.0,69,0.0,138,0.0,0.0,0,0,17085,52429,17097,0,17078,0,0,0,70,68,100,0.0,82.1,0.0,77.7,2.730238639235042e+23,78.5,1,49,50,180,13107,39322,0,0,0.0,0.0,0.0,0.0,-0.0,67.0,0.0,162057.094,0.0,966,0,988,0,0,0,945,0,1009,0,910,0,786,0,776,0,821,0,7520,0.032,1.2033618204333965e+19,0.0,0.0,784,16797,-0.0,162057.094,-114818.039,-0.0,0.133,6.909358625270745e+28,30.0,70.0,35,0.0,0.0,0.0,0.0,0.0,0.0,0.0,0.0,0.0,0.0,0.0,0.0,0.0,0.0,0.0,0.0,66.4,0,150,71,51,65476,0,300,0,0,8,20529,65476,0,0,44564,70.0,0.0,0.0,0.0,0.0,0.0
2026-09-10T21:55:46,ERR,ERR,ERR,ERR,ERR,ERR,ERR,ERR,ERR,ERR,ERR,ERR,ERR,ERR,ERR,ERR,ERR,ERR,ERR,ERR,ERR,ERR,ERR,ERR,ERR,ERR,ERR,ERR,ERR,ERR,ERR,ERR,ERR,ERR,ERR,ERR,ERR,ERR,ERR,ERR,ERR,ERR,ERR,ERR,ERR,ERR,ERR,ERR,ERR,ERR,ERR,ERR,ERR,ERR,ERR,ERR,ERR,ERR,ERR,ERR,ERR,ERR,ERR,ERR,ERR,ERR,ERR,ERR,ERR,ERR,ERR,ERR,ERR,ERR,ERR,ERR,ERR,ERR,ERR,ERR,ERR,ERR,ERR,ERR,ERR,ERR,ERR,ERR,ERR,ERR,ERR,ERR,ERR,ERR,ERR,ERR,ERR,ERR,ERR,ERR,ERR,ERR,ERR,ERR,ERR,ERR,ERR,ERR,ERR,ERR,ERR,ERR,ERR,ERR,ERR,ERR,ERR,ERR,ERR,ERR,ERR,ERR,ERR,ERR,ERR,0.0,0.0,0.0,0.0,0.0,1.3936040501711995e+18,7.805,0.0,0,0,4,0,7116,0.0,100,0.0,0.0,0.0,0.0,0.0,0,0,0,0,0.0,0,0,0,0,0,0,0,0,0,0,0,0,0,0,0,0,0,0,0,0,0,0,0,0,0,0,0,0,0,0,0,0,0,31,40,40,71,65476,0,300,0,0,8,21553,0.0,-107605600.0,0.0,0.0,0.0,0.0,0.0,0.0,0.0,0.0,0.0,0.0,0.0,0.0,0.0,0.0,0.0,0.0,0.0,0.0,0.0,0.0,0.0,-2.004,2.004,2.004,0.0,0.0,0.0,0.0,4517.0,3.697179536554931e+19,6924.0,0.0,-107615352.0,0.0,-107615304.0,0.0,0.0,0.0,0.0,69,-0.0,-4.95039378082316e+32,0.0,0.0,0.0,0.0,0.0,0.0,0.0,0,0,0,0.0,0.0,0.0,0.0,0.0,0.0,0.0,0.0,0.0,0.0,0.0,0.0,0.0,0.0,0.0,0.0,0,-107875648.0,69,0.0,138,0.0,0.0,0,0,17085,52429,17097,0,17078,0,0,0,70,68,100,0.0,82.1,0.0,77.7,2.730238639235042e+23,78.5,1,49,50,180,13107,39322,0,0,0.0,0.0,0.0,0.0,-0.0,67.0,0.0,162057.094,0.0,966,0,988,0,0,0,945,0,1009,0,910,0,786,0,776,0,821,0,7520,0.032,1.2033618204333965e+19,0.0,0.0,784,16797,-0.0,162057.094,-114818.039,-0.0,0.133,6.909358625270745e+28,30.0,70.0,35,0.0,0.0,0.0,0.0,0.0,0.0,0.0,0.0,0.0,0.0,0.0,0.0,0.0,0.0,0.0,0.0,66.4,0,150,71,51,65476,0,300,0,0,8,20529,65476,0,0,44564,70.0,0.0,0.0,0.0,0.0,0.0
2026-09-10T21:55:47,ERR,ERR,ERR,ERR,ERR,ERR,ERR,ERR,ERR,ERR,ERR,ERR,ERR,ERR,ERR,ERR,ERR,ERR,ERR,ERR,ERR,ERR,ERR,ERR,ERR,ERR,ERR,ERR,ERR,ERR,ERR,ERR,ERR,ERR,ERR,ERR,ERR,ERR,ERR,ERR,ERR,ERR,ERR,ERR,ERR,ERR,ERR,ERR,ERR,ERR,ERR,ERR,ERR,ERR,ERR,ERR,ERR,ERR,ERR,ERR,ERR,ERR,ERR,ERR,ERR,ERR,ERR,ERR,ERR,ERR,ERR,ERR,ERR,ERR,ERR,ERR,ERR,ERR,ERR,ERR,ERR,ERR,ERR,ERR,ERR,ERR,ERR,ERR,ERR,ERR,ERR,ERR,ERR,ERR,ERR,ERR,ERR,ERR,ERR,ERR,ERR,ERR,ERR,ERR,ERR,ERR,ERR,ERR,ERR,ERR,ERR,ERR,ERR,ERR,ERR,ERR,ERR,ERR,ERR,ERR,ERR,ERR,ERR,ERR,ERR,0.0,0.0,0.0,0.0,0.0,1.3936040501711995e+18,7.805,0.0,0,0,4,0,7116,0.0,100,0.0,0.0,0.0,0.0,0.0,0,0,0,0,0.0,0,0,0,0,0,0,0,0,0,0,0,0,0,0,0,0,0,0,0,0,0,0,0,0,0,0,0,0,0,0,0,0,0,31,40,40,71,65476,0,300,0,0,8,21553,0.0,-107605600.0,0.0,0.0,0.0,0.0,0.0,0.0,0.0,0.0,0.0,0.0,0.0,0.0,0.0,0.0,0.0,0.0,0.0,0.0,0.0,0.0,0.0,-2.004,2.004,2.004,0.0,0.0,0.0,0.0,4517.0,3.697179536554931e+19,6924.0,0.0,-107615352.0,0.0,-107615304.0,0.0,0.0,0.0,0.0,69,-0.0,-4.95039378082316e+32,0.0,0.0,0.0,0.0,0.0,0.0,0.0,0,0,0,0.0,0.0,0.0,0.0,0.0,0.0,0.0,0.0,0.0,0.0,0.0,0.0,0.0,0.0,0.0,0.0,0,-107875648.0,69,0.0,138,0.0,0.0,0,0,17085,52429,17097,0,17078,0,0,0,70,68,100,0.0,82.1,0.0,77.7,2.730238639235042e+23,78.5,1,49,50,180,13107,39322,0,0,0.0,0.0,0.0,0.0,-0.0,67.0,0.0,162057.094,0.0,966,0,988,0,0,0,945,0,1009,0,910,0,786,0,776,0,821,0,7520,0.032,1.2033618204333965e+19,0.0,0.0,784,16797,-0.0,162057.094,-114818.039,-0.0,0.133,6.909358625270745e+28,30.0,70.0,35,0.0,0.0,0.0,0.0,0.0,0.0,0.0,0.0,0.0,0.0,0.0,0.0,0.0,0.0,0.0,0.0,66.4,0,150,71,51,65476,0,300,0,0,8,20529,65476,0,0,44564,70.0,0.0,0.0,0.0,0.0,0.0
2026-09-10T21:55:48,ERR,ERR,ERR,ERR,ERR,ERR,ERR,ERR,ERR,ERR,ERR,ERR,ERR,ERR,ERR,ERR,ERR,ERR,ERR,ERR,ERR,ERR,ERR,ERR,ERR,ERR,ERR,ERR,ERR,ERR,ERR,ERR,ERR,ERR,ERR,ERR,ERR,ERR,ERR,ERR,ERR,ERR,ERR,ERR,ERR,ERR,ERR,ERR,ERR,ERR,ERR,ERR,ERR,ERR,ERR,ERR,ERR,ERR,ERR,ERR,ERR,ERR,ERR,ERR,ERR,ERR,ERR,ERR,ERR,ERR,ERR,ERR,ERR,ERR,ERR,ERR,ERR,ERR,ERR,ERR,ERR,ERR,ERR,ERR,ERR,ERR,ERR,ERR,ERR,ERR,ERR,ERR,ERR,ERR,ERR,ERR,ERR,ERR,ERR,ERR,ERR,ERR,ERR,ERR,ERR,ERR,ERR,ERR,ERR,ERR,ERR,ERR,ERR,ERR,ERR,ERR,ERR,ERR,ERR,ERR,ERR,ERR,ERR,ERR,ERR,0.0,-107615352.0,-0.0,0.0,0.0,1.3936040501711995e+18,7.805,0.0,0,0,4,0,7116,0.0,100,0.0,0.0,0.0,0.0,0.0,0,0,0,0,0.0,0,0,0,0,0,0,0,0,0,0,0,0,0,0,0,0,0,0,0,0,0,0,0,0,0,0,0,0,0,0,0,0,0,31,40,40,71,65476,0,300,0,0,8,21553,0.0,-107605600.0,0.0,0.0,0.0,0.0,0.0,0.0,0.0,0.0,0.0,0.0,0.0,0.0,0.0,0.0,0.0,0.0,0.0,0.0,0.0,0.0,-2.004,0.0,-0.0,2.004,0.0,0.0,0.0,0.0,4512.0,-0.0,6928.0,0.0,-107615352.0,0.0,-107615304.0,0.0,0.0,0.0,0.0,69,-0.0,0.0,0.0,0.0,0.0,0.0,0.0,0.0,0.0,0,0,0,0.0,0.0,0.0,0.0,0.0,0.0,0.0,0.0,0.0,0.0,0.0,0.0,0.0,0.0,0.0,0.0,0,-107875648.0,69,0.0,138,0.0,0.0,0,0,17085,52429,17097,0,17078,0,0,0,70,68,100,0.0,82.1,0.0,77.6,0.0,78.5,1,49,50,180,13107,39322,0,0,0.0,0.0,0.0,0.0,-0.0,67.0,0.0,162057.094,0.0,966,0,988,0,0,0,945,0,1009,0,910,0,787,0,776,0,821,0,7520,0.032,1.2033618204333965e+19,0.0,0.0,784,16797,-0.0,162057.094,-114818.039,-0.0,0.133,6.909358625270745e+28,30.0,70.0,35,0.0,0.0,0.0,0.0,0.0,0.0,0.0,0.0,0.0,0.0,0.0,0.0,0.0,0.0,0.0,0.0,66.8,0,150,71,51,65476,0,300,0,0,8,20529,65476,0,0,44564,70.0,0.0,0.0,0.0,0.0,0.0
2026-09-10T21:55:49,ERR,ERR,ERR,ERR,ERR,ERR,ERR,ERR,ERR,ERR,ERR,ERR,ERR,ERR,ERR,ERR,ERR,ERR,ERR,ERR,ERR,ERR,ERR,ERR,ERR,ERR,ERR,ERR,ERR,ERR,ERR,ERR,ERR,ERR,ERR,ERR,ERR,ERR,ERR,ERR,ERR,ERR,ERR,ERR,ERR,ERR,ERR,ERR,ERR,ERR,ERR,ERR,ERR,ERR,ERR,ERR,ERR,ERR,ERR,ERR,ERR,ERR,ERR,ERR,ERR,ERR,ERR,ERR,ERR,ERR,ERR,ERR,ERR,ERR,ERR,ERR,ERR,ERR,ERR,ERR,ERR,ERR,ERR,ERR,ERR,ERR,ERR,ERR,ERR,ERR,ERR,ERR,ERR,ERR,ERR,ERR,ERR,ERR,ERR,ERR,ERR,ERR,ERR,ERR,ERR,ERR,ERR,ERR,ERR,ERR,ERR,ERR,ERR,ERR,ERR,ERR,ERR,ERR,ERR,ERR,ERR,ERR,ERR,ERR,ERR,0.0,-107615352.0,-0.0,0.0,0.0,1.3936040501711995e+18,7.805,0.0,0,0,4,0,7116,0.0,100,0.0,0.0,0.0,0.0,0.0,0,0,0,0,0.0,0,0,0,0,0,0,0,0,0,0,0,0,0,0,0,0,0,0,0,0,0,0,0,0,0,0,0,0,0,0,0,0,0,31,40,40,71,65476,0,300,0,0,8,21553,0.0,-107605600.0,0.0,0.0,0.0,0.0,0.0,0.0,0.0,0.0,0.0,0.0,0.0,0.0,0.0,0.0,0.0,0.0,0.0,0.0,0.0,0.0,-2.004,0.0,-0.0,2.004,0.0,0.0,0.0,0.0,4512.0,-0.0,6928.0,0.0,-107615352.0,0.0,-107615304.0,0.0,0.0,0.0,0.0,69,-0.0,0.0,0.0,0.0,0.0,0.0,0.0,0.0,0.0,0,0,0,0.0,0.0,0.0,0.0,0.0,0.0,0.0,0.0,0.0,0.0,0.0,0.0,0.0,0.0,0.0,0.0,0,-107875648.0,69,0.0,138,0.0,0.0,0,0,17085,52429,17097,0,17078,0,0,0,70,68,100,0.0,82.1,0.0,77.6,0.0,78.5,1,49,50,180,13107,39322,0,0,0.0,0.0,0.0,0.0,-0.0,67.0,0.0,162057.094,0.0,966,0,988,0,0,0,945,0,1009,0,910,0,787,0,776,0,821,0,7520,0.032,1.2033618204333965e+19,0.0,0.0,784,16797,-0.0,162057.094,-114818.039,-0.0,0.133,6.909358625270745e+28,30.0,70.0,35,0.0,0.0,0.0,0.0,0.0,0.0,0.0,0.0,0.0,0.0,0.0,0.0,0.0,0.0,0.0,0.0,66.8,0,150,71,51,65476,0,300,0,0,8,20529,65476,0,0,44564,70.0,0.0,0.0,0.0,0.0,0.0
2026-09-10T21:55:50,ERR,ERR,ERR,ERR,ERR,ERR,ERR,ERR,ERR,ERR,ERR,ERR,ERR,ERR,ERR,ERR,ERR,ERR,ERR,ERR,ERR,ERR,ERR,ERR,ERR,ERR,ERR,ERR,ERR,ERR,ERR,ERR,ERR,ERR,ERR,ERR,ERR,ERR,ERR,ERR,ERR,ERR,ERR,ERR,ERR,ERR,ERR,ERR,ERR,ERR,ERR,ERR,ERR,ERR,ERR,ERR,ERR,ERR,ERR,ERR,ERR,ERR,ERR,ERR,ERR,ERR,ERR,ERR,ERR,ERR,ERR,ERR,ERR,ERR,ERR,ERR,ERR,ERR,ERR,ERR,ERR,ERR,ERR,ERR,ERR,ERR,ERR,ERR,ERR,ERR,ERR,ERR,ERR,ERR,ERR,ERR,ERR,ERR,ERR,ERR,ERR,ERR,ERR,ERR,ERR,ERR,ERR,ERR,ERR,ERR,ERR,ERR,ERR,ERR,ERR,ERR,ERR,ERR,ERR,ERR,ERR,ERR,ERR,ERR,ERR,0.0,-107615352.0,-0.0,0.0,0.0,1.3936040501711995e+18,7.805,0.0,0,0,4,0,7116,0.0,100,0.0,0.0,0.0,0.0,0.0,0,0,0,0,0.0,0,0,0,0,0,0,0,0,0,0,0,0,0,0,0,0,0,0,0,0,0,0,0,0,0,0,0,0,0,0,0,0,0,31,40,40,71,65476,0,300,0,0,8,21553,0.0,-107605600.0,0.0,0.0,0.0,0.0,0.0,0.0,0.0,0.0,0.0,0.0,0.0,0.0,0.0,0.0,0.0,0.0,0.0,0.0,0.0,0.0,-2.004,0.0,-0.0,2.004,0.0,0.0,0.0,0.0,4512.0,-0.0,6928.0,0.0,-107615352.0,0.0,-107615304.0,0.0,0.0,0.0,0.0,69,-0.0,0.0,0.0,0.0,0.0,0.0,0.0,0.0,0.0,0,0,0,0.0,0.0,0.0,0.0,0.0,0.0,0.0,0.0,0.0,0.0,0.0,0.0,0.0,0.0,0.0,0.0,0,-107875648.0,69,0.0,138,0.0,0.0,0,0,17085,52429,17097,0,17078,0,0,0,70,68,100,0.0,82.1,0.0,77.6,0.0,78.5,1,49,50,180,13107,39322,0,0,0.0,0.0,0.0,0.0,-0.0,67.0,0.0,162057.094,0.0,966,0,988,0,0,0,945,0,1009,0,910,0,787,0,776,0,821,0,7520,0.032,1.2033618204333965e+19,0.0,0.0,784,16797,-0.0,162057.094,-114818.039,-0.0,0.133,6.909358625270745e+28,30.0,70.0,35,0.0,0.0,0.0,0.0,0.0,0.0,0.0,0.0,0.0,0.0,0.0,0.0,0.0,0.0,0.0,0.0,66.8,0,150,71,51,65476,0,300,0,0,8,20529,65476,0,0,44564,70.0,0.0,0.0,0.0,0.0,0.0
2026-09-10T21:55:51,ERR,ERR,ERR,ERR,ERR,ERR,ERR,ERR,ERR,ERR,ERR,ERR,ERR,ERR,ERR,ERR,ERR,ERR,ERR,ERR,ERR,ERR,ERR,ERR,ERR,ERR,ERR,ERR,ERR,ERR,ERR,ERR,ERR,ERR,ERR,ERR,ERR,ERR,ERR,ERR,ERR,ERR,ERR,ERR,ERR,ERR,ERR,ERR,ERR,ERR,ERR,ERR,ERR,ERR,ERR,ERR,ERR,ERR,ERR,ERR,ERR,ERR,ERR,ERR,ERR,ERR,ERR,ERR,ERR,ERR,ERR,ERR,ERR,ERR,ERR,ERR,ERR,ERR,ERR,ERR,ERR,ERR,ERR,ERR,ERR,ERR,ERR,ERR,ERR,ERR,ERR,ERR,ERR,ERR,ERR,ERR,ERR,ERR,ERR,ERR,ERR,ERR,ERR,ERR,ERR,ERR,ERR,ERR,ERR,ERR,ERR,ERR,ERR,ERR,ERR,ERR,ERR,ERR,ERR,ERR,ERR,ERR,ERR,ERR,ERR,0.0,-107615352.0,-0.0,0.0,0.0,1.3936040501711995e+18,7.805,0.0,0,0,4,0,7116,0.0,100,0.0,0.0,0.0,0.0,0.0,0,0,0,0,0.0,0,0,0,0,0,0,0,0,0,0,0,0,0,0,0,0,0,0,0,0,0,0,0,0,0,0,0,0,0,0,0,0,0,31,40,40,71,65476,0,300,0,0,8,21553,0.0,-107605600.0,0.0,0.0,0.0,0.0,0.0,0.0,0.0,0.0,0.0,0.0,0.0,0.0,0.0,0.0,0.0,0.0,0.0,0.0,0.0,0.0,-2.004,0.0,-0.0,2.004,0.0,0.0,0.0,0.0,4512.0,-0.0,6928.0,0.0,-107615352.0,0.0,-107615304.0,0.0,0.0,0.0,0.0,69,-0.0,0.0,0.0,0.0,0.0,0.0,0.0,0.0,0.0,0,0,0,0.0,0.0,0.0,0.0,0.0,0.0,0.0,0.0,0.0,0.0,0.0,0.0,0.0,0.0,0.0,0.0,0,-107875648.0,69,0.0,138,0.0,0.0,0,0,17085,52429,17097,0,17078,0,0,0,70,68,100,0.0,82.1,0.0,77.6,0.0,78.5,1,49,50,180,13107,39322,0,0,0.0,0.0,0.0,0.0,-0.0,67.0,0.0,162057.094,0.0,966,0,988,0,0,0,945,0,1009,0,910,0,787,0,776,0,821,0,7520,0.032,1.2033618204333965e+19,0.0,0.0,784,16797,-0.0,162057.094,-114818.039,-0.0,0.133,6.909358625270745e+28,30.0,70.0,35,0.0,0.0,0.0,0.0,0.0,0.0,0.0,0.0,0.0,0.0,0.0,0.0,0.0,0.0,0.0,0.0,66.8,0,150,71,51,65476,0,300,0,0,8,20529,65476,0,0,44564,70.0,0.0,0.0,0.0,0.0,0.0
2026-09-10T21:55:52,ERR,ERR,ERR,ERR,ERR,ERR,ERR,ERR,ERR,ERR,ERR,ERR,ERR,ERR,ERR,ERR,ERR,ERR,ERR,ERR,ERR,ERR,ERR,ERR,ERR,ERR,ERR,ERR,ERR,ERR,ERR,ERR,ERR,ERR,ERR,ERR,ERR,ERR,ERR,ERR,ERR,ERR,ERR,ERR,ERR,ERR,ERR,ERR,ERR,ERR,ERR,ERR,ERR,ERR,ERR,ERR,ERR,ERR,ERR,ERR,ERR,ERR,ERR,ERR,ERR,ERR,ERR,ERR,ERR,ERR,ERR,ERR,ERR,ERR,ERR,ERR,ERR,ERR,ERR,ERR,ERR,ERR,ERR,ERR,ERR,ERR,ERR,ERR,ERR,ERR,ERR,ERR,ERR,ERR,ERR,ERR,ERR,ERR,ERR,ERR,ERR,ERR,ERR,ERR,ERR,ERR,ERR,ERR,ERR,ERR,ERR,ERR,ERR,ERR,ERR,ERR,ERR,ERR,ERR,ERR,ERR,ERR,ERR,ERR,ERR,0.0,-107615352.0,-0.0,0.0,0.0,1.3936040501711995e+18,7.805,0.0,0,0,4,0,7116,0.0,100,0.0,0.0,0.0,0.0,0.0,0,0,0,0,0.0,0,0,0,0,0,0,0,0,0,0,0,0,0,0,0,0,0,0,0,0,0,0,0,0,0,0,0,0,0,0,0,0,0,31,40,40,71,65476,0,300,0,0,8,21553,0.0,-107605600.0,0.0,0.0,0.0,0.0,0.0,0.0,0.0,0.0,0.0,0.0,0.0,0.0,0.0,0.0,0.0,0.0,0.0,0.0,0.0,0.0,-2.004,0.0,-0.0,2.004,0.0,0.0,0.0,0.0,4512.0,-0.0,6928.0,0.0,-107615352.0,0.0,-107615304.0,0.0,0.0,0.0,0.0,69,-0.0,0.0,0.0,0.0,0.0,0.0,0.0,0.0,0.0,0,0,0,0.0,0.0,0.0,0.0,0.0,0.0,0.0,0.0,0.0,0.0,0.0,0.0,0.0,0.0,0.0,0.0,0,-107875648.0,69,0.0,138,0.0,0.0,0,0,17085,52429,17097,0,17078,0,0,0,70,68,100,0.0,82.1,0.0,77.6,0.0,78.5,1,49,50,180,13107,39322,0,0,0.0,0.0,0.0,0.0,-0.0,67.0,0.0,162057.094,0.0,966,0,988,0,0,0,945,0,1009,0,910,0,787,0,776,0,821,0,7520,0.032,1.2033618204333965e+19,0.0,0.0,784,16797,-0.0,162057.094,-114818.039,-0.0,0.133,6.909358625270745e+28,30.0,70.0,35,0.0,0.0,0.0,0.0,0.0,0.0,0.0,0.0,0.0,0.0,0.0,0.0,0.0,0.0,0.0,0.0,66.4,0,150,71,51,65476,0,300,0,0,8,20529,65476,0,0,44564,70.0,0.0,0.0,0.0,0.0,0.0
2026-09-10T21:55:53,ERR,ERR,ERR,ERR,ERR,ERR,ERR,ERR,ERR,ERR,ERR,ERR,ERR,ERR,ERR,ERR,ERR,ERR,ERR,ERR,ERR,ERR,ERR,ERR,ERR,ERR,ERR,ERR,ERR,ERR,ERR,ERR,ERR,ERR,ERR,ERR,ERR,ERR,ERR,ERR,ERR,ERR,ERR,ERR,ERR,ERR,ERR,ERR,ERR,ERR,ERR,ERR,ERR,ERR,ERR,ERR,ERR,ERR,ERR,ERR,ERR,ERR,ERR,ERR,ERR,ERR,ERR,ERR,ERR,ERR,ERR,ERR,ERR,ERR,ERR,ERR,ERR,ERR,ERR,ERR,ERR,ERR,ERR,ERR,ERR,ERR,ERR,ERR,ERR,ERR,ERR,ERR,ERR,ERR,ERR,ERR,ERR,ERR,ERR,ERR,ERR,ERR,ERR,ERR,ERR,ERR,ERR,ERR,ERR,ERR,ERR,ERR,ERR,ERR,ERR,ERR,ERR,ERR,ERR,ERR,ERR,ERR,ERR,ERR,ERR,0.0,-107615352.0,-0.0,0.0,0.0,1.3936040501711995e+18,7.805,0.0,0,0,4,0,7116,0.0,100,0.0,0.0,0.0,0.0,0.0,0,0,0,0,0.0,0,0,0,0,0,0,0,0,0,0,0,0,0,0,0,0,0,0,0,0,0,0,0,0,0,0,0,0,0,0,0,0,0,31,40,40,71,65476,0,300,0,0,8,21553,0.0,-107605600.0,0.0,0.0,0.0,0.0,0.0,0.0,0.0,0.0,0.0,0.0,0.0,0.0,0.0,0.0,0.0,0.0,0.0,0.0,0.0,0.0,-2.004,0.0,-0.0,2.004,0.0,0.0,0.0,0.0,4512.0,-0.0,6928.0,0.0,-107615352.0,0.0,-107615304.0,0.0,0.0,0.0,0.0,69,-0.0,0.0,0.0,0.0,0.0,0.0,0.0,0.0,0.0,0,0,0,0.0,0.0,0.0,0.0,0.0,0.0,0.0,0.0,0.0,0.0,0.0,0.0,0.0,0.0,0.0,0.0,0,-107875648.0,69,0.0,138,0.0,0.0,0,0,17085,52429,17097,0,17078,0,0,0,70,68,100,0.0,82.1,0.0,77.6,2.730238639235042e+23,78.5,1,49,50,180,13107,39322,0,0,0.0,0.0,0.0,0.0,-0.0,67.0,0.0,162057.094,0.0,966,0,988,0,0,0,945,0,1009,0,910,0,787,0,776,0,821,0,7520,0.032,1.2033618204333965e+19,0.0,0.0,784,16797,-0.0,162057.094,-114818.039,-0.0,0.133,6.909358625270745e+28,30.0,70.0,35,0.0,0.0,0.0,0.0,0.0,0.0,0.0,0.0,0.0,0.0,0.0,0.0,0.0,0.0,0.0,0.0,66.4,0,150,71,51,65476,0,300,0,0,8,20529,65476,0,0,44564,70.0,0.0,0.0,0.0,0.0,0.0
2026-09-10T21:55:54,ERR,ERR,ERR,ERR,ERR,ERR,ERR,ERR,ERR,ERR,ERR,ERR,ERR,ERR,ERR,ERR,ERR,ERR,ERR,ERR,ERR,ERR,ERR,ERR,ERR,ERR,ERR,ERR,ERR,ERR,ERR,ERR,ERR,ERR,ERR,ERR,ERR,ERR,ERR,ERR,ERR,ERR,ERR,ERR,ERR,ERR,ERR,ERR,ERR,ERR,ERR,ERR,ERR,ERR,ERR,ERR,ERR,ERR,ERR,ERR,ERR,ERR,ERR,ERR,ERR,ERR,ERR,ERR,ERR,ERR,ERR,ERR,ERR,ERR,ERR,ERR,ERR,ERR,ERR,ERR,ERR,ERR,ERR,ERR,ERR,ERR,ERR,ERR,ERR,ERR,ERR,ERR,ERR,ERR,ERR,ERR,ERR,ERR,ERR,ERR,ERR,ERR,ERR,ERR,ERR,ERR,ERR,ERR,ERR,ERR,ERR,ERR,ERR,ERR,ERR,ERR,ERR,ERR,ERR,ERR,ERR,ERR,ERR,ERR,ERR,0.0,-107615352.0,-0.0,0.0,0.0,1.3936040501711995e+18,7.805,0.0,0,0,4,0,7116,0.0,100,0.0,0.0,0.0,0.0,0.0,0,0,0,0,0.0,0,0,0,0,0,0,0,0,0,0,0,0,0,0,0,0,0,0,0,0,0,0,0,0,0,0,0,0,0,0,0,0,0,31,40,40,71,65476,0,300,0,0,8,21553,0.0,-107605600.0,0.0,0.0,0.0,0.0,0.0,0.0,0.0,0.0,0.0,0.0,0.0,0.0,0.0,0.0,0.0,0.0,0.0,0.0,0.0,0.0,-2.004,-2.004,2.004,2.004,0.0,0.0,0.0,0.0,4541.0,8608166912.0,6922.0,0.0,-107615352.0,2.7184264179883896e+23,-107615304.0,0.0,0.0,0.0,0.0,69,-0.0,-2.3088245329045016e+20,0.0,0.0,0.0,0.0,0.0,0.0,0.0,0,0,0,0.0,0.0,0.0,0.0,0.0,0.0,0.0,0.0,0.0,0.0,0.0,0.0,0.0,0.0,0.0,0.0,0,-107875648.0,69,0.0,138,0.0,0.0,0,0,17085,52429,17097,0,17078,0,0,0,70,68,100,0.0,82.1,0.0,77.6,2.730238639235042e+23,78.5,1,49,50,180,13107,39322,0,0,0.0,0.0,0.0,0.0,-0.0,67.0,0.0,162057.094,0.0,966,0,988,0,0,0,945,0,1009,0,910,0,787,0,776,0,821,0,7520,0.032,1.2033618204333965e+19,0.0,0.0,784,16797,-0.0,162057.094,-114818.039,-0.0,0.133,6.909358625270745e+28,30.0,70.0,35,0.0,0.0,0.0,0.0,0.0,0.0,0.0,0.0,0.0,0.0,0.0,0.0,0.0,0.0,0.0,0.0,66.4,0,150,71,51,65476,0,300,0,0,8,20529,65476,0,0,44564,70.0,0.0,0.0,0.0,0.0,0.0
2026-09-10T21:55:55,ERR,ERR,ERR,ERR,ERR,ERR,ERR,ERR,ERR,ERR,ERR,ERR,ERR,ERR,ERR,ERR,ERR,ERR,ERR,ERR,ERR,ERR,ERR,ERR,ERR,ERR,ERR,ERR,ERR,ERR,ERR,ERR,ERR,ERR,ERR,ERR,ERR,ERR,ERR,ERR,ERR,ERR,ERR,ERR,ERR,ERR,ERR,ERR,ERR,ERR,ERR,ERR,ERR,ERR,ERR,ERR,ERR,ERR,ERR,ERR,ERR,ERR,ERR,ERR,ERR,ERR,ERR,ERR,ERR,ERR,ERR,ERR,ERR,ERR,ERR,ERR,ERR,ERR,ERR,ERR,ERR,ERR,ERR,ERR,ERR,ERR,ERR,ERR,ERR,ERR,ERR,ERR,ERR,ERR,ERR,ERR,ERR,ERR,ERR,ERR,ERR,ERR,ERR,ERR,ERR,ERR,ERR,ERR,ERR,ERR,ERR,ERR,ERR,ERR,ERR,ERR,ERR,ERR,ERR,ERR,ERR,ERR,ERR,ERR,ERR,0.0,-107615352.0,-0.0,0.0,0.0,1.3936040501711995e+18,7.805,0.0,0,0,4,0,7116,0.0,100,0.0,0.0,0.0,0.0,0.0,0,0,0,0,0.0,0,0,0,0,0,0,0,0,0,0,0,0,0,0,0,0,0,0,0,0,0,0,0,0,0,0,0,0,0,0,0,0,0,31,40,40,71,65476,0,300,0,0,8,21553,0.0,-107605600.0,0.0,0.0,0.0,0.0,0.0,0.0,0.0,0.0,0.0,0.0,0.0,0.0,0.0,0.0,0.0,0.0,0.0,0.0,0.0,0.0,-2.004,-2.004,2.004,2.004,0.0,0.0,0.0,0.0,4541.0,8608166912.0,6922.0,0.0,-107615352.0,2.7184264179883896e+23,-107615304.0,0.0,0.0,0.0,0.0,69,-0.0,-2.3088245329045016e+20,0.0,0.0,0.0,0.0,0.0,0.0,0.0,0,0,0,0.0,0.0,0.0,0.0,0.0,0.0,0.0,0.0,0.0,0.0,0.0,0.0,0.0,0.0,0.0,0.0,0,-107875648.0,69,0.0,138,0.0,0.0,0,0,17085,52429,17097,0,17078,0,0,0,70,68,100,0.0,82.1,0.0,77.6,2.730238639235042e+23,78.5,1,49,50,180,13107,39322,0,0,0.0,0.0,0.0,0.0,-0.0,67.0,0.0,162057.094,0.0,966,0,988,0,0,0,945,0,1009,0,910,0,787,0,776,0,821,0,7520,0.032,1.2033618204333965e+19,0.0,0.0,784,16797,-0.0,162057.094,-114818.039,-0.0,0.133,6.909358625270745e+28,30.0,70.0,35,0.0,0.0,0.0,0.0,0.0,0.0,0.0,0.0,0.0,0.0,0.0,0.0,0.0,0.0,0.0,0.0,66.4,0,150,71,51,65476,0,300,0,0,8,20529,65476,0,0,44564,70.0,0.0,0.0,0.0,0.0,0.0
2026-09-10T21:55:56,ERR,ERR,ERR,ERR,ERR,ERR,ERR,ERR,ERR,ERR,ERR,ERR,ERR,ERR,ERR,ERR,ERR,ERR,ERR,ERR,ERR,ERR,ERR,ERR,ERR,ERR,ERR,ERR,ERR,ERR,ERR,ERR,ERR,ERR,ERR,ERR,ERR,ERR,ERR,ERR,ERR,ERR,ERR,ERR,ERR,ERR,ERR,ERR,ERR,ERR,ERR,ERR,ERR,ERR,ERR,ERR,ERR,ERR,ERR,ERR,ERR,ERR,ERR,ERR,ERR,ERR,ERR,ERR,ERR,ERR,ERR,ERR,ERR,ERR,ERR,ERR,ERR,ERR,ERR,ERR,ERR,ERR,ERR,ERR,ERR,ERR,ERR,ERR,ERR,ERR,ERR,ERR,ERR,ERR,ERR,ERR,ERR,ERR,ERR,ERR,ERR,ERR,ERR,ERR,ERR,ERR,ERR,ERR,ERR,ERR,ERR,ERR,ERR,ERR,ERR,ERR,ERR,ERR,ERR,ERR,ERR,ERR,ERR,ERR,ERR,0.0,-107615352.0,-0.0,0.0,0.0,1.3936040501711995e+18,7.805,0.0,0,0,4,0,7116,0.0,100,0.0,0.0,0.0,0.0,0.0,0,0,0,0,0.0,0,0,0,0,0,0,0,0,0,0,0,0,0,0,0,0,0,0,0,0,0,0,0,0,0,0,0,0,0,0,0,0,0,31,40,40,71,65476,0,300,0,0,8,21553,0.0,-107605600.0,0.0,0.0,0.0,0.0,0.0,0.0,0.0,0.0,0.0,0.0,0.0,0.0,0.0,0.0,0.0,0.0,0.0,0.0,0.0,0.0,-2.004,-2.004,2.004,2.004,0.0,0.0,0.0,0.0,4541.0,8608166912.0,6922.0,0.0,-107615352.0,2.7184264179883896e+23,-107615304.0,0.0,0.0,0.0,0.0,69,-0.0,-2.3088245329045016e+20,0.0,0.0,0.0,0.0,0.0,0.0,0.0,0,0,0,0.0,0.0,0.0,0.0,0.0,0.0,0.0,0.0,0.0,0.0,0.0,0.0,0.0,0.0,0.0,0.0,0,-107875648.0,69,0.0,138,0.0,0.0,0,0,17085,52429,17097,0,17078,0,0,0,70,68,100,0.0,82.1,0.0,77.6,2.730238639235042e+23,78.5,1,49,50,180,13107,39322,0,0,0.0,0.0,0.0,0.0,-0.0,67.0,0.0,162057.094,0.0,966,0,988,0,0,0,945,0,1009,0,910,0,787,0,776,0,821,0,7520,0.032,1.2033618204333965e+19,0.0,0.0,784,16797,-0.0,162057.094,-114818.039,-0.0,0.133,6.909358625270745e+28,30.0,70.0,35,0.0,0.0,0.0,0.0,0.0,0.0,0.0,0.0,0.0,0.0,0.0,0.0,0.0,0.0,0.0,0.0,66.4,0,150,71,51,65476,0,300,0,0,8,20529,65476,0,0,44564,70.0,0.0,0.0,0.0,0.0,0.0
2026-09-10T21:55:57,ERR,ERR,ERR,ERR,ERR,ERR,ERR,ERR,ERR,ERR,ERR,ERR,ERR,ERR,ERR,ERR,ERR,ERR,ERR,ERR,ERR,ERR,ERR,ERR,ERR,ERR,ERR,ERR,ERR,ERR,ERR,ERR,ERR,ERR,ERR,ERR,ERR,ERR,ERR,ERR,ERR,ERR,ERR,ERR,ERR,ERR,ERR,ERR,ERR,ERR,ERR,ERR,ERR,ERR,ERR,ERR,ERR,ERR,ERR,ERR,ERR,ERR,ERR,ERR,ERR,ERR,ERR,ERR,ERR,ERR,ERR,ERR,ERR,ERR,ERR,ERR,ERR,ERR,ERR,ERR,ERR,ERR,ERR,ERR,ERR,ERR,ERR,ERR,ERR,ERR,ERR,ERR,ERR,ERR,ERR,ERR,ERR,ERR,ERR,ERR,ERR,ERR,ERR,ERR,ERR,ERR,ERR,ERR,ERR,ERR,ERR,ERR,ERR,ERR,ERR,ERR,ERR,ERR,ERR,ERR,ERR,ERR,ERR,ERR,ERR,0.0,-107615352.0,-0.0,0.0,0.0,1.3936040501711995e+18,7.805,0.0,0,0,4,0,7116,0.0,100,0.0,0.0,0.0,0.0,0.0,0,0,0,0,0.0,0,0,0,0,0,0,0,0,0,0,0,0,0,0,0,0,0,0,0,0,0,0,0,0,0,0,0,0,0,0,0,0,0,31,40,40,71,65476,0,300,0,0,8,21553,0.0,-107605600.0,0.0,0.0,0.0,0.0,0.0,0.0,0.0,0.0,0.0,0.0,0.0,0.0,0.0,0.0,0.0,0.0,0.0,0.0,0.0,0.0,-2.004,-2.004,2.004,2.004,0.0,0.0,0.0,0.0,4541.0,8608166912.0,6922.0,0.0,-107615352.0,2.7184264179883896e+23,-107615304.0,0.0,0.0,0.0,0.0,69,-0.0,-2.3088245329045016e+20,0.0,0.0,0.0,0.0,0.0,0.0,0.0,0,0,0,0.0,0.0,0.0,0.0,0.0,0.0,0.0,0.0,0.0,0.0,0.0,0.0,0.0,0.0,0.0,0.0,0,-107875648.0,69,0.0,138,0.0,0.0,0,0,17085,52429,17097,0,17078,0,0,0,70,68,100,0.0,82.1,0.0,77.6,2.730238639235042e+23,78.5,1,49,50,180,13107,39322,0,0,0.0,0.0,0.0,0.0,-0.0,67.0,0.0,162057.094,0.0,966,0,988,0,0,0,945,0,1009,0,910,0,787,0,776,0,821,0,7520,0.032,1.2033618204333965e+19,0.0,0.0,784,16797,-0.0,162057.094,-114818.039,-0.0,0.133,6.909358625270745e+28,30.0,70.0,35,0.0,0.0,0.0,0.0,0.0,0.0,0.0,0.0,0.0,0.0,0.0,0.0,0.0,0.0,0.0,0.0,66.4,0,150,71,51,65476,0,300,0,0,8,20529,65476,0,0,44564,70.0,0.0,0.0,0.0,0.0,0.0
2026-09-10T21:55:58,ERR,ERR,ERR,ERR,ERR,ERR,ERR,ERR,ERR,ERR,ERR,ERR,ERR,ERR,ERR,ERR,ERR,ERR,ERR,ERR,ERR,ERR,ERR,ERR,ERR,ERR,ERR,ERR,ERR,ERR,ERR,ERR,ERR,ERR,ERR,ERR,ERR,ERR,ERR,ERR,ERR,ERR,ERR,ERR,ERR,ERR,ERR,ERR,ERR,ERR,ERR,ERR,ERR,ERR,ERR,ERR,ERR,ERR,ERR,ERR,ERR,ERR,ERR,ERR,ERR,ERR,ERR,ERR,ERR,ERR,ERR,ERR,ERR,ERR,ERR,ERR,ERR,ERR,ERR,ERR,ERR,ERR,ERR,ERR,ERR,ERR,ERR,ERR,ERR,ERR,ERR,ERR,ERR,ERR,ERR,ERR,ERR,ERR,ERR,ERR,ERR,ERR,ERR,ERR,ERR,ERR,ERR,ERR,ERR,ERR,ERR,ERR,ERR,ERR,ERR,ERR,ERR,ERR,ERR,ERR,ERR,ERR,ERR,ERR,ERR,0.0,-107615352.0,-0.0,0.0,0.0,1.3936040501711995e+18,7.805,0.0,0,0,4,0,7116,0.0,100,0.0,0.0,0.0,0.0,0.0,0,0,0,0,0.0,0,0,0,0,0,0,0,0,0,0,0,0,0,0,0,0,0,0,0,0,0,0,0,0,0,0,0,0,0,0,0,0,0,31,40,40,71,65476,0,300,0,0,8,21553,0.0,-107605600.0,0.0,0.0,0.0,0.0,0.0,0.0,0.0,0.0,0.0,0.0,0.0,0.0,0.0,0.0,0.0,0.0,0.0,0.0,0.0,0.0,-2.004,-2.004,2.004,2.004,0.0,0.0,0.0,0.0,4541.0,8608166912.0,6922.0,0.0,-107615352.0,2.7184264179883896e+23,-107615304.0,0.0,0.0,0.0,0.0,69,-0.0,-2.3088245329045016e+20,0.0,0.0,0.0,0.0,0.0,0.0,0.0,0,0,0,0.0,0.0,0.0,0.0,0.0,0.0,0.0,0.0,0.0,0.0,0.0,0.0,0.0,0.0,0.0,0.0,0,-107875648.0,69,0.0,138,0.0,0.0,0,0,17085,52429,17097,0,17078,0,0,0,70,68,100,0.0,82.1,0.0,77.6,2.730238639235042e+23,78.5,1,49,50,180,13107,39322,0,0,0.0,0.0,0.0,0.0,-0.0,67.0,0.0,162057.094,0.0,966,0,988,0,0,0,945,0,1009,0,910,0,787,0,776,0,821,0,7520,0.032,1.2033618204333965e+19,0.0,0.0,784,16797,-0.0,162057.094,-114818.039,-0.0,0.133,6.909358625270745e+28,30.0,70.0,35,0.0,0.0,0.0,0.0,0.0,0.0,0.0,0.0,0.0,0.0,0.0,0.0,0.0,0.0,0.0,0.0,66.4,0,150,71,51,65476,0,300,0,0,8,20529,65476,0,0,44564,70.0,0.0,0.0,0.0,0.0,0.0
2026-09-10T21:55:59,ERR,ERR,ERR,ERR,ERR,ERR,ERR,ERR,ERR,ERR,ERR,ERR,ERR,ERR,ERR,ERR,ERR,ERR,ERR,ERR,ERR,ERR,ERR,ERR,ERR,ERR,ERR,ERR,ERR,ERR,ERR,ERR,ERR,ERR,ERR,ERR,ERR,ERR,ERR,ERR,ERR,ERR,ERR,ERR,ERR,ERR,ERR,ERR,ERR,ERR,ERR,ERR,ERR,ERR,ERR,ERR,ERR,ERR,ERR,ERR,ERR,ERR,ERR,ERR,ERR,ERR,ERR,ERR,ERR,ERR,ERR,ERR,ERR,ERR,ERR,ERR,ERR,ERR,ERR,ERR,ERR,ERR,ERR,ERR,ERR,ERR,ERR,ERR,ERR,ERR,ERR,ERR,ERR,ERR,ERR,ERR,ERR,ERR,ERR,ERR,ERR,ERR,ERR,ERR,ERR,ERR,ERR,ERR,ERR,ERR,ERR,ERR,ERR,ERR,ERR,ERR,ERR,ERR,ERR,ERR,ERR,ERR,ERR,ERR,ERR,0.0,-107615352.0,-0.0,0.0,0.0,1.3936040501711995e+18,7.805,0.0,0,0,4,0,7116,0.0,100,0.0,0.0,0.0,0.0,0.0,0,0,0,0,0.0,0,0,0,0,0,0,0,0,0,0,0,0,0,0,0,0,0,0,0,0,0,0,0,0,0,0,0,0,0,0,0,0,0,31,40,40,71,65476,0,300,0,0,8,21553,0.0,-107605600.0,0.0,0.0,0.0,0.0,0.0,0.0,0.0,0.0,0.0,0.0,0.0,0.0,0.0,0.0,0.0,0.0,0.0,0.0,0.0,0.0,-2.004,-2.004,2.004,2.004,0.0,0.0,0.0,0.0,4541.0,8608166912.0,6922.0,0.0,-107615352.0,2.7184264179883896e+23,-107615304.0,0.0,0.0,0.0,0.0,69,-0.0,-2.3088245329045016e+20,0.0,0.0,0.0,0.0,0.0,0.0,0.0,0,0,0,0.0,0.0,0.0,0.0,0.0,0.0,0.0,0.0,0.0,0.0,0.0,0.0,0.0,0.0,0.0,0.0,0,-107875648.0,69,0.0,138,0.0,0.0,0,0,17085,52429,17097,0,17078,0,0,0,70,68,100,0.0,82.1,0.0,77.6,0.0,78.5,1,49,50,180,13107,39322,0,0,0.0,0.0,0.0,0.0,-0.0,67.0,0.0,162057.094,0.0,966,0,988,0,0,0,945,0,1009,0,909,0,786,0,776,0,821,0,7520,0.032,1.1961560610296037e+19,0.0,0.0,784,16797,-0.0,162057.094,-114818.039,-0.0,0.133,6.909358625270745e+28,30.0,70.0,35,0.0,0.0,0.0,0.0,0.0,0.0,0.0,0.0,0.0,0.0,0.0,0.0,0.0,0.0,0.0,0.0,66.4,0,150,71,51,65476,0,300,0,0,8,20529,65476,0,0,44564,70.0,0.0,0.0,0.0,0.0,0.0
2026-09-10T21:56:00,ERR,ERR,ERR,ERR,ERR,ERR,ERR,ERR,ERR,ERR,ERR,ERR,ERR,ERR,ERR,ERR,ERR,ERR,ERR,ERR,ERR,ERR,ERR,ERR,ERR,ERR,ERR,ERR,ERR,ERR,ERR,ERR,ERR,ERR,ERR,ERR,ERR,ERR,ERR,ERR,ERR,ERR,ERR,ERR,ERR,ERR,ERR,ERR,ERR,ERR,ERR,ERR,ERR,ERR,ERR,ERR,ERR,ERR,ERR,ERR,ERR,ERR,ERR,ERR,ERR,ERR,ERR,ERR,ERR,ERR,ERR,ERR,ERR,ERR,ERR,ERR,ERR,ERR,ERR,ERR,ERR,ERR,ERR,ERR,ERR,ERR,ERR,ERR,ERR,ERR,ERR,ERR,ERR,ERR,ERR,ERR,ERR,ERR,ERR,ERR,ERR,ERR,ERR,ERR,ERR,ERR,ERR,ERR,ERR,ERR,ERR,ERR,ERR,ERR,ERR,ERR,ERR,ERR,ERR,ERR,ERR,ERR,ERR,ERR,ERR,0.0,-107615352.0,-0.0,0.0,0.0,1.3936040501711995e+18,7.805,0.0,0,0,4,0,7116,0.0,100,0.0,0.0,0.0,0.0,0.0,0,0,0,0,0.0,0,0,0,0,0,0,0,0,0,0,0,0,0,0,0,0,0,0,0,0,0,0,0,0,0,0,0,0,0,0,0,0,0,31,40,40,71,65476,0,300,0,0,8,21553,0.0,-107605600.0,0.0,0.0,0.0,0.0,0.0,0.0,0.0,0.0,0.0,0.0,0.0,0.0,0.0,0.0,0.0,0.0,0.0,0.0,0.0,0.0,-2.004,-2.004,2.004,2.004,0.0,0.0,0.0,0.0,4541.0,8608166912.0,6922.0,0.0,-107615352.0,2.7184264179883896e+23,-107615304.0,0.0,0.0,0.0,0.0,69,-0.0,-2.3088245329045016e+20,0.0,0.0,0.0,0.0,0.0,0.0,0.0,0,0,0,0.0,0.0,0.0,0.0,0.0,0.0,0.0,0.0,0.0,0.0,0.0,0.0,0.0,0.0,0.0,0.0,0,-107875648.0,69,0.0,138,0.0,0.0,0,0,17085,52429,17097,0,17078,0,0,0,70,68,100,0.0,82.1,0.0,77.6,0.0,78.5,1,49,50,180,13107,39322,0,0,0.0,0.0,0.0,0.0,-0.0,67.0,0.0,162057.094,0.0,966,0,988,0,0,0,945,0,1009,0,909,0,786,0,776,0,821,0,7520,0.032,1.1961560610296037e+19,0.0,0.0,784,16797,-0.0,162057.094,-114818.039,-0.0,0.133,6.909358625270745e+28,30.0,70.0,35,0.0,0.0,0.0,0.0,0.0,0.0,0.0,0.0,0.0,0.0,0.0,0.0,0.0,0.0,0.0,0.0,66.4,0,150,71,51,65476,0,300,0,0,8,20529,65476,0,0,44564,70.0,0.0,0.0,0.0,0.0,0.0
2026-09-10T21:56:01,ERR,ERR,ERR,ERR,ERR,ERR,ERR,ERR,ERR,ERR,ERR,ERR,ERR,ERR,ERR,ERR,ERR,ERR,ERR,ERR,ERR,ERR,ERR,ERR,ERR,ERR,ERR,ERR,ERR,ERR,ERR,ERR,ERR,ERR,ERR,ERR,ERR,ERR,ERR,ERR,ERR,ERR,ERR,ERR,ERR,ERR,ERR,ERR,ERR,ERR,ERR,ERR,ERR,ERR,ERR,ERR,ERR,ERR,ERR,ERR,ERR,ERR,ERR,ERR,ERR,ERR,ERR,ERR,ERR,ERR,ERR,ERR,ERR,ERR,ERR,ERR,ERR,ERR,ERR,ERR,ERR,ERR,ERR,ERR,ERR,ERR,ERR,ERR,ERR,ERR,ERR,ERR,ERR,ERR,ERR,ERR,ERR,ERR,ERR,ERR,ERR,ERR,ERR,ERR,ERR,ERR,ERR,ERR,ERR,ERR,ERR,ERR,ERR,ERR,ERR,ERR,ERR,ERR,ERR,ERR,ERR,ERR,ERR,ERR,ERR,0.0,-107615352.0,-0.0,0.0,0.0,1.3936040501711995e+18,7.805,0.0,0,0,4,0,7116,0.0,100,0.0,0.0,0.0,0.0,0.0,0,0,0,0,0.0,0,0,0,0,0,0,0,0,0,0,0,0,0,0,0,0,0,0,0,0,0,0,0,0,0,0,0,0,0,0,0,0,0,31,40,40,71,65476,0,300,0,0,8,21553,0.0,-107605600.0,0.0,0.0,0.0,0.0,0.0,0.0,0.0,0.0,0.0,0.0,0.0,0.0,0.0,0.0,0.0,0.0,0.0,0.0,0.0,0.0,-2.004,-2.004,2.004,2.004,0.0,0.0,0.0,0.0,4541.0,8608166912.0,6922.0,0.0,-107615352.0,2.7184264179883896e+23,-107615304.0,0.0,0.0,0.0,0.0,69,-0.0,-2.3088245329045016e+20,0.0,0.0,0.0,0.0,0.0,0.0,0.0,0,0,0,0.0,0.0,0.0,0.0,0.0,0.0,0.0,0.0,0.0,0.0,0.0,0.0,0.0,0.0,0.0,0.0,0,-107875648.0,69,0.0,138,0.0,0.0,0,0,17085,52429,17097,0,17078,0,0,0,70,68,100,0.0,82.1,0.0,77.6,0.0,78.5,1,49,50,180,13107,39322,0,0,0.0,0.0,0.0,0.0,-0.0,67.0,0.0,162057.094,0.0,966,0,988,0,0,0,945,0,1009,0,909,0,786,0,776,0,821,0,7520,0.032,1.1961560610296037e+19,0.0,0.0,784,16797,-0.0,162057.094,-114818.039,-0.0,0.133,6.909358625270745e+28,30.0,70.0,35,0.0,0.0,0.0,0.0,0.0,0.0,0.0,0.0,0.0,0.0,0.0,0.0,0.0,0.0,0.0,0.0,66.4,0,150,71,51,65476,0,300,0,0,8,20529,65476,0,0,44564,70.0,0.0,0.0,0.0,0.0,0.0
2026-09-10T21:56:02,ERR,ERR,ERR,ERR,ERR,ERR,ERR,ERR,ERR,ERR,ERR,ERR,ERR,ERR,ERR,ERR,ERR,ERR,ERR,ERR,ERR,ERR,ERR,ERR,ERR,ERR,ERR,ERR,ERR,ERR,ERR,ERR,ERR,ERR,ERR,ERR,ERR,ERR,ERR,ERR,ERR,ERR,ERR,ERR,ERR,ERR,ERR,ERR,ERR,ERR,ERR,ERR,ERR,ERR,ERR,ERR,ERR,ERR,ERR,ERR,ERR,ERR,ERR,ERR,ERR,ERR,ERR,ERR,ERR,ERR,ERR,ERR,ERR,ERR,ERR,ERR,ERR,ERR,ERR,ERR,ERR,ERR,ERR,ERR,ERR,ERR,ERR,ERR,ERR,ERR,ERR,ERR,ERR,ERR,ERR,ERR,ERR,ERR,ERR,ERR,ERR,ERR,ERR,ERR,ERR,ERR,ERR,ERR,ERR,ERR,ERR,ERR,ERR,ERR,ERR,ERR,ERR,ERR,ERR,ERR,ERR,ERR,ERR,ERR,ERR,0.0,-107615352.0,-0.0,0.0,0.0,1.3936040501711995e+18,7.805,0.0,0,0,4,0,7116,0.0,100,0.0,0.0,0.0,0.0,0.0,0,0,0,0,0.0,0,0,0,0,0,0,0,0,0,0,0,0,0,0,0,0,0,0,0,0,0,0,0,0,0,0,0,0,0,0,0,0,0,31,40,40,71,65476,0,300,0,0,8,21553,0.0,-107605600.0,0.0,0.0,0.0,0.0,0.0,0.0,0.0,0.0,0.0,0.0,0.0,0.0,0.0,0.0,0.0,0.0,0.0,0.0,0.0,0.0,-2.004,-2.004,2.004,2.004,0.0,0.0,0.0,0.0,4541.0,8608166912.0,6922.0,0.0,-107615352.0,2.7184264179883896e+23,-107615304.0,0.0,0.0,0.0,0.0,69,-0.0,-2.3088245329045016e+20,0.0,0.0,0.0,0.0,0.0,0.0,0.0,0,0,0,0.0,0.0,0.0,0.0,0.0,0.0,0.0,0.0,0.0,0.0,0.0,0.0,0.0,0.0,0.0,0.0,0,-107875648.0,69,0.0,138,0.0,0.0,0,0,17085,52429,17097,0,17078,0,0,0,70,68,100,0.0,82.1,0.0,77.6,0.0,78.5,1,49,50,180,13107,39322,0,0,0.0,0.0,0.0,0.0,-0.0,67.0,0.0,162057.094,0.0,966,0,988,0,0,0,945,0,1009,0,909,0,786,0,776,0,821,0,7520,0.032,1.1961560610296037e+19,0.0,0.0,784,16797,-0.0,162057.094,-114818.039,-0.0,0.133,6.909358625270745e+28,30.0,70.0,35,0.0,0.0,0.0,0.0,0.0,0.0,0.0,0.0,0.0,0.0,0.0,0.0,0.0,0.0,0.0,0.0,66.4,0,150,71,51,65476,0,300,0,0,8,20529,65476,0,0,44564,70.0,0.0,0.0,0.0,0.0,0.0
2026-09-10T21:56:03,ERR,ERR,ERR,ERR,ERR,ERR,ERR,ERR,ERR,ERR,ERR,ERR,ERR,ERR,ERR,ERR,ERR,ERR,ERR,ERR,ERR,ERR,ERR,ERR,ERR,ERR,ERR,ERR,ERR,ERR,ERR,ERR,ERR,ERR,ERR,ERR,ERR,ERR,ERR,ERR,ERR,ERR,ERR,ERR,ERR,ERR,ERR,ERR,ERR,ERR,ERR,ERR,ERR,ERR,ERR,ERR,ERR,ERR,ERR,ERR,ERR,ERR,ERR,ERR,ERR,ERR,ERR,ERR,ERR,ERR,ERR,ERR,ERR,ERR,ERR,ERR,ERR,ERR,ERR,ERR,ERR,ERR,ERR,ERR,ERR,ERR,ERR,ERR,ERR,ERR,ERR,ERR,ERR,ERR,ERR,ERR,ERR,ERR,ERR,ERR,ERR,ERR,ERR,ERR,ERR,ERR,ERR,ERR,ERR,ERR,ERR,ERR,ERR,ERR,ERR,ERR,ERR,ERR,ERR,ERR,ERR,ERR,ERR,ERR,ERR,0.0,-107615352.0,-0.0,0.0,0.0,1.3936040501711995e+18,7.805,0.0,0,0,4,0,7116,0.0,100,0.0,0.0,0.0,0.0,0.0,0,0,0,0,0.0,0,0,0,0,0,0,0,0,0,0,0,0,0,0,0,0,0,0,0,0,0,0,0,0,0,0,0,0,0,0,0,0,0,31,40,40,71,65476,0,300,0,0,8,21553,0.0,-107605600.0,0.0,0.0,0.0,0.0,0.0,0.0,0.0,0.0,0.0,0.0,0.0,0.0,0.0,0.0,0.0,0.0,0.0,0.0,0.0,0.0,-2.004,-2.004,-0.0,2.004,0.0,0.0,0.0,0.0,4516.0,3.697179536554931e+19,6924.0,0.0,-107615352.0,2.7184264179883896e+23,-107615304.0,0.0,0.0,0.0,0.0,69,-0.0,0.0,0.0,0.0,0.0,0.0,0.0,0.0,0.0,0,0,0,0.0,0.0,0.0,0.0,0.0,0.0,0.0,0.0,0.0,0.0,0.0,0.0,0.0,0.0,0.0,0.0,0,-107875648.0,69,0.0,138,0.0,0.0,0,0,17085,52429,17097,0,17078,0,0,0,70,68,100,0.0,82.1,0.0,77.6,0.0,78.5,1,49,50,180,13107,39322,0,0,0.0,0.0,0.0,0.0,-0.0,67.0,0.0,162057.094,0.0,966,0,988,0,0,0,945,0,1009,0,909,0,786,0,776,0,821,0,7520,0.032,1.1961560610296037e+19,0.0,0.0,784,16797,-0.0,162057.094,-114818.039,-0.0,0.133,6.909358625270745e+28,30.0,70.0,35,0.0,0.0,0.0,0.0,0.0,0.0,0.0,0.0,0.0,0.0,0.0,0.0,0.0,0.0,0.0,0.0,66.4,0,150,71,51,65476,0,300,0,0,8,20529,65476,0,0,44564,70.0,0.0,0.0,0.0,0.0,0.0
2026-09-10T21:56:04,ERR,ERR,ERR,ERR,ERR,ERR,ERR,ERR,ERR,ERR,ERR,ERR,ERR,ERR,ERR,ERR,ERR,ERR,ERR,ERR,ERR,ERR,ERR,ERR,ERR,ERR,ERR,ERR,ERR,ERR,ERR,ERR,ERR,ERR,ERR,ERR,ERR,ERR,ERR,ERR,ERR,ERR,ERR,ERR,ERR,ERR,ERR,ERR,ERR,ERR,ERR,ERR,ERR,ERR,ERR,ERR,ERR,ERR,ERR,ERR,ERR,ERR,ERR,ERR,ERR,ERR,ERR,ERR,ERR,ERR,ERR,ERR,ERR,ERR,ERR,ERR,ERR,ERR,ERR,ERR,ERR,ERR,ERR,ERR,ERR,ERR,ERR,ERR,ERR,ERR,ERR,ERR,ERR,ERR,ERR,ERR,ERR,ERR,ERR,ERR,ERR,ERR,ERR,ERR,ERR,ERR,ERR,ERR,ERR,ERR,ERR,ERR,ERR,ERR,ERR,ERR,ERR,ERR,ERR,ERR,ERR,ERR,ERR,ERR,ERR,0.0,-107615352.0,-0.0,0.0,0.0,1.3936040501711995e+18,7.805,0.0,0,0,4,0,7116,0.0,100,0.0,0.0,0.0,0.0,0.0,0,0,0,0,0.0,0,0,0,0,0,0,0,0,0,0,0,0,0,0,0,0,0,0,0,0,0,0,0,0,0,0,0,0,0,0,0,0,0,31,40,40,71,65476,0,300,0,0,8,21553,0.0,-107605600.0,0.0,0.0,0.0,0.0,0.0,0.0,0.0,0.0,0.0,0.0,0.0,0.0,0.0,0.0,0.0,0.0,0.0,0.0,0.0,0.0,-2.004,-2.004,-0.0,2.004,0.0,0.0,0.0,0.0,4516.0,3.697179536554931e+19,6924.0,0.0,-107615352.0,2.7184264179883896e+23,-107615304.0,0.0,0.0,0.0,0.0,69,-0.0,0.0,0.0,0.0,0.0,0.0,0.0,0.0,0.0,0,0,0,0.0,0.0,0.0,0.0,0.0,0.0,0.0,0.0,0.0,0.0,0.0,0.0,0.0,0.0,0.0,0.0,0,-107875648.0,69,0.0,138,0.0,0.0,0,0,17085,52429,17097,0,17078,0,0,0,70,68,100,0.0,82.1,0.0,77.6,0.0,78.5,1,49,50,180,13107,39322,0,0,0.0,0.0,0.0,0.0,-0.0,67.0,0.0,162057.094,0.0,966,0,988,0,0,0,945,0,1009,0,909,0,786,0,776,0,821,0,7520,0.032,1.1961560610296037e+19,0.0,0.0,784,16797,-0.0,162057.094,-114818.039,-0.0,0.133,6.909358625270745e+28,30.0,70.0,35,0.0,0.0,0.0,0.0,0.0,0.0,0.0,0.0,0.0,0.0,0.0,0.0,0.0,0.0,0.0,0.0,66.4,0,150,71,51,65476,0,300,0,0,8,20529,65476,0,0,44564,70.0,0.0,0.0,0.0,0.0,0.0
2026-09-10T21:56:05,ERR,ERR,ERR,ERR,ERR,ERR,ERR,ERR,ERR,ERR,ERR,ERR,ERR,ERR,ERR,ERR,ERR,ERR,ERR,ERR,ERR,ERR,ERR,ERR,ERR,ERR,ERR,ERR,ERR,ERR,ERR,ERR,ERR,ERR,ERR,ERR,ERR,ERR,ERR,ERR,ERR,ERR,ERR,ERR,ERR,ERR,ERR,ERR,ERR,ERR,ERR,ERR,ERR,ERR,ERR,ERR,ERR,ERR,ERR,ERR,ERR,ERR,ERR,ERR,ERR,ERR,ERR,ERR,ERR,ERR,ERR,ERR,ERR,ERR,ERR,ERR,ERR,ERR,ERR,ERR,ERR,ERR,ERR,ERR,ERR,ERR,ERR,ERR,ERR,ERR,ERR,ERR,ERR,ERR,ERR,ERR,ERR,ERR,ERR,ERR,ERR,ERR,ERR,ERR,ERR,ERR,ERR,ERR,ERR,ERR,ERR,ERR,ERR,ERR,ERR,ERR,ERR,ERR,ERR,ERR,ERR,ERR,ERR,ERR,ERR,0.0,-107615352.0,-0.0,0.0,0.0,1.3936040501711995e+18,7.805,0.0,0,0,4,0,7116,0.0,100,0.0,0.0,0.0,0.0,0.0,0,0,0,0,0.0,0,0,0,0,0,0,0,0,0,0,0,0,0,0,0,0,0,0,0,0,0,0,0,0,0,0,0,0,0,0,0,0,0,31,40,40,71,65476,0,300,0,0,8,21553,0.0,-107605600.0,0.0,0.0,0.0,0.0,0.0,0.0,0.0,0.0,0.0,0.0,0.0,0.0,0.0,0.0,0.0,0.0,0.0,0.0,0.0,0.0,-2.004,-2.004,-0.0,2.004,0.0,0.0,0.0,0.0,4516.0,3.697179536554931e+19,6924.0,0.0,-107615352.0,2.7184264179883896e+23,-107615304.0,0.0,0.0,0.0,0.0,69,-0.0,0.0,0.0,0.0,0.0,0.0,0.0,0.0,0.0,0,0,0,0.0,0.0,0.0,0.0,0.0,0.0,0.0,0.0,0.0,0.0,0.0,0.0,0.0,0.0,0.0,0.0,0,-107875648.0,69,0.0,138,0.0,0.0,0,0,17085,52429,17097,0,17078,0,0,0,70,68,100,0.0,82.1,0.0,77.6,0.0,78.5,1,49,50,180,13107,26215,0,0,0.0,0.0,0.0,0.0,-0.0,67.0,0.0,162057.094,0.0,966,0,987,0,0,0,946,0,1009,0,910,0,786,0,776,0,821,0,7520,0.032,1.1961560610296037e+19,0.0,0.0,784,16797,-0.0,162057.094,-114818.039,-0.0,0.133,6.909358625270745e+28,30.0,70.0,35,0.0,0.0,0.0,0.0,0.0,0.0,0.0,0.0,0.0,0.0,0.0,0.0,0.0,0.0,0.0,0.0,66.4,0,150,71,51,65476,0,300,0,0,8,20529,65476,0,0,44564,70.0,0.0,0.0,0.0,0.0,0.0
2026-09-10T21:56:06,ERR,ERR,ERR,ERR,ERR,ERR,ERR,ERR,ERR,ERR,ERR,ERR,ERR,ERR,ERR,ERR,ERR,ERR,ERR,ERR,ERR,ERR,ERR,ERR,ERR,ERR,ERR,ERR,ERR,ERR,ERR,ERR,ERR,ERR,ERR,ERR,ERR,ERR,ERR,ERR,ERR,ERR,ERR,ERR,ERR,ERR,ERR,ERR,ERR,ERR,ERR,ERR,ERR,ERR,ERR,ERR,ERR,ERR,ERR,ERR,ERR,ERR,ERR,ERR,ERR,ERR,ERR,ERR,ERR,ERR,ERR,ERR,ERR,ERR,ERR,ERR,ERR,ERR,ERR,ERR,ERR,ERR,ERR,ERR,ERR,ERR,ERR,ERR,ERR,ERR,ERR,ERR,ERR,ERR,ERR,ERR,ERR,ERR,ERR,ERR,ERR,ERR,ERR,ERR,ERR,ERR,ERR,ERR,ERR,ERR,ERR,ERR,ERR,ERR,ERR,ERR,ERR,ERR,ERR,ERR,ERR,ERR,ERR,ERR,ERR,0.0,-107615352.0,-0.0,0.0,0.0,1.3936040501711995e+18,7.805,0.0,0,0,4,0,7116,0.0,100,0.0,0.0,0.0,0.0,0.0,0,0,0,0,0.0,0,0,0,0,0,0,0,0,0,0,0,0,0,0,0,0,0,0,0,0,0,0,0,0,0,0,0,0,0,0,0,0,0,31,40,40,71,65476,0,300,0,0,8,21553,0.0,-107605600.0,0.0,0.0,0.0,0.0,0.0,0.0,0.0,0.0,0.0,0.0,0.0,0.0,0.0,0.0,0.0,0.0,0.0,0.0,0.0,0.0,-2.004,-2.004,-0.0,2.004,0.0,0.0,0.0,0.0,4516.0,3.697179536554931e+19,6924.0,0.0,-107615352.0,2.7184264179883896e+23,-107615304.0,0.0,0.0,0.0,0.0,69,-0.0,0.0,0.0,0.0,0.0,0.0,0.0,0.0,0.0,0,0,0,0.0,0.0,0.0,0.0,0.0,0.0,0.0,0.0,0.0,0.0,0.0,0.0,0.0,0.0,0.0,0.0,0,-107875648.0,69,0.0,138,0.0,0.0,0,0,17085,52429,17097,0,17078,0,0,0,70,68,100,0.0,82.1,0.0,77.6,0.0,78.5,1,49,50,180,13107,26215,0,0,0.0,0.0,0.0,0.0,-0.0,67.0,0.0,162057.094,0.0,966,0,987,0,0,0,946,0,1009,0,910,0,786,0,776,0,821,0,7520,0.032,1.1961560610296037e+19,0.0,0.0,784,16797,-0.0,162057.094,-114818.039,-0.0,0.133,6.909358625270745e+28,30.0,70.0,35,0.0,0.0,0.0,0.0,0.0,0.0,0.0,0.0,0.0,0.0,0.0,0.0,0.0,0.0,0.0,0.0,66.8,0,150,71,51,65476,0,300,0,0,8,20529,65476,0,0,44564,70.0,0.0,0.0,0.0,0.0,0.0
2026-09-10T21:56:07,ERR,ERR,ERR,ERR,ERR,ERR,ERR,ERR,ERR,ERR,ERR,ERR,ERR,ERR,ERR,ERR,ERR,ERR,ERR,ERR,ERR,ERR,ERR,ERR,ERR,ERR,ERR,ERR,ERR,ERR,ERR,ERR,ERR,ERR,ERR,ERR,ERR,ERR,ERR,ERR,ERR,ERR,ERR,ERR,ERR,ERR,ERR,ERR,ERR,ERR,ERR,ERR,ERR,ERR,ERR,ERR,ERR,ERR,ERR,ERR,ERR,ERR,ERR,ERR,ERR,ERR,ERR,ERR,ERR,ERR,ERR,ERR,ERR,ERR,ERR,ERR,ERR,ERR,ERR,ERR,ERR,ERR,ERR,ERR,ERR,ERR,ERR,ERR,ERR,ERR,ERR,ERR,ERR,ERR,ERR,ERR,ERR,ERR,ERR,ERR,ERR,ERR,ERR,ERR,ERR,ERR,ERR,ERR,ERR,ERR,ERR,ERR,ERR,ERR,ERR,ERR,ERR,ERR,ERR,ERR,ERR,ERR,ERR,ERR,ERR,0.0,-107615352.0,-0.0,0.0,0.0,1.3936040501711995e+18,7.805,0.0,0,0,4,0,7116,0.0,100,0.0,0.0,0.0,0.0,0.0,0,0,0,0,0.0,0,0,0,0,0,0,0,0,0,0,0,0,0,0,0,0,0,0,0,0,0,0,0,0,0,0,0,0,0,0,0,0,0,31,40,40,71,65476,0,300,0,0,8,21553,0.0,-107605600.0,0.0,0.0,0.0,0.0,0.0,0.0,0.0,0.0,0.0,0.0,0.0,0.0,0.0,0.0,0.0,0.0,0.0,0.0,0.0,0.0,-2.004,-2.004,-0.0,2.004,0.0,0.0,0.0,0.0,4516.0,3.697179536554931e+19,6924.0,0.0,-107615352.0,2.7184264179883896e+23,-107615304.0,0.0,0.0,0.0,0.0,69,-0.0,0.0,0.0,0.0,0.0,0.0,0.0,0.0,0.0,0,0,0,0.0,0.0,0.0,0.0,0.0,0.0,0.0,0.0,0.0,0.0,0.0,0.0,0.0,0.0,0.0,0.0,0,-107875648.0,69,0.0,138,0.0,0.0,0,0,17085,52429,17097,0,17078,0,0,0,70,68,100,0.0,82.1,0.0,77.6,0.0,78.5,1,49,50,180,13107,26215,0,0,0.0,0.0,0.0,0.0,-0.0,67.0,0.0,162057.094,0.0,966,0,987,0,0,0,946,0,1009,0,910,0,786,0,776,0,821,0,7520,0.032,1.1961560610296037e+19,0.0,0.0,784,16797,-0.0,162057.094,-114818.039,-0.0,0.133,6.909358625270745e+28,30.0,70.0,35,0.0,0.0,0.0,0.0,0.0,0.0,0.0,0.0,0.0,0.0,0.0,0.0,0.0,0.0,0.0,0.0,66.8,0,150,71,51,65476,0,300,0,0,8,20529,65476,0,0,44564,70.0,0.0,0.0,0.0,0.0,0.0
2026-09-10T21:56:08,ERR,ERR,ERR,ERR,ERR,ERR,ERR,ERR,ERR,ERR,ERR,ERR,ERR,ERR,ERR,ERR,ERR,ERR,ERR,ERR,ERR,ERR,ERR,ERR,ERR,ERR,ERR,ERR,ERR,ERR,ERR,ERR,ERR,ERR,ERR,ERR,ERR,ERR,ERR,ERR,ERR,ERR,ERR,ERR,ERR,ERR,ERR,ERR,ERR,ERR,ERR,ERR,ERR,ERR,ERR,ERR,ERR,ERR,ERR,ERR,ERR,ERR,ERR,ERR,ERR,ERR,ERR,ERR,ERR,ERR,ERR,ERR,ERR,ERR,ERR,ERR,ERR,ERR,ERR,ERR,ERR,ERR,ERR,ERR,ERR,ERR,ERR,ERR,ERR,ERR,ERR,ERR,ERR,ERR,ERR,ERR,ERR,ERR,ERR,ERR,ERR,ERR,ERR,ERR,ERR,ERR,ERR,ERR,ERR,ERR,ERR,ERR,ERR,ERR,ERR,ERR,ERR,ERR,ERR,ERR,ERR,ERR,ERR,ERR,ERR,0.0,-107615352.0,-0.0,0.0,0.0,1.3936040501711995e+18,7.805,0.0,0,0,4,0,7116,0.0,100,0.0,0.0,0.0,0.0,0.0,0,0,0,0,0.0,0,0,0,0,0,0,0,0,0,0,0,0,0,0,0,0,0,0,0,0,0,0,0,0,0,0,0,0,0,0,0,0,0,31,40,40,71,65476,0,300,0,0,8,21553,0.0,-107605600.0,0.0,0.0,0.0,0.0,0.0,0.0,0.0,0.0,0.0,0.0,0.0,0.0,0.0,0.0,0.0,0.0,0.0,0.0,0.0,0.0,-2.004,-2.004,-0.0,2.004,0.0,0.0,0.0,0.0,4516.0,3.697179536554931e+19,6924.0,0.0,-107615352.0,2.7184264179883896e+23,-107615304.0,0.0,0.0,0.0,0.0,69,-0.0,0.0,0.0,0.0,0.0,0.0,0.0,0.0,0.0,0,0,0,0.0,0.0,0.0,0.0,0.0,0.0,0.0,0.0,0.0,0.0,0.0,0.0,0.0,0.0,0.0,0.0,0,-107875648.0,69,0.0,138,0.0,0.0,0,0,17085,52429,17097,0,17078,0,0,0,70,68,100,0.0,82.1,0.0,77.6,0.0,78.5,1,49,50,180,13107,26215,0,0,0.0,0.0,0.0,0.0,-0.0,67.0,0.0,162057.094,0.0,966,0,987,0,0,0,946,0,1009,0,910,0,786,0,776,0,821,0,7520,0.032,1.1961560610296037e+19,0.0,0.0,784,16797,-0.0,162057.094,-114818.039,-0.0,0.133,6.909358625270745e+28,30.0,70.0,35,0.0,0.0,0.0,0.0,0.0,0.0,0.0,0.0,0.0,0.0,0.0,0.0,0.0,0.0,0.0,0.0,66.8,0,150,71,51,65476,0,300,0,0,8,20529,65476,0,0,44564,70.0,0.0,0.0,0.0,0.0,0.0
2026-09-10T21:56:09,ERR,ERR,ERR,ERR,ERR,ERR,ERR,ERR,ERR,ERR,ERR,ERR,ERR,ERR,ERR,ERR,ERR,ERR,ERR,ERR,ERR,ERR,ERR,ERR,ERR,ERR,ERR,ERR,ERR,ERR,ERR,ERR,ERR,ERR,ERR,ERR,ERR,ERR,ERR,ERR,ERR,ERR,ERR,ERR,ERR,ERR,ERR,ERR,ERR,ERR,ERR,ERR,ERR,ERR,ERR,ERR,ERR,ERR,ERR,ERR,ERR,ERR,ERR,ERR,ERR,ERR,ERR,ERR,ERR,ERR,ERR,ERR,ERR,ERR,ERR,ERR,ERR,ERR,ERR,ERR,ERR,ERR,ERR,ERR,ERR,ERR,ERR,ERR,ERR,ERR,ERR,ERR,ERR,ERR,ERR,ERR,ERR,ERR,ERR,ERR,ERR,ERR,ERR,ERR,ERR,ERR,ERR,ERR,ERR,ERR,ERR,ERR,ERR,ERR,ERR,ERR,ERR,ERR,ERR,ERR,ERR,ERR,ERR,ERR,ERR,0.0,-107615352.0,-0.0,0.0,0.0,1.3936040501711995e+18,7.805,0.0,0,0,4,0,7116,0.0,100,0.0,0.0,0.0,0.0,0.0,0,0,0,0,0.0,0,0,0,0,0,0,0,0,0,0,0,0,0,0,0,0,0,0,0,0,0,0,0,0,0,0,0,0,0,0,0,0,0,31,40,40,71,65476,0,300,0,0,8,21553,0.0,-107605600.0,0.0,0.0,0.0,0.0,0.0,0.0,0.0,0.0,0.0,0.0,0.0,0.0,0.0,0.0,0.0,0.0,0.0,0.0,0.0,0.0,-2.004,-2.004,-0.0,2.004,0.0,0.0,0.0,0.0,4516.0,3.697179536554931e+19,6924.0,0.0,-107615352.0,2.7184264179883896e+23,-107615304.0,0.0,0.0,0.0,0.0,69,-0.0,0.0,0.0,0.0,0.0,0.0,0.0,0.0,0.0,0,0,0,0.0,0.0,0.0,0.0,0.0,0.0,0.0,0.0,0.0,0.0,0.0,0.0,0.0,0.0,0.0,0.0,0,-107875648.0,69,0.0,138,0.0,0.0,0,0,17085,52429,17097,0,17078,0,0,0,70,68,100,0.0,82.1,0.0,77.6,0.0,78.5,1,49,50,180,13107,26215,0,0,0.0,0.0,0.0,0.0,-0.0,67.0,0.0,162057.094,0.0,966,0,987,0,0,0,946,0,1009,0,910,0,786,0,776,0,821,0,7520,0.032,1.1961560610296037e+19,0.0,0.0,784,16797,-0.0,162057.094,-114818.039,-0.0,0.133,6.909358625270745e+28,30.0,70.0,35,0.0,0.0,0.0,0.0,0.0,0.0,0.0,0.0,0.0,0.0,0.0,0.0,0.0,0.0,0.0,0.0,66.4,0,150,71,51,65476,0,300,0,0,8,20529,65476,0,0,44564,70.0,0.0,0.0,0.0,0.0,0.0
2026-09-10T21:56:10,ERR,ERR,ERR,ERR,ERR,ERR,ERR,ERR,ERR,ERR,ERR,ERR,ERR,ERR,ERR,ERR,ERR,ERR,ERR,ERR,ERR,ERR,ERR,ERR,ERR,ERR,ERR,ERR,ERR,ERR,ERR,ERR,ERR,ERR,ERR,ERR,ERR,ERR,ERR,ERR,ERR,ERR,ERR,ERR,ERR,ERR,ERR,ERR,ERR,ERR,ERR,ERR,ERR,ERR,ERR,ERR,ERR,ERR,ERR,ERR,ERR,ERR,ERR,ERR,ERR,ERR,ERR,ERR,ERR,ERR,ERR,ERR,ERR,ERR,ERR,ERR,ERR,ERR,ERR,ERR,ERR,ERR,ERR,ERR,ERR,ERR,ERR,ERR,ERR,ERR,ERR,ERR,ERR,ERR,ERR,ERR,ERR,ERR,ERR,ERR,ERR,ERR,ERR,ERR,ERR,ERR,ERR,ERR,ERR,ERR,ERR,ERR,ERR,ERR,ERR,ERR,ERR,ERR,ERR,ERR,ERR,ERR,ERR,ERR,ERR,0.0,-107615352.0,-0.0,0.0,0.0,1.3936040501711995e+18,7.805,0.0,0,0,4,0,7116,0.0,100,0.0,0.0,0.0,0.0,0.0,0,0,0,0,0.0,0,0,0,0,0,0,0,0,0,0,0,0,0,0,0,0,0,0,0,0,0,0,0,0,0,0,0,0,0,0,0,0,0,31,40,40,71,65476,0,300,0,0,8,21553,0.0,-107605600.0,0.0,0.0,0.0,0.0,0.0,0.0,0.0,0.0,0.0,0.0,0.0,0.0,0.0,0.0,0.0,0.0,0.0,0.0,0.0,0.0,-2.004,-2.004,-0.0,2.004,0.0,0.0,0.0,0.0,4516.0,3.697179536554931e+19,6924.0,0.0,-107615352.0,2.7184264179883896e+23,-107615304.0,0.0,0.0,0.0,0.0,69,-0.0,0.0,0.0,0.0,0.0,0.0,0.0,0.0,0.0,0,0,0,0.0,0.0,0.0,0.0,0.0,0.0,0.0,0.0,0.0,0.0,0.0,0.0,0.0,0.0,0.0,0.0,0,-107875648.0,69,0.0,138,0.0,0.0,0,0,17085,52429,17097,0,17078,0,0,0,70,68,100,0.0,82.1,0.0,77.6,0.0,78.5,1,49,50,180,13107,26215,0,0,0.0,0.0,0.0,0.0,-0.0,67.0,0.0,162057.094,0.0,966,0,987,0,0,0,946,0,1009,0,910,0,786,0,776,0,821,0,7520,0.032,1.1961560610296037e+19,0.0,0.0,784,16797,-0.0,162057.094,-114818.039,-0.0,0.133,6.909358625270745e+28,30.0,70.0,35,0.0,0.0,0.0,0.0,0.0,0.0,0.0,0.0,0.0,0.0,0.0,0.0,0.0,0.0,0.0,0.0,66.4,0,150,71,51,65476,0,300,0,0,8,20529,65476,0,0,44564,70.0,0.0,0.0,0.0,0.0,0.0
2026-09-10T21:56:11,ERR,ERR,ERR,ERR,ERR,ERR,ERR,ERR,ERR,ERR,ERR,ERR,ERR,ERR,ERR,ERR,ERR,ERR,ERR,ERR,ERR,ERR,ERR,ERR,ERR,ERR,ERR,ERR,ERR,ERR,ERR,ERR,ERR,ERR,ERR,ERR,ERR,ERR,ERR,ERR,ERR,ERR,ERR,ERR,ERR,ERR,ERR,ERR,ERR,ERR,ERR,ERR,ERR,ERR,ERR,ERR,ERR,ERR,ERR,ERR,ERR,ERR,ERR,ERR,ERR,ERR,ERR,ERR,ERR,ERR,ERR,ERR,ERR,ERR,ERR,ERR,ERR,ERR,ERR,ERR,ERR,ERR,ERR,ERR,ERR,ERR,ERR,ERR,ERR,ERR,ERR,ERR,ERR,ERR,ERR,ERR,ERR,ERR,ERR,ERR,ERR,ERR,ERR,ERR,ERR,ERR,ERR,ERR,ERR,ERR,ERR,ERR,ERR,ERR,ERR,ERR,ERR,ERR,ERR,ERR,ERR,ERR,ERR,ERR,ERR,0.0,-107615352.0,-0.0,0.0,0.0,1.3936040501711995e+18,7.805,0.0,0,0,4,0,7116,0.0,100,0.0,0.0,0.0,0.0,0.0,0,0,0,0,0.0,0,0,0,0,0,0,0,0,0,0,0,0,0,0,0,0,0,0,0,0,0,0,0,0,0,0,0,0,0,0,0,0,0,31,40,40,71,65476,0,300,0,0,8,21553,0.0,-107605600.0,0.0,0.0,0.0,0.0,0.0,0.0,0.0,0.0,0.0,0.0,0.0,0.0,0.0,0.0,0.0,0.0,0.0,0.0,0.0,0.0,0.0,-2.004,-0.0,2.004,0.0,0.0,0.0,0.0,4515.0,3.697179536554931e+19,6924.0,0.0,-107615352.0,2.7184264179883896e+23,-107615304.0,0.0,0.0,0.0,0.0,69,-0.0,0.0,0.0,0.0,0.0,0.0,0.0,0.0,0.0,0,0,0,0.0,0.0,0.0,0.0,0.0,0.0,0.0,0.0,0.0,0.0,0.0,0.0,0.0,0.0,0.0,0.0,0,-107875648.0,69,0.0,138,0.0,0.0,0,0,17085,52429,17097,52429,17077,0,0,0,70,68,100,0.0,82.1,0.0,77.6,0.0,78.5,1,49,50,180,13107,26215,0,0,0.0,0.0,0.0,0.0,-0.0,67.0,0.0,162057.094,0.0,966,0,987,0,0,0,945,0,1009,0,909,0,786,0,776,0,821,0,7520,0.032,1.1961560610296037e+19,0.0,0.0,784,16797,-0.0,162057.094,-114818.039,-0.0,0.133,6.909358625270745e+28,30.0,70.0,35,0.0,0.0,0.0,0.0,0.0,0.0,0.0,0.0,0.0,0.0,0.0,0.0,0.0,0.0,0.0,0.0,66.4,0,150,71,51,65476,0,300,0,0,8,20529,65476,0,0,44564,70.0,0.0,0.0,0.0,0.0,0.0
2026-09-10T21:56:12,ERR,ERR,ERR,ERR,ERR,ERR,ERR,ERR,ERR,ERR,ERR,ERR,ERR,ERR,ERR,ERR,ERR,ERR,ERR,ERR,ERR,ERR,ERR,ERR,ERR,ERR,ERR,ERR,ERR,ERR,ERR,ERR,ERR,ERR,ERR,ERR,ERR,ERR,ERR,ERR,ERR,ERR,ERR,ERR,ERR,ERR,ERR,ERR,ERR,ERR,ERR,ERR,ERR,ERR,ERR,ERR,ERR,ERR,ERR,ERR,ERR,ERR,ERR,ERR,ERR,ERR,ERR,ERR,ERR,ERR,ERR,ERR,ERR,ERR,ERR,ERR,ERR,ERR,ERR,ERR,ERR,ERR,ERR,ERR,ERR,ERR,ERR,ERR,ERR,ERR,ERR,ERR,ERR,ERR,ERR,ERR,ERR,ERR,ERR,ERR,ERR,ERR,ERR,ERR,ERR,ERR,ERR,ERR,ERR,ERR,ERR,ERR,ERR,ERR,ERR,ERR,ERR,ERR,ERR,ERR,ERR,ERR,ERR,ERR,ERR,0.0,-107615352.0,-0.0,0.0,0.0,1.3936040501711995e+18,7.805,0.0,0,0,4,0,7116,0.0,100,0.0,0.0,0.0,0.0,0.0,0,0,0,0,0.0,0,0,0,0,0,0,0,0,0,0,0,0,0,0,0,0,0,0,0,0,0,0,0,0,0,0,0,0,0,0,0,0,0,31,40,40,71,65476,0,300,0,0,8,21553,0.0,-107605600.0,0.0,0.0,0.0,0.0,0.0,0.0,0.0,0.0,0.0,0.0,0.0,0.0,0.0,0.0,0.0,0.0,0.0,0.0,0.0,0.0,0.0,-2.004,-0.0,2.004,0.0,0.0,0.0,0.0,4515.0,3.697179536554931e+19,6924.0,0.0,-107615352.0,2.7184264179883896e+23,-107615304.0,0.0,0.0,0.0,0.0,69,-0.0,0.0,0.0,0.0,0.0,0.0,0.0,0.0,0.0,0,0,0,0.0,0.0,0.0,0.0,0.0,0.0,0.0,0.0,0.0,0.0,0.0,0.0,0.0,0.0,0.0,0.0,0,-107875648.0,69,0.0,138,0.0,0.0,0,0,17085,52429,17097,52429,17077,0,0,0,70,68,100,0.0,82.1,0.0,77.6,0.0,78.5,1,49,50,180,13107,26215,0,0,0.0,0.0,0.0,0.0,-0.0,67.0,0.0,162057.094,0.0,966,0,987,0,0,0,945,0,1009,0,909,0,786,0,776,0,821,0,7520,0.032,1.1961560610296037e+19,0.0,0.0,784,16797,-0.0,162057.094,-114818.039,-0.0,0.133,6.909358625270745e+28,30.0,70.0,35,0.0,0.0,0.0,0.0,0.0,0.0,0.0,0.0,0.0,0.0,0.0,0.0,0.0,0.0,0.0,0.0,66.4,0,150,71,51,65476,0,300,0,0,8,20529,65476,0,0,44564,70.0,0.0,0.0,0.0,0.0,0.0
2026-09-10T21:56:13,ERR,ERR,ERR,ERR,ERR,ERR,ERR,ERR,ERR,ERR,ERR,ERR,ERR,ERR,ERR,ERR,ERR,ERR,ERR,ERR,ERR,ERR,ERR,ERR,ERR,ERR,ERR,ERR,ERR,ERR,ERR,ERR,ERR,ERR,ERR,ERR,ERR,ERR,ERR,ERR,ERR,ERR,ERR,ERR,ERR,ERR,ERR,ERR,ERR,ERR,ERR,ERR,ERR,ERR,ERR,ERR,ERR,ERR,ERR,ERR,ERR,ERR,ERR,ERR,ERR,ERR,ERR,ERR,ERR,ERR,ERR,ERR,ERR,ERR,ERR,ERR,ERR,ERR,ERR,ERR,ERR,ERR,ERR,ERR,ERR,ERR,ERR,ERR,ERR,ERR,ERR,ERR,ERR,ERR,ERR,ERR,ERR,ERR,ERR,ERR,ERR,ERR,ERR,ERR,ERR,ERR,ERR,ERR,ERR,ERR,ERR,ERR,ERR,ERR,ERR,ERR,ERR,ERR,ERR,ERR,ERR,ERR,ERR,ERR,ERR,0.0,-107615352.0,-0.0,0.0,0.0,1.3936040501711995e+18,7.805,0.0,0,0,4,0,7116,0.0,100,0.0,0.0,0.0,0.0,0.0,0,0,0,0,0.0,0,0,0,0,0,0,0,0,0,0,0,0,0,0,0,0,0,0,0,0,0,0,0,0,0,0,0,0,0,0,0,0,0,31,40,40,71,65476,0,300,0,0,8,21553,0.0,-107605600.0,0.0,0.0,0.0,0.0,0.0,0.0,0.0,0.0,0.0,0.0,0.0,0.0,0.0,0.0,0.0,0.0,0.0,0.0,0.0,0.0,0.0,-2.004,-0.0,2.004,0.0,0.0,0.0,0.0,4515.0,3.697179536554931e+19,6924.0,0.0,-107615352.0,2.7184264179883896e+23,-107615304.0,0.0,0.0,0.0,0.0,69,-0.0,0.0,0.0,0.0,0.0,0.0,0.0,0.0,0.0,0,0,0,0.0,0.0,0.0,0.0,0.0,0.0,0.0,0.0,0.0,0.0,0.0,0.0,0.0,0.0,0.0,0.0,0,-107875648.0,69,0.0,138,0.0,0.0,0,0,17085,52429,17097,52429,17077,0,0,0,70,68,100,0.0,82.1,0.0,77.6,0.0,78.5,1,49,50,180,13107,26215,0,0,0.0,0.0,0.0,0.0,-0.0,67.0,0.0,162057.094,0.0,966,0,987,0,0,0,945,0,1009,0,909,0,786,0,776,0,821,0,7520,0.032,1.1961560610296037e+19,0.0,0.0,784,16797,-0.0,162057.094,-114818.039,-0.0,0.133,6.909358625270745e+28,30.0,70.0,35,0.0,0.0,0.0,0.0,0.0,0.0,0.0,0.0,0.0,0.0,0.0,0.0,0.0,0.0,0.0,0.0,66.4,0,150,71,51,65476,0,300,0,0,8,20529,65476,0,0,44564,70.0,0.0,0.0,0.0,0.0,0.0
2026-09-10T21:56:14,ERR,ERR,ERR,ERR,ERR,ERR,ERR,ERR,ERR,ERR,ERR,ERR,ERR,ERR,ERR,ERR,ERR,ERR,ERR,ERR,ERR,ERR,ERR,ERR,ERR,ERR,ERR,ERR,ERR,ERR,ERR,ERR,ERR,ERR,ERR,ERR,ERR,ERR,ERR,ERR,ERR,ERR,ERR,ERR,ERR,ERR,ERR,ERR,ERR,ERR,ERR,ERR,ERR,ERR,ERR,ERR,ERR,ERR,ERR,ERR,ERR,ERR,ERR,ERR,ERR,ERR,ERR,ERR,ERR,ERR,ERR,ERR,ERR,ERR,ERR,ERR,ERR,ERR,ERR,ERR,ERR,ERR,ERR,ERR,ERR,ERR,ERR,ERR,ERR,ERR,ERR,ERR,ERR,ERR,ERR,ERR,ERR,ERR,ERR,ERR,ERR,ERR,ERR,ERR,ERR,ERR,ERR,ERR,ERR,ERR,ERR,ERR,ERR,ERR,ERR,ERR,ERR,ERR,ERR,ERR,ERR,ERR,ERR,ERR,ERR,0.0,-107615352.0,-0.0,0.0,0.0,1.3936040501711995e+18,7.805,0.0,0,0,4,0,7116,0.0,100,0.0,0.0,0.0,0.0,0.0,0,0,0,0,0.0,0,0,0,0,0,0,0,0,0,0,0,0,0,0,0,0,0,0,0,0,0,0,0,0,0,0,0,0,0,0,0,0,0,31,40,40,71,65476,0,300,0,0,8,21553,0.0,-107605600.0,0.0,0.0,0.0,0.0,0.0,0.0,0.0,0.0,0.0,0.0,0.0,0.0,0.0,0.0,0.0,0.0,0.0,0.0,0.0,0.0,0.0,-2.004,-0.0,2.004,0.0,0.0,0.0,0.0,4515.0,3.697179536554931e+19,6924.0,0.0,-107615352.0,2.7184264179883896e+23,-107615304.0,0.0,0.0,0.0,0.0,69,-0.0,0.0,0.0,0.0,0.0,0.0,0.0,0.0,0.0,0,0,0,0.0,0.0,0.0,0.0,0.0,0.0,0.0,0.0,0.0,0.0,0.0,0.0,0.0,0.0,0.0,0.0,0,-107875648.0,69,0.0,138,0.0,0.0,0,0,17085,52429,17097,52429,17077,0,0,0,70,68,100,0.0,82.1,0.0,77.6,0.0,78.5,1,49,50,180,13107,26215,0,0,0.0,0.0,0.0,0.0,-0.0,67.0,0.0,162057.094,0.0,966,0,987,0,0,0,945,0,1009,0,909,0,786,0,776,0,821,0,7520,0.032,1.1961560610296037e+19,0.0,0.0,784,16797,-0.0,162057.094,-114818.039,-0.0,0.133,6.909358625270745e+28,30.0,70.0,35,0.0,0.0,0.0,0.0,0.0,0.0,0.0,0.0,0.0,0.0,0.0,0.0,0.0,0.0,0.0,0.0,66.4,0,150,71,51,65476,0,300,0,0,8,20529,65476,0,0,44564,70.0,0.0,0.0,0.0,0.0,0.0
2026-09-10T21:56:15,ERR,ERR,ERR,ERR,ERR,ERR,ERR,ERR,ERR,ERR,ERR,ERR,ERR,ERR,ERR,ERR,ERR,ERR,ERR,ERR,ERR,ERR,ERR,ERR,ERR,ERR,ERR,ERR,ERR,ERR,ERR,ERR,ERR,ERR,ERR,ERR,ERR,ERR,ERR,ERR,ERR,ERR,ERR,ERR,ERR,ERR,ERR,ERR,ERR,ERR,ERR,ERR,ERR,ERR,ERR,ERR,ERR,ERR,ERR,ERR,ERR,ERR,ERR,ERR,ERR,ERR,ERR,ERR,ERR,ERR,ERR,ERR,ERR,ERR,ERR,ERR,ERR,ERR,ERR,ERR,ERR,ERR,ERR,ERR,ERR,ERR,ERR,ERR,ERR,ERR,ERR,ERR,ERR,ERR,ERR,ERR,ERR,ERR,ERR,ERR,ERR,ERR,ERR,ERR,ERR,ERR,ERR,ERR,ERR,ERR,ERR,ERR,ERR,ERR,ERR,ERR,ERR,ERR,ERR,ERR,ERR,ERR,ERR,ERR,ERR,0.0,-107615352.0,-0.0,0.0,0.0,1.3936040501711995e+18,7.805,0.0,0,0,4,0,7116,0.0,100,0.0,0.0,0.0,0.0,0.0,0,0,0,0,0.0,0,0,0,0,0,0,0,0,0,0,0,0,0,0,0,0,0,0,0,0,0,0,0,0,0,0,0,0,0,0,0,0,0,31,40,40,71,65476,0,300,0,0,8,21553,0.0,-107605600.0,0.0,0.0,0.0,0.0,0.0,0.0,0.0,0.0,0.0,0.0,0.0,0.0,0.0,0.0,0.0,0.0,0.0,0.0,0.0,0.0,0.0,-2.004,-0.0,2.004,0.0,0.0,0.0,0.0,4515.0,3.697179536554931e+19,6924.0,0.0,-107615352.0,2.7184264179883896e+23,-107615304.0,0.0,0.0,0.0,0.0,69,-0.0,0.0,0.0,0.0,0.0,0.0,0.0,0.0,0.0,0,0,0,0.0,0.0,0.0,0.0,0.0,0.0,0.0,0.0,0.0,0.0,0.0,0.0,0.0,0.0,0.0,0.0,0,-107875648.0,69,0.0,138,0.0,0.0,0,0,17085,52429,17097,52429,17077,0,0,0,70,68,100,0.0,82.1,0.0,77.6,0.0,78.5,1,49,50,180,13107,26215,0,0,0.0,0.0,0.0,0.0,-0.0,67.0,0.0,162057.094,0.0,966,0,987,0,0,0,945,0,1009,0,909,0,786,0,776,0,821,0,7520,0.032,1.1961560610296037e+19,0.0,0.0,784,16797,-0.0,162057.094,-114818.039,-0.0,0.133,6.909358625270745e+28,30.0,70.0,35,0.0,0.0,0.0,0.0,0.0,0.0,0.0,0.0,0.0,0.0,0.0,0.0,0.0,0.0,0.0,0.0,66.4,0,150,71,51,65476,0,300,0,0,8,20529,65476,0,0,44564,70.0,0.0,0.0,0.0,0.0,0.0
2026-09-10T21:56:16,ERR,ERR,ERR,ERR,ERR,ERR,ERR,ERR,ERR,ERR,ERR,ERR,ERR,ERR,ERR,ERR,ERR,ERR,ERR,ERR,ERR,ERR,ERR,ERR,ERR,ERR,ERR,ERR,ERR,ERR,ERR,ERR,ERR,ERR,ERR,ERR,ERR,ERR,ERR,ERR,ERR,ERR,ERR,ERR,ERR,ERR,ERR,ERR,ERR,ERR,ERR,ERR,ERR,ERR,ERR,ERR,ERR,ERR,ERR,ERR,ERR,ERR,ERR,ERR,ERR,ERR,ERR,ERR,ERR,ERR,ERR,ERR,ERR,ERR,ERR,ERR,ERR,ERR,ERR,ERR,ERR,ERR,ERR,ERR,ERR,ERR,ERR,ERR,ERR,ERR,ERR,ERR,ERR,ERR,ERR,ERR,ERR,ERR,ERR,ERR,ERR,ERR,ERR,ERR,ERR,ERR,ERR,ERR,ERR,ERR,ERR,ERR,ERR,ERR,ERR,ERR,ERR,ERR,ERR,ERR,ERR,ERR,ERR,ERR,ERR,0.0,-107615352.0,-0.0,0.0,0.0,1.3936040501711995e+18,7.805,0.0,0,0,4,0,7116,0.0,100,0.0,0.0,0.0,0.0,0.0,0,0,0,0,0.0,0,0,0,0,0,0,0,0,0,0,0,0,0,0,0,0,0,0,0,0,0,0,0,0,0,0,0,0,0,0,0,0,0,31,40,40,71,65476,0,300,0,0,8,21553,0.0,-107605600.0,0.0,0.0,0.0,0.0,0.0,0.0,0.0,0.0,0.0,0.0,0.0,0.0,0.0,0.0,0.0,0.0,0.0,0.0,0.0,0.0,0.0,-2.004,-0.0,2.004,0.0,0.0,0.0,0.0,4515.0,3.697179536554931e+19,6924.0,0.0,-107615352.0,2.7184264179883896e+23,-107615304.0,0.0,0.0,0.0,0.0,69,-0.0,0.0,0.0,0.0,0.0,0.0,0.0,0.0,0.0,0,0,0,0.0,0.0,0.0,0.0,0.0,0.0,0.0,0.0,0.0,0.0,0.0,0.0,0.0,0.0,0.0,0.0,0,-107875648.0,69,0.0,138,0.0,0.0,0,0,17085,52429,17097,52429,17077,0,0,0,70,68,100,0.0,82.1,0.0,77.6,0.0,78.5,1,49,50,180,13107,26215,0,0,0.0,0.0,0.0,0.0,-0.0,67.0,0.0,162057.094,0.0,966,0,987,0,0,0,945,0,1009,0,909,0,786,0,776,0,821,0,7520,0.032,1.1961560610296037e+19,0.0,0.0,784,16797,-0.0,162057.094,-114818.039,-0.0,0.133,6.909358625270745e+28,30.0,70.0,35,0.0,0.0,0.0,0.0,0.0,0.0,0.0,0.0,0.0,0.0,0.0,0.0,0.0,0.0,0.0,0.0,66.4,0,150,71,51,65476,0,300,0,0,8,20529,65476,0,0,44564,70.0,0.0,0.0,0.0,0.0,0.0
2026-09-10T21:56:17,ERR,ERR,ERR,ERR,ERR,ERR,ERR,ERR,ERR,ERR,ERR,ERR,ERR,ERR,ERR,ERR,ERR,ERR,ERR,ERR,ERR,ERR,ERR,ERR,ERR,ERR,ERR,ERR,ERR,ERR,ERR,ERR,ERR,ERR,ERR,ERR,ERR,ERR,ERR,ERR,ERR,ERR,ERR,ERR,ERR,ERR,ERR,ERR,ERR,ERR,ERR,ERR,ERR,ERR,ERR,ERR,ERR,ERR,ERR,ERR,ERR,ERR,ERR,ERR,ERR,ERR,ERR,ERR,ERR,ERR,ERR,ERR,ERR,ERR,ERR,ERR,ERR,ERR,ERR,ERR,ERR,ERR,ERR,ERR,ERR,ERR,ERR,ERR,ERR,ERR,ERR,ERR,ERR,ERR,ERR,ERR,ERR,ERR,ERR,ERR,ERR,ERR,ERR,ERR,ERR,ERR,ERR,ERR,ERR,ERR,ERR,ERR,ERR,ERR,ERR,ERR,ERR,ERR,ERR,ERR,ERR,ERR,ERR,ERR,ERR,0.0,-107615352.0,-0.0,0.0,0.0,1.3936040501711995e+18,7.805,0.0,0,0,4,0,7116,0.0,100,0.0,0.0,0.0,0.0,0.0,0,0,0,0,0.0,0,0,0,0,0,0,0,0,0,0,0,0,0,0,0,0,0,0,0,0,0,0,0,0,0,0,0,0,0,0,0,0,0,31,40,40,71,65476,0,300,0,0,8,21553,0.0,-107605600.0,0.0,0.0,0.0,0.0,0.0,0.0,0.0,0.0,0.0,0.0,0.0,0.0,0.0,0.0,0.0,0.0,0.0,0.0,0.0,0.0,0.0,-2.004,-0.0,2.004,0.0,0.0,0.0,0.0,4515.0,3.697179536554931e+19,6924.0,0.0,-107615352.0,2.7184264179883896e+23,-107615304.0,0.0,0.0,0.0,0.0,69,-0.0,0.0,0.0,0.0,0.0,0.0,0.0,0.0,0.0,0,0,0,0.0,0.0,0.0,0.0,0.0,0.0,0.0,0.0,0.0,0.0,0.0,0.0,0.0,0.0,0.0,0.0,0,-107875648.0,69,0.0,138,0.0,0.0,0,0,17085,52429,17097,52429,17077,0,0,0,70,68,100,0.0,82.1,0.0,77.6,0.0,78.5,1,49,50,180,13107,26215,0,0,0.0,0.0,0.0,0.0,-0.0,67.0,0.0,162057.094,0.0,966,0,987,0,0,0,945,0,1009,0,909,0,786,0,776,0,821,0,7520,0.032,1.2033618204333965e+19,0.0,0.0,784,16797,-0.0,162057.094,-114818.039,-0.0,0.133,6.909358625270745e+28,30.0,70.0,35,0.0,0.0,0.0,0.0,0.0,0.0,0.0,0.0,0.0,0.0,0.0,0.0,0.0,0.0,0.0,0.0,66.8,0,150,71,51,65476,0,300,0,0,8,20529,65476,0,0,44564,70.0,0.0,0.0,0.0,0.0,0.0
2026-09-10T21:56:18,ERR,ERR,ERR,ERR,ERR,ERR,ERR,ERR,ERR,ERR,ERR,ERR,ERR,ERR,ERR,ERR,ERR,ERR,ERR,ERR,ERR,ERR,ERR,ERR,ERR,ERR,ERR,ERR,ERR,ERR,ERR,ERR,ERR,ERR,ERR,ERR,ERR,ERR,ERR,ERR,ERR,ERR,ERR,ERR,ERR,ERR,ERR,ERR,ERR,ERR,ERR,ERR,ERR,ERR,ERR,ERR,ERR,ERR,ERR,ERR,ERR,ERR,ERR,ERR,ERR,ERR,ERR,ERR,ERR,ERR,ERR,ERR,ERR,ERR,ERR,ERR,ERR,ERR,ERR,ERR,ERR,ERR,ERR,ERR,ERR,ERR,ERR,ERR,ERR,ERR,ERR,ERR,ERR,ERR,ERR,ERR,ERR,ERR,ERR,ERR,ERR,ERR,ERR,ERR,ERR,ERR,ERR,ERR,ERR,ERR,ERR,ERR,ERR,ERR,ERR,ERR,ERR,ERR,ERR,ERR,ERR,ERR,ERR,ERR,ERR,0.0,-107615352.0,-0.0,0.0,0.0,1.3936040501711995e+18,7.805,0.0,0,0,4,0,7116,0.0,100,0.0,0.0,0.0,0.0,0.0,0,0,0,0,0.0,0,0,0,0,0,0,0,0,0,0,0,0,0,0,0,0,0,0,0,0,0,0,0,0,0,0,0,0,0,0,0,0,0,31,40,40,71,65476,0,300,0,0,8,21553,0.0,-107605600.0,0.0,0.0,0.0,0.0,0.0,0.0,0.0,0.0,0.0,0.0,0.0,0.0,0.0,0.0,0.0,0.0,0.0,0.0,0.0,0.0,0.0,-2.004,-0.0,2.004,0.0,0.0,0.0,0.0,4515.0,3.697179536554931e+19,6924.0,0.0,-107615352.0,2.7184264179883896e+23,-107615304.0,0.0,0.0,0.0,0.0,69,-0.0,0.0,0.0,0.0,0.0,0.0,0.0,0.0,0.0,0,0,0,0.0,0.0,0.0,0.0,0.0,0.0,0.0,0.0,0.0,0.0,0.0,0.0,0.0,0.0,0.0,0.0,0,-107875648.0,69,0.0,138,0.0,0.0,0,0,17085,52429,17097,52429,17077,0,0,0,70,68,100,0.0,82.1,0.0,77.6,0.0,78.5,1,49,50,180,13107,26215,0,0,0.0,0.0,0.0,0.0,-0.0,67.0,0.0,162057.094,0.0,966,0,987,0,0,0,945,0,1009,0,909,0,786,0,776,0,821,0,7520,0.032,1.2033618204333965e+19,0.0,0.0,784,16797,-0.0,162057.094,-114818.039,-0.0,0.133,6.909358625270745e+28,30.0,70.0,35,0.0,0.0,0.0,0.0,0.0,0.0,0.0,0.0,0.0,0.0,0.0,0.0,0.0,0.0,0.0,0.0,66.8,0,150,71,51,65476,0,300,0,0,8,20529,65476,0,0,44564,70.0,0.0,0.0,0.0,0.0,0.0
2026-09-10T21:56:19,ERR,ERR,ERR,ERR,ERR,ERR,ERR,ERR,ERR,ERR,ERR,ERR,ERR,ERR,ERR,ERR,ERR,ERR,ERR,ERR,ERR,ERR,ERR,ERR,ERR,ERR,ERR,ERR,ERR,ERR,ERR,ERR,ERR,ERR,ERR,ERR,ERR,ERR,ERR,ERR,ERR,ERR,ERR,ERR,ERR,ERR,ERR,ERR,ERR,ERR,ERR,ERR,ERR,ERR,ERR,ERR,ERR,ERR,ERR,ERR,ERR,ERR,ERR,ERR,ERR,ERR,ERR,ERR,ERR,ERR,ERR,ERR,ERR,ERR,ERR,ERR,ERR,ERR,ERR,ERR,ERR,ERR,ERR,ERR,ERR,ERR,ERR,ERR,ERR,ERR,ERR,ERR,ERR,ERR,ERR,ERR,ERR,ERR,ERR,ERR,ERR,ERR,ERR,ERR,ERR,ERR,ERR,ERR,ERR,ERR,ERR,ERR,ERR,ERR,ERR,ERR,ERR,ERR,ERR,ERR,ERR,ERR,ERR,ERR,ERR,0.0,-107615352.0,-0.0,0.0,0.0,1.3936040501711995e+18,7.805,0.0,0,0,4,0,7116,0.0,100,0.0,0.0,0.0,0.0,0.0,0,0,0,0,0.0,0,0,0,0,0,0,0,0,0,0,0,0,0,0,0,0,0,0,0,0,0,0,0,0,0,0,0,0,0,0,0,0,0,31,40,40,71,65476,0,300,0,0,8,21553,0.0,-107605600.0,0.0,0.0,0.0,0.0,0.0,0.0,0.0,0.0,0.0,0.0,0.0,0.0,0.0,0.0,0.0,0.0,0.0,0.0,0.0,0.0,-2.004,-2.004,-0.0,2.004,0.0,0.0,0.0,0.0,4542.0,564144826744832.0,6923.0,0.0,-107615352.0,2.7184264179883896e+23,-107615304.0,0.0,0.0,0.0,0.0,69,-0.0,0.0,0.0,0.0,0.0,0.0,0.0,0.0,0.0,0,0,0,0.0,0.0,0.0,0.0,0.0,0.0,0.0,0.0,0.0,0.0,0.0,0.0,0.0,0.0,0.0,0.0,0,-107875648.0,69,0.0,138,0.0,0.0,0,0,17085,52429,17097,52429,17077,0,0,0,70,68,100,0.0,82.1,0.0,77.6,0.0,78.5,1,49,50,180,13107,26215,0,0,0.0,0.0,0.0,0.0,-0.0,67.0,0.0,162057.094,0.0,966,0,987,0,0,0,945,0,1009,0,909,0,786,0,776,0,821,0,7520,0.032,1.2033618204333965e+19,0.0,0.0,784,16797,-0.0,162057.094,-114818.039,-0.0,0.133,6.909358625270745e+28,30.0,70.0,35,0.0,0.0,0.0,0.0,0.0,0.0,0.0,0.0,0.0,0.0,0.0,0.0,0.0,0.0,0.0,0.0,66.8,0,150,71,51,65476,0,300,0,0,8,20529,65476,0,0,44564,70.0,0.0,0.0,0.0,0.0,0.0
2026-09-10T21:56:20,ERR,ERR,ERR,ERR,ERR,ERR,ERR,ERR,ERR,ERR,ERR,ERR,ERR,ERR,ERR,ERR,ERR,ERR,ERR,ERR,ERR,ERR,ERR,ERR,ERR,ERR,ERR,ERR,ERR,ERR,ERR,ERR,ERR,ERR,ERR,ERR,ERR,ERR,ERR,ERR,ERR,ERR,ERR,ERR,ERR,ERR,ERR,ERR,ERR,ERR,ERR,ERR,ERR,ERR,ERR,ERR,ERR,ERR,ERR,ERR,ERR,ERR,ERR,ERR,ERR,ERR,ERR,ERR,ERR,ERR,ERR,ERR,ERR,ERR,ERR,ERR,ERR,ERR,ERR,ERR,ERR,ERR,ERR,ERR,ERR,ERR,ERR,ERR,ERR,ERR,ERR,ERR,ERR,ERR,ERR,ERR,ERR,ERR,ERR,ERR,ERR,ERR,ERR,ERR,ERR,ERR,ERR,ERR,ERR,ERR,ERR,ERR,ERR,ERR,ERR,ERR,ERR,ERR,ERR,ERR,ERR,ERR,ERR,ERR,ERR,0.0,-107615352.0,-0.0,0.0,0.0,1.3936040501711995e+18,7.805,0.0,0,0,4,0,7116,0.0,100,0.0,0.0,0.0,0.0,0.0,0,0,0,0,0.0,0,0,0,0,0,0,0,0,0,0,0,0,0,0,0,0,0,0,0,0,0,0,0,0,0,0,0,0,0,0,0,0,0,31,40,40,71,65476,0,300,0,0,8,21553,0.0,-107605600.0,0.0,0.0,0.0,0.0,0.0,0.0,0.0,0.0,0.0,0.0,0.0,0.0,0.0,0.0,0.0,0.0,0.0,0.0,0.0,0.0,-2.004,-2.004,-0.0,2.004,0.0,0.0,0.0,0.0,4542.0,564144826744832.0,6923.0,0.0,-107615352.0,2.7184264179883896e+23,-107615304.0,0.0,0.0,0.0,0.0,69,-0.0,0.0,0.0,0.0,0.0,0.0,0.0,0.0,0.0,0,0,0,0.0,0.0,0.0,0.0,0.0,0.0,0.0,0.0,0.0,0.0,0.0,0.0,0.0,0.0,0.0,0.0,0,-107875648.0,69,0.0,138,0.0,0.0,0,0,17085,52429,17097,52429,17077,0,0,0,70,68,100,0.0,82.1,0.0,77.6,0.0,78.5,1,49,50,180,13107,26215,0,0,0.0,0.0,0.0,0.0,-0.0,67.0,0.0,162057.094,0.0,966,0,987,0,0,0,945,0,1009,0,909,0,786,0,776,0,821,0,7520,0.032,1.2033618204333965e+19,0.0,0.0,784,16797,-0.0,162057.094,-114818.039,-0.0,0.133,6.909358625270745e+28,30.0,70.0,35,0.0,0.0,0.0,0.0,0.0,0.0,0.0,0.0,0.0,0.0,0.0,0.0,0.0,0.0,0.0,0.0,66.4,0,150,71,51,65476,0,300,0,0,8,20529,65476,0,0,44564,70.0,0.0,0.0,0.0,0.0,0.0
2026-09-10T21:56:21,ERR,ERR,ERR,ERR,ERR,ERR,ERR,ERR,ERR,ERR,ERR,ERR,ERR,ERR,ERR,ERR,ERR,ERR,ERR,ERR,ERR,ERR,ERR,ERR,ERR,ERR,ERR,ERR,ERR,ERR,ERR,ERR,ERR,ERR,ERR,ERR,ERR,ERR,ERR,ERR,ERR,ERR,ERR,ERR,ERR,ERR,ERR,ERR,ERR,ERR,ERR,ERR,ERR,ERR,ERR,ERR,ERR,ERR,ERR,ERR,ERR,ERR,ERR,ERR,ERR,ERR,ERR,ERR,ERR,ERR,ERR,ERR,ERR,ERR,ERR,ERR,ERR,ERR,ERR,ERR,ERR,ERR,ERR,ERR,ERR,ERR,ERR,ERR,ERR,ERR,ERR,ERR,ERR,ERR,ERR,ERR,ERR,ERR,ERR,ERR,ERR,ERR,ERR,ERR,ERR,ERR,ERR,ERR,ERR,ERR,ERR,ERR,ERR,ERR,ERR,ERR,ERR,ERR,ERR,ERR,ERR,ERR,ERR,ERR,ERR,0.0,-107615352.0,-0.0,0.0,0.0,1.3936040501711995e+18,7.805,0.0,0,0,4,0,7116,0.0,100,0.0,0.0,0.0,0.0,0.0,0,0,0,0,0.0,0,0,0,0,0,0,0,0,0,0,0,0,0,0,0,0,0,0,0,0,0,0,0,0,0,0,0,0,0,0,0,0,0,31,40,40,71,65476,0,300,0,0,8,21553,0.0,-107605600.0,0.0,0.0,0.0,0.0,0.0,0.0,0.0,0.0,0.0,0.0,0.0,0.0,0.0,0.0,0.0,0.0,0.0,0.0,0.0,0.0,-2.004,-2.004,-0.0,2.004,0.0,0.0,0.0,0.0,4542.0,564144826744832.0,6923.0,0.0,-107615352.0,2.7184264179883896e+23,-107615304.0,0.0,0.0,0.0,0.0,69,-0.0,0.0,0.0,0.0,0.0,0.0,0.0,0.0,0.0,0,0,0,0.0,0.0,0.0,0.0,0.0,0.0,0.0,0.0,0.0,0.0,0.0,0.0,0.0,0.0,0.0,0.0,0,-107875648.0,69,0.0,138,0.0,0.0,0,0,17085,52429,17097,52429,17077,0,0,0,70,68,100,0.0,82.1,0.0,77.6,0.0,78.5,1,49,50,180,13107,26215,0,0,0.0,0.0,0.0,0.0,-0.0,67.0,0.0,162057.094,0.0,966,0,987,0,0,0,945,0,1009,0,909,0,786,0,776,0,821,0,7520,0.032,1.2033618204333965e+19,0.0,0.0,784,16797,-0.0,162057.094,-114818.039,-0.0,0.133,6.909358625270745e+28,30.0,70.0,35,0.0,0.0,0.0,0.0,0.0,0.0,0.0,0.0,0.0,0.0,0.0,0.0,0.0,0.0,0.0,0.0,66.4,0,150,71,51,65476,0,300,0,0,8,20529,65476,0,0,44564,70.0,0.0,0.0,0.0,0.0,0.0
2026-09-10T21:56:22,ERR,ERR,ERR,ERR,ERR,ERR,ERR,ERR,ERR,ERR,ERR,ERR,ERR,ERR,ERR,ERR,ERR,ERR,ERR,ERR,ERR,ERR,ERR,ERR,ERR,ERR,ERR,ERR,ERR,ERR,ERR,ERR,ERR,ERR,ERR,ERR,ERR,ERR,ERR,ERR,ERR,ERR,ERR,ERR,ERR,ERR,ERR,ERR,ERR,ERR,ERR,ERR,ERR,ERR,ERR,ERR,ERR,ERR,ERR,ERR,ERR,ERR,ERR,ERR,ERR,ERR,ERR,ERR,ERR,ERR,ERR,ERR,ERR,ERR,ERR,ERR,ERR,ERR,ERR,ERR,ERR,ERR,ERR,ERR,ERR,ERR,ERR,ERR,ERR,ERR,ERR,ERR,ERR,ERR,ERR,ERR,ERR,ERR,ERR,ERR,ERR,ERR,ERR,ERR,ERR,ERR,ERR,ERR,ERR,ERR,ERR,ERR,ERR,ERR,ERR,ERR,ERR,ERR,ERR,ERR,ERR,ERR,ERR,ERR,ERR,0.0,-107615352.0,-0.0,0.0,0.0,1.3936040501711995e+18,7.805,0.0,0,0,4,0,7116,0.0,100,0.0,0.0,0.0,0.0,0.0,0,0,0,0,0.0,0,0,0,0,0,0,0,0,0,0,0,0,0,0,0,0,0,0,0,0,0,0,0,0,0,0,0,0,0,0,0,0,0,31,40,40,71,65476,0,300,0,0,8,21553,0.0,-107605600.0,0.0,0.0,0.0,0.0,0.0,0.0,0.0,0.0,0.0,0.0,0.0,0.0,0.0,0.0,0.0,0.0,0.0,0.0,0.0,0.0,-2.004,-2.004,-0.0,2.004,0.0,0.0,0.0,0.0,4542.0,564144826744832.0,6923.0,0.0,-107615352.0,2.7184264179883896e+23,-107615304.0,0.0,0.0,0.0,0.0,69,-0.0,0.0,0.0,0.0,0.0,0.0,0.0,0.0,0.0,0,0,0,0.0,0.0,0.0,0.0,0.0,0.0,0.0,0.0,0.0,0.0,0.0,0.0,0.0,0.0,0.0,0.0,0,-107875648.0,69,0.0,138,0.0,0.0,0,0,17085,52429,17097,52429,17077,0,0,0,70,68,100,0.0,82.1,0.0,77.6,0.0,78.5,1,49,50,180,13107,26215,0,0,0.0,0.0,0.0,0.0,-0.0,67.0,0.0,162057.094,0.0,966,0,987,0,0,0,945,0,1009,0,909,0,786,0,776,0,821,0,7520,0.032,1.2033618204333965e+19,0.0,0.0,784,16797,-0.0,162057.094,-114818.039,-0.0,0.133,6.909358625270745e+28,30.0,70.0,35,0.0,0.0,0.0,0.0,0.0,0.0,0.0,0.0,0.0,0.0,0.0,0.0,0.0,0.0,0.0,0.0,66.4,0,150,71,51,65476,0,300,0,0,8,20529,65476,0,0,44564,70.0,0.0,0.0,0.0,0.0,0.0
2026-09-10T21:56:23,ERR,ERR,ERR,ERR,ERR,ERR,ERR,ERR,ERR,ERR,ERR,ERR,ERR,ERR,ERR,ERR,ERR,ERR,ERR,ERR,ERR,ERR,ERR,ERR,ERR,ERR,ERR,ERR,ERR,ERR,ERR,ERR,ERR,ERR,ERR,ERR,ERR,ERR,ERR,ERR,ERR,ERR,ERR,ERR,ERR,ERR,ERR,ERR,ERR,ERR,ERR,ERR,ERR,ERR,ERR,ERR,ERR,ERR,ERR,ERR,ERR,ERR,ERR,ERR,ERR,ERR,ERR,ERR,ERR,ERR,ERR,ERR,ERR,ERR,ERR,ERR,ERR,ERR,ERR,ERR,ERR,ERR,ERR,ERR,ERR,ERR,ERR,ERR,ERR,ERR,ERR,ERR,ERR,ERR,ERR,ERR,ERR,ERR,ERR,ERR,ERR,ERR,ERR,ERR,ERR,ERR,ERR,ERR,ERR,ERR,ERR,ERR,ERR,ERR,ERR,ERR,ERR,ERR,ERR,ERR,ERR,ERR,ERR,ERR,ERR,0.0,-107615352.0,-0.0,0.0,0.0,1.3936040501711995e+18,7.805,0.0,0,0,4,0,7116,0.0,100,0.0,0.0,0.0,0.0,0.0,0,0,0,0,0.0,0,0,0,0,0,0,0,0,0,0,0,0,0,0,0,0,0,0,0,0,0,0,0,0,0,0,0,0,0,0,0,0,0,31,40,40,71,65476,0,300,0,0,8,21553,0.0,-107605600.0,0.0,0.0,0.0,0.0,0.0,0.0,0.0,0.0,0.0,0.0,0.0,0.0,0.0,0.0,0.0,0.0,0.0,0.0,0.0,0.0,-2.004,-2.004,-0.0,2.004,0.0,0.0,0.0,0.0,4542.0,564144826744832.0,6923.0,0.0,-107615352.0,2.7184264179883896e+23,-107615304.0,0.0,0.0,0.0,0.0,69,-0.0,0.0,0.0,0.0,0.0,0.0,0.0,0.0,0.0,0,0,0,0.0,0.0,0.0,0.0,0.0,0.0,0.0,0.0,0.0,0.0,0.0,0.0,0.0,0.0,0.0,0.0,0,-107875648.0,69,0.0,138,0.0,0.0,0,0,17085,52429,17097,39322,17077,0,0,0,70,68,100,0.0,82.1,0.0,77.6,0.0,78.5,1,49,50,180,13107,26215,0,0,0.0,0.0,0.0,0.0,-0.0,67.0,0.0,162057.094,0.0,966,0,987,0,0,0,945,0,1009,0,908,0,787,0,776,0,821,0,7520,0.032,1.2033618204333965e+19,0.0,0.0,784,16797,-0.0,162057.094,-114818.039,-0.0,0.133,6.909358625270745e+28,30.0,70.0,35,0.0,0.0,0.0,0.0,0.0,0.0,0.0,0.0,0.0,0.0,0.0,0.0,0.0,0.0,0.0,0.0,66.4,0,150,71,51,65476,0,300,0,0,8,20529,65476,0,0,44564,70.0,0.0,0.0,0.0,0.0,0.0
2026-09-10T21:56:24,ERR,ERR,ERR,ERR,ERR,ERR,ERR,ERR,ERR,ERR,ERR,ERR,ERR,ERR,ERR,ERR,ERR,ERR,ERR,ERR,ERR,ERR,ERR,ERR,ERR,ERR,ERR,ERR,ERR,ERR,ERR,ERR,ERR,ERR,ERR,ERR,ERR,ERR,ERR,ERR,ERR,ERR,ERR,ERR,ERR,ERR,ERR,ERR,ERR,ERR,ERR,ERR,ERR,ERR,ERR,ERR,ERR,ERR,ERR,ERR,ERR,ERR,ERR,ERR,ERR,ERR,ERR,ERR,ERR,ERR,ERR,ERR,ERR,ERR,ERR,ERR,ERR,ERR,ERR,ERR,ERR,ERR,ERR,ERR,ERR,ERR,ERR,ERR,ERR,ERR,ERR,ERR,ERR,ERR,ERR,ERR,ERR,ERR,ERR,ERR,ERR,ERR,ERR,ERR,ERR,ERR,ERR,ERR,ERR,ERR,ERR,ERR,ERR,ERR,ERR,ERR,ERR,ERR,ERR,ERR,ERR,ERR,ERR,ERR,ERR,0.0,-107615352.0,-0.0,0.0,0.0,1.3936040501711995e+18,7.805,0.0,0,0,4,0,7116,0.0,100,0.0,0.0,0.0,0.0,0.0,0,0,0,0,0.0,0,0,0,0,0,0,0,0,0,0,0,0,0,0,0,0,0,0,0,0,0,0,0,0,0,0,0,0,0,0,0,0,0,31,40,40,71,65476,0,300,0,0,8,21553,0.0,-107605600.0,0.0,0.0,0.0,0.0,0.0,0.0,0.0,0.0,0.0,0.0,0.0,0.0,0.0,0.0,0.0,0.0,0.0,0.0,0.0,0.0,-2.004,-2.004,-0.0,2.004,0.0,0.0,0.0,0.0,4542.0,564144826744832.0,6923.0,0.0,-107615352.0,2.7184264179883896e+23,-107615304.0,0.0,0.0,0.0,0.0,69,-0.0,0.0,0.0,0.0,0.0,0.0,0.0,0.0,0.0,0,0,0,0.0,0.0,0.0,0.0,0.0,0.0,0.0,0.0,0.0,0.0,0.0,0.0,0.0,0.0,0.0,0.0,0,-107875648.0,69,0.0,138,0.0,0.0,0,0,17085,52429,17097,39322,17077,0,0,0,70,68,100,0.0,82.1,0.0,77.6,0.0,78.5,1,49,50,180,13107,26215,0,0,0.0,0.0,0.0,0.0,-0.0,67.0,0.0,162057.094,0.0,966,0,987,0,0,0,945,0,1009,0,908,0,787,0,776,0,821,0,7520,0.032,1.2033618204333965e+19,0.0,0.0,784,16797,-0.0,162057.094,-114818.039,-0.0,0.133,6.909358625270745e+28,30.0,70.0,35,0.0,0.0,0.0,0.0,0.0,0.0,0.0,0.0,0.0,0.0,0.0,0.0,0.0,0.0,0.0,0.0,66.4,0,150,71,51,65476,0,300,0,0,8,20529,65476,0,0,44564,70.0,0.0,0.0,0.0,0.0,0.0
2026-09-10T21:56:25,ERR,ERR,ERR,ERR,ERR,ERR,ERR,ERR,ERR,ERR,ERR,ERR,ERR,ERR,ERR,ERR,ERR,ERR,ERR,ERR,ERR,ERR,ERR,ERR,ERR,ERR,ERR,ERR,ERR,ERR,ERR,ERR,ERR,ERR,ERR,ERR,ERR,ERR,ERR,ERR,ERR,ERR,ERR,ERR,ERR,ERR,ERR,ERR,ERR,ERR,ERR,ERR,ERR,ERR,ERR,ERR,ERR,ERR,ERR,ERR,ERR,ERR,ERR,ERR,ERR,ERR,ERR,ERR,ERR,ERR,ERR,ERR,ERR,ERR,ERR,ERR,ERR,ERR,ERR,ERR,ERR,ERR,ERR,ERR,ERR,ERR,ERR,ERR,ERR,ERR,ERR,ERR,ERR,ERR,ERR,ERR,ERR,ERR,ERR,ERR,ERR,ERR,ERR,ERR,ERR,ERR,ERR,ERR,ERR,ERR,ERR,ERR,ERR,ERR,ERR,ERR,ERR,ERR,ERR,ERR,ERR,ERR,ERR,ERR,ERR,0.0,-107615352.0,-0.0,0.0,0.0,1.3936040501711995e+18,7.805,0.0,0,0,4,0,7116,0.0,100,0.0,0.0,0.0,0.0,0.0,0,0,0,0,0.0,0,0,0,0,0,0,0,0,0,0,0,0,0,0,0,0,0,0,0,0,0,0,0,0,0,0,0,0,0,0,0,0,0,31,40,40,71,65476,0,300,0,0,8,21553,0.0,-107605600.0,0.0,0.0,0.0,0.0,0.0,0.0,0.0,0.0,0.0,0.0,0.0,0.0,0.0,0.0,0.0,0.0,0.0,0.0,0.0,0.0,-2.004,-2.004,-0.0,2.004,0.0,0.0,0.0,0.0,4542.0,564144826744832.0,6923.0,0.0,-107615352.0,2.7184264179883896e+23,-107615304.0,0.0,0.0,0.0,0.0,69,-0.0,0.0,0.0,0.0,0.0,0.0,0.0,0.0,0.0,0,0,0,0.0,0.0,0.0,0.0,0.0,0.0,0.0,0.0,0.0,0.0,0.0,0.0,0.0,0.0,0.0,0.0,0,-107875648.0,69,0.0,138,0.0,0.0,0,0,17085,52429,17097,39322,17077,0,0,0,70,68,100,0.0,82.1,0.0,77.6,0.0,78.5,1,49,50,180,13107,26215,0,0,0.0,0.0,0.0,0.0,-0.0,67.0,0.0,162057.094,0.0,966,0,987,0,0,0,945,0,1009,0,908,0,787,0,776,0,821,0,7520,0.032,1.2033618204333965e+19,0.0,0.0,784,16797,-0.0,162057.094,-114818.039,-0.0,0.133,6.909358625270745e+28,30.0,70.0,35,0.0,0.0,0.0,0.0,0.0,0.0,0.0,0.0,0.0,0.0,0.0,0.0,0.0,0.0,0.0,0.0,66.4,0,150,71,51,65476,0,300,0,0,8,20529,65476,0,0,44564,70.0,0.0,0.0,0.0,0.0,0.0
2026-09-10T21:56:26,ERR,ERR,ERR,ERR,ERR,ERR,ERR,ERR,ERR,ERR,ERR,ERR,ERR,ERR,ERR,ERR,ERR,ERR,ERR,ERR,ERR,ERR,ERR,ERR,ERR,ERR,ERR,ERR,ERR,ERR,ERR,ERR,ERR,ERR,ERR,ERR,ERR,ERR,ERR,ERR,ERR,ERR,ERR,ERR,ERR,ERR,ERR,ERR,ERR,ERR,ERR,ERR,ERR,ERR,ERR,ERR,ERR,ERR,ERR,ERR,ERR,ERR,ERR,ERR,ERR,ERR,ERR,ERR,ERR,ERR,ERR,ERR,ERR,ERR,ERR,ERR,ERR,ERR,ERR,ERR,ERR,ERR,ERR,ERR,ERR,ERR,ERR,ERR,ERR,ERR,ERR,ERR,ERR,ERR,ERR,ERR,ERR,ERR,ERR,ERR,ERR,ERR,ERR,ERR,ERR,ERR,ERR,ERR,ERR,ERR,ERR,ERR,ERR,ERR,ERR,ERR,ERR,ERR,ERR,ERR,ERR,ERR,ERR,ERR,ERR,0.0,-107615352.0,-0.0,0.0,0.0,1.3936040501711995e+18,7.805,0.0,0,0,4,0,7116,0.0,100,0.0,0.0,0.0,0.0,0.0,0,0,0,0,0.0,0,0,0,0,0,0,0,0,0,0,0,0,0,0,0,0,0,0,0,0,0,0,0,0,0,0,0,0,0,0,0,0,0,31,40,40,71,65476,0,300,0,0,8,21553,0.0,-107605600.0,0.0,0.0,0.0,0.0,0.0,0.0,0.0,0.0,0.0,0.0,0.0,0.0,0.0,0.0,0.0,0.0,0.0,0.0,0.0,0.0,-2.004,-2.004,-0.0,2.004,0.0,0.0,0.0,0.0,4542.0,564144826744832.0,6923.0,0.0,-107615352.0,2.7184264179883896e+23,-107615304.0,0.0,0.0,0.0,0.0,69,-0.0,0.0,0.0,0.0,0.0,0.0,0.0,0.0,0.0,0,0,0,0.0,0.0,0.0,0.0,0.0,0.0,0.0,0.0,0.0,0.0,0.0,0.0,0.0,0.0,0.0,0.0,0,-107875648.0,69,0.0,138,0.0,0.0,0,0,17085,52429,17097,39322,17077,0,0,0,70,68,100,0.0,82.1,0.0,77.6,0.0,78.5,1,49,50,180,13107,26215,0,0,0.0,0.0,0.0,0.0,-0.0,67.0,0.0,162057.094,0.0,966,0,987,0,0,0,945,0,1009,0,908,0,787,0,776,0,821,0,7520,0.032,1.2033618204333965e+19,0.0,0.0,784,16797,-0.0,162057.094,-114818.039,-0.0,0.133,6.909358625270745e+28,30.0,70.0,35,0.0,0.0,0.0,0.0,0.0,0.0,0.0,0.0,0.0,0.0,0.0,0.0,0.0,0.0,0.0,0.0,66.4,0,150,71,51,65476,0,300,0,0,8,20529,65476,0,0,44564,70.0,0.0,0.0,0.0,0.0,0.0
2026-09-10T21:56:27,ERR,ERR,ERR,ERR,ERR,ERR,ERR,ERR,ERR,ERR,ERR,ERR,ERR,ERR,ERR,ERR,ERR,ERR,ERR,ERR,ERR,ERR,ERR,ERR,ERR,ERR,ERR,ERR,ERR,ERR,ERR,ERR,ERR,ERR,ERR,ERR,ERR,ERR,ERR,ERR,ERR,ERR,ERR,ERR,ERR,ERR,ERR,ERR,ERR,ERR,ERR,ERR,ERR,ERR,ERR,ERR,ERR,ERR,ERR,ERR,ERR,ERR,ERR,ERR,ERR,ERR,ERR,ERR,ERR,ERR,ERR,ERR,ERR,ERR,ERR,ERR,ERR,ERR,ERR,ERR,ERR,ERR,ERR,ERR,ERR,ERR,ERR,ERR,ERR,ERR,ERR,ERR,ERR,ERR,ERR,ERR,ERR,ERR,ERR,ERR,ERR,ERR,ERR,ERR,ERR,ERR,ERR,ERR,ERR,ERR,ERR,ERR,ERR,ERR,ERR,ERR,ERR,ERR,ERR,ERR,ERR,ERR,ERR,ERR,ERR,0.0,-107615352.0,0.0,0.0,0.0,1.3936040501711995e+18,7.805,0.0,0,0,4,0,7116,0.0,100,0.0,0.0,0.0,0.0,0.0,0,0,0,0,0.0,0,0,0,0,0,0,0,0,0,0,0,0,0,0,0,0,0,0,0,0,0,0,0,0,0,0,0,0,0,0,0,0,0,31,40,40,71,65476,0,300,0,0,8,21553,0.0,-107605600.0,0.0,0.0,0.0,0.0,0.0,0.0,0.0,0.0,0.0,0.0,0.0,0.0,0.0,0.0,0.0,0.0,0.0,0.0,0.0,0.0,2.004,-2.004,-0.0,2.004,0.0,0.0,0.0,0.0,4518.0,1.5879265196943865e+29,6924.0,0.0,-107615352.0,2.7184264179883896e+23,-107615304.0,0.0,0.0,0.0,0.0,69,-0.0,-4.95039378082316e+32,0.0,0.0,0.0,0.0,0.0,0.0,0.0,0,0,0,0.0,0.0,0.0,0.0,0.0,0.0,0.0,0.0,0.0,0.0,0.0,0.0,0.0,0.0,0.0,0.0,0,-107875648.0,69,0.0,138,0.0,0.0,0,0,17085,52429,17097,39322,17077,0,0,0,70,68,100,0.0,82.1,0.0,77.6,0.0,78.5,1,49,50,180,13107,26215,0,0,0.0,0.0,0.0,0.0,-0.0,67.0,0.0,162057.094,0.0,966,0,987,0,0,0,945,0,1009,0,908,0,787,0,776,0,821,0,7520,0.032,1.2033618204333965e+19,0.0,0.0,784,16797,-0.0,162057.094,-114818.039,-0.0,0.133,6.909358625270745e+28,30.0,70.0,35,0.0,0.0,0.0,0.0,0.0,0.0,0.0,0.0,0.0,0.0,0.0,0.0,0.0,0.0,0.0,0.0,66.4,0,150,71,51,65476,0,300,0,0,8,20529,65476,0,0,44564,70.0,0.0,0.0,0.0,0.0,0.0
2026-09-10T21:56:28,ERR,ERR,ERR,ERR,ERR,ERR,ERR,ERR,ERR,ERR,ERR,ERR,ERR,ERR,ERR,ERR,ERR,ERR,ERR,ERR,ERR,ERR,ERR,ERR,ERR,ERR,ERR,ERR,ERR,ERR,ERR,ERR,ERR,ERR,ERR,ERR,ERR,ERR,ERR,ERR,ERR,ERR,ERR,ERR,ERR,ERR,ERR,ERR,ERR,ERR,ERR,ERR,ERR,ERR,ERR,ERR,ERR,ERR,ERR,ERR,ERR,ERR,ERR,ERR,ERR,ERR,ERR,ERR,ERR,ERR,ERR,ERR,ERR,ERR,ERR,ERR,ERR,ERR,ERR,ERR,ERR,ERR,ERR,ERR,ERR,ERR,ERR,ERR,ERR,ERR,ERR,ERR,ERR,ERR,ERR,ERR,ERR,ERR,ERR,ERR,ERR,ERR,ERR,ERR,ERR,ERR,ERR,ERR,ERR,ERR,ERR,ERR,ERR,ERR,ERR,ERR,ERR,ERR,ERR,ERR,ERR,ERR,ERR,ERR,ERR,0.0,-107615352.0,0.0,0.0,0.0,1.3936040501711995e+18,7.805,0.0,0,0,4,0,7116,0.0,100,0.0,0.0,0.0,0.0,0.0,0,0,0,0,0.0,0,0,0,0,0,0,0,0,0,0,0,0,0,0,0,0,0,0,0,0,0,0,0,0,0,0,0,0,0,0,0,0,0,31,40,40,71,65476,0,300,0,0,8,21553,0.0,-107605600.0,0.0,0.0,0.0,0.0,0.0,0.0,0.0,0.0,0.0,0.0,0.0,0.0,0.0,0.0,0.0,0.0,0.0,0.0,0.0,0.0,2.004,-2.004,-0.0,2.004,0.0,0.0,0.0,0.0,4518.0,1.5879265196943865e+29,6924.0,0.0,-107615352.0,2.7184264179883896e+23,-107615304.0,0.0,0.0,0.0,0.0,69,-0.0,-4.95039378082316e+32,0.0,0.0,0.0,0.0,0.0,0.0,0.0,0,0,0,0.0,0.0,0.0,0.0,0.0,0.0,0.0,0.0,0.0,0.0,0.0,0.0,0.0,0.0,0.0,0.0,0,-107875648.0,69,0.0,138,0.0,0.0,0,0,17085,52429,17097,39322,17077,0,0,0,70,68,100,0.0,82.1,0.0,77.6,0.0,78.5,1,49,50,180,13107,26215,0,0,0.0,0.0,0.0,0.0,-0.0,67.0,0.0,162057.094,0.0,966,0,987,0,0,0,945,0,1009,0,908,0,787,0,776,0,821,0,7520,0.032,1.2033618204333965e+19,0.0,0.0,784,16797,-0.0,162057.094,-114818.039,-0.0,0.133,6.909358625270745e+28,30.0,70.0,35,0.0,0.0,0.0,0.0,0.0,0.0,0.0,0.0,0.0,0.0,0.0,0.0,0.0,0.0,0.0,0.0,66.8,0,150,71,51,65476,0,300,0,0,8,20529,65476,0,0,44564,70.0,0.0,0.0,0.0,0.0,0.0
2026-09-10T21:56:29,ERR,ERR,ERR,ERR,ERR,ERR,ERR,ERR,ERR,ERR,ERR,ERR,ERR,ERR,ERR,ERR,ERR,ERR,ERR,ERR,ERR,ERR,ERR,ERR,ERR,ERR,ERR,ERR,ERR,ERR,ERR,ERR,ERR,ERR,ERR,ERR,ERR,ERR,ERR,ERR,ERR,ERR,ERR,ERR,ERR,ERR,ERR,ERR,ERR,ERR,ERR,ERR,ERR,ERR,ERR,ERR,ERR,ERR,ERR,ERR,ERR,ERR,ERR,ERR,ERR,ERR,ERR,ERR,ERR,ERR,ERR,ERR,ERR,ERR,ERR,ERR,ERR,ERR,ERR,ERR,ERR,ERR,ERR,ERR,ERR,ERR,ERR,ERR,ERR,ERR,ERR,ERR,ERR,ERR,ERR,ERR,ERR,ERR,ERR,ERR,ERR,ERR,ERR,ERR,ERR,ERR,ERR,ERR,ERR,ERR,ERR,ERR,ERR,ERR,ERR,ERR,ERR,ERR,ERR,ERR,ERR,ERR,ERR,ERR,ERR,0.0,-107615352.0,0.0,0.0,0.0,1.3936040501711995e+18,7.805,0.0,0,0,4,0,7116,0.0,100,0.0,0.0,0.0,0.0,0.0,0,0,0,0,0.0,0,0,0,0,0,0,0,0,0,0,0,0,0,0,0,0,0,0,0,0,0,0,0,0,0,0,0,0,0,0,0,0,0,31,40,40,71,65476,0,300,0,0,8,21553,0.0,-107605600.0,0.0,0.0,0.0,0.0,0.0,0.0,0.0,0.0,0.0,0.0,0.0,0.0,0.0,0.0,0.0,0.0,0.0,0.0,0.0,0.0,2.004,-2.004,-0.0,2.004,0.0,0.0,0.0,0.0,4518.0,1.5879265196943865e+29,6924.0,0.0,-107615352.0,2.7184264179883896e+23,-107615304.0,0.0,0.0,0.0,0.0,69,-0.0,-4.95039378082316e+32,0.0,0.0,0.0,0.0,0.0,0.0,0.0,0,0,0,0.0,0.0,0.0,0.0,0.0,0.0,0.0,0.0,0.0,0.0,0.0,0.0,0.0,0.0,0.0,0.0,0,-107875648.0,69,0.0,138,0.0,0.0,0,0,17085,52429,17097,52429,17077,0,0,0,70,68,100,0.0,82.1,0.0,77.6,0.0,78.5,1,49,50,180,13107,26215,0,0,0.0,0.0,0.0,0.0,-0.0,67.0,0.0,162057.094,0.0,966,0,987,0,0,0,945,0,1009,0,908,0,786,0,776,0,821,0,7520,0.032,1.1961560610296037e+19,0.0,0.0,784,16797,-0.0,162057.094,-114818.039,-0.0,0.133,6.909358625270745e+28,30.0,70.0,35,0.0,0.0,0.0,0.0,0.0,0.0,0.0,0.0,0.0,0.0,0.0,0.0,0.0,0.0,0.0,0.0,66.8,0,150,71,51,65476,0,300,0,0,8,20529,65476,0,0,44564,70.0,0.0,0.0,0.0,0.0,0.0
2026-09-10T21:56:30,ERR,ERR,ERR,ERR,ERR,ERR,ERR,ERR,ERR,ERR,ERR,ERR,ERR,ERR,ERR,ERR,ERR,ERR,ERR,ERR,ERR,ERR,ERR,ERR,ERR,ERR,ERR,ERR,ERR,ERR,ERR,ERR,ERR,ERR,ERR,ERR,ERR,ERR,ERR,ERR,ERR,ERR,ERR,ERR,ERR,ERR,ERR,ERR,ERR,ERR,ERR,ERR,ERR,ERR,ERR,ERR,ERR,ERR,ERR,ERR,ERR,ERR,ERR,ERR,ERR,ERR,ERR,ERR,ERR,ERR,ERR,ERR,ERR,ERR,ERR,ERR,ERR,ERR,ERR,ERR,ERR,ERR,ERR,ERR,ERR,ERR,ERR,ERR,ERR,ERR,ERR,ERR,ERR,ERR,ERR,ERR,ERR,ERR,ERR,ERR,ERR,ERR,ERR,ERR,ERR,ERR,ERR,ERR,ERR,ERR,ERR,ERR,ERR,ERR,ERR,ERR,ERR,ERR,ERR,ERR,ERR,ERR,ERR,ERR,ERR,0.0,-107615352.0,0.0,0.0,0.0,1.3936040501711995e+18,7.805,0.0,0,0,4,0,7116,0.0,100,0.0,0.0,0.0,0.0,0.0,0,0,0,0,0.0,0,0,0,0,0,0,0,0,0,0,0,0,0,0,0,0,0,0,0,0,0,0,0,0,0,0,0,0,0,0,0,0,0,31,40,40,71,65476,0,300,0,0,8,21553,0.0,-107605600.0,0.0,0.0,0.0,0.0,0.0,0.0,0.0,0.0,0.0,0.0,0.0,0.0,0.0,0.0,0.0,0.0,0.0,0.0,0.0,0.0,2.004,-2.004,-0.0,2.004,0.0,0.0,0.0,0.0,4518.0,1.5879265196943865e+29,6924.0,0.0,-107615352.0,2.7184264179883896e+23,-107615304.0,0.0,0.0,0.0,0.0,69,-0.0,-4.95039378082316e+32,0.0,0.0,0.0,0.0,0.0,0.0,0.0,0,0,0,0.0,0.0,0.0,0.0,0.0,0.0,0.0,0.0,0.0,0.0,0.0,0.0,0.0,0.0,0.0,0.0,0,-107875648.0,69,0.0,138,0.0,0.0,0,0,17085,52429,17097,52429,17077,0,0,0,70,68,100,0.0,82.1,0.0,77.6,0.0,78.5,1,49,50,180,13107,26215,0,0,0.0,0.0,0.0,0.0,-0.0,67.0,0.0,162057.094,0.0,966,0,987,0,0,0,945,0,1009,0,908,0,786,0,776,0,821,0,7520,0.032,1.1961560610296037e+19,0.0,0.0,784,16797,-0.0,162057.094,-114818.039,-0.0,0.133,6.909358625270745e+28,30.0,70.0,35,0.0,0.0,0.0,0.0,0.0,0.0,0.0,0.0,0.0,0.0,0.0,0.0,0.0,0.0,0.0,0.0,66.8,0,150,71,51,65476,0,300,0,0,8,20529,65476,0,0,44564,70.0,0.0,0.0,0.0,0.0,0.0
2026-09-10T21:56:31,ERR,ERR,ERR,ERR,ERR,ERR,ERR,ERR,ERR,ERR,ERR,ERR,ERR,ERR,ERR,ERR,ERR,ERR,ERR,ERR,ERR,ERR,ERR,ERR,ERR,ERR,ERR,ERR,ERR,ERR,ERR,ERR,ERR,ERR,ERR,ERR,ERR,ERR,ERR,ERR,ERR,ERR,ERR,ERR,ERR,ERR,ERR,ERR,ERR,ERR,ERR,ERR,ERR,ERR,ERR,ERR,ERR,ERR,ERR,ERR,ERR,ERR,ERR,ERR,ERR,ERR,ERR,ERR,ERR,ERR,ERR,ERR,ERR,ERR,ERR,ERR,ERR,ERR,ERR,ERR,ERR,ERR,ERR,ERR,ERR,ERR,ERR,ERR,ERR,ERR,ERR,ERR,ERR,ERR,ERR,ERR,ERR,ERR,ERR,ERR,ERR,ERR,ERR,ERR,ERR,ERR,ERR,ERR,ERR,ERR,ERR,ERR,ERR,ERR,ERR,ERR,ERR,ERR,ERR,ERR,ERR,ERR,ERR,ERR,ERR,0.0,-107615352.0,0.0,0.0,0.0,1.3936040501711995e+18,7.805,0.0,0,0,4,0,7116,0.0,100,0.0,0.0,0.0,0.0,0.0,0,0,0,0,0.0,0,0,0,0,0,0,0,0,0,0,0,0,0,0,0,0,0,0,0,0,0,0,0,0,0,0,0,0,0,0,0,0,0,31,40,40,71,65476,0,300,0,0,8,21553,0.0,-107605600.0,0.0,0.0,0.0,0.0,0.0,0.0,0.0,0.0,0.0,0.0,0.0,0.0,0.0,0.0,0.0,0.0,0.0,0.0,0.0,0.0,2.004,-2.004,-0.0,2.004,0.0,0.0,0.0,0.0,4518.0,1.5879265196943865e+29,6924.0,0.0,-107615352.0,2.7184264179883896e+23,-107615304.0,0.0,0.0,0.0,0.0,69,-0.0,-4.95039378082316e+32,0.0,0.0,0.0,0.0,0.0,0.0,0.0,0,0,0,0.0,0.0,0.0,0.0,0.0,0.0,0.0,0.0,0.0,0.0,0.0,0.0,0.0,0.0,0.0,0.0,0,-107875648.0,69,0.0,138,0.0,0.0,0,0,17085,52429,17097,52429,17077,0,0,0,70,68,100,0.0,82.1,0.0,77.6,0.0,78.5,1,49,50,180,13107,26215,0,0,0.0,0.0,0.0,0.0,-0.0,67.0,0.0,162057.094,0.0,966,0,987,0,0,0,945,0,1009,0,908,0,786,0,776,0,821,0,7520,0.032,1.1961560610296037e+19,0.0,0.0,784,16797,-0.0,162057.094,-114818.039,-0.0,0.133,6.909358625270745e+28,30.0,70.0,35,0.0,0.0,0.0,0.0,0.0,0.0,0.0,0.0,0.0,0.0,0.0,0.0,0.0,0.0,0.0,0.0,66.8,0,150,71,51,65476,0,300,0,0,8,20529,65476,0,0,44564,70.0,0.0,0.0,0.0,0.0,0.0
2026-09-10T21:56:32,ERR,ERR,ERR,ERR,ERR,ERR,ERR,ERR,ERR,ERR,ERR,ERR,ERR,ERR,ERR,ERR,ERR,ERR,ERR,ERR,ERR,ERR,ERR,ERR,ERR,ERR,ERR,ERR,ERR,ERR,ERR,ERR,ERR,ERR,ERR,ERR,ERR,ERR,ERR,ERR,ERR,ERR,ERR,ERR,ERR,ERR,ERR,ERR,ERR,ERR,ERR,ERR,ERR,ERR,ERR,ERR,ERR,ERR,ERR,ERR,ERR,ERR,ERR,ERR,ERR,ERR,ERR,ERR,ERR,ERR,ERR,ERR,ERR,ERR,ERR,ERR,ERR,ERR,ERR,ERR,ERR,ERR,ERR,ERR,ERR,ERR,ERR,ERR,ERR,ERR,ERR,ERR,ERR,ERR,ERR,ERR,ERR,ERR,ERR,ERR,ERR,ERR,ERR,ERR,ERR,ERR,ERR,ERR,ERR,ERR,ERR,ERR,ERR,ERR,ERR,ERR,ERR,ERR,ERR,ERR,ERR,ERR,ERR,ERR,ERR,0.0,-107615352.0,0.0,0.0,0.0,1.3936040501711995e+18,7.805,0.0,0,0,4,0,7116,0.0,100,0.0,0.0,0.0,0.0,0.0,0,0,0,0,0.0,0,0,0,0,0,0,0,0,0,0,0,0,0,0,0,0,0,0,0,0,0,0,0,0,0,0,0,0,0,0,0,0,0,31,40,40,71,65476,0,300,0,0,8,21553,0.0,-107605600.0,0.0,0.0,0.0,0.0,0.0,0.0,0.0,0.0,0.0,0.0,0.0,0.0,0.0,0.0,0.0,0.0,0.0,0.0,0.0,0.0,2.004,-2.004,-0.0,2.004,0.0,0.0,0.0,0.0,4518.0,1.5879265196943865e+29,6924.0,0.0,-107615352.0,2.7184264179883896e+23,-107615304.0,0.0,0.0,0.0,0.0,69,-0.0,-4.95039378082316e+32,0.0,0.0,0.0,0.0,0.0,0.0,0.0,0,0,0,0.0,0.0,0.0,0.0,0.0,0.0,0.0,0.0,0.0,0.0,0.0,0.0,0.0,0.0,0.0,0.0,0,-107875648.0,69,0.0,138,0.0,0.0,0,0,17085,52429,17097,52429,17077,0,0,0,70,68,100,0.0,82.1,0.0,77.6,0.0,78.5,1,49,50,180,13107,26215,0,0,0.0,0.0,0.0,0.0,-0.0,67.0,0.0,162057.094,0.0,966,0,987,0,0,0,945,0,1009,0,908,0,786,0,776,0,821,0,7520,0.032,1.1961560610296037e+19,0.0,0.0,784,16797,-0.0,162057.094,-114818.039,-0.0,0.133,6.909358625270745e+28,30.0,70.0,35,0.0,0.0,0.0,0.0,0.0,0.0,0.0,0.0,0.0,0.0,0.0,0.0,0.0,0.0,0.0,0.0,66.8,0,150,71,51,65476,0,300,0,0,8,20529,65476,0,0,44564,70.0,0.0,0.0,0.0,0.0,0.0
2026-09-10T21:56:33,ERR,ERR,ERR,ERR,ERR,ERR,ERR,ERR,ERR,ERR,ERR,ERR,ERR,ERR,ERR,ERR,ERR,ERR,ERR,ERR,ERR,ERR,ERR,ERR,ERR,ERR,ERR,ERR,ERR,ERR,ERR,ERR,ERR,ERR,ERR,ERR,ERR,ERR,ERR,ERR,ERR,ERR,ERR,ERR,ERR,ERR,ERR,ERR,ERR,ERR,ERR,ERR,ERR,ERR,ERR,ERR,ERR,ERR,ERR,ERR,ERR,ERR,ERR,ERR,ERR,ERR,ERR,ERR,ERR,ERR,ERR,ERR,ERR,ERR,ERR,ERR,ERR,ERR,ERR,ERR,ERR,ERR,ERR,ERR,ERR,ERR,ERR,ERR,ERR,ERR,ERR,ERR,ERR,ERR,ERR,ERR,ERR,ERR,ERR,ERR,ERR,ERR,ERR,ERR,ERR,ERR,ERR,ERR,ERR,ERR,ERR,ERR,ERR,ERR,ERR,ERR,ERR,ERR,ERR,ERR,ERR,ERR,ERR,ERR,ERR,0.0,-107615352.0,0.0,0.0,0.0,1.3936040501711995e+18,7.805,0.0,0,0,4,0,7116,0.0,100,0.0,0.0,0.0,0.0,0.0,0,0,0,0,0.0,0,0,0,0,0,0,0,0,0,0,0,0,0,0,0,0,0,0,0,0,0,0,0,0,0,0,0,0,0,0,0,0,0,31,40,40,71,65476,0,300,0,0,8,21553,0.0,-107605600.0,0.0,0.0,0.0,0.0,0.0,0.0,0.0,0.0,0.0,0.0,0.0,0.0,0.0,0.0,0.0,0.0,0.0,0.0,0.0,0.0,2.004,-2.004,-0.0,2.004,0.0,0.0,0.0,0.0,4518.0,1.5879265196943865e+29,6924.0,0.0,-107615352.0,2.7184264179883896e+23,-107615304.0,0.0,0.0,0.0,0.0,69,-0.0,-4.95039378082316e+32,0.0,0.0,0.0,0.0,0.0,0.0,0.0,0,0,0,0.0,0.0,0.0,0.0,0.0,0.0,0.0,0.0,0.0,0.0,0.0,0.0,0.0,0.0,0.0,0.0,0,-107875648.0,69,0.0,138,0.0,0.0,0,0,17085,52429,17097,52429,17077,0,0,0,70,68,100,0.0,82.1,0.0,77.6,0.0,78.5,1,49,50,180,13107,26215,0,0,0.0,0.0,0.0,0.0,-0.0,67.0,0.0,162057.094,0.0,966,0,987,0,0,0,945,0,1009,0,908,0,786,0,776,0,821,0,7520,0.032,1.1961560610296037e+19,0.0,0.0,784,16797,-0.0,162057.094,-114818.039,-0.0,0.133,6.909358625270745e+28,30.0,70.0,35,0.0,0.0,0.0,0.0,0.0,0.0,0.0,0.0,0.0,0.0,0.0,0.0,0.0,0.0,0.0,0.0,66.8,0,150,71,51,65476,0,300,0,0,8,20529,65476,0,0,44564,70.0,0.0,0.0,0.0,0.0,0.0
2026-09-10T21:56:34,ERR,ERR,ERR,ERR,ERR,ERR,ERR,ERR,ERR,ERR,ERR,ERR,ERR,ERR,ERR,ERR,ERR,ERR,ERR,ERR,ERR,ERR,ERR,ERR,ERR,ERR,ERR,ERR,ERR,ERR,ERR,ERR,ERR,ERR,ERR,ERR,ERR,ERR,ERR,ERR,ERR,ERR,ERR,ERR,ERR,ERR,ERR,ERR,ERR,ERR,ERR,ERR,ERR,ERR,ERR,ERR,ERR,ERR,ERR,ERR,ERR,ERR,ERR,ERR,ERR,ERR,ERR,ERR,ERR,ERR,ERR,ERR,ERR,ERR,ERR,ERR,ERR,ERR,ERR,ERR,ERR,ERR,ERR,ERR,ERR,ERR,ERR,ERR,ERR,ERR,ERR,ERR,ERR,ERR,ERR,ERR,ERR,ERR,ERR,ERR,ERR,ERR,ERR,ERR,ERR,ERR,ERR,ERR,ERR,ERR,ERR,ERR,ERR,ERR,ERR,ERR,ERR,ERR,ERR,ERR,ERR,ERR,ERR,ERR,ERR,0.0,-107615352.0,0.0,0.0,0.0,1.3936040501711995e+18,7.805,0.0,0,0,4,0,7116,0.0,100,0.0,0.0,0.0,0.0,0.0,0,0,0,0,0.0,0,0,0,0,0,0,0,0,0,0,0,0,0,0,0,0,0,0,0,0,0,0,0,0,0,0,0,0,0,0,0,0,0,31,40,40,71,65476,0,300,0,0,8,21553,0.0,-107605600.0,0.0,0.0,0.0,0.0,0.0,0.0,0.0,0.0,0.0,0.0,0.0,0.0,0.0,0.0,0.0,0.0,0.0,0.0,0.0,0.0,2.004,-2.004,-0.0,2.004,0.0,0.0,0.0,0.0,4518.0,1.5879265196943865e+29,6924.0,0.0,-107615352.0,2.7184264179883896e+23,-107615304.0,0.0,0.0,0.0,0.0,69,-0.0,-4.95039378082316e+32,0.0,0.0,0.0,0.0,0.0,0.0,0.0,0,0,0,0.0,0.0,0.0,0.0,0.0,0.0,0.0,0.0,0.0,0.0,0.0,0.0,0.0,0.0,0.0,0.0,0,-107875648.0,69,0.0,138,0.0,0.0,0,0,17085,52429,17097,52429,17077,0,0,0,70,68,100,0.0,82.1,0.0,77.6,0.0,78.5,1,49,50,180,13107,26215,0,0,0.0,0.0,0.0,0.0,-0.0,67.0,0.0,162057.094,0.0,966,0,987,0,0,0,945,0,1009,0,908,0,786,0,776,0,821,0,7520,0.032,1.1961560610296037e+19,0.0,0.0,784,16797,-0.0,162057.094,-114818.039,-0.0,0.133,6.909358625270745e+28,30.0,70.0,35,0.0,0.0,0.0,0.0,0.0,0.0,0.0,0.0,0.0,0.0,0.0,0.0,0.0,0.0,0.0,0.0,66.8,0,150,71,51,65476,0,300,0,0,8,20529,65476,0,0,44564,70.0,0.0,0.0,0.0,0.0,0.0
2026-09-10T21:56:35,ERR,ERR,ERR,ERR,ERR,ERR,ERR,ERR,ERR,ERR,ERR,ERR,ERR,ERR,ERR,ERR,ERR,ERR,ERR,ERR,ERR,ERR,ERR,ERR,ERR,ERR,ERR,ERR,ERR,ERR,ERR,ERR,ERR,ERR,ERR,ERR,ERR,ERR,ERR,ERR,ERR,ERR,ERR,ERR,ERR,ERR,ERR,ERR,ERR,ERR,ERR,ERR,ERR,ERR,ERR,ERR,ERR,ERR,ERR,ERR,ERR,ERR,ERR,ERR,ERR,ERR,ERR,ERR,ERR,ERR,ERR,ERR,ERR,ERR,ERR,ERR,ERR,ERR,ERR,ERR,ERR,ERR,ERR,ERR,ERR,ERR,ERR,ERR,ERR,ERR,ERR,ERR,ERR,ERR,ERR,ERR,ERR,ERR,ERR,ERR,ERR,ERR,ERR,ERR,ERR,ERR,ERR,ERR,ERR,ERR,ERR,ERR,ERR,ERR,ERR,ERR,ERR,ERR,ERR,ERR,ERR,ERR,ERR,ERR,ERR,0.0,-107615352.0,-0.0,0.0,0.0,1.3936040501711995e+18,7.805,0.0,0,0,4,0,7116,0.0,100,0.0,0.0,0.0,0.0,0.0,0,0,0,0,0.0,0,0,0,0,0,0,0,0,0,0,0,0,0,0,0,0,0,0,0,0,0,0,0,0,0,0,0,0,0,0,0,0,0,31,40,40,71,65476,0,300,0,0,8,21553,0.0,-107605600.0,0.0,0.0,0.0,0.0,0.0,0.0,0.0,0.0,0.0,0.0,0.0,0.0,0.0,0.0,0.0,0.0,0.0,0.0,0.0,0.0,0.0,-2.004,-0.0,2.004,0.0,0.0,0.0,0.0,4515.0,564144826744832.0,6923.0,0.0,0.0,2.7184264179883896e+23,0.0,0.0,0.0,0.0,0.0,69,-0.0,-3.221995388546138e+26,0.0,0.0,0.0,0.0,0.0,0.0,0.0,0,0,0,0.0,0.0,0.0,0.0,0.0,0.0,0.0,0.0,0.0,0.0,0.0,0.0,0.0,0.0,0.0,0.0,0,-107875648.0,69,0.0,138,0.0,0.0,0,0,17085,52429,17097,39322,17077,0,0,0,70,68,100,0.0,82.1,0.0,77.6,0.0,78.5,1,49,50,180,13107,26215,0,0,0.0,0.0,0.0,0.0,-0.0,67.0,0.0,162057.094,0.0,966,0,987,0,0,0,945,0,1009,0,908,0,787,0,776,0,821,0,7520,0.032,1.2033618204333965e+19,0.0,0.0,784,16797,-0.0,162057.094,-114818.039,-0.0,0.133,6.909358625270745e+28,30.0,70.0,35,0.0,0.0,0.0,0.0,0.0,0.0,0.0,0.0,0.0,0.0,0.0,0.0,0.0,0.0,0.0,0.0,66.8,0,150,71,51,65476,0,300,0,0,8,20529,65476,0,0,44564,70.0,0.0,0.0,0.0,0.0,0.0
2026-09-10T21:56:36,ERR,ERR,ERR,ERR,ERR,ERR,ERR,ERR,ERR,ERR,ERR,ERR,ERR,ERR,ERR,ERR,ERR,ERR,ERR,ERR,ERR,ERR,ERR,ERR,ERR,ERR,ERR,ERR,ERR,ERR,ERR,ERR,ERR,ERR,ERR,ERR,ERR,ERR,ERR,ERR,ERR,ERR,ERR,ERR,ERR,ERR,ERR,ERR,ERR,ERR,ERR,ERR,ERR,ERR,ERR,ERR,ERR,ERR,ERR,ERR,ERR,ERR,ERR,ERR,ERR,ERR,ERR,ERR,ERR,ERR,ERR,ERR,ERR,ERR,ERR,ERR,ERR,ERR,ERR,ERR,ERR,ERR,ERR,ERR,ERR,ERR,ERR,ERR,ERR,ERR,ERR,ERR,ERR,ERR,ERR,ERR,ERR,ERR,ERR,ERR,ERR,ERR,ERR,ERR,ERR,ERR,ERR,ERR,ERR,ERR,ERR,ERR,ERR,ERR,ERR,ERR,ERR,ERR,ERR,ERR,ERR,ERR,ERR,ERR,ERR,0.0,-107615352.0,-0.0,0.0,0.0,1.3936040501711995e+18,7.805,0.0,0,0,4,0,7116,0.0,100,0.0,0.0,0.0,0.0,0.0,0,0,0,0,0.0,0,0,0,0,0,0,0,0,0,0,0,0,0,0,0,0,0,0,0,0,0,0,0,0,0,0,0,0,0,0,0,0,0,31,40,40,71,65476,0,300,0,0,8,21553,0.0,-107605600.0,0.0,0.0,0.0,0.0,0.0,0.0,0.0,0.0,0.0,0.0,0.0,0.0,0.0,0.0,0.0,0.0,0.0,0.0,0.0,0.0,0.0,-2.004,-0.0,2.004,0.0,0.0,0.0,0.0,4515.0,564144826744832.0,6923.0,0.0,0.0,2.7184264179883896e+23,0.0,0.0,0.0,0.0,0.0,69,-0.0,-3.221995388546138e+26,0.0,0.0,0.0,0.0,0.0,0.0,0.0,0,0,0,0.0,0.0,0.0,0.0,0.0,0.0,0.0,0.0,0.0,0.0,0.0,0.0,0.0,0.0,0.0,0.0,0,-107875648.0,69,0.0,138,0.0,0.0,0,0,17085,52429,17097,39322,17077,0,0,0,70,68,100,0.0,82.1,0.0,77.6,0.0,78.5,1,49,50,180,13107,26215,0,0,0.0,0.0,0.0,0.0,-0.0,67.0,0.0,162057.094,0.0,966,0,987,0,0,0,945,0,1009,0,908,0,787,0,776,0,821,0,7520,0.032,1.2033618204333965e+19,0.0,0.0,784,16797,-0.0,162057.094,-114818.039,-0.0,0.133,6.909358625270745e+28,30.0,70.0,35,0.0,0.0,0.0,0.0,0.0,0.0,0.0,0.0,0.0,0.0,0.0,0.0,0.0,0.0,0.0,0.0,66.8,0,150,71,51,65476,0,300,0,0,8,20529,65476,0,0,44564,70.0,0.0,0.0,0.0,0.0,0.0
2026-09-10T21:56:37,ERR,ERR,ERR,ERR,ERR,ERR,ERR,ERR,ERR,ERR,ERR,ERR,ERR,ERR,ERR,ERR,ERR,ERR,ERR,ERR,ERR,ERR,ERR,ERR,ERR,ERR,ERR,ERR,ERR,ERR,ERR,ERR,ERR,ERR,ERR,ERR,ERR,ERR,ERR,ERR,ERR,ERR,ERR,ERR,ERR,ERR,ERR,ERR,ERR,ERR,ERR,ERR,ERR,ERR,ERR,ERR,ERR,ERR,ERR,ERR,ERR,ERR,ERR,ERR,ERR,ERR,ERR,ERR,ERR,ERR,ERR,ERR,ERR,ERR,ERR,ERR,ERR,ERR,ERR,ERR,ERR,ERR,ERR,ERR,ERR,ERR,ERR,ERR,ERR,ERR,ERR,ERR,ERR,ERR,ERR,ERR,ERR,ERR,ERR,ERR,ERR,ERR,ERR,ERR,ERR,ERR,ERR,ERR,ERR,ERR,ERR,ERR,ERR,ERR,ERR,ERR,ERR,ERR,ERR,ERR,ERR,ERR,ERR,ERR,ERR,0.0,-107615352.0,-0.0,0.0,0.0,1.3936040501711995e+18,7.805,0.0,0,0,4,0,7116,0.0,100,0.0,0.0,0.0,0.0,0.0,0,0,0,0,0.0,0,0,0,0,0,0,0,0,0,0,0,0,0,0,0,0,0,0,0,0,0,0,0,0,0,0,0,0,0,0,0,0,0,31,40,40,71,65476,0,300,0,0,8,21553,0.0,-107605600.0,0.0,0.0,0.0,0.0,0.0,0.0,0.0,0.0,0.0,0.0,0.0,0.0,0.0,0.0,0.0,0.0,0.0,0.0,0.0,0.0,0.0,-2.004,-0.0,2.004,0.0,0.0,0.0,0.0,4515.0,564144826744832.0,6923.0,0.0,0.0,2.7184264179883896e+23,0.0,0.0,0.0,0.0,0.0,69,-0.0,-3.221995388546138e+26,0.0,0.0,0.0,0.0,0.0,0.0,0.0,0,0,0,0.0,0.0,0.0,0.0,0.0,0.0,0.0,0.0,0.0,0.0,0.0,0.0,0.0,0.0,0.0,0.0,0,-107875648.0,69,0.0,138,0.0,0.0,0,0,17085,52429,17097,39322,17077,0,0,0,70,68,100,0.0,82.1,0.0,77.6,0.0,78.5,1,49,50,180,13107,26215,0,0,0.0,0.0,0.0,0.0,-0.0,67.0,0.0,162057.094,0.0,966,0,987,0,0,0,945,0,1009,0,908,0,787,0,776,0,821,0,7520,0.032,1.2033618204333965e+19,0.0,0.0,784,16797,-0.0,162057.094,-114818.039,-0.0,0.133,6.909358625270745e+28,30.0,70.0,35,0.0,0.0,0.0,0.0,0.0,0.0,0.0,0.0,0.0,0.0,0.0,0.0,0.0,0.0,0.0,0.0,66.4,0,150,71,51,65476,0,300,0,0,8,20529,65476,0,0,44564,70.0,0.0,0.0,0.0,0.0,0.0
2026-09-10T21:56:38,ERR,ERR,ERR,ERR,ERR,ERR,ERR,ERR,ERR,ERR,ERR,ERR,ERR,ERR,ERR,ERR,ERR,ERR,ERR,ERR,ERR,ERR,ERR,ERR,ERR,ERR,ERR,ERR,ERR,ERR,ERR,ERR,ERR,ERR,ERR,ERR,ERR,ERR,ERR,ERR,ERR,ERR,ERR,ERR,ERR,ERR,ERR,ERR,ERR,ERR,ERR,ERR,ERR,ERR,ERR,ERR,ERR,ERR,ERR,ERR,ERR,ERR,ERR,ERR,ERR,ERR,ERR,ERR,ERR,ERR,ERR,ERR,ERR,ERR,ERR,ERR,ERR,ERR,ERR,ERR,ERR,ERR,ERR,ERR,ERR,ERR,ERR,ERR,ERR,ERR,ERR,ERR,ERR,ERR,ERR,ERR,ERR,ERR,ERR,ERR,ERR,ERR,ERR,ERR,ERR,ERR,ERR,ERR,ERR,ERR,ERR,ERR,ERR,ERR,ERR,ERR,ERR,ERR,ERR,ERR,ERR,ERR,ERR,ERR,ERR,0.0,-107615352.0,-0.0,0.0,0.0,1.3936040501711995e+18,7.805,0.0,0,0,4,0,7116,0.0,100,0.0,0.0,0.0,0.0,0.0,0,0,0,0,0.0,0,0,0,0,0,0,0,0,0,0,0,0,0,0,0,0,0,0,0,0,0,0,0,0,0,0,0,0,0,0,0,0,0,31,40,40,71,65476,0,300,0,0,8,21553,0.0,-107605600.0,0.0,0.0,0.0,0.0,0.0,0.0,0.0,0.0,0.0,0.0,0.0,0.0,0.0,0.0,0.0,0.0,0.0,0.0,0.0,0.0,0.0,-2.004,-0.0,2.004,0.0,0.0,0.0,0.0,4515.0,564144826744832.0,6923.0,0.0,0.0,2.7184264179883896e+23,0.0,0.0,0.0,0.0,0.0,69,-0.0,-3.221995388546138e+26,0.0,0.0,0.0,0.0,0.0,0.0,0.0,0,0,0,0.0,0.0,0.0,0.0,0.0,0.0,0.0,0.0,0.0,0.0,0.0,0.0,0.0,0.0,0.0,0.0,0,-107875648.0,69,0.0,138,0.0,0.0,0,0,17085,52429,17097,39322,17077,0,0,0,70,68,100,0.0,82.1,0.0,77.6,0.0,78.5,1,49,50,180,13107,26215,0,0,0.0,0.0,0.0,0.0,-0.0,67.0,0.0,162057.094,0.0,966,0,987,0,0,0,945,0,1009,0,908,0,787,0,776,0,821,0,7520,0.032,1.2033618204333965e+19,0.0,0.0,784,16797,-0.0,162057.094,-114818.039,-0.0,0.133,6.909358625270745e+28,30.0,70.0,35,0.0,0.0,0.0,0.0,0.0,0.0,0.0,0.0,0.0,0.0,0.0,0.0,0.0,0.0,0.0,0.0,66.4,0,150,71,51,65476,0,300,0,0,8,20529,65476,0,0,44564,70.0,0.0,0.0,0.0,0.0,0.0
2026-09-10T21:56:39,ERR,ERR,ERR,ERR,ERR,ERR,ERR,ERR,ERR,ERR,ERR,ERR,ERR,ERR,ERR,ERR,ERR,ERR,ERR,ERR,ERR,ERR,ERR,ERR,ERR,ERR,ERR,ERR,ERR,ERR,ERR,ERR,ERR,ERR,ERR,ERR,ERR,ERR,ERR,ERR,ERR,ERR,ERR,ERR,ERR,ERR,ERR,ERR,ERR,ERR,ERR,ERR,ERR,ERR,ERR,ERR,ERR,ERR,ERR,ERR,ERR,ERR,ERR,ERR,ERR,ERR,ERR,ERR,ERR,ERR,ERR,ERR,ERR,ERR,ERR,ERR,ERR,ERR,ERR,ERR,ERR,ERR,ERR,ERR,ERR,ERR,ERR,ERR,ERR,ERR,ERR,ERR,ERR,ERR,ERR,ERR,ERR,ERR,ERR,ERR,ERR,ERR,ERR,ERR,ERR,ERR,ERR,ERR,ERR,ERR,ERR,ERR,ERR,ERR,ERR,ERR,ERR,ERR,ERR,ERR,ERR,ERR,ERR,ERR,ERR,0.0,-107615352.0,-0.0,0.0,0.0,1.3936040501711995e+18,7.805,0.0,0,0,4,0,7116,0.0,100,0.0,0.0,0.0,0.0,0.0,0,0,0,0,0.0,0,0,0,0,0,0,0,0,0,0,0,0,0,0,0,0,0,0,0,0,0,0,0,0,0,0,0,0,0,0,0,0,0,31,40,40,71,65476,0,300,0,0,8,21553,0.0,-107605600.0,0.0,0.0,0.0,0.0,0.0,0.0,0.0,0.0,0.0,0.0,0.0,0.0,0.0,0.0,0.0,0.0,0.0,0.0,0.0,0.0,0.0,-2.004,-0.0,2.004,0.0,0.0,0.0,0.0,4515.0,564144826744832.0,6923.0,0.0,0.0,2.7184264179883896e+23,0.0,0.0,0.0,0.0,0.0,69,-0.0,-3.221995388546138e+26,0.0,0.0,0.0,0.0,0.0,0.0,0.0,0,0,0,0.0,0.0,0.0,0.0,0.0,0.0,0.0,0.0,0.0,0.0,0.0,0.0,0.0,0.0,0.0,0.0,0,-107875648.0,69,0.0,138,0.0,0.0,0,0,17085,52429,17097,39322,17077,0,0,0,70,68,100,0.0,82.1,0.0,77.6,0.0,78.5,1,49,50,180,13107,26215,0,0,0.0,0.0,0.0,0.0,-0.0,67.0,0.0,162057.094,0.0,966,0,987,0,0,0,945,0,1009,0,908,0,787,0,776,0,821,0,7520,0.032,1.2033618204333965e+19,0.0,0.0,784,16797,-0.0,162057.094,-114818.039,-0.0,0.133,6.909358625270745e+28,30.0,70.0,35,0.0,0.0,0.0,0.0,0.0,0.0,0.0,0.0,0.0,0.0,0.0,0.0,0.0,0.0,0.0,0.0,66.4,0,150,71,51,65476,0,300,0,0,8,20529,65476,0,0,44564,70.0,0.0,0.0,0.0,0.0,0.0
2026-09-10T21:56:40,ERR,ERR,ERR,ERR,ERR,ERR,ERR,ERR,ERR,ERR,ERR,ERR,ERR,ERR,ERR,ERR,ERR,ERR,ERR,ERR,ERR,ERR,ERR,ERR,ERR,ERR,ERR,ERR,ERR,ERR,ERR,ERR,ERR,ERR,ERR,ERR,ERR,ERR,ERR,ERR,ERR,ERR,ERR,ERR,ERR,ERR,ERR,ERR,ERR,ERR,ERR,ERR,ERR,ERR,ERR,ERR,ERR,ERR,ERR,ERR,ERR,ERR,ERR,ERR,ERR,ERR,ERR,ERR,ERR,ERR,ERR,ERR,ERR,ERR,ERR,ERR,ERR,ERR,ERR,ERR,ERR,ERR,ERR,ERR,ERR,ERR,ERR,ERR,ERR,ERR,ERR,ERR,ERR,ERR,ERR,ERR,ERR,ERR,ERR,ERR,ERR,ERR,ERR,ERR,ERR,ERR,ERR,ERR,ERR,ERR,ERR,ERR,ERR,ERR,ERR,ERR,ERR,ERR,ERR,ERR,ERR,ERR,ERR,ERR,ERR,0.0,-107615352.0,-0.0,0.0,0.0,1.3936040501711995e+18,7.805,0.0,0,0,4,0,7116,0.0,100,0.0,0.0,0.0,0.0,0.0,0,0,0,0,0.0,0,0,0,0,0,0,0,0,0,0,0,0,0,0,0,0,0,0,0,0,0,0,0,0,0,0,0,0,0,0,0,0,0,31,40,40,71,65476,0,300,0,0,8,21553,0.0,-107605600.0,0.0,0.0,0.0,0.0,0.0,0.0,0.0,0.0,0.0,0.0,0.0,0.0,0.0,0.0,0.0,0.0,0.0,0.0,0.0,0.0,0.0,-2.004,-0.0,2.004,0.0,0.0,0.0,0.0,4515.0,564144826744832.0,6923.0,0.0,0.0,2.7184264179883896e+23,0.0,0.0,0.0,0.0,0.0,69,-0.0,-3.221995388546138e+26,0.0,0.0,0.0,0.0,0.0,0.0,0.0,0,0,0,0.0,0.0,0.0,0.0,0.0,0.0,0.0,0.0,0.0,0.0,0.0,0.0,0.0,0.0,0.0,0.0,0,-107875648.0,69,0.0,138,0.0,0.0,0,0,17085,52429,17097,39322,17077,0,0,0,70,68,100,0.0,82.1,0.0,77.6,0.0,78.5,1,49,50,180,0,26215,0,0,0.0,0.0,0.0,0.0,-0.0,67.0,0.0,162057.094,0.0,965,0,987,0,0,0,945,0,1009,0,907,0,786,0,776,0,821,0,7520,0.032,1.1961560610296037e+19,0.0,0.0,784,16797,-0.0,162057.094,-114818.039,-0.0,0.133,6.909358625270745e+28,30.0,70.0,35,0.0,0.0,0.0,0.0,0.0,0.0,0.0,0.0,0.0,0.0,0.0,0.0,0.0,0.0,0.0,0.0,66.4,0,150,71,51,65476,0,300,0,0,8,20529,65476,0,0,44564,70.0,0.0,0.0,0.0,0.0,0.0
2026-09-10T21:56:41,ERR,ERR,ERR,ERR,ERR,ERR,ERR,ERR,ERR,ERR,ERR,ERR,ERR,ERR,ERR,ERR,ERR,ERR,ERR,ERR,ERR,ERR,ERR,ERR,ERR,ERR,ERR,ERR,ERR,ERR,ERR,ERR,ERR,ERR,ERR,ERR,ERR,ERR,ERR,ERR,ERR,ERR,ERR,ERR,ERR,ERR,ERR,ERR,ERR,ERR,ERR,ERR,ERR,ERR,ERR,ERR,ERR,ERR,ERR,ERR,ERR,ERR,ERR,ERR,ERR,ERR,ERR,ERR,ERR,ERR,ERR,ERR,ERR,ERR,ERR,ERR,ERR,ERR,ERR,ERR,ERR,ERR,ERR,ERR,ERR,ERR,ERR,ERR,ERR,ERR,ERR,ERR,ERR,ERR,ERR,ERR,ERR,ERR,ERR,ERR,ERR,ERR,ERR,ERR,ERR,ERR,ERR,ERR,ERR,ERR,ERR,ERR,ERR,ERR,ERR,ERR,ERR,ERR,ERR,ERR,ERR,ERR,ERR,ERR,ERR,0.0,-107615352.0,-0.0,0.0,0.0,1.3936040501711995e+18,7.805,0.0,0,0,4,0,7116,0.0,100,0.0,0.0,0.0,0.0,0.0,0,0,0,0,0.0,0,0,0,0,0,0,0,0,0,0,0,0,0,0,0,0,0,0,0,0,0,0,0,0,0,0,0,0,0,0,0,0,0,31,40,40,71,65476,0,300,0,0,8,21553,0.0,-107605600.0,0.0,0.0,0.0,0.0,0.0,0.0,0.0,0.0,0.0,0.0,0.0,0.0,0.0,0.0,0.0,0.0,0.0,0.0,0.0,0.0,0.0,-2.004,-0.0,2.004,0.0,0.0,0.0,0.0,4515.0,564144826744832.0,6923.0,0.0,0.0,2.7184264179883896e+23,0.0,0.0,0.0,0.0,0.0,69,-0.0,-3.221995388546138e+26,0.0,0.0,0.0,0.0,0.0,0.0,0.0,0,0,0,0.0,0.0,0.0,0.0,0.0,0.0,0.0,0.0,0.0,0.0,0.0,0.0,0.0,0.0,0.0,0.0,0,-107875648.0,69,0.0,138,0.0,0.0,0,0,17085,52429,17097,39322,17077,0,0,0,70,68,100,0.0,82.1,0.0,77.6,0.0,78.5,1,49,50,180,0,26215,0,0,0.0,0.0,0.0,0.0,-0.0,67.0,0.0,162057.094,0.0,965,0,987,0,0,0,945,0,1009,0,907,0,786,0,776,0,821,0,7520,0.032,1.1961560610296037e+19,0.0,0.0,784,16797,-0.0,162057.094,-114818.039,-0.0,0.133,6.909358625270745e+28,30.0,70.0,35,0.0,0.0,0.0,0.0,0.0,0.0,0.0,0.0,0.0,0.0,0.0,0.0,0.0,0.0,0.0,0.0,66.4,0,150,71,51,65476,0,300,0,0,8,20529,65476,0,0,44564,70.0,0.0,0.0,0.0,0.0,0.0
2026-09-10T21:56:42,ERR,ERR,ERR,ERR,ERR,ERR,ERR,ERR,ERR,ERR,ERR,ERR,ERR,ERR,ERR,ERR,ERR,ERR,ERR,ERR,ERR,ERR,ERR,ERR,ERR,ERR,ERR,ERR,ERR,ERR,ERR,ERR,ERR,ERR,ERR,ERR,ERR,ERR,ERR,ERR,ERR,ERR,ERR,ERR,ERR,ERR,ERR,ERR,ERR,ERR,ERR,ERR,ERR,ERR,ERR,ERR,ERR,ERR,ERR,ERR,ERR,ERR,ERR,ERR,ERR,ERR,ERR,ERR,ERR,ERR,ERR,ERR,ERR,ERR,ERR,ERR,ERR,ERR,ERR,ERR,ERR,ERR,ERR,ERR,ERR,ERR,ERR,ERR,ERR,ERR,ERR,ERR,ERR,ERR,ERR,ERR,ERR,ERR,ERR,ERR,ERR,ERR,ERR,ERR,ERR,ERR,ERR,ERR,ERR,ERR,ERR,ERR,ERR,ERR,ERR,ERR,ERR,ERR,ERR,ERR,ERR,ERR,ERR,ERR,ERR,0.0,-107615352.0,-0.0,0.0,0.0,1.3936040501711995e+18,7.805,0.0,0,0,4,0,7116,0.0,100,0.0,0.0,0.0,0.0,0.0,0,0,0,0,0.0,0,0,0,0,0,0,0,0,0,0,0,0,0,0,0,0,0,0,0,0,0,0,0,0,0,0,0,0,0,0,0,0,0,31,40,40,71,65476,0,300,0,0,8,21553,0.0,-107605600.0,0.0,0.0,0.0,0.0,0.0,0.0,0.0,0.0,0.0,0.0,0.0,0.0,0.0,0.0,0.0,0.0,0.0,0.0,0.0,0.0,0.0,-2.004,-0.0,-0.0,0.0,0.0,0.0,0.0,4539.0,564144826744832.0,6922.0,0.0,0.0,2.7184264179883896e+23,0.0,0.0,0.0,0.0,0.0,69,4.0668816144241325e+29,-2.3088245329045016e+20,0.0,0.0,0.0,0.0,0.0,0.0,0.0,0,0,0,0.0,0.0,0.0,0.0,0.0,0.0,0.0,0.0,0.0,0.0,0.0,0.0,0.0,0.0,0.0,0.0,0,-107875648.0,69,0.0,138,0.0,0.0,0,0,17085,52429,17097,39322,17077,0,0,0,70,68,100,0.0,82.1,0.0,77.6,0.0,78.5,1,49,50,180,0,26215,0,0,0.0,0.0,0.0,0.0,-0.0,67.0,0.0,162057.094,0.0,965,0,987,0,0,0,945,0,1009,0,907,0,786,0,776,0,821,0,7520,0.032,1.1961560610296037e+19,0.0,0.0,784,16797,-0.0,162057.094,-114818.039,-0.0,0.133,6.909358625270745e+28,30.0,70.0,35,0.0,0.0,0.0,0.0,0.0,0.0,0.0,0.0,0.0,0.0,0.0,0.0,0.0,0.0,0.0,0.0,66.4,0,150,71,51,65476,0,300,0,0,8,20529,65476,0,0,44564,70.0,0.0,0.0,0.0,0.0,0.0
2026-09-10T21:56:43,ERR,ERR,ERR,ERR,ERR,ERR,ERR,ERR,ERR,ERR,ERR,ERR,ERR,ERR,ERR,ERR,ERR,ERR,ERR,ERR,ERR,ERR,ERR,ERR,ERR,ERR,ERR,ERR,ERR,ERR,ERR,ERR,ERR,ERR,ERR,ERR,ERR,ERR,ERR,ERR,ERR,ERR,ERR,ERR,ERR,ERR,ERR,ERR,ERR,ERR,ERR,ERR,ERR,ERR,ERR,ERR,ERR,ERR,ERR,ERR,ERR,ERR,ERR,ERR,ERR,ERR,ERR,ERR,ERR,ERR,ERR,ERR,ERR,ERR,ERR,ERR,ERR,ERR,ERR,ERR,ERR,ERR,ERR,ERR,ERR,ERR,ERR,ERR,ERR,ERR,ERR,ERR,ERR,ERR,ERR,ERR,ERR,ERR,ERR,ERR,ERR,ERR,ERR,ERR,ERR,ERR,ERR,ERR,ERR,ERR,ERR,ERR,ERR,ERR,ERR,ERR,ERR,ERR,ERR,ERR,ERR,ERR,ERR,ERR,ERR,0.0,-107615352.0,-0.0,0.0,0.0,1.3936040501711995e+18,7.805,0.0,0,0,4,0,7116,0.0,100,0.0,0.0,0.0,0.0,0.0,0,0,0,0,0.0,0,0,0,0,0,0,0,0,0,0,0,0,0,0,0,0,0,0,0,0,0,0,0,0,0,0,0,0,0,0,0,0,0,31,40,40,71,65476,0,300,0,0,8,21553,0.0,-107605600.0,0.0,0.0,0.0,0.0,0.0,0.0,0.0,0.0,0.0,0.0,0.0,0.0,0.0,0.0,0.0,0.0,0.0,0.0,0.0,0.0,0.0,-2.004,-0.0,-0.0,0.0,0.0,0.0,0.0,4539.0,564144826744832.0,6922.0,0.0,0.0,2.7184264179883896e+23,0.0,0.0,0.0,0.0,0.0,69,4.0668816144241325e+29,-2.3088245329045016e+20,0.0,0.0,0.0,0.0,0.0,0.0,0.0,0,0,0,0.0,0.0,0.0,0.0,0.0,0.0,0.0,0.0,0.0,0.0,0.0,0.0,0.0,0.0,0.0,0.0,0,-107875648.0,69,0.0,138,0.0,0.0,0,0,17085,52429,17097,39322,17077,0,0,0,70,68,100,0.0,82.1,0.0,77.6,0.0,78.5,1,49,50,180,0,26215,0,0,0.0,0.0,0.0,0.0,-0.0,67.0,0.0,162057.094,0.0,965,0,987,0,0,0,945,0,1009,0,907,0,786,0,776,0,821,0,7520,0.032,1.1961560610296037e+19,0.0,0.0,784,16797,-0.0,162057.094,-114818.039,-0.0,0.133,6.909358625270745e+28,30.0,70.0,35,0.0,0.0,0.0,0.0,0.0,0.0,0.0,0.0,0.0,0.0,0.0,0.0,0.0,0.0,0.0,0.0,66.4,0,150,71,51,65476,0,300,0,0,8,20529,65476,0,0,44564,70.0,0.0,0.0,0.0,0.0,0.0
2026-09-10T21:56:44,ERR,ERR,ERR,ERR,ERR,ERR,ERR,ERR,ERR,ERR,ERR,ERR,ERR,ERR,ERR,ERR,ERR,ERR,ERR,ERR,ERR,ERR,ERR,ERR,ERR,ERR,ERR,ERR,ERR,ERR,ERR,ERR,ERR,ERR,ERR,ERR,ERR,ERR,ERR,ERR,ERR,ERR,ERR,ERR,ERR,ERR,ERR,ERR,ERR,ERR,ERR,ERR,ERR,ERR,ERR,ERR,ERR,ERR,ERR,ERR,ERR,ERR,ERR,ERR,ERR,ERR,ERR,ERR,ERR,ERR,ERR,ERR,ERR,ERR,ERR,ERR,ERR,ERR,ERR,ERR,ERR,ERR,ERR,ERR,ERR,ERR,ERR,ERR,ERR,ERR,ERR,ERR,ERR,ERR,ERR,ERR,ERR,ERR,ERR,ERR,ERR,ERR,ERR,ERR,ERR,ERR,ERR,ERR,ERR,ERR,ERR,ERR,ERR,ERR,ERR,ERR,ERR,ERR,ERR,ERR,ERR,ERR,ERR,ERR,ERR,0.0,-107615352.0,-0.0,0.0,0.0,1.3936040501711995e+18,7.805,0.0,0,0,4,0,7116,0.0,100,0.0,0.0,0.0,0.0,0.0,0,0,0,0,0.0,0,0,0,0,0,0,0,0,0,0,0,0,0,0,0,0,0,0,0,0,0,0,0,0,0,0,0,0,0,0,0,0,0,31,40,40,71,65476,0,300,0,0,8,21553,0.0,-107605600.0,0.0,0.0,0.0,0.0,0.0,0.0,0.0,0.0,0.0,0.0,0.0,0.0,0.0,0.0,0.0,0.0,0.0,0.0,0.0,0.0,0.0,-2.004,-0.0,-0.0,0.0,0.0,0.0,0.0,4539.0,564144826744832.0,6922.0,0.0,0.0,2.7184264179883896e+23,0.0,0.0,0.0,0.0,0.0,69,4.0668816144241325e+29,-2.3088245329045016e+20,0.0,0.0,0.0,0.0,0.0,0.0,0.0,0,0,0,0.0,0.0,0.0,0.0,0.0,0.0,0.0,0.0,0.0,0.0,0.0,0.0,0.0,0.0,0.0,0.0,0,-107875648.0,69,0.0,138,0.0,0.0,0,0,17085,52429,17097,39322,17077,0,0,0,70,68,100,0.0,82.1,0.0,77.6,0.0,78.5,1,49,50,180,0,26215,0,0,0.0,0.0,0.0,0.0,-0.0,67.0,0.0,162057.094,0.0,965,0,987,0,0,0,945,0,1009,0,907,0,786,0,776,0,821,0,7520,0.032,1.1961560610296037e+19,0.0,0.0,784,16797,-0.0,162057.094,-114818.039,-0.0,0.133,6.909358625270745e+28,30.0,70.0,35,0.0,0.0,0.0,0.0,0.0,0.0,0.0,0.0,0.0,0.0,0.0,0.0,0.0,0.0,0.0,0.0,66.4,0,150,71,51,65476,0,300,0,0,8,20529,65476,0,0,44564,70.0,0.0,0.0,0.0,0.0,0.0
2026-09-10T21:56:45,ERR,ERR,ERR,ERR,ERR,ERR,ERR,ERR,ERR,ERR,ERR,ERR,ERR,ERR,ERR,ERR,ERR,ERR,ERR,ERR,ERR,ERR,ERR,ERR,ERR,ERR,ERR,ERR,ERR,ERR,ERR,ERR,ERR,ERR,ERR,ERR,ERR,ERR,ERR,ERR,ERR,ERR,ERR,ERR,ERR,ERR,ERR,ERR,ERR,ERR,ERR,ERR,ERR,ERR,ERR,ERR,ERR,ERR,ERR,ERR,ERR,ERR,ERR,ERR,ERR,ERR,ERR,ERR,ERR,ERR,ERR,ERR,ERR,ERR,ERR,ERR,ERR,ERR,ERR,ERR,ERR,ERR,ERR,ERR,ERR,ERR,ERR,ERR,ERR,ERR,ERR,ERR,ERR,ERR,ERR,ERR,ERR,ERR,ERR,ERR,ERR,ERR,ERR,ERR,ERR,ERR,ERR,ERR,ERR,ERR,ERR,ERR,ERR,ERR,ERR,ERR,ERR,ERR,ERR,ERR,ERR,ERR,ERR,ERR,ERR,0.0,-107615352.0,-0.0,0.0,0.0,1.3936040501711995e+18,7.805,0.0,0,0,4,0,7116,0.0,100,0.0,0.0,0.0,0.0,0.0,0,0,0,0,0.0,0,0,0,0,0,0,0,0,0,0,0,0,0,0,0,0,0,0,0,0,0,0,0,0,0,0,0,0,0,0,0,0,0,31,40,40,71,65476,0,300,0,0,8,21553,0.0,-107605600.0,0.0,0.0,0.0,0.0,0.0,0.0,0.0,0.0,0.0,0.0,0.0,0.0,0.0,0.0,0.0,0.0,0.0,0.0,0.0,0.0,0.0,-2.004,-0.0,-0.0,0.0,0.0,0.0,0.0,4539.0,564144826744832.0,6922.0,0.0,0.0,2.7184264179883896e+23,0.0,0.0,0.0,0.0,0.0,69,4.0668816144241325e+29,-2.3088245329045016e+20,0.0,0.0,0.0,0.0,0.0,0.0,0.0,0,0,0,0.0,0.0,0.0,0.0,0.0,0.0,0.0,0.0,0.0,0.0,0.0,0.0,0.0,0.0,0.0,0.0,0,-107875648.0,69,0.0,138,0.0,0.0,0,0,17085,52429,17097,26215,17077,0,0,0,70,68,100,0.0,82.1,0.0,77.6,0.0,78.5,1,49,50,180,0,26215,0,0,0.0,0.0,0.0,0.0,-0.0,67.0,0.0,162057.094,0.0,965,0,987,0,0,0,945,0,1009,0,907,0,786,0,776,0,821,0,7520,0.032,1.2033618204333965e+19,0.0,0.0,784,16797,-0.0,162057.094,-114818.039,-0.0,0.133,6.909358625270745e+28,30.0,70.0,35,0.0,0.0,0.0,0.0,0.0,0.0,0.0,0.0,0.0,0.0,0.0,0.0,0.0,0.0,0.0,0.0,66.4,0,150,71,51,65476,0,300,0,0,8,20529,65476,0,0,44564,70.0,0.0,0.0,0.0,0.0,0.0
2026-09-10T21:56:46,ERR,ERR,ERR,ERR,ERR,ERR,ERR,ERR,ERR,ERR,ERR,ERR,ERR,ERR,ERR,ERR,ERR,ERR,ERR,ERR,ERR,ERR,ERR,ERR,ERR,ERR,ERR,ERR,ERR,ERR,ERR,ERR,ERR,ERR,ERR,ERR,ERR,ERR,ERR,ERR,ERR,ERR,ERR,ERR,ERR,ERR,ERR,ERR,ERR,ERR,ERR,ERR,ERR,ERR,ERR,ERR,ERR,ERR,ERR,ERR,ERR,ERR,ERR,ERR,ERR,ERR,ERR,ERR,ERR,ERR,ERR,ERR,ERR,ERR,ERR,ERR,ERR,ERR,ERR,ERR,ERR,ERR,ERR,ERR,ERR,ERR,ERR,ERR,ERR,ERR,ERR,ERR,ERR,ERR,ERR,ERR,ERR,ERR,ERR,ERR,ERR,ERR,ERR,ERR,ERR,ERR,ERR,ERR,ERR,ERR,ERR,ERR,ERR,ERR,ERR,ERR,ERR,ERR,ERR,ERR,ERR,ERR,ERR,ERR,ERR,0.0,-107615352.0,-0.0,0.0,0.0,1.3936040501711995e+18,7.805,0.0,0,0,4,0,7116,0.0,100,0.0,0.0,0.0,0.0,0.0,0,0,0,0,0.0,0,0,0,0,0,0,0,0,0,0,0,0,0,0,0,0,0,0,0,0,0,0,0,0,0,0,0,0,0,0,0,0,0,31,40,40,71,65476,0,300,0,0,8,21553,0.0,-107605600.0,0.0,0.0,0.0,0.0,0.0,0.0,0.0,0.0,0.0,0.0,0.0,0.0,0.0,0.0,0.0,0.0,0.0,0.0,0.0,0.0,0.0,-2.004,-0.0,-0.0,0.0,0.0,0.0,0.0,4539.0,564144826744832.0,6922.0,0.0,0.0,2.7184264179883896e+23,0.0,0.0,0.0,0.0,0.0,69,4.0668816144241325e+29,-2.3088245329045016e+20,0.0,0.0,0.0,0.0,0.0,0.0,0.0,0,0,0,0.0,0.0,0.0,0.0,0.0,0.0,0.0,0.0,0.0,0.0,0.0,0.0,0.0,0.0,0.0,0.0,0,-107875648.0,69,0.0,138,0.0,0.0,0,0,17085,52429,17097,26215,17077,0,0,0,70,68,100,0.0,82.1,0.0,77.6,0.0,78.5,1,49,50,180,0,26215,0,0,0.0,0.0,0.0,0.0,-0.0,67.0,0.0,162057.094,0.0,965,0,987,0,0,0,945,0,1009,0,907,0,786,0,776,0,821,0,7520,0.032,1.2033618204333965e+19,0.0,0.0,784,16797,-0.0,162057.094,-114818.039,-0.0,0.133,6.909358625270745e+28,30.0,70.0,35,0.0,0.0,0.0,0.0,0.0,0.0,0.0,0.0,0.0,0.0,0.0,0.0,0.0,0.0,0.0,0.0,66.4,0,150,71,51,65476,0,300,0,0,8,20529,65476,0,0,44564,70.0,0.0,0.0,0.0,0.0,0.0
2026-09-10T21:56:47,ERR,ERR,ERR,ERR,ERR,ERR,ERR,ERR,ERR,ERR,ERR,ERR,ERR,ERR,ERR,ERR,ERR,ERR,ERR,ERR,ERR,ERR,ERR,ERR,ERR,ERR,ERR,ERR,ERR,ERR,ERR,ERR,ERR,ERR,ERR,ERR,ERR,ERR,ERR,ERR,ERR,ERR,ERR,ERR,ERR,ERR,ERR,ERR,ERR,ERR,ERR,ERR,ERR,ERR,ERR,ERR,ERR,ERR,ERR,ERR,ERR,ERR,ERR,ERR,ERR,ERR,ERR,ERR,ERR,ERR,ERR,ERR,ERR,ERR,ERR,ERR,ERR,ERR,ERR,ERR,ERR,ERR,ERR,ERR,ERR,ERR,ERR,ERR,ERR,ERR,ERR,ERR,ERR,ERR,ERR,ERR,ERR,ERR,ERR,ERR,ERR,ERR,ERR,ERR,ERR,ERR,ERR,ERR,ERR,ERR,ERR,ERR,ERR,ERR,ERR,ERR,ERR,ERR,ERR,ERR,ERR,ERR,ERR,ERR,ERR,0.0,-107615352.0,-0.0,0.0,0.0,1.3936040501711995e+18,7.805,0.0,0,0,4,0,7116,0.0,100,0.0,0.0,0.0,0.0,0.0,0,0,0,0,0.0,0,0,0,0,0,0,0,0,0,0,0,0,0,0,0,0,0,0,0,0,0,0,0,0,0,0,0,0,0,0,0,0,0,31,40,40,71,65476,0,300,0,0,8,21553,0.0,-107605600.0,0.0,0.0,0.0,0.0,0.0,0.0,0.0,0.0,0.0,0.0,0.0,0.0,0.0,0.0,0.0,0.0,0.0,0.0,0.0,0.0,0.0,-2.004,-0.0,-0.0,0.0,0.0,0.0,0.0,4539.0,564144826744832.0,6922.0,0.0,0.0,2.7184264179883896e+23,0.0,0.0,0.0,0.0,0.0,69,4.0668816144241325e+29,-2.3088245329045016e+20,0.0,0.0,0.0,0.0,0.0,0.0,0.0,0,0,0,0.0,0.0,0.0,0.0,0.0,0.0,0.0,0.0,0.0,0.0,0.0,0.0,0.0,0.0,0.0,0.0,0,-107875648.0,69,0.0,138,0.0,0.0,0,0,17085,52429,17097,26215,17077,0,0,0,70,68,100,0.0,82.1,0.0,77.6,0.0,78.5,1,49,50,180,0,26215,0,0,0.0,0.0,0.0,0.0,-0.0,67.0,0.0,162057.094,0.0,965,0,987,0,0,0,945,0,1009,0,907,0,786,0,776,0,821,0,7520,0.032,1.2033618204333965e+19,0.0,0.0,784,16797,-0.0,162057.094,-114818.039,-0.0,0.133,6.909358625270745e+28,30.0,70.0,35,0.0,0.0,0.0,0.0,0.0,0.0,0.0,0.0,0.0,0.0,0.0,0.0,0.0,0.0,0.0,0.0,66.8,0,150,71,51,65476,0,300,0,0,8,20529,65476,0,0,44564,70.0,0.0,0.0,0.0,0.0,0.0
2026-09-10T21:56:48,ERR,ERR,ERR,ERR,ERR,ERR,ERR,ERR,ERR,ERR,ERR,ERR,ERR,ERR,ERR,ERR,ERR,ERR,ERR,ERR,ERR,ERR,ERR,ERR,ERR,ERR,ERR,ERR,ERR,ERR,ERR,ERR,ERR,ERR,ERR,ERR,ERR,ERR,ERR,ERR,ERR,ERR,ERR,ERR,ERR,ERR,ERR,ERR,ERR,ERR,ERR,ERR,ERR,ERR,ERR,ERR,ERR,ERR,ERR,ERR,ERR,ERR,ERR,ERR,ERR,ERR,ERR,ERR,ERR,ERR,ERR,ERR,ERR,ERR,ERR,ERR,ERR,ERR,ERR,ERR,ERR,ERR,ERR,ERR,ERR,ERR,ERR,ERR,ERR,ERR,ERR,ERR,ERR,ERR,ERR,ERR,ERR,ERR,ERR,ERR,ERR,ERR,ERR,ERR,ERR,ERR,ERR,ERR,ERR,ERR,ERR,ERR,ERR,ERR,ERR,ERR,ERR,ERR,ERR,ERR,ERR,ERR,ERR,ERR,ERR,0.0,-107615352.0,-0.0,0.0,0.0,1.3936040501711995e+18,7.805,0.0,0,0,4,0,7116,0.0,100,0.0,0.0,0.0,0.0,0.0,0,0,0,0,0.0,0,0,0,0,0,0,0,0,0,0,0,0,0,0,0,0,0,0,0,0,0,0,0,0,0,0,0,0,0,0,0,0,0,31,40,40,71,65476,0,300,0,0,8,21553,0.0,-107605600.0,0.0,0.0,0.0,0.0,0.0,0.0,0.0,0.0,0.0,0.0,0.0,0.0,0.0,0.0,0.0,0.0,0.0,0.0,0.0,0.0,0.0,-2.004,-0.0,-0.0,0.0,0.0,0.0,0.0,4539.0,564144826744832.0,6922.0,0.0,0.0,2.7184264179883896e+23,0.0,0.0,0.0,0.0,0.0,69,4.0668816144241325e+29,-2.3088245329045016e+20,0.0,0.0,0.0,0.0,0.0,0.0,0.0,0,0,0,0.0,0.0,0.0,0.0,0.0,0.0,0.0,0.0,0.0,0.0,0.0,0.0,0.0,0.0,0.0,0.0,0,-107875648.0,69,0.0,138,0.0,0.0,0,0,17085,52429,17097,26215,17077,0,0,0,70,68,100,0.0,82.1,0.0,77.6,0.0,78.5,1,49,50,180,0,26215,0,0,0.0,0.0,0.0,0.0,-0.0,67.0,0.0,162057.094,0.0,965,0,987,0,0,0,945,0,1009,0,907,0,786,0,776,0,821,0,7520,0.032,1.2033618204333965e+19,0.0,0.0,784,16797,-0.0,162057.094,-114818.039,-0.0,0.133,6.909358625270745e+28,30.0,70.0,35,0.0,0.0,0.0,0.0,0.0,0.0,0.0,0.0,0.0,0.0,0.0,0.0,0.0,0.0,0.0,0.0,66.8,0,150,71,51,65476,0,300,0,0,8,20529,65476,0,0,44564,70.0,0.0,0.0,0.0,0.0,0.0
2026-09-10T21:56:49,ERR,ERR,ERR,ERR,ERR,ERR,ERR,ERR,ERR,ERR,ERR,ERR,ERR,ERR,ERR,ERR,ERR,ERR,ERR,ERR,ERR,ERR,ERR,ERR,ERR,ERR,ERR,ERR,ERR,ERR,ERR,ERR,ERR,ERR,ERR,ERR,ERR,ERR,ERR,ERR,ERR,ERR,ERR,ERR,ERR,ERR,ERR,ERR,ERR,ERR,ERR,ERR,ERR,ERR,ERR,ERR,ERR,ERR,ERR,ERR,ERR,ERR,ERR,ERR,ERR,ERR,ERR,ERR,ERR,ERR,ERR,ERR,ERR,ERR,ERR,ERR,ERR,ERR,ERR,ERR,ERR,ERR,ERR,ERR,ERR,ERR,ERR,ERR,ERR,ERR,ERR,ERR,ERR,ERR,ERR,ERR,ERR,ERR,ERR,ERR,ERR,ERR,ERR,ERR,ERR,ERR,ERR,ERR,ERR,ERR,ERR,ERR,ERR,ERR,ERR,ERR,ERR,ERR,ERR,ERR,ERR,ERR,ERR,ERR,ERR,0.0,-107615352.0,-0.0,0.0,0.0,1.3936040501711995e+18,7.805,0.0,0,0,4,0,7116,0.0,100,0.0,0.0,0.0,0.0,0.0,0,0,0,0,0.0,0,0,0,0,0,0,0,0,0,0,0,0,0,0,0,0,0,0,0,0,0,0,0,0,0,0,0,0,0,0,0,0,0,31,40,40,71,65476,0,300,0,0,8,21553,0.0,-107605600.0,0.0,0.0,0.0,0.0,0.0,0.0,0.0,0.0,0.0,0.0,0.0,0.0,0.0,0.0,0.0,0.0,0.0,0.0,0.0,0.0,0.0,-2.004,-0.0,-0.0,0.0,0.0,0.0,0.0,4539.0,564144826744832.0,6922.0,0.0,0.0,2.7184264179883896e+23,0.0,0.0,0.0,0.0,0.0,69,4.0668816144241325e+29,-2.3088245329045016e+20,0.0,0.0,0.0,0.0,0.0,0.0,0.0,0,0,0,0.0,0.0,0.0,0.0,0.0,0.0,0.0,0.0,0.0,0.0,0.0,0.0,0.0,0.0,0.0,0.0,0,-107875648.0,69,0.0,138,0.0,0.0,0,0,17085,52429,17097,26215,17077,0,0,0,70,68,100,0.0,82.1,0.0,77.6,0.0,78.5,1,49,50,180,0,26215,0,0,0.0,0.0,0.0,0.0,-0.0,67.0,0.0,162057.094,0.0,965,0,987,0,0,0,945,0,1009,0,907,0,786,0,776,0,821,0,7520,0.032,1.2033618204333965e+19,0.0,0.0,784,16797,-0.0,162057.094,-114818.039,-0.0,0.133,6.909358625270745e+28,30.0,70.0,35,0.0,0.0,0.0,0.0,0.0,0.0,0.0,0.0,0.0,0.0,0.0,0.0,0.0,0.0,0.0,0.0,66.4,0,150,71,51,65476,0,300,0,0,8,20529,65476,0,0,44564,70.0,0.0,0.0,0.0,0.0,0.0
2026-09-10T21:56:50,ERR,ERR,ERR,ERR,ERR,ERR,ERR,ERR,ERR,ERR,ERR,ERR,ERR,ERR,ERR,ERR,ERR,ERR,ERR,ERR,ERR,ERR,ERR,ERR,ERR,ERR,ERR,ERR,ERR,ERR,ERR,ERR,ERR,ERR,ERR,ERR,ERR,ERR,ERR,ERR,ERR,ERR,ERR,ERR,ERR,ERR,ERR,ERR,ERR,ERR,ERR,ERR,ERR,ERR,ERR,ERR,ERR,ERR,ERR,ERR,ERR,ERR,ERR,ERR,ERR,ERR,ERR,ERR,ERR,ERR,ERR,ERR,ERR,ERR,ERR,ERR,ERR,ERR,ERR,ERR,ERR,ERR,ERR,ERR,ERR,ERR,ERR,ERR,ERR,ERR,ERR,ERR,ERR,ERR,ERR,ERR,ERR,ERR,ERR,ERR,ERR,ERR,ERR,ERR,ERR,ERR,ERR,ERR,ERR,ERR,ERR,ERR,ERR,ERR,ERR,ERR,ERR,ERR,ERR,ERR,ERR,ERR,ERR,ERR,ERR,0.0,-107615352.0,0.0,0.0,0.0,1.3936040501711995e+18,7.805,0.0,0,0,4,0,7116,0.0,100,0.0,0.0,0.0,0.0,0.0,0,0,0,0,0.0,0,0,0,0,0,0,0,0,0,0,0,0,0,0,0,0,0,0,0,0,0,0,0,0,0,0,0,0,0,0,0,0,0,31,40,40,71,65476,0,300,0,0,8,21553,0.0,-107605600.0,0.0,0.0,0.0,0.0,0.0,0.0,0.0,0.0,0.0,0.0,0.0,0.0,0.0,0.0,0.0,0.0,0.0,0.0,0.0,0.0,-2.004,-2.004,-0.0,-0.0,0.0,0.0,0.0,0.0,4513.0,2.004,6919.0,0.0,-107615352.0,2.7184264179883896e+23,0.0,0.0,0.0,0.0,0.0,69,-0.0,-71.629,0.0,0.0,0.0,0.0,0.0,0.0,0.0,0,0,0,0.0,0.0,0.0,0.0,0.0,0.0,0.0,0.0,0.0,0.0,0.0,0.0,0.0,0.0,0.0,0.0,0,-107875648.0,69,0.0,138,0.0,0.0,0,0,17085,52429,17097,26215,17077,0,0,0,70,68,100,0.0,82.1,0.0,77.6,0.0,78.5,1,49,50,180,0,26215,0,0,0.0,0.0,0.0,0.0,-0.0,67.0,0.0,162057.094,0.0,965,0,987,0,0,0,945,0,1009,0,907,0,786,0,776,0,821,0,7520,0.032,1.2033618204333965e+19,0.0,0.0,784,16797,-0.0,162057.094,-114818.039,-0.0,0.133,6.909358625270745e+28,30.0,70.0,35,0.0,0.0,0.0,0.0,0.0,0.0,0.0,0.0,0.0,0.0,0.0,0.0,0.0,0.0,0.0,0.0,66.4,0,150,71,51,65476,0,300,0,0,8,20529,65476,0,0,44564,70.0,0.0,0.0,0.0,0.0,0.0
2026-09-10T21:56:51,ERR,ERR,ERR,ERR,ERR,ERR,ERR,ERR,ERR,ERR,ERR,ERR,ERR,ERR,ERR,ERR,ERR,ERR,ERR,ERR,ERR,ERR,ERR,ERR,ERR,ERR,ERR,ERR,ERR,ERR,ERR,ERR,ERR,ERR,ERR,ERR,ERR,ERR,ERR,ERR,ERR,ERR,ERR,ERR,ERR,ERR,ERR,ERR,ERR,ERR,ERR,ERR,ERR,ERR,ERR,ERR,ERR,ERR,ERR,ERR,ERR,ERR,ERR,ERR,ERR,ERR,ERR,ERR,ERR,ERR,ERR,ERR,ERR,ERR,ERR,ERR,ERR,ERR,ERR,ERR,ERR,ERR,ERR,ERR,ERR,ERR,ERR,ERR,ERR,ERR,ERR,ERR,ERR,ERR,ERR,ERR,ERR,ERR,ERR,ERR,ERR,ERR,ERR,ERR,ERR,ERR,ERR,ERR,ERR,ERR,ERR,ERR,ERR,ERR,ERR,ERR,ERR,ERR,ERR,ERR,ERR,ERR,ERR,ERR,ERR,0.0,-107615352.0,0.0,0.0,0.0,1.3936040501711995e+18,7.805,0.0,0,0,4,0,7116,0.0,100,0.0,0.0,0.0,0.0,0.0,0,0,0,0,0.0,0,0,0,0,0,0,0,0,0,0,0,0,0,0,0,0,0,0,0,0,0,0,0,0,0,0,0,0,0,0,0,0,0,31,40,40,71,65476,0,300,0,0,8,21553,0.0,-107605600.0,0.0,0.0,0.0,0.0,0.0,0.0,0.0,0.0,0.0,0.0,0.0,0.0,0.0,0.0,0.0,0.0,0.0,0.0,0.0,0.0,-2.004,-2.004,-0.0,-0.0,0.0,0.0,0.0,0.0,4513.0,2.004,6919.0,0.0,-107615352.0,2.7184264179883896e+23,0.0,0.0,0.0,0.0,0.0,69,-0.0,-71.629,0.0,0.0,0.0,0.0,0.0,0.0,0.0,0,0,0,0.0,0.0,0.0,0.0,0.0,0.0,0.0,0.0,0.0,0.0,0.0,0.0,0.0,0.0,0.0,0.0,0,-107875648.0,69,0.0,138,0.0,0.0,0,0,17085,52429,17097,26215,17077,0,0,0,70,68,100,0.0,82.1,0.0,77.6,0.0,78.5,1,49,50,180,0,26215,0,0,0.0,0.0,0.0,0.0,-0.0,67.0,0.0,162057.094,0.0,965,0,987,0,0,0,945,0,1009,0,907,0,786,0,776,0,821,0,7520,0.032,1.2033618204333965e+19,0.0,0.0,784,16797,-0.0,162057.094,-114818.039,-0.0,0.133,6.909358625270745e+28,30.0,70.0,35,0.0,0.0,0.0,0.0,0.0,0.0,0.0,0.0,0.0,0.0,0.0,0.0,0.0,0.0,0.0,0.0,66.4,0,150,71,51,65476,0,300,0,0,8,20529,65476,0,0,44564,70.0,0.0,0.0,0.0,0.0,0.0
2026-09-10T21:56:52,ERR,ERR,ERR,ERR,ERR,ERR,ERR,ERR,ERR,ERR,ERR,ERR,ERR,ERR,ERR,ERR,ERR,ERR,ERR,ERR,ERR,ERR,ERR,ERR,ERR,ERR,ERR,ERR,ERR,ERR,ERR,ERR,ERR,ERR,ERR,ERR,ERR,ERR,ERR,ERR,ERR,ERR,ERR,ERR,ERR,ERR,ERR,ERR,ERR,ERR,ERR,ERR,ERR,ERR,ERR,ERR,ERR,ERR,ERR,ERR,ERR,ERR,ERR,ERR,ERR,ERR,ERR,ERR,ERR,ERR,ERR,ERR,ERR,ERR,ERR,ERR,ERR,ERR,ERR,ERR,ERR,ERR,ERR,ERR,ERR,ERR,ERR,ERR,ERR,ERR,ERR,ERR,ERR,ERR,ERR,ERR,ERR,ERR,ERR,ERR,ERR,ERR,ERR,ERR,ERR,ERR,ERR,ERR,ERR,ERR,ERR,ERR,ERR,ERR,ERR,ERR,ERR,ERR,ERR,ERR,ERR,ERR,ERR,ERR,ERR,0.0,-107615352.0,0.0,0.0,0.0,1.3936040501711995e+18,7.805,0.0,0,0,4,0,7116,0.0,100,0.0,0.0,0.0,0.0,0.0,0,0,0,0,0.0,0,0,0,0,0,0,0,0,0,0,0,0,0,0,0,0,0,0,0,0,0,0,0,0,0,0,0,0,0,0,0,0,0,31,40,40,71,65476,0,300,0,0,8,21553,0.0,-107605600.0,0.0,0.0,0.0,0.0,0.0,0.0,0.0,0.0,0.0,0.0,0.0,0.0,0.0,0.0,0.0,0.0,0.0,0.0,0.0,0.0,-2.004,-2.004,-0.0,-0.0,0.0,0.0,0.0,0.0,4513.0,2.004,6919.0,0.0,-107615352.0,2.7184264179883896e+23,0.0,0.0,0.0,0.0,0.0,69,-0.0,-71.629,0.0,0.0,0.0,0.0,0.0,0.0,0.0,0,0,0,0.0,0.0,0.0,0.0,0.0,0.0,0.0,0.0,0.0,0.0,0.0,0.0,0.0,0.0,0.0,0.0,0,-107875648.0,69,0.0,138,0.0,0.0,0,0,17085,52429,17097,26215,17077,0,0,0,70,68,100,0.0,82.1,0.0,77.6,0.0,78.5,1,49,50,180,0,26215,0,0,0.0,0.0,0.0,0.0,-0.0,67.0,0.0,162057.094,0.0,965,0,987,0,0,0,945,0,1009,0,907,0,786,0,776,0,821,0,7520,0.032,1.2033618204333965e+19,0.0,0.0,784,16797,-0.0,162057.094,-114818.039,-0.0,0.133,6.909358625270745e+28,30.0,70.0,35,0.0,0.0,0.0,0.0,0.0,0.0,0.0,0.0,0.0,0.0,0.0,0.0,0.0,0.0,0.0,0.0,66.4,0,150,71,51,65476,0,300,0,0,8,20529,65476,0,0,44564,70.0,0.0,0.0,0.0,0.0,0.0
2026-09-10T21:56:53,ERR,ERR,ERR,ERR,ERR,ERR,ERR,ERR,ERR,ERR,ERR,ERR,ERR,ERR,ERR,ERR,ERR,ERR,ERR,ERR,ERR,ERR,ERR,ERR,ERR,ERR,ERR,ERR,ERR,ERR,ERR,ERR,ERR,ERR,ERR,ERR,ERR,ERR,ERR,ERR,ERR,ERR,ERR,ERR,ERR,ERR,ERR,ERR,ERR,ERR,ERR,ERR,ERR,ERR,ERR,ERR,ERR,ERR,ERR,ERR,ERR,ERR,ERR,ERR,ERR,ERR,ERR,ERR,ERR,ERR,ERR,ERR,ERR,ERR,ERR,ERR,ERR,ERR,ERR,ERR,ERR,ERR,ERR,ERR,ERR,ERR,ERR,ERR,ERR,ERR,ERR,ERR,ERR,ERR,ERR,ERR,ERR,ERR,ERR,ERR,ERR,ERR,ERR,ERR,ERR,ERR,ERR,ERR,ERR,ERR,ERR,ERR,ERR,ERR,ERR,ERR,ERR,ERR,ERR,ERR,ERR,ERR,ERR,ERR,ERR,0.0,-107615352.0,0.0,0.0,0.0,1.3936040501711995e+18,7.805,0.0,0,0,4,0,7116,0.0,100,0.0,0.0,0.0,0.0,0.0,0,0,0,0,0.0,0,0,0,0,0,0,0,0,0,0,0,0,0,0,0,0,0,0,0,0,0,0,0,0,0,0,0,0,0,0,0,0,0,31,40,40,71,65476,0,300,0,0,8,21553,0.0,-107605600.0,0.0,0.0,0.0,0.0,0.0,0.0,0.0,0.0,0.0,0.0,0.0,0.0,0.0,0.0,0.0,0.0,0.0,0.0,0.0,0.0,-2.004,-2.004,-0.0,-0.0,0.0,0.0,0.0,0.0,4513.0,2.004,6919.0,0.0,-107615352.0,2.7184264179883896e+23,0.0,0.0,0.0,0.0,0.0,69,-0.0,-71.629,0.0,0.0,0.0,0.0,0.0,0.0,0.0,0,0,0,0.0,0.0,0.0,0.0,0.0,0.0,0.0,0.0,0.0,0.0,0.0,0.0,0.0,0.0,0.0,0.0,0,-107875648.0,69,0.0,138,0.0,0.0,0,0,17085,52429,17097,26215,17077,0,0,0,70,68,100,0.0,82.1,0.0,77.6,0.0,78.5,1,49,50,180,0,26215,0,0,0.0,0.0,0.0,0.0,-0.0,67.0,0.0,162057.094,0.0,965,0,987,0,0,0,945,0,1009,0,907,0,786,0,776,0,821,0,7520,0.032,1.2033618204333965e+19,0.0,0.0,784,16797,-0.0,162057.094,-114818.039,-0.0,0.133,6.909358625270745e+28,30.0,70.0,35,0.0,0.0,0.0,0.0,0.0,0.0,0.0,0.0,0.0,0.0,0.0,0.0,0.0,0.0,0.0,0.0,66.4,0,150,71,51,65476,0,300,0,0,8,20529,65476,0,0,44564,70.0,0.0,0.0,0.0,0.0,0.0
2026-09-10T21:56:54,ERR,ERR,ERR,ERR,ERR,ERR,ERR,ERR,ERR,ERR,ERR,ERR,ERR,ERR,ERR,ERR,ERR,ERR,ERR,ERR,ERR,ERR,ERR,ERR,ERR,ERR,ERR,ERR,ERR,ERR,ERR,ERR,ERR,ERR,ERR,ERR,ERR,ERR,ERR,ERR,ERR,ERR,ERR,ERR,ERR,ERR,ERR,ERR,ERR,ERR,ERR,ERR,ERR,ERR,ERR,ERR,ERR,ERR,ERR,ERR,ERR,ERR,ERR,ERR,ERR,ERR,ERR,ERR,ERR,ERR,ERR,ERR,ERR,ERR,ERR,ERR,ERR,ERR,ERR,ERR,ERR,ERR,ERR,ERR,ERR,ERR,ERR,ERR,ERR,ERR,ERR,ERR,ERR,ERR,ERR,ERR,ERR,ERR,ERR,ERR,ERR,ERR,ERR,ERR,ERR,ERR,ERR,ERR,ERR,ERR,ERR,ERR,ERR,ERR,ERR,ERR,ERR,ERR,ERR,ERR,ERR,ERR,ERR,ERR,ERR,0.0,-107615352.0,0.0,0.0,0.0,1.3936040501711995e+18,7.805,0.0,0,0,4,0,7116,0.0,100,0.0,0.0,0.0,0.0,0.0,0,0,0,0,0.0,0,0,0,0,0,0,0,0,0,0,0,0,0,0,0,0,0,0,0,0,0,0,0,0,0,0,0,0,0,0,0,0,0,31,40,40,71,65476,0,300,0,0,8,21553,0.0,-107605600.0,0.0,0.0,0.0,0.0,0.0,0.0,0.0,0.0,0.0,0.0,0.0,0.0,0.0,0.0,0.0,0.0,0.0,0.0,0.0,0.0,-2.004,-2.004,-0.0,-0.0,0.0,0.0,0.0,0.0,4513.0,2.004,6919.0,0.0,-107615352.0,2.7184264179883896e+23,0.0,0.0,0.0,0.0,0.0,69,-0.0,-71.629,0.0,0.0,0.0,0.0,0.0,0.0,0.0,0,0,0,0.0,0.0,0.0,0.0,0.0,0.0,0.0,0.0,0.0,0.0,0.0,0.0,0.0,0.0,0.0,0.0,0,-107875648.0,69,0.0,138,0.0,0.0,0,0,17085,52429,17097,26215,17077,0,0,0,70,68,100,0.0,82.1,0.0,77.6,0.0,78.5,1,49,50,180,0,26215,0,0,0.0,0.0,0.0,0.0,-0.0,67.0,0.0,162057.094,0.0,965,0,987,0,0,0,945,0,1009,0,907,0,786,0,776,0,821,0,7520,0.032,1.2033618204333965e+19,0.0,0.0,784,16797,-0.0,162057.094,-114818.039,-0.0,0.133,6.909358625270745e+28,30.0,70.0,35,0.0,0.0,0.0,0.0,0.0,0.0,0.0,0.0,0.0,0.0,0.0,0.0,0.0,0.0,0.0,0.0,66.4,0,150,71,51,65476,0,300,0,0,8,20529,65476,0,0,44564,70.0,0.0,0.0,0.0,0.0,0.0
2026-09-10T21:56:55,ERR,ERR,ERR,ERR,ERR,ERR,ERR,ERR,ERR,ERR,ERR,ERR,ERR,ERR,ERR,ERR,ERR,ERR,ERR,ERR,ERR,ERR,ERR,ERR,ERR,ERR,ERR,ERR,ERR,ERR,ERR,ERR,ERR,ERR,ERR,ERR,ERR,ERR,ERR,ERR,ERR,ERR,ERR,ERR,ERR,ERR,ERR,ERR,ERR,ERR,ERR,ERR,ERR,ERR,ERR,ERR,ERR,ERR,ERR,ERR,ERR,ERR,ERR,ERR,ERR,ERR,ERR,ERR,ERR,ERR,ERR,ERR,ERR,ERR,ERR,ERR,ERR,ERR,ERR,ERR,ERR,ERR,ERR,ERR,ERR,ERR,ERR,ERR,ERR,ERR,ERR,ERR,ERR,ERR,ERR,ERR,ERR,ERR,ERR,ERR,ERR,ERR,ERR,ERR,ERR,ERR,ERR,ERR,ERR,ERR,ERR,ERR,ERR,ERR,ERR,ERR,ERR,ERR,ERR,ERR,ERR,ERR,ERR,ERR,ERR,0.0,-107615352.0,0.0,0.0,0.0,1.3936040501711995e+18,7.805,0.0,0,0,4,0,7116,0.0,100,0.0,0.0,0.0,0.0,0.0,0,0,0,0,0.0,0,0,0,0,0,0,0,0,0,0,0,0,0,0,0,0,0,0,0,0,0,0,0,0,0,0,0,0,0,0,0,0,0,31,40,40,71,65476,0,300,0,0,8,21553,0.0,-107605600.0,0.0,0.0,0.0,0.0,0.0,0.0,0.0,0.0,0.0,0.0,0.0,0.0,0.0,0.0,0.0,0.0,0.0,0.0,0.0,0.0,-2.004,-2.004,-0.0,-0.0,0.0,0.0,0.0,0.0,4513.0,2.004,6919.0,0.0,-107615352.0,2.7184264179883896e+23,0.0,0.0,0.0,0.0,0.0,69,-0.0,-71.629,0.0,0.0,0.0,0.0,0.0,0.0,0.0,0,0,0,0.0,0.0,0.0,0.0,0.0,0.0,0.0,0.0,0.0,0.0,0.0,0.0,0.0,0.0,0.0,0.0,0,-107875648.0,69,0.0,138,0.0,0.0,0,0,17085,52429,17097,26215,17077,0,0,0,70,68,100,0.0,82.1,0.0,77.6,0.0,78.5,1,49,50,180,0,26215,0,0,0.0,0.0,0.0,0.0,-0.0,67.0,0.0,162057.094,0.0,965,0,987,0,0,0,945,0,1009,0,907,0,786,0,776,0,821,0,7520,0.032,1.2033618204333965e+19,0.0,0.0,784,16797,-0.0,162057.094,-114818.039,-0.0,0.133,6.909358625270745e+28,30.0,70.0,35,0.0,0.0,0.0,0.0,0.0,0.0,0.0,0.0,0.0,0.0,0.0,0.0,0.0,0.0,0.0,0.0,66.4,0,150,71,51,65476,0,300,0,0,8,20529,65476,0,0,44564,70.0,0.0,0.0,0.0,0.0,0.0
2026-09-10T21:56:56,ERR,ERR,ERR,ERR,ERR,ERR,ERR,ERR,ERR,ERR,ERR,ERR,ERR,ERR,ERR,ERR,ERR,ERR,ERR,ERR,ERR,ERR,ERR,ERR,ERR,ERR,ERR,ERR,ERR,ERR,ERR,ERR,ERR,ERR,ERR,ERR,ERR,ERR,ERR,ERR,ERR,ERR,ERR,ERR,ERR,ERR,ERR,ERR,ERR,ERR,ERR,ERR,ERR,ERR,ERR,ERR,ERR,ERR,ERR,ERR,ERR,ERR,ERR,ERR,ERR,ERR,ERR,ERR,ERR,ERR,ERR,ERR,ERR,ERR,ERR,ERR,ERR,ERR,ERR,ERR,ERR,ERR,ERR,ERR,ERR,ERR,ERR,ERR,ERR,ERR,ERR,ERR,ERR,ERR,ERR,ERR,ERR,ERR,ERR,ERR,ERR,ERR,ERR,ERR,ERR,ERR,ERR,ERR,ERR,ERR,ERR,ERR,ERR,ERR,ERR,ERR,ERR,ERR,ERR,ERR,ERR,ERR,ERR,ERR,ERR,0.0,-107615352.0,0.0,0.0,0.0,1.3936040501711995e+18,7.805,0.0,0,0,4,0,7116,0.0,100,0.0,0.0,0.0,0.0,0.0,0,0,0,0,0.0,0,0,0,0,0,0,0,0,0,0,0,0,0,0,0,0,0,0,0,0,0,0,0,0,0,0,0,0,0,0,0,0,0,31,40,40,71,65476,0,300,0,0,8,21553,0.0,-107605600.0,0.0,0.0,0.0,0.0,0.0,0.0,0.0,0.0,0.0,0.0,0.0,0.0,0.0,0.0,0.0,0.0,0.0,0.0,0.0,0.0,-2.004,-2.004,-0.0,-0.0,0.0,0.0,0.0,0.0,4513.0,2.004,6919.0,0.0,-107615352.0,2.7184264179883896e+23,0.0,0.0,0.0,0.0,0.0,69,-0.0,-71.629,0.0,0.0,0.0,0.0,0.0,0.0,0.0,0,0,0,0.0,0.0,0.0,0.0,0.0,0.0,0.0,0.0,0.0,0.0,0.0,0.0,0.0,0.0,0.0,0.0,0,-107875648.0,69,0.0,138,0.0,0.0,0,0,17085,52429,17097,26215,17077,0,0,0,70,68,100,0.0,82.1,0.0,77.6,0.0,78.5,1,49,50,180,0,26215,0,0,0.0,0.0,0.0,0.0,-0.0,67.0,0.0,162057.094,0.0,965,0,987,0,0,0,945,0,1009,0,907,0,786,0,776,0,821,0,7520,0.032,1.2033618204333965e+19,0.0,0.0,784,16797,-0.0,162057.094,-114818.039,-0.0,0.133,6.909358625270745e+28,30.0,70.0,35,0.0,0.0,0.0,0.0,0.0,0.0,0.0,0.0,0.0,0.0,0.0,0.0,0.0,0.0,0.0,0.0,66.4,0,150,71,51,65476,0,300,0,0,8,20529,65476,0,0,44564,70.0,0.0,0.0,0.0,0.0,0.0
2026-09-10T21:56:57,ERR,ERR,ERR,ERR,ERR,ERR,ERR,ERR,ERR,ERR,ERR,ERR,ERR,ERR,ERR,ERR,ERR,ERR,ERR,ERR,ERR,ERR,ERR,ERR,ERR,ERR,ERR,ERR,ERR,ERR,ERR,ERR,ERR,ERR,ERR,ERR,ERR,ERR,ERR,ERR,ERR,ERR,ERR,ERR,ERR,ERR,ERR,ERR,ERR,ERR,ERR,ERR,ERR,ERR,ERR,ERR,ERR,ERR,ERR,ERR,ERR,ERR,ERR,ERR,ERR,ERR,ERR,ERR,ERR,ERR,ERR,ERR,ERR,ERR,ERR,ERR,ERR,ERR,ERR,ERR,ERR,ERR,ERR,ERR,ERR,ERR,ERR,ERR,ERR,ERR,ERR,ERR,ERR,ERR,ERR,ERR,ERR,ERR,ERR,ERR,ERR,ERR,ERR,ERR,ERR,ERR,ERR,ERR,ERR,ERR,ERR,ERR,ERR,ERR,ERR,ERR,ERR,ERR,ERR,ERR,ERR,ERR,ERR,ERR,ERR,0.0,-107615352.0,0.0,0.0,0.0,1.3936040501711995e+18,7.805,0.0,0,0,4,0,7116,0.0,100,0.0,0.0,0.0,0.0,0.0,0,0,0,0,0.0,0,0,0,0,0,0,0,0,0,0,0,0,0,0,0,0,0,0,0,0,0,0,0,0,0,0,0,0,0,0,0,0,0,31,40,40,71,65476,0,300,0,0,8,21553,0.0,-107605600.0,0.0,0.0,0.0,0.0,0.0,0.0,0.0,0.0,0.0,0.0,0.0,0.0,0.0,0.0,0.0,0.0,0.0,0.0,0.0,0.0,-2.004,-2.004,-0.0,-0.0,0.0,0.0,0.0,0.0,4513.0,2.004,6919.0,0.0,-107615352.0,2.7184264179883896e+23,0.0,0.0,0.0,0.0,0.0,69,-0.0,-71.629,0.0,0.0,0.0,0.0,0.0,0.0,0.0,0,0,0,0.0,0.0,0.0,0.0,0.0,0.0,0.0,0.0,0.0,0.0,0.0,0.0,0.0,0.0,0.0,0.0,0,-107875648.0,69,0.0,138,0.0,0.0,0,0,17085,52429,17097,26215,17077,0,0,0,70,68,100,0.0,82.1,0.0,77.6,0.0,78.5,1,49,50,180,0,26215,0,0,0.0,0.0,0.0,0.0,-0.0,67.0,0.0,162057.094,0.0,965,0,987,0,0,0,945,0,1009,0,907,0,786,0,776,0,821,0,7520,0.032,1.2033618204333965e+19,0.0,0.0,784,16797,-0.0,162057.094,-114818.039,-0.0,0.133,6.909358625270745e+28,30.0,70.0,35,0.0,0.0,0.0,0.0,0.0,0.0,0.0,0.0,0.0,0.0,0.0,0.0,0.0,0.0,0.0,0.0,66.4,0,150,71,51,65476,0,300,0,0,8,20529,65476,0,0,44564,70.0,0.0,0.0,0.0,0.0,0.0
2026-09-10T21:56:58,ERR,ERR,ERR,ERR,ERR,ERR,ERR,ERR,ERR,ERR,ERR,ERR,ERR,ERR,ERR,ERR,ERR,ERR,ERR,ERR,ERR,ERR,ERR,ERR,ERR,ERR,ERR,ERR,ERR,ERR,ERR,ERR,ERR,ERR,ERR,ERR,ERR,ERR,ERR,ERR,ERR,ERR,ERR,ERR,ERR,ERR,ERR,ERR,ERR,ERR,ERR,ERR,ERR,ERR,ERR,ERR,ERR,ERR,ERR,ERR,ERR,ERR,ERR,ERR,ERR,ERR,ERR,ERR,ERR,ERR,ERR,ERR,ERR,ERR,ERR,ERR,ERR,ERR,ERR,ERR,ERR,ERR,ERR,ERR,ERR,ERR,ERR,ERR,ERR,ERR,ERR,ERR,ERR,ERR,ERR,ERR,ERR,ERR,ERR,ERR,ERR,ERR,ERR,ERR,ERR,ERR,ERR,ERR,ERR,ERR,ERR,ERR,ERR,ERR,ERR,ERR,ERR,ERR,ERR,ERR,ERR,ERR,ERR,ERR,ERR,0.0,-107615352.0,0.0,0.0,0.0,1.3936040501711995e+18,7.805,0.0,0,0,4,0,7116,0.0,100,0.0,0.0,0.0,0.0,0.0,0,0,0,0,0.0,0,0,0,0,0,0,0,0,0,0,0,0,0,0,0,0,0,0,0,0,0,0,0,0,0,0,0,0,0,0,0,0,0,31,40,40,71,65476,0,300,0,0,8,21553,0.0,-107605600.0,0.0,0.0,0.0,0.0,0.0,0.0,0.0,0.0,0.0,0.0,0.0,0.0,0.0,0.0,0.0,0.0,0.0,0.0,0.0,0.0,0.0,-2.004,-0.0,2.004,0.0,0.0,0.0,0.0,4513.0,8608166912.0,6922.0,0.0,-107615352.0,2.7184264179883896e+23,0.0,0.0,0.0,0.0,0.0,69,-0.0,-2.3088245329045016e+20,0.0,0.0,0.0,0.0,0.0,0.0,0.0,0,0,0,0.0,0.0,0.0,0.0,0.0,0.0,0.0,0.0,0.0,0.0,0.0,0.0,0.0,0.0,0.0,0.0,0,-107875648.0,69,0.0,138,0.0,0.0,0,0,17085,52429,17097,26215,17077,0,0,0,70,68,100,0.0,82.1,0.0,77.6,0.0,78.5,1,49,50,180,0,26215,0,0,0.0,0.0,0.0,0.0,-0.0,67.0,0.0,162057.094,0.0,965,0,987,0,0,0,945,0,1009,0,907,0,786,0,776,0,821,0,7520,0.032,1.2033618204333965e+19,0.0,0.0,784,16797,-0.0,162057.094,-114818.039,-0.0,0.133,6.909358625270745e+28,30.0,70.0,35,0.0,0.0,0.0,0.0,0.0,0.0,0.0,0.0,0.0,0.0,0.0,0.0,0.0,0.0,0.0,0.0,66.4,0,150,71,51,65476,0,300,0,0,8,20529,65476,0,0,44564,70.0,0.0,0.0,0.0,0.0,0.0
2026-09-10T21:56:59,ERR,ERR,ERR,ERR,ERR,ERR,ERR,ERR,ERR,ERR,ERR,ERR,ERR,ERR,ERR,ERR,ERR,ERR,ERR,ERR,ERR,ERR,ERR,ERR,ERR,ERR,ERR,ERR,ERR,ERR,ERR,ERR,ERR,ERR,ERR,ERR,ERR,ERR,ERR,ERR,ERR,ERR,ERR,ERR,ERR,ERR,ERR,ERR,ERR,ERR,ERR,ERR,ERR,ERR,ERR,ERR,ERR,ERR,ERR,ERR,ERR,ERR,ERR,ERR,ERR,ERR,ERR,ERR,ERR,ERR,ERR,ERR,ERR,ERR,ERR,ERR,ERR,ERR,ERR,ERR,ERR,ERR,ERR,ERR,ERR,ERR,ERR,ERR,ERR,ERR,ERR,ERR,ERR,ERR,ERR,ERR,ERR,ERR,ERR,ERR,ERR,ERR,ERR,ERR,ERR,ERR,ERR,ERR,ERR,ERR,ERR,ERR,ERR,ERR,ERR,ERR,ERR,ERR,ERR,ERR,ERR,ERR,ERR,ERR,ERR,0.0,-107615352.0,0.0,0.0,0.0,1.3936040501711995e+18,7.805,0.0,0,0,4,0,7116,0.0,100,0.0,0.0,0.0,0.0,0.0,0,0,0,0,0.0,0,0,0,0,0,0,0,0,0,0,0,0,0,0,0,0,0,0,0,0,0,0,0,0,0,0,0,0,0,0,0,0,0,31,40,40,71,65476,0,300,0,0,8,21553,0.0,-107605600.0,0.0,0.0,0.0,0.0,0.0,0.0,0.0,0.0,0.0,0.0,0.0,0.0,0.0,0.0,0.0,0.0,0.0,0.0,0.0,0.0,0.0,-2.004,-0.0,2.004,0.0,0.0,0.0,0.0,4513.0,8608166912.0,6922.0,0.0,-107615352.0,2.7184264179883896e+23,0.0,0.0,0.0,0.0,0.0,69,-0.0,-2.3088245329045016e+20,0.0,0.0,0.0,0.0,0.0,0.0,0.0,0,0,0,0.0,0.0,0.0,0.0,0.0,0.0,0.0,0.0,0.0,0.0,0.0,0.0,0.0,0.0,0.0,0.0,0,-107875648.0,69,0.0,138,0.0,0.0,0,0,17085,52429,17097,26215,17077,0,0,0,70,68,100,0.0,82.1,0.0,77.6,0.0,78.5,1,49,50,180,0,26215,0,0,0.0,0.0,0.0,0.0,-0.0,67.0,0.0,162057.094,0.0,965,0,987,0,0,0,945,0,1009,0,907,0,786,0,776,0,821,0,7520,0.032,1.2033618204333965e+19,0.0,0.0,784,16797,-0.0,162057.094,-114818.039,-0.0,0.133,6.909358625270745e+28,30.0,70.0,35,0.0,0.0,0.0,0.0,0.0,0.0,0.0,0.0,0.0,0.0,0.0,0.0,0.0,0.0,0.0,0.0,66.4,0,150,71,51,65476,0,300,0,0,8,20529,65476,0,0,44564,70.0,0.0,0.0,0.0,0.0,0.0
2026-09-10T21:57:00,ERR,ERR,ERR,ERR,ERR,ERR,ERR,ERR,ERR,ERR,ERR,ERR,ERR,ERR,ERR,ERR,ERR,ERR,ERR,ERR,ERR,ERR,ERR,ERR,ERR,ERR,ERR,ERR,ERR,ERR,ERR,ERR,ERR,ERR,ERR,ERR,ERR,ERR,ERR,ERR,ERR,ERR,ERR,ERR,ERR,ERR,ERR,ERR,ERR,ERR,ERR,ERR,ERR,ERR,ERR,ERR,ERR,ERR,ERR,ERR,ERR,ERR,ERR,ERR,ERR,ERR,ERR,ERR,ERR,ERR,ERR,ERR,ERR,ERR,ERR,ERR,ERR,ERR,ERR,ERR,ERR,ERR,ERR,ERR,ERR,ERR,ERR,ERR,ERR,ERR,ERR,ERR,ERR,ERR,ERR,ERR,ERR,ERR,ERR,ERR,ERR,ERR,ERR,ERR,ERR,ERR,ERR,ERR,ERR,ERR,ERR,ERR,ERR,ERR,ERR,ERR,ERR,ERR,ERR,ERR,ERR,ERR,ERR,ERR,ERR,0.0,-107615352.0,0.0,0.0,0.0,1.3936040501711995e+18,7.805,0.0,0,0,4,0,7116,0.0,100,0.0,0.0,0.0,0.0,0.0,0,0,0,0,0.0,0,0,0,0,0,0,0,0,0,0,0,0,0,0,0,0,0,0,0,0,0,0,0,0,0,0,0,0,0,0,0,0,0,31,40,40,71,65476,0,300,0,0,8,21553,0.0,-107605600.0,0.0,0.0,0.0,0.0,0.0,0.0,0.0,0.0,0.0,0.0,0.0,0.0,0.0,0.0,0.0,0.0,0.0,0.0,0.0,0.0,0.0,-2.004,-0.0,2.004,0.0,0.0,0.0,0.0,4513.0,8608166912.0,6922.0,0.0,-107615352.0,2.7184264179883896e+23,0.0,0.0,0.0,0.0,0.0,69,-0.0,-2.3088245329045016e+20,0.0,0.0,0.0,0.0,0.0,0.0,0.0,0,0,0,0.0,0.0,0.0,0.0,0.0,0.0,0.0,0.0,0.0,0.0,0.0,0.0,0.0,0.0,0.0,0.0,0,-107875648.0,69,0.0,138,0.0,0.0,0,0,17085,52429,17097,26215,17077,0,0,0,70,68,100,0.0,82.1,0.0,77.6,0.0,78.5,1,49,50,180,0,26215,0,0,0.0,0.0,0.0,0.0,-0.0,67.0,0.0,162057.094,0.0,965,0,987,0,0,0,945,0,1009,0,907,0,786,0,776,0,821,0,7520,0.032,1.2033618204333965e+19,0.0,0.0,784,16797,-0.0,162057.094,-114818.039,-0.0,0.133,6.909358625270745e+28,30.0,70.0,35,0.0,0.0,0.0,0.0,0.0,0.0,0.0,0.0,0.0,0.0,0.0,0.0,0.0,0.0,0.0,0.0,66.4,0,150,71,51,65476,0,300,0,0,8,20529,65476,0,0,44564,70.0,0.0,0.0,0.0,0.0,0.0
2026-09-10T21:57:01,ERR,ERR,ERR,ERR,ERR,ERR,ERR,ERR,ERR,ERR,ERR,ERR,ERR,ERR,ERR,ERR,ERR,ERR,ERR,ERR,ERR,ERR,ERR,ERR,ERR,ERR,ERR,ERR,ERR,ERR,ERR,ERR,ERR,ERR,ERR,ERR,ERR,ERR,ERR,ERR,ERR,ERR,ERR,ERR,ERR,ERR,ERR,ERR,ERR,ERR,ERR,ERR,ERR,ERR,ERR,ERR,ERR,ERR,ERR,ERR,ERR,ERR,ERR,ERR,ERR,ERR,ERR,ERR,ERR,ERR,ERR,ERR,ERR,ERR,ERR,ERR,ERR,ERR,ERR,ERR,ERR,ERR,ERR,ERR,ERR,ERR,ERR,ERR,ERR,ERR,ERR,ERR,ERR,ERR,ERR,ERR,ERR,ERR,ERR,ERR,ERR,ERR,ERR,ERR,ERR,ERR,ERR,ERR,ERR,ERR,ERR,ERR,ERR,ERR,ERR,ERR,ERR,ERR,ERR,ERR,ERR,ERR,ERR,ERR,ERR,0.0,-107615352.0,0.0,0.0,0.0,1.3936040501711995e+18,7.805,0.0,0,0,4,0,7116,0.0,100,0.0,0.0,0.0,0.0,0.0,0,0,0,0,0.0,0,0,0,0,0,0,0,0,0,0,0,0,0,0,0,0,0,0,0,0,0,0,0,0,0,0,0,0,0,0,0,0,0,31,40,40,71,65476,0,300,0,0,8,21553,0.0,-107605600.0,0.0,0.0,0.0,0.0,0.0,0.0,0.0,0.0,0.0,0.0,0.0,0.0,0.0,0.0,0.0,0.0,0.0,0.0,0.0,0.0,0.0,-2.004,-0.0,2.004,0.0,0.0,0.0,0.0,4513.0,8608166912.0,6922.0,0.0,-107615352.0,2.7184264179883896e+23,0.0,0.0,0.0,0.0,0.0,69,-0.0,-2.3088245329045016e+20,0.0,0.0,0.0,0.0,0.0,0.0,0.0,0,0,0,0.0,0.0,0.0,0.0,0.0,0.0,0.0,0.0,0.0,0.0,0.0,0.0,0.0,0.0,0.0,0.0,0,-107875648.0,69,0.0,138,0.0,0.0,0,0,17085,52429,17097,26215,17077,0,0,0,70,68,100,0.0,82.1,0.0,77.6,0.0,78.5,1,49,50,180,0,26215,0,0,0.0,0.0,0.0,0.0,-0.0,67.0,0.0,162057.094,0.0,965,0,987,0,0,0,945,0,1009,0,907,0,786,0,776,0,821,0,7520,0.032,1.2033618204333965e+19,0.0,0.0,784,16797,-0.0,162057.094,-114818.039,-0.0,0.133,6.909358625270745e+28,30.0,70.0,35,0.0,0.0,0.0,0.0,0.0,0.0,0.0,0.0,0.0,0.0,0.0,0.0,0.0,0.0,0.0,0.0,66.4,0,150,71,51,65476,0,300,0,0,8,20529,65476,0,0,44564,70.0,0.0,0.0,0.0,0.0,0.0
2026-09-10T21:57:02,ERR,ERR,ERR,ERR,ERR,ERR,ERR,ERR,ERR,ERR,ERR,ERR,ERR,ERR,ERR,ERR,ERR,ERR,ERR,ERR,ERR,ERR,ERR,ERR,ERR,ERR,ERR,ERR,ERR,ERR,ERR,ERR,ERR,ERR,ERR,ERR,ERR,ERR,ERR,ERR,ERR,ERR,ERR,ERR,ERR,ERR,ERR,ERR,ERR,ERR,ERR,ERR,ERR,ERR,ERR,ERR,ERR,ERR,ERR,ERR,ERR,ERR,ERR,ERR,ERR,ERR,ERR,ERR,ERR,ERR,ERR,ERR,ERR,ERR,ERR,ERR,ERR,ERR,ERR,ERR,ERR,ERR,ERR,ERR,ERR,ERR,ERR,ERR,ERR,ERR,ERR,ERR,ERR,ERR,ERR,ERR,ERR,ERR,ERR,ERR,ERR,ERR,ERR,ERR,ERR,ERR,ERR,ERR,ERR,ERR,ERR,ERR,ERR,ERR,ERR,ERR,ERR,ERR,ERR,ERR,ERR,ERR,ERR,ERR,ERR,0.0,-107615352.0,0.0,0.0,0.0,1.3936040501711995e+18,7.805,0.0,0,0,4,0,7116,0.0,100,0.0,0.0,0.0,0.0,0.0,0,0,0,0,0.0,0,0,0,0,0,0,0,0,0,0,0,0,0,0,0,0,0,0,0,0,0,0,0,0,0,0,0,0,0,0,0,0,0,31,40,40,71,65476,0,300,0,0,8,21553,0.0,-107605600.0,0.0,0.0,0.0,0.0,0.0,0.0,0.0,0.0,0.0,0.0,0.0,0.0,0.0,0.0,0.0,0.0,0.0,0.0,0.0,0.0,0.0,-2.004,-0.0,2.004,0.0,0.0,0.0,0.0,4513.0,8608166912.0,6922.0,0.0,-107615352.0,2.7184264179883896e+23,0.0,0.0,0.0,0.0,0.0,69,-0.0,-2.3088245329045016e+20,0.0,0.0,0.0,0.0,0.0,0.0,0.0,0,0,0,0.0,0.0,0.0,0.0,0.0,0.0,0.0,0.0,0.0,0.0,0.0,0.0,0.0,0.0,0.0,0.0,0,-107875648.0,69,0.0,138,0.0,0.0,0,0,17085,52429,17097,26215,17077,0,0,0,70,68,100,0.0,82.1,0.0,77.6,0.0,78.5,1,49,50,180,0,26215,0,0,0.0,0.0,0.0,0.0,-0.0,67.0,0.0,162057.094,0.0,965,0,987,0,0,0,945,0,1009,0,907,0,786,0,776,0,821,0,7520,0.032,1.2033618204333965e+19,0.0,0.0,784,16797,-0.0,162057.094,-114818.039,-0.0,0.133,6.909358625270745e+28,30.0,70.0,35,0.0,0.0,0.0,0.0,0.0,0.0,0.0,0.0,0.0,0.0,0.0,0.0,0.0,0.0,0.0,0.0,66.4,0,150,71,51,65476,0,300,0,0,8,20529,65476,0,0,44564,70.0,0.0,0.0,0.0,0.0,0.0
2026-09-10T21:57:03,ERR,ERR,ERR,ERR,ERR,ERR,ERR,ERR,ERR,ERR,ERR,ERR,ERR,ERR,ERR,ERR,ERR,ERR,ERR,ERR,ERR,ERR,ERR,ERR,ERR,ERR,ERR,ERR,ERR,ERR,ERR,ERR,ERR,ERR,ERR,ERR,ERR,ERR,ERR,ERR,ERR,ERR,ERR,ERR,ERR,ERR,ERR,ERR,ERR,ERR,ERR,ERR,ERR,ERR,ERR,ERR,ERR,ERR,ERR,ERR,ERR,ERR,ERR,ERR,ERR,ERR,ERR,ERR,ERR,ERR,ERR,ERR,ERR,ERR,ERR,ERR,ERR,ERR,ERR,ERR,ERR,ERR,ERR,ERR,ERR,ERR,ERR,ERR,ERR,ERR,ERR,ERR,ERR,ERR,ERR,ERR,ERR,ERR,ERR,ERR,ERR,ERR,ERR,ERR,ERR,ERR,ERR,ERR,ERR,ERR,ERR,ERR,ERR,ERR,ERR,ERR,ERR,ERR,ERR,ERR,ERR,ERR,ERR,ERR,ERR,0.0,-107615352.0,0.0,0.0,0.0,1.3936040501711995e+18,7.805,0.0,0,0,4,0,7116,0.0,100,0.0,0.0,0.0,0.0,0.0,0,0,0,0,0.0,0,0,0,0,0,0,0,0,0,0,0,0,0,0,0,0,0,0,0,0,0,0,0,0,0,0,0,0,0,0,0,0,0,31,40,40,71,65476,0,300,0,0,8,21553,0.0,-107605600.0,0.0,0.0,0.0,0.0,0.0,0.0,0.0,0.0,0.0,0.0,0.0,0.0,0.0,0.0,0.0,0.0,0.0,0.0,0.0,0.0,0.0,-2.004,-0.0,2.004,0.0,0.0,0.0,0.0,4513.0,8608166912.0,6922.0,0.0,-107615352.0,2.7184264179883896e+23,0.0,0.0,0.0,0.0,0.0,69,-0.0,-2.3088245329045016e+20,0.0,0.0,0.0,0.0,0.0,0.0,0.0,0,0,0,0.0,0.0,0.0,0.0,0.0,0.0,0.0,0.0,0.0,0.0,0.0,0.0,0.0,0.0,0.0,0.0,0,-107875648.0,69,0.0,138,0.0,0.0,0,0,17085,52429,17097,26215,17077,0,0,0,70,68,100,0.0,82.1,0.0,77.6,0.0,78.5,1,49,50,180,0,26215,0,0,0.0,0.0,0.0,0.0,-0.0,67.0,0.0,162057.094,0.0,965,0,987,0,0,0,945,0,1009,0,907,0,786,0,776,0,821,0,7520,0.032,1.2033618204333965e+19,0.0,0.0,784,16797,-0.0,162057.094,-114818.039,-0.0,0.133,6.909358625270745e+28,30.0,70.0,35,0.0,0.0,0.0,0.0,0.0,0.0,0.0,0.0,0.0,0.0,0.0,0.0,0.0,0.0,0.0,0.0,66.4,0,150,71,51,65476,0,300,0,0,8,20529,65476,0,0,44564,70.0,0.0,0.0,0.0,0.0,0.0
2026-09-10T21:57:04,ERR,ERR,ERR,ERR,ERR,ERR,ERR,ERR,ERR,ERR,ERR,ERR,ERR,ERR,ERR,ERR,ERR,ERR,ERR,ERR,ERR,ERR,ERR,ERR,ERR,ERR,ERR,ERR,ERR,ERR,ERR,ERR,ERR,ERR,ERR,ERR,ERR,ERR,ERR,ERR,ERR,ERR,ERR,ERR,ERR,ERR,ERR,ERR,ERR,ERR,ERR,ERR,ERR,ERR,ERR,ERR,ERR,ERR,ERR,ERR,ERR,ERR,ERR,ERR,ERR,ERR,ERR,ERR,ERR,ERR,ERR,ERR,ERR,ERR,ERR,ERR,ERR,ERR,ERR,ERR,ERR,ERR,ERR,ERR,ERR,ERR,ERR,ERR,ERR,ERR,ERR,ERR,ERR,ERR,ERR,ERR,ERR,ERR,ERR,ERR,ERR,ERR,ERR,ERR,ERR,ERR,ERR,ERR,ERR,ERR,ERR,ERR,ERR,ERR,ERR,ERR,ERR,ERR,ERR,ERR,ERR,ERR,ERR,ERR,ERR,0.0,-107615352.0,0.0,0.0,0.0,1.3936040501711995e+18,7.805,0.0,0,0,4,0,7116,0.0,100,0.0,0.0,0.0,0.0,0.0,0,0,0,0,0.0,0,0,0,0,0,0,0,0,0,0,0,0,0,0,0,0,0,0,0,0,0,0,0,0,0,0,0,0,0,0,0,0,0,31,40,40,71,65476,0,300,0,0,8,21553,0.0,-107605600.0,0.0,0.0,0.0,0.0,0.0,0.0,0.0,0.0,0.0,0.0,0.0,0.0,0.0,0.0,0.0,0.0,0.0,0.0,0.0,0.0,0.0,-2.004,-0.0,2.004,0.0,0.0,0.0,0.0,4513.0,8608166912.0,6922.0,0.0,-107615352.0,2.7184264179883896e+23,0.0,0.0,0.0,0.0,0.0,69,-0.0,-2.3088245329045016e+20,0.0,0.0,0.0,0.0,0.0,0.0,0.0,0,0,0,0.0,0.0,0.0,0.0,0.0,0.0,0.0,0.0,0.0,0.0,0.0,0.0,0.0,0.0,0.0,0.0,0,-107875648.0,69,0.0,138,0.0,0.0,0,0,17085,52429,17097,26215,17077,0,0,0,70,68,100,0.0,82.1,0.0,77.6,0.0,78.5,1,49,50,180,0,26215,0,0,0.0,0.0,0.0,0.0,-0.0,67.0,0.0,162057.094,0.0,965,0,987,0,0,0,945,0,1009,0,907,0,786,0,776,0,821,0,7520,0.032,1.2033618204333965e+19,0.0,0.0,784,16797,-0.0,162057.094,-114818.039,-0.0,0.133,6.909358625270745e+28,30.0,70.0,35,0.0,0.0,0.0,0.0,0.0,0.0,0.0,0.0,0.0,0.0,0.0,0.0,0.0,0.0,0.0,0.0,66.4,0,150,71,51,65476,0,300,0,0,8,20529,65476,0,0,44564,70.0,0.0,0.0,0.0,0.0,0.0
2026-09-10T21:57:05,ERR,ERR,ERR,ERR,ERR,ERR,ERR,ERR,ERR,ERR,ERR,ERR,ERR,ERR,ERR,ERR,ERR,ERR,ERR,ERR,ERR,ERR,ERR,ERR,ERR,ERR,ERR,ERR,ERR,ERR,ERR,ERR,ERR,ERR,ERR,ERR,ERR,ERR,ERR,ERR,ERR,ERR,ERR,ERR,ERR,ERR,ERR,ERR,ERR,ERR,ERR,ERR,ERR,ERR,ERR,ERR,ERR,ERR,ERR,ERR,ERR,ERR,ERR,ERR,ERR,ERR,ERR,ERR,ERR,ERR,ERR,ERR,ERR,ERR,ERR,ERR,ERR,ERR,ERR,ERR,ERR,ERR,ERR,ERR,ERR,ERR,ERR,ERR,ERR,ERR,ERR,ERR,ERR,ERR,ERR,ERR,ERR,ERR,ERR,ERR,ERR,ERR,ERR,ERR,ERR,ERR,ERR,ERR,ERR,ERR,ERR,ERR,ERR,ERR,ERR,ERR,ERR,ERR,ERR,ERR,ERR,ERR,ERR,ERR,ERR,0.0,-107615352.0,0.0,0.0,0.0,1.3936040501711995e+18,7.805,0.0,0,0,4,0,7116,0.0,100,0.0,0.0,0.0,0.0,0.0,0,0,0,0,0.0,0,0,0,0,0,0,0,0,0,0,0,0,0,0,0,0,0,0,0,0,0,0,0,0,0,0,0,0,0,0,0,0,0,31,40,40,71,65476,0,300,0,0,8,21553,0.0,-107605600.0,0.0,0.0,0.0,0.0,0.0,0.0,0.0,0.0,0.0,0.0,0.0,0.0,0.0,0.0,0.0,0.0,0.0,0.0,0.0,0.0,0.0,-2.004,-0.0,2.004,0.0,0.0,0.0,0.0,4513.0,8608166912.0,6922.0,0.0,-107615352.0,2.7184264179883896e+23,0.0,0.0,0.0,0.0,0.0,69,-0.0,-2.3088245329045016e+20,0.0,0.0,0.0,0.0,0.0,0.0,0.0,0,0,0,0.0,0.0,0.0,0.0,0.0,0.0,0.0,0.0,0.0,0.0,0.0,0.0,0.0,0.0,0.0,0.0,0,-107875648.0,69,0.0,138,0.0,0.0,0,0,17085,52429,17097,26215,17077,0,0,0,70,68,100,0.0,82.1,0.0,77.6,0.0,78.5,1,49,50,180,0,26215,0,0,0.0,0.0,0.0,0.0,-0.0,67.0,0.0,162057.094,0.0,965,0,987,0,0,0,945,0,1009,0,907,0,786,0,776,0,821,0,7520,0.032,1.2033618204333965e+19,0.0,0.0,784,16797,-0.0,162057.094,-114818.039,-0.0,0.133,6.909358625270745e+28,30.0,70.0,35,0.0,0.0,0.0,0.0,0.0,0.0,0.0,0.0,0.0,0.0,0.0,0.0,0.0,0.0,0.0,0.0,66.4,0,150,71,51,65476,0,300,0,0,8,20529,65476,0,0,44564,70.0,0.0,0.0,0.0,0.0,0.0
2026-09-10T21:57:06,ERR,ERR,ERR,ERR,ERR,ERR,ERR,ERR,ERR,ERR,ERR,ERR,ERR,ERR,ERR,ERR,ERR,ERR,ERR,ERR,ERR,ERR,ERR,ERR,ERR,ERR,ERR,ERR,ERR,ERR,ERR,ERR,ERR,ERR,ERR,ERR,ERR,ERR,ERR,ERR,ERR,ERR,ERR,ERR,ERR,ERR,ERR,ERR,ERR,ERR,ERR,ERR,ERR,ERR,ERR,ERR,ERR,ERR,ERR,ERR,ERR,ERR,ERR,ERR,ERR,ERR,ERR,ERR,ERR,ERR,ERR,ERR,ERR,ERR,ERR,ERR,ERR,ERR,ERR,ERR,ERR,ERR,ERR,ERR,ERR,ERR,ERR,ERR,ERR,ERR,ERR,ERR,ERR,ERR,ERR,ERR,ERR,ERR,ERR,ERR,ERR,ERR,ERR,ERR,ERR,ERR,ERR,ERR,ERR,ERR,ERR,ERR,ERR,ERR,ERR,ERR,ERR,ERR,ERR,ERR,ERR,ERR,ERR,ERR,ERR,0.0,-107615352.0,-0.0,0.0,0.0,1.3936040501711995e+18,7.805,0.0,0,0,4,0,7116,0.0,100,0.0,0.0,0.0,0.0,0.0,0,0,0,0,0.0,0,0,0,0,0,0,0,0,0,0,0,0,0,0,0,0,0,0,0,0,0,0,0,0,0,0,0,0,0,0,0,0,0,31,40,40,71,65476,0,300,0,0,8,21553,0.0,-107605600.0,0.0,0.0,0.0,0.0,0.0,0.0,0.0,0.0,0.0,0.0,0.0,0.0,0.0,0.0,0.0,0.0,0.0,0.0,0.0,0.0,-2.004,-2.004,-0.0,2.004,0.0,0.0,0.0,0.0,4539.0,8608166912.0,6922.0,0.0,-107615352.0,2.7184264179883896e+23,-107615304.0,0.0,0.0,0.0,0.0,69,4.0668816144241325e+29,0.0,0.0,0.0,0.0,0.0,0.0,0.0,0.0,0,0,0,0.0,0.0,0.0,0.0,0.0,0.0,0.0,0.0,0.0,0.0,0.0,0.0,0.0,0.0,0.0,0.0,0,-107875648.0,69,0.0,138,0.0,0.0,0,0,17085,52429,17097,26215,17077,0,0,0,70,68,100,0.0,82.1,0.0,77.6,0.0,78.5,1,49,50,180,0,26215,0,0,0.0,0.0,0.0,0.0,-0.0,67.0,0.0,162057.094,0.0,965,0,987,0,0,0,945,0,1009,0,907,0,786,0,776,0,821,0,7520,0.032,1.2033618204333965e+19,0.0,0.0,784,16797,-0.0,162057.094,-114818.039,-0.0,0.133,6.909358625270745e+28,30.0,70.0,35,0.0,0.0,0.0,0.0,0.0,0.0,0.0,0.0,0.0,0.0,0.0,0.0,0.0,0.0,0.0,0.0,66.4,0,150,71,51,65476,0,300,0,0,8,20529,65476,0,0,44564,70.0,0.0,0.0,0.0,0.0,0.0
2026-09-10T21:57:07,ERR,ERR,ERR,ERR,ERR,ERR,ERR,ERR,ERR,ERR,ERR,ERR,ERR,ERR,ERR,ERR,ERR,ERR,ERR,ERR,ERR,ERR,ERR,ERR,ERR,ERR,ERR,ERR,ERR,ERR,ERR,ERR,ERR,ERR,ERR,ERR,ERR,ERR,ERR,ERR,ERR,ERR,ERR,ERR,ERR,ERR,ERR,ERR,ERR,ERR,ERR,ERR,ERR,ERR,ERR,ERR,ERR,ERR,ERR,ERR,ERR,ERR,ERR,ERR,ERR,ERR,ERR,ERR,ERR,ERR,ERR,ERR,ERR,ERR,ERR,ERR,ERR,ERR,ERR,ERR,ERR,ERR,ERR,ERR,ERR,ERR,ERR,ERR,ERR,ERR,ERR,ERR,ERR,ERR,ERR,ERR,ERR,ERR,ERR,ERR,ERR,ERR,ERR,ERR,ERR,ERR,ERR,ERR,ERR,ERR,ERR,ERR,ERR,ERR,ERR,ERR,ERR,ERR,ERR,ERR,ERR,ERR,ERR,ERR,ERR,0.0,-107615352.0,-0.0,0.0,0.0,1.3936040501711995e+18,7.805,0.0,0,0,4,0,7116,0.0,100,0.0,0.0,0.0,0.0,0.0,0,0,0,0,0.0,0,0,0,0,0,0,0,0,0,0,0,0,0,0,0,0,0,0,0,0,0,0,0,0,0,0,0,0,0,0,0,0,0,31,40,40,71,65476,0,300,0,0,8,21553,0.0,-107605600.0,0.0,0.0,0.0,0.0,0.0,0.0,0.0,0.0,0.0,0.0,0.0,0.0,0.0,0.0,0.0,0.0,0.0,0.0,0.0,0.0,-2.004,-2.004,-0.0,2.004,0.0,0.0,0.0,0.0,4539.0,8608166912.0,6922.0,0.0,-107615352.0,2.7184264179883896e+23,-107615304.0,0.0,0.0,0.0,0.0,69,4.0668816144241325e+29,0.0,0.0,0.0,0.0,0.0,0.0,0.0,0.0,0,0,0,0.0,0.0,0.0,0.0,0.0,0.0,0.0,0.0,0.0,0.0,0.0,0.0,0.0,0.0,0.0,0.0,0,-107875648.0,69,0.0,138,0.0,0.0,0,0,17085,52429,17097,26215,17077,0,0,0,70,68,100,0.0,82.1,0.0,77.6,0.0,78.5,1,49,50,180,0,26215,0,0,0.0,0.0,0.0,0.0,-0.0,67.0,0.0,162057.094,0.0,965,0,987,0,0,0,945,0,1009,0,907,0,786,0,776,0,821,0,7520,0.032,1.2033618204333965e+19,0.0,0.0,784,16797,-0.0,162057.094,-114818.039,-0.0,0.133,6.909358625270745e+28,30.0,70.0,35,0.0,0.0,0.0,0.0,0.0,0.0,0.0,0.0,0.0,0.0,0.0,0.0,0.0,0.0,0.0,0.0,66.4,0,150,71,51,65476,0,300,0,0,8,20529,65476,0,0,44564,70.0,0.0,0.0,0.0,0.0,0.0
2026-09-10T21:57:08,ERR,ERR,ERR,ERR,ERR,ERR,ERR,ERR,ERR,ERR,ERR,ERR,ERR,ERR,ERR,ERR,ERR,ERR,ERR,ERR,ERR,ERR,ERR,ERR,ERR,ERR,ERR,ERR,ERR,ERR,ERR,ERR,ERR,ERR,ERR,ERR,ERR,ERR,ERR,ERR,ERR,ERR,ERR,ERR,ERR,ERR,ERR,ERR,ERR,ERR,ERR,ERR,ERR,ERR,ERR,ERR,ERR,ERR,ERR,ERR,ERR,ERR,ERR,ERR,ERR,ERR,ERR,ERR,ERR,ERR,ERR,ERR,ERR,ERR,ERR,ERR,ERR,ERR,ERR,ERR,ERR,ERR,ERR,ERR,ERR,ERR,ERR,ERR,ERR,ERR,ERR,ERR,ERR,ERR,ERR,ERR,ERR,ERR,ERR,ERR,ERR,ERR,ERR,ERR,ERR,ERR,ERR,ERR,ERR,ERR,ERR,ERR,ERR,ERR,ERR,ERR,ERR,ERR,ERR,ERR,ERR,ERR,ERR,ERR,ERR,0.0,-107615352.0,-0.0,0.0,0.0,1.3936040501711995e+18,7.805,0.0,0,0,4,0,7116,0.0,100,0.0,0.0,0.0,0.0,0.0,0,0,0,0,0.0,0,0,0,0,0,0,0,0,0,0,0,0,0,0,0,0,0,0,0,0,0,0,0,0,0,0,0,0,0,0,0,0,0,31,40,40,71,65476,0,300,0,0,8,21553,0.0,-107605600.0,0.0,0.0,0.0,0.0,0.0,0.0,0.0,0.0,0.0,0.0,0.0,0.0,0.0,0.0,0.0,0.0,0.0,0.0,0.0,0.0,-2.004,-2.004,-0.0,2.004,0.0,0.0,0.0,0.0,4539.0,8608166912.0,6922.0,0.0,-107615352.0,2.7184264179883896e+23,-107615304.0,0.0,0.0,0.0,0.0,69,4.0668816144241325e+29,0.0,0.0,0.0,0.0,0.0,0.0,0.0,0.0,0,0,0,0.0,0.0,0.0,0.0,0.0,0.0,0.0,0.0,0.0,0.0,0.0,0.0,0.0,0.0,0.0,0.0,0,-107875648.0,69,0.0,138,0.0,0.0,0,0,17085,52429,17097,26215,17077,0,0,0,70,68,100,0.0,82.1,0.0,77.6,0.0,78.5,1,49,50,180,0,26215,0,0,0.0,0.0,0.0,0.0,-0.0,67.0,0.0,162057.094,0.0,965,0,987,0,0,0,945,0,1009,0,907,0,786,0,776,0,821,0,7520,0.032,1.2033618204333965e+19,0.0,0.0,784,16797,-0.0,162057.094,-114818.039,-0.0,0.133,6.909358625270745e+28,30.0,70.0,35,0.0,0.0,0.0,0.0,0.0,0.0,0.0,0.0,0.0,0.0,0.0,0.0,0.0,0.0,0.0,0.0,66.4,0,150,71,51,65476,0,300,0,0,8,20529,65476,0,0,44564,70.0,0.0,0.0,0.0,0.0,0.0
2026-09-10T21:57:09,ERR,ERR,ERR,ERR,ERR,ERR,ERR,ERR,ERR,ERR,ERR,ERR,ERR,ERR,ERR,ERR,ERR,ERR,ERR,ERR,ERR,ERR,ERR,ERR,ERR,ERR,ERR,ERR,ERR,ERR,ERR,ERR,ERR,ERR,ERR,ERR,ERR,ERR,ERR,ERR,ERR,ERR,ERR,ERR,ERR,ERR,ERR,ERR,ERR,ERR,ERR,ERR,ERR,ERR,ERR,ERR,ERR,ERR,ERR,ERR,ERR,ERR,ERR,ERR,ERR,ERR,ERR,ERR,ERR,ERR,ERR,ERR,ERR,ERR,ERR,ERR,ERR,ERR,ERR,ERR,ERR,ERR,ERR,ERR,ERR,ERR,ERR,ERR,ERR,ERR,ERR,ERR,ERR,ERR,ERR,ERR,ERR,ERR,ERR,ERR,ERR,ERR,ERR,ERR,ERR,ERR,ERR,ERR,ERR,ERR,ERR,ERR,ERR,ERR,ERR,ERR,ERR,ERR,ERR,ERR,ERR,ERR,ERR,ERR,ERR,0.0,-107615352.0,-0.0,0.0,0.0,1.3936040501711995e+18,7.805,0.0,0,0,4,0,7116,0.0,100,0.0,0.0,0.0,0.0,0.0,0,0,0,0,0.0,0,0,0,0,0,0,0,0,0,0,0,0,0,0,0,0,0,0,0,0,0,0,0,0,0,0,0,0,0,0,0,0,0,31,40,40,71,65476,0,300,0,0,8,21553,0.0,-107605600.0,0.0,0.0,0.0,0.0,0.0,0.0,0.0,0.0,0.0,0.0,0.0,0.0,0.0,0.0,0.0,0.0,0.0,0.0,0.0,0.0,-2.004,-2.004,-0.0,2.004,0.0,0.0,0.0,0.0,4539.0,8608166912.0,6922.0,0.0,-107615352.0,2.7184264179883896e+23,-107615304.0,0.0,0.0,0.0,0.0,69,4.0668816144241325e+29,0.0,0.0,0.0,0.0,0.0,0.0,0.0,0.0,0,0,0,0.0,0.0,0.0,0.0,0.0,0.0,0.0,0.0,0.0,0.0,0.0,0.0,0.0,0.0,0.0,0.0,0,-107875648.0,69,0.0,138,0.0,0.0,0,0,17085,52429,17097,26215,17077,0,0,0,70,68,100,0.0,82.1,0.0,77.6,0.0,78.5,1,49,50,180,0,26215,0,0,0.0,0.0,0.0,0.0,-0.0,67.0,0.0,162057.094,0.0,965,0,987,0,0,0,945,0,1009,0,907,0,786,0,776,0,821,0,7520,0.032,1.2033618204333965e+19,0.0,0.0,784,16797,-0.0,162057.094,-114818.039,-0.0,0.133,6.909358625270745e+28,30.0,70.0,35,0.0,0.0,0.0,0.0,0.0,0.0,0.0,0.0,0.0,0.0,0.0,0.0,0.0,0.0,0.0,0.0,66.4,0,150,71,51,65476,0,300,0,0,8,20529,65476,0,0,44564,70.0,0.0,0.0,0.0,0.0,0.0
2026-09-10T21:57:10,ERR,ERR,ERR,ERR,ERR,ERR,ERR,ERR,ERR,ERR,ERR,ERR,ERR,ERR,ERR,ERR,ERR,ERR,ERR,ERR,ERR,ERR,ERR,ERR,ERR,ERR,ERR,ERR,ERR,ERR,ERR,ERR,ERR,ERR,ERR,ERR,ERR,ERR,ERR,ERR,ERR,ERR,ERR,ERR,ERR,ERR,ERR,ERR,ERR,ERR,ERR,ERR,ERR,ERR,ERR,ERR,ERR,ERR,ERR,ERR,ERR,ERR,ERR,ERR,ERR,ERR,ERR,ERR,ERR,ERR,ERR,ERR,ERR,ERR,ERR,ERR,ERR,ERR,ERR,ERR,ERR,ERR,ERR,ERR,ERR,ERR,ERR,ERR,ERR,ERR,ERR,ERR,ERR,ERR,ERR,ERR,ERR,ERR,ERR,ERR,ERR,ERR,ERR,ERR,ERR,ERR,ERR,ERR,ERR,ERR,ERR,ERR,ERR,ERR,ERR,ERR,ERR,ERR,ERR,ERR,ERR,ERR,ERR,ERR,ERR,0.0,-107615352.0,-0.0,0.0,0.0,1.3936040501711995e+18,7.805,0.0,0,0,4,0,7116,0.0,100,0.0,0.0,0.0,0.0,0.0,0,0,0,0,0.0,0,0,0,0,0,0,0,0,0,0,0,0,0,0,0,0,0,0,0,0,0,0,0,0,0,0,0,0,0,0,0,0,0,31,40,40,71,65476,0,300,0,0,8,21553,0.0,-107605600.0,0.0,0.0,0.0,0.0,0.0,0.0,0.0,0.0,0.0,0.0,0.0,0.0,0.0,0.0,0.0,0.0,0.0,0.0,0.0,0.0,-2.004,-2.004,-0.0,2.004,0.0,0.0,0.0,0.0,4539.0,8608166912.0,6922.0,0.0,-107615352.0,2.7184264179883896e+23,-107615304.0,0.0,0.0,0.0,0.0,69,4.0668816144241325e+29,0.0,0.0,0.0,0.0,0.0,0.0,0.0,0.0,0,0,0,0.0,0.0,0.0,0.0,0.0,0.0,0.0,0.0,0.0,0.0,0.0,0.0,0.0,0.0,0.0,0.0,0,-107875648.0,69,0.0,138,0.0,0.0,0,0,17085,52429,17097,26215,17077,0,0,0,70,68,100,0.0,82.1,0.0,77.6,0.0,78.5,1,49,50,180,0,26215,0,0,0.0,0.0,0.0,0.0,-0.0,67.0,0.0,162057.094,0.0,965,0,987,0,0,0,945,0,1009,0,907,0,786,0,776,0,821,0,7520,0.032,1.2033618204333965e+19,0.0,0.0,784,16797,-0.0,162057.094,-114818.039,-0.0,0.133,6.909358625270745e+28,30.0,70.0,35,0.0,0.0,0.0,0.0,0.0,0.0,0.0,0.0,0.0,0.0,0.0,0.0,0.0,0.0,0.0,0.0,66.4,0,150,71,51,65476,0,300,0,0,8,20529,65476,0,0,44564,70.0,0.0,0.0,0.0,0.0,0.0
2026-09-10T21:57:11,ERR,ERR,ERR,ERR,ERR,ERR,ERR,ERR,ERR,ERR,ERR,ERR,ERR,ERR,ERR,ERR,ERR,ERR,ERR,ERR,ERR,ERR,ERR,ERR,ERR,ERR,ERR,ERR,ERR,ERR,ERR,ERR,ERR,ERR,ERR,ERR,ERR,ERR,ERR,ERR,ERR,ERR,ERR,ERR,ERR,ERR,ERR,ERR,ERR,ERR,ERR,ERR,ERR,ERR,ERR,ERR,ERR,ERR,ERR,ERR,ERR,ERR,ERR,ERR,ERR,ERR,ERR,ERR,ERR,ERR,ERR,ERR,ERR,ERR,ERR,ERR,ERR,ERR,ERR,ERR,ERR,ERR,ERR,ERR,ERR,ERR,ERR,ERR,ERR,ERR,ERR,ERR,ERR,ERR,ERR,ERR,ERR,ERR,ERR,ERR,ERR,ERR,ERR,ERR,ERR,ERR,ERR,ERR,ERR,ERR,ERR,ERR,ERR,ERR,ERR,ERR,ERR,ERR,ERR,ERR,ERR,ERR,ERR,ERR,ERR,0.0,-107615352.0,-0.0,0.0,0.0,1.3936040501711995e+18,7.805,0.0,0,0,4,0,7116,0.0,100,0.0,0.0,0.0,0.0,0.0,0,0,0,0,0.0,0,0,0,0,0,0,0,0,0,0,0,0,0,0,0,0,0,0,0,0,0,0,0,0,0,0,0,0,0,0,0,0,0,31,40,40,71,65476,0,300,0,0,8,21553,0.0,-107605600.0,0.0,0.0,0.0,0.0,0.0,0.0,0.0,0.0,0.0,0.0,0.0,0.0,0.0,0.0,0.0,0.0,0.0,0.0,0.0,0.0,-2.004,-2.004,-0.0,2.004,0.0,0.0,0.0,0.0,4539.0,8608166912.0,6922.0,0.0,-107615352.0,2.7184264179883896e+23,-107615304.0,0.0,0.0,0.0,0.0,69,4.0668816144241325e+29,0.0,0.0,0.0,0.0,0.0,0.0,0.0,0.0,0,0,0,0.0,0.0,0.0,0.0,0.0,0.0,0.0,0.0,0.0,0.0,0.0,0.0,0.0,0.0,0.0,0.0,0,-107875648.0,69,0.0,138,0.0,0.0,0,0,17085,52429,17097,26215,17077,0,0,0,70,68,100,0.0,82.1,0.0,77.6,0.0,78.5,1,49,50,180,0,26215,0,0,0.0,0.0,0.0,0.0,-0.0,67.0,0.0,162057.094,0.0,965,0,987,0,0,0,945,0,1009,0,907,0,786,0,776,0,821,0,7520,0.032,1.2033618204333965e+19,0.0,0.0,784,16797,-0.0,162057.094,-114818.039,-0.0,0.133,6.909358625270745e+28,30.0,70.0,35,0.0,0.0,0.0,0.0,0.0,0.0,0.0,0.0,0.0,0.0,0.0,0.0,0.0,0.0,0.0,0.0,66.4,0,150,71,51,65476,0,300,0,0,8,20529,65476,0,0,44564,70.0,0.0,0.0,0.0,0.0,0.0
2026-09-10T21:57:12,ERR,ERR,ERR,ERR,ERR,ERR,ERR,ERR,ERR,ERR,ERR,ERR,ERR,ERR,ERR,ERR,ERR,ERR,ERR,ERR,ERR,ERR,ERR,ERR,ERR,ERR,ERR,ERR,ERR,ERR,ERR,ERR,ERR,ERR,ERR,ERR,ERR,ERR,ERR,ERR,ERR,ERR,ERR,ERR,ERR,ERR,ERR,ERR,ERR,ERR,ERR,ERR,ERR,ERR,ERR,ERR,ERR,ERR,ERR,ERR,ERR,ERR,ERR,ERR,ERR,ERR,ERR,ERR,ERR,ERR,ERR,ERR,ERR,ERR,ERR,ERR,ERR,ERR,ERR,ERR,ERR,ERR,ERR,ERR,ERR,ERR,ERR,ERR,ERR,ERR,ERR,ERR,ERR,ERR,ERR,ERR,ERR,ERR,ERR,ERR,ERR,ERR,ERR,ERR,ERR,ERR,ERR,ERR,ERR,ERR,ERR,ERR,ERR,ERR,ERR,ERR,ERR,ERR,ERR,ERR,ERR,ERR,ERR,ERR,ERR,0.0,-107615352.0,-0.0,0.0,0.0,1.3936040501711995e+18,7.805,0.0,0,0,4,0,7116,0.0,100,0.0,0.0,0.0,0.0,0.0,0,0,0,0,0.0,0,0,0,0,0,0,0,0,0,0,0,0,0,0,0,0,0,0,0,0,0,0,0,0,0,0,0,0,0,0,0,0,0,31,40,40,71,65476,0,300,0,0,8,21553,0.0,-107605600.0,0.0,0.0,0.0,0.0,0.0,0.0,0.0,0.0,0.0,0.0,0.0,0.0,0.0,0.0,0.0,0.0,0.0,0.0,0.0,0.0,-2.004,-2.004,-0.0,2.004,0.0,0.0,0.0,0.0,4539.0,8608166912.0,6922.0,0.0,-107615352.0,2.7184264179883896e+23,-107615304.0,0.0,0.0,0.0,0.0,69,4.0668816144241325e+29,0.0,0.0,0.0,0.0,0.0,0.0,0.0,0.0,0,0,0,0.0,0.0,0.0,0.0,0.0,0.0,0.0,0.0,0.0,0.0,0.0,0.0,0.0,0.0,0.0,0.0,0,-107875648.0,69,0.0,138,0.0,0.0,0,0,17085,52429,17097,26215,17077,0,0,0,70,68,100,0.0,82.1,0.0,77.6,0.0,78.5,1,49,50,180,0,26215,0,0,0.0,0.0,0.0,0.0,-0.0,67.0,0.0,162057.094,0.0,965,0,987,0,0,0,945,0,1009,0,907,0,786,0,776,0,821,0,7520,0.032,1.2033618204333965e+19,0.0,0.0,784,16797,-0.0,162057.094,-114818.039,-0.0,0.133,6.909358625270745e+28,30.0,70.0,35,0.0,0.0,0.0,0.0,0.0,0.0,0.0,0.0,0.0,0.0,0.0,0.0,0.0,0.0,0.0,0.0,66.4,0,150,71,51,65476,0,300,0,0,8,20529,65476,0,0,44564,70.0,0.0,0.0,0.0,0.0,0.0
2026-09-10T21:57:13,ERR,ERR,ERR,ERR,ERR,ERR,ERR,ERR,ERR,ERR,ERR,ERR,ERR,ERR,ERR,ERR,ERR,ERR,ERR,ERR,ERR,ERR,ERR,ERR,ERR,ERR,ERR,ERR,ERR,ERR,ERR,ERR,ERR,ERR,ERR,ERR,ERR,ERR,ERR,ERR,ERR,ERR,ERR,ERR,ERR,ERR,ERR,ERR,ERR,ERR,ERR,ERR,ERR,ERR,ERR,ERR,ERR,ERR,ERR,ERR,ERR,ERR,ERR,ERR,ERR,ERR,ERR,ERR,ERR,ERR,ERR,ERR,ERR,ERR,ERR,ERR,ERR,ERR,ERR,ERR,ERR,ERR,ERR,ERR,ERR,ERR,ERR,ERR,ERR,ERR,ERR,ERR,ERR,ERR,ERR,ERR,ERR,ERR,ERR,ERR,ERR,ERR,ERR,ERR,ERR,ERR,ERR,ERR,ERR,ERR,ERR,ERR,ERR,ERR,ERR,ERR,ERR,ERR,ERR,ERR,ERR,ERR,ERR,ERR,ERR,0.0,-107615352.0,-0.0,0.0,0.0,1.3936040501711995e+18,7.805,0.0,0,0,4,0,7116,0.0,100,0.0,0.0,0.0,0.0,0.0,0,0,0,0,0.0,0,0,0,0,0,0,0,0,0,0,0,0,0,0,0,0,0,0,0,0,0,0,0,0,0,0,0,0,0,0,0,0,0,31,40,40,71,65476,0,300,0,0,8,21553,0.0,-107605600.0,0.0,0.0,0.0,0.0,0.0,0.0,0.0,0.0,0.0,0.0,0.0,0.0,0.0,0.0,0.0,0.0,0.0,0.0,0.0,0.0,-2.004,-2.004,-0.0,2.004,0.0,0.0,0.0,0.0,4539.0,8608166912.0,6922.0,0.0,-107615352.0,2.7184264179883896e+23,-107615304.0,0.0,0.0,0.0,0.0,69,4.0668816144241325e+29,0.0,0.0,0.0,0.0,0.0,0.0,0.0,0.0,0,0,0,0.0,0.0,0.0,0.0,0.0,0.0,0.0,0.0,0.0,0.0,0.0,0.0,0.0,0.0,0.0,0.0,0,-107875648.0,69,0.0,138,0.0,0.0,0,0,17085,52429,17097,26215,17077,0,0,0,70,68,100,0.0,82.1,0.0,77.6,0.0,78.5,1,49,50,180,0,26215,0,0,0.0,0.0,0.0,0.0,-0.0,67.0,0.0,162057.094,0.0,965,0,987,0,0,0,945,0,1009,0,907,0,786,0,776,0,821,0,7520,0.032,1.2033618204333965e+19,0.0,0.0,784,16797,-0.0,162057.094,-114818.039,-0.0,0.133,6.909358625270745e+28,30.0,70.0,35,0.0,0.0,0.0,0.0,0.0,0.0,0.0,0.0,0.0,0.0,0.0,0.0,0.0,0.0,0.0,0.0,66.4,0,150,71,51,65476,0,300,0,0,8,20529,65476,0,0,44564,70.0,0.0,0.0,0.0,0.0,0.0
2026-09-10T21:57:14,ERR,ERR,ERR,ERR,ERR,ERR,ERR,ERR,ERR,ERR,ERR,ERR,ERR,ERR,ERR,ERR,ERR,ERR,ERR,ERR,ERR,ERR,ERR,ERR,ERR,ERR,ERR,ERR,ERR,ERR,ERR,ERR,ERR,ERR,ERR,ERR,ERR,ERR,ERR,ERR,ERR,ERR,ERR,ERR,ERR,ERR,ERR,ERR,ERR,ERR,ERR,ERR,ERR,ERR,ERR,ERR,ERR,ERR,ERR,ERR,ERR,ERR,ERR,ERR,ERR,ERR,ERR,ERR,ERR,ERR,ERR,ERR,ERR,ERR,ERR,ERR,ERR,ERR,ERR,ERR,ERR,ERR,ERR,ERR,ERR,ERR,ERR,ERR,ERR,ERR,ERR,ERR,ERR,ERR,ERR,ERR,ERR,ERR,ERR,ERR,ERR,ERR,ERR,ERR,ERR,ERR,ERR,ERR,ERR,ERR,ERR,ERR,ERR,ERR,ERR,ERR,ERR,ERR,ERR,ERR,ERR,ERR,ERR,ERR,ERR,0.0,-107615352.0,0.0,0.0,0.0,1.3936040501711995e+18,7.805,0.0,0,0,4,0,7116,0.0,100,0.0,0.0,0.0,0.0,0.0,0,0,0,0,0.0,0,0,0,0,0,0,0,0,0,0,0,0,0,0,0,0,0,0,0,0,0,0,0,0,0,0,0,0,0,0,0,0,0,31,40,40,71,65476,0,300,0,0,8,21553,0.0,-107605600.0,0.0,0.0,0.0,0.0,0.0,0.0,0.0,0.0,0.0,0.0,0.0,0.0,0.0,0.0,0.0,0.0,0.0,0.0,0.0,0.0,0.0,-2.004,-0.0,2.004,0.0,0.0,0.0,0.0,4542.0,1.5879265196943865e+29,6926.0,0.0,-107615352.0,2.7184264179883896e+23,-107615304.0,0.0,0.0,0.0,0.0,69,-0.0,0.0,0.0,0.0,0.0,0.0,0.0,0.0,0.0,0,0,0,0.0,0.0,0.0,0.0,0.0,0.0,0.0,0.0,0.0,0.0,0.0,0.0,0.0,0.0,0.0,0.0,0,-107875648.0,69,0.0,138,0.0,0.0,0,0,17085,52429,17097,26215,17077,0,0,0,70,68,100,0.0,82.1,0.0,77.6,0.0,78.5,1,49,50,180,0,26215,0,0,0.0,0.0,0.0,0.0,-0.0,67.0,0.0,162057.094,0.0,965,0,987,0,0,0,945,0,1009,0,907,0,786,0,776,0,821,0,7520,0.032,1.2033618204333965e+19,0.0,0.0,784,16797,-0.0,162057.094,-114818.039,-0.0,0.133,6.909358625270745e+28,30.0,70.0,35,0.0,0.0,0.0,0.0,0.0,0.0,0.0,0.0,0.0,0.0,0.0,0.0,0.0,0.0,0.0,0.0,66.4,0,150,71,51,65476,0,300,0,0,8,20529,65476,0,0,44564,70.0,0.0,0.0,0.0,0.0,0.0
2026-09-10T21:57:15,ERR,ERR,ERR,ERR,ERR,ERR,ERR,ERR,ERR,ERR,ERR,ERR,ERR,ERR,ERR,ERR,ERR,ERR,ERR,ERR,ERR,ERR,ERR,ERR,ERR,ERR,ERR,ERR,ERR,ERR,ERR,ERR,ERR,ERR,ERR,ERR,ERR,ERR,ERR,ERR,ERR,ERR,ERR,ERR,ERR,ERR,ERR,ERR,ERR,ERR,ERR,ERR,ERR,ERR,ERR,ERR,ERR,ERR,ERR,ERR,ERR,ERR,ERR,ERR,ERR,ERR,ERR,ERR,ERR,ERR,ERR,ERR,ERR,ERR,ERR,ERR,ERR,ERR,ERR,ERR,ERR,ERR,ERR,ERR,ERR,ERR,ERR,ERR,ERR,ERR,ERR,ERR,ERR,ERR,ERR,ERR,ERR,ERR,ERR,ERR,ERR,ERR,ERR,ERR,ERR,ERR,ERR,ERR,ERR,ERR,ERR,ERR,ERR,ERR,ERR,ERR,ERR,ERR,ERR,ERR,ERR,ERR,ERR,ERR,ERR,0.0,-107615352.0,0.0,0.0,0.0,1.3936040501711995e+18,7.805,0.0,0,0,4,0,7116,0.0,100,0.0,0.0,0.0,0.0,0.0,0,0,0,0,0.0,0,0,0,0,0,0,0,0,0,0,0,0,0,0,0,0,0,0,0,0,0,0,0,0,0,0,0,0,0,0,0,0,0,31,40,40,71,65476,0,300,0,0,8,21553,0.0,-107605600.0,0.0,0.0,0.0,0.0,0.0,0.0,0.0,0.0,0.0,0.0,0.0,0.0,0.0,0.0,0.0,0.0,0.0,0.0,0.0,0.0,0.0,-2.004,-0.0,2.004,0.0,0.0,0.0,0.0,4542.0,1.5879265196943865e+29,6926.0,0.0,-107615352.0,2.7184264179883896e+23,-107615304.0,0.0,0.0,0.0,0.0,69,-0.0,0.0,0.0,0.0,0.0,0.0,0.0,0.0,0.0,0,0,0,0.0,0.0,0.0,0.0,0.0,0.0,0.0,0.0,0.0,0.0,0.0,0.0,0.0,0.0,0.0,0.0,0,-107875648.0,69,0.0,138,0.0,0.0,0,0,17085,52429,17097,26215,17077,0,0,0,70,68,100,0.0,82.1,0.0,77.6,0.0,78.5,1,49,50,180,0,26215,0,0,0.0,0.0,0.0,0.0,-0.0,67.0,0.0,162057.094,0.0,965,0,987,0,0,0,945,0,1009,0,907,0,786,0,776,0,821,0,7520,0.032,1.2033618204333965e+19,0.0,0.0,784,16797,-0.0,162057.094,-114818.039,-0.0,0.133,6.909358625270745e+28,30.0,70.0,35,0.0,0.0,0.0,0.0,0.0,0.0,0.0,0.0,0.0,0.0,0.0,0.0,0.0,0.0,0.0,0.0,66.4,0,150,71,51,65476,0,300,0,0,8,20529,65476,0,0,44564,70.0,0.0,0.0,0.0,0.0,0.0
2026-09-10T21:57:16,ERR,ERR,ERR,ERR,ERR,ERR,ERR,ERR,ERR,ERR,ERR,ERR,ERR,ERR,ERR,ERR,ERR,ERR,ERR,ERR,ERR,ERR,ERR,ERR,ERR,ERR,ERR,ERR,ERR,ERR,ERR,ERR,ERR,ERR,ERR,ERR,ERR,ERR,ERR,ERR,ERR,ERR,ERR,ERR,ERR,ERR,ERR,ERR,ERR,ERR,ERR,ERR,ERR,ERR,ERR,ERR,ERR,ERR,ERR,ERR,ERR,ERR,ERR,ERR,ERR,ERR,ERR,ERR,ERR,ERR,ERR,ERR,ERR,ERR,ERR,ERR,ERR,ERR,ERR,ERR,ERR,ERR,ERR,ERR,ERR,ERR,ERR,ERR,ERR,ERR,ERR,ERR,ERR,ERR,ERR,ERR,ERR,ERR,ERR,ERR,ERR,ERR,ERR,ERR,ERR,ERR,ERR,ERR,ERR,ERR,ERR,ERR,ERR,ERR,ERR,ERR,ERR,ERR,ERR,ERR,ERR,ERR,ERR,ERR,ERR,0.0,-107615352.0,0.0,0.0,0.0,1.3936040501711995e+18,7.805,0.0,0,0,4,0,7116,0.0,100,0.0,0.0,0.0,0.0,0.0,0,0,0,0,0.0,0,0,0,0,0,0,0,0,0,0,0,0,0,0,0,0,0,0,0,0,0,0,0,0,0,0,0,0,0,0,0,0,0,31,40,40,71,65476,0,300,0,0,8,21553,0.0,-107605600.0,0.0,0.0,0.0,0.0,0.0,0.0,0.0,0.0,0.0,0.0,0.0,0.0,0.0,0.0,0.0,0.0,0.0,0.0,0.0,0.0,0.0,-2.004,-0.0,2.004,0.0,0.0,0.0,0.0,4542.0,1.5879265196943865e+29,6926.0,0.0,-107615352.0,2.7184264179883896e+23,-107615304.0,0.0,0.0,0.0,0.0,69,-0.0,0.0,0.0,0.0,0.0,0.0,0.0,0.0,0.0,0,0,0,0.0,0.0,0.0,0.0,0.0,0.0,0.0,0.0,0.0,0.0,0.0,0.0,0.0,0.0,0.0,0.0,0,-107875648.0,69,0.0,138,0.0,0.0,0,0,17085,52429,17097,26215,17077,0,0,0,70,68,100,0.0,82.1,0.0,77.6,0.0,78.5,1,49,50,180,0,26215,0,0,0.0,0.0,0.0,0.0,-0.0,67.0,0.0,162057.094,0.0,965,0,987,0,0,0,945,0,1009,0,907,0,786,0,776,0,821,0,7520,0.032,1.2033618204333965e+19,0.0,0.0,784,16797,-0.0,162057.094,-114818.039,-0.0,0.133,6.909358625270745e+28,30.0,70.0,35,0.0,0.0,0.0,0.0,0.0,0.0,0.0,0.0,0.0,0.0,0.0,0.0,0.0,0.0,0.0,0.0,66.4,0,150,71,51,65476,0,300,0,0,8,20529,65476,0,0,44564,70.0,0.0,0.0,0.0,0.0,0.0
2026-09-10T21:57:17,ERR,ERR,ERR,ERR,ERR,ERR,ERR,ERR,ERR,ERR,ERR,ERR,ERR,ERR,ERR,ERR,ERR,ERR,ERR,ERR,ERR,ERR,ERR,ERR,ERR,ERR,ERR,ERR,ERR,ERR,ERR,ERR,ERR,ERR,ERR,ERR,ERR,ERR,ERR,ERR,ERR,ERR,ERR,ERR,ERR,ERR,ERR,ERR,ERR,ERR,ERR,ERR,ERR,ERR,ERR,ERR,ERR,ERR,ERR,ERR,ERR,ERR,ERR,ERR,ERR,ERR,ERR,ERR,ERR,ERR,ERR,ERR,ERR,ERR,ERR,ERR,ERR,ERR,ERR,ERR,ERR,ERR,ERR,ERR,ERR,ERR,ERR,ERR,ERR,ERR,ERR,ERR,ERR,ERR,ERR,ERR,ERR,ERR,ERR,ERR,ERR,ERR,ERR,ERR,ERR,ERR,ERR,ERR,ERR,ERR,ERR,ERR,ERR,ERR,ERR,ERR,ERR,ERR,ERR,ERR,ERR,ERR,ERR,ERR,ERR,0.0,-107615352.0,0.0,0.0,0.0,1.3936040501711995e+18,7.805,0.0,0,0,4,0,7116,0.0,100,0.0,0.0,0.0,0.0,0.0,0,0,0,0,0.0,0,0,0,0,0,0,0,0,0,0,0,0,0,0,0,0,0,0,0,0,0,0,0,0,0,0,0,0,0,0,0,0,0,31,40,40,71,65476,0,300,0,0,8,21553,0.0,-107605600.0,0.0,0.0,0.0,0.0,0.0,0.0,0.0,0.0,0.0,0.0,0.0,0.0,0.0,0.0,0.0,0.0,0.0,0.0,0.0,0.0,0.0,-2.004,-0.0,2.004,0.0,0.0,0.0,0.0,4542.0,1.5879265196943865e+29,6926.0,0.0,-107615352.0,2.7184264179883896e+23,-107615304.0,0.0,0.0,0.0,0.0,69,-0.0,0.0,0.0,0.0,0.0,0.0,0.0,0.0,0.0,0,0,0,0.0,0.0,0.0,0.0,0.0,0.0,0.0,0.0,0.0,0.0,0.0,0.0,0.0,0.0,0.0,0.0,0,-107875648.0,69,0.0,138,0.0,0.0,0,0,17085,52429,17097,26215,17077,0,0,0,70,68,100,0.0,82.1,0.0,77.6,0.0,78.5,1,49,50,180,0,26215,0,0,0.0,0.0,0.0,0.0,-0.0,67.0,0.0,162057.094,0.0,965,0,987,0,0,0,945,0,1009,0,907,0,786,0,776,0,821,0,7520,0.032,1.2033618204333965e+19,0.0,0.0,784,16797,-0.0,162057.094,-114818.039,-0.0,0.133,6.909358625270745e+28,30.0,70.0,35,0.0,0.0,0.0,0.0,0.0,0.0,0.0,0.0,0.0,0.0,0.0,0.0,0.0,0.0,0.0,0.0,66.4,0,150,71,51,65476,0,300,0,0,8,20529,65476,0,0,44564,70.0,0.0,0.0,0.0,0.0,0.0
2026-09-10T21:57:18,ERR,ERR,ERR,ERR,ERR,ERR,ERR,ERR,ERR,ERR,ERR,ERR,ERR,ERR,ERR,ERR,ERR,ERR,ERR,ERR,ERR,ERR,ERR,ERR,ERR,ERR,ERR,ERR,ERR,ERR,ERR,ERR,ERR,ERR,ERR,ERR,ERR,ERR,ERR,ERR,ERR,ERR,ERR,ERR,ERR,ERR,ERR,ERR,ERR,ERR,ERR,ERR,ERR,ERR,ERR,ERR,ERR,ERR,ERR,ERR,ERR,ERR,ERR,ERR,ERR,ERR,ERR,ERR,ERR,ERR,ERR,ERR,ERR,ERR,ERR,ERR,ERR,ERR,ERR,ERR,ERR,ERR,ERR,ERR,ERR,ERR,ERR,ERR,ERR,ERR,ERR,ERR,ERR,ERR,ERR,ERR,ERR,ERR,ERR,ERR,ERR,ERR,ERR,ERR,ERR,ERR,ERR,ERR,ERR,ERR,ERR,ERR,ERR,ERR,ERR,ERR,ERR,ERR,ERR,ERR,ERR,ERR,ERR,ERR,ERR,0.0,-107615352.0,0.0,0.0,0.0,1.3936040501711995e+18,7.805,0.0,0,0,4,0,7116,0.0,100,0.0,0.0,0.0,0.0,0.0,0,0,0,0,0.0,0,0,0,0,0,0,0,0,0,0,0,0,0,0,0,0,0,0,0,0,0,0,0,0,0,0,0,0,0,0,0,0,0,31,40,40,71,65476,0,300,0,0,8,21553,0.0,-107605600.0,0.0,0.0,0.0,0.0,0.0,0.0,0.0,0.0,0.0,0.0,0.0,0.0,0.0,0.0,0.0,0.0,0.0,0.0,0.0,0.0,0.0,-2.004,-0.0,2.004,0.0,0.0,0.0,0.0,4542.0,1.5879265196943865e+29,6926.0,0.0,-107615352.0,2.7184264179883896e+23,-107615304.0,0.0,0.0,0.0,0.0,69,-0.0,0.0,0.0,0.0,0.0,0.0,0.0,0.0,0.0,0,0,0,0.0,0.0,0.0,0.0,0.0,0.0,0.0,0.0,0.0,0.0,0.0,0.0,0.0,0.0,0.0,0.0,0,-107875648.0,69,0.0,138,0.0,0.0,0,0,17085,52429,17097,26215,17077,0,0,0,70,68,100,0.0,82.1,0.0,77.6,0.0,78.5,1,49,50,180,0,26215,0,0,0.0,0.0,0.0,0.0,-0.0,67.0,0.0,162057.094,0.0,965,0,987,0,0,0,945,0,1009,0,907,0,786,0,776,0,821,0,7520,0.032,1.2033618204333965e+19,0.0,0.0,784,16797,-0.0,162057.094,-114818.039,-0.0,0.133,6.909358625270745e+28,30.0,70.0,35,0.0,0.0,0.0,0.0,0.0,0.0,0.0,0.0,0.0,0.0,0.0,0.0,0.0,0.0,0.0,0.0,66.4,0,150,71,51,65476,0,300,0,0,8,20529,65476,0,0,44564,70.0,0.0,0.0,0.0,0.0,0.0
2026-09-10T21:57:19,ERR,ERR,ERR,ERR,ERR,ERR,ERR,ERR,ERR,ERR,ERR,ERR,ERR,ERR,ERR,ERR,ERR,ERR,ERR,ERR,ERR,ERR,ERR,ERR,ERR,ERR,ERR,ERR,ERR,ERR,ERR,ERR,ERR,ERR,ERR,ERR,ERR,ERR,ERR,ERR,ERR,ERR,ERR,ERR,ERR,ERR,ERR,ERR,ERR,ERR,ERR,ERR,ERR,ERR,ERR,ERR,ERR,ERR,ERR,ERR,ERR,ERR,ERR,ERR,ERR,ERR,ERR,ERR,ERR,ERR,ERR,ERR,ERR,ERR,ERR,ERR,ERR,ERR,ERR,ERR,ERR,ERR,ERR,ERR,ERR,ERR,ERR,ERR,ERR,ERR,ERR,ERR,ERR,ERR,ERR,ERR,ERR,ERR,ERR,ERR,ERR,ERR,ERR,ERR,ERR,ERR,ERR,ERR,ERR,ERR,ERR,ERR,ERR,ERR,ERR,ERR,ERR,ERR,ERR,ERR,ERR,ERR,ERR,ERR,ERR,0.0,-107615352.0,0.0,0.0,0.0,1.3936040501711995e+18,7.805,0.0,0,0,4,0,7116,0.0,100,0.0,0.0,0.0,0.0,0.0,0,0,0,0,0.0,0,0,0,0,0,0,0,0,0,0,0,0,0,0,0,0,0,0,0,0,0,0,0,0,0,0,0,0,0,0,0,0,0,31,40,40,71,65476,0,300,0,0,8,21553,0.0,-107605600.0,0.0,0.0,0.0,0.0,0.0,0.0,0.0,0.0,0.0,0.0,0.0,0.0,0.0,0.0,0.0,0.0,0.0,0.0,0.0,0.0,0.0,-2.004,-0.0,2.004,0.0,0.0,0.0,0.0,4542.0,1.5879265196943865e+29,6926.0,0.0,-107615352.0,2.7184264179883896e+23,-107615304.0,0.0,0.0,0.0,0.0,69,-0.0,0.0,0.0,0.0,0.0,0.0,0.0,0.0,0.0,0,0,0,0.0,0.0,0.0,0.0,0.0,0.0,0.0,0.0,0.0,0.0,0.0,0.0,0.0,0.0,0.0,0.0,0,-107875648.0,69,0.0,138,0.0,0.0,0,0,17085,52429,17097,26215,17077,0,0,0,70,68,100,0.0,82.1,0.0,77.6,0.0,78.5,1,49,50,180,0,26215,0,0,0.0,0.0,0.0,0.0,-0.0,67.0,0.0,162057.094,0.0,965,0,987,0,0,0,945,0,1009,0,907,0,786,0,776,0,821,0,7520,0.032,1.2033618204333965e+19,0.0,0.0,784,16797,-0.0,162057.094,-114818.039,-0.0,0.133,6.909358625270745e+28,30.0,70.0,35,0.0,0.0,0.0,0.0,0.0,0.0,0.0,0.0,0.0,0.0,0.0,0.0,0.0,0.0,0.0,0.0,66.4,0,150,71,51,65476,0,300,0,0,8,20529,65476,0,0,44564,70.0,0.0,0.0,0.0,0.0,0.0
2026-09-10T21:57:20,ERR,ERR,ERR,ERR,ERR,ERR,ERR,ERR,ERR,ERR,ERR,ERR,ERR,ERR,ERR,ERR,ERR,ERR,ERR,ERR,ERR,ERR,ERR,ERR,ERR,ERR,ERR,ERR,ERR,ERR,ERR,ERR,ERR,ERR,ERR,ERR,ERR,ERR,ERR,ERR,ERR,ERR,ERR,ERR,ERR,ERR,ERR,ERR,ERR,ERR,ERR,ERR,ERR,ERR,ERR,ERR,ERR,ERR,ERR,ERR,ERR,ERR,ERR,ERR,ERR,ERR,ERR,ERR,ERR,ERR,ERR,ERR,ERR,ERR,ERR,ERR,ERR,ERR,ERR,ERR,ERR,ERR,ERR,ERR,ERR,ERR,ERR,ERR,ERR,ERR,ERR,ERR,ERR,ERR,ERR,ERR,ERR,ERR,ERR,ERR,ERR,ERR,ERR,ERR,ERR,ERR,ERR,ERR,ERR,ERR,ERR,ERR,ERR,ERR,ERR,ERR,ERR,ERR,ERR,ERR,ERR,ERR,ERR,ERR,ERR,0.0,-107615352.0,0.0,0.0,0.0,1.3936040501711995e+18,7.805,0.0,0,0,4,0,7116,0.0,100,0.0,0.0,0.0,0.0,0.0,0,0,0,0,0.0,0,0,0,0,0,0,0,0,0,0,0,0,0,0,0,0,0,0,0,0,0,0,0,0,0,0,0,0,0,0,0,0,0,31,40,40,71,65476,0,300,0,0,8,21553,0.0,-107605600.0,0.0,0.0,0.0,0.0,0.0,0.0,0.0,0.0,0.0,0.0,0.0,0.0,0.0,0.0,0.0,0.0,0.0,0.0,0.0,0.0,0.0,-2.004,-0.0,2.004,0.0,0.0,0.0,0.0,4542.0,1.5879265196943865e+29,6926.0,0.0,-107615352.0,2.7184264179883896e+23,-107615304.0,0.0,0.0,0.0,0.0,69,-0.0,0.0,0.0,0.0,0.0,0.0,0.0,0.0,0.0,0,0,0,0.0,0.0,0.0,0.0,0.0,0.0,0.0,0.0,0.0,0.0,0.0,0.0,0.0,0.0,0.0,0.0,0,-107875648.0,69,0.0,138,0.0,0.0,0,0,17085,52429,17097,26215,17077,0,0,0,70,68,100,0.0,82.1,0.0,77.6,0.0,78.5,1,49,50,180,0,26215,0,0,0.0,0.0,0.0,0.0,-0.0,67.0,0.0,162057.094,0.0,965,0,987,0,0,0,945,0,1009,0,907,0,786,0,776,0,821,0,7520,0.032,1.2033618204333965e+19,0.0,0.0,784,16797,-0.0,162057.094,-114818.039,-0.0,0.133,6.909358625270745e+28,30.0,70.0,35,0.0,0.0,0.0,0.0,0.0,0.0,0.0,0.0,0.0,0.0,0.0,0.0,0.0,0.0,0.0,0.0,66.4,0,150,71,51,65476,0,300,0,0,8,20529,65476,0,0,44564,70.0,0.0,0.0,0.0,0.0,0.0
2026-09-10T21:57:21,ERR,ERR,ERR,ERR,ERR,ERR,ERR,ERR,ERR,ERR,ERR,ERR,ERR,ERR,ERR,ERR,ERR,ERR,ERR,ERR,ERR,ERR,ERR,ERR,ERR,ERR,ERR,ERR,ERR,ERR,ERR,ERR,ERR,ERR,ERR,ERR,ERR,ERR,ERR,ERR,ERR,ERR,ERR,ERR,ERR,ERR,ERR,ERR,ERR,ERR,ERR,ERR,ERR,ERR,ERR,ERR,ERR,ERR,ERR,ERR,ERR,ERR,ERR,ERR,ERR,ERR,ERR,ERR,ERR,ERR,ERR,ERR,ERR,ERR,ERR,ERR,ERR,ERR,ERR,ERR,ERR,ERR,ERR,ERR,ERR,ERR,ERR,ERR,ERR,ERR,ERR,ERR,ERR,ERR,ERR,ERR,ERR,ERR,ERR,ERR,ERR,ERR,ERR,ERR,ERR,ERR,ERR,ERR,ERR,ERR,ERR,ERR,ERR,ERR,ERR,ERR,ERR,ERR,ERR,ERR,ERR,ERR,ERR,ERR,ERR,0.0,-107615352.0,0.0,0.0,0.0,1.3936040501711995e+18,7.805,0.0,0,0,4,0,7116,0.0,100,0.0,0.0,0.0,0.0,0.0,0,0,0,0,0.0,0,0,0,0,0,0,0,0,0,0,0,0,0,0,0,0,0,0,0,0,0,0,0,0,0,0,0,0,0,0,0,0,0,31,40,40,71,65476,0,300,0,0,8,21553,0.0,-107605600.0,0.0,0.0,0.0,0.0,0.0,0.0,0.0,0.0,0.0,0.0,0.0,0.0,0.0,0.0,0.0,0.0,0.0,0.0,0.0,0.0,0.0,-2.004,-0.0,2.004,0.0,0.0,0.0,0.0,4542.0,1.5879265196943865e+29,6926.0,0.0,-107615352.0,2.7184264179883896e+23,-107615304.0,0.0,0.0,0.0,0.0,69,-0.0,0.0,0.0,0.0,0.0,0.0,0.0,0.0,0.0,0,0,0,0.0,0.0,0.0,0.0,0.0,0.0,0.0,0.0,0.0,0.0,0.0,0.0,0.0,0.0,0.0,0.0,0,-107875648.0,69,0.0,138,0.0,0.0,0,0,17085,52429,17097,26215,17077,0,0,0,70,68,100,0.0,82.1,0.0,77.6,0.0,78.5,1,49,50,180,0,26215,0,0,0.0,0.0,0.0,0.0,-0.0,67.0,0.0,162057.094,0.0,965,0,987,0,0,0,945,0,1009,0,907,0,786,0,776,0,821,0,7520,0.032,1.2033618204333965e+19,0.0,0.0,784,16797,-0.0,162057.094,-114818.039,-0.0,0.133,6.909358625270745e+28,30.0,70.0,35,0.0,0.0,0.0,0.0,0.0,0.0,0.0,0.0,0.0,0.0,0.0,0.0,0.0,0.0,0.0,0.0,66.4,0,150,71,51,65476,0,300,0,0,8,20529,65476,0,0,44564,70.0,0.0,0.0,0.0,0.0,0.0
2026-09-10T21:57:22,ERR,ERR,ERR,ERR,ERR,ERR,ERR,ERR,ERR,ERR,ERR,ERR,ERR,ERR,ERR,ERR,ERR,ERR,ERR,ERR,ERR,ERR,ERR,ERR,ERR,ERR,ERR,ERR,ERR,ERR,ERR,ERR,ERR,ERR,ERR,ERR,ERR,ERR,ERR,ERR,ERR,ERR,ERR,ERR,ERR,ERR,ERR,ERR,ERR,ERR,ERR,ERR,ERR,ERR,ERR,ERR,ERR,ERR,ERR,ERR,ERR,ERR,ERR,ERR,ERR,ERR,ERR,ERR,ERR,ERR,ERR,ERR,ERR,ERR,ERR,ERR,ERR,ERR,ERR,ERR,ERR,ERR,ERR,ERR,ERR,ERR,ERR,ERR,ERR,ERR,ERR,ERR,ERR,ERR,ERR,ERR,ERR,ERR,ERR,ERR,ERR,ERR,ERR,ERR,ERR,ERR,ERR,ERR,ERR,ERR,ERR,ERR,ERR,ERR,ERR,ERR,ERR,ERR,ERR,ERR,ERR,ERR,ERR,ERR,ERR,0.0,-107615352.0,0.0,0.0,0.0,1.3936040501711995e+18,7.805,0.0,0,0,4,0,7116,0.0,100,0.0,0.0,0.0,0.0,0.0,0,0,0,0,0.0,0,0,0,0,0,0,0,0,0,0,0,0,0,0,0,0,0,0,0,0,0,0,0,0,0,0,0,0,0,0,0,0,0,31,40,40,71,65476,0,300,0,0,8,21553,0.0,-107605600.0,0.0,0.0,0.0,0.0,0.0,0.0,0.0,0.0,0.0,0.0,0.0,0.0,0.0,0.0,0.0,0.0,0.0,0.0,0.0,0.0,2.004,-2.004,-0.0,-0.0,0.0,0.0,0.0,0.0,4539.0,131350.203,6921.0,0.0,-107615352.0,2.7184264179883896e+23,-107615304.0,0.0,0.0,0.0,0.0,69,-0.0,-152016944889856.0,0.0,0.0,0.0,0.0,0.0,0.0,0.0,0,0,0,0.0,0.0,0.0,0.0,0.0,0.0,0.0,0.0,0.0,0.0,0.0,0.0,0.0,0.0,0.0,0.0,0,-107875648.0,69,0.0,138,0.0,0.0,0,0,17085,52429,17097,26215,17077,0,0,0,70,68,100,0.0,82.1,0.0,77.6,0.0,78.5,1,49,50,180,0,26215,0,0,0.0,0.0,0.0,0.0,-0.0,67.0,0.0,162057.094,0.0,965,0,987,0,0,0,945,0,1009,0,907,0,786,0,776,0,821,0,7520,0.032,1.2033618204333965e+19,0.0,0.0,784,16797,-0.0,162057.094,-114818.039,-0.0,0.133,6.909358625270745e+28,30.0,70.0,35,0.0,0.0,0.0,0.0,0.0,0.0,0.0,0.0,0.0,0.0,0.0,0.0,0.0,0.0,0.0,0.0,66.4,0,150,71,51,65476,0,300,0,0,8,20529,65476,0,0,44564,70.0,0.0,0.0,0.0,0.0,0.0
2026-09-10T21:57:23,ERR,ERR,ERR,ERR,ERR,ERR,ERR,ERR,ERR,ERR,ERR,ERR,ERR,ERR,ERR,ERR,ERR,ERR,ERR,ERR,ERR,ERR,ERR,ERR,ERR,ERR,ERR,ERR,ERR,ERR,ERR,ERR,ERR,ERR,ERR,ERR,ERR,ERR,ERR,ERR,ERR,ERR,ERR,ERR,ERR,ERR,ERR,ERR,ERR,ERR,ERR,ERR,ERR,ERR,ERR,ERR,ERR,ERR,ERR,ERR,ERR,ERR,ERR,ERR,ERR,ERR,ERR,ERR,ERR,ERR,ERR,ERR,ERR,ERR,ERR,ERR,ERR,ERR,ERR,ERR,ERR,ERR,ERR,ERR,ERR,ERR,ERR,ERR,ERR,ERR,ERR,ERR,ERR,ERR,ERR,ERR,ERR,ERR,ERR,ERR,ERR,ERR,ERR,ERR,ERR,ERR,ERR,ERR,ERR,ERR,ERR,ERR,ERR,ERR,ERR,ERR,ERR,ERR,ERR,ERR,ERR,ERR,ERR,ERR,ERR,0.0,-107615352.0,0.0,0.0,0.0,1.3936040501711995e+18,7.805,0.0,0,0,4,0,7116,0.0,100,0.0,0.0,0.0,0.0,0.0,0,0,0,0,0.0,0,0,0,0,0,0,0,0,0,0,0,0,0,0,0,0,0,0,0,0,0,0,0,0,0,0,0,0,0,0,0,0,0,31,40,40,71,65476,0,300,0,0,8,21553,0.0,-107605600.0,0.0,0.0,0.0,0.0,0.0,0.0,0.0,0.0,0.0,0.0,0.0,0.0,0.0,0.0,0.0,0.0,0.0,0.0,0.0,0.0,2.004,-2.004,-0.0,-0.0,0.0,0.0,0.0,0.0,4539.0,131350.203,6921.0,0.0,-107615352.0,2.7184264179883896e+23,-107615304.0,0.0,0.0,0.0,0.0,69,-0.0,-152016944889856.0,0.0,0.0,0.0,0.0,0.0,0.0,0.0,0,0,0,0.0,0.0,0.0,0.0,0.0,0.0,0.0,0.0,0.0,0.0,0.0,0.0,0.0,0.0,0.0,0.0,0,-107875648.0,69,0.0,138,0.0,0.0,0,0,17085,52429,17097,26215,17077,0,0,0,70,68,100,0.0,82.1,0.0,77.6,0.0,78.5,1,49,50,180,0,26215,0,0,0.0,0.0,0.0,0.0,-0.0,67.0,0.0,162057.094,0.0,965,0,987,0,0,0,945,0,1009,0,907,0,786,0,776,0,821,0,7520,0.032,1.2033618204333965e+19,0.0,0.0,784,16797,-0.0,162057.094,-114818.039,-0.0,0.133,6.909358625270745e+28,30.0,70.0,35,0.0,0.0,0.0,0.0,0.0,0.0,0.0,0.0,0.0,0.0,0.0,0.0,0.0,0.0,0.0,0.0,66.4,0,150,71,51,65476,0,300,0,0,8,20529,65476,0,0,44564,70.0,0.0,0.0,0.0,0.0,0.0
2026-09-10T21:57:24,ERR,ERR,ERR,ERR,ERR,ERR,ERR,ERR,ERR,ERR,ERR,ERR,ERR,ERR,ERR,ERR,ERR,ERR,ERR,ERR,ERR,ERR,ERR,ERR,ERR,ERR,ERR,ERR,ERR,ERR,ERR,ERR,ERR,ERR,ERR,ERR,ERR,ERR,ERR,ERR,ERR,ERR,ERR,ERR,ERR,ERR,ERR,ERR,ERR,ERR,ERR,ERR,ERR,ERR,ERR,ERR,ERR,ERR,ERR,ERR,ERR,ERR,ERR,ERR,ERR,ERR,ERR,ERR,ERR,ERR,ERR,ERR,ERR,ERR,ERR,ERR,ERR,ERR,ERR,ERR,ERR,ERR,ERR,ERR,ERR,ERR,ERR,ERR,ERR,ERR,ERR,ERR,ERR,ERR,ERR,ERR,ERR,ERR,ERR,ERR,ERR,ERR,ERR,ERR,ERR,ERR,ERR,ERR,ERR,ERR,ERR,ERR,ERR,ERR,ERR,ERR,ERR,ERR,ERR,ERR,ERR,ERR,ERR,ERR,ERR,0.0,-107615352.0,0.0,0.0,0.0,1.3936040501711995e+18,7.805,0.0,0,0,4,0,7116,0.0,100,0.0,0.0,0.0,0.0,0.0,0,0,0,0,0.0,0,0,0,0,0,0,0,0,0,0,0,0,0,0,0,0,0,0,0,0,0,0,0,0,0,0,0,0,0,0,0,0,0,31,40,40,71,65476,0,300,0,0,8,21553,0.0,-107605600.0,0.0,0.0,0.0,0.0,0.0,0.0,0.0,0.0,0.0,0.0,0.0,0.0,0.0,0.0,0.0,0.0,0.0,0.0,0.0,0.0,2.004,-2.004,-0.0,-0.0,0.0,0.0,0.0,0.0,4539.0,131350.203,6921.0,0.0,-107615352.0,2.7184264179883896e+23,-107615304.0,0.0,0.0,0.0,0.0,69,-0.0,-152016944889856.0,0.0,0.0,0.0,0.0,0.0,0.0,0.0,0,0,0,0.0,0.0,0.0,0.0,0.0,0.0,0.0,0.0,0.0,0.0,0.0,0.0,0.0,0.0,0.0,0.0,0,-107875648.0,69,0.0,138,0.0,0.0,0,0,17085,52429,17097,26215,17077,0,0,0,70,68,100,0.0,82.1,0.0,77.6,0.0,78.5,1,49,50,180,0,26215,0,0,0.0,0.0,0.0,0.0,-0.0,67.0,0.0,162057.094,0.0,965,0,987,0,0,0,945,0,1009,0,907,0,786,0,776,0,821,0,7520,0.032,1.2033618204333965e+19,0.0,0.0,784,16797,-0.0,162057.094,-114818.039,-0.0,0.133,6.909358625270745e+28,30.0,70.0,35,0.0,0.0,0.0,0.0,0.0,0.0,0.0,0.0,0.0,0.0,0.0,0.0,0.0,0.0,0.0,0.0,66.4,0,150,71,51,65476,0,300,0,0,8,20529,65476,0,0,44564,70.0,0.0,0.0,0.0,0.0,0.0
2026-09-10T21:57:25,ERR,ERR,ERR,ERR,ERR,ERR,ERR,ERR,ERR,ERR,ERR,ERR,ERR,ERR,ERR,ERR,ERR,ERR,ERR,ERR,ERR,ERR,ERR,ERR,ERR,ERR,ERR,ERR,ERR,ERR,ERR,ERR,ERR,ERR,ERR,ERR,ERR,ERR,ERR,ERR,ERR,ERR,ERR,ERR,ERR,ERR,ERR,ERR,ERR,ERR,ERR,ERR,ERR,ERR,ERR,ERR,ERR,ERR,ERR,ERR,ERR,ERR,ERR,ERR,ERR,ERR,ERR,ERR,ERR,ERR,ERR,ERR,ERR,ERR,ERR,ERR,ERR,ERR,ERR,ERR,ERR,ERR,ERR,ERR,ERR,ERR,ERR,ERR,ERR,ERR,ERR,ERR,ERR,ERR,ERR,ERR,ERR,ERR,ERR,ERR,ERR,ERR,ERR,ERR,ERR,ERR,ERR,ERR,ERR,ERR,ERR,ERR,ERR,ERR,ERR,ERR,ERR,ERR,ERR,ERR,ERR,ERR,ERR,ERR,ERR,0.0,-107615352.0,0.0,0.0,0.0,1.3936040501711995e+18,7.805,0.0,0,0,4,0,7116,0.0,100,0.0,0.0,0.0,0.0,0.0,0,0,0,0,0.0,0,0,0,0,0,0,0,0,0,0,0,0,0,0,0,0,0,0,0,0,0,0,0,0,0,0,0,0,0,0,0,0,0,31,40,40,71,65476,0,300,0,0,8,21553,0.0,-107605600.0,0.0,0.0,0.0,0.0,0.0,0.0,0.0,0.0,0.0,0.0,0.0,0.0,0.0,0.0,0.0,0.0,0.0,0.0,0.0,0.0,2.004,-2.004,-0.0,-0.0,0.0,0.0,0.0,0.0,4539.0,131350.203,6921.0,0.0,-107615352.0,2.7184264179883896e+23,-107615304.0,0.0,0.0,0.0,0.0,69,-0.0,-152016944889856.0,0.0,0.0,0.0,0.0,0.0,0.0,0.0,0,0,0,0.0,0.0,0.0,0.0,0.0,0.0,0.0,0.0,0.0,0.0,0.0,0.0,0.0,0.0,0.0,0.0,0,-107875648.0,69,0.0,138,0.0,0.0,0,0,17085,52429,17097,26215,17077,0,0,0,70,68,100,0.0,82.1,0.0,77.6,0.0,78.5,1,49,50,180,0,26215,0,0,0.0,0.0,0.0,0.0,-0.0,67.0,0.0,162057.094,0.0,965,0,987,0,0,0,945,0,1009,0,907,0,786,0,776,0,821,0,7520,0.032,1.2033618204333965e+19,0.0,0.0,784,16797,-0.0,162057.094,-114818.039,-0.0,0.133,6.909358625270745e+28,30.0,70.0,35,0.0,0.0,0.0,0.0,0.0,0.0,0.0,0.0,0.0,0.0,0.0,0.0,0.0,0.0,0.0,0.0,66.8,0,150,71,51,65476,0,300,0,0,8,20529,65476,0,0,44564,70.0,0.0,0.0,0.0,0.0,0.0
2026-09-10T21:57:26,ERR,ERR,ERR,ERR,ERR,ERR,ERR,ERR,ERR,ERR,ERR,ERR,ERR,ERR,ERR,ERR,ERR,ERR,ERR,ERR,ERR,ERR,ERR,ERR,ERR,ERR,ERR,ERR,ERR,ERR,ERR,ERR,ERR,ERR,ERR,ERR,ERR,ERR,ERR,ERR,ERR,ERR,ERR,ERR,ERR,ERR,ERR,ERR,ERR,ERR,ERR,ERR,ERR,ERR,ERR,ERR,ERR,ERR,ERR,ERR,ERR,ERR,ERR,ERR,ERR,ERR,ERR,ERR,ERR,ERR,ERR,ERR,ERR,ERR,ERR,ERR,ERR,ERR,ERR,ERR,ERR,ERR,ERR,ERR,ERR,ERR,ERR,ERR,ERR,ERR,ERR,ERR,ERR,ERR,ERR,ERR,ERR,ERR,ERR,ERR,ERR,ERR,ERR,ERR,ERR,ERR,ERR,ERR,ERR,ERR,ERR,ERR,ERR,ERR,ERR,ERR,ERR,ERR,ERR,ERR,ERR,ERR,ERR,ERR,ERR,0.0,-107615352.0,0.0,0.0,0.0,1.3936040501711995e+18,7.805,0.0,0,0,4,0,7116,0.0,100,0.0,0.0,0.0,0.0,0.0,0,0,0,0,0.0,0,0,0,0,0,0,0,0,0,0,0,0,0,0,0,0,0,0,0,0,0,0,0,0,0,0,0,0,0,0,0,0,0,31,40,40,71,65476,0,300,0,0,8,21553,0.0,-107605600.0,0.0,0.0,0.0,0.0,0.0,0.0,0.0,0.0,0.0,0.0,0.0,0.0,0.0,0.0,0.0,0.0,0.0,0.0,0.0,0.0,2.004,-2.004,-0.0,-0.0,0.0,0.0,0.0,0.0,4539.0,131350.203,6921.0,0.0,-107615352.0,2.7184264179883896e+23,-107615304.0,0.0,0.0,0.0,0.0,69,-0.0,-152016944889856.0,0.0,0.0,0.0,0.0,0.0,0.0,0.0,0,0,0,0.0,0.0,0.0,0.0,0.0,0.0,0.0,0.0,0.0,0.0,0.0,0.0,0.0,0.0,0.0,0.0,0,-107875648.0,69,0.0,138,0.0,0.0,0,0,17085,52429,17097,26215,17077,0,0,0,70,68,100,0.0,82.1,0.0,77.6,0.0,78.5,1,49,50,180,0,26215,0,0,0.0,0.0,0.0,0.0,-0.0,67.0,0.0,162057.094,0.0,965,0,987,0,0,0,945,0,1009,0,907,0,786,0,776,0,821,0,7520,0.032,1.1961560610296037e+19,0.0,0.0,784,16797,-0.0,162057.094,-114818.039,-0.0,0.133,6.909358625270745e+28,30.0,70.0,35,0.0,0.0,0.0,0.0,0.0,0.0,0.0,0.0,0.0,0.0,0.0,0.0,0.0,0.0,0.0,0.0,66.8,0,150,71,51,65476,0,300,0,0,8,20529,65476,0,0,44564,70.0,0.0,0.0,0.0,0.0,0.0
2026-09-10T21:57:27,ERR,ERR,ERR,ERR,ERR,ERR,ERR,ERR,ERR,ERR,ERR,ERR,ERR,ERR,ERR,ERR,ERR,ERR,ERR,ERR,ERR,ERR,ERR,ERR,ERR,ERR,ERR,ERR,ERR,ERR,ERR,ERR,ERR,ERR,ERR,ERR,ERR,ERR,ERR,ERR,ERR,ERR,ERR,ERR,ERR,ERR,ERR,ERR,ERR,ERR,ERR,ERR,ERR,ERR,ERR,ERR,ERR,ERR,ERR,ERR,ERR,ERR,ERR,ERR,ERR,ERR,ERR,ERR,ERR,ERR,ERR,ERR,ERR,ERR,ERR,ERR,ERR,ERR,ERR,ERR,ERR,ERR,ERR,ERR,ERR,ERR,ERR,ERR,ERR,ERR,ERR,ERR,ERR,ERR,ERR,ERR,ERR,ERR,ERR,ERR,ERR,ERR,ERR,ERR,ERR,ERR,ERR,ERR,ERR,ERR,ERR,ERR,ERR,ERR,ERR,ERR,ERR,ERR,ERR,ERR,ERR,ERR,ERR,ERR,ERR,0.0,-107615352.0,0.0,0.0,0.0,1.3936040501711995e+18,7.805,0.0,0,0,4,0,7116,0.0,100,0.0,0.0,0.0,0.0,0.0,0,0,0,0,0.0,0,0,0,0,0,0,0,0,0,0,0,0,0,0,0,0,0,0,0,0,0,0,0,0,0,0,0,0,0,0,0,0,0,31,40,40,71,65476,0,300,0,0,8,21553,0.0,-107605600.0,0.0,0.0,0.0,0.0,0.0,0.0,0.0,0.0,0.0,0.0,0.0,0.0,0.0,0.0,0.0,0.0,0.0,0.0,0.0,0.0,2.004,-2.004,-0.0,-0.0,0.0,0.0,0.0,0.0,4539.0,131350.203,6921.0,0.0,-107615352.0,2.7184264179883896e+23,-107615304.0,0.0,0.0,0.0,0.0,69,-0.0,-152016944889856.0,0.0,0.0,0.0,0.0,0.0,0.0,0.0,0,0,0,0.0,0.0,0.0,0.0,0.0,0.0,0.0,0.0,0.0,0.0,0.0,0.0,0.0,0.0,0.0,0.0,0,-107875648.0,69,0.0,138,0.0,0.0,0,0,17085,52429,17097,26215,17077,0,0,0,70,68,100,0.0,82.1,0.0,77.6,0.0,78.5,1,49,50,180,0,26215,0,0,0.0,0.0,0.0,0.0,-0.0,67.0,0.0,162057.094,0.0,965,0,987,0,0,0,945,0,1009,0,907,0,786,0,776,0,821,0,7520,0.032,1.1961560610296037e+19,0.0,0.0,784,16797,-0.0,162057.094,-114818.039,-0.0,0.133,6.909358625270745e+28,30.0,70.0,35,0.0,0.0,0.0,0.0,0.0,0.0,0.0,0.0,0.0,0.0,0.0,0.0,0.0,0.0,0.0,0.0,66.8,0,150,71,51,65476,0,300,0,0,8,20529,65476,0,0,44564,70.0,0.0,0.0,0.0,0.0,0.0
2026-09-10T21:57:28,ERR,ERR,ERR,ERR,ERR,ERR,ERR,ERR,ERR,ERR,ERR,ERR,ERR,ERR,ERR,ERR,ERR,ERR,ERR,ERR,ERR,ERR,ERR,ERR,ERR,ERR,ERR,ERR,ERR,ERR,ERR,ERR,ERR,ERR,ERR,ERR,ERR,ERR,ERR,ERR,ERR,ERR,ERR,ERR,ERR,ERR,ERR,ERR,ERR,ERR,ERR,ERR,ERR,ERR,ERR,ERR,ERR,ERR,ERR,ERR,ERR,ERR,ERR,ERR,ERR,ERR,ERR,ERR,ERR,ERR,ERR,ERR,ERR,ERR,ERR,ERR,ERR,ERR,ERR,ERR,ERR,ERR,ERR,ERR,ERR,ERR,ERR,ERR,ERR,ERR,ERR,ERR,ERR,ERR,ERR,ERR,ERR,ERR,ERR,ERR,ERR,ERR,ERR,ERR,ERR,ERR,ERR,ERR,ERR,ERR,ERR,ERR,ERR,ERR,ERR,ERR,ERR,ERR,ERR,ERR,ERR,ERR,ERR,ERR,ERR,0.0,-107615352.0,0.0,0.0,0.0,1.3936040501711995e+18,7.805,0.0,0,0,4,0,7116,0.0,100,0.0,0.0,0.0,0.0,0.0,0,0,0,0,0.0,0,0,0,0,0,0,0,0,0,0,0,0,0,0,0,0,0,0,0,0,0,0,0,0,0,0,0,0,0,0,0,0,0,31,40,40,71,65476,0,300,0,0,8,21553,0.0,-107605600.0,0.0,0.0,0.0,0.0,0.0,0.0,0.0,0.0,0.0,0.0,0.0,0.0,0.0,0.0,0.0,0.0,0.0,0.0,0.0,0.0,2.004,-2.004,-0.0,-0.0,0.0,0.0,0.0,0.0,4539.0,131350.203,6921.0,0.0,-107615352.0,2.7184264179883896e+23,-107615304.0,0.0,0.0,0.0,0.0,69,-0.0,-152016944889856.0,0.0,0.0,0.0,0.0,0.0,0.0,0.0,0,0,0,0.0,0.0,0.0,0.0,0.0,0.0,0.0,0.0,0.0,0.0,0.0,0.0,0.0,0.0,0.0,0.0,0,-107875648.0,69,0.0,138,0.0,0.0,0,0,17085,52429,17097,26215,17077,0,0,0,70,68,100,0.0,82.1,0.0,77.6,0.0,78.5,1,49,50,180,0,26215,0,0,0.0,0.0,0.0,0.0,-0.0,67.0,0.0,162057.094,0.0,965,0,987,0,0,0,945,0,1009,0,907,0,786,0,776,0,821,0,7520,0.032,1.1961560610296037e+19,0.0,0.0,784,16797,-0.0,162057.094,-114818.039,-0.0,0.133,6.909358625270745e+28,30.0,70.0,35,0.0,0.0,0.0,0.0,0.0,0.0,0.0,0.0,0.0,0.0,0.0,0.0,0.0,0.0,0.0,0.0,66.8,0,150,71,51,65476,0,300,0,0,8,20529,65476,0,0,44564,70.0,0.0,0.0,0.0,0.0,0.0
2026-09-10T21:57:29,ERR,ERR,ERR,ERR,ERR,ERR,ERR,ERR,ERR,ERR,ERR,ERR,ERR,ERR,ERR,ERR,ERR,ERR,ERR,ERR,ERR,ERR,ERR,ERR,ERR,ERR,ERR,ERR,ERR,ERR,ERR,ERR,ERR,ERR,ERR,ERR,ERR,ERR,ERR,ERR,ERR,ERR,ERR,ERR,ERR,ERR,ERR,ERR,ERR,ERR,ERR,ERR,ERR,ERR,ERR,ERR,ERR,ERR,ERR,ERR,ERR,ERR,ERR,ERR,ERR,ERR,ERR,ERR,ERR,ERR,ERR,ERR,ERR,ERR,ERR,ERR,ERR,ERR,ERR,ERR,ERR,ERR,ERR,ERR,ERR,ERR,ERR,ERR,ERR,ERR,ERR,ERR,ERR,ERR,ERR,ERR,ERR,ERR,ERR,ERR,ERR,ERR,ERR,ERR,ERR,ERR,ERR,ERR,ERR,ERR,ERR,ERR,ERR,ERR,ERR,ERR,ERR,ERR,ERR,ERR,ERR,ERR,ERR,ERR,ERR,0.0,-107615352.0,0.0,0.0,0.0,1.3936040501711995e+18,7.805,0.0,0,0,4,0,7116,0.0,100,0.0,0.0,0.0,0.0,0.0,0,0,0,0,0.0,0,0,0,0,0,0,0,0,0,0,0,0,0,0,0,0,0,0,0,0,0,0,0,0,0,0,0,0,0,0,0,0,0,31,40,40,71,65476,0,300,0,0,8,21553,0.0,-107605600.0,0.0,0.0,0.0,0.0,0.0,0.0,0.0,0.0,0.0,0.0,0.0,0.0,0.0,0.0,0.0,0.0,0.0,0.0,0.0,0.0,2.004,-2.004,-0.0,-0.0,0.0,0.0,0.0,0.0,4539.0,131350.203,6921.0,0.0,-107615352.0,2.7184264179883896e+23,-107615304.0,0.0,0.0,0.0,0.0,69,-0.0,-152016944889856.0,0.0,0.0,0.0,0.0,0.0,0.0,0.0,0,0,0,0.0,0.0,0.0,0.0,0.0,0.0,0.0,0.0,0.0,0.0,0.0,0.0,0.0,0.0,0.0,0.0,0,-107875648.0,69,0.0,138,0.0,0.0,0,0,17085,52429,17097,26215,17077,0,0,0,70,68,100,0.0,82.1,0.0,77.6,0.0,78.5,1,49,50,180,0,26215,0,0,0.0,0.0,0.0,0.0,-0.0,67.0,0.0,162057.094,0.0,965,0,987,0,0,0,945,0,1009,0,907,0,786,0,776,0,821,0,7520,0.032,1.1961560610296037e+19,0.0,0.0,784,16797,-0.0,162057.094,-114818.039,-0.0,0.133,6.909358625270745e+28,30.0,70.0,35,0.0,0.0,0.0,0.0,0.0,0.0,0.0,0.0,0.0,0.0,0.0,0.0,0.0,0.0,0.0,0.0,66.8,0,150,71,51,65476,0,300,0,0,8,20529,65476,0,0,44564,70.0,0.0,0.0,0.0,0.0,0.0
2026-09-10T21:57:30,ERR,ERR,ERR,ERR,ERR,ERR,ERR,ERR,ERR,ERR,ERR,ERR,ERR,ERR,ERR,ERR,ERR,ERR,ERR,ERR,ERR,ERR,ERR,ERR,ERR,ERR,ERR,ERR,ERR,ERR,ERR,ERR,ERR,ERR,ERR,ERR,ERR,ERR,ERR,ERR,ERR,ERR,ERR,ERR,ERR,ERR,ERR,ERR,ERR,ERR,ERR,ERR,ERR,ERR,ERR,ERR,ERR,ERR,ERR,ERR,ERR,ERR,ERR,ERR,ERR,ERR,ERR,ERR,ERR,ERR,ERR,ERR,ERR,ERR,ERR,ERR,ERR,ERR,ERR,ERR,ERR,ERR,ERR,ERR,ERR,ERR,ERR,ERR,ERR,ERR,ERR,ERR,ERR,ERR,ERR,ERR,ERR,ERR,ERR,ERR,ERR,ERR,ERR,ERR,ERR,ERR,ERR,ERR,ERR,ERR,ERR,ERR,ERR,ERR,ERR,ERR,ERR,ERR,ERR,ERR,ERR,ERR,ERR,ERR,ERR,0.0,-107615352.0,0.0,0.0,0.0,1.3936040501711995e+18,7.805,0.0,0,0,4,0,7116,0.0,100,0.0,0.0,0.0,0.0,0.0,0,0,0,0,0.0,0,0,0,0,0,0,0,0,0,0,0,0,0,0,0,0,0,0,0,0,0,0,0,0,0,0,0,0,0,0,0,0,0,31,40,40,71,65476,0,300,0,0,8,21553,0.0,-107605600.0,0.0,0.0,0.0,0.0,0.0,0.0,0.0,0.0,0.0,0.0,0.0,0.0,0.0,0.0,0.0,0.0,0.0,0.0,0.0,0.0,-2.004,-2.004,-0.0,2.004,0.0,0.0,0.0,0.0,4514.0,1.5879265196943865e+29,6922.0,0.0,-107615352.0,2.7184264179883896e+23,-107615304.0,0.0,0.0,0.0,0.0,69,-0.0,-2.3088245329045016e+20,0.0,0.0,0.0,0.0,0.0,0.0,0.0,0,0,0,0.0,0.0,0.0,0.0,0.0,0.0,0.0,0.0,0.0,0.0,0.0,0.0,0.0,0.0,0.0,0.0,0,-107875648.0,69,0.0,138,0.0,0.0,0,0,17085,52429,17097,26215,17077,0,0,0,70,68,100,0.0,82.1,0.0,77.6,0.0,78.5,1,49,50,180,0,26215,0,0,0.0,0.0,0.0,0.0,-0.0,67.0,0.0,162057.094,0.0,965,0,987,0,0,0,945,0,1009,0,907,0,786,0,776,0,821,0,7520,0.032,1.1961560610296037e+19,0.0,0.0,784,16797,-0.0,162057.094,-114818.039,-0.0,0.133,6.909358625270745e+28,30.0,70.0,35,0.0,0.0,0.0,0.0,0.0,0.0,0.0,0.0,0.0,0.0,0.0,0.0,0.0,0.0,0.0,0.0,66.4,0,150,71,51,65476,0,300,0,0,8,20529,65476,0,0,44564,70.0,0.0,0.0,0.0,0.0,0.0
2026-09-10T21:57:31,ERR,ERR,ERR,ERR,ERR,ERR,ERR,ERR,ERR,ERR,ERR,ERR,ERR,ERR,ERR,ERR,ERR,ERR,ERR,ERR,ERR,ERR,ERR,ERR,ERR,ERR,ERR,ERR,ERR,ERR,ERR,ERR,ERR,ERR,ERR,ERR,ERR,ERR,ERR,ERR,ERR,ERR,ERR,ERR,ERR,ERR,ERR,ERR,ERR,ERR,ERR,ERR,ERR,ERR,ERR,ERR,ERR,ERR,ERR,ERR,ERR,ERR,ERR,ERR,ERR,ERR,ERR,ERR,ERR,ERR,ERR,ERR,ERR,ERR,ERR,ERR,ERR,ERR,ERR,ERR,ERR,ERR,ERR,ERR,ERR,ERR,ERR,ERR,ERR,ERR,ERR,ERR,ERR,ERR,ERR,ERR,ERR,ERR,ERR,ERR,ERR,ERR,ERR,ERR,ERR,ERR,ERR,ERR,ERR,ERR,ERR,ERR,ERR,ERR,ERR,ERR,ERR,ERR,ERR,ERR,ERR,ERR,ERR,ERR,ERR,0.0,-107615352.0,0.0,0.0,0.0,1.3936040501711995e+18,7.805,0.0,0,0,4,0,7116,0.0,100,0.0,0.0,0.0,0.0,0.0,0,0,0,0,0.0,0,0,0,0,0,0,0,0,0,0,0,0,0,0,0,0,0,0,0,0,0,0,0,0,0,0,0,0,0,0,0,0,0,31,40,40,71,65476,0,300,0,0,8,21553,0.0,-107605600.0,0.0,0.0,0.0,0.0,0.0,0.0,0.0,0.0,0.0,0.0,0.0,0.0,0.0,0.0,0.0,0.0,0.0,0.0,0.0,0.0,-2.004,-2.004,-0.0,2.004,0.0,0.0,0.0,0.0,4514.0,1.5879265196943865e+29,6922.0,0.0,-107615352.0,2.7184264179883896e+23,-107615304.0,0.0,0.0,0.0,0.0,69,-0.0,-2.3088245329045016e+20,0.0,0.0,0.0,0.0,0.0,0.0,0.0,0,0,0,0.0,0.0,0.0,0.0,0.0,0.0,0.0,0.0,0.0,0.0,0.0,0.0,0.0,0.0,0.0,0.0,0,-107875648.0,69,0.0,138,0.0,0.0,0,0,17085,52429,17097,26215,17077,0,0,0,70,68,100,0.0,82.1,0.0,77.6,0.0,78.5,1,49,50,180,0,26215,0,0,0.0,0.0,0.0,0.0,-0.0,67.0,0.0,162057.094,0.0,965,0,987,0,0,0,945,0,1009,0,907,0,786,0,776,0,821,0,7520,0.032,1.1961560610296037e+19,0.0,0.0,784,16797,-0.0,162057.094,-114818.039,-0.0,0.133,6.909358625270745e+28,30.0,70.0,35,0.0,0.0,0.0,0.0,0.0,0.0,0.0,0.0,0.0,0.0,0.0,0.0,0.0,0.0,0.0,0.0,66.4,0,150,71,51,65476,0,300,0,0,8,20529,65476,0,0,44564,70.0,0.0,0.0,0.0,0.0,0.0
2026-09-10T21:57:32,ERR,ERR,ERR,ERR,ERR,ERR,ERR,ERR,ERR,ERR,ERR,ERR,ERR,ERR,ERR,ERR,ERR,ERR,ERR,ERR,ERR,ERR,ERR,ERR,ERR,ERR,ERR,ERR,ERR,ERR,ERR,ERR,ERR,ERR,ERR,ERR,ERR,ERR,ERR,ERR,ERR,ERR,ERR,ERR,ERR,ERR,ERR,ERR,ERR,ERR,ERR,ERR,ERR,ERR,ERR,ERR,ERR,ERR,ERR,ERR,ERR,ERR,ERR,ERR,ERR,ERR,ERR,ERR,ERR,ERR,ERR,ERR,ERR,ERR,ERR,ERR,ERR,ERR,ERR,ERR,ERR,ERR,ERR,ERR,ERR,ERR,ERR,ERR,ERR,ERR,ERR,ERR,ERR,ERR,ERR,ERR,ERR,ERR,ERR,ERR,ERR,ERR,ERR,ERR,ERR,ERR,ERR,ERR,ERR,ERR,ERR,ERR,ERR,ERR,ERR,ERR,ERR,ERR,ERR,ERR,ERR,ERR,ERR,ERR,ERR,0.0,-107615352.0,0.0,0.0,0.0,1.3936040501711995e+18,7.805,0.0,0,0,4,0,7116,0.0,100,0.0,0.0,0.0,0.0,0.0,0,0,0,0,0.0,0,0,0,0,0,0,0,0,0,0,0,0,0,0,0,0,0,0,0,0,0,0,0,0,0,0,0,0,0,0,0,0,0,31,40,40,71,65476,0,300,0,0,8,21553,0.0,-107605600.0,0.0,0.0,0.0,0.0,0.0,0.0,0.0,0.0,0.0,0.0,0.0,0.0,0.0,0.0,0.0,0.0,0.0,0.0,0.0,0.0,-2.004,-2.004,-0.0,2.004,0.0,0.0,0.0,0.0,4514.0,1.5879265196943865e+29,6922.0,0.0,-107615352.0,2.7184264179883896e+23,-107615304.0,0.0,0.0,0.0,0.0,69,-0.0,-2.3088245329045016e+20,0.0,0.0,0.0,0.0,0.0,0.0,0.0,0,0,0,0.0,0.0,0.0,0.0,0.0,0.0,0.0,0.0,0.0,0.0,0.0,0.0,0.0,0.0,0.0,0.0,0,-107875648.0,69,0.0,138,0.0,0.0,0,0,17085,52429,17097,26215,17077,0,0,0,70,68,100,0.0,82.1,0.0,77.6,0.0,78.5,1,49,50,180,0,26215,0,0,0.0,0.0,0.0,0.0,-0.0,67.0,0.0,162057.094,0.0,965,0,987,0,0,0,945,0,1009,0,907,0,786,0,776,0,821,0,7520,0.032,1.2033618204333965e+19,0.0,0.0,784,16797,-0.0,162057.094,-114818.039,-0.0,0.133,6.909358625270745e+28,30.0,70.0,35,0.0,0.0,0.0,0.0,0.0,0.0,0.0,0.0,0.0,0.0,0.0,0.0,0.0,0.0,0.0,0.0,66.4,0,150,71,51,65476,0,300,0,0,8,20529,65476,0,0,44564,70.0,0.0,0.0,0.0,0.0,0.0
2026-09-10T21:57:33,ERR,ERR,ERR,ERR,ERR,ERR,ERR,ERR,ERR,ERR,ERR,ERR,ERR,ERR,ERR,ERR,ERR,ERR,ERR,ERR,ERR,ERR,ERR,ERR,ERR,ERR,ERR,ERR,ERR,ERR,ERR,ERR,ERR,ERR,ERR,ERR,ERR,ERR,ERR,ERR,ERR,ERR,ERR,ERR,ERR,ERR,ERR,ERR,ERR,ERR,ERR,ERR,ERR,ERR,ERR,ERR,ERR,ERR,ERR,ERR,ERR,ERR,ERR,ERR,ERR,ERR,ERR,ERR,ERR,ERR,ERR,ERR,ERR,ERR,ERR,ERR,ERR,ERR,ERR,ERR,ERR,ERR,ERR,ERR,ERR,ERR,ERR,ERR,ERR,ERR,ERR,ERR,ERR,ERR,ERR,ERR,ERR,ERR,ERR,ERR,ERR,ERR,ERR,ERR,ERR,ERR,ERR,ERR,ERR,ERR,ERR,ERR,ERR,ERR,ERR,ERR,ERR,ERR,ERR,ERR,ERR,ERR,ERR,ERR,ERR,0.0,-107615352.0,0.0,0.0,0.0,1.3936040501711995e+18,7.805,0.0,0,0,4,0,7116,0.0,100,0.0,0.0,0.0,0.0,0.0,0,0,0,0,0.0,0,0,0,0,0,0,0,0,0,0,0,0,0,0,0,0,0,0,0,0,0,0,0,0,0,0,0,0,0,0,0,0,0,31,40,40,71,65476,0,300,0,0,8,21553,0.0,-107605600.0,0.0,0.0,0.0,0.0,0.0,0.0,0.0,0.0,0.0,0.0,0.0,0.0,0.0,0.0,0.0,0.0,0.0,0.0,0.0,0.0,-2.004,-2.004,-0.0,2.004,0.0,0.0,0.0,0.0,4514.0,1.5879265196943865e+29,6922.0,0.0,-107615352.0,2.7184264179883896e+23,-107615304.0,0.0,0.0,0.0,0.0,69,-0.0,-2.3088245329045016e+20,0.0,0.0,0.0,0.0,0.0,0.0,0.0,0,0,0,0.0,0.0,0.0,0.0,0.0,0.0,0.0,0.0,0.0,0.0,0.0,0.0,0.0,0.0,0.0,0.0,0,-107875648.0,69,0.0,138,0.0,0.0,0,0,17085,52429,17097,26215,17077,0,0,0,70,68,100,0.0,82.1,0.0,77.6,0.0,78.5,1,49,50,180,0,26215,0,0,0.0,0.0,0.0,0.0,-0.0,67.0,0.0,162057.094,0.0,965,0,987,0,0,0,945,0,1009,0,907,0,786,0,776,0,821,0,7520,0.032,1.2033618204333965e+19,0.0,0.0,784,16797,-0.0,162057.094,-114818.039,-0.0,0.133,6.909358625270745e+28,30.0,70.0,35,0.0,0.0,0.0,0.0,0.0,0.0,0.0,0.0,0.0,0.0,0.0,0.0,0.0,0.0,0.0,0.0,66.4,0,150,71,51,65476,0,300,0,0,8,20529,65476,0,0,44564,70.0,0.0,0.0,0.0,0.0,0.0
2026-09-10T21:57:34,ERR,ERR,ERR,ERR,ERR,ERR,ERR,ERR,ERR,ERR,ERR,ERR,ERR,ERR,ERR,ERR,ERR,ERR,ERR,ERR,ERR,ERR,ERR,ERR,ERR,ERR,ERR,ERR,ERR,ERR,ERR,ERR,ERR,ERR,ERR,ERR,ERR,ERR,ERR,ERR,ERR,ERR,ERR,ERR,ERR,ERR,ERR,ERR,ERR,ERR,ERR,ERR,ERR,ERR,ERR,ERR,ERR,ERR,ERR,ERR,ERR,ERR,ERR,ERR,ERR,ERR,ERR,ERR,ERR,ERR,ERR,ERR,ERR,ERR,ERR,ERR,ERR,ERR,ERR,ERR,ERR,ERR,ERR,ERR,ERR,ERR,ERR,ERR,ERR,ERR,ERR,ERR,ERR,ERR,ERR,ERR,ERR,ERR,ERR,ERR,ERR,ERR,ERR,ERR,ERR,ERR,ERR,ERR,ERR,ERR,ERR,ERR,ERR,ERR,ERR,ERR,ERR,ERR,ERR,ERR,ERR,ERR,ERR,ERR,ERR,0.0,-107615352.0,0.0,0.0,0.0,1.3936040501711995e+18,7.805,0.0,0,0,4,0,7116,0.0,100,0.0,0.0,0.0,0.0,0.0,0,0,0,0,0.0,0,0,0,0,0,0,0,0,0,0,0,0,0,0,0,0,0,0,0,0,0,0,0,0,0,0,0,0,0,0,0,0,0,31,40,40,71,65476,0,300,0,0,8,21553,0.0,-107605600.0,0.0,0.0,0.0,0.0,0.0,0.0,0.0,0.0,0.0,0.0,0.0,0.0,0.0,0.0,0.0,0.0,0.0,0.0,0.0,0.0,-2.004,-2.004,-0.0,2.004,0.0,0.0,0.0,0.0,4514.0,1.5879265196943865e+29,6922.0,0.0,-107615352.0,2.7184264179883896e+23,-107615304.0,0.0,0.0,0.0,0.0,69,-0.0,-2.3088245329045016e+20,0.0,0.0,0.0,0.0,0.0,0.0,0.0,0,0,0,0.0,0.0,0.0,0.0,0.0,0.0,0.0,0.0,0.0,0.0,0.0,0.0,0.0,0.0,0.0,0.0,0,-107875648.0,69,0.0,138,0.0,0.0,0,0,17085,52429,17097,26215,17077,0,0,0,70,68,100,0.0,82.1,0.0,77.6,0.0,78.5,1,49,50,180,0,26215,0,0,0.0,0.0,0.0,0.0,-0.0,67.0,0.0,162057.094,0.0,965,0,987,0,0,0,945,0,1009,0,907,0,786,0,776,0,821,0,7520,0.032,1.2033618204333965e+19,0.0,0.0,784,16797,-0.0,162057.094,-114818.039,-0.0,0.133,6.909358625270745e+28,30.0,70.0,35,0.0,0.0,0.0,0.0,0.0,0.0,0.0,0.0,0.0,0.0,0.0,0.0,0.0,0.0,0.0,0.0,66.4,0,150,71,51,65476,0,300,0,0,8,20529,65476,0,0,44564,70.0,0.0,0.0,0.0,0.0,0.0
2026-09-10T21:57:35,ERR,ERR,ERR,ERR,ERR,ERR,ERR,ERR,ERR,ERR,ERR,ERR,ERR,ERR,ERR,ERR,ERR,ERR,ERR,ERR,ERR,ERR,ERR,ERR,ERR,ERR,ERR,ERR,ERR,ERR,ERR,ERR,ERR,ERR,ERR,ERR,ERR,ERR,ERR,ERR,ERR,ERR,ERR,ERR,ERR,ERR,ERR,ERR,ERR,ERR,ERR,ERR,ERR,ERR,ERR,ERR,ERR,ERR,ERR,ERR,ERR,ERR,ERR,ERR,ERR,ERR,ERR,ERR,ERR,ERR,ERR,ERR,ERR,ERR,ERR,ERR,ERR,ERR,ERR,ERR,ERR,ERR,ERR,ERR,ERR,ERR,ERR,ERR,ERR,ERR,ERR,ERR,ERR,ERR,ERR,ERR,ERR,ERR,ERR,ERR,ERR,ERR,ERR,ERR,ERR,ERR,ERR,ERR,ERR,ERR,ERR,ERR,ERR,ERR,ERR,ERR,ERR,ERR,ERR,ERR,ERR,ERR,ERR,ERR,ERR,0.0,-107615352.0,0.0,0.0,0.0,1.3936040501711995e+18,7.805,0.0,0,0,4,0,7116,0.0,100,0.0,0.0,0.0,0.0,0.0,0,0,0,0,0.0,0,0,0,0,0,0,0,0,0,0,0,0,0,0,0,0,0,0,0,0,0,0,0,0,0,0,0,0,0,0,0,0,0,31,40,40,71,65476,0,300,0,0,8,21553,0.0,-107605600.0,0.0,0.0,0.0,0.0,0.0,0.0,0.0,0.0,0.0,0.0,0.0,0.0,0.0,0.0,0.0,0.0,0.0,0.0,0.0,0.0,-2.004,-2.004,-0.0,2.004,0.0,0.0,0.0,0.0,4514.0,1.5879265196943865e+29,6922.0,0.0,-107615352.0,2.7184264179883896e+23,-107615304.0,0.0,0.0,0.0,0.0,69,-0.0,-2.3088245329045016e+20,0.0,0.0,0.0,0.0,0.0,0.0,0.0,0,0,0,0.0,0.0,0.0,0.0,0.0,0.0,0.0,0.0,0.0,0.0,0.0,0.0,0.0,0.0,0.0,0.0,0,-107875648.0,69,0.0,138,0.0,0.0,0,0,17085,52429,17097,26215,17077,0,0,0,70,68,100,0.0,82.1,0.0,77.6,0.0,78.5,1,49,50,180,0,26215,0,0,0.0,0.0,0.0,0.0,-0.0,67.0,0.0,162057.094,0.0,965,0,987,0,0,0,945,0,1009,0,907,0,786,0,776,0,821,0,7520,0.032,1.2033618204333965e+19,0.0,0.0,784,16797,-0.0,162057.094,-114818.039,-0.0,0.133,6.909358625270745e+28,30.0,70.0,35,0.0,0.0,0.0,0.0,0.0,0.0,0.0,0.0,0.0,0.0,0.0,0.0,0.0,0.0,0.0,0.0,66.4,0,150,71,51,65476,0,300,0,0,8,20529,65476,0,0,44564,70.0,0.0,0.0,0.0,0.0,0.0
2026-09-10T21:57:36,ERR,ERR,ERR,ERR,ERR,ERR,ERR,ERR,ERR,ERR,ERR,ERR,ERR,ERR,ERR,ERR,ERR,ERR,ERR,ERR,ERR,ERR,ERR,ERR,ERR,ERR,ERR,ERR,ERR,ERR,ERR,ERR,ERR,ERR,ERR,ERR,ERR,ERR,ERR,ERR,ERR,ERR,ERR,ERR,ERR,ERR,ERR,ERR,ERR,ERR,ERR,ERR,ERR,ERR,ERR,ERR,ERR,ERR,ERR,ERR,ERR,ERR,ERR,ERR,ERR,ERR,ERR,ERR,ERR,ERR,ERR,ERR,ERR,ERR,ERR,ERR,ERR,ERR,ERR,ERR,ERR,ERR,ERR,ERR,ERR,ERR,ERR,ERR,ERR,ERR,ERR,ERR,ERR,ERR,ERR,ERR,ERR,ERR,ERR,ERR,ERR,ERR,ERR,ERR,ERR,ERR,ERR,ERR,ERR,ERR,ERR,ERR,ERR,ERR,ERR,ERR,ERR,ERR,ERR,ERR,ERR,ERR,ERR,ERR,ERR,0.0,0.0,0.0,0.0,0.0,1.3936040501711995e+18,7.805,0.0,0,0,4,0,7116,0.0,100,0.0,0.0,0.0,0.0,0.0,0,0,0,0,0.0,0,0,0,0,0,0,0,0,0,0,0,0,0,0,0,0,0,0,0,0,0,0,0,0,0,0,0,0,0,0,0,0,0,31,40,40,71,65476,0,300,0,0,8,21553,0.0,-107605600.0,0.0,0.0,0.0,0.0,0.0,0.0,0.0,0.0,0.0,0.0,0.0,0.0,0.0,0.0,0.0,0.0,0.0,0.0,0.0,0.0,0.0,-2.004,-0.0,2.004,0.0,0.0,0.0,0.0,4541.0,1.0406635239469131e+34,6927.0,0.0,-107615352.0,2.7184264179883896e+23,-107615304.0,0.0,0.0,0.0,0.0,69,5.8480849975795215e+35,0.0,0.0,0.0,0.0,0.0,0.0,0.0,0.0,0,0,0,0.0,0.0,0.0,0.0,0.0,0.0,0.0,0.0,0.0,0.0,0.0,0.0,0.0,0.0,0.0,0.0,0,-107875648.0,69,0.0,138,0.0,0.0,0,0,17085,52429,17097,26215,17077,0,0,0,70,68,100,0.0,82.1,0.0,77.6,0.0,78.5,1,49,50,180,0,26215,0,0,0.0,0.0,0.0,0.0,-0.0,67.0,0.0,162057.094,0.0,965,0,987,0,0,0,945,0,1009,0,907,0,786,0,776,0,821,0,7520,0.032,1.2033618204333965e+19,0.0,0.0,784,16797,-0.0,162057.094,-114818.039,-0.0,0.133,6.909358625270745e+28,30.0,70.0,35,0.0,0.0,0.0,0.0,0.0,0.0,0.0,0.0,0.0,0.0,0.0,0.0,0.0,0.0,0.0,0.0,66.4,0,150,71,51,65476,0,300,0,0,8,20529,65476,0,0,44564,70.0,0.0,0.0,0.0,0.0,0.0
2026-09-10T21:57:37,ERR,ERR,ERR,ERR,ERR,ERR,ERR,ERR,ERR,ERR,ERR,ERR,ERR,ERR,ERR,ERR,ERR,ERR,ERR,ERR,ERR,ERR,ERR,ERR,ERR,ERR,ERR,ERR,ERR,ERR,ERR,ERR,ERR,ERR,ERR,ERR,ERR,ERR,ERR,ERR,ERR,ERR,ERR,ERR,ERR,ERR,ERR,ERR,ERR,ERR,ERR,ERR,ERR,ERR,ERR,ERR,ERR,ERR,ERR,ERR,ERR,ERR,ERR,ERR,ERR,ERR,ERR,ERR,ERR,ERR,ERR,ERR,ERR,ERR,ERR,ERR,ERR,ERR,ERR,ERR,ERR,ERR,ERR,ERR,ERR,ERR,ERR,ERR,ERR,ERR,ERR,ERR,ERR,ERR,ERR,ERR,ERR,ERR,ERR,ERR,ERR,ERR,ERR,ERR,ERR,ERR,ERR,ERR,ERR,ERR,ERR,ERR,ERR,ERR,ERR,ERR,ERR,ERR,ERR,ERR,ERR,ERR,ERR,ERR,ERR,0.0,0.0,0.0,0.0,0.0,1.3936040501711995e+18,7.805,0.0,0,0,4,0,7116,0.0,100,0.0,0.0,0.0,0.0,0.0,0,0,0,0,0.0,0,0,0,0,0,0,0,0,0,0,0,0,0,0,0,0,0,0,0,0,0,0,0,0,0,0,0,0,0,0,0,0,0,31,40,40,71,65476,0,300,0,0,8,21553,0.0,-107605600.0,0.0,0.0,0.0,0.0,0.0,0.0,0.0,0.0,0.0,0.0,0.0,0.0,0.0,0.0,0.0,0.0,0.0,0.0,0.0,0.0,0.0,-2.004,-0.0,2.004,0.0,0.0,0.0,0.0,4541.0,1.0406635239469131e+34,6927.0,0.0,-107615352.0,2.7184264179883896e+23,-107615304.0,0.0,0.0,0.0,0.0,69,5.8480849975795215e+35,0.0,0.0,0.0,0.0,0.0,0.0,0.0,0.0,0,0,0,0.0,0.0,0.0,0.0,0.0,0.0,0.0,0.0,0.0,0.0,0.0,0.0,0.0,0.0,0.0,0.0,0,-107875648.0,69,0.0,138,0.0,0.0,0,0,17085,52429,17097,26215,17077,0,0,0,70,68,100,0.0,82.1,0.0,77.6,0.0,78.5,1,49,50,180,0,26215,0,0,0.0,0.0,0.0,0.0,-0.0,67.0,0.0,162057.094,0.0,965,0,987,0,0,0,945,0,1009,0,907,0,786,0,776,0,821,0,7520,0.032,1.2033618204333965e+19,0.0,0.0,784,16797,-0.0,162057.094,-114818.039,-0.0,0.133,6.909358625270745e+28,30.0,70.0,35,0.0,0.0,0.0,0.0,0.0,0.0,0.0,0.0,0.0,0.0,0.0,0.0,0.0,0.0,0.0,0.0,66.4,0,150,71,51,65476,0,300,0,0,8,20529,65476,0,0,44564,70.0,0.0,0.0,0.0,0.0,0.0
2026-09-10T21:57:38,ERR,ERR,ERR,ERR,ERR,ERR,ERR,ERR,ERR,ERR,ERR,ERR,ERR,ERR,ERR,ERR,ERR,ERR,ERR,ERR,ERR,ERR,ERR,ERR,ERR,ERR,ERR,ERR,ERR,ERR,ERR,ERR,ERR,ERR,ERR,ERR,ERR,ERR,ERR,ERR,ERR,ERR,ERR,ERR,ERR,ERR,ERR,ERR,ERR,ERR,ERR,ERR,ERR,ERR,ERR,ERR,ERR,ERR,ERR,ERR,ERR,ERR,ERR,ERR,ERR,ERR,ERR,ERR,ERR,ERR,ERR,ERR,ERR,ERR,ERR,ERR,ERR,ERR,ERR,ERR,ERR,ERR,ERR,ERR,ERR,ERR,ERR,ERR,ERR,ERR,ERR,ERR,ERR,ERR,ERR,ERR,ERR,ERR,ERR,ERR,ERR,ERR,ERR,ERR,ERR,ERR,ERR,ERR,ERR,ERR,ERR,ERR,ERR,ERR,ERR,ERR,ERR,ERR,ERR,ERR,ERR,ERR,ERR,ERR,ERR,0.0,0.0,0.0,0.0,0.0,1.3936040501711995e+18,7.805,0.0,0,0,4,0,7116,0.0,100,0.0,0.0,0.0,0.0,0.0,0,0,0,0,0.0,0,0,0,0,0,0,0,0,0,0,0,0,0,0,0,0,0,0,0,0,0,0,0,0,0,0,0,0,0,0,0,0,0,31,40,40,71,65476,0,300,0,0,8,21553,0.0,-107605600.0,0.0,0.0,0.0,0.0,0.0,0.0,0.0,0.0,0.0,0.0,0.0,0.0,0.0,0.0,0.0,0.0,0.0,0.0,0.0,0.0,0.0,-2.004,-0.0,2.004,0.0,0.0,0.0,0.0,4541.0,1.0406635239469131e+34,6927.0,0.0,-107615352.0,2.7184264179883896e+23,-107615304.0,0.0,0.0,0.0,0.0,69,5.8480849975795215e+35,0.0,0.0,0.0,0.0,0.0,0.0,0.0,0.0,0,0,0,0.0,0.0,0.0,0.0,0.0,0.0,0.0,0.0,0.0,0.0,0.0,0.0,0.0,0.0,0.0,0.0,0,-107875648.0,69,0.0,138,0.0,0.0,0,0,17085,52429,17097,26215,17077,0,0,0,70,68,100,0.0,82.1,0.0,77.6,0.0,78.5,1,49,50,180,0,26215,0,0,0.0,0.0,0.0,0.0,-0.0,67.0,0.0,162057.094,0.0,965,0,987,0,0,0,945,0,1009,0,907,0,786,0,776,0,821,0,7520,0.032,1.2033618204333965e+19,0.0,0.0,784,16797,-0.0,162057.094,-114818.039,-0.0,0.133,6.909358625270745e+28,30.0,70.0,35,0.0,0.0,0.0,0.0,0.0,0.0,0.0,0.0,0.0,0.0,0.0,0.0,0.0,0.0,0.0,0.0,66.4,0,150,71,51,65476,0,300,0,0,8,20529,65476,0,0,44564,70.0,0.0,0.0,0.0,0.0,0.0
2026-09-10T21:57:39,ERR,ERR,ERR,ERR,ERR,ERR,ERR,ERR,ERR,ERR,ERR,ERR,ERR,ERR,ERR,ERR,ERR,ERR,ERR,ERR,ERR,ERR,ERR,ERR,ERR,ERR,ERR,ERR,ERR,ERR,ERR,ERR,ERR,ERR,ERR,ERR,ERR,ERR,ERR,ERR,ERR,ERR,ERR,ERR,ERR,ERR,ERR,ERR,ERR,ERR,ERR,ERR,ERR,ERR,ERR,ERR,ERR,ERR,ERR,ERR,ERR,ERR,ERR,ERR,ERR,ERR,ERR,ERR,ERR,ERR,ERR,ERR,ERR,ERR,ERR,ERR,ERR,ERR,ERR,ERR,ERR,ERR,ERR,ERR,ERR,ERR,ERR,ERR,ERR,ERR,ERR,ERR,ERR,ERR,ERR,ERR,ERR,ERR,ERR,ERR,ERR,ERR,ERR,ERR,ERR,ERR,ERR,ERR,ERR,ERR,ERR,ERR,ERR,ERR,ERR,ERR,ERR,ERR,ERR,ERR,ERR,ERR,ERR,ERR,ERR,0.0,0.0,0.0,0.0,0.0,1.3936040501711995e+18,7.805,0.0,0,0,4,0,7116,0.0,100,0.0,0.0,0.0,0.0,0.0,0,0,0,0,0.0,0,0,0,0,0,0,0,0,0,0,0,0,0,0,0,0,0,0,0,0,0,0,0,0,0,0,0,0,0,0,0,0,0,31,40,40,71,65476,0,300,0,0,8,21553,0.0,-107605600.0,0.0,0.0,0.0,0.0,0.0,0.0,0.0,0.0,0.0,0.0,0.0,0.0,0.0,0.0,0.0,0.0,0.0,0.0,0.0,0.0,0.0,-2.004,-0.0,2.004,0.0,0.0,0.0,0.0,4541.0,1.0406635239469131e+34,6927.0,0.0,-107615352.0,2.7184264179883896e+23,-107615304.0,0.0,0.0,0.0,0.0,69,5.8480849975795215e+35,0.0,0.0,0.0,0.0,0.0,0.0,0.0,0.0,0,0,0,0.0,0.0,0.0,0.0,0.0,0.0,0.0,0.0,0.0,0.0,0.0,0.0,0.0,0.0,0.0,0.0,0,-107875648.0,69,0.0,138,0.0,0.0,0,0,17085,52429,17097,26215,17077,0,0,0,70,68,100,0.0,82.1,0.0,77.6,0.0,78.5,1,49,50,180,0,26215,0,0,0.0,0.0,0.0,0.0,-0.0,67.0,0.0,162057.094,0.0,965,0,987,0,0,0,945,0,1009,0,907,0,786,0,776,0,821,0,7520,0.032,1.2033618204333965e+19,0.0,0.0,784,16797,-0.0,162057.094,-114818.039,-0.0,0.133,6.909358625270745e+28,30.0,70.0,35,0.0,0.0,0.0,0.0,0.0,0.0,0.0,0.0,0.0,0.0,0.0,0.0,0.0,0.0,0.0,0.0,66.4,0,150,71,51,65476,0,300,0,0,8,20529,65476,0,0,44564,70.0,0.0,0.0,0.0,0.0,0.0
2026-09-10T21:57:40,ERR,ERR,ERR,ERR,ERR,ERR,ERR,ERR,ERR,ERR,ERR,ERR,ERR,ERR,ERR,ERR,ERR,ERR,ERR,ERR,ERR,ERR,ERR,ERR,ERR,ERR,ERR,ERR,ERR,ERR,ERR,ERR,ERR,ERR,ERR,ERR,ERR,ERR,ERR,ERR,ERR,ERR,ERR,ERR,ERR,ERR,ERR,ERR,ERR,ERR,ERR,ERR,ERR,ERR,ERR,ERR,ERR,ERR,ERR,ERR,ERR,ERR,ERR,ERR,ERR,ERR,ERR,ERR,ERR,ERR,ERR,ERR,ERR,ERR,ERR,ERR,ERR,ERR,ERR,ERR,ERR,ERR,ERR,ERR,ERR,ERR,ERR,ERR,ERR,ERR,ERR,ERR,ERR,ERR,ERR,ERR,ERR,ERR,ERR,ERR,ERR,ERR,ERR,ERR,ERR,ERR,ERR,ERR,ERR,ERR,ERR,ERR,ERR,ERR,ERR,ERR,ERR,ERR,ERR,ERR,ERR,ERR,ERR,ERR,ERR,0.0,0.0,0.0,0.0,0.0,1.3936040501711995e+18,7.805,0.0,0,0,4,0,7116,0.0,100,0.0,0.0,0.0,0.0,0.0,0,0,0,0,0.0,0,0,0,0,0,0,0,0,0,0,0,0,0,0,0,0,0,0,0,0,0,0,0,0,0,0,0,0,0,0,0,0,0,31,40,40,71,65476,0,300,0,0,8,21553,0.0,-107605600.0,0.0,0.0,0.0,0.0,0.0,0.0,0.0,0.0,0.0,0.0,0.0,0.0,0.0,0.0,0.0,0.0,0.0,0.0,0.0,0.0,0.0,-2.004,-0.0,2.004,0.0,0.0,0.0,0.0,4541.0,1.0406635239469131e+34,6927.0,0.0,-107615352.0,2.7184264179883896e+23,-107615304.0,0.0,0.0,0.0,0.0,69,5.8480849975795215e+35,0.0,0.0,0.0,0.0,0.0,0.0,0.0,0.0,0,0,0,0.0,0.0,0.0,0.0,0.0,0.0,0.0,0.0,0.0,0.0,0.0,0.0,0.0,0.0,0.0,0.0,0,-107875648.0,69,0.0,138,0.0,0.0,0,0,17085,52429,17097,26215,17077,0,0,0,70,68,100,0.0,82.1,0.0,77.6,0.0,78.5,1,49,50,180,0,26215,0,0,0.0,0.0,0.0,0.0,-0.0,67.0,0.0,162057.094,0.0,965,0,987,0,0,0,945,0,1009,0,907,0,786,0,776,0,821,0,7520,0.032,1.2033618204333965e+19,0.0,0.0,784,16797,-0.0,162057.094,-114818.039,-0.0,0.133,6.909358625270745e+28,30.0,70.0,35,0.0,0.0,0.0,0.0,0.0,0.0,0.0,0.0,0.0,0.0,0.0,0.0,0.0,0.0,0.0,0.0,66.4,0,150,71,51,65476,0,300,0,0,8,20529,65476,0,0,44564,70.0,0.0,0.0,0.0,0.0,0.0
2026-09-10T21:57:41,ERR,ERR,ERR,ERR,ERR,ERR,ERR,ERR,ERR,ERR,ERR,ERR,ERR,ERR,ERR,ERR,ERR,ERR,ERR,ERR,ERR,ERR,ERR,ERR,ERR,ERR,ERR,ERR,ERR,ERR,ERR,ERR,ERR,ERR,ERR,ERR,ERR,ERR,ERR,ERR,ERR,ERR,ERR,ERR,ERR,ERR,ERR,ERR,ERR,ERR,ERR,ERR,ERR,ERR,ERR,ERR,ERR,ERR,ERR,ERR,ERR,ERR,ERR,ERR,ERR,ERR,ERR,ERR,ERR,ERR,ERR,ERR,ERR,ERR,ERR,ERR,ERR,ERR,ERR,ERR,ERR,ERR,ERR,ERR,ERR,ERR,ERR,ERR,ERR,ERR,ERR,ERR,ERR,ERR,ERR,ERR,ERR,ERR,ERR,ERR,ERR,ERR,ERR,ERR,ERR,ERR,ERR,ERR,ERR,ERR,ERR,ERR,ERR,ERR,ERR,ERR,ERR,ERR,ERR,ERR,ERR,ERR,ERR,ERR,ERR,0.0,0.0,0.0,0.0,0.0,1.3936040501711995e+18,7.805,0.0,0,0,4,0,7116,0.0,100,0.0,0.0,0.0,0.0,0.0,0,0,0,0,0.0,0,0,0,0,0,0,0,0,0,0,0,0,0,0,0,0,0,0,0,0,0,0,0,0,0,0,0,0,0,0,0,0,0,31,40,40,71,65476,0,300,0,0,8,21553,0.0,-107605600.0,0.0,0.0,0.0,0.0,0.0,0.0,0.0,0.0,0.0,0.0,0.0,0.0,0.0,0.0,0.0,0.0,0.0,0.0,0.0,0.0,0.0,-2.004,-0.0,2.004,0.0,0.0,0.0,0.0,4541.0,1.0406635239469131e+34,6927.0,0.0,-107615352.0,2.7184264179883896e+23,-107615304.0,0.0,0.0,0.0,0.0,69,5.8480849975795215e+35,0.0,0.0,0.0,0.0,0.0,0.0,0.0,0.0,0,0,0,0.0,0.0,0.0,0.0,0.0,0.0,0.0,0.0,0.0,0.0,0.0,0.0,0.0,0.0,0.0,0.0,0,-107875648.0,69,0.0,138,0.0,0.0,0,0,17085,52429,17097,26215,17077,0,0,0,70,68,100,0.0,82.1,0.0,77.6,0.0,78.5,1,49,50,180,0,26215,0,0,0.0,0.0,0.0,0.0,-0.0,67.0,0.0,162057.094,0.0,965,0,986,0,0,0,945,0,1008,0,907,0,786,0,776,0,821,0,7520,0.032,1.2033618204333965e+19,0.0,0.0,784,16797,-0.0,162057.094,-114818.039,-0.0,0.133,6.909358625270745e+28,30.0,70.0,35,0.0,0.0,0.0,0.0,0.0,0.0,0.0,0.0,0.0,0.0,0.0,0.0,0.0,0.0,0.0,0.0,66.4,0,150,71,51,65476,0,300,0,0,8,20529,65476,0,0,44564,70.0,0.0,0.0,0.0,0.0,0.0
2026-09-10T21:57:42,ERR,ERR,ERR,ERR,ERR,ERR,ERR,ERR,ERR,ERR,ERR,ERR,ERR,ERR,ERR,ERR,ERR,ERR,ERR,ERR,ERR,ERR,ERR,ERR,ERR,ERR,ERR,ERR,ERR,ERR,ERR,ERR,ERR,ERR,ERR,ERR,ERR,ERR,ERR,ERR,ERR,ERR,ERR,ERR,ERR,ERR,ERR,ERR,ERR,ERR,ERR,ERR,ERR,ERR,ERR,ERR,ERR,ERR,ERR,ERR,ERR,ERR,ERR,ERR,ERR,ERR,ERR,ERR,ERR,ERR,ERR,ERR,ERR,ERR,ERR,ERR,ERR,ERR,ERR,ERR,ERR,ERR,ERR,ERR,ERR,ERR,ERR,ERR,ERR,ERR,ERR,ERR,ERR,ERR,ERR,ERR,ERR,ERR,ERR,ERR,ERR,ERR,ERR,ERR,ERR,ERR,ERR,ERR,ERR,ERR,ERR,ERR,ERR,ERR,ERR,ERR,ERR,ERR,ERR,ERR,ERR,ERR,ERR,ERR,ERR,0.0,0.0,0.0,0.0,0.0,1.3936040501711995e+18,7.805,0.0,0,0,4,0,7116,0.0,100,0.0,0.0,0.0,0.0,0.0,0,0,0,0,0.0,0,0,0,0,0,0,0,0,0,0,0,0,0,0,0,0,0,0,0,0,0,0,0,0,0,0,0,0,0,0,0,0,0,31,40,40,71,65476,0,300,0,0,8,21553,0.0,-107605600.0,0.0,0.0,0.0,0.0,0.0,0.0,0.0,0.0,0.0,0.0,0.0,0.0,0.0,0.0,0.0,0.0,0.0,0.0,0.0,0.0,0.0,-2.004,-0.0,2.004,0.0,0.0,0.0,0.0,4541.0,1.0406635239469131e+34,6927.0,0.0,-107615352.0,2.7184264179883896e+23,-107615304.0,0.0,0.0,0.0,0.0,69,5.8480849975795215e+35,0.0,0.0,0.0,0.0,0.0,0.0,0.0,0.0,0,0,0,0.0,0.0,0.0,0.0,0.0,0.0,0.0,0.0,0.0,0.0,0.0,0.0,0.0,0.0,0.0,0.0,0,-107875648.0,69,0.0,138,0.0,0.0,0,0,17085,52429,17097,26215,17077,0,0,0,70,68,100,0.0,82.1,0.0,77.6,0.0,78.5,1,49,50,180,0,26215,0,0,0.0,0.0,0.0,0.0,-0.0,67.0,0.0,162057.094,0.0,965,0,986,0,0,0,945,0,1008,0,907,0,786,0,776,0,821,0,7520,0.032,1.2033618204333965e+19,0.0,0.0,784,16797,-0.0,162057.094,-114818.039,-0.0,0.133,6.909358625270745e+28,30.0,70.0,35,0.0,0.0,0.0,0.0,0.0,0.0,0.0,0.0,0.0,0.0,0.0,0.0,0.0,0.0,0.0,0.0,66.4,0,150,71,51,65476,0,300,0,0,8,20529,65476,0,0,44564,70.0,0.0,0.0,0.0,0.0,0.0
2026-09-10T21:57:43,ERR,ERR,ERR,ERR,ERR,ERR,ERR,ERR,ERR,ERR,ERR,ERR,ERR,ERR,ERR,ERR,ERR,ERR,ERR,ERR,ERR,ERR,ERR,ERR,ERR,ERR,ERR,ERR,ERR,ERR,ERR,ERR,ERR,ERR,ERR,ERR,ERR,ERR,ERR,ERR,ERR,ERR,ERR,ERR,ERR,ERR,ERR,ERR,ERR,ERR,ERR,ERR,ERR,ERR,ERR,ERR,ERR,ERR,ERR,ERR,ERR,ERR,ERR,ERR,ERR,ERR,ERR,ERR,ERR,ERR,ERR,ERR,ERR,ERR,ERR,ERR,ERR,ERR,ERR,ERR,ERR,ERR,ERR,ERR,ERR,ERR,ERR,ERR,ERR,ERR,ERR,ERR,ERR,ERR,ERR,ERR,ERR,ERR,ERR,ERR,ERR,ERR,ERR,ERR,ERR,ERR,ERR,ERR,ERR,ERR,ERR,ERR,ERR,ERR,ERR,ERR,ERR,ERR,ERR,ERR,ERR,ERR,ERR,ERR,ERR,0.0,0.0,0.0,0.0,0.0,1.3936040501711995e+18,7.805,0.0,0,0,4,0,7116,0.0,100,0.0,0.0,0.0,0.0,0.0,0,0,0,0,0.0,0,0,0,0,0,0,0,0,0,0,0,0,0,0,0,0,0,0,0,0,0,0,0,0,0,0,0,0,0,0,0,0,0,31,40,40,71,65476,0,300,0,0,8,21553,0.0,-107605600.0,0.0,0.0,0.0,0.0,0.0,0.0,0.0,0.0,0.0,0.0,0.0,0.0,0.0,0.0,0.0,0.0,0.0,0.0,0.0,0.0,0.0,-2.004,-0.0,2.004,0.0,0.0,0.0,0.0,4541.0,1.0406635239469131e+34,6927.0,0.0,-107615352.0,2.7184264179883896e+23,-107615304.0,0.0,0.0,0.0,0.0,69,5.8480849975795215e+35,0.0,0.0,0.0,0.0,0.0,0.0,0.0,0.0,0,0,0,0.0,0.0,0.0,0.0,0.0,0.0,0.0,0.0,0.0,0.0,0.0,0.0,0.0,0.0,0.0,0.0,0,-107875648.0,69,0.0,138,0.0,0.0,0,0,17085,52429,17097,26215,17077,0,0,0,70,68,100,0.0,82.1,0.0,77.6,0.0,78.5,1,49,50,180,0,26215,0,0,0.0,0.0,0.0,0.0,-0.0,67.0,0.0,162057.094,0.0,965,0,986,0,0,0,945,0,1008,0,907,0,786,0,776,0,821,0,7520,0.032,1.2033618204333965e+19,0.0,0.0,784,16797,-0.0,162057.094,-114818.039,-0.0,0.133,6.909358625270745e+28,30.0,70.0,35,0.0,0.0,0.0,0.0,0.0,0.0,0.0,0.0,0.0,0.0,0.0,0.0,0.0,0.0,0.0,0.0,66.4,0,150,71,51,65476,0,300,0,0,8,20529,65476,0,0,44564,70.0,0.0,0.0,0.0,0.0,0.0
2026-09-10T21:57:44,ERR,ERR,ERR,ERR,ERR,ERR,ERR,ERR,ERR,ERR,ERR,ERR,ERR,ERR,ERR,ERR,ERR,ERR,ERR,ERR,ERR,ERR,ERR,ERR,ERR,ERR,ERR,ERR,ERR,ERR,ERR,ERR,ERR,ERR,ERR,ERR,ERR,ERR,ERR,ERR,ERR,ERR,ERR,ERR,ERR,ERR,ERR,ERR,ERR,ERR,ERR,ERR,ERR,ERR,ERR,ERR,ERR,ERR,ERR,ERR,ERR,ERR,ERR,ERR,ERR,ERR,ERR,ERR,ERR,ERR,ERR,ERR,ERR,ERR,ERR,ERR,ERR,ERR,ERR,ERR,ERR,ERR,ERR,ERR,ERR,ERR,ERR,ERR,ERR,ERR,ERR,ERR,ERR,ERR,ERR,ERR,ERR,ERR,ERR,ERR,ERR,ERR,ERR,ERR,ERR,ERR,ERR,ERR,ERR,ERR,ERR,ERR,ERR,ERR,ERR,ERR,ERR,ERR,ERR,ERR,ERR,ERR,ERR,ERR,ERR,0.0,-107615352.0,0.0,0.0,0.0,1.3936040501711995e+18,7.805,0.0,0,0,4,0,7116,0.0,100,0.0,0.0,0.0,0.0,0.0,0,0,0,0,0.0,0,0,0,0,0,0,0,0,0,0,0,0,0,0,0,0,0,0,0,0,0,0,0,0,0,0,0,0,0,0,0,0,0,31,40,40,71,65476,0,300,0,0,8,21553,0.0,-107605600.0,0.0,0.0,0.0,0.0,0.0,0.0,0.0,0.0,0.0,0.0,0.0,0.0,0.0,0.0,0.0,0.0,0.0,0.0,0.0,0.0,-2.004,-2.004,-0.0,2.004,0.0,0.0,0.0,0.0,4514.0,1.0406635239469131e+34,6927.0,0.0,-107615352.0,2.7184264179883896e+23,-107615304.0,0.0,0.0,0.0,0.0,69,-0.0,0.0,0.0,0.0,0.0,0.0,0.0,0.0,0.0,0,0,0,0.0,0.0,0.0,0.0,0.0,0.0,0.0,0.0,0.0,0.0,0.0,0.0,0.0,0.0,0.0,0.0,0,-107875648.0,69,0.0,138,0.0,0.0,0,0,17085,52429,17097,26215,17077,0,0,0,70,68,100,0.0,82.1,0.0,77.6,0.0,78.5,1,49,50,180,0,26215,0,0,0.0,0.0,0.0,0.0,-0.0,67.0,0.0,162057.094,0.0,965,0,986,0,0,0,945,0,1008,0,907,0,786,0,776,0,821,0,7520,0.032,1.2033618204333965e+19,0.0,0.0,784,16797,-0.0,162057.094,-114818.039,-0.0,0.133,6.909358625270745e+28,30.0,70.0,35,0.0,0.0,0.0,0.0,0.0,0.0,0.0,0.0,0.0,0.0,0.0,0.0,0.0,0.0,0.0,0.0,66.8,0,150,71,51,65476,0,300,0,0,8,20529,65476,0,0,44564,70.0,0.0,0.0,0.0,0.0,0.0
2026-09-10T21:57:45,ERR,ERR,ERR,ERR,ERR,ERR,ERR,ERR,ERR,ERR,ERR,ERR,ERR,ERR,ERR,ERR,ERR,ERR,ERR,ERR,ERR,ERR,ERR,ERR,ERR,ERR,ERR,ERR,ERR,ERR,ERR,ERR,ERR,ERR,ERR,ERR,ERR,ERR,ERR,ERR,ERR,ERR,ERR,ERR,ERR,ERR,ERR,ERR,ERR,ERR,ERR,ERR,ERR,ERR,ERR,ERR,ERR,ERR,ERR,ERR,ERR,ERR,ERR,ERR,ERR,ERR,ERR,ERR,ERR,ERR,ERR,ERR,ERR,ERR,ERR,ERR,ERR,ERR,ERR,ERR,ERR,ERR,ERR,ERR,ERR,ERR,ERR,ERR,ERR,ERR,ERR,ERR,ERR,ERR,ERR,ERR,ERR,ERR,ERR,ERR,ERR,ERR,ERR,ERR,ERR,ERR,ERR,ERR,ERR,ERR,ERR,ERR,ERR,ERR,ERR,ERR,ERR,ERR,ERR,ERR,ERR,ERR,ERR,ERR,ERR,0.0,-107615352.0,0.0,0.0,0.0,1.3936040501711995e+18,7.805,0.0,0,0,4,0,7116,0.0,100,0.0,0.0,0.0,0.0,0.0,0,0,0,0,0.0,0,0,0,0,0,0,0,0,0,0,0,0,0,0,0,0,0,0,0,0,0,0,0,0,0,0,0,0,0,0,0,0,0,31,40,40,71,65476,0,300,0,0,8,21553,0.0,-107605600.0,0.0,0.0,0.0,0.0,0.0,0.0,0.0,0.0,0.0,0.0,0.0,0.0,0.0,0.0,0.0,0.0,0.0,0.0,0.0,0.0,-2.004,-2.004,-0.0,2.004,0.0,0.0,0.0,0.0,4514.0,1.0406635239469131e+34,6927.0,0.0,-107615352.0,2.7184264179883896e+23,-107615304.0,0.0,0.0,0.0,0.0,69,-0.0,0.0,0.0,0.0,0.0,0.0,0.0,0.0,0.0,0,0,0,0.0,0.0,0.0,0.0,0.0,0.0,0.0,0.0,0.0,0.0,0.0,0.0,0.0,0.0,0.0,0.0,0,-107875648.0,69,0.0,138,0.0,0.0,0,0,17085,52429,17097,26215,17077,0,0,0,70,68,100,0.0,82.1,0.0,77.6,0.0,78.5,1,49,50,180,0,26215,0,0,0.0,0.0,0.0,0.0,-0.0,67.0,0.0,162057.094,0.0,965,0,986,0,0,0,945,0,1008,0,907,0,786,0,776,0,821,0,7520,0.032,1.2033618204333965e+19,0.0,0.0,784,16797,-0.0,162057.094,-114818.039,-0.0,0.133,6.909358625270745e+28,30.0,70.0,35,0.0,0.0,0.0,0.0,0.0,0.0,0.0,0.0,0.0,0.0,0.0,0.0,0.0,0.0,0.0,0.0,66.8,0,150,71,51,65476,0,300,0,0,8,20529,65476,0,0,44564,70.0,0.0,0.0,0.0,0.0,0.0
2026-09-10T21:57:46,ERR,ERR,ERR,ERR,ERR,ERR,ERR,ERR,ERR,ERR,ERR,ERR,ERR,ERR,ERR,ERR,ERR,ERR,ERR,ERR,ERR,ERR,ERR,ERR,ERR,ERR,ERR,ERR,ERR,ERR,ERR,ERR,ERR,ERR,ERR,ERR,ERR,ERR,ERR,ERR,ERR,ERR,ERR,ERR,ERR,ERR,ERR,ERR,ERR,ERR,ERR,ERR,ERR,ERR,ERR,ERR,ERR,ERR,ERR,ERR,ERR,ERR,ERR,ERR,ERR,ERR,ERR,ERR,ERR,ERR,ERR,ERR,ERR,ERR,ERR,ERR,ERR,ERR,ERR,ERR,ERR,ERR,ERR,ERR,ERR,ERR,ERR,ERR,ERR,ERR,ERR,ERR,ERR,ERR,ERR,ERR,ERR,ERR,ERR,ERR,ERR,ERR,ERR,ERR,ERR,ERR,ERR,ERR,ERR,ERR,ERR,ERR,ERR,ERR,ERR,ERR,ERR,ERR,ERR,ERR,ERR,ERR,ERR,ERR,ERR,0.0,-107615352.0,0.0,0.0,0.0,1.3936040501711995e+18,7.805,0.0,0,0,4,0,7116,0.0,100,0.0,0.0,0.0,0.0,0.0,0,0,0,0,0.0,0,0,0,0,0,0,0,0,0,0,0,0,0,0,0,0,0,0,0,0,0,0,0,0,0,0,0,0,0,0,0,0,0,31,40,40,71,65476,0,300,0,0,8,21553,0.0,-107605600.0,0.0,0.0,0.0,0.0,0.0,0.0,0.0,0.0,0.0,0.0,0.0,0.0,0.0,0.0,0.0,0.0,0.0,0.0,0.0,0.0,-2.004,-2.004,-0.0,2.004,0.0,0.0,0.0,0.0,4514.0,1.0406635239469131e+34,6927.0,0.0,-107615352.0,2.7184264179883896e+23,-107615304.0,0.0,0.0,0.0,0.0,69,-0.0,0.0,0.0,0.0,0.0,0.0,0.0,0.0,0.0,0,0,0,0.0,0.0,0.0,0.0,0.0,0.0,0.0,0.0,0.0,0.0,0.0,0.0,0.0,0.0,0.0,0.0,0,-107875648.0,69,0.0,138,0.0,0.0,0,0,17085,39322,17097,26215,17077,0,0,0,70,68,100,0.0,82.1,0.0,77.6,0.0,78.5,1,49,50,180,0,26215,0,0,0.0,0.0,0.0,0.0,-0.0,67.0,0.0,162057.094,0.0,965,0,986,0,0,0,945,0,1008,0,907,0,786,0,776,0,821,0,7520,0.032,1.2033618204333965e+19,0.0,0.0,784,16797,-0.0,162057.094,-114818.039,-0.0,0.133,6.909358625270745e+28,30.0,70.0,35,0.0,0.0,0.0,0.0,0.0,0.0,0.0,0.0,0.0,0.0,0.0,0.0,0.0,0.0,0.0,0.0,66.8,0,150,71,51,65476,0,300,0,0,8,20529,65476,0,0,44564,70.0,0.0,0.0,0.0,0.0,0.0
2026-09-10T21:57:47,ERR,ERR,ERR,ERR,ERR,ERR,ERR,ERR,ERR,ERR,ERR,ERR,ERR,ERR,ERR,ERR,ERR,ERR,ERR,ERR,ERR,ERR,ERR,ERR,ERR,ERR,ERR,ERR,ERR,ERR,ERR,ERR,ERR,ERR,ERR,ERR,ERR,ERR,ERR,ERR,ERR,ERR,ERR,ERR,ERR,ERR,ERR,ERR,ERR,ERR,ERR,ERR,ERR,ERR,ERR,ERR,ERR,ERR,ERR,ERR,ERR,ERR,ERR,ERR,ERR,ERR,ERR,ERR,ERR,ERR,ERR,ERR,ERR,ERR,ERR,ERR,ERR,ERR,ERR,ERR,ERR,ERR,ERR,ERR,ERR,ERR,ERR,ERR,ERR,ERR,ERR,ERR,ERR,ERR,ERR,ERR,ERR,ERR,ERR,ERR,ERR,ERR,ERR,ERR,ERR,ERR,ERR,ERR,ERR,ERR,ERR,ERR,ERR,ERR,ERR,ERR,ERR,ERR,ERR,ERR,ERR,ERR,ERR,ERR,ERR,0.0,-107615352.0,0.0,0.0,0.0,1.3936040501711995e+18,7.805,0.0,0,0,4,0,7116,0.0,100,0.0,0.0,0.0,0.0,0.0,0,0,0,0,0.0,0,0,0,0,0,0,0,0,0,0,0,0,0,0,0,0,0,0,0,0,0,0,0,0,0,0,0,0,0,0,0,0,0,31,40,40,71,65476,0,300,0,0,8,21553,0.0,-107605600.0,0.0,0.0,0.0,0.0,0.0,0.0,0.0,0.0,0.0,0.0,0.0,0.0,0.0,0.0,0.0,0.0,0.0,0.0,0.0,0.0,-2.004,-2.004,-0.0,2.004,0.0,0.0,0.0,0.0,4514.0,1.0406635239469131e+34,6927.0,0.0,-107615352.0,2.7184264179883896e+23,-107615304.0,0.0,0.0,0.0,0.0,69,-0.0,0.0,0.0,0.0,0.0,0.0,0.0,0.0,0.0,0,0,0,0.0,0.0,0.0,0.0,0.0,0.0,0.0,0.0,0.0,0.0,0.0,0.0,0.0,0.0,0.0,0.0,0,-107875648.0,69,0.0,138,0.0,0.0,0,0,17085,39322,17097,26215,17077,0,0,0,70,68,100,0.0,82.1,0.0,77.6,0.0,78.5,1,49,50,180,0,26215,0,0,0.0,0.0,0.0,0.0,-0.0,67.0,0.0,162057.094,0.0,965,0,986,0,0,0,945,0,1008,0,907,0,786,0,776,0,821,0,7520,0.032,1.2033618204333965e+19,0.0,0.0,784,16797,-0.0,162057.094,-114818.039,-0.0,0.133,6.909358625270745e+28,30.0,70.0,35,0.0,0.0,0.0,0.0,0.0,0.0,0.0,0.0,0.0,0.0,0.0,0.0,0.0,0.0,0.0,0.0,66.8,0,150,71,51,65476,0,300,0,0,8,20529,65476,0,0,44564,70.0,0.0,0.0,0.0,0.0,0.0
2026-09-10T21:57:48,ERR,ERR,ERR,ERR,ERR,ERR,ERR,ERR,ERR,ERR,ERR,ERR,ERR,ERR,ERR,ERR,ERR,ERR,ERR,ERR,ERR,ERR,ERR,ERR,ERR,ERR,ERR,ERR,ERR,ERR,ERR,ERR,ERR,ERR,ERR,ERR,ERR,ERR,ERR,ERR,ERR,ERR,ERR,ERR,ERR,ERR,ERR,ERR,ERR,ERR,ERR,ERR,ERR,ERR,ERR,ERR,ERR,ERR,ERR,ERR,ERR,ERR,ERR,ERR,ERR,ERR,ERR,ERR,ERR,ERR,ERR,ERR,ERR,ERR,ERR,ERR,ERR,ERR,ERR,ERR,ERR,ERR,ERR,ERR,ERR,ERR,ERR,ERR,ERR,ERR,ERR,ERR,ERR,ERR,ERR,ERR,ERR,ERR,ERR,ERR,ERR,ERR,ERR,ERR,ERR,ERR,ERR,ERR,ERR,ERR,ERR,ERR,ERR,ERR,ERR,ERR,ERR,ERR,ERR,ERR,ERR,ERR,ERR,ERR,ERR,0.0,-107615352.0,0.0,0.0,0.0,1.3936040501711995e+18,7.805,0.0,0,0,4,0,7116,0.0,100,0.0,0.0,0.0,0.0,0.0,0,0,0,0,0.0,0,0,0,0,0,0,0,0,0,0,0,0,0,0,0,0,0,0,0,0,0,0,0,0,0,0,0,0,0,0,0,0,0,31,40,40,71,65476,0,300,0,0,8,21553,0.0,-107605600.0,0.0,0.0,0.0,0.0,0.0,0.0,0.0,0.0,0.0,0.0,0.0,0.0,0.0,0.0,0.0,0.0,0.0,0.0,0.0,0.0,-2.004,-2.004,-0.0,2.004,0.0,0.0,0.0,0.0,4514.0,1.0406635239469131e+34,6927.0,0.0,-107615352.0,2.7184264179883896e+23,-107615304.0,0.0,0.0,0.0,0.0,69,-0.0,0.0,0.0,0.0,0.0,0.0,0.0,0.0,0.0,0,0,0,0.0,0.0,0.0,0.0,0.0,0.0,0.0,0.0,0.0,0.0,0.0,0.0,0.0,0.0,0.0,0.0,0,-107875648.0,69,0.0,138,0.0,0.0,0,0,17085,39322,17097,26215,17077,0,0,0,70,68,100,0.0,82.1,0.0,77.6,0.0,78.5,1,49,50,180,0,26215,0,0,0.0,0.0,0.0,0.0,-0.0,67.0,0.0,162057.094,0.0,965,0,986,0,0,0,945,0,1008,0,907,0,786,0,776,0,821,0,7520,0.032,1.2033618204333965e+19,0.0,0.0,784,16797,-0.0,162057.094,-114818.039,-0.0,0.133,6.909358625270745e+28,30.0,70.0,35,0.0,0.0,0.0,0.0,0.0,0.0,0.0,0.0,0.0,0.0,0.0,0.0,0.0,0.0,0.0,0.0,66.8,0,150,71,51,65476,0,300,0,0,8,20529,65476,0,0,44564,70.0,0.0,0.0,0.0,0.0,0.0
2026-09-10T21:57:49,ERR,ERR,ERR,ERR,ERR,ERR,ERR,ERR,ERR,ERR,ERR,ERR,ERR,ERR,ERR,ERR,ERR,ERR,ERR,ERR,ERR,ERR,ERR,ERR,ERR,ERR,ERR,ERR,ERR,ERR,ERR,ERR,ERR,ERR,ERR,ERR,ERR,ERR,ERR,ERR,ERR,ERR,ERR,ERR,ERR,ERR,ERR,ERR,ERR,ERR,ERR,ERR,ERR,ERR,ERR,ERR,ERR,ERR,ERR,ERR,ERR,ERR,ERR,ERR,ERR,ERR,ERR,ERR,ERR,ERR,ERR,ERR,ERR,ERR,ERR,ERR,ERR,ERR,ERR,ERR,ERR,ERR,ERR,ERR,ERR,ERR,ERR,ERR,ERR,ERR,ERR,ERR,ERR,ERR,ERR,ERR,ERR,ERR,ERR,ERR,ERR,ERR,ERR,ERR,ERR,ERR,ERR,ERR,ERR,ERR,ERR,ERR,ERR,ERR,ERR,ERR,ERR,ERR,ERR,ERR,ERR,ERR,ERR,ERR,ERR,0.0,-107615352.0,0.0,0.0,0.0,1.3936040501711995e+18,7.805,0.0,0,0,4,0,7116,0.0,100,0.0,0.0,0.0,0.0,0.0,0,0,0,0,0.0,0,0,0,0,0,0,0,0,0,0,0,0,0,0,0,0,0,0,0,0,0,0,0,0,0,0,0,0,0,0,0,0,0,31,40,40,71,65476,0,300,0,0,8,21553,0.0,-107605600.0,0.0,0.0,0.0,0.0,0.0,0.0,0.0,0.0,0.0,0.0,0.0,0.0,0.0,0.0,0.0,0.0,0.0,0.0,0.0,0.0,-2.004,-2.004,-0.0,2.004,0.0,0.0,0.0,0.0,4514.0,1.0406635239469131e+34,6927.0,0.0,-107615352.0,2.7184264179883896e+23,-107615304.0,0.0,0.0,0.0,0.0,69,-0.0,0.0,0.0,0.0,0.0,0.0,0.0,0.0,0.0,0,0,0,0.0,0.0,0.0,0.0,0.0,0.0,0.0,0.0,0.0,0.0,0.0,0.0,0.0,0.0,0.0,0.0,0,-107875648.0,69,0.0,138,0.0,0.0,0,0,17085,39322,17097,26215,17077,0,0,0,70,68,100,0.0,82.1,0.0,77.6,0.0,78.5,1,49,50,180,0,26215,0,0,0.0,0.0,0.0,0.0,-0.0,67.0,0.0,162057.094,0.0,965,0,986,0,0,0,945,0,1008,0,907,0,786,0,776,0,821,0,7520,0.032,1.2033618204333965e+19,0.0,0.0,784,16797,-0.0,162057.094,-114818.039,-0.0,0.133,6.909358625270745e+28,30.0,70.0,35,0.0,0.0,0.0,0.0,0.0,0.0,0.0,0.0,0.0,0.0,0.0,0.0,0.0,0.0,0.0,0.0,66.4,0,150,71,51,65476,0,300,0,0,8,20529,65476,0,0,44564,70.0,0.0,0.0,0.0,0.0,0.0
2026-09-10T21:57:50,ERR,ERR,ERR,ERR,ERR,ERR,ERR,ERR,ERR,ERR,ERR,ERR,ERR,ERR,ERR,ERR,ERR,ERR,ERR,ERR,ERR,ERR,ERR,ERR,ERR,ERR,ERR,ERR,ERR,ERR,ERR,ERR,ERR,ERR,ERR,ERR,ERR,ERR,ERR,ERR,ERR,ERR,ERR,ERR,ERR,ERR,ERR,ERR,ERR,ERR,ERR,ERR,ERR,ERR,ERR,ERR,ERR,ERR,ERR,ERR,ERR,ERR,ERR,ERR,ERR,ERR,ERR,ERR,ERR,ERR,ERR,ERR,ERR,ERR,ERR,ERR,ERR,ERR,ERR,ERR,ERR,ERR,ERR,ERR,ERR,ERR,ERR,ERR,ERR,ERR,ERR,ERR,ERR,ERR,ERR,ERR,ERR,ERR,ERR,ERR,ERR,ERR,ERR,ERR,ERR,ERR,ERR,ERR,ERR,ERR,ERR,ERR,ERR,ERR,ERR,ERR,ERR,ERR,ERR,ERR,ERR,ERR,ERR,ERR,ERR,0.0,-107615352.0,0.0,0.0,0.0,1.3936040501711995e+18,7.805,0.0,0,0,4,0,7116,0.0,100,0.0,0.0,0.0,0.0,0.0,0,0,0,0,0.0,0,0,0,0,0,0,0,0,0,0,0,0,0,0,0,0,0,0,0,0,0,0,0,0,0,0,0,0,0,0,0,0,0,31,40,40,71,65476,0,300,0,0,8,21553,0.0,-107605600.0,0.0,0.0,0.0,0.0,0.0,0.0,0.0,0.0,0.0,0.0,0.0,0.0,0.0,0.0,0.0,0.0,0.0,0.0,0.0,0.0,0.0,-2.004,-0.0,2.004,0.0,0.0,0.0,0.0,4514.0,1.5879265196943865e+29,6926.0,0.0,-107615352.0,-107615184.0,-107615304.0,0.0,0.0,0.0,0.0,69,-0.0,-4.95039378082316e+32,0.0,0.0,0.0,0.0,0.0,0.0,0.0,0,0,0,0.0,0.0,0.0,0.0,0.0,0.0,0.0,0.0,0.0,0.0,0.0,0.0,0.0,0.0,0.0,0.0,0,-107875648.0,69,0.0,138,0.0,0.0,0,0,17085,39322,17097,26215,17077,0,0,0,70,68,100,0.0,82.1,0.0,77.6,0.0,78.5,1,49,50,180,0,13107,0,0,0.0,0.0,0.0,0.0,-0.0,67.0,0.0,162057.094,0.0,965,0,987,0,0,0,945,0,1008,0,907,0,786,0,776,0,821,0,7520,0.032,1.1961560610296037e+19,0.0,0.0,784,16797,-0.0,162057.094,-114818.039,-0.0,0.133,6.909358625270745e+28,30.0,70.0,35,0.0,0.0,0.0,0.0,0.0,0.0,0.0,0.0,0.0,0.0,0.0,0.0,0.0,0.0,0.0,0.0,66.4,0,150,71,51,65476,0,300,0,0,8,20529,65476,0,0,44564,70.0,0.0,0.0,0.0,0.0,0.0
2026-09-10T21:57:51,ERR,ERR,ERR,ERR,ERR,ERR,ERR,ERR,ERR,ERR,ERR,ERR,ERR,ERR,ERR,ERR,ERR,ERR,ERR,ERR,ERR,ERR,ERR,ERR,ERR,ERR,ERR,ERR,ERR,ERR,ERR,ERR,ERR,ERR,ERR,ERR,ERR,ERR,ERR,ERR,ERR,ERR,ERR,ERR,ERR,ERR,ERR,ERR,ERR,ERR,ERR,ERR,ERR,ERR,ERR,ERR,ERR,ERR,ERR,ERR,ERR,ERR,ERR,ERR,ERR,ERR,ERR,ERR,ERR,ERR,ERR,ERR,ERR,ERR,ERR,ERR,ERR,ERR,ERR,ERR,ERR,ERR,ERR,ERR,ERR,ERR,ERR,ERR,ERR,ERR,ERR,ERR,ERR,ERR,ERR,ERR,ERR,ERR,ERR,ERR,ERR,ERR,ERR,ERR,ERR,ERR,ERR,ERR,ERR,ERR,ERR,ERR,ERR,ERR,ERR,ERR,ERR,ERR,ERR,ERR,ERR,ERR,ERR,ERR,ERR,0.0,-107615352.0,0.0,0.0,0.0,1.3936040501711995e+18,7.805,0.0,0,0,4,0,7116,0.0,100,0.0,0.0,0.0,0.0,0.0,0,0,0,0,0.0,0,0,0,0,0,0,0,0,0,0,0,0,0,0,0,0,0,0,0,0,0,0,0,0,0,0,0,0,0,0,0,0,0,31,40,40,71,65476,0,300,0,0,8,21553,0.0,-107605600.0,0.0,0.0,0.0,0.0,0.0,0.0,0.0,0.0,0.0,0.0,0.0,0.0,0.0,0.0,0.0,0.0,0.0,0.0,0.0,0.0,0.0,-2.004,-0.0,2.004,0.0,0.0,0.0,0.0,4514.0,1.5879265196943865e+29,6926.0,0.0,-107615352.0,-107615184.0,-107615304.0,0.0,0.0,0.0,0.0,69,-0.0,-4.95039378082316e+32,0.0,0.0,0.0,0.0,0.0,0.0,0.0,0,0,0,0.0,0.0,0.0,0.0,0.0,0.0,0.0,0.0,0.0,0.0,0.0,0.0,0.0,0.0,0.0,0.0,0,-107875648.0,69,0.0,138,0.0,0.0,0,0,17085,39322,17097,26215,17077,0,0,0,70,68,100,0.0,82.1,0.0,77.6,0.0,78.5,1,49,50,180,0,13107,0,0,0.0,0.0,0.0,0.0,-0.0,67.0,0.0,162057.094,0.0,965,0,987,0,0,0,945,0,1008,0,907,0,786,0,776,0,821,0,7520,0.032,1.1961560610296037e+19,0.0,0.0,784,16797,-0.0,162057.094,-114818.039,-0.0,0.133,6.909358625270745e+28,30.0,70.0,35,0.0,0.0,0.0,0.0,0.0,0.0,0.0,0.0,0.0,0.0,0.0,0.0,0.0,0.0,0.0,0.0,66.4,0,150,71,51,65476,0,300,0,0,8,20529,65476,0,0,44564,70.0,0.0,0.0,0.0,0.0,0.0
2026-09-10T21:57:52,ERR,ERR,ERR,ERR,ERR,ERR,ERR,ERR,ERR,ERR,ERR,ERR,ERR,ERR,ERR,ERR,ERR,ERR,ERR,ERR,ERR,ERR,ERR,ERR,ERR,ERR,ERR,ERR,ERR,ERR,ERR,ERR,ERR,ERR,ERR,ERR,ERR,ERR,ERR,ERR,ERR,ERR,ERR,ERR,ERR,ERR,ERR,ERR,ERR,ERR,ERR,ERR,ERR,ERR,ERR,ERR,ERR,ERR,ERR,ERR,ERR,ERR,ERR,ERR,ERR,ERR,ERR,ERR,ERR,ERR,ERR,ERR,ERR,ERR,ERR,ERR,ERR,ERR,ERR,ERR,ERR,ERR,ERR,ERR,ERR,ERR,ERR,ERR,ERR,ERR,ERR,ERR,ERR,ERR,ERR,ERR,ERR,ERR,ERR,ERR,ERR,ERR,ERR,ERR,ERR,ERR,ERR,ERR,ERR,ERR,ERR,ERR,ERR,ERR,ERR,ERR,ERR,ERR,ERR,ERR,ERR,ERR,ERR,ERR,ERR,0.0,-107615352.0,0.0,0.0,0.0,1.3936040501711995e+18,7.805,0.0,0,0,4,0,7116,0.0,100,0.0,0.0,0.0,0.0,0.0,0,0,0,0,0.0,0,0,0,0,0,0,0,0,0,0,0,0,0,0,0,0,0,0,0,0,0,0,0,0,0,0,0,0,0,0,0,0,0,31,40,40,71,65476,0,300,0,0,8,21553,0.0,-107605600.0,0.0,0.0,0.0,0.0,0.0,0.0,0.0,0.0,0.0,0.0,0.0,0.0,0.0,0.0,0.0,0.0,0.0,0.0,0.0,0.0,0.0,-2.004,-0.0,2.004,0.0,0.0,0.0,0.0,4514.0,1.5879265196943865e+29,6926.0,0.0,-107615352.0,-107615184.0,-107615304.0,0.0,0.0,0.0,0.0,69,-0.0,-4.95039378082316e+32,0.0,0.0,0.0,0.0,0.0,0.0,0.0,0,0,0,0.0,0.0,0.0,0.0,0.0,0.0,0.0,0.0,0.0,0.0,0.0,0.0,0.0,0.0,0.0,0.0,0,-107875648.0,69,0.0,138,0.0,0.0,0,0,17085,39322,17097,26215,17077,0,0,0,70,68,100,0.0,82.1,0.0,77.6,0.0,78.5,1,49,50,180,0,13107,0,0,0.0,0.0,0.0,0.0,-0.0,67.0,0.0,162057.094,0.0,965,0,987,0,0,0,945,0,1008,0,907,0,786,0,776,0,821,0,7520,0.032,1.1961560610296037e+19,0.0,0.0,784,16797,-0.0,162057.094,-114818.039,-0.0,0.133,6.909358625270745e+28,30.0,70.0,35,0.0,0.0,0.0,0.0,0.0,0.0,0.0,0.0,0.0,0.0,0.0,0.0,0.0,0.0,0.0,0.0,66.4,0,150,71,51,65476,0,300,0,0,8,20529,65476,0,0,44564,70.0,0.0,0.0,0.0,0.0,0.0
2026-09-10T21:57:53,ERR,ERR,ERR,ERR,ERR,ERR,ERR,ERR,ERR,ERR,ERR,ERR,ERR,ERR,ERR,ERR,ERR,ERR,ERR,ERR,ERR,ERR,ERR,ERR,ERR,ERR,ERR,ERR,ERR,ERR,ERR,ERR,ERR,ERR,ERR,ERR,ERR,ERR,ERR,ERR,ERR,ERR,ERR,ERR,ERR,ERR,ERR,ERR,ERR,ERR,ERR,ERR,ERR,ERR,ERR,ERR,ERR,ERR,ERR,ERR,ERR,ERR,ERR,ERR,ERR,ERR,ERR,ERR,ERR,ERR,ERR,ERR,ERR,ERR,ERR,ERR,ERR,ERR,ERR,ERR,ERR,ERR,ERR,ERR,ERR,ERR,ERR,ERR,ERR,ERR,ERR,ERR,ERR,ERR,ERR,ERR,ERR,ERR,ERR,ERR,ERR,ERR,ERR,ERR,ERR,ERR,ERR,ERR,ERR,ERR,ERR,ERR,ERR,ERR,ERR,ERR,ERR,ERR,ERR,ERR,ERR,ERR,ERR,ERR,ERR,0.0,-107615352.0,0.0,0.0,0.0,1.3936040501711995e+18,7.805,0.0,0,0,4,0,7116,0.0,100,0.0,0.0,0.0,0.0,0.0,0,0,0,0,0.0,0,0,0,0,0,0,0,0,0,0,0,0,0,0,0,0,0,0,0,0,0,0,0,0,0,0,0,0,0,0,0,0,0,31,40,40,71,65476,0,300,0,0,8,21553,0.0,-107605600.0,0.0,0.0,0.0,0.0,0.0,0.0,0.0,0.0,0.0,0.0,0.0,0.0,0.0,0.0,0.0,0.0,0.0,0.0,0.0,0.0,0.0,-2.004,-0.0,2.004,0.0,0.0,0.0,0.0,4514.0,1.5879265196943865e+29,6926.0,0.0,-107615352.0,-107615184.0,-107615304.0,0.0,0.0,0.0,0.0,69,-0.0,-4.95039378082316e+32,0.0,0.0,0.0,0.0,0.0,0.0,0.0,0,0,0,0.0,0.0,0.0,0.0,0.0,0.0,0.0,0.0,0.0,0.0,0.0,0.0,0.0,0.0,0.0,0.0,0,-107875648.0,69,0.0,138,0.0,0.0,0,0,17085,39322,17097,26215,17077,0,0,0,70,68,100,0.0,82.1,0.0,77.6,0.0,78.5,1,49,50,180,0,13107,0,0,0.0,0.0,0.0,0.0,-0.0,67.0,0.0,162057.094,0.0,965,0,987,0,0,0,945,0,1008,0,907,0,786,0,776,0,821,0,7520,0.032,1.1961560610296037e+19,0.0,0.0,784,16797,-0.0,162057.094,-114818.039,-0.0,0.133,6.909358625270745e+28,30.0,70.0,35,0.0,0.0,0.0,0.0,0.0,0.0,0.0,0.0,0.0,0.0,0.0,0.0,0.0,0.0,0.0,0.0,66.4,0,150,71,51,65476,0,300,0,0,8,20529,65476,0,0,44564,70.0,0.0,0.0,0.0,0.0,0.0
2026-09-10T21:57:54,ERR,ERR,ERR,ERR,ERR,ERR,ERR,ERR,ERR,ERR,ERR,ERR,ERR,ERR,ERR,ERR,ERR,ERR,ERR,ERR,ERR,ERR,ERR,ERR,ERR,ERR,ERR,ERR,ERR,ERR,ERR,ERR,ERR,ERR,ERR,ERR,ERR,ERR,ERR,ERR,ERR,ERR,ERR,ERR,ERR,ERR,ERR,ERR,ERR,ERR,ERR,ERR,ERR,ERR,ERR,ERR,ERR,ERR,ERR,ERR,ERR,ERR,ERR,ERR,ERR,ERR,ERR,ERR,ERR,ERR,ERR,ERR,ERR,ERR,ERR,ERR,ERR,ERR,ERR,ERR,ERR,ERR,ERR,ERR,ERR,ERR,ERR,ERR,ERR,ERR,ERR,ERR,ERR,ERR,ERR,ERR,ERR,ERR,ERR,ERR,ERR,ERR,ERR,ERR,ERR,ERR,ERR,ERR,ERR,ERR,ERR,ERR,ERR,ERR,ERR,ERR,ERR,ERR,ERR,ERR,ERR,ERR,ERR,ERR,ERR,0.0,-107615352.0,0.0,0.0,0.0,1.3936040501711995e+18,7.805,0.0,0,0,4,0,7116,0.0,100,0.0,0.0,0.0,0.0,0.0,0,0,0,0,0.0,0,0,0,0,0,0,0,0,0,0,0,0,0,0,0,0,0,0,0,0,0,0,0,0,0,0,0,0,0,0,0,0,0,31,40,40,71,65476,0,300,0,0,8,21553,0.0,-107605600.0,0.0,0.0,0.0,0.0,0.0,0.0,0.0,0.0,0.0,0.0,0.0,0.0,0.0,0.0,0.0,0.0,0.0,0.0,0.0,0.0,0.0,-2.004,-0.0,2.004,0.0,0.0,0.0,0.0,4514.0,1.5879265196943865e+29,6926.0,0.0,-107615352.0,-107615184.0,-107615304.0,0.0,0.0,0.0,0.0,69,-0.0,-4.95039378082316e+32,0.0,0.0,0.0,0.0,0.0,0.0,0.0,0,0,0,0.0,0.0,0.0,0.0,0.0,0.0,0.0,0.0,0.0,0.0,0.0,0.0,0.0,0.0,0.0,0.0,0,-107875648.0,69,0.0,138,0.0,0.0,0,0,17085,39322,17097,26215,17077,0,0,0,70,68,100,0.0,82.1,0.0,77.6,0.0,78.5,1,49,50,180,0,13107,0,0,0.0,0.0,0.0,0.0,-0.0,67.0,0.0,162057.094,0.0,965,0,987,0,0,0,945,0,1008,0,907,0,786,0,776,0,821,0,7520,0.032,1.1961560610296037e+19,0.0,0.0,784,16797,-0.0,162057.094,-114818.039,-0.0,0.133,6.909358625270745e+28,30.0,70.0,35,0.0,0.0,0.0,0.0,0.0,0.0,0.0,0.0,0.0,0.0,0.0,0.0,0.0,0.0,0.0,0.0,66.4,0,150,71,51,65476,0,300,0,0,8,20529,65476,0,0,44564,70.0,0.0,0.0,0.0,0.0,0.0
2026-09-10T21:57:55,ERR,ERR,ERR,ERR,ERR,ERR,ERR,ERR,ERR,ERR,ERR,ERR,ERR,ERR,ERR,ERR,ERR,ERR,ERR,ERR,ERR,ERR,ERR,ERR,ERR,ERR,ERR,ERR,ERR,ERR,ERR,ERR,ERR,ERR,ERR,ERR,ERR,ERR,ERR,ERR,ERR,ERR,ERR,ERR,ERR,ERR,ERR,ERR,ERR,ERR,ERR,ERR,ERR,ERR,ERR,ERR,ERR,ERR,ERR,ERR,ERR,ERR,ERR,ERR,ERR,ERR,ERR,ERR,ERR,ERR,ERR,ERR,ERR,ERR,ERR,ERR,ERR,ERR,ERR,ERR,ERR,ERR,ERR,ERR,ERR,ERR,ERR,ERR,ERR,ERR,ERR,ERR,ERR,ERR,ERR,ERR,ERR,ERR,ERR,ERR,ERR,ERR,ERR,ERR,ERR,ERR,ERR,ERR,ERR,ERR,ERR,ERR,ERR,ERR,ERR,ERR,ERR,ERR,ERR,ERR,ERR,ERR,ERR,ERR,ERR,0.0,-107615352.0,0.0,0.0,0.0,1.3936040501711995e+18,7.805,0.0,0,0,4,0,7116,0.0,100,0.0,0.0,0.0,0.0,0.0,0,0,0,0,0.0,0,0,0,0,0,0,0,0,0,0,0,0,0,0,0,0,0,0,0,0,0,0,0,0,0,0,0,0,0,0,0,0,0,31,40,40,71,65476,0,300,0,0,8,21553,0.0,-107605600.0,0.0,0.0,0.0,0.0,0.0,0.0,0.0,0.0,0.0,0.0,0.0,0.0,0.0,0.0,0.0,0.0,0.0,0.0,0.0,0.0,0.0,-2.004,-0.0,2.004,0.0,0.0,0.0,0.0,4514.0,1.5879265196943865e+29,6926.0,0.0,-107615352.0,-107615184.0,-107615304.0,0.0,0.0,0.0,0.0,69,-0.0,-4.95039378082316e+32,0.0,0.0,0.0,0.0,0.0,0.0,0.0,0,0,0,0.0,0.0,0.0,0.0,0.0,0.0,0.0,0.0,0.0,0.0,0.0,0.0,0.0,0.0,0.0,0.0,0,-107875648.0,69,0.0,138,0.0,0.0,0,0,17085,39322,17097,26215,17077,0,0,0,70,68,100,0.0,82.1,0.0,77.6,0.0,78.5,1,49,50,180,0,13107,0,0,0.0,0.0,0.0,0.0,-0.0,67.0,0.0,162057.094,0.0,965,0,987,0,0,0,945,0,1008,0,907,0,786,0,776,0,821,0,7520,0.032,1.1961560610296037e+19,0.0,0.0,784,16797,-0.0,162057.094,-114818.039,-0.0,0.133,6.909358625270745e+28,30.0,70.0,35,0.0,0.0,0.0,0.0,0.0,0.0,0.0,0.0,0.0,0.0,0.0,0.0,0.0,0.0,0.0,0.0,66.4,0,150,71,51,65476,0,300,0,0,8,20529,65476,0,0,44564,70.0,0.0,0.0,0.0,0.0,0.0
2026-09-10T21:57:56,ERR,ERR,ERR,ERR,ERR,ERR,ERR,ERR,ERR,ERR,ERR,ERR,ERR,ERR,ERR,ERR,ERR,ERR,ERR,ERR,ERR,ERR,ERR,ERR,ERR,ERR,ERR,ERR,ERR,ERR,ERR,ERR,ERR,ERR,ERR,ERR,ERR,ERR,ERR,ERR,ERR,ERR,ERR,ERR,ERR,ERR,ERR,ERR,ERR,ERR,ERR,ERR,ERR,ERR,ERR,ERR,ERR,ERR,ERR,ERR,ERR,ERR,ERR,ERR,ERR,ERR,ERR,ERR,ERR,ERR,ERR,ERR,ERR,ERR,ERR,ERR,ERR,ERR,ERR,ERR,ERR,ERR,ERR,ERR,ERR,ERR,ERR,ERR,ERR,ERR,ERR,ERR,ERR,ERR,ERR,ERR,ERR,ERR,ERR,ERR,ERR,ERR,ERR,ERR,ERR,ERR,ERR,ERR,ERR,ERR,ERR,ERR,ERR,ERR,ERR,ERR,ERR,ERR,ERR,ERR,ERR,ERR,ERR,ERR,ERR,0.0,-107615352.0,0.0,0.0,0.0,1.3936040501711995e+18,7.805,0.0,0,0,4,0,7116,0.0,100,0.0,0.0,0.0,0.0,0.0,0,0,0,0,0.0,0,0,0,0,0,0,0,0,0,0,0,0,0,0,0,0,0,0,0,0,0,0,0,0,0,0,0,0,0,0,0,0,0,31,40,40,71,65476,0,300,0,0,8,21553,0.0,-107605600.0,0.0,0.0,0.0,0.0,0.0,0.0,0.0,0.0,0.0,0.0,0.0,0.0,0.0,0.0,0.0,0.0,0.0,0.0,0.0,0.0,0.0,-2.004,-0.0,2.004,0.0,0.0,0.0,0.0,4514.0,1.5879265196943865e+29,6926.0,0.0,-107615352.0,-107615184.0,-107615304.0,0.0,0.0,0.0,0.0,69,-0.0,-4.95039378082316e+32,0.0,0.0,0.0,0.0,0.0,0.0,0.0,0,0,0,0.0,0.0,0.0,0.0,0.0,0.0,0.0,0.0,0.0,0.0,0.0,0.0,0.0,0.0,0.0,0.0,0,-107875648.0,69,0.0,138,0.0,0.0,0,0,17085,39322,17097,26215,17077,0,0,0,70,68,100,0.0,82.1,0.0,77.6,0.0,78.5,1,49,50,180,0,13107,0,0,0.0,0.0,0.0,0.0,-0.0,67.0,0.0,162057.094,0.0,965,0,986,0,0,0,945,0,1008,0,907,0,786,0,776,0,821,0,7520,0.032,1.188950301625811e+19,0.0,0.0,784,16797,-0.0,162057.094,-114818.039,-0.0,0.133,6.909358625270745e+28,30.0,70.0,35,0.0,0.0,0.0,0.0,0.0,0.0,0.0,0.0,0.0,0.0,0.0,0.0,0.0,0.0,0.0,0.0,66.8,0,150,71,51,65476,0,300,0,0,8,20529,65476,0,0,44564,70.0,0.0,0.0,0.0,0.0,0.0
2026-09-10T21:57:57,ERR,ERR,ERR,ERR,ERR,ERR,ERR,ERR,ERR,ERR,ERR,ERR,ERR,ERR,ERR,ERR,ERR,ERR,ERR,ERR,ERR,ERR,ERR,ERR,ERR,ERR,ERR,ERR,ERR,ERR,ERR,ERR,ERR,ERR,ERR,ERR,ERR,ERR,ERR,ERR,ERR,ERR,ERR,ERR,ERR,ERR,ERR,ERR,ERR,ERR,ERR,ERR,ERR,ERR,ERR,ERR,ERR,ERR,ERR,ERR,ERR,ERR,ERR,ERR,ERR,ERR,ERR,ERR,ERR,ERR,ERR,ERR,ERR,ERR,ERR,ERR,ERR,ERR,ERR,ERR,ERR,ERR,ERR,ERR,ERR,ERR,ERR,ERR,ERR,ERR,ERR,ERR,ERR,ERR,ERR,ERR,ERR,ERR,ERR,ERR,ERR,ERR,ERR,ERR,ERR,ERR,ERR,ERR,ERR,ERR,ERR,ERR,ERR,ERR,ERR,ERR,ERR,ERR,ERR,ERR,ERR,ERR,ERR,ERR,ERR,0.0,-107615352.0,0.0,0.0,0.0,1.3936040501711995e+18,7.805,0.0,0,0,4,0,7116,0.0,100,0.0,0.0,0.0,0.0,0.0,0,0,0,0,0.0,0,0,0,0,0,0,0,0,0,0,0,0,0,0,0,0,0,0,0,0,0,0,0,0,0,0,0,0,0,0,0,0,0,31,40,40,71,65476,0,300,0,0,8,21553,0.0,-107605600.0,0.0,0.0,0.0,0.0,0.0,0.0,0.0,0.0,0.0,0.0,0.0,0.0,0.0,0.0,0.0,0.0,0.0,0.0,0.0,0.0,0.0,-2.004,-0.0,2.004,0.0,0.0,0.0,0.0,4514.0,1.5879265196943865e+29,6926.0,0.0,-107615352.0,-107615184.0,-107615304.0,0.0,0.0,0.0,0.0,69,-0.0,-4.95039378082316e+32,0.0,0.0,0.0,0.0,0.0,0.0,0.0,0,0,0,0.0,0.0,0.0,0.0,0.0,0.0,0.0,0.0,0.0,0.0,0.0,0.0,0.0,0.0,0.0,0.0,0,-107875648.0,69,0.0,138,0.0,0.0,0,0,17085,39322,17097,26215,17077,0,0,0,70,68,100,0.0,82.1,0.0,77.6,0.0,78.5,1,49,50,180,0,13107,0,0,0.0,0.0,0.0,0.0,-0.0,67.0,0.0,162057.094,0.0,965,0,986,0,0,0,945,0,1008,0,907,0,786,0,776,0,821,0,7520,0.032,1.188950301625811e+19,0.0,0.0,784,16797,-0.0,162057.094,-114818.039,-0.0,0.133,6.909358625270745e+28,30.0,70.0,35,0.0,0.0,0.0,0.0,0.0,0.0,0.0,0.0,0.0,0.0,0.0,0.0,0.0,0.0,0.0,0.0,66.8,0,150,71,51,65476,0,300,0,0,8,20529,65476,0,0,44564,70.0,0.0,0.0,0.0,0.0,0.0
2026-09-10T21:57:58,ERR,ERR,ERR,ERR,ERR,ERR,ERR,ERR,ERR,ERR,ERR,ERR,ERR,ERR,ERR,ERR,ERR,ERR,ERR,ERR,ERR,ERR,ERR,ERR,ERR,ERR,ERR,ERR,ERR,ERR,ERR,ERR,ERR,ERR,ERR,ERR,ERR,ERR,ERR,ERR,ERR,ERR,ERR,ERR,ERR,ERR,ERR,ERR,ERR,ERR,ERR,ERR,ERR,ERR,ERR,ERR,ERR,ERR,ERR,ERR,ERR,ERR,ERR,ERR,ERR,ERR,ERR,ERR,ERR,ERR,ERR,ERR,ERR,ERR,ERR,ERR,ERR,ERR,ERR,ERR,ERR,ERR,ERR,ERR,ERR,ERR,ERR,ERR,ERR,ERR,ERR,ERR,ERR,ERR,ERR,ERR,ERR,ERR,ERR,ERR,ERR,ERR,ERR,ERR,ERR,ERR,ERR,ERR,ERR,ERR,ERR,ERR,ERR,ERR,ERR,ERR,ERR,ERR,ERR,ERR,ERR,ERR,ERR,ERR,ERR,0.0,-107615352.0,0.0,0.0,0.0,1.3936040501711995e+18,7.805,0.0,0,0,4,0,7116,0.0,100,0.0,0.0,0.0,0.0,0.0,0,0,0,0,0.0,0,0,0,0,0,0,0,0,0,0,0,0,0,0,0,0,0,0,0,0,0,0,0,0,0,0,0,0,0,0,0,0,0,31,40,40,71,65476,0,300,0,0,8,21553,0.0,-107605600.0,0.0,0.0,0.0,0.0,0.0,0.0,0.0,0.0,0.0,0.0,0.0,0.0,0.0,0.0,0.0,0.0,0.0,0.0,0.0,0.0,-2.004,-2.004,-0.0,2.004,0.0,0.0,0.0,0.0,4541.0,-0.0,6929.0,0.0,-107615352.0,2.7184264179883896e+23,-107615304.0,0.0,0.0,0.0,0.0,69,-0.0,0.0,0.0,0.0,0.0,0.0,0.0,0.0,0.0,0,0,0,0.0,0.0,0.0,0.0,0.0,0.0,0.0,0.0,0.0,0.0,0.0,0.0,0.0,0.0,0.0,0.0,0,-107875648.0,69,0.0,138,0.0,0.0,0,0,17085,39322,17097,26215,17077,0,0,0,70,68,100,0.0,82.1,0.0,77.6,0.0,78.5,1,49,50,180,0,13107,0,0,0.0,0.0,0.0,0.0,-0.0,67.0,0.0,162057.094,0.0,965,0,986,0,0,0,945,0,1008,0,907,0,786,0,776,0,821,0,7520,0.032,1.188950301625811e+19,0.0,0.0,784,16797,-0.0,162057.094,-114818.039,-0.0,0.133,6.909358625270745e+28,30.0,70.0,35,0.0,0.0,0.0,0.0,0.0,0.0,0.0,0.0,0.0,0.0,0.0,0.0,0.0,0.0,0.0,0.0,66.4,0,150,71,51,65476,0,300,0,0,8,20529,65476,0,0,44564,70.0,0.0,0.0,0.0,0.0,0.0
2026-09-10T21:57:59,ERR,ERR,ERR,ERR,ERR,ERR,ERR,ERR,ERR,ERR,ERR,ERR,ERR,ERR,ERR,ERR,ERR,ERR,ERR,ERR,ERR,ERR,ERR,ERR,ERR,ERR,ERR,ERR,ERR,ERR,ERR,ERR,ERR,ERR,ERR,ERR,ERR,ERR,ERR,ERR,ERR,ERR,ERR,ERR,ERR,ERR,ERR,ERR,ERR,ERR,ERR,ERR,ERR,ERR,ERR,ERR,ERR,ERR,ERR,ERR,ERR,ERR,ERR,ERR,ERR,ERR,ERR,ERR,ERR,ERR,ERR,ERR,ERR,ERR,ERR,ERR,ERR,ERR,ERR,ERR,ERR,ERR,ERR,ERR,ERR,ERR,ERR,ERR,ERR,ERR,ERR,ERR,ERR,ERR,ERR,ERR,ERR,ERR,ERR,ERR,ERR,ERR,ERR,ERR,ERR,ERR,ERR,ERR,ERR,ERR,ERR,ERR,ERR,ERR,ERR,ERR,ERR,ERR,ERR,ERR,ERR,ERR,ERR,ERR,ERR,0.0,-107615352.0,0.0,0.0,0.0,1.3936040501711995e+18,7.805,0.0,0,0,4,0,7116,0.0,100,0.0,0.0,0.0,0.0,0.0,0,0,0,0,0.0,0,0,0,0,0,0,0,0,0,0,0,0,0,0,0,0,0,0,0,0,0,0,0,0,0,0,0,0,0,0,0,0,0,31,40,40,71,65476,0,300,0,0,8,21553,0.0,-107605600.0,0.0,0.0,0.0,0.0,0.0,0.0,0.0,0.0,0.0,0.0,0.0,0.0,0.0,0.0,0.0,0.0,0.0,0.0,0.0,0.0,-2.004,-2.004,-0.0,2.004,0.0,0.0,0.0,0.0,4541.0,-0.0,6929.0,0.0,-107615352.0,2.7184264179883896e+23,-107615304.0,0.0,0.0,0.0,0.0,69,-0.0,0.0,0.0,0.0,0.0,0.0,0.0,0.0,0.0,0,0,0,0.0,0.0,0.0,0.0,0.0,0.0,0.0,0.0,0.0,0.0,0.0,0.0,0.0,0.0,0.0,0.0,0,-107875648.0,69,0.0,138,0.0,0.0,0,0,17085,39322,17097,26215,17077,0,0,0,70,68,100,0.0,82.1,0.0,77.6,0.0,78.5,1,49,50,180,0,13107,0,0,0.0,0.0,0.0,0.0,-0.0,67.0,0.0,162057.094,0.0,965,0,986,0,0,0,945,0,1008,0,907,0,786,0,776,0,821,0,7520,0.032,1.188950301625811e+19,0.0,0.0,784,16797,-0.0,162057.094,-114818.039,-0.0,0.133,6.909358625270745e+28,30.0,70.0,35,0.0,0.0,0.0,0.0,0.0,0.0,0.0,0.0,0.0,0.0,0.0,0.0,0.0,0.0,0.0,0.0,66.4,0,150,71,51,65476,0,300,0,0,8,20529,65476,0,0,44564,70.0,0.0,0.0,0.0,0.0,0.0
2026-09-10T21:58:00,ERR,ERR,ERR,ERR,ERR,ERR,ERR,ERR,ERR,ERR,ERR,ERR,ERR,ERR,ERR,ERR,ERR,ERR,ERR,ERR,ERR,ERR,ERR,ERR,ERR,ERR,ERR,ERR,ERR,ERR,ERR,ERR,ERR,ERR,ERR,ERR,ERR,ERR,ERR,ERR,ERR,ERR,ERR,ERR,ERR,ERR,ERR,ERR,ERR,ERR,ERR,ERR,ERR,ERR,ERR,ERR,ERR,ERR,ERR,ERR,ERR,ERR,ERR,ERR,ERR,ERR,ERR,ERR,ERR,ERR,ERR,ERR,ERR,ERR,ERR,ERR,ERR,ERR,ERR,ERR,ERR,ERR,ERR,ERR,ERR,ERR,ERR,ERR,ERR,ERR,ERR,ERR,ERR,ERR,ERR,ERR,ERR,ERR,ERR,ERR,ERR,ERR,ERR,ERR,ERR,ERR,ERR,ERR,ERR,ERR,ERR,ERR,ERR,ERR,ERR,ERR,ERR,ERR,ERR,ERR,ERR,ERR,ERR,ERR,ERR,0.0,-107615352.0,0.0,0.0,0.0,1.3936040501711995e+18,7.805,0.0,0,0,4,0,7116,0.0,100,0.0,0.0,0.0,0.0,0.0,0,0,0,0,0.0,0,0,0,0,0,0,0,0,0,0,0,0,0,0,0,0,0,0,0,0,0,0,0,0,0,0,0,0,0,0,0,0,0,31,40,40,71,65476,0,300,0,0,8,21553,0.0,-107605600.0,0.0,0.0,0.0,0.0,0.0,0.0,0.0,0.0,0.0,0.0,0.0,0.0,0.0,0.0,0.0,0.0,0.0,0.0,0.0,0.0,-2.004,-2.004,-0.0,2.004,0.0,0.0,0.0,0.0,4541.0,-0.0,6929.0,0.0,-107615352.0,2.7184264179883896e+23,-107615304.0,0.0,0.0,0.0,0.0,69,-0.0,0.0,0.0,0.0,0.0,0.0,0.0,0.0,0.0,0,0,0,0.0,0.0,0.0,0.0,0.0,0.0,0.0,0.0,0.0,0.0,0.0,0.0,0.0,0.0,0.0,0.0,0,-107875648.0,69,0.0,138,0.0,0.0,0,0,17085,39322,17097,26215,17077,0,0,0,70,68,100,0.0,82.1,0.0,77.6,0.0,78.5,1,49,50,180,0,13107,0,0,0.0,0.0,0.0,0.0,-0.0,67.0,0.0,162057.094,0.0,965,0,986,0,0,0,945,0,1008,0,907,0,786,0,776,0,821,0,7520,0.032,1.188950301625811e+19,0.0,0.0,784,16797,-0.0,162057.094,-114818.039,-0.0,0.133,6.909358625270745e+28,30.0,70.0,35,0.0,0.0,0.0,0.0,0.0,0.0,0.0,0.0,0.0,0.0,0.0,0.0,0.0,0.0,0.0,0.0,66.4,0,150,71,51,65476,0,300,0,0,8,20529,65476,0,0,44564,70.0,0.0,0.0,0.0,0.0,0.0
2026-09-10T21:58:01,ERR,ERR,ERR,ERR,ERR,ERR,ERR,ERR,ERR,ERR,ERR,ERR,ERR,ERR,ERR,ERR,ERR,ERR,ERR,ERR,ERR,ERR,ERR,ERR,ERR,ERR,ERR,ERR,ERR,ERR,ERR,ERR,ERR,ERR,ERR,ERR,ERR,ERR,ERR,ERR,ERR,ERR,ERR,ERR,ERR,ERR,ERR,ERR,ERR,ERR,ERR,ERR,ERR,ERR,ERR,ERR,ERR,ERR,ERR,ERR,ERR,ERR,ERR,ERR,ERR,ERR,ERR,ERR,ERR,ERR,ERR,ERR,ERR,ERR,ERR,ERR,ERR,ERR,ERR,ERR,ERR,ERR,ERR,ERR,ERR,ERR,ERR,ERR,ERR,ERR,ERR,ERR,ERR,ERR,ERR,ERR,ERR,ERR,ERR,ERR,ERR,ERR,ERR,ERR,ERR,ERR,ERR,ERR,ERR,ERR,ERR,ERR,ERR,ERR,ERR,ERR,ERR,ERR,ERR,ERR,ERR,ERR,ERR,ERR,ERR,0.0,-107615352.0,0.0,0.0,0.0,1.3936040501711995e+18,7.805,0.0,0,0,4,0,7116,0.0,100,0.0,0.0,0.0,0.0,0.0,0,0,0,0,0.0,0,0,0,0,0,0,0,0,0,0,0,0,0,0,0,0,0,0,0,0,0,0,0,0,0,0,0,0,0,0,0,0,0,31,40,40,71,65476,0,300,0,0,8,21553,0.0,-107605600.0,0.0,0.0,0.0,0.0,0.0,0.0,0.0,0.0,0.0,0.0,0.0,0.0,0.0,0.0,0.0,0.0,0.0,0.0,0.0,0.0,-2.004,-2.004,-0.0,2.004,0.0,0.0,0.0,0.0,4541.0,-0.0,6929.0,0.0,-107615352.0,2.7184264179883896e+23,-107615304.0,0.0,0.0,0.0,0.0,69,-0.0,0.0,0.0,0.0,0.0,0.0,0.0,0.0,0.0,0,0,0,0.0,0.0,0.0,0.0,0.0,0.0,0.0,0.0,0.0,0.0,0.0,0.0,0.0,0.0,0.0,0.0,0,-107875648.0,69,0.0,138,0.0,0.0,0,0,17085,39322,17097,26215,17077,0,0,0,70,68,100,0.0,82.1,0.0,77.6,0.0,78.5,1,49,50,180,0,13107,0,0,0.0,0.0,0.0,0.0,-0.0,67.0,0.0,162057.094,0.0,965,0,986,0,0,0,945,0,1008,0,907,0,786,0,776,0,821,0,7520,0.032,1.2033618204333965e+19,0.0,0.0,784,16797,-0.0,162057.094,-114818.039,-0.0,0.133,6.909358625270745e+28,30.0,70.0,35,0.0,0.0,0.0,0.0,0.0,0.0,0.0,0.0,0.0,0.0,0.0,0.0,0.0,0.0,0.0,0.0,66.4,0,150,71,51,65476,0,300,0,0,8,20529,65476,0,0,44564,70.0,0.0,0.0,0.0,0.0,0.0
2026-09-10T21:58:02,ERR,ERR,ERR,ERR,ERR,ERR,ERR,ERR,ERR,ERR,ERR,ERR,ERR,ERR,ERR,ERR,ERR,ERR,ERR,ERR,ERR,ERR,ERR,ERR,ERR,ERR,ERR,ERR,ERR,ERR,ERR,ERR,ERR,ERR,ERR,ERR,ERR,ERR,ERR,ERR,ERR,ERR,ERR,ERR,ERR,ERR,ERR,ERR,ERR,ERR,ERR,ERR,ERR,ERR,ERR,ERR,ERR,ERR,ERR,ERR,ERR,ERR,ERR,ERR,ERR,ERR,ERR,ERR,ERR,ERR,ERR,ERR,ERR,ERR,ERR,ERR,ERR,ERR,ERR,ERR,ERR,ERR,ERR,ERR,ERR,ERR,ERR,ERR,ERR,ERR,ERR,ERR,ERR,ERR,ERR,ERR,ERR,ERR,ERR,ERR,ERR,ERR,ERR,ERR,ERR,ERR,ERR,ERR,ERR,ERR,ERR,ERR,ERR,ERR,ERR,ERR,ERR,ERR,ERR,ERR,ERR,ERR,ERR,ERR,ERR,0.0,-107615352.0,0.0,0.0,0.0,1.3936040501711995e+18,7.805,0.0,0,0,4,0,7116,0.0,100,0.0,0.0,0.0,0.0,0.0,0,0,0,0,0.0,0,0,0,0,0,0,0,0,0,0,0,0,0,0,0,0,0,0,0,0,0,0,0,0,0,0,0,0,0,0,0,0,0,31,40,40,71,65476,0,300,0,0,8,21553,0.0,-107605600.0,0.0,0.0,0.0,0.0,0.0,0.0,0.0,0.0,0.0,0.0,0.0,0.0,0.0,0.0,0.0,0.0,0.0,0.0,0.0,0.0,-2.004,-2.004,-0.0,2.004,0.0,0.0,0.0,0.0,4541.0,-0.0,6929.0,0.0,-107615352.0,2.7184264179883896e+23,-107615304.0,0.0,0.0,0.0,0.0,69,-0.0,0.0,0.0,0.0,0.0,0.0,0.0,0.0,0.0,0,0,0,0.0,0.0,0.0,0.0,0.0,0.0,0.0,0.0,0.0,0.0,0.0,0.0,0.0,0.0,0.0,0.0,0,-107875648.0,69,0.0,138,0.0,0.0,0,0,17085,39322,17097,26215,17077,0,0,0,70,68,100,0.0,82.1,0.0,77.6,0.0,78.5,1,49,50,180,0,13107,0,0,0.0,0.0,0.0,0.0,-0.0,67.0,0.0,162057.094,0.0,965,0,986,0,0,0,945,0,1008,0,907,0,786,0,776,0,821,0,7520,0.032,1.2033618204333965e+19,0.0,0.0,784,16797,-0.0,162057.094,-114818.039,-0.0,0.133,6.909358625270745e+28,30.0,70.0,35,0.0,0.0,0.0,0.0,0.0,0.0,0.0,0.0,0.0,0.0,0.0,0.0,0.0,0.0,0.0,0.0,66.4,0,150,71,51,65476,0,300,0,0,8,20529,65476,0,0,44564,70.0,0.0,0.0,0.0,0.0,0.0
2026-09-10T21:58:03,ERR,ERR,ERR,ERR,ERR,ERR,ERR,ERR,ERR,ERR,ERR,ERR,ERR,ERR,ERR,ERR,ERR,ERR,ERR,ERR,ERR,ERR,ERR,ERR,ERR,ERR,ERR,ERR,ERR,ERR,ERR,ERR,ERR,ERR,ERR,ERR,ERR,ERR,ERR,ERR,ERR,ERR,ERR,ERR,ERR,ERR,ERR,ERR,ERR,ERR,ERR,ERR,ERR,ERR,ERR,ERR,ERR,ERR,ERR,ERR,ERR,ERR,ERR,ERR,ERR,ERR,ERR,ERR,ERR,ERR,ERR,ERR,ERR,ERR,ERR,ERR,ERR,ERR,ERR,ERR,ERR,ERR,ERR,ERR,ERR,ERR,ERR,ERR,ERR,ERR,ERR,ERR,ERR,ERR,ERR,ERR,ERR,ERR,ERR,ERR,ERR,ERR,ERR,ERR,ERR,ERR,ERR,ERR,ERR,ERR,ERR,ERR,ERR,ERR,ERR,ERR,ERR,ERR,ERR,ERR,ERR,ERR,ERR,ERR,ERR,0.0,-107615352.0,0.0,0.0,0.0,1.3936040501711995e+18,7.805,0.0,0,0,4,0,7116,0.0,100,0.0,0.0,0.0,0.0,0.0,0,0,0,0,0.0,0,0,0,0,0,0,0,0,0,0,0,0,0,0,0,0,0,0,0,0,0,0,0,0,0,0,0,0,0,0,0,0,0,31,40,40,71,65476,0,300,0,0,8,21553,0.0,-107605600.0,0.0,0.0,0.0,0.0,0.0,0.0,0.0,0.0,0.0,0.0,0.0,0.0,0.0,0.0,0.0,0.0,0.0,0.0,0.0,0.0,-2.004,-2.004,-0.0,2.004,0.0,0.0,0.0,0.0,4541.0,-0.0,6929.0,0.0,-107615352.0,2.7184264179883896e+23,-107615304.0,0.0,0.0,0.0,0.0,69,-0.0,0.0,0.0,0.0,0.0,0.0,0.0,0.0,0.0,0,0,0,0.0,0.0,0.0,0.0,0.0,0.0,0.0,0.0,0.0,0.0,0.0,0.0,0.0,0.0,0.0,0.0,0,-107875648.0,69,0.0,138,0.0,0.0,0,0,17085,39322,17097,26215,17077,0,0,0,70,68,100,0.0,82.1,0.0,77.6,0.0,78.5,1,49,50,180,0,13107,0,0,0.0,0.0,0.0,0.0,-0.0,67.0,0.0,162057.094,0.0,965,0,986,0,0,0,945,0,1008,0,907,0,786,0,776,0,821,0,7520,0.032,1.2033618204333965e+19,0.0,0.0,784,16797,-0.0,162057.094,-114818.039,-0.0,0.133,6.909358625270745e+28,30.0,70.0,35,0.0,0.0,0.0,0.0,0.0,0.0,0.0,0.0,0.0,0.0,0.0,0.0,0.0,0.0,0.0,0.0,66.4,0,150,71,51,65476,0,300,0,0,8,20529,65476,0,0,44564,70.0,0.0,0.0,0.0,0.0,0.0
2026-09-10T21:58:04,ERR,ERR,ERR,ERR,ERR,ERR,ERR,ERR,ERR,ERR,ERR,ERR,ERR,ERR,ERR,ERR,ERR,ERR,ERR,ERR,ERR,ERR,ERR,ERR,ERR,ERR,ERR,ERR,ERR,ERR,ERR,ERR,ERR,ERR,ERR,ERR,ERR,ERR,ERR,ERR,ERR,ERR,ERR,ERR,ERR,ERR,ERR,ERR,ERR,ERR,ERR,ERR,ERR,ERR,ERR,ERR,ERR,ERR,ERR,ERR,ERR,ERR,ERR,ERR,ERR,ERR,ERR,ERR,ERR,ERR,ERR,ERR,ERR,ERR,ERR,ERR,ERR,ERR,ERR,ERR,ERR,ERR,ERR,ERR,ERR,ERR,ERR,ERR,ERR,ERR,ERR,ERR,ERR,ERR,ERR,ERR,ERR,ERR,ERR,ERR,ERR,ERR,ERR,ERR,ERR,ERR,ERR,ERR,ERR,ERR,ERR,ERR,ERR,ERR,ERR,ERR,ERR,ERR,ERR,ERR,ERR,ERR,ERR,ERR,ERR,0.0,-107615352.0,0.0,0.0,0.0,1.3936040501711995e+18,7.805,0.0,0,0,4,0,7116,0.0,100,0.0,0.0,0.0,0.0,0.0,0,0,0,0,0.0,0,0,0,0,0,0,0,0,0,0,0,0,0,0,0,0,0,0,0,0,0,0,0,0,0,0,0,0,0,0,0,0,0,31,40,40,71,65476,0,300,0,0,8,21553,0.0,-107605600.0,0.0,0.0,0.0,0.0,0.0,0.0,0.0,0.0,0.0,0.0,0.0,0.0,0.0,0.0,0.0,0.0,0.0,0.0,0.0,0.0,-2.004,-2.004,-0.0,2.004,0.0,0.0,0.0,0.0,4541.0,-0.0,6929.0,0.0,-107615352.0,2.7184264179883896e+23,-107615304.0,0.0,0.0,0.0,0.0,69,-0.0,0.0,0.0,0.0,0.0,0.0,0.0,0.0,0.0,0,0,0,0.0,0.0,0.0,0.0,0.0,0.0,0.0,0.0,0.0,0.0,0.0,0.0,0.0,0.0,0.0,0.0,0,-107875648.0,69,0.0,138,0.0,0.0,0,0,17085,39322,17097,26215,17077,0,0,0,70,68,100,0.0,82.1,0.0,77.6,0.0,78.5,1,49,50,180,0,13107,0,0,0.0,0.0,0.0,0.0,-0.0,67.0,0.0,162057.094,0.0,965,0,986,0,0,0,945,0,1008,0,907,0,786,0,776,0,821,0,7520,0.032,1.2033618204333965e+19,0.0,0.0,784,16797,-0.0,162057.094,-114818.039,-0.0,0.133,6.909358625270745e+28,30.0,70.0,35,0.0,0.0,0.0,0.0,0.0,0.0,0.0,0.0,0.0,0.0,0.0,0.0,0.0,0.0,0.0,0.0,66.4,0,150,71,51,65476,0,300,0,0,8,20529,65476,0,0,44564,70.0,0.0,0.0,0.0,0.0,0.0
2026-09-10T21:58:05,ERR,ERR,ERR,ERR,ERR,ERR,ERR,ERR,ERR,ERR,ERR,ERR,ERR,ERR,ERR,ERR,ERR,ERR,ERR,ERR,ERR,ERR,ERR,ERR,ERR,ERR,ERR,ERR,ERR,ERR,ERR,ERR,ERR,ERR,ERR,ERR,ERR,ERR,ERR,ERR,ERR,ERR,ERR,ERR,ERR,ERR,ERR,ERR,ERR,ERR,ERR,ERR,ERR,ERR,ERR,ERR,ERR,ERR,ERR,ERR,ERR,ERR,ERR,ERR,ERR,ERR,ERR,ERR,ERR,ERR,ERR,ERR,ERR,ERR,ERR,ERR,ERR,ERR,ERR,ERR,ERR,ERR,ERR,ERR,ERR,ERR,ERR,ERR,ERR,ERR,ERR,ERR,ERR,ERR,ERR,ERR,ERR,ERR,ERR,ERR,ERR,ERR,ERR,ERR,ERR,ERR,ERR,ERR,ERR,ERR,ERR,ERR,ERR,ERR,ERR,ERR,ERR,ERR,ERR,ERR,ERR,ERR,ERR,ERR,ERR,0.0,-107615352.0,-0.0,0.0,0.0,1.3936040501711995e+18,7.805,0.0,0,0,4,0,7116,0.0,100,0.0,0.0,0.0,0.0,0.0,0,0,0,0,0.0,0,0,0,0,0,0,0,0,0,0,0,0,0,0,0,0,0,0,0,0,0,0,0,0,0,0,0,0,0,0,0,0,0,31,40,40,71,65476,0,300,0,0,8,21553,0.0,-107605600.0,0.0,0.0,0.0,0.0,0.0,0.0,0.0,0.0,0.0,0.0,0.0,0.0,0.0,0.0,0.0,0.0,0.0,0.0,0.0,0.0,-2.004,-2.004,-0.0,-0.0,0.0,0.0,0.0,0.0,4543.0,1.0406635239469131e+34,6927.0,0.0,-107615352.0,2.7184264179883896e+23,0.0,0.0,0.0,0.0,0.0,69,-0.0,0.0,0.0,0.0,0.0,0.0,0.0,0.0,0.0,0,0,0,0.0,0.0,0.0,0.0,0.0,0.0,0.0,0.0,0.0,0.0,0.0,0.0,0.0,0.0,0.0,0.0,0,-107875648.0,69,0.0,138,0.0,0.0,0,0,17085,39322,17097,26215,17077,0,0,0,70,68,100,0.0,82.1,0.0,77.6,0.0,78.5,1,49,50,180,0,13107,0,0,0.0,0.0,0.0,0.0,-0.0,67.0,0.0,162057.094,0.0,965,0,986,0,0,0,945,0,1008,0,907,0,786,0,776,0,821,0,7520,0.032,1.2033618204333965e+19,0.0,0.0,784,16797,-0.0,162057.094,-114818.039,-0.0,0.133,6.909358625270745e+28,30.0,70.0,35,0.0,0.0,0.0,0.0,0.0,0.0,0.0,0.0,0.0,0.0,0.0,0.0,0.0,0.0,0.0,0.0,66.4,0,150,71,51,65476,0,300,0,0,8,20529,65476,0,0,44564,70.0,0.0,0.0,0.0,0.0,0.0
2026-09-10T21:58:06,ERR,ERR,ERR,ERR,ERR,ERR,ERR,ERR,ERR,ERR,ERR,ERR,ERR,ERR,ERR,ERR,ERR,ERR,ERR,ERR,ERR,ERR,ERR,ERR,ERR,ERR,ERR,ERR,ERR,ERR,ERR,ERR,ERR,ERR,ERR,ERR,ERR,ERR,ERR,ERR,ERR,ERR,ERR,ERR,ERR,ERR,ERR,ERR,ERR,ERR,ERR,ERR,ERR,ERR,ERR,ERR,ERR,ERR,ERR,ERR,ERR,ERR,ERR,ERR,ERR,ERR,ERR,ERR,ERR,ERR,ERR,ERR,ERR,ERR,ERR,ERR,ERR,ERR,ERR,ERR,ERR,ERR,ERR,ERR,ERR,ERR,ERR,ERR,ERR,ERR,ERR,ERR,ERR,ERR,ERR,ERR,ERR,ERR,ERR,ERR,ERR,ERR,ERR,ERR,ERR,ERR,ERR,ERR,ERR,ERR,ERR,ERR,ERR,ERR,ERR,ERR,ERR,ERR,ERR,ERR,ERR,ERR,ERR,ERR,ERR,0.0,-107615352.0,-0.0,0.0,0.0,1.3936040501711995e+18,7.805,0.0,0,0,4,0,7116,0.0,100,0.0,0.0,0.0,0.0,0.0,0,0,0,0,0.0,0,0,0,0,0,0,0,0,0,0,0,0,0,0,0,0,0,0,0,0,0,0,0,0,0,0,0,0,0,0,0,0,0,31,40,40,71,65476,0,300,0,0,8,21553,0.0,-107605600.0,0.0,0.0,0.0,0.0,0.0,0.0,0.0,0.0,0.0,0.0,0.0,0.0,0.0,0.0,0.0,0.0,0.0,0.0,0.0,0.0,-2.004,-2.004,-0.0,-0.0,0.0,0.0,0.0,0.0,4543.0,1.0406635239469131e+34,6927.0,0.0,-107615352.0,2.7184264179883896e+23,0.0,0.0,0.0,0.0,0.0,69,-0.0,0.0,0.0,0.0,0.0,0.0,0.0,0.0,0.0,0,0,0,0.0,0.0,0.0,0.0,0.0,0.0,0.0,0.0,0.0,0.0,0.0,0.0,0.0,0.0,0.0,0.0,0,-107875648.0,69,0.0,138,0.0,0.0,0,0,17085,39322,17097,26215,17077,0,0,0,70,68,100,0.0,82.1,0.0,77.6,0.0,78.5,1,49,50,180,0,13107,0,0,0.0,0.0,0.0,0.0,-0.0,67.0,0.0,162057.094,0.0,965,0,986,0,0,0,945,0,1008,0,907,0,786,0,776,0,821,0,7520,0.032,1.2033618204333965e+19,0.0,0.0,784,16797,-0.0,162057.094,-114818.039,-0.0,0.133,6.909358625270745e+28,30.0,70.0,35,0.0,0.0,0.0,0.0,0.0,0.0,0.0,0.0,0.0,0.0,0.0,0.0,0.0,0.0,0.0,0.0,66.4,0,150,71,51,65476,0,300,0,0,8,20529,65476,0,0,44564,70.0,0.0,0.0,0.0,0.0,0.0
2026-09-10T21:58:07,ERR,ERR,ERR,ERR,ERR,ERR,ERR,ERR,ERR,ERR,ERR,ERR,ERR,ERR,ERR,ERR,ERR,ERR,ERR,ERR,ERR,ERR,ERR,ERR,ERR,ERR,ERR,ERR,ERR,ERR,ERR,ERR,ERR,ERR,ERR,ERR,ERR,ERR,ERR,ERR,ERR,ERR,ERR,ERR,ERR,ERR,ERR,ERR,ERR,ERR,ERR,ERR,ERR,ERR,ERR,ERR,ERR,ERR,ERR,ERR,ERR,ERR,ERR,ERR,ERR,ERR,ERR,ERR,ERR,ERR,ERR,ERR,ERR,ERR,ERR,ERR,ERR,ERR,ERR,ERR,ERR,ERR,ERR,ERR,ERR,ERR,ERR,ERR,ERR,ERR,ERR,ERR,ERR,ERR,ERR,ERR,ERR,ERR,ERR,ERR,ERR,ERR,ERR,ERR,ERR,ERR,ERR,ERR,ERR,ERR,ERR,ERR,ERR,ERR,ERR,ERR,ERR,ERR,ERR,ERR,ERR,ERR,ERR,ERR,ERR,0.0,-107615352.0,-0.0,0.0,0.0,1.3936040501711995e+18,7.805,0.0,0,0,4,0,7116,0.0,100,0.0,0.0,0.0,0.0,0.0,0,0,0,0,0.0,0,0,0,0,0,0,0,0,0,0,0,0,0,0,0,0,0,0,0,0,0,0,0,0,0,0,0,0,0,0,0,0,0,31,40,40,71,65476,0,300,0,0,8,21553,0.0,-107605600.0,0.0,0.0,0.0,0.0,0.0,0.0,0.0,0.0,0.0,0.0,0.0,0.0,0.0,0.0,0.0,0.0,0.0,0.0,0.0,0.0,-2.004,-2.004,-0.0,-0.0,0.0,0.0,0.0,0.0,4543.0,1.0406635239469131e+34,6927.0,0.0,-107615352.0,2.7184264179883896e+23,0.0,0.0,0.0,0.0,0.0,69,-0.0,0.0,0.0,0.0,0.0,0.0,0.0,0.0,0.0,0,0,0,0.0,0.0,0.0,0.0,0.0,0.0,0.0,0.0,0.0,0.0,0.0,0.0,0.0,0.0,0.0,0.0,0,-107875648.0,69,0.0,138,0.0,0.0,0,0,17085,39322,17097,13107,17077,0,0,0,70,68,100,0.0,82.1,0.0,77.6,0.0,78.5,1,49,50,180,0,13107,0,0,0.0,0.0,0.0,0.0,-0.0,67.0,0.0,162057.094,0.0,965,0,986,0,0,0,945,0,1008,0,906,0,786,0,776,0,821,0,7520,0.032,1.2033618204333965e+19,0.0,0.0,784,16797,-0.0,162057.094,-114818.039,-0.0,0.133,6.909358625270745e+28,30.0,70.0,35,0.0,0.0,0.0,0.0,0.0,0.0,0.0,0.0,0.0,0.0,0.0,0.0,0.0,0.0,0.0,0.0,66.4,0,150,71,51,65476,0,300,0,0,8,20529,65476,0,0,44564,70.0,0.0,0.0,0.0,0.0,0.0
2026-09-10T21:58:08,ERR,ERR,ERR,ERR,ERR,ERR,ERR,ERR,ERR,ERR,ERR,ERR,ERR,ERR,ERR,ERR,ERR,ERR,ERR,ERR,ERR,ERR,ERR,ERR,ERR,ERR,ERR,ERR,ERR,ERR,ERR,ERR,ERR,ERR,ERR,ERR,ERR,ERR,ERR,ERR,ERR,ERR,ERR,ERR,ERR,ERR,ERR,ERR,ERR,ERR,ERR,ERR,ERR,ERR,ERR,ERR,ERR,ERR,ERR,ERR,ERR,ERR,ERR,ERR,ERR,ERR,ERR,ERR,ERR,ERR,ERR,ERR,ERR,ERR,ERR,ERR,ERR,ERR,ERR,ERR,ERR,ERR,ERR,ERR,ERR,ERR,ERR,ERR,ERR,ERR,ERR,ERR,ERR,ERR,ERR,ERR,ERR,ERR,ERR,ERR,ERR,ERR,ERR,ERR,ERR,ERR,ERR,ERR,ERR,ERR,ERR,ERR,ERR,ERR,ERR,ERR,ERR,ERR,ERR,ERR,ERR,ERR,ERR,ERR,ERR,0.0,-107615352.0,-0.0,0.0,0.0,1.3936040501711995e+18,7.805,0.0,0,0,4,0,7116,0.0,100,0.0,0.0,0.0,0.0,0.0,0,0,0,0,0.0,0,0,0,0,0,0,0,0,0,0,0,0,0,0,0,0,0,0,0,0,0,0,0,0,0,0,0,0,0,0,0,0,0,31,40,40,71,65476,0,300,0,0,8,21553,0.0,-107605600.0,0.0,0.0,0.0,0.0,0.0,0.0,0.0,0.0,0.0,0.0,0.0,0.0,0.0,0.0,0.0,0.0,0.0,0.0,0.0,0.0,-2.004,-2.004,-0.0,-0.0,0.0,0.0,0.0,0.0,4543.0,1.0406635239469131e+34,6927.0,0.0,-107615352.0,2.7184264179883896e+23,0.0,0.0,0.0,0.0,0.0,69,-0.0,0.0,0.0,0.0,0.0,0.0,0.0,0.0,0.0,0,0,0,0.0,0.0,0.0,0.0,0.0,0.0,0.0,0.0,0.0,0.0,0.0,0.0,0.0,0.0,0.0,0.0,0,-107875648.0,69,0.0,138,0.0,0.0,0,0,17085,39322,17097,13107,17077,0,0,0,70,68,100,0.0,82.1,0.0,77.6,0.0,78.5,1,49,50,180,0,13107,0,0,0.0,0.0,0.0,0.0,-0.0,67.0,0.0,162057.094,0.0,965,0,986,0,0,0,945,0,1008,0,906,0,786,0,776,0,821,0,7520,0.032,1.2033618204333965e+19,0.0,0.0,784,16797,-0.0,162057.094,-114818.039,-0.0,0.133,6.909358625270745e+28,30.0,70.0,35,0.0,0.0,0.0,0.0,0.0,0.0,0.0,0.0,0.0,0.0,0.0,0.0,0.0,0.0,0.0,0.0,66.4,0,150,71,51,65476,0,300,0,0,8,20529,65476,0,0,44564,70.0,0.0,0.0,0.0,0.0,0.0
2026-09-10T21:58:09,ERR,ERR,ERR,ERR,ERR,ERR,ERR,ERR,ERR,ERR,ERR,ERR,ERR,ERR,ERR,ERR,ERR,ERR,ERR,ERR,ERR,ERR,ERR,ERR,ERR,ERR,ERR,ERR,ERR,ERR,ERR,ERR,ERR,ERR,ERR,ERR,ERR,ERR,ERR,ERR,ERR,ERR,ERR,ERR,ERR,ERR,ERR,ERR,ERR,ERR,ERR,ERR,ERR,ERR,ERR,ERR,ERR,ERR,ERR,ERR,ERR,ERR,ERR,ERR,ERR,ERR,ERR,ERR,ERR,ERR,ERR,ERR,ERR,ERR,ERR,ERR,ERR,ERR,ERR,ERR,ERR,ERR,ERR,ERR,ERR,ERR,ERR,ERR,ERR,ERR,ERR,ERR,ERR,ERR,ERR,ERR,ERR,ERR,ERR,ERR,ERR,ERR,ERR,ERR,ERR,ERR,ERR,ERR,ERR,ERR,ERR,ERR,ERR,ERR,ERR,ERR,ERR,ERR,ERR,ERR,ERR,ERR,ERR,ERR,ERR,0.0,-107615352.0,-0.0,0.0,0.0,1.3936040501711995e+18,7.805,0.0,0,0,4,0,7116,0.0,100,0.0,0.0,0.0,0.0,0.0,0,0,0,0,0.0,0,0,0,0,0,0,0,0,0,0,0,0,0,0,0,0,0,0,0,0,0,0,0,0,0,0,0,0,0,0,0,0,0,31,40,40,71,65476,0,300,0,0,8,21553,0.0,-107605600.0,0.0,0.0,0.0,0.0,0.0,0.0,0.0,0.0,0.0,0.0,0.0,0.0,0.0,0.0,0.0,0.0,0.0,0.0,0.0,0.0,-2.004,-2.004,-0.0,-0.0,0.0,0.0,0.0,0.0,4543.0,1.0406635239469131e+34,6927.0,0.0,-107615352.0,2.7184264179883896e+23,0.0,0.0,0.0,0.0,0.0,69,-0.0,0.0,0.0,0.0,0.0,0.0,0.0,0.0,0.0,0,0,0,0.0,0.0,0.0,0.0,0.0,0.0,0.0,0.0,0.0,0.0,0.0,0.0,0.0,0.0,0.0,0.0,0,-107875648.0,69,0.0,138,0.0,0.0,0,0,17085,39322,17097,13107,17077,0,0,0,70,68,100,0.0,82.1,0.0,77.6,0.0,78.5,1,49,50,180,0,13107,0,0,0.0,0.0,0.0,0.0,-0.0,67.0,0.0,162057.094,0.0,965,0,986,0,0,0,945,0,1008,0,906,0,786,0,776,0,821,0,7520,0.032,1.2033618204333965e+19,0.0,0.0,784,16797,-0.0,162057.094,-114818.039,-0.0,0.133,6.909358625270745e+28,30.0,70.0,35,0.0,0.0,0.0,0.0,0.0,0.0,0.0,0.0,0.0,0.0,0.0,0.0,0.0,0.0,0.0,0.0,66.4,0,150,71,51,65476,0,300,0,0,8,20529,65476,0,0,44564,70.0,0.0,0.0,0.0,0.0,0.0
2026-09-10T21:58:10,ERR,ERR,ERR,ERR,ERR,ERR,ERR,ERR,ERR,ERR,ERR,ERR,ERR,ERR,ERR,ERR,ERR,ERR,ERR,ERR,ERR,ERR,ERR,ERR,ERR,ERR,ERR,ERR,ERR,ERR,ERR,ERR,ERR,ERR,ERR,ERR,ERR,ERR,ERR,ERR,ERR,ERR,ERR,ERR,ERR,ERR,ERR,ERR,ERR,ERR,ERR,ERR,ERR,ERR,ERR,ERR,ERR,ERR,ERR,ERR,ERR,ERR,ERR,ERR,ERR,ERR,ERR,ERR,ERR,ERR,ERR,ERR,ERR,ERR,ERR,ERR,ERR,ERR,ERR,ERR,ERR,ERR,ERR,ERR,ERR,ERR,ERR,ERR,ERR,ERR,ERR,ERR,ERR,ERR,ERR,ERR,ERR,ERR,ERR,ERR,ERR,ERR,ERR,ERR,ERR,ERR,ERR,ERR,ERR,ERR,ERR,ERR,ERR,ERR,ERR,ERR,ERR,ERR,ERR,ERR,ERR,ERR,ERR,ERR,ERR,0.0,-107615352.0,-0.0,0.0,0.0,1.3936040501711995e+18,7.805,0.0,0,0,4,0,7116,0.0,100,0.0,0.0,0.0,0.0,0.0,0,0,0,0,0.0,0,0,0,0,0,0,0,0,0,0,0,0,0,0,0,0,0,0,0,0,0,0,0,0,0,0,0,0,0,0,0,0,0,31,40,40,71,65476,0,300,0,0,8,21553,0.0,-107605600.0,0.0,0.0,0.0,0.0,0.0,0.0,0.0,0.0,0.0,0.0,0.0,0.0,0.0,0.0,0.0,0.0,0.0,0.0,0.0,0.0,-2.004,-2.004,-0.0,-0.0,0.0,0.0,0.0,0.0,4543.0,1.0406635239469131e+34,6927.0,0.0,-107615352.0,2.7184264179883896e+23,0.0,0.0,0.0,0.0,0.0,69,-0.0,0.0,0.0,0.0,0.0,0.0,0.0,0.0,0.0,0,0,0,0.0,0.0,0.0,0.0,0.0,0.0,0.0,0.0,0.0,0.0,0.0,0.0,0.0,0.0,0.0,0.0,0,-107875648.0,69,0.0,138,0.0,0.0,0,0,17085,39322,17097,13107,17077,0,0,0,70,68,100,0.0,82.1,0.0,77.6,0.0,78.5,1,49,50,180,0,13107,0,0,0.0,0.0,0.0,0.0,-0.0,67.0,0.0,162057.094,0.0,965,0,986,0,0,0,945,0,1008,0,906,0,786,0,776,0,821,0,7520,0.032,1.2033618204333965e+19,0.0,0.0,784,16797,-0.0,162057.094,-114818.039,-0.0,0.133,6.909358625270745e+28,30.0,70.0,35,0.0,0.0,0.0,0.0,0.0,0.0,0.0,0.0,0.0,0.0,0.0,0.0,0.0,0.0,0.0,0.0,66.4,0,150,71,51,65476,0,300,0,0,8,20529,65476,0,0,44564,70.0,0.0,0.0,0.0,0.0,0.0
2026-09-10T21:58:11,ERR,ERR,ERR,ERR,ERR,ERR,ERR,ERR,ERR,ERR,ERR,ERR,ERR,ERR,ERR,ERR,ERR,ERR,ERR,ERR,ERR,ERR,ERR,ERR,ERR,ERR,ERR,ERR,ERR,ERR,ERR,ERR,ERR,ERR,ERR,ERR,ERR,ERR,ERR,ERR,ERR,ERR,ERR,ERR,ERR,ERR,ERR,ERR,ERR,ERR,ERR,ERR,ERR,ERR,ERR,ERR,ERR,ERR,ERR,ERR,ERR,ERR,ERR,ERR,ERR,ERR,ERR,ERR,ERR,ERR,ERR,ERR,ERR,ERR,ERR,ERR,ERR,ERR,ERR,ERR,ERR,ERR,ERR,ERR,ERR,ERR,ERR,ERR,ERR,ERR,ERR,ERR,ERR,ERR,ERR,ERR,ERR,ERR,ERR,ERR,ERR,ERR,ERR,ERR,ERR,ERR,ERR,ERR,ERR,ERR,ERR,ERR,ERR,ERR,ERR,ERR,ERR,ERR,ERR,ERR,ERR,ERR,ERR,ERR,ERR,0.0,-107615352.0,-0.0,0.0,0.0,1.3936040501711995e+18,7.805,0.0,0,0,4,0,7116,0.0,100,0.0,0.0,0.0,0.0,0.0,0,0,0,0,0.0,0,0,0,0,0,0,0,0,0,0,0,0,0,0,0,0,0,0,0,0,0,0,0,0,0,0,0,0,0,0,0,0,0,31,40,40,71,65476,0,300,0,0,8,21553,0.0,-107605600.0,0.0,0.0,0.0,0.0,0.0,0.0,0.0,0.0,0.0,0.0,0.0,0.0,0.0,0.0,0.0,0.0,0.0,0.0,0.0,0.0,-2.004,-2.004,-0.0,-0.0,0.0,0.0,0.0,0.0,4543.0,1.0406635239469131e+34,6927.0,0.0,-107615352.0,2.7184264179883896e+23,0.0,0.0,0.0,0.0,0.0,69,-0.0,0.0,0.0,0.0,0.0,0.0,0.0,0.0,0.0,0,0,0,0.0,0.0,0.0,0.0,0.0,0.0,0.0,0.0,0.0,0.0,0.0,0.0,0.0,0.0,0.0,0.0,0,-107875648.0,69,0.0,138,0.0,0.0,0,0,17085,39322,17097,13107,17077,0,0,0,70,68,100,0.0,82.1,0.0,77.6,0.0,78.5,1,49,50,180,0,13107,0,0,0.0,0.0,0.0,0.0,-0.0,67.0,0.0,162057.094,0.0,965,0,986,0,0,0,945,0,1008,0,906,0,786,0,776,0,821,0,7520,0.032,1.2033618204333965e+19,0.0,0.0,784,16797,-0.0,162057.094,-114818.039,-0.0,0.133,6.909358625270745e+28,30.0,70.0,35,0.0,0.0,0.0,0.0,0.0,0.0,0.0,0.0,0.0,0.0,0.0,0.0,0.0,0.0,0.0,0.0,66.4,0,150,71,51,65476,0,300,0,0,8,20529,65476,0,0,44564,70.0,0.0,0.0,0.0,0.0,0.0
2026-09-10T21:58:12,ERR,ERR,ERR,ERR,ERR,ERR,ERR,ERR,ERR,ERR,ERR,ERR,ERR,ERR,ERR,ERR,ERR,ERR,ERR,ERR,ERR,ERR,ERR,ERR,ERR,ERR,ERR,ERR,ERR,ERR,ERR,ERR,ERR,ERR,ERR,ERR,ERR,ERR,ERR,ERR,ERR,ERR,ERR,ERR,ERR,ERR,ERR,ERR,ERR,ERR,ERR,ERR,ERR,ERR,ERR,ERR,ERR,ERR,ERR,ERR,ERR,ERR,ERR,ERR,ERR,ERR,ERR,ERR,ERR,ERR,ERR,ERR,ERR,ERR,ERR,ERR,ERR,ERR,ERR,ERR,ERR,ERR,ERR,ERR,ERR,ERR,ERR,ERR,ERR,ERR,ERR,ERR,ERR,ERR,ERR,ERR,ERR,ERR,ERR,ERR,ERR,ERR,ERR,ERR,ERR,ERR,ERR,ERR,ERR,ERR,ERR,ERR,ERR,ERR,ERR,ERR,ERR,ERR,ERR,ERR,ERR,ERR,ERR,ERR,ERR,0.0,-107615352.0,-0.0,0.0,0.0,1.3936040501711995e+18,7.805,0.0,0,0,4,0,7116,0.0,100,0.0,0.0,0.0,0.0,0.0,0,0,0,0,0.0,0,0,0,0,0,0,0,0,0,0,0,0,0,0,0,0,0,0,0,0,0,0,0,0,0,0,0,0,0,0,0,0,0,31,40,40,71,65476,0,300,0,0,8,21553,0.0,-107605600.0,0.0,0.0,0.0,0.0,0.0,0.0,0.0,0.0,0.0,0.0,0.0,0.0,0.0,0.0,0.0,0.0,0.0,0.0,0.0,0.0,-2.004,-2.004,-0.0,-0.0,0.0,0.0,0.0,0.0,4543.0,1.0406635239469131e+34,6927.0,0.0,-107615352.0,2.7184264179883896e+23,0.0,0.0,0.0,0.0,0.0,69,-0.0,0.0,0.0,0.0,0.0,0.0,0.0,0.0,0.0,0,0,0,0.0,0.0,0.0,0.0,0.0,0.0,0.0,0.0,0.0,0.0,0.0,0.0,0.0,0.0,0.0,0.0,0,-107875648.0,69,0.0,138,0.0,0.0,0,0,17085,39322,17097,13107,17077,0,0,0,70,68,100,0.0,82.1,0.0,77.6,0.0,78.5,1,49,50,180,0,13107,0,0,0.0,0.0,0.0,0.0,-0.0,67.0,0.0,162057.094,0.0,965,0,986,0,0,0,945,0,1008,0,906,0,786,0,776,0,821,0,7520,0.032,1.2033618204333965e+19,0.0,0.0,784,16797,-0.0,162057.094,-114818.039,-0.0,0.133,6.909358625270745e+28,30.0,70.0,35,0.0,0.0,0.0,0.0,0.0,0.0,0.0,0.0,0.0,0.0,0.0,0.0,0.0,0.0,0.0,0.0,66.4,0,150,71,51,65476,0,300,0,0,8,20529,65476,0,0,44564,70.0,0.0,0.0,0.0,0.0,0.0
2026-09-10T21:58:13,ERR,ERR,ERR,ERR,ERR,ERR,ERR,ERR,ERR,ERR,ERR,ERR,ERR,ERR,ERR,ERR,ERR,ERR,ERR,ERR,ERR,ERR,ERR,ERR,ERR,ERR,ERR,ERR,ERR,ERR,ERR,ERR,ERR,ERR,ERR,ERR,ERR,ERR,ERR,ERR,ERR,ERR,ERR,ERR,ERR,ERR,ERR,ERR,ERR,ERR,ERR,ERR,ERR,ERR,ERR,ERR,ERR,ERR,ERR,ERR,ERR,ERR,ERR,ERR,ERR,ERR,ERR,ERR,ERR,ERR,ERR,ERR,ERR,ERR,ERR,ERR,ERR,ERR,ERR,ERR,ERR,ERR,ERR,ERR,ERR,ERR,ERR,ERR,ERR,ERR,ERR,ERR,ERR,ERR,ERR,ERR,ERR,ERR,ERR,ERR,ERR,ERR,ERR,ERR,ERR,ERR,ERR,ERR,ERR,ERR,ERR,ERR,ERR,ERR,ERR,ERR,ERR,ERR,ERR,ERR,ERR,ERR,ERR,ERR,ERR,0.0,-107615352.0,0.0,0.0,0.0,1.3936040501711995e+18,7.805,0.0,0,0,4,0,7116,0.0,100,0.0,0.0,0.0,0.0,0.0,0,0,0,0,0.0,0,0,0,0,0,0,0,0,0,0,0,0,0,0,0,0,0,0,0,0,0,0,0,0,0,0,0,0,0,0,0,0,0,31,40,40,71,65476,0,300,0,0,8,21553,0.0,-107605600.0,0.0,0.0,0.0,0.0,0.0,0.0,0.0,0.0,0.0,0.0,0.0,0.0,0.0,0.0,0.0,0.0,0.0,0.0,0.0,0.0,-2.004,-2.004,-2.004,2.004,0.0,0.0,0.0,0.0,4518.0,564144826744832.0,6923.0,0.0,-107615352.0,2.7184264179883896e+23,-107615304.0,0.0,0.0,0.0,0.0,69,-0.0,-2.3088245329045016e+20,0.0,0.0,0.0,0.0,0.0,0.0,0.0,0,0,0,0.0,0.0,0.0,0.0,0.0,0.0,0.0,0.0,0.0,0.0,0.0,0.0,0.0,0.0,0.0,0.0,0,-107875648.0,69,0.0,138,0.0,2.6474604965001363e+23,0,0,17085,39322,17097,13107,17077,0,0,0,70,68,100,0.0,82.1,0.0,77.6,0.0,78.5,1,49,50,180,0,13107,0,0,0.0,0.0,0.0,0.0,-0.0,67.0,0.0,162057.094,0.0,965,0,986,0,0,0,945,0,1008,0,906,0,786,0,776,0,821,0,7520,0.032,1.2033618204333965e+19,0.0,0.0,784,16797,-0.0,162057.094,-114818.039,-0.0,0.133,6.909358625270745e+28,30.0,70.0,35,0.0,0.0,0.0,0.0,0.0,0.0,0.0,0.0,0.0,0.0,0.0,0.0,0.0,0.0,0.0,0.0,66.4,0,150,71,51,65476,0,300,0,0,8,20529,65476,0,0,44564,70.0,0.0,0.0,0.0,0.0,0.0
2026-09-10T21:58:14,ERR,ERR,ERR,ERR,ERR,ERR,ERR,ERR,ERR,ERR,ERR,ERR,ERR,ERR,ERR,ERR,ERR,ERR,ERR,ERR,ERR,ERR,ERR,ERR,ERR,ERR,ERR,ERR,ERR,ERR,ERR,ERR,ERR,ERR,ERR,ERR,ERR,ERR,ERR,ERR,ERR,ERR,ERR,ERR,ERR,ERR,ERR,ERR,ERR,ERR,ERR,ERR,ERR,ERR,ERR,ERR,ERR,ERR,ERR,ERR,ERR,ERR,ERR,ERR,ERR,ERR,ERR,ERR,ERR,ERR,ERR,ERR,ERR,ERR,ERR,ERR,ERR,ERR,ERR,ERR,ERR,ERR,ERR,ERR,ERR,ERR,ERR,ERR,ERR,ERR,ERR,ERR,ERR,ERR,ERR,ERR,ERR,ERR,ERR,ERR,ERR,ERR,ERR,ERR,ERR,ERR,ERR,ERR,ERR,ERR,ERR,ERR,ERR,ERR,ERR,ERR,ERR,ERR,ERR,ERR,ERR,ERR,ERR,ERR,ERR,0.0,-107615352.0,0.0,0.0,0.0,1.3936040501711995e+18,7.805,0.0,0,0,4,0,7116,0.0,100,0.0,0.0,0.0,0.0,0.0,0,0,0,0,0.0,0,0,0,0,0,0,0,0,0,0,0,0,0,0,0,0,0,0,0,0,0,0,0,0,0,0,0,0,0,0,0,0,0,31,40,40,71,65476,0,300,0,0,8,21553,0.0,-107605600.0,0.0,0.0,0.0,0.0,0.0,0.0,0.0,0.0,0.0,0.0,0.0,0.0,0.0,0.0,0.0,0.0,0.0,0.0,0.0,0.0,-2.004,-2.004,-2.004,2.004,0.0,0.0,0.0,0.0,4518.0,564144826744832.0,6923.0,0.0,-107615352.0,2.7184264179883896e+23,-107615304.0,0.0,0.0,0.0,0.0,69,-0.0,-2.3088245329045016e+20,0.0,0.0,0.0,0.0,0.0,0.0,0.0,0,0,0,0.0,0.0,0.0,0.0,0.0,0.0,0.0,0.0,0.0,0.0,0.0,0.0,0.0,0.0,0.0,0.0,0,-107875648.0,69,0.0,138,0.0,2.6474604965001363e+23,0,0,17085,39322,17097,13107,17077,0,0,0,70,68,100,0.0,82.1,0.0,77.6,0.0,78.5,1,49,50,180,0,13107,0,0,0.0,0.0,0.0,0.0,-0.0,67.0,0.0,162057.094,0.0,965,0,986,0,0,0,945,0,1008,0,906,0,786,0,776,0,821,0,7520,0.032,1.2033618204333965e+19,0.0,0.0,784,16797,-0.0,162057.094,-114818.039,-0.0,0.133,6.909358625270745e+28,30.0,70.0,35,0.0,0.0,0.0,0.0,0.0,0.0,0.0,0.0,0.0,0.0,0.0,0.0,0.0,0.0,0.0,0.0,66.4,0,150,71,51,65476,0,300,0,0,8,20529,65476,0,0,44564,70.0,0.0,0.0,0.0,0.0,0.0
2026-09-10T21:58:15,ERR,ERR,ERR,ERR,ERR,ERR,ERR,ERR,ERR,ERR,ERR,ERR,ERR,ERR,ERR,ERR,ERR,ERR,ERR,ERR,ERR,ERR,ERR,ERR,ERR,ERR,ERR,ERR,ERR,ERR,ERR,ERR,ERR,ERR,ERR,ERR,ERR,ERR,ERR,ERR,ERR,ERR,ERR,ERR,ERR,ERR,ERR,ERR,ERR,ERR,ERR,ERR,ERR,ERR,ERR,ERR,ERR,ERR,ERR,ERR,ERR,ERR,ERR,ERR,ERR,ERR,ERR,ERR,ERR,ERR,ERR,ERR,ERR,ERR,ERR,ERR,ERR,ERR,ERR,ERR,ERR,ERR,ERR,ERR,ERR,ERR,ERR,ERR,ERR,ERR,ERR,ERR,ERR,ERR,ERR,ERR,ERR,ERR,ERR,ERR,ERR,ERR,ERR,ERR,ERR,ERR,ERR,ERR,ERR,ERR,ERR,ERR,ERR,ERR,ERR,ERR,ERR,ERR,ERR,ERR,ERR,ERR,ERR,ERR,ERR,0.0,-107615352.0,0.0,0.0,0.0,1.3936040501711995e+18,7.805,0.0,0,0,4,0,7116,0.0,100,0.0,0.0,0.0,0.0,0.0,0,0,0,0,0.0,0,0,0,0,0,0,0,0,0,0,0,0,0,0,0,0,0,0,0,0,0,0,0,0,0,0,0,0,0,0,0,0,0,31,40,40,71,65476,0,300,0,0,8,21553,0.0,-107605600.0,0.0,0.0,0.0,0.0,0.0,0.0,0.0,0.0,0.0,0.0,0.0,0.0,0.0,0.0,0.0,0.0,0.0,0.0,0.0,0.0,-2.004,-2.004,-2.004,2.004,0.0,0.0,0.0,0.0,4518.0,564144826744832.0,6923.0,0.0,-107615352.0,2.7184264179883896e+23,-107615304.0,0.0,0.0,0.0,0.0,69,-0.0,-2.3088245329045016e+20,0.0,0.0,0.0,0.0,0.0,0.0,0.0,0,0,0,0.0,0.0,0.0,0.0,0.0,0.0,0.0,0.0,0.0,0.0,0.0,0.0,0.0,0.0,0.0,0.0,0,-107875648.0,69,0.0,138,0.0,2.6474604965001363e+23,0,0,17085,39322,17097,13107,17077,0,0,0,70,68,100,0.0,82.1,0.0,77.6,0.0,78.5,1,49,50,180,0,13107,0,0,0.0,0.0,0.0,0.0,-0.0,67.0,0.0,162057.094,0.0,965,0,986,0,0,0,945,0,1008,0,906,0,786,0,776,0,821,0,7520,0.032,1.2033618204333965e+19,0.0,0.0,784,16797,-0.0,162057.094,-114818.039,-0.0,0.133,6.909358625270745e+28,30.0,70.0,35,0.0,0.0,0.0,0.0,0.0,0.0,0.0,0.0,0.0,0.0,0.0,0.0,0.0,0.0,0.0,0.0,66.4,0,150,71,51,65476,0,300,0,0,8,20529,65476,0,0,44564,70.0,0.0,0.0,0.0,0.0,0.0
2026-09-10T21:58:16,ERR,ERR,ERR,ERR,ERR,ERR,ERR,ERR,ERR,ERR,ERR,ERR,ERR,ERR,ERR,ERR,ERR,ERR,ERR,ERR,ERR,ERR,ERR,ERR,ERR,ERR,ERR,ERR,ERR,ERR,ERR,ERR,ERR,ERR,ERR,ERR,ERR,ERR,ERR,ERR,ERR,ERR,ERR,ERR,ERR,ERR,ERR,ERR,ERR,ERR,ERR,ERR,ERR,ERR,ERR,ERR,ERR,ERR,ERR,ERR,ERR,ERR,ERR,ERR,ERR,ERR,ERR,ERR,ERR,ERR,ERR,ERR,ERR,ERR,ERR,ERR,ERR,ERR,ERR,ERR,ERR,ERR,ERR,ERR,ERR,ERR,ERR,ERR,ERR,ERR,ERR,ERR,ERR,ERR,ERR,ERR,ERR,ERR,ERR,ERR,ERR,ERR,ERR,ERR,ERR,ERR,ERR,ERR,ERR,ERR,ERR,ERR,ERR,ERR,ERR,ERR,ERR,ERR,ERR,ERR,ERR,ERR,ERR,ERR,ERR,0.0,-107615352.0,0.0,0.0,0.0,1.3936040501711995e+18,7.805,0.0,0,0,4,0,7116,0.0,100,0.0,0.0,0.0,0.0,0.0,0,0,0,0,0.0,0,0,0,0,0,0,0,0,0,0,0,0,0,0,0,0,0,0,0,0,0,0,0,0,0,0,0,0,0,0,0,0,0,31,40,40,71,65476,0,300,0,0,8,21553,0.0,-107605600.0,0.0,0.0,0.0,0.0,0.0,0.0,0.0,0.0,0.0,0.0,0.0,0.0,0.0,0.0,0.0,0.0,0.0,0.0,0.0,0.0,-2.004,-2.004,-2.004,2.004,0.0,0.0,0.0,0.0,4518.0,564144826744832.0,6923.0,0.0,-107615352.0,2.7184264179883896e+23,-107615304.0,0.0,0.0,0.0,0.0,69,-0.0,-2.3088245329045016e+20,0.0,0.0,0.0,0.0,0.0,0.0,0.0,0,0,0,0.0,0.0,0.0,0.0,0.0,0.0,0.0,0.0,0.0,0.0,0.0,0.0,0.0,0.0,0.0,0.0,0,-107875648.0,69,0.0,138,0.0,2.6474604965001363e+23,0,0,17085,39322,17097,13107,17077,0,0,0,70,68,100,0.0,82.1,0.0,77.6,0.0,78.5,1,49,50,180,0,13107,0,0,0.0,0.0,0.0,0.0,-0.0,67.0,0.0,162057.094,0.0,965,0,986,0,0,0,945,0,1008,0,906,0,786,0,776,0,821,0,7520,0.032,1.2033618204333965e+19,0.0,0.0,784,16797,-0.0,162057.094,-114818.039,-0.0,0.133,6.909358625270745e+28,30.0,70.0,35,0.0,0.0,0.0,0.0,0.0,0.0,0.0,0.0,0.0,0.0,0.0,0.0,0.0,0.0,0.0,0.0,66.4,0,150,71,51,65476,0,300,0,0,8,20529,65476,0,0,44564,70.0,0.0,0.0,0.0,0.0,0.0
2026-09-10T21:58:17,ERR,ERR,ERR,ERR,ERR,ERR,ERR,ERR,ERR,ERR,ERR,ERR,ERR,ERR,ERR,ERR,ERR,ERR,ERR,ERR,ERR,ERR,ERR,ERR,ERR,ERR,ERR,ERR,ERR,ERR,ERR,ERR,ERR,ERR,ERR,ERR,ERR,ERR,ERR,ERR,ERR,ERR,ERR,ERR,ERR,ERR,ERR,ERR,ERR,ERR,ERR,ERR,ERR,ERR,ERR,ERR,ERR,ERR,ERR,ERR,ERR,ERR,ERR,ERR,ERR,ERR,ERR,ERR,ERR,ERR,ERR,ERR,ERR,ERR,ERR,ERR,ERR,ERR,ERR,ERR,ERR,ERR,ERR,ERR,ERR,ERR,ERR,ERR,ERR,ERR,ERR,ERR,ERR,ERR,ERR,ERR,ERR,ERR,ERR,ERR,ERR,ERR,ERR,ERR,ERR,ERR,ERR,ERR,ERR,ERR,ERR,ERR,ERR,ERR,ERR,ERR,ERR,ERR,ERR,ERR,ERR,ERR,ERR,ERR,ERR,0.0,-107615352.0,0.0,0.0,0.0,1.3936040501711995e+18,7.805,0.0,0,0,4,0,7116,0.0,100,0.0,0.0,0.0,0.0,0.0,0,0,0,0,0.0,0,0,0,0,0,0,0,0,0,0,0,0,0,0,0,0,0,0,0,0,0,0,0,0,0,0,0,0,0,0,0,0,0,31,40,40,71,65476,0,300,0,0,8,21553,0.0,-107605600.0,0.0,0.0,0.0,0.0,0.0,0.0,0.0,0.0,0.0,0.0,0.0,0.0,0.0,0.0,0.0,0.0,0.0,0.0,0.0,0.0,-2.004,-2.004,-2.004,2.004,0.0,0.0,0.0,0.0,4518.0,564144826744832.0,6923.0,0.0,-107615352.0,2.7184264179883896e+23,-107615304.0,0.0,0.0,0.0,0.0,69,-0.0,-2.3088245329045016e+20,0.0,0.0,0.0,0.0,0.0,0.0,0.0,0,0,0,0.0,0.0,0.0,0.0,0.0,0.0,0.0,0.0,0.0,0.0,0.0,0.0,0.0,0.0,0.0,0.0,0,-107875648.0,69,0.0,138,0.0,2.6474604965001363e+23,0,0,17085,39322,17097,13107,17077,0,0,0,70,68,100,0.0,82.1,0.0,77.6,0.0,78.5,1,49,50,180,0,13107,0,0,0.0,0.0,0.0,0.0,-0.0,67.0,0.0,162057.094,0.0,965,0,986,0,0,0,945,0,1008,0,906,0,786,0,776,0,821,0,7520,0.032,1.2033618204333965e+19,0.0,0.0,784,16797,-0.0,162057.094,-114818.039,-0.0,0.133,6.909358625270745e+28,30.0,70.0,35,0.0,0.0,0.0,0.0,0.0,0.0,0.0,0.0,0.0,0.0,0.0,0.0,0.0,0.0,0.0,0.0,66.8,0,150,71,51,65476,0,300,0,0,8,20529,65476,0,0,44564,70.0,0.0,0.0,0.0,0.0,0.0
2026-09-10T21:58:18,ERR,ERR,ERR,ERR,ERR,ERR,ERR,ERR,ERR,ERR,ERR,ERR,ERR,ERR,ERR,ERR,ERR,ERR,ERR,ERR,ERR,ERR,ERR,ERR,ERR,ERR,ERR,ERR,ERR,ERR,ERR,ERR,ERR,ERR,ERR,ERR,ERR,ERR,ERR,ERR,ERR,ERR,ERR,ERR,ERR,ERR,ERR,ERR,ERR,ERR,ERR,ERR,ERR,ERR,ERR,ERR,ERR,ERR,ERR,ERR,ERR,ERR,ERR,ERR,ERR,ERR,ERR,ERR,ERR,ERR,ERR,ERR,ERR,ERR,ERR,ERR,ERR,ERR,ERR,ERR,ERR,ERR,ERR,ERR,ERR,ERR,ERR,ERR,ERR,ERR,ERR,ERR,ERR,ERR,ERR,ERR,ERR,ERR,ERR,ERR,ERR,ERR,ERR,ERR,ERR,ERR,ERR,ERR,ERR,ERR,ERR,ERR,ERR,ERR,ERR,ERR,ERR,ERR,ERR,ERR,ERR,ERR,ERR,ERR,ERR,0.0,-107615352.0,0.0,0.0,0.0,1.3936040501711995e+18,7.805,0.0,0,0,4,0,7116,0.0,100,0.0,0.0,0.0,0.0,0.0,0,0,0,0,0.0,0,0,0,0,0,0,0,0,0,0,0,0,0,0,0,0,0,0,0,0,0,0,0,0,0,0,0,0,0,0,0,0,0,31,40,40,71,65476,0,300,0,0,8,21553,0.0,-107605600.0,0.0,0.0,0.0,0.0,0.0,0.0,0.0,0.0,0.0,0.0,0.0,0.0,0.0,0.0,0.0,0.0,0.0,0.0,0.0,0.0,-2.004,-2.004,-2.004,2.004,0.0,0.0,0.0,0.0,4518.0,564144826744832.0,6923.0,0.0,-107615352.0,2.7184264179883896e+23,-107615304.0,0.0,0.0,0.0,0.0,69,-0.0,-2.3088245329045016e+20,0.0,0.0,0.0,0.0,0.0,0.0,0.0,0,0,0,0.0,0.0,0.0,0.0,0.0,0.0,0.0,0.0,0.0,0.0,0.0,0.0,0.0,0.0,0.0,0.0,0,-107875648.0,69,0.0,138,0.0,2.6474604965001363e+23,0,0,17085,39322,17097,13107,17077,0,0,0,70,68,100,0.0,82.1,0.0,77.6,0.0,78.5,1,49,50,180,0,13107,0,0,0.0,0.0,0.0,0.0,-0.0,67.0,0.0,162057.094,0.0,965,0,986,0,0,0,945,0,1008,0,906,0,786,0,776,0,821,0,7520,0.032,1.2033618204333965e+19,0.0,0.0,784,16797,-0.0,162057.094,-114818.039,-0.0,0.133,6.909358625270745e+28,30.0,70.0,35,0.0,0.0,0.0,0.0,0.0,0.0,0.0,0.0,0.0,0.0,0.0,0.0,0.0,0.0,0.0,0.0,66.8,0,150,71,51,65476,0,300,0,0,8,20529,65476,0,0,44564,70.0,0.0,0.0,0.0,0.0,0.0
2026-09-10T21:58:19,ERR,ERR,ERR,ERR,ERR,ERR,ERR,ERR,ERR,ERR,ERR,ERR,ERR,ERR,ERR,ERR,ERR,ERR,ERR,ERR,ERR,ERR,ERR,ERR,ERR,ERR,ERR,ERR,ERR,ERR,ERR,ERR,ERR,ERR,ERR,ERR,ERR,ERR,ERR,ERR,ERR,ERR,ERR,ERR,ERR,ERR,ERR,ERR,ERR,ERR,ERR,ERR,ERR,ERR,ERR,ERR,ERR,ERR,ERR,ERR,ERR,ERR,ERR,ERR,ERR,ERR,ERR,ERR,ERR,ERR,ERR,ERR,ERR,ERR,ERR,ERR,ERR,ERR,ERR,ERR,ERR,ERR,ERR,ERR,ERR,ERR,ERR,ERR,ERR,ERR,ERR,ERR,ERR,ERR,ERR,ERR,ERR,ERR,ERR,ERR,ERR,ERR,ERR,ERR,ERR,ERR,ERR,ERR,ERR,ERR,ERR,ERR,ERR,ERR,ERR,ERR,ERR,ERR,ERR,ERR,ERR,ERR,ERR,ERR,ERR,0.0,-107615352.0,0.0,0.0,0.0,1.3936040501711995e+18,7.805,0.0,0,0,4,0,7116,0.0,100,0.0,0.0,0.0,0.0,0.0,0,0,0,0,0.0,0,0,0,0,0,0,0,0,0,0,0,0,0,0,0,0,0,0,0,0,0,0,0,0,0,0,0,0,0,0,0,0,0,31,40,40,71,65476,0,300,0,0,8,21553,0.0,-107605600.0,0.0,0.0,0.0,0.0,0.0,0.0,0.0,0.0,0.0,0.0,0.0,0.0,0.0,0.0,0.0,0.0,0.0,0.0,0.0,0.0,-2.004,-2.004,-2.004,2.004,0.0,0.0,0.0,0.0,4518.0,564144826744832.0,6923.0,0.0,-107615352.0,2.7184264179883896e+23,-107615304.0,0.0,0.0,0.0,0.0,69,-0.0,-2.3088245329045016e+20,0.0,0.0,0.0,0.0,0.0,0.0,0.0,0,0,0,0.0,0.0,0.0,0.0,0.0,0.0,0.0,0.0,0.0,0.0,0.0,0.0,0.0,0.0,0.0,0.0,0,-107875648.0,69,0.0,138,0.0,2.6474604965001363e+23,0,0,17085,39322,17097,13107,17077,0,0,0,70,68,100,0.0,82.1,0.0,77.6,0.0,78.5,1,49,50,180,0,13107,0,0,0.0,0.0,0.0,0.0,-0.0,67.0,0.0,162057.094,0.0,965,0,986,0,0,0,945,0,1008,0,906,0,786,0,776,0,821,0,7520,0.032,1.2033618204333965e+19,0.0,0.0,784,16797,-0.0,162057.094,-114818.039,-0.0,0.133,6.909358625270745e+28,30.0,70.0,35,0.0,0.0,0.0,0.0,0.0,0.0,0.0,0.0,0.0,0.0,0.0,0.0,0.0,0.0,0.0,0.0,66.4,0,150,71,51,65476,0,300,0,0,8,20529,65476,0,0,44564,70.0,0.0,0.0,0.0,0.0,0.0
2026-09-10T21:58:20,ERR,ERR,ERR,ERR,ERR,ERR,ERR,ERR,ERR,ERR,ERR,ERR,ERR,ERR,ERR,ERR,ERR,ERR,ERR,ERR,ERR,ERR,ERR,ERR,ERR,ERR,ERR,ERR,ERR,ERR,ERR,ERR,ERR,ERR,ERR,ERR,ERR,ERR,ERR,ERR,ERR,ERR,ERR,ERR,ERR,ERR,ERR,ERR,ERR,ERR,ERR,ERR,ERR,ERR,ERR,ERR,ERR,ERR,ERR,ERR,ERR,ERR,ERR,ERR,ERR,ERR,ERR,ERR,ERR,ERR,ERR,ERR,ERR,ERR,ERR,ERR,ERR,ERR,ERR,ERR,ERR,ERR,ERR,ERR,ERR,ERR,ERR,ERR,ERR,ERR,ERR,ERR,ERR,ERR,ERR,ERR,ERR,ERR,ERR,ERR,ERR,ERR,ERR,ERR,ERR,ERR,ERR,ERR,ERR,ERR,ERR,ERR,ERR,ERR,ERR,ERR,ERR,ERR,ERR,ERR,ERR,ERR,ERR,ERR,ERR,0.0,-107615352.0,0.0,0.0,0.0,1.3936040501711995e+18,7.805,0.0,0,0,4,0,7116,0.0,100,0.0,0.0,0.0,0.0,0.0,0,0,0,0,0.0,0,0,0,0,0,0,0,0,0,0,0,0,0,0,0,0,0,0,0,0,0,0,0,0,0,0,0,0,0,0,0,0,0,31,40,40,71,65476,0,300,0,0,8,21553,0.0,-107605600.0,0.0,0.0,0.0,0.0,0.0,0.0,0.0,0.0,0.0,0.0,0.0,0.0,0.0,0.0,0.0,0.0,0.0,0.0,0.0,0.0,-2.004,-2.004,-2.004,2.004,0.0,0.0,0.0,0.0,4513.0,131350.203,6922.0,0.0,-107615352.0,-107615184.0,-107615304.0,0.0,0.0,0.0,0.0,69,-0.0,-2.3088245329045016e+20,0.0,0.0,0.0,0.0,0.0,0.0,0.0,0,0,0,0.0,0.0,0.0,0.0,0.0,0.0,0.0,0.0,0.0,0.0,0.0,0.0,0.0,0.0,0.0,0.0,0,-107875648.0,69,0.0,138,0.0,2.6474604965001363e+23,0,0,17085,39322,17097,13107,17077,0,0,0,70,68,100,0.0,82.1,0.0,77.6,0.0,78.5,1,49,50,180,0,13107,0,0,0.0,0.0,0.0,0.0,-0.0,67.0,0.0,162057.094,0.0,965,0,986,0,0,0,945,0,1008,0,906,0,786,0,776,0,821,0,7520,0.032,1.2033618204333965e+19,0.0,0.0,784,16797,-0.0,162057.094,-114818.039,-0.0,0.133,6.909358625270745e+28,30.0,70.0,35,0.0,0.0,0.0,0.0,0.0,0.0,0.0,0.0,0.0,0.0,0.0,0.0,0.0,0.0,0.0,0.0,66.4,0,150,71,51,65476,0,300,0,0,8,20529,65476,0,0,44564,70.0,0.0,0.0,0.0,0.0,0.0
2026-09-10T21:58:21,ERR,ERR,ERR,ERR,ERR,ERR,ERR,ERR,ERR,ERR,ERR,ERR,ERR,ERR,ERR,ERR,ERR,ERR,ERR,ERR,ERR,ERR,ERR,ERR,ERR,ERR,ERR,ERR,ERR,ERR,ERR,ERR,ERR,ERR,ERR,ERR,ERR,ERR,ERR,ERR,ERR,ERR,ERR,ERR,ERR,ERR,ERR,ERR,ERR,ERR,ERR,ERR,ERR,ERR,ERR,ERR,ERR,ERR,ERR,ERR,ERR,ERR,ERR,ERR,ERR,ERR,ERR,ERR,ERR,ERR,ERR,ERR,ERR,ERR,ERR,ERR,ERR,ERR,ERR,ERR,ERR,ERR,ERR,ERR,ERR,ERR,ERR,ERR,ERR,ERR,ERR,ERR,ERR,ERR,ERR,ERR,ERR,ERR,ERR,ERR,ERR,ERR,ERR,ERR,ERR,ERR,ERR,ERR,ERR,ERR,ERR,ERR,ERR,ERR,ERR,ERR,ERR,ERR,ERR,ERR,ERR,ERR,ERR,ERR,ERR,0.0,-107615352.0,0.0,0.0,0.0,1.3936040501711995e+18,7.805,0.0,0,0,4,0,7116,0.0,100,0.0,0.0,0.0,0.0,0.0,0,0,0,0,0.0,0,0,0,0,0,0,0,0,0,0,0,0,0,0,0,0,0,0,0,0,0,0,0,0,0,0,0,0,0,0,0,0,0,31,40,40,71,65476,0,300,0,0,8,21553,0.0,-107605600.0,0.0,0.0,0.0,0.0,0.0,0.0,0.0,0.0,0.0,0.0,0.0,0.0,0.0,0.0,0.0,0.0,0.0,0.0,0.0,0.0,-2.004,-2.004,-2.004,2.004,0.0,0.0,0.0,0.0,4513.0,131350.203,6922.0,0.0,-107615352.0,-107615184.0,-107615304.0,0.0,0.0,0.0,0.0,69,-0.0,-2.3088245329045016e+20,0.0,0.0,0.0,0.0,0.0,0.0,0.0,0,0,0,0.0,0.0,0.0,0.0,0.0,0.0,0.0,0.0,0.0,0.0,0.0,0.0,0.0,0.0,0.0,0.0,0,-107875648.0,69,0.0,138,0.0,2.6474604965001363e+23,0,0,17085,39322,17097,13107,17077,0,0,0,70,68,100,0.0,82.1,0.0,77.6,0.0,78.5,1,49,50,180,0,13107,0,0,0.0,0.0,0.0,0.0,-0.0,67.0,0.0,162057.094,0.0,965,0,986,0,0,0,945,0,1008,0,906,0,786,0,776,0,821,0,7520,0.032,1.2033618204333965e+19,0.0,0.0,784,16797,-0.0,162057.094,-114818.039,-0.0,0.133,6.909358625270745e+28,30.0,70.0,35,0.0,0.0,0.0,0.0,0.0,0.0,0.0,0.0,0.0,0.0,0.0,0.0,0.0,0.0,0.0,0.0,66.4,0,150,71,51,65476,0,300,0,0,8,20529,65476,0,0,44564,70.0,0.0,0.0,0.0,0.0,0.0
2026-09-10T21:58:22,ERR,ERR,ERR,ERR,ERR,ERR,ERR,ERR,ERR,ERR,ERR,ERR,ERR,ERR,ERR,ERR,ERR,ERR,ERR,ERR,ERR,ERR,ERR,ERR,ERR,ERR,ERR,ERR,ERR,ERR,ERR,ERR,ERR,ERR,ERR,ERR,ERR,ERR,ERR,ERR,ERR,ERR,ERR,ERR,ERR,ERR,ERR,ERR,ERR,ERR,ERR,ERR,ERR,ERR,ERR,ERR,ERR,ERR,ERR,ERR,ERR,ERR,ERR,ERR,ERR,ERR,ERR,ERR,ERR,ERR,ERR,ERR,ERR,ERR,ERR,ERR,ERR,ERR,ERR,ERR,ERR,ERR,ERR,ERR,ERR,ERR,ERR,ERR,ERR,ERR,ERR,ERR,ERR,ERR,ERR,ERR,ERR,ERR,ERR,ERR,ERR,ERR,ERR,ERR,ERR,ERR,ERR,ERR,ERR,ERR,ERR,ERR,ERR,ERR,ERR,ERR,ERR,ERR,ERR,ERR,ERR,ERR,ERR,ERR,ERR,0.0,-107615352.0,0.0,0.0,0.0,1.3936040501711995e+18,7.805,0.0,0,0,4,0,7116,0.0,100,0.0,0.0,0.0,0.0,0.0,0,0,0,0,0.0,0,0,0,0,0,0,0,0,0,0,0,0,0,0,0,0,0,0,0,0,0,0,0,0,0,0,0,0,0,0,0,0,0,31,40,40,71,65476,0,300,0,0,8,21553,0.0,-107605600.0,0.0,0.0,0.0,0.0,0.0,0.0,0.0,0.0,0.0,0.0,0.0,0.0,0.0,0.0,0.0,0.0,0.0,0.0,0.0,0.0,-2.004,-2.004,-2.004,2.004,0.0,0.0,0.0,0.0,4513.0,131350.203,6922.0,0.0,-107615352.0,-107615184.0,-107615304.0,0.0,0.0,0.0,0.0,69,-0.0,-2.3088245329045016e+20,0.0,0.0,0.0,0.0,0.0,0.0,0.0,0,0,0,0.0,0.0,0.0,0.0,0.0,0.0,0.0,0.0,0.0,0.0,0.0,0.0,0.0,0.0,0.0,0.0,0,-107875648.0,69,0.0,138,0.0,2.6474604965001363e+23,0,0,17085,39322,17097,13107,17077,0,0,0,70,68,100,0.0,82.1,0.0,77.6,0.0,78.5,1,49,50,180,0,13107,0,0,0.0,0.0,0.0,0.0,-0.0,67.0,0.0,162057.094,0.0,965,0,986,0,0,0,945,0,1004,0,906,0,786,0,776,0,821,0,7520,0.032,1.1961560610296037e+19,0.0,0.0,784,16797,-0.0,162057.094,-114818.039,-0.0,0.133,6.909358625270745e+28,30.0,70.0,35,0.0,0.0,0.0,0.0,0.0,0.0,0.0,0.0,0.0,0.0,0.0,0.0,0.0,0.0,0.0,0.0,66.4,0,150,71,51,65476,0,300,0,0,8,20529,65476,0,0,44564,70.0,0.0,0.0,0.0,0.0,0.0
2026-09-10T21:58:23,ERR,ERR,ERR,ERR,ERR,ERR,ERR,ERR,ERR,ERR,ERR,ERR,ERR,ERR,ERR,ERR,ERR,ERR,ERR,ERR,ERR,ERR,ERR,ERR,ERR,ERR,ERR,ERR,ERR,ERR,ERR,ERR,ERR,ERR,ERR,ERR,ERR,ERR,ERR,ERR,ERR,ERR,ERR,ERR,ERR,ERR,ERR,ERR,ERR,ERR,ERR,ERR,ERR,ERR,ERR,ERR,ERR,ERR,ERR,ERR,ERR,ERR,ERR,ERR,ERR,ERR,ERR,ERR,ERR,ERR,ERR,ERR,ERR,ERR,ERR,ERR,ERR,ERR,ERR,ERR,ERR,ERR,ERR,ERR,ERR,ERR,ERR,ERR,ERR,ERR,ERR,ERR,ERR,ERR,ERR,ERR,ERR,ERR,ERR,ERR,ERR,ERR,ERR,ERR,ERR,ERR,ERR,ERR,ERR,ERR,ERR,ERR,ERR,ERR,ERR,ERR,ERR,ERR,ERR,ERR,ERR,ERR,ERR,ERR,ERR,0.0,-107615352.0,0.0,0.0,0.0,1.3936040501711995e+18,7.805,0.0,0,0,4,0,7116,0.0,100,0.0,0.0,0.0,0.0,0.0,0,0,0,0,0.0,0,0,0,0,0,0,0,0,0,0,0,0,0,0,0,0,0,0,0,0,0,0,0,0,0,0,0,0,0,0,0,0,0,31,40,40,71,65476,0,300,0,0,8,21553,0.0,-107605600.0,0.0,0.0,0.0,0.0,0.0,0.0,0.0,0.0,0.0,0.0,0.0,0.0,0.0,0.0,0.0,0.0,0.0,0.0,0.0,0.0,-2.004,-2.004,-2.004,2.004,0.0,0.0,0.0,0.0,4513.0,131350.203,6922.0,0.0,-107615352.0,-107615184.0,-107615304.0,0.0,0.0,0.0,0.0,69,-0.0,-2.3088245329045016e+20,0.0,0.0,0.0,0.0,0.0,0.0,0.0,0,0,0,0.0,0.0,0.0,0.0,0.0,0.0,0.0,0.0,0.0,0.0,0.0,0.0,0.0,0.0,0.0,0.0,0,-107875648.0,69,0.0,138,0.0,2.6474604965001363e+23,0,0,17085,39322,17097,13107,17077,0,0,0,70,68,100,0.0,82.1,0.0,77.6,0.0,78.5,1,49,50,180,0,13107,0,0,0.0,0.0,0.0,0.0,-0.0,67.0,0.0,162057.094,0.0,965,0,986,0,0,0,945,0,1004,0,906,0,786,0,776,0,821,0,7520,0.032,1.1961560610296037e+19,0.0,0.0,784,16797,-0.0,162057.094,-114818.039,-0.0,0.133,6.909358625270745e+28,30.0,70.0,35,0.0,0.0,0.0,0.0,0.0,0.0,0.0,0.0,0.0,0.0,0.0,0.0,0.0,0.0,0.0,0.0,66.4,0,150,71,51,65476,0,300,0,0,8,20529,65476,0,0,44564,70.0,0.0,0.0,0.0,0.0,0.0
2026-09-10T21:58:24,ERR,ERR,ERR,ERR,ERR,ERR,ERR,ERR,ERR,ERR,ERR,ERR,ERR,ERR,ERR,ERR,ERR,ERR,ERR,ERR,ERR,ERR,ERR,ERR,ERR,ERR,ERR,ERR,ERR,ERR,ERR,ERR,ERR,ERR,ERR,ERR,ERR,ERR,ERR,ERR,ERR,ERR,ERR,ERR,ERR,ERR,ERR,ERR,ERR,ERR,ERR,ERR,ERR,ERR,ERR,ERR,ERR,ERR,ERR,ERR,ERR,ERR,ERR,ERR,ERR,ERR,ERR,ERR,ERR,ERR,ERR,ERR,ERR,ERR,ERR,ERR,ERR,ERR,ERR,ERR,ERR,ERR,ERR,ERR,ERR,ERR,ERR,ERR,ERR,ERR,ERR,ERR,ERR,ERR,ERR,ERR,ERR,ERR,ERR,ERR,ERR,ERR,ERR,ERR,ERR,ERR,ERR,ERR,ERR,ERR,ERR,ERR,ERR,ERR,ERR,ERR,ERR,ERR,ERR,ERR,ERR,ERR,ERR,ERR,ERR,0.0,-107615352.0,0.0,0.0,0.0,1.3936040501711995e+18,7.805,0.0,0,0,4,0,7116,0.0,100,0.0,0.0,0.0,0.0,0.0,0,0,0,0,0.0,0,0,0,0,0,0,0,0,0,0,0,0,0,0,0,0,0,0,0,0,0,0,0,0,0,0,0,0,0,0,0,0,0,31,40,40,71,65476,0,300,0,0,8,21553,0.0,-107605600.0,0.0,0.0,0.0,0.0,0.0,0.0,0.0,0.0,0.0,0.0,0.0,0.0,0.0,0.0,0.0,0.0,0.0,0.0,0.0,0.0,-2.004,-2.004,-2.004,2.004,0.0,0.0,0.0,0.0,4513.0,131350.203,6922.0,0.0,-107615352.0,-107615184.0,-107615304.0,0.0,0.0,0.0,0.0,69,-0.0,-2.3088245329045016e+20,0.0,0.0,0.0,0.0,0.0,0.0,0.0,0,0,0,0.0,0.0,0.0,0.0,0.0,0.0,0.0,0.0,0.0,0.0,0.0,0.0,0.0,0.0,0.0,0.0,0,-107875648.0,69,0.0,138,0.0,2.6474604965001363e+23,0,0,17085,39322,17097,13107,17077,0,0,0,70,68,100,0.0,82.1,0.0,77.6,0.0,78.5,1,49,50,180,0,13107,0,0,0.0,0.0,0.0,0.0,-0.0,67.0,0.0,162057.094,0.0,965,0,986,0,0,0,945,0,1004,0,906,0,786,0,776,0,821,0,7520,0.032,1.1961560610296037e+19,0.0,0.0,784,16797,-0.0,162057.094,-114818.039,-0.0,0.133,6.909358625270745e+28,30.0,70.0,35,0.0,0.0,0.0,0.0,0.0,0.0,0.0,0.0,0.0,0.0,0.0,0.0,0.0,0.0,0.0,0.0,66.4,0,150,71,51,65476,0,300,0,0,8,20529,65476,0,0,44564,70.0,0.0,0.0,0.0,0.0,0.0
2026-09-10T21:58:25,ERR,ERR,ERR,ERR,ERR,ERR,ERR,ERR,ERR,ERR,ERR,ERR,ERR,ERR,ERR,ERR,ERR,ERR,ERR,ERR,ERR,ERR,ERR,ERR,ERR,ERR,ERR,ERR,ERR,ERR,ERR,ERR,ERR,ERR,ERR,ERR,ERR,ERR,ERR,ERR,ERR,ERR,ERR,ERR,ERR,ERR,ERR,ERR,ERR,ERR,ERR,ERR,ERR,ERR,ERR,ERR,ERR,ERR,ERR,ERR,ERR,ERR,ERR,ERR,ERR,ERR,ERR,ERR,ERR,ERR,ERR,ERR,ERR,ERR,ERR,ERR,ERR,ERR,ERR,ERR,ERR,ERR,ERR,ERR,ERR,ERR,ERR,ERR,ERR,ERR,ERR,ERR,ERR,ERR,ERR,ERR,ERR,ERR,ERR,ERR,ERR,ERR,ERR,ERR,ERR,ERR,ERR,ERR,ERR,ERR,ERR,ERR,ERR,ERR,ERR,ERR,ERR,ERR,ERR,ERR,ERR,ERR,ERR,ERR,ERR,0.0,-107615352.0,0.0,0.0,0.0,1.3936040501711995e+18,7.805,0.0,0,0,4,0,7116,0.0,100,0.0,0.0,0.0,0.0,0.0,0,0,0,0,0.0,0,0,0,0,0,0,0,0,0,0,0,0,0,0,0,0,0,0,0,0,0,0,0,0,0,0,0,0,0,0,0,0,0,31,40,40,71,65476,0,300,0,0,8,21553,0.0,-107605600.0,0.0,0.0,0.0,0.0,0.0,0.0,0.0,0.0,0.0,0.0,0.0,0.0,0.0,0.0,0.0,0.0,0.0,0.0,0.0,0.0,-2.004,-2.004,-2.004,2.004,0.0,0.0,0.0,0.0,4512.0,0.0,6919.0,0.0,-107615352.0,-107615184.0,-107615304.0,0.0,0.0,0.0,0.0,69,-0.0,-71.629,0.0,0.0,0.0,0.0,0.0,0.0,0.0,0,0,0,0.0,0.0,0.0,0.0,0.0,0.0,0.0,0.0,0.0,0.0,0.0,0.0,0.0,0.0,0.0,0.0,0,-107875648.0,69,0.0,138,0.0,2.6474604965001363e+23,0,0,17085,39322,17097,13107,17077,0,0,0,70,68,100,0.0,82.1,0.0,77.6,0.0,78.5,1,49,50,180,0,13107,0,0,0.0,0.0,0.0,0.0,-0.0,67.0,0.0,162057.094,0.0,965,0,986,0,0,0,945,0,1008,0,906,0,786,0,776,0,821,0,7520,0.032,1.2033618204333965e+19,0.0,0.0,784,16797,-0.0,162057.094,-114818.039,-0.0,0.133,6.909358625270745e+28,30.0,70.0,35,0.0,0.0,0.0,0.0,0.0,0.0,0.0,0.0,0.0,0.0,0.0,0.0,0.0,0.0,0.0,0.0,66.4,0,150,71,51,65476,0,300,0,0,8,20529,65476,0,0,44564,70.0,0.0,0.0,0.0,0.0,0.0
2026-09-10T21:58:26,ERR,ERR,ERR,ERR,ERR,ERR,ERR,ERR,ERR,ERR,ERR,ERR,ERR,ERR,ERR,ERR,ERR,ERR,ERR,ERR,ERR,ERR,ERR,ERR,ERR,ERR,ERR,ERR,ERR,ERR,ERR,ERR,ERR,ERR,ERR,ERR,ERR,ERR,ERR,ERR,ERR,ERR,ERR,ERR,ERR,ERR,ERR,ERR,ERR,ERR,ERR,ERR,ERR,ERR,ERR,ERR,ERR,ERR,ERR,ERR,ERR,ERR,ERR,ERR,ERR,ERR,ERR,ERR,ERR,ERR,ERR,ERR,ERR,ERR,ERR,ERR,ERR,ERR,ERR,ERR,ERR,ERR,ERR,ERR,ERR,ERR,ERR,ERR,ERR,ERR,ERR,ERR,ERR,ERR,ERR,ERR,ERR,ERR,ERR,ERR,ERR,ERR,ERR,ERR,ERR,ERR,ERR,ERR,ERR,ERR,ERR,ERR,ERR,ERR,ERR,ERR,ERR,ERR,ERR,ERR,ERR,ERR,ERR,ERR,ERR,0.0,-107615352.0,0.0,0.0,0.0,1.3936040501711995e+18,7.805,0.0,0,0,4,0,7116,0.0,100,0.0,0.0,0.0,0.0,0.0,0,0,0,0,0.0,0,0,0,0,0,0,0,0,0,0,0,0,0,0,0,0,0,0,0,0,0,0,0,0,0,0,0,0,0,0,0,0,0,31,40,40,71,65476,0,300,0,0,8,21553,0.0,-107605600.0,0.0,0.0,0.0,0.0,0.0,0.0,0.0,0.0,0.0,0.0,0.0,0.0,0.0,0.0,0.0,0.0,0.0,0.0,0.0,0.0,-2.004,-2.004,-2.004,2.004,0.0,0.0,0.0,0.0,4512.0,0.0,6919.0,0.0,-107615352.0,-107615184.0,-107615304.0,0.0,0.0,0.0,0.0,69,-0.0,-71.629,0.0,0.0,0.0,0.0,0.0,0.0,0.0,0,0,0,0.0,0.0,0.0,0.0,0.0,0.0,0.0,0.0,0.0,0.0,0.0,0.0,0.0,0.0,0.0,0.0,0,-107875648.0,69,0.0,138,0.0,2.6474604965001363e+23,0,0,17085,39322,17097,13107,17077,0,0,0,70,68,100,0.0,82.1,0.0,77.6,0.0,78.5,1,49,50,180,0,13107,0,0,0.0,0.0,0.0,0.0,-0.0,67.0,0.0,162057.094,0.0,965,0,986,0,0,0,945,0,1008,0,906,0,786,0,776,0,821,0,7520,0.032,1.2033618204333965e+19,0.0,0.0,784,16797,-0.0,162057.094,-114818.039,-0.0,0.133,6.909358625270745e+28,30.0,70.0,35,0.0,0.0,0.0,0.0,0.0,0.0,0.0,0.0,0.0,0.0,0.0,0.0,0.0,0.0,0.0,0.0,66.4,0,150,71,51,65476,0,300,0,0,8,20529,65476,0,0,44564,70.0,0.0,0.0,0.0,0.0,0.0
2026-09-10T21:58:27,ERR,ERR,ERR,ERR,ERR,ERR,ERR,ERR,ERR,ERR,ERR,ERR,ERR,ERR,ERR,ERR,ERR,ERR,ERR,ERR,ERR,ERR,ERR,ERR,ERR,ERR,ERR,ERR,ERR,ERR,ERR,ERR,ERR,ERR,ERR,ERR,ERR,ERR,ERR,ERR,ERR,ERR,ERR,ERR,ERR,ERR,ERR,ERR,ERR,ERR,ERR,ERR,ERR,ERR,ERR,ERR,ERR,ERR,ERR,ERR,ERR,ERR,ERR,ERR,ERR,ERR,ERR,ERR,ERR,ERR,ERR,ERR,ERR,ERR,ERR,ERR,ERR,ERR,ERR,ERR,ERR,ERR,ERR,ERR,ERR,ERR,ERR,ERR,ERR,ERR,ERR,ERR,ERR,ERR,ERR,ERR,ERR,ERR,ERR,ERR,ERR,ERR,ERR,ERR,ERR,ERR,ERR,ERR,ERR,ERR,ERR,ERR,ERR,ERR,ERR,ERR,ERR,ERR,ERR,ERR,ERR,ERR,ERR,ERR,ERR,0.0,-107615352.0,0.0,0.0,0.0,1.3936040501711995e+18,7.805,0.0,0,0,4,0,7116,0.0,100,0.0,0.0,0.0,0.0,0.0,0,0,0,0,0.0,0,0,0,0,0,0,0,0,0,0,0,0,0,0,0,0,0,0,0,0,0,0,0,0,0,0,0,0,0,0,0,0,0,31,40,40,71,65476,0,300,0,0,8,21553,0.0,-107605600.0,0.0,0.0,0.0,0.0,0.0,0.0,0.0,0.0,0.0,0.0,0.0,0.0,0.0,0.0,0.0,0.0,0.0,0.0,0.0,0.0,-2.004,-2.004,-2.004,2.004,0.0,0.0,0.0,0.0,4512.0,0.0,6919.0,0.0,-107615352.0,-107615184.0,-107615304.0,0.0,0.0,0.0,0.0,69,-0.0,-71.629,0.0,0.0,0.0,0.0,0.0,0.0,0.0,0,0,0,0.0,0.0,0.0,0.0,0.0,0.0,0.0,0.0,0.0,0.0,0.0,0.0,0.0,0.0,0.0,0.0,0,-107875648.0,69,0.0,138,0.0,2.6474604965001363e+23,0,0,17085,39322,17097,13107,17077,0,0,0,70,68,100,0.0,82.1,0.0,77.6,0.0,78.5,1,49,50,180,0,13107,0,0,0.0,0.0,0.0,0.0,-0.0,67.0,0.0,162057.094,0.0,965,0,986,0,0,0,945,0,1008,0,906,0,786,0,776,0,821,0,7520,0.032,1.2033618204333965e+19,0.0,0.0,784,16797,-0.0,162057.094,-114818.039,-0.0,0.133,6.909358625270745e+28,30.0,70.0,35,0.0,0.0,0.0,0.0,0.0,0.0,0.0,0.0,0.0,0.0,0.0,0.0,0.0,0.0,0.0,0.0,66.8,0,150,71,51,65476,0,300,0,0,8,20529,65476,0,0,44564,70.0,0.0,0.0,0.0,0.0,0.0
2026-09-10T21:58:28,ERR,ERR,ERR,ERR,ERR,ERR,ERR,ERR,ERR,ERR,ERR,ERR,ERR,ERR,ERR,ERR,ERR,ERR,ERR,ERR,ERR,ERR,ERR,ERR,ERR,ERR,ERR,ERR,ERR,ERR,ERR,ERR,ERR,ERR,ERR,ERR,ERR,ERR,ERR,ERR,ERR,ERR,ERR,ERR,ERR,ERR,ERR,ERR,ERR,ERR,ERR,ERR,ERR,ERR,ERR,ERR,ERR,ERR,ERR,ERR,ERR,ERR,ERR,ERR,ERR,ERR,ERR,ERR,ERR,ERR,ERR,ERR,ERR,ERR,ERR,ERR,ERR,ERR,ERR,ERR,ERR,ERR,ERR,ERR,ERR,ERR,ERR,ERR,ERR,ERR,ERR,ERR,ERR,ERR,ERR,ERR,ERR,ERR,ERR,ERR,ERR,ERR,ERR,ERR,ERR,ERR,ERR,ERR,ERR,ERR,ERR,ERR,ERR,ERR,ERR,ERR,ERR,ERR,ERR,ERR,ERR,ERR,ERR,ERR,ERR,0.0,-107615352.0,0.0,0.0,0.0,1.3936040501711995e+18,7.805,0.0,0,0,4,0,7116,0.0,100,0.0,0.0,0.0,0.0,0.0,0,0,0,0,0.0,0,0,0,0,0,0,0,0,0,0,0,0,0,0,0,0,0,0,0,0,0,0,0,0,0,0,0,0,0,0,0,0,0,31,40,40,71,65476,0,300,0,0,8,21553,0.0,-107605600.0,0.0,0.0,0.0,0.0,0.0,0.0,0.0,0.0,0.0,0.0,0.0,0.0,0.0,0.0,0.0,0.0,0.0,0.0,0.0,0.0,-2.004,-2.004,-2.004,2.004,0.0,0.0,0.0,0.0,4512.0,0.0,6919.0,0.0,-107615352.0,-107615184.0,-107615304.0,0.0,0.0,0.0,0.0,69,-0.0,-71.629,0.0,0.0,0.0,0.0,0.0,0.0,0.0,0,0,0,0.0,0.0,0.0,0.0,0.0,0.0,0.0,0.0,0.0,0.0,0.0,0.0,0.0,0.0,0.0,0.0,0,-107875648.0,69,0.0,138,0.0,2.6474604965001363e+23,0,0,17085,39322,17097,13107,17077,0,0,0,70,68,100,0.0,82.1,0.0,77.6,0.0,78.5,1,49,50,180,0,13107,0,0,0.0,0.0,0.0,0.0,-0.0,67.0,0.0,162057.094,0.0,965,0,986,0,0,0,945,0,1008,0,906,0,786,0,776,0,821,0,7520,0.032,1.2033618204333965e+19,0.0,0.0,784,16797,-0.0,162057.094,-114818.039,-0.0,0.133,6.909358625270745e+28,30.0,70.0,35,0.0,0.0,0.0,0.0,0.0,0.0,0.0,0.0,0.0,0.0,0.0,0.0,0.0,0.0,0.0,0.0,66.8,0,150,71,51,65476,0,300,0,0,8,20529,65476,0,0,44564,70.0,0.0,0.0,0.0,0.0,0.0
2026-09-10T21:58:29,ERR,ERR,ERR,ERR,ERR,ERR,ERR,ERR,ERR,ERR,ERR,ERR,ERR,ERR,ERR,ERR,ERR,ERR,ERR,ERR,ERR,ERR,ERR,ERR,ERR,ERR,ERR,ERR,ERR,ERR,ERR,ERR,ERR,ERR,ERR,ERR,ERR,ERR,ERR,ERR,ERR,ERR,ERR,ERR,ERR,ERR,ERR,ERR,ERR,ERR,ERR,ERR,ERR,ERR,ERR,ERR,ERR,ERR,ERR,ERR,ERR,ERR,ERR,ERR,ERR,ERR,ERR,ERR,ERR,ERR,ERR,ERR,ERR,ERR,ERR,ERR,ERR,ERR,ERR,ERR,ERR,ERR,ERR,ERR,ERR,ERR,ERR,ERR,ERR,ERR,ERR,ERR,ERR,ERR,ERR,ERR,ERR,ERR,ERR,ERR,ERR,ERR,ERR,ERR,ERR,ERR,ERR,ERR,ERR,ERR,ERR,ERR,ERR,ERR,ERR,ERR,ERR,ERR,ERR,ERR,ERR,ERR,ERR,ERR,ERR,0.0,-107615352.0,0.0,0.0,0.0,1.3936040501711995e+18,7.805,0.0,0,0,4,0,7116,0.0,100,0.0,0.0,0.0,0.0,0.0,0,0,0,0,0.0,0,0,0,0,0,0,0,0,0,0,0,0,0,0,0,0,0,0,0,0,0,0,0,0,0,0,0,0,0,0,0,0,0,31,40,40,71,65476,0,300,0,0,8,21553,0.0,-107605600.0,0.0,0.0,0.0,0.0,0.0,0.0,0.0,0.0,0.0,0.0,0.0,0.0,0.0,0.0,0.0,0.0,0.0,0.0,0.0,0.0,-2.004,-2.004,-2.004,2.004,0.0,0.0,0.0,0.0,4512.0,0.0,6919.0,0.0,-107615352.0,-107615184.0,-107615304.0,0.0,0.0,0.0,0.0,69,-0.0,-71.629,0.0,0.0,0.0,0.0,0.0,0.0,0.0,0,0,0,0.0,0.0,0.0,0.0,0.0,0.0,0.0,0.0,0.0,0.0,0.0,0.0,0.0,0.0,0.0,0.0,0,-107875648.0,69,0.0,138,0.0,2.6474604965001363e+23,0,0,17085,39322,17097,13107,17077,0,0,0,70,68,100,0.0,82.1,0.0,77.6,0.0,78.5,1,49,50,180,0,13107,0,0,0.0,0.0,0.0,0.0,-0.0,67.0,0.0,162057.094,0.0,965,0,986,0,0,0,945,0,1008,0,906,0,786,0,776,0,821,0,7520,0.032,1.2033618204333965e+19,0.0,0.0,784,16797,-0.0,162057.094,-114818.039,-0.0,0.133,6.909358625270745e+28,30.0,70.0,35,0.0,0.0,0.0,0.0,0.0,0.0,0.0,0.0,0.0,0.0,0.0,0.0,0.0,0.0,0.0,0.0,66.8,0,150,71,51,65476,0,300,0,0,8,20529,65476,0,0,44564,70.0,0.0,0.0,0.0,0.0,0.0
2026-09-10T21:58:30,ERR,ERR,ERR,ERR,ERR,ERR,ERR,ERR,ERR,ERR,ERR,ERR,ERR,ERR,ERR,ERR,ERR,ERR,ERR,ERR,ERR,ERR,ERR,ERR,ERR,ERR,ERR,ERR,ERR,ERR,ERR,ERR,ERR,ERR,ERR,ERR,ERR,ERR,ERR,ERR,ERR,ERR,ERR,ERR,ERR,ERR,ERR,ERR,ERR,ERR,ERR,ERR,ERR,ERR,ERR,ERR,ERR,ERR,ERR,ERR,ERR,ERR,ERR,ERR,ERR,ERR,ERR,ERR,ERR,ERR,ERR,ERR,ERR,ERR,ERR,ERR,ERR,ERR,ERR,ERR,ERR,ERR,ERR,ERR,ERR,ERR,ERR,ERR,ERR,ERR,ERR,ERR,ERR,ERR,ERR,ERR,ERR,ERR,ERR,ERR,ERR,ERR,ERR,ERR,ERR,ERR,ERR,ERR,ERR,ERR,ERR,ERR,ERR,ERR,ERR,ERR,ERR,ERR,ERR,ERR,ERR,ERR,ERR,ERR,ERR,0.0,-107615352.0,0.0,0.0,0.0,1.3936040501711995e+18,7.805,0.0,0,0,4,0,7116,0.0,100,0.0,0.0,0.0,0.0,0.0,0,0,0,0,0.0,0,0,0,0,0,0,0,0,0,0,0,0,0,0,0,0,0,0,0,0,0,0,0,0,0,0,0,0,0,0,0,0,0,31,40,40,71,65476,0,300,0,0,8,21553,0.0,-107605600.0,0.0,0.0,0.0,0.0,0.0,0.0,0.0,0.0,0.0,0.0,0.0,0.0,0.0,0.0,0.0,0.0,0.0,0.0,0.0,0.0,-2.004,-2.004,-2.004,2.004,0.0,0.0,0.0,0.0,4512.0,0.0,6919.0,0.0,-107615352.0,-107615184.0,-107615304.0,0.0,0.0,0.0,0.0,69,-0.0,-71.629,0.0,0.0,0.0,0.0,0.0,0.0,0.0,0,0,0,0.0,0.0,0.0,0.0,0.0,0.0,0.0,0.0,0.0,0.0,0.0,0.0,0.0,0.0,0.0,0.0,0,-107875648.0,69,0.0,138,0.0,2.6474604965001363e+23,0,0,17085,39322,17097,13107,17077,0,0,0,70,68,100,0.0,82.1,0.0,77.6,0.0,78.5,1,49,50,180,0,13107,0,0,0.0,0.0,0.0,0.0,-0.0,67.0,0.0,162057.094,0.0,965,0,986,0,0,0,945,0,1008,0,906,0,786,0,776,0,821,0,7520,0.032,1.2033618204333965e+19,0.0,0.0,784,16797,-0.0,162057.094,-114818.039,-0.0,0.133,6.909358625270745e+28,30.0,70.0,35,0.0,0.0,0.0,0.0,0.0,0.0,0.0,0.0,0.0,0.0,0.0,0.0,0.0,0.0,0.0,0.0,66.8,0,150,71,51,65476,0,300,0,0,8,20529,65476,0,0,44564,70.0,0.0,0.0,0.0,0.0,0.0
2026-09-10T21:58:31,ERR,ERR,ERR,ERR,ERR,ERR,ERR,ERR,ERR,ERR,ERR,ERR,ERR,ERR,ERR,ERR,ERR,ERR,ERR,ERR,ERR,ERR,ERR,ERR,ERR,ERR,ERR,ERR,ERR,ERR,ERR,ERR,ERR,ERR,ERR,ERR,ERR,ERR,ERR,ERR,ERR,ERR,ERR,ERR,ERR,ERR,ERR,ERR,ERR,ERR,ERR,ERR,ERR,ERR,ERR,ERR,ERR,ERR,ERR,ERR,ERR,ERR,ERR,ERR,ERR,ERR,ERR,ERR,ERR,ERR,ERR,ERR,ERR,ERR,ERR,ERR,ERR,ERR,ERR,ERR,ERR,ERR,ERR,ERR,ERR,ERR,ERR,ERR,ERR,ERR,ERR,ERR,ERR,ERR,ERR,ERR,ERR,ERR,ERR,ERR,ERR,ERR,ERR,ERR,ERR,ERR,ERR,ERR,ERR,ERR,ERR,ERR,ERR,ERR,ERR,ERR,ERR,ERR,ERR,ERR,ERR,ERR,ERR,ERR,ERR,0.0,-107615352.0,0.0,0.0,0.0,1.3936040501711995e+18,7.805,0.0,0,0,4,0,7116,0.0,100,0.0,0.0,0.0,0.0,0.0,0,0,0,0,0.0,0,0,0,0,0,0,0,0,0,0,0,0,0,0,0,0,0,0,0,0,0,0,0,0,0,0,0,0,0,0,0,0,0,31,40,40,71,65476,0,300,0,0,8,21553,0.0,-107605600.0,0.0,0.0,0.0,0.0,0.0,0.0,0.0,0.0,0.0,0.0,0.0,0.0,0.0,0.0,0.0,0.0,0.0,0.0,0.0,0.0,0.0,-2.004,-2.004,2.004,0.0,0.0,0.0,0.0,4512.0,2.004,6920.0,0.0,-107615352.0,-107615184.0,-107615304.0,0.0,0.0,0.0,0.0,69,-0.0,-107614624.0,0.0,0.0,0.0,0.0,0.0,0.0,0.0,0,0,0,0.0,0.0,0.0,0.0,0.0,0.0,0.0,0.0,0.0,0.0,0.0,0.0,0.0,0.0,0.0,0.0,0,-107875648.0,69,0.0,138,0.0,2.6474604965001363e+23,0,0,17085,39322,17097,13107,17077,0,0,0,70,68,100,0.0,82.1,0.0,77.6,0.0,78.5,1,49,50,180,0,13107,0,0,0.0,0.0,0.0,0.0,-0.0,67.0,0.0,162057.094,0.0,965,0,986,0,0,0,945,0,1008,0,906,0,786,0,776,0,821,0,7520,0.032,1.2033618204333965e+19,0.0,0.0,784,16797,-0.0,162057.094,-114818.039,-0.0,0.133,6.909358625270745e+28,30.0,70.0,35,0.0,0.0,0.0,0.0,0.0,0.0,0.0,0.0,0.0,0.0,0.0,0.0,0.0,0.0,0.0,0.0,66.8,0,150,71,51,65476,0,300,0,0,8,20529,65476,0,0,44564,70.0,0.0,0.0,0.0,0.0,0.0
2026-09-10T21:58:32,ERR,ERR,ERR,ERR,ERR,ERR,ERR,ERR,ERR,ERR,ERR,ERR,ERR,ERR,ERR,ERR,ERR,ERR,ERR,ERR,ERR,ERR,ERR,ERR,ERR,ERR,ERR,ERR,ERR,ERR,ERR,ERR,ERR,ERR,ERR,ERR,ERR,ERR,ERR,ERR,ERR,ERR,ERR,ERR,ERR,ERR,ERR,ERR,ERR,ERR,ERR,ERR,ERR,ERR,ERR,ERR,ERR,ERR,ERR,ERR,ERR,ERR,ERR,ERR,ERR,ERR,ERR,ERR,ERR,ERR,ERR,ERR,ERR,ERR,ERR,ERR,ERR,ERR,ERR,ERR,ERR,ERR,ERR,ERR,ERR,ERR,ERR,ERR,ERR,ERR,ERR,ERR,ERR,ERR,ERR,ERR,ERR,ERR,ERR,ERR,ERR,ERR,ERR,ERR,ERR,ERR,ERR,ERR,ERR,ERR,ERR,ERR,ERR,ERR,ERR,ERR,ERR,ERR,ERR,ERR,ERR,ERR,ERR,ERR,ERR,0.0,-107615352.0,0.0,0.0,0.0,1.3936040501711995e+18,7.805,0.0,0,0,4,0,7116,0.0,100,0.0,0.0,0.0,0.0,0.0,0,0,0,0,0.0,0,0,0,0,0,0,0,0,0,0,0,0,0,0,0,0,0,0,0,0,0,0,0,0,0,0,0,0,0,0,0,0,0,31,40,40,71,65476,0,300,0,0,8,21553,0.0,-107605600.0,0.0,0.0,0.0,0.0,0.0,0.0,0.0,0.0,0.0,0.0,0.0,0.0,0.0,0.0,0.0,0.0,0.0,0.0,0.0,0.0,0.0,-2.004,-2.004,2.004,0.0,0.0,0.0,0.0,4512.0,2.004,6920.0,0.0,-107615352.0,-107615184.0,-107615304.0,0.0,0.0,0.0,0.0,69,-0.0,-107614624.0,0.0,0.0,0.0,0.0,0.0,0.0,0.0,0,0,0,0.0,0.0,0.0,0.0,0.0,0.0,0.0,0.0,0.0,0.0,0.0,0.0,0.0,0.0,0.0,0.0,0,-107875648.0,69,0.0,138,0.0,2.6474604965001363e+23,0,0,17085,39322,17097,13107,17077,0,0,0,70,68,100,0.0,82.1,0.0,77.6,0.0,78.5,1,49,50,180,0,13107,0,0,0.0,0.0,0.0,0.0,-0.0,67.0,0.0,162057.094,0.0,965,0,986,0,0,0,945,0,1008,0,906,0,786,0,776,0,821,0,7520,0.032,1.2033618204333965e+19,0.0,0.0,784,16797,-0.0,162057.094,-114818.039,-0.0,0.133,6.909358625270745e+28,30.0,70.0,35,0.0,0.0,0.0,0.0,0.0,0.0,0.0,0.0,0.0,0.0,0.0,0.0,0.0,0.0,0.0,0.0,66.8,0,150,71,51,65476,0,300,0,0,8,20529,65476,0,0,44564,70.0,0.0,0.0,0.0,0.0,0.0
2026-09-10T21:58:33,ERR,ERR,ERR,ERR,ERR,ERR,ERR,ERR,ERR,ERR,ERR,ERR,ERR,ERR,ERR,ERR,ERR,ERR,ERR,ERR,ERR,ERR,ERR,ERR,ERR,ERR,ERR,ERR,ERR,ERR,ERR,ERR,ERR,ERR,ERR,ERR,ERR,ERR,ERR,ERR,ERR,ERR,ERR,ERR,ERR,ERR,ERR,ERR,ERR,ERR,ERR,ERR,ERR,ERR,ERR,ERR,ERR,ERR,ERR,ERR,ERR,ERR,ERR,ERR,ERR,ERR,ERR,ERR,ERR,ERR,ERR,ERR,ERR,ERR,ERR,ERR,ERR,ERR,ERR,ERR,ERR,ERR,ERR,ERR,ERR,ERR,ERR,ERR,ERR,ERR,ERR,ERR,ERR,ERR,ERR,ERR,ERR,ERR,ERR,ERR,ERR,ERR,ERR,ERR,ERR,ERR,ERR,ERR,ERR,ERR,ERR,ERR,ERR,ERR,ERR,ERR,ERR,ERR,ERR,ERR,ERR,ERR,ERR,ERR,ERR,0.0,-107615352.0,0.0,0.0,0.0,1.3936040501711995e+18,7.805,0.0,0,0,4,0,7116,0.0,100,0.0,0.0,0.0,0.0,0.0,0,0,0,0,0.0,0,0,0,0,0,0,0,0,0,0,0,0,0,0,0,0,0,0,0,0,0,0,0,0,0,0,0,0,0,0,0,0,0,31,40,40,71,65476,0,300,0,0,8,21553,0.0,-107605600.0,0.0,0.0,0.0,0.0,0.0,0.0,0.0,0.0,0.0,0.0,0.0,0.0,0.0,0.0,0.0,0.0,0.0,0.0,0.0,0.0,0.0,-2.004,-2.004,2.004,0.0,0.0,0.0,0.0,4512.0,2.004,6920.0,0.0,-107615352.0,-107615184.0,-107615304.0,0.0,0.0,0.0,0.0,69,-0.0,-107614624.0,0.0,0.0,0.0,0.0,0.0,0.0,0.0,0,0,0,0.0,0.0,0.0,0.0,0.0,0.0,0.0,0.0,0.0,0.0,0.0,0.0,0.0,0.0,0.0,0.0,0,-107875648.0,69,0.0,138,0.0,2.6474604965001363e+23,0,0,17085,39322,17097,13107,17077,0,0,0,70,68,100,0.0,82.1,0.0,77.6,0.0,78.5,1,49,50,180,0,13107,0,0,0.0,0.0,0.0,0.0,-0.0,67.0,0.0,162057.094,0.0,965,0,986,0,0,0,945,0,1008,0,906,0,786,0,776,0,821,0,7520,0.032,1.2033618204333965e+19,0.0,0.0,784,16797,-0.0,162057.094,-114818.039,-0.0,0.133,6.909358625270745e+28,30.0,70.0,35,0.0,0.0,0.0,0.0,0.0,0.0,0.0,0.0,0.0,0.0,0.0,0.0,0.0,0.0,0.0,0.0,66.4,0,150,71,51,65476,0,300,0,0,8,20529,65476,0,0,44564,70.0,0.0,0.0,0.0,0.0,0.0
2026-09-10T21:58:34,ERR,ERR,ERR,ERR,ERR,ERR,ERR,ERR,ERR,ERR,ERR,ERR,ERR,ERR,ERR,ERR,ERR,ERR,ERR,ERR,ERR,ERR,ERR,ERR,ERR,ERR,ERR,ERR,ERR,ERR,ERR,ERR,ERR,ERR,ERR,ERR,ERR,ERR,ERR,ERR,ERR,ERR,ERR,ERR,ERR,ERR,ERR,ERR,ERR,ERR,ERR,ERR,ERR,ERR,ERR,ERR,ERR,ERR,ERR,ERR,ERR,ERR,ERR,ERR,ERR,ERR,ERR,ERR,ERR,ERR,ERR,ERR,ERR,ERR,ERR,ERR,ERR,ERR,ERR,ERR,ERR,ERR,ERR,ERR,ERR,ERR,ERR,ERR,ERR,ERR,ERR,ERR,ERR,ERR,ERR,ERR,ERR,ERR,ERR,ERR,ERR,ERR,ERR,ERR,ERR,ERR,ERR,ERR,ERR,ERR,ERR,ERR,ERR,ERR,ERR,ERR,ERR,ERR,ERR,ERR,ERR,ERR,ERR,ERR,ERR,0.0,-107615352.0,0.0,0.0,0.0,1.3936040501711995e+18,7.805,0.0,0,0,4,0,7116,0.0,100,0.0,0.0,0.0,0.0,0.0,0,0,0,0,0.0,0,0,0,0,0,0,0,0,0,0,0,0,0,0,0,0,0,0,0,0,0,0,0,0,0,0,0,0,0,0,0,0,0,31,40,40,71,65476,0,300,0,0,8,21553,0.0,-107605600.0,0.0,0.0,0.0,0.0,0.0,0.0,0.0,0.0,0.0,0.0,0.0,0.0,0.0,0.0,0.0,0.0,0.0,0.0,0.0,0.0,0.0,-2.004,-2.004,2.004,0.0,0.0,0.0,0.0,4512.0,2.004,6920.0,0.0,-107615352.0,-107615184.0,-107615304.0,0.0,0.0,0.0,0.0,69,-0.0,-107614624.0,0.0,0.0,0.0,0.0,0.0,0.0,0.0,0,0,0,0.0,0.0,0.0,0.0,0.0,0.0,0.0,0.0,0.0,0.0,0.0,0.0,0.0,0.0,0.0,0.0,0,-107875648.0,69,0.0,138,0.0,2.6474604965001363e+23,0,0,17085,39322,17097,13107,17077,0,0,0,70,68,100,0.0,82.1,0.0,77.6,0.0,78.5,1,49,50,180,0,13107,0,0,0.0,0.0,0.0,0.0,-0.0,67.0,0.0,162057.094,0.0,965,0,986,0,0,0,945,0,1008,0,906,0,786,0,776,0,821,0,7520,0.032,1.2033618204333965e+19,0.0,0.0,784,16797,-0.0,162057.094,-114818.039,-0.0,0.133,6.909358625270745e+28,30.0,70.0,35,0.0,0.0,0.0,0.0,0.0,0.0,0.0,0.0,0.0,0.0,0.0,0.0,0.0,0.0,0.0,0.0,66.4,0,150,71,51,65476,0,300,0,0,8,20529,65476,0,0,44564,70.0,0.0,0.0,0.0,0.0,0.0
2026-09-10T21:58:35,ERR,ERR,ERR,ERR,ERR,ERR,ERR,ERR,ERR,ERR,ERR,ERR,ERR,ERR,ERR,ERR,ERR,ERR,ERR,ERR,ERR,ERR,ERR,ERR,ERR,ERR,ERR,ERR,ERR,ERR,ERR,ERR,ERR,ERR,ERR,ERR,ERR,ERR,ERR,ERR,ERR,ERR,ERR,ERR,ERR,ERR,ERR,ERR,ERR,ERR,ERR,ERR,ERR,ERR,ERR,ERR,ERR,ERR,ERR,ERR,ERR,ERR,ERR,ERR,ERR,ERR,ERR,ERR,ERR,ERR,ERR,ERR,ERR,ERR,ERR,ERR,ERR,ERR,ERR,ERR,ERR,ERR,ERR,ERR,ERR,ERR,ERR,ERR,ERR,ERR,ERR,ERR,ERR,ERR,ERR,ERR,ERR,ERR,ERR,ERR,ERR,ERR,ERR,ERR,ERR,ERR,ERR,ERR,ERR,ERR,ERR,ERR,ERR,ERR,ERR,ERR,ERR,ERR,ERR,ERR,ERR,ERR,ERR,ERR,ERR,0.0,-107615352.0,0.0,0.0,0.0,1.3936040501711995e+18,7.805,0.0,0,0,4,0,7116,0.0,100,0.0,0.0,0.0,0.0,0.0,0,0,0,0,0.0,0,0,0,0,0,0,0,0,0,0,0,0,0,0,0,0,0,0,0,0,0,0,0,0,0,0,0,0,0,0,0,0,0,31,40,40,71,65476,0,300,0,0,8,21553,0.0,-107605600.0,0.0,0.0,0.0,0.0,0.0,0.0,0.0,0.0,0.0,0.0,0.0,0.0,0.0,0.0,0.0,0.0,0.0,0.0,0.0,0.0,0.0,-2.004,-2.004,2.004,0.0,0.0,0.0,0.0,4512.0,2.004,6920.0,0.0,-107615352.0,-107615184.0,-107615304.0,0.0,0.0,0.0,0.0,69,-0.0,-107614624.0,0.0,0.0,0.0,0.0,0.0,0.0,0.0,0,0,0,0.0,0.0,0.0,0.0,0.0,0.0,0.0,0.0,0.0,0.0,0.0,0.0,0.0,0.0,0.0,0.0,0,-107875648.0,69,0.0,138,0.0,2.6474604965001363e+23,0,0,17085,39322,17097,0,17077,0,0,0,70,68,100,0.0,82.1,0.0,77.6,0.0,78.5,1,49,50,180,0,13107,0,0,0.0,0.0,0.0,0.0,-0.0,67.0,0.0,162057.094,0.0,965,0,986,0,0,0,945,0,1008,0,905,0,786,0,776,0,821,0,7520,0.032,1.2033618204333965e+19,0.0,0.0,784,16797,-0.0,162057.094,-114818.039,-0.0,0.133,6.909358625270745e+28,30.0,70.0,35,0.0,0.0,0.0,0.0,0.0,0.0,0.0,0.0,0.0,0.0,0.0,0.0,0.0,0.0,0.0,0.0,66.8,0,150,71,51,65476,0,300,0,0,8,20529,65476,0,0,44564,70.0,0.0,0.0,0.0,0.0,0.0
2026-09-10T21:58:36,ERR,ERR,ERR,ERR,ERR,ERR,ERR,ERR,ERR,ERR,ERR,ERR,ERR,ERR,ERR,ERR,ERR,ERR,ERR,ERR,ERR,ERR,ERR,ERR,ERR,ERR,ERR,ERR,ERR,ERR,ERR,ERR,ERR,ERR,ERR,ERR,ERR,ERR,ERR,ERR,ERR,ERR,ERR,ERR,ERR,ERR,ERR,ERR,ERR,ERR,ERR,ERR,ERR,ERR,ERR,ERR,ERR,ERR,ERR,ERR,ERR,ERR,ERR,ERR,ERR,ERR,ERR,ERR,ERR,ERR,ERR,ERR,ERR,ERR,ERR,ERR,ERR,ERR,ERR,ERR,ERR,ERR,ERR,ERR,ERR,ERR,ERR,ERR,ERR,ERR,ERR,ERR,ERR,ERR,ERR,ERR,ERR,ERR,ERR,ERR,ERR,ERR,ERR,ERR,ERR,ERR,ERR,ERR,ERR,ERR,ERR,ERR,ERR,ERR,ERR,ERR,ERR,ERR,ERR,ERR,ERR,ERR,ERR,ERR,ERR,0.0,-107615352.0,0.0,0.0,0.0,1.3936040501711995e+18,7.805,0.0,0,0,4,0,7116,0.0,100,0.0,0.0,0.0,0.0,0.0,0,0,0,0,0.0,0,0,0,0,0,0,0,0,0,0,0,0,0,0,0,0,0,0,0,0,0,0,0,0,0,0,0,0,0,0,0,0,0,31,40,40,71,65476,0,300,0,0,8,21553,0.0,-107605600.0,0.0,0.0,0.0,0.0,0.0,0.0,0.0,0.0,0.0,0.0,0.0,0.0,0.0,0.0,0.0,0.0,0.0,0.0,0.0,0.0,0.0,-2.004,-2.004,2.004,0.0,0.0,0.0,0.0,4512.0,2.004,6920.0,0.0,-107615352.0,-107615184.0,-107615304.0,0.0,0.0,0.0,0.0,69,-0.0,-107614624.0,0.0,0.0,0.0,0.0,0.0,0.0,0.0,0,0,0,0.0,0.0,0.0,0.0,0.0,0.0,0.0,0.0,0.0,0.0,0.0,0.0,0.0,0.0,0.0,0.0,0,-107875648.0,69,0.0,138,0.0,2.6474604965001363e+23,0,0,17085,39322,17097,0,17077,0,0,0,70,68,100,0.0,82.1,0.0,77.6,0.0,78.5,1,49,50,180,0,13107,0,0,0.0,0.0,0.0,0.0,-0.0,67.0,0.0,162057.094,0.0,965,0,986,0,0,0,945,0,1008,0,905,0,786,0,776,0,821,0,7520,0.032,1.2033618204333965e+19,0.0,0.0,784,16797,-0.0,162057.094,-114818.039,-0.0,0.133,6.909358625270745e+28,30.0,70.0,35,0.0,0.0,0.0,0.0,0.0,0.0,0.0,0.0,0.0,0.0,0.0,0.0,0.0,0.0,0.0,0.0,66.8,0,150,71,51,65476,0,300,0,0,8,20529,65476,0,0,44564,70.0,0.0,0.0,0.0,0.0,0.0
2026-09-10T21:58:37,ERR,ERR,ERR,ERR,ERR,ERR,ERR,ERR,ERR,ERR,ERR,ERR,ERR,ERR,ERR,ERR,ERR,ERR,ERR,ERR,ERR,ERR,ERR,ERR,ERR,ERR,ERR,ERR,ERR,ERR,ERR,ERR,ERR,ERR,ERR,ERR,ERR,ERR,ERR,ERR,ERR,ERR,ERR,ERR,ERR,ERR,ERR,ERR,ERR,ERR,ERR,ERR,ERR,ERR,ERR,ERR,ERR,ERR,ERR,ERR,ERR,ERR,ERR,ERR,ERR,ERR,ERR,ERR,ERR,ERR,ERR,ERR,ERR,ERR,ERR,ERR,ERR,ERR,ERR,ERR,ERR,ERR,ERR,ERR,ERR,ERR,ERR,ERR,ERR,ERR,ERR,ERR,ERR,ERR,ERR,ERR,ERR,ERR,ERR,ERR,ERR,ERR,ERR,ERR,ERR,ERR,ERR,ERR,ERR,ERR,ERR,ERR,ERR,ERR,ERR,ERR,ERR,ERR,ERR,ERR,ERR,ERR,ERR,ERR,ERR,0.0,-107615352.0,0.0,0.0,0.0,1.3936040501711995e+18,7.805,0.0,0,0,4,0,7116,0.0,100,0.0,0.0,0.0,0.0,0.0,0,0,0,0,0.0,0,0,0,0,0,0,0,0,0,0,0,0,0,0,0,0,0,0,0,0,0,0,0,0,0,0,0,0,0,0,0,0,0,31,40,40,71,65476,0,300,0,0,8,21553,0.0,-107605600.0,0.0,0.0,0.0,0.0,0.0,0.0,0.0,0.0,0.0,0.0,0.0,0.0,0.0,0.0,0.0,0.0,0.0,0.0,0.0,0.0,0.0,-2.004,-2.004,2.004,0.0,0.0,0.0,0.0,4512.0,2.004,6920.0,0.0,-107615352.0,-107615184.0,-107615304.0,0.0,0.0,0.0,0.0,69,-0.0,-107614624.0,0.0,0.0,0.0,0.0,0.0,0.0,0.0,0,0,0,0.0,0.0,0.0,0.0,0.0,0.0,0.0,0.0,0.0,0.0,0.0,0.0,0.0,0.0,0.0,0.0,0,-107875648.0,69,0.0,138,0.0,2.6474604965001363e+23,0,0,17085,39322,17097,0,17077,0,0,0,70,68,100,0.0,82.1,0.0,77.6,0.0,78.5,1,49,50,180,0,13107,0,0,0.0,0.0,0.0,0.0,-0.0,67.0,0.0,162057.094,0.0,965,0,986,0,0,0,945,0,1008,0,905,0,786,0,776,0,821,0,7520,0.032,1.2033618204333965e+19,0.0,0.0,784,16797,-0.0,162057.094,-114818.039,-0.0,0.133,6.909358625270745e+28,30.0,70.0,35,0.0,0.0,0.0,0.0,0.0,0.0,0.0,0.0,0.0,0.0,0.0,0.0,0.0,0.0,0.0,0.0,66.8,0,150,71,51,65476,0,300,0,0,8,20529,65476,0,0,44564,70.0,0.0,0.0,0.0,0.0,0.0
2026-09-10T21:58:38,ERR,ERR,ERR,ERR,ERR,ERR,ERR,ERR,ERR,ERR,ERR,ERR,ERR,ERR,ERR,ERR,ERR,ERR,ERR,ERR,ERR,ERR,ERR,ERR,ERR,ERR,ERR,ERR,ERR,ERR,ERR,ERR,ERR,ERR,ERR,ERR,ERR,ERR,ERR,ERR,ERR,ERR,ERR,ERR,ERR,ERR,ERR,ERR,ERR,ERR,ERR,ERR,ERR,ERR,ERR,ERR,ERR,ERR,ERR,ERR,ERR,ERR,ERR,ERR,ERR,ERR,ERR,ERR,ERR,ERR,ERR,ERR,ERR,ERR,ERR,ERR,ERR,ERR,ERR,ERR,ERR,ERR,ERR,ERR,ERR,ERR,ERR,ERR,ERR,ERR,ERR,ERR,ERR,ERR,ERR,ERR,ERR,ERR,ERR,ERR,ERR,ERR,ERR,ERR,ERR,ERR,ERR,ERR,ERR,ERR,ERR,ERR,ERR,ERR,ERR,ERR,ERR,ERR,ERR,ERR,ERR,ERR,ERR,ERR,ERR,0.0,-107615352.0,0.0,0.0,0.0,1.3936040501711995e+18,7.805,0.0,0,0,4,0,7116,0.0,100,0.0,0.0,0.0,0.0,0.0,0,0,0,0,0.0,0,0,0,0,0,0,0,0,0,0,0,0,0,0,0,0,0,0,0,0,0,0,0,0,0,0,0,0,0,0,0,0,0,31,40,40,71,65476,0,300,0,0,8,21553,0.0,-107605600.0,0.0,0.0,0.0,0.0,0.0,0.0,0.0,0.0,0.0,0.0,0.0,0.0,0.0,0.0,0.0,0.0,0.0,0.0,0.0,0.0,0.0,-2.004,-2.004,2.004,0.0,0.0,0.0,0.0,4512.0,2.004,6920.0,0.0,-107615352.0,-107615184.0,-107615304.0,0.0,0.0,0.0,0.0,69,-0.0,-107614624.0,0.0,0.0,0.0,0.0,0.0,0.0,0.0,0,0,0,0.0,0.0,0.0,0.0,0.0,0.0,0.0,0.0,0.0,0.0,0.0,0.0,0.0,0.0,0.0,0.0,0,-107875648.0,69,0.0,138,0.0,2.6474604965001363e+23,0,0,17085,39322,17097,0,17077,0,0,0,70,68,100,0.0,82.1,0.0,77.6,0.0,78.5,1,49,50,180,0,13107,0,0,0.0,0.0,0.0,0.0,-0.0,67.0,0.0,162057.094,0.0,965,0,986,0,0,0,945,0,1008,0,905,0,786,0,776,0,821,0,7520,0.032,1.2033618204333965e+19,0.0,0.0,784,16797,-0.0,162057.094,-114818.039,-0.0,0.133,6.909358625270745e+28,30.0,70.0,35,0.0,0.0,0.0,0.0,0.0,0.0,0.0,0.0,0.0,0.0,0.0,0.0,0.0,0.0,0.0,0.0,66.4,0,150,71,51,65476,0,300,0,0,8,20529,65476,0,0,44564,70.0,0.0,0.0,0.0,0.0,0.0
2026-09-10T21:58:39,ERR,ERR,ERR,ERR,ERR,ERR,ERR,ERR,ERR,ERR,ERR,ERR,ERR,ERR,ERR,ERR,ERR,ERR,ERR,ERR,ERR,ERR,ERR,ERR,ERR,ERR,ERR,ERR,ERR,ERR,ERR,ERR,ERR,ERR,ERR,ERR,ERR,ERR,ERR,ERR,ERR,ERR,ERR,ERR,ERR,ERR,ERR,ERR,ERR,ERR,ERR,ERR,ERR,ERR,ERR,ERR,ERR,ERR,ERR,ERR,ERR,ERR,ERR,ERR,ERR,ERR,ERR,ERR,ERR,ERR,ERR,ERR,ERR,ERR,ERR,ERR,ERR,ERR,ERR,ERR,ERR,ERR,ERR,ERR,ERR,ERR,ERR,ERR,ERR,ERR,ERR,ERR,ERR,ERR,ERR,ERR,ERR,ERR,ERR,ERR,ERR,ERR,ERR,ERR,ERR,ERR,ERR,ERR,ERR,ERR,ERR,ERR,ERR,ERR,ERR,ERR,ERR,ERR,ERR,ERR,ERR,ERR,ERR,ERR,ERR,0.0,-107615352.0,0.0,0.0,0.0,1.3936040501711995e+18,7.805,0.0,0,0,4,0,7116,0.0,100,0.0,0.0,0.0,0.0,0.0,0,0,0,0,0.0,0,0,0,0,0,0,0,0,0,0,0,0,0,0,0,0,0,0,0,0,0,0,0,0,0,0,0,0,0,0,0,0,0,31,40,40,71,65476,0,300,0,0,8,21553,0.0,-107605600.0,0.0,0.0,0.0,0.0,0.0,0.0,0.0,0.0,0.0,0.0,0.0,0.0,0.0,0.0,0.0,0.0,0.0,0.0,0.0,0.0,0.0,-2.004,-2.004,-0.0,0.0,0.0,0.0,0.0,4543.0,0.0,6919.0,0.0,-107615352.0,-107615184.0,0.0,0.0,0.0,0.0,0.0,69,-0.0,-71.629,0.0,0.0,0.0,0.0,0.0,0.0,0.0,0,0,0,0.0,0.0,0.0,0.0,0.0,0.0,0.0,0.0,0.0,0.0,0.0,0.0,0.0,0.0,0.0,0.0,0,-107875648.0,69,0.0,138,0.0,2.6474604965001363e+23,0,0,17085,39322,17097,0,17077,0,0,0,70,68,100,0.0,82.1,0.0,77.6,0.0,78.5,1,49,50,180,0,13107,0,0,0.0,0.0,0.0,0.0,-0.0,67.0,0.0,162057.094,0.0,965,0,986,0,0,0,945,0,1008,0,905,0,786,0,776,0,821,0,7520,0.032,1.2033618204333965e+19,0.0,0.0,784,16797,-0.0,162057.094,-114818.039,-0.0,0.133,6.909358625270745e+28,30.0,70.0,35,0.0,0.0,0.0,0.0,0.0,0.0,0.0,0.0,0.0,0.0,0.0,0.0,0.0,0.0,0.0,0.0,66.4,0,150,71,51,65476,0,300,0,0,8,20529,65476,0,0,44564,70.0,0.0,0.0,0.0,0.0,0.0
2026-09-10T21:58:40,ERR,ERR,ERR,ERR,ERR,ERR,ERR,ERR,ERR,ERR,ERR,ERR,ERR,ERR,ERR,ERR,ERR,ERR,ERR,ERR,ERR,ERR,ERR,ERR,ERR,ERR,ERR,ERR,ERR,ERR,ERR,ERR,ERR,ERR,ERR,ERR,ERR,ERR,ERR,ERR,ERR,ERR,ERR,ERR,ERR,ERR,ERR,ERR,ERR,ERR,ERR,ERR,ERR,ERR,ERR,ERR,ERR,ERR,ERR,ERR,ERR,ERR,ERR,ERR,ERR,ERR,ERR,ERR,ERR,ERR,ERR,ERR,ERR,ERR,ERR,ERR,ERR,ERR,ERR,ERR,ERR,ERR,ERR,ERR,ERR,ERR,ERR,ERR,ERR,ERR,ERR,ERR,ERR,ERR,ERR,ERR,ERR,ERR,ERR,ERR,ERR,ERR,ERR,ERR,ERR,ERR,ERR,ERR,ERR,ERR,ERR,ERR,ERR,ERR,ERR,ERR,ERR,ERR,ERR,ERR,ERR,ERR,ERR,ERR,ERR,0.0,-107615352.0,0.0,0.0,0.0,1.3936040501711995e+18,7.805,0.0,0,0,4,0,7116,0.0,100,0.0,0.0,0.0,0.0,0.0,0,0,0,0,0.0,0,0,0,0,0,0,0,0,0,0,0,0,0,0,0,0,0,0,0,0,0,0,0,0,0,0,0,0,0,0,0,0,0,31,40,40,71,65476,0,300,0,0,8,21553,0.0,-107605600.0,0.0,0.0,0.0,0.0,0.0,0.0,0.0,0.0,0.0,0.0,0.0,0.0,0.0,0.0,0.0,0.0,0.0,0.0,0.0,0.0,0.0,-2.004,-2.004,-0.0,0.0,0.0,0.0,0.0,4543.0,0.0,6919.0,0.0,-107615352.0,-107615184.0,0.0,0.0,0.0,0.0,0.0,69,-0.0,-71.629,0.0,0.0,0.0,0.0,0.0,0.0,0.0,0,0,0,0.0,0.0,0.0,0.0,0.0,0.0,0.0,0.0,0.0,0.0,0.0,0.0,0.0,0.0,0.0,0.0,0,-107875648.0,69,0.0,138,0.0,2.6474604965001363e+23,0,0,17085,39322,17097,0,17077,0,0,0,70,68,100,0.0,82.1,0.0,77.6,0.0,78.5,1,49,50,180,0,13107,0,0,0.0,0.0,0.0,0.0,-0.0,67.0,0.0,162057.094,0.0,965,0,986,0,0,0,945,0,1008,0,905,0,786,0,776,0,821,0,7520,0.032,1.2033618204333965e+19,0.0,0.0,784,16797,-0.0,162057.094,-114818.039,-0.0,0.133,6.909358625270745e+28,30.0,70.0,35,0.0,0.0,0.0,0.0,0.0,0.0,0.0,0.0,0.0,0.0,0.0,0.0,0.0,0.0,0.0,0.0,66.4,0,150,71,51,65476,0,300,0,0,8,20529,65476,0,0,44564,70.0,0.0,0.0,0.0,0.0,0.0
2026-09-10T21:58:41,ERR,ERR,ERR,ERR,ERR,ERR,ERR,ERR,ERR,ERR,ERR,ERR,ERR,ERR,ERR,ERR,ERR,ERR,ERR,ERR,ERR,ERR,ERR,ERR,ERR,ERR,ERR,ERR,ERR,ERR,ERR,ERR,ERR,ERR,ERR,ERR,ERR,ERR,ERR,ERR,ERR,ERR,ERR,ERR,ERR,ERR,ERR,ERR,ERR,ERR,ERR,ERR,ERR,ERR,ERR,ERR,ERR,ERR,ERR,ERR,ERR,ERR,ERR,ERR,ERR,ERR,ERR,ERR,ERR,ERR,ERR,ERR,ERR,ERR,ERR,ERR,ERR,ERR,ERR,ERR,ERR,ERR,ERR,ERR,ERR,ERR,ERR,ERR,ERR,ERR,ERR,ERR,ERR,ERR,ERR,ERR,ERR,ERR,ERR,ERR,ERR,ERR,ERR,ERR,ERR,ERR,ERR,ERR,ERR,ERR,ERR,ERR,ERR,ERR,ERR,ERR,ERR,ERR,ERR,ERR,ERR,ERR,ERR,ERR,ERR,0.0,-107615352.0,0.0,0.0,0.0,1.3936040501711995e+18,7.805,0.0,0,0,4,0,7116,0.0,100,0.0,0.0,0.0,0.0,0.0,0,0,0,0,0.0,0,0,0,0,0,0,0,0,0,0,0,0,0,0,0,0,0,0,0,0,0,0,0,0,0,0,0,0,0,0,0,0,0,31,40,40,71,65476,0,300,0,0,8,21553,0.0,-107605600.0,0.0,0.0,0.0,0.0,0.0,0.0,0.0,0.0,0.0,0.0,0.0,0.0,0.0,0.0,0.0,0.0,0.0,0.0,0.0,0.0,0.0,-2.004,-2.004,-0.0,0.0,0.0,0.0,0.0,4543.0,0.0,6919.0,0.0,-107615352.0,-107615184.0,0.0,0.0,0.0,0.0,0.0,69,-0.0,-71.629,0.0,0.0,0.0,0.0,0.0,0.0,0.0,0,0,0,0.0,0.0,0.0,0.0,0.0,0.0,0.0,0.0,0.0,0.0,0.0,0.0,0.0,0.0,0.0,0.0,0,-107875648.0,69,0.0,138,0.0,2.6474604965001363e+23,0,0,17085,39322,17097,0,17077,0,0,0,70,68,100,0.0,82.1,0.0,77.6,0.0,78.5,1,49,50,180,0,13107,0,0,0.0,0.0,0.0,0.0,-0.0,67.0,0.0,162057.094,0.0,965,0,986,0,0,0,945,0,1008,0,905,0,786,0,776,0,821,0,7520,0.032,1.1385099857992614e+19,0.0,0.0,784,16797,-0.0,162057.094,-114818.039,-0.0,0.133,6.909358625270745e+28,30.0,70.0,35,0.0,0.0,0.0,0.0,0.0,0.0,0.0,0.0,0.0,0.0,0.0,0.0,0.0,0.0,0.0,0.0,66.4,0,150,71,51,65476,0,300,0,0,8,20529,65476,0,0,44564,70.0,0.0,0.0,0.0,0.0,0.0
2026-09-10T21:58:42,ERR,ERR,ERR,ERR,ERR,ERR,ERR,ERR,ERR,ERR,ERR,ERR,ERR,ERR,ERR,ERR,ERR,ERR,ERR,ERR,ERR,ERR,ERR,ERR,ERR,ERR,ERR,ERR,ERR,ERR,ERR,ERR,ERR,ERR,ERR,ERR,ERR,ERR,ERR,ERR,ERR,ERR,ERR,ERR,ERR,ERR,ERR,ERR,ERR,ERR,ERR,ERR,ERR,ERR,ERR,ERR,ERR,ERR,ERR,ERR,ERR,ERR,ERR,ERR,ERR,ERR,ERR,ERR,ERR,ERR,ERR,ERR,ERR,ERR,ERR,ERR,ERR,ERR,ERR,ERR,ERR,ERR,ERR,ERR,ERR,ERR,ERR,ERR,ERR,ERR,ERR,ERR,ERR,ERR,ERR,ERR,ERR,ERR,ERR,ERR,ERR,ERR,ERR,ERR,ERR,ERR,ERR,ERR,ERR,ERR,ERR,ERR,ERR,ERR,ERR,ERR,ERR,ERR,ERR,ERR,ERR,ERR,ERR,ERR,ERR,0.0,-107615352.0,0.0,0.0,0.0,1.3936040501711995e+18,7.805,0.0,0,0,4,0,7116,0.0,100,0.0,0.0,0.0,0.0,0.0,0,0,0,0,0.0,0,0,0,0,0,0,0,0,0,0,0,0,0,0,0,0,0,0,0,0,0,0,0,0,0,0,0,0,0,0,0,0,0,31,40,40,71,65476,0,300,0,0,8,21553,0.0,-107605600.0,0.0,0.0,0.0,0.0,0.0,0.0,0.0,0.0,0.0,0.0,0.0,0.0,0.0,0.0,0.0,0.0,0.0,0.0,0.0,0.0,0.0,-2.004,-2.004,-0.0,0.0,0.0,0.0,0.0,4543.0,0.0,6919.0,0.0,-107615352.0,-107615184.0,0.0,0.0,0.0,0.0,0.0,69,-0.0,-71.629,0.0,0.0,0.0,0.0,0.0,0.0,0.0,0,0,0,0.0,0.0,0.0,0.0,0.0,0.0,0.0,0.0,0.0,0.0,0.0,0.0,0.0,0.0,0.0,0.0,0,-107875648.0,69,0.0,138,0.0,2.6474604965001363e+23,0,0,17085,39322,17097,0,17077,0,0,0,70,68,100,0.0,82.1,0.0,77.6,0.0,78.5,1,49,50,180,0,13107,0,0,0.0,0.0,0.0,0.0,-0.0,67.0,0.0,162057.094,0.0,965,0,986,0,0,0,945,0,1008,0,905,0,786,0,776,0,821,0,7520,0.032,1.1385099857992614e+19,0.0,0.0,784,16797,-0.0,162057.094,-114818.039,-0.0,0.133,6.909358625270745e+28,30.0,70.0,35,0.0,0.0,0.0,0.0,0.0,0.0,0.0,0.0,0.0,0.0,0.0,0.0,0.0,0.0,0.0,0.0,66.4,0,150,71,51,65476,0,300,0,0,8,20529,65476,0,0,44564,70.0,0.0,0.0,0.0,0.0,0.0
2026-09-10T21:58:43,ERR,ERR,ERR,ERR,ERR,ERR,ERR,ERR,ERR,ERR,ERR,ERR,ERR,ERR,ERR,ERR,ERR,ERR,ERR,ERR,ERR,ERR,ERR,ERR,ERR,ERR,ERR,ERR,ERR,ERR,ERR,ERR,ERR,ERR,ERR,ERR,ERR,ERR,ERR,ERR,ERR,ERR,ERR,ERR,ERR,ERR,ERR,ERR,ERR,ERR,ERR,ERR,ERR,ERR,ERR,ERR,ERR,ERR,ERR,ERR,ERR,ERR,ERR,ERR,ERR,ERR,ERR,ERR,ERR,ERR,ERR,ERR,ERR,ERR,ERR,ERR,ERR,ERR,ERR,ERR,ERR,ERR,ERR,ERR,ERR,ERR,ERR,ERR,ERR,ERR,ERR,ERR,ERR,ERR,ERR,ERR,ERR,ERR,ERR,ERR,ERR,ERR,ERR,ERR,ERR,ERR,ERR,ERR,ERR,ERR,ERR,ERR,ERR,ERR,ERR,ERR,ERR,ERR,ERR,ERR,ERR,ERR,ERR,ERR,ERR,0.0,-107615352.0,0.0,0.0,0.0,1.3936040501711995e+18,7.805,0.0,0,0,4,0,7116,0.0,100,0.0,0.0,0.0,0.0,0.0,0,0,0,0,0.0,0,0,0,0,0,0,0,0,0,0,0,0,0,0,0,0,0,0,0,0,0,0,0,0,0,0,0,0,0,0,0,0,0,31,40,40,71,65476,0,300,0,0,8,21553,0.0,-107605600.0,0.0,0.0,0.0,0.0,0.0,0.0,0.0,0.0,0.0,0.0,0.0,0.0,0.0,0.0,0.0,0.0,0.0,0.0,0.0,0.0,0.0,-2.004,-2.004,-0.0,0.0,0.0,0.0,0.0,4543.0,0.0,6919.0,0.0,-107615352.0,-107615184.0,0.0,0.0,0.0,0.0,0.0,69,-0.0,-71.629,0.0,0.0,0.0,0.0,0.0,0.0,0.0,0,0,0,0.0,0.0,0.0,0.0,0.0,0.0,0.0,0.0,0.0,0.0,0.0,0.0,0.0,0.0,0.0,0.0,0,-107875648.0,69,0.0,138,0.0,2.6474604965001363e+23,0,0,17085,39322,17097,0,17077,0,0,0,70,68,100,0.0,82.1,0.0,77.6,0.0,78.5,1,49,50,180,0,13107,0,0,0.0,0.0,0.0,0.0,-0.0,67.0,0.0,162057.094,0.0,965,0,986,0,0,0,945,0,1008,0,905,0,786,0,776,0,821,0,7520,0.032,1.1385099857992614e+19,0.0,0.0,784,16797,-0.0,162057.094,-114818.039,-0.0,0.133,6.909358625270745e+28,30.0,70.0,35,0.0,0.0,0.0,0.0,0.0,0.0,0.0,0.0,0.0,0.0,0.0,0.0,0.0,0.0,0.0,0.0,66.4,0,150,71,51,65476,0,300,0,0,8,20529,65476,0,0,44564,70.0,0.0,0.0,0.0,0.0,0.0
2026-09-10T21:58:44,ERR,ERR,ERR,ERR,ERR,ERR,ERR,ERR,ERR,ERR,ERR,ERR,ERR,ERR,ERR,ERR,ERR,ERR,ERR,ERR,ERR,ERR,ERR,ERR,ERR,ERR,ERR,ERR,ERR,ERR,ERR,ERR,ERR,ERR,ERR,ERR,ERR,ERR,ERR,ERR,ERR,ERR,ERR,ERR,ERR,ERR,ERR,ERR,ERR,ERR,ERR,ERR,ERR,ERR,ERR,ERR,ERR,ERR,ERR,ERR,ERR,ERR,ERR,ERR,ERR,ERR,ERR,ERR,ERR,ERR,ERR,ERR,ERR,ERR,ERR,ERR,ERR,ERR,ERR,ERR,ERR,ERR,ERR,ERR,ERR,ERR,ERR,ERR,ERR,ERR,ERR,ERR,ERR,ERR,ERR,ERR,ERR,ERR,ERR,ERR,ERR,ERR,ERR,ERR,ERR,ERR,ERR,ERR,ERR,ERR,ERR,ERR,ERR,ERR,ERR,ERR,ERR,ERR,ERR,ERR,ERR,ERR,ERR,ERR,ERR,0.0,-107615352.0,0.0,0.0,0.0,1.3936040501711995e+18,7.805,0.0,0,0,4,0,7116,0.0,100,0.0,0.0,0.0,0.0,0.0,0,0,0,0,0.0,0,0,0,0,0,0,0,0,0,0,0,0,0,0,0,0,0,0,0,0,0,0,0,0,0,0,0,0,0,0,0,0,0,31,40,40,71,65476,0,300,0,0,8,21553,0.0,-107605600.0,0.0,0.0,0.0,0.0,0.0,0.0,0.0,0.0,0.0,0.0,0.0,0.0,0.0,0.0,0.0,0.0,0.0,0.0,0.0,0.0,0.0,-2.004,-2.004,-0.0,0.0,0.0,0.0,0.0,4543.0,0.0,6919.0,0.0,-107615352.0,-107615184.0,0.0,0.0,0.0,0.0,0.0,69,-0.0,-71.629,0.0,0.0,0.0,0.0,0.0,0.0,0.0,0,0,0,0.0,0.0,0.0,0.0,0.0,0.0,0.0,0.0,0.0,0.0,0.0,0.0,0.0,0.0,0.0,0.0,0,-107875648.0,69,0.0,138,0.0,2.6474604965001363e+23,0,0,17085,39322,17097,0,17077,0,0,0,70,68,100,0.0,82.1,0.0,77.6,0.0,78.5,1,49,50,180,0,13107,0,0,0.0,0.0,0.0,0.0,-0.0,67.0,0.0,162057.094,0.0,965,0,986,0,0,0,945,0,1008,0,905,0,786,0,776,0,821,0,7520,0.032,1.1385099857992614e+19,0.0,0.0,784,16797,-0.0,162057.094,-114818.039,-0.0,0.133,6.909358625270745e+28,30.0,70.0,35,0.0,0.0,0.0,0.0,0.0,0.0,0.0,0.0,0.0,0.0,0.0,0.0,0.0,0.0,0.0,0.0,66.4,0,150,71,51,65476,0,300,0,0,8,20529,65476,0,0,44564,70.0,0.0,0.0,0.0,0.0,0.0
2026-09-10T21:58:45,ERR,ERR,ERR,ERR,ERR,ERR,ERR,ERR,ERR,ERR,ERR,ERR,ERR,ERR,ERR,ERR,ERR,ERR,ERR,ERR,ERR,ERR,ERR,ERR,ERR,ERR,ERR,ERR,ERR,ERR,ERR,ERR,ERR,ERR,ERR,ERR,ERR,ERR,ERR,ERR,ERR,ERR,ERR,ERR,ERR,ERR,ERR,ERR,ERR,ERR,ERR,ERR,ERR,ERR,ERR,ERR,ERR,ERR,ERR,ERR,ERR,ERR,ERR,ERR,ERR,ERR,ERR,ERR,ERR,ERR,ERR,ERR,ERR,ERR,ERR,ERR,ERR,ERR,ERR,ERR,ERR,ERR,ERR,ERR,ERR,ERR,ERR,ERR,ERR,ERR,ERR,ERR,ERR,ERR,ERR,ERR,ERR,ERR,ERR,ERR,ERR,ERR,ERR,ERR,ERR,ERR,ERR,ERR,ERR,ERR,ERR,ERR,ERR,ERR,ERR,ERR,ERR,ERR,ERR,ERR,ERR,ERR,ERR,ERR,ERR,0.0,-107615352.0,0.0,0.0,0.0,1.3936040501711995e+18,7.805,0.0,0,0,4,0,7116,0.0,100,0.0,0.0,0.0,0.0,0.0,0,0,0,0,0.0,0,0,0,0,0,0,0,0,0,0,0,0,0,0,0,0,0,0,0,0,0,0,0,0,0,0,0,0,0,0,0,0,0,31,40,40,71,65476,0,300,0,0,8,21553,0.0,-107605600.0,0.0,0.0,0.0,0.0,0.0,0.0,0.0,0.0,0.0,0.0,0.0,0.0,0.0,0.0,0.0,0.0,0.0,0.0,0.0,0.0,0.0,-2.004,-2.004,-0.0,0.0,0.0,0.0,0.0,4543.0,0.0,6919.0,0.0,-107615352.0,-107615184.0,0.0,0.0,0.0,0.0,0.0,69,-0.0,-71.629,0.0,0.0,0.0,0.0,0.0,0.0,0.0,0,0,0,0.0,0.0,0.0,0.0,0.0,0.0,0.0,0.0,0.0,0.0,0.0,0.0,0.0,0.0,0.0,0.0,0,-107875648.0,69,0.0,138,0.0,2.6474604965001363e+23,0,0,17085,39322,17097,0,17077,0,0,0,70,68,100,0.0,82.1,0.0,77.6,0.0,78.5,1,49,50,180,0,13107,0,0,0.0,0.0,0.0,0.0,-0.0,67.0,0.0,162057.094,0.0,965,0,986,0,0,0,945,0,1008,0,905,0,786,0,776,0,821,0,7520,0.032,1.1385099857992614e+19,0.0,0.0,784,16797,-0.0,162057.094,-114818.039,-0.0,0.133,6.909358625270745e+28,30.0,70.0,35,0.0,0.0,0.0,0.0,0.0,0.0,0.0,0.0,0.0,0.0,0.0,0.0,0.0,0.0,0.0,0.0,66.4,0,150,71,51,65476,0,300,0,0,8,20529,65476,0,0,44564,70.0,0.0,0.0,0.0,0.0,0.0
2026-09-10T21:58:46,ERR,ERR,ERR,ERR,ERR,ERR,ERR,ERR,ERR,ERR,ERR,ERR,ERR,ERR,ERR,ERR,ERR,ERR,ERR,ERR,ERR,ERR,ERR,ERR,ERR,ERR,ERR,ERR,ERR,ERR,ERR,ERR,ERR,ERR,ERR,ERR,ERR,ERR,ERR,ERR,ERR,ERR,ERR,ERR,ERR,ERR,ERR,ERR,ERR,ERR,ERR,ERR,ERR,ERR,ERR,ERR,ERR,ERR,ERR,ERR,ERR,ERR,ERR,ERR,ERR,ERR,ERR,ERR,ERR,ERR,ERR,ERR,ERR,ERR,ERR,ERR,ERR,ERR,ERR,ERR,ERR,ERR,ERR,ERR,ERR,ERR,ERR,ERR,ERR,ERR,ERR,ERR,ERR,ERR,ERR,ERR,ERR,ERR,ERR,ERR,ERR,ERR,ERR,ERR,ERR,ERR,ERR,ERR,ERR,ERR,ERR,ERR,ERR,ERR,ERR,ERR,ERR,ERR,ERR,ERR,ERR,ERR,ERR,ERR,ERR,0.0,-107615352.0,0.0,0.0,0.0,1.3936040501711995e+18,7.805,0.0,0,0,4,0,7116,0.0,100,0.0,0.0,0.0,0.0,0.0,0,0,0,0,0.0,0,0,0,0,0,0,0,0,0,0,0,0,0,0,0,0,0,0,0,0,0,0,0,0,0,0,0,0,0,0,0,0,0,31,40,40,71,65476,0,300,0,0,8,21553,0.0,-107605600.0,0.0,0.0,0.0,0.0,0.0,0.0,0.0,0.0,0.0,0.0,0.0,0.0,0.0,0.0,0.0,0.0,0.0,0.0,0.0,0.0,0.0,-2.004,-2.004,-0.0,0.0,0.0,0.0,0.0,4543.0,0.0,6919.0,0.0,-107615352.0,-107615184.0,0.0,0.0,0.0,0.0,0.0,69,-0.0,-71.629,0.0,0.0,0.0,0.0,0.0,0.0,0.0,0,0,0,0.0,0.0,0.0,0.0,0.0,0.0,0.0,0.0,0.0,0.0,0.0,0.0,0.0,0.0,0.0,0.0,0,-107875648.0,69,0.0,138,0.0,2.6474604965001363e+23,0,0,17085,39322,17097,0,17077,0,0,0,70,68,100,0.0,82.1,0.0,77.6,0.0,78.5,1,49,50,180,0,13107,0,0,0.0,0.0,0.0,0.0,-0.0,67.0,0.0,162057.094,0.0,965,0,986,0,0,0,945,0,1008,0,905,0,786,0,776,0,821,0,7520,0.032,1.1385099857992614e+19,0.0,0.0,784,16797,-0.0,162057.094,-114818.039,-0.0,0.133,6.909358625270745e+28,30.0,70.0,35,0.0,0.0,0.0,0.0,0.0,0.0,0.0,0.0,0.0,0.0,0.0,0.0,0.0,0.0,0.0,0.0,66.4,0,150,71,51,65476,0,300,0,0,8,20529,65476,0,0,44564,70.0,0.0,0.0,0.0,0.0,0.0
2026-09-10T21:58:47,ERR,ERR,ERR,ERR,ERR,ERR,ERR,ERR,ERR,ERR,ERR,ERR,ERR,ERR,ERR,ERR,ERR,ERR,ERR,ERR,ERR,ERR,ERR,ERR,ERR,ERR,ERR,ERR,ERR,ERR,ERR,ERR,ERR,ERR,ERR,ERR,ERR,ERR,ERR,ERR,ERR,ERR,ERR,ERR,ERR,ERR,ERR,ERR,ERR,ERR,ERR,ERR,ERR,ERR,ERR,ERR,ERR,ERR,ERR,ERR,ERR,ERR,ERR,ERR,ERR,ERR,ERR,ERR,ERR,ERR,ERR,ERR,ERR,ERR,ERR,ERR,ERR,ERR,ERR,ERR,ERR,ERR,ERR,ERR,ERR,ERR,ERR,ERR,ERR,ERR,ERR,ERR,ERR,ERR,ERR,ERR,ERR,ERR,ERR,ERR,ERR,ERR,ERR,ERR,ERR,ERR,ERR,ERR,ERR,ERR,ERR,ERR,ERR,ERR,ERR,ERR,ERR,ERR,ERR,ERR,ERR,ERR,ERR,ERR,ERR,0.0,-107615352.0,-0.0,0.0,0.0,1.3936040501711995e+18,7.805,0.0,0,0,4,0,7116,0.0,100,0.0,0.0,0.0,0.0,0.0,0,0,0,0,0.0,0,0,0,0,0,0,0,0,0,0,0,0,0,0,0,0,0,0,0,0,0,0,0,0,0,0,0,0,0,0,0,0,0,31,40,40,71,65476,0,300,0,0,8,21553,0.0,-107605600.0,0.0,0.0,0.0,0.0,0.0,0.0,0.0,0.0,0.0,0.0,0.0,0.0,0.0,0.0,0.0,0.0,0.0,0.0,0.0,0.0,0.0,-2.004,-2.004,-0.0,0.0,0.0,0.0,0.0,4512.0,3.697179536554931e+19,6924.0,0.0,-107615352.0,-107615184.0,0.0,0.0,0.0,0.0,0.0,69,-0.0,-4.95039378082316e+32,0.0,0.0,0.0,0.0,0.0,0.0,0.0,0,0,0,0.0,0.0,0.0,0.0,0.0,0.0,0.0,0.0,0.0,0.0,0.0,0.0,0.0,0.0,0.0,0.0,0,-107875648.0,69,0.0,138,0.0,2.6474604965001363e+23,0,0,17085,39322,17097,0,17077,0,0,0,70,68,100,0.0,82.1,0.0,77.6,0.0,78.5,1,49,50,180,0,13107,0,0,0.0,0.0,0.0,0.0,-0.0,67.0,0.0,162057.094,0.0,965,0,985,0,0,0,945,0,1008,0,905,0,786,0,776,0,821,0,7520,0.032,1.2033618204333965e+19,0.0,0.0,784,16797,-0.0,162057.094,-114818.039,-0.0,0.133,6.909358625270745e+28,30.0,70.0,35,0.0,0.0,0.0,0.0,0.0,0.0,0.0,0.0,0.0,0.0,0.0,0.0,0.0,0.0,0.0,0.0,66.4,0,150,71,51,65476,0,300,0,0,8,20529,65476,0,0,44564,70.0,0.0,0.0,0.0,0.0,0.0
2026-09-10T21:58:48,ERR,ERR,ERR,ERR,ERR,ERR,ERR,ERR,ERR,ERR,ERR,ERR,ERR,ERR,ERR,ERR,ERR,ERR,ERR,ERR,ERR,ERR,ERR,ERR,ERR,ERR,ERR,ERR,ERR,ERR,ERR,ERR,ERR,ERR,ERR,ERR,ERR,ERR,ERR,ERR,ERR,ERR,ERR,ERR,ERR,ERR,ERR,ERR,ERR,ERR,ERR,ERR,ERR,ERR,ERR,ERR,ERR,ERR,ERR,ERR,ERR,ERR,ERR,ERR,ERR,ERR,ERR,ERR,ERR,ERR,ERR,ERR,ERR,ERR,ERR,ERR,ERR,ERR,ERR,ERR,ERR,ERR,ERR,ERR,ERR,ERR,ERR,ERR,ERR,ERR,ERR,ERR,ERR,ERR,ERR,ERR,ERR,ERR,ERR,ERR,ERR,ERR,ERR,ERR,ERR,ERR,ERR,ERR,ERR,ERR,ERR,ERR,ERR,ERR,ERR,ERR,ERR,ERR,ERR,ERR,ERR,ERR,ERR,ERR,ERR,0.0,-107615352.0,-0.0,0.0,0.0,1.3936040501711995e+18,7.805,0.0,0,0,4,0,7116,0.0,100,0.0,0.0,0.0,0.0,0.0,0,0,0,0,0.0,0,0,0,0,0,0,0,0,0,0,0,0,0,0,0,0,0,0,0,0,0,0,0,0,0,0,0,0,0,0,0,0,0,31,40,40,71,65476,0,300,0,0,8,21553,0.0,-107605600.0,0.0,0.0,0.0,0.0,0.0,0.0,0.0,0.0,0.0,0.0,0.0,0.0,0.0,0.0,0.0,0.0,0.0,0.0,0.0,0.0,0.0,-2.004,-2.004,-0.0,0.0,0.0,0.0,0.0,4512.0,3.697179536554931e+19,6924.0,0.0,-107615352.0,-107615184.0,0.0,0.0,0.0,0.0,0.0,69,-0.0,-4.95039378082316e+32,0.0,0.0,0.0,0.0,0.0,0.0,0.0,0,0,0,0.0,0.0,0.0,0.0,0.0,0.0,0.0,0.0,0.0,0.0,0.0,0.0,0.0,0.0,0.0,0.0,0,-107875648.0,69,0.0,138,0.0,2.6474604965001363e+23,0,0,17085,39322,17097,0,17077,0,0,0,70,68,100,0.0,82.1,0.0,77.6,0.0,78.5,1,49,50,180,0,13107,0,0,0.0,0.0,0.0,0.0,-0.0,67.0,0.0,162057.094,0.0,965,0,985,0,0,0,945,0,1008,0,905,0,786,0,776,0,821,0,7520,0.032,1.2033618204333965e+19,0.0,0.0,784,16797,-0.0,162057.094,-114818.039,-0.0,0.133,6.909358625270745e+28,30.0,70.0,35,0.0,0.0,0.0,0.0,0.0,0.0,0.0,0.0,0.0,0.0,0.0,0.0,0.0,0.0,0.0,0.0,66.4,0,150,71,51,65476,0,300,0,0,8,20529,65476,0,0,44564,70.0,0.0,0.0,0.0,0.0,0.0
2026-09-10T21:58:49,ERR,ERR,ERR,ERR,ERR,ERR,ERR,ERR,ERR,ERR,ERR,ERR,ERR,ERR,ERR,ERR,ERR,ERR,ERR,ERR,ERR,ERR,ERR,ERR,ERR,ERR,ERR,ERR,ERR,ERR,ERR,ERR,ERR,ERR,ERR,ERR,ERR,ERR,ERR,ERR,ERR,ERR,ERR,ERR,ERR,ERR,ERR,ERR,ERR,ERR,ERR,ERR,ERR,ERR,ERR,ERR,ERR,ERR,ERR,ERR,ERR,ERR,ERR,ERR,ERR,ERR,ERR,ERR,ERR,ERR,ERR,ERR,ERR,ERR,ERR,ERR,ERR,ERR,ERR,ERR,ERR,ERR,ERR,ERR,ERR,ERR,ERR,ERR,ERR,ERR,ERR,ERR,ERR,ERR,ERR,ERR,ERR,ERR,ERR,ERR,ERR,ERR,ERR,ERR,ERR,ERR,ERR,ERR,ERR,ERR,ERR,ERR,ERR,ERR,ERR,ERR,ERR,ERR,ERR,ERR,ERR,ERR,ERR,ERR,ERR,0.0,-107615352.0,-0.0,0.0,0.0,1.3936040501711995e+18,7.805,0.0,0,0,4,0,7116,0.0,100,0.0,0.0,0.0,0.0,0.0,0,0,0,0,0.0,0,0,0,0,0,0,0,0,0,0,0,0,0,0,0,0,0,0,0,0,0,0,0,0,0,0,0,0,0,0,0,0,0,31,40,40,71,65476,0,300,0,0,8,21553,0.0,-107605600.0,0.0,0.0,0.0,0.0,0.0,0.0,0.0,0.0,0.0,0.0,0.0,0.0,0.0,0.0,0.0,0.0,0.0,0.0,0.0,0.0,0.0,-2.004,-2.004,-0.0,0.0,0.0,0.0,0.0,4512.0,3.697179536554931e+19,6924.0,0.0,-107615352.0,-107615184.0,0.0,0.0,0.0,0.0,0.0,69,-0.0,-4.95039378082316e+32,0.0,0.0,0.0,0.0,0.0,0.0,0.0,0,0,0,0.0,0.0,0.0,0.0,0.0,0.0,0.0,0.0,0.0,0.0,0.0,0.0,0.0,0.0,0.0,0.0,0,-107875648.0,69,0.0,138,0.0,2.6474604965001363e+23,0,0,17085,39322,17097,0,17077,0,0,0,70,68,100,0.0,82.1,0.0,77.6,0.0,78.5,1,49,50,180,0,13107,0,0,0.0,0.0,0.0,0.0,-0.0,67.0,0.0,162057.094,0.0,965,0,985,0,0,0,945,0,1008,0,905,0,786,0,776,0,821,0,7520,0.032,1.2033618204333965e+19,0.0,0.0,784,16797,-0.0,162057.094,-114818.039,-0.0,0.133,6.909358625270745e+28,30.0,70.0,35,0.0,0.0,0.0,0.0,0.0,0.0,0.0,0.0,0.0,0.0,0.0,0.0,0.0,0.0,0.0,0.0,66.8,0,150,71,51,65476,0,300,0,0,8,20529,65476,0,0,44564,70.0,0.0,0.0,0.0,0.0,0.0
2026-09-10T21:58:50,ERR,ERR,ERR,ERR,ERR,ERR,ERR,ERR,ERR,ERR,ERR,ERR,ERR,ERR,ERR,ERR,ERR,ERR,ERR,ERR,ERR,ERR,ERR,ERR,ERR,ERR,ERR,ERR,ERR,ERR,ERR,ERR,ERR,ERR,ERR,ERR,ERR,ERR,ERR,ERR,ERR,ERR,ERR,ERR,ERR,ERR,ERR,ERR,ERR,ERR,ERR,ERR,ERR,ERR,ERR,ERR,ERR,ERR,ERR,ERR,ERR,ERR,ERR,ERR,ERR,ERR,ERR,ERR,ERR,ERR,ERR,ERR,ERR,ERR,ERR,ERR,ERR,ERR,ERR,ERR,ERR,ERR,ERR,ERR,ERR,ERR,ERR,ERR,ERR,ERR,ERR,ERR,ERR,ERR,ERR,ERR,ERR,ERR,ERR,ERR,ERR,ERR,ERR,ERR,ERR,ERR,ERR,ERR,ERR,ERR,ERR,ERR,ERR,ERR,ERR,ERR,ERR,ERR,ERR,ERR,ERR,ERR,ERR,ERR,ERR,0.0,-107615352.0,-0.0,0.0,0.0,1.3936040501711995e+18,7.805,0.0,0,0,4,0,7116,0.0,100,0.0,0.0,0.0,0.0,0.0,0,0,0,0,0.0,0,0,0,0,0,0,0,0,0,0,0,0,0,0,0,0,0,0,0,0,0,0,0,0,0,0,0,0,0,0,0,0,0,31,40,40,71,65476,0,300,0,0,8,21553,0.0,-107605600.0,0.0,0.0,0.0,0.0,0.0,0.0,0.0,0.0,0.0,0.0,0.0,0.0,0.0,0.0,0.0,0.0,0.0,0.0,0.0,0.0,0.0,-2.004,-2.004,-0.0,0.0,0.0,0.0,0.0,4512.0,3.697179536554931e+19,6924.0,0.0,-107615352.0,-107615184.0,0.0,0.0,0.0,0.0,0.0,69,-0.0,-4.95039378082316e+32,0.0,0.0,0.0,0.0,0.0,0.0,0.0,0,0,0,0.0,0.0,0.0,0.0,0.0,0.0,0.0,0.0,0.0,0.0,0.0,0.0,0.0,0.0,0.0,0.0,0,-107875648.0,69,0.0,138,0.0,2.6474604965001363e+23,0,0,17085,39322,17097,0,17077,0,0,0,70,68,100,0.0,82.1,0.0,77.6,0.0,78.5,1,49,50,180,0,13107,0,0,0.0,0.0,0.0,0.0,-0.0,67.0,0.0,162057.094,0.0,965,0,985,0,0,0,945,0,1008,0,905,0,786,0,776,0,821,0,7520,0.032,1.2033618204333965e+19,0.0,0.0,784,16797,-0.0,162057.094,-114818.039,-0.0,0.133,6.909358625270745e+28,30.0,70.0,35,0.0,0.0,0.0,0.0,0.0,0.0,0.0,0.0,0.0,0.0,0.0,0.0,0.0,0.0,0.0,0.0,66.8,0,150,71,51,65476,0,300,0,0,8,20529,65476,0,0,44564,70.0,0.0,0.0,0.0,0.0,0.0
2026-09-10T21:58:51,ERR,ERR,ERR,ERR,ERR,ERR,ERR,ERR,ERR,ERR,ERR,ERR,ERR,ERR,ERR,ERR,ERR,ERR,ERR,ERR,ERR,ERR,ERR,ERR,ERR,ERR,ERR,ERR,ERR,ERR,ERR,ERR,ERR,ERR,ERR,ERR,ERR,ERR,ERR,ERR,ERR,ERR,ERR,ERR,ERR,ERR,ERR,ERR,ERR,ERR,ERR,ERR,ERR,ERR,ERR,ERR,ERR,ERR,ERR,ERR,ERR,ERR,ERR,ERR,ERR,ERR,ERR,ERR,ERR,ERR,ERR,ERR,ERR,ERR,ERR,ERR,ERR,ERR,ERR,ERR,ERR,ERR,ERR,ERR,ERR,ERR,ERR,ERR,ERR,ERR,ERR,ERR,ERR,ERR,ERR,ERR,ERR,ERR,ERR,ERR,ERR,ERR,ERR,ERR,ERR,ERR,ERR,ERR,ERR,ERR,ERR,ERR,ERR,ERR,ERR,ERR,ERR,ERR,ERR,ERR,ERR,ERR,ERR,ERR,ERR,0.0,-107615352.0,-0.0,0.0,0.0,1.3936040501711995e+18,7.805,0.0,0,0,4,0,7116,0.0,100,0.0,0.0,0.0,0.0,0.0,0,0,0,0,0.0,0,0,0,0,0,0,0,0,0,0,0,0,0,0,0,0,0,0,0,0,0,0,0,0,0,0,0,0,0,0,0,0,0,31,40,40,71,65476,0,300,0,0,8,21553,0.0,-107605600.0,0.0,0.0,0.0,0.0,0.0,0.0,0.0,0.0,0.0,0.0,0.0,0.0,0.0,0.0,0.0,0.0,0.0,0.0,0.0,0.0,0.0,-2.004,-2.004,-0.0,0.0,0.0,0.0,0.0,4512.0,3.697179536554931e+19,6924.0,0.0,-107615352.0,-107615184.0,0.0,0.0,0.0,0.0,0.0,69,-0.0,-4.95039378082316e+32,0.0,0.0,0.0,0.0,0.0,0.0,0.0,0,0,0,0.0,0.0,0.0,0.0,0.0,0.0,0.0,0.0,0.0,0.0,0.0,0.0,0.0,0.0,0.0,0.0,0,-107875648.0,69,0.0,138,0.0,2.6474604965001363e+23,0,0,17085,39322,17097,0,17077,0,0,0,70,68,100,0.0,82.1,0.0,77.6,0.0,78.5,1,49,50,180,0,13107,0,0,0.0,0.0,0.0,0.0,-0.0,67.0,0.0,162057.094,0.0,965,0,985,0,0,0,945,0,1008,0,905,0,786,0,776,0,821,0,7520,0.032,1.2033618204333965e+19,0.0,0.0,784,16797,-0.0,162057.094,-114818.039,-0.0,0.133,6.909358625270745e+28,30.0,70.0,35,0.0,0.0,0.0,0.0,0.0,0.0,0.0,0.0,0.0,0.0,0.0,0.0,0.0,0.0,0.0,0.0,66.8,0,150,71,51,65476,0,300,0,0,8,20529,65476,0,0,44564,70.0,0.0,0.0,0.0,0.0,0.0
2026-09-10T21:58:52,ERR,ERR,ERR,ERR,ERR,ERR,ERR,ERR,ERR,ERR,ERR,ERR,ERR,ERR,ERR,ERR,ERR,ERR,ERR,ERR,ERR,ERR,ERR,ERR,ERR,ERR,ERR,ERR,ERR,ERR,ERR,ERR,ERR,ERR,ERR,ERR,ERR,ERR,ERR,ERR,ERR,ERR,ERR,ERR,ERR,ERR,ERR,ERR,ERR,ERR,ERR,ERR,ERR,ERR,ERR,ERR,ERR,ERR,ERR,ERR,ERR,ERR,ERR,ERR,ERR,ERR,ERR,ERR,ERR,ERR,ERR,ERR,ERR,ERR,ERR,ERR,ERR,ERR,ERR,ERR,ERR,ERR,ERR,ERR,ERR,ERR,ERR,ERR,ERR,ERR,ERR,ERR,ERR,ERR,ERR,ERR,ERR,ERR,ERR,ERR,ERR,ERR,ERR,ERR,ERR,ERR,ERR,ERR,ERR,ERR,ERR,ERR,ERR,ERR,ERR,ERR,ERR,ERR,ERR,ERR,ERR,ERR,ERR,ERR,ERR,0.0,-107615352.0,-0.0,0.0,0.0,1.3936040501711995e+18,7.805,0.0,0,0,4,0,7116,0.0,100,0.0,0.0,0.0,0.0,0.0,0,0,0,0,0.0,0,0,0,0,0,0,0,0,0,0,0,0,0,0,0,0,0,0,0,0,0,0,0,0,0,0,0,0,0,0,0,0,0,31,40,40,71,65476,0,300,0,0,8,21553,0.0,-107605600.0,0.0,0.0,0.0,0.0,0.0,0.0,0.0,0.0,0.0,0.0,0.0,0.0,0.0,0.0,0.0,0.0,0.0,0.0,0.0,0.0,0.0,-2.004,-2.004,-0.0,0.0,0.0,0.0,0.0,4512.0,3.697179536554931e+19,6924.0,0.0,-107615352.0,-107615184.0,0.0,0.0,0.0,0.0,0.0,69,-0.0,-4.95039378082316e+32,0.0,0.0,0.0,0.0,0.0,0.0,0.0,0,0,0,0.0,0.0,0.0,0.0,0.0,0.0,0.0,0.0,0.0,0.0,0.0,0.0,0.0,0.0,0.0,0.0,0,-107875648.0,69,0.0,138,0.0,2.6474604965001363e+23,0,0,17085,39322,17097,0,17077,0,0,0,70,68,100,0.0,82.1,0.0,77.6,0.0,78.5,1,49,50,180,0,13107,0,0,0.0,0.0,0.0,0.0,-0.0,67.0,0.0,162057.094,0.0,965,0,985,0,0,0,945,0,1008,0,905,0,786,0,776,0,821,0,7520,0.032,1.2033618204333965e+19,0.0,0.0,784,16797,-0.0,162057.094,-114818.039,-0.0,0.133,6.909358625270745e+28,30.0,70.0,35,0.0,0.0,0.0,0.0,0.0,0.0,0.0,0.0,0.0,0.0,0.0,0.0,0.0,0.0,0.0,0.0,66.4,0,150,71,51,65476,0,300,0,0,8,20529,65476,0,0,44564,70.0,0.0,0.0,0.0,0.0,0.0
2026-09-10T21:58:53,ERR,ERR,ERR,ERR,ERR,ERR,ERR,ERR,ERR,ERR,ERR,ERR,ERR,ERR,ERR,ERR,ERR,ERR,ERR,ERR,ERR,ERR,ERR,ERR,ERR,ERR,ERR,ERR,ERR,ERR,ERR,ERR,ERR,ERR,ERR,ERR,ERR,ERR,ERR,ERR,ERR,ERR,ERR,ERR,ERR,ERR,ERR,ERR,ERR,ERR,ERR,ERR,ERR,ERR,ERR,ERR,ERR,ERR,ERR,ERR,ERR,ERR,ERR,ERR,ERR,ERR,ERR,ERR,ERR,ERR,ERR,ERR,ERR,ERR,ERR,ERR,ERR,ERR,ERR,ERR,ERR,ERR,ERR,ERR,ERR,ERR,ERR,ERR,ERR,ERR,ERR,ERR,ERR,ERR,ERR,ERR,ERR,ERR,ERR,ERR,ERR,ERR,ERR,ERR,ERR,ERR,ERR,ERR,ERR,ERR,ERR,ERR,ERR,ERR,ERR,ERR,ERR,ERR,ERR,ERR,ERR,ERR,ERR,ERR,ERR,0.0,-107615352.0,-0.0,0.0,0.0,1.3936040501711995e+18,7.805,0.0,0,0,4,0,7116,0.0,100,0.0,0.0,0.0,0.0,0.0,0,0,0,0,0.0,0,0,0,0,0,0,0,0,0,0,0,0,0,0,0,0,0,0,0,0,0,0,0,0,0,0,0,0,0,0,0,0,0,31,40,40,71,65476,0,300,0,0,8,21553,0.0,-107605600.0,0.0,0.0,0.0,0.0,0.0,0.0,0.0,0.0,0.0,0.0,0.0,0.0,0.0,0.0,0.0,0.0,0.0,0.0,0.0,0.0,0.0,-2.004,-2.004,-0.0,0.0,0.0,0.0,0.0,4512.0,3.697179536554931e+19,6924.0,0.0,-107615352.0,-107615184.0,0.0,0.0,0.0,0.0,0.0,69,-0.0,-4.95039378082316e+32,0.0,0.0,0.0,0.0,0.0,0.0,0.0,0,0,0,0.0,0.0,0.0,0.0,0.0,0.0,0.0,0.0,0.0,0.0,0.0,0.0,0.0,0.0,0.0,0.0,0,-107875648.0,69,0.0,138,0.0,2.6474604965001363e+23,0,0,17085,39322,17097,0,17077,0,0,0,70,68,100,0.0,82.1,0.0,77.6,0.0,78.5,1,49,50,180,0,13107,0,0,0.0,0.0,0.0,0.0,-0.0,67.0,0.0,162057.094,0.0,965,0,985,0,0,0,945,0,1007,0,905,0,786,0,776,0,821,0,7520,0.032,1.188950301625811e+19,0.0,0.0,784,16797,-0.0,162057.094,-114818.039,-0.0,0.133,6.909358625270745e+28,30.0,70.0,35,0.0,0.0,0.0,0.0,0.0,0.0,0.0,0.0,0.0,0.0,0.0,0.0,0.0,0.0,0.0,0.0,66.4,0,150,71,51,65476,0,300,0,0,8,20529,65476,0,0,44564,70.0,0.0,0.0,0.0,0.0,0.0
2026-09-10T21:58:54,ERR,ERR,ERR,ERR,ERR,ERR,ERR,ERR,ERR,ERR,ERR,ERR,ERR,ERR,ERR,ERR,ERR,ERR,ERR,ERR,ERR,ERR,ERR,ERR,ERR,ERR,ERR,ERR,ERR,ERR,ERR,ERR,ERR,ERR,ERR,ERR,ERR,ERR,ERR,ERR,ERR,ERR,ERR,ERR,ERR,ERR,ERR,ERR,ERR,ERR,ERR,ERR,ERR,ERR,ERR,ERR,ERR,ERR,ERR,ERR,ERR,ERR,ERR,ERR,ERR,ERR,ERR,ERR,ERR,ERR,ERR,ERR,ERR,ERR,ERR,ERR,ERR,ERR,ERR,ERR,ERR,ERR,ERR,ERR,ERR,ERR,ERR,ERR,ERR,ERR,ERR,ERR,ERR,ERR,ERR,ERR,ERR,ERR,ERR,ERR,ERR,ERR,ERR,ERR,ERR,ERR,ERR,ERR,ERR,ERR,ERR,ERR,ERR,ERR,ERR,ERR,ERR,ERR,ERR,ERR,ERR,ERR,ERR,ERR,ERR,0.0,-107615352.0,-0.0,0.0,0.0,1.3936040501711995e+18,7.805,0.0,0,0,4,0,7116,0.0,100,0.0,0.0,0.0,0.0,0.0,0,0,0,0,0.0,0,0,0,0,0,0,0,0,0,0,0,0,0,0,0,0,0,0,0,0,0,0,0,0,0,0,0,0,0,0,0,0,0,31,40,40,71,65476,0,300,0,0,8,21553,0.0,-107605600.0,0.0,0.0,0.0,0.0,0.0,0.0,0.0,0.0,0.0,0.0,0.0,0.0,0.0,0.0,0.0,0.0,0.0,0.0,0.0,0.0,0.0,-2.004,-2.004,-0.0,0.0,0.0,0.0,0.0,4512.0,3.697179536554931e+19,6924.0,0.0,-107615352.0,-107615184.0,0.0,0.0,0.0,0.0,0.0,69,-0.0,-4.95039378082316e+32,0.0,0.0,0.0,0.0,0.0,0.0,0.0,0,0,0,0.0,0.0,0.0,0.0,0.0,0.0,0.0,0.0,0.0,0.0,0.0,0.0,0.0,0.0,0.0,0.0,0,-107875648.0,69,0.0,138,0.0,2.6474604965001363e+23,0,0,17085,39322,17097,0,17077,0,0,0,70,68,100,0.0,82.1,0.0,77.6,0.0,78.5,1,49,50,180,0,13107,0,0,0.0,0.0,0.0,0.0,-0.0,67.0,0.0,162057.094,0.0,965,0,985,0,0,0,945,0,1007,0,905,0,786,0,776,0,821,0,7520,0.032,1.188950301625811e+19,0.0,0.0,784,16797,-0.0,162057.094,-114818.039,-0.0,0.133,6.909358625270745e+28,30.0,70.0,35,0.0,0.0,0.0,0.0,0.0,0.0,0.0,0.0,0.0,0.0,0.0,0.0,0.0,0.0,0.0,0.0,66.4,0,150,71,51,65476,0,300,0,0,8,20529,65476,0,0,44564,70.0,0.0,0.0,0.0,0.0,0.0
2026-09-10T21:58:55,ERR,ERR,ERR,ERR,ERR,ERR,ERR,ERR,ERR,ERR,ERR,ERR,ERR,ERR,ERR,ERR,ERR,ERR,ERR,ERR,ERR,ERR,ERR,ERR,ERR,ERR,ERR,ERR,ERR,ERR,ERR,ERR,ERR,ERR,ERR,ERR,ERR,ERR,ERR,ERR,ERR,ERR,ERR,ERR,ERR,ERR,ERR,ERR,ERR,ERR,ERR,ERR,ERR,ERR,ERR,ERR,ERR,ERR,ERR,ERR,ERR,ERR,ERR,ERR,ERR,ERR,ERR,ERR,ERR,ERR,ERR,ERR,ERR,ERR,ERR,ERR,ERR,ERR,ERR,ERR,ERR,ERR,ERR,ERR,ERR,ERR,ERR,ERR,ERR,ERR,ERR,ERR,ERR,ERR,ERR,ERR,ERR,ERR,ERR,ERR,ERR,ERR,ERR,ERR,ERR,ERR,ERR,ERR,ERR,ERR,ERR,ERR,ERR,ERR,ERR,ERR,ERR,ERR,ERR,ERR,ERR,ERR,ERR,ERR,ERR,0.0,-107615352.0,0.0,0.0,0.0,1.3936040501711995e+18,7.805,0.0,0,0,4,0,7116,0.0,100,0.0,0.0,0.0,0.0,0.0,0,0,0,0,0.0,0,0,0,0,0,0,0,0,0,0,0,0,0,0,0,0,0,0,0,0,0,0,0,0,0,0,0,0,0,0,0,0,0,31,40,40,71,65476,0,300,0,0,8,21553,0.0,-107605600.0,0.0,0.0,0.0,0.0,0.0,0.0,0.0,0.0,0.0,0.0,0.0,0.0,0.0,0.0,0.0,0.0,0.0,0.0,0.0,0.0,-2.004,-2.004,-2.004,2.004,0.0,0.0,0.0,0.0,4514.0,564144826744832.0,6923.0,0.0,-107615352.0,-107615184.0,0.0,0.0,0.0,0.0,0.0,69,-0.0,-3.221995388546138e+26,0.0,0.0,0.0,0.0,0.0,0.0,0.0,0,0,0,0.0,0.0,0.0,0.0,0.0,0.0,0.0,0.0,0.0,0.0,0.0,0.0,0.0,0.0,0.0,0.0,0,-107875648.0,69,0.0,138,0.0,2.6474604965001363e+23,0,0,17085,39322,17097,0,17077,0,0,0,70,68,100,0.0,82.1,0.0,77.6,0.0,78.5,1,49,50,180,0,13107,0,0,0.0,0.0,0.0,0.0,-0.0,67.0,0.0,162057.094,0.0,965,0,985,0,0,0,945,0,1007,0,905,0,786,0,776,0,821,0,7520,0.032,1.188950301625811e+19,0.0,0.0,784,16797,-0.0,162057.094,-114818.039,-0.0,0.133,6.909358625270745e+28,30.0,70.0,35,0.0,0.0,0.0,0.0,0.0,0.0,0.0,0.0,0.0,0.0,0.0,0.0,0.0,0.0,0.0,0.0,66.4,0,150,71,51,65476,0,300,0,0,8,20529,65476,0,0,44564,70.0,0.0,0.0,0.0,0.0,0.0
2026-09-10T21:58:56,ERR,ERR,ERR,ERR,ERR,ERR,ERR,ERR,ERR,ERR,ERR,ERR,ERR,ERR,ERR,ERR,ERR,ERR,ERR,ERR,ERR,ERR,ERR,ERR,ERR,ERR,ERR,ERR,ERR,ERR,ERR,ERR,ERR,ERR,ERR,ERR,ERR,ERR,ERR,ERR,ERR,ERR,ERR,ERR,ERR,ERR,ERR,ERR,ERR,ERR,ERR,ERR,ERR,ERR,ERR,ERR,ERR,ERR,ERR,ERR,ERR,ERR,ERR,ERR,ERR,ERR,ERR,ERR,ERR,ERR,ERR,ERR,ERR,ERR,ERR,ERR,ERR,ERR,ERR,ERR,ERR,ERR,ERR,ERR,ERR,ERR,ERR,ERR,ERR,ERR,ERR,ERR,ERR,ERR,ERR,ERR,ERR,ERR,ERR,ERR,ERR,ERR,ERR,ERR,ERR,ERR,ERR,ERR,ERR,ERR,ERR,ERR,ERR,ERR,ERR,ERR,ERR,ERR,ERR,ERR,ERR,ERR,ERR,ERR,ERR,0.0,-107615352.0,0.0,0.0,0.0,1.3936040501711995e+18,7.805,0.0,0,0,4,0,7116,0.0,100,0.0,0.0,0.0,0.0,0.0,0,0,0,0,0.0,0,0,0,0,0,0,0,0,0,0,0,0,0,0,0,0,0,0,0,0,0,0,0,0,0,0,0,0,0,0,0,0,0,31,40,40,71,65476,0,300,0,0,8,21553,0.0,-107605600.0,0.0,0.0,0.0,0.0,0.0,0.0,0.0,0.0,0.0,0.0,0.0,0.0,0.0,0.0,0.0,0.0,0.0,0.0,0.0,0.0,-2.004,-2.004,-2.004,2.004,0.0,0.0,0.0,0.0,4514.0,564144826744832.0,6923.0,0.0,-107615352.0,-107615184.0,0.0,0.0,0.0,0.0,0.0,69,-0.0,-3.221995388546138e+26,0.0,0.0,0.0,0.0,0.0,0.0,0.0,0,0,0,0.0,0.0,0.0,0.0,0.0,0.0,0.0,0.0,0.0,0.0,0.0,0.0,0.0,0.0,0.0,0.0,0,-107875648.0,69,0.0,138,0.0,2.6474604965001363e+23,0,0,17085,39322,17097,0,17077,0,0,0,70,68,100,0.0,82.1,0.0,77.6,0.0,78.5,1,49,50,180,0,13107,0,0,0.0,0.0,0.0,0.0,-0.0,67.0,0.0,162057.094,0.0,965,0,985,0,0,0,945,0,1007,0,905,0,786,0,776,0,821,0,7520,0.032,1.188950301625811e+19,0.0,0.0,784,16797,-0.0,162057.094,-114818.039,-0.0,0.133,6.909358625270745e+28,30.0,70.0,35,0.0,0.0,0.0,0.0,0.0,0.0,0.0,0.0,0.0,0.0,0.0,0.0,0.0,0.0,0.0,0.0,66.4,0,150,71,51,65476,0,300,0,0,8,20529,65476,0,0,44564,70.0,0.0,0.0,0.0,0.0,0.0
2026-09-10T21:58:57,ERR,ERR,ERR,ERR,ERR,ERR,ERR,ERR,ERR,ERR,ERR,ERR,ERR,ERR,ERR,ERR,ERR,ERR,ERR,ERR,ERR,ERR,ERR,ERR,ERR,ERR,ERR,ERR,ERR,ERR,ERR,ERR,ERR,ERR,ERR,ERR,ERR,ERR,ERR,ERR,ERR,ERR,ERR,ERR,ERR,ERR,ERR,ERR,ERR,ERR,ERR,ERR,ERR,ERR,ERR,ERR,ERR,ERR,ERR,ERR,ERR,ERR,ERR,ERR,ERR,ERR,ERR,ERR,ERR,ERR,ERR,ERR,ERR,ERR,ERR,ERR,ERR,ERR,ERR,ERR,ERR,ERR,ERR,ERR,ERR,ERR,ERR,ERR,ERR,ERR,ERR,ERR,ERR,ERR,ERR,ERR,ERR,ERR,ERR,ERR,ERR,ERR,ERR,ERR,ERR,ERR,ERR,ERR,ERR,ERR,ERR,ERR,ERR,ERR,ERR,ERR,ERR,ERR,ERR,ERR,ERR,ERR,ERR,ERR,ERR,0.0,-107615352.0,0.0,0.0,0.0,1.3936040501711995e+18,7.805,0.0,0,0,4,0,7116,0.0,100,0.0,0.0,0.0,0.0,0.0,0,0,0,0,0.0,0,0,0,0,0,0,0,0,0,0,0,0,0,0,0,0,0,0,0,0,0,0,0,0,0,0,0,0,0,0,0,0,0,31,40,40,71,65476,0,300,0,0,8,21553,0.0,-107605600.0,0.0,0.0,0.0,0.0,0.0,0.0,0.0,0.0,0.0,0.0,0.0,0.0,0.0,0.0,0.0,0.0,0.0,0.0,0.0,0.0,-2.004,-2.004,-2.004,2.004,0.0,0.0,0.0,0.0,4514.0,564144826744832.0,6923.0,0.0,-107615352.0,-107615184.0,0.0,0.0,0.0,0.0,0.0,69,-0.0,-3.221995388546138e+26,0.0,0.0,0.0,0.0,0.0,0.0,0.0,0,0,0,0.0,0.0,0.0,0.0,0.0,0.0,0.0,0.0,0.0,0.0,0.0,0.0,0.0,0.0,0.0,0.0,0,-107875648.0,69,0.0,138,0.0,2.6474604965001363e+23,0,0,17085,39322,17097,0,17077,0,0,0,70,68,100,0.0,82.1,0.0,77.6,0.0,78.5,1,49,50,180,0,13107,0,0,0.0,0.0,0.0,0.0,-0.0,67.0,0.0,162057.094,0.0,965,0,985,0,0,0,945,0,1007,0,905,0,786,0,776,0,821,0,7520,0.032,1.188950301625811e+19,0.0,0.0,784,16797,-0.0,162057.094,-114818.039,-0.0,0.133,6.909358625270745e+28,30.0,70.0,35,0.0,0.0,0.0,0.0,0.0,0.0,0.0,0.0,0.0,0.0,0.0,0.0,0.0,0.0,0.0,0.0,66.4,0,150,71,51,65476,0,300,0,0,8,20529,65476,0,0,44564,70.0,0.0,0.0,0.0,0.0,0.0
2026-09-10T21:58:58,ERR,ERR,ERR,ERR,ERR,ERR,ERR,ERR,ERR,ERR,ERR,ERR,ERR,ERR,ERR,ERR,ERR,ERR,ERR,ERR,ERR,ERR,ERR,ERR,ERR,ERR,ERR,ERR,ERR,ERR,ERR,ERR,ERR,ERR,ERR,ERR,ERR,ERR,ERR,ERR,ERR,ERR,ERR,ERR,ERR,ERR,ERR,ERR,ERR,ERR,ERR,ERR,ERR,ERR,ERR,ERR,ERR,ERR,ERR,ERR,ERR,ERR,ERR,ERR,ERR,ERR,ERR,ERR,ERR,ERR,ERR,ERR,ERR,ERR,ERR,ERR,ERR,ERR,ERR,ERR,ERR,ERR,ERR,ERR,ERR,ERR,ERR,ERR,ERR,ERR,ERR,ERR,ERR,ERR,ERR,ERR,ERR,ERR,ERR,ERR,ERR,ERR,ERR,ERR,ERR,ERR,ERR,ERR,ERR,ERR,ERR,ERR,ERR,ERR,ERR,ERR,ERR,ERR,ERR,ERR,ERR,ERR,ERR,ERR,ERR,0.0,-107615352.0,0.0,0.0,0.0,1.3936040501711995e+18,7.805,0.0,0,0,4,0,7116,0.0,100,0.0,0.0,0.0,0.0,0.0,0,0,0,0,0.0,0,0,0,0,0,0,0,0,0,0,0,0,0,0,0,0,0,0,0,0,0,0,0,0,0,0,0,0,0,0,0,0,0,31,40,40,71,65476,0,300,0,0,8,21553,0.0,-107605600.0,0.0,0.0,0.0,0.0,0.0,0.0,0.0,0.0,0.0,0.0,0.0,0.0,0.0,0.0,0.0,0.0,0.0,0.0,0.0,0.0,-2.004,-2.004,-2.004,2.004,0.0,0.0,0.0,0.0,4514.0,564144826744832.0,6923.0,0.0,-107615352.0,-107615184.0,0.0,0.0,0.0,0.0,0.0,69,-0.0,-3.221995388546138e+26,0.0,0.0,0.0,0.0,0.0,0.0,0.0,0,0,0,0.0,0.0,0.0,0.0,0.0,0.0,0.0,0.0,0.0,0.0,0.0,0.0,0.0,0.0,0.0,0.0,0,-107875648.0,69,0.0,138,0.0,2.6474604965001363e+23,0,0,17085,39322,17097,0,17077,0,0,0,70,68,100,0.0,82.1,0.0,77.6,0.0,78.5,1,49,50,180,0,13107,0,0,0.0,0.0,0.0,0.0,-0.0,67.0,0.0,162057.094,0.0,965,0,985,0,0,0,945,0,1007,0,905,0,786,0,776,0,821,0,7520,0.032,1.188950301625811e+19,0.0,0.0,784,16797,-0.0,162057.094,-114818.039,-0.0,0.133,6.909358625270745e+28,30.0,70.0,35,0.0,0.0,0.0,0.0,0.0,0.0,0.0,0.0,0.0,0.0,0.0,0.0,0.0,0.0,0.0,0.0,66.4,0,150,71,51,65476,0,300,0,0,8,20529,65476,0,0,44564,70.0,0.0,0.0,0.0,0.0,0.0
2026-09-10T21:58:59,ERR,ERR,ERR,ERR,ERR,ERR,ERR,ERR,ERR,ERR,ERR,ERR,ERR,ERR,ERR,ERR,ERR,ERR,ERR,ERR,ERR,ERR,ERR,ERR,ERR,ERR,ERR,ERR,ERR,ERR,ERR,ERR,ERR,ERR,ERR,ERR,ERR,ERR,ERR,ERR,ERR,ERR,ERR,ERR,ERR,ERR,ERR,ERR,ERR,ERR,ERR,ERR,ERR,ERR,ERR,ERR,ERR,ERR,ERR,ERR,ERR,ERR,ERR,ERR,ERR,ERR,ERR,ERR,ERR,ERR,ERR,ERR,ERR,ERR,ERR,ERR,ERR,ERR,ERR,ERR,ERR,ERR,ERR,ERR,ERR,ERR,ERR,ERR,ERR,ERR,ERR,ERR,ERR,ERR,ERR,ERR,ERR,ERR,ERR,ERR,ERR,ERR,ERR,ERR,ERR,ERR,ERR,ERR,ERR,ERR,ERR,ERR,ERR,ERR,ERR,ERR,ERR,ERR,ERR,ERR,ERR,ERR,ERR,ERR,ERR,0.0,-107615352.0,0.0,0.0,0.0,1.3936040501711995e+18,7.805,0.0,0,0,4,0,7116,0.0,100,0.0,0.0,0.0,0.0,0.0,0,0,0,0,0.0,0,0,0,0,0,0,0,0,0,0,0,0,0,0,0,0,0,0,0,0,0,0,0,0,0,0,0,0,0,0,0,0,0,31,40,40,71,65476,0,300,0,0,8,21553,0.0,-107605600.0,0.0,0.0,0.0,0.0,0.0,0.0,0.0,0.0,0.0,0.0,0.0,0.0,0.0,0.0,0.0,0.0,0.0,0.0,0.0,0.0,-2.004,-2.004,-2.004,2.004,0.0,0.0,0.0,0.0,4514.0,564144826744832.0,6923.0,0.0,-107615352.0,-107615184.0,0.0,0.0,0.0,0.0,0.0,69,-0.0,-3.221995388546138e+26,0.0,0.0,0.0,0.0,0.0,0.0,0.0,0,0,0,0.0,0.0,0.0,0.0,0.0,0.0,0.0,0.0,0.0,0.0,0.0,0.0,0.0,0.0,0.0,0.0,0,-107875648.0,69,0.0,138,0.0,2.6474604965001363e+23,0,0,17085,26215,17097,52429,17076,0,0,0,70,68,100,0.0,82.1,0.0,77.6,0.0,78.5,1,49,50,180,0,13107,0,0,0.0,0.0,0.0,0.0,-0.0,67.0,0.0,162057.094,0.0,965,0,986,0,0,0,945,0,1007,0,905,0,786,0,775,0,821,0,7520,0.032,1.1385099857992614e+19,0.0,0.0,784,16797,-0.0,162057.094,-114818.039,-0.0,0.133,6.909358625270745e+28,30.0,70.0,35,0.0,0.0,0.0,0.0,0.0,0.0,0.0,0.0,0.0,0.0,0.0,0.0,0.0,0.0,0.0,0.0,66.4,0,150,71,51,65476,0,300,0,0,8,20529,65476,0,0,44564,70.0,0.0,0.0,0.0,0.0,0.0
2026-09-10T21:59:00,ERR,ERR,ERR,ERR,ERR,ERR,ERR,ERR,ERR,ERR,ERR,ERR,ERR,ERR,ERR,ERR,ERR,ERR,ERR,ERR,ERR,ERR,ERR,ERR,ERR,ERR,ERR,ERR,ERR,ERR,ERR,ERR,ERR,ERR,ERR,ERR,ERR,ERR,ERR,ERR,ERR,ERR,ERR,ERR,ERR,ERR,ERR,ERR,ERR,ERR,ERR,ERR,ERR,ERR,ERR,ERR,ERR,ERR,ERR,ERR,ERR,ERR,ERR,ERR,ERR,ERR,ERR,ERR,ERR,ERR,ERR,ERR,ERR,ERR,ERR,ERR,ERR,ERR,ERR,ERR,ERR,ERR,ERR,ERR,ERR,ERR,ERR,ERR,ERR,ERR,ERR,ERR,ERR,ERR,ERR,ERR,ERR,ERR,ERR,ERR,ERR,ERR,ERR,ERR,ERR,ERR,ERR,ERR,ERR,ERR,ERR,ERR,ERR,ERR,ERR,ERR,ERR,ERR,ERR,ERR,ERR,ERR,ERR,ERR,ERR,0.0,-107615352.0,0.0,0.0,0.0,1.3936040501711995e+18,7.805,0.0,0,0,4,0,7116,0.0,100,0.0,0.0,0.0,0.0,0.0,0,0,0,0,0.0,0,0,0,0,0,0,0,0,0,0,0,0,0,0,0,0,0,0,0,0,0,0,0,0,0,0,0,0,0,0,0,0,0,31,40,40,71,65476,0,300,0,0,8,21553,0.0,-107605600.0,0.0,0.0,0.0,0.0,0.0,0.0,0.0,0.0,0.0,0.0,0.0,0.0,0.0,0.0,0.0,0.0,0.0,0.0,0.0,0.0,-2.004,-2.004,-2.004,2.004,0.0,0.0,0.0,0.0,4514.0,564144826744832.0,6923.0,0.0,-107615352.0,-107615184.0,0.0,0.0,0.0,0.0,0.0,69,-0.0,-3.221995388546138e+26,0.0,0.0,0.0,0.0,0.0,0.0,0.0,0,0,0,0.0,0.0,0.0,0.0,0.0,0.0,0.0,0.0,0.0,0.0,0.0,0.0,0.0,0.0,0.0,0.0,0,-107875648.0,69,0.0,138,0.0,2.6474604965001363e+23,0,0,17085,26215,17097,52429,17076,0,0,0,70,68,100,0.0,82.1,0.0,77.6,0.0,78.5,1,49,50,180,0,13107,0,0,0.0,0.0,0.0,0.0,-0.0,67.0,0.0,162057.094,0.0,965,0,986,0,0,0,945,0,1007,0,905,0,786,0,775,0,821,0,7520,0.032,1.1385099857992614e+19,0.0,0.0,784,16797,-0.0,162057.094,-114818.039,-0.0,0.133,6.909358625270745e+28,30.0,70.0,35,0.0,0.0,0.0,0.0,0.0,0.0,0.0,0.0,0.0,0.0,0.0,0.0,0.0,0.0,0.0,0.0,66.8,0,150,71,51,65476,0,300,0,0,8,20529,65476,0,0,44564,70.0,0.0,0.0,0.0,0.0,0.0
2026-09-10T21:59:01,ERR,ERR,ERR,ERR,ERR,ERR,ERR,ERR,ERR,ERR,ERR,ERR,ERR,ERR,ERR,ERR,ERR,ERR,ERR,ERR,ERR,ERR,ERR,ERR,ERR,ERR,ERR,ERR,ERR,ERR,ERR,ERR,ERR,ERR,ERR,ERR,ERR,ERR,ERR,ERR,ERR,ERR,ERR,ERR,ERR,ERR,ERR,ERR,ERR,ERR,ERR,ERR,ERR,ERR,ERR,ERR,ERR,ERR,ERR,ERR,ERR,ERR,ERR,ERR,ERR,ERR,ERR,ERR,ERR,ERR,ERR,ERR,ERR,ERR,ERR,ERR,ERR,ERR,ERR,ERR,ERR,ERR,ERR,ERR,ERR,ERR,ERR,ERR,ERR,ERR,ERR,ERR,ERR,ERR,ERR,ERR,ERR,ERR,ERR,ERR,ERR,ERR,ERR,ERR,ERR,ERR,ERR,ERR,ERR,ERR,ERR,ERR,ERR,ERR,ERR,ERR,ERR,ERR,ERR,ERR,ERR,ERR,ERR,ERR,ERR,0.0,-107615352.0,0.0,0.0,0.0,1.3936040501711995e+18,7.805,0.0,0,0,4,0,7116,0.0,100,0.0,0.0,0.0,0.0,0.0,0,0,0,0,0.0,0,0,0,0,0,0,0,0,0,0,0,0,0,0,0,0,0,0,0,0,0,0,0,0,0,0,0,0,0,0,0,0,0,31,40,40,71,65476,0,300,0,0,8,21553,0.0,-107605600.0,0.0,0.0,0.0,0.0,0.0,0.0,0.0,0.0,0.0,0.0,0.0,0.0,0.0,0.0,0.0,0.0,0.0,0.0,0.0,0.0,-2.004,-2.004,-2.004,2.004,0.0,0.0,0.0,0.0,4514.0,564144826744832.0,6923.0,0.0,-107615352.0,-107615184.0,0.0,0.0,0.0,0.0,0.0,69,-0.0,-3.221995388546138e+26,0.0,0.0,0.0,0.0,0.0,0.0,0.0,0,0,0,0.0,0.0,0.0,0.0,0.0,0.0,0.0,0.0,0.0,0.0,0.0,0.0,0.0,0.0,0.0,0.0,0,-107875648.0,69,0.0,138,0.0,2.6474604965001363e+23,0,0,17085,26215,17097,52429,17076,0,0,0,70,68,100,0.0,82.1,0.0,77.6,0.0,78.5,1,49,50,180,0,13107,0,0,0.0,0.0,0.0,0.0,-0.0,67.0,0.0,162057.094,0.0,965,0,986,0,0,0,945,0,1007,0,905,0,786,0,775,0,821,0,7520,0.032,1.1385099857992614e+19,0.0,0.0,784,16797,-0.0,162057.094,-114818.039,-0.0,0.133,6.909358625270745e+28,30.0,70.0,35,0.0,0.0,0.0,0.0,0.0,0.0,0.0,0.0,0.0,0.0,0.0,0.0,0.0,0.0,0.0,0.0,66.8,0,150,71,51,65476,0,300,0,0,8,20529,65476,0,0,44564,70.0,0.0,0.0,0.0,0.0,0.0
2026-09-10T21:59:02,ERR,ERR,ERR,ERR,ERR,ERR,ERR,ERR,ERR,ERR,ERR,ERR,ERR,ERR,ERR,ERR,ERR,ERR,ERR,ERR,ERR,ERR,ERR,ERR,ERR,ERR,ERR,ERR,ERR,ERR,ERR,ERR,ERR,ERR,ERR,ERR,ERR,ERR,ERR,ERR,ERR,ERR,ERR,ERR,ERR,ERR,ERR,ERR,ERR,ERR,ERR,ERR,ERR,ERR,ERR,ERR,ERR,ERR,ERR,ERR,ERR,ERR,ERR,ERR,ERR,ERR,ERR,ERR,ERR,ERR,ERR,ERR,ERR,ERR,ERR,ERR,ERR,ERR,ERR,ERR,ERR,ERR,ERR,ERR,ERR,ERR,ERR,ERR,ERR,ERR,ERR,ERR,ERR,ERR,ERR,ERR,ERR,ERR,ERR,ERR,ERR,ERR,ERR,ERR,ERR,ERR,ERR,ERR,ERR,ERR,ERR,ERR,ERR,ERR,ERR,ERR,ERR,ERR,ERR,ERR,ERR,ERR,ERR,ERR,ERR,0.0,-107615352.0,0.0,0.0,0.0,1.3936040501711995e+18,7.805,0.0,0,0,4,0,7116,0.0,100,0.0,0.0,0.0,0.0,0.0,0,0,0,0,0.0,0,0,0,0,0,0,0,0,0,0,0,0,0,0,0,0,0,0,0,0,0,0,0,0,0,0,0,0,0,0,0,0,0,31,40,40,71,65476,0,300,0,0,8,21553,0.0,-107605600.0,0.0,0.0,0.0,0.0,0.0,0.0,0.0,0.0,0.0,0.0,0.0,0.0,0.0,0.0,0.0,0.0,0.0,0.0,0.0,0.0,-2.004,-2.004,-2.004,2.004,0.0,0.0,0.0,0.0,4514.0,564144826744832.0,6923.0,0.0,-107615352.0,-107615184.0,0.0,0.0,0.0,0.0,0.0,69,-0.0,-3.221995388546138e+26,0.0,0.0,0.0,0.0,0.0,0.0,0.0,0,0,0,0.0,0.0,0.0,0.0,0.0,0.0,0.0,0.0,0.0,0.0,0.0,0.0,0.0,0.0,0.0,0.0,0,-107875648.0,69,0.0,138,0.0,2.6474604965001363e+23,0,0,17085,26215,17097,52429,17076,0,0,0,70,68,100,0.0,82.1,0.0,77.6,0.0,78.5,1,49,50,180,0,13107,0,0,0.0,0.0,0.0,0.0,-0.0,67.0,0.0,162057.094,0.0,965,0,986,0,0,0,945,0,1007,0,905,0,786,0,775,0,821,0,7520,0.032,1.1385099857992614e+19,0.0,0.0,784,16797,-0.0,162057.094,-114818.039,-0.0,0.133,6.909358625270745e+28,30.0,70.0,35,0.0,0.0,0.0,0.0,0.0,0.0,0.0,0.0,0.0,0.0,0.0,0.0,0.0,0.0,0.0,0.0,66.8,0,150,71,51,65476,0,300,0,0,8,20529,65476,0,0,44564,70.0,0.0,0.0,0.0,0.0,0.0
2026-09-10T21:59:03,ERR,ERR,ERR,ERR,ERR,ERR,ERR,ERR,ERR,ERR,ERR,ERR,ERR,ERR,ERR,ERR,ERR,ERR,ERR,ERR,ERR,ERR,ERR,ERR,ERR,ERR,ERR,ERR,ERR,ERR,ERR,ERR,ERR,ERR,ERR,ERR,ERR,ERR,ERR,ERR,ERR,ERR,ERR,ERR,ERR,ERR,ERR,ERR,ERR,ERR,ERR,ERR,ERR,ERR,ERR,ERR,ERR,ERR,ERR,ERR,ERR,ERR,ERR,ERR,ERR,ERR,ERR,ERR,ERR,ERR,ERR,ERR,ERR,ERR,ERR,ERR,ERR,ERR,ERR,ERR,ERR,ERR,ERR,ERR,ERR,ERR,ERR,ERR,ERR,ERR,ERR,ERR,ERR,ERR,ERR,ERR,ERR,ERR,ERR,ERR,ERR,ERR,ERR,ERR,ERR,ERR,ERR,ERR,ERR,ERR,ERR,ERR,ERR,ERR,ERR,ERR,ERR,ERR,ERR,ERR,ERR,ERR,ERR,ERR,ERR,0.0,-107615352.0,0.0,0.0,0.0,1.3936040501711995e+18,7.805,0.0,0,0,4,0,7116,0.0,100,0.0,0.0,0.0,0.0,0.0,0,0,0,0,0.0,0,0,0,0,0,0,0,0,0,0,0,0,0,0,0,0,0,0,0,0,0,0,0,0,0,0,0,0,0,0,0,0,0,31,40,40,71,65476,0,300,0,0,8,21553,0.0,-107605600.0,0.0,0.0,0.0,0.0,0.0,0.0,0.0,0.0,0.0,0.0,0.0,0.0,0.0,0.0,0.0,0.0,0.0,0.0,0.0,0.0,0.0,-2.004,-2.004,-0.0,0.0,0.0,0.0,0.0,4515.0,1.5879265196943865e+29,6926.0,0.0,-107615352.0,-107615184.0,0.0,0.0,0.0,0.0,0.0,69,-0.0,0.0,0.0,0.0,0.0,0.0,0.0,0.0,0.0,0,0,0,0.0,0.0,0.0,0.0,0.0,0.0,0.0,0.0,0.0,0.0,0.0,0.0,0.0,0.0,0.0,0.0,0,-107875648.0,69,0.0,138,0.0,2.6474604965001363e+23,0,0,17085,26215,17097,52429,17076,0,0,0,70,68,100,0.0,82.1,0.0,77.6,0.0,78.5,1,49,50,180,0,13107,0,0,0.0,0.0,0.0,0.0,-0.0,67.0,0.0,162057.094,0.0,965,0,986,0,0,0,945,0,1007,0,905,0,786,0,775,0,821,0,7520,0.032,1.1385099857992614e+19,0.0,0.0,784,16797,-0.0,162057.094,-114818.039,-0.0,0.133,6.909358625270745e+28,30.0,70.0,35,0.0,0.0,0.0,0.0,0.0,0.0,0.0,0.0,0.0,0.0,0.0,0.0,0.0,0.0,0.0,0.0,66.4,0,150,71,51,65476,0,300,0,0,8,20529,65476,0,0,44564,70.0,0.0,0.0,0.0,0.0,0.0
2026-09-10T21:59:04,ERR,ERR,ERR,ERR,ERR,ERR,ERR,ERR,ERR,ERR,ERR,ERR,ERR,ERR,ERR,ERR,ERR,ERR,ERR,ERR,ERR,ERR,ERR,ERR,ERR,ERR,ERR,ERR,ERR,ERR,ERR,ERR,ERR,ERR,ERR,ERR,ERR,ERR,ERR,ERR,ERR,ERR,ERR,ERR,ERR,ERR,ERR,ERR,ERR,ERR,ERR,ERR,ERR,ERR,ERR,ERR,ERR,ERR,ERR,ERR,ERR,ERR,ERR,ERR,ERR,ERR,ERR,ERR,ERR,ERR,ERR,ERR,ERR,ERR,ERR,ERR,ERR,ERR,ERR,ERR,ERR,ERR,ERR,ERR,ERR,ERR,ERR,ERR,ERR,ERR,ERR,ERR,ERR,ERR,ERR,ERR,ERR,ERR,ERR,ERR,ERR,ERR,ERR,ERR,ERR,ERR,ERR,ERR,ERR,ERR,ERR,ERR,ERR,ERR,ERR,ERR,ERR,ERR,ERR,ERR,ERR,ERR,ERR,ERR,ERR,0.0,-107615352.0,0.0,0.0,0.0,1.3936040501711995e+18,7.805,0.0,0,0,4,0,7116,0.0,100,0.0,0.0,0.0,0.0,0.0,0,0,0,0,0.0,0,0,0,0,0,0,0,0,0,0,0,0,0,0,0,0,0,0,0,0,0,0,0,0,0,0,0,0,0,0,0,0,0,31,40,40,71,65476,0,300,0,0,8,21553,0.0,-107605600.0,0.0,0.0,0.0,0.0,0.0,0.0,0.0,0.0,0.0,0.0,0.0,0.0,0.0,0.0,0.0,0.0,0.0,0.0,0.0,0.0,0.0,-2.004,-2.004,-0.0,0.0,0.0,0.0,0.0,4515.0,1.5879265196943865e+29,6926.0,0.0,-107615352.0,-107615184.0,0.0,0.0,0.0,0.0,0.0,69,-0.0,0.0,0.0,0.0,0.0,0.0,0.0,0.0,0.0,0,0,0,0.0,0.0,0.0,0.0,0.0,0.0,0.0,0.0,0.0,0.0,0.0,0.0,0.0,0.0,0.0,0.0,0,-107875648.0,69,0.0,138,0.0,2.6474604965001363e+23,0,0,17085,26215,17097,52429,17076,0,0,0,70,68,100,0.0,82.0,0.0,77.6,0.0,78.5,1,49,50,180,0,0,0,0,0.0,0.0,0.0,0.0,-0.0,67.0,0.0,162057.094,0.0,965,0,985,0,0,0,945,0,1007,0,904,0,786,0,776,0,821,0,7520,0.032,1.0304235947423695e+19,0.0,0.0,784,16797,-0.0,162057.094,-114818.039,-0.0,0.133,6.909358625270745e+28,30.0,70.0,35,0.0,0.0,0.0,0.0,0.0,0.0,0.0,0.0,0.0,0.0,0.0,0.0,0.0,0.0,0.0,0.0,66.4,0,150,71,51,65476,0,300,0,0,8,20529,65476,0,0,44564,70.0,0.0,0.0,0.0,0.0,0.0
2026-09-10T21:59:05,ERR,ERR,ERR,ERR,ERR,ERR,ERR,ERR,ERR,ERR,ERR,ERR,ERR,ERR,ERR,ERR,ERR,ERR,ERR,ERR,ERR,ERR,ERR,ERR,ERR,ERR,ERR,ERR,ERR,ERR,ERR,ERR,ERR,ERR,ERR,ERR,ERR,ERR,ERR,ERR,ERR,ERR,ERR,ERR,ERR,ERR,ERR,ERR,ERR,ERR,ERR,ERR,ERR,ERR,ERR,ERR,ERR,ERR,ERR,ERR,ERR,ERR,ERR,ERR,ERR,ERR,ERR,ERR,ERR,ERR,ERR,ERR,ERR,ERR,ERR,ERR,ERR,ERR,ERR,ERR,ERR,ERR,ERR,ERR,ERR,ERR,ERR,ERR,ERR,ERR,ERR,ERR,ERR,ERR,ERR,ERR,ERR,ERR,ERR,ERR,ERR,ERR,ERR,ERR,ERR,ERR,ERR,ERR,ERR,ERR,ERR,ERR,ERR,ERR,ERR,ERR,ERR,ERR,ERR,ERR,ERR,ERR,ERR,ERR,ERR,0.0,-107615352.0,0.0,0.0,0.0,1.3936040501711995e+18,7.805,0.0,0,0,4,0,7116,0.0,100,0.0,0.0,0.0,0.0,0.0,0,0,0,0,0.0,0,0,0,0,0,0,0,0,0,0,0,0,0,0,0,0,0,0,0,0,0,0,0,0,0,0,0,0,0,0,0,0,0,31,40,40,71,65476,0,300,0,0,8,21553,0.0,-107605600.0,0.0,0.0,0.0,0.0,0.0,0.0,0.0,0.0,0.0,0.0,0.0,0.0,0.0,0.0,0.0,0.0,0.0,0.0,0.0,0.0,0.0,-2.004,-2.004,-0.0,0.0,0.0,0.0,0.0,4515.0,1.5879265196943865e+29,6926.0,0.0,-107615352.0,-107615184.0,0.0,0.0,0.0,0.0,0.0,69,-0.0,0.0,0.0,0.0,0.0,0.0,0.0,0.0,0.0,0,0,0,0.0,0.0,0.0,0.0,0.0,0.0,0.0,0.0,0.0,0.0,0.0,0.0,0.0,0.0,0.0,0.0,0,-107875648.0,69,0.0,138,0.0,2.6474604965001363e+23,0,0,17085,26215,17097,52429,17076,0,0,0,70,68,100,0.0,82.0,0.0,77.6,0.0,78.5,1,49,50,180,0,0,0,0,0.0,0.0,0.0,0.0,-0.0,67.0,0.0,162057.094,0.0,965,0,985,0,0,0,945,0,1007,0,904,0,786,0,776,0,821,0,7520,0.032,1.0304235947423695e+19,0.0,0.0,784,16797,-0.0,162057.094,-114818.039,-0.0,0.133,6.909358625270745e+28,30.0,70.0,35,0.0,0.0,0.0,0.0,0.0,0.0,0.0,0.0,0.0,0.0,0.0,0.0,0.0,0.0,0.0,0.0,66.8,0,150,71,51,65476,0,300,0,0,8,20529,65476,0,0,44564,70.0,0.0,0.0,0.0,0.0,0.0
2026-09-10T21:59:06,ERR,ERR,ERR,ERR,ERR,ERR,ERR,ERR,ERR,ERR,ERR,ERR,ERR,ERR,ERR,ERR,ERR,ERR,ERR,ERR,ERR,ERR,ERR,ERR,ERR,ERR,ERR,ERR,ERR,ERR,ERR,ERR,ERR,ERR,ERR,ERR,ERR,ERR,ERR,ERR,ERR,ERR,ERR,ERR,ERR,ERR,ERR,ERR,ERR,ERR,ERR,ERR,ERR,ERR,ERR,ERR,ERR,ERR,ERR,ERR,ERR,ERR,ERR,ERR,ERR,ERR,ERR,ERR,ERR,ERR,ERR,ERR,ERR,ERR,ERR,ERR,ERR,ERR,ERR,ERR,ERR,ERR,ERR,ERR,ERR,ERR,ERR,ERR,ERR,ERR,ERR,ERR,ERR,ERR,ERR,ERR,ERR,ERR,ERR,ERR,ERR,ERR,ERR,ERR,ERR,ERR,ERR,ERR,ERR,ERR,ERR,ERR,ERR,ERR,ERR,ERR,ERR,ERR,ERR,ERR,ERR,ERR,ERR,ERR,ERR,0.0,-107615352.0,0.0,0.0,0.0,1.3936040501711995e+18,7.805,0.0,0,0,4,0,7116,0.0,100,0.0,0.0,0.0,0.0,0.0,0,0,0,0,0.0,0,0,0,0,0,0,0,0,0,0,0,0,0,0,0,0,0,0,0,0,0,0,0,0,0,0,0,0,0,0,0,0,0,31,40,40,71,65476,0,300,0,0,8,21553,0.0,-107605600.0,0.0,0.0,0.0,0.0,0.0,0.0,0.0,0.0,0.0,0.0,0.0,0.0,0.0,0.0,0.0,0.0,0.0,0.0,0.0,0.0,0.0,-2.004,-2.004,-0.0,0.0,0.0,0.0,0.0,4515.0,1.5879265196943865e+29,6926.0,0.0,-107615352.0,-107615184.0,0.0,0.0,0.0,0.0,0.0,69,-0.0,0.0,0.0,0.0,0.0,0.0,0.0,0.0,0.0,0,0,0,0.0,0.0,0.0,0.0,0.0,0.0,0.0,0.0,0.0,0.0,0.0,0.0,0.0,0.0,0.0,0.0,0,-107875648.0,69,0.0,138,0.0,2.6474604965001363e+23,0,0,17085,26215,17097,52429,17076,0,0,0,70,68,100,0.0,82.0,0.0,77.6,0.0,78.5,1,49,50,180,0,0,0,0,0.0,0.0,0.0,0.0,-0.0,67.0,0.0,162057.094,0.0,965,0,985,0,0,0,945,0,1007,0,904,0,786,0,776,0,821,0,7520,0.032,1.0304235947423695e+19,0.0,0.0,784,16797,-0.0,162057.094,-114818.039,-0.0,0.133,6.909358625270745e+28,30.0,70.0,35,0.0,0.0,0.0,0.0,0.0,0.0,0.0,0.0,0.0,0.0,0.0,0.0,0.0,0.0,0.0,0.0,66.4,0,150,71,51,65476,0,300,0,0,8,20529,65476,0,0,44564,70.0,0.0,0.0,0.0,0.0,0.0
2026-09-10T21:59:07,ERR,ERR,ERR,ERR,ERR,ERR,ERR,ERR,ERR,ERR,ERR,ERR,ERR,ERR,ERR,ERR,ERR,ERR,ERR,ERR,ERR,ERR,ERR,ERR,ERR,ERR,ERR,ERR,ERR,ERR,ERR,ERR,ERR,ERR,ERR,ERR,ERR,ERR,ERR,ERR,ERR,ERR,ERR,ERR,ERR,ERR,ERR,ERR,ERR,ERR,ERR,ERR,ERR,ERR,ERR,ERR,ERR,ERR,ERR,ERR,ERR,ERR,ERR,ERR,ERR,ERR,ERR,ERR,ERR,ERR,ERR,ERR,ERR,ERR,ERR,ERR,ERR,ERR,ERR,ERR,ERR,ERR,ERR,ERR,ERR,ERR,ERR,ERR,ERR,ERR,ERR,ERR,ERR,ERR,ERR,ERR,ERR,ERR,ERR,ERR,ERR,ERR,ERR,ERR,ERR,ERR,ERR,ERR,ERR,ERR,ERR,ERR,ERR,ERR,ERR,ERR,ERR,ERR,ERR,ERR,ERR,ERR,ERR,ERR,ERR,0.0,-107615352.0,0.0,0.0,0.0,1.3936040501711995e+18,7.805,0.0,0,0,4,0,7116,0.0,100,0.0,0.0,0.0,0.0,0.0,0,0,0,0,0.0,0,0,0,0,0,0,0,0,0,0,0,0,0,0,0,0,0,0,0,0,0,0,0,0,0,0,0,0,0,0,0,0,0,31,40,40,71,65476,0,300,0,0,8,21553,0.0,-107605600.0,0.0,0.0,0.0,0.0,0.0,0.0,0.0,0.0,0.0,0.0,0.0,0.0,0.0,0.0,0.0,0.0,0.0,0.0,0.0,0.0,0.0,-2.004,-2.004,-0.0,0.0,0.0,0.0,0.0,4515.0,1.5879265196943865e+29,6926.0,0.0,-107615352.0,-107615184.0,0.0,0.0,0.0,0.0,0.0,69,-0.0,0.0,0.0,0.0,0.0,0.0,0.0,0.0,0.0,0,0,0,0.0,0.0,0.0,0.0,0.0,0.0,0.0,0.0,0.0,0.0,0.0,0.0,0.0,0.0,0.0,0.0,0,-107875648.0,69,0.0,138,0.0,2.6474604965001363e+23,0,0,17085,26215,17097,52429,17076,0,0,0,70,68,100,0.0,82.0,0.0,77.6,0.0,78.5,1,49,50,180,0,0,0,0,0.0,0.0,0.0,0.0,-0.0,67.0,0.0,162057.094,0.0,965,0,985,0,0,0,945,0,1007,0,904,0,786,0,776,0,821,0,7520,0.032,1.0304235947423695e+19,0.0,0.0,784,16797,-0.0,162057.094,-114818.039,-0.0,0.133,6.909358625270745e+28,30.0,70.0,35,0.0,0.0,0.0,0.0,0.0,0.0,0.0,0.0,0.0,0.0,0.0,0.0,0.0,0.0,0.0,0.0,66.4,0,150,71,51,65476,0,300,0,0,8,20529,65476,0,0,44564,70.0,0.0,0.0,0.0,0.0,0.0
2026-09-10T21:59:08,ERR,ERR,ERR,ERR,ERR,ERR,ERR,ERR,ERR,ERR,ERR,ERR,ERR,ERR,ERR,ERR,ERR,ERR,ERR,ERR,ERR,ERR,ERR,ERR,ERR,ERR,ERR,ERR,ERR,ERR,ERR,ERR,ERR,ERR,ERR,ERR,ERR,ERR,ERR,ERR,ERR,ERR,ERR,ERR,ERR,ERR,ERR,ERR,ERR,ERR,ERR,ERR,ERR,ERR,ERR,ERR,ERR,ERR,ERR,ERR,ERR,ERR,ERR,ERR,ERR,ERR,ERR,ERR,ERR,ERR,ERR,ERR,ERR,ERR,ERR,ERR,ERR,ERR,ERR,ERR,ERR,ERR,ERR,ERR,ERR,ERR,ERR,ERR,ERR,ERR,ERR,ERR,ERR,ERR,ERR,ERR,ERR,ERR,ERR,ERR,ERR,ERR,ERR,ERR,ERR,ERR,ERR,ERR,ERR,ERR,ERR,ERR,ERR,ERR,ERR,ERR,ERR,ERR,ERR,ERR,ERR,ERR,ERR,ERR,ERR,0.0,-107615352.0,-0.0,0.0,0.0,1.3936040501711995e+18,7.805,0.0,0,0,4,0,7116,0.0,100,0.0,0.0,0.0,0.0,0.0,0,0,0,0,0.0,0,0,0,0,0,0,0,0,0,0,0,0,0,0,0,0,0,0,0,0,0,0,0,0,0,0,0,0,0,0,0,0,0,31,40,40,71,65476,0,300,0,0,8,21553,0.0,-107605600.0,0.0,0.0,0.0,0.0,0.0,0.0,0.0,0.0,0.0,0.0,0.0,0.0,0.0,0.0,0.0,0.0,0.0,0.0,0.0,0.0,-2.004,-2.004,-2.004,2.004,0.0,0.0,0.0,0.0,4517.0,564144826744832.0,6923.0,0.0,-107615352.0,-107615184.0,-107615304.0,0.0,0.0,0.0,0.0,69,-0.0,-3.221995388546138e+26,0.0,0.0,0.0,0.0,0.0,0.0,0.0,0,0,0,0.0,0.0,0.0,0.0,0.0,0.0,0.0,0.0,0.0,0.0,0.0,0.0,0.0,0.0,0.0,0.0,0,-107875648.0,69,0.0,138,0.0,2.6474604965001363e+23,0,0,17085,26215,17097,52429,17076,0,0,0,70,68,100,0.0,82.1,0.0,77.6,0.0,78.5,1,49,50,180,52429,0,0,0,0.0,0.0,0.0,0.0,-0.0,67.0,0.0,162057.094,0.0,965,0,985,0,0,0,945,0,1007,0,904,0,786,0,776,0,821,0,7520,0.032,1.0304235947423695e+19,0.0,0.0,784,16797,-0.0,162057.094,-114818.039,-0.0,0.133,6.909358625270745e+28,30.0,70.0,35,0.0,0.0,0.0,0.0,0.0,0.0,0.0,0.0,0.0,0.0,0.0,0.0,0.0,0.0,0.0,0.0,66.8,0,150,71,51,65476,0,300,0,0,8,20529,65476,0,0,44564,70.0,0.0,0.0,0.0,0.0,0.0
2026-09-10T21:59:09,ERR,ERR,ERR,ERR,ERR,ERR,ERR,ERR,ERR,ERR,ERR,ERR,ERR,ERR,ERR,ERR,ERR,ERR,ERR,ERR,ERR,ERR,ERR,ERR,ERR,ERR,ERR,ERR,ERR,ERR,ERR,ERR,ERR,ERR,ERR,ERR,ERR,ERR,ERR,ERR,ERR,ERR,ERR,ERR,ERR,ERR,ERR,ERR,ERR,ERR,ERR,ERR,ERR,ERR,ERR,ERR,ERR,ERR,ERR,ERR,ERR,ERR,ERR,ERR,ERR,ERR,ERR,ERR,ERR,ERR,ERR,ERR,ERR,ERR,ERR,ERR,ERR,ERR,ERR,ERR,ERR,ERR,ERR,ERR,ERR,ERR,ERR,ERR,ERR,ERR,ERR,ERR,ERR,ERR,ERR,ERR,ERR,ERR,ERR,ERR,ERR,ERR,ERR,ERR,ERR,ERR,ERR,ERR,ERR,ERR,ERR,ERR,ERR,ERR,ERR,ERR,ERR,ERR,ERR,ERR,ERR,ERR,ERR,ERR,ERR,0.0,-107615352.0,-0.0,0.0,0.0,1.3936040501711995e+18,7.805,0.0,0,0,4,0,7116,0.0,100,0.0,0.0,0.0,0.0,0.0,0,0,0,0,0.0,0,0,0,0,0,0,0,0,0,0,0,0,0,0,0,0,0,0,0,0,0,0,0,0,0,0,0,0,0,0,0,0,0,31,40,40,71,65476,0,300,0,0,8,21553,0.0,-107605600.0,0.0,0.0,0.0,0.0,0.0,0.0,0.0,0.0,0.0,0.0,0.0,0.0,0.0,0.0,0.0,0.0,0.0,0.0,0.0,0.0,-2.004,-2.004,-2.004,2.004,0.0,0.0,0.0,0.0,4517.0,564144826744832.0,6923.0,0.0,-107615352.0,-107615184.0,-107615304.0,0.0,0.0,0.0,0.0,69,-0.0,-3.221995388546138e+26,0.0,0.0,0.0,0.0,0.0,0.0,0.0,0,0,0,0.0,0.0,0.0,0.0,0.0,0.0,0.0,0.0,0.0,0.0,0.0,0.0,0.0,0.0,0.0,0.0,0,-107875648.0,69,0.0,138,0.0,2.6474604965001363e+23,0,0,17085,26215,17097,52429,17076,0,0,0,70,68,100,0.0,82.1,0.0,77.6,0.0,78.5,1,49,50,180,52429,0,0,0,0.0,0.0,0.0,0.0,-0.0,67.0,0.0,162057.094,0.0,965,0,985,0,0,0,945,0,1007,0,904,0,786,0,776,0,821,0,7520,0.032,1.0304235947423695e+19,0.0,0.0,784,16797,-0.0,162057.094,-114818.039,-0.0,0.133,6.909358625270745e+28,30.0,70.0,35,0.0,0.0,0.0,0.0,0.0,0.0,0.0,0.0,0.0,0.0,0.0,0.0,0.0,0.0,0.0,0.0,66.8,0,150,71,51,65476,0,300,0,0,8,20529,65476,0,0,44564,70.0,0.0,0.0,0.0,0.0,0.0
2026-09-10T21:59:10,ERR,ERR,ERR,ERR,ERR,ERR,ERR,ERR,ERR,ERR,ERR,ERR,ERR,ERR,ERR,ERR,ERR,ERR,ERR,ERR,ERR,ERR,ERR,ERR,ERR,ERR,ERR,ERR,ERR,ERR,ERR,ERR,ERR,ERR,ERR,ERR,ERR,ERR,ERR,ERR,ERR,ERR,ERR,ERR,ERR,ERR,ERR,ERR,ERR,ERR,ERR,ERR,ERR,ERR,ERR,ERR,ERR,ERR,ERR,ERR,ERR,ERR,ERR,ERR,ERR,ERR,ERR,ERR,ERR,ERR,ERR,ERR,ERR,ERR,ERR,ERR,ERR,ERR,ERR,ERR,ERR,ERR,ERR,ERR,ERR,ERR,ERR,ERR,ERR,ERR,ERR,ERR,ERR,ERR,ERR,ERR,ERR,ERR,ERR,ERR,ERR,ERR,ERR,ERR,ERR,ERR,ERR,ERR,ERR,ERR,ERR,ERR,ERR,ERR,ERR,ERR,ERR,ERR,ERR,ERR,ERR,ERR,ERR,ERR,ERR,0.0,-107615352.0,-0.0,0.0,0.0,1.3936040501711995e+18,7.805,0.0,0,0,4,0,7116,0.0,100,0.0,0.0,0.0,0.0,0.0,0,0,0,0,0.0,0,0,0,0,0,0,0,0,0,0,0,0,0,0,0,0,0,0,0,0,0,0,0,0,0,0,0,0,0,0,0,0,0,31,40,40,71,65476,0,300,0,0,8,21553,0.0,-107605600.0,0.0,0.0,0.0,0.0,0.0,0.0,0.0,0.0,0.0,0.0,0.0,0.0,0.0,0.0,0.0,0.0,0.0,0.0,0.0,0.0,-2.004,-2.004,-2.004,2.004,0.0,0.0,0.0,0.0,4517.0,564144826744832.0,6923.0,0.0,-107615352.0,-107615184.0,-107615304.0,0.0,0.0,0.0,0.0,69,-0.0,-3.221995388546138e+26,0.0,0.0,0.0,0.0,0.0,0.0,0.0,0,0,0,0.0,0.0,0.0,0.0,0.0,0.0,0.0,0.0,0.0,0.0,0.0,0.0,0.0,0.0,0.0,0.0,0,-107875648.0,69,0.0,138,0.0,2.6474604965001363e+23,0,0,17085,26215,17097,52429,17076,0,0,0,70,68,100,0.0,82.1,0.0,77.6,0.0,78.5,1,49,50,180,52429,0,0,0,0.0,0.0,0.0,0.0,-0.0,67.0,0.0,162057.094,0.0,965,0,985,0,0,0,945,0,1007,0,904,0,786,0,776,0,821,0,7520,0.032,1.0304235947423695e+19,0.0,0.0,784,16797,-0.0,162057.094,-114818.039,-0.0,0.133,6.909358625270745e+28,30.0,70.0,35,0.0,0.0,0.0,0.0,0.0,0.0,0.0,0.0,0.0,0.0,0.0,0.0,0.0,0.0,0.0,0.0,66.4,0,150,71,51,65476,0,300,0,0,8,20529,65476,0,0,44564,70.0,0.0,0.0,0.0,0.0,0.0
2026-09-10T21:59:11,ERR,ERR,ERR,ERR,ERR,ERR,ERR,ERR,ERR,ERR,ERR,ERR,ERR,ERR,ERR,ERR,ERR,ERR,ERR,ERR,ERR,ERR,ERR,ERR,ERR,ERR,ERR,ERR,ERR,ERR,ERR,ERR,ERR,ERR,ERR,ERR,ERR,ERR,ERR,ERR,ERR,ERR,ERR,ERR,ERR,ERR,ERR,ERR,ERR,ERR,ERR,ERR,ERR,ERR,ERR,ERR,ERR,ERR,ERR,ERR,ERR,ERR,ERR,ERR,ERR,ERR,ERR,ERR,ERR,ERR,ERR,ERR,ERR,ERR,ERR,ERR,ERR,ERR,ERR,ERR,ERR,ERR,ERR,ERR,ERR,ERR,ERR,ERR,ERR,ERR,ERR,ERR,ERR,ERR,ERR,ERR,ERR,ERR,ERR,ERR,ERR,ERR,ERR,ERR,ERR,ERR,ERR,ERR,ERR,ERR,ERR,ERR,ERR,ERR,ERR,ERR,ERR,ERR,ERR,ERR,ERR,ERR,ERR,ERR,ERR,0.0,-107615352.0,-0.0,0.0,0.0,1.3936040501711995e+18,7.805,0.0,0,0,4,0,7116,0.0,100,0.0,0.0,0.0,0.0,0.0,0,0,0,0,0.0,0,0,0,0,0,0,0,0,0,0,0,0,0,0,0,0,0,0,0,0,0,0,0,0,0,0,0,0,0,0,0,0,0,31,40,40,71,65476,0,300,0,0,8,21553,0.0,-107605600.0,0.0,0.0,0.0,0.0,0.0,0.0,0.0,0.0,0.0,0.0,0.0,0.0,0.0,0.0,0.0,0.0,0.0,0.0,0.0,0.0,-2.004,-2.004,-2.004,2.004,0.0,0.0,0.0,0.0,4517.0,564144826744832.0,6923.0,0.0,-107615352.0,-107615184.0,-107615304.0,0.0,0.0,0.0,0.0,69,-0.0,-3.221995388546138e+26,0.0,0.0,0.0,0.0,0.0,0.0,0.0,0,0,0,0.0,0.0,0.0,0.0,0.0,0.0,0.0,0.0,0.0,0.0,0.0,0.0,0.0,0.0,0.0,0.0,0,-107875648.0,69,0.0,138,0.0,2.6474604965001363e+23,0,0,17085,26215,17097,39322,17076,0,0,0,70,68,100,0.0,82.1,0.0,77.6,0.0,78.5,1,49,50,180,0,0,0,0,0.0,0.0,0.0,0.0,-0.0,67.0,0.0,162057.094,0.0,965,0,985,0,0,0,945,0,1007,0,903,0,786,0,776,0,821,0,7520,0.032,1.0232178353385767e+19,0.0,0.0,784,16797,-0.0,162057.094,-114818.039,-0.0,0.133,6.909358625270745e+28,30.0,70.0,35,0.0,0.0,0.0,0.0,0.0,0.0,0.0,0.0,0.0,0.0,0.0,0.0,0.0,0.0,0.0,0.0,66.4,0,150,71,51,65476,0,300,0,0,8,20529,65476,0,0,44564,70.0,0.0,0.0,0.0,0.0,0.0
2026-09-10T21:59:12,ERR,ERR,ERR,ERR,ERR,ERR,ERR,ERR,ERR,ERR,ERR,ERR,ERR,ERR,ERR,ERR,ERR,ERR,ERR,ERR,ERR,ERR,ERR,ERR,ERR,ERR,ERR,ERR,ERR,ERR,ERR,ERR,ERR,ERR,ERR,ERR,ERR,ERR,ERR,ERR,ERR,ERR,ERR,ERR,ERR,ERR,ERR,ERR,ERR,ERR,ERR,ERR,ERR,ERR,ERR,ERR,ERR,ERR,ERR,ERR,ERR,ERR,ERR,ERR,ERR,ERR,ERR,ERR,ERR,ERR,ERR,ERR,ERR,ERR,ERR,ERR,ERR,ERR,ERR,ERR,ERR,ERR,ERR,ERR,ERR,ERR,ERR,ERR,ERR,ERR,ERR,ERR,ERR,ERR,ERR,ERR,ERR,ERR,ERR,ERR,ERR,ERR,ERR,ERR,ERR,ERR,ERR,ERR,ERR,ERR,ERR,ERR,ERR,ERR,ERR,ERR,ERR,ERR,ERR,ERR,ERR,ERR,ERR,ERR,ERR,0.0,-107615352.0,-0.0,0.0,0.0,1.3936040501711995e+18,7.805,0.0,0,0,4,0,7116,0.0,100,0.0,0.0,0.0,0.0,0.0,0,0,0,0,0.0,0,0,0,0,0,0,0,0,0,0,0,0,0,0,0,0,0,0,0,0,0,0,0,0,0,0,0,0,0,0,0,0,0,31,40,40,71,65476,0,300,0,0,8,21553,0.0,-107605600.0,0.0,0.0,0.0,0.0,0.0,0.0,0.0,0.0,0.0,0.0,0.0,0.0,0.0,0.0,0.0,0.0,0.0,0.0,0.0,0.0,-2.004,-2.004,-2.004,2.004,0.0,0.0,0.0,0.0,4517.0,564144826744832.0,6923.0,0.0,-107615352.0,-107615184.0,-107615304.0,0.0,0.0,0.0,0.0,69,-0.0,-3.221995388546138e+26,0.0,0.0,0.0,0.0,0.0,0.0,0.0,0,0,0,0.0,0.0,0.0,0.0,0.0,0.0,0.0,0.0,0.0,0.0,0.0,0.0,0.0,0.0,0.0,0.0,0,-107875648.0,69,0.0,138,0.0,2.6474604965001363e+23,0,0,17085,26215,17097,39322,17076,0,0,0,70,68,100,0.0,82.1,0.0,77.6,0.0,78.5,1,49,50,180,0,0,0,0,0.0,0.0,0.0,0.0,-0.0,67.0,0.0,162057.094,0.0,965,0,985,0,0,0,945,0,1007,0,903,0,786,0,776,0,821,0,7520,0.032,1.0232178353385767e+19,0.0,0.0,784,16797,-0.0,162057.094,-114818.039,-0.0,0.133,6.909358625270745e+28,30.0,70.0,35,0.0,0.0,0.0,0.0,0.0,0.0,0.0,0.0,0.0,0.0,0.0,0.0,0.0,0.0,0.0,0.0,66.4,0,150,71,51,65476,0,300,0,0,8,20529,65476,0,0,44564,70.0,0.0,0.0,0.0,0.0,0.0
2026-09-10T21:59:13,ERR,ERR,ERR,ERR,ERR,ERR,ERR,ERR,ERR,ERR,ERR,ERR,ERR,ERR,ERR,ERR,ERR,ERR,ERR,ERR,ERR,ERR,ERR,ERR,ERR,ERR,ERR,ERR,ERR,ERR,ERR,ERR,ERR,ERR,ERR,ERR,ERR,ERR,ERR,ERR,ERR,ERR,ERR,ERR,ERR,ERR,ERR,ERR,ERR,ERR,ERR,ERR,ERR,ERR,ERR,ERR,ERR,ERR,ERR,ERR,ERR,ERR,ERR,ERR,ERR,ERR,ERR,ERR,ERR,ERR,ERR,ERR,ERR,ERR,ERR,ERR,ERR,ERR,ERR,ERR,ERR,ERR,ERR,ERR,ERR,ERR,ERR,ERR,ERR,ERR,ERR,ERR,ERR,ERR,ERR,ERR,ERR,ERR,ERR,ERR,ERR,ERR,ERR,ERR,ERR,ERR,ERR,ERR,ERR,ERR,ERR,ERR,ERR,ERR,ERR,ERR,ERR,ERR,ERR,ERR,ERR,ERR,ERR,ERR,ERR,0.0,-107615352.0,-0.0,0.0,0.0,1.3936040501711995e+18,7.805,0.0,0,0,4,0,7116,0.0,100,0.0,0.0,0.0,0.0,0.0,0,0,0,0,0.0,0,0,0,0,0,0,0,0,0,0,0,0,0,0,0,0,0,0,0,0,0,0,0,0,0,0,0,0,0,0,0,0,0,31,40,40,71,65476,0,300,0,0,8,21553,0.0,-107605600.0,0.0,0.0,0.0,0.0,0.0,0.0,0.0,0.0,0.0,0.0,0.0,0.0,0.0,0.0,0.0,0.0,0.0,0.0,0.0,0.0,-2.004,-2.004,-2.004,2.004,0.0,0.0,0.0,0.0,4517.0,564144826744832.0,6923.0,0.0,-107615352.0,-107615184.0,-107615304.0,0.0,0.0,0.0,0.0,69,-0.0,-3.221995388546138e+26,0.0,0.0,0.0,0.0,0.0,0.0,0.0,0,0,0,0.0,0.0,0.0,0.0,0.0,0.0,0.0,0.0,0.0,0.0,0.0,0.0,0.0,0.0,0.0,0.0,0,-107875648.0,69,0.0,138,0.0,2.6474604965001363e+23,0,0,17085,26215,17097,39322,17076,0,0,0,70,68,100,0.0,82.1,0.0,77.6,0.0,78.5,1,49,50,180,0,0,0,0,0.0,0.0,0.0,0.0,-0.0,67.0,0.0,162057.094,0.0,965,0,985,0,0,0,945,0,1007,0,903,0,786,0,776,0,821,0,7520,0.032,1.0232178353385767e+19,0.0,0.0,784,16797,-0.0,162057.094,-114818.039,-0.0,0.133,6.909358625270745e+28,30.0,70.0,35,0.0,0.0,0.0,0.0,0.0,0.0,0.0,0.0,0.0,0.0,0.0,0.0,0.0,0.0,0.0,0.0,66.4,0,150,71,51,65476,0,300,0,0,8,20529,65476,0,0,44564,70.0,0.0,0.0,0.0,0.0,0.0
2026-09-10T21:59:14,ERR,ERR,ERR,ERR,ERR,ERR,ERR,ERR,ERR,ERR,ERR,ERR,ERR,ERR,ERR,ERR,ERR,ERR,ERR,ERR,ERR,ERR,ERR,ERR,ERR,ERR,ERR,ERR,ERR,ERR,ERR,ERR,ERR,ERR,ERR,ERR,ERR,ERR,ERR,ERR,ERR,ERR,ERR,ERR,ERR,ERR,ERR,ERR,ERR,ERR,ERR,ERR,ERR,ERR,ERR,ERR,ERR,ERR,ERR,ERR,ERR,ERR,ERR,ERR,ERR,ERR,ERR,ERR,ERR,ERR,ERR,ERR,ERR,ERR,ERR,ERR,ERR,ERR,ERR,ERR,ERR,ERR,ERR,ERR,ERR,ERR,ERR,ERR,ERR,ERR,ERR,ERR,ERR,ERR,ERR,ERR,ERR,ERR,ERR,ERR,ERR,ERR,ERR,ERR,ERR,ERR,ERR,ERR,ERR,ERR,ERR,ERR,ERR,ERR,ERR,ERR,ERR,ERR,ERR,ERR,ERR,ERR,ERR,ERR,ERR,0.0,-107615352.0,-0.0,0.0,0.0,1.3936040501711995e+18,7.805,0.0,0,0,4,0,7116,0.0,100,0.0,0.0,0.0,0.0,0.0,0,0,0,0,0.0,0,0,0,0,0,0,0,0,0,0,0,0,0,0,0,0,0,0,0,0,0,0,0,0,0,0,0,0,0,0,0,0,0,31,40,40,71,65476,0,300,0,0,8,21553,0.0,-107605600.0,0.0,0.0,0.0,0.0,0.0,0.0,0.0,0.0,0.0,0.0,0.0,0.0,0.0,0.0,0.0,0.0,0.0,0.0,0.0,0.0,-2.004,-2.004,-2.004,2.004,0.0,0.0,0.0,0.0,4517.0,564144826744832.0,6923.0,0.0,-107615352.0,-107615184.0,-107615304.0,0.0,0.0,0.0,0.0,69,-0.0,-3.221995388546138e+26,0.0,0.0,0.0,0.0,0.0,0.0,0.0,0,0,0,0.0,0.0,0.0,0.0,0.0,0.0,0.0,0.0,0.0,0.0,0.0,0.0,0.0,0.0,0.0,0.0,0,-107875648.0,69,0.0,138,0.0,2.6474604965001363e+23,0,0,17085,26215,17097,39322,17076,0,0,0,70,68,100,0.0,82.1,0.0,77.6,0.0,78.5,1,49,50,180,0,0,0,0,0.0,0.0,0.0,0.0,-0.0,67.0,0.0,162057.094,0.0,965,0,985,0,0,0,945,0,1007,0,903,0,786,0,776,0,821,0,7520,0.032,1.0232178353385767e+19,0.0,0.0,784,16797,-0.0,162057.094,-114818.039,-0.0,0.133,6.909358625270745e+28,30.0,70.0,35,0.0,0.0,0.0,0.0,0.0,0.0,0.0,0.0,0.0,0.0,0.0,0.0,0.0,0.0,0.0,0.0,66.4,0,150,71,51,65476,0,300,0,0,8,20529,65476,0,0,44564,70.0,0.0,0.0,0.0,0.0,0.0
2026-09-10T21:59:15,ERR,ERR,ERR,ERR,ERR,ERR,ERR,ERR,ERR,ERR,ERR,ERR,ERR,ERR,ERR,ERR,ERR,ERR,ERR,ERR,ERR,ERR,ERR,ERR,ERR,ERR,ERR,ERR,ERR,ERR,ERR,ERR,ERR,ERR,ERR,ERR,ERR,ERR,ERR,ERR,ERR,ERR,ERR,ERR,ERR,ERR,ERR,ERR,ERR,ERR,ERR,ERR,ERR,ERR,ERR,ERR,ERR,ERR,ERR,ERR,ERR,ERR,ERR,ERR,ERR,ERR,ERR,ERR,ERR,ERR,ERR,ERR,ERR,ERR,ERR,ERR,ERR,ERR,ERR,ERR,ERR,ERR,ERR,ERR,ERR,ERR,ERR,ERR,ERR,ERR,ERR,ERR,ERR,ERR,ERR,ERR,ERR,ERR,ERR,ERR,ERR,ERR,ERR,ERR,ERR,ERR,ERR,ERR,ERR,ERR,ERR,ERR,ERR,ERR,ERR,ERR,ERR,ERR,ERR,ERR,ERR,ERR,ERR,ERR,ERR,0.0,-107615352.0,-0.0,0.0,0.0,1.3936040501711995e+18,7.805,0.0,0,0,4,0,7116,0.0,100,0.0,0.0,0.0,0.0,0.0,0,0,0,0,0.0,0,0,0,0,0,0,0,0,0,0,0,0,0,0,0,0,0,0,0,0,0,0,0,0,0,0,0,0,0,0,0,0,0,31,40,40,71,65476,0,300,0,0,8,21553,0.0,-107605600.0,0.0,0.0,0.0,0.0,0.0,0.0,0.0,0.0,0.0,0.0,0.0,0.0,0.0,0.0,0.0,0.0,0.0,0.0,0.0,0.0,-2.004,-2.004,-2.004,2.004,0.0,0.0,0.0,0.0,4518.0,2.4229835810766396e+24,6925.0,0.0,-107615352.0,-107615184.0,-107615304.0,0.0,0.0,0.0,0.0,69,-0.0,0.0,0.0,0.0,0.0,0.0,0.0,0.0,0.0,0,0,0,0.0,0.0,0.0,0.0,0.0,0.0,0.0,0.0,0.0,0.0,0.0,0.0,0.0,0.0,0.0,0.0,0,-107875648.0,69,0.0,138,0.0,2.6474604965001363e+23,0,0,17085,26215,17097,39322,17076,0,0,0,70,68,100,0.0,82.1,0.0,77.6,0.0,78.5,1,49,50,180,0,0,0,0,0.0,0.0,0.0,0.0,-0.0,67.0,0.0,162057.094,0.0,965,0,985,0,0,0,945,0,1007,0,903,0,786,0,776,0,821,0,7520,0.032,1.0232178353385767e+19,0.0,0.0,784,16797,-0.0,162057.094,-114818.039,-0.0,0.133,6.909358625270745e+28,30.0,70.0,35,0.0,0.0,0.0,0.0,0.0,0.0,0.0,0.0,0.0,0.0,0.0,0.0,0.0,0.0,0.0,0.0,66.4,0,150,71,51,65476,0,300,0,0,8,20529,65476,0,0,44564,70.0,0.0,0.0,0.0,0.0,0.0
2026-09-10T21:59:16,ERR,ERR,ERR,ERR,ERR,ERR,ERR,ERR,ERR,ERR,ERR,ERR,ERR,ERR,ERR,ERR,ERR,ERR,ERR,ERR,ERR,ERR,ERR,ERR,ERR,ERR,ERR,ERR,ERR,ERR,ERR,ERR,ERR,ERR,ERR,ERR,ERR,ERR,ERR,ERR,ERR,ERR,ERR,ERR,ERR,ERR,ERR,ERR,ERR,ERR,ERR,ERR,ERR,ERR,ERR,ERR,ERR,ERR,ERR,ERR,ERR,ERR,ERR,ERR,ERR,ERR,ERR,ERR,ERR,ERR,ERR,ERR,ERR,ERR,ERR,ERR,ERR,ERR,ERR,ERR,ERR,ERR,ERR,ERR,ERR,ERR,ERR,ERR,ERR,ERR,ERR,ERR,ERR,ERR,ERR,ERR,ERR,ERR,ERR,ERR,ERR,ERR,ERR,ERR,ERR,ERR,ERR,ERR,ERR,ERR,ERR,ERR,ERR,ERR,ERR,ERR,ERR,ERR,ERR,ERR,ERR,ERR,ERR,ERR,ERR,0.0,-107615352.0,-0.0,0.0,0.0,1.3936040501711995e+18,7.805,0.0,0,0,4,0,7116,0.0,100,0.0,0.0,0.0,0.0,0.0,0,0,0,0,0.0,0,0,0,0,0,0,0,0,0,0,0,0,0,0,0,0,0,0,0,0,0,0,0,0,0,0,0,0,0,0,0,0,0,31,40,40,71,65476,0,300,0,0,8,21553,0.0,-107605600.0,0.0,0.0,0.0,0.0,0.0,0.0,0.0,0.0,0.0,0.0,0.0,0.0,0.0,0.0,0.0,0.0,0.0,0.0,0.0,0.0,-2.004,-2.004,-2.004,2.004,0.0,0.0,0.0,0.0,4518.0,2.4229835810766396e+24,6925.0,0.0,-107615352.0,-107615184.0,-107615304.0,0.0,0.0,0.0,0.0,69,-0.0,0.0,0.0,0.0,0.0,0.0,0.0,0.0,0.0,0,0,0,0.0,0.0,0.0,0.0,0.0,0.0,0.0,0.0,0.0,0.0,0.0,0.0,0.0,0.0,0.0,0.0,0,-107875648.0,69,0.0,138,0.0,2.6474604965001363e+23,0,0,17085,26215,17097,39322,17076,0,0,0,70,68,100,0.0,82.1,0.0,77.6,0.0,78.5,1,49,50,180,0,0,0,0,0.0,0.0,0.0,0.0,-0.0,67.0,0.0,162057.094,0.0,965,0,985,0,0,0,945,0,1007,0,903,0,786,0,776,0,821,0,7520,0.032,1.0232178353385767e+19,0.0,0.0,784,16797,-0.0,162057.094,-114818.039,-0.0,0.133,6.909358625270745e+28,30.0,70.0,35,0.0,0.0,0.0,0.0,0.0,0.0,0.0,0.0,0.0,0.0,0.0,0.0,0.0,0.0,0.0,0.0,66.4,0,150,71,51,65476,0,300,0,0,8,20529,65476,0,0,44564,70.0,0.0,0.0,0.0,0.0,0.0
2026-09-10T21:59:17,ERR,ERR,ERR,ERR,ERR,ERR,ERR,ERR,ERR,ERR,ERR,ERR,ERR,ERR,ERR,ERR,ERR,ERR,ERR,ERR,ERR,ERR,ERR,ERR,ERR,ERR,ERR,ERR,ERR,ERR,ERR,ERR,ERR,ERR,ERR,ERR,ERR,ERR,ERR,ERR,ERR,ERR,ERR,ERR,ERR,ERR,ERR,ERR,ERR,ERR,ERR,ERR,ERR,ERR,ERR,ERR,ERR,ERR,ERR,ERR,ERR,ERR,ERR,ERR,ERR,ERR,ERR,ERR,ERR,ERR,ERR,ERR,ERR,ERR,ERR,ERR,ERR,ERR,ERR,ERR,ERR,ERR,ERR,ERR,ERR,ERR,ERR,ERR,ERR,ERR,ERR,ERR,ERR,ERR,ERR,ERR,ERR,ERR,ERR,ERR,ERR,ERR,ERR,ERR,ERR,ERR,ERR,ERR,ERR,ERR,ERR,ERR,ERR,ERR,ERR,ERR,ERR,ERR,ERR,ERR,ERR,ERR,ERR,ERR,ERR,0.0,-107615352.0,-0.0,0.0,0.0,1.3936040501711995e+18,7.805,0.0,0,0,4,0,7116,0.0,100,0.0,0.0,0.0,0.0,0.0,0,0,0,0,0.0,0,0,0,0,0,0,0,0,0,0,0,0,0,0,0,0,0,0,0,0,0,0,0,0,0,0,0,0,0,0,0,0,0,31,40,40,71,65476,0,300,0,0,8,21553,0.0,-107605600.0,0.0,0.0,0.0,0.0,0.0,0.0,0.0,0.0,0.0,0.0,0.0,0.0,0.0,0.0,0.0,0.0,0.0,0.0,0.0,0.0,-2.004,-2.004,-2.004,2.004,0.0,0.0,0.0,0.0,4518.0,2.4229835810766396e+24,6925.0,0.0,-107615352.0,-107615184.0,-107615304.0,0.0,0.0,0.0,0.0,69,-0.0,0.0,0.0,0.0,0.0,0.0,0.0,0.0,0.0,0,0,0,0.0,0.0,0.0,0.0,0.0,0.0,0.0,0.0,0.0,0.0,0.0,0.0,0.0,0.0,0.0,0.0,0,-107875648.0,69,0.0,138,0.0,2.6474604965001363e+23,0,52429,17084,26215,17097,39322,17076,0,0,0,70,68,100,0.0,82.0,0.0,77.6,0.0,78.5,1,49,50,180,52429,0,0,0,0.0,0.0,0.0,0.0,-0.0,67.0,0.0,162057.094,0.0,965,0,985,0,0,0,945,0,1007,0,903,0,786,0,776,0,821,0,7520,0.032,1.1601272640106398e+19,0.0,0.0,784,16797,-0.0,162057.094,-114818.039,-0.0,0.133,6.909358625270745e+28,30.0,70.0,35,0.0,0.0,0.0,0.0,0.0,0.0,0.0,0.0,0.0,0.0,0.0,0.0,0.0,0.0,0.0,0.0,66.4,0,150,71,51,65476,0,300,0,0,8,20529,65476,0,0,44564,70.0,0.0,0.0,0.0,0.0,0.0
2026-09-10T21:59:18,ERR,ERR,ERR,ERR,ERR,ERR,ERR,ERR,ERR,ERR,ERR,ERR,ERR,ERR,ERR,ERR,ERR,ERR,ERR,ERR,ERR,ERR,ERR,ERR,ERR,ERR,ERR,ERR,ERR,ERR,ERR,ERR,ERR,ERR,ERR,ERR,ERR,ERR,ERR,ERR,ERR,ERR,ERR,ERR,ERR,ERR,ERR,ERR,ERR,ERR,ERR,ERR,ERR,ERR,ERR,ERR,ERR,ERR,ERR,ERR,ERR,ERR,ERR,ERR,ERR,ERR,ERR,ERR,ERR,ERR,ERR,ERR,ERR,ERR,ERR,ERR,ERR,ERR,ERR,ERR,ERR,ERR,ERR,ERR,ERR,ERR,ERR,ERR,ERR,ERR,ERR,ERR,ERR,ERR,ERR,ERR,ERR,ERR,ERR,ERR,ERR,ERR,ERR,ERR,ERR,ERR,ERR,ERR,ERR,ERR,ERR,ERR,ERR,ERR,ERR,ERR,ERR,ERR,ERR,ERR,ERR,ERR,ERR,ERR,ERR,0.0,-107615352.0,-0.0,0.0,0.0,1.3936040501711995e+18,7.805,0.0,0,0,4,0,7116,0.0,100,0.0,0.0,0.0,0.0,0.0,0,0,0,0,0.0,0,0,0,0,0,0,0,0,0,0,0,0,0,0,0,0,0,0,0,0,0,0,0,0,0,0,0,0,0,0,0,0,0,31,40,40,71,65476,0,300,0,0,8,21553,0.0,-107605600.0,0.0,0.0,0.0,0.0,0.0,0.0,0.0,0.0,0.0,0.0,0.0,0.0,0.0,0.0,0.0,0.0,0.0,0.0,0.0,0.0,-2.004,-2.004,-2.004,2.004,0.0,0.0,0.0,0.0,4518.0,2.4229835810766396e+24,6925.0,0.0,-107615352.0,-107615184.0,-107615304.0,0.0,0.0,0.0,0.0,69,-0.0,0.0,0.0,0.0,0.0,0.0,0.0,0.0,0.0,0,0,0,0.0,0.0,0.0,0.0,0.0,0.0,0.0,0.0,0.0,0.0,0.0,0.0,0.0,0.0,0.0,0.0,0,-107875648.0,69,0.0,138,0.0,2.6474604965001363e+23,0,52429,17084,26215,17097,39322,17076,0,0,0,70,68,100,0.0,82.0,0.0,77.6,0.0,78.5,1,49,50,180,52429,0,0,0,0.0,0.0,0.0,0.0,-0.0,67.0,0.0,162057.094,0.0,965,0,985,0,0,0,945,0,1007,0,903,0,786,0,776,0,821,0,7520,0.032,1.1601272640106398e+19,0.0,0.0,784,16797,-0.0,162057.094,-114818.039,-0.0,0.133,6.909358625270745e+28,30.0,70.0,35,0.0,0.0,0.0,0.0,0.0,0.0,0.0,0.0,0.0,0.0,0.0,0.0,0.0,0.0,0.0,0.0,66.4,0,150,71,51,65476,0,300,0,0,8,20529,65476,0,0,44564,70.0,0.0,0.0,0.0,0.0,0.0
2026-09-10T21:59:19,ERR,ERR,ERR,ERR,ERR,ERR,ERR,ERR,ERR,ERR,ERR,ERR,ERR,ERR,ERR,ERR,ERR,ERR,ERR,ERR,ERR,ERR,ERR,ERR,ERR,ERR,ERR,ERR,ERR,ERR,ERR,ERR,ERR,ERR,ERR,ERR,ERR,ERR,ERR,ERR,ERR,ERR,ERR,ERR,ERR,ERR,ERR,ERR,ERR,ERR,ERR,ERR,ERR,ERR,ERR,ERR,ERR,ERR,ERR,ERR,ERR,ERR,ERR,ERR,ERR,ERR,ERR,ERR,ERR,ERR,ERR,ERR,ERR,ERR,ERR,ERR,ERR,ERR,ERR,ERR,ERR,ERR,ERR,ERR,ERR,ERR,ERR,ERR,ERR,ERR,ERR,ERR,ERR,ERR,ERR,ERR,ERR,ERR,ERR,ERR,ERR,ERR,ERR,ERR,ERR,ERR,ERR,ERR,ERR,ERR,ERR,ERR,ERR,ERR,ERR,ERR,ERR,ERR,ERR,ERR,ERR,ERR,ERR,ERR,ERR,0.0,-107615352.0,-0.0,0.0,0.0,1.3936040501711995e+18,7.805,0.0,0,0,4,0,7116,0.0,100,0.0,0.0,0.0,0.0,0.0,0,0,0,0,0.0,0,0,0,0,0,0,0,0,0,0,0,0,0,0,0,0,0,0,0,0,0,0,0,0,0,0,0,0,0,0,0,0,0,31,40,40,71,65476,0,300,0,0,8,21553,0.0,-107605600.0,0.0,0.0,0.0,0.0,0.0,0.0,0.0,0.0,0.0,0.0,0.0,0.0,0.0,0.0,0.0,0.0,0.0,0.0,0.0,0.0,-2.004,-2.004,-2.004,2.004,0.0,0.0,0.0,0.0,4518.0,2.4229835810766396e+24,6925.0,0.0,-107615352.0,-107615184.0,-107615304.0,0.0,0.0,0.0,0.0,69,-0.0,0.0,0.0,0.0,0.0,0.0,0.0,0.0,0.0,0,0,0,0.0,0.0,0.0,0.0,0.0,0.0,0.0,0.0,0.0,0.0,0.0,0.0,0.0,0.0,0.0,0.0,0,-107875648.0,69,0.0,138,0.0,2.6474604965001363e+23,0,52429,17084,26215,17097,39322,17076,0,0,0,70,68,100,0.0,82.0,0.0,77.6,0.0,78.5,1,49,50,180,52429,0,0,0,0.0,0.0,0.0,0.0,-0.0,67.0,0.0,162057.094,0.0,965,0,985,0,0,0,945,0,1007,0,903,0,786,0,776,0,821,0,7520,0.032,1.1601272640106398e+19,0.0,0.0,784,16797,-0.0,162057.094,-114818.039,-0.0,0.133,6.909358625270745e+28,30.0,70.0,35,0.0,0.0,0.0,0.0,0.0,0.0,0.0,0.0,0.0,0.0,0.0,0.0,0.0,0.0,0.0,0.0,66.4,0,150,71,51,65476,0,300,0,0,8,20529,65476,0,0,44564,70.0,0.0,0.0,0.0,0.0,0.0
2026-09-10T21:59:20,ERR,ERR,ERR,ERR,ERR,ERR,ERR,ERR,ERR,ERR,ERR,ERR,ERR,ERR,ERR,ERR,ERR,ERR,ERR,ERR,ERR,ERR,ERR,ERR,ERR,ERR,ERR,ERR,ERR,ERR,ERR,ERR,ERR,ERR,ERR,ERR,ERR,ERR,ERR,ERR,ERR,ERR,ERR,ERR,ERR,ERR,ERR,ERR,ERR,ERR,ERR,ERR,ERR,ERR,ERR,ERR,ERR,ERR,ERR,ERR,ERR,ERR,ERR,ERR,ERR,ERR,ERR,ERR,ERR,ERR,ERR,ERR,ERR,ERR,ERR,ERR,ERR,ERR,ERR,ERR,ERR,ERR,ERR,ERR,ERR,ERR,ERR,ERR,ERR,ERR,ERR,ERR,ERR,ERR,ERR,ERR,ERR,ERR,ERR,ERR,ERR,ERR,ERR,ERR,ERR,ERR,ERR,ERR,ERR,ERR,ERR,ERR,ERR,ERR,ERR,ERR,ERR,ERR,ERR,ERR,ERR,ERR,ERR,ERR,ERR,0.0,-107615352.0,-0.0,0.0,0.0,1.3936040501711995e+18,7.805,0.0,0,0,4,0,7116,0.0,100,0.0,0.0,0.0,0.0,0.0,0,0,0,0,0.0,0,0,0,0,0,0,0,0,0,0,0,0,0,0,0,0,0,0,0,0,0,0,0,0,0,0,0,0,0,0,0,0,0,31,40,40,71,65476,0,300,0,0,8,21553,0.0,-107605600.0,0.0,0.0,0.0,0.0,0.0,0.0,0.0,0.0,0.0,0.0,0.0,0.0,0.0,0.0,0.0,0.0,0.0,0.0,0.0,0.0,-2.004,-2.004,-2.004,2.004,0.0,0.0,0.0,0.0,4518.0,2.4229835810766396e+24,6925.0,0.0,-107615352.0,-107615184.0,-107615304.0,0.0,0.0,0.0,0.0,69,-0.0,0.0,0.0,0.0,0.0,0.0,0.0,0.0,0.0,0,0,0,0.0,0.0,0.0,0.0,0.0,0.0,0.0,0.0,0.0,0.0,0.0,0.0,0.0,0.0,0.0,0.0,0,-107875648.0,69,0.0,138,0.0,2.6474604965001363e+23,0,52429,17084,26215,17097,39322,17076,0,0,0,70,68,100,0.0,82.0,0.0,77.6,0.0,78.5,1,49,50,180,52429,0,0,0,0.0,0.0,0.0,0.0,-0.0,67.0,0.0,162057.094,0.0,965,0,985,0,0,0,945,0,1007,0,903,0,786,0,776,0,821,0,7520,0.032,1.1601272640106398e+19,0.0,0.0,784,16797,-0.0,162057.094,-114818.039,-0.0,0.133,6.909358625270745e+28,30.0,70.0,35,0.0,0.0,0.0,0.0,0.0,0.0,0.0,0.0,0.0,0.0,0.0,0.0,0.0,0.0,0.0,0.0,66.4,0,150,71,51,65476,0,300,0,0,8,20529,65476,0,0,44564,70.0,0.0,0.0,0.0,0.0,0.0
2026-09-10T21:59:21,ERR,ERR,ERR,ERR,ERR,ERR,ERR,ERR,ERR,ERR,ERR,ERR,ERR,ERR,ERR,ERR,ERR,ERR,ERR,ERR,ERR,ERR,ERR,ERR,ERR,ERR,ERR,ERR,ERR,ERR,ERR,ERR,ERR,ERR,ERR,ERR,ERR,ERR,ERR,ERR,ERR,ERR,ERR,ERR,ERR,ERR,ERR,ERR,ERR,ERR,ERR,ERR,ERR,ERR,ERR,ERR,ERR,ERR,ERR,ERR,ERR,ERR,ERR,ERR,ERR,ERR,ERR,ERR,ERR,ERR,ERR,ERR,ERR,ERR,ERR,ERR,ERR,ERR,ERR,ERR,ERR,ERR,ERR,ERR,ERR,ERR,ERR,ERR,ERR,ERR,ERR,ERR,ERR,ERR,ERR,ERR,ERR,ERR,ERR,ERR,ERR,ERR,ERR,ERR,ERR,ERR,ERR,ERR,ERR,ERR,ERR,ERR,ERR,ERR,ERR,ERR,ERR,ERR,ERR,ERR,ERR,ERR,ERR,ERR,ERR,0.0,-107615352.0,-0.0,0.0,0.0,1.3936040501711995e+18,7.805,0.0,0,0,4,0,7116,0.0,100,0.0,0.0,0.0,0.0,0.0,0,0,0,0,0.0,0,0,0,0,0,0,0,0,0,0,0,0,0,0,0,0,0,0,0,0,0,0,0,0,0,0,0,0,0,0,0,0,0,31,40,40,71,65476,0,300,0,0,8,21553,0.0,-107605600.0,0.0,0.0,0.0,0.0,0.0,0.0,0.0,0.0,0.0,0.0,0.0,0.0,0.0,0.0,0.0,0.0,0.0,0.0,0.0,0.0,-2.004,-2.004,-2.004,2.004,0.0,0.0,0.0,0.0,4518.0,2.4229835810766396e+24,6925.0,0.0,-107615352.0,-107615184.0,-107615304.0,0.0,0.0,0.0,0.0,69,-0.0,0.0,0.0,0.0,0.0,0.0,0.0,0.0,0.0,0,0,0,0.0,0.0,0.0,0.0,0.0,0.0,0.0,0.0,0.0,0.0,0.0,0.0,0.0,0.0,0.0,0.0,0,-107875648.0,69,0.0,138,0.0,2.6474604965001363e+23,0,52429,17084,26215,17097,39322,17076,0,0,0,70,68,100,0.0,82.0,0.0,77.6,0.0,78.5,1,49,50,180,52429,0,0,0,0.0,0.0,0.0,0.0,-0.0,67.0,0.0,162057.094,0.0,965,0,985,0,0,0,945,0,1007,0,903,0,786,0,776,0,821,0,7520,0.032,1.1601272640106398e+19,0.0,0.0,784,16797,-0.0,162057.094,-114818.039,-0.0,0.133,6.909358625270745e+28,30.0,70.0,35,0.0,0.0,0.0,0.0,0.0,0.0,0.0,0.0,0.0,0.0,0.0,0.0,0.0,0.0,0.0,0.0,66.4,0,150,71,51,65476,0,300,0,0,8,20529,65476,0,0,44564,70.0,0.0,0.0,0.0,0.0,0.0
2026-09-10T21:59:22,ERR,ERR,ERR,ERR,ERR,ERR,ERR,ERR,ERR,ERR,ERR,ERR,ERR,ERR,ERR,ERR,ERR,ERR,ERR,ERR,ERR,ERR,ERR,ERR,ERR,ERR,ERR,ERR,ERR,ERR,ERR,ERR,ERR,ERR,ERR,ERR,ERR,ERR,ERR,ERR,ERR,ERR,ERR,ERR,ERR,ERR,ERR,ERR,ERR,ERR,ERR,ERR,ERR,ERR,ERR,ERR,ERR,ERR,ERR,ERR,ERR,ERR,ERR,ERR,ERR,ERR,ERR,ERR,ERR,ERR,ERR,ERR,ERR,ERR,ERR,ERR,ERR,ERR,ERR,ERR,ERR,ERR,ERR,ERR,ERR,ERR,ERR,ERR,ERR,ERR,ERR,ERR,ERR,ERR,ERR,ERR,ERR,ERR,ERR,ERR,ERR,ERR,ERR,ERR,ERR,ERR,ERR,ERR,ERR,ERR,ERR,ERR,ERR,ERR,ERR,ERR,ERR,ERR,ERR,ERR,ERR,ERR,ERR,ERR,ERR,0.0,-107615352.0,-0.0,0.0,0.0,1.3936040501711995e+18,7.805,0.0,0,0,4,0,7116,0.0,100,0.0,0.0,0.0,0.0,0.0,0,0,0,0,0.0,0,0,0,0,0,0,0,0,0,0,0,0,0,0,0,0,0,0,0,0,0,0,0,0,0,0,0,0,0,0,0,0,0,31,40,40,71,65476,0,300,0,0,8,21553,0.0,-107605600.0,0.0,0.0,0.0,0.0,0.0,0.0,0.0,0.0,0.0,0.0,0.0,0.0,0.0,0.0,0.0,0.0,0.0,0.0,0.0,0.0,-2.004,-2.004,-2.004,2.004,0.0,0.0,0.0,0.0,4518.0,2.4229835810766396e+24,6925.0,0.0,-107615352.0,-107615184.0,-107615304.0,0.0,0.0,0.0,0.0,69,-0.0,0.0,0.0,0.0,0.0,0.0,0.0,0.0,0.0,0,0,0,0.0,0.0,0.0,0.0,0.0,0.0,0.0,0.0,0.0,0.0,0.0,0.0,0.0,0.0,0.0,0.0,0,-107875648.0,69,0.0,138,0.0,2.6474604965001363e+23,0,52429,17084,26215,17097,39322,17076,0,0,0,70,68,100,0.0,82.0,0.0,77.6,0.0,78.5,1,49,50,180,52429,0,0,0,0.0,0.0,0.0,0.0,-0.0,67.0,0.0,162057.094,0.0,965,0,985,0,0,0,945,0,1007,0,903,0,786,0,776,0,821,0,7520,0.032,1.1601272640106398e+19,0.0,0.0,784,16797,-0.0,162057.094,-114818.039,-0.0,0.133,6.909358625270745e+28,30.0,70.0,35,0.0,0.0,0.0,0.0,0.0,0.0,0.0,0.0,0.0,0.0,0.0,0.0,0.0,0.0,0.0,0.0,66.4,0,150,71,51,65476,0,300,0,0,8,20529,65476,0,0,44564,70.0,0.0,0.0,0.0,0.0,0.0
2026-09-10T21:59:23,ERR,ERR,ERR,ERR,ERR,ERR,ERR,ERR,ERR,ERR,ERR,ERR,ERR,ERR,ERR,ERR,ERR,ERR,ERR,ERR,ERR,ERR,ERR,ERR,ERR,ERR,ERR,ERR,ERR,ERR,ERR,ERR,ERR,ERR,ERR,ERR,ERR,ERR,ERR,ERR,ERR,ERR,ERR,ERR,ERR,ERR,ERR,ERR,ERR,ERR,ERR,ERR,ERR,ERR,ERR,ERR,ERR,ERR,ERR,ERR,ERR,ERR,ERR,ERR,ERR,ERR,ERR,ERR,ERR,ERR,ERR,ERR,ERR,ERR,ERR,ERR,ERR,ERR,ERR,ERR,ERR,ERR,ERR,ERR,ERR,ERR,ERR,ERR,ERR,ERR,ERR,ERR,ERR,ERR,ERR,ERR,ERR,ERR,ERR,ERR,ERR,ERR,ERR,ERR,ERR,ERR,ERR,ERR,ERR,ERR,ERR,ERR,ERR,ERR,ERR,ERR,ERR,ERR,ERR,ERR,ERR,ERR,ERR,ERR,ERR,0.0,-107615352.0,0.0,0.0,0.0,1.3936040501711995e+18,7.805,0.0,0,0,4,0,7116,0.0,100,0.0,0.0,0.0,0.0,0.0,0,0,0,0,0.0,0,0,0,0,0,0,0,0,0,0,0,0,0,0,0,0,0,0,0,0,0,0,0,0,0,0,0,0,0,0,0,0,0,31,40,40,71,65476,0,300,0,0,8,21553,0.0,-107605600.0,0.0,0.0,0.0,0.0,0.0,0.0,0.0,0.0,0.0,0.0,0.0,0.0,0.0,0.0,0.0,0.0,0.0,0.0,0.0,0.0,0.0,-2.004,-2.004,2.004,0.0,0.0,0.0,0.0,4541.0,8608166912.0,6922.0,0.0,-107615352.0,-107615184.0,-107615304.0,0.0,0.0,0.0,0.0,69,-0.0,-2.3088245329045016e+20,0.0,0.0,0.0,0.0,0.0,0.0,0.0,0,0,0,0.0,0.0,0.0,0.0,0.0,0.0,0.0,0.0,0.0,0.0,0.0,0.0,0.0,0.0,0.0,0.0,0,-107875648.0,69,0.0,138,0.0,2.6474604965001363e+23,0,52429,17084,26215,17097,39322,17076,0,0,0,70,68,100,0.0,82.1,0.0,77.6,0.0,78.5,1,49,50,180,0,0,0,0,0.0,0.0,0.0,0.0,-0.0,67.0,0.0,162057.094,0.0,965,0,985,0,0,0,945,0,1007,0,903,0,786,0,775,0,821,0,7520,0.032,1.0232178353385767e+19,0.0,0.0,784,16797,-0.0,162057.094,-114818.039,-0.0,0.133,6.909358625270745e+28,30.0,70.0,35,0.0,0.0,0.0,0.0,0.0,0.0,0.0,0.0,0.0,0.0,0.0,0.0,0.0,0.0,0.0,0.0,66.4,0,150,71,51,65476,0,300,0,0,8,20529,65476,0,0,44564,70.0,0.0,0.0,0.0,0.0,0.0
2026-09-10T21:59:24,ERR,ERR,ERR,ERR,ERR,ERR,ERR,ERR,ERR,ERR,ERR,ERR,ERR,ERR,ERR,ERR,ERR,ERR,ERR,ERR,ERR,ERR,ERR,ERR,ERR,ERR,ERR,ERR,ERR,ERR,ERR,ERR,ERR,ERR,ERR,ERR,ERR,ERR,ERR,ERR,ERR,ERR,ERR,ERR,ERR,ERR,ERR,ERR,ERR,ERR,ERR,ERR,ERR,ERR,ERR,ERR,ERR,ERR,ERR,ERR,ERR,ERR,ERR,ERR,ERR,ERR,ERR,ERR,ERR,ERR,ERR,ERR,ERR,ERR,ERR,ERR,ERR,ERR,ERR,ERR,ERR,ERR,ERR,ERR,ERR,ERR,ERR,ERR,ERR,ERR,ERR,ERR,ERR,ERR,ERR,ERR,ERR,ERR,ERR,ERR,ERR,ERR,ERR,ERR,ERR,ERR,ERR,ERR,ERR,ERR,ERR,ERR,ERR,ERR,ERR,ERR,ERR,ERR,ERR,ERR,ERR,ERR,ERR,ERR,ERR,0.0,-107615352.0,0.0,0.0,0.0,1.3936040501711995e+18,7.805,0.0,0,0,4,0,7116,0.0,100,0.0,0.0,0.0,0.0,0.0,0,0,0,0,0.0,0,0,0,0,0,0,0,0,0,0,0,0,0,0,0,0,0,0,0,0,0,0,0,0,0,0,0,0,0,0,0,0,0,31,40,40,71,65476,0,300,0,0,8,21553,0.0,-107605600.0,0.0,0.0,0.0,0.0,0.0,0.0,0.0,0.0,0.0,0.0,0.0,0.0,0.0,0.0,0.0,0.0,0.0,0.0,0.0,0.0,0.0,-2.004,-2.004,2.004,0.0,0.0,0.0,0.0,4541.0,8608166912.0,6922.0,0.0,-107615352.0,-107615184.0,-107615304.0,0.0,0.0,0.0,0.0,69,-0.0,-2.3088245329045016e+20,0.0,0.0,0.0,0.0,0.0,0.0,0.0,0,0,0,0.0,0.0,0.0,0.0,0.0,0.0,0.0,0.0,0.0,0.0,0.0,0.0,0.0,0.0,0.0,0.0,0,-107875648.0,69,0.0,138,0.0,2.6474604965001363e+23,0,52429,17084,26215,17097,39322,17076,0,0,0,70,68,100,0.0,82.1,0.0,77.6,0.0,78.5,1,49,50,180,0,0,0,0,0.0,0.0,0.0,0.0,-0.0,67.0,0.0,162057.094,0.0,965,0,985,0,0,0,945,0,1007,0,903,0,786,0,775,0,821,0,7520,0.032,1.0232178353385767e+19,0.0,0.0,784,16797,-0.0,162057.094,-114818.039,-0.0,0.133,6.909358625270745e+28,30.0,70.0,35,0.0,0.0,0.0,0.0,0.0,0.0,0.0,0.0,0.0,0.0,0.0,0.0,0.0,0.0,0.0,0.0,66.4,0,150,71,51,65476,0,300,0,0,8,20529,65476,0,0,44564,70.0,0.0,0.0,0.0,0.0,0.0
2026-09-10T21:59:25,ERR,ERR,ERR,ERR,ERR,ERR,ERR,ERR,ERR,ERR,ERR,ERR,ERR,ERR,ERR,ERR,ERR,ERR,ERR,ERR,ERR,ERR,ERR,ERR,ERR,ERR,ERR,ERR,ERR,ERR,ERR,ERR,ERR,ERR,ERR,ERR,ERR,ERR,ERR,ERR,ERR,ERR,ERR,ERR,ERR,ERR,ERR,ERR,ERR,ERR,ERR,ERR,ERR,ERR,ERR,ERR,ERR,ERR,ERR,ERR,ERR,ERR,ERR,ERR,ERR,ERR,ERR,ERR,ERR,ERR,ERR,ERR,ERR,ERR,ERR,ERR,ERR,ERR,ERR,ERR,ERR,ERR,ERR,ERR,ERR,ERR,ERR,ERR,ERR,ERR,ERR,ERR,ERR,ERR,ERR,ERR,ERR,ERR,ERR,ERR,ERR,ERR,ERR,ERR,ERR,ERR,ERR,ERR,ERR,ERR,ERR,ERR,ERR,ERR,ERR,ERR,ERR,ERR,ERR,ERR,ERR,ERR,ERR,ERR,ERR,0.0,-107615352.0,0.0,0.0,0.0,1.3936040501711995e+18,7.805,0.0,0,0,4,0,7116,0.0,100,0.0,0.0,0.0,0.0,0.0,0,0,0,0,0.0,0,0,0,0,0,0,0,0,0,0,0,0,0,0,0,0,0,0,0,0,0,0,0,0,0,0,0,0,0,0,0,0,0,31,40,40,71,65476,0,300,0,0,8,21553,0.0,-107605600.0,0.0,0.0,0.0,0.0,0.0,0.0,0.0,0.0,0.0,0.0,0.0,0.0,0.0,0.0,0.0,0.0,0.0,0.0,0.0,0.0,0.0,-2.004,-2.004,2.004,0.0,0.0,0.0,0.0,4541.0,8608166912.0,6922.0,0.0,-107615352.0,-107615184.0,-107615304.0,0.0,0.0,0.0,0.0,69,-0.0,-2.3088245329045016e+20,0.0,0.0,0.0,0.0,0.0,0.0,0.0,0,0,0,0.0,0.0,0.0,0.0,0.0,0.0,0.0,0.0,0.0,0.0,0.0,0.0,0.0,0.0,0.0,0.0,0,-107875648.0,69,0.0,138,0.0,2.6474604965001363e+23,0,52429,17084,26215,17097,39322,17076,0,0,0,70,68,100,0.0,82.1,0.0,77.6,0.0,78.5,1,49,50,180,0,0,0,0,0.0,0.0,0.0,0.0,-0.0,67.0,0.0,162057.094,0.0,965,0,985,0,0,0,945,0,1007,0,903,0,786,0,775,0,821,0,7520,0.032,1.0232178353385767e+19,0.0,0.0,784,16797,-0.0,162057.094,-114818.039,-0.0,0.133,6.909358625270745e+28,30.0,70.0,35,0.0,0.0,0.0,0.0,0.0,0.0,0.0,0.0,0.0,0.0,0.0,0.0,0.0,0.0,0.0,0.0,66.4,0,150,71,51,65476,0,300,0,0,8,20529,65476,0,0,44564,70.0,0.0,0.0,0.0,0.0,0.0
2026-09-10T21:59:26,ERR,ERR,ERR,ERR,ERR,ERR,ERR,ERR,ERR,ERR,ERR,ERR,ERR,ERR,ERR,ERR,ERR,ERR,ERR,ERR,ERR,ERR,ERR,ERR,ERR,ERR,ERR,ERR,ERR,ERR,ERR,ERR,ERR,ERR,ERR,ERR,ERR,ERR,ERR,ERR,ERR,ERR,ERR,ERR,ERR,ERR,ERR,ERR,ERR,ERR,ERR,ERR,ERR,ERR,ERR,ERR,ERR,ERR,ERR,ERR,ERR,ERR,ERR,ERR,ERR,ERR,ERR,ERR,ERR,ERR,ERR,ERR,ERR,ERR,ERR,ERR,ERR,ERR,ERR,ERR,ERR,ERR,ERR,ERR,ERR,ERR,ERR,ERR,ERR,ERR,ERR,ERR,ERR,ERR,ERR,ERR,ERR,ERR,ERR,ERR,ERR,ERR,ERR,ERR,ERR,ERR,ERR,ERR,ERR,ERR,ERR,ERR,ERR,ERR,ERR,ERR,ERR,ERR,ERR,ERR,ERR,ERR,ERR,ERR,ERR,0.0,-107615352.0,0.0,0.0,0.0,1.3936040501711995e+18,7.805,0.0,0,0,4,0,7116,0.0,100,0.0,0.0,0.0,0.0,0.0,0,0,0,0,0.0,0,0,0,0,0,0,0,0,0,0,0,0,0,0,0,0,0,0,0,0,0,0,0,0,0,0,0,0,0,0,0,0,0,31,40,40,71,65476,0,300,0,0,8,21553,0.0,-107605600.0,0.0,0.0,0.0,0.0,0.0,0.0,0.0,0.0,0.0,0.0,0.0,0.0,0.0,0.0,0.0,0.0,0.0,0.0,0.0,0.0,0.0,-2.004,-2.004,2.004,0.0,0.0,0.0,0.0,4541.0,8608166912.0,6922.0,0.0,-107615352.0,-107615184.0,-107615304.0,0.0,0.0,0.0,0.0,69,-0.0,-2.3088245329045016e+20,0.0,0.0,0.0,0.0,0.0,0.0,0.0,0,0,0,0.0,0.0,0.0,0.0,0.0,0.0,0.0,0.0,0.0,0.0,0.0,0.0,0.0,0.0,0.0,0.0,0,-107875648.0,69,0.0,138,0.0,2.6474604965001363e+23,0,52429,17084,26215,17097,39322,17076,0,0,0,70,68,100,0.0,82.1,0.0,77.6,0.0,78.5,1,49,50,180,0,0,0,0,0.0,0.0,0.0,0.0,-0.0,67.0,0.0,162057.094,0.0,965,0,985,0,0,0,945,0,1007,0,903,0,786,0,775,0,821,0,7520,0.032,1.0232178353385767e+19,0.0,0.0,784,16797,-0.0,162057.094,-114818.039,-0.0,0.133,6.909358625270745e+28,30.0,70.0,35,0.0,0.0,0.0,0.0,0.0,0.0,0.0,0.0,0.0,0.0,0.0,0.0,0.0,0.0,0.0,0.0,66.4,0,150,71,51,65476,0,300,0,0,8,20529,65476,0,0,44564,70.0,0.0,0.0,0.0,0.0,0.0
2026-09-10T21:59:27,ERR,ERR,ERR,ERR,ERR,ERR,ERR,ERR,ERR,ERR,ERR,ERR,ERR,ERR,ERR,ERR,ERR,ERR,ERR,ERR,ERR,ERR,ERR,ERR,ERR,ERR,ERR,ERR,ERR,ERR,ERR,ERR,ERR,ERR,ERR,ERR,ERR,ERR,ERR,ERR,ERR,ERR,ERR,ERR,ERR,ERR,ERR,ERR,ERR,ERR,ERR,ERR,ERR,ERR,ERR,ERR,ERR,ERR,ERR,ERR,ERR,ERR,ERR,ERR,ERR,ERR,ERR,ERR,ERR,ERR,ERR,ERR,ERR,ERR,ERR,ERR,ERR,ERR,ERR,ERR,ERR,ERR,ERR,ERR,ERR,ERR,ERR,ERR,ERR,ERR,ERR,ERR,ERR,ERR,ERR,ERR,ERR,ERR,ERR,ERR,ERR,ERR,ERR,ERR,ERR,ERR,ERR,ERR,ERR,ERR,ERR,ERR,ERR,ERR,ERR,ERR,ERR,ERR,ERR,ERR,ERR,ERR,ERR,ERR,ERR,0.0,-107615352.0,0.0,0.0,0.0,1.3936040501711995e+18,7.805,0.0,0,0,4,0,7116,0.0,100,0.0,0.0,0.0,0.0,0.0,0,0,0,0,0.0,0,0,0,0,0,0,0,0,0,0,0,0,0,0,0,0,0,0,0,0,0,0,0,0,0,0,0,0,0,0,0,0,0,31,40,40,71,65476,0,300,0,0,8,21553,0.0,-107605600.0,0.0,0.0,0.0,0.0,0.0,0.0,0.0,0.0,0.0,0.0,0.0,0.0,0.0,0.0,0.0,0.0,0.0,0.0,0.0,0.0,0.0,-2.004,-2.004,2.004,0.0,0.0,0.0,0.0,4541.0,8608166912.0,6922.0,0.0,-107615352.0,-107615184.0,-107615304.0,0.0,0.0,0.0,0.0,69,-0.0,-2.3088245329045016e+20,0.0,0.0,0.0,0.0,0.0,0.0,0.0,0,0,0,0.0,0.0,0.0,0.0,0.0,0.0,0.0,0.0,0.0,0.0,0.0,0.0,0.0,0.0,0.0,0.0,0,-107875648.0,69,0.0,138,0.0,2.6474604965001363e+23,0,52429,17084,26215,17097,39322,17076,0,0,0,70,68,100,0.0,82.1,0.0,77.6,0.0,78.5,1,49,50,180,0,0,0,0,0.0,0.0,0.0,0.0,-0.0,67.0,0.0,162057.094,0.0,965,0,985,0,0,0,945,0,1007,0,903,0,786,0,775,0,821,0,7520,0.032,1.0232178353385767e+19,0.0,0.0,784,16797,-0.0,162057.094,-114818.039,-0.0,0.133,6.909358625270745e+28,30.0,70.0,35,0.0,0.0,0.0,0.0,0.0,0.0,0.0,0.0,0.0,0.0,0.0,0.0,0.0,0.0,0.0,0.0,66.4,0,150,71,51,65476,0,300,0,0,8,20529,65476,0,0,44564,70.0,0.0,0.0,0.0,0.0,0.0
2026-09-10T21:59:28,ERR,ERR,ERR,ERR,ERR,ERR,ERR,ERR,ERR,ERR,ERR,ERR,ERR,ERR,ERR,ERR,ERR,ERR,ERR,ERR,ERR,ERR,ERR,ERR,ERR,ERR,ERR,ERR,ERR,ERR,ERR,ERR,ERR,ERR,ERR,ERR,ERR,ERR,ERR,ERR,ERR,ERR,ERR,ERR,ERR,ERR,ERR,ERR,ERR,ERR,ERR,ERR,ERR,ERR,ERR,ERR,ERR,ERR,ERR,ERR,ERR,ERR,ERR,ERR,ERR,ERR,ERR,ERR,ERR,ERR,ERR,ERR,ERR,ERR,ERR,ERR,ERR,ERR,ERR,ERR,ERR,ERR,ERR,ERR,ERR,ERR,ERR,ERR,ERR,ERR,ERR,ERR,ERR,ERR,ERR,ERR,ERR,ERR,ERR,ERR,ERR,ERR,ERR,ERR,ERR,ERR,ERR,ERR,ERR,ERR,ERR,ERR,ERR,ERR,ERR,ERR,ERR,ERR,ERR,ERR,ERR,ERR,ERR,ERR,ERR,0.0,-107615352.0,0.0,0.0,0.0,1.3936040501711995e+18,7.805,0.0,0,0,4,0,7116,0.0,100,0.0,0.0,0.0,0.0,0.0,0,0,0,0,0.0,0,0,0,0,0,0,0,0,0,0,0,0,0,0,0,0,0,0,0,0,0,0,0,0,0,0,0,0,0,0,0,0,0,31,40,40,71,65476,0,300,0,0,8,21553,0.0,-107605600.0,0.0,0.0,0.0,0.0,0.0,0.0,0.0,0.0,0.0,0.0,0.0,0.0,0.0,0.0,0.0,0.0,0.0,0.0,0.0,0.0,0.0,-2.004,-2.004,2.004,0.0,0.0,0.0,0.0,4541.0,8608166912.0,6922.0,0.0,-107615352.0,-107615184.0,-107615304.0,0.0,0.0,0.0,0.0,69,-0.0,-2.3088245329045016e+20,0.0,0.0,0.0,0.0,0.0,0.0,0.0,0,0,0,0.0,0.0,0.0,0.0,0.0,0.0,0.0,0.0,0.0,0.0,0.0,0.0,0.0,0.0,0.0,0.0,0,-107875648.0,69,0.0,138,0.0,2.6474604965001363e+23,0,52429,17084,26215,17097,39322,17076,0,0,0,70,68,100,0.0,82.0,0.0,77.6,0.0,78.5,1,49,50,180,0,0,0,0,0.0,0.0,0.0,0.0,-0.0,67.0,0.0,162057.094,0.0,965,0,985,0,0,0,945,0,1007,0,902,0,786,0,776,0,821,0,7520,0.032,1.016012075934784e+19,0.0,0.0,784,16797,-0.0,162057.094,-114818.039,-0.0,0.133,6.909358625270745e+28,30.0,70.0,35,0.0,0.0,0.0,0.0,0.0,0.0,0.0,0.0,0.0,0.0,0.0,0.0,0.0,0.0,0.0,0.0,66.4,0,150,71,51,65476,0,300,0,0,8,20529,65476,0,0,44564,70.0,0.0,0.0,0.0,0.0,0.0
2026-09-10T21:59:29,ERR,ERR,ERR,ERR,ERR,ERR,ERR,ERR,ERR,ERR,ERR,ERR,ERR,ERR,ERR,ERR,ERR,ERR,ERR,ERR,ERR,ERR,ERR,ERR,ERR,ERR,ERR,ERR,ERR,ERR,ERR,ERR,ERR,ERR,ERR,ERR,ERR,ERR,ERR,ERR,ERR,ERR,ERR,ERR,ERR,ERR,ERR,ERR,ERR,ERR,ERR,ERR,ERR,ERR,ERR,ERR,ERR,ERR,ERR,ERR,ERR,ERR,ERR,ERR,ERR,ERR,ERR,ERR,ERR,ERR,ERR,ERR,ERR,ERR,ERR,ERR,ERR,ERR,ERR,ERR,ERR,ERR,ERR,ERR,ERR,ERR,ERR,ERR,ERR,ERR,ERR,ERR,ERR,ERR,ERR,ERR,ERR,ERR,ERR,ERR,ERR,ERR,ERR,ERR,ERR,ERR,ERR,ERR,ERR,ERR,ERR,ERR,ERR,ERR,ERR,ERR,ERR,ERR,ERR,ERR,ERR,ERR,ERR,ERR,ERR,0.0,-107615352.0,0.0,0.0,0.0,1.3936040501711995e+18,7.805,0.0,0,0,4,0,7116,0.0,100,0.0,0.0,0.0,0.0,0.0,0,0,0,0,0.0,0,0,0,0,0,0,0,0,0,0,0,0,0,0,0,0,0,0,0,0,0,0,0,0,0,0,0,0,0,0,0,0,0,31,40,40,71,65476,0,300,0,0,8,21553,0.0,-107605600.0,0.0,0.0,0.0,0.0,0.0,0.0,0.0,0.0,0.0,0.0,0.0,0.0,0.0,0.0,0.0,0.0,0.0,0.0,0.0,0.0,0.0,-2.004,-2.004,2.004,0.0,0.0,0.0,0.0,4541.0,8608166912.0,6922.0,0.0,-107615352.0,-107615184.0,-107615304.0,0.0,0.0,0.0,0.0,69,-0.0,-2.3088245329045016e+20,0.0,0.0,0.0,0.0,0.0,0.0,0.0,0,0,0,0.0,0.0,0.0,0.0,0.0,0.0,0.0,0.0,0.0,0.0,0.0,0.0,0.0,0.0,0.0,0.0,0,-107875648.0,69,0.0,138,0.0,2.6474604965001363e+23,0,52429,17084,26215,17097,39322,17076,0,0,0,70,68,100,0.0,82.0,0.0,77.6,0.0,78.5,1,49,50,180,0,0,0,0,0.0,0.0,0.0,0.0,-0.0,67.0,0.0,162057.094,0.0,965,0,985,0,0,0,945,0,1007,0,902,0,786,0,776,0,821,0,7520,0.032,1.016012075934784e+19,0.0,0.0,784,16797,-0.0,162057.094,-114818.039,-0.0,0.133,6.909358625270745e+28,30.0,70.0,35,0.0,0.0,0.0,0.0,0.0,0.0,0.0,0.0,0.0,0.0,0.0,0.0,0.0,0.0,0.0,0.0,66.4,0,150,71,51,65476,0,300,0,0,8,20529,65476,0,0,44564,70.0,0.0,0.0,0.0,0.0,0.0
2026-09-10T21:59:30,ERR,ERR,ERR,ERR,ERR,ERR,ERR,ERR,ERR,ERR,ERR,ERR,ERR,ERR,ERR,ERR,ERR,ERR,ERR,ERR,ERR,ERR,ERR,ERR,ERR,ERR,ERR,ERR,ERR,ERR,ERR,ERR,ERR,ERR,ERR,ERR,ERR,ERR,ERR,ERR,ERR,ERR,ERR,ERR,ERR,ERR,ERR,ERR,ERR,ERR,ERR,ERR,ERR,ERR,ERR,ERR,ERR,ERR,ERR,ERR,ERR,ERR,ERR,ERR,ERR,ERR,ERR,ERR,ERR,ERR,ERR,ERR,ERR,ERR,ERR,ERR,ERR,ERR,ERR,ERR,ERR,ERR,ERR,ERR,ERR,ERR,ERR,ERR,ERR,ERR,ERR,ERR,ERR,ERR,ERR,ERR,ERR,ERR,ERR,ERR,ERR,ERR,ERR,ERR,ERR,ERR,ERR,ERR,ERR,ERR,ERR,ERR,ERR,ERR,ERR,ERR,ERR,ERR,ERR,ERR,ERR,ERR,ERR,ERR,ERR,0.0,-107615352.0,0.0,0.0,0.0,1.3936040501711995e+18,7.805,0.0,0,0,4,0,7116,0.0,100,0.0,0.0,0.0,0.0,0.0,0,0,0,0,0.0,0,0,0,0,0,0,0,0,0,0,0,0,0,0,0,0,0,0,0,0,0,0,0,0,0,0,0,0,0,0,0,0,0,31,40,40,71,65476,0,300,0,0,8,21553,0.0,-107605600.0,0.0,0.0,0.0,0.0,0.0,0.0,0.0,0.0,0.0,0.0,0.0,0.0,0.0,0.0,0.0,0.0,0.0,0.0,0.0,0.0,0.0,-2.004,-2.004,2.004,0.0,0.0,0.0,0.0,4539.0,131350.203,6921.0,0.0,-107615352.0,-107615184.0,-107615304.0,0.0,0.0,0.0,0.0,69,4.0668816144241325e+29,-152016944889856.0,0.0,0.0,0.0,0.0,0.0,0.0,0.0,0,0,0,0.0,0.0,0.0,0.0,0.0,0.0,0.0,0.0,0.0,0.0,0.0,0.0,0.0,0.0,0.0,0.0,0,-107875648.0,69,0.0,138,0.0,2.6474604965001363e+23,0,52429,17084,26215,17097,39322,17076,0,0,0,70,68,100,0.0,82.0,0.0,77.6,0.0,78.5,1,49,50,180,0,0,0,0,0.0,0.0,0.0,0.0,-0.0,67.0,0.0,162057.094,0.0,965,0,985,0,0,0,945,0,1007,0,902,0,786,0,776,0,821,0,7520,0.032,1.016012075934784e+19,0.0,0.0,784,16797,-0.0,162057.094,-114818.039,-0.0,0.133,6.909358625270745e+28,30.0,70.0,35,0.0,0.0,0.0,0.0,0.0,0.0,0.0,0.0,0.0,0.0,0.0,0.0,0.0,0.0,0.0,0.0,66.4,0,150,71,51,65476,0,300,0,0,8,20529,65476,0,0,44564,70.0,0.0,0.0,0.0,0.0,0.0
2026-09-10T21:59:31,ERR,ERR,ERR,ERR,ERR,ERR,ERR,ERR,ERR,ERR,ERR,ERR,ERR,ERR,ERR,ERR,ERR,ERR,ERR,ERR,ERR,ERR,ERR,ERR,ERR,ERR,ERR,ERR,ERR,ERR,ERR,ERR,ERR,ERR,ERR,ERR,ERR,ERR,ERR,ERR,ERR,ERR,ERR,ERR,ERR,ERR,ERR,ERR,ERR,ERR,ERR,ERR,ERR,ERR,ERR,ERR,ERR,ERR,ERR,ERR,ERR,ERR,ERR,ERR,ERR,ERR,ERR,ERR,ERR,ERR,ERR,ERR,ERR,ERR,ERR,ERR,ERR,ERR,ERR,ERR,ERR,ERR,ERR,ERR,ERR,ERR,ERR,ERR,ERR,ERR,ERR,ERR,ERR,ERR,ERR,ERR,ERR,ERR,ERR,ERR,ERR,ERR,ERR,ERR,ERR,ERR,ERR,ERR,ERR,ERR,ERR,ERR,ERR,ERR,ERR,ERR,ERR,ERR,ERR,ERR,ERR,ERR,ERR,ERR,ERR,0.0,-107615352.0,0.0,0.0,0.0,1.3936040501711995e+18,7.805,0.0,0,0,4,0,7116,0.0,100,0.0,0.0,0.0,0.0,0.0,0,0,0,0,0.0,0,0,0,0,0,0,0,0,0,0,0,0,0,0,0,0,0,0,0,0,0,0,0,0,0,0,0,0,0,0,0,0,0,31,40,40,71,65476,0,300,0,0,8,21553,0.0,-107605600.0,0.0,0.0,0.0,0.0,0.0,0.0,0.0,0.0,0.0,0.0,0.0,0.0,0.0,0.0,0.0,0.0,0.0,0.0,0.0,0.0,0.0,-2.004,-2.004,2.004,0.0,0.0,0.0,0.0,4539.0,131350.203,6921.0,0.0,-107615352.0,-107615184.0,-107615304.0,0.0,0.0,0.0,0.0,69,4.0668816144241325e+29,-152016944889856.0,0.0,0.0,0.0,0.0,0.0,0.0,0.0,0,0,0,0.0,0.0,0.0,0.0,0.0,0.0,0.0,0.0,0.0,0.0,0.0,0.0,0.0,0.0,0.0,0.0,0,-107875648.0,69,0.0,138,0.0,2.6474604965001363e+23,0,52429,17084,26215,17097,39322,17076,0,0,0,70,68,100,0.0,82.0,0.0,77.6,0.0,78.5,1,49,50,180,0,0,0,0,0.0,0.0,0.0,0.0,-0.0,67.0,0.0,162057.094,0.0,965,0,985,0,0,0,945,0,1007,0,902,0,786,0,776,0,821,0,7520,0.032,1.016012075934784e+19,0.0,0.0,784,16797,-0.0,162057.094,-114818.039,-0.0,0.133,6.909358625270745e+28,30.0,70.0,35,0.0,0.0,0.0,0.0,0.0,0.0,0.0,0.0,0.0,0.0,0.0,0.0,0.0,0.0,0.0,0.0,66.4,0,150,71,51,65476,0,300,0,0,8,20529,65476,0,0,44564,70.0,0.0,0.0,0.0,0.0,0.0
2026-09-10T21:59:32,ERR,ERR,ERR,ERR,ERR,ERR,ERR,ERR,ERR,ERR,ERR,ERR,ERR,ERR,ERR,ERR,ERR,ERR,ERR,ERR,ERR,ERR,ERR,ERR,ERR,ERR,ERR,ERR,ERR,ERR,ERR,ERR,ERR,ERR,ERR,ERR,ERR,ERR,ERR,ERR,ERR,ERR,ERR,ERR,ERR,ERR,ERR,ERR,ERR,ERR,ERR,ERR,ERR,ERR,ERR,ERR,ERR,ERR,ERR,ERR,ERR,ERR,ERR,ERR,ERR,ERR,ERR,ERR,ERR,ERR,ERR,ERR,ERR,ERR,ERR,ERR,ERR,ERR,ERR,ERR,ERR,ERR,ERR,ERR,ERR,ERR,ERR,ERR,ERR,ERR,ERR,ERR,ERR,ERR,ERR,ERR,ERR,ERR,ERR,ERR,ERR,ERR,ERR,ERR,ERR,ERR,ERR,ERR,ERR,ERR,ERR,ERR,ERR,ERR,ERR,ERR,ERR,ERR,ERR,ERR,ERR,ERR,ERR,ERR,ERR,0.0,-107615352.0,0.0,0.0,0.0,1.3936040501711995e+18,7.805,0.0,0,0,4,0,7116,0.0,100,0.0,0.0,0.0,0.0,0.0,0,0,0,0,0.0,0,0,0,0,0,0,0,0,0,0,0,0,0,0,0,0,0,0,0,0,0,0,0,0,0,0,0,0,0,0,0,0,0,31,40,40,71,65476,0,300,0,0,8,21553,0.0,-107605600.0,0.0,0.0,0.0,0.0,0.0,0.0,0.0,0.0,0.0,0.0,0.0,0.0,0.0,0.0,0.0,0.0,0.0,0.0,0.0,0.0,0.0,-2.004,-2.004,2.004,0.0,0.0,0.0,0.0,4539.0,131350.203,6921.0,0.0,-107615352.0,-107615184.0,-107615304.0,0.0,0.0,0.0,0.0,69,4.0668816144241325e+29,-152016944889856.0,0.0,0.0,0.0,0.0,0.0,0.0,0.0,0,0,0,0.0,0.0,0.0,0.0,0.0,0.0,0.0,0.0,0.0,0.0,0.0,0.0,0.0,0.0,0.0,0.0,0,-107875648.0,69,0.0,138,0.0,2.6474604965001363e+23,0,52429,17084,26215,17097,39322,17076,0,0,0,70,68,100,0.0,82.0,0.0,77.6,0.0,78.5,1,49,50,180,0,0,0,0,0.0,0.0,0.0,0.0,-0.0,67.0,0.0,162057.094,0.0,965,0,985,0,0,0,945,0,1007,0,902,0,786,0,776,0,821,0,7520,0.032,1.016012075934784e+19,0.0,0.0,784,16797,-0.0,162057.094,-114818.039,-0.0,0.133,6.909358625270745e+28,30.0,70.0,35,0.0,0.0,0.0,0.0,0.0,0.0,0.0,0.0,0.0,0.0,0.0,0.0,0.0,0.0,0.0,0.0,66.4,0,150,71,51,65476,0,300,0,0,8,20529,65476,0,0,44564,70.0,0.0,0.0,0.0,0.0,0.0
2026-09-10T21:59:33,ERR,ERR,ERR,ERR,ERR,ERR,ERR,ERR,ERR,ERR,ERR,ERR,ERR,ERR,ERR,ERR,ERR,ERR,ERR,ERR,ERR,ERR,ERR,ERR,ERR,ERR,ERR,ERR,ERR,ERR,ERR,ERR,ERR,ERR,ERR,ERR,ERR,ERR,ERR,ERR,ERR,ERR,ERR,ERR,ERR,ERR,ERR,ERR,ERR,ERR,ERR,ERR,ERR,ERR,ERR,ERR,ERR,ERR,ERR,ERR,ERR,ERR,ERR,ERR,ERR,ERR,ERR,ERR,ERR,ERR,ERR,ERR,ERR,ERR,ERR,ERR,ERR,ERR,ERR,ERR,ERR,ERR,ERR,ERR,ERR,ERR,ERR,ERR,ERR,ERR,ERR,ERR,ERR,ERR,ERR,ERR,ERR,ERR,ERR,ERR,ERR,ERR,ERR,ERR,ERR,ERR,ERR,ERR,ERR,ERR,ERR,ERR,ERR,ERR,ERR,ERR,ERR,ERR,ERR,ERR,ERR,ERR,ERR,ERR,ERR,0.0,-107615352.0,0.0,0.0,0.0,1.3936040501711995e+18,7.805,0.0,0,0,4,0,7116,0.0,100,0.0,0.0,0.0,0.0,0.0,0,0,0,0,0.0,0,0,0,0,0,0,0,0,0,0,0,0,0,0,0,0,0,0,0,0,0,0,0,0,0,0,0,0,0,0,0,0,0,31,40,40,71,65476,0,300,0,0,8,21553,0.0,-107605600.0,0.0,0.0,0.0,0.0,0.0,0.0,0.0,0.0,0.0,0.0,0.0,0.0,0.0,0.0,0.0,0.0,0.0,0.0,0.0,0.0,0.0,-2.004,-2.004,2.004,0.0,0.0,0.0,0.0,4539.0,131350.203,6921.0,0.0,-107615352.0,-107615184.0,-107615304.0,0.0,0.0,0.0,0.0,69,4.0668816144241325e+29,-152016944889856.0,0.0,0.0,0.0,0.0,0.0,0.0,0.0,0,0,0,0.0,0.0,0.0,0.0,0.0,0.0,0.0,0.0,0.0,0.0,0.0,0.0,0.0,0.0,0.0,0.0,0,-107875648.0,69,0.0,138,0.0,2.6474604965001363e+23,0,52429,17084,26215,17097,26215,17076,0,0,0,70,68,100,0.0,82.1,0.0,77.6,0.0,78.5,1,49,50,180,0,0,0,0,0.0,0.0,0.0,0.0,-0.0,67.0,0.0,162057.094,0.0,965,0,985,0,0,0,944,0,1007,0,902,0,786,0,775,0,821,0,7520,0.032,1.0232178353385767e+19,0.0,0.0,784,16797,-0.0,162057.094,-114818.039,-0.0,0.133,6.909358625270745e+28,30.0,70.0,35,0.0,0.0,0.0,0.0,0.0,0.0,0.0,0.0,0.0,0.0,0.0,0.0,0.0,0.0,0.0,0.0,66.4,0,150,71,51,65476,0,300,0,0,8,20529,65476,0,0,44564,70.0,0.0,0.0,0.0,0.0,0.0
2026-09-10T21:59:34,ERR,ERR,ERR,ERR,ERR,ERR,ERR,ERR,ERR,ERR,ERR,ERR,ERR,ERR,ERR,ERR,ERR,ERR,ERR,ERR,ERR,ERR,ERR,ERR,ERR,ERR,ERR,ERR,ERR,ERR,ERR,ERR,ERR,ERR,ERR,ERR,ERR,ERR,ERR,ERR,ERR,ERR,ERR,ERR,ERR,ERR,ERR,ERR,ERR,ERR,ERR,ERR,ERR,ERR,ERR,ERR,ERR,ERR,ERR,ERR,ERR,ERR,ERR,ERR,ERR,ERR,ERR,ERR,ERR,ERR,ERR,ERR,ERR,ERR,ERR,ERR,ERR,ERR,ERR,ERR,ERR,ERR,ERR,ERR,ERR,ERR,ERR,ERR,ERR,ERR,ERR,ERR,ERR,ERR,ERR,ERR,ERR,ERR,ERR,ERR,ERR,ERR,ERR,ERR,ERR,ERR,ERR,ERR,ERR,ERR,ERR,ERR,ERR,ERR,ERR,ERR,ERR,ERR,ERR,ERR,ERR,ERR,ERR,ERR,ERR,0.0,-107615352.0,0.0,0.0,0.0,1.3936040501711995e+18,7.805,0.0,0,0,4,0,7116,0.0,100,0.0,0.0,0.0,0.0,0.0,0,0,0,0,0.0,0,0,0,0,0,0,0,0,0,0,0,0,0,0,0,0,0,0,0,0,0,0,0,0,0,0,0,0,0,0,0,0,0,31,40,40,71,65476,0,300,0,0,8,21553,0.0,-107605600.0,0.0,0.0,0.0,0.0,0.0,0.0,0.0,0.0,0.0,0.0,0.0,0.0,0.0,0.0,0.0,0.0,0.0,0.0,0.0,0.0,0.0,-2.004,-2.004,2.004,0.0,0.0,0.0,0.0,4539.0,131350.203,6921.0,0.0,-107615352.0,-107615184.0,-107615304.0,0.0,0.0,0.0,0.0,69,4.0668816144241325e+29,-152016944889856.0,0.0,0.0,0.0,0.0,0.0,0.0,0.0,0,0,0,0.0,0.0,0.0,0.0,0.0,0.0,0.0,0.0,0.0,0.0,0.0,0.0,0.0,0.0,0.0,0.0,0,-107875648.0,69,0.0,138,0.0,2.6474604965001363e+23,0,52429,17084,26215,17097,26215,17076,0,0,0,70,68,100,0.0,82.1,0.0,77.6,0.0,78.5,1,49,50,180,0,0,0,0,0.0,0.0,0.0,0.0,-0.0,67.0,0.0,162057.094,0.0,965,0,985,0,0,0,944,0,1007,0,902,0,786,0,775,0,821,0,7520,0.032,1.0232178353385767e+19,0.0,0.0,784,16797,-0.0,162057.094,-114818.039,-0.0,0.133,6.909358625270745e+28,30.0,70.0,35,0.0,0.0,0.0,0.0,0.0,0.0,0.0,0.0,0.0,0.0,0.0,0.0,0.0,0.0,0.0,0.0,66.8,0,150,71,51,65476,0,300,0,0,8,20529,65476,0,0,44564,70.0,0.0,0.0,0.0,0.0,0.0
2026-09-10T21:59:35,ERR,ERR,ERR,ERR,ERR,ERR,ERR,ERR,ERR,ERR,ERR,ERR,ERR,ERR,ERR,ERR,ERR,ERR,ERR,ERR,ERR,ERR,ERR,ERR,ERR,ERR,ERR,ERR,ERR,ERR,ERR,ERR,ERR,ERR,ERR,ERR,ERR,ERR,ERR,ERR,ERR,ERR,ERR,ERR,ERR,ERR,ERR,ERR,ERR,ERR,ERR,ERR,ERR,ERR,ERR,ERR,ERR,ERR,ERR,ERR,ERR,ERR,ERR,ERR,ERR,ERR,ERR,ERR,ERR,ERR,ERR,ERR,ERR,ERR,ERR,ERR,ERR,ERR,ERR,ERR,ERR,ERR,ERR,ERR,ERR,ERR,ERR,ERR,ERR,ERR,ERR,ERR,ERR,ERR,ERR,ERR,ERR,ERR,ERR,ERR,ERR,ERR,ERR,ERR,ERR,ERR,ERR,ERR,ERR,ERR,ERR,ERR,ERR,ERR,ERR,ERR,ERR,ERR,ERR,ERR,ERR,ERR,ERR,ERR,ERR,0.0,-107615352.0,0.0,0.0,0.0,1.3936040501711995e+18,7.805,0.0,0,0,4,0,7116,0.0,100,0.0,0.0,0.0,0.0,0.0,0,0,0,0,0.0,0,0,0,0,0,0,0,0,0,0,0,0,0,0,0,0,0,0,0,0,0,0,0,0,0,0,0,0,0,0,0,0,0,31,40,40,71,65476,0,300,0,0,8,21553,0.0,-107605600.0,0.0,0.0,0.0,0.0,0.0,0.0,0.0,0.0,0.0,0.0,0.0,0.0,0.0,0.0,0.0,0.0,0.0,0.0,0.0,0.0,0.0,-2.004,-2.004,2.004,0.0,0.0,0.0,0.0,4539.0,131350.203,6921.0,0.0,-107615352.0,-107615184.0,-107615304.0,0.0,0.0,0.0,0.0,69,4.0668816144241325e+29,-152016944889856.0,0.0,0.0,0.0,0.0,0.0,0.0,0.0,0,0,0,0.0,0.0,0.0,0.0,0.0,0.0,0.0,0.0,0.0,0.0,0.0,0.0,0.0,0.0,0.0,0.0,0,-107875648.0,69,0.0,138,0.0,2.6474604965001363e+23,0,52429,17084,26215,17097,26215,17076,0,0,0,70,68,100,0.0,82.1,0.0,77.6,0.0,78.5,1,49,50,180,0,0,0,0,0.0,0.0,0.0,0.0,-0.0,67.0,0.0,162057.094,0.0,965,0,985,0,0,0,944,0,1007,0,902,0,786,0,775,0,821,0,7520,0.032,1.0232178353385767e+19,0.0,0.0,784,16797,-0.0,162057.094,-114818.039,-0.0,0.133,6.909358625270745e+28,30.0,70.0,35,0.0,0.0,0.0,0.0,0.0,0.0,0.0,0.0,0.0,0.0,0.0,0.0,0.0,0.0,0.0,0.0,66.8,0,150,71,51,65476,0,300,0,0,8,20529,65476,0,0,44564,70.0,0.0,0.0,0.0,0.0,0.0
2026-09-10T21:59:36,ERR,ERR,ERR,ERR,ERR,ERR,ERR,ERR,ERR,ERR,ERR,ERR,ERR,ERR,ERR,ERR,ERR,ERR,ERR,ERR,ERR,ERR,ERR,ERR,ERR,ERR,ERR,ERR,ERR,ERR,ERR,ERR,ERR,ERR,ERR,ERR,ERR,ERR,ERR,ERR,ERR,ERR,ERR,ERR,ERR,ERR,ERR,ERR,ERR,ERR,ERR,ERR,ERR,ERR,ERR,ERR,ERR,ERR,ERR,ERR,ERR,ERR,ERR,ERR,ERR,ERR,ERR,ERR,ERR,ERR,ERR,ERR,ERR,ERR,ERR,ERR,ERR,ERR,ERR,ERR,ERR,ERR,ERR,ERR,ERR,ERR,ERR,ERR,ERR,ERR,ERR,ERR,ERR,ERR,ERR,ERR,ERR,ERR,ERR,ERR,ERR,ERR,ERR,ERR,ERR,ERR,ERR,ERR,ERR,ERR,ERR,ERR,ERR,ERR,ERR,ERR,ERR,ERR,ERR,ERR,ERR,ERR,ERR,ERR,ERR,0.0,-107615352.0,0.0,0.0,0.0,1.3936040501711995e+18,7.805,0.0,0,0,4,0,7116,0.0,100,0.0,0.0,0.0,0.0,0.0,0,0,0,0,0.0,0,0,0,0,0,0,0,0,0,0,0,0,0,0,0,0,0,0,0,0,0,0,0,0,0,0,0,0,0,0,0,0,0,31,40,40,71,65476,0,300,0,0,8,21553,0.0,-107605600.0,0.0,0.0,0.0,0.0,0.0,0.0,0.0,0.0,0.0,0.0,0.0,0.0,0.0,0.0,0.0,0.0,0.0,0.0,0.0,0.0,0.0,-2.004,-2.004,2.004,0.0,0.0,0.0,0.0,4515.0,2.004,6920.0,0.0,-107615352.0,-107615184.0,-107615304.0,0.0,0.0,0.0,0.0,69,-0.0,-107614624.0,0.0,0.0,0.0,0.0,0.0,0.0,0.0,0,0,0,0.0,0.0,0.0,0.0,0.0,0.0,0.0,0.0,0.0,0.0,0.0,0.0,0.0,0.0,0.0,0.0,0,-107875648.0,69,0.0,138,0.0,2.6474604965001363e+23,0,52429,17084,26215,17097,26215,17076,0,0,0,70,68,100,0.0,82.1,0.0,77.6,0.0,78.5,1,49,50,180,0,0,0,0,0.0,0.0,0.0,0.0,-0.0,67.0,0.0,162057.094,0.0,965,0,985,0,0,0,944,0,1007,0,902,0,786,0,775,0,821,0,7520,0.032,1.0232178353385767e+19,0.0,0.0,784,16797,-0.0,162057.094,-114818.039,-0.0,0.133,6.909358625270745e+28,30.0,70.0,35,0.0,0.0,0.0,0.0,0.0,0.0,0.0,0.0,0.0,0.0,0.0,0.0,0.0,0.0,0.0,0.0,66.8,0,150,71,51,65476,0,300,0,0,8,20529,65476,0,0,44564,70.0,0.0,0.0,0.0,0.0,0.0
2026-09-10T21:59:37,ERR,ERR,ERR,ERR,ERR,ERR,ERR,ERR,ERR,ERR,ERR,ERR,ERR,ERR,ERR,ERR,ERR,ERR,ERR,ERR,ERR,ERR,ERR,ERR,ERR,ERR,ERR,ERR,ERR,ERR,ERR,ERR,ERR,ERR,ERR,ERR,ERR,ERR,ERR,ERR,ERR,ERR,ERR,ERR,ERR,ERR,ERR,ERR,ERR,ERR,ERR,ERR,ERR,ERR,ERR,ERR,ERR,ERR,ERR,ERR,ERR,ERR,ERR,ERR,ERR,ERR,ERR,ERR,ERR,ERR,ERR,ERR,ERR,ERR,ERR,ERR,ERR,ERR,ERR,ERR,ERR,ERR,ERR,ERR,ERR,ERR,ERR,ERR,ERR,ERR,ERR,ERR,ERR,ERR,ERR,ERR,ERR,ERR,ERR,ERR,ERR,ERR,ERR,ERR,ERR,ERR,ERR,ERR,ERR,ERR,ERR,ERR,ERR,ERR,ERR,ERR,ERR,ERR,ERR,ERR,ERR,ERR,ERR,ERR,ERR,0.0,-107615352.0,0.0,0.0,0.0,1.3936040501711995e+18,7.805,0.0,0,0,4,0,7116,0.0,100,0.0,0.0,0.0,0.0,0.0,0,0,0,0,0.0,0,0,0,0,0,0,0,0,0,0,0,0,0,0,0,0,0,0,0,0,0,0,0,0,0,0,0,0,0,0,0,0,0,31,40,40,71,65476,0,300,0,0,8,21553,0.0,-107605600.0,0.0,0.0,0.0,0.0,0.0,0.0,0.0,0.0,0.0,0.0,0.0,0.0,0.0,0.0,0.0,0.0,0.0,0.0,0.0,0.0,0.0,-2.004,-2.004,2.004,0.0,0.0,0.0,0.0,4515.0,2.004,6920.0,0.0,-107615352.0,-107615184.0,-107615304.0,0.0,0.0,0.0,0.0,69,-0.0,-107614624.0,0.0,0.0,0.0,0.0,0.0,0.0,0.0,0,0,0,0.0,0.0,0.0,0.0,0.0,0.0,0.0,0.0,0.0,0.0,0.0,0.0,0.0,0.0,0.0,0.0,0,-107875648.0,69,0.0,138,0.0,2.6474604965001363e+23,0,52429,17084,26215,17097,26215,17076,0,0,0,70,68,100,0.0,82.1,0.0,77.6,0.0,78.5,1,49,50,180,0,0,0,0,0.0,0.0,0.0,0.0,-0.0,67.0,0.0,162057.094,0.0,965,0,985,0,0,0,944,0,1007,0,902,0,786,0,775,0,821,0,7520,0.032,1.0232178353385767e+19,0.0,0.0,784,16797,-0.0,162057.094,-114818.039,-0.0,0.133,6.909358625270745e+28,30.0,70.0,35,0.0,0.0,0.0,0.0,0.0,0.0,0.0,0.0,0.0,0.0,0.0,0.0,0.0,0.0,0.0,0.0,66.4,0,150,71,51,65476,0,300,0,0,8,20529,65476,0,0,44564,70.0,0.0,0.0,0.0,0.0,0.0
2026-09-10T21:59:38,ERR,ERR,ERR,ERR,ERR,ERR,ERR,ERR,ERR,ERR,ERR,ERR,ERR,ERR,ERR,ERR,ERR,ERR,ERR,ERR,ERR,ERR,ERR,ERR,ERR,ERR,ERR,ERR,ERR,ERR,ERR,ERR,ERR,ERR,ERR,ERR,ERR,ERR,ERR,ERR,ERR,ERR,ERR,ERR,ERR,ERR,ERR,ERR,ERR,ERR,ERR,ERR,ERR,ERR,ERR,ERR,ERR,ERR,ERR,ERR,ERR,ERR,ERR,ERR,ERR,ERR,ERR,ERR,ERR,ERR,ERR,ERR,ERR,ERR,ERR,ERR,ERR,ERR,ERR,ERR,ERR,ERR,ERR,ERR,ERR,ERR,ERR,ERR,ERR,ERR,ERR,ERR,ERR,ERR,ERR,ERR,ERR,ERR,ERR,ERR,ERR,ERR,ERR,ERR,ERR,ERR,ERR,ERR,ERR,ERR,ERR,ERR,ERR,ERR,ERR,ERR,ERR,ERR,ERR,ERR,ERR,ERR,ERR,ERR,ERR,0.0,-107615352.0,0.0,0.0,0.0,1.3936040501711995e+18,7.805,0.0,0,0,4,0,7116,0.0,100,0.0,0.0,0.0,0.0,0.0,0,0,0,0,0.0,0,0,0,0,0,0,0,0,0,0,0,0,0,0,0,0,0,0,0,0,0,0,0,0,0,0,0,0,0,0,0,0,0,31,40,40,71,65476,0,300,0,0,8,21553,0.0,-107605600.0,0.0,0.0,0.0,0.0,0.0,0.0,0.0,0.0,0.0,0.0,0.0,0.0,0.0,0.0,0.0,0.0,0.0,0.0,0.0,0.0,0.0,-2.004,-2.004,2.004,0.0,0.0,0.0,0.0,4515.0,2.004,6920.0,0.0,-107615352.0,-107615184.0,-107615304.0,0.0,0.0,0.0,0.0,69,-0.0,-107614624.0,0.0,0.0,0.0,0.0,0.0,0.0,0.0,0,0,0,0.0,0.0,0.0,0.0,0.0,0.0,0.0,0.0,0.0,0.0,0.0,0.0,0.0,0.0,0.0,0.0,0,-107875648.0,69,0.0,138,0.0,2.6474604965001363e+23,0,0,17085,26215,17097,39322,17076,0,0,0,70,68,100,0.0,82.0,0.0,77.6,0.0,78.5,1,49,50,180,52429,0,0,0,0.0,0.0,0.0,0.0,-0.0,67.0,0.0,162057.094,0.0,965,0,985,0,0,0,944,0,1007,0,902,0,786,0,775,0,821,0,7520,0.032,1.016012075934784e+19,0.0,0.0,784,16797,-0.0,162057.094,-114818.039,-0.0,0.133,6.909358625270745e+28,30.0,70.0,35,0.0,0.0,0.0,0.0,0.0,0.0,0.0,0.0,0.0,0.0,0.0,0.0,0.0,0.0,0.0,0.0,66.4,0,150,71,51,65476,0,300,0,0,8,20529,65476,0,0,44564,70.0,0.0,0.0,0.0,0.0,0.0
2026-09-10T21:59:39,ERR,ERR,ERR,ERR,ERR,ERR,ERR,ERR,ERR,ERR,ERR,ERR,ERR,ERR,ERR,ERR,ERR,ERR,ERR,ERR,ERR,ERR,ERR,ERR,ERR,ERR,ERR,ERR,ERR,ERR,ERR,ERR,ERR,ERR,ERR,ERR,ERR,ERR,ERR,ERR,ERR,ERR,ERR,ERR,ERR,ERR,ERR,ERR,ERR,ERR,ERR,ERR,ERR,ERR,ERR,ERR,ERR,ERR,ERR,ERR,ERR,ERR,ERR,ERR,ERR,ERR,ERR,ERR,ERR,ERR,ERR,ERR,ERR,ERR,ERR,ERR,ERR,ERR,ERR,ERR,ERR,ERR,ERR,ERR,ERR,ERR,ERR,ERR,ERR,ERR,ERR,ERR,ERR,ERR,ERR,ERR,ERR,ERR,ERR,ERR,ERR,ERR,ERR,ERR,ERR,ERR,ERR,ERR,ERR,ERR,ERR,ERR,ERR,ERR,ERR,ERR,ERR,ERR,ERR,ERR,ERR,ERR,ERR,ERR,ERR,0.0,-107615352.0,0.0,0.0,0.0,1.3936040501711995e+18,7.805,0.0,0,0,4,0,7116,0.0,100,0.0,0.0,0.0,0.0,0.0,0,0,0,0,0.0,0,0,0,0,0,0,0,0,0,0,0,0,0,0,0,0,0,0,0,0,0,0,0,0,0,0,0,0,0,0,0,0,0,31,40,40,71,65476,0,300,0,0,8,21553,0.0,-107605600.0,0.0,0.0,0.0,0.0,0.0,0.0,0.0,0.0,0.0,0.0,0.0,0.0,0.0,0.0,0.0,0.0,0.0,0.0,0.0,0.0,0.0,-2.004,-2.004,2.004,0.0,0.0,0.0,0.0,4515.0,2.004,6920.0,0.0,-107615352.0,-107615184.0,-107615304.0,0.0,0.0,0.0,0.0,69,-0.0,-107614624.0,0.0,0.0,0.0,0.0,0.0,0.0,0.0,0,0,0,0.0,0.0,0.0,0.0,0.0,0.0,0.0,0.0,0.0,0.0,0.0,0.0,0.0,0.0,0.0,0.0,0,-107875648.0,69,0.0,138,0.0,2.6474604965001363e+23,0,0,17085,26215,17097,39322,17076,0,0,0,70,68,100,0.0,82.0,0.0,77.6,0.0,78.5,1,49,50,180,52429,0,0,0,0.0,0.0,0.0,0.0,-0.0,67.0,0.0,162057.094,0.0,965,0,985,0,0,0,944,0,1007,0,902,0,786,0,775,0,821,0,7520,0.032,1.016012075934784e+19,0.0,0.0,784,16797,-0.0,162057.094,-114818.039,-0.0,0.133,6.909358625270745e+28,30.0,70.0,35,0.0,0.0,0.0,0.0,0.0,0.0,0.0,0.0,0.0,0.0,0.0,0.0,0.0,0.0,0.0,0.0,66.4,0,150,71,51,65476,0,300,0,0,8,20529,65476,0,0,44564,70.0,0.0,0.0,0.0,0.0,0.0
2026-09-10T21:59:40,ERR,ERR,ERR,ERR,ERR,ERR,ERR,ERR,ERR,ERR,ERR,ERR,ERR,ERR,ERR,ERR,ERR,ERR,ERR,ERR,ERR,ERR,ERR,ERR,ERR,ERR,ERR,ERR,ERR,ERR,ERR,ERR,ERR,ERR,ERR,ERR,ERR,ERR,ERR,ERR,ERR,ERR,ERR,ERR,ERR,ERR,ERR,ERR,ERR,ERR,ERR,ERR,ERR,ERR,ERR,ERR,ERR,ERR,ERR,ERR,ERR,ERR,ERR,ERR,ERR,ERR,ERR,ERR,ERR,ERR,ERR,ERR,ERR,ERR,ERR,ERR,ERR,ERR,ERR,ERR,ERR,ERR,ERR,ERR,ERR,ERR,ERR,ERR,ERR,ERR,ERR,ERR,ERR,ERR,ERR,ERR,ERR,ERR,ERR,ERR,ERR,ERR,ERR,ERR,ERR,ERR,ERR,ERR,ERR,ERR,ERR,ERR,ERR,ERR,ERR,ERR,ERR,ERR,ERR,ERR,ERR,ERR,ERR,ERR,ERR,0.0,-107615352.0,0.0,0.0,0.0,1.3936040501711995e+18,7.805,0.0,0,0,4,0,7116,0.0,100,0.0,0.0,0.0,0.0,0.0,0,0,0,0,0.0,0,0,0,0,0,0,0,0,0,0,0,0,0,0,0,0,0,0,0,0,0,0,0,0,0,0,0,0,0,0,0,0,0,31,40,40,71,65476,0,300,0,0,8,21553,0.0,-107605600.0,0.0,0.0,0.0,0.0,0.0,0.0,0.0,0.0,0.0,0.0,0.0,0.0,0.0,0.0,0.0,0.0,0.0,0.0,0.0,0.0,0.0,-2.004,-2.004,2.004,0.0,0.0,0.0,0.0,4515.0,2.004,6920.0,0.0,-107615352.0,-107615184.0,-107615304.0,0.0,0.0,0.0,0.0,69,-0.0,-107614624.0,0.0,0.0,0.0,0.0,0.0,0.0,0.0,0,0,0,0.0,0.0,0.0,0.0,0.0,0.0,0.0,0.0,0.0,0.0,0.0,0.0,0.0,0.0,0.0,0.0,0,-107875648.0,69,0.0,138,0.0,2.6474604965001363e+23,0,0,17085,26215,17097,39322,17076,0,0,0,70,68,100,0.0,82.0,0.0,77.6,0.0,78.5,1,49,50,180,52429,0,0,0,0.0,0.0,0.0,0.0,-0.0,67.0,0.0,162057.094,0.0,965,0,985,0,0,0,944,0,1007,0,902,0,786,0,775,0,821,0,7520,0.032,1.016012075934784e+19,0.0,0.0,784,16797,-0.0,162057.094,-114818.039,-0.0,0.133,6.909358625270745e+28,30.0,70.0,35,0.0,0.0,0.0,0.0,0.0,0.0,0.0,0.0,0.0,0.0,0.0,0.0,0.0,0.0,0.0,0.0,66.4,0,150,71,51,65476,0,300,0,0,8,20529,65476,0,0,44564,70.0,0.0,0.0,0.0,0.0,0.0
2026-09-10T21:59:41,ERR,ERR,ERR,ERR,ERR,ERR,ERR,ERR,ERR,ERR,ERR,ERR,ERR,ERR,ERR,ERR,ERR,ERR,ERR,ERR,ERR,ERR,ERR,ERR,ERR,ERR,ERR,ERR,ERR,ERR,ERR,ERR,ERR,ERR,ERR,ERR,ERR,ERR,ERR,ERR,ERR,ERR,ERR,ERR,ERR,ERR,ERR,ERR,ERR,ERR,ERR,ERR,ERR,ERR,ERR,ERR,ERR,ERR,ERR,ERR,ERR,ERR,ERR,ERR,ERR,ERR,ERR,ERR,ERR,ERR,ERR,ERR,ERR,ERR,ERR,ERR,ERR,ERR,ERR,ERR,ERR,ERR,ERR,ERR,ERR,ERR,ERR,ERR,ERR,ERR,ERR,ERR,ERR,ERR,ERR,ERR,ERR,ERR,ERR,ERR,ERR,ERR,ERR,ERR,ERR,ERR,ERR,ERR,ERR,ERR,ERR,ERR,ERR,ERR,ERR,ERR,ERR,ERR,ERR,ERR,ERR,ERR,ERR,ERR,ERR,0.0,-107615352.0,0.0,0.0,0.0,1.3936040501711995e+18,7.805,0.0,0,0,4,0,7116,0.0,100,0.0,0.0,0.0,0.0,0.0,0,0,0,0,0.0,0,0,0,0,0,0,0,0,0,0,0,0,0,0,0,0,0,0,0,0,0,0,0,0,0,0,0,0,0,0,0,0,0,31,40,40,71,65476,0,300,0,0,8,21553,0.0,-107605600.0,0.0,0.0,0.0,0.0,0.0,0.0,0.0,0.0,0.0,0.0,0.0,0.0,0.0,0.0,0.0,0.0,0.0,0.0,0.0,0.0,0.0,-2.004,-2.004,2.004,0.0,0.0,0.0,0.0,4515.0,2.004,6920.0,0.0,-107615352.0,-107615184.0,-107615304.0,0.0,0.0,0.0,0.0,69,-0.0,-107614624.0,0.0,0.0,0.0,0.0,0.0,0.0,0.0,0,0,0,0.0,0.0,0.0,0.0,0.0,0.0,0.0,0.0,0.0,0.0,0.0,0.0,0.0,0.0,0.0,0.0,0,-107875648.0,69,0.0,138,0.0,2.6474604965001363e+23,0,0,17085,26215,17097,39322,17076,0,0,0,70,68,100,0.0,82.0,0.0,77.6,0.0,78.5,1,49,50,180,52429,0,0,0,0.0,0.0,0.0,0.0,-0.0,67.0,0.0,162057.094,0.0,965,0,985,0,0,0,944,0,1007,0,902,0,786,0,775,0,821,0,7520,0.032,1.016012075934784e+19,0.0,0.0,784,16797,-0.0,162057.094,-114818.039,-0.0,0.133,6.909358625270745e+28,30.0,70.0,35,0.0,0.0,0.0,0.0,0.0,0.0,0.0,0.0,0.0,0.0,0.0,0.0,0.0,0.0,0.0,0.0,66.4,0,150,71,51,65476,0,300,0,0,8,20529,65476,0,0,44564,70.0,0.0,0.0,0.0,0.0,0.0
2026-09-10T21:59:42,ERR,ERR,ERR,ERR,ERR,ERR,ERR,ERR,ERR,ERR,ERR,ERR,ERR,ERR,ERR,ERR,ERR,ERR,ERR,ERR,ERR,ERR,ERR,ERR,ERR,ERR,ERR,ERR,ERR,ERR,ERR,ERR,ERR,ERR,ERR,ERR,ERR,ERR,ERR,ERR,ERR,ERR,ERR,ERR,ERR,ERR,ERR,ERR,ERR,ERR,ERR,ERR,ERR,ERR,ERR,ERR,ERR,ERR,ERR,ERR,ERR,ERR,ERR,ERR,ERR,ERR,ERR,ERR,ERR,ERR,ERR,ERR,ERR,ERR,ERR,ERR,ERR,ERR,ERR,ERR,ERR,ERR,ERR,ERR,ERR,ERR,ERR,ERR,ERR,ERR,ERR,ERR,ERR,ERR,ERR,ERR,ERR,ERR,ERR,ERR,ERR,ERR,ERR,ERR,ERR,ERR,ERR,ERR,ERR,ERR,ERR,ERR,ERR,ERR,ERR,ERR,ERR,ERR,ERR,ERR,ERR,ERR,ERR,ERR,ERR,0.0,-107615352.0,0.0,0.0,0.0,1.3936040501711995e+18,7.805,0.0,0,0,4,0,7116,0.0,100,0.0,0.0,0.0,0.0,0.0,0,0,0,0,0.0,0,0,0,0,0,0,0,0,0,0,0,0,0,0,0,0,0,0,0,0,0,0,0,0,0,0,0,0,0,0,0,0,0,31,40,40,71,65476,0,300,0,0,8,21553,0.0,-107605600.0,0.0,0.0,0.0,0.0,0.0,0.0,0.0,0.0,0.0,0.0,0.0,0.0,0.0,0.0,0.0,0.0,0.0,0.0,0.0,0.0,0.0,-2.004,-2.004,2.004,0.0,0.0,0.0,0.0,4515.0,2.004,6920.0,0.0,-107615352.0,-107615184.0,-107615304.0,0.0,0.0,0.0,0.0,69,-0.0,-107614624.0,0.0,0.0,0.0,0.0,0.0,0.0,0.0,0,0,0,0.0,0.0,0.0,0.0,0.0,0.0,0.0,0.0,0.0,0.0,0.0,0.0,0.0,0.0,0.0,0.0,0,-107875648.0,69,0.0,138,0.0,2.6474604965001363e+23,0,0,17085,26215,17097,39322,17076,0,0,0,70,68,100,0.0,82.0,0.0,77.6,0.0,78.5,1,49,50,180,52429,0,0,0,0.0,0.0,0.0,0.0,-0.0,67.0,0.0,162057.094,0.0,965,0,985,0,0,0,944,0,1007,0,902,0,786,0,775,0,821,0,7520,0.032,1.016012075934784e+19,0.0,0.0,784,16797,-0.0,162057.094,-114818.039,-0.0,0.133,6.909358625270745e+28,30.0,70.0,35,0.0,0.0,0.0,0.0,0.0,0.0,0.0,0.0,0.0,0.0,0.0,0.0,0.0,0.0,0.0,0.0,66.4,0,150,71,51,65476,0,300,0,0,8,20529,65476,0,0,44564,70.0,0.0,0.0,0.0,0.0,0.0
2026-09-10T21:59:43,ERR,ERR,ERR,ERR,ERR,ERR,ERR,ERR,ERR,ERR,ERR,ERR,ERR,ERR,ERR,ERR,ERR,ERR,ERR,ERR,ERR,ERR,ERR,ERR,ERR,ERR,ERR,ERR,ERR,ERR,ERR,ERR,ERR,ERR,ERR,ERR,ERR,ERR,ERR,ERR,ERR,ERR,ERR,ERR,ERR,ERR,ERR,ERR,ERR,ERR,ERR,ERR,ERR,ERR,ERR,ERR,ERR,ERR,ERR,ERR,ERR,ERR,ERR,ERR,ERR,ERR,ERR,ERR,ERR,ERR,ERR,ERR,ERR,ERR,ERR,ERR,ERR,ERR,ERR,ERR,ERR,ERR,ERR,ERR,ERR,ERR,ERR,ERR,ERR,ERR,ERR,ERR,ERR,ERR,ERR,ERR,ERR,ERR,ERR,ERR,ERR,ERR,ERR,ERR,ERR,ERR,ERR,ERR,ERR,ERR,ERR,ERR,ERR,ERR,ERR,ERR,ERR,ERR,ERR,ERR,ERR,ERR,ERR,ERR,ERR,0.0,-107615352.0,0.0,0.0,0.0,1.3936040501711995e+18,7.805,0.0,0,0,4,0,7116,0.0,100,0.0,0.0,0.0,0.0,0.0,0,0,0,0,0.0,0,0,0,0,0,0,0,0,0,0,0,0,0,0,0,0,0,0,0,0,0,0,0,0,0,0,0,0,0,0,0,0,0,31,40,40,71,65476,0,300,0,0,8,21553,0.0,-107605600.0,0.0,0.0,0.0,0.0,0.0,0.0,0.0,0.0,0.0,0.0,0.0,0.0,0.0,0.0,0.0,0.0,0.0,0.0,0.0,0.0,0.0,-2.004,-2.004,2.004,0.0,0.0,0.0,0.0,4515.0,2.004,6920.0,0.0,-107615352.0,-107615184.0,-107615304.0,0.0,0.0,0.0,0.0,69,-0.0,-107614624.0,0.0,0.0,0.0,0.0,0.0,0.0,0.0,0,0,0,0.0,0.0,0.0,0.0,0.0,0.0,0.0,0.0,0.0,0.0,0.0,0.0,0.0,0.0,0.0,0.0,0,-107875648.0,69,0.0,138,0.0,2.6474604965001363e+23,0,0,17085,26215,17097,39322,17076,0,0,0,70,68,100,0.0,82.0,0.0,77.6,0.0,78.5,1,49,50,180,52429,0,0,0,0.0,0.0,0.0,0.0,-0.0,67.0,0.0,162057.094,0.0,965,0,985,0,0,0,944,0,1007,0,902,0,786,0,775,0,821,0,7520,0.032,1.016012075934784e+19,0.0,0.0,784,16797,-0.0,162057.094,-114818.039,-0.0,0.133,6.909358625270745e+28,30.0,70.0,35,0.0,0.0,0.0,0.0,0.0,0.0,0.0,0.0,0.0,0.0,0.0,0.0,0.0,0.0,0.0,0.0,66.4,0,150,71,51,65476,0,300,0,0,8,20529,65476,0,0,44564,70.0,0.0,0.0,0.0,0.0,0.0
2026-09-10T21:59:44,ERR,ERR,ERR,ERR,ERR,ERR,ERR,ERR,ERR,ERR,ERR,ERR,ERR,ERR,ERR,ERR,ERR,ERR,ERR,ERR,ERR,ERR,ERR,ERR,ERR,ERR,ERR,ERR,ERR,ERR,ERR,ERR,ERR,ERR,ERR,ERR,ERR,ERR,ERR,ERR,ERR,ERR,ERR,ERR,ERR,ERR,ERR,ERR,ERR,ERR,ERR,ERR,ERR,ERR,ERR,ERR,ERR,ERR,ERR,ERR,ERR,ERR,ERR,ERR,ERR,ERR,ERR,ERR,ERR,ERR,ERR,ERR,ERR,ERR,ERR,ERR,ERR,ERR,ERR,ERR,ERR,ERR,ERR,ERR,ERR,ERR,ERR,ERR,ERR,ERR,ERR,ERR,ERR,ERR,ERR,ERR,ERR,ERR,ERR,ERR,ERR,ERR,ERR,ERR,ERR,ERR,ERR,ERR,ERR,ERR,ERR,ERR,ERR,ERR,ERR,ERR,ERR,ERR,ERR,ERR,ERR,ERR,ERR,ERR,ERR,0.0,-107615352.0,0.0,0.0,0.0,1.3936040501711995e+18,7.805,0.0,0,0,4,0,7116,0.0,100,0.0,0.0,0.0,0.0,0.0,0,0,0,0,0.0,0,0,0,0,0,0,0,0,0,0,0,0,0,0,0,0,0,0,0,0,0,0,0,0,0,0,0,0,0,0,0,0,0,31,40,40,71,65476,0,300,0,0,8,21553,0.0,-107605600.0,0.0,0.0,0.0,0.0,0.0,0.0,0.0,0.0,0.0,0.0,0.0,0.0,0.0,0.0,0.0,0.0,0.0,0.0,0.0,0.0,0.0,-2.004,-2.004,2.004,0.0,0.0,0.0,0.0,4517.0,131350.203,6921.0,0.0,-107615352.0,-107615184.0,-107615304.0,0.0,0.0,0.0,0.0,69,-0.0,-152016944889856.0,0.0,0.0,0.0,0.0,0.0,0.0,0.0,0,0,0,0.0,0.0,0.0,0.0,0.0,0.0,0.0,0.0,0.0,0.0,0.0,0.0,0.0,0.0,0.0,0.0,0,-107875648.0,69,0.0,138,0.0,2.6474604965001363e+23,0,0,17085,26215,17097,39322,17076,0,0,0,70,68,100,0.0,82.0,0.0,77.6,0.0,78.5,1,49,50,180,52429,0,0,0,0.0,0.0,0.0,0.0,-0.0,67.0,0.0,162057.094,0.0,965,0,985,0,0,0,945,0,1007,0,903,0,786,0,775,0,821,0,7520,0.032,1.016012075934784e+19,0.0,0.0,784,16797,-0.0,162057.094,-114818.039,-0.0,0.133,6.909358625270745e+28,30.0,70.0,35,0.0,0.0,0.0,0.0,0.0,0.0,0.0,0.0,0.0,0.0,0.0,0.0,0.0,0.0,0.0,0.0,66.4,0,150,71,51,65476,0,300,0,0,8,20529,65476,0,0,44564,70.0,0.0,0.0,0.0,0.0,0.0
2026-09-10T21:59:45,ERR,ERR,ERR,ERR,ERR,ERR,ERR,ERR,ERR,ERR,ERR,ERR,ERR,ERR,ERR,ERR,ERR,ERR,ERR,ERR,ERR,ERR,ERR,ERR,ERR,ERR,ERR,ERR,ERR,ERR,ERR,ERR,ERR,ERR,ERR,ERR,ERR,ERR,ERR,ERR,ERR,ERR,ERR,ERR,ERR,ERR,ERR,ERR,ERR,ERR,ERR,ERR,ERR,ERR,ERR,ERR,ERR,ERR,ERR,ERR,ERR,ERR,ERR,ERR,ERR,ERR,ERR,ERR,ERR,ERR,ERR,ERR,ERR,ERR,ERR,ERR,ERR,ERR,ERR,ERR,ERR,ERR,ERR,ERR,ERR,ERR,ERR,ERR,ERR,ERR,ERR,ERR,ERR,ERR,ERR,ERR,ERR,ERR,ERR,ERR,ERR,ERR,ERR,ERR,ERR,ERR,ERR,ERR,ERR,ERR,ERR,ERR,ERR,ERR,ERR,ERR,ERR,ERR,ERR,ERR,ERR,ERR,ERR,ERR,ERR,0.0,-107615352.0,0.0,0.0,0.0,1.3936040501711995e+18,7.805,0.0,0,0,4,0,7116,0.0,100,0.0,0.0,0.0,0.0,0.0,0,0,0,0,0.0,0,0,0,0,0,0,0,0,0,0,0,0,0,0,0,0,0,0,0,0,0,0,0,0,0,0,0,0,0,0,0,0,0,31,40,40,71,65476,0,300,0,0,8,21553,0.0,-107605600.0,0.0,0.0,0.0,0.0,0.0,0.0,0.0,0.0,0.0,0.0,0.0,0.0,0.0,0.0,0.0,0.0,0.0,0.0,0.0,0.0,0.0,-2.004,-2.004,2.004,0.0,0.0,0.0,0.0,4517.0,131350.203,6921.0,0.0,-107615352.0,-107615184.0,-107615304.0,0.0,0.0,0.0,0.0,69,-0.0,-152016944889856.0,0.0,0.0,0.0,0.0,0.0,0.0,0.0,0,0,0,0.0,0.0,0.0,0.0,0.0,0.0,0.0,0.0,0.0,0.0,0.0,0.0,0.0,0.0,0.0,0.0,0,-107875648.0,69,0.0,138,0.0,2.6474604965001363e+23,0,0,17085,26215,17097,39322,17076,0,0,0,70,68,100,0.0,82.0,0.0,77.6,0.0,78.5,1,49,50,180,52429,0,0,0,0.0,0.0,0.0,0.0,-0.0,67.0,0.0,162057.094,0.0,965,0,985,0,0,0,945,0,1007,0,903,0,786,0,775,0,821,0,7520,0.032,1.016012075934784e+19,0.0,0.0,784,16797,-0.0,162057.094,-114818.039,-0.0,0.133,6.909358625270745e+28,30.0,70.0,35,0.0,0.0,0.0,0.0,0.0,0.0,0.0,0.0,0.0,0.0,0.0,0.0,0.0,0.0,0.0,0.0,66.4,0,150,71,51,65476,0,300,0,0,8,20529,65476,0,0,44564,70.0,0.0,0.0,0.0,0.0,0.0
2026-09-10T21:59:46,ERR,ERR,ERR,ERR,ERR,ERR,ERR,ERR,ERR,ERR,ERR,ERR,ERR,ERR,ERR,ERR,ERR,ERR,ERR,ERR,ERR,ERR,ERR,ERR,ERR,ERR,ERR,ERR,ERR,ERR,ERR,ERR,ERR,ERR,ERR,ERR,ERR,ERR,ERR,ERR,ERR,ERR,ERR,ERR,ERR,ERR,ERR,ERR,ERR,ERR,ERR,ERR,ERR,ERR,ERR,ERR,ERR,ERR,ERR,ERR,ERR,ERR,ERR,ERR,ERR,ERR,ERR,ERR,ERR,ERR,ERR,ERR,ERR,ERR,ERR,ERR,ERR,ERR,ERR,ERR,ERR,ERR,ERR,ERR,ERR,ERR,ERR,ERR,ERR,ERR,ERR,ERR,ERR,ERR,ERR,ERR,ERR,ERR,ERR,ERR,ERR,ERR,ERR,ERR,ERR,ERR,ERR,ERR,ERR,ERR,ERR,ERR,ERR,ERR,ERR,ERR,ERR,ERR,ERR,ERR,ERR,ERR,ERR,ERR,ERR,0.0,-107615352.0,0.0,0.0,0.0,1.3936040501711995e+18,7.805,0.0,0,0,4,0,7116,0.0,100,0.0,0.0,0.0,0.0,0.0,0,0,0,0,0.0,0,0,0,0,0,0,0,0,0,0,0,0,0,0,0,0,0,0,0,0,0,0,0,0,0,0,0,0,0,0,0,0,0,31,40,40,71,65476,0,300,0,0,8,21553,0.0,-107605600.0,0.0,0.0,0.0,0.0,0.0,0.0,0.0,0.0,0.0,0.0,0.0,0.0,0.0,0.0,0.0,0.0,0.0,0.0,0.0,0.0,0.0,-2.004,-2.004,2.004,0.0,0.0,0.0,0.0,4517.0,131350.203,6921.0,0.0,-107615352.0,-107615184.0,-107615304.0,0.0,0.0,0.0,0.0,69,-0.0,-152016944889856.0,0.0,0.0,0.0,0.0,0.0,0.0,0.0,0,0,0,0.0,0.0,0.0,0.0,0.0,0.0,0.0,0.0,0.0,0.0,0.0,0.0,0.0,0.0,0.0,0.0,0,-107875648.0,69,0.0,138,0.0,2.6474604965001363e+23,0,0,17085,26215,17097,39322,17076,0,0,0,70,68,100,0.0,82.0,0.0,77.6,0.0,78.5,1,49,50,180,52429,0,0,0,0.0,0.0,0.0,0.0,-0.0,67.0,0.0,162057.094,0.0,965,0,985,0,0,0,945,0,1007,0,903,0,786,0,775,0,821,0,7520,0.032,1.016012075934784e+19,0.0,0.0,784,16797,-0.0,162057.094,-114818.039,-0.0,0.133,6.909358625270745e+28,30.0,70.0,35,0.0,0.0,0.0,0.0,0.0,0.0,0.0,0.0,0.0,0.0,0.0,0.0,0.0,0.0,0.0,0.0,66.4,0,150,71,51,65476,0,300,0,0,8,20529,65476,0,0,44564,70.0,0.0,0.0,0.0,0.0,0.0
2026-09-10T21:59:47,ERR,ERR,ERR,ERR,ERR,ERR,ERR,ERR,ERR,ERR,ERR,ERR,ERR,ERR,ERR,ERR,ERR,ERR,ERR,ERR,ERR,ERR,ERR,ERR,ERR,ERR,ERR,ERR,ERR,ERR,ERR,ERR,ERR,ERR,ERR,ERR,ERR,ERR,ERR,ERR,ERR,ERR,ERR,ERR,ERR,ERR,ERR,ERR,ERR,ERR,ERR,ERR,ERR,ERR,ERR,ERR,ERR,ERR,ERR,ERR,ERR,ERR,ERR,ERR,ERR,ERR,ERR,ERR,ERR,ERR,ERR,ERR,ERR,ERR,ERR,ERR,ERR,ERR,ERR,ERR,ERR,ERR,ERR,ERR,ERR,ERR,ERR,ERR,ERR,ERR,ERR,ERR,ERR,ERR,ERR,ERR,ERR,ERR,ERR,ERR,ERR,ERR,ERR,ERR,ERR,ERR,ERR,ERR,ERR,ERR,ERR,ERR,ERR,ERR,ERR,ERR,ERR,ERR,ERR,ERR,ERR,ERR,ERR,ERR,ERR,0.0,-107615352.0,0.0,0.0,0.0,1.3936040501711995e+18,7.805,0.0,0,0,4,0,7116,0.0,100,0.0,0.0,0.0,0.0,0.0,0,0,0,0,0.0,0,0,0,0,0,0,0,0,0,0,0,0,0,0,0,0,0,0,0,0,0,0,0,0,0,0,0,0,0,0,0,0,0,31,40,40,71,65476,0,300,0,0,8,21553,0.0,-107605600.0,0.0,0.0,0.0,0.0,0.0,0.0,0.0,0.0,0.0,0.0,0.0,0.0,0.0,0.0,0.0,0.0,0.0,0.0,0.0,0.0,0.0,-2.004,-2.004,2.004,0.0,0.0,0.0,0.0,4517.0,131350.203,6921.0,0.0,-107615352.0,-107615184.0,-107615304.0,0.0,0.0,0.0,0.0,69,-0.0,-152016944889856.0,0.0,0.0,0.0,0.0,0.0,0.0,0.0,0,0,0,0.0,0.0,0.0,0.0,0.0,0.0,0.0,0.0,0.0,0.0,0.0,0.0,0.0,0.0,0.0,0.0,0,-107875648.0,69,0.0,138,0.0,2.6474604965001363e+23,0,0,17085,26215,17097,39322,17076,0,0,0,70,68,100,0.0,82.0,0.0,77.6,0.0,78.5,1,49,50,180,52429,0,0,0,0.0,0.0,0.0,0.0,-0.0,67.0,0.0,162057.094,0.0,965,0,985,0,0,0,945,0,1007,0,903,0,786,0,775,0,821,0,7520,0.032,1.016012075934784e+19,0.0,0.0,784,16797,-0.0,162057.094,-114818.039,-0.0,0.133,6.909358625270745e+28,30.0,70.0,35,0.0,0.0,0.0,0.0,0.0,0.0,0.0,0.0,0.0,0.0,0.0,0.0,0.0,0.0,0.0,0.0,66.4,0,150,71,51,65476,0,300,0,0,8,20529,65476,0,0,44564,70.0,0.0,0.0,0.0,0.0,0.0
2026-09-10T21:59:48,ERR,ERR,ERR,ERR,ERR,ERR,ERR,ERR,ERR,ERR,ERR,ERR,ERR,ERR,ERR,ERR,ERR,ERR,ERR,ERR,ERR,ERR,ERR,ERR,ERR,ERR,ERR,ERR,ERR,ERR,ERR,ERR,ERR,ERR,ERR,ERR,ERR,ERR,ERR,ERR,ERR,ERR,ERR,ERR,ERR,ERR,ERR,ERR,ERR,ERR,ERR,ERR,ERR,ERR,ERR,ERR,ERR,ERR,ERR,ERR,ERR,ERR,ERR,ERR,ERR,ERR,ERR,ERR,ERR,ERR,ERR,ERR,ERR,ERR,ERR,ERR,ERR,ERR,ERR,ERR,ERR,ERR,ERR,ERR,ERR,ERR,ERR,ERR,ERR,ERR,ERR,ERR,ERR,ERR,ERR,ERR,ERR,ERR,ERR,ERR,ERR,ERR,ERR,ERR,ERR,ERR,ERR,ERR,ERR,ERR,ERR,ERR,ERR,ERR,ERR,ERR,ERR,ERR,ERR,ERR,ERR,ERR,ERR,ERR,ERR,0.0,-107615352.0,0.0,0.0,0.0,1.3936040501711995e+18,7.805,0.0,0,0,4,0,7116,0.0,100,0.0,0.0,0.0,0.0,0.0,0,0,0,0,0.0,0,0,0,0,0,0,0,0,0,0,0,0,0,0,0,0,0,0,0,0,0,0,0,0,0,0,0,0,0,0,0,0,0,31,40,40,71,65476,0,300,0,0,8,21553,0.0,-107605600.0,0.0,0.0,0.0,0.0,0.0,0.0,0.0,0.0,0.0,0.0,0.0,0.0,0.0,0.0,0.0,0.0,0.0,0.0,0.0,0.0,0.0,-2.004,-2.004,2.004,0.0,0.0,0.0,0.0,4517.0,131350.203,6921.0,0.0,-107615352.0,-107615184.0,-107615304.0,0.0,0.0,0.0,0.0,69,-0.0,-152016944889856.0,0.0,0.0,0.0,0.0,0.0,0.0,0.0,0,0,0,0.0,0.0,0.0,0.0,0.0,0.0,0.0,0.0,0.0,0.0,0.0,0.0,0.0,0.0,0.0,0.0,0,-107875648.0,69,0.0,138,0.0,2.6474604965001363e+23,0,0,17085,26215,17097,39322,17076,0,0,0,70,68,100,0.0,82.0,0.0,77.6,0.0,78.5,1,49,50,180,52429,0,0,0,0.0,0.0,0.0,0.0,-0.0,67.0,0.0,162057.094,0.0,965,0,985,0,0,0,945,0,1007,0,903,0,786,0,775,0,821,0,7520,0.032,1.016012075934784e+19,0.0,0.0,784,16797,-0.0,162057.094,-114818.039,-0.0,0.133,6.909358625270745e+28,30.0,70.0,35,0.0,0.0,0.0,0.0,0.0,0.0,0.0,0.0,0.0,0.0,0.0,0.0,0.0,0.0,0.0,0.0,66.8,0,150,71,51,65476,0,300,0,0,8,20529,65476,0,0,44564,70.0,0.0,0.0,0.0,0.0,0.0
2026-09-10T21:59:49,ERR,ERR,ERR,ERR,ERR,ERR,ERR,ERR,ERR,ERR,ERR,ERR,ERR,ERR,ERR,ERR,ERR,ERR,ERR,ERR,ERR,ERR,ERR,ERR,ERR,ERR,ERR,ERR,ERR,ERR,ERR,ERR,ERR,ERR,ERR,ERR,ERR,ERR,ERR,ERR,ERR,ERR,ERR,ERR,ERR,ERR,ERR,ERR,ERR,ERR,ERR,ERR,ERR,ERR,ERR,ERR,ERR,ERR,ERR,ERR,ERR,ERR,ERR,ERR,ERR,ERR,ERR,ERR,ERR,ERR,ERR,ERR,ERR,ERR,ERR,ERR,ERR,ERR,ERR,ERR,ERR,ERR,ERR,ERR,ERR,ERR,ERR,ERR,ERR,ERR,ERR,ERR,ERR,ERR,ERR,ERR,ERR,ERR,ERR,ERR,ERR,ERR,ERR,ERR,ERR,ERR,ERR,ERR,ERR,ERR,ERR,ERR,ERR,ERR,ERR,ERR,ERR,ERR,ERR,ERR,ERR,ERR,ERR,ERR,ERR,0.0,-107615352.0,0.0,0.0,0.0,1.3936040501711995e+18,7.805,0.0,0,0,4,0,7116,0.0,100,0.0,0.0,0.0,0.0,0.0,0,0,0,0,0.0,0,0,0,0,0,0,0,0,0,0,0,0,0,0,0,0,0,0,0,0,0,0,0,0,0,0,0,0,0,0,0,0,0,31,40,40,71,65476,0,300,0,0,8,21553,0.0,-107605600.0,0.0,0.0,0.0,0.0,0.0,0.0,0.0,0.0,0.0,0.0,0.0,0.0,0.0,0.0,0.0,0.0,0.0,0.0,0.0,0.0,0.0,-2.004,-2.004,2.004,0.0,0.0,0.0,0.0,4517.0,131350.203,6921.0,0.0,-107615352.0,-107615184.0,-107615304.0,0.0,0.0,0.0,0.0,69,-0.0,-152016944889856.0,0.0,0.0,0.0,0.0,0.0,0.0,0.0,0,0,0,0.0,0.0,0.0,0.0,0.0,0.0,0.0,0.0,0.0,0.0,0.0,0.0,0.0,0.0,0.0,0.0,0,-107875648.0,69,0.0,138,0.0,2.6474604965001363e+23,0,0,17085,26215,17097,39322,17076,0,0,0,70,68,100,0.0,82.0,0.0,77.6,0.0,78.5,1,49,50,180,52429,0,0,0,0.0,0.0,0.0,0.0,-0.0,67.0,0.0,162057.094,0.0,965,0,985,0,0,0,945,0,1007,0,903,0,786,0,775,0,821,0,7520,0.032,1.016012075934784e+19,0.0,0.0,784,16797,-0.0,162057.094,-114818.039,-0.0,0.133,6.909358625270745e+28,30.0,70.0,35,0.0,0.0,0.0,0.0,0.0,0.0,0.0,0.0,0.0,0.0,0.0,0.0,0.0,0.0,0.0,0.0,66.8,0,150,71,51,65476,0,300,0,0,8,20529,65476,0,0,44564,70.0,0.0,0.0,0.0,0.0,0.0
2026-09-10T21:59:50,ERR,ERR,ERR,ERR,ERR,ERR,ERR,ERR,ERR,ERR,ERR,ERR,ERR,ERR,ERR,ERR,ERR,ERR,ERR,ERR,ERR,ERR,ERR,ERR,ERR,ERR,ERR,ERR,ERR,ERR,ERR,ERR,ERR,ERR,ERR,ERR,ERR,ERR,ERR,ERR,ERR,ERR,ERR,ERR,ERR,ERR,ERR,ERR,ERR,ERR,ERR,ERR,ERR,ERR,ERR,ERR,ERR,ERR,ERR,ERR,ERR,ERR,ERR,ERR,ERR,ERR,ERR,ERR,ERR,ERR,ERR,ERR,ERR,ERR,ERR,ERR,ERR,ERR,ERR,ERR,ERR,ERR,ERR,ERR,ERR,ERR,ERR,ERR,ERR,ERR,ERR,ERR,ERR,ERR,ERR,ERR,ERR,ERR,ERR,ERR,ERR,ERR,ERR,ERR,ERR,ERR,ERR,ERR,ERR,ERR,ERR,ERR,ERR,ERR,ERR,ERR,ERR,ERR,ERR,ERR,ERR,ERR,ERR,ERR,ERR,0.0,-107615352.0,0.0,0.0,0.0,1.3936040501711995e+18,7.805,0.0,0,0,4,0,7116,0.0,100,0.0,0.0,0.0,0.0,0.0,0,0,0,0,0.0,0,0,0,0,0,0,0,0,0,0,0,0,0,0,0,0,0,0,0,0,0,0,0,0,0,0,0,0,0,0,0,0,0,31,40,40,71,65476,0,300,0,0,8,21553,0.0,-107605600.0,0.0,0.0,0.0,0.0,0.0,0.0,0.0,0.0,0.0,0.0,0.0,0.0,0.0,0.0,0.0,0.0,0.0,0.0,0.0,0.0,0.0,-2.004,-2.004,2.004,0.0,0.0,0.0,0.0,4517.0,131350.203,6921.0,0.0,-107615352.0,-107615184.0,-107615304.0,0.0,0.0,0.0,0.0,69,-0.0,-152016944889856.0,0.0,0.0,0.0,0.0,0.0,0.0,0.0,0,0,0,0.0,0.0,0.0,0.0,0.0,0.0,0.0,0.0,0.0,0.0,0.0,0.0,0.0,0.0,0.0,0.0,0,-107875648.0,69,0.0,138,0.0,2.6474604965001363e+23,0,52429,17084,26215,17097,39322,17076,0,0,0,70,68,100,0.0,82.0,0.0,77.6,0.0,78.5,1,49,50,180,0,0,0,0,0.0,0.0,0.0,0.0,-0.0,67.0,0.0,162057.094,0.0,964,0,985,0,0,0,944,0,1007,0,903,0,786,0,775,0,821,0,7520,0.032,1.0232178353385767e+19,0.0,0.0,784,16797,-0.0,162057.094,-114818.039,-0.0,0.133,6.909358625270745e+28,30.0,70.0,35,0.0,0.0,0.0,0.0,0.0,0.0,0.0,0.0,0.0,0.0,0.0,0.0,0.0,0.0,0.0,0.0,66.8,0,150,71,51,65476,0,300,0,0,8,20529,65476,0,0,44564,70.0,0.0,0.0,0.0,0.0,0.0
2026-09-10T21:59:51,ERR,ERR,ERR,ERR,ERR,ERR,ERR,ERR,ERR,ERR,ERR,ERR,ERR,ERR,ERR,ERR,ERR,ERR,ERR,ERR,ERR,ERR,ERR,ERR,ERR,ERR,ERR,ERR,ERR,ERR,ERR,ERR,ERR,ERR,ERR,ERR,ERR,ERR,ERR,ERR,ERR,ERR,ERR,ERR,ERR,ERR,ERR,ERR,ERR,ERR,ERR,ERR,ERR,ERR,ERR,ERR,ERR,ERR,ERR,ERR,ERR,ERR,ERR,ERR,ERR,ERR,ERR,ERR,ERR,ERR,ERR,ERR,ERR,ERR,ERR,ERR,ERR,ERR,ERR,ERR,ERR,ERR,ERR,ERR,ERR,ERR,ERR,ERR,ERR,ERR,ERR,ERR,ERR,ERR,ERR,ERR,ERR,ERR,ERR,ERR,ERR,ERR,ERR,ERR,ERR,ERR,ERR,ERR,ERR,ERR,ERR,ERR,ERR,ERR,ERR,ERR,ERR,ERR,ERR,ERR,ERR,ERR,ERR,ERR,ERR,0.0,-107615352.0,0.0,0.0,0.0,1.3936040501711995e+18,7.805,0.0,0,0,4,0,7116,0.0,100,0.0,0.0,0.0,0.0,0.0,0,0,0,0,0.0,0,0,0,0,0,0,0,0,0,0,0,0,0,0,0,0,0,0,0,0,0,0,0,0,0,0,0,0,0,0,0,0,0,31,40,40,71,65476,0,300,0,0,8,21553,0.0,-107605600.0,0.0,0.0,0.0,0.0,0.0,0.0,0.0,0.0,0.0,0.0,0.0,0.0,0.0,0.0,0.0,0.0,0.0,0.0,0.0,0.0,0.0,-2.004,-2.004,2.004,0.0,0.0,0.0,0.0,4517.0,131350.203,6921.0,0.0,-107615352.0,-107615184.0,-107615304.0,0.0,0.0,0.0,0.0,69,-0.0,-152016944889856.0,0.0,0.0,0.0,0.0,0.0,0.0,0.0,0,0,0,0.0,0.0,0.0,0.0,0.0,0.0,0.0,0.0,0.0,0.0,0.0,0.0,0.0,0.0,0.0,0.0,0,-107875648.0,69,0.0,138,0.0,2.6474604965001363e+23,0,52429,17084,26215,17097,39322,17076,0,0,0,70,68,100,0.0,82.0,0.0,77.6,0.0,78.5,1,49,50,180,0,0,0,0,0.0,0.0,0.0,0.0,-0.0,67.0,0.0,162057.094,0.0,964,0,985,0,0,0,944,0,1007,0,903,0,786,0,775,0,821,0,7520,0.032,1.0232178353385767e+19,0.0,0.0,784,16797,-0.0,162057.094,-114818.039,-0.0,0.133,6.909358625270745e+28,30.0,70.0,35,0.0,0.0,0.0,0.0,0.0,0.0,0.0,0.0,0.0,0.0,0.0,0.0,0.0,0.0,0.0,0.0,66.8,0,150,71,51,65476,0,300,0,0,8,20529,65476,0,0,44564,70.0,0.0,0.0,0.0,0.0,0.0
2026-09-10T21:59:52,ERR,ERR,ERR,ERR,ERR,ERR,ERR,ERR,ERR,ERR,ERR,ERR,ERR,ERR,ERR,ERR,ERR,ERR,ERR,ERR,ERR,ERR,ERR,ERR,ERR,ERR,ERR,ERR,ERR,ERR,ERR,ERR,ERR,ERR,ERR,ERR,ERR,ERR,ERR,ERR,ERR,ERR,ERR,ERR,ERR,ERR,ERR,ERR,ERR,ERR,ERR,ERR,ERR,ERR,ERR,ERR,ERR,ERR,ERR,ERR,ERR,ERR,ERR,ERR,ERR,ERR,ERR,ERR,ERR,ERR,ERR,ERR,ERR,ERR,ERR,ERR,ERR,ERR,ERR,ERR,ERR,ERR,ERR,ERR,ERR,ERR,ERR,ERR,ERR,ERR,ERR,ERR,ERR,ERR,ERR,ERR,ERR,ERR,ERR,ERR,ERR,ERR,ERR,ERR,ERR,ERR,ERR,ERR,ERR,ERR,ERR,ERR,ERR,ERR,ERR,ERR,ERR,ERR,ERR,ERR,ERR,ERR,ERR,ERR,ERR,0.0,-107615352.0,0.0,0.0,0.0,1.3936040501711995e+18,7.805,0.0,0,0,4,0,7116,0.0,100,0.0,0.0,0.0,0.0,0.0,0,0,0,0,0.0,0,0,0,0,0,0,0,0,0,0,0,0,0,0,0,0,0,0,0,0,0,0,0,0,0,0,0,0,0,0,0,0,0,31,40,40,71,65476,0,300,0,0,8,21553,0.0,-107605600.0,0.0,0.0,0.0,0.0,0.0,0.0,0.0,0.0,0.0,0.0,0.0,0.0,0.0,0.0,0.0,0.0,0.0,0.0,0.0,0.0,-2.004,-2.004,-2.004,2.004,0.0,0.0,0.0,0.0,4542.0,1.0406635239469131e+34,6927.0,0.0,-107615352.0,-107615184.0,-107615304.0,0.0,0.0,0.0,0.0,69,-0.0,-3.221995388546138e+26,0.0,0.0,0.0,0.0,0.0,0.0,0.0,0,0,0,0.0,0.0,0.0,0.0,0.0,0.0,0.0,0.0,0.0,0.0,0.0,0.0,0.0,0.0,0.0,0.0,0,-107875648.0,69,0.0,138,0.0,2.6474604965001363e+23,0,52429,17084,26215,17097,39322,17076,0,0,0,70,68,100,0.0,82.0,0.0,77.6,0.0,78.5,1,49,50,180,0,0,0,0,0.0,0.0,0.0,0.0,-0.0,67.0,0.0,162057.094,0.0,964,0,985,0,0,0,944,0,1007,0,903,0,786,0,775,0,821,0,7520,0.032,1.0232178353385767e+19,0.0,0.0,784,16797,-0.0,162057.094,-114818.039,-0.0,0.133,6.909358625270745e+28,30.0,70.0,35,0.0,0.0,0.0,0.0,0.0,0.0,0.0,0.0,0.0,0.0,0.0,0.0,0.0,0.0,0.0,0.0,66.8,0,150,71,51,65476,0,300,0,0,8,20529,65476,0,0,44564,70.0,0.0,0.0,0.0,0.0,0.0
2026-09-10T21:59:53,ERR,ERR,ERR,ERR,ERR,ERR,ERR,ERR,ERR,ERR,ERR,ERR,ERR,ERR,ERR,ERR,ERR,ERR,ERR,ERR,ERR,ERR,ERR,ERR,ERR,ERR,ERR,ERR,ERR,ERR,ERR,ERR,ERR,ERR,ERR,ERR,ERR,ERR,ERR,ERR,ERR,ERR,ERR,ERR,ERR,ERR,ERR,ERR,ERR,ERR,ERR,ERR,ERR,ERR,ERR,ERR,ERR,ERR,ERR,ERR,ERR,ERR,ERR,ERR,ERR,ERR,ERR,ERR,ERR,ERR,ERR,ERR,ERR,ERR,ERR,ERR,ERR,ERR,ERR,ERR,ERR,ERR,ERR,ERR,ERR,ERR,ERR,ERR,ERR,ERR,ERR,ERR,ERR,ERR,ERR,ERR,ERR,ERR,ERR,ERR,ERR,ERR,ERR,ERR,ERR,ERR,ERR,ERR,ERR,ERR,ERR,ERR,ERR,ERR,ERR,ERR,ERR,ERR,ERR,ERR,ERR,ERR,ERR,ERR,ERR,0.0,-107615352.0,0.0,0.0,0.0,1.3936040501711995e+18,7.805,0.0,0,0,4,0,7116,0.0,100,0.0,0.0,0.0,0.0,0.0,0,0,0,0,0.0,0,0,0,0,0,0,0,0,0,0,0,0,0,0,0,0,0,0,0,0,0,0,0,0,0,0,0,0,0,0,0,0,0,31,40,40,71,65476,0,300,0,0,8,21553,0.0,-107605600.0,0.0,0.0,0.0,0.0,0.0,0.0,0.0,0.0,0.0,0.0,0.0,0.0,0.0,0.0,0.0,0.0,0.0,0.0,0.0,0.0,-2.004,-2.004,-2.004,2.004,0.0,0.0,0.0,0.0,4542.0,1.0406635239469131e+34,6927.0,0.0,-107615352.0,-107615184.0,-107615304.0,0.0,0.0,0.0,0.0,69,-0.0,-3.221995388546138e+26,0.0,0.0,0.0,0.0,0.0,0.0,0.0,0,0,0,0.0,0.0,0.0,0.0,0.0,0.0,0.0,0.0,0.0,0.0,0.0,0.0,0.0,0.0,0.0,0.0,0,-107875648.0,69,0.0,138,0.0,2.6474604965001363e+23,0,52429,17084,26215,17097,39322,17076,0,0,0,70,68,100,0.0,82.0,0.0,77.6,0.0,78.5,1,49,50,180,0,0,0,0,0.0,0.0,0.0,0.0,-0.0,67.0,0.0,162057.094,0.0,964,0,985,0,0,0,944,0,1007,0,903,0,786,0,775,0,821,0,7520,0.032,1.0232178353385767e+19,0.0,0.0,784,16797,-0.0,162057.094,-114818.039,-0.0,0.133,6.909358625270745e+28,30.0,70.0,35,0.0,0.0,0.0,0.0,0.0,0.0,0.0,0.0,0.0,0.0,0.0,0.0,0.0,0.0,0.0,0.0,66.8,0,150,71,51,65476,0,300,0,0,8,20529,65476,0,0,44564,70.0,0.0,0.0,0.0,0.0,0.0
2026-09-10T21:59:54,ERR,ERR,ERR,ERR,ERR,ERR,ERR,ERR,ERR,ERR,ERR,ERR,ERR,ERR,ERR,ERR,ERR,ERR,ERR,ERR,ERR,ERR,ERR,ERR,ERR,ERR,ERR,ERR,ERR,ERR,ERR,ERR,ERR,ERR,ERR,ERR,ERR,ERR,ERR,ERR,ERR,ERR,ERR,ERR,ERR,ERR,ERR,ERR,ERR,ERR,ERR,ERR,ERR,ERR,ERR,ERR,ERR,ERR,ERR,ERR,ERR,ERR,ERR,ERR,ERR,ERR,ERR,ERR,ERR,ERR,ERR,ERR,ERR,ERR,ERR,ERR,ERR,ERR,ERR,ERR,ERR,ERR,ERR,ERR,ERR,ERR,ERR,ERR,ERR,ERR,ERR,ERR,ERR,ERR,ERR,ERR,ERR,ERR,ERR,ERR,ERR,ERR,ERR,ERR,ERR,ERR,ERR,ERR,ERR,ERR,ERR,ERR,ERR,ERR,ERR,ERR,ERR,ERR,ERR,ERR,ERR,ERR,ERR,ERR,ERR,0.0,-107615352.0,0.0,0.0,0.0,1.3936040501711995e+18,7.805,0.0,0,0,4,0,7116,0.0,100,0.0,0.0,0.0,0.0,0.0,0,0,0,0,0.0,0,0,0,0,0,0,0,0,0,0,0,0,0,0,0,0,0,0,0,0,0,0,0,0,0,0,0,0,0,0,0,0,0,31,40,40,71,65476,0,300,0,0,8,21553,0.0,-107605600.0,0.0,0.0,0.0,0.0,0.0,0.0,0.0,0.0,0.0,0.0,0.0,0.0,0.0,0.0,0.0,0.0,0.0,0.0,0.0,0.0,-2.004,-2.004,-2.004,2.004,0.0,0.0,0.0,0.0,4542.0,1.0406635239469131e+34,6927.0,0.0,-107615352.0,-107615184.0,-107615304.0,0.0,0.0,0.0,0.0,69,-0.0,-3.221995388546138e+26,0.0,0.0,0.0,0.0,0.0,0.0,0.0,0,0,0,0.0,0.0,0.0,0.0,0.0,0.0,0.0,0.0,0.0,0.0,0.0,0.0,0.0,0.0,0.0,0.0,0,-107875648.0,69,0.0,138,0.0,2.6474604965001363e+23,0,52429,17084,26215,17097,39322,17076,0,0,0,70,68,100,0.0,82.0,0.0,77.6,0.0,78.5,1,49,50,180,0,0,0,0,0.0,0.0,0.0,0.0,-0.0,67.0,0.0,162057.094,0.0,964,0,985,0,0,0,944,0,1007,0,903,0,786,0,775,0,821,0,7520,0.032,1.0232178353385767e+19,0.0,0.0,784,16797,-0.0,162057.094,-114818.039,-0.0,0.133,6.909358625270745e+28,30.0,70.0,35,0.0,0.0,0.0,0.0,0.0,0.0,0.0,0.0,0.0,0.0,0.0,0.0,0.0,0.0,0.0,0.0,66.8,0,150,71,51,65476,0,300,0,0,8,20529,65476,0,0,44564,70.0,0.0,0.0,0.0,0.0,0.0
2026-09-10T21:59:55,ERR,ERR,ERR,ERR,ERR,ERR,ERR,ERR,ERR,ERR,ERR,ERR,ERR,ERR,ERR,ERR,ERR,ERR,ERR,ERR,ERR,ERR,ERR,ERR,ERR,ERR,ERR,ERR,ERR,ERR,ERR,ERR,ERR,ERR,ERR,ERR,ERR,ERR,ERR,ERR,ERR,ERR,ERR,ERR,ERR,ERR,ERR,ERR,ERR,ERR,ERR,ERR,ERR,ERR,ERR,ERR,ERR,ERR,ERR,ERR,ERR,ERR,ERR,ERR,ERR,ERR,ERR,ERR,ERR,ERR,ERR,ERR,ERR,ERR,ERR,ERR,ERR,ERR,ERR,ERR,ERR,ERR,ERR,ERR,ERR,ERR,ERR,ERR,ERR,ERR,ERR,ERR,ERR,ERR,ERR,ERR,ERR,ERR,ERR,ERR,ERR,ERR,ERR,ERR,ERR,ERR,ERR,ERR,ERR,ERR,ERR,ERR,ERR,ERR,ERR,ERR,ERR,ERR,ERR,ERR,ERR,ERR,ERR,ERR,ERR,0.0,-107615352.0,0.0,0.0,0.0,1.3936040501711995e+18,7.805,0.0,0,0,4,0,7116,0.0,100,0.0,0.0,0.0,0.0,0.0,0,0,0,0,0.0,0,0,0,0,0,0,0,0,0,0,0,0,0,0,0,0,0,0,0,0,0,0,0,0,0,0,0,0,0,0,0,0,0,31,40,40,71,65476,0,300,0,0,8,21553,0.0,-107605600.0,0.0,0.0,0.0,0.0,0.0,0.0,0.0,0.0,0.0,0.0,0.0,0.0,0.0,0.0,0.0,0.0,0.0,0.0,0.0,0.0,-2.004,-2.004,-2.004,2.004,0.0,0.0,0.0,0.0,4542.0,1.0406635239469131e+34,6927.0,0.0,-107615352.0,-107615184.0,-107615304.0,0.0,0.0,0.0,0.0,69,-0.0,-3.221995388546138e+26,0.0,0.0,0.0,0.0,0.0,0.0,0.0,0,0,0,0.0,0.0,0.0,0.0,0.0,0.0,0.0,0.0,0.0,0.0,0.0,0.0,0.0,0.0,0.0,0.0,0,-107875648.0,69,0.0,138,0.0,2.6474604965001363e+23,0,0,17085,26215,17097,39322,17076,0,0,0,70,68,100,0.0,82.0,0.0,77.6,0.0,78.5,1,49,50,180,0,0,0,0,0.0,0.0,0.0,0.0,-0.0,67.0,0.0,162057.094,0.0,965,0,985,0,0,0,944,0,1007,0,904,0,786,0,775,0,821,0,7520,0.032,1.0304235947423695e+19,0.0,0.0,784,16797,-0.0,162057.094,-114818.039,-0.0,0.133,6.909358625270745e+28,30.0,70.0,35,0.0,0.0,0.0,0.0,0.0,0.0,0.0,0.0,0.0,0.0,0.0,0.0,0.0,0.0,0.0,0.0,66.8,0,150,71,51,65476,0,300,0,0,8,20529,65476,0,0,44564,70.0,0.0,0.0,0.0,0.0,0.0
2026-09-10T21:59:56,ERR,ERR,ERR,ERR,ERR,ERR,ERR,ERR,ERR,ERR,ERR,ERR,ERR,ERR,ERR,ERR,ERR,ERR,ERR,ERR,ERR,ERR,ERR,ERR,ERR,ERR,ERR,ERR,ERR,ERR,ERR,ERR,ERR,ERR,ERR,ERR,ERR,ERR,ERR,ERR,ERR,ERR,ERR,ERR,ERR,ERR,ERR,ERR,ERR,ERR,ERR,ERR,ERR,ERR,ERR,ERR,ERR,ERR,ERR,ERR,ERR,ERR,ERR,ERR,ERR,ERR,ERR,ERR,ERR,ERR,ERR,ERR,ERR,ERR,ERR,ERR,ERR,ERR,ERR,ERR,ERR,ERR,ERR,ERR,ERR,ERR,ERR,ERR,ERR,ERR,ERR,ERR,ERR,ERR,ERR,ERR,ERR,ERR,ERR,ERR,ERR,ERR,ERR,ERR,ERR,ERR,ERR,ERR,ERR,ERR,ERR,ERR,ERR,ERR,ERR,ERR,ERR,ERR,ERR,ERR,ERR,ERR,ERR,ERR,ERR,0.0,-107615352.0,0.0,0.0,0.0,1.3936040501711995e+18,7.805,0.0,0,0,4,0,7116,0.0,100,0.0,0.0,0.0,0.0,0.0,0,0,0,0,0.0,0,0,0,0,0,0,0,0,0,0,0,0,0,0,0,0,0,0,0,0,0,0,0,0,0,0,0,0,0,0,0,0,0,31,40,40,71,65476,0,300,0,0,8,21553,0.0,-107605600.0,0.0,0.0,0.0,0.0,0.0,0.0,0.0,0.0,0.0,0.0,0.0,0.0,0.0,0.0,0.0,0.0,0.0,0.0,0.0,0.0,-2.004,-2.004,-2.004,2.004,0.0,0.0,0.0,0.0,4542.0,1.0406635239469131e+34,6927.0,0.0,-107615352.0,-107615184.0,-107615304.0,0.0,0.0,0.0,0.0,69,-0.0,-3.221995388546138e+26,0.0,0.0,0.0,0.0,0.0,0.0,0.0,0,0,0,0.0,0.0,0.0,0.0,0.0,0.0,0.0,0.0,0.0,0.0,0.0,0.0,0.0,0.0,0.0,0.0,0,-107875648.0,69,0.0,138,0.0,2.6474604965001363e+23,0,0,17085,26215,17097,39322,17076,0,0,0,70,68,100,0.0,82.0,0.0,77.6,0.0,78.5,1,49,50,180,0,0,0,0,0.0,0.0,0.0,0.0,-0.0,67.0,0.0,162057.094,0.0,965,0,985,0,0,0,944,0,1007,0,904,0,786,0,775,0,821,0,7520,0.032,1.0304235947423695e+19,0.0,0.0,784,16797,-0.0,162057.094,-114818.039,-0.0,0.133,6.909358625270745e+28,30.0,70.0,35,0.0,0.0,0.0,0.0,0.0,0.0,0.0,0.0,0.0,0.0,0.0,0.0,0.0,0.0,0.0,0.0,66.4,0,150,71,51,65476,0,300,0,0,8,20529,65476,0,0,44564,70.0,0.0,0.0,0.0,0.0,0.0
2026-09-10T21:59:57,ERR,ERR,ERR,ERR,ERR,ERR,ERR,ERR,ERR,ERR,ERR,ERR,ERR,ERR,ERR,ERR,ERR,ERR,ERR,ERR,ERR,ERR,ERR,ERR,ERR,ERR,ERR,ERR,ERR,ERR,ERR,ERR,ERR,ERR,ERR,ERR,ERR,ERR,ERR,ERR,ERR,ERR,ERR,ERR,ERR,ERR,ERR,ERR,ERR,ERR,ERR,ERR,ERR,ERR,ERR,ERR,ERR,ERR,ERR,ERR,ERR,ERR,ERR,ERR,ERR,ERR,ERR,ERR,ERR,ERR,ERR,ERR,ERR,ERR,ERR,ERR,ERR,ERR,ERR,ERR,ERR,ERR,ERR,ERR,ERR,ERR,ERR,ERR,ERR,ERR,ERR,ERR,ERR,ERR,ERR,ERR,ERR,ERR,ERR,ERR,ERR,ERR,ERR,ERR,ERR,ERR,ERR,ERR,ERR,ERR,ERR,ERR,ERR,ERR,ERR,ERR,ERR,ERR,ERR,ERR,ERR,ERR,ERR,ERR,ERR,0.0,-107615352.0,0.0,0.0,0.0,1.3936040501711995e+18,7.805,0.0,0,0,4,0,7116,0.0,100,0.0,0.0,0.0,0.0,0.0,0,0,0,0,0.0,0,0,0,0,0,0,0,0,0,0,0,0,0,0,0,0,0,0,0,0,0,0,0,0,0,0,0,0,0,0,0,0,0,31,40,40,71,65476,0,300,0,0,8,21553,0.0,-107605600.0,0.0,0.0,0.0,0.0,0.0,0.0,0.0,0.0,0.0,0.0,0.0,0.0,0.0,0.0,0.0,0.0,0.0,0.0,0.0,0.0,-2.004,-2.004,-2.004,2.004,0.0,0.0,0.0,0.0,4542.0,1.0406635239469131e+34,6927.0,0.0,-107615352.0,-107615184.0,-107615304.0,0.0,0.0,0.0,0.0,69,-0.0,-3.221995388546138e+26,0.0,0.0,0.0,0.0,0.0,0.0,0.0,0,0,0,0.0,0.0,0.0,0.0,0.0,0.0,0.0,0.0,0.0,0.0,0.0,0.0,0.0,0.0,0.0,0.0,0,-107875648.0,69,0.0,138,0.0,2.6474604965001363e+23,0,0,17085,26215,17097,39322,17076,0,0,0,70,68,100,0.0,82.0,0.0,77.6,0.0,78.5,1,49,50,180,0,0,0,0,0.0,0.0,0.0,0.0,-0.0,67.0,0.0,162057.094,0.0,965,0,985,0,0,0,944,0,1007,0,904,0,786,0,775,0,821,0,7520,0.032,1.0304235947423695e+19,0.0,0.0,784,16797,-0.0,162057.094,-114818.039,-0.0,0.133,6.909358625270745e+28,30.0,70.0,35,0.0,0.0,0.0,0.0,0.0,0.0,0.0,0.0,0.0,0.0,0.0,0.0,0.0,0.0,0.0,0.0,66.4,0,150,71,51,65476,0,300,0,0,8,20529,65476,0,0,44564,70.0,0.0,0.0,0.0,0.0,0.0
2026-09-10T21:59:58,ERR,ERR,ERR,ERR,ERR,ERR,ERR,ERR,ERR,ERR,ERR,ERR,ERR,ERR,ERR,ERR,ERR,ERR,ERR,ERR,ERR,ERR,ERR,ERR,ERR,ERR,ERR,ERR,ERR,ERR,ERR,ERR,ERR,ERR,ERR,ERR,ERR,ERR,ERR,ERR,ERR,ERR,ERR,ERR,ERR,ERR,ERR,ERR,ERR,ERR,ERR,ERR,ERR,ERR,ERR,ERR,ERR,ERR,ERR,ERR,ERR,ERR,ERR,ERR,ERR,ERR,ERR,ERR,ERR,ERR,ERR,ERR,ERR,ERR,ERR,ERR,ERR,ERR,ERR,ERR,ERR,ERR,ERR,ERR,ERR,ERR,ERR,ERR,ERR,ERR,ERR,ERR,ERR,ERR,ERR,ERR,ERR,ERR,ERR,ERR,ERR,ERR,ERR,ERR,ERR,ERR,ERR,ERR,ERR,ERR,ERR,ERR,ERR,ERR,ERR,ERR,ERR,ERR,ERR,ERR,ERR,ERR,ERR,ERR,ERR,0.0,-107615352.0,0.0,0.0,0.0,1.3936040501711995e+18,7.805,0.0,0,0,4,0,7116,0.0,100,0.0,0.0,0.0,0.0,0.0,0,0,0,0,0.0,0,0,0,0,0,0,0,0,0,0,0,0,0,0,0,0,0,0,0,0,0,0,0,0,0,0,0,0,0,0,0,0,0,31,40,40,71,65476,0,300,0,0,8,21553,0.0,-107605600.0,0.0,0.0,0.0,0.0,0.0,0.0,0.0,0.0,0.0,0.0,0.0,0.0,0.0,0.0,0.0,0.0,0.0,0.0,0.0,0.0,-2.004,-2.004,-2.004,2.004,0.0,0.0,0.0,0.0,4542.0,1.0406635239469131e+34,6927.0,0.0,-107615352.0,-107615184.0,-107615304.0,0.0,0.0,0.0,0.0,69,-0.0,-3.221995388546138e+26,0.0,0.0,0.0,0.0,0.0,0.0,0.0,0,0,0,0.0,0.0,0.0,0.0,0.0,0.0,0.0,0.0,0.0,0.0,0.0,0.0,0.0,0.0,0.0,0.0,0,-107875648.0,69,0.0,138,0.0,2.6474604965001363e+23,0,0,17085,26215,17097,39322,17076,0,0,0,70,68,100,0.0,82.0,0.0,77.6,0.0,78.5,1,49,50,180,0,0,0,0,0.0,0.0,0.0,0.0,-0.0,67.0,0.0,162057.094,0.0,965,0,985,0,0,0,944,0,1007,0,904,0,786,0,775,0,821,0,7520,0.032,1.0304235947423695e+19,0.0,0.0,784,16797,-0.0,162057.094,-114818.039,-0.0,0.133,6.909358625270745e+28,30.0,70.0,35,0.0,0.0,0.0,0.0,0.0,0.0,0.0,0.0,0.0,0.0,0.0,0.0,0.0,0.0,0.0,0.0,66.4,0,150,71,51,65476,0,300,0,0,8,20529,65476,0,0,44564,70.0,0.0,0.0,0.0,0.0,0.0
2026-09-10T21:59:59,ERR,ERR,ERR,ERR,ERR,ERR,ERR,ERR,ERR,ERR,ERR,ERR,ERR,ERR,ERR,ERR,ERR,ERR,ERR,ERR,ERR,ERR,ERR,ERR,ERR,ERR,ERR,ERR,ERR,ERR,ERR,ERR,ERR,ERR,ERR,ERR,ERR,ERR,ERR,ERR,ERR,ERR,ERR,ERR,ERR,ERR,ERR,ERR,ERR,ERR,ERR,ERR,ERR,ERR,ERR,ERR,ERR,ERR,ERR,ERR,ERR,ERR,ERR,ERR,ERR,ERR,ERR,ERR,ERR,ERR,ERR,ERR,ERR,ERR,ERR,ERR,ERR,ERR,ERR,ERR,ERR,ERR,ERR,ERR,ERR,ERR,ERR,ERR,ERR,ERR,ERR,ERR,ERR,ERR,ERR,ERR,ERR,ERR,ERR,ERR,ERR,ERR,ERR,ERR,ERR,ERR,ERR,ERR,ERR,ERR,ERR,ERR,ERR,ERR,ERR,ERR,ERR,ERR,ERR,ERR,ERR,ERR,ERR,ERR,ERR,0.0,-107615352.0,0.0,0.0,0.0,1.3936040501711995e+18,7.805,0.0,0,0,4,0,7116,0.0,100,0.0,0.0,0.0,0.0,0.0,0,0,0,0,0.0,0,0,0,0,0,0,0,0,0,0,0,0,0,0,0,0,0,0,0,0,0,0,0,0,0,0,0,0,0,0,0,0,0,31,40,40,71,65476,0,300,0,0,8,21553,0.0,-107605600.0,0.0,0.0,0.0,0.0,0.0,0.0,0.0,0.0,0.0,0.0,0.0,0.0,0.0,0.0,0.0,0.0,0.0,0.0,0.0,0.0,-2.004,-2.004,-2.004,2.004,0.0,0.0,0.0,0.0,4542.0,1.0406635239469131e+34,6927.0,0.0,-107615352.0,-107615184.0,-107615304.0,0.0,0.0,0.0,0.0,69,-0.0,-3.221995388546138e+26,0.0,0.0,0.0,0.0,0.0,0.0,0.0,0,0,0,0.0,0.0,0.0,0.0,0.0,0.0,0.0,0.0,0.0,0.0,0.0,0.0,0.0,0.0,0.0,0.0,0,-107875648.0,69,0.0,138,0.0,2.6474604965001363e+23,0,0,17085,26215,17097,39322,17076,0,0,0,70,68,100,0.0,82.0,0.0,77.6,0.0,78.5,1,49,50,180,0,0,0,0,0.0,0.0,0.0,0.0,-0.0,67.0,0.0,162057.094,0.0,965,0,985,0,0,0,944,0,1007,0,904,0,786,0,775,0,821,0,7520,0.032,1.0304235947423695e+19,0.0,0.0,784,16797,-0.0,162057.094,-114818.039,-0.0,0.133,6.909358625270745e+28,30.0,70.0,35,0.0,0.0,0.0,0.0,0.0,0.0,0.0,0.0,0.0,0.0,0.0,0.0,0.0,0.0,0.0,0.0,66.4,0,150,71,51,65476,0,300,0,0,8,20529,65476,0,0,44564,70.0,0.0,0.0,0.0,0.0,0.0
